SSBID1000M,p,m,f,ta
19250006616000,12,7,5,450
19250006617000,146,80,66,5664.8
19250006618000,32,16,16,1721.6
19260006617000,21,13,8,709.8
19380006630000,16,7,9,326.4
19380006806000,4,2,2,0
19390006630000,64,32,32,2553.6
19390006631000,14,7,7,565.6
19390006808000,2,2,0,0
19400006598000,9,4,5,441.9
19400006599000,5,3,2,241
19400006600000,97,53,44,3802.4
19400006601000,174,89,85,6855.6
19400006602000,125,58,67,5387.5
19400006603000,85,48,37,3417
19400006604000,124,64,60,4699.6
19400006605000,36,20,16,1450.8
19400006606000,113,63,50,4373.1
19400006607000,6,3,3,205.2
19400006781000,4,1,3,0
19400006782000,68,37,31,3291.2
19410006597000,48,29,19,1977.6
19410006598000,81,41,40,2891.7
19410006599000,16,10,6,713.6
19410006600000,103,51,52,4387.8
19410006602000,10,5,5,537
19410006603000,46,26,20,1895.2
19410006604000,48,22,26,2256
19410006605000,302,150,152,11898.8
19410006606000,324,172,152,12441.6
19410006607000,132,64,68,4778.4
19410006608000,52,28,24,2142.4
19410006609000,660,343,317,24552
19410006610000,1015,475,540,38062.5
19410006611000,8,4,4,223.2
19410006623000,17,10,7,686.8
19410006771000,13,8,5,711.1
19410006779000,9,3,6,522.9
19410006781000,35,17,18,1347.5
19410006782000,227,115,112,11213.8
19410006783000,1,1,0,0
19420006596000,5,4,1,243
19420006597000,47,26,21,1842.4
19420006598000,236,130,106,9581.6
19420006599000,16,8,8,761.6
19420006606000,100,55,45,3240
19420006607000,94,53,41,4371
19420006608000,656,306,350,22369.6
19420006609000,1715,840,875,66199
19420006610000,1420,702,718,54954
19420006611000,989,500,489,34911.7
19420006612000,170,90,80,6579
19420006614000,22,11,11,675.4
19420006623000,25,13,12,962.5
19420006624000,7,4,3,256.2
19420006757000,1,0,1,0
19420006760000,2,1,1,0
19420006761000,15,7,8,535.5
19420006779000,39,21,18,1727.7
19420006781000,133,59,74,5054
19420006782000,45,17,28,1471.5
19420006807000,8,5,3,530.4
19420006811000,3,2,1,0
19430006596000,90,44,46,3465
19430006597000,1291,632,659,53705.6
19430006598000,111,61,50,3629.7
19430006607000,6,4,2,316.8
19430006609000,312,162,150,9672
19430006610000,445,238,207,12282
19430006611000,353,169,184,13943.5
19430006612000,51,28,23,1611.6
19430006613000,347,179,168,12700.2
19430006614000,321,165,156,12262.2
19430006616000,56,28,28,2312.8
19430006617000,135,73,62,3793.5
19430006618000,28,15,13,966
19430006619000,5,3,2,223
19430006757000,42,22,20,1940.4
19430006758000,4,3,1,0
19430006759000,7,4,3,450.1
19430006760000,27,15,12,1107
19430006761000,64,32,32,3046.4
19430006762000,4,1,3,0
19430006763000,18,7,11,707.4
19430006764000,100,46,54,4440
19430006765000,35,18,17,1515.5
19430006766000,61,36,25,2970.7
19430006767000,42,21,21,2209.2
19430006768000,148,80,68,6630.4
19430006807000,3,1,2,0
19430006808000,2,2,0,0
19430006810000,3,1,2,0
19430006811000,34,18,16,1788.4
19430006812000,4,2,2,0
19430006839000,2,1,1,0
19440006596000,50,26,24,2195
19440006597000,1291,643,648,49961.7
19440006598000,157,84,73,6107.3
19440006599000,4,3,1,0
19440006611000,81,41,40,3823.2
19440006612000,199,110,89,7064.5
19440006613000,1114,554,560,42777.6
19440006614000,398,208,190,14328
19440006616000,117,68,49,4492.8
19440006617000,5,2,3,55
19440006620000,5,3,2,141
19440006646000,24,12,12,1298.4
19440006647000,12,5,7,357.6
19440006756000,14,14,0,488.6
19440006757000,24,13,11,1123.2
19440006759000,146,78,68,4642.8
19440006760000,114,53,61,4605.6
19440006761000,2,1,1,0
19440006762000,2,1,1,0
19440006763000,36,13,23,1756.8
19440006764000,29,15,14,1067.2
19440006765000,5,3,2,313
19440006766000,12,6,6,656.4
19440006768000,21,14,7,1285.2
19440006806000,2,1,1,0
19440006807000,8,3,5,400.8
19440006808000,2,1,1,0
19450006596000,9,6,3,401.4
19450006597000,73,35,38,3029.5
19450006598000,38,19,19,1246.4
19450006599000,30,14,16,1239
19450006600000,3,1,2,0
19450006601000,2,1,1,0
19450006610000,47,23,24,1320.7
19450006611000,179,89,90,4940.4
19450006612000,441,216,225,14773.5
19450006613000,167,88,79,6279.2
19450006614000,51,27,24,1652.4
19450006615000,13,8,5,509.6
19450006616000,3,1,2,0
19450006617000,6,3,3,267
19450006619000,10,5,5,520
19450006620000,202,97,105,7373
19450006621000,6,3,3,244.8
19450006622000,6,3,3,252
19450006623000,14,8,6,715.4
19450006624000,10,6,4,431
19450006625000,6,3,3,382.2
19450006646000,18,10,8,826.2
19450006647000,47,24,23,2429.9
19450006658000,1,1,0,0
19450006676000,1,1,0,0
19450006678000,2,1,1,0
19450006728000,1,1,0,0
19450006752000,61,36,25,2623
19450006753000,226,115,111,8271.6
19450006754000,36,16,20,1566
19450006756000,172,82,90,5796.4
19450006757000,140,68,72,5418
19450006758000,10,4,6,610
19450006759000,7,5,2,240.8
19450006760000,111,55,56,4262.4
19450006761000,80,45,35,3192
19450006762000,1,0,1,0
19450006763000,22,9,13,778.8
19450006766000,8,4,4,510.4
19450006806000,21,10,11,663.6
19450006808000,2,1,1,0
19450006814000,4,2,2,0
19450006815000,58,33,25,2726
19450006816000,11,7,4,567.6
19450006838000,141,75,66,6063
19450006839000,72,36,36,3117.6
19460006597000,6,4,2,196.2
19460006598000,9,5,4,443.7
19460006599000,11,7,4,592.9
19460006600000,31,15,16,1236.9
19460006601000,7,3,4,361.9
19460006611000,223,126,97,8362.5
19460006612000,478,241,237,16969
19460006613000,6,2,4,363
19460006618000,27,12,15,1266.3
19460006619000,33,18,15,1230.9
19460006620000,381,204,177,13982.7
19460006621000,6,3,3,205.8
19460006622000,60,31,29,2790
19460006623000,114,59,55,4229.4
19460006624000,104,52,52,4045.6
19460006625000,85,40,45,3808
19460006626000,5,2,3,231
19460006646000,20,11,9,644
19460006653000,8,5,3,592
19460006655000,2,1,1,0
19460006662000,25,15,10,1170
19460006663000,3,1,2,0
19460006666000,53,31,22,2660.6
19460006667000,54,28,26,2165.4
19460006668000,121,63,58,4573.8
19460006669000,43,22,21,1444.8
19460006674000,6,1,5,147
19460006675000,2,1,1,0
19460006678000,4,2,2,0
19460006681000,12,7,5,640.8
19460006721000,11,5,6,273.9
19460006722000,256,133,123,10265.6
19460006723000,20,14,6,390
19460006729000,47,26,21,1489.9
19460006733000,42,20,22,1638
19460006743000,83,40,43,2556.4
19460006744000,23,11,12,839.5
19460006750000,64,37,27,2553.6
19460006751000,91,47,44,4122.3
19460006753000,219,119,100,9198
19460006754000,26,12,14,1024.4
19460006757000,4,3,1,0
19460006758000,5,3,2,202
19460006784000,6,2,4,394.2
19460006808000,1,1,0,0
19460006817000,2,1,1,0
19460006838000,4,2,2,0
19470006599000,1,1,0,0
19470006600000,3,2,1,0
19470006601000,6,4,2,166.8
19470006602000,8,3,5,396
19470006611000,546,270,276,15834
19470006612000,159,83,76,6709.8
19470006614000,15,8,7,808.5
19470006615000,3,1,2,0
19470006616000,4,2,2,0
19470006617000,8,3,5,328
19470006618000,121,68,53,4525.4
19470006619000,108,57,51,4719.6
19470006620000,111,59,52,3618.6
19470006621000,60,33,27,2556
19470006622000,164,80,84,5740
19470006623000,17,7,10,627.3
19470006624000,67,33,34,2686.7
19470006625000,503,257,246,17655.3
19470006626000,194,102,92,6925.8
19470006629000,227,111,116,7105.1
19470006646000,41,22,19,2013.1
19470006647000,104,58,46,3494.4
19470006650000,20,12,8,882
19470006651000,7,3,4,531.3
19470006654000,15,5,10,687
19470006655000,5,2,3,416
19470006656000,24,13,11,1070.4
19470006662000,14,10,4,336
19470006663000,7,6,1,247.8
19470006667000,86,43,43,2537
19470006668000,90,43,47,4041
19470006669000,220,117,103,7590
19470006670000,93,53,40,3682.8
19470006672000,22,13,9,937.2
19470006677000,6,2,4,231
19470006678000,16,8,8,598.4
19470006679000,6,4,2,247.2
19470006680000,17,7,10,732.7
19470006681000,32,14,18,1612.8
19470006691000,58,30,28,3045
19470006712000,1,1,0,0
19470006717000,37,22,15,1964.7
19470006721000,84,42,42,3099.6
19470006722000,273,139,134,10428.6
19470006723000,21,13,8,846.3
19470006727000,6,3,3,192
19470006728000,59,30,29,2306.9
19470006729000,68,34,34,2883.2
19470006730000,28,15,13,980
19470006732000,51,26,25,1443.3
19470006733000,122,60,62,4489.6
19470006743000,40,20,20,1452
19470006744000,21,12,9,1100.4
19470006749000,289,146,143,9623.7
19470006750000,339,173,166,11085.3
19470006751000,230,115,115,10833
19470006752000,10,6,4,406
19470006753000,29,17,12,1119.4
19470006783000,18,10,8,993.6
19470006784000,13,5,8,331.5
19470006785000,5,4,1,380
19470006807000,2,1,1,0
19470006808000,11,7,4,542.3
19470006815000,3,1,2,0
19470006826000,12,8,4,488.4
19470006839000,7,3,4,371.7
19470006840000,5,3,2,178
19480006602000,3,2,1,0
19480006603000,9,6,3,401.4
19480006604000,2,1,1,0
19480006605000,5,2,3,171
19480006606000,11,7,4,401.5
19480006609000,30,17,13,1023
19480006610000,304,153,151,12676.8
19480006611000,1606,799,807,60706.8
19480006612000,1302,663,639,51689.4
19480006613000,191,90,101,7640
19480006614000,276,143,133,10791.6
19480006615000,231,122,109,6444.9
19480006616000,458,229,229,18778
19480006617000,131,68,63,5724.7
19480006618000,548,290,258,20988.4
19480006619000,786,382,404,29868
19480006620000,451,223,228,20385.2
19480006621000,188,103,85,8084
19480006622000,46,24,22,2065.4
19480006623000,601,298,303,23979.9
19480006624000,750,398,352,27900
19480006625000,173,96,77,7006.5
19480006626000,2089,1190,899,85649
19480006627000,1892,975,917,74166.4
19480006628000,1220,591,629,50142
19480006629000,456,226,230,15686.4
19480006632000,3,1,2,0
19480006633000,41,22,19,1705.6
19480006634000,29,15,14,1165.8
19480006646000,21,13,8,823.2
19480006647000,244,118,126,9686.8
19480006648000,141,57,84,6993.6
19480006651000,5,3,2,323
19480006652000,7,4,3,230.3
19480006656000,2,1,1,0
19480006658000,81,44,37,2818.8
19480006659000,36,19,17,1756.8
19480006665000,28,16,12,1024.8
19480006666000,91,50,41,2802.8
19480006667000,74,39,35,2301.4
19480006668000,12,5,7,254.4
19480006669000,189,104,85,5594.4
19480006670000,86,44,42,3758.2
19480006672000,19,12,7,1031.7
19480006673000,10,6,4,446
19480006676000,9,3,6,376.2
19480006677000,9,5,4,366.3
19480006680000,22,13,9,847
19480006691000,14,8,6,628.6
19480006692000,61,32,29,2311.9
19480006693000,18,10,8,901.8
19480006694000,29,13,16,1484.8
19480006706000,26,12,14,967.2
19480006711000,24,12,12,1017.6
19480006716000,63,30,33,2778.3
19480006717000,13,8,5,507
19480006721000,19,10,9,600.4
19480006727000,32,16,16,1148.8
19480006728000,38,25,13,1527.6
19480006730000,110,54,56,3421
19480006731000,157,81,76,5683.4
19480006732000,150,84,66,5265
19480006733000,120,65,55,4236
19480006734000,30,16,14,1149
19480006736000,1,0,1,0
19480006738000,32,16,16,1286.4
19480006739000,12,6,6,387.6
19480006740000,145,74,71,5336
19480006741000,32,16,16,1203.2
19480006743000,3,1,2,0
19480006746000,189,96,93,6331.5
19480006747000,236,119,117,8732
19480006748000,341,177,164,11798.6
19480006749000,220,111,109,7194
19480006750000,18,11,7,455.4
19480006784000,16,7,9,748.8
19480006812000,6,3,3,219
19480006813000,16,8,8,956.8
19480006814000,2,1,1,0
19480006816000,8,3,5,344.8
19480006819000,2,1,1,0
19480006820000,1,1,0,0
19480006838000,1,1,0,0
19490006605000,3,2,1,0
19490006606000,85,50,35,2822
19490006607000,63,32,31,2658.6
19490006608000,172,83,89,6759.6
19490006609000,306,157,149,12117.6
19490006610000,1007,501,506,36050.6
19490006611000,1101,554,547,45691.5
19490006612000,795,400,395,29574
19490006613000,10,6,4,299
19490006614000,7,5,2,247.8
19490006616000,23,11,12,1087.9
19490006617000,3,1,2,0
19490006618000,6,6,0,238.8
19490006619000,147,64,83,4307.1
19490006621000,121,52,69,5057.8
19490006622000,143,77,66,5963.1
19490006623000,174,94,80,7395
19490006624000,1161,589,572,45859.5
19490006625000,2152,1113,1039,90599.2
19490006626000,3168,1665,1503,122601.6
19490006627000,2181,1118,1063,86149.5
19490006628000,1988,975,1013,78128.4
19490006629000,1869,924,945,63172.2
19490006630000,105,54,51,3612
19490006631000,42,22,20,1486.8
19490006632000,25,11,14,1135
19490006633000,29,16,13,809.1
19490006634000,41,21,20,1480.1
19490006635000,24,12,12,842.4
19490006636000,4,2,2,0
19490006638000,5,3,2,140
19490006646000,17,10,7,763.3
19490006647000,321,167,154,11138.7
19490006648000,102,48,54,4324.8
19490006649000,13,8,5,613.6
19490006659000,43,20,23,1685.6
19490006661000,4,2,2,0
19490006665000,116,60,56,4326.8
19490006666000,335,170,165,12830.5
19490006667000,72,34,38,2649.6
19490006668000,251,123,128,8885.4
19490006669000,407,193,214,15140.4
19490006670000,492,269,223,17269.2
19490006671000,64,31,33,1971.2
19490006674000,49,24,25,1092.7
19490006675000,12,4,8,420
19490006676000,3,2,1,0
19490006692000,1,1,0,0
19490006697000,10,7,3,524
19490006699000,1,0,1,0
19490006700000,6,4,2,352.2
19490006706000,5,2,3,363
19490006707000,5,3,2,277
19490006711000,13,7,6,574.6
19490006712000,69,38,31,2911.8
19490006713000,82,41,41,2722.4
19490006714000,28,13,15,1377.6
19490006715000,125,68,57,4212.5
19490006716000,298,149,149,10787.6
19490006717000,8,3,5,500.8
19490006718000,47,24,23,1847.1
19490006720000,12,7,5,626.4
19490006724000,3,1,2,0
19490006728000,186,90,96,6454.2
19490006729000,336,164,172,12096
19490006730000,32,17,15,1120
19490006731000,120,62,58,4152
19490006732000,77,40,37,2679.6
19490006733000,35,18,17,1578.5
19490006734000,129,64,65,4463.4
19490006735000,104,57,47,3993.6
19490006736000,241,122,119,8676
19490006737000,69,38,31,2028.6
19490006738000,547,268,279,15753.6
19490006739000,293,153,140,10313.6
19490006740000,115,53,62,3818
19490006741000,280,134,146,10052
19490006742000,165,88,77,5973
19490006743000,263,125,138,9231.3
19490006744000,101,51,50,3636
19490006745000,329,164,165,10725.4
19490006746000,124,69,55,3806.8
19490006747000,1,1,0,0
19490006748000,2,1,1,0
19490006772000,64,32,32,2444.8
19490006773000,5,2,3,240
19490006776000,1,1,0,0
19490006780000,4,2,2,0
19490006781000,34,20,14,1706.8
19490006782000,39,20,19,1575.6
19490006793000,48,25,23,2140.8
19490006794000,32,17,15,1513.6
19490006795000,2,1,1,0
19490006796000,1,0,1,0
19490006797000,3,1,2,0
19490006798000,4,3,1,0
19490006800000,2,0,2,0
19490006801000,5,4,1,318
19490006808000,1,1,0,0
19490006840000,15,9,6,640.5
19500006586000,190,100,90,8379
19500006587000,9,4,5,251.1
19500006610000,2,1,1,0
19500006617000,11,6,5,412.5
19500006618000,71,35,36,2960.7
19500006619000,504,246,258,16984.8
19500006620000,812,410,402,28176.4
19500006621000,526,257,269,22828.4
19500006622000,1104,547,557,44712
19500006623000,1282,629,653,56664.4
19500006624000,2506,1217,1289,93975
19500006625000,1915,906,1009,78515
19500006626000,1820,883,937,76440
19500006627000,1269,584,685,52409.7
19500006628000,1154,606,548,43159.6
19500006629000,1421,693,728,52861.2
19500006630000,13,6,7,276.9
19500006631000,30,17,13,1080
19500006632000,47,25,22,1945.8
19500006633000,41,23,18,1340.7
19500006634000,5,3,2,75
19500006635000,34,15,19,1196.8
19500006638000,53,39,14,2045.8
19500006641000,24,12,12,1008
19500006648000,4,2,2,0
19500006650000,2,1,1,0
19500006651000,26,17,9,1014
19500006662000,14,7,7,564.2
19500006663000,10,7,3,412
19500006664000,19,10,9,317.3
19500006665000,14,8,6,777
19500006666000,111,55,56,3729.6
19500006667000,24,12,12,861.6
19500006668000,58,31,27,1473.2
19500006669000,765,350,415,33201
19500006670000,265,133,132,9275
19500006671000,7,3,4,357
19500006677000,144,81,63,5356.8
19500006678000,26,11,15,1515.8
19500006692000,92,45,47,3597.2
19500006699000,12,5,7,708
19500006700000,34,18,16,1156
19500006706000,50,24,26,1710
19500006707000,96,51,45,4329.6
19500006708000,4,2,2,0
19500006711000,23,14,9,929.2
19500006712000,3,1,2,0
19500006714000,25,10,15,1125
19500006715000,117,55,62,4352.4
19500006717000,32,14,18,1280
19500006718000,157,84,73,5243.8
19500006719000,47,25,22,1452.3
19500006720000,221,114,107,5812.3
19500006723000,7,4,3,191.1
19500006724000,118,60,58,4743.6
19500006725000,75,36,39,3135
19500006726000,145,82,63,6090
19500006727000,58,25,33,2784
19500006728000,42,23,19,1759.8
19500006729000,479,241,238,14753.2
19500006736000,14,5,9,429.8
19500006737000,250,134,116,7225
19500006738000,555,260,295,22033.5
19500006740000,465,232,233,14694
19500006741000,18,9,9,718.2
19500006756000,61,32,29,2232.6
19500006757000,23,12,11,1131.6
19500006771000,9,5,4,271.8
19500006772000,17,9,8,792.2
19500006773000,2,1,1,0
19500006776000,2,1,1,0
19500006778000,63,32,31,2721.6
19500006779000,5,3,2,275
19500006780000,1,1,0,0
19500006781000,9,6,3,269.1
19500006782000,21,13,8,634.2
19500006783000,9,4,5,316.8
19500006793000,53,27,26,1855
19500006794000,160,71,89,7376
19500006795000,14,8,6,844.2
19500006797000,3,3,0,0
19500006803000,3,2,1,0
19500006840000,43,24,19,1707.1
19500006841000,14,9,5,933.8
19510006552000,6,4,2,178.2
19510006585000,3,2,1,0
19510006586000,212,109,103,8840.4
19510006587000,30,17,13,1143
19510006598000,5,2,3,102
19510006599000,14,7,7,522.2
19510006600000,1,1,0,0
19510006612000,4,3,1,0
19510006613000,13,8,5,561.6
19510006615000,9,5,4,584.1
19510006616000,13,8,5,471.9
19510006617000,26,12,14,977.6
19510006618000,19,11,8,824.6
19510006619000,968,480,488,31169.6
19510006620000,426,216,210,13632
19510006621000,67,34,33,2961.4
19510006622000,734,358,376,28038.8
19510006623000,1026,507,519,39090.6
19510006624000,1493,764,729,55838.2
19510006625000,439,227,212,13433.4
19510006626000,956,490,466,26959.2
19510006628000,22,11,11,849.2
19510006630000,16,10,6,736
19510006631000,15,8,7,478.5
19510006632000,26,15,11,865.8
19510006633000,142,70,72,4813.8
19510006634000,70,38,32,2443
19510006635000,110,58,52,4004
19510006636000,19,9,10,965.2
19510006637000,12,7,5,471.6
19510006638000,35,19,16,1456
19510006639000,10,5,5,489
19510006640000,15,7,8,627
19510006641000,28,17,11,893.2
19510006642000,5,4,1,161
19510006651000,3,2,1,0
19510006660000,71,34,37,2967.8
19510006661000,17,8,9,788.8
19510006662000,62,28,34,2473.8
19510006663000,4,2,2,0
19510006664000,7,5,2,403.9
19510006665000,38,21,17,1197
19510006666000,12,6,6,405.6
19510006669000,177,95,82,5487
19510006670000,40,25,15,1240
19510006671000,1,1,0,0
19510006680000,2,1,1,0
19510006692000,86,46,40,3225
19510006693000,78,44,34,3096.6
19510006695000,2,1,1,0
19510006707000,14,8,6,408.8
19510006712000,2,1,1,0
19510006713000,1,0,1,0
19510006715000,265,147,118,9937.5
19510006716000,169,86,83,5881.2
19510006717000,60,30,30,2760
19510006718000,64,31,33,2380.8
19510006719000,32,15,17,1852.8
19510006720000,77,42,35,3726.8
19510006721000,434,223,211,14452.2
19510006722000,169,80,89,4140.5
19510006723000,77,32,45,2733.5
19510006724000,2,1,1,0
19510006725000,39,21,18,1263.6
19510006726000,24,12,12,832.8
19510006727000,120,61,59,4008
19510006728000,32,14,18,1027.2
19510006729000,144,79,65,5745.6
19510006734000,81,46,35,3264.3
19510006737000,199,101,98,6427.7
19510006738000,462,231,231,14414.4
19510006740000,59,31,28,2011.9
19510006741000,1,0,1,0
19510006752000,22,9,13,904.2
19510006753000,11,7,4,352
19510006754000,71,33,38,3479
19510006755000,192,103,89,7891.2
19510006756000,23,12,11,1541
19510006760000,18,8,10,824.4
19510006768000,3,1,2,0
19510006769000,14,7,7,497
19510006770000,83,43,40,3701.8
19510006771000,275,126,149,9955
19510006772000,42,25,17,1852.2
19510006773000,53,22,31,2517.5
19510006774000,54,29,25,2521.8
19510006775000,9,5,4,558
19510006777000,32,21,11,1452.8
19510006778000,131,70,61,5737.8
19510006779000,194,97,97,6499
19510006781000,2,2,0,0
19510006790000,3,2,1,0
19510006798000,5,2,3,227
19510006813000,12,8,4,583.2
19510006818000,1,1,0,0
19510006821000,7,3,4,343.7
19510006838000,2,1,1,0
19510006839000,8,4,4,316.8
19510006840000,86,43,43,2949.8
19510006841000,12,7,5,675.6
19520006546000,51,25,26,2284.8
19520006547000,41,21,20,1500.6
19520006548000,31,16,15,1438.4
19520006549000,4,3,1,0
19520006550000,4,1,3,0
19520006551000,3,3,0,0
19520006552000,13,7,6,650
19520006553000,22,12,10,704
19520006586000,68,36,32,2250.8
19520006587000,15,8,7,925.5
19520006598000,6,2,4,249
19520006599000,5,2,3,211
19520006600000,13,7,6,304.2
19520006602000,2,1,1,0
19520006603000,2,1,1,0
19520006610000,2,1,1,0
19520006611000,26,10,16,1149.2
19520006612000,26,12,14,1014
19520006613000,6,1,5,292.8
19520006614000,12,7,5,366
19520006615000,52,25,27,2605.2
19520006616000,150,76,74,6180
19520006617000,54,33,21,1954.8
19520006619000,21,10,11,951.3
19520006621000,2,1,1,0
19520006622000,297,150,147,8553.6
19520006623000,255,124,131,9103.5
19520006624000,296,139,157,9738.4
19520006625000,967,485,482,25045.3
19520006626000,88,43,45,2587.2
19520006632000,4,2,2,0
19520006633000,41,22,19,1537.5
19520006634000,258,130,128,5985.6
19520006635000,68,41,27,2216.8
19520006642000,36,18,18,1540.8
19520006643000,18,9,9,835.2
19520006644000,4,1,3,0
19520006658000,1,1,0,0
19520006660000,16,7,9,772.8
19520006661000,10,3,7,476
19520006662000,212,102,110,6254
19520006663000,187,101,86,7835.3
19520006665000,39,19,20,1170
19520006666000,13,6,7,401.7
19520006669000,42,23,19,1545.6
19520006670000,2,1,1,0
19520006674000,7,5,2,413
19520006675000,13,8,5,604.5
19520006692000,33,15,18,1630.2
19520006693000,81,39,42,3515.4
19520006712000,120,58,62,3876
19520006713000,295,161,134,10000.5
19520006714000,170,97,73,4454
19520006715000,6,3,3,258
19520006721000,2,1,1,0
19520006722000,246,118,128,10578
19520006723000,125,63,62,4287.5
19520006724000,59,30,29,2383.6
19520006725000,6,3,3,385.8
19520006727000,2,1,1,0
19520006729000,157,73,84,5667.7
19520006731000,20,10,10,854
19520006732000,74,41,33,2086.8
19520006733000,2,1,1,0
19520006734000,54,27,27,1792.8
19520006735000,103,49,54,3687.4
19520006736000,437,228,209,14158.8
19520006737000,24,13,11,600
19520006751000,24,13,11,902.4
19520006752000,226,116,110,7571
19520006759000,14,9,5,641.2
19520006760000,14,7,7,799.4
19520006764000,30,14,16,1242
19520006765000,32,15,17,1164.8
19520006767000,1,1,0,0
19520006768000,109,56,53,3891.3
19520006769000,24,15,9,1101.6
19520006770000,45,23,22,1593
19520006771000,69,45,24,2221.8
19520006772000,22,12,10,1199
19520006777000,23,10,13,669.3
19520006778000,72,37,35,3002.4
19520006779000,53,31,22,1934.5
19520006780000,377,191,186,14476.8
19520006781000,32,15,17,1475.2
19520006782000,24,11,13,1003.2
19520006783000,57,31,26,2736
19520006784000,11,6,5,447.7
19520006789000,5,2,3,306
19520006812000,28,13,15,896
19520006813000,14,8,6,714
19530006539000,2,1,1,0
19530006540000,20,11,9,650
19530006541000,23,11,12,913.1
19530006542000,28,13,15,1195.6
19530006543000,275,202,73,8992.5
19530006544000,35,19,16,1312.5
19530006545000,42,25,17,1923.6
19530006546000,15,9,6,535.5
19530006547000,38,19,19,1660.6
19530006548000,46,24,22,1596.2
19530006549000,16,9,7,433.6
19530006553000,32,17,15,1337.6
19530006600000,2,1,1,0
19530006601000,16,9,7,648
19530006602000,5,3,2,165
19530006603000,11,8,3,517
19530006613000,2,1,1,0
19530006614000,17,9,8,778.6
19530006615000,36,18,18,1004.4
19530006616000,19,10,9,1003.2
19530006617000,34,19,15,1424.6
19530006618000,27,12,15,1125.9
19530006619000,57,30,27,2240.1
19530006620000,86,49,37,3586.2
19530006621000,76,40,36,2888
19530006622000,62,34,28,2306.4
19530006623000,23,16,7,903.9
19530006624000,87,44,43,2827.5
19530006625000,35,17,18,1470
19530006626000,9,3,6,249.3
19530006631000,4,2,2,0
19530006632000,15,9,6,751.5
19530006634000,15,5,10,538.5
19530006635000,24,12,12,984
19530006636000,64,33,31,2419.2
19530006637000,22,12,10,484
19530006642000,17,8,9,634.1
19530006644000,2,1,1,0
19530006645000,29,15,14,954.1
19530006657000,2,1,1,0
19530006658000,8,6,2,396.8
19530006663000,3,1,2,0
19530006664000,7,3,4,280.7
19530006665000,30,15,15,1092
19530006666000,24,15,9,868.8
19530006669000,154,87,67,5097.4
19530006670000,9,5,4,340.2
19530006671000,2,1,1,0
19530006672000,2,1,1,0
19530006673000,2,1,1,0
19530006674000,12,7,5,392.4
19530006675000,26,15,11,1547
19530006683000,1,1,0,0
19530006689000,4,3,1,0
19530006690000,11,4,7,807.4
19530006693000,46,28,18,2074.6
19530006703000,8,4,4,360
19530006704000,69,36,33,2684.1
19530006705000,111,59,52,5039.4
19530006706000,10,5,5,257
19530006707000,1,1,0,0
19530006712000,13,6,7,286
19530006713000,139,70,69,4031
19530006719000,14,8,6,583.8
19530006720000,39,20,19,1583.4
19530006721000,133,69,64,4628.4
19530006722000,33,19,14,1148.4
19530006723000,202,100,102,6847.8
19530006724000,107,49,58,4269.3
19530006725000,31,16,15,1376.4
19530006726000,2,1,1,0
19530006727000,12,6,6,526.8
19530006728000,40,17,23,1628
19530006729000,337,180,157,12132
19530006730000,78,35,43,2269.8
19530006732000,244,128,116,8271.6
19530006733000,246,124,122,8733
19530006734000,347,170,177,10826.4
19530006735000,380,200,180,13148
19530006736000,194,99,95,5703.6
19530006741000,135,75,60,5400
19530006750000,89,50,39,3417.6
19530006751000,8,5,3,356
19530006752000,101,51,50,3585.5
19530006753000,16,9,7,700.8
19530006754000,3,1,2,0
19530006759000,60,32,28,2460
19530006760000,41,18,23,1525.2
19530006764000,2,1,1,0
19530006766000,92,47,45,3459.2
19530006767000,42,20,22,1848
19530006768000,5,2,3,341
19530006770000,21,12,9,741.3
19530006777000,9,4,5,289.8
19530006778000,61,30,31,2208.2
19530006779000,55,26,29,2502.5
19530006780000,133,54,79,7767.2
19530006781000,130,69,61,5525
19530006782000,39,20,19,1521
19530006783000,29,16,13,1218
19530006795000,2,1,1,0
19530006796000,9,4,5,378.9
19530006813000,211,108,103,7996.9
19530006814000,52,25,27,2048.8
19530006815000,10,6,4,391
19530006817000,10,3,7,233
19530006821000,2,1,1,0
19530006822000,7,4,3,298.9
19530006826000,4,3,1,0
19530006827000,4,2,2,0
19530006840000,5,3,2,338
19540006538000,9,5,4,299.7
19540006539000,22,9,13,1003.2
19540006540000,30,16,14,1035
19540006541000,50,28,22,2145
19540006542000,47,26,21,1565.1
19540006543000,35,20,15,1176
19540006544000,14,8,6,543.2
19540006545000,59,35,24,2135.8
19540006546000,82,49,33,3468.6
19540006547000,138,73,65,5147.4
19540006548000,70,41,29,2786
19540006549000,24,13,11,799.2
19540006550000,2,1,1,0
19540006553000,12,7,5,579.6
19540006554000,6,3,3,234
19540006569000,2,1,1,0
19540006598000,5,3,2,212
19540006599000,1,0,1,0
19540006601000,12,6,6,651.6
19540006602000,2,1,1,0
19540006612000,2,1,1,0
19540006613000,17,9,8,479.4
19540006614000,11,6,5,392.7
19540006615000,3,2,1,0
19540006619000,11,6,5,435.6
19540006620000,160,82,78,5056
19540006621000,3,2,1,0
19540006622000,107,53,54,3991.1
19540006623000,607,309,298,19302.6
19540006624000,535,271,264,16959.5
19540006625000,308,172,136,11765.6
19540006626000,79,37,42,2693.9
19540006635000,2,2,0,0
19540006636000,8,5,3,332.8
19540006637000,1,0,1,0
19540006638000,33,16,17,1296.9
19540006639000,218,116,102,7172.2
19540006640000,133,69,64,4655
19540006642000,20,13,7,666
19540006646000,72,36,36,2599.2
19540006661000,8,4,4,350.4
19540006663000,39,21,18,1497.6
19540006665000,19,12,7,691.6
19540006668000,91,50,41,3421.6
19540006669000,94,46,48,2876.4
19540006670000,40,17,23,1260
19540006671000,438,226,212,14541.6
19540006672000,6,3,3,327
19540006673000,14,6,8,505.4
19540006674000,37,19,18,1668.7
19540006689000,20,9,11,1028
19540006690000,23,13,10,742.9
19540006691000,14,8,6,536.2
19540006692000,182,91,91,6952.4
19540006693000,238,114,124,8901.2
19540006697000,5,2,3,323
19540006699000,11,8,3,715
19540006703000,125,71,54,4100
19540006704000,83,44,39,2979.7
19540006705000,86,47,39,2064
19540006707000,8,5,3,248.8
19540006712000,92,44,48,3008.4
19540006713000,175,91,84,7070
19540006714000,10,5,5,409
19540006715000,16,9,7,633.6
19540006716000,32,16,16,1507.2
19540006717000,4,1,3,0
19540006720000,24,17,7,902.4
19540006721000,180,92,88,6696
19540006722000,36,16,20,1098
19540006723000,233,119,114,7758.9
19540006724000,22,11,11,792
19540006730000,11,5,6,317.9
19540006731000,413,206,207,13505.1
19540006732000,426,213,213,14739.6
19540006736000,6,5,1,340.8
19540006741000,88,50,38,3836.8
19540006748000,27,15,12,1112.4
19540006749000,101,50,51,3656.2
19540006750000,46,21,25,1918.2
19540006751000,163,81,82,5134.5
19540006752000,52,26,26,2236
19540006754000,14,8,6,660.8
19540006755000,127,69,58,4483.1
19540006759000,7,3,4,184.8
19540006764000,5,2,3,113
19540006766000,51,30,21,2284.8
19540006767000,7,4,3,464.8
19540006768000,54,27,27,1798.2
19540006769000,9,4,5,389.7
19540006771000,14,8,6,665
19540006772000,90,46,44,4131
19540006773000,21,12,9,726.6
19540006774000,10,6,4,570
19540006776000,34,20,14,1346.4
19540006777000,3,2,1,0
19540006778000,112,55,57,4144
19540006780000,8,5,3,343.2
19540006781000,18,9,9,916.2
19540006782000,14,8,6,709.8
19540006795000,41,20,21,1607.2
19540006796000,4,2,2,0
19540006813000,12,6,6,632.4
19540006814000,2,1,1,0
19540006820000,2,1,1,0
19540006821000,3,1,2,0
19540006828000,3,1,2,0
19550006534000,1,0,1,0
19550006535000,24,10,14,669.6
19550006536000,9,5,4,379.8
19550006537000,12,7,5,411.6
19550006538000,30,17,13,1233
19550006539000,31,17,14,1159.4
19550006540000,63,37,26,1921.5
19550006541000,54,29,25,1917
19550006542000,170,91,79,5950
19550006543000,152,79,73,5107.2
19550006544000,50,29,21,1785
19550006545000,42,24,18,1486.8
19550006546000,99,51,48,3544.2
19550006547000,426,234,192,13717.2
19550006548000,46,25,21,1775.6
19550006549000,15,9,6,343.5
19550006550000,68,34,34,2556.8
19550006551000,11,8,3,399.3
19550006552000,35,17,18,1179.5
19550006554000,49,26,23,1445.5
19550006556000,35,19,16,1214.5
19550006557000,41,21,20,1631.8
19550006558000,11,6,5,502.7
19550006559000,15,9,6,540
19550006569000,4,2,2,0
19550006598000,5,2,3,364
19550006599000,9,5,4,435.6
19550006600000,5,3,2,253
19550006601000,7,2,5,209.3
19550006602000,11,6,5,525.8
19550006603000,32,17,15,1084.8
19550006604000,171,77,94,7558.2
19550006605000,68,29,39,2495.6
19550006611000,15,8,7,373.5
19550006612000,49,23,26,2214.8
19550006613000,1,1,0,0
19550006619000,20,10,10,836
19550006620000,30,17,13,1509
19550006621000,53,25,28,1696
19550006622000,19,8,11,790.4
19550006623000,21,9,12,657.3
19550006624000,4,2,2,0
19550006625000,233,117,116,7502.6
19550006626000,914,464,450,34549.2
19550006627000,270,134,136,9828
19550006628000,52,32,20,1809.6
19550006629000,21,7,14,567
19550006630000,1,1,0,0
19550006631000,3,2,1,0
19550006635000,14,6,8,502.6
19550006636000,19,8,11,551
19550006637000,22,12,10,847
19550006638000,6,3,3,121.8
19550006639000,134,68,66,4569.4
19550006640000,337,160,177,16176
19550006641000,40,21,19,1380
19550006642000,22,9,13,785.4
19550006643000,15,9,6,433.5
19550006644000,9,4,5,500.4
19550006645000,11,5,6,595.1
19550006646000,26,13,13,1079
19550006647000,11,5,6,225.5
19550006648000,8,5,3,386.4
19550006649000,12,7,5,507.6
19550006661000,21,10,11,850.5
19550006668000,76,43,33,2766.4
19550006669000,7,4,3,191.8
19550006670000,579,300,279,22117.8
19550006671000,204,110,94,7833.6
19550006690000,8,1,7,292
19550006691000,5,3,2,303
19550006692000,76,43,33,2584
19550006693000,57,29,28,1710
19550006694000,9,6,3,277.2
19550006695000,35,19,16,868
19550006696000,195,109,86,7215
19550006697000,38,21,17,1060.2
19550006699000,18,9,9,667.8
19550006700000,17,10,7,647.7
19550006703000,132,70,62,4184.4
19550006704000,11,5,6,322.3
19550006713000,27,16,11,1080
19550006714000,121,65,56,4731.1
19550006715000,156,83,73,5834.4
19550006716000,304,169,135,12099.2
19550006717000,343,174,169,14268.8
19550006718000,26,16,10,899.6
19550006724000,20,9,11,584
19550006725000,134,74,60,5025
19550006726000,174,92,82,5498.4
19550006729000,115,64,51,4577
19550006730000,202,108,94,8059.8
19550006731000,430,210,220,15609
19550006732000,20,12,8,882
19550006733000,35,20,15,1190
19550006734000,359,181,178,12313.7
19550006741000,109,52,57,4425.4
19550006742000,177,84,93,6141.9
19550006744000,130,68,62,5187
19550006748000,92,48,44,4121.6
19550006750000,30,18,12,1437
19550006751000,66,34,32,3088.8
19550006752000,8,5,3,243.2
19550006753000,23,10,13,779.7
19550006754000,161,76,85,5200.3
19550006755000,121,65,56,5324
19550006756000,80,42,38,2984
19550006759000,9,5,4,341.1
19550006760000,11,6,5,568.7
19550006763000,138,70,68,4153.8
19550006764000,18,9,9,460.8
19550006765000,43,17,26,1711.4
19550006766000,23,11,12,791.2
19550006767000,55,26,29,2299
19550006768000,24,12,12,926.4
19550006769000,3,1,2,0
19550006771000,73,41,32,2810.5
19550006776000,16,10,6,668.8
19550006777000,7,4,3,238.7
19550006779000,35,20,15,1025.5
19550006780000,26,16,10,943.8
19550006781000,24,13,11,885.6
19550006782000,102,50,52,4008.6
19550006783000,8,5,3,318.4
19550006794000,1,1,0,0
19550006814000,9,4,5,380.7
19550006827000,3,2,1,0
19550006828000,8,4,4,420
19560006532000,4,3,1,0
19560006533000,8,4,4,371.2
19560006534000,51,24,27,1606.5
19560006535000,61,32,29,2372.9
19560006536000,25,14,11,950
19560006537000,10,7,3,338
19560006538000,15,7,8,442.5
19560006539000,7,2,5,193.2
19560006540000,105,61,44,3570
19560006541000,27,14,13,936.9
19560006542000,45,21,24,1647
19560006543000,7,5,2,403.9
19560006544000,81,44,37,3150.9
19560006545000,76,38,38,2903.2
19560006546000,46,28,18,1347.8
19560006547000,61,32,29,2269.2
19560006548000,67,37,30,2693.4
19560006549000,29,15,14,1006.3
19560006550000,29,15,14,1104.9
19560006551000,46,23,23,1807.8
19560006552000,51,28,23,1943.1
19560006553000,28,16,12,1055.6
19560006554000,67,34,33,2948
19560006555000,29,17,12,1041.1
19560006556000,38,22,16,1577
19560006557000,44,17,27,1870
19560006558000,112,54,58,3908.8
19560006559000,10,4,6,479
19560006560000,26,15,11,954.2
19560006561000,38,24,14,1455.4
19560006562000,44,20,24,1553.2
19560006563000,15,8,7,459
19560006601000,2,1,1,0
19560006602000,80,52,28,2384
19560006603000,165,83,82,7326
19560006604000,23,12,11,885.5
19560006605000,40,25,15,1472
19560006606000,4,3,1,0
19560006611000,22,12,10,651.2
19560006612000,46,26,20,1950.4
19560006616000,16,9,7,652.8
19560006621000,40,20,20,1420
19560006622000,33,22,11,1323.3
19560006623000,15,8,7,460.5
19560006624000,9,5,4,340.2
19560006625000,780,401,379,24258
19560006626000,902,441,461,28954.2
19560006627000,77,42,35,2833.6
19560006628000,14,6,8,639.8
19560006629000,70,41,29,2688
19560006630000,5,3,2,132
19560006633000,1,1,0,0
19560006634000,4,2,2,0
19560006635000,8,4,4,304
19560006639000,22,15,7,750.2
19560006640000,479,239,240,14513.7
19560006641000,127,62,65,3225.8
19560006643000,5,2,3,294
19560006644000,3,2,1,0
19560006645000,9,6,3,275.4
19560006648000,3,1,2,0
19560006649000,36,18,18,1508.4
19560006662000,55,27,28,2376
19560006668000,79,43,36,2543.8
19560006669000,8,4,4,299.2
19560006675000,3,2,1,0
19560006682000,3,1,2,0
19560006683000,6,1,5,115.8
19560006692000,11,7,4,476.3
19560006693000,36,16,20,1551.6
19560006695000,31,16,15,1246.2
19560006696000,12,7,5,493.2
19560006697000,10,6,4,700
19560006699000,7,4,3,298.9
19560006700000,61,33,28,1933.7
19560006701000,4,1,3,0
19560006703000,4,3,1,0
19560006704000,3,1,2,0
19560006705000,20,9,11,664
19560006716000,49,26,23,2072.7
19560006717000,2,1,1,0
19560006718000,4,3,1,0
19560006726000,112,62,50,3864
19560006727000,122,56,66,4331
19560006728000,138,71,67,5147.4
19560006729000,60,34,26,2232
19560006730000,18,11,7,536.4
19560006731000,668,342,326,25250.4
19560006732000,951,442,509,42890.1
19560006733000,1241,609,632,44924.2
19560006734000,643,343,300,22376.4
19560006735000,182,96,86,5842.2
19560006736000,98,53,45,3400.6
19560006741000,1,1,0,0
19560006742000,266,129,137,9815.4
19560006743000,237,121,116,7228.5
19560006744000,286,148,138,9438
19560006747000,50,23,27,1665
19560006748000,357,177,180,13851.6
19560006749000,247,125,122,7978.1
19560006750000,4,3,1,0
19560006752000,77,31,46,1955.8
19560006753000,11,6,5,536.8
19560006754000,66,33,33,2791.8
19560006755000,141,71,70,4864.5
19560006756000,22,9,13,803
19560006759000,26,16,10,925.6
19560006760000,5,3,2,158
19560006762000,5,2,3,336
19560006763000,336,158,178,16968
19560006764000,322,162,160,10207.4
19560006765000,6,3,3,84
19560006766000,64,32,32,2470.4
19560006767000,82,41,41,2673.2
19560006768000,6,3,3,319.2
19560006770000,41,24,17,1738.4
19560006771000,22,11,11,728.2
19560006776000,25,14,11,835
19560006777000,13,7,6,656.5
19560006778000,30,14,16,1374
19560006779000,1,0,1,0
19560006780000,3,2,1,0
19560006781000,32,16,16,972.8
19560006782000,273,132,141,10428.6
19560006783000,60,31,29,2598
19560006793000,14,5,9,317.8
19560006812000,1,0,1,0
19560006815000,4,2,2,0
19560006817000,2,1,1,0
19560006821000,7,5,2,331.1
19560006824000,3,1,2,0
19560006828000,12,5,7,546
19570006528000,40,24,16,1416
19570006529000,3,3,0,0
19570006530000,4,2,2,0
19570006531000,47,25,22,1776.6
19570006532000,25,12,13,790
19570006533000,35,21,14,1239
19570006534000,92,53,39,2732.4
19570006535000,1444,739,705,48085.2
19570006536000,83,38,45,2979.7
19570006537000,26,11,15,925.6
19570006539000,32,15,17,1222.4
19570006540000,630,307,323,27468
19570006541000,272,135,137,9248
19570006542000,30,12,18,1101
19570006543000,22,13,9,690.8
19570006544000,28,16,12,1215.2
19570006545000,30,16,14,1035
19570006546000,59,32,27,2395.4
19570006547000,37,21,16,1535.5
19570006548000,42,24,18,1785
19570006549000,94,50,44,3158.4
19570006550000,39,19,20,1579.5
19570006551000,31,18,13,1081.9
19570006552000,50,27,23,1970
19570006553000,24,14,10,928.8
19570006554000,419,220,199,14958.3
19570006555000,34,19,15,1047.2
19570006556000,44,21,23,2169.2
19570006557000,37,18,19,1561.4
19570006558000,118,60,58,4897
19570006559000,81,45,36,2859.3
19570006560000,76,39,37,2629.6
19570006561000,870,440,430,24186
19570006562000,234,116,118,6013.8
19570006563000,138,70,68,5106
19570006564000,4,3,1,0
19570006602000,3,1,2,0
19570006603000,74,42,32,2405
19570006605000,2,0,2,0
19570006606000,8,5,3,414.4
19570006607000,6,2,4,195
19570006611000,19,12,7,826.5
19570006612000,35,17,18,1176
19570006613000,14,6,8,539
19570006614000,116,58,58,3607.6
19570006615000,3,2,1,0
19570006616000,20,13,7,864
19570006617000,15,6,9,661.5
19570006623000,7,4,3,476
19570006625000,485,247,238,14162
19570006626000,78,43,35,3065.4
19570006627000,19,10,9,714.4
19570006634000,16,7,9,750.4
19570006638000,1,1,0,0
19570006640000,28,16,12,1080.8
19570006641000,11,7,4,532.4
19570006644000,10,5,5,284
19570006645000,17,10,7,666.4
19570006646000,2,1,1,0
19570006647000,2,1,1,0
19570006648000,12,7,5,342
19570006649000,25,13,12,772.5
19570006656000,115,54,61,4140
19570006657000,60,31,29,2160
19570006659000,169,86,83,5205.2
19570006660000,58,25,33,1571.8
19570006661000,158,79,79,5293
19570006662000,30,15,15,1707
19570006663000,36,23,13,1170
19570006664000,23,13,10,943
19570006665000,52,31,21,2194.4
19570006666000,8,3,5,432
19570006667000,83,48,35,2929.9
19570006668000,259,136,123,10463.6
19570006675000,22,15,7,897.6
19570006676000,21,10,11,814.8
19570006679000,2,1,1,0
19570006682000,5,2,3,207
19570006691000,29,16,13,1194.8
19570006692000,125,63,62,4800
19570006693000,4,2,2,0
19570006700000,11,7,4,619.3
19570006701000,103,52,51,3450.5
19570006702000,464,238,226,16008
19570006703000,236,126,110,8378
19570006704000,17,8,9,712.3
19570006717000,6,3,3,292.2
19570006718000,16,9,7,1011.2
19570006724000,12,7,5,379.2
19570006725000,159,80,79,5072.1
19570006726000,5,2,3,223
19570006727000,58,23,35,1989.4
19570006728000,2,1,1,0
19570006729000,49,26,23,2116.8
19570006730000,220,118,102,7788
19570006731000,824,429,395,28922.4
19570006732000,864,427,437,28771.2
19570006733000,8,3,5,246.4
19570006735000,70,41,29,2345
19570006736000,18,11,7,567
19570006741000,6,4,2,313.8
19570006742000,148,70,78,5224.4
19570006743000,229,114,115,6274.6
19570006744000,203,115,88,6962.9
19570006745000,6,4,2,205.8
19570006747000,7,4,3,293.3
19570006748000,54,25,29,2214
19570006749000,193,103,90,5481.2
19570006750000,48,19,29,1819.2
19570006752000,43,20,23,1509.3
19570006753000,38,15,23,1360.4
19570006754000,7,2,5,280.7
19570006755000,24,12,12,871.2
19570006756000,6,3,3,376.2
19570006758000,1,0,1,0
19570006759000,31,17,14,1323.7
19570006760000,3,1,2,0
19570006762000,24,17,7,828
19570006763000,197,93,104,8805.9
19570006764000,129,70,59,5185.8
19570006766000,7,4,3,310.8
19570006768000,32,16,16,1312
19570006769000,97,48,49,3996.4
19570006770000,16,9,7,636.8
19570006771000,69,45,24,2891.1
19570006772000,5,3,2,198
19570006778000,6,2,4,190.2
19570006779000,18,10,8,786.6
19570006780000,75,39,36,2767.5
19570006781000,67,33,34,2351.7
19570006782000,45,24,21,1597.5
19570006783000,31,14,17,1522.1
19570006787000,3,2,1,0
19570006791000,20,10,10,776
19570006792000,43,21,22,2068.3
19570006793000,3,2,1,0
19570006798000,1,0,1,0
19570006802000,3,2,1,0
19570006811000,3,2,1,0
19570006815000,28,12,16,1164.8
19570006816000,10,4,6,453
19570006817000,1,1,0,0
19570006818000,7,5,2,403.2
19570006819000,4,2,2,0
19570006820000,1,1,0,0
19570006822000,1,1,0,0
19570006823000,2,1,1,0
19570006824000,2,1,1,0
19570006868000,3,2,1,0
19580006526000,4,2,2,0
19580006527000,9,5,4,459.9
19580006528000,18,10,8,649.8
19580006529000,59,32,27,2253.8
19580006530000,46,23,23,1794
19580006531000,39,18,21,1400.1
19580006532000,22,12,10,1009.8
19580006533000,68,35,33,2556.8
19580006534000,361,191,170,13970.7
19580006535000,1254,629,625,45896.4
19580006536000,41,24,17,1377.6
19580006537000,28,16,12,1131.2
19580006538000,25,17,8,850
19580006539000,1622,821,801,46227
19580006540000,2796,1388,1408,104570.4
19580006541000,480,256,224,18240
19580006542000,31,14,17,1308.2
19580006543000,51,29,22,1927.8
19580006544000,23,13,10,710.7
19580006545000,43,23,20,1328.7
19580006546000,25,12,13,772.5
19580006547000,131,67,64,5488.9
19580006548000,470,243,227,15651
19580006549000,352,178,174,12355.2
19580006550000,38,25,13,1744.2
19580006551000,83,41,42,3062.7
19580006552000,617,295,322,21903.5
19580006553000,1002,507,495,28957.8
19580006554000,1812,905,907,62876.4
19580006555000,60,29,31,2052
19580006556000,164,95,69,5461.2
19580006557000,37,22,15,1398.6
19580006558000,8,3,5,478.4
19580006559000,86,37,49,2795
19580006560000,965,483,482,30687
19580006561000,117,61,56,3755.7
19580006562000,70,37,33,3171
19580006563000,65,34,31,2379
19580006564000,6,3,3,322.8
19580006566000,8,4,4,292
19580006567000,59,24,35,2259.7
19580006568000,26,14,12,761.8
19580006570000,99,48,51,4504.5
19580006571000,1210,613,597,47311
19580006572000,354,168,186,11186.4
19580006602000,10,8,2,383
19580006603000,27,15,12,1223.1
19580006607000,8,5,3,266.4
19580006609000,9,5,4,394.2
19580006610000,172,87,85,6174.8
19580006611000,53,31,22,2247.2
19580006612000,16,9,7,452.8
19580006613000,253,139,114,7564.7
19580006614000,8,3,5,216.8
19580006617000,10,5,5,478
19580006619000,11,4,7,436.7
19580006620000,5,1,4,120
19580006624000,8,3,5,276.8
19580006626000,198,92,106,12038.4
19580006635000,5,3,2,211
19580006637000,7,5,2,247.1
19580006638000,20,11,9,776
19580006640000,71,41,30,2683.8
19580006641000,18,10,8,707.4
19580006642000,5,4,1,149
19580006646000,9,3,6,253.8
19580006649000,31,16,15,1512.8
19580006650000,107,56,51,4387
19580006651000,17,11,6,729.3
19580006656000,343,171,172,11764.9
19580006657000,310,159,151,12276
19580006658000,73,39,34,2292.2
19580006659000,64,35,29,2444.8
19580006660000,35,19,16,899.5
19580006661000,6,3,3,225
19580006670000,20,11,9,524
19580006671000,25,13,12,980
19580006672000,6,4,2,214.2
19580006674000,10,6,4,346
19580006675000,113,60,53,3977.6
19580006676000,16,9,7,464
19580006677000,1,1,0,0
19580006678000,14,6,8,581
19580006679000,11,5,6,625.9
19580006680000,49,24,25,1896.3
19580006681000,489,263,226,16185.9
19580006682000,55,31,24,2002
19580006683000,1,1,0,0
19580006684000,3,2,1,0
19580006691000,14,10,4,662.2
19580006692000,45,25,20,2043
19580006693000,9,4,5,246.6
19580006696000,11,5,6,356.4
19580006697000,15,7,8,712.5
19580006698000,58,32,26,2540.4
19580006699000,10,5,5,476
19580006700000,186,98,88,6826.2
19580006701000,421,218,203,15282.3
19580006702000,50,20,30,1580
19580006703000,55,27,28,1771
19580006704000,3,3,0,0
19580006725000,61,29,32,1830
19580006726000,64,33,31,1862.4
19580006727000,148,75,73,5135.6
19580006728000,263,128,135,8416
19580006729000,6,4,2,331.2
19580006730000,291,156,135,9952.2
19580006731000,298,144,154,10787.6
19580006732000,656,341,315,23484.8
19580006733000,223,122,101,8384.8
19580006734000,1129,596,533,42676.2
19580006735000,438,220,218,15811.8
19580006737000,135,78,57,4698
19580006738000,328,165,163,13120
19580006739000,556,287,269,18959.6
19580006741000,298,150,148,8046
19580006742000,977,483,494,28039.9
19580006743000,407,211,196,11070.4
19580006744000,81,42,39,3499.2
19580006745000,4,1,3,0
19580006747000,2,1,1,0
19580006750000,13,7,6,651.3
19580006752000,123,64,59,4182
19580006754000,6,5,1,192
19580006760000,13,7,6,565.5
19580006761000,24,15,9,1125.6
19580006762000,63,36,27,2690.1
19580006763000,23,14,9,1327.1
19580006764000,26,13,13,1193.4
19580006765000,21,11,10,932.4
19580006766000,25,14,11,1035
19580006767000,17,10,7,632.4
19580006768000,85,40,45,3332
19580006769000,36,17,19,1249.2
19580006770000,4,2,2,0
19580006778000,9,6,3,586.8
19580006779000,8,4,4,215.2
19580006780000,24,12,12,979.2
19580006781000,86,58,28,2838
19580006783000,1,1,0,0
19580006787000,28,15,13,1136.8
19580006794000,2,1,1,0
19580006796000,5,3,2,59
19580006797000,4,1,3,0
19580006798000,2,1,1,0
19580006804000,3,2,1,0
19580006805000,10,6,4,398
19580006818000,6,3,3,255
19580006820000,3,1,2,0
19580006823000,1,0,1,0
19580006824000,13,6,7,733.2
19580006828000,23,11,12,795.8
19580006867000,4,2,2,0
19580006868000,8,5,3,250.4
19590006526000,24,14,10,1111.2
19590006527000,19,11,8,554.8
19590006528000,27,20,7,1123.2
19590006529000,1704,865,839,59640
19590006530000,99,44,55,3465
19590006531000,15,9,6,583.5
19590006533000,19,9,10,735.3
19590006534000,57,32,25,2057.7
19590006535000,43,24,19,1268.5
19590006536000,23,14,9,678.5
19590006537000,32,17,15,953.6
19590006538000,15,5,10,643.5
19590006539000,885,442,443,25134
19590006540000,110,57,53,3575
19590006541000,42,22,20,1633.8
19590006542000,7,1,6,184.1
19590006543000,24,13,11,1084.8
19590006544000,109,64,45,3433.5
19590006545000,113,61,52,2836.3
19590006546000,72,41,31,2476.8
19590006547000,1855,926,929,72159.5
19590006548000,2633,1353,1280,104530.1
19590006549000,1250,621,629,38000
19590006550000,57,29,28,2034.9
19590006551000,13,7,6,540.8
19590006552000,2814,1439,1375,108901.8
19590006553000,1171,595,576,42156
19590006554000,429,220,209,10939.5
19590006555000,36,18,18,1515.6
19590006556000,43,25,18,1449.1
19590006557000,47,25,22,1649.7
19590006558000,25,14,11,990
19590006559000,9,4,5,471.6
19590006560000,88,40,48,3493.6
19590006561000,111,59,52,4417.8
19590006562000,147,74,73,4821.6
19590006563000,43,25,18,1793.1
19590006564000,16,11,5,640
19590006565000,86,46,40,3354
19590006566000,83,43,40,2830.3
19590006567000,167,82,85,5544.4
19590006568000,83,49,34,2896.7
19590006570000,401,204,197,14917.2
19590006571000,2841,1440,1401,104264.7
19590006572000,128,73,55,4633.6
19590006573000,29,11,18,1386.2
19590006576000,68,40,28,2631.6
19590006577000,72,31,41,2887.2
19590006578000,47,23,24,1696.7
19590006579000,78,37,41,3260.4
19590006612000,10,4,6,335
19590006613000,3,2,1,0
19590006614000,88,49,39,3088.8
19590006615000,11,7,4,414.7
19590006616000,26,13,13,787.8
19590006617000,40,22,18,1456
19590006618000,12,6,6,511.2
19590006619000,27,14,13,1061.1
19590006620000,42,19,23,1755.6
19590006621000,141,82,59,4385.1
19590006622000,18,7,11,624.6
19590006623000,15,4,11,709.5
19590006624000,1,0,1,0
19590006625000,145,73,72,6003
19590006626000,337,169,168,16209.7
19590006627000,12,8,4,378
19590006633000,6,1,5,144
19590006638000,16,10,6,564.8
19590006639000,51,25,26,1739.1
19590006640000,46,19,27,1812.4
19590006641000,23,10,13,798.1
19590006642000,82,46,36,3296.4
19590006645000,13,4,9,377
19590006650000,84,47,37,3250.8
19590006651000,38,18,20,1679.6
19590006656000,84,36,48,2671.2
19590006657000,272,131,141,12512
19590006658000,10,5,5,319
19590006659000,10,3,7,318
19590006660000,12,4,8,476.4
19590006666000,14,10,4,617.4
19590006667000,16,5,11,496
19590006670000,152,79,73,4985.6
19590006671000,9,4,5,237.6
19590006675000,11,4,7,418
19590006676000,136,71,65,5331.2
19590006677000,80,38,42,3016
19590006678000,22,10,12,851.4
19590006679000,2,1,1,0
19590006680000,30,16,14,1014
19590006681000,211,94,117,8693.2
19590006682000,41,24,17,2369.8
19590006686000,22,13,9,1005.4
19590006693000,78,35,43,2917.2
19590006699000,70,32,38,2926
19590006700000,82,38,44,2681.4
19590006718000,22,12,10,1023
19590006721000,4,1,3,0
19590006722000,71,38,33,2769
19590006723000,65,38,27,2262
19590006724000,5,3,2,159
19590006726000,4,3,1,0
19590006727000,157,76,81,5620.6
19590006728000,42,24,18,1839.6
19590006729000,221,122,99,8177
19590006730000,326,158,168,12420.6
19590006731000,280,144,136,10360
19590006732000,847,416,431,25155.9
19590006733000,663,343,320,23868
19590006735000,658,340,318,22108.8
19590006736000,165,90,75,5610
19590006737000,869,453,416,30328.1
19590006738000,82,44,38,3608
19590006739000,310,160,150,10044
19590006741000,156,78,78,5896.8
19590006742000,398,182,216,16039.4
19590006743000,437,200,237,18004.4
19590006744000,5,3,2,123
19590006746000,69,36,33,2711.7
19590006747000,37,21,16,1306.1
19590006748000,58,29,29,2117
19590006750000,3,1,2,0
19590006751000,134,63,71,4582.8
19590006752000,80,46,34,2672
19590006754000,18,10,8,725.4
19590006760000,12,4,8,547.2
19590006761000,11,5,6,403.7
19590006762000,45,25,20,2137.5
19590006763000,14,7,7,492.8
19590006764000,49,22,27,1724.8
19590006765000,17,10,7,800.7
19590006773000,4,2,2,0
19590006775000,5,2,3,85
19590006776000,112,61,51,3651.2
19590006777000,10,6,4,538
19590006779000,81,35,46,2454.3
19590006780000,21,11,10,890.4
19590006787000,5,4,1,161
19590006795000,1,1,0,0
19590006796000,1,0,1,0
19590006814000,3,1,2,0
19590006815000,3,2,1,0
19590006828000,2,1,1,0
19590006867000,27,16,11,1285.2
19590006868000,29,20,9,1418.1
19590006870000,1,1,0,0
19600006526000,28,19,9,1162
19600006527000,7,4,3,142.8
19600006528000,43,24,19,1638.3
19600006529000,231,126,105,8339.1
19600006530000,70,35,35,2947
19600006531000,11,8,3,452.1
19600006532000,37,17,20,1176.6
19600006533000,9,4,5,437.4
19600006534000,7,3,4,354.9
19600006535000,3,2,1,0
19600006536000,14,10,4,459.2
19600006537000,35,17,18,959
19600006538000,17,10,7,627.3
19600006539000,32,15,17,947.2
19600006540000,19,8,11,803.7
19600006541000,43,24,19,1186.8
19600006542000,26,14,12,787.8
19600006543000,29,18,11,1136.8
19600006544000,59,32,27,1823.1
19600006545000,16,10,6,489.6
19600006546000,164,87,77,6658.4
19600006547000,2395,1217,1178,79514
19600006548000,1353,654,699,53308.2
19600006549000,126,65,61,4636.8
19600006550000,56,25,31,1948.8
19600006551000,105,59,46,3349.5
19600006552000,345,179,166,12420
19600006553000,50,24,26,1815
19600006554000,77,41,36,3003
19600006555000,14,9,5,495.6
19600006556000,43,25,18,1737.2
19600006557000,33,18,15,1115.4
19600006558000,24,14,10,1063.2
19600006559000,51,35,16,2029.8
19600006560000,11,5,6,401.5
19600006561000,75,45,30,2692.5
19600006562000,55,28,27,2403.5
19600006563000,30,19,11,1200
19600006564000,2,1,1,0
19600006565000,261,124,137,8795.7
19600006566000,142,76,66,4700.2
19600006567000,29,15,14,1046.9
19600006568000,115,62,53,3714.5
19600006569000,932,472,460,32340.4
19600006570000,354,182,172,12673.2
19600006571000,67,36,31,2345
19600006572000,168,92,76,6249.6
19600006573000,461,245,216,16457.7
19600006574000,2388,1178,1210,83341.2
19600006575000,29,17,12,986
19600006576000,70,33,37,2926
19600006577000,100,56,44,3670
19600006578000,114,61,53,4309.2
19600006579000,123,65,58,4206.6
19600006580000,30,17,13,1038
19600006581000,41,17,24,1681
19600006589000,7,3,4,189
19600006610000,4,1,3,0
19600006612000,1,1,0,0
19600006613000,6,2,4,130.2
19600006614000,2,1,1,0
19600006615000,76,40,36,3199.6
19600006616000,28,16,12,1299.2
19600006617000,3,2,1,0
19600006619000,3,2,1,0
19600006620000,41,22,19,1685.1
19600006621000,74,39,35,2634.4
19600006622000,62,30,32,1791.8
19600006623000,97,51,46,3007
19600006625000,537,282,255,13263.9
19600006626000,306,156,150,10648.8
19600006627000,42,18,24,1738.8
19600006628000,1,0,1,0
19600006629000,40,14,26,1564
19600006630000,51,26,25,2223.6
19600006631000,7,3,4,209.3
19600006632000,7,4,3,475.3
19600006635000,26,14,12,884
19600006636000,33,17,16,1122
19600006637000,40,21,19,2052
19600006638000,13,6,7,452.4
19600006639000,15,9,6,733.5
19600006640000,17,8,9,547.4
19600006641000,9,4,5,420.3
19600006642000,2,0,2,0
19600006643000,5,3,2,132
19600006644000,14,8,6,600.6
19600006647000,30,16,14,978
19600006648000,72,39,33,2548.8
19600006649000,28,13,15,985.6
19600006650000,4,2,2,0
19600006656000,19,11,8,798
19600006657000,201,107,94,7718.4
19600006659000,6,4,2,166.2
19600006665000,276,134,142,9522
19600006666000,184,100,84,5961.6
19600006667000,64,34,30,2707.2
19600006669000,14,8,6,907.2
19600006675000,56,23,33,2021.6
19600006676000,55,34,21,2068
19600006677000,2,1,1,0
19600006678000,42,15,27,1953
19600006679000,108,51,57,4104
19600006680000,51,26,25,2004.3
19600006681000,151,75,76,5828.6
19600006682000,533,268,265,21053.5
19600006683000,4,2,2,0
19600006685000,14,5,9,681.8
19600006686000,53,29,24,2093.5
19600006687000,6,3,3,253.8
19600006688000,8,3,5,311.2
19600006694000,13,9,4,747.5
19600006696000,15,9,6,652.5
19600006698000,3,1,2,0
19600006699000,23,10,13,765.9
19600006700000,33,15,18,1122
19600006719000,73,40,33,2795.9
19600006721000,219,108,111,7993.5
19600006722000,110,58,52,4664
19600006723000,59,37,22,2236.1
19600006724000,305,169,136,12169.5
19600006725000,6,3,3,262.2
19600006726000,124,71,53,4885.6
19600006727000,6,4,2,333
19600006728000,940,473,467,35532
19600006729000,1032,526,506,39009.6
19600006730000,290,153,137,10092
19600006731000,64,29,35,2188.8
19600006732000,535,269,266,18029.5
19600006733000,1699,864,835,59125.2
19600006734000,23,10,13,811.9
19600006735000,172,87,85,5762
19600006736000,890,454,436,29192
19600006737000,434,196,238,16709
19600006738000,103,51,52,4367.2
19600006739000,1244,631,613,36449.2
19600006740000,309,152,157,12761.7
19600006741000,550,275,275,18975
19600006742000,154,84,70,5759.6
19600006743000,72,36,36,2592
19600006746000,7,4,3,322.7
19600006747000,85,40,45,3544.5
19600006748000,7,4,3,174.3
19600006750000,247,127,120,7731.1
19600006751000,48,24,24,2140.8
19600006752000,46,20,26,1826.2
19600006753000,15,9,6,451.5
19600006754000,51,27,24,1749.3
19600006757000,59,32,27,2000.1
19600006758000,2,1,1,0
19600006761000,10,6,4,535
19600006763000,67,32,35,2070.3
19600006764000,31,18,13,1457
19600006773000,2,1,1,0
19600006775000,7,4,3,177.1
19600006776000,71,35,36,2705.1
19600006777000,26,16,10,1136.2
19600006779000,18,7,11,811.8
19600006794000,44,23,21,1513.6
19600006796000,13,6,7,405.6
19600006804000,4,3,1,0
19600006818000,4,3,1,0
19600006819000,3,2,1,0
19600006820000,5,3,2,227
19600006843000,14,8,6,518
19600006844000,26,15,11,863.2
19600006867000,18,10,8,757.8
19600006868000,10,6,4,431
19600006870000,22,10,12,1100
19610006526000,232,119,113,7516.8
19610006527000,16,9,7,716.8
19610006528000,253,145,108,7311.7
19610006529000,44,25,19,1619.2
19610006530000,11,5,6,508.2
19610006532000,7,3,4,394.8
19610006533000,5,4,1,200
19610006534000,15,7,8,262.5
19610006535000,9,4,5,261.9
19610006536000,33,15,18,1118.7
19610006537000,13,8,5,295.1
19610006539000,4,2,2,0
19610006540000,5,2,3,182
19610006541000,22,11,11,829.4
19610006542000,14,7,7,862.4
19610006543000,2,1,1,0
19610006544000,39,18,21,1583.4
19610006545000,33,19,14,1046.1
19610006546000,18,11,7,631.8
19610006547000,639,329,310,16869.6
19610006548000,76,35,41,2416.8
19610006550000,14,7,7,562.8
19610006551000,197,101,96,5870.6
19610006552000,697,354,343,23070.7
19610006553000,28,16,12,1268.4
19610006554000,44,23,21,1628
19610006555000,33,19,14,1042.8
19610006556000,43,20,23,1298.6
19610006557000,52,27,25,1825.2
19610006558000,109,59,50,3324.5
19610006559000,70,35,35,2359
19610006560000,37,21,16,1720.5
19610006561000,56,34,22,1898.4
19610006562000,31,18,13,1391.9
19610006563000,17,10,7,698.7
19610006564000,5,5,0,156
19610006565000,27,9,18,1730.7
19610006566000,85,45,40,2626.5
19610006568000,6,5,1,211.8
19610006569000,52,32,20,1856.4
19610006570000,33,20,13,1023
19610006571000,30,15,15,1767
19610006572000,72,30,42,3340.8
19610006573000,2325,1160,1165,88117.5
19610006574000,1399,706,693,52182.7
19610006575000,1158,602,556,43193.4
19610006576000,820,404,416,29602
19610006577000,1117,562,555,39430.1
19610006578000,525,280,245,18532.5
19610006579000,72,46,26,3096
19610006580000,100,51,49,4070
19610006581000,15,7,8,637.5
19610006588000,32,20,12,1385.6
19610006589000,6,4,2,187.8
19610006591000,2,1,1,0
19610006609000,8,6,2,340.8
19610006610000,22,9,13,1232
19610006611000,38,15,23,1337.6
19610006612000,27,12,15,810
19610006616000,11,6,5,530.2
19610006622000,52,24,28,1950
19610006623000,5,3,2,95
19610006624000,3,2,1,0
19610006626000,56,28,28,2027.2
19610006630000,10,6,4,445
19610006632000,3,2,1,0
19610006636000,8,2,6,264.8
19610006637000,7,3,4,214.2
19610006638000,1,1,0,0
19610006639000,70,32,38,2072
19610006642000,9,4,5,449.1
19610006643000,21,9,12,842.1
19610006644000,9,4,5,557.1
19610006645000,2,2,0,0
19610006647000,3,2,1,0
19610006651000,7,5,2,359.8
19610006664000,305,159,146,9211
19610006665000,496,276,220,19195.2
19610006666000,424,223,201,14755.2
19610006668000,2,0,2,0
19610006675000,12,3,9,399.6
19610006676000,6,5,1,219
19610006679000,4,2,2,0
19610006681000,27,14,13,907.2
19610006682000,64,32,32,2995.2
19610006683000,2,2,0,0
19610006684000,10,4,6,566
19610006685000,15,7,8,871.5
19610006686000,10,6,4,369
19610006687000,25,10,15,1107.5
19610006696000,17,9,8,630.7
19610006697000,6,3,3,436.8
19610006718000,74,39,35,2738
19610006719000,336,173,163,12062.4
19610006720000,925,474,451,33115
19610006721000,278,133,145,10341.6
19610006722000,117,59,58,4352.4
19610006723000,54,27,27,2516.4
19610006726000,265,148,117,8983.5
19610006727000,106,49,57,3805.4
19610006728000,128,70,58,4940.8
19610006729000,202,120,82,6787.2
19610006730000,507,256,251,20077.2
19610006731000,696,356,340,24568.8
19610006732000,144,72,72,6379.2
19610006733000,976,487,489,33574.4
19610006734000,1530,775,755,61047
19610006735000,93,46,47,3692.1
19610006736000,813,411,402,26910.3
19610006737000,326,158,168,9454
19610006738000,525,267,258,18690
19610006739000,471,245,226,14742.3
19610006740000,9,7,2,242.1
19610006747000,102,52,50,3916.8
19610006750000,492,251,241,14169.6
19610006751000,35,15,20,1449
19610006752000,104,53,51,3858.4
19610006753000,9,6,3,133.2
19610006757000,40,21,19,1932
19610006758000,1,0,1,0
19610006759000,5,2,3,240
19610006760000,7,3,4,324.8
19610006761000,27,10,17,1198.8
19610006762000,110,60,50,4136
19610006763000,71,39,32,2676.7
19610006765000,17,9,8,600.1
19610006766000,9,7,2,249.3
19610006768000,17,11,6,836.4
19610006769000,10,8,2,283
19610006772000,4,3,1,0
19610006773000,6,4,2,328.2
19610006774000,12,7,5,499.2
19610006775000,14,6,8,693
19610006776000,26,13,13,1209
19610006778000,11,5,6,544.5
19610006779000,37,20,17,1620.6
19610006791000,1,0,1,0
19610006794000,8,5,3,266.4
19610006795000,1,1,0,0
19610006796000,1,1,0,0
19610006804000,5,2,3,188
19610006823000,1,1,0,0
19610006842000,8,6,2,550.4
19610006843000,32,15,17,1670.4
19610006844000,14,7,7,743.4
19610006868000,5,2,3,263
19610006873000,9,5,4,396.9
19610006874000,73,35,38,2912.7
19610006876000,2,1,1,0
19620006525000,39,23,16,1478.1
19620006526000,217,111,106,8528.1
19620006527000,3,2,1,0
19620006528000,248,131,117,5976.8
19620006529000,23,14,9,830.3
19620006530000,2,1,1,0
19620006531000,4,2,2,0
19620006532000,11,7,4,385
19620006533000,21,11,10,718.2
19620006534000,16,8,8,537.6
19620006535000,35,17,18,1330
19620006536000,17,8,9,448.8
19620006537000,26,12,14,878.8
19620006539000,12,6,6,350.4
19620006540000,8,4,4,266.4
19620006541000,16,9,7,564.8
19620006542000,25,13,12,980
19620006543000,14,8,6,645.4
19620006544000,50,27,23,2015
19620006545000,30,13,17,1296
19620006546000,65,29,36,2606.5
19620006547000,42,16,26,1818.6
19620006548000,45,21,24,1872
19620006549000,19,8,11,754.3
19620006551000,5,2,3,151
19620006552000,770,381,389,24409
19620006553000,356,192,164,10786.8
19620006554000,29,17,12,1035.3
19620006555000,98,58,40,3782.8
19620006556000,34,17,17,1360
19620006557000,45,24,21,1674
19620006558000,81,39,42,2713.5
19620006559000,96,50,46,3657.6
19620006560000,6,3,3,330
19620006561000,58,29,29,2395.4
19620006562000,48,24,24,1396.8
19620006563000,62,37,25,2480
19620006564000,2388,1219,1169,83818.8
19620006565000,2071,1003,1068,94644.7
19620006566000,616,317,299,21929.6
19620006567000,483,258,225,16228.8
19620006570000,1027,530,497,38615.2
19620006571000,648,333,315,25012.8
19620006572000,1364,685,679,45148.4
19620006573000,1388,696,692,45387.6
19620006574000,40,24,16,1528
19620006575000,43,21,22,1715.7
19620006576000,129,65,64,5134.2
19620006577000,1532,741,791,59594.8
19620006578000,624,306,318,23337.6
19620006579000,79,45,34,3057.3
19620006580000,10,5,5,548
19620006588000,125,65,60,4337.5
19620006589000,16,8,8,657.6
19620006591000,32,14,18,1356.8
19620006592000,12,5,7,489.6
19620006608000,2,1,1,0
19620006609000,13,6,7,544.7
19620006610000,4,2,2,0
19620006614000,5,3,2,150
19620006615000,5,3,2,339
19620006616000,19,10,9,680.2
19620006622000,55,27,28,2134
19620006623000,3,2,1,0
19620006624000,5,3,2,94
19620006626000,19,9,10,870.2
19620006628000,6,3,3,223.2
19620006629000,6,4,2,208.8
19620006635000,3,2,1,0
19620006637000,8,4,4,280
19620006638000,2,1,1,0
19620006639000,9,4,5,366.3
19620006645000,39,18,21,1700.4
19620006646000,35,17,18,1102.5
19620006650000,10,3,7,342
19620006651000,51,29,22,2075.7
19620006652000,8,4,4,404
19620006653000,1,0,1,0
19620006661000,33,16,17,1428.9
19620006662000,7,4,3,396.2
19620006664000,243,121,122,8262
19620006665000,520,279,241,20488
19620006666000,823,405,418,27405.9
19620006686000,13,9,4,448.5
19620006715000,3,1,2,0
19620006718000,103,51,52,4150.9
19620006719000,429,224,205,16602.3
19620006720000,704,353,351,25273.6
19620006721000,410,198,212,14555
19620006722000,377,188,189,15419.3
19620006723000,321,169,152,12326.4
19620006725000,4,2,2,0
19620006726000,533,276,257,19401.2
19620006727000,55,30,25,1930.5
19620006728000,489,245,244,18728.7
19620006729000,879,434,445,34632.6
19620006730000,2017,1013,1004,74427.3
19620006731000,2961,1425,1536,113702.4
19620006732000,2150,1057,1093,87290
19620006733000,2731,1313,1418,107328.3
19620006734000,2940,1462,1478,112896
19620006735000,282,147,135,13197.6
19620006736000,667,336,331,25479.4
19620006737000,1644,845,799,65266.8
19620006738000,587,281,306,23949.6
19620006740000,60,34,26,2718
19620006741000,868,445,423,29772.4
19620006742000,10,6,4,279
19620006743000,11,7,4,588.5
19620006744000,65,34,31,2639
19620006745000,114,53,61,4092.6
19620006746000,148,74,74,5653.6
19620006747000,38,21,17,1219.8
19620006748000,128,65,63,3545.6
19620006749000,25,13,12,770
19620006750000,26,14,12,1099.8
19620006751000,79,40,39,2670.2
19620006752000,33,14,19,1267.2
19620006753000,23,10,13,908.5
19620006754000,7,3,4,326.2
19620006755000,33,17,16,1290.3
19620006756000,12,6,6,463.2
19620006759000,30,20,10,1116
19620006760000,145,74,71,5089.5
19620006761000,50,29,21,1990
19620006762000,7,4,3,296.1
19620006764000,12,5,7,590.4
19620006765000,30,18,12,1365
19620006766000,32,16,16,1529.6
19620006767000,22,10,12,446.6
19620006768000,26,13,13,1032.2
19620006771000,3,2,1,0
19620006773000,2,1,1,0
19620006774000,18,10,8,941.4
19620006776000,6,3,3,459
19620006777000,41,23,18,1713.8
19620006791000,7,4,3,406
19620006795000,2,1,1,0
19620006799000,1,1,0,0
19620006801000,17,10,7,530.4
19620006802000,1,0,1,0
19620006804000,1,0,1,0
19620006823000,3,2,1,0
19620006824000,1,0,1,0
19620006834000,12,8,4,546
19620006867000,6,3,3,274.2
19620006873000,6,3,3,313.2
19630006525000,6,3,3,295.8
19630006526000,25,13,12,902.5
19630006527000,25,13,12,760
19630006529000,28,15,13,996.8
19630006535000,23,10,13,1018.9
19630006536000,5,2,3,238
19630006538000,6,1,5,198
19630006539000,12,7,5,606
19630006541000,44,25,19,1821.6
19630006542000,28,14,14,954.8
19630006543000,24,12,12,1118.4
19630006544000,8,4,4,315.2
19630006545000,28,13,15,893.2
19630006546000,7,2,5,251.3
19630006547000,53,27,26,2236.6
19630006548000,30,14,16,1092
19630006549000,17,8,9,734.4
19630006550000,40,20,20,1224
19630006551000,26,14,12,743.6
19630006552000,4,2,2,0
19630006553000,178,81,97,7102.2
19630006554000,26,15,11,1201.2
19630006555000,96,53,43,3091.2
19630006556000,130,69,61,4823
19630006557000,152,74,78,5684.8
19630006558000,41,19,22,1845
19630006559000,142,78,64,5566.4
19630006560000,10,4,6,486
19630006561000,62,38,24,2281.6
19630006562000,58,29,29,2140.2
19630006563000,23,13,10,1117.8
19630006564000,2729,1372,1357,74501.7
19630006565000,599,317,282,21444.2
19630006566000,157,76,81,6091.6
19630006567000,1693,853,840,62810.3
19630006568000,28,15,13,966
19630006570000,120,59,61,5196
19630006571000,838,444,394,30419.4
19630006572000,1036,511,525,39160.8
19630006573000,37,16,21,1768.6
19630006574000,464,242,222,14384
19630006575000,188,108,80,7501.2
19630006576000,112,57,55,3942.4
19630006577000,481,233,248,16546.4
19630006578000,869,436,433,29285.3
19630006579000,204,112,92,7038
19630006588000,106,59,47,4197.6
19630006589000,3,1,2,0
19630006591000,247,132,115,7039.5
19630006592000,77,38,39,3149.3
19630006609000,1,1,0,0
19630006612000,11,7,4,469.7
19630006613000,2,1,1,0
19630006615000,19,7,12,628.9
19630006617000,11,5,6,322.3
19630006618000,16,8,8,540.8
19630006619000,3,1,2,0
19630006620000,8,4,4,404
19630006621000,8,4,4,511.2
19630006622000,12,7,5,598.8
19630006623000,27,15,12,1223.1
19630006624000,5,3,2,228
19630006625000,11,6,5,465.3
19630006626000,4,2,2,0
19630006628000,4,2,2,0
19630006630000,37,18,19,1406
19630006632000,13,7,6,474.5
19630006634000,3,1,2,0
19630006635000,16,9,7,520
19630006639000,5,3,2,329
19630006640000,1,1,0,0
19630006644000,11,5,6,234.3
19630006646000,249,122,127,10383.3
19630006647000,178,98,80,5037.4
19630006649000,17,9,8,697
19630006650000,16,8,8,705.6
19630006651000,5,4,1,216
19630006652000,51,29,22,1830.9
19630006653000,59,31,28,2206.6
19630006654000,3,1,2,0
19630006663000,123,63,60,3591.6
19630006664000,334,166,168,11589.8
19630006666000,257,139,118,9380.5
19630006667000,28,18,10,926.8
19630006686000,16,9,7,550.4
19630006692000,37,18,19,1598.4
19630006715000,65,34,31,2645.5
19630006716000,318,176,142,12529.2
19630006717000,84,50,34,3292.8
19630006720000,69,35,34,2960.1
19630006721000,234,123,111,8845.2
19630006722000,394,209,185,13790
19630006723000,841,429,412,33976.4
19630006724000,799,429,370,28604.2
19630006725000,1562,770,792,53108
19630006726000,625,310,315,23625
19630006727000,609,308,301,24299.1
19630006728000,1611,803,808,60251.4
19630006729000,827,390,437,34568.6
19630006730000,432,220,212,15638.4
19630006731000,143,77,66,5205.2
19630006733000,2,0,2,0
19630006734000,32,18,14,1200
19630006735000,26,21,5,1172.6
19630006736000,149,70,79,6749.7
19630006737000,997,501,496,39481.2
19630006738000,772,410,362,27946.4
19630006739000,715,361,354,28099.5
19630006740000,780,402,378,28002
19630006741000,1138,567,571,37667.8
19630006742000,142,74,68,6446.8
19630006743000,206,112,94,7951.6
19630006744000,557,272,285,23226.9
19630006745000,387,193,194,13699.8
19630006746000,5,2,3,220
19630006748000,122,64,58,4477.4
19630006749000,65,37,28,2502.5
19630006750000,88,46,42,4136
19630006751000,54,30,24,2084.4
19630006752000,22,15,7,869
19630006753000,13,7,6,295.1
19630006754000,63,42,21,1971.9
19630006755000,6,5,1,210
19630006756000,12,6,6,510
19630006757000,86,44,42,3319.6
19630006758000,62,26,36,2356
19630006759000,45,26,19,2052
19630006760000,349,188,161,11970.7
19630006761000,12,12,0,505.2
19630006766000,12,4,8,477.6
19630006770000,6,2,4,259.2
19630006773000,13,6,7,709.8
19630006774000,3,1,2,0
19630006775000,20,9,11,1068
19630006776000,26,13,13,1396.2
19630006778000,4,2,2,0
19630006785000,2,1,1,0
19630006786000,46,20,26,1573.2
19630006791000,15,5,10,513
19630006792000,3,1,2,0
19630006800000,1,0,1,0
19630006801000,127,62,65,4711.7
19630006806000,17,9,8,773.5
19630006807000,10,5,5,391
19630006809000,5,3,2,318
19630006818000,6,4,2,346.2
19630006822000,2,1,1,0
19630006839000,20,12,8,1062
19630006840000,8,2,6,244
19630006868000,1,1,0,0
19630006879000,1,0,1,0
19640006520000,28,15,13,1346.8
19640006521000,307,157,150,11389.7
19640006523000,2,1,1,0
19640006524000,11,5,6,415.8
19640006525000,7,4,3,284.2
19640006526000,22,11,11,1086.8
19640006527000,34,13,21,1261.4
19640006528000,29,19,10,841
19640006529000,13,4,9,354.9
19640006536000,4,2,2,0
19640006539000,5,3,2,275
19640006541000,14,9,5,736.4
19640006542000,21,12,9,951.3
19640006544000,17,6,11,440.3
19640006545000,7,5,2,237.3
19640006546000,17,11,6,719.1
19640006547000,1016,531,485,35661.6
19640006548000,359,192,167,10375.1
19640006550000,43,24,19,1603.9
19640006551000,264,138,126,8870.4
19640006552000,1025,529,496,32287.5
19640006553000,1782,904,878,62370
19640006554000,406,214,192,11774
19640006555000,27,13,14,988.2
19640006556000,254,135,119,6908.8
19640006557000,2654,1334,1320,83070.2
19640006558000,854,409,445,31939.6
19640006559000,1312,667,645,47100.8
19640006560000,1177,578,599,35780.8
19640006561000,98,50,48,3675
19640006562000,82,46,36,3567
19640006563000,36,18,18,1404
19640006564000,34,16,18,1400.8
19640006565000,18,10,8,743.4
19640006566000,45,25,20,1674
19640006567000,674,362,312,24668.4
19640006568000,378,204,174,12398.4
19640006569000,72,40,32,2865.6
19640006570000,816,401,415,32395.2
19640006571000,2505,1251,1254,91182
19640006572000,776,378,398,34997.6
19640006574000,30,16,14,1110
19640006575000,125,65,60,4912.5
19640006576000,369,187,182,12140.1
19640006577000,875,433,442,27300
19640006578000,1154,606,548,41544
19640006579000,5,2,3,123
19640006581000,199,105,94,6686.4
19640006582000,13,8,5,457.6
19640006586000,55,31,24,2299
19640006587000,12,7,5,549.6
19640006588000,35,17,18,1718.5
19640006589000,1,0,1,0
19640006591000,45,24,21,1638
19640006612000,3,2,1,0
19640006613000,4,2,2,0
19640006614000,5,3,2,171
19640006615000,7,4,3,212.1
19640006616000,2,1,1,0
19640006617000,3,1,2,0
19640006620000,4,2,2,0
19640006621000,4,2,2,0
19640006626000,58,32,26,2285.2
19640006627000,11,4,7,353.1
19640006628000,5,3,2,251
19640006630000,18,10,8,781.2
19640006631000,22,8,14,776.6
19640006632000,14,9,5,509.6
19640006633000,1,1,0,0
19640006634000,22,13,9,805.2
19640006635000,9,6,3,415.8
19640006640000,13,8,5,754
19640006641000,4,3,1,0
19640006646000,31,19,12,995.1
19640006647000,9,6,3,371.7
19640006648000,3,2,1,0
19640006650000,4,3,1,0
19640006651000,1,1,0,0
19640006652000,14,9,5,805
19640006653000,33,19,14,1395.9
19640006654000,19,11,8,936.7
19640006655000,32,18,14,1507.2
19640006656000,25,13,12,1160
19640006662000,600,309,291,16260
19640006663000,289,143,146,8120.9
19640006664000,174,95,79,4906.8
19640006665000,10,4,6,380
19640006666000,40,21,19,1104
19640006667000,26,14,12,1040
19640006684000,13,6,7,756.6
19640006685000,27,15,12,1185.3
19640006686000,4,3,1,0
19640006690000,1,1,0,0
19640006692000,5,2,3,328
19640006696000,5,3,2,226
19640006697000,2,1,1,0
19640006698000,7,2,5,415.1
19640006708000,60,32,28,2322
19640006709000,54,29,25,2295
19640006710000,1,1,0,0
19640006715000,2,2,0,0
19640006716000,17,8,9,678.3
19640006717000,106,56,50,3890.2
19640006718000,120,54,66,4980
19640006719000,116,57,59,4466
19640006720000,122,60,62,4623.8
19640006721000,42,20,22,1461.6
19640006722000,109,56,53,5024.9
19640006723000,223,123,100,9076.1
19640006724000,1636,813,823,56932.8
19640006725000,3313,1586,1727,111316.8
19640006726000,1047,505,542,37901.4
19640006727000,1226,633,593,46465.4
19640006728000,1320,675,645,50952
19640006729000,1815,896,919,73689
19640006730000,290,144,146,14732
19640006732000,1280,649,631,47104
19640006733000,980,502,478,37828
19640006734000,915,456,459,33763.5
19640006736000,10,6,4,267
19640006737000,245,128,117,9824.5
19640006738000,18,9,9,975.6
19640006739000,1,1,0,0
19640006742000,107,48,59,4558.2
19640006747000,262,136,126,9379.6
19640006748000,711,367,344,22680.9
19640006749000,258,135,123,7765.8
19640006750000,59,35,24,2371.8
19640006751000,22,13,9,785.4
19640006752000,377,179,198,10631.4
19640006753000,175,92,83,5127.5
19640006755000,38,19,19,1223.6
19640006756000,33,15,18,1283.7
19640006757000,60,32,28,1896
19640006758000,112,58,54,4177.6
19640006759000,11,6,5,794.2
19640006760000,73,32,41,2664.5
19640006761000,18,11,7,842.4
19640006762000,18,12,6,651.6
19640006763000,16,8,8,686.4
19640006764000,63,31,32,2608.2
19640006765000,46,23,23,1991.8
19640006766000,9,5,4,419.4
19640006769000,24,16,8,936
19640006770000,18,8,10,707.4
19640006772000,28,15,13,1164.8
19640006773000,352,191,161,12707.2
19640006774000,799,408,391,27405.7
19640006775000,8,4,4,290.4
19640006777000,10,7,3,342
19640006785000,11,5,6,413.6
19640006786000,4,3,1,0
19640006787000,17,9,8,707.2
19640006788000,45,22,23,1512
19640006789000,29,10,19,974.4
19640006790000,2,1,1,0
19640006791000,6,4,2,355.2
19640006800000,1,1,0,0
19640006801000,134,57,77,6847.4
19640006806000,10,5,5,306
19640006809000,1,1,0,0
19640006831000,3,1,2,0
19640006832000,16,8,8,908.8
19640006839000,23,12,11,1023.5
19640006840000,5,1,4,224
19640006888000,9,5,4,315.9
19650006519000,14,6,8,449.4
19650006520000,10,6,4,490
19650006521000,267,145,122,10866.9
19650006522000,18,8,10,682.2
19650006523000,356,173,183,12958.4
19650006524000,7,2,5,242.2
19650006527000,4,2,2,0
19650006528000,9,4,5,414
19650006529000,5,3,2,84
19650006530000,9,4,5,315
19650006535000,1,1,0,0
19650006536000,4,3,1,0
19650006539000,9,3,6,376.2
19650006541000,297,168,129,10246.5
19650006542000,101,52,49,3676.4
19650006543000,15,8,7,373.5
19650006544000,52,29,23,2038.4
19650006545000,27,15,12,1080
19650006546000,32,17,15,1158.4
19650006547000,598,314,284,19494.8
19650006548000,198,100,98,5405.4
19650006551000,815,400,415,25591
19650006552000,408,213,195,12892.8
19650006553000,383,221,162,13749.7
19650006554000,47,31,16,1974
19650006555000,32,16,16,1564.8
19650006556000,119,68,51,4403
19650006557000,1969,997,972,71474.7
19650006558000,2764,1363,1401,100609.6
19650006559000,1765,886,879,64422.5
19650006560000,3122,1575,1547,115201.8
19650006561000,2262,1141,1121,76003.2
19650006562000,1838,934,904,56794.2
19650006563000,37,18,19,1642.8
19650006564000,81,38,43,2972.7
19650006565000,267,131,136,8143.5
19650006566000,795,424,371,26632.5
19650006567000,111,60,51,4362.3
19650006568000,63,35,28,3213
19650006569000,827,430,397,27704.5
19650006570000,1533,783,750,58713.9
19650006571000,4395,2037,2358,177997.5
19650006572000,3109,1484,1625,121872.8
19650006573000,2035,1011,1024,82621
19650006574000,429,206,223,17760.6
19650006575000,2176,1054,1122,74636.8
19650006576000,3931,1981,1950,138371.2
19650006577000,506,258,248,20290.6
19650006581000,41,23,18,1672.8
19650006582000,125,68,57,4075
19650006583000,92,38,54,3155.6
19650006585000,20,11,9,864
19650006586000,51,27,24,2096.1
19650006587000,22,14,8,906.4
19650006589000,5,2,3,97
19650006590000,6,3,3,253.2
19650006591000,54,28,26,2143.8
19650006592000,3,1,2,0
19650006613000,48,23,25,2136
19650006614000,37,18,19,1202.5
19650006624000,3,2,1,0
19650006625000,3,1,2,0
19650006626000,68,35,33,2699.6
19650006627000,25,13,12,947.5
19650006628000,4,2,2,0
19650006631000,39,20,19,1349.4
19650006632000,43,22,21,1543.7
19650006633000,19,12,7,767.6
19650006634000,25,13,12,917.5
19650006635000,8,2,6,276.8
19650006637000,12,7,5,367.2
19650006641000,2,1,1,0
19650006642000,7,3,4,321.3
19650006643000,5,2,3,232
19650006644000,19,12,7,710.6
19650006654000,11,6,5,354.2
19650006655000,32,16,16,1363.2
19650006656000,104,55,49,4503.2
19650006657000,11,6,5,458.7
19650006662000,772,393,379,25012.8
19650006663000,904,467,437,30916.8
19650006665000,21,9,12,590.1
19650006666000,52,28,24,2126.8
19650006667000,6,4,2,180
19650006684000,19,10,9,822.7
19650006687000,4,1,3,0
19650006689000,10,6,4,379
19650006690000,2,1,1,0
19650006692000,20,12,8,1106
19650006693000,14,7,7,586.6
19650006697000,2,1,1,0
19650006705000,131,78,53,4178.9
19650006706000,34,17,17,608.6
19650006708000,20,13,7,790
19650006709000,182,91,91,6479.2
19650006710000,21,10,11,947.1
19650006711000,17,6,11,722.5
19650006718000,122,60,62,5014.2
19650006719000,26,14,12,1084.2
19650006720000,169,82,87,7976.8
19650006721000,5,3,2,227
19650006722000,918,435,483,27540
19650006723000,1055,516,539,32177.5
19650006724000,3096,1500,1596,115480.8
19650006725000,830,416,414,27971
19650006726000,79,36,43,2962.5
19650006727000,2805,1372,1433,111078
19650006728000,3305,1619,1686,130547.5
19650006729000,3758,1733,2025,158211.8
19650006730000,3258,1553,1705,133903.8
19650006731000,761,352,409,34245
19650006733000,924,472,452,36775.2
19650006734000,2351,1224,1127,90043.3
19650006743000,27,13,14,1107
19650006744000,658,343,315,27701.8
19650006745000,43,23,20,1500.7
19650006747000,4,2,2,0
19650006748000,1024,500,524,41676.8
19650006749000,316,151,165,13114
19650006750000,106,54,52,4123.4
19650006751000,138,60,78,5050.8
19650006752000,20,11,9,794
19650006754000,660,315,345,20064
19650006755000,447,234,213,15600.3
19650006756000,61,32,29,2214.3
19650006757000,139,68,71,5156.9
19650006758000,69,32,37,3139.5
19650006759000,48,25,23,2064
19650006760000,42,23,19,1768.2
19650006761000,18,12,6,685.8
19650006762000,41,21,20,1230
19650006763000,30,14,16,1332
19650006764000,1,1,0,0
19650006767000,25,15,10,730
19650006770000,8,2,6,284
19650006772000,34,18,16,1802
19650006773000,40,21,19,1792
19650006774000,204,98,106,9547.2
19650006775000,8,5,3,359.2
19650006777000,3,2,1,0
19650006785000,27,13,14,988.2
19650006789000,10,5,5,478
19650006790000,1,1,0,0
19650006791000,4,2,2,0
19650006800000,11,3,8,460.9
19650006801000,33,16,17,1356.3
19650006802000,25,12,13,915
19650006809000,1,1,0,0
19650006810000,2,1,1,0
19650006828000,7,5,2,284.9
19650006829000,6,4,2,202.8
19650006831000,6,2,4,187.2
19650006832000,13,8,5,499.2
19650006833000,19,11,8,925.3
19650006835000,17,11,6,676.6
19650006839000,16,9,7,673.6
19650006840000,7,2,5,228.2
19650006844000,7,5,2,371.7
19650006845000,7,4,3,193.2
19650006861000,3,1,2,0
19650006862000,21,14,7,936.6
19650006878000,9,4,5,581.4
19650006882000,1,0,1,0
19650006883000,5,2,3,216
19650006889000,3,2,1,0
19660006519000,29,15,14,1128.1
19660006521000,5,2,3,135
19660006522000,19,8,11,590.9
19660006523000,40,20,20,1344
19660006527000,23,13,10,1113.2
19660006529000,7,2,5,156.8
19660006530000,20,12,8,694
19660006536000,1,1,0,0
19660006537000,11,7,4,426.8
19660006539000,25,14,11,982.5
19660006540000,9,5,4,480.6
19660006541000,144,70,74,4896
19660006542000,48,25,23,2184
19660006543000,16,7,9,550.4
19660006545000,10,6,4,585
19660006546000,5,3,2,108
19660006547000,1,0,1,0
19660006548000,6,2,4,138
19660006550000,3,2,1,0
19660006551000,3,2,1,0
19660006552000,9,6,3,497.7
19660006553000,14,8,6,625.8
19660006554000,15,8,7,585
19660006555000,3,2,1,0
19660006556000,1880,938,942,45684
19660006557000,803,436,367,26659.6
19660006558000,898,481,417,30352.4
19660006559000,1877,957,920,73203
19660006560000,2944,1483,1461,131596.8
19660006561000,3405,1727,1678,128709
19660006562000,2756,1388,1368,100594
19660006563000,2398,1254,1144,87527
19660006564000,1248,665,583,41808
19660006565000,2400,1198,1202,87600
19660006566000,3193,1609,1584,103772.5
19660006567000,877,448,429,26660.8
19660006568000,2593,1268,1325,98274.7
19660006569000,199,100,99,7641.6
19660006570000,271,128,143,10514.8
19660006571000,3370,1665,1705,128397
19660006572000,1222,623,599,48513.4
19660006573000,3495,1712,1783,141198
19660006574000,3495,1712,1783,133858.5
19660006575000,2774,1416,1358,102915.4
19660006576000,1424,697,727,54539.2
19660006581000,37,21,16,1513.3
19660006582000,183,92,91,6276.9
19660006583000,31,12,19,1171.8
19660006584000,66,28,38,2290.2
19660006585000,26,13,13,907.4
19660006586000,54,27,27,1620
19660006587000,30,14,16,822
19660006588000,15,10,5,816
19660006591000,8,3,5,375.2
19660006613000,11,6,5,647.9
19660006614000,12,3,9,400.8
19660006615000,11,5,6,434.5
19660006618000,2,1,1,0
19660006622000,2,1,1,0
19660006624000,1,0,1,0
19660006626000,4,1,3,0
19660006628000,16,9,7,478.4
19660006629000,18,9,9,644.4
19660006631000,5,3,2,271
19660006632000,38,20,18,1349
19660006633000,13,7,6,582.4
19660006634000,3,2,1,0
19660006635000,13,8,5,535.6
19660006636000,16,8,8,651.2
19660006637000,34,22,12,1356.6
19660006638000,9,2,7,333
19660006642000,14,7,7,627.2
19660006643000,11,9,2,416.9
19660006644000,3,2,1,0
19660006647000,7,5,2,261.8
19660006648000,3,1,2,0
19660006650000,1,1,0,0
19660006657000,12,8,4,618
19660006662000,88,47,41,3828
19660006663000,598,301,297,22066.2
19660006664000,208,98,110,8548.8
19660006665000,95,50,45,3505.5
19660006666000,20,8,12,922
19660006667000,12,5,7,320.4
19660006668000,12,8,4,463.2
19660006683000,4,2,2,0
19660006684000,8,5,3,252.8
19660006686000,10,6,4,357
19660006687000,50,22,28,1955
19660006692000,10,5,5,488
19660006693000,6,3,3,229.8
19660006698000,2,1,1,0
19660006705000,128,63,65,4697.6
19660006706000,471,238,233,16343.7
19660006707000,24,14,10,1118.4
19660006708000,102,50,52,3651.6
19660006710000,84,42,42,3276
19660006711000,72,37,35,2685.6
19660006712000,125,67,58,4887.5
19660006713000,41,24,17,1836.8
19660006715000,14,9,5,771.4
19660006716000,12,8,4,711.6
19660006718000,138,65,73,5837.4
19660006719000,1088,553,535,43520
19660006720000,266,130,136,12209.4
19660006721000,24,12,12,979.2
19660006722000,736,374,362,23699.2
19660006723000,1593,787,806,60534
19660006724000,2122,1037,1085,82121.4
19660006725000,566,284,282,20998.6
19660006727000,1659,818,841,58728.6
19660006728000,1448,692,756,54010.4
19660006729000,873,400,473,39372.3
19660006730000,2243,1099,1144,102953.7
19660006731000,612,307,305,24357.6
19660006732000,2506,1280,1226,96731.6
19660006733000,3487,1889,1598,130065.1
19660006734000,368,205,163,12806.4
19660006737000,16,9,7,750.4
19660006738000,692,343,349,29133.2
19660006739000,1866,857,1009,86955.6
19660006740000,962,495,467,33766.2
19660006741000,459,220,239,18956.7
19660006742000,1293,639,654,50944.2
19660006743000,1221,587,634,50549.4
19660006744000,1953,963,990,72846.9
19660006745000,1597,780,817,68191.9
19660006746000,324,164,160,11696.4
19660006747000,501,262,239,17785.5
19660006749000,15,6,9,604.5
19660006750000,219,113,106,8190.6
19660006751000,16,9,7,980.8
19660006753000,1053,511,542,38013.3
19660006754000,198,104,94,6890.4
19660006755000,169,90,79,5881.2
19660006756000,106,56,50,4876
19660006757000,7,4,3,317.1
19660006761000,52,27,25,1757.6
19660006762000,6,4,2,313.8
19660006765000,4,3,1,0
19660006766000,13,5,8,560.3
19660006767000,167,87,80,4325.3
19660006768000,22,15,7,847
19660006769000,1,1,0,0
19660006770000,24,14,10,900
19660006772000,49,27,22,2156
19660006773000,2,1,1,0
19660006774000,15,7,8,604.5
19660006775000,53,25,28,2294.9
19660006776000,6,5,1,346.8
19660006785000,78,43,35,2745.6
19660006786000,20,11,9,788
19660006792000,15,9,6,456
19660006793000,5,4,1,163
19660006795000,62,29,33,2511
19660006797000,1,1,0,0
19660006798000,8,5,3,352
19660006799000,4,3,1,0
19660006809000,5,3,2,305
19660006828000,7,4,3,231.7
19660006830000,1,1,0,0
19660006831000,9,5,4,296.1
19660006832000,14,7,7,981.4
19660006833000,19,7,12,592.8
19660006834000,20,10,10,736
19660006835000,21,12,9,863.1
19660006839000,12,7,5,373.2
19660006840000,51,27,24,2386.8
19660006844000,22,12,10,985.6
19660006845000,27,11,16,769.5
19660006850000,2,2,0,0
19660006859000,1,1,0,0
19660006860000,17,10,7,863.6
19660006868000,12,6,6,447.6
19660006870000,2,1,1,0
19660006878000,16,9,7,806.4
19660006881000,6,3,3,366
19660006888000,10,5,5,473
19660006889000,109,60,49,4501.7
19660006890000,11,7,4,312.4
19660006894000,1,1,0,0
19670006518000,24,12,12,921.6
19670006519000,3,1,2,0
19670006523000,3,2,1,0
19670006529000,2,1,1,0
19670006530000,11,5,6,454.3
19670006531000,3,2,1,0
19670006536000,8,4,4,382.4
19670006537000,10,5,5,411
19670006539000,2,1,1,0
19670006540000,15,8,7,616.5
19670006541000,2,1,1,0
19670006542000,42,23,19,1381.8
19670006543000,26,13,13,1099.8
19670006545000,9,3,6,368.1
19670006548000,10,6,4,430
19670006550000,13,6,7,513.5
19670006551000,9,5,4,352.8
19670006553000,8,3,5,216.8
19670006555000,15,7,8,421.5
19670006556000,1617,819,798,43173.9
19670006557000,1478,757,721,42123
19670006558000,83,39,44,3120.8
19670006559000,1989,999,990,69018.3
19670006560000,2645,1375,1270,105800
19670006561000,1681,858,823,70433.9
19670006562000,922,496,426,31532.4
19670006563000,1485,745,740,53014.5
19670006564000,862,440,422,29394.2
19670006565000,1586,799,787,51862.2
19670006566000,1697,854,843,59904.1
19670006567000,1561,793,768,63220.5
19670006568000,1784,903,881,62618.4
19670006569000,3292,1624,1668,124108.4
19670006570000,1675,818,857,64152.5
19670006571000,4222,2032,2190,147347.8
19670006572000,3093,1600,1493,108255
19670006573000,4608,2399,2209,176947.2
19670006574000,3593,1925,1668,134018.9
19670006575000,262,141,121,10375.2
19670006576000,488,260,228,18251.2
19670006577000,1075,517,558,38592.5
19670006580000,1,1,0,0
19670006581000,103,60,43,3347.5
19670006582000,4,3,1,0
19670006583000,191,99,92,4851.4
19670006584000,262,143,119,9746.4
19670006585000,17,8,9,453.9
19670006587000,10,8,2,295
19670006588000,109,47,62,6071.3
19670006589000,25,14,11,1087.5
19670006590000,8,4,4,472.8
19670006591000,8,3,5,228
19670006614000,1,1,0,0
19670006615000,3,2,1,0
19670006616000,17,8,9,695.3
19670006617000,19,10,9,547.2
19670006618000,4,1,3,0
19670006619000,34,16,18,1577.6
19670006620000,3,1,2,0
19670006622000,7,4,3,247.1
19670006624000,10,4,6,397
19670006625000,27,12,15,1061.1
19670006626000,2,1,1,0
19670006629000,38,24,14,1238.8
19670006630000,8,4,4,427.2
19670006633000,206,100,106,7828
19670006634000,137,68,69,4959.4
19670006635000,41,25,16,1365.3
19670006637000,2,1,1,0
19670006638000,13,7,6,760.5
19670006639000,28,14,14,1195.6
19670006652000,1,1,0,0
19670006657000,62,27,35,2796.2
19670006658000,75,42,33,3547.5
19670006663000,342,174,168,12483
19670006664000,1404,749,655,55458
19670006665000,1696,822,874,72928
19670006666000,107,51,56,3809.2
19670006667000,50,26,24,1695
19670006669000,32,13,19,1177.6
19670006682000,38,21,17,1390.8
19670006686000,1,1,0,0
19670006687000,6,3,3,133.2
19670006688000,16,6,10,758.4
19670006692000,15,7,8,790.5
19670006694000,5,3,2,277
19670006695000,7,3,4,294.7
19670006696000,2,2,0,0
19670006697000,8,6,2,392.8
19670006706000,66,34,32,2521.2
19670006707000,150,77,73,5700
19670006709000,101,64,37,3939
19670006710000,141,73,68,5611.8
19670006712000,52,25,27,1898
19670006713000,70,32,38,2674
19670006714000,2,1,1,0
19670006715000,176,85,91,6353.6
19670006716000,145,72,73,5495.5
19670006718000,7,2,5,196.7
19670006719000,364,167,197,13431.6
19670006720000,1099,555,544,38904.6
19670006721000,413,223,190,14661.5
19670006722000,475,241,234,15865
19670006723000,1917,953,964,66519.9
19670006724000,2488,1206,1282,103500.8
19670006725000,2104,1022,1082,76796
19670006726000,1531,737,794,58943.5
19670006727000,305,163,142,12261
19670006728000,309,169,140,11618.4
19670006729000,631,322,309,21958.8
19670006730000,194,84,110,10146.2
19670006732000,2316,1297,1019,88239.6
19670006733000,5451,3025,2426,192420.3
19670006734000,6516,3466,3050,233272.8
19670006735000,1357,727,630,55908.4
19670006737000,2121,1085,1036,78901.2
19670006738000,2040,987,1053,84048
19670006739000,1221,601,620,46275.9
19670006740000,746,372,374,29168.6
19670006741000,1534,778,756,61666.8
19670006742000,2593,1277,1316,103201.4
19670006743000,557,283,274,20609
19670006744000,57,33,24,2359.8
19670006745000,52,28,24,2199.6
19670006747000,203,111,92,7368.9
19670006748000,299,150,149,11511.5
19670006750000,252,123,129,9273.6
19670006751000,109,49,60,4610.7
19670006752000,306,154,152,11107.8
19670006753000,222,114,108,8302.8
19670006754000,2,1,1,0
19670006755000,43,18,25,1182.5
19670006758000,11,5,6,313.5
19670006759000,21,11,10,1022.7
19670006760000,24,12,12,847.2
19670006761000,20,9,11,960
19670006762000,44,24,20,1927.2
19670006763000,20,11,9,554
19670006765000,2,1,1,0
19670006766000,30,18,12,1269
19670006767000,37,17,20,1598.4
19670006768000,21,10,11,772.8
19670006769000,54,27,27,2003.4
19670006770000,31,18,13,1212.1
19670006771000,20,12,8,646
19670006772000,8,5,3,496
19670006781000,2,1,1,0
19670006785000,11,5,6,690.8
19670006786000,2,1,1,0
19670006787000,13,6,7,726.7
19670006795000,37,18,19,1746.4
19670006796000,17,9,8,804.1
19670006797000,4,2,2,0
19670006798000,3,1,2,0
19670006816000,4,2,2,0
19670006817000,1,1,0,0
19670006830000,3,2,1,0
19670006832000,36,19,17,1684.8
19670006834000,11,7,4,612.7
19670006835000,38,19,19,1478.2
19670006836000,2,2,0,0
19670006839000,35,20,15,794.5
19670006840000,68,35,33,2924
19670006841000,25,11,14,1085
19670006842000,26,11,15,1318.2
19670006845000,2,1,1,0
19670006850000,2,1,1,0
19670006859000,32,17,15,1369.6
19670006860000,10,6,4,472
19670006861000,6,3,3,294
19670006862000,3,2,1,0
19670006889000,275,146,129,11165
19670006890000,38,15,23,1531.4
19680006517000,48,22,26,1910.4
19680006518000,77,43,34,3187.8
19680006530000,12,5,7,344.4
19680006531000,7,2,5,238.7
19680006532000,12,4,8,268.8
19680006533000,2,1,1,0
19680006535000,13,8,5,356.2
19680006537000,1,1,0,0
19680006539000,11,5,6,412.5
19680006540000,17,11,6,669.8
19680006545000,15,6,9,805.5
19680006546000,23,11,12,1196
19680006549000,7,3,4,280.7
19680006550000,3,2,1,0
19680006551000,10,6,4,449
19680006552000,28,13,15,926.8
19680006553000,16,7,9,563.2
19680006554000,47,25,22,2068
19680006555000,151,63,88,5481.3
19680006556000,28,14,14,1052.8
19680006557000,9,5,4,304.2
19680006558000,602,305,297,19565
19680006559000,1357,677,680,49937.6
19680006560000,1443,716,727,49206.3
19680006561000,1574,773,801,65478.4
19680006562000,1121,553,568,42934.3
19680006563000,28,17,11,1232
19680006564000,9,4,5,428.4
19680006565000,2,1,1,0
19680006567000,3,1,2,0
19680006568000,324,167,157,12603.6
19680006569000,2494,1208,1286,109486.6
19680006570000,2868,1418,1450,108123.6
19680006571000,1702,811,891,67909.8
19680006572000,4078,2052,2026,140691
19680006573000,4836,2614,2222,173128.8
19680006574000,368,214,154,14168
19680006575000,1452,781,671,49803.6
19680006576000,2161,1090,1071,80605.3
19680006577000,2553,1296,1257,91908
19680006578000,9,4,5,450
19680006584000,59,27,32,2059.1
19680006587000,65,31,34,2301
19680006588000,747,375,372,22858.2
19680006589000,125,64,61,4387.5
19680006590000,44,22,22,1729.2
19680006607000,13,5,8,638.3
19680006608000,1,1,0,0
19680006609000,6,4,2,439.2
19680006610000,10,5,5,368
19680006611000,12,6,6,462
19680006616000,13,6,7,718.9
19680006620000,13,7,6,730.6
19680006621000,2,1,1,0
19680006622000,5,2,3,136
19680006623000,4,2,2,0
19680006624000,12,7,5,525.6
19680006625000,103,56,47,4223
19680006626000,35,17,18,1022
19680006627000,4,2,2,0
19680006633000,91,48,43,3658.2
19680006634000,318,162,156,10462.2
19680006640000,2,1,1,0
19680006642000,11,6,5,425.7
19680006643000,6,5,1,312
19680006644000,9,5,4,344.7
19680006646000,1,0,1,0
19680006648000,10,6,4,425
19680006654000,4,1,3,0
19680006657000,7,3,4,182.7
19680006664000,529,256,273,22905.7
19680006665000,434,202,232,21830.2
19680006666000,1246,596,650,46974.2
19680006667000,250,132,118,8375
19680006668000,16,9,7,582.4
19680006669000,40,18,22,1464
19680006670000,34,17,17,1349.8
19680006672000,1,1,0,0
19680006681000,10,6,4,453
19680006682000,3,1,2,0
19680006683000,5,3,2,129
19680006686000,5,4,1,219
19680006688000,13,5,8,633.1
19680006692000,2,1,1,0
19680006693000,4,3,1,0
19680006694000,7,5,2,387.8
19680006695000,3,2,1,0
19680006696000,3,2,1,0
19680006697000,4,2,2,0
19680006698000,1,1,0,0
19680006706000,2,1,1,0
19680006707000,57,28,29,2622
19680006708000,77,41,36,2209.9
19680006709000,273,148,125,9718.8
19680006710000,291,155,136,9806.7
19680006712000,2,1,1,0
19680006713000,315,149,166,11592
19680006714000,563,286,277,20042.8
19680006715000,284,145,139,9854.8
19680006716000,6,2,4,177
19680006717000,2,1,1,0
19680006718000,3,2,1,0
19680006719000,2,1,1,0
19680006720000,119,56,63,4498.2
19680006721000,7,4,3,482.3
19680006722000,46,24,22,1853.8
19680006723000,242,123,119,8954
19680006724000,1838,904,934,66903.2
19680006725000,1984,956,1028,80352
19680006726000,1630,795,835,65200
19680006727000,1374,693,681,51525
19680006728000,2623,1270,1353,92329.6
19680006729000,1909,931,978,72160.2
19680006730000,3004,1634,1370,106642
19680006731000,2985,1638,1347,102087
19680006732000,5694,3028,2666,201567.6
19680006733000,2978,1605,1373,106314.6
19680006734000,4600,2423,2177,175260
19680006735000,7190,3667,3523,269625
19680006736000,2118,1040,1078,90438.6
19680006737000,124,66,58,4253.2
19680006738000,78,37,41,2620.8
19680006739000,493,253,240,19029.8
19680006740000,646,332,314,29780.6
19680006741000,1033,525,508,41216.7
19680006742000,2512,1135,1377,117812.8
19680006743000,381,203,178,14097
19680006745000,10,5,5,434
19680006746000,7,3,4,263.9
19680006747000,128,71,57,4096
19680006748000,826,445,381,29818.6
19680006751000,1089,511,578,51618.6
19680006752000,421,202,219,15745.4
19680006753000,3,1,2,0
19680006754000,15,8,7,442.5
19680006755000,11,8,3,358.6
19680006756000,20,11,9,1018
19680006757000,5,1,4,193
19680006758000,5,2,3,327
19680006759000,215,110,105,7353
19680006760000,193,103,90,6021.6
19680006761000,54,29,25,2230.2
19680006765000,12,6,6,517.2
19680006766000,6,3,3,238.2
19680006768000,11,7,4,477.4
19680006769000,2,1,1,0
19680006771000,14,6,8,488.6
19680006772000,31,14,17,1187.3
19680006773000,77,34,43,2525.6
19680006774000,46,24,22,1398.4
19680006778000,2,1,1,0
19680006783000,1,1,0,0
19680006784000,12,7,5,596.4
19680006785000,16,6,10,668.8
19680006786000,3,3,0,0
19680006794000,18,10,8,1013.4
19680006795000,20,13,7,854
19680006799000,5,2,3,137
19680006824000,2,2,0,0
19680006827000,4,3,1,0
19680006829000,2,1,1,0
19680006830000,12,6,6,483.6
19680006835000,13,6,7,830.7
19680006836000,8,5,3,392
19680006845000,9,4,5,667.8
19680006846000,4,2,2,0
19680006868000,11,7,4,319
19680006869000,10,4,6,395
19680006873000,2,1,1,0
19680006890000,72,37,35,2988
19680006891000,21,9,12,1060.5
19680006892000,1,1,0,0
19690006513000,71,39,32,2669.6
19690006514000,53,25,28,2146.5
19690006515000,5,2,3,204
19690006517000,93,53,40,2436.6
19690006518000,536,269,267,20260.8
19690006533000,12,6,6,493.2
19690006535000,10,5,5,441
19690006536000,1,1,0,0
19690006539000,8,5,3,230.4
19690006540000,2,1,1,0
19690006541000,9,4,5,371.7
19690006545000,12,5,7,321.6
19690006546000,18,9,9,639
19690006547000,22,11,11,979
19690006548000,4,2,2,0
19690006549000,30,16,14,1008
19690006550000,2,1,1,0
19690006551000,8,5,3,475.2
19690006552000,383,190,193,13596.5
19690006553000,31,14,17,1364
19690006555000,15,6,9,562.5
19690006556000,9,5,4,329.4
19690006557000,23,14,9,685.4
19690006559000,19,8,11,666.9
19690006560000,102,54,48,3927
19690006561000,258,124,134,8926.8
19690006563000,407,206,201,14407.8
19690006565000,95,51,44,2071
19690006569000,5,2,3,137
19690006570000,21,9,12,991.2
19690006571000,357,158,199,15458.1
19690006572000,4454,2309,2145,162571
19690006573000,3694,2070,1624,124118.4
19690006574000,406,221,185,17498.6
19690006575000,902,458,444,31209.2
19690006576000,2354,1157,1197,80742.2
19690006577000,529,259,270,18673.7
19690006581000,7,4,3,343.7
19690006582000,9,6,3,411.3
19690006586000,30,16,14,1032
19690006587000,10,7,3,483
19690006589000,15,8,7,595.5
19690006590000,98,49,49,3214.4
19690006607000,2,1,1,0
19690006609000,1,1,0,0
19690006610000,20,11,9,752
19690006613000,3,1,2,0
19690006618000,3,2,1,0
19690006622000,15,9,6,553.5
19690006623000,10,7,3,408
19690006624000,215,116,99,6428.5
19690006625000,101,53,48,3757.2
19690006626000,15,8,7,691.5
19690006627000,8,5,3,252.8
19690006629000,4,2,2,0
19690006633000,4,3,1,0
19690006634000,82,45,37,2853.6
19690006638000,8,4,4,428.8
19690006642000,3,1,2,0
19690006643000,104,47,57,3868.8
19690006644000,157,75,82,5871.8
19690006645000,24,12,12,1060.8
19690006646000,15,7,8,742.5
19690006648000,2,1,1,0
19690006649000,1,1,0,0
19690006650000,5,3,2,229
19690006651000,1,1,0,0
19690006665000,185,96,89,7011.5
19690006666000,1024,502,522,37888
19690006667000,1316,683,633,50402.8
19690006668000,833,420,413,31237.5
19690006669000,118,62,56,3835
19690006670000,59,29,30,2696.3
19690006671000,28,16,12,935.2
19690006673000,9,6,3,304.2
19690006679000,9,5,4,522
19690006680000,18,10,8,482.4
19690006683000,44,21,23,1663.2
19690006684000,16,9,7,654.4
19690006686000,22,10,12,644.6
19690006688000,6,3,3,400.8
19690006705000,135,71,64,3793.5
19690006706000,198,93,105,7860.6
19690006707000,98,59,39,3655.4
19690006708000,353,182,171,12390.3
19690006709000,1067,536,531,32330.1
19690006710000,135,66,69,4900.5
19690006713000,42,23,19,1814.4
19690006714000,7,2,5,387.8
19690006715000,17,11,6,763.3
19690006719000,6,2,4,187.2
19690006720000,58,27,31,1983.6
19690006721000,78,39,39,3486.6
19690006722000,1611,833,778,53163
19690006723000,909,468,441,30996.9
19690006724000,1784,890,894,62261.6
19690006725000,1638,833,805,67321.8
19690006726000,1897,938,959,72655.1
19690006727000,1451,723,728,46432
19690006728000,3333,1618,1715,124320.9
19690006729000,3851,1768,2083,160971.8
19690006730000,6765,3165,3600,253011
19690006731000,4622,2328,2294,163618.8
19690006732000,2489,1233,1256,93586.4
19690006733000,2785,1368,1417,113628
19690006734000,7,2,5,280.7
19690006738000,6,2,4,243
19690006739000,231,122,109,8131.2
19690006740000,299,144,155,8970
19690006741000,1814,853,961,76188
19690006742000,1652,823,829,67897.2
19690006743000,602,277,325,27571.6
19690006744000,70,35,35,2562
19690006747000,8,6,2,380
19690006748000,867,448,419,26963.7
19690006749000,4,2,2,0
19690006751000,732,352,380,29280
19690006752000,125,60,65,5487.5
19690006754000,12,6,6,493.2
19690006755000,1,0,1,0
19690006756000,23,12,11,936.1
19690006757000,40,21,19,1652
19690006758000,92,42,50,3680
19690006759000,35,18,17,1529.5
19690006760000,18,9,9,1020.6
19690006762000,2,0,2,0
19690006763000,12,8,4,457.2
19690006764000,12,7,5,549.6
19690006765000,31,15,16,1243.1
19690006767000,9,4,5,322.2
19690006768000,22,11,11,1192.4
19690006770000,35,20,15,948.5
19690006771000,4,2,2,0
19690006772000,13,7,6,487.5
19690006773000,14,7,7,698.6
19690006785000,23,10,13,1101.7
19690006786000,17,10,7,533.8
19690006787000,38,20,18,1953.2
19690006788000,14,9,5,471.8
19690006795000,3,3,0,0
19690006796000,8,6,2,447.2
19690006810000,17,8,9,627.3
19690006828000,15,8,7,940.5
19690006829000,5,3,2,130
19690006830000,3,1,2,0
19690006835000,7,4,3,207.2
19690006836000,11,7,4,440
19690006841000,92,45,47,4167.6
19690006842000,132,63,69,5385.6
19690006845000,4,2,2,0
19690006846000,11,6,5,445.5
19690006849000,4,3,1,0
19690006873000,8,4,4,331.2
19690006889000,4,2,2,0
19690006890000,26,14,12,988
19690006893000,14,9,5,583.8
19690006894000,15,9,6,550.5
19690006897000,12,8,4,678
19700006513000,62,31,31,2306.4
19700006514000,9,3,6,371.7
19700006515000,39,23,16,1755
19700006518000,27,15,12,1339.2
19700006519000,18,8,10,858.6
19700006531000,3,0,3,0
19700006539000,6,3,3,228
19700006540000,5,2,3,173
19700006547000,11,6,5,305.8
19700006548000,21,11,10,699.3
19700006549000,38,17,21,915.8
19700006550000,936,495,441,25084.8
19700006551000,1631,808,823,51865.8
19700006552000,970,532,438,32301
19700006553000,19,10,9,750.5
19700006555000,11,8,3,295.9
19700006556000,21,10,11,741.3
19700006557000,161,86,75,6407.8
19700006558000,9,5,4,366.3
19700006559000,49,29,20,1764
19700006561000,639,329,310,22684.5
19700006563000,23,9,14,828
19700006565000,1,0,1,0
19700006572000,15,6,9,934.5
19700006573000,183,93,90,5581.5
19700006575000,652,326,326,23863.2
19700006576000,408,203,205,15055.2
19700006577000,22,9,13,1086.8
19700006581000,235,125,110,8436.5
19700006587000,27,17,10,874.8
19700006588000,1,1,0,0
19700006590000,5,2,3,201
19700006610000,9,5,4,374.4
19700006611000,19,10,9,619.4
19700006613000,2,1,1,0
19700006614000,37,22,15,1147
19700006616000,8,3,5,366.4
19700006617000,6,2,4,246
19700006618000,1,1,0,0
19700006620000,6,2,4,247.2
19700006622000,24,13,11,856.8
19700006624000,8,5,3,258.4
19700006625000,11,7,4,414.7
19700006630000,6,4,2,211.2
19700006631000,12,8,4,540
19700006632000,13,8,5,578.5
19700006633000,11,5,6,586.3
19700006634000,16,9,7,747.2
19700006635000,4,2,2,0
19700006643000,35,18,17,1200.5
19700006644000,25,13,12,1332.5
19700006645000,1,1,0,0
19700006647000,25,15,10,892.5
19700006648000,4,2,2,0
19700006649000,3,1,2,0
19700006650000,25,14,11,865
19700006651000,1,1,0,0
19700006652000,9,4,5,449.1
19700006667000,30,12,18,942
19700006668000,154,77,77,6714.4
19700006670000,8,3,5,288
19700006671000,54,23,31,2187
19700006672000,57,31,26,2006.4
19700006673000,23,12,11,814.2
19700006674000,18,11,7,653.4
19700006675000,6,3,3,175.2
19700006677000,23,11,12,756.7
19700006678000,3,1,2,0
19700006679000,3,2,1,0
19700006684000,8,4,4,242.4
19700006686000,21,12,9,980.7
19700006687000,10,6,4,592
19700006688000,49,21,28,2048.2
19700006689000,94,42,52,3167.8
19700006691000,9,5,4,520.2
19700006692000,1,1,0,0
19700006693000,1,0,1,0
19700006694000,1,0,1,0
19700006705000,449,228,221,14323.1
19700006706000,513,271,242,16877.7
19700006707000,541,266,275,19097.3
19700006708000,302,151,151,11023
19700006709000,10,6,4,286
19700006711000,1,1,0,0
19700006713000,5,2,3,82
19700006715000,8,4,4,411.2
19700006719000,36,19,17,1803.6
19700006720000,7,4,3,233.8
19700006721000,114,61,53,5187
19700006722000,258,126,132,12796.8
19700006723000,7,3,4,224
19700006724000,261,135,126,10779.3
19700006725000,58,35,23,2807.2
19700006726000,89,44,45,3471
19700006727000,807,413,394,25662.6
19700006728000,2109,1031,1078,63480.9
19700006729000,546,284,262,20092.8
19700006730000,1795,830,965,74492.5
19700006731000,1562,749,813,56075.8
19700006732000,350,169,181,12425
19700006733000,62,29,33,1915.8
19700006737000,17,8,9,822.8
19700006738000,86,47,39,2872.4
19700006739000,27,16,11,1171.8
19700006741000,1111,537,574,39440.5
19700006742000,2090,1009,1081,90497
19700006743000,783,388,395,26778.6
19700006744000,61,31,30,2464.4
19700006745000,13,6,7,655.2
19700006746000,11,5,6,400.4
19700006747000,303,161,142,9696
19700006748000,125,63,62,4875
19700006752000,50,24,26,2065
19700006753000,15,9,6,681
19700006758000,6,2,4,225
19700006759000,9,4,5,389.7
19700006760000,1,0,1,0
19700006761000,12,6,6,344.4
19700006763000,10,4,6,473
19700006765000,4,3,1,0
19700006768000,23,13,10,979.8
19700006769000,20,13,7,974
19700006770000,23,13,10,1005.1
19700006771000,24,14,10,1137.6
19700006772000,28,10,18,1475.6
19700006782000,32,16,16,1043.2
19700006783000,18,11,7,352.8
19700006787000,8,4,4,232
19700006789000,41,21,20,1558
19700006790000,12,6,6,474
19700006800000,23,14,9,1133.9
19700006802000,33,16,17,930.6
19700006803000,2,1,1,0
19700006810000,2,1,1,0
19700006811000,5,3,2,199
19700006827000,4,2,2,0
19700006828000,2,1,1,0
19700006829000,5,3,2,173
19700006830000,2,1,1,0
19700006831000,13,5,8,640.9
19700006832000,7,1,6,294
19700006835000,10,4,6,487
19700006836000,14,8,6,796.6
19700006839000,15,6,9,943.5
19700006840000,21,11,10,951.3
19700006841000,152,75,77,8846.4
19700006842000,250,125,125,10950
19700006847000,4,2,2,0
19700006852000,1,1,0,0
19700006868000,56,33,23,1657.6
19700006869000,421,218,203,15871.7
19700006870000,48,24,24,1612.8
19700006878000,2,1,1,0
19700006889000,8,4,4,327.2
19700006891000,5,4,1,181
19700006893000,5,2,3,342
19700006897000,55,26,29,2915
19710006515000,108,59,49,4644
19710006516000,41,20,21,1381.7
19710006517000,1,1,0,0
19710006519000,17,8,9,856.8
19710006520000,18,8,10,523.8
19710006521000,16,8,8,577.6
19710006524000,3,2,1,0
19710006532000,1,0,1,0
19710006533000,6,3,3,270
19710006536000,6,3,3,408
19710006540000,2,1,1,0
19710006541000,2,2,0,0
19710006549000,703,373,330,24464.4
19710006550000,2239,1115,1124,76797.7
19710006551000,369,186,183,13837.5
19710006552000,17,10,7,596.7
19710006553000,15,7,8,652.5
19710006554000,32,13,19,1200
19710006556000,41,19,22,1558
19710006557000,185,93,92,6105
19710006558000,21,12,9,686.7
19710006559000,52,27,25,1747.2
19710006561000,31,19,12,1298.9
19710006562000,14,9,5,547.4
19710006564000,2,1,1,0
19710006567000,4,2,2,0
19710006568000,24,14,10,1171.2
19710006575000,285,149,136,8949
19710006576000,438,222,216,15855.6
19710006581000,39,18,21,1318.2
19710006584000,3,2,1,0
19710006585000,28,15,13,1128.4
19710006586000,217,108,109,7226.1
19710006587000,52,24,28,2106
19710006590000,10,3,7,457
19710006610000,12,5,7,502.8
19710006611000,4,2,2,0
19710006613000,12,5,7,266.4
19710006614000,5,2,3,93
19710006615000,2,1,1,0
19710006621000,43,24,19,1487.8
19710006622000,19,10,9,687.8
19710006632000,14,4,10,579.6
19710006633000,1,1,0,0
19710006634000,6,3,3,159
19710006635000,57,30,27,1761.3
19710006636000,8,4,4,270.4
19710006652000,4,2,2,0
19710006653000,26,16,10,1203.8
19710006678000,2,1,1,0
19710006679000,3,2,1,0
19710006680000,4,2,2,0
19710006682000,37,17,20,1998
19710006683000,31,10,21,1215.2
19710006684000,8,3,5,286.4
19710006685000,8,4,4,420
19710006686000,8,6,2,244.8
19710006687000,7,3,4,471.8
19710006688000,24,12,12,1142.4
19710006689000,87,46,41,3836.7
19710006690000,111,49,62,6482.4
19710006691000,7,2,5,254.8
19710006705000,6,5,1,259.2
19710006707000,34,19,15,1254.6
19710006708000,683,362,321,22948.8
19710006709000,1262,636,626,40762.6
19710006710000,85,46,39,3068.5
19710006711000,441,221,220,16713.9
19710006712000,637,326,311,23951.2
19710006713000,59,35,24,2454.4
19710006714000,14,7,7,700
19710006715000,55,31,24,1842.5
19710006716000,270,131,139,9558
19710006717000,22,13,9,1080.2
19710006718000,75,41,34,2812.5
19710006719000,174,84,90,7203.6
19710006720000,77,35,42,2926
19710006721000,39,20,19,1579.5
19710006723000,54,31,23,1971
19710006724000,30,17,13,1074
19710006726000,6,3,3,220.8
19710006727000,85,47,38,2907
19710006728000,740,364,376,23088
19710006729000,3,1,2,0
19710006738000,2,2,0,0
19710006740000,23,11,12,1069.5
19710006741000,2857,1407,1450,96852.3
19710006742000,1353,664,689,46137.3
19710006743000,257,138,119,8044.1
19710006744000,332,166,166,11288
19710006745000,79,37,42,3254.8
19710006746000,527,271,256,20184.1
19710006747000,518,262,256,15384.6
19710006749000,14,6,8,712.6
19710006750000,159,77,82,5421.9
19710006752000,12,9,3,549.6
19710006754000,4,2,2,0
19710006755000,2,2,0,0
19710006757000,6,2,4,202.8
19710006759000,19,9,10,568.1
19710006760000,1,1,0,0
19710006761000,8,4,4,384.8
19710006768000,20,16,4,802
19710006770000,6,3,3,265.8
19710006771000,47,22,25,1757.8
19710006772000,9,5,4,567
19710006775000,4,2,2,0
19710006776000,3,2,1,0
19710006777000,3,1,2,0
19710006779000,7,4,3,417.2
19710006780000,13,5,8,516.1
19710006783000,35,20,15,1641.5
19710006784000,18,8,10,725.4
19710006789000,19,12,7,1067.8
19710006790000,4,2,2,0
19710006798000,10,3,7,483
19710006803000,64,29,35,2579.2
19710006808000,1,1,0,0
19710006810000,17,9,8,918
19710006827000,4,3,1,0
19710006829000,2,0,2,0
19710006835000,28,17,11,896
19710006836000,4,0,4,0
19710006839000,40,21,19,2264
19710006840000,45,22,23,1651.5
19710006841000,69,35,34,2670.3
19710006842000,5,2,3,292
19710006843000,2,2,0,0
19710006847000,4,2,2,0
19710006849000,2,0,2,0
19710006850000,16,5,11,606.4
19710006852000,12,5,7,430.8
19710006868000,352,176,176,11052.8
19710006869000,1111,581,530,44217.8
19710006870000,605,301,304,23595
19710006874000,3,1,2,0
19710006875000,11,9,2,353.1
19710006876000,1,1,0,0
19710006877000,2,1,1,0
19710006880000,1,0,1,0
19710006883000,6,2,4,235.8
19710006884000,10,4,6,317
19710006890000,4,2,2,0
19710006894000,21,10,11,871.5
19710006895000,7,4,3,231
19710006897000,40,21,19,2516
19720006512000,2,1,1,0
19720006515000,24,12,12,1056
19720006516000,73,39,34,2898.1
19720006520000,17,10,7,598.4
19720006521000,10,7,3,517
19720006541000,6,3,3,226.8
19720006542000,13,5,8,504.4
19720006548000,16,10,6,873.6
19720006549000,29,14,15,843.9
19720006550000,1414,680,734,49772.8
19720006551000,186,100,86,4333.8
19720006553000,18,8,10,802.8
19720006556000,5,2,3,205
19720006557000,2,2,0,0
19720006558000,38,19,19,1485.8
19720006560000,3,1,2,0
19720006561000,23,9,14,931.5
19720006562000,14,9,5,708.4
19720006563000,10,7,3,417
19720006565000,25,13,12,1095
19720006566000,55,30,25,1633.5
19720006567000,136,78,58,4964
19720006568000,24,11,13,986.4
19720006585000,42,20,22,1617
19720006586000,312,157,155,9859.2
19720006587000,123,68,55,3640.8
19720006588000,46,24,22,1706.6
19720006589000,45,22,23,1624.5
19720006611000,3,2,1,0
19720006613000,10,5,5,259
19720006614000,3,3,0,0
19720006615000,15,7,8,771
19720006622000,2,1,1,0
19720006630000,23,13,10,855.6
19720006631000,1,0,1,0
19720006633000,2,2,0,0
19720006635000,3,1,2,0
19720006636000,2,1,1,0
19720006647000,1,1,0,0
19720006652000,23,12,11,883.2
19720006653000,27,13,14,1371.6
19720006669000,14,9,5,539
19720006670000,14,5,9,588
19720006671000,16,10,6,684.8
19720006672000,4,3,1,0
19720006673000,24,12,12,866.4
19720006674000,8,4,4,522.4
19720006677000,1,1,0,0
19720006685000,4,4,0,0
19720006689000,8,5,3,276
19720006690000,16,6,10,636.8
19720006692000,16,9,7,529.6
19720006693000,18,9,9,851.4
19720006694000,35,21,14,1424.5
19720006695000,57,33,24,2405.4
19720006709000,493,255,238,22086.4
19720006710000,1334,673,661,53226.6
19720006711000,531,269,262,22514.4
19720006712000,916,432,484,37372.8
19720006713000,22,12,10,1014.2
19720006714000,28,13,15,1072.4
19720006715000,416,210,206,14019.2
19720006716000,734,368,366,27158
19720006717000,58,31,27,2366.4
19720006718000,90,46,44,3501
19720006719000,20,9,11,1106
19720006720000,2,1,1,0
19720006721000,29,15,14,1267.3
19720006722000,92,48,44,3634
19720006723000,17,11,6,700.4
19720006724000,94,53,41,3543.8
19720006728000,149,90,59,4946.8
19720006729000,8,3,5,248.8
19720006739000,5,4,1,148
19720006740000,110,56,54,3949
19720006741000,67,34,33,3216
19720006742000,53,26,27,1945.1
19720006743000,34,18,16,1540.2
19720006744000,125,83,42,4800
19720006745000,169,115,54,6236.1
19720006746000,91,47,44,3185
19720006747000,30,15,15,816
19720006748000,40,20,20,1084
19720006749000,16,8,8,636.8
19720006750000,36,22,14,1450.8
19720006751000,34,16,18,1339.6
19720006753000,36,19,17,1688.4
19720006754000,19,10,9,864.5
19720006755000,54,28,26,2392.2
19720006756000,9,6,3,343.8
19720006757000,11,5,6,350.9
19720006758000,5,1,4,104
19720006759000,23,14,9,761.3
19720006760000,24,11,13,1123.2
19720006761000,2,1,1,0
19720006762000,48,25,23,2054.4
19720006763000,76,41,35,2964
19720006764000,5,1,4,167
19720006765000,12,6,6,507.6
19720006766000,8,4,4,208
19720006767000,23,10,13,876.3
19720006768000,22,8,14,853.6
19720006769000,16,10,6,769.6
19720006770000,8,3,5,338.4
19720006771000,18,8,10,948.6
19720006772000,15,6,9,660
19720006774000,1,0,1,0
19720006775000,5,3,2,334
19720006777000,4,3,1,0
19720006778000,42,23,19,1604.4
19720006781000,1,1,0,0
19720006782000,1,1,0,0
19720006783000,36,17,19,1526.4
19720006784000,3,2,1,0
19720006787000,6,3,3,360
19720006788000,3,2,1,0
19720006796000,6,2,4,211.2
19720006797000,9,6,3,406.8
19720006798000,14,5,9,861
19720006799000,6,3,3,198
19720006803000,1,1,0,0
19720006810000,12,5,7,528
19720006811000,10,4,6,309
19720006819000,11,6,5,530.2
19720006827000,25,14,11,1007.5
19720006829000,5,2,3,314
19720006835000,12,7,5,580.8
19720006836000,2,1,1,0
19720006837000,6,4,2,126
19720006839000,31,16,15,1401.2
19720006840000,10,7,3,414
19720006841000,47,24,23,2232.5
19720006842000,4,2,2,0
19720006843000,17,10,7,613.7
19720006844000,4,2,2,0
19720006845000,3,2,1,0
19720006850000,5,2,3,213
19720006852000,1,1,0,0
19720006858000,2,1,1,0
19720006868000,586,297,289,20041.2
19720006869000,904,429,475,37425.6
19720006870000,459,233,226,20058.3
19720006875000,3,1,2,0
19720006876000,1,1,0,0
19720006883000,6,3,3,199.8
19720006884000,24,9,15,823.2
19720006891000,2,2,0,0
19720006893000,21,10,11,844.2
19720006894000,27,14,13,1485
19720006895000,33,18,15,1706.1
19720006897000,116,66,50,4524
19730006510000,7,3,4,326.9
19730006511000,3,2,1,0
19730006512000,62,31,31,3385.2
19730006514000,262,136,126,6838.2
19730006515000,112,64,48,4356.8
19730006516000,20,10,10,1040
19730006520000,10,5,5,332
19730006526000,12,7,5,355.2
19730006527000,8,5,3,264.8
19730006536000,1,1,0,0
19730006537000,10,5,5,212
19730006542000,3,2,1,0
19730006545000,2,1,1,0
19730006548000,28,15,13,1033.2
19730006549000,14,7,7,530.6
19730006550000,1731,901,830,55565.1
19730006551000,4,3,1,0
19730006555000,13,9,4,440.7
19730006556000,11,7,4,392.7
19730006557000,17,9,8,564.4
19730006558000,47,25,22,2147.9
19730006560000,6,2,4,229.8
19730006561000,12,8,4,470.4
19730006563000,14,10,4,589.4
19730006564000,60,31,29,2304
19730006565000,71,36,35,2676.7
19730006566000,363,195,168,11870.1
19730006567000,1833,942,891,59022.6
19730006568000,632,315,317,19971.2
19730006569000,13,9,4,464.1
19730006573000,1,1,0,0
19730006574000,23,10,13,1170.7
19730006575000,2,1,1,0
19730006588000,4,2,2,0
19730006593000,45,21,24,1336.5
19730006613000,8,5,3,398.4
19730006614000,8,4,4,311.2
19730006621000,2,1,1,0
19730006629000,7,4,3,277.2
19730006630000,9,6,3,275.4
19730006635000,15,7,8,540
19730006636000,8,5,3,368.8
19730006638000,1,0,1,0
19730006647000,11,5,6,278.3
19730006648000,6,3,3,247.8
19730006649000,11,4,7,372.9
19730006651000,108,56,52,5000.4
19730006670000,5,3,2,342
19730006671000,2,2,0,0
19730006672000,6,4,2,166.8
19730006673000,2,1,1,0
19730006676000,18,11,7,685.8
19730006677000,2,1,1,0
19730006683000,12,6,6,478.8
19730006684000,2,1,1,0
19730006685000,6,3,3,205.2
19730006687000,6,2,4,129
19730006688000,8,4,4,331.2
19730006689000,5,3,2,243
19730006690000,7,4,3,315.7
19730006691000,18,10,8,637.2
19730006692000,2,1,1,0
19730006693000,262,127,135,9903.6
19730006694000,292,136,156,13169.2
19730006695000,11,7,4,449.9
19730006709000,76,37,39,3914
19730006710000,601,258,343,28848
19730006711000,674,339,335,22309.4
19730006712000,286,140,146,7922.2
19730006713000,16,9,7,836.8
19730006715000,2,0,2,0
19730006716000,10,7,3,374
19730006719000,3,1,2,0
19730006720000,61,34,27,2244.8
19730006721000,9,5,4,396
19730006722000,2,1,1,0
19730006723000,21,13,8,987
19730006724000,77,38,39,2302.3
19730006725000,26,12,14,897
19730006728000,52,24,28,2241.2
19730006729000,74,38,36,3048.8
19730006730000,3,2,1,0
19730006732000,3,2,1,0
19730006733000,16,8,8,939.2
19730006739000,88,52,36,3590.4
19730006740000,202,104,98,7211.4
19730006741000,15,6,9,391.5
19730006742000,148,79,69,4958
19730006743000,166,78,88,5627.4
19730006744000,393,194,199,13283.4
19730006745000,92,58,34,3532.8
19730006747000,50,27,23,1615
19730006748000,2,1,1,0
19730006750000,26,17,9,1172.6
19730006753000,324,163,161,11664
19730006754000,183,89,94,6130.5
19730006755000,250,142,108,7275
19730006756000,44,22,22,1949.2
19730006757000,51,22,29,1514.7
19730006758000,10,6,4,175
19730006759000,13,6,7,574.6
19730006760000,21,10,11,663.6
19730006761000,20,12,8,914
19730006762000,48,24,24,2448
19730006763000,120,61,59,4896
19730006764000,46,27,19,1541
19730006765000,30,13,17,1203
19730006766000,30,14,16,1389
19730006767000,27,14,13,955.8
19730006768000,120,64,56,4368
19730006769000,6,4,2,142.8
19730006773000,9,4,5,180
19730006774000,31,15,16,1088.1
19730006778000,30,17,13,1317
19730006779000,71,34,37,2485
19730006780000,21,10,11,819
19730006781000,15,7,8,642
19730006783000,40,17,23,1964
19730006787000,12,7,5,614.4
19730006796000,2,1,1,0
19730006820000,20,10,10,846
19730006827000,82,36,46,5010.2
19730006835000,15,9,6,534
19730006836000,3,2,1,0
19730006837000,15,8,7,901.5
19730006839000,47,25,22,2185.5
19730006840000,5,4,1,241
19730006843000,15,5,10,676.5
19730006848000,11,4,7,423.5
19730006850000,4,2,2,0
19730006856000,8,5,3,275.2
19730006858000,5,2,3,234
19730006865000,4,3,1,0
19730006866000,2,1,1,0
19730006868000,22,10,12,829.4
19730006869000,1326,670,656,51051
19730006870000,260,139,121,10504
19730006882000,1,0,1,0
19730006883000,3,3,0,0
19730006895000,14,8,6,498.4
19730006896000,24,13,11,746.4
19730006897000,203,101,102,8911.7
19740006511000,29,17,12,1012.1
19740006512000,225,121,104,9742.5
19740006513000,161,82,79,5747.7
19740006514000,817,433,384,26062.3
19740006515000,197,97,100,7623.9
19740006520000,2,1,1,0
19740006521000,1,0,1,0
19740006536000,5,3,2,183
19740006541000,4,1,3,0
19740006546000,15,9,6,564
19740006547000,2,1,1,0
19740006548000,16,8,8,657.6
19740006549000,14,7,7,555.8
19740006550000,28,13,15,1201.2
19740006556000,21,11,10,810.6
19740006558000,62,41,21,2039.8
19740006561000,15,9,6,594
19740006562000,23,14,9,777.4
19740006563000,8,3,5,244
19740006565000,6,3,3,133.8
19740006566000,74,39,35,2523.4
19740006567000,1471,763,708,47513.3
19740006568000,756,367,389,31676.4
19740006571000,22,11,11,1051.6
19740006572000,1,1,0,0
19740006573000,4,3,1,0
19740006581000,2,1,1,0
19740006582000,1,1,0,0
19740006585000,11,5,6,277.2
19740006588000,4,2,2,0
19740006592000,5,2,3,184
19740006593000,8,4,4,352.8
19740006594000,29,15,14,1508
19740006614000,8,4,4,252
19740006615000,11,7,4,510.4
19740006630000,7,4,3,310.8
19740006634000,6,3,3,336
19740006635000,71,34,37,2414
19740006636000,78,37,41,2418
19740006637000,33,18,15,1461.9
19740006638000,18,10,8,552.6
19740006639000,8,4,4,318.4
19740006646000,1,1,0,0
19740006647000,10,4,6,488
19740006649000,9,7,2,291.6
19740006650000,49,28,21,1822.8
19740006651000,52,21,31,2132
19740006671000,8,4,4,482.4
19740006683000,5,3,2,227
19740006684000,1,1,0,0
19740006690000,7,3,4,294.7
19740006693000,37,21,16,1705.7
19740006694000,43,20,23,1922.1
19740006695000,4,3,1,0
19740006710000,47,25,22,2279.5
19740006711000,101,43,58,3545.1
19740006712000,57,28,29,1983.6
19740006717000,12,6,6,394.8
19740006718000,52,27,25,1731.6
19740006721000,28,17,11,1296.4
19740006722000,8,3,5,440
19740006729000,619,313,306,24264.8
19740006730000,155,70,85,5936.5
19740006731000,163,85,78,6764.5
19740006732000,134,71,63,5212.6
19740006733000,100,55,45,3610
19740006737000,6,3,3,399
19740006738000,29,15,14,1406.5
19740006739000,2,1,1,0
19740006740000,471,235,236,17709.6
19740006741000,425,219,206,16192.5
19740006742000,24,14,10,1128
19740006743000,91,48,43,3649.1
19740006745000,9,5,4,518.4
19740006746000,30,14,16,1191
19740006747000,36,20,16,1303.2
19740006748000,2,1,1,0
19740006749000,24,14,10,607.2
19740006750000,43,19,24,1741.5
19740006751000,38,19,19,1440.2
19740006753000,167,82,85,4175
19740006755000,26,12,14,884
19740006756000,13,8,5,527.8
19740006757000,15,7,8,498
19740006758000,76,41,35,2872.8
19740006759000,27,11,16,918
19740006760000,26,14,12,1203.8
19740006762000,12,7,5,614.4
19740006763000,52,26,26,2059.2
19740006764000,1,1,0,0
19740006774000,14,9,5,775.6
19740006775000,1,1,0,0
19740006781000,12,6,6,387.6
19740006783000,15,8,7,607.5
19740006784000,17,8,9,620.5
19740006785000,1,0,1,0
19740006789000,8,5,3,444.8
19740006791000,7,4,3,447.3
19740006809000,11,4,7,609.4
19740006814000,1,0,1,0
19740006815000,3,2,1,0
19740006816000,6,3,3,327
19740006820000,7,3,4,275.8
19740006827000,55,28,27,2557.5
19740006828000,18,9,9,842.4
19740006829000,10,4,6,351
19740006836000,34,18,16,1091.4
19740006839000,29,12,17,1284.7
19740006840000,21,10,11,802.2
19740006842000,5,1,4,234
19740006843000,7,4,3,501.2
19740006850000,21,14,7,1159.2
19740006858000,4,2,2,0
19740006865000,9,3,6,225.9
19740006869000,1599,793,806,52607.1
19740006870000,527,273,254,19182.8
19740006896000,100,57,43,4520
19740006897000,37,19,18,1798.2
19740006898000,28,16,12,1201.2
19750006509000,2,1,1,0
19750006510000,244,134,110,9198.8
19750006511000,351,177,174,11091.6
19750006512000,1661,854,807,60294.3
19750006513000,1907,924,983,73610.2
19750006514000,734,376,358,31562
19750006515000,292,145,147,11358.8
19750006516000,11,7,4,335.5
19750006517000,126,71,55,5140.8
19750006520000,4,3,1,0
19750006521000,28,14,14,1304.8
19750006537000,4,2,2,0
19750006547000,3,3,0,0
19750006549000,6,3,3,343.2
19750006550000,10,5,5,504
19750006551000,9,6,3,351
19750006552000,11,7,4,308
19750006555000,31,16,15,1348.5
19750006556000,14,8,6,512.4
19750006558000,18,7,11,750.6
19750006559000,18,8,10,619.2
19750006563000,6,4,2,226.8
19750006566000,433,230,203,15198.3
19750006567000,605,291,314,19844
19750006568000,123,70,53,5079.9
19750006569000,33,19,14,1254
19750006570000,31,14,17,1054
19750006588000,90,48,42,2709
19750006592000,59,35,24,2283.3
19750006593000,7,3,4,371
19750006594000,84,44,40,2990.4
19750006595000,69,35,34,2511.6
19750006596000,18,10,8,707.4
19750006597000,6,3,3,228
19750006615000,3,2,1,0
19750006616000,9,5,4,410.4
19750006626000,14,8,6,694.4
19750006627000,30,15,15,1182
19750006628000,8,3,5,500
19750006629000,47,25,22,1865.9
19750006630000,32,16,16,995.2
19750006631000,153,67,86,7129.8
19750006632000,10,5,5,466
19750006633000,12,6,6,822
19750006634000,23,14,9,880.9
19750006635000,8,3,5,270.4
19750006636000,3,2,1,0
19750006637000,65,34,31,2619.5
19750006638000,65,39,26,2054
19750006639000,16,7,9,945.6
19750006640000,23,9,14,802.7
19750006645000,3,2,1,0
19750006650000,71,37,34,2733.5
19750006651000,26,13,13,1300
19750006658000,15,8,7,816
19750006674000,2,1,1,0
19750006678000,2,1,1,0
19750006679000,5,3,2,234
19750006680000,10,5,5,556
19750006693000,26,12,14,1157
19750006694000,23,12,11,1271.9
19750006710000,55,26,29,2062.5
19750006711000,58,29,29,1693.6
19750006712000,35,20,15,1235.5
19750006713000,73,41,32,2284.9
19750006717000,2,1,1,0
19750006721000,4,1,3,0
19750006722000,52,26,26,1872
19750006723000,24,12,12,777.6
19750006724000,16,10,6,696
19750006725000,26,10,16,1084.2
19750006729000,67,36,31,3149
19750006730000,35,17,18,1627.5
19750006731000,531,286,245,18372.6
19750006732000,618,331,287,22186.2
19750006733000,73,34,39,2861.6
19750006734000,32,16,16,1222.4
19750006735000,100,51,49,4470
19750006736000,187,97,90,7330.4
19750006737000,30,14,16,1632
19750006738000,25,16,9,1125
19750006739000,239,120,119,9583.9
19750006740000,916,496,420,34991.2
19750006741000,532,284,248,19098.8
19750006744000,42,20,22,1713.6
19750006745000,506,256,250,18418.4
19750006746000,375,191,184,14587.5
19750006747000,13,7,6,651.3
19750006748000,16,7,9,734.4
19750006749000,33,16,17,1329.9
19750006750000,54,27,27,2365.2
19750006751000,78,39,39,2449.2
19750006755000,77,40,37,2825.9
19750006756000,62,32,30,2610.2
19750006757000,142,85,57,5083.6
19750006758000,57,28,29,1903.8
19750006759000,6,4,2,193.2
19750006761000,2,1,1,0
19750006762000,27,15,12,963.9
19750006763000,32,15,17,1244.8
19750006764000,39,17,22,1392.3
19750006766000,23,13,10,1039.6
19750006775000,17,9,8,827.9
19750006780000,6,4,2,145.2
19750006782000,12,6,6,183.6
19750006783000,36,21,15,1630.8
19750006788000,7,3,4,272.3
19750006789000,4,2,2,0
19750006791000,14,6,8,803.6
19750006809000,9,3,6,261
19750006816000,11,5,6,578.6
19750006819000,8,4,4,492.8
19750006820000,32,16,16,1120
19750006826000,12,7,5,639.6
19750006827000,25,15,10,1157.5
19750006833000,1,0,1,0
19750006834000,14,8,6,676.2
19750006836000,20,10,10,894
19750006839000,7,2,5,182.7
19750006840000,53,26,27,2289.6
19750006841000,23,13,10,1016.6
19750006842000,16,7,9,668.8
19750006843000,13,8,5,581.1
19750006849000,19,7,12,1086.8
19750006850000,30,14,16,1266
19750006857000,19,10,9,813.2
19750006858000,16,7,9,580.8
19750006869000,471,233,238,16579.2
19750006870000,31,15,16,1057.1
19750006873000,1,0,1,0
19750006896000,83,41,42,3552.4
19750006898000,20,8,12,796
19750006899000,2,1,1,0
19760006506000,2,1,1,0
19760006507000,20,8,12,954
19760006508000,27,13,14,1023.3
19760006509000,51,22,29,2162.4
19760006510000,47,27,20,2091.5
19760006511000,24,15,9,868.8
19760006512000,98,46,52,4272.8
19760006513000,374,176,198,16830
19760006514000,2037,973,1064,84535.5
19760006515000,928,452,476,37027.2
19760006516000,636,334,302,16345.2
19760006517000,4,2,2,0
19760006518000,35,14,21,1372
19760006521000,4,2,2,0
19760006524000,20,10,10,566
19760006528000,25,15,10,957.5
19760006529000,2,1,1,0
19760006544000,1,1,0,0
19760006546000,30,16,14,1062
19760006551000,17,8,9,664.7
19760006552000,17,9,8,586.5
19760006555000,28,16,12,1111.6
19760006556000,5,3,2,323
19760006559000,17,11,6,562.7
19760006560000,8,6,2,328
19760006561000,2,1,1,0
19760006562000,2,1,1,0
19760006563000,18,11,7,597.6
19760006565000,13,10,3,312
19760006567000,21,14,7,991.2
19760006568000,5,2,3,297
19760006569000,97,52,45,3841.2
19760006570000,4,1,3,0
19760006587000,63,32,31,2286.9
19760006588000,9,5,4,278.1
19760006592000,144,69,75,4795.2
19760006594000,57,32,25,1995
19760006595000,54,28,26,2257.2
19760006596000,69,34,35,2546.1
19760006597000,45,26,19,1714.5
19760006603000,8,3,5,340.8
19760006614000,8,4,4,346.4
19760006615000,20,9,11,804
19760006616000,1,0,1,0
19760006622000,3,3,0,0
19760006625000,7,4,3,174.3
19760006626000,17,9,8,406.3
19760006627000,3,2,1,0
19760006628000,47,22,25,1739
19760006629000,60,31,29,2484
19760006630000,57,28,29,2684.7
19760006631000,42,18,24,1503.6
19760006632000,13,5,8,444.6
19760006634000,22,11,11,717.2
19760006635000,48,27,21,1992
19760006636000,24,9,15,844.8
19760006637000,2,1,1,0
19760006638000,33,16,17,1128.6
19760006639000,1,1,0,0
19760006640000,7,3,4,240.8
19760006641000,68,34,34,2856
19760006642000,14,6,8,547.4
19760006650000,5,2,3,262
19760006651000,1,1,0,0
19760006656000,27,17,10,1220.4
19760006665000,7,3,4,263.2
19760006666000,64,32,32,2752
19760006677000,6,3,3,379.8
19760006679000,6,3,3,316.8
19760006680000,5,4,1,205
19760006681000,28,13,15,1083.6
19760006687000,14,8,6,621.6
19760006693000,2,1,1,0
19760006694000,2,1,1,0
19760006697000,7,5,2,305.9
19760006711000,12,8,4,421.2
19760006712000,134,63,71,4234.4
19760006713000,88,41,47,2824.8
19760006714000,14,7,7,638.4
19760006723000,37,19,18,1509.6
19760006724000,20,10,10,928
19760006726000,55,29,26,2084.5
19760006729000,24,14,10,984
19760006730000,41,21,20,1558
19760006731000,184,88,96,4508
19760006732000,1,1,0,0
19760006733000,33,15,18,1395.9
19760006734000,1369,692,677,50379.2
19760006735000,1323,629,694,55433.7
19760006736000,967,455,512,44578.7
19760006737000,1074,557,517,43282.2
19760006738000,994,487,507,36976.8
19760006739000,496,254,242,17657.6
19760006741000,45,28,17,1606.5
19760006744000,37,19,18,1428.2
19760006745000,203,102,101,7308
19760006746000,233,121,112,7922
19760006747000,82,43,39,3017.6
19760006748000,6,3,3,199.8
19760006749000,23,10,13,1046.5
19760006750000,8,5,3,324
19760006751000,118,64,54,4755.4
19760006752000,2,2,0,0
19760006756000,58,33,25,2047.4
19760006757000,54,25,29,2170.8
19760006759000,15,11,4,619.5
19760006763000,6,4,2,154.2
19760006764000,13,5,8,474.5
19760006765000,84,48,36,3208.8
19760006766000,45,23,22,1737
19760006772000,4,1,3,0
19760006773000,37,16,21,1753.8
19760006774000,6,3,3,364.8
19760006784000,1,1,0,0
19760006786000,1,1,0,0
19760006800000,5,3,2,173
19760006809000,21,10,11,1005.9
19760006820000,7,4,3,217.7
19760006825000,1,1,0,0
19760006826000,6,4,2,406.8
19760006831000,2,1,1,0
19760006833000,1,1,0,0
19760006835000,4,2,2,0
19760006837000,1,1,0,0
19760006839000,9,6,3,506.7
19760006841000,42,20,22,2146.2
19760006842000,104,47,57,4659.2
19760006843000,9,5,4,440.1
19760006849000,33,14,19,1217.7
19760006850000,39,22,17,1333.8
19760006857000,11,5,6,603.9
19760006863000,2,1,1,0
19760006864000,15,8,7,592.5
19760006869000,92,47,45,2916.4
19760006887000,1,0,1,0
19760006896000,5,3,2,94
19760006898000,10,5,5,384
19760006899000,4,2,2,0
19770006505000,5,4,1,178
19770006506000,42,23,19,1835.4
19770006507000,29,13,16,1052.7
19770006508000,12,5,7,356.4
19770006509000,24,11,13,859.2
19770006511000,5,3,2,232
19770006512000,27,16,11,969.3
19770006513000,15,6,9,660
19770006514000,10,6,4,318
19770006515000,366,189,177,15628.2
19770006516000,93,52,41,3450.3
19770006517000,2,1,1,0
19770006520000,5,3,2,75
19770006521000,11,5,6,620.4
19770006522000,4,2,2,0
19770006523000,4,2,2,0
19770006526000,6,4,2,216
19770006527000,9,4,5,195.3
19770006528000,14,8,6,660.8
19770006529000,15,7,8,577.5
19770006530000,16,7,9,544
19770006531000,3,2,1,0
19770006537000,7,4,3,202.3
19770006538000,15,8,7,403.5
19770006539000,4,1,3,0
19770006540000,3,1,2,0
19770006543000,5,3,2,95
19770006545000,13,8,5,492.7
19770006549000,42,23,19,1600.2
19770006550000,4,2,2,0
19770006551000,29,17,12,954.1
19770006552000,5,3,2,191
19770006555000,20,9,11,812
19770006557000,2,1,1,0
19770006558000,16,11,5,520
19770006560000,35,19,16,1466.5
19770006563000,33,14,19,1174.8
19770006564000,31,16,15,1078.8
19770006565000,12,6,6,375.6
19770006567000,13,7,6,349.7
19770006568000,2,2,0,0
19770006569000,20,12,8,772
19770006570000,3,1,2,0
19770006571000,14,7,7,868
19770006587000,65,31,34,2210
19770006592000,74,42,32,3026.6
19770006593000,40,13,27,1744
19770006594000,45,28,17,1642.5
19770006595000,22,12,10,774.4
19770006597000,28,13,15,840
19770006598000,13,7,6,494
19770006600000,5,3,2,259
19770006601000,56,27,29,1640.8
19770006603000,8,3,5,295.2
19770006604000,86,46,40,3371.2
19770006605000,20,10,10,1074
19770006614000,40,18,22,1516
19770006615000,123,54,69,5498.1
19770006617000,7,4,3,256.9
19770006618000,7,5,2,165.2
19770006621000,7,5,2,312.9
19770006622000,4,1,3,0
19770006627000,43,25,18,1517.9
19770006628000,12,5,7,483.6
19770006631000,11,6,5,451
19770006640000,4,2,2,0
19770006641000,14,7,7,593.6
19770006642000,34,20,14,1438.2
19770006643000,8,5,3,380.8
19770006649000,17,7,10,810.9
19770006650000,17,10,7,727.6
19770006656000,6,4,2,334.2
19770006657000,30,15,15,1191
19770006658000,13,7,6,725.4
19770006664000,74,34,40,3174.6
19770006665000,91,46,45,3649.1
19770006666000,2,1,1,0
19770006678000,5,3,2,213
19770006680000,2,1,1,0
19770006681000,4,2,2,0
19770006682000,40,23,17,1712
19770006683000,74,44,30,2923
19770006693000,1,1,0,0
19770006694000,12,6,6,453.6
19770006695000,2,1,1,0
19770006714000,39,23,16,1345.5
19770006715000,38,20,18,1299.6
19770006718000,4,2,2,0
19770006719000,4,3,1,0
19770006724000,18,9,9,912.6
19770006725000,20,13,7,610
19770006726000,1,0,1,0
19770006727000,4,2,2,0
19770006730000,25,13,12,795
19770006731000,29,12,17,904.8
19770006737000,38,20,18,1482
19770006738000,383,200,183,14400.8
19770006740000,50,27,23,1800
19770006741000,163,85,78,5737.6
19770006742000,22,14,8,1009.8
19770006743000,7,3,4,247.1
19770006744000,15,7,8,573
19770006745000,78,41,37,3673.8
19770006746000,104,44,60,5824
19770006747000,6,4,2,250.2
19770006748000,20,11,9,1020
19770006749000,16,6,10,409.6
19770006751000,4,2,2,0
19770006752000,45,21,24,1912.5
19770006753000,1,1,0,0
19770006756000,5,1,4,164
19770006757000,13,6,7,681.2
19770006758000,25,14,11,987.5
19770006759000,17,10,7,933.3
19770006760000,33,13,20,1049.4
19770006763000,43,23,20,1896.3
19770006764000,18,12,6,788.4
19770006765000,2,1,1,0
19770006766000,4,3,1,0
19770006767000,7,4,3,422.8
19770006769000,9,4,5,185.4
19770006770000,3,3,0,0
19770006771000,15,4,11,621
19770006772000,47,26,21,2453.4
19770006773000,8,3,5,368
19770006775000,8,3,5,358.4
19770006780000,29,13,16,1148.4
19770006781000,2,0,2,0
19770006782000,7,4,3,242.9
19770006793000,3,2,1,0
19770006800000,21,10,11,972.3
19770006806000,7,3,4,300.3
19770006808000,1,0,1,0
19770006814000,12,7,5,606
19770006815000,1,0,1,0
19770006824000,9,4,5,378.9
19770006825000,27,14,13,1061.1
19770006827000,1,0,1,0
19770006831000,7,3,4,398.3
19770006832000,6,4,2,238.8
19770006835000,8,6,2,360.8
19770006836000,4,2,2,0
19770006838000,4,3,1,0
19770006839000,64,31,33,2860.8
19770006840000,35,16,19,1865.5
19770006841000,17,11,6,646
19770006842000,20,10,10,898
19770006843000,3,1,2,0
19770006845000,1,0,1,0
19770006849000,12,5,7,439.2
19770006850000,8,3,5,275.2
19770006852000,1,0,1,0
19770006853000,11,5,6,517
19770006857000,4,1,3,0
19770006863000,7,3,4,373.1
19770006869000,282,148,134,9165
19770006870000,18,10,8,648
19770006873000,2,1,1,0
19770006892000,1,1,0,0
19770006898000,7,4,3,352.1
19770006917000,5,3,2,286
19780006505000,21,12,9,812.7
19780006506000,20,7,13,738
19780006509000,16,9,7,612.8
19780006511000,6,3,3,136.2
19780006513000,42,21,21,1167.6
19780006515000,16,6,10,598.4
19780006516000,19,10,9,877.8
19780006518000,6,4,2,229.2
19780006519000,14,11,3,533.4
19780006520000,12,8,4,331.2
19780006522000,84,40,44,2956.8
19780006523000,23,10,13,1000.5
19780006524000,19,12,7,704.9
19780006530000,21,12,9,917.7
19780006531000,28,18,10,1080.8
19780006532000,19,8,11,507.3
19780006536000,4,2,2,0
19780006537000,20,10,10,550
19780006538000,11,5,6,528
19780006539000,26,15,11,868.4
19780006540000,21,12,9,779.1
19780006541000,3,2,1,0
19780006543000,1,0,1,0
19780006544000,36,18,18,1479.6
19780006545000,13,7,6,432.9
19780006549000,12,6,6,406.8
19780006552000,2,1,1,0
19780006560000,29,17,12,1165.8
19780006562000,7,4,3,212.1
19780006563000,2,1,1,0
19780006564000,9,4,5,268.2
19780006565000,9,6,3,475.2
19780006566000,1,1,0,0
19780006574000,1,0,1,0
19780006578000,3,1,2,0
19780006593000,16,9,7,912
19780006594000,118,60,58,4790.8
19780006595000,14,8,6,522.2
19780006596000,47,29,18,1485.2
19780006597000,25,9,16,972.5
19780006600000,11,6,5,456.5
19780006601000,20,12,8,964
19780006603000,2,1,1,0
19780006604000,17,11,6,831.3
19780006605000,24,12,12,1243.2
19780006614000,2,1,1,0
19780006615000,21,12,9,825.3
19780006623000,1,1,0,0
19780006628000,9,6,3,279.9
19780006631000,10,6,4,451
19780006632000,21,11,10,844.2
19780006633000,14,9,5,471.8
19780006642000,307,158,149,10131
19780006643000,135,67,68,5602.5
19780006649000,7,4,3,261.8
19780006655000,7,2,5,289.1
19780006656000,7,2,5,303.1
19780006659000,13,6,7,492.7
19780006664000,123,61,62,4698.6
19780006665000,294,154,140,10584
19780006679000,7,3,4,198.8
19780006680000,4,2,2,0
19780006683000,24,15,9,746.4
19780006684000,22,12,10,1251.8
19780006685000,7,4,3,336
19780006692000,4,2,2,0
19780006693000,15,7,8,730.5
19780006694000,14,7,7,593.6
19780006705000,56,29,27,2452.8
19780006706000,184,88,96,6734.4
19780006707000,5,2,3,229
19780006714000,31,17,14,1165.6
19780006715000,34,21,13,1346.4
19780006716000,13,3,10,496.6
19780006718000,28,15,13,1092
19780006720000,5,3,2,350
19780006725000,1,1,0,0
19780006726000,9,4,5,432.9
19780006731000,12,7,5,620.4
19780006736000,47,25,22,2011.6
19780006737000,69,34,35,2559.9
19780006738000,133,71,62,5014.1
19780006739000,397,194,203,15602.1
19780006740000,70,35,35,3129
19780006744000,15,8,7,574.5
19780006745000,211,117,94,7574.9
19780006746000,20,12,8,1168
19780006747000,11,7,4,466.4
19780006749000,24,12,12,1046.4
19780006750000,63,30,33,2690.1
19780006751000,71,33,38,2690.9
19780006752000,32,14,18,1139.2
19780006753000,24,13,11,1116
19780006754000,22,14,8,739.2
19780006756000,110,54,56,4510
19780006757000,53,30,23,2210.1
19780006760000,1,0,1,0
19780006761000,8,4,4,448
19780006762000,34,18,16,1305.6
19780006763000,8,4,4,302.4
19780006768000,2,1,1,0
19780006769000,4,2,2,0
19780006780000,43,18,25,1732.9
19780006781000,32,18,14,1500.8
19780006800000,2,1,1,0
19780006804000,7,4,3,324.8
19780006805000,11,4,7,396
19780006814000,13,6,7,782.6
19780006816000,5,3,2,201
19780006817000,3,3,0,0
19780006818000,1,0,1,0
19780006822000,1,0,1,0
19780006824000,9,4,5,468.9
19780006829000,15,8,7,703.5
19780006834000,9,2,7,352.8
19780006836000,9,5,4,331.2
19780006840000,4,2,2,0
19780006842000,6,5,1,183
19780006859000,6,3,3,232.2
19780006861000,2,1,1,0
19780006863000,2,1,1,0
19780006866000,2,1,1,0
19780006869000,250,134,116,9150
19780006880000,3,2,1,0
19780006881000,10,6,4,550
19780006882000,11,5,6,448.8
19780006883000,1,0,1,0
19780006887000,1,1,0,0
19780006898000,9,2,7,505.8
19780006904000,25,14,11,952.5
19780006905000,12,6,6,482.4
19780006907000,2,1,1,0
19780006917000,5,3,2,319
19790006516000,28,14,14,1201.2
19790006518000,22,12,10,891
19790006519000,9,4,5,281.7
19790006520000,23,10,13,897
19790006522000,9,5,4,336.6
19790006523000,19,11,8,566.2
19790006524000,38,23,15,1489.6
19790006525000,24,14,10,763.2
19790006526000,2,1,1,0
19790006529000,12,8,4,482.4
19790006531000,12,6,6,420
19790006537000,3,1,2,0
19790006541000,4,1,3,0
19790006542000,1,0,1,0
19790006548000,10,6,4,338
19790006549000,19,9,10,786.6
19790006550000,7,4,3,242.2
19790006553000,21,14,7,760.2
19790006556000,9,5,4,354.6
19790006557000,8,5,3,331.2
19790006560000,27,14,13,828.9
19790006564000,2,1,1,0
19790006569000,8,6,2,368
19790006581000,143,73,70,6377.8
19790006582000,279,134,145,10546.2
19790006589000,6,3,3,415.8
19790006593000,8,4,4,216
19790006594000,449,224,225,18813.1
19790006595000,138,70,68,5671.8
19790006596000,36,20,16,1249.2
19790006601000,12,5,7,514.8
19790006603000,6,2,4,321
19790006604000,9,4,5,486
19790006605000,4,3,1,0
19790006614000,29,17,12,1122.3
19790006615000,4,3,1,0
19790006629000,4,2,2,0
19790006633000,5,1,4,168
19790006639000,4,3,1,0
19790006642000,29,14,15,1075.9
19790006643000,88,44,44,2912.8
19790006644000,13,9,4,429
19790006648000,1,0,1,0
19790006659000,8,4,4,387.2
19790006664000,59,27,32,2643.2
19790006665000,144,71,73,6393.6
19790006669000,64,32,32,2572.8
19790006670000,13,7,6,434.2
19790006685000,2,2,0,0
19790006693000,10,4,6,428
19790006694000,97,56,41,4025.5
19790006695000,43,26,17,1642.6
19790006704000,2,1,1,0
19790006705000,12,5,7,472.8
19790006706000,16,6,10,700.8
19790006707000,14,7,7,467.6
19790006708000,35,19,16,1494.5
19790006717000,5,3,2,265
19790006718000,14,7,7,551.6
19790006720000,1,1,0,0
19790006721000,2,0,2,0
19790006735000,88,42,46,3282.4
19790006736000,9,4,5,550.8
19790006737000,14,8,6,441
19790006738000,20,8,12,490
19790006739000,66,32,34,2501.4
19790006743000,25,15,10,975
19790006744000,23,12,11,972.9
19790006745000,58,26,32,2186.6
19790006747000,297,151,146,11850.3
19790006748000,4,2,2,0
19790006749000,34,17,17,1366.8
19790006750000,8,3,5,332
19790006751000,14,8,6,702.8
19790006752000,55,27,28,1826
19790006753000,135,76,59,5440.5
19790006754000,17,9,8,899.3
19790006755000,4,0,4,0
19790006757000,28,16,12,1134
19790006758000,55,22,33,2656.5
19790006759000,32,16,16,1372.8
19790006760000,18,12,6,633.6
19790006766000,1,0,1,0
19790006787000,3,2,1,0
19790006789000,5,2,3,116
19790006795000,1,0,1,0
19790006815000,9,6,3,363.6
19790006819000,7,3,4,121.8
19790006820000,69,36,33,2980.8
19790006821000,69,33,36,2559.9
19790006822000,1,1,0,0
19790006823000,3,2,1,0
19790006837000,4,1,3,0
19790006842000,1,1,0,0
19790006843000,9,5,4,408.6
19790006850000,3,2,1,0
19790006852000,5,2,3,198
19790006859000,11,8,3,575.3
19790006860000,4,2,2,0
19790006861000,62,35,27,2883
19790006862000,9,4,5,489.6
19790006869000,9,5,4,318.6
19790006870000,6,4,2,166.2
19790006885000,2,1,1,0
19790006887000,3,1,2,0
19790006900000,5,2,3,334
19790006906000,14,7,7,882
19790006907000,204,100,104,7425.6
19790006908000,12,6,6,729.6
19790006909000,13,7,6,737.1
19790006912000,3,1,2,0
19790006913000,16,8,8,849.6
19800006503000,5,3,2,205
19800006504000,11,6,5,601.7
19800006508000,3,2,1,0
19800006516000,2,1,1,0
19800006517000,4,1,3,0
19800006520000,4,3,1,0
19800006525000,17,8,9,848.3
19800006526000,67,33,34,2036.8
19800006527000,5,2,3,163
19800006529000,11,5,6,510.4
19800006532000,21,11,10,795.9
19800006542000,5,4,1,221
19800006547000,10,5,5,260
19800006548000,6,3,3,244.2
19800006550000,11,5,6,536.8
19800006552000,25,14,11,877.5
19800006553000,2,1,1,0
19800006554000,2,0,2,0
19800006556000,9,5,4,295.2
19800006557000,1,1,0,0
19800006564000,51,25,26,2080.8
19800006565000,7,4,3,217
19800006566000,17,10,7,739.5
19800006567000,69,35,34,2615.1
19800006572000,4,2,2,0
19800006573000,23,14,9,791.2
19800006574000,2,1,1,0
19800006580000,143,70,73,5677.1
19800006581000,1358,699,659,44270.8
19800006582000,625,289,336,26375
19800006583000,167,89,78,4943.2
19800006589000,23,12,11,972.9
19800006590000,63,32,31,1890
19800006591000,71,36,35,3024.6
19800006601000,3,1,2,0
19800006603000,14,5,9,617.4
19800006605000,4,2,2,0
19800006606000,12,7,5,621.6
19800006614000,169,85,84,6641.7
19800006615000,2,1,1,0
19800006616000,1,1,0,0
19800006629000,5,3,2,145
19800006633000,29,17,12,1368.8
19800006642000,3,1,2,0
19800006643000,62,33,29,1729.8
19800006644000,63,42,21,2154.6
19800006647000,31,21,10,1187.3
19800006648000,13,7,6,430.3
19800006658000,17,9,8,839.8
19800006659000,12,6,6,399.6
19800006663000,97,43,54,2919.7
19800006664000,123,55,68,5596.5
19800006665000,173,79,94,8165.6
19800006669000,561,286,275,20981.4
19800006670000,92,53,39,3974.4
19800006671000,82,41,41,3632.6
19800006672000,32,18,14,1062.4
19800006686000,36,17,19,1609.2
19800006687000,2,2,0,0
19800006694000,40,20,20,1340
19800006695000,54,23,31,1960.2
19800006704000,28,16,12,1173.2
19800006705000,44,20,24,1628
19800006707000,3,2,1,0
19800006708000,11,5,6,424.6
19800006709000,43,21,22,2033.9
19800006710000,175,86,89,7332.5
19800006711000,61,35,26,1543.3
19800006714000,8,3,5,220.8
19800006715000,14,9,5,597.8
19800006716000,31,16,15,1069.5
19800006718000,33,20,13,910.8
19800006719000,18,11,7,608.4
19800006735000,59,29,30,2247.9
19800006736000,17,7,10,600.1
19800006737000,8,4,4,496.8
19800006739000,67,35,32,2747
19800006741000,57,28,29,2160.3
19800006742000,10,4,6,426
19800006743000,36,15,21,1440
19800006744000,7,2,5,207.2
19800006745000,86,40,46,3354
19800006746000,217,111,106,6965.7
19800006747000,337,173,164,11997.2
19800006748000,2,1,1,0
19800006749000,8,5,3,548.8
19800006750000,2,1,1,0
19800006752000,21,12,9,724.5
19800006753000,6,4,2,256.8
19800006755000,55,27,28,2579.5
19800006758000,181,85,96,6226.4
19800006759000,56,30,26,2178.4
19800006760000,5,2,3,260
19800006762000,10,6,4,509
19800006763000,6,4,2,157.2
19800006764000,1,1,0,0
19800006794000,5,3,2,191
19800006795000,4,2,2,0
19800006804000,10,3,7,238
19800006814000,10,3,7,440
19800006815000,54,39,15,2527.2
19800006816000,6,4,2,232.2
19800006818000,3,1,2,0
19800006819000,12,7,5,420
19800006822000,19,8,11,991.8
19800006836000,3,1,2,0
19800006837000,1,1,0,0
19800006839000,6,5,1,283.2
19800006840000,15,8,7,757.5
19800006841000,4,2,2,0
19800006842000,45,27,18,1719
19800006843000,17,8,9,617.1
19800006852000,16,10,6,646.4
19800006861000,2,1,1,0
19800006872000,9,4,5,308.7
19800006882000,4,2,2,0
19800006887000,17,10,7,1013.2
19800006894000,26,12,14,1573
19800006895000,13,7,6,651.3
19800006900000,2,2,0,0
19800006902000,2,1,1,0
19800006904000,7,4,3,245.7
19800006905000,62,32,30,2635
19800006906000,274,131,143,10110.6
19800006910000,8,5,3,356
19800006912000,52,28,24,2132
19800006913000,20,11,9,708
19810006504000,1,0,1,0
19810006505000,5,3,2,288
19810006510000,9,5,4,395.1
19810006511000,12,6,6,436.8
19810006520000,9,6,3,438.3
19810006521000,5,3,2,247
19810006522000,13,7,6,500.5
19810006524000,12,6,6,255.6
19810006525000,6,2,4,385.2
19810006526000,12,8,4,320.4
19810006527000,33,18,15,1234.2
19810006528000,348,176,172,12528
19810006529000,4,2,2,0
19810006532000,16,8,8,700.8
19810006535000,12,6,6,307.2
19810006540000,2,1,1,0
19810006541000,1,1,0,0
19810006547000,3,1,2,0
19810006548000,5,3,2,341
19810006553000,9,4,5,351
19810006556000,1,1,0,0
19810006557000,7,4,3,200.2
19810006560000,5,4,1,131
19810006563000,2,1,1,0
19810006567000,39,22,17,1329.9
19810006568000,9,7,2,383.4
19810006572000,30,17,13,1542
19810006573000,33,19,14,1679.7
19810006577000,13,6,7,392.6
19810006578000,41,23,18,1484.2
19810006579000,186,94,92,7198.2
19810006581000,306,151,155,11016
19810006582000,200,112,88,6840
19810006585000,10,5,5,338
19810006586000,21,9,12,896.7
19810006589000,5,3,2,213
19810006590000,28,13,15,938
19810006591000,37,21,16,1202.5
19810006592000,79,40,39,3436.5
19810006601000,8,5,3,418.4
19810006602000,14,10,4,473.2
19810006604000,15,8,7,760.5
19810006605000,3,2,1,0
19810006606000,4,2,2,0
19810006614000,112,59,53,5566.4
19810006615000,14,4,10,694.4
19810006631000,6,3,3,235.2
19810006633000,17,9,8,569.5
19810006634000,15,8,7,874.5
19810006637000,12,6,6,408
19810006638000,73,45,28,2642.6
19810006639000,42,25,17,1331.4
19810006640000,13,5,8,647.4
19810006641000,3,1,2,0
19810006642000,52,28,24,1882.4
19810006643000,127,64,63,5029.2
19810006644000,17,9,8,564.4
19810006645000,20,12,8,886
19810006646000,23,14,9,995.9
19810006647000,6,3,3,222
19810006658000,3,2,1,0
19810006659000,33,17,16,1475.1
19810006660000,26,13,13,1318.2
19810006663000,86,48,38,2984.2
19810006664000,74,34,40,3263.4
19810006665000,42,20,22,1709.4
19810006668000,14,7,7,740.6
19810006669000,289,147,142,10346.2
19810006670000,267,127,140,7716.3
19810006671000,196,103,93,7232.4
19810006672000,81,42,39,3879.9
19810006679000,1,0,1,0
19810006686000,2,1,1,0
19810006687000,79,34,45,2970.4
19810006692000,9,4,5,308.7
19810006694000,1,0,1,0
19810006695000,19,9,10,879.7
19810006696000,37,17,20,2090.5
19810006704000,7,4,3,483.7
19810006705000,111,55,56,3962.7
19810006707000,4,2,2,0
19810006710000,73,41,32,2861.6
19810006711000,80,42,38,3088
19810006715000,13,6,7,664.3
19810006716000,83,50,33,2448.5
19810006719000,20,11,9,856
19810006737000,11,6,5,453.2
19810006739000,31,15,16,1267.9
19810006740000,21,12,9,585.9
19810006741000,15,7,8,789
19810006742000,72,37,35,2721.6
19810006743000,25,14,11,907.5
19810006744000,38,18,20,1656.8
19810006745000,61,38,23,2159.4
19810006746000,34,17,17,911.2
19810006747000,86,47,39,3293.8
19810006748000,13,9,4,443.3
19810006749000,15,7,8,772.5
19810006750000,4,2,2,0
19810006754000,21,10,11,934.5
19810006755000,117,53,64,5112.9
19810006756000,128,72,56,4761.6
19810006758000,9,6,3,249.3
19810006759000,31,17,14,1770.1
19810006788000,2,1,1,0
19810006803000,19,9,10,682.1
19810006804000,10,6,4,444
19810006813000,8,3,5,428.8
19810006814000,7,3,4,296.1
19810006815000,134,64,70,5360
19810006816000,38,19,19,1668.2
19810006817000,4,3,1,0
19810006819000,4,3,1,0
19810006839000,4,2,2,0
19810006840000,2,2,0,0
19810006842000,3,1,2,0
19810006843000,18,8,10,756
19810006852000,25,14,11,1172.5
19810006853000,13,5,8,465.4
19810006854000,4,2,2,0
19810006857000,5,3,2,251
19810006858000,38,22,16,1713.8
19810006867000,2,1,1,0
19810006868000,19,12,7,587.1
19810006869000,10,4,6,237
19810006882000,15,8,7,621
19810006884000,15,6,9,604.5
19810006887000,4,1,3,0
19810006894000,9,4,5,441
19810006895000,41,20,21,1873.7
19810006900000,1,1,0,0
19810006902000,2,1,1,0
19810006905000,53,30,23,2199.5
19810006912000,38,16,22,1238.8
19810006913000,8,4,4,134.4
19810006914000,9,4,5,316.8
19820006510000,2,2,0,0
19820006520000,6,2,4,271.2
19820006521000,33,19,14,1204.5
19820006522000,22,11,11,530.2
19820006524000,1,1,0,0
19820006527000,6,3,3,246
19820006528000,82,39,43,3476.8
19820006529000,3,2,1,0
19820006533000,122,59,63,5221.6
19820006534000,7,5,2,399.7
19820006540000,43,24,19,1212.6
19820006541000,11,5,6,337.7
19820006549000,13,7,6,401.7
19820006550000,3,2,1,0
19820006551000,20,13,7,850
19820006554000,6,4,2,274.2
19820006555000,94,51,43,3130.2
19820006557000,6,2,4,172.2
19820006558000,9,6,3,290.7
19820006560000,28,13,15,926.8
19820006561000,11,6,5,467.5
19820006562000,30,15,15,1050
19820006563000,202,99,103,7736.6
19820006567000,3,1,2,0
19820006572000,3,2,1,0
19820006577000,46,24,22,1623.8
19820006578000,51,27,24,1973.7
19820006579000,23,10,13,1005.1
19820006581000,47,25,22,1706.1
19820006582000,29,16,13,1154.2
19820006583000,4,3,1,0
19820006585000,40,22,18,1716
19820006586000,55,28,27,2040.5
19820006587000,64,38,26,2860.8
19820006589000,2,1,1,0
19820006590000,31,17,14,1171.8
19820006591000,7,4,3,235.2
19820006592000,1,1,0,0
19820006593000,1,1,0,0
19820006614000,17,10,7,591.6
19820006615000,31,18,13,1069.5
19820006616000,1,1,0,0
19820006619000,3,1,2,0
19820006634000,14,5,9,389.2
19820006636000,5,3,2,216
19820006637000,22,10,12,882.2
19820006638000,1,0,1,0
19820006639000,1,1,0,0
19820006640000,77,45,32,2702.7
19820006641000,26,10,16,982.8
19820006642000,56,32,24,2256.8
19820006643000,467,238,229,18399.8
19820006644000,51,32,19,2228.7
19820006645000,49,21,28,1945.3
19820006647000,3,1,2,0
19820006648000,16,8,8,691.2
19820006649000,16,9,7,763.2
19820006650000,21,14,7,651
19820006651000,4,3,1,0
19820006652000,1,1,0,0
19820006663000,8,4,4,312.8
19820006668000,62,35,27,2244.4
19820006669000,221,112,109,8154.9
19820006670000,98,47,51,3459.4
19820006671000,693,363,330,28690.2
19820006672000,627,296,331,24515.7
19820006673000,42,17,25,1512
19820006687000,4,2,2,0
19820006688000,13,7,6,700.7
19820006689000,43,24,19,2236
19820006690000,3,2,1,0
19820006696000,44,22,22,1680.8
19820006705000,105,54,51,4200
19820006706000,58,30,28,2430.2
19820006711000,17,6,11,571.2
19820006712000,15,9,6,615
19820006716000,15,8,7,514.5
19820006717000,23,12,11,982.1
19820006718000,5,3,2,163
19820006720000,5,2,3,356
19820006721000,5,3,2,195
19820006722000,5,3,2,265
19820006723000,3,1,2,0
19820006724000,9,4,5,209.7
19820006735000,2,1,1,0
19820006736000,45,23,22,1800
19820006737000,21,12,9,913.5
19820006740000,13,6,7,416
19820006741000,26,16,10,1211.6
19820006742000,54,26,28,2133
19820006743000,21,10,11,661.5
19820006744000,50,27,23,1745
19820006745000,24,11,13,828
19820006746000,2,1,1,0
19820006747000,42,23,19,1436.4
19820006748000,20,10,10,666
19820006749000,45,25,20,1620
19820006750000,18,7,11,934.2
19820006753000,18,10,8,511.2
19820006754000,175,91,84,7052.5
19820006755000,58,29,29,2470.8
19820006756000,7,3,4,294.7
19820006795000,3,1,2,0
19820006796000,9,7,2,313.2
19820006803000,16,8,8,668.8
19820006809000,5,4,1,215
19820006815000,41,24,17,1312
19820006816000,2,1,1,0
19820006817000,2,1,1,0
19820006818000,2,2,0,0
19820006819000,3,2,1,0
19820006820000,39,17,22,1528.8
19820006823000,2,1,1,0
19820006825000,10,7,3,407
19820006826000,23,10,13,926.9
19820006831000,9,7,2,389.7
19820006838000,6,2,4,103.2
19820006839000,4,1,3,0
19820006842000,3,2,1,0
19820006853000,5,3,2,195
19820006854000,22,12,10,992.2
19820006857000,18,7,11,1026
19820006858000,6,3,3,421.2
19820006867000,1,0,1,0
19820006868000,4,2,2,0
19820006869000,32,16,16,1081.6
19820006870000,21,14,7,741.3
19820006882000,17,8,9,698.7
19820006884000,30,14,16,1821
19820006888000,4,3,1,0
19820006894000,2,1,1,0
19820006895000,4,1,3,0
19820006901000,2,1,1,0
19820006904000,30,15,15,915
19820006905000,119,60,59,4843.3
19820006906000,1191,603,588,48592.8
19820006907000,452,217,235,17176
19820006913000,52,28,24,2282.8
19820006914000,46,25,21,1697.4
19820006915000,65,33,32,2067
19830006502000,8,3,5,348.8
19830006504000,3,2,1,0
19830006513000,8,4,4,220
19830006514000,2,1,1,0
19830006516000,2,1,1,0
19830006521000,117,60,57,4130.1
19830006522000,3,2,1,0
19830006525000,2,1,1,0
19830006528000,31,13,18,830.8
19830006529000,12,7,5,476.4
19830006530000,44,17,27,1878.8
19830006531000,19,11,8,594.7
19830006533000,225,108,117,9720
19830006534000,294,152,142,9349.2
19830006535000,3,2,1,0
19830006536000,14,7,7,693
19830006541000,19,14,5,980.4
19830006551000,18,10,8,612
19830006554000,1,1,0,0
19830006555000,547,280,267,18324.5
19830006562000,11,7,4,324.5
19830006563000,258,135,123,8591.4
19830006570000,20,11,9,636
19830006571000,3,1,2,0
19830006572000,14,10,4,504
19830006577000,206,111,95,8301.8
19830006578000,31,16,15,1159.4
19830006579000,2,1,1,0
19830006581000,23,12,11,759
19830006584000,16,8,8,475.2
19830006585000,1,1,0,0
19830006586000,10,5,5,299
19830006587000,96,55,41,3513.6
19830006588000,2,1,1,0
19830006593000,11,6,5,641.3
19830006594000,1,1,0,0
19830006597000,16,8,8,545.6
19830006598000,27,13,14,774.9
19830006601000,11,6,5,467.5
19830006602000,13,8,5,418.6
19830006615000,20,8,12,810
19830006616000,7,4,3,452.9
19830006617000,3,2,1,0
19830006636000,144,72,72,5443.2
19830006637000,23,15,8,903.9
19830006639000,2,1,1,0
19830006643000,457,223,234,17503.1
19830006644000,107,64,43,3177.9
19830006652000,44,30,14,1680.8
19830006660000,21,10,11,814.8
19830006661000,15,7,8,679.5
19830006663000,47,25,22,1386.5
19830006664000,63,32,31,2412.9
19830006668000,93,50,43,4036.2
19830006669000,193,109,84,7044.5
19830006670000,138,72,66,4761
19830006671000,116,53,63,4060
19830006672000,436,205,231,19096.8
19830006673000,4,2,2,0
19830006690000,4,3,1,0
19830006692000,2,1,1,0
19830006693000,3,2,1,0
19830006695000,3,2,1,0
19830006696000,1,1,0,0
19830006705000,72,34,38,3016.8
19830006706000,26,14,12,1300
19830006717000,12,5,7,447.6
19830006718000,7,4,3,319.9
19830006722000,3,2,1,0
19830006723000,46,24,22,1665.2
19830006724000,15,7,8,708
19830006725000,14,7,7,714
19830006735000,8,5,3,312
19830006736000,63,32,31,2343.6
19830006737000,2,1,1,0
19830006743000,5,2,3,202
19830006747000,20,13,7,734
19830006748000,7,3,4,231
19830006749000,25,13,12,1300
19830006750000,3,1,2,0
19830006752000,8,3,5,256.8
19830006753000,19,12,7,545.3
19830006754000,16,8,8,852.8
19830006755000,45,24,21,1575
19830006756000,1,1,0,0
19830006787000,7,3,4,354.2
19830006788000,6,5,1,301.2
19830006790000,2,1,1,0
19830006800000,17,7,10,608.6
19830006809000,7,3,4,347.2
19830006810000,5,3,2,142
19830006815000,8,4,4,362.4
19830006816000,5,2,3,359
19830006818000,5,4,1,248
19830006820000,1,0,1,0
19830006821000,4,2,2,0
19830006822000,4,1,3,0
19830006824000,2,1,1,0
19830006825000,7,3,4,221.9
19830006826000,7,5,2,181.3
19830006827000,1,1,0,0
19830006828000,1,1,0,0
19830006829000,3,1,2,0
19830006831000,5,3,2,207
19830006833000,7,3,4,219.8
19830006836000,2,2,0,0
19830006837000,37,14,23,810.3
19830006838000,24,16,8,1212
19830006853000,3,2,1,0
19830006856000,8,4,4,236
19830006858000,17,8,9,535.5
19830006861000,1,0,1,0
19830006866000,13,5,8,434.2
19830006868000,5,3,2,304
19830006869000,15,7,8,457.5
19830006882000,9,4,5,252.9
19830006883000,28,14,14,1268.4
19830006884000,12,7,5,542.4
19830006887000,8,6,2,388
19830006895000,2,1,1,0
19830006900000,1,0,1,0
19830006901000,1,1,0,0
19830006904000,86,42,44,3164.8
19830006905000,403,210,193,16563.3
19830006906000,22,19,3,974.6
19830006907000,337,169,168,14929.1
19830006912000,12,5,7,344.4
19830006914000,25,12,13,887.5
19830006915000,63,40,23,2696.4
19840006501000,17,9,8,642.6
19840006509000,2,1,1,0
19840006512000,2,1,1,0
19840006518000,2,1,1,0
19840006519000,5,3,2,136
19840006521000,72,42,30,2980.8
19840006522000,43,21,22,1290
19840006523000,14,8,6,508.2
19840006531000,3,2,1,0
19840006533000,18,10,8,743.4
19840006534000,376,189,187,10791.2
19840006536000,20,11,9,670
19840006537000,2,1,1,0
19840006541000,2,1,1,0
19840006549000,9,4,5,236.7
19840006550000,13,8,5,429
19840006555000,287,152,135,9442.3
19840006556000,47,22,25,1649.7
19840006562000,19,10,9,889.2
19840006563000,1,1,0,0
19840006567000,40,22,18,1148
19840006568000,37,18,19,1550.3
19840006570000,2,1,1,0
19840006571000,2,2,0,0
19840006572000,2,1,1,0
19840006577000,297,144,153,11642.4
19840006578000,2,1,1,0
19840006579000,8,3,5,404.8
19840006580000,2,2,0,0
19840006582000,19,8,11,604.2
19840006583000,35,18,17,1137.5
19840006584000,36,22,14,1054.8
19840006585000,5,3,2,208
19840006587000,7,4,3,452.9
19840006588000,27,14,13,1279.8
19840006593000,8,4,4,447.2
19840006595000,4,1,3,0
19840006596000,25,16,9,950
19840006597000,34,14,20,1434.8
19840006598000,13,7,6,470.6
19840006600000,5,2,3,137
19840006601000,26,14,12,1027
19840006602000,11,6,5,528
19840006603000,5,2,3,207
19840006604000,3,2,1,0
19840006630000,3,2,1,0
19840006633000,8,5,3,360
19840006634000,211,107,104,6752
19840006635000,182,100,82,8663.2
19840006636000,152,70,82,6779.2
19840006637000,50,26,24,2150
19840006639000,6,2,4,261
19840006642000,15,8,7,687
19840006643000,88,45,43,3168
19840006644000,1,0,1,0
19840006648000,8,5,3,298.4
19840006653000,9,5,4,331.2
19840006654000,5,2,3,331
19840006662000,46,26,20,1688.2
19840006663000,158,83,75,7473.4
19840006667000,10,4,6,516
19840006668000,347,170,177,13012.5
19840006669000,19,9,10,549.1
19840006671000,20,10,10,864
19840006672000,11,5,6,501.6
19840006673000,13,6,7,770.9
19840006674000,51,29,22,2244
19840006675000,15,8,7,888
19840006676000,33,17,16,1339.8
19840006688000,19,9,10,946.2
19840006689000,2,1,1,0
19840006690000,15,7,8,676.5
19840006691000,6,2,4,325.2
19840006693000,1,0,1,0
19840006705000,2,2,0,0
19840006706000,8,4,4,439.2
19840006707000,7,3,4,314.3
19840006708000,5,3,2,262
19840006713000,3,1,2,0
19840006717000,1,1,0,0
19840006718000,42,23,19,1663.2
19840006719000,10,6,4,595
19840006720000,28,14,14,865.2
19840006721000,16,7,9,622.4
19840006725000,11,4,7,300.3
19840006726000,41,20,21,1722
19840006728000,14,4,10,499.8
19840006735000,22,12,10,697.4
19840006737000,11,6,5,389.4
19840006738000,42,21,21,1990.8
19840006747000,7,3,4,289.1
19840006752000,12,6,6,528
19840006753000,7,5,2,457.1
19840006756000,8,4,4,504.8
19840006757000,6,3,3,328.8
19840006758000,7,3,4,368.9
19840006759000,6,4,2,292.2
19840006767000,1,1,0,0
19840006787000,16,9,7,764.8
19840006788000,19,8,11,803.7
19840006790000,13,6,7,717.6
19840006800000,4,3,1,0
19840006801000,28,12,16,1750
19840006803000,9,4,5,404.1
19840006808000,1,1,0,0
19840006818000,18,9,9,682.2
19840006819000,32,18,14,1219.2
19840006820000,37,22,15,1542.9
19840006821000,29,14,15,1249.9
19840006822000,34,15,19,1360
19840006823000,3,1,2,0
19840006826000,4,2,2,0
19840006829000,5,3,2,328
19840006830000,5,3,2,307
19840006831000,4,2,2,0
19840006832000,6,4,2,306
19840006834000,23,9,14,1051.1
19840006835000,11,7,4,449.9
19840006836000,16,8,8,537.6
19840006837000,156,65,91,3556.8
19840006838000,33,15,18,1240.8
19840006849000,9,3,6,514.8
19840006856000,22,13,9,926.2
19840006857000,1,0,1,0
19840006858000,23,13,10,1009.7
19840006861000,2,2,0,0
19840006865000,13,7,6,605.8
19840006867000,5,2,3,128
19840006868000,6,4,2,195
19840006872000,7,2,5,228.9
19840006882000,1,0,1,0
19840006883000,15,9,6,648
19840006886000,2,1,1,0
19840006900000,1,0,1,0
19840006902000,4,2,2,0
19840006903000,4,2,2,0
19840006904000,366,182,184,14420.4
19840006905000,118,62,56,4318.8
19840006906000,1,1,0,0
19840006907000,10,6,4,661
19840006908000,20,11,9,900
19840006910000,98,55,43,4214
19840006911000,353,190,163,15426.1
19840006912000,110,58,52,4202
19840006914000,13,6,7,664.3
19840006915000,8,5,3,288
19850006499000,8,4,4,380
19850006500000,48,27,21,2121.6
19850006501000,1,1,0,0
19850006502000,3,2,1,0
19850006505000,2,1,1,0
19850006511000,5,3,2,226
19850006512000,3,2,1,0
19850006519000,3,1,2,0
19850006521000,8,4,4,275.2
19850006522000,88,55,33,3995.2
19850006528000,2,1,1,0
19850006534000,40,21,19,1768
19850006537000,1,1,0,0
19850006550000,8,4,4,279.2
19850006556000,15,8,7,568.5
19850006562000,14,8,6,649.6
19850006567000,11,6,5,458.7
19850006571000,4,3,1,0
19850006574000,2,1,1,0
19850006577000,694,337,357,26025
19850006578000,226,120,106,6712.2
19850006581000,20,11,9,868
19850006582000,40,20,20,1856
19850006583000,3,2,1,0
19850006584000,30,16,14,1062
19850006585000,57,27,30,2131.8
19850006586000,25,15,10,1035
19850006587000,127,66,61,4737.1
19850006588000,9,6,3,399.6
19850006596000,17,8,9,683.4
19850006600000,2,1,1,0
19850006604000,5,3,2,316
19850006605000,12,5,7,500.4
19850006606000,13,7,6,769.6
19850006620000,10,4,6,403
19850006621000,2,1,1,0
19850006622000,4,2,2,0
19850006623000,2,1,1,0
19850006629000,32,14,18,825.6
19850006630000,98,44,54,4125.8
19850006631000,3,2,1,0
19850006635000,9,4,5,264.6
19850006636000,13,6,7,518.7
19850006637000,5,3,2,268
19850006638000,9,5,4,538.2
19850006639000,21,12,9,703.5
19850006643000,22,13,9,1064.8
19850006644000,25,13,12,1037.5
19850006647000,25,16,9,1065
19850006649000,6,2,4,262.8
19850006653000,9,4,5,483.3
19850006654000,11,3,8,508.2
19850006662000,22,11,11,704
19850006664000,44,24,20,1694
19850006665000,117,60,57,5276.7
19850006666000,29,16,13,1519.6
19850006667000,47,24,23,1936.4
19850006668000,12,5,7,276
19850006677000,47,22,25,1992.8
19850006678000,6,3,3,352.2
19850006687000,8,4,4,235.2
19850006688000,10,5,5,320
19850006692000,1,1,0,0
19850006698000,2,2,0,0
19850006699000,8,4,4,320
19850006709000,7,4,3,328.3
19850006712000,25,12,13,937.5
19850006713000,43,24,19,2240.3
19850006715000,21,12,9,1035.3
19850006718000,40,20,20,1328
19850006719000,51,27,24,2101.2
19850006720000,39,16,23,1692.6
19850006721000,43,24,19,1664.1
19850006722000,7,5,2,226.8
19850006725000,37,21,16,1679.8
19850006728000,4,2,2,0
19850006729000,27,10,17,953.1
19850006730000,23,13,10,1051.1
19850006733000,2,0,2,0
19850006734000,2,1,1,0
19850006735000,163,81,82,6503.7
19850006736000,49,26,23,1994.3
19850006737000,1,1,0,0
19850006738000,16,10,6,584
19850006739000,4,3,1,0
19850006757000,87,49,38,3706.2
19850006766000,1,1,0,0
19850006781000,8,5,3,395.2
19850006782000,2,0,2,0
19850006783000,14,7,7,634.2
19850006784000,2,1,1,0
19850006790000,16,11,5,633.6
19850006801000,19,12,7,837.9
19850006802000,64,37,27,2259.2
19850006803000,60,32,28,2316
19850006809000,6,3,3,280.8
19850006817000,1,1,0,0
19850006818000,10,5,5,289
19850006819000,9,3,6,295.2
19850006828000,2,1,1,0
19850006829000,1,0,1,0
19850006830000,2,1,1,0
19850006835000,5,3,2,252
19850006836000,117,64,53,4235.4
19850006837000,5,3,2,345
19850006840000,3,3,0,0
19850006849000,1,1,0,0
19850006851000,2,1,1,0
19850006852000,6,2,4,220.8
19850006856000,39,23,16,1794
19850006858000,1,1,0,0
19850006861000,24,11,13,1154.4
19850006864000,19,10,9,756.2
19850006865000,35,18,17,1130.5
19850006886000,14,10,4,406
19850006899000,1,1,0,0
19850006900000,1,1,0,0
19850006903000,85,52,33,2244
19850006904000,69,30,39,2829
19850006908000,14,7,7,490
19850006909000,10,4,6,530
19850006910000,29,16,13,1267.3
19850006911000,65,34,31,2496
19850006912000,43,25,18,1522.2
19850006913000,65,33,32,2645.5
19850006914000,37,19,18,1764.9
19860006504000,5,3,2,174
19860006519000,3,1,2,0
19860006520000,11,5,6,509.3
19860006521000,28,13,15,938
19860006522000,39,23,16,1485.9
19860006523000,9,6,3,226.8
19860006529000,8,4,4,244.8
19860006536000,5,3,2,59
19860006538000,11,7,4,367.4
19860006563000,6,3,3,334.2
19860006564000,9,3,6,343.8
19860006565000,2,1,1,0
19860006566000,12,6,6,381.6
19860006574000,3,1,2,0
19860006575000,97,48,49,3530.8
19860006576000,691,348,343,31371.4
19860006577000,1572,756,816,56906.4
19860006578000,923,472,451,28059.2
19860006581000,3,1,2,0
19860006582000,75,36,39,2797.5
19860006583000,39,21,18,1341.6
19860006584000,19,12,7,775.2
19860006586000,38,18,20,1478.2
19860006587000,63,30,33,2324.7
19860006589000,6,1,5,85.2
19860006590000,5,1,4,76
19860006595000,4,3,1,0
19860006601000,9,4,5,396
19860006605000,20,10,10,784
19860006606000,1,1,0,0
19860006607000,5,3,2,324
19860006612000,2,1,1,0
19860006614000,14,5,9,646.8
19860006615000,12,5,7,553.2
19860006616000,20,11,9,844
19860006628000,35,13,22,1134
19860006629000,29,15,14,678.6
19860006630000,279,154,125,11104.2
19860006631000,66,37,29,2732.4
19860006632000,16,8,8,382.4
19860006636000,14,7,7,460.6
19860006643000,12,8,4,542.4
19860006644000,17,8,9,642.6
19860006646000,56,29,27,2161.6
19860006647000,16,10,6,689.6
19860006654000,5,2,3,154
19860006661000,1,1,0,0
19860006664000,114,57,57,4525.8
19860006665000,106,55,51,3614.6
19860006666000,18,11,7,750.6
19860006677000,38,24,14,1478.2
19860006678000,433,229,204,15891.1
19860006679000,12,5,7,231.6
19860006686000,17,11,6,928.2
19860006687000,21,12,9,1113
19860006688000,10,5,5,344
19860006693000,1,0,1,0
19860006695000,5,3,2,331
19860006697000,30,16,14,1632
19860006698000,24,10,14,1377.6
19860006699000,23,9,14,1092.5
19860006700000,4,2,2,0
19860006703000,2,1,1,0
19860006704000,58,31,27,3358.2
19860006705000,1,1,0,0
19860006706000,23,13,10,1094.8
19860006713000,14,5,9,505.4
19860006714000,6,3,3,216
19860006719000,7,2,5,268.1
19860006720000,4,2,2,0
19860006724000,1,0,1,0
19860006726000,3,1,2,0
19860006728000,8,6,2,488.8
19860006729000,1,1,0,0
19860006730000,9,5,4,505.8
19860006731000,10,5,5,471
19860006735000,4,3,1,0
19860006736000,5,2,3,212
19860006738000,5,2,3,223
19860006740000,29,16,13,1345.6
19860006746000,8,5,3,320
19860006748000,7,4,3,287.7
19860006756000,13,4,9,401.7
19860006757000,35,20,15,1711.5
19860006766000,29,15,14,1177.4
19860006781000,8,5,3,243.2
19860006784000,9,3,6,662.4
19860006785000,1,0,1,0
19860006788000,43,22,21,1109.4
19860006789000,12,4,8,777.6
19860006792000,2,1,1,0
19860006793000,10,5,5,464
19860006798000,8,3,5,398.4
19860006801000,1,1,0,0
19860006803000,30,16,14,1023
19860006809000,6,2,4,289.8
19860006816000,4,2,2,0
19860006817000,2,2,0,0
19860006828000,5,3,2,330
19860006829000,2,1,1,0
19860006840000,103,54,49,3893.4
19860006841000,9,5,4,341.1
19860006850000,3,1,2,0
19860006853000,4,3,1,0
19860006861000,2,1,1,0
19860006864000,24,16,8,1099.2
19860006869000,2,1,1,0
19860006886000,136,65,71,5657.6
19860006891000,1,1,0,0
19860006898000,8,5,3,452
19860006902000,11,7,4,418
19860006903000,17,10,7,404.6
19860006911000,7,3,4,259
19860006931000,39,18,21,1521
19860006932000,8,2,6,174.4
19870006499000,11,6,5,446.6
19870006502000,3,1,2,0
19870006519000,2,1,1,0
19870006520000,20,12,8,1042
19870006521000,7,3,4,324.8
19870006522000,2,1,1,0
19870006523000,6,3,3,259.2
19870006524000,1,1,0,0
19870006528000,9,5,4,330.3
19870006533000,4,3,1,0
19870006536000,15,7,8,619.5
19870006537000,11,5,6,476.3
19870006562000,6,2,4,292.2
19870006563000,108,60,48,4816.8
19870006565000,14,6,8,530.6
19870006574000,51,25,26,1657.5
19870006575000,223,118,105,7470.5
19870006576000,345,177,168,11937
19870006577000,1320,666,654,47916
19870006578000,306,154,152,9486
19870006582000,39,18,21,1450.8
19870006583000,34,19,15,1309
19870006584000,14,8,6,758.8
19870006587000,7,3,4,198.8
19870006589000,24,10,14,607.2
19870006595000,9,5,4,257.4
19870006597000,8,5,3,408.8
19870006598000,3,2,1,0
19870006606000,2,1,1,0
19870006612000,18,10,8,995.4
19870006614000,32,14,18,1267.2
19870006628000,7,4,3,345.1
19870006629000,6,3,3,391.8
19870006631000,17,9,8,720.8
19870006632000,39,20,19,1189.5
19870006642000,7,3,4,210.7
19870006646000,129,65,64,5147.1
19870006647000,6,3,3,268.2
19870006649000,6,4,2,331.8
19870006654000,2,1,1,0
19870006655000,16,9,7,544
19870006656000,77,40,37,2895.2
19870006678000,49,22,27,1955.1
19870006679000,11,6,5,375.1
19870006686000,31,10,21,1326.8
19870006687000,21,10,11,890.4
19870006693000,2,1,1,0
19870006694000,1,1,0,0
19870006701000,3,2,1,0
19870006702000,9,5,4,528.3
19870006703000,104,52,52,4451.2
19870006704000,27,16,11,1185.3
19870006706000,5,2,3,118
19870006707000,5,2,3,296
19870006708000,37,19,18,1147
19870006713000,21,9,12,945
19870006714000,116,56,60,4558.8
19870006715000,71,40,31,2733.5
19870006720000,5,3,2,163
19870006724000,7,5,2,238.7
19870006726000,23,14,9,1067.2
19870006727000,13,8,5,640.9
19870006728000,26,13,13,1141.4
19870006729000,23,11,12,1081
19870006731000,45,22,23,1836
19870006732000,19,11,8,722
19870006739000,25,12,13,1120
19870006740000,55,26,29,2343
19870006744000,5,3,2,140
19870006745000,4,2,2,0
19870006759000,4,2,2,0
19870006760000,4,3,1,0
19870006762000,2,1,1,0
19870006765000,5,4,1,213
19870006766000,4,4,0,0
19870006781000,4,2,2,0
19870006785000,2,1,1,0
19870006786000,1,0,1,0
19870006788000,11,6,5,730.4
19870006789000,71,41,30,3294.4
19870006790000,15,6,9,474
19870006801000,15,7,8,804
19870006802000,16,8,8,744
19870006803000,22,14,8,745.8
19870006810000,12,6,6,561.6
19870006814000,7,3,4,212.1
19870006816000,27,15,12,1374.3
19870006817000,2,1,1,0
19870006825000,2,2,0,0
19870006826000,17,9,8,865.3
19870006829000,1,1,0,0
19870006836000,5,3,2,199
19870006837000,4,3,1,0
19870006838000,12,9,3,447.6
19870006839000,48,17,31,2352
19870006840000,356,184,172,14026.4
19870006841000,268,127,141,10318
19870006852000,16,9,7,640
19870006853000,21,8,13,632.1
19870006855000,7,4,3,415.1
19870006861000,16,9,7,622.4
19870006862000,2,1,1,0
19870006863000,7,4,3,473.2
19870006864000,2,1,1,0
19870006869000,8,4,4,283.2
19870006886000,337,174,163,13783.3
19870006898000,2,1,1,0
19870006899000,4,2,2,0
19870006902000,2,1,1,0
19870006903000,10,6,4,404
19870006907000,4,3,1,0
19870006911000,41,22,19,2148.4
19870006914000,2,1,1,0
19870006931000,44,23,21,1412.4
19880006499000,30,13,17,1500
19880006500000,6,4,2,253.8
19880006503000,1,0,1,0
19880006504000,2,1,1,0
19880006508000,2,1,1,0
19880006519000,8,5,3,302.4
19880006520000,3,2,1,0
19880006522000,14,6,8,681.8
19880006523000,21,10,11,854.7
19880006524000,8,5,3,188.8
19880006534000,8,5,3,348
19880006535000,14,6,8,498.4
19880006536000,23,12,11,655.5
19880006537000,7,4,3,315.7
19880006539000,20,9,11,980
19880006556000,2,1,1,0
19880006557000,2,1,1,0
19880006562000,24,13,11,1056
19880006563000,315,158,157,11056.5
19880006564000,86,45,41,3801.2
19880006566000,7,4,3,247.8
19880006567000,11,5,6,357.5
19880006572000,3,2,1,0
19880006573000,32,16,16,1059.2
19880006574000,54,30,24,2430
19880006576000,2,1,1,0
19880006582000,10,6,4,279
19880006587000,5,3,2,198
19880006590000,13,8,5,536.9
19880006591000,28,13,15,761.6
19880006592000,40,17,23,1368
19880006596000,7,4,3,273
19880006597000,12,6,6,411.6
19880006598000,3,1,2,0
19880006601000,12,8,4,464.4
19880006604000,6,3,3,304.8
19880006605000,2,2,0,0
19880006606000,9,5,4,547.2
19880006612000,2,1,1,0
19880006624000,1,1,0,0
19880006632000,19,11,8,799.9
19880006633000,40,20,20,1428
19880006646000,89,54,35,3542.2
19880006647000,46,25,21,1573.2
19880006648000,6,4,2,354
19880006649000,1,0,1,0
19880006650000,34,16,18,1230.8
19880006656000,58,34,24,2209.8
19880006661000,43,21,22,1616.8
19880006678000,14,8,6,627.2
19880006679000,23,11,12,1179.9
19880006687000,13,6,7,543.4
19880006688000,175,87,88,7437.5
19880006689000,4,1,3,0
19880006692000,8,2,6,180.8
19880006693000,6,3,3,430.2
19880006694000,4,2,2,0
19880006700000,1,1,0,0
19880006701000,2,1,1,0
19880006702000,2,1,1,0
19880006703000,4,2,2,0
19880006706000,2,1,1,0
19880006707000,27,14,13,1296
19880006708000,50,29,21,2250
19880006713000,27,16,11,1223.1
19880006714000,252,120,132,10987.2
19880006715000,138,74,64,5257.8
19880006728000,2,1,1,0
19880006729000,7,4,3,261.8
19880006731000,45,22,23,2394
19880006738000,40,23,17,1748
19880006741000,76,42,34,2796.8
19880006743000,2,1,1,0
19880006748000,1,1,0,0
19880006749000,2,2,0,0
19880006761000,4,1,3,0
19880006766000,7,2,5,375.2
19880006780000,2,1,1,0
19880006785000,6,3,3,490.2
19880006786000,8,4,4,184.8
19880006791000,11,5,6,576.4
19880006805000,4,3,1,0
19880006806000,3,2,1,0
19880006811000,11,6,5,444.4
19880006812000,15,6,9,586.5
19880006815000,5,2,3,247
19880006816000,18,8,10,651.6
19880006817000,2,1,1,0
19880006827000,2,0,2,0
19880006830000,4,3,1,0
19880006836000,5,3,2,201
19880006837000,14,7,7,617.4
19880006838000,103,58,45,3975.8
19880006839000,63,34,29,2280.6
19880006840000,189,92,97,7068.6
19880006841000,167,71,96,8433.5
19880006851000,17,9,8,402.9
19880006852000,11,7,4,459.8
19880006855000,23,16,7,598
19880006856000,8,5,3,454.4
19880006864000,1,0,1,0
19880006865000,13,10,3,539.5
19880006866000,8,4,4,340.8
19880006867000,1,1,0,0
19880006869000,9,5,4,416.7
19880006871000,1,1,0,0
19880006886000,265,132,133,11660
19880006887000,342,178,164,13406.4
19880006898000,11,7,4,606.1
19880006902000,33,17,16,1580.7
19880006903000,74,38,36,2915.6
19880006905000,9,5,4,398.7
19880006909000,19,10,9,818.9
19880006910000,26,13,13,1406.6
19880006914000,14,7,7,890.4
19880006924000,5,3,2,358
19880006926000,15,7,8,945
19880006927000,5,3,2,237
19880006931000,9,6,3,547.2
19890006498000,13,7,6,647.4
19890006499000,86,42,44,3741
19890006500000,34,19,15,955.4
19890006502000,10,6,4,316
19890006503000,11,5,6,419.1
19890006522000,15,7,8,624
19890006523000,8,4,4,240.8
19890006524000,17,10,7,707.2
19890006525000,6,4,2,169.2
19890006542000,6,4,2,225
19890006559000,16,11,5,697.6
19890006560000,18,7,11,680.4
19890006562000,2,0,2,0
19890006563000,11,3,8,426.8
19890006566000,2,1,1,0
19890006568000,5,3,2,308
19890006572000,1,1,0,0
19890006573000,6,4,2,259.2
19890006587000,4,3,1,0
19890006588000,35,17,18,1620.5
19890006591000,3,1,2,0
19890006592000,9,6,3,361.8
19890006593000,55,29,26,1963.5
19890006594000,9,6,3,384.3
19890006596000,9,4,5,484.2
19890006597000,13,5,8,439.4
19890006598000,6,4,2,280.8
19890006601000,5,4,1,140
19890006604000,4,2,2,0
19890006605000,2,2,0,0
19890006616000,5,3,2,263
19890006617000,10,5,5,409
19890006618000,2,2,0,0
19890006628000,17,7,10,341.7
19890006629000,24,11,13,928.8
19890006632000,7,5,2,429.1
19890006633000,39,18,21,1505.4
19890006634000,49,25,24,1783.6
19890006635000,18,8,10,545.4
19890006646000,15,9,6,807
19890006647000,6,4,2,235.8
19890006648000,238,115,123,10162.6
19890006650000,34,21,13,1247.8
19890006656000,20,10,10,836
19890006657000,1,0,1,0
19890006661000,8,4,4,388
19890006662000,8,5,3,360.8
19890006678000,67,28,39,3189.2
19890006679000,2,1,1,0
19890006681000,4,3,1,0
19890006688000,23,12,11,1221.3
19890006693000,3,1,2,0
19890006696000,1,1,0,0
19890006697000,15,8,7,478.5
19890006706000,10,6,4,480
19890006707000,5,3,2,361
19890006708000,52,28,24,2771.6
19890006709000,2,1,1,0
19890006713000,7,5,2,366.8
19890006714000,135,67,68,4698
19890006728000,26,11,15,1105
19890006731000,22,11,11,897.6
19890006732000,95,49,46,3629
19890006737000,2,1,1,0
19890006738000,1,1,0,0
19890006740000,26,13,13,1175.2
19890006741000,83,38,45,3577.3
19890006765000,1,1,0,0
19890006767000,4,2,2,0
19890006772000,2,1,1,0
19890006781000,6,3,3,318
19890006785000,106,50,56,3763
19890006805000,6,3,3,262.8
19890006806000,30,13,17,1092
19890006811000,117,48,69,5768.1
19890006815000,24,15,9,967.2
19890006817000,5,2,3,189
19890006820000,2,1,1,0
19890006836000,12,7,5,441.6
19890006838000,11,6,5,561
19890006839000,6,2,4,190.8
19890006842000,6,2,4,307.2
19890006850000,2,2,0,0
19890006851000,3,2,1,0
19890006852000,6,2,4,217.2
19890006855000,40,19,21,1696
19890006864000,6,2,4,376.8
19890006865000,3,2,1,0
19890006868000,21,11,10,1056.3
19890006872000,11,7,4,350.9
19890006886000,161,80,81,5731.6
19890006892000,2,1,1,0
19890006898000,2,1,1,0
19890006909000,224,99,125,8870.4
19890006910000,49,22,27,2077.6
19890006925000,1,0,1,0
19890006926000,2,1,1,0
19890006930000,8,4,4,255.2
19890006931000,18,13,5,649.8
19890006932000,6,2,4,261
19890006933000,37,18,19,1716.8
19900006497000,136,73,63,5168
19900006498000,166,82,84,5594.2
19900006499000,513,250,263,19186.2
19900006500000,530,270,260,19239
19900006502000,30,17,13,1392
19900006503000,5,2,3,97
19900006505000,28,15,13,789.6
19900006506000,15,7,8,703.5
19900006507000,2,0,2,0
19900006512000,1,1,0,0
19900006513000,7,3,4,293.3
19900006514000,12,5,7,534
19900006515000,12,7,5,321.6
19900006517000,10,5,5,338
19900006519000,5,2,3,298
19900006521000,1,0,1,0
19900006522000,2,1,1,0
19900006523000,12,7,5,477.6
19900006524000,4,3,1,0
19900006525000,8,5,3,288.8
19900006539000,19,10,9,742.9
19900006542000,7,4,3,438.2
19900006557000,11,4,7,533.5
19900006558000,74,35,39,2826.8
19900006562000,38,23,15,934.8
19900006567000,5,3,2,235
19900006578000,12,7,5,510
19900006579000,6,3,3,279
19900006588000,18,12,6,784.8
19900006590000,11,5,6,347.6
19900006593000,127,69,58,4749.8
19900006594000,54,27,27,1636.2
19900006596000,11,5,6,312.4
19900006597000,6,3,3,256.2
19900006598000,1,1,0,0
19900006599000,3,2,1,0
19900006601000,9,4,5,330.3
19900006602000,3,1,2,0
19900006606000,5,4,1,153
19900006611000,15,9,6,739.5
19900006612000,94,44,50,4982
19900006617000,1,0,1,0
19900006618000,7,4,3,256.9
19900006619000,10,5,5,421
19900006620000,1,1,0,0
19900006621000,10,5,5,197
19900006627000,16,6,10,563.2
19900006628000,30,13,17,1173
19900006629000,32,21,11,1452.8
19900006630000,16,8,8,502.4
19900006633000,18,8,10,693
19900006634000,21,9,12,1039.5
19900006635000,6,3,3,196.2
19900006648000,207,83,124,9439.2
19900006649000,212,104,108,8819.2
19900006650000,34,17,17,1339.6
19900006656000,289,148,141,11849
19900006657000,4,2,2,0
19900006662000,61,25,36,2586.4
19900006663000,24,13,11,900
19900006678000,120,61,59,4860
19900006679000,355,173,182,14271
19900006685000,3,1,2,0
19900006687000,12,6,6,483.6
19900006688000,3,1,2,0
19900006689000,11,7,4,410.3
19900006693000,2,1,1,0
19900006708000,24,11,13,1087.2
19900006713000,2,1,1,0
19900006714000,17,7,10,562.7
19900006728000,25,14,11,977.5
19900006731000,76,35,41,2819.6
19900006732000,226,121,105,9311.2
19900006733000,63,39,24,2457
19900006737000,27,12,15,1360.8
19900006740000,13,7,6,644.8
19900006764000,2,1,1,0
19900006767000,1,0,1,0
19900006768000,41,20,21,1795.8
19900006769000,12,7,5,564
19900006770000,2,2,0,0
19900006771000,4,1,3,0
19900006774000,1,1,0,0
19900006775000,2,1,1,0
19900006785000,22,10,12,1003.2
19900006811000,55,27,28,2145
19900006817000,12,6,6,458.4
19900006818000,7,3,4,287.7
19900006819000,3,2,1,0
19900006820000,1,0,1,0
19900006827000,10,4,6,296
19900006835000,14,7,7,435.4
19900006836000,23,13,10,982.1
19900006838000,10,6,4,564
19900006841000,5,2,3,138
19900006851000,79,40,39,2828.2
19900006852000,26,10,16,1185.6
19900006853000,5,2,3,335
19900006855000,31,16,15,1302
19900006864000,10,5,5,189
19900006866000,4,4,0,0
19900006868000,21,11,10,963.9
19900006871000,6,3,3,199.8
19900006872000,2,0,2,0
19900006908000,11,4,7,238.7
19900006909000,7,4,3,174.3
19900006911000,8,4,4,231.2
19900006929000,2,1,1,0
19900006930000,2,2,0,0
19900006934000,5,1,4,149
19900006935000,4,2,2,0
19910006498000,38,20,18,1911.4
19910006499000,289,140,149,11849
19910006500000,657,312,345,29039.4
19910006503000,7,5,2,114.8
19910006506000,1,0,1,0
19910006507000,6,4,2,328.2
19910006508000,2,2,0,0
19910006509000,4,2,2,0
19910006510000,7,3,4,300.3
19910006511000,6,3,3,232.8
19910006513000,3,2,1,0
19910006515000,20,12,8,776
19910006516000,2,1,1,0
19910006522000,1,1,0,0
19910006524000,9,5,4,432
19910006525000,4,4,0,0
19910006531000,5,3,2,302
19910006540000,2,1,1,0
19910006541000,11,6,5,552.2
19910006542000,13,8,5,520
19910006544000,6,4,2,205.8
19910006555000,72,40,32,2534.4
19910006558000,37,21,16,1420.8
19910006562000,110,54,56,3245
19910006588000,39,23,16,1563.9
19910006595000,1,1,0,0
19910006599000,27,16,11,1155.6
19910006601000,3,2,1,0
19910006602000,8,5,3,395.2
19910006605000,5,1,4,160
19910006607000,2,0,2,0
19910006611000,8,5,3,232.8
19910006612000,58,33,25,2122.8
19910006614000,8,5,3,227.2
19910006615000,1,0,1,0
19910006619000,2,1,1,0
19910006620000,44,24,20,1306.8
19910006621000,18,9,9,741.6
19910006623000,1,1,0,0
19910006629000,18,7,11,1002.6
19910006630000,13,6,7,683.8
19910006631000,8,4,4,386.4
19910006632000,1,0,1,0
19910006634000,1,1,0,0
19910006636000,5,2,3,196
19910006647000,38,16,22,1174.2
19910006648000,78,42,36,3057.6
19910006649000,312,155,157,11762.4
19910006650000,240,114,126,8424
19910006655000,23,15,8,1012
19910006656000,277,138,139,12575.8
19910006657000,36,20,16,1357.2
19910006663000,43,24,19,1879.1
19910006664000,1,1,0,0
19910006677000,1,0,1,0
19910006678000,46,26,20,1738.8
19910006679000,37,18,19,869.5
19910006680000,222,115,107,8125.2
19910006687000,21,13,8,743.4
19910006690000,2,1,1,0
19910006697000,11,4,7,595.1
19910006709000,12,6,6,349.2
19910006713000,44,22,22,1786.4
19910006714000,32,19,13,1331.2
19910006715000,27,13,14,602.1
19910006728000,96,46,50,3993.6
19910006729000,192,97,95,7545.6
19910006731000,97,55,42,3705.4
19910006732000,11,5,6,313.5
19910006733000,3,1,2,0
19910006738000,36,17,19,1234.8
19910006740000,278,146,132,10035.8
19910006742000,1,1,0,0
19910006744000,2,1,1,0
19910006745000,10,4,6,434
19910006750000,1,1,0,0
19910006763000,9,3,6,441.9
19910006768000,8,4,4,204
19910006769000,1,1,0,0
19910006775000,1,0,1,0
19910006776000,3,2,1,0
19910006805000,9,4,5,444.6
19910006806000,57,29,28,2063.4
19910006812000,14,8,6,491.4
19910006813000,2,1,1,0
19910006814000,5,3,2,305
19910006817000,10,5,5,464
19910006818000,20,11,9,776
19910006827000,10,5,5,472
19910006828000,5,2,3,95
19910006836000,7,3,4,349.3
19910006842000,21,13,8,760.2
19910006850000,4,3,1,0
19910006851000,18,7,11,601.2
19910006853000,7,4,3,256.2
19910006854000,2,1,1,0
19910006855000,10,5,5,390
19910006861000,2,1,1,0
19910006864000,3,1,2,0
19910006868000,5,3,2,134
19910006871000,11,8,3,578.6
19910006872000,4,2,2,0
19910006896000,39,19,20,1762.8
19910006897000,37,22,15,1184
19910006898000,1,0,1,0
19910006902000,7,3,4,454.3
19910006907000,26,14,12,943.8
19910006910000,8,4,4,207.2
19910006911000,5,3,2,285
19910006913000,3,2,1,0
19910006924000,10,4,6,451
19910006929000,6,4,2,355.2
19910006934000,36,20,16,1659.6
19920006495000,2,2,0,0
19920006498000,2,1,1,0
19920006499000,63,36,27,2444.4
19920006500000,55,26,29,2084.5
19920006501000,23,11,12,933.8
19920006502000,6,5,1,358.2
19920006503000,3,2,1,0
19920006511000,7,3,4,284.2
19920006512000,3,2,1,0
19920006513000,1,1,0,0
19920006522000,9,4,5,398.7
19920006525000,6,4,2,184.8
19920006544000,1,0,1,0
19920006545000,37,19,18,1365.3
19920006553000,11,5,6,380.6
19920006554000,21,11,10,861
19920006555000,3,1,2,0
19920006559000,14,9,5,742
19920006563000,5,3,2,226
19920006564000,13,8,5,525.2
19920006580000,2,1,1,0
19920006590000,22,10,12,998.8
19920006591000,28,15,13,940.8
19920006592000,20,13,7,690
19920006594000,4,2,2,0
19920006597000,13,8,5,509.6
19920006598000,21,10,11,953.4
19920006599000,63,35,28,2475.9
19920006601000,5,3,2,288
19920006610000,1,0,1,0
19920006621000,10,5,5,622
19920006624000,6,4,2,219
19920006627000,15,9,6,652.5
19920006630000,17,9,8,846.6
19920006631000,11,7,4,412.5
19920006647000,38,22,16,1569.4
19920006648000,42,21,21,1587.6
19920006649000,63,34,29,2658.6
19920006650000,40,20,20,1384
19920006655000,5,3,2,168
19920006656000,1,1,0,0
19920006657000,38,19,19,1767
19920006658000,9,4,5,336.6
19920006676000,4,3,1,0
19920006677000,41,21,20,1775.3
19920006678000,4,2,2,0
19920006680000,12,8,4,579.6
19920006690000,6,3,3,430.8
19920006691000,7,2,5,294.7
19920006710000,1,1,0,0
19920006713000,63,31,32,2034.9
19920006728000,2,1,1,0
19920006729000,59,31,28,2377.7
19920006730000,364,171,193,17035.2
19920006731000,315,160,155,10773
19920006732000,5,2,3,289
19920006738000,48,25,23,2121.6
19920006739000,60,35,25,2592
19920006740000,666,341,325,28238.4
19920006741000,32,16,16,1504
19920006742000,5,2,3,148
19920006745000,10,6,4,565
19920006748000,58,35,23,2430.2
19920006749000,12,5,7,435.6
19920006761000,9,5,4,513.9
19920006763000,2,1,1,0
19920006764000,3,2,1,0
19920006812000,4,2,2,0
19920006817000,14,11,3,610.4
19920006818000,2,1,1,0
19920006827000,12,6,6,507.6
19920006834000,1,0,1,0
19920006836000,13,5,8,487.5
19920006838000,4,1,3,0
19920006841000,14,8,6,688.8
19920006842000,14,6,8,639.8
19920006849000,25,14,11,1207.5
19920006850000,11,7,4,572
19920006852000,4,3,1,0
19920006854000,5,3,2,318
19920006864000,4,2,2,0
19920006867000,12,9,3,439.2
19920006869000,2,1,1,0
19920006872000,2,2,0,0
19920006895000,6,2,4,277.2
19920006896000,18,8,10,752.4
19920006898000,31,15,16,1847.6
19920006899000,4,2,2,0
19920006906000,22,11,11,864.6
19920006907000,36,22,14,1555.2
19920006908000,30,15,15,1455
19920006910000,8,5,3,258.4
19920006912000,17,9,8,807.5
19920006913000,4,2,2,0
19920006923000,1,1,0,0
19920006924000,15,7,8,937.5
19920006933000,6,3,3,418.2
19930006496000,14,10,4,855.4
19930006500000,28,11,17,1041.6
19930006502000,3,1,2,0
19930006503000,7,4,3,368.2
19930006504000,3,2,1,0
19930006514000,4,3,1,0
19930006516000,3,1,2,0
19930006522000,8,3,5,308.8
19930006523000,2,1,1,0
19930006552000,9,5,4,372.6
19930006553000,11,7,4,324.5
19930006559000,2,1,1,0
19930006560000,21,11,10,804.3
19930006563000,5,2,3,153
19930006568000,3,1,2,0
19930006591000,5,3,2,103
19930006592000,9,4,5,441
19930006593000,15,6,9,495
19930006596000,19,8,11,976.6
19930006597000,22,13,9,990
19930006598000,1,1,0,0
19930006599000,4,1,3,0
19930006602000,5,2,3,156
19930006604000,10,6,4,412
19930006605000,3,1,2,0
19930006611000,2,1,1,0
19930006612000,5,2,3,187
19930006614000,4,3,1,0
19930006616000,1,1,0,0
19930006618000,6,2,4,195
19930006621000,23,8,15,779.7
19930006622000,14,9,5,593.6
19930006624000,1,1,0,0
19930006627000,11,4,7,522.5
19930006628000,3,2,1,0
19930006636000,5,4,1,267
19930006646000,1,1,0,0
19930006647000,78,43,35,2792.4
19930006648000,103,54,49,3841.9
19930006649000,88,54,34,3150.4
19930006650000,8,5,3,276.8
19930006656000,2,1,1,0
19930006657000,2,1,1,0
19930006663000,5,3,2,323
19930006676000,1,1,0,0
19930006680000,21,10,11,1228.5
19930006681000,2,2,0,0
19930006689000,5,3,2,333
19930006709000,1,0,1,0
19930006710000,8,4,4,240.8
19930006713000,80,39,41,2792
19930006715000,18,11,7,592.2
19930006728000,2,1,1,0
19930006729000,30,19,11,1125
19930006730000,6,3,3,85.8
19930006731000,52,27,25,2210
19930006732000,6,3,3,181.8
19930006733000,1,1,0,0
19930006740000,19,11,8,714.4
19930006741000,34,18,16,992.8
19930006748000,349,168,181,14169.4
19930006749000,323,162,161,12370.9
19930006757000,1,1,0,0
19930006758000,1,1,0,0
19930006789000,5,3,2,153
19930006812000,2,1,1,0
19930006827000,15,9,6,652.5
19930006828000,12,6,6,388.8
19930006834000,4,3,1,0
19930006837000,3,2,1,0
19930006842000,15,10,5,766.5
19930006850000,3,2,1,0
19930006854000,5,3,2,188
19930006859000,13,9,4,484.9
19930006866000,76,39,37,2492.8
19930006872000,9,4,5,452.7
19930006898000,16,8,8,667.2
19930006899000,36,18,18,1267.2
19930006909000,4,2,2,0
19930006910000,2,1,1,0
19930006911000,1,0,1,0
19930006912000,4,2,2,0
19930006914000,4,1,3,0
19930006933000,5,3,2,244
19940006502000,5,2,3,364
19940006503000,5,3,2,267
19940006506000,8,5,3,200.8
19940006509000,2,1,1,0
19940006510000,2,1,1,0
19940006514000,7,5,2,142.1
19940006521000,20,11,9,722
19940006522000,14,6,8,533.4
19940006523000,4,1,3,0
19940006552000,36,20,16,1756.8
19940006560000,28,13,15,837.2
19940006561000,6,4,2,361.2
19940006568000,11,7,4,347.6
19940006590000,32,18,14,1584
19940006592000,5,3,2,184
19940006593000,23,12,11,708.4
19940006594000,2,1,1,0
19940006595000,3,1,2,0
19940006596000,31,17,14,768.8
19940006597000,5,1,4,134
19940006598000,46,22,24,1863
19940006609000,2,2,0,0
19940006610000,15,8,7,628.5
19940006616000,4,2,2,0
19940006617000,19,9,10,659.3
19940006619000,33,22,11,1250.7
19940006620000,3,1,2,0
19940006621000,5,3,2,257
19940006622000,11,6,5,598.4
19940006627000,9,5,4,495
19940006628000,2,1,1,0
19940006636000,8,3,5,428.8
19940006646000,39,20,19,1197.3
19940006647000,24,15,9,940.8
19940006648000,27,12,15,1285.2
19940006649000,47,19,28,1762.5
19940006650000,33,15,18,1138.5
19940006651000,5,2,3,174
19940006656000,6,3,3,196.8
19940006659000,8,5,3,528
19940006660000,4,2,2,0
19940006661000,5,3,2,134
19940006674000,17,9,8,588.2
19940006675000,6,4,2,241.2
19940006681000,6,3,3,157.2
19940006689000,7,3,4,419.3
19940006690000,28,15,13,1556.8
19940006691000,47,24,23,2303
19940006692000,31,17,14,1240
19940006693000,2,2,0,0
19940006708000,7,3,4,315.7
19940006709000,11,7,4,649
19940006711000,17,8,9,610.3
19940006713000,24,15,9,823.2
19940006715000,4,2,2,0
19940006716000,1,1,0,0
19940006727000,3,2,1,0
19940006728000,55,26,29,2266
19940006729000,37,22,15,1690.9
19940006741000,4,2,2,0
19940006749000,40,21,19,1720
19940006750000,8,3,5,224.8
19940006759000,2,1,1,0
19940006761000,10,6,4,360
19940006762000,11,6,5,386.1
19940006763000,30,16,14,834
19940006766000,1,1,0,0
19940006772000,7,4,3,161
19940006807000,8,4,4,262.4
19940006814000,10,5,5,545
19940006826000,5,2,3,163
19940006827000,4,4,0,0
19940006840000,3,2,1,0
19940006848000,9,4,5,417.6
19940006849000,2,1,1,0
19940006851000,16,9,7,724.8
19940006859000,5,1,4,175
19940006863000,21,14,7,924
19940006864000,188,101,87,6373.2
19940006865000,136,64,72,6405.6
19940006866000,23,13,10,1076.4
19940006872000,5,2,3,348
19940006896000,9,4,5,291.6
19940006911000,29,13,16,1122.3
19940006912000,3,2,1,0
19940006916000,6,3,3,235.8
19940006917000,14,7,7,827.4
19940006927000,2,1,1,0
19950006491000,2,1,1,0
19950006492000,5,3,2,195
19950006504000,7,4,3,193.2
19950006513000,10,5,5,405
19950006521000,22,11,11,917.4
19950006551000,215,116,99,8019.5
19950006561000,4,2,2,0
19950006585000,5,3,2,251
19950006589000,1,1,0,0
19950006590000,126,69,57,4762.8
19950006591000,6,3,3,207
19950006592000,3,2,1,0
19950006593000,5,3,2,126
19950006594000,11,5,6,486.2
19950006595000,24,15,9,756
19950006597000,8,5,3,272
19950006598000,35,17,18,1218
19950006599000,5,2,3,379
19950006604000,17,9,8,608.6
19950006605000,30,18,12,1380
19950006609000,12,6,6,628.8
19950006610000,4,2,2,0
19950006611000,2,1,1,0
19950006612000,4,2,2,0
19950006615000,6,2,4,235.8
19950006617000,1,0,1,0
19950006618000,4,2,2,0
19950006620000,15,8,7,573
19950006627000,6,2,4,300
19950006628000,2,1,1,0
19950006636000,1,0,1,0
19950006637000,1,1,0,0
19950006646000,16,7,9,785.6
19950006647000,14,9,5,477.4
19950006650000,26,13,13,1040
19950006651000,8,5,3,402.4
19950006656000,1,1,0,0
19950006659000,14,7,7,614.6
19950006660000,6,4,2,390
19950006663000,1,0,1,0
19950006666000,4,2,2,0
19950006668000,1,0,1,0
19950006673000,15,5,10,444
19950006684000,4,3,1,0
19950006691000,2,1,1,0
19950006692000,103,53,50,3017.9
19950006693000,139,69,70,6157.7
19950006694000,20,13,7,986
19950006695000,10,5,5,570
19950006696000,9,5,4,596.7
19950006700000,5,2,3,209
19950006701000,27,13,14,1271.7
19950006702000,3,2,1,0
19950006703000,3,2,1,0
19950006707000,3,2,1,0
19950006708000,4,2,2,0
19950006709000,5,4,1,307
19950006711000,9,3,6,430.2
19950006712000,12,7,5,555.6
19950006714000,7,3,4,368.2
19950006715000,33,18,15,1230.9
19950006734000,2,1,1,0
19950006751000,4,1,3,0
19950006760000,13,7,6,776.1
19950006761000,96,46,50,4876.8
19950006762000,14,6,8,618.8
19950006763000,13,8,5,825.5
19950006771000,1,1,0,0
19950006806000,2,1,1,0
19950006814000,15,8,7,646.5
19950006822000,11,7,4,481.8
19950006824000,1,0,1,0
19950006825000,3,2,1,0
19950006827000,1,1,0,0
19950006834000,1,1,0,0
19950006839000,9,3,6,298.8
19950006840000,7,4,3,487.9
19950006841000,14,8,6,611.8
19950006850000,3,2,1,0
19950006851000,8,3,5,270.4
19950006853000,14,7,7,530.6
19950006854000,32,16,16,1660.8
19950006858000,14,8,6,481.6
19950006861000,2,1,1,0
19950006862000,2,1,1,0
19950006863000,16,8,8,691.2
19950006865000,109,62,47,4338.2
19950006872000,8,6,2,298.4
19950006894000,4,3,1,0
19950006896000,9,4,5,342.9
19950006903000,5,3,2,198
19950006904000,8,3,5,307.2
19950006911000,28,13,15,1495.2
19950006912000,6,2,4,177
19950006920000,3,1,2,0
19950006924000,2,1,1,0
19950006925000,141,67,74,4808.1
19950006926000,33,18,15,1442.1
19950006928000,6,4,2,364.2
19950006929000,15,7,8,615
19960006491000,3,2,1,0
19960006492000,20,8,12,1246
19960006504000,20,11,9,1172
19960006513000,16,7,9,619.2
19960006514000,13,7,6,530.4
19960006515000,7,4,3,184.1
19960006516000,8,4,4,366.4
19960006518000,9,5,4,263.7
19960006519000,14,7,7,428.4
19960006520000,120,60,60,4488
19960006521000,2,1,1,0
19960006522000,10,4,6,427
19960006550000,19,11,8,691.6
19960006551000,233,119,114,5941.5
19960006570000,2,1,1,0
19960006585000,1,0,1,0
19960006588000,1,1,0,0
19960006589000,3,3,0,0
19960006590000,140,77,63,4998
19960006591000,4,3,1,0
19960006592000,13,8,5,582.4
19960006593000,1,1,0,0
19960006598000,4,2,2,0
19960006599000,155,84,71,5859
19960006602000,20,11,9,814
19960006603000,13,9,4,598
19960006604000,20,11,9,772
19960006605000,22,11,11,1146.2
19960006627000,3,2,1,0
19960006646000,3,1,2,0
19960006647000,14,9,5,575.4
19960006650000,4,2,2,0
19960006651000,18,9,9,703.8
19960006652000,7,3,4,277.9
19960006656000,7,4,3,200.9
19960006666000,13,6,7,625.3
19960006668000,1,1,0,0
19960006670000,3,2,1,0
19960006679000,39,17,22,1306.5
19960006680000,29,16,13,1281.8
19960006683000,6,3,3,403.2
19960006684000,1,1,0,0
19960006704000,40,26,14,1820
19960006705000,3,2,1,0
19960006706000,9,4,5,477
19960006707000,11,6,5,387.2
19960006708000,5,3,2,78
19960006709000,1,1,0,0
19960006712000,15,6,9,643.5
19960006713000,2,1,1,0
19960006714000,8,4,4,248
19960006731000,4,2,2,0
19960006732000,14,9,5,635.6
19960006733000,3,1,2,0
19960006734000,5,3,2,198
19960006751000,23,12,11,1301.8
19960006760000,9,4,5,425.7
19960006761000,81,40,41,3126.6
19960006804000,3,2,1,0
19960006805000,37,20,17,1446.7
19960006809000,1,1,0,0
19960006815000,9,5,4,477
19960006816000,2,1,1,0
19960006824000,7,2,5,249.2
19960006825000,14,11,3,488.6
19960006839000,2,0,2,0
19960006840000,13,8,5,516.1
19960006841000,9,6,3,414
19960006850000,17,10,7,678.3
19960006851000,5,3,2,284
19960006854000,5,3,2,151
19960006858000,8,4,4,322.4
19960006862000,11,7,4,490.6
19960006864000,64,30,34,2540.8
19960006872000,41,20,21,1824.5
19960006901000,4,2,2,0
19960006903000,30,13,17,1014
19960006914000,47,20,27,2068
19960006915000,44,23,21,1786.4
19960006916000,479,241,238,20932.3
19960006917000,35,19,16,1599.5
19960006918000,38,21,17,1451.6
19960006923000,14,7,7,520.8
19960006924000,171,90,81,7387.2
19960006925000,147,68,79,6232.8
19960006926000,12,6,6,478.8
19960006927000,7,4,3,434.7
19960006929000,22,11,11,796.4
19970006492000,9,4,5,458.1
19970006505000,50,24,26,1125
19970006506000,1,0,1,0
19970006513000,12,8,4,484.8
19970006514000,6,4,2,363
19970006515000,7,3,4,298.2
19970006516000,5,1,4,251
19970006517000,15,7,8,528
19970006518000,28,15,13,1122.8
19970006519000,32,15,17,1027.2
19970006520000,18,10,8,808.2
19970006521000,1,1,0,0
19970006522000,3,2,1,0
19970006527000,6,3,3,397.8
19970006555000,10,6,4,367
19970006570000,7,4,3,256.2
19970006585000,2,2,0,0
19970006589000,6,5,1,331.8
19970006590000,110,50,60,4686
19970006598000,24,13,11,1034.4
19970006599000,354,163,191,14089.2
19970006600000,45,18,27,1764
19970006602000,2,1,1,0
19970006604000,17,7,10,615.4
19970006613000,7,4,3,221.9
19970006617000,1,1,0,0
19970006619000,3,1,2,0
19970006620000,1,1,0,0
19970006621000,1,0,1,0
19970006627000,6,4,2,343.2
19970006628000,10,6,4,319
19970006648000,13,8,5,835.9
19970006650000,10,5,5,460
19970006655000,5,4,1,126
19970006658000,21,10,11,837.9
19970006659000,8,4,4,327.2
19970006666000,19,10,9,503.5
19970006669000,30,16,14,993
19970006670000,9,5,4,262.8
19970006677000,13,7,6,604.5
19970006678000,45,25,20,1863
19970006679000,187,101,86,6245.8
19970006680000,224,108,116,8064
19970006681000,1,0,1,0
19970006697000,13,6,7,643.5
19970006698000,6,1,5,226.2
19970006703000,13,8,5,527.8
19970006704000,29,15,14,1038.2
19970006712000,7,3,4,219.1
19970006713000,9,6,3,458.1
19970006735000,1,1,0,0
19970006751000,154,84,70,6267.8
19970006760000,30,15,15,1395
19970006761000,8,4,4,296.8
19970006763000,23,13,10,830.3
19970006805000,2,1,1,0
19970006810000,4,3,1,0
19970006814000,5,1,4,188
19970006815000,3,2,1,0
19970006825000,11,5,6,239.8
19970006839000,27,13,14,1201.5
19970006848000,23,11,12,795.8
19970006851000,42,21,21,1608.6
19970006854000,12,7,5,649.2
19970006862000,13,7,6,425.1
19970006863000,8,3,5,335.2
19970006903000,2,1,1,0
19970006904000,59,34,25,2855.6
19970006905000,22,11,11,1100
19970006906000,10,5,5,670
19970006914000,9,4,5,493.2
19970006915000,19,7,12,967.1
19970006916000,153,76,77,5079.6
19970006922000,10,5,5,529
19970006923000,20,13,7,982
19970006924000,49,24,25,1911
19970006929000,6,3,3,279
19980006492000,22,9,13,858
19980006493000,64,34,30,3142.4
19980006505000,32,15,17,963.2
19980006506000,4,2,2,0
19980006527000,1,1,0,0
19980006540000,1,1,0,0
19980006545000,20,9,11,680
19980006548000,12,7,5,543.6
19980006555000,34,17,17,1322.6
19980006563000,52,31,21,1783.6
19980006586000,9,4,5,327.6
19980006588000,14,7,7,414.4
19980006589000,6,2,4,321
19980006590000,54,30,24,2057.4
19980006598000,8,5,3,376
19980006599000,56,26,30,2279.2
19980006608000,5,4,1,116
19980006618000,2,1,1,0
19980006627000,5,4,1,165
19980006628000,2,1,1,0
19980006645000,3,2,1,0
19980006651000,19,11,8,651.7
19980006652000,13,8,5,462.8
19980006658000,5,2,3,285
19980006659000,4,3,1,0
19980006676000,20,10,10,746
19980006677000,14,7,7,614.6
19980006678000,31,15,16,1202.8
19980006679000,15,8,7,708
19980006680000,152,73,79,5730.4
19980006681000,213,106,107,9116.4
19980006682000,140,67,73,5908
19980006683000,2,1,1,0
19980006684000,93,38,55,4668.6
19980006685000,204,85,119,8180.4
19980006686000,27,14,13,1144.8
19980006695000,21,14,7,1243.2
19980006696000,12,6,6,711.6
19980006703000,10,4,6,568
19980006705000,3,1,2,0
19980006713000,1,0,1,0
19980006714000,3,1,2,0
19980006728000,1,1,0,0
19980006735000,1,1,0,0
19980006751000,159,75,84,6487.2
19980006752000,793,351,442,34892
19980006753000,57,30,27,2348.4
19980006756000,3,2,1,0
19980006757000,2,1,1,0
19980006759000,80,44,36,3376
19980006762000,13,8,5,526.5
19980006805000,15,8,7,783
19980006815000,2,1,1,0
19980006839000,36,20,16,1245.6
19980006851000,11,4,7,377.3
19980006862000,10,6,4,442
19980006863000,13,8,5,468
19980006872000,33,21,12,1395.9
19980006873000,10,4,6,425
19980006892000,4,3,1,0
19980006904000,77,37,40,3072.3
19980006906000,7,2,5,322
19980006912000,2,1,1,0
19980006913000,33,10,23,1260.6
19980006914000,27,12,15,1258.2
19980006915000,45,21,24,1854
19980006921000,18,6,12,792
19980006922000,9,3,6,351.9
19990006492000,6,3,3,270
19990006493000,85,40,45,2839
19990006504000,35,18,17,1291.5
19990006505000,8,3,5,363.2
19990006535000,25,12,13,897.5
19990006540000,3,1,2,0
19990006545000,4,2,2,0
19990006546000,9,5,4,248.4
19990006548000,20,11,9,984
19990006555000,30,14,16,1401
19990006588000,12,7,5,422.4
19990006589000,29,14,15,1064.3
19990006590000,3,1,2,0
19990006597000,14,9,5,407.4
19990006598000,32,14,18,1209.6
19990006599000,4,3,1,0
19990006601000,6,2,4,327
19990006609000,19,6,13,752.4
19990006610000,20,12,8,780
19990006611000,25,16,9,1050
19990006614000,18,10,8,612
19990006617000,5,1,4,76
19990006620000,1,1,0,0
19990006627000,19,9,10,877.8
19990006628000,5,3,2,212
19990006647000,1,1,0,0
19990006652000,13,7,6,691.6
19990006653000,17,8,9,659.6
19990006658000,1,1,0,0
19990006660000,2,1,1,0
19990006680000,13,8,5,720.2
19990006681000,59,29,30,2637.3
19990006682000,68,38,30,2788
19990006683000,140,67,73,6622
19990006684000,341,174,167,15004
19990006685000,14,7,7,576.8
19990006686000,5,1,4,187
19990006687000,46,24,22,2175.8
19990006688000,56,25,31,2648.8
19990006694000,1,1,0,0
19990006695000,20,11,9,1074
19990006696000,51,22,29,2432.7
19990006707000,5,3,2,152
19990006708000,8,5,3,348.8
19990006715000,11,5,6,506
19990006716000,13,5,8,496.6
19990006717000,7,4,3,410.9
19990006718000,1,0,1,0
19990006729000,32,16,16,1344
19990006754000,17,10,7,853.4
19990006758000,1,1,0,0
19990006767000,14,8,6,526.4
19990006768000,69,34,35,3305.1
19990006777000,11,7,4,588.5
19990006814000,10,4,6,290
19990006815000,9,6,3,371.7
19990006825000,2,1,1,0
19990006826000,8,4,4,319.2
19990006829000,5,3,2,199
19990006839000,18,9,9,864
19990006842000,14,8,6,614.6
19990006847000,2,1,1,0
19990006848000,4,3,1,0
19990006849000,2,1,1,0
19990006862000,3,1,2,0
19990006863000,27,16,11,988.2
19990006864000,27,13,14,1177.2
19990006867000,1,0,1,0
19990006872000,15,8,7,741
19990006873000,9,4,5,197.1
19990006904000,123,57,66,5940.9
19990006907000,2,2,0,0
19990006912000,20,9,11,934
19990006914000,7,4,3,256.2
19990006915000,11,5,6,495
19990006920000,4,2,2,0
19990006921000,15,7,8,673.5
19990006934000,5,4,1,224
20000006504000,6,3,3,223.8
20000006507000,2,2,0,0
20000006535000,9,4,5,177.3
20000006536000,10,6,4,459
20000006545000,15,7,8,679.5
20000006546000,27,11,16,969.3
20000006587000,10,6,4,397
20000006588000,7,2,5,261.1
20000006596000,8,5,3,252.8
20000006597000,3,1,2,0
20000006611000,106,49,57,4208.2
20000006613000,10,5,5,614
20000006614000,4,1,3,0
20000006615000,5,3,2,147
20000006627000,8,5,3,310.4
20000006644000,4,1,3,0
20000006653000,21,11,10,942.9
20000006659000,2,1,1,0
20000006660000,7,4,3,237.3
20000006661000,5,3,2,173
20000006662000,28,17,11,1218
20000006680000,5,3,2,136
20000006683000,16,10,6,638.4
20000006684000,39,19,20,1926.6
20000006685000,13,8,5,640.9
20000006688000,6,2,4,415.2
20000006689000,6,3,3,313.8
20000006690000,5,2,3,298
20000006695000,27,15,12,1363.5
20000006696000,2,1,1,0
20000006703000,2,1,1,0
20000006708000,9,4,5,590.4
20000006709000,139,71,68,5643.4
20000006710000,59,31,28,1923.4
20000006730000,1,1,0,0
20000006737000,1,1,0,0
20000006755000,2,1,1,0
20000006768000,22,8,14,1029.6
20000006769000,4,3,1,0
20000006770000,7,3,4,385
20000006777000,88,38,50,3335.2
20000006809000,4,1,3,0
20000006814000,3,2,1,0
20000006821000,6,4,2,309
20000006839000,20,8,12,712
20000006840000,35,22,13,1253
20000006841000,44,19,25,1799.6
20000006842000,12,6,6,296.4
20000006849000,5,2,3,319
20000006851000,21,13,8,840
20000006862000,26,14,12,1164.8
20000006866000,14,7,7,421.4
20000006867000,12,6,6,506.4
20000006872000,1,1,0,0
20000006898000,7,2,5,163.1
20000006900000,6,3,3,244.2
20000006904000,132,66,66,5491.2
20000006905000,24,13,11,1269.6
20000006913000,8,4,4,291.2
20000006914000,2,1,1,0
20000006919000,8,5,3,344.8
20000006934000,28,15,13,1321.6
20000006935000,9,3,6,349.2
20010006490000,6,3,3,405
20010006491000,8,5,3,340
20010006535000,4,2,2,0
20010006536000,3,2,1,0
20010006555000,9,5,4,287.1
20010006586000,2,2,0,0
20010006587000,13,6,7,396.5
20010006599000,7,4,3,261.1
20010006600000,7,4,3,275.1
20010006609000,5,3,2,69
20010006610000,84,40,44,3124.8
20010006611000,35,15,20,1589
20010006612000,18,9,9,615.6
20010006617000,4,3,1,0
20010006625000,1,1,0,0
20010006629000,4,1,3,0
20010006653000,7,4,3,282.8
20010006654000,6,3,3,370.2
20010006655000,76,40,36,2226.8
20010006656000,23,9,14,885.5
20010006661000,56,28,28,2195.2
20010006662000,9,6,3,502.2
20010006683000,3,2,1,0
20010006690000,2,1,1,0
20010006691000,15,9,6,562.5
20010006692000,2,1,1,0
20010006696000,4,2,2,0
20010006697000,14,8,6,688.8
20010006709000,8,3,5,328
20010006710000,91,43,48,3858.4
20010006711000,3,2,1,0
20010006729000,2,2,0,0
20010006750000,11,5,6,536.8
20010006754000,1,1,0,0
20010006771000,3,1,2,0
20010006777000,61,28,33,2513.2
20010006809000,1,1,0,0
20010006815000,12,7,5,693.6
20010006816000,25,11,14,1397.5
20010006822000,10,6,4,381
20010006838000,4,3,1,0
20010006840000,124,67,57,5493.2
20010006841000,107,50,57,3777.1
20010006846000,7,3,4,259.7
20010006847000,1,1,0,0
20010006849000,1,1,0,0
20010006851000,8,5,3,332
20010006852000,12,6,6,501.6
20010006853000,9,2,7,441.9
20010006860000,1,1,0,0
20010006862000,26,10,16,1047.8
20010006867000,15,8,7,678
20010006868000,2,1,1,0
20010006900000,20,9,11,684
20010006904000,15,10,5,783
20010006905000,25,15,10,1380
20010006911000,32,18,14,1920
20010006912000,15,7,8,558
20010006916000,8,2,6,288.8
20010006917000,35,19,16,1463
20010006918000,22,12,10,1012
20010006925000,16,6,10,849.6
20010006926000,11,6,5,335.5
20010006930000,6,4,2,223.8
20010006932000,1,0,1,0
20010006933000,22,11,11,1295.8
20010006935000,24,9,15,914.4
20010006936000,8,4,4,258.4
20020006495000,4,3,1,0
20020006503000,1,1,0,0
20020006504000,3,1,2,0
20020006509000,2,2,0,0
20020006528000,1,1,0,0
20020006536000,4,2,2,0
20020006550000,16,9,7,580.8
20020006554000,6,4,2,306
20020006555000,7,3,4,287.7
20020006587000,2,1,1,0
20020006598000,7,3,4,294.7
20020006599000,13,5,8,360.1
20020006609000,11,6,5,518.1
20020006610000,7,2,5,223.3
20020006611000,34,18,16,1853
20020006612000,4,3,1,0
20020006616000,8,4,4,271.2
20020006617000,2,1,1,0
20020006627000,4,2,2,0
20020006631000,6,3,3,117
20020006652000,7,6,1,95.9
20020006653000,9,4,5,325.8
20020006654000,2,1,1,0
20020006655000,3,2,1,0
20020006660000,14,4,10,551.6
20020006661000,13,6,7,607.1
20020006692000,14,7,7,712.6
20020006696000,3,2,1,0
20020006697000,3,1,2,0
20020006710000,5,1,4,251
20020006711000,18,10,8,936
20020006712000,36,20,16,1900.8
20020006713000,29,13,16,1009.2
20020006756000,4,2,2,0
20020006816000,3,2,1,0
20020006838000,6,3,3,241.8
20020006839000,30,16,14,1170
20020006840000,36,17,19,1645.2
20020006841000,22,11,11,831.6
20020006847000,32,19,13,1001.6
20020006848000,16,8,8,667.2
20020006849000,5,4,1,194
20020006852000,21,9,12,766.5
20020006862000,5,2,3,100
20020006867000,2,1,1,0
20020006876000,1,1,0,0
20020006898000,13,7,6,670.8
20020006899000,4,2,2,0
20020006900000,3,1,2,0
20020006902000,1,1,0,0
20020006903000,25,14,11,935
20020006906000,15,8,7,661.5
20020006911000,7,4,3,284.9
20020006912000,17,8,9,802.4
20020006916000,8,5,3,440
20020006917000,16,9,7,852.8
20020006922000,11,4,7,427.9
20020006923000,12,5,7,564
20020006927000,23,12,11,1198.3
20020006928000,5,3,2,315
20020006932000,25,11,14,965
20020006933000,78,42,36,3330.6
20020006934000,22,11,11,1216.6
20020006935000,15,7,8,538.5
20030006485000,95,54,41,4541
20030006486000,104,53,51,3910.4
20030006490000,9,5,4,412.2
20030006491000,2,1,1,0
20030006495000,1,0,1,0
20030006536000,11,5,6,323.4
20030006554000,2,2,0,0
20030006555000,8,5,3,206.4
20030006556000,1,1,0,0
20030006575000,1,1,0,0
20030006587000,6,4,2,285
20030006588000,7,4,3,427
20030006599000,1,1,0,0
20030006609000,9,5,4,325.8
20030006612000,15,10,5,385.5
20030006621000,4,2,2,0
20030006631000,15,7,8,385.5
20030006654000,21,10,11,898.8
20030006693000,3,2,1,0
20030006699000,9,6,3,279.9
20030006712000,20,11,9,880
20030006713000,80,41,39,4080
20030006714000,155,80,75,6091.5
20030006715000,94,46,48,3769.4
20030006716000,7,5,2,347.9
20030006749000,7,5,2,259.7
20030006772000,5,3,2,95
20030006773000,11,6,5,526.9
20030006777000,1,1,0,0
20030006778000,15,6,9,562.5
20030006816000,2,1,1,0
20030006838000,8,3,5,370.4
20030006839000,12,6,6,468
20030006840000,86,45,41,4007.6
20030006841000,11,7,4,374
20030006846000,10,4,6,331
20030006847000,5,3,2,317
20030006848000,6,2,4,159
20030006849000,18,6,12,1153.8
20030006852000,7,3,4,336
20030006853000,2,1,1,0
20030006873000,8,3,5,564
20030006897000,46,20,26,2327.6
20030006898000,49,25,24,2425.5
20030006899000,15,5,10,622.5
20030006902000,21,13,8,1018.5
20030006903000,11,5,6,467.5
20030006912000,23,11,12,1081
20030006913000,15,8,7,547.5
20030006914000,9,7,2,424.8
20030006915000,9,5,4,414.9
20030006916000,5,2,3,321
20030006917000,2,1,1,0
20030006922000,48,28,20,1718.4
20030006928000,36,20,16,1422
20030006929000,37,21,16,1879.6
20030006930000,37,22,15,1635.4
20030006931000,2,2,0,0
20030006938000,11,4,7,542.3
20040006470000,182,100,82,7389.2
20040006471000,291,144,147,11349
20040006484000,2,1,1,0
20040006485000,46,22,24,2401.2
20040006486000,20,9,11,828
20040006490000,5,3,2,134
20040006491000,39,20,19,1556.1
20040006494000,1,1,0,0
20040006500000,2,1,1,0
20040006514000,1,1,0,0
20040006519000,18,8,10,630
20040006520000,14,9,5,449.4
20040006521000,4,1,3,0
20040006529000,3,3,0,0
20040006551000,6,3,3,319.2
20040006574000,1,1,0,0
20040006588000,16,6,10,500.8
20040006598000,6,2,4,316.2
20040006599000,2,1,1,0
20040006600000,7,3,4,324.1
20040006605000,7,4,3,352.8
20040006608000,4,2,2,0
20040006623000,11,6,5,309.1
20040006654000,19,12,7,720.1
20040006699000,10,4,6,382
20040006715000,25,10,15,1380
20040006716000,3,2,1,0
20040006717000,4,3,1,0
20040006718000,5,3,2,194
20040006727000,1,1,0,0
20040006749000,12,6,6,586.8
20040006759000,2,1,1,0
20040006773000,6,5,1,153
20040006778000,14,6,8,498.4
20040006779000,25,18,7,660
20040006802000,6,3,3,261
20040006803000,8,5,3,400.8
20040006805000,32,13,19,1513.6
20040006806000,9,4,5,367.2
20040006810000,6,2,4,247.8
20040006815000,1,0,1,0
20040006816000,4,2,2,0
20040006820000,3,1,2,0
20040006822000,1,1,0,0
20040006833000,8,6,2,424.8
20040006834000,6,3,3,211.2
20040006835000,21,13,8,999.6
20040006836000,14,7,7,561.4
20040006837000,9,4,5,324.9
20040006838000,12,8,4,577.2
20040006839000,4,3,1,0
20040006840000,25,14,11,1007.5
20040006846000,18,9,9,585
20040006849000,5,2,3,141
20040006853000,47,28,19,2166.7
20040006854000,5,2,3,295
20040006861000,16,7,9,496
20040006897000,93,48,45,3506.1
20040006898000,7,5,2,273.7
20040006899000,6,1,5,307.8
20040006913000,4,2,2,0
20040006922000,27,15,12,1125.9
20040006931000,36,16,20,1810.8
20040006937000,19,7,12,1060.2
20040006938000,10,6,4,351
20040006940000,4,2,2,0
20050006469000,262,141,121,9746.4
20050006470000,376,203,173,15491.2
20050006471000,18,11,7,910.8
20050006472000,37,18,19,1420.8
20050006473000,16,9,7,603.2
20050006483000,6,3,3,265.2
20050006484000,20,12,8,958
20050006485000,49,25,24,1915.9
20050006486000,32,16,16,1926.4
20050006491000,15,9,6,637.5
20050006514000,5,3,2,194
20050006516000,9,5,4,478.8
20050006517000,10,3,7,404
20050006518000,79,42,37,3112.6
20050006519000,129,73,56,4489.2
20050006520000,21,15,6,648.9
20050006521000,13,7,6,397.8
20050006575000,3,3,0,0
20050006607000,7,3,4,221.2
20050006612000,4,3,1,0
20050006613000,6,2,4,157.2
20050006626000,648,313,335,28900.8
20050006627000,397,195,202,13339.2
20050006630000,1,0,1,0
20050006660000,1,1,0,0
20050006714000,6,2,4,342
20050006715000,69,33,36,3215.4
20050006716000,7,5,2,284.2
20050006717000,10,4,6,597
20050006718000,12,6,6,537.6
20050006726000,4,2,2,0
20050006748000,6,2,4,193.8
20050006778000,1,1,0,0
20050006805000,10,6,4,387
20050006806000,4,2,2,0
20050006811000,8,3,5,348.8
20050006815000,4,2,2,0
20050006835000,23,11,12,952.2
20050006836000,19,9,10,763.8
20050006838000,6,4,2,363
20050006839000,3,1,2,0
20050006840000,13,6,7,557.7
20050006841000,8,4,4,307.2
20050006845000,15,9,6,802.5
20050006849000,10,6,4,327
20050006853000,35,16,19,976.5
20050006854000,86,40,46,3010
20050006861000,3,2,1,0
20050006862000,12,6,6,457.2
20050006891000,2,1,1,0
20050006897000,2,2,0,0
20050006902000,2,1,1,0
20050006912000,9,3,6,432.9
20050006913000,64,31,33,2758.4
20050006914000,190,95,95,8151
20050006915000,42,23,19,1780.8
20050006916000,2,1,1,0
20050006921000,5,4,1,296
20050006922000,7,2,5,345.8
20050006931000,14,6,8,646.8
20050006932000,4,2,2,0
20050006934000,34,17,17,1329.4
20050006935000,2,1,1,0
20050006937000,22,12,10,1027.4
20050006938000,5,3,2,350
20050006939000,3,2,1,0
20050006940000,18,11,7,1054.8
20060006469000,9,3,6,480.6
20060006472000,41,18,23,1890.1
20060006473000,88,52,36,3810.4
20060006474000,30,12,18,1275
20060006475000,3,1,2,0
20060006483000,140,67,73,6426
20060006484000,7,3,4,324.8
20060006497000,5,2,3,133
20060006500000,6,3,3,175.8
20060006506000,20,11,9,790
20060006510000,4,1,3,0
20060006511000,177,83,94,5664
20060006512000,36,14,22,1429.2
20060006514000,2,1,1,0
20060006516000,53,28,25,2051.1
20060006517000,42,25,17,2163
20060006518000,42,27,15,1260
20060006523000,6,2,4,196.8
20060006524000,28,19,9,1050
20060006529000,1,1,0,0
20060006572000,5,2,3,356
20060006613000,3,1,2,0
20060006614000,13,5,8,466.7
20060006615000,7,4,3,237.3
20060006616000,11,5,6,367.4
20060006625000,14,7,7,445.2
20060006626000,117,56,61,3486.6
20060006632000,2,1,1,0
20060006653000,1,1,0,0
20060006655000,4,3,1,0
20060006656000,5,3,2,157
20060006694000,30,16,14,1443
20060006695000,10,5,5,430
20060006705000,4,1,3,0
20060006706000,12,5,7,514.8
20060006713000,10,5,5,454
20060006714000,7,4,3,317.8
20060006717000,2,1,1,0
20060006754000,1,1,0,0
20060006756000,109,52,57,4120.2
20060006757000,23,13,10,995.9
20060006760000,3,2,1,0
20060006772000,4,2,2,0
20060006779000,6,2,4,349.8
20060006804000,8,2,6,275.2
20060006805000,28,17,11,1268.4
20060006806000,3,1,2,0
20060006810000,2,0,2,0
20060006815000,7,4,3,245
20060006820000,5,3,2,220
20060006833000,10,5,5,270
20060006835000,18,10,8,639
20060006836000,8,4,4,364
20060006837000,3,2,1,0
20060006838000,6,4,2,223.8
20060006839000,24,12,12,967.2
20060006840000,25,14,11,1035
20060006845000,6,2,4,166.2
20060006852000,21,10,11,850.5
20060006854000,86,51,35,3586.2
20060006855000,18,12,6,696.6
20060006861000,8,4,4,328
20060006901000,20,10,10,1014
20060006902000,5,1,4,139
20060006909000,3,2,1,0
20060006910000,4,2,2,0
20060006911000,5,3,2,295
20060006912000,21,11,10,714
20060006913000,32,13,19,1504
20060006914000,53,27,26,2072.3
20060006915000,68,39,29,2706.4
20060006918000,42,24,18,1654.8
20060006921000,8,4,4,500
20060006931000,5,2,3,284
20060006932000,9,5,4,551.7
20060006935000,2,1,1,0
20060006937000,24,14,10,1262.4
20060006938000,91,48,43,4104.1
20060006939000,16,8,8,795.2
20070006467000,9,5,4,449.1
20070006468000,36,21,15,1245.6
20070006469000,55,34,21,1688.5
20070006471000,45,22,23,1620
20070006472000,38,21,17,1387
20070006473000,42,20,22,1537.2
20070006474000,19,9,10,763.8
20070006475000,5,2,3,170
20070006476000,1,0,1,0
20070006485000,22,12,10,884.4
20070006486000,3,2,1,0
20070006493000,2,1,1,0
20070006495000,3,2,1,0
20070006506000,1,0,1,0
20070006507000,28,13,15,1304.8
20070006508000,64,29,35,3187.2
20070006509000,365,179,186,13687.5
20070006510000,549,267,282,20367.9
20070006511000,609,295,314,24664.5
20070006517000,29,18,11,913.5
20070006530000,5,3,2,179
20070006552000,10,4,6,343
20070006575000,2,1,1,0
20070006588000,1,1,0,0
20070006599000,9,3,6,288
20070006614000,2,1,1,0
20070006616000,5,2,3,211
20070006625000,85,45,40,2924
20070006626000,14,8,6,555.8
20070006635000,2,1,1,0
20070006642000,7,4,3,214.9
20070006694000,33,18,15,1118.7
20070006695000,12,6,6,663.6
20070006702000,2,1,1,0
20070006703000,7,4,3,188.3
20070006704000,4,3,1,0
20070006705000,12,7,5,384
20070006706000,7,5,2,249.2
20070006712000,2,1,1,0
20070006713000,13,7,6,582.4
20070006724000,44,23,21,1364
20070006725000,2,1,1,0
20070006747000,12,7,5,620.4
20070006756000,6,2,4,352.8
20070006757000,31,14,17,1302
20070006761000,3,1,2,0
20070006762000,8,4,4,371.2
20070006778000,6,3,3,304.8
20070006815000,18,11,7,754.2
20070006818000,6,1,5,241.8
20070006819000,2,1,1,0
20070006820000,54,24,30,2608.2
20070006831000,15,6,9,640.5
20070006832000,3,1,2,0
20070006833000,159,80,79,6296.4
20070006836000,2,1,1,0
20070006837000,34,17,17,1567.4
20070006838000,52,32,20,2033.2
20070006840000,79,44,35,2614.9
20070006841000,3,2,1,0
20070006854000,338,179,159,14128.4
20070006855000,498,253,245,18027.6
20070006861000,4,3,1,0
20070006889000,25,13,12,1070
20070006901000,36,13,23,1519.2
20070006902000,7,3,4,216.3
20070006908000,7,3,4,259.7
20070006909000,7,5,2,392
20070006910000,13,6,7,600.6
20070006912000,7,3,4,462
20070006917000,14,6,8,529.2
20070006918000,78,40,38,3104.4
20070006921000,38,15,23,1371.8
20070006930000,5,3,2,233
20070006931000,11,5,6,456.5
20070006937000,11,6,5,408.1
20070006938000,2,1,1,0
20080006467000,26,13,13,1128.4
20080006468000,48,21,27,1872
20080006470000,23,14,9,1168.4
20080006471000,108,57,51,3790.8
20080006472000,182,97,85,6825
20080006473000,12,7,5,439.2
20080006474000,12,7,5,352.8
20080006487000,3,1,2,0
20080006491000,8,5,3,199.2
20080006492000,26,13,13,1294.8
20080006501000,5,3,2,329
20080006503000,1,1,0,0
20080006504000,20,8,12,688
20080006505000,32,19,13,1526.4
20080006509000,157,80,77,6060.2
20080006510000,118,56,62,4354.2
20080006517000,12,6,6,471.6
20080006530000,8,4,4,284.8
20080006536000,2,1,1,0
20080006573000,2,1,1,0
20080006598000,4,2,2,0
20080006599000,36,19,17,1461.6
20080006600000,22,11,11,970.2
20080006615000,2,2,0,0
20080006616000,15,8,7,556.5
20080006623000,1,1,0,0
20080006624000,32,17,15,1193.6
20080006625000,17,9,8,610.3
20080006631000,24,15,9,1087.2
20080006632000,8,4,4,266.4
20080006638000,1,1,0,0
20080006642000,36,20,16,1620
20080006662000,51,24,27,1963.5
20080006700000,2,1,1,0
20080006702000,1,1,0,0
20080006707000,43,22,21,1917.8
20080006708000,18,8,10,921.6
20080006712000,12,6,6,496.8
20080006724000,22,10,12,1003.2
20080006725000,122,70,52,4965.4
20080006746000,5,3,2,323
20080006747000,2,1,1,0
20080006756000,2,1,1,0
20080006757000,39,23,16,1618.5
20080006758000,1,1,0,0
20080006772000,19,9,10,853.1
20080006778000,19,9,10,830.3
20080006815000,23,11,12,975.2
20080006820000,180,83,97,8532
20080006821000,15,7,8,718.5
20080006822000,6,4,2,276
20080006825000,2,1,1,0
20080006831000,2,2,0,0
20080006832000,94,52,42,2547.4
20080006833000,452,224,228,14192.8
20080006834000,113,43,70,6554
20080006837000,14,8,6,513.8
20080006838000,20,10,10,1012
20080006839000,7,4,3,289.8
20080006840000,37,17,20,1328.3
20080006854000,53,31,22,1939.8
20080006855000,221,125,96,8552.7
20080006856000,16,7,9,648
20080006861000,3,2,1,0
20080006867000,24,8,16,945.6
20080006868000,7,3,4,338.8
20080006889000,4,2,2,0
20080006900000,17,9,8,712.3
20080006901000,6,2,4,351
20080006902000,4,2,2,0
20080006911000,9,4,5,287.1
20080006912000,2,1,1,0
20080006919000,3,2,1,0
20080006920000,51,28,23,1846.2
20080006921000,306,156,150,12760.2
20080006929000,1,1,0,0
20080006930000,6,4,2,307.8
20090006468000,40,17,23,1504
20090006469000,23,13,10,839.5
20090006470000,37,23,14,1424.5
20090006471000,23,12,11,929.2
20090006474000,5,4,1,211
20090006475000,24,13,11,832.8
20090006476000,9,6,3,261
20090006477000,7,3,4,466.2
20090006485000,1,0,1,0
20090006486000,12,5,7,537.6
20090006487000,15,10,5,756
20090006501000,2,1,1,0
20090006508000,14,9,5,609
20090006509000,22,11,11,1192.4
20090006518000,11,6,5,268.4
20090006598000,1,1,0,0
20090006599000,5,3,2,274
20090006600000,7,2,5,359.8
20090006615000,10,4,6,523
20090006623000,1,1,0,0
20090006624000,15,11,4,523.5
20090006625000,11,5,6,458.7
20090006631000,10,7,3,384
20090006642000,19,12,7,902.5
20090006643000,31,16,15,1153.2
20090006645000,2,1,1,0
20090006663000,16,9,7,924.8
20090006664000,4,2,2,0
20090006698000,2,2,0,0
20090006700000,11,5,6,401.5
20090006708000,20,9,11,858
20090006712000,31,21,10,1453.9
20090006713000,14,6,8,474.6
20090006714000,1,0,1,0
20090006724000,1,1,0,0
20090006725000,99,44,55,3663
20090006726000,17,9,8,863.6
20090006745000,12,3,9,540
20090006756000,10,5,5,318
20090006772000,2,2,0,0
20090006778000,8,4,4,380
20090006807000,31,18,13,1633.7
20090006808000,27,9,18,855.9
20090006815000,9,4,5,556.2
20090006821000,52,26,26,2090.4
20090006822000,7,2,5,244.3
20090006824000,1,1,0,0
20090006826000,11,5,6,308
20090006830000,28,14,14,1190
20090006833000,9,6,3,429.3
20090006834000,49,27,22,1783.6
20090006839000,23,13,10,860.2
20090006840000,29,13,16,919.3
20090006851000,2,1,1,0
20090006852000,4,3,1,0
20090006855000,3,2,1,0
20090006856000,46,22,24,1973.4
20090006857000,40,22,18,1672
20090006868000,29,17,12,1041.1
20090006890000,39,20,19,1415.7
20090006891000,30,14,16,1308
20090006897000,38,21,17,1770.8
20090006900000,114,59,55,3990
20090006901000,55,27,28,1969
20090006902000,8,5,3,203.2
20090006904000,6,3,3,198
20090006909000,1,0,1,0
20090006911000,2,1,1,0
20090006912000,2,1,1,0
20090006915000,19,12,7,860.7
20090006916000,25,13,12,882.5
20090006917000,19,9,10,533.9
20090006919000,64,35,29,2432
20090006920000,65,37,28,1826.5
20090006921000,96,45,51,4243.2
20090006928000,33,16,17,1518
20090006934000,23,14,9,1069.5
20090006935000,13,8,5,397.8
20090006937000,14,5,9,669.2
20100006467000,32,19,13,1593.6
20100006468000,9,4,5,496.8
20100006469000,451,221,230,18761.6
20100006470000,174,89,85,6542.4
20100006471000,31,15,16,936.2
20100006472000,28,18,10,1058.4
20100006473000,6,3,3,187.2
20100006474000,1,1,0,0
20100006477000,4,2,2,0
20100006484000,1,1,0,0
20100006485000,70,42,28,2891
20100006486000,11,6,5,570.9
20100006488000,1,1,0,0
20100006489000,31,16,15,1546.9
20100006490000,28,14,14,932.4
20100006491000,30,15,15,1314
20100006492000,638,315,323,24882
20100006493000,38,21,17,1208.4
20100006496000,1,1,0,0
20100006498000,3,2,1,0
20100006499000,1,1,0,0
20100006508000,19,7,12,725.8
20100006521000,3,2,1,0
20100006532000,2,1,1,0
20100006622000,4,3,1,0
20100006632000,3,2,1,0
20100006633000,11,5,6,343.2
20100006642000,209,104,105,8422.7
20100006643000,390,190,200,17004
20100006644000,42,21,21,1780.8
20100006664000,2,1,1,0
20100006695000,5,4,1,133
20100006711000,4,2,2,0
20100006713000,49,22,27,2102.1
20100006714000,4,2,2,0
20100006725000,130,71,59,4485
20100006726000,12,7,5,516
20100006745000,1,0,1,0
20100006755000,1,1,0,0
20100006756000,2,0,2,0
20100006780000,50,23,27,1955
20100006781000,9,4,5,311.4
20100006804000,8,3,5,292.8
20100006810000,8,3,5,320
20100006814000,1,1,0,0
20100006815000,1,0,1,0
20100006829000,18,8,10,736.2
20100006830000,9,4,5,185.4
20100006833000,16,9,7,516.8
20100006834000,8,5,3,382.4
20100006839000,8,4,4,482.4
20100006840000,32,19,13,1260.8
20100006841000,7,3,4,247.1
20100006849000,48,25,23,1761.6
20100006850000,218,112,106,6736.2
20100006851000,29,14,15,899
20100006852000,12,5,7,498
20100006854000,4,2,2,0
20100006856000,29,13,16,887.4
20100006857000,54,27,27,2187
20100006858000,10,6,4,279
20100006859000,14,8,6,669.2
20100006861000,1,0,1,0
20100006891000,53,27,26,2104.1
20100006899000,2,1,1,0
20100006900000,14,6,8,509.6
20100006901000,12,5,7,549.6
20100006902000,44,20,24,1707.2
20100006903000,7,3,4,401.8
20100006908000,10,7,3,380
20100006909000,19,10,9,847.4
20100006910000,25,12,13,1260
20100006915000,31,16,15,1280.3
20100006916000,26,16,10,1102.4
20100006918000,20,11,9,874
20100006919000,3,1,2,0
20100006920000,2,1,1,0
20100006921000,36,17,19,1454.4
20100006928000,2,0,2,0
20100006932000,103,48,55,5366.3
20100006933000,174,100,74,5289.6
20100006934000,9,5,4,644.4
20100006936000,39,21,18,1774.5
20100006937000,6,3,3,211.2
20100006938000,9,5,4,459.9
20100006939000,3,1,2,0
20100006940000,48,21,27,1819.2
20110006466000,5,3,2,161
20110006467000,31,16,15,1019.9
20110006468000,116,56,60,4187.6
20110006469000,732,335,397,33525.6
20110006470000,244,115,129,10052.8
20110006471000,8,4,4,220.8
20110006472000,36,15,21,1479.6
20110006473000,36,19,17,1342.8
20110006474000,1,1,0,0
20110006477000,2,1,1,0
20110006478000,38,17,21,1288.2
20110006484000,106,56,50,4462.6
20110006489000,12,7,5,544.8
20110006490000,56,24,32,2587.2
20110006491000,528,257,271,23443.2
20110006492000,934,473,461,40255.4
20110006493000,86,42,44,3508.8
20110006495000,23,11,12,1166.1
20110006496000,24,13,11,979.2
20110006498000,9,5,4,523.8
20110006499000,11,7,4,726
20110006500000,21,12,9,1024.8
20110006501000,1,1,0,0
20110006503000,2,2,0,0
20110006504000,52,24,28,2246.4
20110006531000,2,1,1,0
20110006532000,5,3,2,170
20110006593000,4,1,3,0
20110006608000,1,0,1,0
20110006622000,4,3,1,0
20110006633000,8,5,3,442.4
20110006636000,6,4,2,333
20110006643000,152,78,74,4818.4
20110006644000,113,55,58,4418.3
20110006645000,19,10,9,1176.1
20110006695000,7,5,2,284.9
20110006711000,11,5,6,629.2
20110006713000,39,19,20,1329.9
20110006714000,1,0,1,0
20110006715000,20,8,12,746
20110006717000,16,10,6,876.8
20110006718000,24,10,14,1017.6
20110006725000,223,119,104,7269.8
20110006726000,17,9,8,627.3
20110006771000,12,6,6,649.2
20110006780000,8,3,5,196
20110006781000,27,13,14,1179.9
20110006782000,13,11,2,482.3
20110006789000,1,1,0,0
20110006804000,14,8,6,530.6
20110006814000,21,12,9,989.1
20110006815000,157,78,79,7473.2
20110006825000,4,3,1,0
20110006833000,3,2,1,0
20110006834000,24,13,11,1027.2
20110006846000,17,12,5,761.6
20110006847000,775,423,352,27512.5
20110006848000,114,52,62,4389
20110006849000,37,17,20,1413.4
20110006850000,4,1,3,0
20110006851000,8,4,4,339.2
20110006852000,16,9,7,612.8
20110006853000,10,7,3,453
20110006854000,1,1,0,0
20110006855000,13,7,6,443.3
20110006856000,7,4,3,448.7
20110006857000,65,36,29,2873
20110006858000,62,38,24,2281.6
20110006859000,59,26,33,2177.1
20110006860000,22,8,14,906.4
20110006861000,34,19,15,1142.4
20110006869000,2,1,1,0
20110006891000,22,11,11,591.8
20110006899000,29,16,13,1203.5
20110006900000,26,12,14,1024.4
20110006905000,12,5,7,273.6
20110006909000,8,4,4,564.8
20110006914000,7,5,2,282.1
20110006915000,43,22,21,1689.9
20110006916000,4,2,2,0
20110006917000,33,17,16,1488.3
20110006921000,35,23,12,1837.5
20110006931000,135,69,66,5953.5
20110006932000,229,110,119,9732.5
20110006933000,75,38,37,2737.5
20110006935000,11,7,4,517
20110006936000,114,61,53,5107.2
20110006938000,45,22,23,1561.5
20110006939000,88,46,42,3581.6
20110006940000,7,4,3,270.9
20110006941000,8,4,4,360
20110006947000,3,2,1,0
20110006950000,91,52,39,3858.4
20120006466000,31,17,14,1271
20120006467000,57,26,31,1960.8
20120006468000,39,17,22,1630.2
20120006469000,59,26,33,1805.4
20120006470000,320,165,155,10720
20120006471000,8,4,4,332
20120006473000,12,7,5,381.6
20120006477000,1,0,1,0
20120006478000,5,3,2,126
20120006484000,2,1,1,0
20120006488000,6,2,4,277.8
20120006489000,49,25,24,1842.4
20120006490000,487,250,237,13636
20120006491000,990,518,472,41283
20120006492000,1262,616,646,51615.8
20120006493000,502,248,254,19979.6
20120006494000,67,38,29,3162.4
20120006495000,98,49,49,4008.2
20120006497000,46,26,20,1849.2
20120006498000,30,16,14,1395
20120006501000,1,0,1,0
20120006504000,54,30,24,2359.8
20120006505000,14,9,5,617.4
20120006603000,4,2,2,0
20120006622000,17,8,9,792.2
20120006632000,21,10,11,840
20120006633000,1,1,0,0
20120006643000,114,59,55,5403.6
20120006644000,109,49,60,5406.4
20120006667000,3,2,1,0
20120006668000,1,1,0,0
20120006714000,4,3,1,0
20120006715000,33,17,16,1227.6
20120006716000,67,36,31,3008.3
20120006717000,132,65,67,5966.4
20120006718000,104,58,46,4440.8
20120006719000,32,15,17,1174.4
20120006720000,2,1,1,0
20120006724000,32,15,17,985.6
20120006725000,539,272,267,20158.6
20120006726000,230,117,113,9246
20120006727000,4,2,2,0
20120006771000,20,8,12,720
20120006772000,2,1,1,0
20120006810000,2,1,1,0
20120006814000,12,7,5,394.8
20120006815000,92,52,40,3689.2
20120006833000,9,3,6,525.6
20120006834000,20,9,11,892
20120006835000,19,11,8,682.1
20120006846000,243,123,120,6998.4
20120006847000,1798,912,886,63469.4
20120006848000,568,276,292,21527.2
20120006849000,294,155,139,9643.2
20120006851000,37,23,14,1335.7
20120006855000,14,8,6,518
20120006859000,4,1,3,0
20120006860000,35,17,18,1438.5
20120006861000,1,1,0,0
20120006869000,8,3,5,274.4
20120006891000,17,9,8,681.7
20120006892000,4,2,2,0
20120006895000,21,11,10,1083.6
20120006913000,11,4,7,354.2
20120006914000,1,0,1,0
20120006921000,23,13,10,1062.6
20120006928000,5,2,3,271
20120006930000,13,7,6,535.6
20120006934000,22,11,11,935
20120006935000,58,32,26,2639
20120006936000,31,17,14,1057.1
20120006937000,3,1,2,0
20120006938000,167,88,79,7648.6
20120006942000,4,2,2,0
20120006947000,55,23,32,1666.5
20120006950000,148,80,68,6734
20120006951000,1,1,0,0
20130006466000,5,3,2,149
20130006468000,42,23,19,1642.2
20130006469000,150,71,79,4755
20130006470000,89,45,44,3337.5
20130006471000,26,10,16,998.4
20130006472000,14,9,5,530.6
20130006473000,18,9,9,649.8
20130006478000,1,1,0,0
20130006486000,2,1,1,0
20130006491000,134,67,67,5105.4
20130006492000,227,119,108,8943.8
20130006493000,98,52,46,4429.6
20130006494000,18,10,8,765
20130006497000,15,6,9,457.5
20130006499000,2,1,1,0
20130006504000,39,22,17,1380.6
20130006505000,293,154,139,11749.3
20130006506000,200,107,93,7260
20130006508000,5,3,2,184
20130006603000,2,1,1,0
20130006604000,3,1,2,0
20130006607000,22,10,12,904.2
20130006622000,36,16,20,1551.6
20130006629000,2,1,1,0
20130006632000,1,0,1,0
20130006639000,7,4,3,193.9
20130006642000,7,4,3,298.9
20130006643000,24,11,13,1492.8
20130006644000,790,365,425,37367
20130006645000,75,47,28,3067.5
20130006646000,127,70,57,4876.8
20130006647000,2,1,1,0
20130006698000,2,1,1,0
20130006708000,9,3,6,342.9
20130006709000,4,1,3,0
20130006710000,50,26,24,2000
20130006711000,4,2,2,0
20130006715000,12,6,6,423.6
20130006716000,9,5,4,390.6
20130006717000,59,30,29,1752.3
20130006718000,1,1,0,0
20130006722000,134,75,59,5440.4
20130006723000,29,16,13,1377.5
20130006724000,136,74,62,6378.4
20130006725000,937,442,495,42446.1
20130006726000,99,47,52,4009.5
20130006727000,14,7,7,576.8
20130006756000,26,11,15,1216.8
20130006757000,19,11,8,788.5
20130006759000,1,1,0,0
20130006773000,5,3,2,203
20130006814000,140,72,68,5950
20130006815000,32,17,15,1779.2
20130006833000,10,6,4,280
20130006834000,1,0,1,0
20130006841000,13,9,4,370.5
20130006843000,9,5,4,231.3
20130006846000,111,55,56,3807.3
20130006847000,954,461,493,44074.8
20130006848000,719,366,353,27322
20130006851000,2,1,1,0
20130006855000,5,3,2,224
20130006860000,9,4,5,435.6
20130006861000,60,31,29,2196
20130006870000,1,1,0,0
20130006872000,6,4,2,382.8
20130006893000,6,5,1,145.8
20130006894000,9,3,6,503.1
20130006895000,1,1,0,0
20130006899000,14,9,5,701.4
20130006921000,6,2,4,169.8
20130006927000,1,1,0,0
20130006928000,12,5,7,615.6
20130006930000,53,21,32,2485.7
20130006933000,18,8,10,712.8
20130006934000,80,40,40,2800
20130006935000,42,23,19,2045.4
20130006942000,27,15,12,1134
20130006947000,219,107,112,8497.2
20130006948000,17,11,6,620.5
20140006465000,1,0,1,0
20140006466000,39,19,20,1684.8
20140006467000,38,20,18,1436.4
20140006468000,60,28,32,1986
20140006469000,60,29,31,2076
20140006470000,9,5,4,338.4
20140006471000,32,19,13,1075.2
20140006473000,4,1,3,0
20140006480000,4,2,2,0
20140006490000,16,10,6,798.4
20140006491000,23,13,10,834.9
20140006493000,1,0,1,0
20140006494000,18,6,12,867.6
20140006495000,9,4,5,496.8
20140006499000,23,11,12,1058
20140006505000,11,4,7,379.5
20140006506000,97,53,44,3171.9
20140006509000,4,2,2,0
20140006510000,5,3,2,328
20140006512000,5,4,1,93
20140006514000,3,2,1,0
20140006533000,1,0,1,0
20140006607000,43,24,19,1664.1
20140006608000,30,16,14,1215
20140006609000,4,1,3,0
20140006610000,1,1,0,0
20140006612000,9,5,4,294.3
20140006613000,10,5,5,508
20140006622000,16,10,6,796.8
20140006623000,18,11,7,757.8
20140006626000,6,5,1,262.8
20140006629000,4,1,3,0
20140006632000,7,4,3,256.9
20140006643000,249,124,125,10258.8
20140006644000,918,462,456,36811.8
20140006645000,174,83,91,6890.4
20140006646000,40,20,20,1352
20140006648000,2,1,1,0
20140006649000,2,1,1,0
20140006699000,15,10,5,546
20140006711000,36,16,20,1288.8
20140006712000,15,8,7,402
20140006720000,29,14,15,1113.6
20140006722000,187,93,94,7367.8
20140006723000,9,6,3,216
20140006724000,90,45,45,3735
20140006725000,23,12,11,1177.6
20140006726000,30,15,15,909
20140006727000,59,30,29,2041.4
20140006755000,3,2,1,0
20140006756000,92,49,43,4176.8
20140006757000,10,6,4,446
20140006758000,1,1,0,0
20140006759000,3,2,1,0
20140006760000,2,1,1,0
20140006770000,2,1,1,0
20140006772000,8,5,3,363.2
20140006773000,1,1,0,0
20140006784000,1,1,0,0
20140006814000,31,15,16,1472.5
20140006815000,172,91,81,7206.8
20140006832000,1,0,1,0
20140006833000,5,3,2,191
20140006834000,8,4,4,348.8
20140006840000,1,0,1,0
20140006842000,29,16,13,693.1
20140006846000,147,72,75,4336.5
20140006847000,624,293,331,23712
20140006848000,104,59,45,4024.8
20140006856000,1,0,1,0
20140006861000,32,16,16,1257.6
20140006868000,12,6,6,564
20140006869000,26,15,11,1071.2
20140006872000,10,5,5,410
20140006873000,6,4,2,372
20140006896000,1,0,1,0
20140006897000,4,2,2,0
20140006899000,9,5,4,381.6
20140006914000,9,5,4,482.4
20140006921000,45,25,20,1899
20140006922000,34,16,18,1829.2
20140006923000,26,12,14,1466.4
20140006924000,25,10,15,1287.5
20140006925000,24,12,12,1418.4
20140006926000,7,4,3,443.1
20140006927000,2,1,1,0
20140006930000,17,10,7,890.8
20140006931000,14,9,5,578.2
20140006933000,52,29,23,2272.4
20140006934000,187,120,67,7106
20140006941000,82,47,35,3517.8
20140006942000,152,73,79,6338.4
20140006945000,4,3,1,0
20140006946000,13,6,7,564.2
20140006947000,159,80,79,6121.5
20140006948000,149,72,77,6600.7
20150006466000,3,2,1,0
20150006467000,74,38,36,2508.6
20150006468000,783,405,378,29754
20150006469000,241,127,114,10555.8
20150006470000,33,20,13,1221
20150006482000,4,2,2,0
20150006486000,4,3,1,0
20150006488000,5,3,2,251
20150006489000,25,14,11,952.5
20150006490000,3,2,1,0
20150006491000,3,1,2,0
20150006495000,23,13,10,1205.2
20150006499000,21,11,10,823.2
20150006500000,3,2,1,0
20150006507000,1,0,1,0
20150006515000,7,4,3,308
20150006613000,14,8,6,798
20150006622000,19,5,14,769.5
20150006623000,36,18,18,1911.6
20150006624000,1,1,0,0
20150006633000,8,4,4,283.2
20150006643000,7,4,3,252
20150006644000,343,167,176,13136.9
20150006645000,556,275,281,21183.6
20150006696000,70,32,38,2569
20150006712000,1,0,1,0
20150006720000,31,15,16,1215.2
20150006721000,21,10,11,974.4
20150006722000,33,13,20,1267.2
20150006724000,30,15,15,1056
20150006725000,261,132,129,10518.3
20150006726000,499,258,241,19960
20150006727000,444,223,221,18958.8
20150006728000,43,24,19,1199.7
20150006756000,137,70,67,4603.2
20150006759000,1,0,1,0
20150006760000,2,1,1,0
20150006762000,1,1,0,0
20150006770000,2,1,1,0
20150006771000,2,1,1,0
20150006815000,9,4,5,588.6
20150006832000,3,2,1,0
20150006833000,13,6,7,539.5
20150006842000,47,24,23,1978.7
20150006844000,113,59,54,3480.4
20150006845000,170,93,77,6154
20150006846000,52,26,26,2048.8
20150006847000,1365,629,736,42997.5
20150006848000,562,272,290,20906.4
20150006858000,5,3,2,97
20150006861000,47,23,24,1894.1
20150006873000,14,10,4,761.6
20150006874000,1,0,1,0
20150006894000,11,6,5,468.6
20150006897000,5,3,2,158
20150006899000,71,39,32,3053
20150006900000,17,8,9,729.3
20150006915000,20,11,9,648
20150006920000,9,6,3,496.8
20150006921000,25,15,10,1147.5
20150006923000,6,4,2,246
20150006928000,2,2,0,0
20150006930000,1,1,0,0
20150006931000,2,1,1,0
20150006933000,58,29,29,2505.6
20150006934000,42,25,17,1780.8
20150006941000,38,21,17,1485.8
20150006942000,144,75,69,5299.2
20150006945000,498,249,249,16085.4
20150006946000,150,82,68,6240
20150006947000,380,196,184,15048
20150006949000,6,3,3,196.2
20160006467000,172,87,85,7224
20160006468000,808,386,422,34824.8
20160006469000,85,41,44,2890
20160006470000,19,11,8,649.8
20160006471000,8,5,3,298.4
20160006479000,4,3,1,0
20160006481000,2,1,1,0
20160006482000,2,1,1,0
20160006490000,3,2,1,0
20160006491000,4,3,1,0
20160006492000,20,9,11,840
20160006495000,2,1,1,0
20160006498000,2,1,1,0
20160006499000,6,2,4,229.2
20160006502000,13,5,8,370.5
20160006507000,2,1,1,0
20160006510000,2,1,1,0
20160006511000,1,1,0,0
20160006517000,1,1,0,0
20160006522000,5,4,1,150
20160006523000,10,7,3,449
20160006526000,3,2,1,0
20160006532000,4,1,3,0
20160006533000,13,5,8,521.3
20160006618000,6,4,2,172.8
20160006624000,7,3,4,296.8
20160006625000,31,12,19,1193.5
20160006644000,14,9,5,589.4
20160006645000,73,36,37,2854.3
20160006646000,5,3,2,188
20160006667000,3,2,1,0
20160006696000,2,1,1,0
20160006713000,97,45,52,3511.4
20160006714000,60,25,35,2706
20160006715000,48,24,24,2486.4
20160006720000,7,4,3,259.7
20160006721000,15,6,9,609
20160006726000,205,105,100,8179.5
20160006727000,318,145,173,14532.6
20160006728000,5,3,2,164
20160006729000,51,29,22,1637.1
20160006752000,2,1,1,0
20160006753000,2,1,1,0
20160006756000,21,13,8,665.7
20160006764000,2,1,1,0
20160006765000,2,2,0,0
20160006808000,9,6,3,442.8
20160006815000,9,5,4,363.6
20160006816000,23,11,12,892.4
20160006832000,18,8,10,745.2
20160006833000,6,4,2,447
20160006842000,35,19,16,1249.5
20160006843000,3,2,1,0
20160006844000,29,16,13,1128.1
20160006845000,27,14,13,1266.3
20160006846000,116,55,61,4582
20160006847000,852,410,442,30842.4
20160006848000,490,239,251,15337
20160006860000,24,11,13,988.8
20160006861000,6,2,4,238.8
20160006894000,3,2,1,0
20160006896000,2,2,0,0
20160006897000,9,4,5,357.3
20160006899000,63,34,29,2545.2
20160006900000,49,22,27,1602.3
20160006901000,15,7,8,586.5
20160006902000,11,8,3,368.5
20160006918000,44,24,20,2340.8
20160006919000,24,12,12,1039.2
20160006920000,2,1,1,0
20160006921000,8,4,4,524
20160006923000,13,8,5,713.7
20160006924000,1,0,1,0
20160006925000,1,1,0,0
20160006927000,11,4,7,492.8
20160006928000,7,4,3,322
20160006931000,4,2,2,0
20160006932000,8,4,4,322.4
20160006933000,43,25,18,1694.2
20160006942000,58,29,29,2644.8
20160006944000,5,2,3,222
20160006945000,712,354,358,33036.8
20160006946000,398,182,216,15044.4
20160006947000,420,217,203,17472
20160006949000,134,69,65,5735.2
20160006952000,5,3,2,301
20160006954000,21,11,10,1176
20170006465000,14,7,7,1020.6
20170006466000,12,6,6,496.8
20170006467000,107,53,54,4943.4
20170006468000,977,487,490,41522.5
20170006471000,7,3,4,140.7
20170006475000,19,11,8,604.2
20170006478000,5,2,3,312
20170006491000,5,3,2,227
20170006500000,11,5,6,359.7
20170006501000,3,2,1,0
20170006503000,3,2,1,0
20170006504000,13,9,4,468
20170006523000,3,2,1,0
20170006624000,53,24,29,1971.6
20170006625000,11,5,6,474.1
20170006631000,4,2,2,0
20170006645000,7,3,4,331.8
20170006647000,1,0,1,0
20170006700000,1,1,0,0
20170006701000,30,18,12,1362
20170006714000,204,103,101,9404.4
20170006715000,2,1,1,0
20170006725000,11,6,5,311.3
20170006726000,289,144,145,10635.2
20170006727000,7,3,4,259
20170006729000,49,23,26,1754.2
20170006730000,6,4,2,205.8
20170006737000,1,1,0,0
20170006751000,10,6,4,470
20170006753000,3,2,1,0
20170006754000,3,3,0,0
20170006755000,1,0,1,0
20170006756000,2,2,0,0
20170006765000,7,4,3,303.8
20170006771000,9,4,5,356.4
20170006772000,5,3,2,233
20170006832000,7,3,4,291.2
20170006842000,3,2,1,0
20170006843000,35,20,15,1172.5
20170006844000,356,196,160,9718.8
20170006848000,34,16,18,1343
20170006849000,9,5,4,399.6
20170006860000,21,11,10,831.6
20170006893000,5,2,3,148
20170006894000,7,3,4,296.8
20170006897000,17,9,8,717.4
20170006899000,232,122,110,8212.8
20170006908000,4,1,3,0
20170006915000,4,2,2,0
20170006917000,56,32,24,2385.6
20170006918000,157,74,83,8352.4
20170006919000,14,7,7,656.6
20170006920000,35,20,15,1988
20170006921000,3,2,1,0
20170006927000,19,9,10,988
20170006933000,12,7,5,576
20170006942000,27,10,17,745.2
20170006943000,9,4,5,342
20170006945000,104,53,51,3889.6
20170006946000,744,368,376,27379.2
20170006947000,3,1,2,0
20170006949000,84,43,41,3981.6
20170006950000,12,5,7,435.6
20170006952000,30,16,14,1410
20170006953000,22,9,13,1097.8
20180006468000,37,20,17,1546.6
20180006475000,23,8,15,1000.5
20180006478000,16,6,10,795.2
20180006479000,23,11,12,671.6
20180006480000,1,1,0,0
20180006481000,14,7,7,548.8
20180006483000,3,2,1,0
20180006488000,8,3,5,288
20180006497000,2,1,1,0
20180006500000,6,4,2,334.2
20180006506000,26,13,13,1042.6
20180006613000,1,1,0,0
20180006624000,16,7,9,614.4
20180006625000,239,122,117,9105.9
20180006642000,2,2,0,0
20180006645000,15,7,8,498
20180006646000,7,4,3,252
20180006668000,7,2,5,517.3
20180006697000,23,9,14,821.1
20180006717000,13,8,5,470.6
20180006725000,85,47,38,3170.5
20180006726000,26,14,12,811.2
20180006729000,16,9,7,841.6
20180006730000,25,11,14,920
20180006750000,5,4,1,114
20180006751000,9,4,5,269.1
20180006752000,18,10,8,853.2
20180006754000,8,2,6,332.8
20180006757000,2,1,1,0
20180006765000,42,21,21,1663.2
20180006766000,8,4,4,426.4
20180006807000,2,1,1,0
20180006832000,4,2,2,0
20180006842000,31,15,16,719.2
20180006843000,10,7,3,334
20180006844000,254,132,122,7543.8
20180006845000,5,2,3,351
20180006848000,6,2,4,109.2
20180006849000,35,20,15,1589
20180006850000,1,0,1,0
20180006860000,28,17,11,1036
20180006861000,24,12,12,926.4
20180006878000,23,13,10,805
20180006898000,14,7,7,439.6
20180006899000,69,42,27,3098.1
20180006900000,4,2,2,0
20180006918000,28,15,13,1257.2
20180006919000,161,83,78,6649.3
20180006927000,14,9,5,750.4
20180006928000,9,4,5,430.2
20180006931000,5,2,3,187
20180006933000,10,6,4,503
20180006943000,46,22,24,1959.6
20180006944000,15,9,6,562.5
20180006945000,46,28,18,1936.6
20180006946000,205,112,93,6683
20180006947000,146,72,74,6351
20180006948000,120,64,56,4920
20180006949000,83,38,45,3685.2
20180006950000,71,38,33,3344.1
20180006953000,32,14,18,1638.4
20180006954000,2,1,1,0
20190006468000,90,43,47,3249
20190006469000,11,6,5,740.3
20190006472000,7,4,3,387.8
20190006473000,1,1,0,0
20190006474000,2,1,1,0
20190006478000,5,2,3,195
20190006480000,4,1,3,0
20190006484000,6,4,2,316.8
20190006487000,3,2,1,0
20190006488000,9,5,4,587.7
20190006489000,10,5,5,601
20190006493000,5,1,4,118
20190006497000,1,1,0,0
20190006499000,7,3,4,221.2
20190006502000,9,5,4,462.6
20190006515000,3,1,2,0
20190006518000,21,13,8,676.2
20190006519000,30,14,16,894
20190006520000,14,6,8,469
20190006523000,31,17,14,1646.1
20190006524000,15,9,6,424.5
20190006525000,4,2,2,0
20190006532000,133,65,68,4641.7
20190006533000,6,4,2,142.2
20190006624000,5,3,2,92
20190006625000,88,39,49,4417.6
20190006633000,7,3,4,396.2
20190006668000,7,2,5,326.2
20190006669000,7,3,4,193.2
20190006697000,6,2,4,205.2
20190006714000,17,9,8,693.6
20190006716000,16,8,8,804.8
20190006717000,33,19,14,1590.6
20190006723000,1,0,1,0
20190006725000,40,20,20,1804
20190006726000,25,12,13,1065
20190006727000,60,30,30,2202
20190006728000,30,17,13,1221
20190006729000,36,22,14,1148.4
20190006752000,5,3,2,127
20190006753000,24,13,11,900
20190006754000,3,1,2,0
20190006757000,4,2,2,0
20190006765000,6,3,3,181.2
20190006772000,10,7,3,263
20190006773000,8,6,2,324.8
20190006807000,1,0,1,0
20190006808000,3,1,2,0
20190006831000,5,2,3,146
20190006841000,4,3,1,0
20190006842000,5,2,3,113
20190006843000,23,15,8,972.9
20190006844000,20,12,8,1070
20190006845000,20,10,10,812
20190006847000,2,2,0,0
20190006849000,4,2,2,0
20190006850000,27,13,14,1050.3
20190006860000,16,7,9,648
20190006870000,20,10,10,670
20190006878000,7,4,3,356.3
20190006898000,22,11,11,701.8
20190006899000,2,1,1,0
20190006900000,10,5,5,446
20190006901000,24,10,14,1029.6
20190006918000,21,12,9,1150.8
20190006927000,13,7,6,681.2
20190006928000,75,35,40,3405
20190006941000,49,28,21,1754.2
20190006942000,21,9,12,842.1
20190006943000,7,5,2,249.9
20190006944000,58,29,29,2267.8
20190006945000,218,111,107,7194
20190006946000,24,15,9,974.4
20190006947000,220,107,113,8404
20190006949000,7,2,5,277.2
20200006467000,33,17,16,1455.3
20200006468000,5,2,3,267
20200006469000,6,2,4,390
20200006471000,4,2,2,0
20200006472000,1,1,0,0
20200006473000,13,6,7,391.3
20200006479000,4,3,1,0
20200006484000,2,1,1,0
20200006486000,25,13,12,820
20200006487000,261,131,130,10257.3
20200006488000,198,104,94,8157.6
20200006489000,10,5,5,428
20200006494000,2,1,1,0
20200006497000,12,6,6,447.6
20200006501000,5,3,2,83
20200006514000,1,1,0,0
20200006515000,24,16,8,830.4
20200006524000,50,23,27,1930
20200006525000,5,3,2,352
20200006531000,58,34,24,1873.4
20200006532000,542,261,281,22276.2
20200006533000,80,36,44,3416
20200006534000,5,4,1,126
20200006535000,3,2,1,0
20200006624000,8,4,4,394.4
20200006625000,169,80,89,7081.1
20200006668000,19,10,9,826.5
20200006714000,7,5,2,424.9
20200006717000,5,3,2,238
20200006725000,3,2,1,0
20200006726000,8,5,3,312.8
20200006727000,61,35,26,2403.4
20200006752000,40,21,19,1344
20200006753000,14,6,8,432.6
20200006754000,4,2,2,0
20200006755000,5,3,2,144
20200006774000,6,2,4,288
20200006812000,2,1,1,0
20200006819000,84,45,39,3024
20200006831000,2,1,1,0
20200006843000,22,13,9,1069.2
20200006844000,4,3,1,0
20200006849000,3,2,1,0
20200006850000,28,14,14,996.8
20200006851000,87,44,43,2844.9
20200006852000,2,1,1,0
20200006860000,16,7,9,568
20200006861000,11,6,5,737
20200006862000,5,2,3,132
20200006869000,7,4,3,210
20200006870000,12,4,8,410.4
20200006872000,30,14,16,1197
20200006873000,13,7,6,561.6
20200006896000,4,3,1,0
20200006898000,38,20,18,1550.4
20200006899000,6,2,4,256.8
20200006900000,7,3,4,287
20200006901000,23,10,13,949.9
20200006908000,10,6,4,452
20200006916000,1,1,0,0
20200006917000,6,3,3,379.8
20200006918000,5,2,3,331
20200006927000,5,3,2,292
20200006928000,27,13,14,1360.8
20200006933000,1,1,0,0
20200006934000,1,1,0,0
20200006935000,7,4,3,240.8
20200006939000,83,46,37,3569
20200006940000,153,77,76,5829.3
20200006941000,158,81,77,6636
20200006942000,151,84,67,5466.2
20200006944000,103,58,45,3615.3
20200006945000,69,32,37,2863.5
20200006946000,32,15,17,1257.6
20200006948000,62,37,25,2523.4
20210006464000,2,1,1,0
20210006466000,7,3,4,294
20210006467000,7,3,4,301.7
20210006468000,45,24,21,1624.5
20210006469000,16,8,8,590.4
20210006472000,7,3,4,261.1
20210006483000,9,7,2,367.2
20210006485000,10,4,6,329
20210006486000,1,1,0,0
20210006488000,62,27,35,1835.2
20210006489000,17,8,9,707.2
20210006490000,1,1,0,0
20210006492000,9,5,4,243.9
20210006494000,8,5,3,302.4
20210006496000,12,6,6,462
20210006498000,21,14,7,850.5
20210006499000,3,2,1,0
20210006500000,2,1,1,0
20210006501000,2,1,1,0
20210006502000,8,4,4,340.8
20210006504000,14,5,9,572.6
20210006508000,3,1,2,0
20210006509000,9,5,4,198.9
20210006510000,11,5,6,446.6
20210006512000,5,3,2,200
20210006533000,45,23,22,1570.5
20210006534000,9,6,3,206.1
20210006535000,33,18,15,1128.6
20210006536000,8,2,6,320.8
20210006538000,16,10,6,883.2
20210006539000,5,3,2,132
20210006576000,2,1,1,0
20210006624000,5,3,2,158
20210006625000,12,5,7,616.8
20210006626000,5,2,3,317
20210006668000,12,9,3,400.8
20210006714000,14,7,7,463.4
20210006715000,9,6,3,367.2
20210006717000,15,6,9,559.5
20210006718000,5,2,3,319
20210006726000,2,1,1,0
20210006753000,24,12,12,792
20210006754000,28,15,13,1360.8
20210006755000,6,4,2,237
20210006775000,2,2,0,0
20210006813000,2,1,1,0
20210006819000,525,253,272,21105
20210006820000,647,336,311,26462.3
20210006831000,5,3,2,195
20210006843000,18,9,9,1085.4
20210006844000,3,1,2,0
20210006845000,25,13,12,1147.5
20210006850000,4,2,2,0
20210006851000,29,16,13,835.2
20210006852000,11,7,4,444.4
20210006853000,11,5,6,400.4
20210006859000,2,1,1,0
20210006860000,3,2,1,0
20210006861000,25,14,11,815
20210006869000,14,7,7,565.6
20210006877000,22,13,9,1001
20210006878000,83,45,38,4316
20210006879000,3,2,1,0
20210006896000,27,15,12,1085.4
20210006898000,65,33,32,2073.5
20210006899000,57,26,31,2576.4
20210006900000,7,5,2,126
20210006908000,18,11,7,1054.8
20210006909000,15,9,6,874.5
20210006915000,3,2,1,0
20210006916000,13,7,6,703.3
20210006928000,33,20,13,1547.7
20210006934000,48,21,27,1401.6
20210006935000,47,22,25,1786
20210006939000,13,6,7,418.6
20210006940000,7,6,1,373.8
20210006942000,19,10,9,794.2
20210006944000,3,2,1,0
20210006946000,35,17,18,1585.5
20210006947000,109,55,54,4251
20210006948000,72,35,37,3117.6
20220006466000,12,6,6,732
20220006467000,6,4,2,373.2
20220006468000,58,29,29,2163.4
20220006469000,21,14,7,1098.3
20220006470000,9,5,4,388.8
20220006479000,4,2,2,0
20220006483000,7,4,3,385.7
20220006485000,2,1,1,0
20220006488000,6,3,3,295.8
20220006489000,14,8,6,740.6
20220006495000,1,1,0,0
20220006499000,1,1,0,0
20220006503000,3,2,1,0
20220006504000,10,5,5,382
20220006505000,7,4,3,436.1
20220006508000,6,3,3,169.8
20220006510000,1,1,0,0
20220006526000,2,1,1,0
20220006527000,1,1,0,0
20220006529000,15,7,8,631.5
20220006534000,65,31,34,2652
20220006538000,9,4,5,282.6
20220006549000,10,4,6,515
20220006576000,1,1,0,0
20220006577000,1,1,0,0
20220006626000,1,1,0,0
20220006647000,27,12,15,1182.6
20220006713000,2,1,1,0
20220006714000,4,3,1,0
20220006753000,17,10,7,771.8
20220006754000,49,26,23,1543.5
20220006806000,20,11,9,902
20220006807000,6,4,2,378
20220006819000,26,15,11,782.6
20220006820000,434,226,208,17316.6
20220006821000,2,0,2,0
20220006831000,3,1,2,0
20220006832000,15,7,8,570
20220006846000,20,12,8,830
20220006847000,46,20,26,1715.8
20220006853000,4,3,1,0
20220006860000,11,7,4,282.7
20220006861000,23,10,13,844.1
20220006862000,2,1,1,0
20220006863000,6,3,3,166.8
20220006869000,9,4,5,268.2
20220006879000,38,19,19,1835.4
20220006894000,3,1,2,0
20220006896000,7,4,3,219.1
20220006898000,124,62,62,5022
20220006899000,105,53,52,3549
20220006900000,59,27,32,2023.7
20220006901000,49,23,26,1754.2
20220006907000,1,0,1,0
20220006908000,30,14,16,1272
20220006910000,2,1,1,0
20220006915000,7,5,2,280.7
20220006928000,31,16,15,1317.5
20220006929000,12,5,7,475.2
20220006930000,1,1,0,0
20220006932000,46,19,27,1886
20220006933000,31,17,14,1354.7
20220006934000,56,31,25,2380
20220006935000,168,87,81,6216
20220006936000,93,51,42,3710.7
20220006938000,13,7,6,300.3
20220006939000,42,20,22,1717.8
20220006940000,25,10,15,1015
20220006948000,4,3,1,0
20230006467000,15,8,7,451.5
20230006468000,12,8,4,546
20230006469000,17,10,7,581.4
20230006470000,11,7,4,302.5
20230006479000,21,13,8,833.7
20230006485000,4,2,2,0
20230006488000,4,3,1,0
20230006489000,2,1,1,0
20230006499000,88,41,47,2692.8
20230006500000,40,21,19,1800
20230006502000,39,24,15,1443
20230006503000,15,7,8,559.5
20230006504000,29,15,14,1429.7
20230006505000,3,2,1,0
20230006509000,2,1,1,0
20230006510000,3,1,2,0
20230006534000,20,9,11,668
20230006539000,16,9,7,598.4
20230006542000,4,3,1,0
20230006576000,6,4,2,378
20230006626000,5,1,4,255
20230006647000,25,11,14,1217.5
20230006648000,4,1,3,0
20230006669000,1,0,1,0
20230006713000,7,4,3,242.9
20230006714000,7,3,4,177.8
20230006720000,1,1,0,0
20230006751000,7,4,3,331.1
20230006752000,137,64,73,4342.9
20230006753000,75,38,37,2542.5
20230006806000,6,4,2,256.8
20230006807000,7,4,3,384.3
20230006808000,4,3,1,0
20230006820000,263,141,122,9546.9
20230006821000,174,87,87,5933.4
20230006833000,12,6,6,393.6
20230006842000,5,3,2,260
20230006843000,51,23,28,1377
20230006844000,6,4,2,201
20230006847000,33,21,12,1148.4
20230006853000,3,2,1,0
20230006854000,35,19,16,1470
20230006861000,13,6,7,478.4
20230006862000,3,2,1,0
20230006869000,2,1,1,0
20230006891000,3,1,2,0
20230006894000,6,0,6,319.2
20230006896000,2,1,1,0
20230006898000,79,48,31,3302.2
20230006899000,25,17,8,927.5
20230006900000,6,3,3,184.8
20230006901000,31,14,17,1354.7
20230006902000,20,11,9,1124
20230006929000,16,7,9,537.6
20230006933000,38,22,16,1147.6
20230006934000,51,26,25,2106.3
20230006935000,5,3,2,239
20230006936000,26,12,14,1294.8
20230006937000,73,43,30,3102.5
20230006938000,8,4,4,474.4
20230006939000,221,103,118,10188.1
20230006940000,12,6,6,453.6
20230006941000,4,2,2,0
20230006943000,16,10,6,670.4
20230006944000,13,6,7,468
20230006946000,1,0,1,0
20240006466000,2,1,1,0
20240006468000,5,3,2,178
20240006469000,34,19,15,1033.6
20240006470000,25,13,12,1010
20240006473000,2,1,1,0
20240006480000,1,1,0,0
20240006482000,7,2,5,179.2
20240006483000,4,2,2,0
20240006485000,1,1,0,0
20240006487000,9,4,5,381.6
20240006488000,6,3,3,205.8
20240006499000,14,8,6,469
20240006503000,5,4,1,158
20240006504000,4,2,2,0
20240006505000,28,15,13,1058.4
20240006540000,16,8,8,585.6
20240006541000,5,4,1,224
20240006546000,2,1,1,0
20240006547000,9,4,5,372.6
20240006548000,5,3,2,280
20240006550000,2,1,1,0
20240006551000,12,6,6,456
20240006626000,5,2,3,325
20240006713000,41,23,18,1541.6
20240006720000,59,34,25,2513.4
20240006721000,3,1,2,0
20240006722000,1,1,0,0
20240006751000,37,19,18,1409.7
20240006752000,4,3,1,0
20240006753000,16,7,9,768
20240006775000,3,1,2,0
20240006821000,25,14,11,730
20240006832000,4,3,1,0
20240006833000,28,15,13,1268.4
20240006842000,17,8,9,683.4
20240006843000,4,3,1,0
20240006847000,16,8,8,718.4
20240006848000,112,60,52,3819.2
20240006849000,93,41,52,3720
20240006850000,12,9,3,417.6
20240006854000,37,20,17,1287.6
20240006855000,14,7,7,379.4
20240006896000,15,7,8,693
20240006898000,15,9,6,724.5
20240006902000,29,15,14,1145.5
20240006911000,5,1,4,269
20240006937000,24,12,12,823.2
20240006938000,29,17,12,1102
20240006939000,143,77,66,5276.7
20240006941000,29,15,14,1078.8
20240006942000,4,2,2,0
20240006943000,29,19,10,1241.2
20240006944000,181,83,98,5701.5
20240006946000,2,1,1,0
20250006463000,6,4,2,256.2
20250006464000,7,2,5,314.3
20250006465000,2,1,1,0
20250006466000,11,6,5,588.5
20250006467000,8,4,4,544
20250006468000,6,3,3,267
20250006469000,55,29,26,1985.5
20250006470000,9,4,5,279.9
20250006488000,66,37,29,2666.4
20250006489000,103,48,55,3368.1
20250006535000,5,3,2,125
20250006540000,1,1,0,0
20250006541000,1,1,0,0
20250006548000,3,3,0,0
20250006551000,10,7,3,534
20250006552000,14,10,4,567
20250006671000,5,1,4,100
20250006687000,5,2,3,94
20250006720000,91,46,45,4759.3
20250006721000,32,16,16,1424
20250006728000,17,9,8,771.8
20250006729000,9,4,5,243
20250006751000,22,13,9,1133
20250006752000,64,32,32,2118.4
20250006753000,60,31,29,2304
20250006754000,10,5,5,371
20250006775000,10,5,5,440
20250006833000,33,18,15,1386
20250006834000,23,12,11,1225.9
20250006841000,5,3,2,361
20250006842000,25,13,12,1105
20250006848000,17,8,9,810.9
20250006849000,507,247,260,15311.4
20250006850000,27,14,13,909.9
20250006854000,10,4,6,307
20250006855000,12,6,6,446.4
20250006882000,4,2,2,0
20250006883000,4,3,1,0
20250006895000,7,3,4,154.7
20250006896000,21,14,7,871.5
20250006897000,6,4,2,301.8
20250006902000,1,1,0,0
20250006912000,6,4,2,219
20250006914000,1,1,0,0
20250006915000,4,2,2,0
20250006927000,2,1,1,0
20250006929000,25,13,12,880
20250006935000,2,1,1,0
20250006937000,2,1,1,0
20250006938000,3,2,1,0
20250006939000,89,45,44,3453.2
20250006942000,339,181,158,11559.9
20250006943000,9,5,4,306
20250006944000,58,30,28,2244.6
20250006946000,12,8,4,384
20250006948000,5,3,2,96
20260006463000,3,1,2,0
20260006464000,5,3,2,263
20260006465000,20,9,11,1068
20260006466000,16,8,8,649.6
20260006467000,7,3,4,210.7
20260006468000,24,12,12,933.6
20260006469000,51,21,30,2004.3
20260006470000,8,5,3,356
20260006473000,4,3,1,0
20260006475000,2,1,1,0
20260006477000,5,2,3,98
20260006481000,4,1,3,0
20260006488000,43,19,24,1947.9
20260006489000,119,54,65,5140.8
20260006513000,1,0,1,0
20260006549000,6,2,4,202.8
20260006551000,3,2,1,0
20260006552000,4,2,2,0
20260006553000,3,2,1,0
20260006632000,1,1,0,0
20260006671000,15,7,8,520.5
20260006686000,2,1,1,0
20260006720000,10,4,6,335
20260006721000,26,10,16,1086.8
20260006723000,2,1,1,0
20260006728000,20,12,8,1236
20260006729000,14,8,6,418.6
20260006750000,13,7,6,431.6
20260006751000,21,8,13,791.7
20260006752000,60,35,25,2724
20260006753000,61,31,30,2482.7
20260006754000,21,13,8,869.4
20260006775000,14,7,7,617.4
20260006812000,3,2,1,0
20260006832000,8,5,3,351.2
20260006834000,28,15,13,982.8
20260006841000,23,12,11,1104
20260006842000,6,4,2,181.2
20260006848000,10,8,2,359
20260006849000,48,28,20,1929.6
20260006888000,8,4,4,288
20260006890000,2,1,1,0
20260006895000,19,8,11,742.9
20260006897000,226,116,110,8181.2
20260006898000,6,3,3,270
20260006913000,6,3,3,369
20260006914000,24,12,12,1137.6
20260006916000,24,7,17,876
20260006928000,1,1,0,0
20260006929000,26,9,17,1097.2
20260006933000,2,1,1,0
20260006935000,31,15,16,1128.4
20260006936000,27,16,11,1047.6
20260006939000,11,5,6,573.1
20260006940000,32,16,16,1113.6
20260006941000,30,16,14,795
20260006942000,338,176,162,11390.6
20260006943000,307,237,70,12095.8
20260006944000,108,54,54,3618
20260006945000,136,103,33,6256
20260006946000,744,377,367,27528
20260006947000,277,146,131,10886.1
20260006948000,218,105,113,7041.4
20260006949000,26,18,8,928.2
20270006457000,1,0,1,0
20270006461000,11,6,5,315.7
20270006464000,6,3,3,175.2
20270006465000,5,2,3,279
20270006467000,3,2,1,0
20270006468000,8,4,4,256.8
20270006469000,24,9,15,782.4
20270006470000,17,10,7,673.2
20270006473000,25,15,10,815
20270006475000,2,1,1,0
20270006480000,6,4,2,201
20270006481000,1,1,0,0
20270006488000,8,4,4,480.8
20270006489000,69,37,32,2415
20270006490000,76,40,36,3313.6
20270006491000,11,5,6,421.3
20270006518000,1,1,0,0
20270006550000,15,9,6,526.5
20270006553000,2,1,1,0
20270006554000,5,3,2,230
20270006625000,6,3,3,211.2
20270006626000,3,1,2,0
20270006627000,46,23,23,1614.6
20270006628000,3,1,2,0
20270006723000,10,4,6,438
20270006729000,29,13,16,1322.4
20270006730000,53,28,25,2438
20270006749000,3,2,1,0
20270006750000,16,6,10,836.8
20270006751000,5,4,1,129
20270006814000,5,3,2,250
20270006831000,10,6,4,486
20270006832000,15,8,7,496.5
20270006833000,4,2,2,0
20270006835000,2,2,0,0
20270006837000,2,1,1,0
20270006841000,5,3,2,115
20270006842000,17,10,7,758.2
20270006848000,8,4,4,312.8
20270006849000,206,106,100,8796.2
20270006850000,183,106,77,5709.6
20270006888000,28,15,13,1083.6
20270006889000,36,24,12,1414.8
20270006895000,32,15,17,1273.6
20270006896000,425,215,210,18020
20270006897000,893,438,455,32951.7
20270006898000,74,36,38,2693.6
20270006913000,30,15,15,1485
20270006914000,18,9,9,849.6
20270006918000,24,12,12,1200
20270006919000,16,7,9,772.8
20270006924000,8,5,3,246.4
20270006925000,11,7,4,386.1
20270006935000,94,50,44,4248.8
20270006938000,159,91,68,6137.4
20270006939000,217,117,100,7877.1
20270006941000,43,18,25,1363.1
20270006942000,63,33,30,2135.7
20270006943000,97,54,43,4044.9
20270006944000,179,89,90,6461.9
20270006945000,1067,493,574,47268.1
20270006946000,1330,647,683,47348
20270006951000,19,8,11,583.3
20280006458000,4,2,2,0
20280006459000,110,57,53,4741
20280006460000,5,2,3,114
20280006461000,17,8,9,549.1
20280006462000,1,1,0,0
20280006466000,2,1,1,0
20280006467000,4,2,2,0
20280006469000,6,2,4,228
20280006470000,2,1,1,0
20280006473000,4,2,2,0
20280006479000,18,10,8,604.8
20280006480000,4,2,2,0
20280006487000,5,3,2,146
20280006488000,4,1,3,0
20280006489000,31,15,16,995.1
20280006490000,49,23,26,2151.1
20280006491000,49,28,21,1563.1
20280006501000,8,3,5,266.4
20280006502000,9,5,4,336.6
20280006503000,15,10,5,702
20280006506000,13,5,8,477.1
20280006514000,1,1,0,0
20280006517000,1,1,0,0
20280006521000,25,13,12,1105
20280006522000,2,1,1,0
20280006554000,3,1,2,0
20280006624000,12,5,7,424.8
20280006723000,5,3,2,292
20280006730000,22,8,14,871.2
20280006749000,3,2,1,0
20280006751000,51,29,22,2019.6
20280006812000,4,1,3,0
20280006814000,5,2,3,122
20280006815000,3,2,1,0
20280006831000,14,9,5,558.6
20280006834000,7,3,4,296.1
20280006839000,6,3,3,238.8
20280006841000,20,9,11,842
20280006842000,9,5,4,351
20280006849000,77,44,33,3264.8
20280006850000,3,2,1,0
20280006887000,4,1,3,0
20280006889000,30,16,14,1188
20280006896000,480,245,235,19872
20280006897000,636,291,345,25821.6
20280006898000,13,7,6,466.7
20280006902000,6,2,4,252
20280006918000,4,2,2,0
20280006919000,30,13,17,1212
20280006920000,82,44,38,3198
20280006921000,44,21,23,1953.6
20280006923000,11,5,6,441.1
20280006924000,7,4,3,424.9
20280006925000,53,30,23,2162.4
20280006926000,26,11,15,1138.8
20280006927000,1,1,0,0
20280006934000,2,1,1,0
20280006935000,105,55,50,3916.5
20280006939000,7,5,2,406.7
20280006945000,885,461,424,32656.5
20280006946000,42,25,17,1327.2
20280006951000,37,17,20,1483.7
20280006952000,103,54,49,4017
20280006953000,5,3,2,184
20290006459000,6,2,4,340.8
20290006460000,5,2,3,230
20290006461000,21,11,10,936.6
20290006463000,46,24,22,1600.8
20290006464000,3,2,1,0
20290006465000,3,1,2,0
20290006467000,6,4,2,160.8
20290006468000,10,7,3,375
20290006469000,17,8,9,618.8
20290006470000,15,12,3,448.5
20290006472000,5,3,2,145
20290006474000,4,1,3,0
20290006476000,9,5,4,404.1
20290006483000,2,1,1,0
20290006489000,1,0,1,0
20290006490000,24,12,12,948
20290006491000,858,399,459,34491.6
20290006492000,291,142,149,13298.7
20290006493000,8,6,2,399.2
20290006498000,14,9,5,581
20290006499000,15,10,5,450
20290006500000,8,5,3,154.4
20290006501000,10,3,7,501
20290006502000,4,2,2,0
20290006503000,7,3,4,307.3
20290006505000,5,2,3,278
20290006506000,2,1,1,0
20290006509000,31,13,18,852.5
20290006510000,3,1,2,0
20290006513000,9,6,3,254.7
20290006514000,26,10,16,946.4
20290006517000,4,2,2,0
20290006523000,5,3,2,230
20290006633000,5,2,3,186
20290006682000,32,13,19,1056
20290006684000,21,9,12,632.1
20290006685000,12,4,8,540
20290006686000,94,47,47,3741.2
20290006687000,407,203,204,15384.6
20290006688000,431,221,210,18231.3
20290006689000,293,159,134,11104.7
20290006690000,171,94,77,7164.9
20290006691000,306,163,143,11322
20290006692000,315,160,155,13104
20290006723000,17,9,8,766.7
20290006730000,348,167,181,15312
20290006749000,16,8,8,720
20290006750000,3,0,3,0
20290006751000,142,71,71,5041
20290006752000,311,158,153,14057.2
20290006815000,10,4,6,312
20290006830000,3,2,1,0
20290006831000,8,3,5,392.8
20290006832000,18,9,9,610.2
20290006834000,21,14,7,953.4
20290006840000,47,22,25,1992.8
20290006841000,18,11,7,714.6
20290006849000,9,5,4,406.8
20290006850000,10,6,4,437
20290006851000,18,10,8,682.2
20290006887000,13,6,7,574.6
20290006896000,38,22,16,1535.2
20290006897000,71,40,31,2215.2
20290006917000,13,7,6,681.2
20290006923000,4,2,2,0
20290006924000,77,36,41,3241.7
20290006925000,88,40,48,3731.2
20290006931000,20,12,8,830
20290006935000,22,12,10,1027.4
20290006936000,31,15,16,1140.8
20290006939000,11,7,4,303.6
20290006940000,31,16,15,1143.9
20290006942000,1,1,0,0
20290006945000,418,220,198,13752.2
20290006953000,11,6,5,553.3
20300006455000,2,2,0,0
20300006457000,4,2,2,0
20300006463000,13,7,6,466.7
20300006464000,22,13,9,1045
20300006465000,1,0,1,0
20300006466000,6,5,1,313.8
20300006468000,90,44,46,2502
20300006469000,176,86,90,6072
20300006472000,31,13,18,886.6
20300006473000,6,4,2,219
20300006474000,28,15,13,1120
20300006475000,14,7,7,344.4
20300006476000,25,15,10,980
20300006477000,5,3,2,149
20300006478000,6,5,1,259.8
20300006480000,6,3,3,259.8
20300006481000,2,1,1,0
20300006484000,4,2,2,0
20300006485000,2,1,1,0
20300006491000,107,52,55,4943.4
20300006492000,496,251,245,18203.2
20300006493000,158,82,76,5735.4
20300006494000,31,17,14,1119.1
20300006495000,82,47,35,3198
20300006496000,22,12,10,1093.4
20300006497000,31,14,17,1032.3
20300006498000,47,26,21,1851.8
20300006499000,140,71,69,5782
20300006500000,65,32,33,2346.5
20300006501000,6,4,2,289.2
20300006503000,10,4,6,445
20300006505000,1,1,0,0
20300006508000,4,2,2,0
20300006509000,18,9,9,644.4
20300006510000,7,3,4,172.2
20300006512000,12,7,5,418.8
20300006513000,6,3,3,213
20300006514000,38,18,20,1303.4
20300006515000,19,7,12,858.8
20300006517000,9,6,3,322.2
20300006520000,4,3,1,0
20300006524000,3,3,0,0
20300006525000,2,2,0,0
20300006526000,7,4,3,284.2
20300006532000,6,3,3,220.8
20300006555000,48,21,27,1478.4
20300006556000,15,8,7,574.5
20300006634000,2,1,1,0
20300006673000,60,33,27,2832
20300006674000,11,5,6,550
20300006675000,14,7,7,446.6
20300006676000,5,2,3,179
20300006677000,3,2,1,0
20300006678000,5,3,2,217
20300006679000,4,2,2,0
20300006680000,53,26,27,2003.4
20300006681000,4,2,2,0
20300006682000,11,5,6,443.3
20300006687000,733,326,407,36210.2
20300006688000,1267,585,682,57395.1
20300006689000,1067,547,520,49082
20300006690000,37,16,21,1583.6
20300006696000,4,2,2,0
20300006730000,108,56,52,5270.4
20300006749000,30,16,14,1104
20300006750000,10,7,3,556
20300006751000,3,2,1,0
20300006752000,813,385,428,35284.2
20300006809000,18,8,10,579.6
20300006829000,7,3,4,210
20300006830000,24,14,10,1005.6
20300006834000,20,11,9,848
20300006839000,8,5,3,376.8
20300006850000,10,6,4,358
20300006851000,25,11,14,907.5
20300006852000,36,19,17,1551.6
20300006884000,6,3,3,274.8
20300006896000,28,14,14,1517.6
20300006897000,30,18,12,1218
20300006921000,8,4,4,302.4
20300006922000,9,3,6,329.4
20300006930000,62,29,33,2405.6
20300006931000,42,20,22,1696.8
20300006940000,5,3,2,175
20300006942000,4,2,2,0
20310006455000,17,9,8,984.3
20310006458000,2,1,1,0
20310006463000,4,3,1,0
20310006465000,15,8,7,376.5
20310006466000,134,69,65,4167.4
20310006469000,54,27,27,2408.4
20310006470000,28,14,14,1257.2
20310006471000,34,17,17,1302.2
20310006472000,173,90,83,6210.7
20310006473000,32,14,18,1235.2
20310006474000,11,6,5,368.5
20310006475000,45,21,24,1408.5
20310006476000,13,7,6,570.7
20310006481000,2,2,0,0
20310006485000,4,1,3,0
20310006486000,7,4,3,161
20310006487000,2,1,1,0
20310006491000,19,10,9,501.6
20310006492000,157,82,75,6358.5
20310006493000,393,205,188,14265.9
20310006496000,24,15,9,895.2
20310006497000,17,5,12,584.8
20310006498000,72,36,36,2548.8
20310006499000,26,17,9,902.2
20310006500000,2,1,1,0
20310006501000,10,5,5,430
20310006502000,5,3,2,88
20310006503000,6,3,3,213
20310006504000,11,5,6,246.4
20310006510000,4,2,2,0
20310006511000,2,1,1,0
20310006514000,23,5,18,1966.5
20310006515000,22,12,10,869
20310006516000,11,3,8,358.6
20310006517000,2,1,1,0
20310006518000,8,6,2,420.8
20310006526000,19,12,7,668.8
20310006546000,3,2,1,0
20310006556000,27,19,8,1339.2
20310006558000,41,21,20,1480.1
20310006559000,1,0,1,0
20310006634000,1,1,0,0
20310006673000,248,120,128,9275.2
20310006674000,45,22,23,1926
20310006675000,34,16,18,1632
20310006676000,9,5,4,480.6
20310006677000,4,2,2,0
20310006689000,11,6,5,515.9
20310006694000,375,194,181,15300
20310006697000,1,1,0,0
20310006698000,13,6,7,742.3
20310006699000,17,8,9,766.7
20310006700000,8,5,3,256.8
20310006730000,14,8,6,547.4
20310006747000,10,6,4,319
20310006748000,16,9,7,601.6
20310006749000,25,12,13,1180
20310006750000,315,167,148,12348
20310006751000,316,138,178,17064
20310006752000,1558,740,818,69486.8
20310006753000,26,12,14,1664
20310006754000,3,2,1,0
20310006755000,110,53,57,4653
20310006799000,3,2,1,0
20310006804000,5,3,2,361
20310006809000,65,31,34,2801.5
20310006811000,2,1,1,0
20310006829000,6,2,4,376.2
20310006830000,1,1,0,0
20310006834000,19,10,9,784.7
20310006850000,6,3,3,259.8
20310006852000,9,4,5,548.1
20310006881000,29,13,16,1290.5
20310006882000,70,37,33,3213
20310006891000,39,18,21,1708.2
20310006892000,23,14,9,915.4
20310006897000,46,22,24,1784.8
20310006906000,3,2,1,0
20310006907000,10,4,6,411
20310006908000,1,0,1,0
20310006920000,3,1,2,0
20310006929000,15,7,8,580.5
20310006930000,36,21,15,1641.6
20310006932000,13,6,7,393.9
20310006934000,3,2,1,0
20310006946000,33,17,16,1372.8
20320006455000,22,11,11,1280.4
20320006456000,8,5,3,355.2
20320006458000,12,5,7,513.6
20320006459000,4,3,1,0
20320006462000,6,2,4,256.8
20320006463000,2,1,1,0
20320006466000,9,5,4,306.9
20320006467000,15,8,7,499.5
20320006468000,259,137,122,8054.9
20320006469000,20,10,10,656
20320006470000,755,365,390,25443.5
20320006471000,195,103,92,6357
20320006472000,228,119,109,9097.2
20320006477000,4,2,2,0
20320006478000,7,4,3,319.9
20320006479000,16,7,9,662.4
20320006485000,10,5,5,434
20320006491000,6,2,4,294
20320006492000,4,2,2,0
20320006493000,23,16,7,853.3
20320006503000,8,5,3,167.2
20320006507000,4,2,2,0
20320006511000,12,7,5,392.4
20320006512000,4,2,2,0
20320006514000,1,1,0,0
20320006515000,17,7,10,477.7
20320006517000,5,3,2,203
20320006527000,2,2,0,0
20320006528000,4,2,2,0
20320006529000,4,2,2,0
20320006555000,6,3,3,229.8
20320006557000,5,2,3,222
20320006558000,39,21,18,1267.5
20320006559000,17,8,9,853.4
20320006635000,7,4,3,266
20320006636000,12,8,4,439.2
20320006669000,2,1,1,0
20320006670000,6,3,3,342
20320006671000,6,3,3,226.8
20320006676000,11,6,5,434.5
20320006694000,268,140,128,10586
20320006696000,8,5,3,326.4
20320006697000,5,3,2,290
20320006701000,16,10,6,620.8
20320006702000,2,0,2,0
20320006703000,23,10,13,782
20320006724000,25,14,11,1300
20320006725000,24,10,14,892.8
20320006726000,3,1,2,0
20320006730000,8,6,2,352.8
20320006731000,5,3,2,341
20320006739000,11,4,7,352
20320006742000,6,3,3,190.8
20320006743000,1,1,0,0
20320006744000,12,7,5,549.6
20320006745000,27,12,15,1009.8
20320006746000,17,9,8,572.9
20320006747000,22,10,12,1100
20320006748000,81,41,40,3013.2
20320006749000,19,11,8,625.1
20320006750000,117,50,67,5031
20320006751000,832,410,422,32947.2
20320006752000,1088,486,602,51897.6
20320006753000,163,77,86,7090.5
20320006754000,403,197,206,17852.9
20320006755000,771,402,369,28912.5
20320006756000,63,41,22,2331
20320006765000,5,2,3,67
20320006803000,1,1,0,0
20320006808000,13,6,7,686.4
20320006829000,8,5,3,280
20320006830000,6,3,3,205.8
20320006834000,8,2,6,448
20320006835000,7,3,4,336.7
20320006836000,1,0,1,0
20320006837000,4,2,2,0
20320006838000,5,3,2,133
20320006850000,2,1,1,0
20320006852000,24,12,12,1089.6
20320006878000,1,1,0,0
20320006879000,7,3,4,382.9
20320006880000,66,30,36,2626.8
20320006881000,65,31,34,3334.5
20320006882000,23,13,10,1267.3
20320006886000,9,4,5,347.4
20320006887000,16,8,8,838.4
20320006890000,10,5,5,527
20320006891000,9,5,4,405.9
20320006896000,49,22,27,1607.2
20320006897000,269,140,129,9737.8
20320006898000,10,4,6,485
20320006901000,1,0,1,0
20320006906000,12,7,5,531.6
20320006907000,27,15,12,1212.3
20320006911000,10,5,5,497
20320006919000,140,67,73,6384
20320006920000,48,25,23,2251.2
20320006921000,5,3,2,337
20320006925000,25,13,12,1025
20320006926000,9,5,4,387
20320006929000,12,7,5,618
20320006930000,1,1,0,0
20320006932000,3,2,1,0
20320006934000,67,37,30,2740.3
20320006946000,244,122,122,8491.2
20330006456000,9,4,5,542.7
20330006457000,7,4,3,228.2
20330006459000,5,1,4,218
20330006463000,5,2,3,143
20330006464000,4,1,3,0
20330006465000,6,3,3,214.2
20330006466000,5,3,2,221
20330006467000,23,10,13,604.9
20330006468000,31,18,13,821.5
20330006470000,387,183,204,12654.9
20330006471000,892,421,471,39515.6
20330006472000,69,36,33,2615.1
20330006473000,32,14,18,1468.8
20330006474000,54,28,26,1933.2
20330006475000,39,21,18,1314.3
20330006476000,10,3,7,347
20330006477000,12,6,6,603.6
20330006479000,12,6,6,255.6
20330006493000,39,22,17,1287
20330006494000,10,8,2,346
20330006495000,38,17,21,1227.4
20330006497000,16,8,8,444.8
20330006500000,5,3,2,194
20330006502000,21,11,10,695.1
20330006503000,36,17,19,1123.2
20330006504000,3,2,1,0
20330006507000,9,3,6,466.2
20330006508000,8,4,4,400.8
20330006513000,11,7,4,473
20330006514000,5,4,1,132
20330006515000,12,8,4,535.2
20330006517000,8,3,5,267.2
20330006518000,2,1,1,0
20330006529000,11,7,4,511.5
20330006555000,3,2,1,0
20330006557000,7,5,2,314.3
20330006558000,20,12,8,750
20330006559000,12,6,6,508.8
20330006668000,2,1,1,0
20330006669000,1,0,1,0
20330006670000,14,8,6,502.6
20330006696000,1,1,0,0
20330006698000,1,1,0,0
20330006699000,5,2,3,344
20330006703000,15,8,7,835.5
20330006704000,26,11,15,1508
20330006705000,10,6,4,420
20330006708000,47,28,19,1927
20330006709000,63,29,34,2469.6
20330006726000,8,5,3,486.4
20330006727000,6,5,1,280.8
20330006739000,2,2,0,0
20330006742000,20,9,11,930
20330006743000,1,0,1,0
20330006744000,7,5,2,380.8
20330006745000,4,2,2,0
20330006746000,7,3,4,158.2
20330006747000,114,57,57,3898.8
20330006751000,42,19,23,1936.2
20330006752000,277,143,134,10996.9
20330006753000,25,13,12,710
20330006754000,141,66,75,5583.6
20330006755000,99,55,44,3682.8
20330006756000,90,44,46,3564
20330006757000,7,3,4,279.3
20330006768000,2,1,1,0
20330006793000,1,0,1,0
20330006808000,2,1,1,0
20330006830000,20,11,9,672
20330006835000,7,3,4,375.9
20330006836000,5,3,2,208
20330006838000,8,4,4,247.2
20330006852000,11,5,6,268.4
20330006853000,7,3,4,147
20330006879000,10,4,6,386
20330006880000,74,42,32,3034
20330006884000,9,4,5,183.6
20330006885000,65,36,29,1976
20330006886000,3,2,1,0
20330006890000,5,2,3,186
20330006896000,41,20,21,1611.3
20330006897000,79,40,39,2488.5
20330006898000,12,6,6,508.8
20330006905000,36,16,20,1292.4
20330006906000,3,1,2,0
20330006907000,6,3,3,319.2
20330006908000,22,12,10,822.8
20330006912000,6,5,1,334.2
20330006913000,21,9,12,1018.5
20330006918000,9,4,5,335.7
20330006919000,36,17,19,1954.8
20330006920000,16,11,5,670.4
20330006924000,61,28,33,2220.4
20330006925000,132,66,66,5359.2
20330006926000,51,26,25,2233.8
20330006929000,4,3,1,0
20330006930000,17,11,6,1013.2
20330006932000,21,11,10,907.2
20330006933000,132,65,67,5214
20330006934000,28,13,15,1352.4
20330006936000,4,1,3,0
20330006940000,3,2,1,0
20330006941000,12,4,8,624
20330006942000,33,19,14,1346.4
20330006943000,43,21,22,1324.4
20330006944000,47,21,26,2143.2
20330006945000,55,26,29,2332
20330006946000,257,140,117,10896.8
20340006456000,7,3,4,296.8
20340006459000,26,15,11,920.4
20340006460000,27,14,13,896.4
20340006461000,6,3,3,205.2
20340006462000,4,2,2,0
20340006463000,6,3,3,397.8
20340006464000,5,3,2,225
20340006465000,4,3,1,0
20340006466000,11,4,7,374
20340006467000,2,1,1,0
20340006470000,16,8,8,486.4
20340006471000,282,142,140,10405.8
20340006472000,370,200,170,13616
20340006473000,100,52,48,3890
20340006475000,10,5,5,361
20340006488000,1,0,1,0
20340006489000,4,1,3,0
20340006493000,14,5,9,449.4
20340006494000,68,34,34,2624.8
20340006495000,45,28,17,1939.5
20340006496000,74,38,36,2627
20340006497000,16,9,7,577.6
20340006498000,26,16,10,912.6
20340006499000,27,16,11,1085.4
20340006500000,3,1,2,0
20340006503000,1,0,1,0
20340006507000,5,3,2,385
20340006510000,14,4,10,483
20340006512000,2,1,1,0
20340006514000,6,3,3,207
20340006515000,28,13,15,1050
20340006559000,22,9,13,1100
20340006701000,18,9,9,709.2
20340006702000,10,7,3,427
20340006703000,3,1,2,0
20340006708000,6,3,3,331.8
20340006709000,55,28,27,2689.5
20340006710000,57,31,26,2804.4
20340006711000,42,26,16,1932
20340006727000,18,9,9,968.4
20340006728000,9,4,5,383.4
20340006751000,44,26,18,1782
20340006752000,290,145,145,10498
20340006753000,28,12,16,1232
20340006755000,30,17,13,1428
20340006757000,51,27,24,2422.5
20340006758000,31,16,15,1292.7
20340006767000,15,6,9,810
20340006768000,14,8,6,483
20340006793000,24,10,14,986.4
20340006794000,7,2,5,438.2
20340006795000,23,9,14,897
20340006807000,1,1,0,0
20340006830000,2,1,1,0
20340006831000,17,7,10,657.9
20340006837000,9,6,3,464.4
20340006839000,6,2,4,165
20340006851000,3,2,1,0
20340006853000,58,28,30,2267.8
20340006873000,3,2,1,0
20340006879000,58,29,29,2453.4
20340006880000,69,30,39,2484
20340006883000,29,16,13,1075.9
20340006884000,130,63,67,5018
20340006885000,20,11,9,918
20340006889000,3,2,1,0
20340006895000,16,7,9,636.8
20340006896000,16,10,6,593.6
20340006897000,13,7,6,479.7
20340006898000,9,6,3,245.7
20340006905000,8,3,5,296
20340006906000,9,4,5,451.8
20340006912000,16,7,9,520
20340006913000,35,20,15,1382.5
20340006914000,7,3,4,329.7
20340006918000,5,4,1,313
20340006923000,171,82,89,6566.4
20340006924000,176,90,86,6864
20340006925000,104,58,46,3879.2
20340006926000,25,14,11,915
20340006928000,6,3,3,253.2
20340006930000,39,20,19,1895.4
20340006937000,5,4,1,265
20340006940000,11,6,5,354.2
20340006942000,12,7,5,482.4
20340006944000,46,25,21,2005.6
20340006945000,43,22,21,1763
20340006946000,31,16,15,1364
20340006947000,316,163,153,12545.2
20350006460000,6,4,2,193.2
20350006461000,52,26,26,1799.2
20350006465000,11,6,5,407
20350006467000,19,11,8,585.2
20350006468000,4,3,1,0
20350006470000,14,7,7,709.8
20350006471000,5,2,3,153
20350006472000,343,164,179,10564.4
20350006473000,924,439,485,38068.8
20350006474000,13,6,7,664.3
20350006475000,22,11,11,642.4
20350006476000,9,3,6,300.6
20350006477000,1,1,0,0
20350006478000,4,3,1,0
20350006482000,2,2,0,0
20350006485000,3,1,2,0
20350006489000,1,1,0,0
20350006494000,19,9,10,706.8
20350006496000,34,16,18,1169.6
20350006497000,24,16,8,631.2
20350006498000,9,4,5,405
20350006500000,17,10,7,484.5
20350006501000,12,6,6,324
20350006506000,2,2,0,0
20350006508000,27,17,10,931.5
20350006509000,11,6,5,500.5
20350006510000,8,4,4,423.2
20350006512000,19,11,8,684
20350006513000,9,3,6,396.9
20350006514000,7,5,2,252.7
20350006515000,1,0,1,0
20350006530000,14,7,7,572.6
20350006531000,2,1,1,0
20350006559000,3,2,1,0
20350006561000,15,9,6,607.5
20350006562000,8,4,4,264
20350006568000,4,3,1,0
20350006648000,3,2,1,0
20350006695000,11,5,6,478.5
20350006703000,32,20,12,1251.2
20350006704000,39,19,20,1684.8
20350006705000,10,4,6,465
20350006711000,1,1,0,0
20350006712000,18,10,8,579.6
20350006713000,1,1,0,0
20350006728000,14,8,6,838.6
20350006729000,6,4,2,366
20350006732000,6,3,3,388.8
20350006749000,14,9,5,466.2
20350006750000,30,15,15,1218
20350006751000,69,33,36,2463.3
20350006752000,12,5,7,428.4
20350006753000,133,69,64,5266.8
20350006754000,7,4,3,221.9
20350006755000,3,2,1,0
20350006756000,21,12,9,1033.2
20350006757000,28,16,12,1142.4
20350006758000,12,8,4,663.6
20350006759000,7,4,3,331.8
20350006760000,1,1,0,0
20350006762000,5,4,1,301
20350006766000,10,6,4,485
20350006767000,14,8,6,462
20350006770000,5,3,2,169
20350006773000,4,1,3,0
20350006774000,23,14,9,1078.7
20350006795000,14,8,6,638.4
20350006796000,4,2,2,0
20350006806000,1,1,0,0
20350006839000,22,11,11,880
20350006850000,13,6,7,447.2
20350006852000,2,1,1,0
20350006853000,103,65,38,3326.9
20350006854000,15,9,6,832.5
20350006878000,18,8,10,687.6
20350006879000,48,22,26,1790.4
20350006881000,19,10,9,959.5
20350006882000,97,47,50,3744.2
20350006883000,44,23,21,1773.2
20350006884000,35,17,18,1459.5
20350006885000,12,5,7,513.6
20350006886000,8,4,4,403.2
20350006895000,20,11,9,772
20350006914000,7,5,2,454.3
20350006916000,23,12,11,1002.8
20350006917000,2,1,1,0
20350006920000,5,2,3,213
20350006921000,186,95,91,7402.8
20350006922000,1257,604,653,52291.2
20350006923000,1008,499,509,37800
20350006925000,4,3,1,0
20350006926000,37,19,18,1642.8
20350006927000,21,10,11,913.5
20350006928000,52,29,23,1970.8
20350006930000,22,10,12,965.8
20350006934000,1,1,0,0
20350006937000,4,2,2,0
20350006941000,14,8,6,394.8
20350006942000,4,2,2,0
20350006947000,172,87,85,6364
20350006948000,10,6,4,354
20350006950000,27,16,11,1161
20350006951000,3,3,0,0
20350006958000,32,16,16,1065.6
20350006960000,60,33,27,2322
20350006961000,112,56,56,4692.8
20360006460000,339,161,178,13729.5
20360006461000,74,44,30,3278.2
20360006463000,11,7,4,722.7
20360006464000,15,10,5,751.5
20360006466000,8,4,4,316.8
20360006467000,6,3,3,217.2
20360006468000,4,3,1,0
20360006469000,2,1,1,0
20360006471000,2,0,2,0
20360006472000,29,14,15,930.9
20360006473000,518,259,259,18855.2
20360006474000,11,5,6,272.8
20360006475000,19,10,9,628.9
20360006477000,5,2,3,267
20360006478000,2,1,1,0
20360006483000,4,3,1,0
20360006486000,2,1,1,0
20360006489000,4,2,2,0
20360006494000,2,1,1,0
20360006500000,11,7,4,224.4
20360006512000,4,2,2,0
20360006513000,5,3,2,157
20360006563000,24,11,13,943.2
20360006570000,9,7,2,243
20360006643000,5,3,2,197
20360006645000,3,2,1,0
20360006706000,86,45,41,3078.8
20360006707000,65,31,34,2444
20360006708000,5,3,2,171
20360006709000,19,7,12,642.2
20360006712000,10,5,5,441
20360006713000,158,85,73,6067.2
20360006714000,43,24,19,1926.4
20360006729000,15,9,6,907.5
20360006749000,17,8,9,725.9
20360006750000,32,17,15,1196.8
20360006751000,6,3,3,271.8
20360006753000,69,32,37,2780.7
20360006754000,12,6,6,478.8
20360006755000,14,6,8,425.6
20360006756000,75,43,32,2752.5
20360006757000,38,16,22,1588.4
20360006758000,30,13,17,1011
20360006759000,12,6,6,477.6
20360006760000,23,11,12,857.9
20360006761000,19,12,7,934.8
20360006762000,7,4,3,419.3
20360006766000,30,13,17,1152
20360006767000,51,22,29,1958.4
20360006768000,56,27,29,2172.8
20360006772000,24,14,10,1027.2
20360006773000,6,2,4,421.8
20360006774000,70,34,36,2709
20360006775000,26,15,11,1170
20360006793000,45,22,23,1962
20360006794000,10,6,4,390
20360006796000,2,1,1,0
20360006798000,6,2,4,454.8
20360006805000,8,4,4,467.2
20360006831000,4,2,2,0
20360006850000,33,19,14,1504.8
20360006854000,17,9,8,703.8
20360006855000,2,1,1,0
20360006878000,34,17,17,1349.8
20360006879000,264,131,133,10956
20360006880000,125,52,73,5962.5
20360006881000,151,76,75,6402.4
20360006882000,59,37,22,2525.2
20360006883000,33,17,16,1323.3
20360006886000,30,18,12,1107
20360006895000,7,3,4,342.3
20360006914000,13,7,6,435.5
20360006919000,8,4,4,460.8
20360006921000,102,49,53,3478.2
20360006922000,1123,565,558,42112.5
20360006923000,530,271,259,20034
20360006926000,347,160,187,11589.8
20360006927000,289,148,141,11155.4
20360006929000,41,21,20,1832.7
20360006930000,2,1,1,0
20360006938000,1,1,0,0
20360006942000,7,4,3,273.7
20360006943000,47,26,21,1692
20360006944000,1,0,1,0
20360006946000,130,70,60,4537
20360006947000,797,395,402,30684.5
20360006948000,576,269,307,25401.6
20360006950000,143,74,69,5047.9
20360006951000,173,88,85,6833.5
20360006952000,12,7,5,585.6
20360006958000,163,72,91,5868
20360006960000,27,12,15,1266.3
20370006460000,155,75,80,5595.5
20370006461000,39,21,18,1431.3
20370006463000,24,14,10,823.2
20370006466000,14,8,6,543.2
20370006469000,4,1,3,0
20370006470000,3,2,1,0
20370006471000,5,3,2,186
20370006472000,4,3,1,0
20370006473000,24,12,12,1020
20370006477000,46,24,22,1237.4
20370006480000,2,1,1,0
20370006481000,4,2,2,0
20370006483000,3,2,1,0
20370006485000,1,1,0,0
20370006511000,4,2,2,0
20370006512000,16,9,7,707.2
20370006518000,9,4,5,314.1
20370006563000,4,1,3,0
20370006568000,4,2,2,0
20370006569000,5,3,2,155
20370006570000,2,1,1,0
20370006634000,12,6,6,457.2
20370006635000,4,2,2,0
20370006636000,1,1,0,0
20370006650000,5,3,2,93
20370006651000,5,4,1,169
20370006707000,9,5,4,348.3
20370006708000,28,16,12,1170.4
20370006709000,76,36,40,3169.2
20370006710000,36,17,19,1544.4
20370006711000,47,25,22,2232.5
20370006712000,5,2,3,289
20370006714000,5,1,4,279
20370006715000,1,1,0,0
20370006717000,9,3,6,414.9
20370006718000,3,1,2,0
20370006728000,4,2,2,0
20370006731000,6,5,1,111
20370006748000,122,63,59,4867.8
20370006749000,463,243,220,13982.6
20370006750000,204,104,100,6772.8
20370006751000,121,66,55,4924.7
20370006752000,22,10,12,1069.2
20370006753000,60,27,33,2298
20370006754000,10,6,4,480
20370006755000,93,46,47,3543.3
20370006756000,124,58,66,4662.4
20370006760000,5,3,2,324
20370006761000,13,7,6,544.7
20370006762000,7,5,2,377.3
20370006764000,2,1,1,0
20370006765000,9,5,4,450
20370006766000,32,15,17,1308.8
20370006767000,11,4,7,551.1
20370006768000,97,49,48,3627.8
20370006769000,20,11,9,540
20370006771000,5,3,2,170
20370006772000,1,0,1,0
20370006775000,43,25,18,1861.9
20370006776000,12,6,6,495.6
20370006791000,11,7,4,654.5
20370006792000,1,1,0,0
20370006793000,2,1,1,0
20370006806000,3,2,1,0
20370006850000,4,1,3,0
20370006878000,43,22,21,1560.9
20370006879000,664,323,341,29216
20370006880000,404,194,210,16846.8
20370006881000,292,151,141,10628.8
20370006882000,54,32,22,2079
20370006896000,8,4,4,352
20370006902000,2,1,1,0
20370006917000,4,2,2,0
20370006918000,6,3,3,235.2
20370006922000,927,465,462,32630.4
20370006923000,183,88,95,8052
20370006926000,508,283,225,19964.4
20370006927000,2,1,1,0
20370006928000,8,6,2,287.2
20370006929000,205,112,93,6929
20370006939000,3,2,1,0
20370006943000,19,10,9,832.2
20370006944000,104,54,50,4565.6
20370006946000,293,157,136,10928.9
20370006947000,134,61,73,5735.2
20370006948000,362,181,181,14009.4
20370006949000,5,3,2,132
20370006958000,67,39,28,2532.6
20370006959000,19,11,8,853.1
20380006460000,2,2,0,0
20380006463000,2,1,1,0
20380006464000,1,0,1,0
20380006466000,2,1,1,0
20380006468000,8,5,3,251.2
20380006471000,7,4,3,270.2
20380006472000,16,8,8,380.8
20380006478000,3,2,1,0
20380006479000,20,9,11,868
20380006480000,3,2,1,0
20380006481000,8,5,3,180.8
20380006484000,12,8,4,531.6
20380006511000,5,3,2,127
20380006569000,1,1,0,0
20380006570000,8,2,6,132.8
20380006633000,3,1,2,0
20380006634000,9,4,5,351.9
20380006637000,1,1,0,0
20380006640000,78,45,33,3221.4
20380006656000,2,1,1,0
20380006659000,15,7,8,454.5
20380006677000,1,1,0,0
20380006718000,23,12,11,1189.1
20380006719000,52,25,27,2085.2
20380006720000,29,13,16,1650.1
20380006728000,3,2,1,0
20380006747000,21,14,7,1043.7
20380006748000,85,36,49,2830.5
20380006749000,121,58,63,4307.6
20380006750000,27,15,12,1166.4
20380006753000,1,1,0,0
20380006754000,11,6,5,436.7
20380006755000,38,21,17,1368
20380006768000,5,3,2,216
20380006769000,116,70,46,3642.4
20380006776000,17,8,9,749.7
20380006777000,3,1,2,0
20380006806000,1,1,0,0
20380006839000,4,2,2,0
20380006852000,6,2,4,337.2
20380006878000,58,31,27,2505.6
20380006879000,321,154,167,12551.1
20380006880000,3,1,2,0
20380006889000,30,16,14,1125
20380006916000,3,2,1,0
20380006917000,27,14,13,1080
20380006920000,4,2,2,0
20380006921000,36,25,11,1562.4
20380006922000,759,379,380,25654.2
20380006926000,456,234,222,16552.8
20380006927000,40,19,21,1656
20380006928000,609,305,304,24542.7
20380006929000,31,17,14,1410.5
20380006938000,50,24,26,2405
20380006939000,167,85,82,6997.3
20380006943000,1,1,0,0
20380006944000,171,83,88,6087.6
20380006945000,357,192,165,13280.4
20380006946000,59,26,33,2259.7
20380006958000,116,53,63,4732.8
20380006959000,368,181,187,13947.2
20390006461000,86,45,41,2924
20390006462000,7,4,3,364.7
20390006464000,10,7,3,395
20390006465000,9,4,5,431.1
20390006468000,1,1,0,0
20390006471000,8,5,3,364
20390006472000,11,5,6,236.5
20390006479000,11,6,5,279.4
20390006480000,14,6,8,421.4
20390006481000,4,3,1,0
20390006483000,1,1,0,0
20390006569000,2,1,1,0
20390006640000,40,17,23,1512
20390006641000,16,8,8,828.8
20390006652000,1,0,1,0
20390006659000,35,14,21,1484
20390006676000,1,1,0,0
20390006714000,32,17,15,1059.2
20390006715000,102,54,48,3794.4
20390006716000,78,33,45,3330.6
20390006717000,3,2,1,0
20390006720000,6,2,4,112.8
20390006721000,44,23,21,1931.6
20390006722000,45,26,19,1921.5
20390006723000,3,3,0,0
20390006727000,50,18,32,1985
20390006728000,89,33,56,4814.9
20390006733000,20,10,10,1100
20390006747000,5,3,2,208
20390006748000,22,11,11,1053.8
20390006749000,10,5,5,245
20390006753000,1,1,0,0
20390006769000,52,30,22,1892.8
20390006776000,11,6,5,514.8
20390006777000,2,1,1,0
20390006778000,1,1,0,0
20390006840000,9,4,5,406.8
20390006850000,2,1,1,0
20390006851000,2,1,1,0
20390006852000,2,1,1,0
20390006853000,2,1,1,0
20390006877000,5,3,2,219
20390006878000,5,2,3,119
20390006889000,21,12,9,808.5
20390006890000,14,8,6,709.8
20390006896000,2,1,1,0
20390006897000,12,7,5,501.6
20390006916000,22,11,11,816.2
20390006917000,11,6,5,400.4
20390006922000,49,23,26,1979.6
20390006926000,247,111,136,8966.1
20390006927000,439,221,218,18174.6
20390006928000,1644,806,838,70363.2
20390006929000,104,43,61,4160
20390006938000,41,24,17,1537.5
20390006939000,188,96,92,7407.2
20390006940000,38,19,19,1748
20390006944000,28,11,17,1047.2
20390006945000,157,77,80,5746.2
20390006958000,13,8,5,551.2
20390006959000,134,64,70,4891
20390006960000,9,5,4,381.6
20390006961000,40,17,23,1540
20390006962000,418,221,197,15089.8
20390006966000,41,21,20,1594.9
20390006967000,2,1,1,0
20400006460000,287,154,133,9069.2
20400006461000,27,14,13,1190.7
20400006462000,7,2,5,286.3
20400006466000,18,10,8,698.4
20400006467000,7,4,3,237.3
20400006468000,9,4,5,468
20400006470000,13,7,6,497.9
20400006471000,6,5,1,208.2
20400006473000,16,9,7,486.4
20400006474000,7,4,3,392
20400006480000,21,9,12,506.1
20400006481000,24,10,14,1070.4
20400006482000,1,1,0,0
20400006489000,1,1,0,0
20400006502000,2,1,1,0
20400006513000,1,1,0,0
20400006516000,1,1,0,0
20400006640000,8,5,3,348
20400006658000,12,3,9,406.8
20400006660000,5,3,2,94
20400006716000,278,151,127,11259
20400006717000,135,69,66,5265
20400006718000,65,30,35,2749.5
20400006719000,6,3,3,223.2
20400006720000,5,2,3,160
20400006722000,27,14,13,1131.3
20400006723000,38,19,19,1911.4
20400006724000,20,9,11,608
20400006725000,2,1,1,0
20400006726000,3,1,2,0
20400006727000,6,3,3,163.2
20400006730000,8,3,5,391.2
20400006744000,2,1,1,0
20400006747000,8,4,4,384
20400006748000,41,21,20,1574.4
20400006755000,3,2,1,0
20400006756000,11,6,5,632.5
20400006757000,1,0,1,0
20400006769000,5,4,1,99
20400006801000,6,3,3,169.2
20400006805000,2,2,0,0
20400006839000,17,7,10,634.1
20400006840000,16,9,7,665.6
20400006850000,2,1,1,0
20400006851000,9,4,5,570.6
20400006853000,10,7,3,483
20400006854000,18,10,8,676.8
20400006855000,28,16,12,1226.4
20400006877000,23,9,14,837.2
20400006889000,3,1,2,0
20400006897000,5,3,2,263
20400006898000,10,6,4,430
20400006914000,7,6,1,322
20400006916000,42,18,24,1869
20400006922000,14,10,4,525
20400006925000,9,3,6,291.6
20400006926000,81,41,40,3466.8
20400006927000,923,462,461,29351.4
20400006928000,958,474,484,38032.6
20400006937000,9,6,3,566.1
20400006938000,24,13,11,1020
20400006944000,6,4,2,355.8
20400006945000,1,0,1,0
20400006961000,63,35,28,2778.3
20400006962000,230,108,122,8970
20400006963000,11,6,5,371.8
20400006966000,75,42,33,2137.5
20400006967000,246,133,113,8560.8
20400006968000,66,37,29,2910.6
20410006458000,19,9,10,1162.8
20410006459000,60,30,30,2586
20410006460000,25,13,12,980
20410006461000,15,6,9,613.5
20410006462000,9,4,5,192.6
20410006463000,4,3,1,0
20410006464000,2,1,1,0
20410006467000,10,6,4,391
20410006470000,2,1,1,0
20410006473000,9,7,2,379.8
20410006474000,7,4,3,224
20410006475000,1,1,0,0
20410006478000,3,2,1,0
20410006481000,23,13,10,623.3
20410006482000,142,71,71,4629.2
20410006483000,9,6,3,410.4
20410006512000,34,17,17,1428
20410006513000,39,22,17,1622.4
20410006515000,17,8,9,807.5
20410006516000,18,11,7,689.4
20410006658000,15,7,8,400.5
20410006659000,7,2,5,321.3
20410006660000,51,27,24,2009.4
20410006661000,15,7,8,487.5
20410006720000,43,24,19,1947.9
20410006721000,15,7,8,846
20410006724000,1,1,0,0
20410006725000,20,10,10,1150
20410006730000,3,1,2,0
20410006734000,25,14,11,1177.5
20410006735000,33,16,17,1419
20410006736000,13,9,4,464.1
20410006756000,43,23,20,1672.7
20410006758000,4,2,2,0
20410006767000,13,7,6,518.7
20410006768000,106,45,61,5247
20410006769000,55,30,25,2150.5
20410006801000,1,0,1,0
20410006806000,15,8,7,735
20410006807000,9,4,5,414
20410006839000,16,6,10,585.6
20410006851000,9,4,5,510.3
20410006852000,7,4,3,301
20410006854000,62,35,27,2690.8
20410006855000,44,21,23,1865.6
20410006876000,13,7,6,340.6
20410006897000,23,10,13,963.7
20410006898000,11,5,6,402.6
20410006912000,9,5,4,465.3
20410006913000,32,16,16,1158.4
20410006924000,12,6,6,357.6
20410006925000,20,11,9,764
20410006926000,36,15,21,1389.6
20410006927000,55,35,20,1501.5
20410006928000,62,33,29,2083.2
20410006929000,2,1,1,0
20410006936000,16,10,6,628.8
20410006937000,37,19,18,1646.5
20410006941000,81,36,45,4398.3
20410006956000,82,46,36,3165.2
20410006962000,3,2,1,0
20410006966000,41,20,21,1935.2
20410006967000,79,35,44,3325.9
20410006968000,51,22,29,2361.3
20420006460000,12,8,4,469.2
20420006461000,13,7,6,409.5
20420006463000,6,4,2,144
20420006466000,3,2,1,0
20420006467000,7,3,4,266.7
20420006468000,6,3,3,217.8
20420006472000,7,4,3,179.2
20420006474000,8,3,5,188
20420006475000,14,5,9,320.6
20420006480000,1,0,1,0
20420006482000,8,3,5,172
20420006483000,9,6,3,298.8
20420006484000,28,13,15,1285.2
20420006486000,9,5,4,538.2
20420006487000,16,7,9,729.6
20420006511000,23,10,13,694.6
20420006512000,6,4,2,181.2
20420006640000,8,5,3,384.8
20420006641000,2,0,2,0
20420006660000,56,25,31,2777.6
20420006661000,249,121,128,11628.3
20420006721000,29,14,15,1148.4
20420006722000,79,40,39,3562.9
20420006723000,25,14,11,852.5
20420006733000,8,4,4,411.2
20420006734000,7,4,3,366.1
20420006735000,3,2,1,0
20420006746000,13,8,5,474.5
20420006755000,4,3,1,0
20420006756000,34,19,15,1448.4
20420006767000,3,2,1,0
20420006768000,5,4,1,338
20420006769000,43,23,20,2021
20420006790000,4,2,2,0
20420006806000,2,1,1,0
20420006807000,10,5,5,442
20420006839000,8,3,5,272
20420006855000,40,22,18,1832
20420006877000,5,3,2,394
20420006897000,6,3,3,328.8
20420006913000,21,11,10,1092
20420006915000,4,3,1,0
20420006922000,3,1,2,0
20420006924000,17,9,8,824.5
20420006925000,117,63,54,4258.8
20420006926000,20,9,11,1000
20420006935000,1,1,0,0
20420006936000,9,5,4,441.9
20420006940000,15,9,6,520.5
20420006941000,83,47,36,3867.8
20420006949000,17,7,10,729.3
20420006956000,645,333,312,23736
20420006957000,1170,585,585,47736
20420006958000,209,114,95,8652.6
20420006961000,441,216,225,15523.2
20420006962000,104,52,52,3733.6
20420006967000,48,28,20,1732.8
20420006968000,137,62,75,6918.5
20420006969000,22,12,10,497.2
20420006970000,19,12,7,898.7
20430006458000,1,1,0,0
20430006459000,5,3,2,354
20430006460000,23,13,10,1106.3
20430006466000,26,15,11,1162.2
20430006468000,2,2,0,0
20430006482000,4,2,2,0
20430006484000,36,21,15,1411.2
20430006487000,3,2,1,0
20430006492000,5,3,2,238
20430006499000,13,8,5,565.5
20430006500000,16,12,4,584
20430006501000,14,9,5,462
20430006502000,4,1,3,0
20430006509000,3,2,1,0
20430006511000,28,14,14,1120
20430006512000,7,3,4,237.3
20430006661000,20,9,11,886
20430006722000,4,3,1,0
20430006728000,5,3,2,213
20430006735000,1,0,1,0
20430006745000,16,8,8,777.6
20430006747000,1,1,0,0
20430006756000,40,23,17,1672
20430006768000,17,10,7,742.9
20430006769000,21,9,12,928.2
20430006797000,6,3,3,307.8
20430006798000,21,12,9,1039.5
20430006799000,11,7,4,614.9
20430006802000,1,0,1,0
20430006816000,9,5,4,558
20430006839000,12,7,5,535.2
20430006851000,4,3,1,0
20430006855000,10,5,5,717
20430006863000,8,3,5,260
20430006889000,15,9,6,781.5
20430006890000,6,4,2,244.8
20430006895000,5,1,4,157
20430006898000,8,5,3,432
20430006915000,2,1,1,0
20430006922000,40,22,18,1880
20430006923000,94,52,42,4230
20430006924000,68,38,30,3141.6
20430006925000,46,21,25,1380
20430006926000,27,13,14,734.4
20430006949000,23,13,10,1085.6
20430006950000,1,1,0,0
20430006956000,489,223,266,17457.3
20430006957000,949,499,450,37105.9
20430006958000,397,202,195,17071
20430006960000,212,101,111,6932.4
20430006961000,876,431,445,35740.8
20430006962000,444,222,222,15762
20430006964000,85,42,43,3306.5
20430006968000,68,36,32,2468.4
20430006970000,177,94,83,7186.2
20440006460000,79,40,39,3088.9
20440006461000,27,14,13,1271.7
20440006462000,14,7,7,557.2
20440006463000,9,5,4,268.2
20440006464000,5,4,1,202
20440006465000,19,8,11,794.2
20440006466000,9,4,5,372.6
20440006489000,11,6,5,537.9
20440006490000,1,0,1,0
20440006491000,52,24,28,2080
20440006492000,54,29,25,2754
20440006493000,5,1,4,93
20440006494000,2,1,1,0
20440006497000,3,2,1,0
20440006498000,20,12,8,816
20440006499000,3,1,2,0
20440006500000,12,7,5,663.6
20440006501000,7,4,3,207.2
20440006502000,5,2,3,289
20440006503000,3,2,1,0
20440006510000,73,41,32,2912.7
20440006511000,35,18,17,1088.5
20440006515000,2,1,1,0
20440006661000,7,5,2,149.8
20440006720000,8,5,3,140.8
20440006721000,515,250,265,21269.5
20440006722000,4,3,1,0
20440006739000,4,2,2,0
20440006743000,3,2,1,0
20440006744000,18,10,8,838.8
20440006745000,30,16,14,1257
20440006746000,4,3,1,0
20440006756000,2,1,1,0
20440006768000,16,7,9,529.6
20440006769000,11,7,4,545.6
20440006770000,7,3,4,165.2
20440006798000,14,9,5,645.4
20440006799000,50,27,23,2420
20440006800000,30,17,13,981
20440006803000,9,3,6,361.8
20440006807000,8,5,3,280.8
20440006813000,1,0,1,0
20440006816000,15,7,8,610.5
20440006817000,4,2,2,0
20440006840000,15,7,8,670.5
20440006851000,3,1,2,0
20440006853000,10,4,6,347
20440006855000,31,14,17,1450.8
20440006867000,36,19,17,1533.6
20440006868000,5,1,4,228
20440006870000,27,14,13,1117.8
20440006877000,2,1,1,0
20440006889000,72,43,29,3052.8
20440006890000,56,32,24,1976.8
20440006895000,11,6,5,500.5
20440006898000,8,6,2,340.8
20440006901000,2,1,1,0
20440006912000,15,6,9,639
20440006914000,1,1,0,0
20440006920000,6,4,2,306
20440006921000,68,34,34,2971.6
20440006922000,5,3,2,312
20440006923000,48,22,26,1704
20440006925000,5,3,2,310
20440006926000,48,26,22,2016
20440006927000,15,4,11,399
20440006949000,12,7,5,586.8
20440006954000,76,36,40,2728.4
20440006956000,833,423,410,29155
20440006957000,999,557,442,43256.7
20440006958000,1302,720,582,50387.4
20440006960000,17,7,10,358.7
20440006961000,347,173,174,12873.7
20440006962000,835,435,400,26386
20440006963000,525,270,255,18690
20440006964000,16,11,5,587.2
20440006965000,44,23,21,1892
20440006966000,6,4,2,292.2
20440006967000,51,28,23,1861.5
20440006968000,56,33,23,2419.2
20440006969000,76,43,33,3085.6
20440006970000,451,238,213,17183.1
20440006971000,38,17,21,988
20450006458000,16,8,8,660.8
20450006460000,77,38,39,2456.3
20450006461000,33,20,13,1115.4
20450006462000,105,53,52,4347
20450006463000,1,0,1,0
20450006464000,18,8,10,617.4
20450006465000,6,3,3,130.2
20450006468000,7,3,4,373.1
20450006478000,5,3,2,178
20450006492000,5,3,2,162
20450006493000,11,7,4,328.9
20450006494000,5,2,3,147
20450006495000,45,22,23,2007
20450006496000,101,49,52,4221.8
20450006497000,91,48,43,3166.8
20450006506000,3,0,3,0
20450006507000,52,27,25,1892.8
20450006508000,51,24,27,1540.2
20450006509000,77,38,39,2802.8
20450006510000,3,1,2,0
20450006639000,6,3,3,103.2
20450006640000,18,11,7,860.4
20450006663000,3,2,1,0
20450006720000,3,1,2,0
20450006721000,30,14,16,1074
20450006725000,9,7,2,270
20450006726000,1,0,1,0
20450006737000,2,1,1,0
20450006738000,14,7,7,660.8
20450006739000,6,4,2,339
20450006740000,10,5,5,522
20450006741000,2,1,1,0
20450006742000,9,5,4,342
20450006743000,36,19,17,1292.4
20450006744000,19,11,8,953.8
20450006746000,5,3,2,173
20450006756000,2,1,1,0
20450006769000,8,5,3,338.4
20450006770000,12,7,5,397.2
20450006794000,1,1,0,0
20450006795000,19,10,9,879.7
20450006796000,7,4,3,303.8
20450006799000,66,40,26,2587.2
20450006800000,67,32,35,3269.6
20450006801000,38,20,18,1694.8
20450006803000,4,2,2,0
20450006807000,1,1,0,0
20450006808000,3,1,2,0
20450006809000,7,4,3,319.2
20450006810000,4,3,1,0
20450006811000,11,6,5,663.3
20450006812000,6,4,2,376.8
20450006813000,129,69,60,4566.6
20450006814000,365,180,185,15257
20450006815000,281,130,151,11521
20450006816000,11,7,4,445.5
20450006822000,14,7,7,477.4
20450006823000,6,2,4,393
20450006851000,3,2,1,0
20450006853000,16,10,6,739.2
20450006876000,19,11,8,621.3
20450006877000,6,4,2,261
20450006885000,4,3,1,0
20450006889000,12,7,5,444
20450006911000,1,1,0,0
20450006912000,14,9,5,688.8
20450006913000,2,1,1,0
20450006914000,1,1,0,0
20450006920000,45,25,20,1588.5
20450006921000,30,18,12,1359
20450006926000,28,19,9,1271.2
20450006927000,28,16,12,1234.8
20450006928000,11,8,3,458.7
20450006929000,11,6,5,310.2
20450006942000,1,1,0,0
20450006943000,30,13,17,1398
20450006953000,477,242,235,17601.3
20450006954000,200,105,95,8020
20450006956000,341,182,159,12514.7
20450006957000,1595,868,727,60610
20450006958000,1460,811,649,56940
20450006970000,148,76,72,5668.4
20460006458000,16,9,7,702.4
20460006459000,12,7,5,498
20460006461000,3,2,1,0
20460006462000,30,16,14,1149
20460006463000,441,194,247,18874.8
20460006464000,656,329,327,26240
20460006465000,2,1,1,0
20460006467000,9,5,4,322.2
20460006470000,2,1,1,0
20460006493000,11,4,7,272.8
20460006494000,3,2,1,0
20460006496000,24,14,10,787.2
20460006497000,3,2,1,0
20460006498000,8,4,4,392
20460006499000,11,5,6,342.1
20460006500000,3,2,1,0
20460006505000,1,1,0,0
20460006507000,5,2,3,112
20460006508000,150,84,66,4695
20460006727000,25,14,11,822.5
20460006731000,2,1,1,0
20460006737000,31,14,17,1224.5
20460006738000,319,149,170,13908.4
20460006739000,7,3,4,256.9
20460006740000,14,8,6,530.6
20460006742000,26,13,13,1183
20460006755000,8,5,3,486.4
20460006756000,14,8,6,455
20460006769000,41,20,21,1566.2
20460006770000,22,10,12,943.8
20460006795000,9,8,1,466.2
20460006796000,3,1,2,0
20460006799000,14,7,7,652.4
20460006800000,275,136,139,10367.5
20460006801000,691,325,366,31786
20460006802000,12,5,7,454.8
20460006815000,61,25,36,2482.7
20460006816000,12,6,6,544.8
20460006821000,1,1,0,0
20460006822000,14,9,5,494.2
20460006853000,19,10,9,999.4
20460006855000,14,8,6,743.4
20460006867000,5,4,1,188
20460006873000,7,4,3,424.2
20460006874000,22,12,10,761.2
20460006875000,262,129,133,9851.2
20460006883000,8,2,6,266.4
20460006884000,30,15,15,1536
20460006889000,5,2,3,186
20460006891000,10,4,6,481
20460006910000,8,4,4,411.2
20460006911000,10,6,4,470
20460006913000,3,2,1,0
20460006914000,6,4,2,321
20460006915000,1,1,0,0
20460006920000,27,18,9,1282.5
20460006928000,9,4,5,516.6
20460006929000,33,19,14,1610.4
20460006930000,7,2,5,146.3
20460006944000,2,1,1,0
20460006949000,2,1,1,0
20460006953000,604,306,298,21140
20460006954000,1087,531,556,47610.6
20460006957000,1994,969,1025,87736
20460006958000,303,137,166,10817.1
20460006959000,7,2,5,158.2
20470006461000,7,3,4,112
20470006462000,2,1,1,0
20470006463000,125,65,60,4462.5
20470006464000,270,134,136,11664
20470006465000,64,30,34,2688
20470006466000,15,7,8,670.5
20470006471000,2,2,0,0
20470006473000,7,3,4,100.8
20470006475000,4,2,2,0
20470006476000,8,3,5,451.2
20470006484000,4,2,2,0
20470006487000,5,2,3,158
20470006498000,53,26,27,1759.6
20470006499000,6,4,2,211.8
20470006502000,10,6,4,364
20470006504000,14,6,8,673.4
20470006505000,10,6,4,444
20470006506000,180,98,82,7848
20470006507000,42,16,26,1642.2
20470006508000,8,3,5,242.4
20470006730000,2,1,1,0
20470006731000,31,17,14,1119.1
20470006732000,4,2,2,0
20470006738000,30,14,16,1284
20470006739000,40,22,18,1684
20470006740000,17,7,10,676.6
20470006741000,18,9,9,858.6
20470006742000,70,38,32,2800
20470006743000,4,2,2,0
20470006755000,1,0,1,0
20470006769000,5,3,2,194
20470006770000,56,32,24,2021.6
20470006796000,13,5,8,656.5
20470006797000,16,7,9,416
20470006798000,1,0,1,0
20470006799000,52,22,30,1965.6
20470006800000,133,68,65,6264.3
20470006801000,69,33,36,2753.1
20470006802000,1,1,0,0
20470006816000,52,25,27,2360.8
20470006820000,11,7,4,437.8
20470006821000,3,2,1,0
20470006822000,14,7,7,582.4
20470006823000,4,1,3,0
20470006852000,15,9,6,565.5
20470006853000,17,9,8,744.6
20470006854000,9,5,4,286.2
20470006855000,13,8,5,647.4
20470006861000,23,10,13,878.6
20470006867000,48,22,26,2088
20470006873000,9,4,5,318.6
20470006874000,107,49,58,4718.7
20470006875000,63,33,30,2835
20470006886000,6,2,4,184.8
20470006887000,5,3,2,189
20470006896000,7,4,3,294.7
20470006898000,6,3,3,153
20470006909000,4,4,0,0
20470006910000,20,8,12,878
20470006911000,66,33,33,3135
20470006919000,40,21,19,1340
20470006920000,6,3,3,175.2
20470006921000,2,2,0,0
20470006929000,7,3,4,105
20470006930000,26,15,11,1058.2
20470006949000,6,3,3,178.2
20470006953000,183,95,88,6935.7
20470006954000,1051,526,525,38992.1
20470006955000,111,60,51,4273.5
20470006957000,1163,562,601,50474.2
20470006959000,100,50,50,3120
20470006960000,411,213,198,13521.9
20470006973000,15,8,7,865.5
20480006455000,1,1,0,0
20480006456000,5,4,1,206
20480006458000,50,23,27,1720
20480006461000,41,21,20,1599
20480006462000,62,30,32,2108
20480006464000,4,2,2,0
20480006465000,70,38,32,2541
20480006466000,19,10,9,646
20480006467000,4,2,2,0
20480006469000,2,1,1,0
20480006470000,5,1,4,247
20480006473000,6,2,4,226.2
20480006477000,6,3,3,184.8
20480006478000,1,1,0,0
20480006480000,13,6,7,413.4
20480006482000,1,1,0,0
20480006485000,9,5,4,290.7
20480006493000,8,4,4,355.2
20480006497000,7,2,5,249.2
20480006498000,5,2,3,202
20480006500000,9,6,3,420.3
20480006503000,3,2,1,0
20480006504000,40,18,22,1284
20480006505000,4,2,2,0
20480006728000,29,14,15,1046.9
20480006732000,11,7,4,442.2
20480006739000,5,3,2,81
20480006741000,5,3,2,182
20480006768000,18,9,9,864
20480006770000,9,6,3,546.3
20480006771000,5,2,3,287
20480006772000,16,7,9,497.6
20480006773000,7,4,3,301.7
20480006797000,44,23,21,2301.2
20480006798000,6,3,3,247.2
20480006805000,8,3,5,352
20480006806000,6,3,3,330
20480006820000,5,3,2,75
20480006825000,13,7,6,392.6
20480006826000,2,1,1,0
20480006851000,8,3,5,295.2
20480006855000,249,119,130,9561.6
20480006856000,191,100,91,8270.3
20480006861000,7,1,6,254.8
20480006873000,2,1,1,0
20480006874000,32,18,14,1609.6
20480006875000,31,17,14,957.9
20480006877000,3,2,1,0
20480006883000,4,2,2,0
20480006885000,6,3,3,258
20480006886000,11,8,3,383.9
20480006903000,17,12,5,598.4
20480006910000,7,5,2,336.7
20480006911000,2,1,1,0
20480006920000,3,1,2,0
20480006921000,15,8,7,471
20480006922000,12,5,7,472.8
20480006930000,2,2,0,0
20480006932000,2,1,1,0
20480006942000,2,2,0,0
20480006943000,12,6,6,613.2
20480006944000,115,59,56,4772.5
20480006949000,19,11,8,837.9
20480006950000,46,23,23,1729.6
20480006953000,203,105,98,8586.9
20480006954000,512,257,255,18124.8
20480006956000,44,18,26,2279.2
20480006957000,1232,626,606,50265.6
20480006960000,213,95,118,6368.7
20480006963000,11,5,6,534.6
20480006964000,1,1,0,0
20480006972000,6,3,3,393
20480006975000,8,3,5,520
20480006978000,3,2,1,0
20490006454000,1,1,0,0
20490006456000,2,1,1,0
20490006457000,11,6,5,514.8
20490006458000,69,32,37,2442.6
20490006459000,28,16,12,1285.2
20490006460000,5,3,2,148
20490006461000,19,8,11,653.6
20490006462000,20,11,9,980
20490006465000,17,11,6,564.4
20490006466000,40,19,21,1664
20490006467000,108,55,53,4039.2
20490006468000,91,45,46,3403.4
20490006471000,6,4,2,177
20490006476000,5,1,4,129
20490006479000,6,4,2,382.2
20490006480000,2,1,1,0
20490006481000,8,4,4,404
20490006484000,10,6,4,211
20490006491000,3,1,2,0
20490006492000,7,4,3,261.8
20490006493000,24,11,13,645.6
20490006496000,1,1,0,0
20490006501000,1,1,0,0
20490006503000,7,5,2,329
20490006729000,26,11,15,1255.8
20490006755000,23,11,12,1048.8
20490006756000,1,0,1,0
20490006771000,8,5,3,516
20490006773000,12,8,4,422.4
20490006796000,9,4,5,542.7
20490006806000,15,9,6,655.5
20490006807000,12,5,7,471.6
20490006815000,2,1,1,0
20490006820000,4,2,2,0
20490006825000,3,1,2,0
20490006826000,4,2,2,0
20490006827000,13,6,7,604.5
20490006828000,17,7,10,778.6
20490006829000,12,5,7,680.4
20490006856000,12,6,6,643.2
20490006857000,41,22,19,1492.4
20490006858000,10,5,5,531
20490006873000,10,6,4,359
20490006874000,32,18,14,1353.6
20490006875000,30,15,15,1197
20490006877000,1,1,0,0
20490006885000,8,5,3,404.8
20490006896000,3,2,1,0
20490006900000,10,5,5,374
20490006911000,3,1,2,0
20490006921000,5,3,2,216
20490006922000,29,10,19,997.6
20490006941000,2,1,1,0
20490006943000,31,18,13,1302
20490006944000,82,40,42,3567
20490006949000,16,9,7,571.2
20490006950000,177,94,83,5823.3
20490006951000,155,84,71,5967.5
20490006953000,214,112,102,8645.6
20490006955000,294,132,162,12171.6
20490006956000,625,333,292,21937.5
20490006957000,1485,734,751,61479
20490006958000,63,36,27,1852.2
20490006960000,36,20,16,1393.2
20490006961000,29,12,17,754
20490006972000,101,58,43,4858.1
20490006973000,55,26,29,2854.5
20490006974000,18,7,11,577.8
20490006975000,13,6,7,682.5
20490006978000,26,13,13,1190.8
20490006980000,3,1,2,0
20500006456000,36,16,20,1252.8
20500006457000,9,5,4,335.7
20500006458000,39,20,19,1021.8
20500006459000,33,19,14,1234.2
20500006461000,3,2,1,0
20500006463000,2,1,1,0
20500006465000,9,3,6,308.7
20500006466000,1,1,0,0
20500006468000,35,17,18,1130.5
20500006472000,4,3,1,0
20500006473000,18,9,9,775.8
20500006474000,4,3,1,0
20500006475000,16,9,7,700.8
20500006476000,126,68,58,4158
20500006477000,3,1,2,0
20500006478000,52,26,26,2215.2
20500006479000,11,6,5,343.2
20500006482000,2,1,1,0
20500006483000,8,5,3,363.2
20500006486000,3,2,1,0
20500006499000,1,1,0,0
20500006513000,5,3,2,107
20500006734000,6,2,4,130.2
20500006744000,1,1,0,0
20500006754000,2,1,1,0
20500006755000,4,2,2,0
20500006795000,10,6,4,307
20500006808000,53,28,25,2082.9
20500006809000,73,38,35,2912.7
20500006810000,30,16,14,1500
20500006814000,3,1,2,0
20500006817000,2,1,1,0
20500006858000,25,13,12,1125
20500006859000,15,11,4,634.5
20500006873000,13,7,6,548.6
20500006874000,38,24,14,1379.4
20500006875000,12,5,7,357.6
20500006885000,4,1,3,0
20500006896000,14,10,4,744.8
20500006897000,2,1,1,0
20500006900000,2,1,1,0
20500006907000,11,7,4,708.4
20500006909000,4,2,2,0
20500006910000,19,11,8,1027.9
20500006911000,3,1,2,0
20500006921000,5,3,2,278
20500006922000,23,14,9,1064.9
20500006923000,9,6,3,514.8
20500006930000,6,5,1,148.8
20500006931000,1,1,0,0
20500006951000,250,129,121,9375
20500006952000,742,386,356,25821.6
20500006953000,557,305,252,21611.6
20500006954000,30,14,16,1191
20500006955000,756,346,410,34473.6
20500006956000,1146,605,541,38849.4
20500006957000,370,185,185,13579
20500006959000,145,74,71,5437.5
20500006960000,15,7,8,564
20500006961000,66,31,35,2600.4
20500006967000,5,2,3,187
20500006972000,8,6,2,386.4
20500006973000,90,44,46,4221
20500006974000,10,7,3,528
20500006977000,37,22,15,1968.4
20500006980000,19,8,11,822.7
20510006455000,28,14,14,876.4
20510006456000,97,49,48,3753.9
20510006457000,7,3,4,310.1
20510006459000,43,24,19,1801.7
20510006460000,12,5,7,714
20510006461000,88,53,35,2798.4
20510006463000,11,5,6,577.5
20510006464000,1,1,0,0
20510006466000,8,4,4,292
20510006469000,5,3,2,149
20510006471000,12,7,5,604.8
20510006472000,24,12,12,804
20510006473000,19,7,12,820.8
20510006474000,7,3,4,333.9
20510006475000,21,13,8,848.4
20510006480000,2,2,0,0
20510006481000,2,1,1,0
20510006482000,52,27,25,1877.2
20510006483000,14,6,8,645.4
20510006491000,3,3,0,0
20510006493000,24,14,10,912
20510006499000,3,2,1,0
20510006504000,5,3,2,267
20510006731000,9,4,5,402.3
20510006733000,2,1,1,0
20510006744000,1,0,1,0
20510006745000,6,3,3,214.8
20510006754000,5,3,2,245
20510006777000,20,10,10,782
20510006778000,4,2,2,0
20510006780000,4,3,1,0
20510006809000,57,27,30,2604.9
20510006810000,103,54,49,3368.1
20510006811000,2,1,1,0
20510006814000,1,1,0,0
20510006815000,1,1,0,0
20510006859000,39,19,20,1493.7
20510006860000,18,9,9,595.8
20510006873000,27,12,15,1109.7
20510006874000,37,15,22,1420.8
20510006875000,27,14,13,1131.3
20510006876000,4,2,2,0
20510006881000,3,2,1,0
20510006885000,93,44,49,3515.4
20510006886000,37,20,17,1480
20510006896000,11,4,7,673.2
20510006897000,8,4,4,219.2
20510006907000,4,2,2,0
20510006908000,22,11,11,1047.2
20510006909000,8,6,2,312
20510006923000,14,8,6,522.2
20510006924000,24,14,10,818.4
20510006951000,395,186,209,12679.5
20510006952000,93,48,45,3375.9
20510006953000,100,57,43,3660
20510006954000,28,11,17,1184.4
20510006955000,948,487,461,35550
20510006956000,712,376,336,24492.8
20510006959000,64,37,27,2732.8
20510006961000,2,2,0,0
20510006963000,34,17,17,1441.6
20510006964000,8,5,3,344
20510006966000,253,138,115,7159.9
20510006967000,1,0,1,0
20510006969000,1,0,1,0
20510006976000,24,12,12,1221.6
20510006977000,8,5,3,512.8
20520006455000,28,12,16,1374.8
20520006456000,423,219,204,16666.2
20520006457000,435,220,215,17922
20520006458000,192,98,94,5779.2
20520006459000,62,27,35,2194.8
20520006460000,3,2,1,0
20520006462000,9,6,3,331.2
20520006464000,8,4,4,435.2
20520006465000,2,1,1,0
20520006466000,8,4,4,307.2
20520006467000,2,1,1,0
20520006469000,6,4,2,283.8
20520006473000,6,2,4,285
20520006478000,3,2,1,0
20520006480000,10,6,4,402
20520006481000,3,1,2,0
20520006482000,12,7,5,417.6
20520006484000,23,13,10,791.2
20520006485000,187,90,97,7592.2
20520006486000,31,12,19,2114.2
20520006487000,148,74,74,5194.8
20520006488000,22,9,13,682
20520006494000,8,5,3,288.8
20520006505000,9,5,4,467.1
20520006506000,25,13,12,692.5
20520006508000,1,1,0,0
20520006731000,15,8,7,640.5
20520006733000,9,6,3,387
20520006745000,1,1,0,0
20520006780000,11,6,5,321.2
20520006859000,3,1,2,0
20520006868000,32,19,13,1292.8
20520006869000,20,12,8,734
20520006870000,6,2,4,160.8
20520006871000,27,14,13,1123.2
20520006872000,25,15,10,850
20520006873000,206,97,109,8878.6
20520006874000,119,59,60,5259.8
20520006875000,9,4,5,516.6
20520006881000,47,21,26,2284.2
20520006896000,2,1,1,0
20520006901000,14,10,4,495.6
20520006909000,9,3,6,267.3
20520006919000,6,4,2,289.2
20520006923000,5,4,1,260
20520006924000,34,16,18,1336.2
20520006925000,5,3,2,77
20520006950000,207,107,100,7969.5
20520006951000,362,182,180,11909.8
20520006952000,179,96,83,6676.7
20520006953000,64,34,30,2329.6
20520006954000,2,1,1,0
20520006955000,427,218,209,16183.3
20520006956000,1459,737,722,54712.5
20520006957000,2,1,1,0
20520006958000,4,2,2,0
20520006959000,222,116,106,8502.6
20520006961000,5,2,3,186
20520006963000,72,35,37,3290.4
20520006964000,6,3,3,286.2
20520006965000,396,202,194,15760.8
20520006966000,175,88,87,6702.5
20520006967000,94,53,41,3534.4
20520006968000,24,14,10,1075.2
20520006969000,18,9,9,1054.8
20520006974000,23,12,11,1009.7
20520006975000,12,4,8,477.6
20520006976000,59,29,30,2731.7
20520006977000,9,6,3,509.4
20520006978000,5,3,2,188
20520006980000,30,17,13,1374
20520006981000,15,8,7,856.5
20530006455000,4,1,3,0
20530006456000,558,258,300,24496.2
20530006457000,633,275,358,30637.2
20530006458000,192,104,88,7315.2
20530006459000,60,30,30,2364
20530006460000,28,14,14,806.4
20530006461000,25,10,15,980
20530006463000,16,11,5,673.6
20530006464000,18,10,8,559.8
20530006466000,4,3,1,0
20530006467000,8,5,3,423.2
20530006469000,1,0,1,0
20530006470000,2,1,1,0
20530006472000,11,7,4,359.7
20530006474000,15,6,9,723
20530006475000,9,5,4,232.2
20530006476000,1,0,1,0
20530006481000,8,6,2,254.4
20530006482000,7,4,3,147.7
20530006483000,20,10,10,644
20530006485000,1,1,0,0
20530006487000,35,18,17,857.5
20530006488000,94,46,48,3863.4
20530006489000,44,24,20,1707.2
20530006490000,1,1,0,0
20530006491000,4,2,2,0
20530006495000,14,3,11,589.4
20530006499000,4,2,2,0
20530006509000,4,3,1,0
20530006510000,5,3,2,211
20530006731000,34,21,13,1506.2
20530006733000,12,6,6,714
20530006775000,4,1,3,0
20530006849000,8,1,7,374.4
20530006859000,8,5,3,372.8
20530006866000,1,1,0,0
20530006869000,11,6,5,412.5
20530006870000,6,2,4,105
20530006871000,7,4,3,247.8
20530006880000,2,1,1,0
20530006881000,76,34,42,3458
20530006885000,54,28,26,2257.2
20530006896000,13,7,6,423.8
20530006897000,13,6,7,666.9
20530006898000,6,4,2,282
20530006924000,25,12,13,1052.5
20530006925000,11,6,5,401.5
20530006942000,1,0,1,0
20530006943000,2,2,0,0
20530006944000,2,1,1,0
20530006950000,222,105,117,8547
20530006951000,267,133,134,9638.7
20530006952000,62,32,30,2095.6
20530006953000,79,34,45,2757.1
20530006955000,753,377,376,30345.9
20530006956000,1480,722,758,59496
20530006959000,56,30,26,2212
20530006960000,10,7,3,370
20530006961000,62,31,31,2777.6
20530006963000,16,7,9,964.8
20530006964000,22,12,10,1212.2
20530006965000,93,47,46,3664.2
20530006969000,9,5,4,345.6
20530006970000,45,24,21,2020.5
20530006974000,6,3,3,229.8
20530006975000,246,120,126,10701
20530006976000,84,47,37,3015.6
20530006978000,31,18,13,1267.9
20530006979000,128,66,62,4646.4
20530006980000,133,73,60,5399.8
20540006455000,10,6,4,625
20540006456000,1542,738,804,67693.8
20540006457000,1213,567,646,53372
20540006458000,726,374,352,23449.8
20540006459000,51,27,24,1932.9
20540006460000,33,16,17,1082.4
20540006461000,6,5,1,289.2
20540006462000,10,5,5,457
20540006463000,12,6,6,327.6
20540006465000,6,3,3,154.8
20540006466000,3,2,1,0
20540006467000,4,2,2,0
20540006470000,11,4,7,224.4
20540006473000,8,3,5,246.4
20540006480000,2,1,1,0
20540006481000,6,3,3,237
20540006483000,3,1,2,0
20540006484000,4,3,1,0
20540006485000,2,1,1,0
20540006491000,5,1,4,197
20540006492000,29,17,12,774.3
20540006493000,22,15,7,831.6
20540006494000,3,1,2,0
20540006495000,30,15,15,1068
20540006496000,5,2,3,229
20540006498000,16,10,6,537.6
20540006499000,70,35,35,2303
20540006500000,2,1,1,0
20540006501000,2,1,1,0
20540006502000,6,4,2,166.2
20540006503000,10,4,6,335
20540006733000,2,1,1,0
20540006774000,3,2,1,0
20540006813000,11,6,5,484
20540006849000,5,3,2,260
20540006859000,7,3,4,448.7
20540006874000,6,4,2,280.2
20540006881000,100,53,47,4520
20540006882000,35,20,15,1561
20540006886000,56,33,23,2296
20540006887000,20,13,7,890
20540006888000,8,4,4,424
20540006896000,18,11,7,835.2
20540006897000,4,3,1,0
20540006924000,8,5,3,367.2
20540006925000,66,31,35,2910.6
20540006926000,6,2,4,217.2
20540006940000,3,1,2,0
20540006941000,5,1,4,74
20540006950000,31,12,19,1302
20540006951000,107,67,40,3991.1
20540006952000,1030,514,516,34814
20540006953000,251,134,117,8358.3
20540006954000,596,278,318,18893.2
20540006955000,1043,520,523,43075.9
20540006956000,779,385,394,33886.5
20540006957000,8,4,4,143.2
20540006959000,109,56,53,4872.3
20540006960000,2,1,1,0
20540006963000,33,18,15,1366.2
20540006970000,44,23,21,2006.4
20540006971000,3,2,1,0
20540006977000,10,6,4,455
20540006978000,73,37,36,3598.9
20540006979000,11,5,6,399.3
20550006455000,104,59,45,4149.6
20550006456000,1616,767,849,68356.8
20550006457000,1213,637,576,40756.8
20550006458000,249,130,119,8739.9
20550006461000,19,11,8,678.3
20550006462000,19,10,9,678.3
20550006463000,6,2,4,274.8
20550006464000,14,5,9,408.8
20550006465000,1,1,0,0
20550006468000,11,5,6,363
20550006471000,2,1,1,0
20550006475000,8,4,4,332
20550006479000,13,7,6,335.4
20550006482000,22,11,11,545.6
20550006484000,3,2,1,0
20550006485000,2,1,1,0
20550006486000,6,3,3,213
20550006487000,3,2,1,0
20550006489000,4,2,2,0
20550006490000,16,8,8,452.8
20550006492000,7,3,4,126.7
20550006493000,21,7,14,577.5
20550006500000,58,27,31,1769
20550006501000,4,2,2,0
20550006512000,12,6,6,348
20550006514000,13,9,4,504.4
20550006731000,5,3,2,294
20550006741000,2,1,1,0
20550006743000,5,3,2,199
20550006756000,4,3,1,0
20550006774000,24,11,13,729.6
20550006804000,12,5,7,561.6
20550006811000,7,3,4,331.8
20550006827000,2,0,2,0
20550006849000,5,2,3,175
20550006859000,3,2,1,0
20550006874000,29,14,15,1096.2
20550006879000,5,2,3,214
20550006882000,11,7,4,599.5
20550006887000,58,29,29,2105.4
20550006888000,56,32,24,2273.6
20550006894000,4,2,2,0
20550006895000,19,9,10,885.4
20550006896000,13,7,6,664.3
20550006899000,23,9,14,878.6
20550006900000,18,9,9,649.8
20550006901000,12,7,5,534
20550006902000,9,6,3,380.7
20550006911000,22,11,11,809.6
20550006925000,14,6,8,480.2
20550006926000,39,19,20,1154.4
20550006932000,17,12,5,960.5
20550006933000,6,3,3,331.8
20550006935000,4,2,2,0
20550006936000,3,1,2,0
20550006937000,1,1,0,0
20550006939000,2,1,1,0
20550006951000,91,44,47,2984.8
20550006952000,1049,529,520,38603.2
20550006953000,1125,568,557,43650
20550006954000,1146,566,580,38276.4
20550006955000,1816,852,964,78996
20550006956000,1247,612,635,57486.7
20550006959000,169,89,80,5306.6
20550006963000,119,66,53,4438.7
20550006971000,77,39,38,3588.2
20550006976000,4,2,2,0
20550006977000,2,1,1,0
20560006455000,56,30,26,2307.2
20560006456000,806,399,407,25711.4
20560006457000,220,102,118,9262
20560006458000,17,12,5,639.2
20560006460000,14,6,8,281.4
20560006461000,28,15,13,753.2
20560006465000,5,2,3,130
20560006466000,3,1,2,0
20560006468000,4,2,2,0
20560006471000,11,5,6,266.2
20560006473000,24,15,9,1248
20560006475000,1,1,0,0
20560006478000,2,1,1,0
20560006479000,5,1,4,107
20560006480000,1,0,1,0
20560006481000,9,6,3,413.1
20560006483000,13,8,5,367.9
20560006485000,6,3,3,204
20560006486000,4,3,1,0
20560006490000,2,1,1,0
20560006491000,14,7,7,497
20560006493000,10,4,6,413
20560006494000,6,2,4,214.8
20560006495000,1,0,1,0
20560006499000,27,13,14,1007.1
20560006500000,181,87,94,6914.2
20560006501000,3,1,2,0
20560006505000,16,8,8,612.8
20560006507000,8,5,3,430.4
20560006511000,2,2,0,0
20560006513000,1,1,0,0
20560006514000,8,2,6,352
20560006529000,2,1,1,0
20560006738000,6,3,3,274.2
20560006739000,8,4,4,396
20560006740000,3,2,1,0
20560006741000,44,23,21,1918.4
20560006742000,16,9,7,841.6
20560006743000,9,5,4,440.1
20560006775000,2,1,1,0
20560006804000,4,2,2,0
20560006805000,29,16,13,1180.3
20560006806000,51,27,24,2065.5
20560006807000,29,15,14,1345.6
20560006811000,38,17,21,1580.8
20560006828000,1,1,0,0
20560006859000,41,21,20,2082.8
20560006874000,11,7,4,518.1
20560006889000,3,2,1,0
20560006890000,4,2,2,0
20560006894000,18,11,7,657
20560006895000,2,1,1,0
20560006899000,270,139,131,11637
20560006900000,193,103,90,6484.8
20560006901000,35,18,17,1617
20560006902000,61,27,34,2360.7
20560006925000,12,5,7,571.2
20560006926000,20,10,10,1108
20560006943000,23,7,16,715.3
20560006944000,20,9,11,956
20560006945000,2,1,1,0
20560006946000,66,31,35,2692.8
20560006950000,37,20,17,1235.8
20560006951000,837,409,428,25026.3
20560006952000,570,283,287,20349
20560006953000,195,99,96,7137
20560006955000,970,499,471,35599
20560006956000,580,302,278,21228
20560006957000,507,268,239,16376.1
20560006959000,77,39,38,3056.9
20560006963000,36,16,20,1458
20560006970000,23,11,12,949.9
20560006971000,121,57,64,4694.8
20560006972000,7,5,2,238.7
20560006977000,34,14,20,1190
20560006978000,4,2,2,0
20570006452000,141,72,69,5499
20570006454000,14,9,5,561.4
20570006456000,715,367,348,25811.5
20570006457000,258,140,118,9236.4
20570006458000,61,36,25,2635.2
20570006459000,2,1,1,0
20570006461000,6,2,4,163.2
20570006464000,29,16,13,974.4
20570006465000,5,2,3,126
20570006466000,4,2,2,0
20570006467000,16,6,10,680
20570006468000,4,3,1,0
20570006469000,5,3,2,267
20570006472000,7,3,4,132.3
20570006473000,4,2,2,0
20570006480000,4,2,2,0
20570006481000,1,1,0,0
20570006483000,13,7,6,530.4
20570006484000,1,1,0,0
20570006485000,8,4,4,284
20570006495000,6,3,3,186
20570006496000,1,1,0,0
20570006499000,29,16,13,1006.3
20570006500000,28,16,12,1411.2
20570006501000,21,10,11,737.1
20570006502000,21,9,12,741.3
20570006514000,10,3,7,288
20570006515000,19,11,8,649.8
20570006540000,1,1,0,0
20570006739000,6,3,3,226.8
20570006740000,28,14,14,1002.4
20570006741000,146,74,72,7197.8
20570006742000,237,118,119,9669.6
20570006776000,33,17,16,1659.9
20570006803000,6,4,2,315
20570006804000,36,18,18,1144.8
20570006805000,5,3,2,194
20570006806000,12,4,8,421.2
20570006807000,41,20,21,2091
20570006811000,41,19,22,1873.7
20570006828000,2,1,1,0
20570006856000,5,3,2,106
20570006859000,19,8,11,754.3
20570006860000,16,5,11,812.8
20570006870000,44,24,20,1707.2
20570006871000,15,7,8,660
20570006884000,3,1,2,0
20570006890000,13,6,7,509.6
20570006893000,13,7,6,486.2
20570006894000,5,3,2,302
20570006895000,1,1,0,0
20570006898000,9,4,5,227.7
20570006901000,31,12,19,1364
20570006902000,123,63,60,4403.4
20570006903000,1,1,0,0
20570006911000,7,4,3,294
20570006912000,7,3,4,286.3
20570006926000,158,76,82,8769
20570006927000,5,3,2,106
20570006944000,55,32,23,2222
20570006945000,207,108,99,7493.4
20570006946000,13,6,7,691.6
20570006950000,2,1,1,0
20570006951000,1163,624,539,41053.9
20570006952000,74,36,38,2723.2
20570006955000,13,11,2,418.6
20570006956000,172,85,87,6415.6
20570006957000,11,6,5,392.7
20570006958000,1,0,1,0
20570006959000,196,97,99,7722.4
20570006963000,60,28,32,2556
20570006970000,3,1,2,0
20570006971000,75,35,40,3352.5
20570006977000,16,10,6,652.8
20570006978000,17,7,10,1205.3
20580006451000,149,76,73,5587.5
20580006452000,28,14,14,1066.8
20580006453000,15,8,7,727.5
20580006454000,55,22,33,2101
20580006455000,8,3,5,172
20580006456000,63,31,32,1934.1
20580006457000,71,40,31,2705.1
20580006458000,9,5,4,542.7
20580006459000,50,23,27,1690
20580006460000,37,16,21,1568.8
20580006461000,6,3,3,216
20580006462000,5,1,4,77
20580006463000,3,1,2,0
20580006464000,11,4,7,332.2
20580006468000,1,1,0,0
20580006471000,11,5,6,320.1
20580006472000,11,6,5,276.1
20580006478000,15,7,8,594
20580006480000,8,5,3,360
20580006482000,7,4,3,195.3
20580006483000,12,6,6,325.2
20580006484000,1,1,0,0
20580006487000,6,2,4,295.8
20580006488000,6,4,2,180
20580006492000,12,5,7,319.2
20580006494000,14,6,8,379.4
20580006495000,2,2,0,0
20580006504000,20,8,12,598
20580006506000,19,10,9,782.8
20580006509000,2,1,1,0
20580006516000,3,2,1,0
20580006540000,1,1,0,0
20580006541000,23,10,13,788.9
20580006542000,2,1,1,0
20580006739000,16,9,7,750.4
20580006740000,11,8,3,397.1
20580006741000,128,63,65,5094.4
20580006742000,150,80,70,7230
20580006743000,14,8,6,547.4
20580006776000,1,1,0,0
20580006777000,3,2,1,0
20580006810000,15,7,8,754.5
20580006811000,26,14,12,1094.6
20580006830000,1,1,0,0
20580006832000,2,2,0,0
20580006835000,6,3,3,268.2
20580006859000,3,1,2,0
20580006884000,45,26,19,1746
20580006885000,36,17,19,1580.4
20580006887000,33,14,19,1402.5
20580006890000,34,19,15,1407.6
20580006892000,15,8,7,543
20580006894000,21,12,9,953.4
20580006895000,19,8,11,1122.9
20580006898000,7,4,3,349.3
20580006902000,41,27,14,1586.7
20580006912000,1,1,0,0
20580006913000,12,6,6,457.2
20580006926000,6,3,3,187.2
20580006927000,65,33,32,2678
20580006933000,1,1,0,0
20580006945000,1,0,1,0
20580006946000,17,11,6,831.3
20580006947000,53,22,31,1982.2
20580006951000,348,184,164,14511.6
20580006952000,66,37,29,2706
20580006955000,5,3,2,272
20580006956000,25,14,11,755
20580006957000,5,2,3,327
20580006958000,9,6,3,206.1
20580006959000,105,56,49,4032
20580006960000,5,3,2,305
20580006963000,22,12,10,1177
20580006970000,37,22,15,1298.7
20580006971000,14,7,7,697.2
20580006981000,1,1,0,0
20580006982000,7,4,3,483.7
20590006451000,21,10,11,1094.1
20590006452000,51,22,29,2203.2
20590006453000,42,19,23,1150.8
20590006454000,104,53,51,3681.6
20590006455000,46,23,23,1844.6
20590006457000,50,27,23,2085
20590006458000,23,11,12,1225.9
20590006459000,5,3,2,130
20590006461000,60,27,33,2424
20590006462000,101,46,55,3696.6
20590006463000,477,232,245,15884.1
20590006464000,33,16,17,1287
20590006466000,14,7,7,561.4
20590006468000,6,4,2,238.8
20590006469000,9,5,4,245.7
20590006471000,5,4,1,213
20590006472000,8,3,5,284
20590006475000,4,2,2,0
20590006477000,1,0,1,0
20590006478000,18,10,8,772.2
20590006479000,6,2,4,154.2
20590006482000,21,12,9,543.9
20590006486000,1,1,0,0
20590006488000,20,13,7,850
20590006491000,10,4,6,372
20590006492000,5,2,3,230
20590006494000,10,5,5,212
20590006509000,14,7,7,603.4
20590006510000,4,3,1,0
20590006512000,2,2,0,0
20590006513000,35,18,17,1270.5
20590006520000,2,0,2,0
20590006521000,66,36,30,2514.6
20590006522000,76,37,39,3336.4
20590006523000,20,12,8,496
20590006740000,5,2,3,175
20590006741000,47,25,22,2086.8
20590006742000,78,38,40,3315
20590006743000,8,4,4,460.8
20590006780000,6,5,1,367.2
20590006781000,4,2,2,0
20590006806000,2,1,1,0
20590006810000,82,40,42,3731
20590006811000,23,12,11,1120.1
20590006833000,5,4,1,301
20590006835000,75,37,38,3592.5
20590006836000,2,1,1,0
20590006859000,13,8,5,499.2
20590006883000,7,2,5,272.3
20590006885000,142,79,63,5296.6
20590006886000,232,114,118,10300.8
20590006890000,16,5,11,369.6
20590006892000,5,1,4,236
20590006893000,1,1,0,0
20590006894000,15,9,6,630
20590006901000,7,3,4,238
20590006902000,27,15,12,1061.1
20590006903000,3,3,0,0
20590006905000,1,1,0,0
20590006913000,6,3,3,271.8
20590006914000,3,1,2,0
20590006916000,6,3,3,223.2
20590006931000,2,1,1,0
20590006932000,6,4,2,250.2
20590006946000,76,39,37,2751.2
20590006947000,54,32,22,1927.8
20590006951000,731,380,351,23392
20590006952000,115,62,53,5152
20590006956000,30,20,10,978
20590006958000,6,4,2,220.8
20590006959000,49,33,16,1381.8
20590006960000,236,115,121,7127.2
20590006962000,35,19,16,948.5
20590006963000,26,14,12,1344.2
20590006970000,9,4,5,379.8
20590006971000,27,17,10,1449.9
20590006980000,6,4,2,408
20590006981000,26,14,12,1411.8
20590006982000,27,13,14,1674
20600006453000,1,0,1,0
20600006454000,140,71,69,4802
20600006455000,9,4,5,339.3
20600006457000,80,47,33,3120
20600006458000,11,5,6,306.9
20600006459000,8,5,3,228.8
20600006463000,96,48,48,4492.8
20600006464000,89,51,38,3106.1
20600006465000,14,7,7,534.8
20600006466000,106,51,55,3392
20600006467000,28,15,13,1010.8
20600006473000,7,2,5,301
20600006474000,3,1,2,0
20600006475000,64,36,28,2374.4
20600006476000,73,26,47,3606.2
20600006477000,54,25,29,1215
20600006478000,26,15,11,1027
20600006479000,29,14,15,1226.7
20600006480000,177,88,89,6920.7
20600006481000,13,5,8,393.9
20600006482000,17,8,9,632.4
20600006486000,20,8,12,756
20600006487000,7,4,3,338.8
20600006489000,5,3,2,252
20600006490000,9,4,5,234
20600006494000,9,5,4,356.4
20600006495000,18,12,6,694.8
20600006501000,27,17,10,1177.2
20600006505000,15,7,8,673.5
20600006506000,2,0,2,0
20600006507000,8,5,3,420.8
20600006511000,5,3,2,215
20600006512000,5,4,1,226
20600006515000,2,2,0,0
20600006521000,106,50,56,3869
20600006522000,119,52,67,4950.4
20600006527000,3,2,1,0
20600006535000,1,1,0,0
20600006593000,2,1,1,0
20600006731000,6,4,2,328.8
20600006740000,9,6,3,362.7
20600006741000,35,20,15,1638
20600006756000,1,1,0,0
20600006806000,13,7,6,595.4
20600006810000,22,12,10,992.2
20600006811000,418,196,222,16552.8
20600006832000,4,2,2,0
20600006836000,19,13,6,666.9
20600006837000,20,9,11,516
20600006838000,9,4,5,321.3
20600006839000,12,9,3,441.6
20600006840000,4,1,3,0
20600006859000,10,5,5,427
20600006884000,11,7,4,456.5
20600006885000,66,36,30,2290.2
20600006886000,11,7,4,471.9
20600006888000,9,4,5,357.3
20600006890000,43,24,19,1487.8
20600006891000,16,10,6,617.6
20600006894000,6,4,2,304.2
20600006902000,39,22,17,1731.6
20600006914000,25,10,15,1532.5
20600006916000,2,1,1,0
20600006923000,2,1,1,0
20600006925000,9,5,4,550.8
20600006947000,37,17,20,1354.2
20600006951000,259,131,128,9090.9
20600006952000,49,27,22,1930.6
20600006955000,1,1,0,0
20600006956000,26,14,12,1094.6
20600006958000,9,8,1,342.9
20600006960000,26,14,12,1141.4
20600006962000,39,15,24,1712.1
20600006969000,36,19,17,1339.2
20600006971000,39,19,20,1587.3
20600006980000,19,10,9,902.5
20600006982000,4,2,2,0
20610006453000,6,3,3,220.2
20610006459000,21,11,10,598.5
20610006460000,19,12,7,606.1
20610006464000,5,3,2,127
20610006465000,16,8,8,625.6
20610006467000,30,16,14,1131
20610006468000,16,9,7,654.4
20610006473000,21,13,8,714
20610006474000,29,13,16,1432.6
20610006475000,116,59,57,4245.6
20610006476000,24,11,13,1216.8
20610006477000,27,17,10,826.2
20610006478000,5,2,3,214
20610006481000,1,1,0,0
20610006482000,6,3,3,310.2
20610006485000,2,2,0,0
20610006486000,11,6,5,315.7
20610006487000,5,4,1,77
20610006489000,2,1,1,0
20610006501000,27,9,18,729
20610006503000,4,2,2,0
20610006506000,5,3,2,272
20610006507000,43,18,25,1599.6
20610006508000,27,15,12,874.8
20610006511000,7,3,4,170.1
20610006512000,18,8,10,714.6
20610006515000,21,11,10,947.1
20610006524000,2,1,1,0
20610006806000,8,5,3,330.4
20610006810000,54,27,27,1755
20610006811000,162,79,83,6204.6
20610006836000,1,1,0,0
20610006837000,27,10,17,750.6
20610006838000,16,9,7,700.8
20610006839000,27,14,13,963.9
20610006840000,3,2,1,0
20610006859000,17,8,9,714
20610006890000,33,15,18,1402.5
20610006901000,14,9,5,694.4
20610006902000,30,15,15,1209
20610006916000,8,4,4,428.8
20610006947000,33,15,18,1283.7
20610006951000,74,40,34,2930.4
20610006956000,4,2,2,0
20610006957000,41,23,18,1328.4
20610006958000,3,1,2,0
20610006959000,18,9,9,642.6
20610006960000,9,6,3,419.4
20610006962000,20,9,11,904
20610006965000,10,4,6,337
20610006967000,132,69,63,5121.6
20610006968000,511,273,238,19264.7
20610006969000,753,387,366,30421.2
20610006970000,606,310,296,28482
20610006971000,407,221,186,11436.7
20610006980000,2,1,1,0
20610006981000,3,2,1,0
20610006982000,41,23,18,2353.4
20620006453000,74,35,39,3056.2
20620006457000,28,17,11,890.4
20620006458000,98,49,49,2940
20620006459000,62,33,29,2969.8
20620006460000,8,4,4,352.8
20620006461000,12,6,6,448.8
20620006462000,24,13,11,638.4
20620006463000,11,6,5,608.3
20620006470000,26,14,12,938.6
20620006471000,165,87,78,6699
20620006472000,190,104,86,7296
20620006473000,18,9,9,822.6
20620006476000,4,3,1,0
20620006480000,4,2,2,0
20620006485000,8,3,5,408
20620006488000,5,3,2,167
20620006489000,2,1,1,0
20620006490000,10,5,5,363
20620006492000,5,3,2,291
20620006507000,4,2,2,0
20620006508000,2,1,1,0
20620006515000,6,3,3,139.8
20620006516000,15,8,7,318
20620006524000,1,1,0,0
20620006525000,16,9,7,609.6
20620006526000,18,9,9,633.6
20620006527000,15,10,5,538.5
20620006536000,2,1,1,0
20620006573000,2,1,1,0
20620006657000,10,5,5,233
20620006799000,1,1,0,0
20620006809000,4,2,2,0
20620006810000,493,220,273,20508.8
20620006811000,497,256,241,19035.1
20620006837000,3,2,1,0
20620006838000,5,2,3,318
20620006839000,4,2,2,0
20620006857000,8,5,3,278.4
20620006858000,2,2,0,0
20620006887000,6,3,3,235.8
20620006889000,8,8,0,330.4
20620006890000,2,1,1,0
20620006901000,5,2,3,189
20620006902000,39,24,15,1641.9
20620006915000,8,3,5,326.4
20620006926000,46,21,25,2281.6
20620006951000,38,21,17,1311
20620006956000,9,5,4,297.9
20620006957000,36,19,17,1238.4
20620006959000,7,5,2,228.9
20620006962000,15,8,7,588
20620006963000,43,19,24,1685.6
20620006964000,30,17,13,1317
20620006965000,4,3,1,0
20620006966000,20,12,8,1060
20620006968000,4,2,2,0
20620006969000,62,32,30,2814.8
20620006970000,3,2,1,0
20620006971000,31,19,12,1553.1
20620006980000,3,1,2,0
20620006981000,2,1,1,0
20620006982000,2,1,1,0
20620006988000,73,45,28,2890.8
20630006454000,31,14,17,1258.6
20630006457000,38,19,19,1740.4
20630006458000,6,3,3,90
20630006459000,22,11,11,783.2
20630006461000,5,3,2,223
20630006463000,5,3,2,86
20630006465000,5,3,2,224
20630006469000,19,11,8,528.2
20630006471000,85,49,36,2516
20630006472000,40,23,17,1248
20630006481000,2,1,1,0
20630006486000,6,4,2,246
20630006487000,2,1,1,0
20630006489000,5,3,2,306
20630006492000,14,8,6,469
20630006493000,5,4,1,232
20630006495000,75,31,44,3525
20630006496000,12,4,8,598.8
20630006497000,4,3,1,0
20630006498000,2,1,1,0
20630006500000,19,10,9,708.7
20630006502000,14,6,8,462
20630006503000,8,2,6,287.2
20630006516000,5,3,2,299
20630006527000,16,9,7,614.4
20630006529000,9,5,4,349.2
20630006530000,1,1,0,0
20630006600000,3,1,2,0
20630006602000,6,3,3,172.8
20630006783000,2,1,1,0
20630006785000,1,1,0,0
20630006795000,4,2,2,0
20630006809000,53,28,25,1987.5
20630006810000,86,45,41,3422.8
20630006811000,225,121,104,8460
20630006839000,7,3,4,270.9
20630006840000,7,4,3,226.8
20630006889000,113,55,58,3898.5
20630006890000,110,64,46,3223
20630006893000,3,2,1,0
20630006901000,42,18,24,1621.2
20630006902000,23,14,9,1081
20630006917000,2,1,1,0
20630006918000,12,8,4,789.6
20630006925000,5,4,1,260
20630006943000,12,6,6,504
20630006944000,116,64,52,4802.4
20630006945000,378,188,190,14175
20630006946000,219,119,100,8519.1
20630006951000,15,8,7,495
20630006956000,32,17,15,1200
20630006957000,6,4,2,258
20630006958000,54,31,23,1830.6
20630006959000,16,8,8,588.8
20630006960000,16,10,6,694.4
20630006963000,14,8,6,525
20630006970000,111,62,49,4251.3
20630006971000,9,4,5,474.3
20630006984000,99,48,51,4603.5
20630006985000,43,23,20,1887.7
20630006986000,49,27,22,1695.4
20630006987000,2,1,1,0
20630006988000,21,9,12,808.5
20630006989000,34,19,15,1407.6
20640006455000,7,4,3,321.3
20640006456000,23,12,11,959.1
20640006457000,38,23,15,1516.2
20640006461000,31,19,12,1289.6
20640006463000,22,12,10,770
20640006465000,7,4,3,293.3
20640006467000,4,2,2,0
20640006471000,35,16,19,1302
20640006474000,4,3,1,0
20640006479000,12,6,6,504
20640006482000,8,4,4,250.4
20640006483000,13,6,7,470.6
20640006485000,1,1,0,0
20640006486000,7,3,4,203.7
20640006487000,2,1,1,0
20640006492000,5,2,3,230
20640006493000,4,2,2,0
20640006498000,3,2,1,0
20640006500000,9,5,4,351.9
20640006501000,16,9,7,676.8
20640006502000,2,2,0,0
20640006530000,24,11,13,792
20640006531000,4,3,1,0
20640006534000,4,2,2,0
20640006535000,1,1,0,0
20640006536000,6,2,4,235.2
20640006600000,4,3,1,0
20640006603000,3,1,2,0
20640006604000,17,11,6,807.5
20640006629000,5,1,4,229
20640006728000,80,36,44,2864
20640006729000,283,130,153,11970.9
20640006742000,1,1,0,0
20640006743000,42,21,21,1738.8
20640006744000,2,1,1,0
20640006795000,14,8,6,915.6
20640006796000,28,17,11,1078
20640006840000,6,3,3,262.2
20640006881000,2,1,1,0
20640006887000,5,3,2,97
20640006889000,2,1,1,0
20640006890000,14,9,5,632.8
20640006891000,192,96,96,7488
20640006893000,1,1,0,0
20640006894000,1,0,1,0
20640006918000,1,1,0,0
20640006925000,1,0,1,0
20640006939000,6,3,3,238.2
20640006940000,50,23,27,2180
20640006941000,40,21,19,1508
20640006942000,48,29,19,2443.2
20640006943000,44,23,21,1584
20640006944000,54,27,27,2462.4
20640006945000,75,35,40,2655
20640006946000,59,29,30,2354.1
20640006948000,332,163,169,13412.8
20640006956000,29,15,14,1171.6
20640006957000,20,8,12,560
20640006958000,28,17,11,1072.4
20640006963000,63,29,34,2205
20640006984000,105,54,51,4084.5
20640006985000,8,4,4,395.2
20640006987000,33,18,15,1155
20640006988000,3,2,1,0
20640006989000,18,9,9,835.2
20650006454000,26,16,10,1149.2
20650006455000,7,4,3,380.1
20650006456000,10,6,4,512
20650006457000,13,6,7,391.3
20650006458000,7,3,4,240.1
20650006462000,19,8,11,1084.9
20650006465000,3,2,1,0
20650006466000,13,6,7,625.3
20650006467000,4,2,2,0
20650006470000,5,3,2,255
20650006473000,3,1,2,0
20650006475000,2,1,1,0
20650006478000,9,2,7,276.3
20650006479000,1,1,0,0
20650006481000,9,4,5,300.6
20650006482000,64,34,30,1721.6
20650006483000,33,15,18,1392.6
20650006484000,6,4,2,235.2
20650006485000,17,9,8,739.5
20650006490000,1,1,0,0
20650006495000,5,1,4,156
20650006517000,5,3,2,314
20650006532000,3,2,1,0
20650006534000,2,2,0,0
20650006535000,4,2,2,0
20650006536000,12,7,5,535.2
20650006544000,2,0,2,0
20650006599000,2,1,1,0
20650006600000,18,8,10,912.6
20650006601000,7,3,4,168
20650006604000,104,51,53,3920.8
20650006629000,13,8,5,556.4
20650006725000,1,0,1,0
20650006726000,3,1,2,0
20650006728000,50,24,26,2190
20650006729000,104,53,51,4482.4
20650006730000,126,65,61,4498.2
20650006795000,8,4,4,328.8
20650006796000,13,7,6,726.7
20650006797000,128,58,70,5708.8
20650006798000,3,2,1,0
20650006807000,6,3,3,391.2
20650006886000,7,2,5,191.1
20650006887000,1,1,0,0
20650006890000,374,176,198,14960
20650006891000,929,465,464,38739.3
20650006892000,179,88,91,4331.8
20650006903000,23,13,10,724.5
20650006938000,6,4,2,195
20650006939000,283,157,126,11772.8
20650006940000,251,128,123,9487.8
20650006941000,39,24,15,1969.5
20650006942000,34,16,18,1414.4
20650006943000,79,35,44,2749.2
20650006944000,752,373,379,29027.2
20650006945000,623,305,318,25543
20650006946000,577,268,309,29830.9
20650006947000,452,229,223,17492.4
20650006948000,4,1,3,0
20650006956000,3,2,1,0
20650006960000,12,5,7,596.4
20650006963000,24,13,11,1082.4
20650006985000,1,0,1,0
20650006986000,2,1,1,0
20650006987000,15,7,8,517.5
20650006988000,81,44,37,3240
20650006989000,147,62,85,7173.6
20650006990000,342,174,168,14158.8
20660006454000,7,3,4,193.9
20660006455000,2,1,1,0
20660006457000,23,12,11,1163.8
20660006458000,34,15,19,1397.4
20660006460000,5,3,2,148
20660006461000,4,2,2,0
20660006464000,8,5,3,411.2
20660006465000,13,6,7,378.3
20660006467000,8,4,4,160
20660006468000,1,1,0,0
20660006470000,19,10,9,756.2
20660006474000,14,7,7,362.6
20660006475000,7,3,4,529.9
20660006476000,16,8,8,536
20660006481000,2,0,2,0
20660006482000,1,0,1,0
20660006483000,20,9,11,1008
20660006484000,15,9,6,522
20660006485000,21,9,12,611.1
20660006486000,8,4,4,292
20660006487000,19,6,13,780.9
20660006488000,16,9,7,598.4
20660006489000,8,4,4,367.2
20660006490000,9,4,5,417.6
20660006491000,7,4,3,324.1
20660006495000,4,2,2,0
20660006496000,12,7,5,519.6
20660006516000,9,6,3,248.4
20660006517000,9,5,4,216
20660006532000,2,1,1,0
20660006535000,2,1,1,0
20660006537000,4,3,1,0
20660006541000,11,5,6,294.8
20660006604000,142,69,73,5623.2
20660006605000,3,2,1,0
20660006723000,37,18,19,1753.8
20660006724000,22,8,14,1126.4
20660006727000,1,1,0,0
20660006731000,3,1,2,0
20660006807000,34,19,15,1740.8
20660006870000,1,0,1,0
20660006886000,7,2,5,242.2
20660006890000,23,12,11,747.5
20660006891000,533,285,248,18974.8
20660006892000,91,44,47,3148.6
20660006904000,8,4,4,312
20660006923000,35,17,18,1571.5
20660006934000,2,1,1,0
20660006935000,47,23,24,1931.7
20660006936000,63,35,28,2690.1
20660006944000,205,106,99,7339
20660006945000,220,104,116,7876
20660006946000,590,282,308,20355
20660006947000,492,239,253,17859.6
20660006952000,5,3,2,299
20660006953000,4,2,2,0
20660006957000,5,2,3,262
20660006958000,16,9,7,470.4
20660006961000,1,0,1,0
20660006963000,32,16,16,1609.6
20660006971000,7,3,4,231
20660006991000,11,6,5,235.4
20670006455000,20,12,8,954
20670006456000,14,5,9,607.6
20670006457000,28,16,12,977.2
20670006458000,10,5,5,342
20670006459000,25,14,11,897.5
20670006460000,9,3,6,453.6
20670006461000,3,2,1,0
20670006463000,14,6,8,334.6
20670006464000,9,4,5,306
20670006465000,1,1,0,0
20670006470000,12,7,5,382.8
20670006474000,1,0,1,0
20670006475000,3,2,1,0
20670006478000,3,2,1,0
20670006481000,8,4,4,262.4
20670006483000,9,5,4,449.1
20670006484000,4,2,2,0
20670006485000,11,5,6,423.5
20670006489000,20,12,8,748
20670006490000,15,5,10,556.5
20670006491000,15,9,6,387
20670006493000,10,4,6,266
20670006495000,14,6,8,506.8
20670006497000,5,3,2,238
20670006498000,4,2,2,0
20670006516000,2,1,1,0
20670006535000,3,1,2,0
20670006536000,32,14,18,1049.6
20670006537000,5,2,3,244
20670006575000,4,3,1,0
20670006597000,2,1,1,0
20670006604000,4,3,1,0
20670006606000,2,1,1,0
20670006626000,54,27,27,1798.2
20670006627000,8,5,3,243.2
20670006628000,6,3,3,366
20670006723000,48,22,26,2299.2
20670006724000,73,41,32,2876.2
20670006794000,3,2,1,0
20670006806000,4,2,2,0
20670006807000,41,19,22,1697.4
20670006863000,7,3,4,196.7
20670006865000,13,5,8,651.3
20670006866000,8,4,4,515.2
20670006867000,57,29,28,1892.4
20670006868000,26,15,11,1274
20670006870000,3,3,0,0
20670006872000,3,1,2,0
20670006873000,5,2,3,163
20670006885000,3,1,2,0
20670006886000,8,4,4,350.4
20670006888000,7,3,4,420.7
20670006891000,59,31,28,1893.9
20670006892000,42,22,20,1474.2
20670006904000,14,9,5,415.8
20670006905000,5,2,3,182
20670006922000,9,5,4,389.7
20670006934000,53,29,24,1886.8
20670006945000,8,4,4,528.8
20670006946000,108,52,56,4136.4
20670006947000,38,22,16,1447.8
20670006953000,27,15,12,1269
20670006957000,8,4,4,384
20670006958000,2,1,1,0
20670006960000,21,12,9,804.3
20670006961000,2,1,1,0
20670006962000,515,260,255,16016.5
20670006963000,134,65,69,5467.2
20670006967000,4,1,3,0
20670006968000,6,3,3,307.8
20670006971000,3,1,2,0
20670006974000,10,5,5,448
20670006975000,3,2,1,0
20670006991000,107,59,48,4451.2
20670006992000,15,9,6,603
20680006455000,5,2,3,295
20680006456000,8,3,5,394.4
20680006457000,35,17,18,1169
20680006458000,15,10,5,565.5
20680006462000,22,13,9,1111
20680006463000,28,15,13,1159.2
20680006465000,7,4,3,228.9
20680006471000,6,4,2,330
20680006475000,18,4,14,561.6
20680006477000,10,6,4,322
20680006479000,3,2,1,0
20680006480000,1,0,1,0
20680006482000,18,9,9,714.6
20680006483000,5,3,2,343
20680006485000,15,5,10,523.5
20680006486000,16,7,9,460.8
20680006487000,3,2,1,0
20680006488000,6,3,3,175.8
20680006494000,3,2,1,0
20680006495000,8,4,4,327.2
20680006498000,5,1,4,195
20680006499000,12,6,6,452.4
20680006500000,2,1,1,0
20680006519000,5,3,2,299
20680006536000,19,8,11,570
20680006537000,4,3,1,0
20680006575000,4,1,3,0
20680006608000,7,3,4,174.3
20680006612000,6,4,2,157.2
20680006616000,1,1,0,0
20680006617000,4,2,2,0
20680006624000,1,0,1,0
20680006626000,52,34,18,1778.4
20680006627000,152,83,69,5639.2
20680006628000,4,2,2,0
20680006733000,1,0,1,0
20680006805000,4,2,2,0
20680006806000,32,14,18,1110.4
20680006807000,10,6,4,354
20680006815000,5,3,2,216
20680006825000,7,3,4,156.1
20680006827000,6,2,4,271.2
20680006867000,3,2,1,0
20680006868000,13,8,5,648.7
20680006874000,36,17,19,1328.4
20680006882000,11,3,8,640.2
20680006883000,11,6,5,452.1
20680006884000,31,16,15,1605.8
20680006885000,13,9,4,643.5
20680006887000,18,12,6,887.4
20680006891000,31,19,12,1119.1
20680006892000,46,23,23,1775.6
20680006922000,7,5,2,350
20680006934000,130,65,65,4654
20680006945000,24,16,8,847.2
20680006946000,78,42,36,3377.4
20680006947000,6,4,2,172.2
20680006953000,44,24,20,1667.6
20680006954000,75,37,38,2947.5
20680006957000,3,1,2,0
20680006960000,47,26,21,1565.1
20680006961000,45,21,24,2025
20680006962000,312,158,154,10420.8
20680006963000,220,124,96,8954
20680006967000,4,1,3,0
20680006968000,5,2,3,240
20680006971000,1,0,1,0
20680006974000,5,5,0,275
20680006975000,16,9,7,710.4
20690006457000,15,8,7,603
20690006458000,30,17,13,1221
20690006459000,31,16,15,1171.8
20690006460000,26,13,13,1157
20690006461000,3,2,1,0
20690006462000,5,3,2,263
20690006463000,6,3,3,355.2
20690006464000,5,3,2,277
20690006467000,6,4,2,249
20690006468000,5,3,2,265
20690006469000,1,0,1,0
20690006471000,4,2,2,0
20690006472000,2,1,1,0
20690006480000,6,3,3,241.8
20690006481000,215,113,102,6385.5
20690006482000,92,44,48,3615.6
20690006483000,5,4,1,97
20690006486000,11,6,5,260.7
20690006488000,7,3,4,261.8
20690006489000,8,5,3,244
20690006495000,5,1,4,93
20690006500000,3,2,1,0
20690006501000,5,3,2,251
20690006505000,4,3,1,0
20690006506000,5,3,2,271
20690006536000,19,10,9,575.7
20690006537000,6,5,1,189
20690006576000,1,1,0,0
20690006600000,2,1,1,0
20690006610000,2,2,0,0
20690006612000,7,3,4,345.8
20690006613000,7,4,3,287.7
20690006614000,3,0,3,0
20690006615000,4,3,1,0
20690006619000,11,6,5,313.5
20690006626000,145,72,73,4741.5
20690006627000,54,25,29,1679.4
20690006628000,1,1,0,0
20690006732000,4,2,2,0
20690006795000,3,2,1,0
20690006805000,3,1,2,0
20690006806000,32,16,16,1321.6
20690006807000,172,94,78,6312.4
20690006808000,1,1,0,0
20690006813000,20,12,8,848
20690006826000,24,14,10,1200
20690006874000,30,15,15,1167
20690006877000,17,9,8,644.3
20690006878000,13,5,8,621.4
20690006879000,43,21,22,1668.4
20690006880000,34,21,13,1380.4
20690006881000,41,19,22,1931.1
20690006882000,97,48,49,4462
20690006883000,190,92,98,7980
20690006884000,86,49,37,2726.2
20690006886000,20,11,9,782
20690006887000,96,52,44,4022.4
20690006891000,3,2,1,0
20690006892000,47,24,23,1992.8
20690006903000,16,9,7,748.8
20690006913000,11,3,8,374
20690006933000,2,1,1,0
20690006934000,44,24,20,1830.4
20690006935000,13,8,5,769.6
20690006946000,51,24,27,1642.2
20690006947000,12,6,6,584.4
20690006953000,3,2,1,0
20690006955000,9,6,3,259.2
20690006956000,28,16,12,1386
20690006957000,9,6,3,387.9
20690006958000,20,11,9,780
20690006960000,270,136,134,8046
20690006961000,22,11,11,987.8
20690006962000,17,7,10,510
20690006963000,62,34,28,2523.4
20690006964000,296,140,156,13231.2
20690006965000,4,2,2,0
20690006966000,6,3,3,132
20690006975000,25,12,13,1060
20690006976000,32,18,14,1321.6
20700006457000,5,3,2,137
20700006458000,136,72,64,5929.6
20700006459000,5,3,2,252
20700006460000,10,5,5,425
20700006462000,8,3,5,358.4
20700006463000,57,32,25,1932.3
20700006464000,3,1,2,0
20700006466000,2,1,1,0
20700006469000,7,5,2,240.8
20700006474000,8,4,4,370.4
20700006475000,3,3,0,0
20700006476000,5,4,1,92
20700006477000,8,5,3,227.2
20700006480000,12,6,6,384
20700006482000,28,14,14,1064
20700006483000,7,4,3,224.7
20700006484000,13,6,7,210.6
20700006485000,1,1,0,0
20700006486000,8,6,2,212.8
20700006487000,3,2,1,0
20700006488000,4,3,1,0
20700006490000,3,2,1,0
20700006494000,1,1,0,0
20700006504000,2,1,1,0
20700006529000,9,5,4,312.3
20700006530000,3,1,2,0
20700006575000,9,5,4,514.8
20700006576000,51,29,22,2264.4
20700006577000,4,3,1,0
20700006591000,12,6,6,459.6
20700006593000,25,16,9,807.5
20700006610000,1,1,0,0
20700006614000,21,12,9,772.8
20700006616000,1,1,0,0
20700006629000,1,1,0,0
20700006650000,2,1,1,0
20700006651000,2,1,1,0
20700006732000,2,1,1,0
20700006758000,3,2,1,0
20700006765000,3,0,3,0
20700006792000,1,1,0,0
20700006806000,2,1,1,0
20700006808000,30,14,16,1173
20700006812000,26,13,13,943.8
20700006813000,17,9,8,732.7
20700006825000,9,4,5,326.7
20700006826000,2,1,1,0
20700006876000,10,6,4,339
20700006877000,2,1,1,0
20700006884000,151,84,67,6296.7
20700006885000,41,23,18,2095.1
20700006887000,15,9,6,859.5
20700006892000,23,14,9,1053.4
20700006905000,4,1,3,0
20700006912000,16,7,9,750.4
20700006913000,13,7,6,465.4
20700006935000,86,41,45,3457.2
20700006953000,51,27,24,1815.6
20700006954000,4,2,2,0
20700006955000,128,63,65,4812.8
20700006958000,177,84,93,5770.2
20700006960000,16,7,9,651.2
20700006961000,8,3,5,400
20700006963000,13,6,7,575.9
20700006964000,373,186,187,15143.8
20700006965000,11,8,3,375.1
20700006966000,15,8,7,535.5
20700006967000,2,1,1,0
20700006969000,2,1,1,0
20700006970000,2,1,1,0
20700006972000,1,0,1,0
20700006975000,52,30,22,1934.4
20700006976000,38,18,20,1151.4
20700006998000,24,12,12,1612.8
20710006458000,25,13,12,907.5
20710006459000,22,14,8,1040.6
20710006460000,33,18,15,1293.6
20710006462000,4,1,3,0
20710006466000,3,1,2,0
20710006474000,26,10,16,962
20710006477000,2,1,1,0
20710006478000,5,3,2,230
20710006479000,18,10,8,646.2
20710006482000,12,9,3,374.4
20710006483000,32,21,11,1305.6
20710006484000,14,6,8,593.6
20710006485000,15,9,6,469.5
20710006488000,5,3,2,186
20710006490000,4,3,1,0
20710006494000,9,4,5,349.2
20710006495000,8,6,2,240
20710006524000,6,5,1,214.8
20710006544000,1,1,0,0
20710006557000,1,1,0,0
20710006562000,16,6,10,736
20710006574000,5,2,3,119
20710006575000,16,9,7,553.6
20710006576000,19,8,11,1018.4
20710006577000,16,7,9,616
20710006589000,2,1,1,0
20710006590000,4,3,1,0
20710006591000,11,6,5,609.4
20710006592000,30,16,14,1194
20710006593000,5,2,3,362
20710006610000,10,5,5,349
20710006614000,6,4,2,400.2
20710006618000,4,4,0,0
20710006619000,7,4,3,340.9
20710006620000,2,1,1,0
20710006632000,2,1,1,0
20710006650000,5,3,2,166
20710006759000,5,1,4,148
20710006765000,5,3,2,187
20710006767000,3,2,1,0
20710006769000,3,1,2,0
20710006772000,23,10,13,853.3
20710006783000,2,1,1,0
20710006809000,32,14,18,1267.2
20710006810000,31,19,12,1345.4
20710006811000,49,20,29,1871.8
20710006812000,11,3,8,374
20710006817000,13,7,6,591.5
20710006818000,4,3,1,0
20710006819000,6,3,3,385.8
20710006820000,20,11,9,730
20710006821000,3,1,2,0
20710006825000,8,3,5,356.8
20710006886000,20,11,9,500
20710006887000,53,32,21,1897.4
20710006892000,2,1,1,0
20710006905000,6,4,2,235.8
20710006906000,19,9,10,680.2
20710006907000,11,6,5,346.5
20710006908000,2,1,1,0
20710006935000,6,4,2,408
20710006936000,13,5,8,387.4
20710006954000,58,31,27,1885
20710006955000,355,182,173,12034.5
20710006958000,190,99,91,6270
20710006960000,11,7,4,581.9
20710006961000,38,20,18,1721.4
20710006962000,7,6,1,359.8
20710006963000,5,4,1,267
20710006964000,78,35,43,2792.4
20710006968000,46,20,26,1720.4
20710006969000,75,39,36,2715
20710006975000,38,18,20,1611.2
20710006993000,20,10,10,1230
20720006459000,38,20,18,1706.2
20720006460000,46,22,24,1554.8
20720006462000,74,40,34,3248.6
20720006464000,5,1,4,136
20720006467000,2,2,0,0
20720006468000,10,6,4,386
20720006469000,3,2,1,0
20720006473000,4,1,3,0
20720006474000,36,19,17,1364.4
20720006478000,6,3,3,187.8
20720006485000,6,5,1,166.8
20720006486000,10,5,5,448
20720006487000,7,4,3,331.1
20720006489000,8,4,4,280
20720006490000,2,1,1,0
20720006491000,4,2,2,0
20720006492000,1,1,0,0
20720006521000,2,1,1,0
20720006522000,4,3,1,0
20720006561000,2,1,1,0
20720006562000,2,1,1,0
20720006567000,4,3,1,0
20720006568000,3,1,2,0
20720006573000,41,20,21,1381.7
20720006574000,46,20,26,2185
20720006575000,37,18,19,1598.4
20720006576000,50,23,27,2235
20720006577000,2,1,1,0
20720006578000,4,1,3,0
20720006579000,14,9,5,652.4
20720006585000,5,3,2,356
20720006589000,11,6,5,366.3
20720006592000,5,3,2,198
20720006593000,11,6,5,469.7
20720006597000,1,0,1,0
20720006619000,1,1,0,0
20720006650000,5,3,2,329
20720006732000,7,5,2,440.3
20720006767000,9,3,6,478.8
20720006768000,4,1,3,0
20720006770000,53,26,27,2342.6
20720006771000,32,17,15,1376
20720006772000,143,70,73,5991.7
20720006773000,51,28,23,2193
20720006782000,14,7,7,687.4
20720006783000,38,20,18,1789.8
20720006810000,21,12,9,898.8
20720006811000,17,10,7,737.8
20720006815000,24,12,12,885.6
20720006816000,6,2,4,250.2
20720006817000,35,19,16,1193.5
20720006818000,7,3,4,286.3
20720006819000,7,4,3,305.2
20720006820000,10,6,4,457
20720006821000,1,1,0,0
20720006822000,12,7,5,429.6
20720006824000,14,10,4,488.6
20720006885000,44,24,20,1430
20720006886000,320,206,114,11968
20720006887000,3,1,2,0
20720006892000,34,18,16,1329.4
20720006893000,42,20,22,1621.2
20720006909000,17,10,7,868.7
20720006936000,16,11,5,756.8
20720006948000,16,9,7,646.4
20720006949000,5,1,4,168
20720006955000,16,9,7,684.8
20720006956000,5,4,1,213
20720006957000,172,81,91,6415.6
20720006958000,648,304,344,27540
20720006960000,7,3,4,156.8
20720006961000,66,36,30,2679.6
20720006962000,29,16,13,1235.4
20720006964000,4,3,1,0
20720006970000,3,1,2,0
20720006971000,6,3,3,130.2
20720006976000,16,10,6,566.4
20720006977000,32,13,19,953.6
20720006978000,29,17,12,1226.7
20720006979000,18,13,5,862.2
20720006992000,1,1,0,0
20720006993000,19,10,9,970.9
20730006457000,7,3,4,265.3
20730006459000,129,66,63,4540.8
20730006460000,146,73,73,4321.6
20730006462000,276,144,132,9052.8
20730006463000,546,304,242,14905.8
20730006464000,25,13,12,1027.5
20730006465000,22,9,13,748
20730006467000,2,1,1,0
20730006468000,2,2,0,0
20730006473000,5,3,2,255
20730006476000,11,4,7,355.3
20730006477000,5,3,2,149
20730006481000,15,10,5,483
20730006482000,21,9,12,747.6
20730006484000,2,0,2,0
20730006487000,5,2,3,134
20730006491000,3,2,1,0
20730006492000,23,13,10,883.2
20730006493000,11,6,5,492.8
20730006511000,1,1,0,0
20730006512000,3,2,1,0
20730006560000,4,2,2,0
20730006567000,9,4,5,528.3
20730006568000,3,0,3,0
20730006569000,3,2,1,0
20730006573000,98,47,51,4429.6
20730006574000,33,19,14,1386
20730006579000,13,7,6,426.4
20730006581000,5,4,1,269
20730006583000,10,6,4,336
20730006584000,14,7,7,418.6
20730006585000,41,23,18,1886
20730006586000,4,3,1,0
20730006587000,12,6,6,830.4
20730006635000,5,2,3,190
20730006650000,4,2,2,0
20730006723000,2,0,2,0
20730006770000,25,12,13,817.5
20730006773000,18,8,10,531
20730006782000,2,1,1,0
20730006783000,17,7,10,819.4
20730006799000,2,1,1,0
20730006809000,1,1,0,0
20730006810000,7,3,4,158.9
20730006811000,19,11,8,849.3
20730006812000,9,6,3,204.3
20730006814000,20,12,8,794
20730006815000,78,37,41,2308.8
20730006816000,23,14,9,1035
20730006817000,63,35,28,2545.2
20730006818000,29,13,16,1220.9
20730006819000,10,5,5,281
20730006885000,50,24,26,2145
20730006886000,25,14,11,1052.5
20730006892000,8,6,2,276.8
20730006893000,28,16,12,1134
20730006909000,16,10,6,592
20730006949000,5,3,2,262
20730006951000,1,1,0,0
20730006954000,24,11,13,1094.4
20730006955000,9,3,6,171
20730006956000,7,6,1,317.8
20730006957000,591,284,307,21039.6
20730006958000,72,43,29,2858.4
20730006961000,48,29,19,1670.4
20730006962000,13,9,4,595.4
20730006968000,35,16,19,1561
20730006969000,22,13,9,1080.2
20730006970000,14,7,7,726.6
20730006971000,33,16,17,1353
20730006975000,28,13,15,1372
20730006976000,62,30,32,2287.8
20730006979000,17,9,8,547.4
20730006981000,2,2,0,0
20740006457000,5,3,2,259
20740006458000,3,1,2,0
20740006459000,97,52,45,3307.7
20740006460000,213,105,108,6347.4
20740006461000,238,125,113,7735
20740006462000,239,117,122,9870.7
20740006463000,323,160,163,8494.9
20740006467000,2,2,0,0
20740006469000,2,2,0,0
20740006470000,4,2,2,0
20740006471000,8,3,5,340
20740006476000,5,2,3,73
20740006477000,2,1,1,0
20740006480000,5,3,2,332
20740006481000,10,5,5,264
20740006482000,19,10,9,815.1
20740006484000,23,10,13,722.2
20740006485000,3,2,1,0
20740006487000,8,4,4,300.8
20740006506000,3,1,2,0
20740006509000,2,1,1,0
20740006511000,25,11,14,865
20740006518000,21,10,11,846.3
20740006519000,1,1,0,0
20740006561000,4,3,1,0
20740006569000,1,0,1,0
20740006570000,17,11,6,783.7
20740006571000,46,23,23,1610
20740006585000,9,4,5,423.9
20740006586000,59,32,27,2501.6
20740006587000,214,104,110,8709.8
20740006588000,29,11,18,1139.7
20740006589000,7,6,1,282.1
20740006590000,27,15,12,1498.5
20740006635000,7,2,5,452.9
20740006649000,1,0,1,0
20740006650000,4,3,1,0
20740006723000,10,5,5,392
20740006774000,27,13,14,1312.2
20740006775000,2,1,1,0
20740006800000,2,1,1,0
20740006811000,2,1,1,0
20740006812000,5,2,3,352
20740006813000,9,5,4,249.3
20740006814000,118,55,63,5109.4
20740006815000,7,3,4,294.7
20740006816000,5,3,2,207
20740006843000,18,6,12,556.2
20740006844000,16,12,4,612.8
20740006845000,2,1,1,0
20740006849000,2,1,1,0
20740006884000,27,21,6,791.1
20740006885000,24,12,12,828
20740006893000,39,21,18,1333.8
20740006894000,2,0,2,0
20740006910000,1,0,1,0
20740006949000,46,24,22,1858.4
20740006955000,6,3,3,238.8
20740006956000,20,8,12,712
20740006957000,512,253,259,18432
20740006959000,37,19,18,1646.5
20740006960000,8,2,6,275.2
20740006961000,45,25,20,1503
20740006976000,250,123,127,11575
20740006977000,287,136,151,11680.9
20740006978000,37,20,17,973.1
20740006981000,12,7,5,632.4
20750006459000,27,11,16,1031.4
20750006460000,217,112,105,8788.5
20750006461000,836,416,420,30096
20750006462000,103,45,58,5675.3
20750006474000,7,3,4,401.1
20750006475000,6,1,5,235.2
20750006476000,1,0,1,0
20750006477000,19,10,9,927.2
20750006478000,15,7,8,492
20750006479000,29,15,14,1554.4
20750006480000,5,2,3,279
20750006482000,4,2,2,0
20750006485000,8,2,6,199.2
20750006486000,22,10,12,770
20750006487000,18,11,7,462.6
20750006494000,113,58,55,5096.3
20750006495000,5,3,2,189
20750006506000,12,6,6,418.8
20750006507000,3,1,2,0
20750006508000,5,4,1,110
20750006512000,2,1,1,0
20750006561000,18,10,8,824.4
20750006588000,33,18,15,1280.4
20750006589000,69,36,33,2490.9
20750006590000,48,25,23,1608
20750006635000,7,4,3,338.1
20750006645000,1,1,0,0
20750006646000,3,1,2,0
20750006649000,2,1,1,0
20750006650000,5,3,2,186
20750006721000,5,3,2,120
20750006722000,14,7,7,635.6
20750006723000,9,5,4,462.6
20750006724000,7,4,3,238
20750006774000,6,4,2,258
20750006776000,37,20,17,1761.2
20750006777000,7,5,2,426.3
20750006798000,3,2,1,0
20750006799000,3,2,1,0
20750006813000,141,68,73,4709.4
20750006814000,793,402,391,26803.4
20750006842000,5,2,3,159
20750006843000,11,7,4,486.2
20750006884000,20,12,8,690
20750006892000,6,2,4,220.2
20750006893000,14,5,9,593.6
20750006910000,185,96,89,7548
20750006911000,13,5,8,465.4
20750006928000,2,1,1,0
20750006949000,12,5,7,481.2
20750006954000,46,24,22,1467.4
20750006956000,18,7,11,682.2
20750006957000,4,2,2,0
20750006959000,24,15,9,1080
20750006960000,4,3,1,0
20750006961000,2,1,1,0
20750006964000,24,11,13,907.2
20750006978000,40,23,17,1564
20750006979000,77,38,39,2887.5
20750006980000,38,21,17,1060.2
20750006988000,3,2,1,0
20750006989000,4,1,3,0
20760006457000,2,1,1,0
20760006459000,140,72,68,4914
20760006460000,1368,674,694,55267.2
20760006461000,425,208,217,17935
20760006462000,263,122,141,14254.6
20760006469000,1,0,1,0
20760006473000,36,16,20,1443.6
20760006474000,29,15,14,1012.1
20760006479000,15,7,8,499.5
20760006480000,3,2,1,0
20760006483000,14,7,7,464.8
20760006485000,49,28,21,1548.4
20760006492000,17,7,10,562.7
20760006493000,55,31,24,1914
20760006494000,222,100,122,8413.8
20760006495000,26,13,13,1040
20760006500000,7,4,3,224
20760006506000,3,1,2,0
20760006509000,6,2,4,202.8
20760006510000,1,0,1,0
20760006516000,6,4,2,181.8
20760006517000,16,6,10,590.4
20760006589000,7,3,4,419.3
20760006590000,1,0,1,0
20760006722000,2,1,1,0
20760006777000,136,63,73,6011.2
20760006813000,853,426,427,30196.2
20760006814000,1393,662,731,58784.6
20760006815000,31,19,12,1019.9
20760006817000,4,2,2,0
20760006841000,14,8,6,680.4
20760006842000,36,23,13,1828.8
20760006892000,28,14,14,884.8
20760006894000,2,2,0,0
20760006909000,2,1,1,0
20760006910000,53,28,25,3413.2
20760006946000,24,14,10,998.4
20760006947000,54,33,21,1971
20760006948000,47,26,21,2016.3
20760006949000,17,9,8,559.3
20760006954000,56,27,29,2447.2
20760006959000,3,2,1,0
20760006961000,8,6,2,416
20760006964000,5,4,1,243
20760006973000,23,15,8,805
20760006976000,7,4,3,387.8
20760006979000,111,55,56,3951.6
20760006980000,20,9,11,944
20760006983000,11,7,4,522.5
20770006457000,9,5,4,573.3
20770006459000,521,258,263,18182.9
20770006460000,861,408,453,32545.8
20770006461000,351,170,181,13864.5
20770006462000,426,204,222,17636.4
20770006463000,36,17,19,1429.2
20770006468000,18,8,10,779.4
20770006470000,16,8,8,448
20770006471000,120,61,59,4788
20770006472000,83,45,38,3029.5
20770006473000,29,15,14,1096.2
20770006475000,17,10,7,773.5
20770006479000,6,4,2,240
20770006480000,4,1,3,0
20770006481000,5,2,3,67
20770006483000,11,3,8,559.9
20770006484000,21,8,13,655.2
20770006485000,2,1,1,0
20770006486000,20,11,9,652
20770006487000,1,1,0,0
20770006488000,5,2,3,254
20770006489000,5,1,4,111
20770006493000,4,1,3,0
20770006496000,44,22,22,1531.2
20770006497000,69,35,34,2753.1
20770006507000,5,3,2,306
20770006509000,10,5,5,269
20770006515000,3,2,1,0
20770006516000,4,2,2,0
20770006637000,1,1,0,0
20770006645000,4,2,2,0
20770006776000,10,6,4,428
20770006777000,283,135,148,10612.5
20770006778000,208,108,100,8673.6
20770006779000,174,89,85,7377.6
20770006780000,2,1,1,0
20770006782000,21,11,10,789.6
20770006811000,143,68,75,5977.4
20770006812000,177,94,83,5911.8
20770006813000,42,19,23,1827
20770006814000,429,201,228,16087.5
20770006815000,31,14,17,1410.5
20770006816000,28,15,13,1299.2
20770006840000,1,1,0,0
20770006892000,4,3,1,0
20770006893000,9,5,4,336.6
20770006894000,18,12,6,644.4
20770006908000,4,2,2,0
20770006909000,9,4,5,393.3
20770006930000,8,3,5,344
20770006952000,5,3,2,260
20770006954000,141,70,71,5104.2
20770006973000,22,11,11,963.6
20770006976000,14,8,6,645.4
20770006979000,2,1,1,0
20770006980000,40,20,20,1960
20770006981000,84,44,40,3544.8
20770006982000,47,23,24,2133.8
20770006983000,44,23,21,1975.6
20780006457000,10,6,4,460
20780006458000,1,1,0,0
20780006459000,94,48,46,3252.4
20780006460000,836,431,405,30179.6
20780006461000,49,27,22,1631.7
20780006462000,2,1,1,0
20780006463000,28,16,12,1229.2
20780006464000,23,12,11,1064.9
20780006465000,6,3,3,154.2
20780006467000,369,182,187,14391
20780006468000,729,313,416,34481.7
20780006469000,169,86,83,6320.6
20780006470000,642,321,321,23240.4
20780006471000,4,3,1,0
20780006473000,6,4,2,352.8
20780006475000,1,1,0,0
20780006477000,8,5,3,382.4
20780006479000,3,2,1,0
20780006480000,10,5,5,539
20780006481000,10,5,5,527
20780006483000,13,6,7,422.5
20780006484000,35,17,18,1298.5
20780006485000,13,8,5,543.4
20780006486000,13,8,5,487.5
20780006487000,2,0,2,0
20780006489000,2,1,1,0
20780006491000,3,1,2,0
20780006492000,1,0,1,0
20780006497000,27,14,13,1071.9
20780006506000,2,1,1,0
20780006508000,4,2,2,0
20780006511000,1,0,1,0
20780006512000,37,15,22,1457.8
20780006514000,2,1,1,0
20780006515000,32,13,19,1385.6
20780006558000,4,2,2,0
20780006559000,9,4,5,397.8
20780006561000,4,1,3,0
20780006721000,3,1,2,0
20780006749000,1,1,0,0
20780006775000,12,5,7,492
20780006776000,36,18,18,1634.4
20780006779000,8,5,3,476
20780006801000,2,1,1,0
20780006811000,247,117,130,7459.4
20780006812000,33,19,14,874.5
20780006814000,10,5,5,597
20780006815000,67,34,33,2646.5
20780006816000,69,37,32,2622
20780006880000,12,5,7,540
20780006893000,7,4,3,280
20780006894000,11,6,5,474.1
20780006902000,3,2,1,0
20780006908000,4,2,2,0
20780006913000,4,2,2,0
20780006930000,61,33,28,1799.5
20780006931000,27,13,14,1236.6
20780006933000,2,1,1,0
20780006952000,11,6,5,528
20780006953000,37,24,13,1635.4
20780006954000,482,260,222,19231.8
20780006955000,83,40,43,3187.2
20780006956000,18,8,10,858.6
20780006973000,48,30,18,2054.4
20780006974000,5,4,1,173
20780006979000,2,1,1,0
20780006980000,127,70,57,5232.4
20780006981000,16,4,12,609.6
20780006982000,28,21,7,924
20790006458000,46,22,24,2079.2
20790006459000,888,442,446,31435.2
20790006460000,36,21,15,1328.4
20790006461000,15,7,8,460.5
20790006464000,518,269,249,19373.2
20790006465000,101,54,47,3939
20790006466000,280,143,137,10500
20790006467000,114,56,58,4446
20790006468000,30,19,11,1296
20790006469000,498,270,228,16334.4
20790006470000,128,71,57,4121.6
20790006471000,4,1,3,0
20790006473000,14,9,5,280
20790006474000,11,5,6,419.1
20790006475000,8,6,2,454.4
20790006478000,6,4,2,256.8
20790006479000,26,13,13,858
20790006480000,205,106,99,7380
20790006481000,93,49,44,2557.5
20790006483000,7,4,3,254.8
20790006484000,7,4,3,478.8
20790006485000,23,15,8,1076.4
20790006487000,3,0,3,0
20790006488000,9,6,3,315.9
20790006489000,7,3,4,310.8
20790006490000,5,3,2,250
20790006491000,4,2,2,0
20790006495000,5,2,3,118
20790006499000,9,6,3,257.4
20790006500000,5,3,2,142
20790006503000,4,3,1,0
20790006504000,16,11,5,510.4
20790006505000,15,8,7,646.5
20790006506000,68,32,36,1768
20790006507000,52,27,25,2350.4
20790006508000,20,11,9,790
20790006509000,3,2,1,0
20790006511000,8,4,4,359.2
20790006512000,30,19,11,1155
20790006513000,234,121,113,6996.6
20790006514000,117,64,53,5054.4
20790006515000,14,10,4,413
20790006548000,14,9,5,379.4
20790006549000,7,5,2,326.9
20790006555000,2,1,1,0
20790006557000,14,9,5,683.2
20790006558000,25,15,10,1387.5
20790006559000,2,2,0,0
20790006560000,7,4,3,282.8
20790006561000,8,5,3,284
20790006774000,26,10,16,1177.8
20790006775000,31,17,14,1714.3
20790006777000,1,1,0,0
20790006778000,7,4,3,200.9
20790006811000,13,7,6,503.1
20790006815000,1,1,0,0
20790006816000,2,2,0,0
20790006817000,33,20,13,1607.1
20790006822000,2,1,1,0
20790006837000,2,1,1,0
20790006877000,9,5,4,385.2
20790006893000,2,0,2,0
20790006904000,6,3,3,370.8
20790006905000,12,6,6,478.8
20790006906000,40,19,21,1440
20790006907000,7,3,4,382.9
20790006908000,13,5,8,435.5
20790006913000,6,4,2,274.8
20790006924000,1,1,0,0
20790006925000,12,6,6,432
20790006926000,2,1,1,0
20790006927000,2,1,1,0
20790006928000,43,25,18,1677
20790006929000,44,24,20,1711.6
20790006930000,68,32,36,2924
20790006931000,8,4,4,383.2
20790006932000,26,12,14,1216.8
20790006940000,2,1,1,0
20790006952000,70,38,32,3381
20790006953000,37,19,18,976.8
20790006954000,403,189,214,18376.8
20790006955000,174,89,85,6646.8
20790006956000,15,9,6,730.5
20790006957000,4,3,1,0
20790006973000,43,22,21,2098.4
20790006977000,80,41,39,2656
20790006979000,2,0,2,0
20790006981000,12,5,7,375.6
20800006458000,2,2,0,0
20800006459000,76,41,35,3564.4
20800006465000,195,88,107,4738.5
20800006466000,34,18,16,1077.8
20800006467000,56,29,27,1982.4
20800006468000,2,1,1,0
20800006469000,189,95,94,6822.9
20800006470000,642,333,309,17526.6
20800006471000,14,11,3,575.4
20800006476000,4,1,3,0
20800006479000,35,24,11,1585.5
20800006480000,147,79,68,3528
20800006481000,51,21,30,1229.1
20800006482000,26,13,13,1154.4
20800006483000,54,29,25,1890
20800006484000,97,53,44,3676.3
20800006485000,8,2,6,394.4
20800006488000,4,2,2,0
20800006503000,2,1,1,0
20800006504000,10,5,5,427
20800006509000,13,9,4,386.1
20800006510000,5,3,2,291
20800006513000,73,49,24,2737.5
20800006514000,124,66,58,5778.4
20800006515000,43,22,21,1724.3
20800006516000,15,9,6,720
20800006547000,1,1,0,0
20800006553000,11,7,4,520.3
20800006773000,26,12,14,1276.6
20800006774000,11,6,5,488.4
20800006810000,62,34,28,2659.8
20800006811000,2,1,1,0
20800006817000,28,11,17,1254.4
20800006818000,22,9,13,880
20800006819000,6,3,3,264
20800006820000,1,1,0,0
20800006822000,34,17,17,1666
20800006823000,2,2,0,0
20800006891000,3,2,1,0
20800006892000,1,1,0,0
20800006904000,29,17,12,1241.2
20800006920000,6,3,3,277.2
20800006923000,7,3,4,265.3
20800006924000,3,1,2,0
20800006925000,36,20,16,1569.6
20800006926000,5,2,3,193
20800006927000,22,10,12,961.4
20800006928000,22,8,14,998.8
20800006932000,27,14,13,1582.2
20800006933000,56,31,25,2228.8
20800006934000,234,121,113,8868.6
20800006940000,8,4,4,272
20800006952000,116,61,55,4303.6
20800006953000,27,12,15,1258.2
20800006954000,172,89,83,6725.2
20800006955000,14,8,6,548.8
20800006973000,13,9,4,527.8
20800006977000,26,15,11,1115.4
20800006982000,4,2,2,0
20810006458000,1,1,0,0
20810006459000,3,2,1,0
20810006466000,85,48,37,3128
20810006467000,15,10,5,417
20810006468000,3,2,1,0
20810006470000,9,4,5,267.3
20810006471000,21,9,12,993.3
20810006473000,2,1,1,0
20810006476000,9,4,5,243.9
20810006478000,9,4,5,534.6
20810006479000,33,18,15,1468.5
20810006483000,246,127,119,8487
20810006484000,179,83,96,6032.3
20810006487000,1,1,0,0
20810006493000,1,1,0,0
20810006497000,10,5,5,465
20810006501000,5,3,2,92
20810006512000,10,6,4,339
20810006515000,26,16,10,1146.6
20810006516000,232,110,122,9465.6
20810006517000,19,9,10,649.8
20810006522000,9,7,2,434.7
20810006525000,10,6,4,327
20810006527000,8,3,5,420.8
20810006550000,12,5,7,646.8
20810006645000,41,23,18,1525.2
20810006646000,2,1,1,0
20810006810000,53,26,27,1966.3
20810006822000,104,52,52,4690.4
20810006823000,40,20,20,1772
20810006890000,7,3,4,312.2
20810006891000,24,15,9,897.6
20810006933000,4,2,2,0
20810006934000,677,341,336,25929.1
20810006935000,317,174,143,12521.5
20810006951000,37,20,17,1498.5
20810006952000,32,17,15,1433.6
20810006953000,16,7,9,419.2
20810006954000,63,26,37,2381.4
20810006968000,33,17,16,1323.3
20810006969000,12,8,4,445.2
20810006972000,16,9,7,684.8
20810006977000,10,4,6,414
20810006982000,2,1,1,0
20810006995000,19,9,10,970.9
20820006459000,42,16,26,1520.4
20820006460000,9,4,5,376.2
20820006466000,26,11,15,858
20820006473000,23,10,13,1028.1
20820006474000,3,1,2,0
20820006477000,8,4,4,376.8
20820006478000,10,5,5,521
20820006479000,2,1,1,0
20820006482000,45,25,20,1723.5
20820006483000,51,29,22,1550.4
20820006484000,4,2,2,0
20820006485000,3,1,2,0
20820006486000,1,1,0,0
20820006487000,9,3,6,384.3
20820006494000,1,0,1,0
20820006495000,4,1,3,0
20820006496000,6,2,4,288
20820006515000,14,7,7,410.2
20820006516000,983,474,509,42367.3
20820006517000,90,44,46,3393
20820006518000,10,6,4,373
20820006519000,1,0,1,0
20820006521000,10,5,5,414
20820006523000,2,1,1,0
20820006524000,12,5,7,382.8
20820006525000,51,24,27,2050.2
20820006533000,3,2,1,0
20820006534000,2,1,1,0
20820006547000,1,0,1,0
20820006553000,28,15,13,1282.4
20820006554000,6,3,3,247.8
20820006643000,2,2,0,0
20820006645000,84,39,45,3964.8
20820006646000,13,6,7,638.3
20820006807000,32,14,18,1232
20820006808000,468,222,246,18860.4
20820006809000,429,221,208,13728
20820006810000,64,32,32,2528
20820006820000,53,33,20,1325
20820006821000,191,94,97,4450.3
20820006822000,81,41,40,3564
20820006823000,86,42,44,3336.8
20820006889000,16,10,6,470.4
20820006890000,9,4,5,302.4
20820006893000,5,1,4,194
20820006894000,67,33,34,2144
20820006903000,7,3,4,356.3
20820006904000,22,7,15,994.4
20820006933000,123,64,59,4514.1
20820006934000,622,299,323,28114.4
20820006935000,160,79,81,6672
20820006950000,27,16,11,1123.2
20820006951000,30,19,11,1092
20820006961000,5,3,2,217
20820006968000,24,14,10,828
20820006969000,220,111,109,8844
20820006970000,20,10,10,1052
20820006977000,27,13,14,982.8
20820006990000,10,5,5,353
20820006991000,6,3,3,157.8
20820006994000,11,5,6,542.3
20830006460000,6,3,3,409.8
20830006461000,9,6,3,356.4
20830006464000,23,11,12,1002.8
20830006466000,471,250,221,16155.3
20830006467000,701,365,336,23553.6
20830006471000,2,0,2,0
20830006473000,23,12,11,690
20830006474000,87,46,41,2897.1
20830006475000,173,95,78,5916.6
20830006482000,1,1,0,0
20830006485000,17,10,7,581.4
20830006486000,1,1,0,0
20830006487000,14,9,5,442.4
20830006488000,27,15,12,980.1
20830006492000,4,3,1,0
20830006496000,7,3,4,153.3
20830006501000,5,3,2,264
20830006504000,3,1,2,0
20830006505000,10,3,7,267
20830006507000,5,3,2,146
20830006508000,5,3,2,168
20830006509000,4,3,1,0
20830006512000,8,4,4,220
20830006513000,15,8,7,295.5
20830006514000,10,4,6,560
20830006515000,1,0,1,0
20830006516000,290,130,160,10411
20830006517000,242,110,132,9438
20830006518000,12,8,4,396
20830006521000,27,16,11,963.9
20830006523000,4,2,2,0
20830006524000,7,3,4,328.3
20830006525000,373,194,179,15218.4
20830006526000,4,2,2,0
20830006527000,4,2,2,0
20830006543000,1,1,0,0
20830006544000,2,1,1,0
20830006545000,14,6,8,217
20830006553000,2,1,1,0
20830006554000,8,5,3,492.8
20830006555000,1,1,0,0
20830006565000,5,2,3,112
20830006644000,3,2,1,0
20830006645000,73,39,34,3029.5
20830006646000,85,42,43,3425.5
20830006773000,23,11,12,871.7
20830006807000,18,13,5,968.4
20830006808000,154,77,77,5374.6
20830006809000,32,17,15,1324.8
20830006810000,74,45,29,2752.8
20830006821000,228,117,111,7615.2
20830006822000,137,58,79,6562.3
20830006823000,180,95,85,7200
20830006824000,21,10,11,879.9
20830006889000,52,23,29,2210
20830006902000,8,5,3,414.4
20830006931000,4,2,2,0
20830006932000,136,70,66,6079.2
20830006933000,239,125,114,9894.6
20830006934000,390,202,188,16302
20830006935000,88,42,46,3713.6
20830006950000,10,6,4,628
20830006951000,81,46,35,3507.3
20830006968000,29,15,14,1342.7
20830006969000,22,10,12,939.4
20830006977000,23,13,10,1055.7
20830006982000,28,15,13,1299.2
20830006990000,58,31,27,2320
20830006991000,182,94,88,7607.6
20830006993000,40,21,19,1912
20840006461000,223,104,119,8942.3
20840006462000,1005,510,495,36682.5
20840006463000,1571,815,756,51528.8
20840006464000,2162,1047,1115,85182.8
20840006465000,1791,910,881,63580.5
20840006466000,1213,621,592,43061.5
20840006467000,1016,516,500,29159.2
20840006470000,1,0,1,0
20840006471000,529,242,287,21741.9
20840006472000,127,67,60,3873.5
20840006473000,290,155,135,10614
20840006474000,503,254,249,18963.1
20840006475000,596,311,285,20800.4
20840006488000,50,24,26,1430
20840006489000,11,5,6,545.6
20840006490000,1,0,1,0
20840006492000,2,2,0,0
20840006493000,7,3,4,240.8
20840006501000,2,0,2,0
20840006508000,4,2,2,0
20840006513000,7,4,3,249.2
20840006514000,5,4,1,340
20840006515000,8,5,3,404.8
20840006517000,62,37,25,2331.2
20840006524000,9,4,5,425.7
20840006525000,4,2,2,0
20840006528000,9,4,5,316.8
20840006529000,44,26,18,1936
20840006530000,1,1,0,0
20840006531000,3,2,1,0
20840006535000,1,1,0,0
20840006542000,109,53,56,4665.2
20840006543000,74,34,40,2967.4
20840006544000,25,15,10,1225
20840006555000,10,4,6,395
20840006645000,115,59,56,4496.5
20840006650000,2,1,1,0
20840006773000,64,39,25,2969.6
20840006806000,8,5,3,358.4
20840006807000,73,39,34,3226.6
20840006820000,21,10,11,766.5
20840006821000,108,50,58,3942
20840006822000,114,64,50,4275
20840006823000,86,39,47,3302.4
20840006825000,2,1,1,0
20840006887000,2,1,1,0
20840006888000,23,11,12,1265
20840006931000,58,32,26,2847.8
20840006932000,5,3,2,159
20840006946000,22,12,10,699.6
20840006947000,37,17,20,1420.8
20840006949000,1,1,0,0
20840006950000,3,1,2,0
20840006951000,49,24,25,2023.7
20840006958000,4,2,2,0
20840006964000,17,9,8,800.7
20840006967000,25,12,13,987.5
20840006968000,19,11,8,613.7
20840006977000,1,0,1,0
20840006982000,17,9,8,720.8
20840006983000,6,3,3,351
20840006989000,15,9,6,697.5
20840006990000,59,28,31,2354.1
20840006991000,71,34,37,3258.9
20840006992000,54,30,24,1717.2
20840006993000,3,1,2,0
20850006461000,1108,556,552,42658
20850006462000,1836,914,922,65361.6
20850006463000,1664,848,816,60736
20850006464000,2645,1258,1387,115851
20850006465000,2125,1058,1067,81175
20850006466000,2042,1012,1030,83109.4
20850006467000,1163,563,600,42914.7
20850006468000,148,73,75,5209.6
20850006469000,12,7,5,447.6
20850006470000,1,1,0,0
20850006471000,670,326,344,21172
20850006472000,162,80,82,5167.8
20850006473000,42,19,23,2016
20850006474000,118,66,52,4212.6
20850006475000,691,355,336,24737.8
20850006476000,256,125,131,9446.4
20850006477000,52,24,28,2381.6
20850006488000,70,31,39,2590
20850006489000,33,12,21,940.5
20850006490000,7,2,5,154.7
20850006493000,33,19,14,1316.7
20850006494000,30,15,15,1131
20850006495000,12,6,6,445.2
20850006499000,3,2,1,0
20850006501000,41,21,20,1410.4
20850006502000,8,4,4,298.4
20850006503000,6,2,4,186
20850006504000,2,1,1,0
20850006505000,1,1,0,0
20850006513000,7,2,5,356.3
20850006514000,23,14,9,857.9
20850006515000,32,17,15,1228.8
20850006517000,7,5,2,287
20850006518000,20,12,8,644
20850006528000,5,3,2,194
20850006529000,40,19,21,1720
20850006539000,32,15,17,1308.8
20850006540000,8,5,3,248
20850006543000,41,17,24,1635.9
20850006555000,5,3,2,284
20850006645000,27,13,14,769.5
20850006775000,4,1,3,0
20850006806000,1,1,0,0
20850006807000,15,5,10,801
20850006820000,43,17,26,2042.5
20850006821000,59,26,33,2094.5
20850006822000,7,4,3,119.7
20850006825000,13,6,7,800.8
20850006826000,3,2,1,0
20850006840000,18,11,7,829.8
20850006859000,7,2,5,300.3
20850006886000,5,4,1,327
20850006887000,26,14,12,1201.2
20850006888000,1,1,0,0
20850006890000,11,6,5,364.1
20850006929000,7,5,2,294
20850006942000,28,15,13,1262.8
20850006946000,8,5,3,290.4
20850006947000,22,10,12,930.6
20850006950000,5,2,3,313
20850006964000,68,35,33,2794.8
20850006965000,81,63,18,3523.5
20850006967000,8,4,4,259.2
20850006977000,3,2,1,0
20850006978000,7,5,2,233.1
20850006979000,2,1,1,0
20850006982000,3,1,2,0
20850006987000,2,1,1,0
20850006988000,26,12,14,1027
20850006989000,11,6,5,286
20850006990000,22,11,11,1111
20850006991000,9,7,2,284.4
20850006992000,1,1,0,0
20850006993000,9,6,3,307.8
20850006994000,31,15,16,1305.1
20860006457000,8,5,3,290.4
20860006458000,537,277,260,17291.4
20860006459000,6,3,3,139.2
20860006460000,26,9,17,959.4
20860006461000,566,281,285,24507.8
20860006462000,1517,736,781,59466.4
20860006463000,217,116,101,8289.4
20860006464000,409,223,186,15951
20860006465000,522,276,246,19157.4
20860006466000,1829,866,963,72611.3
20860006467000,1301,654,647,47616.6
20860006470000,5,4,1,300
20860006471000,15,7,8,682.5
20860006476000,33,17,16,1065.9
20860006477000,528,268,260,19166.4
20860006478000,225,119,106,8302.5
20860006479000,232,120,112,5846.4
20860006480000,46,21,25,1780.2
20860006492000,3,2,1,0
20860006493000,2,1,1,0
20860006494000,47,26,21,1673.2
20860006495000,144,71,73,4464
20860006496000,2,1,1,0
20860006497000,11,6,5,473
20860006499000,9,6,3,305.1
20860006500000,5,2,3,184
20860006501000,66,31,35,2032.8
20860006502000,101,51,50,4201.6
20860006503000,5,3,2,122
20860006504000,5,4,1,130
20860006508000,4,3,1,0
20860006517000,22,11,11,620.4
20860006518000,89,49,40,3471
20860006529000,11,7,4,465.3
20860006533000,11,4,7,426.8
20860006534000,20,9,11,1234
20860006544000,6,2,4,277.8
20860006545000,49,22,27,2327.5
20860006546000,11,4,7,805.2
20860006548000,7,3,4,298.2
20860006644000,9,4,5,233.1
20860006821000,4,3,1,0
20860006822000,6,3,3,195
20860006824000,1,0,1,0
20860006825000,29,15,14,1403.6
20860006826000,91,44,47,3403.4
20860006827000,78,42,36,2971.8
20860006828000,8,3,5,484
20860006858000,9,5,4,405.9
20860006884000,12,6,6,537.6
20860006885000,18,10,8,811.8
20860006886000,4,2,2,0
20860006889000,46,23,23,1605.4
20860006890000,5,1,4,190
20860006941000,4,1,3,0
20860006942000,506,250,256,19379.8
20860006945000,2,1,1,0
20860006946000,1,1,0,0
20860006964000,131,78,53,6209.4
20860006965000,129,64,65,5289
20860006966000,294,164,130,11230.8
20860006967000,314,162,152,12089
20860006968000,92,51,41,3312
20860006970000,47,25,22,1706.1
20860006971000,96,47,49,3062.4
20860006972000,38,20,18,1596
20860006978000,28,14,14,1394.4
20860006986000,2,1,1,0
20860006987000,36,16,20,1702.8
20860006988000,9,5,4,448.2
20860006989000,31,17,14,1398.1
20860006990000,11,6,5,495
20860006991000,18,9,9,685.8
20860006992000,19,11,8,929.1
20860006993000,28,13,15,985.6
20870006457000,67,23,44,2036.8
20870006458000,1020,490,530,40698
20870006459000,794,407,387,24772.8
20870006462000,575,284,291,18917.5
20870006466000,1701,870,831,67869.9
20870006467000,1283,609,674,49138.9
20870006468000,101,47,54,3080.5
20870006469000,538,287,251,20766.8
20870006477000,405,212,193,15025.5
20870006478000,643,325,318,23791
20870006479000,1243,638,605,43629.3
20870006480000,997,471,526,39281.8
20870006481000,98,46,52,3351.6
20870006482000,14,6,8,686
20870006490000,10,5,5,352
20870006492000,1,0,1,0
20870006498000,11,6,5,478.5
20870006500000,18,5,13,680.4
20870006501000,48,19,29,2140.8
20870006502000,65,36,29,2606.5
20870006503000,1,1,0,0
20870006504000,7,5,2,200.9
20870006505000,3,2,1,0
20870006506000,6,4,2,367.2
20870006507000,1,1,0,0
20870006508000,7,2,5,177.1
20870006509000,5,2,3,162
20870006514000,1,1,0,0
20870006515000,6,3,3,250.2
20870006517000,9,6,3,452.7
20870006534000,4,1,3,0
20870006535000,3,1,2,0
20870006545000,7,5,2,161
20870006546000,3,2,1,0
20870006644000,18,11,7,869.4
20870006649000,8,4,4,280.8
20870006800000,3,2,1,0
20870006822000,1,1,0,0
20870006823000,8,4,4,399.2
20870006825000,6,3,3,229.2
20870006826000,11,3,8,475.2
20870006827000,22,11,11,952.6
20870006828000,28,14,14,1313.2
20870006829000,10,5,5,506
20870006833000,37,17,20,1609.5
20870006835000,10,6,4,359
20870006839000,1,0,1,0
20870006858000,2,2,0,0
20870006889000,8,5,3,256.8
20870006942000,138,66,72,6803.4
20870006943000,7,3,4,261.1
20870006949000,1,1,0,0
20870006960000,2,1,1,0
20870006967000,46,23,23,1610
20870006968000,187,101,86,7349.1
20870006969000,20,10,10,740
20870006970000,11,6,5,202.4
20870006971000,60,30,30,2226
20870006972000,16,9,7,729.6
20870006978000,8,4,4,354.4
20870006983000,2,1,1,0
20870006986000,84,38,46,3183.6
20870006987000,14,8,6,561.4
20870006988000,114,56,58,4161
20870006989000,169,76,93,9075.3
20870006990000,284,142,142,11331.6
20870006991000,102,45,57,3774
20870006992000,65,35,30,2632.5
20870006993000,105,53,52,4315.5
20870006994000,11,6,5,385
20880006458000,112,58,54,4368
20880006459000,792,407,385,24631.2
20880006465000,28,13,15,1772.4
20880006466000,5322,2653,2669,251198.4
20880006467000,2196,1084,1112,84985.2
20880006468000,1118,595,523,35664.2
20880006469000,116,63,53,3793.2
20880006478000,983,518,465,29784.9
20880006479000,614,305,309,23946
20880006480000,1619,733,886,77550.1
20880006481000,971,474,497,38451.6
20880006482000,63,34,29,2866.5
20880006483000,167,91,76,5410.8
20880006486000,3,2,1,0
20880006488000,5,3,2,231
20880006489000,4,2,2,0
20880006492000,2,1,1,0
20880006494000,3,1,2,0
20880006504000,16,11,5,404.8
20880006505000,4,1,3,0
20880006506000,4,2,2,0
20880006508000,4,2,2,0
20880006509000,2,1,1,0
20880006515000,11,6,5,383.9
20880006517000,7,5,2,310.1
20880006520000,7,5,2,217
20880006820000,4,2,2,0
20880006823000,6,5,1,310.2
20880006824000,3,1,2,0
20880006826000,2,1,1,0
20880006827000,19,9,10,836
20880006828000,31,14,17,1503.5
20880006829000,33,20,13,1138.5
20880006831000,2,1,1,0
20880006832000,365,178,187,13906.5
20880006833000,126,67,59,5166
20880006841000,10,5,5,511
20880006858000,10,7,3,441
20880006889000,5,3,2,143
20880006890000,17,10,7,724.2
20880006934000,39,17,22,1903.2
20880006942000,130,63,67,4654
20880006968000,3,2,1,0
20880006969000,28,17,11,1282.4
20880006970000,13,6,7,600.6
20880006972000,7,5,2,226.8
20880006979000,7,4,3,326.9
20880006980000,10,4,6,480
20880006981000,2,1,1,0
20880006986000,17,11,6,805.8
20880006987000,194,99,95,6343.8
20880006988000,161,77,84,7357.7
20880006989000,2,1,1,0
20880006990000,46,25,21,1430.6
20880006991000,96,48,48,4473.6
20880006992000,13,7,6,549.9
20880006993000,9,5,4,583.2
20880006994000,40,25,15,1988
20890006465000,121,60,61,4634.3
20890006466000,3486,1698,1788,146063.4
20890006467000,3427,1625,1802,140164.3
20890006468000,1090,532,558,46325
20890006469000,505,252,253,16816.5
20890006470000,21,10,11,942.9
20890006471000,4,2,2,0
20890006472000,13,7,6,475.8
20890006473000,5,4,1,221
20890006477000,1,1,0,0
20890006478000,175,87,88,6247.5
20890006479000,6,3,3,154.2
20890006481000,780,411,369,22308
20890006482000,313,166,147,11111.5
20890006483000,58,29,29,2198.2
20890006484000,15,7,8,469.5
20890006487000,22,10,12,943.8
20890006488000,41,22,19,1738.4
20890006496000,6,3,3,177
20890006497000,15,7,8,661.5
20890006504000,6,5,1,216
20890006509000,14,10,4,267.4
20890006510000,5,4,1,115
20890006523000,1,1,0,0
20890006643000,5,3,2,255
20890006649000,3,2,1,0
20890006742000,2,2,0,0
20890006819000,14,6,8,618.8
20890006820000,22,9,13,789.8
20890006829000,59,32,27,2460.3
20890006830000,2,1,1,0
20890006831000,405,204,201,13729.5
20890006832000,293,138,155,13771
20890006845000,30,16,14,1458
20890006857000,19,9,10,680.2
20890006858000,1,0,1,0
20890006889000,25,13,12,995
20890006890000,17,9,8,654.5
20890006933000,47,22,25,2053.9
20890006934000,71,40,31,3053
20890006935000,6,3,3,304.8
20890006936000,7,2,5,235.2
20890006941000,19,13,6,642.2
20890006942000,15,9,6,610.5
20890006962000,2,1,1,0
20890006968000,17,8,9,741.2
20890006969000,25,14,11,1075
20890006972000,21,10,11,840
20890006990000,41,25,16,1373.5
20890006991000,20,10,10,552
20890006992000,20,10,10,758
20890006993000,8,4,4,246.4
20890006994000,19,9,10,841.7
20890007000000,87,36,51,4950.3
20890007001000,286,142,144,11211.2
20900006466000,247,127,120,7879.3
20900006467000,238,123,115,7449.4
20900006468000,1595,753,842,68106.5
20900006469000,1541,772,769,51007.1
20900006470000,900,469,431,26460
20900006471000,418,204,214,13459.6
20900006472000,607,307,300,21123.6
20900006473000,25,14,11,892.5
20900006474000,46,23,23,1692.8
20900006475000,107,60,47,3819.9
20900006476000,4,2,2,0
20900006479000,7,4,3,436.8
20900006482000,34,19,15,1332.8
20900006483000,8,5,3,268.8
20900006484000,16,9,7,504
20900006485000,131,66,65,4349.2
20900006486000,52,25,27,1773.2
20900006491000,10,4,6,339
20900006504000,11,6,5,420.2
20900006508000,11,5,6,426.8
20900006514000,5,3,2,270
20900006515000,1,0,1,0
20900006642000,6,5,1,123
20900006643000,3,3,0,0
20900006649000,5,4,1,319
20900006741000,3,1,2,0
20900006795000,4,3,1,0
20900006796000,3,2,1,0
20900006803000,1,0,1,0
20900006828000,13,7,6,586.3
20900006831000,2,1,1,0
20900006843000,2,1,1,0
20900006844000,6,4,2,229.8
20900006845000,1,1,0,0
20900006846000,6,3,3,207
20900006847000,8,6,2,276
20900006851000,5,2,3,375
20900006853000,5,3,2,304
20900006857000,80,32,48,3176
20900006889000,5,4,1,103
20900006890000,19,7,12,940.5
20900006933000,40,20,20,1676
20900006940000,9,3,6,452.7
20900006941000,9,3,6,369
20900006967000,11,6,5,348.7
20900006968000,46,22,24,1642.2
20900006969000,31,17,14,920.7
20900006972000,5,2,3,279
20900006991000,55,26,29,2002
20900006992000,38,20,18,1774.6
20900006993000,13,5,8,780
20900007000000,224,105,119,9340.8
20900007001000,205,97,108,7790
20910006463000,35,26,9,1449
20910006465000,570,295,275,22458
20910006466000,1026,513,513,40629.6
20910006467000,208,105,103,9547.2
20910006468000,170,94,76,6409
20910006469000,346,184,162,12352.2
20910006470000,297,154,143,8256.6
20910006471000,110,58,52,2761
20910006472000,950,481,469,30400
20910006473000,6,3,3,130.8
20910006475000,3,2,1,0
20910006476000,55,24,31,2326.5
20910006479000,6,2,4,195
20910006481000,18,9,9,891
20910006482000,60,31,29,1800
20910006483000,4,2,2,0
20910006484000,4,2,2,0
20910006485000,2,1,1,0
20910006486000,1,1,0,0
20910006492000,3,1,2,0
20910006494000,2,1,1,0
20910006498000,13,7,6,526.5
20910006499000,8,4,4,336.8
20910006500000,8,6,2,211.2
20910006509000,6,4,2,324
20910006511000,4,1,3,0
20910006514000,1,1,0,0
20910006517000,11,5,6,502.7
20910006518000,4,2,2,0
20910006522000,2,1,1,0
20910006612000,2,1,1,0
20910006627000,2,1,1,0
20910006642000,11,4,7,464.2
20910006649000,14,8,6,610.4
20910006796000,11,7,4,291.5
20910006797000,12,6,6,602.4
20910006798000,2,1,1,0
20910006803000,1,1,0,0
20910006817000,1,1,0,0
20910006821000,1,1,0,0
20910006825000,10,6,4,531
20910006827000,2,1,1,0
20910006844000,7,4,3,294.7
20910006848000,40,22,18,2032
20910006849000,29,15,14,1354.3
20910006850000,11,4,7,515.9
20910006851000,3,2,1,0
20910006852000,14,7,7,583.8
20910006853000,17,9,8,593.3
20910006854000,20,13,7,752
20910006855000,20,11,9,1000
20910006856000,14,8,6,425.6
20910006859000,2,1,1,0
20910006860000,12,6,6,496.8
20910006921000,9,5,4,518.4
20910006922000,9,6,3,339.3
20910006924000,3,0,3,0
20910006932000,1,1,0,0
20910006937000,14,7,7,442.4
20910006939000,8,3,5,352.8
20910006940000,27,14,13,1061.1
20910006967000,2,0,2,0
20910006968000,29,13,16,1081.7
20910006969000,7,2,5,301
20910006970000,6,4,2,234
20910006981000,25,12,13,1275
20910006982000,6,2,4,220.2
20910006983000,113,59,54,4418.3
20910006985000,167,88,79,5394.1
20910006986000,319,165,154,9857.1
20910006987000,12,6,6,566.4
20910006988000,11,4,7,374
20910006999000,31,16,15,1435.3
20910007000000,48,23,25,2068.8
20910007002000,33,17,16,1415.7
20910007003000,7,4,3,198.8
20920006462000,7,4,3,224.7
20920006463000,181,86,95,4181.1
20920006464000,1223,611,612,37301.5
20920006465000,1315,661,654,47866
20920006466000,1767,876,891,60254.7
20920006467000,1434,701,733,50763.6
20920006472000,1,0,1,0
20920006476000,5,4,1,248
20920006477000,34,21,13,1251.2
20920006478000,5,3,2,136
20920006479000,9,4,5,280.8
20920006480000,4,2,2,0
20920006483000,44,30,14,1306.8
20920006485000,57,36,21,1875.3
20920006488000,23,17,6,588.8
20920006489000,17,8,9,676.6
20920006498000,36,18,18,1411.2
20920006503000,4,2,2,0
20920006506000,3,2,1,0
20920006509000,5,2,3,172
20920006514000,12,7,5,360
20920006523000,1,0,1,0
20920006612000,8,6,2,182.4
20920006613000,4,3,1,0
20920006641000,22,11,11,1148.4
20920006648000,21,11,10,1035.3
20920006649000,2,1,1,0
20920006766000,1,1,0,0
20920006797000,15,8,7,531
20920006803000,3,2,1,0
20920006816000,1,1,0,0
20920006829000,77,38,39,2587.2
20920006830000,2,1,1,0
20920006854000,2,1,1,0
20920006855000,15,8,7,925.5
20920006860000,1,1,0,0
20920006890000,4,1,3,0
20920006891000,9,6,3,519.3
20920006910000,3,2,1,0
20920006911000,4,3,1,0
20920006912000,8,4,4,458.4
20920006913000,1,0,1,0
20920006918000,7,5,2,294
20920006919000,22,11,11,565.4
20920006920000,30,19,11,1488
20920006921000,4,3,1,0
20920006922000,10,4,6,339
20920006923000,13,7,6,582.4
20920006924000,10,5,5,277
20920006925000,27,13,14,1198.8
20920006927000,2,1,1,0
20920006932000,8,5,3,342.4
20920006940000,6,4,2,340.8
20920006967000,10,5,5,396
20920006968000,2,1,1,0
20920006969000,43,21,22,1732.9
20920006970000,4,2,2,0
20920006980000,23,12,11,897
20920006981000,23,16,7,993.6
20920006983000,44,23,21,1425.6
20920006984000,35,19,16,2005.5
20920006985000,119,56,63,4081.7
20920006986000,152,73,79,4484
20920006987000,173,94,79,4844
20920006988000,50,26,24,1460
20920006997000,24,11,13,753.6
20920006998000,34,19,15,1587.8
20920006999000,92,50,42,3919.2
20920007000000,50,25,25,2155
20920007001000,7,4,3,272.3
20920007002000,125,72,53,4850
20920007003000,33,19,14,1326.6
20930006462000,9,4,5,375.3
20930006463000,1580,800,780,54984
20930006464000,954,469,485,26330.4
20930006465000,255,135,120,7038
20930006466000,288,143,145,10080
20930006467000,455,232,223,16107
20930006468000,666,308,358,30969
20930006469000,752,361,391,27598.4
20930006470000,185,103,82,6826.5
20930006471000,180,90,90,10890
20930006472000,4,4,0,0
20930006478000,16,12,4,750.4
20930006480000,22,9,13,908.6
20930006483000,3,2,1,0
20930006485000,11,4,7,484
20930006488000,2,1,1,0
20930006489000,18,9,9,851.4
20930006490000,3,2,1,0
20930006491000,3,2,1,0
20930006492000,11,5,6,432.3
20930006493000,4,3,1,0
20930006495000,4,2,2,0
20930006496000,6,3,3,277.2
20930006497000,3,2,1,0
20930006520000,2,2,0,0
20930006521000,1,0,1,0
20930006593000,2,0,2,0
20930006624000,17,9,8,780.3
20930006630000,6,4,2,216
20930006632000,3,1,2,0
20930006641000,51,25,26,2407.2
20930006647000,10,7,3,354
20930006798000,1,1,0,0
20930006803000,14,7,7,516.6
20930006818000,2,1,1,0
20930006824000,4,3,1,0
20930006825000,8,4,4,328.8
20930006830000,15,8,7,669
20930006909000,127,64,63,4838.7
20930006925000,10,6,4,443
20930006926000,29,17,12,1731.3
20930006927000,31,14,17,1348.5
20930006940000,2,1,1,0
20930006962000,12,7,5,704.4
20930006967000,4,2,2,0
20930006969000,381,198,183,12496.8
20930006970000,2,1,1,0
20930006980000,11,4,7,704
20930006981000,2,1,1,0
20930006986000,8,4,4,219.2
20930006987000,152,82,70,5791.2
20930006992000,57,29,28,1983.6
20930006993000,4,2,2,0
20930006995000,5,2,3,170
20930006996000,26,11,15,1133.6
20930006997000,75,40,35,2512.5
20930006998000,32,15,17,1385.6
20930006999000,23,12,11,1104
20930007000000,5,4,1,237
20930007001000,17,9,8,729.3
20930007002000,5,2,3,341
20930007003000,53,27,26,2708.3
20940006460000,7,3,4,235.9
20940006461000,51,28,23,1769.7
20940006462000,114,64,50,4183.8
20940006463000,61,31,30,2257
20940006464000,66,34,32,2541
20940006465000,37,19,18,1454.1
20940006466000,36,18,18,1382.4
20940006467000,13,6,7,520
20940006468000,1493,735,758,54643.8
20940006469000,1291,643,648,43894
20940006470000,664,340,324,25431.2
20940006471000,77,39,38,3026.1
20940006472000,35,15,20,1526
20940006473000,22,11,11,1003.2
20940006474000,120,61,59,3852
20940006478000,2,1,1,0
20940006479000,24,10,14,1156.8
20940006480000,21,10,11,753.9
20940006481000,12,7,5,555.6
20940006482000,20,10,10,598
20940006485000,40,23,17,1524
20940006488000,1,1,0,0
20940006489000,25,14,11,727.5
20940006490000,12,5,7,258
20940006491000,5,3,2,205
20940006493000,7,4,3,399
20940006494000,12,8,4,400.8
20940006495000,4,1,3,0
20940006496000,14,9,5,593.6
20940006504000,5,2,3,319
20940006568000,3,2,1,0
20940006611000,1,1,0,0
20940006614000,14,5,9,509.6
20940006615000,3,2,1,0
20940006616000,3,2,1,0
20940006621000,1,1,0,0
20940006622000,25,14,11,1045
20940006623000,4,2,2,0
20940006624000,23,9,14,995.9
20940006625000,32,14,18,1398.4
20940006626000,2,1,1,0
20940006627000,6,3,3,262.2
20940006628000,2,1,1,0
20940006629000,3,1,2,0
20940006630000,4,3,1,0
20940006631000,10,5,5,494
20940006632000,9,6,3,513
20940006633000,16,8,8,817.6
20940006634000,27,12,15,1239.3
20940006640000,19,10,9,803.7
20940006641000,5,2,3,80
20940006647000,5,3,2,278
20940006797000,17,4,13,935
20940006824000,3,2,1,0
20940006825000,7,3,4,347.9
20940006826000,5,4,1,179
20940006827000,2,1,1,0
20940006830000,20,11,9,826
20940006831000,88,49,39,3176.8
20940006861000,10,6,4,343
20940006907000,4,3,1,0
20940006908000,24,10,14,1243.2
20940006909000,59,32,27,1864.4
20940006926000,5,3,2,195
20940006927000,132,68,64,5610
20940006928000,2,1,1,0
20940006941000,5,3,2,163
20940006954000,24,15,9,981.6
20940006955000,39,17,22,2141.1
20940006957000,41,23,18,1344.8
20940006962000,4,3,1,0
20940006963000,27,15,12,1152.9
20940006966000,3,2,1,0
20940006967000,619,304,315,23336.3
20940006968000,286,136,150,15215.2
20940006969000,340,171,169,12818
20940006970000,218,113,105,7826.2
20940006971000,11,5,6,420.2
20940006980000,194,93,101,7313.8
20940006985000,7,4,3,310.1
20940006986000,7,5,2,221.9
20940006987000,24,15,9,996
20940006990000,18,10,8,460.8
20940006991000,22,10,12,624.8
20940006992000,12,3,9,393.6
20940006993000,117,55,62,4282.2
20940006994000,11,6,5,662.2
20940006995000,49,24,25,2018.8
20940006996000,43,23,20,1685.6
20940006997000,11,7,4,455.4
20940007002000,2,1,1,0
20940007003000,6,4,2,168
20940007004000,3,2,1,0
20950006461000,4,3,1,0
20950006462000,48,26,22,1833.6
20950006463000,36,22,14,1202.4
20950006464000,73,39,34,2912.7
20950006465000,42,21,21,1936.2
20950006466000,30,15,15,1098
20950006472000,93,45,48,3803.7
20950006473000,133,65,68,5067.3
20950006474000,680,343,337,22644
20950006475000,47,25,22,1626.2
20950006479000,8,4,4,423.2
20950006481000,4,2,2,0
20950006484000,10,4,6,243
20950006489000,5,3,2,282
20950006495000,20,16,4,654
20950006496000,104,52,52,3806.4
20950006501000,15,7,8,442.5
20950006503000,5,2,3,333
20950006508000,16,8,8,516.8
20950006580000,1,1,0,0
20950006588000,9,5,4,403.2
20950006611000,2,1,1,0
20950006612000,1,0,1,0
20950006613000,2,1,1,0
20950006614000,5,4,1,137
20950006615000,33,20,13,1313.4
20950006630000,10,6,4,368
20950006631000,10,5,5,475
20950006635000,9,5,4,424.8
20950006636000,14,6,8,494.2
20950006637000,9,6,3,447.3
20950006638000,14,6,8,672
20950006646000,5,3,2,182
20950006793000,8,6,2,480.8
20950006794000,6,3,3,145.8
20950006796000,205,101,104,8282
20950006797000,349,177,172,14343.9
20950006805000,1,0,1,0
20950006828000,1,1,0,0
20950006829000,1,1,0,0
20950006831000,39,19,20,1466.4
20950006906000,15,8,7,496.5
20950006907000,2,1,1,0
20950006926000,3,2,1,0
20950006941000,1,0,1,0
20950006954000,38,21,17,1903.8
20950006955000,23,12,11,876.3
20950006956000,58,32,26,2691.2
20950006957000,157,74,83,7206.3
20950006958000,25,13,12,1345
20950006959000,31,15,16,1088.1
20950006960000,12,7,5,753.6
20950006961000,21,12,9,840
20950006962000,28,15,13,1097.6
20950006963000,165,94,71,6649.5
20950006964000,32,18,14,1360
20950006965000,49,25,24,1817.9
20950006966000,42,20,22,2007.6
20950006967000,121,58,63,5069.9
20950006968000,241,108,133,13086.3
20950006969000,133,65,68,5612.6
20950006970000,19,8,11,507.3
20950006980000,45,22,23,2245.5
20950006981000,138,77,61,6582.6
20950006985000,28,14,14,786.8
20950006986000,33,17,16,1326.6
20950006990000,27,16,11,1158.3
20950006992000,213,102,111,7795.8
20950006993000,85,38,47,3850.5
20950006994000,1,1,0,0
20950007004000,92,50,42,4259.6
20950007005000,11,6,5,596.2
20960006461000,56,31,25,2128
20960006462000,26,15,11,1092
20960006463000,18,11,7,729
20960006464000,2,1,1,0
20960006465000,10,5,5,454
20960006466000,28,15,13,1075.2
20960006468000,2,2,0,0
20960006472000,5,3,2,180
20960006473000,27,16,11,1188
20960006474000,147,66,81,6776.7
20960006475000,363,195,168,12922.8
20960006480000,5,3,2,292
20960006484000,31,15,16,1016.8
20960006490000,7,4,3,193.9
20960006495000,34,16,18,1183.2
20960006496000,2,1,1,0
20960006497000,13,6,7,621.4
20960006498000,4,2,2,0
20960006499000,15,8,7,352.5
20960006502000,2,1,1,0
20960006509000,2,2,0,0
20960006514000,6,4,2,333
20960006567000,2,1,1,0
20960006568000,4,3,1,0
20960006611000,2,1,1,0
20960006615000,7,4,3,291.2
20960006630000,15,7,8,631.5
20960006631000,11,5,6,440
20960006638000,5,3,2,328
20960006639000,13,7,6,786.5
20960006640000,1,0,1,0
20960006791000,2,1,1,0
20960006792000,59,31,28,2666.8
20960006793000,14,6,8,539
20960006794000,29,16,13,1229.6
20960006795000,13,8,5,595.4
20960006797000,416,191,225,18803.2
20960006829000,2,1,1,0
20960006831000,27,12,15,839.7
20960006832000,31,15,16,1125.3
20960006833000,3,2,1,0
20960006925000,1,0,1,0
20960006926000,3,3,0,0
20960006930000,4,1,3,0
20960006941000,3,1,2,0
20960006952000,6,3,3,226.8
20960006953000,25,15,10,720
20960006954000,25,13,12,1122.5
20960006955000,23,13,10,1285.7
20960006956000,19,10,9,744.8
20960006957000,7,3,4,209.3
20960006959000,11,6,5,733.7
20960006960000,15,8,7,682.5
20960006961000,32,15,17,1014.4
20960006964000,2,1,1,0
20960006965000,19,11,8,803.7
20960006966000,15,7,8,624
20960006980000,517,241,276,21300.4
20960006981000,669,343,326,27429
20960006986000,16,8,8,668.8
20960006987000,8,5,3,384.8
20960006988000,12,7,5,369.6
20960006990000,71,32,39,2726.4
20960006991000,6,3,3,397.2
20960006992000,175,84,91,5197.5
20960006994000,11,6,5,606.1
20960006996000,3,1,2,0
20960006997000,10,6,4,398
20960007004000,6,3,3,360
20960007005000,38,20,18,1387
20970006461000,3,2,1,0
20970006463000,13,6,7,583.7
20970006464000,25,15,10,1010
20970006465000,12,5,7,441.6
20970006466000,2,1,1,0
20970006467000,2,1,1,0
20970006468000,8,4,4,328.8
20970006469000,2,1,1,0
20970006474000,12,6,6,418.8
20970006475000,36,17,19,1328.4
20970006476000,158,71,87,5656.4
20970006480000,1,1,0,0
20970006484000,28,12,16,697.2
20970006485000,16,8,8,336
20970006490000,1,1,0,0
20970006493000,5,3,2,190
20970006494000,10,5,5,498
20970006497000,6,3,3,351
20970006498000,3,1,2,0
20970006499000,4,1,3,0
20970006506000,8,5,3,328
20970006509000,14,9,5,295.4
20970006514000,13,6,7,514.8
20970006567000,10,5,5,344
20970006588000,15,10,5,649.5
20970006594000,5,3,2,145
20970006597000,1,1,0,0
20970006614000,3,2,1,0
20970006630000,30,12,18,1329
20970006631000,19,11,8,649.8
20970006645000,10,5,5,486
20970006791000,35,18,17,1680
20970006792000,4,3,1,0
20970006795000,31,14,17,1475.6
20970006796000,31,18,13,1326.8
20970006797000,148,81,67,5239.2
20970006832000,9,4,5,455.4
20970006833000,21,10,11,882
20970006834000,61,34,27,2787.7
20970006835000,18,8,10,642.6
20970006839000,1,1,0,0
20970006840000,3,2,1,0
20970006925000,42,20,22,1503.6
20970006926000,75,36,39,3435
20970006927000,1,0,1,0
20970006930000,48,23,25,1780.8
20970006931000,11,5,6,535.7
20970006941000,4,3,1,0
20970006942000,1,1,0,0
20970006952000,25,13,12,915
20970006959000,17,7,10,632.4
20970006960000,58,27,31,2331.6
20970006961000,83,38,45,3701.8
20970006962000,48,25,23,1809.6
20970006963000,26,14,12,967.2
20970006964000,10,3,7,331
20970006965000,19,8,11,497.8
20970006966000,89,48,41,4022.8
20970006967000,88,43,45,4232.8
20970006968000,10,7,3,486
20970006980000,382,192,190,16731.6
20970006981000,161,78,83,5940.9
20970006988000,22,10,12,721.6
20970006989000,145,64,81,5568
20970006990000,12,8,4,364.8
20970006992000,4,2,2,0
20970006993000,86,44,42,3457.2
20970006994000,23,15,8,1145.4
20970006995000,7,2,5,235.2
20970006997000,5,4,1,115
20970006998000,12,6,6,567.6
20970007000000,1,1,0,0
20970007002000,11,8,3,328.9
20970007005000,2,1,1,0
20970007006000,36,21,15,1432.8
20980006463000,17,9,8,880.6
20980006464000,21,11,10,858.9
20980006465000,4,2,2,0
20980006466000,2,1,1,0
20980006467000,11,6,5,644.6
20980006469000,2,1,1,0
20980006470000,1,1,0,0
20980006476000,51,25,26,2034.9
20980006477000,44,27,17,1707.2
20980006478000,8,2,6,215.2
20980006494000,13,6,7,430.3
20980006497000,3,1,2,0
20980006498000,15,7,8,744
20980006499000,4,2,2,0
20980006500000,6,4,2,328.8
20980006503000,4,2,2,0
20980006504000,3,1,2,0
20980006508000,2,1,1,0
20980006509000,4,3,1,0
20980006514000,10,6,4,333
20980006578000,4,3,1,0
20980006587000,1,1,0,0
20980006614000,5,2,3,123
20980006628000,5,3,2,281
20980006630000,39,23,16,1778.4
20980006631000,1,1,0,0
20980006644000,19,7,12,703
20980006645000,5,4,1,196
20980006659000,1,0,1,0
20980006791000,28,15,13,1106
20980006830000,4,2,2,0
20980006835000,192,88,104,10156.8
20980006836000,31,19,12,1153.2
20980006837000,21,9,12,686.7
20980006838000,7,3,4,303.1
20980006924000,6,3,3,430.8
20980006925000,14,6,8,768.6
20980006931000,176,77,99,6459.2
20980006932000,54,26,28,2559.6
20980006940000,3,2,1,0
20980006943000,2,1,1,0
20980006967000,81,38,43,3645
20980006968000,54,28,26,1906.2
20980006980000,715,329,386,30387.5
20980006981000,848,391,457,37312
20980006989000,72,35,37,3117.6
20980006993000,44,22,22,1856.8
20980006999000,19,9,10,1056.4
20980007000000,17,9,8,508.3
20980007001000,9,5,4,270.9
20980007002000,3,2,1,0
20980007005000,9,4,5,362.7
20980007006000,54,29,25,1690.2
20990006465000,17,12,5,583.1
20990006466000,34,17,17,1652.4
20990006467000,29,14,15,1560.2
20990006468000,4,2,2,0
20990006476000,33,16,17,1072.5
20990006477000,97,49,48,3947.9
20990006478000,96,43,53,3532.8
20990006479000,10,5,5,335
20990006480000,18,9,9,721.8
20990006500000,5,2,3,122
20990006501000,4,3,1,0
20990006504000,2,1,1,0
20990006505000,5,1,4,119
20990006507000,15,7,8,568.5
20990006508000,41,22,19,1599
20990006546000,5,1,4,169
20990006575000,1,1,0,0
20990006576000,1,1,0,0
20990006577000,1,1,0,0
20990006587000,4,2,2,0
20990006610000,2,1,1,0
20990006611000,9,6,3,401.4
20990006621000,1,1,0,0
20990006628000,9,6,3,396.9
20990006629000,32,18,14,1564.8
20990006630000,33,20,13,1217.7
20990006637000,14,8,6,751.8
20990006642000,2,1,1,0
20990006790000,17,9,8,688.5
20990006791000,40,23,17,1460
20990006809000,1,1,0,0
20990006811000,1,0,1,0
20990006831000,1,0,1,0
20990006832000,10,6,4,381
20990006835000,22,13,9,891
20990006836000,6,3,3,297
20990006931000,162,71,91,8634.6
20990006932000,27,11,16,958.5
20990006933000,12,8,4,399.6
20990006980000,1237,625,612,52943.6
20990006981000,1005,492,513,39597
20990006989000,30,17,13,1056
20990006993000,178,96,82,6817.4
20990006995000,4,2,2,0
20990007000000,18,8,10,712.8
20990007001000,33,19,14,983.4
20990007002000,10,5,5,294
20990007004000,32,18,14,1190.4
20990007005000,99,57,42,4009.5
20990007006000,2,1,1,0
21000006461000,13,7,6,718.9
21000006462000,47,20,27,2166.7
21000006463000,84,39,45,3351.6
21000006464000,61,30,31,1878.8
21000006465000,42,20,22,1953
21000006466000,2,1,1,0
21000006467000,15,7,8,708
21000006468000,3,1,2,0
21000006469000,23,14,9,669.3
21000006479000,30,17,13,897
21000006480000,61,31,30,2397.3
21000006481000,95,55,40,3467.5
21000006483000,21,11,10,640.5
21000006489000,1,1,0,0
21000006491000,9,6,3,199.8
21000006500000,1,1,0,0
21000006501000,4,3,1,0
21000006502000,7,4,3,265.3
21000006506000,9,4,5,356.4
21000006507000,24,11,13,688.8
21000006508000,6,3,3,160.8
21000006515000,5,3,2,144
21000006606000,3,1,2,0
21000006610000,3,2,1,0
21000006611000,10,4,6,316
21000006613000,8,4,4,326.4
21000006614000,10,5,5,514
21000006622000,3,2,1,0
21000006626000,26,8,18,1133.6
21000006627000,9,3,6,426.6
21000006637000,8,4,4,346.4
21000006640000,1,0,1,0
21000006790000,41,22,19,1730.2
21000006791000,12,7,5,519.6
21000006809000,7,4,3,342.3
21000006812000,2,1,1,0
21000006832000,4,2,2,0
21000006833000,5,2,3,348
21000006836000,8,5,3,416
21000006930000,30,16,14,1290
21000006931000,6,4,2,268.8
21000006932000,11,8,3,634.7
21000006933000,16,8,8,580.8
21000006966000,2,1,1,0
21000006967000,5,2,3,159
21000006980000,1074,534,540,46933.8
21000006981000,2240,1091,1149,94528
21000006986000,7,3,4,268.1
21000006988000,96,50,46,3945.6
21000006989000,25,13,12,840
21000006993000,387,190,197,15015.6
21000006994000,40,22,18,1712
21000007001000,4,2,2,0
21000007003000,18,10,8,482.4
21000007004000,11,6,5,334.4
21000007005000,131,72,59,5004.2
21000007006000,69,34,35,2697.9
21000007007000,36,19,17,1418.4
21000007008000,11,6,5,259.6
21010006462000,16,8,8,644.8
21010006463000,24,13,11,1149.6
21010006464000,55,28,27,2260.5
21010006465000,127,64,63,4902.2
21010006466000,93,48,45,3059.7
21010006467000,66,35,31,2838
21010006468000,5,2,3,123
21010006469000,3,0,3,0
21010006470000,13,8,5,508.3
21010006471000,7,3,4,340.2
21010006472000,1,1,0,0
21010006477000,1,1,0,0
21010006478000,1,0,1,0
21010006479000,2,1,1,0
21010006481000,10,5,5,599
21010006482000,5,3,2,318
21010006483000,111,59,52,3740.7
21010006484000,100,49,51,3040
21010006485000,12,6,6,426
21010006490000,2,1,1,0
21010006491000,5,3,2,202
21010006513000,8,6,2,304
21010006515000,2,2,0,0
21010006523000,14,6,8,567
21010006542000,1,1,0,0
21010006575000,13,9,4,390
21010006576000,2,2,0,0
21010006586000,6,4,2,124.2
21010006593000,3,2,1,0
21010006595000,1,1,0,0
21010006606000,2,1,1,0
21010006607000,2,1,1,0
21010006608000,5,3,2,185
21010006610000,30,16,14,1317
21010006611000,77,39,38,2810.5
21010006615000,5,3,2,78
21010006620000,5,4,1,221
21010006625000,5,2,3,255
21010006640000,16,8,8,406.4
21010006789000,16,9,7,872
21010006790000,52,27,25,2236
21010006812000,4,3,1,0
21010006835000,1,1,0,0
21010006836000,5,1,4,62
21010006930000,7,4,3,298.2
21010006931000,14,8,6,656.6
21010006932000,28,15,13,1279.6
21010006933000,37,18,19,1387.5
21010006966000,16,6,10,764.8
21010006980000,463,238,225,19955.3
21010006981000,2039,1018,1021,78501.5
21010006982000,591,295,296,15957
21010006987000,42,23,19,1684.2
21010006988000,7,4,3,331.8
21010006993000,471,208,263,21618.9
21010006994000,3,2,1,0
21010006995000,7,3,4,258.3
21010006996000,5,3,2,281
21010006997000,4,1,3,0
21010006998000,6,4,2,118.2
21010007003000,6,3,3,121.2
21010007004000,11,6,5,533.5
21010007005000,18,10,8,599.4
21010007007000,6,3,3,304.2
21020006463000,45,26,19,1539
21020006464000,33,17,16,2032.8
21020006465000,38,19,19,1759.4
21020006466000,7,3,4,389.9
21020006467000,175,95,80,6055
21020006468000,47,25,22,2143.2
21020006469000,21,8,13,816.9
21020006470000,18,13,5,741.6
21020006476000,10,5,5,407
21020006478000,11,6,5,426.8
21020006484000,18,8,10,649.8
21020006485000,44,22,22,1254
21020006486000,37,19,18,1087.8
21020006490000,1,1,0,0
21020006491000,2,1,1,0
21020006493000,16,8,8,720
21020006494000,6,3,3,271.2
21020006513000,12,5,7,351.6
21020006514000,5,3,2,129
21020006515000,3,2,1,0
21020006523000,7,4,3,230.3
21020006532000,7,3,4,314.3
21020006541000,9,5,4,440.1
21020006542000,13,5,8,572
21020006543000,12,5,7,367.2
21020006576000,21,13,8,747.6
21020006578000,6,3,3,145.8
21020006579000,2,2,0,0
21020006580000,3,2,1,0
21020006587000,8,5,3,422.4
21020006588000,11,3,8,305.8
21020006603000,1,0,1,0
21020006604000,2,1,1,0
21020006606000,9,4,5,506.7
21020006608000,24,14,10,1120.8
21020006609000,1,1,0,0
21020006610000,191,104,87,7315.3
21020006611000,86,41,45,2915.4
21020006614000,5,2,3,143
21020006615000,2,1,1,0
21020006616000,13,6,7,559
21020006617000,9,6,3,404.1
21020006619000,3,1,2,0
21020006620000,5,4,1,278
21020006623000,16,6,10,516.8
21020006624000,2,1,1,0
21020006625000,22,12,10,710.6
21020006640000,8,4,4,174.4
21020006789000,43,24,19,1707.1
21020006790000,146,73,73,5285.2
21020006836000,8,6,2,568
21020006930000,86,42,44,3242.2
21020006931000,15,8,7,708
21020006932000,1,1,0,0
21020006933000,33,16,17,1560.9
21020006964000,8,5,3,302.4
21020006965000,23,10,13,1058
21020006966000,39,21,18,1404
21020006971000,1,1,0,0
21020006980000,415,212,203,17222.5
21020006981000,1771,890,881,75090.4
21020006982000,520,262,258,16432
21020006987000,26,11,15,1055.6
21020006989000,12,5,7,453.6
21020006990000,1,0,1,0
21020006991000,20,10,10,788
21020006992000,49,23,26,1470
21020006993000,283,140,143,11631.3
21020006994000,1059,516,543,38547.6
21020006998000,13,9,4,510.9
21020007002000,11,6,5,528
21020007003000,19,13,6,712.5
21020007004000,3,1,2,0
21020007006000,29,15,14,1252.8
21020007007000,31,16,15,1320.6
21030006464000,4,3,1,0
21030006466000,57,31,26,2280
21030006467000,166,81,85,7071.6
21030006468000,35,17,18,1372
21030006469000,20,12,8,774
21030006470000,11,6,5,552.2
21030006471000,44,24,20,1927.2
21030006472000,61,35,26,2348.5
21030006475000,8,6,2,340.8
21030006482000,39,17,22,1376.7
21030006483000,6,1,5,120
21030006484000,134,65,69,4515.8
21030006485000,493,241,252,19374.9
21030006486000,51,28,23,1698.3
21030006490000,20,9,11,618
21030006491000,5,3,2,192
21030006502000,3,1,2,0
21030006503000,1,1,0,0
21030006520000,1,1,0,0
21030006522000,7,3,4,368.9
21030006523000,37,24,13,1650.2
21030006524000,4,3,1,0
21030006556000,2,0,2,0
21030006573000,8,3,5,280.8
21030006574000,3,1,2,0
21030006575000,8,5,3,360.8
21030006576000,1,1,0,0
21030006577000,5,4,1,163
21030006580000,1,1,0,0
21030006587000,9,4,5,366.3
21030006588000,9,3,6,448.2
21030006603000,5,3,2,142
21030006605000,10,6,4,457
21030006606000,4,3,1,0
21030006608000,34,17,17,1309
21030006609000,21,9,12,913.5
21030006610000,347,166,181,15823.2
21030006611000,5,2,3,304
21030006612000,5,2,3,98
21030006618000,2,1,1,0
21030006619000,6,3,3,303
21030006621000,3,2,1,0
21030006622000,7,3,4,282.1
21030006623000,13,6,7,581.1
21030006624000,64,32,32,2412.8
21030006625000,22,11,11,974.6
21030006640000,4,2,2,0
21030006675000,3,1,2,0
21030006722000,1,0,1,0
21030006789000,19,9,10,769.5
21030006790000,3,1,2,0
21030006806000,64,38,26,2816
21030006931000,3,2,1,0
21030006933000,9,3,6,343.8
21030006934000,33,21,12,1257.3
21030006964000,3,2,1,0
21030006965000,18,8,10,583.2
21030006966000,3,2,1,0
21030006967000,1,1,0,0
21030006980000,244,136,108,9955.2
21030006981000,2100,1000,1100,96390
21030006982000,726,352,374,24901.8
21030006987000,14,7,7,603.4
21030006988000,33,15,18,1372.8
21030006989000,29,17,12,1267.3
21030006990000,11,5,6,454.3
21030006991000,43,23,20,1741.5
21030006993000,94,48,46,3431
21030006994000,65,32,33,1501.5
21030006998000,15,8,7,520.5
21030006999000,7,3,4,230.3
21030007002000,7,5,2,387.8
21030007003000,9,2,7,250.2
21030007004000,17,10,7,552.5
21030007005000,24,15,9,919.2
21030007006000,87,43,44,3323.4
21030007007000,186,82,104,9486
21030007008000,43,22,21,1806
21030007009000,7,5,2,345.1
21040006466000,17,7,10,754.8
21040006468000,22,13,9,1100
21040006469000,9,3,6,341.1
21040006470000,12,8,4,540
21040006471000,11,5,6,427.9
21040006472000,8,4,4,246.4
21040006482000,43,17,26,1599.6
21040006483000,141,71,70,3426.3
21040006484000,631,331,300,20318.2
21040006485000,1172,576,596,48403.6
21040006486000,128,66,62,4800
21040006487000,19,7,12,708.7
21040006500000,1,1,0,0
21040006504000,13,6,7,435.5
21040006515000,5,4,1,178
21040006526000,1,1,0,0
21040006573000,19,11,8,851.2
21040006578000,19,11,8,577.6
21040006583000,5,4,1,296
21040006586000,8,4,4,263.2
21040006587000,1,0,1,0
21040006589000,4,1,3,0
21040006590000,3,2,1,0
21040006591000,4,2,2,0
21040006592000,5,3,2,209
21040006593000,8,3,5,328.8
21040006601000,9,4,5,405
21040006602000,110,53,57,4664
21040006603000,2,0,2,0
21040006604000,9,6,3,497.7
21040006605000,7,3,4,340.9
21040006606000,38,24,14,1740.4
21040006607000,27,11,16,1020.6
21040006609000,6,4,2,211.2
21040006610000,117,52,65,5697.9
21040006611000,14,8,6,676.2
21040006612000,12,7,5,475.2
21040006613000,5,4,1,173
21040006619000,5,3,2,209
21040006621000,5,3,2,93
21040006623000,13,6,7,400.4
21040006624000,318,134,184,14691.6
21040006625000,262,138,124,9798.8
21040006629000,6,3,3,220.2
21040006632000,4,3,1,0
21040006633000,4,2,2,0
21040006634000,1,1,0,0
21040006635000,6,2,4,232.2
21040006636000,4,2,2,0
21040006637000,4,3,1,0
21040006640000,10,5,5,383
21040006674000,2,1,1,0
21040006791000,5,3,2,338
21040006806000,29,17,12,1003.4
21040006839000,9,5,4,460.8
21040006934000,102,54,48,3457.8
21040006935000,7,4,3,135.1
21040006964000,10,5,5,275
21040006965000,70,42,28,2772
21040006966000,9,5,4,369.9
21040006970000,1,1,0,0
21040006980000,51,30,21,2330.7
21040006981000,453,217,236,17395.2
21040006982000,698,347,351,24499.8
21040006986000,17,10,7,685.1
21040006987000,73,37,36,2277.6
21040006988000,23,10,13,998.2
21040006989000,32,15,17,1456
21040006990000,25,13,12,1155
21040006991000,58,26,32,2122.8
21040006992000,21,10,11,1043.7
21040006993000,58,31,27,2540.4
21040006998000,7,3,4,147
21040007000000,2,1,1,0
21040007001000,2,2,0,0
21040007002000,11,4,7,366.3
21040007003000,37,21,16,1117.4
21040007004000,32,14,18,1148.8
21040007005000,26,13,13,1227.2
21040007008000,11,7,4,452.1
21050006468000,9,6,3,350.1
21050006469000,76,40,36,2492.8
21050006470000,1,1,0,0
21050006471000,10,6,4,355
21050006472000,55,31,24,2106.5
21050006477000,5,3,2,128
21050006482000,2,1,1,0
21050006483000,1,1,0,0
21050006484000,5,3,2,95
21050006485000,5,2,3,96
21050006487000,26,14,12,704.6
21050006488000,16,9,7,516.8
21050006489000,4,2,2,0
21050006492000,5,3,2,101
21050006498000,4,3,1,0
21050006506000,7,3,4,252
21050006578000,18,8,10,768.6
21050006579000,108,53,55,3844.8
21050006580000,89,42,47,3809.2
21050006581000,147,64,83,6600.3
21050006582000,54,29,25,2905.2
21050006583000,2,2,0,0
21050006584000,3,2,1,0
21050006586000,11,4,7,304.7
21050006587000,13,6,7,409.5
21050006588000,7,3,4,266.7
21050006589000,8,4,4,364.8
21050006590000,9,5,4,360
21050006592000,17,7,10,656.2
21050006602000,10,5,5,713
21050006603000,2,1,1,0
21050006604000,2,1,1,0
21050006611000,2,1,1,0
21050006612000,35,18,17,1417.5
21050006620000,2,1,1,0
21050006623000,42,22,20,1675.8
21050006624000,39,17,22,1279.2
21050006625000,48,21,27,1896
21050006626000,6,3,3,393
21050006629000,10,6,4,531
21050006630000,2,1,1,0
21050006634000,1,1,0,0
21050006635000,12,7,5,640.8
21050006640000,10,8,2,279
21050006674000,1,1,0,0
21050006790000,2,1,1,0
21050006791000,8,5,3,356
21050006812000,42,22,20,1898.4
21050006934000,40,20,20,1576
21050006964000,8,5,3,288.8
21050006965000,69,32,37,3098.1
21050006969000,3,2,1,0
21050006970000,10,8,2,358
21050006972000,2,1,1,0
21050006973000,6,3,3,337.8
21050006979000,5,2,3,247
21050006981000,334,177,157,12324.6
21050006982000,12,6,6,516
21050006986000,39,23,16,1583.4
21050006987000,41,18,23,1730.2
21050006988000,269,129,140,9737.8
21050006989000,157,77,80,5463.6
21050006990000,46,26,20,1812.4
21050006991000,329,175,154,12633.6
21050006992000,41,20,21,1230
21050006993000,16,9,7,652.8
21050006999000,18,11,7,880.2
21050007000000,7,5,2,343
21050007001000,3,2,1,0
21050007002000,32,19,13,1126.4
21050007003000,4,2,2,0
21050007008000,28,14,14,1265.6
21060006468000,16,8,8,713.6
21060006469000,21,9,12,714
21060006470000,3,1,2,0
21060006472000,17,9,8,996.2
21060006473000,10,5,5,563
21060006474000,4,2,2,0
21060006478000,4,2,2,0
21060006480000,26,13,13,793
21060006481000,4,2,2,0
21060006485000,4,2,2,0
21060006486000,38,18,20,1387
21060006487000,24,10,14,864
21060006488000,11,6,5,463.1
21060006490000,6,4,2,280.8
21060006491000,33,20,13,1455.3
21060006493000,4,2,2,0
21060006499000,2,0,2,0
21060006506000,7,4,3,172.2
21060006507000,1,1,0,0
21060006508000,6,4,2,256.2
21060006515000,2,1,1,0
21060006519000,8,5,3,212.8
21060006538000,21,15,6,835.8
21060006572000,4,3,1,0
21060006575000,9,6,3,422.1
21060006579000,4,1,3,0
21060006580000,12,4,8,573.6
21060006581000,123,62,61,4981.5
21060006582000,16,9,7,457.6
21060006583000,12,7,5,424.8
21060006584000,17,8,9,569.5
21060006585000,15,7,8,607.5
21060006586000,44,26,18,1575.2
21060006587000,16,10,6,462.4
21060006588000,4,2,2,0
21060006590000,3,2,1,0
21060006591000,13,7,6,634.4
21060006592000,31,12,19,1410.5
21060006602000,15,9,6,739.5
21060006603000,2,1,1,0
21060006604000,2,1,1,0
21060006628000,14,8,6,512.4
21060006630000,12,6,6,507.6
21060006631000,8,5,3,388
21060006640000,14,9,5,565.6
21060006641000,16,9,7,604.8
21060006790000,3,2,1,0
21060006811000,76,44,32,3784.8
21060006812000,350,193,157,12390
21060006813000,27,16,11,972
21060006838000,2,1,1,0
21060006839000,64,36,28,2880
21060006840000,47,28,19,2025.7
21060006922000,69,38,31,3381
21060006923000,26,11,15,1287
21060006934000,17,11,6,635.8
21060006935000,18,10,8,588.6
21060006953000,10,5,5,409
21060006954000,6,2,4,271.2
21060006964000,36,22,14,1731.6
21060006965000,102,53,49,3355.8
21060006970000,6,3,3,373.2
21060006972000,18,8,10,871.2
21060006973000,7,3,4,296.1
21060006978000,86,39,47,2666
21060006979000,20,11,9,894
21060006981000,718,361,357,22401.6
21060006982000,179,91,88,4152.8
21060006983000,10,4,6,312
21060006986000,5,2,3,222
21060006990000,16,9,7,468.8
21060006992000,9,5,4,304.2
21060006993000,12,5,7,420
21060006999000,3,3,0,0
21060007000000,8,4,4,368.8
21060007001000,4,3,1,0
21060007008000,58,33,25,2488.2
21060007009000,17,9,8,970.7
21070006468000,11,6,5,700.7
21070006469000,15,9,6,672
21070006472000,73,38,35,3577
21070006473000,7,4,3,275.1
21070006478000,36,19,17,921.6
21070006479000,28,16,12,870.8
21070006480000,7,3,4,415.8
21070006483000,8,3,5,284.8
21070006485000,10,6,4,237
21070006486000,12,5,7,433.2
21070006488000,6,4,2,150
21070006489000,1,0,1,0
21070006496000,1,0,1,0
21070006499000,18,7,11,626.4
21070006502000,11,5,6,338.8
21070006504000,1,1,0,0
21070006536000,6,3,3,358.8
21070006574000,7,3,4,366.8
21070006575000,2,1,1,0
21070006592000,9,5,4,525.6
21070006593000,4,2,2,0
21070006594000,4,3,1,0
21070006631000,3,1,2,0
21070006632000,3,3,0,0
21070006634000,3,2,1,0
21070006636000,4,2,2,0
21070006637000,14,7,7,525
21070006640000,49,30,19,2033.5
21070006641000,55,29,26,2293.5
21070006839000,10,5,5,716
21070006840000,86,47,39,3569
21070006841000,5,3,2,106
21070006842000,6,3,3,262.8
21070006844000,11,5,6,323.4
21070006919000,2,1,1,0
21070006920000,2,1,1,0
21070006953000,3,2,1,0
21070006954000,23,13,10,1124.7
21070006963000,16,10,6,630.4
21070006964000,5,3,2,261
21070006969000,14,6,8,530.6
21070006970000,68,34,34,2203.2
21070006978000,248,127,121,6919.2
21070006979000,25,16,9,942.5
21070006981000,56,30,26,2363.2
21070006984000,2,2,0,0
21070006990000,17,7,10,708.9
21070006992000,23,11,12,747.5
21070006993000,13,8,5,496.6
21070007007000,24,15,9,1068
21070007008000,35,21,14,1312.5
21070007009000,14,9,5,520.8
21080006469000,3,2,1,0
21080006474000,40,16,24,1580
21080006475000,59,27,32,2200.7
21080006476000,2,1,1,0
21080006478000,8,4,4,323.2
21080006479000,19,10,9,490.2
21080006485000,1,1,0,0
21080006487000,4,2,2,0
21080006488000,8,4,4,238.4
21080006489000,8,3,5,255.2
21080006490000,5,1,4,212
21080006494000,22,12,10,734.8
21080006495000,20,12,8,618
21080006500000,10,5,5,447
21080006501000,8,3,5,202.4
21080006510000,2,1,1,0
21080006522000,14,9,5,656.6
21080006527000,2,1,1,0
21080006536000,4,1,3,0
21080006537000,9,5,4,548.1
21080006591000,2,2,0,0
21080006592000,13,6,7,490.1
21080006593000,2,2,0,0
21080006594000,2,1,1,0
21080006596000,2,1,1,0
21080006634000,12,6,6,543.6
21080006635000,27,14,13,1225.8
21080006636000,32,17,15,1280
21080006637000,18,8,10,678.6
21080006638000,53,27,26,2045.8
21080006639000,53,27,26,1992.8
21080006640000,17,10,7,919.7
21080006659000,4,2,2,0
21080006671000,4,2,2,0
21080006729000,8,5,3,306.4
21080006791000,1,1,0,0
21080006810000,29,16,13,1563.1
21080006811000,385,205,180,15592.5
21080006845000,6,3,3,303
21080006934000,5,3,2,296
21080006935000,24,9,15,820.8
21080006954000,16,7,9,566.4
21080006955000,13,3,10,635.7
21080006961000,5,2,3,101
21080006962000,12,8,4,513.6
21080006963000,2,1,1,0
21080006970000,6,5,1,355.2
21080006971000,6,4,2,214.8
21080006978000,46,24,22,1679
21080006979000,36,22,14,1292.4
21080006981000,88,46,42,3625.6
21080006982000,13,8,5,460.2
21080006990000,13,8,5,409.5
21080006999000,3,1,2,0
21080007000000,5,3,2,94
21080007003000,2,1,1,0
21080007007000,12,6,6,396
21080007008000,7,4,3,193.2
21090006469000,56,22,34,2273.6
21090006470000,45,27,18,2106
21090006471000,4,2,2,0
21090006472000,35,17,18,969.5
21090006473000,16,8,8,694.4
21090006474000,137,66,71,4384
21090006475000,8,4,4,279.2
21090006477000,6,2,4,213
21090006478000,1,1,0,0
21090006481000,3,2,1,0
21090006483000,2,1,1,0
21090006486000,10,6,4,282
21090006490000,5,3,2,104
21090006495000,9,7,2,363.6
21090006496000,4,2,2,0
21090006499000,5,3,2,82
21090006503000,4,1,3,0
21090006522000,7,4,3,240.8
21090006536000,8,4,4,514.4
21090006537000,3,2,1,0
21090006553000,10,5,5,471
21090006554000,1,1,0,0
21090006594000,9,4,5,252
21090006595000,36,20,16,1936.8
21090006596000,1,0,1,0
21090006601000,6,3,3,205.2
21090006613000,3,2,1,0
21090006634000,5,3,2,250
21090006636000,6,4,2,328.8
21090006637000,240,109,131,8616
21090006638000,181,82,99,7439.1
21090006639000,6,3,3,136.8
21090006789000,4,2,2,0
21090006810000,56,27,29,2727.2
21090006811000,887,458,429,39471.5
21090006919000,2,1,1,0
21090006934000,9,4,5,352.8
21090006955000,52,24,28,1903.2
21090006970000,11,5,6,514.8
21090006974000,5,3,2,329
21090006975000,2,1,1,0
21090006978000,6,4,2,199.8
21090006981000,52,31,21,1950
21090006982000,10,5,5,419
21090006985000,5,4,1,242
21090006986000,11,8,3,440
21090006987000,1,1,0,0
21090006999000,1,1,0,0
21090007000000,17,9,8,649.4
21090007002000,5,3,2,91
21090007008000,12,5,7,417.6
21090007009000,96,49,47,3820.8
21100006470000,24,13,11,1197.6
21100006471000,76,33,43,2910.8
21100006472000,81,44,37,2964.6
21100006473000,15,7,8,697.5
21100006474000,1009,495,514,37938.4
21100006475000,887,452,435,30956.3
21100006476000,98,58,40,3871
21100006477000,39,24,15,1599
21100006483000,10,6,4,376
21100006487000,1,1,0,0
21100006498000,3,2,1,0
21100006499000,6,3,3,100.8
21100006503000,1,0,1,0
21100006518000,54,29,25,2111.4
21100006524000,2,1,1,0
21100006533000,6,3,3,331.2
21100006546000,1,0,1,0
21100006595000,37,17,20,1428.2
21100006596000,36,16,20,1598.4
21100006599000,13,9,4,409.5
21100006602000,8,3,5,250.4
21100006606000,11,6,5,369.6
21100006609000,3,2,1,0
21100006610000,4,2,2,0
21100006613000,7,4,3,226.8
21100006614000,12,6,6,495.6
21100006634000,4,2,2,0
21100006637000,50,20,30,2150
21100006638000,30,15,15,1446
21100006653000,6,1,5,115.2
21100006751000,2,1,1,0
21100006789000,11,6,5,509.3
21100006811000,102,53,49,4539
21100006839000,19,11,8,932.9
21100006933000,9,3,6,374.4
21100006934000,7,4,3,394.8
21100006955000,208,108,100,7966.4
21100006956000,25,15,10,635
21100006959000,1,1,0,0
21100006970000,10,5,5,484
21100006974000,33,19,14,1455.3
21100006975000,14,7,7,562.8
21100006979000,6,2,4,271.2
21100006981000,79,48,31,3073.1
21100006982000,59,33,26,2483.9
21100006999000,1,0,1,0
21100007000000,21,13,8,680.4
21100007001000,46,20,26,1389.2
21100007004000,4,1,3,0
21100007005000,57,28,29,1875.3
21100007006000,28,18,10,884.8
21100007007000,46,23,23,1665.2
21100007008000,64,34,30,3008
21100007009000,95,51,44,3287
21110006470000,1,1,0,0
21110006471000,7,4,3,448
21110006472000,12,7,5,530.4
21110006473000,1,1,0,0
21110006474000,511,263,248,20184.5
21110006475000,1770,862,908,79119
21110006476000,956,460,496,39100.4
21110006477000,29,15,14,1197.7
21110006486000,23,12,11,777.4
21110006487000,15,11,4,615
21110006489000,2,2,0,0
21110006498000,14,7,7,544.6
21110006499000,17,9,8,584.8
21110006500000,2,1,1,0
21110006507000,4,1,3,0
21110006518000,2,1,1,0
21110006519000,5,3,2,180
21110006520000,2,1,1,0
21110006546000,6,3,3,301.2
21110006547000,4,2,2,0
21110006548000,5,3,2,213
21110006599000,16,7,9,736
21110006600000,20,12,8,964
21110006602000,33,20,13,1211.1
21110006603000,5,2,3,333
21110006604000,9,4,5,332.1
21110006609000,4,0,4,0
21110006610000,3,2,1,0
21110006613000,3,1,2,0
21110006614000,5,4,1,252
21110006637000,41,22,19,1734.3
21110006638000,1,1,0,0
21110006663000,6,3,3,316.2
21110006789000,3,2,1,0
21110006839000,15,7,8,982.5
21110006840000,38,21,17,1489.6
21110006841000,6,2,4,306
21110006955000,101,52,49,4383.4
21110006956000,179,91,88,8574.1
21110006957000,6,3,3,196.2
21110006974000,10,5,5,476
21110006978000,21,11,10,1115.1
21110006979000,15,8,7,745.5
21110006981000,10,5,5,342
21110006982000,32,17,15,1267.2
21110006995000,8,1,7,227.2
21110006999000,6,2,4,135
21110007000000,3,2,1,0
21110007001000,30,21,9,1137
21110007002000,31,17,14,1016.8
21110007005000,37,23,14,1554
21110007006000,7,2,5,310.8
21110007007000,35,19,16,1204
21110007008000,19,11,8,792.3
21110007009000,8,3,5,368.8
21120006475000,290,155,135,11455
21120006476000,588,292,296,21520.8
21120006477000,87,38,49,2905.8
21120006486000,1,0,1,0
21120006489000,2,1,1,0
21120006498000,2,1,1,0
21120006500000,2,2,0,0
21120006502000,8,6,2,299.2
21120006504000,6,3,3,148.8
21120006505000,56,30,26,1982.4
21120006506000,15,5,10,606
21120006513000,11,8,3,456.5
21120006519000,2,1,1,0
21120006520000,2,2,0,0
21120006527000,5,3,2,149
21120006547000,3,2,1,0
21120006548000,2,2,0,0
21120006559000,5,3,2,299
21120006568000,5,2,3,146
21120006600000,24,14,10,1514.4
21120006603000,5,3,2,346
21120006609000,5,3,2,334
21120006610000,31,14,17,1131.5
21120006612000,3,2,1,0
21120006625000,14,6,8,497
21120006635000,2,1,1,0
21120006636000,6,4,2,270
21120006637000,48,26,22,2030.4
21120006638000,6,3,3,199.8
21120006788000,13,6,7,561.6
21120006789000,19,13,6,934.8
21120006790000,26,13,13,949
21120006791000,5,3,2,190
21120006840000,7,5,2,364
21120006842000,2,1,1,0
21120006933000,4,2,2,0
21120006956000,17,8,9,734.4
21120006974000,277,129,148,10858.4
21120006977000,136,73,63,3984.8
21120006978000,17,9,8,950.3
21120006979000,32,17,15,1177.6
21120006982000,35,17,18,1281
21120006995000,2,1,1,0
21120006996000,24,13,11,880.8
21120006997000,9,4,5,263.7
21120006999000,41,20,21,1664.6
21120007000000,5,3,2,259
21120007001000,4,2,2,0
21120007002000,14,8,6,579.6
21120007003000,34,17,17,1431.4
21120007004000,45,26,19,1494
21120007005000,19,12,7,822.7
21130006473000,1,1,0,0
21130006474000,1,1,0,0
21130006475000,9,4,5,438.3
21130006476000,224,117,107,6944
21130006477000,268,134,134,8870.8
21130006478000,37,18,19,1217.3
21130006481000,18,8,10,498.6
21130006486000,3,1,2,0
21130006493000,8,3,5,372.8
21130006494000,3,2,1,0
21130006499000,4,3,1,0
21130006505000,36,23,13,1170
21130006506000,113,56,57,4565.2
21130006507000,23,11,12,952.2
21130006513000,7,4,3,261.8
21130006518000,2,1,1,0
21130006519000,6,4,2,300
21130006522000,4,2,2,0
21130006526000,11,4,7,468.6
21130006543000,1,1,0,0
21130006545000,1,0,1,0
21130006560000,4,3,1,0
21130006567000,1,1,0,0
21130006568000,3,1,2,0
21130006599000,2,1,1,0
21130006604000,2,1,1,0
21130006605000,2,1,1,0
21130006607000,78,36,42,3447.6
21130006608000,47,22,25,2143.2
21130006609000,27,14,13,1182.6
21130006613000,1,1,0,0
21130006614000,23,11,12,841.8
21130006615000,7,4,3,277.2
21130006616000,1,0,1,0
21130006617000,14,8,6,544.6
21130006618000,2,1,1,0
21130006620000,6,4,2,348
21130006621000,14,9,5,287
21130006625000,7,2,5,224
21130006635000,6,2,4,196.2
21130006636000,5,2,3,185
21130006650000,4,2,2,0
21130006656000,2,0,2,0
21130006657000,1,1,0,0
21130006664000,3,1,2,0
21130006791000,4,3,1,0
21130006792000,4,1,3,0
21130006818000,27,14,13,1088.1
21130006820000,10,6,4,462
21130006821000,10,4,6,421
21130006843000,7,5,2,102.2
21130006844000,11,5,6,371.8
21130006946000,8,3,5,348.8
21130006947000,2,1,1,0
21130006955000,3,2,1,0
21130006956000,18,12,6,642.6
21130006962000,6,2,4,289.2
21130006965000,2,1,1,0
21130006966000,9,4,5,384.3
21130006973000,18,10,8,644.4
21130006974000,223,113,110,8072.6
21130006976000,112,61,51,4435.2
21130006977000,279,135,144,9653.4
21130006978000,128,59,69,5120
21130006982000,32,17,15,1238.4
21130006995000,14,7,7,513.8
21130006996000,75,39,36,2775
21130006997000,10,7,3,465
21130006999000,10,4,6,326
21130007003000,13,5,8,549.9
21130007004000,147,81,66,5571.3
21130007005000,4,3,1,0
21130007006000,5,3,2,314
21130007007000,4,3,1,0
21140006475000,19,9,10,687.8
21140006476000,35,21,14,1190
21140006477000,55,26,29,1738
21140006478000,292,142,150,7592
21140006479000,17,9,8,537.2
21140006480000,14,7,7,544.6
21140006489000,6,4,2,288
21140006490000,1,1,0,0
21140006492000,1,0,1,0
21140006495000,4,1,3,0
21140006526000,5,3,2,311
21140006527000,52,27,25,1814.8
21140006544000,16,8,8,635.2
21140006545000,13,7,6,625.3
21140006559000,4,2,2,0
21140006560000,23,12,11,979.8
21140006561000,3,1,2,0
21140006566000,6,4,2,307.2
21140006598000,4,2,2,0
21140006599000,1,1,0,0
21140006604000,6,4,2,202.8
21140006608000,11,6,5,328.9
21140006609000,4,3,1,0
21140006613000,1,1,0,0
21140006615000,121,61,60,5118.3
21140006616000,12,6,6,699.6
21140006620000,1,1,0,0
21140006621000,6,4,2,109.8
21140006622000,2,1,1,0
21140006623000,24,14,10,777.6
21140006624000,13,7,6,417.3
21140006625000,13,7,6,731.9
21140006642000,6,2,4,180
21140006651000,2,1,1,0
21140006652000,2,1,1,0
21140006653000,1,1,0,0
21140006792000,35,18,17,1368.5
21140006811000,2,1,1,0
21140006817000,14,8,6,767.2
21140006818000,1661,799,862,75243.3
21140006819000,2,1,1,0
21140006839000,1,0,1,0
21140006844000,12,7,5,525.6
21140006897000,1,1,0,0
21140006934000,10,6,4,287
21140006955000,6,3,3,211.8
21140006956000,26,16,10,949
21140006961000,4,2,2,0
21140006962000,37,19,18,1376.4
21140006965000,5,3,2,341
21140006966000,21,9,12,735
21140006967000,13,8,5,717.6
21140006973000,73,35,38,3175.5
21140006974000,24,11,13,667.2
21140006977000,2,2,0,0
21140006980000,12,5,7,454.8
21140006982000,24,13,11,931.2
21140006995000,34,16,18,1281.8
21140006996000,191,100,91,6398.5
21140006998000,9,5,4,362.7
21140006999000,4,2,2,0
21140007003000,54,25,29,2489.4
21140007004000,7,4,3,359.1
21140007005000,9,5,4,282.6
21140007006000,1,1,0,0
21140007007000,7,4,3,375.9
21140007008000,7,3,4,191.8
21150006476000,7,4,3,270.2
21150006477000,11,7,4,427.9
21150006478000,4,2,2,0
21150006479000,17,9,8,583.1
21150006480000,15,10,5,504
21150006485000,5,2,3,131
21150006491000,7,3,4,228.2
21150006493000,1,1,0,0
21150006495000,2,1,1,0
21150006496000,2,1,1,0
21150006502000,1,1,0,0
21150006511000,14,9,5,680.4
21150006517000,19,9,10,820.8
21150006523000,2,1,1,0
21150006525000,12,5,7,433.2
21150006526000,5,4,1,242
21150006527000,28,11,17,929.6
21150006528000,16,8,8,441.6
21150006543000,15,8,7,733.5
21150006544000,3,1,2,0
21150006558000,2,1,1,0
21150006559000,8,5,3,259.2
21150006598000,4,2,2,0
21150006599000,4,2,2,0
21150006606000,5,2,3,240
21150006607000,3,1,2,0
21150006615000,50,20,30,2320
21150006616000,5,4,1,157
21150006617000,2,1,1,0
21150006618000,3,2,1,0
21150006621000,4,2,2,0
21150006622000,17,9,8,537.2
21150006623000,34,16,18,1428
21150006624000,21,11,10,863.1
21150006625000,8,5,3,344
21150006629000,5,2,3,279
21150006635000,2,1,1,0
21150006636000,10,6,4,353
21150006642000,1,0,1,0
21150006644000,3,2,1,0
21150006647000,1,0,1,0
21150006648000,5,4,1,192
21150006650000,3,1,2,0
21150006657000,1,0,1,0
21150006792000,10,3,7,229
21150006793000,19,13,6,773.3
21150006794000,8,6,2,311.2
21150006818000,876,462,414,37230
21150006819000,31,21,10,1339.2
21150006846000,9,4,5,335.7
21150006897000,3,2,1,0
21150006933000,5,2,3,289
21150006936000,2,1,1,0
21150006949000,3,2,1,0
21150006955000,22,11,11,708.4
21150006956000,20,11,9,918
21150006961000,41,20,21,1299.7
21150006962000,41,24,17,1722
21150006963000,5,3,2,197
21150006965000,2,1,1,0
21150006966000,42,25,17,1995
21150006967000,43,18,25,1535.1
21150006973000,27,15,12,982.8
21150006974000,20,14,6,646
21150006982000,55,29,26,2211
21150006983000,7,3,4,210
21150006990000,6,3,3,301.8
21150006994000,3,1,2,0
21150006995000,4,2,2,0
21150006996000,18,11,7,709.2
21150006997000,28,17,11,1408.4
21150006998000,31,15,16,1255.5
21150006999000,23,8,15,816.5
21150007002000,18,8,10,624.6
21150007003000,108,52,56,3931.2
21150007005000,12,4,8,318
21150007007000,14,8,6,604.8
21150007008000,54,27,27,2154.6
21150007010000,5,2,3,111
21160006476000,10,5,5,645
21160006477000,2,1,1,0
21160006478000,47,29,18,1818.9
21160006479000,5,3,2,79
21160006483000,10,5,5,400
21160006484000,47,24,23,1818.9
21160006485000,48,27,21,1713.6
21160006487000,1,0,1,0
21160006492000,7,5,2,154
21160006494000,8,3,5,312
21160006497000,11,6,5,438.9
21160006498000,4,3,1,0
21160006502000,2,1,1,0
21160006505000,1,0,1,0
21160006515000,2,1,1,0
21160006516000,15,8,7,597
21160006521000,17,7,10,569.5
21160006522000,3,3,0,0
21160006523000,10,3,7,238
21160006525000,3,2,1,0
21160006526000,2,2,0,0
21160006527000,4,1,3,0
21160006528000,2,1,1,0
21160006541000,12,7,5,624
21160006542000,23,9,14,772.8
21160006543000,3,3,0,0
21160006544000,1,1,0,0
21160006598000,2,1,1,0
21160006599000,2,1,1,0
21160006614000,2,1,1,0
21160006620000,2,2,0,0
21160006623000,25,12,13,592.5
21160006624000,3,1,2,0
21160006628000,14,7,7,477.4
21160006629000,23,12,11,747.5
21160006631000,2,2,0,0
21160006632000,7,5,2,174.3
21160006633000,6,3,3,193.8
21160006635000,5,2,3,226
21160006642000,1,0,1,0
21160006647000,7,3,4,261.8
21160006792000,8,5,3,396
21160006793000,14,9,5,683.2
21160006794000,27,12,15,1374.3
21160006818000,137,92,45,5904.7
21160006819000,335,168,167,14036.5
21160006846000,1,1,0,0
21160006897000,3,2,1,0
21160006949000,23,14,9,1058
21160006950000,9,4,5,393.3
21160006951000,30,15,15,1032
21160006952000,12,7,5,470.4
21160006953000,2,1,1,0
21160006961000,8,3,5,364
21160006962000,4,2,2,0
21160006966000,7,3,4,378
21160006967000,4,1,3,0
21160006968000,27,15,12,1306.8
21160006969000,36,18,18,1062
21160006970000,154,76,78,6129.2
21160006973000,17,8,9,695.3
21160006982000,13,9,4,410.8
21160006983000,36,22,14,1710
21160006994000,29,18,11,1023.7
21160006995000,12,6,6,501.6
21160006997000,49,29,20,1421
21160006998000,577,283,294,26945.9
21160006999000,467,226,241,16345
21160007000000,20,9,11,676
21160007001000,77,43,34,2956.8
21160007002000,31,15,16,1122.2
21160007004000,13,8,5,572
21160007005000,35,19,16,1452.5
21160007008000,203,110,93,7003.5
21160007009000,15,9,6,601.5
21160007011000,11,6,5,387.2
21160007012000,13,8,5,535.6
21160007013000,69,37,32,3201.6
21170006476000,35,16,19,1407
21170006477000,39,18,21,1786.2
21170006478000,31,14,17,1190.4
21170006482000,1,0,1,0
21170006483000,8,6,2,292
21170006484000,35,21,14,1337
21170006485000,97,50,47,3492
21170006486000,12,4,8,495.6
21170006490000,12,6,6,291.6
21170006491000,7,3,4,121.1
21170006492000,1,1,0,0
21170006501000,4,2,2,0
21170006503000,8,5,3,386.4
21170006505000,17,11,6,656.2
21170006507000,16,6,10,686.4
21170006514000,40,22,18,1924
21170006515000,3,1,2,0
21170006519000,9,5,4,404.1
21170006523000,10,5,5,312
21170006528000,2,2,0,0
21170006541000,7,4,3,287.7
21170006551000,1,1,0,0
21170006597000,3,1,2,0
21170006613000,1,0,1,0
21170006614000,8,3,5,387.2
21170006624000,4,2,2,0
21170006627000,3,1,2,0
21170006628000,2,1,1,0
21170006629000,1,1,0,0
21170006630000,16,8,8,576
21170006633000,6,3,3,324
21170006634000,4,2,2,0
21170006643000,11,4,7,316.8
21170006656000,2,1,1,0
21170006657000,2,1,1,0
21170006727000,3,1,2,0
21170006745000,1,0,1,0
21170006746000,7,3,4,401.8
21170006791000,19,12,7,811.3
21170006792000,11,6,5,493.9
21170006819000,141,76,65,5061.9
21170006950000,5,3,2,295
21170006951000,210,109,101,8337
21170006952000,68,36,32,2482
21170006953000,4,2,2,0
21170006958000,9,6,3,425.7
21170006959000,2,1,1,0
21170006960000,8,4,4,351.2
21170006961000,25,10,15,1085
21170006962000,5,4,1,272
21170006964000,9,5,4,279
21170006965000,8,4,4,402.4
21170006966000,31,17,14,1419.8
21170006970000,14,3,11,1177.4
21170006979000,6,2,4,244.2
21170006980000,9,5,4,322.2
21170006981000,3,2,1,0
21170006983000,132,64,68,5570.4
21170006995000,10,6,4,268
21170006996000,11,6,5,517
21170006998000,50,24,26,2935
21170006999000,197,102,95,7505.7
21170007000000,34,18,16,1098.2
21170007004000,40,18,22,1484
21170007005000,16,10,6,748.8
21170007008000,13,7,6,557.7
21170007009000,176,93,83,7744
21170007011000,41,24,17,1763
21170007013000,21,11,10,840
21180006476000,7,4,3,256.2
21180006477000,12,7,5,774
21180006478000,17,10,7,491.3
21180006479000,7,3,4,303.1
21180006481000,12,4,8,484.8
21180006482000,24,10,14,1063.2
21180006483000,15,8,7,547.5
21180006484000,11,7,4,467.5
21180006485000,39,20,19,1466.4
21180006486000,7,5,2,137.2
21180006490000,3,2,1,0
21180006492000,5,2,3,174
21180006499000,1,1,0,0
21180006500000,1,1,0,0
21180006502000,2,1,1,0
21180006504000,4,2,2,0
21180006505000,17,7,10,557.6
21180006506000,5,3,2,72
21180006514000,2,1,1,0
21180006519000,1,1,0,0
21180006520000,2,1,1,0
21180006523000,6,3,3,301.8
21180006525000,2,1,1,0
21180006527000,8,4,4,236
21180006537000,1,1,0,0
21180006539000,4,3,1,0
21180006551000,6,3,3,189
21180006596000,2,2,0,0
21180006597000,2,1,1,0
21180006599000,2,1,1,0
21180006614000,18,9,9,730.8
21180006615000,10,6,4,465
21180006626000,8,3,5,411.2
21180006627000,15,6,9,366
21180006643000,12,6,6,678
21180006646000,3,1,2,0
21180006653000,5,3,2,211
21180006726000,2,2,0,0
21180006727000,18,11,7,889.2
21180006744000,12,7,5,405.6
21180006745000,8,4,4,344
21180006791000,6,5,1,238.8
21180006820000,166,84,82,4880.4
21180006952000,26,14,12,1014
21180006958000,45,25,20,1696.5
21180006959000,1,1,0,0
21180006960000,17,8,9,800.7
21180006961000,5,2,3,79
21180006963000,3,2,1,0
21180006964000,13,6,7,699.4
21180006965000,4,3,1,0
21180006970000,5,2,3,237
21180006971000,12,5,7,348
21180006973000,3,2,1,0
21180006980000,82,36,46,3255.4
21180006981000,54,34,20,1506.6
21180006983000,220,114,106,8470
21180006984000,108,62,46,4600.8
21180006995000,10,5,5,515
21180006996000,26,14,12,949
21180006997000,3,1,2,0
21180007003000,26,14,12,1141.4
21180007004000,2,1,1,0
21180007007000,15,11,4,726
21180007008000,53,25,28,2014
21180007009000,187,103,84,7255.6
21180007010000,10,6,4,363
21180007011000,8,2,6,271.2
21180007012000,5,2,3,75
21180007014000,41,19,22,1611.3
21190006476000,194,94,100,7507.8
21190006477000,410,214,196,13694
21190006478000,80,46,34,2512
21190006479000,27,13,14,1044.9
21190006480000,13,8,5,452.4
21190006481000,2,1,1,0
21190006482000,4,1,3,0
21190006483000,11,6,5,473
21190006484000,11,8,3,489.5
21190006490000,7,3,4,198.8
21190006498000,9,6,3,210.6
21190006501000,2,1,1,0
21190006503000,2,1,1,0
21190006505000,5,3,2,235
21190006506000,22,11,11,963.6
21190006507000,1,1,0,0
21190006538000,6,3,3,271.2
21190006540000,8,7,1,304.8
21190006598000,3,1,2,0
21190006614000,4,2,2,0
21190006615000,1,0,1,0
21190006616000,2,2,0,0
21190006626000,13,7,6,616.2
21190006629000,2,1,1,0
21190006645000,17,9,8,646
21190006652000,4,3,1,0
21190006726000,4,2,2,0
21190006727000,1,0,1,0
21190006744000,23,8,15,1124.7
21190006791000,7,2,5,294
21190006821000,2,1,1,0
21190006958000,17,7,10,569.5
21190006959000,54,30,24,1787.4
21190006960000,2,1,1,0
21190006971000,11,5,6,490.6
21190006974000,3,1,2,0
21190006980000,5,1,4,239
21190006981000,15,7,8,636
21190006982000,14,8,6,705.6
21190006983000,568,308,260,21868
21190006984000,31,18,13,1357.8
21190006997000,1,1,0,0
21190007001000,8,4,4,203.2
21190007002000,13,7,6,634.4
21190007003000,35,19,16,1620.5
21190007007000,33,18,15,1339.8
21190007008000,44,20,24,1790.8
21190007009000,55,28,27,1787.5
21190007014000,20,12,8,720
21200006476000,9,3,6,369.9
21200006477000,61,32,29,2257
21200006478000,10,3,7,345
21200006479000,3,2,1,0
21200006480000,14,8,6,422.8
21200006481000,9,5,4,433.8
21200006482000,58,28,30,2308.4
21200006483000,5,3,2,198
21200006484000,27,15,12,969.3
21200006485000,12,7,5,429.6
21200006486000,15,10,5,505.5
21200006487000,1,0,1,0
21200006490000,22,10,12,979
21200006491000,12,5,7,382.8
21200006496000,2,1,1,0
21200006497000,13,4,9,452.4
21200006498000,5,2,3,220
21200006499000,2,1,1,0
21200006506000,6,4,2,289.2
21200006507000,8,5,3,448.8
21200006508000,5,3,2,191
21200006510000,12,8,4,360
21200006511000,6,3,3,127.2
21200006513000,9,5,4,366.3
21200006514000,4,2,2,0
21200006528000,6,3,3,261
21200006529000,15,8,7,580.5
21200006536000,3,2,1,0
21200006609000,4,3,1,0
21200006610000,9,6,3,255.6
21200006613000,1,1,0,0
21200006625000,5,2,3,225
21200006642000,7,5,2,282.8
21200006645000,1,0,1,0
21200006742000,3,2,1,0
21200006744000,3,2,1,0
21200006790000,1,0,1,0
21200006791000,6,2,4,319.2
21200006959000,2,0,2,0
21200006971000,22,14,8,756.8
21200006974000,7,3,4,216.3
21200006982000,10,6,4,387
21200006983000,110,58,52,2981
21200006985000,51,25,26,1871.7
21200006997000,44,20,24,1342
21200007000000,6,2,4,297
21200007001000,23,12,11,862.5
21200007002000,15,8,7,427.5
21200007003000,61,27,34,2415.6
21200007012000,5,4,1,243
21200007013000,24,12,12,936
21200007014000,24,12,12,1036.8
21200007015000,18,10,8,696.6
21210006479000,4,1,3,0
21210006480000,96,54,42,3100.8
21210006481000,78,45,33,3081
21210006482000,20,11,9,632
21210006483000,11,8,3,341
21210006484000,819,405,414,20147.4
21210006485000,246,126,120,9569.4
21210006486000,99,54,45,3286.8
21210006487000,6,4,2,237
21210006488000,3,1,2,0
21210006489000,6,3,3,231
21210006490000,1,0,1,0
21210006491000,73,36,37,2336
21210006495000,10,7,3,467
21210006506000,36,19,17,907.2
21210006507000,27,15,12,1161
21210006508000,12,5,7,441.6
21210006509000,5,3,2,198
21210006510000,26,18,8,949
21210006511000,2,1,1,0
21210006515000,1,1,0,0
21210006517000,2,1,1,0
21210006526000,1,1,0,0
21210006527000,3,2,1,0
21210006529000,4,2,2,0
21210006530000,4,3,1,0
21210006531000,5,3,2,153
21210006553000,5,1,4,258
21210006575000,5,2,3,146
21210006594000,17,10,7,588.2
21210006595000,1,1,0,0
21210006609000,11,6,5,486.2
21210006611000,1,1,0,0
21210006612000,4,2,2,0
21210006613000,5,4,1,306
21210006615000,2,2,0,0
21210006626000,2,2,0,0
21210006627000,4,3,1,0
21210006631000,3,2,1,0
21210006636000,1,1,0,0
21210006644000,2,1,1,0
21210006740000,3,1,2,0
21210006791000,2,1,1,0
21210006959000,2,1,1,0
21210006971000,3,1,2,0
21210006974000,5,3,2,203
21210006980000,7,4,3,310.1
21210006982000,14,6,8,571.2
21210006983000,21,7,14,915.6
21210006985000,29,16,13,1371.7
21210006997000,62,34,28,2356
21210007001000,31,14,17,1097.4
21210007002000,10,6,4,674
21210007003000,2,1,1,0
21210007009000,16,9,7,723.2
21210007010000,9,4,5,315
21210007012000,4,2,2,0
21210007013000,108,54,54,4266
21210007014000,192,100,92,8659.2
21210007015000,100,57,43,4070
21220006481000,9,5,4,249.3
21220006482000,105,50,55,4578
21220006483000,46,24,22,1876.8
21220006484000,685,345,340,23564
21220006485000,791,404,387,27052.2
21220006486000,81,42,39,2899.8
21220006488000,2,1,1,0
21220006490000,15,10,5,852
21220006494000,2,1,1,0
21220006498000,1,0,1,0
21220006531000,27,16,11,1260.9
21220006532000,10,4,6,422
21220006575000,2,1,1,0
21220006576000,7,4,3,203.7
21220006577000,5,4,1,165
21220006594000,3,3,0,0
21220006603000,1,1,0,0
21220006609000,8,6,2,227.2
21220006611000,5,3,2,104
21220006625000,1,1,0,0
21220006729000,17,9,8,571.2
21220006792000,3,2,1,0
21220006896000,1,1,0,0
21220006959000,10,7,3,408
21220006969000,3,2,1,0
21220006971000,8,4,4,232.8
21220006972000,4,3,1,0
21220006975000,2,1,1,0
21220006982000,25,14,11,1000
21220006983000,14,7,7,595
21220006985000,19,11,8,784.7
21220006990000,11,7,4,393.8
21220006991000,22,11,11,796.4
21220006997000,11,6,5,390.5
21220006998000,4,1,3,0
21220007001000,31,16,15,1336.1
21220007002000,18,8,10,702
21220007008000,28,12,16,1243.2
21220007009000,22,11,11,965.8
21220007010000,2,2,0,0
21220007012000,18,9,9,790.2
21220007013000,8,4,4,464
21220007014000,24,17,7,816
21220007015000,54,29,25,2451.6
21220007016000,11,6,5,347.6
21230006481000,136,71,65,5208.8
21230006482000,1427,730,697,52513.6
21230006483000,541,278,263,19638.3
21230006484000,226,124,102,8294.2
21230006485000,643,316,327,22762.2
21230006486000,211,105,106,6773.1
21230006495000,5,1,4,157
21230006502000,6,2,4,196.2
21230006504000,7,4,3,343.7
21230006507000,23,12,11,637.1
21230006508000,6,3,3,243
21230006510000,4,3,1,0
21230006511000,11,5,6,386.1
21230006517000,1,1,0,0
21230006528000,9,4,5,401.4
21230006529000,1,1,0,0
21230006531000,286,129,157,10868
21230006532000,246,116,130,10848.6
21230006533000,21,12,9,831.6
21230006535000,2,1,1,0
21230006537000,4,3,1,0
21230006575000,2,1,1,0
21230006576000,7,4,3,230.3
21230006577000,4,3,1,0
21230006580000,4,1,3,0
21230006593000,7,3,4,203.7
21230006595000,6,3,3,256.8
21230006607000,2,1,1,0
21230006608000,7,3,4,245.7
21230006609000,7,5,2,408.8
21230006612000,4,2,2,0
21230006729000,12,7,5,493.2
21230006740000,18,11,7,748.8
21230006741000,2,1,1,0
21230006792000,5,3,2,169
21230006953000,8,5,3,523.2
21230006956000,34,12,22,1519.8
21230006957000,248,125,123,9796
21230006958000,16,8,8,860.8
21230006959000,10,7,3,543
21230006972000,4,1,3,0
21230006973000,2,1,1,0
21230006975000,11,4,7,379.5
21230006982000,57,32,25,2565
21230006983000,13,7,6,365.3
21230006984000,13,7,6,523.9
21230006989000,6,3,3,87
21230006990000,5,2,3,283
21230006991000,25,14,11,1072.5
21230006998000,27,12,15,969.3
21230006999000,1,1,0,0
21230007001000,8,5,3,290.4
21230007002000,62,28,34,2188.6
21230007008000,36,19,17,1476
21230007009000,4,3,1,0
21230007010000,16,10,6,547.2
21230007011000,51,26,25,1657.5
21230007012000,13,7,6,484.9
21240006482000,131,67,64,6078.4
21240006483000,1009,519,490,41772.6
21240006484000,1447,707,740,60050.5
21240006485000,663,318,345,27050.4
21240006486000,98,53,45,3234
21240006495000,12,7,5,465.6
21240006503000,7,4,3,459.9
21240006504000,6,4,2,238.2
21240006507000,4,1,3,0
21240006508000,26,13,13,1019.2
21240006509000,19,8,11,511.1
21240006510000,14,7,7,613.2
21240006511000,4,1,3,0
21240006512000,3,1,2,0
21240006516000,29,17,12,988.9
21240006517000,3,2,1,0
21240006529000,1,1,0,0
21240006530000,3,2,1,0
21240006531000,3,2,1,0
21240006532000,43,24,19,1668.4
21240006533000,47,26,21,1555.7
21240006535000,5,3,2,324
21240006551000,1,0,1,0
21240006553000,10,4,6,358
21240006554000,2,1,1,0
21240006555000,2,1,1,0
21240006593000,5,2,3,217
21240006595000,3,1,2,0
21240006607000,1,0,1,0
21240006608000,2,1,1,0
21240006609000,8,4,4,370.4
21240006611000,3,2,1,0
21240006612000,6,3,3,243
21240006637000,1,1,0,0
21240006729000,26,14,12,1383.2
21240006730000,19,7,12,822.7
21240006740000,33,16,17,1567.5
21240006741000,6,4,2,172.8
21240006785000,2,1,1,0
21240006883000,5,2,3,238
21240006952000,2,1,1,0
21240006953000,12,4,8,492
21240006954000,124,63,61,4650
21240006955000,140,75,65,5544
21240006956000,7,5,2,272.3
21240006957000,298,152,146,11949.8
21240006958000,909,441,468,39632.4
21240006959000,4,1,3,0
21240006960000,12,6,6,502.8
21240006973000,6,3,3,304.8
21240006982000,66,37,29,2560.8
21240006984000,215,111,104,9116
21240006991000,5,3,2,261
21240006992000,4,3,1,0
21240006998000,9,4,5,398.7
21240006999000,14,7,7,617.4
21240007002000,36,16,20,1612.8
21240007006000,2,2,0,0
21240007007000,54,26,28,2035.8
21240007008000,81,42,39,3207.6
21240007009000,23,15,8,1329.4
21240007010000,10,5,5,485
21240007012000,5,2,3,231
21240007016000,8,7,1,322.4
21250006483000,268,122,146,15115.2
21250006484000,1292,659,633,55685.2
21250006485000,951,473,478,35567.4
21250006486000,411,207,204,15987.9
21250006487000,79,40,39,3152.1
21250006490000,31,19,12,1057.1
21250006491000,9,4,5,290.7
21250006492000,7,3,4,193.2
21250006493000,5,3,2,178
21250006494000,3,3,0,0
21250006495000,78,39,39,2691
21250006496000,23,11,12,731.4
21250006497000,1,1,0,0
21250006502000,4,2,2,0
21250006511000,6,3,3,403.2
21250006516000,18,9,9,732.6
21250006528000,3,2,1,0
21250006530000,2,1,1,0
21250006531000,45,25,20,1651.5
21250006532000,1,1,0,0
21250006533000,2,1,1,0
21250006534000,19,9,10,763.8
21250006535000,2,1,1,0
21250006537000,7,2,5,256.9
21250006549000,1,1,0,0
21250006564000,5,2,3,84
21250006572000,3,0,3,0
21250006575000,2,1,1,0
21250006576000,4,2,2,0
21250006577000,5,4,1,173
21250006592000,2,1,1,0
21250006595000,9,3,6,457.2
21250006603000,2,1,1,0
21250006607000,3,1,2,0
21250006612000,12,4,8,574.8
21250006623000,4,3,1,0
21250006630000,23,15,8,752.1
21250006631000,5,3,2,154
21250006632000,6,6,0,265.8
21250006649000,5,2,3,206
21250006650000,2,1,1,0
21250006651000,2,1,1,0
21250006729000,144,75,69,6249.6
21250006730000,26,16,10,1352
21250006740000,129,63,66,5469.6
21250006741000,6,4,2,405
21250006794000,10,7,3,259
21250006883000,4,2,2,0
21250006884000,13,9,4,646.1
21250006954000,18,11,7,878.4
21250006955000,6,4,2,325.2
21250006956000,73,35,38,3474.8
21250006957000,585,290,295,24628.5
21250006958000,105,51,54,4620
21250006960000,31,13,18,1060.2
21250006982000,25,11,14,975
21250006984000,225,106,119,9900
21250006992000,13,5,8,564.2
21250006993000,17,10,7,557.6
21250006999000,37,22,15,1646.5
21250007000000,12,6,6,486
21250007002000,2,1,1,0
21250007003000,44,21,23,2120.8
21250007006000,6,5,1,255
21250007007000,13,10,3,468
21250007008000,133,56,77,5040.7
21250007009000,9,5,4,416.7
21250007010000,14,8,6,557.2
21250007012000,30,17,13,978
21250007013000,28,9,19,719.6
21250007016000,13,8,5,435.5
21250007018000,8,3,5,412.8
21260006483000,14,7,7,634.2
21260006484000,55,27,28,2271.5
21260006485000,53,27,26,1749
21260006486000,75,37,38,3135
21260006487000,185,96,89,6919
21260006488000,6,2,4,169.8
21260006491000,71,31,40,2747.7
21260006492000,32,13,19,1264
21260006493000,27,15,12,828.9
21260006494000,25,15,10,1062.5
21260006495000,35,19,16,1515.5
21260006496000,8,6,2,308
21260006500000,10,4,6,351
21260006501000,25,13,12,855
21260006502000,159,78,81,6232.8
21260006503000,11,4,7,666.6
21260006508000,2,0,2,0
21260006509000,4,3,1,0
21260006516000,11,7,4,305.8
21260006530000,10,4,6,414
21260006531000,30,16,14,1014
21260006532000,20,12,8,938
21260006536000,16,10,6,625.6
21260006537000,9,4,5,511.2
21260006551000,41,17,24,1787.6
21260006552000,19,7,12,647.9
21260006570000,5,3,2,244
21260006571000,13,6,7,435.5
21260006572000,4,2,2,0
21260006573000,27,13,14,1090.8
21260006575000,5,2,3,227
21260006576000,27,16,11,934.2
21260006577000,2,1,1,0
21260006593000,5,2,3,248
21260006594000,5,2,3,151
21260006606000,2,1,1,0
21260006607000,1,1,0,0
21260006611000,6,2,4,148.2
21260006612000,34,19,15,1312.4
21260006613000,20,6,14,846
21260006623000,5,3,2,305
21260006624000,30,13,17,1230
21260006630000,26,16,10,1190.8
21260006631000,7,4,3,305.9
21260006632000,6,3,3,205.2
21260006723000,5,3,2,241
21260006729000,219,107,112,9548.4
21260006730000,34,21,13,1604.8
21260006740000,112,60,52,5017.6
21260006884000,13,6,7,552.5
21260006954000,41,22,19,2209.9
21260006955000,81,42,39,3248.1
21260006956000,23,13,10,1138.5
21260006958000,9,4,5,396
21260006960000,9,5,4,524.7
21260006972000,15,8,7,907.5
21260006973000,24,13,11,1252.8
21260006983000,1,1,0,0
21260006984000,79,42,37,3199.5
21260006992000,11,5,6,554.4
21260006993000,24,12,12,861.6
21260006994000,31,14,17,1218.3
21260007000000,16,6,10,777.6
21260007001000,9,4,5,264.6
21260007003000,40,23,17,1800
21260007004000,8,5,3,352.8
21260007006000,13,10,3,559
21260007007000,21,12,9,743.4
21260007009000,6,3,3,130.2
21260007010000,22,14,8,1126.4
21260007012000,21,10,11,953.4
21260007013000,3,2,1,0
21260007014000,77,41,36,3026.1
21260007015000,57,25,32,2582.1
21260007016000,47,26,21,1541.6
21260007018000,98,52,46,4096.4
21260007019000,17,9,8,800.7
21270006484000,99,51,48,3554.1
21270006485000,61,31,30,2366.8
21270006486000,65,34,31,2847
21270006487000,643,323,320,21411.9
21270006488000,49,23,26,1886.5
21270006489000,22,11,11,616
21270006490000,24,14,10,979.2
21270006491000,41,21,20,1717.9
21270006492000,101,52,49,3282.5
21270006493000,62,27,35,2008.8
21270006494000,1,1,0,0
21270006495000,30,13,17,1395
21270006496000,53,26,27,1876.2
21270006497000,25,11,14,1260
21270006498000,30,15,15,1275
21270006500000,42,25,17,1289.4
21270006502000,98,54,44,3410.4
21270006503000,9,4,5,246.6
21270006504000,22,11,11,814
21270006505000,20,12,8,566
21270006509000,1,1,0,0
21270006510000,2,1,1,0
21270006514000,17,10,7,598.4
21270006515000,7,5,2,261.8
21270006516000,9,4,5,144.9
21270006518000,7,3,4,170.8
21270006524000,2,1,1,0
21270006525000,8,5,3,364
21270006531000,1,1,0,0
21270006532000,1,1,0,0
21270006533000,4,2,2,0
21270006536000,1,1,0,0
21270006537000,2,1,1,0
21270006538000,4,2,2,0
21270006550000,2,1,1,0
21270006551000,3,1,2,0
21270006552000,20,11,9,858
21270006553000,21,13,8,1077.3
21270006554000,19,11,8,807.5
21270006555000,19,5,14,921.5
21270006561000,92,48,44,4057.2
21270006562000,11,6,5,327.8
21270006568000,11,6,5,521.4
21270006593000,8,4,4,390.4
21270006594000,26,12,14,910
21270006603000,5,2,3,271
21270006604000,1,1,0,0
21270006605000,9,6,3,638.1
21270006606000,7,3,4,389.9
21270006608000,5,3,2,254
21270006609000,11,6,5,554.4
21270006610000,1,0,1,0
21270006611000,77,39,38,3318.7
21270006612000,20,10,10,764
21270006613000,9,5,4,545.4
21270006628000,4,3,1,0
21270006629000,15,9,6,616.5
21270006630000,7,5,2,475.3
21270006651000,1,0,1,0
21270006722000,6,3,3,258
21270006723000,2,1,1,0
21270006726000,1,0,1,0
21270006728000,8,4,4,387.2
21270006729000,199,93,106,10049.5
21270006730000,142,73,69,7000.6
21270006731000,27,14,13,1034.1
21270006739000,6,1,5,145.8
21270006740000,46,24,22,2010.2
21270006802000,1,1,0,0
21270006882000,3,1,2,0
21270006884000,3,2,1,0
21270006950000,3,2,1,0
21270006951000,5,2,3,165
21270006952000,14,8,6,648.2
21270006953000,16,10,6,684.8
21270006959000,4,3,1,0
21270006960000,30,17,13,1035
21270006971000,2,1,1,0
21270006972000,35,17,18,1246
21270006973000,19,8,11,946.2
21270006974000,1,1,0,0
21270006976000,2,1,1,0
21270006983000,2,1,1,0
21270006984000,2,1,1,0
21270006985000,22,13,9,580.8
21270006993000,48,21,27,1651.2
21270006994000,38,19,19,1584.6
21270006995000,96,51,45,3542.4
21270006996000,22,14,8,877.8
21270007001000,22,11,11,1102.2
21270007004000,32,16,16,1222.4
21270007006000,21,10,11,989.1
21270007012000,37,17,20,1465.2
21270007013000,125,57,68,5350
21270007015000,33,15,18,1346.4
21270007018000,123,53,70,4403.4
21270007019000,90,44,46,2961
21280006483000,6,4,2,388.8
21280006484000,23,11,12,1076.4
21280006485000,69,32,37,2408.1
21280006486000,41,22,19,1238.2
21280006487000,559,282,277,18167.5
21280006488000,43,23,20,1763
21280006489000,68,35,33,2400.4
21280006490000,82,40,42,3181.6
21280006491000,136,72,64,5113.6
21280006492000,442,216,226,15867.8
21280006493000,42,26,16,1579.2
21280006494000,71,40,31,2939.4
21280006495000,87,48,39,3192.9
21280006496000,102,51,51,3172.2
21280006497000,39,23,16,1443
21280006498000,86,43,43,3087.4
21280006499000,59,33,26,2177.1
21280006500000,65,33,32,2346.5
21280006501000,216,106,110,5572.8
21280006502000,412,206,206,12648.4
21280006503000,51,31,20,1555.5
21280006504000,4,3,1,0
21280006505000,12,6,6,261.6
21280006506000,21,13,8,739.2
21280006507000,3,2,1,0
21280006508000,76,39,37,2591.6
21280006509000,6,5,1,138
21280006513000,17,7,10,530.4
21280006514000,22,9,13,726
21280006515000,2,2,0,0
21280006516000,1,1,0,0
21280006524000,3,2,1,0
21280006525000,11,6,5,697.4
21280006539000,1,1,0,0
21280006540000,2,1,1,0
21280006555000,5,3,2,225
21280006559000,65,35,30,2762.5
21280006560000,100,49,51,4000
21280006561000,234,124,110,8283.6
21280006562000,6,2,4,225
21280006563000,4,1,3,0
21280006564000,9,5,4,558.9
21280006570000,1,1,0,0
21280006571000,1,0,1,0
21280006573000,1,1,0,0
21280006576000,89,44,45,3933.8
21280006578000,2,2,0,0
21280006593000,3,2,1,0
21280006594000,61,29,32,3056.1
21280006601000,19,10,9,872.1
21280006602000,24,12,12,998.4
21280006603000,19,12,7,887.3
21280006604000,8,4,4,292
21280006605000,40,22,18,1560
21280006606000,11,7,4,371.8
21280006607000,15,7,8,354
21280006608000,3,2,1,0
21280006609000,7,3,4,317.8
21280006610000,25,10,15,1000
21280006611000,7,3,4,252.7
21280006621000,1,1,0,0
21280006622000,7,4,3,328.3
21280006627000,7,2,5,210.7
21280006628000,34,15,19,1645.6
21280006629000,21,9,12,867.3
21280006727000,4,3,1,0
21280006728000,30,14,16,1209
21280006729000,506,246,260,18418.4
21280006730000,402,206,196,17205.6
21280006731000,136,74,62,5644
21280006739000,30,15,15,1473
21280006740000,24,14,10,1044
21280006802000,2,1,1,0
21280006883000,1,1,0,0
21280006884000,15,7,8,819
21280006889000,1,1,0,0
21280006890000,2,1,1,0
21280006947000,6,2,4,244.2
21280006951000,6,4,2,253.8
21280006952000,13,5,8,767
21280006959000,104,54,50,4108
21280006960000,18,12,6,669.6
21280006970000,17,9,8,476
21280006971000,21,11,10,819
21280006974000,2,1,1,0
21280006976000,1,0,1,0
21280006982000,6,2,4,244.8
21280006983000,14,7,7,617.4
21280006985000,59,33,26,2371.8
21280006986000,2,1,1,0
21280006994000,260,114,146,12428
21280006995000,114,58,56,4696.8
21280006996000,21,10,11,1197
21280007001000,3,1,2,0
21280007002000,15,6,9,676.5
21280007004000,46,24,22,2355.2
21280007011000,46,27,19,1876.8
21280007012000,132,70,62,5016
21280007013000,101,49,52,3807.7
21280007014000,62,34,28,2132.8
21280007015000,27,15,12,1077.3
21280007016000,14,7,7,645.4
21280007017000,4,2,2,0
21280007019000,64,32,32,2342.4
21290006486000,59,32,27,2177.1
21290006487000,872,423,449,30345.6
21290006488000,166,82,84,6274.8
21290006489000,52,28,24,2631.2
21290006490000,88,47,41,3414.4
21290006491000,56,28,28,2396.8
21290006492000,80,40,40,2824
21290006493000,43,21,22,1238.4
21290006494000,2,1,1,0
21290006495000,19,9,10,680.2
21290006497000,22,10,12,666.6
21290006498000,21,13,8,907.2
21290006500000,14,7,7,729.4
21290006501000,41,22,19,1476
21290006502000,698,337,361,32387.2
21290006503000,208,101,107,7966.4
21290006504000,37,17,20,1912.9
21290006505000,10,5,5,316
21290006506000,29,14,15,1009.2
21290006507000,29,15,14,835.2
21290006508000,31,18,13,886.6
21290006510000,1,0,1,0
21290006512000,20,9,11,840
21290006513000,54,27,27,1965.6
21290006524000,2,1,1,0
21290006525000,16,9,7,787.2
21290006539000,3,2,1,0
21290006540000,6,3,3,354
21290006545000,17,9,8,491.3
21290006547000,19,9,10,619.4
21290006555000,1,1,0,0
21290006558000,23,11,12,995.9
21290006559000,68,35,33,3066.8
21290006560000,4,2,2,0
21290006561000,26,14,12,920.4
21290006571000,7,4,3,324.1
21290006574000,16,9,7,856
21290006575000,6,2,4,204
21290006576000,20,9,11,944
21290006577000,24,12,12,1238.4
21290006578000,8,6,2,388
21290006579000,12,5,7,556.8
21290006580000,20,8,12,748
21290006582000,5,2,3,105
21290006592000,4,3,1,0
21290006593000,12,6,6,394.8
21290006594000,114,63,51,5232.6
21290006601000,1,1,0,0
21290006602000,10,5,5,338
21290006603000,110,58,52,4653
21290006604000,127,62,65,5575.3
21290006605000,15,8,7,619.5
21290006607000,10,6,4,512
21290006609000,2,1,1,0
21290006610000,3,1,2,0
21290006613000,1,0,1,0
21290006621000,4,2,2,0
21290006622000,7,4,3,366.8
21290006627000,19,13,6,655.5
21290006724000,7,4,3,354.2
21290006725000,6,4,2,196.2
21290006726000,3,1,2,0
21290006729000,24,13,11,964.8
21290006730000,408,201,207,16646.4
21290006731000,178,87,91,7333.6
21290006732000,11,5,6,486.2
21290006739000,41,23,18,1836.8
21290006883000,1,1,0,0
21290006884000,9,3,6,299.7
21290006946000,4,3,1,0
21290006947000,5,2,3,236
21290006958000,9,4,5,461.7
21290006959000,399,182,217,16718.1
21290006974000,7,3,4,294.7
21290006976000,2,1,1,0
21290006977000,4,2,2,0
21290006983000,10,5,5,440
21290006984000,1,1,0,0
21290006985000,57,33,24,2166
21290006995000,51,26,25,2004.3
21290006996000,36,18,18,975.6
21290006997000,13,8,5,887.9
21290007002000,16,8,8,793.6
21290007004000,20,9,11,870
21290007005000,24,13,11,1072.8
21290007008000,2,1,1,0
21290007009000,26,13,13,1339
21290007010000,13,8,5,591.5
21290007011000,44,20,24,1962.4
21290007012000,30,15,15,1080
21290007013000,53,25,28,1637.7
21290007014000,190,96,94,7429
21290007015000,320,169,151,13952
21290007016000,121,39,82,7332.6
21290007017000,75,38,37,2610
21290007018000,48,22,26,1915.2
21290007019000,23,12,11,703.8
21300006487000,547,276,271,21551.8
21300006488000,1047,501,546,42717.6
21300006489000,106,53,53,3805.4
21300006490000,6,3,3,358.2
21300006491000,79,40,39,3167.9
21300006492000,160,76,84,5696
21300006493000,36,18,18,1562.4
21300006495000,4,1,3,0
21300006496000,27,14,13,912.6
21300006497000,42,20,22,1638
21300006498000,21,13,8,598.5
21300006499000,3,2,1,0
21300006500000,46,29,17,2263.2
21300006501000,223,108,115,8050.3
21300006502000,902,461,441,26879.6
21300006503000,167,86,81,6563.1
21300006504000,71,34,37,2627
21300006505000,42,17,25,1545.6
21300006506000,55,31,24,1837
21300006507000,3,0,3,0
21300006508000,10,5,5,262
21300006510000,44,25,19,1650
21300006511000,14,8,6,327.6
21300006512000,31,17,14,973.4
21300006513000,10,4,6,354
21300006519000,41,24,17,1873.7
21300006520000,1,1,0,0
21300006524000,1,1,0,0
21300006525000,10,4,6,487
21300006538000,14,6,8,562.8
21300006539000,2,1,1,0
21300006542000,3,2,1,0
21300006544000,7,4,3,238
21300006545000,4,3,1,0
21300006558000,2,1,1,0
21300006559000,14,5,9,693
21300006575000,11,6,5,574.2
21300006576000,2,1,1,0
21300006579000,19,9,10,750.5
21300006580000,15,7,8,742.5
21300006581000,8,3,5,368.8
21300006587000,4,1,3,0
21300006592000,9,5,4,491.4
21300006593000,16,6,10,705.6
21300006594000,59,32,27,2507.5
21300006599000,2,1,1,0
21300006601000,3,1,2,0
21300006602000,141,68,73,7233.3
21300006603000,215,103,112,9718
21300006604000,47,25,22,2030.4
21300006605000,12,6,6,468
21300006606000,31,16,15,1639.9
21300006607000,16,5,11,790.4
21300006608000,4,2,2,0
21300006611000,16,9,7,446.4
21300006612000,9,6,3,372.6
21300006622000,2,1,1,0
21300006625000,21,10,11,1045.8
21300006723000,2,1,1,0
21300006724000,44,20,24,1997.6
21300006731000,56,35,21,2486.4
21300006732000,27,13,14,988.2
21300006739000,2,1,1,0
21300006812000,3,1,2,0
21300006884000,7,3,4,338.1
21300006944000,21,9,12,1110.9
21300006945000,4,2,2,0
21300006946000,8,3,5,308
21300006958000,29,14,15,1305
21300006959000,694,332,362,29286.8
21300006960000,2,1,1,0
21300006975000,5,2,3,289
21300006977000,39,19,20,1509.3
21300006984000,8,4,4,458.4
21300006985000,37,19,18,1380.1
21300006986000,22,12,10,1062.6
21300006996000,5,2,3,342
21300006997000,3,2,1,0
21300006998000,25,10,15,1077.5
21300007002000,10,5,5,497
21300007005000,35,21,14,1396.5
21300007006000,2,1,1,0
21300007008000,41,23,18,1791.7
21300007014000,8,5,3,398.4
21300007015000,6,3,3,231
21300007016000,88,47,41,3361.6
21300007017000,84,45,39,3217.2
21310006487000,1,1,0,0
21310006488000,858,427,431,30716.4
21310006489000,89,43,46,3595.6
21310006490000,706,348,358,22097.8
21310006491000,380,195,185,15162
21310006492000,25,11,14,1235
21310006493000,193,90,103,8569.2
21310006494000,20,11,9,856
21310006495000,36,17,19,1414.8
21310006496000,29,14,15,1441.3
21310006497000,24,12,12,1020
21310006498000,9,4,5,527.4
21310006499000,125,65,60,5237.5
21310006500000,19,10,9,699.2
21310006502000,21,8,13,688.8
21310006503000,38,20,18,1535.2
21310006504000,16,8,8,542.4
21310006505000,42,23,19,1806
21310006506000,30,15,15,1053
21310006519000,90,48,42,3663
21310006522000,4,3,1,0
21310006524000,2,1,1,0
21310006525000,8,4,4,291.2
21310006544000,2,2,0,0
21310006545000,12,7,5,480
21310006557000,39,20,19,1716
21310006558000,9,5,4,457.2
21310006575000,4,2,2,0
21310006576000,4,2,2,0
21310006587000,3,2,1,0
21310006588000,12,5,7,572.4
21310006591000,6,3,3,232.2
21310006592000,23,15,8,1106.3
21310006593000,3,2,1,0
21310006598000,3,2,1,0
21310006600000,4,2,2,0
21310006601000,66,31,35,2798.4
21310006602000,195,95,100,8346
21310006607000,6,5,1,324
21310006609000,3,1,2,0
21310006610000,15,8,7,567
21310006611000,20,10,10,734
21310006623000,6,5,1,183
21310006723000,18,7,11,707.4
21310006724000,20,12,8,904
21310006732000,26,13,13,806
21310006738000,2,2,0,0
21310006739000,4,2,2,0
21310006774000,4,3,1,0
21310006884000,9,5,4,268.2
21310006888000,1,1,0,0
21310006943000,12,6,6,493.2
21310006944000,5,2,3,303
21310006956000,10,5,5,590
21310006957000,16,8,8,540.8
21310006958000,54,24,30,2073.6
21310006959000,119,67,52,4760
21310006975000,5,3,2,80
21310006977000,27,16,11,1017.9
21310006978000,1,0,1,0
21310006984000,10,5,5,475
21310006985000,7,3,4,205.8
21310006986000,18,10,8,682.2
21310006996000,7,4,3,251.3
21310006997000,3,2,1,0
21310006998000,5,3,2,276
21310006999000,4,2,2,0
21310007002000,3,3,0,0
21310007003000,2,1,1,0
21310007005000,7,4,3,214.2
21310007006000,70,33,37,3157
21310007007000,21,14,7,518.7
21310007008000,25,14,11,932.5
21310007010000,1,1,0,0
21310007011000,27,15,12,1026
21310007012000,19,9,10,613.7
21310007013000,37,19,18,1420.8
21320006487000,5,4,1,99
21320006488000,604,303,301,24401.6
21320006489000,132,64,68,5214
21320006490000,34,15,19,1366.8
21320006491000,991,506,485,39045.4
21320006492000,307,136,171,14490.4
21320006493000,896,457,439,34944
21320006494000,635,307,328,26479.5
21320006495000,78,39,39,2886
21320006496000,2,1,1,0
21320006497000,31,17,14,1333
21320006498000,10,5,5,611
21320006499000,30,14,16,1167
21320006500000,4,3,1,0
21320006503000,25,13,12,1095
21320006504000,10,5,5,362
21320006505000,12,6,6,702
21320006506000,23,11,12,963.7
21320006508000,9,7,2,327.6
21320006515000,4,2,2,0
21320006519000,2,1,1,0
21320006522000,2,1,1,0
21320006526000,8,4,4,332
21320006557000,6,4,2,280.8
21320006559000,1,0,1,0
21320006596000,1,1,0,0
21320006597000,4,3,1,0
21320006598000,15,6,9,685.5
21320006599000,14,7,7,719.6
21320006600000,57,27,30,1909.5
21320006601000,38,18,20,1622.6
21320006606000,2,2,0,0
21320006607000,34,20,14,1278.4
21320006608000,18,11,7,948.6
21320006609000,7,2,5,191.1
21320006622000,10,4,6,670
21320006704000,3,1,2,0
21320006722000,13,8,5,465.4
21320006723000,20,9,11,986
21320006732000,15,9,6,708
21320006733000,20,11,9,944
21320006738000,46,22,24,1757.2
21320006739000,22,11,11,745.8
21320006749000,10,4,6,322
21320006801000,2,1,1,0
21320006884000,4,1,3,0
21320006888000,1,1,0,0
21320006942000,7,3,4,455
21320006956000,15,7,8,550.5
21320006957000,8,5,3,299.2
21320006958000,33,16,17,1428.9
21320006959000,69,33,36,2456.4
21320006978000,1,1,0,0
21320006984000,5,3,2,210
21320006985000,3,1,2,0
21320006986000,7,4,3,490
21320006987000,6,4,2,211.8
21320006994000,8,5,3,252.8
21320006996000,11,6,5,347.6
21320006997000,54,27,27,2116.8
21320006999000,18,10,8,633.6
21320007000000,25,12,13,850
21320007002000,5,2,3,115
21320007006000,3,2,1,0
21320007010000,37,20,17,1121.1
21320007011000,122,62,60,4819
21320007012000,27,14,13,1050.3
21320007013000,18,9,9,833.4
21320007014000,62,35,27,2387
21320007015000,5,3,2,241
21320007018000,30,17,13,1578
21320007019000,731,362,369,30702
21320007020000,920,466,454,39560
21330006489000,6,4,2,237
21330006491000,14,8,6,606.2
21330006492000,595,298,297,21896
21330006493000,293,152,141,10782.4
21330006494000,595,299,296,21896
21330006495000,518,271,247,16835
21330006496000,21,10,11,942.9
21330006497000,36,17,19,1735.2
21330006498000,566,289,277,15678.2
21330006499000,21,9,12,707.7
21330006501000,9,5,4,399.6
21330006504000,7,2,5,200.2
21330006505000,14,10,4,782.6
21330006506000,3,2,1,0
21330006507000,3,0,3,0
21330006516000,2,1,1,0
21330006517000,11,7,4,475.2
21330006519000,1,1,0,0
21330006522000,7,3,4,263.2
21330006526000,8,5,3,383.2
21330006527000,8,5,3,372.8
21330006560000,1,1,0,0
21330006607000,14,7,7,453.6
21330006722000,16,8,8,801.6
21330006732000,1,0,1,0
21330006733000,28,14,14,1358
21330006734000,16,10,6,449.6
21330006735000,5,2,3,307
21330006737000,5,2,3,244
21330006738000,247,119,128,11707.8
21330006739000,23,12,11,1186.8
21330006745000,7,5,2,277.9
21330006746000,4,3,1,0
21330006884000,4,2,2,0
21330006956000,12,6,6,554.4
21330006957000,19,10,9,771.4
21330006958000,35,20,15,1515.5
21330006959000,35,21,14,1788.5
21330006975000,2,1,1,0
21330006983000,2,1,1,0
21330006985000,5,1,4,116
21330006987000,5,3,2,285
21330006995000,16,10,6,771.2
21330006996000,11,4,7,374
21330006997000,17,8,9,564.4
21330006998000,7,4,3,340.9
21330007000000,6,3,3,366
21330007002000,13,5,8,695.5
21330007008000,20,11,9,866
21330007009000,82,39,43,3673.6
21330007010000,15,8,7,484.5
21330007015000,15,8,7,591
21330007017000,696,353,343,28118.4
21330007018000,2710,1341,1369,121679
21330007019000,2824,1403,1421,116348.8
21330007020000,1655,787,868,68351.5
21340006492000,39,21,18,1626.3
21340006493000,310,172,138,12710
21340006494000,299,158,141,11930.1
21340006495000,909,441,468,34451.1
21340006496000,27,15,12,1223.1
21340006497000,173,90,83,7231.4
21340006498000,148,81,67,4588
21340006499000,442,220,222,14718.6
21340006500000,29,14,15,1032.4
21340006501000,18,11,7,844.2
21340006502000,4,2,2,0
21340006503000,2,1,1,0
21340006506000,3,1,2,0
21340006507000,1,0,1,0
21340006509000,12,5,7,416.4
21340006510000,50,28,22,1685
21340006512000,4,2,2,0
21340006514000,2,1,1,0
21340006519000,5,3,2,245
21340006522000,32,18,14,1449.6
21340006529000,7,3,4,235.9
21340006540000,8,6,2,356
21340006548000,6,3,3,223.8
21340006607000,6,3,3,375
21340006620000,12,6,6,274.8
21340006621000,11,6,5,520.3
21340006624000,2,1,1,0
21340006625000,12,5,7,378
21340006626000,10,5,5,342
21340006627000,4,1,3,0
21340006654000,5,3,2,243
21340006721000,8,7,1,286.4
21340006734000,20,10,10,662
21340006735000,11,4,7,603.9
21340006737000,69,34,35,2456.4
21340006738000,66,34,32,2818.2
21340006745000,12,6,6,542.4
21340006746000,22,12,10,842.6
21340006883000,1,1,0,0
21340006954000,10,6,4,499
21340006955000,13,9,4,458.9
21340006958000,6,4,2,211.8
21340006959000,10,6,4,441
21340006975000,5,3,2,259
21340006983000,1,1,0,0
21340006984000,6,4,2,253.8
21340006985000,5,2,3,276
21340006987000,10,5,5,503
21340006988000,3,2,1,0
21340006994000,5,3,2,348
21340006998000,13,7,6,482.3
21340007001000,18,12,6,774
21340007002000,2,1,1,0
21340007008000,96,55,41,4003.2
21340007009000,91,43,48,4131.4
21340007015000,16,6,10,705.6
21340007016000,10,7,3,379
21340007017000,101,54,47,4736.9
21340007018000,1904,968,936,79968
21340007019000,1929,992,937,81596.7
21340007020000,64,32,32,2886.4
21350006493000,164,87,77,6756.8
21350006494000,1121,544,577,49548.2
21350006495000,1317,644,673,51889.8
21350006496000,1510,725,785,63873
21350006497000,838,431,407,29078.6
21350006498000,292,143,149,10862.4
21350006499000,388,195,193,12920.4
21350006500000,24,13,11,763.2
21350006501000,29,15,14,1389.1
21350006502000,9,3,6,518.4
21350006505000,1,1,0,0
21350006508000,6,3,3,316.2
21350006509000,8,6,2,198.4
21350006511000,1,1,0,0
21350006512000,40,23,17,1496
21350006517000,1,0,1,0
21350006520000,4,2,2,0
21350006521000,7,3,4,371.7
21350006522000,21,12,9,995.4
21350006523000,2,1,1,0
21350006531000,4,1,3,0
21350006532000,2,1,1,0
21350006606000,8,5,3,402.4
21350006607000,27,14,13,1063.8
21350006608000,36,17,19,1706.4
21350006609000,9,5,4,448.2
21350006621000,8,5,3,364.8
21350006623000,10,6,4,470
21350006624000,26,13,13,920.4
21350006720000,13,9,4,535.6
21350006721000,9,5,4,482.4
21350006734000,5,2,3,330
21350006735000,40,22,18,1516
21350006736000,18,7,11,930.6
21350006737000,36,17,19,1472.4
21350006746000,10,6,4,425
21350006812000,1,1,0,0
21350006883000,5,3,2,268
21350006884000,30,14,16,1284
21350006941000,4,2,2,0
21350006942000,5,3,2,327
21350006954000,16,9,7,510.4
21350006976000,15,8,7,466.5
21350006982000,2,1,1,0
21350006984000,51,23,28,1887
21350006985000,3,2,1,0
21350006999000,6,3,3,283.2
21350007002000,14,3,11,526.4
21350007003000,43,21,22,1212.6
21350007004000,9,3,6,405
21350007008000,42,20,22,1927.8
21350007009000,293,146,147,9141.6
21350007010000,403,211,192,16120
21350007011000,4,1,3,0
21350007014000,38,22,16,1858.2
21350007015000,126,66,60,4725
21350007016000,1,1,0,0
21350007018000,1426,728,698,57610.4
21350007019000,555,286,269,22810.5
21350007020000,93,45,48,3729.3
21360006492000,5,2,3,192
21360006493000,49,23,26,1440.6
21360006494000,483,249,234,17774.4
21360006495000,822,402,420,33702
21360006496000,1577,771,806,65918.6
21360006497000,2097,1054,1043,83880
21360006498000,1690,808,882,64389
21360006499000,639,323,316,23962.5
21360006500000,19,8,11,1079.2
21360006501000,25,15,10,912.5
21360006502000,16,7,9,841.6
21360006503000,2,0,2,0
21360006504000,10,6,4,366
21360006505000,17,8,9,569.5
21360006506000,1,1,0,0
21360006514000,6,4,2,340.2
21360006520000,3,1,2,0
21360006522000,19,8,11,877.8
21360006531000,2,1,1,0
21360006533000,2,1,1,0
21360006534000,4,2,2,0
21360006545000,4,2,2,0
21360006546000,1,1,0,0
21360006604000,1,1,0,0
21360006606000,13,6,7,725.4
21360006607000,8,5,3,368.8
21360006608000,5,2,3,122
21360006609000,75,39,36,3532.5
21360006610000,6,3,3,187.2
21360006619000,5,3,2,327
21360006620000,53,31,22,1727.8
21360006621000,74,39,35,3478
21360006622000,33,19,14,1260.6
21360006623000,26,14,12,1245.4
21360006655000,32,17,15,1420.8
21360006703000,1,1,0,0
21360006714000,1,0,1,0
21360006720000,4,3,1,0
21360006734000,17,10,7,698.7
21360006735000,2,1,1,0
21360006736000,39,24,15,1532.7
21360006737000,8,5,3,288.8
21360006746000,6,5,1,258
21360006747000,10,5,5,552
21360006803000,7,3,4,293.3
21360006804000,17,10,7,702.1
21360006883000,30,16,14,1158
21360006884000,26,16,10,1027
21360006941000,2,1,1,0
21360006959000,11,8,3,368.5
21360006976000,5,3,2,278
21360006982000,5,3,2,255
21360006983000,2,1,1,0
21360006989000,14,8,6,488.6
21360006999000,22,11,11,717.2
21360007002000,25,14,11,767.5
21360007008000,44,24,20,1276
21360007009000,41,23,18,2025.4
21360007014000,5,3,2,152
21360007015000,206,88,118,7251.2
21360007016000,7,2,5,303.8
21360007017000,1,0,1,0
21360007018000,223,116,107,9388.3
21360007019000,778,405,373,28863.8
21370006493000,5,3,2,115
21370006494000,458,235,223,19739.8
21370006495000,632,318,314,24205.6
21370006496000,319,156,163,12504.8
21370006497000,2201,1019,1182,102786.7
21370006498000,1426,681,745,61175.4
21370006499000,293,152,141,11544.2
21370006500000,36,21,15,1044
21370006501000,86,45,41,3594.8
21370006502000,224,111,113,7638.4
21370006503000,28,14,14,691.6
21370006504000,3,2,1,0
21370006513000,3,1,2,0
21370006522000,20,11,9,812
21370006523000,23,11,12,1012
21370006524000,7,4,3,417.9
21370006525000,6,3,3,180
21370006529000,4,2,2,0
21370006530000,6,2,4,379.2
21370006606000,8,2,6,387.2
21370006610000,70,36,34,2135
21370006611000,36,18,18,1112.4
21370006613000,12,7,5,537.6
21370006619000,86,42,44,3422.8
21370006620000,68,31,37,2611.2
21370006621000,31,17,14,1398.1
21370006623000,2,0,2,0
21370006655000,6,3,3,283.2
21370006714000,6,4,2,349.2
21370006715000,2,1,1,0
21370006717000,1,1,0,0
21370006721000,5,2,3,263
21370006734000,9,5,4,441
21370006735000,17,6,11,727.6
21370006746000,26,12,14,889.2
21370006747000,4,3,1,0
21370006803000,2,1,1,0
21370006804000,16,11,5,568
21370006882000,2,1,1,0
21370006883000,35,18,17,1438.5
21370006884000,2,1,1,0
21370006941000,1,1,0,0
21370006970000,2,1,1,0
21370006979000,19,9,10,1103.9
21370006990000,40,22,18,1492
21370006991000,10,6,4,385
21370006997000,7,3,4,154.7
21370006998000,16,10,6,694.4
21370006999000,77,41,36,3257.1
21370007000000,5,3,2,201
21370007002000,2,1,1,0
21370007003000,5,1,4,101
21370007005000,4,3,1,0
21370007008000,3,3,0,0
21370007009000,64,35,29,2707.2
21370007010000,10,5,5,425
21370007015000,197,98,99,7387.5
21370007016000,983,487,496,33815.2
21370007017000,89,51,38,3729.1
21370007018000,11,7,4,433.4
21370007019000,1174,601,573,36394
21370007020000,197,95,102,4787.1
21380006493000,4,2,2,0
21380006494000,247,123,124,10621
21380006495000,66,29,37,3029.4
21380006496000,208,106,102,7966.4
21380006497000,749,370,379,31907.4
21380006498000,973,485,488,39017.3
21380006499000,9,6,3,351
21380006500000,1,0,1,0
21380006502000,20,9,11,586
21380006503000,70,37,33,3010
21380006504000,6,5,1,310.2
21380006506000,8,4,4,392
21380006507000,5,1,4,184
21380006512000,2,1,1,0
21380006514000,7,3,4,223.3
21380006515000,2,1,1,0
21380006522000,14,8,6,666.4
21380006526000,13,9,4,600.6
21380006527000,27,13,14,988.2
21380006528000,35,15,20,1218
21380006529000,2,2,0,0
21380006532000,14,7,7,448
21380006582000,2,1,1,0
21380006583000,3,2,1,0
21380006610000,103,43,60,3883.1
21380006611000,415,217,198,17803.5
21380006612000,10,6,4,375
21380006613000,3,2,1,0
21380006618000,34,19,15,1421.2
21380006619000,20,10,10,502
21380006620000,4,2,2,0
21380006621000,1,1,0,0
21380006655000,1,0,1,0
21380006683000,5,1,4,173
21380006713000,1,1,0,0
21380006714000,12,5,7,369.6
21380006715000,10,6,4,342
21380006733000,6,4,2,247.8
21380006734000,11,5,6,581.9
21380006746000,19,11,8,746.7
21380006747000,30,12,18,1374
21380006882000,7,5,2,259.7
21380006883000,32,23,9,1360
21380006884000,25,13,12,1217.5
21380006958000,6,2,4,178.2
21380006959000,3,2,1,0
21380006973000,7,4,3,352.8
21380006974000,20,11,9,924
21380006975000,3,3,0,0
21380006979000,3,2,1,0
21380006990000,31,15,16,1215.2
21380006991000,26,12,14,1047.8
21380006997000,3,2,1,0
21380006998000,4,3,1,0
21380006999000,190,91,99,7695
21380007002000,16,10,6,614.4
21380007003000,17,11,6,875.5
21380007004000,16,9,7,654.4
21380007005000,5,2,3,358
21380007010000,24,15,9,1183.2
21380007015000,14,6,8,687.4
21380007016000,351,163,188,13653.9
21380007017000,127,68,59,4991.1
21380007018000,14,8,6,371
21380007019000,61,30,31,1872.7
21380007020000,221,115,106,5458.7
21390006494000,3,1,2,0
21390006495000,139,69,70,5949.2
21390006496000,499,239,260,21706.5
21390006497000,352,179,173,13024
21390006498000,290,145,145,9425
21390006502000,7,4,3,357.7
21390006503000,55,30,25,1947
21390006504000,43,25,18,1457.7
21390006505000,41,23,18,1627.7
21390006506000,63,34,29,2589.3
21390006507000,24,14,10,1185.6
21390006508000,3,2,1,0
21390006512000,1,1,0,0
21390006515000,7,3,4,331.8
21390006519000,1,1,0,0
21390006522000,6,3,3,169.2
21390006523000,15,7,8,573
21390006525000,13,9,4,562.9
21390006526000,3,2,1,0
21390006546000,50,29,21,1840
21390006582000,6,5,1,217.2
21390006583000,2,1,1,0
21390006604000,2,1,1,0
21390006605000,4,3,1,0
21390006606000,2,1,1,0
21390006609000,6,4,2,169.2
21390006610000,122,53,69,5319.2
21390006611000,494,208,286,22971
21390006612000,66,30,36,2791.8
21390006613000,17,6,11,618.8
21390006617000,15,10,5,504
21390006618000,9,4,5,421.2
21390006623000,4,2,2,0
21390006625000,17,8,9,1033.6
21390006655000,92,44,48,3753.6
21390006656000,1,1,0,0
21390006715000,70,37,33,3122
21390006733000,11,6,5,512.6
21390006734000,21,11,10,672
21390006746000,4,3,1,0
21390006747000,27,13,14,1269
21390006882000,8,4,4,354.4
21390006883000,22,10,12,1089
21390006884000,36,18,18,1882.8
21390006971000,2,0,2,0
21390006972000,28,16,12,1164.8
21390006973000,17,7,10,657.9
21390006974000,50,25,25,2085
21390006975000,2,1,1,0
21390006989000,14,4,10,670.6
21390006990000,3,2,1,0
21390006991000,1,0,1,0
21390006992000,2,1,1,0
21390006994000,9,5,4,288
21390006995000,6,2,4,292.2
21390006996000,4,2,2,0
21390006999000,2,2,0,0
21390007000000,13,8,5,682.5
21390007003000,3,2,1,0
21390007010000,41,27,14,1722
21390007011000,130,76,54,4979
21390007012000,10,5,5,245
21390007013000,19,7,12,585.2
21390007015000,14,7,7,519.4
21390007016000,481,267,214,13371.8
21390007017000,124,64,60,5270
21390007018000,29,18,11,1331.1
21390007019000,15,9,6,594
21390007020000,3,1,2,0
21390007046000,14,5,9,414.4
21390007047000,1,1,0,0
21400006494000,5,2,3,170
21400006495000,58,31,27,2940.6
21400006496000,251,124,127,9538
21400006497000,88,46,42,3748.8
21400006498000,151,78,73,6628.9
21400006499000,98,48,50,3626
21400006500000,215,115,100,6901.5
21400006501000,48,24,24,1776
21400006502000,13,7,6,436.8
21400006503000,2,1,1,0
21400006504000,52,27,25,1996.8
21400006505000,26,13,13,1068.6
21400006506000,48,27,21,2054.4
21400006507000,25,11,14,1112.5
21400006508000,5,3,2,183
21400006509000,7,3,4,249.2
21400006510000,4,3,1,0
21400006513000,5,4,1,132
21400006519000,5,3,2,160
21400006522000,21,12,9,1016.4
21400006523000,2,1,1,0
21400006524000,2,1,1,0
21400006525000,13,5,8,803.4
21400006546000,32,17,15,1193.6
21400006547000,24,14,10,816
21400006556000,2,1,1,0
21400006563000,1,1,0,0
21400006580000,7,3,4,294.7
21400006582000,7,3,4,170.1
21400006592000,12,3,9,363.6
21400006604000,3,2,1,0
21400006605000,7,1,6,123.2
21400006610000,19,12,7,625.1
21400006611000,115,52,63,5692.5
21400006612000,147,73,74,6247.5
21400006613000,17,8,9,579.7
21400006614000,7,2,5,154
21400006623000,15,8,7,490.5
21400006624000,83,38,45,3278.5
21400006625000,9,4,5,509.4
21400006655000,237,117,120,9456.3
21400006704000,11,6,5,473
21400006715000,17,10,7,914.6
21400006722000,2,1,1,0
21400006734000,10,6,4,403
21400006746000,6,3,3,379.8
21400006882000,42,20,22,1751.4
21400006883000,17,7,10,720.8
21400006923000,3,2,1,0
21400006931000,5,3,2,318
21400006932000,7,4,3,356.3
21400006933000,1,0,1,0
21400006934000,3,2,1,0
21400006935000,4,2,2,0
21400006958000,1,1,0,0
21400006971000,27,14,13,1177.2
21400006979000,17,10,7,858.5
21400006991000,4,3,1,0
21400006992000,16,8,8,577.6
21400007004000,4,3,1,0
21400007005000,13,4,9,387.4
21400007006000,6,2,4,229.8
21400007007000,3,2,1,0
21400007008000,12,7,5,360
21400007011000,23,13,10,894.7
21400007012000,190,97,93,6612
21400007013000,94,48,46,3525
21400007014000,74,39,35,3241.2
21400007015000,253,128,125,8880.3
21400007016000,187,105,82,7143.4
21400007017000,30,16,14,1182
21400007018000,1,1,0,0
21400007046000,29,14,15,1078.8
21400007047000,17,7,10,572.9
21400007048000,18,9,9,763.2
21410006494000,66,36,30,2745.6
21410006495000,88,43,45,3555.2
21410006497000,40,20,20,1272
21410006498000,219,105,114,8935.2
21410006499000,567,300,267,22623.3
21410006500000,901,447,454,37751.9
21410006501000,670,344,326,24656
21410006502000,15,9,6,567
21410006503000,25,11,14,1107.5
21410006504000,15,8,7,765
21410006505000,5,2,3,191
21410006506000,45,25,20,1710
21410006507000,2,1,1,0
21410006508000,6,4,2,276
21410006509000,8,3,5,390.4
21410006510000,4,2,2,0
21410006513000,7,3,4,279.3
21410006518000,14,8,6,658
21410006519000,37,22,15,1505.9
21410006520000,16,8,8,662.4
21410006521000,17,9,8,749.7
21410006526000,12,8,4,528
21410006533000,12,4,8,466.8
21410006545000,12,8,4,500.4
21410006546000,4,2,2,0
21410006564000,8,5,3,460.8
21410006580000,16,9,7,580.8
21410006581000,6,4,2,235.2
21410006590000,32,18,14,1334.4
21410006591000,20,10,10,860
21410006604000,5,2,3,251
21410006609000,33,15,18,1214.4
21410006610000,2,1,1,0
21410006611000,2,1,1,0
21410006613000,10,4,6,401
21410006614000,13,8,5,499.2
21410006615000,8,4,4,294.4
21410006623000,15,8,7,558
21410006624000,42,23,19,1587.6
21410006625000,21,11,10,940.8
21410006648000,3,2,1,0
21410006655000,493,236,257,22678
21410006704000,33,15,18,1280.4
21410006705000,7,4,3,186.9
21410006710000,3,1,2,0
21410006715000,12,5,7,564
21410006733000,1,1,0,0
21410006734000,16,9,7,641.6
21410006735000,18,9,9,835.2
21410006740000,1,1,0,0
21410006741000,18,9,9,651.6
21410006746000,8,4,4,408.8
21410006763000,1,1,0,0
21410006766000,18,11,7,493.2
21410006804000,8,4,4,280
21410006857000,2,1,1,0
21410006882000,42,25,17,1974
21410006883000,3,3,0,0
21410006930000,7,3,4,450.8
21410006931000,29,14,15,1699.4
21410006968000,2,1,1,0
21410006970000,31,18,13,1258.6
21410006971000,3,1,2,0
21410006979000,83,45,38,3220.4
21410006992000,1,0,1,0
21410007001000,23,10,13,832.6
21410007004000,5,2,3,164
21410007005000,4,2,2,0
21410007006000,22,8,14,888.8
21410007007000,61,36,25,2696.2
21410007008000,8,4,4,322.4
21410007009000,4,2,2,0
21410007012000,16,7,9,822.4
21410007013000,50,28,22,1850
21410007014000,217,107,110,10936.8
21410007015000,152,85,67,5441.6
21410007016000,81,45,36,2713.5
21410007045000,10,6,4,476
21410007046000,12,6,6,643.2
21410007047000,5,4,1,314
21410007048000,3,2,1,0
21410007049000,4,2,2,0
21410007050000,3,1,2,0
21410007052000,1,0,1,0
21420006494000,1,1,0,0
21420006495000,134,71,63,4877.6
21420006496000,13,6,7,492.7
21420006497000,19,10,9,682.1
21420006498000,542,260,282,19728.8
21420006499000,379,196,183,12961.8
21420006500000,811,409,402,32440
21420006501000,361,161,200,15811.8
21420006502000,6,5,1,129
21420006504000,36,23,13,1648.8
21420006505000,17,8,9,841.5
21420006506000,15,6,9,661.5
21420006509000,26,15,11,1014
21420006510000,35,16,19,1617
21420006511000,2,1,1,0
21420006514000,1,0,1,0
21420006519000,9,4,5,430.2
21420006520000,146,77,69,4978.6
21420006521000,29,14,15,1284.7
21420006524000,4,3,1,0
21420006527000,2,1,1,0
21420006532000,5,2,3,149
21420006533000,8,3,5,274.4
21420006565000,3,2,1,0
21420006573000,5,2,3,59
21420006580000,6,4,2,364.2
21420006591000,4,2,2,0
21420006601000,2,0,2,0
21420006603000,7,3,4,347.9
21420006604000,2,1,1,0
21420006613000,8,4,4,388.8
21420006614000,2,1,1,0
21420006623000,20,10,10,756
21420006624000,60,30,30,2388
21420006647000,8,4,4,320.8
21420006654000,2,1,1,0
21420006655000,479,242,237,20309.6
21420006703000,9,6,3,502.2
21420006704000,2,1,1,0
21420006705000,1,0,1,0
21420006713000,1,1,0,0
21420006715000,3,3,0,0
21420006716000,9,6,3,262.8
21420006735000,28,14,14,1517.6
21420006740000,19,9,10,699.2
21420006741000,1,0,1,0
21420006747000,25,16,9,972.5
21420006766000,23,11,12,947.6
21420006773000,3,2,1,0
21420006804000,16,9,7,646.4
21420006822000,1,0,1,0
21420006857000,11,5,6,574.2
21420006881000,23,6,17,874
21420006882000,38,21,17,1862
21420006927000,9,4,5,446.4
21420006928000,4,2,2,0
21420006968000,1,1,0,0
21420006969000,16,9,7,865.6
21420006970000,8,4,4,240.8
21420006979000,86,47,39,4007.6
21420006990000,6,3,3,436.2
21420006991000,2,0,2,0
21420006992000,4,2,2,0
21420007000000,4,3,1,0
21420007005000,16,10,6,630.4
21420007007000,4,2,2,0
21420007023000,15,6,9,523.5
21420007045000,6,2,4,259.8
21420007046000,11,8,3,368.5
21420007047000,4,2,2,0
21420007049000,4,2,2,0
21420007051000,30,13,17,1734
21420007052000,77,40,37,3803.8
21430006495000,33,18,15,1376.1
21430006496000,8,5,3,296.8
21430006497000,81,40,41,3240
21430006498000,114,60,54,3898.8
21430006499000,178,88,90,6639.4
21430006500000,248,138,110,8407.2
21430006501000,152,69,83,6140.8
21430006502000,80,38,42,2920
21430006503000,67,35,32,2385.2
21430006504000,13,7,6,468
21430006505000,6,4,2,178.8
21430006507000,3,1,2,0
21430006509000,2,1,1,0
21430006510000,30,12,18,1500
21430006511000,8,4,4,448.8
21430006514000,136,65,71,4624
21430006515000,127,60,67,4216.4
21430006516000,21,10,11,1054.2
21430006517000,13,7,6,687.7
21430006518000,8,3,5,347.2
21430006519000,2,1,1,0
21430006523000,7,4,3,357
21430006524000,3,2,1,0
21430006526000,14,7,7,299.6
21430006528000,3,2,1,0
21430006530000,8,4,4,224
21430006532000,38,17,21,1573.2
21430006533000,22,7,15,525.8
21430006564000,9,6,3,582.3
21430006573000,5,3,2,95
21430006580000,1,0,1,0
21430006589000,5,3,2,193
21430006590000,5,2,3,132
21430006601000,1,1,0,0
21430006602000,13,6,7,543.4
21430006604000,13,6,7,474.5
21430006605000,12,7,5,339.6
21430006608000,6,3,3,358.8
21430006609000,6,3,3,162
21430006624000,46,21,25,1872.2
21430006625000,11,5,6,371.8
21430006647000,3,1,2,0
21430006654000,1,0,1,0
21430006655000,977,467,510,38493.8
21430006690000,1,0,1,0
21430006702000,44,27,17,1751.2
21430006703000,12,6,6,396
21430006716000,3,1,2,0
21430006723000,2,1,1,0
21430006735000,5,2,3,288
21430006736000,22,12,10,785.4
21430006740000,17,8,9,671.5
21430006747000,26,16,10,1144
21430006748000,12,6,6,429.6
21430006766000,12,8,4,463.2
21430006772000,6,3,3,240
21430006773000,12,7,5,414
21430006802000,5,3,2,97
21430006803000,34,18,16,1404.2
21430006804000,13,6,7,621.4
21430006857000,1,1,0,0
21430006861000,5,1,4,175
21430006881000,28,17,11,1038.8
21430006882000,19,7,12,860.7
21430006927000,8,4,4,351.2
21430006979000,39,16,23,1563.9
21430006980000,5,2,3,236
21430006989000,1,1,0,0
21430006991000,13,8,5,443.3
21430006992000,11,7,4,436.7
21430007001000,5,3,2,291
21430007005000,24,10,14,936
21430007007000,23,13,10,922.3
21430007023000,10,6,4,507
21430007024000,2,1,1,0
21430007046000,1,1,0,0
21430007052000,63,35,28,2797.2
21430007053000,58,31,27,2424.4
21440006497000,1,1,0,0
21440006498000,198,99,99,7484.4
21440006499000,128,71,57,4608
21440006500000,55,29,26,2568.5
21440006501000,7,2,5,359.1
21440006502000,78,36,42,2675.4
21440006503000,151,77,74,5330.3
21440006507000,10,4,6,298
21440006508000,22,10,12,785.4
21440006509000,19,14,5,699.2
21440006510000,47,24,23,1555.7
21440006511000,60,32,28,2826
21440006512000,57,29,28,2388.3
21440006513000,105,62,43,4683
21440006514000,97,52,45,3705.4
21440006515000,19,10,9,761.9
21440006516000,18,8,10,718.2
21440006517000,8,5,3,411.2
21440006518000,2,2,0,0
21440006519000,6,2,4,306
21440006524000,2,2,0,0
21440006525000,14,10,4,523.6
21440006526000,36,16,20,1317.6
21440006527000,119,58,61,4307.8
21440006528000,156,79,77,5116.8
21440006529000,15,8,7,556.5
21440006530000,4,2,2,0
21440006531000,18,9,9,657
21440006533000,22,11,11,932.8
21440006534000,12,7,5,339.6
21440006563000,4,2,2,0
21440006564000,7,4,3,312.2
21440006573000,2,1,1,0
21440006580000,29,15,14,1470.3
21440006581000,22,13,9,807.4
21440006590000,6,2,4,298.2
21440006602000,2,1,1,0
21440006603000,1,1,0,0
21440006604000,5,2,3,314
21440006605000,13,4,9,436.8
21440006607000,10,4,6,245
21440006623000,7,2,5,279.3
21440006624000,55,26,29,2568.5
21440006625000,21,10,11,945
21440006626000,2,1,1,0
21440006654000,75,38,37,2805
21440006655000,428,191,237,20672.4
21440006699000,1,0,1,0
21440006701000,31,14,17,1435.3
21440006702000,8,5,3,326.4
21440006714000,4,2,2,0
21440006723000,2,1,1,0
21440006736000,19,10,9,837.9
21440006737000,6,4,2,289.2
21440006739000,10,6,4,500
21440006740000,1,1,0,0
21440006746000,30,15,15,963
21440006747000,104,47,57,4128.8
21440006748000,8,4,4,179.2
21440006766000,21,10,11,695.1
21440006767000,2,1,1,0
21440006770000,2,1,1,0
21440006771000,2,1,1,0
21440006772000,14,8,6,757.4
21440006799000,8,4,4,231.2
21440006800000,11,5,6,467.5
21440006801000,7,5,2,214.2
21440006802000,11,5,6,580.8
21440006803000,23,12,11,945.3
21440006861000,4,2,2,0
21440006879000,2,1,1,0
21440006880000,10,4,6,403
21440006881000,38,20,18,2021.6
21440006919000,9,4,5,390.6
21440006924000,2,1,1,0
21440006976000,1,1,0,0
21440006977000,7,7,0,303.8
21440006979000,148,70,78,6482.4
21440006984000,2,2,0,0
21440006993000,6,2,4,355.2
21440007001000,12,6,6,609.6
21440007005000,1,1,0,0
21440007006000,64,33,31,2188.8
21440007007000,9,5,4,237.6
21440007008000,4,3,1,0
21440007009000,26,10,16,925.6
21440007022000,13,7,6,682.5
21440007023000,14,6,8,677.6
21440007024000,41,23,18,1619.5
21440007044000,6,2,4,262.2
21440007052000,45,25,20,1890
21440007053000,15,9,6,675
21450006498000,16,8,8,932.8
21450006499000,24,11,13,878.4
21450006500000,89,48,41,3488.8
21450006501000,16,8,8,716.8
21450006502000,23,13,10,972.9
21450006503000,115,61,54,5198
21450006504000,4,2,2,0
21450006505000,19,11,8,986.1
21450006506000,17,8,9,690.2
21450006507000,58,32,26,2575.2
21450006508000,13,6,7,608.4
21450006514000,37,17,20,1694.6
21450006515000,28,12,16,954.8
21450006519000,1,1,0,0
21450006524000,7,5,2,193.9
21450006525000,9,6,3,398.7
21450006527000,4,2,2,0
21450006528000,268,125,143,12917.6
21450006529000,56,27,29,1993.6
21450006530000,40,20,20,1452
21450006531000,6,3,3,109.2
21450006532000,8,4,4,220
21450006533000,16,9,7,489.6
21450006534000,23,12,11,1007.4
21450006535000,2,1,1,0
21450006563000,2,1,1,0
21450006564000,10,5,5,385
21450006572000,12,7,5,397.2
21450006573000,5,2,3,264
21450006574000,7,3,4,438.9
21450006579000,6,5,1,351
21450006581000,21,11,10,730.8
21450006582000,8,5,3,458.4
21450006583000,14,8,6,663.6
21450006584000,5,3,2,100
21450006585000,8,6,2,340.8
21450006591000,1,1,0,0
21450006592000,1,1,0,0
21450006601000,2,1,1,0
21450006604000,4,3,1,0
21450006605000,4,3,1,0
21450006607000,10,5,5,470
21450006624000,32,16,16,1552
21450006654000,1,0,1,0
21450006655000,159,81,78,7520.7
21450006669000,5,2,3,124
21450006670000,3,2,1,0
21450006696000,7,2,5,224
21450006697000,4,3,1,0
21450006699000,10,7,3,395
21450006700000,5,4,1,262
21450006723000,4,3,1,0
21450006737000,236,105,131,8142
21450006738000,170,84,86,5899
21450006739000,2,0,2,0
21450006745000,8,3,5,368.8
21450006746000,25,13,12,1210
21450006747000,41,20,21,1578.5
21450006763000,2,1,1,0
21450006766000,23,11,12,857.9
21450006767000,24,12,12,900
21450006768000,1,0,1,0
21450006799000,35,19,16,1536.5
21450006800000,16,7,9,580.8
21450006802000,2,1,1,0
21450006858000,2,1,1,0
21450006859000,2,2,0,0
21450006861000,7,4,3,406.7
21450006862000,6,4,2,213
21450006878000,3,1,2,0
21450006879000,30,12,18,1173
21450006880000,46,20,26,2088.4
21450006881000,23,10,13,945.3
21450006919000,9,2,7,425.7
21450006923000,2,1,1,0
21450006924000,3,1,2,0
21450006975000,12,5,7,354
21450006978000,12,4,8,573.6
21450006979000,328,162,166,12365.6
21450006980000,19,11,8,858.8
21450006992000,9,5,4,478.8
21450006994000,6,3,3,439.8
21450006995000,2,1,1,0
21450007001000,8,3,5,418.4
21450007005000,4,1,3,0
21450007006000,33,9,24,1689.6
21450007007000,6,4,2,361.8
21450007009000,26,14,12,1094.6
21450007010000,2,1,1,0
21450007012000,33,15,18,1194.6
21450007013000,11,5,6,442.2
21450007015000,6,4,2,157.2
21450007021000,5,2,3,212
21450007022000,135,69,66,5670
21450007023000,27,16,11,1320.3
21450007024000,2,1,1,0
21450007025000,7,3,4,270.9
21450007044000,1,1,0,0
21450007045000,20,11,9,740
21450007053000,55,27,28,2238.5
21460006500000,12,7,5,469.2
21460006501000,41,20,21,1611.3
21460006502000,67,34,33,2747
21460006503000,54,26,28,2165.4
21460006504000,30,14,16,1371
21460006505000,21,11,10,819
21460006506000,2,1,1,0
21460006508000,2,1,1,0
21460006513000,30,17,13,828
21460006514000,244,125,119,9150
21460006515000,38,24,14,1398.4
21460006516000,47,24,23,1809.5
21460006517000,5,4,1,161
21460006523000,3,2,1,0
21460006528000,160,81,79,5728
21460006531000,1,1,0,0
21460006535000,8,6,2,419.2
21460006536000,11,4,7,487.3
21460006537000,4,1,3,0
21460006565000,5,2,3,136
21460006566000,2,1,1,0
21460006572000,17,8,9,644.3
21460006573000,84,45,39,3805.2
21460006574000,52,25,27,2537.6
21460006575000,12,7,5,375.6
21460006577000,9,3,6,548.1
21460006578000,5,3,2,302
21460006579000,6,4,2,196.8
21460006581000,6,3,3,310.8
21460006584000,2,1,1,0
21460006594000,4,2,2,0
21460006607000,6,4,2,238.8
21460006624000,21,11,10,850.5
21460006644000,8,5,3,347.2
21460006655000,244,126,118,10589.6
21460006668000,5,4,1,147
21460006669000,20,12,8,762
21460006697000,16,7,9,646.4
21460006698000,14,7,7,527.8
21460006737000,298,148,150,11651.8
21460006738000,275,140,135,11825
21460006739000,77,40,37,2833.6
21460006742000,1,0,1,0
21460006743000,23,14,9,837.2
21460006744000,28,14,14,1047.2
21460006745000,45,22,23,1440
21460006746000,9,4,5,432
21460006763000,1,0,1,0
21460006764000,1,1,0,0
21460006766000,200,99,101,6700
21460006767000,53,31,22,2215.4
21460006799000,8,5,3,308
21460006859000,5,3,2,184
21460006860000,24,12,12,1327.2
21460006861000,9,4,5,372.6
21460006878000,86,46,40,3190.6
21460006879000,475,241,234,21470
21460006880000,43,15,28,1995.2
21460006919000,17,9,8,751.4
21460006922000,12,6,6,429.6
21460006964000,20,9,11,788
21460006975000,22,12,10,884.4
21460006978000,22,8,14,829.4
21460006979000,237,118,119,11802.6
21460006980000,63,31,32,2973.6
21460006982000,7,4,3,240.1
21460006992000,10,5,5,597
21460006995000,18,10,8,707.4
21460006999000,7,4,3,457.1
21460007000000,1,0,1,0
21460007004000,5,3,2,310
21460007005000,11,4,7,568.7
21460007006000,26,15,11,998.4
21460007007000,15,8,7,871.5
21460007008000,15,7,8,757.5
21460007009000,10,4,6,308
21460007011000,17,9,8,780.3
21460007012000,101,49,52,4545
21460007013000,11,6,5,478.5
21460007014000,12,4,8,634.8
21460007015000,3,2,1,0
21460007021000,12,9,3,644.4
21460007022000,18,9,9,948.6
21460007027000,5,2,3,234
21460007053000,5,2,3,162
21470006501000,5,3,2,189
21470006502000,11,7,4,581.9
21470006503000,50,24,26,2290
21470006505000,68,34,34,2978.4
21470006506000,25,14,11,1132.5
21470006507000,9,6,3,201.6
21470006508000,24,13,11,926.4
21470006509000,38,22,16,1588.4
21470006510000,20,9,11,738
21470006511000,13,7,6,487.5
21470006512000,157,74,83,5243.8
21470006513000,658,324,334,26320
21470006514000,942,424,518,45404.4
21470006515000,7,3,4,293.3
21470006516000,38,22,16,1596
21470006517000,14,5,9,561.4
21470006518000,10,5,5,464
21470006528000,21,8,13,678.3
21470006530000,3,1,2,0
21470006534000,9,5,4,411.3
21470006537000,13,6,7,552.5
21470006565000,1,1,0,0
21470006566000,8,5,3,422.4
21470006567000,2,1,1,0
21470006570000,1,1,0,0
21470006572000,4,1,3,0
21470006573000,12,7,5,508.8
21470006575000,2,1,1,0
21470006593000,2,1,1,0
21470006594000,1,1,0,0
21470006603000,5,3,2,174
21470006605000,2,1,1,0
21470006622000,2,1,1,0
21470006624000,6,3,3,358.2
21470006640000,4,3,1,0
21470006642000,1,1,0,0
21470006655000,119,57,62,3891.3
21470006656000,42,25,17,1873.2
21470006665000,6,4,2,121.8
21470006668000,19,10,9,1065.9
21470006683000,8,4,4,347.2
21470006697000,21,11,10,852.6
21470006737000,50,21,29,1670
21470006738000,451,232,219,19167.5
21470006739000,78,38,40,2964
21470006740000,1,1,0,0
21470006742000,9,6,3,388.8
21470006743000,60,29,31,2460
21470006744000,21,9,12,888.3
21470006745000,6,3,3,186
21470006746000,1,0,1,0
21470006765000,14,4,10,652.4
21470006766000,38,20,18,1725.2
21470006767000,11,7,4,443.3
21470006798000,9,3,6,258.3
21470006860000,52,28,24,2142.4
21470006861000,3,2,1,0
21470006877000,23,9,14,798.1
21470006878000,36,20,16,1558.8
21470006879000,5,3,2,228
21470006919000,2,1,1,0
21470006921000,17,7,10,484.5
21470006922000,25,12,13,1087.5
21470006961000,1,0,1,0
21470006963000,37,19,18,1428.2
21470006964000,10,4,6,496
21470006965000,12,7,5,554.4
21470006966000,25,15,10,1237.5
21470006967000,17,12,5,851.7
21470006968000,28,11,17,1344
21470006969000,19,7,12,934.8
21470006974000,2,1,1,0
21470006975000,39,26,13,1552.2
21470006979000,136,63,73,5589.6
21470006980000,102,52,50,4243.2
21470006981000,14,7,7,487.2
21470006992000,9,7,2,363.6
21470006993000,8,4,4,195.2
21470006999000,4,3,1,0
21470007000000,5,3,2,328
21470007003000,6,2,4,241.8
21470007004000,32,17,15,966.4
21470007005000,7,4,3,238.7
21470007007000,2,1,1,0
21470007008000,11,7,4,603.9
21470007010000,23,13,10,966
21470007011000,17,7,10,737.8
21470007012000,3,2,1,0
21470007015000,28,15,13,1422.4
21470007020000,5,2,3,232
21470007021000,21,13,8,966
21470007026000,25,15,10,1070
21470007027000,12,7,5,321.6
21470007052000,5,2,3,175
21470007053000,4,1,3,0
21480006504000,17,7,10,756.5
21480006505000,20,10,10,1172
21480006506000,51,20,31,3054.9
21480006507000,76,42,34,2804.4
21480006508000,4,2,2,0
21480006510000,10,4,6,425
21480006511000,44,20,24,1566.4
21480006512000,17,9,8,887.4
21480006513000,33,15,18,1527.9
21480006514000,320,154,166,12192
21480006516000,12,6,6,405.6
21480006517000,76,38,38,2751.2
21480006518000,6,2,4,280.8
21480006524000,4,1,3,0
21480006525000,6,1,5,93
21480006526000,25,12,13,942.5
21480006528000,3,2,1,0
21480006529000,25,15,10,765
21480006531000,10,5,5,281
21480006532000,3,2,1,0
21480006540000,4,2,2,0
21480006541000,1,0,1,0
21480006569000,2,1,1,0
21480006570000,8,6,2,416
21480006571000,3,1,2,0
21480006592000,2,2,0,0
21480006593000,9,5,4,350.1
21480006603000,2,2,0,0
21480006623000,1,1,0,0
21480006640000,5,2,3,310
21480006642000,2,1,1,0
21480006652000,1,1,0,0
21480006653000,1,1,0,0
21480006656000,19,14,5,718.2
21480006657000,41,20,21,1676.9
21480006658000,1,0,1,0
21480006666000,1,1,0,0
21480006667000,22,10,12,1049.4
21480006668000,5,2,3,229
21480006676000,3,2,1,0
21480006682000,12,6,6,775.2
21480006683000,2,1,1,0
21480006697000,18,8,10,829.8
21480006737000,18,9,9,916.2
21480006738000,382,174,208,18909
21480006739000,387,177,210,17879.4
21480006740000,9,3,6,434.7
21480006741000,10,7,3,448
21480006742000,29,13,16,1276
21480006743000,3,3,0,0
21480006752000,1,1,0,0
21480006764000,15,12,3,550.5
21480006765000,19,12,7,1113.4
21480006766000,20,11,9,720
21480006797000,1,1,0,0
21480006860000,17,9,8,807.5
21480006861000,26,11,15,1157
21480006877000,21,13,8,690.9
21480006878000,72,43,29,2966.4
21480006879000,11,4,7,585.2
21480006919000,6,3,3,280.8
21480006920000,2,1,1,0
21480006921000,20,11,9,822
21480006922000,13,7,6,452.4
21480006945000,14,10,4,653.8
21480006965000,21,13,8,963.9
21480006966000,19,10,9,1027.9
21480006967000,61,31,30,2653.5
21480006968000,41,22,19,1414.5
21480006969000,41,21,20,1451.4
21480006975000,10,5,5,344
21480006980000,53,32,21,2268.4
21480006981000,17,11,6,586.5
21480006992000,36,19,17,1450.8
21480006993000,50,24,26,1880
21480006996000,4,1,3,0
21480006997000,95,56,39,3980.5
21480006998000,5,4,1,258
21480007001000,2,1,1,0
21480007008000,44,20,24,1698.4
21480007009000,40,21,19,1688
21480007010000,12,7,5,636
21480007011000,34,23,11,1319.2
21480007015000,10,4,6,341
21480007016000,2,0,2,0
21480007020000,3,2,1,0
21480007026000,52,25,27,2100.8
21480007027000,1,1,0,0
21480007053000,6,4,2,186
21490006504000,60,33,27,2520
21490006505000,147,68,79,6497.4
21490006506000,338,164,174,14770.6
21490006507000,38,20,18,1387
21490006508000,21,13,8,1033.2
21490006511000,72,38,34,3312
21490006512000,35,16,19,1708
21490006513000,13,5,8,592.8
21490006514000,76,39,37,2888
21490006516000,2,1,1,0
21490006517000,49,26,23,1847.3
21490006524000,1,0,1,0
21490006525000,7,3,4,210.7
21490006526000,1,0,1,0
21490006527000,2,1,1,0
21490006528000,11,5,6,393.8
21490006530000,2,1,1,0
21490006535000,1,0,1,0
21490006540000,17,8,9,916.3
21490006541000,3,1,2,0
21490006567000,30,14,16,1089
21490006568000,22,9,13,1194.6
21490006569000,21,12,9,674.1
21490006605000,7,3,4,242.2
21490006624000,9,4,5,540.9
21490006640000,18,8,10,711
21490006645000,5,3,2,236
21490006654000,31,14,17,920.7
21490006658000,24,12,12,1159.2
21490006659000,4,3,1,0
21490006665000,4,2,2,0
21490006666000,24,13,11,732
21490006667000,19,8,11,908.2
21490006681000,9,6,3,450
21490006682000,36,17,19,1476
21490006697000,5,3,2,142
21490006737000,4,3,1,0
21490006738000,6,4,2,423
21490006739000,76,33,43,3686
21490006740000,9,5,4,515.7
21490006741000,46,23,23,1771
21490006742000,3,2,1,0
21490006744000,3,1,2,0
21490006746000,6,4,2,187.2
21490006747000,4,2,2,0
21490006749000,5,3,2,145
21490006753000,5,1,4,131
21490006764000,21,10,11,770.7
21490006765000,261,132,129,8743.5
21490006860000,5,4,1,133
21490006861000,28,20,8,1125.6
21490006878000,81,35,46,3377.7
21490006879000,32,17,15,1465.6
21490006919000,4,1,3,0
21490006921000,1,1,0,0
21490006944000,17,9,8,877.2
21490006945000,13,7,6,458.9
21490006946000,1,1,0,0
21490006953000,1,1,0,0
21490006954000,3,1,2,0
21490006956000,8,4,4,368.8
21490006980000,27,12,15,1128.6
21490006981000,45,28,17,2052
21490006984000,38,21,17,1588.4
21490006985000,82,44,38,3403
21490006988000,13,8,5,438.1
21490006989000,3,3,0,0
21490006991000,1,1,0,0
21490006992000,36,18,18,1454.4
21490006993000,81,44,37,3037.5
21490006995000,6,4,2,313.2
21490006996000,12,6,6,481.2
21490006997000,22,10,12,860.2
21490007008000,2,1,1,0
21490007009000,13,6,7,512.2
21490007015000,2,1,1,0
21490007020000,10,6,4,456
21490007024000,3,2,1,0
21490007026000,30,12,18,1191
21490007027000,94,50,44,3684.8
21490007041000,2,2,0,0
21490007043000,4,0,4,0
21490007054000,16,10,6,529.6
21490007061000,2,1,1,0
21490007062000,127,63,64,6045.2
21500006505000,34,16,18,1509.6
21500006506000,139,63,76,5573.9
21500006507000,53,25,28,2067
21500006508000,12,9,3,463.2
21500006510000,5,3,2,134
21500006511000,21,9,12,1146.6
21500006512000,1,1,0,0
21500006515000,4,3,1,0
21500006517000,10,4,6,353
21500006518000,9,3,6,395.1
21500006519000,4,2,2,0
21500006524000,3,2,1,0
21500006527000,9,4,5,438.3
21500006528000,28,15,13,1058.4
21500006532000,7,5,2,350.7
21500006533000,4,2,2,0
21500006534000,21,8,13,846.3
21500006542000,6,2,4,252
21500006567000,19,6,13,792.3
21500006568000,91,49,42,3321.5
21500006569000,3,2,1,0
21500006605000,14,8,6,610.4
21500006624000,1,1,0,0
21500006625000,7,2,5,452.9
21500006639000,2,1,1,0
21500006640000,8,2,6,379.2
21500006641000,3,2,1,0
21500006654000,1,0,1,0
21500006659000,137,65,72,6178.7
21500006660000,18,10,8,829.8
21500006665000,1,0,1,0
21500006666000,135,66,69,6453
21500006667000,25,12,13,962.5
21500006673000,1,0,1,0
21500006674000,1,1,0,0
21500006675000,8,4,4,436.8
21500006676000,2,0,2,0
21500006681000,4,2,2,0
21500006682000,13,7,6,626.6
21500006697000,8,3,5,304
21500006740000,96,56,40,3667.2
21500006741000,71,42,29,2705.1
21500006763000,18,12,6,651.6
21500006764000,313,143,170,12958.2
21500006765000,164,89,75,6461.6
21500006796000,2,1,1,0
21500006861000,2,1,1,0
21500006862000,3,2,1,0
21500006878000,48,24,24,1977.6
21500006879000,122,54,68,4928.8
21500006918000,5,4,1,287
21500006919000,4,2,2,0
21500006980000,5,2,3,309
21500006981000,57,34,23,2302.8
21500006983000,12,6,6,573.6
21500006984000,11,5,6,572
21500006985000,132,64,68,5544
21500006986000,24,10,14,890.4
21500006991000,1,1,0,0
21500006994000,7,5,2,308
21500006995000,2,0,2,0
21500006996000,5,2,3,318
21500007009000,10,5,5,501
21500007026000,7,5,2,364.7
21500007027000,93,44,49,4677.9
21500007028000,1,1,0,0
21500007039000,2,1,1,0
21500007043000,10,3,7,325
21500007061000,99,46,53,4455
21500007062000,84,37,47,3914.4
21510006507000,29,14,15,1539.9
21510006508000,58,29,29,2702.8
21510006509000,64,28,36,2284.8
21510006510000,17,10,7,929.9
21510006511000,20,7,13,1082
21510006512000,17,8,9,809.2
21510006518000,12,7,5,558
21510006519000,115,55,60,4243.5
21510006522000,5,4,1,183
21510006523000,1,0,1,0
21510006524000,6,3,3,175.8
21510006525000,2,1,1,0
21510006528000,2,1,1,0
21510006529000,4,1,3,0
21510006536000,2,1,1,0
21510006542000,36,21,15,1062
21510006543000,41,24,17,1869.6
21510006547000,12,7,5,482.4
21510006567000,17,6,11,651.1
21510006569000,10,4,6,465
21510006604000,11,4,7,690.8
21510006605000,15,7,8,652.5
21510006625000,22,11,11,651.2
21510006627000,1,1,0,0
21510006637000,2,1,1,0
21510006639000,3,1,2,0
21510006640000,61,35,26,2696.2
21510006641000,4,2,2,0
21510006659000,222,105,117,9368.4
21510006660000,11,4,7,564.3
21510006665000,8,3,5,531.2
21510006666000,39,20,19,1532.7
21510006667000,31,13,18,1246.2
21510006668000,31,17,14,1345.4
21510006669000,22,12,10,976.8
21510006670000,10,6,4,323
21510006671000,7,4,3,312.2
21510006672000,20,10,10,868
21510006673000,8,5,3,347.2
21510006674000,16,10,6,652.8
21510006681000,8,3,5,488
21510006697000,9,6,3,367.2
21510006739000,10,5,5,400
21510006740000,6,2,4,207
21510006741000,61,30,31,2128.9
21510006742000,18,11,7,687.6
21510006762000,34,15,19,1152.6
21510006763000,7,3,4,382.2
21510006764000,59,34,25,2183
21510006794000,7,4,3,340.2
21510006795000,8,4,4,327.2
21510006860000,2,1,1,0
21510006863000,11,5,6,625.9
21510006864000,14,9,5,770
21510006878000,45,20,25,1786.5
21510006879000,46,22,24,2162
21510006880000,4,4,0,0
21510006918000,16,6,10,849.6
21510006981000,71,42,29,2037.7
21510006982000,5,3,2,125
21510006998000,1,0,1,0
21510006999000,31,17,14,1066.4
21510007007000,15,8,7,433.5
21510007009000,5,2,3,97
21510007010000,8,4,4,406.4
21510007016000,9,4,5,439.2
21510007020000,11,6,5,500.5
21510007021000,3,2,1,0
21510007028000,11,6,5,481.8
21510007039000,25,11,14,1105
21510007041000,4,2,2,0
21510007043000,7,4,3,205.8
21510007054000,1,1,0,0
21510007056000,43,21,22,1745.8
21520006507000,3,2,1,0
21520006508000,32,15,17,1574.4
21520006509000,23,12,11,926.9
21520006511000,1,1,0,0
21520006512000,11,5,6,449.9
21520006513000,7,5,2,380.8
21520006519000,12,7,5,710.4
21520006520000,140,73,67,6034
21520006521000,59,29,30,2112.2
21520006526000,19,11,8,680.2
21520006530000,3,1,2,0
21520006536000,1,1,0,0
21520006542000,1,0,1,0
21520006543000,41,22,19,1734.3
21520006544000,48,26,22,1948.8
21520006545000,13,5,8,392.6
21520006546000,6,5,1,114
21520006567000,11,7,4,449.9
21520006568000,1,1,0,0
21520006569000,2,1,1,0
21520006603000,14,9,5,586.6
21520006604000,57,30,27,2473.8
21520006605000,41,23,18,1808.1
21520006606000,4,2,2,0
21520006625000,10,5,5,587
21520006627000,2,1,1,0
21520006636000,5,3,2,242
21520006637000,2,1,1,0
21520006638000,4,2,2,0
21520006639000,24,12,12,1459.2
21520006641000,7,4,3,459.9
21520006659000,18,8,10,1170
21520006665000,29,14,15,788.8
21520006666000,42,26,16,1638
21520006667000,12,7,5,433.2
21520006672000,7,2,5,235.9
21520006679000,6,3,3,229.2
21520006680000,4,2,2,0
21520006697000,6,4,2,403.8
21520006740000,6,4,2,321
21520006741000,67,35,32,2907.8
21520006742000,11,5,6,445.5
21520006761000,41,21,20,1705.6
21520006762000,3,2,1,0
21520006763000,18,11,7,766.8
21520006764000,18,9,9,772.2
21520006793000,26,14,12,1201.2
21520006794000,74,31,43,3041.4
21520006797000,6,3,3,331.8
21520006865000,15,4,11,507
21520006877000,13,6,7,643.5
21520006878000,58,28,30,2697
21520006879000,54,31,23,2057.4
21520006918000,12,6,6,675.6
21520006968000,1,1,0,0
21520006981000,49,22,27,2082.5
21520006982000,3,0,3,0
21520006987000,1,0,1,0
21520006989000,2,1,1,0
21520006990000,7,4,3,205.8
21520006991000,13,6,7,439.4
21520006995000,1,0,1,0
21520006997000,22,11,11,899.8
21520006998000,34,17,17,1570.8
21520006999000,28,14,14,1226.4
21520007007000,5,2,3,169
21520007008000,10,8,2,448
21520007009000,12,5,7,477.6
21520007010000,21,11,10,1209.6
21520007014000,18,11,7,774
21520007015000,8,3,5,375.2
21520007020000,3,2,1,0
21520007028000,9,3,6,189.9
21520007040000,27,14,13,1036.8
21520007041000,13,8,5,713.7
21520007042000,1,1,0,0
21520007049000,1,1,0,0
21520007050000,7,4,3,219.1
21520007051000,11,6,5,393.8
21520007052000,7,3,4,277.2
21520007055000,24,12,12,739.2
21520007056000,123,61,62,5301.3
21530006508000,16,10,6,550.4
21530006509000,61,29,32,2488.8
21530006512000,1,1,0,0
21530006513000,61,27,34,2702.3
21530006516000,2,1,1,0
21530006519000,55,26,29,1380.5
21530006520000,74,37,37,2538.2
21530006521000,63,39,24,2494.8
21530006522000,44,23,21,1584
21530006523000,10,5,5,604
21530006525000,9,6,3,369.9
21530006528000,2,1,1,0
21530006531000,2,1,1,0
21530006534000,16,7,9,689.6
21530006536000,1,1,0,0
21530006542000,1,0,1,0
21530006543000,63,32,31,2362.5
21530006544000,24,12,12,861.6
21530006566000,3,1,2,0
21530006567000,7,6,1,266
21530006581000,5,3,2,204
21530006590000,5,3,2,301
21530006601000,3,2,1,0
21530006602000,18,9,9,507.6
21530006605000,5,3,2,255
21530006624000,2,1,1,0
21530006625000,25,15,10,1150
21530006635000,4,3,1,0
21530006637000,5,1,4,236
21530006638000,10,7,3,470
21530006639000,23,12,11,1235.1
21530006659000,101,51,50,3878.4
21530006660000,1,1,0,0
21530006664000,9,2,7,407.7
21530006666000,2,2,0,0
21530006674000,2,1,1,0
21530006675000,17,6,11,831.3
21530006676000,2,1,1,0
21530006678000,7,5,2,212.1
21530006697000,11,7,4,705.1
21530006698000,9,5,4,397.8
21530006718000,18,9,9,655.2
21530006739000,3,1,2,0
21530006740000,34,18,16,1414.4
21530006741000,5,3,2,365
21530006742000,8,2,6,319.2
21530006759000,1,0,1,0
21530006760000,7,6,1,230.3
21530006761000,103,53,50,4109.7
21530006762000,91,48,43,3467.1
21530006763000,38,18,20,1622.6
21530006793000,165,98,67,5544
21530006794000,2,2,0,0
21530006796000,17,8,9,844.9
21530006797000,4,2,2,0
21530006865000,6,3,3,250.8
21530006877000,32,15,17,1619.2
21530006878000,42,17,25,1642.2
21530006879000,5,3,2,365
21530006918000,9,6,3,253.8
21530006919000,2,1,1,0
21530006941000,7,5,2,256.2
21530006980000,5,2,3,144
21530006981000,11,4,7,544.5
21530006992000,10,6,4,463
21530006994000,3,2,1,0
21530006995000,10,6,4,283
21530006996000,2,1,1,0
21530006997000,4,1,3,0
21530007007000,11,6,5,427.9
21530007011000,2,1,1,0
21530007012000,9,5,4,542.7
21530007013000,7,4,3,375.9
21530007014000,1,1,0,0
21530007021000,2,1,1,0
21530007030000,1,1,0,0
21530007037000,2,1,1,0
21530007038000,4,3,1,0
21530007041000,85,35,50,5516.5
21530007049000,4,2,2,0
21530007051000,18,9,9,849.6
21530007052000,16,7,9,611.2
21530007055000,15,7,8,588
21540006509000,8,3,5,279.2
21540006510000,11,6,5,347.6
21540006512000,15,7,8,562.5
21540006513000,127,66,61,4749.8
21540006514000,19,9,10,851.2
21540006515000,13,6,7,488.8
21540006516000,9,3,6,189
21540006519000,12,6,6,652.8
21540006521000,12,6,6,316.8
21540006522000,12,6,6,530.4
21540006523000,2,1,1,0
21540006524000,2,1,1,0
21540006525000,34,17,17,1462
21540006526000,6,3,3,229.8
21540006527000,7,2,5,170.8
21540006535000,8,3,5,268
21540006541000,13,9,4,561.6
21540006542000,42,23,19,1537.2
21540006543000,106,58,48,4854.8
21540006544000,21,11,10,1029
21540006566000,8,5,3,328.8
21540006567000,5,3,2,244
21540006575000,6,4,2,321
21540006576000,5,2,3,160
21540006577000,4,2,2,0
21540006578000,11,5,6,410.3
21540006601000,13,6,7,425.1
21540006602000,73,37,36,3058.7
21540006603000,42,22,20,1444.8
21540006624000,11,6,5,421.3
21540006625000,25,12,13,1055
21540006631000,1,1,0,0
21540006634000,2,1,1,0
21540006635000,16,8,8,537.6
21540006636000,19,10,9,815.1
21540006638000,42,21,21,1625.4
21540006639000,23,13,10,726.8
21540006659000,22,11,11,1124.2
21540006660000,2,2,0,0
21540006661000,2,1,1,0
21540006663000,4,2,2,0
21540006664000,2,1,1,0
21540006674000,33,17,16,1131.9
21540006675000,5,4,1,143
21540006697000,20,10,10,902
21540006698000,15,9,6,645
21540006740000,15,9,6,877.5
21540006742000,50,25,25,2235
21540006743000,29,15,14,1078.8
21540006758000,3,2,1,0
21540006760000,6,3,3,313.8
21540006761000,253,127,126,7640.6
21540006762000,44,17,27,1768.8
21540006793000,101,46,55,5241.9
21540006795000,2,1,1,0
21540006867000,3,2,1,0
21540006868000,11,6,5,379.5
21540006869000,12,4,8,327.6
21540006877000,19,12,7,984.2
21540006878000,20,12,8,944
21540006917000,11,5,6,584.1
21540006918000,5,3,2,215
21540006980000,45,22,23,2083.5
21540006988000,6,4,2,169.2
21540006990000,5,3,2,162
21540006991000,1,1,0,0
21540006992000,156,87,69,6286.8
21540006993000,186,97,89,6882
21540006994000,307,147,160,14858.8
21540006995000,1,0,1,0
21540006998000,1,1,0,0
21540007029000,8,3,5,270.4
21540007030000,6,3,3,237
21540007038000,2,0,2,0
21540007041000,29,15,14,954.1
21540007048000,6,5,1,307.2
21540007049000,2,1,1,0
21540007050000,16,6,10,465.6
21540007051000,8,4,4,323.2
21540007052000,16,8,8,643.2
21540007053000,16,11,5,529.6
21540007054000,2,2,0,0
21540007055000,53,28,25,2310.8
21550006509000,6,2,4,265.8
21550006510000,100,47,53,4410
21550006513000,23,10,13,1442.1
21550006514000,4,2,2,0
21550006515000,5,2,3,163
21550006518000,2,1,1,0
21550006519000,29,15,14,1255.7
21550006520000,3,2,1,0
21550006522000,8,5,3,323.2
21550006523000,10,7,3,261
21550006524000,38,17,21,1561.8
21550006525000,140,69,71,5488
21550006526000,26,15,11,1110.2
21550006527000,3,1,2,0
21550006529000,5,3,2,193
21550006532000,6,2,4,235.8
21550006536000,4,2,2,0
21550006540000,13,6,7,579.8
21550006541000,122,66,56,5612
21550006542000,171,94,77,7968.6
21550006543000,48,25,23,1800
21550006544000,16,8,8,552
21550006558000,5,1,4,161
21550006566000,7,3,4,249.2
21550006570000,4,3,1,0
21550006571000,2,1,1,0
21550006579000,5,3,2,288
21550006590000,1,1,0,0
21550006591000,1,1,0,0
21550006597000,3,2,1,0
21550006598000,1,0,1,0
21550006601000,28,15,13,949.2
21550006602000,17,9,8,644.3
21550006625000,5,2,3,123
21550006631000,1,1,0,0
21550006632000,9,3,6,352.8
21550006633000,2,1,1,0
21550006660000,8,3,5,436
21550006661000,1,1,0,0
21550006662000,10,5,5,483
21550006663000,3,1,2,0
21550006666000,129,48,81,7598.1
21550006667000,121,61,60,5239.3
21550006670000,6,3,3,150
21550006671000,11,5,6,379.5
21550006672000,26,11,15,769.6
21550006673000,12,5,7,411.6
21550006674000,33,19,14,1630.2
21550006696000,3,2,1,0
21550006697000,69,36,33,2980.8
21550006698000,24,14,10,1104
21550006716000,1,1,0,0
21550006719000,8,5,3,262.4
21550006740000,20,9,11,798
21550006741000,12,8,4,334.8
21550006742000,65,30,35,2723.5
21550006743000,12,6,6,435.6
21550006758000,15,10,5,621
21550006759000,3,0,3,0
21550006760000,4,1,3,0
21550006761000,36,20,16,1738.8
21550006793000,41,21,20,2140.2
21550006794000,39,20,19,1450.8
21550006869000,9,5,4,372.6
21550006870000,6,3,3,238.2
21550006876000,1,1,0,0
21550006877000,16,7,9,812.8
21550006878000,19,11,8,913.9
21550006917000,101,53,48,4575.3
21550006918000,26,13,13,1058.2
21550006938000,16,7,9,454.4
21550006979000,4,3,1,0
21550006980000,11,4,7,558.8
21550006984000,8,3,5,262.4
21550006990000,13,5,8,716.3
21550006991000,16,10,6,534.4
21550006993000,154,69,85,7161
21550006994000,200,96,104,9220
21550006995000,30,16,14,1212
21550006998000,2,2,0,0
21550007015000,2,1,1,0
21550007017000,5,2,3,227
21550007026000,7,3,4,436.1
21550007027000,17,10,7,824.5
21550007028000,8,5,3,455.2
21550007029000,8,5,3,408.8
21550007035000,10,6,4,494
21550007041000,4,3,1,0
21550007045000,4,3,1,0
21550007050000,5,4,1,126
21550007052000,11,7,4,436.7
21550007055000,30,13,17,1146
21560006510000,6,3,3,358.8
21560006513000,14,6,8,831.6
21560006514000,7,4,3,499.8
21560006516000,2,1,1,0
21560006518000,14,7,7,694.4
21560006519000,52,25,27,2272.4
21560006520000,60,31,29,2436
21560006523000,6,4,2,348
21560006524000,105,48,57,4242
21560006525000,13,7,6,551.2
21560006527000,31,19,12,1426
21560006535000,5,2,3,247
21560006536000,37,20,17,1376.4
21560006539000,3,2,1,0
21560006540000,24,11,13,871.2
21560006541000,37,19,18,1457.8
21560006542000,103,50,53,3986.1
21560006543000,54,27,27,1728
21560006544000,8,5,3,440.8
21560006565000,19,11,8,798
21560006566000,10,6,4,495
21560006569000,5,2,3,305
21560006571000,28,15,13,1198.4
21560006572000,14,6,8,593.6
21560006573000,5,2,3,263
21560006574000,7,4,3,240.1
21560006590000,2,1,1,0
21560006591000,12,6,6,519.6
21560006597000,3,2,1,0
21560006600000,23,15,8,1044.2
21560006601000,53,27,26,2263.1
21560006625000,20,10,10,958
21560006632000,3,1,2,0
21560006660000,6,3,3,222
21560006665000,49,22,27,1504.3
21560006666000,170,79,91,7361
21560006667000,34,14,20,1550.4
21560006668000,13,6,7,526.5
21560006669000,6,3,3,247.2
21560006670000,43,21,22,2210.2
21560006671000,68,32,36,2570.4
21560006672000,41,19,22,1947.5
21560006673000,5,4,1,188
21560006693000,2,1,1,0
21560006696000,4,2,2,0
21560006697000,64,30,34,2464
21560006698000,22,11,11,712.8
21560006718000,16,11,5,688
21560006719000,31,16,15,1559.3
21560006741000,80,37,43,3144
21560006742000,19,10,9,934.8
21560006743000,2,1,1,0
21560006758000,15,6,9,543
21560006759000,5,3,2,233
21560006760000,12,7,5,415.2
21560006793000,19,11,8,689.7
21560006794000,53,22,31,2220.7
21560006796000,9,6,3,375.3
21560006870000,20,13,7,830
21560006876000,15,8,7,534
21560006877000,9,6,3,415.8
21560006878000,37,23,14,1520.7
21560006917000,7,5,2,287
21560006918000,7,5,2,436.1
21560006976000,1,0,1,0
21560006979000,5,2,3,151
21560006982000,7,4,3,247.1
21560006983000,5,2,3,133
21560006987000,8,5,3,500.8
21560006994000,17,9,8,795.6
21560006995000,3,1,2,0
21560006999000,10,5,5,577
21560007012000,1,1,0,0
21560007013000,13,5,8,608.4
21560007015000,13,6,7,679.9
21560007018000,1,0,1,0
21560007021000,17,10,7,683.4
21560007022000,4,2,2,0
21560007023000,6,5,1,265.8
21560007025000,8,5,3,336
21560007026000,21,10,11,831.6
21560007027000,21,9,12,1803.9
21560007036000,32,16,16,963.2
21560007041000,15,10,5,619.5
21560007045000,8,3,5,236.8
21560007055000,50,20,30,2325
21560007056000,46,24,22,2028.6
21570006512000,6,3,3,286.8
21570006514000,1,0,1,0
21570006515000,23,15,8,621
21570006516000,39,23,16,1669.2
21570006517000,6,4,2,234
21570006519000,5,2,3,347
21570006520000,50,25,25,2420
21570006523000,10,5,5,452
21570006524000,108,58,50,4233.6
21570006526000,7,4,3,310.8
21570006527000,81,42,39,3312.9
21570006528000,153,72,81,6609.6
21570006529000,7,3,4,200.2
21570006531000,8,5,3,307.2
21570006532000,107,52,55,4419.1
21570006533000,106,56,50,3837.2
21570006534000,2,1,1,0
21570006535000,54,17,37,3234.6
21570006536000,29,14,15,1157.1
21570006538000,8,5,3,255.2
21570006539000,36,20,16,1461.6
21570006542000,19,10,9,847.4
21570006543000,20,10,10,942
21570006565000,23,13,10,809.6
21570006566000,3,2,1,0
21570006572000,47,27,20,1776.6
21570006573000,32,19,13,1164.8
21570006587000,2,1,1,0
21570006590000,7,5,2,289.8
21570006591000,37,18,19,1239.5
21570006600000,33,12,21,1039.5
21570006601000,30,19,11,825
21570006602000,13,6,7,405.6
21570006623000,19,9,10,915.8
21570006624000,105,51,54,4830
21570006625000,8,3,5,326.4
21570006664000,2,1,1,0
21570006667000,6,4,2,160.8
21570006668000,23,12,11,871.7
21570006669000,6,4,2,180
21570006670000,19,10,9,1010.8
21570006696000,24,10,14,1034.4
21570006697000,161,85,76,6214.6
21570006698000,2,0,2,0
21570006718000,21,10,11,1039.5
21570006719000,29,15,14,1290.5
21570006727000,1,1,0,0
21570006741000,165,79,86,7821
21570006742000,42,20,22,1776.6
21570006751000,2,2,0,0
21570006758000,9,3,6,376.2
21570006759000,4,2,2,0
21570006794000,11,5,6,258.5
21570006795000,14,8,6,624.4
21570006796000,5,2,3,250
21570006797000,11,4,7,642.4
21570006870000,12,7,5,517.2
21570006871000,16,8,8,617.6
21570006875000,3,2,1,0
21570006876000,14,5,9,606.2
21570006877000,8,6,2,260
21570006878000,8,4,4,338.4
21570006917000,12,7,5,554.4
21570006918000,18,6,12,545.4
21570006962000,5,2,3,135
21570006982000,12,6,6,495.6
21570006987000,13,6,7,573.3
21570006994000,8,4,4,488.8
21570006995000,27,14,13,1115.1
21570006999000,6,2,4,391.2
21570007000000,40,19,21,1984
21570007001000,26,14,12,1398.8
21570007011000,34,19,15,1088
21570007012000,4,3,1,0
21570007021000,5,4,1,303
21570007024000,5,4,1,322
21570007026000,11,7,4,415.8
21570007027000,7,4,3,434
21570007029000,1,0,1,0
21570007031000,1,0,1,0
21570007036000,1,0,1,0
21570007042000,3,1,2,0
21570007043000,46,27,19,2083.8
21570007045000,3,1,2,0
21570007050000,1,0,1,0
21570007051000,1,0,1,0
21570007052000,4,1,3,0
21570007053000,2,1,1,0
21570007054000,58,30,28,2795.6
21570007055000,20,10,10,744
21580006515000,74,43,31,3085.8
21580006516000,48,22,26,2275.2
21580006519000,8,4,4,238.4
21580006520000,11,5,6,519.2
21580006521000,4,2,2,0
21580006522000,5,3,2,188
21580006523000,56,28,28,2156
21580006524000,4,3,1,0
21580006526000,4,1,3,0
21580006527000,13,7,6,535.6
21580006528000,19,9,10,761.9
21580006529000,26,13,13,891.8
21580006530000,40,22,18,1700
21580006531000,27,12,15,980.1
21580006532000,19,10,9,946.2
21580006533000,163,75,88,6373.3
21580006534000,206,96,110,7395.4
21580006535000,26,9,17,1833
21580006536000,53,30,23,2188.9
21580006537000,31,17,14,1528.3
21580006538000,52,25,27,2069.6
21580006539000,18,9,9,831.6
21580006553000,7,4,3,238
21580006565000,18,7,11,662.4
21580006566000,19,10,9,820.8
21580006567000,1,1,0,0
21580006571000,20,13,7,1002
21580006572000,8,5,3,346.4
21580006590000,2,1,1,0
21580006591000,36,19,17,1598.4
21580006598000,13,6,7,423.8
21580006600000,4,2,2,0
21580006601000,5,2,3,324
21580006602000,38,19,19,1375.6
21580006623000,36,20,16,1515.6
21580006624000,110,56,54,4598
21580006625000,91,42,49,2848.3
21580006674000,5,3,2,100
21580006696000,23,14,9,936.1
21580006697000,43,25,18,1904.9
21580006718000,13,8,5,464.1
21580006741000,80,46,34,2600
21580006742000,73,37,36,2861.6
21580006746000,32,23,9,752
21580006756000,4,3,1,0
21580006758000,11,6,5,539
21580006759000,8,4,4,368.8
21580006797000,22,11,11,924
21580006870000,15,7,8,886.5
21580006871000,37,19,18,1528.1
21580006875000,33,18,15,1422.3
21580006876000,7,4,3,452.2
21580006877000,4,2,2,0
21580006916000,7,5,2,240.8
21580006917000,23,13,10,867.1
21580006964000,2,1,1,0
21580006976000,14,6,8,739.2
21580006982000,2,2,0,0
21580006984000,15,8,7,637.5
21580006985000,17,10,7,695.3
21580006986000,21,11,10,1003.8
21580006987000,47,25,22,1579.2
21580006995000,33,15,18,1250.7
21580007000000,37,22,15,1483.7
21580007001000,7,5,2,440.3
21580007002000,10,5,5,460
21580007008000,2,1,1,0
21580007009000,35,16,19,1550.5
21580007010000,17,7,10,686.8
21580007011000,91,45,46,4013.1
21580007019000,3,1,2,0
21580007026000,23,12,11,1025.8
21580007027000,7,4,3,200.2
21580007029000,6,4,2,133.8
21580007037000,5,2,3,345
21580007043000,26,13,13,1149.2
21580007047000,12,4,8,445.2
21580007048000,7,4,3,464.8
21580007049000,12,5,7,446.4
21580007050000,35,20,15,1477
21580007051000,40,22,18,1956
21580007052000,56,29,27,2340.8
21580007053000,25,14,11,1255
21590006513000,11,3,8,467.5
21590006514000,64,31,33,3372.8
21590006515000,134,80,54,5628
21590006516000,21,11,10,777
21590006517000,1,1,0,0
21590006520000,19,9,10,929.1
21590006521000,7,2,5,345.1
21590006523000,44,25,19,1839.2
21590006524000,6,2,4,202.8
21590006526000,4,3,1,0
21590006527000,17,10,7,731
21590006530000,6,3,3,340.8
21590006531000,8,3,5,340
21590006532000,5,1,4,236
21590006533000,58,26,32,2250.4
21590006534000,2,1,1,0
21590006535000,13,8,5,522.6
21590006536000,21,15,6,630
21590006537000,111,56,55,4473.3
21590006538000,7,4,3,464.1
21590006562000,12,7,5,568.8
21590006563000,5,3,2,348
21590006564000,6,4,2,189
21590006565000,379,174,205,16751.8
21590006566000,500,235,265,20100
21590006567000,21,11,10,737.1
21590006571000,16,7,9,723.2
21590006572000,14,8,6,777
21590006590000,2,1,1,0
21590006591000,34,15,19,1516.4
21590006597000,8,4,4,319.2
21590006598000,10,5,5,402
21590006601000,68,39,29,2672.4
21590006602000,35,16,19,1064
21590006603000,6,4,2,312
21590006623000,120,60,60,5052
21590006624000,15,6,9,1053
21590006625000,5,3,2,126
21590006630000,2,1,1,0
21590006631000,4,3,1,0
21590006659000,8,4,4,492
21590006660000,2,1,1,0
21590006696000,42,21,21,1906.8
21590006697000,13,6,7,600.6
21590006727000,1,1,0,0
21590006741000,2,1,1,0
21590006742000,27,14,13,1228.5
21590006743000,5,2,3,204
21590006753000,2,1,1,0
21590006757000,23,16,7,1051.1
21590006758000,5,2,3,254
21590006796000,11,7,4,589.6
21590006797000,15,7,8,766.5
21590006798000,13,7,6,591.5
21590006870000,3,2,1,0
21590006871000,45,22,23,2178
21590006874000,13,7,6,533
21590006876000,9,4,5,468.9
21590006915000,8,3,5,256
21590006964000,7,4,3,286.3
21590006965000,10,4,6,465
21590006975000,1,1,0,0
21590006976000,12,6,6,456
21590006977000,23,10,13,830.3
21590006984000,33,23,10,1491.6
21590006985000,10,6,4,343
21590006986000,13,7,6,559
21590006987000,17,8,9,906.1
21590006988000,60,35,25,3018
21590006994000,28,14,14,1106
21590006995000,12,7,5,639.6
21590006996000,12,6,6,355.2
21590007011000,33,16,17,1234.2
21590007012000,21,9,12,1008
21590007016000,4,2,2,0
21590007017000,7,3,4,424.9
21590007018000,5,2,3,247
21590007019000,6,2,4,328.8
21590007025000,4,3,1,0
21590007028000,34,17,17,1693.2
21590007029000,2,1,1,0
21590007044000,57,35,22,1852.5
21590007046000,8,5,3,336
21590007048000,12,6,6,282
21590007051000,11,4,7,580.8
21600006515000,10,6,4,376
21600006516000,23,14,9,676.2
21600006517000,14,6,8,730.8
21600006518000,17,9,8,889.1
21600006519000,26,16,10,819
21600006520000,47,24,23,2119.7
21600006521000,6,2,4,201
21600006523000,12,6,6,583.2
21600006524000,2,1,1,0
21600006526000,8,2,6,227.2
21600006527000,11,8,3,445.5
21600006531000,3,0,3,0
21600006532000,1,1,0,0
21600006533000,2,1,1,0
21600006535000,5,2,3,163
21600006536000,20,9,11,850
21600006537000,94,51,43,3835.2
21600006538000,10,6,4,429
21600006539000,2,0,2,0
21600006546000,2,1,1,0
21600006549000,24,14,10,926.4
21600006559000,1,0,1,0
21600006561000,27,14,13,847.8
21600006562000,48,23,25,1843.2
21600006563000,17,10,7,732.7
21600006564000,16,9,7,764.8
21600006565000,196,105,91,6546.4
21600006566000,193,77,116,9804.4
21600006567000,6,3,3,192
21600006570000,1,0,1,0
21600006571000,6,3,3,421.8
21600006587000,15,9,6,528
21600006588000,40,25,15,1708
21600006590000,11,8,3,457.6
21600006591000,8,4,4,372
21600006597000,27,13,14,1190.7
21600006598000,9,5,4,350.1
21600006600000,10,5,5,440
21600006601000,59,31,28,2424.9
21600006602000,38,17,21,1599.8
21600006603000,83,41,42,3369.8
21600006604000,5,2,3,249
21600006623000,10,3,7,394
21600006624000,1,1,0,0
21600006626000,5,4,1,215
21600006629000,4,1,3,0
21600006633000,2,1,1,0
21600006650000,10,6,4,529
21600006651000,5,2,3,265
21600006658000,2,1,1,0
21600006659000,4,2,2,0
21600006661000,3,3,0,0
21600006695000,1,1,0,0
21600006696000,30,13,17,1284
21600006697000,8,6,2,319.2
21600006699000,1,1,0,0
21600006700000,7,4,3,189
21600006721000,2,1,1,0
21600006727000,1,0,1,0
21600006741000,11,8,3,392.7
21600006742000,18,8,10,727.2
21600006743000,2,1,1,0
21600006746000,5,2,3,169
21600006752000,7,3,4,270.9
21600006753000,3,3,0,0
21600006754000,7,5,2,324.1
21600006757000,17,9,8,945.2
21600006765000,2,1,1,0
21600006797000,36,15,21,1630.8
21600006798000,39,23,16,1692.6
21600006871000,12,8,4,606
21600006872000,139,74,65,5699
21600006873000,259,122,137,10800.3
21600006874000,4,2,2,0
21600006914000,18,9,9,565.2
21600006915000,15,8,7,610.5
21600006965000,13,4,9,592.8
21600006966000,8,4,4,300
21600006976000,2,1,1,0
21600006982000,2,1,1,0
21600006983000,2,1,1,0
21600006987000,2,2,0,0
21600006988000,1,0,1,0
21600006989000,20,9,11,662
21600006990000,1,0,1,0
21600006992000,2,1,1,0
21600006993000,3,2,1,0
21600006996000,14,7,7,733.6
21600006997000,26,13,13,1066
21600007011000,9,4,5,288
21600007012000,27,13,14,928.8
21600007013000,9,3,6,492.3
21600007014000,19,7,12,792.3
21600007015000,28,15,13,1422.4
21600007016000,7,3,4,273.7
21600007017000,28,15,13,1153.6
21600007018000,14,7,7,474.6
21600007026000,5,2,3,146
21600007038000,3,1,2,0
21600007039000,7,4,3,422.8
21600007044000,1,0,1,0
21600007045000,10,3,7,579
21600007046000,13,8,5,625.3
21610006517000,4,3,1,0
21610006519000,2,2,0,0
21610006520000,55,22,33,2464
21610006521000,2,1,1,0
21610006523000,42,20,22,1764
21610006524000,4,1,3,0
21610006525000,13,4,9,479.7
21610006526000,5,3,2,312
21610006527000,3,2,1,0
21610006531000,23,13,10,995.9
21610006537000,13,11,2,530.4
21610006538000,7,2,5,238.7
21610006539000,2,0,2,0
21610006549000,43,23,20,1892
21610006559000,5,3,2,278
21610006560000,1,1,0,0
21610006561000,11,5,6,489.5
21610006562000,3,2,1,0
21610006566000,41,22,19,1627.7
21610006569000,14,9,5,669.2
21610006570000,24,14,10,904.8
21610006587000,34,14,20,1169.6
21610006588000,14,8,6,669.2
21610006593000,1,0,1,0
21610006594000,4,1,3,0
21610006596000,9,3,6,483.3
21610006597000,58,30,28,2610
21610006598000,14,8,6,803.6
21610006599000,14,6,8,676.2
21610006600000,167,81,86,5678
21610006601000,79,41,38,2812.4
21610006602000,42,22,20,1843.8
21610006603000,52,29,23,2095.6
21610006604000,98,47,51,3782.8
21610006605000,32,17,15,918.4
21610006606000,9,5,4,264.6
21610006608000,2,1,1,0
21610006621000,14,7,7,442.4
21610006622000,9,5,4,430.2
21610006623000,53,28,25,2358.5
21610006629000,8,4,4,400
21610006633000,12,5,7,394.8
21610006636000,1,1,0,0
21610006637000,6,4,2,349.8
21610006649000,4,3,1,0
21610006659000,5,4,1,136
21610006696000,19,9,10,1172.3
21610006699000,27,14,13,947.7
21610006715000,2,1,1,0
21610006726000,3,1,2,0
21610006727000,2,1,1,0
21610006741000,20,9,11,726
21610006742000,16,7,9,763.2
21610006744000,1,1,0,0
21610006751000,1,1,0,0
21610006752000,16,6,10,564.8
21610006756000,4,1,3,0
21610006795000,1,1,0,0
21610006797000,2,1,1,0
21610006798000,60,30,30,2436
21610006799000,15,4,11,679.5
21610006872000,330,163,167,15180
21610006873000,81,44,37,3231.9
21610006913000,16,9,7,665.6
21610006914000,19,11,8,784.7
21610006915000,6,4,2,312
21610006966000,13,9,4,605.8
21610006975000,3,1,2,0
21610006983000,9,5,4,424.8
21610006988000,9,4,5,401.4
21610006989000,1,0,1,0
21610006990000,12,3,9,399.6
21610006991000,4,2,2,0
21610006992000,7,5,2,396.2
21610006993000,6,1,5,100.8
21610006997000,3,1,2,0
21610006998000,1,1,0,0
21610007004000,8,4,4,350.4
21610007011000,3,2,1,0
21610007013000,13,6,7,622.7
21610007016000,28,11,17,1335.6
21610007019000,7,3,4,296.1
21610007025000,4,3,1,0
21610007028000,4,3,1,0
21620006517000,1,1,0,0
21620006519000,9,5,4,354.6
21620006520000,98,49,49,3616.2
21620006521000,10,5,5,697
21620006522000,4,2,2,0
21620006523000,16,9,7,566.4
21620006527000,15,8,7,490.5
21620006528000,4,2,2,0
21620006543000,25,13,12,960
21620006544000,8,4,4,352
21620006545000,1,0,1,0
21620006546000,22,12,10,778.8
21620006547000,25,10,15,670
21620006548000,72,33,39,3002.4
21620006549000,58,33,25,2157.6
21620006550000,15,8,7,813
21620006554000,4,2,2,0
21620006559000,10,4,6,503
21620006561000,8,4,4,442.4
21620006567000,21,13,8,863.1
21620006568000,18,10,8,754.2
21620006569000,29,12,17,997.6
21620006575000,2,1,1,0
21620006587000,67,31,36,2465.6
21620006588000,11,4,7,578.6
21620006589000,1,1,0,0
21620006593000,19,9,10,706.8
21620006594000,46,24,22,2047
21620006595000,11,7,4,506
21620006596000,18,9,9,831.6
21620006597000,24,11,13,864
21620006598000,49,25,24,1950.2
21620006599000,74,37,37,3285.6
21620006600000,40,20,20,1480
21620006601000,280,136,144,10892
21620006602000,181,89,92,7457.2
21620006603000,95,43,52,3581.5
21620006604000,1,1,0,0
21620006605000,47,21,26,1786
21620006606000,6,3,3,181.2
21620006621000,26,12,14,990.6
21620006622000,19,11,8,636.5
21620006623000,47,26,21,1865.9
21620006627000,3,1,2,0
21620006630000,5,3,2,186
21620006633000,6,3,3,184.2
21620006636000,2,1,1,0
21620006637000,6,3,3,259.2
21620006644000,1,1,0,0
21620006645000,1,0,1,0
21620006647000,2,1,1,0
21620006658000,2,1,1,0
21620006695000,5,3,2,89
21620006696000,3,2,1,0
21620006698000,12,6,6,638.4
21620006741000,4,2,2,0
21620006742000,13,5,8,434.2
21620006743000,4,1,3,0
21620006750000,1,0,1,0
21620006751000,16,8,8,793.6
21620006756000,1,1,0,0
21620006795000,13,7,6,605.8
21620006796000,24,10,14,1132.8
21620006797000,22,11,11,1014.2
21620006798000,5,2,3,206
21620006799000,15,8,7,727.5
21620006872000,61,28,33,2232.6
21620006873000,25,12,13,755
21620006912000,1,1,0,0
21620006913000,5,2,3,101
21620006966000,12,7,5,477.6
21620006975000,10,5,5,597
21620006984000,2,1,1,0
21620006989000,13,7,6,399.1
21620007002000,7,4,3,266.7
21620007004000,21,11,10,957.6
21620007005000,7,3,4,224.7
21620007011000,4,3,1,0
21620007016000,126,60,66,6300
21620007019000,8,4,4,435.2
21620007028000,3,2,1,0
21620007031000,5,3,2,318
21620007032000,6,3,3,222
21630006518000,6,3,3,225
21630006519000,9,5,4,291.6
21630006520000,11,5,6,489.5
21630006521000,99,52,47,3356.1
21630006522000,125,63,62,4637.5
21630006523000,24,15,9,1041.6
21630006524000,3,2,1,0
21630006527000,30,15,15,948
21630006529000,5,3,2,169
21630006538000,2,1,1,0
21630006541000,3,2,1,0
21630006542000,1,1,0,0
21630006544000,11,6,5,645.7
21630006545000,28,11,17,1327.2
21630006546000,43,22,21,1646.9
21630006547000,40,22,18,1388
21630006549000,1,1,0,0
21630006550000,51,27,24,2203.2
21630006551000,1,0,1,0
21630006552000,22,9,13,1031.8
21630006560000,10,6,4,463
21630006561000,16,7,9,588.8
21630006586000,20,11,9,844
21630006587000,123,56,67,4428
21630006588000,135,62,73,5980.5
21630006589000,43,22,21,2076.9
21630006590000,20,10,10,698
21630006591000,15,7,8,613.5
21630006592000,26,14,12,1201.2
21630006593000,29,16,13,1264.4
21630006594000,30,18,12,1182
21630006595000,22,11,11,1086.8
21630006596000,1,0,1,0
21630006599000,658,342,316,20661.2
21630006600000,637,292,345,26435.5
21630006601000,568,262,306,27548
21630006602000,84,44,40,3007.2
21630006603000,40,15,25,1844
21630006604000,76,37,39,2363.6
21630006605000,16,9,7,577.6
21630006610000,1,1,0,0
21630006621000,44,26,18,1518
21630006622000,9,5,4,365.4
21630006623000,4,2,2,0
21630006624000,4,1,3,0
21630006628000,5,3,2,198
21630006630000,25,15,10,890
21630006631000,17,8,9,759.9
21630006632000,27,13,14,1155.6
21630006633000,10,6,4,443
21630006634000,6,3,3,273
21630006635000,51,30,21,2218.5
21630006636000,6,3,3,234
21630006645000,10,6,4,541
21630006646000,1,1,0,0
21630006649000,8,4,4,324
21630006650000,1,0,1,0
21630006657000,4,3,1,0
21630006695000,4,3,1,0
21630006697000,12,6,6,405.6
21630006698000,10,5,5,353
21630006705000,2,1,1,0
21630006707000,8,4,4,407.2
21630006708000,2,1,1,0
21630006716000,2,1,1,0
21630006726000,4,4,0,0
21630006743000,52,29,23,2646.8
21630006744000,2,1,1,0
21630006750000,10,7,3,527
21630006751000,2,1,1,0
21630006752000,2,2,0,0
21630006755000,1,1,0,0
21630006763000,1,1,0,0
21630006797000,5,2,3,325
21630006798000,7,3,4,303.8
21630006873000,51,28,23,2101.2
21630006874000,6,4,2,166.8
21630006875000,3,2,1,0
21630006912000,11,6,5,511.5
21630006913000,9,4,5,341.1
21630006967000,22,11,11,1093.4
21630006968000,55,28,27,1969
21630006969000,22,13,9,772.2
21630006970000,11,4,7,333.3
21630006971000,47,22,25,2279.5
21630006972000,3,2,1,0
21630006990000,9,6,3,307.8
21630007003000,36,21,15,1414.8
21630007005000,15,7,8,964.5
21630007011000,2,1,1,0
21630007012000,7,4,3,312.9
21630007013000,6,3,3,367.2
21630007015000,3,1,2,0
21630007016000,93,43,50,4212.9
21630007030000,10,6,4,458
21630007033000,6,3,3,213
21640006518000,17,7,10,885.7
21640006519000,29,16,13,1496.4
21640006520000,34,21,13,1400.8
21640006521000,160,80,80,5488
21640006522000,882,434,448,34221.6
21640006523000,236,127,109,9628.8
21640006524000,13,8,5,440.7
21640006526000,19,10,9,830.3
21640006527000,12,9,3,378
21640006529000,5,3,2,243
21640006530000,1,1,0,0
21640006534000,5,2,3,113
21640006542000,3,2,1,0
21640006543000,19,12,7,689.7
21640006544000,51,26,25,2565.3
21640006545000,19,10,9,889.2
21640006546000,4,1,3,0
21640006548000,4,3,1,0
21640006549000,6,2,4,238.8
21640006550000,31,16,15,1032.3
21640006551000,257,113,144,12001.9
21640006552000,39,18,21,1216.8
21640006559000,2,1,1,0
21640006560000,3,3,0,0
21640006561000,4,2,2,0
21640006585000,14,6,8,544.6
21640006586000,94,46,48,3703.6
21640006587000,563,280,283,23927.5
21640006588000,618,262,356,29973
21640006589000,88,47,41,3652
21640006590000,29,18,11,1392
21640006591000,47,25,22,2053.9
21640006592000,67,31,36,3008.3
21640006593000,23,14,9,949.9
21640006594000,3,2,1,0
21640006599000,60,31,29,2640
21640006600000,449,220,229,16657.9
21640006601000,139,75,64,4920.6
21640006602000,39,22,17,1626.3
21640006603000,77,39,38,3426.5
21640006604000,332,169,163,11354.4
21640006606000,2,1,1,0
21640006607000,9,5,4,401.4
21640006608000,6,3,3,282
21640006609000,7,5,2,312.9
21640006619000,1,0,1,0
21640006620000,12,7,5,513.6
21640006621000,16,10,6,881.6
21640006622000,24,12,12,1173.6
21640006630000,21,9,12,932.4
21640006631000,57,27,30,2234.4
21640006632000,95,37,58,5035
21640006633000,7,5,2,315.7
21640006634000,13,8,5,683.8
21640006635000,32,15,17,1190.4
21640006636000,26,16,10,1250.6
21640006637000,8,5,3,444.8
21640006638000,7,4,3,319.2
21640006639000,6,4,2,264
21640006649000,5,4,1,287
21640006650000,5,3,2,240
21640006651000,13,7,6,600.6
21640006683000,2,1,1,0
21640006695000,11,4,7,338.8
21640006696000,167,84,83,6396.1
21640006697000,27,11,16,1296
21640006702000,44,20,24,1817.2
21640006721000,1,0,1,0
21640006743000,44,24,20,1962.4
21640006744000,6,4,2,201
21640006750000,22,13,9,985.6
21640006751000,5,2,3,97
21640006752000,11,5,6,612.7
21640006753000,2,1,1,0
21640006795000,24,14,10,1144.8
21640006796000,14,6,8,624.4
21640006797000,7,3,4,226.8
21640006873000,50,20,30,1905
21640006874000,19,11,8,986.1
21640006875000,14,8,6,536.2
21640006911000,1,0,1,0
21640006912000,51,21,30,2351.1
21640006969000,9,3,6,270.9
21640006970000,29,16,13,1452.9
21640006971000,43,22,21,1642.6
21640007003000,56,32,24,2912
21640007005000,16,10,6,857.6
21640007012000,77,40,37,3241.7
21640007013000,23,13,10,1092.5
21640007014000,2,1,1,0
21640007016000,13,11,2,409.5
21640007017000,9,7,2,187.2
21640007018000,3,2,1,0
21640007019000,7,3,4,459.9
21640007021000,2,1,1,0
21640007023000,11,5,6,601.7
21640007024000,5,3,2,281
21640007030000,5,4,1,124
21640007031000,23,9,14,1081
21650006519000,4,2,2,0
21650006522000,853,385,468,39323.3
21650006523000,875,440,435,37275
21650006526000,16,7,9,556.8
21650006527000,6,3,3,232.8
21650006528000,6,3,3,202.2
21650006530000,2,1,1,0
21650006540000,2,1,1,0
21650006543000,17,10,7,693.6
21650006544000,11,8,3,379.5
21650006550000,2,1,1,0
21650006551000,27,14,13,1034.1
21650006552000,41,21,20,1193.1
21650006559000,5,4,1,243
21650006560000,3,2,1,0
21650006584000,18,9,9,774
21650006585000,19,10,9,950
21650006586000,13,4,9,588.9
21650006587000,37,18,19,1443
21650006588000,51,25,26,2060.4
21650006589000,31,16,15,1376.4
21650006590000,27,17,10,972
21650006591000,16,9,7,726.4
21650006592000,9,4,5,230.4
21650006600000,48,27,21,1872
21650006601000,45,17,28,1458
21650006602000,19,9,10,723.9
21650006603000,10,6,4,530
21650006608000,1,1,0,0
21650006609000,7,4,3,359.1
21650006610000,13,9,4,539.5
21650006620000,56,31,25,2447.2
21650006621000,55,31,24,2277
21650006622000,2,2,0,0
21650006630000,16,7,9,545.6
21650006631000,30,17,13,1533
21650006632000,36,19,17,1360.8
21650006635000,4,2,2,0
21650006649000,21,12,9,625.8
21650006650000,20,10,10,908
21650006651000,7,4,3,431.2
21650006654000,1,1,0,0
21650006655000,4,2,2,0
21650006683000,3,2,1,0
21650006695000,1,1,0,0
21650006696000,262,126,136,12392.6
21650006697000,15,7,8,697.5
21650006698000,2,2,0,0
21650006702000,21,14,7,665.7
21650006725000,9,5,4,407.7
21650006743000,50,24,26,1765
21650006744000,6,3,3,304.8
21650006749000,20,8,12,778
21650006750000,25,14,11,1270
21650006751000,21,9,12,858.9
21650006752000,11,5,6,563.2
21650006755000,1,1,0,0
21650006765000,30,11,19,963
21650006793000,4,2,2,0
21650006794000,3,2,1,0
21650006796000,8,4,4,352.8
21650006798000,3,1,2,0
21650006874000,13,6,7,627.9
21650006875000,9,4,5,288.9
21650006911000,9,6,3,342.9
21650006912000,3,2,1,0
21650006975000,9,6,3,363.6
21650006991000,1,1,0,0
21650006992000,11,5,6,490.6
21650007003000,12,6,6,453.6
21650007004000,47,23,24,2035.1
21650007005000,19,10,9,697.3
21650007012000,11,6,5,638
21650007016000,11,4,7,434.5
21650007017000,2,2,0,0
21650007030000,1,1,0,0
21650007031000,35,16,19,1449
21660006522000,243,117,126,11129.4
21660006523000,1022,499,523,46398.8
21660006524000,147,77,70,6203.4
21660006526000,2,1,1,0
21660006528000,1,0,1,0
21660006529000,9,5,4,449.1
21660006530000,2,1,1,0
21660006532000,3,1,2,0
21660006537000,2,1,1,0
21660006539000,3,2,1,0
21660006550000,6,3,3,339
21660006551000,2,1,1,0
21660006552000,36,22,14,1310.4
21660006553000,19,9,10,746.7
21660006554000,3,2,1,0
21660006555000,6,3,3,256.8
21660006556000,3,2,1,0
21660006557000,11,5,6,509.3
21660006558000,6,4,2,357
21660006559000,7,4,3,422.1
21660006560000,8,4,4,350.4
21660006582000,4,3,1,0
21660006583000,10,5,5,453
21660006584000,4,2,2,0
21660006587000,5,3,2,358
21660006588000,34,17,17,1550.4
21660006589000,17,7,10,671.5
21660006590000,6,3,3,259.2
21660006599000,18,9,9,608.4
21660006600000,102,55,47,4222.8
21660006601000,52,23,29,2048.8
21660006602000,34,20,14,1553.8
21660006603000,18,10,8,741.6
21660006604000,9,5,4,416.7
21660006605000,4,3,1,0
21660006609000,8,3,5,314.4
21660006615000,2,1,1,0
21660006620000,35,21,14,1659
21660006621000,65,32,33,2476.5
21660006622000,8,4,4,323.2
21660006632000,7,5,2,287
21660006640000,3,2,1,0
21660006648000,4,2,2,0
21660006649000,10,5,5,488
21660006650000,5,4,1,299
21660006652000,12,7,5,313.2
21660006653000,5,3,2,267
21660006672000,1,0,1,0
21660006683000,1,1,0,0
21660006694000,2,1,1,0
21660006695000,23,12,11,1039.6
21660006696000,60,27,33,2502
21660006697000,16,11,5,649.6
21660006698000,2,1,1,0
21660006699000,1,0,1,0
21660006700000,18,10,8,806.4
21660006701000,8,7,1,419.2
21660006702000,26,14,12,1162.2
21660006725000,10,6,4,306
21660006726000,3,2,1,0
21660006743000,14,7,7,719.6
21660006744000,59,31,28,2702.2
21660006747000,9,5,4,320.4
21660006748000,25,16,9,1290
21660006749000,65,35,30,2847
21660006750000,87,52,35,3279.9
21660006751000,4,2,2,0
21660006765000,18,11,7,766.8
21660006792000,10,5,5,418
21660006793000,17,7,10,907.8
21660006794000,25,13,12,1432.5
21660006795000,14,7,7,705.6
21660006796000,38,24,14,1527.6
21660006807000,16,8,8,676.8
21660006874000,13,8,5,579.8
21660006875000,20,11,9,750
21660006911000,9,5,4,234
21660006975000,6,3,3,393
21660006985000,6,3,3,325.8
21660006986000,17,11,6,751.4
21660006990000,8,3,5,180.8
21660006991000,11,4,7,415.8
21660006996000,1,0,1,0
21660007012000,25,13,12,740
21660007017000,4,2,2,0
21660007031000,19,12,7,799.9
21670006525000,1,1,0,0
21670006526000,8,4,4,490.4
21670006528000,1,1,0,0
21670006529000,1,0,1,0
21670006542000,4,1,3,0
21670006553000,6,3,3,247.8
21670006554000,10,5,5,446
21670006557000,14,8,6,474.6
21670006558000,5,3,2,140
21670006559000,4,2,2,0
21670006560000,27,12,15,1393.2
21670006561000,30,16,14,1101
21670006580000,6,2,4,268.8
21670006581000,16,9,7,716.8
21670006582000,4,2,2,0
21670006586000,7,4,3,228.2
21670006588000,7,3,4,228.9
21670006589000,5,3,2,275
21670006598000,6,2,4,336
21670006599000,31,17,14,1224.5
21670006600000,29,13,16,1383.3
21670006601000,161,83,78,6890.8
21670006602000,66,35,31,2085.6
21670006603000,7,4,3,259.7
21670006611000,3,2,1,0
21670006612000,1,0,1,0
21670006620000,53,28,25,2342.6
21670006621000,46,24,22,1991.8
21670006622000,10,5,5,547
21670006631000,4,2,2,0
21670006632000,6,4,2,175.8
21670006640000,1,1,0,0
21670006644000,10,5,5,370
21670006646000,5,3,2,353
21670006647000,11,6,5,463.1
21670006648000,4,3,1,0
21670006649000,5,2,3,145
21670006650000,2,1,1,0
21670006652000,10,6,4,531
21670006653000,2,1,1,0
21670006654000,1,1,0,0
21670006681000,3,2,1,0
21670006682000,23,12,11,1156.9
21670006683000,2,0,2,0
21670006684000,12,7,5,513.6
21670006685000,34,21,13,1693.2
21670006686000,4,3,1,0
21670006687000,7,4,3,436.1
21670006688000,15,7,8,733.5
21670006689000,26,11,15,1253.2
21670006692000,1,0,1,0
21670006694000,26,15,11,1357.2
21670006695000,45,19,26,1921.5
21670006696000,5,2,3,325
21670006698000,3,2,1,0
21670006699000,3,2,1,0
21670006700000,2,1,1,0
21670006701000,4,2,2,0
21670006723000,2,1,1,0
21670006726000,11,6,5,485.1
21670006727000,9,4,5,318.6
21670006743000,14,7,7,739.2
21670006744000,226,112,114,8927
21670006745000,29,16,13,1046.9
21670006746000,31,18,13,1215.2
21670006747000,77,36,41,3226.3
21670006748000,24,12,12,1176
21670006749000,1,0,1,0
21670006750000,5,3,2,185
21670006792000,29,16,13,1267.3
21670006793000,117,64,53,4329
21670006794000,36,20,16,1468.8
21670006795000,21,13,8,1207.5
21670006807000,4,3,1,0
21670006875000,53,29,24,2157.1
21670006876000,10,8,2,349
21670006910000,3,1,2,0
21670006911000,5,2,3,98
21670006968000,9,3,6,210.6
21670006969000,43,20,23,1655.5
21670006989000,1,1,0,0
21670006994000,20,11,9,684
21670006995000,5,2,3,222
21670007000000,1,1,0,0
21670007006000,5,3,2,199
21670007010000,4,2,2,0
21670007011000,12,6,6,384
21670007012000,18,9,9,846
21670007017000,11,4,7,558.8
21670007027000,13,5,8,491.4
21670007030000,3,2,1,0
21670007031000,20,12,8,876
21670007032000,33,18,15,1138.5
21670007033000,1,0,1,0
21670007054000,6,3,3,427.8
21670007057000,1,0,1,0
21680006526000,13,7,6,605.8
21680006527000,19,9,10,604.2
21680006528000,2,1,1,0
21680006529000,15,7,8,433.5
21680006533000,2,1,1,0
21680006534000,10,5,5,543
21680006538000,2,1,1,0
21680006539000,11,5,6,454.3
21680006542000,32,17,15,921.6
21680006552000,7,4,3,247.1
21680006561000,53,28,25,2453.9
21680006562000,6,3,3,288
21680006563000,11,7,4,609.4
21680006578000,10,5,5,345
21680006579000,4,2,2,0
21680006586000,19,8,11,970.9
21680006587000,8,3,5,411.2
21680006588000,21,13,8,1281
21680006589000,5,3,2,262
21680006590000,14,6,8,355.6
21680006594000,9,7,2,380.7
21680006595000,21,12,9,867.3
21680006597000,222,105,117,8547
21680006598000,205,106,99,7052
21680006599000,7,2,5,228.9
21680006600000,19,7,12,691.6
21680006601000,48,20,28,1588.8
21680006602000,10,5,5,467
21680006609000,2,0,2,0
21680006610000,22,10,12,972.4
21680006611000,3,1,2,0
21680006612000,6,3,3,289.8
21680006619000,26,9,17,910
21680006620000,59,26,33,2301
21680006621000,117,61,56,5253.3
21680006622000,38,15,23,1478.2
21680006631000,9,5,4,308.7
21680006632000,20,9,11,948
21680006641000,1,1,0,0
21680006646000,8,4,4,248
21680006647000,7,3,4,151.9
21680006652000,6,4,2,417
21680006653000,1,1,0,0
21680006654000,8,5,3,479.2
21680006678000,1,1,0,0
21680006679000,1,1,0,0
21680006681000,4,2,2,0
21680006682000,11,6,5,500.5
21680006683000,15,10,5,511.5
21680006684000,30,15,15,1638
21680006685000,65,31,34,2626
21680006687000,4,3,1,0
21680006688000,4,2,2,0
21680006689000,1,0,1,0
21680006690000,8,4,4,262.4
21680006691000,11,6,5,371.8
21680006692000,36,18,18,1717.2
21680006693000,56,30,26,2335.2
21680006694000,7,2,5,326.2
21680006695000,9,2,7,422.1
21680006696000,27,14,13,974.7
21680006697000,24,15,9,902.4
21680006698000,6,3,3,270
21680006727000,13,9,4,625.3
21680006728000,18,9,9,829.8
21680006743000,9,8,1,334.8
21680006744000,777,371,406,29526
21680006745000,156,72,84,6864
21680006746000,29,15,14,1267.3
21680006747000,5,2,3,309
21680006749000,2,1,1,0
21680006761000,5,2,3,145
21680006768000,1,1,0,0
21680006789000,1,1,0,0
21680006791000,2,1,1,0
21680006792000,22,12,10,1029.6
21680006793000,41,22,19,1902.4
21680006794000,34,19,15,1356.6
21680006795000,15,6,9,703.5
21680006806000,5,4,1,223
21680006807000,4,3,1,0
21680006815000,1,0,1,0
21680006873000,17,7,10,589.9
21680006874000,30,15,15,1227
21680006875000,41,22,19,1709.7
21680006876000,5,3,2,185
21680006909000,5,3,2,272
21680006910000,7,3,4,252
21680006958000,2,1,1,0
21680006960000,4,2,2,0
21680006962000,4,3,1,0
21680006963000,14,7,7,624.4
21680006964000,153,70,83,5523.3
21680006965000,21,10,11,575.4
21680006966000,8,3,5,296
21680006973000,79,40,39,3878.9
21680006978000,1,0,1,0
21680006979000,18,8,10,790.2
21680006980000,8,4,4,231.2
21680006988000,6,3,3,259.2
21680006992000,32,17,15,1081.6
21680006993000,41,24,17,1972.1
21680006994000,14,2,12,1218
21680007001000,6,2,4,267
21680007006000,20,12,8,1122
21680007007000,8,4,4,256
21680007017000,11,5,6,487.3
21680007018000,2,1,1,0
21680007020000,6,2,4,160.2
21680007025000,11,5,6,387.2
21680007029000,5,2,3,290
21680007030000,26,12,14,1164.8
21680007031000,50,27,23,1850
21680007032000,9,3,6,333
21680007056000,6,3,3,324
21680007058000,6,3,3,228
21680007077000,11,5,6,555.5
21690006525000,13,5,8,609.7
21690006526000,21,10,11,716.1
21690006528000,11,4,7,536.8
21690006529000,9,5,4,343.8
21690006533000,5,2,3,242
21690006534000,3,1,2,0
21690006535000,17,9,8,955.4
21690006541000,5,3,2,201
21690006542000,49,25,24,1974.7
21690006543000,3,2,1,0
21690006551000,4,3,1,0
21690006552000,20,10,10,858
21690006559000,5,3,2,264
21690006577000,2,1,1,0
21690006586000,16,9,7,643.2
21690006587000,25,17,8,852.5
21690006588000,6,4,2,253.2
21690006589000,13,7,6,734.5
21690006590000,3,2,1,0
21690006591000,6,5,1,238.2
21690006593000,16,9,7,852.8
21690006594000,51,27,24,1963.5
21690006595000,67,37,30,2854.2
21690006596000,21,11,10,1131.9
21690006597000,540,244,296,25164
21690006598000,98,52,46,3753.4
21690006599000,47,23,24,2044.5
21690006600000,20,10,10,740
21690006601000,6,3,3,256.8
21690006608000,14,8,6,694.4
21690006609000,11,6,5,467.5
21690006618000,9,6,3,469.8
21690006619000,3,2,1,0
21690006620000,163,78,85,6259.2
21690006621000,82,40,42,3271.8
21690006622000,36,17,19,1695.6
21690006630000,4,3,1,0
21690006631000,2,1,1,0
21690006632000,1,0,1,0
21690006641000,2,1,1,0
21690006642000,10,4,6,287
21690006643000,3,1,2,0
21690006649000,1,1,0,0
21690006666000,4,1,3,0
21690006677000,11,6,5,583
21690006678000,2,1,1,0
21690006679000,2,1,1,0
21690006680000,11,5,6,767.8
21690006681000,17,11,6,525.3
21690006688000,11,6,5,458.7
21690006689000,6,5,1,175.8
21690006690000,12,6,6,499.2
21690006692000,2,1,1,0
21690006693000,1,1,0,0
21690006696000,12,8,4,561.6
21690006697000,33,19,14,1273.8
21690006728000,1,1,0,0
21690006744000,276,141,135,11812.8
21690006745000,388,188,200,15752.8
21690006746000,31,14,17,1444.6
21690006747000,21,11,10,903
21690006791000,29,16,13,1302.1
21690006792000,14,8,6,674.8
21690006793000,6,2,4,295.8
21690006794000,33,20,13,1237.5
21690006805000,13,8,5,665.6
21690006873000,33,19,14,1531.2
21690006875000,39,20,19,1411.8
21690006876000,22,12,10,990
21690006908000,10,5,5,566
21690006909000,18,8,10,707.4
21690006910000,1,0,1,0
21690006963000,11,7,4,399.3
21690006964000,288,146,142,10684.8
21690006965000,309,153,156,13225.2
21690006972000,19,10,9,796.1
21690006973000,44,26,18,1689.6
21690006974000,2,1,1,0
21690006977000,53,25,28,2289.6
21690006978000,16,9,7,726.4
21690006980000,9,5,4,338.4
21690006981000,2,1,1,0
21690006983000,51,25,26,1978.8
21690006986000,14,7,7,593.6
21690006988000,11,5,6,342.1
21690006991000,23,11,12,1101.7
21690006993000,8,6,2,336
21690006997000,8,3,5,414.4
21690006999000,2,1,1,0
21690007000000,5,2,3,182
21690007001000,2,2,0,0
21690007003000,2,1,1,0
21690007008000,11,5,6,693
21690007017000,24,14,10,1190.4
21690007018000,2,1,1,0
21690007020000,8,5,3,316.8
21690007023000,2,2,0,0
21690007024000,16,8,8,715.2
21690007025000,8,6,2,404.8
21690007026000,6,4,2,313.8
21690007027000,11,7,4,434.5
21690007029000,1,0,1,0
21690007030000,4,1,3,0
21690007031000,30,16,14,1131
21690007032000,8,5,3,516.8
21690007052000,3,1,2,0
21690007077000,68,43,25,3366
21700006525000,2,1,1,0
21700006526000,9,4,5,198.9
21700006528000,6,2,4,229.2
21700006529000,2,1,1,0
21700006534000,13,6,7,569.4
21700006535000,16,6,10,747.2
21700006536000,7,4,3,448.7
21700006537000,43,21,22,1853.3
21700006541000,20,9,11,720
21700006542000,141,76,65,5668.2
21700006543000,7,5,2,308.7
21700006550000,5,4,1,131
21700006552000,5,3,2,295
21700006586000,94,54,40,3590.8
21700006587000,44,25,19,1676.4
21700006588000,7,4,3,499.8
21700006590000,2,1,1,0
21700006591000,17,7,10,615.4
21700006592000,12,7,5,448.8
21700006593000,21,9,12,1005.9
21700006594000,6,4,2,289.2
21700006595000,10,5,5,376
21700006596000,19,10,9,733.4
21700006597000,71,39,32,3564.2
21700006598000,64,35,29,2668.8
21700006599000,30,17,13,1182
21700006608000,1,0,1,0
21700006616000,10,6,4,294
21700006617000,19,9,10,666.9
21700006618000,28,14,14,1108.8
21700006619000,137,69,68,6041.7
21700006620000,108,57,51,3974.4
21700006621000,45,21,24,1840.5
21700006622000,21,10,11,600.6
21700006630000,16,10,6,520
21700006631000,1,0,1,0
21700006675000,5,2,3,254
21700006677000,6,4,2,313.8
21700006691000,3,2,1,0
21700006692000,4,2,2,0
21700006693000,5,2,3,236
21700006699000,1,0,1,0
21700006726000,9,5,4,332.1
21700006727000,9,4,5,416.7
21700006728000,13,6,7,422.5
21700006744000,497,217,280,24054.8
21700006745000,305,142,163,12688
21700006746000,43,22,21,1857.6
21700006747000,35,18,17,1480.5
21700006767000,4,1,3,0
21700006791000,14,10,4,680.4
21700006792000,1,0,1,0
21700006793000,24,12,12,1130.4
21700006794000,18,9,9,878.4
21700006797000,2,0,2,0
21700006805000,18,9,9,937.8
21700006833000,5,3,2,111
21700006873000,33,17,16,1560.9
21700006875000,11,6,5,742.5
21700006876000,3,2,1,0
21700006906000,13,6,7,542.1
21700006907000,27,14,13,1020.6
21700006908000,4,2,2,0
21700006964000,55,27,28,1969
21700006965000,1484,759,725,65444.4
21700006966000,61,29,32,2354.6
21700006974000,6,2,4,217.8
21700006975000,69,37,32,3408.6
21700006976000,104,51,53,4232.8
21700006977000,36,19,17,1382.4
21700006982000,8,4,4,356.8
21700006983000,30,14,16,1221
21700006984000,20,12,8,686
21700006985000,172,86,86,7155.2
21700006986000,30,16,14,1002
21700006987000,16,9,7,718.4
21700006989000,5,1,4,126
21700006990000,14,6,8,501.2
21700006997000,21,10,11,917.7
21700006998000,17,9,8,737.8
21700007002000,10,6,4,235
21700007004000,44,26,18,1685.2
21700007009000,4,1,3,0
21700007017000,17,10,7,632.4
21700007020000,13,7,6,733.2
21700007021000,10,6,4,571
21700007036000,13,5,8,570.7
21700007039000,3,2,1,0
21700007050000,2,1,1,0
21700007051000,2,2,0,0
21700007052000,3,2,1,0
21700007058000,2,1,1,0
21700007059000,5,2,3,159
21700007060000,2,1,1,0
21700007061000,1,0,1,0
21700007077000,9,5,4,423
21700007078000,5,3,2,111
21710006526000,7,4,3,303.1
21710006527000,6,3,3,301.2
21710006528000,1,1,0,0
21710006530000,3,1,2,0
21710006534000,7,3,4,427.7
21710006535000,6,2,4,205.8
21710006536000,1,1,0,0
21710006537000,2,1,1,0
21710006539000,4,3,1,0
21710006540000,6,3,3,259.8
21710006541000,170,82,88,6188
21710006542000,549,272,277,23607
21710006543000,26,15,11,860.6
21710006551000,3,2,1,0
21710006570000,2,0,2,0
21710006579000,1,0,1,0
21710006584000,9,5,4,405.9
21710006585000,165,90,75,6154.5
21710006586000,86,39,47,3035.8
21710006590000,3,2,1,0
21710006591000,11,6,5,299.2
21710006592000,15,8,7,735
21710006593000,3,2,1,0
21710006594000,10,5,5,473
21710006595000,28,18,10,1414
21710006596000,50,20,30,2205
21710006597000,12,6,6,732
21710006598000,36,20,16,1515.6
21710006599000,13,7,6,345.8
21710006616000,44,24,20,1958
21710006617000,42,21,21,1839.6
21710006618000,103,50,53,3574.1
21710006619000,50,26,24,1860
21710006620000,30,16,14,1047
21710006621000,39,24,15,1489.8
21710006627000,2,1,1,0
21710006629000,2,1,1,0
21710006630000,6,4,2,103.8
21710006631000,2,1,1,0
21710006669000,8,4,4,336.8
21710006674000,3,2,1,0
21710006675000,10,6,4,443
21710006682000,4,3,1,0
21710006729000,45,27,18,2070
21710006730000,2,1,1,0
21710006744000,172,82,90,6226.4
21710006746000,34,22,12,1601.4
21710006747000,33,18,15,1379.4
21710006748000,1,1,0,0
21710006756000,2,1,1,0
21710006760000,4,3,1,0
21710006791000,14,8,6,630
21710006792000,4,1,3,0
21710006793000,66,33,33,2455.2
21710006794000,4,4,0,0
21710006796000,1,1,0,0
21710006804000,12,4,8,495.6
21710006805000,50,25,25,1820
21710006872000,12,4,8,339.6
21710006873000,16,7,9,596.8
21710006875000,11,7,4,471.9
21710006902000,2,2,0,0
21710006905000,25,12,13,1225
21710006906000,49,27,22,1974.7
21710006907000,10,5,5,547
21710006964000,283,159,124,12055.8
21710006965000,889,401,488,41871.9
21710006975000,10,6,4,348
21710006976000,45,25,20,1885.5
21710006979000,5,4,1,182
21710006989000,99,47,52,3930.3
21710006991000,2,1,1,0
21710006998000,30,18,12,1395
21710006999000,2,1,1,0
21710007002000,2,1,1,0
21710007003000,1,1,0,0
21710007004000,13,7,6,617.5
21710007024000,1,0,1,0
21710007036000,8,5,3,320.8
21710007039000,24,10,14,955.2
21710007050000,4,2,2,0
21710007061000,76,43,33,3845.6
21710007062000,12,5,7,474
21710007076000,7,4,3,172.2
21710007077000,14,10,4,476
21720006526000,1,1,0,0
21720006527000,21,8,13,1085.7
21720006528000,6,3,3,277.2
21720006531000,1,1,0,0
21720006535000,1,0,1,0
21720006541000,44,25,19,1289.2
21720006542000,153,76,77,5967
21720006543000,22,12,10,897.6
21720006544000,8,5,3,348.8
21720006545000,38,21,17,1512.4
21720006546000,32,18,14,1619.2
21720006550000,3,1,2,0
21720006557000,12,6,6,543.6
21720006568000,1,1,0,0
21720006570000,5,4,1,282
21720006582000,1,1,0,0
21720006583000,93,47,46,4268.7
21720006584000,346,165,181,15466.2
21720006585000,226,109,117,8429.8
21720006586000,55,31,24,2453
21720006587000,5,1,4,149
21720006588000,11,8,3,525.8
21720006589000,16,10,6,481.6
21720006595000,7,5,2,231
21720006596000,14,6,8,646.8
21720006597000,40,18,22,1384
21720006598000,12,8,4,624
21720006614000,26,17,9,1011.4
21720006615000,55,29,26,2299
21720006616000,251,137,114,10717.7
21720006617000,48,29,19,2068.8
21720006618000,773,363,410,38572.7
21720006619000,53,25,28,1998.1
21720006628000,2,1,1,0
21720006630000,1,0,1,0
21720006633000,2,1,1,0
21720006672000,17,9,8,552.5
21720006673000,10,4,6,330
21720006674000,27,13,14,1077.3
21720006675000,18,8,10,1099.8
21720006681000,2,1,1,0
21720006724000,3,2,1,0
21720006728000,33,18,15,1755.6
21720006729000,88,47,41,3775.2
21720006730000,9,6,3,422.1
21720006743000,1,1,0,0
21720006744000,152,69,83,6125.6
21720006746000,7,3,4,203.7
21720006747000,5,2,3,203
21720006754000,2,1,1,0
21720006755000,3,1,2,0
21720006779000,2,1,1,0
21720006782000,3,1,2,0
21720006789000,10,5,5,484
21720006790000,29,18,11,1334
21720006791000,14,7,7,526.4
21720006792000,13,6,7,598
21720006793000,6,2,4,403.2
21720006796000,9,5,4,323.1
21720006797000,2,1,1,0
21720006802000,10,5,5,274
21720006803000,24,12,12,715.2
21720006804000,36,18,18,1044
21720006805000,20,10,10,974
21720006872000,7,5,2,343
21720006873000,23,12,11,1120.1
21720006875000,20,12,8,884
21720006904000,46,24,22,1577.8
21720006905000,22,9,13,855.8
21720006964000,478,243,235,19167.8
21720006989000,49,28,21,2131.5
21720006990000,21,13,8,795.9
21720006991000,34,19,15,999.6
21720006999000,5,1,4,243
21720007003000,28,20,8,966
21720007004000,2,1,1,0
21720007016000,1,0,1,0
21720007017000,33,18,15,1620.3
21720007020000,7,3,4,289.1
21720007029000,8,4,4,312.8
21720007030000,18,9,9,896.4
21720007032000,6,4,2,217.8
21720007038000,5,3,2,268
21720007039000,16,10,6,744
21720007050000,12,5,7,684
21720007061000,2,1,1,0
21720007062000,41,22,19,2214
21720007076000,1,1,0,0
21720007077000,4,3,1,0
21730006528000,6,4,2,322.8
21730006529000,5,1,4,293
21730006530000,28,14,14,1013.6
21730006531000,10,6,4,470
21730006536000,11,5,6,458.7
21730006539000,2,1,1,0
21730006541000,29,17,12,1354.3
21730006542000,109,66,43,4152.9
21730006543000,21,11,10,903
21730006545000,38,21,17,1455.4
21730006546000,52,25,27,1820
21730006547000,7,4,3,263.2
21730006548000,19,11,8,830.3
21730006549000,19,10,9,657.4
21730006550000,25,14,11,1177.5
21730006558000,1,0,1,0
21730006583000,24,15,9,940.8
21730006584000,607,298,309,25676.1
21730006585000,483,236,247,20479.2
21730006586000,127,66,61,5461
21730006587000,40,21,19,1880
21730006588000,2,1,1,0
21730006589000,10,6,4,456
21730006590000,13,5,8,604.5
21730006593000,5,3,2,201
21730006596000,19,10,9,733.4
21730006597000,119,58,61,4629.1
21730006598000,157,77,80,7222
21730006599000,6,4,2,178.2
21730006614000,25,12,13,972.5
21730006615000,52,26,26,2168.4
21730006617000,98,52,46,4145.4
21730006618000,61,33,28,3050
21730006627000,18,11,7,770.4
21730006630000,10,5,5,332
21730006633000,2,1,1,0
21730006669000,8,3,5,478.4
21730006670000,52,23,29,2173.6
21730006671000,41,20,21,1553.9
21730006672000,14,8,6,771.4
21730006673000,22,13,9,1049.4
21730006674000,7,2,5,303.8
21730006675000,1,0,1,0
21730006728000,49,31,18,1871.8
21730006729000,37,20,17,1598.4
21730006730000,3,1,2,0
21730006736000,4,2,2,0
21730006737000,18,9,9,853.2
21730006738000,5,3,2,193
21730006742000,15,7,8,760.5
21730006743000,177,92,85,7044.6
21730006744000,68,32,36,2781.2
21730006745000,1,0,1,0
21730006752000,4,2,2,0
21730006753000,1,1,0,0
21730006757000,1,1,0,0
21730006758000,16,12,4,409.6
21730006759000,8,6,2,224
21730006776000,2,2,0,0
21730006789000,14,6,8,614.6
21730006790000,17,10,7,695.3
21730006792000,34,16,18,1489.2
21730006797000,9,6,3,249.3
21730006801000,9,4,5,550.8
21730006802000,12,4,8,352.8
21730006804000,10,4,6,399
21730006805000,114,57,57,4400.4
21730006835000,3,2,1,0
21730006872000,23,11,12,945.3
21730006873000,100,51,49,3990
21730006875000,9,5,4,549.9
21730006903000,36,22,14,1465.2
21730006904000,34,20,14,1431.4
21730006963000,56,35,21,2010.4
21730006964000,174,91,83,6385.8
21730006975000,8,4,4,318.4
21730006986000,4,2,2,0
21730006989000,4,3,1,0
21730006990000,17,8,9,634.1
21730006991000,3,3,0,0
21730007000000,15,9,6,565.5
21730007003000,14,5,9,485.8
21730007016000,31,18,13,1478.7
21730007017000,1,1,0,0
21730007018000,22,10,12,818.4
21730007020000,6,4,2,388.2
21730007027000,97,56,41,4190.4
21730007028000,26,17,9,980.2
21730007029000,14,7,7,558.6
21730007030000,8,5,3,295.2
21730007031000,6,4,2,306
21730007032000,3,1,2,0
21730007037000,11,6,5,443.3
21730007038000,19,14,5,725.8
21730007039000,23,12,11,825.7
21730007040000,10,6,4,420
21730007058000,1,1,0,0
21730007060000,14,9,5,561.4
21730007061000,5,1,4,104
21730007062000,1,1,0,0
21730007063000,8,5,3,483.2
21730007077000,5,2,3,310
21730007078000,39,23,16,1205.1
21740006528000,7,2,5,329.7
21740006529000,5,3,2,215
21740006530000,19,9,10,697.3
21740006535000,2,1,1,0
21740006536000,2,1,1,0
21740006539000,16,9,7,926.4
21740006540000,63,41,22,2715.3
21740006541000,167,84,83,6362.7
21740006542000,33,14,19,1161.6
21740006544000,10,4,6,476
21740006545000,20,9,11,820
21740006546000,10,6,4,320
21740006547000,39,24,15,1158.3
21740006548000,20,11,9,790
21740006560000,5,3,2,216
21740006561000,15,7,8,541.5
21740006583000,51,28,23,2259.3
21740006584000,293,145,148,11368.4
21740006585000,74,41,33,2523.4
21740006587000,3,2,1,0
21740006594000,5,2,3,179
21740006595000,31,18,13,1255.5
21740006596000,36,21,15,1116
21740006597000,164,88,76,5740
21740006598000,8,4,4,444
21740006599000,24,15,9,1188
21740006600000,13,8,5,737.1
21740006614000,16,10,6,523.2
21740006615000,52,30,22,1970.8
21740006616000,154,74,80,6514.2
21740006617000,26,10,16,746.2
21740006623000,5,4,1,138
21740006625000,11,6,5,462
21740006626000,16,7,9,603.2
21740006627000,35,19,16,1501.5
21740006636000,5,2,3,334
21740006637000,1,1,0,0
21740006660000,1,0,1,0
21740006668000,4,2,2,0
21740006669000,8,5,3,364
21740006670000,219,97,122,10884.3
21740006671000,34,15,19,1421.2
21740006672000,2,0,2,0
21740006673000,3,1,2,0
21740006674000,7,3,4,259.7
21740006675000,4,1,3,0
21740006728000,12,6,6,535.2
21740006729000,20,12,8,894
21740006735000,1,0,1,0
21740006736000,8,4,4,364
21740006737000,6,3,3,357
21740006738000,35,18,17,1792
21740006739000,26,13,13,1063.4
21740006740000,13,5,8,387.4
21740006741000,33,17,16,1458.6
21740006742000,25,15,10,1067.5
21740006743000,52,25,27,2168.4
21740006744000,22,12,10,877.8
21740006745000,3,3,0,0
21740006752000,1,0,1,0
21740006757000,1,0,1,0
21740006766000,12,6,6,348
21740006770000,2,1,1,0
21740006776000,19,8,11,1020.3
21740006777000,3,1,2,0
21740006778000,1,1,0,0
21740006786000,18,7,11,676.8
21740006787000,15,9,6,736.5
21740006788000,7,4,3,235.2
21740006789000,18,7,11,768.6
21740006790000,36,22,14,1634.4
21740006791000,46,23,23,1789.4
21740006792000,9,2,7,522.9
21740006795000,2,1,1,0
21740006796000,4,2,2,0
21740006797000,26,15,11,982.8
21740006800000,4,3,1,0
21740006801000,15,9,6,649.5
21740006802000,2,1,1,0
21740006803000,33,13,20,1511.4
21740006804000,174,83,91,6855.6
21740006805000,56,30,26,2111.2
21740006872000,36,19,17,1648.8
21740006873000,78,42,36,3439.8
21740006874000,17,9,8,595
21740006902000,2,1,1,0
21740006903000,36,23,13,1702.8
21740006904000,20,12,8,820
21740006962000,1,0,1,0
21740006963000,372,180,192,14024.4
21740006974000,9,5,4,399.6
21740006984000,1,1,0,0
21740006985000,7,4,3,473.9
21740006986000,2,1,1,0
21740006989000,2,2,0,0
21740006990000,18,8,10,811.8
21740006991000,44,20,24,1654.4
21740006997000,13,5,8,526.5
21740007000000,18,10,8,923.4
21740007004000,5,3,2,356
21740007016000,20,10,10,878
21740007018000,9,5,4,252
21740007020000,6,1,5,94.2
21740007021000,2,1,1,0
21740007026000,3,1,2,0
21740007027000,13,6,7,657.8
21740007029000,2,2,0,0
21740007030000,4,1,3,0
21740007031000,19,8,11,659.3
21740007032000,2,1,1,0
21740007038000,21,12,9,978.6
21740007039000,4,2,2,0
21740007040000,2,1,1,0
21740007060000,1,1,0,0
21740007063000,8,4,4,444
21740007078000,1,1,0,0
21750006530000,26,13,13,1076.4
21750006531000,23,12,11,1069.5
21750006532000,28,14,14,1310.4
21750006533000,29,14,15,1200.6
21750006534000,8,4,4,404
21750006535000,2,1,1,0
21750006536000,5,2,3,131
21750006537000,1,1,0,0
21750006538000,53,29,24,2533.4
21750006539000,244,137,107,9540.4
21750006540000,30,14,16,1053
21750006541000,195,106,89,7254
21750006542000,575,288,287,20585
21750006544000,2,1,1,0
21750006545000,7,3,4,373.8
21750006546000,4,2,2,0
21750006583000,112,51,61,4356.8
21750006584000,133,75,58,5852
21750006585000,2,1,1,0
21750006597000,17,9,8,683.4
21750006598000,15,7,8,721.5
21750006599000,11,6,5,608.3
21750006600000,56,28,28,2262.4
21750006601000,11,6,5,440
21750006605000,1,0,1,0
21750006612000,3,1,2,0
21750006613000,15,8,7,706.5
21750006614000,31,15,16,1193.5
21750006615000,8,4,4,296
21750006616000,895,457,438,38216.5
21750006617000,497,261,236,18985.4
21750006618000,286,151,135,11726
21750006622000,4,4,0,0
21750006623000,12,8,4,582
21750006625000,15,5,10,544.5
21750006635000,1,0,1,0
21750006636000,40,21,19,1824
21750006668000,13,7,6,529.1
21750006669000,36,19,17,1886.4
21750006670000,31,15,16,1426
21750006671000,33,20,13,1656.6
21750006672000,3,1,2,0
21750006728000,7,4,3,242.2
21750006732000,13,7,6,504.4
21750006733000,10,6,4,450
21750006734000,15,6,9,577.5
21750006735000,38,18,20,1668.2
21750006736000,28,17,11,1122.8
21750006737000,27,10,17,1174.5
21750006738000,18,11,7,588.6
21750006739000,7,4,3,480.2
21750006743000,4,4,0,0
21750006744000,18,9,9,604.8
21750006753000,3,1,2,0
21750006777000,5,3,2,323
21750006778000,2,1,1,0
21750006783000,15,8,7,831
21750006784000,9,7,2,404.1
21750006785000,29,12,17,1154.2
21750006786000,7,3,4,420.7
21750006787000,83,40,43,3087.6
21750006788000,58,26,32,2702.8
21750006789000,24,14,10,998.4
21750006790000,6,4,2,426
21750006796000,26,13,13,975
21750006797000,6,3,3,235.8
21750006798000,1,1,0,0
21750006799000,2,1,1,0
21750006800000,22,12,10,704
21750006801000,38,18,20,1789.8
21750006872000,38,23,15,2074.8
21750006873000,2,1,1,0
21750006874000,3,2,1,0
21750006902000,2,1,1,0
21750006903000,57,32,25,2405.4
21750006904000,4,2,2,0
21750006962000,15,9,6,429
21750006963000,5,3,2,228
21750006973000,14,9,5,519.4
21750006987000,33,16,17,1171.5
21750006988000,49,25,24,1793.4
21750006989000,3,1,2,0
21750006991000,35,17,18,1445.5
21750006997000,2,1,1,0
21750007000000,4,2,2,0
21750007004000,30,16,14,1413
21750007015000,25,11,14,1100
21750007016000,28,16,12,1414
21750007017000,15,7,8,807
21750007018000,6,3,3,375
21750007021000,1,0,1,0
21750007025000,15,9,6,696
21750007026000,6,5,1,184.2
21750007030000,24,12,12,686.4
21750007031000,147,70,77,7320.6
21750007032000,84,41,43,4116
21750007033000,4,3,1,0
21750007050000,12,6,6,366
21750007063000,1,1,0,0
21750007077000,4,2,2,0
21750007078000,8,5,3,336.8
21760006530000,5,3,2,340
21760006531000,11,7,4,301.4
21760006533000,17,8,9,673.2
21760006534000,5,2,3,87
21760006536000,25,13,12,1115
21760006537000,66,36,30,2686.2
21760006538000,639,311,328,27477
21760006539000,786,376,410,31754.4
21760006540000,69,35,34,2642.7
21760006541000,2,1,1,0
21760006542000,514,239,275,22410.4
21760006543000,129,65,64,4992.3
21760006547000,1,1,0,0
21760006552000,9,5,4,408.6
21760006553000,1,1,0,0
21760006555000,2,1,1,0
21760006567000,4,2,2,0
21760006568000,24,11,13,784.8
21760006573000,5,2,3,235
21760006583000,37,16,21,1579.9
21760006584000,39,22,17,1493.7
21760006587000,2,0,2,0
21760006588000,7,4,3,317.1
21760006589000,5,4,1,273
21760006597000,24,10,14,1060.8
21760006598000,42,21,21,1583.4
21760006599000,30,18,12,1128
21760006600000,20,10,10,748
21760006601000,28,12,16,1156.4
21760006605000,14,7,7,628.6
21760006606000,11,5,6,647.9
21760006607000,2,1,1,0
21760006608000,10,5,5,440
21760006609000,7,3,4,336.7
21760006610000,2,1,1,0
21760006611000,24,11,13,1173.6
21760006612000,17,9,8,916.3
21760006615000,218,111,107,8785.4
21760006616000,1645,794,851,68761
21760006617000,1124,551,573,44847.6
21760006618000,770,368,402,31878
21760006619000,103,47,56,3903.7
21760006620000,117,59,58,4399.2
21760006621000,10,4,6,347
21760006622000,13,6,7,458.9
21760006623000,5,2,3,294
21760006635000,1,1,0,0
21760006636000,1,0,1,0
21760006639000,1,0,1,0
21760006668000,11,5,6,380.6
21760006669000,28,14,14,1285.2
21760006670000,5,2,3,328
21760006728000,28,17,11,1120
21760006729000,392,181,211,17365.6
21760006730000,81,40,41,3272.4
21760006731000,58,32,26,2331.6
21760006732000,8,5,3,328.8
21760006736000,1,1,0,0
21760006753000,13,7,6,683.8
21760006777000,10,6,4,540
21760006781000,3,2,1,0
21760006782000,23,13,10,952.2
21760006783000,9,5,4,395.1
21760006784000,17,8,9,831.3
21760006785000,22,12,10,822.8
21760006786000,51,26,25,1846.2
21760006787000,234,99,135,11583
21760006788000,14,6,8,648.2
21760006795000,3,1,2,0
21760006796000,5,3,2,188
21760006797000,5,3,2,178
21760006798000,22,13,9,880
21760006799000,40,15,25,1820
21760006800000,21,12,9,1050
21760006872000,40,21,19,1756
21760006902000,7,3,4,445.2
21760006903000,36,20,16,1299.6
21760006962000,21,9,12,739.2
21760006983000,4,3,1,0
21760006984000,14,7,7,427
21760006987000,14,7,7,576.8
21760006991000,17,10,7,921.4
21760006998000,18,8,10,723.6
21760007000000,12,7,5,529.2
21760007003000,5,4,1,174
21760007004000,71,44,27,2996.2
21760007014000,3,1,2,0
21760007015000,94,50,44,3666
21760007016000,5,2,3,233
21760007017000,10,5,5,384
21760007018000,9,5,4,581.4
21760007022000,7,5,2,396.2
21760007023000,7,2,5,301.7
21760007024000,3,1,2,0
21760007028000,6,3,3,298.2
21760007029000,5,2,3,233
21760007030000,18,10,8,1015.2
21760007031000,73,32,41,3336.1
21760007032000,387,183,204,15286.5
21760007033000,37,18,19,1476.3
21760007034000,50,29,21,1760
21760007035000,36,21,15,1378.8
21760007037000,3,2,1,0
21760007041000,4,2,2,0
21760007042000,8,4,4,223.2
21760007063000,7,3,4,279.3
21760007064000,4,3,1,0
21760007077000,4,2,2,0
21760007078000,14,8,6,627.2
21760007079000,37,18,19,1435.6
21760007080000,3,2,1,0
21770006530000,4,3,1,0
21770006531000,4,2,2,0
21770006535000,21,10,11,741.3
21770006536000,85,42,43,4088.5
21770006537000,94,52,42,3816.4
21770006538000,1409,688,721,66363.9
21770006539000,1232,581,651,52606.4
21770006540000,209,99,110,9425.9
21770006541000,26,11,15,995.8
21770006542000,76,38,38,3085.6
21770006543000,118,65,53,4236.2
21770006544000,17,7,10,680
21770006545000,10,7,3,572
21770006553000,16,8,8,561.6
21770006554000,8,4,4,416
21770006561000,1,1,0,0
21770006563000,2,1,1,0
21770006567000,30,18,12,1287
21770006572000,1,1,0,0
21770006573000,6,3,3,271.2
21770006582000,7,4,3,492.8
21770006583000,42,25,17,1617
21770006584000,27,16,11,988.2
21770006587000,2,2,0,0
21770006588000,66,40,26,3049.2
21770006589000,35,21,14,1823.5
21770006596000,3,2,1,0
21770006597000,17,10,7,836.4
21770006598000,16,7,9,475.2
21770006599000,38,20,18,1630.2
21770006600000,149,79,70,4753.1
21770006601000,35,20,15,1564.5
21770006602000,20,10,10,892
21770006603000,3,2,1,0
21770006604000,8,4,4,363.2
21770006605000,23,12,11,991.3
21770006606000,7,5,2,373.8
21770006607000,10,4,6,258
21770006608000,17,10,7,715.7
21770006609000,2,1,1,0
21770006610000,5,3,2,160
21770006613000,40,22,18,1664
21770006614000,17,8,9,855.1
21770006615000,428,197,231,17847.6
21770006616000,742,369,373,30051
21770006617000,389,178,211,16532.5
21770006619000,10,7,3,345
21770006620000,5,3,2,117
21770006621000,74,34,40,2738
21770006622000,85,40,45,3434
21770006623000,5,2,3,263
21770006629000,1,1,0,0
21770006634000,1,1,0,0
21770006635000,15,11,4,484.5
21770006668000,8,4,4,304
21770006669000,47,26,21,1875.3
21770006670000,20,13,7,774
21770006671000,7,4,3,357
21770006727000,2,1,1,0
21770006728000,148,67,81,6674.8
21770006729000,508,236,272,23063.2
21770006730000,344,165,179,14860.8
21770006731000,5,4,1,125
21770006754000,4,2,2,0
21770006777000,6,2,4,190.8
21770006778000,12,5,7,721.2
21770006781000,22,11,11,853.6
21770006782000,25,12,13,990
21770006783000,13,6,7,522.6
21770006784000,12,4,8,499.2
21770006785000,41,21,20,1676.9
21770006786000,9,5,4,549
21770006787000,10,5,5,378
21770006795000,19,10,9,737.2
21770006796000,20,8,12,696
21770006797000,32,19,13,1382.4
21770006798000,41,18,23,1389.9
21770006799000,12,8,4,393.6
21770006873000,5,1,4,191
21770006902000,23,12,11,1078.7
21770006903000,23,12,11,989
21770006961000,15,8,7,544.5
21770006962000,140,70,70,6636
21770006963000,6,1,5,225
21770006982000,2,2,0,0
21770006983000,2,1,1,0
21770006991000,4,3,1,0
21770006992000,7,3,4,261.1
21770006998000,42,26,16,1923.6
21770007000000,132,65,67,4976.4
21770007004000,3,2,1,0
21770007005000,10,4,6,428
21770007012000,40,19,21,1956
21770007013000,12,6,6,682.8
21770007015000,7,3,4,282.1
21770007020000,4,3,1,0
21770007026000,4,2,2,0
21770007027000,19,8,11,828.4
21770007028000,16,10,6,620.8
21770007029000,2,0,2,0
21770007030000,9,5,4,360.9
21770007031000,20,7,13,654
21770007033000,4,2,2,0
21770007036000,1,1,0,0
21770007064000,1,1,0,0
21770007065000,4,2,2,0
21770007079000,5,3,2,224
21780006531000,7,5,2,252
21780006532000,4,3,1,0
21780006533000,21,12,9,966
21780006534000,34,18,16,1455.2
21780006535000,19,10,9,782.8
21780006536000,5,3,2,296
21780006538000,297,146,151,14404.5
21780006539000,528,255,273,26030.4
21780006540000,3,2,1,0
21780006542000,19,11,8,733.4
21780006543000,42,22,20,2058
21780006544000,13,6,7,603.2
21780006545000,6,2,4,187.2
21780006548000,1,0,1,0
21780006552000,12,7,5,517.2
21780006553000,13,8,5,721.5
21780006562000,17,10,7,770.1
21780006565000,4,2,2,0
21780006567000,13,7,6,408.2
21780006571000,2,1,1,0
21780006572000,27,15,12,1233.9
21780006575000,2,1,1,0
21780006577000,1,1,0,0
21780006581000,27,14,13,1215
21780006582000,117,67,50,4761.9
21780006583000,31,13,18,1388.8
21780006584000,39,19,20,1860.3
21780006588000,2,1,1,0
21780006591000,7,4,3,287.7
21780006596000,5,2,3,329
21780006597000,1,1,0,0
21780006598000,3,2,1,0
21780006599000,59,32,27,2790.7
21780006600000,137,64,73,5603.3
21780006602000,6,2,4,349.8
21780006603000,47,29,18,1706.1
21780006604000,21,13,8,705.6
21780006605000,25,12,13,1295
21780006606000,10,5,5,506
21780006607000,35,15,20,1417.5
21780006608000,7,5,2,307.3
21780006609000,9,4,5,469.8
21780006610000,227,113,114,9057.3
21780006611000,81,40,41,4195.8
21780006612000,14,8,6,879.2
21780006613000,20,13,7,754
21780006614000,6,4,2,277.2
21780006616000,453,229,224,17667
21780006617000,138,70,68,6223.8
21780006621000,2,1,1,0
21780006633000,5,2,3,243
21780006634000,42,26,16,1885.8
21780006667000,7,3,4,144.9
21780006668000,9,6,3,415.8
21780006669000,18,8,10,869.4
21780006670000,2,1,1,0
21780006722000,8,5,3,314.4
21780006726000,2,1,1,0
21780006727000,43,20,23,1595.3
21780006728000,229,112,117,8931
21780006729000,481,240,241,19576.7
21780006730000,22,9,13,800.8
21780006777000,28,15,13,775.6
21780006778000,10,5,5,513
21780006779000,22,8,14,926.2
21780006780000,48,24,24,1766.4
21780006781000,41,20,21,1410.4
21780006782000,14,7,7,442.4
21780006783000,17,12,5,669.8
21780006784000,33,16,17,1102.2
21780006785000,20,12,8,864
21780006790000,10,4,6,367
21780006791000,2,1,1,0
21780006794000,6,4,2,307.8
21780006795000,32,16,16,1196.8
21780006798000,1,1,0,0
21780006871000,21,12,9,850.5
21780006873000,5,2,3,157
21780006899000,5,3,2,168
21780006901000,3,2,1,0
21780006902000,30,13,17,873
21780006961000,124,65,59,5108.8
21780006962000,194,103,91,7313.8
21780006980000,11,6,5,553.3
21780006981000,17,10,7,856.8
21780006992000,20,9,11,792
21780006998000,74,43,31,3233.8
21780006999000,12,5,7,603.6
21780007000000,116,62,54,4512.4
21780007005000,2,1,1,0
21780007011000,16,10,6,774.4
21780007012000,41,20,21,1939.3
21780007014000,1,1,0,0
21780007015000,46,24,22,2056.2
21780007020000,2,1,1,0
21780007024000,7,2,5,258.3
21780007031000,15,9,6,729
21780007032000,6,3,3,373.8
21780007036000,9,5,4,437.4
21780007037000,6,3,3,430.8
21780007038000,5,3,2,337
21780007044000,5,3,2,186
21780007063000,13,8,5,668.2
21780007076000,7,5,2,273.7
21780007080000,4,3,1,0
21780007095000,9,3,6,609.3
21780007096000,57,34,23,3739.2
21790006535000,15,8,7,702
21790006536000,4,2,2,0
21790006537000,9,5,4,410.4
21790006539000,2,0,2,0
21790006542000,2,1,1,0
21790006543000,10,6,4,451
21790006545000,4,2,2,0
21790006547000,6,2,4,238.8
21790006548000,1,1,0,0
21790006549000,7,4,3,308.7
21790006550000,3,2,1,0
21790006551000,5,3,2,186
21790006562000,2,0,2,0
21790006564000,11,4,7,385
21790006566000,1,1,0,0
21790006567000,25,12,13,1170
21790006570000,4,2,2,0
21790006571000,24,11,13,1164
21790006572000,23,11,12,1133.9
21790006573000,12,6,6,598.8
21790006574000,11,4,7,434.5
21790006575000,12,6,6,355.2
21790006578000,20,11,9,708
21790006579000,19,11,8,877.8
21790006580000,30,15,15,1032
21790006581000,21,10,11,714
21790006582000,19,12,7,1024.1
21790006583000,2,1,1,0
21790006584000,5,3,2,265
21790006603000,12,7,5,603.6
21790006604000,46,22,24,1876.8
21790006605000,7,4,3,494.2
21790006607000,3,2,1,0
21790006608000,33,22,11,1211.1
21790006609000,51,27,24,2356.2
21790006610000,53,24,29,2305.5
21790006611000,13,6,7,530.4
21790006666000,11,5,6,437.8
21790006667000,4,3,1,0
21790006668000,1,0,1,0
21790006669000,53,29,24,2257.8
21790006691000,1,0,1,0
21790006701000,1,1,0,0
21790006703000,8,4,4,334.4
21790006704000,2,1,1,0
21790006720000,11,7,4,390.5
21790006721000,8,5,3,399.2
21790006722000,4,3,1,0
21790006723000,11,6,5,468.6
21790006725000,17,10,7,698.7
21790006726000,18,8,10,856.8
21790006727000,16,7,9,632
21790006728000,9,5,4,388.8
21790006729000,2,1,1,0
21790006777000,80,47,33,2856
21790006778000,42,23,19,1659
21790006779000,24,13,11,1012.8
21790006780000,54,28,26,1749.6
21790006781000,204,104,100,8670
21790006782000,50,26,24,2055
21790006783000,27,11,16,1144.8
21790006784000,11,7,4,338.8
21790006789000,8,3,5,290.4
21790006790000,57,27,30,2416.8
21790006791000,36,20,16,1702.8
21790006794000,89,53,36,3649
21790006795000,37,18,19,1272.8
21790006867000,2,1,1,0
21790006871000,15,7,8,633
21790006872000,7,5,2,277.2
21790006873000,2,1,1,0
21790006901000,12,5,7,465.6
21790006902000,206,89,117,10238.2
21790006961000,109,53,56,4632.5
21790006962000,56,28,28,2116.8
21790006971000,5,3,2,172
21790006972000,4,1,3,0
21790006979000,10,5,5,425
21790006980000,38,22,16,1550.4
21790006981000,77,42,35,3649.8
21790006992000,7,3,4,223.3
21790006993000,26,14,12,1019.2
21790006997000,28,15,13,672
21790006998000,183,88,95,7740.9
21790006999000,36,20,16,1821.6
21790007000000,79,36,43,3428.6
21790007003000,3,2,1,0
21790007006000,19,8,11,741
21790007012000,7,5,2,245.7
21790007020000,3,0,3,0
21790007022000,4,3,1,0
21790007024000,7,3,4,238.7
21790007032000,6,2,4,298.2
21790007036000,20,12,8,804
21790007037000,9,3,6,342
21790007044000,8,4,4,319.2
21790007045000,7,5,2,237.3
21790007051000,1,1,0,0
21790007062000,1,0,1,0
21790007063000,10,4,6,662
21790007064000,19,10,9,609.9
21790007065000,10,6,4,416
21790007076000,4,2,2,0
21790007080000,28,16,12,1234.8
21800006536000,14,9,5,663.6
21800006537000,45,23,22,1984.5
21800006539000,5,3,2,316
21800006541000,12,9,3,658.8
21800006542000,16,9,7,784
21800006543000,12,6,6,433.2
21800006546000,6,4,2,205.2
21800006547000,3,2,1,0
21800006548000,7,6,1,216.3
21800006549000,19,10,9,733.4
21800006550000,2,2,0,0
21800006561000,9,4,5,468.9
21800006563000,8,5,3,447.2
21800006564000,20,9,11,740
21800006566000,5,2,3,339
21800006571000,4,2,2,0
21800006572000,4,2,2,0
21800006573000,3,2,1,0
21800006574000,13,6,7,409.5
21800006575000,17,8,9,989.4
21800006576000,49,25,24,1690.5
21800006577000,15,9,6,436.5
21800006578000,27,15,12,1212.3
21800006579000,30,15,15,1455
21800006580000,11,4,7,423.5
21800006581000,24,12,12,976.8
21800006582000,3,2,1,0
21800006585000,13,7,6,572
21800006586000,10,7,3,572
21800006602000,3,2,1,0
21800006662000,1,1,0,0
21800006663000,4,2,2,0
21800006664000,7,4,3,275.1
21800006665000,14,7,7,600.6
21800006666000,25,15,10,890
21800006667000,3,1,2,0
21800006668000,20,10,10,974
21800006715000,5,3,2,169
21800006717000,5,2,3,135
21800006718000,36,17,19,1562.4
21800006719000,18,8,10,896.4
21800006720000,8,4,4,480.8
21800006721000,8,4,4,286.4
21800006722000,36,16,20,1299.6
21800006723000,13,6,7,705.9
21800006724000,10,4,6,466
21800006726000,10,5,5,255
21800006776000,34,14,20,1472.2
21800006777000,40,17,23,1472
21800006778000,10,6,4,443
21800006779000,29,14,15,1313.7
21800006780000,40,21,19,1312
21800006781000,45,22,23,1899
21800006782000,12,7,5,435.6
21800006788000,9,4,5,234
21800006789000,9,4,5,446.4
21800006790000,100,47,53,3510
21800006791000,1,0,1,0
21800006792000,13,7,6,639.6
21800006793000,104,45,59,6489.6
21800006794000,5,3,2,152
21800006795000,30,16,14,1155
21800006796000,5,2,3,213
21800006846000,2,1,1,0
21800006871000,11,5,6,422.4
21800006872000,5,1,4,119
21800006873000,2,1,1,0
21800006900000,7,3,4,319.9
21800006901000,8,6,2,276
21800006902000,54,27,27,2694.6
21800006961000,1,1,0,0
21800006979000,72,38,34,2858.4
21800006980000,36,20,16,1645.2
21800006992000,15,7,8,490.5
21800006993000,12,6,6,471.6
21800006994000,22,9,13,783.2
21800006995000,17,12,5,766.7
21800006996000,236,118,118,7410.4
21800006997000,773,390,383,29683.2
21800006998000,34,18,16,1696.6
21800006999000,128,64,64,4966.4
21800007000000,39,19,20,1368.9
21800007001000,9,6,3,312.3
21800007006000,23,13,10,1198.3
21800007020000,18,9,9,955.8
21800007032000,3,2,1,0
21800007036000,9,6,3,437.4
21800007037000,20,10,10,830
21800007043000,10,3,7,339
21800007044000,16,7,9,689.6
21800007076000,9,3,6,470.7
21800007080000,50,26,24,2150
21810006537000,58,27,31,2238.8
21810006538000,3,2,1,0
21810006541000,3,1,2,0
21810006543000,5,4,1,204
21810006544000,18,10,8,761.4
21810006545000,16,11,5,872
21810006546000,1,1,0,0
21810006547000,2,1,1,0
21810006548000,16,6,10,689.6
21810006563000,3,1,2,0
21810006564000,9,3,6,342
21810006565000,102,51,51,4029
21810006566000,13,7,6,413.4
21810006567000,16,7,9,660.8
21810006574000,6,4,2,271.2
21810006575000,4,3,1,0
21810006576000,100,51,49,3830
21810006577000,88,43,45,4312
21810006578000,22,10,12,860.2
21810006619000,3,2,1,0
21810006635000,6,3,3,142.2
21810006646000,1,1,0,0
21810006660000,6,3,3,247.2
21810006661000,10,5,5,563
21810006662000,12,7,5,703.2
21810006663000,39,22,17,1911
21810006664000,6,4,2,291
21810006665000,12,7,5,468
21810006666000,16,8,8,926.4
21810006667000,13,8,5,442
21810006668000,8,3,5,331.2
21810006692000,6,2,4,220.2
21810006716000,21,11,10,942.9
21810006717000,44,26,18,1663.2
21810006718000,1,1,0,0
21810006719000,33,17,16,1326.6
21810006721000,6,3,3,289.8
21810006722000,12,5,7,500.4
21810006723000,4,3,1,0
21810006724000,19,10,9,824.6
21810006725000,6,4,2,324
21810006753000,4,3,1,0
21810006757000,12,6,6,530.4
21810006774000,20,9,11,566
21810006775000,20,10,10,632
21810006776000,22,8,14,886.6
21810006777000,106,58,48,4621.6
21810006778000,27,17,10,1298.7
21810006779000,30,19,11,1296
21810006780000,25,12,13,952.5
21810006781000,4,2,2,0
21810006783000,3,1,2,0
21810006784000,3,2,1,0
21810006785000,27,13,14,1147.5
21810006786000,44,25,19,1997.6
21810006787000,7,5,2,350.7
21810006789000,4,2,2,0
21810006790000,31,16,15,917.6
21810006791000,38,21,17,1816.4
21810006792000,99,48,51,4138.2
21810006793000,108,44,64,5443.2
21810006794000,1,1,0,0
21810006795000,29,14,15,1162.9
21810006796000,11,7,4,434.5
21810006867000,1,1,0,0
21810006869000,3,2,1,0
21810006871000,27,12,15,1306.8
21810006872000,1,0,1,0
21810006873000,5,4,1,111
21810006902000,28,15,13,1117.2
21810006960000,12,6,6,465.6
21810006961000,13,5,8,629.2
21810006979000,12,6,6,530.4
21810006993000,23,14,9,945.3
21810006994000,5,3,2,301
21810006996000,44,16,28,1328.8
21810006997000,523,257,266,21233.8
21810006998000,36,17,19,1659.6
21810006999000,98,46,52,4116
21810007000000,55,31,24,2761
21810007001000,1,1,0,0
21810007006000,11,7,4,541.2
21810007007000,5,3,2,93
21810007020000,13,7,6,734.5
21810007036000,5,3,2,170
21810007043000,29,15,14,858.4
21810007044000,6,3,3,292.8
21810007052000,2,1,1,0
21810007067000,5,4,1,168
21810007076000,19,10,9,893
21810007080000,58,33,25,2186.6
21820006536000,2,1,1,0
21820006537000,28,15,13,1187.2
21820006538000,2,2,0,0
21820006540000,1,1,0,0
21820006541000,6,1,5,195
21820006542000,8,4,4,510.4
21820006543000,2,1,1,0
21820006544000,5,3,2,348
21820006545000,16,8,8,753.6
21820006546000,13,5,8,455
21820006548000,2,2,0,0
21820006549000,21,14,7,1071
21820006563000,4,2,2,0
21820006566000,7,5,2,272.3
21820006574000,10,6,4,533
21820006575000,10,7,3,461
21820006577000,11,6,5,386.1
21820006580000,2,1,1,0
21820006616000,1,1,0,0
21820006633000,4,1,3,0
21820006634000,8,5,3,396
21820006635000,2,1,1,0
21820006656000,4,1,3,0
21820006658000,9,5,4,351
21820006659000,14,6,8,662.2
21820006660000,5,3,2,295
21820006661000,11,5,6,534.6
21820006662000,19,11,8,925.3
21820006663000,113,51,62,4361.8
21820006665000,7,4,3,333.2
21820006666000,2,1,1,0
21820006691000,4,1,3,0
21820006692000,13,8,5,520
21820006695000,15,6,9,751.5
21820006696000,10,6,4,358
21820006697000,15,6,9,540
21820006717000,9,6,3,403.2
21820006718000,7,4,3,373.1
21820006726000,1,1,0,0
21820006728000,6,5,1,220.8
21820006758000,6,3,3,241.2
21820006761000,2,1,1,0
21820006773000,1,1,0,0
21820006774000,38,20,18,1630.2
21820006775000,26,14,12,1149.2
21820006776000,66,30,36,2481.6
21820006777000,2,1,1,0
21820006783000,5,4,1,246
21820006784000,5,2,3,247
21820006785000,15,5,10,552
21820006787000,6,5,1,157.2
21820006788000,29,14,15,1597.9
21820006789000,40,20,20,1616
21820006790000,125,54,71,5550
21820006791000,157,78,79,7457.5
21820006794000,11,6,5,410.3
21820006795000,38,21,17,1497.2
21820006796000,4,2,2,0
21820006869000,19,10,9,744.8
21820006870000,1,1,0,0
21820006871000,58,31,27,1960.4
21820006872000,29,17,12,1447.1
21820006880000,4,3,1,0
21820006881000,2,1,1,0
21820006900000,16,9,7,556.8
21820006901000,3,1,2,0
21820006902000,31,14,17,1187.3
21820006909000,4,3,1,0
21820006960000,9,6,3,381.6
21820006961000,5,4,1,153
21820006969000,2,1,1,0
21820006978000,22,11,11,825
21820006993000,4,2,2,0
21820006997000,32,10,22,1712
21820006998000,351,158,193,20112.3
21820006999000,163,81,82,6291.8
21820007007000,8,5,3,226.4
21820007023000,10,5,5,494
21820007036000,15,5,10,639
21820007037000,4,2,2,0
21820007043000,16,7,9,668.8
21820007052000,1,1,0,0
21820007063000,2,1,1,0
21820007066000,9,5,4,419.4
21820007067000,5,3,2,148
21820007076000,46,28,18,1913.6
21820007079000,26,16,10,1151.8
21820007080000,57,28,29,2519.4
21830006535000,2,1,1,0
21830006536000,32,16,16,1372.8
21830006537000,13,8,5,380.9
21830006538000,7,3,4,322.7
21830006539000,4,3,1,0
21830006540000,10,4,6,511
21830006541000,4,4,0,0
21830006542000,4,2,2,0
21830006543000,1,1,0,0
21830006546000,9,6,3,386.1
21830006547000,21,12,9,1052.1
21830006549000,5,2,3,146
21830006566000,1,1,0,0
21830006574000,57,29,28,1710
21830006575000,79,42,37,2133
21830006580000,4,2,2,0
21830006633000,14,8,6,681.8
21830006635000,10,5,5,505
21830006651000,6,3,3,283.8
21830006653000,10,3,7,501
21830006655000,7,3,4,338.8
21830006656000,16,6,10,838.4
21830006657000,11,6,5,391.6
21830006658000,15,9,6,720
21830006659000,8,3,5,551.2
21830006660000,2,2,0,0
21830006661000,2,1,1,0
21830006664000,18,10,8,840.6
21830006692000,16,8,8,681.6
21830006694000,30,15,15,1509
21830006695000,15,8,7,739.5
21830006696000,8,5,3,435.2
21830006717000,14,9,5,834.4
21830006718000,12,7,5,633.6
21830006760000,6,4,2,370.2
21830006773000,4,2,2,0
21830006774000,10,7,3,557
21830006775000,19,8,11,923.4
21830006784000,3,1,2,0
21830006785000,79,39,40,2488.5
21830006786000,60,32,28,2838
21830006787000,94,49,45,3543.8
21830006788000,32,17,15,1270.4
21830006789000,46,28,18,1688.2
21830006790000,1,0,1,0
21830006869000,22,12,10,1078
21830006871000,18,7,11,730.8
21830006872000,4,2,2,0
21830006873000,47,23,24,1518.1
21830006874000,6,2,4,178.2
21830006880000,12,7,5,621.6
21830006899000,8,6,2,376
21830006900000,18,9,9,802.8
21830006901000,7,4,3,245.7
21830006902000,59,28,31,2637.3
21830006908000,6,3,3,136.8
21830006959000,6,4,2,337.2
21830006960000,22,11,11,924
21830006977000,4,2,2,0
21830006993000,2,1,1,0
21830006994000,5,3,2,290
21830006998000,14,8,6,593.6
21830006999000,73,36,37,3182.8
21830007023000,11,5,6,613.8
21830007036000,11,6,5,621.5
21830007037000,47,26,21,1804.8
21830007038000,6,3,3,201
21830007044000,19,8,11,847.4
21830007053000,7,4,3,478.1
21830007066000,22,13,9,668.8
21830007069000,2,1,1,0
21830007076000,32,18,14,1408
21830007078000,2,1,1,0
21830007080000,17,12,5,489.6
21830007081000,17,13,4,562.7
21830007098000,23,13,10,903.9
21840006536000,21,9,12,1039.5
21840006538000,9,4,5,307.8
21840006540000,3,2,1,0
21840006541000,2,1,1,0
21840006542000,4,2,2,0
21840006543000,1,1,0,0
21840006546000,5,2,3,216
21840006547000,16,9,7,617.6
21840006548000,2,1,1,0
21840006549000,4,3,1,0
21840006566000,1,0,1,0
21840006567000,8,5,3,302.4
21840006573000,21,9,12,1068.9
21840006574000,51,30,21,1943.1
21840006575000,8,4,4,364.8
21840006579000,53,30,23,1876.2
21840006633000,5,4,1,197
21840006635000,11,6,5,356.4
21840006650000,7,3,4,471.1
21840006651000,4,3,1,0
21840006652000,7,4,3,294.7
21840006653000,8,5,3,360.8
21840006654000,6,2,4,352.2
21840006655000,2,1,1,0
21840006656000,7,3,4,333.2
21840006657000,11,6,5,521.4
21840006658000,4,3,1,0
21840006659000,6,4,2,226.8
21840006663000,14,7,7,572.6
21840006664000,1,1,0,0
21840006690000,4,2,2,0
21840006691000,1,1,0,0
21840006692000,3,2,1,0
21840006693000,7,4,3,228.2
21840006694000,8,4,4,335.2
21840006716000,14,5,9,466.2
21840006718000,7,4,3,392
21840006758000,3,2,1,0
21840006760000,9,5,4,334.8
21840006761000,6,3,3,109.2
21840006772000,23,10,13,841.8
21840006773000,8,5,3,244.8
21840006774000,18,10,8,867.6
21840006775000,21,14,7,669.9
21840006780000,20,13,7,692
21840006783000,6,4,2,307.8
21840006784000,67,33,34,2807.3
21840006785000,104,55,49,4045.6
21840006787000,45,23,22,1840.5
21840006788000,4,3,1,0
21840006867000,3,1,2,0
21840006868000,5,3,2,201
21840006869000,3,2,1,0
21840006871000,1,1,0,0
21840006872000,18,10,8,675
21840006873000,35,23,12,1323
21840006874000,21,12,9,1047.9
21840006878000,10,7,3,470
21840006879000,20,9,11,1074
21840006880000,24,14,10,1027.2
21840006881000,20,10,10,626
21840006899000,15,7,8,628.5
21840006900000,2,1,1,0
21840006901000,27,13,14,1363.5
21840006902000,1,1,0,0
21840006959000,18,10,8,718.2
21840006960000,6,3,3,241.2
21840006998000,67,34,33,2706.8
21840006999000,14,7,7,579.6
21840007007000,1,1,0,0
21840007008000,4,3,1,0
21840007021000,6,3,3,244.8
21840007037000,14,9,5,632.8
21840007038000,2,1,1,0
21840007039000,16,8,8,620.8
21840007040000,44,22,22,1738
21840007041000,15,6,9,529.5
21840007042000,13,6,7,620.1
21840007044000,44,22,22,1421.2
21840007053000,3,1,2,0
21840007065000,4,2,2,0
21840007068000,8,5,3,398.4
21840007069000,4,2,2,0
21840007076000,22,10,12,827.2
21840007077000,16,8,8,486.4
21840007081000,73,37,36,2613.4
21850006540000,1,1,0,0
21850006542000,1,0,1,0
21850006545000,1,1,0,0
21850006547000,18,8,10,579.6
21850006548000,15,7,8,651
21850006549000,3,2,1,0
21850006550000,5,4,1,181
21850006556000,5,3,2,88
21850006557000,4,2,2,0
21850006559000,1,0,1,0
21850006566000,16,8,8,409.6
21850006567000,40,18,22,1480
21850006568000,4,2,2,0
21850006569000,8,5,3,287.2
21850006570000,8,4,4,358.4
21850006573000,8,5,3,420.8
21850006574000,18,9,9,660.6
21850006575000,11,5,6,346.5
21850006576000,1,1,0,0
21850006577000,9,3,6,312.3
21850006578000,48,27,21,1944
21850006579000,5,3,2,134
21850006618000,4,3,1,0
21850006631000,1,1,0,0
21850006632000,28,16,12,1156.4
21850006633000,3,2,1,0
21850006634000,2,1,1,0
21850006648000,3,1,2,0
21850006649000,18,10,8,667.8
21850006651000,6,3,3,241.8
21850006653000,3,2,1,0
21850006654000,10,4,6,427
21850006656000,8,4,4,403.2
21850006692000,10,5,5,683
21850006693000,33,15,18,1600.5
21850006694000,5,2,3,197
21850006760000,2,1,1,0
21850006761000,21,13,8,783.3
21850006772000,6,2,4,274.8
21850006773000,32,17,15,1500.8
21850006774000,48,21,27,1920
21850006775000,17,10,7,525.3
21850006779000,5,3,2,190
21850006780000,42,21,21,1625.4
21850006781000,27,16,11,993.6
21850006782000,2,1,1,0
21850006783000,87,38,49,3497.4
21850006784000,122,61,61,5185
21850006785000,24,11,13,1106.4
21850006798000,2,1,1,0
21850006857000,2,1,1,0
21850006866000,3,2,1,0
21850006873000,22,13,9,943.8
21850006874000,4,2,2,0
21850006877000,12,7,5,596.4
21850006878000,10,5,5,423
21850006879000,6,4,2,261
21850006880000,26,12,14,917.8
21850006899000,13,6,7,646.1
21850006900000,3,2,1,0
21850006901000,14,5,9,410.2
21850006958000,8,4,4,336
21850006959000,9,5,4,494.1
21850006998000,17,10,7,865.3
21850007008000,3,2,1,0
21850007020000,13,6,7,633.1
21850007021000,12,8,4,386.4
21850007036000,3,2,1,0
21850007037000,10,4,6,563
21850007038000,1,1,0,0
21850007041000,4,2,2,0
21850007042000,20,11,9,832
21850007044000,5,4,1,124
21850007053000,11,4,7,477.4
21850007064000,1,0,1,0
21850007065000,15,7,8,652.5
21850007066000,18,10,8,745.2
21850007069000,3,2,1,0
21850007076000,4,3,1,0
21850007081000,6,3,3,280.2
21850007082000,3,1,2,0
21860006545000,48,25,23,2438.4
21860006546000,9,6,3,353.7
21860006547000,3,2,1,0
21860006548000,5,3,2,136
21860006549000,60,26,34,2394
21860006550000,20,13,7,638
21860006555000,6,2,4,256.8
21860006556000,12,7,5,489.6
21860006560000,1,0,1,0
21860006563000,18,10,8,826.2
21860006566000,7,4,3,154
21860006567000,155,81,74,6897.5
21860006568000,1,0,1,0
21860006570000,14,7,7,677.6
21860006571000,17,10,7,627.3
21860006572000,23,12,11,959.1
21860006573000,46,24,22,1899.8
21860006574000,13,6,7,556.4
21860006575000,2,1,1,0
21860006576000,100,56,44,4550
21860006577000,274,137,137,10302.4
21860006578000,9,5,4,374.4
21860006586000,5,4,1,275
21860006631000,5,3,2,131
21860006632000,1,0,1,0
21860006633000,2,1,1,0
21860006641000,1,1,0,0
21860006648000,16,7,9,516.8
21860006649000,14,7,7,662.2
21860006650000,11,6,5,515.9
21860006651000,5,3,2,236
21860006655000,10,5,5,256
21860006656000,8,5,3,448
21860006691000,3,2,1,0
21860006692000,22,12,10,763.4
21860006693000,20,14,6,722
21860006714000,4,3,1,0
21860006761000,4,2,2,0
21860006762000,14,7,7,596.4
21860006772000,7,2,5,350.7
21860006774000,29,10,19,780.1
21860006778000,2,1,1,0
21860006779000,20,10,10,1002
21860006780000,52,26,26,2002
21860006781000,53,30,23,2252.5
21860006782000,24,13,11,1027.2
21860006783000,8,4,4,283.2
21860006784000,21,11,10,976.5
21860006857000,4,3,1,0
21860006858000,9,5,4,386.1
21860006872000,8,6,2,374.4
21860006874000,50,23,27,2070
21860006876000,16,8,8,630.4
21860006877000,11,5,6,491.7
21860006897000,5,3,2,150
21860006899000,13,9,4,534.3
21860006900000,7,5,2,252
21860006958000,13,6,7,403
21860006998000,15,6,9,577.5
21860006999000,1,1,0,0
21860007037000,13,7,6,518.7
21860007045000,17,7,10,630.7
21860007046000,49,26,23,1612.1
21860007047000,2,1,1,0
21860007064000,3,2,1,0
21860007070000,4,2,2,0
21860007076000,8,3,5,447.2
21860007077000,2,0,2,0
21860007082000,31,14,17,877.3
21860007083000,17,7,10,994.5
21870006536000,42,21,21,1608.6
21870006537000,17,5,12,564.4
21870006539000,1,1,0,0
21870006544000,18,10,8,916.2
21870006545000,103,55,48,4707.1
21870006546000,10,5,5,442
21870006548000,65,36,29,2678
21870006549000,221,120,101,8088.6
21870006552000,2,1,1,0
21870006553000,1,1,0,0
21870006554000,28,17,11,952
21870006563000,58,30,28,2250.4
21870006564000,146,82,64,5139.2
21870006565000,24,13,11,1183.2
21870006566000,2,1,1,0
21870006567000,13,4,9,665.6
21870006568000,14,8,6,684.6
21870006569000,19,10,9,891.1
21870006570000,6,3,3,276
21870006571000,25,13,12,1015
21870006572000,4,2,2,0
21870006573000,67,33,34,2847.5
21870006574000,194,103,91,8555.4
21870006575000,110,55,55,4301
21870006576000,705,364,341,28129.5
21870006577000,204,105,99,7548
21870006620000,2,1,1,0
21870006621000,5,2,3,308
21870006622000,5,2,3,67
21870006631000,9,5,4,369
21870006632000,30,14,16,1287
21870006633000,24,9,15,832.8
21870006634000,3,1,2,0
21870006648000,24,13,11,926.4
21870006649000,58,33,25,2192.4
21870006654000,11,5,6,573.1
21870006655000,18,10,8,793.8
21870006656000,3,2,1,0
21870006687000,5,3,2,205
21870006689000,19,9,10,815.1
21870006690000,5,3,2,311
21870006691000,69,22,47,3436.2
21870006692000,96,47,49,4646.4
21870006693000,5,3,2,278
21870006712000,16,9,7,462.4
21870006713000,4,0,4,0
21870006714000,12,6,6,759.6
21870006761000,6,2,4,282
21870006762000,3,2,1,0
21870006772000,29,16,13,1017.9
21870006773000,1,1,0,0
21870006774000,303,136,167,14119.8
21870006775000,115,51,64,4841.5
21870006776000,76,40,36,3214.8
21870006777000,11,4,7,487.3
21870006778000,14,8,6,677.6
21870006779000,54,28,26,1841.4
21870006780000,120,59,61,5124
21870006781000,8,5,3,372.8
21870006793000,5,2,3,183
21870006857000,21,13,8,800.1
21870006858000,25,13,12,1105
21870006861000,9,5,4,260.1
21870006872000,20,8,12,828
21870006873000,6,3,3,282
21870006874000,39,18,21,1540.5
21870006876000,22,9,13,1012
21870006877000,8,5,3,304
21870006897000,4,1,3,0
21870006898000,6,3,3,406.8
21870006899000,16,11,5,777.6
21870006900000,3,1,2,0
21870006902000,2,1,1,0
21870006904000,3,2,1,0
21870006957000,3,2,1,0
21870006958000,2,1,1,0
21870006976000,5,2,3,135
21870006998000,4,1,3,0
21870006999000,49,26,23,1886.5
21870007008000,3,2,1,0
21870007021000,2,1,1,0
21870007037000,1,1,0,0
21870007038000,9,4,5,421.2
21870007046000,35,18,17,1515.5
21870007053000,2,1,1,0
21870007054000,3,1,2,0
21870007068000,3,3,0,0
21870007070000,9,4,5,563.4
21870007077000,7,3,4,354.9
21870007083000,28,16,12,932.4
21870007084000,10,6,4,349
21870007088000,48,25,23,2179.2
21870007089000,13,5,8,465.4
21870007097000,5,4,1,202
21870007098000,20,9,11,1174
21880006537000,15,9,6,931.5
21880006538000,4,3,1,0
21880006544000,14,9,5,593.6
21880006545000,5,3,2,336
21880006546000,48,29,19,2222.4
21880006547000,18,10,8,640.8
21880006548000,31,18,13,1286.5
21880006549000,8,3,5,287.2
21880006550000,4,1,3,0
21880006554000,18,11,7,939.6
21880006560000,4,2,2,0
21880006564000,587,295,292,22482.1
21880006565000,197,104,93,9495.4
21880006567000,10,6,4,504
21880006568000,16,9,7,644.8
21880006569000,17,8,9,722.5
21880006570000,10,5,5,234
21880006571000,8,5,3,354.4
21880006572000,31,17,14,1202.8
21880006573000,45,24,21,1858.5
21880006574000,1082,561,521,42630.8
21880006575000,788,424,364,25925.2
21880006576000,267,139,128,10760.1
21880006577000,208,107,101,8964.8
21880006584000,14,10,4,519.4
21880006586000,22,11,11,930.6
21880006600000,2,1,1,0
21880006601000,2,1,1,0
21880006622000,29,13,16,1075.9
21880006623000,4,2,2,0
21880006631000,26,10,16,1055.6
21880006648000,8,5,3,180
21880006649000,163,81,82,7253.5
21880006650000,9,5,4,285.3
21880006655000,17,12,5,644.3
21880006682000,3,2,1,0
21880006683000,16,9,7,552
21880006685000,9,6,3,479.7
21880006687000,6,2,4,298.2
21880006688000,15,9,6,628.5
21880006689000,4,2,2,0
21880006690000,6,2,4,250.8
21880006691000,39,21,18,1563.9
21880006692000,70,31,39,3346
21880006693000,5,3,2,175
21880006711000,8,4,4,428
21880006712000,35,18,17,1372
21880006763000,6,2,4,220.8
21880006772000,6,3,3,288
21880006773000,3,1,2,0
21880006774000,204,98,106,9037.2
21880006775000,375,188,187,16500
21880006776000,77,33,44,3126.2
21880006777000,59,31,28,2389.5
21880006778000,85,38,47,3468
21880006779000,37,19,18,1753.8
21880006780000,41,22,19,1816.3
21880006793000,2,1,1,0
21880006860000,1,1,0,0
21880006872000,15,6,9,652.5
21880006873000,3,2,1,0
21880006874000,4,3,1,0
21880006875000,33,18,15,1442.1
21880006876000,37,16,21,1739
21880006897000,18,8,10,739.8
21880006898000,41,21,20,1586.7
21880006899000,21,10,11,760.2
21880006956000,5,3,2,150
21880006957000,4,2,2,0
21880006975000,1,1,0,0
21880006999000,19,8,11,826.5
21880007009000,6,4,2,310.8
21880007038000,32,21,11,1337.6
21880007046000,3,2,1,0
21880007053000,4,2,2,0
21880007063000,5,3,2,242
21880007070000,16,8,8,772.8
21880007072000,23,12,11,830.3
21880007078000,3,2,1,0
21880007083000,35,18,17,1330
21880007084000,116,61,55,4048.4
21880007086000,46,23,23,1564
21880007087000,3,2,1,0
21880007088000,7,3,4,434
21880007089000,37,20,17,1494.8
21880007090000,49,26,23,1445.5
21880007096000,5,3,2,215
21880007097000,120,61,59,5652
21880007098000,8,3,5,524
21890006545000,8,4,4,240.8
21890006546000,1,1,0,0
21890006547000,59,31,28,2755.3
21890006548000,5,3,2,285
21890006549000,23,11,12,1156.9
21890006550000,118,49,69,6714.2
21890006551000,18,8,10,779.4
21890006554000,13,6,7,451.1
21890006560000,5,2,3,194
21890006561000,1,1,0,0
21890006563000,179,95,84,7177.9
21890006564000,165,85,80,6517.5
21890006568000,12,6,6,523.2
21890006569000,2,1,1,0
21890006570000,11,8,3,572
21890006571000,5,2,3,302
21890006573000,25,16,9,1027.5
21890006574000,141,72,69,5245.2
21890006575000,956,481,475,37092.8
21890006576000,1705,770,935,75702
21890006577000,2661,1227,1434,100053.6
21890006578000,172,88,84,7533.6
21890006579000,33,19,14,1310.1
21890006580000,9,5,4,318.6
21890006581000,40,19,21,1392
21890006582000,74,39,35,3019.2
21890006583000,23,12,11,1058
21890006584000,24,13,11,938.4
21890006585000,8,6,2,219.2
21890006586000,3,1,2,0
21890006597000,11,7,4,328.9
21890006598000,2,1,1,0
21890006599000,2,1,1,0
21890006602000,1,1,0,0
21890006622000,3,3,0,0
21890006623000,11,4,7,319
21890006630000,4,2,2,0
21890006631000,8,4,4,378.4
21890006638000,1,1,0,0
21890006646000,4,3,1,0
21890006647000,5,2,3,324
21890006648000,19,9,10,710.6
21890006653000,3,1,2,0
21890006654000,1,1,0,0
21890006655000,9,6,3,496.8
21890006656000,5,3,2,168
21890006683000,48,26,22,1521.6
21890006684000,27,11,16,1020.6
21890006685000,19,11,8,893
21890006686000,7,2,5,294
21890006687000,8,3,5,424.8
21890006691000,4,3,1,0
21890006692000,8,4,4,303.2
21890006712000,20,13,7,970
21890006762000,3,2,1,0
21890006771000,3,2,1,0
21890006772000,17,10,7,656.2
21890006773000,5,2,3,257
21890006774000,442,210,232,19713.2
21890006775000,68,30,38,3257.2
21890006776000,3,2,1,0
21890006778000,12,4,8,420
21890006858000,3,1,2,0
21890006872000,8,6,2,395.2
21890006873000,109,50,59,4926.8
21890006874000,697,328,369,34083.3
21890006875000,115,64,51,4301
21890006897000,22,14,8,759
21890006898000,42,22,20,1528.8
21890006899000,4,2,2,0
21890006944000,5,1,4,152
21890006955000,6,3,3,160.2
21890006956000,7,3,4,291.9
21890006999000,26,13,13,1047.8
21890007009000,8,3,5,291.2
21890007021000,6,4,2,367.2
21890007038000,3,1,2,0
21890007054000,4,2,2,0
21890007063000,23,12,11,860.2
21890007070000,169,85,84,6574.1
21890007072000,28,14,14,1212.4
21890007084000,7,4,3,410.2
21890007085000,36,23,13,1206
21890007086000,11,6,5,465.3
21890007087000,27,16,11,909.9
21890007088000,55,27,28,2442
21890007089000,59,25,34,2867.4
21890007090000,12,5,7,579.6
21890007097000,69,38,31,3387.9
21890007098000,2,1,1,0
21900006545000,29,18,11,1273.1
21900006546000,31,16,15,1484.9
21900006547000,56,29,27,2609.6
21900006548000,1,1,0,0
21900006549000,26,12,14,920.4
21900006550000,27,14,13,901.8
21900006551000,6,3,3,367.2
21900006554000,25,12,13,927.5
21900006556000,6,2,4,172.2
21900006557000,9,4,5,435.6
21900006558000,2,1,1,0
21900006559000,35,19,16,1312.5
21900006560000,35,21,14,1435
21900006561000,11,6,5,476.3
21900006566000,128,67,61,5619.2
21900006567000,16,9,7,740.8
21900006568000,12,6,6,603.6
21900006572000,25,14,11,990
21900006573000,534,274,260,21253.2
21900006574000,1205,595,610,44344
21900006575000,1061,546,515,42546.1
21900006576000,1241,607,634,50881
21900006577000,337,170,167,11862.4
21900006578000,138,61,77,5271.6
21900006579000,306,154,152,9669.6
21900006580000,347,180,167,11312.2
21900006581000,82,43,39,3632.6
21900006582000,134,72,62,4462.2
21900006583000,130,60,70,5577
21900006584000,39,19,20,1657.5
21900006585000,42,24,18,1785
21900006586000,17,8,9,710.6
21900006587000,4,0,4,0
21900006596000,4,3,1,0
21900006597000,7,5,2,272.3
21900006602000,4,3,1,0
21900006603000,4,2,2,0
21900006623000,1,1,0,0
21900006631000,3,1,2,0
21900006646000,23,10,13,862.5
21900006647000,5,2,3,220
21900006650000,37,20,17,1557.7
21900006651000,1,1,0,0
21900006658000,3,2,1,0
21900006660000,8,4,4,303.2
21900006661000,1,0,1,0
21900006678000,9,3,6,250.2
21900006679000,18,11,7,727.2
21900006680000,16,8,8,542.4
21900006681000,9,5,4,344.7
21900006683000,13,7,6,379.6
21900006684000,1,1,0,0
21900006686000,2,2,0,0
21900006690000,6,3,3,405
21900006694000,1,1,0,0
21900006711000,15,7,8,741
21900006712000,14,8,6,761.6
21900006767000,17,10,7,578
21900006768000,7,4,3,202.3
21900006771000,6,3,3,198
21900006772000,97,47,50,3530.8
21900006773000,170,90,80,6919
21900006774000,333,157,176,14951.7
21900006775000,26,13,13,1196
21900006872000,16,8,8,664
21900006873000,52,26,26,2808
21900006874000,341,156,185,14560.7
21900006875000,80,43,37,3968
21900006894000,1,0,1,0
21900006895000,11,5,6,404.8
21900006896000,3,2,1,0
21900006897000,2,1,1,0
21900006898000,20,11,9,956
21900006945000,2,1,1,0
21900006946000,3,1,2,0
21900006954000,6,4,2,243
21900006955000,4,1,3,0
21900006999000,16,10,6,652.8
21900007009000,2,1,1,0
21900007021000,13,8,5,721.5
21900007022000,5,2,3,298
21900007038000,19,7,12,965.2
21900007047000,1,1,0,0
21900007063000,6,2,4,240
21900007070000,40,25,15,1448
21900007071000,2,1,1,0
21900007072000,19,10,9,761.9
21900007073000,8,3,5,484
21900007085000,25,13,12,1127.5
21900007087000,2,1,1,0
21900007088000,35,19,16,1393
21900007089000,1,0,1,0
21910006546000,3,2,1,0
21910006547000,2,1,1,0
21910006548000,60,31,29,2298
21910006549000,12,4,8,388.8
21910006550000,17,8,9,622.2
21910006551000,30,12,18,888
21910006553000,6,3,3,238.2
21910006554000,9,6,3,369
21910006555000,6,3,3,333
21910006557000,18,8,10,568.8
21910006558000,8,6,2,378.4
21910006559000,79,36,43,3144.2
21910006560000,13,8,5,429
21910006566000,28,16,12,1206.8
21910006567000,30,19,11,1314
21910006568000,115,63,52,4945
21910006569000,540,269,271,21438
21910006570000,10,5,5,427
21910006571000,20,12,8,656
21910006572000,331,159,172,13041.4
21910006573000,927,457,470,37636.2
21910006574000,589,251,338,24620.2
21910006575000,2181,1107,1074,88548.6
21910006576000,2594,1198,1396,119842.8
21910006577000,760,372,388,29260
21910006578000,907,436,471,33105.5
21910006579000,489,237,252,18484.2
21910006580000,92,48,44,4075.6
21910006581000,38,17,21,1546.6
21910006582000,11,4,7,416.9
21910006584000,5,3,2,139
21910006595000,1,1,0,0
21910006596000,2,1,1,0
21910006630000,23,13,10,998.2
21910006631000,73,39,34,2591.5
21910006646000,23,9,14,917.7
21910006647000,5,1,4,310
21910006649000,9,4,5,376.2
21910006650000,4,3,1,0
21910006651000,5,3,2,319
21910006657000,7,5,2,322.7
21910006658000,21,12,9,621.6
21910006659000,23,13,10,949.9
21910006673000,2,1,1,0
21910006674000,6,2,4,234
21910006675000,11,7,4,633.6
21910006676000,11,4,7,381.7
21910006677000,6,5,1,385.2
21910006678000,23,11,12,1035
21910006679000,93,40,53,3589.8
21910006680000,133,63,70,4814.6
21910006711000,6,3,3,199.2
21910006766000,8,4,4,458.4
21910006767000,20,13,7,880
21910006768000,80,42,38,3176
21910006769000,24,15,9,840
21910006770000,9,6,3,335.7
21910006772000,150,70,80,6660
21910006773000,432,209,223,16286.4
21910006774000,1,1,0,0
21910006775000,7,3,4,287.7
21910006853000,3,2,1,0
21910006856000,6,2,4,345
21910006857000,24,14,10,1087.2
21910006858000,9,7,2,537.3
21910006859000,3,2,1,0
21910006861000,1,1,0,0
21910006872000,6,3,3,85.8
21910006873000,40,22,18,1756
21910006874000,190,97,93,7391
21910006875000,18,8,10,833.4
21910006894000,5,2,3,125
21910006895000,19,9,10,579.5
21910006896000,1,1,0,0
21910006897000,34,16,18,1462
21910006898000,74,38,36,3108
21910006954000,9,5,4,434.7
21910006999000,42,22,20,1646.4
21910007021000,44,22,22,1909.6
21910007035000,5,3,2,132
21910007038000,3,2,1,0
21910007039000,18,10,8,588.6
21910007047000,16,7,9,827.2
21910007054000,2,1,1,0
21910007063000,4,1,3,0
21910007071000,15,9,6,705
21910007072000,44,23,21,1812.8
21910007073000,30,18,12,1314
21910007077000,79,44,35,2812.4
21910007085000,8,5,3,348
21910007086000,47,27,20,1710.8
21910007087000,2,1,1,0
21910007088000,1,0,1,0
21910007089000,1,0,1,0
21920006548000,2,1,1,0
21920006549000,48,21,27,2280
21920006550000,11,5,6,553.3
21920006551000,41,23,18,1537.5
21920006552000,5,3,2,255
21920006553000,4,3,1,0
21920006555000,28,15,13,1080.8
21920006557000,75,30,45,2407.5
21920006558000,14,8,6,543.2
21920006559000,47,24,23,1673.2
21920006560000,29,14,15,1238.3
21920006566000,11,5,6,448.8
21920006567000,430,231,199,16555
21920006568000,927,477,450,39212.1
21920006569000,1651,775,876,57950.1
21920006570000,215,113,102,8987
21920006571000,136,63,73,6718.4
21920006572000,1498,731,767,56774.2
21920006573000,2227,1112,1115,87743.8
21920006574000,1536,729,807,63744
21920006575000,2290,1185,1105,93432
21920006576000,2178,1062,1116,88209
21920006577000,494,239,255,21686.6
21920006578000,171,87,84,5882.4
21920006579000,39,19,20,1602.9
21920006580000,58,33,25,2227.2
21920006581000,35,21,14,1606.5
21920006582000,34,19,15,1145.8
21920006623000,12,7,5,406.8
21920006627000,4,2,2,0
21920006630000,16,9,7,625.6
21920006631000,36,18,18,1400.4
21920006645000,4,3,1,0
21920006646000,18,10,8,885.6
21920006647000,2,1,1,0
21920006648000,4,2,2,0
21920006651000,13,6,7,328.9
21920006653000,2,1,1,0
21920006654000,2,1,1,0
21920006655000,7,4,3,305.2
21920006656000,2,1,1,0
21920006657000,3,3,0,0
21920006658000,16,11,5,801.6
21920006660000,9,5,4,572.4
21920006661000,23,12,11,759
21920006662000,1,1,0,0
21920006671000,7,3,4,226.1
21920006672000,16,5,11,713.6
21920006673000,24,10,14,1118.4
21920006674000,49,30,19,1994.3
21920006675000,12,6,6,576
21920006676000,22,9,13,1069.2
21920006677000,28,14,14,1374.8
21920006678000,17,11,6,851.7
21920006679000,8,5,3,363.2
21920006711000,4,3,1,0
21920006712000,4,2,2,0
21920006713000,21,12,9,655.2
21920006745000,1,0,1,0
21920006761000,7,2,5,128.8
21920006766000,14,7,7,739.2
21920006767000,40,20,20,1952
21920006768000,26,15,11,780
21920006769000,2,1,1,0
21920006771000,26,15,11,1079
21920006772000,114,59,55,5278.2
21920006773000,8,6,2,252.8
21920006852000,3,2,1,0
21920006857000,5,3,2,267
21920006858000,37,20,17,1857.4
21920006859000,3,2,1,0
21920006872000,29,16,13,1229.6
21920006873000,11,7,4,545.6
21920006874000,28,15,13,1330
21920006875000,3,2,1,0
21920006893000,11,5,6,344.3
21920006894000,7,4,3,291.2
21920006895000,17,7,10,836.4
21920006896000,51,29,22,2126.7
21920006897000,15,8,7,687
21920006898000,33,17,16,1742.4
21920006953000,5,1,4,293
21920006954000,13,5,8,470.6
21920006998000,6,3,3,244.2
21920006999000,76,42,34,3055.2
21920007000000,6,2,4,264
21920007021000,28,12,16,1131.2
21920007038000,7,3,4,221.9
21920007039000,19,10,9,1031.7
21920007047000,2,1,1,0
21920007048000,1,1,0,0
21920007054000,4,1,3,0
21920007064000,8,3,5,486.4
21920007070000,1,0,1,0
21920007071000,21,12,9,911.4
21920007072000,24,17,7,878.4
21920007073000,66,39,27,2666.4
21920007077000,138,69,69,5437.2
21920007078000,11,5,6,378.4
21920007086000,11,4,7,400.4
21920007088000,8,4,4,344
21930006549000,60,30,30,2364
21930006550000,1,1,0,0
21930006551000,7,4,3,366.1
21930006552000,39,18,21,1454.7
21930006553000,42,25,17,1575
21930006554000,8,7,1,290.4
21930006555000,37,17,20,1280.2
21930006556000,43,22,21,1887.7
21930006557000,535,300,235,16799
21930006560000,17,9,8,637.5
21930006561000,40,22,18,1524
21930006562000,51,26,25,2034.9
21930006563000,53,29,24,2157.1
21930006564000,1012,521,491,37747.6
21930006565000,184,96,88,6384.8
21930006566000,1295,670,625,50634.5
21930006567000,1710,852,858,77463
21930006568000,2193,1030,1163,93641.1
21930006569000,1518,746,772,60568.2
21930006570000,1182,586,596,46452.6
21930006571000,427,225,202,16695.7
21930006572000,1047,527,520,41251.8
21930006573000,744,369,375,29983.2
21930006574000,1324,629,695,53489.6
21930006575000,1035,523,512,37674
21930006576000,346,175,171,11798.6
21930006577000,56,29,27,2508.8
21930006578000,137,69,68,6165
21930006579000,16,7,9,716.8
21930006580000,18,10,8,547.2
21930006581000,28,11,17,674.8
21930006630000,13,8,5,481
21930006631000,24,15,9,993.6
21930006645000,13,7,6,438.1
21930006646000,14,10,4,726.6
21930006651000,2,1,1,0
21930006652000,1,1,0,0
21930006653000,20,11,9,1190
21930006654000,19,9,10,767.6
21930006655000,20,14,6,908
21930006658000,7,5,2,184.8
21930006665000,11,6,5,391.6
21930006670000,1,1,0,0
21930006671000,21,12,9,982.8
21930006673000,22,9,13,877.8
21930006674000,27,16,11,1201.5
21930006712000,1,1,0,0
21930006713000,23,14,9,1090.2
21930006714000,14,3,11,561.4
21930006767000,54,30,24,2381.4
21930006768000,15,8,7,493.5
21930006770000,17,11,6,712.3
21930006771000,21,12,9,848.4
21930006772000,14,9,5,655.2
21930006849000,14,8,6,519.4
21930006850000,29,15,14,1328.2
21930006851000,13,8,5,767
21930006855000,3,2,1,0
21930006857000,6,5,1,165
21930006858000,2,1,1,0
21930006859000,12,7,5,643.2
21930006871000,16,9,7,638.4
21930006872000,43,24,19,1591
21930006873000,9,6,3,351.9
21930006874000,8,5,3,219.2
21930006891000,8,5,3,344
21930006892000,26,13,13,995.8
21930006893000,2,1,1,0
21930006894000,19,11,8,723.9
21930006895000,87,39,48,3523.5
21930006896000,441,222,219,19359.9
21930006897000,450,223,227,19035
21930006945000,1,1,0,0
21930006952000,1,1,0,0
21930006999000,35,19,16,1575
21930007000000,1,1,0,0
21930007039000,4,2,2,0
21930007047000,7,5,2,160.3
21930007053000,4,1,3,0
21930007064000,2,1,1,0
21930007071000,53,31,22,2194.2
21930007072000,44,18,26,1808.4
21930007073000,64,30,34,2457.6
21930007077000,13,7,6,534.3
21930007078000,80,45,35,2416
21930007084000,3,1,2,0
21930007087000,44,22,22,1702.8
21930007089000,15,13,2,553.5
21940006550000,6,4,2,205.2
21940006551000,19,11,8,818.9
21940006552000,1,0,1,0
21940006553000,30,17,13,1272
21940006554000,3,2,1,0
21940006555000,49,22,27,2224.6
21940006556000,270,140,130,10503
21940006557000,631,317,314,21706.4
21940006558000,27,16,11,907.2
21940006560000,137,68,69,5082.7
21940006561000,584,288,296,19856
21940006562000,92,40,52,3174
21940006563000,822,415,407,30742.8
21940006564000,1565,764,801,63539
21940006565000,1336,614,722,51168.8
21940006566000,1233,583,650,50306.4
21940006567000,2152,1041,1111,95548.8
21940006568000,1941,932,1009,82298.4
21940006569000,1537,751,786,66244.7
21940006570000,936,456,480,36129.6
21940006571000,1446,678,768,61599.6
21940006572000,266,131,135,10507
21940006573000,27,12,15,1204.2
21940006574000,4,1,3,0
21940006575000,28,13,15,1176
21940006576000,241,121,120,10073.8
21940006577000,23,13,10,853.3
21940006578000,98,52,46,3773
21940006579000,45,23,22,1674
21940006580000,22,11,11,950.4
21940006581000,23,16,7,926.9
21940006586000,6,2,4,249
21940006587000,13,7,6,461.5
21940006613000,12,6,6,361.2
21940006630000,26,15,11,1066
21940006631000,31,14,17,1395
21940006632000,13,8,5,611
21940006639000,4,2,2,0
21940006642000,4,2,2,0
21940006644000,24,12,12,996
21940006645000,13,7,6,513.5
21940006646000,16,7,9,782.4
21940006649000,4,1,3,0
21940006651000,5,3,2,318
21940006653000,35,14,21,1606.5
21940006654000,56,26,30,2391.2
21940006656000,1,1,0,0
21940006657000,6,4,2,280.8
21940006658000,1,1,0,0
21940006659000,4,2,2,0
21940006665000,6,3,3,390
21940006670000,11,5,6,664.4
21940006671000,3,2,1,0
21940006672000,3,2,1,0
21940006673000,5,2,3,210
21940006711000,9,5,4,404.1
21940006712000,16,10,6,758.4
21940006713000,41,22,19,1877.8
21940006714000,4,3,1,0
21940006746000,2,1,1,0
21940006760000,1,0,1,0
21940006766000,8,4,4,366.4
21940006767000,32,18,14,1225.6
21940006769000,21,9,12,688.8
21940006849000,19,13,6,625.1
21940006850000,2,1,1,0
21940006858000,6,3,3,291
21940006859000,32,17,15,1129.6
21940006864000,2,1,1,0
21940006865000,1,1,0,0
21940006871000,38,15,23,1835.4
21940006872000,52,27,25,1700.4
21940006873000,4,2,2,0
21940006891000,30,16,14,1071
21940006892000,52,31,21,2308.8
21940006893000,21,12,9,911.4
21940006896000,138,72,66,6306.6
21940006897000,89,47,42,3159.5
21940006943000,1,1,0,0
21940006944000,12,5,7,531.6
21940006945000,4,3,1,0
21940006951000,8,5,3,239.2
21940006952000,3,1,2,0
21940006999000,30,16,14,1173
21940007000000,5,3,2,214
21940007021000,6,3,3,217.2
21940007047000,3,3,0,0
21940007065000,3,1,2,0
21940007066000,3,2,1,0
21940007071000,34,19,15,1088
21940007072000,21,11,10,806.4
21940007073000,15,10,5,571.5
21940007077000,27,17,10,907.2
21940007078000,310,150,160,10974
21940007079000,20,10,10,586
21940007085000,14,8,6,333.2
21940007087000,2,1,1,0
21940007088000,59,31,28,2236.1
21940007089000,49,23,26,2087.4
21950006551000,6,3,3,145.2
21950006552000,25,12,13,1050
21950006553000,49,28,21,2018.8
21950006554000,20,11,9,798
21950006555000,25,12,13,972.5
21950006556000,829,387,442,36807.6
21950006557000,995,498,497,42586
21950006558000,754,387,367,27521
21950006559000,126,67,59,4888.8
21950006560000,805,406,399,31556
21950006561000,1476,739,737,55645.2
21950006562000,1122,566,556,47011.8
21950006563000,991,496,495,40531.9
21950006564000,1155,561,594,50011.5
21950006565000,267,130,137,12655.8
21950006566000,343,179,164,13136.9
21950006567000,371,183,188,14543.2
21950006568000,1251,635,616,50290.2
21950006569000,809,397,412,31065.6
21950006570000,855,383,472,44545.5
21950006571000,46,20,26,1610
21950006572000,17,9,8,783.7
21950006573000,14,7,7,530.6
21950006574000,61,31,30,2226.5
21950006575000,7,2,5,165.2
21950006577000,8,5,3,394.4
21950006578000,13,7,6,704.6
21950006579000,71,44,27,2847.1
21950006580000,24,14,10,967.2
21950006581000,11,6,5,413.6
21950006586000,10,5,5,439
21950006587000,89,44,45,3088.3
21950006588000,11,7,4,227.7
21950006613000,11,7,4,350.9
21950006614000,31,18,13,1209
21950006615000,8,5,3,332
21950006620000,13,7,6,525.2
21950006621000,28,18,10,1304.8
21950006622000,311,154,157,11600.3
21950006623000,24,9,15,765.6
21950006631000,26,14,12,1219.4
21950006632000,7,5,2,207.9
21950006635000,4,3,1,0
21950006637000,7,4,3,345.1
21950006638000,10,5,5,465
21950006639000,34,21,13,1176.4
21950006640000,68,35,33,2985.2
21950006641000,13,7,6,547.3
21950006642000,3,1,2,0
21950006643000,13,6,7,401.7
21950006644000,3,1,2,0
21950006645000,15,9,6,636
21950006646000,13,6,7,560.3
21950006649000,6,4,2,289.2
21950006650000,2,2,0,0
21950006653000,10,6,4,504
21950006656000,7,4,3,541.8
21950006657000,5,1,4,199
21950006658000,2,0,2,0
21950006663000,1,0,1,0
21950006664000,4,2,2,0
21950006665000,3,2,1,0
21950006670000,15,8,7,465
21950006672000,29,15,14,1305
21950006673000,34,15,19,1247.8
21950006674000,21,11,10,966
21950006675000,3,2,1,0
21950006711000,49,23,26,2116.8
21950006712000,150,69,81,7185
21950006713000,110,55,55,4477
21950006753000,1,1,0,0
21950006757000,17,10,7,676.6
21950006766000,56,28,28,1993.6
21950006768000,33,14,19,1382.7
21950006769000,2,1,1,0
21950006779000,12,7,5,388.8
21950006846000,1,1,0,0
21950006858000,21,9,12,756
21950006859000,19,11,8,851.2
21950006860000,3,2,1,0
21950006865000,2,1,1,0
21950006870000,51,24,27,2055.3
21950006871000,62,32,30,2697
21950006872000,31,16,15,1515.9
21950006873000,17,10,7,809.2
21950006889000,7,4,3,287.7
21950006890000,34,18,16,1251.2
21950006891000,13,5,8,626.6
21950006892000,2,2,0,0
21950006946000,4,1,3,0
21950006950000,11,5,6,501.6
21950006951000,19,9,10,729.6
21950006999000,16,8,8,777.6
21950007000000,12,8,4,475.2
21950007021000,9,6,3,384.3
21950007022000,2,1,1,0
21950007045000,1,1,0,0
21950007065000,6,2,4,271.8
21950007066000,7,2,5,324.8
21950007067000,9,5,4,407.7
21950007068000,22,11,11,884.4
21950007069000,87,45,42,3045
21950007070000,20,11,9,868
21950007071000,5,3,2,147
21950007072000,3,2,1,0
21950007073000,44,23,21,1707.2
21950007078000,200,97,103,7960
21950007079000,28,18,10,812
21950007080000,221,92,129,8132.8
21950007081000,445,205,240,19624.5
21950007082000,148,79,69,5994
21950007083000,48,23,25,1958.4
21950007084000,132,60,72,4963.2
21950007085000,125,66,59,5175
21950007086000,102,49,53,3631.2
21950007087000,17,8,9,618.8
21950007088000,7,3,4,478.8
21950007089000,21,12,9,879.9
21950007090000,2,1,1,0
21960006553000,15,7,8,514.5
21960006554000,902,459,443,31750.4
21960006555000,979,489,490,37691.5
21960006556000,727,360,367,32278.8
21960006557000,353,183,170,15637.9
21960006558000,849,435,414,36846.6
21960006559000,2,1,1,0
21960006560000,173,80,93,7300.6
21960006561000,381,197,184,12725.4
21960006562000,301,137,164,11137
21960006563000,522,250,272,24534
21960006564000,954,474,480,34916.4
21960006565000,819,396,423,30794.4
21960006566000,400,198,202,14080
21960006567000,17,9,8,557.6
21960006568000,61,24,37,1958.1
21960006569000,276,135,141,9908.4
21960006570000,55,30,25,1815
21960006571000,36,19,17,1584
21960006572000,59,29,30,2483.9
21960006573000,24,12,12,1116
21960006574000,14,8,6,754.6
21960006580000,1,0,1,0
21960006586000,34,18,16,1451.8
21960006587000,62,35,27,2486.2
21960006588000,24,15,9,806.4
21960006591000,3,1,2,0
21960006592000,7,3,4,287
21960006614000,25,14,11,885
21960006615000,13,7,6,481
21960006616000,39,21,18,1899.3
21960006617000,1,1,0,0
21960006620000,7,4,3,315.7
21960006621000,48,25,23,1896
21960006622000,181,88,93,8796.6
21960006629000,1,0,1,0
21960006630000,14,5,9,659.4
21960006631000,11,5,6,485.1
21960006632000,40,25,15,1620
21960006633000,28,16,12,854
21960006634000,8,4,4,207.2
21960006635000,22,11,11,866.8
21960006636000,13,7,6,478.4
21960006637000,21,13,8,1092
21960006638000,29,14,15,1563.1
21960006639000,37,19,18,1272.8
21960006640000,241,128,113,9712.3
21960006641000,138,70,68,4485
21960006642000,56,36,20,2396.8
21960006643000,18,8,10,815.4
21960006644000,25,11,14,795
21960006645000,274,117,157,10658.6
21960006646000,242,124,118,8760.4
21960006648000,11,6,5,640.2
21960006651000,5,2,3,149
21960006652000,2,1,1,0
21960006655000,6,3,3,225
21960006657000,11,7,4,342.1
21960006664000,8,4,4,300.8
21960006665000,13,8,5,504.4
21960006668000,11,6,5,576.4
21960006669000,7,3,4,254.8
21960006670000,9,6,3,172.8
21960006671000,1,1,0,0
21960006672000,6,5,1,439.8
21960006682000,1,1,0,0
21960006689000,34,16,18,1084.6
21960006708000,8,5,3,272
21960006709000,17,8,9,766.7
21960006710000,4,1,3,0
21960006711000,9,5,4,459
21960006712000,62,31,31,2889.2
21960006757000,9,4,5,377.1
21960006758000,13,8,5,637
21960006766000,93,44,49,3366.6
21960006767000,132,62,70,6375.6
21960006768000,62,36,26,2734.2
21960006769000,4,2,2,0
21960006781000,2,1,1,0
21960006782000,4,1,3,0
21960006859000,18,11,7,865.8
21960006860000,30,12,18,1356
21960006869000,13,8,5,587.6
21960006870000,27,14,13,1228.5
21960006871000,9,4,5,332.1
21960006872000,14,8,6,527.8
21960006881000,3,2,1,0
21960006887000,2,1,1,0
21960006888000,7,2,5,240.1
21960006889000,11,5,6,503.8
21960006890000,20,12,8,1012
21960006891000,8,3,5,236
21960006947000,3,2,1,0
21960006949000,12,5,7,436.8
21960006950000,4,2,2,0
21960006999000,17,9,8,676.6
21960007000000,24,11,13,1056
21960007021000,3,2,1,0
21960007022000,3,0,3,0
21960007031000,5,4,1,180
21960007045000,3,1,2,0
21960007067000,2,1,1,0
21960007068000,6,3,3,157.8
21960007070000,7,3,4,326.2
21960007071000,4,2,2,0
21960007080000,27,17,10,1074.6
21960007082000,6,3,3,465
21960007083000,38,22,16,1117.2
21960007084000,3,1,2,0
21960007085000,22,11,11,693
21960007086000,9,5,4,369.9
21970006552000,554,292,262,22769.4
21970006553000,723,352,371,28630.8
21970006554000,316,159,157,14536
21970006555000,475,233,242,20472.5
21970006557000,193,99,94,8414.8
21970006559000,3,0,3,0
21970006560000,19,11,8,672.6
21970006561000,178,95,83,5891.8
21970006562000,105,61,44,4252.5
21970006563000,154,74,80,6421.8
21970006564000,171,80,91,6737.4
21970006565000,32,17,15,1692.8
21970006566000,13,7,6,540.8
21970006568000,6,2,4,214.2
21970006569000,45,20,25,1687.5
21970006570000,51,29,22,2182.8
21970006571000,29,15,14,1452.9
21970006572000,5,4,1,246
21970006574000,9,3,6,359.1
21970006575000,21,10,11,714
21970006580000,8,4,4,342.4
21970006581000,105,55,50,3591
21970006584000,41,18,23,2074.6
21970006585000,22,11,11,1027.4
21970006614000,12,7,5,660
21970006615000,4,2,2,0
21970006616000,37,20,17,1513.3
21970006617000,11,7,4,452.1
21970006619000,11,6,5,588.5
21970006620000,55,26,29,2244
21970006621000,83,41,42,3320
21970006622000,105,57,48,3738
21970006623000,182,88,94,6006
21970006624000,683,343,340,24724.6
21970006625000,513,260,253,20366.1
21970006626000,14,8,6,688.8
21970006627000,438,216,222,20498.4
21970006628000,733,394,339,27047.7
21970006629000,63,33,30,2179.8
21970006630000,64,36,28,2528
21970006631000,39,21,18,1626.3
21970006632000,55,25,30,1958
21970006634000,2,2,0,0
21970006636000,6,3,3,210
21970006637000,17,6,11,634.1
21970006638000,6,1,5,240
21970006639000,13,8,5,516.1
21970006640000,3,0,3,0
21970006641000,5,3,2,289
21970006642000,13,7,6,444.6
21970006648000,5,2,3,198
21970006649000,3,2,1,0
21970006654000,2,1,1,0
21970006656000,7,4,3,335.3
21970006661000,9,6,3,208.8
21970006666000,3,1,2,0
21970006668000,13,5,8,474.5
21970006669000,2,2,0,0
21970006670000,10,5,5,204
21970006685000,2,1,1,0
21970006707000,8,5,3,403.2
21970006708000,14,9,5,805
21970006709000,2,1,1,0
21970006710000,30,16,14,1122
21970006747000,1,0,1,0
21970006756000,15,8,7,756
21970006757000,1,1,0,0
21970006762000,1,1,0,0
21970006766000,220,108,112,8954
21970006767000,245,116,129,11098.5
21970006768000,43,23,20,1810.3
21970006769000,1,0,1,0
21970006770000,2,1,1,0
21970006782000,45,26,19,1750.5
21970006859000,17,8,9,712.3
21970006860000,19,9,10,737.2
21970006861000,22,11,11,1104.4
21970006867000,16,10,6,659.2
21970006868000,15,7,8,808.5
21970006869000,16,7,9,724.8
21970006870000,9,4,5,308.7
21970006871000,1,0,1,0
21970006885000,13,6,7,562.9
21970006887000,12,7,5,537.6
21970006888000,31,15,16,1410.5
21970006889000,30,18,12,1101
21970006890000,20,11,9,768
21970006948000,46,26,20,2175.8
21970006949000,36,18,18,1249.2
21970006965000,3,1,2,0
21970007000000,15,8,7,648
21970007001000,1,0,1,0
21970007021000,2,1,1,0
21970007022000,39,20,19,1887.6
21970007041000,7,4,3,205.1
21970007044000,3,1,2,0
21970007045000,6,4,2,256.2
21970007054000,5,2,3,178
21970007069000,3,1,2,0
21970007070000,29,15,14,1226.7
21970007071000,4,3,1,0
21970007085000,40,19,21,1636
21970007086000,11,5,6,442.2
21980006551000,698,344,354,32317.4
21980006552000,841,429,412,35237.9
21980006553000,677,321,356,24913.6
21980006554000,7,5,2,256.2
21980006556000,5,3,2,290
21980006557000,128,65,63,5734.4
21980006559000,2,2,0,0
21980006560000,13,7,6,543.4
21980006561000,25,13,12,842.5
21980006562000,5,4,1,273
21980006564000,3,2,1,0
21980006565000,20,9,11,714
21980006566000,112,67,45,3796.8
21980006567000,35,19,16,1501.5
21980006568000,27,15,12,1115.1
21980006569000,10,5,5,406
21980006570000,7,3,4,331.8
21980006571000,5,3,2,158
21980006572000,5,3,2,185
21980006573000,17,8,9,605.2
21980006574000,2,1,1,0
21980006575000,5,2,3,172
21980006581000,36,20,16,1216.8
21980006582000,690,352,338,27186
21980006583000,50,29,21,1910
21980006584000,224,111,113,8131.2
21980006614000,4,2,2,0
21980006617000,69,40,29,2780.7
21980006618000,40,22,18,1620
21980006619000,98,44,54,3469.2
21980006620000,82,43,39,3575.2
21980006621000,287,139,148,12111.4
21980006622000,285,141,144,11314.5
21980006623000,775,406,369,29915
21980006624000,675,341,334,25650
21980006625000,1134,587,547,47968.2
21980006626000,1431,705,726,63679.5
21980006627000,1515,756,759,65902.5
21980006628000,1200,592,608,42480
21980006629000,131,68,63,5685.4
21980006630000,30,14,16,1128
21980006631000,7,2,5,319.9
21980006638000,7,4,3,352.8
21980006657000,5,3,2,164
21980006658000,1,1,0,0
21980006659000,7,4,3,240.8
21980006660000,4,1,3,0
21980006661000,2,1,1,0
21980006662000,6,4,2,165
21980006667000,33,17,16,1402.5
21980006668000,20,11,9,1054
21980006669000,4,3,1,0
21980006681000,8,5,3,302.4
21980006682000,24,13,11,902.4
21980006683000,15,8,7,856.5
21980006684000,1,1,0,0
21980006685000,3,1,2,0
21980006708000,9,5,4,304.2
21980006756000,26,15,11,917.8
21980006760000,3,2,1,0
21980006761000,20,9,11,622
21980006762000,15,7,8,505.5
21980006764000,14,7,7,484.4
21980006765000,30,18,12,1410
21980006766000,43,24,19,1754.4
21980006767000,23,15,8,1225.9
21980006782000,23,16,7,729.1
21980006783000,2,1,1,0
21980006859000,21,12,9,1121.4
21980006860000,77,37,40,3349.5
21980006861000,3,1,2,0
21980006865000,4,2,2,0
21980006866000,102,55,47,3886.2
21980006867000,192,91,101,7929.6
21980006868000,10,6,4,507
21980006869000,25,12,13,1112.5
21980006870000,1,1,0,0
21980006871000,4,2,2,0
21980006881000,9,4,5,234
21980006883000,13,7,6,618.8
21980006884000,12,6,6,735.6
21980006885000,169,81,88,8720.4
21980006886000,128,60,68,5926.4
21980006887000,85,32,53,5321
21980006888000,16,9,7,724.8
21980006889000,3,2,1,0
21980006951000,3,1,2,0
21980006965000,6,3,3,397.8
21980007000000,10,6,4,478
21980007001000,9,6,3,550.8
21980007022000,81,36,45,3458.7
21980007023000,49,25,24,2303
21980007028000,1,1,0,0
21980007029000,2,1,1,0
21980007034000,6,4,2,298.2
21980007044000,4,2,2,0
21980007045000,7,4,3,319.2
21980007055000,1,0,1,0
21980007063000,3,2,1,0
21980007069000,1,0,1,0
21980007070000,16,7,9,585.6
21980007085000,61,33,28,2354.6
21980007086000,14,10,4,382.2
21990006552000,1,1,0,0
21990006558000,9,5,4,299.7
21990006559000,7,4,3,172.2
21990006560000,4,3,1,0
21990006561000,9,5,4,406.8
21990006562000,3,2,1,0
21990006563000,9,5,4,369.9
21990006567000,13,10,3,393.9
21990006568000,25,13,12,1152.5
21990006569000,17,10,7,836.4
21990006570000,11,4,7,311.3
21990006571000,2,1,1,0
21990006573000,1,1,0,0
21990006582000,276,124,152,12337.2
21990006583000,57,27,30,2764.5
21990006584000,119,58,61,4117.4
21990006596000,3,2,1,0
21990006598000,1,0,1,0
21990006615000,5,3,2,190
21990006616000,6,4,2,405
21990006617000,25,13,12,885
21990006618000,87,44,43,3741
21990006619000,168,83,85,5409.6
21990006620000,23,14,9,972.9
21990006621000,70,30,40,2310
21990006622000,12,5,7,434.4
21990006623000,1457,705,752,40796
21990006624000,1473,775,698,54648.3
21990006625000,1483,745,738,58726.8
21990006626000,2099,1039,1060,90466.9
21990006627000,1510,757,753,63873
21990006628000,258,134,124,10320
21990006637000,2,1,1,0
21990006657000,2,1,1,0
21990006659000,4,3,1,0
21990006667000,31,17,14,1255.5
21990006668000,40,16,24,1816
21990006669000,17,10,7,839.8
21990006678000,2,1,1,0
21990006682000,4,3,1,0
21990006683000,1,1,0,0
21990006688000,2,1,1,0
21990006707000,2,1,1,0
21990006756000,61,30,31,2281.4
21990006757000,2,1,1,0
21990006760000,20,8,12,798
21990006761000,6,3,3,240
21990006763000,19,10,9,974.7
21990006764000,18,9,9,851.4
21990006768000,1,1,0,0
21990006769000,3,1,2,0
21990006781000,4,3,1,0
21990006782000,21,11,10,821.1
21990006829000,3,2,1,0
21990006859000,61,35,26,2799.9
21990006860000,272,127,145,12240
21990006865000,36,18,18,1371.6
21990006866000,75,39,36,2512.5
21990006867000,21,9,12,781.2
21990006868000,31,14,17,1109.8
21990006869000,19,13,6,830.3
21990006871000,2,1,1,0
21990006880000,4,3,1,0
21990006881000,17,10,7,771.8
21990006882000,31,14,17,1354.7
21990006883000,19,10,9,866.4
21990006884000,21,9,12,1018.5
21990006885000,34,16,18,1523.2
21990006886000,60,34,26,2466
21990006887000,29,15,14,1212.2
21990006951000,6,3,3,441
21990007001000,35,20,15,1354.5
21990007013000,4,2,2,0
21990007021000,4,1,3,0
21990007022000,3,2,1,0
21990007023000,7,2,5,123.9
21990007024000,24,13,11,691.2
21990007027000,8,4,4,358.4
21990007028000,9,3,6,405.9
21990007029000,40,17,23,1700
21990007043000,38,18,20,1573.2
21990007044000,105,55,50,4042.5
21990007046000,6,3,3,283.2
21990007055000,11,5,6,646.8
21990007068000,5,4,1,185
21990007069000,20,13,7,674
22000006553000,4,2,2,0
22000006557000,9,2,7,381.6
22000006558000,2,1,1,0
22000006562000,13,8,5,518.7
22000006569000,2,1,1,0
22000006570000,14,9,5,827.4
22000006571000,5,3,2,255
22000006573000,1,1,0,0
22000006581000,60,32,28,2340
22000006582000,25,15,10,980
22000006583000,121,61,60,4767.4
22000006617000,3,2,1,0
22000006618000,81,45,36,2656.8
22000006619000,22,11,11,734.8
22000006620000,17,8,9,555.9
22000006621000,300,160,140,11940
22000006622000,11,7,4,420.2
22000006624000,44,24,20,1839.2
22000006625000,292,156,136,12205.6
22000006626000,855,452,403,30780
22000006627000,612,313,299,21970.8
22000006628000,7,4,3,256.9
22000006629000,13,9,4,484.9
22000006633000,5,3,2,212
22000006635000,4,1,3,0
22000006636000,3,0,3,0
22000006646000,6,3,3,259.8
22000006647000,3,2,1,0
22000006659000,6,2,4,283.8
22000006667000,92,48,44,3330.4
22000006668000,81,38,43,3839.4
22000006669000,2,0,2,0
22000006678000,8,4,4,440
22000006679000,2,1,1,0
22000006682000,5,2,3,182
22000006683000,27,12,15,1293.3
22000006685000,4,2,2,0
22000006687000,9,4,5,386.1
22000006688000,2,1,1,0
22000006705000,28,11,17,1136.8
22000006706000,19,7,12,801.8
22000006707000,19,14,5,668.8
22000006755000,8,2,6,211.2
22000006756000,92,51,41,4241.2
22000006757000,17,9,8,550.8
22000006758000,13,5,8,429
22000006759000,19,8,11,748.6
22000006760000,3,2,1,0
22000006761000,1,0,1,0
22000006762000,3,1,2,0
22000006763000,83,35,48,3685.2
22000006764000,7,4,3,221.9
22000006781000,32,19,13,1609.6
22000006829000,2,1,1,0
22000006830000,6,2,4,312
22000006858000,32,16,16,1462.4
22000006859000,62,28,34,2393.2
22000006860000,8,5,3,332.8
22000006864000,2,2,0,0
22000006865000,14,6,8,403.2
22000006880000,13,5,8,526.5
22000006881000,3,1,2,0
22000006882000,12,4,8,463.2
22000006884000,2,0,2,0
22000006885000,10,5,5,563
22000006886000,4,3,1,0
22000006952000,1,1,0,0
22000006963000,6,4,2,307.8
22000007001000,63,31,32,2564.1
22000007002000,9,7,2,474.3
22000007014000,1,1,0,0
22000007023000,25,13,12,742.5
22000007024000,26,14,12,1029.6
22000007025000,50,27,23,2195
22000007026000,3,2,1,0
22000007030000,28,14,14,814.8
22000007036000,8,3,5,380.8
22000007037000,5,2,3,148
22000007038000,11,7,4,555.5
22000007040000,3,2,1,0
22000007041000,28,14,14,896
22000007042000,2,1,1,0
22000007043000,16,9,7,825.6
22000007044000,15,4,11,543
22000007046000,3,1,2,0
22000007047000,2,1,1,0
22000007048000,5,2,3,264
22000007049000,6,3,3,322.8
22000007055000,56,23,33,2738.4
22000007056000,10,4,6,320
22000007064000,5,2,3,249
22000007065000,2,1,1,0
22000007066000,101,42,59,3615.8
22000007067000,6,4,2,234
22000007068000,3,2,1,0
22010006552000,9,4,5,354.6
22010006553000,2,2,0,0
22010006559000,1,1,0,0
22010006560000,4,3,1,0
22010006561000,48,24,24,2068.8
22010006562000,7,6,1,394.1
22010006566000,5,2,3,135
22010006571000,6,3,3,271.2
22010006572000,3,2,1,0
22010006579000,56,28,28,2346.4
22010006580000,25,13,12,1307.5
22010006581000,8,4,4,411.2
22010006583000,6,3,3,291
22010006618000,42,26,16,2205
22010006619000,9,6,3,367.2
22010006620000,10,6,4,367
22010006621000,67,36,31,2680
22010006625000,9,4,5,506.7
22010006626000,23,14,9,949.9
22010006627000,67,35,32,2572.8
22010006628000,6,5,1,214.2
22010006629000,6,4,2,285
22010006630000,23,13,10,1007.4
22010006631000,5,3,2,318
22010006632000,2,1,1,0
22010006635000,11,5,6,408.1
22010006636000,10,6,4,274
22010006637000,14,6,8,515.2
22010006638000,8,3,5,276.8
22010006647000,4,2,2,0
22010006658000,8,5,3,319.2
22010006660000,2,1,1,0
22010006667000,30,16,14,1380
22010006668000,313,131,182,16620.3
22010006669000,26,13,13,1097.2
22010006680000,5,3,2,213
22010006681000,28,13,15,1033.2
22010006682000,30,19,11,888
22010006683000,26,12,14,1032.2
22010006684000,82,31,51,4362.4
22010006685000,1,1,0,0
22010006686000,31,14,17,1277.2
22010006687000,41,26,15,1619.5
22010006688000,35,16,19,1396.5
22010006689000,15,8,7,787.5
22010006690000,15,5,10,753
22010006691000,9,3,6,205.2
22010006693000,1,1,0,0
22010006705000,6,2,4,285
22010006706000,1,0,1,0
22010006731000,3,1,2,0
22010006755000,31,15,16,1063.3
22010006756000,65,35,30,2996.5
22010006758000,2,1,1,0
22010006759000,8,3,5,192
22010006760000,3,1,2,0
22010006761000,6,3,3,369
22010006762000,9,5,4,356.4
22010006772000,2,1,1,0
22010006779000,16,9,7,787.2
22010006780000,14,9,5,553
22010006781000,7,5,2,431.9
22010006830000,4,3,1,0
22010006831000,8,6,2,344
22010006832000,9,4,5,349.2
22010006833000,33,16,17,1263.9
22010006857000,13,9,4,750.1
22010006858000,33,20,13,1422.3
22010006859000,25,13,12,1025
22010006864000,21,10,11,823.2
22010006870000,3,1,2,0
22010006878000,6,2,4,171
22010006879000,24,16,8,1022.4
22010006880000,9,6,3,387
22010006881000,6,4,2,304.8
22010006952000,3,1,2,0
22010007001000,32,16,16,1136
22010007002000,41,19,22,1886
22010007003000,3,1,2,0
22010007022000,11,6,5,500.5
22010007023000,7,2,5,273.7
22010007024000,1,0,1,0
22010007025000,10,5,5,377
22010007026000,10,6,4,488
22010007030000,22,11,11,893.2
22010007031000,46,21,25,1748
22010007032000,8,4,4,370.4
22010007039000,31,16,15,920.7
22010007040000,5,3,2,89
22010007042000,3,2,1,0
22010007044000,1,1,0,0
22010007045000,4,3,1,0
22010007047000,2,1,1,0
22010007048000,2,1,1,0
22010007049000,14,7,7,849.8
22010007056000,15,9,6,819
22010007057000,1,1,0,0
22010007063000,5,2,3,244
22010007064000,5,4,1,274
22010007065000,131,62,69,4912.5
22010007066000,489,239,250,22005
22010007067000,190,96,94,7980
22010007069000,26,13,13,772.2
22010007070000,2,1,1,0
22010007103000,4,2,2,0
22020006548000,1,1,0,0
22020006555000,8,3,5,407.2
22020006558000,2,1,1,0
22020006560000,151,79,72,6115.5
22020006561000,270,139,131,11691
22020006562000,33,21,12,1458.6
22020006563000,22,10,12,1020.8
22020006564000,12,7,5,282
22020006565000,11,5,6,454.3
22020006566000,9,6,3,309.6
22020006567000,9,3,6,428.4
22020006568000,7,4,3,331.1
22020006569000,4,1,3,0
22020006572000,3,2,1,0
22020006578000,41,21,20,1607.2
22020006579000,11,5,6,621.5
22020006580000,5,3,2,256
22020006583000,9,4,5,322.2
22020006617000,25,13,12,922.5
22020006618000,29,15,14,1012.1
22020006619000,12,7,5,432
22020006620000,28,16,12,1145.2
22020006621000,42,22,20,1680
22020006622000,35,17,18,1725.5
22020006623000,12,6,6,436.8
22020006624000,7,1,6,254.8
22020006626000,17,7,10,659.6
22020006627000,25,15,10,1115
22020006628000,11,7,4,415.8
22020006630000,4,2,2,0
22020006632000,3,2,1,0
22020006634000,3,1,2,0
22020006665000,1,1,0,0
22020006666000,15,8,7,709.5
22020006667000,20,10,10,860
22020006668000,18,7,11,802.8
22020006680000,19,7,12,792.3
22020006681000,9,6,3,441
22020006682000,57,27,30,2542.2
22020006683000,254,124,130,9855.2
22020006684000,14,7,7,561.4
22020006686000,3,2,1,0
22020006687000,5,2,3,262
22020006688000,37,15,22,1491.1
22020006689000,6,3,3,304.8
22020006691000,2,2,0,0
22020006692000,1,0,1,0
22020006703000,2,1,1,0
22020006704000,3,2,1,0
22020006705000,8,6,2,235.2
22020006706000,51,31,20,2167.5
22020006752000,5,3,2,228
22020006753000,1,1,0,0
22020006754000,18,9,9,822.6
22020006755000,6,3,3,433.8
22020006756000,29,17,12,1131
22020006757000,4,2,2,0
22020006758000,11,5,6,403.7
22020006759000,4,2,2,0
22020006761000,4,0,4,0
22020006771000,8,6,2,230.4
22020006778000,7,6,1,270.2
22020006832000,9,5,4,567.9
22020006833000,57,33,24,2445.3
22020006834000,54,26,28,2737.8
22020006856000,13,7,6,630.5
22020006857000,34,19,15,1336.2
22020006858000,2,1,1,0
22020006863000,3,2,1,0
22020006864000,1,1,0,0
22020006877000,9,4,5,413.1
22020006878000,63,30,33,2715.3
22020006879000,33,13,20,1336.5
22020006900000,3,2,1,0
22020006952000,7,3,4,244.3
22020007002000,11,7,4,335.5
22020007003000,31,17,14,1410.5
22020007014000,3,2,1,0
22020007015000,4,2,2,0
22020007025000,12,6,6,549.6
22020007026000,13,7,6,561.6
22020007030000,10,6,4,450
22020007031000,396,179,217,19126.8
22020007032000,262,132,130,9798.8
22020007045000,22,11,11,877.8
22020007048000,6,2,4,205.8
22020007049000,3,2,1,0
22020007056000,38,21,17,1227.4
22020007063000,2,2,0,0
22020007064000,5,2,3,168
22020007066000,7,3,4,364.7
22020007067000,38,27,11,1155.2
22020007069000,14,7,7,453.6
22020007070000,184,103,81,6734.4
22020007071000,50,28,22,1995
22030006548000,28,17,11,1198.4
22030006549000,2,1,1,0
22030006555000,2,1,1,0
22030006558000,7,5,2,247.8
22030006559000,2,1,1,0
22030006560000,86,40,46,3371.2
22030006564000,6,2,4,196.2
22030006568000,1,1,0,0
22030006569000,5,2,3,231
22030006570000,40,23,17,1624
22030006571000,64,34,30,2323.2
22030006572000,14,10,4,364
22030006578000,18,9,9,855
22030006579000,7,4,3,161
22030006589000,1,1,0,0
22030006617000,36,20,16,1202.4
22030006618000,14,8,6,729.4
22030006619000,30,17,13,1119
22030006620000,3,2,1,0
22030006623000,29,13,16,1157.1
22030006624000,24,14,10,1080
22030006625000,5,4,1,240
22030006627000,5,2,3,247
22030006628000,29,16,13,1049.8
22030006647000,5,2,3,212
22030006651000,4,3,1,0
22030006654000,4,3,1,0
22030006665000,10,7,3,310
22030006666000,35,17,18,1435
22030006667000,24,16,8,861.6
22030006668000,5,2,3,245
22030006669000,33,15,18,1475.1
22030006680000,24,13,11,952.8
22030006682000,58,24,34,2169.2
22030006688000,9,6,3,412.2
22030006689000,14,8,6,505.4
22030006690000,3,1,2,0
22030006692000,2,2,0,0
22030006702000,2,1,1,0
22030006705000,27,15,12,1217.7
22030006706000,18,12,6,973.8
22030006751000,3,2,1,0
22030006752000,11,6,5,392.7
22030006753000,27,16,11,1004.4
22030006754000,121,65,56,4840
22030006755000,250,124,126,11900
22030006756000,3,1,2,0
22030006759000,3,2,1,0
22030006760000,6,5,1,355.2
22030006761000,4,1,3,0
22030006763000,1,1,0,0
22030006776000,2,2,0,0
22030006777000,6,2,4,201
22030006778000,6,4,2,244.8
22030006786000,1,1,0,0
22030006831000,1,0,1,0
22030006833000,15,9,6,643.5
22030006834000,38,19,19,1960.8
22030006855000,27,15,12,990.9
22030006856000,3,2,1,0
22030006857000,9,4,5,407.7
22030006858000,1,1,0,0
22030006863000,5,1,4,219
22030006869000,9,6,3,461.7
22030006877000,52,28,24,2511.6
22030006878000,15,8,7,601.5
22030006879000,3,2,1,0
22030006961000,5,3,2,124
22030006962000,5,2,3,227
22030007003000,16,10,6,832
22030007004000,16,9,7,793.6
22030007030000,54,27,27,1868.4
22030007031000,606,290,316,26058
22030007032000,768,395,373,31948.8
22030007033000,326,161,165,11899
22030007034000,18,7,11,682.2
22030007046000,3,1,2,0
22030007049000,1,1,0,0
22030007056000,9,4,5,423.9
22030007064000,8,4,4,374.4
22030007065000,8,4,4,240.8
22030007066000,7,3,4,123.2
22030007071000,23,11,12,765.9
22040006547000,77,41,36,3734.5
22040006548000,359,182,177,15688.3
22040006549000,187,99,88,8134.5
22040006550000,246,118,128,11660.4
22040006551000,10,5,5,433
22040006552000,4,2,2,0
22040006554000,52,27,25,1950
22040006555000,9,6,3,334.8
22040006557000,7,4,3,349.3
22040006560000,27,13,14,1090.8
22040006561000,2,2,0,0
22040006569000,1,1,0,0
22040006570000,21,13,8,882
22040006575000,7,3,4,326.9
22040006576000,3,2,1,0
22040006577000,4,2,2,0
22040006578000,49,23,26,1940.4
22040006579000,14,7,7,330.4
22040006617000,60,35,25,1962
22040006618000,57,32,25,2262.9
22040006619000,32,15,17,1472
22040006620000,10,5,5,562
22040006624000,27,15,12,1163.7
22040006625000,35,20,15,1169
22040006626000,10,3,7,344
22040006627000,8,4,4,264
22040006628000,16,7,9,758.4
22040006641000,1,1,0,0
22040006649000,2,1,1,0
22040006654000,9,5,4,324
22040006657000,3,2,1,0
22040006658000,5,3,2,158
22040006664000,10,6,4,255
22040006665000,16,6,10,736
22040006666000,29,13,16,1154.2
22040006667000,17,11,6,736.1
22040006668000,19,9,10,720.1
22040006669000,11,5,6,552.2
22040006680000,12,6,6,478.8
22040006682000,17,8,9,566.1
22040006691000,7,3,4,287.7
22040006692000,4,3,1,0
22040006693000,1,1,0,0
22040006697000,8,5,3,239.2
22040006701000,4,1,3,0
22040006702000,10,5,5,593
22040006703000,4,2,2,0
22040006704000,14,6,8,436.8
22040006705000,41,23,18,1886
22040006734000,7,2,5,476
22040006751000,3,2,1,0
22040006752000,4,2,2,0
22040006753000,4,3,1,0
22040006754000,195,94,101,7702.5
22040006755000,237,124,113,9859.2
22040006777000,3,3,0,0
22040006827000,13,7,6,613.6
22040006828000,2,2,0,0
22040006833000,12,7,5,796.8
22040006834000,2,1,1,0
22040006835000,43,22,21,2016.7
22040006853000,1,1,0,0
22040006854000,8,3,5,486.4
22040006855000,19,8,11,1008.9
22040006856000,7,3,4,279.3
22040006857000,1,1,0,0
22040006862000,10,5,5,311
22040006863000,6,4,2,253.8
22040006867000,11,5,6,400.4
22040006868000,22,12,10,1049.4
22040006869000,36,18,18,1436.4
22040006875000,6,2,4,139.2
22040006876000,6,3,3,397.2
22040006877000,6,3,3,208.2
22040006952000,1,1,0,0
22040006961000,2,1,1,0
22040007003000,12,5,7,291.6
22040007004000,39,19,20,1677
22040007030000,52,26,26,2246.4
22040007031000,144,70,74,5673.6
22040007033000,12,6,6,412.8
22040007034000,35,18,17,1088.5
22040007035000,7,5,2,294.7
22040007045000,4,3,1,0
22040007046000,6,2,4,159
22040007056000,13,8,5,492.7
22040007065000,1,1,0,0
22040007066000,3,1,2,0
22040007067000,6,4,2,303
22040007069000,11,5,6,555.5
22050006547000,31,15,16,1655.4
22050006548000,15,11,4,586.5
22050006549000,236,112,124,10502
22050006550000,488,241,247,19324.8
22050006551000,196,96,100,5252.8
22050006554000,58,31,27,2668
22050006556000,9,4,5,264.6
22050006558000,2,0,2,0
22050006570000,13,8,5,542.1
22050006575000,3,1,2,0
22050006576000,1,1,0,0
22050006577000,13,7,6,377
22050006584000,2,1,1,0
22050006605000,2,1,1,0
22050006606000,2,1,1,0
22050006612000,7,4,3,277.2
22050006613000,11,5,6,592.9
22050006614000,12,6,6,423.6
22050006615000,17,8,9,700.4
22050006616000,37,14,23,1098.9
22050006617000,37,19,18,1320.9
22050006618000,16,7,9,545.6
22050006619000,55,28,27,2414.5
22050006620000,30,17,13,1128
22050006625000,14,8,6,553
22050006626000,53,23,30,2183.6
22050006627000,13,6,7,445.9
22050006628000,11,6,5,465.3
22050006629000,13,4,9,496.6
22050006630000,13,8,5,305.5
22050006650000,2,1,1,0
22050006651000,23,11,12,954.5
22050006652000,8,4,4,347.2
22050006659000,1,0,1,0
22050006660000,16,8,8,512
22050006664000,10,8,2,478
22050006665000,32,17,15,1382.4
22050006667000,14,7,7,680.4
22050006677000,5,3,2,147
22050006678000,18,11,7,835.2
22050006679000,35,17,18,1641.5
22050006680000,19,9,10,562.4
22050006682000,9,4,5,507.6
22050006685000,1,0,1,0
22050006692000,22,10,12,937.2
22050006699000,2,1,1,0
22050006702000,4,2,2,0
22050006703000,6,3,3,289.2
22050006704000,18,10,8,936
22050006733000,1,1,0,0
22050006734000,16,5,11,729.6
22050006749000,4,1,3,0
22050006750000,7,3,4,289.8
22050006751000,8,3,5,316
22050006752000,17,7,10,499.8
22050006753000,4,2,2,0
22050006754000,44,23,21,1540
22050006755000,9,5,4,435.6
22050006775000,6,3,3,265.8
22050006776000,1,1,0,0
22050006777000,2,1,1,0
22050006778000,1,0,1,0
22050006779000,3,1,2,0
22050006780000,1,0,1,0
22050006781000,1,1,0,0
22050006782000,2,1,1,0
22050006827000,3,2,1,0
22050006833000,12,5,7,355.2
22050006835000,17,9,8,836.4
22050006836000,9,5,4,503.1
22050006837000,2,1,1,0
22050006838000,3,2,1,0
22050006853000,33,17,16,1326.6
22050006854000,74,37,37,3307.8
22050006855000,10,6,4,458
22050006862000,13,7,6,448.5
22050006863000,17,6,11,669.8
22050006867000,12,5,7,453.6
22050006868000,85,42,43,3808
22050006869000,128,62,66,5990.4
22050006871000,2,1,1,0
22050006872000,11,7,4,412.5
22050006873000,4,1,3,0
22050006874000,27,13,14,1306.8
22050006875000,12,6,6,570
22050006876000,7,3,4,342.3
22050006903000,2,1,1,0
22050006952000,6,3,3,445.2
22050007003000,20,8,12,746
22050007004000,101,57,44,3807.7
22050007005000,8,4,4,264.8
22050007031000,20,9,11,742
22050007032000,7,3,4,266
22050007035000,11,7,4,437.8
22050007036000,3,1,2,0
22050007037000,24,14,10,840
22050007038000,11,6,5,321.2
22050007045000,9,5,4,297
22050007046000,42,21,21,1562.4
22050007047000,1,1,0,0
22050007055000,1,1,0,0
22050007057000,1,1,0,0
22050007069000,10,5,5,440
22050007070000,4,2,2,0
22050007071000,18,11,7,716.4
22050007073000,20,11,9,996
22050007074000,41,24,17,1713.8
22060006548000,14,6,8,481.6
22060006549000,66,34,32,2976.6
22060006550000,12,5,7,574.8
22060006551000,7,4,3,307.3
22060006552000,24,10,14,756
22060006555000,1,0,1,0
22060006559000,8,4,4,398.4
22060006563000,2,2,0,0
22060006565000,18,10,8,801
22060006566000,12,5,7,553.2
22060006569000,3,1,2,0
22060006570000,7,4,3,287.7
22060006571000,2,1,1,0
22060006575000,2,1,1,0
22060006576000,2,0,2,0
22060006577000,10,4,6,451
22060006603000,4,2,2,0
22060006604000,7,5,2,212.8
22060006607000,9,6,3,315
22060006608000,14,9,5,506.8
22060006609000,14,8,6,736.4
22060006610000,4,3,1,0
22060006611000,3,2,1,0
22060006612000,12,7,5,558
22060006613000,27,13,14,1053
22060006614000,25,10,15,1017.5
22060006615000,18,11,7,523.8
22060006616000,15,8,7,553.5
22060006617000,25,11,14,1102.5
22060006618000,31,16,15,1143.9
22060006619000,15,7,8,517.5
22060006626000,5,4,1,334
22060006627000,23,14,9,1248.9
22060006628000,2,1,1,0
22060006629000,172,88,84,6295.2
22060006630000,8,5,3,470.4
22060006650000,33,17,16,1333.2
22060006651000,6,4,2,349.2
22060006659000,13,7,6,540.8
22060006660000,6,3,3,378
22060006661000,34,16,18,1451.8
22060006662000,18,8,10,811.8
22060006663000,133,68,65,4734.8
22060006664000,27,11,16,1001.7
22060006665000,43,19,24,1939.3
22060006679000,55,27,28,2095.5
22060006687000,3,1,2,0
22060006688000,11,6,5,436.7
22060006689000,12,9,3,531.6
22060006692000,24,15,9,1399.2
22060006693000,9,4,5,460.8
22060006694000,8,3,5,303.2
22060006695000,9,5,4,487.8
22060006734000,2,1,1,0
22060006750000,13,7,6,553.8
22060006751000,3,2,1,0
22060006752000,13,9,4,374.4
22060006759000,13,11,2,451.1
22060006760000,3,2,1,0
22060006761000,1,1,0,0
22060006762000,2,1,1,0
22060006763000,8,6,2,292
22060006774000,2,1,1,0
22060006775000,8,5,3,240.8
22060006778000,7,2,5,301.7
22060006779000,11,5,6,423.5
22060006780000,15,8,7,573
22060006781000,3,2,1,0
22060006788000,2,0,2,0
22060006824000,3,1,2,0
22060006835000,6,3,3,313.2
22060006836000,7,4,3,287
22060006837000,10,7,3,459
22060006838000,10,5,5,526
22060006852000,2,1,1,0
22060006853000,46,24,22,2093
22060006854000,22,13,9,924
22060006855000,14,8,6,487.2
22060006863000,14,6,8,770
22060006866000,3,2,1,0
22060006868000,37,18,19,1517
22060006869000,206,103,103,9084.6
22060006870000,141,73,68,5654.1
22060006872000,1,1,0,0
22060006873000,1,1,0,0
22060006951000,1,1,0,0
22060007003000,84,45,39,3150
22060007004000,76,38,38,3085.6
22060007005000,90,41,49,3645
22060007006000,5,3,2,348
22060007032000,17,9,8,535.5
22060007033000,82,47,35,3025.8
22060007036000,16,9,7,592
22060007037000,9,5,4,270.9
22060007038000,14,9,5,595
22060007056000,2,1,1,0
22060007057000,83,49,34,3486
22060007065000,7,2,5,270.9
22060007071000,22,12,10,622.6
22060007072000,22,10,12,847
22060007073000,46,26,20,1757.2
22070006547000,2,1,1,0
22070006548000,4,2,2,0
22070006549000,29,17,12,1476.1
22070006550000,50,26,24,2170
22070006551000,28,14,14,1388.8
22070006552000,67,37,30,2298.1
22070006553000,4,3,1,0
22070006559000,8,5,3,404.8
22070006563000,4,3,1,0
22070006565000,24,15,9,1048.8
22070006566000,8,5,3,368
22070006573000,3,2,1,0
22070006576000,12,6,6,474
22070006584000,6,2,4,169.2
22070006585000,30,19,11,1449
22070006586000,16,8,8,531.2
22070006607000,12,7,5,470.4
22070006608000,100,53,47,4070
22070006609000,2,1,1,0
22070006610000,15,10,5,757.5
22070006611000,28,13,15,1170.4
22070006612000,29,12,17,867.1
22070006613000,12,6,6,663.6
22070006614000,5,3,2,149
22070006615000,17,9,8,496.4
22070006616000,3,2,1,0
22070006617000,6,4,2,282
22070006627000,11,5,6,383.9
22070006628000,63,35,28,2727.9
22070006629000,389,199,190,15637.8
22070006630000,18,12,6,590.4
22070006649000,8,6,2,376.8
22070006650000,35,20,15,1428
22070006651000,5,2,3,204
22070006658000,18,11,7,1074.6
22070006659000,19,12,7,573.8
22070006660000,87,46,41,3314.7
22070006661000,42,26,16,1272.6
22070006662000,49,25,24,1808.1
22070006663000,52,29,23,2173.6
22070006664000,40,21,19,1744
22070006665000,17,8,9,712.3
22070006671000,3,2,1,0
22070006676000,22,12,10,882.2
22070006677000,8,4,4,492.8
22070006678000,16,7,9,705.6
22070006679000,43,20,23,2287.6
22070006681000,32,14,18,1206.4
22070006686000,1,1,0,0
22070006687000,10,3,7,523
22070006688000,4,1,3,0
22070006689000,2,1,1,0
22070006732000,4,2,2,0
22070006734000,27,15,12,1463.4
22070006749000,15,9,6,642
22070006750000,33,16,17,1646.7
22070006751000,13,6,7,327.6
22070006752000,7,4,3,410.9
22070006756000,4,2,2,0
22070006757000,71,59,12,2236.5
22070006760000,4,1,3,0
22070006761000,4,2,2,0
22070006762000,15,9,6,571.5
22070006763000,1,1,0,0
22070006765000,5,3,2,183
22070006766000,3,2,1,0
22070006772000,7,4,3,305.9
22070006775000,4,1,3,0
22070006776000,2,1,1,0
22070006777000,5,3,2,275
22070006778000,5,5,0,300
22070006835000,2,1,1,0
22070006836000,16,9,7,884.8
22070006837000,4,3,1,0
22070006838000,4,3,1,0
22070006851000,1,1,0,0
22070006852000,33,16,17,1834.8
22070006853000,25,16,9,1085
22070006854000,3,2,1,0
22070006861000,5,3,2,86
22070006863000,66,32,34,2534.4
22070006868000,12,5,7,496.8
22070006869000,9,5,4,419.4
22070006903000,5,4,1,112
22070006956000,8,5,3,287.2
22070006960000,12,5,7,378
22070007002000,5,4,1,209
22070007003000,15,9,6,418.5
22070007004000,240,100,140,13056
22070007005000,286,145,141,12012
22070007006000,44,26,18,1584
22070007007000,4,2,2,0
22070007008000,5,1,4,115
22070007022000,1,1,0,0
22070007032000,2,1,1,0
22070007033000,31,17,14,1088.1
22070007034000,11,5,6,251.9
22070007039000,7,5,2,275.1
22070007040000,32,17,15,1206.4
22070007041000,4,2,2,0
22070007053000,4,2,2,0
22070007054000,24,11,13,895.2
22070007057000,88,48,40,3933.6
22070007058000,43,23,20,2021
22070007065000,24,13,11,835.2
22070007068000,2,1,1,0
22070007072000,50,25,25,2025
22070007073000,132,70,62,4976.4
22080006548000,52,29,23,2418
22080006549000,38,19,19,1850.6
22080006550000,39,19,20,1595.1
22080006551000,12,6,6,645.6
22080006552000,11,5,6,629.2
22080006553000,58,28,30,2650.6
22080006557000,5,1,4,212
22080006559000,2,0,2,0
22080006562000,4,1,3,0
22080006563000,60,26,34,2268
22080006564000,34,21,13,1319.2
22080006565000,10,3,7,388
22080006566000,3,2,1,0
22080006567000,13,7,6,608.4
22080006569000,6,3,3,370.2
22080006570000,6,3,3,172.8
22080006571000,11,7,4,438.9
22080006583000,15,8,7,466.5
22080006584000,16,8,8,833.6
22080006585000,130,67,63,4719
22080006586000,71,32,39,3329.9
22080006587000,32,19,13,1081.6
22080006596000,1,1,0,0
22080006607000,23,13,10,871.7
22080006608000,24,11,13,974.4
22080006609000,9,5,4,595.8
22080006610000,32,15,17,1168
22080006628000,18,10,8,898.2
22080006629000,5,2,3,272
22080006630000,15,8,7,663
22080006631000,8,3,5,236
22080006635000,78,48,30,2137.2
22080006649000,4,1,3,0
22080006650000,28,15,13,1036
22080006651000,2,1,1,0
22080006658000,24,10,14,1267.2
22080006659000,26,12,14,1092
22080006661000,6,3,3,394.2
22080006662000,15,8,7,592.5
22080006671000,12,5,7,621.6
22080006673000,1,0,1,0
22080006676000,75,34,41,3060
22080006678000,15,6,9,615
22080006679000,5,3,2,66
22080006680000,26,17,9,933.4
22080006681000,20,7,13,886
22080006682000,4,4,0,0
22080006685000,6,3,3,156
22080006686000,8,5,3,300
22080006732000,1,0,1,0
22080006733000,43,18,25,2016.7
22080006734000,8,5,3,327.2
22080006746000,5,3,2,223
22080006748000,6,4,2,228
22080006749000,38,20,18,1675.8
22080006750000,10,6,4,419
22080006751000,19,9,10,630.8
22080006752000,3,1,2,0
22080006753000,7,4,3,282.1
22080006757000,2,1,1,0
22080006758000,3,1,2,0
22080006760000,22,12,10,1243
22080006761000,6,2,4,270
22080006762000,25,10,15,722.5
22080006765000,25,13,12,1152.5
22080006766000,34,15,19,1220.6
22080006768000,9,6,3,396.9
22080006769000,4,2,2,0
22080006770000,6,2,4,388.2
22080006771000,22,9,13,864.6
22080006773000,1,1,0,0
22080006774000,16,10,6,686.4
22080006775000,6,5,1,279
22080006780000,6,3,3,211.8
22080006783000,3,2,1,0
22080006821000,3,2,1,0
22080006837000,21,8,13,774.9
22080006838000,5,2,3,237
22080006851000,6,3,3,282
22080006852000,2,2,0,0
22080006861000,41,20,21,1943.4
22080006862000,16,10,6,624
22080006863000,2,2,0,0
22080006867000,8,2,6,232
22080006869000,4,2,2,0
22080006954000,3,1,2,0
22080006955000,4,2,2,0
22080006956000,3,3,0,0
22080006958000,2,1,1,0
22080007003000,16,11,5,689.6
22080007004000,62,25,37,3521.6
22080007005000,46,20,26,1830.8
22080007006000,13,4,9,468
22080007007000,7,5,2,345.1
22080007008000,4,2,2,0
22080007009000,21,7,14,701.4
22080007032000,17,8,9,805.8
22080007040000,5,4,1,162
22080007042000,1,0,1,0
22080007051000,6,4,2,192
22080007053000,8,6,2,480
22080007054000,24,15,9,926.4
22080007058000,81,40,41,3361.5
22080007059000,17,7,10,739.5
22080007060000,11,5,6,473
22080007061000,51,26,25,1621.8
22080007062000,15,5,10,592.5
22080007063000,15,7,8,735
22080007065000,4,2,2,0
22080007068000,12,6,6,465.6
22080007069000,5,3,2,184
22080007070000,2,1,1,0
22080007071000,12,6,6,596.4
22080007072000,1,1,0,0
22080007073000,41,23,18,1631.8
22080007074000,12,5,7,303.6
22090006547000,10,5,5,638
22090006548000,52,28,24,1757.6
22090006549000,14,7,7,439.6
22090006550000,22,11,11,811.8
22090006551000,14,6,8,732.2
22090006552000,28,20,8,960.4
22090006553000,32,18,14,1273.6
22090006554000,29,13,16,1276
22090006557000,2,1,1,0
22090006558000,8,6,2,456
22090006559000,2,2,0,0
22090006561000,16,9,7,512
22090006562000,26,13,13,886.6
22090006563000,15,9,6,712.5
22090006571000,7,4,3,221.2
22090006572000,1,0,1,0
22090006573000,11,4,7,257.4
22090006582000,17,10,7,618.8
22090006583000,43,20,23,1664.1
22090006584000,53,27,26,2125.3
22090006585000,31,13,18,1109.8
22090006586000,8,4,4,528.8
22090006587000,98,57,41,3214.4
22090006588000,30,16,14,1284
22090006589000,6,3,3,283.8
22090006596000,1,1,0,0
22090006597000,5,4,1,212
22090006598000,8,4,4,332.8
22090006599000,7,5,2,158.9
22090006600000,10,4,6,393
22090006607000,28,16,12,1111.6
22090006608000,23,12,11,1039.6
22090006609000,11,5,6,514.8
22090006627000,9,5,4,478.8
22090006628000,30,20,10,1116
22090006631000,9,4,5,398.7
22090006632000,29,16,13,1331.1
22090006633000,9,5,4,246.6
22090006635000,695,380,315,22448.5
22090006636000,413,184,229,10779.3
22090006638000,1,1,0,0
22090006639000,25,13,12,895
22090006640000,13,7,6,587.6
22090006647000,15,8,7,616.5
22090006648000,20,12,8,826
22090006649000,5,4,1,342
22090006650000,13,7,6,703.3
22090006656000,12,6,6,541.2
22090006657000,20,8,12,888
22090006658000,31,14,17,1147
22090006659000,13,4,9,482.3
22090006676000,94,42,52,3788.2
22090006677000,27,15,12,969.3
22090006678000,39,19,20,1458.6
22090006679000,32,15,17,1350.4
22090006680000,1,1,0,0
22090006695000,6,3,3,370.2
22090006697000,5,4,1,198
22090006732000,21,10,11,1016.4
22090006733000,23,11,12,1000.5
22090006734000,3,3,0,0
22090006735000,1,0,1,0
22090006745000,3,2,1,0
22090006746000,6,3,3,417
22090006747000,24,16,8,1022.4
22090006748000,15,8,7,784.5
22090006749000,1,1,0,0
22090006750000,2,1,1,0
22090006751000,6,3,3,345
22090006752000,19,10,9,889.2
22090006760000,12,7,5,616.8
22090006761000,18,8,10,743.4
22090006762000,211,94,117,9558.3
22090006763000,34,19,15,1217.2
22090006764000,25,13,12,1220
22090006765000,25,14,11,1162.5
22090006766000,67,29,38,3142.3
22090006767000,24,13,11,1324.8
22090006768000,15,7,8,856.5
22090006769000,13,7,6,683.8
22090006770000,2,1,1,0
22090006771000,6,4,2,268.2
22090006772000,7,3,4,237.3
22090006773000,16,6,10,670.4
22090006774000,3,2,1,0
22090006781000,1,0,1,0
22090006820000,3,2,1,0
22090006821000,5,2,3,385
22090006838000,26,10,16,1040
22090006839000,23,13,10,1009.7
22090006840000,5,3,2,147
22090006860000,4,3,1,0
22090006861000,507,255,252,20381.4
22090006862000,52,26,26,1908.4
22090006867000,4,2,2,0
22090006868000,3,2,1,0
22090006873000,1,1,0,0
22090006874000,9,5,4,492.3
22090006950000,13,8,5,521.3
22090006951000,11,7,4,495
22090006952000,53,25,28,2061.7
22090006953000,20,11,9,854
22090007002000,1,0,1,0
22090007003000,47,22,25,1640.3
22090007008000,8,4,4,295.2
22090007009000,33,17,16,1329.9
22090007032000,12,7,5,489.6
22090007033000,11,6,5,524.7
22090007053000,14,8,6,665
22090007054000,29,18,11,1241.2
22090007058000,6,4,2,271.2
22090007059000,29,15,14,1052.7
22090007060000,6,3,3,393
22090007062000,9,3,6,359.1
22090007063000,15,10,5,634.5
22090007064000,3,2,1,0
22090007068000,1,1,0,0
22090007069000,7,4,3,406.7
22090007070000,25,16,9,1350
22090007071000,47,23,24,2180.8
22090007072000,4,1,3,0
22090007107000,4,3,1,0
22100006548000,49,25,24,1837.5
22100006549000,10,5,5,396
22100006550000,49,26,23,2087.4
22100006551000,10,5,5,324
22100006552000,6,3,3,375
22100006553000,42,21,21,1192.8
22100006554000,46,28,18,1495
22100006557000,1,0,1,0
22100006558000,6,2,4,369
22100006567000,12,7,5,307.2
22100006579000,18,11,7,696.6
22100006580000,16,9,7,587.2
22100006582000,6,3,3,244.2
22100006583000,37,16,21,1402.3
22100006584000,20,9,11,538
22100006586000,3,2,1,0
22100006587000,7,4,3,238.7
22100006588000,28,17,11,884.8
22100006589000,16,9,7,649.6
22100006590000,17,10,7,702.1
22100006596000,1,0,1,0
22100006597000,60,34,26,2298
22100006598000,27,14,13,877.5
22100006599000,2,1,1,0
22100006600000,2,1,1,0
22100006606000,2,2,0,0
22100006607000,11,4,7,586.3
22100006608000,9,5,4,503.1
22100006627000,22,11,11,853.6
22100006628000,2,1,1,0
22100006629000,29,19,10,1183.2
22100006630000,191,88,103,7429.9
22100006631000,105,58,47,4315.5
22100006632000,343,172,171,12622.4
22100006633000,111,59,52,4517.7
22100006634000,5,2,3,254
22100006635000,54,25,29,1949.4
22100006636000,130,69,61,3523
22100006637000,24,13,11,1125.6
22100006638000,21,9,12,791.7
22100006639000,18,12,6,966.6
22100006640000,20,10,10,1014
22100006641000,19,12,7,636.5
22100006646000,17,8,9,669.8
22100006647000,37,16,21,1365.3
22100006648000,31,13,18,1153.2
22100006654000,2,1,1,0
22100006655000,26,16,10,1430
22100006656000,43,22,21,1823.2
22100006657000,32,15,17,1328
22100006658000,33,18,15,1521.3
22100006659000,2,1,1,0
22100006675000,21,12,9,867.3
22100006676000,250,119,131,10575
22100006677000,164,91,73,6953.6
22100006678000,26,13,13,972.4
22100006686000,5,2,3,287
22100006694000,9,4,5,359.1
22100006695000,4,3,1,0
22100006697000,2,1,1,0
22100006725000,2,2,0,0
22100006726000,20,12,8,1000
22100006727000,10,4,6,410
22100006728000,2,1,1,0
22100006731000,5,2,3,136
22100006732000,60,31,29,2568
22100006743000,17,10,7,581.4
22100006744000,2,1,1,0
22100006747000,19,9,10,712.5
22100006751000,1,1,0,0
22100006752000,10,5,5,417
22100006759000,11,5,6,755.7
22100006760000,1,1,0,0
22100006761000,9,6,3,546.3
22100006762000,7,4,3,553
22100006764000,5,3,2,324
22100006774000,9,6,3,545.4
22100006776000,1,0,1,0
22100006819000,2,0,2,0
22100006820000,1,1,0,0
22100006839000,2,1,1,0
22100006840000,4,2,2,0
22100006849000,3,2,1,0
22100006850000,13,9,4,786.5
22100006851000,14,8,6,506.8
22100006852000,6,3,3,328.2
22100006860000,24,10,14,1332
22100006861000,165,79,86,6715.5
22100006862000,4,1,3,0
22100006866000,6,3,3,322.8
22100006867000,12,7,5,475.2
22100006874000,16,7,9,697.6
22100006906000,2,1,1,0
22100006949000,7,3,4,249.2
22100006950000,7,4,3,268.8
22100006951000,12,6,6,651.6
22100006952000,6,3,3,154.2
22100007002000,15,7,8,613.5
22100007003000,7,4,3,263.9
22100007006000,12,6,6,484.8
22100007008000,25,13,12,737.5
22100007009000,34,17,17,1237.6
22100007023000,2,1,1,0
22100007035000,10,5,5,425
22100007053000,12,7,5,628.8
22100007054000,57,31,26,2325.6
22100007059000,3,2,1,0
22100007060000,11,5,6,551.1
22100007061000,3,1,2,0
22100007069000,27,16,11,1341.9
22100007070000,13,8,5,435.5
22100007071000,5,1,4,210
22100007073000,1,1,0,0
22100007107000,20,11,9,634
22100007108000,15,8,7,616.5
22110006549000,59,31,28,2271.5
22110006550000,85,38,47,3825
22110006551000,27,13,14,1333.8
22110006552000,65,32,33,2697.5
22110006553000,51,30,21,2422.5
22110006554000,82,43,39,3296.4
22110006555000,14,5,9,716.8
22110006556000,6,4,2,139.2
22110006557000,26,13,13,842.4
22110006558000,11,6,5,269.5
22110006567000,7,3,4,224.7
22110006568000,2,1,1,0
22110006569000,3,2,1,0
22110006572000,33,18,15,1164.9
22110006573000,3,2,1,0
22110006577000,35,18,17,1550.5
22110006578000,22,9,13,825
22110006579000,16,9,7,1019.2
22110006580000,14,7,7,533.4
22110006581000,32,16,16,1337.6
22110006582000,131,72,59,4781.5
22110006583000,81,43,38,2818.8
22110006584000,3,1,2,0
22110006589000,25,15,10,1022.5
22110006590000,14,8,6,645.4
22110006591000,38,18,20,1428.8
22110006592000,15,8,7,633
22110006596000,6,4,2,373.2
22110006597000,28,18,10,949.2
22110006606000,21,10,11,1014.3
22110006607000,21,12,9,1092
22110006608000,4,2,2,0
22110006625000,3,2,1,0
22110006626000,14,9,5,530.6
22110006628000,6,3,3,142.2
22110006629000,15,10,5,519
22110006630000,11,6,5,489.5
22110006631000,345,169,176,13903.5
22110006632000,639,337,302,28116
22110006633000,660,331,329,27390
22110006634000,10,3,7,481
22110006635000,34,19,15,1455.2
22110006636000,25,12,13,840
22110006637000,78,42,36,3081
22110006638000,16,10,6,635.2
22110006639000,34,19,15,1332.8
22110006640000,30,17,13,1161
22110006641000,10,6,4,392
22110006642000,3,2,1,0
22110006643000,5,1,4,212
22110006644000,21,14,7,709.8
22110006645000,43,22,21,1470.6
22110006646000,35,18,17,1589
22110006647000,31,17,14,1395
22110006648000,17,10,7,579.7
22110006653000,24,15,9,1178.4
22110006654000,30,16,14,1269
22110006655000,27,13,14,1447.2
22110006656000,33,15,18,1105.5
22110006657000,24,14,10,835.2
22110006658000,18,11,7,741.6
22110006673000,1,1,0,0
22110006675000,1,1,0,0
22110006676000,8,8,0,255.2
22110006690000,4,2,2,0
22110006692000,2,1,1,0
22110006725000,8,5,3,492.8
22110006726000,26,13,13,1027
22110006727000,21,13,8,751.8
22110006728000,3,2,1,0
22110006730000,5,2,3,167
22110006731000,36,18,18,1432.8
22110006732000,25,11,14,1095
22110006740000,3,1,2,0
22110006741000,19,9,10,913.9
22110006742000,13,9,4,443.3
22110006743000,8,3,5,268
22110006744000,13,8,5,288.6
22110006745000,3,2,1,0
22110006746000,6,2,4,151.8
22110006747000,7,4,3,275.1
22110006751000,14,10,4,501.2
22110006752000,11,5,6,402.6
22110006761000,3,2,1,0
22110006762000,3,1,2,0
22110006764000,19,11,8,744.8
22110006772000,1,1,0,0
22110006775000,1,1,0,0
22110006777000,2,1,1,0
22110006838000,5,3,2,73
22110006839000,8,4,4,318.4
22110006849000,4,2,2,0
22110006850000,137,66,71,5096.4
22110006851000,7,5,2,333.2
22110006852000,15,7,8,781.5
22110006853000,15,7,8,762
22110006854000,1,1,0,0
22110006855000,37,21,16,1753.8
22110006856000,10,7,3,482
22110006857000,6,3,3,310.8
22110006858000,2,1,1,0
22110006859000,42,23,19,1507.8
22110006860000,637,292,345,28601.3
22110006861000,226,111,115,9785.8
22110006862000,5,3,2,136
22110006865000,6,3,3,328.2
22110006866000,14,8,6,455
22110006867000,4,2,2,0
22110006949000,7,4,3,233.8
22110006951000,4,3,1,0
22110007001000,20,8,12,834
22110007002000,6,2,4,174
22110007006000,11,4,7,510.4
22110007007000,9,4,5,442.8
22110007008000,2,1,1,0
22110007009000,30,18,12,1209
22110007034000,5,3,2,198
22110007035000,3,1,2,0
22110007042000,1,0,1,0
22110007049000,1,1,0,0
22110007054000,3,3,0,0
22110007060000,116,65,51,3804.8
22110007061000,99,53,46,3732.3
22110007062000,47,24,23,2129.1
22110007069000,3,2,1,0
22110007070000,12,9,3,463.2
22120006548000,15,7,8,478.5
22120006549000,116,54,62,4732.8
22120006550000,7,4,3,296.8
22120006551000,25,16,9,822.5
22120006553000,5,4,1,90
22120006554000,614,288,326,19034
22120006555000,242,122,120,7574.6
22120006556000,553,289,264,20018.6
22120006557000,8,5,3,399.2
22120006558000,25,14,11,1160
22120006566000,28,11,17,1066.8
22120006569000,16,7,9,737.6
22120006571000,62,32,30,2380.8
22120006572000,201,89,112,10371.6
22120006573000,50,23,27,1870
22120006574000,11,8,3,269.5
22120006575000,23,13,10,811.9
22120006576000,14,6,8,508.2
22120006578000,19,11,8,765.7
22120006579000,6,3,3,282
22120006580000,14,6,8,771.4
22120006582000,33,16,17,1006.5
22120006583000,9,5,4,351
22120006584000,20,11,9,686
22120006585000,5,4,1,200
22120006589000,13,7,6,305.5
22120006590000,55,30,25,1908.5
22120006591000,3,1,2,0
22120006592000,16,8,8,654.4
22120006593000,28,14,14,1094.8
22120006594000,12,7,5,468
22120006595000,57,31,26,2131.8
22120006596000,85,44,41,3128
22120006597000,49,26,23,1710.1
22120006605000,4,2,2,0
22120006606000,6,3,3,141
22120006607000,27,14,13,915.3
22120006608000,6,3,3,159
22120006627000,11,5,6,387.2
22120006631000,11,3,8,363
22120006632000,714,347,367,25989.6
22120006633000,37,19,18,1609.5
22120006634000,53,31,22,2141.2
22120006635000,27,16,11,1047.6
22120006636000,684,351,333,25581.6
22120006637000,1029,508,521,39307.8
22120006638000,195,98,97,7234.5
22120006639000,37,20,17,1616.9
22120006640000,14,7,7,523.6
22120006641000,51,27,24,2432.7
22120006642000,15,5,10,645
22120006643000,44,23,21,1834.8
22120006644000,120,64,56,4656
22120006645000,79,41,38,3254.8
22120006646000,40,15,25,1404
22120006647000,6,3,3,286.2
22120006648000,6,4,2,249
22120006649000,9,3,6,325.8
22120006652000,1,1,0,0
22120006653000,34,17,17,1295.4
22120006654000,11,5,6,484
22120006655000,10,3,7,543
22120006663000,2,1,1,0
22120006664000,11,6,5,528
22120006665000,4,3,1,0
22120006666000,1,1,0,0
22120006667000,26,14,12,772.2
22120006668000,7,2,5,443.1
22120006670000,6,5,1,129
22120006671000,6,5,1,163.2
22120006672000,43,20,23,1634
22120006673000,1,1,0,0
22120006691000,1,1,0,0
22120006692000,1,1,0,0
22120006724000,40,19,21,1220
22120006725000,14,6,8,582.4
22120006726000,7,3,4,300.3
22120006727000,27,11,16,1134
22120006728000,36,22,14,1393.2
22120006729000,33,21,12,1438.8
22120006730000,74,29,45,4210.6
22120006731000,22,13,9,954.8
22120006736000,16,10,6,638.4
22120006737000,5,3,2,327
22120006738000,8,3,5,283.2
22120006740000,11,6,5,521.4
22120006741000,6,3,3,255
22120006744000,2,1,1,0
22120006751000,30,16,14,1230
22120006752000,8,5,3,455.2
22120006759000,9,3,6,340.2
22120006760000,13,6,7,356.2
22120006761000,5,2,3,254
22120006764000,4,4,0,0
22120006774000,1,1,0,0
22120006775000,6,3,3,216
22120006777000,16,8,8,644.8
22120006778000,2,1,1,0
22120006817000,5,1,4,149
22120006838000,11,5,6,555.5
22120006839000,6,1,5,207
22120006849000,36,16,20,1490.4
22120006850000,6,3,3,342
22120006852000,2,1,1,0
22120006853000,38,20,18,1345.2
22120006854000,15,10,5,540
22120006855000,210,107,103,7917
22120006856000,66,26,40,3504.6
22120006857000,20,12,8,1064
22120006858000,25,12,13,1135
22120006859000,112,56,56,4468.8
22120006860000,389,177,212,19099.9
22120006861000,196,107,89,8369.2
22120006862000,135,77,58,4968
22120006863000,65,35,30,2340
22120006864000,18,9,9,797.4
22120006865000,8,3,5,346.4
22120006866000,9,6,3,296.1
22120006950000,22,12,10,721.6
22120006951000,13,7,6,599.3
22120006952000,6,3,3,253.2
22120007000000,3,2,1,0
22120007001000,23,8,15,823.4
22120007006000,6,3,3,118.2
22120007007000,11,5,6,454.3
22120007009000,18,11,7,687.6
22120007010000,1,1,0,0
22120007034000,4,3,1,0
22120007035000,4,2,2,0
22120007036000,7,5,2,154.7
22120007037000,2,1,1,0
22120007039000,1,1,0,0
22120007040000,7,4,3,333.9
22120007041000,7,4,3,403.9
22120007042000,2,1,1,0
22120007043000,2,1,1,0
22120007045000,5,4,1,370
22120007046000,2,1,1,0
22120007047000,1,0,1,0
22120007049000,2,1,1,0
22120007061000,38,21,17,1318.6
22120007062000,14,9,5,456.4
22120007108000,2,1,1,0
22130006548000,17,7,10,690.2
22130006549000,33,17,16,1376.1
22130006550000,287,140,147,11365.2
22130006551000,19,13,6,739.1
22130006552000,702,356,346,24780.6
22130006553000,63,32,31,2255.4
22130006554000,108,57,51,3132
22130006555000,16,9,7,444.8
22130006556000,1366,700,666,53547.2
22130006557000,14,8,6,697.2
22130006558000,38,22,16,1668.2
22130006567000,3,1,2,0
22130006569000,22,9,13,924
22130006570000,63,35,28,2494.8
22130006571000,126,70,56,5191.2
22130006572000,627,323,304,22195.8
22130006573000,31,15,16,1181.1
22130006574000,12,7,5,609.6
22130006575000,36,17,19,1458
22130006576000,4,2,2,0
22130006577000,4,2,2,0
22130006579000,8,3,5,359.2
22130006590000,2,1,1,0
22130006591000,18,11,7,770.4
22130006592000,20,13,7,838
22130006593000,12,8,4,284.4
22130006594000,23,10,13,1053.4
22130006595000,273,123,150,14687.4
22130006596000,53,26,27,2559.9
22130006597000,31,18,13,1199.7
22130006598000,1,1,0,0
22130006605000,9,5,4,586.8
22130006606000,17,8,9,715.7
22130006607000,4,2,2,0
22130006624000,2,1,1,0
22130006627000,15,7,8,540
22130006631000,9,6,3,369
22130006632000,271,147,124,9132.7
22130006633000,116,63,53,4558.8
22130006634000,40,19,21,1488
22130006635000,456,237,219,20155.2
22130006636000,559,260,299,25993.5
22130006637000,605,291,314,23534.5
22130006638000,104,49,55,3057.6
22130006639000,51,25,26,1795.2
22130006640000,53,27,26,1886.8
22130006641000,78,44,34,3135.6
22130006642000,5,1,4,158
22130006643000,5,2,3,170
22130006644000,98,52,46,3871
22130006645000,465,238,227,16972.5
22130006646000,54,28,26,2160
22130006647000,4,2,2,0
22130006648000,15,8,7,838.5
22130006649000,35,20,15,1526
22130006650000,33,21,12,1303.5
22130006651000,13,6,7,405.6
22130006652000,162,83,79,5896.8
22130006653000,31,17,14,1289.6
22130006662000,19,11,8,902.5
22130006663000,19,8,11,748.6
22130006664000,10,4,6,469
22130006665000,34,17,17,1438.2
22130006666000,13,7,6,583.7
22130006667000,2,1,1,0
22130006668000,3,1,2,0
22130006669000,7,4,3,268.8
22130006670000,8,5,3,239.2
22130006671000,8,4,4,275.2
22130006672000,9,3,6,239.4
22130006673000,5,3,2,322
22130006686000,8,3,5,364.8
22130006687000,8,6,2,356.8
22130006723000,14,7,7,565.6
22130006724000,4,3,1,0
22130006728000,1,1,0,0
22130006735000,34,18,16,1230.8
22130006736000,7,4,3,233.8
22130006737000,1,1,0,0
22130006738000,6,3,3,207
22130006739000,3,2,1,0
22130006740000,6,2,4,229.2
22130006751000,9,4,5,254.7
22130006754000,2,1,1,0
22130006756000,3,2,1,0
22130006758000,7,3,4,413.7
22130006759000,8,2,6,327.2
22130006766000,1,1,0,0
22130006771000,1,1,0,0
22130006777000,8,5,3,298.4
22130006778000,4,4,0,0
22130006816000,6,3,3,423
22130006837000,10,5,5,596
22130006838000,28,15,13,1142.4
22130006847000,10,4,6,477
22130006848000,17,9,8,629
22130006849000,12,5,7,597.6
22130006857000,7,4,3,310.8
22130006858000,6,3,3,327
22130006861000,13,6,7,443.3
22130006862000,19,11,8,457.9
22130006863000,85,47,38,3434
22130006864000,55,29,26,1831.5
22130006865000,11,6,5,441.1
22130006949000,2,1,1,0
22130006950000,18,10,8,790.2
22130006952000,16,7,9,726.4
22130007000000,6,3,3,316.8
22130007001000,1,1,0,0
22130007006000,5,2,3,76
22130007009000,23,13,10,1143.1
22130007010000,5,3,2,320
22130007013000,4,3,1,0
22130007036000,7,5,2,266.7
22130007037000,74,35,39,3130.2
22130007055000,11,5,6,486.2
22140006548000,10,5,5,541
22140006549000,311,136,175,15114.6
22140006550000,1862,933,929,87700.2
22140006551000,1301,655,646,52950.7
22140006552000,201,92,109,6974.7
22140006553000,315,157,158,11875.5
22140006554000,272,139,133,11532.8
22140006555000,181,93,88,7945.9
22140006556000,1749,848,901,72758.4
22140006560000,4,2,2,0
22140006561000,1,0,1,0
22140006568000,8,5,3,284
22140006569000,5,3,2,168
22140006570000,4,2,2,0
22140006571000,72,39,33,2736
22140006572000,51,29,22,2142
22140006573000,48,24,24,1867.2
22140006574000,14,9,5,463.4
22140006575000,17,10,7,780.3
22140006592000,16,8,8,652.8
22140006593000,59,32,27,2436.7
22140006594000,38,20,18,1436.4
22140006595000,302,137,165,13559.8
22140006596000,30,15,15,1188
22140006597000,14,8,6,680.4
22140006598000,10,5,5,429
22140006599000,7,3,4,233.8
22140006605000,26,13,13,1435.2
22140006606000,25,17,8,1037.5
22140006621000,7,4,3,349.3
22140006622000,12,7,5,441.6
22140006626000,2,1,1,0
22140006632000,44,22,22,1399.2
22140006633000,21,10,11,840
22140006634000,12,5,7,508.8
22140006635000,128,60,68,4710.4
22140006636000,1453,730,723,65966.2
22140006637000,1176,564,612,47628
22140006638000,624,311,313,25209.6
22140006639000,294,151,143,11583.6
22140006640000,45,21,24,2002.5
22140006641000,66,38,28,2567.4
22140006642000,36,16,20,1594.8
22140006643000,10,6,4,409
22140006644000,120,62,58,5148
22140006645000,120,68,52,4500
22140006646000,27,13,14,1344.6
22140006647000,11,5,6,404.8
22140006648000,2,1,1,0
22140006649000,40,22,18,1248
22140006650000,235,123,112,9752.5
22140006651000,73,38,35,2876.2
22140006652000,66,41,25,2376
22140006653000,3,1,2,0
22140006654000,5,3,2,258
22140006655000,10,6,4,409
22140006659000,6,4,2,367.8
22140006660000,17,8,9,822.8
22140006661000,28,15,13,1078
22140006662000,4,2,2,0
22140006663000,8,6,2,304
22140006664000,76,39,37,3176.8
22140006665000,61,35,26,2153.3
22140006666000,23,10,13,963.7
22140006667000,19,12,7,807.5
22140006668000,4,2,2,0
22140006669000,3,2,1,0
22140006670000,2,1,1,0
22140006687000,32,20,12,1753.6
22140006688000,17,11,6,598.4
22140006702000,9,5,4,351.9
22140006703000,7,4,3,392.7
22140006704000,19,11,8,708.7
22140006705000,4,3,1,0
22140006723000,41,19,22,1586.7
22140006734000,15,11,4,549
22140006735000,19,10,9,1157.1
22140006752000,1,1,0,0
22140006753000,6,4,2,283.2
22140006755000,51,24,27,1683
22140006756000,7,4,3,275.1
22140006757000,9,6,3,351
22140006758000,6,4,2,120
22140006760000,1,1,0,0
22140006767000,3,1,2,0
22140006769000,5,2,3,242
22140006772000,3,2,1,0
22140006776000,1,0,1,0
22140006778000,5,3,2,347
22140006786000,2,1,1,0
22140006815000,2,1,1,0
22140006837000,1,1,0,0
22140006838000,24,11,13,919.2
22140006847000,40,20,20,1824
22140006848000,30,15,15,1452
22140006864000,2,1,1,0
22140006952000,7,4,3,335.3
22140006953000,15,7,8,498
22140006954000,5,2,3,161
22140007000000,15,11,4,619.5
22140007001000,10,6,4,473
22140007003000,1,1,0,0
22140007009000,37,19,18,1431.9
22140007010000,1,0,1,0
22140007011000,12,5,7,592.8
22140007012000,31,17,14,1441.5
22140007013000,8,3,5,252.8
22140007023000,1,0,1,0
22140007035000,1,1,0,0
22140007037000,27,13,14,1306.8
22140007038000,9,5,4,214.2
22140007046000,1,1,0,0
22140007047000,3,2,1,0
22140007048000,2,2,0,0
22140007049000,1,1,0,0
22140007050000,16,7,9,673.6
22140007053000,1,1,0,0
22140007054000,2,1,1,0
22150006550000,476,213,263,26656
22150006551000,144,67,77,8683.2
22150006552000,3,1,2,0
22150006555000,1107,550,557,50700.6
22150006556000,2916,1339,1577,135302.4
22150006557000,2030,973,1057,90741
22150006558000,521,255,266,17974.5
22150006559000,3,2,1,0
22150006560000,8,6,2,180.8
22150006561000,39,18,21,1201.2
22150006562000,3,2,1,0
22150006567000,27,17,10,915.3
22150006568000,10,5,5,418
22150006569000,36,17,19,1515.6
22150006570000,34,18,16,1445
22150006571000,30,18,12,1410
22150006572000,5,3,2,84
22150006593000,5,2,3,273
22150006594000,33,18,15,1138.5
22150006595000,19,11,8,530.1
22150006596000,16,8,8,672
22150006597000,24,13,11,1070.4
22150006598000,2,1,1,0
22150006599000,17,11,6,542.3
22150006600000,12,6,6,403.2
22150006604000,16,8,8,608
22150006605000,53,27,26,2173
22150006606000,29,15,14,1215.1
22150006620000,33,21,12,1237.5
22150006624000,5,3,2,105
22150006632000,51,25,26,1892.1
22150006633000,16,8,8,606.4
22150006634000,45,24,21,2043
22150006635000,555,276,279,22311
22150006636000,370,192,178,13283
22150006637000,93,48,45,4092
22150006638000,12,5,7,387.6
22150006643000,7,5,2,298.2
22150006644000,66,35,31,2560.8
22150006645000,27,14,13,1020.6
22150006646000,77,40,37,3010.7
22150006647000,64,29,35,2496
22150006648000,75,45,30,2932.5
22150006649000,118,61,57,4330.6
22150006650000,359,178,181,14180.5
22150006651000,440,209,231,16368
22150006652000,79,47,32,2970.4
22150006653000,7,4,3,427.7
22150006654000,22,11,11,842.6
22150006655000,42,21,21,1730.4
22150006656000,4,3,1,0
22150006658000,10,4,6,229
22150006659000,25,13,12,967.5
22150006660000,24,10,14,1171.2
22150006661000,45,28,17,1881
22150006662000,49,29,20,2180.5
22150006663000,55,26,29,1903
22150006664000,3,3,0,0
22150006687000,2,1,1,0
22150006688000,4,1,3,0
22150006689000,29,14,15,1183.2
22150006700000,39,21,18,1177.8
22150006701000,2,1,1,0
22150006702000,2,0,2,0
22150006703000,11,6,5,500.5
22150006723000,20,10,10,1042
22150006724000,5,2,3,254
22150006734000,15,8,7,523.5
22150006735000,10,6,4,272
22150006753000,14,9,5,603.4
22150006754000,14,6,8,669.2
22150006755000,53,30,23,2120
22150006756000,5,2,3,130
22150006767000,3,2,1,0
22150006772000,1,1,0,0
22150006838000,27,15,12,1034.1
22150006839000,3,1,2,0
22150006847000,9,5,4,448.2
22150006848000,22,10,12,783.2
22150006862000,64,41,23,1907.2
22150006873000,3,2,1,0
22150006954000,20,11,9,718
22150006955000,3,1,2,0
22150006999000,12,7,5,363.6
22150007000000,2,1,1,0
22150007009000,15,7,8,640.5
22150007012000,5,1,4,176
22150007013000,21,10,11,762.3
22150007021000,5,3,2,333
22150007037000,5,3,2,253
22150007038000,25,14,11,990
22150007048000,14,6,8,667.8
22150007049000,1,0,1,0
22150007050000,1,0,1,0
22150007053000,4,3,1,0
22150007054000,1,1,0,0
22150007055000,7,4,3,184.1
22150007056000,6,3,3,322.2
22150007109000,2,1,1,0
22160006553000,2,1,1,0
22160006554000,690,345,345,25185
22160006555000,750,406,344,29700
22160006556000,2044,995,1049,80942.4
22160006557000,2369,1097,1272,104472.9
22160006558000,929,465,464,39761.2
22160006559000,778,396,382,28085.8
22160006561000,5,3,2,262
22160006563000,7,4,3,238.7
22160006564000,4,3,1,0
22160006565000,12,7,5,483.6
22160006566000,21,11,10,726.6
22160006567000,23,12,11,844.1
22160006568000,74,36,38,2686.2
22160006569000,26,12,14,949
22160006570000,6,4,2,133.8
22160006579000,3,1,2,0
22160006581000,5,4,1,115
22160006584000,4,3,1,0
22160006595000,12,8,4,495.6
22160006596000,4,1,3,0
22160006597000,5,2,3,221
22160006598000,23,13,10,747.5
22160006599000,25,14,11,1272.5
22160006600000,5,3,2,241
22160006601000,13,7,6,565.5
22160006602000,2,1,1,0
22160006603000,2,1,1,0
22160006604000,101,49,52,3959.2
22160006605000,135,69,66,5170.5
22160006606000,7,5,2,132.3
22160006632000,31,16,15,1274.1
22160006633000,73,40,33,3336.1
22160006634000,48,29,19,2256
22160006635000,762,412,350,28422.6
22160006636000,89,50,39,3613.4
22160006637000,18,8,10,590.4
22160006649000,375,181,194,16350
22160006650000,883,403,480,41147.8
22160006651000,183,89,94,7521.3
22160006653000,27,14,13,1085.4
22160006654000,63,33,30,2482.2
22160006655000,40,21,19,1708
22160006656000,8,6,2,366.4
22160006657000,8,6,2,344
22160006660000,209,107,102,7085.1
22160006661000,72,37,35,3261.6
22160006662000,5,4,1,227
22160006688000,22,11,11,858
22160006689000,10,4,6,381
22160006690000,17,10,7,676.6
22160006697000,9,6,3,425.7
22160006699000,17,9,8,646
22160006700000,22,13,9,946
22160006701000,5,4,1,187
22160006723000,1,1,0,0
22160006735000,14,7,7,736.4
22160006754000,6,3,3,400.2
22160006755000,23,12,11,1104
22160006770000,4,2,2,0
22160006814000,1,1,0,0
22160006833000,2,1,1,0
22160006834000,1,1,0,0
22160006838000,49,26,23,2165.8
22160006839000,14,6,8,600.6
22160006843000,6,3,3,238.8
22160006847000,14,9,5,567
22160006848000,11,5,6,324.5
22160006910000,6,4,2,277.2
22160006951000,11,7,4,546.7
22160006954000,26,13,13,1021.8
22160006955000,25,14,11,935
22160007009000,24,15,9,878.4
22160007011000,6,3,3,390
22160007022000,2,1,1,0
22160007023000,6,2,4,235.2
22160007040000,1,0,1,0
22160007047000,9,6,3,308.7
22160007048000,9,6,3,369
22160007055000,19,12,7,608
22170006552000,89,51,38,4085.1
22170006553000,1352,665,687,54485.6
22170006554000,922,451,471,40107
22170006555000,647,305,342,25944.7
22170006556000,5,3,2,273
22170006557000,190,82,108,9766
22170006558000,11,7,4,478.5
22170006559000,250,136,114,8325
22170006560000,133,71,62,4841.2
22170006561000,15,8,7,766.5
22170006562000,34,18,16,1084.6
22170006563000,16,11,5,619.2
22170006564000,27,14,13,1044.9
22170006565000,16,9,7,590.4
22170006566000,35,21,14,1340.5
22170006567000,35,20,15,1316
22170006568000,7,5,2,273.7
22170006573000,6,4,2,210
22170006574000,17,9,8,827.9
22170006575000,2,1,1,0
22170006576000,4,2,2,0
22170006578000,4,2,2,0
22170006593000,1,1,0,0
22170006597000,9,5,4,294.3
22170006598000,40,19,21,1692
22170006599000,1,1,0,0
22170006600000,6,3,3,253.2
22170006601000,3,2,1,0
22170006602000,118,56,62,4720
22170006603000,180,97,83,7560
22170006604000,470,223,247,21714
22170006605000,259,134,125,10670.8
22170006606000,3,2,1,0
22170006620000,2,1,1,0
22170006621000,6,2,4,139.2
22170006622000,4,3,1,0
22170006630000,1,1,0,0
22170006632000,34,19,15,1302.2
22170006633000,7,4,3,345.8
22170006634000,83,42,41,3842.9
22170006635000,827,426,401,29358.5
22170006636000,102,59,43,4692
22170006649000,11,6,5,517
22170006650000,43,27,16,1251.3
22170006651000,585,295,290,21352.5
22170006652000,472,234,238,20626.4
22170006653000,11,5,6,448.8
22170006654000,198,101,97,6593.4
22170006655000,50,26,24,2375
22170006657000,3,2,1,0
22170006658000,20,10,10,752
22170006659000,10,7,3,388
22170006660000,29,10,19,1151.3
22170006661000,26,13,13,811.2
22170006662000,12,8,4,573.6
22170006688000,10,7,3,629
22170006689000,4,2,2,0
22170006690000,9,5,4,223.2
22170006700000,1,1,0,0
22170006723000,7,2,5,352.8
22170006724000,4,3,1,0
22170006735000,22,12,10,952.6
22170006754000,5,2,3,104
22170006764000,2,2,0,0
22170006773000,3,2,1,0
22170006813000,2,1,1,0
22170006838000,13,7,6,583.7
22170006847000,2,1,1,0
22170006848000,38,23,15,1428.8
22170006849000,9,6,3,324
22170006850000,1,1,0,0
22170006910000,4,2,2,0
22170006951000,1,1,0,0
22170006952000,2,1,1,0
22170006954000,72,39,33,3240
22170006955000,20,11,9,1140
22170006956000,1,0,1,0
22170006999000,6,2,4,225
22170007009000,27,17,10,1215
22170007011000,9,5,4,372.6
22170007012000,8,4,4,426.4
22170007014000,25,13,12,875
22170007023000,2,1,1,0
22170007056000,6,4,2,301.2
22180006552000,1,1,0,0
22180006553000,234,115,119,9172.8
22180006554000,173,85,88,7023.8
22180006555000,1038,509,529,37056.6
22180006556000,371,187,184,14431.9
22180006557000,7,5,2,300.3
22180006558000,17,10,7,717.4
22180006559000,27,13,14,942.3
22180006560000,338,166,172,11796.2
22180006561000,52,26,26,2028
22180006562000,9,4,5,313.2
22180006563000,3,2,1,0
22180006564000,17,9,8,729.3
22180006565000,35,17,18,1456
22180006566000,4,1,3,0
22180006568000,6,3,3,361.8
22180006569000,27,16,11,1198.8
22180006570000,15,8,7,511.5
22180006571000,7,4,3,440.3
22180006572000,15,9,6,640.5
22180006573000,21,8,13,842.1
22180006574000,26,16,10,920.4
22180006575000,52,29,23,1773.2
22180006576000,32,16,16,1331.2
22180006577000,3,2,1,0
22180006583000,4,3,1,0
22180006584000,8,3,5,303.2
22180006585000,13,9,4,513.5
22180006586000,15,9,6,478.5
22180006587000,30,15,15,1245
22180006599000,9,5,4,316.8
22180006600000,17,7,10,576.3
22180006601000,28,14,14,1330
22180006602000,12,4,8,466.8
22180006603000,30,15,15,1245
22180006604000,47,20,27,1922.3
22180006605000,16,9,7,579.2
22180006616000,9,4,5,216.9
22180006617000,15,9,6,604.5
22180006618000,1,1,0,0
22180006619000,9,3,6,385.2
22180006620000,29,15,14,1197.7
22180006621000,1,1,0,0
22180006632000,115,58,57,4266.5
22180006633000,804,396,408,30793.2
22180006634000,198,99,99,8415
22180006635000,560,269,291,21784
22180006636000,150,81,69,6435
22180006652000,353,176,177,13767
22180006653000,547,266,281,20567.2
22180006654000,346,198,148,13909.2
22180006655000,88,45,43,3405.6
22180006656000,7,4,3,305.2
22180006657000,14,8,6,610.4
22180006658000,134,72,62,4837.4
22180006659000,23,13,10,1030.4
22180006660000,38,22,16,1827.8
22180006667000,5,1,4,276
22180006687000,10,5,5,361
22180006688000,96,52,44,3436.8
22180006689000,54,29,25,2154.6
22180006724000,6,2,4,244.8
22180006734000,43,23,20,2033.9
22180006735000,16,8,8,835.2
22180006754000,1,1,0,0
22180006755000,2,1,1,0
22180006813000,6,3,3,304.2
22180006814000,5,4,1,282
22180006836000,2,1,1,0
22180006837000,86,42,44,3706.6
22180006838000,36,20,16,1479.6
22180006839000,10,5,5,429
22180006847000,18,11,7,626.4
22180006848000,595,285,310,25406.5
22180006849000,31,18,13,1429.1
22180006850000,19,10,9,763.8
22180006851000,6,3,3,238.8
22180006910000,10,5,5,289
22180006911000,2,1,1,0
22180006938000,6,4,2,172.8
22180006951000,8,5,3,340.8
22180006952000,4,2,2,0
22180006953000,10,5,5,377
22180006954000,33,17,16,1551
22180006955000,6,4,2,175.2
22180006957000,4,1,3,0
22180006999000,18,10,8,718.2
22180007008000,16,8,8,657.6
22180007009000,7,4,3,380.1
22180007012000,10,7,3,465
22180007014000,7,2,5,301.7
22180007015000,5,3,2,234
22180007023000,5,2,3,176
22180007038000,5,3,2,322
22180007049000,2,2,0,0
22180007056000,6,4,2,274.2
22180007061000,5,3,2,224
22180007062000,11,7,4,544.5
22190006553000,8,5,3,392
22190006554000,67,38,29,3169.1
22190006555000,146,81,65,5431.2
22190006556000,90,44,46,2871
22190006557000,12,7,5,453.6
22190006558000,10,6,4,284
22190006559000,24,13,11,597.6
22190006560000,549,270,279,20093.4
22190006561000,51,30,21,2009.4
22190006564000,17,11,6,683.4
22190006565000,17,9,8,465.8
22190006567000,6,3,3,136.2
22190006568000,19,9,10,792.3
22190006569000,15,9,6,592.5
22190006570000,9,6,3,305.1
22190006571000,12,6,6,528
22190006572000,35,18,17,1183
22190006573000,62,37,25,2442.8
22190006574000,61,29,32,2537.6
22190006576000,3,1,2,0
22190006580000,7,4,3,237.3
22190006581000,10,4,6,380
22190006582000,60,30,30,2130
22190006583000,37,22,15,1498.5
22190006584000,13,6,7,530.4
22190006585000,13,8,5,640.9
22190006586000,9,6,3,468.9
22190006587000,5,2,3,238
22190006614000,4,2,2,0
22190006616000,14,6,8,511
22190006617000,101,48,53,3797.6
22190006618000,10,6,4,295
22190006632000,36,20,16,1234.8
22190006633000,1474,743,731,55717.2
22190006634000,1266,578,688,57603
22190006635000,1947,971,976,73596.6
22190006636000,1002,513,489,34669.2
22190006651000,4,1,3,0
22190006652000,24,14,10,1010.4
22190006653000,122,67,55,5038.6
22190006654000,509,257,252,21378
22190006655000,448,228,220,18681.6
22190006656000,58,32,26,2314.2
22190006657000,336,170,166,11894.4
22190006658000,71,40,31,2719.3
22190006659000,22,12,10,919.6
22190006660000,28,12,16,1117.2
22190006661000,29,15,14,1145.5
22190006662000,25,12,13,872.5
22190006665000,1,1,0,0
22190006666000,4,3,1,0
22190006667000,4,2,2,0
22190006668000,5,3,2,262
22190006687000,11,5,6,610.5
22190006688000,181,89,92,9013.8
22190006689000,226,114,112,11006.2
22190006690000,81,33,48,4228.2
22190006733000,10,7,3,358
22190006734000,120,58,62,5580
22190006755000,2,1,1,0
22190006777000,2,1,1,0
22190006810000,5,3,2,208
22190006812000,10,6,4,558
22190006813000,20,12,8,894
22190006814000,3,2,1,0
22190006837000,32,17,15,1507.2
22190006838000,30,16,14,1275
22190006839000,145,76,69,5307
22190006840000,30,17,13,906
22190006841000,101,52,49,4141
22190006842000,11,6,5,553.3
22190006843000,18,9,9,867.6
22190006844000,24,13,11,818.4
22190006845000,4,3,1,0
22190006848000,131,69,62,5580.6
22190006849000,21,12,9,625.8
22190006850000,12,7,5,391.2
22190006853000,16,8,8,716.8
22190006864000,10,4,6,318
22190006939000,6,2,4,199.8
22190006951000,12,6,6,394.8
22190006954000,44,27,17,2116.4
22190006998000,7,4,3,263.9
22190006999000,3,1,2,0
22190007008000,10,4,6,362
22190007013000,9,5,4,363.6
22190007015000,11,6,5,386.1
22190007016000,3,2,1,0
22190007038000,25,10,15,1042.5
22190007058000,2,1,1,0
22190007069000,34,17,17,1152.6
22190007070000,5,2,3,147
22190007071000,8,3,5,290.4
22200006551000,4,2,2,0
22200006552000,3,2,1,0
22200006554000,114,58,56,5483.4
22200006555000,110,60,50,4928
22200006556000,878,406,472,35383.4
22200006557000,27,12,15,958.5
22200006558000,7,3,4,399.7
22200006559000,36,18,18,1450.8
22200006560000,35,18,17,1176
22200006561000,39,19,20,1333.8
22200006562000,100,50,50,3910
22200006563000,42,20,22,1516.2
22200006565000,3,2,1,0
22200006566000,26,15,11,1112.8
22200006567000,28,17,11,1470
22200006568000,2,1,1,0
22200006569000,8,5,3,416.8
22200006570000,6,3,3,171
22200006572000,19,9,10,706.8
22200006573000,28,14,14,1010.8
22200006575000,25,11,14,785
22200006576000,3,1,2,0
22200006577000,5,3,2,165
22200006578000,14,10,4,487.2
22200006579000,7,4,3,328.3
22200006580000,11,7,4,383.9
22200006581000,49,18,31,2033.5
22200006582000,53,25,28,1982.2
22200006583000,85,41,44,3306.5
22200006584000,33,16,17,1098.9
22200006585000,7,2,5,244.3
22200006586000,8,4,4,307.2
22200006587000,32,20,12,1296
22200006588000,28,13,15,1038.8
22200006589000,3,1,2,0
22200006603000,5,2,3,158
22200006605000,24,12,12,1238.4
22200006606000,20,10,10,714
22200006608000,5,3,2,214
22200006614000,16,8,8,504
22200006615000,64,35,29,2124.8
22200006616000,50,23,27,2140
22200006617000,64,36,28,2758.4
22200006631000,84,49,35,2578.8
22200006632000,1498,756,742,51081.8
22200006633000,1300,650,650,51870
22200006634000,1054,517,537,42160
22200006635000,1177,577,600,46844.6
22200006636000,17,8,9,571.2
22200006653000,6,4,2,283.2
22200006654000,60,34,26,2556
22200006655000,75,32,43,3165
22200006656000,99,48,51,4049.1
22200006657000,454,220,234,19340.4
22200006658000,996,449,547,48405.6
22200006659000,398,188,210,16039.4
22200006660000,36,18,18,1742.4
22200006661000,10,6,4,486
22200006662000,18,9,9,689.4
22200006664000,20,10,10,792
22200006665000,10,6,4,296
22200006666000,6,4,2,205.2
22200006667000,2,1,1,0
22200006668000,4,3,1,0
22200006685000,2,1,1,0
22200006686000,11,6,5,398.2
22200006687000,136,67,69,5208.8
22200006688000,9,4,5,468
22200006689000,2,1,1,0
22200006690000,9,4,5,308.7
22200006691000,2,0,2,0
22200006723000,7,4,3,403.9
22200006724000,1,1,0,0
22200006732000,2,1,1,0
22200006733000,31,17,14,1196.6
22200006734000,2,1,1,0
22200006755000,4,2,2,0
22200006756000,19,10,9,621.3
22200006757000,16,7,9,643.2
22200006758000,2,1,1,0
22200006776000,2,1,1,0
22200006777000,4,3,1,0
22200006810000,3,2,1,0
22200006811000,30,16,14,1488
22200006812000,42,21,21,1533
22200006813000,3,1,2,0
22200006837000,21,11,10,1005.9
22200006838000,67,39,28,2586.2
22200006839000,19,7,12,849.3
22200006840000,200,92,108,8880
22200006841000,610,289,321,30500
22200006842000,26,13,13,1019.2
22200006843000,13,6,7,478.4
22200006844000,28,15,13,1478.4
22200006845000,24,15,9,1140
22200006846000,13,7,6,413.4
22200006847000,6,3,3,150
22200006848000,48,27,21,1896
22200006852000,4,1,3,0
22200006919000,4,2,2,0
22200006937000,4,3,1,0
22200006939000,27,14,13,1404
22200006940000,32,13,19,1187.2
22200006941000,2,1,1,0
22200006950000,1,0,1,0
22200006951000,10,6,4,351
22200006952000,13,9,4,549.9
22200006953000,5,2,3,305
22200006954000,29,14,15,1003.4
22200006955000,39,23,16,1552.2
22200006956000,5,3,2,190
22200006998000,1,1,0,0
22200007008000,5,3,2,306
22200007009000,1,1,0,0
22200007013000,6,4,2,198
22200007016000,20,8,12,704
22200007023000,6,2,4,192
22200007036000,13,7,6,557.7
22200007038000,2,1,1,0
22200007039000,2,1,1,0
22200007047000,3,2,1,0
22210006552000,27,11,16,1242
22210006553000,29,13,16,1244.1
22210006554000,1,1,0,0
22210006555000,95,50,45,3591
22210006556000,329,171,158,12633.6
22210006557000,133,71,62,5426.4
22210006558000,42,24,18,1486.8
22210006559000,20,11,9,808
22210006560000,30,18,12,1200
22210006561000,36,21,15,1404
22210006562000,21,13,8,795.9
22210006563000,134,78,56,5654.8
22210006564000,16,8,8,587.2
22210006565000,5,2,3,195
22210006567000,6,3,3,405
22210006568000,20,10,10,844
22210006569000,29,17,12,1189
22210006572000,6,3,3,210
22210006573000,44,25,19,1650
22210006574000,3,2,1,0
22210006575000,26,13,13,1097.2
22210006576000,6,4,2,321
22210006577000,1,1,0,0
22210006583000,87,43,44,3297.3
22210006584000,11,5,6,558.8
22210006586000,5,3,2,154
22210006587000,10,4,6,292
22210006588000,33,21,12,953.7
22210006589000,24,15,9,796.8
22210006590000,21,10,11,848.4
22210006599000,7,4,3,179.9
22210006600000,11,6,5,335.5
22210006601000,4,3,1,0
22210006602000,14,5,9,632.8
22210006603000,2,1,1,0
22210006604000,16,9,7,601.6
22210006605000,37,18,19,1406
22210006606000,76,44,32,2994.4
22210006607000,3,2,1,0
22210006608000,28,16,12,1128.4
22210006609000,367,177,190,14349.7
22210006610000,83,41,42,3801.4
22210006611000,70,37,33,2464
22210006612000,24,12,12,979.2
22210006613000,60,31,29,2232
22210006614000,25,14,11,1265
22210006615000,35,17,18,1305.5
22210006616000,1,1,0,0
22210006617000,4,2,2,0
22210006630000,8,4,4,356.8
22210006631000,34,16,18,1625.2
22210006632000,64,35,29,2323.2
22210006633000,128,70,58,4556.8
22210006634000,1440,713,727,54576
22210006635000,1732,846,886,57675.6
22210006656000,19,8,11,566.2
22210006657000,146,70,76,6394.8
22210006658000,136,61,75,5372
22210006659000,534,254,280,21093
22210006660000,76,41,35,2568.8
22210006661000,18,11,7,745.2
22210006662000,54,27,27,2500.2
22210006663000,45,18,27,1759.5
22210006664000,53,23,30,1929.2
22210006665000,53,25,28,2093.5
22210006666000,28,14,14,848.4
22210006667000,23,10,13,1041.9
22210006684000,9,4,5,296.1
22210006685000,29,14,15,1220.9
22210006686000,17,9,8,668.1
22210006687000,40,21,19,1836
22210006688000,17,5,12,666.4
22210006689000,10,5,5,450
22210006690000,4,1,3,0
22210006722000,1,0,1,0
22210006731000,26,16,10,1401.4
22210006732000,11,5,6,712.8
22210006733000,11,4,7,386.1
22210006734000,2,2,0,0
22210006755000,9,3,6,321.3
22210006756000,32,14,18,1491.2
22210006757000,11,4,7,533.5
22210006770000,1,1,0,0
22210006775000,1,0,1,0
22210006777000,17,7,10,634.1
22210006810000,8,5,3,516
22210006811000,15,9,6,679.5
22210006812000,7,5,2,289.1
22210006827000,1,0,1,0
22210006831000,2,0,2,0
22210006832000,1,1,0,0
22210006837000,4,3,1,0
22210006838000,78,35,43,3003
22210006839000,34,13,21,1978.8
22210006840000,723,343,380,31739.7
22210006841000,213,107,106,9031.2
22210006842000,13,8,5,383.5
22210006844000,4,3,1,0
22210006845000,7,2,5,329.7
22210006846000,29,16,13,1310.8
22210006847000,26,15,11,1177.8
22210006848000,36,19,17,1468.8
22210006854000,1,1,0,0
22210006856000,1,1,0,0
22210006857000,5,3,2,271
22210006907000,3,1,2,0
22210006934000,2,1,1,0
22210006940000,14,9,5,604.8
22210006941000,12,6,6,481.2
22210006942000,8,5,3,480.8
22210006944000,10,4,6,296
22210006945000,3,2,1,0
22210006952000,16,7,9,441.6
22210006954000,67,32,35,2472.3
22210006955000,45,24,21,1975.5
22210006956000,15,8,7,604.5
22210006957000,4,1,3,0
22210006967000,4,2,2,0
22210007008000,2,1,1,0
22210007009000,2,1,1,0
22210007017000,6,2,4,226.2
22210007018000,4,4,0,0
22210007023000,1,1,0,0
22210007035000,10,5,5,414
22210007036000,18,13,5,624.6
22210007049000,12,6,6,466.8
22210007052000,2,1,1,0
22210007053000,5,4,1,201
22210007059000,6,3,3,292.8
22210007070000,7,4,3,357.7
22210007071000,4,2,2,0
22220006553000,17,7,10,822.8
22220006555000,2,2,0,0
22220006556000,42,24,18,1570.8
22220006557000,286,147,139,10353.2
22220006558000,14,10,4,946.4
22220006559000,45,25,20,1377
22220006560000,1,1,0,0
22220006561000,16,8,8,616
22220006562000,16,13,3,726.4
22220006563000,18,9,9,516.6
22220006564000,73,46,27,2737.5
22220006565000,37,15,22,1450.4
22220006566000,5,4,1,167
22220006567000,5,3,2,356
22220006571000,6,4,2,373.2
22220006572000,29,14,15,1157.1
22220006573000,505,254,251,18685
22220006574000,421,210,211,14482.4
22220006575000,108,57,51,4006.8
22220006576000,17,9,8,579.7
22220006579000,5,4,1,270
22220006581000,2,1,1,0
22220006582000,35,16,19,948.5
22220006583000,31,17,14,1360.9
22220006584000,2,1,1,0
22220006586000,7,5,2,277.9
22220006589000,6,3,3,357
22220006590000,319,178,141,12058.2
22220006591000,26,13,13,899.6
22220006592000,15,9,6,679.5
22220006593000,43,19,24,1694.2
22220006594000,13,5,8,626.6
22220006595000,6,3,3,184.8
22220006596000,4,3,1,0
22220006597000,9,4,5,385.2
22220006598000,8,5,3,372
22220006599000,26,16,10,1001
22220006600000,6,5,1,175.2
22220006601000,9,6,3,291.6
22220006602000,71,36,35,2399.8
22220006603000,26,13,13,998.4
22220006604000,36,19,17,1659.6
22220006605000,9,4,5,612
22220006606000,18,9,9,700.2
22220006607000,24,12,12,847.2
22220006608000,33,14,19,1379.4
22220006609000,376,172,204,17220.8
22220006610000,238,118,120,8877.4
22220006611000,38,17,21,1174.2
22220006612000,8,5,3,472
22220006613000,9,5,4,385.2
22220006614000,25,10,15,887.5
22220006615000,9,6,3,381.6
22220006616000,1,0,1,0
22220006630000,11,8,3,360.8
22220006631000,7,4,3,254.1
22220006633000,5,4,1,222
22220006634000,529,265,264,20948.4
22220006635000,1584,775,809,63201.6
22220006657000,4,2,2,0
22220006658000,16,8,8,686.4
22220006659000,21,9,12,1155
22220006660000,19,8,11,961.4
22220006661000,5,2,3,268
22220006662000,44,24,20,1592.8
22220006663000,61,32,29,2488.8
22220006664000,27,14,13,1109.7
22220006665000,26,13,13,1162.2
22220006666000,19,11,8,722
22220006667000,32,16,16,1520
22220006668000,10,4,6,188
22220006669000,4,2,2,0
22220006684000,20,11,9,566
22220006685000,14,6,8,491.4
22220006687000,5,3,2,134
22220006723000,9,3,6,352.8
22220006724000,9,6,3,433.8
22220006730000,4,1,3,0
22220006755000,7,5,2,338.8
22220006756000,30,17,13,1029
22220006757000,5,5,0,208
22220006774000,8,4,4,324
22220006775000,13,5,8,547.3
22220006776000,10,6,4,550
22220006777000,7,3,4,326.9
22220006808000,5,4,1,303
22220006809000,8,4,4,340
22220006812000,6,2,4,235.2
22220006829000,9,4,5,444.6
22220006830000,4,3,1,0
22220006831000,17,10,7,729.3
22220006836000,14,7,7,653.8
22220006837000,50,29,21,2090
22220006838000,30,17,13,1323
22220006839000,170,78,92,7225
22220006840000,472,243,229,16756
22220006841000,16,9,7,734.4
22220006846000,1,1,0,0
22220006908000,2,1,1,0
22220006933000,8,4,4,324
22220006942000,11,7,4,282.7
22220006943000,19,10,9,849.3
22220006944000,30,11,19,1239
22220006945000,20,11,9,766
22220006946000,8,4,4,304.8
22220006947000,8,3,5,228.8
22220006948000,2,1,1,0
22220006952000,23,10,13,795.8
22220006953000,13,7,6,527.8
22220006954000,195,93,102,6630
22220006955000,16,8,8,646.4
22220006971000,5,2,3,318
22220007008000,4,2,2,0
22220007016000,2,1,1,0
22220007017000,4,2,2,0
22220007018000,3,1,2,0
22220007048000,4,2,2,0
22220007049000,11,6,5,490.6
22220007053000,13,9,4,601.9
22220007056000,1,0,1,0
22220007063000,3,2,1,0
22220007064000,2,1,1,0
22220007070000,4,2,2,0
22220007071000,22,12,10,1236.4
22230006552000,46,24,22,2033.2
22230006553000,119,60,59,5378.8
22230006554000,46,24,22,2231
22230006555000,54,31,23,2262.6
22230006556000,74,34,40,3093.2
22230006557000,11,7,4,504.9
22230006558000,25,16,9,1010
22230006559000,17,8,9,763.3
22230006560000,26,18,8,1172.6
22230006561000,67,33,34,3028.4
22230006562000,62,34,28,2542
22230006563000,13,5,8,414.7
22230006564000,291,140,151,11058
22230006565000,356,179,177,13528
22230006566000,35,20,15,1379
22230006567000,31,16,15,1243.1
22230006568000,27,15,12,1266.3
22230006570000,14,7,7,550.2
22230006571000,6,3,3,367.8
22230006572000,33,14,19,1247.4
22230006573000,21,10,11,819
22230006574000,43,20,23,1324.4
22230006575000,12,8,4,339.6
22230006576000,25,14,11,930
22230006579000,13,6,7,461.5
22230006580000,44,22,22,1861.2
22230006581000,4,3,1,0
22230006582000,7,3,4,357.7
22230006583000,63,33,30,2690.1
22230006584000,13,7,6,439.4
22230006585000,2,1,1,0
22230006587000,7,3,4,287.7
22230006589000,21,9,12,672
22230006590000,121,57,64,4694.8
22230006591000,70,38,32,3059
22230006592000,18,12,6,675
22230006593000,12,7,5,607.2
22230006594000,33,18,15,1326.6
22230006595000,20,11,9,848
22230006596000,23,10,13,982.1
22230006597000,123,65,58,4464.9
22230006598000,6,4,2,253.2
22230006599000,14,8,6,842.8
22230006601000,9,5,4,313.2
22230006606000,12,7,5,355.2
22230006607000,55,30,25,2222
22230006608000,38,20,18,1770.8
22230006609000,24,13,11,801.6
22230006610000,17,12,5,511.7
22230006611000,11,4,7,467.5
22230006612000,36,22,14,1216.8
22230006613000,11,5,6,530.2
22230006614000,6,5,1,226.2
22230006615000,2,2,0,0
22230006630000,27,16,11,799.2
22230006631000,37,19,18,1550.3
22230006633000,45,21,24,1822.5
22230006634000,114,59,55,4047
22230006635000,1675,815,860,66832.5
22230006636000,213,103,110,6390
22230006660000,45,22,23,1602
22230006661000,11,6,5,544.5
22230006663000,6,5,1,334.8
22230006664000,19,10,9,813.2
22230006665000,37,21,16,1446.7
22230006666000,45,23,22,1674
22230006667000,27,15,12,1317.6
22230006668000,15,7,8,844.5
22230006669000,20,11,9,640
22230006684000,6,3,3,345
22230006685000,12,9,3,411.6
22230006723000,2,1,1,0
22230006724000,14,7,7,345.8
22230006729000,1,0,1,0
22230006730000,7,4,3,441
22230006754000,19,11,8,634.6
22230006755000,10,6,4,323
22230006756000,45,24,21,1426.5
22230006757000,3,2,1,0
22230006776000,19,8,11,784.7
22230006788000,9,6,3,334.8
22230006809000,7,4,3,406
22230006829000,5,3,2,281
22230006831000,1,1,0,0
22230006835000,2,1,1,0
22230006836000,10,6,4,402
22230006837000,75,45,30,3330
22230006838000,1,0,1,0
22230006839000,149,78,71,6421.9
22230006840000,45,27,18,1687.5
22230006841000,9,3,6,278.1
22230006842000,4,2,2,0
22230006858000,1,1,0,0
22230006907000,5,3,2,174
22230006908000,2,1,1,0
22230006943000,7,5,2,170.1
22230006944000,30,13,17,1101
22230006945000,84,44,40,2965.2
22230006946000,3,1,2,0
22230006947000,27,13,14,1055.7
22230006948000,44,20,24,1707.2
22230006949000,11,6,5,344.3
22230006951000,11,6,5,489.5
22230006952000,9,4,5,345.6
22230006953000,82,43,39,3542.4
22230006954000,11,6,5,324.5
22230006971000,26,15,11,1164.8
22230006972000,8,6,2,270.4
22230007008000,2,1,1,0
22230007049000,4,1,3,0
22230007057000,2,1,1,0
22230007070000,1,0,1,0
22230007071000,19,11,8,887.3
22230007072000,16,8,8,718.4
22230007073000,7,2,5,293.3
22240006553000,3,2,1,0
22240006554000,7,4,3,298.2
22240006555000,14,6,8,446.6
22240006556000,27,15,12,1309.5
22240006557000,104,56,48,4565.6
22240006558000,447,232,215,14974.5
22240006559000,4,1,3,0
22240006560000,2,1,1,0
22240006561000,29,17,12,1110.7
22240006562000,37,22,15,1528.1
22240006563000,390,202,188,14859
22240006564000,2328,1098,1230,86601.6
22240006565000,1279,610,669,49881
22240006566000,1101,559,542,42168.3
22240006567000,40,18,22,1392
22240006568000,62,30,32,2517.2
22240006569000,17,11,6,562.7
22240006570000,6,2,4,346.8
22240006571000,4,3,1,0
22240006572000,11,7,4,463.1
22240006575000,2,1,1,0
22240006576000,11,4,7,440
22240006577000,20,10,10,776
22240006578000,11,9,2,400.4
22240006579000,31,18,13,1320.6
22240006580000,17,11,6,642.6
22240006581000,7,4,3,286.3
22240006582000,24,14,10,792
22240006583000,88,43,45,2851.2
22240006584000,21,10,11,798
22240006585000,300,158,142,9900
22240006586000,14,8,6,561.4
22240006587000,8,3,5,158.4
22240006588000,47,31,16,1964.6
22240006589000,54,24,30,1830.6
22240006590000,9,5,4,335.7
22240006591000,10,5,5,466
22240006592000,7,5,2,203.7
22240006595000,20,8,12,678
22240006596000,16,8,8,694.4
22240006597000,6,3,3,258
22240006598000,13,7,6,646.1
22240006600000,2,1,1,0
22240006601000,3,1,2,0
22240006602000,1,1,0,0
22240006603000,8,4,4,232
22240006604000,2,1,1,0
22240006606000,97,52,45,4335.9
22240006607000,426,213,213,16869.6
22240006609000,11,6,5,533.5
22240006610000,15,9,6,577.5
22240006611000,16,8,8,556.8
22240006612000,4,1,3,0
22240006613000,4,3,1,0
22240006630000,2,1,1,0
22240006631000,102,57,45,4212.6
22240006633000,141,82,59,5809.2
22240006634000,98,61,37,3743.6
22240006635000,770,400,370,27566
22240006661000,46,27,19,1909
22240006662000,26,12,14,967.2
22240006665000,9,4,5,318.6
22240006666000,201,96,105,7416.9
22240006667000,202,96,106,9655.6
22240006668000,12,4,8,370.8
22240006669000,20,11,9,750
22240006673000,1,1,0,0
22240006684000,8,3,5,334.4
22240006685000,40,23,17,1220
22240006711000,3,2,1,0
22240006722000,2,1,1,0
22240006723000,3,3,0,0
22240006724000,16,8,8,712
22240006725000,1,1,0,0
22240006726000,5,2,3,265
22240006728000,2,1,1,0
22240006729000,5,3,2,307
22240006730000,2,1,1,0
22240006752000,3,2,1,0
22240006753000,4,3,1,0
22240006754000,23,13,10,685.4
22240006755000,17,11,6,717.4
22240006756000,14,7,7,326.2
22240006757000,5,2,3,187
22240006758000,2,2,0,0
22240006772000,1,1,0,0
22240006775000,23,11,12,1490.4
22240006776000,1,1,0,0
22240006788000,1,1,0,0
22240006809000,18,8,10,1092.6
22240006810000,9,4,5,304.2
22240006835000,17,10,7,615.4
22240006836000,36,25,11,1742.4
22240006837000,104,52,52,3900
22240006839000,26,13,13,977.6
22240006840000,43,16,27,1823.2
22240006841000,28,19,9,868
22240006842000,1,1,0,0
22240006907000,3,1,2,0
22240006944000,16,10,6,497.6
22240006945000,20,8,12,620
22240006946000,7,3,4,396.9
22240006947000,11,4,7,421.3
22240006948000,21,10,11,926.1
22240006949000,17,9,8,481.1
22240006950000,18,8,10,781.2
22240006951000,9,6,3,259.2
22240006952000,1,0,1,0
22240006953000,37,17,20,1350.5
22240006971000,13,8,5,530.4
22240006972000,29,18,11,1302.1
22240007008000,4,2,2,0
22240007014000,4,2,2,0
22240007015000,10,5,5,490
22240007016000,3,2,1,0
22240007041000,7,5,2,214.2
22240007070000,4,2,2,0
22240007071000,11,6,5,474.1
22240007072000,22,11,11,750.2
22240007073000,6,4,2,202.2
22250006554000,56,32,24,2436
22250006555000,44,27,17,1716
22250006556000,88,53,35,3916
22250006557000,35,17,18,1337
22250006558000,161,80,81,6150.2
22250006559000,734,356,378,29286.6
22250006560000,613,309,304,22926.2
22250006561000,223,115,108,8786.2
22250006562000,516,244,272,19866
22250006563000,765,390,375,28534.5
22250006564000,1359,644,715,56942.1
22250006565000,2386,1155,1231,99019
22250006566000,1072,541,531,39556.8
22250006567000,127,72,55,4432.3
22250006568000,129,68,61,4721.4
22250006569000,7,5,2,273
22250006571000,2,1,1,0
22250006572000,20,10,10,680
22250006573000,7,3,4,366.1
22250006574000,16,11,5,657.6
22250006575000,49,25,24,1749.3
22250006576000,2,1,1,0
22250006577000,38,17,21,1672
22250006578000,29,19,10,1090.4
22250006580000,3,2,1,0
22250006581000,12,8,4,471.6
22250006582000,14,6,8,523.6
22250006583000,489,235,254,21760.5
22250006584000,554,268,286,26038
22250006585000,42,23,19,1482.6
22250006586000,26,12,14,1040
22250006587000,9,4,5,264.6
22250006589000,20,11,9,788
22250006590000,3,2,1,0
22250006591000,37,19,18,1361.6
22250006592000,42,23,19,1717.8
22250006601000,5,3,2,290
22250006602000,5,2,3,201
22250006603000,3,1,2,0
22250006604000,8,6,2,350.4
22250006606000,16,11,5,768
22250006607000,19,11,8,837.9
22250006612000,24,15,9,991.2
22250006616000,3,2,1,0
22250006617000,2,2,0,0
22250006626000,20,11,9,908
22250006627000,4,2,2,0
22250006629000,16,10,6,552
22250006630000,44,22,22,1817.2
22250006631000,110,54,56,4444
22250006633000,238,121,117,9520
22250006634000,1214,596,618,51109.4
22250006635000,555,270,285,21645
22250006662000,24,12,12,1111.2
22250006666000,17,8,9,620.5
22250006667000,43,25,18,1548
22250006668000,34,18,16,1285.2
22250006670000,6,4,2,157.2
22250006672000,16,7,9,884.8
22250006673000,27,13,14,1377
22250006674000,7,4,3,242.9
22250006684000,13,6,7,513.5
22250006685000,82,40,42,3025.8
22250006686000,8,5,3,483.2
22250006687000,2,1,1,0
22250006715000,7,4,3,268.8
22250006723000,9,7,2,289.8
22250006724000,161,75,86,8694
22250006725000,65,34,31,3321.5
22250006726000,30,17,13,1440
22250006727000,5,4,1,273
22250006728000,14,7,7,462
22250006729000,6,4,2,415.8
22250006752000,1,1,0,0
22250006754000,29,16,13,1148.4
22250006755000,14,9,5,519.4
22250006756000,8,3,5,410.4
22250006771000,2,1,1,0
22250006772000,4,3,1,0
22250006774000,12,8,4,529.2
22250006775000,20,11,9,550
22250006808000,8,4,4,359.2
22250006809000,21,12,9,1066.8
22250006810000,4,2,2,0
22250006836000,57,29,28,2422.5
22250006837000,24,10,14,1101.6
22250006838000,14,7,7,593.6
22250006839000,11,7,4,422.4
22250006840000,3,1,2,0
22250006841000,3,1,2,0
22250006905000,2,1,1,0
22250006906000,5,3,2,130
22250006947000,10,5,5,412
22250006948000,15,8,7,634.5
22250006949000,32,19,13,1212.8
22250006950000,18,9,9,833.4
22250006951000,51,28,23,2009.4
22250006952000,79,38,41,3365.4
22250006953000,57,32,25,2337
22250006972000,1,1,0,0
22250006973000,22,12,10,1003.2
22250007008000,7,3,4,336.7
22250007015000,9,5,4,407.7
22250007017000,11,5,6,434.5
22250007041000,142,72,70,6787.6
22250007042000,14,8,6,558.6
22250007048000,6,4,2,247.8
22250007049000,1,0,1,0
22250007051000,4,3,1,0
22250007055000,1,1,0,0
22250007059000,9,4,5,461.7
22250007070000,5,3,2,190
22250007086000,3,2,1,0
22250007087000,7,4,3,254.1
22250007089000,3,2,1,0
22260006554000,136,76,60,5263.2
22260006555000,29,17,12,1423.9
22260006557000,4,1,3,0
22260006558000,6,3,3,390
22260006559000,88,48,40,3863.2
22260006560000,859,438,421,33586.9
22260006561000,896,455,441,35571.2
22260006562000,1103,510,593,56694.2
22260006563000,824,403,421,32218.4
22260006564000,3783,1737,2046,186501.9
22260006565000,1507,735,772,62088.4
22260006566000,2152,1049,1103,81776
22260006567000,549,281,268,19983.6
22260006568000,531,264,267,18000.9
22260006569000,349,188,161,11098.2
22260006570000,90,49,41,3195
22260006571000,10,5,5,242
22260006572000,5,3,2,134
22260006574000,23,13,10,972.9
22260006575000,34,16,18,1217.2
22260006576000,1,0,1,0
22260006577000,1,1,0,0
22260006578000,18,9,9,592.2
22260006579000,14,8,6,508.2
22260006580000,13,7,6,460.2
22260006581000,21,15,6,1001.7
22260006582000,26,13,13,936
22260006583000,485,255,230,16684
22260006584000,73,38,35,2847
22260006585000,18,8,10,669.6
22260006589000,3,1,2,0
22260006590000,30,17,13,987
22260006591000,17,12,5,574.6
22260006592000,45,22,23,1539
22260006598000,6,3,3,292.2
22260006599000,15,7,8,604.5
22260006600000,1,1,0,0
22260006601000,2,1,1,0
22260006602000,11,4,7,665.5
22260006603000,14,7,7,666.4
22260006604000,18,13,5,705.6
22260006605000,17,8,9,666.4
22260006606000,66,36,30,2745.6
22260006607000,6,5,1,246
22260006608000,14,6,8,333.2
22260006609000,18,10,8,829.8
22260006610000,25,14,11,905
22260006611000,7,3,4,268.8
22260006612000,19,12,7,609.9
22260006616000,21,11,10,1008
22260006617000,18,11,7,874.8
22260006626000,36,20,16,1490.4
22260006627000,40,21,19,1652
22260006629000,397,193,204,14490.5
22260006630000,1418,686,732,51473.4
22260006631000,1390,678,712,46982
22260006632000,56,28,28,1904
22260006633000,1535,700,835,72298.5
22260006634000,3141,1453,1688,136319.4
22260006635000,245,118,127,13426
22260006641000,10,3,7,341
22260006662000,10,6,4,515
22260006663000,8,5,3,331.2
22260006667000,1,0,1,0
22260006668000,12,8,4,554.4
22260006669000,31,17,14,1292.7
22260006670000,122,65,57,4684.8
22260006671000,173,83,90,6245.3
22260006672000,98,51,47,3528
22260006673000,53,26,27,2040.5
22260006674000,3,2,1,0
22260006684000,22,10,12,756.8
22260006685000,44,23,21,1878.8
22260006711000,3,3,0,0
22260006712000,10,5,5,447
22260006713000,9,4,5,372.6
22260006714000,6,4,2,307.2
22260006723000,8,4,4,348.8
22260006724000,8,2,6,344
22260006725000,11,7,4,389.4
22260006726000,8,5,3,318.4
22260006727000,6,2,4,304.8
22260006754000,40,18,22,1780
22260006755000,45,25,20,1498.5
22260006756000,1,1,0,0
22260006757000,1,0,1,0
22260006758000,2,1,1,0
22260006767000,11,5,6,583
22260006772000,10,4,6,364
22260006773000,12,4,8,624
22260006774000,10,5,5,486
22260006775000,3,2,1,0
22260006783000,6,5,1,274.8
22260006807000,1,1,0,0
22260006808000,32,20,12,1747.2
22260006835000,5,3,2,259
22260006836000,68,33,35,2652
22260006837000,47,25,22,1974
22260006838000,9,4,5,345.6
22260006906000,4,2,2,0
22260006949000,28,14,14,1078
22260006950000,593,305,288,20755
22260006951000,1038,506,532,44634
22260006952000,254,120,134,9804.4
22260006953000,4,3,1,0
22260006973000,22,10,12,785.4
22260007007000,6,3,3,247.8
22260007008000,19,9,10,853.1
22260007015000,10,5,5,548
22260007016000,3,2,1,0
22260007019000,5,2,3,144
22260007020000,10,5,5,454
22260007021000,3,2,1,0
22260007023000,3,2,1,0
22260007041000,23,15,8,1005.1
22260007042000,1,0,1,0
22260007043000,2,1,1,0
22260007049000,2,1,1,0
22260007051000,1,0,1,0
22260007060000,5,3,2,196
22260007087000,1,1,0,0
22270006560000,217,112,105,9135.7
22270006561000,477,221,256,19270.8
22270006562000,1492,724,768,59530.8
22270006563000,1366,689,677,59967.4
22270006564000,1733,874,859,73305.9
22270006565000,1186,586,600,46254
22270006566000,843,419,424,33888.6
22270006567000,19,7,12,775.2
22270006568000,18,9,9,541.8
22270006569000,27,14,13,1088.1
22270006570000,98,56,42,3498.6
22270006571000,239,121,118,8054.3
22270006572000,65,30,35,2522
22270006573000,18,11,7,858.6
22270006575000,36,19,17,1594.8
22270006576000,31,14,17,1261.7
22270006577000,47,25,22,2129.1
22270006578000,27,16,11,1117.8
22270006579000,91,50,41,2866.5
22270006580000,13,8,5,453.7
22270006581000,64,36,28,2144
22270006582000,57,29,28,2086.2
22270006583000,142,68,74,4572.4
22270006584000,2,1,1,0
22270006588000,4,3,1,0
22270006589000,5,3,2,161
22270006590000,1,0,1,0
22270006591000,11,5,6,602.8
22270006592000,24,9,15,866.4
22270006593000,65,35,30,2294.5
22270006594000,13,9,4,487.5
22270006595000,3,2,1,0
22270006596000,2,1,1,0
22270006597000,30,13,17,1092
22270006598000,106,58,48,3529.8
22270006599000,16,8,8,830.4
22270006600000,34,19,15,1227.4
22270006601000,21,10,11,861
22270006602000,64,33,31,2432
22270006603000,21,12,9,705.6
22270006604000,28,15,13,1145.2
22270006605000,44,24,20,1768.8
22270006606000,146,75,71,5445.8
22270006607000,20,10,10,924
22270006608000,15,9,6,567
22270006609000,2,1,1,0
22270006610000,2,1,1,0
22270006611000,3,2,1,0
22270006614000,5,3,2,288
22270006615000,25,15,10,1077.5
22270006616000,13,7,6,499.2
22270006617000,11,4,7,403.7
22270006618000,3,2,1,0
22270006625000,6,2,4,171
22270006626000,4,2,2,0
22270006627000,179,93,86,6229.2
22270006628000,1631,813,818,55943.3
22270006629000,1241,565,676,56217.3
22270006630000,2149,1064,1085,81017.3
22270006631000,1201,607,594,44917.4
22270006632000,965,453,512,34933
22270006633000,1516,755,761,54424.4
22270006634000,3400,1583,1817,147560
22270006635000,46,20,26,2700.2
22270006662000,2,0,2,0
22270006663000,18,9,9,1009.8
22270006669000,29,15,14,1403.6
22270006670000,332,174,158,11387.6
22270006671000,221,116,105,9768.2
22270006672000,27,12,15,982.8
22270006673000,13,7,6,590.2
22270006674000,8,5,3,447.2
22270006684000,29,17,12,1328.2
22270006685000,13,6,7,464.1
22270006701000,6,3,3,235.8
22270006703000,11,5,6,221.1
22270006704000,3,2,1,0
22270006705000,3,2,1,0
22270006706000,2,1,1,0
22270006707000,4,2,2,0
22270006708000,46,27,19,1596.2
22270006710000,5,3,2,291
22270006711000,23,13,10,1177.6
22270006712000,12,7,5,433.2
22270006755000,21,11,10,938.7
22270006756000,27,11,16,912.6
22270006757000,8,2,6,252
22270006758000,1,1,0,0
22270006767000,43,26,17,1771.6
22270006772000,3,1,2,0
22270006773000,22,7,15,919.6
22270006774000,3,2,1,0
22270006806000,2,1,1,0
22270006835000,30,16,14,1206
22270006836000,41,22,19,1722
22270006837000,226,116,110,8927
22270006838000,92,48,44,3615.6
22270006905000,1,0,1,0
22270006906000,21,13,8,1110.9
22270006907000,4,3,1,0
22270006950000,11,5,6,411.4
22270006951000,795,378,417,34980
22270006952000,689,325,364,32865.3
22270006973000,2,1,1,0
22270006974000,8,4,4,331.2
22270007004000,16,9,7,560
22270007005000,36,13,23,1638
22270007006000,34,17,17,1383.8
22270007007000,310,156,154,13578
22270007008000,25,14,11,1112.5
22270007009000,25,12,13,777.5
22270007010000,8,4,4,264
22270007015000,3,2,1,0
22270007016000,5,3,2,145
22270007017000,9,4,5,315
22270007018000,32,20,12,1184
22270007019000,18,9,9,801
22270007020000,1,0,1,0
22270007021000,11,7,4,478.5
22270007022000,6,2,4,261
22270007026000,2,1,1,0
22270007027000,8,3,5,344
22270007041000,5,3,2,117
22270007042000,3,2,1,0
22270007043000,22,11,11,794.2
22270007059000,3,2,1,0
22270007062000,8,5,3,494.4
22280006556000,9,4,5,451.8
22280006557000,80,41,39,3688
22280006558000,36,15,21,1886.4
22280006559000,129,70,59,5650.2
22280006560000,581,303,278,21787.5
22280006561000,157,77,80,6594
22280006562000,886,438,448,34111
22280006563000,1355,668,687,52845
22280006564000,1323,662,661,52258.5
22280006565000,517,260,257,18715.4
22280006566000,523,254,269,19246.4
22280006567000,36,22,14,1317.6
22280006569000,50,24,26,1735
22280006570000,21,14,7,894.6
22280006572000,85,50,35,3102.5
22280006573000,46,28,18,1679
22280006574000,15,10,5,505.5
22280006576000,6,3,3,136.2
22280006577000,3,2,1,0
22280006578000,3,2,1,0
22280006579000,43,24,19,1818.9
22280006580000,13,6,7,491.4
22280006581000,12,6,6,339.6
22280006582000,23,10,13,931.5
22280006583000,9,4,5,381.6
22280006585000,9,4,5,182.7
22280006587000,8,3,5,282.4
22280006588000,39,18,21,1415.7
22280006589000,11,4,7,390.5
22280006590000,8,6,2,343.2
22280006592000,27,16,11,891
22280006593000,11,6,5,653.4
22280006594000,8,4,4,234.4
22280006595000,144,73,71,6048
22280006596000,103,51,52,2832.5
22280006597000,21,10,11,684.6
22280006598000,29,15,14,820.7
22280006599000,21,12,9,1024.8
22280006600000,32,17,15,928
22280006601000,30,18,12,1023
22280006602000,6,4,2,249
22280006604000,5,3,2,123
22280006605000,64,32,32,2220.8
22280006606000,157,83,74,4615.8
22280006607000,1,1,0,0
22280006613000,83,43,40,3104.2
22280006614000,24,14,10,960
22280006615000,129,68,61,5018.1
22280006616000,36,18,18,1422
22280006617000,13,8,5,635.7
22280006618000,7,3,4,294
22280006625000,5,1,4,209
22280006626000,22,13,9,770
22280006627000,32,20,12,1363.2
22280006628000,63,36,27,2110.5
22280006629000,419,204,215,14874.5
22280006630000,180,81,99,6498
22280006631000,291,154,137,9457.5
22280006632000,1337,704,633,46928.7
22280006633000,2607,1283,1324,97501.8
22280006634000,1038,528,510,39028.8
22280006635000,1,1,0,0
22280006643000,9,6,3,357.3
22280006662000,4,3,1,0
22280006663000,26,13,13,1393.6
22280006670000,13,7,6,595.4
22280006671000,188,92,96,7933.6
22280006672000,191,100,91,7697.3
22280006683000,14,7,7,639.8
22280006684000,113,63,50,4418.3
22280006685000,20,13,7,756
22280006698000,2,1,1,0
22280006700000,11,4,7,460.9
22280006701000,7,4,3,273.7
22280006702000,1,1,0,0
22280006704000,19,13,6,908.2
22280006705000,24,11,13,1140
22280006706000,5,3,2,285
22280006708000,9,5,4,496.8
22280006709000,6,3,3,283.2
22280006710000,6,3,3,211.2
22280006712000,1,1,0,0
22280006713000,5,3,2,315
22280006714000,7,3,4,181.3
22280006753000,3,2,1,0
22280006754000,4,4,0,0
22280006755000,41,25,16,2152.5
22280006756000,65,36,29,2717
22280006757000,29,17,12,1244.1
22280006758000,15,10,5,513
22280006765000,1,1,0,0
22280006766000,24,11,13,1027.2
22280006767000,40,22,18,1756
22280006768000,3,2,1,0
22280006772000,8,3,5,366.4
22280006773000,35,16,19,1501.5
22280006775000,9,4,5,287.1
22280006776000,1,1,0,0
22280006778000,2,1,1,0
22280006805000,5,4,1,168
22280006806000,9,5,4,446.4
22280006835000,53,26,27,1950.4
22280006836000,25,10,15,792.5
22280006837000,182,99,83,6115.2
22280006905000,2,1,1,0
22280006906000,8,6,2,390.4
22280006907000,6,3,3,231
22280006908000,10,6,4,542
22280006951000,251,127,124,9111.3
22280006952000,521,255,266,20371.1
22280006953000,5,3,2,277
22280007003000,19,10,9,758.1
22280007004000,11,8,3,498.3
22280007005000,35,14,21,1508.5
22280007006000,18,8,10,694.8
22280007007000,15,7,8,580.5
22280007009000,28,12,16,837.2
22280007010000,71,35,36,3280.2
22280007011000,19,8,11,796.1
22280007017000,11,6,5,486.2
22280007018000,26,14,12,936
22280007019000,20,10,10,666
22280007021000,11,7,4,457.6
22280007023000,10,5,5,394
22280007024000,6,3,3,337.2
22280007027000,6,3,3,280.2
22280007036000,4,2,2,0
22280007037000,14,8,6,523.6
22280007041000,5,1,4,107
22280007043000,16,11,5,622.4
22280007062000,2,1,1,0
22280007063000,2,1,1,0
22280007068000,99,46,53,4692.6
22290006557000,2,0,2,0
22290006558000,13,6,7,773.5
22290006559000,43,20,23,2051.1
22290006560000,10,4,6,316
22290006561000,2,1,1,0
22290006562000,25,14,11,1010
22290006563000,994,486,508,35287
22290006564000,955,462,493,35430.5
22290006565000,177,81,96,7380.9
22290006566000,36,18,18,1490.4
22290006567000,69,40,29,2953.2
22290006568000,97,55,42,3967.3
22290006569000,17,8,9,637.5
22290006572000,18,11,7,689.4
22290006573000,41,19,22,1373.5
22290006574000,72,43,29,2469.6
22290006575000,26,14,12,1151.8
22290006576000,1,0,1,0
22290006577000,2,1,1,0
22290006578000,27,14,13,1169.1
22290006579000,59,23,36,1917.5
22290006580000,474,239,235,15357.6
22290006581000,73,41,32,2168.1
22290006582000,88,47,41,3000.8
22290006583000,13,7,6,546
22290006584000,25,18,7,805
22290006585000,1,1,0,0
22290006587000,12,6,6,468
22290006588000,172,85,87,6123.2
22290006589000,102,53,49,3916.8
22290006590000,118,54,64,4212.6
22290006591000,54,26,28,2392.2
22290006592000,44,21,23,1742.4
22290006593000,11,5,6,403.7
22290006594000,25,14,11,867.5
22290006595000,38,27,11,1527.6
22290006596000,125,67,58,5150
22290006597000,16,10,6,766.4
22290006598000,25,12,13,907.5
22290006599000,29,13,16,852.6
22290006605000,37,18,19,1535.5
22290006606000,118,52,66,4649.2
22290006607000,3,2,1,0
22290006612000,6,4,2,238.8
22290006613000,22,11,11,600.6
22290006614000,466,210,256,23719.4
22290006615000,613,260,353,31998.6
22290006616000,389,201,188,12331.3
22290006617000,110,53,57,4103
22290006618000,105,55,50,3843
22290006619000,53,23,30,1844.4
22290006620000,2,2,0,0
22290006621000,17,9,8,688.5
22290006622000,81,41,40,3183.3
22290006623000,39,22,17,1427.4
22290006624000,7,5,2,226.1
22290006625000,15,8,7,493.5
22290006626000,42,25,17,1533
22290006627000,11,5,6,544.5
22290006631000,1998,988,1010,70529.4
22290006632000,1684,865,819,60455.6
22290006633000,2668,1277,1391,119526.4
22290006634000,506,263,243,20037.6
22290006637000,4,2,2,0
22290006643000,5,2,3,297
22290006644000,3,2,1,0
22290006662000,17,8,9,697
22290006671000,5,2,3,306
22290006672000,6,4,2,217.8
22290006673000,18,9,9,972
22290006674000,5,3,2,218
22290006683000,36,18,18,1278
22290006684000,43,23,20,1973.7
22290006685000,18,9,9,797.4
22290006686000,1,1,0,0
22290006697000,8,3,5,458.4
22290006698000,4,2,2,0
22290006699000,16,7,9,684.8
22290006700000,18,9,9,639
22290006701000,113,63,50,4689.5
22290006702000,2,2,0,0
22290006703000,4,4,0,0
22290006704000,3,2,1,0
22290006706000,7,3,4,298.9
22290006707000,8,3,5,380.8
22290006710000,6,3,3,334.2
22290006711000,2,1,1,0
22290006714000,8,3,5,371.2
22290006715000,24,14,10,1003.2
22290006716000,13,7,6,780
22290006717000,8,4,4,504
22290006753000,9,5,4,341.1
22290006754000,28,14,14,1128.4
22290006755000,49,25,24,1724.8
22290006756000,37,18,19,1387.5
22290006757000,25,13,12,1260
22290006758000,8,2,6,331.2
22290006766000,58,33,25,2627.4
22290006767000,11,8,3,431.2
22290006768000,20,8,12,736
22290006769000,2,1,1,0
22290006773000,23,11,12,782
22290006774000,31,16,15,1453.9
22290006775000,1,1,0,0
22290006805000,7,4,3,382.9
22290006806000,1,1,0,0
22290006819000,4,2,2,0
22290006834000,11,7,4,314.6
22290006835000,10,4,6,416
22290006836000,14,10,4,590.8
22290006837000,54,29,25,2100.6
22290006838000,18,9,9,964.8
22290006839000,4,2,2,0
22290006903000,5,2,3,331
22290006904000,15,8,7,741
22290006905000,25,16,9,1180
22290006906000,10,6,4,462
22290006952000,49,26,23,1504.3
22290006953000,47,20,27,2241.9
22290006954000,2,1,1,0
22290007003000,32,15,17,1366.4
22290007004000,6,5,1,175.8
22290007006000,7,5,2,384.3
22290007008000,3,1,2,0
22290007010000,4,1,3,0
22290007011000,15,10,5,610.5
22290007012000,11,5,6,372.9
22290007019000,14,9,5,498.4
22290007023000,6,2,4,277.2
22290007024000,4,2,2,0
22290007025000,7,5,2,203
22290007027000,6,3,3,193.8
22290007028000,27,16,11,888.3
22290007029000,6,3,3,304.2
22290007030000,4,2,2,0
22290007037000,7,4,3,315
22290007038000,5,3,2,143
22290007040000,7,3,4,331.1
22290007043000,2,1,1,0
22290007062000,2,1,1,0
22290007063000,7,2,5,357.7
22290007068000,59,29,30,2637.3
22290007069000,2,1,1,0
22300006557000,8,6,2,350.4
22300006558000,23,12,11,943
22300006559000,26,16,10,1006.2
22300006560000,36,19,17,1342.8
22300006561000,40,26,14,1544
22300006562000,22,8,14,858
22300006563000,118,67,51,4708.2
22300006564000,278,147,131,10925.4
22300006565000,391,199,192,15679.1
22300006566000,142,68,74,6091.8
22300006567000,5,3,2,131
22300006568000,12,7,5,535.2
22300006569000,23,14,9,1009.7
22300006570000,20,10,10,676
22300006572000,50,27,23,2055
22300006573000,61,34,27,2507.1
22300006574000,718,363,355,29007.2
22300006575000,209,117,92,7419.5
22300006576000,32,20,12,1248
22300006577000,28,16,12,926.8
22300006578000,13,8,5,591.5
22300006579000,12,7,5,445.2
22300006580000,44,25,19,1447.6
22300006581000,40,22,18,1656
22300006582000,18,10,8,822.6
22300006583000,2,1,1,0
22300006584000,14,6,8,606.2
22300006585000,32,23,9,1091.2
22300006586000,11,6,5,618.2
22300006587000,76,37,39,2599.2
22300006588000,39,24,15,1380.6
22300006589000,76,35,41,2903.2
22300006590000,569,263,306,24068.7
22300006591000,88,40,48,3933.6
22300006592000,113,57,56,4294
22300006593000,29,13,16,942.5
22300006594000,7,4,3,329.7
22300006595000,27,13,14,1185.3
22300006596000,33,20,13,1392.6
22300006597000,26,14,12,972.4
22300006598000,16,9,7,684.8
22300006599000,13,7,6,627.9
22300006600000,24,12,12,878.4
22300006601000,21,12,9,722.4
22300006602000,18,10,8,642.6
22300006603000,15,11,4,406.5
22300006604000,11,7,4,485.1
22300006605000,89,50,39,3221.8
22300006606000,70,37,33,3108
22300006611000,124,68,56,4724.4
22300006612000,41,20,21,1750.7
22300006613000,27,15,12,1144.8
22300006614000,241,119,122,8386.8
22300006615000,361,189,172,12671.1
22300006616000,60,35,25,2262
22300006617000,15,4,11,661.5
22300006618000,115,60,55,4519.5
22300006619000,330,165,165,11517
22300006620000,171,79,92,5865.3
22300006621000,218,109,109,7586.4
22300006622000,208,111,97,8091.2
22300006623000,74,38,36,2493.8
22300006624000,23,11,12,717.6
22300006625000,44,25,19,1575.2
22300006626000,34,18,16,1356.6
22300006627000,64,36,28,2432
22300006629000,367,192,175,13725.8
22300006630000,1954,1003,951,79723.2
22300006631000,2797,1421,1376,107404.8
22300006632000,3693,1840,1853,168031.5
22300006633000,615,301,314,23616
22300006635000,4,1,3,0
22300006636000,33,18,15,1257.3
22300006637000,16,11,5,761.6
22300006638000,23,10,13,736
22300006639000,25,13,12,1105
22300006640000,153,76,77,4788.9
22300006641000,259,118,141,11396
22300006642000,14,6,8,589.4
22300006643000,6,3,3,354
22300006644000,9,4,5,291.6
22300006645000,7,4,3,156.1
22300006652000,2,1,1,0
22300006662000,14,7,7,526.4
22300006674000,26,16,10,982.8
22300006675000,45,23,22,2106
22300006676000,5,3,2,236
22300006683000,53,29,24,2125.3
22300006684000,27,15,12,961.2
22300006696000,2,1,1,0
22300006697000,28,14,14,957.6
22300006698000,12,6,6,423.6
22300006699000,9,5,4,363.6
22300006700000,6,4,2,144
22300006708000,10,4,6,437
22300006709000,16,11,5,737.6
22300006710000,1,0,1,0
22300006716000,2,1,1,0
22300006718000,8,4,4,496.8
22300006753000,28,16,12,882
22300006754000,38,19,19,1440.2
22300006755000,36,19,17,1288.8
22300006756000,15,8,7,580.5
22300006757000,18,8,10,822.6
22300006758000,9,3,6,296.1
22300006759000,4,2,2,0
22300006760000,3,2,1,0
22300006761000,5,3,2,141
22300006764000,14,6,8,435.4
22300006765000,8,5,3,368
22300006766000,34,16,18,1149.2
22300006768000,10,6,4,447
22300006769000,16,8,8,692.8
22300006772000,4,3,1,0
22300006773000,83,43,40,3652
22300006774000,40,23,17,2072
22300006775000,5,3,2,223
22300006805000,51,23,28,2233.8
22300006806000,6,3,3,265.8
22300006833000,8,7,1,308.8
22300006834000,26,9,17,1003.6
22300006835000,41,26,15,1849.1
22300006836000,180,77,103,10440
22300006837000,38,22,16,1907.6
22300006838000,9,4,5,433.8
22300006839000,1,1,0,0
22300006840000,6,5,1,286.8
22300006901000,3,2,1,0
22300006902000,18,9,9,741.6
22300006903000,3,1,2,0
22300006904000,21,11,10,1113
22300006905000,6,3,3,169.8
22300006906000,15,10,5,550.5
22300006907000,1,1,0,0
22300006952000,13,6,7,375.7
22300006953000,31,13,18,1224.5
22300006954000,27,14,13,1350
22300007002000,9,4,5,230.4
22300007011000,7,4,3,200.2
22300007012000,1,1,0,0
22300007013000,10,5,5,576
22300007014000,16,8,8,766.4
22300007019000,21,12,9,795.9
22300007021000,22,12,10,627
22300007023000,1,1,0,0
22300007028000,5,1,4,241
22300007029000,15,10,5,756
22300007040000,9,4,5,435.6
22300007043000,6,3,3,163.8
22300007057000,6,3,3,277.8
22300007058000,2,1,1,0
22300007059000,1,1,0,0
22300007060000,2,1,1,0
22300007061000,1,0,1,0
22300007063000,1,0,1,0
22300007064000,9,4,5,485.1
22300007069000,40,19,21,1868
22300007070000,6,3,3,247.2
22300007076000,2,1,1,0
22310006560000,7,3,4,357
22310006561000,9,3,6,539.1
22310006564000,17,8,9,552.5
22310006565000,304,160,144,11217.6
22310006566000,67,35,32,3169.1
22310006567000,44,22,22,1738
22310006568000,29,16,13,1351.4
22310006569000,14,7,7,431.2
22310006570000,28,16,12,1094.8
22310006571000,43,22,21,1513.6
22310006572000,17,8,9,763.3
22310006573000,183,83,100,7338.3
22310006574000,1114,502,612,48570.4
22310006575000,18,11,7,687.6
22310006576000,217,120,97,7334.6
22310006577000,2,1,1,0
22310006578000,27,11,16,1069.2
22310006579000,16,9,7,552
22310006580000,33,20,13,1359.6
22310006581000,26,12,14,1151.8
22310006582000,29,14,15,783
22310006583000,9,6,3,411.3
22310006584000,12,6,6,328.8
22310006585000,122,66,56,4672.6
22310006586000,60,31,29,2622
22310006587000,18,11,7,698.4
22310006588000,9,5,4,293.4
22310006589000,55,31,24,2029.5
22310006590000,931,464,467,31467.8
22310006591000,307,147,160,15841.2
22310006592000,15,7,8,631.5
22310006593000,7,3,4,405.3
22310006594000,8,5,3,320.8
22310006595000,44,28,16,1544.4
22310006596000,121,50,71,6509.8
22310006597000,89,47,42,2848
22310006598000,90,46,44,3150
22310006599000,44,25,19,1606
22310006600000,35,21,14,1599.5
22310006601000,31,17,14,1140.8
22310006602000,27,13,14,958.5
22310006603000,43,22,21,1952.2
22310006604000,588,304,284,22990.8
22310006605000,880,460,420,35552
22310006606000,105,49,56,4473
22310006609000,12,7,5,613.2
22310006610000,59,34,25,2324.6
22310006611000,8,5,3,474.4
22310006613000,221,117,104,8420.1
22310006614000,750,357,393,29700
22310006615000,103,45,58,3419.6
22310006616000,61,27,34,1945.9
22310006617000,116,59,57,4234
22310006618000,14,9,5,630
22310006619000,40,25,15,1504
22310006620000,184,96,88,7304.8
22310006621000,278,143,135,10508.4
22310006622000,48,28,20,1876.8
22310006623000,32,17,15,1081.6
22310006624000,24,11,13,840
22310006625000,35,22,13,1358
22310006626000,105,53,52,3706.5
22310006627000,57,27,30,2228.7
22310006628000,203,93,110,7308
22310006629000,4172,2004,2168,146020
22310006630000,3009,1547,1462,110129.4
22310006631000,889,499,390,30048.2
22310006632000,3545,1762,1783,152080.5
22310006633000,1189,555,634,52434.9
22310006634000,516,266,250,16305.6
22310006635000,153,78,75,4926.6
22310006636000,42,25,17,1659
22310006637000,45,25,20,1566
22310006638000,37,18,19,1409.7
22310006639000,95,51,44,3942.5
22310006640000,180,86,94,7488
22310006641000,97,44,53,4141.9
22310006642000,29,14,15,1142.6
22310006643000,10,6,4,333
22310006644000,69,36,33,2794.5
22310006645000,59,29,30,2153.5
22310006646000,35,18,17,1225
22310006661000,4,3,1,0
22310006666000,1,1,0,0
22310006667000,23,11,12,887.8
22310006668000,149,82,67,6243.1
22310006669000,259,130,129,9816.1
22310006670000,158,83,75,6541.2
22310006671000,6,3,3,360
22310006675000,39,19,20,1595.1
22310006676000,156,78,78,6489.6
22310006682000,18,11,7,738
22310006683000,37,23,14,1494.8
22310006688000,22,11,11,1040.6
22310006689000,16,9,7,617.6
22310006690000,21,10,11,936.6
22310006691000,11,7,4,511.5
22310006692000,9,4,5,332.1
22310006696000,19,9,10,742.9
22310006697000,36,17,19,1742.4
22310006752000,5,2,3,193
22310006753000,67,32,35,3082
22310006754000,123,54,69,5362.8
22310006755000,464,195,269,24035.2
22310006756000,20,11,9,1322
22310006757000,22,14,8,1091.2
22310006758000,1,1,0,0
22310006759000,3,2,1,0
22310006760000,2,1,1,0
22310006761000,21,11,10,1064.7
22310006762000,5,3,2,114
22310006763000,11,6,5,456.5
22310006764000,38,18,20,1968.4
22310006765000,26,11,15,1196
22310006766000,3,3,0,0
22310006772000,14,8,6,376.6
22310006773000,26,13,13,1099.8
22310006774000,7,3,4,354.2
22310006775000,7,3,4,266.7
22310006776000,2,1,1,0
22310006804000,2,1,1,0
22310006805000,13,6,7,621.4
22310006807000,1,1,0,0
22310006830000,5,1,4,154
22310006831000,10,6,4,467
22310006832000,26,14,12,1151.8
22310006833000,6,3,3,189
22310006834000,305,149,156,12779.5
22310006835000,238,111,127,10376.8
22310006836000,44,22,22,2204.4
22310006837000,37,21,16,1646.5
22310006838000,10,6,4,316
22310006839000,28,15,13,1052.8
22310006840000,8,5,3,311.2
22310006901000,6,4,2,256.8
22310006902000,3,2,1,0
22310006903000,14,7,7,474.6
22310006904000,29,16,13,1542.8
22310006906000,1,1,0,0
22310006951000,5,3,2,143
22310006952000,9,5,4,334.8
22310006953000,1,1,0,0
22310006954000,33,18,15,1333.2
22310006955000,5,3,2,247
22310006980000,6,4,2,88.8
22310006993000,2,1,1,0
22310007000000,20,13,7,914
22310007001000,5,3,2,154
22310007002000,41,21,20,1713.8
22310007003000,5,2,3,146
22310007008000,15,9,6,628.5
22310007010000,16,8,8,440
22310007011000,310,182,128,11563
22310007014000,9,5,4,416.7
22310007018000,3,1,2,0
22310007019000,4,2,2,0
22310007022000,14,9,5,385
22310007023000,9,5,4,242.1
22310007028000,15,8,7,679.5
22310007029000,9,5,4,429.3
22310007030000,5,4,1,297
22310007031000,2,1,1,0
22310007043000,6,4,2,334.8
22310007058000,1,1,0,0
22310007064000,3,2,1,0
22310007065000,3,1,2,0
22310007069000,23,11,12,867.1
22310007070000,64,41,23,2502.4
22310007071000,19,7,12,832.2
22310007076000,7,3,4,251.3
22310007077000,16,9,7,636.8
22320006563000,13,5,8,686.4
22320006564000,52,27,25,1887.6
22320006565000,15,10,5,760.5
22320006566000,4,2,2,0
22320006567000,10,7,3,406
22320006568000,16,7,9,627.2
22320006569000,55,28,27,2255
22320006570000,115,61,54,4013.5
22320006571000,28,20,8,1061.2
22320006572000,132,67,65,4897.2
22320006573000,414,195,219,18671.4
22320006574000,502,229,273,24949.4
22320006575000,181,81,100,6678.9
22320006576000,39,14,25,1493.7
22320006577000,50,25,25,1270
22320006578000,99,57,42,3445.2
22320006579000,248,121,127,7489.6
22320006580000,40,23,17,1796
22320006581000,52,29,23,2090.4
22320006582000,7,2,5,217
22320006583000,11,5,6,546.7
22320006584000,61,38,23,1976.4
22320006585000,35,19,16,1074.5
22320006586000,21,12,9,915.6
22320006587000,62,31,31,2554.4
22320006588000,54,25,29,2424.6
22320006589000,75,37,38,2227.5
22320006590000,18,10,8,783
22320006591000,42,27,15,1465.8
22320006592000,25,10,15,775
22320006593000,18,11,7,783
22320006594000,5,2,3,243
22320006595000,696,336,360,26448
22320006596000,187,99,88,7797.9
22320006597000,182,94,88,6388.2
22320006598000,20,11,9,644
22320006599000,19,11,8,729.6
22320006600000,33,19,14,1560.9
22320006601000,29,16,13,1142.6
22320006602000,9,5,4,315.9
22320006603000,39,18,21,1684.8
22320006604000,220,107,113,8932
22320006605000,123,57,66,4305
22320006606000,11,5,6,389.4
22320006607000,60,30,30,1416
22320006608000,14,7,7,617.4
22320006611000,35,14,21,1624
22320006612000,452,232,220,17718.4
22320006613000,486,231,255,17058.6
22320006614000,6,3,3,432
22320006615000,2,1,1,0
22320006616000,2,2,0,0
22320006618000,16,8,8,553.6
22320006619000,12,7,5,453.6
22320006620000,24,12,12,808.8
22320006621000,56,31,25,2268
22320006622000,5,2,3,190
22320006623000,48,27,21,1819.2
22320006624000,787,399,388,27308.9
22320006625000,315,158,157,10899
22320006626000,100,60,40,3950
22320006627000,380,199,181,11932
22320006628000,135,80,55,4212
22320006630000,2339,1179,1160,95899
22320006631000,32,21,11,1510.4
22320006632000,419,202,217,13743.2
22320006633000,1277,622,655,49036.8
22320006634000,323,160,163,11692.6
22320006635000,249,131,118,9636.3
22320006636000,383,194,189,14247.6
22320006637000,1020,520,500,35088
22320006638000,86,46,40,3139
22320006639000,84,45,39,3754.8
22320006640000,45,22,23,1840.5
22320006641000,24,16,8,835.2
22320006642000,55,29,26,2365
22320006643000,146,75,71,5022.4
22320006644000,168,93,75,5695.2
22320006645000,302,154,148,11506.2
22320006646000,295,153,142,11003.5
22320006660000,1,1,0,0
22320006667000,52,27,25,2527.2
22320006668000,73,37,36,3139
22320006669000,99,50,49,3821.4
22320006670000,60,29,31,2358
22320006671000,27,12,15,1206.9
22320006672000,4,2,2,0
22320006674000,1,0,1,0
22320006676000,52,29,23,1996.8
22320006677000,40,22,18,1544
22320006678000,34,20,14,1285.2
22320006679000,25,12,13,910
22320006680000,21,12,9,894.6
22320006681000,17,10,7,783.7
22320006682000,12,7,5,454.8
22320006683000,37,17,20,1480
22320006686000,19,9,10,894.9
22320006687000,38,19,19,1352.8
22320006688000,24,13,11,1243.2
22320006689000,4,2,2,0
22320006690000,4,2,2,0
22320006691000,18,9,9,831.6
22320006692000,40,22,18,1116
22320006693000,54,29,25,1911.6
22320006694000,13,9,4,657.8
22320006695000,17,8,9,834.7
22320006696000,27,13,14,1185.3
22320006697000,16,10,6,598.4
22320006718000,1,0,1,0
22320006721000,5,2,3,207
22320006750000,1,1,0,0
22320006752000,23,12,11,1037.3
22320006753000,202,100,102,9029.4
22320006754000,940,446,494,40514
22320006755000,310,136,174,14415
22320006756000,32,12,20,1305.6
22320006757000,3,2,1,0
22320006760000,21,12,9,682.5
22320006761000,15,9,6,732
22320006762000,4,3,1,0
22320006763000,5,3,2,186
22320006764000,33,17,16,1346.4
22320006768000,6,2,4,207
22320006769000,11,5,6,547.8
22320006770000,5,2,3,187
22320006771000,35,16,19,1221.5
22320006772000,13,6,7,682.5
22320006776000,10,5,5,318
22320006802000,12,7,5,682.8
22320006803000,30,18,12,1482
22320006804000,17,8,9,768.4
22320006824000,2,1,1,0
22320006829000,2,1,1,0
22320006830000,1,1,0,0
22320006831000,40,21,19,1632
22320006832000,39,19,20,2180.1
22320006833000,32,14,18,1136
22320006834000,78,37,41,3439.8
22320006835000,48,19,29,2155.2
22320006836000,41,21,20,1668.7
22320006837000,3,2,1,0
22320006901000,19,12,7,843.6
22320006902000,10,6,4,488
22320006903000,14,9,5,376.6
22320006904000,1,1,0,0
22320006952000,1,1,0,0
22320006954000,6,4,2,136.8
22320006955000,46,22,24,1945.8
22320006956000,24,12,12,660
22320006987000,3,2,1,0
22320006988000,4,1,3,0
22320006993000,7,4,3,431.2
22320006994000,17,10,7,885.7
22320006995000,2,1,1,0
22320006996000,10,6,4,516
22320006997000,21,9,12,991.2
22320006998000,19,10,9,1012.7
22320006999000,33,16,17,1313.4
22320007000000,27,17,10,1039.5
22320007001000,165,77,88,7408.5
22320007002000,296,141,155,13142.4
22320007005000,6,3,3,162
22320007006000,80,43,37,2888
22320007007000,91,46,45,3922.1
22320007008000,180,92,88,8028
22320007009000,140,67,73,6580
22320007010000,86,45,41,3259.4
22320007011000,3,2,1,0
22320007014000,10,4,6,486
22320007024000,17,9,8,829.6
22320007026000,4,1,3,0
22320007027000,3,1,2,0
22320007028000,5,1,4,95
22320007029000,14,9,5,392
22320007030000,4,2,2,0
22320007033000,2,1,1,0
22320007063000,6,1,5,351
22320007064000,2,1,1,0
22320007065000,8,2,6,451.2
22320007071000,22,14,8,981.2
22320007072000,37,21,16,1635.4
22320007073000,31,16,15,1360.9
22320007074000,10,5,5,513
22320007077000,62,29,33,2287.8
22320007082000,16,11,5,772.8
22320007083000,8,4,4,432.8
22330006565000,3,1,2,0
22330006566000,37,19,18,1742.7
22330006567000,12,5,7,649.2
22330006568000,3,1,2,0
22330006569000,37,20,17,1531.8
22330006571000,346,177,169,13736.2
22330006572000,229,111,118,8633.3
22330006573000,340,177,163,12410
22330006574000,599,310,289,23361
22330006575000,198,105,93,6494.4
22330006577000,6,3,3,106.8
22330006579000,406,215,191,14900.2
22330006580000,702,365,337,26395.2
22330006581000,21,14,7,821.1
22330006582000,16,8,8,830.4
22330006583000,45,21,24,1705.5
22330006585000,4,3,1,0
22330006586000,72,36,36,2894.4
22330006587000,256,138,118,9856
22330006589000,2,1,1,0
22330006590000,37,19,18,1098.9
22330006591000,27,12,15,742.5
22330006592000,38,22,16,1318.6
22330006593000,75,34,41,2535
22330006594000,16,10,6,646.4
22330006595000,23,11,12,943
22330006596000,178,82,96,5927.4
22330006597000,33,18,15,1465.2
22330006598000,23,13,10,807.3
22330006599000,42,21,21,1902.6
22330006600000,11,6,5,500.5
22330006601000,38,19,19,1520
22330006602000,8,6,2,263.2
22330006603000,261,139,122,9317.7
22330006604000,670,326,344,30619
22330006605000,381,185,196,15316.2
22330006606000,886,422,464,34288.2
22330006607000,71,38,33,2811.6
22330006608000,4,2,2,0
22330006610000,42,26,16,1545.6
22330006611000,398,194,204,13532
22330006612000,71,35,36,2399.8
22330006613000,17,11,6,741.2
22330006621000,7,5,2,343
22330006622000,7,4,3,310.8
22330006623000,5,2,3,119
22330006624000,25,15,10,1040
22330006625000,49,26,23,2278.5
22330006626000,25,11,14,1255
22330006627000,550,276,274,16335
22330006628000,1408,716,692,55756.8
22330006629000,1543,751,792,60485.6
22330006630000,435,217,218,15529.5
22330006633000,805,394,411,28819
22330006634000,328,186,142,12529.6
22330006635000,225,124,101,8212.5
22330006636000,294,158,136,12377.4
22330006637000,1073,513,560,48928.8
22330006638000,105,57,48,3643.5
22330006639000,65,36,29,2281.5
22330006640000,98,48,50,3694.6
22330006641000,18,10,8,693
22330006642000,52,27,25,2028
22330006643000,1,0,1,0
22330006644000,72,35,37,2980.8
22330006645000,43,24,19,1264.2
22330006646000,44,22,22,1707.2
22330006647000,56,29,27,2318.4
22330006648000,111,60,51,3973.8
22330006649000,66,31,35,2732.4
22330006660000,5,3,2,146
22330006667000,27,14,13,772.2
22330006668000,52,25,27,2178.8
22330006669000,164,79,85,7330.8
22330006670000,57,25,32,2559.3
22330006671000,53,22,31,2247.2
22330006672000,31,16,15,1255.5
22330006673000,6,1,5,208.2
22330006674000,13,6,7,391.3
22330006675000,28,14,14,1582
22330006676000,40,20,20,1468
22330006677000,79,40,39,3404.9
22330006678000,10,5,5,329
22330006680000,147,80,67,5821.2
22330006681000,892,421,471,41032
22330006682000,676,323,353,22848.8
22330006684000,3,1,2,0
22330006685000,43,19,24,1672.7
22330006686000,4,3,1,0
22330006688000,3,1,2,0
22330006689000,44,23,21,1729.2
22330006690000,104,56,48,4139.2
22330006691000,481,237,244,20105.8
22330006692000,49,29,20,1754.2
22330006693000,26,12,14,1323.4
22330006694000,23,14,9,1007.4
22330006695000,23,14,9,1060.3
22330006696000,49,27,22,1969.8
22330006750000,47,25,22,1781.3
22330006751000,17,8,9,872.1
22330006752000,16,9,7,790.4
22330006753000,222,109,113,7703.4
22330006754000,614,300,314,25726.6
22330006755000,73,35,38,2963.8
22330006756000,33,16,17,1425.6
22330006757000,11,8,3,352
22330006761000,6,4,2,262.2
22330006762000,5,3,2,165
22330006764000,41,23,18,1758.9
22330006765000,31,15,16,1178
22330006766000,10,4,6,476
22330006767000,36,17,19,1569.6
22330006768000,14,10,4,820.4
22330006769000,2,1,1,0
22330006770000,3,1,2,0
22330006771000,2,1,1,0
22330006772000,6,3,3,391.2
22330006773000,2,1,1,0
22330006776000,3,2,1,0
22330006801000,2,1,1,0
22330006802000,6,2,4,195
22330006803000,20,10,10,924
22330006825000,1,1,0,0
22330006830000,2,1,1,0
22330006831000,18,10,8,739.8
22330006832000,130,62,68,6058
22330006833000,132,65,67,5359.2
22330006834000,39,18,21,1645.8
22330006835000,26,11,15,1417
22330006836000,9,5,4,162.9
22330006900000,6,5,1,123
22330006954000,1,1,0,0
22330006955000,2,1,1,0
22330006956000,7,4,3,340.9
22330006987000,19,9,10,969
22330006988000,5,2,3,265
22330006993000,4,2,2,0
22330006994000,96,47,49,4454.4
22330006995000,111,63,48,4673.1
22330006996000,10,4,6,432
22330006997000,9,5,4,426.6
22330006998000,24,10,14,895.2
22330006999000,13,8,5,434.2
22330007000000,66,33,33,2686.2
22330007001000,135,53,82,8275.5
22330007002000,6,2,4,225
22330007006000,10,3,7,302
22330007008000,6,3,3,240
22330007009000,16,8,8,748.8
22330007010000,235,113,122,9893.5
22330007011000,251,119,132,9889.4
22330007012000,109,60,49,4011.2
22330007013000,23,12,11,920
22330007014000,5,3,2,339
22330007015000,2,1,1,0
22330007018000,7,4,3,322.7
22330007026000,26,14,12,949
22330007027000,8,6,2,278.4
22330007063000,25,15,10,885
22330007064000,1,1,0,0
22330007065000,10,5,5,582
22330007072000,36,21,15,1483.2
22330007073000,15,4,11,583.5
22330007074000,4,1,3,0
22330007077000,346,179,167,15673.8
22330007082000,27,15,12,1252.8
22330007083000,23,11,12,1331.7
22330007084000,7,3,4,205.8
22340006565000,3,2,1,0
22340006566000,51,28,23,2142
22340006567000,46,18,28,2185
22340006572000,26,12,14,1097.2
22340006573000,136,73,63,5698.4
22340006574000,198,102,96,5682.6
22340006575000,144,75,69,4881.6
22340006576000,135,65,70,4833
22340006577000,58,36,22,2169.2
22340006578000,29,16,13,928
22340006579000,54,23,31,1830.6
22340006580000,405,207,198,17091
22340006581000,289,149,140,10086.1
22340006582000,15,10,5,622.5
22340006583000,13,7,6,572
22340006584000,12,6,6,518.4
22340006585000,30,16,14,1242
22340006586000,46,26,20,1343.2
22340006587000,29,16,13,855.5
22340006588000,19,9,10,670.7
22340006590000,3,1,2,0
22340006591000,13,7,6,439.4
22340006592000,2,2,0,0
22340006593000,18,9,9,694.8
22340006594000,14,7,7,530.6
22340006595000,14,8,6,435.4
22340006596000,10,4,6,492
22340006597000,17,9,8,827.9
22340006598000,12,7,5,381.6
22340006599000,15,7,8,655.5
22340006600000,7,2,5,305.9
22340006601000,14,10,4,652.4
22340006602000,500,254,246,20400
22340006603000,1831,906,925,76169.6
22340006604000,1025,480,545,50122.5
22340006605000,143,63,80,6635.2
22340006609000,18,11,7,894.6
22340006610000,30,17,13,1230
22340006611000,11,7,4,530.2
22340006613000,3,1,2,0
22340006627000,146,73,73,4949.4
22340006628000,51,30,21,1932.9
22340006632000,103,55,48,3677.1
22340006633000,147,79,68,5336.1
22340006634000,51,32,19,2203.2
22340006635000,26,13,13,964.6
22340006636000,79,44,35,2907.2
22340006637000,540,298,242,19710
22340006638000,522,253,269,22654.8
22340006639000,1683,813,870,70517.7
22340006640000,973,472,501,41839
22340006641000,123,71,52,5252.1
22340006642000,95,51,44,3382
22340006643000,100,55,45,3840
22340006644000,37,21,16,1683.5
22340006645000,27,13,14,1042.2
22340006646000,10,3,7,315
22340006647000,57,29,28,1966.5
22340006648000,11,5,6,588.5
22340006649000,40,21,19,1328
22340006650000,67,40,27,2251.2
22340006658000,1,1,0,0
22340006659000,10,9,1,440
22340006669000,9,5,4,387
22340006670000,106,59,47,4123.4
22340006671000,93,46,47,3552.6
22340006672000,78,43,35,2948.4
22340006673000,19,17,2,687.8
22340006674000,31,16,15,1314.4
22340006675000,19,8,11,760
22340006676000,17,9,8,761.6
22340006677000,32,16,16,1401.6
22340006678000,4,3,1,0
22340006679000,11,7,4,567.6
22340006680000,477,232,245,20606.4
22340006681000,454,205,249,19022.6
22340006682000,1,1,0,0
22340006684000,2,1,1,0
22340006685000,11,5,6,401.5
22340006686000,46,25,21,2097.6
22340006687000,86,41,45,3999
22340006688000,25,13,12,955
22340006689000,4,2,2,0
22340006690000,2,1,1,0
22340006691000,213,102,111,8200.5
22340006692000,108,52,56,3283.2
22340006693000,7,4,3,249.9
22340006695000,6,4,2,244.8
22340006696000,21,9,12,842.1
22340006719000,2,1,1,0
22340006749000,41,21,20,1361.2
22340006750000,103,49,54,4027.3
22340006751000,21,12,9,552.3
22340006752000,22,8,14,893.2
22340006753000,2,1,1,0
22340006754000,4,2,2,0
22340006755000,17,9,8,778.6
22340006756000,7,4,3,357
22340006769000,16,10,6,616
22340006771000,30,15,15,1620
22340006772000,34,17,17,1475.6
22340006774000,3,2,1,0
22340006775000,43,21,22,1952.2
22340006776000,3,2,1,0
22340006794000,1,1,0,0
22340006798000,8,5,3,410.4
22340006799000,15,8,7,781.5
22340006800000,8,6,2,460
22340006801000,6,4,2,289.2
22340006831000,26,11,15,985.4
22340006832000,58,30,28,2030
22340006833000,8,6,2,315.2
22340006834000,16,8,8,646.4
22340006835000,10,5,5,327
22340006841000,20,12,8,790
22340006842000,11,5,6,568.7
22340006843000,23,17,6,816.5
22340006844000,2,2,0,0
22340006845000,17,10,7,637.5
22340006846000,4,1,3,0
22340006847000,9,5,4,376.2
22340006901000,4,2,2,0
22340006954000,5,2,3,107
22340006956000,4,2,2,0
22340006958000,4,2,2,0
22340006986000,7,2,5,347.9
22340006987000,17,8,9,1011.5
22340006988000,13,6,7,486.2
22340006989000,17,11,6,652.8
22340006990000,8,5,3,395.2
22340006991000,9,5,4,272.7
22340006993000,6,3,3,448.2
22340006994000,84,39,45,3301.2
22340006995000,126,66,60,5569.2
22340006996000,19,11,8,746.7
22340006997000,8,3,5,548.8
22340006998000,13,7,6,478.4
22340007013000,17,6,11,668.1
22340007014000,16,9,7,729.6
22340007015000,38,22,16,1637.8
22340007018000,18,10,8,732.6
22340007026000,4,1,3,0
22340007027000,8,5,3,415.2
22340007028000,11,9,2,247.5
22340007063000,14,5,9,516.6
22340007064000,8,3,5,454.4
22340007065000,89,43,46,3818.1
22340007072000,16,8,8,582.4
22340007075000,12,7,5,350.4
22340007076000,58,27,31,2412.8
22340007077000,103,47,56,3399
22340007081000,20,11,9,988
22340007083000,5,2,3,84
22340007084000,22,14,8,816.2
22340007085000,2,1,1,0
22350006560000,3,2,1,0
22350006561000,9,5,4,412.2
22350006562000,71,35,36,3294.4
22350006563000,65,33,32,2717
22350006567000,12,5,7,673.2
22350006568000,109,59,50,5079.4
22350006569000,96,45,51,3734.4
22350006570000,121,66,55,4936.8
22350006571000,138,68,70,5202.6
22350006572000,21,13,8,848.4
22350006573000,2,1,1,0
22350006574000,186,104,82,4836
22350006575000,53,24,29,1791.4
22350006576000,347,173,174,12596.1
22350006577000,826,415,411,27753.6
22350006578000,667,332,335,25145.9
22350006579000,1087,554,533,42066.9
22350006580000,37,19,18,1413.4
22350006581000,213,117,96,7774.5
22350006582000,129,62,67,4437.6
22350006583000,67,33,34,2860.9
22350006585000,15,7,8,619.5
22350006587000,6,4,2,177
22350006588000,34,20,14,975.8
22350006589000,14,8,6,576.8
22350006590000,198,107,91,6157.8
22350006591000,24,14,10,1111.2
22350006592000,56,31,25,2352
22350006593000,26,12,14,1058.2
22350006594000,14,9,5,686
22350006595000,31,16,15,933.1
22350006596000,23,13,10,959.1
22350006597000,12,7,5,393.6
22350006598000,38,23,15,1759.4
22350006599000,59,32,27,1929.3
22350006600000,13,9,4,513.5
22350006601000,132,64,68,4501.2
22350006602000,478,230,248,19693.6
22350006603000,588,281,307,25284
22350006608000,2,1,1,0
22350006609000,64,36,28,2579.2
22350006610000,13,6,7,644.8
22350006611000,1,1,0,0
22350006626000,61,34,27,2720.6
22350006627000,33,20,13,1260.6
22350006630000,64,29,35,3193.6
22350006631000,71,33,38,4167.7
22350006632000,341,160,181,12378.3
22350006633000,730,359,371,31463
22350006634000,402,214,188,16964.4
22350006635000,504,264,240,20361.6
22350006636000,139,69,70,5115.2
22350006637000,331,173,158,13438.6
22350006639000,8,8,0,338.4
22350006640000,1198,621,577,45404.2
22350006641000,1348,658,690,49741.2
22350006642000,5,4,1,336
22350006643000,45,25,20,1503
22350006644000,26,14,12,943.8
22350006645000,30,17,13,1533
22350006646000,18,16,2,828
22350006647000,10,9,1,357
22350006648000,53,25,28,1966.3
22350006649000,88,46,42,3634.4
22350006650000,338,174,164,11999
22350006652000,23,13,10,706.1
22350006653000,70,31,39,2667
22350006654000,10,7,3,324
22350006658000,3,1,2,0
22350006666000,10,6,4,490
22350006668000,7,3,4,373.8
22350006669000,5,2,3,269
22350006670000,17,10,7,899.3
22350006671000,23,9,14,892.4
22350006673000,249,129,120,7445.1
22350006674000,240,130,110,7872
22350006675000,29,16,13,1116.5
22350006677000,138,67,71,4733.4
22350006678000,381,174,207,14478
22350006679000,863,399,464,33311.8
22350006680000,467,245,222,18213
22350006681000,161,78,83,5731.6
22350006682000,191,97,94,6876
22350006683000,8,7,1,380
22350006684000,16,9,7,718.4
22350006685000,156,85,71,5787.6
22350006686000,34,19,15,1118.6
22350006692000,4,1,3,0
22350006693000,3,2,1,0
22350006748000,13,7,6,543.4
22350006749000,62,34,28,2647.4
22350006750000,16,10,6,641.6
22350006751000,23,12,11,834.9
22350006752000,4,2,2,0
22350006754000,2,1,1,0
22350006764000,3,1,2,0
22350006765000,18,7,11,581.4
22350006766000,21,12,9,552.3
22350006767000,32,16,16,1097.6
22350006768000,86,43,43,4308.6
22350006769000,64,31,33,3059.2
22350006770000,13,6,7,470.6
22350006772000,22,10,12,1038.4
22350006774000,17,9,8,877.2
22350006775000,10,6,4,250
22350006797000,7,4,3,263.9
22350006798000,34,19,15,1567.4
22350006799000,61,32,29,2403.4
22350006800000,15,8,7,796.5
22350006831000,10,6,4,316
22350006832000,53,28,25,2088.2
22350006834000,6,4,2,246
22350006835000,13,6,7,491.4
22350006840000,22,10,12,789.8
22350006841000,7,4,3,287
22350006899000,19,13,6,872.1
22350006900000,11,4,7,485.1
22350006955000,2,0,2,0
22350006956000,1,0,1,0
22350006958000,1,1,0,0
22350006985000,1,1,0,0
22350006986000,22,13,9,1012
22350006987000,2,1,1,0
22350006988000,4,3,1,0
22350006989000,3,2,1,0
22350006990000,6,1,5,187.8
22350006991000,11,7,4,438.9
22350006992000,22,15,7,937.2
22350006993000,3,2,1,0
22350006994000,63,30,33,2211.3
22350006995000,3,1,2,0
22350007005000,2,1,1,0
22350007008000,5,3,2,193
22350007014000,47,26,21,1743.7
22350007015000,238,119,119,9091.6
22350007016000,30,11,19,906
22350007017000,4,3,1,0
22350007018000,35,18,17,1344
22350007023000,9,4,5,343.8
22350007024000,26,15,11,1045.2
22350007026000,1,1,0,0
22350007027000,24,10,14,1056
22350007028000,8,5,3,259.2
22350007029000,19,11,8,494
22350007064000,32,18,14,1443.2
22350007065000,26,14,12,1058.2
22350007071000,16,9,7,576
22350007072000,551,275,276,18513.6
22350007073000,296,138,158,14504
22350007074000,130,64,66,5525
22350007075000,26,15,11,795.6
22350007076000,59,33,26,2566.5
22350007077000,24,13,11,1104
22350007078000,7,3,4,301.7
22350007081000,20,11,9,930
22350007085000,12,5,7,651.6
22350007087000,17,17,0,661.3
22360006555000,7,5,2,209.3
22360006556000,74,35,39,3270.8
22360006557000,202,101,101,8564.8
22360006558000,26,13,13,1172.6
22360006559000,7,3,4,380.8
22360006560000,117,60,57,4212
22360006561000,545,253,292,24743
22360006562000,847,409,438,36844.5
22360006563000,60,35,25,2472
22360006564000,59,35,24,2513.4
22360006565000,62,35,27,2250.6
22360006566000,138,70,68,6389.4
22360006567000,175,91,84,7577.5
22360006568000,124,61,63,6026.4
22360006569000,203,103,100,8871.1
22360006570000,78,39,39,2948.4
22360006571000,251,122,129,8257.9
22360006572000,108,56,52,4071.6
22360006573000,29,15,14,1107.8
22360006574000,29,14,15,1244.1
22360006575000,329,158,171,16779
22360006576000,120,60,60,5112
22360006577000,283,138,145,12763.3
22360006578000,256,133,123,10188.8
22360006579000,95,46,49,3116
22360006580000,7,4,3,109.2
22360006581000,2,1,1,0
22360006582000,14,9,5,504
22360006583000,21,11,10,779.1
22360006584000,25,10,15,932.5
22360006586000,26,16,10,785.2
22360006587000,25,10,15,975
22360006588000,18,10,8,507.6
22360006589000,98,50,48,2851.8
22360006590000,98,54,44,4351.2
22360006591000,77,36,41,2810.5
22360006592000,58,34,24,2146
22360006593000,6,3,3,378
22360006594000,43,20,23,1500.7
22360006595000,25,16,9,1057.5
22360006596000,14,7,7,470.4
22360006597000,25,15,10,962.5
22360006598000,6,4,2,277.2
22360006599000,29,19,10,1154.2
22360006600000,42,20,22,1864.8
22360006601000,63,34,29,2891.7
22360006606000,34,13,21,1128.8
22360006607000,189,87,102,7938
22360006608000,39,19,20,1489.8
22360006609000,52,26,26,2225.6
22360006610000,4,1,3,0
22360006611000,4,3,1,0
22360006612000,4,2,2,0
22360006625000,7,5,2,212.8
22360006626000,35,22,13,1354.5
22360006629000,88,41,47,4030.4
22360006630000,562,283,279,23435.4
22360006631000,166,89,77,7785.4
22360006632000,171,86,85,5814
22360006633000,3,2,1,0
22360006639000,73,39,34,3394.5
22360006640000,80,33,47,3256
22360006641000,104,55,49,3868.8
22360006642000,5,4,1,150
22360006645000,6,4,2,184.2
22360006646000,13,7,6,655.2
22360006647000,20,10,10,802
22360006648000,281,143,138,10874.7
22360006649000,215,101,114,8428
22360006650000,22,13,9,693
22360006651000,11,6,5,334.4
22360006652000,16,8,8,433.6
22360006653000,14,8,6,582.4
22360006654000,57,29,28,2280
22360006655000,12,8,4,403.2
22360006656000,18,9,9,853.2
22360006660000,28,11,17,1229.2
22360006661000,73,39,34,3336.1
22360006662000,38,21,17,1622.6
22360006663000,39,19,20,1630.2
22360006664000,35,17,18,1361.5
22360006665000,57,30,27,2593.5
22360006668000,10,4,6,506
22360006669000,164,78,86,5986
22360006670000,88,39,49,3484.8
22360006671000,16,9,7,846.4
22360006672000,19,12,7,739.1
22360006674000,29,10,19,1426.8
22360006675000,3,1,2,0
22360006676000,26,9,17,834.6
22360006677000,611,308,303,22790.3
22360006678000,763,370,393,35784.7
22360006679000,1614,835,779,70531.8
22360006680000,1388,702,686,59128.8
22360006681000,554,249,305,25761
22360006682000,118,56,62,4189
22360006683000,48,26,22,2361.6
22360006684000,38,19,19,1151.4
22360006685000,3,1,2,0
22360006686000,46,26,20,1945.8
22360006687000,1,1,0,0
22360006719000,2,1,1,0
22360006720000,4,2,2,0
22360006721000,1,1,0,0
22360006749000,22,12,10,673.2
22360006750000,79,44,35,3096.8
22360006754000,8,3,5,295.2
22360006755000,4,2,2,0
22360006756000,4,2,2,0
22360006764000,3,1,2,0
22360006765000,25,12,13,875
22360006766000,38,16,22,1390.8
22360006767000,47,24,23,1522.8
22360006768000,22,11,11,820.6
22360006769000,3,1,2,0
22360006772000,7,4,3,273
22360006794000,8,4,4,306.4
22360006796000,2,2,0,0
22360006797000,14,7,7,306.6
22360006798000,13,7,6,366.6
22360006800000,8,3,5,399.2
22360006807000,1,0,1,0
22360006810000,4,3,1,0
22360006832000,5,4,1,302
22360006833000,36,20,16,1850.4
22360006834000,59,30,29,2377.7
22360006835000,7,5,2,301.7
22360006837000,3,2,1,0
22360006838000,2,1,1,0
22360006839000,11,4,7,458.7
22360006840000,6,4,2,357
22360006843000,2,1,1,0
22360006851000,2,1,1,0
22360006892000,17,8,9,732.7
22360006895000,2,1,1,0
22360006899000,4,2,2,0
22360006900000,28,16,12,1296.4
22360006954000,1,1,0,0
22360006957000,1,1,0,0
22360006958000,19,10,9,718.2
22360006979000,2,1,1,0
22360006980000,9,6,3,296.1
22360006981000,4,2,2,0
22360006982000,2,2,0,0
22360006983000,5,2,3,203
22360006984000,16,8,8,812.8
22360006985000,35,19,16,1330
22360006986000,2,1,1,0
22360006991000,4,3,1,0
22360006992000,6,3,3,220.2
22360006993000,1,0,1,0
22360007007000,2,1,1,0
22360007013000,22,11,11,726
22360007014000,61,31,30,2177.7
22360007015000,29,15,14,1160
22360007016000,40,21,19,1472
22360007017000,44,24,20,1680.8
22360007018000,181,97,84,7131.4
22360007020000,33,14,19,927.3
22360007021000,22,13,9,732.6
22360007022000,23,12,11,892.4
22360007023000,24,12,12,679.2
22360007024000,36,19,17,1461.6
22360007025000,8,6,2,336
22360007026000,19,11,8,877.8
22360007027000,37,18,19,1620.6
22360007029000,4,2,2,0
22360007048000,6,4,2,307.2
22360007064000,19,11,8,879.7
22360007065000,24,14,10,847.2
22360007066000,3,2,1,0
22360007072000,539,246,293,21506.1
22360007073000,419,213,206,17723.7
22360007074000,52,28,24,2189.2
22360007075000,47,23,24,1753.1
22360007076000,25,16,9,1025
22360007077000,45,25,20,1588.5
22360007078000,35,16,19,1480.5
22360007081000,4,2,2,0
22360007085000,19,10,9,813.2
22360007086000,8,4,4,264.8
22360007088000,12,5,7,489.6
22370006556000,10,4,6,513
22370006557000,14,10,4,499.8
22370006558000,33,21,12,1336.5
22370006559000,1,1,0,0
22370006560000,105,48,57,4231.5
22370006561000,407,208,199,16564.9
22370006562000,274,137,137,9891.4
22370006563000,90,48,42,3690
22370006564000,322,163,159,12976.6
22370006565000,145,66,79,6162.5
22370006566000,69,33,36,2780.7
22370006567000,152,76,76,6323.2
22370006568000,94,45,49,4032.6
22370006569000,141,69,72,4892.7
22370006570000,119,60,59,4176.9
22370006571000,192,100,92,7142.4
22370006572000,67,41,26,2465.6
22370006573000,176,90,86,7092.8
22370006574000,287,126,161,12197.5
22370006575000,1067,460,607,51536.1
22370006576000,1894,945,949,72919
22370006577000,605,310,295,23292.5
22370006578000,1131,581,550,47275.8
22370006579000,38,20,18,2086.2
22370006580000,25,13,12,800
22370006581000,26,12,14,980.2
22370006582000,2,1,1,0
22370006583000,1,1,0,0
22370006584000,627,325,302,22258.5
22370006585000,29,15,14,1244.1
22370006586000,16,9,7,659.2
22370006587000,2,1,1,0
22370006588000,16,8,8,659.2
22370006589000,25,20,5,1000
22370006590000,35,17,18,1291.5
22370006591000,22,14,8,774.4
22370006592000,8,5,3,394.4
22370006593000,19,11,8,754.3
22370006594000,26,13,13,699.4
22370006595000,33,19,14,1178.1
22370006596000,193,87,106,7102.4
22370006597000,26,13,13,829.4
22370006598000,27,15,12,1174.5
22370006599000,3,2,1,0
22370006606000,9,5,4,474.3
22370006607000,9,4,5,403.2
22370006608000,52,29,23,1950
22370006609000,37,18,19,1572.5
22370006625000,220,111,109,7656
22370006626000,69,38,31,3091.2
22370006628000,4,2,2,0
22370006629000,3,3,0,0
22370006630000,852,415,437,29990.4
22370006631000,555,288,267,19591.5
22370006632000,402,201,201,18894
22370006633000,13,6,7,665.6
22370006639000,378,199,179,14515.2
22370006640000,704,345,359,20486.4
22370006641000,163,92,71,5509.4
22370006642000,26,14,12,1045.2
22370006643000,2,1,1,0
22370006647000,32,17,15,1296
22370006648000,54,28,26,2079
22370006649000,131,65,66,5043.5
22370006651000,2,1,1,0
22370006652000,10,7,3,339
22370006653000,22,14,8,919.6
22370006654000,6,3,3,310.2
22370006655000,11,5,6,414.7
22370006659000,2,1,1,0
22370006660000,51,25,26,2024.7
22370006666000,231,123,108,8015.7
22370006667000,19,9,10,796.1
22370006668000,45,21,24,1840.5
22370006669000,475,211,264,22705
22370006670000,432,215,217,17582.4
22370006671000,99,45,54,4445.1
22370006672000,18,6,12,583.2
22370006673000,73,44,29,3124.4
22370006674000,86,47,39,3741
22370006675000,217,107,110,8766.8
22370006676000,62,33,29,2641.2
22370006677000,132,64,68,5372.4
22370006678000,481,239,242,18855.2
22370006679000,1411,672,739,63495
22370006680000,1958,911,1047,86739.4
22370006681000,601,304,297,22717.8
22370006682000,95,46,49,2783.5
22370006683000,87,42,45,4089
22370006684000,99,53,46,3346.2
22370006685000,162,82,80,6820.2
22370006686000,11,3,8,562.1
22370006690000,1,1,0,0
22370006718000,29,12,17,1296.3
22370006719000,11,7,4,673.2
22370006748000,15,7,8,487.5
22370006749000,7,5,2,198.8
22370006750000,96,44,52,3436.8
22370006754000,27,13,14,855.9
22370006755000,11,7,4,574.2
22370006756000,16,8,8,761.6
22370006764000,31,16,15,1233.8
22370006765000,62,31,31,2523.4
22370006767000,4,3,1,0
22370006772000,7,3,4,286.3
22370006793000,3,0,3,0
22370006794000,29,17,12,1560.2
22370006795000,20,9,11,568
22370006796000,27,14,13,1166.4
22370006797000,2,0,2,0
22370006803000,6,3,3,285
22370006810000,21,11,10,760.2
22370006831000,1,0,1,0
22370006832000,2,1,1,0
22370006833000,16,14,2,673.6
22370006834000,35,18,17,1617
22370006835000,5,3,2,123
22370006836000,17,9,8,664.7
22370006837000,8,5,3,254.4
22370006838000,33,17,16,1227.6
22370006839000,22,10,12,961.4
22370006885000,15,9,6,526.5
22370006892000,1,1,0,0
22370006895000,12,7,5,357.6
22370006896000,5,2,3,222
22370006897000,2,1,1,0
22370006899000,9,7,2,338.4
22370006900000,3,2,1,0
22370006957000,47,24,23,1480.5
22370006958000,33,16,17,1395.9
22370006959000,3,2,1,0
22370006965000,2,1,1,0
22370006979000,52,28,24,2402.4
22370006980000,41,20,21,1410.4
22370006981000,17,9,8,916.3
22370006982000,95,44,51,4531.5
22370006983000,57,32,25,2359.8
22370006984000,6,3,3,225
22370007015000,16,10,6,491.2
22370007016000,5,4,1,152
22370007018000,162,83,79,5362.2
22370007019000,70,37,33,2618
22370007020000,69,35,34,2139
22370007021000,40,24,16,1520
22370007022000,15,7,8,706.5
22370007023000,34,18,16,1145.8
22370007024000,72,35,37,2937.6
22370007025000,66,29,37,2659.8
22370007026000,19,10,9,744.8
22370007027000,38,20,18,1413.6
22370007030000,6,2,4,175.8
22370007048000,4,2,2,0
22370007049000,10,3,7,286
22370007051000,3,1,2,0
22370007064000,22,11,11,829.4
22370007065000,30,16,14,1137
22370007067000,16,10,6,587.2
22370007074000,3,1,2,0
22370007075000,55,26,29,1732.5
22370007076000,28,12,16,1346.8
22370007077000,162,82,80,6253.2
22370007078000,82,37,45,3050.4
22370007079000,15,8,7,700.5
22370007085000,7,3,4,424.2
22370007086000,31,17,14,1218.3
22370007087000,59,32,27,2318.7
22370007088000,15,10,5,933
22370007089000,1,0,1,0
22380006556000,25,16,9,1310
22380006557000,253,133,120,10929.6
22380006558000,83,40,43,4291.1
22380006559000,33,19,14,1689.6
22380006560000,30,15,15,1587
22380006562000,29,17,12,1293.4
22380006563000,16,10,6,817.6
22380006565000,65,34,31,3074.5
22380006566000,8,5,3,247.2
22380006567000,246,119,127,9348
22380006568000,369,181,188,14132.7
22380006569000,62,33,29,2002.6
22380006570000,25,13,12,1225
22380006571000,59,31,28,2413.1
22380006572000,157,70,87,5746.2
22380006573000,182,71,111,10647
22380006574000,359,183,176,14001
22380006575000,1082,524,558,40358.6
22380006576000,1862,881,981,68894
22380006577000,1839,861,978,70985.4
22380006578000,2541,1307,1234,100623.6
22380006579000,2584,1267,1317,111370.4
22380006580000,351,175,176,16918.2
22380006581000,83,36,47,3195.5
22380006582000,133,59,74,4655
22380006583000,31,15,16,1274.1
22380006584000,771,375,396,28141.5
22380006585000,115,58,57,4151.5
22380006586000,7,4,3,238
22380006588000,2,1,1,0
22380006589000,35,20,15,1480.5
22380006590000,16,9,7,793.6
22380006591000,432,224,208,13564.8
22380006592000,375,187,188,12750
22380006593000,37,16,21,1431.9
22380006594000,5,1,4,313
22380006595000,301,147,154,11106.9
22380006596000,314,153,161,13031
22380006597000,62,31,31,2331.2
22380006608000,84,38,46,3192
22380006609000,366,184,182,12883.2
22380006610000,11,6,5,660
22380006612000,7,2,5,242.9
22380006624000,75,38,37,3127.5
22380006625000,556,299,257,21572.8
22380006626000,2,1,1,0
22380006628000,19,8,11,780.9
22380006629000,95,55,40,3363
22380006630000,48,27,21,1752
22380006631000,1266,612,654,47348.4
22380006632000,615,292,323,22939.5
22380006633000,34,21,13,1526.6
22380006634000,2,2,0,0
22380006635000,6,4,2,150
22380006639000,20,8,12,872
22380006640000,648,333,315,22680
22380006641000,157,82,75,5809
22380006642000,14,8,6,602
22380006650000,4,2,2,0
22380006658000,12,5,7,602.4
22380006666000,26,13,13,850.2
22380006667000,88,45,43,4708
22380006668000,288,148,140,11462.4
22380006669000,28,18,10,1069.6
22380006670000,248,130,118,7340.8
22380006671000,421,206,215,14061.4
22380006672000,11,4,7,565.4
22380006673000,35,15,20,1627.5
22380006674000,9,5,4,495
22380006675000,127,64,63,5105.4
22380006676000,48,21,27,1684.8
22380006677000,7,4,3,329
22380006678000,66,30,36,2798.4
22380006679000,279,142,137,10602
22380006680000,354,166,188,17416.8
22380006681000,113,59,54,4237.5
22380006682000,47,24,23,1518.1
22380006685000,24,13,11,998.4
22380006686000,24,15,9,1195.2
22380006712000,8,4,4,252.8
22380006716000,2,1,1,0
22380006747000,2,1,1,0
22380006748000,33,18,15,1620.3
22380006750000,128,70,58,5017.6
22380006753000,7,3,4,205.8
22380006754000,1,0,1,0
22380006755000,18,9,9,694.8
22380006756000,13,8,5,660.4
22380006757000,4,2,2,0
22380006764000,4,2,2,0
22380006765000,36,19,17,1378.8
22380006766000,10,6,4,430
22380006789000,8,5,3,296.8
22380006790000,6,4,2,352.2
22380006791000,4,2,2,0
22380006792000,26,14,12,1471.6
22380006793000,23,13,10,924.6
22380006794000,156,74,82,8470.8
22380006795000,74,37,37,3700
22380006796000,10,4,6,472
22380006801000,1,1,0,0
22380006802000,35,20,15,1295
22380006803000,22,13,9,1113.2
22380006804000,17,8,9,486.2
22380006809000,4,0,4,0
22380006831000,2,1,1,0
22380006833000,54,30,24,2224.8
22380006834000,89,45,44,3328.6
22380006835000,7,5,2,350
22380006836000,10,3,7,406
22380006837000,4,1,3,0
22380006840000,6,3,3,252
22380006879000,3,1,2,0
22380006885000,1,0,1,0
22380006889000,5,3,2,238
22380006896000,1,1,0,0
22380006897000,4,1,3,0
22380006899000,214,107,107,9737
22380006900000,53,29,24,2210.1
22380006957000,10,5,5,373
22380006958000,7,4,3,256.2
22380006965000,13,7,6,483.6
22380006966000,2,1,1,0
22380006979000,90,44,46,3663
22380006981000,12,8,4,440.4
22380006982000,7,3,4,300.3
22380007007000,2,1,1,0
22380007012000,3,1,2,0
22380007017000,22,14,8,789.8
22380007018000,19,13,6,661.2
22380007019000,55,25,30,1958
22380007020000,47,23,24,1828.3
22380007021000,16,11,5,652.8
22380007023000,69,33,36,2304.6
22380007024000,100,47,53,3220
22380007025000,142,68,74,5310.8
22380007026000,20,11,9,838
22380007027000,69,38,31,2739.3
22380007028000,8,4,4,330.4
22380007030000,23,11,12,777.4
22380007045000,1,0,1,0
22380007049000,2,1,1,0
22380007064000,6,3,3,283.8
22380007065000,38,20,18,2048.2
22380007066000,6,3,3,222
22380007074000,27,13,14,1034.1
22380007075000,171,85,86,6840
22380007076000,75,35,40,2925
22380007077000,388,204,184,14744
22380007078000,23,11,12,1248.9
22380007079000,77,44,33,2956.8
22380007080000,40,22,18,1392
22380007081000,33,18,15,1339.8
22380007082000,16,8,8,502.4
22380007085000,9,5,4,233.1
22380007086000,17,9,8,686.8
22380007087000,26,15,11,954.2
22380007088000,16,9,7,561.6
22380007089000,36,17,19,1242
22380007090000,6,2,4,235.2
22390006556000,5,1,4,224
22390006557000,113,57,56,5650
22390006558000,115,54,61,5520
22390006565000,13,5,8,288.6
22390006566000,44,21,23,1650
22390006567000,60,30,30,2940
22390006568000,436,215,221,18181.2
22390006569000,323,151,172,11014.3
22390006570000,368,183,185,15382.4
22390006571000,665,302,363,25868.5
22390006572000,373,195,178,14285.9
22390006573000,461,225,236,17794.6
22390006574000,306,151,155,11750.4
22390006575000,680,319,361,30328
22390006576000,223,112,111,9098.4
22390006577000,354,164,190,15859.2
22390006578000,1364,652,712,58924.8
22390006579000,1768,812,956,68068
22390006580000,1277,558,719,60785.2
22390006581000,1593,802,791,64516.5
22390006582000,1845,899,946,68449.5
22390006583000,653,321,332,21091.9
22390006584000,8,6,2,395.2
22390006585000,114,66,48,5027.4
22390006586000,91,49,42,3612.7
22390006587000,27,13,14,1320.3
22390006588000,12,8,4,553.2
22390006589000,46,26,20,1646.8
22390006590000,27,16,11,1088.1
22390006591000,553,287,266,19023.2
22390006592000,372,186,186,13020
22390006593000,35,17,18,1536.5
22390006594000,51,31,20,1989
22390006595000,15,6,9,511.5
22390006597000,14,6,8,670.6
22390006598000,4,3,1,0
22390006608000,4,2,2,0
22390006609000,130,68,62,5642
22390006610000,547,269,278,22536.4
22390006611000,156,74,82,5522.4
22390006612000,69,40,29,3001.5
22390006613000,13,7,6,453.7
22390006614000,22,11,11,814
22390006616000,4,2,2,0
22390006617000,45,23,22,2245.5
22390006618000,33,16,17,927.3
22390006619000,3,2,1,0
22390006621000,12,7,5,520.8
22390006622000,82,41,41,3927.8
22390006623000,72,37,35,3405.6
22390006624000,57,29,28,2656.2
22390006625000,20,11,9,750
22390006628000,125,70,55,4425
22390006629000,507,245,262,16731
22390006630000,161,79,82,4991
22390006631000,219,116,103,8825.7
22390006632000,116,50,66,4570.4
22390006633000,2,1,1,0
22390006639000,283,144,139,10980.4
22390006640000,322,166,156,12622.4
22390006641000,27,12,15,1069.2
22390006642000,14,11,3,621.6
22390006643000,6,2,4,262.2
22390006651000,9,4,5,388.8
22390006656000,4,2,2,0
22390006657000,27,15,12,1263.6
22390006665000,7,5,2,235.2
22390006667000,741,363,378,27935.7
22390006668000,4,3,1,0
22390006672000,3,2,1,0
22390006673000,17,9,8,790.5
22390006674000,70,33,37,2800
22390006675000,48,24,24,1929.6
22390006676000,41,20,21,1812.2
22390006677000,81,44,37,3215.7
22390006678000,88,43,45,3748.8
22390006679000,73,39,34,2978.4
22390006680000,14,10,4,646.8
22390006681000,147,77,70,6085.8
22390006682000,43,32,11,1457.7
22390006683000,21,14,7,741.3
22390006712000,5,2,3,288
22390006713000,4,2,2,0
22390006714000,7,3,4,317.8
22390006715000,3,0,3,0
22390006716000,19,11,8,834.1
22390006717000,3,2,1,0
22390006741000,1,1,0,0
22390006744000,5,3,2,197
22390006745000,30,16,14,1371
22390006746000,57,27,30,2188.8
22390006747000,16,7,9,644.8
22390006748000,2,1,1,0
22390006750000,144,69,75,5486.4
22390006751000,4,3,1,0
22390006754000,24,14,10,1135.2
22390006755000,1,1,0,0
22390006756000,5,2,3,105
22390006757000,27,14,13,1166.4
22390006765000,18,9,9,586.8
22390006766000,14,8,6,537.6
22390006767000,5,3,2,156
22390006787000,5,2,3,248
22390006788000,13,7,6,527.8
22390006789000,23,10,13,1136.2
22390006790000,15,9,6,706.5
22390006791000,34,18,16,1509.6
22390006792000,19,9,10,769.5
22390006793000,42,20,22,2037
22390006794000,185,87,98,8436
22390006795000,312,148,164,13384.8
22390006796000,7,4,3,247.8
22390006799000,14,6,8,574
22390006800000,34,17,17,1360
22390006801000,24,12,12,957.6
22390006802000,31,15,16,1515.9
22390006803000,58,32,26,2151.8
22390006804000,34,16,18,1353.2
22390006805000,3,1,2,0
22390006822000,13,13,0,422.5
22390006823000,3,1,2,0
22390006831000,2,1,1,0
22390006832000,11,6,5,493.9
22390006833000,27,15,12,1333.8
22390006834000,26,16,10,1214.2
22390006840000,1,1,0,0
22390006879000,4,2,2,0
22390006880000,6,1,5,246
22390006881000,14,6,8,477.4
22390006882000,1,1,0,0
22390006883000,7,4,3,223.3
22390006884000,12,7,5,464.4
22390006887000,18,7,11,511.2
22390006888000,5,4,1,172
22390006897000,4,1,3,0
22390006898000,19,9,10,666.9
22390006899000,273,125,148,13377
22390006900000,12,8,4,624
22390006959000,11,7,4,422.4
22390006960000,6,3,3,420
22390006961000,13,8,5,462.8
22390006962000,6,3,3,169.8
22390006977000,7,5,2,186.9
22390006978000,49,31,18,2151.1
22390006979000,14,6,8,525
22390007006000,7,4,3,114.1
22390007011000,2,2,0,0
22390007015000,1,1,0,0
22390007017000,13,7,6,496.6
22390007018000,43,24,19,1513.6
22390007019000,11,6,5,325.6
22390007023000,20,9,11,684
22390007024000,100,58,42,3570
22390007025000,296,145,151,12284
22390007026000,46,20,26,1674.4
22390007027000,16,8,8,844.8
22390007028000,6,3,3,256.2
22390007030000,22,11,11,913
22390007031000,34,16,18,1128.8
22390007049000,34,20,14,1268.2
22390007051000,7,3,4,389.2
22390007052000,2,1,1,0
22390007058000,5,1,4,128
22390007060000,15,9,6,763.5
22390007061000,37,16,21,1391.2
22390007064000,7,2,5,233.8
22390007065000,2,1,1,0
22390007066000,12,7,5,615.6
22390007068000,3,3,0,0
22390007074000,10,5,5,274
22390007075000,29,18,11,1029.5
22390007076000,41,18,23,1906.5
22390007077000,4,2,2,0
22390007078000,47,26,21,1997.5
22390007079000,94,46,48,3600.2
22390007080000,90,46,44,3159
22390007081000,18,9,9,671.4
22390007083000,7,4,3,247.8
22390007084000,1,1,0,0
22390007086000,13,6,7,760.5
22390007087000,44,30,14,1623.6
22390007089000,30,15,15,1398
22390007090000,19,11,8,921.5
22400006568000,100,49,51,5270
22400006569000,178,91,87,8597.4
22400006570000,389,185,204,15793.4
22400006571000,443,228,215,19049
22400006572000,719,350,369,29407.1
22400006573000,925,460,465,38942.5
22400006574000,540,269,271,19440
22400006575000,804,397,407,35134.8
22400006576000,344,173,171,16133.6
22400006577000,387,196,191,16370.1
22400006578000,1368,647,721,53215.2
22400006579000,1393,674,719,62824.3
22400006580000,568,281,287,24480.8
22400006581000,41,22,19,1726.1
22400006582000,68,36,32,2420.8
22400006583000,308,156,152,10071.6
22400006584000,15,8,7,661.5
22400006585000,45,25,20,1840.5
22400006586000,23,14,9,828
22400006587000,121,57,64,4888.4
22400006588000,112,62,50,3908.8
22400006589000,79,43,36,2693.9
22400006590000,19,10,9,723.9
22400006591000,99,52,47,2554.2
22400006592000,18,7,11,725.4
22400006593000,47,22,25,1771.9
22400006594000,15,8,7,489
22400006595000,16,9,7,710.4
22400006596000,39,24,15,1497.6
22400006597000,47,25,22,1757.8
22400006598000,10,5,5,432
22400006607000,1,1,0,0
22400006608000,11,5,6,459.8
22400006609000,2,1,1,0
22400006611000,24,10,14,804
22400006614000,7,4,3,245.7
22400006615000,87,47,40,3471.3
22400006616000,698,337,361,32457
22400006617000,955,457,498,37340.5
22400006618000,1302,649,653,51689.4
22400006619000,222,118,104,7747.8
22400006620000,7,4,3,237.3
22400006621000,16,8,8,603.2
22400006622000,42,25,17,1793.4
22400006626000,47,22,25,2241.9
22400006627000,15,7,8,717
22400006628000,29,16,13,1041.1
22400006629000,44,22,22,1491.6
22400006630000,32,15,17,1273.6
22400006631000,242,110,132,11180.4
22400006632000,86,51,35,3362.6
22400006638000,474,244,230,16637.4
22400006639000,447,224,223,15600.3
22400006640000,832,422,410,28204.8
22400006641000,104,54,50,3972.8
22400006642000,15,6,9,609
22400006655000,33,17,16,1201.2
22400006656000,269,160,109,11351.8
22400006657000,7,2,5,198.8
22400006660000,3,2,1,0
22400006667000,61,33,28,1945.9
22400006668000,28,14,14,1234.8
22400006669000,29,17,12,1354.3
22400006670000,3,2,1,0
22400006674000,50,24,26,2045
22400006675000,32,17,15,1574.4
22400006676000,10,5,5,414
22400006677000,9,5,4,352.8
22400006678000,173,91,82,7093
22400006679000,279,128,151,10908.9
22400006680000,415,203,212,15645.5
22400006681000,136,72,64,5154.4
22400006682000,26,15,11,936
22400006714000,4,0,4,0
22400006716000,6,2,4,231
22400006718000,16,12,4,652.8
22400006719000,5,3,2,83
22400006740000,20,12,8,832
22400006741000,60,36,24,2664
22400006742000,16,10,6,625.6
22400006743000,3,2,1,0
22400006745000,7,4,3,277.2
22400006746000,11,7,4,576.4
22400006747000,8,4,4,356.8
22400006748000,2,1,1,0
22400006749000,44,21,23,1826
22400006750000,64,35,29,2355.2
22400006751000,5,3,2,179
22400006757000,10,4,6,542
22400006758000,3,2,1,0
22400006765000,30,17,13,1254
22400006766000,7,3,4,326.9
22400006767000,8,4,4,114.4
22400006779000,1,0,1,0
22400006786000,2,1,1,0
22400006787000,17,8,9,802.4
22400006788000,25,11,14,860
22400006789000,3,1,2,0
22400006790000,2,1,1,0
22400006791000,9,5,4,350.1
22400006793000,6,3,3,238.8
22400006794000,39,20,19,1560
22400006795000,4,2,2,0
22400006796000,18,8,10,568.8
22400006797000,6,5,1,217.8
22400006798000,2,1,1,0
22400006799000,27,13,14,1560.6
22400006800000,40,18,22,1784
22400006801000,71,38,33,2328.8
22400006802000,60,32,28,2706
22400006803000,25,10,15,977.5
22400006804000,66,34,32,2857.8
22400006805000,5,2,3,189
22400006821000,12,6,6,633.6
22400006822000,6,2,4,244.2
22400006825000,7,4,3,364.7
22400006830000,9,4,5,232.2
22400006832000,185,94,91,8306.5
22400006833000,31,14,17,1271
22400006834000,5,3,2,262
22400006841000,2,1,1,0
22400006842000,2,1,1,0
22400006844000,8,2,6,352.8
22400006845000,7,3,4,340.2
22400006847000,15,5,10,535.5
22400006875000,4,3,1,0
22400006891000,1,1,0,0
22400006897000,4,3,1,0
22400006898000,36,17,19,1497.6
22400006899000,15,6,9,664.5
22400006900000,3,2,1,0
22400006960000,11,7,4,606.1
22400006961000,6,4,2,364.8
22400006962000,4,2,2,0
22400006963000,8,3,5,310.4
22400006977000,4,2,2,0
22400006978000,31,16,15,1140.8
22400006979000,9,4,5,354.6
22400007015000,3,1,2,0
22400007018000,17,8,9,683.4
22400007023000,4,1,3,0
22400007024000,12,8,4,400.8
22400007025000,786,354,432,36391.8
22400007026000,804,400,404,30310.8
22400007027000,137,69,68,5384.1
22400007028000,47,28,19,1997.5
22400007029000,2,2,0,0
22400007030000,142,70,72,4572.4
22400007031000,445,226,219,16064.5
22400007032000,5,4,1,223
22400007049000,30,18,12,1053
22400007050000,22,11,11,992.2
22400007051000,54,29,25,1814.4
22400007052000,74,39,35,3189.4
22400007053000,52,28,24,1924
22400007058000,4,2,2,0
22400007059000,2,1,1,0
22400007060000,8,7,1,379.2
22400007074000,7,3,4,226.8
22400007075000,28,17,11,1148
22400007076000,4,2,2,0
22400007077000,1,1,0,0
22400007079000,3,2,1,0
22400007080000,30,14,16,1713
22400007081000,11,6,5,740.3
22400007082000,2,1,1,0
22400007083000,6,1,5,199.8
22400007087000,2,1,1,0
22400007089000,4,2,2,0
22400007090000,76,35,41,3055.2
22400007091000,39,22,17,1688.7
22410006571000,6,3,3,256.2
22410006573000,1,1,0,0
22410006574000,101,48,53,4484.4
22410006575000,786,382,404,31597.2
22410006576000,894,453,441,38173.8
22410006577000,995,482,513,40894.5
22410006578000,284,129,155,14626
22410006579000,2057,978,1079,86188.3
22410006580000,796,399,397,29292.8
22410006581000,177,92,85,6195
22410006582000,93,52,41,3543.3
22410006583000,64,35,29,2278.4
22410006584000,41,21,20,1549.8
22410006585000,7,5,2,315.7
22410006586000,4,2,2,0
22410006587000,1229,592,637,52232.5
22410006588000,406,198,208,16686.6
22410006589000,18,12,6,610.2
22410006590000,182,97,85,7298.2
22410006591000,692,349,343,29963.6
22410006593000,12,8,4,446.4
22410006594000,17,9,8,647.7
22410006595000,259,136,123,9997.4
22410006596000,674,334,340,26151.2
22410006597000,657,326,331,27199.8
22410006598000,138,70,68,5851.2
22410006607000,5,4,1,111
22410006608000,5,3,2,301
22410006609000,19,11,8,946.2
22410006610000,54,26,28,2532.6
22410006611000,167,84,83,8049.4
22410006616000,157,73,84,7426.1
22410006617000,438,219,219,21067.8
22410006618000,156,80,76,6536.4
22410006619000,4,2,2,0
22410006625000,31,18,13,1292.7
22410006626000,60,31,29,2508
22410006630000,13,5,8,561.6
22410006631000,687,348,339,24251.1
22410006632000,839,407,432,31546.4
22410006633000,471,249,222,14412.6
22410006635000,5,4,1,235
22410006636000,2,1,1,0
22410006637000,6,4,2,291
22410006638000,271,134,137,10135.4
22410006639000,25,8,17,967.5
22410006640000,1561,745,816,58693.6
22410006641000,705,329,376,23970
22410006642000,56,36,20,2044
22410006643000,1,1,0,0
22410006646000,2,2,0,0
22410006654000,16,10,6,588.8
22410006655000,58,33,25,2354.8
22410006656000,25,15,10,945
22410006657000,6,3,3,271.2
22410006669000,9,4,5,405
22410006670000,6,3,3,340.2
22410006671000,47,25,22,1983.4
22410006672000,21,13,8,957.6
22410006673000,16,8,8,672
22410006674000,23,12,11,989
22410006675000,90,48,42,3816
22410006676000,27,11,16,810
22410006678000,43,26,17,2373.6
22410006679000,572,296,276,21564.4
22410006680000,872,436,436,35228.8
22410006681000,89,46,43,3862.6
22410006682000,108,53,55,3920.4
22410006683000,71,32,39,2733.5
22410006717000,16,6,10,902.4
22410006718000,49,19,30,2298.1
22410006719000,39,20,19,1774.5
22410006720000,27,15,12,1274.4
22410006721000,8,3,5,352
22410006722000,1,1,0,0
22410006723000,9,5,4,332.1
22410006724000,6,4,2,358.8
22410006726000,6,3,3,309
22410006738000,2,1,1,0
22410006739000,23,13,10,1035
22410006740000,7,3,4,238.7
22410006741000,1,1,0,0
22410006743000,3,1,2,0
22410006744000,17,9,8,884
22410006745000,25,17,8,1075
22410006746000,140,66,74,5180
22410006747000,66,32,34,2395.8
22410006748000,20,12,8,882
22410006749000,56,27,29,2374.4
22410006750000,31,16,15,1240
22410006754000,9,5,4,408.6
22410006758000,6,4,2,276
22410006764000,13,6,7,487.5
22410006765000,15,9,6,840
22410006766000,8,4,4,380.8
22410006767000,3,2,1,0
22410006786000,6,4,2,184.2
22410006787000,31,14,17,1295.8
22410006794000,5,3,2,252
22410006795000,2,1,1,0
22410006796000,6,5,1,273
22410006797000,20,10,10,680
22410006798000,29,14,15,1418.1
22410006799000,6,4,2,342
22410006800000,91,55,36,3303.3
22410006801000,23,13,10,920
22410006802000,33,18,15,1323.3
22410006803000,9,5,4,261.9
22410006804000,47,23,24,2397
22410006805000,15,7,8,655.5
22410006806000,24,12,12,864
22410006807000,8,5,3,202.4
22410006820000,8,3,5,380
22410006821000,11,5,6,331.1
22410006824000,11,6,5,447.7
22410006826000,19,9,10,701.1
22410006827000,1,1,0,0
22410006828000,12,8,4,736.8
22410006829000,17,6,11,513.4
22410006830000,17,6,11,623.9
22410006831000,553,265,288,24608.5
22410006832000,336,162,174,14985.6
22410006833000,5,2,3,159
22410006844000,2,1,1,0
22410006897000,17,9,8,688.5
22410006898000,84,43,41,3855.6
22410006899000,29,14,15,986
22410006961000,1,1,0,0
22410006962000,16,8,8,681.6
22410006963000,4,2,2,0
22410006965000,2,1,1,0
22410006966000,1,0,1,0
22410006977000,15,7,8,688.5
22410006978000,11,4,7,541.2
22410007004000,1,1,0,0
22410007016000,11,5,6,402.6
22410007024000,55,26,29,2282.5
22410007025000,70,43,27,2387
22410007026000,18,10,8,478.8
22410007027000,716,342,374,27852.4
22410007028000,742,353,389,32425.4
22410007029000,811,397,414,37792.6
22410007030000,127,69,58,5651.5
22410007032000,3,2,1,0
22410007036000,2,1,1,0
22410007051000,12,7,5,610.8
22410007052000,46,20,26,1812.4
22410007053000,87,44,43,3984.6
22410007054000,9,6,3,483.3
22410007058000,5,2,3,327
22410007059000,10,6,4,653
22410007060000,4,3,1,0
22410007074000,143,77,66,6134.7
22410007075000,191,99,92,7067
22410007076000,15,5,10,430.5
22410007080000,13,9,4,565.5
22410007081000,27,18,9,1325.7
22410007082000,16,6,10,582.4
22410007083000,6,4,2,252
22410007090000,12,6,6,559.2
22410007091000,26,13,13,988
22410007092000,12,6,6,640.8
22420006571000,5,3,2,149
22420006576000,120,60,60,4920
22420006577000,491,244,247,19149
22420006578000,1120,578,542,43456
22420006579000,2184,1062,1122,87141.6
22420006580000,645,304,341,23284.5
22420006581000,1153,584,569,36550.1
22420006582000,82,43,39,3362
22420006583000,53,27,26,2104.1
22420006584000,28,12,16,1120
22420006585000,44,26,18,1381.6
22420006586000,68,33,35,2890
22420006587000,665,336,329,30058
22420006588000,554,282,272,24376
22420006590000,11,6,5,576.4
22420006591000,160,83,77,6032
22420006592000,604,272,332,27844.4
22420006593000,1492,735,757,56994.4
22420006594000,2531,1230,1301,93900.1
22420006595000,2437,1215,1222,97236.3
22420006596000,1643,834,809,62434
22420006597000,315,147,168,14521.5
22420006598000,2,2,0,0
22420006607000,11,6,5,385
22420006608000,6,3,3,261
22420006609000,16,8,8,758.4
22420006610000,70,38,32,2744
22420006611000,67,32,35,3323.2
22420006612000,7,4,3,263.2
22420006613000,2,1,1,0
22420006615000,1,0,1,0
22420006616000,24,12,12,998.4
22420006617000,119,56,63,4998
22420006619000,1,0,1,0
22420006622000,2,1,1,0
22420006623000,4,4,0,0
22420006625000,59,29,30,1982.4
22420006626000,6,2,4,166.8
22420006630000,10,4,6,295
22420006631000,747,386,361,30477.6
22420006632000,357,185,172,13887.3
22420006633000,30,14,16,828
22420006634000,125,64,61,4575
22420006635000,357,190,167,12495
22420006636000,10,6,4,324
22420006637000,13,8,5,409.5
22420006638000,102,49,53,3355.8
22420006639000,1,1,0,0
22420006640000,193,98,95,7102.4
22420006641000,1306,627,679,49366.8
22420006642000,320,165,155,11936
22420006643000,90,42,48,3600
22420006644000,9,5,4,261
22420006654000,19,10,9,613.7
22420006672000,43,23,20,1672.7
22420006673000,46,25,21,1683.6
22420006674000,127,62,65,4711.7
22420006675000,27,16,11,923.4
22420006678000,15,8,7,762
22420006679000,66,36,30,2488.2
22420006680000,72,37,35,3110.4
22420006681000,59,30,29,2584.2
22420006682000,42,23,19,1755.6
22420006683000,75,42,33,2782.5
22420006685000,55,26,29,1661
22420006686000,10,5,5,337
22420006687000,42,23,19,1440.6
22420006693000,10,5,5,318
22420006694000,5,3,2,205
22420006695000,31,16,15,1159.4
22420006697000,2,1,1,0
22420006717000,14,7,7,476
22420006718000,11,7,4,501.6
22420006721000,3,2,1,0
22420006724000,2,1,1,0
22420006725000,1,0,1,0
22420006726000,17,11,6,603.5
22420006727000,9,4,5,413.1
22420006728000,2,1,1,0
22420006737000,14,6,8,730.8
22420006738000,58,25,33,2592.6
22420006739000,31,15,16,1432.2
22420006741000,11,5,6,442.2
22420006742000,11,6,5,438.9
22420006746000,64,31,33,2828.8
22420006747000,19,7,12,822.7
22420006748000,12,8,4,396
22420006749000,5,3,2,222
22420006750000,37,17,20,1172.9
22420006753000,4,3,1,0
22420006754000,3,2,1,0
22420006758000,32,15,17,1190.4
22420006761000,1,0,1,0
22420006763000,5,2,3,201
22420006764000,53,28,25,2257.8
22420006765000,20,9,11,1122
22420006766000,6,4,2,309
22420006767000,2,1,1,0
22420006786000,12,6,6,424.8
22420006794000,3,2,1,0
22420006795000,17,10,7,822.8
22420006796000,41,20,21,1517
22420006797000,84,42,42,3150
22420006798000,64,37,27,2553.6
22420006799000,52,27,25,2033.2
22420006800000,55,28,27,2123
22420006801000,49,24,25,2219.7
22420006802000,26,13,13,1146.6
22420006804000,44,28,16,1544.4
22420006805000,141,64,77,5724.6
22420006806000,21,11,10,873.6
22420006807000,12,7,5,622.8
22420006819000,3,3,0,0
22420006820000,13,9,4,617.5
22420006821000,26,14,12,1274
22420006822000,39,18,21,1177.8
22420006823000,18,7,11,538.2
22420006824000,20,11,9,960
22420006825000,31,16,15,1026.1
22420006826000,8,3,5,316.8
22420006828000,2,2,0,0
22420006829000,12,5,7,579.6
22420006830000,153,75,78,6762.6
22420006831000,147,74,73,6350.4
22420006832000,55,27,28,2310
22420006833000,70,33,37,3451
22420006896000,10,3,7,364
22420006897000,23,12,11,1283.4
22420006898000,22,12,10,770
22420006961000,1,1,0,0
22420006962000,1,1,0,0
22420006963000,16,10,6,812.8
22420006966000,2,1,1,0
22420006967000,16,11,5,537.6
22420006968000,3,1,2,0
22420006977000,8,4,4,292.8
22420007016000,3,1,2,0
22420007017000,2,2,0,0
22420007024000,6,3,3,226.8
22420007027000,71,39,32,2790.3
22420007028000,107,54,53,4012.5
22420007029000,916,463,453,35449.2
22420007030000,1767,884,883,68913
22420007033000,8,5,3,304
22420007036000,3,2,1,0
22420007048000,5,3,2,183
22420007049000,6,3,3,334.2
22420007051000,256,127,129,10086.4
22420007052000,157,65,92,7991.3
22420007053000,14,6,8,596.4
22420007054000,1,0,1,0
22420007056000,13,8,5,790.4
22420007057000,15,7,8,1003.5
22420007074000,33,17,16,1501.5
22420007075000,20,14,6,920
22420007076000,2,1,1,0
22420007079000,12,5,7,574.8
22420007080000,16,8,8,696
22420007081000,160,80,80,5568
22420007082000,42,20,22,823.2
22420007083000,35,19,16,1291.5
22420007090000,36,18,18,1202.4
22420007091000,90,45,45,3456
22420007092000,2,2,0,0
22420007093000,2,1,1,0
22430006577000,189,95,94,6539.4
22430006578000,191,93,98,8824.2
22430006579000,455,230,225,19383
22430006580000,668,318,350,25584.4
22430006581000,436,212,224,17352.8
22430006582000,108,54,54,3574.8
22430006583000,276,137,139,9963.6
22430006584000,146,76,70,5708.6
22430006585000,94,50,44,4436.8
22430006586000,187,93,94,7966.2
22430006587000,2,1,1,0
22430006591000,11,5,6,543.4
22430006592000,5,4,1,126
22430006593000,1687,836,851,70347.9
22430006594000,3566,1762,1804,149415.4
22430006595000,2776,1368,1408,121866.4
22430006596000,3,1,2,0
22430006609000,29,13,16,980.2
22430006610000,72,32,40,2613.6
22430006611000,59,32,27,2395.4
22430006612000,16,6,10,467.2
22430006616000,134,60,74,5936.2
22430006617000,461,232,229,18624.4
22430006618000,14,8,6,414.4
22430006620000,12,6,6,517.2
22430006623000,12,6,6,580.8
22430006628000,17,8,9,554.2
22430006629000,14,7,7,495.6
22430006630000,64,38,26,2201.6
22430006631000,52,31,21,2022.8
22430006632000,31,16,15,914.5
22430006633000,20,8,12,950
22430006634000,45,26,19,1624.5
22430006635000,532,277,255,18247.6
22430006636000,586,283,303,23791.6
22430006637000,615,307,308,22140
22430006638000,30,22,8,996
22430006639000,917,430,487,38880.8
22430006640000,2691,1337,1354,101450.7
22430006641000,1804,890,914,63861.6
22430006642000,1783,848,935,69358.7
22430006643000,387,208,179,15131.7
22430006644000,16,9,7,649.6
22430006645000,6,4,2,211.2
22430006646000,3,2,1,0
22430006647000,1,0,1,0
22430006653000,32,18,14,1238.4
22430006654000,29,14,15,1052.7
22430006674000,17,7,10,887.4
22430006678000,3,2,1,0
22430006681000,49,23,26,1739.5
22430006682000,89,46,43,3595.6
22430006683000,138,61,77,5257.8
22430006684000,111,55,56,4240.2
22430006685000,651,319,332,24347.4
22430006686000,616,316,300,24085.6
22430006687000,544,271,273,20726.4
22430006688000,232,115,117,8514.4
22430006692000,32,14,18,1584
22430006693000,21,9,12,938.7
22430006694000,1,0,1,0
22430006695000,1,0,1,0
22430006696000,7,4,3,392.7
22430006697000,18,8,10,1015.2
22430006698000,62,35,27,2585.4
22430006701000,1,1,0,0
22430006717000,16,9,7,499.2
22430006719000,3,2,1,0
22430006720000,48,30,18,2107.2
22430006721000,20,10,10,842
22430006722000,2,1,1,0
22430006727000,27,14,13,1328.4
22430006735000,3,2,1,0
22430006736000,3,3,0,0
22430006737000,15,8,7,774
22430006738000,1,0,1,0
22430006740000,23,13,10,995.9
22430006741000,11,5,6,556.6
22430006742000,16,9,7,688
22430006743000,29,16,13,1139.7
22430006745000,6,3,3,180
22430006746000,9,4,5,263.7
22430006747000,26,11,15,1027
22430006748000,4,2,2,0
22430006750000,2,1,1,0
22430006752000,13,8,5,469.3
22430006753000,43,19,24,1629.7
22430006754000,2,1,1,0
22430006759000,23,13,10,731.4
22430006760000,30,15,15,1017
22430006763000,10,5,5,481
22430006764000,8,7,1,252
22430006765000,13,8,5,497.9
22430006779000,1,0,1,0
22430006785000,7,5,2,272.3
22430006786000,23,14,9,1016.6
22430006796000,32,17,15,1318.4
22430006797000,384,188,196,16473.6
22430006798000,343,192,151,13377
22430006799000,40,20,20,1592
22430006800000,24,16,8,1039.2
22430006801000,7,4,3,441.7
22430006804000,2,1,1,0
22430006805000,18,8,10,925.2
22430006806000,17,9,8,797.3
22430006807000,1,1,0,0
22430006812000,1,1,0,0
22430006817000,8,4,4,332.8
22430006818000,2,1,1,0
22430006819000,26,14,12,1110.2
22430006820000,89,47,42,3275.2
22430006821000,58,33,25,2331.6
22430006822000,43,18,25,1646.9
22430006823000,233,121,112,9506.4
22430006824000,7,5,2,300.3
22430006826000,7,4,3,352.8
22430006827000,39,22,17,1458.6
22430006828000,17,8,9,843.2
22430006829000,29,16,13,1194.8
22430006830000,32,16,16,1305.6
22430006831000,8,3,5,387.2
22430006834000,2,1,1,0
22430006872000,1,1,0,0
22430006897000,20,10,10,872
22430006898000,2,1,1,0
22430006961000,10,4,6,305
22430006962000,8,5,3,235.2
22430006965000,1,1,0,0
22430006966000,28,16,12,1296.4
22430006967000,20,10,10,956
22430006968000,23,12,11,1012
22430006969000,21,10,11,1134
22430006970000,11,6,5,627
22430006971000,4,2,2,0
22430006976000,1,1,0,0
22430007006000,14,7,7,547.4
22430007011000,3,2,1,0
22430007012000,1,0,1,0
22430007030000,8,4,4,292.8
22430007033000,6,4,2,277.2
22430007034000,6,3,3,171
22430007036000,10,6,4,497
22430007049000,16,8,8,614.4
22430007050000,17,7,10,802.4
22430007051000,81,45,36,2932.2
22430007056000,2,1,1,0
22430007065000,42,22,20,2049.6
22430007066000,20,10,10,976
22430007070000,3,2,1,0
22430007075000,43,24,19,1930.7
22430007076000,5,2,3,362
22430007078000,11,4,7,528
22430007079000,6,3,3,160.8
22430007080000,71,32,39,2733.5
22430007081000,197,90,107,9495.4
22430007083000,1,0,1,0
22430007088000,3,3,0,0
22430007089000,5,3,2,227
22430007090000,57,31,26,2371.2
22430007091000,132,63,69,5715.6
22440006581000,232,121,111,9326.4
22440006582000,83,32,51,3220.4
22440006583000,55,30,25,2304.5
22440006584000,41,20,21,1681
22440006594000,29,17,12,1441.3
22440006595000,75,35,40,3502.5
22440006596000,151,79,72,6719.5
22440006608000,4,2,2,0
22440006609000,34,15,19,1183.2
22440006610000,31,20,11,1432.2
22440006611000,9,5,4,243
22440006612000,2,1,1,0
22440006613000,2,1,1,0
22440006614000,16,8,8,715.2
22440006615000,61,29,32,2379
22440006616000,50,26,24,1835
22440006617000,103,57,46,3666.8
22440006618000,67,38,29,2412
22440006627000,7,4,3,398.3
22440006628000,19,9,10,988
22440006629000,73,43,30,2452.8
22440006630000,42,19,23,1629.6
22440006631000,13,6,7,587.6
22440006632000,25,12,13,1097.5
22440006633000,748,380,368,25282.4
22440006634000,70,37,33,3045
22440006635000,704,351,353,25062.4
22440006636000,1360,679,681,52224
22440006637000,488,253,235,18495.2
22440006638000,324,167,157,13802.4
22440006639000,1388,676,712,49274
22440006640000,1328,621,707,60556.8
22440006641000,1603,793,810,76944
22440006642000,1111,541,570,46217.6
22440006643000,94,39,55,4634.2
22440006644000,37,17,20,1757.5
22440006647000,46,22,24,2120.6
22440006648000,4,1,3,0
22440006650000,22,11,11,723.8
22440006651000,4,3,1,0
22440006652000,11,6,5,452.1
22440006653000,11,7,4,468.6
22440006654000,19,8,11,672.6
22440006656000,1,0,1,0
22440006658000,9,4,5,442.8
22440006660000,4,2,2,0
22440006679000,1,1,0,0
22440006683000,7,3,4,231
22440006684000,66,33,33,2626.8
22440006685000,34,18,16,1074.4
22440006686000,53,30,23,2215.4
22440006687000,798,355,443,41256.6
22440006688000,256,127,129,10214.4
22440006689000,22,11,11,926.2
22440006700000,3,1,2,0
22440006701000,8,5,3,388
22440006702000,3,2,1,0
22440006703000,11,5,6,601.7
22440006704000,4,2,2,0
22440006710000,1,0,1,0
22440006717000,13,6,7,608.4
22440006718000,9,5,4,308.7
22440006720000,6,4,2,367.2
22440006721000,7,4,3,286.3
22440006722000,28,14,14,1257.2
22440006723000,64,38,26,3187.2
22440006724000,12,7,5,591.6
22440006725000,4,2,2,0
22440006728000,9,4,5,504
22440006729000,4,3,1,0
22440006731000,19,13,6,739.1
22440006732000,17,10,7,751.4
22440006733000,16,11,5,702.4
22440006734000,29,17,12,1371.7
22440006735000,8,5,3,482.4
22440006736000,1,1,0,0
22440006739000,2,1,1,0
22440006740000,1,1,0,0
22440006741000,28,14,14,1330
22440006742000,25,14,11,1127.5
22440006743000,1,0,1,0
22440006744000,4,3,1,0
22440006745000,3,2,1,0
22440006746000,34,16,18,1540.2
22440006747000,39,17,22,1439.1
22440006748000,7,4,3,305.2
22440006753000,88,45,43,3238.4
22440006754000,19,8,11,792.3
22440006759000,3,2,1,0
22440006760000,4,3,1,0
22440006762000,19,13,6,670.7
22440006763000,17,11,6,678.3
22440006764000,13,7,6,582.4
22440006785000,22,15,7,952.6
22440006786000,16,11,5,516.8
22440006795000,12,4,8,543.6
22440006796000,43,23,20,1720
22440006797000,180,94,86,7884
22440006798000,10,6,4,370
22440006805000,5,1,4,167
22440006814000,10,5,5,269
22440006815000,4,3,1,0
22440006816000,16,9,7,771.2
22440006818000,5,2,3,208
22440006819000,1,0,1,0
22440006820000,132,62,70,4804.8
22440006821000,79,35,44,3262.7
22440006822000,268,124,144,14257.6
22440006823000,198,98,100,8632.8
22440006824000,9,5,4,504.9
22440006825000,11,5,6,464.2
22440006826000,20,9,11,702
22440006827000,29,13,16,1110.7
22440006828000,6,4,2,298.2
22440006829000,20,11,9,704
22440006871000,9,4,5,523.8
22440006897000,17,10,7,962.2
22440006898000,6,3,3,381
22440006962000,3,1,2,0
22440006963000,8,5,3,327.2
22440006966000,11,5,6,528
22440006967000,9,4,5,439.2
22440006968000,1,1,0,0
22440006969000,1,1,0,0
22440006971000,5,2,3,143
22440006972000,6,4,2,301.2
22440006973000,4,2,2,0
22440006976000,9,6,3,300.6
22440006977000,18,9,9,667.8
22440007005000,2,1,1,0
22440007006000,1,1,0,0
22440007007000,23,13,10,816.5
22440007008000,12,6,6,632.4
22440007009000,11,6,5,302.5
22440007010000,6,3,3,292.8
22440007011000,2,1,1,0
22440007012000,7,5,2,336
22440007034000,24,11,13,1380
22440007036000,24,13,11,904.8
22440007045000,19,12,7,822.7
22440007063000,5,3,2,342
22440007064000,9,6,3,204.3
22440007065000,136,75,61,5195.2
22440007066000,20,9,11,838
22440007067000,4,2,2,0
22440007068000,37,19,18,1731.6
22440007070000,5,2,3,218
22440007071000,12,6,6,673.2
22440007072000,3,1,2,0
22440007075000,13,9,4,283.4
22440007076000,26,11,15,873.6
22440007078000,20,11,9,876
22440007079000,36,17,19,1339.2
22440007080000,61,29,32,2824.3
22440007081000,839,378,461,40188.1
22440007082000,109,55,54,4109.3
22440007083000,32,18,14,1296
22440007087000,8,3,5,222.4
22440007088000,3,1,2,0
22440007090000,31,20,11,1295.8
22440007091000,38,18,20,1603.6
22450006590000,6,5,1,253.8
22450006608000,1,1,0,0
22450006609000,25,12,13,1307.5
22450006610000,9,4,5,358.2
22450006611000,4,2,2,0
22450006612000,3,2,1,0
22450006614000,6,4,2,132
22450006615000,1,1,0,0
22450006616000,20,11,9,768
22450006617000,9,5,4,407.7
22450006618000,29,14,15,1177.4
22450006619000,9,5,4,411.3
22450006626000,11,7,4,458.7
22450006627000,79,50,29,3017.8
22450006628000,47,24,23,1804.8
22450006629000,12,7,5,528
22450006630000,20,8,12,744
22450006631000,2,1,1,0
22450006632000,273,141,132,9882.6
22450006633000,1766,897,869,62516.4
22450006634000,192,100,92,7353.6
22450006635000,371,187,184,13096.3
22450006636000,448,218,230,13753.6
22450006637000,73,37,36,2927.3
22450006638000,496,242,254,15772.8
22450006639000,1347,671,676,48222.6
22450006640000,2084,1030,1054,80025.6
22450006641000,2279,1108,1171,88197.3
22450006642000,1809,901,908,66390.3
22450006643000,1290,636,654,52632
22450006644000,887,435,452,32109.4
22450006645000,65,36,29,1911
22450006646000,33,18,15,1290.3
22450006647000,51,32,19,1749.3
22450006648000,18,9,9,673.2
22450006650000,9,4,5,395.1
22450006651000,432,227,205,16718.4
22450006652000,300,171,129,11340
22450006653000,31,18,13,1488
22450006670000,4,2,2,0
22450006674000,1,1,0,0
22450006686000,335,168,167,13869
22450006687000,70,35,35,2485
22450006692000,14,7,7,702.8
22450006693000,6,2,4,282
22450006694000,14,7,7,674.8
22450006695000,6,3,3,369
22450006696000,60,32,28,2568
22450006697000,30,16,14,1320
22450006704000,18,10,8,653.4
22450006705000,9,5,4,359.1
22450006706000,11,6,5,432.3
22450006707000,3,1,2,0
22450006711000,2,1,1,0
22450006715000,8,5,3,238.4
22450006716000,5,3,2,242
22450006717000,6,3,3,301.2
22450006718000,6,3,3,406.8
22450006719000,3,2,1,0
22450006725000,16,7,9,705.6
22450006726000,9,5,4,432.9
22450006727000,9,5,4,608.4
22450006728000,6,3,3,193.2
22450006729000,2,1,1,0
22450006730000,2,1,1,0
22450006731000,9,5,4,338.4
22450006732000,2,1,1,0
22450006738000,199,97,102,9651.5
22450006739000,29,16,13,1139.7
22450006740000,41,23,18,1832.7
22450006741000,32,18,14,1449.6
22450006742000,22,13,9,897.6
22450006743000,6,3,3,169.8
22450006746000,20,11,9,1042
22450006747000,5,2,3,232
22450006752000,16,7,9,556.8
22450006753000,24,13,11,1132.8
22450006759000,13,7,6,678.6
22450006760000,7,4,3,289.8
22450006761000,2,1,1,0
22450006762000,1,0,1,0
22450006784000,23,11,12,770.5
22450006785000,3,2,1,0
22450006786000,3,2,1,0
22450006793000,2,2,0,0
22450006794000,3,2,1,0
22450006795000,36,20,16,1378.8
22450006796000,16,6,10,572.8
22450006797000,41,20,21,1799.9
22450006798000,16,9,7,668.8
22450006799000,5,1,4,155
22450006803000,7,5,2,331.1
22450006804000,10,7,3,470
22450006805000,47,25,22,1955.2
22450006806000,9,6,3,272.7
22450006813000,11,7,4,523.6
22450006814000,28,16,12,1167.6
22450006815000,18,11,7,833.4
22450006816000,42,22,20,1957.2
22450006817000,43,20,23,1552.3
22450006818000,46,23,23,1656
22450006819000,68,32,36,2822
22450006820000,6,5,1,378
22450006821000,3,1,2,0
22450006822000,13,8,5,795.6
22450006823000,1,0,1,0
22450006824000,30,14,16,1380
22450006826000,4,2,2,0
22450006897000,4,3,1,0
22450006959000,11,5,6,314.6
22450006962000,4,2,2,0
22450006963000,27,13,14,988.2
22450006964000,17,10,7,654.5
22450006967000,5,2,3,105
22450006968000,2,1,1,0
22450006972000,4,2,2,0
22450006973000,1,1,0,0
22450006975000,47,23,24,2133.8
22450006976000,298,151,147,14155
22450006977000,218,96,122,11205.2
22450007009000,13,6,7,390
22450007010000,4,2,2,0
22450007023000,2,0,2,0
22450007034000,9,5,4,339.3
22450007035000,7,3,4,392.7
22450007036000,19,9,10,758.1
22450007045000,10,5,5,400
22450007046000,14,6,8,554.4
22450007047000,6,2,4,391.8
22450007048000,23,13,10,1120.1
22450007066000,7,3,4,256.9
22450007067000,15,8,7,703.5
22450007068000,27,11,16,1344.6
22450007069000,2,1,1,0
22450007070000,10,5,5,384
22450007071000,87,44,43,3923.7
22450007072000,25,13,12,1292.5
22450007076000,11,6,5,569.8
22450007077000,13,7,6,612.3
22450007078000,19,9,10,972.8
22450007080000,6,4,2,151.2
22450007081000,19,9,10,807.5
22450007082000,9,4,5,255.6
22450007083000,14,8,6,607.6
22450007084000,9,5,4,297
22450007089000,35,20,15,1361.5
22450007090000,14,9,5,448
22450007091000,3,2,1,0
22460006607000,8,3,5,356
22460006609000,4,2,2,0
22460006610000,11,8,3,459.8
22460006618000,10,7,3,507
22460006619000,19,11,8,666.9
22460006620000,8,4,4,334.4
22460006626000,167,80,87,4325.3
22460006627000,208,104,104,7654.4
22460006628000,59,32,27,2424.9
22460006629000,10,6,4,494
22460006633000,332,172,160,13280
22460006634000,1509,743,766,58096.5
22460006635000,887,436,451,36987.9
22460006636000,1529,783,746,54738.2
22460006637000,273,138,135,10128.3
22460006638000,1467,750,717,53252.1
22460006639000,875,409,466,34125
22460006640000,350,165,185,14770
22460006641000,498,240,258,23356.2
22460006642000,1298,651,647,50751.8
22460006643000,1505,736,769,54180
22460006644000,920,469,451,34132
22460006645000,605,280,325,25410
22460006646000,764,396,368,30483.6
22460006647000,239,117,122,9560
22460006648000,33,19,14,1214.4
22460006649000,1076,560,516,38951.2
22460006650000,1015,505,510,40600
22460006651000,490,255,235,18914
22460006652000,1228,613,615,57102
22460006653000,18,13,5,734.4
22460006655000,635,324,311,17145
22460006656000,245,131,114,6272
22460006657000,30,15,15,1191
22460006658000,4,4,0,0
22460006659000,3,2,1,0
22460006664000,7,5,2,259.7
22460006685000,1,1,0,0
22460006686000,517,255,262,20628.3
22460006687000,438,220,218,17476.2
22460006689000,1,0,1,0
22460006690000,13,8,5,552.5
22460006691000,12,8,4,471.6
22460006692000,82,42,40,3198
22460006693000,24,13,11,1027.2
22460006694000,22,12,10,928.4
22460006695000,1,1,0,0
22460006696000,43,23,20,1814.6
22460006697000,219,112,107,7730.7
22460006698000,94,45,49,4098.4
22460006707000,10,6,4,451
22460006708000,2,1,1,0
22460006709000,16,11,5,592
22460006712000,5,2,3,379
22460006713000,2,1,1,0
22460006714000,6,4,2,156
22460006715000,9,4,5,288
22460006718000,4,3,1,0
22460006728000,50,26,24,2635
22460006729000,21,11,10,898.8
22460006730000,30,17,13,1461
22460006731000,40,20,20,1816
22460006732000,7,4,3,322
22460006733000,43,20,23,1711.4
22460006734000,239,113,126,10802.8
22460006735000,220,109,111,9460
22460006736000,115,47,68,4508
22460006737000,239,121,118,10898.4
22460006738000,561,257,304,26030.4
22460006739000,157,80,77,5966
22460006740000,88,47,41,3652
22460006741000,28,15,13,1590.4
22460006746000,26,11,15,967.2
22460006752000,33,23,10,1425.6
22460006754000,22,13,9,950.4
22460006759000,2,1,1,0
22460006760000,55,24,31,2079
22460006761000,49,21,28,1852.2
22460006762000,1,1,0,0
22460006763000,10,5,5,547
22460006784000,30,17,13,1395
22460006785000,26,13,13,1084.2
22460006792000,23,13,10,1106.3
22460006793000,16,9,7,724.8
22460006794000,16,9,7,646.4
22460006795000,534,270,264,22534.8
22460006796000,301,140,161,13936.3
22460006797000,110,55,55,4279
22460006798000,36,22,14,1494
22460006799000,8,3,5,290.4
22460006802000,1,1,0,0
22460006803000,22,11,11,919.6
22460006804000,30,17,13,1173
22460006805000,63,33,30,2639.7
22460006806000,9,4,5,429.3
22460006807000,2,1,1,0
22460006809000,5,3,2,160
22460006810000,11,8,3,433.4
22460006811000,6,2,4,375
22460006812000,25,10,15,1040
22460006813000,13,8,5,721.5
22460006815000,52,27,25,2095.6
22460006816000,11,5,6,383.9
22460006817000,17,12,5,799
22460006818000,20,6,14,890
22460006824000,32,17,15,1452.8
22460006898000,3,3,0,0
22460006899000,5,2,3,229
22460006900000,1,1,0,0
22460006959000,2,1,1,0
22460006961000,3,0,3,0
22460006962000,19,11,8,894.9
22460006963000,48,25,23,1867.2
22460006964000,15,9,6,766.5
22460006972000,2,2,0,0
22460006973000,14,7,7,623
22460006974000,5,2,3,172
22460006975000,212,96,116,7950
22460006976000,137,70,67,5712.9
22460006977000,82,46,36,3919.6
22460006978000,1,1,0,0
22460006979000,3,1,2,0
22460006980000,5,2,3,105
22460007006000,11,6,5,574.2
22460007007000,11,4,7,371.8
22460007008000,75,39,36,3525
22460007009000,24,12,12,955.2
22460007010000,13,4,9,396.5
22460007011000,30,16,14,942
22460007024000,4,2,2,0
22460007032000,3,2,1,0
22460007035000,6,3,3,406.2
22460007036000,36,18,18,1587.6
22460007044000,14,7,7,288.4
22460007045000,14,8,6,659.4
22460007046000,38,22,16,1751.8
22460007047000,8,4,4,239.2
22460007058000,56,55,1,2156
22460007059000,4,3,1,0
22460007061000,15,7,8,715.5
22460007067000,17,11,6,957.1
22460007068000,6,3,3,250.8
22460007071000,70,38,32,2716
22460007072000,10,4,6,217
22460007077000,56,30,26,1943.2
22460007078000,34,16,18,941.8
22460007080000,30,13,17,987
22460007081000,21,10,11,705.6
22460007082000,5,3,2,178
22460007089000,17,8,9,567.8
22460007090000,7,3,4,193.2
22460007093000,26,13,13,1240.2
22460007094000,7,5,2,326.9
22460007095000,3,1,2,0
22470006607000,3,1,2,0
22470006608000,199,105,94,9074.4
22470006621000,7,3,4,296.1
22470006622000,35,20,15,1288
22470006623000,71,34,37,2492.1
22470006624000,1239,604,635,51418.5
22470006625000,296,130,166,13852.8
22470006626000,625,334,291,23000
22470006627000,728,375,353,26426.4
22470006628000,99,54,45,3534.3
22470006629000,196,99,97,7565.6
22470006630000,7,3,4,156.1
22470006631000,46,24,22,2327.6
22470006632000,772,391,381,28641.2
22470006633000,337,174,163,13581.1
22470006634000,177,84,93,7876.5
22470006635000,865,436,429,39271
22470006636000,136,69,67,4936.8
22470006637000,254,140,114,10998.2
22470006638000,104,52,52,5210.4
22470006639000,3,2,1,0
22470006641000,26,11,15,850.2
22470006642000,130,64,66,5161
22470006643000,272,126,146,11070.4
22470006644000,1800,879,921,71640
22470006645000,1125,569,556,45562.5
22470006646000,2803,1379,1424,107074.6
22470006647000,1167,592,575,41078.4
22470006648000,1712,833,879,60091.2
22470006649000,1519,789,730,52405.5
22470006650000,536,260,276,19885.6
22470006651000,3541,1701,1840,142348.2
22470006652000,2429,1131,1298,102746.7
22470006653000,49,26,23,2062.9
22470006654000,652,344,308,23928.4
22470006655000,1567,803,764,51084.2
22470006656000,393,201,192,13715.7
22470006657000,96,46,50,4281.6
22470006658000,73,33,40,3555.1
22470006686000,88,32,56,3141.6
22470006687000,60,32,28,1506
22470006688000,72,41,31,2757.6
22470006689000,145,71,74,7105
22470006690000,3,2,1,0
22470006691000,11,8,3,356.4
22470006692000,1,0,1,0
22470006693000,13,5,8,365.3
22470006694000,37,18,19,1761.2
22470006695000,14,7,7,645.4
22470006696000,27,15,12,1279.8
22470006697000,3,2,1,0
22470006698000,34,19,15,1397.4
22470006699000,16,8,8,720
22470006700000,19,9,10,758.1
22470006701000,17,9,8,695.3
22470006702000,7,4,3,259
22470006703000,4,2,2,0
22470006717000,28,13,15,949.2
22470006718000,14,8,6,462
22470006729000,6,2,4,403.2
22470006730000,16,10,6,673.6
22470006731000,35,20,15,1697.5
22470006732000,9,3,6,162
22470006734000,28,13,15,1341.2
22470006735000,119,64,55,5426.4
22470006736000,115,54,61,4117
22470006737000,43,23,20,2089.8
22470006738000,22,9,13,739.2
22470006739000,9,7,2,335.7
22470006740000,4,1,3,0
22470006741000,29,16,13,1505.1
22470006742000,3,2,1,0
22470006746000,11,7,4,425.7
22470006747000,1,1,0,0
22470006752000,12,5,7,565.2
22470006759000,77,39,38,3434.2
22470006760000,47,21,26,1936.4
22470006761000,18,9,9,761.4
22470006764000,11,5,6,533.5
22470006783000,30,14,16,1245
22470006784000,100,53,47,3800
22470006788000,1,1,0,0
22470006789000,1,1,0,0
22470006790000,5,4,1,272
22470006791000,8,5,3,351.2
22470006792000,37,20,17,1857.4
22470006793000,27,15,12,923.4
22470006794000,62,35,27,2399.4
22470006795000,328,170,158,10856.8
22470006796000,36,19,17,1558.8
22470006797000,51,24,27,1881.9
22470006798000,10,4,6,569
22470006802000,6,4,2,216
22470006803000,15,8,7,478.5
22470006804000,7,5,2,387.1
22470006805000,39,18,21,1712.1
22470006806000,12,5,7,532.8
22470006807000,18,10,8,694.8
22470006808000,16,7,9,710.4
22470006809000,5,2,3,249
22470006811000,8,3,5,272.8
22470006814000,28,16,12,1232
22470006815000,28,18,10,1181.6
22470006816000,9,4,5,474.3
22470006817000,5,3,2,304
22470006824000,19,12,7,1008.9
22470006862000,10,5,5,462
22470006869000,3,1,2,0
22470006899000,12,5,7,573.6
22470006900000,20,10,10,724
22470006901000,10,5,5,298
22470006959000,6,1,5,120
22470006963000,2,2,0,0
22470006973000,3,2,1,0
22470006974000,16,8,8,633.6
22470006975000,4,3,1,0
22470006976000,2,1,1,0
22470006979000,3,2,1,0
22470006980000,6,3,3,250.2
22470006981000,1,0,1,0
22470007005000,4,2,2,0
22470007006000,28,14,14,1066.8
22470007007000,14,8,6,485.8
22470007008000,57,24,33,2547.9
22470007009000,10,5,5,460
22470007010000,1,1,0,0
22470007011000,10,6,4,378
22470007021000,9,4,5,545.4
22470007022000,14,7,7,604.8
22470007023000,33,19,14,1102.2
22470007024000,61,32,29,2446.1
22470007030000,4,3,1,0
22470007033000,13,7,6,561.6
22470007037000,13,9,4,673.4
22470007044000,6,3,3,261
22470007054000,8,4,4,280.8
22470007055000,7,4,3,333.2
22470007056000,20,10,10,906
22470007057000,47,23,24,1941.1
22470007058000,207,115,92,7907.4
22470007059000,43,24,19,1715.7
22470007061000,11,6,5,295.9
22470007068000,3,2,1,0
22470007072000,62,33,29,2796.2
22470007077000,72,33,39,2628
22470007078000,15,7,8,640.5
22470007080000,11,8,3,501.6
22470007081000,6,4,2,127.2
22470007089000,10,6,4,428
22470007090000,33,17,16,1435.5
22470007091000,5,2,3,286
22470007092000,24,12,12,1092
22470007093000,28,14,14,862.4
22470007094000,68,32,36,3338.8
22470007095000,17,9,8,513.4
22480006608000,455,231,224,20338.5
22480006609000,150,74,76,6465
22480006622000,99,52,47,2465.1
22480006623000,1217,612,605,44663.9
22480006624000,377,182,195,17568.2
22480006625000,14,8,6,665
22480006627000,79,38,41,4100.1
22480006628000,37,16,21,1616.9
22480006629000,45,21,24,1723.5
22480006632000,11,7,4,445.5
22480006633000,75,38,37,3052.5
22480006641000,100,52,48,3760
22480006642000,124,64,60,5629.6
22480006644000,1134,572,562,45927
22480006645000,1621,788,833,63705.3
22480006646000,1990,985,1005,72436
22480006647000,2174,1064,1110,84568.6
22480006648000,1784,844,940,83134.4
22480006649000,1527,723,804,57720.6
22480006650000,1760,824,936,79552
22480006651000,2597,1259,1338,103100.9
22480006652000,506,271,235,20897.8
22480006653000,2745,1336,1409,99094.5
22480006654000,733,385,348,27780.7
22480006655000,377,187,190,13722.8
22480006656000,11,6,5,513.7
22480006661000,7,2,5,231.7
22480006673000,2,1,1,0
22480006688000,127,62,65,4584.7
22480006689000,47,22,25,1884.7
22480006691000,18,9,9,793.8
22480006692000,8,5,3,268
22480006693000,13,8,5,565.5
22480006694000,13,6,7,630.5
22480006695000,5,2,3,258
22480006696000,3,2,1,0
22480006697000,17,9,8,659.6
22480006698000,56,26,30,2402.4
22480006699000,37,22,15,1598.4
22480006700000,10,6,4,516
22480006701000,13,4,9,391.3
22480006702000,36,16,20,1738.8
22480006703000,33,20,13,1574.1
22480006704000,22,9,13,888.8
22480006705000,8,5,3,360.8
22480006714000,2,1,1,0
22480006715000,17,4,13,722.5
22480006716000,10,6,4,531
22480006717000,5,2,3,126
22480006731000,3,2,1,0
22480006735000,1,1,0,0
22480006736000,5,1,4,98
22480006739000,7,3,4,212.8
22480006749000,8,3,5,294.4
22480006758000,1,1,0,0
22480006759000,42,22,20,1869
22480006760000,3,2,1,0
22480006763000,6,4,2,222
22480006764000,2,1,1,0
22480006780000,1,0,1,0
22480006782000,14,9,5,560
22480006783000,25,14,11,965
22480006784000,32,14,18,1193.6
22480006788000,19,8,11,902.5
22480006789000,17,6,11,622.2
22480006790000,11,6,5,500.5
22480006791000,29,14,15,1078.8
22480006792000,68,35,33,2502.4
22480006793000,77,40,37,2933.7
22480006794000,33,19,14,1359.6
22480006795000,63,23,40,2305.8
22480006796000,26,13,13,826.8
22480006797000,12,7,5,542.4
22480006802000,13,6,7,587.6
22480006803000,10,4,6,480
22480006804000,8,5,3,288
22480006805000,28,16,12,1167.6
22480006806000,375,180,195,15862.5
22480006807000,435,224,211,18705
22480006808000,35,22,13,1347.5
22480006809000,51,27,24,2136.9
22480006810000,52,25,27,2402.4
22480006811000,17,6,11,693.6
22480006812000,16,7,9,692.8
22480006813000,4,2,2,0
22480006815000,6,2,4,190.8
22480006816000,7,4,3,364
22480006823000,20,9,11,770
22480006824000,7,5,2,298.9
22480006834000,10,6,4,377
22480006859000,3,2,1,0
22480006860000,1,1,0,0
22480006861000,2,1,1,0
22480006867000,12,6,6,522
22480006868000,5,3,2,177
22480006900000,49,21,28,2028.6
22480006901000,25,15,10,870
22480006973000,5,3,2,102
22480006975000,1,0,1,0
22480006980000,18,10,8,646.2
22480006981000,10,5,5,387
22480007004000,7,4,3,238.7
22480007005000,24,13,11,871.2
22480007007000,36,22,14,1566
22480007008000,16,8,8,547.2
22480007011000,18,9,9,669.6
22480007012000,11,8,3,456.5
22480007021000,33,16,17,937.2
22480007022000,47,20,27,1616.8
22480007023000,21,11,10,844.2
22480007024000,90,49,41,3735
22480007025000,34,21,13,1407.6
22480007031000,23,12,11,1058
22480007032000,1,1,0,0
22480007033000,79,40,39,2749.2
22480007034000,93,46,47,3152.7
22480007041000,41,23,18,1615.4
22480007042000,13,4,9,592.8
22480007043000,2,1,1,0
22480007051000,12,7,5,628.8
22480007052000,27,13,14,1012.5
22480007053000,23,14,9,798.1
22480007054000,14,7,7,504
22480007055000,11,6,5,531.3
22480007056000,72,31,41,2851.2
22480007057000,75,40,35,2632.5
22480007058000,13,6,7,552.5
22480007059000,41,23,18,1627.7
22480007060000,116,61,55,4419.6
22480007061000,144,76,68,5817.6
22480007062000,9,4,5,276.3
22480007072000,4,3,1,0
22480007073000,11,7,4,506
22480007078000,1,1,0,0
22480007089000,4,3,1,0
22480007090000,7,4,3,137.9
22480007091000,2,1,1,0
22480007092000,17,8,9,829.6
22480007093000,15,9,6,885
22480007094000,231,115,116,8939.7
22490006595000,3,2,1,0
22490006608000,94,52,42,4944.4
22490006609000,265,139,126,10706
22490006610000,145,74,71,4857.5
22490006611000,19,12,7,824.6
22490006612000,22,9,13,979
22490006623000,287,149,138,10102.4
22490006624000,2,2,0,0
22490006643000,45,25,20,1764
22490006644000,1000,489,511,37600
22490006645000,1029,536,493,38484.6
22490006646000,770,400,370,27104
22490006647000,2144,1006,1138,103340.8
22490006648000,2260,1138,1122,83168
22490006649000,2146,1057,1089,82835.6
22490006650000,917,467,450,34204.1
22490006652000,258,133,125,8797.8
22490006653000,2817,1391,1426,98313.3
22490006654000,943,476,467,34325.2
22490006655000,36,18,18,1162.8
22490006657000,3,1,2,0
22490006688000,51,28,23,2029.8
22490006689000,159,77,82,6614.4
22490006690000,52,24,28,2397.2
22490006691000,2,2,0,0
22490006692000,28,15,13,1198.4
22490006693000,10,6,4,501
22490006694000,7,2,5,245
22490006696000,11,6,5,325.6
22490006697000,4,2,2,0
22490006698000,43,26,17,1874.8
22490006699000,45,26,19,1606.5
22490006700000,20,12,8,770
22490006701000,12,7,5,514.8
22490006702000,26,14,12,988
22490006703000,134,68,66,4837.4
22490006704000,38,22,16,1607.4
22490006705000,19,9,10,699.2
22490006706000,2,1,1,0
22490006708000,13,5,8,448.5
22490006713000,11,5,6,493.9
22490006714000,60,28,32,2622
22490006715000,16,9,7,774.4
22490006716000,4,2,2,0
22490006735000,6,3,3,177
22490006748000,11,7,4,334.4
22490006749000,23,12,11,947.6
22490006750000,8,4,4,416
22490006756000,1,1,0,0
22490006757000,11,6,5,317.9
22490006758000,187,85,102,9798.8
22490006759000,26,11,15,1027
22490006760000,8,6,2,438.4
22490006769000,9,6,3,276.3
22490006780000,17,11,6,499.8
22490006783000,1,1,0,0
22490006788000,30,15,15,1092
22490006789000,13,8,5,681.2
22490006790000,71,38,33,3138.2
22490006791000,5,1,4,114
22490006792000,72,33,39,2988
22490006793000,48,25,23,2131.2
22490006794000,48,25,23,1804.8
22490006795000,3,2,1,0
22490006802000,8,3,5,208
22490006804000,5,3,2,260
22490006805000,55,31,24,2337.5
22490006806000,63,37,26,3263.4
22490006807000,43,21,22,1492.1
22490006808000,41,20,21,1783.5
22490006809000,11,5,6,480.7
22490006810000,11,6,5,501.6
22490006811000,15,8,7,622.5
22490006812000,21,15,6,892.5
22490006813000,7,4,3,268.8
22490006816000,3,2,1,0
22490006823000,12,7,5,406.8
22490006864000,1,1,0,0
22490006865000,1,0,1,0
22490006866000,21,13,8,974.4
22490006900000,2,1,1,0
22490006901000,10,6,4,471
22490006902000,14,9,5,431.2
22490006979000,7,5,2,256.9
22490006980000,12,5,7,486
22490006981000,4,2,2,0
22490006996000,1,1,0,0
22490007004000,3,1,2,0
22490007005000,7,4,3,217.7
22490007006000,4,2,2,0
22490007007000,7,4,3,189
22490007008000,3,2,1,0
22490007010000,4,3,1,0
22490007012000,14,7,7,417.2
22490007013000,12,7,5,474
22490007020000,3,2,1,0
22490007021000,7,3,4,263.9
22490007022000,25,17,8,830
22490007024000,34,19,15,1489.2
22490007025000,32,17,15,1353.6
22490007026000,4,3,1,0
22490007031000,2,2,0,0
22490007032000,13,8,5,578.5
22490007033000,222,113,109,7925.4
22490007034000,41,21,20,1476
22490007043000,14,8,6,557.2
22490007044000,9,6,3,450
22490007051000,97,55,42,2822.7
22490007052000,27,16,11,1171.8
22490007053000,17,6,11,697
22490007057000,24,14,10,753.6
22490007059000,50,26,24,1535
22490007060000,394,163,231,21630.6
22490007061000,293,153,140,11104.7
22490007062000,29,14,15,1049.8
22490007073000,2,2,0,0
22490007089000,1,0,1,0
22490007090000,9,5,4,455.4
22490007092000,6,3,3,274.8
22490007093000,33,12,21,996.6
22490007094000,21,14,7,1222.2
22490007110000,1,0,1,0
22500006595000,2,1,1,0
22500006596000,226,100,126,8294.2
22500006597000,24,12,12,1173.6
22500006609000,117,60,57,5627.7
22500006610000,701,351,350,27969.9
22500006611000,413,199,214,16561.3
22500006612000,97,51,46,3967.3
22500006613000,33,18,15,1389.3
22500006614000,3,2,1,0
22500006619000,1,0,1,0
22500006620000,4,2,2,0
22500006621000,8,4,4,363.2
22500006622000,44,25,19,1909.6
22500006623000,8,5,3,219.2
22500006643000,42,22,20,1659
22500006644000,162,77,85,5378.4
22500006645000,410,211,199,15088
22500006646000,1,0,1,0
22500006647000,228,111,117,8367.6
22500006648000,1798,910,888,67784.6
22500006649000,1593,768,825,63401.4
22500006650000,244,122,122,8491.2
22500006651000,8,5,3,344
22500006652000,38,21,17,1535.2
22500006653000,7,3,4,254.8
22500006654000,3,2,1,0
22500006688000,54,31,23,1836
22500006689000,93,49,44,3924.6
22500006690000,48,24,24,1905.6
22500006691000,16,11,5,808
22500006692000,118,64,54,4118.2
22500006693000,125,63,62,4512.5
22500006694000,35,16,19,1673
22500006695000,12,3,9,459.6
22500006696000,23,14,9,855.6
22500006697000,2,1,1,0
22500006698000,16,7,9,547.2
22500006699000,56,27,29,2167.2
22500006700000,10,5,5,518
22500006701000,21,12,9,926.1
22500006702000,31,13,18,1447.7
22500006703000,130,71,59,5330
22500006704000,59,29,30,2672.7
22500006705000,55,29,26,2469.5
22500006706000,19,9,10,834.1
22500006707000,11,7,4,485.1
22500006708000,89,46,43,3301.9
22500006709000,22,13,9,820.6
22500006710000,40,19,21,2188
22500006711000,9,4,5,513
22500006712000,32,16,16,988.8
22500006713000,25,12,13,1372.5
22500006714000,13,5,8,712.4
22500006731000,6,3,3,373.2
22500006732000,3,2,1,0
22500006734000,3,1,2,0
22500006735000,6,3,3,361.8
22500006736000,13,7,6,470.6
22500006737000,9,4,5,396.9
22500006738000,3,1,2,0
22500006745000,10,6,4,378
22500006749000,2,2,0,0
22500006750000,37,21,16,1361.6
22500006757000,135,68,67,5332.5
22500006758000,57,34,23,2342.7
22500006759000,12,7,5,645.6
22500006760000,9,6,3,363.6
22500006769000,24,12,12,1068
22500006777000,10,4,6,387
22500006778000,15,7,8,723
22500006779000,51,27,24,1453.5
22500006780000,5,3,2,107
22500006785000,3,2,1,0
22500006787000,47,25,22,1489.9
22500006788000,145,74,71,6003
22500006789000,21,10,11,867.3
22500006790000,26,17,9,1014
22500006792000,9,4,5,385.2
22500006801000,18,12,6,586.8
22500006803000,16,11,5,873.6
22500006806000,5,2,3,258
22500006807000,19,5,14,813.2
22500006808000,9,6,3,491.4
22500006822000,4,3,1,0
22500006823000,35,18,17,1354.5
22500006900000,1,1,0,0
22500006901000,6,3,3,301.2
22500006902000,9,4,5,365.4
22500006944000,4,2,2,0
22500006962000,6,3,3,247.2
22500006979000,18,12,6,626.4
22500006980000,6,3,3,156
22500006981000,19,10,9,820.8
22500007003000,6,3,3,199.8
22500007004000,3,2,1,0
22500007005000,15,5,10,459
22500007006000,22,15,7,869
22500007008000,4,3,1,0
22500007009000,2,1,1,0
22500007011000,3,3,0,0
22500007013000,2,1,1,0
22500007014000,16,10,6,585.6
22500007019000,16,9,7,585.6
22500007020000,66,39,27,2468.4
22500007021000,19,12,7,714.4
22500007022000,32,16,16,1184
22500007023000,29,13,16,858.4
22500007024000,2,1,1,0
22500007025000,17,10,7,620.5
22500007026000,9,4,5,431.1
22500007031000,15,7,8,496.5
22500007032000,30,17,13,1047
22500007033000,36,19,17,1321.2
22500007049000,24,13,11,914.4
22500007050000,22,8,14,820.6
22500007051000,52,24,28,1934.4
22500007052000,240,117,123,7704
22500007053000,35,21,14,1347.5
22500007054000,1,1,0,0
22500007057000,7,5,2,182.7
22500007058000,39,19,20,1290.9
22500007060000,147,64,83,6409.2
22500007061000,227,111,116,9375.1
22500007062000,20,7,13,1002
22500007079000,22,10,12,842.6
22500007092000,32,15,17,1350.4
22500007093000,7,4,3,287.7
22500007094000,3,1,2,0
22500007106000,3,1,2,0
22500007108000,6,3,3,189
22500007109000,10,5,5,718
22500007110000,10,5,5,416
22510006596000,671,347,324,25430.9
22510006597000,2016,933,1083,91728
22510006598000,286,130,156,16016
22510006610000,3,1,2,0
22510006611000,170,97,73,7225
22510006612000,8,6,2,234.4
22510006613000,7,4,3,282.1
22510006614000,11,5,6,521.4
22510006616000,2,2,0,0
22510006619000,28,12,16,1204
22510006620000,34,17,17,1496
22510006621000,44,24,20,1830.4
22510006623000,2,2,0,0
22510006630000,7,4,3,277.9
22510006631000,1,0,1,0
22510006632000,16,8,8,782.4
22510006633000,2,1,1,0
22510006647000,550,247,303,25135
22510006648000,2421,1214,1207,85219.2
22510006649000,2746,1394,1352,99679.8
22510006650000,2465,1233,1232,84796
22510006651000,1445,678,767,60545.5
22510006652000,23,11,12,874
22510006654000,3,2,1,0
22510006656000,2,1,1,0
22510006689000,80,41,39,2672
22510006690000,60,29,31,2910
22510006691000,19,10,9,742.9
22510006692000,40,19,21,1764
22510006693000,41,21,20,1763
22510006694000,31,18,13,1066.4
22510006695000,3,2,1,0
22510006696000,16,8,8,740.8
22510006698000,23,13,10,719.9
22510006699000,38,21,17,1337.6
22510006700000,52,26,26,1913.6
22510006701000,43,23,20,1892
22510006702000,46,26,20,1807.8
22510006703000,29,13,16,1606.6
22510006704000,45,24,21,2241
22510006705000,62,30,32,2176.2
22510006706000,139,73,66,5365.4
22510006707000,93,49,44,4166.4
22510006708000,86,42,44,3577.6
22510006709000,13,7,6,553.8
22510006710000,11,6,5,374
22510006711000,76,47,29,3298.4
22510006712000,11,6,5,412.5
22510006713000,51,25,26,2463.3
22510006714000,22,13,9,985.6
22510006715000,20,11,9,1036
22510006730000,10,7,3,633
22510006731000,3,1,2,0
22510006733000,1,1,0,0
22510006735000,23,14,9,1039.6
22510006736000,18,8,10,763.2
22510006737000,35,21,14,1288
22510006745000,2,1,1,0
22510006750000,33,14,19,1438.8
22510006752000,5,3,2,162
22510006757000,15,8,7,595.5
22510006758000,23,13,10,924.6
22510006759000,35,14,21,1522.5
22510006768000,13,5,8,517.4
22510006769000,3,2,1,0
22510006776000,1,1,0,0
22510006777000,15,8,7,601.5
22510006778000,39,20,19,1501.5
22510006779000,10,6,4,526
22510006783000,10,7,3,350
22510006784000,4,2,2,0
22510006785000,15,9,6,643.5
22510006786000,19,12,7,826.5
22510006787000,220,118,102,6996
22510006788000,294,147,147,11083.8
22510006789000,46,25,21,2125.2
22510006790000,40,21,19,1908
22510006791000,7,4,3,408.1
22510006802000,27,16,11,1250.1
22510006803000,41,21,20,1619.5
22510006822000,28,13,15,1142.4
22510006832000,1,0,1,0
22510006855000,2,2,0,0
22510006903000,9,5,4,287.1
22510006958000,1,0,1,0
22510006959000,9,4,5,261
22510006961000,4,3,1,0
22510006962000,5,2,3,231
22510006970000,2,1,1,0
22510006981000,16,6,10,516.8
22510006982000,16,10,6,662.4
22510006983000,3,2,1,0
22510006984000,1,0,1,0
22510007004000,28,14,14,1050
22510007006000,6,3,3,175.2
22510007008000,6,4,2,225
22510007009000,5,3,2,151
22510007010000,2,1,1,0
22510007012000,10,6,4,521
22510007013000,8,4,4,162.4
22510007014000,7,2,5,196
22510007015000,7,5,2,326.2
22510007019000,3,2,1,0
22510007020000,6,3,3,193.8
22510007021000,21,11,10,1008
22510007022000,125,68,57,5075
22510007023000,109,55,54,5210.2
22510007024000,86,44,42,2769.2
22510007025000,11,7,4,290.4
22510007026000,308,163,145,10995.6
22510007027000,41,18,23,1676.9
22510007028000,6,4,2,145.8
22510007031000,401,217,184,10746.8
22510007032000,19,9,10,866.4
22510007033000,61,32,29,2275.3
22510007034000,5,2,3,146
22510007050000,64,32,32,2444.8
22510007051000,58,30,28,2465
22510007052000,75,38,37,2002.5
22510007053000,42,24,18,1608.6
22510007054000,2,1,1,0
22510007055000,2,2,0,0
22510007058000,24,13,11,878.4
22510007059000,13,7,6,637
22510007060000,4,2,2,0
22510007061000,75,35,40,2902.5
22510007062000,42,22,20,1411.2
22510007072000,3,2,1,0
22510007073000,8,6,2,351.2
22510007074000,16,7,9,744
22510007075000,8,4,4,298.4
22510007079000,26,13,13,1177.8
22510007084000,3,1,2,0
22510007091000,3,1,2,0
22510007092000,46,26,20,1798.6
22510007093000,2,1,1,0
22510007098000,13,8,5,618.8
22510007099000,3,1,2,0
22510007107000,1,0,1,0
22510007109000,11,6,5,543.4
22510007110000,2,1,1,0
22520006591000,1,1,0,0
22520006595000,1197,533,664,57096.9
22520006596000,2638,1329,1309,101563
22520006597000,1843,913,930,69112.5
22520006598000,115,62,53,5497
22520006599000,11,6,5,540.1
22520006600000,2,1,1,0
22520006601000,11,6,5,591.8
22520006611000,136,71,65,6460
22520006612000,217,92,125,10806.6
22520006613000,26,14,12,1216.8
22520006614000,9,4,5,486
22520006615000,1,0,1,0
22520006616000,3,3,0,0
22520006617000,1,1,0,0
22520006619000,54,25,29,1792.8
22520006620000,134,68,66,5373.4
22520006621000,6,2,4,268.8
22520006622000,11,6,5,558.8
22520006625000,2,1,1,0
22520006626000,14,6,8,553
22520006627000,14,9,5,536.2
22520006628000,35,20,15,1515.5
22520006629000,194,90,104,7740.6
22520006630000,1083,548,535,39421.2
22520006631000,215,106,109,8449.5
22520006632000,124,64,60,4910.4
22520006633000,80,43,37,3496
22520006634000,106,53,53,4441.4
22520006647000,1487,666,821,64535.8
22520006648000,2290,1179,1111,86333
22520006649000,2477,1235,1242,91401.3
22520006650000,2257,1081,1176,88474.4
22520006651000,1205,626,579,45910.5
22520006652000,61,37,24,2690.1
22520006653000,22,11,11,697.4
22520006661000,7,4,3,303.1
22520006687000,2,1,1,0
22520006689000,7,3,4,377.3
22520006690000,59,28,31,2188.9
22520006691000,25,16,9,942.5
22520006692000,12,4,8,464.4
22520006693000,62,32,30,2653.6
22520006694000,12,6,6,489.6
22520006695000,20,9,11,898
22520006696000,50,25,25,2380
22520006697000,4,3,1,0
22520006698000,27,13,14,1053
22520006699000,52,26,26,1986.4
22520006700000,64,31,33,1836.8
22520006701000,57,30,27,2228.7
22520006702000,38,15,23,1432.6
22520006703000,55,31,24,2216.5
22520006704000,24,10,14,792
22520006705000,375,172,203,16237.5
22520006706000,601,286,315,26624.3
22520006707000,48,21,27,2088
22520006708000,68,33,35,2924
22520006709000,6,3,3,291
22520006710000,10,4,6,507
22520006711000,69,35,34,2904.9
22520006712000,94,49,45,3506.2
22520006713000,23,12,11,867.1
22520006730000,19,9,10,1107.7
22520006733000,13,7,6,500.5
22520006736000,2,1,1,0
22520006745000,4,2,2,0
22520006749000,17,9,8,712.3
22520006750000,53,27,26,2310.8
22520006751000,1,1,0,0
22520006752000,14,6,8,667.8
22520006756000,9,5,4,430.2
22520006757000,65,37,28,2242.5
22520006759000,1,0,1,0
22520006760000,10,6,4,290
22520006768000,37,22,15,1650.2
22520006776000,151,80,71,5375.6
22520006777000,219,110,109,8365.8
22520006778000,15,8,7,586.5
22520006779000,42,25,17,1801.8
22520006780000,17,7,10,697
22520006781000,12,7,5,417.6
22520006782000,23,8,15,1028.1
22520006783000,36,21,15,1620
22520006784000,17,8,9,800.7
22520006785000,43,24,19,1711.4
22520006786000,5,2,3,139
22520006787000,10,5,5,332
22520006788000,108,62,46,4762.8
22520006789000,232,125,107,8120
22520006790000,249,120,129,9586.5
22520006791000,47,27,20,2110.3
22520006792000,5,3,2,223
22520006793000,2,1,1,0
22520006800000,23,9,14,966
22520006801000,48,26,22,1924.8
22520006802000,59,35,24,2301
22520006803000,47,23,24,1964.6
22520006822000,5,2,3,145
22520006823000,8,6,2,271.2
22520006902000,7,5,2,280
22520006903000,18,9,9,738
22520006984000,20,8,12,810
22520006985000,13,6,7,471.9
22520006986000,3,2,1,0
22520007004000,4,2,2,0
22520007005000,3,2,1,0
22520007009000,37,19,18,1228.4
22520007010000,28,16,12,831.6
22520007013000,2,1,1,0
22520007014000,2,0,2,0
22520007015000,3,1,2,0
22520007022000,22,14,8,752.4
22520007023000,57,28,29,2416.8
22520007024000,62,30,32,2498.6
22520007025000,35,19,16,1186.5
22520007026000,16,9,7,574.4
22520007027000,49,25,24,2038.4
22520007028000,33,21,12,1098.9
22520007029000,8,4,4,480.8
22520007030000,34,20,14,1530
22520007031000,318,155,163,11988.6
22520007032000,383,205,178,14132.7
22520007033000,24,10,14,765.6
22520007050000,51,28,23,2060.4
22520007051000,195,97,98,8911.5
22520007052000,141,75,66,5766.9
22520007053000,37,22,15,1461.5
22520007054000,16,10,6,737.6
22520007055000,15,7,8,511.5
22520007056000,4,3,1,0
22520007058000,2,1,1,0
22520007059000,16,9,7,576
22520007060000,11,6,5,473
22520007061000,20,11,9,972
22520007062000,122,65,57,4172.4
22520007063000,23,11,12,809.6
22520007074000,10,7,3,589
22520007079000,24,13,11,936
22520007080000,5,3,2,325
22520007082000,6,3,3,250.2
22520007083000,25,12,13,1097.5
22520007098000,2,0,2,0
22520007099000,11,7,4,588.5
22520007107000,15,6,9,769.5
22520007109000,6,2,4,286.2
22520007110000,6,5,1,334.8
22530006584000,207,105,102,8838.9
22530006585000,240,126,114,9360
22530006586000,81,43,38,4171.5
22530006587000,1,1,0,0
22530006588000,2,1,1,0
22530006589000,189,96,93,7030.8
22530006590000,75,37,38,3412.5
22530006591000,363,180,183,16262.4
22530006592000,206,103,103,8672.6
22530006593000,408,204,204,15422.4
22530006594000,693,342,351,32571
22530006595000,381,197,184,15963.9
22530006596000,2642,1356,1286,120739.4
22530006597000,833,431,402,35402.5
22530006598000,53,28,25,1945.1
22530006599000,15,9,6,706.5
22530006600000,34,19,15,1628.6
22530006601000,51,24,27,2157.3
22530006602000,4,3,1,0
22530006620000,8,4,4,451.2
22530006621000,591,266,325,28072.5
22530006622000,1041,495,546,47677.8
22530006623000,522,266,256,23646.6
22530006624000,42,21,21,1696.8
22530006625000,4,3,1,0
22530006626000,54,31,23,2602.8
22530006627000,14,6,8,428.4
22530006628000,32,18,14,1683.2
22530006629000,95,45,50,3439
22530006630000,274,131,143,9562.6
22530006631000,287,147,140,11853.1
22530006632000,26,13,13,1107.6
22530006634000,81,36,45,3766.5
22530006635000,129,53,76,5340.6
22530006636000,382,197,185,15471
22530006637000,52,24,28,2246.4
22530006639000,4,3,1,0
22530006645000,61,32,29,2238.7
22530006646000,258,129,129,9365.4
22530006647000,64,28,36,3200
22530006648000,1550,760,790,56420
22530006649000,1927,937,990,77465.4
22530006650000,2473,1173,1300,114005.3
22530006651000,3063,1507,1556,114862.5
22530006652000,2349,1150,1199,94194.9
22530006653000,524,266,258,20802.8
22530006654000,98,61,37,4370.8
22530006655000,2,1,1,0
22530006661000,17,8,9,707.2
22530006662000,46,25,21,1807.8
22530006690000,36,19,17,1584
22530006691000,79,43,36,3294.3
22530006692000,9,5,4,240.3
22530006693000,23,12,11,1179.9
22530006694000,51,27,24,1948.2
22530006695000,53,29,24,2321.4
22530006696000,14,7,7,534.8
22530006697000,100,52,48,3930
22530006698000,23,13,10,920
22530006699000,21,10,11,861
22530006700000,94,42,52,3976.2
22530006701000,41,23,18,1385.8
22530006702000,28,14,14,1288
22530006703000,65,34,31,3009.5
22530006704000,10,6,4,509
22530006705000,354,174,180,15115.8
22530006706000,279,146,133,10490.4
22530006707000,186,91,95,7216.8
22530006708000,91,46,45,3785.6
22530006709000,12,5,7,428.4
22530006710000,6,4,2,363
22530006711000,39,17,22,1287
22530006712000,18,11,7,734.4
22530006713000,4,1,3,0
22530006714000,26,15,11,941.2
22530006715000,18,7,11,669.6
22530006729000,2,1,1,0
22530006730000,7,5,2,300.3
22530006731000,4,2,2,0
22530006749000,8,4,4,355.2
22530006750000,34,15,19,1162.8
22530006751000,6,3,3,316.8
22530006752000,17,10,7,613.7
22530006755000,5,3,2,330
22530006757000,21,7,14,1045.8
22530006758000,43,22,21,1810.3
22530006759000,34,18,16,1676.2
22530006760000,23,14,9,1028.1
22530006768000,35,21,14,1169
22530006771000,22,11,11,737
22530006774000,11,6,5,407
22530006775000,60,29,31,2370
22530006776000,279,145,134,9569.7
22530006777000,52,27,25,2652
22530006778000,8,6,2,375.2
22530006779000,18,11,7,550.8
22530006780000,16,9,7,835.2
22530006781000,88,43,45,3194.4
22530006782000,612,303,309,21664.8
22530006783000,202,100,102,8726.4
22530006784000,72,39,33,2822.4
22530006785000,36,22,14,1656
22530006786000,20,9,11,700
22530006787000,48,25,23,1752
22530006788000,114,56,58,4411.8
22530006789000,68,40,28,2828.8
22530006790000,299,156,143,11541.4
22530006791000,35,16,19,1263.5
22530006792000,33,19,14,1534.5
22530006793000,44,24,20,1834.8
22530006794000,13,6,7,513.5
22530006799000,9,5,4,381.6
22530006800000,47,24,23,1865.9
22530006801000,25,12,13,780
22530006802000,46,22,24,2125.2
22530006803000,28,17,11,1243.2
22530006804000,6,3,3,271.2
22530006825000,6,3,3,234
22530006866000,2,2,0,0
22530006867000,1,1,0,0
22530006903000,4,2,2,0
22530006904000,1,1,0,0
22530006905000,1,1,0,0
22530006955000,5,3,2,342
22530006956000,5,2,3,203
22530006984000,11,6,5,539
22530006985000,13,7,6,575.9
22530006986000,36,18,18,1389.6
22530007005000,3,2,1,0
22530007009000,12,6,6,543.6
22530007010000,30,15,15,1131
22530007011000,21,11,10,1106.7
22530007012000,136,68,68,6868
22530007013000,339,176,163,12237.9
22530007014000,6,3,3,208.8
22530007020000,4,2,2,0
22530007023000,5,3,2,198
22530007026000,6,2,4,231
22530007027000,11,5,6,476.3
22530007028000,20,10,10,806
22530007029000,36,20,16,1555.2
22530007030000,62,32,30,2480
22530007031000,340,161,179,15844
22530007032000,86,45,41,3895.8
22530007036000,8,4,4,331.2
22530007037000,44,25,19,1746.8
22530007038000,15,8,7,619.5
22530007039000,73,39,34,2839.7
22530007040000,2,1,1,0
22530007049000,2,1,1,0
22530007050000,34,16,18,1050.6
22530007051000,40,17,23,1632
22530007052000,26,14,12,1274
22530007053000,45,24,21,1660.5
22530007054000,26,14,12,946.4
22530007055000,1,1,0,0
22530007057000,2,0,2,0
22530007058000,3,2,1,0
22530007059000,1,1,0,0
22530007061000,9,3,6,646.2
22530007062000,33,13,20,1181.4
22530007063000,29,17,12,1064.3
22530007064000,1,0,1,0
22530007074000,9,4,5,404.1
22530007082000,19,10,9,716.3
22530007096000,13,8,5,655.2
22530007097000,7,4,3,457.8
22530007101000,11,5,6,429
22530007108000,10,2,8,289
22530007109000,1,1,0,0
22530007112000,35,20,15,1540
22530007113000,14,9,5,470.4
22540006582000,7,3,4,345.1
22540006583000,114,62,52,3705
22540006584000,563,283,280,22914.1
22540006585000,34,19,15,1329.4
22540006586000,23,13,10,747.5
22540006587000,3,2,1,0
22540006588000,27,13,14,1071.9
22540006589000,68,34,34,2706.4
22540006590000,146,79,67,5927.6
22540006591000,191,96,95,5997.4
22540006592000,26,12,14,1141.4
22540006593000,679,290,389,32116.7
22540006594000,1593,797,796,64675.8
22540006595000,3170,1531,1639,122996
22540006596000,2477,1221,1256,111465
22540006597000,600,298,302,26160
22540006598000,151,75,76,5722.9
22540006601000,11,6,5,548.9
22540006602000,6,2,4,198
22540006603000,13,9,4,465.4
22540006604000,1,1,0,0
22540006607000,3,2,1,0
22540006608000,8,2,6,354.4
22540006609000,6,3,3,367.2
22540006610000,7,4,3,398.3
22540006612000,1,0,1,0
22540006613000,51,25,26,2080.8
22540006614000,101,52,49,4252.1
22540006615000,14,10,4,456.4
22540006616000,4,1,3,0
22540006617000,6,3,3,262.2
22540006618000,8,4,4,463.2
22540006619000,142,68,74,5651.6
22540006620000,1312,662,650,49593.6
22540006621000,2597,1254,1343,99465.1
22540006622000,1579,767,812,70739.2
22540006623000,100,50,50,4350
22540006624000,38,22,16,1615
22540006625000,3,2,1,0
22540006626000,16,10,6,782.4
22540006627000,9,4,5,326.7
22540006628000,30,20,10,1008
22540006629000,5,3,2,237
22540006630000,21,9,12,947.1
22540006631000,249,126,123,9287.7
22540006632000,11,6,5,267.3
22540006633000,3,1,2,0
22540006635000,1,1,0,0
22540006636000,395,193,202,14378
22540006637000,354,175,179,12319.2
22540006638000,56,23,33,2256.8
22540006639000,418,218,200,15967.6
22540006645000,432,223,209,16156.8
22540006646000,1475,741,734,54575
22540006647000,877,430,447,31396.6
22540006648000,888,466,422,33300
22540006649000,3219,1578,1641,132944.7
22540006650000,2775,1368,1407,101565
22540006651000,2965,1482,1483,108815.5
22540006652000,3066,1478,1588,115588.2
22540006653000,2807,1230,1577,127999.2
22540006654000,869,415,454,46404.6
22540006655000,6,4,2,220.2
22540006656000,6,2,4,199.2
22540006660000,6,3,3,208.2
22540006661000,92,45,47,3431.6
22540006662000,26,12,14,1372.8
22540006663000,8,5,3,235.2
22540006686000,6,3,3,253.2
22540006687000,12,8,4,441.6
22540006688000,6,3,3,232.2
22540006690000,14,4,10,498.4
22540006691000,183,92,91,6880.8
22540006692000,40,20,20,1292
22540006693000,30,13,17,969
22540006694000,49,27,22,1940.4
22540006695000,88,51,37,3247.2
22540006696000,13,6,7,651.3
22540006697000,43,21,22,1440.5
22540006698000,10,5,5,538
22540006699000,60,29,31,2262
22540006700000,223,96,127,9098.4
22540006701000,41,19,22,1828.6
22540006702000,23,10,13,834.9
22540006703000,101,53,48,4070.3
22540006704000,354,178,176,12531.6
22540006705000,509,234,275,18425.8
22540006706000,34,14,20,1822.4
22540006707000,4,2,2,0
22540006708000,37,17,20,1350.5
22540006709000,3,1,2,0
22540006712000,1,1,0,0
22540006715000,6,2,4,286.2
22540006716000,48,26,22,1507.2
22540006717000,3,2,1,0
22540006729000,62,32,30,2294
22540006730000,50,30,20,1735
22540006732000,17,9,8,768.4
22540006733000,12,6,6,412.8
22540006734000,20,10,10,802
22540006735000,31,17,14,899
22540006747000,1,1,0,0
22540006749000,9,5,4,308.7
22540006750000,24,12,12,852
22540006751000,2,1,1,0
22540006752000,8,3,5,296
22540006753000,1,1,0,0
22540006755000,6,3,3,127.2
22540006757000,7,2,5,305.2
22540006758000,20,13,7,974
22540006759000,21,12,9,737.1
22540006767000,7,5,2,182
22540006768000,58,32,26,1838.6
22540006771000,55,26,29,2266
22540006772000,63,35,28,2583
22540006773000,41,25,16,1463.7
22540006774000,1,1,0,0
22540006782000,365,184,181,14308
22540006783000,321,165,156,12037.5
22540006784000,334,160,174,13660.6
22540006785000,844,409,435,35110.4
22540006786000,616,266,350,30492
22540006787000,80,40,40,3728
22540006793000,28,15,13,1212.4
22540006794000,32,21,11,1628.8
22540006795000,19,9,10,741
22540006796000,16,12,4,577.6
22540006797000,26,13,13,969.8
22540006798000,129,67,62,4089.3
22540006799000,35,16,19,1039.5
22540006800000,139,67,72,5573.9
22540006801000,239,114,125,10539.9
22540006802000,75,35,40,2910
22540006803000,24,13,11,1005.6
22540006856000,2,1,1,0
22540006866000,1,0,1,0
22540006903000,4,3,1,0
22540006904000,16,6,10,558.4
22540006954000,17,8,9,666.4
22540006955000,3,2,1,0
22540006980000,4,2,2,0
22540006986000,2,1,1,0
22540006987000,38,15,23,1242.6
22540007005000,4,1,3,0
22540007006000,11,4,7,643.5
22540007011000,3,1,2,0
22540007013000,15,9,6,391.5
22540007014000,104,51,53,4347.2
22540007015000,36,19,17,1573.2
22540007019000,10,5,5,326
22540007020000,34,15,19,1084.6
22540007021000,4,3,1,0
22540007027000,47,25,22,1560.4
22540007030000,37,18,19,1631.7
22540007031000,6,3,3,192
22540007036000,67,35,32,2592.9
22540007037000,19,13,6,832.2
22540007038000,20,11,9,962
22540007039000,16,7,9,576
22540007040000,23,15,8,788.9
22540007050000,22,12,10,752.4
22540007051000,13,7,6,491.4
22540007055000,8,3,5,287.2
22540007058000,5,2,3,93
22540007059000,6,3,3,294
22540007060000,2,2,0,0
22540007061000,22,14,8,1148.4
22540007062000,24,13,11,792
22540007063000,9,5,4,339.3
22540007064000,19,12,7,993.7
22540007076000,2,1,1,0
22540007077000,3,2,1,0
22540007080000,1,1,0,0
22540007097000,5,4,1,234
22540007102000,11,5,6,393.8
22540007103000,15,9,6,763.5
22540007111000,10,7,3,506
22540007113000,7,4,3,305.2
22550006582000,5,3,2,295
22550006583000,218,112,106,7978.8
22550006584000,148,75,73,5801.6
22550006586000,22,11,11,633.6
22550006587000,9,4,5,329.4
22550006588000,32,18,14,1529.6
22550006589000,7,2,5,375.9
22550006590000,118,58,60,4330.6
22550006591000,432,218,214,14472
22550006592000,116,57,59,4512.4
22550006593000,1518,771,747,54040.8
22550006594000,1948,958,990,71491.6
22550006595000,2153,1057,1096,89780.1
22550006596000,1794,925,869,68530.8
22550006597000,2071,1000,1071,83668.4
22550006598000,1551,768,783,57387
22550006599000,804,409,395,31918.8
22550006600000,147,74,73,5600.7
22550006601000,13,7,6,445.9
22550006602000,181,92,89,6715.1
22550006603000,366,185,181,15042.6
22550006604000,303,151,152,13513.8
22550006605000,293,146,147,14503.5
22550006606000,49,26,23,2709.7
22550006607000,16,7,9,769.6
22550006608000,4,2,2,0
22550006609000,2,1,1,0
22550006610000,2,1,1,0
22550006612000,5,4,1,264
22550006613000,77,43,34,3041.5
22550006614000,84,46,38,3528
22550006615000,47,23,24,1837.7
22550006616000,4,2,2,0
22550006617000,5,2,3,310
22550006618000,19,10,9,976.6
22550006619000,35,21,14,1169
22550006620000,113,61,52,4226.2
22550006621000,919,422,497,33267.8
22550006622000,1663,802,861,59036.5
22550006623000,1385,678,707,58862.5
22550006624000,1236,614,622,48574.8
22550006625000,19,15,4,752.4
22550006626000,56,24,32,2570.4
22550006627000,30,17,13,1077
22550006628000,2,1,1,0
22550006630000,17,10,7,647.7
22550006631000,54,29,25,2295
22550006632000,3,2,1,0
22550006633000,7,4,3,230.3
22550006634000,7,3,4,270.9
22550006635000,32,17,15,1542.4
22550006636000,77,41,36,3234
22550006638000,2,2,0,0
22550006639000,425,201,224,14875
22550006640000,1220,587,633,53070
22550006641000,264,98,166,16605.6
22550006645000,4,3,1,0
22550006646000,503,235,268,19918.8
22550006647000,1507,754,753,56813.9
22550006648000,350,176,174,12145
22550006649000,1668,859,809,59380.8
22550006650000,2015,998,1017,71935.5
22550006651000,2620,1287,1333,96678
22550006652000,2329,1159,1170,82912.4
22550006653000,2512,1201,1311,97716.8
22550006654000,539,264,275,20859.3
22550006655000,260,129,131,10322
22550006656000,13,7,6,601.9
22550006657000,33,17,16,1089
22550006658000,24,12,12,1075.2
22550006659000,8,4,4,276
22550006660000,21,10,11,835.8
22550006661000,41,28,13,2226.3
22550006662000,27,13,14,1344.6
22550006687000,7,4,3,359.1
22550006688000,6,3,3,295.2
22550006690000,20,14,6,746
22550006691000,175,75,100,9257.5
22550006692000,248,125,123,10564.8
22550006693000,322,142,180,13169.8
22550006694000,136,65,71,5113.6
22550006695000,64,31,33,2163.2
22550006696000,25,14,11,1215
22550006697000,43,22,21,1621.1
22550006698000,57,27,30,2245.8
22550006699000,271,131,140,12466
22550006700000,136,60,76,6160.8
22550006701000,15,8,7,751.5
22550006702000,87,44,43,3671.4
22550006703000,745,372,373,28310
22550006704000,341,174,167,14560.7
22550006705000,253,126,127,9740.5
22550006706000,102,49,53,4824.6
22550006707000,22,12,10,752.4
22550006729000,15,9,6,445.5
22550006730000,82,42,40,3312.8
22550006731000,33,20,13,1382.7
22550006732000,37,19,18,1409.7
22550006733000,49,20,29,2386.3
22550006749000,3,2,1,0
22550006750000,42,21,21,1688.4
22550006751000,5,2,3,283
22550006752000,16,9,7,804.8
22550006753000,10,6,4,427
22550006757000,11,6,5,435.6
22550006758000,113,53,60,4531.3
22550006759000,31,17,14,1081.9
22550006767000,12,6,6,582
22550006768000,27,13,14,1074.6
22550006771000,136,71,65,5086.4
22550006772000,89,63,26,3613.4
22550006775000,9,5,4,434.7
22550006776000,38,22,16,1181.8
22550006777000,7,3,4,263.2
22550006778000,39,19,20,1657.5
22550006779000,25,12,13,1020
22550006780000,33,13,20,1009.8
22550006781000,35,21,14,1722
22550006782000,400,196,204,16120
22550006783000,1641,767,874,69414.3
22550006784000,2400,1103,1297,107520
22550006785000,2053,937,1116,94643.3
22550006786000,1841,886,955,72535.4
22550006787000,173,94,79,6816.2
22550006788000,2,1,1,0
22550006794000,3,2,1,0
22550006795000,20,8,12,620
22550006796000,30,16,14,900
22550006797000,167,87,80,6162.3
22550006798000,970,489,481,38509
22550006799000,253,127,126,11233.2
22550006800000,79,40,39,3578.7
22550006801000,41,22,19,1619.5
22550006802000,7,4,3,361.9
22550006803000,5,3,2,163
22550006856000,2,2,0,0
22550006857000,16,8,8,635.2
22550006866000,2,1,1,0
22550006905000,3,2,1,0
22550006952000,16,7,9,547.2
22550006954000,6,3,3,435
22550006971000,6,3,3,231
22550006975000,4,1,3,0
22550006977000,4,2,2,0
22550006979000,2,1,1,0
22550006980000,2,1,1,0
22550006981000,2,1,1,0
22550006987000,35,17,18,1403.5
22550006988000,138,70,68,4940.4
22550006989000,64,26,38,2764.8
22550006990000,48,23,25,1862.4
22550006991000,25,15,10,895
22550006997000,3,1,2,0
22550007010000,2,1,1,0
22550007011000,7,4,3,172.2
22550007012000,3,2,1,0
22550007015000,21,12,9,934.5
22550007016000,9,4,5,280.8
22550007017000,10,5,5,591
22550007018000,1,0,1,0
22550007019000,22,12,10,690.8
22550007020000,58,28,30,2076.4
22550007021000,6,3,3,273
22550007030000,3,3,0,0
22550007034000,34,13,21,1417.8
22550007035000,26,14,12,1346.8
22550007036000,35,19,16,1417.5
22550007037000,10,5,5,277
22550007038000,11,8,3,356.4
22550007039000,2,2,0,0
22550007040000,2,1,1,0
22550007041000,21,12,9,1003.8
22550007050000,83,45,38,3062.7
22550007051000,6,4,2,328.2
22550007056000,16,8,8,736
22550007057000,6,4,2,232.2
22550007058000,10,4,6,408
22550007059000,13,7,6,432.9
22550007060000,34,19,15,1292
22550007061000,5,1,4,183
22550007062000,21,14,7,947.1
22550007063000,7,4,3,252.7
22550007064000,6,2,4,252
22550007065000,12,7,5,475.2
22550007074000,4,2,2,0
22550007075000,1,0,1,0
22550007078000,6,3,3,340.2
22550007084000,1,1,0,0
22550007097000,4,2,2,0
22550007098000,12,6,6,644.4
22550007103000,42,19,23,1881.6
22550007104000,6,2,4,205.8
22550007105000,8,7,1,336
22550007106000,3,2,1,0
22550007110000,28,18,10,1209.6
22550007111000,14,9,5,767.2
22560006574000,16,7,9,644.8
22560006575000,73,35,38,3270.4
22560006576000,83,40,43,3261.9
22560006577000,5,3,2,145
22560006578000,32,19,13,1305.6
22560006584000,36,17,19,1965.6
22560006585000,244,115,129,9979.6
22560006586000,57,29,28,2485.2
22560006587000,27,15,12,1182.6
22560006588000,6,3,3,429
22560006589000,28,12,16,1072.4
22560006590000,22,9,13,1051.6
22560006591000,21,10,11,688.8
22560006592000,212,113,99,7907.6
22560006593000,19,10,9,587.1
22560006594000,51,27,24,1968.6
22560006595000,307,159,148,11266.9
22560006596000,341,169,172,10809.7
22560006597000,49,25,24,1832.6
22560006598000,633,316,317,25320
22560006599000,785,388,397,27789
22560006600000,612,304,308,21664.8
22560006601000,410,215,195,13079
22560006602000,362,168,194,14986.8
22560006603000,567,288,279,19504.8
22560006604000,1323,655,668,45114.3
22560006605000,655,317,338,25217.5
22560006606000,1180,576,604,48144
22560006607000,106,56,50,5024.4
22560006608000,72,35,37,3405.6
22560006609000,21,9,12,709.8
22560006610000,23,13,10,883.2
22560006611000,4,3,1,0
22560006612000,9,6,3,368.1
22560006613000,31,19,12,1422.9
22560006614000,49,26,23,2131.5
22560006615000,22,9,13,992.2
22560006616000,2,1,1,0
22560006617000,8,5,3,256.8
22560006618000,18,10,8,770.4
22560006619000,31,17,14,1205.9
22560006620000,28,15,13,1010.8
22560006621000,41,14,27,1623.6
22560006622000,26,13,13,837.2
22560006623000,36,19,17,1461.6
22560006624000,306,152,154,10587.6
22560006626000,5,4,1,262
22560006627000,44,26,18,1509.2
22560006628000,20,10,10,702
22560006629000,16,9,7,713.6
22560006630000,24,12,12,1214.4
22560006631000,31,16,15,1023
22560006632000,51,23,28,1968.6
22560006633000,22,12,10,882.2
22560006634000,2,1,1,0
22560006635000,16,7,9,420.8
22560006636000,4,2,2,0
22560006637000,32,16,16,1180.8
22560006638000,2,2,0,0
22560006639000,19,11,8,642.2
22560006640000,42,17,25,1818.6
22560006641000,223,110,113,10191.1
22560006642000,1195,596,599,47441.5
22560006643000,711,348,363,29008.8
22560006644000,282,149,133,11844
22560006648000,33,15,18,1217.7
22560006649000,856,429,427,39204.8
22560006650000,4074,1988,2086,155626.8
22560006651000,3095,1487,1608,136180
22560006652000,4277,2064,2213,169369.2
22560006653000,3565,1729,1836,139748
22560006654000,3141,1535,1606,114018.3
22560006655000,1612,764,848,69477.2
22560006656000,486,233,253,22113
22560006657000,17,12,5,877.2
22560006658000,141,70,71,5132.4
22560006659000,23,8,15,915.4
22560006660000,18,8,10,666
22560006661000,139,70,69,4517.5
22560006686000,10,5,5,511
22560006687000,6,1,5,222
22560006688000,3,2,1,0
22560006689000,1,0,1,0
22560006690000,13,7,6,786.5
22560006691000,8,6,2,388.8
22560006692000,96,46,50,4041.6
22560006693000,169,77,92,7959.9
22560006694000,94,51,43,4070.2
22560006695000,30,14,16,1365
22560006696000,19,9,10,1033.6
22560006697000,55,27,28,2178
22560006698000,121,66,55,5118.3
22560006699000,450,183,267,23220
22560006700000,528,253,275,22862.4
22560006701000,41,22,19,1763
22560006702000,292,150,142,12147.2
22560006703000,256,131,125,9702.4
22560006704000,126,66,60,5065.2
22560006705000,107,54,53,4387
22560006706000,95,47,48,4180
22560006707000,45,27,18,1921.5
22560006708000,12,7,5,482.4
22560006710000,6,3,3,385.8
22560006711000,3,2,1,0
22560006722000,3,2,1,0
22560006723000,2,0,2,0
22560006724000,3,1,2,0
22560006733000,12,6,6,484.8
22560006735000,9,4,5,188.1
22560006742000,1,0,1,0
22560006749000,28,14,14,1033.2
22560006750000,52,25,27,2360.8
22560006751000,15,8,7,610.5
22560006753000,27,15,12,877.5
22560006756000,2,1,1,0
22560006757000,19,10,9,870.2
22560006758000,20,10,10,760
22560006759000,4,2,2,0
22560006767000,40,21,19,1396
22560006768000,6,3,3,292.8
22560006769000,2,1,1,0
22560006770000,56,31,25,2016
22560006771000,27,15,12,1174.5
22560006774000,13,6,7,436.8
22560006775000,52,31,21,2516.8
22560006776000,69,32,37,2684.1
22560006777000,12,6,6,594
22560006779000,11,4,7,519.2
22560006780000,257,128,129,8275.4
22560006781000,540,267,273,19548
22560006782000,2020,968,1052,83426
22560006783000,1244,589,655,54860.4
22560006784000,949,443,506,39858
22560006785000,749,364,385,32581.5
22560006786000,659,322,337,27546.2
22560006787000,139,76,63,5963.1
22560006788000,8,4,4,275.2
22560006794000,54,27,27,2332.8
22560006795000,76,38,38,3245.2
22560006796000,83,40,43,3278.5
22560006797000,31,19,12,1255.5
22560006798000,87,40,47,3166.8
22560006799000,84,44,40,3637.2
22560006800000,28,12,16,1027.6
22560006857000,11,5,6,588.5
22560006865000,1,1,0,0
22560006905000,3,2,1,0
22560006949000,23,13,10,984.4
22560006950000,10,4,6,337
22560006951000,57,27,30,2251.5
22560006952000,6,4,2,382.2
22560006982000,10,5,5,425
22560006985000,21,10,11,1031.1
22560006986000,51,26,25,1734
22560006987000,44,23,21,1553.2
22560006988000,96,50,46,3782.4
22560006989000,110,49,61,5148
22560006990000,8,5,3,368.8
22560006991000,33,14,19,1316.7
22560006992000,21,10,11,705.6
22560007006000,4,2,2,0
22560007012000,17,7,10,530.4
22560007013000,7,3,4,291.9
22560007017000,2,1,1,0
22560007021000,3,3,0,0
22560007028000,381,191,190,12458.7
22560007029000,155,78,77,4541.5
22560007030000,92,49,43,3597.2
22560007034000,49,27,22,1808.1
22560007035000,25,14,11,1032.5
22560007036000,18,10,8,644.4
22560007037000,18,9,9,806.4
22560007038000,35,19,16,1421
22560007040000,10,6,4,424
22560007041000,74,44,30,2730.6
22560007042000,15,8,7,585
22560007050000,33,14,19,854.7
22560007051000,6,2,4,241.8
22560007053000,4,2,2,0
22560007054000,2,1,1,0
22560007055000,7,5,2,228.2
22560007056000,30,14,16,1197
22560007057000,50,26,24,1720
22560007058000,5,4,1,176
22560007060000,29,18,11,1073
22560007062000,8,5,3,343.2
22560007063000,8,5,3,407.2
22560007065000,13,5,8,664.3
22560007075000,9,7,2,251.1
22560007076000,3,2,1,0
22560007078000,4,3,1,0
22560007079000,151,70,81,7066.8
22560007081000,2,1,1,0
22560007082000,1,1,0,0
22560007083000,7,5,2,259
22560007084000,9,4,5,340.2
22560007099000,4,1,3,0
22560007105000,9,5,4,486.9
22560007107000,16,9,7,574.4
22560007108000,12,9,3,496.8
22560007111000,86,48,38,3784
22560007113000,5,3,2,199
22560007114000,6,3,3,378
22570006573000,2,1,1,0
22570006574000,45,18,27,1998
22570006575000,573,273,300,24180.6
22570006576000,386,203,183,14783.8
22570006577000,235,115,120,9376.5
22570006578000,204,106,98,8914.8
22570006579000,42,23,19,1940.4
22570006580000,52,25,27,1955.2
22570006582000,24,14,10,1216.8
22570006583000,2,1,1,0
22570006586000,7,3,4,266
22570006587000,19,11,8,509.2
22570006588000,43,20,23,1870.5
22570006589000,323,164,159,12209.4
22570006590000,37,19,18,1339.4
22570006591000,132,75,57,4804.8
22570006592000,171,83,88,6378.3
22570006593000,12,5,7,573.6
22570006597000,22,11,11,765.6
22570006599000,4,2,2,0
22570006602000,4,2,2,0
22570006603000,53,30,23,2003.4
22570006604000,1,1,0,0
22570006605000,287,126,161,11365.2
22570006606000,724,350,374,26498.4
22570006607000,8,6,2,340
22570006608000,22,11,11,972.4
22570006609000,52,29,23,1976
22570006610000,4,3,1,0
22570006611000,8,3,5,288
22570006612000,63,37,26,2532.6
22570006613000,306,158,148,12117.6
22570006614000,1620,805,815,53460
22570006615000,27,17,10,1034.1
22570006616000,11,5,6,416.9
22570006617000,11,6,5,575.3
22570006618000,18,11,7,675
22570006619000,14,8,6,537.6
22570006620000,44,22,22,1905.2
22570006621000,15,6,9,607.5
22570006622000,49,29,20,1803.2
22570006623000,15,8,7,526.5
22570006624000,67,39,28,2472.3
22570006626000,3,2,1,0
22570006628000,28,13,15,834.4
22570006629000,21,12,9,804.3
22570006630000,2,1,1,0
22570006631000,6,3,3,361.2
22570006632000,32,17,15,1465.6
22570006633000,21,8,13,919.8
22570006634000,60,33,27,2460
22570006635000,22,12,10,750.2
22570006636000,5,3,2,255
22570006637000,144,72,72,5500.8
22570006638000,15,7,8,556.5
22570006639000,40,19,21,1596
22570006640000,168,83,85,7492.8
22570006641000,139,70,69,4712.1
22570006642000,1095,524,571,37230
22570006643000,2518,1182,1336,95432.2
22570006644000,623,308,315,24297
22570006647000,11,6,5,647.9
22570006648000,26,15,11,681.2
22570006649000,12,8,4,451.2
22570006650000,3444,1680,1764,132594
22570006651000,3460,1619,1841,149818
22570006652000,2438,1200,1238,106053
22570006653000,4578,2039,2539,178084.2
22570006654000,3740,1796,1944,146982
22570006655000,2171,1055,1116,90096.5
22570006656000,1812,882,930,69943.2
22570006657000,434,233,201,13237
22570006660000,2,1,1,0
22570006662000,10,5,5,365
22570006686000,5,2,3,267
22570006687000,6,3,3,274.8
22570006688000,9,3,6,344.7
22570006689000,31,16,15,1466.3
22570006690000,47,27,20,2068
22570006691000,567,293,274,22509.9
22570006692000,250,132,118,9950
22570006693000,100,51,49,4220
22570006694000,34,16,18,1815.6
22570006695000,34,17,17,1326
22570006696000,77,37,40,3280.2
22570006697000,29,15,14,968.6
22570006698000,27,14,13,1104.3
22570006699000,87,45,42,3262.5
22570006700000,243,114,129,10570.5
22570006701000,36,14,22,1108.8
22570006702000,87,48,39,3175.5
22570006703000,108,57,51,4384.8
22570006704000,29,17,12,1035.3
22570006705000,51,24,27,1999.2
22570006706000,28,20,8,1041.6
22570006707000,2,1,1,0
22570006708000,21,10,11,772.8
22570006722000,5,2,3,262
22570006723000,8,4,4,412
22570006724000,19,10,9,748.6
22570006725000,14,7,7,568.4
22570006730000,10,7,3,413
22570006731000,5,2,3,352
22570006733000,4,3,1,0
22570006734000,13,4,9,521.3
22570006735000,26,14,12,995.8
22570006736000,26,12,14,1242.8
22570006743000,3,1,2,0
22570006744000,3,1,2,0
22570006745000,9,4,5,403.2
22570006748000,96,49,47,4108.8
22570006749000,50,28,22,2245
22570006750000,82,41,41,2952
22570006751000,12,6,6,529.2
22570006757000,4,3,1,0
22570006758000,15,8,7,523.5
22570006759000,5,3,2,169
22570006764000,4,2,2,0
22570006767000,30,16,14,1335
22570006768000,6,3,3,309
22570006769000,5,2,3,177
22570006770000,40,17,23,1400
22570006772000,3,1,2,0
22570006773000,10,6,4,380
22570006774000,14,8,6,610.4
22570006775000,71,36,35,2868.4
22570006776000,8,4,4,298.4
22570006777000,5,3,2,300
22570006780000,24,11,13,972
22570006781000,213,119,94,7689.3
22570006782000,1074,535,539,40275
22570006783000,46,23,23,1922.8
22570006784000,28,14,14,1024.8
22570006785000,19,9,10,809.4
22570006786000,109,55,54,3618.8
22570006787000,45,22,23,2133
22570006798000,13,7,6,481
22570006799000,12,6,6,452.4
22570006858000,4,3,1,0
22570006904000,7,2,5,315
22570006947000,12,6,6,343.2
22570006948000,7,2,5,186.9
22570006949000,10,7,3,412
22570006950000,2,1,1,0
22570006977000,1,1,0,0
22570006978000,4,2,2,0
22570006979000,7,4,3,251.3
22570006982000,4,1,3,0
22570006983000,7,4,3,249.2
22570006984000,4,2,2,0
22570006985000,15,7,8,538.5
22570006986000,17,10,7,661.3
22570006987000,87,51,36,3532.2
22570006988000,25,16,9,942.5
22570006989000,18,11,7,757.8
22570006990000,35,16,19,987
22570007005000,9,4,5,363.6
22570007006000,48,24,24,1675.2
22570007010000,6,3,3,307.8
22570007011000,21,9,12,871.5
22570007012000,7,5,2,277.9
22570007016000,12,7,5,386.4
22570007021000,22,11,11,765.6
22570007022000,57,27,30,2371.2
22570007023000,2,1,1,0
22570007024000,22,10,12,668.8
22570007027000,110,56,54,3608
22570007028000,335,178,157,10452
22570007029000,500,267,233,16700
22570007030000,11,5,6,452.1
22570007033000,35,22,13,1354.5
22570007034000,58,28,30,1954.6
22570007035000,30,16,14,1155
22570007036000,31,18,13,1100.5
22570007037000,4,2,2,0
22570007038000,8,3,5,307.2
22570007039000,8,4,4,379.2
22570007040000,37,16,21,1509.6
22570007041000,284,146,138,10167.2
22570007042000,20,11,9,824
22570007050000,2,1,1,0
22570007051000,17,8,9,678.3
22570007054000,3,2,1,0
22570007057000,7,3,4,258.3
22570007062000,6,3,3,126
22570007063000,1,0,1,0
22570007065000,6,4,2,220.2
22570007066000,25,11,14,1035
22570007074000,5,0,5,118
22570007076000,3,2,1,0
22570007077000,12,7,5,511.2
22570007078000,15,6,9,673.5
22570007079000,70,31,39,2912
22570007080000,41,19,22,2197.6
22570007083000,28,11,17,1380.4
22570007084000,6,2,4,369
22570007097000,6,2,4,373.2
22570007098000,8,5,3,274.4
22570007099000,6,3,3,378
22570007100000,3,2,1,0
22570007106000,4,3,1,0
22570007107000,9,4,5,569.7
22570007108000,2,1,1,0
22570007109000,2,1,1,0
22570007111000,29,13,16,1470.3
22570007112000,9,5,4,414.9
22570007113000,7,3,4,475.3
22580006570000,2,2,0,0
22580006575000,29,13,16,1189
22580006576000,81,44,37,2924.1
22580006577000,301,149,152,11558.4
22580006578000,50,26,24,2125
22580006579000,232,115,117,9256.8
22580006580000,990,490,500,40689
22580006581000,73,38,35,3036.8
22580006583000,11,5,6,487.3
22580006585000,3,2,1,0
22580006586000,9,4,5,387
22580006587000,23,12,11,936.1
22580006588000,27,16,11,918
22580006589000,132,64,68,6784.8
22580006590000,946,481,465,40488.8
22580006591000,31,14,17,1184.2
22580006592000,26,16,10,1151.8
22580006594000,4,2,2,0
22580006597000,8,4,4,335.2
22580006598000,1,1,0,0
22580006599000,4,3,1,0
22580006604000,11,6,5,644.6
22580006605000,12,6,6,667.2
22580006606000,3,2,1,0
22580006607000,107,58,49,3595.2
22580006608000,25,11,14,740
22580006609000,11,6,5,459.8
22580006610000,38,22,16,1596
22580006611000,12,7,5,606
22580006612000,8,4,4,324
22580006613000,454,219,235,13756.2
22580006614000,229,112,117,8450.1
22580006615000,28,15,13,1050
22580006616000,13,8,5,349.7
22580006617000,10,5,5,364
22580006618000,20,7,13,532
22580006619000,18,8,10,748.8
22580006620000,8,4,4,240
22580006621000,100,49,51,3730
22580006622000,18,8,10,603
22580006623000,27,15,12,1161
22580006624000,147,77,70,5042.1
22580006625000,38,22,16,1459.2
22580006626000,17,7,10,788.8
22580006628000,25,11,14,927.5
22580006629000,44,22,22,1650
22580006630000,10,6,4,505
22580006631000,110,58,52,4136
22580006632000,25,11,14,920
22580006633000,86,35,51,3242.2
22580006634000,190,95,95,8018
22580006635000,92,49,43,3698.4
22580006636000,147,76,71,5997.6
22580006637000,192,97,95,7027.2
22580006638000,174,95,79,6890.4
22580006639000,230,127,103,8234
22580006640000,1207,568,639,43331.3
22580006641000,1555,757,798,52870
22580006642000,326,165,161,11736
22580006643000,1,1,0,0
22580006647000,393,192,201,16623.9
22580006648000,2410,1164,1246,98569
22580006649000,54,27,27,2322
22580006650000,2385,1195,1190,92776.5
22580006651000,5337,2524,2813,213480
22580006652000,2634,1249,1385,100618.8
22580006653000,2991,1472,1519,103189.5
22580006654000,2961,1431,1530,123177.6
22580006655000,306,155,151,10832.4
22580006656000,572,296,276,17388.8
22580006657000,34,18,16,1196.8
22580006659000,2,1,1,0
22580006661000,1,1,0,0
22580006662000,7,4,3,357.7
22580006667000,4,3,1,0
22580006674000,1,1,0,0
22580006686000,7,4,3,277.2
22580006687000,32,15,17,1155.2
22580006688000,4,1,3,0
22580006689000,1,0,1,0
22580006690000,57,23,34,2291.4
22580006691000,144,79,65,6566.4
22580006692000,69,39,30,3091.2
22580006693000,55,25,30,2062.5
22580006694000,39,20,19,1466.4
22580006695000,29,13,16,1307.9
22580006696000,99,52,47,4336.2
22580006697000,47,26,21,1602.7
22580006698000,38,18,20,1417.4
22580006699000,129,66,63,5379.3
22580006700000,63,27,36,2702.7
22580006701000,60,31,29,2718
22580006722000,1,1,0,0
22580006724000,14,8,6,383.6
22580006725000,5,2,3,91
22580006727000,5,3,2,294
22580006728000,166,84,82,6075.6
22580006729000,192,100,92,7449.6
22580006733000,5,3,2,232
22580006735000,70,36,34,3157
22580006736000,50,23,27,2065
22580006737000,64,36,28,3104
22580006738000,44,23,21,1641.2
22580006739000,10,4,6,307
22580006740000,14,6,8,677.6
22580006741000,18,9,9,736.2
22580006742000,4,2,2,0
22580006743000,40,18,22,1668
22580006744000,10,5,5,479
22580006745000,5,3,2,274
22580006746000,39,19,20,1388.4
22580006747000,18,10,8,883.8
22580006748000,124,69,55,5071.6
22580006749000,21,10,11,693
22580006750000,54,29,25,2851.2
22580006751000,20,8,12,772
22580006753000,8,3,5,408.8
22580006757000,3,2,1,0
22580006758000,34,16,18,1669.4
22580006759000,28,14,14,926.8
22580006764000,25,18,7,1140
22580006765000,12,7,5,504
22580006766000,13,8,5,643.5
22580006767000,10,6,4,377
22580006768000,17,8,9,778.6
22580006769000,81,41,40,3377.7
22580006772000,3,1,2,0
22580006773000,3,1,2,0
22580006774000,6,3,3,201
22580006775000,75,36,39,2587.5
22580006776000,9,5,4,368.1
22580006779000,13,7,6,474.5
22580006780000,27,13,14,1328.4
22580006781000,680,322,358,21216
22580006782000,985,484,501,35854
22580006783000,9,3,6,372.6
22580006786000,32,17,15,1299.2
22580006787000,15,7,8,892.5
22580006795000,2,0,2,0
22580006800000,1,1,0,0
22580006858000,3,2,1,0
22580006904000,2,1,1,0
22580006905000,1,1,0,0
22580006946000,31,13,18,889.7
22580006947000,15,6,9,505.5
22580006972000,2,1,1,0
22580006975000,8,3,5,287.2
22580006976000,4,2,2,0
22580006977000,5,1,4,121
22580006978000,6,4,2,372
22580006979000,7,3,4,238.7
22580006980000,4,2,2,0
22580006981000,13,5,8,426.4
22580006982000,17,8,9,870.4
22580006983000,30,18,12,1107
22580006984000,17,9,8,912.9
22580006985000,26,10,16,1099.8
22580006986000,17,8,9,732.7
22580006987000,13,8,5,608.4
22580006990000,16,12,4,692.8
22580006991000,9,5,4,513.9
22580006992000,6,4,2,337.2
22580006993000,15,8,7,756
22580006994000,20,9,11,744
22580006995000,8,3,5,208.8
22580007005000,21,12,9,913.5
22580007006000,150,73,77,6255
22580007007000,42,22,20,1390.2
22580007008000,12,7,5,411.6
22580007022000,22,12,10,818.4
22580007023000,40,26,14,1440
22580007024000,91,48,43,3694.6
22580007025000,24,11,13,972
22580007026000,59,33,26,2637.3
22580007027000,16,8,8,916.8
22580007028000,28,13,15,1150.8
22580007029000,521,256,265,19589.6
22580007033000,161,88,73,5876.5
22580007034000,455,205,250,18473
22580007035000,42,24,18,1541.4
22580007036000,79,34,45,2875.6
22580007037000,90,42,48,3987
22580007038000,54,24,30,2089.8
22580007039000,32,13,19,1097.6
22580007040000,83,43,40,3411.3
22580007041000,27,16,11,1155.6
22580007042000,60,33,27,2760
22580007043000,47,27,20,1776.6
22580007051000,7,4,3,380.8
22580007052000,28,10,18,935.2
22580007053000,2,1,1,0
22580007057000,7,3,4,347.9
22580007060000,1,0,1,0
22580007063000,9,5,4,383.4
22580007065000,16,9,7,481.6
22580007066000,29,17,12,1247
22580007067000,6,2,4,280.2
22580007077000,23,12,11,1230.5
22580007078000,29,15,14,988.9
22580007080000,14,5,9,624.4
22580007081000,8,5,3,470.4
22580007084000,7,4,3,340.2
22580007085000,15,7,8,310.5
22580007098000,27,14,13,1266.3
22580007099000,1,1,0,0
22580007100000,16,9,7,684.8
22580007102000,4,1,3,0
22580007103000,9,5,4,360
22580007105000,1,0,1,0
22580007107000,34,18,16,1516.4
22580007108000,7,5,2,245.7
22580007109000,6,4,2,346.2
22580007110000,48,20,28,2736
22580007111000,4,2,2,0
22580007112000,17,8,9,941.8
22580007113000,1,1,0,0
22580007115000,36,18,18,1342.8
22580007126000,2,1,1,0
22590006571000,81,38,43,3620.7
22590006572000,83,47,36,3569
22590006575000,35,20,15,1886.5
22590006576000,47,27,20,2129.1
22590006577000,520,249,271,19968
22590006578000,427,212,215,16653
22590006579000,27,14,13,1379.7
22590006580000,355,180,175,13028.5
22590006581000,531,281,250,19169.1
22590006582000,15,8,7,541.5
22590006583000,1,1,0,0
22590006585000,42,24,18,1541.4
22590006586000,4,2,2,0
22590006587000,64,31,33,2137.6
22590006588000,104,50,54,4108
22590006589000,834,421,413,36612.6
22590006590000,46,23,23,2014.8
22590006591000,61,32,29,2562
22590006592000,3,2,1,0
22590006593000,3,2,1,0
22590006598000,13,6,7,513.5
22590006599000,13,7,6,595.4
22590006600000,8,2,6,196.8
22590006603000,4,2,2,0
22590006604000,5,1,4,216
22590006605000,35,21,14,1452.5
22590006606000,40,20,20,1644
22590006607000,235,117,118,8366
22590006608000,396,209,187,13780.8
22590006609000,21,12,9,1035.3
22590006610000,119,63,56,4379.2
22590006611000,63,35,28,1890
22590006612000,15,5,10,654
22590006613000,34,18,16,1373.6
22590006614000,34,17,17,1557.2
22590006615000,250,122,128,10900
22590006616000,429,224,205,16216.2
22590006617000,100,50,50,3170
22590006618000,17,10,7,615.4
22590006619000,8,4,4,376
22590006620000,16,6,10,563.2
22590006621000,103,58,45,3584.4
22590006622000,41,26,15,1398.1
22590006623000,51,26,25,1795.2
22590006624000,56,28,28,2245.6
22590006625000,23,10,13,903.9
22590006627000,5,4,1,257
22590006628000,46,20,26,1890.6
22590006629000,28,12,16,1254.4
22590006630000,38,22,16,1299.6
22590006631000,113,53,60,4734.7
22590006632000,23,11,12,1076.4
22590006633000,57,27,30,2804.4
22590006634000,96,46,50,4204.8
22590006635000,14,6,8,565.6
22590006636000,6,1,5,106.8
22590006637000,12,5,7,459.6
22590006648000,592,286,306,20779.2
22590006649000,961,467,494,43148.9
22590006650000,7277,3524,3753,298357
22590006651000,1722,847,875,62853
22590006652000,3517,1714,1803,132942.6
22590006653000,2939,1382,1557,112563.7
22590006654000,2526,1210,1316,94472.4
22590006655000,308,152,156,11550
22590006659000,4,0,4,0
22590006664000,2,2,0,0
22590006671000,2,2,0,0
22590006687000,884,445,439,30940
22590006688000,451,220,231,16326.2
22590006690000,22,11,11,1049.4
22590006691000,65,31,34,2593.5
22590006692000,31,18,13,1181.1
22590006693000,57,32,25,2479.5
22590006694000,70,39,31,2625
22590006695000,66,33,33,2937
22590006718000,3,2,1,0
22590006719000,7,4,3,238.7
22590006721000,13,6,7,590.2
22590006722000,27,16,11,1225.8
22590006723000,5,2,3,201
22590006724000,17,7,10,542.3
22590006725000,14,5,9,445.2
22590006726000,7,4,3,275.8
22590006727000,3,2,1,0
22590006728000,128,63,65,5017.6
22590006729000,263,132,131,12597.7
22590006730000,36,17,19,1490.4
22590006731000,11,10,1,448.8
22590006732000,67,34,33,2726.9
22590006733000,22,13,9,860.2
22590006734000,1,1,0,0
22590006735000,56,27,29,2335.2
22590006736000,12,9,3,578.4
22590006737000,73,38,35,2920
22590006738000,130,69,61,5148
22590006739000,410,212,198,17589
22590006740000,93,48,45,3375.9
22590006742000,14,9,5,548.8
22590006743000,51,22,29,2116.5
22590006744000,34,17,17,1638.8
22590006745000,12,6,6,686.4
22590006746000,9,5,4,307.8
22590006747000,9,4,5,451.8
22590006748000,308,150,158,11088
22590006749000,196,101,95,7448
22590006750000,51,22,29,2305.2
22590006751000,31,19,12,1035.4
22590006752000,4,1,3,0
22590006753000,21,11,10,495.6
22590006757000,1,0,1,0
22590006758000,55,25,30,2596
22590006759000,12,5,7,504
22590006763000,31,16,15,1298.9
22590006764000,16,6,10,628.8
22590006765000,20,11,9,658
22590006766000,61,34,27,2549.8
22590006767000,43,18,25,1866.2
22590006768000,2,1,1,0
22590006769000,53,28,25,2130.6
22590006771000,3,2,1,0
22590006772000,63,34,29,2186.1
22590006773000,6,4,2,393
22590006774000,337,168,169,12401.6
22590006775000,76,42,34,2903.2
22590006778000,6,2,4,303
22590006779000,4,2,2,0
22590006780000,17,10,7,775.2
22590006781000,70,32,38,2576
22590006782000,45,26,19,1620
22590006783000,2,0,2,0
22590006786000,22,10,12,970.2
22590006787000,7,4,3,277.9
22590006795000,2,2,0,0
22590006796000,3,2,1,0
22590006800000,3,2,1,0
22590006858000,1,1,0,0
22590006859000,2,1,1,0
22590006904000,2,1,1,0
22590006909000,8,4,4,280.8
22590006945000,50,24,26,2845
22590006946000,11,7,4,590.7
22590006947000,3,2,1,0
22590006973000,5,3,2,137
22590006974000,3,2,1,0
22590006980000,4,3,1,0
22590006981000,22,11,11,1012
22590006982000,4,3,1,0
22590006983000,4,2,2,0
22590006991000,7,5,2,112.7
22590006992000,18,8,10,635.4
22590006993000,26,17,9,980.2
22590006994000,4,3,1,0
22590006995000,12,4,8,444
22590006996000,18,12,6,712.8
22590006997000,22,7,15,783.2
22590007003000,27,16,11,1085.4
22590007004000,64,34,30,2547.2
22590007005000,90,48,42,3447
22590007006000,427,219,208,13834.8
22590007007000,161,84,77,5860.4
22590007008000,51,25,26,1800.3
22590007009000,68,35,33,2679.2
22590007015000,1,1,0,0
22590007023000,118,68,50,3658
22590007024000,27,15,12,1169.1
22590007025000,4,2,2,0
22590007026000,19,9,10,649.8
22590007027000,43,21,22,1827.5
22590007028000,88,45,43,3467.2
22590007029000,344,177,167,13347.2
22590007030000,185,93,92,6771
22590007033000,37,23,14,1468.9
22590007034000,40,20,20,1396
22590007035000,38,17,21,1679.6
22590007036000,7,2,5,140.7
22590007041000,6,1,5,211.2
22590007042000,185,93,92,6586
22590007043000,24,14,10,1183.2
22590007044000,8,6,2,202.4
22590007052000,1,0,1,0
22590007053000,2,1,1,0
22590007057000,2,1,1,0
22590007063000,3,2,1,0
22590007064000,2,1,1,0
22590007066000,24,9,15,775.2
22590007067000,26,11,15,803.4
22590007078000,91,44,47,3731
22590007079000,1,1,0,0
22590007084000,20,11,9,662
22590007085000,5,3,2,304
22590007098000,8,6,2,379.2
22590007099000,1,0,1,0
22590007100000,9,4,5,493.2
22590007102000,3,2,1,0
22590007103000,22,12,10,899.8
22590007107000,1,0,1,0
22590007108000,5,4,1,267
22590007109000,42,25,17,1911
22590007110000,56,32,24,2273.6
22590007111000,4,2,2,0
22590007112000,2,1,1,0
22590007126000,1,1,0,0
22600006569000,66,36,30,2541
22600006570000,149,77,72,6690.1
22600006571000,25,13,12,1135
22600006572000,55,32,23,2436.5
22600006574000,9,6,3,216.9
22600006575000,23,11,12,839.5
22600006576000,13,8,5,751.4
22600006577000,34,15,19,1336.2
22600006578000,11,5,6,525.8
22600006579000,25,13,12,1155
22600006580000,32,18,14,1558.4
22600006581000,24,12,12,945.6
22600006582000,48,22,26,2332.8
22600006583000,9,4,5,459
22600006584000,4,3,1,0
22600006585000,20,10,10,1148
22600006586000,36,19,17,1418.4
22600006587000,30,14,16,1095
22600006588000,164,77,87,6937.2
22600006589000,124,60,64,6014
22600006590000,22,15,7,833.8
22600006591000,14,6,8,638.4
22600006592000,3,2,1,0
22600006593000,2,1,1,0
22600006596000,22,15,7,1009.8
22600006598000,3,2,1,0
22600006599000,196,99,97,7546
22600006600000,25,11,14,927.5
22600006601000,13,7,6,352.3
22600006604000,11,5,6,478.5
22600006605000,13,5,8,721.5
22600006606000,12,7,5,471.6
22600006607000,41,23,18,1566.2
22600006608000,26,14,12,1034.8
22600006610000,31,16,15,1370.2
22600006611000,1,1,0,0
22600006612000,14,8,6,582.4
22600006613000,16,9,7,582.4
22600006614000,1868,920,948,76401.2
22600006615000,906,442,464,34156.2
22600006616000,570,284,286,22800
22600006617000,15,9,6,466.5
22600006618000,15,9,6,649.5
22600006619000,10,7,3,370
22600006620000,114,62,52,3602.4
22600006621000,246,128,118,8610
22600006622000,97,55,42,4180.7
22600006623000,41,21,20,1250.5
22600006624000,5,4,1,150
22600006625000,53,28,25,2077.6
22600006626000,62,31,31,1922
22600006627000,10,7,3,390
22600006628000,174,90,84,5202.6
22600006629000,226,118,108,9153
22600006630000,183,88,95,7503
22600006631000,156,82,74,5553.6
22600006632000,18,9,9,855
22600006633000,7,3,4,336.7
22600006634000,120,64,56,5232
22600006635000,43,20,23,1608.2
22600006636000,4,2,2,0
22600006637000,2,1,1,0
22600006648000,781,432,349,32411.5
22600006649000,10374,5260,5114,399399
22600006650000,13547,6567,6980,531042.4
22600006651000,9408,4649,4759,369734.4
22600006652000,2175,1036,1139,87217.5
22600006653000,1338,656,682,52717.2
22600006654000,1953,952,1001,76557.6
22600006655000,82,41,41,3157
22600006680000,5,4,1,124
22600006681000,12,5,7,598.8
22600006682000,84,43,41,3385.2
22600006683000,27,14,13,1298.7
22600006687000,30,12,18,1299
22600006688000,184,93,91,6900
22600006689000,56,31,25,2150.4
22600006690000,37,18,19,1298.7
22600006691000,79,42,37,3325.9
22600006692000,71,29,42,2492.1
22600006693000,82,41,41,2755.2
22600006694000,68,31,37,2835.6
22600006710000,5,4,1,195
22600006717000,14,6,8,593.6
22600006718000,11,6,5,627
22600006719000,26,11,15,1136.2
22600006720000,28,15,13,1089.2
22600006721000,39,17,22,1462.5
22600006722000,20,8,12,916
22600006723000,18,8,10,903.6
22600006724000,13,6,7,478.4
22600006726000,10,6,4,433
22600006727000,10,6,4,408
22600006728000,9,5,4,347.4
22600006729000,6,4,2,187.8
22600006730000,2,1,1,0
22600006731000,13,7,6,503.1
22600006732000,17,10,7,542.3
22600006733000,6,3,3,313.8
22600006734000,178,91,87,7529.4
22600006735000,461,242,219,18440
22600006736000,68,34,34,3073.6
22600006737000,40,18,22,1572
22600006738000,377,186,191,13685.1
22600006739000,1042,487,555,46785.8
22600006740000,701,366,335,26077.2
22600006741000,13,7,6,452.4
22600006742000,3,1,2,0
22600006743000,2,1,1,0
22600006744000,41,22,19,1832.7
22600006745000,23,12,11,1214.4
22600006747000,25,14,11,642.5
22600006748000,342,177,165,11833.2
22600006749000,35,17,18,1487.5
22600006750000,49,26,23,1876.7
22600006751000,6,2,4,190.8
22600006752000,37,18,19,1480
22600006753000,14,8,6,750.4
22600006758000,94,51,43,4126.6
22600006759000,13,5,8,578.5
22600006763000,8,4,4,356
22600006764000,2,1,1,0
22600006765000,20,11,9,774
22600006766000,114,61,53,4446
22600006767000,45,21,24,1593
22600006768000,16,7,9,715.2
22600006769000,7,3,4,312.9
22600006771000,57,29,28,1761.3
22600006772000,34,15,19,1203.6
22600006773000,161,75,86,6729.8
22600006774000,98,47,51,4792.2
22600006775000,48,25,23,1848
22600006776000,9,4,5,204.3
22600006778000,25,14,11,950
22600006779000,18,10,8,793.8
22600006780000,2,1,1,0
22600006781000,94,49,45,3299.4
22600006782000,26,14,12,1011.4
22600006786000,12,8,4,514.8
22600006787000,2,0,2,0
22600006905000,4,2,2,0
22600006909000,8,6,2,494.4
22600006910000,5,4,1,128
22600006935000,3,2,1,0
22600006942000,4,1,3,0
22600006943000,2,2,0,0
22600006944000,14,6,8,614.6
22600006945000,62,29,33,2399.4
22600006946000,6,3,3,346.8
22600006972000,1,0,1,0
22600006980000,7,3,4,146.3
22600006981000,6,3,3,205.8
22600006988000,8,3,5,188
22600006989000,33,17,16,1293.6
22600006990000,13,7,6,361.4
22600006992000,4,1,3,0
22600006993000,35,20,15,1564.5
22600006997000,36,19,17,1371.6
22600006998000,118,60,58,4649.2
22600007002000,28,13,15,1019.2
22600007003000,28,18,10,1232
22600007004000,44,21,23,2138.4
22600007005000,12,8,4,560.4
22600007006000,45,24,21,1584
22600007007000,36,21,15,1540.8
22600007008000,39,25,14,1723.8
22600007009000,98,33,65,6820.8
22600007010000,20,11,9,828
22600007016000,3,2,1,0
22600007019000,8,5,3,330.4
22600007020000,16,8,8,537.6
22600007021000,14,7,7,309.4
22600007022000,5,2,3,214
22600007023000,69,36,33,2187.3
22600007024000,188,87,101,5903.2
22600007025000,49,26,23,1852.2
22600007026000,16,7,9,617.6
22600007027000,18,9,9,887.4
22600007028000,29,16,13,933.8
22600007029000,12,6,6,346.8
22600007030000,44,21,23,1654.4
22600007031000,24,9,15,876
22600007033000,36,18,18,1245.6
22600007042000,2,0,2,0
22600007043000,54,28,26,2284.2
22600007044000,120,56,64,4620
22600007056000,21,11,10,884.1
22600007058000,13,6,7,474.5
22600007059000,7,1,6,174.3
22600007066000,32,20,12,1180.8
22600007067000,13,9,4,634.4
22600007068000,6,3,3,193.8
22600007078000,114,64,50,4902
22600007079000,71,40,31,3514.5
22600007084000,9,3,6,435.6
22600007085000,4,1,3,0
22600007099000,13,6,7,588.9
22600007100000,10,5,5,637
22600007101000,19,7,12,765.7
22600007103000,7,3,4,450.1
22600007109000,13,5,8,425.1
22600007112000,4,2,2,0
22600007128000,5,2,3,135
22610006567000,2,2,0,0
22610006568000,9,5,4,401.4
22610006569000,537,266,271,21318.9
22610006570000,6,3,3,259.2
22610006571000,8,4,4,207.2
22610006572000,41,31,10,1275.1
22610006573000,21,9,12,898.8
22610006574000,15,5,10,642
22610006575000,40,20,20,1760
22610006576000,50,26,24,2290
22610006577000,29,14,15,1235.4
22610006578000,60,31,29,2706
22610006579000,20,12,8,652
22610006580000,6,3,3,307.2
22610006582000,50,26,24,2185
22610006583000,232,126,106,9001.6
22610006584000,54,20,34,2003.4
22610006585000,14,8,6,824.6
22610006586000,14,7,7,649.6
22610006587000,26,17,9,1302.6
22610006588000,130,70,60,5655
22610006590000,14,10,4,523.6
22610006591000,2,1,1,0
22610006592000,2,2,0,0
22610006595000,2,1,1,0
22610006596000,19,11,8,687.8
22610006597000,24,14,10,784.8
22610006598000,552,286,266,21196.8
22610006599000,424,214,210,12126.4
22610006600000,32,18,14,1100.8
22610006601000,3,3,0,0
22610006602000,4,2,2,0
22610006603000,4,1,3,0
22610006604000,11,5,6,460.9
22610006605000,13,6,7,457.6
22610006606000,3,1,2,0
22610006607000,12,7,5,414
22610006608000,5,4,1,289
22610006609000,26,17,9,1151.8
22610006610000,36,20,16,1634.4
22610006611000,23,11,12,1104
22610006612000,21,9,12,909.3
22610006613000,9,3,6,198
22610006614000,54,24,30,1863
22610006615000,109,50,59,3226.4
22610006616000,7,3,4,235.9
22610006617000,22,11,11,792
22610006618000,1,1,0,0
22610006619000,39,19,20,1493.7
22610006620000,92,40,52,3698.4
22610006621000,524,302,222,15510.4
22610006622000,20,11,9,692
22610006623000,21,12,9,758.1
22610006624000,48,23,25,1934.4
22610006625000,38,22,16,1489.6
22610006626000,46,24,22,1950.4
22610006627000,28,12,16,980
22610006628000,338,185,153,12844
22610006629000,1527,780,747,54819.3
22610006630000,370,187,183,10989
22610006632000,10,6,4,368
22610006634000,71,30,41,2754.8
22610006635000,32,14,18,1273.6
22610006637000,6,3,3,271.2
22610006638000,10,6,4,398
22610006639000,8,5,3,324
22610006646000,1,0,1,0
22610006648000,57,34,23,2411.1
22610006649000,1032,594,438,38596.8
22610006650000,16096,8344,7752,558531.2
22610006651000,13152,6340,6812,473472
22610006652000,4109,2147,1962,138473.3
22610006653000,2380,1169,1211,81872
22610006654000,2159,1050,1109,77076.3
22610006655000,1709,900,809,44092.2
22610006660000,4,1,3,0
22610006681000,8,5,3,308.8
22610006682000,136,68,68,5222.4
22610006685000,7,4,3,275.8
22610006686000,28,16,12,1038.8
22610006690000,21,9,12,840
22610006691000,68,34,34,3060
22610006692000,11,6,5,556.6
22610006715000,1,1,0,0
22610006716000,4,2,2,0
22610006717000,10,6,4,437
22610006718000,14,5,9,520.8
22610006719000,41,24,17,1562.1
22610006720000,8,5,3,368
22610006721000,2,2,0,0
22610006722000,14,6,8,452.2
22610006723000,26,15,11,1014
22610006724000,17,9,8,843.2
22610006725000,41,21,20,1816.3
22610006726000,39,21,18,1680.9
22610006727000,38,15,23,1919
22610006730000,14,7,7,596.4
22610006731000,24,13,11,900
22610006732000,51,27,24,1698.3
22610006734000,23,11,12,664.7
22610006735000,348,181,167,14824.8
22610006736000,34,19,15,1111.8
22610006737000,10,4,6,370
22610006738000,322,177,145,13910.4
22610006739000,1378,656,722,58013.8
22610006740000,1285,643,642,53841.5
22610006741000,828,416,412,32043.6
22610006742000,68,38,30,2563.6
22610006743000,223,119,104,8942.3
22610006744000,65,34,31,2782
22610006745000,5,2,3,309
22610006746000,21,9,12,741.3
22610006747000,92,50,42,3983.6
22610006748000,96,48,48,2726.4
22610006749000,8,4,4,326.4
22610006750000,18,9,9,734.4
22610006752000,47,26,21,1818.9
22610006753000,12,8,4,476.4
22610006758000,111,52,59,4451.1
22610006759000,6,1,5,292.2
22610006762000,7,3,4,322.7
22610006763000,32,15,17,1200
22610006764000,16,10,6,638.4
22610006765000,43,23,20,1883.4
22610006766000,59,31,28,2637.3
22610006767000,16,6,10,526.4
22610006768000,7,2,5,413
22610006770000,30,15,15,1416
22610006772000,15,8,7,717
22610006773000,34,17,17,1271.6
22610006774000,8,4,4,295.2
22610006775000,2,1,1,0
22610006776000,12,4,8,502.8
22610006778000,34,15,19,1424.6
22610006779000,8,4,4,268
22610006780000,2,1,1,0
22610006781000,24,10,14,825.6
22610006782000,7,5,2,240.8
22610006858000,6,3,3,217.2
22610006939000,2,2,0,0
22610006940000,2,0,2,0
22610006942000,1,1,0,0
22610006943000,6,4,2,147
22610006944000,19,10,9,813.2
22610006945000,2,1,1,0
22610006985000,4,1,3,0
22610006987000,5,2,3,79
22610006989000,11,4,7,433.4
22610006990000,2,1,1,0
22610006991000,4,3,1,0
22610006992000,1,0,1,0
22610006996000,2,2,0,0
22610006997000,92,45,47,3818
22610006998000,835,399,436,37491.5
22610006999000,287,126,161,10217.2
22610007000000,220,106,114,8052
22610007001000,19,10,9,710.6
22610007002000,38,18,20,1227.4
22610007008000,36,14,22,1004.4
22610007009000,42,23,19,1646.4
22610007010000,145,76,69,6017.5
22610007011000,15,6,9,654
22610007012000,9,4,5,312.3
22610007016000,60,27,33,1830
22610007017000,101,45,56,3464.3
22610007018000,72,39,33,2973.6
22610007019000,33,17,16,1359.6
22610007020000,57,29,28,2342.7
22610007021000,11,6,5,558.8
22610007022000,11,6,5,617.1
22610007023000,47,22,25,1386.5
22610007024000,983,490,493,29293.4
22610007025000,913,456,457,34694
22610007026000,128,66,62,4556.8
22610007027000,136,77,59,5100
22610007028000,56,26,30,1472.8
22610007029000,15,9,6,487.5
22610007030000,78,50,28,2839.2
22610007031000,29,15,14,936.7
22610007032000,22,13,9,954.8
22610007033000,37,16,21,1106.3
22610007044000,20,11,9,1186
22610007054000,4,2,2,0
22610007055000,70,33,37,2856
22610007056000,235,117,118,8507
22610007059000,9,6,3,426.6
22610007060000,11,4,7,445.5
22610007066000,6,3,3,201
22610007067000,2,2,0,0
22610007068000,8,6,2,454.4
22610007079000,16,10,6,721.6
22610007084000,6,3,3,207
22610007085000,7,4,3,317.8
22610007097000,1,0,1,0
22610007098000,6,3,3,229.8
22610007100000,30,16,14,1674
22610007102000,5,4,1,287
22610007104000,10,3,7,389
22620006556000,26,13,13,1411.8
22620006557000,31,17,14,1587.2
22620006558000,37,17,20,2064.6
22620006559000,62,34,28,3137.2
22620006560000,25,13,12,1115
22620006566000,178,87,91,7404.8
22620006567000,229,117,112,9160
22620006568000,104,53,51,4617.6
22620006569000,299,156,143,12797.2
22620006570000,152,75,77,5836.8
22620006571000,36,14,22,1598.4
22620006572000,6,3,3,238.8
22620006573000,7,4,3,315.7
22620006574000,16,7,9,534.4
22620006575000,30,15,15,1263
22620006576000,30,13,17,1443
22620006577000,25,12,13,895
22620006579000,15,8,7,529.5
22620006580000,5,3,2,72
22620006581000,2,1,1,0
22620006582000,6,3,3,163.2
22620006583000,2,1,1,0
22620006584000,23,10,13,1044.2
22620006586000,20,11,9,604
22620006587000,83,46,37,3461.1
22620006588000,144,77,67,5774.4
22620006593000,5,3,2,114
22620006594000,5,3,2,214
22620006595000,5,2,3,175
22620006598000,104,57,47,4336.8
22620006599000,293,141,152,12511.1
22620006600000,1,0,1,0
22620006602000,4,3,1,0
22620006603000,4,3,1,0
22620006604000,42,23,19,1482.6
22620006606000,6,4,2,238.8
22620006608000,39,21,18,1353.3
22620006609000,13,8,5,708.5
22620006611000,41,21,20,1681
22620006612000,67,32,35,1634.8
22620006613000,19,13,6,735.3
22620006614000,9,7,2,236.7
22620006615000,15,6,9,582
22620006616000,17,8,9,717.4
22620006617000,33,17,16,1148.4
22620006618000,28,15,13,994
22620006619000,101,57,44,3605.7
22620006620000,1137,563,574,43888.2
22620006621000,1018,510,508,39294.8
22620006622000,303,148,155,10635.3
22620006623000,27,11,16,1258.2
22620006624000,17,9,8,673.2
22620006625000,118,62,56,3728.8
22620006626000,35,18,17,1074.5
22620006627000,99,53,46,3722.4
22620006628000,2,1,1,0
22620006629000,26,13,13,811.2
22620006630000,901,465,436,29192.4
22620006631000,292,155,137,8292.8
22620006632000,5,2,3,279
22620006634000,2,1,1,0
22620006635000,25,13,12,912.5
22620006636000,20,10,10,1140
22620006638000,9,5,4,365.4
22620006639000,18,9,9,631.8
22620006640000,1,1,0,0
22620006643000,175,85,90,6055
22620006644000,368,200,168,13248
22620006645000,404,193,211,14867.2
22620006647000,42,31,11,1675.8
22620006648000,847,478,369,31847.2
22620006649000,5677,3277,2400,179960.9
22620006650000,15343,7953,7390,515524.8
22620006651000,10733,5126,5607,383168.1
22620006652000,4895,2328,2567,162514
22620006653000,3569,1763,1806,135978.9
22620006654000,3145,1573,1572,128630.5
22620006655000,1428,698,730,55263.6
22620006657000,1,0,1,0
22620006658000,4,2,2,0
22620006659000,2,1,1,0
22620006673000,1,1,0,0
22620006676000,11,8,3,542.3
22620006677000,14,9,5,572.6
22620006678000,15,9,6,769.5
22620006680000,226,105,121,10780.2
22620006681000,627,312,315,25268.1
22620006682000,461,242,219,19177.6
22620006683000,592,283,309,18233.6
22620006684000,13,6,7,634.4
22620006685000,42,22,20,1936.2
22620006686000,30,18,12,996
22620006694000,4,3,1,0
22620006695000,2,1,1,0
22620006696000,2,1,1,0
22620006715000,4,1,3,0
22620006717000,6,3,3,250.8
22620006718000,25,15,10,1227.5
22620006719000,6,2,4,247.2
22620006720000,9,6,3,303.3
22620006721000,5,4,1,269
22620006722000,9,4,5,396
22620006724000,10,7,3,379
22620006726000,12,6,6,631.2
22620006730000,16,10,6,596.8
22620006731000,64,42,22,2963.2
22620006732000,38,21,17,1599.8
22620006733000,18,9,9,833.4
22620006734000,18,9,9,581.4
22620006735000,91,45,46,3439.8
22620006736000,96,51,45,4320
22620006737000,64,33,31,2592
22620006738000,60,27,33,2238
22620006739000,261,127,134,11275.2
22620006740000,9,4,5,468
22620006741000,65,36,29,2808
22620006743000,11,5,6,434.5
22620006744000,9,7,2,246.6
22620006745000,149,77,72,5244.8
22620006746000,1014,501,513,38836.2
22620006747000,825,421,404,32587.5
22620006748000,344,166,178,10801.6
22620006749000,30,16,14,1185
22620006752000,9,5,4,410.4
22620006753000,9,4,5,372.6
22620006755000,10,4,6,349
22620006756000,6,4,2,208.2
22620006757000,7,4,3,389.2
22620006758000,61,36,25,3037.8
22620006759000,8,3,5,376.8
22620006760000,3,2,1,0
22620006761000,6,2,4,307.2
22620006762000,6,2,4,172.2
22620006763000,19,9,10,718.2
22620006764000,206,110,96,7004
22620006765000,606,274,332,28785
22620006766000,178,87,91,7173.4
22620006767000,13,6,7,533
22620006769000,20,13,7,696
22620006770000,10,5,5,400
22620006771000,7,4,3,368.9
22620006773000,2,1,1,0
22620006778000,22,9,13,774.4
22620006779000,15,8,7,786
22620006780000,11,3,8,322.3
22620006781000,27,16,11,815.4
22620006782000,16,7,9,617.6
22620006783000,8,2,6,203.2
22620006858000,22,12,10,1086.8
22620006859000,2,1,1,0
22620006903000,20,7,13,492
22620006904000,7,4,3,258.3
22620006906000,1,1,0,0
22620006926000,1,1,0,0
22620006930000,4,2,2,0
22620006931000,12,8,4,392.4
22620006932000,1,0,1,0
22620006933000,4,2,2,0
22620006935000,9,6,3,423.9
22620006936000,5,2,3,142
22620006937000,5,3,2,257
22620006938000,10,6,4,495
22620006975000,3,1,2,0
22620006984000,18,11,7,754.2
22620006985000,10,5,5,338
22620006986000,29,14,15,1102
22620006987000,3,1,2,0
22620006988000,17,9,8,569.5
22620006997000,39,23,16,1267.5
22620006998000,693,355,338,24670.8
22620006999000,55,28,27,1793
22620007001000,10,4,6,406
22620007009000,32,21,11,1100.8
22620007010000,511,272,239,19162.5
22620007011000,183,85,98,8912.1
22620007012000,14,7,7,540.4
22620007013000,31,15,16,1277.2
22620007014000,9,6,3,376.2
22620007016000,46,25,21,1619.2
22620007017000,36,17,19,1522.8
22620007018000,69,30,39,2346
22620007019000,167,87,80,5728.1
22620007020000,51,29,22,1938
22620007021000,30,13,17,1290
22620007022000,14,8,6,502.6
22620007023000,10,7,3,503
22620007024000,32,15,17,1398.4
22620007025000,287,145,142,9844.1
22620007026000,569,292,277,22418.6
22620007027000,227,117,110,9080
22620007028000,144,62,82,4305.6
22620007029000,53,30,23,2029.9
22620007030000,50,26,24,1890
22620007032000,50,25,25,1845
22620007033000,280,141,139,10640
22620007034000,165,84,81,5577
22620007044000,4,3,1,0
22620007055000,7,4,3,436.1
22620007056000,452,224,228,18848.4
22620007060000,14,8,6,541.8
22620007061000,3,1,2,0
22620007062000,1,1,0,0
22620007068000,9,6,3,421.2
22620007078000,3,2,1,0
22620007097000,18,10,8,1103.4
22620007098000,3,2,1,0
22620007100000,47,22,25,1555.7
22620007102000,3,2,1,0
22620007103000,1,0,1,0
22620007112000,3,1,2,0
22620007113000,5,2,3,315
22620007119000,10,5,5,454
22620007120000,1,1,0,0
22630006556000,166,75,91,7171.2
22630006557000,76,40,36,3625.2
22630006558000,304,154,150,12372.8
22630006559000,115,54,61,4646
22630006560000,36,19,17,1965.6
22630006566000,49,23,26,2307.9
22630006567000,7,5,2,301
22630006568000,130,66,64,5161
22630006569000,105,57,48,4410
22630006570000,28,13,15,1080.8
22630006571000,35,17,18,1662.5
22630006572000,14,9,5,708.4
22630006573000,22,8,14,798.6
22630006574000,35,19,16,1207.5
22630006575000,63,33,30,2104.2
22630006576000,42,17,25,1260
22630006577000,28,17,11,1190
22630006578000,3,2,1,0
22630006579000,3,2,1,0
22630006582000,4,3,1,0
22630006583000,9,6,3,352.8
22630006584000,9,4,5,327.6
22630006585000,20,11,9,896
22630006586000,58,29,29,2697
22630006587000,23,14,9,763.6
22630006588000,8,5,3,262.4
22630006593000,1,1,0,0
22630006594000,6,3,3,319.2
22630006595000,36,13,23,946.8
22630006596000,23,10,13,798.1
22630006597000,31,18,13,1255.5
22630006598000,8,4,4,326.4
22630006599000,1,1,0,0
22630006602000,15,8,7,640.5
22630006603000,29,14,15,893.2
22630006604000,9,4,5,414.9
22630006605000,15,8,7,649.5
22630006607000,5,2,3,126
22630006608000,7,4,3,272.3
22630006609000,36,19,17,1324.8
22630006610000,6,4,2,379.2
22630006611000,54,27,27,1776.6
22630006612000,34,15,19,1360
22630006613000,12,6,6,540
22630006615000,4,2,2,0
22630006616000,10,6,4,450
22630006617000,1,1,0,0
22630006618000,5,2,3,239
22630006619000,327,177,150,12916.5
22630006620000,1479,732,747,51617.1
22630006621000,1406,692,714,60739.2
22630006622000,734,373,361,30167.4
22630006623000,81,44,37,2948.4
22630006624000,21,11,10,1024.8
22630006625000,119,65,54,4010.3
22630006626000,8,4,4,463.2
22630006627000,940,473,467,39010
22630006628000,92,52,40,3284.4
22630006631000,4,2,2,0
22630006632000,15,8,7,558
22630006633000,73,40,33,2518.5
22630006634000,396,200,196,13147.2
22630006636000,10,6,4,435
22630006637000,1744,845,899,69760
22630006638000,1810,911,899,68418
22630006639000,2532,1234,1298,85328.4
22630006640000,2317,1124,1193,87814.3
22630006641000,983,481,502,38926.8
22630006642000,612,303,309,27907.2
22630006643000,77,41,36,3026.1
22630006644000,1079,548,531,42188.9
22630006645000,1616,814,802,63993.6
22630006646000,1611,802,809,60573.6
22630006647000,1023,524,499,38362.5
22630006648000,6862,3633,3229,217525.4
22630006649000,19111,10273,8838,617285.3
22630006650000,18565,9535,9030,623784
22630006651000,14314,7311,7003,479519
22630006652000,14240,6952,7288,505520
22630006653000,3781,1890,1891,136872.2
22630006654000,3334,1655,1679,121357.6
22630006655000,979,504,475,35439.8
22630006656000,8,5,3,354.4
22630006657000,6,4,2,165
22630006658000,24,12,12,895.2
22630006659000,11,4,7,427.9
22630006679000,4,3,1,0
22630006680000,30,16,14,1095
22630006681000,33,15,18,1626.9
22630006682000,32,15,17,1353.6
22630006683000,123,65,58,4157.4
22630006684000,7,5,2,252.7
22630006685000,5,4,1,141
22630006721000,3,1,2,0
22630006726000,34,17,17,1516.4
22630006727000,3,1,2,0
22630006728000,9,5,4,349.2
22630006730000,5,3,2,333
22630006731000,53,30,23,2204.8
22630006732000,195,104,91,7332
22630006733000,443,207,236,20821
22630006734000,28,15,13,884.8
22630006735000,28,13,15,1114.4
22630006736000,25,15,10,1350
22630006737000,20,8,12,758
22630006738000,10,5,5,335
22630006739000,17,9,8,727.6
22630006740000,23,9,14,1028.1
22630006741000,15,9,6,700.5
22630006742000,7,3,4,361.9
22630006743000,8,5,3,248
22630006744000,275,135,140,8442.5
22630006745000,44,26,18,1667.6
22630006746000,495,258,237,17572.5
22630006747000,382,199,183,13408.2
22630006748000,669,322,347,29235.3
22630006749000,216,108,108,9374.4
22630006750000,3,2,1,0
22630006753000,46,21,25,1458.2
22630006755000,42,23,19,1621.2
22630006757000,17,9,8,649.4
22630006758000,20,10,10,808
22630006759000,18,11,7,738
22630006760000,38,20,18,1721.4
22630006761000,26,15,11,1232.4
22630006762000,29,14,15,939.6
22630006763000,14,9,5,589.4
22630006764000,233,118,115,10135.5
22630006765000,216,105,111,11145.6
22630006766000,3,2,1,0
22630006768000,6,4,2,220.8
22630006769000,35,24,11,1102.5
22630006770000,15,9,6,469.5
22630006773000,6,2,4,277.8
22630006777000,23,13,10,644
22630006778000,63,29,34,2463.3
22630006779000,11,4,7,520.3
22630006781000,4,1,3,0
22630006858000,5,2,3,295
22630006859000,5,3,2,283
22630006892000,1,1,0,0
22630006903000,2,1,1,0
22630006904000,1,0,1,0
22630006927000,2,0,2,0
22630006928000,6,3,3,151.8
22630006930000,2,1,1,0
22630006933000,4,3,1,0
22630006982000,9,6,3,185.4
22630006984000,5,3,2,150
22630006985000,5,4,1,80
22630006987000,19,13,6,680.2
22630006988000,11,4,7,459.8
22630006990000,9,5,4,254.7
22630006995000,1,1,0,0
22630006996000,20,11,9,842
22630006997000,82,44,38,2911
22630006998000,1,0,1,0
22630007009000,3,3,0,0
22630007010000,70,35,35,3213
22630007011000,251,128,123,8910.5
22630007012000,77,44,33,2856.7
22630007013000,11,5,6,570.9
22630007014000,13,8,5,534.3
22630007015000,66,32,34,2567.4
22630007016000,135,77,58,5292
22630007017000,22,13,9,800.8
22630007018000,26,12,14,933.4
22630007019000,82,48,34,3444
22630007020000,355,177,178,13419
22630007021000,13,8,5,340.6
22630007022000,11,5,6,433.4
22630007023000,141,76,65,5386.2
22630007024000,105,55,50,4630.5
22630007025000,152,70,82,7113.6
22630007026000,837,354,483,45365.4
22630007027000,317,159,158,12553.2
22630007028000,38,19,19,1531.4
22630007029000,22,15,7,785.4
22630007030000,15,10,5,628.5
22630007031000,8,4,4,343.2
22630007032000,61,33,28,2080.1
22630007033000,77,41,36,3218.6
22630007034000,19,11,8,817
22630007037000,6,3,3,265.8
22630007044000,4,3,1,0
22630007056000,81,38,43,3369.6
22630007060000,2,1,1,0
22630007061000,13,9,4,676
22630007069000,20,10,10,898
22630007098000,5,2,3,246
22630007100000,4,2,2,0
22630007101000,188,93,95,6824.4
22630007103000,10,3,7,504
22630007104000,9,4,5,487.8
22630007112000,2,2,0,0
22630007119000,12,7,5,573.6
22630007120000,1,1,0,0
22630007121000,6,3,3,163.8
22640006555000,3,1,2,0
22640006556000,45,21,24,1813.5
22640006557000,50,22,28,1630
22640006558000,20,12,8,984
22640006559000,50,31,19,2040
22640006567000,31,16,15,976.5
22640006568000,512,254,258,19097.6
22640006569000,1363,687,676,47023.5
22640006570000,55,27,28,2618
22640006571000,3,2,1,0
22640006574000,5,4,1,291
22640006575000,43,20,23,2064
22640006576000,8,4,4,364.8
22640006577000,17,10,7,452.2
22640006578000,14,6,8,506.8
22640006579000,3,2,1,0
22640006581000,19,13,6,672.6
22640006582000,14,9,5,488.6
22640006583000,3,1,2,0
22640006584000,5,3,2,382
22640006585000,14,5,9,576.8
22640006586000,1109,538,571,49905
22640006587000,34,20,14,992.8
22640006588000,5,3,2,185
22640006594000,6,5,1,345
22640006595000,10,6,4,575
22640006596000,23,14,9,1127
22640006597000,7,7,0,315.7
22640006599000,25,13,12,1005
22640006600000,31,17,14,1364
22640006601000,8,5,3,323.2
22640006602000,116,63,53,4094.8
22640006603000,20,9,11,910
22640006604000,41,22,19,1143.9
22640006605000,52,27,25,2028
22640006606000,10,5,5,528
22640006608000,22,12,10,880
22640006609000,24,13,11,1159.2
22640006610000,18,10,8,844.2
22640006611000,8,2,6,435.2
22640006612000,21,11,10,823.2
22640006613000,27,14,13,1350
22640006614000,7,4,3,361.2
22640006615000,25,11,14,907.5
22640006616000,15,7,8,574.5
22640006617000,8,4,4,371.2
22640006618000,68,30,38,2563.6
22640006619000,354,177,177,12319.2
22640006620000,138,71,67,5009.4
22640006621000,803,401,402,32521.5
22640006622000,256,131,125,9523.2
22640006623000,75,32,43,2617.5
22640006624000,13,7,6,526.5
22640006626000,884,456,428,27050.4
22640006627000,2628,1292,1336,98024.4
22640006628000,1532,755,777,57296.8
22640006629000,2,1,1,0
22640006630000,12,7,5,381.6
22640006631000,40,17,23,1548
22640006632000,1466,755,711,51603.2
22640006633000,2345,1129,1216,95676
22640006634000,1792,931,861,61824
22640006635000,629,298,331,24405.2
22640006636000,1223,604,619,50265.3
22640006637000,2544,1217,1327,124910.4
22640006638000,1627,807,820,60687.1
22640006639000,1872,990,882,73569.6
22640006640000,5066,2475,2591,176296.8
22640006641000,3051,1477,1574,117158.4
22640006642000,2916,1408,1508,118098
22640006643000,3082,1494,1588,126978.4
22640006644000,4016,1813,2203,182728
22640006645000,3661,1838,1823,143145.1
22640006646000,1754,834,920,66827.4
22640006647000,4520,2232,2288,164076
22640006648000,8596,4424,4172,299140.8
22640006649000,7882,3928,3954,280599.2
22640006650000,6910,3392,3518,237013
22640006651000,10580,5751,4829,355488
22640006652000,5394,2658,2736,188790
22640006653000,5194,2605,2589,194775
22640006654000,3697,1871,1826,133092
22640006655000,1449,732,717,56221.2
22640006656000,3,1,2,0
22640006658000,4,2,2,0
22640006659000,15,6,9,618
22640006660000,77,37,40,3003
22640006661000,34,18,16,1210.4
22640006662000,7,4,3,256.2
22640006708000,3,1,2,0
22640006721000,2,1,1,0
22640006722000,10,6,4,353
22640006724000,3,2,1,0
22640006726000,6,4,2,268.2
22640006729000,14,7,7,485.8
22640006730000,50,23,27,2035
22640006731000,8,3,5,238.4
22640006732000,8,5,3,442.4
22640006733000,203,93,110,8911.7
22640006734000,47,23,24,1964.6
22640006736000,41,22,19,1324.3
22640006737000,29,15,14,1444.2
22640006738000,26,13,13,1281.8
22640006740000,28,14,14,1338.4
22640006741000,32,19,13,1203.2
22640006742000,41,23,18,1746.6
22640006743000,8,4,4,360
22640006744000,791,383,408,27922.3
22640006745000,1890,898,992,79002
22640006746000,590,294,296,24131
22640006747000,616,294,322,22853.6
22640006748000,1554,794,760,61383
22640006749000,705,350,355,28482
22640006750000,230,117,113,8395
22640006751000,80,39,41,2544
22640006752000,104,55,49,3608.8
22640006753000,24,11,13,892.8
22640006754000,56,28,28,2458.4
22640006755000,22,11,11,1084.6
22640006757000,35,18,17,1872.5
22640006758000,105,58,47,3969
22640006759000,10,6,4,472
22640006760000,114,60,54,4856.4
22640006761000,56,29,27,2548
22640006762000,30,17,13,1335
22640006763000,28,14,14,1086.4
22640006767000,23,12,11,828
22640006768000,17,8,9,561
22640006769000,42,24,18,1318.8
22640006770000,30,15,15,1404
22640006772000,2,1,1,0
22640006774000,3,2,1,0
22640006775000,24,10,14,1195.2
22640006776000,12,8,4,534
22640006778000,169,76,93,5577
22640006779000,39,21,18,1579.5
22640006781000,23,16,7,943
22640006785000,2,1,1,0
22640006789000,1,1,0,0
22640006790000,22,7,15,882.2
22640006791000,2,2,0,0
22640006858000,5,2,3,207
22640006903000,6,3,3,307.8
22640006925000,12,6,6,555.6
22640006926000,5,3,2,235
22640006927000,2,1,1,0
22640006930000,12,7,5,487.2
22640006944000,2,1,1,0
22640006978000,9,3,6,357.3
22640006979000,3,2,1,0
22640006980000,10,5,5,285
22640006982000,5,2,3,276
22640006983000,32,18,14,1116.8
22640006984000,10,2,8,370
22640006985000,12,8,4,385.2
22640006986000,22,9,13,884.4
22640006987000,20,9,11,924
22640006989000,5,2,3,317
22640006995000,6,3,3,241.2
22640006996000,11,7,4,646.8
22640007008000,4,2,2,0
22640007009000,26,14,12,1162.2
22640007010000,43,25,18,1621.1
22640007012000,58,33,25,1943
22640007013000,57,28,29,1943.7
22640007014000,64,39,25,2419.2
22640007015000,131,60,71,5384.1
22640007016000,361,176,185,13357
22640007017000,31,17,14,1227.6
22640007018000,54,28,26,2268
22640007019000,19,12,7,714.4
22640007024000,182,93,89,6970.6
22640007025000,449,221,228,15131.3
22640007026000,150,81,69,5295
22640007027000,76,43,33,2895.6
22640007028000,40,20,20,1664
22640007029000,29,16,13,910.6
22640007030000,105,50,55,3748.5
22640007031000,75,40,35,3577.5
22640007032000,31,14,17,1199.7
22640007033000,72,40,32,3124.8
22640007034000,24,14,10,969.6
22640007038000,22,12,10,708.4
22640007039000,12,9,3,506.4
22640007042000,13,6,7,724.1
22640007043000,5,3,2,156
22640007044000,2,2,0,0
22640007056000,12,5,7,441.6
22640007063000,9,4,5,412.2
22640007066000,3,2,1,0
22640007067000,6,3,3,258
22640007069000,9,5,4,291.6
22640007070000,27,15,12,869.4
22640007074000,1,1,0,0
22640007078000,4,2,2,0
22640007080000,1,1,0,0
22640007081000,5,3,2,222
22640007101000,261,124,137,9735.3
22640007104000,17,10,7,921.4
22640007119000,5,2,3,169
22640007120000,2,1,1,0
22640007121000,19,10,9,889.2
22640007122000,61,33,28,2305.8
22650006554000,3,1,2,0
22650006555000,15,4,11,799.5
22650006556000,59,34,25,3020.8
22650006557000,35,21,14,1386
22650006558000,103,48,55,4367.2
22650006559000,140,79,61,5488
22650006560000,15,8,7,601.5
22650006567000,8,4,4,326.4
22650006568000,650,320,330,22685
22650006569000,295,139,156,13186.5
22650006570000,637,343,294,25480
22650006571000,662,334,328,26612.4
22650006572000,290,153,137,12325
22650006573000,18,8,10,635.4
22650006574000,55,29,26,2293.5
22650006575000,17,8,9,814.3
22650006576000,25,15,10,992.5
22650006577000,9,5,4,399.6
22650006578000,11,6,5,550
22650006579000,27,14,13,1098.9
22650006580000,12,6,6,464.4
22650006581000,43,22,21,1788.8
22650006582000,35,17,18,1253
22650006583000,36,17,19,1681.2
22650006584000,43,19,24,1672.7
22650006585000,24,9,15,1015.2
22650006586000,745,373,372,34717
22650006587000,49,26,23,1808.1
22650006588000,11,4,7,563.2
22650006596000,19,9,10,552.9
22650006597000,63,31,32,2923.2
22650006599000,23,11,12,811.9
22650006600000,70,40,30,2177
22650006601000,72,34,38,2491.2
22650006602000,769,386,383,24761.8
22650006604000,8,4,4,375.2
22650006605000,20,12,8,930
22650006607000,20,9,11,862
22650006608000,75,36,39,3255
22650006609000,431,217,214,15903.9
22650006610000,33,21,12,1296.9
22650006611000,1,0,1,0
22650006612000,2,1,1,0
22650006613000,10,6,4,533
22650006614000,30,19,11,1290
22650006616000,7,4,3,210.7
22650006617000,27,17,10,1239.3
22650006618000,151,82,69,5285
22650006619000,238,129,109,8353.8
22650006620000,140,73,67,4214
22650006621000,6,4,2,328.2
22650006622000,9,5,4,294.3
22650006623000,25,12,13,960
22650006624000,4,3,1,0
22650006625000,68,36,32,2733.6
22650006626000,1284,644,640,48792
22650006627000,2125,971,1154,93075
22650006628000,951,477,474,36613.5
22650006629000,25,16,9,1092.5
22650006630000,568,283,285,20334.4
22650006631000,2385,1212,1173,87052.5
22650006632000,1297,650,647,48507.8
22650006633000,1116,559,557,40176
22650006634000,7,2,5,287
22650006635000,750,362,388,28575
22650006636000,2046,1013,1033,76520.4
22650006637000,2626,1272,1354,96636.8
22650006638000,2156,1045,1111,89474
22650006639000,1925,949,976,72765
22650006640000,1463,742,721,53545.8
22650006641000,3871,1961,1910,137807.6
22650006642000,3050,1514,1536,108580
22650006643000,3819,1875,1944,142066.8
22650006644000,5197,2402,2795,198525.4
22650006645000,4170,1964,2206,158043
22650006646000,4048,2000,2048,147752
22650006647000,4604,2048,2556,192907.6
22650006648000,5047,2526,2521,188253.1
22650006649000,2914,1408,1506,104029.8
22650006650000,857,406,451,30766.3
22650006651000,4059,2085,1974,141253.2
22650006652000,5093,2538,2555,180801.5
22650006653000,3315,1650,1665,134920.5
22650006654000,2464,1145,1319,105459.2
22650006655000,800,393,407,29760
22650006658000,17,8,9,583.1
22650006659000,7,7,0,224.7
22650006660000,9,5,4,477.9
22650006661000,17,10,7,644.3
22650006674000,1,1,0,0
22650006675000,1,1,0,0
22650006710000,8,3,5,291.2
22650006722000,17,9,8,1038.7
22650006723000,28,13,15,1358
22650006724000,32,16,16,1286.4
22650006725000,54,24,30,2257.2
22650006726000,26,16,10,1266.2
22650006727000,12,7,5,615.6
22650006728000,2,1,1,0
22650006729000,19,11,8,782.8
22650006730000,48,22,26,2452.8
22650006731000,49,25,24,1989.4
22650006732000,8,3,5,396
22650006733000,14,6,8,610.4
22650006734000,52,25,27,2121.6
22650006735000,3,2,1,0
22650006736000,40,24,16,1472
22650006737000,37,18,19,1616.9
22650006738000,12,6,6,489.6
22650006740000,23,10,13,1053.4
22650006741000,28,16,12,1582
22650006742000,14,7,7,394.8
22650006743000,39,21,18,1856.4
22650006744000,1034,533,501,41566.8
22650006745000,1342,654,688,55424.6
22650006746000,1806,865,941,72240
22650006747000,2217,1029,1188,109076.4
22650006748000,1421,679,742,58829.4
22650006749000,209,94,115,7565.8
22650006753000,14,6,8,455
22650006754000,64,28,36,2131.2
22650006755000,27,14,13,1198.8
22650006756000,44,23,21,2142.8
22650006757000,70,43,27,2611
22650006758000,24,8,16,859.2
22650006761000,2,1,1,0
22650006765000,28,16,12,1195.6
22650006766000,25,14,11,1200
22650006767000,19,9,10,893
22650006768000,52,25,27,2600
22650006769000,62,30,32,2449
22650006770000,4,2,2,0
22650006774000,4,3,1,0
22650006775000,21,11,10,861
22650006777000,21,13,8,848.4
22650006778000,22,13,9,869
22650006779000,39,20,19,1216.8
22650006780000,8,4,4,292
22650006781000,22,10,12,882.2
22650006784000,34,20,14,1720.4
22650006785000,5,2,3,117
22650006849000,1,1,0,0
22650006858000,4,3,1,0
22650006893000,1,1,0,0
22650006902000,4,2,2,0
22650006926000,9,5,4,412.2
22650006983000,14,8,6,579.6
22650006986000,5,3,2,229
22650006995000,14,8,6,544.6
22650007010000,1,1,0,0
22650007013000,12,5,7,561.6
22650007014000,17,8,9,826.2
22650007015000,46,28,18,1761.8
22650007016000,9,4,5,237.6
22650007017000,21,10,11,884.1
22650007025000,98,43,55,3263.4
22650007026000,616,311,305,19958.4
22650007027000,24,10,14,1072.8
22650007028000,47,26,21,1386.5
22650007029000,23,11,12,977.5
22650007030000,503,250,253,16096
22650007031000,183,85,98,5270.4
22650007032000,23,10,13,853.3
22650007033000,163,87,76,6079.9
22650007035000,68,31,37,2672.4
22650007036000,15,6,9,583.5
22650007037000,22,11,11,851.4
22650007038000,306,156,150,11077.2
22650007039000,53,30,23,2035.2
22650007041000,10,4,6,444
22650007044000,275,151,124,11632.5
22650007056000,7,5,2,312.2
22650007065000,2,1,1,0
22650007066000,14,6,8,701.4
22650007067000,5,3,2,253
22650007070000,23,11,12,975.2
22650007071000,13,11,2,500.5
22650007078000,2,1,1,0
22650007081000,8,5,3,412.8
22650007082000,2,1,1,0
22650007086000,1,1,0,0
22650007087000,6,4,2,198
22650007096000,5,1,4,132
22650007097000,8,5,3,530.4
22650007098000,5,2,3,136
22650007099000,10,4,6,268
22650007100000,3,2,1,0
22650007101000,230,104,126,10442
22650007102000,108,55,53,3510
22650007103000,5,2,3,200
22650007104000,6,3,3,229.2
22650007105000,6,3,3,205.2
22650007121000,3,1,2,0
22650007122000,27,13,14,1004.4
22650007123000,9,5,4,501.3
22650007124000,12,8,4,397.2
22660006553000,45,25,20,2038.5
22660006554000,3,2,1,0
22660006555000,12,7,5,615.6
22660006556000,31,16,15,1441.5
22660006557000,76,36,40,3648
22660006558000,139,68,71,4600.9
22660006559000,141,77,64,5301.6
22660006562000,2,1,1,0
22660006564000,8,3,5,475.2
22660006565000,10,2,8,302
22660006566000,1,1,0,0
22660006567000,12,9,3,368.4
22660006568000,401,202,199,14476.1
22660006569000,1236,606,630,51788.4
22660006570000,589,303,286,23383.3
22660006571000,1702,777,925,71484
22660006572000,1794,842,952,79833
22660006573000,191,84,107,8346.7
22660006574000,193,100,93,6948
22660006575000,39,24,15,1251.9
22660006576000,104,54,50,4180.8
22660006577000,57,31,26,2736
22660006578000,39,18,21,1201.2
22660006579000,40,18,22,1688
22660006580000,26,12,14,1206.4
22660006581000,17,10,7,788.8
22660006582000,2,1,1,0
22660006583000,26,13,13,793
22660006584000,6,4,2,282
22660006585000,41,22,19,1713.8
22660006586000,139,76,63,6449.6
22660006587000,8,3,5,416.8
22660006589000,5,2,3,197
22660006596000,2,1,1,0
22660006597000,1,1,0,0
22660006600000,16,8,8,644.8
22660006601000,162,77,85,8067.6
22660006602000,124,65,59,5158.4
22660006606000,1,1,0,0
22660006607000,2,1,1,0
22660006608000,45,22,23,1845
22660006609000,6,5,1,180
22660006610000,54,32,22,2160
22660006611000,24,12,12,1096.8
22660006612000,2,0,2,0
22660006613000,12,7,5,291.6
22660006614000,2,1,1,0
22660006615000,9,5,4,250.2
22660006616000,10,7,3,313
22660006617000,19,10,9,680.2
22660006618000,64,36,28,2572.8
22660006619000,2,1,1,0
22660006620000,18,12,6,637.2
22660006621000,13,7,6,456.3
22660006622000,8,5,3,199.2
22660006623000,6,4,2,271.8
22660006624000,17,5,12,574.6
22660006625000,404,194,210,14948
22660006626000,1127,541,586,46883.2
22660006627000,1542,727,815,67693.8
22660006628000,282,139,143,11336.4
22660006629000,39,19,20,1673.1
22660006630000,1051,534,517,44247.1
22660006631000,2410,1134,1276,97605
22660006632000,1371,676,695,41815.5
22660006636000,23,15,8,860.2
22660006638000,1879,981,898,62382.8
22660006639000,4046,2039,2007,118143.2
22660006640000,1267,635,632,39910.5
22660006641000,3968,1988,1980,121817.6
22660006642000,2681,1359,1322,96784.1
22660006643000,4223,2047,2176,157095.6
22660006644000,3275,1504,1771,131655
22660006645000,1989,994,995,72001.8
22660006646000,897,438,459,33278.7
22660006647000,3497,1668,1829,134634.5
22660006648000,1974,994,980,74419.8
22660006649000,3865,1940,1925,148029.5
22660006650000,662,346,316,23501
22660006651000,4043,2078,1965,142313.6
22660006652000,5368,2586,2782,204520.8
22660006653000,3203,1551,1652,114987.7
22660006655000,2,1,1,0
22660006656000,177,85,92,6920.7
22660006659000,7,5,2,231.7
22660006660000,2,1,1,0
22660006661000,86,43,43,3689.4
22660006662000,156,78,78,6754.8
22660006663000,62,34,28,2449
22660006672000,5,3,2,184
22660006673000,52,31,21,2397.2
22660006674000,27,11,16,947.7
22660006709000,8,5,3,302.4
22660006723000,45,22,23,1701
22660006724000,67,38,29,2525.9
22660006725000,86,49,37,3414.2
22660006726000,52,24,28,2402.4
22660006727000,43,26,17,1849
22660006728000,68,37,31,2767.6
22660006729000,99,48,51,4405.5
22660006730000,147,79,68,6012.3
22660006731000,112,62,50,5185.6
22660006732000,27,14,13,1020.6
22660006734000,33,15,18,1161.6
22660006735000,5,3,2,109
22660006736000,55,24,31,2134
22660006737000,29,18,11,1247
22660006738000,13,6,7,379.6
22660006739000,2,1,1,0
22660006740000,7,3,4,322
22660006741000,7,3,4,303.1
22660006742000,8,3,5,306.4
22660006743000,72,38,34,2959.2
22660006744000,250,125,125,7450
22660006745000,404,196,208,15432.8
22660006746000,272,129,143,13980.8
22660006750000,4,2,2,0
22660006751000,5,2,3,221
22660006754000,5,3,2,295
22660006755000,57,30,27,2029.2
22660006756000,71,36,35,2996.2
22660006757000,7,3,4,359.8
22660006761000,30,13,17,1122
22660006762000,472,230,242,21853.6
22660006763000,300,155,145,12210
22660006764000,93,49,44,3692.1
22660006765000,72,46,26,3189.6
22660006766000,30,16,14,1167
22660006767000,28,17,11,1064
22660006768000,25,12,13,1085
22660006769000,22,11,11,772.2
22660006770000,3,2,1,0
22660006774000,9,4,5,155.7
22660006775000,4,3,1,0
22660006777000,18,8,10,547.2
22660006778000,40,20,20,1656
22660006783000,38,20,18,1151.4
22660006784000,48,22,26,2030.4
22660006838000,1,1,0,0
22660006893000,13,8,5,482.3
22660006916000,1,1,0,0
22660006983000,24,14,10,1176
22660006995000,15,8,7,631.5
22660006996000,5,3,2,197
22660007014000,30,18,12,1044
22660007015000,69,37,32,2408.1
22660007016000,67,36,31,2338.3
22660007017000,19,10,9,600.4
22660007026000,208,103,105,5408
22660007027000,104,58,46,3640
22660007028000,80,43,37,2832
22660007029000,42,22,20,1717.8
22660007030000,110,62,48,3795
22660007031000,29,14,15,1409.4
22660007032000,3275,1555,1720,121502.5
22660007033000,2516,1295,1221,92085.6
22660007034000,114,58,56,4571.4
22660007035000,519,261,258,19566.3
22660007036000,1725,875,850,57960
22660007037000,1619,818,801,56665
22660007038000,1372,704,668,47745.6
22660007039000,913,481,432,31407.2
22660007043000,6,3,3,124.8
22660007044000,260,138,122,9854
22660007056000,8,6,2,234.4
22660007066000,5,3,2,251
22660007067000,3,2,1,0
22660007071000,29,16,13,1148.4
22660007072000,7,2,5,399.7
22660007081000,2,1,1,0
22660007095000,3,2,1,0
22660007096000,1,1,0,0
22660007099000,2,1,1,0
22660007100000,9,4,5,459
22660007101000,297,158,139,13543.2
22660007102000,134,50,84,7209.2
22660007105000,34,17,17,1298.8
22660007106000,13,9,4,582.4
22660007117000,13,10,3,552.5
22660007121000,5,2,3,167
22660007122000,18,12,6,678.6
22660007123000,19,10,9,839.8
22660007127000,6,2,4,238.8
22670006551000,92,50,42,4701.2
22670006552000,17,9,8,965.6
22670006553000,71,36,35,2477.9
22670006554000,123,66,57,3653.1
22670006555000,506,249,257,20189.4
22670006556000,18,9,9,736.2
22670006557000,44,22,22,2574
22670006558000,64,34,30,2732.8
22670006561000,2,1,1,0
22670006562000,80,40,40,3760
22670006563000,239,115,124,9416.6
22670006564000,129,72,57,4179.6
22670006565000,167,84,83,5811.6
22670006566000,458,239,219,15159.8
22670006567000,468,241,227,15724.8
22670006568000,372,167,205,16777.2
22670006569000,1143,536,607,49263.3
22670006570000,1107,558,549,44390.7
22670006571000,2341,1204,1137,96917.4
22670006572000,2518,1229,1289,100216.4
22670006573000,1529,757,772,60242.6
22670006574000,1364,681,683,43375.2
22670006575000,574,289,285,19458.6
22670006576000,12,8,4,579.6
22670006577000,8,4,4,267.2
22670006578000,5,2,3,201
22670006580000,7,3,4,300.3
22670006581000,20,9,11,664
22670006582000,38,18,20,1466.8
22670006583000,27,14,13,1077.3
22670006584000,10,4,6,389
22670006585000,96,54,42,4012.8
22670006586000,1,1,0,0
22670006587000,10,7,3,319
22670006589000,7,3,4,216.3
22670006593000,1,0,1,0
22670006596000,6,3,3,199.8
22670006597000,8,3,5,318.4
22670006598000,7,2,5,259
22670006599000,2,1,1,0
22670006600000,14,7,7,471.8
22670006601000,30,18,12,1182
22670006602000,6,3,3,249
22670006603000,45,19,26,1971
22670006608000,12,5,7,480
22670006609000,5,2,3,278
22670006610000,20,10,10,950
22670006611000,15,6,9,493.5
22670006612000,16,9,7,478.4
22670006613000,11,4,7,332.2
22670006615000,18,7,11,950.4
22670006616000,17,10,7,511.7
22670006617000,10,6,4,251
22670006618000,4,1,3,0
22670006619000,26,16,10,1055.6
22670006620000,28,14,14,722.4
22670006621000,42,21,21,1432.2
22670006622000,75,42,33,2842.5
22670006623000,104,49,55,3764.8
22670006624000,45,21,24,1926
22670006625000,23,10,13,894.7
22670006626000,26,16,10,1097.2
22670006627000,528,275,253,18216
22670006628000,149,64,85,10638.6
22670006629000,27,14,13,1039.5
22670006630000,19,9,10,834.1
22670006631000,681,356,325,24243.6
22670006632000,1857,946,911,56638.5
22670006634000,5,3,2,182
22670006638000,130,70,60,4745
22670006639000,189,98,91,6652.8
22670006640000,303,172,131,10150.5
22670006641000,1074,562,512,38556.6
22670006642000,484,257,227,17956.4
22670006643000,530,272,258,19292
22670006644000,2815,1346,1469,121326.5
22670006645000,5950,2764,3186,224910
22670006646000,4608,2233,2375,186163.2
22670006647000,8462,3897,4565,324094.6
22670006648000,3090,1537,1553,120819
22670006649000,4166,1920,2246,184970.4
22670006650000,398,248,150,14726
22670006651000,682,350,332,24961.2
22670006652000,5114,2512,2602,179501.4
22670006653000,589,300,289,21969.7
22670006663000,4,1,3,0
22670006667000,2,1,1,0
22670006672000,76,35,41,3412.4
22670006673000,409,201,208,15705.6
22670006674000,6,3,3,481.8
22670006721000,9,4,5,365.4
22670006722000,5,3,2,344
22670006723000,85,44,41,3349
22670006724000,37,22,15,1339.4
22670006725000,13,7,6,642.2
22670006726000,61,36,25,2598.6
22670006727000,19,10,9,965.2
22670006728000,34,20,14,1397.4
22670006729000,17,9,8,496.4
22670006730000,174,78,96,6403.2
22670006731000,437,212,225,17348.9
22670006732000,22,14,8,686.4
22670006733000,1,1,0,0
22670006734000,9,2,7,420.3
22670006735000,30,14,16,1029
22670006736000,72,31,41,3376.8
22670006737000,18,10,8,921.6
22670006738000,54,30,24,1976.4
22670006739000,7,6,1,380.1
22670006740000,35,22,13,1438.5
22670006741000,21,11,10,781.2
22670006742000,15,8,7,660
22670006743000,102,51,51,3417
22670006744000,19,12,7,991.8
22670006749000,53,25,28,2067
22670006750000,20,11,9,972
22670006751000,11,5,6,447.7
22670006752000,1,1,0,0
22670006759000,29,15,14,1731.3
22670006760000,230,114,116,9062
22670006761000,349,185,164,15984.2
22670006762000,957,441,516,46893
22670006763000,1034,513,521,44668.8
22670006764000,170,83,87,6154
22670006765000,50,26,24,1655
22670006766000,3,2,1,0
22670006767000,3,1,2,0
22670006768000,1,1,0,0
22670006770000,33,13,20,1267.2
22670006774000,21,12,9,840
22670006778000,1,0,1,0
22670006781000,43,23,20,1935
22670006782000,92,40,52,3790.4
22670006783000,20,9,11,1010
22670006787000,18,10,8,658.8
22670006837000,3,1,2,0
22670006893000,16,8,8,569.6
22670006894000,19,11,8,541.5
22670006895000,52,28,24,2168.4
22670006896000,22,12,10,963.6
22670006897000,3,1,2,0
22670006900000,4,1,3,0
22670006907000,1,1,0,0
22670006916000,5,3,2,223
22670006917000,1,0,1,0
22670006924000,1,0,1,0
22670006925000,1,0,1,0
22670006976000,1,0,1,0
22670006983000,12,6,6,452.4
22670006995000,5,3,2,251
22670006996000,10,7,3,469
22670007015000,9,6,3,339.3
22670007016000,39,22,17,1489.8
22670007017000,89,47,42,3248.5
22670007018000,6,3,3,280.2
22670007027000,30,19,11,1155
22670007028000,59,42,17,1917.5
22670007029000,70,38,32,2219
22670007030000,34,21,13,1315.8
22670007031000,118,59,59,4000.2
22670007032000,1189,601,588,44111.9
22670007033000,2510,1240,1270,98643
22670007034000,3794,1798,1996,144172
22670007035000,4443,2195,2248,165279.6
22670007036000,1972,967,1005,69808.8
22670007037000,2680,1334,1346,98088
22670007038000,2869,1451,1418,102710.2
22670007039000,1220,631,589,41846
22670007040000,603,287,316,25506.9
22670007041000,676,330,346,24944.4
22670007042000,12,8,4,513.6
22670007043000,2,2,0,0
22670007044000,11,6,5,319
22670007056000,5,3,2,186
22670007067000,2,1,1,0
22670007072000,15,9,6,423
22670007073000,4,2,2,0
22670007095000,8,4,4,238.4
22670007096000,4,3,1,0
22670007101000,5,4,1,177
22670007105000,2,1,1,0
22670007106000,7,3,4,331.8
22670007117000,1,0,1,0
22670007120000,7,2,5,282.8
22670007121000,12,8,4,466.8
22670007122000,1,1,0,0
22670007123000,3,1,2,0
22670007124000,9,5,4,308.7
22670007125000,15,8,7,514.5
22670007126000,48,27,21,1862.4
22670007127000,5,2,3,211
22680006551000,50,21,29,2570
22680006552000,9,6,3,371.7
22680006553000,56,30,26,2391.2
22680006555000,9,4,5,361.8
22680006556000,9,4,5,452.7
22680006561000,3,1,2,0
22680006562000,96,46,50,3734.4
22680006563000,95,44,51,4655
22680006564000,77,43,34,2564.1
22680006565000,30,15,15,1152
22680006566000,250,124,126,10250
22680006567000,263,130,133,10888.2
22680006568000,554,291,263,22603.2
22680006569000,1329,620,709,55153.5
22680006570000,3329,1658,1671,144478.6
22680006571000,2961,1437,1524,121104.9
22680006572000,1573,801,772,62605.4
22680006573000,810,406,404,31671
22680006574000,161,94,67,6601
22680006575000,141,73,68,5766.9
22680006576000,32,16,16,1385.6
22680006578000,20,9,11,964
22680006579000,3,2,1,0
22680006581000,14,8,6,590.8
22680006582000,1,0,1,0
22680006583000,48,26,22,1512
22680006584000,27,16,11,1061.1
22680006585000,368,189,179,14793.6
22680006586000,43,25,18,1986.6
22680006587000,1,1,0,0
22680006588000,10,5,5,543
22680006595000,4,2,2,0
22680006596000,2,1,1,0
22680006598000,3,1,2,0
22680006599000,1,1,0,0
22680006600000,6,2,4,237
22680006601000,52,28,24,2043.6
22680006604000,9,6,3,468
22680006605000,1,1,0,0
22680006612000,3,1,2,0
22680006613000,17,9,8,822.8
22680006614000,1,1,0,0
22680006615000,30,10,20,1419
22680006616000,6,3,3,306
22680006617000,5,3,2,299
22680006618000,6,3,3,271.8
22680006619000,20,10,10,808
22680006620000,16,10,6,881.6
22680006621000,15,9,6,543
22680006622000,321,170,151,13225.2
22680006623000,687,363,324,22602.3
22680006624000,23,14,9,982.1
22680006625000,12,7,5,555.6
22680006626000,32,19,13,1177.6
22680006627000,18,11,7,835.2
22680006628000,22,9,13,1023
22680006629000,22,10,12,723.8
22680006630000,25,13,12,902.5
22680006631000,3,1,2,0
22680006632000,129,65,64,4773
22680006634000,5,3,2,283
22680006635000,771,376,395,28141.5
22680006636000,4,2,2,0
22680006637000,35,19,16,1830.5
22680006638000,63,33,30,2772
22680006639000,26,15,11,1427.4
22680006640000,119,72,47,4188.8
22680006644000,17,9,8,625.6
22680006645000,784,352,432,31516.8
22680006646000,1551,740,811,64831.8
22680006647000,1201,612,589,37711.4
22680006648000,2268,1132,1136,79606.8
22680006649000,5629,2773,2856,213902
22680006650000,2068,1034,1034,75482
22680006651000,11,8,3,511.5
22680006652000,4391,2156,2235,146659.4
22680006653000,2818,1373,1445,106238.6
22680006654000,13,8,5,451.1
22680006665000,3,1,2,0
22680006666000,1,1,0,0
22680006670000,75,32,43,2850
22680006671000,349,177,172,12843.2
22680006672000,33,17,16,1151.7
22680006673000,24,11,13,912
22680006674000,2,2,0,0
22680006722000,1,1,0,0
22680006723000,7,3,4,242.9
22680006724000,19,10,9,822.7
22680006725000,29,16,13,1322.4
22680006726000,52,28,24,2485.6
22680006727000,104,41,63,6510.4
22680006728000,64,29,35,2451.2
22680006729000,39,22,17,1470.3
22680006730000,37,21,16,1461.5
22680006731000,23,11,12,1062.6
22680006732000,15,6,9,955.5
22680006733000,70,38,32,2618
22680006734000,6,2,4,145.2
22680006735000,38,25,13,1417.4
22680006736000,20,12,8,960
22680006737000,8,5,3,355.2
22680006738000,6,3,3,384
22680006739000,2,1,1,0
22680006740000,43,22,21,1866.2
22680006741000,286,141,145,12240.8
22680006742000,228,119,109,8071.2
22680006743000,2,1,1,0
22680006746000,8,4,4,352
22680006747000,17,7,10,783.7
22680006748000,17,5,12,693.6
22680006749000,15,8,7,721.5
22680006750000,28,14,14,1276.8
22680006751000,29,17,12,1235.4
22680006752000,3,2,1,0
22680006753000,15,6,9,514.5
22680006756000,5,3,2,249
22680006758000,35,17,18,1673
22680006759000,143,72,71,5033.6
22680006760000,61,28,33,3031.7
22680006761000,16,9,7,604.8
22680006763000,643,317,326,25334.2
22680006764000,25,10,15,1105
22680006765000,32,21,11,1312
22680006766000,11,6,5,488.4
22680006767000,3,2,1,0
22680006768000,2,1,1,0
22680006770000,13,6,7,423.8
22680006772000,9,3,6,339.3
22680006773000,7,4,3,275.1
22680006775000,26,12,14,1006.2
22680006776000,24,14,10,964.8
22680006777000,10,5,5,447
22680006781000,162,82,80,6220.8
22680006782000,129,62,67,4334.4
22680006785000,7,3,4,228.9
22680006786000,3,2,1,0
22680006787000,39,19,20,1489.8
22680006849000,3,1,2,0
22680006859000,9,3,6,351
22680006892000,2,1,1,0
22680006894000,22,11,11,1111
22680006895000,92,48,44,3762.8
22680006896000,89,52,37,3471
22680006897000,5,4,1,118
22680006898000,23,10,13,908.5
22680006899000,5,3,2,302
22680006900000,18,8,10,828
22680006916000,16,10,6,785.6
22680006917000,1,1,0,0
22680006923000,2,1,1,0
22680006973000,9,6,3,249.3
22680006974000,1,1,0,0
22680006975000,12,7,5,559.2
22680006976000,19,10,9,739.1
22680006977000,14,5,9,456.4
22680006978000,17,8,9,771.8
22680006992000,3,2,1,0
22680006995000,19,9,10,963.3
22680006996000,18,10,8,885.6
22680007029000,17,7,10,919.7
22680007030000,36,20,16,1540.8
22680007031000,255,131,124,8695.5
22680007032000,1245,646,599,46314
22680007033000,2330,1152,1178,88307
22680007034000,841,403,438,31537.5
22680007035000,1878,929,949,66856.8
22680007036000,1280,652,628,46080
22680007037000,2954,1464,1490,119341.6
22680007038000,3099,1506,1593,117452.1
22680007039000,3487,1689,1798,144361.8
22680007040000,2459,1190,1269,93687.9
22680007041000,3173,1621,1552,116449.1
22680007042000,1049,544,505,44058
22680007043000,2,1,1,0
22680007056000,2,1,1,0
22680007067000,9,6,3,370.8
22680007073000,33,18,15,1349.7
22680007102000,1,1,0,0
22680007122000,1,1,0,0
22680007124000,52,24,28,2303.6
22680007125000,102,44,58,5620.2
22690006554000,2,1,1,0
22690006568000,557,257,300,20720.4
22690006569000,1523,699,824,71885.6
22690006570000,2035,961,1074,89133
22690006571000,1377,675,702,61689.6
22690006572000,1579,718,861,69633.9
22690006573000,466,229,237,19339
22690006574000,15,7,8,658.5
22690006576000,23,14,9,931.5
22690006578000,6,2,4,189
22690006580000,35,16,19,1459.5
22690006581000,31,18,13,1326.8
22690006582000,28,15,13,1240.4
22690006583000,17,9,8,710.6
22690006584000,29,18,11,1421
22690006585000,353,187,166,11225.4
22690006586000,49,30,19,1484.7
22690006587000,34,20,14,1353.2
22690006588000,8,2,6,180.8
22690006595000,5,3,2,338
22690006596000,2,1,1,0
22690006600000,3,1,2,0
22690006601000,48,22,26,1800
22690006602000,2,1,1,0
22690006608000,5,2,3,88
22690006609000,4,2,2,0
22690006612000,3,1,2,0
22690006613000,15,9,6,559.5
22690006614000,89,48,41,3827
22690006615000,22,15,7,697.4
22690006616000,6,4,2,246
22690006617000,6,3,3,159
22690006618000,24,14,10,931.2
22690006619000,17,9,8,613.7
22690006620000,12,7,5,556.8
22690006621000,18,10,8,691.2
22690006622000,34,21,13,1302.2
22690006623000,11,5,6,422.4
22690006624000,36,21,15,1036.8
22690006625000,16,10,6,622.4
22690006626000,34,21,13,1213.8
22690006627000,9,4,5,462.6
22690006628000,22,13,9,935
22690006629000,4,2,2,0
22690006630000,28,14,14,1150.8
22690006631000,3,2,1,0
22690006632000,4,3,1,0
22690006634000,58,30,28,2459.2
22690006635000,529,267,262,20948.4
22690006636000,60,31,29,1914
22690006637000,159,76,83,6519
22690006638000,90,55,35,3960
22690006639000,19,11,8,729.6
22690006640000,4,2,2,0
22690006644000,2,1,1,0
22690006649000,555,278,277,17982
22690006650000,6812,3408,3404,248638
22690006651000,1426,663,763,48484
22690006652000,1402,634,768,54818.2
22690006653000,5346,2529,2817,201009.6
22690006654000,5823,2898,2925,218362.5
22690006655000,576,294,282,24134.4
22690006658000,3,1,2,0
22690006663000,17,9,8,540.6
22690006664000,1735,877,858,62807
22690006665000,1540,777,763,58212
22690006668000,46,28,18,1734.2
22690006669000,16,8,8,470.4
22690006670000,661,308,353,26836.6
22690006671000,735,363,372,30208.5
22690006672000,316,152,164,10143.6
22690006677000,2,1,1,0
22690006708000,7,5,2,205.8
22690006709000,2,1,1,0
22690006710000,2,1,1,0
22690006725000,12,8,4,404.4
22690006726000,22,11,11,1185.8
22690006727000,64,32,32,2342.4
22690006728000,58,32,26,2569.4
22690006729000,47,26,21,1804.8
22690006730000,24,12,12,1056
22690006731000,34,24,10,1387.2
22690006732000,32,16,16,1600
22690006733000,171,93,78,7096.5
22690006734000,38,15,23,1193.2
22690006735000,53,24,29,2639.4
22690006736000,162,90,72,6480
22690006738000,36,18,18,1512
22690006739000,12,5,7,482.4
22690006740000,51,26,25,2182.8
22690006741000,127,63,64,4267.2
22690006742000,11,7,4,448.8
22690006746000,9,3,6,432
22690006747000,59,28,31,2401.3
22690006748000,27,14,13,1201.5
22690006749000,22,14,8,952.6
22690006750000,3,2,1,0
22690006751000,26,16,10,904.8
22690006752000,10,4,6,286
22690006753000,5,3,2,113
22690006755000,3,2,1,0
22690006756000,15,8,7,676.5
22690006757000,43,19,24,1767.3
22690006758000,6,2,4,306
22690006759000,36,17,19,1670.4
22690006760000,70,32,38,2961
22690006761000,18,12,6,694.8
22690006762000,8,4,4,312
22690006763000,11,5,6,502.7
22690006764000,72,33,39,3045.6
22690006765000,87,42,45,3358.2
22690006766000,38,18,20,1470.6
22690006767000,18,10,8,676.8
22690006768000,17,12,5,618.8
22690006769000,6,3,3,208.8
22690006770000,11,4,7,379.5
22690006771000,1,1,0,0
22690006772000,9,4,5,423
22690006774000,5,2,3,187
22690006775000,41,17,24,2004.9
22690006776000,7,4,3,319.2
22690006777000,3,3,0,0
22690006780000,2,1,1,0
22690006781000,17,8,9,724.2
22690006849000,2,1,1,0
22690006859000,3,1,2,0
22690006892000,1,0,1,0
22690006894000,16,9,7,1000
22690006895000,21,13,8,892.5
22690006896000,140,68,72,4914
22690006897000,38,18,20,1474.4
22690006898000,7,1,6,147
22690006916000,1,1,0,0
22690006923000,6,2,4,183
22690006973000,2,1,1,0
22690006974000,2,1,1,0
22690006977000,6,3,3,268.2
22690006978000,6,3,3,265.2
22690006979000,5,3,2,303
22690006980000,11,5,6,544.5
22690006983000,22,12,10,847
22690006984000,7,5,2,224.7
22690006985000,5,1,4,157
22690006986000,2,2,0,0
22690006994000,31,19,12,1624.4
22690006995000,31,16,15,1475.6
22690006996000,1,1,0,0
22690007017000,17,9,8,533.8
22690007029000,10,6,4,537
22690007030000,2,1,1,0
22690007031000,4,2,2,0
22690007032000,779,395,384,23603.7
22690007033000,2510,1260,1250,86595
22690007034000,3336,1669,1667,127768.8
22690007035000,1240,621,619,48608
22690007036000,1933,1003,930,66881.8
22690007037000,1036,548,488,36570.8
22690007038000,1987,1002,985,71134.6
22690007039000,1250,683,567,44750
22690007040000,1465,790,675,49956.5
22690007041000,3662,1873,1789,147212.4
22690007042000,135,75,60,4711.5
22690007057000,14,5,9,631.4
22690007073000,6,3,3,169.8
22690007104000,29,13,16,835.2
22690007116000,1,1,0,0
22690007118000,12,6,6,586.8
22690007119000,1,1,0,0
22690007124000,2,0,2,0
22690007125000,5,1,4,268
22690007127000,2,1,1,0
22690007130000,1,1,0,0
22700006550000,12,8,4,790.8
22700006551000,21,11,10,819
22700006552000,16,8,8,617.6
22700006553000,6,4,2,429
22700006554000,2,1,1,0
22700006555000,16,10,6,507.2
22700006556000,1,0,1,0
22700006568000,166,79,87,6440.8
22700006569000,69,38,31,2656.5
22700006570000,1268,589,679,55158
22700006571000,916,445,471,37464.4
22700006572000,1944,1014,930,70178.4
22700006573000,1857,882,975,72980.1
22700006574000,113,59,54,4452.2
22700006578000,8,5,3,191.2
22700006579000,26,14,12,837.2
22700006580000,179,88,91,5728
22700006581000,61,27,34,2311.9
22700006582000,58,33,25,2488.2
22700006583000,25,17,8,1080
22700006584000,55,32,23,2299
22700006585000,4,3,1,0
22700006587000,4,2,2,0
22700006588000,24,12,12,998.4
22700006589000,12,7,5,440.4
22700006595000,2,2,0,0
22700006596000,13,6,7,490.1
22700006600000,40,21,19,1236
22700006601000,4,3,1,0
22700006602000,4,2,2,0
22700006603000,2,1,1,0
22700006604000,7,4,3,443.8
22700006605000,6,2,4,228
22700006608000,7,4,3,336.7
22700006613000,14,8,6,597.8
22700006614000,23,12,11,956.8
22700006615000,38,19,19,1732.8
22700006616000,1,1,0,0
22700006617000,9,5,4,458.1
22700006618000,19,13,6,853.1
22700006619000,15,10,5,501
22700006620000,9,4,5,489.6
22700006621000,26,13,13,1001
22700006622000,25,15,10,855
22700006623000,3,2,1,0
22700006624000,15,9,6,664.5
22700006625000,15,8,7,622.5
22700006626000,21,10,11,842.1
22700006627000,16,8,8,582.4
22700006628000,22,13,9,748
22700006629000,9,7,2,404.1
22700006630000,19,9,10,571.9
22700006631000,114,57,57,3807.6
22700006632000,110,58,52,3971
22700006633000,162,100,62,6058.8
22700006634000,179,88,91,6533.5
22700006636000,2,1,1,0
22700006637000,28,18,10,971.6
22700006638000,89,51,38,3711.3
22700006639000,7,5,2,252.7
22700006650000,1185,588,597,41119.5
22700006651000,2409,1225,1184,91782.9
22700006652000,4648,2321,2327,166863.2
22700006653000,2533,1292,1241,87641.8
22700006654000,5619,2827,2792,212960.1
22700006655000,508,248,260,17983.2
22700006659000,1,1,0,0
22700006660000,2,0,2,0
22700006661000,90,51,39,3564
22700006662000,41,22,19,1935.2
22700006663000,690,297,393,34845
22700006664000,1254,643,611,47652
22700006665000,396,194,202,14968.8
22700006666000,18,10,8,680.4
22700006667000,105,45,60,3843
22700006668000,1233,621,612,45004.5
22700006669000,108,61,47,3488.4
22700006670000,111,62,49,4451.1
22700006671000,475,242,233,16482.5
22700006708000,20,9,11,734
22700006728000,12,4,8,547.2
22700006729000,80,37,43,3488
22700006730000,103,56,47,4264.2
22700006731000,51,24,27,2080.8
22700006732000,74,36,38,2871.2
22700006733000,49,23,26,2151.1
22700006734000,45,24,21,1921.5
22700006735000,111,67,44,4806.3
22700006736000,35,19,16,1347.5
22700006737000,11,4,7,607.2
22700006738000,17,6,11,804.1
22700006739000,27,15,12,1174.5
22700006740000,11,8,3,490.6
22700006741000,39,21,18,2008.5
22700006745000,4,3,1,0
22700006746000,18,11,7,849.6
22700006747000,21,11,10,770.7
22700006748000,33,18,15,1128.6
22700006750000,15,6,9,745.5
22700006751000,30,17,13,1140
22700006752000,149,80,69,6570.9
22700006753000,38,19,19,1660.6
22700006754000,22,12,10,816.2
22700006755000,304,156,148,11187.2
22700006756000,76,38,38,2599.2
22700006757000,20,10,10,698
22700006758000,50,27,23,2310
22700006759000,28,15,13,1170.4
22700006760000,13,5,8,665.6
22700006761000,21,10,11,949.2
22700006763000,12,7,5,363.6
22700006764000,109,56,53,4621.6
22700006765000,55,27,28,2480.5
22700006766000,62,36,26,2356
22700006767000,27,17,10,1063.8
22700006768000,10,6,4,337
22700006769000,13,6,7,547.3
22700006770000,15,7,8,583.5
22700006771000,23,10,13,724.5
22700006772000,52,27,25,1918.8
22700006773000,195,92,103,7273.5
22700006774000,26,15,11,891.8
22700006775000,31,15,16,920.7
22700006776000,2,1,1,0
22700006780000,19,11,8,632.7
22700006798000,45,28,17,1570.5
22700006858000,5,1,4,85
22700006892000,2,0,2,0
22700006893000,15,8,7,529.5
22700006894000,105,51,54,3612
22700006895000,21,12,9,1073.1
22700006896000,95,50,45,3315.5
22700006897000,3,1,2,0
22700006904000,1,1,0,0
22700006916000,8,4,4,387.2
22700006974000,7,2,5,263.9
22700006978000,2,1,1,0
22700006979000,43,21,22,1651.2
22700006980000,70,32,38,2618
22700006981000,19,10,9,780.9
22700006982000,15,6,9,657
22700006983000,6,3,3,208.2
22700006984000,17,8,9,581.4
22700006985000,5,2,3,268
22700006986000,21,9,12,705.6
22700006987000,7,3,4,287
22700006988000,9,4,5,424.8
22700006990000,7,3,4,373.1
22700006992000,20,10,10,690
22700006993000,7,3,4,301.7
22700006994000,41,27,14,1656.4
22700007019000,52,30,22,1783.6
22700007020000,32,15,17,1206.4
22700007021000,25,17,8,740
22700007023000,5,2,3,257
22700007024000,21,10,11,869.4
22700007025000,34,17,17,1026.8
22700007026000,6,2,4,130.8
22700007027000,10,7,3,470
22700007028000,62,36,26,2120.4
22700007029000,37,18,19,1383.8
22700007031000,51,26,25,1744.2
22700007032000,28,14,14,994
22700007033000,129,63,66,3624.9
22700007034000,710,362,348,26412
22700007035000,767,398,369,26921.7
22700007036000,1075,555,520,43000
22700007037000,1657,884,773,62634.6
22700007038000,1514,750,764,59197.4
22700007039000,2508,1330,1178,96056.4
22700007040000,3176,1716,1460,108301.6
22700007041000,3735,1917,1818,150520.5
22700007042000,1334,771,563,46156.4
22700007057000,11,5,6,590.7
22700007058000,15,3,12,612
22700007074000,11,8,3,420.2
22700007075000,20,9,11,730
22700007076000,7,3,4,212.1
22700007103000,18,10,8,754.2
22700007104000,6,3,3,301.8
22700007105000,12,6,6,739.2
22700007119000,5,2,3,294
22700007125000,2,1,1,0
22700007126000,2,2,0,0
22700007127000,2,2,0,0
22710006549000,17,6,11,822.8
22710006550000,33,20,13,1501.5
22710006551000,6,4,2,283.2
22710006552000,25,13,12,947.5
22710006553000,18,11,7,723.6
22710006554000,17,8,9,622.2
22710006555000,10,4,6,590
22710006556000,7,4,3,468.3
22710006568000,32,18,14,1468.8
22710006569000,85,45,40,3349
22710006570000,1086,544,542,44960.4
22710006571000,478,232,246,21749
22710006572000,2369,1171,1198,92864.8
22710006573000,301,171,130,11799.2
22710006574000,1252,623,629,49579.2
22710006575000,1098,490,608,50508
22710006576000,591,293,298,24290.1
22710006577000,2,1,1,0
22710006578000,3,2,1,0
22710006579000,88,47,41,3608
22710006580000,15,9,6,457.5
22710006581000,21,9,12,894.6
22710006582000,114,60,54,4366.2
22710006583000,74,39,35,3078.4
22710006584000,30,15,15,1359
22710006587000,3,2,1,0
22710006589000,7,4,3,231
22710006593000,5,3,2,248
22710006594000,5,3,2,178
22710006595000,8,5,3,296
22710006596000,3,2,1,0
22710006597000,15,9,6,577.5
22710006598000,12,6,6,480
22710006599000,13,6,7,578.5
22710006600000,4,2,2,0
22710006601000,2,1,1,0
22710006602000,2,1,1,0
22710006604000,1,0,1,0
22710006605000,1,1,0,0
22710006614000,2,1,1,0
22710006615000,35,18,17,1351
22710006616000,95,54,41,3448.5
22710006617000,31,17,14,1140.8
22710006618000,18,10,8,734.4
22710006619000,12,7,5,693.6
22710006620000,359,179,180,11164.9
22710006621000,161,86,75,5876.5
22710006622000,7,4,3,263.9
22710006623000,20,11,9,600
22710006624000,7,6,1,196
22710006628000,9,4,5,272.7
22710006629000,59,30,29,2348.2
22710006630000,53,26,27,2475.1
22710006631000,24,14,10,1024.8
22710006632000,78,44,34,3049.8
22710006633000,96,46,50,3225.6
22710006634000,82,50,32,3058.6
22710006636000,10,8,2,489
22710006639000,2,1,1,0
22710006646000,6,2,4,186
22710006648000,23,13,10,765.9
22710006649000,2,1,1,0
22710006650000,941,470,471,31147.1
22710006651000,3950,1985,1965,150890
22710006652000,5502,2768,2734,194770.8
22710006653000,2978,1511,1467,103634.4
22710006654000,1610,822,788,64239
22710006655000,1967,958,1009,70418.6
22710006657000,1401,673,728,49735.5
22710006658000,546,256,290,19546.8
22710006659000,17,8,9,452.2
22710006660000,497,260,237,16102.8
22710006661000,470,253,217,16544
22710006662000,56,28,28,2385.6
22710006663000,33,22,11,1211.1
22710006664000,40,20,20,1680
22710006665000,45,25,20,1593
22710006666000,67,37,30,2485.7
22710006667000,32,17,15,1238.4
22710006668000,59,34,25,2259.7
22710006669000,96,47,49,3648
22710006670000,76,42,34,3230
22710006671000,4,2,2,0
22710006707000,2,1,1,0
22710006708000,25,14,11,980
22710006709000,6,3,3,361.2
22710006728000,22,12,10,904.2
22710006729000,64,32,32,3436.8
22710006730000,58,32,26,2296.8
22710006731000,75,41,34,3405
22710006732000,70,30,40,2849
22710006733000,476,198,278,23181.2
22710006734000,208,87,121,10670.4
22710006735000,159,77,82,7282.2
22710006736000,60,28,32,2376
22710006737000,61,34,27,2812.1
22710006738000,46,27,19,1320.2
22710006739000,83,45,38,3909.3
22710006740000,62,30,32,2399.4
22710006741000,13,6,7,562.9
22710006744000,11,5,6,357.5
22710006745000,27,14,13,1325.7
22710006746000,15,9,6,651
22710006747000,6,3,3,301.2
22710006748000,11,6,5,336.6
22710006749000,54,26,28,2100.6
22710006750000,12,7,5,480
22710006751000,8,3,5,391.2
22710006752000,57,32,25,2086.2
22710006753000,15,8,7,514.5
22710006755000,33,19,14,1052.7
22710006756000,5,1,4,374
22710006757000,6,3,3,307.2
22710006758000,37,19,18,1391.2
22710006761000,23,11,12,1055.7
22710006762000,3,1,2,0
22710006764000,67,34,33,3195.9
22710006765000,11,5,6,368.5
22710006766000,78,44,34,2613
22710006767000,86,42,44,3440
22710006768000,3,2,1,0
22710006770000,7,3,4,291.2
22710006771000,17,6,11,683.4
22710006772000,24,12,12,1060.8
22710006773000,5,4,1,307
22710006775000,8,4,4,335.2
22710006780000,4,3,1,0
22710006858000,5,2,3,173
22710006891000,33,16,17,1277.1
22710006892000,34,19,15,1509.6
22710006893000,6,2,4,264
22710006894000,71,38,33,2925.2
22710006895000,25,15,10,1265
22710006896000,38,16,22,1858.2
22710006897000,5,4,1,226
22710006898000,18,11,7,831.6
22710006900000,16,9,7,435.2
22710006901000,9,4,5,340.2
22710006902000,5,3,2,199
22710006904000,9,3,6,182.7
22710006905000,10,6,4,305
22710006906000,1,0,1,0
22710006915000,2,1,1,0
22710006916000,6,2,4,196.2
22710006923000,7,4,3,266.7
22710006977000,1,1,0,0
22710006978000,7,2,5,328.3
22710006980000,11,6,5,375.1
22710006985000,5,1,4,78
22710006987000,10,5,5,489
22710006988000,11,8,3,393.8
22710006989000,17,9,8,1052.3
22710006990000,2,1,1,0
22710006992000,43,26,17,1539.4
22710007019000,19,8,11,587.1
22710007021000,10,7,3,405
22710007022000,78,41,37,2683.2
22710007023000,25,14,11,787.5
22710007024000,40,22,18,1808
22710007025000,55,26,29,2315.5
22710007026000,37,22,15,1409.7
22710007027000,235,112,123,8060.5
22710007028000,979,489,490,28978.4
22710007029000,36,21,15,1188
22710007030000,36,17,19,1051.2
22710007031000,29,18,11,1287.6
22710007032000,46,24,22,2189.6
22710007033000,37,23,14,1576.2
22710007034000,43,24,19,1849
22710007035000,121,69,52,4489.1
22710007036000,861,434,427,31770.9
22710007037000,4157,2049,2108,158381.7
22710007038000,3626,1748,1878,139963.6
22710007039000,3537,1945,1592,110354.4
22710007040000,3345,1674,1671,123765
22710007041000,5415,2834,2581,194398.5
22710007042000,5316,2815,2501,190312.8
22710007043000,97,47,50,4559
22710007057000,88,43,45,3467.2
22710007058000,22,11,11,959.2
22710007074000,9,4,5,460.8
22710007075000,7,3,4,268.8
22710007076000,4,2,2,0
22710007102000,1,1,0,0
22710007105000,8,3,5,303.2
22710007131000,12,4,8,585.6
22710007132000,1,1,0,0
22720006549000,508,249,259,24790.4
22720006550000,294,143,151,13347.6
22720006551000,33,14,19,1468.5
22720006552000,27,12,15,1339.2
22720006553000,33,14,19,1346.4
22720006554000,24,10,14,1149.6
22720006555000,4,2,2,0
22720006556000,14,9,5,589.4
22720006564000,4,1,3,0
22720006565000,2,1,1,0
22720006566000,28,16,12,1195.6
22720006567000,17,8,9,518.5
22720006568000,17,8,9,722.5
22720006569000,6,2,4,298.2
22720006570000,1334,645,689,50558.6
22720006571000,640,337,303,22912
22720006572000,1324,656,668,49120.4
22720006573000,900,445,455,37440
22720006574000,517,277,240,19180.7
22720006575000,431,201,230,18619.2
22720006576000,1121,554,567,41477
22720006577000,121,64,57,5227.2
22720006578000,48,24,24,1987.2
22720006579000,191,103,88,7544.5
22720006580000,1,0,1,0
22720006581000,66,29,37,2752.2
22720006582000,22,9,13,688.6
22720006583000,16,6,10,616
22720006584000,8,6,2,302.4
22720006585000,7,5,2,98
22720006587000,18,9,9,581.4
22720006593000,10,7,3,331
22720006594000,4,1,3,0
22720006595000,27,13,14,1053
22720006598000,2,1,1,0
22720006599000,2,1,1,0
22720006602000,5,2,3,138
22720006603000,3,2,1,0
22720006604000,1,0,1,0
22720006614000,3,1,2,0
22720006615000,10,4,6,447
22720006616000,12,4,8,520.8
22720006617000,39,19,20,1790.1
22720006618000,17,9,8,987.7
22720006619000,3,1,2,0
22720006620000,14,7,7,428.4
22720006621000,9,4,5,293.4
22720006628000,1,1,0,0
22720006629000,44,21,23,1588.4
22720006630000,3,1,2,0
22720006631000,3,1,2,0
22720006632000,18,9,9,779.4
22720006633000,51,25,26,1892.1
22720006634000,22,12,10,1040.6
22720006635000,50,25,25,2065
22720006648000,1421,718,703,50019.2
22720006649000,1897,997,900,72655.1
22720006650000,1153,594,559,40239.7
22720006651000,3575,1738,1837,129057.5
22720006652000,3889,1937,1952,152448.8
22720006653000,4386,2211,2175,159650.4
22720006654000,8657,4360,4297,318577.6
22720006655000,3617,1796,1821,141063
22720006656000,544,300,244,19094.4
22720006657000,494,238,256,20550.4
22720006658000,2129,1072,1057,81753.6
22720006659000,982,465,517,32111.4
22720006660000,178,91,87,5108.6
22720006661000,17,11,6,700.4
22720006662000,19,8,11,566.2
22720006663000,7,4,3,503.3
22720006665000,111,58,53,4240.2
22720006666000,4,2,2,0
22720006707000,16,9,7,513.6
22720006708000,2,1,1,0
22720006727000,1,1,0,0
22720006728000,10,6,4,626
22720006729000,262,135,127,10401.4
22720006730000,227,110,117,8921.1
22720006731000,36,21,15,1375.2
22720006732000,18,11,7,741.6
22720006733000,29,17,12,1125.2
22720006734000,225,109,116,9405
22720006735000,51,27,24,2009.4
22720006736000,66,35,31,2567.4
22720006737000,29,13,16,1087.5
22720006738000,368,188,180,13726.4
22720006739000,119,60,59,5307.4
22720006740000,21,10,11,810.6
22720006741000,4,1,3,0
22720006744000,9,4,5,304.2
22720006745000,33,17,16,1174.8
22720006746000,37,21,16,1383.8
22720006747000,7,4,3,338.1
22720006748000,59,30,29,2419
22720006749000,25,12,13,715
22720006751000,12,6,6,472.8
22720006752000,35,18,17,1309
22720006753000,23,9,14,1166.1
22720006754000,8,5,3,332.8
22720006755000,36,17,19,1213.2
22720006756000,26,17,9,878.8
22720006757000,8,4,4,259.2
22720006758000,61,29,32,2324.1
22720006759000,22,13,9,913
22720006760000,13,7,6,643.5
22720006761000,21,12,9,989.1
22720006763000,6,3,3,346.2
22720006764000,27,15,12,1198.8
22720006765000,7,3,4,261.1
22720006766000,7,4,3,272.3
22720006767000,6,3,3,345
22720006768000,34,19,15,1506.2
22720006769000,37,19,18,1505.9
22720006770000,32,17,15,1315.2
22720006771000,36,18,18,1591.2
22720006773000,15,10,5,690
22720006774000,2,2,0,0
22720006776000,5,4,1,84
22720006779000,3,2,1,0
22720006856000,6,3,3,217.2
22720006890000,65,36,29,2249
22720006892000,12,7,5,560.4
22720006893000,212,98,114,8564.8
22720006894000,337,153,184,14760.6
22720006895000,42,19,23,1789.2
22720006896000,30,14,16,1137
22720006897000,6,2,4,253.8
22720006898000,11,5,6,333.3
22720006899000,3,1,2,0
22720006900000,7,3,4,389.2
22720006901000,13,6,7,604.5
22720006902000,6,4,2,172.2
22720006903000,31,15,16,1382.6
22720006904000,58,28,30,2418.6
22720006906000,5,1,4,138
22720006915000,8,5,3,419.2
22720006916000,10,3,7,426
22720006922000,12,5,7,573.6
22720006923000,2,1,1,0
22720006973000,4,3,1,0
22720006974000,17,7,10,642.6
22720006975000,14,9,5,425.6
22720006976000,30,17,13,1284
22720006977000,14,7,7,527.8
22720006989000,5,2,3,170
22720006990000,15,7,8,519
22720006992000,8,6,2,304.8
22720007021000,2,1,1,0
22720007022000,24,10,14,907.2
22720007024000,28,15,13,1055.6
22720007025000,7,4,3,350
22720007026000,634,331,303,20605
22720007027000,696,363,333,25125.6
22720007028000,25,13,12,1220
22720007029000,39,21,18,1536.6
22720007030000,32,17,15,960
22720007031000,32,16,16,1059.2
22720007032000,81,42,39,3329.1
22720007033000,34,20,14,1091.4
22720007034000,31,16,15,1230.7
22720007035000,31,16,15,1351.6
22720007036000,16,6,10,585.6
22720007037000,791,385,406,30453.5
22720007038000,2911,1394,1517,116148.9
22720007039000,3590,1952,1638,133189
22720007040000,2997,1420,1577,128871
22720007041000,4126,1937,2189,160914
22720007042000,4001,2052,1949,144436.1
22720007043000,2177,1079,1098,85556.1
22720007044000,527,256,271,20184.1
22720007057000,2,1,1,0
22720007058000,25,16,9,905
22720007059000,15,7,8,592.5
22720007097000,3,2,1,0
22720007099000,2,1,1,0
22720007103000,2,1,1,0
22720007127000,17,8,9,892.5
22720007128000,31,15,16,1571.7
22720007131000,1,0,1,0
22720007132000,1,1,0,0
22720007137000,4,3,1,0
22720007138000,13,10,3,782.6
22730006545000,4,2,2,0
22730006546000,19,9,10,976.6
22730006547000,4,2,2,0
22730006549000,17,9,8,875.5
22730006550000,28,14,14,1526
22730006551000,7,3,4,462
22730006552000,6,2,4,160.8
22730006553000,11,6,5,356.4
22730006554000,28,13,15,1204
22730006562000,6,3,3,220.8
22730006563000,29,16,13,910.6
22730006564000,12,6,6,438
22730006565000,117,63,54,4691.7
22730006566000,43,18,25,1767.3
22730006567000,245,112,133,10927
22730006568000,204,109,95,8486.4
22730006569000,7,3,4,438.2
22730006570000,4,1,3,0
22730006571000,15,8,7,522
22730006572000,158,77,81,5277.2
22730006573000,786,401,385,27824.4
22730006574000,657,315,342,22929.3
22730006575000,211,103,108,7596
22730006576000,747,386,361,27340.2
22730006577000,681,354,327,27240
22730006578000,88,42,46,3766.4
22730006579000,12,7,5,699.6
22730006580000,13,5,8,445.9
22730006581000,66,39,27,2758.8
22730006582000,27,13,14,1131.3
22730006583000,253,124,129,9108
22730006586000,8,3,5,270.4
22730006587000,13,7,6,308.1
22730006592000,2,1,1,0
22730006593000,127,68,59,5016.5
22730006594000,256,120,136,9830.4
22730006595000,48,19,29,1636.8
22730006596000,2,1,1,0
22730006597000,6,3,3,258
22730006598000,45,23,22,1854
22730006599000,9,4,5,462.6
22730006600000,6,2,4,220.8
22730006602000,8,2,6,242.4
22730006604000,1,1,0,0
22730006605000,8,4,4,306.4
22730006608000,2,1,1,0
22730006609000,9,6,3,213.3
22730006613000,2,1,1,0
22730006614000,3,2,1,0
22730006615000,24,12,12,830.4
22730006616000,15,8,7,700.5
22730006617000,23,12,11,1081
22730006618000,47,24,23,1786
22730006619000,20,11,9,694
22730006620000,14,7,7,610.4
22730006621000,11,6,5,434.5
22730006622000,14,8,6,579.6
22730006628000,5,3,2,186
22730006629000,5,3,2,190
22730006630000,4,2,2,0
22730006631000,22,13,9,1005.4
22730006632000,6,3,3,160.8
22730006634000,142,78,64,5992.4
22730006635000,1,1,0,0
22730006638000,1,0,1,0
22730006646000,11,6,5,408.1
22730006647000,22,9,13,787.6
22730006648000,1678,884,794,59569
22730006649000,3009,1448,1561,120961.8
22730006650000,2881,1415,1466,128492.6
22730006651000,1569,838,731,56484
22730006652000,2014,1075,939,75525
22730006653000,1479,740,739,62413.8
22730006654000,143,61,82,5920.2
22730006655000,913,463,450,34237.5
22730006656000,1301,667,634,47486.5
22730006657000,192,103,89,7315.2
22730006658000,631,317,314,23157.7
22730006659000,563,299,264,19198.3
22730006660000,26,14,12,1170
22730006661000,7,3,4,261.1
22730006662000,3,2,1,0
22730006688000,2,1,1,0
22730006707000,13,8,5,634.4
22730006708000,25,16,9,910
22730006717000,1,1,0,0
22730006728000,16,7,9,545.6
22730006729000,62,33,29,2647.4
22730006730000,69,38,31,2808.3
22730006731000,14,7,7,446.6
22730006732000,35,16,19,1410.5
22730006733000,28,14,14,1153.6
22730006734000,176,93,83,7515.2
22730006735000,25,14,11,875
22730006736000,50,27,23,2305
22730006737000,256,129,127,9062.4
22730006738000,399,178,221,17795.4
22730006739000,9,5,4,258.3
22730006740000,5,2,3,208
22730006744000,26,14,12,1313
22730006745000,38,21,17,1314.8
22730006746000,54,29,25,2030.4
22730006747000,81,31,50,3361.5
22730006748000,154,71,83,6930
22730006749000,77,40,37,2664.2
22730006751000,3,1,2,0
22730006752000,38,20,18,1820.2
22730006753000,20,12,8,1152
22730006754000,40,21,19,1596
22730006755000,24,14,10,919.2
22730006756000,19,16,3,782.8
22730006757000,34,16,18,1356.6
22730006758000,74,40,34,3063.6
22730006759000,8,5,3,251.2
22730006760000,69,34,35,2918.7
22730006761000,15,7,8,607.5
22730006763000,8,5,3,430.4
22730006764000,10,5,5,321
22730006765000,8,3,5,286.4
22730006767000,5,3,2,130
22730006768000,2,2,0,0
22730006769000,8,6,2,303.2
22730006770000,29,16,13,1165.8
22730006771000,4,3,1,0
22730006779000,9,5,4,341.1
22730006891000,9,5,4,377.1
22730006892000,66,31,35,2818.2
22730006893000,19,11,8,872.1
22730006896000,5,2,3,237
22730006903000,14,8,6,739.2
22730006904000,15,8,7,672
22730006905000,9,6,3,322.2
22730006906000,15,6,9,709.5
22730006907000,18,10,8,662.4
22730006908000,10,5,5,486
22730006911000,18,11,7,723.6
22730006914000,13,7,6,484.9
22730006915000,11,6,5,465.3
22730006922000,9,5,4,174.6
22730006923000,5,2,3,182
22730006973000,27,14,13,1312.2
22730006974000,10,4,6,400
22730006976000,2,1,1,0
22730006989000,2,2,0,0
22730006990000,8,5,3,291.2
22730006993000,5,3,2,217
22730006994000,3,1,2,0
22730006995000,4,2,2,0
22730007021000,31,18,13,864.9
22730007023000,2,1,1,0
22730007025000,48,26,22,1924.8
22730007026000,650,317,333,25675
22730007027000,1131,555,576,39132.6
22730007028000,54,33,21,1879.2
22730007029000,62,30,32,2895.4
22730007030000,41,19,22,1476
22730007031000,47,24,23,1800.1
22730007032000,95,43,52,3572
22730007033000,20,12,8,750
22730007037000,118,61,57,4259.8
22730007038000,702,349,353,26535.6
22730007039000,3293,1602,1691,134354.4
22730007040000,757,374,383,29750.1
22730007041000,2899,1419,1480,112481.2
22730007042000,1083,519,564,43211.7
22730007043000,1823,889,934,72373.1
22730007044000,423,205,218,19500.3
22730007059000,25,14,11,987.5
22730007076000,10,6,4,407
22730007097000,12,7,5,426
22730007103000,11,5,6,379.5
22730007124000,6,3,3,205.2
22730007132000,109,57,52,4872.3
22730007133000,9,3,6,479.7
22730007138000,3,2,1,0
22740006547000,18,11,7,727.2
22740006548000,69,37,32,3546.6
22740006549000,1,1,0,0
22740006552000,13,4,9,715
22740006553000,21,12,9,821.1
22740006554000,15,9,6,651
22740006555000,4,2,2,0
22740006562000,6,2,4,382.8
22740006563000,23,12,11,899.3
22740006564000,21,11,10,959.7
22740006565000,24,14,10,976.8
22740006566000,17,9,8,491.3
22740006567000,296,147,149,10389.6
22740006568000,8,3,5,415.2
22740006569000,29,18,11,1316.6
22740006570000,404,206,198,15392.4
22740006571000,82,44,38,3017.6
22740006572000,19,9,10,642.2
22740006573000,9,1,8,414.9
22740006574000,20,9,11,796
22740006575000,90,47,43,2799
22740006576000,1620,809,811,59454
22740006577000,1615,843,772,60562.5
22740006578000,354,172,182,13487.4
22740006579000,179,92,87,7571.7
22740006580000,53,28,25,2697.7
22740006582000,4,2,2,0
22740006583000,17,9,8,486.2
22740006585000,8,6,2,223.2
22740006587000,18,9,9,775.8
22740006593000,26,13,13,1196
22740006594000,22,11,11,1012
22740006596000,39,18,21,1907.1
22740006597000,23,12,11,834.9
22740006598000,7,4,3,240.8
22740006600000,1,1,0,0
22740006601000,12,6,6,609.6
22740006602000,17,9,8,678.3
22740006603000,1,1,0,0
22740006604000,3,2,1,0
22740006605000,5,2,3,167
22740006606000,4,2,2,0
22740006607000,4,2,2,0
22740006608000,2,1,1,0
22740006613000,9,5,4,316.8
22740006614000,6,3,3,361.2
22740006615000,20,9,11,718
22740006616000,4,3,1,0
22740006617000,17,13,4,640.9
22740006618000,48,23,25,1329.6
22740006619000,93,51,42,3496.8
22740006620000,1289,645,644,47564.1
22740006621000,64,31,33,2483.2
22740006622000,13,8,5,383.5
22740006628000,21,9,12,810.6
22740006629000,82,45,37,2935.6
22740006630000,42,25,17,1360.8
22740006632000,74,42,32,2471.6
22740006633000,17,10,7,618.8
22740006634000,12,4,8,554.4
22740006645000,2,1,1,0
22740006646000,39,18,21,1583.4
22740006647000,28,12,16,1120
22740006648000,3059,1501,1558,117771.5
22740006649000,3294,1593,1701,128795.4
22740006650000,1626,740,886,72194.4
22740006651000,2777,1451,1326,102193.6
22740006652000,109,59,50,3869.5
22740006655000,122,69,53,4440.8
22740006656000,26,15,11,982.8
22740006657000,30,17,13,921
22740006658000,22,14,8,825
22740006659000,79,35,44,3357.5
22740006660000,2,2,0,0
22740006681000,9,5,4,444.6
22740006682000,8,6,2,288.8
22740006700000,4,2,2,0
22740006709000,1,1,0,0
22740006717000,5,2,3,225
22740006726000,10,4,6,368
22740006727000,50,30,20,2025
22740006728000,59,26,33,2306.9
22740006729000,56,31,25,2626.4
22740006730000,3,2,1,0
22740006731000,7,6,1,413
22740006732000,33,17,16,1224.3
22740006733000,42,20,22,1806
22740006734000,134,66,68,5829
22740006735000,38,21,17,1626.4
22740006736000,53,25,28,2210.1
22740006737000,362,180,182,15204
22740006738000,248,107,141,12524
22740006744000,6,4,2,184.2
22740006745000,98,55,43,3782.8
22740006746000,19,11,8,617.5
22740006747000,75,38,37,3322.5
22740006748000,19,13,6,822.7
22740006749000,6,4,2,268.8
22740006750000,2,1,1,0
22740006752000,2,1,1,0
22740006753000,25,14,11,1122.5
22740006755000,22,11,11,948.2
22740006756000,33,16,17,980.1
22740006757000,90,45,45,3852
22740006758000,86,48,38,3182
22740006759000,17,8,9,622.2
22740006760000,17,13,4,612
22740006761000,19,11,8,1014.6
22740006762000,20,10,10,894
22740006763000,7,3,4,354.9
22740006764000,6,4,2,198
22740006767000,14,6,8,470.4
22740006768000,10,5,5,401
22740006769000,2,1,1,0
22740006770000,15,8,7,537
22740006778000,7,4,3,340.2
22740006854000,2,1,1,0
22740006890000,14,7,7,512.4
22740006891000,39,21,18,1794
22740006892000,9,5,4,324.9
22740006897000,1,1,0,0
22740006904000,6,3,3,208.8
22740006905000,14,6,8,551.6
22740006906000,57,24,33,1892.4
22740006907000,3,2,1,0
22740006909000,8,4,4,248.8
22740006910000,72,33,39,2563.2
22740006911000,98,55,43,3724
22740006912000,18,10,8,806.4
22740006913000,16,7,9,667.2
22740006914000,2,1,1,0
22740006922000,9,4,5,487.8
22740006923000,10,5,5,408
22740006973000,9,6,3,329.4
22740006990000,16,10,6,806.4
22740006991000,4,3,1,0
22740006992000,11,7,4,647.9
22740007021000,14,7,7,733.6
22740007022000,158,87,71,5340.4
22740007026000,134,70,64,7182.4
22740007027000,34,19,15,1186.6
22740007028000,27,16,11,1185.3
22740007029000,18,10,8,509.4
22740007030000,73,31,42,2759.4
22740007031000,14,7,7,477.4
22740007032000,336,147,189,9609.6
22740007033000,56,26,30,1948.8
22740007034000,15,7,8,658.5
22740007038000,366,195,171,12553.8
22740007039000,1793,892,901,64010.1
22740007040000,2024,1011,1013,79340.8
22740007041000,419,201,218,16424.8
22740007042000,16,6,10,788.8
22740007043000,9,4,5,324
22740007059000,6,2,4,274.8
22740007077000,26,14,12,850.2
22740007095000,1,1,0,0
22740007096000,9,5,4,402.3
22740007097000,9,5,4,333
22740007098000,1,1,0,0
22740007102000,17,10,7,705.5
22740007103000,83,53,30,3361.5
22740007107000,5,3,2,223
22740007124000,21,10,11,800.1
22740007125000,4,2,2,0
22740007127000,2,1,1,0
22740007133000,44,24,20,1755.6
22740007134000,5,3,2,223
22750006549000,2,1,1,0
22750006552000,2,1,1,0
22750006553000,7,4,3,354.9
22750006554000,13,7,6,578.5
22750006555000,5,2,3,349
22750006564000,7,5,2,228.2
22750006565000,5,4,1,167
22750006566000,49,22,27,2062.9
22750006567000,199,108,91,8218.7
22750006568000,4,3,1,0
22750006569000,10,6,4,403
22750006570000,213,107,106,7817.1
22750006571000,56,28,28,2200.8
22750006572000,14,8,6,449.4
22750006573000,3,2,1,0
22750006574000,41,19,22,1455.5
22750006575000,146,77,69,6029.8
22750006576000,1250,640,610,45875
22750006577000,2006,945,1061,86659.2
22750006578000,1488,750,738,58627.2
22750006579000,740,369,371,28934
22750006580000,212,95,117,8140.8
22750006583000,4,1,3,0
22750006584000,5,4,1,250
22750006586000,10,4,6,468
22750006587000,4,3,1,0
22750006593000,34,18,16,1448.4
22750006594000,13,8,5,409.5
22750006595000,6,2,4,117
22750006597000,2,0,2,0
22750006604000,6,3,3,306
22750006607000,6,4,2,265.8
22750006608000,13,9,4,631.8
22750006609000,5,3,2,153
22750006610000,3,2,1,0
22750006612000,5,2,3,158
22750006613000,6,2,4,247.2
22750006615000,94,42,52,4051.4
22750006616000,563,273,290,18973.1
22750006617000,47,26,21,1677.9
22750006618000,20,12,8,754
22750006619000,48,25,23,1536
22750006620000,105,57,48,4084.5
22750006621000,205,106,99,8774
22750006622000,4,3,1,0
22750006627000,8,3,5,300.8
22750006628000,103,44,59,4058.2
22750006629000,337,179,158,12334.2
22750006630000,164,87,77,6609.2
22750006631000,68,44,24,2611.2
22750006633000,6,2,4,205.8
22750006635000,3,0,3,0
22750006644000,10,4,6,361
22750006645000,18,10,8,815.4
22750006646000,18,10,8,705.6
22750006647000,12,5,7,543.6
22750006648000,244,126,118,9589.2
22750006649000,332,164,168,12848.4
22750006650000,242,133,109,9559
22750006651000,2392,1236,1156,88743.2
22750006652000,1559,800,759,58462.5
22750006653000,770,365,405,29568
22750006654000,60,27,33,2658
22750006655000,99,57,42,3603.6
22750006656000,34,21,13,1057.4
22750006657000,11,7,4,530.2
22750006658000,2,1,1,0
22750006659000,70,36,34,2562
22750006660000,58,29,29,2436
22750006680000,68,33,35,2244
22750006681000,206,124,82,7416
22750006682000,26,10,16,1201.2
22750006699000,19,14,5,716.3
22750006700000,4,3,1,0
22750006705000,14,10,4,623
22750006706000,1,1,0,0
22750006726000,21,17,4,966
22750006727000,93,51,42,3450.3
22750006728000,140,69,71,5950
22750006729000,46,26,20,1642.2
22750006730000,10,5,5,536
22750006731000,19,8,11,796.1
22750006732000,77,41,36,3580.5
22750006733000,59,29,30,2525.2
22750006734000,39,22,17,1349.4
22750006735000,122,61,61,5233.8
22750006736000,47,24,23,1842.4
22750006737000,356,176,180,14560.4
22750006744000,15,8,7,775.5
22750006745000,50,26,24,2265
22750006746000,86,47,39,3070.2
22750006747000,193,104,89,6619.9
22750006748000,35,18,17,1533
22750006749000,26,16,10,1183
22750006750000,24,11,13,969.6
22750006751000,7,4,3,300.3
22750006753000,29,15,14,1136.8
22750006754000,27,16,11,882.9
22750006755000,34,22,12,1203.6
22750006756000,25,14,11,1127.5
22750006757000,14,8,6,593.6
22750006758000,119,65,54,4545.8
22750006759000,31,19,12,1218.3
22750006760000,74,34,40,2701
22750006761000,5,3,2,336
22750006762000,14,7,7,547.4
22750006763000,3,2,1,0
22750006767000,4,3,1,0
22750006770000,9,5,4,470.7
22750006771000,7,4,3,326.2
22750006777000,4,1,3,0
22750006778000,9,5,4,408.6
22750006852000,2,1,1,0
22750006853000,1,1,0,0
22750006888000,5,3,2,265
22750006889000,15,6,9,589.5
22750006890000,17,9,8,610.3
22750006896000,3,2,1,0
22750006907000,5,3,2,177
22750006908000,1,1,0,0
22750006909000,11,6,5,415.8
22750006910000,62,29,33,2101.8
22750006911000,24,10,14,1082.4
22750006921000,5,3,2,239
22750006922000,8,6,2,236.8
22750006923000,19,10,9,568.1
22750006989000,28,15,13,1198.4
22750006990000,51,23,28,2269.5
22750006991000,20,9,11,934
22750006992000,5,3,2,138
22750006993000,2,1,1,0
22750006995000,1,0,1,0
22750007022000,27,15,12,1020.6
22750007023000,28,15,13,1038.8
22750007024000,6,3,3,244.2
22750007029000,73,35,38,2766.7
22750007030000,9,5,4,353.7
22750007031000,17,6,11,618.8
22750007032000,45,24,21,1971
22750007033000,22,14,8,1040.6
22750007034000,76,32,44,3002
22750007035000,9,4,5,504.9
22750007036000,66,40,26,2138.4
22750007037000,57,31,26,1920.9
22750007038000,448,230,218,14918.4
22750007039000,608,317,291,20368
22750007040000,2869,1447,1422,105866.1
22750007041000,2566,1293,1273,89296.8
22750007042000,718,332,386,27140.4
22750007077000,6,3,3,364.8
22750007078000,5,2,3,298
22750007095000,28,13,15,1089.2
22750007096000,16,7,9,548.8
22750007097000,7,2,5,378.7
22750007102000,40,22,18,1676
22750007103000,48,26,22,2083.2
22750007108000,8,5,3,282.4
22750007124000,21,11,10,1173.9
22750007127000,7,2,5,193.9
22750007133000,8,4,4,339.2
22750007134000,18,7,11,862.2
22750007135000,6,3,3,403.2
22760006549000,4,2,2,0
22760006550000,1,1,0,0
22760006551000,3,2,1,0
22760006564000,11,7,4,386.1
22760006565000,48,25,23,1992
22760006566000,25,11,14,1060
22760006567000,3,1,2,0
22760006568000,24,14,10,928.8
22760006569000,21,8,13,609
22760006570000,428,223,205,16349.6
22760006571000,44,20,24,1509.2
22760006572000,28,17,11,1192.8
22760006573000,22,11,11,1086.8
22760006574000,36,22,14,1263.6
22760006575000,36,17,19,1562.4
22760006576000,703,353,350,25659.5
22760006577000,338,164,174,13351
22760006578000,277,140,137,10830.7
22760006579000,229,99,130,12709.5
22760006580000,21,10,11,621.6
22760006584000,7,3,4,340.2
22760006585000,49,26,23,1700.3
22760006586000,1,0,1,0
22760006592000,3,2,1,0
22760006593000,23,12,11,646.3
22760006594000,8,5,3,384.8
22760006595000,4,2,2,0
22760006597000,7,4,3,419.3
22760006600000,2,2,0,0
22760006602000,1,1,0,0
22760006603000,8,5,3,498.4
22760006609000,39,22,17,1712.1
22760006610000,29,15,14,1165.8
22760006611000,6,4,2,337.2
22760006613000,16,10,6,726.4
22760006614000,20,10,10,640
22760006615000,275,141,134,11220
22760006616000,505,239,266,19594
22760006618000,5,4,1,248
22760006619000,2,1,1,0
22760006620000,10,5,5,486
22760006621000,30,17,13,1233
22760006622000,61,32,29,2196
22760006623000,24,14,10,912
22760006624000,2,0,2,0
22760006627000,10,6,4,372
22760006628000,680,353,327,25568
22760006629000,381,183,198,12534.9
22760006630000,3,3,0,0
22760006648000,3,2,1,0
22760006649000,81,46,35,3604.5
22760006650000,1145,548,597,39617
22760006651000,2813,1405,1408,100705.4
22760006652000,1770,883,887,72747
22760006653000,2256,1142,1114,79862.4
22760006654000,3276,1587,1689,118263.6
22760006655000,814,384,430,29222.6
22760006656000,17,10,7,639.2
22760006657000,40,22,18,1888
22760006658000,43,23,20,1672.7
22760006659000,113,61,52,4022.8
22760006660000,23,12,11,814.2
22760006667000,144,64,80,4435.2
22760006668000,3,1,2,0
22760006679000,88,48,40,3212
22760006680000,35,17,18,1326.5
22760006681000,31,17,14,1286.5
22760006682000,86,44,42,3087.4
22760006683000,2,1,1,0
22760006713000,5,2,3,144
22760006714000,1,0,1,0
22760006727000,47,27,20,2016.3
22760006728000,184,91,93,6936.8
22760006729000,36,17,19,1519.2
22760006730000,8,5,3,474.4
22760006732000,68,37,31,3209.6
22760006733000,137,69,68,5096.4
22760006734000,50,28,22,2070
22760006735000,147,74,73,5733
22760006736000,66,34,32,2752.2
22760006743000,6,3,3,330
22760006744000,17,7,10,435.2
22760006745000,78,45,33,2714.4
22760006746000,22,11,11,917.4
22760006747000,32,15,17,1193.6
22760006748000,21,9,12,903
22760006749000,68,33,35,2876.4
22760006750000,49,31,18,1969.8
22760006751000,12,5,7,537.6
22760006752000,11,8,3,379.5
22760006753000,5,2,3,200
22760006754000,46,28,18,1393.8
22760006755000,18,12,6,739.8
22760006756000,26,12,14,972.4
22760006757000,21,12,9,873.6
22760006758000,165,79,86,5610
22760006759000,64,29,35,2131.2
22760006760000,26,16,10,972.4
22760006761000,81,40,41,3304.8
22760006763000,36,14,22,1526.4
22760006764000,7,3,4,210.7
22760006765000,12,6,6,315.6
22760006766000,12,4,8,434.4
22760006771000,17,8,9,756.5
22760006852000,6,3,3,244.8
22760006886000,2,2,0,0
22760006887000,16,8,8,556.8
22760006910000,8,3,5,384
22760006911000,25,11,14,945
22760006970000,4,2,2,0
22760006987000,7,5,2,207.9
22760006988000,6,3,3,268.8
22760006989000,18,8,10,797.4
22760006993000,1,0,1,0
22760007023000,30,16,14,1215
22760007031000,5,4,1,158
22760007033000,2,1,1,0
22760007034000,22,8,14,1082.4
22760007035000,39,19,20,1380.6
22760007036000,3,2,1,0
22760007037000,150,84,66,6300
22760007038000,75,37,38,2775
22760007039000,774,393,381,24071.4
22760007040000,1663,833,830,62029.9
22760007041000,1511,795,716,53187.2
22760007078000,8,5,3,456.8
22760007087000,2,1,1,0
22760007095000,4,3,1,0
22760007096000,15,9,6,586.5
22760007103000,77,39,38,2733.5
22760007104000,3,1,2,0
22760007109000,4,1,3,0
22760007126000,6,4,2,394.2
22760007127000,29,14,15,1397.8
22760007140000,4,2,2,0
22760007142000,2,1,1,0
22770006566000,4,2,2,0
22770006567000,50,27,23,1810
22770006568000,26,16,10,1183
22770006569000,50,27,23,2510
22770006570000,53,27,26,1812.6
22770006571000,16,10,6,641.6
22770006572000,10,6,4,522
22770006573000,24,14,10,784.8
22770006574000,380,190,190,15010
22770006575000,341,177,164,12617
22770006576000,852,433,419,31694.4
22770006577000,2091,1045,1046,81339.9
22770006578000,2381,1164,1217,88811.3
22770006579000,1306,634,672,51195.2
22770006580000,112,52,60,4625.6
22770006582000,5,2,3,240
22770006583000,23,11,12,989
22770006584000,7,3,4,422.1
22770006586000,14,5,9,630
22770006587000,14,9,5,512.4
22770006588000,1,1,0,0
22770006592000,2,1,1,0
22770006593000,13,7,6,535.6
22770006594000,18,13,5,642.6
22770006595000,3,2,1,0
22770006597000,1,1,0,0
22770006602000,6,3,3,193.2
22770006603000,8,4,4,272
22770006608000,6,4,2,306
22770006609000,18,10,8,662.4
22770006610000,7,3,4,289.8
22770006611000,39,23,16,1251.9
22770006612000,15,7,8,477
22770006613000,6,5,1,165
22770006614000,3,2,1,0
22770006615000,193,99,94,6735.7
22770006616000,5,2,3,201
22770006617000,2,0,2,0
22770006618000,25,20,5,597.5
22770006619000,12,8,4,574.8
22770006621000,4,2,2,0
22770006622000,44,23,21,1390.4
22770006623000,28,16,12,1192.8
22770006624000,20,11,9,1064
22770006625000,13,5,8,539.5
22770006626000,3,1,2,0
22770006627000,1003,499,504,40922.4
22770006628000,525,275,250,21682.5
22770006629000,11,5,6,375.1
22770006635000,5,2,3,244
22770006649000,7,3,4,403.9
22770006650000,1787,914,873,72909.6
22770006651000,2927,1479,1448,109469.8
22770006652000,4377,2092,2285,175517.7
22770006653000,2638,1341,1297,98397.4
22770006654000,1256,601,655,49235.2
22770006655000,150,73,77,5970
22770006656000,364,195,169,13540.8
22770006657000,612,298,314,21787.2
22770006658000,188,84,104,6279.2
22770006659000,150,77,73,5265
22770006665000,35,20,15,1613.5
22770006666000,1107,573,534,41291.1
22770006667000,886,450,436,29060.8
22770006668000,197,102,95,6382.8
22770006669000,24,13,11,873.6
22770006670000,22,9,13,693
22770006675000,40,20,20,1540
22770006676000,90,52,38,3186
22770006677000,402,215,187,14271
22770006678000,187,98,89,7180.8
22770006679000,86,51,35,3345.4
22770006681000,5,4,1,196
22770006682000,7,5,2,196.7
22770006683000,11,6,5,608.3
22770006684000,18,9,9,869.4
22770006685000,12,8,4,540
22770006686000,28,15,13,1198.4
22770006687000,67,29,38,2546
22770006688000,11,6,5,408.1
22770006705000,23,11,12,1053.4
22770006712000,9,4,5,316.8
22770006726000,19,12,7,604.2
22770006727000,41,22,19,1845
22770006728000,44,22,22,1958
22770006729000,117,59,58,5206.5
22770006730000,397,190,207,17785.6
22770006731000,343,152,191,16326.8
22770006732000,237,121,116,10499.1
22770006733000,42,23,19,1512
22770006734000,20,12,8,546
22770006735000,10,4,6,447
22770006740000,2,1,1,0
22770006742000,5,3,2,156
22770006743000,36,16,20,1540.8
22770006744000,14,7,7,631.4
22770006745000,29,18,11,899
22770006746000,29,17,12,1194.8
22770006747000,1,1,0,0
22770006748000,37,18,19,1557.7
22770006749000,68,34,34,3128
22770006750000,51,28,23,2121.6
22770006751000,10,3,7,342
22770006752000,3,2,1,0
22770006753000,8,2,6,284.8
22770006754000,11,6,5,660
22770006755000,60,27,33,2316
22770006756000,55,29,26,2106.5
22770006757000,127,71,56,5080
22770006758000,18,9,9,786.6
22770006760000,105,52,53,4662
22770006761000,82,44,38,2591.2
22770006762000,40,23,17,1820
22770006763000,19,7,12,678.3
22770006764000,12,6,6,494.4
22770006765000,4,4,0,0
22770006766000,19,10,9,657.4
22770006767000,24,13,11,859.2
22770006785000,1,1,0,0
22770006851000,1,0,1,0
22770006852000,4,2,2,0
22770006885000,6,2,4,271.2
22770006886000,1,1,0,0
22770006910000,2,0,2,0
22770006911000,29,13,16,1160
22770006912000,26,13,13,1352
22770006913000,6,2,4,204
22770006918000,5,3,2,259
22770006919000,2,1,1,0
22770006966000,1,0,1,0
22770006967000,3,2,1,0
22770006987000,28,14,14,954.8
22770006988000,4,2,2,0
22770007023000,1,1,0,0
22770007031000,7,3,4,329.7
22770007033000,3,3,0,0
22770007034000,23,12,11,591.1
22770007035000,11,7,4,325.6
22770007036000,32,14,18,1347.2
22770007037000,42,27,15,1554
22770007038000,141,62,79,3835.2
22770007039000,1433,714,719,45999.3
22770007040000,1056,530,526,37276.8
22770007041000,604,298,306,21019.2
22770007062000,1,1,0,0
22770007079000,15,7,8,552
22770007103000,32,18,14,1369.6
22770007104000,9,6,3,411.3
22770007110000,10,5,5,354
22770007111000,2,2,0,0
22770007112000,3,2,1,0
22770007126000,30,14,16,1116
22770007135000,4,4,0,0
22770007136000,2,1,1,0
22770007141000,1,1,0,0
22780006558000,1,1,0,0
22780006561000,2,1,1,0
22780006562000,16,8,8,916.8
22780006563000,48,29,19,1992
22780006564000,13,8,5,457.6
22780006565000,9,6,3,342
22780006566000,7,5,2,324.8
22780006568000,2,1,1,0
22780006569000,24,11,13,1010.4
22780006570000,16,7,9,691.2
22780006573000,7,4,3,497
22780006574000,59,34,25,2466.2
22780006575000,245,120,125,8183
22780006576000,4,2,2,0
22780006577000,1960,1013,947,87024
22780006578000,3205,1500,1705,159288.5
22780006579000,2525,1173,1352,105040
22780006580000,1210,579,631,51425
22780006582000,8,3,5,567.2
22780006583000,9,5,4,394.2
22780006584000,10,5,5,492
22780006587000,6,4,2,141
22780006588000,2,2,0,0
22780006589000,3,1,2,0
22780006590000,6,3,3,406.8
22780006594000,22,10,12,1034
22780006595000,21,11,10,1018.5
22780006600000,7,4,3,391.3
22780006601000,10,7,3,411
22780006602000,34,17,17,1424.6
22780006603000,2,1,1,0
22780006607000,14,7,7,547.4
22780006608000,23,10,13,906.2
22780006609000,64,38,26,2368
22780006610000,4,1,3,0
22780006611000,35,18,17,1179.5
22780006612000,2,1,1,0
22780006613000,761,396,365,24504.2
22780006614000,502,246,256,18825
22780006615000,1022,478,544,45274.6
22780006616000,7,5,2,128.1
22780006617000,4,3,1,0
22780006618000,4,2,2,0
22780006619000,17,10,7,814.3
22780006620000,10,5,5,498
22780006622000,19,10,9,1124.8
22780006625000,4,3,1,0
22780006626000,44,24,20,1337.6
22780006627000,485,226,259,16005
22780006628000,280,133,147,8344
22780006629000,17,8,9,693.6
22780006650000,3126,1544,1582,122851.8
22780006651000,813,396,417,36015.9
22780006652000,1794,889,905,67992.6
22780006653000,2425,1231,1194,93847.5
22780006654000,337,169,168,13918.1
22780006655000,357,189,168,10674.3
22780006656000,2063,1044,1019,67047.5
22780006657000,1834,926,908,57404.2
22780006658000,2015,978,1037,86846.5
22780006659000,1644,832,812,62800.8
22780006660000,44,19,25,1786.4
22780006661000,7,4,3,350
22780006663000,9,6,3,360
22780006665000,458,222,236,15709.4
22780006666000,480,250,230,16176
22780006667000,35,19,16,1512
22780006668000,41,22,19,1418.6
22780006669000,104,54,50,3816.8
22780006670000,10,7,3,269
22780006671000,8,4,4,231.2
22780006672000,243,118,125,6998.4
22780006673000,353,174,179,11896.1
22780006674000,63,38,25,2343.6
22780006675000,61,36,25,2568.1
22780006676000,12,7,5,357.6
22780006677000,25,19,6,947.5
22780006678000,10,6,4,374
22780006679000,16,10,6,545.6
22780006680000,90,46,44,3150
22780006681000,71,40,31,2769
22780006682000,10,6,4,324
22780006683000,4,3,1,0
22780006684000,30,19,11,1254
22780006685000,66,32,34,2719.2
22780006686000,29,15,14,896.1
22780006687000,89,43,46,3123.9
22780006688000,84,46,38,3217.2
22780006697000,2,1,1,0
22780006698000,5,4,1,212
22780006704000,6,2,4,291
22780006705000,19,10,9,718.2
22780006707000,19,9,10,649.8
22780006712000,7,4,3,359.8
22780006713000,1,0,1,0
22780006715000,1,1,0,0
22780006728000,13,7,6,487.5
22780006729000,63,31,32,2967.3
22780006730000,179,77,102,8842.6
22780006731000,30,16,14,1017
22780006732000,48,30,18,1564.8
22780006733000,27,12,15,1258.2
22780006734000,18,10,8,811.8
22780006740000,29,13,16,1273.1
22780006741000,77,37,40,2949.1
22780006743000,203,97,106,10759
22780006744000,110,55,55,4015
22780006745000,45,22,23,1867.5
22780006746000,25,13,12,1035
22780006747000,14,7,7,544.6
22780006748000,11,7,4,331.1
22780006749000,20,10,10,912
22780006750000,39,23,16,1337.7
22780006751000,6,3,3,298.8
22780006754000,3,2,1,0
22780006756000,59,23,36,2483.9
22780006757000,383,201,182,15128.5
22780006758000,41,24,17,1845
22780006759000,32,18,14,1468.8
22780006760000,206,111,95,8034
22780006761000,52,23,29,1820
22780006762000,54,28,26,1749.6
22780006763000,5,2,3,95
22780006765000,3,2,1,0
22780006884000,11,5,6,533.5
22780006885000,10,7,3,506
22780006906000,1,0,1,0
22780006909000,24,12,12,1053.6
22780006910000,49,27,22,2121.7
22780006911000,62,33,29,2232
22780006912000,27,14,13,847.8
22780006913000,95,57,38,3192
22780006914000,27,14,13,1193.4
22780006915000,37,19,18,1332
22780006916000,24,12,12,736.8
22780006917000,13,5,8,426.4
22780006983000,1,0,1,0
22780006986000,9,5,4,285.3
22780006987000,48,25,23,2246.4
22780006988000,11,3,8,359.7
22780007030000,4,3,1,0
22780007031000,26,11,15,1042.6
22780007036000,23,14,9,897
22780007037000,22,11,11,770
22780007038000,27,15,12,1050.3
22780007039000,422,218,204,14938.8
22780007040000,169,92,77,7317.7
22780007041000,204,101,103,7772.4
22780007062000,13,6,7,687.7
22780007063000,4,2,2,0
22780007070000,5,3,2,304
22780007103000,16,8,8,758.4
22780007104000,6,5,1,346.2
22780007111000,1,1,0,0
22780007123000,4,3,1,0
22780007124000,4,2,2,0
22780007125000,3,1,2,0
22780007135000,5,2,3,334
22780007137000,11,7,4,446.6
22790006562000,29,13,16,1290.5
22790006563000,28,14,14,1167.6
22790006564000,151,79,72,6342
22790006565000,39,18,21,1427.4
22790006566000,1,1,0,0
22790006567000,22,13,9,1036.2
22790006568000,38,17,21,1356.6
22790006569000,29,12,17,1148.4
22790006571000,5,2,3,269
22790006572000,2,1,1,0
22790006573000,14,8,6,768.6
22790006574000,126,66,60,4863.6
22790006575000,1001,516,485,37937.9
22790006576000,215,105,110,7998
22790006577000,930,467,463,35619
22790006578000,602,312,290,22575
22790006579000,837,385,452,34317
22790006580000,728,365,363,29556.8
22790006581000,479,229,250,15328
22790006582000,11,6,5,400.4
22790006583000,11,6,5,523.6
22790006584000,11,5,6,480.7
22790006585000,4,3,1,0
22790006589000,15,9,6,544.5
22790006590000,1,1,0,0
22790006592000,4,2,2,0
22790006593000,11,6,5,528
22790006594000,11,5,6,335.5
22790006595000,44,21,23,1755.6
22790006598000,5,2,3,262
22790006599000,15,9,6,589.5
22790006600000,42,18,24,1688.4
22790006601000,38,21,17,1482
22790006602000,26,14,12,1120.6
22790006603000,3,1,2,0
22790006604000,7,3,4,132.3
22790006606000,24,15,9,679.2
22790006607000,17,8,9,634.1
22790006608000,46,24,22,1738.8
22790006609000,11,6,5,510.4
22790006610000,4,2,2,0
22790006611000,19,8,11,870.2
22790006612000,22,15,7,943.8
22790006613000,11,7,4,535.7
22790006614000,328,169,159,13743.2
22790006615000,1289,605,684,55813.7
22790006616000,21,10,11,806.4
22790006617000,19,9,10,760
22790006618000,13,7,6,621.4
22790006619000,4,3,1,0
22790006622000,23,13,10,1074.1
22790006623000,3,1,2,0
22790006625000,12,6,6,448.8
22790006626000,30,14,16,1176
22790006627000,117,55,62,4539.6
22790006628000,16,8,8,697.6
22790006649000,99,53,46,3742.2
22790006650000,923,439,484,34243.3
22790006651000,1954,977,977,72884.2
22790006652000,2065,1016,1049,87556
22790006653000,4560,2288,2272,199272
22790006654000,1081,551,530,47455.9
22790006655000,612,312,300,21970.8
22790006656000,1419,727,692,46685.1
22790006657000,177,101,76,6973.8
22790006658000,624,325,299,23524.8
22790006659000,1896,934,962,73754.4
22790006660000,573,287,286,18393.3
22790006661000,44,25,19,1782
22790006662000,16,10,6,656
22790006663000,48,24,24,1747.2
22790006664000,47,28,19,1875.3
22790006665000,865,408,457,39876.5
22790006666000,387,203,184,16834.5
22790006667000,82,41,41,3165.2
22790006668000,49,25,24,1852.2
22790006669000,56,27,29,1775.2
22790006670000,91,42,49,3458
22790006671000,39,23,16,1645.8
22790006672000,235,119,116,7943
22790006673000,192,90,102,6566.4
22790006674000,21,9,12,825.3
22790006675000,74,45,29,2516
22790006676000,12,6,6,494.4
22790006677000,37,19,18,1439.3
22790006679000,67,37,30,2398.6
22790006680000,22,13,9,1146.2
22790006681000,40,20,20,1888
22790006682000,642,282,360,30687.6
22790006683000,907,464,443,29931
22790006684000,87,51,36,3532.2
22790006685000,190,98,92,7030
22790006686000,104,56,48,3712.8
22790006687000,70,33,37,2842
22790006688000,11,9,2,420.2
22790006696000,53,26,27,2215.4
22790006697000,88,47,41,3775.2
22790006698000,76,39,37,2758.8
22790006699000,23,12,11,903.9
22790006705000,5,2,3,149
22790006712000,11,5,6,348.7
22790006713000,18,12,6,540
22790006728000,3,1,2,0
22790006729000,118,58,60,4602
22790006730000,165,83,82,7128
22790006731000,22,10,12,853.6
22790006732000,17,11,6,729.3
22790006733000,9,5,4,435.6
22790006739000,43,19,24,1806
22790006740000,21,12,9,1026.9
22790006741000,48,21,27,2241.6
22790006742000,58,29,29,3480
22790006743000,39,17,22,1485.9
22790006744000,114,61,53,4229.4
22790006745000,41,18,23,1640
22790006746000,11,8,3,463.1
22790006749000,9,5,4,384.3
22790006753000,6,4,2,231
22790006754000,17,11,6,715.7
22790006755000,173,76,97,7335.2
22790006756000,566,257,309,25017.2
22790006757000,1383,655,728,62649.9
22790006758000,867,443,424,36500.7
22790006759000,204,102,102,8119.2
22790006760000,41,19,22,1451.4
22790006761000,29,16,13,1223.8
22790006762000,7,4,3,272.3
22790006766000,1,1,0,0
22790006837000,1,1,0,0
22790006850000,16,11,5,728
22790006851000,73,45,28,3569.7
22790006884000,46,26,20,1794
22790006910000,9,3,6,270.9
22790006911000,149,72,77,5408.7
22790006912000,53,27,26,1780.8
22790006913000,50,30,20,2215
22790006914000,67,27,40,2592.9
22790006915000,29,14,15,1180.3
22790006916000,1,1,0,0
22790006984000,4,2,2,0
22790006985000,22,11,11,842.6
22790006986000,72,35,37,3024
22790007031000,2,1,1,0
22790007036000,26,12,14,1019.2
22790007037000,14,9,5,595
22790007038000,24,13,11,796.8
22790007040000,18,9,9,806.4
22790007041000,690,347,343,27186
22790007042000,39,21,18,1458.6
22790007069000,14,6,8,593.6
22790007080000,2,1,1,0
22790007104000,2,1,1,0
22790007123000,4,2,2,0
22790007136000,4,1,3,0
22790007137000,3,2,1,0
22800006562000,8,4,4,384
22800006563000,1,0,1,0
22800006564000,35,19,16,1557.5
22800006565000,148,72,76,5890.4
22800006566000,112,57,55,4099.2
22800006567000,16,8,8,790.4
22800006568000,22,10,12,785.4
22800006569000,60,30,30,2694
22800006570000,17,7,10,895.9
22800006571000,4,3,1,0
22800006572000,35,21,14,1351
22800006573000,39,22,17,1716
22800006574000,100,56,44,3690
22800006575000,508,233,275,23012.4
22800006576000,1691,866,825,60706.9
22800006577000,315,161,154,12726
22800006578000,1021,508,513,40125.3
22800006579000,1112,559,553,44257.6
22800006580000,121,57,64,4876.3
22800006581000,10,5,5,492
22800006582000,22,14,8,1071.4
22800006583000,20,14,6,732
22800006584000,29,17,12,1067.2
22800006585000,29,17,12,1409.4
22800006586000,3,1,2,0
22800006588000,9,6,3,190.8
22800006589000,8,4,4,375.2
22800006590000,13,7,6,396.5
22800006592000,6,4,2,115.8
22800006593000,3,1,2,0
22800006595000,5,3,2,347
22800006596000,16,12,4,659.2
22800006597000,2,2,0,0
22800006598000,11,7,4,427.9
22800006599000,8,5,3,302.4
22800006600000,15,8,7,496.5
22800006601000,6,2,4,201
22800006602000,3,2,1,0
22800006603000,40,18,22,1380
22800006604000,22,12,10,860.2
22800006605000,17,9,8,549.1
22800006606000,21,11,10,1020.6
22800006607000,22,12,10,638
22800006608000,2,1,1,0
22800006609000,7,3,4,240.8
22800006610000,23,12,11,880.9
22800006611000,246,130,116,8462.4
22800006612000,299,162,137,10584.6
22800006613000,57,32,25,2228.7
22800006614000,32,16,16,1078.4
22800006615000,18,9,9,689.4
22800006616000,17,9,8,552.5
22800006617000,18,10,8,516.6
22800006618000,25,12,13,817.5
22800006619000,45,26,19,1885.5
22800006620000,27,12,15,1034.1
22800006621000,6,3,3,238.8
22800006622000,17,8,9,613.7
22800006625000,24,15,9,823.2
22800006626000,35,14,21,1473.5
22800006627000,30,17,13,1554
22800006628000,7,4,3,270.9
22800006643000,69,39,30,2090.7
22800006644000,45,23,22,1395
22800006648000,118,63,55,4436.8
22800006649000,502,253,249,21234.6
22800006650000,2172,1098,1074,76454.4
22800006651000,39,21,18,1813.5
22800006652000,2065,1040,1025,75785.5
22800006653000,2021,986,1035,80435.8
22800006654000,492,244,248,18105.6
22800006655000,33,17,16,1570.8
22800006656000,30,22,8,1188
22800006657000,35,21,14,1092
22800006658000,7,4,3,287
22800006659000,124,66,58,4178.8
22800006660000,1324,684,640,44751.2
22800006661000,387,189,198,10062
22800006662000,59,35,24,2301
22800006663000,104,52,52,3962.4
22800006664000,3,2,1,0
22800006665000,9,5,4,374.4
22800006666000,45,25,20,1957.5
22800006668000,23,12,11,1028.1
22800006669000,103,57,46,3924.3
22800006670000,86,45,41,3827
22800006671000,5,4,1,102
22800006673000,504,250,254,19101.6
22800006674000,99,47,52,3742.2
22800006675000,24,13,11,1104
22800006676000,14,9,5,467.6
22800006677000,44,23,21,1443.2
22800006678000,15,11,4,616.5
22800006679000,19,15,4,794.2
22800006680000,52,26,26,1752.4
22800006681000,15,9,6,552
22800006682000,454,225,229,18341.6
22800006683000,570,289,281,21831
22800006685000,270,137,133,8694
22800006686000,807,380,427,31876.5
22800006687000,672,356,316,24528
22800006688000,14,8,6,464.8
22800006690000,3,2,1,0
22800006695000,75,39,36,3300
22800006696000,78,37,41,3634.8
22800006698000,9,5,4,252
22800006699000,5,2,3,233
22800006700000,15,9,6,718.5
22800006704000,12,7,5,396
22800006711000,56,28,28,2492
22800006712000,83,47,36,3469.4
22800006713000,4,2,2,0
22800006728000,27,14,13,1017.9
22800006729000,151,79,72,5662.5
22800006730000,93,46,47,3933.9
22800006731000,18,9,9,687.6
22800006738000,12,4,8,441.6
22800006739000,33,17,16,1237.5
22800006740000,22,12,10,726
22800006741000,41,21,20,1955.7
22800006744000,6,4,2,279
22800006745000,17,8,9,586.5
22800006746000,2,1,1,0
22800006751000,7,4,3,137.2
22800006752000,5,2,3,242
22800006753000,23,13,10,1041.9
22800006754000,279,136,143,11271.6
22800006755000,1468,730,738,60188
22800006756000,1014,471,543,50294.4
22800006757000,815,383,432,37245.5
22800006758000,1374,681,693,48639.6
22800006759000,177,103,74,5823.3
22800006760000,12,6,6,565.2
22800006761000,12,7,5,559.2
22800006762000,5,3,2,226
22800006767000,8,6,2,278.4
22800006835000,1,1,0,0
22800006849000,13,7,6,650
22800006850000,15,10,5,598.5
22800006851000,15,4,11,646.5
22800006883000,10,4,6,363
22800006884000,6,2,4,228
22800006893000,8,5,3,343.2
22800006894000,16,7,9,816
22800006895000,37,18,19,1232.1
22800006896000,55,28,27,2431
22800006897000,15,10,5,586.5
22800006898000,5,3,2,220
22800006904000,8,4,4,352
22800006910000,579,274,305,22581
22800006911000,274,122,152,12932.8
22800006912000,104,38,66,6073.6
22800006913000,111,50,61,4717.5
22800006914000,12,7,5,462
22800006918000,6,3,3,238.8
22800006981000,1,0,1,0
22800006984000,7,3,4,319.2
22800006985000,31,14,17,1457
22800006986000,57,27,30,1932.3
22800007035000,12,8,4,480
22800007037000,1,1,0,0
22800007038000,6,3,3,168
22800007040000,9,3,6,257.4
22800007041000,1790,913,877,64977
22800007042000,591,298,293,21394.2
22800007063000,9,5,4,538.2
22800007064000,14,8,6,351.4
22800007068000,8,4,4,270.4
22800007069000,13,7,6,605.8
22800007081000,13,8,5,523.9
22800007105000,19,9,10,811.3
22800007106000,8,6,2,307.2
22800007107000,2,1,1,0
22800007113000,10,5,5,505
22800007114000,5,2,3,97
22800007123000,16,7,9,612.8
22800007124000,3,2,1,0
22800007139000,32,16,16,1513.6
22800007140000,173,86,87,7681.2
22800007141000,46,25,21,1968.8
22800007143000,7,3,4,399.7
22810006560000,2,1,1,0
22810006561000,2,1,1,0
22810006562000,5,4,1,325
22810006563000,18,9,9,765
22810006564000,3,2,1,0
22810006567000,160,85,75,6432
22810006568000,191,97,94,7353.5
22810006569000,39,19,20,1357.2
22810006570000,31,15,16,1286.5
22810006571000,13,6,7,565.5
22810006572000,4,2,2,0
22810006574000,529,258,271,22641.2
22810006575000,1486,748,738,61669
22810006576000,1425,699,726,54862.5
22810006577000,8,5,3,324
22810006578000,15,6,9,720
22810006579000,107,54,53,3905.5
22810006580000,209,109,100,8485.4
22810006581000,496,243,253,20732.8
22810006582000,29,13,16,1273.1
22810006583000,30,14,16,996
22810006584000,26,16,10,798.2
22810006585000,12,8,4,609.6
22810006586000,35,17,18,1190
22810006587000,6,3,3,322.8
22810006588000,231,115,116,7784.7
22810006589000,7,4,3,254.1
22810006590000,3,2,1,0
22810006593000,8,5,3,304.8
22810006594000,7,3,4,170.8
22810006595000,25,14,11,1007.5
22810006596000,13,8,5,495.3
22810006597000,60,33,27,2442
22810006598000,13,6,7,416
22810006599000,26,17,9,1258.4
22810006600000,18,10,8,646.2
22810006601000,6,3,3,172.8
22810006603000,15,6,9,466.5
22810006604000,35,17,18,1253
22810006605000,13,9,4,474.5
22810006606000,58,31,27,2209.8
22810006607000,4,3,1,0
22810006608000,9,5,4,536.4
22810006609000,14,7,7,581
22810006610000,47,22,25,1640.3
22810006611000,217,128,89,7963.9
22810006612000,463,230,233,15742
22810006613000,356,177,179,12424.4
22810006614000,3,2,1,0
22810006615000,20,9,11,514
22810006616000,10,3,7,295
22810006617000,24,13,11,948
22810006618000,3,2,1,0
22810006619000,19,11,8,718.2
22810006620000,3,1,2,0
22810006621000,6,4,2,300
22810006622000,3,2,1,0
22810006624000,2,1,1,0
22810006625000,12,7,5,535.2
22810006626000,25,15,10,920
22810006627000,30,15,15,1458
22810006628000,5,2,3,229
22810006629000,1,1,0,0
22810006630000,4,3,1,0
22810006632000,28,15,13,1184.4
22810006633000,2,1,1,0
22810006641000,130,71,59,5447
22810006642000,608,314,294,21888
22810006643000,306,154,152,10771.2
22810006644000,62,34,28,2591.6
22810006645000,39,26,13,1485.9
22810006646000,341,167,174,11696.3
22810006647000,938,474,464,26357.8
22810006648000,255,123,132,9358.5
22810006649000,13,7,6,642.2
22810006655000,5,3,2,208
22810006657000,403,203,200,13500.5
22810006658000,82,37,45,2681.4
22810006659000,6,3,3,225
22810006660000,159,85,74,5421.9
22810006661000,1003,518,485,29087
22810006663000,19,9,10,950
22810006664000,8,4,4,294.4
22810006665000,13,8,5,392.6
22810006666000,101,58,43,4191.5
22810006667000,61,39,22,1982.5
22810006668000,17,8,9,855.1
22810006669000,42,20,22,1785
22810006670000,7,3,4,275.8
22810006671000,20,11,9,830
22810006672000,108,61,47,4114.8
22810006673000,25,16,9,1020
22810006674000,22,14,8,706.2
22810006675000,7,4,3,151.2
22810006676000,12,7,5,384
22810006678000,33,18,15,1524.6
22810006679000,40,21,19,1696
22810006680000,5,4,1,205
22810006682000,2,1,1,0
22810006683000,17,9,8,528.7
22810006684000,4,2,2,0
22810006685000,36,20,16,1296
22810006686000,491,233,258,17577.8
22810006687000,742,376,366,26118.4
22810006688000,1,0,1,0
22810006689000,6,3,3,172.8
22810006690000,15,9,6,516
22810006691000,10,5,5,386
22810006695000,1,1,0,0
22810006700000,18,10,8,1018.8
22810006701000,26,14,12,1209
22810006703000,49,24,25,1572.9
22810006704000,127,72,55,5549.9
22810006706000,1,1,0,0
22810006707000,38,20,18,1881
22810006708000,15,7,8,667.5
22810006709000,12,7,5,501.6
22810006710000,60,29,31,2262
22810006711000,65,32,33,2840.5
22810006712000,38,21,17,2135.6
22810006728000,10,6,4,315
22810006729000,199,101,98,7144.1
22810006730000,71,34,37,3337
22810006737000,1,1,0,0
22810006738000,14,8,6,499.8
22810006739000,11,8,3,436.7
22810006740000,7,3,4,210
22810006741000,20,9,11,776
22810006742000,12,6,6,376.8
22810006750000,60,29,31,2322
22810006751000,46,21,25,2134.4
22810006752000,52,28,24,1861.6
22810006753000,39,20,19,1411.8
22810006754000,182,86,96,6388.2
22810006755000,353,161,192,14331.8
22810006756000,38,24,14,1493.4
22810006757000,138,71,67,5188.8
22810006758000,373,192,181,13875.6
22810006759000,132,65,67,5174.4
22810006760000,41,24,17,1094.7
22810006761000,9,6,3,404.1
22810006762000,33,16,17,1125.3
22810006763000,26,12,14,943.8
22810006764000,48,25,23,1617.6
22810006765000,19,10,9,919.6
22810006766000,17,8,9,450.5
22810006767000,1,1,0,0
22810006768000,2,1,1,0
22810006769000,5,4,1,228
22810006838000,3,1,2,0
22810006841000,9,6,3,546.3
22810006849000,4,2,2,0
22810006850000,2,1,1,0
22810006859000,2,1,1,0
22810006861000,4,2,2,0
22810006882000,5,3,2,90
22810006883000,7,2,5,244.3
22810006891000,4,2,2,0
22810006892000,27,14,13,785.7
22810006893000,69,34,35,2829
22810006894000,25,12,13,1270
22810006895000,36,19,17,1461.6
22810006896000,34,18,16,1417.8
22810006897000,5,1,4,275
22810006910000,256,137,119,8294.4
22810006911000,794,378,416,33586.2
22810006912000,312,152,160,13166.4
22810006913000,67,33,34,2525.9
22810006920000,3,2,1,0
22810006977000,1,1,0,0
22810006980000,10,6,4,515
22810006981000,18,9,9,829.8
22810006982000,29,14,15,1026.6
22810006983000,9,4,5,367.2
22810006987000,4,2,2,0
22810006988000,13,8,5,430.3
22810007030000,4,2,2,0
22810007031000,2,2,0,0
22810007032000,5,3,2,182
22810007035000,11,6,5,523.6
22810007037000,13,6,7,491.4
22810007039000,44,23,21,1645.6
22810007040000,20,10,10,728
22810007041000,1176,568,608,45864
22810007042000,16,9,7,564.8
22810007056000,2,1,1,0
22810007057000,17,4,13,846.6
22810007066000,20,11,9,758
22810007067000,69,36,33,2256.3
22810007068000,32,14,18,1193.6
22810007069000,53,29,24,2077.6
22810007070000,1,1,0,0
22810007081000,9,7,2,388.8
22810007082000,1,1,0,0
22810007097000,11,5,6,473
22810007098000,4,1,3,0
22810007106000,8,5,3,432
22810007107000,24,10,14,1159.2
22810007122000,1,0,1,0
22810007138000,6,3,3,247.2
22810007139000,5,2,3,191
22810007140000,64,36,28,2278.4
22810007141000,19,10,9,742.9
22810007142000,5,2,3,291
22810007143000,21,12,9,1140.3
22810007144000,7,5,2,392.7
22820006556000,3,2,1,0
22820006559000,2,1,1,0
22820006561000,39,20,19,1688.7
22820006562000,18,10,8,585
22820006563000,92,45,47,3845.6
22820006564000,8,4,4,208.8
22820006565000,6,2,4,298.2
22820006566000,9,6,3,374.4
22820006567000,223,110,113,9410.6
22820006568000,249,126,123,9611.4
22820006569000,847,438,409,31931.9
22820006570000,186,97,89,6733.2
22820006571000,27,15,12,1142.1
22820006572000,3,2,1,0
22820006573000,456,233,223,19516.8
22820006574000,1163,574,589,45938.5
22820006575000,1038,493,545,40274.4
22820006576000,901,478,423,31084.5
22820006577000,123,57,66,4920
22820006578000,4,1,3,0
22820006583000,20,11,9,800
22820006584000,150,70,80,6030
22820006585000,102,47,55,4936.8
22820006586000,44,22,22,1333.2
22820006587000,12,7,5,572.4
22820006588000,89,44,45,2883.6
22820006589000,9,4,5,422.1
22820006591000,21,13,8,1029
22820006592000,10,4,6,325
22820006593000,6,5,1,280.8
22820006594000,19,11,8,877.8
22820006595000,45,26,19,1881
22820006596000,34,17,17,1159.4
22820006597000,37,20,17,1398.6
22820006598000,1062,502,560,41205.6
22820006599000,518,260,258,20979
22820006600000,16,8,8,612.8
22820006601000,38,22,16,1273
22820006602000,15,8,7,715.5
22820006603000,37,16,21,1169.2
22820006604000,23,13,10,627.9
22820006605000,60,32,28,2256
22820006606000,1,1,0,0
22820006607000,28,13,15,1153.6
22820006608000,49,28,21,1685.6
22820006609000,18,11,7,867.6
22820006610000,541,275,266,20395.7
22820006611000,1470,748,722,56007
22820006612000,276,142,134,11205.6
22820006613000,13,5,8,637
22820006614000,7,5,2,266
22820006615000,3,1,2,0
22820006617000,47,28,19,1701.4
22820006618000,16,8,8,739.2
22820006619000,18,9,9,662.4
22820006620000,14,7,7,420
22820006621000,2,2,0,0
22820006625000,5,3,2,225
22820006626000,15,9,6,568.5
22820006627000,12,6,6,376.8
22820006628000,3,1,2,0
22820006630000,14,8,6,443.8
22820006631000,91,47,44,3421.6
22820006632000,211,102,109,8039.1
22820006633000,3,1,2,0
22820006639000,192,98,94,6681.6
22820006640000,18,11,7,698.4
22820006641000,9,5,4,306.9
22820006644000,8,6,2,343.2
22820006645000,26,14,12,629.2
22820006646000,141,79,62,4667.1
22820006647000,37,15,22,1250.6
22820006651000,257,141,116,9791.7
22820006652000,30,18,12,1323
22820006653000,35,16,19,1113
22820006654000,23,13,10,616.4
22820006655000,27,15,12,839.7
22820006656000,333,171,162,12487.5
22820006657000,454,218,236,17115.8
22820006658000,89,49,40,3284.1
22820006659000,15,9,6,595.5
22820006660000,686,340,346,28400.4
22820006661000,7,4,3,233.1
22820006662000,7,4,3,256.9
22820006665000,55,27,28,2046
22820006666000,59,29,30,2277.4
22820006667000,83,53,30,3079.3
22820006668000,86,48,38,3096
22820006669000,73,48,25,2598.8
22820006670000,98,57,41,3263.4
22820006671000,16,9,7,438.4
22820006672000,24,11,13,864
22820006675000,25,13,12,665
22820006676000,8,3,5,430.4
22820006677000,13,8,5,661.7
22820006679000,119,86,33,4486.3
22820006680000,18,7,11,651.6
22820006681000,138,77,61,4761
22820006682000,67,37,30,2492.4
22820006683000,82,37,45,3599.8
22820006685000,25,15,10,965
22820006686000,55,25,30,2359.5
22820006687000,37,20,17,1317.2
22820006688000,5,3,2,320
22820006689000,24,12,12,1022.4
22820006693000,14,6,8,579.6
22820006694000,13,9,4,465.4
22820006697000,3,1,2,0
22820006699000,3,2,1,0
22820006701000,5,1,4,209
22820006702000,32,15,17,1235.2
22820006703000,52,25,27,2204.8
22820006704000,45,20,25,1980
22820006705000,23,15,8,1110.9
22820006706000,28,15,13,1425.2
22820006707000,109,57,52,4512.6
22820006708000,71,35,36,2406.9
22820006709000,15,6,9,805.5
22820006710000,22,12,10,853.6
22820006711000,2,1,1,0
22820006728000,15,8,7,477
22820006729000,97,48,49,4335.9
22820006730000,20,8,12,740
22820006738000,7,2,5,207.9
22820006739000,13,5,8,643.5
22820006740000,49,25,24,2136.4
22820006741000,30,18,12,1407
22820006749000,187,95,92,6507.6
22820006750000,44,24,20,1729.2
22820006751000,42,21,21,1348.2
22820006752000,32,13,19,1337.6
22820006753000,103,48,55,3574.1
22820006754000,24,11,13,832.8
22820006755000,20,9,11,844
22820006756000,10,5,5,450
22820006757000,13,9,4,490.1
22820006758000,52,23,29,2246.4
22820006759000,95,43,52,3705
22820006760000,42,18,24,1327.2
22820006761000,51,24,27,1902.3
22820006762000,61,30,31,2305.8
22820006763000,64,32,32,2297.6
22820006764000,17,9,8,678.3
22820006766000,12,8,4,538.8
22820006767000,11,6,5,377.3
22820006837000,1,1,0,0
22820006838000,11,6,5,414.7
22820006839000,11,9,2,383.9
22820006840000,12,7,5,361.2
22820006842000,7,3,4,349.3
22820006843000,3,3,0,0
22820006844000,4,3,1,0
22820006847000,3,1,2,0
22820006862000,4,2,2,0
22820006881000,1,1,0,0
22820006889000,8,4,4,184.8
22820006890000,2,1,1,0
22820006891000,13,8,5,516.1
22820006892000,16,9,7,750.4
22820006893000,14,7,7,614.6
22820006911000,25,14,11,737.5
22820006912000,127,70,57,4851.4
22820006913000,30,17,13,1527
22820006914000,30,15,15,1488
22820006938000,6,4,2,205.8
22820006984000,6,5,1,169.8
22820006987000,25,12,13,1095
22820006988000,42,22,20,1822.8
22820007023000,4,1,3,0
22820007024000,29,18,11,852.6
22820007030000,2,1,1,0
22820007031000,8,4,4,428.8
22820007036000,40,24,16,1140
22820007037000,22,13,9,767.8
22820007038000,33,19,14,1293.6
22820007039000,34,18,16,1312.4
22820007040000,24,13,11,1046.4
22820007041000,1919,975,944,71578.7
22820007042000,129,74,55,5469.6
22820007057000,19,10,9,799.9
22820007058000,8,5,3,304
22820007066000,10,4,6,258
22820007067000,343,177,166,13925.8
22820007068000,83,44,39,3726.7
22820007069000,156,78,78,5896.8
22820007070000,9,4,5,461.7
22820007071000,7,5,2,324.8
22820007072000,23,15,8,936.1
22820007077000,2,1,1,0
22820007082000,8,7,1,484
22820007107000,4,2,2,0
22820007115000,11,7,4,466.4
22820007116000,16,8,8,737.6
22820007117000,7,2,5,286.3
22820007137000,29,13,16,1255.7
22820007138000,23,12,11,1094.8
22820007143000,2,2,0,0
22820007148000,35,15,20,1445.5
22820007149000,23,10,13,1163.8
22830006556000,76,34,42,3762
22830006557000,13,4,9,592.8
22830006558000,12,5,7,369.6
22830006559000,2,1,1,0
22830006560000,3,2,1,0
22830006561000,15,8,7,718.5
22830006562000,4,2,2,0
22830006565000,18,9,9,795.6
22830006566000,8,4,4,423.2
22830006567000,51,33,18,1693.2
22830006568000,93,42,51,3636.3
22830006569000,152,66,86,5152.8
22830006570000,4,3,1,0
22830006571000,4,3,1,0
22830006572000,22,11,11,935
22830006573000,160,89,71,7120
22830006575000,7,4,3,217
22830006576000,317,169,148,10175.7
22830006577000,152,74,78,4620.8
22830006578000,26,15,11,985.4
22830006579000,14,8,6,498.4
22830006580000,30,14,16,1032
22830006581000,2,1,1,0
22830006582000,10,4,6,423
22830006584000,16,7,9,696
22830006585000,56,31,25,1836.8
22830006586000,4,2,2,0
22830006588000,2,1,1,0
22830006589000,39,18,21,1497.6
22830006590000,24,14,10,924
22830006591000,3,1,2,0
22830006592000,22,10,12,682
22830006594000,37,19,18,1461.5
22830006595000,48,26,22,1761.6
22830006596000,38,19,19,1178
22830006597000,69,32,37,2449.5
22830006598000,109,42,67,5896.9
22830006599000,56,26,30,2111.2
22830006600000,10,5,5,313
22830006601000,16,7,9,428.8
22830006602000,24,12,12,936
22830006603000,16,8,8,777.6
22830006604000,28,14,14,1052.8
22830006605000,49,29,20,1641.5
22830006606000,28,11,17,655.2
22830006607000,88,47,41,3256
22830006608000,20,13,7,896
22830006609000,78,40,38,3291.6
22830006610000,1157,534,623,49403.9
22830006611000,1665,749,916,79920
22830006612000,449,228,221,18498.8
22830006613000,21,9,12,714
22830006614000,22,9,13,728.2
22830006615000,46,21,25,1439.8
22830006616000,64,35,29,1900.8
22830006617000,41,20,21,1508.8
22830006618000,12,7,5,477.6
22830006619000,16,7,9,563.2
22830006620000,31,18,13,1295.8
22830006621000,3,2,1,0
22830006623000,4,1,3,0
22830006624000,6,2,4,214.2
22830006625000,6,4,2,223.2
22830006627000,3,3,0,0
22830006628000,19,8,11,813.2
22830006629000,29,11,18,1113.6
22830006630000,116,59,57,4268.8
22830006631000,291,138,153,13997.1
22830006632000,20,8,12,824
22830006633000,11,4,7,507.1
22830006638000,786,383,403,25152
22830006639000,1766,925,841,64459
22830006640000,6,2,4,301.8
22830006647000,63,37,26,2759.4
22830006648000,133,64,69,4827.9
22830006649000,154,80,74,6237
22830006650000,345,161,184,13731
22830006651000,146,77,69,5358.2
22830006652000,80,45,35,3632
22830006653000,37,21,16,1424.5
22830006655000,33,16,17,1468.5
22830006656000,148,69,79,5416.8
22830006657000,10,4,6,447
22830006658000,27,15,12,1112.4
22830006659000,27,14,13,1266.3
22830006660000,486,246,240,17982
22830006661000,142,72,70,5239.8
22830006662000,140,91,49,5726
22830006663000,37,21,16,1794.5
22830006664000,9,3,6,312.3
22830006665000,10,7,3,427
22830006666000,27,14,13,801.9
22830006667000,20,11,9,812
22830006668000,2,1,1,0
22830006671000,21,11,10,686.7
22830006672000,25,14,11,1120
22830006673000,25,18,7,1190
22830006674000,26,11,15,865.8
22830006675000,7,3,4,179.2
22830006676000,9,6,3,385.2
22830006677000,6,2,4,211.2
22830006682000,37,19,18,1209.9
22830006683000,14,8,6,599.2
22830006684000,24,14,10,739.2
22830006685000,18,11,7,739.8
22830006686000,17,8,9,809.2
22830006687000,12,7,5,589.2
22830006688000,30,15,15,1098
22830006689000,50,24,26,1845
22830006690000,12,8,4,494.4
22830006698000,3,2,1,0
22830006699000,3,2,1,0
22830006700000,26,16,10,1021.8
22830006701000,10,4,6,420
22830006702000,5,3,2,265
22830006703000,138,71,67,5685.6
22830006704000,77,37,40,3264.8
22830006705000,96,39,57,5731.2
22830006706000,355,172,183,15762
22830006707000,157,73,84,5212.4
22830006708000,23,14,9,667
22830006709000,35,17,18,1260
22830006710000,11,8,3,606.1
22830006712000,9,5,4,262.8
22830006713000,5,1,4,182
22830006728000,17,9,8,717.4
22830006729000,51,27,24,2437.8
22830006747000,271,129,142,11707.2
22830006748000,446,209,237,18196.8
22830006749000,67,35,32,2814
22830006750000,84,40,44,3897.6
22830006751000,58,31,27,2302.6
22830006752000,34,17,17,1438.2
22830006753000,269,132,137,12616.1
22830006754000,44,25,19,1509.2
22830006755000,83,39,44,3270.2
22830006756000,23,13,10,970.6
22830006757000,23,14,9,834.9
22830006758000,12,5,7,441.6
22830006759000,22,12,10,836
22830006760000,36,22,14,1252.8
22830006761000,41,22,19,1410.4
22830006762000,26,12,14,1047.8
22830006763000,50,25,25,1670
22830006764000,18,7,11,628.2
22830006765000,19,10,9,725.8
22830006766000,1,1,0,0
22830006837000,3,1,2,0
22830006838000,2,1,1,0
22830006843000,3,2,1,0
22830006862000,5,2,3,133
22830006863000,10,5,5,448
22830006880000,2,0,2,0
22830006889000,7,3,4,328.3
22830006890000,4,2,2,0
22830006912000,10,6,4,338
22830006913000,32,18,14,1296
22830006914000,12,6,6,752.4
22830006987000,127,63,64,5384.8
22830006988000,44,18,26,2692.8
22830006989000,5,3,2,271
22830007023000,7,4,3,396.2
22830007024000,62,32,30,1705
22830007025000,7,2,5,189.7
22830007034000,7,3,4,377.3
22830007036000,9,4,5,493.2
22830007037000,21,10,11,827.4
22830007039000,84,44,40,3015.6
22830007040000,30,14,16,1347
22830007041000,355,179,176,13703
22830007042000,64,37,27,2624
22830007053000,15,9,6,727.5
22830007054000,3,2,1,0
22830007057000,3,2,1,0
22830007058000,5,1,4,81
22830007067000,252,106,146,14490
22830007068000,231,106,125,9702
22830007069000,95,45,50,3847.5
22830007070000,28,15,13,851.2
22830007071000,22,13,9,858
22830007072000,23,9,14,678.5
22830007077000,2,0,2,0
22830007082000,2,1,1,0
22830007117000,13,7,6,616.2
22830007118000,8,4,4,212.8
22830007119000,11,8,3,467.5
22830007136000,9,4,5,405.9
22830007137000,137,63,74,7014.4
22830007138000,39,20,19,1778.4
22830007139000,3,3,0,0
22830007142000,8,6,2,312.8
22830007149000,16,8,8,364.8
22840006556000,253,126,127,10094.7
22840006557000,186,106,80,5840.4
22840006558000,19,9,10,566.2
22840006560000,1,1,0,0
22840006561000,8,6,2,408.8
22840006562000,54,29,25,2349
22840006563000,33,20,13,1349.7
22840006564000,12,8,4,484.8
22840006565000,24,11,13,825.6
22840006566000,21,11,10,924
22840006567000,7,6,1,347.2
22840006568000,8,4,4,287.2
22840006569000,31,16,15,1041.6
22840006570000,10,6,4,549
22840006571000,7,4,3,364
22840006572000,9,4,5,474.3
22840006573000,17,7,10,652.8
22840006574000,20,8,12,680
22840006575000,1,1,0,0
22840006577000,2,1,1,0
22840006578000,54,31,23,2035.8
22840006579000,344,181,163,11524
22840006580000,211,106,105,7933.6
22840006581000,19,12,7,647.9
22840006582000,29,14,15,1154.2
22840006583000,9,5,4,468.9
22840006584000,5,1,4,161
22840006585000,3,1,2,0
22840006586000,56,28,28,2066.4
22840006587000,3,2,1,0
22840006588000,16,9,7,742.4
22840006589000,12,7,5,507.6
22840006590000,3,2,1,0
22840006591000,12,4,8,506.4
22840006592000,10,5,5,470
22840006593000,2,1,1,0
22840006595000,3,2,1,0
22840006596000,24,15,9,1051.2
22840006597000,32,16,16,1084.8
22840006598000,67,32,35,2271.3
22840006599000,40,18,22,1272
22840006600000,30,14,16,1176
22840006601000,46,22,24,1821.6
22840006602000,14,8,6,515.2
22840006603000,59,32,27,2129.9
22840006604000,26,10,16,923
22840006605000,17,9,8,567.8
22840006606000,12,8,4,429.6
22840006607000,34,20,14,1441.6
22840006608000,3,1,2,0
22840006609000,236,104,132,9038.8
22840006610000,1519,734,785,56810.6
22840006611000,2240,1109,1131,89152
22840006612000,1883,946,937,74001.9
22840006613000,247,131,116,9534.2
22840006614000,26,14,12,699.4
22840006615000,7,4,3,380.1
22840006616000,5,2,3,194
22840006617000,8,4,4,440
22840006619000,3,1,2,0
22840006620000,38,21,17,1151.4
22840006624000,21,12,9,732.9
22840006625000,10,7,3,308
22840006626000,4,1,3,0
22840006627000,13,6,7,612.3
22840006628000,85,42,43,3187.5
22840006629000,11,7,4,478.5
22840006630000,83,41,42,3137.4
22840006631000,205,100,105,7585
22840006632000,16,9,7,713.6
22840006633000,4,3,1,0
22840006636000,9,6,3,289.8
22840006637000,16,9,7,742.4
22840006638000,718,363,355,23550.4
22840006639000,247,125,122,9361.3
22840006648000,299,149,150,11391.9
22840006649000,1041,499,542,44138.4
22840006650000,589,305,284,23088.8
22840006651000,349,175,174,12424.4
22840006653000,8,4,4,280.8
22840006655000,15,7,8,603
22840006656000,15,8,7,763.5
22840006658000,26,12,14,780
22840006659000,39,18,21,1318.2
22840006660000,18,9,9,718.2
22840006661000,794,417,377,25487.4
22840006662000,80,38,42,2984
22840006663000,21,13,8,850.5
22840006664000,602,288,314,23357.6
22840006665000,1425,718,707,47880
22840006666000,1506,754,752,56023.2
22840006667000,246,123,123,9151.2
22840006668000,17,7,10,741.2
22840006669000,12,5,7,547.2
22840006670000,12,8,4,537.6
22840006671000,12,8,4,505.2
22840006672000,14,5,9,554.4
22840006673000,41,17,24,1463.7
22840006674000,91,40,51,3731
22840006675000,443,241,202,16036.6
22840006676000,9,4,5,455.4
22840006681000,1,1,0,0
22840006685000,8,4,4,318.4
22840006686000,9,3,6,325.8
22840006687000,35,19,16,1484
22840006688000,2,1,1,0
22840006695000,4,1,3,0
22840006702000,24,10,14,705.6
22840006703000,2,1,1,0
22840006704000,26,12,14,1227.2
22840006705000,50,23,27,1995
22840006706000,4,2,2,0
22840006710000,15,10,5,753
22840006716000,1,1,0,0
22840006728000,25,13,12,1330
22840006729000,49,26,23,2440.2
22840006746000,727,373,354,29952.4
22840006747000,2776,1200,1576,130472
22840006748000,1778,855,923,78587.6
22840006749000,40,20,20,1736
22840006750000,34,17,17,1332.8
22840006751000,48,26,22,1612.8
22840006752000,340,171,169,11628
22840006753000,12,6,6,590.4
22840006754000,85,41,44,2805
22840006755000,122,69,53,4367.6
22840006756000,87,42,45,3427.8
22840006757000,27,11,16,839.7
22840006758000,22,13,9,638
22840006759000,5,1,4,223
22840006760000,35,19,16,1596
22840006761000,114,60,54,4126.8
22840006762000,21,14,7,827.4
22840006763000,4,2,2,0
22840006863000,2,1,1,0
22840006866000,15,9,6,649.5
22840006868000,1,0,1,0
22840006875000,2,2,0,0
22840006880000,5,3,2,279
22840006911000,6,4,2,235.2
22840006913000,12,8,4,469.2
22840006914000,63,32,31,2520
22840006915000,4,3,1,0
22840006917000,24,15,9,828
22840006927000,12,7,5,433.2
22840006928000,26,13,13,1021.8
22840006987000,83,42,41,3062.7
22840007026000,2,1,1,0
22840007036000,1,1,0,0
22840007038000,42,25,17,1201.2
22840007039000,25,13,12,960
22840007040000,113,59,54,3898.5
22840007041000,72,40,32,2750.4
22840007053000,33,14,19,1650
22840007054000,49,28,21,1852.2
22840007067000,14,9,5,428.4
22840007068000,185,91,94,7418.5
22840007069000,121,59,62,4888.4
22840007070000,26,16,10,826.8
22840007071000,24,15,9,897.6
22840007072000,59,31,28,2590.1
22840007073000,3,2,1,0
22840007078000,19,9,10,606.1
22840007079000,7,4,3,366.1
22840007121000,2,2,0,0
22840007136000,13,7,6,455
22840007137000,10,6,4,576
22840007149000,4,1,3,0
22850006556000,2,1,1,0
22850006557000,16,8,8,851.2
22850006558000,13,7,6,581.1
22850006559000,9,4,5,411.3
22850006560000,13,7,6,621.4
22850006561000,27,16,11,1071.9
22850006562000,23,13,10,807.3
22850006563000,44,20,24,2107.6
22850006564000,4,3,1,0
22850006566000,1,1,0,0
22850006567000,1,1,0,0
22850006568000,12,5,7,303.6
22850006569000,14,6,8,648.2
22850006570000,19,11,8,807.5
22850006571000,8,3,5,332.8
22850006572000,25,12,13,955
22850006573000,13,11,2,387.4
22850006574000,43,20,23,1685.6
22850006576000,3,2,1,0
22850006578000,7,3,4,268.1
22850006579000,49,25,24,1876.7
22850006580000,156,76,80,5756.4
22850006581000,31,17,14,1128.4
22850006582000,3,2,1,0
22850006583000,3,2,1,0
22850006584000,1,1,0,0
22850006586000,19,9,10,627
22850006587000,29,15,14,1104.9
22850006588000,74,37,37,2782.4
22850006591000,1,1,0,0
22850006592000,30,14,16,1020
22850006593000,2,1,1,0
22850006594000,21,11,10,800.1
22850006595000,1,1,0,0
22850006597000,5,2,3,112
22850006598000,14,9,5,568.4
22850006599000,25,12,13,845
22850006600000,12,6,6,505.2
22850006601000,13,5,8,358.8
22850006602000,79,49,30,2915.1
22850006603000,25,15,10,1017.5
22850006604000,7,4,3,347.2
22850006605000,8,4,4,356
22850006606000,26,16,10,1190.8
22850006607000,13,7,6,392.6
22850006608000,8,4,4,428
22850006609000,17,8,9,948.6
22850006610000,29,15,14,1075.9
22850006611000,336,174,162,13137.6
22850006612000,608,295,313,22921.6
22850006613000,42,22,20,1789.2
22850006614000,31,18,13,1109.8
22850006615000,45,21,24,1854
22850006616000,12,5,7,465.6
22850006617000,4,2,2,0
22850006618000,11,5,6,381.7
22850006619000,7,5,2,265.3
22850006620000,9,6,3,352.8
22850006623000,1,1,0,0
22850006624000,12,9,3,614.4
22850006625000,26,11,15,717.6
22850006626000,16,9,7,633.6
22850006627000,4,3,1,0
22850006628000,25,14,11,992.5
22850006629000,19,10,9,600.4
22850006630000,51,27,24,1943.1
22850006631000,3,2,1,0
22850006632000,29,15,14,1009.2
22850006633000,41,21,20,1701.5
22850006634000,25,16,9,1030
22850006635000,52,28,24,2173.6
22850006636000,45,26,19,2268
22850006637000,58,26,32,2772.4
22850006638000,58,29,29,2099.6
22850006646000,7,5,2,193.2
22850006647000,61,36,25,2305.8
22850006648000,173,90,83,7317.9
22850006649000,748,380,368,34632.4
22850006650000,1050,535,515,39900
22850006651000,685,339,346,21714.5
22850006652000,11,5,6,519.2
22850006654000,3,2,1,0
22850006655000,13,7,6,608.4
22850006656000,2,1,1,0
22850006658000,973,494,479,30065.7
22850006659000,237,129,108,8152.8
22850006660000,1,1,0,0
22850006661000,39,19,20,1228.5
22850006662000,12,8,4,565.2
22850006663000,42,22,20,1566.6
22850006664000,149,77,72,6705
22850006665000,1777,842,935,65215.9
22850006666000,994,492,502,36976.8
22850006667000,369,183,186,13726.8
22850006668000,51,28,23,2126.7
22850006669000,30,16,14,1146
22850006670000,40,25,15,1556
22850006671000,3,1,2,0
22850006672000,3,2,1,0
22850006674000,1091,572,519,36003
22850006675000,629,331,298,20694.1
22850006676000,8,7,1,350.4
22850006681000,3,1,2,0
22850006687000,5,3,2,255
22850006688000,11,6,5,324.5
22850006689000,6,4,2,177
22850006716000,1,1,0,0
22850006727000,6,1,5,160.8
22850006728000,51,25,26,2274.6
22850006729000,3,2,1,0
22850006746000,2192,1058,1134,100393.6
22850006747000,2180,1093,1087,83712
22850006748000,1367,689,678,56730.5
22850006749000,568,289,279,22208.8
22850006750000,92,46,46,3247.6
22850006751000,223,113,110,7269.8
22850006752000,115,58,57,3703
22850006753000,47,21,26,1865.9
22850006754000,222,112,110,8191.8
22850006755000,138,70,68,4429.8
22850006756000,21,12,9,640.5
22850006757000,13,7,6,673.4
22850006758000,14,7,7,590.8
22850006760000,19,13,6,868.3
22850006761000,54,30,24,1490.4
22850006762000,18,11,7,774
22850006763000,6,3,3,259.8
22850006832000,2,1,1,0
22850006840000,1,1,0,0
22850006877000,1,0,1,0
22850006915000,16,9,7,891.2
22850006916000,2,1,1,0
22850006917000,10,5,5,429
22850006918000,30,12,18,1071
22850006925000,7,3,4,203.7
22850006926000,15,6,9,406.5
22850006927000,44,27,17,1883.2
22850006928000,13,7,6,583.7
22850006977000,3,2,1,0
22850006986000,9,7,2,387.9
22850007038000,21,15,6,921.9
22850007039000,34,18,16,1363.4
22850007040000,192,103,89,7411.2
22850007041000,134,62,72,4917.8
22850007053000,25,12,13,1177.5
22850007054000,45,19,26,1858.5
22850007055000,56,30,26,1915.2
22850007056000,29,12,17,1070.1
22850007057000,25,10,15,1107.5
22850007068000,40,23,17,1684
22850007069000,28,18,10,1094.8
22850007070000,1,1,0,0
22850007071000,13,6,7,562.9
22850007072000,33,16,17,1306.8
22850007135000,2,0,2,0
22850007136000,13,8,5,401.7
22850007153000,2,1,1,0
22860006556000,3,2,1,0
22860006557000,27,15,12,1247.4
22860006558000,45,24,21,1602
22860006560000,6,4,2,292.8
22860006561000,39,24,15,1536.6
22860006562000,20,11,9,884
22860006563000,17,9,8,766.7
22860006564000,14,7,7,568.4
22860006565000,2,1,1,0
22860006569000,20,10,10,990
22860006570000,4,2,2,0
22860006571000,19,10,9,777.1
22860006574000,5,3,2,247
22860006575000,6,3,3,196.8
22860006576000,1,1,0,0
22860006578000,10,5,5,460
22860006580000,6,3,3,253.2
22860006581000,8,7,1,316.8
22860006582000,10,5,5,368
22860006585000,6,3,3,117
22860006586000,5,2,3,247
22860006587000,8,5,3,359.2
22860006588000,14,6,8,684.6
22860006589000,8,3,5,338.4
22860006590000,9,5,4,348.3
22860006591000,4,3,1,0
22860006592000,11,5,6,434.5
22860006593000,17,9,8,443.7
22860006594000,23,13,10,984.4
22860006595000,13,6,7,627.9
22860006597000,16,10,6,521.6
22860006598000,1,0,1,0
22860006599000,8,2,6,240.8
22860006600000,40,19,21,1432
22860006601000,11,7,4,492.8
22860006602000,5,1,4,138
22860006603000,5,2,3,184
22860006604000,3,3,0,0
22860006605000,25,13,12,867.5
22860006606000,24,12,12,1070.4
22860006607000,13,7,6,510.9
22860006608000,1,1,0,0
22860006609000,25,13,12,822.5
22860006610000,32,16,16,1174.4
22860006611000,22,12,10,1093.4
22860006612000,4,2,2,0
22860006613000,3,2,1,0
22860006614000,9,5,4,422.1
22860006615000,39,22,17,1786.2
22860006616000,12,6,6,453.6
22860006617000,8,4,4,408
22860006618000,16,8,8,497.6
22860006619000,3,1,2,0
22860006620000,26,14,12,1047.8
22860006621000,4,2,2,0
22860006622000,12,9,3,470.4
22860006623000,6,3,3,229.8
22860006624000,23,12,11,834.9
22860006625000,17,8,9,462.4
22860006626000,17,8,9,639.2
22860006627000,9,3,6,388.8
22860006628000,12,6,6,519.6
22860006629000,11,7,4,429
22860006630000,28,13,15,926.8
22860006632000,3,3,0,0
22860006633000,7,1,6,210.7
22860006634000,30,15,15,1365
22860006635000,28,17,11,1019.2
22860006636000,10,4,6,448
22860006637000,5,4,1,192
22860006644000,5,3,2,221
22860006645000,24,14,10,897.6
22860006646000,59,28,31,2059.1
22860006647000,60,35,25,2484
22860006648000,590,290,300,22066
22860006649000,371,187,184,14320.6
22860006650000,43,21,22,1462
22860006651000,8,4,4,288.8
22860006652000,14,9,5,597.8
22860006653000,1,1,0,0
22860006658000,6,3,3,148.8
22860006659000,142,71,71,5552.2
22860006660000,48,27,21,1785.6
22860006661000,9,6,3,486
22860006662000,7,3,4,189
22860006663000,6,3,3,268.2
22860006664000,14,9,5,567
22860006665000,96,55,41,3811.2
22860006666000,74,41,33,3004.4
22860006667000,37,16,21,1779.7
22860006668000,32,15,17,896
22860006669000,24,13,11,1200
22860006671000,19,8,11,674.5
22860006672000,228,112,116,8162.4
22860006673000,546,226,320,29484
22860006674000,735,383,352,27856.5
22860006678000,8,3,5,432
22860006679000,20,7,13,758
22860006680000,24,11,13,1130.4
22860006681000,16,10,6,590.4
22860006682000,64,34,30,2451.2
22860006683000,77,44,33,2433.2
22860006689000,2,0,2,0
22860006690000,16,10,6,366.4
22860006691000,9,5,4,434.7
22860006712000,1,1,0,0
22860006715000,4,2,2,0
22860006719000,1,1,0,0
22860006727000,30,16,14,1122
22860006728000,4,2,2,0
22860006740000,10,5,5,328
22860006741000,1,1,0,0
22860006742000,13,8,5,491.4
22860006743000,149,70,79,6138.8
22860006744000,75,35,40,3210
22860006745000,185,75,110,9990
22860006746000,2407,1218,1189,104223.1
22860006747000,2114,1014,1100,88576.6
22860006748000,671,323,348,29121.4
22860006749000,386,196,190,15980.4
22860006750000,159,82,77,6169.2
22860006751000,34,19,15,1370.2
22860006752000,21,10,11,795.9
22860006753000,37,20,17,1224.7
22860006754000,77,40,37,3180.1
22860006755000,13,7,6,691.6
22860006756000,38,21,17,1569.4
22860006762000,1,1,0,0
22860006821000,5,4,1,255
22860006883000,14,8,6,424.2
22860006909000,2,1,1,0
22860006917000,18,6,12,529.2
22860006918000,33,21,12,1158.3
22860006919000,5,3,2,207
22860006925000,1,1,0,0
22860006926000,47,22,25,1767.2
22860006927000,85,41,44,3459.5
22860006928000,5,2,3,244
22860006976000,2,1,1,0
22860006987000,4,3,1,0
22860007039000,13,4,9,466.7
22860007040000,43,20,23,1806
22860007041000,10,5,5,176
22860007054000,9,5,4,466.2
22860007055000,65,34,31,2619.5
22860007056000,26,13,13,1071.2
22860007057000,36,19,17,1710
22860007058000,27,16,11,1155.6
22860007069000,45,20,25,1611
22860007070000,17,7,10,678.3
22860007077000,7,3,4,314.3
22860007099000,3,1,2,0
22860007134000,40,26,14,1696
22860007135000,5,2,3,346
22860007136000,2,1,1,0
22870006557000,8,4,4,536.8
22870006558000,2,1,1,0
22870006559000,40,24,16,1688
22870006560000,18,8,10,619.2
22870006561000,15,10,5,466.5
22870006562000,11,5,6,524.7
22870006563000,7,4,3,385.7
22870006564000,8,4,4,528.8
22870006565000,15,7,8,447
22870006569000,6,5,1,319.2
22870006570000,13,4,9,395.2
22870006575000,5,3,2,314
22870006576000,5,3,2,126
22870006577000,8,5,3,352
22870006578000,13,5,8,518.7
22870006582000,19,9,10,532
22870006583000,4,2,2,0
22870006584000,19,9,10,758.1
22870006588000,4,2,2,0
22870006589000,12,5,7,540
22870006592000,1,1,0,0
22870006593000,5,3,2,246
22870006594000,3,1,2,0
22870006595000,29,12,17,1035.3
22870006596000,19,12,7,552.9
22870006597000,19,11,8,522.5
22870006598000,46,24,22,1761.8
22870006599000,16,10,6,801.6
22870006600000,58,32,26,2279.4
22870006601000,6,2,4,217.2
22870006602000,17,7,10,452.2
22870006603000,7,4,3,282.1
22870006604000,11,7,4,521.4
22870006605000,22,12,10,1080.2
22870006606000,8,4,4,339.2
22870006607000,8,4,4,398.4
22870006608000,7,5,2,331.1
22870006609000,11,6,5,363
22870006610000,30,16,14,1122
22870006611000,7,5,2,364
22870006613000,27,14,13,907.2
22870006614000,10,5,5,396
22870006615000,11,4,7,403.7
22870006616000,47,20,27,1922.3
22870006617000,61,32,29,3013.4
22870006618000,48,28,20,1780.8
22870006619000,3,2,1,0
22870006620000,8,3,5,300.8
22870006621000,3,1,2,0
22870006626000,1,0,1,0
22870006630000,10,3,7,405
22870006631000,4,2,2,0
22870006643000,6,2,4,348
22870006644000,58,25,33,2499.8
22870006645000,60,31,29,2604
22870006646000,2,1,1,0
22870006648000,68,31,37,2951.2
22870006649000,727,359,368,22973.2
22870006650000,338,186,152,13182
22870006651000,34,18,16,1825.8
22870006652000,20,8,12,756
22870006653000,18,11,7,657
22870006655000,3,2,1,0
22870006658000,25,13,12,1187.5
22870006659000,25,13,12,1020
22870006660000,64,36,28,2950.4
22870006661000,28,14,14,1058.4
22870006662000,17,10,7,663
22870006663000,25,15,10,992.5
22870006664000,5,1,4,170
22870006665000,12,8,4,712.8
22870006666000,30,17,13,1035
22870006667000,10,7,3,480
22870006668000,18,10,8,716.4
22870006669000,7,3,4,142.8
22870006672000,1280,642,638,47232
22870006673000,2208,1081,1127,99360
22870006674000,2062,1044,1018,75881.6
22870006675000,394,193,201,15208.4
22870006676000,231,118,113,8547
22870006677000,17,10,7,520.2
22870006678000,58,36,22,2540.4
22870006679000,15,10,5,460.5
22870006680000,20,11,9,974
22870006681000,34,16,18,1492.6
22870006682000,106,52,54,3996.2
22870006683000,669,347,322,20939.7
22870006684000,67,34,33,2887.7
22870006685000,1,1,0,0
22870006688000,677,346,331,19497.6
22870006689000,1463,740,723,55886.6
22870006690000,285,143,142,12654
22870006691000,196,102,94,8271.2
22870006692000,53,31,22,1923.9
22870006702000,3,1,2,0
22870006711000,9,5,4,480.6
22870006712000,26,16,10,962
22870006713000,8,3,5,296.8
22870006726000,3,2,1,0
22870006734000,2,1,1,0
22870006736000,2,2,0,0
22870006737000,3,2,1,0
22870006738000,1,1,0,0
22870006739000,20,8,12,878
22870006740000,20,13,7,702
22870006741000,11,6,5,404.8
22870006742000,65,34,31,2554.5
22870006743000,833,421,412,33569.9
22870006744000,523,269,254,19037.2
22870006745000,263,116,147,12624
22870006746000,1775,851,924,74372.5
22870006747000,609,290,319,25456.2
22870006748000,983,491,492,37059.1
22870006749000,165,80,85,6270
22870006750000,75,40,35,3120
22870006751000,14,8,6,477.4
22870006752000,20,14,6,644
22870006753000,24,15,9,1032
22870006754000,38,17,21,1554.2
22870006755000,42,20,22,1772.4
22870006756000,13,8,5,587.6
22870006757000,7,3,4,252
22870006820000,4,2,2,0
22870006821000,11,4,7,843.7
22870006831000,19,9,10,836
22870006832000,25,14,11,1227.5
22870006833000,4,1,3,0
22870006834000,38,23,15,1470.6
22870006865000,1,0,1,0
22870006882000,5,2,3,260
22870006909000,1,0,1,0
22870006918000,67,35,32,2458.9
22870006919000,22,11,11,752.4
22870006922000,2,1,1,0
22870006924000,4,3,1,0
22870006926000,32,14,18,988.8
22870006927000,48,24,24,1992
22870006928000,34,18,16,1390.6
22870006929000,3,1,2,0
22870006930000,3,1,2,0
22870006987000,5,4,1,344
22870006988000,2,1,1,0
22870007020000,9,6,3,424.8
22870007028000,7,4,3,244.3
22870007029000,4,1,3,0
22870007031000,2,1,1,0
22870007033000,1,1,0,0
22870007039000,157,90,67,4662.9
22870007040000,676,356,320,22916.4
22870007055000,13,7,6,522.6
22870007056000,83,39,44,3643.7
22870007057000,56,28,28,2262.4
22870007058000,136,69,67,4379.2
22870007059000,74,37,37,3374.4
22870007060000,5,3,2,350
22870007069000,8,3,5,307.2
22870007070000,33,18,15,1161.6
22870007079000,5,3,2,254
22870007085000,8,4,4,380.8
22870007133000,24,15,9,1111.2
22870007134000,22,11,11,811.8
22870007136000,6,4,2,142.8
22870007153000,4,2,2,0
22880006558000,440,237,203,17204
22880006559000,252,133,119,9576
22880006560000,1,1,0,0
22880006561000,11,6,5,275
22880006562000,16,10,6,740.8
22880006565000,9,4,5,379.8
22880006566000,6,4,2,310.8
22880006567000,4,1,3,0
22880006568000,6,5,1,141
22880006569000,25,14,11,1040
22880006570000,6,4,2,216
22880006577000,15,8,7,615
22880006579000,3,2,1,0
22880006584000,13,8,5,514.8
22880006585000,10,6,4,516
22880006586000,19,10,9,792.3
22880006587000,17,9,8,486.2
22880006588000,3,2,1,0
22880006590000,7,5,2,174.3
22880006593000,15,8,7,664.5
22880006594000,14,7,7,368.2
22880006595000,19,10,9,746.7
22880006596000,7,4,3,235.9
22880006597000,5,2,3,303
22880006598000,26,14,12,1118
22880006599000,31,18,13,1063.3
22880006600000,24,12,12,1003.2
22880006601000,15,9,6,583.5
22880006602000,30,18,12,1104
22880006603000,37,19,18,1554
22880006604000,10,5,5,349
22880006605000,9,5,4,441
22880006606000,21,12,9,837.9
22880006607000,17,9,8,953.7
22880006608000,3,2,1,0
22880006609000,27,16,11,831.6
22880006610000,197,98,99,8234.6
22880006611000,118,58,60,4696.4
22880006612000,33,16,17,1230.9
22880006613000,4,3,1,0
22880006614000,6,5,1,253.8
22880006615000,3,2,1,0
22880006616000,4,2,2,0
22880006617000,10,5,5,465
22880006620000,2,1,1,0
22880006622000,4,1,3,0
22880006639000,24,15,9,871.2
22880006640000,40,17,23,1900
22880006641000,35,14,21,1872.5
22880006642000,50,24,26,1865
22880006643000,114,66,48,4297.8
22880006644000,176,100,76,6828.8
22880006648000,5,3,2,213
22880006649000,68,36,32,2876.4
22880006650000,104,58,46,3744
22880006651000,52,27,25,2262
22880006652000,17,9,8,685.1
22880006653000,173,94,79,6349.1
22880006654000,9,5,4,458.1
22880006655000,4,1,3,0
22880006656000,7,4,3,312.9
22880006657000,9,3,6,288.9
22880006658000,26,14,12,1268.8
22880006659000,42,21,21,1810.2
22880006660000,43,23,20,1406.1
22880006661000,11,6,5,421.3
22880006665000,7,3,4,268.1
22880006666000,13,8,5,648.7
22880006667000,29,15,14,1203.5
22880006668000,12,7,5,470.4
22880006669000,12,4,8,655.2
22880006670000,1,1,0,0
22880006672000,1289,655,634,39959
22880006673000,1172,573,599,44184.4
22880006674000,751,357,394,26885.8
22880006675000,2060,1015,1045,62830
22880006678000,1,1,0,0
22880006679000,4,3,1,0
22880006681000,4,3,1,0
22880006683000,6,5,1,283.8
22880006684000,154,85,69,5682.6
22880006685000,43,28,15,1526.5
22880006686000,70,39,31,3122
22880006687000,1220,607,613,40260
22880006688000,982,488,494,40753
22880006689000,567,280,287,24834.6
22880006690000,46,24,22,1987.2
22880006691000,100,43,57,4330
22880006692000,44,25,19,1610.4
22880006693000,2,1,1,0
22880006695000,2,1,1,0
22880006710000,26,14,12,917.8
22880006711000,235,119,116,9400
22880006712000,162,82,80,6253.2
22880006713000,17,8,9,691.9
22880006723000,2,1,1,0
22880006733000,17,6,11,717.4
22880006734000,22,11,11,915.2
22880006735000,18,8,10,718.2
22880006736000,9,4,5,250.2
22880006737000,32,13,19,1446.4
22880006738000,122,58,64,4062.6
22880006739000,44,20,24,1412.4
22880006740000,32,16,16,1334.4
22880006741000,6,3,3,174
22880006742000,44,23,21,1773.2
22880006743000,713,352,361,29161.7
22880006744000,1417,643,774,62064.6
22880006745000,449,207,242,20160.1
22880006746000,82,39,43,3165.2
22880006747000,79,37,42,3167.9
22880006748000,58,33,25,2256.2
22880006749000,46,26,20,1435.2
22880006750000,40,22,18,1492
22880006751000,4,2,2,0
22880006752000,27,18,9,1196.1
22880006753000,12,7,5,535.2
22880006754000,51,24,27,1703.4
22880006757000,5,2,3,163
22880006818000,6,3,3,139.8
22880006819000,5,3,2,289
22880006820000,14,7,7,679
22880006821000,25,20,5,1010
22880006823000,1,0,1,0
22880006828000,3,2,1,0
22880006829000,8,4,4,456
22880006830000,51,26,25,2289.9
22880006831000,43,26,17,2124.2
22880006832000,65,34,31,3204.5
22880006833000,13,13,0,392.6
22880006834000,3,2,1,0
22880006835000,9,3,6,298.8
22880006879000,2,1,1,0
22880006920000,16,9,7,598.4
22880006924000,16,7,9,630.4
22880006925000,8,3,5,342.4
22880006926000,5,3,2,244
22880006927000,4,1,3,0
22880006930000,8,5,3,312.8
22880006931000,8,3,5,276
22880006988000,5,2,3,178
22880007028000,1,1,0,0
22880007031000,15,7,8,663
22880007032000,6,4,2,202.8
22880007033000,22,13,9,1302.4
22880007034000,38,24,14,1360.4
22880007035000,14,6,8,729.4
22880007038000,7,4,3,266
22880007039000,683,342,341,20626.6
22880007040000,444,226,218,12343.2
22880007049000,1,1,0,0
22880007056000,30,17,13,1437
22880007057000,65,30,35,2392
22880007058000,326,142,184,15126.4
22880007059000,31,18,13,1751.5
22880007060000,26,9,17,1112.8
22880007061000,9,4,5,299.7
22880007070000,3,2,1,0
22880007085000,13,5,8,413.4
22880007087000,2,1,1,0
22880007131000,18,10,8,786.6
22880007132000,19,12,7,742.9
22880007133000,2,1,1,0
22880007147000,3,2,1,0
22880007149000,2,1,1,0
22880007152000,8,4,4,247.2
22880007153000,20,11,9,996
22890006558000,43,20,23,1431.9
22890006559000,61,32,29,2055.7
22890006560000,13,8,5,591.5
22890006561000,5,3,2,259
22890006562000,6,3,3,181.8
22890006563000,21,7,14,835.8
22890006564000,6,4,2,328.2
22890006566000,13,7,6,461.5
22890006567000,32,18,14,1411.2
22890006568000,12,6,6,411.6
22890006569000,6,2,4,235.2
22890006573000,7,4,3,226.1
22890006575000,8,4,4,447.2
22890006576000,5,4,1,211
22890006582000,6,3,3,316.2
22890006585000,4,3,1,0
22890006586000,16,8,8,569.6
22890006587000,7,4,3,338.1
22890006588000,17,12,5,771.8
22890006593000,17,7,10,520.2
22890006594000,16,10,6,654.4
22890006595000,19,10,9,590.9
22890006596000,17,7,10,535.5
22890006597000,21,13,8,827.4
22890006598000,25,12,13,870
22890006599000,8,5,3,346.4
22890006600000,7,3,4,492.8
22890006601000,20,10,10,698
22890006602000,16,8,8,1121.6
22890006603000,9,5,4,313.2
22890006604000,27,15,12,793.8
22890006605000,18,10,8,761.4
22890006606000,16,11,5,593.6
22890006609000,13,4,9,366.6
22890006610000,155,70,85,6556.5
22890006611000,306,157,149,11781
22890006612000,27,17,10,974.7
22890006613000,16,8,8,545.6
22890006614000,5,3,2,185
22890006615000,1,1,0,0
22890006618000,15,8,7,448.5
22890006619000,1,1,0,0
22890006620000,6,2,4,330
22890006621000,14,8,6,372.4
22890006622000,17,6,11,664.7
22890006623000,20,14,6,840
22890006624000,17,10,7,649.4
22890006625000,15,8,7,616.5
22890006626000,7,3,4,237.3
22890006627000,4,2,2,0
22890006629000,4,2,2,0
22890006630000,9,3,6,347.4
22890006631000,11,7,4,369.6
22890006632000,12,9,3,472.8
22890006633000,14,8,6,610.4
22890006634000,16,9,7,737.6
22890006635000,9,6,3,388.8
22890006637000,2,1,1,0
22890006638000,14,10,4,474.6
22890006639000,16,8,8,612.8
22890006640000,54,33,21,2251.8
22890006641000,129,72,57,5095.5
22890006642000,17,10,7,770.1
22890006643000,232,114,118,8305.6
22890006644000,305,152,153,9028
22890006650000,8,5,3,268
22890006651000,12,7,5,645.6
22890006653000,20,8,12,904
22890006654000,92,44,48,3523.6
22890006655000,770,378,392,25949
22890006656000,176,83,93,5297.6
22890006657000,13,6,7,653.9
22890006658000,10,3,7,306
22890006659000,644,347,297,24472
22890006660000,114,57,57,4263.6
22890006661000,12,8,4,381.6
22890006662000,11,7,4,447.7
22890006663000,12,5,7,486
22890006664000,8,5,3,444
22890006665000,32,21,11,1280
22890006666000,15,8,7,636
22890006667000,133,80,53,4987.5
22890006668000,817,408,409,27124.4
22890006669000,21,13,8,1094.1
22890006671000,37,21,16,1546.6
22890006672000,1271,635,636,41561.7
22890006673000,301,147,154,11438
22890006674000,6,3,3,231
22890006675000,1,1,0,0
22890006676000,27,10,17,901.8
22890006677000,10,6,4,360
22890006678000,61,30,31,1976.4
22890006679000,1,0,1,0
22890006681000,1,0,1,0
22890006683000,23,10,13,959.1
22890006684000,492,244,248,15448.8
22890006685000,942,510,432,31745.4
22890006686000,685,343,342,21988.5
22890006687000,1711,863,848,63478.1
22890006688000,528,250,278,22334.4
22890006689000,252,133,119,9928.8
22890006690000,230,128,102,8786
22890006691000,71,41,30,2804.5
22890006692000,79,46,33,2875.6
22890006693000,274,133,141,11288.8
22890006694000,170,84,86,5559
22890006695000,35,12,23,980
22890006696000,3,3,0,0
22890006697000,1,1,0,0
22890006701000,7,3,4,135.1
22890006702000,13,8,5,566.8
22890006709000,5,4,1,266
22890006710000,37,20,17,1313.5
22890006711000,10,6,4,376
22890006712000,7,2,5,289.8
22890006713000,85,49,36,3604
22890006714000,23,14,9,839.5
22890006718000,8,5,3,206.4
22890006719000,7,5,2,312.9
22890006722000,4,1,3,0
22890006729000,3,2,1,0
22890006731000,8,4,4,394.4
22890006732000,6,2,4,328.2
22890006733000,26,15,11,1097.2
22890006734000,13,7,6,396.5
22890006735000,23,12,11,798.1
22890006736000,102,50,52,3366
22890006737000,43,23,20,1831.8
22890006738000,28,13,15,1150.8
22890006739000,148,73,75,4647.2
22890006740000,205,88,117,7257
22890006741000,20,10,10,782
22890006742000,59,31,28,2271.5
22890006743000,1584,792,792,61300.8
22890006744000,292,147,145,13081.6
22890006745000,24,9,15,924
22890006746000,805,401,404,31878
22890006747000,1152,545,607,46310.4
22890006748000,63,36,27,2677.5
22890006749000,436,217,219,17309.2
22890006750000,147,81,66,6056.4
22890006751000,36,23,13,1400.4
22890006752000,22,11,11,750.2
22890006753000,13,6,7,503.1
22890006754000,51,26,25,1938
22890006755000,46,23,23,1867.6
22890006756000,4,2,2,0
22890006816000,25,13,12,1157.5
22890006818000,7,2,5,256.9
22890006823000,2,1,1,0
22890006824000,79,65,14,2686
22890006825000,4,3,1,0
22890006826000,3,2,1,0
22890006827000,10,7,3,458
22890006828000,29,15,14,997.6
22890006829000,3,1,2,0
22890006830000,7,5,2,238
22890006831000,34,16,18,1434.8
22890006832000,226,117,109,9085.2
22890006833000,301,155,146,12100.2
22890006834000,60,32,28,2490
22890006835000,6,3,3,105
22890006876000,1,1,0,0
22890006917000,5,2,3,172
22890006922000,5,4,1,189
22890006923000,14,8,6,554.4
22890006924000,6,3,3,334.8
22890006926000,1,0,1,0
22890006927000,10,6,4,307
22890006947000,3,2,1,0
22890007028000,6,3,3,195
22890007030000,21,12,9,825.3
22890007032000,65,31,34,2574
22890007033000,3,1,2,0
22890007034000,1,0,1,0
22890007035000,8,6,2,431.2
22890007036000,83,43,40,3120.8
22890007037000,108,54,54,3758.4
22890007038000,297,152,145,13246.2
22890007039000,475,247,228,16055
22890007040000,6,5,1,228
22890007047000,5,3,2,184
22890007048000,38,22,16,1368
22890007049000,18,11,7,781.2
22890007050000,40,19,21,1276
22890007051000,13,4,9,309.4
22890007055000,12,6,6,550.8
22890007056000,62,31,31,2058.4
22890007057000,91,52,39,3467.1
22890007058000,123,69,54,5055.3
22890007059000,41,24,17,1566.2
22890007060000,3,2,1,0
22890007061000,28,11,17,1159.2
22890007062000,16,8,8,662.4
22890007070000,13,8,5,478.4
22890007071000,9,4,5,383.4
22890007072000,4,1,3,0
22890007080000,4,2,2,0
22890007086000,6,4,2,276
22890007130000,28,16,12,1204
22890007131000,1,1,0,0
22890007147000,3,1,2,0
22890007148000,1,0,1,0
22900006559000,23,16,7,920
22900006560000,51,29,22,2050.2
22900006561000,50,28,22,1865
22900006562000,7,4,3,349.3
22900006563000,6,3,3,253.2
22900006564000,9,5,4,326.7
22900006565000,29,13,16,1133.9
22900006566000,29,17,12,1122.3
22900006567000,43,18,25,1595.3
22900006568000,9,4,5,374.4
22900006569000,5,1,4,241
22900006570000,2,1,1,0
22900006572000,1,1,0,0
22900006575000,5,3,2,157
22900006581000,8,4,4,274.4
22900006584000,1,0,1,0
22900006585000,11,6,5,412.5
22900006586000,12,6,6,382.8
22900006587000,26,14,12,917.8
22900006588000,34,20,14,1186.6
22900006589000,12,6,6,585.6
22900006590000,5,4,1,201
22900006592000,4,3,1,0
22900006593000,59,32,27,2065
22900006594000,18,10,8,792
22900006595000,19,11,8,942.4
22900006596000,12,8,4,548.4
22900006597000,1,1,0,0
22900006598000,27,15,12,882.9
22900006599000,6,2,4,261
22900006600000,14,9,5,590.8
22900006601000,3,2,1,0
22900006602000,67,28,39,2592.9
22900006603000,98,47,51,3567.2
22900006604000,18,10,8,770.4
22900006605000,47,27,20,1569.8
22900006606000,58,37,21,2204
22900006607000,1,0,1,0
22900006608000,15,8,7,442.5
22900006609000,105,34,71,8032.5
22900006610000,1,0,1,0
22900006611000,12,6,6,481.2
22900006612000,8,4,4,276
22900006613000,10,3,7,452
22900006614000,8,5,3,283.2
22900006615000,24,15,9,813.6
22900006616000,9,4,5,431.1
22900006617000,20,12,8,740
22900006618000,15,8,7,544.5
22900006619000,22,12,10,811.8
22900006620000,16,8,8,539.2
22900006621000,8,5,3,244
22900006622000,26,14,12,785.2
22900006623000,14,9,5,593.6
22900006624000,17,9,8,465.8
22900006625000,18,10,8,495
22900006626000,13,6,7,500.5
22900006627000,11,5,6,438.9
22900006628000,26,14,12,1141.4
22900006629000,12,8,4,387.6
22900006630000,7,4,3,352.1
22900006631000,27,16,11,1169.1
22900006632000,32,15,17,1392
22900006633000,43,25,18,1857.6
22900006634000,65,31,34,2782
22900006635000,23,12,11,991.3
22900006637000,2,1,1,0
22900006638000,2,1,1,0
22900006639000,18,9,9,658.8
22900006640000,11,5,6,553.3
22900006641000,13,7,6,686.4
22900006642000,30,16,14,987
22900006643000,83,45,38,2905
22900006644000,14,9,5,450.8
22900006653000,363,177,186,11035.2
22900006654000,1431,688,743,52374.6
22900006655000,1425,657,768,61275
22900006656000,147,73,74,5953.5
22900006657000,47,25,22,1950.5
22900006658000,54,29,25,2106
22900006659000,286,148,138,11811.8
22900006660000,41,26,15,1738.4
22900006661000,20,8,12,950
22900006663000,39,25,14,1743.3
22900006666000,5,1,4,221
22900006667000,28,16,12,977.2
22900006668000,19,11,8,1128.6
22900006669000,6,3,3,379.2
22900006670000,15,10,5,574.5
22900006671000,23,11,12,763.6
22900006672000,1037,509,528,30798.9
22900006673000,393,199,194,13833.6
22900006674000,4,2,2,0
22900006676000,32,17,15,1379.2
22900006677000,85,49,36,3663.5
22900006681000,6,3,3,154.2
22900006682000,2,1,1,0
22900006683000,23,11,12,876.3
22900006684000,591,283,308,17493.6
22900006685000,756,379,377,26913.6
22900006686000,107,59,48,3905.5
22900006687000,46,23,23,1692.8
22900006688000,14,7,7,719.6
22900006689000,39,20,19,2067
22900006690000,55,26,29,2029.5
22900006691000,29,20,9,1168.7
22900006692000,40,20,20,1748
22900006693000,485,242,243,19739.5
22900006694000,331,160,171,10989.2
22900006695000,40,19,21,1656
22900006696000,22,12,10,816.2
22900006697000,23,11,12,924.6
22900006698000,44,23,21,1922.8
22900006699000,20,11,9,808
22900006700000,260,126,134,10088
22900006701000,97,47,50,4006.1
22900006702000,82,45,37,3517.8
22900006703000,43,22,21,1939.3
22900006705000,1,1,0,0
22900006706000,25,13,12,1080
22900006707000,20,11,9,962
22900006708000,30,16,14,1146
22900006709000,4,3,1,0
22900006714000,35,19,16,1771
22900006715000,26,11,15,1274
22900006716000,12,5,7,440.4
22900006717000,38,17,21,1827.8
22900006718000,15,7,8,447
22900006719000,39,19,20,1825.2
22900006720000,7,3,4,284.2
22900006726000,1,1,0,0
22900006732000,2,0,2,0
22900006733000,19,12,7,744.8
22900006734000,16,6,10,542.4
22900006735000,59,30,29,2383.6
22900006736000,29,16,13,1148.4
22900006737000,20,9,11,790
22900006738000,15,7,8,694.5
22900006739000,8,5,3,255.2
22900006740000,9,4,5,277.2
22900006741000,68,40,28,2686
22900006742000,288,154,134,10339.2
22900006743000,110,56,54,4092
22900006744000,113,56,57,4068
22900006745000,578,300,278,20923.6
22900006746000,313,169,144,13302.5
22900006747000,240,125,115,9024
22900006748000,269,125,144,12562.3
22900006749000,187,95,92,7910.1
22900006750000,66,30,36,2798.4
22900006751000,9,4,5,407.7
22900006752000,29,15,14,1339.8
22900006753000,27,13,14,1198.8
22900006754000,7,1,6,308
22900006755000,61,36,25,2257
22900006815000,8,4,4,527.2
22900006816000,39,26,13,1228.5
22900006817000,1,0,1,0
22900006818000,1,1,0,0
22900006824000,11,6,5,452.1
22900006825000,8,4,4,202.4
22900006826000,6,3,3,355.2
22900006827000,1,1,0,0
22900006828000,2,1,1,0
22900006829000,10,5,5,205
22900006830000,21,10,11,861
22900006831000,10,5,5,317
22900006832000,386,177,209,16868.2
22900006833000,256,114,142,13798.4
22900006835000,5,5,0,202
22900006875000,1,1,0,0
22900006905000,2,1,1,0
22900006921000,6,3,3,205.8
22900006922000,9,5,4,367.2
22900006923000,11,4,7,522.5
22900006926000,15,7,8,624
22900006927000,7,6,1,247.1
22900006988000,18,10,8,671.4
22900006989000,7,4,3,247.8
22900007022000,3,1,2,0
22900007028000,15,7,8,567
22900007029000,82,41,41,3255.4
22900007032000,2,1,1,0
22900007036000,7,4,3,212.1
22900007037000,573,302,271,22289.7
22900007038000,673,322,351,29410.1
22900007039000,318,159,159,11511.6
22900007040000,16,6,10,920
22900007045000,9,5,4,512.1
22900007046000,58,30,28,2238.8
22900007047000,65,28,37,2327
22900007048000,54,28,26,1620
22900007049000,46,22,24,1495
22900007050000,50,24,26,1875
22900007051000,22,11,11,884.4
22900007052000,16,10,6,745.6
22900007056000,7,4,3,196
22900007057000,105,53,52,3412.5
22900007058000,34,18,16,1207
22900007059000,6,3,3,385.8
22900007060000,3,2,1,0
22900007061000,16,6,10,761.6
22900007062000,27,18,9,799.2
22900007063000,3,1,2,0
22900007071000,13,5,8,608.4
22900007072000,3,1,2,0
22900007130000,15,9,6,970.5
22900007131000,6,3,3,322.8
22900007144000,1,0,1,0
22900007150000,3,2,1,0
22900007152000,1,1,0,0
22910006558000,137,74,63,5986.9
22910006559000,374,183,191,14847.8
22910006560000,1112,536,576,45925.6
22910006561000,231,111,120,9471
22910006562000,2,1,1,0
22910006563000,13,6,7,418.6
22910006564000,7,4,3,273.7
22910006565000,10,7,3,302
22910006566000,16,9,7,582.4
22910006567000,9,6,3,414.9
22910006568000,3,2,1,0
22910006570000,11,6,5,390.5
22910006571000,10,5,5,395
22910006572000,6,4,2,213
22910006573000,5,3,2,164
22910006574000,2,1,1,0
22910006575000,5,3,2,177
22910006576000,14,7,7,523.6
22910006583000,4,2,2,0
22910006584000,1,1,0,0
22910006585000,12,8,4,392.4
22910006587000,4,1,3,0
22910006589000,9,5,4,351
22910006590000,24,12,12,979.2
22910006591000,1,0,1,0
22910006592000,34,16,18,941.8
22910006593000,219,113,106,7227
22910006594000,805,397,408,31314.5
22910006595000,341,163,178,13230.8
22910006596000,20,10,10,764
22910006597000,27,16,11,923.4
22910006598000,17,11,6,703.8
22910006599000,4,2,2,0
22910006600000,2,2,0,0
22910006601000,39,23,16,1513.2
22910006602000,87,41,46,2784
22910006603000,13,3,10,287.3
22910006604000,3,1,2,0
22910006605000,36,16,20,1461.6
22910006606000,439,210,229,17208.8
22910006607000,158,78,80,5688
22910006608000,129,70,59,5908.2
22910006609000,96,47,49,3244.8
22910006611000,2,2,0,0
22910006612000,19,11,8,765.7
22910006613000,17,7,10,742.9
22910006614000,20,13,7,910
22910006615000,24,9,15,780
22910006616000,22,13,9,1025.2
22910006617000,76,40,36,2827.2
22910006618000,21,10,11,966
22910006619000,19,11,8,687.8
22910006620000,54,29,25,1944
22910006621000,47,28,19,1536.9
22910006622000,10,5,5,394
22910006623000,317,159,158,13187.2
22910006624000,357,186,171,14886.9
22910006625000,55,33,22,2255
22910006626000,45,23,22,1827
22910006627000,26,15,11,1105
22910006628000,53,32,21,2310.8
22910006629000,9,6,3,378
22910006630000,63,30,33,2444.4
22910006631000,3,2,1,0
22910006632000,10,4,6,401
22910006633000,4,1,3,0
22910006636000,2,1,1,0
22910006637000,3,2,1,0
22910006642000,30,14,16,1257
22910006643000,14,7,7,530.6
22910006654000,88,50,38,3678.4
22910006655000,273,141,132,12312.3
22910006656000,269,143,126,10141.3
22910006657000,14,8,6,772.8
22910006658000,6,2,4,184.8
22910006659000,2,2,0,0
22910006660000,16,8,8,627.2
22910006661000,12,6,6,400.8
22910006663000,16,8,8,592
22910006664000,38,25,13,1261.6
22910006666000,8,5,3,336
22910006667000,85,42,43,3128
22910006668000,7,2,5,352.1
22910006669000,11,6,5,548.9
22910006670000,24,9,15,909.6
22910006671000,20,10,10,938
22910006672000,21,8,13,804.3
22910006673000,277,140,137,9251.8
22910006674000,9,4,5,644.4
22910006677000,26,14,12,936
22910006678000,14,8,6,481.6
22910006682000,21,11,10,1089.9
22910006684000,8,5,3,290.4
22910006685000,23,14,9,742.9
22910006686000,20,11,9,504
22910006687000,95,49,46,3648
22910006688000,13,8,5,566.8
22910006689000,32,24,8,1276.8
22910006690000,6,3,3,196.2
22910006691000,2,1,1,0
22910006692000,32,17,15,1376
22910006693000,181,84,97,7710.6
22910006694000,208,111,97,7633.6
22910006695000,33,18,15,1270.5
22910006696000,20,8,12,1054
22910006697000,57,26,31,2205.9
22910006698000,40,20,20,1592
22910006699000,20,11,9,666
22910006700000,20,10,10,734
22910006701000,140,77,63,5992
22910006717000,2,1,1,0
22910006718000,5,2,3,183
22910006719000,12,6,6,500.4
22910006725000,4,2,2,0
22910006727000,7,5,2,391.3
22910006728000,7,5,2,469
22910006729000,18,12,6,748.8
22910006730000,6,2,4,394.8
22910006731000,6,3,3,259.2
22910006733000,2,2,0,0
22910006734000,26,14,12,1214.2
22910006735000,73,41,32,2876.2
22910006736000,161,82,79,7003.5
22910006737000,595,242,353,33201
22910006738000,28,15,13,1022
22910006739000,45,23,22,1413
22910006740000,66,36,30,2917.2
22910006741000,45,28,17,1674
22910006742000,10,5,5,380
22910006743000,82,42,40,3411.2
22910006744000,28,15,13,1038.8
22910006745000,7,4,3,335.3
22910006746000,134,73,61,5078.6
22910006747000,137,70,67,5233.4
22910006748000,114,61,53,5152.8
22910006749000,31,16,15,1085
22910006750000,41,21,20,1758.9
22910006751000,20,11,9,1222
22910006752000,39,17,22,1704.3
22910006753000,21,12,9,987
22910006754000,37,21,16,1554
22910006755000,40,23,17,1572
22910006814000,1,1,0,0
22910006815000,7,4,3,366.8
22910006816000,10,3,7,479
22910006828000,4,2,2,0
22910006832000,13,8,5,464.1
22910006873000,7,3,4,350.7
22910006900000,7,6,1,266
22910006901000,14,7,7,642.6
22910006902000,10,6,4,350
22910006923000,14,6,8,512.4
22910006924000,6,4,2,247.8
22910006926000,12,6,6,568.8
22910006927000,25,13,12,920
22910006946000,1,0,1,0
22910006988000,2,0,2,0
22910006989000,9,6,3,459
22910007009000,3,3,0,0
22910007029000,6,3,3,262.8
22910007030000,7,3,4,382.2
22910007038000,187,91,96,6114.9
22910007039000,432,213,219,16329.6
22910007040000,146,74,72,4920.2
22910007045000,5,3,2,209
22910007046000,18,9,9,797.4
22910007047000,36,19,17,1386
22910007048000,38,19,19,1349
22910007049000,439,225,214,15057.7
22910007050000,37,20,17,1283.9
22910007051000,19,9,10,765.7
22910007052000,23,12,11,855.6
22910007057000,121,59,62,4501.2
22910007058000,1,0,1,0
22910007059000,18,10,8,865.8
22910007060000,5,4,1,164
22910007061000,32,18,14,1267.2
22910007062000,46,22,24,1904.4
22910007063000,3,2,1,0
22910007071000,7,4,3,331.8
22910007072000,7,4,3,214.9
22910007081000,10,6,4,358
22910007086000,2,2,0,0
22910007102000,1,1,0,0
22910007151000,7,3,4,261.8
22920006557000,47,30,17,2068
22920006558000,122,53,69,7698.2
22920006559000,2043,966,1077,87031.8
22920006560000,2451,1137,1314,108089.1
22920006561000,675,329,346,27067.5
22920006562000,778,398,380,21784
22920006563000,27,16,11,1385.1
22920006564000,23,11,12,1000.5
22920006565000,18,6,12,696.6
22920006566000,12,6,6,321.6
22920006573000,9,5,4,396
22920006574000,6,3,3,184.8
22920006578000,3,2,1,0
22920006579000,1,1,0,0
22920006584000,6,4,2,235.2
22920006585000,18,8,10,518.4
22920006586000,8,3,5,239.2
22920006589000,2,1,1,0
22920006590000,21,10,11,655.2
22920006591000,138,71,67,5602.8
22920006592000,386,188,198,16598
22920006593000,1100,486,614,55770
22920006594000,257,119,138,9406.2
22920006595000,23,12,11,683.1
22920006596000,11,7,4,497.2
22920006597000,19,11,8,763.8
22920006598000,54,27,27,2008.8
22920006599000,10,6,4,495
22920006600000,9,6,3,291.6
22920006601000,8,6,2,274.4
22920006602000,17,9,8,814.3
22920006603000,7,5,2,328.3
22920006604000,2,1,1,0
22920006605000,13,8,5,539.5
22920006606000,179,93,86,6802
22920006607000,1651,787,864,72644
22920006608000,1233,596,637,44018.1
22920006609000,448,208,240,18457.6
22920006610000,17,9,8,805.8
22920006611000,7,3,4,224.7
22920006612000,9,5,4,317.7
22920006613000,20,12,8,1000
22920006614000,51,23,28,2101.2
22920006615000,50,28,22,1755
22920006616000,500,245,255,22150
22920006617000,740,338,402,36334
22920006618000,15,9,6,538.5
22920006619000,24,14,10,1020
22920006620000,21,8,13,588
22920006621000,17,11,6,566.1
22920006622000,15,7,8,559.5
22920006623000,27,15,12,839.7
22920006624000,102,49,53,3702.6
22920006625000,19,9,10,655.5
22920006630000,3,2,1,0
22920006642000,25,16,9,1122.5
22920006643000,8,5,3,298.4
22920006649000,6,3,3,333
22920006654000,42,21,21,1671.6
22920006655000,70,38,32,2450
22920006656000,5,2,3,195
22920006658000,33,21,12,1244.1
22920006659000,6,2,4,303
22920006661000,16,6,10,478.4
22920006662000,13,8,5,626.6
22920006664000,17,7,10,591.6
22920006665000,37,18,19,1557.7
22920006666000,15,7,8,928.5
22920006667000,9,5,4,431.1
22920006668000,32,17,15,1257.6
22920006669000,5,3,2,184
22920006670000,5,2,3,234
22920006671000,28,14,14,1010.8
22920006672000,1,0,1,0
22920006673000,289,153,136,9970.5
22920006674000,36,21,15,1821.6
22920006675000,43,24,19,1767.3
22920006676000,142,79,63,5580.6
22920006677000,274,134,140,9864
22920006678000,477,232,245,16695
22920006679000,19,11,8,590.9
22920006680000,10,9,1,356
22920006681000,16,10,6,684.8
22920006682000,6,3,3,172.2
22920006686000,4,2,2,0
22920006687000,10,5,5,450
22920006688000,35,19,16,1347.5
22920006689000,95,48,47,3857
22920006690000,34,21,13,1220.6
22920006691000,57,29,28,2359.8
22920006692000,26,13,13,967.2
22920006693000,220,107,113,8910
22920006694000,70,39,31,2751
22920006695000,13,6,7,657.8
22920006696000,13,7,6,612.3
22920006697000,36,18,18,1648.8
22920006698000,7,4,3,301.7
22920006699000,85,47,38,2975
22920006700000,79,40,39,3507.6
22920006701000,40,21,19,1496
22920006702000,28,12,16,1078
22920006724000,6,2,4,231
22920006725000,1,1,0,0
22920006726000,25,11,14,950
22920006727000,12,6,6,609.6
22920006728000,11,6,5,574.2
22920006729000,2,0,2,0
22920006730000,21,11,10,875.7
22920006731000,21,10,11,884.1
22920006732000,7,4,3,431.2
22920006733000,61,32,29,2641.3
22920006734000,29,18,11,1006.3
22920006735000,33,20,13,1455.3
22920006736000,723,359,364,28920
22920006737000,828,402,426,35107.2
22920006738000,171,83,88,7506.9
22920006739000,58,29,29,2302.6
22920006740000,31,12,19,1119.1
22920006741000,20,9,11,840
22920006742000,9,6,3,477
22920006743000,23,15,8,1041.9
22920006744000,26,15,11,1136.2
22920006745000,20,13,7,838
22920006746000,28,15,13,1033.2
22920006747000,123,62,61,5079.9
22920006748000,187,89,98,8153.2
22920006749000,59,31,28,2247.9
22920006750000,23,12,11,1016.6
22920006751000,43,21,22,2021
22920006752000,54,27,27,1981.8
22920006753000,6,2,4,268.2
22920006754000,8,3,5,286.4
22920006755000,178,97,81,5945.2
22920006814000,1,1,0,0
22920006815000,14,7,7,452.2
22920006831000,1,1,0,0
22920006832000,2,1,1,0
22920006870000,3,2,1,0
22920006871000,1,0,1,0
22920006872000,23,11,12,784.3
22920006873000,2,1,1,0
22920006899000,2,2,0,0
22920006900000,26,16,10,988
22920006901000,25,14,11,1052.5
22920006902000,3,1,2,0
22920006924000,6,4,2,204
22920006925000,43,23,20,1775.9
22920006926000,68,36,32,2835.6
22920006927000,50,27,23,1955
22920006928000,7,5,2,210
22920006989000,7,2,5,366.1
22920007007000,1,0,1,0
22920007008000,1,0,1,0
22920007029000,22,12,10,690.8
22920007040000,360,183,177,11268
22920007044000,8,5,3,280
22920007045000,14,8,6,582.4
22920007046000,21,7,14,638.4
22920007047000,41,20,21,1701.5
22920007048000,72,38,34,2628
22920007049000,486,232,254,17690.4
22920007051000,97,53,44,3036.1
22920007052000,27,14,13,1223.1
22920007057000,42,19,23,2028.6
22920007058000,8,5,3,331.2
22920007059000,28,16,12,954.8
22920007060000,19,9,10,853.1
22920007061000,51,24,27,1938
22920007062000,41,19,22,1586.7
22920007081000,4,1,3,0
22930006553000,2,1,1,0
22930006554000,33,17,16,1280.4
22930006555000,86,40,46,3268
22930006556000,139,73,66,4865
22930006557000,369,199,170,14280.3
22930006558000,1325,651,674,55915
22930006559000,2415,1166,1249,106743
22930006560000,1993,1011,982,76531.2
22930006561000,1849,933,916,73775.1
22930006562000,392,199,193,12936
22930006564000,16,9,7,662.4
22930006565000,31,16,15,1131.5
22930006566000,25,14,11,967.5
22930006571000,7,5,2,364.7
22930006573000,2,1,1,0
22930006581000,3,2,1,0
22930006582000,2,1,1,0
22930006583000,7,2,5,296.1
22930006584000,5,2,3,74
22930006585000,7,4,3,336.7
22930006586000,8,3,5,208
22930006588000,3,3,0,0
22930006589000,8,5,3,363.2
22930006590000,11,5,6,531.3
22930006591000,204,97,107,8914.8
22930006592000,840,418,422,35364
22930006593000,99,61,38,3217.5
22930006594000,5,2,3,102
22930006595000,30,16,14,1056
22930006596000,15,8,7,655.5
22930006597000,5,2,3,227
22930006598000,9,4,5,300.6
22930006599000,10,3,7,361
22930006600000,13,6,7,686.4
22930006601000,12,6,6,428.4
22930006602000,151,74,77,5224.6
22930006603000,222,114,108,6837.6
22930006604000,33,15,18,1280.4
22930006605000,23,14,9,1166.1
22930006606000,356,171,185,16447.2
22930006607000,1246,594,652,52955
22930006608000,228,110,118,9279.6
22930006609000,212,111,101,7526
22930006610000,20,15,5,718
22930006611000,20,13,7,720
22930006612000,5,1,4,147
22930006614000,18,9,9,743.4
22930006615000,2,1,1,0
22930006616000,171,81,90,5950.8
22930006617000,573,291,282,21086.4
22930006618000,6,4,2,208.2
22930006619000,21,13,8,659.4
22930006620000,7,4,3,371
22930006621000,22,11,11,576.4
22930006622000,1,1,0,0
22930006623000,8,4,4,328.8
22930006624000,18,10,8,804.6
22930006625000,30,13,17,1128
22930006626000,22,10,12,844.8
22930006627000,4,2,2,0
22930006630000,3,1,2,0
22930006641000,10,5,5,385
22930006650000,2,1,1,0
22930006651000,9,5,4,511.2
22930006654000,8,6,2,270.4
22930006655000,44,18,26,1883.2
22930006656000,108,55,53,4071.6
22930006657000,237,115,122,10262.1
22930006658000,43,21,22,1556.6
22930006659000,35,20,15,1438.5
22930006661000,1,1,0,0
22930006662000,31,12,19,1078.8
22930006665000,2,1,1,0
22930006666000,1,1,0,0
22930006667000,35,22,13,1347.5
22930006668000,2,1,1,0
22930006669000,27,12,15,1017.9
22930006670000,2,1,1,0
22930006671000,73,47,26,2416.3
22930006672000,26,15,11,1068.6
22930006673000,11,5,6,497.2
22930006674000,17,11,6,504.9
22930006675000,17,11,6,554.2
22930006676000,14,7,7,519.4
22930006677000,57,28,29,1761.3
22930006678000,222,118,104,7947.6
22930006679000,37,22,15,1524.4
22930006688000,19,12,7,638.4
22930006691000,52,29,23,2028
22930006692000,255,133,122,8925
22930006693000,457,216,241,22301.6
22930006694000,644,275,369,33101.6
22930006695000,98,50,48,3684.8
22930006696000,7,3,4,361.2
22930006697000,4,2,2,0
22930006698000,18,9,9,815.4
22930006699000,11,6,5,533.5
22930006700000,10,6,4,492
22930006701000,42,23,19,1486.8
22930006702000,333,158,175,13286.7
22930006703000,25,15,10,895
22930006704000,40,19,21,1548
22930006706000,21,10,11,1056.3
22930006708000,7,3,4,305.2
22930006709000,31,16,15,1100.5
22930006710000,28,16,12,1268.4
22930006711000,1,0,1,0
22930006712000,4,2,2,0
22930006713000,6,3,3,240
22930006714000,14,9,5,484.4
22930006723000,4,1,3,0
22930006724000,2,1,1,0
22930006725000,2,1,1,0
22930006726000,24,11,13,1046.4
22930006727000,48,26,22,2068.8
22930006728000,44,18,26,1364
22930006729000,11,8,3,480.7
22930006730000,16,8,8,777.6
22930006731000,11,7,4,320.1
22930006732000,18,11,7,669.6
22930006733000,5,2,3,202
22930006734000,70,38,32,2786
22930006735000,23,11,12,853.3
22930006736000,238,127,111,8758.4
22930006737000,110,54,56,4092
22930006738000,39,19,20,1563.9
22930006739000,7,4,3,245.7
22930006740000,21,10,11,963.9
22930006741000,15,6,9,445.5
22930006742000,50,24,26,1905
22930006743000,11,4,7,397.1
22930006744000,103,58,45,2987
22930006745000,19,8,11,748.6
22930006746000,24,13,11,895.2
22930006747000,24,12,12,1041.6
22930006748000,72,30,42,2577.6
22930006749000,40,21,19,1520
22930006750000,30,14,16,1017
22930006751000,360,187,173,14148
22930006752000,201,99,102,6592.8
22930006753000,5,3,2,91
22930006754000,9,4,5,421.2
22930006755000,29,13,16,1293.4
22930006756000,67,41,26,2398.6
22930006813000,4,2,2,0
22930006814000,7,4,3,433.3
22930006815000,1,0,1,0
22930006831000,4,2,2,0
22930006866000,3,3,0,0
22930006867000,73,36,37,3343.4
22930006868000,106,48,58,5596.8
22930006869000,17,11,6,843.2
22930006870000,6,3,3,375
22930006871000,11,4,7,456.5
22930006872000,44,26,18,2204.4
22930006873000,9,5,4,390.6
22930006888000,5,3,2,99
22930006889000,4,2,2,0
22930006890000,1,0,1,0
22930006891000,18,12,6,702
22930006892000,34,14,20,1553.8
22930006924000,7,3,4,245
22930006925000,128,61,67,5862.4
22930006926000,347,181,166,14574
22930006927000,25,11,14,940
22930006935000,5,3,2,119
22930006990000,2,1,1,0
22930007012000,7,5,2,205.1
22930007020000,3,2,1,0
22930007029000,9,5,4,302.4
22930007030000,48,27,21,1968
22930007044000,2,1,1,0
22930007045000,57,36,21,2194.5
22930007046000,47,27,20,1475.8
22930007047000,32,12,20,1254.4
22930007048000,55,28,27,2277
22930007049000,116,59,57,3944
22930007050000,77,36,41,3041.5
22930007051000,72,39,33,2649.6
22930007052000,18,11,7,975.6
22930007058000,27,12,15,891
22930007059000,25,14,11,1145
22930007060000,19,12,7,528.2
22930007061000,1,0,1,0
22930007062000,67,36,31,2398.6
22930007063000,17,7,10,761.6
22930007072000,2,2,0,0
22930007086000,6,5,1,201
22930007089000,6,2,4,388.8
22930007154000,1,1,0,0
22930007156000,44,23,21,2411.2
22930007157000,5,2,3,304
22940006550000,3,2,1,0
22940006552000,23,10,13,846.4
22940006553000,164,89,75,5920.4
22940006554000,15,8,7,693
22940006555000,21,8,13,1020.6
22940006556000,14,7,7,704.2
22940006557000,351,169,182,14671.8
22940006558000,418,215,203,16009.4
22940006559000,211,109,102,9284
22940006560000,1274,661,613,48921.6
22940006561000,896,425,471,36556.8
22940006562000,5,3,2,91
22940006563000,2,2,0,0
22940006566000,3,2,1,0
22940006573000,2,1,1,0
22940006577000,2,1,1,0
22940006579000,11,7,4,379.5
22940006580000,14,9,5,501.2
22940006581000,11,4,7,315.7
22940006582000,9,3,6,395.1
22940006583000,21,8,13,932.4
22940006584000,9,5,4,288
22940006585000,55,29,26,2046
22940006586000,39,24,15,1283.1
22940006587000,13,5,8,438.1
22940006588000,22,14,8,979
22940006589000,15,8,7,474
22940006590000,8,6,2,284.8
22940006591000,28,14,14,1083.6
22940006592000,221,102,119,6630
22940006593000,8,3,5,322.4
22940006594000,24,12,12,782.4
22940006595000,23,14,9,943
22940006596000,26,15,11,975
22940006597000,18,9,9,907.2
22940006598000,35,19,16,1085
22940006599000,36,22,14,1396.8
22940006600000,26,10,16,1201.2
22940006601000,67,31,36,2090.4
22940006602000,184,86,98,5556.8
22940006603000,9,4,5,368.1
22940006604000,4,2,2,0
22940006605000,8,2,6,387.2
22940006606000,66,35,31,2686.2
22940006607000,93,56,37,3599.1
22940006608000,35,18,17,1456
22940006609000,9,5,4,235.8
22940006610000,20,12,8,686
22940006611000,3,2,1,0
22940006613000,2,1,1,0
22940006614000,10,5,5,580
22940006616000,14,8,6,520.8
22940006617000,13,6,7,400.4
22940006618000,8,4,4,144
22940006619000,6,3,3,123
22940006620000,18,13,5,646.2
22940006621000,1,1,0,0
22940006625000,5,4,1,120
22940006627000,6,3,3,300
22940006632000,2,1,1,0
22940006641000,4,1,3,0
22940006651000,10,4,6,458
22940006652000,28,11,17,812
22940006653000,42,17,25,1923.6
22940006654000,62,29,33,2616.4
22940006655000,18,6,12,729
22940006656000,64,32,32,2617.6
22940006657000,226,124,102,8859.2
22940006658000,39,19,20,1848.6
22940006659000,3,2,1,0
22940006660000,13,7,6,630.5
22940006661000,33,19,14,1247.4
22940006662000,5,2,3,218
22940006664000,15,9,6,651
22940006665000,3,1,2,0
22940006668000,2,1,1,0
22940006669000,33,16,17,1425.6
22940006670000,18,7,11,750.6
22940006671000,21,11,10,819
22940006672000,1,1,0,0
22940006673000,31,15,16,1150.1
22940006675000,11,7,4,536.8
22940006676000,15,9,6,589.5
22940006677000,6,3,3,282
22940006678000,32,14,18,1203.2
22940006679000,15,6,9,483
22940006685000,10,4,6,431
22940006687000,19,6,13,744.8
22940006688000,3,2,1,0
22940006689000,29,18,11,1122.3
22940006690000,18,10,8,842.4
22940006691000,20,8,12,824
22940006692000,91,43,48,4195.1
22940006693000,527,246,281,19024.7
22940006694000,195,96,99,8814
22940006695000,40,22,18,1276
22940006696000,34,17,17,1203.6
22940006697000,91,44,47,3367
22940006698000,102,47,55,4120.8
22940006699000,91,50,41,3166.8
22940006700000,56,28,28,2413.6
22940006701000,8,6,2,187.2
22940006702000,4,2,2,0
22940006703000,8,5,3,240
22940006704000,3,2,1,0
22940006705000,4,3,1,0
22940006706000,5,2,3,69
22940006709000,3,1,2,0
22940006713000,58,37,21,2325.8
22940006714000,31,19,12,1224.5
22940006717000,10,7,3,310
22940006718000,27,17,10,1017.9
22940006719000,52,21,31,2142.4
22940006720000,11,6,5,514.8
22940006722000,2,1,1,0
22940006723000,10,6,4,327
22940006724000,12,6,6,537.6
22940006725000,20,10,10,980
22940006726000,31,13,18,1150.1
22940006727000,93,46,47,3729.3
22940006728000,14,7,7,534.8
22940006729000,7,3,4,300.3
22940006730000,3,1,2,0
22940006731000,8,2,6,190.4
22940006733000,3,1,2,0
22940006734000,10,5,5,501
22940006735000,7,3,4,363.3
22940006736000,29,14,15,1252.8
22940006737000,20,11,9,686
22940006738000,68,35,33,2733.6
22940006739000,22,9,13,941.6
22940006740000,20,12,8,742
22940006741000,46,24,22,1573.2
22940006742000,4,1,3,0
22940006743000,610,313,297,23485
22940006744000,56,29,27,1909.6
22940006745000,7,3,4,242.9
22940006746000,28,14,14,1271.2
22940006747000,19,8,11,913.9
22940006748000,29,18,11,1113.6
22940006749000,57,31,26,2502.3
22940006750000,35,18,17,1522.5
22940006751000,45,24,21,2061
22940006752000,110,58,52,4048
22940006753000,109,58,51,3597
22940006754000,49,25,24,2102.1
22940006755000,8,2,6,236
22940006756000,2,1,1,0
22940006757000,1,1,0,0
22940006811000,4,3,1,0
22940006812000,7,4,3,345.8
22940006813000,16,8,8,708.8
22940006814000,2,1,1,0
22940006864000,2,1,1,0
22940006865000,17,9,8,766.7
22940006866000,22,13,9,1056
22940006867000,43,24,19,2046.8
22940006868000,16,6,10,889.6
22940006869000,31,16,15,1317.5
22940006870000,25,12,13,885
22940006884000,4,2,2,0
22940006926000,99,50,49,3950.1
22940006927000,15,8,7,724.5
22940006932000,1,0,1,0
22940006936000,2,2,0,0
22940007016000,1,1,0,0
22940007020000,30,16,14,1452
22940007029000,4,2,2,0
22940007038000,6,3,3,204
22940007039000,2,1,1,0
22940007040000,13,6,7,566.8
22940007041000,76,39,37,3116
22940007045000,44,21,23,1632.4
22940007046000,201,107,94,6693.3
22940007047000,60,31,29,2028
22940007048000,66,31,35,2461.8
22940007049000,19,8,11,695.4
22940007050000,21,14,7,762.3
22940007051000,16,11,5,614.4
22940007052000,6,3,3,277.2
22940007055000,1,0,1,0
22940007056000,2,1,1,0
22940007058000,9,6,3,351.9
22940007059000,10,3,7,380
22940007060000,4,3,1,0
22940007061000,8,5,3,383.2
22940007062000,23,14,9,729.1
22940007063000,28,14,14,1517.6
22940007072000,2,1,1,0
22940007089000,1,0,1,0
22940007104000,3,1,2,0
22940007155000,7,3,4,499.1
22940007156000,10,6,4,529
22950006546000,4,2,2,0
22950006547000,25,16,9,1010
22950006548000,30,17,13,1494
22950006549000,79,36,43,3199.5
22950006550000,40,23,17,1580
22950006551000,29,14,15,1093.3
22950006552000,75,39,36,3090
22950006553000,15,8,7,661.5
22950006554000,16,10,6,851.2
22950006555000,38,21,17,1512.4
22950006556000,45,24,21,2259
22950006557000,381,198,183,16649.7
22950006558000,846,401,445,31978.8
22950006559000,262,131,131,9405.8
22950006560000,352,165,187,16720
22950006561000,233,121,112,9133.6
22950006562000,11,5,6,298.1
22950006563000,7,4,3,308
22950006566000,5,3,2,222
22950006567000,9,4,5,170.1
22950006576000,2,1,1,0
22950006577000,11,5,6,482.9
22950006578000,16,7,9,702.4
22950006579000,68,36,32,2577.2
22950006580000,14,7,7,733.6
22950006581000,19,12,7,756.2
22950006582000,9,3,6,386.1
22950006583000,5,3,2,128
22950006584000,1,1,0,0
22950006585000,31,15,16,1230.7
22950006586000,12,7,5,705.6
22950006587000,19,12,7,1121
22950006588000,18,10,8,673.2
22950006590000,5,3,2,221
22950006591000,16,9,7,822.4
22950006592000,2,1,1,0
22950006593000,12,6,6,409.2
22950006594000,30,15,15,1032
22950006595000,2,1,1,0
22950006598000,22,11,11,862.4
22950006599000,33,16,17,910.8
22950006600000,41,16,25,1631.8
22950006601000,14,6,8,911.4
22950006602000,19,11,8,934.8
22950006603000,53,31,22,1833.8
22950006604000,27,13,14,823.5
22950006605000,11,5,6,530.2
22950006606000,20,9,11,744
22950006607000,24,16,8,799.2
22950006608000,18,10,8,772.2
22950006609000,30,17,13,1065
22950006610000,5,2,3,109
22950006611000,3,2,1,0
22950006612000,11,6,5,597.3
22950006613000,20,9,11,730
22950006614000,19,10,9,900.6
22950006615000,6,4,2,144
22950006616000,15,8,7,805.5
22950006617000,35,18,17,1284.5
22950006618000,1,0,1,0
22950006619000,1,1,0,0
22950006620000,15,7,8,837
22950006621000,13,7,6,704.6
22950006629000,2,1,1,0
22950006630000,14,8,6,456.4
22950006631000,11,5,6,430.1
22950006635000,14,8,6,618.8
22950006636000,25,13,12,1060
22950006637000,1,0,1,0
22950006638000,1,0,1,0
22950006639000,4,3,1,0
22950006640000,3,1,2,0
22950006648000,3,1,2,0
22950006649000,3,1,2,0
22950006650000,11,5,6,572
22950006651000,35,17,18,1617
22950006652000,15,6,9,619.5
22950006653000,14,8,6,533.4
22950006654000,3,0,3,0
22950006655000,33,15,18,1395.9
22950006656000,4,1,3,0
22950006657000,71,36,35,3074.3
22950006658000,12,5,7,522
22950006659000,112,58,54,4088
22950006660000,333,171,162,12820.5
22950006661000,71,40,31,2591.5
22950006662000,8,5,3,362.4
22950006663000,20,12,8,674
22950006664000,22,13,9,921.8
22950006665000,5,2,3,184
22950006669000,2,0,2,0
22950006670000,3,2,1,0
22950006671000,16,8,8,660.8
22950006672000,17,8,9,683.4
22950006673000,27,14,13,861.3
22950006674000,10,5,5,475
22950006675000,2,1,1,0
22950006676000,26,13,13,897
22950006677000,12,8,4,513.6
22950006679000,15,6,9,757.5
22950006681000,1,1,0,0
22950006682000,4,2,2,0
22950006683000,19,11,8,718.2
22950006684000,28,15,13,1184.4
22950006685000,46,24,22,1817
22950006686000,13,8,5,457.6
22950006687000,13,9,4,455
22950006688000,5,2,3,145
22950006690000,8,6,2,288
22950006691000,136,71,65,5684.8
22950006692000,538,280,258,21251
22950006693000,192,104,88,8870.4
22950006694000,494,234,260,21390.2
22950006695000,63,34,29,2192.4
22950006696000,15,8,7,592.5
22950006697000,7,4,3,158.2
22950006701000,3,2,1,0
22950006705000,15,7,8,700.5
22950006708000,14,4,10,439.6
22950006709000,1,1,0,0
22950006712000,3,1,2,0
22950006718000,38,22,16,1630.2
22950006719000,56,28,28,2200.8
22950006720000,50,27,23,2185
22950006721000,77,39,38,3688.3
22950006722000,2,2,0,0
22950006724000,16,8,8,664
22950006725000,342,171,171,14979.6
22950006726000,93,44,49,3459.6
22950006727000,1,1,0,0
22950006736000,12,6,6,519.6
22950006737000,163,85,78,6748.2
22950006738000,53,27,26,2252.5
22950006739000,30,15,15,843
22950006740000,15,8,7,495
22950006741000,23,10,13,1044.2
22950006742000,17,9,8,872.1
22950006743000,197,93,104,7289
22950006744000,151,75,76,6462.8
22950006745000,17,11,6,588.2
22950006746000,39,19,20,1259.7
22950006747000,4,3,1,0
22950006748000,2,1,1,0
22950006749000,36,22,14,1533.6
22950006750000,31,17,14,1333
22950006751000,30,18,12,1392
22950006752000,31,16,15,973.4
22950006753000,36,18,18,1476
22950006754000,115,65,50,4968
22950006755000,61,30,31,2677.9
22950006756000,11,6,5,550
22950006757000,16,9,7,756.8
22950006784000,4,2,2,0
22950006810000,1,1,0,0
22950006811000,7,5,2,186.2
22950006857000,2,1,1,0
22950006858000,6,3,3,298.2
22950006859000,1,1,0,0
22950006860000,9,4,5,426.6
22950006861000,3,3,0,0
22950006862000,2,1,1,0
22950006864000,4,2,2,0
22950006866000,1,0,1,0
22950006867000,32,18,14,1507.2
22950006875000,17,11,6,608.6
22950006876000,31,17,14,1432.2
22950006877000,16,10,6,870.4
22950006881000,7,4,3,252
22950006882000,15,9,6,469.5
22950006883000,2,1,1,0
22950006884000,7,4,3,252
22950006926000,20,7,13,726
22950006937000,1,1,0,0
22950006938000,10,5,5,347
22950006987000,8,3,5,303.2
22950006989000,3,2,1,0
22950007013000,4,1,3,0
22950007014000,9,6,3,314.1
22950007016000,7,3,4,314.3
22950007019000,1,0,1,0
22950007020000,55,31,24,2629
22950007038000,14,7,7,516.6
22950007039000,9,5,4,450
22950007040000,194,96,98,5567.8
22950007041000,557,275,282,16320.1
22950007044000,71,38,33,2470.8
22950007045000,359,176,183,12349.6
22950007046000,241,127,114,10170.2
22950007047000,19,11,8,571.9
22950007048000,25,10,15,1005
22950007052000,27,13,14,1042.2
22950007055000,1,1,0,0
22950007056000,2,1,1,0
22950007057000,8,6,2,338.4
22950007059000,2,1,1,0
22950007060000,8,5,3,323.2
22950007062000,10,5,5,547
22950007063000,5,4,1,217
22950007064000,16,9,7,576
22950007088000,3,2,1,0
22950007090000,6,3,3,274.8
22950007106000,2,2,0,0
22950007153000,4,3,1,0
22950007154000,27,14,13,1236.6
22950007155000,4,3,1,0
22960006546000,9,3,6,372.6
22960006547000,41,25,16,1705.6
22960006548000,14,8,6,492.8
22960006550000,17,11,6,652.8
22960006551000,2,1,1,0
22960006552000,41,23,18,1398.1
22960006553000,11,7,4,455.4
22960006554000,64,29,35,2412.8
22960006555000,12,7,5,499.2
22960006556000,48,24,24,1790.4
22960006557000,205,91,114,8405
22960006558000,314,157,157,12560
22960006559000,1514,771,743,57380.6
22960006560000,933,478,455,38532.9
22960006561000,61,28,33,2135
22960006562000,81,39,42,2502.9
22960006568000,19,7,12,731.5
22960006569000,4,2,2,0
22960006570000,3,2,1,0
22960006572000,4,1,3,0
22960006573000,3,2,1,0
22960006574000,2,1,1,0
22960006575000,5,4,1,137
22960006576000,9,4,5,361.8
22960006577000,14,8,6,642.6
22960006578000,11,6,5,584.1
22960006579000,10,4,6,402
22960006580000,5,1,4,181
22960006581000,14,5,9,620.2
22960006582000,61,31,30,2171.6
22960006583000,12,4,8,691.2
22960006584000,88,48,40,2912.8
22960006585000,242,118,124,11664.4
22960006586000,37,20,17,1232.1
22960006587000,12,6,6,465.6
22960006589000,6,4,2,235.2
22960006590000,15,7,8,669
22960006591000,29,18,11,1374.6
22960006592000,26,13,13,863.2
22960006593000,10,4,6,310
22960006595000,7,2,5,181.3
22960006596000,1,1,0,0
22960006598000,9,4,5,361.8
22960006599000,19,10,9,697.3
22960006600000,23,13,10,860.2
22960006601000,2,1,1,0
22960006602000,33,23,10,1709.4
22960006603000,67,36,31,2887.7
22960006604000,7,3,4,235.2
22960006605000,30,20,10,996
22960006606000,21,10,11,890.4
22960006607000,42,20,22,1768.2
22960006608000,30,15,15,1110
22960006609000,15,9,6,556.5
22960006610000,12,10,2,477.6
22960006611000,40,19,21,1292
22960006612000,3,1,2,0
22960006613000,15,7,8,625.5
22960006614000,17,10,7,712.3
22960006615000,5,3,2,231
22960006616000,1,1,0,0
22960006617000,7,2,5,245
22960006620000,25,16,9,1175
22960006627000,4,3,1,0
22960006628000,6,3,3,351
22960006629000,17,9,8,695.3
22960006630000,1,1,0,0
22960006634000,3,1,2,0
22960006635000,41,17,24,1779.4
22960006636000,33,23,10,910.8
22960006637000,5,3,2,246
22960006638000,21,10,11,646.8
22960006639000,3,2,1,0
22960006647000,7,5,2,224
22960006648000,7,3,4,230.3
22960006649000,17,7,10,678.3
22960006650000,12,5,7,446.4
22960006651000,35,19,16,1603
22960006652000,5,3,2,132
22960006653000,103,53,50,4058.2
22960006654000,384,203,181,13708.8
22960006655000,1,1,0,0
22960006656000,4,3,1,0
22960006657000,17,11,6,933.3
22960006658000,4,2,2,0
22960006659000,2,1,1,0
22960006660000,413,204,209,16313.5
22960006661000,9,3,6,321.3
22960006662000,13,5,8,465.4
22960006663000,29,16,13,1595
22960006664000,16,8,8,905.6
22960006665000,5,2,3,224
22960006669000,24,13,11,710.4
22960006670000,1857,938,919,52738.8
22960006671000,61,34,27,2074
22960006672000,14,6,8,450.8
22960006673000,17,9,8,615.4
22960006674000,7,4,3,366.1
22960006676000,7,3,4,275.8
22960006677000,10,7,3,276
22960006679000,33,15,18,1521.3
22960006680000,354,184,170,13098
22960006681000,51,30,21,2111.4
22960006682000,29,15,14,1186.1
22960006683000,6,4,2,223.8
22960006685000,4,1,3,0
22960006686000,1,1,0,0
22960006687000,52,28,24,1981.2
22960006688000,14,8,6,635.6
22960006689000,10,6,4,496
22960006691000,12,5,7,308.4
22960006692000,8,4,4,384
22960006693000,84,41,43,2587.2
22960006694000,203,108,95,6150.9
22960006700000,12,6,6,339.6
22960006701000,9,6,3,303.3
22960006708000,2,1,1,0
22960006720000,32,14,18,1545.6
22960006721000,28,16,12,996.8
22960006722000,2,0,2,0
22960006723000,57,31,26,2166
22960006724000,17,9,8,748
22960006725000,88,46,42,3344
22960006726000,49,31,18,2058
22960006727000,2,1,1,0
22960006736000,2,1,1,0
22960006737000,119,61,58,4676.7
22960006738000,308,160,148,10718.4
22960006739000,13,6,7,548.6
22960006740000,31,19,12,1453.9
22960006741000,22,10,12,836
22960006742000,39,22,17,1817.4
22960006743000,30,19,11,1080
22960006744000,15,6,9,450
22960006745000,22,11,11,1001
22960006746000,17,8,9,768.4
22960006747000,13,3,10,487.5
22960006748000,12,5,7,601.2
22960006749000,32,16,16,1068.8
22960006750000,23,11,12,791.2
22960006751000,32,17,15,1238.4
22960006752000,20,9,11,838
22960006753000,29,14,15,1073
22960006754000,23,11,12,1163.8
22960006755000,9,4,5,324
22960006809000,4,3,1,0
22960006843000,2,1,1,0
22960006854000,9,4,5,458.1
22960006855000,12,8,4,690
22960006856000,31,17,14,1184.2
22960006857000,65,33,32,3334.5
22960006858000,7,4,3,275.8
22960006859000,6,5,1,214.8
22960006876000,7,4,3,282.1
22960006877000,47,25,22,1880
22960006878000,1,0,1,0
22960006926000,2,1,1,0
22960006927000,13,8,5,496.6
22960006938000,3,2,1,0
22960006939000,1,1,0,0
22960006942000,7,4,3,235.2
22960006943000,5,3,2,203
22960006987000,18,9,9,604.8
22960007004000,4,2,2,0
22960007012000,10,6,4,491
22960007013000,16,7,9,889.6
22960007014000,71,40,31,3131.1
22960007015000,28,13,15,1078
22960007016000,3,2,1,0
22960007019000,31,21,10,1475.6
22960007020000,132,73,59,4870.8
22960007036000,7,4,3,298.9
22960007037000,14,7,7,632.8
22960007038000,38,22,16,1250.2
22960007039000,46,24,22,1674.4
22960007040000,421,221,200,14650.8
22960007041000,391,193,198,13372.2
22960007043000,241,117,124,10049.7
22960007044000,2006,947,1059,91273
22960007045000,1155,579,576,44005.5
22960007046000,74,36,38,3211.6
22960007047000,22,13,9,1003.2
22960007048000,4,1,3,0
22960007053000,3,2,1,0
22960007055000,2,1,1,0
22960007056000,21,11,10,651
22960007058000,8,5,3,490.4
22960007060000,12,5,7,600
22960007061000,3,2,1,0
22960007062000,1,0,1,0
22960007063000,5,2,3,111
22960007066000,1,1,0,0
22960007090000,15,7,8,637.5
22960007091000,2,1,1,0
22960007154000,64,30,34,2412.8
22960007155000,68,40,28,2726.8
22960007156000,9,7,2,284.4
22960007157000,7,4,3,373.1
22970006539000,2,2,0,0
22970006545000,1,0,1,0
22970006546000,8,4,4,351.2
22970006549000,8,3,5,274.4
22970006550000,3,2,1,0
22970006551000,1,0,1,0
22970006553000,49,25,24,1705.2
22970006554000,60,32,28,2256
22970006555000,3,2,1,0
22970006556000,11,6,5,306.9
22970006557000,3,2,1,0
22970006558000,94,54,40,3703.6
22970006559000,89,48,41,4165.2
22970006560000,25,13,12,1360
22970006561000,43,21,22,1840.4
22970006562000,20,9,11,886
22970006568000,4,3,1,0
22970006572000,6,3,3,178.8
22970006573000,3,1,2,0
22970006574000,13,7,6,569.4
22970006575000,6,3,3,211.2
22970006577000,2,2,0,0
22970006579000,10,7,3,493
22970006580000,17,10,7,664.7
22970006581000,11,8,3,421.3
22970006582000,3,2,1,0
22970006583000,17,10,7,960.5
22970006584000,12,5,7,439.2
22970006585000,11,6,5,561
22970006586000,6,2,4,184.8
22970006588000,2,1,1,0
22970006589000,11,5,6,500.5
22970006591000,28,12,16,910
22970006592000,9,3,6,236.7
22970006593000,9,5,4,216.9
22970006594000,1,1,0,0
22970006605000,10,5,5,316
22970006606000,37,23,14,1309.8
22970006607000,54,26,28,2235.6
22970006608000,3,1,2,0
22970006610000,16,7,9,496
22970006611000,6,2,4,196.8
22970006612000,17,9,8,663
22970006613000,118,62,56,4425
22970006614000,104,55,49,4243.2
22970006615000,23,15,8,793.5
22970006616000,10,6,4,343
22970006617000,11,5,6,540.1
22970006618000,17,9,8,511.7
22970006619000,13,7,6,647.4
22970006620000,2,1,1,0
22970006622000,7,5,2,207.2
22970006623000,29,16,13,1142.6
22970006624000,27,16,11,1077.3
22970006625000,31,18,13,1534.5
22970006626000,24,13,11,1063.2
22970006627000,32,16,16,1196.8
22970006628000,4,2,2,0
22970006629000,9,7,2,331.2
22970006633000,3,2,1,0
22970006634000,7,4,3,251.3
22970006635000,232,114,118,9512
22970006636000,9,6,3,298.8
22970006646000,4,2,2,0
22970006647000,43,34,9,1625.4
22970006648000,23,11,12,763.6
22970006649000,50,28,22,2065
22970006650000,13,10,3,499.2
22970006651000,52,24,28,2277.6
22970006652000,63,29,34,2286.9
22970006653000,69,35,34,2746.2
22970006654000,233,113,120,7595.8
22970006655000,72,38,34,2505.6
22970006656000,51,21,30,3075.3
22970006657000,38,20,18,1592.2
22970006658000,1,1,0,0
22970006659000,101,51,50,3171.4
22970006660000,1557,791,766,55273.5
22970006661000,315,161,154,12127.5
22970006662000,31,14,17,1100.5
22970006663000,18,15,3,684
22970006664000,22,11,11,994.4
22970006665000,16,9,7,616
22970006666000,10,6,4,560
22970006667000,23,11,12,821.1
22970006668000,29,16,13,1310.8
22970006669000,109,56,53,3989.4
22970006670000,40,15,25,1480
22970006671000,28,14,14,1103.2
22970006672000,36,21,15,1317.6
22970006673000,26,13,13,1266.2
22970006674000,19,10,9,837.9
22970006676000,22,14,8,1018.6
22970006677000,15,9,6,670.5
22970006678000,14,7,7,701.4
22970006679000,48,22,26,2116.8
22970006680000,100,58,42,3770
22970006681000,11,5,6,555.5
22970006682000,11,5,6,287.1
22970006683000,10,6,4,417
22970006684000,15,9,6,475.5
22970006685000,24,13,11,993.6
22970006686000,28,16,12,887.6
22970006687000,34,15,19,1234.2
22970006688000,31,17,14,1581
22970006689000,6,2,4,229.2
22970006693000,5,2,3,172
22970006694000,45,22,23,1980
22970006695000,40,23,17,1360
22970006696000,43,20,23,1763
22970006697000,17,6,11,481.1
22970006710000,2,1,1,0
22970006711000,9,4,5,369.9
22970006712000,14,8,6,781.2
22970006713000,3,1,2,0
22970006723000,81,42,39,3596.4
22970006726000,31,14,17,1147
22970006727000,6,4,2,277.8
22970006728000,3,1,2,0
22970006729000,9,6,3,264.6
22970006730000,17,11,6,763.3
22970006731000,5,3,2,135
22970006732000,12,6,6,625.2
22970006733000,15,7,8,570
22970006734000,27,14,13,1231.2
22970006735000,21,10,11,1045.8
22970006736000,36,19,17,1310.4
22970006737000,12,8,4,418.8
22970006738000,88,35,53,3784
22970006739000,116,55,61,4234
22970006740000,217,109,108,10003.7
22970006741000,32,18,14,1225.6
22970006742000,74,38,36,3441
22970006743000,15,6,9,415.5
22970006744000,5,2,3,179
22970006745000,40,19,21,1536
22970006746000,24,13,11,1060.8
22970006747000,17,8,9,758.2
22970006748000,30,14,16,951
22970006749000,53,31,22,2310.8
22970006750000,4,2,2,0
22970006753000,6,3,3,208.8
22970006754000,2,1,1,0
22970006808000,6,3,3,286.2
22970006810000,1,0,1,0
22970006830000,11,6,5,390.5
22970006840000,1,1,0,0
22970006841000,2,1,1,0
22970006842000,1,1,0,0
22970006843000,7,4,3,357
22970006844000,2,1,1,0
22970006852000,8,4,4,188
22970006853000,63,35,28,3244.5
22970006854000,9,4,5,297
22970006855000,7,3,4,324.1
22970006856000,7,3,4,349.3
22970006857000,7,3,4,490.7
22970006926000,7,3,4,291.2
22970006927000,13,8,5,552.5
22970006938000,27,12,15,947.7
22970006939000,27,16,11,1044.9
22970006941000,5,2,3,147
22970006942000,9,4,5,312.3
22970006987000,10,4,6,625
22970006996000,3,2,1,0
22970007013000,3,1,2,0
22970007014000,77,38,39,3287.9
22970007015000,67,35,32,2968.1
22970007016000,53,32,21,1812.6
22970007017000,3,2,1,0
22970007020000,21,12,9,858.9
22970007021000,11,6,5,704
22970007036000,30,18,12,1143
22970007037000,87,43,44,3375.6
22970007038000,9,5,4,338.4
22970007039000,31,13,18,1354.7
22970007040000,152,75,77,5776
22970007041000,67,38,29,2693.4
22970007042000,5,3,2,183
22970007043000,88,44,44,3132.8
22970007044000,2365,1126,1239,109263
22970007045000,1485,718,767,61330.5
22970007046000,278,132,146,10341.6
22970007054000,17,8,9,581.4
22970007055000,14,6,8,415.8
22970007056000,14,6,8,625.8
22970007057000,12,5,7,500.4
22970007058000,38,17,21,1782.2
22970007059000,4,2,2,0
22970007060000,3,1,2,0
22970007061000,1,1,0,0
22970007062000,1,1,0,0
22970007091000,19,11,8,932.9
22970007154000,9,5,4,348.3
22970007155000,8,3,5,299.2
22970007156000,8,5,3,492
22970007157000,5,4,1,272
22970007159000,6,4,2,180
22980006533000,2,1,1,0
22980006535000,6,3,3,220.8
22980006536000,4,2,2,0
22980006537000,2,1,1,0
22980006541000,11,6,5,432.3
22980006542000,10,5,5,428
22980006544000,4,2,2,0
22980006545000,15,9,6,625.5
22980006546000,2,1,1,0
22980006547000,4,1,3,0
22980006550000,7,4,3,212.8
22980006551000,47,24,23,2072.7
22980006552000,54,26,28,1782
22980006558000,10,5,5,313
22980006559000,2,1,1,0
22980006562000,6,2,4,142.8
22980006563000,7,2,5,273
22980006569000,5,3,2,237
22980006570000,17,11,6,666.4
22980006571000,11,6,5,319
22980006573000,1,1,0,0
22980006574000,12,6,6,454.8
22980006575000,23,14,9,752.1
22980006576000,7,4,3,357.7
22980006577000,2,1,1,0
22980006578000,5,4,1,193
22980006579000,11,6,5,312.4
22980006580000,2,1,1,0
22980006581000,7,4,3,272.3
22980006585000,11,6,5,348.7
22980006586000,5,3,2,251
22980006587000,10,7,3,281
22980006588000,12,6,6,312
22980006589000,28,15,13,770
22980006590000,21,12,9,808.5
22980006591000,14,7,7,425.6
22980006592000,9,6,3,387
22980006593000,23,14,9,784.3
22980006594000,16,7,9,420.8
22980006604000,20,12,8,800
22980006605000,25,14,11,782.5
22980006606000,32,19,13,944
22980006607000,15,8,7,538.5
22980006608000,3,2,1,0
22980006611000,5,2,3,192
22980006612000,22,13,9,884.4
22980006613000,42,23,19,1495.2
22980006614000,8,5,3,279.2
22980006616000,22,13,9,605
22980006617000,8,3,5,283.2
22980006618000,16,11,5,708.8
22980006621000,1,1,0,0
22980006622000,18,10,8,822.6
22980006623000,20,8,12,810
22980006624000,1,0,1,0
22980006625000,19,10,9,832.2
22980006626000,47,19,28,1800.1
22980006627000,22,10,12,948.2
22980006629000,6,4,2,166.8
22980006630000,27,14,13,1171.8
22980006631000,12,6,6,504
22980006632000,29,16,13,852.6
22980006633000,11,6,5,603.9
22980006634000,44,22,22,1641.2
22980006635000,316,162,154,11755.2
22980006636000,3,2,1,0
22980006637000,2,1,1,0
22980006647000,10,5,5,258
22980006648000,16,10,6,572.8
22980006649000,69,39,30,2249.4
22980006650000,32,15,17,1312
22980006651000,79,35,44,2528
22980006652000,11,7,4,331.1
22980006654000,20,10,10,804
22980006655000,12,6,6,505.2
22980006656000,10,6,4,453
22980006657000,132,69,63,5016
22980006658000,14,5,9,739.2
22980006659000,11,4,7,433.4
22980006661000,19,12,7,955.7
22980006662000,146,81,65,5212.2
22980006663000,163,85,78,6585.2
22980006664000,10,7,3,496
22980006665000,2,1,1,0
22980006666000,3,2,1,0
22980006668000,215,102,113,9116
22980006669000,462,226,236,14645.4
22980006670000,13,7,6,396.5
22980006671000,49,26,23,2170.7
22980006672000,12,5,7,795.6
22980006673000,5,2,3,99
22980006674000,37,22,15,1513.3
22980006675000,67,36,31,2586.2
22980006676000,12,4,8,555.6
22980006677000,1,1,0,0
22980006678000,11,6,5,525.8
22980006679000,6,3,3,222
22980006680000,16,7,9,902.4
22980006681000,11,5,6,438.9
22980006682000,17,11,6,727.6
22980006683000,12,6,6,636
22980006684000,35,19,16,1638
22980006693000,1,1,0,0
22980006694000,10,5,5,461
22980006696000,24,15,9,1010.4
22980006697000,53,29,24,1976.9
22980006698000,39,16,23,1532.7
22980006711000,5,4,1,69
22980006712000,1,0,1,0
22980006723000,17,7,10,459
22980006724000,19,9,10,818.9
22980006725000,3,2,1,0
22980006726000,4,3,1,0
22980006727000,7,4,3,308
22980006728000,3,2,1,0
22980006729000,7,3,4,314.3
22980006730000,28,11,17,1139.6
22980006731000,3,1,2,0
22980006733000,4,2,2,0
22980006734000,4,3,1,0
22980006735000,9,4,5,440.1
22980006736000,8,5,3,152.8
22980006737000,8,7,1,215.2
22980006738000,145,57,88,6438
22980006739000,141,69,72,6443.7
22980006740000,13,6,7,708.5
22980006741000,46,22,24,1669.8
22980006742000,19,5,14,701.1
22980006743000,49,26,23,1798.3
22980006744000,31,16,15,1435.3
22980006745000,83,42,41,3344.9
22980006746000,23,14,9,1000.5
22980006747000,12,6,6,506.4
22980006748000,55,30,25,2233
22980006749000,113,54,59,5186.7
22980006750000,15,9,6,664.5
22980006751000,54,25,29,1771.2
22980006752000,41,21,20,1566.2
22980006753000,15,6,9,849
22980006754000,14,6,8,656.6
22980006779000,2,1,1,0
22980006806000,1,1,0,0
22980006807000,6,4,2,375
22980006808000,8,4,4,411.2
22980006844000,1,1,0,0
22980006845000,8,5,3,294.4
22980006846000,8,5,3,372
22980006847000,17,10,7,593.3
22980006848000,19,12,7,944.3
22980006849000,23,13,10,979.8
22980006850000,4,2,2,0
22980006851000,11,6,5,467.5
22980006852000,75,38,37,3532.5
22980006853000,158,65,93,9037.6
22980006854000,22,12,10,957
22980006855000,7,3,4,266.7
22980006938000,14,9,5,600.6
22980006939000,16,9,7,486.4
22980006941000,15,6,9,763.5
22980006942000,10,6,4,299
22980006986000,5,3,2,313
22980007007000,2,1,1,0
22980007014000,16,5,11,440
22980007015000,45,23,22,1935
22980007016000,63,27,36,2412.9
22980007021000,55,31,24,2007.5
22980007035000,26,11,15,912.6
22980007036000,16,7,9,489.6
22980007037000,23,13,10,832.6
22980007038000,70,39,31,2296
22980007039000,87,46,41,3445.2
22980007040000,35,18,17,1571.5
22980007041000,250,123,127,9150
22980007042000,78,40,38,3260.4
22980007043000,280,142,138,11088
22980007044000,778,384,394,27463.4
22980007045000,1458,730,728,53800.2
22980007046000,399,202,197,13845.3
22980007047000,61,27,34,2318
22980007053000,3,2,1,0
22980007054000,8,4,4,206.4
22980007055000,5,3,2,212
22980007056000,12,6,6,463.2
22980007057000,22,13,9,935
22980007058000,17,10,7,817.7
22980007059000,13,7,6,462.8
22980007060000,20,14,6,768
22980007068000,6,4,2,214.2
22980007074000,2,1,1,0
22980007091000,6,2,4,325.8
22980007092000,17,9,8,673.2
22980007102000,5,2,3,281
22980007144000,15,9,6,901.5
22980007152000,5,2,3,248
22980007155000,4,2,2,0
22980007160000,12,5,7,297.6
22980007162000,1,0,1,0
22980007186000,1,0,1,0
22980007200000,5,2,3,104
22990006531000,1,1,0,0
22990006532000,4,2,2,0
22990006533000,7,4,3,301.7
22990006534000,14,8,6,611.8
22990006535000,40,17,23,1696
22990006536000,19,11,8,528.2
22990006537000,30,14,16,1377
22990006538000,10,4,6,414
22990006539000,12,5,7,594
22990006540000,13,7,6,560.3
22990006541000,11,4,7,449.9
22990006542000,10,5,5,393
22990006543000,22,8,14,767.8
22990006546000,16,8,8,604.8
22990006547000,32,16,16,1372.8
22990006549000,3,1,2,0
22990006551000,10,4,6,482
22990006552000,4,1,3,0
22990006564000,2,1,1,0
22990006568000,9,4,5,252
22990006571000,16,10,6,654.4
22990006572000,6,3,3,304.2
22990006573000,1,1,0,0
22990006574000,1,1,0,0
22990006576000,7,5,2,184.8
22990006582000,9,4,5,437.4
22990006583000,17,11,6,465.8
22990006584000,19,11,8,558.6
22990006585000,15,9,6,820.5
22990006586000,18,11,7,673.2
22990006587000,63,36,27,2595.6
22990006588000,28,20,8,826
22990006589000,16,10,6,532.8
22990006590000,3,3,0,0
22990006592000,5,2,3,97
22990006603000,9,6,3,278.1
22990006604000,11,7,4,275
22990006605000,44,21,23,1443.2
22990006606000,37,18,19,1291.3
22990006607000,52,31,21,2329.6
22990006608000,22,14,8,847
22990006609000,3,3,0,0
22990006610000,5,2,3,343
22990006611000,5,2,3,114
22990006612000,13,7,6,471.9
22990006613000,13,6,7,443.3
22990006616000,31,15,16,1336.1
22990006617000,11,5,6,612.7
22990006618000,10,6,4,383
22990006621000,1,1,0,0
22990006622000,2,1,1,0
22990006623000,8,4,4,182.4
22990006624000,8,5,3,272
22990006625000,50,27,23,1920
22990006626000,17,9,8,967.3
22990006627000,11,5,6,489.5
22990006628000,29,15,14,1342.7
22990006629000,24,8,16,806.4
22990006630000,11,6,5,401.5
22990006631000,10,6,4,177
22990006632000,12,6,6,337.2
22990006635000,37,21,16,1498.5
22990006636000,5,3,2,235
22990006646000,13,8,5,626.6
22990006647000,15,9,6,763.5
22990006648000,8,4,4,440.8
22990006649000,14,7,7,561.4
22990006650000,44,25,19,1610.4
22990006651000,12,5,7,478.8
22990006656000,7,2,5,308.7
22990006657000,33,19,14,1646.7
22990006658000,51,31,20,2193
22990006659000,31,16,15,1072.6
22990006660000,19,11,8,978.5
22990006661000,22,9,13,767.8
22990006662000,30,16,14,1107
22990006663000,368,186,182,14241.6
22990006664000,59,32,27,1988.3
22990006665000,11,4,7,434.5
22990006666000,6,4,2,199.2
22990006667000,27,12,15,1161
22990006668000,95,54,41,4142
22990006669000,15,6,9,579
22990006670000,17,10,7,537.2
22990006671000,6,3,3,208.8
22990006672000,52,27,25,2028
22990006673000,20,8,12,568
22990006674000,42,21,21,1621.2
22990006675000,9,3,6,392.4
22990006677000,4,3,1,0
22990006678000,3,1,2,0
22990006679000,10,5,5,488
22990006680000,137,66,71,5151.2
22990006681000,197,101,96,6737.4
22990006682000,104,50,54,4149.6
22990006683000,38,20,18,1683.4
22990006684000,4,1,3,0
22990006696000,54,27,27,2386.8
22990006697000,22,12,10,1062.6
22990006698000,27,15,12,1134
22990006699000,6,5,1,252
22990006700000,8,3,5,323.2
22990006713000,2,1,1,0
22990006714000,1,0,1,0
22990006724000,10,5,5,599
22990006725000,6,3,3,427.8
22990006726000,23,13,10,1184.5
22990006727000,14,8,6,743.4
22990006728000,16,9,7,691.2
22990006729000,10,5,5,497
22990006730000,15,7,8,565.5
22990006731000,14,7,7,560
22990006732000,14,8,6,740.6
22990006733000,6,3,3,298.8
22990006734000,48,25,23,1833.6
22990006735000,51,28,23,1851.3
22990006736000,13,9,4,509.6
22990006737000,39,21,18,1852.5
22990006738000,21,8,13,699.3
22990006739000,5,3,2,325
22990006740000,19,8,11,957.6
22990006744000,195,104,91,7176
22990006745000,186,89,97,7663.2
22990006746000,43,17,26,1797.4
22990006747000,36,24,12,1256.4
22990006748000,106,50,56,4240
22990006749000,505,249,256,21917
22990006750000,29,17,12,1162.9
22990006751000,22,11,11,952.6
22990006752000,54,22,32,1771.2
22990006753000,40,23,17,1644
22990006754000,48,26,22,1958.4
22990006755000,14,9,5,725.2
22990006756000,10,4,6,375
22990006757000,3,2,1,0
22990006779000,9,6,3,327.6
22990006783000,11,7,4,507.1
22990006784000,5,1,4,190
22990006802000,6,4,2,351
22990006803000,11,4,7,460.9
22990006804000,5,4,1,210
22990006805000,9,5,4,433.8
22990006806000,7,4,3,434.7
22990006807000,1,0,1,0
22990006831000,3,2,1,0
22990006837000,1,0,1,0
22990006840000,4,2,2,0
22990006842000,3,2,1,0
22990006843000,11,5,6,543.4
22990006844000,22,11,11,1111
22990006845000,75,35,40,2910
22990006846000,42,19,23,2431.8
22990006848000,7,3,4,256.2
22990006849000,33,16,17,1438.8
22990006850000,27,14,13,1328.4
22990006851000,15,5,10,628.5
22990006852000,18,8,10,847.8
22990006853000,14,8,6,649.6
22990006854000,12,4,8,490.8
22990006929000,5,2,3,191
22990006930000,2,1,1,0
22990006937000,9,5,4,336.6
22990006938000,26,12,14,1047.8
22990006939000,107,53,54,4290.7
22990006940000,53,32,21,2241.9
22990006941000,37,19,18,1554
22990006942000,2,1,1,0
22990006986000,10,5,5,445
22990007014000,10,5,5,471
22990007015000,3,2,1,0
22990007016000,4,2,2,0
22990007021000,38,22,16,1512.4
22990007022000,14,8,6,502.6
22990007035000,14,10,4,446.6
22990007038000,1,1,0,0
22990007039000,10,6,4,374
22990007040000,67,39,28,2050.2
22990007041000,90,48,42,3060
22990007042000,248,128,120,9126.4
22990007043000,132,73,59,4989.6
22990007044000,95,42,53,3325
22990007045000,608,315,293,19456
22990007046000,30,19,11,1335
22990007047000,26,11,15,855.4
22990007048000,1,1,0,0
22990007053000,19,14,5,803.7
22990007056000,16,8,8,531.2
22990007057000,17,9,8,627.3
22990007058000,26,12,14,1050.4
22990007059000,53,29,24,2226
22990007060000,15,10,5,480
22990007074000,7,4,3,266
22990007075000,1,1,0,0
22990007092000,19,10,9,1086.8
22990007102000,18,9,9,637.2
22990007141000,3,1,2,0
22990007145000,2,1,1,0
22990007155000,1,0,1,0
22990007158000,6,3,3,259.8
22990007159000,1,1,0,0
22990007160000,3,1,2,0
22990007200000,6,2,4,271.8
23000006531000,2,1,1,0
23000006532000,5,2,3,240
23000006533000,2,1,1,0
23000006534000,4,3,1,0
23000006535000,10,5,5,302
23000006536000,1,1,0,0
23000006537000,5,4,1,257
23000006539000,12,4,8,396
23000006540000,10,5,5,468
23000006541000,7,5,2,207.9
23000006542000,6,4,2,277.8
23000006544000,39,23,16,1723.8
23000006545000,14,7,7,509.6
23000006546000,12,7,5,488.4
23000006547000,34,18,16,1217.2
23000006548000,1,1,0,0
23000006551000,1,0,1,0
23000006552000,4,2,2,0
23000006564000,5,3,2,271
23000006565000,15,8,7,634.5
23000006566000,9,5,4,348.3
23000006582000,14,8,6,544.6
23000006583000,4,3,1,0
23000006584000,15,9,6,496.5
23000006585000,21,8,13,1064.7
23000006586000,8,5,3,420.8
23000006588000,22,10,12,756.8
23000006595000,5,2,3,151
23000006605000,30,16,14,1425
23000006606000,39,19,20,1614.6
23000006607000,19,12,7,609.9
23000006608000,10,5,5,630
23000006609000,13,6,7,525.2
23000006612000,2,1,1,0
23000006616000,13,5,8,396.5
23000006617000,2,1,1,0
23000006618000,1,0,1,0
23000006619000,4,2,2,0
23000006621000,7,3,4,347.9
23000006622000,35,18,17,1624
23000006623000,7,3,4,277.2
23000006624000,65,30,35,2743
23000006625000,508,233,275,22098
23000006626000,9,5,4,478.8
23000006628000,37,20,17,1335.7
23000006629000,68,33,35,3175.6
23000006630000,35,15,20,1179.5
23000006631000,8,4,4,387.2
23000006632000,20,14,6,716
23000006633000,4,1,3,0
23000006634000,204,113,91,9445.2
23000006635000,42,25,17,1646.4
23000006636000,12,7,5,516
23000006637000,6,3,3,403.2
23000006638000,6,4,2,142.8
23000006646000,2,1,1,0
23000006647000,35,18,17,1344
23000006648000,275,131,144,10697.5
23000006649000,136,74,62,4406.4
23000006650000,71,38,33,2946.5
23000006651000,23,10,13,1133.9
23000006652000,5,3,2,230
23000006659000,31,15,16,1116
23000006660000,5,3,2,217
23000006661000,5,4,1,155
23000006662000,26,12,14,1281.8
23000006663000,97,53,44,3317.4
23000006664000,17,10,7,756.5
23000006665000,19,9,10,820.8
23000006666000,131,71,60,5318.6
23000006667000,16,6,10,476.8
23000006668000,26,12,14,657.8
23000006669000,19,10,9,904.4
23000006670000,16,10,6,742.4
23000006671000,23,11,12,857.9
23000006672000,20,12,8,880
23000006673000,134,64,70,6030
23000006674000,37,20,17,1846.3
23000006675000,4,1,3,0
23000006676000,8,4,4,404.8
23000006678000,17,7,10,586.5
23000006679000,27,15,12,1098.9
23000006680000,203,94,109,7470.4
23000006681000,200,92,108,8500
23000006682000,149,78,71,6392.1
23000006683000,35,17,18,1659
23000006684000,4,2,2,0
23000006713000,3,2,1,0
23000006725000,6,3,3,316.8
23000006726000,10,4,6,454
23000006727000,2,2,0,0
23000006728000,20,11,9,790
23000006729000,34,20,14,1305.6
23000006730000,57,28,29,2314.2
23000006731000,82,49,33,3296.4
23000006732000,144,80,64,5932.8
23000006733000,403,194,209,17369.3
23000006734000,17,7,10,567.8
23000006735000,62,29,33,2467.6
23000006736000,85,47,38,3663.5
23000006737000,48,22,26,1752
23000006738000,4,2,2,0
23000006739000,20,10,10,932
23000006740000,41,21,20,1422.7
23000006741000,8,3,5,362.4
23000006742000,19,6,13,682.1
23000006743000,30,15,15,1206
23000006744000,263,132,131,9205
23000006745000,140,75,65,4998
23000006746000,36,15,21,1393.2
23000006747000,132,62,70,4950
23000006748000,171,77,94,8464.5
23000006749000,37,21,16,1494.8
23000006750000,38,23,15,1470.6
23000006751000,38,20,18,1816.4
23000006752000,21,11,10,793.8
23000006753000,34,17,17,1366.8
23000006754000,16,9,7,588.8
23000006755000,65,31,34,2834
23000006756000,6,3,3,322.8
23000006757000,8,5,3,250.4
23000006777000,1,1,0,0
23000006781000,30,19,11,1374
23000006782000,27,11,16,1071.9
23000006783000,20,13,7,894
23000006784000,21,9,12,865.2
23000006800000,2,1,1,0
23000006801000,13,6,7,607.1
23000006802000,1,1,0,0
23000006803000,2,0,2,0
23000006804000,14,4,10,761.6
23000006805000,1,0,1,0
23000006830000,2,1,1,0
23000006836000,3,2,1,0
23000006843000,4,2,2,0
23000006844000,17,7,10,552.5
23000006845000,7,3,4,359.8
23000006846000,15,10,5,715.5
23000006849000,12,7,5,650.4
23000006850000,21,9,12,974.4
23000006851000,9,4,5,558.9
23000006929000,5,2,3,161
23000006930000,6,4,2,244.8
23000006931000,2,2,0,0
23000006937000,23,9,14,933.8
23000006938000,41,24,17,1648.2
23000006939000,56,26,30,2256.8
23000006940000,12,7,5,530.4
23000006941000,1,1,0,0
23000006943000,1,0,1,0
23000006985000,25,14,11,1250
23000007013000,1,0,1,0
23000007014000,38,23,15,1466.8
23000007015000,32,13,19,1888
23000007016000,532,245,287,24897.6
23000007017000,206,107,99,9455.4
23000007018000,6,3,3,298.2
23000007019000,36,20,16,1504.8
23000007021000,2,1,1,0
23000007022000,51,28,23,1876.8
23000007035000,120,60,60,3552
23000007036000,5,2,3,184
23000007040000,40,17,23,1520
23000007041000,56,31,25,2150.4
23000007042000,41,24,17,1389.9
23000007043000,10,4,6,311
23000007045000,26,12,14,813.8
23000007046000,3,2,1,0
23000007048000,18,11,7,552.6
23000007052000,12,7,5,528
23000007053000,8,5,3,384.8
23000007055000,5,4,1,197
23000007056000,2,1,1,0
23000007057000,9,4,5,395.1
23000007058000,137,77,60,5069
23000007064000,7,3,4,252.7
23000007075000,8,4,4,368.8
23000007076000,5,2,3,316
23000007081000,19,9,10,423.7
23000007084000,12,7,5,507.6
23000007089000,6,3,3,214.8
23000007090000,2,1,1,0
23000007093000,15,8,7,633
23000007094000,12,5,7,549.6
23000007139000,12,7,5,499.2
23000007140000,2,1,1,0
23000007141000,15,8,7,880.5
23000007156000,1,0,1,0
23000007159000,2,1,1,0
23000007204000,24,12,12,840
23000007205000,10,7,3,213
23010006541000,5,1,4,329
23010006542000,5,3,2,271
23010006543000,48,30,18,1752
23010006544000,45,22,23,1939.5
23010006552000,4,2,2,0
23010006561000,7,5,2,308.7
23010006564000,4,3,1,0
23010006565000,11,6,5,525.8
23010006566000,7,5,2,499.8
23010006582000,5,3,2,134
23010006584000,6,2,4,198
23010006585000,11,6,5,523.6
23010006586000,1,1,0,0
23010006587000,7,4,3,377.3
23010006588000,58,34,24,2006.8
23010006589000,12,5,7,380.4
23010006591000,3,1,2,0
23010006593000,11,6,5,407
23010006605000,29,13,16,1009.2
23010006606000,21,10,11,886.2
23010006607000,8,5,3,328
23010006608000,9,4,5,380.7
23010006616000,23,13,10,786.6
23010006617000,1,0,1,0
23010006620000,20,11,9,778
23010006621000,11,6,5,541.2
23010006622000,4,3,1,0
23010006623000,8,4,4,275.2
23010006624000,3,2,1,0
23010006625000,124,67,57,5480.8
23010006626000,25,12,13,1232.5
23010006627000,9,3,6,405
23010006628000,24,13,11,1092
23010006629000,30,20,10,1083
23010006630000,46,22,24,1421.4
23010006631000,127,69,58,5105.4
23010006632000,22,10,12,941.6
23010006633000,254,118,136,11150.6
23010006634000,177,88,89,7628.7
23010006635000,5,3,2,144
23010006636000,27,13,14,1350
23010006646000,8,4,4,256
23010006647000,198,98,100,7583.4
23010006648000,1202,582,620,48921.4
23010006649000,117,54,63,4399.2
23010006650000,55,29,26,1969
23010006651000,42,19,23,2070.6
23010006652000,25,13,12,1125
23010006663000,30,15,15,1206
23010006664000,48,30,18,1958.4
23010006665000,23,13,10,1131.6
23010006666000,67,37,30,2278
23010006667000,50,23,27,1795
23010006669000,33,19,14,1164.9
23010006670000,72,35,37,2980.8
23010006671000,7,3,4,282.8
23010006672000,23,12,11,1138.5
23010006673000,54,31,23,2224.8
23010006674000,272,134,138,12457.6
23010006675000,56,29,27,2060.8
23010006676000,33,17,16,1491.6
23010006677000,20,9,11,780
23010006678000,5,3,2,316
23010006679000,94,47,47,4154.8
23010006680000,63,32,31,2205
23010006681000,25,10,15,985
23010006682000,2,1,1,0
23010006701000,5,2,3,189
23010006712000,15,11,4,528
23010006714000,1,1,0,0
23010006727000,5,4,1,243
23010006728000,9,4,5,393.3
23010006729000,20,9,11,846
23010006730000,21,11,10,976.5
23010006731000,75,35,40,2782.5
23010006732000,100,42,58,3400
23010006733000,42,22,20,1516.2
23010006734000,37,18,19,1764.9
23010006735000,42,19,23,2322.6
23010006736000,45,22,23,1759.5
23010006737000,69,36,33,2870.4
23010006738000,42,18,24,2020.2
23010006739000,120,63,57,4872
23010006740000,21,11,10,764.4
23010006742000,6,3,3,217.8
23010006743000,29,17,12,1186.1
23010006744000,53,25,28,1939.8
23010006745000,20,8,12,670
23010006746000,172,85,87,5882.4
23010006747000,742,368,374,29457.4
23010006748000,992,459,533,48310.4
23010006749000,532,260,272,20907.6
23010006750000,22,13,9,1031.8
23010006751000,32,17,15,1091.2
23010006752000,32,17,15,1203.2
23010006753000,54,29,25,2219.4
23010006754000,70,38,32,2142
23010006755000,9,7,2,365.4
23010006782000,27,14,13,1220.4
23010006783000,28,14,14,1164.8
23010006784000,16,11,5,612.8
23010006794000,19,12,7,786.6
23010006798000,16,11,5,516.8
23010006799000,17,10,7,763.3
23010006800000,8,3,5,336.8
23010006841000,7,3,4,254.1
23010006844000,10,4,6,405
23010006845000,4,2,2,0
23010006846000,16,10,6,812.8
23010006847000,1,1,0,0
23010006848000,1,1,0,0
23010006930000,2,1,1,0
23010006936000,22,9,13,741.4
23010006937000,29,19,10,1342.7
23010006938000,28,13,15,1058.4
23010006947000,1,1,0,0
23010006984000,13,7,6,591.5
23010006985000,10,4,6,532
23010007013000,34,21,13,1540.2
23010007014000,21,14,7,1068.9
23010007015000,46,25,21,1932
23010007016000,57,25,32,2929.8
23010007017000,135,70,65,5899.5
23010007018000,35,18,17,1543.5
23010007019000,2,0,2,0
23010007022000,38,20,18,1387
23010007023000,21,12,9,932.4
23010007035000,10,5,5,426
23010007036000,27,14,13,1055.7
23010007039000,4,2,2,0
23010007040000,31,15,16,1199.7
23010007041000,42,19,23,1503.6
23010007042000,44,24,20,1619.2
23010007043000,26,11,15,1021.8
23010007045000,2,1,1,0
23010007048000,12,7,5,508.8
23010007052000,16,10,6,544
23010007053000,33,16,17,1600.5
23010007056000,12,7,5,368.4
23010007057000,37,18,19,1517
23010007058000,40,18,22,1300
23010007059000,15,8,7,534
23010007064000,5,2,3,314
23010007065000,3,2,1,0
23010007069000,4,2,2,0
23010007077000,8,5,3,215.2
23010007078000,9,5,4,470.7
23010007081000,6,4,2,196.8
23010007082000,19,9,10,807.5
23010007083000,8,5,3,327.2
23010007084000,7,4,3,331.8
23010007089000,6,4,2,388.2
23010007090000,20,14,6,654
23010007091000,1,1,0,0
23010007094000,16,8,8,590.4
23010007103000,1,1,0,0
23010007158000,14,6,8,450.8
23010007159000,13,5,8,581.1
23010007199000,3,2,1,0
23010007201000,2,2,0,0
23010007203000,21,11,10,831.6
23020006540000,1,1,0,0
23020006541000,2,1,1,0
23020006551000,2,1,1,0
23020006552000,1,1,0,0
23020006553000,8,3,5,271.2
23020006561000,13,7,6,535.6
23020006563000,8,5,3,264
23020006564000,13,5,8,540.8
23020006584000,5,3,2,228
23020006585000,13,10,3,452.4
23020006589000,1,1,0,0
23020006592000,1,1,0,0
23020006605000,23,12,11,1359.3
23020006606000,67,36,31,2834.1
23020006607000,53,28,25,1881.5
23020006615000,14,10,4,494.2
23020006616000,5,3,2,343
23020006617000,11,5,6,336.6
23020006618000,8,3,5,327.2
23020006619000,21,13,8,1081.5
23020006620000,36,21,15,1393.2
23020006621000,4,2,2,0
23020006623000,3,1,2,0
23020006624000,4,4,0,0
23020006625000,31,18,13,1100.5
23020006626000,21,12,9,764.4
23020006627000,9,6,3,325.8
23020006628000,16,9,7,609.6
23020006629000,21,10,11,720.3
23020006630000,33,17,16,1603.8
23020006631000,29,13,16,997.6
23020006632000,17,8,9,620.5
23020006633000,357,189,168,14815.5
23020006634000,127,61,66,6019.8
23020006635000,183,98,85,6880.8
23020006636000,336,170,166,13036.8
23020006637000,20,12,8,618
23020006638000,15,8,7,570
23020006646000,15,6,9,630
23020006647000,49,24,25,2175.6
23020006648000,860,432,428,31476
23020006649000,126,67,59,4573.8
23020006651000,24,11,13,777.6
23020006652000,5,3,2,112
23020006653000,13,7,6,361.4
23020006664000,3,1,2,0
23020006665000,88,45,43,3775.2
23020006666000,34,17,17,1421.2
23020006667000,26,14,12,868.4
23020006668000,33,17,16,1270.5
23020006669000,4,4,0,0
23020006670000,95,52,43,4607.5
23020006671000,27,13,14,1117.8
23020006672000,7,4,3,156.8
23020006673000,5,3,2,169
23020006674000,108,50,58,4244.4
23020006676000,32,14,18,1296
23020006677000,32,16,16,1142.4
23020006678000,1,1,0,0
23020006679000,3,1,2,0
23020006680000,33,19,14,1214.4
23020006712000,2,1,1,0
23020006727000,4,3,1,0
23020006729000,27,13,14,1360.8
23020006730000,83,41,42,3527.5
23020006731000,81,38,43,3604.5
23020006732000,26,15,11,1315.6
23020006733000,17,8,9,618.8
23020006734000,5,4,1,271
23020006735000,75,39,36,3165
23020006736000,32,17,15,1161.6
23020006737000,15,9,6,543
23020006738000,54,27,27,2451.6
23020006739000,136,68,68,5032
23020006740000,8,5,3,340
23020006741000,8,6,2,254.4
23020006742000,10,6,4,493
23020006743000,14,7,7,466.2
23020006745000,26,15,11,1320.8
23020006746000,37,18,19,1676.1
23020006747000,13,9,4,522.6
23020006748000,49,25,24,1896.3
23020006749000,130,66,64,4394
23020006750000,32,19,13,1161.6
23020006751000,71,41,30,2747.7
23020006752000,25,11,14,952.5
23020006753000,150,71,79,6015
23020006754000,62,33,29,2126.6
23020006755000,43,22,21,1801.7
23020006756000,33,19,14,1320
23020006775000,19,11,8,735.3
23020006776000,68,44,24,3053.2
23020006781000,18,9,9,563.4
23020006783000,67,35,32,2539.3
23020006784000,107,58,49,4312.1
23020006785000,19,8,11,448.4
23020006786000,1,1,0,0
23020006794000,2,1,1,0
23020006795000,6,3,3,364.8
23020006796000,29,17,12,1276
23020006797000,4,3,1,0
23020006798000,2,1,1,0
23020006822000,7,3,4,226.1
23020006823000,2,1,1,0
23020006932000,5,4,1,149
23020006933000,5,3,2,236
23020006934000,22,9,13,981.2
23020006935000,23,14,9,949.9
23020006936000,28,15,13,1344
23020006937000,12,5,7,472.8
23020006983000,1,1,0,0
23020006984000,27,15,12,988.2
23020007002000,2,1,1,0
23020007012000,2,0,2,0
23020007013000,34,16,18,1271.6
23020007014000,74,43,31,2878.6
23020007015000,1,1,0,0
23020007017000,2,1,1,0
23020007018000,30,15,15,1314
23020007019000,14,7,7,694.4
23020007020000,3,1,2,0
23020007022000,26,14,12,1071.2
23020007023000,95,43,52,3135
23020007024000,26,16,10,1177.8
23020007033000,18,9,9,615.6
23020007035000,16,8,8,556.8
23020007040000,28,13,15,960.4
23020007041000,12,7,5,478.8
23020007042000,17,8,9,676.6
23020007043000,32,15,17,1392
23020007044000,14,6,8,604.8
23020007048000,5,2,3,139
23020007056000,2,1,1,0
23020007057000,28,14,14,1526
23020007058000,23,16,7,894.7
23020007059000,39,20,19,1123.2
23020007061000,10,4,6,324
23020007065000,9,4,5,270
23020007069000,9,6,3,377.1
23020007070000,12,3,9,488.4
23020007075000,1,0,1,0
23020007078000,11,4,7,611.6
23020007079000,10,6,4,483
23020007080000,14,8,6,575.4
23020007081000,48,24,24,1872
23020007082000,91,48,43,3512.6
23020007083000,37,23,14,1202.5
23020007090000,10,6,4,475
23020007091000,9,6,3,360.9
23020007157000,2,2,0,0
23020007158000,23,14,9,977.5
23020007159000,121,58,63,5166.7
23020007160000,3,2,1,0
23020007203000,11,6,5,419.1
23030006535000,1,1,0,0
23030006536000,2,1,1,0
23030006540000,7,4,3,214.2
23030006548000,1,1,0,0
23030006549000,4,2,2,0
23030006550000,4,3,1,0
23030006551000,4,2,2,0
23030006552000,13,7,6,491.4
23030006554000,5,3,2,205
23030006561000,3,2,1,0
23030006564000,4,2,2,0
23030006565000,13,9,4,452.4
23030006568000,1,1,0,0
23030006581000,4,2,2,0
23030006582000,18,11,7,750.6
23030006583000,4,1,3,0
23030006584000,3,2,1,0
23030006585000,5,3,2,192
23030006586000,10,5,5,298
23030006587000,1,1,0,0
23030006588000,6,3,3,199.8
23030006589000,11,5,6,350.9
23030006594000,3,2,1,0
23030006604000,7,3,4,144.9
23030006605000,6,3,3,313.2
23030006606000,56,34,22,2497.6
23030006607000,5,2,3,282
23030006610000,2,1,1,0
23030006611000,4,3,1,0
23030006612000,7,4,3,175.7
23030006613000,10,5,5,346
23030006614000,23,9,14,917.7
23030006615000,29,17,12,1426.8
23030006616000,30,13,17,1311
23030006619000,4,2,2,0
23030006620000,2,1,1,0
23030006622000,2,1,1,0
23030006623000,6,4,2,282
23030006624000,10,4,6,387
23030006625000,48,24,24,1910.4
23030006630000,10,5,5,411
23030006631000,23,9,14,1067.2
23030006632000,68,32,36,3202.8
23030006633000,6,3,3,207
23030006634000,5,2,3,148
23030006635000,4,1,3,0
23030006636000,124,70,54,4265.6
23030006637000,29,10,19,1180.3
23030006638000,20,12,8,1132
23030006639000,31,18,13,1103.6
23030006647000,63,36,27,2091.6
23030006648000,250,122,128,9675
23030006649000,12,4,8,399.6
23030006650000,11,7,4,292.6
23030006651000,13,4,9,634.4
23030006652000,2,0,2,0
23030006653000,9,5,4,359.1
23030006666000,838,432,406,31425
23030006667000,128,65,63,4608
23030006668000,40,18,22,1584
23030006669000,291,146,145,13007.7
23030006670000,760,332,428,41648
23030006671000,12,3,9,504
23030006672000,8,3,5,364
23030006673000,2,2,0,0
23030006674000,11,7,4,456.5
23030006675000,7,3,4,399.7
23030006676000,19,9,10,716.3
23030006677000,37,20,17,1742.7
23030006678000,38,24,14,1558
23030006679000,15,8,7,523.5
23030006712000,2,1,1,0
23030006725000,1,1,0,0
23030006728000,10,5,5,394
23030006729000,20,13,7,1004
23030006730000,3,1,2,0
23030006733000,5,2,3,227
23030006734000,4,2,2,0
23030006735000,22,11,11,1036.2
23030006736000,11,6,5,443.3
23030006738000,29,15,14,846.8
23030006739000,46,23,23,1895.2
23030006741000,10,3,7,491
23030006742000,2,1,1,0
23030006743000,4,2,2,0
23030006745000,29,11,18,942.5
23030006746000,57,27,30,2245.8
23030006747000,39,18,21,1934.4
23030006748000,74,43,31,3182
23030006749000,51,27,24,2213.4
23030006750000,41,21,20,1640
23030006751000,13,6,7,507
23030006752000,8,4,4,444.8
23030006753000,70,38,32,2898
23030006754000,91,45,46,4313.4
23030006755000,17,9,8,686.8
23030006756000,25,13,12,877.5
23030006773000,6,2,4,285
23030006774000,13,8,5,479.7
23030006775000,13,8,5,536.9
23030006776000,13,6,7,640.9
23030006777000,14,10,4,589.4
23030006778000,8,4,4,298.4
23030006779000,6,3,3,381
23030006780000,5,5,0,244
23030006781000,68,37,31,2006
23030006782000,647,309,338,21027.5
23030006783000,79,42,37,3033.6
23030006784000,108,58,50,4471.2
23030006785000,56,32,24,1993.6
23030006786000,10,3,7,268
23030006787000,4,1,3,0
23030006788000,2,2,0,0
23030006789000,1,1,0,0
23030006791000,3,2,1,0
23030006792000,10,4,6,418
23030006793000,25,14,11,1065
23030006794000,33,19,14,1445.4
23030006795000,25,13,12,1160
23030006796000,7,4,3,324.8
23030006797000,6,2,4,241.8
23030006820000,1,1,0,0
23030006821000,3,2,1,0
23030006919000,7,4,3,466.2
23030006920000,57,27,30,2177.4
23030006921000,6,3,3,285
23030006933000,3,2,1,0
23030006934000,14,7,7,621.6
23030006935000,45,25,20,1629
23030006936000,24,10,14,960
23030006982000,4,3,1,0
23030006983000,45,21,24,1921.5
23030007012000,9,5,4,305.1
23030007013000,8,5,3,279.2
23030007014000,79,39,40,2954.6
23030007015000,10,6,4,331
23030007017000,3,1,2,0
23030007018000,83,48,35,3228.7
23030007019000,33,18,15,1151.7
23030007020000,39,15,24,1591.2
23030007021000,27,12,15,1034.1
23030007022000,22,10,12,1018.6
23030007023000,63,37,26,2457
23030007024000,5,3,2,293
23030007029000,3,2,1,0
23030007033000,29,17,12,1044
23030007034000,40,19,21,1328
23030007035000,68,38,30,2516
23030007040000,4,3,1,0
23030007041000,34,20,14,1346.4
23030007042000,43,24,19,1530.8
23030007043000,59,29,30,1947
23030007044000,26,13,13,1326
23030007045000,34,17,17,1339.6
23030007046000,5,3,2,195
23030007048000,20,8,12,924
23030007049000,7,3,4,175
23030007050000,20,8,12,602
23030007051000,5,3,2,143
23030007057000,2,1,1,0
23030007058000,36,15,21,1360.8
23030007059000,175,86,89,5582.5
23030007064000,2,1,1,0
23030007066000,7,5,2,238.7
23030007068000,15,7,8,361.5
23030007069000,8,6,2,339.2
23030007070000,23,11,12,1025.8
23030007071000,18,10,8,604.8
23030007074000,3,1,2,0
23030007075000,10,6,4,564
23030007080000,2,1,1,0
23030007081000,13,7,6,665.6
23030007082000,156,66,90,7363.2
23030007083000,52,27,25,2194.4
23030007090000,7,4,3,347.9
23030007096000,1,0,1,0
23030007104000,2,1,1,0
23030007154000,13,7,6,575.9
23030007155000,13,7,6,566.8
23030007156000,2,1,1,0
23030007157000,12,5,7,470.4
23030007158000,98,50,48,3998.4
23030007159000,165,82,83,6402
23030007170000,5,2,3,295
23030007200000,15,9,6,685.5
23030007204000,8,5,3,466.4
23030007205000,3,2,1,0
23040006538000,3,2,1,0
23040006539000,10,5,5,498
23040006550000,10,4,6,306
23040006551000,6,2,4,286.8
23040006553000,3,2,1,0
23040006564000,2,0,2,0
23040006580000,3,2,1,0
23040006581000,8,6,2,410.4
23040006583000,3,1,2,0
23040006589000,3,2,1,0
23040006590000,5,1,4,187
23040006605000,2,2,0,0
23040006610000,4,3,1,0
23040006612000,2,1,1,0
23040006613000,13,9,4,691.6
23040006614000,6,4,2,283.2
23040006619000,4,4,0,0
23040006620000,6,1,5,163.8
23040006622000,25,13,12,1000
23040006623000,4,2,2,0
23040006630000,4,2,2,0
23040006631000,40,21,19,1120
23040006632000,28,14,14,1206.8
23040006633000,3,1,2,0
23040006634000,23,12,11,1081
23040006635000,16,9,7,683.2
23040006637000,44,22,22,1988.8
23040006638000,10,5,5,465
23040006639000,20,8,12,736
23040006640000,9,5,4,441.9
23040006641000,17,8,9,788.8
23040006646000,7,5,2,265.3
23040006647000,63,31,32,2387.7
23040006648000,57,32,25,2131.8
23040006649000,7,5,2,263.2
23040006650000,22,10,12,921.8
23040006651000,16,8,8,728
23040006652000,38,20,18,1432.6
23040006653000,22,11,11,1278.2
23040006654000,4,2,2,0
23040006666000,162,80,82,6269.4
23040006667000,73,31,42,3233.9
23040006668000,134,65,69,5266.2
23040006669000,1001,472,529,44444.4
23040006670000,414,198,216,18754.2
23040006671000,839,386,453,35154.1
23040006672000,35,23,12,1144.5
23040006673000,18,10,8,523.8
23040006674000,6,3,3,310.8
23040006675000,81,45,36,3515.4
23040006676000,10,6,4,386
23040006677000,10,4,6,298
23040006678000,34,15,19,1689.8
23040006679000,64,33,31,2764.8
23040006702000,4,1,3,0
23040006703000,21,11,10,966
23040006706000,3,2,1,0
23040006707000,12,4,8,392.4
23040006729000,2,1,1,0
23040006735000,2,1,1,0
23040006740000,2,1,1,0
23040006742000,1,0,1,0
23040006743000,1,0,1,0
23040006744000,12,3,9,254.4
23040006745000,11,5,6,513.7
23040006746000,16,9,7,811.2
23040006748000,14,9,5,708.4
23040006749000,27,11,16,1096.2
23040006750000,18,10,8,763.2
23040006751000,7,3,4,147
23040006752000,7,3,4,247.1
23040006754000,2,1,1,0
23040006755000,4,3,1,0
23040006770000,4,1,3,0
23040006771000,3,2,1,0
23040006772000,13,10,3,399.1
23040006773000,7,4,3,205.8
23040006774000,17,8,9,606.9
23040006775000,35,19,16,1372
23040006776000,55,28,27,2282.5
23040006777000,52,29,23,2043.6
23040006778000,19,8,11,931
23040006779000,6,4,2,208.2
23040006780000,19,12,7,955.7
23040006781000,63,30,33,2129.4
23040006782000,381,186,195,18821.4
23040006783000,662,327,335,28135
23040006784000,296,165,131,12343.2
23040006785000,23,13,10,956.8
23040006786000,41,20,21,1594.9
23040006787000,18,7,11,716.4
23040006788000,1,1,0,0
23040006818000,1,1,0,0
23040006819000,17,9,8,938.4
23040006820000,3,1,2,0
23040006920000,6,2,4,283.8
23040006934000,54,29,25,1976.4
23040006935000,72,39,33,3132
23040006936000,24,13,11,1173.6
23040006963000,2,2,0,0
23040006964000,1,1,0,0
23040006967000,6,3,3,307.2
23040006982000,8,6,2,292
23040006983000,61,27,34,2793.8
23040007012000,65,31,34,2665
23040007013000,30,18,12,1014
23040007014000,74,39,35,3500.2
23040007015000,13,6,7,494
23040007017000,2,1,1,0
23040007018000,33,14,19,1438.8
23040007019000,222,122,100,8924.4
23040007020000,69,32,37,2442.6
23040007021000,8,5,3,343.2
23040007033000,36,22,14,1047.6
23040007034000,58,30,28,2180.8
23040007035000,23,9,14,844.1
23040007041000,13,7,6,504.4
23040007042000,54,32,22,1776.6
23040007043000,45,23,22,1710
23040007044000,40,20,20,1324
23040007045000,7,3,4,259
23040007046000,70,43,27,2380
23040007047000,45,28,17,1746
23040007048000,19,8,11,801.8
23040007049000,61,29,32,2006.9
23040007050000,18,9,9,676.8
23040007051000,21,10,11,890.4
23040007052000,1,0,1,0
23040007058000,12,6,6,579.6
23040007059000,420,198,222,18018
23040007060000,18,9,9,658.8
23040007061000,10,5,5,391
23040007062000,23,13,10,1005.1
23040007066000,2,1,1,0
23040007067000,16,7,9,428.8
23040007068000,31,13,18,1171.8
23040007069000,182,94,88,7298.2
23040007070000,109,55,54,3804.1
23040007074000,8,4,4,342.4
23040007075000,20,10,10,674
23040007076000,9,5,4,480.6
23040007083000,32,16,16,1507.2
23040007084000,4,2,2,0
23040007088000,2,1,1,0
23040007089000,33,20,13,1838.1
23040007090000,21,8,13,718.2
23040007096000,1,1,0,0
23040007097000,15,6,9,598.5
23040007153000,1,1,0,0
23040007154000,5,2,3,133
23040007158000,18,11,7,1108.8
23040007159000,45,25,20,1741.5
23040007164000,1,1,0,0
23040007168000,2,1,1,0
23040007197000,1,1,0,0
23040007198000,9,6,3,242.1
23040007199000,3,1,2,0
23040007201000,2,1,1,0
23040007205000,2,1,1,0
23040007206000,8,4,4,424.8
23050006538000,12,7,5,546
23050006539000,4,2,2,0
23050006543000,3,0,3,0
23050006560000,4,2,2,0
23050006564000,15,8,7,726
23050006565000,5,3,2,314
23050006582000,3,1,2,0
23050006588000,2,1,1,0
23050006605000,6,2,4,166.2
23050006606000,5,3,2,181
23050006609000,13,10,3,478.4
23050006610000,21,12,9,1274.7
23050006611000,4,2,2,0
23050006612000,9,5,4,441.9
23050006613000,15,8,7,838.5
23050006614000,2,1,1,0
23050006618000,6,3,3,298.2
23050006619000,4,2,2,0
23050006620000,59,26,33,2495.7
23050006621000,11,7,4,540.1
23050006622000,6,2,4,226.8
23050006623000,40,18,22,1788
23050006624000,3,2,1,0
23050006625000,1,1,0,0
23050006632000,20,11,9,634
23050006633000,9,5,4,462.6
23050006635000,16,9,7,654.4
23050006636000,1,1,0,0
23050006638000,46,23,23,2079.2
23050006640000,52,26,26,2407.6
23050006641000,48,27,21,2203.2
23050006647000,63,40,23,2431.8
23050006648000,17,10,7,666.4
23050006650000,22,7,15,778.8
23050006651000,3,2,1,0
23050006653000,8,5,3,374.4
23050006654000,14,7,7,487.2
23050006655000,9,5,4,414
23050006666000,6,4,2,361.8
23050006667000,11,5,6,478.5
23050006668000,217,108,109,7486.5
23050006669000,218,109,109,9047
23050006670000,31,15,16,1085
23050006671000,104,55,49,4576
23050006672000,31,15,16,1100.5
23050006673000,32,18,14,1104
23050006674000,17,10,7,652.8
23050006675000,28,13,15,1204
23050006676000,19,11,8,746.7
23050006677000,6,4,2,223.8
23050006678000,27,10,17,904.5
23050006679000,15,8,7,559.5
23050006681000,17,9,8,843.2
23050006682000,23,15,8,795.8
23050006683000,13,5,8,743.6
23050006685000,4,3,1,0
23050006687000,6,3,3,175.8
23050006688000,22,12,10,965.8
23050006700000,14,9,5,585.2
23050006701000,4,3,1,0
23050006702000,28,14,14,1148
23050006703000,9,4,5,419.4
23050006705000,40,20,20,1936
23050006706000,83,42,41,3726.7
23050006709000,4,1,3,0
23050006735000,4,1,3,0
23050006736000,3,1,2,0
23050006737000,1,1,0,0
23050006743000,3,1,2,0
23050006744000,3,2,1,0
23050006745000,41,25,16,1746.6
23050006749000,1,1,0,0
23050006752000,5,3,2,274
23050006753000,4,1,3,0
23050006768000,8,4,4,216
23050006769000,28,16,12,1164.8
23050006770000,8,4,4,388
23050006772000,2,1,1,0
23050006777000,15,8,7,460.5
23050006778000,12,6,6,447.6
23050006779000,4,3,1,0
23050006780000,7,4,3,259.7
23050006781000,15,8,7,597
23050006782000,43,19,24,1849
23050006783000,90,48,42,3771
23050006784000,40,31,9,1016
23050006785000,12,6,6,638.4
23050006786000,16,7,9,612.8
23050006810000,1,0,1,0
23050006813000,1,0,1,0
23050006816000,11,6,5,528
23050006820000,2,1,1,0
23050006932000,8,5,3,500
23050006933000,4,1,3,0
23050006934000,309,155,154,12483.6
23050006935000,191,88,103,9492.7
23050006936000,12,6,6,586.8
23050006937000,16,10,6,572.8
23050006938000,1,1,0,0
23050006962000,1,1,0,0
23050006963000,5,2,3,228
23050006964000,6,3,3,328.8
23050006965000,26,13,13,1066
23050006967000,5,4,1,193
23050006968000,21,12,9,1142.4
23050006969000,10,5,5,399
23050006973000,1,1,0,0
23050006975000,5,3,2,283
23050006976000,13,10,3,572
23050006980000,6,3,3,301.2
23050006981000,10,4,6,358
23050006982000,137,67,70,5726.6
23050006983000,32,12,20,1440
23050007012000,71,33,38,2783.2
23050007013000,57,33,24,2827.2
23050007014000,61,34,27,2433.9
23050007015000,14,10,4,701.4
23050007020000,16,9,7,713.6
23050007021000,39,21,18,1423.5
23050007022000,1,0,1,0
23050007034000,15,5,10,444
23050007042000,352,183,169,12179.2
23050007043000,34,16,18,1604.8
23050007044000,15,8,7,517.5
23050007045000,3,2,1,0
23050007046000,18,11,7,775.8
23050007047000,26,12,14,998.4
23050007048000,48,19,29,1569.6
23050007049000,44,22,22,1456.4
23050007050000,8,4,4,292
23050007051000,7,4,3,233.8
23050007058000,6,3,3,306
23050007059000,38,17,21,1185.6
23050007060000,16,10,6,641.6
23050007061000,38,19,19,1565.6
23050007062000,36,20,16,1123.2
23050007063000,19,10,9,874
23050007066000,49,27,22,1715
23050007067000,24,12,12,943.2
23050007068000,52,27,25,1929.2
23050007069000,3,2,1,0
23050007076000,20,7,13,868
23050007077000,65,31,34,3029
23050007078000,30,18,12,1239
23050007079000,6,4,2,270
23050007080000,4,3,1,0
23050007083000,6,3,3,417
23050007084000,12,6,6,528
23050007087000,1,1,0,0
23050007088000,19,7,12,752.4
23050007089000,19,13,6,868.3
23050007153000,2,1,1,0
23050007155000,1,0,1,0
23050007159000,4,2,2,0
23050007165000,7,2,5,170.8
23050007168000,3,1,2,0
23050007206000,31,15,16,970.3
23060006537000,2,1,1,0
23060006538000,4,2,2,0
23060006560000,1,1,0,0
23060006561000,5,3,2,112
23060006565000,2,1,1,0
23060006603000,3,1,2,0
23060006604000,3,1,2,0
23060006605000,41,22,19,1845
23060006606000,10,7,3,395
23060006607000,4,1,3,0
23060006608000,19,10,9,689.7
23060006609000,1,1,0,0
23060006610000,11,5,6,451
23060006611000,11,4,7,386.1
23060006612000,35,16,19,1102.5
23060006613000,21,10,11,1087.8
23060006614000,4,2,2,0
23060006615000,3,1,2,0
23060006618000,21,9,12,972.3
23060006624000,20,11,9,800
23060006625000,5,3,2,307
23060006633000,20,11,9,952
23060006637000,18,12,6,828
23060006638000,14,8,6,611.8
23060006639000,7,5,2,214.2
23060006640000,3,3,0,0
23060006641000,55,33,22,2227.5
23060006642000,82,47,35,2829
23060006643000,390,189,201,13689
23060006644000,74,39,35,2042.4
23060006646000,9,5,4,487.8
23060006647000,79,37,42,3160
23060006648000,138,70,68,5023.2
23060006649000,13,7,6,496.6
23060006650000,14,5,9,649.6
23060006651000,13,7,6,473.2
23060006654000,2,1,1,0
23060006655000,3,2,1,0
23060006656000,5,3,2,137
23060006666000,2,2,0,0
23060006668000,25,14,11,890
23060006669000,6,4,2,373.2
23060006670000,29,17,12,1006.3
23060006671000,32,15,17,1004.8
23060006672000,10,4,6,396
23060006673000,9,6,3,504
23060006674000,22,13,9,1014.2
23060006675000,43,26,17,1582.4
23060006676000,490,242,248,17885
23060006677000,14,5,9,554.4
23060006679000,1,1,0,0
23060006680000,41,22,19,2050
23060006681000,100,49,51,4330
23060006682000,42,20,22,1470
23060006683000,17,10,7,860.2
23060006684000,14,7,7,604.8
23060006685000,67,35,32,2566.1
23060006686000,21,11,10,825.3
23060006687000,16,8,8,852.8
23060006700000,13,7,6,621.4
23060006701000,40,18,22,1772
23060006702000,86,47,39,3268
23060006704000,12,5,7,382.8
23060006705000,41,20,21,1931.1
23060006706000,39,20,19,1454.7
23060006707000,3,2,1,0
23060006708000,8,5,3,474.4
23060006722000,1,1,0,0
23060006724000,2,1,1,0
23060006725000,1,1,0,0
23060006726000,3,1,2,0
23060006727000,6,4,2,216
23060006738000,4,2,2,0
23060006745000,14,7,7,663.6
23060006753000,9,4,5,412.2
23060006767000,7,5,2,226.8
23060006768000,6,3,3,169.2
23060006784000,3,2,1,0
23060006809000,7,2,5,328.3
23060006810000,4,1,3,0
23060006812000,2,1,1,0
23060006934000,24,10,14,1164
23060006935000,76,35,41,3199.6
23060006936000,6,3,3,309
23060006968000,2,1,1,0
23060006969000,20,11,9,962
23060006970000,11,3,8,413.6
23060006971000,9,4,5,626.4
23060006973000,6,2,4,217.8
23060006974000,32,19,13,1200
23060006975000,11,7,4,523.6
23060006980000,8,3,5,496
23060006981000,9,5,4,459
23060006982000,28,15,13,1363.6
23060006983000,9,5,4,335.7
23060007011000,4,2,2,0
23060007012000,33,18,15,1303.5
23060007013000,41,16,25,1537.5
23060007014000,1,0,1,0
23060007021000,17,7,10,557.6
23060007035000,12,7,5,456
23060007042000,79,32,47,4471.4
23060007043000,215,111,104,8600
23060007044000,269,142,127,8339
23060007045000,49,21,28,2077.6
23060007046000,84,44,40,2956.8
23060007047000,41,21,20,1685.1
23060007048000,37,16,21,1694.6
23060007049000,22,10,12,985.6
23060007050000,2,1,1,0
23060007058000,11,6,5,546.7
23060007059000,21,12,9,590.1
23060007060000,22,11,11,684.2
23060007061000,13,5,8,421.2
23060007062000,4,2,2,0
23060007063000,13,6,7,508.3
23060007064000,10,6,4,380
23060007066000,16,10,6,750.4
23060007067000,12,8,4,384
23060007069000,15,9,6,718.5
23060007070000,15,9,6,630
23060007076000,18,11,7,633.6
23060007077000,31,14,17,1342.3
23060007078000,31,15,16,1401.2
23060007079000,28,14,14,1139.6
23060007084000,14,8,6,593.6
23060007085000,3,1,2,0
23060007086000,2,1,1,0
23060007152000,4,3,1,0
23060007153000,16,8,8,686.4
23060007159000,2,1,1,0
23060007161000,6,4,2,193.2
23060007162000,2,1,1,0
23060007168000,2,1,1,0
23060007169000,28,14,14,1416.8
23060007199000,1,0,1,0
23060007200000,12,6,6,530.4
23060007201000,1,1,0,0
23060007203000,6,3,3,208.8
23060007210000,1,0,1,0
23060007211000,7,4,3,277.9
23070006538000,32,19,13,1449.6
23070006542000,7,3,4,233.8
23070006544000,1,1,0,0
23070006560000,2,1,1,0
23070006579000,4,2,2,0
23070006592000,1,1,0,0
23070006603000,7,3,4,364.7
23070006604000,11,5,6,478.5
23070006605000,27,11,16,961.2
23070006606000,19,12,7,655.5
23070006607000,23,13,10,830.3
23070006608000,4,2,2,0
23070006610000,4,2,2,0
23070006611000,2,1,1,0
23070006613000,9,5,4,281.7
23070006616000,3,1,2,0
23070006624000,6,3,3,337.8
23070006625000,1,1,0,0
23070006638000,42,19,23,1667.4
23070006639000,35,18,17,1463
23070006640000,12,7,5,380.4
23070006641000,17,9,8,668.1
23070006642000,362,175,187,14407.6
23070006643000,1040,504,536,45864
23070006644000,170,87,83,6290
23070006645000,47,24,23,1945.8
23070006647000,74,46,28,2960
23070006648000,38,18,20,1212.2
23070006649000,16,10,6,929.6
23070006656000,1,1,0,0
23070006668000,91,48,43,3412.5
23070006669000,25,12,13,1140
23070006670000,75,35,40,2572.5
23070006671000,25,14,11,1327.5
23070006672000,11,6,5,504.9
23070006673000,26,12,14,1021.8
23070006674000,8,5,3,307.2
23070006675000,61,33,28,2543.7
23070006676000,77,42,35,2895.2
23070006677000,26,12,14,1079
23070006678000,1,1,0,0
23070006679000,40,20,20,1388
23070006680000,45,25,20,1377
23070006682000,299,152,147,11302.2
23070006683000,5,3,2,200
23070006684000,2,1,1,0
23070006686000,2,1,1,0
23070006700000,48,25,23,1900.8
23070006701000,7,3,4,392
23070006702000,15,7,8,769.5
23070006703000,17,9,8,773.5
23070006704000,39,21,18,1563.9
23070006705000,102,54,48,3998.4
23070006706000,72,35,37,3232.8
23070006707000,22,12,10,798.6
23070006725000,5,3,2,160
23070006726000,5,1,4,220
23070006739000,3,3,0,0
23070006742000,8,3,5,184.8
23070006744000,6,3,3,162
23070006745000,20,13,7,948
23070006754000,8,4,4,314.4
23070006766000,16,9,7,742.4
23070006767000,4,3,1,0
23070006784000,8,4,4,275.2
23070006785000,10,5,5,444
23070006805000,1,0,1,0
23070006934000,43,19,24,1870.5
23070006935000,46,22,24,2074.6
23070006936000,25,13,12,955
23070006937000,4,2,2,0
23070006939000,1,1,0,0
23070006942000,2,1,1,0
23070006973000,33,18,15,1207.8
23070006974000,38,17,21,1664.4
23070006975000,19,10,9,1012.7
23070006976000,16,6,10,494.4
23070006983000,6,3,3,253.8
23070007011000,14,7,7,530.6
23070007012000,5,1,4,283
23070007013000,4,1,3,0
23070007035000,13,8,5,444.6
23070007042000,8,5,3,292
23070007043000,42,24,18,1894.2
23070007044000,78,37,41,2581.8
23070007045000,4,1,3,0
23070007046000,16,8,8,667.2
23070007047000,113,53,60,4316.6
23070007048000,89,43,46,2705.6
23070007049000,38,23,15,1368
23070007052000,2,1,1,0
23070007057000,18,6,12,734.4
23070007059000,9,4,5,243
23070007060000,17,10,7,598.4
23070007061000,19,11,8,581.4
23070007062000,1,1,0,0
23070007063000,5,3,2,113
23070007064000,16,10,6,854.4
23070007065000,72,37,35,2534.4
23070007066000,12,8,4,555.6
23070007067000,11,2,9,372.9
23070007068000,4,2,2,0
23070007069000,13,7,6,559
23070007077000,29,13,16,756.9
23070007078000,16,5,11,462.4
23070007079000,41,20,21,1348.9
23070007080000,7,4,3,441.7
23070007085000,29,15,14,1322.4
23070007086000,19,11,8,761.9
23070007087000,6,3,3,106.2
23070007088000,2,2,0,0
23070007089000,25,11,14,792.5
23070007090000,11,6,5,458.7
23070007108000,6,4,2,234
23070007151000,2,1,1,0
23070007159000,1,1,0,0
23070007161000,2,1,1,0
23070007162000,5,3,2,238
23070007167000,1,0,1,0
23070007205000,16,5,11,977.6
23070007211000,18,8,10,574.2
23070007212000,2,1,1,0
23080006537000,66,34,32,3372.6
23080006538000,6,3,3,184.8
23080006539000,2,1,1,0
23080006540000,2,1,1,0
23080006541000,9,6,3,352.8
23080006560000,10,4,6,357
23080006561000,2,1,1,0
23080006562000,26,12,14,1034.8
23080006563000,6,3,3,286.2
23080006564000,5,3,2,241
23080006565000,19,11,8,742.9
23080006571000,2,2,0,0
23080006572000,2,1,1,0
23080006573000,13,7,6,703.3
23080006574000,7,4,3,249.2
23080006575000,11,5,6,325.6
23080006576000,12,6,6,487.2
23080006578000,2,2,0,0
23080006586000,8,2,6,252
23080006587000,2,1,1,0
23080006588000,3,2,1,0
23080006602000,6,3,3,333
23080006603000,4,2,2,0
23080006604000,5,1,4,274
23080006606000,1,0,1,0
23080006608000,15,6,9,483
23080006609000,7,4,3,247.8
23080006610000,9,5,4,404.1
23080006611000,5,3,2,315
23080006612000,20,12,8,874
23080006613000,14,6,8,590.8
23080006615000,28,14,14,1240.4
23080006616000,1,1,0,0
23080006626000,1,0,1,0
23080006639000,10,4,6,395
23080006642000,284,142,142,9400.4
23080006643000,371,178,193,14802.9
23080006646000,15,7,8,517.5
23080006647000,55,34,21,2277
23080006648000,17,8,9,593.3
23080006649000,12,6,6,480
23080006660000,2,1,1,0
23080006667000,2,1,1,0
23080006668000,31,17,14,1159.4
23080006669000,23,13,10,717.6
23080006670000,2,1,1,0
23080006673000,20,8,12,810
23080006674000,38,20,18,1983.6
23080006675000,141,74,67,4596.6
23080006676000,27,15,12,1260.9
23080006677000,15,8,7,502.5
23080006679000,33,20,13,1498.2
23080006680000,23,16,7,1002.8
23080006682000,58,29,29,2238.8
23080006683000,33,19,14,1125.3
23080006684000,16,5,11,609.6
23080006698000,29,16,13,930.9
23080006699000,5,2,3,182
23080006700000,146,77,69,5869.2
23080006701000,67,33,34,3350
23080006702000,55,25,30,2238.5
23080006703000,34,17,17,1808.8
23080006704000,21,11,10,955.5
23080006705000,6,3,3,316.2
23080006707000,3,1,2,0
23080006711000,4,2,2,0
23080006717000,2,1,1,0
23080006737000,7,3,4,406
23080006738000,43,25,18,1956.5
23080006739000,2,1,1,0
23080006742000,25,14,11,1290
23080006743000,5,3,2,240
23080006744000,15,10,5,729
23080006754000,18,10,8,810
23080006765000,46,25,21,1596.2
23080006766000,29,13,16,1258.6
23080006767000,7,3,4,322
23080006785000,36,15,21,1584
23080006804000,6,3,3,355.8
23080006934000,4,3,1,0
23080006936000,8,5,3,384.8
23080006937000,17,10,7,664.7
23080006940000,11,5,6,486.2
23080006941000,34,22,12,1193.4
23080006942000,11,6,5,562.1
23080006973000,23,10,13,1087.9
23080006974000,46,28,18,2093
23080006975000,9,5,4,423
23080007011000,15,9,6,600
23080007012000,17,9,8,753.1
23080007023000,1,1,0,0
23080007035000,10,6,4,517
23080007042000,20,10,10,594
23080007043000,20,12,8,966
23080007044000,2,2,0,0
23080007046000,11,8,3,303.6
23080007047000,15,6,9,390
23080007048000,3,2,1,0
23080007049000,16,6,10,467.2
23080007059000,13,8,5,332.8
23080007061000,7,3,4,210.7
23080007062000,5,5,0,233
23080007064000,14,8,6,466.2
23080007065000,42,24,18,1255.8
23080007066000,65,33,32,2372.5
23080007067000,22,10,12,809.6
23080007068000,37,18,19,1513.3
23080007069000,3,2,1,0
23080007070000,6,4,2,198
23080007078000,16,9,7,516.8
23080007080000,3,1,2,0
23080007084000,5,3,2,147
23080007085000,44,23,21,1588.4
23080007086000,32,18,14,1478.4
23080007088000,2,1,1,0
23080007089000,3,3,0,0
23080007090000,4,2,2,0
23080007100000,6,2,4,187.2
23080007167000,27,15,12,718.2
23080007168000,5,1,4,198
23080007200000,15,11,4,621
23080007201000,13,5,8,534.3
23080007203000,13,8,5,577.2
23080007204000,2,1,1,0
23080007205000,28,18,10,1092
23080007207000,2,1,1,0
23080007208000,3,2,1,0
23090006540000,7,5,2,254.1
23090006541000,7,3,4,259
23090006542000,14,6,8,523.6
23090006543000,10,5,5,236
23090006544000,9,4,5,261.9
23090006561000,2,1,1,0
23090006562000,8,5,3,348.8
23090006563000,14,7,7,715.4
23090006564000,26,16,10,1396.2
23090006565000,50,26,24,1780
23090006566000,11,6,5,456.5
23090006570000,1,0,1,0
23090006572000,7,4,3,214.2
23090006574000,5,2,3,263
23090006575000,4,3,1,0
23090006577000,17,10,7,734.4
23090006578000,33,17,16,1580.7
23090006579000,2,1,1,0
23090006583000,11,6,5,547.8
23090006584000,7,5,2,350.7
23090006586000,5,3,2,218
23090006587000,13,7,6,492.7
23090006589000,5,2,3,189
23090006590000,10,6,4,275
23090006591000,2,1,1,0
23090006592000,6,4,2,252
23090006593000,4,2,2,0
23090006595000,2,1,1,0
23090006596000,2,1,1,0
23090006597000,2,1,1,0
23090006599000,19,13,6,951.9
23090006600000,15,5,10,718.5
23090006601000,12,5,7,498
23090006603000,16,7,9,793.6
23090006604000,8,4,4,368.8
23090006605000,38,18,20,1622.6
23090006606000,22,12,10,789.8
23090006607000,11,6,5,499.4
23090006610000,4,2,2,0
23090006611000,22,10,12,1058.2
23090006612000,18,11,7,939.6
23090006613000,5,3,2,268
23090006614000,7,2,5,354.9
23090006615000,9,5,4,569.7
23090006624000,1,0,1,0
23090006625000,2,1,1,0
23090006642000,221,104,117,8994.7
23090006643000,182,91,91,8444.8
23090006644000,23,16,7,823.4
23090006645000,36,21,15,1310.4
23090006646000,25,11,14,960
23090006647000,39,20,19,1856.4
23090006648000,16,6,10,534.4
23090006650000,23,10,13,949.9
23090006651000,3,2,1,0
23090006667000,16,9,7,574.4
23090006674000,54,29,25,2041.2
23090006675000,49,23,26,2415.7
23090006676000,18,11,7,640.8
23090006677000,27,14,13,1109.7
23090006678000,41,21,20,1873.7
23090006679000,30,17,13,1683
23090006680000,56,29,27,2436
23090006681000,27,14,13,1112.4
23090006682000,47,25,22,1992.8
23090006683000,65,39,26,2840.5
23090006684000,12,8,4,561.6
23090006696000,1,1,0,0
23090006697000,52,32,20,2225.6
23090006698000,64,35,29,2860.8
23090006699000,198,99,99,8771.4
23090006700000,550,257,293,27115
23090006701000,180,86,94,7506
23090006738000,30,18,12,1359
23090006739000,34,19,15,1091.4
23090006740000,7,5,2,301.7
23090006742000,7,4,3,340.9
23090006744000,2,1,1,0
23090006754000,21,11,10,879.9
23090006761000,6,4,2,268.2
23090006762000,39,22,17,1329.9
23090006764000,8,4,4,383.2
23090006765000,8,5,3,432
23090006766000,14,6,8,410.2
23090006785000,89,51,38,4076.2
23090006796000,2,1,1,0
23090006801000,9,4,5,388.8
23090006802000,26,9,17,1554.8
23090006803000,7,5,2,490.7
23090006805000,5,2,3,177
23090006932000,1,1,0,0
23090006937000,10,6,4,497
23090006940000,18,7,11,768.6
23090006941000,30,14,16,1389
23090006942000,56,29,27,2016
23090006973000,38,22,16,1390.8
23090006974000,25,14,11,1215
23090006985000,2,0,2,0
23090006986000,8,4,4,314.4
23090007011000,9,5,4,218.7
23090007015000,3,1,2,0
23090007035000,4,2,2,0
23090007041000,10,6,4,379
23090007042000,8,4,4,370.4
23090007043000,49,28,21,1866.9
23090007044000,16,8,8,684.8
23090007053000,4,3,1,0
23090007060000,2,1,1,0
23090007062000,1,1,0,0
23090007064000,16,9,7,716.8
23090007065000,12,6,6,211.2
23090007066000,19,13,6,868.3
23090007067000,14,7,7,392
23090007068000,18,6,12,678.6
23090007069000,8,4,4,379.2
23090007070000,11,5,6,487.3
23090007079000,13,8,5,496.6
23090007080000,14,6,8,533.4
23090007084000,1,1,0,0
23090007085000,15,8,7,729
23090007086000,24,12,12,1123.2
23090007088000,4,3,1,0
23090007089000,14,7,7,516.6
23090007090000,12,5,7,346.8
23090007091000,16,6,10,828.8
23090007100000,17,8,9,557.6
23090007101000,328,164,164,14989.6
23090007102000,12,7,5,596.4
23090007105000,5,2,3,287
23090007108000,13,9,4,568.1
23090007128000,4,3,1,0
23090007167000,14,9,5,529.2
23090007204000,11,5,6,490.6
23090007205000,4,2,2,0
23090007207000,7,3,4,329
23090007208000,4,2,2,0
23100006562000,8,4,4,399.2
23100006564000,5,3,2,335
23100006565000,9,3,6,414
23100006566000,17,6,11,632.4
23100006567000,8,4,4,390.4
23100006568000,12,6,6,470.4
23100006570000,4,2,2,0
23100006571000,12,8,4,444
23100006572000,26,10,16,850.2
23100006573000,4,0,4,0
23100006574000,11,6,5,435.6
23100006575000,4,2,2,0
23100006576000,20,9,11,492
23100006577000,20,11,9,946
23100006578000,19,11,8,1052.6
23100006579000,12,5,7,402
23100006581000,2,1,1,0
23100006587000,16,10,6,534.4
23100006588000,5,2,3,197
23100006589000,18,8,10,864
23100006590000,7,5,2,294
23100006591000,5,3,2,87
23100006592000,3,1,2,0
23100006593000,3,1,2,0
23100006594000,6,4,2,228
23100006595000,30,16,14,1305
23100006596000,204,110,94,8200.8
23100006597000,508,242,266,21742.4
23100006598000,448,215,233,19308.8
23100006599000,62,30,32,2132.8
23100006600000,4,2,2,0
23100006601000,16,6,10,761.6
23100006602000,6,1,5,286.8
23100006603000,18,11,7,784.8
23100006604000,27,12,15,1179.9
23100006605000,9,4,5,464.4
23100006606000,2,1,1,0
23100006607000,2,1,1,0
23100006624000,1,1,0,0
23100006625000,2,1,1,0
23100006627000,1,1,0,0
23100006646000,36,18,18,1418.4
23100006648000,5,1,4,115
23100006649000,9,4,5,262.8
23100006650000,2,1,1,0
23100006651000,1,0,1,0
23100006664000,2,1,1,0
23100006666000,5,2,3,228
23100006667000,4,2,2,0
23100006668000,9,5,4,570.6
23100006675000,49,23,26,1945.3
23100006676000,5,2,3,323
23100006678000,45,23,22,1755
23100006679000,7,5,2,347.2
23100006680000,3,0,3,0
23100006681000,15,7,8,634.5
23100006682000,17,10,7,737.8
23100006683000,22,14,8,992.2
23100006684000,5,2,3,228
23100006697000,16,8,8,800
23100006698000,38,17,21,1265.4
23100006699000,91,41,50,4013.1
23100006700000,18,7,11,671.4
23100006701000,3,1,2,0
23100006702000,20,12,8,930
23100006705000,10,6,4,337
23100006743000,4,3,1,0
23100006754000,35,20,15,1186.5
23100006755000,28,15,13,918.4
23100006756000,68,38,30,1808.8
23100006757000,2,1,1,0
23100006758000,7,3,4,361.9
23100006759000,12,6,6,453.6
23100006760000,17,8,9,890.8
23100006761000,32,18,14,1091.2
23100006762000,20,9,11,680
23100006763000,16,9,7,683.2
23100006764000,7,3,4,226.1
23100006765000,32,16,16,1276.8
23100006785000,2,1,1,0
23100006786000,1,0,1,0
23100006787000,6,2,4,267
23100006792000,2,2,0,0
23100006794000,4,2,2,0
23100006795000,8,6,2,223.2
23100006796000,2,1,1,0
23100006800000,33,16,17,1518
23100006801000,38,18,20,1330
23100006802000,2,2,0,0
23100006843000,4,2,2,0
23100006939000,17,10,7,873.8
23100006940000,2,1,1,0
23100006942000,26,15,11,889.2
23100006944000,7,2,5,366.1
23100006973000,118,48,70,4897
23100006974000,63,25,38,2368.8
23100006985000,9,3,6,347.4
23100007040000,12,6,6,510
23100007041000,9,7,2,392.4
23100007042000,11,5,6,469.7
23100007043000,20,10,10,634
23100007060000,4,3,1,0
23100007061000,9,4,5,496.8
23100007062000,15,8,7,535.5
23100007063000,9,5,4,333
23100007064000,7,4,3,305.2
23100007065000,16,8,8,708.8
23100007066000,32,17,15,1120
23100007067000,41,21,20,2066.4
23100007068000,8,3,5,400
23100007069000,109,57,52,3673.3
23100007070000,9,4,5,415.8
23100007080000,9,5,4,386.1
23100007085000,47,26,21,1480.5
23100007086000,36,16,20,1461.6
23100007087000,6,4,2,207
23100007088000,35,20,15,1613.5
23100007091000,20,9,11,958
23100007101000,61,35,26,2263.1
23100007105000,2,1,1,0
23100007107000,4,2,2,0
23100007108000,12,7,5,559.2
23100007130000,9,4,5,316.8
23100007166000,3,3,0,0
23100007199000,3,2,1,0
23100007204000,6,5,1,264
23100007209000,8,3,5,336.8
23110006564000,1,0,1,0
23110006565000,1,1,0,0
23110006566000,2,1,1,0
23110006567000,4,2,2,0
23110006568000,91,44,47,3503.5
23110006569000,165,75,90,8250
23110006570000,59,31,28,2749.4
23110006571000,71,35,36,2896.8
23110006572000,25,12,13,1245
23110006573000,19,10,9,556.7
23110006575000,10,6,4,483
23110006576000,8,4,4,378.4
23110006577000,4,2,2,0
23110006580000,2,1,1,0
23110006581000,16,10,6,593.6
23110006583000,2,1,1,0
23110006585000,8,5,3,508.8
23110006586000,1,1,0,0
23110006587000,17,8,9,690.2
23110006588000,2,1,1,0
23110006589000,22,12,10,1416.8
23110006591000,10,5,5,313
23110006592000,7,3,4,168.7
23110006593000,58,33,25,2117
23110006594000,7,4,3,354.9
23110006595000,4,3,1,0
23110006596000,14,7,7,498.4
23110006597000,350,179,171,15330
23110006598000,396,184,212,20037.6
23110006599000,21,10,11,770.7
23110006600000,5,2,3,334
23110006601000,43,23,20,1758.7
23110006602000,10,5,5,493
23110006603000,2,2,0,0
23110006604000,15,8,7,543
23110006605000,9,4,5,375.3
23110006626000,1,0,1,0
23110006627000,12,8,4,649.2
23110006628000,4,2,2,0
23110006629000,1,1,0,0
23110006630000,2,1,1,0
23110006631000,7,3,4,305.9
23110006664000,4,1,3,0
23110006665000,3,2,1,0
23110006666000,7,3,4,331.1
23110006667000,1,0,1,0
23110006669000,9,6,3,421.2
23110006675000,7,2,5,345.1
23110006676000,4,2,2,0
23110006678000,3,1,2,0
23110006679000,8,4,4,440
23110006680000,32,18,14,1424
23110006681000,57,27,30,2468.1
23110006682000,26,13,13,902.2
23110006683000,5,2,3,309
23110006684000,31,16,15,1370.2
23110006694000,6,3,3,240
23110006695000,8,4,4,502.4
23110006696000,7,5,2,259
23110006697000,9,5,4,440.1
23110006698000,24,11,13,1012.8
23110006699000,20,10,10,664
23110006700000,6,3,3,364.2
23110006703000,17,11,6,595
23110006704000,52,25,27,2116.4
23110006705000,8,4,4,352
23110006741000,3,1,2,0
23110006742000,8,5,3,227.2
23110006752000,2,1,1,0
23110006753000,4,1,3,0
23110006754000,7,4,3,333.2
23110006755000,616,323,293,24024
23110006756000,272,127,145,8214.4
23110006757000,33,15,18,1250.7
23110006758000,12,4,8,638.4
23110006759000,27,13,14,1269
23110006760000,65,36,29,2301
23110006761000,22,13,9,994.4
23110006762000,6,2,4,213
23110006764000,15,7,8,429
23110006765000,10,6,4,433
23110006767000,1,1,0,0
23110006786000,4,3,1,0
23110006787000,6,2,4,274.8
23110006788000,14,8,6,473.2
23110006789000,23,11,12,837.2
23110006790000,2,0,2,0
23110006791000,5,1,4,137
23110006794000,2,1,1,0
23110006795000,8,5,3,307.2
23110006800000,10,7,3,468
23110006801000,4,3,1,0
23110006939000,16,8,8,768
23110006940000,8,3,5,196.8
23110006943000,16,8,8,700.8
23110006944000,11,4,7,594
23110006945000,19,9,10,894.9
23110006946000,29,18,11,1064.3
23110006972000,38,18,20,1869.6
23110006973000,226,98,128,11571.2
23110006984000,5,3,2,112
23110006985000,21,10,11,1140.3
23110007003000,10,5,5,437
23110007039000,3,2,1,0
23110007040000,15,6,9,528
23110007043000,12,7,5,397.2
23110007044000,16,8,8,454.4
23110007060000,8,4,4,312.8
23110007061000,18,9,9,777.6
23110007062000,6,3,3,202.2
23110007063000,8,4,4,410.4
23110007064000,23,12,11,1005.1
23110007065000,25,11,14,1090
23110007066000,19,12,7,763.8
23110007067000,12,6,6,430.8
23110007068000,100,48,52,3540
23110007069000,1152,580,572,46886.4
23110007070000,436,214,222,16873.2
23110007080000,22,11,11,996.6
23110007081000,5,3,2,209
23110007085000,12,6,6,184.8
23110007086000,15,8,7,544.5
23110007087000,128,61,67,5068.8
23110007088000,30,16,14,900
23110007089000,3,2,1,0
23110007090000,6,4,2,211.2
23110007091000,9,5,4,318.6
23110007092000,8,3,5,332.8
23110007106000,5,4,1,102
23110007107000,1,1,0,0
23110007108000,16,9,7,505.6
23110007130000,6,4,2,298.8
23110007150000,1,1,0,0
23110007159000,4,2,2,0
23110007160000,1,0,1,0
23110007161000,5,3,2,201
23110007162000,8,4,4,338.4
23110007165000,2,1,1,0
23110007166000,1,1,0,0
23110007173000,11,4,7,262.9
23110007205000,2,2,0,0
23120006562000,2,1,1,0
23120006563000,12,7,5,576
23120006564000,4,2,2,0
23120006567000,1,0,1,0
23120006568000,26,14,12,1313
23120006569000,106,55,51,4081
23120006571000,12,4,8,501.6
23120006572000,8,4,4,555.2
23120006583000,8,4,4,348.8
23120006584000,5,2,3,127
23120006585000,4,2,2,0
23120006586000,9,6,3,417.6
23120006587000,18,9,9,462.6
23120006589000,38,22,16,1436.4
23120006590000,3,1,2,0
23120006592000,12,5,7,435.6
23120006593000,7,5,2,217.7
23120006594000,21,12,9,882
23120006595000,27,15,12,1158.3
23120006596000,12,8,4,477.6
23120006597000,9,4,5,250.2
23120006598000,16,6,10,467.2
23120006599000,21,12,9,905.1
23120006600000,18,7,11,545.4
23120006635000,8,4,4,444
23120006636000,3,2,1,0
23120006670000,4,2,2,0
23120006673000,15,8,7,723
23120006674000,32,16,16,1510.4
23120006675000,10,4,6,474
23120006676000,29,16,13,1119.4
23120006677000,6,4,2,180
23120006678000,8,4,4,464.8
23120006679000,28,14,14,1150.8
23120006680000,4,1,3,0
23120006681000,76,36,40,2682.8
23120006682000,25,11,14,945
23120006690000,5,2,3,196
23120006693000,19,11,8,482.6
23120006694000,25,13,12,1180
23120006695000,31,17,14,1240
23120006696000,11,6,5,665.5
23120006698000,49,27,22,1715
23120006699000,4,4,0,0
23120006700000,4,2,2,0
23120006701000,26,13,13,1471.6
23120006702000,26,11,15,1300
23120006703000,43,23,20,1634
23120006704000,23,10,13,1230.5
23120006739000,1,1,0,0
23120006740000,11,6,5,547.8
23120006741000,5,3,2,303
23120006752000,50,29,21,1990
23120006753000,140,77,63,4956
23120006754000,676,311,365,27648.4
23120006755000,362,185,177,13466.4
23120006756000,4,2,2,0
23120006757000,323,160,163,14147.4
23120006758000,76,37,39,2644.8
23120006759000,39,19,20,1864.2
23120006760000,4,2,2,0
23120006780000,10,7,3,480
23120006789000,2,1,1,0
23120006790000,5,2,3,270
23120006795000,1,0,1,0
23120006797000,2,2,0,0
23120006798000,6,4,2,87
23120006904000,5,4,1,315
23120006908000,6,4,2,379.2
23120006909000,7,5,2,464.8
23120006941000,24,14,10,1056
23120006942000,43,19,24,1255.6
23120006943000,16,8,8,870.4
23120006947000,26,13,13,860.6
23120006960000,6,2,4,144
23120006961000,3,2,1,0
23120006962000,1,0,1,0
23120006963000,4,2,2,0
23120006964000,3,1,2,0
23120006966000,5,3,2,305
23120006969000,2,1,1,0
23120006971000,17,9,8,664.7
23120006972000,130,66,64,5018
23120006973000,163,79,84,7286.1
23120006984000,2,1,1,0
23120007002000,3,1,2,0
23120007003000,6,4,2,382.8
23120007039000,6,3,3,285
23120007040000,20,9,11,678
23120007045000,34,17,17,1166.2
23120007061000,13,9,4,457.6
23120007062000,6,3,3,165
23120007063000,4,2,2,0
23120007064000,40,18,22,1356
23120007065000,17,9,8,792.2
23120007066000,21,11,10,915.6
23120007067000,29,14,15,1116.5
23120007068000,97,41,56,3559.9
23120007069000,88,45,43,3317.6
23120007070000,129,60,69,5456.7
23120007071000,21,10,11,709.8
23120007073000,5,2,3,119
23120007079000,5,3,2,228
23120007080000,20,10,10,870
23120007081000,13,4,9,462.8
23120007086000,25,13,12,1045
23120007087000,78,45,33,3260.4
23120007088000,20,10,10,894
23120007089000,20,12,8,806
23120007090000,32,15,17,1529.6
23120007091000,39,20,19,1248
23120007092000,37,16,21,1620.6
23120007102000,3,2,1,0
23120007109000,23,11,12,920
23120007131000,2,1,1,0
23120007173000,19,9,10,1001.3
23120007200000,2,1,1,0
23120007209000,8,6,2,211.2
23130006560000,35,19,16,1435
23130006561000,9,6,3,475.2
23130006562000,4,3,1,0
23130006564000,5,3,2,164
23130006565000,12,6,6,489.6
23130006567000,12,5,7,495.6
23130006568000,1,1,0,0
23130006569000,14,8,6,415.8
23130006570000,14,7,7,560
23130006573000,5,1,4,111
23130006579000,4,1,3,0
23130006583000,11,5,6,475.2
23130006586000,3,2,1,0
23130006588000,10,5,5,418
23130006589000,12,8,4,463.2
23130006590000,17,11,6,705.5
23130006591000,4,2,2,0
23130006592000,8,4,4,374.4
23130006593000,12,8,4,372
23130006597000,2,1,1,0
23130006598000,1,1,0,0
23130006610000,2,1,1,0
23130006631000,7,2,5,263.2
23130006632000,6,3,3,256.2
23130006635000,2,1,1,0
23130006638000,1,0,1,0
23130006639000,14,6,8,792.4
23130006640000,21,11,10,896.7
23130006641000,4,3,1,0
23130006649000,1,1,0,0
23130006656000,2,1,1,0
23130006663000,6,1,5,262.8
23130006672000,3,1,2,0
23130006673000,11,4,7,292.6
23130006674000,14,8,6,446.6
23130006675000,2,1,1,0
23130006676000,40,22,18,1992
23130006677000,33,19,14,1339.8
23130006678000,161,81,80,6407.8
23130006679000,107,49,58,3959
23130006680000,51,23,28,2142
23130006681000,194,93,101,7003.4
23130006682000,26,10,16,1224.6
23130006683000,45,23,22,1530
23130006684000,2,1,1,0
23130006688000,9,4,5,390.6
23130006689000,13,8,5,608.4
23130006690000,50,24,26,1745
23130006691000,26,15,11,1027
23130006692000,14,9,5,603.4
23130006693000,22,9,13,759
23130006698000,4,3,1,0
23130006699000,14,8,6,644
23130006700000,5,2,3,244
23130006701000,2,1,1,0
23130006703000,12,7,5,498
23130006704000,38,19,19,1835.4
23130006705000,36,20,16,1566
23130006706000,39,21,18,1567.8
23130006707000,8,4,4,192
23130006708000,6,3,3,337.2
23130006709000,26,13,13,1456
23130006710000,18,7,11,783
23130006738000,3,2,1,0
23130006739000,22,11,11,838.2
23130006740000,17,8,9,465.8
23130006750000,7,4,3,382.9
23130006751000,307,155,152,9486.3
23130006752000,1203,586,617,45714
23130006753000,844,369,475,35194.8
23130006754000,905,409,496,43621
23130006755000,1363,635,728,64061
23130006756000,965,471,494,39565
23130006757000,1164,569,595,44697.6
23130006758000,5,3,2,369
23130006759000,4,2,2,0
23130006778000,2,1,1,0
23130006902000,1,0,1,0
23130006909000,7,4,3,329.7
23130006910000,3,1,2,0
23130006928000,7,4,3,207.9
23130006929000,8,6,2,356.8
23130006931000,5,1,4,344
23130006941000,14,10,4,445.2
23130006942000,528,272,256,19272
23130006943000,525,257,268,21577.5
23130006944000,471,222,249,20253
23130006945000,264,135,129,10164
23130006947000,20,11,9,864
23130006949000,2,1,1,0
23130006958000,1,1,0,0
23130006964000,4,3,1,0
23130006965000,2,1,1,0
23130006966000,7,4,3,294.7
23130006967000,15,5,10,622.5
23130006968000,10,6,4,461
23130006969000,18,10,8,741.6
23130006970000,40,25,15,1668
23130006971000,38,22,16,1755.6
23130006972000,39,16,23,1934.4
23130006973000,7,5,2,291.2
23130007002000,7,4,3,347.9
23130007003000,17,8,9,763.3
23130007037000,4,2,2,0
23130007038000,2,1,1,0
23130007039000,28,14,14,1044.4
23130007040000,44,25,19,1760
23130007045000,10,5,5,586
23130007059000,6,4,2,246
23130007062000,10,4,6,383
23130007063000,2,1,1,0
23130007064000,96,45,51,3705.6
23130007065000,76,42,34,2720.8
23130007066000,50,26,24,2105
23130007067000,9,4,5,306.9
23130007068000,46,22,24,1646.8
23130007069000,9,3,6,371.7
23130007070000,96,43,53,3417.6
23130007071000,61,30,31,2177.7
23130007072000,36,17,19,1220.4
23130007073000,19,11,8,739.1
23130007074000,19,10,9,699.2
23130007075000,11,7,4,280.5
23130007080000,6,4,2,265.8
23130007081000,14,8,6,666.4
23130007086000,10,9,1,298
23130007087000,23,10,13,1037.3
23130007088000,29,14,15,1180.3
23130007090000,13,3,10,432.9
23130007091000,8,4,4,434.4
23130007092000,135,72,63,5089.5
23130007093000,34,15,19,1234.2
23130007102000,4,2,2,0
23130007103000,15,6,9,433.5
23130007109000,6,4,2,196.2
23130007110000,2,1,1,0
23130007117000,1,1,0,0
23130007159000,26,13,13,951.6
23130007173000,8,4,4,484.8
23130007202000,3,2,1,0
23130007203000,1,1,0,0
23130007208000,6,3,3,292.2
23140006560000,58,31,27,2447.6
23140006561000,15,6,9,459
23140006570000,8,5,3,231.2
23140006572000,4,2,2,0
23140006573000,11,7,4,453.2
23140006582000,1,1,0,0
23140006583000,3,3,0,0
23140006586000,12,5,7,354
23140006587000,13,7,6,439.4
23140006588000,16,10,6,568
23140006589000,14,7,7,439.6
23140006590000,5,3,2,94
23140006592000,23,13,10,791.2
23140006593000,3,2,1,0
23140006594000,2,2,0,0
23140006632000,8,4,4,350.4
23140006633000,1,1,0,0
23140006635000,6,3,3,318
23140006638000,3,1,2,0
23140006639000,32,18,14,1171.2
23140006641000,18,9,9,829.8
23140006653000,11,6,5,408.1
23140006671000,1,1,0,0
23140006672000,18,9,9,815.4
23140006673000,15,10,5,619.5
23140006674000,27,12,15,1250.1
23140006675000,26,14,12,1193.4
23140006676000,37,18,19,1361.6
23140006677000,15,7,8,537
23140006678000,19,10,9,843.6
23140006679000,32,16,16,1404.8
23140006680000,35,20,15,1382.5
23140006681000,6,2,4,177
23140006682000,30,11,19,1200
23140006683000,28,15,13,1022
23140006685000,15,5,10,721.5
23140006686000,22,10,12,1058.2
23140006687000,28,14,14,1204
23140006688000,93,46,47,3561.9
23140006689000,75,41,34,3217.5
23140006690000,34,17,17,1247.8
23140006691000,37,17,20,1705.7
23140006692000,17,12,5,637.5
23140006693000,4,2,2,0
23140006694000,2,1,1,0
23140006695000,2,1,1,0
23140006701000,10,4,6,243
23140006703000,26,12,14,1222
23140006704000,74,41,33,2664
23140006705000,91,48,43,4186
23140006706000,107,49,58,3841.3
23140006707000,74,37,37,3108
23140006708000,198,106,92,8672.4
23140006709000,134,71,63,5681.6
23140006710000,40,26,14,1756
23140006711000,1,0,1,0
23140006738000,1,0,1,0
23140006747000,63,29,34,2898
23140006748000,5,3,2,175
23140006749000,8,5,3,300.8
23140006750000,67,30,37,2693.4
23140006751000,267,135,132,9478.5
23140006752000,1639,756,883,60151.3
23140006753000,895,441,454,37679.5
23140006754000,574,276,298,29159.2
23140006755000,607,294,313,23733.7
23140006756000,752,342,410,26620.8
23140006757000,3,1,2,0
23140006789000,8,4,4,296
23140006901000,4,3,1,0
23140006902000,11,7,4,383.9
23140006926000,3,2,1,0
23140006927000,24,12,12,1000.8
23140006928000,26,15,11,915.2
23140006929000,11,4,7,457.6
23140006941000,18,9,9,779.4
23140006942000,271,126,145,11354.9
23140006943000,1166,550,616,51187.4
23140006944000,377,192,185,18246.8
23140006948000,6,3,3,208.2
23140006949000,32,17,15,1289.6
23140006950000,8,3,5,314.4
23140006956000,2,0,2,0
23140006965000,16,8,8,683.2
23140006966000,4,2,2,0
23140006967000,11,7,4,556.6
23140006968000,8,4,4,322.4
23140006969000,26,16,10,1042.6
23140006970000,10,5,5,411
23140006971000,11,6,5,500.5
23140007003000,17,8,9,805.8
23140007033000,1,1,0,0
23140007034000,2,1,1,0
23140007036000,4,2,2,0
23140007039000,2,1,1,0
23140007040000,5,2,3,98
23140007042000,13,7,6,334.1
23140007045000,14,9,5,634.2
23140007057000,3,2,1,0
23140007058000,14,8,6,576.8
23140007060000,1,1,0,0
23140007061000,5,3,2,211
23140007062000,42,24,18,1499.4
23140007064000,14,4,10,628.6
23140007065000,22,11,11,721.6
23140007066000,50,22,28,1895
23140007067000,26,12,14,1123.2
23140007068000,16,6,10,740.8
23140007069000,48,27,21,1689.6
23140007070000,30,16,14,1104
23140007071000,46,22,24,2263.2
23140007072000,21,10,11,703.5
23140007073000,385,190,195,11473
23140007074000,16,10,6,545.6
23140007075000,34,15,19,1451.8
23140007080000,6,2,4,211.2
23140007087000,15,9,6,508.5
23140007088000,39,19,20,1567.8
23140007090000,12,4,8,390
23140007092000,6,2,4,172.8
23140007093000,84,41,43,3208.8
23140007094000,9,5,4,344.7
23140007095000,2,1,1,0
23140007103000,31,12,19,1047.8
23140007104000,3,2,1,0
23140007107000,27,13,14,1112.4
23140007108000,12,4,8,363.6
23140007109000,5,2,3,358
23140007110000,60,26,34,2538
23140007130000,9,5,4,432
23140007151000,21,11,10,1117.2
23140007152000,8,3,5,355.2
23140007157000,46,22,24,1867.6
23140007158000,14,6,8,658
23140007173000,4,2,2,0
23140007199000,6,3,3,373.2
23140007200000,9,5,4,312.3
23140007202000,2,1,1,0
23140007205000,6,4,2,276
23140007206000,17,8,9,912.9
23140007208000,12,4,8,472.8
23140007209000,6,4,2,352.8
23150006559000,4,2,2,0
23150006560000,6,4,2,283.2
23150006571000,1,1,0,0
23150006572000,11,7,4,344.3
23150006573000,1,1,0,0
23150006585000,5,3,2,156
23150006589000,2,1,1,0
23150006591000,5,3,2,265
23150006598000,2,1,1,0
23150006633000,21,11,10,957.6
23150006634000,23,13,10,669.3
23150006635000,22,10,12,642.4
23150006636000,4,2,2,0
23150006637000,8,4,4,384.8
23150006638000,33,18,15,1125.3
23150006639000,11,4,7,481.8
23150006648000,3,2,1,0
23150006656000,5,3,2,315
23150006657000,3,1,2,0
23150006662000,2,1,1,0
23150006672000,3,2,1,0
23150006676000,17,8,9,744.6
23150006677000,15,10,5,516
23150006678000,21,14,7,1064.7
23150006679000,61,32,29,2562
23150006680000,36,22,14,1764
23150006681000,16,9,7,726.4
23150006682000,14,9,5,757.4
23150006683000,24,14,10,837.6
23150006684000,437,188,249,21937.4
23150006685000,87,44,43,3105.9
23150006686000,31,16,15,1094.3
23150006687000,28,15,13,1363.6
23150006688000,32,17,15,1062.4
23150006689000,24,11,13,1027.2
23150006690000,19,7,12,815.1
23150006691000,36,18,18,1548
23150006692000,27,15,12,1441.8
23150006693000,8,5,3,532
23150006694000,2,1,1,0
23150006698000,2,2,0,0
23150006700000,20,9,11,754
23150006701000,54,27,27,2505.6
23150006702000,112,54,58,3617.6
23150006703000,195,79,116,10588.5
23150006704000,100,52,48,4440
23150006705000,43,22,21,1711.4
23150006706000,30,15,15,1104
23150006707000,42,24,18,1701
23150006708000,84,40,44,3864
23150006709000,55,29,26,2464
23150006710000,4,2,2,0
23150006745000,4,2,2,0
23150006746000,28,15,13,1192.8
23150006747000,35,16,19,1522.5
23150006748000,47,24,23,1795.4
23150006749000,43,19,24,1509.3
23150006750000,29,19,10,1055.6
23150006751000,4,2,2,0
23150006755000,41,18,23,1590.8
23150006756000,343,167,176,13205.5
23150006757000,27,15,12,972
23150006758000,11,5,6,365.2
23150006761000,28,15,13,1223.6
23150006762000,23,13,10,1039.6
23150006763000,4,1,3,0
23150006781000,2,1,1,0
23150006789000,6,3,3,405
23150006902000,4,2,2,0
23150006926000,2,1,1,0
23150006928000,2,1,1,0
23150006940000,13,4,9,487.5
23150006941000,7,3,4,317.8
23150006942000,4,2,2,0
23150006943000,95,24,71,7296
23150006944000,13,4,9,375.7
23150006946000,1,1,0,0
23150006949000,1,1,0,0
23150006950000,7,3,4,326.2
23150006954000,8,3,5,387.2
23150006955000,13,7,6,483.6
23150006969000,8,6,2,444.8
23150007001000,5,3,2,306
23150007002000,8,5,3,468
23150007003000,1,1,0,0
23150007042000,8,3,5,484.8
23150007044000,16,9,7,574.4
23150007045000,17,10,7,572.9
23150007059000,25,12,13,945
23150007060000,17,8,9,632.4
23150007061000,42,20,22,1453.2
23150007062000,108,56,52,4449.6
23150007070000,38,20,18,1622.6
23150007071000,365,194,171,12081.5
23150007072000,37,19,18,1080.4
23150007073000,340,160,180,13838
23150007074000,293,142,151,10870.3
23150007075000,303,150,153,10271.7
23150007087000,77,37,40,3364.9
23150007088000,137,65,72,4397.7
23150007089000,3,1,2,0
23150007090000,1,1,0,0
23150007091000,4,2,2,0
23150007093000,13,7,6,509.6
23150007094000,13,5,8,445.9
23150007095000,10,4,6,329
23150007096000,5,3,2,184
23150007104000,9,6,3,387
23150007105000,17,7,10,826.2
23150007106000,1,0,1,0
23150007107000,5,2,3,347
23150007108000,49,26,23,3028.2
23150007109000,466,235,231,20224.4
23150007110000,490,237,253,22099
23150007111000,49,22,27,2126.6
23150007112000,2,1,1,0
23150007113000,9,5,4,189.9
23150007116000,1,0,1,0
23150007118000,6,3,3,307.8
23150007123000,26,14,12,949
23150007124000,8,5,3,370.4
23150007125000,12,8,4,405.6
23150007126000,5,4,1,316
23150007127000,6,3,3,268.2
23150007128000,14,8,6,456.4
23150007130000,21,13,8,716.1
23150007131000,11,7,4,478.5
23150007132000,6,3,3,382.8
23150007133000,30,16,14,1143
23150007134000,9,3,6,398.7
23150007152000,15,8,7,712.5
23150007157000,73,34,39,3679.2
23150007158000,8,1,7,499.2
23150007171000,13,8,5,568.1
23150007172000,10,6,4,417
23150007197000,5,2,3,128
23150007198000,18,10,8,759.6
23150007199000,4,3,1,0
23150007200000,27,15,12,899.1
23150007201000,4,2,2,0
23150007202000,5,3,2,75
23150007203000,7,5,2,186.2
23150007205000,1,1,0,0
23150007207000,3,2,1,0
23150007210000,3,2,1,0
23150007211000,11,4,7,555.5
23160006573000,4,3,1,0
23160006576000,3,2,1,0
23160006633000,23,13,10,936.1
23160006634000,103,51,52,3975.8
23160006635000,56,31,25,2576
23160006636000,198,95,103,8454.6
23160006637000,17,8,9,1164.5
23160006638000,32,14,18,1142.4
23160006639000,15,10,5,748.5
23160006654000,7,5,2,454.3
23160006662000,2,1,1,0
23160006672000,9,5,4,306.9
23160006677000,1,1,0,0
23160006679000,9,4,5,356.4
23160006680000,9,4,5,460.8
23160006681000,12,4,8,453.6
23160006682000,619,321,298,25317.1
23160006683000,564,276,288,24985.2
23160006684000,533,246,287,25104.3
23160006685000,100,43,57,4150
23160006686000,6,4,2,211.2
23160006688000,27,14,13,1188
23160006689000,15,7,8,514.5
23160006690000,18,9,9,556.2
23160006697000,4,2,2,0
23160006698000,22,12,10,983.4
23160006699000,24,13,11,969.6
23160006700000,31,17,14,1156.3
23160006701000,23,13,10,1219
23160006702000,32,19,13,1481.6
23160006703000,29,10,19,1313.7
23160006704000,13,7,6,600.6
23160006705000,6,3,3,337.2
23160006746000,31,17,14,1286.5
23160006747000,63,30,33,2349.9
23160006748000,197,106,91,8431.6
23160006749000,54,29,25,2489.4
23160006750000,2,1,1,0
23160006755000,5,1,4,122
23160006756000,5,2,3,211
23160006757000,157,82,75,5871.8
23160006758000,223,122,101,7805
23160006759000,6,2,4,304.2
23160006760000,13,7,6,725.4
23160006761000,79,41,38,2583.3
23160006762000,55,26,29,2134
23160006763000,3,1,2,0
23160006764000,41,22,19,1517
23160006765000,1,0,1,0
23160006776000,4,3,1,0
23160006777000,8,5,3,428
23160006779000,1,1,0,0
23160006780000,6,5,1,250.2
23160006781000,3,2,1,0
23160006901000,8,5,3,192
23160006902000,30,15,15,1500
23160006905000,1,1,0,0
23160006918000,6,2,4,237
23160006939000,8,4,4,439.2
23160006940000,5,3,2,288
23160006941000,9,6,3,308.7
23160006945000,9,4,5,340.2
23160006950000,5,3,2,193
23160006952000,12,8,4,475.2
23160006953000,7,4,3,413
23160006954000,129,55,74,5314.8
23160007002000,1,1,0,0
23160007015000,1,1,0,0
23160007033000,3,1,2,0
23160007041000,7,3,4,237.3
23160007042000,1,1,0,0
23160007045000,7,4,3,233.8
23160007046000,6,3,3,204
23160007059000,4,3,1,0
23160007060000,4,2,2,0
23160007061000,15,8,7,649.5
23160007062000,9,5,4,321.3
23160007068000,12,4,8,486
23160007069000,9,6,3,393.3
23160007070000,8,5,3,202.4
23160007071000,814,427,387,25478.2
23160007072000,418,205,213,15507.8
23160007073000,140,51,89,6398
23160007074000,1489,727,762,62538
23160007075000,725,348,377,29870
23160007076000,26,12,14,1016.6
23160007087000,53,26,27,2411.5
23160007088000,171,94,77,6344.1
23160007089000,57,29,28,2154.6
23160007090000,15,7,8,601.5
23160007091000,20,10,10,700
23160007092000,10,4,6,256
23160007094000,26,15,11,1185.6
23160007097000,1,0,1,0
23160007105000,8,4,4,408.8
23160007106000,8,5,3,464
23160007107000,10,5,5,361
23160007108000,34,18,16,1183.2
23160007109000,33,18,15,1072.5
23160007110000,35,21,14,1277.5
23160007111000,155,80,75,6432.5
23160007112000,142,72,70,6276.4
23160007113000,25,15,10,1100
23160007117000,6,4,2,324
23160007118000,20,10,10,716
23160007122000,41,22,19,1689.2
23160007123000,69,34,35,2856.6
23160007124000,9,5,4,360
23160007126000,78,38,40,3455.4
23160007127000,222,93,129,11721.6
23160007128000,32,18,14,1417.6
23160007129000,48,26,22,1723.2
23160007130000,15,8,7,685.5
23160007132000,12,8,4,424.8
23160007134000,2,1,1,0
23160007135000,23,13,10,1186.8
23160007136000,6,3,3,345
23160007137000,4,3,1,0
23160007148000,15,9,6,373.5
23160007149000,8,5,3,406.4
23160007150000,28,15,13,1467.2
23160007151000,1,0,1,0
23160007152000,3,1,2,0
23160007153000,7,3,4,200.9
23160007166000,14,8,6,614.6
23160007171000,2,1,1,0
23160007197000,9,6,3,276.3
23160007198000,10,7,3,354
23160007199000,17,8,9,508.3
23160007203000,1,1,0,0
23160007204000,6,4,2,454.2
23160007205000,4,2,2,0
23160007211000,2,1,1,0
23170006573000,6,3,3,316.2
23170006574000,2,1,1,0
23170006626000,2,1,1,0
23170006648000,1,1,0,0
23170006649000,5,3,2,292
23170006654000,14,7,7,751.8
23170006655000,2,1,1,0
23170006660000,6,3,3,187.2
23170006661000,8,4,4,115.2
23170006679000,2,1,1,0
23170006682000,26,14,12,1079
23170006683000,73,43,30,3160.9
23170006684000,121,58,63,4864.2
23170006685000,17,5,12,907.8
23170006686000,28,9,19,943.6
23170006689000,4,3,1,0
23170006690000,14,6,8,645.4
23170006697000,29,16,13,1537
23170006698000,131,70,61,5672.3
23170006699000,42,23,19,1776.6
23170006700000,12,5,7,556.8
23170006701000,10,5,5,396
23170006703000,2,1,1,0
23170006745000,2,2,0,0
23170006746000,10,6,4,396
23170006747000,221,106,115,9436.7
23170006748000,114,60,54,4560
23170006749000,27,13,14,909.9
23170006758000,83,47,36,3012.9
23170006759000,40,20,20,1940
23170006760000,37,13,24,1735.3
23170006761000,3,2,1,0
23170006763000,9,4,5,461.7
23170006774000,1,1,0,0
23170006780000,1,1,0,0
23170006901000,3,1,2,0
23170006902000,11,6,5,666.6
23170006917000,2,1,1,0
23170006918000,15,8,7,523.5
23170006919000,1,1,0,0
23170006938000,10,2,8,413
23170006950000,5,3,2,202
23170006953000,16,9,7,726.4
23170006954000,96,50,46,4108.8
23170007033000,2,1,1,0
23170007041000,14,7,7,597.8
23170007042000,9,6,3,399.6
23170007044000,4,2,2,0
23170007045000,5,2,3,155
23170007046000,2,1,1,0
23170007060000,10,6,4,308
23170007061000,23,9,14,614.1
23170007062000,2,1,1,0
23170007069000,7,4,3,273.7
23170007070000,27,16,11,1107
23170007071000,134,60,74,4998.2
23170007072000,119,57,62,4724.3
23170007073000,1855,904,951,76240.5
23170007074000,965,437,528,49697.5
23170007087000,235,109,126,11750
23170007088000,358,162,196,13281.8
23170007089000,36,18,18,1760.4
23170007090000,31,17,14,914.5
23170007092000,49,22,27,2067.8
23170007093000,31,17,14,1503.5
23170007094000,19,10,9,697.3
23170007096000,7,3,4,275.1
23170007097000,14,6,8,421.4
23170007098000,1,0,1,0
23170007105000,1,0,1,0
23170007108000,2,1,1,0
23170007109000,15,6,9,631.5
23170007110000,1,1,0,0
23170007111000,14,7,7,659.4
23170007112000,29,14,15,1003.4
23170007113000,15,8,7,438
23170007117000,26,13,13,769.6
23170007118000,13,8,5,357.5
23170007120000,4,1,3,0
23170007121000,12,6,6,530.4
23170007122000,38,22,16,1364.2
23170007123000,18,11,7,748.8
23170007124000,21,12,9,999.6
23170007125000,4,2,2,0
23170007126000,63,36,27,2690.1
23170007127000,38,19,19,1660.6
23170007128000,1,1,0,0
23170007129000,25,16,9,635
23170007130000,2,1,1,0
23170007136000,105,52,53,4095
23170007137000,8,6,2,336
23170007138000,7,4,3,224
23170007149000,2,1,1,0
23170007150000,4,3,1,0
23170007166000,19,11,8,564.3
23170007167000,10,5,5,441
23170007173000,19,11,8,644.1
23170007183000,56,25,31,2161.6
23170007197000,5,2,3,271
23170007198000,1,0,1,0
23170007203000,9,5,4,285.3
23180006573000,5,3,2,284
23180006625000,4,2,2,0
23180006626000,21,12,9,858.9
23180006630000,2,1,1,0
23180006640000,2,2,0,0
23180006649000,7,3,4,235.9
23180006650000,6,2,4,232.2
23180006652000,2,1,1,0
23180006655000,2,1,1,0
23180006657000,2,1,1,0
23180006667000,7,4,3,406.7
23180006681000,6,3,3,306
23180006682000,85,43,42,3995
23180006683000,16,9,7,889.6
23180006684000,10,4,6,522
23180006685000,36,20,16,1407.6
23180006688000,2,0,2,0
23180006689000,4,3,1,0
23180006693000,16,8,8,486.4
23180006694000,31,17,14,1813.5
23180006695000,9,4,5,307.8
23180006696000,5,2,3,272
23180006697000,13,7,6,587.6
23180006698000,25,11,14,1242.5
23180006699000,3,3,0,0
23180006745000,25,14,11,1205
23180006746000,56,32,24,2161.6
23180006747000,24,12,12,777.6
23180006748000,65,28,37,2210
23180006749000,58,33,25,2395.4
23180006750000,6,2,4,184.2
23180006753000,3,1,2,0
23180006758000,51,29,22,2101.2
23180006759000,30,16,14,1257
23180006760000,32,20,12,1315.2
23180006761000,53,28,25,2178.3
23180006762000,3,1,2,0
23180006763000,12,6,6,645.6
23180006764000,35,20,15,1484
23180006765000,6,4,2,262.2
23180006874000,1,1,0,0
23180006937000,2,2,0,0
23180006945000,3,2,1,0
23180006948000,2,1,1,0
23180006954000,17,9,8,741.2
23180006999000,12,6,6,447.6
23180007041000,45,23,22,1719
23180007042000,19,10,9,775.2
23180007044000,8,5,3,231.2
23180007045000,19,11,8,815.1
23180007046000,58,30,28,1989.4
23180007059000,14,6,8,561.4
23180007060000,6,4,2,325.8
23180007069000,9,4,5,313.2
23180007070000,15,7,8,538.5
23180007071000,20,13,7,862
23180007072000,88,45,43,4259.2
23180007073000,920,455,465,33948
23180007074000,523,248,275,18566.5
23180007075000,1,1,0,0
23180007084000,3,1,2,0
23180007085000,11,5,6,452.1
23180007086000,49,22,27,1641.5
23180007087000,224,109,115,10035.2
23180007088000,341,148,193,17356.9
23180007089000,102,51,51,4804.2
23180007090000,32,17,15,1059.2
23180007091000,9,6,3,407.7
23180007092000,7,4,3,296.1
23180007093000,30,16,14,921
23180007094000,13,6,7,434.2
23180007095000,16,10,6,624
23180007096000,7,4,3,168.7
23180007097000,25,14,11,750
23180007098000,51,27,24,1795.2
23180007099000,8,4,4,303.2
23180007106000,13,8,5,825.5
23180007109000,3,2,1,0
23180007110000,6,4,2,208.8
23180007111000,4,2,2,0
23180007113000,13,7,6,522.6
23180007117000,11,7,4,449.9
23180007118000,16,8,8,630.4
23180007119000,4,3,1,0
23180007120000,22,9,13,646.8
23180007121000,26,13,13,782.6
23180007122000,11,5,6,295.9
23180007123000,7,3,4,424.9
23180007124000,25,12,13,1160
23180007129000,17,8,9,581.4
23180007130000,11,6,5,629.2
23180007138000,7,3,4,329.7
23180007142000,6,3,3,112.8
23180007143000,15,7,8,271.5
23180007155000,2,1,1,0
23180007156000,2,1,1,0
23180007159000,13,6,7,789.1
23180007165000,2,0,2,0
23180007166000,2,1,1,0
23180007167000,2,2,0,0
23180007168000,2,1,1,0
23180007174000,15,9,6,534
23180007175000,4,1,3,0
23180007176000,1,0,1,0
23180007177000,11,7,4,341
23180007183000,77,35,42,2941.4
23180007184000,20,12,8,642
23180007196000,15,6,9,681
23180007197000,23,10,13,887.8
23180007202000,2,1,1,0
23180007203000,2,1,1,0
23180007205000,30,18,12,1098
23180007206000,4,1,3,0
23180007207000,2,1,1,0
23180007208000,7,5,2,426.3
23180007211000,1,1,0,0
23190006620000,3,1,2,0
23190006623000,8,6,2,248.8
23190006624000,64,36,28,2752
23190006625000,20,12,8,774
23190006631000,3,2,1,0
23190006636000,4,2,2,0
23190006640000,2,1,1,0
23190006651000,3,1,2,0
23190006655000,2,1,1,0
23190006658000,1,0,1,0
23190006667000,19,11,8,915.8
23190006668000,8,3,5,250.4
23190006681000,24,16,8,1180.8
23190006682000,21,9,12,909.3
23190006683000,9,5,4,433.8
23190006688000,22,10,12,906.4
23190006689000,3,2,1,0
23190006690000,6,4,2,205.2
23190006691000,18,10,8,855
23190006692000,45,25,20,1917
23190006693000,13,7,6,530.4
23190006694000,14,9,5,662.2
23190006695000,23,14,9,1145.4
23190006744000,17,9,8,793.9
23190006745000,7,3,4,434.7
23190006746000,30,18,12,1110
23190006747000,5,4,1,192
23190006748000,26,14,12,1079
23190006749000,56,24,32,2648.8
23190006754000,3,2,1,0
23190006755000,17,9,8,697
23190006758000,25,11,14,952.5
23190006759000,60,32,28,2538
23190006760000,65,35,30,2600
23190006761000,80,43,37,3072
23190006762000,2,1,1,0
23190006763000,63,33,30,2501.1
23190006764000,8,2,6,288
23190006773000,3,1,2,0
23190006807000,3,3,0,0
23190006810000,3,2,1,0
23190006812000,3,2,1,0
23190006936000,9,5,4,450
23190006945000,3,1,2,0
23190006946000,1,1,0,0
23190006956000,4,2,2,0
23190006999000,16,9,7,680
23190007000000,6,5,1,202.2
23190007034000,1,0,1,0
23190007041000,9,6,3,369
23190007042000,19,10,9,798
23190007045000,34,19,15,1190
23190007046000,1,1,0,0
23190007047000,12,7,5,351.6
23190007048000,12,7,5,386.4
23190007058000,1,1,0,0
23190007059000,11,4,7,378.4
23190007060000,2,2,0,0
23190007069000,13,7,6,483.6
23190007070000,18,12,6,565.2
23190007071000,16,10,6,670.4
23190007072000,38,19,19,1489.6
23190007073000,49,25,24,1607.2
23190007074000,109,60,49,3716.9
23190007075000,30,17,13,1110
23190007076000,13,8,5,637
23190007084000,23,11,12,959.1
23190007085000,10,4,6,476
23190007086000,22,15,7,1086.8
23190007090000,6,4,2,283.8
23190007091000,27,13,14,1266.3
23190007092000,13,6,7,331.5
23190007093000,23,10,13,768.2
23190007094000,13,5,8,460.2
23190007095000,20,12,8,1022
23190007096000,24,11,13,1015.2
23190007097000,108,52,56,3650.4
23190007098000,215,108,107,8041
23190007106000,12,7,5,550.8
23190007108000,3,1,2,0
23190007109000,7,4,3,240.8
23190007110000,19,11,8,678.3
23190007111000,4,2,2,0
23190007113000,15,11,4,486
23190007115000,15,5,10,484.5
23190007116000,5,1,4,133
23190007117000,41,23,18,1886
23190007118000,19,11,8,875.9
23190007119000,11,5,6,540.1
23190007120000,10,5,5,537
23190007124000,4,3,1,0
23190007130000,12,6,6,480
23190007139000,5,2,3,162
23190007140000,5,4,1,315
23190007159000,21,9,12,802.2
23190007166000,20,11,9,682
23190007167000,2,1,1,0
23190007168000,21,11,10,1020.6
23190007172000,6,2,4,219
23190007173000,4,2,2,0
23190007175000,14,6,8,775.6
23190007176000,11,7,4,256.3
23190007183000,2,1,1,0
23190007184000,2,1,1,0
23190007196000,19,12,7,630.8
23190007197000,11,6,5,354.2
23190007198000,12,4,8,350.4
23190007204000,10,7,3,394
23190007205000,18,9,9,718.2
23190007206000,1,1,0,0
23200006620000,2,1,1,0
23200006622000,1,1,0,0
23200006623000,10,6,4,495
23200006624000,20,12,8,1060
23200006625000,20,10,10,750
23200006626000,27,12,15,963.9
23200006627000,161,71,90,7325.5
23200006628000,10,3,7,541
23200006629000,3,2,1,0
23200006631000,1,1,0,0
23200006641000,10,5,5,362
23200006643000,1,1,0,0
23200006654000,5,2,3,239
23200006658000,3,2,1,0
23200006668000,11,6,5,580.8
23200006669000,21,9,12,913.5
23200006679000,4,1,3,0
23200006680000,15,8,7,616.5
23200006681000,32,16,16,1561.6
23200006682000,35,20,15,1095.5
23200006683000,14,5,9,760.2
23200006684000,19,12,7,841.7
23200006685000,20,8,12,864
23200006686000,15,7,8,568.5
23200006687000,11,6,5,546.7
23200006688000,6,3,3,162
23200006689000,29,14,15,1365.9
23200006690000,23,11,12,936.1
23200006691000,8,5,3,396.8
23200006692000,3,1,2,0
23200006695000,3,2,1,0
23200006697000,8,5,3,474.4
23200006698000,4,3,1,0
23200006740000,23,10,13,738.3
23200006741000,12,6,6,374.4
23200006742000,16,8,8,505.6
23200006743000,41,23,18,1500.6
23200006744000,14,9,5,649.6
23200006745000,110,55,55,3762
23200006746000,53,27,26,2146.5
23200006747000,9,5,4,314.1
23200006755000,10,3,7,447
23200006758000,6,4,2,246
23200006759000,20,12,8,598
23200006761000,3,2,1,0
23200006762000,38,16,22,1622.6
23200006763000,8,5,3,220.8
23200006764000,20,9,11,822
23200006765000,27,12,15,1204.2
23200006766000,13,8,5,552.5
23200006769000,3,1,2,0
23200006771000,1,0,1,0
23200006807000,1,1,0,0
23200006808000,7,2,5,273
23200006945000,6,2,4,139.8
23200006946000,24,12,12,1082.4
23200006953000,7,4,3,508.9
23200006955000,1,1,0,0
23200006956000,4,1,3,0
23200006996000,4,2,2,0
23200006997000,38,18,20,1318.6
23200007041000,22,10,12,715
23200007042000,11,4,7,499.4
23200007045000,8,5,3,331.2
23200007048000,4,3,1,0
23200007069000,5,3,2,98
23200007070000,22,13,9,1181.4
23200007071000,47,26,21,1438.2
23200007072000,37,22,15,1295
23200007073000,27,15,12,739.8
23200007074000,25,13,12,842.5
23200007075000,72,37,35,2995.2
23200007076000,28,14,14,786.8
23200007084000,11,6,5,442.2
23200007085000,10,6,4,380
23200007093000,8,6,2,404.8
23200007094000,18,9,9,621
23200007095000,16,9,7,734.4
23200007096000,66,37,29,2356.2
23200007097000,220,110,110,8866
23200007098000,15,7,8,655.5
23200007106000,91,51,40,3403.4
23200007108000,5,2,3,90
23200007109000,20,10,10,960
23200007110000,20,10,10,894
23200007111000,21,13,8,585.9
23200007112000,6,2,4,301.8
23200007114000,10,4,6,302
23200007115000,48,24,24,1800
23200007116000,41,21,20,1726.1
23200007117000,3,3,0,0
23200007130000,6,3,3,238.2
23200007139000,4,3,1,0
23200007140000,16,9,7,892.8
23200007159000,20,11,9,1156
23200007160000,10,3,7,521
23200007162000,10,5,5,560
23200007163000,35,17,18,1225
23200007164000,1,1,0,0
23200007167000,14,7,7,618.8
23200007168000,8,4,4,436.8
23200007169000,8,6,2,228.8
23200007173000,18,8,10,736.2
23200007175000,3,2,1,0
23200007185000,12,6,6,615.6
23200007194000,1,1,0,0
23200007195000,12,6,6,578.4
23200007196000,8,3,5,322.4
23200007197000,186,83,103,6007.8
23200007198000,424,225,199,13144
23200007204000,8,2,6,283.2
23200007205000,2,1,1,0
23210006618000,4,2,2,0
23210006624000,1,0,1,0
23210006625000,2,1,1,0
23210006626000,17,10,7,615.4
23210006627000,96,55,41,3820.8
23210006628000,86,45,41,4351.6
23210006629000,27,15,12,1266.3
23210006630000,18,11,7,918
23210006631000,5,3,2,227
23210006639000,6,3,3,345
23210006641000,2,1,1,0
23210006648000,4,3,1,0
23210006649000,4,3,1,0
23210006655000,8,3,5,442.4
23210006658000,2,1,1,0
23210006663000,9,7,2,344.7
23210006664000,1,1,0,0
23210006668000,1,1,0,0
23210006679000,13,7,6,677.3
23210006680000,30,13,17,1227
23210006681000,21,10,11,1041.6
23210006682000,21,11,10,955.5
23210006683000,25,14,11,987.5
23210006684000,9,4,5,282.6
23210006685000,7,4,3,273
23210006686000,188,94,94,6523.6
23210006687000,41,20,21,1873.7
23210006688000,34,16,18,1581
23210006690000,4,1,3,0
23210006698000,2,1,1,0
23210006737000,9,6,3,303.3
23210006738000,3,2,1,0
23210006739000,2,1,1,0
23210006741000,1,0,1,0
23210006742000,4,3,1,0
23210006743000,9,5,4,276.3
23210006744000,3,2,1,0
23210006745000,89,43,46,3515.5
23210006746000,59,29,30,2135.8
23210006747000,54,29,25,2408.4
23210006748000,60,29,31,2208
23210006749000,18,9,9,642.6
23210006750000,3,1,2,0
23210006759000,36,20,16,1227.6
23210006760000,7,3,4,368.2
23210006761000,12,4,8,492
23210006763000,9,6,3,191.7
23210006764000,3,1,2,0
23210006766000,26,13,13,1079
23210006767000,39,23,16,1396.2
23210006768000,22,10,12,965.8
23210006769000,7,3,4,158.2
23210006771000,5,2,3,309
23210006804000,1,1,0,0
23210006806000,2,1,1,0
23210006807000,1,1,0,0
23210006929000,1,1,0,0
23210006944000,4,2,2,0
23210006945000,6,4,2,388.8
23210006952000,8,4,4,280.8
23210006953000,4,1,3,0
23210006955000,10,4,6,379
23210006996000,43,16,27,2132.8
23210006997000,17,6,11,705.5
23210007041000,35,18,17,1386
23210007043000,11,7,4,390.5
23210007044000,3,2,1,0
23210007045000,6,3,3,148.2
23210007046000,2,0,2,0
23210007068000,12,7,5,516
23210007069000,5,2,3,175
23210007070000,12,6,6,550.8
23210007071000,50,24,26,2020
23210007072000,50,27,23,1535
23210007073000,11,4,7,378.4
23210007074000,176,98,78,7075.2
23210007075000,33,19,14,1409.1
23210007076000,6,3,3,250.8
23210007084000,40,20,20,1704
23210007085000,9,5,4,320.4
23210007086000,1,0,1,0
23210007087000,24,12,12,928.8
23210007088000,12,6,6,438
23210007090000,12,6,6,632.4
23210007091000,10,5,5,430
23210007092000,13,5,8,547.3
23210007095000,6,3,3,156
23210007096000,44,23,21,1724.8
23210007098000,25,14,11,1290
23210007099000,32,15,17,1177.6
23210007106000,36,16,20,1234.8
23210007107000,14,6,8,522.2
23210007110000,9,7,2,275.4
23210007111000,13,6,7,358.8
23210007112000,7,3,4,230.3
23210007114000,25,11,14,800
23210007115000,3,1,2,0
23210007116000,34,18,16,1088
23210007130000,13,9,4,386.1
23210007142000,8,5,3,480
23210007158000,2,2,0,0
23210007159000,48,25,23,2620.8
23210007160000,19,10,9,1088.7
23210007161000,15,7,8,451.5
23210007162000,49,26,23,1915.9
23210007163000,8,4,4,219.2
23210007164000,20,10,10,816
23210007165000,2,1,1,0
23210007166000,9,5,4,417.6
23210007167000,11,8,3,445.5
23210007168000,14,9,5,434
23210007171000,2,1,1,0
23210007172000,17,8,9,688.5
23210007173000,7,4,3,455.7
23210007174000,34,16,18,1074.4
23210007175000,89,38,51,4387.7
23210007193000,2,1,1,0
23210007196000,8,6,2,292.8
23210007197000,168,85,83,6266.4
23210007198000,1314,647,667,56239.2
23210007199000,569,290,279,19232.2
23210007200000,11,6,5,589.6
23210007201000,1,1,0,0
23210007204000,6,4,2,309
23210007205000,10,6,4,296
23210007206000,3,2,1,0
23220006616000,3,2,1,0
23220006617000,1,1,0,0
23220006624000,4,2,2,0
23220006643000,7,5,2,307.3
23220006644000,2,1,1,0
23220006667000,3,1,2,0
23220006668000,19,9,10,1134.3
23220006677000,1,1,0,0
23220006678000,2,2,0,0
23220006679000,9,6,3,243
23220006680000,270,140,130,9882
23220006681000,44,25,19,1443.2
23220006682000,49,31,18,1749.3
23220006683000,9,3,6,369.9
23220006685000,3,3,0,0
23220006686000,31,16,15,1357.8
23220006687000,4,2,2,0
23220006688000,17,10,7,819.4
23220006689000,1,1,0,0
23220006690000,2,1,1,0
23220006734000,12,7,5,594
23220006735000,6,2,4,169.2
23220006736000,13,8,5,752.7
23220006737000,10,8,2,585
23220006738000,18,6,12,799.2
23220006739000,6,4,2,421.2
23220006740000,5,1,4,167
23220006744000,16,8,8,705.6
23220006745000,17,6,11,868.7
23220006746000,13,8,5,365.3
23220006747000,5,3,2,174
23220006748000,9,6,3,375.3
23220006749000,8,6,2,288.8
23220006750000,2,1,1,0
23220006758000,3,2,1,0
23220006759000,34,17,17,1594.6
23220006760000,101,33,68,5312.6
23220006761000,62,35,27,2914
23220006762000,3,1,2,0
23220006763000,4,2,2,0
23220006764000,20,9,11,676
23220006767000,6,3,3,324
23220006768000,2,1,1,0
23220006770000,4,2,2,0
23220006772000,2,1,1,0
23220006773000,5,3,2,236
23220006774000,4,2,2,0
23220006794000,2,1,1,0
23220006805000,2,1,1,0
23220006806000,13,7,6,681.2
23220006915000,13,6,7,530.4
23220006917000,1,0,1,0
23220006935000,20,12,8,972
23220006941000,2,1,1,0
23220006945000,2,1,1,0
23220006946000,5,1,4,218
23220006951000,4,2,2,0
23220006952000,14,6,8,540.4
23220006953000,11,5,6,425.7
23220006954000,2,1,1,0
23220006955000,2,1,1,0
23220007041000,8,4,4,255.2
23220007045000,8,4,4,292.8
23220007046000,10,4,6,474
23220007047000,2,2,0,0
23220007068000,11,7,4,489.5
23220007071000,4,2,2,0
23220007072000,11,6,5,468.6
23220007073000,36,18,18,1486.8
23220007074000,136,60,76,5276.8
23220007075000,105,58,47,3717
23220007076000,67,36,31,2639.8
23220007077000,6,5,1,204
23220007084000,364,186,178,14414.4
23220007085000,55,25,30,2073.5
23220007086000,126,57,69,4006.8
23220007087000,49,23,26,1563.1
23220007088000,22,10,12,847
23220007089000,7,4,3,412.3
23220007090000,6,3,3,376.8
23220007091000,1,1,0,0
23220007092000,28,15,13,873.6
23220007093000,28,14,14,1086.4
23220007094000,20,11,9,812
23220007095000,7,4,3,347.2
23220007096000,19,9,10,731.5
23220007097000,11,5,6,400.4
23220007098000,32,17,15,1564.8
23220007099000,21,13,8,930.3
23220007105000,16,8,8,723.2
23220007106000,22,10,12,860.2
23220007110000,7,3,4,277.2
23220007111000,34,16,18,1309
23220007112000,44,28,16,1408
23220007114000,34,19,15,1523.2
23220007120000,4,3,1,0
23220007142000,25,14,11,997.5
23220007143000,2,1,1,0
23220007157000,21,8,13,844.2
23220007158000,2,0,2,0
23220007159000,36,17,19,1378.8
23220007160000,27,14,13,882.9
23220007161000,23,13,10,887.8
23220007162000,18,7,11,617.4
23220007166000,2,1,1,0
23220007171000,4,2,2,0
23220007172000,28,14,14,831.6
23220007173000,9,5,4,297
23220007175000,10,5,5,532
23220007178000,1,1,0,0
23220007185000,12,8,4,507.6
23220007186000,3,2,1,0
23220007193000,5,3,2,239
23220007194000,10,8,2,405
23220007196000,17,9,8,574.6
23220007197000,6,4,2,162
23220007198000,331,153,178,14530.9
23220007199000,162,78,84,6269.4
23220007200000,9,4,5,294.3
23220007201000,26,15,11,777.4
23220007202000,46,24,22,1596.2
23220007203000,31,15,16,1264.8
23220007204000,26,11,15,1008.8
23230006616000,2,1,1,0
23230006617000,19,11,8,887.3
23230006622000,5,3,2,198
23230006642000,1,1,0,0
23230006668000,3,3,0,0
23230006676000,2,2,0,0
23230006677000,3,2,1,0
23230006678000,6,2,4,127.8
23230006680000,64,32,32,2560
23230006681000,63,30,33,3118.5
23230006682000,38,18,20,1569.4
23230006683000,19,9,10,615.6
23230006684000,26,15,11,1131
23230006685000,2,1,1,0
23230006730000,4,2,2,0
23230006731000,13,8,5,678.6
23230006732000,8,5,3,354.4
23230006733000,3,1,2,0
23230006734000,59,30,29,2861.5
23230006735000,77,46,31,3287.9
23230006736000,7,6,1,343
23230006737000,25,13,12,1260
23230006738000,16,10,6,788.8
23230006739000,11,7,4,408.1
23230006754000,4,3,1,0
23230006755000,4,2,2,0
23230006758000,3,1,2,0
23230006760000,28,12,16,1218
23230006764000,1,0,1,0
23230006765000,3,2,1,0
23230006766000,17,7,10,610.3
23230006768000,3,2,1,0
23230006769000,8,5,3,363.2
23230006770000,20,10,10,808
23230006771000,5,3,2,347
23230006772000,2,1,1,0
23230006794000,2,1,1,0
23230006795000,4,2,2,0
23230006805000,2,2,0,0
23230006815000,5,3,2,334
23230006816000,5,2,3,188
23230006817000,6,3,3,436.2
23230006822000,1,1,0,0
23230006894000,7,5,2,333.9
23230006896000,9,5,4,335.7
23230006935000,14,7,7,579.6
23230006946000,10,5,5,355
23230006947000,1,1,0,0
23230006951000,6,2,4,298.2
23230006953000,11,5,6,383.9
23230006954000,15,10,5,706.5
23230007042000,2,1,1,0
23230007045000,7,4,3,324.1
23230007070000,9,7,2,288
23230007071000,36,21,15,1144.8
23230007072000,22,12,10,948.2
23230007073000,22,10,12,644.6
23230007074000,35,21,14,1641.5
23230007075000,80,44,36,2768
23230007076000,14,8,6,478.8
23230007081000,105,54,51,3664.5
23230007082000,281,134,147,10649.9
23230007083000,3,3,0,0
23230007084000,5,2,3,125
23230007085000,202,97,105,7938.6
23230007086000,160,85,75,5904
23230007087000,73,37,36,2701
23230007088000,16,8,8,556.8
23230007089000,22,10,12,899.8
23230007090000,6,3,3,228
23230007092000,28,13,15,1086.4
23230007093000,19,10,9,908.2
23230007094000,8,5,3,228
23230007095000,13,7,6,409.5
23230007096000,22,12,10,662.2
23230007097000,33,17,16,1240.8
23230007098000,6,2,4,306
23230007099000,28,14,14,918.4
23230007104000,11,7,4,465.3
23230007105000,83,41,42,2813.7
23230007106000,21,9,12,886.2
23230007111000,25,14,11,955
23230007112000,31,20,11,917.6
23230007113000,8,4,4,336
23230007114000,178,90,88,6301.2
23230007115000,7,2,5,329
23230007128000,22,11,11,869
23230007129000,2,1,1,0
23230007156000,2,1,1,0
23230007160000,7,3,4,256.2
23230007161000,65,30,35,2197
23230007162000,3,2,1,0
23230007169000,15,8,7,778.5
23230007170000,5,2,3,143
23230007173000,6,4,2,232.8
23230007177000,10,5,5,503
23230007178000,19,9,10,942.4
23230007185000,15,10,5,712.5
23230007186000,13,6,7,613.6
23230007189000,5,3,2,131
23230007190000,10,5,5,454
23230007191000,25,11,14,907.5
23230007192000,1,1,0,0
23230007194000,4,1,3,0
23230007195000,8,4,4,316
23230007196000,13,7,6,565.5
23230007197000,78,41,37,2776.8
23230007198000,1,1,0,0
23230007199000,42,19,23,1554
23230007200000,134,66,68,4649.8
23230007201000,12,6,6,525.6
23230007202000,11,6,5,300.3
23240006643000,4,2,2,0
23240006644000,3,2,1,0
23240006645000,3,3,0,0
23240006646000,1,1,0,0
23240006676000,13,6,7,561.6
23240006677000,43,24,19,1449.1
23240006678000,4,1,3,0
23240006680000,82,42,40,3296.4
23240006681000,30,15,15,1071
23240006682000,42,22,20,1932
23240006683000,30,15,15,1149
23240006685000,6,2,4,280.2
23240006686000,6,3,3,174
23240006728000,3,2,1,0
23240006729000,10,5,5,344
23240006730000,13,5,8,764.4
23240006731000,30,17,13,1458
23240006732000,6,2,4,312
23240006733000,2,1,1,0
23240006734000,19,10,9,818.9
23240006735000,16,8,8,940.8
23240006736000,13,5,8,504.4
23240006737000,2,1,1,0
23240006738000,4,1,3,0
23240006755000,43,29,14,1965.1
23240006757000,5,2,3,212
23240006758000,13,8,5,591.5
23240006760000,5,4,1,171
23240006761000,30,19,11,1401
23240006762000,2,1,1,0
23240006764000,5,3,2,267
23240006765000,11,7,4,467.5
23240006766000,1,0,1,0
23240006768000,1,1,0,0
23240006769000,2,1,1,0
23240006770000,1,1,0,0
23240006795000,5,3,2,190
23240006800000,2,1,1,0
23240006801000,12,7,5,759.6
23240006802000,1,0,1,0
23240006803000,8,5,3,156.8
23240006814000,9,6,3,405
23240006893000,2,2,0,0
23240006916000,1,1,0,0
23240006933000,3,2,1,0
23240006934000,5,2,3,163
23240006944000,3,1,2,0
23240006947000,6,4,2,115.2
23240006949000,11,6,5,433.4
23240006950000,8,3,5,235.2
23240006954000,5,2,3,174
23240007068000,7,5,2,275.8
23240007069000,7,5,2,415.8
23240007070000,3,3,0,0
23240007071000,96,48,48,3321.6
23240007072000,28,14,14,932.4
23240007074000,31,16,15,1078.8
23240007075000,55,26,29,1941.5
23240007081000,39,18,21,1458.6
23240007082000,68,33,35,1944.8
23240007083000,45,22,23,1759.5
23240007085000,9,5,4,396.9
23240007088000,14,9,5,624.4
23240007089000,16,8,8,668.8
23240007090000,23,12,11,772.8
23240007091000,13,5,8,487.5
23240007092000,52,30,22,2158
23240007093000,85,39,46,4318
23240007094000,142,73,69,5339.2
23240007095000,158,85,73,5909.2
23240007096000,20,13,7,666
23240007097000,18,8,10,732.6
23240007098000,34,16,18,1795.2
23240007099000,12,6,6,560.4
23240007104000,4,2,2,0
23240007106000,20,9,11,844
23240007111000,7,2,5,301.7
23240007112000,13,10,3,534.3
23240007113000,43,26,17,1724.3
23240007114000,201,93,108,8884.2
23240007115000,114,54,60,4400.4
23240007142000,5,4,1,223
23240007143000,14,8,6,716.8
23240007146000,2,1,1,0
23240007155000,6,4,2,190.2
23240007156000,2,1,1,0
23240007170000,18,9,9,804.6
23240007171000,16,8,8,897.6
23240007172000,16,9,7,830.4
23240007173000,8,4,4,348.8
23240007177000,1,1,0,0
23240007178000,14,7,7,845.6
23240007186000,8,5,3,288.8
23240007190000,21,13,8,751.8
23240007193000,7,5,2,282.1
23240007195000,2,1,1,0
23240007196000,26,11,15,904.8
23240007197000,88,46,42,3564
23240007198000,69,38,31,2863.5
23240007199000,12,7,5,555.6
23240007200000,3,1,2,0
23240007202000,16,8,8,451.2
23240007203000,27,14,13,747.9
23240007204000,6,4,2,349.8
23250006661000,1,1,0,0
23250006675000,1,1,0,0
23250006676000,28,12,16,996.8
23250006677000,22,12,10,1062.6
23250006678000,10,5,5,730
23250006679000,20,12,8,864
23250006680000,23,11,12,1163.8
23250006681000,64,34,30,2246.4
23250006682000,34,13,21,1179.8
23250006683000,25,12,13,1212.5
23250006684000,6,4,2,210
23250006685000,1,1,0,0
23250006726000,8,3,5,459.2
23250006727000,34,19,15,1482.4
23250006728000,21,11,10,816.9
23250006729000,6,4,2,322.8
23250006730000,45,22,23,2056.5
23250006731000,27,17,10,720.9
23250006732000,7,2,5,377.3
23250006733000,15,8,7,595.5
23250006734000,10,5,5,439
23250006735000,9,4,5,271.8
23250006736000,198,105,93,8335.8
23250006737000,43,19,24,1513.6
23250006754000,7,2,5,319.2
23250006755000,7,3,4,361.2
23250006757000,32,14,18,1180.8
23250006758000,45,26,19,1431
23250006759000,31,17,14,1639.9
23250006760000,93,44,49,4482.6
23250006761000,39,18,21,1817.4
23250006763000,1,0,1,0
23250006764000,1,0,1,0
23250006766000,1,1,0,0
23250006767000,2,2,0,0
23250006768000,2,2,0,0
23250006794000,5,3,2,269
23250006795000,4,2,2,0
23250006798000,3,2,1,0
23250006799000,6,2,4,166.8
23250006800000,6,3,3,235.2
23250006801000,18,8,10,610.2
23250006813000,4,2,2,0
23250006888000,30,16,14,1197
23250006889000,1,0,1,0
23250006914000,7,4,3,233.1
23250006933000,4,2,2,0
23250006947000,3,2,1,0
23250006954000,2,1,1,0
23250006955000,4,3,1,0
23250006996000,4,1,3,0
23250007042000,5,2,3,281
23250007067000,7,4,3,277.2
23250007069000,17,8,9,659.6
23250007070000,21,11,10,709.8
23250007072000,5,4,1,186
23250007073000,4,3,1,0
23250007074000,26,13,13,1190.8
23250007075000,73,38,35,2730.2
23250007076000,79,43,36,3175.8
23250007077000,31,23,8,1267.9
23250007078000,1030,517,513,40273
23250007079000,417,197,220,14678.4
23250007080000,169,82,87,7368.4
23250007081000,75,37,38,2137.5
23250007082000,184,97,87,7231.2
23250007083000,19,9,10,609.9
23250007085000,4,2,2,0
23250007086000,7,5,2,317.1
23250007088000,16,8,8,644.8
23250007089000,14,7,7,631.4
23250007090000,26,10,16,884
23250007091000,57,28,29,1960.8
23250007092000,259,121,138,10075.1
23250007093000,259,114,145,10826.2
23250007094000,81,43,38,3410.1
23250007095000,161,76,85,6456.1
23250007096000,29,16,13,1194.8
23250007097000,14,7,7,753.2
23250007099000,34,17,17,1424.6
23250007100000,23,14,9,1145.4
23250007105000,22,12,10,726
23250007107000,2,1,1,0
23250007111000,12,5,7,442.8
23250007112000,16,8,8,377.6
23250007113000,12,7,5,435.6
23250007114000,31,14,17,1100.5
23250007115000,29,14,15,855.5
23250007116000,25,12,13,817.5
23250007127000,7,5,2,221.2
23250007143000,1,1,0,0
23250007145000,21,12,9,1089.9
23250007146000,121,64,57,4343.9
23250007155000,4,2,2,0
23250007166000,4,2,2,0
23250007168000,2,1,1,0
23250007171000,4,2,2,0
23250007172000,9,5,4,288
23250007173000,19,10,9,887.3
23250007174000,14,7,7,607.6
23250007175000,7,4,3,399
23250007185000,5,3,2,184
23250007186000,2,1,1,0
23250007190000,2,1,1,0
23250007192000,4,2,2,0
23250007193000,75,39,36,2167.5
23250007194000,13,8,5,365.3
23250007195000,5,2,3,336
23250007196000,3,2,1,0
23250007197000,8,4,4,592
23250007198000,5,2,3,179
23250007203000,9,4,5,414
23250007204000,90,48,42,3051
23260006648000,12,7,5,597.6
23260006649000,6,5,1,231
23260006674000,2,2,0,0
23260006675000,35,20,15,1627.5
23260006676000,123,62,61,4305
23260006677000,26,12,14,1084.2
23260006678000,14,9,5,732.2
23260006679000,30,17,13,1152
23260006680000,13,6,7,539.5
23260006681000,3,2,1,0
23260006682000,15,8,7,703.5
23260006683000,30,16,14,963
23260006695000,4,2,2,0
23260006726000,26,14,12,1063.4
23260006727000,46,25,21,2364.4
23260006728000,22,12,10,1009.8
23260006729000,78,36,42,4274.4
23260006730000,174,92,82,6977.4
23260006731000,47,21,26,2627.3
23260006732000,24,13,11,1046.4
23260006733000,9,5,4,325.8
23260006734000,1,1,0,0
23260006735000,54,24,30,2197.8
23260006736000,124,68,56,5803.2
23260006737000,82,39,43,4403.4
23260006738000,24,13,11,1154.4
23260006739000,11,6,5,600.6
23260006740000,1,0,1,0
23260006755000,10,5,5,299
23260006756000,5,3,2,199
23260006757000,10,5,5,529
23260006758000,5,3,2,156
23260006759000,23,13,10,1007.4
23260006760000,74,38,36,3019.2
23260006761000,29,12,17,1305
23260006762000,16,7,9,824
23260006763000,1,0,1,0
23260006765000,3,2,1,0
23260006766000,59,32,27,2849.7
23260006767000,51,24,27,2320.5
23260006768000,21,10,11,896.7
23260006769000,14,7,7,593.6
23260006770000,9,6,3,439.2
23260006771000,6,1,5,208.8
23260006794000,4,2,2,0
23260006800000,90,45,45,4815
23260006801000,19,9,10,991.8
23260006807000,3,2,1,0
23260006812000,2,1,1,0
23260006813000,9,5,4,514.8
23260006844000,2,1,1,0
23260006845000,8,6,2,328
23260006856000,6,1,5,282
23260006857000,15,8,7,760.5
23260006858000,3,0,3,0
23260006887000,7,4,3,387.8
23260006890000,2,1,1,0
23260006944000,15,7,8,663
23260006946000,4,2,2,0
23260006947000,8,4,4,320.8
23260006955000,1,1,0,0
23260006996000,38,21,17,1759.4
23260007069000,5,3,2,98
23260007070000,10,5,5,364
23260007071000,28,15,13,921.2
23260007072000,25,12,13,882.5
23260007073000,22,10,12,752.4
23260007074000,21,9,12,934.5
23260007075000,222,114,108,8280.6
23260007076000,1064,542,522,41176.8
23260007077000,445,237,208,17355
23260007078000,1545,706,839,73696.5
23260007079000,1101,561,540,40737
23260007080000,338,154,184,13317.2
23260007081000,20,10,10,736
23260007082000,34,18,16,1166.2
23260007083000,11,8,3,429
23260007086000,5,2,3,237
23260007087000,6,3,3,261
23260007089000,7,5,2,226.8
23260007090000,4,1,3,0
23260007091000,43,24,19,1806
23260007092000,11,6,5,452.1
23260007093000,47,21,26,2190.2
23260007094000,36,18,18,1364.4
23260007095000,5,2,3,271
23260007096000,6,3,3,103.2
23260007097000,35,18,17,1473.5
23260007098000,41,20,21,1676.9
23260007099000,8,4,4,326.4
23260007100000,143,69,74,5005
23260007101000,14,7,7,604.8
23260007103000,686,321,365,31899
23260007104000,382,192,190,13179
23260007105000,38,20,18,1466.8
23260007106000,10,6,4,330
23260007107000,3,2,1,0
23260007111000,7,3,4,273.7
23260007112000,69,36,33,2470.2
23260007113000,26,15,11,839.8
23260007114000,32,21,11,953.6
23260007115000,7,4,3,149.8
23260007116000,31,17,14,995.1
23260007142000,2,2,0,0
23260007143000,9,7,2,343.8
23260007144000,193,104,89,7430.5
23260007145000,444,217,227,17671.2
23260007146000,200,110,90,6460
23260007150000,4,1,3,0
23260007156000,11,5,6,544.5
23260007164000,5,1,4,159
23260007167000,9,4,5,236.7
23260007168000,13,8,5,629.2
23260007170000,3,1,2,0
23260007171000,13,7,6,652.6
23260007185000,4,3,1,0
23260007191000,9,6,3,305.1
23260007192000,49,22,27,1759.1
23260007193000,8,5,3,290.4
23260007194000,10,6,4,254
23260007195000,11,6,5,467.5
23260007196000,8,4,4,495.2
23260007197000,1,1,0,0
23260007198000,2,1,1,0
23260007200000,3,2,1,0
23260007201000,13,8,5,679.9
23260007205000,35,17,18,1032.5
23270006641000,2,1,1,0
23270006643000,4,3,1,0
23270006647000,1,0,1,0
23270006648000,9,5,4,519.3
23270006655000,4,3,1,0
23270006673000,7,5,2,317.8
23270006674000,2,1,1,0
23270006675000,44,22,22,1768.8
23270006676000,120,56,64,5400
23270006677000,71,35,36,2350.1
23270006678000,31,14,17,1202.8
23270006679000,26,14,12,1071.2
23270006680000,5,3,2,261
23270006682000,9,6,3,467.1
23270006683000,10,5,5,452
23270006694000,2,1,1,0
23270006716000,1,1,0,0
23270006725000,9,4,5,500.4
23270006726000,16,9,7,662.4
23270006727000,10,5,5,488
23270006728000,52,21,31,2043.6
23270006729000,193,77,116,11830.9
23270006730000,550,251,299,25520
23270006731000,174,93,81,7656
23270006733000,11,6,5,401.5
23270006734000,12,3,9,451.2
23270006735000,35,18,17,1407
23270006736000,44,25,19,1711.6
23270006737000,59,26,33,2460.3
23270006738000,10,5,5,559
23270006755000,7,3,4,205.1
23270006756000,9,5,4,253.8
23270006757000,13,7,6,730.6
23270006759000,7,3,4,240.8
23270006760000,17,9,8,763.3
23270006761000,32,17,15,1443.2
23270006762000,2,1,1,0
23270006763000,5,2,3,216
23270006767000,4,2,2,0
23270006768000,15,10,5,759
23270006769000,15,9,6,397.5
23270006770000,8,5,3,422.4
23270006793000,1,0,1,0
23270006794000,1,0,1,0
23270006800000,8,4,4,420
23270006801000,29,11,18,1223.8
23270006805000,8,4,4,550.4
23270006806000,9,5,4,390.6
23270006807000,5,2,3,205
23270006811000,2,1,1,0
23270006844000,9,5,4,295.2
23270006845000,2,1,1,0
23270006857000,2,2,0,0
23270006859000,9,4,5,576
23270006860000,6,2,4,250.2
23270006884000,15,10,5,562.5
23270006892000,3,1,2,0
23270006932000,3,2,1,0
23270006944000,2,1,1,0
23270006945000,6,4,2,238.2
23270006946000,5,2,3,231
23270006951000,5,3,2,320
23270006995000,14,6,8,760.2
23270006996000,6,1,5,118.8
23270007069000,6,3,3,270
23270007070000,42,16,26,1738.8
23270007071000,2,1,1,0
23270007072000,29,14,15,1125.2
23270007074000,16,9,7,689.6
23270007075000,44,23,21,1460.8
23270007076000,255,133,122,10098
23270007077000,151,86,65,5285
23270007078000,606,280,326,31936.2
23270007079000,581,304,277,23414.3
23270007080000,33,16,17,1438.8
23270007081000,30,14,16,1200
23270007082000,43,25,18,1479.2
23270007083000,9,5,4,453.6
23270007093000,29,17,12,1058.5
23270007094000,10,6,4,471
23270007097000,19,10,9,627
23270007098000,10,5,5,376
23270007099000,6,4,2,145.8
23270007100000,6,4,2,220.8
23270007101000,811,396,415,33575.4
23270007103000,449,238,211,18094.7
23270007104000,328,166,162,13940
23270007105000,160,83,77,6304
23270007108000,7,5,2,373.1
23270007110000,7,4,3,347.2
23270007111000,5,3,2,270
23270007112000,15,7,8,744
23270007113000,22,10,12,820.6
23270007114000,41,20,21,1389.9
23270007116000,9,3,6,254.7
23270007142000,7,4,3,259.7
23270007143000,3,2,1,0
23270007146000,4,2,2,0
23270007149000,29,14,15,959.9
23270007150000,23,11,12,926.9
23270007156000,23,11,12,717.6
23270007168000,3,1,2,0
23270007169000,9,7,2,528.3
23270007187000,14,9,5,470.4
23270007188000,9,4,5,424.8
23270007191000,6,2,4,388.2
23270007192000,17,11,6,894.2
23270007194000,9,7,2,293.4
23270007195000,6,4,2,237
23270007196000,22,13,9,932.8
23270007197000,19,13,6,590.9
23270007198000,12,6,6,412.8
23270007201000,10,5,5,491
23270007202000,7,4,3,207.2
23270007205000,4,1,3,0
23280006643000,2,2,0,0
23280006652000,3,2,1,0
23280006675000,3,2,1,0
23280006676000,37,18,19,1517
23280006677000,47,21,26,2049.2
23280006678000,7,3,4,461.3
23280006680000,5,3,2,237
23280006681000,54,28,26,2106
23280006682000,12,6,6,493.2
23280006694000,5,2,3,228
23280006697000,1,1,0,0
23280006714000,4,3,1,0
23280006715000,38,21,17,1675.8
23280006716000,4,3,1,0
23280006722000,3,2,1,0
23280006723000,7,4,3,273.7
23280006724000,6,4,2,250.8
23280006725000,27,13,14,1155.6
23280006726000,9,4,5,275.4
23280006727000,23,12,11,823.4
23280006728000,69,33,36,2490.9
23280006733000,6,3,3,300
23280006734000,13,5,8,556.4
23280006735000,9,5,4,423
23280006736000,2,1,1,0
23280006737000,51,25,26,2111.4
23280006738000,41,21,20,1873.7
23280006739000,2,1,1,0
23280006756000,2,1,1,0
23280006760000,1,1,0,0
23280006761000,31,17,14,923.8
23280006762000,17,6,11,834.7
23280006763000,9,7,2,447.3
23280006768000,2,1,1,0
23280006791000,1,1,0,0
23280006793000,1,1,0,0
23280006794000,3,1,2,0
23280006799000,6,2,4,229.8
23280006800000,12,6,6,603.6
23280006802000,11,6,5,526.9
23280006803000,15,6,9,511.5
23280006804000,4,2,2,0
23280006805000,1,1,0,0
23280006838000,1,1,0,0
23280006844000,2,1,1,0
23280006850000,20,10,10,1192
23280006860000,9,5,4,384.3
23280006882000,5,3,2,256
23280006892000,12,6,6,520.8
23280006912000,4,1,3,0
23280006913000,1,1,0,0
23280006940000,2,2,0,0
23280006941000,2,1,1,0
23280006946000,23,15,8,1147.7
23280006950000,2,1,1,0
23280006954000,11,4,7,355.3
23280006994000,1,1,0,0
23280006995000,14,8,6,980
23280007068000,2,1,1,0
23280007069000,2,1,1,0
23280007070000,5,2,3,154
23280007071000,2,1,1,0
23280007072000,8,4,4,238.4
23280007074000,18,10,8,702
23280007075000,32,19,13,1433.6
23280007076000,52,27,25,1929.2
23280007077000,8,5,3,235.2
23280007078000,307,155,152,10499.4
23280007079000,61,30,31,2629.1
23280007080000,42,23,19,1684.2
23280007081000,15,8,7,538.5
23280007082000,45,28,17,1197
23280007091000,13,9,4,520
23280007092000,14,7,7,484.4
23280007093000,27,16,11,1174.5
23280007094000,39,21,18,1384.5
23280007095000,10,6,4,231
23280007096000,16,6,10,697.6
23280007097000,16,6,10,497.6
23280007098000,8,4,4,478.4
23280007099000,26,13,13,741
23280007100000,261,136,125,10596.6
23280007101000,560,283,277,19152
23280007102000,525,241,284,32235
23280007103000,1578,702,876,81109.2
23280007104000,1283,625,658,53116.2
23280007105000,795,402,393,31005
23280007106000,157,80,77,4992.6
23280007107000,14,8,6,533.4
23280007108000,30,16,14,1200
23280007109000,6,3,3,238.8
23280007110000,7,4,3,254.8
23280007112000,26,13,13,904.8
23280007113000,5,2,3,166
23280007114000,10,6,4,409
23280007116000,13,6,7,542.1
23280007146000,2,1,1,0
23280007147000,3,2,1,0
23280007149000,8,5,3,360.8
23280007154000,86,47,39,2562.8
23280007155000,8,5,3,276
23280007157000,3,1,2,0
23280007163000,10,4,6,602
23280007186000,2,1,1,0
23280007188000,12,6,6,372
23280007189000,2,2,0,0
23280007191000,31,16,15,995.1
23280007192000,4,3,1,0
23280007193000,5,4,1,146
23280007194000,21,12,9,693
23280007195000,9,5,4,207
23280007196000,9,4,5,597.6
23290006649000,1,1,0,0
23290006650000,3,1,2,0
23290006651000,4,3,1,0
23290006652000,4,2,2,0
23290006677000,5,3,2,331
23290006678000,21,13,8,1018.5
23290006679000,28,15,13,1615.6
23290006680000,12,5,7,536.4
23290006681000,5,3,2,185
23290006693000,5,3,2,107
23290006714000,1,1,0,0
23290006715000,20,11,9,1010
23290006716000,3,2,1,0
23290006717000,2,2,0,0
23290006718000,1,1,0,0
23290006721000,31,15,16,1147
23290006722000,15,8,7,388.5
23290006723000,8,5,3,540.8
23290006725000,2,1,1,0
23290006726000,4,2,2,0
23290006728000,3,2,1,0
23290006731000,8,6,2,263.2
23290006732000,2,1,1,0
23290006733000,12,7,5,493.2
23290006734000,23,12,11,977.5
23290006735000,9,5,4,399.6
23290006736000,12,6,6,453.6
23290006737000,48,26,22,1833.6
23290006738000,37,21,16,1679.8
23290006739000,11,7,4,511.5
23290006760000,3,2,1,0
23290006761000,35,20,15,1536.5
23290006762000,18,9,9,838.8
23290006769000,7,3,4,258.3
23290006791000,4,1,3,0
23290006792000,7,2,5,333.9
23290006793000,5,2,3,298
23290006797000,6,3,3,280.8
23290006798000,1,1,0,0
23290006799000,4,2,2,0
23290006841000,9,5,4,451.8
23290006842000,2,1,1,0
23290006843000,2,1,1,0
23290006850000,3,2,1,0
23290006860000,1,1,0,0
23290006865000,2,0,2,0
23290006866000,9,4,5,521.1
23290006909000,3,2,1,0
23290006912000,7,3,4,296.1
23290006940000,5,3,2,260
23290006945000,8,5,3,404.8
23290006952000,1,1,0,0
23290006954000,6,4,2,229.8
23290006994000,41,19,22,1447.3
23290006995000,28,12,16,1458.8
23290007070000,33,17,16,1306.8
23290007071000,9,4,5,315
23290007075000,16,9,7,571.2
23290007076000,8,5,3,344.8
23290007077000,6,1,5,226.2
23290007078000,46,18,28,1817
23290007079000,61,35,26,2342.4
23290007080000,282,142,140,6796.2
23290007081000,16,8,8,889.6
23290007082000,9,4,5,450.9
23290007089000,2,1,1,0
23290007090000,14,9,5,488.6
23290007091000,13,9,4,308.1
23290007092000,3,2,1,0
23290007093000,17,7,10,455.6
23290007094000,7,3,4,182
23290007095000,15,9,6,456
23290007097000,23,10,13,745.2
23290007098000,9,3,6,471.6
23290007100000,50,24,26,1935
23290007101000,24,13,11,984
23290007102000,989,482,507,46483
23290007103000,1669,796,873,66760
23290007104000,316,160,156,10617.6
23290007105000,54,31,23,1944
23290007108000,42,24,18,1701
23290007109000,40,19,21,1816
23290007110000,19,7,12,467.4
23290007113000,12,8,4,447.6
23290007117000,14,9,5,455
23290007154000,603,310,293,18451.8
23290007155000,4,2,2,0
23290007156000,4,3,1,0
23290007157000,18,11,7,919.8
23290007158000,6,3,3,196.2
23290007162000,16,7,9,673.6
23290007168000,5,2,3,307
23290007169000,4,2,2,0
23290007170000,2,2,0,0
23290007178000,3,1,2,0
23290007179000,2,1,1,0
23290007180000,4,2,2,0
23290007187000,2,1,1,0
23290007188000,4,2,2,0
23290007189000,41,23,18,1189
23290007190000,22,10,12,1089
23290007191000,17,6,11,530.4
23290007193000,11,6,5,463.1
23290007194000,3,2,1,0
23290007195000,1,1,0,0
23290007196000,11,5,6,239.8
23290007197000,1,1,0,0
23290007198000,3,1,2,0
23290007203000,1,1,0,0
23300006646000,2,1,1,0
23300006647000,6,5,1,312
23300006650000,7,4,3,249.9
23300006651000,5,2,3,202
23300006652000,2,1,1,0
23300006653000,9,6,3,489.6
23300006675000,11,5,6,429
23300006677000,4,3,1,0
23300006678000,1,0,1,0
23300006679000,17,9,8,642.6
23300006680000,5,3,2,118
23300006681000,2,1,1,0
23300006693000,1,1,0,0
23300006694000,11,6,5,540.1
23300006713000,3,2,1,0
23300006714000,7,2,5,233.8
23300006715000,40,23,17,1736
23300006716000,44,24,20,1900.8
23300006717000,28,15,13,1108.8
23300006718000,7,3,4,156.8
23300006719000,7,4,3,273.7
23300006720000,5,1,4,328
23300006721000,26,14,12,920.4
23300006722000,28,14,14,1117.2
23300006724000,2,1,1,0
23300006731000,7,2,5,287
23300006732000,10,5,5,371
23300006733000,31,15,16,1255.5
23300006734000,29,16,13,1194.8
23300006735000,9,4,5,565.2
23300006736000,42,23,19,1621.2
23300006737000,12,8,4,492
23300006738000,10,4,6,474
23300006739000,18,9,9,705.6
23300006759000,6,3,3,225
23300006760000,20,9,11,898
23300006761000,8,5,3,484.8
23300006762000,4,2,2,0
23300006769000,5,3,2,251
23300006770000,6,3,3,295.2
23300006790000,2,1,1,0
23300006791000,9,4,5,502.2
23300006800000,5,2,3,249
23300006841000,2,1,1,0
23300006859000,5,1,4,272
23300006860000,2,1,1,0
23300006908000,3,2,1,0
23300006909000,14,9,5,698.6
23300006910000,14,4,10,645.4
23300006911000,6,3,3,250.8
23300006912000,20,11,9,940
23300006913000,5,3,2,259
23300006944000,3,2,1,0
23300006945000,3,2,1,0
23300006952000,9,5,4,398.7
23300006954000,7,4,3,254.8
23300006955000,5,2,3,129
23300006994000,43,21,22,1935
23300006995000,26,12,14,1118
23300007039000,21,10,11,1155
23300007040000,2,1,1,0
23300007075000,70,38,32,2534
23300007076000,8,3,5,332.8
23300007077000,23,15,8,811.9
23300007078000,101,51,50,3898.6
23300007079000,25,11,14,1257.5
23300007080000,538,279,259,17861.6
23300007081000,6,4,2,237
23300007082000,4,1,3,0
23300007090000,1,1,0,0
23300007091000,24,12,12,1024.8
23300007092000,5,2,3,79
23300007093000,15,10,5,429
23300007094000,17,9,8,613.7
23300007095000,34,20,14,1251.2
23300007096000,10,5,5,434
23300007098000,44,20,24,1839.2
23300007099000,12,4,8,492
23300007101000,22,10,12,717.2
23300007102000,19,8,11,655.5
23300007103000,333,179,154,12953.7
23300007104000,28,18,10,938
23300007105000,11,8,3,394.9
23300007109000,14,6,8,621.6
23300007110000,18,9,9,696.6
23300007111000,10,6,4,500
23300007113000,20,9,11,874
23300007117000,8,4,4,200.8
23300007118000,3,1,2,0
23300007146000,24,12,12,904.8
23300007147000,101,51,50,3494.6
23300007148000,74,34,40,2560.4
23300007149000,53,29,24,1616.5
23300007150000,13,6,7,611
23300007152000,18,10,8,617.4
23300007153000,939,433,506,43475.7
23300007154000,992,513,479,36307.2
23300007155000,14,7,7,714
23300007156000,29,15,14,925.1
23300007157000,10,5,5,428
23300007158000,18,8,10,433.8
23300007159000,23,8,15,687.7
23300007162000,3,2,1,0
23300007165000,5,2,3,208
23300007178000,33,19,14,1349.7
23300007179000,13,4,9,652.6
23300007180000,29,13,16,1168.7
23300007190000,28,17,11,1383.2
23300007191000,10,5,5,219
23300007192000,12,6,6,362.4
23300007196000,4,3,1,0
23300007197000,13,9,4,383.5
23300007198000,4,2,2,0
23300007199000,10,4,6,402
23300007200000,3,2,1,0
23310006644000,17,11,6,705.5
23310006645000,35,21,14,1337
23310006646000,28,13,15,963.2
23310006647000,123,64,59,4833.9
23310006648000,17,7,10,756.5
23310006649000,21,15,6,819
23310006650000,9,6,3,189
23310006651000,4,2,2,0
23310006653000,2,1,1,0
23310006672000,1,0,1,0
23310006675000,3,1,2,0
23310006676000,152,80,72,4468.8
23310006677000,27,13,14,1452.6
23310006678000,44,23,21,1808.4
23310006679000,18,7,11,583.2
23310006693000,12,7,5,450
23310006694000,40,21,19,1888
23310006695000,12,7,5,518.4
23310006696000,7,5,2,287.7
23310006697000,3,1,2,0
23310006705000,3,1,2,0
23310006709000,4,3,1,0
23310006710000,4,3,1,0
23310006711000,9,4,5,492.3
23310006712000,22,11,11,897.6
23310006713000,13,8,5,430.3
23310006714000,4,3,1,0
23310006715000,8,4,4,442.4
23310006716000,44,24,20,2068
23310006717000,6,2,4,250.2
23310006719000,58,36,22,1908.2
23310006720000,21,10,11,877.8
23310006721000,15,8,7,808.5
23310006722000,15,9,6,588
23310006723000,5,2,3,298
23310006724000,8,6,2,428.8
23310006725000,2,1,1,0
23310006727000,16,6,10,590.4
23310006728000,1,0,1,0
23310006730000,12,8,4,249.6
23310006731000,12,7,5,592.8
23310006732000,15,8,7,457.5
23310006733000,41,22,19,1951.6
23310006734000,34,18,16,1485.8
23310006735000,68,40,28,3155.2
23310006736000,18,9,9,804.6
23310006759000,10,4,6,587
23310006760000,8,4,4,359.2
23310006767000,1,1,0,0
23310006772000,4,3,1,0
23310006786000,1,0,1,0
23310006787000,20,12,8,718
23310006788000,1,1,0,0
23310006794000,6,3,3,256.8
23310006795000,1,0,1,0
23310006800000,4,2,2,0
23310006802000,3,1,2,0
23310006840000,4,2,2,0
23310006868000,1,0,1,0
23310006905000,12,7,5,591.6
23310006908000,1,1,0,0
23310006909000,3,1,2,0
23310006910000,4,3,1,0
23310006911000,6,2,4,307.8
23310006993000,12,5,7,572.4
23310006994000,81,38,43,4228.2
23310006995000,140,74,66,6090
23310007039000,42,24,18,1789.2
23310007074000,31,18,13,1178
23310007075000,29,14,15,1209.3
23310007076000,34,15,19,1400.8
23310007077000,21,11,10,688.8
23310007078000,27,12,15,915.3
23310007079000,81,40,41,3442.5
23310007080000,121,63,58,4416.5
23310007082000,14,8,6,568.4
23310007083000,2,1,1,0
23310007090000,8,4,4,287.2
23310007091000,10,7,3,510
23310007092000,55,28,27,2101
23310007093000,7,4,3,175
23310007094000,13,6,7,396.5
23310007095000,2,1,1,0
23310007097000,14,8,6,329
23310007098000,4,3,1,0
23310007102000,6,3,3,381
23310007103000,78,38,40,2886
23310007104000,356,172,184,12958.4
23310007105000,378,197,181,13948.2
23310007106000,38,20,18,1193.2
23310007112000,26,14,12,855.4
23310007113000,56,24,32,2150.4
23310007114000,32,14,18,1104
23310007118000,15,8,7,451.5
23310007144000,23,12,11,800.4
23310007145000,13,9,4,638.3
23310007147000,2,1,1,0
23310007148000,43,25,18,1556.6
23310007149000,30,15,15,1587
23310007150000,149,77,72,6511.3
23310007151000,111,56,55,4717.5
23310007153000,1066,480,586,50421.8
23310007154000,850,398,452,33065
23310007156000,17,10,7,836.4
23310007158000,41,19,22,1057.8
23310007159000,36,19,17,1180.8
23310007179000,3,1,2,0
23310007189000,5,0,5,185
23310007190000,1,0,1,0
23310007191000,39,19,20,1934.4
23310007192000,24,10,14,1120.8
23310007193000,5,1,4,144
23310007196000,9,5,4,213.3
23310007197000,3,3,0,0
23310007199000,2,1,1,0
23310007204000,11,8,3,200.2
23310007205000,12,8,4,525.6
23310007206000,4,1,3,0
23310007207000,7,5,2,263.2
23320006646000,5,2,3,195
23320006647000,34,19,15,1509.6
23320006648000,51,22,29,2320.5
23320006649000,11,3,8,401.5
23320006650000,13,6,7,488.8
23320006651000,2,1,1,0
23320006652000,7,3,4,350
23320006653000,2,1,1,0
23320006665000,4,3,1,0
23320006669000,2,1,1,0
23320006675000,492,227,265,18450
23320006676000,633,287,346,24117.3
23320006677000,851,416,435,37614.2
23320006678000,895,431,464,36068.5
23320006682000,4,2,2,0
23320006688000,5,3,2,140
23320006693000,47,24,23,1945.8
23320006694000,37,23,14,1768.6
23320006695000,8,4,4,400
23320006705000,12,4,8,478.8
23320006706000,16,10,6,697.6
23320006707000,6,3,3,256.2
23320006708000,11,5,6,617.1
23320006709000,51,26,25,1927.8
23320006710000,10,6,4,436
23320006711000,12,5,7,530.4
23320006712000,1,1,0,0
23320006713000,1,0,1,0
23320006714000,1,1,0,0
23320006715000,1,1,0,0
23320006716000,7,4,3,399
23320006717000,2,1,1,0
23320006719000,12,9,3,271.2
23320006720000,25,13,12,1115
23320006721000,6,3,3,262.8
23320006722000,1,1,0,0
23320006723000,8,3,5,314.4
23320006724000,23,10,13,874
23320006725000,13,8,5,764.4
23320006726000,1,1,0,0
23320006727000,4,3,1,0
23320006728000,1,1,0,0
23320006729000,19,14,5,727.7
23320006730000,9,6,3,397.8
23320006731000,18,12,6,916.2
23320006732000,22,13,9,792
23320006733000,19,12,7,611.8
23320006734000,50,25,25,2265
23320006735000,12,8,4,543.6
23320006757000,4,2,2,0
23320006758000,5,4,1,145
23320006759000,7,3,4,174.3
23320006760000,3,1,2,0
23320006771000,4,2,2,0
23320006772000,4,3,1,0
23320006784000,6,2,4,223.8
23320006785000,1,1,0,0
23320006788000,16,9,7,660.8
23320006791000,3,1,2,0
23320006792000,7,4,3,455
23320006793000,3,1,2,0
23320006804000,6,3,3,315
23320006808000,3,1,2,0
23320006839000,1,0,1,0
23320006861000,1,1,0,0
23320006895000,6,3,3,232.2
23320006903000,2,1,1,0
23320006904000,3,1,2,0
23320006944000,2,1,1,0
23320006945000,12,8,4,660
23320006949000,1,1,0,0
23320006954000,1,0,1,0
23320006955000,2,1,1,0
23320006989000,19,10,9,834.1
23320006990000,5,3,2,267
23320006992000,7,3,4,235.2
23320006993000,45,23,22,1566
23320006994000,73,37,36,3438.3
23320006995000,19,11,8,564.3
23320007039000,21,12,9,1152.9
23320007074000,52,27,25,1653.6
23320007076000,37,20,17,1761.2
23320007077000,88,39,49,3493.6
23320007078000,20,9,11,744
23320007079000,40,20,20,1596
23320007080000,5,3,2,179
23320007084000,29,16,13,1183.2
23320007085000,2,1,1,0
23320007088000,12,7,5,363.6
23320007091000,6,3,3,190.8
23320007092000,26,17,9,1167.4
23320007093000,15,8,7,433.5
23320007095000,32,16,16,1059.2
23320007096000,1,1,0,0
23320007097000,27,14,13,934.2
23320007101000,16,9,7,622.4
23320007102000,5,2,3,330
23320007103000,14,8,6,488.6
23320007104000,14,8,6,435.4
23320007106000,26,14,12,1123.2
23320007107000,1,1,0,0
23320007112000,7,4,3,195.3
23320007113000,42,18,24,1810.2
23320007114000,12,7,5,309.6
23320007118000,7,1,6,182.7
23320007139000,9,4,5,388.8
23320007140000,37,19,18,1476.3
23320007141000,40,22,18,1592
23320007144000,5,2,3,130
23320007145000,3,1,2,0
23320007148000,17,7,10,703.8
23320007150000,328,168,160,11447.2
23320007151000,236,124,112,8826.4
23320007152000,19,11,8,788.5
23320007153000,647,293,354,26915.2
23320007154000,1280,602,678,48128
23320007155000,22,12,10,829.4
23320007158000,32,16,16,972.8
23320007159000,54,29,25,1895.4
23320007160000,12,6,6,427.2
23320007161000,7,3,4,182.7
23320007191000,25,13,12,830
23320007192000,10,6,4,309
23320007205000,44,23,21,2002
23320007207000,14,7,7,634.2
23330006645000,6,3,3,109.2
23330006646000,8,3,5,463.2
23330006647000,20,11,9,864
23330006648000,3,1,2,0
23330006649000,20,10,10,882
23330006652000,1,1,0,0
23330006662000,7,3,4,331.8
23330006663000,3,2,1,0
23330006669000,6,2,4,294
23330006674000,4,3,1,0
23330006675000,1143,551,592,46977.3
23330006676000,1010,496,514,44743
23330006677000,1519,700,819,72912
23330006681000,3,2,1,0
23330006682000,14,8,6,474.6
23330006684000,7,4,3,438.9
23330006685000,3,1,2,0
23330006686000,14,7,7,761.6
23330006687000,7,2,5,240.8
23330006688000,23,12,11,1113.2
23330006689000,4,2,2,0
23330006690000,15,10,5,622.5
23330006691000,7,4,3,342.3
23330006692000,27,14,13,750.6
23330006693000,50,23,27,1970
23330006694000,29,16,13,1110.7
23330006697000,2,1,1,0
23330006698000,6,4,2,283.8
23330006704000,2,0,2,0
23330006705000,21,12,9,1045.8
23330006706000,30,14,16,1494
23330006707000,8,4,4,467.2
23330006708000,11,4,7,435.6
23330006709000,6,3,3,381
23330006710000,24,13,11,700.8
23330006713000,32,16,16,1372.8
23330006714000,19,9,10,913.9
23330006715000,9,4,5,279.9
23330006717000,30,14,16,1275
23330006719000,3,2,1,0
23330006720000,32,14,18,1228.8
23330006721000,20,11,9,1186
23330006722000,10,5,5,493
23330006723000,2,1,1,0
23330006724000,18,8,10,642.6
23330006725000,6,4,2,304.2
23330006729000,14,6,8,582.4
23330006730000,14,7,7,572.6
23330006731000,5,3,2,199
23330006732000,33,20,13,1673.1
23330006733000,20,9,11,820
23330006734000,2,1,1,0
23330006757000,4,2,2,0
23330006758000,3,2,1,0
23330006771000,2,1,1,0
23330006772000,2,1,1,0
23330006783000,2,1,1,0
23330006786000,1,1,0,0
23330006787000,5,3,2,300
23330006788000,14,11,3,464.8
23330006791000,1,1,0,0
23330006792000,3,2,1,0
23330006794000,2,1,1,0
23330006812000,5,3,2,333
23330006860000,3,2,1,0
23330006861000,3,1,2,0
23330006870000,4,2,2,0
23330006903000,7,4,3,256.9
23330006930000,17,8,9,680
23330006945000,9,6,3,414
23330006946000,4,2,2,0
23330006947000,3,2,1,0
23330006948000,1,1,0,0
23330006954000,30,9,21,1086
23330006955000,10,4,6,364
23330006956000,15,6,9,763.5
23330006957000,3,1,2,0
23330007038000,5,2,3,305
23330007039000,36,17,19,1522.8
23330007074000,250,137,113,9575
23330007075000,42,22,20,1549.8
23330007076000,11,6,5,504.9
23330007077000,35,18,17,1137.5
23330007078000,31,16,15,1670.9
23330007079000,24,12,12,1334.4
23330007080000,6,3,3,175.2
23330007081000,3,1,2,0
23330007086000,12,5,7,433.2
23330007087000,5,4,1,167
23330007088000,2,1,1,0
23330007089000,16,11,5,480
23330007090000,12,9,3,402
23330007091000,17,8,9,596.7
23330007092000,29,19,10,1226.7
23330007093000,7,4,3,385.7
23330007094000,14,7,7,544.6
23330007095000,21,10,11,1073.1
23330007096000,48,24,24,1574.4
23330007097000,33,19,14,1247.4
23330007100000,14,6,8,511
23330007101000,14,7,7,533.4
23330007102000,5,3,2,160
23330007103000,5,4,1,216
23330007104000,6,2,4,229.2
23330007106000,20,12,8,788
23330007107000,17,10,7,873.8
23330007112000,21,13,8,735
23330007113000,35,17,18,966
23330007114000,28,22,6,1010.8
23330007115000,10,6,4,399
23330007118000,6,4,2,337.8
23330007119000,2,1,1,0
23330007138000,27,14,13,909.9
23330007139000,47,24,23,1527.5
23330007140000,26,16,10,941.2
23330007151000,114,56,58,5016
23330007152000,271,150,121,10623.2
23330007153000,107,51,56,3948.3
23330007154000,1044,542,502,37166.4
23330007155000,456,231,225,17328
23330007159000,27,14,13,1142.1
23330007160000,32,15,17,1065.6
23330007162000,10,8,2,235
23330007163000,5,3,2,349
23330007191000,9,4,5,333.9
23330007192000,8,5,3,348.8
23330007193000,6,3,3,256.8
23330007195000,1,1,0,0
23330007196000,14,6,8,583.8
23330007204000,2,1,1,0
23330007205000,17,6,11,474.3
23330007206000,43,24,19,2141.4
23340006645000,8,5,3,486.4
23340006650000,34,19,15,1305.6
23340006652000,17,10,7,593.3
23340006653000,10,4,6,315
23340006658000,9,4,5,443.7
23340006662000,4,0,4,0
23340006664000,12,8,4,601.2
23340006666000,10,6,4,375
23340006668000,3,2,1,0
23340006669000,17,10,7,634.1
23340006670000,13,7,6,561.6
23340006671000,2,1,1,0
23340006672000,6,4,2,217.2
23340006673000,21,10,11,1136.1
23340006674000,399,207,192,15201.9
23340006675000,1094,525,569,49558.2
23340006676000,719,348,371,29766.6
23340006677000,691,334,357,28331
23340006678000,53,26,27,2257.8
23340006679000,17,10,7,766.7
23340006682000,16,8,8,782.4
23340006684000,4,3,1,0
23340006685000,16,12,4,529.6
23340006686000,42,22,20,1848
23340006687000,10,5,5,533
23340006688000,24,10,14,1068
23340006689000,27,9,18,1125.9
23340006690000,49,25,24,1798.3
23340006691000,32,16,16,1363.2
23340006692000,16,10,6,752
23340006693000,27,14,13,1196.1
23340006694000,10,4,6,549
23340006695000,10,6,4,319
23340006697000,1,1,0,0
23340006698000,30,15,15,1440
23340006699000,14,10,4,460.6
23340006700000,10,5,5,271
23340006701000,10,7,3,563
23340006702000,7,3,4,392.7
23340006703000,9,4,5,321.3
23340006704000,1,1,0,0
23340006705000,2,1,1,0
23340006706000,5,2,3,286
23340006707000,10,3,7,638
23340006708000,14,7,7,719.6
23340006709000,41,22,19,1849.1
23340006712000,4,2,2,0
23340006713000,24,15,9,1111.2
23340006714000,47,21,26,2232.5
23340006715000,24,14,10,1005.6
23340006716000,40,18,22,1740
23340006717000,78,39,39,3322.8
23340006718000,23,12,11,924.6
23340006719000,30,12,18,1419
23340006720000,46,24,22,1541
23340006721000,76,40,36,3275.6
23340006722000,47,23,24,2293.6
23340006723000,37,21,16,1657.6
23340006724000,4,1,3,0
23340006729000,8,5,3,276.8
23340006730000,20,13,7,924
23340006732000,32,16,16,1788.8
23340006733000,4,1,3,0
23340006756000,6,5,1,85.8
23340006757000,2,2,0,0
23340006769000,4,1,3,0
23340006772000,8,3,5,444
23340006785000,3,1,2,0
23340006786000,3,2,1,0
23340006791000,2,1,1,0
23340006792000,7,4,3,217
23340006793000,1,1,0,0
23340006808000,8,5,3,296.8
23340006812000,6,2,4,186
23340006860000,4,2,2,0
23340006896000,1,1,0,0
23340006943000,3,1,2,0
23340006947000,10,6,4,479
23340006952000,7,3,4,270.9
23340006954000,18,12,6,595.8
23340006955000,13,8,5,553.8
23340007038000,56,29,27,2408
23340007039000,25,15,10,1057.5
23340007070000,5,2,3,183
23340007074000,28,13,15,1131.2
23340007075000,9,6,3,318.6
23340007076000,18,12,6,775.8
23340007077000,16,10,6,500.8
23340007078000,27,16,11,1269
23340007080000,22,11,11,715
23340007081000,43,21,22,1793.1
23340007082000,20,12,8,772
23340007083000,12,7,5,442.8
23340007084000,9,5,4,341.1
23340007085000,13,7,6,708.5
23340007086000,16,6,10,464
23340007087000,12,7,5,426
23340007090000,1,1,0,0
23340007091000,7,4,3,284.2
23340007092000,6,4,2,367.8
23340007093000,19,10,9,750.5
23340007094000,14,8,6,477.4
23340007095000,13,8,5,536.9
23340007096000,57,28,29,1960.8
23340007097000,14,7,7,634.2
23340007098000,6,2,4,268.8
23340007099000,20,9,11,746
23340007100000,2,2,0,0
23340007101000,15,11,4,643.5
23340007103000,6,3,3,159
23340007104000,5,3,2,185
23340007106000,13,5,8,531.7
23340007107000,12,8,4,502.8
23340007108000,10,5,5,276
23340007109000,12,5,7,390
23340007111000,10,6,4,274
23340007114000,21,10,11,640.5
23340007115000,35,24,11,1218
23340007151000,18,9,9,734.4
23340007152000,148,69,79,5268.8
23340007153000,78,42,36,2854.8
23340007154000,91,50,41,3103.1
23340007155000,161,77,84,5425.7
23340007158000,26,16,10,764.4
23340007159000,23,13,10,814.2
23340007160000,41,22,19,1586.7
23340007161000,6,4,2,309
23340007162000,17,8,9,620.5
23340007182000,2,1,1,0
23340007183000,13,7,6,672.1
23340007190000,2,1,1,0
23340007191000,11,5,6,443.3
23340007192000,19,9,10,986.1
23340007193000,20,10,10,968
23340007194000,1,1,0,0
23340007195000,14,8,6,512.4
23340007196000,23,12,11,954.5
23340007203000,5,2,3,205
23340007204000,2,1,1,0
23340007205000,23,10,13,853.3
23340007206000,4,2,2,0
23340007207000,2,2,0,0
23350006647000,5,1,4,148
23350006648000,2,2,0,0
23350006649000,19,7,12,750.5
23350006650000,39,17,22,1489.8
23350006651000,34,16,18,1574.2
23350006652000,41,21,20,2082.8
23350006653000,8,4,4,372.8
23350006654000,24,15,9,1118.4
23350006655000,20,10,10,708
23350006656000,12,5,7,495.6
23350006657000,19,10,9,765.7
23350006658000,3,2,1,0
23350006659000,3,1,2,0
23350006660000,2,1,1,0
23350006664000,2,0,2,0
23350006666000,2,1,1,0
23350006667000,6,3,3,190.8
23350006668000,15,6,9,633
23350006669000,11,4,7,499.4
23350006671000,14,8,6,413
23350006673000,317,153,164,12077.7
23350006674000,1077,503,574,43833.9
23350006675000,875,402,473,34912.5
23350006676000,5,2,3,229
23350006677000,16,7,9,1344
23350006678000,3,3,0,0
23350006679000,7,5,2,298.2
23350006680000,21,11,10,1001.7
23350006681000,18,10,8,682.2
23350006682000,45,26,19,1962
23350006683000,6,3,3,301.8
23350006684000,11,6,5,401.5
23350006685000,30,18,12,1236
23350006686000,26,13,13,1526.2
23350006687000,2,1,1,0
23350006689000,5,2,3,146
23350006690000,212,105,107,7971.2
23350006691000,8,3,5,382.4
23350006692000,16,9,7,556.8
23350006693000,21,13,8,1092
23350006694000,10,6,4,455
23350006695000,35,21,14,1291.5
23350006696000,8,5,3,462.4
23350006697000,11,7,4,313.5
23350006698000,11,6,5,696.3
23350006699000,16,9,7,752
23350006700000,5,3,2,209
23350006701000,40,22,18,1708
23350006702000,28,13,15,1159.2
23350006703000,6,3,3,390
23350006704000,11,4,7,653.4
23350006705000,9,6,3,450.9
23350006706000,12,6,6,556.8
23350006707000,111,53,58,4639.8
23350006708000,22,13,9,996.6
23350006709000,16,9,7,846.4
23350006710000,1,1,0,0
23350006712000,10,6,4,423
23350006713000,17,8,9,623.9
23350006714000,52,24,28,2594.8
23350006715000,8,4,4,360.8
23350006716000,32,17,15,1692.8
23350006717000,11,5,6,462
23350006718000,35,16,19,1277.5
23350006719000,5,2,3,331
23350006720000,40,20,20,1836
23350006721000,25,13,12,995
23350006722000,2,2,0,0
23350006723000,102,51,51,3835.2
23350006724000,22,13,9,998.8
23350006730000,9,7,2,308.7
23350006732000,36,19,17,1965.6
23350006753000,2,1,1,0
23350006756000,14,7,7,498.4
23350006773000,2,1,1,0
23350006780000,8,5,3,299.2
23350006781000,8,3,5,343.2
23350006782000,2,1,1,0
23350006783000,8,4,4,308.8
23350006784000,7,3,4,394.8
23350006785000,8,5,3,406.4
23350006790000,3,1,2,0
23350006791000,2,1,1,0
23350006792000,2,1,1,0
23350006808000,4,2,2,0
23350006809000,6,1,5,118.2
23350006812000,3,2,1,0
23350006814000,2,1,1,0
23350006820000,1,1,0,0
23350006821000,3,2,1,0
23350006944000,2,1,1,0
23350006948000,7,4,3,280
23350006953000,1,1,0,0
23350006985000,1,0,1,0
23350006986000,3,1,2,0
23350007031000,4,2,2,0
23350007032000,15,7,8,685.5
23350007033000,18,8,10,628.2
23350007034000,6,2,4,142.2
23350007035000,5,2,3,232
23350007037000,14,7,7,590.8
23350007038000,131,67,64,5554.4
23350007039000,26,13,13,1170
23350007072000,2,1,1,0
23350007074000,22,9,13,646.8
23350007076000,33,16,17,1145.1
23350007077000,76,35,41,2979.2
23350007078000,20,11,9,868
23350007079000,24,13,11,780
23350007080000,41,20,21,1644.1
23350007081000,44,23,21,1601.6
23350007082000,28,12,16,1010.8
23350007083000,116,63,53,4292
23350007084000,67,33,34,2492.4
23350007085000,2,1,1,0
23350007095000,22,12,10,908.6
23350007096000,6,2,4,228
23350007098000,21,11,10,735
23350007099000,8,4,4,374.4
23350007101000,13,9,4,396.5
23350007102000,9,4,5,219.6
23350007103000,22,11,11,825
23350007104000,33,21,12,1211.1
23350007106000,5,3,2,281
23350007107000,12,7,5,458.4
23350007109000,5,2,3,302
23350007110000,89,49,40,3088.3
23350007111000,2,1,1,0
23350007115000,31,17,14,1311.3
23350007119000,4,2,2,0
23350007153000,22,13,9,983.4
23350007154000,26,12,14,1034.8
23350007157000,9,4,5,315.9
23350007161000,29,13,16,1122.3
23350007162000,10,4,6,504
23350007185000,5,3,2,364
23350007191000,7,4,3,312.9
23350007192000,12,6,6,495.6
23350007193000,3,1,2,0
23350007195000,3,1,2,0
23350007196000,24,10,14,912
23350007197000,21,12,9,634.2
23350007200000,5,2,3,153
23350007202000,6,4,2,222
23350007203000,5,3,2,338
23350007204000,13,6,7,457.6
23360006646000,2,1,1,0
23360006647000,4,2,2,0
23360006648000,8,3,5,280
23360006649000,15,8,7,690
23360006650000,12,6,6,591.6
23360006651000,38,24,14,1683.4
23360006652000,113,58,55,4214.9
23360006653000,150,86,64,6015
23360006654000,16,9,7,670.4
23360006655000,13,5,8,536.9
23360006656000,4,3,1,0
23360006664000,5,3,2,260
23360006666000,8,4,4,438.4
23360006667000,17,9,8,737.8
23360006668000,11,8,3,459.8
23360006669000,9,5,4,405.9
23360006670000,23,14,9,828
23360006671000,80,42,38,2864
23360006672000,20,8,12,992
23360006675000,1,1,0,0
23360006676000,14,8,6,655.2
23360006677000,46,28,18,1702
23360006678000,40,19,21,1608
23360006679000,6,3,3,265.2
23360006681000,6,3,3,358.8
23360006682000,405,201,204,16200
23360006683000,149,77,72,7539.4
23360006684000,21,11,10,942.9
23360006685000,8,5,3,399.2
23360006686000,29,16,13,1015
23360006688000,16,8,8,374.4
23360006690000,6,3,3,208.2
23360006692000,4,2,2,0
23360006693000,10,6,4,456
23360006694000,2,1,1,0
23360006696000,5,3,2,348
23360006697000,6,3,3,244.8
23360006698000,9,4,5,370.8
23360006699000,3,1,2,0
23360006700000,26,13,13,1245.4
23360006701000,48,24,24,2414.4
23360006702000,5,2,3,270
23360006703000,14,10,4,455
23360006704000,16,9,7,822.4
23360006705000,16,7,9,774.4
23360006706000,31,17,14,1057.1
23360006707000,8,5,3,443.2
23360006708000,5,2,3,350
23360006709000,13,5,8,716.3
23360006713000,18,13,5,943.2
23360006714000,34,21,13,1336.2
23360006715000,13,10,3,600.6
23360006716000,96,49,47,4262.4
23360006717000,68,23,45,3828.4
23360006718000,19,10,9,758.1
23360006720000,12,5,7,638.4
23360006721000,36,20,16,1497.6
23360006722000,447,219,228,20696.1
23360006723000,601,266,335,34196.9
23360006724000,356,177,179,15023.2
23360006725000,36,17,19,1378.8
23360006728000,8,3,5,394.4
23360006729000,14,7,7,625.8
23360006731000,10,7,3,435
23360006732000,40,23,17,1712
23360006733000,1,1,0,0
23360006753000,7,3,4,462
23360006755000,5,3,2,356
23360006756000,1,1,0,0
23360006775000,1,1,0,0
23360006778000,3,1,2,0
23360006779000,2,1,1,0
23360006780000,16,6,10,793.6
23360006781000,4,3,1,0
23360006782000,6,2,4,283.2
23360006783000,2,1,1,0
23360006804000,6,4,2,139.2
23360006806000,10,3,7,265
23360006807000,7,1,6,196.7
23360006808000,3,2,1,0
23360006811000,2,1,1,0
23360006812000,4,2,2,0
23360006819000,6,3,3,163.8
23360006820000,16,5,11,812.8
23360006821000,2,1,1,0
23360006870000,2,2,0,0
23360006942000,3,2,1,0
23360006943000,7,3,4,364.7
23360006944000,1,1,0,0
23360006951000,6,3,3,402
23360006953000,17,11,6,720.8
23360006958000,2,2,0,0
23360006980000,1,0,1,0
23360006984000,2,2,0,0
23360007032000,8,4,4,368
23360007033000,9,6,3,434.7
23360007034000,131,62,69,5331.7
23360007035000,60,27,33,2652
23360007036000,40,22,18,1540
23360007037000,93,46,47,4315.2
23360007038000,10,3,7,459
23360007072000,4,3,1,0
23360007073000,5,2,3,321
23360007074000,24,12,12,772.8
23360007075000,20,9,11,726
23360007076000,40,25,15,1744
23360007077000,27,13,14,947.7
23360007078000,34,17,17,1295.4
23360007079000,37,16,21,1291.3
23360007080000,30,18,12,999
23360007081000,21,10,11,865.2
23360007082000,12,5,7,285.6
23360007083000,15,9,6,682.5
23360007084000,5,3,2,341
23360007097000,15,9,6,601.5
23360007098000,6,2,4,94.8
23360007099000,13,8,5,345.8
23360007100000,9,5,4,476.1
23360007101000,17,7,10,802.4
23360007103000,4,2,2,0
23360007104000,119,58,61,4153.1
23360007105000,22,11,11,880
23360007106000,10,6,4,389
23360007107000,5,4,1,231
23360007108000,9,6,3,360.9
23360007110000,148,83,65,5668.4
23360007111000,4,2,2,0
23360007112000,17,10,7,542.3
23360007115000,31,19,12,902.1
23360007116000,10,5,5,414
23360007153000,14,7,7,501.2
23360007154000,4,3,1,0
23360007157000,2,1,1,0
23360007162000,4,2,2,0
23360007184000,4,1,3,0
23360007192000,26,15,11,1110.2
23360007193000,10,7,3,295
23360007196000,12,6,6,661.2
23360007197000,25,10,15,950
23360007202000,2,1,1,0
23360007204000,6,3,3,219
23370006643000,1,1,0,0
23370006645000,1,1,0,0
23370006646000,6,4,2,247.2
23370006647000,12,4,8,457.2
23370006648000,2,1,1,0
23370006652000,76,35,41,2652.4
23370006653000,43,22,21,1956.5
23370006654000,31,15,16,1224.5
23370006655000,56,31,25,2464
23370006656000,23,8,15,880.9
23370006657000,8,4,4,466.4
23370006658000,8,6,2,224
23370006659000,14,6,8,554.4
23370006661000,1,0,1,0
23370006663000,5,2,3,81
23370006664000,4,2,2,0
23370006665000,7,4,3,371.7
23370006669000,59,26,33,2719.9
23370006670000,40,23,17,1660
23370006671000,5,3,2,255
23370006672000,13,6,7,560.3
23370006673000,26,12,14,1180.4
23370006674000,6,4,2,328.8
23370006675000,20,9,11,606
23370006676000,10,7,3,486
23370006678000,5,3,2,311
23370006680000,2,1,1,0
23370006682000,35,18,17,1158.5
23370006683000,234,121,113,9009
23370006684000,33,14,19,1362.9
23370006685000,16,8,8,681.6
23370006686000,2,2,0,0
23370006688000,8,5,3,227.2
23370006689000,12,7,5,637.2
23370006690000,7,2,5,440.3
23370006693000,38,21,17,1698.6
23370006694000,41,19,22,1549.8
23370006695000,17,9,8,657.9
23370006696000,4,3,1,0
23370006697000,2,1,1,0
23370006698000,18,8,10,813.6
23370006699000,86,45,41,3594.8
23370006700000,162,80,82,6075
23370006701000,2,2,0,0
23370006702000,31,18,13,1466.3
23370006703000,15,10,5,496.5
23370006704000,25,12,13,1085
23370006705000,61,29,32,2915.8
23370006706000,105,45,60,4336.5
23370006707000,26,12,14,1375.4
23370006708000,4,1,3,0
23370006709000,26,15,11,1063.4
23370006710000,1,0,1,0
23370006711000,5,3,2,303
23370006712000,7,5,2,406.7
23370006714000,7,3,4,305.9
23370006716000,8,4,4,363.2
23370006717000,15,11,4,559.5
23370006718000,16,8,8,500.8
23370006719000,79,38,41,3357.5
23370006721000,21,9,12,728.7
23370006722000,28,9,19,1307.6
23370006723000,183,87,96,7814.1
23370006724000,66,32,34,2963.4
23370006725000,64,31,33,2771.2
23370006726000,139,68,71,6866.6
23370006727000,140,71,69,5936
23370006728000,71,32,39,3294.4
23370006729000,7,4,3,370.3
23370006730000,29,13,16,1061.4
23370006731000,18,11,7,887.4
23370006733000,2,1,1,0
23370006745000,1,1,0,0
23370006753000,1,1,0,0
23370006755000,1,1,0,0
23370006756000,2,1,1,0
23370006758000,1,1,0,0
23370006776000,4,2,2,0
23370006778000,46,22,24,2424.2
23370006779000,8,5,3,504
23370006780000,21,11,10,968.1
23370006781000,9,7,2,420.3
23370006788000,3,3,0,0
23370006804000,7,2,5,284.9
23370006806000,10,5,5,453
23370006807000,17,7,10,935
23370006808000,60,30,30,2244
23370006811000,2,1,1,0
23370006812000,8,5,3,334.4
23370006813000,4,2,2,0
23370006819000,6,3,3,349.2
23370006820000,6,2,4,139.8
23370006833000,2,1,1,0
23370006854000,5,2,3,294
23370006855000,5,3,2,293
23370006856000,12,5,7,549.6
23370006857000,13,7,6,573.3
23370006858000,4,2,2,0
23370006869000,2,1,1,0
23370006903000,7,4,3,382.9
23370006926000,11,6,5,460.9
23370006941000,44,23,21,1658.8
23370006942000,4,2,2,0
23370006945000,6,4,2,159
23370006950000,4,2,2,0
23370006951000,1,1,0,0
23370006953000,6,1,5,214.2
23370006963000,1,1,0,0
23370007034000,73,38,35,3058.7
23370007035000,273,125,148,13677.3
23370007036000,425,219,206,16065
23370007037000,59,31,28,2513.4
23370007038000,16,10,6,691.2
23370007073000,29,14,15,1044
23370007074000,2,2,0,0
23370007075000,31,17,14,1230.7
23370007076000,12,5,7,445.2
23370007077000,7,4,3,189
23370007083000,8,5,3,406.4
23370007084000,8,4,4,356
23370007100000,32,17,15,1286.4
23370007102000,17,8,9,846.6
23370007103000,14,8,6,547.4
23370007104000,98,48,50,3655.4
23370007105000,13,5,8,540.8
23370007107000,6,4,2,301.8
23370007108000,22,11,11,796.4
23370007109000,27,14,13,963.9
23370007110000,9,6,3,321.3
23370007111000,17,7,10,802.4
23370007112000,11,7,4,441.1
23370007113000,11,5,6,529.1
23370007115000,14,5,9,676.2
23370007116000,11,7,4,635.8
23370007117000,4,3,1,0
23370007119000,9,4,5,333.9
23370007156000,7,4,3,275.1
23370007165000,1,1,0,0
23370007166000,4,1,3,0
23370007186000,9,4,5,302.4
23370007193000,34,18,16,1261.4
23370007196000,13,6,7,561.6
23370007197000,8,4,4,311.2
23370007198000,7,3,4,270.9
23370007200000,4,2,2,0
23370007204000,7,3,4,336
23370007218000,2,1,1,0
23370007219000,2,1,1,0
23370007221000,2,1,1,0
23380006643000,4,2,2,0
23380006650000,1,1,0,0
23380006651000,16,6,10,446.4
23380006652000,114,59,55,4548.6
23380006653000,29,15,14,1229.6
23380006654000,36,20,16,1159.2
23380006655000,22,14,8,1014.2
23380006656000,32,18,14,1116.8
23380006657000,31,15,16,979.6
23380006658000,6,3,3,253.2
23380006662000,2,1,1,0
23380006667000,8,6,2,336
23380006668000,26,13,13,694.2
23380006669000,93,44,49,3840.9
23380006670000,33,19,14,1461.9
23380006674000,8,5,3,532
23380006675000,1,1,0,0
23380006676000,1,0,1,0
23380006678000,7,3,4,492.1
23380006679000,5,3,2,322
23380006680000,18,10,8,784.8
23380006681000,27,10,17,1009.8
23380006682000,25,11,14,1090
23380006683000,70,38,32,2751
23380006684000,24,11,13,837.6
23380006685000,11,5,6,412.5
23380006686000,13,9,4,609.7
23380006687000,10,4,6,390
23380006688000,21,9,12,854.7
23380006689000,5,3,2,384
23380006690000,4,2,2,0
23380006691000,7,3,4,377.3
23380006692000,22,8,14,809.6
23380006693000,6,3,3,201
23380006698000,36,17,19,2062.8
23380006699000,11,5,6,511.5
23380006700000,13,7,6,933.4
23380006702000,33,17,16,1204.5
23380006703000,12,7,5,570
23380006704000,386,172,214,16829.6
23380006705000,356,166,190,16126.8
23380006706000,313,144,169,13584.2
23380006707000,44,23,21,2235.2
23380006710000,16,7,9,782.4
23380006711000,18,9,9,687.6
23380006712000,26,16,10,1224.6
23380006713000,29,14,15,1267.3
23380006714000,25,9,16,972.5
23380006715000,27,9,18,1339.2
23380006716000,6,4,2,190.8
23380006717000,26,14,12,1214.2
23380006718000,70,33,37,3024
23380006719000,113,49,64,4407
23380006720000,31,17,14,1441.5
23380006721000,37,20,17,1502.2
23380006722000,79,44,35,3776.2
23380006723000,173,86,87,5795.5
23380006724000,19,12,7,697.3
23380006725000,67,35,32,2525.9
23380006726000,82,44,38,3198
23380006727000,169,78,91,7064.2
23380006728000,112,54,58,4793.6
23380006729000,43,17,26,2046.8
23380006730000,7,4,3,308.7
23380006748000,4,2,2,0
23380006774000,2,1,1,0
23380006794000,15,6,9,607.5
23380006807000,12,5,7,507.6
23380006808000,3,1,2,0
23380006811000,5,2,3,117
23380006851000,2,1,1,0
23380006852000,17,11,6,782
23380006869000,8,5,3,408
23380006924000,1,1,0,0
23380006941000,10,4,6,367
23380006945000,2,1,1,0
23380006949000,3,1,2,0
23380006950000,24,13,11,900
23380006953000,3,2,1,0
23380007034000,54,24,30,2187
23380007035000,49,26,23,2268.7
23380007036000,226,112,114,8927
23380007037000,82,39,43,3739.2
23380007072000,16,6,10,700.8
23380007073000,37,18,19,1494.8
23380007074000,4,1,3,0
23380007075000,42,25,17,1306.2
23380007076000,57,38,19,2000.7
23380007077000,2,1,1,0
23380007082000,3,2,1,0
23380007083000,14,9,5,614.6
23380007084000,10,6,4,272
23380007100000,3,2,1,0
23380007103000,3,2,1,0
23380007105000,10,7,3,379
23380007107000,21,10,11,653.1
23380007108000,6,4,2,145.2
23380007109000,23,14,9,736
23380007110000,28,17,11,1069.6
23380007111000,2,1,1,0
23380007112000,11,7,4,468.6
23380007113000,9,6,3,329.4
23380007114000,4,3,1,0
23380007115000,3,2,1,0
23380007116000,35,17,18,1137.5
23380007155000,2,1,1,0
23380007166000,22,11,11,1016.4
23380007167000,11,6,5,515.9
23380007186000,30,14,16,1422
23380007193000,15,8,7,742.5
23380007196000,107,52,55,3627.3
23380007197000,516,261,255,20588.4
23380007198000,100,49,51,3320
23380007200000,2,1,1,0
23380007202000,4,4,0,0
23380007203000,1,1,0,0
23380007217000,2,1,1,0
23380007218000,5,4,1,241
23380007219000,24,13,11,1332
23380007221000,6,3,3,346.8
23380007222000,1,1,0,0
23390006649000,5,2,3,245
23390006650000,54,31,23,2262.6
23390006651000,38,19,19,1611.2
23390006652000,173,89,84,7767.7
23390006653000,616,232,384,34680.8
23390006654000,59,29,30,2059.1
23390006655000,53,25,28,2029.9
23390006656000,23,15,8,1012
23390006657000,123,57,66,4797
23390006658000,63,24,39,2324.7
23390006659000,9,2,7,537.3
23390006660000,16,8,8,563.2
23390006661000,27,17,10,893.7
23390006662000,20,11,9,838
23390006663000,10,7,3,496
23390006664000,3,2,1,0
23390006665000,3,1,2,0
23390006666000,13,9,4,565.5
23390006667000,94,53,41,4004.4
23390006668000,38,22,16,1979.8
23390006669000,16,7,9,628.8
23390006674000,15,10,5,501
23390006675000,13,8,5,577.2
23390006676000,10,4,6,545
23390006677000,11,7,4,606.1
23390006678000,15,8,7,757.5
23390006679000,13,5,8,482.3
23390006680000,9,6,3,474.3
23390006681000,17,9,8,967.3
23390006682000,48,27,21,1924.8
23390006683000,7,4,3,350.7
23390006685000,35,20,15,1477
23390006686000,17,9,8,669.8
23390006687000,7,4,3,216.3
23390006689000,13,5,8,491.4
23390006690000,5,3,2,325
23390006698000,21,11,10,1071
23390006699000,26,13,13,1219.4
23390006700000,34,17,17,1445
23390006701000,34,17,17,1326
23390006702000,19,12,7,836
23390006703000,5,2,3,185
23390006704000,21,10,11,928.2
23390006705000,144,53,91,10267.2
23390006706000,6,2,4,210
23390006707000,29,16,13,1624
23390006708000,52,30,22,1955.2
23390006709000,108,59,49,4957.2
23390006710000,202,97,105,8524.4
23390006711000,77,38,39,3511.2
23390006712000,9,5,4,530.1
23390006713000,13,6,7,726.7
23390006714000,22,13,9,776.6
23390006715000,53,26,27,1897.4
23390006716000,86,39,47,3870
23390006717000,58,27,31,2238.8
23390006718000,19,9,10,885.4
23390006719000,28,20,8,1176
23390006720000,24,15,9,1072.8
23390006722000,2,1,1,0
23390006723000,4,2,2,0
23390006724000,5,3,2,117
23390006725000,37,15,22,1472.6
23390006726000,41,17,24,1660.5
23390006727000,9,3,6,549
23390006728000,105,39,66,5880
23390006729000,7,4,3,235.2
23390006748000,2,1,1,0
23390006751000,8,4,4,386.4
23390006752000,6,4,2,327
23390006793000,4,2,2,0
23390006794000,3,2,1,0
23390006795000,11,6,5,359.7
23390006802000,1,1,0,0
23390006803000,2,2,0,0
23390006807000,1,0,1,0
23390006809000,5,3,2,188
23390006818000,3,2,1,0
23390006847000,3,0,3,0
23390006849000,5,2,3,104
23390006850000,72,32,40,3412.8
23390006851000,74,36,38,3056.2
23390006854000,2,2,0,0
23390006855000,2,1,1,0
23390006859000,6,3,3,409.8
23390006860000,7,2,5,322
23390006868000,5,2,3,229
23390006874000,16,11,5,889.6
23390006875000,9,5,4,395.1
23390006949000,4,2,2,0
23390006950000,112,60,52,5409.6
23390006951000,10,7,3,466
23390006952000,6,3,3,340.2
23390006953000,3,2,1,0
23390006982000,7,3,4,329.7
23390007019000,1,1,0,0
23390007020000,5,2,3,255
23390007021000,4,2,2,0
23390007032000,16,8,8,828.8
23390007033000,82,47,35,3599.8
23390007034000,43,21,22,1591
23390007037000,3,1,2,0
23390007038000,3,1,2,0
23390007070000,12,8,4,393.6
23390007071000,31,16,15,1391.9
23390007072000,52,25,27,1835.6
23390007074000,5,3,2,61
23390007075000,29,16,13,1345.6
23390007076000,140,70,70,6370
23390007077000,5,3,2,115
23390007103000,12,6,6,361.2
23390007104000,1,1,0,0
23390007105000,15,9,6,579
23390007108000,2,1,1,0
23390007109000,14,8,6,268.8
23390007110000,69,43,26,2539.2
23390007111000,162,82,80,7371
23390007113000,8,4,4,316
23390007116000,37,19,18,1483.7
23390007117000,39,19,20,1470.3
23390007118000,7,4,3,181.3
23390007119000,3,1,2,0
23390007120000,1,1,0,0
23390007152000,16,6,10,640
23390007154000,22,13,9,891
23390007155000,44,24,20,1619.2
23390007156000,8,3,5,224.8
23390007166000,4,2,2,0
23390007184000,1,1,0,0
23390007186000,10,7,3,408
23390007191000,6,4,2,261
23390007192000,6,2,4,223.2
23390007193000,26,11,15,1029.6
23390007196000,66,35,31,1920.6
23390007197000,777,364,413,35120.4
23390007198000,91,44,47,3585.4
23390007203000,11,4,7,282.7
23390007204000,2,1,1,0
23390007218000,2,1,1,0
23390007221000,10,5,5,342
23390007222000,4,0,4,0
23390007223000,11,6,5,394.9
23400006647000,8,3,5,331.2
23400006648000,26,14,12,1016.6
23400006649000,9,3,6,243.9
23400006650000,46,31,15,1890.6
23400006651000,24,13,11,856.8
23400006652000,469,223,246,20495.3
23400006653000,82,41,41,3665.4
23400006654000,10,5,5,355
23400006655000,16,6,10,542.4
23400006656000,38,23,15,1273
23400006657000,19,11,8,786.6
23400006658000,22,12,10,1317.8
23400006659000,40,19,21,1540
23400006660000,11,6,5,540.1
23400006661000,17,11,6,578
23400006663000,6,3,3,241.8
23400006664000,4,1,3,0
23400006665000,1,1,0,0
23400006666000,22,11,11,726
23400006667000,6,4,2,166.2
23400006679000,8,4,4,187.2
23400006681000,4,2,2,0
23400006682000,1,0,1,0
23400006683000,10,9,1,266
23400006684000,90,43,47,4023
23400006685000,73,35,38,3233.9
23400006686000,115,55,60,5117.5
23400006687000,36,19,17,1371.6
23400006699000,3,1,2,0
23400006701000,10,7,3,486
23400006702000,17,8,9,773.5
23400006703000,99,54,45,4484.7
23400006704000,75,35,40,3322.5
23400006705000,200,106,94,8620
23400006706000,2,2,0,0
23400006708000,3,3,0,0
23400006709000,8,3,5,502.4
23400006710000,72,38,34,2937.6
23400006711000,10,4,6,744
23400006712000,13,7,6,471.9
23400006713000,16,9,7,491.2
23400006714000,13,5,8,595.4
23400006715000,24,13,11,672
23400006716000,33,16,17,1791.9
23400006717000,4,3,1,0
23400006719000,8,6,2,312
23400006720000,30,13,17,1269
23400006721000,59,31,28,2649.1
23400006725000,3,2,1,0
23400006726000,13,3,10,371.8
23400006727000,20,9,11,852
23400006728000,156,80,76,6957.6
23400006729000,48,24,24,2150.4
23400006746000,1,1,0,0
23400006748000,19,9,10,1060.2
23400006751000,5,4,1,275
23400006792000,10,5,5,527
23400006793000,9,5,4,574.2
23400006794000,49,29,20,1817.9
23400006809000,1,0,1,0
23400006819000,4,2,2,0
23400006843000,2,0,2,0
23400006844000,9,4,5,443.7
23400006845000,1,1,0,0
23400006847000,2,1,1,0
23400006848000,13,5,8,543.4
23400006849000,20,10,10,938
23400006851000,4,2,2,0
23400006854000,1,1,0,0
23400006874000,1,1,0,0
23400006875000,1,0,1,0
23400006895000,11,4,7,718.3
23400006896000,18,7,11,909
23400006912000,4,2,2,0
23400006949000,11,7,4,570.9
23400006950000,43,23,20,1634
23400006951000,2,1,1,0
23400006952000,7,4,3,382.2
23400006955000,6,4,2,241.8
23400006977000,7,4,3,289.8
23400006981000,1,0,1,0
23400006982000,1,0,1,0
23400007022000,2,1,1,0
23400007030000,3,2,1,0
23400007032000,13,7,6,474.5
23400007033000,37,22,15,1916.6
23400007034000,4,3,1,0
23400007070000,9,5,4,351.9
23400007071000,65,36,29,2190.5
23400007072000,59,30,29,2395.4
23400007074000,11,6,5,334.4
23400007075000,24,12,12,746.4
23400007076000,49,25,24,1690.5
23400007077000,14,7,7,652.4
23400007079000,3,2,1,0
23400007101000,2,1,1,0
23400007102000,25,15,10,902.5
23400007106000,14,8,6,518
23400007108000,16,6,10,619.2
23400007109000,13,9,4,517.4
23400007110000,22,11,11,818.4
23400007111000,5,1,4,123
23400007112000,50,24,26,2305
23400007113000,23,11,12,756.7
23400007114000,48,23,25,1416
23400007116000,25,13,12,1032.5
23400007120000,3,2,1,0
23400007152000,3,2,1,0
23400007153000,1,1,0,0
23400007155000,17,11,6,734.4
23400007165000,1,1,0,0
23400007166000,5,2,3,113
23400007187000,3,2,1,0
23400007192000,10,8,2,444
23400007196000,4,2,2,0
23400007197000,10,7,3,446
23400007199000,8,5,3,336
23400007205000,23,14,9,745.2
23400007210000,7,3,4,389.2
23400007211000,12,8,4,498
23400007217000,5,3,2,282
23400007218000,25,12,13,1442.5
23400007219000,8,5,3,452
23400007223000,1,1,0,0
23410006643000,3,2,1,0
23410006645000,7,5,2,471.1
23410006646000,4,3,1,0
23410006647000,35,19,16,1501.5
23410006648000,41,21,20,1685.1
23410006649000,5,2,3,292
23410006650000,19,7,12,788.5
23410006651000,32,15,17,1753.6
23410006652000,30,15,15,1320
23410006653000,22,13,9,1221
23410006660000,16,9,7,681.6
23410006661000,16,10,6,636.8
23410006662000,16,9,7,612.8
23410006663000,5,2,3,215
23410006664000,13,8,5,587.6
23410006665000,4,3,1,0
23410006666000,18,11,7,804.6
23410006668000,2,1,1,0
23410006673000,10,7,3,452
23410006676000,4,2,2,0
23410006680000,4,2,2,0
23410006683000,22,10,12,756.8
23410006684000,26,13,13,1232.4
23410006685000,37,18,19,1783.4
23410006686000,26,12,14,902.2
23410006702000,26,13,13,1383.2
23410006703000,21,12,9,1045.8
23410006704000,6,3,3,334.8
23410006709000,2,1,1,0
23410006710000,33,16,17,1646.7
23410006711000,9,4,5,565.2
23410006712000,7,5,2,301
23410006714000,3,2,1,0
23410006716000,11,8,3,520.3
23410006721000,15,9,6,838.5
23410006725000,5,3,2,227
23410006726000,12,6,6,706.8
23410006727000,17,8,9,550.8
23410006728000,8,4,4,356
23410006729000,68,35,33,3420.4
23410006730000,41,18,23,1951.6
23410006731000,25,12,13,1112.5
23410006732000,23,11,12,913.1
23410006745000,2,1,1,0
23410006772000,2,1,1,0
23410006779000,18,10,8,1040.4
23410006791000,26,15,11,1110.2
23410006793000,9,4,5,361.8
23410006794000,35,16,19,1603
23410006810000,6,4,2,300
23410006812000,4,2,2,0
23410006813000,2,1,1,0
23410006817000,11,4,7,570.9
23410006840000,3,1,2,0
23410006841000,71,37,34,2861.3
23410006842000,7,4,3,338.1
23410006860000,7,3,4,314.3
23410006874000,1,0,1,0
23410006896000,19,11,8,689.7
23410006977000,10,6,4,539
23410006978000,16,9,7,684.8
23410006979000,3,1,2,0
23410006980000,8,5,3,502.4
23410007022000,12,4,8,566.4
23410007023000,7,3,4,247.1
23410007024000,3,2,1,0
23410007025000,5,4,1,245
23410007033000,13,7,6,643.5
23410007034000,18,9,9,709.2
23410007070000,41,25,16,1254.6
23410007071000,10,4,6,284
23410007072000,3,2,1,0
23410007074000,13,7,6,353.6
23410007075000,10,6,4,278
23410007076000,11,5,6,438.9
23410007102000,13,7,6,737.1
23410007106000,6,5,1,166.2
23410007107000,20,13,7,1004
23410007108000,5,2,3,250
23410007109000,1,1,0,0
23410007110000,13,9,4,417.3
23410007111000,35,20,15,1008
23410007112000,11,6,5,493.9
23410007113000,31,15,16,1267.9
23410007114000,5,3,2,247
23410007115000,7,4,3,259.7
23410007116000,65,28,37,3874
23410007117000,5,3,2,234
23410007152000,4,2,2,0
23410007153000,4,2,2,0
23410007154000,2,1,1,0
23410007155000,13,6,7,677.3
23410007156000,4,2,2,0
23410007167000,3,1,2,0
23410007196000,2,2,0,0
23410007197000,1,1,0,0
23410007198000,7,3,4,282.1
23410007199000,4,3,1,0
23410007204000,8,3,5,280.8
23410007205000,3,2,1,0
23410007219000,15,8,7,435
23410007224000,1,0,1,0
23420006646000,5,3,2,192
23420006647000,25,10,15,927.5
23420006648000,82,38,44,3476.8
23420006649000,87,45,42,3045
23420006650000,14,6,8,484.4
23420006651000,11,6,5,456.5
23420006652000,24,12,12,1135.2
23420006653000,23,12,11,1071.8
23420006654000,11,4,7,437.8
23420006662000,2,1,1,0
23420006663000,15,6,9,607.5
23420006664000,1,0,1,0
23420006670000,7,4,3,252.7
23420006671000,2,2,0,0
23420006675000,2,1,1,0
23420006683000,2,2,0,0
23420006685000,19,9,10,642.2
23420006686000,5,2,3,166
23420006710000,40,23,17,1752
23420006721000,2,1,1,0
23420006726000,3,2,1,0
23420006727000,14,8,6,698.6
23420006728000,2,1,1,0
23420006730000,13,8,5,491.4
23420006777000,5,4,1,90
23420006778000,1,1,0,0
23420006779000,23,11,12,926.9
23420006780000,27,17,10,1098.9
23420006781000,4,1,3,0
23420006782000,15,6,9,568.5
23420006783000,2,2,0,0
23420006809000,7,3,4,240.1
23420006811000,6,3,3,396
23420006812000,11,6,5,436.7
23420006814000,12,5,7,423.6
23420006815000,4,2,2,0
23420006817000,5,5,0,237
23420006832000,8,2,6,140.8
23420006834000,2,1,1,0
23420006835000,10,6,4,352
23420006836000,22,11,11,998.8
23420006837000,61,30,31,2665.7
23420006838000,10,6,4,453
23420006839000,4,3,1,0
23420006859000,1,1,0,0
23420006860000,38,20,18,1592.2
23420006861000,2,1,1,0
23420006866000,40,20,20,1736
23420006911000,2,1,1,0
23420006977000,8,5,3,212
23420006978000,8,4,4,527.2
23420006979000,23,9,14,1090.2
23420006980000,5,2,3,213
23420007022000,14,6,8,400.4
23420007024000,12,6,6,252
23420007032000,4,3,1,0
23420007033000,156,80,76,6068.4
23420007070000,9,6,3,347.4
23420007074000,17,10,7,756.5
23420007075000,5,3,2,183
23420007076000,17,10,7,676.6
23420007077000,38,20,18,1197
23420007078000,7,3,4,217
23420007079000,12,7,5,435.6
23420007103000,17,8,9,773.5
23420007107000,2,1,1,0
23420007110000,3,2,1,0
23420007111000,9,4,5,285.3
23420007112000,14,8,6,485.8
23420007113000,7,1,6,224.7
23420007114000,27,12,15,818.1
23420007117000,32,16,16,1168
23420007118000,7,4,3,391.3
23420007121000,5,3,2,218
23420007152000,1,1,0,0
23420007154000,2,2,0,0
23420007167000,4,3,1,0
23420007197000,3,2,1,0
23420007199000,3,1,2,0
23420007201000,2,1,1,0
23420007202000,3,2,1,0
23420007205000,2,2,0,0
23420007207000,9,4,5,568.8
23420007208000,12,5,7,324
23420007212000,11,5,6,324.5
23420007213000,2,0,2,0
23420007217000,1,1,0,0
23420007218000,2,1,1,0
23420007224000,1,0,1,0
23430006646000,6,4,2,411
23430006647000,56,25,31,2492
23430006648000,331,155,176,15921.1
23430006649000,363,164,199,15717.9
23430006650000,38,20,18,1812.6
23430006651000,7,4,3,238
23430006653000,13,7,6,548.6
23430006654000,4,3,1,0
23430006655000,2,1,1,0
23430006664000,1,0,1,0
23430006669000,1,0,1,0
23430006672000,6,3,3,199.2
23430006686000,9,5,4,438.3
23430006729000,1,1,0,0
23430006730000,29,17,12,1577.6
23430006776000,13,7,6,646.1
23430006777000,10,6,4,584
23430006778000,2,1,1,0
23430006780000,14,4,10,740.6
23430006781000,48,20,28,2280
23430006782000,28,14,14,1170.4
23430006793000,2,1,1,0
23430006809000,2,1,1,0
23430006811000,20,12,8,982
23430006812000,21,11,10,1102.5
23430006814000,5,3,2,351
23430006815000,4,2,2,0
23430006830000,4,3,1,0
23430006834000,10,7,3,221
23430006860000,20,11,9,824
23430006861000,25,12,13,917.5
23430006863000,12,6,6,723.6
23430006864000,91,37,54,4686.5
23430006865000,58,29,29,2499.8
23430006866000,15,8,7,628.5
23430006978000,8,2,6,198.4
23430007034000,1,0,1,0
23430007077000,24,14,10,696
23430007078000,57,28,29,2319.9
23430007079000,16,10,6,673.6
23430007113000,3,1,2,0
23430007114000,5,4,1,344
23430007115000,3,2,1,0
23430007117000,3,1,2,0
23430007118000,13,6,7,551.2
23430007119000,2,1,1,0
23430007120000,5,2,3,117
23430007121000,2,1,1,0
23430007151000,1,0,1,0
23430007152000,27,15,12,969.3
23430007153000,247,112,135,8472.1
23430007154000,21,11,10,837.9
23430007160000,3,2,1,0
23430007166000,2,1,1,0
23430007191000,9,5,4,363.6
23430007197000,1,1,0,0
23430007212000,13,7,6,462.8
23430007218000,1,0,1,0
23430007219000,6,1,5,217.2
23430007220000,38,19,19,1341.4
23430007221000,6,3,3,208.2
23430007224000,2,1,1,0
23440006646000,34,18,16,1309
23440006647000,29,17,12,1180.3
23440006648000,2,1,1,0
23440006649000,99,51,48,4405.5
23440006650000,28,13,15,1128.4
23440006651000,42,20,22,1352.4
23440006652000,4,2,2,0
23440006653000,3,2,1,0
23440006654000,14,4,10,642.6
23440006655000,10,5,5,479
23440006666000,3,2,1,0
23440006669000,1,0,1,0
23440006673000,1,0,1,0
23440006688000,4,2,2,0
23440006729000,13,9,4,821.6
23440006730000,26,14,12,1229.8
23440006776000,4,2,2,0
23440006780000,2,1,1,0
23440006781000,64,30,34,3136
23440006782000,11,7,4,498.3
23440006811000,10,7,3,290
23440006812000,1,1,0,0
23440006813000,20,9,11,862
23440006824000,9,4,5,477.9
23440006825000,2,2,0,0
23440006826000,12,7,5,540
23440006827000,15,11,4,604.5
23440006829000,3,1,2,0
23440006864000,41,22,19,1517
23440006865000,25,12,13,1150
23440006866000,36,19,17,1310.4
23440006902000,4,2,2,0
23440006948000,5,2,3,80
23440007021000,7,3,4,189
23440007022000,3,1,2,0
23440007023000,3,1,2,0
23440007034000,3,1,2,0
23440007069000,2,1,1,0
23440007078000,16,7,9,569.6
23440007079000,32,18,14,1145.6
23440007100000,1,1,0,0
23440007101000,14,8,6,198.8
23440007103000,9,6,3,349.2
23440007104000,6,2,4,268.8
23440007110000,2,2,0,0
23440007113000,1,1,0,0
23440007115000,4,3,1,0
23440007119000,7,3,4,231
23440007150000,9,4,5,475.2
23440007151000,9,5,4,430.2
23440007152000,230,117,113,9476
23440007153000,254,130,124,8305.8
23440007199000,3,2,1,0
23440007201000,2,1,1,0
23440007202000,3,2,1,0
23440007203000,6,5,1,171
23440007207000,2,1,1,0
23440007210000,9,6,3,432
23440007212000,2,2,0,0
23440007219000,13,6,7,695.5
23440007221000,37,20,17,1676.1
23440007222000,1,0,1,0
23440007223000,17,9,8,712.3
23440007224000,11,3,8,427.9
23450006647000,1,0,1,0
23450006648000,9,4,5,432.9
23450006649000,9,4,5,561.6
23450006650000,16,9,7,841.6
23450006651000,24,14,10,904.8
23450006652000,17,11,6,652.8
23450006653000,13,8,5,488.8
23450006654000,28,13,15,1335.6
23450006655000,5,1,4,237
23450006662000,3,1,2,0
23450006666000,48,28,20,1833.6
23450006667000,14,8,6,736.4
23450006668000,12,3,9,435.6
23450006669000,3,2,1,0
23450006672000,3,1,2,0
23450006687000,1,0,1,0
23450006688000,4,2,2,0
23450006689000,2,1,1,0
23450006699000,2,1,1,0
23450006700000,2,2,0,0
23450006702000,2,1,1,0
23450006711000,3,1,2,0
23450006718000,8,6,2,406.4
23450006729000,35,19,16,1596
23450006779000,3,1,2,0
23450006781000,1,0,1,0
23450006782000,5,2,3,94
23450006811000,11,5,6,410.3
23450006812000,4,3,1,0
23450006813000,20,13,7,832
23450006823000,6,2,4,337.2
23450006824000,9,5,4,294.3
23450006864000,13,6,7,670.8
23450007078000,8,6,2,384
23450007079000,15,8,7,679.5
23450007080000,25,12,13,945
23450007099000,4,1,3,0
23450007100000,11,5,6,331.1
23450007101000,24,14,10,840
23450007102000,9,3,6,317.7
23450007103000,31,20,11,886.6
23450007104000,7,2,5,252
23450007119000,6,4,2,250.2
23450007120000,12,6,6,472.8
23450007121000,3,2,1,0
23450007149000,7,5,2,387.1
23450007150000,4,1,3,0
23450007151000,7,5,2,273.7
23450007152000,37,20,17,1605.8
23450007153000,7,4,3,289.1
23450007166000,1,1,0,0
23450007191000,1,0,1,0
23450007203000,4,2,2,0
23450007204000,4,1,3,0
23450007207000,1,0,1,0
23450007208000,4,2,2,0
23450007210000,2,1,1,0
23450007211000,11,8,3,397.1
23450007212000,40,23,17,1800
23450007213000,14,6,8,800.8
23450007221000,9,4,5,399.6
23450007222000,90,40,50,4185
23450007223000,62,35,27,2827.2
23450007224000,20,11,9,676
23460006647000,6,4,2,289.8
23460006649000,2,2,0,0
23460006651000,5,2,3,243
23460006652000,1,0,1,0
23460006653000,4,2,2,0
23460006662000,15,10,5,745.5
23460006668000,2,1,1,0
23460006669000,14,9,5,652.4
23460006670000,3,2,1,0
23460006671000,6,3,3,309
23460006672000,8,5,3,224.8
23460006679000,2,1,1,0
23460006680000,2,1,1,0
23460006686000,3,1,2,0
23460006687000,1,1,0,0
23460006698000,2,1,1,0
23460006699000,11,6,5,613.8
23460006700000,11,7,4,819.5
23460006729000,48,23,25,2548.8
23460006782000,2,2,0,0
23460006784000,2,1,1,0
23460006785000,22,14,8,1229.8
23460006786000,1,0,1,0
23460006812000,22,12,10,1027.4
23460006815000,7,2,5,270.9
23460006820000,13,5,8,752.7
23460006821000,24,14,10,1113.6
23460006863000,6,3,3,310.8
23460006882000,3,2,1,0
23460006887000,3,1,2,0
23460007051000,3,2,1,0
23460007079000,10,6,4,415
23460007080000,22,8,14,591.8
23460007082000,3,2,1,0
23460007098000,2,1,1,0
23460007099000,11,7,4,338.8
23460007100000,54,28,26,2332.8
23460007101000,15,9,6,634.5
23460007102000,14,6,8,586.6
23460007116000,1,1,0,0
23460007120000,2,1,1,0
23460007149000,12,5,7,540
23460007150000,75,35,40,2527.5
23460007152000,11,6,5,618.2
23460007153000,1,1,0,0
23460007154000,36,18,18,1555.2
23460007155000,21,12,9,919.8
23460007156000,12,7,5,446.4
23460007157000,9,4,5,530.1
23460007204000,10,4,6,485
23460007210000,1,0,1,0
23460007212000,6,2,4,177
23460007222000,21,10,11,1026.9
23460007223000,23,10,13,1143.1
23470006655000,6,2,4,232.2
23470006658000,4,1,3,0
23470006661000,5,3,2,300
23470006669000,6,4,2,343.8
23470006670000,2,1,1,0
23470006680000,1,0,1,0
23470006687000,20,11,9,924
23470006691000,2,1,1,0
23470006692000,2,1,1,0
23470006717000,1,0,1,0
23470006727000,3,2,1,0
23470006728000,26,17,9,1214.2
23470006729000,78,41,37,3751.8
23470006731000,7,3,4,158.9
23470006784000,1,1,0,0
23470006785000,9,4,5,527.4
23470006796000,2,1,1,0
23470006809000,6,3,3,295.2
23470006811000,6,3,3,391.8
23470006812000,85,42,43,2805
23470006813000,126,62,64,5808.6
23470006814000,1,1,0,0
23470006815000,13,6,7,561.6
23470006816000,2,1,1,0
23470006818000,1,0,1,0
23470006819000,27,10,17,1125.9
23470006820000,2,1,1,0
23470006886000,4,2,2,0
23470006887000,7,4,3,198.1
23470006948000,2,1,1,0
23470006949000,3,1,2,0
23470007079000,3,2,1,0
23470007080000,14,9,5,537.6
23470007081000,19,12,7,653.6
23470007082000,2,1,1,0
23470007098000,17,10,7,559.3
23470007099000,4,2,2,0
23470007100000,7,4,3,172.2
23470007101000,7,4,3,406.7
23470007102000,1,1,0,0
23470007120000,25,11,14,1010
23470007121000,24,12,12,969.6
23470007122000,1,1,0,0
23470007149000,14,8,6,478.8
23470007150000,35,20,15,1298.5
23470007152000,24,14,10,897.6
23470007153000,18,9,9,631.8
23470007154000,15,8,7,526.5
23470007155000,7,4,3,289.8
23470007190000,5,2,3,137
23470007206000,11,6,5,360.8
23470007207000,2,1,1,0
23470007210000,12,7,5,639.6
23470007211000,10,6,4,682
23470007213000,1,1,0,0
23470007216000,1,1,0,0
23470007222000,6,2,4,202.8
23470007223000,1,1,0,0
23480006658000,9,5,4,432.9
23480006659000,11,7,4,355.3
23480006661000,13,5,8,735.8
23480006667000,2,2,0,0
23480006669000,6,3,3,178.2
23480006670000,2,1,1,0
23480006672000,3,3,0,0
23480006673000,4,2,2,0
23480006677000,6,5,1,346.8
23480006685000,2,1,1,0
23480006687000,7,3,4,378
23480006688000,25,13,12,800
23480006689000,5,2,3,315
23480006699000,2,1,1,0
23480006702000,4,2,2,0
23480006704000,4,2,2,0
23480006717000,15,8,7,547.5
23480006718000,2,0,2,0
23480006726000,10,7,3,573
23480006727000,10,5,5,192
23480006728000,17,9,8,870.4
23480006729000,9,3,6,493.2
23480006752000,13,7,6,851.5
23480006802000,1,0,1,0
23480006803000,2,1,1,0
23480006809000,1,0,1,0
23480006810000,41,19,22,1881.9
23480006811000,11,6,5,584.1
23480006812000,5,3,2,262
23480006813000,12,7,5,477.6
23480006814000,10,4,6,375
23480006886000,1,0,1,0
23480007050000,4,2,2,0
23480007051000,6,2,4,243
23480007079000,9,4,5,182.7
23480007080000,28,13,15,1162
23480007081000,6,4,2,412.2
23480007082000,22,12,10,987.8
23480007097000,8,4,4,276.8
23480007098000,3,1,2,0
23480007101000,15,9,6,639
23480007115000,6,2,4,190.2
23480007120000,11,4,7,564.3
23480007121000,3,1,2,0
23480007150000,26,13,13,1222
23480007151000,8,5,3,406.4
23480007152000,6,4,2,225
23480007153000,30,13,17,1227
23480007154000,8,4,4,479.2
23480007155000,8,5,3,186.4
23480007156000,5,3,2,306
23480007202000,12,8,4,380.4
23480007206000,4,1,3,0
23480007207000,6,3,3,358.8
23480007208000,7,3,4,300.3
23480007214000,2,1,1,0
23490006654000,6,2,4,226.8
23490006655000,17,10,7,856.8
23490006657000,4,1,3,0
23490006661000,12,6,6,494.4
23490006662000,3,1,2,0
23490006663000,1,0,1,0
23490006664000,4,3,1,0
23490006666000,4,2,2,0
23490006670000,4,2,2,0
23490006671000,6,5,1,123
23490006674000,2,1,1,0
23490006676000,2,1,1,0
23490006678000,1,1,0,0
23490006687000,61,27,34,2470.5
23490006689000,6,2,4,442.8
23490006690000,10,5,5,569
23490006695000,2,2,0,0
23490006702000,8,4,4,435.2
23490006703000,5,3,2,296
23490006712000,2,2,0,0
23490006718000,19,7,12,775.2
23490006719000,4,2,2,0
23490006722000,3,2,1,0
23490006725000,11,5,6,557.7
23490006726000,29,17,12,1122.3
23490006727000,10,5,5,527
23490006752000,2,1,1,0
23490006753000,8,5,3,402.4
23490006786000,4,3,1,0
23490006787000,9,5,4,395.1
23490006791000,5,3,2,188
23490006792000,2,1,1,0
23490006805000,14,9,5,630
23490006807000,4,3,1,0
23490006809000,3,2,1,0
23490006810000,3,1,2,0
23490006863000,11,3,8,457.6
23490006886000,11,6,5,508.2
23490007030000,7,3,4,408.1
23490007065000,5,3,2,236
23490007079000,17,12,5,654.5
23490007080000,6,4,2,226.2
23490007081000,3,1,2,0
23490007082000,6,3,3,193.8
23490007097000,6,4,2,118.8
23490007098000,22,10,12,576.4
23490007115000,7,4,3,249.9
23490007116000,2,2,0,0
23490007121000,46,27,19,1858.4
23490007122000,2,1,1,0
23490007150000,3,1,2,0
23490007151000,3,1,2,0
23490007153000,14,8,6,575.4
23490007154000,36,18,18,1404
23490007155000,10,4,6,410
23490007189000,29,13,16,1626.9
23490007190000,39,20,19,2421.9
23490007202000,8,4,4,216.8
23490007208000,3,2,1,0
23490007212000,5,4,1,183
23490007213000,1,1,0,0
23490007220000,2,1,1,0
23500006653000,3,1,2,0
23500006654000,29,13,16,1760.3
23500006663000,6,4,2,220.2
23500006664000,31,16,15,1698.8
23500006665000,150,75,75,7035
23500006666000,17,8,9,1006.4
23500006667000,16,8,8,768
23500006668000,11,6,5,480.7
23500006670000,1,0,1,0
23500006671000,13,7,6,509.6
23500006675000,6,4,2,364.8
23500006676000,5,2,3,199
23500006687000,17,10,7,768.4
23500006689000,3,3,0,0
23500006690000,1,0,1,0
23500006691000,10,5,5,582
23500006692000,7,3,4,403.9
23500006693000,5,3,2,339
23500006719000,3,1,2,0
23500006722000,8,5,3,290.4
23500006723000,1,0,1,0
23500006724000,7,4,3,454.3
23500006725000,20,11,9,1142
23500006726000,9,3,6,322.2
23500006729000,2,1,1,0
23500006752000,15,8,7,880.5
23500006753000,8,6,2,330.4
23500006774000,6,2,4,178.2
23500006790000,6,3,3,216
23500006791000,14,8,6,737.8
23500006797000,2,1,1,0
23500006863000,16,10,6,641.6
23500006864000,2,1,1,0
23500007029000,4,2,2,0
23500007079000,16,7,9,542.4
23500007080000,12,7,5,531.6
23500007116000,6,3,3,307.8
23500007120000,16,10,6,646.4
23500007121000,7,3,4,235.9
23500007149000,8,2,6,336
23500007150000,12,5,7,510
23500007151000,12,7,5,326.4
23500007152000,30,13,17,1296
23500007153000,47,22,25,1847.1
23500007154000,12,8,4,590.4
23500007155000,7,3,4,289.8
23500007156000,5,2,3,164
23500007189000,42,23,19,2184
23500007190000,11,6,5,633.6
23500007202000,4,3,1,0
23500007208000,4,2,2,0
23500007209000,10,6,4,371
23500007210000,8,4,4,224
23500007214000,1,1,0,0
23500007221000,11,5,6,754.6
23510006650000,2,2,0,0
23510006651000,18,12,6,640.8
23510006652000,21,9,12,1205.4
23510006653000,18,9,9,754.2
23510006661000,3,2,1,0
23510006662000,7,4,3,307.3
23510006663000,9,4,5,306
23510006664000,14,8,6,582.4
23510006665000,76,34,42,3769.6
23510006666000,27,12,15,1142.1
23510006667000,7,4,3,198.8
23510006668000,5,2,3,376
23510006669000,4,2,2,0
23510006670000,6,3,3,381
23510006671000,13,7,6,548.6
23510006672000,15,7,8,663
23510006673000,1,0,1,0
23510006674000,12,6,6,405.6
23510006675000,10,3,7,420
23510006687000,10,5,5,463
23510006700000,2,1,1,0
23510006701000,4,3,1,0
23510006712000,1,1,0,0
23510006722000,4,2,2,0
23510006723000,7,4,3,450.1
23510006724000,4,3,1,0
23510006725000,8,2,6,498.4
23510006726000,24,15,9,868.8
23510006729000,4,2,2,0
23510006774000,13,7,6,542.1
23510006790000,30,19,11,1533
23510006791000,15,7,8,496.5
23510006796000,2,1,1,0
23510006797000,1,0,1,0
23510006798000,2,2,0,0
23510006799000,5,3,2,157
23510006802000,11,6,5,397.1
23510006803000,27,13,14,1161
23510006804000,12,6,6,693.6
23510006805000,4,3,1,0
23510006806000,6,3,3,280.2
23510006823000,3,2,1,0
23510006863000,7,4,3,244.3
23510007026000,3,1,2,0
23510007027000,10,5,5,483
23510007029000,1,1,0,0
23510007062000,3,1,2,0
23510007063000,16,13,3,851.2
23510007080000,8,4,4,331.2
23510007081000,8,3,5,304.8
23510007117000,3,2,1,0
23510007120000,3,2,1,0
23510007121000,7,5,2,324.8
23510007122000,3,2,1,0
23510007149000,26,15,11,1123.2
23510007150000,15,6,9,690
23510007151000,22,8,14,750.2
23510007152000,53,27,26,2597
23510007153000,51,24,27,1999.2
23510007154000,9,4,5,277.2
23510007155000,9,3,6,416.7
23510007156000,7,2,5,233.8
23510007189000,48,29,19,1483.2
23510007190000,10,6,4,716
23510007191000,3,2,1,0
23510007203000,8,4,4,355.2
23510007214000,5,3,2,246
23510007215000,2,1,1,0
23510007216000,8,4,4,267.2
23510007221000,16,6,10,1025.6
23510007222000,8,3,5,462.4
23520006652000,4,2,2,0
23520006653000,1,1,0,0
23520006654000,2,2,0,0
23520006657000,1,1,0,0
23520006658000,16,9,7,339.2
23520006659000,1,0,1,0
23520006660000,6,3,3,210
23520006661000,3,2,1,0
23520006662000,12,5,7,684
23520006663000,12,6,6,588
23520006665000,4,2,2,0
23520006667000,4,3,1,0
23520006670000,4,2,2,0
23520006672000,1,1,0,0
23520006686000,11,5,6,231
23520006687000,15,9,6,531
23520006688000,19,9,10,628.9
23520006689000,10,4,6,342
23520006693000,7,5,2,343.7
23520006694000,5,3,2,265
23520006705000,3,1,2,0
23520006707000,1,1,0,0
23520006719000,4,2,2,0
23520006723000,7,3,4,196
23520006725000,5,2,3,256
23520006726000,14,8,6,505.4
23520006727000,11,5,6,415.8
23520006729000,3,2,1,0
23520006733000,3,2,1,0
23520006749000,6,3,3,243
23520006753000,3,2,1,0
23520006774000,21,11,10,993.3
23520006791000,11,5,6,726
23520006792000,4,2,2,0
23520006799000,171,84,87,6036.3
23520006800000,311,155,156,12502.2
23520006801000,164,85,79,6543.6
23520006802000,59,28,31,2460.3
23520006803000,8,5,3,348
23520006804000,12,6,6,469.2
23520006805000,94,47,47,2951.6
23520006806000,48,30,18,1689.6
23520006819000,2,1,1,0
23520006820000,2,0,2,0
23520006822000,4,3,1,0
23520006823000,2,1,1,0
23520006885000,9,3,6,447.3
23520007026000,1,1,0,0
23520007062000,5,3,2,268
23520007063000,16,9,7,612.8
23520007064000,5,2,3,167
23520007081000,12,6,6,459.6
23520007082000,23,12,11,832.6
23520007122000,9,5,4,363.6
23520007151000,3,1,2,0
23520007152000,3,2,1,0
23520007153000,18,7,11,712.8
23520007154000,19,12,7,685.9
23520007155000,73,29,44,2306.8
23520007156000,22,7,15,554.4
23520007157000,31,16,15,1016.8
23520007183000,1,1,0,0
23520007190000,2,1,1,0
23520007191000,4,2,2,0
23520007203000,22,15,7,979
23520007204000,1,0,1,0
23520007215000,10,6,4,396
23520007217000,1,0,1,0
23520007222000,12,6,6,699.6
23520007223000,2,1,1,0
23520007224000,2,1,1,0
23530006653000,5,3,2,276
23530006654000,20,12,8,1048
23530006655000,14,8,6,610.4
23530006656000,2,1,1,0
23530006658000,58,33,25,2296.8
23530006659000,34,17,17,1499.4
23530006660000,25,13,12,1152.5
23530006661000,13,6,7,468
23530006676000,17,8,9,748
23530006682000,1,0,1,0
23530006694000,21,12,9,827.4
23530006695000,9,6,3,331.2
23530006702000,1,0,1,0
23530006707000,3,2,1,0
23530006719000,7,5,2,319.2
23530006731000,5,3,2,316
23530006733000,8,5,3,198.4
23530006735000,5,2,3,104
23530006736000,12,4,8,474
23530006737000,10,5,5,276
23530006749000,2,1,1,0
23530006792000,4,2,2,0
23530006799000,188,94,94,6862
23530006800000,480,208,272,26400
23530006801000,649,319,330,28361.3
23530006802000,85,40,45,3646.5
23530006817000,10,5,5,459
23530006818000,5,3,2,249
23530006820000,3,2,1,0
23530006822000,4,1,3,0
23530007081000,3,1,2,0
23530007082000,25,13,12,1045
23530007083000,6,3,3,211.8
23530007118000,1,1,0,0
23530007122000,11,5,6,567.6
23530007150000,9,6,3,405
23530007154000,25,12,13,890
23530007155000,357,177,180,17064.6
23530007156000,160,86,74,5904
23530007157000,133,75,58,5679.1
23530007158000,25,14,11,857.5
23530007203000,14,7,7,530.6
23530007204000,7,5,2,399.7
23530007216000,12,8,4,411.6
23530007217000,5,2,3,216
23530007225000,6,2,4,267
23530007287000,5,3,2,305
23540006657000,12,5,7,471.6
23540006658000,14,6,8,557.2
23540006659000,5,2,3,240
23540006667000,7,3,4,200.9
23540006693000,8,4,4,380.8
23540006694000,15,8,7,757.5
23540006695000,5,3,2,289
23540006697000,2,1,1,0
23540006698000,2,1,1,0
23540006718000,6,4,2,210
23540006719000,9,6,3,273.6
23540006720000,2,1,1,0
23540006724000,1,1,0,0
23540006731000,2,2,0,0
23540006732000,2,1,1,0
23540006733000,3,2,1,0
23540006734000,1,1,0,0
23540006797000,24,12,12,955.2
23540006798000,83,42,41,3394.7
23540006799000,219,109,110,8387.7
23540006800000,108,57,51,4557.6
23540006801000,33,18,15,1303.5
23540006802000,29,19,10,1171.6
23540006803000,1,0,1,0
23540006805000,3,1,2,0
23540006817000,4,2,2,0
23540006824000,7,2,5,287.7
23540006826000,8,3,5,400.8
23540006885000,1,1,0,0
23540007062000,2,2,0,0
23540007082000,2,1,1,0
23540007119000,3,1,2,0
23540007154000,8,4,4,571.2
23540007155000,84,40,44,2906.4
23540007156000,53,28,25,2120
23540007157000,2,1,1,0
23540007158000,17,10,7,751.4
23540007159000,17,9,8,530.4
23540007204000,2,1,1,0
23540007205000,13,7,6,500.5
23540007225000,3,2,1,0
23540007280000,40,22,18,1652
23540007289000,8,3,5,266.4
23550006665000,4,2,2,0
23550006666000,12,5,7,406.8
23550006667000,7,5,2,254.1
23550006674000,6,1,5,229.8
23550006692000,2,2,0,0
23550006693000,3,2,1,0
23550006705000,2,1,1,0
23550006706000,3,1,2,0
23550006707000,5,2,3,109
23550006708000,5,3,2,216
23550006718000,1,1,0,0
23550006723000,8,3,5,454.4
23550006728000,1,1,0,0
23550006731000,2,1,1,0
23550006732000,33,16,17,1217.7
23550006794000,5,3,2,216
23550006795000,26,15,11,1040
23550006796000,57,32,25,2251.5
23550006797000,5,2,3,173
23550006805000,10,4,6,494
23550006806000,15,9,6,699
23550006807000,3,1,2,0
23550006808000,3,2,1,0
23550006818000,3,2,1,0
23550006819000,5,4,1,262
23550007123000,1,1,0,0
23550007154000,6,4,2,208.8
23550007156000,57,30,27,1938
23550007157000,29,15,14,1023.7
23550007158000,18,12,6,572.4
23550007159000,3,1,2,0
23550007206000,10,4,6,432
23550007219000,2,1,1,0
23550007279000,6,2,4,229.2
23550007280000,2,1,1,0
23550007287000,8,5,3,348
23550007288000,22,9,13,818.4
23550007289000,2,1,1,0
23550007290000,17,11,6,1042.1
23560006662000,4,2,2,0
23560006666000,15,8,7,760.5
23560006667000,7,3,4,287.7
23560006668000,1,1,0,0
23560006674000,2,2,0,0
23560006678000,14,8,6,586.6
23560006699000,2,1,1,0
23560006700000,57,28,29,2667.6
23560006701000,32,14,18,1609.6
23560006705000,3,1,2,0
23560006708000,1,0,1,0
23560006710000,1,1,0,0
23560006731000,12,8,4,595.2
23560006732000,5,3,2,357
23560006733000,6,2,4,352.8
23560006734000,1,0,1,0
23560006794000,255,129,126,10276.5
23560006795000,112,55,57,4468.8
23560006806000,3,1,2,0
23560006807000,10,5,5,394
23560006819000,4,2,2,0
23560006895000,5,2,3,327
23560007123000,10,6,4,473
23560007124000,4,2,2,0
23560007151000,9,3,6,403.2
23560007152000,2,1,1,0
23560007153000,13,5,8,426.4
23560007154000,36,21,15,990
23560007156000,26,15,11,1435.2
23560007157000,191,98,93,6646.8
23560007158000,14,6,8,460.6
23560007205000,13,5,8,664.3
23560007206000,18,10,8,946.8
23560007219000,9,4,5,368.1
23560007220000,19,9,10,809.4
23560007223000,5,4,1,167
23560007280000,17,8,9,615.4
23560007285000,1,1,0,0
23560007288000,29,15,14,1368.8
23560007289000,28,17,11,1178.8
23560007290000,5,2,3,209
23570006657000,4,2,2,0
23570006667000,10,6,4,551
23570006668000,4,3,1,0
23570006676000,2,1,1,0
23570006682000,6,3,3,270
23570006698000,1,1,0,0
23570006699000,12,6,6,417.6
23570006700000,87,40,47,4289.1
23570006701000,29,12,17,1667.5
23570006710000,2,1,1,0
23570006730000,2,1,1,0
23570006732000,12,7,5,511.2
23570006735000,6,3,3,265.2
23570006737000,2,1,1,0
23570006791000,5,3,2,155
23570006792000,26,14,12,1042.6
23570006793000,25,11,14,1247.5
23570006794000,33,19,14,1283.7
23570006795000,11,5,6,330
23570006814000,2,1,1,0
23570007080000,10,3,7,377
23570007097000,3,2,1,0
23570007101000,1,1,0,0
23570007124000,7,3,4,280
23570007150000,7,4,3,263.9
23570007151000,16,7,9,678.4
23570007152000,19,9,10,621.3
23570007153000,5,3,2,175
23570007154000,16,8,8,609.6
23570007155000,18,8,10,802.8
23570007156000,33,16,17,1237.5
23570007157000,38,22,16,1535.2
23570007158000,10,7,3,249
23570007159000,8,3,5,262.4
23570007205000,4,2,2,0
23570007219000,5,3,2,298
23570007220000,5,3,2,261
23570007221000,10,5,5,385
23570007223000,7,3,4,357
23570007280000,20,10,10,752
23570007281000,22,12,10,994.4
23570007284000,11,4,7,490.6
23570007285000,20,13,7,800
23570007286000,11,4,7,324.5
23580006663000,1,1,0,0
23580006666000,2,1,1,0
23580006667000,6,4,2,280.2
23580006670000,4,2,2,0
23580006671000,5,2,3,329
23580006676000,2,1,1,0
23580006681000,5,3,2,131
23580006682000,2,1,1,0
23580006689000,1,1,0,0
23580006695000,1,1,0,0
23580006696000,2,0,2,0
23580006697000,6,2,4,364.2
23580006698000,1,1,0,0
23580006700000,7,3,4,499.8
23580006701000,2,1,1,0
23580006728000,6,3,3,406.2
23580006730000,10,5,5,387
23580006731000,6,3,3,367.2
23580006732000,2,1,1,0
23580006790000,1,0,1,0
23580006791000,4,3,1,0
23580006792000,3,2,1,0
23580007079000,1,1,0,0
23580007095000,5,3,2,168
23580007097000,4,2,2,0
23580007098000,4,2,2,0
23580007119000,7,4,3,287
23580007151000,110,61,49,4081
23580007152000,39,23,16,1158.3
23580007158000,9,5,4,405
23580007206000,15,11,4,573
23580007220000,7,5,2,394.1
23580007221000,10,3,7,392
23580007223000,23,11,12,977.5
23580007224000,29,16,13,1284.7
23580007235000,1,1,0,0
23580007284000,2,2,0,0
23580007285000,15,7,8,576
23580007286000,17,11,6,654.5
23580007288000,19,10,9,587.1
23580007289000,30,13,17,1191
23580007290000,109,60,49,4643.4
23580007291000,9,5,4,410.4
23590006665000,4,1,3,0
23590006679000,1,1,0,0
23590006681000,7,5,2,263.9
23590006682000,13,7,6,634.4
23590006683000,7,5,2,251.3
23590006697000,3,2,1,0
23590006700000,2,1,1,0
23590006701000,1,1,0,0
23590006702000,3,2,1,0
23590006721000,1,1,0,0
23590006723000,2,1,1,0
23590006724000,2,1,1,0
23590006725000,3,2,1,0
23590006726000,9,6,3,585
23590006727000,2,1,1,0
23590006728000,3,2,1,0
23590006729000,4,3,1,0
23590006783000,5,3,2,244
23590006789000,7,3,4,392
23590006790000,6,3,3,235.8
23590006795000,3,1,2,0
23590006813000,4,3,1,0
23590006824000,2,2,0,0
23590006826000,2,1,1,0
23590006830000,2,2,0,0
23590007078000,7,4,3,345.1
23590007079000,6,4,2,319.2
23590007119000,6,3,3,208.8
23590007124000,1,1,0,0
23590007151000,40,24,16,1536
23590007158000,28,14,14,999.6
23590007159000,5,3,2,117
23590007207000,12,5,7,842.4
23590007221000,13,8,5,613.6
23590007222000,2,1,1,0
23590007223000,11,3,8,568.7
23590007224000,4,2,2,0
23590007225000,2,1,1,0
23590007226000,1,1,0,0
23590007283000,32,17,15,1388.8
23590007284000,1,1,0,0
23590007285000,3,2,1,0
23590007287000,55,26,29,2409
23590007288000,14,7,7,709.8
23590007289000,6,3,3,301.8
23590007290000,79,42,37,3539.2
23600006663000,1,0,1,0
23600006664000,2,1,1,0
23600006681000,2,2,0,0
23600006687000,1,1,0,0
23600006688000,1,1,0,0
23600006692000,4,2,2,0
23600006700000,1,1,0,0
23600006723000,3,1,2,0
23600006724000,3,2,1,0
23600006725000,2,1,1,0
23600006728000,1,1,0,0
23600006730000,3,2,1,0
23600006782000,1,0,1,0
23600006784000,3,1,2,0
23600006788000,5,2,3,205
23600006789000,7,5,2,291.9
23600006795000,22,11,11,1089
23600006812000,6,3,3,357
23600007078000,6,3,3,262.8
23600007119000,5,2,3,87
23600007150000,2,1,1,0
23600007151000,23,11,12,959.1
23600007152000,7,3,4,231.7
23600007157000,5,4,1,259
23600007158000,29,15,14,980.2
23600007159000,1,1,0,0
23600007164000,1,1,0,0
23600007208000,5,3,2,184
23600007221000,19,10,9,672.6
23600007226000,4,2,2,0
23600007227000,16,10,6,521.6
23600007228000,3,1,2,0
23600007229000,9,6,3,402.3
23600007236000,8,5,3,355.2
23600007237000,12,6,6,609.6
23600007238000,5,3,2,351
23600007281000,15,8,7,643.5
23600007284000,4,2,2,0
23600007286000,5,4,1,150
23600007287000,269,129,140,11271.1
23600007288000,18,10,8,826.2
23610006680000,1,0,1,0
23610006687000,7,4,3,452.9
23610006721000,3,2,1,0
23610006730000,2,1,1,0
23610006787000,2,1,1,0
23610006788000,4,2,2,0
23610006794000,2,1,1,0
23610006795000,6,4,2,214.8
23610006817000,2,1,1,0
23610007119000,2,1,1,0
23610007120000,2,1,1,0
23610007125000,1,1,0,0
23610007126000,4,3,1,0
23610007151000,2,2,0,0
23610007152000,6,3,3,259.8
23610007157000,2,1,1,0
23610007161000,11,6,5,408.1
23610007207000,1,1,0,0
23610007208000,17,8,9,816
23610007235000,16,9,7,716.8
23610007236000,15,6,9,658.5
23610007282000,11,5,6,531.3
23610007284000,7,3,4,333.9
23610007285000,11,6,5,466.4
23610007286000,6,4,2,310.2
23610007287000,7,2,5,427
23610007289000,6,3,3,394.2
23620006670000,2,1,1,0
23620006678000,4,1,3,0
23620006680000,9,4,5,450.9
23620006683000,1,1,0,0
23620006699000,5,2,3,186
23620006703000,5,3,2,260
23620006773000,10,4,6,259
23620006774000,5,3,2,232
23620006775000,2,1,1,0
23620006783000,1,1,0,0
23620006784000,1,0,1,0
23620006786000,3,1,2,0
23620006793000,1,0,1,0
23620007061000,6,4,2,177
23620007122000,7,3,4,161
23620007126000,4,3,1,0
23620007152000,54,28,26,2197.8
23620007153000,4,1,3,0
23620007159000,10,5,5,433
23620007160000,5,3,2,196
23620007162000,9,5,4,386.1
23620007207000,11,6,5,359.7
23620007208000,14,6,8,551.6
23620007220000,15,9,6,517.5
23620007223000,3,1,2,0
23620007235000,4,3,1,0
23620007284000,18,9,9,883.8
23620007287000,3,2,1,0
23620007288000,7,4,3,368.2
23620007289000,16,10,6,920
23620007290000,1,1,0,0
23620007301000,2,2,0,0
23620007310000,2,1,1,0
23620007311000,6,3,3,334.8
23630006698000,1,1,0,0
23630006704000,1,0,1,0
23630006712000,1,0,1,0
23630006722000,2,1,1,0
23630006772000,3,2,1,0
23630006781000,4,3,1,0
23630006788000,2,0,2,0
23630006797000,2,1,1,0
23630007061000,1,1,0,0
23630007121000,8,4,4,319.2
23630007122000,5,4,1,77
23630007127000,4,3,1,0
23630007151000,14,6,8,397.6
23630007152000,44,21,23,1905.2
23630007153000,8,4,4,540
23630007162000,4,2,2,0
23630007215000,1,1,0,0
23630007216000,2,1,1,0
23630007218000,2,1,1,0
23630007223000,1,1,0,0
23630007224000,9,5,4,498.6
23630007237000,2,1,1,0
23630007286000,8,3,5,240
23630007288000,8,3,5,476.8
23630007289000,4,2,2,0
23630007290000,11,4,7,388.3
23630007310000,1,0,1,0
23630007311000,11,6,5,655.6
23640006697000,5,3,2,287
23640006705000,2,1,1,0
23640006712000,2,1,1,0
23640006780000,2,1,1,0
23640006781000,1,1,0,0
23640006786000,60,30,30,2832
23640006787000,3,2,1,0
23640006793000,1,1,0,0
23640006794000,6,3,3,315
23640006795000,15,7,8,837
23640006797000,6,3,3,228
23640006799000,2,1,1,0
23640006801000,2,2,0,0
23640007122000,9,4,5,378
23640007128000,6,3,3,223.2
23640007150000,14,7,7,536.2
23640007151000,7,5,2,226.8
23640007152000,16,8,8,521.6
23640007153000,13,6,7,552.5
23640007161000,16,7,9,734.4
23640007162000,12,7,5,687.6
23640007226000,1,1,0,0
23640007231000,2,1,1,0
23640007232000,3,2,1,0
23640007237000,4,2,2,0
23640007238000,23,13,10,816.5
23640007239000,4,3,1,0
23640007257000,20,11,9,760
23640007258000,27,17,10,1206.9
23640007259000,14,7,7,704.2
23640007286000,4,3,1,0
23650006697000,4,2,2,0
23650006705000,4,2,2,0
23650006779000,4,2,2,0
23650006780000,19,13,6,864.5
23650006786000,4,3,1,0
23650006791000,4,2,2,0
23650006793000,8,3,5,174.4
23650006794000,3,1,2,0
23650006796000,1,0,1,0
23650006801000,7,3,4,480.2
23650007122000,35,18,17,1449
23650007123000,28,13,15,1136.8
23650007150000,14,10,4,382.2
23650007151000,25,14,11,1167.5
23650007152000,71,38,33,3351.2
23650007153000,6,4,2,246
23650007161000,19,10,9,689.7
23650007162000,6,3,3,189
23650007164000,11,6,5,418
23650007216000,2,1,1,0
23650007217000,5,2,3,268
23650007225000,5,2,3,200
23650007227000,1,1,0,0
23650007229000,4,2,2,0
23650007231000,26,15,11,845
23650007232000,14,9,5,463.4
23650007237000,4,2,2,0
23650007238000,19,13,6,685.9
23650007239000,9,6,3,383.4
23650007241000,11,4,7,237.6
23650007243000,6,5,1,270
23650007245000,7,4,3,305.2
23650007255000,8,4,4,220
23650007256000,2,2,0,0
23650007257000,45,22,23,1908
23650007258000,33,15,18,1333.2
23650007259000,5,3,2,191
23650007264000,4,1,3,0
23650007265000,1,1,0,0
23650007295000,1,1,0,0
23660006696000,8,5,3,387.2
23660006704000,5,2,3,366
23660006708000,4,3,1,0
23660006716000,2,1,1,0
23660006779000,5,3,2,106
23660006783000,2,1,1,0
23660006784000,16,8,8,516.8
23660006785000,14,7,7,764.4
23660006787000,3,1,2,0
23660006791000,2,1,1,0
23660006792000,8,6,2,430.4
23660006793000,23,13,10,1166.1
23660006794000,4,2,2,0
23660006821000,1,1,0,0
23660006827000,3,2,1,0
23660007121000,4,1,3,0
23660007122000,98,53,45,4096.4
23660007123000,13,6,7,629.2
23660007124000,12,7,5,411.6
23660007128000,6,3,3,373.8
23660007150000,14,8,6,747.6
23660007151000,19,9,10,1064
23660007152000,162,89,73,6042.6
23660007164000,5,3,2,225
23660007165000,24,14,10,916.8
23660007166000,4,3,1,0
23660007205000,1,1,0,0
23660007206000,14,8,6,656.6
23660007207000,129,69,60,5327.7
23660007216000,8,4,4,559.2
23660007225000,2,1,1,0
23660007232000,18,9,9,765
23660007233000,2,1,1,0
23660007240000,8,3,5,308
23660007241000,27,13,14,1001.7
23660007242000,36,19,17,1573.2
23660007243000,34,12,22,1203.6
23660007244000,1,1,0,0
23660007245000,19,10,9,919.6
23660007246000,19,6,13,720.1
23660007247000,4,2,2,0
23660007248000,6,4,2,372
23660007257000,6,2,4,256.2
23660007258000,13,8,5,560.3
23660007259000,37,18,19,1013.8
23660007260000,2,1,1,0
23660007266000,3,2,1,0
23660007286000,9,3,6,396
23660007331000,1,1,0,0
23670006776000,6,4,2,279
23670006777000,12,5,7,668.4
23670006781000,1,0,1,0
23670006782000,9,6,3,536.4
23670006783000,9,6,3,475.2
23670006786000,2,1,1,0
23670006793000,183,97,86,8180.1
23670006794000,18,13,5,723.6
23670006821000,11,5,6,728.2
23670006822000,6,4,2,345
23670006823000,8,4,4,536.8
23670006824000,3,1,2,0
23670006825000,4,3,1,0
23670006826000,4,2,2,0
23670006827000,12,6,6,477.6
23670007078000,2,2,0,0
23670007119000,2,1,1,0
23670007121000,36,19,17,1296
23670007122000,34,21,13,1458.6
23670007124000,10,5,5,419
23670007129000,12,4,8,531.6
23670007150000,11,5,6,432.3
23670007151000,6,4,2,349.8
23670007152000,6,5,1,199.2
23670007166000,2,1,1,0
23670007167000,20,11,9,1050
23670007203000,6,3,3,331.8
23670007206000,12,8,4,397.2
23670007207000,9,6,3,529.2
23670007209000,2,1,1,0
23670007211000,1,1,0,0
23670007213000,2,1,1,0
23670007225000,4,2,2,0
23670007226000,5,3,2,150
23670007231000,2,0,2,0
23670007232000,11,5,6,445.5
23670007237000,4,1,3,0
23670007238000,9,4,5,389.7
23670007239000,3,1,2,0
23670007241000,8,4,4,312
23670007242000,25,12,13,1035
23670007243000,20,9,11,670
23670007244000,47,21,26,2030.4
23670007245000,133,69,64,5093.9
23670007246000,82,41,41,3001.2
23670007258000,10,4,6,297
23670007261000,24,14,10,784.8
23670007262000,26,14,12,1107.6
23670007263000,221,123,98,7801.3
23670007286000,5,2,3,284
23670007287000,30,15,15,1503
23670007288000,11,3,8,512.6
23680006710000,28,12,16,1153.6
23680006773000,5,1,4,129
23680006775000,2,1,1,0
23680006776000,2,2,0,0
23680006781000,3,2,1,0
23680006782000,9,3,6,403.2
23680006783000,5,2,3,219
23680006785000,11,6,5,599.5
23680006793000,8,4,4,376
23680006794000,3,2,1,0
23680006802000,1,1,0,0
23680006803000,7,4,3,277.9
23680006818000,5,3,2,307
23680007119000,10,6,4,230
23680007121000,18,10,8,752.4
23680007122000,5,1,4,223
23680007123000,16,9,7,585.6
23680007124000,1,1,0,0
23680007125000,13,7,6,539.5
23680007129000,11,6,5,540.1
23680007130000,3,2,1,0
23680007150000,41,22,19,1471.9
23680007151000,2,1,1,0
23680007152000,1,1,0,0
23680007163000,10,5,5,338
23680007167000,67,27,40,2546
23680007168000,17,10,7,571.2
23680007205000,5,4,1,160
23680007206000,7,3,4,244.3
23680007218000,2,2,0,0
23680007224000,4,1,3,0
23680007225000,16,8,8,798.4
23680007244000,7,3,4,504.7
23680007245000,126,50,76,6602.4
23680007246000,109,53,56,4632.5
23680007247000,11,6,5,451
23680007248000,4,1,3,0
23680007250000,1,1,0,0
23680007251000,14,6,8,476
23680007252000,20,10,10,904
23680007253000,6,3,3,184.2
23680007254000,82,42,40,2894.6
23680007262000,12,6,6,675.6
23680007263000,262,121,141,8305.4
23680007264000,26,12,14,975
23680007278000,1,1,0,0
23680007287000,22,11,11,1042.8
23680007304000,1,1,0,0
23680007312000,10,6,4,562
23680007313000,26,16,10,1404
23680007379000,1,1,0,0
23680007485000,1,1,0,0
23690006772000,1,0,1,0
23690006773000,1,1,0,0
23690006774000,9,4,5,354.6
23690006783000,3,1,2,0
23690006795000,4,2,2,0
23690006801000,2,1,1,0
23690006816000,5,3,2,279
23690006817000,4,2,2,0
23690006818000,13,8,5,421.2
23690007120000,27,14,13,1190.7
23690007121000,1,0,1,0
23690007123000,13,8,5,361.4
23690007124000,4,2,2,0
23690007125000,23,13,10,913.1
23690007129000,18,8,10,491.4
23690007130000,6,2,4,316.8
23690007149000,10,4,6,478
23690007150000,33,19,14,1468.5
23690007151000,24,13,11,986.4
23690007167000,15,8,7,814.5
23690007168000,44,25,19,1650
23690007169000,18,11,7,779.4
23690007204000,9,5,4,344.7
23690007205000,11,5,6,493.9
23690007206000,13,7,6,436.8
23690007217000,2,1,1,0
23690007225000,66,30,36,3425.4
23690007226000,41,21,20,1947.5
23690007234000,1,1,0,0
23690007245000,4,3,1,0
23690007246000,17,9,8,656.2
23690007248000,7,4,3,282.8
23690007249000,48,26,22,1728
23690007250000,10,6,4,346
23690007251000,51,25,26,2142
23690007252000,418,208,210,16260.2
23690007253000,36,19,17,1555.2
23690007254000,15,8,7,574.5
23690007261000,156,83,73,5709.6
23690007262000,55,30,25,2282.5
23690007263000,242,127,115,8542.6
23690007264000,107,54,53,3338.4
23690007281000,1,0,1,0
23690007282000,21,12,9,1188.6
23690007312000,1,1,0,0
23690007313000,12,6,6,808.8
23700006770000,3,1,2,0
23700006771000,20,15,5,902
23700006772000,22,9,13,1155
23700006792000,9,4,5,387
23700006799000,2,0,2,0
23700006801000,2,1,1,0
23700006815000,3,2,1,0
23700006816000,6,3,3,379.8
23700007075000,8,4,4,347.2
23700007120000,21,8,13,871.5
23700007121000,14,6,8,597.8
23700007122000,7,5,2,328.3
23700007125000,16,8,8,694.4
23700007126000,28,14,14,1120
23700007151000,286,128,158,16073.2
23700007152000,37,22,15,1394.9
23700007167000,4,1,3,0
23700007168000,58,26,32,2018.4
23700007169000,316,154,162,13208.8
23700007170000,77,39,38,3049.2
23700007171000,8,4,4,324
23700007205000,1,1,0,0
23700007217000,2,1,1,0
23700007223000,3,2,1,0
23700007224000,36,19,17,1396.8
23700007225000,129,66,63,5366.4
23700007226000,4,2,2,0
23700007229000,1,1,0,0
23700007233000,14,9,5,740.6
23700007244000,5,4,1,195
23700007245000,5,3,2,160
23700007247000,18,8,10,775.8
23700007248000,23,12,11,759
23700007249000,46,27,19,1784.8
23700007250000,7,4,3,387.8
23700007251000,51,22,29,2499
23700007252000,69,37,32,2856.6
23700007253000,21,13,8,1220.1
23700007256000,1,1,0,0
23700007257000,21,13,8,795.9
23700007262000,426,211,215,18786.6
23700007263000,970,442,528,42098
23700007264000,151,70,81,5496.4
23700007282000,2,1,1,0
23700007312000,25,10,15,1367.5
23700007313000,12,4,8,622.8
23700007378000,310,163,147,11253
23700007379000,73,39,34,2635.3
23710006773000,1,0,1,0
23710006791000,2,1,1,0
23710006798000,3,2,1,0
23710006799000,5,2,3,273
23710007077000,4,3,1,0
23710007120000,1,1,0,0
23710007122000,24,10,14,967.2
23710007124000,8,3,5,316.8
23710007125000,10,6,4,462
23710007126000,119,53,66,5271.7
23710007127000,8,4,4,447.2
23710007129000,32,19,13,1449.6
23710007136000,4,1,3,0
23710007144000,22,11,11,919.6
23710007146000,1,0,1,0
23710007147000,7,5,2,408.8
23710007148000,21,11,10,852.6
23710007149000,72,43,29,2944.8
23710007150000,378,198,180,12889.8
23710007151000,256,122,134,10316.8
23710007152000,1,1,0,0
23710007153000,3,2,1,0
23710007154000,2,1,1,0
23710007169000,37,19,18,1554
23710007170000,29,14,15,1539.9
23710007171000,47,23,24,1894.1
23710007172000,6,2,4,235.2
23710007181000,15,8,7,553.5
23710007203000,9,3,6,558.9
23710007205000,4,2,2,0
23710007225000,24,12,12,1080
23710007226000,1,0,1,0
23710007231000,7,5,2,326.2
23710007232000,2,1,1,0
23710007233000,11,5,6,532.4
23710007241000,4,1,3,0
23710007242000,8,4,4,372
23710007244000,6,3,3,132
23710007245000,3,2,1,0
23710007247000,5,4,1,237
23710007248000,11,4,7,485.1
23710007249000,21,11,10,688.8
23710007250000,25,15,10,947.5
23710007251000,7,3,4,375.2
23710007252000,7,3,4,392.7
23710007254000,28,15,13,1164.8
23710007258000,3,1,2,0
23710007263000,208,97,111,8673.6
23710007264000,975,453,522,42120
23710007265000,605,284,321,23958
23710007266000,3,1,2,0
23710007312000,5,2,3,272
23710007313000,16,9,7,694.4
23710007378000,31,19,12,1227.6
23710007379000,10,5,5,528
23720006772000,1,1,0,0
23720006773000,5,3,2,265
23720006791000,20,11,9,1142
23720006799000,1,1,0,0
23720006811000,5,1,4,150
23720006813000,1,0,1,0
23720006814000,2,1,1,0
23720007125000,3,2,1,0
23720007126000,136,63,73,7548
23720007127000,290,141,149,13021
23720007128000,14,7,7,635.6
23720007129000,21,11,10,1117.2
23720007143000,1,1,0,0
23720007144000,14,7,7,477.4
23720007145000,4,3,1,0
23720007148000,2,1,1,0
23720007149000,132,71,61,5438.4
23720007150000,29,13,16,1046.9
23720007153000,9,5,4,324.9
23720007154000,6,3,3,316.2
23720007156000,1,1,0,0
23720007168000,2,1,1,0
23720007169000,16,7,9,561.6
23720007170000,18,11,7,986.4
23720007171000,4,2,2,0
23720007172000,4,3,1,0
23720007173000,2,1,1,0
23720007174000,16,8,8,643.2
23720007176000,11,6,5,335.5
23720007177000,5,3,2,104
23720007178000,5,4,1,147
23720007179000,4,2,2,0
23720007180000,4,3,1,0
23720007181000,3,1,2,0
23720007183000,8,5,3,376.8
23720007184000,7,2,5,266
23720007205000,5,4,1,164
23720007218000,3,2,1,0
23720007229000,4,2,2,0
23720007231000,12,9,3,502.8
23720007242000,16,8,8,731.2
23720007243000,2,0,2,0
23720007249000,6,4,2,262.2
23720007250000,31,14,17,1249.3
23720007251000,8,3,5,214.4
23720007253000,12,8,4,513.6
23720007254000,6,4,2,172.8
23720007255000,2,1,1,0
23720007259000,11,4,7,365.2
23720007263000,3,1,2,0
23720007264000,6,3,3,187.2
23720007265000,618,302,316,19158
23720007266000,563,271,292,20099.1
23720007267000,33,15,18,1069.2
23720007268000,2,1,1,0
23720007314000,5,1,4,170
23720007323000,2,1,1,0
23730006788000,11,6,5,361.9
23730006790000,1,1,0,0
23730006791000,17,7,10,1108.4
23730006809000,1,1,0,0
23730006810000,1,1,0,0
23730007124000,11,6,5,393.8
23730007125000,6,3,3,324
23730007126000,79,38,41,3586.6
23730007127000,100,54,46,3830
23730007128000,11,9,2,287.1
23730007129000,18,8,10,833.4
23730007157000,1,1,0,0
23730007171000,11,7,4,524.7
23730007176000,19,11,8,931
23730007180000,1,0,1,0
23730007181000,3,1,2,0
23730007182000,17,8,9,464.1
23730007183000,3,1,2,0
23730007184000,9,3,6,252.9
23730007187000,7,3,4,252
23730007204000,9,5,4,505.8
23730007238000,2,1,1,0
23730007239000,4,2,2,0
23730007247000,8,4,4,314.4
23730007251000,12,6,6,558
23730007253000,10,6,4,316
23730007254000,27,16,11,893.7
23730007255000,23,14,9,839.5
23730007257000,5,2,3,211
23730007259000,5,2,3,292
23730007265000,22,13,9,1003.2
23730007266000,111,52,59,4018.2
23730007267000,26,12,14,780
23730007269000,17,11,6,681.7
23730007270000,10,4,6,401
23730007271000,29,17,12,1148.4
23730007272000,7,3,4,371.7
23730007304000,11,6,5,700.7
23730007305000,14,8,6,581
23730007318000,4,2,2,0
23730007323000,12,6,6,481.2
23730007324000,8,4,4,407.2
23730007381000,1,0,1,0
23740006773000,1,1,0,0
23740006790000,4,3,1,0
23740006809000,12,9,3,536.4
23740007124000,36,21,15,1324.8
23740007125000,5,3,2,144
23740007126000,54,26,28,1830.6
23740007127000,12,7,5,403.2
23740007130000,4,3,1,0
23740007158000,26,14,12,954.2
23740007159000,19,9,10,881.6
23740007180000,13,7,6,556.4
23740007182000,8,5,3,391.2
23740007183000,2,1,1,0
23740007189000,9,5,4,360.9
23740007239000,4,3,1,0
23740007252000,1,1,0,0
23740007253000,10,6,4,459
23740007254000,11,6,5,621.5
23740007255000,19,11,8,558.6
23740007256000,5,2,3,137
23740007259000,7,4,3,231.7
23740007260000,26,14,12,1133.6
23740007263000,2,1,1,0
23740007264000,4,3,1,0
23740007265000,7,5,2,203
23740007269000,15,9,6,838.5
23740007272000,9,6,3,465.3
23740007276000,3,1,2,0
23740007305000,22,11,11,926.2
23740007306000,12,6,6,606
23740007317000,17,9,8,722.5
23740007318000,8,4,4,464.8
23740007319000,13,9,4,435.5
23740007321000,37,18,19,1465.2
23740007322000,58,29,29,2099.6
23740007323000,22,15,7,1009.8
23740007325000,93,47,46,4157.1
23740007326000,6,2,4,271.8
23740007490000,12,5,7,420
23740007491000,22,13,9,1115.4
23750006806000,5,4,1,209
23750006807000,3,3,0,0
23750006808000,53,27,26,2740.1
23750006809000,7,4,3,291.9
23750007116000,1,1,0,0
23750007117000,2,1,1,0
23750007124000,8,5,3,218.4
23750007125000,9,5,4,218.7
23750007126000,12,5,7,596.4
23750007127000,23,11,12,883.2
23750007130000,7,3,4,345.1
23750007157000,6,4,2,406.8
23750007158000,48,23,25,1828.8
23750007159000,9,5,4,473.4
23750007165000,5,1,4,217
23750007189000,2,1,1,0
23750007190000,8,3,5,311.2
23750007219000,14,8,6,526.4
23750007220000,204,101,103,8078.4
23750007231000,1,1,0,0
23750007247000,1,0,1,0
23750007253000,5,3,2,298
23750007254000,11,6,5,353.1
23750007256000,3,2,1,0
23750007260000,9,5,4,315.9
23750007261000,6,2,4,216
23750007263000,10,6,4,429
23750007264000,28,15,13,1114.4
23750007265000,35,23,12,885.5
23750007266000,30,11,19,1005
23750007267000,8,4,4,326.4
23750007268000,9,5,4,212.4
23750007273000,10,6,4,491
23750007274000,20,10,10,714
23750007275000,22,14,8,1018.6
23750007309000,4,2,2,0
23750007317000,25,12,13,1610
23750007318000,41,22,19,1627.7
23750007320000,4,3,1,0
23750007321000,62,30,32,2728
23750007325000,36,18,18,1854
23750007326000,7,4,3,223.3
23750007490000,18,13,5,779.4
23750007491000,46,25,21,1987.2
23760006807000,68,26,42,3617.6
23760006808000,16,8,8,878.4
23760007117000,12,8,4,579.6
23760007125000,4,3,1,0
23760007126000,13,6,7,487.5
23760007127000,49,25,24,1866.9
23760007128000,15,10,5,625.5
23760007156000,11,6,5,460.9
23760007157000,10,5,5,486
23760007158000,3,2,1,0
23760007201000,3,2,1,0
23760007220000,257,124,133,13518.2
23760007221000,13,6,7,682.5
23760007224000,7,4,3,286.3
23760007236000,6,3,3,259.2
23760007247000,2,2,0,0
23760007248000,4,3,1,0
23760007253000,4,2,2,0
23760007254000,7,3,4,165.9
23760007260000,15,8,7,568.5
23760007261000,13,8,5,414.7
23760007262000,4,2,2,0
23760007263000,24,15,9,657.6
23760007264000,68,36,32,2754
23760007265000,22,13,9,904.2
23760007266000,25,11,14,962.5
23760007267000,18,9,9,498.6
23760007268000,9,5,4,369
23760007273000,5,3,2,277
23760007275000,8,4,4,264.8
23760007285000,4,3,1,0
23760007309000,14,8,6,603.4
23760007317000,10,5,5,350
23760007318000,33,13,20,1405.8
23760007319000,168,89,79,5829.6
23760007320000,320,170,150,12864
23760007321000,150,75,75,5520
23760007322000,3,2,1,0
23760007325000,2,1,1,0
23760007326000,4,1,3,0
23760007491000,182,87,95,8117.2
23760007492000,42,18,24,1407
23770006790000,1,1,0,0
23770006806000,12,7,5,435.6
23770006807000,17,8,9,802.4
23770006808000,2,1,1,0
23770007117000,9,5,4,293.4
23770007125000,15,8,7,487.5
23770007126000,21,9,12,625.8
23770007128000,15,7,8,438
23770007130000,6,4,2,250.2
23770007157000,9,5,4,317.7
23770007160000,1,1,0,0
23770007194000,15,8,7,706.5
23770007195000,16,8,8,739.2
23770007199000,1,0,1,0
23770007220000,10,5,5,722
23770007221000,50,25,25,2050
23770007247000,8,4,4,420.8
23770007249000,2,1,1,0
23770007262000,26,15,11,1138.8
23770007263000,72,39,33,2354.4
23770007264000,9,5,4,439.2
23770007265000,58,26,32,1925.6
23770007266000,34,18,16,1309
23770007267000,2,1,1,0
23770007268000,2,1,1,0
23770007319000,6,3,3,153
23770007320000,96,41,55,4291.2
23770007321000,118,60,58,4590.2
23770007322000,58,33,25,2784
23770007325000,3,2,1,0
23770007326000,6,4,2,355.8
23770007337000,3,3,0,0
23770007387000,41,21,20,2156.6
23770007388000,19,11,8,1058.3
23770007491000,55,30,25,2513.5
23770007492000,173,87,86,6729.7
23770007493000,12,7,5,674.4
23780006784000,8,6,2,575.2
23780006805000,12,4,8,516
23780006806000,14,8,6,634.2
23780007117000,5,1,4,134
23780007125000,7,4,3,342.3
23780007126000,25,12,13,1302.5
23780007128000,6,3,3,256.8
23780007129000,12,7,5,652.8
23780007135000,1,1,0,0
23780007147000,2,1,1,0
23780007160000,15,10,5,529.5
23780007161000,23,12,11,811.9
23780007194000,9,2,7,313.2
23780007195000,13,7,6,296.4
23780007196000,38,20,18,1744.2
23780007197000,15,10,5,709.5
23780007221000,15,5,10,634.5
23780007263000,6,5,1,175.8
23780007264000,12,7,5,525.6
23780007267000,1,1,0,0
23780007268000,2,1,1,0
23780007278000,5,3,2,302
23780007281000,8,5,3,286.4
23780007282000,4,3,1,0
23780007287000,7,6,1,310.1
23780007313000,14,9,5,614.6
23780007314000,7,3,4,482.3
23780007321000,5,3,2,304
23780007322000,70,37,33,2793
23780007323000,22,12,10,869
23780007336000,2,1,1,0
23780007338000,11,6,5,459.8
23780007492000,1,1,0,0
23780007493000,2,2,0,0
23790006784000,5,2,3,195
23790006791000,4,2,2,0
23790007126000,11,6,5,474.1
23790007127000,2,1,1,0
23790007129000,42,24,18,1680
23790007130000,10,6,4,368
23790007148000,4,2,2,0
23790007161000,50,25,25,2100
23790007162000,85,43,42,4037.5
23790007197000,6,2,4,289.2
23790007198000,4,2,2,0
23790007241000,6,4,2,322.2
23790007266000,1,0,1,0
23790007281000,2,1,1,0
23790007282000,14,10,4,576.8
23790007283000,8,6,2,436.8
23790007313000,2,1,1,0
23790007314000,23,13,10,1202.9
23790007315000,29,16,13,1322.4
23790007321000,2,1,1,0
23790007322000,8,6,2,332.8
23790007323000,7,3,4,343
23790007338000,2,1,1,0
23790007341000,5,2,3,259
23800006791000,2,1,1,0
23800006798000,1,1,0,0
23800007127000,6,2,4,264
23800007130000,50,30,20,2090
23800007161000,2,2,0,0
23800007162000,44,20,24,2349.6
23800007163000,5,4,1,112
23800007168000,7,6,1,296.1
23800007198000,2,1,1,0
23800007217000,1,0,1,0
23800007218000,6,2,4,130.8
23800007219000,4,2,2,0
23800007241000,7,4,3,266
23800007258000,2,1,1,0
23800007259000,18,10,8,1058.4
23800007265000,7,3,4,251.3
23800007266000,1,0,1,0
23800007267000,2,1,1,0
23800007284000,2,1,1,0
23800007285000,11,5,6,331.1
23800007286000,6,3,3,148.8
23800007287000,8,4,4,472
23800007288000,1,0,1,0
23800007314000,8,4,4,359.2
23800007323000,21,14,7,1010.1
23800007325000,8,6,2,271.2
23800007331000,23,10,13,977.5
23800007332000,11,5,6,497.2
23800007340000,4,2,2,0
23800007341000,8,4,4,556
23810006795000,6,4,2,237
23810007127000,2,1,1,0
23810007128000,20,10,10,962
23810007129000,9,4,5,423.9
23810007130000,3,2,1,0
23810007131000,8,5,3,324
23810007134000,1,1,0,0
23810007162000,5,3,2,144
23810007163000,9,2,7,439.2
23810007217000,9,5,4,525.6
23810007252000,2,1,1,0
23810007254000,3,2,1,0
23810007257000,2,1,1,0
23810007258000,11,6,5,566.5
23810007259000,13,6,7,812.5
23810007264000,6,5,1,325.2
23810007265000,10,5,5,397
23810007286000,12,6,6,670.8
23810007287000,48,26,22,1891.2
23810007288000,30,15,15,1110
23810007289000,6,4,2,319.8
23810007295000,3,2,1,0
23810007296000,7,4,3,333.9
23810007302000,9,5,4,600.3
23810007310000,7,2,5,228.9
23810007311000,13,6,7,572
23810007331000,5,2,3,135
23810007332000,4,2,2,0
23810007362000,34,19,15,938.4
23810007363000,300,161,139,9480
23820006793000,19,11,8,906.3
23820006794000,2,1,1,0
23820007128000,19,7,12,929.1
23820007130000,10,6,4,536
23820007131000,3,1,2,0
23820007132000,7,2,5,251.3
23820007133000,1,1,0,0
23820007163000,35,18,17,1302
23820007216000,6,3,3,202.2
23820007217000,2,1,1,0
23820007223000,37,19,18,1572.5
23820007248000,2,1,1,0
23820007256000,4,2,2,0
23820007287000,12,5,7,408
23820007288000,101,44,57,4949
23820007289000,32,14,18,1158.4
23820007291000,9,6,3,284.4
23820007296000,10,6,4,443
23820007301000,6,1,5,187.8
23820007302000,211,114,97,9473.9
23820007311000,3,2,1,0
23820007312000,4,3,1,0
23820007313000,21,12,9,798
23820007329000,3,2,1,0
23820007339000,1,1,0,0
23820007362000,4,3,1,0
23820007363000,110,57,53,4059
23830006793000,4,2,2,0
23830007130000,10,6,4,353
23830007136000,6,2,4,219
23830007149000,9,5,4,423
23830007162000,5,3,2,91
23830007164000,25,14,11,945
23830007165000,4,2,2,0
23830007216000,9,6,3,457.2
23830007217000,5,3,2,229
23830007223000,14,7,7,477.4
23830007224000,15,8,7,574.5
23830007248000,18,9,9,379.8
23830007254000,2,1,1,0
23830007255000,1,1,0,0
23830007258000,3,2,1,0
23830007261000,2,1,1,0
23830007289000,12,6,6,598.8
23830007290000,25,13,12,1135
23830007296000,6,4,2,250.8
23830007298000,11,6,5,353.1
23830007299000,5,3,2,222
23830007303000,7,4,3,322.7
23830007307000,6,3,3,363
23830007313000,193,97,96,7083.1
23830007314000,6,3,3,169.2
23830007326000,1,1,0,0
23840007162000,1,1,0,0
23840007167000,9,3,6,448.2
23840007168000,16,9,7,715.2
23840007214000,22,10,12,860.2
23840007215000,20,8,12,936
23840007217000,15,9,6,436.5
23840007224000,4,2,2,0
23840007249000,2,1,1,0
23840007250000,8,4,4,356
23840007255000,2,2,0,0
23840007258000,3,1,2,0
23840007290000,12,7,5,542.4
23840007291000,9,6,3,330.3
23840007296000,2,1,1,0
23840007297000,18,11,7,667.8
23840007298000,17,7,10,691.9
23840007304000,2,1,1,0
23840007307000,28,11,17,1374.8
23840007308000,7,4,3,352.8
23840007310000,2,1,1,0
23840007313000,4,2,2,0
23840007314000,32,18,14,1612.8
23840007315000,36,19,17,1530
23840007316000,44,23,21,1975.6
23840007317000,2,1,1,0
23840007326000,12,8,4,626.4
23840007330000,2,1,1,0
23840007331000,12,8,4,375.6
23840007332000,17,9,8,632.4
23850007132000,10,4,6,277
23850007149000,1,0,1,0
23850007167000,3,2,1,0
23850007168000,4,1,3,0
23850007169000,1,1,0,0
23850007170000,2,1,1,0
23850007254000,1,0,1,0
23850007255000,6,3,3,246
23850007256000,43,17,26,1621.1
23850007260000,2,1,1,0
23850007291000,5,3,2,251
23850007292000,12,5,7,379.2
23850007298000,3,2,1,0
23850007305000,1,1,0,0
23850007307000,8,6,2,346.4
23850007308000,8,4,4,343.2
23850007311000,6,4,2,367.8
23850007314000,34,17,17,1115.2
23850007315000,4,2,2,0
23850007316000,4,2,2,0
23850007317000,4,3,1,0
23850007318000,11,4,7,387.2
23850007331000,2,2,0,0
23850007332000,4,1,3,0
23850007333000,17,7,10,651.1
23850007334000,27,15,12,1190.7
23860007101000,2,1,1,0
23860007149000,1,1,0,0
23860007254000,6,3,3,312
23860007255000,143,65,78,6649.5
23860007256000,137,67,70,5014.2
23860007257000,8,4,4,244
23860007259000,3,2,1,0
23860007260000,3,2,1,0
23860007292000,2,1,1,0
23860007298000,2,1,1,0
23860007299000,5,2,3,262
23860007306000,2,2,0,0
23860007308000,3,2,1,0
23860007309000,2,1,1,0
23860007311000,3,1,2,0
23860007315000,2,1,1,0
23860007316000,19,9,10,699.2
23860007317000,14,6,8,459.2
23860007318000,3,1,2,0
23860007319000,3,2,1,0
23860007320000,6,4,2,291
23860007327000,9,6,3,384.3
23860007333000,16,8,8,766.4
23860007334000,210,101,109,7308
23860007335000,7,3,4,233.1
23860007336000,1,0,1,0
23860007343000,1,1,0,0
23870007149000,1,0,1,0
23870007172000,4,2,2,0
23870007245000,1,1,0,0
23870007255000,2,1,1,0
23870007258000,3,2,1,0
23870007259000,21,13,8,913.5
23870007267000,1,1,0,0
23870007294000,1,1,0,0
23870007299000,11,4,7,519.2
23870007300000,3,1,2,0
23870007301000,1,0,1,0
23870007310000,5,3,2,232
23870007311000,3,2,1,0
23870007317000,7,4,3,415.1
23870007318000,24,13,11,1029.6
23870007319000,33,17,16,1458.6
23870007320000,11,6,5,464.2
23870007321000,4,2,2,0
23870007327000,2,1,1,0
23870007328000,6,4,2,388.2
23870007333000,17,8,9,773.5
23870007334000,31,14,17,1057.1
23870007335000,4,2,2,0
23870007336000,1,0,1,0
23870007337000,20,12,8,886
23870007342000,10,7,3,396
23880007163000,2,1,1,0
23880007173000,8,3,5,264.8
23880007239000,1,1,0,0
23880007254000,30,15,15,1089
23880007259000,27,13,14,1333.8
23880007269000,1,1,0,0
23880007294000,6,3,3,244.8
23880007295000,19,7,12,887.3
23880007299000,1,1,0,0
23880007311000,18,12,6,577.8
23880007319000,7,3,4,205.1
23880007320000,18,10,8,612
23880007321000,196,93,103,6134.8
23880007322000,190,99,91,6498
23880007328000,1,0,1,0
23880007333000,8,4,4,259.2
23880007337000,10,5,5,520
23880007341000,9,6,3,300.6
23880007344000,1,1,0,0
23880007406000,1,1,0,0
23890007173000,2,1,1,0
23890007242000,2,1,1,0
23890007245000,3,1,2,0
23890007253000,4,2,2,0
23890007254000,5,2,3,230
23890007256000,3,2,1,0
23890007257000,6,4,2,232.8
23890007288000,6,3,3,376.2
23890007291000,26,14,12,1261
23890007294000,2,1,1,0
23890007295000,1,0,1,0
23890007296000,3,2,1,0
23890007319000,20,11,9,1030
23890007320000,14,6,8,778.4
23890007321000,53,26,27,1685.4
23890007322000,756,388,368,28728
23890007323000,17,6,11,703.8
23890007329000,5,2,3,320
23890007333000,2,1,1,0
23890007334000,2,2,0,0
23890007336000,17,9,8,634.1
23890007337000,27,14,13,1382.4
23890007340000,36,13,23,1807.2
23890007341000,58,30,28,2621.6
23890007342000,4,2,2,0
23890007344000,3,2,1,0
23890007345000,1,1,0,0
23890007407000,9,5,4,563.4
23900007184000,6,3,3,232.2
23900007185000,3,2,1,0
23900007239000,2,1,1,0
23900007241000,3,2,1,0
23900007243000,11,5,6,464.2
23900007244000,2,1,1,0
23900007245000,19,10,9,484.5
23900007246000,24,14,10,1077.6
23900007250000,2,1,1,0
23900007251000,2,1,1,0
23900007290000,2,1,1,0
23900007291000,6,2,4,253.8
23900007319000,3,1,2,0
23900007320000,18,11,7,667.8
23900007321000,45,20,25,1489.5
23900007322000,261,120,141,11353.5
23900007323000,875,430,445,37975
23900007329000,2,1,1,0
23900007330000,7,4,3,273.7
23900007331000,106,59,47,3953.8
23900007332000,6,3,3,303
23900007334000,1,1,0,0
23900007338000,11,6,5,539
23900007340000,12,4,8,724.8
23900007341000,87,45,42,3236.4
23900007345000,29,17,12,1273.1
23900007346000,1,1,0,0
23900007361000,2,0,2,0
23900007364000,1,1,0,0
23910007175000,8,3,5,426.4
23910007176000,3,3,0,0
23910007240000,6,3,3,319.8
23910007241000,4,2,2,0
23910007246000,28,13,15,705.6
23910007247000,4,3,1,0
23910007248000,4,3,1,0
23910007249000,1,1,0,0
23910007251000,9,5,4,362.7
23910007252000,1,1,0,0
23910007306000,5,3,2,354
23910007307000,1,1,0,0
23910007319000,5,1,4,97
23910007320000,2,1,1,0
23910007321000,15,7,8,660
23910007322000,145,74,71,5669.5
23910007323000,1063,503,560,44008.2
23910007324000,221,104,117,8928.4
23910007331000,6,4,2,333
23910007332000,25,15,10,972.5
23910007334000,7,3,4,200.2
23910007336000,6,4,2,240
23910007338000,2,1,1,0
23910007343000,2,1,1,0
23910007344000,22,14,8,649
23910007345000,24,11,13,1132.8
23910007346000,22,10,12,1091.2
23910007361000,2,1,1,0
23910007362000,87,36,51,4054.2
23920007237000,1,1,0,0
23920007238000,3,1,2,0
23920007243000,8,5,3,363.2
23920007246000,1,1,0,0
23920007248000,7,1,6,406.7
23920007249000,4,2,2,0
23920007252000,4,3,1,0
23920007320000,2,1,1,0
23920007321000,9,5,4,315.9
23920007322000,180,101,79,6534
23920007323000,928,476,452,35171.2
23920007324000,725,350,375,31102.5
23920007332000,6,3,3,262.8
23920007335000,8,3,5,374.4
23920007336000,13,8,5,556.4
23920007337000,1,1,0,0
23920007339000,74,29,45,3840.6
23920007340000,7,4,3,384.3
23920007341000,11,5,6,476.3
23920007342000,3,2,1,0
23920007343000,34,19,15,1441.6
23920007344000,11,7,4,335.5
23920007345000,22,12,10,1346.4
23920007346000,3,0,3,0
23920007362000,137,65,72,6370.5
23920007363000,23,13,10,1023.5
23930007176000,17,8,9,805.8
23930007239000,2,1,1,0
23930007248000,3,2,1,0
23930007302000,1,1,0,0
23930007303000,1,1,0,0
23930007323000,353,189,164,12213.8
23930007324000,86,47,39,3001.4
23930007342000,1,1,0,0
23930007343000,5,2,3,195
23930007362000,41,21,20,2173
23930007363000,3,2,1,0
23940007178000,15,9,6,681
23940007179000,6,3,3,220.2
23940007239000,5,2,3,340
23940007304000,1,1,0,0
23940007305000,1,0,1,0
23940007324000,8,4,4,372.8
23940007325000,8,5,3,326.4
23940007326000,1,1,0,0
23940007328000,8,2,6,176
23940007360000,2,2,0,0
23940007362000,2,2,0,0
23940007363000,5,3,2,291
23940007385000,8,2,6,346.4
23940007386000,11,5,6,470.8
23950007175000,3,2,1,0
23950007176000,3,0,3,0
23950007179000,7,5,2,291.2
23950007180000,2,1,1,0
23950007314000,4,3,1,0
23950007326000,104,51,53,3421.6
23950007327000,13,7,6,643.5
23950007328000,62,33,29,2932.6
23950007329000,12,6,6,393.6
23950007383000,2,1,1,0
23950007385000,19,12,7,807.5
23950007387000,39,21,18,1361.1
23950007388000,12,7,5,482.4
23960007174000,8,2,6,448
23960007180000,11,7,4,359.7
23960007238000,12,5,7,633.6
23960007239000,1,0,1,0
23960007280000,6,5,1,166.2
23960007282000,4,3,1,0
23960007314000,2,1,1,0
23960007326000,14,9,5,600.6
23960007327000,62,32,30,2517.2
23960007328000,17,9,8,433.5
23960007329000,3,1,2,0
23960007330000,3,1,2,0
23960007331000,1,1,0,0
23960007337000,6,3,3,193.2
23960007338000,5,3,2,231
23960007339000,8,3,5,439.2
23960007341000,6,4,2,228
23960007385000,1,1,0,0
23960007387000,13,6,7,672.1
23960007388000,2,1,1,0
23970007176000,2,2,0,0
23970007181000,56,26,30,3141.6
23970007182000,40,20,20,1992
23970007239000,1,0,1,0
23970007310000,1,1,0,0
23970007311000,2,1,1,0
23970007312000,3,1,2,0
23970007327000,11,5,6,324.5
23970007328000,10,6,4,507
23970007329000,4,2,2,0
23970007330000,7,2,5,200.9
23970007331000,10,6,4,438
23970007337000,5,3,2,141
23970007338000,30,15,15,1206
23970007340000,5,2,3,342
23970007341000,20,14,6,950
23970007342000,3,2,1,0
23970007349000,2,1,1,0
23970007350000,1,1,0,0
23970007351000,4,2,2,0
23970007385000,6,2,4,280.2
23970007386000,5,4,1,334
23980007182000,11,5,6,533.5
23980007184000,4,2,2,0
23980007318000,1,0,1,0
23980007327000,22,11,11,970.2
23980007328000,67,33,34,2606.3
23980007338000,2,1,1,0
23990007185000,4,3,1,0
23990007195000,18,9,9,507.6
23990007310000,6,4,2,265.8
23990007319000,24,12,12,1183.2
23990007327000,22,10,12,1023
23990007328000,17,9,8,686.8
23990007329000,6,4,2,267
23990007333000,11,6,5,426.8
23990007339000,27,13,14,907.2
23990007346000,46,26,20,1913.6
23990007349000,4,1,3,0
24000007310000,2,1,1,0
24000007317000,3,2,1,0
24000007319000,11,7,4,491.7
24000007327000,3,2,1,0
24000007328000,9,5,4,421.2
24000007329000,23,14,9,1076.4
24000007338000,6,2,4,313.8
24000007339000,15,6,9,717
24000007346000,5,4,1,162
24000007347000,1,0,1,0
24000007508000,5,3,2,163
24010007184000,1,1,0,0
24010007187000,2,2,0,0
24010007327000,11,5,6,572
24010007328000,2,0,2,0
24010007329000,12,7,5,384
24010007334000,4,3,1,0
24010007345000,2,1,1,0
24010007346000,3,2,1,0
24010007354000,2,1,1,0
24010007506000,42,18,24,1759.8
24010007507000,96,42,54,4464
24010007508000,46,28,18,1771
24010007510000,7,5,2,191.8
24020007172000,2,1,1,0
24020007173000,4,2,2,0
24020007245000,3,2,1,0
24020007317000,2,1,1,0
24020007318000,2,1,1,0
24020007320000,17,10,7,754.8
24020007327000,6,4,2,333
24020007329000,48,27,21,1838.4
24020007335000,9,5,4,656.1
24020007346000,2,1,1,0
24020007347000,1,0,1,0
24020007365000,12,6,6,402
24020007505000,16,6,10,497.6
24020007506000,133,66,67,5333.3
24020007507000,240,118,122,9864
24020007508000,1,0,1,0
24020007510000,24,14,10,1080
24030007246000,3,2,1,0
24030007316000,1,0,1,0
24030007328000,12,5,7,183.6
24030007329000,34,20,14,1203.6
24030007340000,4,3,1,0
24030007348000,8,4,4,592
24030007365000,102,53,49,4722.6
24030007367000,11,6,5,341
24030007368000,42,20,22,1411.2
24030007370000,4,2,2,0
24030007371000,2,1,1,0
24030007379000,2,1,1,0
24030007380000,4,2,2,0
24030007382000,1,1,0,0
24030007383000,1,1,0,0
24030007506000,130,70,60,5070
24030007510000,16,7,9,804.8
24040007246000,8,4,4,506.4
24040007311000,5,2,3,181
24040007319000,1,1,0,0
24040007321000,3,2,1,0
24040007323000,17,10,7,882.3
24040007327000,1,1,0,0
24040007328000,5,2,3,267
24040007329000,37,20,17,1883.3
24040007330000,1,1,0,0
24040007341000,5,3,2,219
24040007348000,2,1,1,0
24040007349000,2,1,1,0
24040007350000,1,1,0,0
24040007351000,1,0,1,0
24040007365000,47,24,23,2133.8
24040007366000,111,57,54,4806.3
24040007367000,27,15,12,1225.8
24040007368000,7,2,5,254.8
24040007379000,2,2,0,0
24040007382000,22,11,11,704
24040007383000,4,3,1,0
24040007384000,6,3,3,214.2
24050007192000,105,47,58,4168.5
24050007246000,9,4,5,510.3
24050007311000,5,3,2,309
24050007312000,1,1,0,0
24050007322000,5,3,2,275
24050007323000,25,11,14,1265
24050007327000,8,4,4,339.2
24050007328000,9,5,4,540
24050007329000,26,15,11,813.8
24050007330000,23,12,11,834.9
24050007366000,42,21,21,1692.6
24050007380000,1,0,1,0
24050007382000,1,0,1,0
24050007383000,2,1,1,0
24060007110000,2,2,0,0
24060007192000,15,6,9,562.5
24060007193000,17,8,9,642.6
24060007313000,4,1,3,0
24060007317000,1,1,0,0
24060007322000,3,1,2,0
24060007323000,6,2,4,94.8
24060007324000,5,1,4,230
24060007328000,305,149,156,12871
24060007329000,189,95,94,6426
24060007330000,14,5,9,485.8
24060007340000,4,2,2,0
24060007346000,4,2,2,0
24060007347000,3,1,2,0
24070007192000,5,3,2,117
24070007313000,1,1,0,0
24070007322000,9,4,5,504
24070007323000,12,5,7,373.2
24070007324000,35,19,16,1176
24070007325000,23,14,9,1005.1
24070007328000,189,91,98,7352.1
24070007329000,4,2,2,0
24070007341000,22,13,9,1135.2
24070007342000,25,11,14,1167.5
24070007343000,2,1,1,0
24070007346000,1,1,0,0
24070007347000,6,3,3,204
24080007190000,6,3,3,235.8
24080007192000,10,6,4,314
24080007193000,4,2,2,0
24080007195000,2,1,1,0
24080007196000,5,3,2,303
24080007199000,13,5,8,470.6
24080007200000,6,2,4,168
24080007323000,4,3,1,0
24080007324000,6,3,3,163.8
24080007325000,15,9,6,432
24080007326000,11,9,2,327.8
24080007328000,7,3,4,184.1
24080007329000,20,11,9,612
24080007342000,2,1,1,0
24080007343000,2,1,1,0
24080007344000,8,4,4,320
24080007349000,5,2,3,300
24080007366000,1,1,0,0
24080007372000,1,1,0,0
24080007386000,3,2,1,0
24080007387000,1,1,0,0
24090007169000,10,6,4,449
24090007170000,13,7,6,717.6
24090007199000,10,4,6,480
24090007200000,6,4,2,223.2
24090007326000,26,12,14,1016.6
24090007327000,22,12,10,1232
24090007329000,25,12,13,995
24090007338000,7,5,2,294
24090007347000,7,4,3,214.2
24090007375000,39,21,18,1739.4
24090007376000,23,11,12,621
24100007169000,9,6,3,507.6
24100007170000,2,1,1,0
24100007194000,2,1,1,0
24100007195000,5,3,2,75
24100007327000,6,4,2,229.2
24100007329000,20,9,11,1114
24100007330000,15,9,6,519
24100007342000,77,39,38,2648.8
24100007343000,577,275,302,23887.8
24100007347000,1,1,0,0
24100007351000,7,4,3,315
24100007358000,20,8,12,774
24100007385000,9,6,3,387
24110007195000,2,1,1,0
24110007196000,14,4,10,631.4
24110007315000,1,1,0,0
24110007328000,2,1,1,0
24110007329000,24,11,13,950.4
24110007330000,22,12,10,1051.6
24110007331000,4,2,2,0
24110007341000,9,4,5,450.9
24110007342000,210,103,107,7434
24110007343000,605,312,293,21054
24110007348000,4,2,2,0
24110007358000,30,13,17,1404
24110007359000,4,1,3,0
24110007378000,58,32,26,3056.6
24110007379000,2,1,1,0
24110007380000,4,2,2,0
24110007384000,21,11,10,783.3
24110007385000,8,4,4,256
24110007388000,2,2,0,0
24110007389000,23,13,10,834.9
24110007390000,21,11,10,785.4
24120007171000,5,3,2,152
24120007172000,2,1,1,0
24120007197000,10,3,7,590
24120007198000,12,8,4,531.6
24120007200000,6,3,3,150
24120007201000,137,67,70,6630.8
24120007202000,25,14,11,1205
24120007313000,6,3,3,363
24120007329000,10,8,2,379
24120007330000,15,7,8,466.5
24120007332000,15,8,7,654
24120007333000,4,2,2,0
24120007338000,10,5,5,432
24120007341000,4,2,2,0
24120007343000,5,4,1,151
24120007344000,5,4,1,347
24120007345000,6,3,3,241.8
24120007348000,6,4,2,295.2
24120007362000,3,2,1,0
24120007368000,2,2,0,0
24120007369000,3,2,1,0
24120007377000,25,13,12,995
24120007378000,23,14,9,1117.8
24120007388000,2,1,1,0
24120007389000,13,8,5,249.6
24120007390000,17,10,7,571.2
24120007391000,4,2,2,0
24130007171000,23,9,14,1058
24130007172000,2,1,1,0
24130007197000,8,4,4,270.4
24130007198000,4,2,2,0
24130007199000,22,13,9,924
24130007200000,6,3,3,190.2
24130007201000,47,26,21,1861.2
24130007202000,17,8,9,778.6
24130007203000,1,1,0,0
24130007308000,2,2,0,0
24130007313000,3,2,1,0
24130007314000,1,1,0,0
24130007330000,1,0,1,0
24130007332000,2,1,1,0
24130007333000,25,11,14,945
24130007338000,14,7,7,614.6
24130007341000,14,6,8,628.6
24130007345000,6,4,2,219
24130007349000,7,3,4,392
24130007362000,2,1,1,0
24130007369000,1,1,0,0
24130007376000,5,3,2,279
24130007392000,2,1,1,0
24140007200000,3,2,1,0
24140007201000,4,1,3,0
24140007202000,20,8,12,710
24140007203000,4,2,2,0
24140007204000,7,4,3,452.2
24140007279000,1,1,0,0
24140007314000,4,2,2,0
24140007315000,27,12,15,877.5
24140007331000,9,6,3,419.4
24140007333000,7,4,3,310.8
24140007338000,34,20,14,1703.4
24140007339000,7,3,4,319.9
24140007342000,27,15,12,1090.8
24140007345000,9,4,5,235.8
24140007346000,6,5,1,346.8
24140007347000,3,1,2,0
24140007349000,6,3,3,295.2
24140007350000,8,4,4,475.2
24140007356000,5,2,3,278
24140007363000,22,11,11,895.4
24140007376000,24,12,12,1130.4
24140007377000,2,1,1,0
24140007381000,1,1,0,0
24140007394000,45,23,22,1872
24140007395000,51,24,27,2412.3
24140007530000,4,2,2,0
24140007531000,2,2,0,0
24150007206000,6,4,2,228
24150007279000,10,7,3,468
24150007284000,3,1,2,0
24150007286000,2,1,1,0
24150007311000,24,11,13,1027.2
24150007312000,42,21,21,1890
24150007313000,20,12,8,902
24150007314000,27,14,13,1709.1
24150007315000,69,38,31,3360.3
24150007316000,4,2,2,0
24150007339000,5,3,2,249
24150007342000,1,1,0,0
24150007347000,7,6,1,328.3
24150007348000,1,1,0,0
24150007349000,10,5,5,387
24150007350000,1,1,0,0
24150007351000,2,1,1,0
24150007357000,5,2,3,164
24150007363000,2,1,1,0
24150007364000,28,12,16,1332.8
24150007365000,14,7,7,463.4
24150007366000,2,1,1,0
24150007371000,2,1,1,0
24150007374000,2,1,1,0
24150007375000,6,3,3,205.8
24150007376000,49,23,26,2107
24150007377000,54,26,28,2721.6
24150007378000,1,0,1,0
24150007394000,22,10,12,844.8
24150007395000,51,25,26,1820.7
24150007530000,80,48,32,3288
24150007531000,41,24,17,1881.9
24150007540000,2,1,1,0
24160007179000,2,2,0,0
24160007297000,9,5,4,378
24160007298000,1,1,0,0
24160007306000,21,14,7,657.3
24160007307000,44,22,22,1289.2
24160007310000,79,44,35,3175.8
24160007311000,42,24,18,1667.4
24160007315000,23,15,8,906.2
24160007316000,41,19,22,1914.7
24160007317000,4,3,1,0
24160007348000,18,9,9,716.4
24160007358000,3,1,2,0
24160007359000,1,1,0,0
24160007364000,46,25,21,2415
24160007365000,8,6,2,444.8
24160007376000,29,17,12,1119.4
24160007531000,153,74,79,6854.4
24160007532000,11,9,2,533.5
24160007539000,1,0,1,0
24160007542000,1,0,1,0
24160007543000,1,1,0,0
24170007209000,4,3,1,0
24170007210000,14,9,5,343
24170007211000,11,6,5,531.3
24170007298000,16,9,7,745.6
24170007299000,10,5,5,265
24170007300000,19,10,9,767.6
24170007301000,42,22,20,1537.2
24170007302000,1029,489,540,51861.6
24170007303000,1044,544,500,45936
24170007304000,612,317,295,23317.2
24170007305000,620,327,293,25916
24170007306000,1474,749,725,53506.2
24170007307000,282,145,137,8149.8
24170007308000,35,17,18,1351
24170007309000,2,2,0,0
24170007310000,31,21,10,1153.2
24170007311000,3,1,2,0
24170007316000,33,15,18,1362.9
24170007317000,24,13,11,1207.2
24170007318000,5,3,2,168
24170007340000,9,5,4,342.9
24170007349000,17,7,10,644.3
24170007350000,6,3,3,250.8
24170007358000,15,10,5,409.5
24170007359000,1,1,0,0
24170007365000,32,18,14,1590.4
24170007366000,16,9,7,878.4
24170007368000,9,5,4,276.3
24170007369000,5,3,2,148
24170007370000,3,1,2,0
24170007372000,1,1,0,0
24170007373000,5,3,2,341
24170007531000,52,27,25,2210
24170007532000,201,105,96,9246
24170007533000,28,13,15,1520.4
24170007543000,1,1,0,0
24180007151000,6,3,3,261
24180007213000,22,10,12,693
24180007288000,2,1,1,0
24180007289000,2,2,0,0
24180007290000,17,9,8,707.2
24180007291000,21,13,8,709.8
24180007292000,46,23,23,1812.4
24180007293000,2,1,1,0
24180007294000,3,1,2,0
24180007295000,27,10,17,1317.6
24180007296000,30,16,14,1371
24180007297000,13,8,5,621.4
24180007298000,10,6,4,440
24180007299000,16,7,9,572.8
24180007300000,234,133,101,9055.8
24180007301000,1420,719,701,62338
24180007302000,820,386,434,38868
24180007303000,738,344,394,29962.8
24180007304000,184,87,97,7783.2
24180007305000,194,94,100,8206.2
24180007306000,141,71,70,5442.6
24180007307000,10,4,6,551
24180007315000,26,12,14,1003.6
24180007316000,23,13,10,1081
24180007317000,20,12,8,878
24180007318000,158,75,83,5451
24180007349000,10,4,6,473
24180007350000,6,5,1,250.8
24180007351000,20,13,7,598
24180007364000,6,4,2,285
24180007366000,1,1,0,0
24180007372000,6,3,3,319.2
24180007373000,34,22,12,1727.2
24180007533000,31,17,14,1209
24180007539000,1,1,0,0
24180007540000,2,1,1,0
24190007151000,2,1,1,0
24190007213000,1,1,0,0
24190007214000,3,2,1,0
24190007285000,5,4,1,297
24190007286000,5,2,3,325
24190007288000,3,2,1,0
24190007293000,11,6,5,355.3
24190007294000,31,14,17,1193.5
24190007295000,15,7,8,609
24190007296000,31,18,13,691.3
24190007298000,3,2,1,0
24190007299000,4,3,1,0
24190007301000,786,381,405,32226
24190007302000,198,101,97,5801.4
24190007305000,14,6,8,404.6
24190007306000,6,4,2,367.8
24190007307000,17,10,7,540.6
24190007308000,27,14,13,834.3
24190007315000,4,3,1,0
24190007317000,47,25,22,1245.5
24190007318000,14,6,8,590.8
24190007319000,6,4,2,289.8
24190007320000,2,1,1,0
24190007351000,6,3,3,366
24190007384000,8,3,5,218.4
24190007536000,219,114,105,10490.1
24190007537000,107,66,41,4697.3
24190007548000,1,1,0,0
24200007154000,3,2,1,0
24200007216000,4,2,2,0
24200007217000,2,1,1,0
24200007218000,14,5,9,674.8
24200007279000,4,3,1,0
24200007280000,4,2,2,0
24200007282000,1,0,1,0
24200007284000,11,8,3,646.8
24200007285000,5,3,2,250
24200007287000,2,1,1,0
24200007288000,6,3,3,136.2
24200007293000,7,4,3,231.7
24200007296000,4,2,2,0
24200007297000,14,7,7,568.4
24200007298000,11,5,6,511.5
24200007299000,18,9,9,631.8
24200007300000,11,6,5,453.2
24200007301000,73,39,34,3131.7
24200007302000,2,1,1,0
24200007303000,9,4,5,510.3
24200007304000,7,4,3,212.8
24200007305000,40,24,16,1444
24200007308000,20,16,4,642
24200007309000,18,12,6,867.6
24200007311000,5,4,1,148
24200007312000,2,1,1,0
24200007318000,28,17,11,890.4
24200007319000,5,2,3,104
24200007320000,22,13,9,939.4
24200007341000,6,4,2,339
24200007351000,2,1,1,0
24200007371000,1,1,0,0
24200007372000,24,12,12,1288.8
24200007375000,18,11,7,685.8
24200007376000,40,20,20,1288
24200007377000,31,15,16,1249.3
24200007378000,7,1,6,277.9
24200007393000,5,1,4,231
24200007536000,23,12,11,876.3
24200007537000,91,54,37,3139.5
24210007153000,18,9,9,743.4
24210007178000,6,4,2,361.2
24210007181000,4,2,2,0
24210007218000,4,1,3,0
24210007219000,11,7,4,774.4
24210007221000,4,3,1,0
24210007222000,1,1,0,0
24210007278000,4,3,1,0
24210007279000,7,6,1,193.9
24210007288000,2,1,1,0
24210007289000,4,2,2,0
24210007290000,18,9,9,529.2
24210007293000,7,4,3,224
24210007294000,14,7,7,512.4
24210007296000,4,3,1,0
24210007300000,7,4,3,221.2
24210007301000,86,47,39,3173.4
24210007302000,20,9,11,924
24210007303000,36,15,21,1436.4
24210007304000,53,26,27,2173
24210007305000,12,8,4,628.8
24210007309000,57,31,26,2502.3
24210007311000,47,24,23,1532.2
24210007312000,14,8,6,649.6
24210007319000,4,3,1,0
24210007321000,1,1,0,0
24210007322000,14,6,8,525
24210007372000,8,4,4,407.2
24210007375000,3,0,3,0
24210007387000,3,2,1,0
24210007389000,5,3,2,168
24210007392000,2,1,1,0
24210007396000,21,11,10,768.6
24210007410000,25,13,12,1225
24210007537000,12,4,8,459.6
24210007538000,33,16,17,1524.6
24210007549000,1,1,0,0
24220007153000,5,2,3,371
24220007224000,3,1,2,0
24220007225000,1,1,0,0
24220007248000,2,1,1,0
24220007276000,1,0,1,0
24220007277000,5,3,2,302
24220007278000,2,1,1,0
24220007300000,26,15,11,975
24220007301000,33,18,15,1343.1
24220007302000,27,20,7,780.3
24220007303000,16,9,7,577.6
24220007304000,39,22,17,1138.8
24220007309000,14,8,6,467.6
24220007310000,63,35,28,2696.4
24220007311000,39,22,17,1602.9
24220007312000,23,10,13,1035
24220007319000,2,1,1,0
24220007320000,2,1,1,0
24220007321000,1,0,1,0
24220007322000,1,1,0,0
24220007323000,8,3,5,316
24220007387000,2,1,1,0
24220007390000,3,2,1,0
24220007395000,24,12,12,1092
24220007410000,79,42,37,3618.2
24220007549000,7,4,3,345.8
24220007550000,2,1,1,0
24220007551000,1,1,0,0
24220007552000,5,3,2,199
24220007553000,12,6,6,340.8
24220007554000,31,15,16,1292.7
24220007555000,1,1,0,0
24230007151000,5,2,3,181
24230007152000,7,3,4,389.2
24230007153000,4,4,0,0
24230007186000,16,8,8,628.8
24230007226000,2,1,1,0
24230007227000,24,13,11,936
24230007228000,20,11,9,1006
24230007229000,9,3,6,482.4
24230007234000,1,0,1,0
24230007275000,12,6,6,410.4
24230007276000,2,2,0,0
24230007297000,8,4,4,252
24230007298000,9,6,3,240.3
24230007299000,6,2,4,238.8
24230007300000,11,5,6,424.6
24230007309000,5,3,2,223
24230007310000,31,15,16,1202.8
24230007312000,17,12,5,540.6
24230007319000,4,2,2,0
24230007320000,2,1,1,0
24230007322000,9,6,3,434.7
24230007323000,11,5,6,462
24230007324000,6,4,2,217.8
24230007325000,5,4,1,194
24230007341000,5,3,2,192
24230007373000,2,1,1,0
24230007374000,3,1,2,0
24230007375000,5,2,3,141
24230007389000,6,5,1,139.8
24230007390000,10,3,7,190
24230007391000,1,1,0,0
24230007392000,4,1,3,0
24230007399000,5,2,3,129
24230007400000,2,1,1,0
24230007401000,15,7,8,612
24230007402000,7,3,4,195.3
24230007404000,19,10,9,653.6
24230007405000,1,0,1,0
24230007543000,8,5,3,454.4
24230007544000,18,7,11,963
24230007545000,15,7,8,802.5
24230007546000,33,19,14,1412.4
24230007548000,4,1,3,0
24230007550000,5,2,3,304
24230007552000,34,18,16,1632
24230007553000,90,44,46,4149
24230007554000,19,12,7,862.6
24240007152000,10,5,5,430
24240007183000,3,1,2,0
24240007193000,19,13,6,782.8
24240007224000,2,2,0,0
24240007252000,1,0,1,0
24240007255000,4,2,2,0
24240007269000,2,1,1,0
24240007273000,4,3,1,0
24240007299000,2,1,1,0
24240007300000,6,3,3,265.8
24240007301000,18,10,8,853.2
24240007310000,7,4,3,378
24240007312000,2,1,1,0
24240007319000,1,0,1,0
24240007324000,10,5,5,324
24240007325000,13,5,8,510.9
24240007342000,2,0,2,0
24240007375000,4,2,2,0
24240007376000,6,2,4,262.8
24240007377000,4,2,2,0
24240007389000,35,21,14,1197
24240007390000,101,52,49,3302.7
24240007392000,4,2,2,0
24240007398000,6,3,3,235.8
24240007399000,30,15,15,1056
24240007400000,33,19,14,1313.4
24240007401000,6,2,4,207
24240007404000,1,1,0,0
24240007544000,17,12,5,622.2
24240007545000,16,8,8,521.6
24240007546000,27,13,14,947.7
24240007553000,2,1,1,0
24240007555000,2,1,1,0
24250007146000,5,2,3,279
24250007149000,6,3,3,202.8
24250007152000,14,7,7,625.8
24250007183000,17,5,12,606.9
24250007193000,3,1,2,0
24250007219000,1,1,0,0
24250007229000,2,1,1,0
24250007255000,5,2,3,175
24250007256000,6,3,3,328.2
24250007257000,15,8,7,697.5
24250007258000,51,28,23,2381.7
24250007259000,2,0,2,0
24250007260000,17,7,10,727.6
24250007261000,14,9,5,593.6
24250007265000,3,1,2,0
24250007266000,1,1,0,0
24250007267000,18,9,9,1074.6
24250007268000,17,8,9,1232.5
24250007269000,290,149,141,13398
24250007270000,34,18,16,1438.2
24250007271000,13,9,4,530.4
24250007274000,16,7,9,806.4
24250007275000,37,19,18,1579.9
24250007276000,1,0,1,0
24250007300000,10,6,4,386
24250007301000,15,8,7,526.5
24250007302000,3,2,1,0
24250007303000,21,11,10,646.8
24250007309000,10,2,8,371
24250007310000,4,2,2,0
24250007311000,1,1,0,0
24250007312000,9,5,4,450.9
24250007319000,13,7,6,551.2
24250007325000,8,4,4,372.8
24250007326000,17,9,8,654.5
24250007343000,8,5,3,444
24250007371000,1,1,0,0
24250007390000,4,2,2,0
24250007391000,2,1,1,0
24250007398000,19,10,9,794.2
24250007399000,10,6,4,274
24250007402000,3,2,1,0
24250007404000,2,1,1,0
24250007405000,1,0,1,0
24250007544000,50,21,29,2315
24250007545000,11,7,4,433.4
24260007148000,3,2,1,0
24260007149000,5,2,3,157
24260007152000,6,3,3,265.2
24260007229000,2,1,1,0
24260007236000,1,1,0,0
24260007237000,5,2,3,139
24260007258000,8,7,1,284.8
24260007260000,16,8,8,817.6
24260007268000,301,158,143,12491.5
24260007269000,164,92,72,6182.8
24260007271000,7,2,5,240.1
24260007272000,11,6,5,506
24260007273000,16,8,8,457.6
24260007274000,29,14,15,1322.4
24260007275000,2,0,2,0
24260007276000,2,1,1,0
24260007303000,13,6,7,412.1
24260007308000,1,1,0,0
24260007309000,28,14,14,1262.8
24260007312000,4,2,2,0
24260007320000,6,2,4,198
24260007327000,1,0,1,0
24260007328000,1,1,0,0
24260007343000,5,3,2,267
24260007344000,40,22,18,1576
24260007345000,8,4,4,466.4
24260007357000,4,2,2,0
24260007358000,6,3,3,444
24260007391000,14,5,9,666.4
24260007398000,2,1,1,0
24260007399000,10,6,4,261
24260007404000,6,2,4,246
24260007549000,16,7,9,649.6
24260007550000,43,22,21,1668.4
24260007551000,8,5,3,403.2
24260007553000,81,40,41,3304.8
24260007554000,106,45,61,4918.4
24260007555000,56,30,26,2402.4
24270007147000,7,4,3,361.9
24270007152000,12,6,6,548.4
24270007172000,6,3,3,249
24270007179000,4,2,2,0
24270007239000,4,3,1,0
24270007268000,24,13,11,492
24270007277000,3,1,2,0
24270007278000,4,2,2,0
24270007303000,2,1,1,0
24270007309000,25,14,11,955
24270007311000,1,1,0,0
24270007312000,22,11,11,1058.2
24270007313000,1,1,0,0
24270007314000,44,27,17,2028.4
24270007315000,8,3,5,358.4
24270007320000,1,1,0,0
24270007328000,9,5,4,359.1
24270007343000,6,4,2,334.8
24270007344000,14,10,4,750.4
24270007345000,6,4,2,295.8
24270007358000,5,3,2,334
24270007391000,2,1,1,0
24270007392000,5,3,2,232
24270007399000,2,2,0,0
24270007404000,9,4,5,376.2
24270007408000,19,11,8,646
24270007412000,19,11,8,1223.6
24270007548000,19,13,6,955.7
24270007549000,24,17,7,1044
24270007554000,10,3,7,507
24270007555000,16,6,10,971.2
24280007147000,4,1,3,0
24280007150000,5,1,4,120
24280007158000,2,1,1,0
24280007170000,2,1,1,0
24280007171000,1,1,0,0
24280007172000,3,1,2,0
24280007258000,4,1,3,0
24280007259000,4,2,2,0
24280007260000,2,1,1,0
24280007268000,2,1,1,0
24280007279000,6,3,3,214.8
24280007307000,20,8,12,408
24280007308000,51,24,27,1871.7
24280007309000,5,3,2,143
24280007310000,10,5,5,523
24280007311000,11,5,6,275
24280007314000,9,4,5,376.2
24280007315000,2,1,1,0
24280007316000,4,2,2,0
24280007317000,6,4,2,205.8
24280007321000,23,12,11,837.2
24280007328000,8,5,3,336.8
24280007344000,2,2,0,0
24280007345000,2,1,1,0
24280007358000,2,1,1,0
24280007391000,1,0,1,0
24280007397000,7,3,4,237.3
24280007398000,11,5,6,628.1
24280007401000,4,3,1,0
24280007402000,4,2,2,0
24280007407000,1,1,0,0
24280007408000,21,14,7,674.1
24280007413000,4,1,3,0
24290007150000,8,4,4,254.4
24290007156000,1,0,1,0
24290007196000,3,2,1,0
24290007268000,9,4,5,394.2
24290007306000,1,0,1,0
24290007307000,4,2,2,0
24290007308000,8,5,3,283.2
24290007309000,4,2,2,0
24290007318000,4,3,1,0
24290007319000,19,9,10,794.2
24290007321000,5,3,2,265
24290007322000,6,3,3,394.8
24290007323000,6,3,3,163.2
24290007327000,32,14,18,1721.6
24290007328000,44,25,19,1918.4
24290007354000,3,2,1,0
24290007357000,8,5,3,396
24290007359000,5,2,3,150
24290007393000,3,1,2,0
24290007397000,5,3,2,295
24290007398000,26,16,10,1242.8
24290007399000,19,10,9,875.9
24290007402000,11,6,5,397.1
24290007412000,35,15,20,1540
24290007413000,20,7,13,992
24290007553000,17,7,10,821.1
24290007555000,6,4,2,346.8
24290007558000,8,2,6,292
24290007559000,22,11,11,1361.8
24300007150000,21,11,10,877.8
24300007156000,5,3,2,296
24300007169000,5,3,2,201
24300007304000,3,2,1,0
24300007305000,30,15,15,972
24300007307000,7,3,4,249.9
24300007322000,3,2,1,0
24300007323000,15,6,9,493.5
24300007324000,8,4,4,483.2
24300007328000,12,8,4,468
24300007329000,12,7,5,585.6
24300007330000,12,6,6,566.4
24300007341000,2,1,1,0
24300007342000,2,1,1,0
24300007354000,4,1,3,0
24300007357000,1,0,1,0
24300007359000,24,13,11,1171.2
24300007397000,22,11,11,739.2
24300007398000,108,54,54,4352.4
24300007399000,5,3,2,130
24300007401000,1,1,0,0
24300007407000,7,3,4,420
24300007408000,2,1,1,0
24300007409000,19,9,10,767.6
24300007411000,11,8,3,336.6
24300007412000,35,20,15,1767.5
24300007413000,15,8,7,525
24300007414000,5,2,3,237
24300007547000,17,8,9,707.2
24300007552000,13,6,7,352.3
24300007553000,9,5,4,363.6
24300007555000,7,4,3,296.8
24300007557000,4,3,1,0
24300007559000,54,30,24,1614.6
24310007121000,11,5,6,481.8
24310007134000,3,2,1,0
24310007149000,26,13,13,1019.2
24310007194000,4,1,3,0
24310007195000,2,1,1,0
24310007196000,174,87,87,7168.8
24310007197000,47,27,20,2180.8
24310007205000,6,3,3,223.2
24310007245000,3,2,1,0
24310007267000,4,2,2,0
24310007303000,5,3,2,182
24310007305000,4,2,2,0
24310007323000,1,1,0,0
24310007324000,3,2,1,0
24310007330000,1,1,0,0
24310007331000,3,2,1,0
24310007341000,2,1,1,0
24310007354000,9,4,5,475.2
24310007356000,16,6,10,396.8
24310007359000,3,2,1,0
24310007390000,4,2,2,0
24310007396000,1,1,0,0
24310007397000,47,24,23,1757.8
24310007401000,26,12,14,1050.4
24310007402000,1,1,0,0
24310007407000,2,1,1,0
24310007408000,31,14,17,796.7
24310007409000,109,56,53,3793.2
24310007412000,3,2,1,0
24310007423000,10,4,6,497
24310007424000,11,7,4,677.6
24310007547000,20,11,9,782
24310007556000,38,19,19,1675.8
24310007557000,19,10,9,995.6
24310007562000,3,2,1,0
24320007121000,11,6,5,531.3
24320007134000,4,2,2,0
24320007148000,41,21,20,2029.5
24320007149000,156,68,88,8221.2
24320007155000,4,2,2,0
24320007176000,4,2,2,0
24320007196000,22,9,13,792
24320007199000,4,2,2,0
24320007243000,5,3,2,91
24320007246000,1,0,1,0
24320007267000,24,11,13,902.4
24320007303000,1,1,0,0
24320007323000,9,5,4,378.9
24320007324000,5,4,1,248
24320007325000,10,2,8,239
24320007332000,2,1,1,0
24320007354000,39,19,20,1337.7
24320007356000,8,3,5,399.2
24320007396000,2,1,1,0
24320007397000,23,11,12,1156.9
24320007399000,2,1,1,0
24320007400000,34,19,15,1890.4
24320007401000,7,4,3,378.7
24320007405000,2,1,1,0
24320007407000,5,2,3,252
24320007408000,1,1,0,0
24320007413000,4,2,2,0
24320007422000,3,1,2,0
24320007423000,7,3,4,431.9
24320007424000,2,0,2,0
24320007557000,1,0,1,0
24320007558000,16,10,6,478.4
24320007561000,12,6,6,775.2
24330007120000,1,0,1,0
24330007139000,1,1,0,0
24330007146000,2,1,1,0
24330007147000,13,8,5,595.4
24330007155000,3,2,1,0
24330007169000,3,1,2,0
24330007192000,1,0,1,0
24330007197000,3,1,2,0
24330007202000,1,1,0,0
24330007207000,22,10,12,935
24330007266000,2,1,1,0
24330007267000,9,3,6,218.7
24330007325000,14,6,8,932.4
24330007347000,2,1,1,0
24330007349000,4,1,3,0
24330007353000,20,11,9,772
24330007354000,19,9,10,533.9
24330007355000,4,2,2,0
24330007356000,13,5,8,555.1
24330007400000,8,5,3,414.4
24330007403000,13,6,7,435.5
24330007408000,4,2,2,0
24330007409000,3,1,2,0
24330007412000,2,0,2,0
24330007413000,2,1,1,0
24330007558000,60,27,33,2298
24340007120000,10,7,3,276
24340007129000,14,6,8,698.6
24340007130000,28,16,12,1103.2
24340007146000,16,7,9,651.2
24340007147000,1,1,0,0
24340007155000,11,7,4,528
24340007170000,1,1,0,0
24340007186000,4,3,1,0
24340007189000,8,5,3,276
24340007190000,6,2,4,226.8
24340007197000,2,1,1,0
24340007250000,3,2,1,0
24340007266000,5,2,3,109
24340007267000,2,1,1,0
24340007299000,4,3,1,0
24340007326000,6,3,3,277.2
24340007327000,6,4,2,382.8
24340007328000,5,3,2,135
24340007329000,8,4,4,356.8
24340007330000,11,5,6,664.4
24340007331000,10,6,4,418
24340007332000,40,21,19,2088
24340007350000,8,4,4,392
24340007353000,44,25,19,1927.2
24340007354000,5,3,2,248
24340007355000,8,5,3,398.4
24340007402000,1,0,1,0
24340007403000,43,22,21,1896.3
24340007407000,1,0,1,0
24340007408000,69,38,31,2511.6
24340007409000,41,18,23,2386.2
24340007410000,42,19,23,1768.2
24340007412000,7,3,4,275.1
24340007413000,4,1,3,0
24340007558000,85,41,44,3272.5
24340007560000,4,2,2,0
24340007561000,10,6,4,368
24350007128000,6,4,2,207
24350007129000,7,5,2,156.8
24350007141000,9,5,4,343.8
24350007143000,3,2,1,0
24350007147000,18,8,10,626.4
24350007173000,4,3,1,0
24350007174000,5,3,2,101
24350007185000,18,11,7,750.6
24350007186000,9,4,5,345.6
24350007248000,3,2,1,0
24350007251000,3,2,1,0
24350007260000,6,3,3,177
24350007266000,1,1,0,0
24350007324000,3,2,1,0
24350007326000,5,1,4,90
24350007327000,6,4,2,274.8
24350007334000,2,0,2,0
24350007344000,3,2,1,0
24350007351000,3,2,1,0
24350007352000,5,1,4,259
24350007353000,110,51,59,3740
24350007354000,22,11,11,776.6
24350007355000,11,8,3,423.5
24350007379000,2,1,1,0
24350007395000,15,4,11,484.5
24350007403000,26,14,12,1094.6
24350007406000,13,5,8,678.6
24350007407000,178,83,95,7796.4
24350007408000,18,6,12,685.8
24350007409000,25,13,12,975
24350007410000,25,11,14,1080
24350007425000,10,5,5,354
24350007558000,117,59,58,4750.2
24350007559000,28,12,16,1103.2
24360007127000,3,2,1,0
24360007147000,13,7,6,544.7
24360007154000,5,2,3,244
24360007155000,15,11,4,556.5
24360007169000,2,1,1,0
24360007170000,7,5,2,235.2
24360007172000,7,2,5,324.8
24360007260000,4,2,2,0
24360007261000,10,7,3,348
24360007266000,2,2,0,0
24360007322000,4,3,1,0
24360007324000,1,1,0,0
24360007326000,3,2,1,0
24360007334000,5,2,3,205
24360007335000,8,6,2,530.4
24360007349000,1,1,0,0
24360007350000,1,1,0,0
24360007352000,6,3,3,249
24360007353000,135,71,64,5818.5
24360007354000,12,6,6,280.8
24360007392000,3,2,1,0
24360007393000,4,2,2,0
24360007401000,4,3,1,0
24360007402000,80,44,36,3152
24360007403000,195,88,107,8365.5
24360007404000,61,35,26,2171.6
24360007406000,46,27,19,1527.2
24360007407000,7,4,3,314.3
24360007410000,3,1,2,0
24360007413000,13,7,6,529.1
24360007424000,18,11,7,804.6
24360007553000,3,2,1,0
24360007554000,2,0,2,0
24360007555000,36,22,14,1515.6
24360007556000,14,9,5,460.6
24360007557000,6,3,3,136.8
24370007117000,9,4,5,333.9
24370007124000,7,2,5,275.8
24370007126000,27,17,10,1082.7
24370007147000,7,4,3,298.9
24370007148000,4,3,1,0
24370007154000,6,3,3,196.8
24370007155000,13,5,8,530.4
24370007156000,7,2,5,405.3
24370007167000,3,1,2,0
24370007168000,10,5,5,375
24370007169000,25,13,12,1177.5
24370007184000,5,1,4,195
24370007196000,13,7,6,799.5
24370007197000,2,1,1,0
24370007254000,1,1,0,0
24370007255000,7,6,1,165.9
24370007256000,10,7,3,406
24370007257000,1,0,1,0
24370007261000,2,1,1,0
24370007262000,7,5,2,384.3
24370007274000,2,1,1,0
24370007322000,5,3,2,178
24370007325000,6,3,3,250.2
24370007345000,517,257,260,23575.2
24370007353000,19,10,9,697.3
24370007393000,3,3,0,0
24370007401000,4,1,3,0
24370007402000,26,13,13,1141.4
24370007403000,160,78,82,5712
24370007404000,13,3,10,461.5
24370007406000,39,20,19,1482
24370007410000,7,3,4,455
24370007421000,21,14,7,963.9
24370007424000,2,1,1,0
24370007425000,2,1,1,0
24370007555000,1,1,0,0
24370007556000,14,7,7,509.6
24370007557000,29,16,13,1322.4
24370007558000,16,8,8,705.6
24370007563000,2,1,1,0
24380007117000,4,2,2,0
24380007118000,1,0,1,0
24380007125000,15,8,7,796.5
24380007126000,2,2,0,0
24380007147000,19,10,9,716.3
24380007155000,2,1,1,0
24380007169000,2,1,1,0
24380007196000,5,2,3,219
24380007255000,1,1,0,0
24380007257000,4,2,2,0
24380007258000,3,2,1,0
24380007260000,7,3,4,280
24380007261000,1,0,1,0
24380007269000,1,1,0,0
24380007343000,10,5,5,445
24380007345000,597,288,309,24894.9
24380007346000,138,74,64,4843.8
24380007352000,8,5,3,468.8
24380007353000,7,4,3,189.7
24380007400000,2,1,1,0
24380007403000,14,7,7,449.4
24380007404000,3,1,2,0
24380007406000,7,4,3,310.1
24380007410000,26,13,13,1565.2
24380007421000,11,5,6,478.5
24380007422000,80,45,35,2648
24380007550000,4,2,2,0
24380007551000,65,32,33,2476.5
24380007552000,54,30,24,2127.6
24380007553000,6,4,2,216
24380007556000,94,43,51,3957.4
24380007557000,174,84,90,5794.2
24380007558000,37,16,21,1653.9
24380007559000,21,9,12,546
24380007560000,7,3,4,177.1
24380007562000,5,3,2,246
24380007566000,1,0,1,0
24380007567000,21,7,14,819
24390007117000,2,2,0,0
24390007124000,4,2,2,0
24390007125000,36,15,21,1400.4
24390007154000,6,3,3,247.8
24390007174000,3,0,3,0
24390007176000,2,2,0,0
24390007181000,2,2,0,0
24390007195000,6,3,3,279
24390007261000,1,1,0,0
24390007266000,7,3,4,228.9
24390007267000,2,2,0,0
24390007268000,3,1,2,0
24390007343000,42,24,18,1575
24390007344000,12,6,6,777.6
24390007345000,11,6,5,603.9
24390007346000,8,5,3,482.4
24390007353000,13,5,8,621.4
24390007403000,8,3,5,184.8
24390007404000,4,3,1,0
24390007406000,7,3,4,354.2
24390007410000,5,3,2,171
24390007419000,4,2,2,0
24390007421000,49,23,26,1764
24390007422000,89,44,45,3390.9
24390007423000,42,19,23,1764
24390007424000,7,4,3,289.8
24390007551000,340,177,163,12580
24390007552000,363,190,173,13431
24390007553000,109,59,50,3368.1
24390007554000,103,56,47,3903.7
24390007555000,87,53,34,3497.4
24390007556000,503,244,259,20220.6
24390007557000,520,243,277,19968
24390007558000,102,53,49,4110.6
24390007559000,50,21,29,2090
24390007560000,29,14,15,991.8
24390007561000,16,5,11,627.2
24390007563000,6,2,4,295.2
24390007565000,14,10,4,523.6
24400007124000,45,26,19,1908
24400007154000,11,6,5,431.2
24400007176000,8,5,3,268
24400007195000,10,6,4,434
24400007264000,1,0,1,0
24400007267000,1,0,1,0
24400007269000,4,1,3,0
24400007340000,1,1,0,0
24400007341000,4,1,3,0
24400007345000,2,1,1,0
24400007346000,5,4,1,304
24400007347000,3,2,1,0
24400007353000,15,7,8,612
24400007378000,2,1,1,0
24400007400000,1,1,0,0
24400007404000,2,1,1,0
24400007405000,4,2,2,0
24400007406000,18,7,11,536.4
24400007416000,1,0,1,0
24400007419000,5,3,2,237
24400007420000,7,5,2,461.3
24400007421000,115,56,59,4818.5
24400007422000,84,42,42,3166.8
24400007423000,2,2,0,0
24400007552000,1,1,0,0
24400007553000,7,4,3,354.2
24400007554000,5,4,1,289
24400007555000,25,15,10,1255
24400007556000,211,100,111,8566.6
24400007558000,40,25,15,1672
24400007559000,5,3,2,228
24400007562000,10,5,5,471
24400007563000,5,2,3,243
24410007123000,7,4,3,238.7
24410007195000,3,2,1,0
24410007340000,1,1,0,0
24410007347000,13,6,7,453.7
24410007353000,9,4,5,439.2
24410007378000,3,3,0,0
24410007400000,1,1,0,0
24410007404000,8,5,3,347.2
24410007405000,14,7,7,684.6
24410007406000,16,7,9,867.2
24410007414000,2,2,0,0
24410007415000,4,2,2,0
24410007418000,30,14,16,1098
24410007419000,4,1,3,0
24410007421000,27,10,17,947.7
24410007422000,19,11,8,917.7
24410007558000,110,43,67,3949
24410007559000,545,238,307,22835.5
24410007560000,19,8,11,1100.1
24410007561000,28,13,15,971.6
24410007563000,9,4,5,264.6
24410007564000,46,19,27,1766.4
24410007565000,5,4,1,177
24410007570000,5,4,1,181
24410007573000,21,12,9,1121.4
24420007122000,15,7,8,697.5
24420007123000,15,11,4,421.5
24420007145000,2,1,1,0
24420007146000,2,1,1,0
24420007154000,9,4,5,296.1
24420007272000,1,1,0,0
24420007306000,1,1,0,0
24420007340000,6,4,2,238.8
24420007341000,3,2,1,0
24420007349000,4,2,2,0
24420007351000,4,2,2,0
24420007353000,26,14,12,1125.8
24420007399000,3,2,1,0
24420007401000,6,3,3,324
24420007404000,5,2,3,263
24420007405000,1,1,0,0
24420007410000,1,1,0,0
24420007415000,12,6,6,507.6
24420007416000,2,1,1,0
24420007417000,7,3,4,177.1
24420007418000,109,51,58,4643.4
24420007421000,22,11,11,847
24420007422000,24,15,9,1207.2
24420007425000,2,1,1,0
24420007426000,2,1,1,0
24420007558000,79,45,34,2946.7
24420007559000,673,318,355,28333.3
24420007560000,566,287,279,20828.8
24420007561000,27,16,11,1242
24420007562000,23,15,8,917.7
24420007563000,10,6,4,496
24420007564000,16,8,8,624
24420007565000,1,0,1,0
24420007571000,13,7,6,621.4
24430007116000,6,2,4,382.2
24430007117000,9,4,5,522
24430007118000,6,4,2,343.8
24430007120000,7,3,4,186.2
24430007121000,6,3,3,333
24430007122000,101,47,54,4373.3
24430007128000,1,0,1,0
24430007147000,1,1,0,0
24430007148000,2,1,1,0
24430007154000,18,10,8,653.4
24430007196000,3,2,1,0
24430007308000,4,2,2,0
24430007309000,6,5,1,351
24430007339000,1,0,1,0
24430007341000,8,5,3,384
24430007347000,1,0,1,0
24430007349000,14,6,8,537.6
24430007351000,13,8,5,608.4
24430007352000,19,9,10,697.3
24430007353000,15,9,6,585
24430007399000,2,1,1,0
24430007404000,2,2,0,0
24430007410000,2,1,1,0
24430007414000,48,24,24,2400
24430007415000,233,121,112,9855.9
24430007416000,164,80,84,6756.8
24430007417000,454,224,230,20974.8
24430007418000,477,234,243,19318.5
24430007421000,2,1,1,0
24430007422000,20,10,10,644
24430007425000,31,15,16,1085
24430007426000,1,0,1,0
24430007552000,13,3,10,447.2
24430007553000,10,5,5,398
24430007554000,10,5,5,350
24430007555000,43,23,20,1694.2
24430007556000,26,10,16,1105
24430007557000,94,46,48,3543.8
24430007558000,33,18,15,1250.7
24430007559000,601,299,302,23979.9
24430007560000,456,212,244,15230.4
24430007561000,267,142,125,9078
24430007562000,60,26,34,2436
24430007563000,35,17,18,1253
24430007564000,21,12,9,854.7
24430007566000,5,3,2,93
24430007570000,51,22,29,1703.4
24430007571000,33,18,15,1072.5
24440007116000,74,40,34,3115.4
24440007195000,4,2,2,0
24440007283000,4,2,2,0
24440007306000,12,7,5,585.6
24440007316000,3,2,1,0
24440007317000,1,1,0,0
24440007326000,6,3,3,187.8
24440007339000,2,1,1,0
24440007341000,21,12,9,747.6
24440007349000,2,1,1,0
24440007351000,2,1,1,0
24440007353000,22,10,12,1306.8
24440007404000,27,15,12,928.8
24440007414000,162,88,74,6399
24440007415000,87,50,37,3375.6
24440007416000,184,94,90,7341.6
24440007417000,7,3,4,452.2
24440007418000,20,9,11,642
24440007421000,4,2,2,0
24440007422000,17,9,8,712.3
24440007425000,36,21,15,1609.2
24440007426000,5,2,3,193
24440007428000,3,0,3,0
24440007554000,14,6,8,679
24440007555000,31,16,15,1109.8
24440007556000,45,24,21,1768.5
24440007558000,72,38,34,2246.4
24440007559000,50,22,28,1595
24440007560000,37,16,21,1683.5
24440007561000,16,9,7,507.2
24440007564000,94,49,45,3045.6
24440007565000,36,20,16,1105.2
24440007566000,35,16,19,1337
24440007567000,6,4,2,295.2
24440007570000,48,24,24,1723.2
24440007571000,12,7,5,477.6
24450007111000,6,2,4,250.2
24450007112000,2,1,1,0
24450007115000,30,16,14,1305
24450007116000,8,4,4,348.8
24450007195000,7,4,3,422.1
24450007274000,7,3,4,289.8
24450007283000,3,2,1,0
24450007284000,6,3,3,271.8
24450007307000,2,2,0,0
24450007308000,40,22,18,1432
24450007309000,29,15,14,1322.4
24450007310000,57,30,27,2872.8
24450007311000,8,5,3,228
24450007312000,1,1,0,0
24450007313000,2,1,1,0
24450007314000,2,1,1,0
24450007325000,3,3,0,0
24450007326000,71,39,32,1888.6
24450007327000,12,6,6,564
24450007328000,162,81,81,6739.2
24450007329000,98,53,45,3978.8
24450007330000,15,9,6,787.5
24450007331000,15,6,9,529.5
24450007332000,24,9,15,782.4
24450007333000,11,5,6,464.2
24450007334000,13,9,4,666.9
24450007335000,8,5,3,348
24450007336000,15,9,6,553.5
24450007337000,7,5,2,459.2
24450007338000,9,6,3,370.8
24450007340000,43,23,20,1668.4
24450007341000,294,155,139,10966.2
24450007342000,51,26,25,1744.2
24450007344000,2,2,0,0
24450007350000,3,1,2,0
24450007352000,12,6,6,526.8
24450007353000,14,7,7,596.4
24450007402000,3,1,2,0
24450007404000,15,9,6,610.5
24450007405000,4,2,2,0
24450007408000,1,0,1,0
24450007413000,127,63,64,5486.4
24450007414000,146,74,72,5854.6
24450007415000,16,7,9,598.4
24450007416000,47,24,23,1677.9
24450007417000,6,3,3,198
24450007422000,8,3,5,359.2
24450007425000,5,2,3,303
24450007426000,33,16,17,1511.4
24450007465000,20,10,10,680
24450007555000,15,7,8,798
24450007556000,3,1,2,0
24450007560000,13,9,4,604.5
24450007561000,3,2,1,0
24450007564000,1,0,1,0
24450007565000,42,22,20,1486.8
24450007566000,56,31,25,2072
24450007567000,28,17,11,1117.2
24450007568000,5,3,2,86
24450007570000,65,30,35,2314
24450007571000,20,11,9,722
24450007577000,57,30,27,2770.2
24460007111000,2,1,1,0
24460007150000,5,3,2,294
24460007273000,10,5,5,429
24460007309000,2,1,1,0
24460007310000,64,34,30,3052.8
24460007311000,10,6,4,499
24460007324000,5,2,3,184
24460007325000,3,2,1,0
24460007326000,7,4,3,361.2
24460007327000,8,5,3,463.2
24460007328000,217,117,100,8593.2
24460007329000,224,101,123,10886.4
24460007330000,17,8,9,540.6
24460007331000,19,9,10,492.1
24460007333000,6,3,3,325.2
24460007334000,8,4,4,279.2
24460007335000,36,19,17,1594.8
24460007336000,24,12,12,976.8
24460007340000,15,8,7,607.5
24460007341000,4,1,3,0
24460007343000,2,1,1,0
24460007344000,4,2,2,0
24460007346000,1,0,1,0
24460007351000,4,2,2,0
24460007352000,13,7,6,395.2
24460007353000,5,3,2,187
24460007401000,3,1,2,0
24460007402000,14,9,5,616
24460007404000,4,2,2,0
24460007412000,1,1,0,0
24460007413000,143,72,71,6277.7
24460007414000,2,1,1,0
24460007417000,4,1,3,0
24460007449000,2,2,0,0
24460007450000,3,2,1,0
24460007553000,7,4,3,380.8
24460007554000,2,1,1,0
24460007555000,52,24,28,2652
24460007556000,48,25,23,2356.8
24460007566000,22,11,11,840.4
24460007567000,26,13,13,1034.8
24460007569000,5,2,3,151
24460007570000,39,19,20,1337.7
24460007571000,34,18,16,1264.8
24460007577000,14,9,5,592.2
24470007109000,4,3,1,0
24470007152000,4,3,1,0
24470007196000,2,1,1,0
24470007273000,6,3,3,234
24470007274000,1,1,0,0
24470007285000,8,4,4,207.2
24470007308000,5,2,3,231
24470007309000,5,3,2,222
24470007311000,2,1,1,0
24470007316000,2,2,0,0
24470007320000,4,2,2,0
24470007321000,1,1,0,0
24470007322000,7,5,2,212.8
24470007323000,48,28,20,1982.4
24470007324000,12,7,5,652.8
24470007325000,4,2,2,0
24470007327000,14,8,6,520.8
24470007328000,11,4,7,379.5
24470007329000,179,87,92,8771
24470007330000,43,19,24,1754.4
24470007331000,9,3,6,500.4
24470007333000,4,2,2,0
24470007335000,25,13,12,1172.5
24470007336000,336,173,163,11256
24470007337000,138,73,65,6320.4
24470007338000,28,13,15,912.8
24470007344000,5,3,2,253
24470007351000,12,7,5,513.6
24470007353000,1,1,0,0
24470007401000,8,6,2,310.4
24470007402000,8,3,5,172.8
24470007404000,1,1,0,0
24470007411000,68,39,29,2536.4
24470007417000,2,1,1,0
24470007427000,5,2,3,293
24470007428000,12,7,5,702
24470007450000,6,4,2,367.8
24470007451000,1,1,0,0
24470007554000,4,2,2,0
24470007555000,12,5,7,361.2
24470007556000,2,1,1,0
24470007558000,7,4,3,256.9
24470007559000,9,4,5,441
24470007560000,48,25,23,2083.2
24470007566000,18,7,11,932.4
24470007567000,43,22,21,1668.4
24470007568000,65,31,34,2730
24470007569000,42,26,16,1528.8
24470007573000,15,7,8,694.5
24470007574000,10,4,6,637
24470007575000,4,3,1,0
24480007108000,1,0,1,0
24480007152000,4,3,1,0
24480007283000,7,3,4,287
24480007286000,8,3,5,228.8
24480007302000,4,1,3,0
24480007306000,6,4,2,322.2
24480007307000,1,1,0,0
24480007308000,1,1,0,0
24480007311000,78,44,34,3330.6
24480007312000,3,1,2,0
24480007322000,19,11,8,820.8
24480007323000,13,8,5,522.6
24480007329000,44,23,21,1579.6
24480007330000,2,1,1,0
24480007336000,12,8,4,309.6
24480007337000,23,11,12,1113.2
24480007338000,9,4,5,330.3
24480007344000,1,0,1,0
24480007345000,5,2,3,203
24480007401000,9,5,4,480.6
24480007427000,37,19,18,1502.2
24480007558000,13,6,7,458.9
24480007559000,34,18,16,1472.2
24480007560000,45,21,24,1746
24480007561000,15,7,8,445.5
24480007569000,58,29,29,2598.4
24480007570000,151,78,73,6462.8
24480007571000,41,21,20,1668.7
24490007107000,2,1,1,0
24490007110000,3,2,1,0
24490007113000,3,2,1,0
24490007275000,11,8,3,443.3
24490007276000,5,3,2,94
24490007277000,5,2,3,258
24490007278000,5,3,2,177
24490007286000,4,2,2,0
24490007301000,3,2,1,0
24490007313000,5,2,3,210
24490007321000,8,4,4,295.2
24490007329000,25,15,10,1127.5
24490007337000,7,3,4,179.2
24490007346000,3,2,1,0
24490007368000,4,4,0,0
24490007371000,3,2,1,0
24490007372000,2,1,1,0
24490007402000,5,2,3,250
24490007417000,1,1,0,0
24490007556000,32,14,18,1843.2
24490007557000,10,5,5,497
24490007558000,6,2,4,282
24490007559000,2,1,1,0
24490007560000,51,31,20,2121.6
24490007561000,16,8,8,572.8
24490007569000,10,6,4,490
24490007570000,9,4,5,380.7
24490007571000,89,39,50,3542.2
24490007572000,61,31,30,2427.8
24490007574000,4,2,2,0
24490007575000,1,0,1,0
24500007109000,16,12,4,547.2
24500007277000,2,1,1,0
24500007278000,5,2,3,171
24500007294000,1,1,0,0
24500007306000,8,6,2,334.4
24500007307000,5,2,3,284
24500007321000,11,7,4,496.1
24500007328000,6,3,3,219
24500007329000,4,1,3,0
24500007337000,2,0,2,0
24500007346000,24,16,8,816
24500007350000,11,7,4,569.8
24500007367000,1,1,0,0
24500007370000,6,4,2,118.8
24500007402000,1,1,0,0
24500007429000,1,1,0,0
24500007560000,5,2,3,186
24500007561000,17,8,9,656.2
24500007569000,8,6,2,343.2
24500007572000,10,4,6,274
24500007573000,19,8,11,921.5
24510007108000,10,4,6,548
24510007196000,4,2,2,0
24510007255000,4,3,1,0
24510007275000,2,1,1,0
24510007276000,4,2,2,0
24510007278000,2,1,1,0
24510007288000,10,5,5,409
24510007289000,1,1,0,0
24510007297000,4,2,2,0
24510007305000,4,2,2,0
24510007321000,7,4,3,373.8
24510007328000,12,6,6,379.2
24510007337000,10,5,5,338
24510007346000,2,1,1,0
24510007353000,7,3,4,326.9
24510007369000,1,1,0,0
24510007401000,1,0,1,0
24510007402000,2,1,1,0
24510007556000,14,10,4,644
24510007557000,221,122,99,7867.6
24510007558000,484,220,264,22264
24510007559000,101,51,50,3777.4
24510007560000,13,6,7,503.1
24510007562000,1,1,0,0
24510007565000,3,1,2,0
24510007570000,1,0,1,0
24510007571000,4,1,3,0
24510007572000,43,24,19,2162.9
24510007573000,1,1,0,0
24520007104000,2,1,1,0
24520007108000,3,2,1,0
24520007114000,26,11,15,715
24520007253000,17,10,7,688.5
24520007254000,23,12,11,825.7
24520007255000,17,10,7,338.3
24520007256000,6,2,4,199.2
24520007275000,4,1,3,0
24520007297000,9,5,4,335.7
24520007306000,4,3,1,0
24520007327000,4,1,3,0
24520007328000,3,1,2,0
24520007337000,6,4,2,375
24520007338000,8,4,4,422.4
24520007346000,4,2,2,0
24520007347000,1,1,0,0
24520007354000,27,13,14,1198.8
24520007402000,1,1,0,0
24520007432000,2,0,2,0
24520007476000,77,38,39,3087.7
24520007478000,3,2,1,0
24520007556000,6,1,5,252
24520007557000,207,106,101,8424.9
24520007558000,77,41,36,3488.1
24520007559000,34,17,17,1421.2
24520007560000,22,13,9,959.2
24520007564000,3,2,1,0
24520007569000,12,6,6,758.4
24520007570000,3,1,2,0
24520007571000,35,18,17,1512
24520007572000,3,2,1,0
24520007574000,1,1,0,0
24520007577000,2,1,1,0
24530007108000,10,7,3,313
24530007114000,1,1,0,0
24530007115000,5,2,3,146
24530007151000,6,4,2,258
24530007251000,10,5,5,430
24530007252000,4,2,2,0
24530007253000,20,11,9,740
24530007254000,3,1,2,0
24530007256000,8,5,3,271.2
24530007257000,3,1,2,0
24530007267000,4,2,2,0
24530007273000,2,1,1,0
24530007274000,5,4,1,219
24530007275000,294,146,148,13435.8
24530007276000,9,4,5,439.2
24530007306000,19,9,10,695.4
24530007327000,7,3,4,352.1
24530007328000,4,3,1,0
24530007338000,18,10,8,842.4
24530007347000,22,13,9,948.2
24530007348000,21,12,9,848.4
24530007349000,128,67,61,5657.6
24530007350000,1,0,1,0
24530007354000,72,39,33,2563.2
24530007356000,4,2,2,0
24530007357000,32,16,16,1369.6
24530007367000,13,8,5,604.5
24530007410000,29,16,13,1102
24530007411000,334,166,168,14161.6
24530007476000,7,3,4,139.3
24530007477000,1,1,0,0
24530007564000,3,1,2,0
24530007565000,1,1,0,0
24530007566000,9,5,4,370.8
24530007569000,3,2,1,0
24530007575000,12,4,8,601.2
24530007576000,5,3,2,220
24530007577000,33,18,15,1171.5
24530007578000,27,13,14,1560.6
24530007579000,1,1,0,0
24530007580000,1,1,0,0
24540007114000,5,2,3,328
24540007251000,4,2,2,0
24540007252000,1,1,0,0
24540007259000,1,0,1,0
24540007260000,6,4,2,391.8
24540007261000,4,3,1,0
24540007263000,5,3,2,313
24540007264000,10,4,6,395
24540007265000,5,3,2,216
24540007266000,2,1,1,0
24540007268000,6,4,2,274.2
24540007272000,4,2,2,0
24540007273000,11,5,6,788.7
24540007274000,262,136,126,10977.8
24540007275000,102,50,52,4753.2
24540007276000,8,6,2,248
24540007277000,4,3,1,0
24540007298000,3,1,2,0
24540007306000,5,2,3,319
24540007307000,5,5,0,296
24540007327000,3,0,3,0
24540007347000,88,43,45,2956.8
24540007348000,182,95,87,7116.2
24540007349000,2,1,1,0
24540007350000,43,20,23,1573.8
24540007354000,17,9,8,941.8
24540007355000,35,18,17,1344
24540007357000,23,11,12,673.9
24540007363000,2,0,2,0
24540007410000,198,96,102,7425
24540007411000,436,219,217,15565.2
24540007427000,12,7,5,547.2
24540007432000,5,3,2,169
24540007446000,28,16,12,1142.4
24540007447000,2,1,1,0
24540007479000,3,2,1,0
24540007565000,9,4,5,329.4
24540007566000,2,2,0,0
24540007570000,13,6,7,314.6
24540007574000,3,1,2,0
24540007575000,4,2,2,0
24540007577000,1,1,0,0
24540007578000,3,1,2,0
24540007580000,2,2,0,0
24550007112000,4,2,2,0
24550007249000,1,1,0,0
24550007250000,3,2,1,0
24550007251000,2,1,1,0
24550007258000,8,4,4,398.4
24550007262000,4,2,2,0
24550007263000,7,4,3,305.9
24550007267000,20,10,10,586
24550007274000,2,1,1,0
24550007275000,6,4,2,234
24550007276000,8,5,3,360
24550007277000,24,11,13,1034.4
24550007278000,1,1,0,0
24550007279000,6,2,4,274.8
24550007306000,8,3,5,132
24550007326000,8,5,3,488.8
24550007337000,1,0,1,0
24550007347000,41,23,18,1672.8
24550007348000,13,8,5,630.5
24550007350000,5,3,2,291
24550007354000,103,59,44,3234.2
24550007355000,36,19,17,1148.4
24550007359000,7,2,5,303.8
24550007363000,13,8,5,271.7
24550007365000,3,1,2,0
24550007410000,113,60,53,3695.1
24550007411000,15,6,9,619.5
24550007427000,15,10,5,553.5
24550007428000,13,9,4,579.8
24550007429000,23,13,10,943
24550007432000,11,6,5,492.8
24550007446000,56,26,30,2452.8
24550007447000,124,66,58,5084
24550007448000,6,2,4,106.2
24550007449000,1,1,0,0
24550007564000,10,7,3,668
24550007565000,1,1,0,0
24550007569000,5,2,3,276
24550007571000,2,1,1,0
24550007572000,10,4,6,417
24550007573000,10,4,6,619
24550007574000,14,4,10,782.6
24550007576000,2,1,1,0
24550007578000,1,1,0,0
24550007579000,8,6,2,250.4
24550007581000,2,1,1,0
24560007114000,2,1,1,0
24560007249000,7,5,2,314.3
24560007259000,5,2,3,198
24560007267000,4,2,2,0
24560007274000,27,15,12,1055.7
24560007275000,2,1,1,0
24560007277000,11,6,5,303.6
24560007280000,1,1,0,0
24560007325000,10,4,6,391
24560007326000,7,2,5,319.9
24560007338000,1,1,0,0
24560007346000,10,6,4,383
24560007347000,84,45,39,3486
24560007350000,1,1,0,0
24560007351000,40,22,18,1960
24560007354000,126,67,59,4246.2
24560007355000,12,8,4,346.8
24560007362000,2,1,1,0
24560007363000,4,2,2,0
24560007428000,1,1,0,0
24560007429000,6,4,2,397.8
24560007448000,18,12,6,867.6
24560007449000,10,5,5,721
24560007462000,3,2,1,0
24560007463000,1,1,0,0
24560007478000,3,2,1,0
24560007480000,11,7,4,567.6
24560007564000,14,5,9,613.2
24560007565000,26,13,13,1201.2
24560007572000,2,1,1,0
24560007573000,28,17,11,1307.6
24570007249000,3,2,1,0
24570007267000,2,1,1,0
24570007274000,8,3,5,364.8
24570007276000,18,12,6,500.4
24570007277000,8,6,2,272
24570007279000,7,4,3,282.8
24570007280000,1,1,0,0
24570007281000,9,6,3,297
24570007291000,2,1,1,0
24570007292000,5,1,4,169
24570007325000,11,5,6,337.7
24570007335000,2,1,1,0
24570007346000,6,4,2,411
24570007347000,47,25,22,1884.7
24570007351000,316,158,158,11944.8
24570007352000,430,212,218,16770
24570007355000,56,27,29,2116.8
24570007359000,14,7,7,344.4
24570007368000,4,3,1,0
24570007434000,139,70,69,5949.2
24570007435000,332,155,177,13280
24570007436000,7,3,4,340.9
24570007442000,4,1,3,0
24570007443000,34,18,16,1424.6
24570007449000,10,9,1,317
24570007564000,3,1,2,0
24570007565000,5,3,2,272
24570007573000,12,5,7,552
24570007574000,5,3,2,236
24570007581000,13,7,6,796.9
24580007249000,9,3,6,333
24580007258000,9,5,4,334.8
24580007276000,19,12,7,826.5
24580007279000,1,1,0,0
24580007281000,2,2,0,0
24580007307000,2,1,1,0
24580007308000,4,2,2,0
24580007325000,14,7,7,481.6
24580007339000,6,2,4,169.2
24580007347000,22,12,10,794.2
24580007351000,4,1,3,0
24580007352000,990,507,483,36234
24580007355000,2,1,1,0
24580007356000,63,30,33,2368.8
24580007359000,4,1,3,0
24580007362000,4,2,2,0
24580007430000,2,1,1,0
24580007431000,1,1,0,0
24580007433000,17,8,9,513.4
24580007435000,97,50,47,4190.4
24580007436000,110,55,55,4378
24580007437000,1,1,0,0
24580007438000,6,3,3,226.2
24580007439000,22,6,16,1062.6
24580007440000,19,9,10,754.3
24580007442000,13,6,7,730.6
24580007443000,10,4,6,229
24580007444000,21,9,12,1008
24580007445000,3,2,1,0
24580007446000,3,2,1,0
24580007564000,1,1,0,0
24580007565000,8,5,3,451.2
24580007571000,8,2,6,264.8
24580007572000,7,5,2,349.3
24580007573000,1,1,0,0
24580007574000,12,5,7,613.2
24580007575000,9,3,6,585.9
24580007576000,10,3,7,386
24580007579000,5,2,3,330
24580007580000,5,4,1,248
24580007581000,1,1,0,0
24590007249000,11,6,5,453.2
24590007258000,1,1,0,0
24590007267000,1,1,0,0
24590007269000,1,1,0,0
24590007274000,2,1,1,0
24590007279000,2,2,0,0
24590007281000,6,4,2,237
24590007282000,4,2,2,0
24590007300000,1,0,1,0
24590007306000,1,1,0,0
24590007308000,3,2,1,0
24590007347000,1,1,0,0
24590007351000,4,2,2,0
24590007352000,337,179,158,12839.7
24590007356000,73,35,38,2810.5
24590007357000,1021,525,496,38900.1
24590007358000,271,153,118,8130
24590007363000,2,1,1,0
24590007430000,10,7,3,433
24590007431000,1,0,1,0
24590007439000,5,3,2,367
24590007440000,3,2,1,0
24590007445000,15,7,8,747
24590007446000,48,24,24,1900.8
24590007571000,5,3,2,380
24590007572000,5,3,2,178
24590007574000,4,2,2,0
24590007577000,14,6,8,607.6
24590007578000,11,4,7,576.4
24600007249000,8,4,4,232.8
24600007268000,4,3,1,0
24600007271000,10,4,6,297
24600007282000,15,7,8,594
24600007283000,6,1,5,253.8
24600007301000,2,1,1,0
24600007303000,2,1,1,0
24600007306000,6,4,2,367.8
24600007308000,7,4,3,511
24600007353000,494,254,240,19414.2
24600007354000,373,153,220,22864.9
24600007355000,48,25,23,2812.8
24600007357000,813,425,388,29999.7
24600007358000,1115,587,528,39805.5
24600007359000,104,51,53,3463.2
24600007360000,10,8,2,320
24600007362000,2,1,1,0
24600007446000,17,10,7,836.4
24600007447000,36,16,20,1897.2
24600007448000,23,8,15,1120.1
24600007565000,3,0,3,0
24600007566000,11,6,5,574.2
24600007567000,5,3,2,286
24600007572000,9,3,6,658.8
24600007573000,10,6,4,536
24610007249000,2,1,1,0
24610007255000,6,3,3,202.8
24610007256000,2,1,1,0
24610007284000,2,1,1,0
24610007285000,10,5,5,313
24610007347000,1,1,0,0
24610007350000,2,1,1,0
24610007353000,156,86,70,7597.2
24610007354000,1625,809,816,78325
24610007355000,1468,725,743,62096.4
24610007356000,5,4,1,136
24610007357000,301,158,143,10655.4
24610007358000,1298,624,674,53347.8
24610007359000,83,42,41,3286.8
24610007365000,4,2,2,0
24610007434000,3,1,2,0
24610007435000,4,2,2,0
24610007436000,11,5,6,597.3
24610007447000,22,9,13,882.2
24610007448000,5,3,2,197
24610007567000,11,6,5,353.1
24610007568000,2,2,0,0
24610007573000,17,8,9,863.6
24610007574000,7,3,4,461.3
24620007249000,7,4,3,473.9
24620007255000,2,1,1,0
24620007263000,3,1,2,0
24620007272000,6,4,2,246
24620007300000,10,4,6,291
24620007305000,1,1,0,0
24620007350000,11,6,5,497.2
24620007354000,80,45,35,3040
24620007355000,1690,808,882,68783
24620007356000,494,239,255,21538.4
24620007357000,501,243,258,19138.2
24620007358000,205,110,95,7585
24620007365000,2,1,1,0
24620007427000,1,1,0,0
24620007568000,4,3,1,0
24620007574000,3,2,1,0
24620007575000,1,1,0,0
24620007576000,6,5,1,99
24620007577000,6,4,2,274.8
24620007578000,1,0,1,0
24620007580000,3,2,1,0
24620007581000,5,2,3,204
24630007249000,5,3,2,229
24630007265000,6,4,2,264
24630007267000,2,2,0,0
24630007272000,7,4,3,333.2
24630007297000,4,2,2,0
24630007300000,14,6,8,700
24630007302000,7,3,4,214.2
24630007303000,7,3,4,450.1
24630007355000,1254,578,676,48153.6
24630007356000,1595,762,833,70020.5
24630007357000,94,48,46,3948
24630007428000,13,7,6,802.1
24630007445000,16,7,9,817.6
24630007569000,14,7,7,659.4
24630007570000,1,0,1,0
24630007577000,7,4,3,364.7
24630007579000,3,2,1,0
24630007580000,5,3,2,308
24630007581000,1,1,0,0
24640007249000,7,2,5,296.8
24640007267000,6,4,2,445.2
24640007283000,3,2,1,0
24640007297000,5,3,2,180
24640007304000,2,1,1,0
24640007354000,361,187,174,13429.2
24640007355000,923,466,457,36827.7
24640007356000,95,50,45,3173
24640007431000,6,4,2,337.8
24640007580000,9,5,4,363.6
24650007248000,1,1,0,0
24650007249000,10,6,4,233
24650007283000,6,4,2,187.2
24650007354000,296,149,147,11159.2
24650007355000,1493,757,736,61959.5
24650007356000,54,26,28,1981.8
24650007363000,12,5,7,409.2
24650007366000,7,5,2,308
24650007367000,3,1,2,0
24650007368000,1,1,0,0
24650007373000,1,1,0,0
24650007435000,2,1,1,0
24650007436000,8,4,4,367.2
24650007439000,2,1,1,0
24650007440000,20,13,7,1110
24650007441000,2,1,1,0
24650007442000,1,0,1,0
24650007447000,8,2,6,420.8
24650007573000,2,1,1,0
24650007580000,27,10,17,839.7
24660007310000,2,2,0,0
24660007353000,6,1,5,217.2
24660007354000,178,97,81,6390.2
24660007355000,77,41,36,2718.1
24660007356000,20,12,8,898
24660007361000,9,4,5,368.1
24660007363000,2,1,1,0
24660007364000,18,7,11,676.8
24660007365000,1,1,0,0
24660007367000,3,2,1,0
24660007368000,7,3,4,345.8
24660007370000,5,3,2,206
24660007371000,5,3,2,159
24660007431000,7,4,3,230.3
24660007432000,2,1,1,0
24660007437000,9,4,5,630.9
24660007444000,1,1,0,0
24660007559000,100,46,54,4190
24660007560000,240,119,121,9168
24660007575000,3,3,0,0
24660007578000,25,11,14,1115
24660007579000,27,16,11,953.1
24670007262000,7,4,3,294
24670007354000,179,96,83,6640.9
24670007356000,37,19,18,1250.6
24670007357000,14,6,8,452.2
24670007360000,13,8,5,547.3
24670007361000,5,3,2,166
24670007363000,12,6,6,477.6
24670007366000,1,0,1,0
24670007369000,4,3,1,0
24670007434000,6,3,3,172.8
24670007435000,4,2,2,0
24670007438000,1,1,0,0
24670007439000,20,9,11,880
24670007445000,1,0,1,0
24670007446000,1,0,1,0
24670007452000,15,10,5,868.5
24670007474000,18,8,10,1008
24670007559000,27,14,13,1034.1
24670007560000,88,51,37,4012.8
24670007568000,11,7,4,469.7
24670007574000,4,2,2,0
24670007578000,24,8,16,981.6
24670007579000,4,2,2,0
24680007262000,5,4,1,282
24680007272000,4,3,1,0
24680007354000,25,12,13,1072.5
24680007355000,2,0,2,0
24680007356000,46,24,22,1771
24680007357000,26,11,15,982.8
24680007360000,12,6,6,378
24680007369000,6,4,2,270
24680007370000,7,4,3,296.1
24680007371000,2,1,1,0
24680007435000,3,2,1,0
24680007443000,18,9,9,892.8
24680007473000,1,1,0,0
24680007474000,25,13,12,815
24680007565000,2,1,1,0
24680007566000,6,3,3,388.8
24680007569000,4,4,0,0
24680007578000,24,12,12,1008
24690007272000,1,0,1,0
24690007354000,26,15,11,829.4
24690007355000,35,18,17,1260
24690007356000,9,5,4,342
24690007357000,20,13,7,778
24690007358000,44,22,22,1535.6
24690007359000,87,43,44,3427.8
24690007360000,31,15,16,1119.1
24690007361000,6,3,3,250.8
24690007362000,9,5,4,354.6
24690007371000,8,4,4,379.2
24690007439000,16,7,9,912
24690007441000,10,5,5,465
24690007442000,32,18,14,1123.2
24690007443000,25,7,18,1655
24690007444000,17,8,9,367.2
24690007452000,1,0,1,0
24690007569000,27,15,12,969.3
24690007571000,14,6,8,546
24690007573000,3,1,2,0
24690007574000,3,1,2,0
24700007243000,1,1,0,0
24700007309000,3,1,2,0
24700007353000,13,7,6,413.4
24700007354000,52,27,25,1752.4
24700007355000,37,24,13,1517
24700007356000,23,11,12,821.1
24700007357000,2,1,1,0
24700007358000,7,5,2,144.2
24700007359000,128,67,61,4902.4
24700007360000,136,71,65,4950.4
24700007361000,1,0,1,0
24700007438000,1,0,1,0
24700007439000,29,14,15,1528.3
24700007441000,9,4,5,414
24700007442000,14,8,6,662.2
24700007443000,12,8,4,466.8
24700007444000,53,24,29,2162.4
24700007445000,48,26,22,2198.4
24700007569000,8,1,7,495.2
24700007570000,9,5,4,360.9
24700007571000,1,1,0,0
24710007260000,1,0,1,0
24710007299000,8,5,3,163.2
24710007354000,2,2,0,0
24710007355000,35,18,17,1865.5
24710007356000,2,1,1,0
24710007357000,16,8,8,624
24710007358000,40,21,19,1304
24710007359000,34,17,17,1193.4
24710007360000,32,15,17,1065.6
24710007361000,19,7,12,644.1
24710007439000,2,1,1,0
24710007445000,5,4,1,324
24710007451000,4,1,3,0
24710007461000,14,9,5,544.6
24710007569000,2,0,2,0
24710007570000,10,5,5,270
24710007571000,9,5,4,486.9
24710007573000,36,17,19,1598.4
24710007574000,10,5,5,411
24710007575000,13,7,6,521.3
24710007576000,44,24,20,1949.2
24710007577000,2,1,1,0
24720007245000,3,2,1,0
24720007310000,2,1,1,0
24720007354000,5,3,2,239
24720007356000,3,2,1,0
24720007359000,42,25,17,1386
24720007361000,11,8,3,295.9
24720007362000,9,5,4,318.6
24720007454000,21,11,10,846.3
24720007455000,7,3,4,214.2
24720007461000,47,25,22,1682.6
24720007462000,2173,1063,1110,90396.8
24720007463000,23,11,12,1248.9
24720007563000,1,0,1,0
24720007564000,25,15,10,1085
24720007565000,3,2,1,0
24720007569000,1,1,0,0
24720007571000,4,2,2,0
24720007573000,7,4,3,464.1
24720007574000,14,9,5,477.4
24720007575000,60,30,30,2250
24720007576000,6,4,2,256.2
24720007579000,24,12,12,1022.4
24730007298000,6,4,2,217.2
24730007356000,10,5,5,553
24730007357000,1,1,0,0
24730007359000,29,16,13,1145.5
24730007360000,3,2,1,0
24730007361000,13,7,6,534.3
24730007362000,17,9,8,664.7
24730007440000,12,7,5,516
24730007441000,3,2,1,0
24730007452000,7,3,4,375.2
24730007453000,10,6,4,426
24730007454000,3,2,1,0
24730007455000,18,10,8,599.4
24730007461000,17,10,7,698.7
24730007462000,3338,1573,1765,135189
24730007463000,1732,928,804,72917.2
24730007464000,87,47,40,3836.7
24730007465000,71,34,37,2279.1
24730007475000,6,4,2,358.8
24730007564000,1,0,1,0
24730007565000,103,52,51,3193
24730007566000,3,1,2,0
24730007574000,1,1,0,0
24730007575000,12,7,5,519.6
24740007308000,1,1,0,0
24740007309000,1,0,1,0
24740007356000,3,1,2,0
24740007357000,1,1,0,0
24740007358000,8,5,3,400
24740007359000,22,11,11,739.2
24740007364000,4,1,3,0
24740007453000,4,3,1,0
24740007461000,4,3,1,0
24740007462000,3128,1517,1611,130437.6
24740007463000,2655,1291,1364,105403.5
24740007464000,2102,1013,1089,92488
24740007465000,120,63,57,4944
24740007564000,6,3,3,126
24740007565000,110,58,52,4279
24740007566000,145,76,69,5771
24750007258000,5,3,2,164
24750007358000,24,15,9,888
24750007365000,9,4,5,214.2
24750007452000,3,1,2,0
24750007453000,1,1,0,0
24750007454000,4,2,2,0
24750007461000,521,264,257,19120.7
24750007462000,175,97,78,5775
24750007463000,2110,1037,1073,78914
24750007464000,2533,1224,1309,105372.8
24750007465000,1113,562,551,40290.6
24750007565000,46,20,26,1462.8
24750007566000,85,40,45,2932.5
24750007586000,17,9,8,700.4
24750007619000,5,2,3,281
24760007297000,3,2,1,0
24760007358000,5,4,1,238
24760007359000,12,6,6,378
24760007365000,43,23,20,1840.4
24760007453000,11,6,5,588.5
24760007461000,876,428,448,30222
24760007462000,2295,1166,1129,73669.5
24760007463000,722,353,369,26497.4
24760007464000,557,293,264,20274.8
24760007465000,16,10,6,680
24760007466000,1076,526,550,36476.4
24760007467000,65,42,23,2314
24760007565000,4,2,2,0
24760007566000,212,104,108,6868.8
24760007567000,21,10,11,690.9
24760007586000,204,98,106,8568
24760007612000,3,2,1,0
24760007614000,11,5,6,504.9
24760007615000,1,0,1,0
24760007617000,22,14,8,1104.4
24760007618000,6,3,3,364.2
24760007619000,1,1,0,0
24770007365000,9,4,5,392.4
24770007366000,7,3,4,226.1
24770007367000,12,7,5,441.6
24770007451000,3,1,2,0
24770007452000,15,9,6,550.5
24770007453000,23,13,10,1035
24770007456000,3,1,2,0
24770007457000,3,1,2,0
24770007461000,51,28,23,1662.6
24770007462000,2437,1249,1188,82370.6
24770007467000,55,31,24,1677.5
24770007565000,65,36,29,2197
24770007566000,390,203,187,14937
24770007567000,102,51,51,3315
24770007582000,11,5,6,456.5
24770007586000,54,29,25,2268
24770007610000,11,4,7,371.8
24770007611000,130,65,65,5616
24770007612000,229,106,123,10602.7
24770007613000,17,8,9,894.2
24770007614000,53,21,32,2549.3
24770007615000,45,20,25,2236.5
24770007616000,23,10,13,1253.5
24770007618000,14,8,6,386.4
24770007619000,39,19,20,1532.7
24780007356000,7,4,3,133
24780007358000,6,3,3,166.2
24780007364000,179,90,89,5799.6
24780007365000,360,184,176,12528
24780007366000,7,5,2,286.3
24780007451000,3,2,1,0
24780007456000,13,5,8,548.6
24780007457000,15,7,8,690
24780007462000,1772,894,878,66272.8
24780007467000,10,6,4,531
24780007468000,14,8,6,761.6
24780007565000,25,12,13,1187.5
24780007566000,1061,525,536,46259.6
24780007567000,76,37,39,3222.4
24780007586000,57,28,29,2730.3
24780007587000,7,5,2,322.7
24780007610000,22,12,10,1025.2
24780007611000,229,121,108,10442.4
24780007612000,94,51,43,4042
24780007614000,1,1,0,0
24780007616000,14,7,7,758.8
24780007617000,13,5,8,561.6
24780007618000,72,15,57,5882.4
24780007619000,124,61,63,5666.8
24780007620000,61,34,27,2360.7
24780007629000,39,19,20,2102.1
24790007357000,5,1,4,165
24790007358000,12,8,4,351.6
24790007364000,101,50,51,4878.3
24790007366000,10,6,4,281
24790007432000,8,4,4,398.4
24790007451000,31,14,17,1401.2
24790007462000,1724,863,861,57926.4
24790007463000,390,208,182,16029
24790007464000,2,1,1,0
24790007465000,7,4,3,378.7
24790007466000,1,1,0,0
24790007467000,4,2,2,0
24790007469000,26,13,13,941.2
24790007567000,36,21,15,1623.6
24790007579000,5,4,1,233
24790007580000,29,18,11,1310.8
24790007586000,5,2,3,157
24790007587000,16,9,7,568
24790007610000,39,18,21,1704.3
24790007611000,62,29,33,2616.4
24790007617000,16,10,6,740.8
24790007618000,6,3,3,234
24790007619000,177,80,97,7062.3
24790007620000,25,11,14,885
24790007629000,27,15,12,1301.4
24800007293000,2,0,2,0
24800007346000,8,4,4,284.8
24800007357000,1,1,0,0
24800007358000,2,1,1,0
24800007359000,2,1,1,0
24800007361000,2,0,2,0
24800007362000,31,16,15,889.7
24800007364000,21,8,13,642.6
24800007365000,18,9,9,709.2
24800007404000,3,2,1,0
24800007432000,13,8,5,510.9
24800007433000,45,23,22,2245.5
24800007434000,4,1,3,0
24800007435000,9,5,4,452.7
24800007451000,2,1,1,0
24800007454000,30,14,16,1302
24800007457000,38,19,19,1618.8
24800007462000,743,384,359,22215.7
24800007463000,1422,719,703,51618.6
24800007464000,133,72,61,5865.3
24800007466000,9,6,3,381.6
24800007469000,4,2,2,0
24800007470000,61,33,28,2189.9
24800007567000,1,0,1,0
24800007568000,150,80,70,4980
24800007569000,377,186,191,14929.2
24800007570000,7,5,2,322
24800007578000,2,1,1,0
24800007579000,2,1,1,0
24800007587000,9,5,4,455.4
24800007610000,9,5,4,428.4
24800007611000,4,3,1,0
24800007618000,6,3,3,408
24800007619000,8,3,5,486.4
24800007620000,2,1,1,0
24800007621000,12,5,7,583.2
24800007626000,10,4,6,588
24810007338000,3,2,1,0
24810007357000,7,4,3,266.7
24810007362000,5,1,4,207
24810007404000,6,2,4,217.8
24810007405000,10,8,2,436
24810007406000,3,2,1,0
24810007431000,7,3,4,333.2
24810007432000,61,29,32,2696.2
24810007433000,7,6,1,373.1
24810007435000,9,6,3,514.8
24810007436000,5,4,1,256
24810007439000,2,2,0,0
24810007455000,10,6,4,327
24810007457000,56,31,25,2290.4
24810007462000,206,109,97,6180
24810007463000,1492,730,762,56994.4
24810007464000,997,516,481,34695.6
24810007467000,7,5,2,398.3
24810007470000,14,7,7,466.2
24810007471000,25,10,15,1040
24810007472000,51,27,24,1749.3
24810007568000,583,257,326,27925.7
24810007569000,1199,597,602,48559.5
24810007570000,588,302,286,20286
24810007588000,1,1,0,0
24810007589000,10,3,7,366
24810007611000,22,12,10,1190.2
24810007612000,2,1,1,0
24810007618000,27,13,14,1279.8
24810007622000,9,3,6,459.9
24810007623000,12,6,6,500.4
24810007632000,5,1,4,224
24810007633000,15,7,8,958.5
24820007355000,10,7,3,263
24820007357000,6,3,3,193.8
24820007361000,2,1,1,0
24820007362000,10,6,4,523
24820007364000,2,1,1,0
24820007365000,5,3,2,129
24820007407000,21,13,8,934.5
24820007431000,5,2,3,326
24820007432000,105,49,56,4357.5
24820007452000,10,6,4,313
24820007453000,3,2,1,0
24820007454000,16,9,7,784
24820007457000,66,32,34,2864.4
24820007462000,54,23,31,1852.2
24820007463000,1208,633,575,40951.2
24820007464000,1166,592,574,38244.8
24820007467000,13,7,6,614.9
24820007472000,11,7,4,431.2
24820007473000,9,3,6,367.2
24820007568000,146,71,75,7256.2
24820007569000,1033,527,506,39667.2
24820007570000,459,234,225,19645.2
24820007587000,1,1,0,0
24820007589000,3,2,1,0
24820007611000,3,2,1,0
24820007612000,35,20,15,1386
24820007618000,21,11,10,787.5
24820007621000,1,0,1,0
24820007622000,4,3,1,0
24820007623000,13,7,6,711.1
24820007624000,6,3,3,223.2
24820007625000,10,4,6,413
24820007626000,4,2,2,0
24820007632000,3,1,2,0
24820007633000,4,3,1,0
24830007355000,6,2,4,316.8
24830007359000,13,6,7,435.5
24830007360000,1,1,0,0
24830007362000,23,14,9,508.3
24830007363000,3,2,1,0
24830007408000,5,1,4,173
24830007409000,14,7,7,378
24830007415000,2,1,1,0
24830007431000,16,9,7,779.2
24830007432000,2,0,2,0
24830007454000,12,4,8,480
24830007455000,79,39,40,2670.2
24830007456000,86,43,43,3637.8
24830007457000,186,98,88,7607.4
24830007458000,55,27,28,1754.5
24830007463000,536,291,245,15436.8
24830007464000,9,3,6,279
24830007467000,20,9,11,830
24830007473000,142,81,61,5509.6
24830007474000,5,3,2,114
24830007476000,5,4,1,251
24830007477000,20,10,10,630
24830007569000,21,12,9,636.3
24830007578000,1,1,0,0
24830007585000,2,1,1,0
24830007586000,1,0,1,0
24830007590000,1,1,0,0
24830007612000,37,20,17,2142.3
24830007616000,22,10,12,1122
24830007617000,8,5,3,426.4
24830007618000,11,7,4,592.9
24830007619000,6,4,2,271.2
24830007620000,15,7,8,760.5
24830007621000,19,13,6,594.7
24830007623000,74,39,35,2923
24830007624000,60,31,29,2514
24830007625000,89,48,41,3622.3
24830007626000,3,1,2,0
24840007354000,1,1,0,0
24840007355000,4,1,3,0
24840007356000,8,2,6,179.2
24840007360000,17,8,9,630.7
24840007364000,2,1,1,0
24840007411000,2,1,1,0
24840007415000,2,1,1,0
24840007416000,2,2,0,0
24840007417000,7,3,4,287
24840007430000,12,7,5,554.4
24840007431000,15,7,8,661.5
24840007455000,20,8,12,658
24840007456000,9,6,3,428.4
24840007457000,18,9,9,795.6
24840007458000,11,8,3,385
24840007463000,89,40,49,2865.8
24840007464000,88,45,43,3819.2
24840007465000,7,3,4,401.8
24840007466000,23,12,11,756.7
24840007467000,10,5,5,501
24840007473000,7,4,3,247.1
24840007474000,174,90,84,5637.6
24840007475000,44,25,19,1812.8
24840007476000,52,26,26,2028
24840007477000,1,1,0,0
24840007590000,1,0,1,0
24840007591000,21,12,9,905.1
24840007605000,2,1,1,0
24840007612000,37,18,19,1739
24840007613000,25,11,14,1180
24840007614000,8,7,1,400.8
24840007615000,2,1,1,0
24840007616000,13,5,8,612.3
24840007617000,5,3,2,208
24840007618000,1,0,1,0
24840007620000,4,2,2,0
24840007623000,11,7,4,458.7
24840007624000,17,9,8,788.8
24840007625000,14,9,5,845.6
24850007354000,4,1,3,0
24850007355000,1,1,0,0
24850007360000,6,5,1,240
24850007364000,12,7,5,552
24850007411000,2,2,0,0
24850007412000,11,6,5,542.3
24850007413000,4,3,1,0
24850007414000,4,2,2,0
24850007415000,4,2,2,0
24850007418000,2,2,0,0
24850007430000,12,6,6,564
24850007431000,28,14,14,1388.8
24850007453000,13,5,8,370.5
24850007454000,20,7,13,898
24850007455000,4,2,2,0
24850007457000,2,2,0,0
24850007464000,51,27,24,1810.5
24850007467000,7,3,4,331.8
24850007474000,7,3,4,263.9
24850007475000,24,11,13,1036.8
24850007476000,13,7,6,465.4
24850007561000,129,63,66,5882.4
24850007569000,2,1,1,0
24850007578000,3,2,1,0
24850007579000,4,4,0,0
24850007590000,7,4,3,182.7
24850007591000,4,2,2,0
24850007603000,10,6,4,519
24850007606000,4,2,2,0
24850007607000,8,3,5,378.4
24850007613000,2,0,2,0
24850007614000,2,2,0,0
24850007615000,25,16,9,1067.5
24850007616000,19,9,10,921.5
24850007621000,1,0,1,0
24850007623000,10,6,4,498
24850007624000,18,9,9,772.2
24850007625000,49,27,22,2092.3
24850007626000,16,7,9,785.6
24850007630000,2,1,1,0
24850007631000,1,1,0,0
24860007358000,16,9,7,460.8
24860007360000,9,6,3,251.1
24860007414000,2,1,1,0
24860007415000,2,1,1,0
24860007417000,8,4,4,380
24860007418000,4,3,1,0
24860007430000,4,2,2,0
24860007431000,27,11,16,1071.9
24860007453000,4,2,2,0
24860007454000,11,6,5,509.3
24860007457000,17,9,8,756.5
24860007458000,6,3,3,262.8
24860007561000,64,31,33,2924.8
24860007570000,15,8,7,469.5
24860007571000,13,6,7,548.6
24860007574000,8,5,3,348.8
24860007579000,3,1,2,0
24860007590000,13,7,6,625.3
24860007602000,13,8,5,538.2
24860007603000,2,1,1,0
24860007607000,14,7,7,886.2
24860007608000,1,0,1,0
24860007616000,9,4,5,402.3
24860007622000,9,3,6,354.6
24860007627000,3,1,2,0
24860007628000,2,2,0,0
24870007351000,3,2,1,0
24870007358000,6,2,4,103.2
24870007417000,7,3,4,504
24870007418000,15,7,8,670.5
24870007430000,13,8,5,566.8
24870007431000,8,2,6,455.2
24870007457000,41,21,20,1517
24870007458000,4,2,2,0
24870007459000,21,8,13,739.2
24870007463000,15,9,6,564
24870007464000,27,16,11,945
24870007465000,24,23,1,820.8
24870007482000,5,2,3,142
24870007486000,6,3,3,295.8
24870007487000,7,4,3,289.8
24870007522000,2,1,1,0
24870007574000,6,4,2,240
24870007578000,5,3,2,319
24870007579000,35,22,13,1907.5
24870007587000,2,1,1,0
24870007589000,3,2,1,0
24870007590000,1,1,0,0
24870007601000,6,5,1,361.2
24870007602000,6,3,3,342
24870007607000,9,5,4,306
24870007608000,12,8,4,680.4
24870007620000,1,0,1,0
24870007622000,7,3,4,461.3
24870007623000,3,1,2,0
24870007626000,10,4,6,680
24870007627000,15,8,7,955.5
24870007628000,7,5,2,394.8
24870007629000,1,0,1,0
24880007357000,17,11,6,569.5
24880007366000,5,2,3,151
24880007419000,1,1,0,0
24880007420000,2,1,1,0
24880007421000,4,1,3,0
24880007430000,18,9,9,851.4
24880007431000,22,12,10,1102.2
24880007458000,11,5,6,478.5
24880007460000,33,14,19,1290.3
24880007461000,61,31,30,2562
24880007462000,64,38,26,2560
24880007463000,931,484,447,30723
24880007464000,1743,879,864,62748
24880007465000,205,96,109,6847
24880007466000,129,68,61,4476.3
24880007486000,23,10,13,1189.1
24880007487000,49,25,24,2058
24880007578000,4,2,2,0
24880007580000,16,11,5,788.8
24880007582000,57,30,27,2536.5
24880007586000,1,1,0,0
24880007590000,8,2,6,304.8
24880007591000,8,6,2,330.4
24880007599000,5,2,3,143
24880007600000,52,30,22,1991.6
24880007604000,4,3,1,0
24880007606000,2,1,1,0
24880007607000,27,15,12,1185.3
24880007617000,2,1,1,0
24880007618000,3,1,2,0
24880007619000,22,11,11,1161.6
24880007620000,4,2,2,0
24880007621000,5,3,2,273
24880007626000,1,0,1,0
24880007627000,4,2,2,0
24890007356000,1,1,0,0
24890007419000,1,1,0,0
24890007420000,1,0,1,0
24890007421000,13,8,5,483.6
24890007422000,56,29,27,2581.6
24890007429000,13,5,8,776.1
24890007430000,39,19,20,1875.9
24890007431000,14,9,5,534.8
24890007452000,10,6,4,453
24890007460000,26,13,13,941.2
24890007461000,12,7,5,351.6
24890007464000,241,120,121,9133.9
24890007465000,59,30,29,1876.2
24890007467000,5,1,4,105
24890007469000,3,1,2,0
24890007479000,21,8,13,728.7
24890007480000,9,3,6,342.9
24890007486000,2,1,1,0
24890007487000,4,2,2,0
24890007488000,3,2,1,0
24890007489000,43,20,23,1844.7
24890007580000,39,20,19,1996.8
24890007581000,29,16,13,1510.9
24890007582000,61,35,26,2433.9
24890007583000,10,6,4,356
24890007591000,65,35,30,2964
24890007598000,3,2,1,0
24890007599000,36,21,15,1429.2
24890007600000,2,1,1,0
24890007605000,10,4,6,641
24890007606000,4,3,1,0
24890007607000,22,13,9,904.2
24890007617000,5,3,2,294
24890007618000,7,4,3,454.3
24890007619000,6,3,3,364.8
24890007628000,3,1,2,0
24900007355000,14,8,6,435.4
24900007367000,2,1,1,0
24900007419000,3,1,2,0
24900007421000,39,19,20,1493.7
24900007422000,26,14,12,1453.4
24900007423000,17,11,6,856.8
24900007424000,14,7,7,749
24900007426000,4,2,2,0
24900007428000,11,6,5,421.3
24900007429000,55,25,30,2552
24900007430000,64,29,35,2515.2
24900007457000,7,4,3,357.7
24900007470000,17,12,5,729.3
24900007479000,68,36,32,2767.6
24900007480000,8,5,3,428
24900007489000,120,59,61,6216
24900007505000,1,0,1,0
24900007512000,78,42,36,3525.6
24900007513000,31,11,20,1643
24900007524000,5,3,2,130
24900007579000,10,5,5,445
24900007580000,3,2,1,0
24900007583000,5,4,1,222
24900007591000,5,2,3,284
24900007598000,209,106,103,8234.6
24900007599000,3,2,1,0
24900007607000,12,6,6,416.4
24900007611000,2,1,1,0
24900007616000,4,2,2,0
24900007617000,2,2,0,0
24900007636000,1,0,1,0
24910007354000,8,5,3,418.4
24910007355000,4,3,1,0
24910007425000,4,2,2,0
24910007426000,3,2,1,0
24910007428000,14,7,7,617.4
24910007429000,12,6,6,708
24910007463000,1,1,0,0
24910007464000,1,1,0,0
24910007480000,3,2,1,0
24910007489000,14,7,7,642.6
24910007490000,25,13,12,1357.5
24910007512000,3,2,1,0
24910007513000,109,53,56,4523.5
24910007521000,5,4,1,230
24910007523000,12,8,4,325.2
24910007524000,63,33,30,3124.8
24910007569000,5,3,2,189
24910007585000,2,1,1,0
24910007591000,3,2,1,0
24910007598000,768,386,382,29414.4
24910007599000,77,40,37,3457.3
24910007607000,3,1,2,0
24910007613000,2,1,1,0
24910007633000,1,1,0,0
24920007353000,7,4,3,443.1
24920007354000,1,1,0,0
24920007355000,2,1,1,0
24920007368000,1,1,0,0
24920007369000,28,17,11,1425.2
24920007370000,5,4,1,294
24920007419000,2,1,1,0
24920007420000,4,1,3,0
24920007426000,3,2,1,0
24920007427000,4,2,2,0
24920007428000,31,18,13,1329.9
24920007454000,3,1,2,0
24920007457000,9,4,5,387
24920007461000,4,2,2,0
24920007462000,25,16,9,937.5
24920007463000,5,3,2,270
24920007464000,28,16,12,1159.2
24920007490000,5,3,2,327
24920007491000,1,1,0,0
24920007511000,5,2,3,383
24920007513000,30,14,16,1245
24920007518000,4,2,2,0
24920007520000,1,1,0,0
24920007521000,5,2,3,373
24920007524000,7,3,4,308.7
24920007585000,2,1,1,0
24920007586000,1,0,1,0
24920007590000,16,10,6,649.6
24920007591000,36,20,16,1238.4
24920007598000,291,151,140,13909.8
24920007599000,743,383,360,28605.5
24920007606000,13,5,8,613.6
24920007607000,6,3,3,154.8
24920007611000,12,6,6,474
24920007612000,21,15,6,879.9
24920007613000,6,2,4,409.2
24920007614000,29,12,17,1038.2
24920007633000,1,1,0,0
24930007355000,3,1,2,0
24930007371000,9,5,4,477.9
24930007372000,6,4,2,325.8
24930007419000,4,1,3,0
24930007425000,3,3,0,0
24930007431000,1,0,1,0
24930007461000,13,6,7,634.4
24930007462000,69,36,33,2235.6
24930007463000,5,2,3,276
24930007464000,11,5,6,591.8
24930007470000,2,1,1,0
24930007471000,5,3,2,205
24930007491000,19,9,10,801.8
24930007511000,2,0,2,0
24930007513000,52,22,30,1866.8
24930007518000,6,3,3,213
24930007521000,9,7,2,423.9
24930007527000,1,1,0,0
24930007568000,10,5,5,376
24930007569000,2,0,2,0
24930007598000,80,40,40,3320
24930007599000,137,68,69,5219.7
24930007605000,1,0,1,0
24930007606000,38,23,15,1599.8
24930007608000,1,0,1,0
24930007611000,32,17,15,1417.6
24930007614000,2,2,0,0
24930007632000,1,1,0,0
24940007418000,5,3,2,174
24940007462000,2,2,0,0
24940007463000,3,2,1,0
24940007486000,4,1,3,0
24940007491000,4,2,2,0
24940007492000,7,3,4,275.1
24940007513000,46,22,24,2001
24940007527000,3,1,2,0
24940007568000,3,2,1,0
24940007575000,2,1,1,0
24940007598000,19,9,10,940.5
24940007599000,26,16,10,832
24940007605000,103,51,52,3275.4
24940007606000,345,170,175,12420
24940007608000,68,36,32,2196.4
24940007609000,15,10,5,445.5
24940007611000,37,17,20,1539.2
24940007612000,1,1,0,0
24940007615000,4,2,2,0
24950007376000,3,1,2,0
24950007448000,15,6,9,994.5
24950007451000,7,3,4,231.7
24950007456000,14,10,4,721
24950007486000,4,2,2,0
24950007511000,5,2,3,178
24950007512000,43,25,18,2081.2
24950007513000,19,9,10,524.4
24950007519000,4,3,1,0
24950007529000,18,11,7,820.8
24950007533000,2,1,1,0
24950007576000,1,0,1,0
24950007593000,14,7,7,596.4
24950007598000,8,5,3,460
24950007599000,49,23,26,3077.2
24950007605000,273,121,152,9828
24950007606000,534,270,264,22695
24950007608000,204,106,98,7935.6
24950007610000,7,3,4,261.1
24950007615000,1,1,0,0
24950007640000,5,3,2,270
24960007376000,20,11,9,894
24960007437000,2,1,1,0
24960007447000,1,0,1,0
24960007448000,7,4,3,368.9
24960007452000,6,3,3,463.2
24960007453000,12,5,7,476.4
24960007456000,7,3,4,291.2
24960007457000,5,4,1,201
24960007463000,1,1,0,0
24960007464000,1,0,1,0
24960007486000,5,3,2,179
24960007527000,8,4,4,271.2
24960007529000,1,0,1,0
24960007577000,2,1,1,0
24960007599000,28,14,14,1433.6
24960007604000,207,100,107,8838.9
24960007605000,665,312,353,28595
24960007606000,271,129,142,12574.4
24960007607000,6,3,3,319.8
24960007608000,163,79,84,6878.6
24960007615000,11,4,7,528
24960007616000,17,9,8,673.2
24960007633000,2,1,1,0
24960007640000,17,8,9,1106.7
24970007375000,22,11,11,985.6
24970007376000,16,7,9,550.4
24970007418000,1,1,0,0
24970007445000,3,2,1,0
24970007446000,4,2,2,0
24970007447000,3,2,1,0
24970007453000,16,10,6,732.8
24970007454000,9,6,3,387
24970007457000,8,4,4,191.2
24970007458000,3,1,2,0
24970007463000,2,1,1,0
24970007464000,4,2,2,0
24970007486000,3,3,0,0
24970007505000,6,4,2,334.2
24970007506000,1,0,1,0
24970007527000,2,0,2,0
24970007533000,3,2,1,0
24970007534000,5,2,3,187
24970007535000,1,0,1,0
24970007574000,14,8,6,932.4
24970007599000,1,0,1,0
24970007600000,1,1,0,0
24970007601000,22,12,10,994.4
24970007604000,104,52,52,3858.4
24970007605000,117,54,63,3697.2
24970007606000,522,282,240,21871.8
24970007608000,27,15,12,1225.8
24970007616000,10,6,4,356
24970007617000,7,4,3,364.7
24970007630000,2,1,1,0
24970007631000,5,2,3,345
24970007632000,3,1,2,0
24970007640000,2,1,1,0
24980007375000,2,2,0,0
24980007439000,14,8,6,712.6
24980007441000,1,1,0,0
24980007442000,19,10,9,891.1
24980007447000,7,3,4,422.1
24980007453000,28,12,16,1170.4
24980007458000,34,21,13,1346.4
24980007459000,4,2,2,0
24980007506000,13,5,8,661.7
24980007515000,2,1,1,0
24980007519000,7,5,2,301.7
24980007534000,1,1,0,0
24980007535000,5,2,3,149
24980007536000,38,16,22,1523.8
24980007601000,34,19,15,1853
24980007602000,16,9,7,755.2
24980007603000,1,1,0,0
24980007604000,4,2,2,0
24980007605000,7,3,4,289.1
24980007606000,174,88,86,6855.6
24980007608000,47,30,17,1908.2
24980007611000,1,1,0,0
24980007616000,1,1,0,0
24980007617000,13,6,7,509.6
24980007629000,1,1,0,0
24980007630000,1,1,0,0
24990007374000,1,1,0,0
24990007435000,4,2,2,0
24990007436000,11,5,6,533.5
24990007437000,10,4,6,425
24990007439000,14,7,7,702.8
24990007440000,8,4,4,356.8
24990007441000,3,1,2,0
24990007444000,72,36,36,3204
24990007445000,10,4,6,386
24990007446000,3,3,0,0
24990007453000,10,7,3,367
24990007454000,6,4,2,288
24990007457000,1,1,0,0
24990007464000,7,3,4,335.3
24990007465000,8,5,3,416.8
24990007486000,2,1,1,0
24990007495000,3,2,1,0
24990007507000,1,1,0,0
24990007514000,13,7,6,721.5
24990007519000,9,5,4,431.1
24990007520000,5,2,3,120
24990007527000,3,2,1,0
24990007528000,2,2,0,0
24990007534000,20,13,7,812
24990007535000,41,20,21,1402.2
24990007577000,54,25,29,2457
24990007578000,15,5,10,589.5
24990007602000,23,12,11,1014.3
24990007603000,20,9,11,1000
24990007604000,45,27,18,1714.5
24990007608000,26,16,10,1084.2
24990007617000,2,1,1,0
24990007628000,2,1,1,0
24990007629000,1,0,1,0
24990007638000,1,1,0,0
25000007429000,3,2,1,0
25000007435000,18,12,6,844.2
25000007436000,6,5,1,253.8
25000007439000,6,3,3,202.8
25000007440000,11,6,5,555.5
25000007443000,5,2,3,235
25000007444000,173,81,92,8788.4
25000007445000,31,16,15,1426
25000007455000,2,1,1,0
25000007456000,8,4,4,288
25000007457000,106,58,48,4505
25000007464000,2,1,1,0
25000007487000,4,2,2,0
25000007507000,11,6,5,578.6
25000007514000,6,3,3,364.2
25000007517000,219,93,126,9964.5
25000007518000,5,4,1,247
25000007519000,13,8,5,551.2
25000007528000,4,3,1,0
25000007534000,62,34,28,2362.2
25000007537000,6,2,4,144
25000007538000,6,3,3,211.2
25000007539000,16,6,10,552
25000007572000,16,8,8,718.4
25000007576000,11,6,5,523.6
25000007608000,8,6,2,338.4
25000007609000,1,1,0,0
25000007631000,10,5,5,416
25000007632000,1,1,0,0
25000007633000,5,3,2,298
25000007634000,19,10,9,758.1
25000007635000,6,4,2,157.2
25000007653000,18,10,8,574.2
25000007654000,2,1,1,0
25010007373000,2,1,1,0
25010007435000,2,1,1,0
25010007438000,1,0,1,0
25010007444000,6,4,2,310.2
25010007456000,8,4,4,311.2
25010007457000,24,14,10,1048.8
25010007467000,1,1,0,0
25010007486000,2,1,1,0
25010007507000,25,13,12,1040
25010007513000,5,3,2,326
25010007514000,23,11,12,1202.9
25010007516000,65,35,30,2957.5
25010007517000,65,31,34,2658.5
25010007519000,15,9,6,646.5
25010007528000,3,2,1,0
25010007530000,1,0,1,0
25010007533000,7,6,1,235.2
25010007534000,33,18,15,1257.3
25010007538000,34,17,17,1723.8
25010007539000,6,3,3,318
25010007576000,5,3,2,308
25010007592000,5,3,2,242
25010007593000,3,2,1,0
25010007594000,1,0,1,0
25010007607000,16,10,6,684.8
25010007609000,24,9,15,775.2
25010007617000,1,0,1,0
25010007618000,2,1,1,0
25010007628000,2,1,1,0
25010007630000,28,13,15,1187.2
25010007631000,29,12,17,1041.1
25010007643000,11,6,5,456.5
25010007646000,28,14,14,1002.4
25010007653000,2,1,1,0
25020007508000,8,3,5,431.2
25020007509000,5,3,2,251
25020007514000,3,2,1,0
25020007519000,21,13,8,974.4
25020007520000,6,3,3,258
25020007529000,4,1,3,0
25020007531000,8,3,5,182.4
25020007533000,14,6,8,634.2
25020007534000,1,0,1,0
25020007538000,7,3,4,293.3
25020007575000,5,4,1,148
25020007576000,14,8,6,607.6
25020007577000,5,1,4,356
25020007581000,2,1,1,0
25020007582000,1,1,0,0
25020007608000,7,2,5,231
25020007609000,10,6,4,485
25020007618000,9,4,5,320.4
25020007619000,14,8,6,540.4
25020007627000,8,2,6,224
25020007628000,13,8,5,499.2
25020007629000,2,1,1,0
25020007642000,35,20,15,1281
25020007643000,239,132,107,9201.5
25020007644000,293,151,142,11485.6
25020007645000,296,146,150,11425.6
25020007646000,26,12,14,946.4
25030007467000,8,5,3,224.8
25030007509000,14,8,6,541.8
25030007516000,6,1,5,264
25030007520000,2,0,2,0
25030007528000,2,1,1,0
25030007529000,2,1,1,0
25030007530000,2,1,1,0
25030007531000,9,4,5,437.4
25030007532000,4,3,1,0
25030007533000,12,7,5,577.2
25030007534000,37,18,19,1346.8
25030007575000,4,2,2,0
25030007576000,5,3,2,348
25030007609000,15,8,7,712.5
25030007610000,9,4,5,350.1
25030007620000,1,0,1,0
25030007627000,9,6,3,363.6
25030007640000,2,0,2,0
25030007641000,19,12,7,946.2
25030007642000,47,28,19,1715.5
25030007643000,173,90,83,6055
25030007644000,544,247,297,24316.8
25030007645000,610,308,302,25254
25040007369000,1,1,0,0
25040007371000,4,3,1,0
25040007442000,2,0,2,0
25040007462000,22,9,13,972.4
25040007467000,1,0,1,0
25040007494000,2,2,0,0
25040007509000,5,1,4,203
25040007510000,10,5,5,559
25040007515000,4,1,3,0
25040007516000,1,0,1,0
25040007527000,15,7,8,442.5
25040007528000,1,1,0,0
25040007530000,2,1,1,0
25040007531000,15,6,9,673.5
25040007534000,14,8,6,740.6
25040007539000,2,2,0,0
25040007540000,4,3,1,0
25040007542000,2,1,1,0
25040007572000,1,0,1,0
25040007586000,6,2,4,258
25040007610000,66,30,36,3095.4
25040007611000,49,25,24,1798.3
25040007613000,2,1,1,0
25040007621000,26,14,12,1240.2
25040007622000,8,4,4,314.4
25040007627000,40,18,22,1692
25040007638000,34,15,19,1244.4
25040007639000,9,6,3,358.2
25040007641000,3,2,1,0
25040007642000,5,2,3,293
25040007643000,40,21,19,1604
25040007644000,66,35,31,2475
25040007645000,23,11,12,959.1
25040007646000,36,20,16,1472.4
25040007647000,54,32,22,2332.8
25040007656000,25,13,12,1230
25050007369000,5,2,3,203
25050007454000,4,3,1,0
25050007455000,2,0,2,0
25050007461000,13,7,6,391.3
25050007462000,23,12,11,938.4
25050007463000,39,19,20,1376.7
25050007494000,5,4,1,279
25050007510000,7,4,3,321.3
25050007515000,2,1,1,0
25050007516000,16,9,7,468.8
25050007522000,5,3,2,198
25050007523000,1,1,0,0
25050007531000,1,0,1,0
25050007533000,3,2,1,0
25050007534000,11,7,4,392.7
25050007537000,1,1,0,0
25050007538000,13,8,5,520
25050007542000,5,3,2,107
25050007587000,17,8,9,867
25050007591000,1,0,1,0
25050007596000,6,2,4,358.2
25050007610000,8,3,5,448
25050007611000,50,21,29,2035
25050007620000,4,2,2,0
25050007621000,35,20,15,1606.5
25050007622000,14,6,8,476
25050007623000,30,16,14,1389
25050007624000,129,65,64,4527.9
25050007625000,36,16,20,1332
25050007626000,39,19,20,1353.3
25050007627000,45,32,13,2020.5
25050007628000,7,3,4,263.2
25050007637000,26,11,15,1151.8
25050007642000,40,20,20,1456
25050007643000,74,33,41,2856.4
25050007644000,26,14,12,1188.2
25050007647000,4,3,1,0
25050007648000,11,7,4,424.6
25050007655000,5,3,2,284
25050007656000,106,50,56,4081
25060007369000,5,2,3,330
25060007454000,52,27,25,2485.6
25060007460000,20,12,8,970
25060007461000,13,8,5,679.9
25060007462000,24,13,11,988.8
25060007463000,60,30,30,2526
25060007464000,50,27,23,2130
25060007511000,11,7,4,630.3
25060007512000,2,1,1,0
25060007516000,12,6,6,495.6
25060007517000,21,9,12,663.6
25060007518000,2,1,1,0
25060007524000,8,6,2,368.8
25060007525000,7,3,4,221.2
25060007530000,2,2,0,0
25060007531000,3,1,2,0
25060007533000,43,25,18,1513.6
25060007534000,13,7,6,751.4
25060007537000,8,3,5,208
25060007589000,4,1,3,0
25060007590000,6,4,2,184.8
25060007591000,1,0,1,0
25060007596000,2,1,1,0
25060007611000,77,41,36,3703.7
25060007618000,4,2,2,0
25060007620000,15,9,6,670.5
25060007621000,9,4,5,497.7
25060007622000,113,60,53,3638.6
25060007623000,58,35,23,1948.8
25060007624000,19,12,7,680.2
25060007626000,25,10,15,990
25060007627000,9,5,4,540
25060007633000,66,33,33,2653.2
25060007634000,29,15,14,1136.8
25060007637000,2,1,1,0
25060007643000,16,7,9,588.8
25060007644000,19,10,9,653.6
25060007649000,84,41,43,3561.6
25060007651000,11,3,8,517
25060007652000,30,16,14,1170
25060007654000,4,2,2,0
25060007655000,16,7,9,620.8
25060007656000,8,5,3,483.2
25070007435000,1,0,1,0
25070007453000,9,4,5,371.7
25070007454000,49,28,21,2288.3
25070007459000,23,11,12,1110.9
25070007460000,22,10,12,943.8
25070007463000,35,17,18,1060.5
25070007464000,161,88,73,6391.7
25070007465000,243,120,123,9209.7
25070007467000,27,17,10,1015.2
25070007468000,27,14,13,1063.8
25070007511000,2,1,1,0
25070007512000,6,3,3,412.2
25070007513000,1,1,0,0
25070007514000,9,5,4,604.8
25070007515000,3,3,0,0
25070007517000,17,9,8,615.4
25070007525000,8,6,2,296.8
25070007526000,4,3,1,0
25070007528000,2,1,1,0
25070007531000,34,15,19,1135.6
25070007533000,30,15,15,1554
25070007534000,26,11,15,886.6
25070007537000,5,4,1,94
25070007579000,5,2,3,354
25070007591000,1,1,0,0
25070007595000,1,1,0,0
25070007602000,7,5,2,384.3
25070007603000,4,2,2,0
25070007611000,4,2,2,0
25070007612000,25,15,10,1047.5
25070007619000,1,0,1,0
25070007620000,32,17,15,1523.2
25070007621000,27,16,11,1223.1
25070007622000,25,11,14,752.5
25070007623000,5,4,1,204
25070007627000,23,17,6,687.7
25070007633000,16,7,9,560
25070007642000,1,1,0,0
25070007644000,22,12,10,616
25070007645000,4,3,1,0
25070007649000,97,42,55,3482.3
25070007650000,33,18,15,1587.3
25070007651000,17,8,9,770.1
25070007652000,43,20,23,1453.4
25070007653000,9,5,4,509.4
25070007655000,1,1,0,0
25080007434000,1,1,0,0
25080007460000,13,8,5,603.2
25080007464000,41,22,19,2611.7
25080007465000,81,37,44,2592
25080007467000,6,3,3,208.8
25080007468000,3,2,1,0
25080007513000,15,9,6,696
25080007515000,12,7,5,444
25080007526000,3,1,2,0
25080007527000,2,2,0,0
25080007529000,8,4,4,371.2
25080007530000,19,8,11,1117.2
25080007531000,96,47,49,4108.8
25080007535000,11,7,4,383.9
25080007537000,2,1,1,0
25080007590000,4,4,0,0
25080007591000,3,2,1,0
25080007602000,37,20,17,2075.7
25080007603000,35,21,14,1225
25080007604000,59,30,29,2908.7
25080007605000,8,5,3,496
25080007606000,4,3,1,0
25080007612000,1,1,0,0
25080007613000,53,28,25,2215.4
25080007621000,5,2,3,258
25080007622000,13,6,7,621.4
25080007626000,10,4,6,540
25080007627000,7,3,4,354.9
25080007633000,12,9,3,400.8
25080007643000,3,1,2,0
25080007644000,49,22,27,1690.5
25080007645000,15,8,7,643.5
25090007460000,33,17,16,1527.9
25090007461000,18,11,7,581.4
25090007465000,35,18,17,1134
25090007469000,3,2,1,0
25090007470000,19,9,10,695.4
25090007484000,9,4,5,298.8
25090007516000,128,64,64,5107.2
25090007526000,1,0,1,0
25090007535000,8,4,4,304
25090007536000,11,4,7,408.1
25090007537000,6,3,3,343.2
25090007584000,2,1,1,0
25090007598000,8,2,6,290.4
25090007599000,2,2,0,0
25090007602000,49,17,32,2729.3
25090007605000,4,2,2,0
25090007606000,20,8,12,1234
25090007607000,12,5,7,464.4
25090007613000,53,26,27,2040.5
25090007614000,3,2,1,0
25090007618000,5,2,3,176
25090007621000,4,3,1,0
25090007622000,21,12,9,766.5
25090007626000,1,1,0,0
25090007627000,14,9,5,263.2
25090007634000,9,4,5,326.7
25090007643000,6,4,2,234
25090007644000,46,20,26,1844.6
25090007645000,32,15,17,1206.4
25100007461000,27,15,12,1120.5
25100007465000,62,33,29,2734.2
25100007467000,2,1,1,0
25100007469000,9,6,3,464.4
25100007470000,15,9,6,459
25100007471000,19,11,8,742.9
25100007472000,4,1,3,0
25100007507000,2,2,0,0
25100007516000,30,15,15,1470
25100007517000,40,21,19,2192
25100007528000,1,1,0,0
25100007529000,3,2,1,0
25100007530000,5,3,2,264
25100007534000,2,1,1,0
25100007535000,21,10,11,884.1
25100007584000,1,0,1,0
25100007600000,1,0,1,0
25100007601000,9,3,6,510.3
25100007602000,41,25,16,2029.5
25100007613000,13,9,4,604.5
25100007614000,77,40,37,2856.7
25100007621000,14,4,10,558.6
25100007622000,9,6,3,236.7
25100007626000,5,3,2,201
25100007627000,20,11,9,572
25100007634000,1,0,1,0
25100007638000,7,3,4,189
25100007642000,16,9,7,830.4
25100007643000,99,54,45,3415.5
25100007644000,14,7,7,614.6
25100007645000,15,5,10,577.5
25100007646000,11,7,4,555.5
25100007647000,43,21,22,1732.9
25110007429000,3,1,2,0
25110007438000,3,2,1,0
25110007440000,1,0,1,0
25110007457000,8,4,4,350.4
25110007461000,6,4,2,325.2
25110007466000,6,3,3,253.2
25110007467000,21,11,10,829.5
25110007468000,49,27,22,1666
25110007469000,45,20,25,1948.5
25110007470000,40,19,21,1364
25110007472000,3,1,2,0
25110007473000,7,5,2,441
25110007517000,13,4,9,642.2
25110007529000,1,0,1,0
25110007530000,22,9,13,935
25110007531000,7,3,4,314.3
25110007534000,2,1,1,0
25110007535000,6,3,3,384
25110007601000,33,18,15,1683
25110007602000,1,1,0,0
25110007606000,28,13,15,1220.8
25110007607000,5,3,2,306
25110007614000,103,55,48,3687.4
25110007615000,56,34,22,1943.2
25110007621000,4,2,2,0
25110007622000,11,5,6,254.1
25110007626000,21,11,10,795.9
25110007627000,27,10,17,1215
25110007628000,13,8,5,561.6
25110007638000,1,1,0,0
25110007639000,30,16,14,1461
25110007640000,38,21,17,1615
25110007641000,35,17,18,1557.5
25110007642000,99,44,55,4276.8
25110007643000,251,115,136,10692.6
25110007644000,31,16,15,1230.7
25110007645000,25,13,12,1085
25110007646000,5,3,2,157
25110007647000,10,7,3,537
25110007648000,1,1,0,0
25120007415000,2,1,1,0
25120007417000,4,2,2,0
25120007418000,4,3,1,0
25120007419000,10,5,5,744
25120007425000,20,9,11,794
25120007437000,1,0,1,0
25120007453000,1,1,0,0
25120007460000,6,4,2,238.2
25120007461000,5,1,4,181
25120007469000,2,1,1,0
25120007470000,29,15,14,730.8
25120007471000,12,7,5,549.6
25120007472000,14,10,4,571.2
25120007473000,2,1,1,0
25120007508000,2,1,1,0
25120007512000,1,0,1,0
25120007519000,17,9,8,780.3
25120007520000,14,6,8,516.6
25120007606000,9,4,5,474.3
25120007615000,47,22,25,1818.9
25120007616000,50,34,16,1610
25120007626000,39,16,23,1388.4
25120007628000,9,7,2,338.4
25120007629000,4,3,1,0
25120007631000,5,2,3,280
25120007632000,15,7,8,406.5
25120007642000,4,3,1,0
25120007643000,10,7,3,321
25130007414000,2,1,1,0
25130007417000,2,1,1,0
25130007419000,12,6,6,638.4
25130007420000,22,12,10,1016.4
25130007421000,13,9,4,543.4
25130007422000,8,4,4,452
25130007423000,19,10,9,716.3
25130007424000,49,26,23,1901.2
25130007425000,52,29,23,2106
25130007426000,47,24,23,1978.7
25130007427000,23,12,11,1041.9
25130007428000,20,11,9,824
25130007429000,168,92,76,7308
25130007430000,94,54,40,4474.4
25130007431000,24,16,8,1027.2
25130007443000,8,2,6,194.4
25130007457000,6,4,2,211.8
25130007458000,1,1,0,0
25130007461000,41,20,21,1869.6
25130007472000,6,5,1,252
25130007473000,3,2,1,0
25130007474000,1,1,0,0
25130007477000,1,1,0,0
25130007519000,15,9,6,829.5
25130007531000,4,1,3,0
25130007533000,2,2,0,0
25130007544000,150,71,79,6405
25130007545000,38,20,18,1751.8
25130007606000,2,1,1,0
25130007615000,22,12,10,926.2
25130007616000,104,55,49,3681.6
25130007625000,19,11,8,642.2
25130007626000,68,35,33,2781.2
25130007631000,12,5,7,507.6
25130007639000,7,5,2,338.1
25140007414000,1,1,0,0
25140007421000,1,1,0,0
25140007422000,12,5,7,555.6
25140007423000,37,16,21,1583.6
25140007424000,2,1,1,0
25140007428000,7,4,3,394.1
25140007429000,60,33,27,2898
25140007430000,97,50,47,4054.6
25140007431000,76,39,37,3032.4
25140007432000,50,25,25,1820
25140007433000,50,27,23,2265
25140007458000,41,18,23,1713.8
25140007459000,5,4,1,291
25140007460000,2,1,1,0
25140007461000,52,27,25,1950
25140007473000,2,1,1,0
25140007474000,1,0,1,0
25140007475000,10,4,6,393
25140007520000,1,1,0,0
25140007533000,16,8,8,883.2
25140007544000,13,7,6,409.5
25140007546000,6,4,2,289.8
25140007582000,4,2,2,0
25140007587000,5,2,3,383
25140007588000,4,2,2,0
25140007598000,1,1,0,0
25140007606000,1,1,0,0
25140007609000,3,2,1,0
25140007616000,34,20,14,1159.4
25140007617000,96,45,51,3744
25140007618000,3,1,2,0
25140007625000,38,18,20,1637.8
25140007632000,13,8,5,496.6
25150007413000,2,1,1,0
25150007423000,5,3,2,206
25150007428000,2,2,0,0
25150007429000,12,6,6,534
25150007432000,9,5,4,428.4
25150007433000,14,8,6,568.4
25150007434000,43,20,23,1517.9
25150007435000,18,10,8,793.8
25150007438000,3,1,2,0
25150007440000,311,156,155,12471.1
25150007441000,38,19,19,1455.4
25150007443000,2,2,0,0
25150007444000,6,3,3,408
25150007456000,7,3,4,284.9
25150007459000,529,257,272,22323.8
25150007460000,953,464,489,39549.5
25150007461000,49,27,22,2214.8
25150007462000,2,1,1,0
25150007474000,16,9,7,563.2
25150007475000,2,1,1,0
25150007520000,5,3,2,327
25150007545000,2,1,1,0
25150007581000,2,1,1,0
25150007582000,5,3,2,292
25150007585000,2,1,1,0
25150007586000,2,1,1,0
25150007609000,46,23,23,2488.6
25150007610000,21,9,12,1020.6
25150007617000,32,19,13,1113.6
25150007618000,547,262,285,19637.3
25150007619000,512,243,269,17868.8
25150007620000,715,370,345,25954.5
25150007621000,95,51,44,3087.5
25150007622000,40,20,20,1920
25150007623000,64,30,34,2451.2
25150007625000,25,12,13,995
25150007635000,4,3,1,0
25160007412000,2,1,1,0
25160007426000,7,3,4,389.2
25160007427000,9,3,6,432.9
25160007428000,6,3,3,249
25160007434000,3,2,1,0
25160007435000,42,22,20,1789.2
25160007436000,75,41,34,3607.5
25160007437000,49,26,23,2214.8
25160007438000,103,47,56,4058.2
25160007439000,108,55,53,4698
25160007440000,29,16,13,1133.9
25160007441000,325,192,133,12902.5
25160007442000,540,252,288,23004
25160007444000,57,28,29,2240.1
25160007445000,49,25,24,2209.9
25160007451000,2,2,0,0
25160007455000,2,1,1,0
25160007456000,75,37,38,2722.5
25160007457000,3,1,2,0
25160007459000,158,84,74,6541.2
25160007460000,974,479,495,41882
25160007461000,516,254,262,21568.8
25160007462000,1,1,0,0
25160007463000,22,12,10,653.4
25160007464000,12,8,4,517.2
25160007487000,1,1,0,0
25160007491000,1,1,0,0
25160007523000,1,1,0,0
25160007533000,6,4,2,304.8
25160007543000,14,6,8,537.6
25160007546000,5,2,3,303
25160007547000,18,5,13,838.8
25160007548000,2,2,0,0
25160007550000,6,1,5,313.8
25160007582000,17,7,10,855.1
25160007610000,17,9,8,931.6
25160007618000,51,19,32,1570.8
25160007619000,1081,539,542,45618.2
25160007620000,1262,597,665,56032.8
25160007621000,813,407,406,30812.7
25160007622000,92,45,47,3302.8
25160007623000,38,16,22,2029.2
25160007624000,21,12,9,1033.2
25160007625000,4,2,2,0
25170007411000,11,7,4,621.5
25170007424000,4,2,2,0
25170007425000,1,1,0,0
25170007436000,3,2,1,0
25170007437000,10,4,6,395
25170007440000,5,3,2,296
25170007441000,88,47,41,3423.2
25170007442000,814,385,429,35897.4
25170007444000,30,15,15,1098
25170007447000,18,10,8,810
25170007449000,2,1,1,0
25170007456000,81,43,38,3159
25170007457000,144,72,72,5155.2
25170007458000,7,4,3,417.2
25170007460000,1003,455,548,48444.9
25170007461000,322,153,169,14812
25170007462000,2,1,1,0
25170007463000,16,9,7,542.4
25170007464000,35,18,17,1501.5
25170007465000,25,14,11,1225
25170007466000,2,1,1,0
25170007543000,14,5,9,658
25170007544000,5,3,2,210
25170007547000,10,5,5,390
25170007548000,26,11,15,1066
25170007549000,12,6,6,424.8
25170007557000,3,2,1,0
25170007581000,2,1,1,0
25170007582000,20,10,10,1012
25170007583000,2,1,1,0
25170007587000,2,1,1,0
25170007611000,12,6,6,696
25170007620000,25,13,12,1690
25170007621000,14,6,8,736.4
25170007622000,25,13,12,1005
25170007641000,1,0,1,0
25170007651000,9,3,6,502.2
25170007652000,7,3,4,312.9
25170007653000,3,2,1,0
25180007424000,7,3,4,203.7
25180007425000,5,3,2,127
25180007428000,10,4,6,498
25180007441000,5,2,3,128
25180007442000,449,224,225,16433.4
25180007443000,9,5,4,520.2
25180007458000,30,15,15,1452
25180007459000,259,133,126,11162.9
25180007460000,542,271,271,20758.6
25180007461000,710,359,351,27264
25180007463000,13,8,5,613.6
25180007464000,47,22,25,2016.3
25180007465000,7,3,4,366.8
25180007466000,21,11,10,821.1
25180007548000,2,1,1,0
25180007550000,6,5,1,240
25180007558000,13,7,6,698.1
25180007581000,4,2,2,0
25180007582000,4,2,2,0
25180007619000,90,47,43,2826
25180007620000,552,286,266,18657.6
25180007621000,37,23,14,1568.8
25180007622000,1,0,1,0
25180007623000,28,16,12,1106
25180007626000,1,1,0,0
25180007627000,28,16,12,1024.8
25180007628000,1,1,0,0
25180007633000,6,5,1,184.8
25190007423000,13,5,8,452.4
25190007429000,15,8,7,853.5
25190007431000,3,2,1,0
25190007441000,2,1,1,0
25190007442000,2,1,1,0
25190007443000,5,2,3,237
25190007446000,29,17,12,1348.5
25190007447000,13,5,8,709.8
25190007448000,5,3,2,282
25190007458000,19,10,9,733.4
25190007459000,63,35,28,2085.3
25190007460000,61,32,29,1610.4
25190007461000,4,2,2,0
25190007463000,6,3,3,288
25190007464000,6,4,2,315
25190007465000,15,7,8,693
25190007466000,3,2,1,0
25190007467000,7,4,3,328.3
25190007468000,10,5,5,219
25190007482000,4,3,1,0
25190007484000,89,52,37,4245.3
25190007485000,48,20,28,1896
25190007491000,1,0,1,0
25190007509000,1,1,0,0
25190007522000,1,1,0,0
25190007534000,3,1,2,0
25190007535000,8,5,3,578.4
25190007541000,2,1,1,0
25190007548000,1,1,0,0
25190007550000,18,7,11,748.8
25190007557000,1,1,0,0
25190007558000,4,2,2,0
25190007559000,5,3,2,299
25190007581000,4,2,2,0
25190007582000,1,1,0,0
25190007615000,8,4,4,316.8
25190007616000,99,41,58,3653.1
25190007617000,45,20,25,1399.5
25190007618000,22,14,8,906.4
25190007619000,6,5,1,192
25190007623000,6,3,3,361.8
25190007626000,115,66,49,4611.5
25190007627000,2,1,1,0
25190007628000,1,1,0,0
25190007629000,27,14,13,858.6
25190007630000,19,9,10,513
25190007633000,2,1,1,0
25190007640000,7,3,4,534.1
25190007641000,3,2,1,0
25200007400000,11,5,6,399.3
25200007401000,2,2,0,0
25200007423000,2,1,1,0
25200007430000,1,1,0,0
25200007441000,6,2,4,421.8
25200007442000,13,6,7,530.4
25200007443000,27,15,12,1163.7
25200007444000,8,5,3,219.2
25200007450000,3,1,2,0
25200007458000,10,6,4,477
25200007459000,38,19,19,1470.6
25200007464000,10,4,6,459
25200007465000,6,3,3,340.8
25200007467000,7,5,2,240.8
25200007469000,22,12,10,884.4
25200007470000,19,8,11,801.8
25200007480000,17,9,8,710.6
25200007481000,34,21,13,1598
25200007482000,13,9,4,695.5
25200007483000,3,2,1,0
25200007484000,60,23,37,2448
25200007485000,3,1,2,0
25200007491000,2,1,1,0
25200007543000,5,3,2,99
25200007551000,24,13,11,638.4
25200007555000,12,8,4,501.6
25200007556000,2,2,0,0
25200007559000,1,1,0,0
25200007581000,45,22,23,2011.5
25200007582000,11,6,5,654.5
25200007583000,10,4,6,460
25200007614000,168,91,77,6081.6
25200007615000,366,187,179,13725
25200007616000,67,33,34,2365.1
25200007619000,5,2,3,221
25200007623000,9,6,3,281.7
25200007625000,72,30,42,2822.4
25200007626000,49,25,24,1930.6
25200007629000,2,0,2,0
25200007641000,17,8,9,979.2
25200007642000,2,1,1,0
25200007658000,21,12,9,928.2
25200007659000,43,21,22,1715.7
25200007660000,2,0,2,0
25210007428000,4,3,1,0
25210007429000,4,2,2,0
25210007430000,12,5,7,486
25210007449000,49,26,23,2072.7
25210007450000,21,14,7,924
25210007452000,1,1,0,0
25210007457000,38,16,22,1626.4
25210007458000,44,19,25,1733.6
25210007459000,15,7,8,664.5
25210007465000,18,8,10,567
25210007466000,16,9,7,420.8
25210007467000,8,4,4,258.4
25210007469000,24,14,10,624
25210007470000,35,19,16,1561
25210007471000,1,0,1,0
25210007478000,3,1,2,0
25210007479000,45,23,22,1723.5
25210007480000,11,4,7,326.7
25210007488000,4,3,1,0
25210007489000,20,12,8,834
25210007490000,4,1,3,0
25210007536000,6,2,4,442.2
25210007542000,10,4,6,328
25210007551000,15,9,6,397.5
25210007554000,16,6,10,673.6
25210007555000,6,4,2,217.2
25210007559000,2,1,1,0
25210007580000,1,0,1,0
25210007581000,5,2,3,330
25210007582000,8,5,3,176
25210007613000,2,1,1,0
25210007614000,137,63,74,5438.9
25210007616000,18,10,8,410.4
25210007623000,29,11,18,1325.3
25210007624000,91,50,41,3248.7
25210007625000,37,22,15,1169.2
25210007632000,2,1,1,0
25210007633000,5,3,2,143
25210007634000,5,3,2,137
25210007642000,5,3,2,305
25210007643000,3,2,1,0
25210007658000,1,1,0,0
25210007662000,1,1,0,0
25220007411000,10,6,4,417
25220007422000,1,1,0,0
25220007423000,7,3,4,268.1
25220007430000,1,1,0,0
25220007440000,2,1,1,0
25220007458000,26,13,13,1183
25220007466000,9,6,3,415.8
25220007467000,30,15,15,1023
25220007470000,11,4,7,366.3
25220007471000,8,5,3,248
25220007472000,15,8,7,699
25220007477000,5,2,3,274
25220007481000,1,1,0,0
25220007484000,5,2,3,196
25220007488000,15,7,8,790.5
25220007489000,28,16,12,1744.4
25220007542000,9,7,2,279
25220007552000,1,0,1,0
25220007553000,4,2,2,0
25220007580000,9,5,4,602.1
25220007613000,11,4,7,761.2
25220007614000,32,16,16,1548.8
25220007620000,3,1,2,0
25220007625000,35,20,15,1442
25220007638000,24,12,12,907.2
25220007639000,16,7,9,881.6
25220007640000,3,2,1,0
25220007645000,7,3,4,492.1
25220007647000,2,1,1,0
25220007652000,1,1,0,0
25220007662000,5,3,2,314
25220007663000,25,13,12,1215
25230007411000,4,2,2,0
25230007468000,15,8,7,571.5
25230007469000,9,5,4,237.6
25230007470000,14,8,6,632.8
25230007472000,6,4,2,291
25230007473000,25,15,10,1100
25230007474000,7,4,3,343
25230007476000,3,1,2,0
25230007480000,8,3,5,267.2
25230007481000,26,15,11,975
25230007482000,12,9,3,435.6
25230007483000,11,6,5,587.4
25230007484000,12,4,8,614.4
25230007534000,5,2,3,266
25230007535000,1,0,1,0
25230007542000,7,3,4,347.2
25230007552000,4,2,2,0
25230007553000,8,4,4,275.2
25230007557000,2,0,2,0
25230007580000,6,3,3,285
25230007612000,1,0,1,0
25230007613000,6,4,2,340.2
25230007614000,4,2,2,0
25230007625000,81,43,38,2373.3
25230007634000,9,4,5,340.2
25230007637000,18,10,8,666
25230007650000,2,1,1,0
25230007662000,1,0,1,0
25240007410000,3,2,1,0
25240007455000,3,1,2,0
25240007468000,16,8,8,630.4
25240007469000,13,8,5,445.9
25240007470000,7,4,3,294
25240007471000,5,3,2,305
25240007472000,10,7,3,449
25240007482000,1,1,0,0
25240007483000,43,20,23,1973.7
25240007487000,1,1,0,0
25240007542000,3,2,1,0
25240007552000,24,10,14,1092
25240007554000,3,1,2,0
25240007555000,9,6,3,411.3
25240007578000,6,5,1,127.8
25240007579000,6,4,2,379.2
25240007580000,6,4,2,484.2
25240007612000,13,7,6,417.3
25240007616000,2,1,1,0
25240007625000,19,12,7,893
25240007626000,20,9,11,756
25240007633000,4,1,3,0
25240007634000,4,2,2,0
25240007636000,10,5,5,541
25240007641000,5,3,2,173
25240007643000,6,2,4,211.2
25240007645000,5,2,3,212
25240007654000,2,1,1,0
25240007663000,1,0,1,0
25250007409000,17,8,9,841.5
25250007410000,12,8,4,729.6
25250007456000,17,8,9,608.6
25250007469000,313,158,155,11831.4
25250007470000,485,247,238,19400
25250007471000,6,3,3,154.2
25250007475000,14,8,6,674.8
25250007485000,2,2,0,0
25250007489000,2,0,2,0
25250007542000,5,1,4,377
25250007551000,33,18,15,749.1
25250007552000,235,130,105,10105
25250007554000,1,0,1,0
25250007558000,4,2,2,0
25250007578000,14,8,6,592.2
25250007579000,22,11,11,994.4
25250007612000,18,8,10,705.6
25250007615000,3,2,1,0
25250007623000,5,2,3,131
25250007626000,19,10,9,910.1
25250007635000,2,1,1,0
25250007636000,12,6,6,615.6
25250007647000,2,1,1,0
25250007648000,7,5,2,461.3
25250007649000,16,7,9,716.8
25250007650000,6,3,3,193.2
25250007651000,169,76,93,7114.9
25250007652000,30,15,15,1089
25250007654000,36,14,22,1378.8
25250007664000,2,1,1,0
25260007408000,4,1,3,0
25260007470000,17,8,9,537.2
25260007471000,18,9,9,914.4
25260007472000,4,2,2,0
25260007473000,6,3,3,249
25260007542000,4,1,3,0
25260007551000,29,14,15,745.3
25260007552000,227,120,107,9579.4
25260007558000,5,2,3,327
25260007560000,4,2,2,0
25260007563000,2,1,1,0
25260007577000,19,7,12,885.4
25260007578000,9,5,4,509.4
25260007579000,2,0,2,0
25260007580000,1,1,0,0
25260007625000,17,12,5,567.8
25260007626000,4,2,2,0
25260007635000,26,15,11,1027
25260007648000,7,3,4,266
25260007649000,39,19,20,1649.7
25260007652000,1,1,0,0
25260007653000,1,1,0,0
25260007656000,2,1,1,0
25260007665000,7,5,2,308.7
25260007667000,3,3,0,0
25260007669000,73,40,33,3190.1
25270007472000,3,2,1,0
25270007473000,18,10,8,727.2
25270007476000,5,3,2,135
25270007477000,11,6,5,652.3
25270007478000,1,0,1,0
25270007491000,1,0,1,0
25270007552000,27,12,15,1104.3
25270007556000,10,4,6,350
25270007559000,5,3,2,237
25270007560000,31,16,15,1215.2
25270007561000,4,2,2,0
25270007562000,7,4,3,371.7
25270007563000,43,25,18,2137.1
25270007578000,2,2,0,0
25270007580000,18,11,7,1182.6
25270007584000,1,0,1,0
25270007612000,2,2,0,0
25270007625000,12,6,6,434.4
25270007626000,7,3,4,214.2
25270007636000,12,7,5,574.8
25270007649000,5,3,2,169
25270007653000,7,4,3,252.7
25270007654000,4,3,1,0
25270007663000,1,0,1,0
25270007669000,32,18,14,1225.6
25270007670000,4,2,2,0
25280007474000,6,3,3,355.2
25280007475000,4,2,2,0
25280007476000,44,21,23,1804
25280007477000,10,6,4,593
25280007478000,2,1,1,0
25280007492000,4,2,2,0
25280007543000,8,1,7,256
25280007556000,4,3,1,0
25280007558000,1,0,1,0
25280007578000,7,3,4,161.7
25280007625000,4,2,2,0
25280007626000,1,0,1,0
25280007645000,1,0,1,0
25280007650000,5,3,2,294
25280007653000,2,1,1,0
25280007654000,4,2,2,0
25280007655000,6,3,3,240
25290007475000,20,10,10,1014
25290007476000,27,14,13,1304.1
25290007503000,2,2,0,0
25290007556000,3,2,1,0
25290007557000,6,3,3,415.2
25290007561000,11,6,5,575.3
25290007583000,7,3,4,483.7
25290007584000,2,1,1,0
25290007585000,9,5,4,523.8
25290007588000,1,1,0,0
25290007612000,2,1,1,0
25290007649000,1,1,0,0
25290007650000,9,3,6,714.6
25290007655000,1,0,1,0
25290007659000,2,1,1,0
25290007665000,9,4,5,396.9
25300007408000,16,7,9,720
25300007475000,11,5,6,493.9
25300007478000,1,1,0,0
25300007480000,4,2,2,0
25300007495000,1,0,1,0
25300007497000,6,1,5,237
25300007498000,4,1,3,0
25300007499000,2,1,1,0
25300007547000,2,1,1,0
25300007548000,1,1,0,0
25300007584000,8,4,4,304
25300007602000,8,6,2,275.2
25300007603000,4,3,1,0
25300007611000,17,11,6,819.4
25300007655000,55,30,25,2640
25300007661000,1,1,0,0
25300007666000,2,2,0,0
25310007407000,2,1,1,0
25310007451000,1,1,0,0
25310007452000,1,0,1,0
25310007480000,16,7,9,883.2
25310007495000,5,3,2,261
25310007496000,5,2,3,338
25310007501000,2,0,2,0
25310007543000,3,2,1,0
25310007547000,1,0,1,0
25310007584000,5,2,3,289
25310007585000,8,5,3,532
25310007587000,6,1,5,154.2
25310007603000,4,2,2,0
25310007610000,5,2,3,340
25310007611000,1,1,0,0
25310007612000,5,2,3,348
25310007655000,18,9,9,820.8
25310007656000,84,39,45,3133.2
25310007660000,2,1,1,0
25310007672000,1,1,0,0
25320007402000,5,2,3,245
25320007482000,2,1,1,0
25320007495000,1,1,0,0
25320007542000,1,1,0,0
25320007543000,7,4,3,464.1
25320007549000,1,1,0,0
25320007592000,3,1,2,0
25320007604000,2,1,1,0
25320007606000,9,5,4,557.1
25320007607000,13,6,7,535.6
25320007608000,4,2,2,0
25320007647000,1,1,0,0
25320007656000,132,68,64,6190.8
25320007657000,16,9,7,536
25320007660000,3,2,1,0
25320007672000,3,2,1,0
25320007674000,2,1,1,0
25320007675000,3,1,2,0
25320007676000,2,1,1,0
25330007403000,2,1,1,0
25330007482000,1,0,1,0
25330007496000,2,1,1,0
25330007508000,3,0,3,0
25330007509000,3,2,1,0
25330007555000,1,1,0,0
25330007605000,3,1,2,0
25330007606000,12,8,4,606
25330007607000,4,1,3,0
25330007608000,7,4,3,256.2
25330007609000,9,4,5,659.7
25330007625000,2,1,1,0
25330007627000,3,1,2,0
25330007628000,7,5,2,443.1
25330007657000,3,2,1,0
25330007658000,3,2,1,0
25330007660000,2,1,1,0
25330007678000,18,6,12,1054.8
25330007679000,3,2,1,0
25340007402000,1,1,0,0
25340007496000,8,3,5,439.2
25340007508000,19,9,10,1016.5
25340007510000,3,2,1,0
25340007555000,2,1,1,0
25340007556000,3,1,2,0
25340007588000,1,1,0,0
25340007589000,5,2,3,362
25340007591000,5,0,5,164
25340007615000,7,3,4,396.2
25340007616000,3,2,1,0
25340007627000,2,1,1,0
25340007629000,5,3,2,315
25340007660000,14,9,5,576.8
25340007677000,4,3,1,0
25340007678000,10,5,5,384
25350007496000,19,7,12,1058.3
25350007497000,8,3,5,236
25350007508000,37,22,15,1868.5
25350007509000,9,6,3,217.8
25350007510000,17,6,11,1021.7
25350007528000,2,2,0,0
25350007532000,4,2,2,0
25350007552000,3,1,2,0
25350007553000,6,4,2,199.2
25350007555000,50,24,26,2140
25350007556000,17,12,5,629
25350007587000,4,3,1,0
25350007590000,1,1,0,0
25350007616000,17,10,7,712.3
25350007627000,5,3,2,371
25350007628000,6,4,2,312
25350007630000,2,1,1,0
25350007631000,4,3,1,0
25350007632000,7,4,3,259.7
25350007633000,6,3,3,166.8
25350007660000,21,11,10,779.1
25350007661000,2,1,1,0
25360007510000,18,11,7,763.2
25360007511000,1,0,1,0
25360007531000,3,2,1,0
25360007532000,4,3,1,0
25360007534000,7,3,4,175.7
25360007535000,2,1,1,0
25360007552000,4,3,1,0
25360007555000,22,11,11,968
25360007556000,134,54,80,5306.4
25360007557000,2,1,1,0
25360007558000,11,6,5,668.8
25360007559000,1,1,0,0
25360007588000,1,1,0,0
25360007593000,8,4,4,348
25360007594000,3,1,2,0
25360007595000,3,1,2,0
25360007616000,4,2,2,0
25360007617000,44,24,20,1707.2
25360007618000,10,4,6,292
25360007662000,4,3,1,0
25360007663000,29,12,17,1316.6
25360007664000,12,5,7,519.6
25360007675000,3,2,1,0
25370007495000,21,11,10,882
25370007496000,4,2,2,0
25370007497000,25,13,12,1420
25370007533000,2,0,2,0
25370007537000,24,14,10,888
25370007540000,3,2,1,0
25370007541000,10,6,4,629
25370007551000,1,1,0,0
25370007552000,12,6,6,541.2
25370007557000,10,7,3,395
25370007558000,12,6,6,843.6
25370007559000,5,3,2,212
25370007560000,3,2,1,0
25370007562000,3,2,1,0
25370007587000,5,3,2,249
25370007617000,13,8,5,802.1
25370007618000,9,5,4,575.1
25370007619000,6,2,4,223.8
25370007629000,14,7,7,652.4
25370007665000,8,4,4,278.4
25370007666000,32,19,13,1721.6
25370007668000,3,1,2,0
25370007671000,2,1,1,0
25370007684000,222,117,105,9146.4
25370007685000,126,64,62,5846.4
25380007477000,2,1,1,0
25380007496000,14,6,8,515.2
25380007513000,2,1,1,0
25380007527000,1,0,1,0
25380007538000,30,16,14,1395
25380007539000,48,26,22,1900.8
25380007551000,1,1,0,0
25380007552000,2,1,1,0
25380007560000,3,1,2,0
25380007592000,4,3,1,0
25380007619000,10,6,4,513
25380007620000,19,12,7,881.6
25380007630000,11,6,5,662.2
25380007631000,1,0,1,0
25380007665000,2,1,1,0
25380007666000,146,63,83,7913.2
25380007667000,35,19,16,1410.5
25380007668000,28,19,9,940.8
25380007684000,41,21,20,1824.5
25380007685000,73,34,39,3014.9
25390007497000,4,2,2,0
25390007501000,8,6,2,347.2
25390007502000,6,2,4,235.2
25390007512000,2,1,1,0
25390007527000,3,2,1,0
25390007538000,11,7,4,557.7
25390007539000,71,31,40,3237.6
25390007572000,1,0,1,0
25390007587000,213,117,96,9137.7
25390007588000,153,66,87,6533.1
25390007620000,3,2,1,0
25390007667000,7,3,4,282.8
25390007668000,10,3,7,585
25390007669000,7,5,2,263.9
25400007497000,13,9,4,604.5
25400007502000,2,1,1,0
25400007548000,13,7,6,405.6
25400007588000,656,317,339,30241.6
25400007589000,702,361,341,27729
25400007590000,14,5,9,659.4
25400007669000,15,9,6,715.5
25410007502000,2,2,0,0
25410007521000,1,0,1,0
25410007524000,1,1,0,0
25410007527000,1,1,0,0
25410007539000,3,1,2,0
25410007540000,3,2,1,0
25410007546000,15,5,10,454.5
25410007558000,1,0,1,0
25410007559000,2,2,0,0
25410007589000,82,45,37,3009.4
25410007591000,1,1,0,0
25410007592000,5,3,2,222
25410007593000,2,1,1,0
25410007619000,13,9,4,387.4
25410007669000,11,6,5,254.1
25410007670000,38,19,19,1816.4
25410007671000,15,9,6,589.5
25410007680000,4,2,2,0
25410007688000,186,103,83,7012.2
25420007435000,1,0,1,0
25420007448000,6,4,2,271.8
25420007449000,172,88,84,6794
25420007501000,2,1,1,0
25420007525000,2,2,0,0
25420007547000,24,12,12,1269.6
25420007548000,1,0,1,0
25420007562000,1,1,0,0
25420007563000,11,7,4,464.2
25420007564000,41,23,18,2193.5
25420007565000,14,7,7,582.4
25420007594000,27,16,11,1296
25420007617000,4,2,2,0
25420007618000,12,7,5,573.6
25420007619000,15,9,6,565.5
25420007621000,2,1,1,0
25420007622000,6,3,3,259.2
25420007623000,9,5,4,408.6
25420007624000,7,3,4,485.1
25420007625000,9,8,1,393.3
25420007671000,8,4,4,462.4
25420007672000,20,8,12,984
25420007674000,3,2,1,0
25420007675000,4,2,2,0
25420007676000,4,2,2,0
25420007688000,424,207,217,17044.8
25420007689000,343,176,167,11559.1
25430007447000,42,24,18,1797.6
25430007448000,40,21,19,2196
25430007547000,22,13,9,932.8
25430007548000,27,14,13,1239.3
25430007562000,13,6,7,655.2
25430007564000,5,1,4,372
25430007565000,10,5,5,494
25430007567000,1,0,1,0
25430007568000,10,4,6,675
25430007569000,9,2,7,369.9
25430007570000,2,1,1,0
25430007571000,53,30,23,2676.5
25430007595000,9,4,5,389.7
25430007614000,2,1,1,0
25430007615000,1,0,1,0
25430007617000,25,11,14,947.5
25430007618000,43,23,20,1724.3
25430007624000,10,7,3,448
25430007625000,16,9,7,566.4
25430007626000,14,7,7,481.6
25430007628000,1,0,1,0
25430007630000,2,1,1,0
25430007673000,7,4,3,324.8
25430007676000,7,3,4,315.7
25430007677000,9,3,6,411.3
25430007678000,17,9,8,952
25430007679000,6,4,2,277.8
25430007680000,7,3,4,398.3
25430007681000,12,6,6,474
25430007689000,366,185,181,15957.6
25430007690000,145,65,80,5292.5
25440007447000,128,64,64,5440
25440007547000,34,16,18,1445
25440007548000,64,38,26,2534.4
25440007549000,11,6,5,638
25440007565000,30,16,14,1083
25440007566000,3,2,1,0
25440007567000,5,2,3,219
25440007568000,9,6,3,446.4
25440007617000,1,0,1,0
25440007627000,21,12,9,835.8
25440007628000,8,4,4,536
25440007631000,4,1,3,0
25440007632000,8,4,4,359.2
25440007633000,54,27,27,2224.8
25440007634000,161,83,78,6697.6
25440007635000,20,10,10,1082
25440007681000,17,8,9,1021.7
25440007682000,28,16,12,1607.2
25440007689000,419,222,197,17262.8
25440007690000,811,401,410,34710.8
25450007446000,49,23,26,2528.4
25450007447000,55,28,27,2392.5
25450007546000,1,0,1,0
25450007547000,144,78,66,5270.4
25450007548000,169,90,79,6861.4
25450007562000,1,0,1,0
25450007563000,7,4,3,384.3
25450007564000,1,0,1,0
25450007590000,9,4,5,554.4
25450007600000,3,1,2,0
25450007604000,1,0,1,0
25450007605000,1,1,0,0
25450007627000,30,18,12,972
25450007630000,71,37,34,2854.2
25450007631000,29,16,13,1334
25450007636000,2,1,1,0
25450007682000,5,3,2,155
25450007683000,16,9,7,752
25450007684000,5,3,2,269
25460007446000,103,52,51,4336.3
25460007546000,113,64,49,3819.4
25460007547000,23,14,9,1012
25460007558000,3,2,1,0
25460007560000,2,1,1,0
25460007592000,3,1,2,0
25460007593000,20,10,10,718
25460007626000,1,1,0,0
25460007627000,29,18,11,904.8
25460007629000,30,17,13,1371
25460007630000,238,134,104,8710.8
25460007637000,21,12,9,726.6
25460007683000,2,1,1,0
25460007684000,12,5,7,622.8
25470007445000,23,13,10,1426
25470007446000,26,11,15,1466.4
25470007593000,9,4,5,676.8
25470007597000,1,1,0,0
25470007603000,2,1,1,0
25470007626000,16,9,7,937.6
25470007627000,13,7,6,475.8
25470007629000,1037,469,568,41791.1
25470007630000,93,43,50,3831.6
25470007637000,6,4,2,283.8
25470007638000,13,5,8,557.7
25470007639000,15,7,8,576
25480007544000,38,20,18,1455.4
25480007545000,69,37,32,2670.3
25480007546000,2,1,1,0
25480007601000,2,1,1,0
25480007625000,4,1,3,0
25480007628000,26,12,14,977.6
25480007629000,68,31,37,2815.2
25480007639000,55,26,29,2227.5
25490007625000,7,4,3,258.3
25490007628000,67,34,33,3061.9
25500007530000,1,1,0,0
25500007531000,21,13,8,1182.3
25500007532000,6,4,2,276
25500007533000,3,1,2,0
25500007605000,5,5,0,246
25500007606000,76,38,38,3146.4
25500007625000,47,23,24,2110.3
25500007626000,2,1,1,0
25500007627000,52,26,26,2043.6
25500007628000,51,27,24,2249.1
25500007645000,3,2,1,0
25500007650000,48,26,22,2323.2
25500007651000,23,11,12,1064.9
25510007530000,2,1,1,0
25510007531000,6,4,2,193.8
25510007567000,1,1,0,0
25510007589000,1,0,1,0
25510007605000,19,9,10,668.8
25510007606000,116,60,56,5382.4
25510007624000,3,2,1,0
25510007625000,216,116,100,7884
25510007626000,44,23,21,2257.2
25510007637000,11,8,3,636.9
25510007638000,3,1,2,0
25510007649000,25,12,13,1222.5
25510007650000,6,2,4,295.8
25520007559000,10,5,5,602
25520007582000,2,1,1,0
25520007583000,6,2,4,376.2
25520007584000,20,11,9,1118
25520007590000,4,1,3,0
25520007606000,11,4,7,370.7
25520007622000,8,4,4,348.8
25520007623000,14,10,4,505.4
25520007624000,21,12,9,844.2
25520007625000,6,2,4,214.8
25520007626000,8,5,3,412.8
25520007636000,4,2,2,0
25520007642000,13,5,8,559
25530007567000,1,1,0,0
25530007604000,12,5,7,718.8
25530007605000,5,3,2,309
25530007606000,10,5,5,652
25530007619000,1,0,1,0
25530007620000,5,3,2,330
25530007635000,26,13,13,876.2
25530007636000,25,13,12,830
25530007637000,26,9,17,1336.4
25530007641000,20,10,10,796
25530007642000,7,3,4,370.3
25540007557000,11,6,5,645.7
25540007568000,2,2,0,0
25540007590000,17,6,11,834.7
25540007591000,13,7,6,700.7
25540007605000,19,11,8,1164.7
25540007606000,14,9,5,628.6
25540007618000,3,1,2,0
25540007619000,9,5,4,492.3
25540007630000,1,1,0,0
25540007635000,6,2,4,157.8
25540007636000,145,76,69,6394.5
25540007637000,16,11,5,681.6
25540007641000,37,17,20,1631.7
25540007648000,5,4,1,282
25550007554000,18,10,8,844.2
25550007559000,2,1,1,0
25550007570000,4,2,2,0
25550007573000,7,5,2,482.3
25550007579000,2,1,1,0
25550007580000,12,7,5,502.8
25550007590000,21,11,10,829.5
25550007602000,6,3,3,258
25550007605000,11,5,6,574.2
25550007606000,18,8,10,784.8
25550007618000,10,5,5,287
25550007629000,52,27,25,1976
25550007630000,21,11,10,657.3
25550007631000,2,1,1,0
25550007635000,71,39,32,2925.2
25550007636000,9,4,5,338.4
25560007539000,1,1,0,0
25560007553000,79,41,38,3744.6
25560007554000,246,130,116,10873.2
25560007570000,2,1,1,0
25560007579000,7,4,3,469.7
25560007580000,8,3,5,427.2
25560007586000,2,1,1,0
25560007604000,5,2,3,378
25560007605000,6,3,3,268.2
25560007606000,14,7,7,719.6
25560007625000,7,4,3,272.3
25560007627000,1,1,0,0
25560007628000,25,15,10,800
25560007631000,21,11,10,951.3
25560007632000,4,2,2,0
25560007634000,4,2,2,0
25560007635000,42,19,23,1297.8
25560007636000,38,19,19,1387
25570007539000,1,1,0,0
25570007540000,1,1,0,0
25570007548000,1,1,0,0
25570007550000,2,1,1,0
25570007551000,9,6,3,609.3
25570007553000,6,2,4,433.8
25570007554000,526,273,253,22933.6
25570007555000,2,1,1,0
25570007560000,1,1,0,0
25570007579000,2,1,1,0
25570007586000,2,1,1,0
25570007603000,4,2,2,0
25570007604000,8,3,5,307.2
25570007606000,10,6,4,537
25570007615000,3,1,2,0
25570007616000,2,1,1,0
25570007625000,22,14,8,899.8
25570007626000,17,9,8,535.5
25570007631000,16,9,7,672
25570007635000,39,16,23,1688.7
25570007636000,1,1,0,0
25570007642000,3,1,2,0
25580007566000,5,4,1,272
25580007568000,1,1,0,0
25580007578000,11,6,5,557.7
25580007591000,4,3,1,0
25580007606000,17,9,8,625.6
25580007615000,9,5,4,583.2
25580007616000,13,8,5,596.7
25580007632000,181,90,91,6371.2
25580007634000,2,1,1,0
25580007635000,92,53,39,3606.4
25580007642000,38,23,15,1356.6
25580007653000,6,3,3,234
25580007655000,3,2,1,0
25580007656000,13,6,7,694.2
25590007554000,1,1,0,0
25590007578000,1,1,0,0
25590007593000,4,2,2,0
25590007601000,3,1,2,0
25590007602000,1,1,0,0
25590007603000,7,3,4,219.8
25590007632000,101,53,48,3999.6
25590007633000,16,8,8,374.4
25590007634000,48,23,25,1694.4
25590007635000,173,81,92,6798.9
25590007636000,21,9,12,774.9
25590007638000,107,56,51,4750.8
25590007641000,2,1,1,0
25590007642000,7,3,4,396.2
25590007653000,5,4,1,245
25590007655000,2,0,2,0
25590007656000,14,8,6,736.4
25590007659000,1,1,0,0
25590007663000,3,1,2,0
25600007564000,2,1,1,0
25600007576000,2,2,0,0
25600007599000,38,21,17,1873.4
25600007603000,67,33,34,2814
25600007604000,9,5,4,548.1
25600007606000,3,2,1,0
25600007610000,9,6,3,434.7
25600007611000,9,4,5,621.9
25600007617000,93,42,51,3310.8
25600007618000,44,22,22,2301.2
25600007632000,486,241,245,18711
25600007633000,700,323,377,28070
25600007634000,716,363,353,25776
25600007635000,59,27,32,1964.7
25600007636000,9,7,2,287.1
25600007637000,40,25,15,1744
25600007638000,2,1,1,0
25600007641000,1,1,0,0
25600007642000,11,6,5,466.4
25600007653000,6,2,4,282
25600007654000,15,10,5,642
25600007656000,2,1,1,0
25600007657000,4,2,2,0
25600007661000,1,0,1,0
25610007527000,1,1,0,0
25610007598000,28,18,10,1120
25610007599000,36,16,20,1342.8
25610007604000,46,22,24,2162
25610007605000,10,8,2,449
25610007606000,20,13,7,760
25610007607000,64,31,33,2092.8
25610007608000,108,59,49,3780
25610007609000,10,2,8,501
25610007610000,41,15,26,1750.7
25610007611000,58,29,29,2441.8
25610007612000,47,24,23,2039.8
25610007617000,2,2,0,0
25610007618000,24,12,12,904.8
25610007619000,36,21,15,1285.2
25610007620000,7,4,3,366.8
25610007622000,3,1,2,0
25610007623000,123,66,57,5264.4
25610007630000,974,498,476,36427.6
25610007631000,1559,765,794,60489.2
25610007632000,1757,865,892,72037
25610007633000,1303,666,637,51207.9
25610007634000,380,187,193,13338
25610007641000,18,9,9,745.2
25610007654000,151,71,80,6704.4
25610007655000,9,5,4,585
25610007656000,2,2,0,0
25610007661000,1,1,0,0
25620007577000,3,1,2,0
25620007588000,1,0,1,0
25620007596000,1,1,0,0
25620007597000,35,16,19,1669.5
25620007598000,200,106,94,8660
25620007604000,8,5,3,507.2
25620007605000,246,119,127,11758.8
25620007606000,3,2,1,0
25620007612000,20,11,9,1054
25620007619000,120,63,57,5100
25620007620000,128,59,69,6003.2
25620007621000,25,13,12,867.5
25620007623000,195,100,95,8677.5
25620007624000,260,128,132,9984
25620007626000,726,382,344,25845.6
25620007627000,276,144,132,9273.6
25620007628000,874,435,439,30852.2
25620007629000,997,514,483,36889
25620007630000,885,427,458,34515
25620007631000,913,458,455,37067.8
25620007632000,634,328,306,25740.4
25620007633000,1347,650,697,60480.3
25620007634000,885,431,454,34515
25620007635000,66,35,31,2211
25620007636000,29,13,16,1006.3
25620007641000,41,20,21,2205.8
25620007653000,13,7,6,698.1
25620007654000,39,19,20,1735.5
25620007655000,5,3,2,280
25630007581000,2,1,1,0
25630007583000,2,1,1,0
25630007605000,16,9,7,729.6
25630007608000,27,14,13,1285.2
25630007609000,41,21,20,1730.2
25630007610000,39,19,20,1528.8
25630007611000,8,4,4,518.4
25630007613000,1,0,1,0
25630007614000,4,2,2,0
25630007617000,8,5,3,592.8
25630007618000,51,29,22,2157.3
25630007619000,43,25,18,1892
25630007620000,5,3,2,268
25630007621000,76,39,37,3465.6
25630007622000,1,0,1,0
25630007624000,25,14,11,920
25630007625000,166,90,76,6092.2
25630007626000,724,363,361,24326.4
25630007627000,724,350,374,28380.8
25630007628000,318,158,160,11988.6
25630007629000,43,29,14,2051.1
25630007630000,870,392,478,41760
25630007631000,789,383,406,35583.9
25630007632000,112,56,56,4390.4
25630007641000,30,15,15,1353
25630007642000,20,11,9,654
25640007575000,1,0,1,0
25640007581000,3,1,2,0
25640007582000,3,2,1,0
25640007584000,7,4,3,473.9
25640007589000,8,3,5,348
25640007594000,6,4,2,235.2
25640007603000,12,4,8,720
25640007604000,4,2,2,0
25640007607000,6,5,1,201
25640007608000,301,152,149,11588.5
25640007609000,351,160,191,13583.7
25640007610000,48,21,27,1828.8
25640007611000,3,2,1,0
25640007612000,55,26,29,2431
25640007613000,14,9,5,512.4
25640007614000,3,2,1,0
25640007615000,28,16,12,1590.4
25640007616000,46,24,22,1922.8
25640007617000,92,44,48,3726
25640007618000,89,43,46,3604.5
25640007621000,1,0,1,0
25640007622000,5,3,2,237
25640007631000,733,354,379,30786
25640007642000,57,32,25,2770.2
25640007643000,46,22,24,1941.2
25640007644000,5,2,3,287
25640007645000,13,7,6,570.7
25640007646000,4,3,1,0
25650007575000,1,1,0,0
25650007582000,16,7,9,689.6
25650007583000,4,2,2,0
25650007584000,21,10,11,861
25650007587000,6,3,3,270
25650007589000,4,3,1,0
25650007590000,8,3,5,279.2
25650007594000,24,9,15,1094.4
25650007595000,7,5,2,364.7
25650007603000,4,2,2,0
25650007607000,79,35,44,3175.8
25650007608000,1,0,1,0
25650007614000,3,2,1,0
25650007618000,9,3,6,428.4
25650007643000,11,5,6,255.2
25650007646000,5,3,2,334
25650007647000,35,16,19,1137.5
25650007648000,2,1,1,0
25660007564000,2,2,0,0
25660007570000,1,1,0,0
25660007579000,13,7,6,699.4
25660007580000,1,1,0,0
25660007584000,2,1,1,0
25660007585000,2,0,2,0
25660007589000,2,1,1,0
25660007590000,23,11,12,765.9
25660007594000,30,14,16,1023
25660007595000,28,14,14,1167.6
25660007602000,2,1,1,0
25660007603000,153,80,73,6181.2
25660007604000,33,18,15,1544.4
25660007605000,36,16,20,1670.4
25660007606000,14,8,6,737.8
25660007607000,42,23,19,1713.6
25660007608000,7,2,5,511
25660007648000,7,3,4,165.2
25660007649000,29,14,15,1856
25660007650000,17,9,8,838.1
25670007573000,5,3,2,312
25670007574000,1,1,0,0
25670007575000,1,1,0,0
25670007577000,2,1,1,0
25670007578000,5,3,2,325
25670007579000,1,0,1,0
25670007586000,5,2,3,204
25670007587000,8,4,4,524.8
25670007588000,46,23,23,2208
25670007589000,28,15,13,1257.2
25670007590000,16,7,9,702.4
25670007594000,6,3,3,181.2
25670007595000,44,21,23,1865.6
25670007598000,1,0,1,0
25670007599000,4,2,2,0
25670007600000,3,1,2,0
25670007601000,2,1,1,0
25670007602000,2,1,1,0
25670007603000,8,4,4,220
25670007605000,4,2,2,0
25670007606000,32,17,15,1388.8
25670007607000,24,12,12,960
25670007608000,6,5,1,232.8
25670007641000,2,1,1,0
25670007648000,19,11,8,1210.3
25670007649000,8,3,5,362.4
25680007587000,2,1,1,0
25680007588000,53,31,22,2533.4
25680007589000,27,9,18,1709.1
25680007595000,4,1,3,0
25680007596000,4,1,3,0
25680007601000,2,1,1,0
25680007602000,6,3,3,307.2
25680007603000,12,6,6,442.8
25680007609000,39,24,15,1911
25680007610000,12,6,6,422.4
25680007611000,25,11,14,1175
25680007641000,7,4,3,399.7
25680007649000,3,1,2,0
25690007575000,2,1,1,0
25690007579000,20,9,11,618
25690007580000,2,2,0,0
25690007589000,14,8,6,819
25690007590000,6,3,3,285
25690007594000,3,3,0,0
25690007595000,24,13,11,960
25690007596000,4,2,2,0
25690007597000,3,0,3,0
25690007599000,1,0,1,0
25690007600000,2,1,1,0
25690007601000,12,5,7,746.4
25690007602000,44,23,21,2191.2
25690007603000,67,34,33,2546
25690007608000,11,6,5,513.7
25690007609000,12,7,5,430.8
25690007616000,15,10,5,712.5
25690007617000,12,5,7,621.6
25690007618000,1,0,1,0
25690007650000,16,8,8,729.6
25700007571000,7,2,5,305.2
25700007572000,1,1,0,0
25700007573000,3,2,1,0
25700007574000,2,1,1,0
25700007575000,1,0,1,0
25700007576000,6,2,4,234
25700007577000,15,10,5,699
25700007578000,15,8,7,487.5
25700007579000,8,6,2,508.8
25700007580000,17,11,6,688.5
25700007590000,4,2,2,0
25700007594000,8,5,3,363.2
25700007598000,20,12,8,778
25700007599000,6,3,3,295.8
25700007601000,18,8,10,918
25700007603000,18,12,6,880.2
25700007604000,5,1,4,148
25700007605000,24,12,12,1080
25700007606000,5,4,1,236
25700007607000,19,12,7,910.1
25700007608000,6,2,4,292.2
25700007615000,1,1,0,0
25700007618000,11,6,5,574.2
25710007572000,1,1,0,0
25710007573000,1,1,0,0
25710007574000,2,1,1,0
25710007576000,2,0,2,0
25710007577000,3,1,2,0
25710007578000,4,2,2,0
25710007579000,20,11,9,698
25710007580000,8,5,3,376
25710007581000,20,11,9,732
25710007595000,6,3,3,342
25710007598000,8,4,4,406.4
25710007599000,55,28,27,2354
25710007600000,24,9,15,921.6
25710007601000,17,8,9,855.1
25710007603000,25,13,12,1225
25710007604000,13,7,6,556.4
25710007605000,23,9,14,899.3
25710007606000,44,25,19,2015.2
25710007607000,14,7,7,567
25710007618000,3,1,2,0
25710007619000,16,7,9,686.4
25710007663000,1,1,0,0
25720007571000,3,1,2,0
25720007579000,5,4,1,159
25720007580000,40,21,19,1788
25720007581000,20,11,9,1142
25720007582000,9,5,4,223.2
25720007588000,6,4,2,343.2
25720007589000,11,5,6,281.6
25720007590000,6,3,3,246
25720007595000,11,5,6,452.1
25720007598000,3,2,1,0
25720007599000,2,0,2,0
25720007602000,20,12,8,1026
25720007603000,26,12,14,1170
25720007604000,13,5,8,373.1
25720007605000,6,3,3,115.2
25720007606000,5,3,2,320
25720007617000,3,2,1,0
25720007618000,1,1,0,0
25720007619000,139,63,76,5726.8
25720007662000,84,45,39,3570
25720007663000,19,8,11,780.9
25730007579000,2,1,1,0
25730007580000,145,74,71,5263.5
25730007581000,10,6,4,506
25730007582000,7,4,3,319.2
25730007584000,5,1,4,133
25730007588000,2,1,1,0
25730007595000,1,1,0,0
25730007596000,6,3,3,267
25730007613000,1,1,0,0
25730007619000,34,16,18,1669.4
25730007620000,50,21,29,2420
25730007661000,6,2,4,309
25740007579000,7,3,4,146.3
25740007580000,265,133,132,8612.5
25740007581000,180,81,99,7542
25740007582000,60,32,28,2376
25740007583000,11,6,5,443.3
25740007588000,17,9,8,775.2
25740007599000,2,1,1,0
25740007615000,1,1,0,0
25740007616000,7,4,3,179.9
25740007620000,19,12,7,1062.1
25740007624000,3,1,2,0
25740007625000,47,23,24,2481.6
25740007661000,8,6,2,282.4
25750007580000,31,14,17,976.5
25750007581000,157,76,81,7410.4
25750007582000,319,144,175,13812.7
25750007583000,9,6,3,345.6
25750007584000,1,1,0,0
25750007588000,11,7,4,666.6
25750007619000,58,28,30,2349
25750007620000,24,9,15,1188
25750007625000,2,1,1,0
25750007661000,3,1,2,0
25750007662000,1,1,0,0
25760007581000,34,16,18,1547
25760007582000,23,11,12,982.1
25760007583000,102,59,43,4120.8
25760007584000,7,3,4,476
25760007587000,70,40,30,3346
25760007596000,17,9,8,890.8
25760007597000,5,2,3,149
25760007619000,17,10,7,972.4
25760007620000,2,1,1,0
25760007662000,7,4,3,524.3
25760007688000,8,4,4,483.2
25770007581000,3,1,2,0
25770007582000,14,8,6,488.6
25770007583000,10,7,3,462
25770007584000,30,12,18,1488
25770007585000,20,13,7,858
25770007586000,47,24,23,1814.2
25770007587000,31,14,17,1441.5
25770007596000,1,1,0,0
25770007597000,185,96,89,7067
25770007598000,150,67,83,7620
25770007599000,8,3,5,404
25770007620000,49,22,27,1827.7
25770007621000,9,7,2,297
25770007662000,3,2,1,0
25770007663000,5,3,2,400
25770007688000,5,3,2,274
25770007689000,42,20,22,2398.2
25780007582000,18,10,8,1027.8
25780007585000,1,1,0,0
25780007586000,14,8,6,492.8
25780007598000,17,8,9,778.6
25780007599000,21,8,13,976.5
25780007600000,30,14,16,1506
25780007601000,6,3,3,241.2
25780007621000,20,9,11,914
25780007622000,28,13,15,1008
25780007664000,5,2,3,333
25780007686000,4,2,2,0
25780007687000,1,0,1,0
25780007689000,5,4,1,223
25790007580000,1,0,1,0
25790007582000,76,36,40,2986.8
25790007583000,19,11,8,1022.2
25790007600000,2,1,1,0
25790007601000,3,2,1,0
25790007622000,17,8,9,817.7
25790007623000,11,7,4,457.6
25790007626000,1,0,1,0
25790007664000,28,14,14,1470
25790007665000,1,1,0,0
25790007687000,2,1,1,0
25790007689000,19,13,6,661.2
25790007696000,1,1,0,0
25800007583000,53,24,29,2554.6
25800007602000,5,3,2,297
25800007618000,1,1,0,0
25800007623000,4,2,2,0
25800007626000,2,1,1,0
25800007631000,1,0,1,0
25800007663000,3,2,1,0
25800007664000,9,4,5,486.9
25800007665000,16,8,8,822.4
25800007666000,7,2,5,347.9
25800007670000,57,24,33,2468.1
25800007671000,2,1,1,0
25800007676000,1,1,0,0
25800007677000,24,13,11,1164
25800007686000,2,0,2,0
25800007687000,18,10,8,927
25800007690000,2,1,1,0
25800007695000,11,5,6,393.8
25800007696000,279,138,141,13559.4
25810007583000,4,2,2,0
25810007601000,113,53,60,4452.2
25810007602000,145,72,73,6264
25810007603000,41,20,21,1742.5
25810007627000,3,3,0,0
25810007640000,12,7,5,825.6
25810007659000,1,0,1,0
25810007660000,12,4,8,436.8
25810007663000,4,3,1,0
25810007664000,32,18,14,1600
25810007668000,5,2,3,384
25810007670000,2,1,1,0
25810007676000,3,1,2,0
25810007677000,7,3,4,207.2
25810007686000,6,2,4,225
25810007687000,78,39,39,3525.6
25810007695000,25,13,12,750
25810007696000,48,25,23,2097.6
25820007583000,8,4,4,392
25820007584000,2,1,1,0
25820007601000,57,28,29,2599.2
25820007602000,36,23,13,1569.6
25820007603000,5,2,3,257
25820007620000,1,0,1,0
25820007637000,26,12,14,1302.6
25820007638000,23,13,10,1386.9
25820007639000,10,5,5,560
25820007640000,9,5,4,520.2
25820007664000,1,1,0,0
25820007687000,18,10,8,667.8
25820007693000,75,41,34,3052.5
25820007698000,1,0,1,0
25830007581000,2,1,1,0
25830007582000,2,1,1,0
25830007583000,2,1,1,0
25830007584000,14,7,7,777
25830007585000,2,1,1,0
25830007586000,3,1,2,0
25830007595000,7,3,4,373.1
25830007596000,5,4,1,354
25830007600000,2,1,1,0
25830007601000,15,8,7,814.5
25830007620000,8,4,4,292
25830007635000,11,3,8,589.6
25830007636000,25,12,13,1102.5
25830007637000,40,21,19,2032
25830007661000,2,1,1,0
25830007686000,6,4,2,306
25830007693000,90,42,48,3843
25840007585000,4,4,0,0
25840007586000,8,5,3,520.8
25840007597000,5,2,3,271
25840007600000,31,14,17,874.2
25840007601000,17,11,6,953.7
25840007629000,1,0,1,0
25840007633000,5,3,2,194
25840007634000,24,11,13,1212
25840007635000,9,6,3,431.1
25840007657000,3,2,1,0
25840007686000,2,1,1,0
25840007687000,88,43,45,4435.2
25840007702000,7,4,3,254.8
25850007578000,1,1,0,0
25850007579000,1,1,0,0
25850007586000,5,3,2,325
25850007596000,1,1,0,0
25850007599000,2,2,0,0
25850007600000,13,8,5,708.5
25850007619000,33,17,16,1326.6
25850007620000,89,67,22,3506.6
25850007622000,1,0,1,0
25850007623000,1,0,1,0
25850007627000,23,10,13,1269.6
25850007628000,4,1,3,0
25850007633000,31,15,16,1187.3
25850007641000,2,0,2,0
25850007646000,12,8,4,254.4
25850007647000,53,31,22,2517.5
25850007657000,15,6,9,723
25850007665000,37,23,14,1513.3
25850007687000,4,2,2,0
25850007701000,2,1,1,0
25850007702000,8,3,5,366.4
25860007597000,1,1,0,0
25860007598000,3,2,1,0
25860007616000,17,9,8,1101.6
25860007619000,229,101,128,10694.3
25860007620000,49,26,23,2219.7
25860007628000,63,32,31,2916.9
25860007629000,10,4,6,382
25860007632000,38,18,20,1368
25860007633000,7,4,3,326.2
25860007640000,7,5,2,233.1
25860007641000,19,11,8,974.7
25860007646000,32,12,20,1507.2
25860007647000,3,2,1,0
25860007660000,12,6,6,469.2
25860007661000,8,5,3,496
25860007662000,1,0,1,0
25860007663000,1,1,0,0
25860007664000,51,21,30,1958.4
25860007665000,86,37,49,3921.6
25870007586000,4,2,2,0
25870007587000,27,15,12,1009.8
25870007588000,2,1,1,0
25870007601000,2,1,1,0
25870007602000,5,2,3,267
25870007618000,3,2,1,0
25870007619000,18,9,9,891
25870007629000,18,9,9,1029.6
25870007630000,34,16,18,1700
25870007631000,395,197,198,16866.5
25870007632000,31,18,13,1326.8
25870007635000,10,6,4,505
25870007636000,42,23,19,1810.2
25870007637000,26,12,14,839.8
25870007639000,2,1,1,0
25870007645000,6,3,3,313.8
25870007646000,18,8,10,1166.4
25870007658000,6,3,3,232.8
25870007660000,4,2,2,0
25870007663000,2,1,1,0
25870007664000,7,2,5,443.1
25870007665000,36,20,16,1782
25870007707000,6,4,2,300
25870007708000,2,0,2,0
25880007587000,11,3,8,367.4
25880007588000,4,2,2,0
25880007603000,4,2,2,0
25880007615000,6,3,3,283.8
25880007618000,13,4,9,469.3
25880007630000,7,4,3,261.8
25880007631000,11,6,5,280.5
25880007633000,9,5,4,531
25880007634000,42,23,19,1936.2
25880007636000,20,10,10,1016
25880007637000,33,16,17,1719.3
25880007644000,2,1,1,0
25880007645000,6,4,2,393
25880007646000,41,22,19,1951.6
25880007647000,6,0,6,133.8
25880007658000,10,4,6,598
25880007701000,7,3,4,336.7
25880007707000,1,1,0,0
25890007587000,10,7,3,400
25890007588000,7,4,3,284.2
25890007595000,1,0,1,0
25890007603000,7,4,3,382.9
25890007604000,3,2,1,0
25890007617000,11,8,3,624.8
25890007618000,7,3,4,266
25890007633000,19,10,9,1071.6
25890007643000,2,1,1,0
25890007701000,2,1,1,0
25890007705000,86,43,43,3629.2
25890007706000,46,21,25,1876.8
25900007587000,3,2,1,0
25900007596000,1,0,1,0
25900007615000,7,5,2,480.9
25900007617000,12,7,5,873.6
25900007618000,1,1,0,0
25900007633000,2,1,1,0
25900007643000,4,4,0,0
25900007647000,6,3,3,427.8
25900007648000,5,3,2,318
25900007668000,2,2,0,0
25900007705000,46,21,25,2194.2
25910007586000,2,1,1,0
25910007596000,1,1,0,0
25910007615000,2,2,0,0
25910007626000,13,5,8,556.4
25910007628000,12,5,7,633.6
25910007629000,18,7,11,972
25910007630000,35,16,19,1666
25910007641000,4,2,2,0
25910007644000,2,1,1,0
25910007647000,5,4,1,258
25910007705000,22,11,11,847
25910007706000,1,1,0,0
25910007707000,1,0,1,0
25920007586000,5,3,2,259
25920007588000,18,7,11,664.2
25920007596000,1,1,0,0
25920007604000,5,4,1,135
25920007610000,2,1,1,0
25920007614000,12,6,6,556.8
25920007615000,6,4,2,373.2
25920007626000,6,3,3,376.2
25920007630000,5,4,1,228
25920007644000,7,5,2,202.3
25920007671000,5,2,3,352
25920007704000,4,2,2,0
25920007705000,18,11,7,1152
25920007707000,20,9,11,1366
25930007580000,2,1,1,0
25930007581000,7,4,3,147
25930007582000,3,2,1,0
25930007585000,3,3,0,0
25930007588000,7,3,4,324.8
25930007589000,76,35,41,2713.2
25930007612000,1,1,0,0
25930007627000,6,3,3,240
25930007631000,5,3,2,371
25930007647000,3,1,2,0
25930007699000,10,5,5,652
25940007579000,8,5,3,486.4
25940007580000,6,3,3,267
25940007581000,17,10,7,323
25940007588000,19,11,8,456
25940007589000,162,89,73,5929.2
25940007590000,77,35,42,2548.7
25940007591000,175,92,83,6562.5
25940007627000,2,1,1,0
25940007631000,1,1,0,0
25940007632000,27,13,14,1109.7
25940007647000,10,4,6,395
25940007657000,7,4,3,347.9
25940007697000,7,3,4,291.9
25940007699000,11,5,6,594
25940007704000,6,4,2,238.8
25940007705000,3,2,1,0
25940007709000,3,1,2,0
25940007710000,36,17,19,1612.8
25950007578000,3,1,2,0
25950007579000,2,1,1,0
25950007589000,396,203,193,12830.4
25950007590000,177,90,87,6372
25950007591000,564,291,273,20980.8
25950007632000,5,2,3,375
25950007633000,17,8,9,860.2
25950007637000,10,9,1,498
25950007657000,2,1,1,0
25950007705000,6,4,2,277.8
25950007713000,102,58,44,4080
25950007714000,73,37,36,3255.8
25960007565000,4,4,0,0
25960007566000,4,2,2,0
25960007570000,3,2,1,0
25960007589000,7,3,4,385
25960007591000,549,260,289,23222.7
25960007592000,74,36,38,2974.8
25960007633000,16,8,8,926.4
25960007634000,15,10,5,709.5
25960007637000,2,1,1,0
25960007638000,19,11,8,1311
25960007655000,3,2,1,0
25960007656000,1,1,0,0
25960007676000,7,5,2,301.7
25960007678000,3,1,2,0
25960007705000,36,16,20,1684.8
25960007710000,4,2,2,0
25960007711000,31,18,13,1379.5
25970007577000,3,2,1,0
25970007586000,1,1,0,0
25970007591000,752,367,385,29328
25970007627000,3,2,1,0
25970007635000,12,5,7,676.8
25970007639000,2,1,1,0
25970007657000,15,5,10,759
25970007658000,8,4,4,496.8
25970007678000,7,3,4,480.2
25970007710000,42,23,19,1974
25970007711000,165,90,75,6006
25970007712000,91,51,40,3530.8
25980007586000,10,7,3,433
25980007590000,494,256,238,16944.2
25980007591000,379,194,185,14667.3
25980007593000,1495,721,774,62640.5
25980007594000,606,324,282,23937
25980007621000,68,37,31,2556.8
25980007622000,21,8,13,924
25980007623000,12,9,3,657.6
25980007624000,1,1,0,0
25980007625000,10,5,5,409
25980007627000,15,5,10,925.5
25980007659000,13,6,7,548.6
25980007660000,14,7,7,526.4
25980007673000,2,1,1,0
25980007681000,2,2,0,0
25990007571000,24,9,15,825.6
25990007572000,54,26,28,2640.6
25990007573000,126,69,57,5922
25990007574000,10,5,5,649
25990007575000,2,1,1,0
25990007586000,15,8,7,543
25990007590000,194,96,98,6421.4
25990007591000,276,143,133,10239.6
25990007592000,244,128,116,9882
25990007593000,2797,1374,1423,131179.3
25990007594000,1992,994,998,78086.4
25990007603000,6,4,2,225
25990007620000,9,4,5,468.9
25990007626000,26,14,12,1229.8
25990007627000,10,7,3,369
25990007637000,9,4,5,251.1
25990007641000,13,7,6,904.8
25990007654000,18,7,11,795.6
25990007655000,18,10,8,781.2
25990007660000,7,2,5,326.9
25990007665000,6,3,3,378
25990007676000,3,2,1,0
25990007679000,8,4,4,484.8
25990007680000,6,4,2,258
26000007572000,4,2,2,0
26000007585000,2,1,1,0
26000007590000,478,255,223,18068.4
26000007592000,30,20,10,918
26000007593000,1742,881,861,69854.2
26000007594000,1327,673,654,53743.5
26000007603000,31,17,14,1546.9
26000007604000,23,10,13,952.2
26000007620000,23,12,11,890.1
26000007622000,9,4,5,404.1
26000007623000,23,10,13,890.1
26000007624000,8,3,5,327.2
26000007625000,15,7,8,562.5
26000007626000,4,2,2,0
26000007637000,5,4,1,342
26000007654000,2,1,1,0
26000007661000,11,6,5,601.7
26000007662000,2,1,1,0
26000007665000,11,7,4,280.5
26000007679000,5,4,1,323
26010007570000,2,1,1,0
26010007585000,2,1,1,0
26010007589000,13,7,6,804.7
26010007590000,7,4,3,254.1
26010007593000,19,9,10,530.1
26010007594000,25,8,17,1065
26010007597000,3,2,1,0
26010007603000,1,0,1,0
26010007604000,37,19,18,1727.9
26010007619000,5,3,2,157
26010007620000,71,45,26,2662.5
26010007622000,2,1,1,0
26010007627000,1,1,0,0
26010007636000,1,1,0,0
26010007654000,7,3,4,478.1
26010007658000,3,3,0,0
26010007659000,8,5,3,490.4
26010007662000,8,4,4,382.4
26010007663000,37,20,17,1420.8
26010007664000,6,3,3,208.2
26010007665000,16,7,9,912
26010007666000,4,3,1,0
26010007679000,7,4,3,336
26010007684000,3,2,1,0
26020007583000,2,1,1,0
26020007584000,6,3,3,309
26020007589000,3,3,0,0
26020007597000,69,32,37,3167.1
26020007598000,15,9,6,669
26020007599000,21,10,11,867.3
26020007605000,24,15,9,765.6
26020007606000,22,10,12,961.4
26020007619000,8,6,2,276.8
26020007621000,9,6,3,423.9
26020007622000,125,60,65,5637.5
26020007651000,7,3,4,254.1
26020007654000,7,4,3,415.8
26020007660000,9,5,4,392.4
26020007674000,5,1,4,340
26020007679000,3,1,2,0
26020007682000,22,10,12,1020.8
26020007685000,20,12,8,792
26020007712000,25,11,14,1300
26020007713000,144,77,67,6422.4
26030007568000,8,4,4,326.4
26030007569000,8,3,5,420
26030007583000,2,1,1,0
26030007597000,1,1,0,0
26030007598000,1,1,0,0
26030007599000,2,1,1,0
26030007600000,6,5,1,358.2
26030007601000,2,1,1,0
26030007605000,12,4,8,436.8
26030007606000,388,182,206,17537.6
26030007607000,64,27,37,2784
26030007620000,7,3,4,385.7
26030007621000,42,21,21,1999.2
26030007622000,9,4,5,531
26030007633000,3,2,1,0
26030007661000,15,8,7,853.5
26030007674000,21,8,13,1062.6
26030007679000,2,1,1,0
26030007680000,5,3,2,114
26030007681000,2,1,1,0
26030007682000,11,4,7,599.5
26030007683000,26,13,13,1255.8
26030007685000,22,11,11,748
26030007686000,2,1,1,0
26030007716000,20,10,10,1012
26030007717000,258,145,113,9210.6
26040007567000,5,4,1,228
26040007568000,11,6,5,427.9
26040007588000,4,2,2,0
26040007598000,11,7,4,602.8
26040007602000,17,9,8,652.8
26040007603000,11,6,5,416.9
26040007605000,29,13,16,1084.6
26040007606000,559,285,274,24763.7
26040007607000,180,93,87,7074
26040007608000,17,11,6,530.4
26040007621000,5,3,2,341
26040007632000,2,1,1,0
26040007633000,6,4,2,376.8
26040007642000,2,2,0,0
26040007661000,5,1,4,229
26040007662000,27,14,13,1279.8
26040007663000,3,2,1,0
26040007667000,6,3,3,412.2
26040007679000,2,1,1,0
26040007686000,18,8,10,770.4
26040007716000,27,16,11,702
26050007565000,11,8,3,545.6
26050007566000,4,2,2,0
26050007567000,7,5,2,476.7
26050007587000,3,2,1,0
26050007598000,1,1,0,0
26050007602000,2,1,1,0
26050007604000,14,6,8,501.2
26050007605000,29,14,15,1383.3
26050007606000,11,8,3,508.2
26050007607000,8,4,4,308
26050007608000,19,12,7,822.7
26050007621000,5,2,3,174
26050007632000,9,4,5,555.3
26050007663000,22,10,12,1159.4
26050007664000,21,10,11,651
26050007667000,11,7,4,455.4
26050007678000,15,10,5,592.5
26050007679000,49,24,25,2812.6
26050007686000,11,4,7,287.1
26050007709000,1,1,0,0
26060007562000,2,1,1,0
26060007564000,3,1,2,0
26060007565000,4,2,2,0
26060007585000,4,3,1,0
26060007586000,275,146,129,9652.5
26060007587000,213,110,103,6645.6
26060007606000,16,6,10,564.8
26060007607000,51,27,24,1616.7
26060007609000,1,1,0,0
26060007615000,2,1,1,0
26060007620000,3,3,0,0
26060007632000,3,2,1,0
26060007648000,16,10,6,822.4
26060007664000,31,16,15,1379.5
26060007665000,57,28,29,2479.5
26060007666000,19,11,8,942.4
26060007667000,22,12,10,796.4
26060007678000,23,11,12,871.7
26060007679000,29,16,13,1351.4
26060007682000,17,11,6,783.7
26060007684000,8,4,4,248
26060007685000,3,2,1,0
26060007687000,22,13,9,968
26060007714000,2,2,0,0
26070007585000,91,48,43,3357.9
26070007586000,120,61,59,4704
26070007587000,103,48,55,3429.9
26070007594000,130,58,72,4888
26070007598000,20,8,12,944
26070007607000,19,11,8,1007
26070007614000,3,3,0,0
26070007615000,4,1,3,0
26070007616000,4,1,3,0
26070007619000,29,15,14,1499.3
26070007620000,14,8,6,686
26070007632000,12,6,6,518.4
26070007643000,4,2,2,0
26070007644000,10,6,4,562
26070007654000,9,4,5,389.7
26070007665000,91,44,47,3558.1
26070007666000,168,84,84,8685.6
26070007667000,16,6,10,492.8
26070007669000,2,1,1,0
26070007675000,25,14,11,992.5
26070007682000,1,0,1,0
26070007684000,24,15,9,1224
26070007685000,4,2,2,0
26070007686000,21,9,12,684.6
26070007687000,17,8,9,622.2
26070007688000,13,5,8,553.8
26070007689000,2,1,1,0
26080007593000,6,3,3,283.2
26080007594000,39,20,19,1454.7
26080007597000,9,5,4,432.9
26080007598000,5,2,3,285
26080007607000,4,3,1,0
26080007619000,99,56,43,4088.7
26080007632000,6,5,1,385.2
26080007643000,14,6,8,610.4
26080007646000,5,3,2,132
26080007647000,45,19,26,1638
26080007649000,26,14,12,1066
26080007658000,1,0,1,0
26080007661000,31,14,17,1364
26080007662000,16,8,8,558.4
26080007663000,1,0,1,0
26080007668000,3,1,2,0
26080007669000,13,7,6,396.5
26080007675000,112,50,62,4872
26080007676000,44,20,24,1944.8
26080007677000,7,3,4,198.8
26080007682000,3,2,1,0
26080007683000,6,3,3,199.2
26080007684000,9,6,3,295.2
26080007686000,11,5,6,302.5
26080007687000,1,1,0,0
26080007688000,1,1,0,0
26080007689000,2,1,1,0
26080007690000,7,4,3,455
26090007593000,77,40,37,3187.8
26090007594000,1,0,1,0
26090007596000,6,4,2,280.8
26090007597000,11,4,7,633.6
26090007607000,6,3,3,318
26090007618000,8,3,5,308
26090007619000,16,8,8,896
26090007620000,97,51,46,3288.3
26090007631000,16,7,9,580.8
26090007632000,1,1,0,0
26090007633000,3,1,2,0
26090007646000,33,19,14,1197.9
26090007647000,91,46,45,4022.2
26090007648000,37,20,17,1916.6
26090007649000,36,18,18,1616.4
26090007650000,21,11,10,1188.6
26090007653000,4,2,2,0
26090007660000,6,4,2,409.2
26090007661000,10,3,7,436
26090007662000,1,0,1,0
26090007663000,30,12,18,1458
26090007664000,7,3,4,294
26090007665000,3,2,1,0
26090007667000,30,16,14,1134
26090007668000,15,8,7,394.5
26090007669000,41,18,23,1414.5
26090007675000,101,50,51,3747.1
26090007678000,10,4,6,277
26090007682000,1,1,0,0
26090007683000,48,24,24,1852.8
26090007686000,1,1,0,0
26090007687000,7,5,2,303.8
26090007689000,25,12,13,1050
26090007717000,11,4,7,511.5
26100007593000,8,4,4,334.4
26100007596000,43,23,20,1853.3
26100007597000,2,2,0,0
26100007606000,9,5,4,370.8
26100007607000,30,16,14,1554
26100007616000,19,8,11,1016.5
26100007617000,11,6,5,468.6
26100007618000,4,2,2,0
26100007619000,29,15,14,1438.4
26100007631000,20,10,10,1106
26100007633000,7,4,3,392
26100007642000,6,3,3,403.8
26100007646000,54,28,26,2025
26100007647000,15,5,10,768
26100007652000,31,18,13,1063.3
26100007653000,10,5,5,438
26100007663000,4,2,2,0
26100007666000,6,4,2,351
26100007669000,55,27,28,2156
26100007675000,29,13,16,1038.2
26100007678000,83,45,38,2846.9
26100007679000,57,30,27,2576.4
26100007683000,39,23,16,1778.4
26100007687000,30,16,14,1086
26100007689000,13,7,6,587.6
26100007708000,3,2,1,0
26110007593000,2,1,1,0
26110007594000,1,1,0,0
26110007595000,11,7,4,614.9
26110007607000,24,16,8,1454.4
26110007616000,4,2,2,0
26110007617000,3,1,2,0
26110007619000,38,20,18,1972.2
26110007629000,1,1,0,0
26110007630000,31,15,16,1705
26110007631000,24,15,9,1099.2
26110007633000,11,6,5,656.7
26110007641000,15,10,5,871.5
26110007642000,6,3,3,301.2
26110007645000,20,10,10,672
26110007646000,9,6,3,572.4
26110007654000,1,0,1,0
26110007662000,1,0,1,0
26110007663000,8,5,3,288.8
26110007669000,37,18,19,1705.7
26110007670000,9,5,4,484.2
26110007675000,27,12,15,1447.2
26110007678000,24,13,11,859.2
26110007679000,22,13,9,1223.2
26110007681000,29,15,14,855.5
26110007682000,6,2,4,277.2
26110007683000,30,17,13,1287
26110007689000,17,10,7,705.5
26110007697000,3,2,1,0
26110007698000,6,3,3,295.2
26110007699000,1,1,0,0
26110007701000,1,0,1,0
26110007708000,24,13,11,1279.2
26110007709000,1,1,0,0
26110007710000,20,9,11,724
26110007711000,36,18,18,1310.4
26110007712000,36,20,16,1569.6
26120007607000,3,1,2,0
26120007628000,56,34,22,1943.2
26120007629000,46,26,20,1504.2
26120007630000,2,2,0,0
26120007631000,8,5,3,286.4
26120007632000,56,30,26,2262.4
26120007633000,15,7,8,846
26120007640000,16,10,6,462.4
26120007641000,26,13,13,975
26120007642000,6,3,3,274.2
26120007644000,42,24,18,1730.4
26120007645000,150,78,72,5730
26120007670000,10,5,5,384
26120007671000,3,3,0,0
26120007681000,9,4,5,345.6
26120007682000,41,19,22,1656.4
26120007683000,43,18,25,2021
26120007689000,1,1,0,0
26120007690000,8,3,5,328
26120007703000,4,2,2,0
26120007712000,41,19,22,1734.3
26120007713000,19,10,9,727.7
26130007599000,2,1,1,0
26130007602000,1,1,0,0
26130007627000,35,16,19,1424.5
26130007628000,210,100,110,8505
26130007629000,41,18,23,2509.2
26130007630000,63,29,34,2186.1
26130007631000,69,33,36,2863.5
26130007632000,14,7,7,551.6
26130007640000,12,6,6,574.8
26130007641000,179,80,99,5871.2
26130007643000,160,83,77,7056
26130007661000,4,2,2,0
26130007670000,1,0,1,0
26130007671000,20,11,9,1042
26130007675000,3,1,2,0
26130007681000,16,7,9,553.6
26130007682000,58,34,24,1740
26130007683000,99,51,48,3197.7
26130007684000,28,13,15,1083.6
26130007686000,27,13,14,812.7
26130007687000,36,13,23,1123.2
26130007691000,62,32,30,2046
26130007692000,11,4,7,528
26130007696000,2,2,0,0
26130007707000,10,6,4,535
26130007708000,2,1,1,0
26130007713000,91,49,42,3185
26130007714000,35,18,17,1960
26130007715000,5,1,4,268
26130007716000,12,6,6,724.8
26130007717000,1,1,0,0
26130007718000,2,1,1,0
26130007719000,2,1,1,0
26140007626000,26,13,13,923
26140007627000,16,8,8,398.4
26140007641000,2,1,1,0
26140007642000,316,144,172,12260.8
26140007643000,290,149,141,11049
26140007646000,19,11,8,948.1
26140007671000,15,8,7,697.5
26140007675000,3,2,1,0
26140007680000,29,12,17,867.1
26140007681000,1,1,0,0
26140007683000,106,47,59,3508.6
26140007686000,10,4,6,406
26140007687000,53,29,24,2178.3
26140007688000,67,30,37,2686.7
26140007689000,4,2,2,0
26140007690000,22,14,8,897.6
26140007692000,7,4,3,291.9
26140007693000,38,16,22,1459.2
26140007694000,8,3,5,183.2
26150007625000,25,11,14,967.5
26150007626000,17,8,9,792.2
26150007637000,5,3,2,271
26150007639000,8,5,3,435.2
26150007641000,3,2,1,0
26150007642000,20,11,9,898
26150007643000,2,1,1,0
26150007645000,1,1,0,0
26150007646000,50,25,25,2445
26150007672000,4,2,2,0
26150007676000,18,10,8,1002.6
26150007677000,2,1,1,0
26150007679000,6,3,3,295.2
26150007680000,10,3,7,500
26150007683000,368,182,186,11665.6
26150007686000,39,21,18,1185.6
26150007687000,36,19,17,1382.4
26150007688000,6,3,3,345
26150007689000,3,2,1,0
26150007694000,18,9,9,718.2
26150007695000,20,6,14,910
26150007696000,4,2,2,0
26150007703000,12,6,6,807.6
26150007704000,10,4,6,644
26150007705000,1,0,1,0
26150007727000,26,14,12,1003.6
26150007728000,47,25,22,1522.8
26160007625000,37,25,12,2049.8
26160007638000,2,1,1,0
26160007643000,1,1,0,0
26160007646000,9,5,4,595.8
26160007647000,1,1,0,0
26160007659000,6,3,3,223.8
26160007660000,9,6,3,305.1
26160007661000,4,2,2,0
26160007673000,3,2,1,0
26160007676000,2,1,1,0
26160007678000,48,25,23,1929.6
26160007679000,27,16,11,1158.3
26160007683000,332,164,168,10723.6
26160007684000,569,294,275,20427.1
26160007685000,212,105,107,6890
26160007686000,42,21,21,2007.6
26160007687000,2,1,1,0
26160007695000,25,10,15,1022.5
26160007705000,24,10,14,1159.2
26160007706000,13,3,10,621.4
26160007727000,75,37,38,3037.5
26160007728000,78,40,38,3354
26170007642000,5,3,2,233
26170007643000,18,9,9,761.4
26170007646000,2,1,1,0
26170007662000,8,3,5,439.2
26170007673000,2,1,1,0
26170007682000,203,98,105,9155.3
26170007683000,575,286,289,23977.5
26170007684000,31,16,15,1329.9
26170007685000,68,36,32,2366.4
26170007687000,35,19,16,1214.5
26170007688000,24,13,11,1080
26170007695000,2,1,1,0
26170007696000,6,3,3,295.8
26170007702000,6,2,4,427.8
26170007703000,5,2,3,352
26170007704000,6,3,3,402
26170007705000,1,1,0,0
26170007706000,37,15,22,1520.7
26170007707000,10,4,6,485
26170007708000,9,3,6,628.2
26170007709000,15,8,7,409.5
26170007710000,12,6,6,454.8
26170007723000,22,15,7,517
26170007724000,37,22,15,1409.7
26170007727000,130,70,60,4979
26170007728000,3,2,1,0
26180007621000,5,4,1,163
26180007641000,3,2,1,0
26180007646000,2,2,0,0
26180007662000,1,0,1,0
26180007674000,11,5,6,431.2
26180007682000,180,78,102,7938
26180007683000,907,468,439,33831.1
26180007684000,130,64,66,4901
26180007685000,116,57,59,4466
26180007686000,184,84,100,6072
26180007687000,170,89,81,6137
26180007688000,72,35,37,2476.8
26180007689000,81,36,45,2907.9
26180007690000,48,29,19,1689.6
26180007691000,85,41,44,3510.5
26180007696000,25,12,13,1197.5
26180007710000,10,4,6,493
26180007723000,17,8,9,819.4
26180007724000,81,42,39,3815.1
26180007725000,24,9,15,1692
26190007640000,12,6,6,471.6
26190007667000,3,2,1,0
26190007668000,7,3,4,287
26190007669000,23,13,10,940.7
26190007670000,2,2,0,0
26190007673000,4,3,1,0
26190007683000,769,370,399,31529
26190007691000,1,1,0,0
26190007692000,48,26,22,1857.6
26190007696000,31,17,14,1584.1
26190007698000,2,2,0,0
26190007700000,1,1,0,0
26190007702000,12,7,5,351.6
26190007706000,5,3,2,269
26190007724000,1,1,0,0
26190007725000,29,12,17,785.9
26200007622000,41,24,17,1631.8
26200007623000,24,12,12,583.2
26200007641000,13,8,5,566.8
26200007642000,35,20,15,1641.5
26200007647000,2,1,1,0
26200007648000,1,1,0,0
26200007661000,1,0,1,0
26200007667000,1,0,1,0
26200007668000,12,5,7,585.6
26200007669000,19,14,5,807.5
26200007670000,37,20,17,1428.2
26200007671000,27,13,14,891
26200007673000,1,1,0,0
26200007674000,23,11,12,885.5
26200007683000,538,273,265,19421.8
26200007692000,31,15,16,1178
26200007693000,24,12,12,1245.6
26200007694000,2,1,1,0
26200007696000,70,44,26,2884
26200007697000,61,32,29,3507.5
26200007699000,5,3,2,323
26200007729000,1,1,0,0
26210007622000,36,18,18,1353.6
26210007623000,13,8,5,704.6
26210007640000,16,9,7,632
26210007641000,2,1,1,0
26210007642000,40,25,15,1708
26210007643000,19,11,8,627
26210007646000,5,4,1,328
26210007647000,1,1,0,0
26210007648000,3,1,2,0
26210007650000,2,1,1,0
26210007671000,107,54,53,3969.7
26210007672000,68,32,36,2550
26210007673000,58,31,27,2453.4
26210007674000,5,2,3,295
26210007677000,94,53,41,3628.4
26210007678000,47,18,29,1884.7
26210007679000,139,72,67,5629.5
26210007680000,63,30,33,2431.8
26210007681000,25,10,15,1042.5
26210007683000,439,230,209,16418.6
26210007694000,15,10,5,546
26210007695000,45,23,22,1948.5
26210007696000,18,10,8,534.6
26210007697000,185,95,90,7455.5
26210007699000,6,3,3,373.8
26210007718000,5,4,1,262
26210007719000,9,3,6,557.1
26210007729000,8,4,4,463.2
26210007742000,1,1,0,0
26220007641000,8,4,4,244.8
26220007642000,9,4,5,323.1
26220007643000,30,16,14,1437
26220007648000,3,2,1,0
26220007649000,4,2,2,0
26220007650000,11,5,6,380.6
26220007671000,6,3,3,208.2
26220007672000,123,60,63,4551
26220007675000,33,18,15,1283.7
26220007676000,39,18,21,1368.9
26220007677000,20,11,9,804
26220007679000,8,4,4,408.8
26220007681000,47,30,17,2077.4
26220007682000,96,56,40,3628.8
26220007683000,171,79,92,6754.5
26220007684000,5,3,2,250
26220007695000,20,10,10,604
26220007696000,25,15,10,1270
26220007697000,23,11,12,1051.1
26220007698000,27,10,17,882.9
26220007716000,4,2,2,0
26220007718000,2,0,2,0
26220007727000,3,1,2,0
26230007640000,15,9,6,547.5
26230007641000,1,0,1,0
26230007643000,45,23,22,1660.5
26230007645000,4,2,2,0
26230007672000,29,14,15,1374.6
26230007673000,75,37,38,3172.5
26230007675000,57,27,30,2439.6
26230007676000,114,52,62,4856.4
26230007677000,2,0,2,0
26230007684000,35,21,14,1599.5
26230007685000,1,0,1,0
26230007694000,9,3,6,285.3
26230007700000,1,1,0,0
26230007701000,1,0,1,0
26230007702000,4,2,2,0
26230007706000,4,3,1,0
26230007707000,8,4,4,612.8
26230007716000,13,8,5,621.4
26230007727000,6,3,3,382.2
26240007640000,13,7,6,397.8
26240007641000,8,5,3,382.4
26240007642000,13,8,5,505.7
26240007643000,30,14,16,1212
26240007644000,4,3,1,0
26240007672000,14,10,4,490
26240007673000,251,146,105,9337.2
26240007674000,8,4,4,376
26240007675000,72,41,31,2829.6
26240007677000,3,2,1,0
26240007685000,72,40,32,2534.4
26240007693000,3,1,2,0
26240007700000,45,24,21,1575
26240007701000,90,46,44,3393
26240007702000,15,6,9,579
26240007705000,9,4,5,413.1
26240007715000,6,3,3,229.2
26240007726000,43,22,21,1556.6
26240007727000,7,2,5,233.1
26250007623000,10,5,5,358
26250007624000,8,5,3,331.2
26250007625000,2,1,1,0
26250007626000,14,7,7,732.2
26250007627000,4,2,2,0
26250007628000,8,4,4,146.4
26250007641000,4,3,1,0
26250007671000,3,1,2,0
26250007672000,147,80,67,6012.3
26250007673000,472,230,242,18644
26250007674000,436,203,233,18442.8
26250007675000,62,33,29,2504.8
26250007683000,25,11,14,1172.5
26250007684000,11,7,4,371.8
26250007685000,75,37,38,3592.5
26250007686000,66,37,29,2844.6
26250007687000,32,22,10,1299.2
26250007693000,12,7,5,386.4
26250007701000,33,17,16,917.4
26250007709000,14,7,7,537.6
26250007715000,1,0,1,0
26250007726000,1,0,1,0
26250007727000,9,7,2,401.4
26250007730000,8,6,2,392.8
26260007623000,5,3,2,317
26260007624000,10,6,4,468
26260007639000,8,3,5,164.8
26260007666000,15,8,7,510
26260007668000,15,7,8,463.5
26260007670000,11,5,6,287.1
26260007671000,6,2,4,289.2
26260007672000,47,23,24,1762.5
26260007673000,61,24,37,2494.9
26260007674000,135,71,64,4995
26260007681000,2,1,1,0
26260007682000,7,6,1,186.9
26260007683000,27,12,15,1004.4
26260007686000,17,10,7,812.6
26260007687000,59,33,26,2407.2
26260007688000,23,13,10,851
26260007689000,5,3,2,270
26260007690000,9,6,3,326.7
26260007692000,13,8,5,382.2
26260007701000,12,8,4,445.2
26260007709000,14,8,6,723.8
26260007716000,2,1,1,0
26260007727000,2,1,1,0
26270007621000,5,2,3,284
26270007630000,5,2,3,239
26270007631000,5,3,2,278
26270007632000,10,4,6,407
26270007633000,8,5,3,306.4
26270007636000,6,3,3,298.8
26270007637000,3,2,1,0
26270007638000,29,17,12,1194.8
26270007639000,17,9,8,839.8
26270007664000,8,5,3,416
26270007666000,32,16,16,1283.2
26270007669000,24,12,12,948
26270007670000,67,31,36,2740.3
26270007671000,32,15,17,1500.8
26270007672000,27,14,13,1044.9
26270007674000,8,4,4,239.2
26270007680000,3,2,1,0
26270007682000,21,12,9,808.5
26270007688000,7,5,2,203.7
26270007689000,41,19,22,1697.4
26270007690000,1,0,1,0
26270007691000,3,1,2,0
26270007692000,51,26,25,1978.8
26270007693000,20,11,9,804
26270007694000,10,4,6,588
26270007695000,1,0,1,0
26270007696000,3,1,2,0
26270007716000,34,20,14,1730.6
26270007722000,53,30,23,2204.8
26270007723000,42,25,17,1633.8
26270007724000,31,19,12,1221.4
26270007725000,5,3,2,123
26270007727000,7,6,1,221.2
26280007620000,2,1,1,0
26280007631000,2,0,2,0
26280007632000,2,1,1,0
26280007633000,7,2,5,308
26280007636000,4,2,2,0
26280007638000,24,12,12,1022.4
26280007666000,2,1,1,0
26280007667000,2,1,1,0
26280007670000,14,8,6,618.8
26280007671000,5,1,4,174
26280007680000,41,19,22,1648.2
26280007681000,6,4,2,208.2
26280007682000,68,36,32,3196
26280007690000,9,3,6,431.1
26280007691000,6,4,2,262.8
26280007695000,25,12,13,947.5
26280007696000,24,11,13,861.6
26280007697000,12,7,5,441.6
26280007710000,11,5,6,676.5
26280007711000,10,5,5,270
26280007716000,20,10,10,858
26280007717000,2,1,1,0
26280007723000,4,2,2,0
26280007724000,24,14,10,981.6
26280007726000,2,1,1,0
26280007727000,5,3,2,159
26280007739000,3,2,1,0
26290007619000,3,2,1,0
26290007666000,6,3,3,270
26290007667000,3,0,3,0
26290007680000,7,4,3,328.3
26290007681000,53,25,28,2040.5
26290007682000,31,14,17,1357.8
26290007683000,2,1,1,0
26290007691000,15,8,7,442.5
26290007692000,29,11,18,1044
26290007693000,60,31,29,2190
26290007694000,21,8,13,730.8
26290007695000,16,4,12,660.8
26290007696000,8,4,4,376
26290007697000,51,26,25,1836
26290007698000,57,27,30,2080.5
26290007701000,4,3,1,0
26290007710000,6,3,3,447
26290007711000,3,1,2,0
26290007716000,6,4,2,267
26290007717000,24,12,12,916.8
26290007725000,2,1,1,0
26290007726000,3,1,2,0
26290007727000,13,7,6,522.6
26300007619000,38,20,18,1284.4
26300007639000,13,6,7,336.7
26300007640000,3,2,1,0
26300007681000,2,1,1,0
26300007682000,33,16,17,1280.4
26300007683000,16,9,7,758.4
26300007697000,21,10,11,661.5
26300007698000,205,92,113,10147.5
26300007699000,27,13,14,1123.2
26300007700000,13,8,5,530.4
26300007709000,4,3,1,0
26300007710000,1,1,0,0
26300007717000,21,11,10,848.4
26300007727000,5,2,3,234
26300007728000,5,2,3,236
26300007743000,20,9,11,894
26300007744000,21,9,12,1262.1
26300007745000,1,1,0,0
26310007617000,9,4,5,306.9
26310007618000,18,11,7,700.2
26310007640000,20,11,9,908
26310007667000,11,8,3,387.2
26310007668000,15,9,6,751.5
26310007682000,15,10,5,655.5
26310007683000,5,3,2,240
26310007684000,16,7,9,545.6
26310007698000,7,5,2,170.8
26310007699000,22,13,9,1045
26310007700000,11,8,3,497.2
26310007701000,14,5,9,540.4
26310007702000,8,6,2,278.4
26310007703000,25,13,12,885
26310007704000,7,4,3,329.7
26310007705000,3,2,1,0
26310007708000,9,4,5,594.9
26310007709000,1,0,1,0
26310007717000,4,2,2,0
26310007727000,6,4,2,334.8
26310007729000,7,4,3,209.3
26310007744000,44,20,24,1694
26310007745000,41,24,17,2164.8
26320007640000,3,1,2,0
26320007641000,19,9,10,731.5
26320007642000,8,5,3,342.4
26320007668000,14,7,7,592.2
26320007682000,8,5,3,150.4
26320007683000,22,12,10,519.2
26320007684000,11,6,5,704
26320007685000,13,6,7,555.1
26320007700000,13,8,5,613.6
26320007701000,19,12,7,898.7
26320007717000,15,6,9,397.5
26320007729000,9,5,4,327.6
26320007744000,14,6,8,557.2
26330007642000,465,229,236,18600
26330007645000,1,0,1,0
26330007667000,6,4,2,268.8
26330007668000,12,8,4,409.2
26330007677000,4,2,2,0
26330007683000,14,7,7,708.4
26330007685000,2,1,1,0
26330007701000,7,4,3,347.9
26330007702000,4,2,2,0
26330007717000,4,2,2,0
26330007718000,30,15,15,1128
26340007642000,766,401,365,26963.2
26340007643000,922,455,467,36511.2
26340007644000,59,29,30,2188.9
26340007645000,17,10,7,831.3
26340007666000,8,4,4,395.2
26340007667000,1,1,0,0
26340007713000,14,8,6,494.2
26340007718000,15,9,6,636
26340007744000,1,1,0,0
26340007750000,8,4,4,475.2
26350007641000,2,2,0,0
26350007642000,100,81,19,2280
26350007643000,128,62,66,5529.6
26350007644000,29,11,18,1110.7
26350007645000,17,6,11,618.8
26350007646000,12,4,8,609.6
26350007666000,4,2,2,0
26350007677000,16,9,7,788.8
26350007686000,2,1,1,0
26350007700000,3,1,2,0
26350007707000,1,0,1,0
26350007710000,6,4,2,274.8
26350007713000,10,5,5,258
26350007718000,4,2,2,0
26350007719000,25,13,12,862.5
26350007742000,1,1,0,0
26350007750000,3,2,1,0
26350007773000,1,1,0,0
26360007639000,15,7,8,552
26360007640000,7,4,3,287
26360007641000,13,7,6,569.4
26360007642000,15,9,6,598.5
26360007646000,28,17,11,896
26360007647000,8,5,3,428
26360007677000,6,3,3,219
26360007678000,23,13,10,782
26360007681000,5,2,3,243
26360007682000,14,5,9,715.4
26360007683000,8,2,6,156
26360007684000,6,3,3,268.2
26360007700000,9,6,3,476.1
26360007707000,6,4,2,216
26360007708000,13,6,7,526.5
26360007711000,5,2,3,273
26360007719000,3,0,3,0
26360007744000,13,6,7,867.1
26360007745000,26,16,10,1253.2
26360007750000,1,1,0,0
26360007774000,1,1,0,0
26370007638000,15,8,7,760.5
26370007639000,26,13,13,1339
26370007640000,4,2,2,0
26370007645000,10,5,5,375
26370007646000,8,5,3,455.2
26370007647000,9,5,4,411.3
26370007648000,33,16,17,1273.8
26370007649000,12,7,5,691.2
26370007658000,9,5,4,457.2
26370007665000,2,2,0,0
26370007677000,11,6,5,343.2
26370007678000,8,4,4,196.8
26370007679000,6,3,3,267
26370007680000,21,11,10,1043.7
26370007681000,32,18,14,1334.4
26370007682000,54,28,26,2548.8
26370007683000,43,25,18,1810.3
26370007684000,31,15,16,1711.2
26370007685000,8,4,4,358.4
26370007686000,26,15,11,917.8
26370007687000,2,1,1,0
26370007693000,2,2,0,0
26370007694000,2,1,1,0
26370007695000,5,2,3,212
26370007696000,1,1,0,0
26370007697000,2,1,1,0
26370007698000,7,4,3,356.3
26370007699000,5,4,1,313
26370007707000,3,2,1,0
26370007716000,2,1,1,0
26370007719000,4,2,2,0
26370007751000,36,21,15,1393.2
26370007752000,17,8,9,1014.9
26370007757000,6,4,2,150
26380007637000,5,2,3,208
26380007638000,7,4,3,296.1
26380007639000,27,16,11,1142.1
26380007649000,7,3,4,212.8
26380007650000,30,18,12,1293
26380007651000,1,0,1,0
26380007652000,4,2,2,0
26380007658000,73,38,35,2963.8
26380007659000,46,23,23,1596.2
26380007664000,1,1,0,0
26380007679000,84,41,43,3612
26380007680000,25,16,9,817.5
26380007681000,9,5,4,500.4
26380007682000,13,5,8,477.1
26380007683000,17,10,7,595
26380007684000,11,3,8,618.2
26380007685000,2,1,1,0
26380007687000,8,2,6,356
26380007688000,10,5,5,544
26380007706000,18,10,8,635.4
26380007707000,1,1,0,0
26380007716000,16,9,7,732.8
26380007719000,5,2,3,233
26380007751000,19,9,10,746.7
26390007637000,13,4,9,477.1
26390007638000,40,18,22,1436
26390007639000,5,3,2,68
26390007653000,9,5,4,531
26390007654000,18,7,11,804.6
26390007655000,4,2,2,0
26390007659000,57,29,28,1846.8
26390007660000,22,10,12,902
26390007661000,55,30,25,2090
26390007662000,58,30,28,1821.2
26390007663000,500,268,232,17900
26390007664000,46,21,25,2056.2
26390007665000,44,22,22,1874.4
26390007676000,22,11,11,809.6
26390007677000,20,9,11,458
26390007678000,15,9,6,351
26390007679000,44,21,23,1724.8
26390007680000,13,8,5,379.6
26390007685000,22,12,10,998.8
26390007686000,4,2,2,0
26390007687000,4,3,1,0
26390007688000,4,2,2,0
26390007689000,2,1,1,0
26390007691000,3,2,1,0
26390007692000,6,3,3,267
26390007693000,4,3,1,0
26390007694000,21,12,9,871.5
26390007695000,2,1,1,0
26390007697000,4,2,2,0
26390007705000,18,9,9,986.4
26390007706000,3,1,2,0
26390007719000,4,3,1,0
26390007720000,13,7,6,509.6
26390007735000,130,64,66,4446
26390007736000,1,1,0,0
26390007773000,5,3,2,254
26400007637000,6,2,4,231
26400007638000,37,14,23,1243.2
26400007639000,1,1,0,0
26400007654000,1,1,0,0
26400007655000,6,4,2,364.2
26400007656000,2,1,1,0
26400007658000,16,8,8,784
26400007659000,76,37,39,3473.2
26400007662000,141,75,66,5287.5
26400007663000,165,93,72,4240.5
26400007665000,202,97,105,10382.8
26400007666000,515,277,238,17458.5
26400007667000,68,31,37,2155.6
26400007675000,7,4,3,300.3
26400007676000,1,0,1,0
26400007678000,12,7,5,397.2
26400007679000,39,19,20,1263.6
26400007686000,4,3,1,0
26400007693000,9,3,6,279
26400007694000,10,8,2,482
26400007695000,7,5,2,457.8
26400007704000,19,14,5,826.5
26400007717000,6,5,1,337.2
26400007721000,5,3,2,263
26400007722000,47,30,17,1837.7
26400007734000,4,3,1,0
26400007735000,204,108,96,5956.8
26400007736000,142,64,78,5467
26400007739000,6,3,3,346.2
26400007740000,2,1,1,0
26400007741000,1,1,0,0
26400007752000,2,1,1,0
26400007769000,4,2,2,0
26400007773000,16,12,4,728
26410007635000,6,4,2,186
26410007637000,19,6,13,746.7
26410007639000,24,13,11,876
26410007655000,7,4,3,252
26410007656000,1,1,0,0
26410007657000,12,5,7,528
26410007658000,24,11,13,948
26410007659000,8,3,5,504.8
26410007661000,22,12,10,897.6
26410007665000,23,12,11,811.9
26410007666000,8,4,4,556
26410007667000,160,77,83,5488
26410007674000,13,6,7,401.7
26410007675000,6,3,3,418.8
26410007676000,2,1,1,0
26410007677000,23,14,9,1062.6
26410007678000,6,2,4,319.2
26410007679000,23,10,13,837.2
26410007695000,1,0,1,0
26410007700000,1,1,0,0
26410007701000,8,3,5,507.2
26410007702000,84,37,47,3250.8
26410007703000,7,4,3,450.1
26410007718000,8,4,4,442.4
26410007722000,36,15,21,1602
26410007723000,10,3,7,439
26410007734000,40,21,19,1664
26410007735000,37,18,19,1687.2
26410007736000,18,8,10,727.2
26410007737000,35,17,18,1207.5
26410007769000,3,2,1,0
26420007630000,4,2,2,0
26420007632000,6,3,3,313.8
26420007633000,2,1,1,0
26420007636000,25,15,10,1025
26420007637000,9,6,3,331.2
26420007661000,9,6,3,368.1
26420007665000,9,4,5,376.2
26420007667000,132,69,63,5002.8
26420007668000,388,198,190,15869.2
26420007671000,8,4,4,402.4
26420007673000,8,4,4,316
26420007674000,108,50,58,4698
26420007675000,181,87,94,7493.4
26420007676000,8,3,5,372
26420007677000,2,1,1,0
26420007678000,4,2,2,0
26420007679000,26,13,13,824.2
26420007680000,12,6,6,483.6
26420007681000,1,1,0,0
26420007700000,13,6,7,380.9
26420007702000,6,2,4,363
26420007718000,3,1,2,0
26420007721000,29,15,14,1090.4
26420007722000,30,15,15,1374
26420007734000,9,2,7,305.1
26420007735000,22,12,10,1073.6
26420007736000,22,10,12,717.2
26420007770000,3,1,2,0
26420007771000,18,7,11,628.2
26430007621000,4,2,2,0
26430007623000,5,2,3,184
26430007625000,6,3,3,234
26430007626000,7,4,3,247.1
26430007627000,4,2,2,0
26430007628000,17,8,9,581.4
26430007629000,6,4,2,175.8
26430007630000,4,2,2,0
26430007633000,13,7,6,525.2
26430007634000,2,1,1,0
26430007635000,4,2,2,0
26430007637000,10,6,4,300
26430007661000,7,4,3,291.9
26430007662000,1,1,0,0
26430007663000,51,28,23,1973.7
26430007668000,27,15,12,947.7
26430007669000,32,22,10,1251.2
26430007670000,46,22,24,1932
26430007671000,51,28,23,2330.7
26430007672000,122,69,53,5355.8
26430007673000,84,44,40,3259.2
26430007674000,206,107,99,7745.6
26430007675000,3,2,1,0
26430007676000,3,0,3,0
26430007681000,29,14,15,1331.1
26430007692000,3,2,1,0
26430007693000,7,5,2,364
26430007699000,7,3,4,328.3
26430007702000,3,3,0,0
26430007704000,8,5,3,296.8
26430007718000,25,14,11,1145
26430007721000,33,15,18,1593.9
26430007734000,99,49,50,3108.6
26430007735000,62,33,29,2194.8
26430007765000,1,1,0,0
26430007772000,3,2,1,0
26440007620000,6,4,2,277.2
26440007621000,10,3,7,340
26440007623000,13,6,7,566.8
26440007624000,3,1,2,0
26440007625000,4,2,2,0
26440007630000,6,3,3,201
26440007631000,17,8,9,946.9
26440007663000,1,0,1,0
26440007665000,4,3,1,0
26440007669000,2,1,1,0
26440007670000,17,8,9,669.8
26440007671000,90,39,51,5922
26440007672000,50,30,20,1770
26440007674000,13,7,6,586.3
26440007675000,15,6,9,787.5
26440007681000,8,6,2,432.8
26440007682000,10,6,4,543
26440007692000,11,7,4,474.1
26440007698000,1,1,0,0
26440007702000,5,3,2,123
26440007703000,12,7,5,456
26440007704000,16,11,5,809.6
26440007718000,2,2,0,0
26440007719000,3,1,2,0
26440007721000,26,14,12,1177.8
26440007728000,13,8,5,681.2
26440007729000,48,28,20,1656
26440007730000,102,51,51,3733.2
26440007731000,19,8,11,733.4
26440007734000,155,83,72,5564.5
26440007735000,343,173,170,11696.3
26440007745000,3,1,2,0
26440007746000,17,7,10,533.8
26440007748000,68,29,39,2250.8
26440007755000,3,1,2,0
26450007660000,11,5,6,489.5
26450007663000,16,11,5,548.8
26450007664000,6,2,4,148.8
26450007666000,5,2,3,287
26450007667000,14,7,7,600.6
26450007674000,14,7,7,624.4
26450007681000,7,4,3,139.3
26450007682000,35,21,14,1477
26450007683000,11,7,4,343.2
26450007684000,4,3,1,0
26450007685000,6,3,3,238.8
26450007686000,13,8,5,543.4
26450007687000,20,14,6,902
26450007688000,11,4,7,369.6
26450007689000,18,9,9,864
26450007690000,5,3,2,354
26450007698000,7,3,4,228.9
26450007701000,9,5,4,433.8
26450007702000,25,14,11,1242.5
26450007703000,11,5,6,513.7
26450007704000,5,2,3,244
26450007719000,9,5,4,322.2
26450007721000,15,9,6,637.5
26450007729000,14,8,6,471.8
26450007731000,34,16,18,1302.2
26450007732000,36,15,21,1310.4
26450007733000,55,23,32,1914
26450007734000,797,392,405,24866.4
26450007735000,192,97,95,6547.2
26450007745000,2,1,1,0
26450007746000,12,7,5,468
26450007748000,65,30,35,2333.5
26450007752000,10,5,5,292
26450007753000,18,8,10,630
26450007759000,1,1,0,0
26450007775000,5,4,1,366
26460007630000,30,14,16,1059
26460007664000,16,9,7,489.6
26460007665000,2,2,0,0
26460007666000,4,3,1,0
26460007667000,16,9,7,756.8
26460007673000,10,6,4,349
26460007674000,5,3,2,207
26460007686000,7,2,5,308
26460007688000,10,5,5,396
26460007689000,17,8,9,768.4
26460007697000,4,3,1,0
26460007699000,3,2,1,0
26460007700000,1,0,1,0
26460007701000,3,2,1,0
26460007719000,17,10,7,771.8
26460007721000,26,14,12,943.8
26460007722000,88,41,47,3423.2
26460007728000,15,12,3,496.5
26460007729000,4,1,3,0
26460007731000,36,19,17,1432.8
26460007732000,42,21,21,1516.2
26460007734000,953,484,469,26588.7
26460007735000,208,102,106,5761.6
26460007752000,48,22,26,1420.8
26460007753000,35,22,13,1123.5
26460007754000,14,8,6,516.6
26460007756000,1,1,0,0
26460007775000,4,1,3,0
26460007791000,1,1,0,0
26470007629000,7,2,5,303.1
26470007659000,2,1,1,0
26470007661000,4,2,2,0
26470007662000,13,7,6,513.5
26470007664000,8,5,3,295.2
26470007665000,6,4,2,190.2
26470007694000,19,9,10,858.8
26470007695000,2,1,1,0
26470007697000,11,6,5,468.6
26470007699000,4,1,3,0
26470007700000,3,1,2,0
26470007701000,3,1,2,0
26470007719000,53,27,26,2056.4
26470007722000,6,3,3,292.8
26470007723000,47,29,18,1870.6
26470007724000,46,22,24,1853.8
26470007725000,27,12,15,1290.6
26470007726000,31,16,15,936.2
26470007727000,22,10,12,910.8
26470007728000,28,14,14,1016.4
26470007729000,4,2,2,0
26470007731000,105,49,56,3087
26470007735000,960,504,456,27648
26470007752000,4,3,1,0
26470007753000,40,23,17,1592
26470007757000,7,3,4,294
26470007758000,2,1,1,0
26470007775000,2,1,1,0
26480007661000,3,2,1,0
26480007662000,9,4,5,345.6
26480007664000,1,1,0,0
26480007665000,4,2,2,0
26480007672000,6,4,2,214.2
26480007688000,4,2,2,0
26480007694000,5,2,3,288
26480007695000,10,4,6,372
26480007697000,1,1,0,0
26480007699000,8,6,2,290.4
26480007701000,11,6,5,473
26480007719000,13,7,6,274.3
26480007720000,20,10,10,692
26480007725000,11,6,5,379.5
26480007726000,33,14,19,1013.1
26480007727000,7,3,4,424.2
26480007731000,25,10,15,537.5
26480007732000,28,15,13,806.4
26480007733000,8,4,4,304.8
26480007735000,1016,521,495,34544
26480007752000,26,15,11,1162.2
26480007775000,4,2,2,0
26490007660000,2,2,0,0
26490007662000,2,1,1,0
26490007663000,3,2,1,0
26490007664000,5,4,1,230
26490007671000,3,2,1,0
26490007672000,14,7,7,638.4
26490007688000,10,4,6,479
26490007694000,9,3,6,464.4
26490007695000,14,5,9,604.8
26490007696000,11,5,6,401.5
26490007697000,1,1,0,0
26490007699000,2,1,1,0
26490007720000,12,8,4,267.6
26490007725000,2,1,1,0
26490007726000,16,8,8,489.6
26490007735000,231,111,120,9170.7
26490007736000,1124,559,565,42712
26490007737000,109,56,53,3858.6
26490007752000,24,14,10,756
26490007776000,8,6,2,476
26500007660000,13,7,6,633.1
26500007663000,14,6,8,655.2
26500007671000,3,2,1,0
26500007672000,2,1,1,0
26500007688000,8,5,3,252.8
26500007694000,15,11,4,463.5
26500007696000,55,23,32,2596
26500007699000,6,2,4,163.8
26500007713000,4,2,2,0
26500007714000,3,2,1,0
26500007715000,1,1,0,0
26500007716000,15,7,8,664.5
26500007717000,23,11,12,903.9
26500007718000,2,1,1,0
26500007719000,20,12,8,974
26500007720000,6,3,3,330
26500007736000,143,75,68,5562.7
26500007737000,1532,771,761,55305.2
26500007738000,15,7,8,559.5
26500007751000,2,1,1,0
26500007755000,7,5,2,149.8
26500007756000,21,9,12,867.3
26500007777000,3,2,1,0
26500007778000,3,2,1,0
26510007661000,13,8,5,652.6
26510007662000,8,3,5,495.2
26510007663000,16,9,7,697.6
26510007688000,7,2,5,282.1
26510007693000,10,6,4,509
26510007694000,8,3,5,160
26510007696000,16,8,8,912
26510007697000,3,2,1,0
26510007699000,2,1,1,0
26510007713000,2,1,1,0
26510007729000,328,159,169,12988.8
26510007730000,1411,663,748,57427.7
26510007731000,1333,647,686,51187.2
26510007732000,201,98,103,5989.8
26510007733000,338,177,161,12100.4
26510007734000,8,6,2,239.2
26510007735000,15,8,7,414
26510007736000,6,3,3,148.8
26510007737000,394,208,186,13908.2
26510007738000,27,14,13,791.1
26510007751000,11,7,4,397.1
26510007754000,4,1,3,0
26510007779000,3,2,1,0
26520007623000,2,1,1,0
26520007660000,1,1,0,0
26520007661000,25,15,10,947.5
26520007662000,26,13,13,1032.2
26520007671000,6,2,4,247.8
26520007688000,8,5,3,312.8
26520007694000,2,1,1,0
26520007696000,34,17,17,1499.4
26520007697000,3,1,2,0
26520007699000,3,1,2,0
26520007709000,19,11,8,951.9
26520007710000,19,11,8,917.7
26520007711000,5,2,3,310
26520007712000,8,5,3,514.4
26520007726000,6,2,4,397.2
26520007727000,3,1,2,0
26520007729000,1183,594,589,42114.8
26520007730000,3038,1562,1476,109368
26520007731000,2885,1439,1446,107899
26520007732000,2036,1026,1010,73296
26520007733000,2122,1053,1069,76179.8
26520007734000,1701,796,905,66168.9
26520007735000,2027,956,1071,76823.3
26520007736000,160,79,81,6080
26520007737000,114,54,60,3146.4
26520007738000,22,14,8,1163.8
26520007739000,63,28,35,2923.2
26520007740000,14,8,6,652.4
26520007753000,14,7,7,624.4
26530007659000,4,1,3,0
26530007660000,5,2,3,262
26530007661000,27,12,15,1458
26530007662000,31,18,13,1494.2
26530007671000,17,9,8,824.5
26530007672000,6,2,4,255
26530007694000,3,1,2,0
26530007695000,6,4,2,300
26530007696000,71,32,39,3003.3
26530007708000,21,14,7,961.8
26530007709000,5,4,1,311
26530007721000,31,13,18,1267.9
26530007722000,146,74,72,4277.8
26530007723000,37,23,14,1668.7
26530007724000,18,10,8,642.6
26530007725000,57,32,25,2000.7
26530007726000,308,151,157,11334.4
26530007727000,343,173,170,12793.9
26530007728000,589,305,284,19790.4
26530007729000,1380,679,701,54234
26530007730000,245,119,126,9187.5
26530007731000,1702,865,837,71143.6
26530007732000,3895,2045,1850,146452
26530007733000,2416,1227,1189,84560
26530007734000,1471,779,692,51043.7
26530007735000,649,316,333,24726.9
26530007736000,763,387,376,22127
26530007737000,1455,725,730,43213.5
26530007738000,51,29,22,1632
26530007740000,32,17,15,1200
26530007750000,7,5,2,406.7
26530007753000,2,1,1,0
26530007776000,1,1,0,0
26530007777000,2,0,2,0
26530007778000,2,1,1,0
26540007621000,17,7,10,676.6
26540007661000,82,43,39,3001.2
26540007662000,1,1,0,0
26540007671000,50,25,25,2015
26540007672000,3,2,1,0
26540007692000,1,0,1,0
26540007695000,24,11,13,1368
26540007696000,71,32,39,2335.9
26540007700000,4,1,3,0
26540007706000,1,0,1,0
26540007707000,14,5,9,876.4
26540007708000,14,6,8,462
26540007719000,126,68,58,4019.4
26540007720000,121,64,57,4368.1
26540007721000,83,36,47,2440.2
26540007730000,626,318,308,21722.2
26540007731000,1685,863,822,62176.5
26540007734000,86,39,47,3311
26540007735000,731,394,337,27924.2
26540007736000,2005,1001,1004,76791.5
26540007737000,1122,549,573,39045.6
26540007738000,1053,534,519,37065.6
26540007741000,15,8,7,826.5
26540007742000,18,10,8,621
26540007748000,49,26,23,1915.9
26540007749000,12,5,7,495.6
26540007750000,15,7,8,469.5
26540007751000,2,1,1,0
26540007752000,9,5,4,329.4
26540007772000,5,3,2,307
26540007785000,2,1,1,0
26550007660000,14,10,4,551.6
26550007661000,105,51,54,4599
26550007671000,14,8,6,428.4
26550007672000,3,2,1,0
26550007687000,6,3,3,270
26550007691000,8,4,4,560
26550007692000,15,10,5,676.5
26550007694000,29,15,14,1287.6
26550007695000,15,6,9,691.5
26550007700000,1,1,0,0
26550007701000,8,5,3,270.4
26550007702000,17,9,8,637.5
26550007707000,12,4,8,345.6
26550007710000,17,10,7,669.8
26550007711000,9,3,6,435.6
26550007712000,5,3,2,169
26550007718000,1,1,0,0
26550007719000,67,37,30,2680
26550007720000,4,2,2,0
26550007730000,122,64,58,3916.2
26550007731000,2171,1057,1114,76636.3
26550007732000,1017,494,523,41290.2
26550007733000,1447,737,710,52381.4
26550007735000,54,32,22,1614.6
26550007736000,273,150,123,9063.6
26550007737000,687,361,326,21846.6
26550007738000,11,11,0,374
26550007742000,2,1,1,0
26550007743000,66,26,40,1914
26550007744000,8,4,4,336
26550007746000,8,5,3,203.2
26550007747000,32,15,17,1126.4
26550007748000,3,2,1,0
26550007749000,2,1,1,0
26550007750000,1,1,0,0
26550007772000,1,1,0,0
26550007773000,8,5,3,586.4
26550007774000,6,5,1,256.2
26550007775000,1,1,0,0
26560007653000,2,1,1,0
26560007655000,2,1,1,0
26560007656000,3,1,2,0
26560007659000,1,0,1,0
26560007660000,18,10,8,819
26560007661000,24,17,7,926.4
26560007671000,5,3,2,118
26560007690000,1,0,1,0
26560007691000,15,9,6,595.5
26560007692000,10,3,7,366
26560007693000,1,1,0,0
26560007694000,23,8,15,696.9
26560007702000,65,37,28,2535
26560007703000,37,20,17,1295
26560007704000,2,2,0,0
26560007705000,3,1,2,0
26560007706000,10,6,4,395
26560007708000,1,1,0,0
26560007709000,14,7,7,628.6
26560007710000,1,1,0,0
26560007713000,9,5,4,549
26560007715000,12,3,9,681.6
26560007716000,33,16,17,1442.1
26560007717000,6,3,3,145.8
26560007718000,64,44,20,2675.2
26560007720000,45,20,25,1786.5
26560007732000,5,2,3,151
26560007733000,873,428,445,35094.6
26560007734000,2011,957,1054,78630.1
26560007735000,40,22,18,1496
26560007744000,16,10,6,598.4
26560007745000,46,22,24,1550.2
26560007746000,18,7,11,437.4
26560007748000,19,12,7,718.2
26560007749000,2,2,0,0
26560007769000,1,1,0,0
26560007773000,1,1,0,0
26570007653000,2,1,1,0
26570007654000,5,3,2,284
26570007655000,3,1,2,0
26570007657000,6,3,3,235.8
26570007658000,1,0,1,0
26570007660000,18,10,8,835.2
26570007687000,5,1,4,209
26570007691000,4,2,2,0
26570007693000,3,2,1,0
26570007694000,5,3,2,144
26570007701000,7,3,4,366.1
26570007702000,7,3,4,412.3
26570007708000,7,5,2,426.3
26570007717000,5,3,2,278
26570007718000,2,1,1,0
26570007720000,22,13,9,875.6
26570007734000,24,12,12,1008
26570007735000,1647,791,856,66374.1
26570007736000,1211,589,622,42506.1
26570007737000,51,26,25,1795.2
26570007747000,4,3,1,0
26570007768000,26,10,16,1066
26580007652000,7,4,3,496.3
26580007655000,3,2,1,0
26580007658000,4,2,2,0
26580007659000,7,2,5,266
26580007660000,7,3,4,329.7
26580007661000,2,1,1,0
26580007672000,4,2,2,0
26580007673000,9,4,5,371.7
26580007687000,11,7,4,467.5
26580007690000,1,1,0,0
26580007691000,12,6,6,674.4
26580007708000,7,3,4,196.7
26580007713000,20,10,10,782
26580007719000,11,7,4,514.8
26580007720000,2,1,1,0
26580007721000,16,7,9,608
26580007735000,444,226,218,19136.4
26580007736000,229,112,117,8244
26580007737000,177,98,79,6318.9
26580007738000,41,20,21,2037.7
26580007739000,232,120,112,8653.6
26580007740000,142,76,66,4643.4
26580007741000,110,61,49,4136
26580007747000,13,8,5,547.3
26580007767000,12,7,5,763.2
26590007651000,5,3,2,211
26590007660000,3,2,1,0
26590007673000,1,1,0,0
26590007679000,16,10,6,489.6
26590007687000,4,3,1,0
26590007703000,9,4,5,285.3
26590007704000,2,2,0,0
26590007705000,6,2,4,351
26590007706000,4,2,2,0
26590007707000,5,3,2,262
26590007713000,2,1,1,0
26590007720000,2,1,1,0
26590007721000,23,10,13,549.7
26590007722000,53,27,26,1738.4
26590007741000,20,9,11,958
26590007742000,39,27,12,1825.2
26590007747000,8,5,3,332.8
26590007766000,5,3,2,248
26590007767000,6,1,5,292.2
26600007649000,7,3,4,287.7
26600007650000,1,1,0,0
26600007660000,23,16,7,591.1
26600007678000,6,3,3,214.8
26600007679000,20,10,10,550
26600007680000,19,13,6,963.3
26600007690000,3,2,1,0
26600007698000,4,2,2,0
26600007702000,6,3,3,367.8
26600007703000,3,2,1,0
26600007721000,4,3,1,0
26600007722000,39,20,19,1579.5
26600007742000,264,151,113,9636
26600007766000,1,1,0,0
26600007767000,2,2,0,0
26610007648000,7,2,5,373.8
26610007659000,17,9,8,719.1
26610007674000,1,0,1,0
26610007678000,14,10,4,574
26610007679000,2,0,2,0
26610007680000,29,17,12,968.6
26610007681000,15,9,6,742.5
26610007682000,11,6,5,504.9
26610007688000,3,2,1,0
26610007690000,17,8,9,629
26610007698000,4,3,1,0
26610007701000,8,5,3,391.2
26610007702000,2,1,1,0
26610007721000,12,8,4,577.2
26610007722000,37,21,16,1450.4
26610007723000,110,62,48,3432
26610007742000,86,48,38,2605.8
26610007743000,58,28,30,1983.6
26610007744000,33,16,17,1320
26610007748000,1,0,1,0
26610007766000,1,1,0,0
26620007646000,2,1,1,0
26620007647000,5,3,2,186
26620007648000,7,4,3,168
26620007673000,5,2,3,244
26620007679000,6,2,4,243
26620007680000,9,4,5,402.3
26620007681000,1,1,0,0
26620007683000,1,1,0,0
26620007688000,21,10,11,812.7
26620007689000,7,2,5,205.1
26620007690000,21,11,10,785.4
26620007698000,7,4,3,387.1
26620007701000,5,4,1,99
26620007720000,23,12,11,1283.4
26620007721000,27,14,13,1071.9
26620007722000,58,31,27,2534.6
26620007723000,64,32,32,2752
26620007744000,5,3,2,164
26620007745000,44,20,24,1746.8
26620007748000,2,1,1,0
26620007775000,10,5,5,441
26620007776000,15,9,6,493.5
26630007645000,14,10,4,435.4
26630007646000,18,11,7,964.8
26630007647000,7,4,3,226.1
26630007659000,10,5,5,340
26630007660000,2,1,1,0
26630007673000,13,8,5,377
26630007679000,2,2,0,0
26630007680000,18,11,7,880.2
26630007681000,4,3,1,0
26630007682000,2,1,1,0
26630007683000,38,18,20,1702.4
26630007684000,25,13,12,1047.5
26630007688000,18,7,11,664.2
26630007689000,39,21,18,1505.4
26630007690000,31,15,16,1134.6
26630007698000,17,7,10,878.9
26630007701000,7,3,4,350.7
26630007719000,31,16,15,1075.7
26630007720000,17,11,6,836.4
26630007721000,58,28,30,2267.8
26630007722000,94,50,44,3449.8
26630007723000,73,35,38,2649.9
26630007741000,1,1,0,0
26630007746000,8,5,3,386.4
26630007773000,17,9,8,593.3
26640007644000,4,2,2,0
26640007659000,1,0,1,0
26640007660000,10,5,5,291
26640007673000,4,1,3,0
26640007684000,18,6,12,466.2
26640007688000,7,3,4,249.2
26640007690000,23,12,11,1035
26640007698000,3,1,2,0
26640007701000,2,1,1,0
26640007702000,5,3,2,157
26640007719000,49,25,24,2454.9
26640007720000,36,18,18,1627.2
26640007723000,13,7,6,419.9
26640007724000,21,11,10,632.1
26640007746000,31,15,16,1196.6
26640007772000,3,2,1,0
26650007659000,8,3,5,299.2
26650007670000,2,1,1,0
26650007672000,2,1,1,0
26650007677000,4,3,1,0
26650007678000,5,2,3,222
26650007679000,9,5,4,407.7
26650007681000,4,2,2,0
26650007684000,1,1,0,0
26650007685000,15,8,7,697.5
26650007688000,10,5,5,449
26650007690000,10,5,5,297
26650007691000,1,0,1,0
26650007698000,3,2,1,0
26650007702000,6,3,3,423
26650007715000,6,3,3,285
26650007716000,7,5,2,307.3
26650007717000,104,52,52,3629.6
26650007718000,21,11,10,648.9
26650007719000,18,10,8,739.8
26650007724000,13,5,8,461.5
26650007725000,2,1,1,0
26650007746000,34,15,19,1213.8
26650007750000,4,3,1,0
26660007658000,7,5,2,135.8
26660007659000,4,2,2,0
26660007670000,2,1,1,0
26660007678000,1,0,1,0
26660007686000,417,193,224,17764.2
26660007687000,167,83,84,7531.7
26660007688000,81,40,41,2924.1
26660007690000,17,11,6,754.8
26660007691000,1,0,1,0
26660007702000,3,3,0,0
26660007714000,8,4,4,228
26660007717000,10,7,3,306
26660007725000,1,1,0,0
26660007726000,6,3,3,244.2
26660007746000,59,34,25,2637.3
26660007747000,1,1,0,0
26660007770000,17,10,7,797.3
26670007658000,2,0,2,0
26670007659000,4,2,2,0
26670007668000,7,4,3,231
26670007680000,1,0,1,0
26670007681000,12,8,4,576
26670007682000,14,9,5,526.4
26670007684000,31,17,14,1432.2
26670007685000,118,56,62,5050.4
26670007686000,154,78,76,7084
26670007687000,177,90,87,7522.5
26670007688000,97,47,50,3395
26670007689000,12,6,6,315.6
26670007698000,9,5,4,459.9
26670007702000,24,16,8,1048.8
26670007703000,1,1,0,0
26670007704000,3,2,1,0
26670007726000,17,9,8,816
26670007746000,15,7,8,736.5
26670007755000,1,1,0,0
26670007770000,18,9,9,864
26670007771000,30,14,16,1563
26670007772000,15,9,6,388.5
26680007659000,6,3,3,204
26680007670000,3,2,1,0
26680007681000,8,4,4,428
26680007683000,3,2,1,0
26680007684000,84,43,41,3444
26680007685000,6,3,3,348
26680007689000,1,0,1,0
26680007690000,17,8,9,744.6
26680007691000,40,20,20,1596
26680007698000,9,5,4,270
26680007702000,25,14,11,1220
26680007703000,6,3,3,357
26680007727000,6,3,3,343.8
26680007746000,49,27,22,1651.3
26680007747000,7,1,6,249.2
26680007756000,5,3,2,255
26680007769000,2,2,0,0
26680007770000,11,5,6,361.9
26680007771000,7,4,3,363.3
26690007669000,5,3,2,277
26690007670000,2,2,0,0
26690007681000,19,12,7,796.1
26690007682000,26,13,13,1123.2
26690007683000,61,36,25,1878.8
26690007684000,37,17,20,1679.8
26690007691000,26,15,11,904.8
26690007692000,27,17,10,1331.1
26690007696000,4,2,2,0
26690007697000,14,8,6,446.6
26690007698000,2,1,1,0
26690007702000,32,18,14,1478.4
26690007728000,6,2,4,211.8
26690007747000,31,15,16,1357.8
26690007758000,4,1,3,0
26690007759000,3,1,2,0
26690007799000,2,1,1,0
26700007659000,6,4,2,243
26700007661000,19,13,6,851.2
26700007662000,10,6,4,484
26700007663000,24,12,12,1243.2
26700007667000,1,1,0,0
26700007669000,2,2,0,0
26700007670000,3,3,0,0
26700007681000,10,6,4,447
26700007684000,26,13,13,1170
26700007685000,16,9,7,830.4
26700007686000,14,6,8,683.2
26700007692000,14,6,8,680.4
26700007693000,28,16,12,1394.4
26700007694000,7,4,3,392
26700007695000,2,1,1,0
26700007701000,3,2,1,0
26700007702000,20,10,10,896
26700007729000,7,4,3,350
26700007747000,22,10,12,831.6
26700007748000,9,5,4,471.6
26700007753000,7,2,5,331.8
26700007754000,6,4,2,228
26700007756000,1,0,1,0
26700007758000,5,3,2,249
26700007760000,20,10,10,910
26700007765000,3,3,0,0
26700007766000,30,19,11,1275
26700007796000,3,2,1,0
26700007797000,1,1,0,0
26700007798000,7,5,2,373.8
26700007799000,4,2,2,0
26710007661000,9,4,5,324
26710007662000,87,51,36,2462.1
26710007663000,154,91,63,4419.8
26710007664000,8,4,4,340
26710007665000,9,5,4,421.2
26710007667000,21,9,12,861
26710007668000,6,2,4,172.2
26710007669000,1,1,0,0
26710007684000,5,2,3,109
26710007686000,14,6,8,488.6
26710007693000,1,0,1,0
26710007694000,29,12,17,1310.8
26710007700000,22,10,12,818.4
26710007701000,17,11,6,846.6
26710007702000,107,60,47,4183.7
26710007731000,3,2,1,0
26710007753000,1,0,1,0
26710007754000,1,1,0,0
26710007758000,1,1,0,0
26710007760000,16,9,7,560
26710007761000,38,19,19,1850.6
26710007762000,106,54,52,3593.4
26710007763000,15,7,8,924
26710007764000,24,15,9,873.6
26710007765000,2,1,1,0
26710007766000,23,13,10,1127
26720007661000,4,2,2,0
26720007662000,15,5,10,883.5
26720007663000,7,3,4,522.2
26720007686000,12,6,6,464.4
26720007698000,9,4,5,356.4
26720007699000,40,22,18,1712
26720007748000,19,11,8,720.1
26720007761000,2,1,1,0
26720007762000,4,2,2,0
26720007766000,5,3,2,333
26720007795000,12,5,7,451.2
26730007662000,8,3,5,398.4
26730007686000,16,7,9,851.2
26730007692000,15,6,9,526.5
26730007693000,1,1,0,0
26730007695000,1,0,1,0
26730007696000,29,12,17,1029.5
26730007697000,25,13,12,1017.5
26730007698000,3,2,1,0
26730007703000,1,0,1,0
26730007704000,3,2,1,0
26730007749000,29,15,14,1247
26730007754000,1,1,0,0
26730007755000,1,1,0,0
26730007762000,5,3,2,197
26730007763000,5,4,1,229
26730007767000,6,4,2,391.2
26730007770000,3,2,1,0
26730007771000,6,2,4,238.2
26730007772000,6,4,2,202.8
26730007773000,1,1,0,0
26730007794000,7,4,3,380.1
26730007795000,24,16,8,1022.4
26740007686000,16,8,8,960
26740007688000,2,0,2,0
26740007689000,10,5,5,582
26740007690000,47,25,22,2147.9
26740007691000,16,10,6,808
26740007692000,14,7,7,581
26740007693000,3,1,2,0
26740007694000,9,4,5,383.4
26740007695000,29,16,13,1194.8
26740007696000,3,1,2,0
26740007704000,17,11,6,1026.8
26740007732000,9,5,4,323.1
26740007749000,8,4,4,388.8
26740007750000,7,4,3,210
26740007755000,6,2,4,270
26740007767000,20,8,12,1112
26740007771000,2,1,1,0
26740007773000,17,10,7,776.9
26740007774000,16,9,7,692.8
26740007793000,9,5,4,604.8
26740007794000,66,33,33,2653.2
26750007661000,20,8,12,822
26750007662000,57,26,31,2781.6
26750007685000,7,6,1,413.7
26750007686000,6,3,3,274.2
26750007687000,14,8,6,543.2
26750007688000,21,11,10,810.6
26750007690000,1,1,0,0
26750007704000,6,3,3,306
26750007732000,15,8,7,565.5
26750007733000,11,5,6,435.6
26750007749000,1,1,0,0
26750007765000,5,2,3,286
26750007767000,12,5,7,698.4
26750007768000,31,15,16,1543.8
26750007792000,44,22,22,2002
26750007793000,23,13,10,1133.9
26760007661000,8,3,5,530.4
26760007662000,76,33,43,3602.4
26760007685000,32,21,11,1452.8
26760007687000,4,2,2,0
26760007704000,12,6,6,542.4
26760007733000,16,11,5,713.6
26760007734000,2,1,1,0
26760007746000,4,2,2,0
26760007765000,13,8,5,556.4
26760007768000,306,148,158,11383.2
26760007769000,114,56,58,6042
26760007774000,4,2,2,0
26760007788000,4,2,2,0
26760007789000,11,4,7,570.9
26760007790000,10,6,4,465
26760007791000,17,10,7,790.5
26760007792000,4,2,2,0
26770007658000,3,3,0,0
26770007662000,33,17,16,1527.9
26770007663000,29,15,14,1119.4
26770007664000,2,2,0,0
26770007666000,3,1,2,0
26770007667000,1,1,0,0
26770007684000,2,1,1,0
26770007685000,10,7,3,432
26770007686000,10,4,6,548
26770007694000,3,2,1,0
26770007704000,3,2,1,0
26770007705000,9,4,5,363.6
26770007723000,3,2,1,0
26770007732000,1,0,1,0
26770007733000,12,8,4,618
26770007734000,19,9,10,680.2
26770007746000,19,11,8,494
26770007756000,7,4,3,419.3
26770007765000,8,6,2,424
26770007766000,27,13,14,1050.3
26770007767000,4,1,3,0
26770007769000,30,17,13,984
26770007787000,3,1,2,0
26770007788000,36,16,20,1162.8
26770007789000,29,15,14,884.5
26780007658000,2,0,2,0
26780007662000,1,0,1,0
26780007663000,3,2,1,0
26780007667000,12,6,6,496.8
26780007683000,4,2,2,0
26780007684000,8,6,2,372
26780007685000,10,5,5,534
26780007695000,15,6,9,753
26780007696000,8,5,3,294.4
26780007706000,6,3,3,282
26780007707000,3,1,2,0
26780007709000,10,6,4,641
26780007722000,4,3,1,0
26780007732000,1,1,0,0
26780007734000,3,2,1,0
26780007735000,2,1,1,0
26780007756000,5,1,4,225
26780007767000,75,36,39,3105
26780007768000,4,3,1,0
26780007770000,23,12,11,1159.2
26780007771000,2,1,1,0
26780007781000,2,1,1,0
26780007782000,8,3,5,412
26780007783000,3,2,1,0
26780007784000,1,1,0,0
26780007786000,8,3,5,515.2
26780007787000,15,7,8,801
26780007797000,25,13,12,1425
26780007798000,14,8,6,812
26790007654000,6,3,3,244.2
26790007655000,16,9,7,753.6
26790007656000,4,2,2,0
26790007657000,21,10,11,688.8
26790007658000,2,1,1,0
26790007663000,2,1,1,0
26790007667000,5,3,2,295
26790007668000,3,2,1,0
26790007684000,1,1,0,0
26790007685000,45,27,18,2016
26790007696000,16,7,9,707.2
26790007697000,6,4,2,184.2
26790007710000,7,5,2,303.8
26790007721000,1,1,0,0
26790007722000,3,2,1,0
26790007734000,8,4,4,440.8
26790007735000,9,6,3,521.1
26790007745000,8,3,5,278.4
26790007767000,2,1,1,0
26790007768000,17,7,10,749.7
26790007784000,7,5,2,333.9
26800007653000,3,2,1,0
26800007654000,16,9,7,641.6
26800007655000,6,3,3,240
26800007664000,1,1,0,0
26800007667000,1,0,1,0
26800007668000,4,3,1,0
26800007669000,2,1,1,0
26800007684000,20,7,13,812
26800007685000,241,129,112,10073.8
26800007709000,1,1,0,0
26800007717000,3,1,2,0
26800007718000,11,3,8,555.5
26800007719000,6,3,3,169.2
26800007720000,28,14,14,1400
26800007721000,50,27,23,1905
26800007722000,3,1,2,0
26800007744000,1,1,0,0
26800007745000,79,44,35,3349.6
26800007746000,5,3,2,209
26800007769000,10,6,4,592
26800007771000,5,1,4,245
26810007649000,2,1,1,0
26810007652000,1,1,0,0
26810007653000,1,1,0,0
26810007663000,3,1,2,0
26810007664000,1,0,1,0
26810007669000,1,1,0,0
26810007670000,7,4,3,263.9
26810007684000,14,8,6,610.4
26810007685000,154,65,89,5544
26810007699000,5,3,2,258
26810007701000,5,1,4,161
26810007702000,26,16,10,871
26810007703000,12,5,7,493.2
26810007704000,7,3,4,324.8
26810007705000,16,10,6,740.8
26810007706000,15,7,8,616.5
26810007707000,11,4,7,564.3
26810007708000,7,3,4,284.2
26810007709000,20,12,8,800
26810007710000,3,2,1,0
26810007712000,3,2,1,0
26810007715000,6,2,4,367.8
26810007716000,14,9,5,747.6
26810007722000,2,1,1,0
26810007723000,27,15,12,1325.7
26810007747000,1,1,0,0
26810007772000,2,2,0,0
26820007646000,2,1,1,0
26820007661000,6,4,2,274.2
26820007663000,13,9,4,521.3
26820007670000,4,2,2,0
26820007671000,4,2,2,0
26820007684000,7,4,3,475.3
26820007685000,135,77,58,4860
26820007700000,2,1,1,0
26820007705000,8,5,3,427.2
26820007706000,9,6,3,518.4
26820007707000,9,4,5,438.3
26820007708000,11,5,6,676.5
26820007709000,55,23,32,2497
26820007710000,20,14,6,998
26820007711000,5,2,3,287
26820007712000,9,5,4,459.9
26820007713000,3,1,2,0
26820007715000,5,3,2,306
26820007723000,8,4,4,358.4
26820007724000,8,5,3,526.4
26820007725000,27,13,14,1363.5
26820007726000,1,0,1,0
26820007727000,5,4,1,288
26820007728000,1,1,0,0
26820007762000,3,1,2,0
26820007764000,17,7,10,737.8
26820007779000,3,2,1,0
26830007645000,4,1,3,0
26830007660000,11,7,4,338.8
26830007663000,3,2,1,0
26830007670000,6,3,3,280.2
26830007671000,4,1,3,0
26830007683000,2,0,2,0
26830007684000,3,1,2,0
26830007685000,33,19,14,1782
26830007713000,13,8,5,790.4
26830007717000,1,0,1,0
26830007718000,7,4,3,291.2
26830007722000,2,1,1,0
26830007723000,5,3,2,294
26830007728000,4,2,2,0
26830007729000,10,5,5,495
26830007764000,12,6,6,554.4
26830007765000,4,2,2,0
26840007671000,8,5,3,407.2
26840007683000,9,4,5,385.2
26840007684000,18,11,7,640.8
26840007713000,6,4,2,190.8
26840007717000,9,5,4,402.3
26840007718000,4,2,2,0
26840007719000,2,1,1,0
26840007722000,7,2,5,310.1
26840007723000,6,3,3,364.2
26840007724000,12,8,4,661.2
26840007725000,4,3,1,0
26840007728000,3,2,1,0
26840007737000,2,0,2,0
26840007773000,1,0,1,0
26840007779000,1,1,0,0
26850007671000,2,1,1,0
26850007672000,6,2,4,283.8
26850007682000,24,15,9,1065.6
26850007683000,6,4,2,301.2
26850007726000,3,2,1,0
26850007727000,2,1,1,0
26850007729000,5,2,3,347
26850007736000,21,13,8,699.3
26850007738000,3,2,1,0
26850007739000,7,4,3,473.2
26850007741000,4,1,3,0
26850007768000,1,1,0,0
26850007771000,2,1,1,0
26850007778000,7,3,4,231
26850007779000,7,4,3,223.3
26850007793000,1,1,0,0
26860007657000,1,1,0,0
26860007658000,4,3,1,0
26860007660000,5,3,2,74
26860007672000,8,4,4,460.8
26860007682000,17,9,8,855.1
26860007683000,4,2,2,0
26860007729000,8,4,4,522.4
26860007733000,8,4,4,332
26860007734000,15,8,7,709.5
26860007735000,10,4,6,366
26860007736000,4,3,1,0
26860007742000,4,2,2,0
26860007745000,10,4,6,466
26860007746000,7,5,2,203.7
26860007747000,2,1,1,0
26860007771000,1,1,0,0
26860007773000,29,17,12,1305
26860007774000,7,5,2,392
26860007778000,12,6,6,588
26860007779000,5,1,4,206
26870007657000,2,1,1,0
26870007658000,1,1,0,0
26870007672000,1,0,1,0
26870007674000,1,1,0,0
26870007682000,10,6,4,525
26870007683000,10,7,3,505
26870007729000,3,2,1,0
26870007731000,7,4,3,401.8
26870007732000,4,2,2,0
26870007733000,2,1,1,0
26870007743000,23,14,9,1021.2
26870007744000,20,9,11,770
26870007745000,1,1,0,0
26870007772000,2,1,1,0
26870007773000,17,8,9,649.4
26870007779000,20,11,9,1024
26880007657000,1,1,0,0
26880007683000,17,8,9,880.6
26880007728000,5,3,2,294
26880007730000,24,11,13,820.8
26880007731000,13,6,7,635.7
26880007743000,4,1,3,0
26880007748000,2,1,1,0
26880007779000,5,3,2,173
26880007787000,19,9,10,953.8
26880007788000,2,1,1,0
26890007675000,2,1,1,0
26890007684000,2,1,1,0
26890007685000,11,7,4,572
26890007728000,8,6,2,386.4
26890007730000,27,15,12,1120.5
26890007749000,20,10,10,1152
26890007781000,164,87,77,7052
26890007782000,17,8,9,725.9
26890007783000,37,19,18,1520.7
26890007784000,8,6,2,255.2
26890007786000,2,0,2,0
26890007787000,7,4,3,293.3
26890007788000,61,33,28,2501
26900007636000,3,1,2,0
26900007637000,7,5,2,226.8
26900007686000,6,4,2,256.2
26900007687000,7,3,4,429.8
26900007688000,6,3,3,318
26900007728000,3,1,2,0
26900007729000,1,1,0,0
26900007730000,21,10,11,875.7
26900007742000,3,1,2,0
26900007749000,2,1,1,0
26900007750000,1,1,0,0
26900007754000,9,6,3,457.2
26900007781000,7,4,3,431.9
26900007783000,24,11,13,1089.6
26900007786000,7,3,4,399.7
26900007787000,2,1,1,0
26900007790000,1,1,0,0
26910007688000,7,3,4,427.7
26910007689000,19,11,8,885.4
26910007690000,27,18,9,893.7
26910007750000,8,5,3,306.4
26910007751000,23,10,13,1023.5
26910007752000,38,19,19,1846.8
26910007753000,57,26,31,2456.7
26910007754000,24,12,12,1044
26910007755000,6,4,2,196.8
26910007783000,5,4,1,241
26910007786000,2,2,0,0
26920007690000,89,39,50,3141.7
26920007691000,5,3,2,282
26920007747000,5,2,3,108
26920007783000,7,5,2,307.3
26930007690000,49,23,26,2214.8
26930007691000,21,9,12,1136.1
26930007692000,15,9,6,630
26930007693000,7,4,3,399.7
26930007694000,26,11,15,915.2
26930007752000,15,8,7,736.5
26930007753000,38,18,20,1322.4
26930007754000,16,12,4,780.8
26930007755000,5,2,3,355
26930007756000,13,7,6,760.5
26930007784000,4,3,1,0
26940007691000,5,2,3,299
26940007696000,22,14,8,699.6
26940007697000,15,7,8,601.5
26940007756000,1,1,0,0
26940007757000,17,8,9,838.1
26940007758000,1,0,1,0
26940007759000,19,11,8,885.4
26940007760000,5,2,3,294
26940007785000,4,3,1,0
26950007691000,112,60,52,3886.4
26950007692000,132,61,71,5016
26950007693000,1,1,0,0
26950007694000,5,2,3,200
26950007697000,4,2,2,0
26950007698000,27,16,11,1233.9
26950007699000,20,13,7,872
26950007700000,38,20,18,1390.8
26950007701000,2,1,1,0
26950007727000,4,1,3,0
26950007728000,10,5,5,697
26950007760000,3,1,2,0
26950007761000,1,0,1,0
26950007762000,30,17,13,1053
26960007683000,3,1,2,0
26960007684000,5,2,3,210
26960007686000,2,2,0,0
26960007687000,8,5,3,196
26960007690000,2,1,1,0
26960007691000,80,39,41,2608
26960007692000,39,17,22,1205.1
26960007695000,4,2,2,0
26960007702000,3,2,1,0
26960007727000,1,1,0,0
26960007762000,10,5,5,629
26960007763000,17,11,6,1057.4
26970007682000,1,1,0,0
26970007683000,6,2,4,343.2
26970007684000,9,5,4,392.4
26970007685000,5,3,2,282
26970007686000,13,7,6,591.5
26970007687000,3,2,1,0
26970007690000,32,16,16,1177.6
26970007691000,8,5,3,247.2
26970007697000,8,3,5,378.4
26970007698000,4,2,2,0
26970007699000,6,3,3,325.2
26970007702000,6,3,3,262.2
26970007703000,21,13,8,873.6
26970007704000,1,0,1,0
26970007728000,5,3,2,188
26970007761000,71,38,33,2343
26970007763000,13,8,5,765.7
26970007764000,76,39,37,3845.6
26970007765000,4,2,2,0
26970007766000,3,1,2,0
26980007682000,4,2,2,0
26980007689000,1,0,1,0
26980007690000,21,12,9,928.2
26980007699000,7,4,3,422.8
26980007700000,19,9,10,720.1
26980007704000,21,7,14,1239
26980007761000,13,6,7,700.7
26980007762000,74,35,39,2641.8
26980007763000,32,22,10,1360
26980007764000,8,3,5,330.4
26980007765000,29,16,13,1479
26980007766000,28,11,17,1162
26980007767000,26,14,12,995.8
26990007680000,5,4,1,110
26990007681000,5,3,2,367
26990007682000,4,2,2,0
26990007689000,19,9,10,756.2
26990007690000,15,7,8,726
26990007704000,1,1,0,0
26990007705000,7,4,3,319.2
26990007728000,3,1,2,0
26990007767000,11,5,6,540.1
26990007768000,16,9,7,884.8
27000007679000,9,4,5,410.4
27000007681000,1,1,0,0
27000007688000,3,2,1,0
27000007689000,27,16,11,934.2
27000007702000,2,1,1,0
27000007703000,4,1,3,0
27000007705000,12,6,6,763.2
27000007706000,9,7,2,511.2
27000007727000,16,9,7,894.4
27010007677000,4,3,1,0
27010007679000,2,1,1,0
27010007688000,8,5,3,322.4
27010007689000,17,7,10,615.4
27010007706000,8,5,3,384.8
27010007707000,14,7,7,813.4
27010007710000,4,4,0,0
27010007711000,174,89,85,7516.8
27010007712000,73,37,36,3423.7
27010007719000,1,1,0,0
27010007727000,11,8,3,389.4
27020007676000,6,3,3,337.2
27020007716000,7,5,2,447.3
27020007717000,8,4,4,252
27020007718000,14,6,8,449.4
27020007719000,30,18,12,1224
27020007721000,11,4,7,414.7
27020007726000,103,55,48,4356.9
27020007727000,193,88,105,8414.8
27030007706000,2,1,1,0
27030007714000,10,6,4,518
27030007715000,2,1,1,0
27030007716000,4,2,2,0
27030007717000,44,24,20,1333.2
27030007718000,61,34,27,2665.7
27030007719000,81,39,42,3385.8
27030007720000,36,14,22,1627.2
27030007721000,95,49,46,3524.5
27030007722000,77,46,31,3257.1
27030007723000,49,32,17,2067.8
27030007724000,14,7,7,588
27030007725000,138,67,71,5602.8
27030007726000,245,122,123,9873.5
27030007727000,119,49,70,5604.9
27030007738000,13,6,7,778.7
27030007739000,1,1,0,0
27040007718000,8,4,4,446.4
27040007723000,30,14,16,1176
27040007724000,6,2,4,142.8
27040007727000,29,18,11,1476.1
27040007728000,38,16,22,1596
27040007735000,7,4,3,289.1
27040007736000,8,5,3,427.2
27040007737000,2,1,1,0
27050007724000,4,3,1,0
27050007728000,3,3,0,0
27050007729000,54,28,26,2311.2
27050007730000,4,2,2,0
27050007732000,4,1,3,0
27050007733000,1,0,1,0
27050007734000,4,3,1,0
27050007735000,19,10,9,877.8
27060007704000,48,26,22,2160
27060007705000,15,7,8,598.5
27060007706000,81,44,37,3426.3
27060007707000,165,89,76,6913.5
27060007728000,6,2,4,78
27060007729000,17,8,9,875.5
27060007730000,2,1,1,0
27060007734000,7,4,3,265.3
27060007735000,10,6,4,487
27060007780000,1,1,0,0
27070007703000,4,2,2,0
27070007704000,11,6,5,717.2
27070007705000,101,53,48,4393.5
27070007706000,244,126,118,9369.6
27070007707000,24,13,11,1106.4
27070007731000,8,4,4,310.4
27070007732000,5,3,2,325
27070007733000,10,5,5,485
27080007703000,8,2,6,407.2
27080007704000,11,6,5,467.5
27080007705000,24,12,12,1257.6
27080007706000,5,4,1,200
27080007781000,2,2,0,0
27080007782000,3,2,1,0
27080007783000,3,2,1,0
27080007796000,68,37,31,3454.4
27080007797000,75,37,38,2760
27090007722000,5,3,2,240
27090007723000,5,2,3,193
27090007780000,1,0,1,0
27100007728000,6,2,4,268.2
27100007729000,4,1,3,0
27100007748000,8,6,2,350.4
27110007747000,35,18,17,1529.5
27110007748000,15,10,5,562.5
27110007749000,8,5,3,372.8
27110007758000,1,1,0,0
27110007779000,6,4,2,355.2
27110007781000,6,4,2,328.8
27110007782000,2,1,1,0
27120007732000,1,1,0,0
27120007733000,1,1,0,0
27120007734000,4,1,3,0
27120007738000,14,6,8,526.4
27120007739000,6,3,3,427.8
27120007746000,20,10,10,914
27120007747000,23,14,9,1143.1
27120007754000,2,0,2,0
27120007755000,5,2,3,356
27120007756000,3,2,1,0
27120007757000,2,1,1,0
27120007779000,2,1,1,0
27130007732000,27,11,16,1520.1
27130007739000,8,4,4,564.8
27130007740000,11,7,4,524.7
27130007741000,10,6,4,386
27130007742000,2,1,1,0
27130007743000,1,0,1,0
27130007744000,18,8,10,750.6
27130007745000,18,9,9,1227.6
27130007746000,9,4,5,342
27130007748000,10,5,5,526
27130007780000,17,8,9,598.4
27140007719000,30,18,12,1344
27140007720000,21,11,10,756
27140007721000,38,22,16,1713.8
27140007731000,248,134,114,10267.2
27140007732000,8,3,5,212
27140007750000,21,10,11,1278.9
27140007752000,23,16,7,1230.5
27140007780000,12,7,5,490.8
27140007781000,36,18,18,1558.8
27140007782000,33,21,12,1452
27150007717000,14,8,6,452.2
27150007718000,5,3,2,362
27150007719000,31,20,11,1230.7
27150007720000,34,18,16,1169.6
27150007721000,44,21,23,1355.2
27150007722000,94,49,45,3703.6
27150007723000,24,14,10,1243.2
27150007724000,59,24,35,2448.5
27150007725000,29,19,10,1592.1
27150007726000,6,4,2,267
27150007730000,38,16,22,1816.4
27150007731000,68,39,29,2699.6
27150007750000,23,13,10,952.2
27150007751000,22,11,11,1185.8
27150007752000,3,1,2,0
27150007773000,2,1,1,0
27150007774000,4,2,2,0
27150007781000,15,7,8,586.5
27160007715000,3,1,2,0
27160007716000,11,5,6,601.7
27160007720000,8,5,3,288
27160007721000,21,12,9,1001.7
27160007722000,75,36,39,3225
27160007723000,60,33,27,2640
27160007724000,122,60,62,5099.6
27160007729000,25,13,12,1030
27160007730000,15,10,5,559.5
27160007751000,41,21,20,1525.2
27160007752000,3,1,2,0
27160007773000,1,0,1,0
27170007712000,5,3,2,134
27170007713000,1,1,0,0
27170007714000,6,4,2,229.2
27170007726000,2,1,1,0
27170007727000,10,4,6,711
27170007728000,26,11,15,1154.4
27170007729000,15,8,7,702
27170007752000,21,9,12,1079.4
27170007787000,2,1,1,0
27170007788000,4,1,3,0
27170007789000,7,4,3,326.9
27180007711000,1,1,0,0
27180007726000,2,1,1,0
27180007752000,27,16,11,1182.6
27180007760000,8,5,3,552
27180007761000,3,2,1,0
27180007762000,1,0,1,0
27180007786000,9,6,3,424.8
27180007787000,2,1,1,0
27180007788000,2,2,0,0
27180007789000,5,2,3,224
27180007790000,8,4,4,418.4
27180007791000,9,5,4,477.9
27180007792000,6,4,2,370.2
27190007722000,20,13,7,1228
27190007724000,9,6,3,543.6
27190007725000,3,3,0,0
27190007751000,2,1,1,0
27190007752000,19,8,11,813.2
27190007765000,2,1,1,0
27200007723000,14,7,7,593.6
27200007724000,4,2,2,0
27200007750000,24,14,10,691.2
27200007751000,27,16,11,1039.5
27200007752000,14,10,4,586.6
27200007753000,3,0,3,0
27200007754000,12,2,10,447.6
27200007782000,1,1,0,0
27200007784000,3,1,2,0
27200007785000,5,2,3,340
27210007723000,4,3,1,0
27210007749000,1,1,0,0
27210007754000,7,3,4,254.8
27210007755000,18,7,11,673.2
27210007756000,2,1,1,0
27210007760000,13,8,5,501.8
27210007783000,1,1,0,0
27210007784000,2,0,2,0
27220007723000,11,5,6,419.1
27220007756000,14,9,5,798
27220007757000,20,14,6,816
27220007758000,9,5,4,243
27220007759000,20,10,10,874
27230007723000,9,2,7,410.4
27230007760000,2,1,1,0
27230007767000,3,0,3,0
27230007768000,1,0,1,0
27240007723000,43,22,21,1874.8
27240007759000,13,10,3,618.8
27240007760000,26,11,15,930.8
27240007768000,5,2,3,334
27250007687000,5,3,2,108
27250007722000,18,13,5,937.8
27250007723000,13,6,7,582.4
27250007759000,6,4,2,352.8
27250007761000,19,10,9,1016.5
27250007769000,8,3,5,400.8
27260007721000,17,7,10,683.4
27260007760000,2,1,1,0
27260007761000,2,1,1,0
27260007762000,1,0,1,0
27260007768000,4,2,2,0
27260007769000,4,2,2,0
27260007774000,7,3,4,403.2
27260007780000,565,291,274,21696
27270007719000,8,5,3,475.2
27270007720000,88,47,41,4048
27270007721000,12,7,5,436.8
27270007754000,1,0,1,0
27270007755000,11,4,7,566.5
27270007768000,18,8,10,910.8
27270007774000,9,4,5,280.8
27270007775000,17,10,7,671.5
27270007778000,101,52,49,2343.2
27270007779000,386,190,196,15285.6
27270007780000,861,454,407,36678.6
27270007781000,425,198,227,17552.5
27280007718000,1,0,1,0
27280007719000,69,27,42,2511.6
27280007720000,86,47,39,2786.4
27280007752000,14,6,8,477.4
27280007753000,268,139,129,10693.2
27280007754000,1,0,1,0
27280007767000,11,5,6,404.8
27280007768000,13,8,5,681.2
27280007770000,3,1,2,0
27280007775000,12,8,4,630
27280007781000,90,43,47,2628
27290007677000,5,3,2,224
27290007718000,53,29,24,2369.1
27290007719000,34,19,15,1628.6
27290007752000,472,237,235,18738.4
27290007753000,79,41,38,3318
27290007768000,5,3,2,357
27290007775000,3,2,1,0
27290007777000,3,1,2,0
27300007718000,31,19,12,1559.3
27300007751000,49,28,21,1700.3
27300007752000,13,8,5,470.6
27310007716000,5,3,2,268
27310007717000,129,65,64,5521.2
27310007718000,35,17,18,1708
27310007751000,179,96,83,7679.1
27310007752000,10,7,3,512
27310007755000,18,10,8,768.6
27310007758000,1,0,1,0
27310007763000,3,1,2,0
27320007716000,48,23,25,2352
27320007717000,6,3,3,433.8
27320007748000,18,9,9,473.4
27320007749000,50,26,24,1935
27320007750000,95,46,49,3990
27320007751000,769,355,414,33605.3
27320007752000,371,189,182,14357.7
27320007753000,31,18,13,1370.2
27320007754000,28,12,16,926.8
27320007755000,4,2,2,0
27320007758000,23,11,12,938.4
27320007759000,28,14,14,915.6
27320007760000,9,5,4,592.2
27320007761000,14,6,8,687.4
27320007762000,3,2,1,0
27320007763000,11,7,4,469.7
27330007745000,2,1,1,0
27330007746000,14,6,8,525
27330007747000,18,11,7,633.6
27330007748000,15,9,6,586.5
27330007749000,62,30,32,2225.8
27330007751000,386,195,191,11232.6
27330007752000,9,7,2,314.1
27330007753000,8,3,5,135.2
27330007754000,25,13,12,970
27330007763000,4,1,3,0
27340007745000,11,6,5,324.5
27340007746000,4,3,1,0
27340007749000,31,16,15,1267.9
27340007754000,10,7,3,512
27340007755000,30,18,12,897
27340007763000,17,9,8,433.5
27340007764000,4,2,2,0
27340007801000,3,2,1,0
27340007803000,3,1,2,0
27350007742000,14,6,8,567
27350007749000,53,31,22,2120
27350007754000,5,2,3,196
27350007755000,23,11,12,828
27350007758000,2,1,1,0
27350007759000,3,1,2,0
27350007760000,1,1,0,0
27350007764000,10,5,5,273
27350007803000,1,1,0,0
27350007804000,1,1,0,0
27360007748000,1,1,0,0
27360007749000,6,4,2,289.2
27360007759000,3,2,1,0
27360007760000,8,4,4,378.4
27370007748000,7,4,3,196
27370007749000,48,26,22,1857.6
27370007757000,1,1,0,0
27370007761000,5,3,2,245
27370007762000,5,3,2,262
27370007763000,15,8,7,574.5
27370007764000,14,6,8,534.8
27370007765000,2,2,0,0
27370007766000,3,2,1,0
27370007767000,6,4,2,160.2
27370007769000,7,2,5,394.1
27370007770000,7,3,4,417.9
27380007747000,2,1,1,0
27380007748000,44,23,21,1685.2
27380007749000,2,1,1,0
27380007759000,1,1,0,0
27380007760000,18,9,9,883.8
27380007761000,2,1,1,0
27380007762000,24,11,13,1137.6
27380007763000,38,18,20,1326.2
27380007769000,28,13,15,1251.6
27390007747000,16,10,6,737.6
27390007748000,16,7,9,550.4
27390007762000,7,3,4,350
27390007769000,13,9,4,704.6
27400007742000,1,1,0,0
27400007743000,1,1,0,0
27400007744000,4,2,2,0
27400007746000,25,9,16,977.5
27400007747000,15,10,5,540
27400007767000,6,4,2,127.2
27400007769000,37,19,18,1598.4
27410007742000,28,14,14,859.6
27410007743000,42,19,23,1600.2
27410007744000,13,6,7,747.5
27410007745000,25,13,12,1020
27410007746000,21,10,11,810.6
27410007766000,6,2,4,237
27410007768000,12,6,6,436.8
27410007769000,12,7,5,441.6
27410007804000,1,1,0,0
27410007815000,2,2,0,0
27410007816000,2,2,0,0
27410007817000,1,1,0,0
27410007818000,1,1,0,0
27420007731000,1,1,0,0
27420007734000,6,2,4,210
27420007742000,17,10,7,676.6
27420007766000,13,6,7,287.3
27420007768000,84,45,39,3301.2
27430007731000,1,1,0,0
27430007734000,5,4,1,153
27430007737000,6,3,3,181.8
27430007740000,4,1,3,0
27430007741000,5,2,3,359
27430007766000,2,1,1,0
27430007767000,9,6,3,640.8
27430007768000,2,1,1,0
27440007729000,24,13,11,998.4
27440007730000,2,2,0,0
27440007734000,6,4,2,265.8
27440007736000,5,2,3,279
27440007737000,2,1,1,0
27440007738000,4,2,2,0
27440007739000,9,5,4,549
27440007740000,13,8,5,453.7
27440007741000,6,4,2,232.2
27440007767000,7,4,3,445.9
27440007806000,1,1,0,0
27450007728000,5,3,2,182
27450007729000,18,7,11,493.2
27450007736000,5,3,2,198
27450007763000,11,5,6,595.1
27450007764000,3,2,1,0
27450007802000,1,1,0,0
27460007727000,11,8,3,490.6
27460007763000,3,2,1,0
27460007764000,5,3,2,308
27460007765000,25,11,14,980
27460007766000,9,6,3,486
27460007810000,3,2,1,0
27460007811000,4,2,2,0
27460007813000,2,1,1,0
27470007759000,10,7,3,349
27470007764000,7,4,3,277.9
27470007765000,1,1,0,0
27470007809000,20,10,10,982
27470007810000,5,1,4,325
27480007776000,2,1,1,0
27480007808000,19,10,9,1020.3
27480007809000,2,2,0,0
27490007725000,7,4,3,256.2
27500007724000,1,1,0,0
27500007725000,5,3,2,260
27500007790000,12,7,5,717.6
27520007721000,3,1,2,0
27520007723000,3,3,0,0
27520007804000,6,4,2,390
27530007803000,9,8,1,460.8
27530007804000,4,2,2,0
27540007768000,1,1,0,0
27540007779000,30,17,13,1314
27550007718000,2,1,1,0
27550007779000,1,1,0,0
27550007780000,1,0,1,0
27550007807000,69,35,34,3546.6
27550007808000,42,24,18,1323
27550007809000,3,2,1,0
27570007850000,59,29,30,2017.8
27570007851000,51,36,15,2641.8
27580007766000,1,1,0,0
27580007785000,3,2,1,0
27580007850000,14,10,4,509.6
27580007851000,64,34,30,2540.8
27590007766000,1,0,1,0
27590007785000,10,7,3,596
27590007796000,10,8,2,645
27590007851000,41,26,15,1217.7
27600007764000,2,2,0,0
27600007786000,3,2,1,0
27600007787000,8,4,4,464
27600007849000,2,1,1,0
27610007763000,7,4,3,357
27610007764000,4,2,2,0
27610007787000,10,4,6,524
27620007763000,11,5,6,667.7
27620007848000,3,1,2,0
27630007761000,2,2,0,0
27630007762000,18,10,8,882
27630007763000,13,6,7,587.6
27630007774000,5,2,3,119
27630007787000,2,2,0,0
27630007847000,1,1,0,0
27630007848000,4,2,2,0
27640007762000,5,3,2,207
27640007763000,1,0,1,0
27640007766000,3,1,2,0
27640007767000,9,5,4,170.1
27640007768000,17,7,10,698.7
27640007774000,11,7,4,378.4
27640007775000,4,2,2,0
27640007788000,6,3,3,96
27650007755000,6,5,1,292.8
27650007758000,1,0,1,0
27650007761000,6,3,3,243
27650007762000,16,9,7,574.4
27650007766000,20,10,10,982
27650007788000,6,4,2,262.2
27650007789000,14,9,5,568.4
27650007790000,1,1,0,0
27650007835000,31,17,14,1435.3
27650007836000,31,17,14,1519
27650007837000,12,7,5,555.6
27650007838000,6,5,1,187.2
27660007754000,2,1,1,0
27660007756000,7,4,3,398.3
27660007760000,10,6,4,308
27660007762000,3,2,1,0
27660007763000,15,9,6,496.5
27660007766000,13,6,7,547.3
27660007774000,3,1,2,0
27660007775000,7,4,3,468.3
27660007783000,2,1,1,0
27660007788000,5,3,2,104
27660007789000,3,1,2,0
27660007807000,9,4,5,585.9
27660007808000,2,2,0,0
27660007834000,1,1,0,0
27660007835000,237,102,135,9645.9
27660007836000,100,52,48,3610
27670007752000,5,3,2,100
27670007761000,15,9,6,688.5
27670007762000,1,1,0,0
27670007763000,10,4,6,384
27670007766000,36,16,20,1576.8
27670007774000,11,6,5,588.5
27670007775000,9,4,5,569.7
27670007776000,14,8,6,701.4
27670007777000,4,2,2,0
27670007778000,4,3,1,0
27670007779000,7,4,3,340.9
27670007781000,7,4,3,457.1
27670007782000,11,6,5,600.6
27670007808000,3,2,1,0
27670007809000,3,2,1,0
27670007810000,23,13,10,1023.5
27670007811000,34,20,14,1550.4
27670007835000,25,14,11,1122.5
27670007836000,9,5,4,561.6
27680007752000,8,2,6,336
27680007763000,2,1,1,0
27680007765000,6,2,4,319.2
27680007766000,14,7,7,618.8
27680007773000,59,31,28,2483.9
27680007774000,40,20,20,1424
27680007775000,2,1,1,0
27680007776000,11,7,4,422.4
27680007777000,6,4,2,351
27680007778000,6,3,3,307.8
27680007779000,2,1,1,0
27680007780000,4,1,3,0
27680007781000,7,4,3,279.3
27680007782000,5,3,2,169
27680007811000,28,15,13,1372
27680007812000,6,4,2,342
27680007813000,6,5,1,465
27680007842000,2,1,1,0
27680007845000,1,1,0,0
27690007763000,5,3,2,118
27690007764000,36,17,19,1616.4
27690007765000,9,4,5,295.2
27690007773000,55,32,23,1749
27690007774000,237,115,122,10001.4
27690007775000,30,14,16,1521
27690007784000,22,14,8,943.8
27690007785000,14,8,6,674.8
27690007839000,9,5,4,342
27690007847000,237,134,103,10025.1
27700007752000,5,2,3,242
27700007758000,4,2,2,0
27700007764000,13,6,7,474.5
27700007772000,17,7,10,749.7
27700007773000,1,1,0,0
27700007784000,3,2,1,0
27700007785000,10,6,4,418
27700007847000,15,8,7,627
27700007848000,74,40,34,3056.2
27700007849000,5,4,1,308
27710007752000,9,4,5,428.4
27710007758000,3,2,1,0
27710007771000,11,6,5,357.5
27710007772000,12,7,5,457.2
27710007785000,5,3,2,245
27720007751000,15,9,6,790.5
27720007752000,2,1,1,0
27720007755000,7,5,2,301.7
27720007757000,21,12,9,987
27720007786000,11,5,6,575.3
27720007806000,8,5,3,308
27720007807000,4,4,0,0
27730007751000,3,1,2,0
27730007752000,1,0,1,0
27730007756000,1,0,1,0
27730007757000,2,1,1,0
27730007808000,3,1,2,0
27740007752000,2,1,1,0
27740007754000,4,2,2,0
27740007786000,2,1,1,0
27750007750000,2,1,1,0
27750007752000,4,1,3,0
27750007753000,3,2,1,0
27750007786000,15,6,9,394.5
27750007800000,3,2,1,0
27760007785000,1,1,0,0
27760007786000,3,1,2,0
27760007787000,16,9,7,668.8
27760007801000,6,3,3,345
27760007802000,8,6,2,368.8
27760007803000,1,1,0,0
27760007804000,2,1,1,0
27760007805000,4,3,1,0
27760007808000,5,3,2,303
27760007809000,186,99,87,9318.6
27760007810000,178,91,87,7529.4
27760007811000,135,74,61,5130
27770007784000,3,2,1,0
27770007785000,1,1,0,0
27770007787000,3,2,1,0
27770007808000,119,68,51,5152.7
27780007783000,8,5,3,304.8
27780007784000,18,11,7,581.4
27780007785000,10,5,5,584
27780007786000,1,1,0,0
27780007788000,13,8,5,478.4
27790007782000,3,0,3,0
27790007783000,15,9,6,436.5
27790007789000,2,1,1,0
27810007791000,5,2,3,345
27810007799000,2,1,1,0
27830007789000,3,3,0,0
27830007792000,10,7,3,692
27840007792000,6,5,1,265.2
27840007795000,2,1,1,0
27840007796000,4,4,0,0
27840007797000,5,3,2,309
27840007798000,2,1,1,0
27850007795000,5,4,1,174
27850007796000,5,3,2,268
27860007792000,2,1,1,0
27870007792000,1,1,0,0
27890007794000,2,2,0,0
27910007792000,2,2,0,0
27930007822000,18,9,9,509.4
27940007794000,2,1,1,0
27940007820000,16,8,8,710.4
27940007822000,3,2,1,0
27940007860000,1,1,0,0
27940007861000,4,3,1,0
27940007862000,4,3,1,0
27950007795000,1,0,1,0
27950007819000,6,4,2,265.2
27950007820000,29,15,14,1084.6
27960007795000,1,1,0,0
27960007862000,1,1,0,0
27970007870000,3,2,1,0
27980007796000,2,1,1,0
27980007797000,7,4,3,448.7
27980007798000,1,1,0,0
27990007797000,11,6,5,298.1
27990007798000,1,1,0,0
27990007868000,2,2,0,0
28000007788000,2,1,1,0
28000007863000,1,1,0,0
28010007788000,2,0,2,0
28010007789000,29,14,15,1148.4
28010007790000,70,34,36,2548
28010007822000,7,4,3,296.1
28010007823000,1,0,1,0
28010007846000,4,2,2,0
28010007862000,2,1,1,0
28020007767000,1,0,1,0
28020007789000,156,76,80,5413.2
28020007790000,107,60,47,4889.9
28020007794000,7,4,3,471.8
28020007795000,2,1,1,0
28020007797000,2,1,1,0
28020007798000,17,10,7,506.6
28020007799000,12,7,5,504
28020007800000,16,8,8,657.6
28020007820000,1,1,0,0
28020007846000,16,10,6,993.6
28020007847000,3,2,1,0
28030007788000,3,3,0,0
28030007789000,16,10,6,633.6
28030007792000,6,4,2,124.8
28030007793000,1,1,0,0
28030007818000,2,1,1,0
28030007864000,4,3,1,0
28040007770000,5,2,3,179
28040007817000,3,3,0,0
28040007866000,1,1,0,0
28040007878000,4,3,1,0
28050007770000,4,1,3,0
28050007771000,7,4,3,249.9
28050007772000,8,3,5,256.8
28050007787000,15,10,5,742.5
28050007817000,4,2,2,0
28060007773000,5,3,2,277
28060007774000,9,4,5,321.3
28060007775000,18,10,8,698.4
28060007776000,14,6,8,519.4
28060007777000,9,4,5,138.6
28060007778000,39,13,26,2012.4
28060007779000,21,10,11,831.6
28060007789000,7,4,3,224
28070007776000,3,2,1,0
28070007779000,23,9,14,775.1
28070007780000,8,5,3,350.4
28070007868000,1,1,0,0
28070007875000,18,12,6,894.6
28070007876000,3,1,2,0
28080007775000,1,1,0,0
28080007781000,20,7,13,800
28080007782000,1,1,0,0
28080007783000,1,1,0,0
28080007785000,5,2,3,258
28080007786000,1,0,1,0
28080007810000,1,0,1,0
28080007875000,55,28,27,2167
28090007778000,80,44,36,3272
28090007779000,21,10,11,749.7
28090007780000,63,31,32,2085.3
28090007782000,17,10,7,693.6
28090007783000,1,0,1,0
28090007802000,4,2,2,0
28090007809000,4,2,2,0
28090007810000,16,11,5,1016
28090007811000,5,2,3,267
28090007875000,2,1,1,0
28100007778000,11,7,4,371.8
28100007802000,2,1,1,0
28100007811000,2,1,1,0
28100007848000,8,4,4,476.8
28110007781000,26,13,13,904.8
28110007802000,11,7,4,495
28110007846000,11,7,4,405.9
28110007847000,10,6,4,666
28120007682000,8,4,4,376
28120007780000,112,63,49,4256
28120007781000,227,110,117,7445.6
28120007803000,9,8,1,476.1
28120007806000,4,2,2,0
28120007846000,8,4,4,288.8
28120007847000,2,1,1,0
28130007682000,3,2,1,0
28130007772000,2,1,1,0
28130007773000,134,80,54,4703.4
28130007774000,39,17,22,1134.9
28130007775000,2,1,1,0
28130007780000,20,10,10,456
28130007781000,1782,867,915,61300.8
28130007782000,888,455,433,36408
28130007798000,2,1,1,0
28130007814000,7,4,3,247.1
28130007816000,8,6,2,351.2
28130007849000,7,6,1,298.9
28140007774000,32,18,14,1462.4
28140007775000,43,22,21,1904.9
28140007777000,17,10,7,545.7
28140007778000,76,40,36,2530.8
28140007779000,60,30,30,1722
28140007780000,29,17,12,1290.5
28140007781000,687,359,328,20816.1
28140007782000,899,437,462,34611.5
28140007783000,1113,557,556,43740.9
28140007784000,389,189,200,15248.8
28140007803000,1,0,1,0
28140007812000,2,1,1,0
28140007814000,4,2,2,0
28140007815000,6,3,3,262.8
28140007817000,5,4,1,347
28140007851000,3,3,0,0
28150007774000,11,6,5,365.2
28150007775000,12,6,6,639.6
28150007776000,91,44,47,2811.9
28150007777000,7,3,4,235.9
28150007778000,61,33,28,2421.7
28150007779000,123,64,59,3874.5
28150007780000,7,3,4,263.2
28150007781000,122,64,58,3989.4
28150007782000,70,40,30,2716
28150007783000,681,337,344,28942.5
28150007784000,928,450,478,36192
28150007785000,121,52,69,4404.4
28150007786000,288,156,132,8438.4
28150007798000,9,4,5,317.7
28150007802000,1,1,0,0
28150007812000,17,8,9,1106.7
28150007814000,5,3,2,143
28150007815000,17,11,6,783.7
28150007816000,2,1,1,0
28150007817000,9,6,3,334.8
28150007847000,15,10,5,694.5
28160007667000,40,19,21,1668
28160007679000,41,26,15,1656.4
28160007680000,1,1,0,0
28160007772000,5,3,2,203
28160007774000,4,2,2,0
28160007775000,2,1,1,0
28160007776000,37,18,19,1150.7
28160007778000,90,43,47,3222
28160007779000,12,7,5,514.8
28160007780000,38,18,20,1288.2
28160007781000,16,5,11,353.6
28160007782000,39,20,19,1556.1
28160007783000,41,21,20,1648.2
28160007784000,531,274,257,18903.6
28160007785000,80,38,42,3560
28160007786000,115,60,55,4220.5
28160007798000,3,1,2,0
28160007801000,8,4,4,275.2
28160007807000,4,2,2,0
28160007812000,7,5,2,366.1
28160007813000,4,3,1,0
28160007815000,7,5,2,403.9
28160007816000,6,2,4,427.2
28160007817000,8,5,3,524
28160007847000,4,2,2,0
28160007849000,4,3,1,0
28160007850000,5,2,3,214
28160007851000,1,1,0,0
28170007668000,26,16,10,842.4
28170007771000,3,2,1,0
28170007772000,4,2,2,0
28170007773000,18,11,7,705.6
28170007779000,3,1,2,0
28170007780000,17,10,7,826.2
28170007781000,34,18,16,1373.6
28170007782000,15,10,5,646.5
28170007783000,625,318,307,18875
28170007784000,765,379,386,27463.5
28170007790000,3,2,1,0
28170007800000,58,28,30,2146
28170007801000,53,26,27,2347.9
28170007845000,6,3,3,177
28170007850000,4,2,2,0
28170007852000,6,3,3,268.8
28180007772000,13,9,4,539.5
28180007779000,2,1,1,0
28180007782000,44,25,19,1658.8
28180007783000,71,40,31,2698
28180007784000,434,202,232,17533.6
28180007785000,15,10,5,568.5
28180007790000,4,3,1,0
28180007800000,10,7,3,490
28180007801000,10,5,5,643
28180007822000,2,2,0,0
28180007823000,3,1,2,0
28180007824000,3,2,1,0
28180007855000,14,8,6,662.2
28180007856000,6,2,4,108
28180007863000,303,146,157,13332
28180007864000,46,24,22,1950.4
28190007675000,9,5,4,272.7
28190007676000,19,8,11,632.7
28190007677000,3,1,2,0
28190007782000,416,209,207,12937.6
28190007783000,1785,901,884,61047
28190007784000,525,270,255,19320
28190007790000,11,6,5,519.2
28190007791000,38,18,20,1330
28190007800000,10,5,5,286
28190007819000,1,1,0,0
28190007824000,12,6,6,648
28190007856000,60,31,29,2022
28190007857000,24,11,13,1020
28190007858000,22,14,8,789.8
28190007859000,90,54,36,3888
28190007860000,668,352,316,26185.6
28190007861000,36,19,17,1314
28190007862000,697,364,333,31783.2
28190007863000,914,470,444,35554.6
28190007864000,892,437,455,31576.8
28190007865000,586,288,298,20451.4
28200007674000,109,62,47,4687
28200007675000,168,90,78,7240.8
28200007676000,253,125,128,9006.8
28200007677000,389,183,206,13809.5
28200007678000,75,40,35,3052.5
28200007780000,16,11,5,673.6
28200007781000,44,24,20,1870
28200007782000,73,35,38,2445.5
28200007783000,792,392,400,24552
28200007784000,46,28,18,1407.6
28200007791000,4,2,2,0
28200007819000,8,5,3,475.2
28200007820000,1,0,1,0
28200007821000,1,1,0,0
28200007824000,3,2,1,0
28200007830000,2,1,1,0
28200007831000,8,3,5,519.2
28200007859000,775,398,377,26892.5
28200007860000,325,164,161,12122.5
28200007861000,326,161,165,10562.4
28200007862000,1563,786,777,61113.3
28200007863000,902,469,433,34546.6
28200007864000,137,74,63,4411.4
28200007865000,546,278,268,16707.6
28200007866000,54,26,28,1501.2
28210007673000,3,2,1,0
28210007674000,39,24,15,1478.1
28210007675000,241,105,136,8001.2
28210007676000,29,15,14,1122.3
28210007677000,153,85,68,5844.6
28210007678000,331,168,163,12644.2
28210007679000,115,57,58,3887
28210007780000,66,34,32,2310
28210007781000,36,18,18,1162.8
28210007782000,55,30,25,1534.5
28210007783000,420,211,209,10962
28210007784000,284,142,142,9002.8
28210007785000,10,6,4,564
28210007791000,36,20,16,1306.8
28210007832000,2,1,1,0
28210007833000,2,1,1,0
28210007862000,527,257,270,19815.2
28210007863000,232,114,118,8328.8
28220007671000,7,2,5,158.9
28220007672000,56,32,24,2094.4
28220007673000,7,3,4,223.3
28220007679000,8,5,3,360
28220007680000,70,35,35,2646
28220007681000,14,8,6,631.4
28220007770000,6,4,2,322.2
28220007780000,44,20,24,1927.2
28220007785000,55,25,30,1947
28220007786000,8,5,3,399.2
28220007791000,7,3,4,174.3
28220007821000,4,1,3,0
28220007833000,1,0,1,0
28220007834000,8,4,4,328.8
28220007852000,2,1,1,0
28220007901000,30,20,10,1182
28230007670000,1,1,0,0
28230007671000,5,3,2,185
28230007778000,3,2,1,0
28230007779000,60,28,32,2424
28230007780000,53,29,24,1886.8
28230007781000,8,5,3,372
28230007785000,12,8,4,404.4
28230007786000,95,48,47,2973.5
28230007787000,8,4,4,448.8
28230007788000,11,7,4,496.1
28230007789000,5,2,3,210
28230007791000,62,31,31,2362.2
28230007835000,4,2,2,0
28230007836000,1,1,0,0
28230007849000,2,1,1,0
28230007850000,16,8,8,513.6
28230007866000,1,1,0,0
28230007869000,248,136,112,8035.2
28230007870000,11,6,5,501.6
28230007901000,8,4,4,462.4
28240007769000,2,1,1,0
28240007770000,4,2,2,0
28240007773000,1,1,0,0
28240007779000,143,75,68,4876.3
28240007780000,125,65,60,4687.5
28240007781000,8,4,4,179.2
28240007790000,126,66,60,4397.4
28240007791000,272,142,130,8894.4
28240007792000,6,5,1,190.2
28240007869000,3,2,1,0
28250007767000,26,15,11,616.2
28250007768000,9,5,4,315.9
28250007779000,173,84,89,4117.4
28250007780000,16,11,5,574.4
28250007790000,18,8,10,1027.8
28250007901000,1,1,0,0
28260007661000,4,2,2,0
28260007662000,2,0,2,0
28260007684000,4,3,1,0
28260007689000,4,1,3,0
28260007766000,5,1,4,172
28260007767000,12,7,5,447.6
28260007840000,14,7,7,532
28260007841000,6,2,4,283.2
28260007900000,12,5,7,477.6
28260007908000,1,1,0,0
28260007909000,2,2,0,0
28260007910000,5,4,1,285
28260007911000,20,14,6,946
28270007678000,10,3,7,329
28270007679000,5,3,2,260
28270007687000,14,7,7,716.8
28270007688000,27,16,11,1063.8
28270007689000,19,10,9,1086.8
28270007838000,41,21,20,1635.9
28270007839000,19,11,8,881.6
28270007840000,8,3,5,196
28270007841000,4,3,1,0
28270007842000,9,5,4,253.8
28270007846000,4,3,1,0
28270007910000,1,1,0,0
28280007677000,5,4,1,204
28280007678000,31,16,15,1193.5
28280007679000,24,15,9,974.4
28280007690000,12,5,7,499.2
28280007846000,7,4,3,371
28280007898000,1,1,0,0
28280007901000,1,1,0,0
28280007907000,1,1,0,0
28290007691000,3,1,2,0
28290007747000,4,2,2,0
28290007901000,8,5,3,371.2
28290007902000,5,3,2,282
28300007902000,16,9,7,822.4
28310007743000,3,1,2,0
28320007693000,35,23,12,1291.5
28320007737000,3,2,1,0
28320007845000,3,1,2,0
28320007848000,47,24,23,2350
28330007694000,3,3,0,0
28330007695000,1,0,1,0
28330007845000,13,5,8,573.3
28330007846000,262,132,130,11423.2
28330007847000,32,16,16,1318.4
28330007848000,32,15,17,1209.6
28330007849000,19,12,7,699.2
28330007850000,8,4,4,432
28330007851000,1,1,0,0
28340007649000,17,9,8,887.4
28340007696000,47,28,19,1673.2
28340007847000,32,18,14,1945.6
28350007697000,60,29,31,2196
28350007847000,46,24,22,2221.8
28360007697000,17,8,9,557.6
28360007770000,1,1,0,0
28360007846000,4,2,2,0
28360007847000,22,8,14,1141.8
28370007725000,71,38,33,2698
28370007726000,12,7,5,668.4
28370007846000,16,10,6,756.8
28370007850000,4,3,1,0
28370007851000,17,10,7,1023.4
28370007854000,1,0,1,0
28380007698000,3,2,1,0
28380007727000,19,12,7,1107.7
28380007728000,71,38,33,2563.1
28380007846000,8,4,4,450.4
28380007850000,14,7,7,809.2
28380007851000,7,3,4,345.1
28380007854000,1,1,0,0
28380007855000,3,2,1,0
28390007728000,56,33,23,2424.8
28390007729000,18,9,9,682.2
28390007730000,6,3,3,225
28390007846000,2,2,0,0
28400007732000,2,1,1,0
28400007735000,2,1,1,0
28400007850000,2,1,1,0
28410007845000,3,2,1,0
28420007845000,26,20,6,1406.6
28420007868000,2,2,0,0
28430007702000,1,1,0,0
28430007848000,1,0,1,0
28430007868000,5,4,1,300
28440007650000,4,1,3,0
28440007844000,7,3,4,161
28440007845000,2,1,1,0
28450007702000,12,7,5,699.6
28450007846000,3,2,1,0
28460007702000,4,2,2,0
28460007703000,24,14,10,1024.8
28460007842000,20,11,9,784
28460007843000,5,3,2,137
28460007844000,13,9,4,691.6
28460007868000,1,1,0,0
28470007713000,7,6,1,305.2
28470007714000,2,1,1,0
28470007842000,6,2,4,304.8
28470007843000,2,1,1,0
28480007876000,2,2,0,0
28480007904000,41,26,15,2197.6
28490007830000,2,1,1,0
28490007876000,3,2,1,0
28490007877000,3,1,2,0
28490007882000,2,1,1,0
28490007904000,210,104,106,9009
28490007905000,545,280,265,22890
28500007881000,11,6,5,730.4
28500007882000,3,2,1,0
28500007904000,106,51,55,4218.8
28500007905000,112,60,52,5308.8
28510007653000,1,1,0,0
28510007880000,2,1,1,0
28510007881000,9,5,4,650.7
28510007883000,3,1,2,0
28510007905000,1,0,1,0
28520007717000,8,3,5,244.8
28520007718000,2,2,0,0
28520007842000,17,10,7,741.2
28520007882000,10,7,3,432
28530007718000,3,2,1,0
28530007841000,6,4,2,184.2
28530007842000,4,2,2,0
28530007863000,1,1,0,0
28530007871000,5,3,2,354
28540007760000,2,2,0,0
28540007841000,25,13,12,837.5
28540007842000,2,1,1,0
28540007862000,34,15,19,1159.4
28540007871000,6,3,3,463.2
28550007723000,1,1,0,0
28550007861000,3,2,1,0
28550007862000,30,17,13,1599
28560007862000,54,27,27,2505.6
28570007863000,10,5,5,542
28570007864000,3,2,1,0
28570007865000,5,2,3,227
28580007734000,1,1,0,0
28580007863000,1,0,1,0
28600007722000,4,3,1,0
28600007723000,20,12,8,998
28610007908000,41,23,18,2103.3
28620007908000,8,8,0,298.4
28650007741000,7,4,3,237.3
28680007823000,2,1,1,0
28690007723000,3,3,0,0
28690007724000,1,0,1,0
28720007815000,7,5,2,345.1
28720007851000,2,1,1,0
28720007852000,2,2,0,0
28720007853000,2,0,2,0
28730007815000,12,7,5,559.2
28730007816000,6,2,4,321
28730007817000,5,0,5,169
28730007818000,2,2,0,0
28730007819000,8,5,3,494.4
28730007820000,12,6,6,513.6
28730007821000,19,8,11,672.6
28730007822000,2,2,0,0
28730007849000,18,10,8,723.6
28730007850000,25,11,14,1255
28730007851000,7,6,1,468.3
28730007852000,6,3,3,295.2
28730007853000,3,2,1,0
28730007854000,11,5,6,580.8
28730007855000,20,10,10,1134
28730007856000,3,1,2,0
28730007920000,127,71,56,5778.5
28740007849000,13,7,6,886.6
28740007850000,5,2,3,278
28740007855000,7,5,2,371.7
28740007856000,1,0,1,0
28740007920000,18,9,9,799.2
28750007804000,1,1,0,0
28750007807000,1,0,1,0
28750007824000,8,4,4,270.4
28750007831000,12,5,7,472.8
28750007832000,6,3,3,436.2
28750007835000,1,1,0,0
28750007836000,13,8,5,535.6
28750007837000,7,4,3,471.8
28750007849000,5,2,3,314
28760007799000,24,11,13,595.2
28760007800000,14,10,4,348.6
28760007801000,4,2,2,0
28760007802000,158,88,70,6651.8
28760007803000,241,112,129,9326.7
28760007804000,8,6,2,291.2
28760007825000,2,1,1,0
28760007826000,10,6,4,403
28760007827000,11,7,4,581.9
28760007828000,2,0,2,0
28760007831000,55,30,25,2596
28760007832000,36,19,17,1940.4
28760007833000,15,9,6,600
28760007835000,2,1,1,0
28760007838000,2,1,1,0
28760007839000,1,1,0,0
28760007850000,3,1,2,0
28770007728000,11,5,6,389.4
28770007729000,15,10,5,751.5
28770007795000,9,5,4,333
28770007797000,10,7,3,506
28770007798000,4,1,3,0
28770007799000,22,12,10,792
28770007800000,40,19,21,1412
28770007801000,334,157,177,12458.2
28770007802000,449,204,245,19217.2
28770007803000,237,118,119,7797.3
28770007827000,14,5,9,455
28770007828000,7,3,4,209.3
28770007829000,7,3,4,357.7
28770007830000,4,1,3,0
28770007831000,7,6,1,347.2
28770007832000,8,2,6,444
28770007860000,1,1,0,0
28780007793000,3,2,1,0
28780007794000,9,6,3,367.2
28780007795000,20,13,7,1024
28780007797000,2,1,1,0
28780007798000,6,3,3,189
28780007799000,5,3,2,207
28780007800000,80,35,45,2912
28780007801000,523,251,272,21599.9
28780007802000,342,173,169,13132.8
28780007803000,9,2,7,378
28780007804000,1,0,1,0
28780007827000,1,1,0,0
28780007829000,25,13,12,1052.5
28780007830000,3,2,1,0
28780007832000,1,1,0,0
28780007862000,4,2,2,0
28790007793000,8,3,5,262.4
28790007794000,3,2,1,0
28790007800000,6,4,2,141
28790007802000,66,33,33,2778.6
28790007803000,1,0,1,0
28790007807000,10,6,4,396
28790007829000,1,1,0,0
28790007830000,3,1,2,0
28790007833000,4,2,2,0
28790007842000,1,1,0,0
28790007843000,1,1,0,0
28790007845000,3,2,1,0
28790007846000,4,2,2,0
28790007847000,3,2,1,0
28790007848000,6,3,3,190.8
28790007851000,2,1,1,0
28800007802000,72,34,38,2656.8
28800007803000,79,40,39,3081
28800007804000,40,17,23,1612
28800007805000,9,5,4,271.8
28800007806000,31,18,13,1494.2
28800007807000,1,1,0,0
28800007831000,4,2,2,0
28800007847000,2,1,1,0
28800007848000,10,5,5,596
28800007849000,3,3,0,0
28810007786000,9,7,2,213.3
28810007801000,5,2,3,316
28810007802000,19,12,7,839.8
28810007803000,34,21,13,1611.6
28810007806000,6,3,3,328.8
28810007807000,3,2,1,0
28820007802000,32,15,17,1286.4
28820007803000,14,7,7,547.4
28830007801000,8,4,4,495.2
28830007802000,2,1,1,0
28830007803000,20,8,12,808
28830007804000,58,33,25,2407
28830007805000,4,3,1,0
28840007804000,12,6,6,258
28850007778000,3,2,1,0
28850007779000,3,1,2,0
28850007805000,16,8,8,804.8
28860007772000,3,1,2,0
28860007779000,31,15,16,1460.1
28860007780000,4,2,2,0
28860007807000,6,3,3,369
28860007907000,2,1,1,0
28870007779000,8,4,4,276.8
28880007777000,2,1,1,0
28880007779000,3,2,1,0
28880007883000,2,1,1,0
28880007884000,3,1,2,0
28880007924000,2,1,1,0
28890007835000,2,1,1,0
28890007909000,2,1,1,0
28890007924000,64,35,29,2995.2
28890007925000,3,2,1,0
28900007779000,2,1,1,0
28900007839000,1,0,1,0
28900007882000,3,1,2,0
28900007883000,5,2,3,322
28900007909000,12,6,6,537.6
28910007772000,2,1,1,0
28910007834000,6,3,3,298.2
28910007841000,2,1,1,0
28910007842000,6,5,1,370.2
28910007843000,2,1,1,0
28910007883000,4,1,3,0
28910007897000,2,2,0,0
28910007900000,1,1,0,0
28920007900000,2,1,1,0
28930007830000,2,1,1,0
28930007835000,20,6,14,1098
28930007836000,3,2,1,0
28930007844000,5,4,1,303
28930007845000,4,2,2,0
28930007914000,1,1,0,0
28930007917000,23,15,8,1085.6
28930007918000,65,37,28,2697.5
28940007831000,3,1,2,0
28940007832000,3,2,1,0
28940007833000,1,1,0,0
28940007834000,7,5,2,380.1
28940007835000,20,12,8,1030
28940007836000,19,12,7,967.1
28950007834000,5,2,3,182
28950007835000,23,13,10,1396.1
28950007836000,22,10,12,926.2
28950007837000,13,7,6,630.5
28960007730000,6,5,1,364.2
28960007731000,6,3,3,334.8
28960007732000,2,1,1,0
28960007835000,3,1,2,0
28960007836000,13,9,4,678.6
28960007837000,26,17,9,1105
28960007910000,35,20,15,1431.5
28960007911000,63,34,29,2853.9
28960007912000,285,145,140,11172
28960007913000,349,188,161,15041.9
28960007914000,3,2,1,0
28970007731000,4,2,2,0
28970007758000,1,1,0,0
28970007838000,3,2,1,0
28970007857000,6,4,2,361.8
28970007910000,701,350,351,30283.2
28970007911000,787,398,389,33604.9
28970007912000,206,107,99,7457.2
28980007857000,4,2,2,0
28980007858000,5,3,2,287
28980007859000,4,3,1,0
28980007910000,12,5,7,345.6
28990007737000,1,0,1,0
28990007911000,242,131,111,8736.2
28990007912000,168,92,76,6686.4
29000007862000,7,6,1,445.2
29010007736000,1,1,0,0
29010007737000,2,2,0,0
29010007753000,3,0,3,0
29010007787000,1,1,0,0
29020007737000,24,12,12,991.2
29030007737000,2,1,1,0
29030007738000,9,6,3,343.8
29030007867000,1,1,0,0
29040007737000,4,3,1,0
29040007738000,12,6,6,442.8
29040007869000,1,1,0,0
29050007738000,38,21,17,1345.2
29050007739000,30,17,13,1134
29060007738000,83,38,45,3295.1
29060007739000,35,19,16,1312.5
29060007740000,3,2,1,0
29060007741000,6,4,2,217.2
29070007739000,26,16,10,995.8
29070007740000,110,61,49,4488
29080007739000,12,8,4,236.4
29080007740000,36,21,15,1674
29080007741000,52,27,25,1814.8
29080007742000,52,24,28,1539.2
29090007740000,384,185,199,11980.8
29090007741000,286,142,144,12155
29090007742000,488,256,232,20544.8
29090007743000,76,45,31,3131.2
29090007843000,2,1,1,0
29100007740000,94,49,45,3637.8
29100007741000,136,65,71,6160.8
29100007742000,370,195,175,15799
29100007743000,8,6,2,327.2
29110007741000,25,12,13,865
29110007742000,10,6,4,298
29120007740000,6,3,3,243
29120007741000,11,7,4,368.5
29130007740000,15,6,9,610.5
29130007741000,3,1,2,0
29140007740000,3,1,2,0
29170007739000,3,2,1,0
29170007740000,8,3,5,280
29180007739000,7,3,4,231.7
29180007740000,3,2,1,0
29190007739000,14,6,8,417.2
29190007740000,4,1,3,0
29200007719000,1,1,0,0
29200007739000,11,6,5,368.5
29200007740000,5,3,2,291
29200007753000,1,0,1,0
29200007769000,2,2,0,0
29210007713000,2,1,1,0
29210007714000,3,1,2,0
29210007718000,5,2,3,210
29210007724000,1,1,0,0
29210007737000,4,3,1,0
29210007738000,9,4,5,369.9
29210007739000,2,1,1,0
29210007741000,4,2,2,0
29210007747000,1,1,0,0
29210007768000,1,0,1,0
29210007769000,11,7,4,605
29220007736000,10,6,4,371
29220007737000,18,10,8,808.2
29220007746000,7,2,5,231.7
29220007750000,5,2,3,90
29220007751000,2,1,1,0
29230007736000,14,9,5,494.2
29230007756000,3,2,1,0
29230007764000,3,1,2,0
29240007773000,1,1,0,0
29240007880000,8,6,2,508
29250007880000,11,5,6,531.3
29260007878000,4,2,2,0
29260007879000,2,2,0,0
29260007880000,2,1,1,0
29260007881000,8,5,3,292
29270007879000,1,1,0,0
29280007776000,2,1,1,0
29280007777000,5,3,2,241
29290007778000,2,1,1,0
29290007844000,4,3,1,0
29290007845000,16,8,8,876.8
29290007846000,2,1,1,0
29290007859000,1,1,0,0
29300007844000,7,4,3,261.8
29300007845000,5,2,3,318
29340007854000,1,1,0,0
29350007795000,1,0,1,0
29350007796000,2,1,1,0
29350007854000,1,1,0,0
29360007798000,1,1,0,0
29360007799000,1,1,0,0
29420007860000,6,4,2,334.8
29420007861000,5,2,3,207
29420007873000,46,20,26,1895.2
29420007874000,15,7,8,637.5
29430007860000,1,1,0,0
29430007867000,2,2,0,0
29430007871000,2,1,1,0
29430007872000,2,1,1,0
29430007873000,32,19,13,1430.4
29430007874000,2,1,1,0
29430007910000,13,9,4,731.9
29430007911000,12,7,5,717.6
29440007860000,2,2,0,0
29440007868000,2,1,1,0
29440007871000,8,4,4,202.4
29440007911000,20,11,9,632
29440007916000,26,12,14,657.8
29450007866000,4,3,1,0
29450007910000,7,1,6,149.8
29450007916000,39,19,20,1095.9
29460007864000,6,3,3,115.2
29460007911000,1,1,0,0
29460007916000,195,100,95,7312.5
29460007917000,189,103,86,8410.5
29470007865000,1,0,1,0
29470007916000,152,87,65,6353.6
29470007917000,409,216,193,17791.5
29480007864000,1,0,1,0
29490007861000,5,2,3,159
29490007862000,2,1,1,0
29490007913000,1,1,0,0
29490007914000,9,4,5,359.1
29500007862000,3,1,2,0
29500007910000,1,0,1,0
29510007876000,28,15,13,912.8
29510007877000,1,1,0,0
29520007877000,10,7,3,390
29590007801000,2,2,0,0
29610007804000,2,2,0,0
29620007882000,1,0,1,0
29620007929000,13,8,5,633.1
29620007930000,233,120,113,9110.3
29620007931000,229,122,107,9503.5
29630007882000,1,1,0,0
29630007930000,187,99,88,8228
29630007931000,98,45,53,3959.2
29640007883000,2,1,1,0
29650007806000,1,1,0,0
29650007807000,7,4,3,459.2
29650007884000,2,1,1,0
29670007808000,4,3,1,0
29670007812000,7,5,2,289.1
29680007812000,2,1,1,0
29680007905000,1,1,0,0
29690007813000,6,4,2,372
29690007814000,7,4,3,457.1
29690007815000,9,4,5,513.9
29690007816000,16,6,10,428.8
29690007905000,1,1,0,0
29690007933000,2,1,1,0
29700007815000,15,9,6,775.5
29700007816000,40,17,23,1724
29710007890000,13,9,4,756.6
29710007905000,2,1,1,0
29720007890000,13,6,7,438.1
29720007906000,1,1,0,0
29720007907000,7,3,4,422.8
29730007907000,5,2,3,259
29740007818000,4,3,1,0
29740007819000,2,1,1,0
29740007821000,7,3,4,263.9
29740007822000,2,2,0,0
29740007846000,1,1,0,0
29750007865000,3,0,3,0
29750007937000,3,2,1,0
29760007906000,1,1,0,0
29760007907000,5,4,1,191
29760007936000,156,96,60,7285.2
29760007937000,13,10,3,513.5
29770007824000,2,2,0,0
29770007864000,3,2,1,0
29770007865000,9,7,2,468.9
29770007866000,1,0,1,0
29770007867000,1,1,0,0
29770007906000,56,29,27,1904
29770007907000,25,10,15,882.5
29780007863000,5,4,1,321
29780007864000,1,1,0,0
29780007897000,6,3,3,454.8
29780007898000,2,1,1,0
29780007906000,8,5,3,388
29790007870000,2,1,1,0
29800007870000,2,1,1,0
29800007871000,2,1,1,0
29810007824000,10,4,6,436
29810007870000,14,6,8,698.6
29810007871000,2,1,1,0
29820007824000,5,3,2,265
29820007871000,1,1,0,0
29840007826000,42,22,20,1898.4
29840007865000,4,2,2,0
29840007866000,2,1,1,0
29840007867000,17,8,9,1006.4
29840007869000,1,1,0,0
29850007826000,19,11,8,1005.1
29850007866000,3,2,1,0
29860007827000,10,6,4,462
29860007865000,3,2,1,0
29870007827000,5,2,3,285
29870007828000,8,4,4,334.4
29880007828000,26,13,13,1040
29880007849000,7,3,4,233.8
29880007850000,4,2,2,0
29880007864000,2,1,1,0
29890007827000,2,0,2,0
29890007828000,6,4,2,388.8
29890007850000,14,6,8,565.6
29890007851000,2,0,2,0
29890007863000,13,4,9,737.1
29890007864000,3,0,3,0
29900007827000,19,10,9,830.3
29900007850000,13,8,5,444.6
29900007851000,7,5,2,301.7
29900007858000,9,7,2,299.7
29900007859000,11,7,4,475.2
29900007860000,6,4,2,306
29900007861000,31,12,19,1060.2
29900007862000,20,9,11,1028
29900007863000,34,17,17,1475.6
29900007864000,62,35,27,2821
29900007865000,20,13,7,930
29900007866000,1,1,0,0
29910007826000,34,17,17,1485.8
29910007827000,5,3,2,327
29910007845000,4,2,2,0
29910007848000,5,4,1,275
29910007849000,11,5,6,399.3
29910007850000,10,5,5,634
29910007851000,9,5,4,449.1
29910007852000,15,9,6,340.5
29910007854000,3,1,2,0
29910007855000,10,7,3,440
29910007856000,25,13,12,917.5
29910007857000,24,10,14,1000.8
29910007858000,16,8,8,654.4
29910007859000,1,1,0,0
29910007863000,2,1,1,0
29910007866000,16,8,8,662.4
29910007867000,44,23,21,1610.4
29910007868000,44,24,20,1738
29910007869000,12,5,7,670.8
29920007821000,2,0,2,0
29920007825000,9,4,5,207
29920007826000,24,9,15,1459.2
29920007827000,1,0,1,0
29920007845000,3,0,3,0
29920007846000,11,6,5,467.5
29920007847000,6,3,3,339
29920007851000,2,1,1,0
29920007852000,7,4,3,293.3
29920007853000,5,3,2,66
29920007854000,3,1,2,0
29920007855000,4,1,3,0
29920007859000,2,1,1,0
29920007860000,2,1,1,0
29920007861000,5,3,2,198
29920007863000,1,1,0,0
29920007864000,8,6,2,288.8
29920007865000,14,6,8,555.8
29920007870000,1,0,1,0
29920007871000,5,3,2,167
29920007872000,2,1,1,0
29930007826000,11,5,6,421.3
29930007827000,10,3,7,462
29930007828000,11,7,4,596.2
29930007843000,5,3,2,187
29930007844000,1,1,0,0
29930007845000,57,30,27,2479.5
29930007848000,5,3,2,134
29930007855000,11,6,5,319
29930007856000,6,4,2,315
29930007857000,6,3,3,181.8
29930007859000,3,2,1,0
29930007875000,1,1,0,0
29940007826000,2,1,1,0
29940007827000,9,6,3,457.2
29940007828000,24,17,7,962.4
29940007829000,23,11,12,878.6
29940007830000,21,10,11,1138.2
29940007831000,7,4,3,266.7
29940007841000,273,134,139,11820.9
29940007842000,158,86,72,5530
29940007843000,35,15,20,1256.5
29940007844000,12,7,5,711.6
29940007845000,109,58,51,4338.2
29940007846000,44,22,22,1667.6
29940007847000,15,8,7,733.5
29940007871000,8,4,4,259.2
29940007872000,11,6,5,486.2
29950007829000,16,8,8,918.4
29950007831000,11,7,4,452.1
29950007832000,10,6,4,328
29950007833000,24,14,10,991.2
29950007834000,7,3,4,275.1
29950007835000,2,1,1,0
29950007838000,4,1,3,0
29950007839000,5,2,3,185
29950007840000,17,10,7,618.8
29950007841000,245,129,116,9114
29950007842000,5,2,3,236
29950007843000,12,6,6,481.2
29950007845000,4,1,3,0
29950007846000,32,15,17,1129.6
29950007847000,13,7,6,392.6
29950007872000,3,1,2,0
29950007873000,7,6,1,343
29960007830000,2,1,1,0
29960007832000,11,6,5,336.6
29960007833000,12,7,5,435.6
29960007836000,9,3,6,352.8
29960007837000,1,1,0,0
29960007838000,28,12,16,1036
29960007839000,25,13,12,1220
29960007840000,30,14,16,1293
29960007846000,10,5,5,299
29960007849000,3,2,1,0
29960007874000,6,4,2,298.2
29960007875000,3,1,2,0
29970007835000,2,1,1,0
29970007836000,1,1,0,0
29970007837000,10,5,5,460
29970007838000,115,62,53,5577.5
29970007839000,25,14,11,1082.5
29970007849000,12,6,6,490.8
29970007878000,3,3,0,0
29980007849000,13,6,7,470.6
29980007872000,5,2,3,317
29980007874000,2,1,1,0
29990007871000,4,2,2,0
30000007869000,14,7,7,483
30000007870000,13,6,7,569.4
30000007871000,11,7,4,478.5
30000007872000,2,1,1,0
30000007873000,1,1,0,0
30010007869000,8,6,2,407.2
30010007870000,28,17,11,938
30010007871000,45,24,21,1534.5
30010007872000,6,4,2,403.8
30020007869000,21,11,10,888.3
30030007869000,2,1,1,0
30030007870000,20,12,8,782
30040007870000,21,12,9,819
30050007871000,8,6,2,390.4
30070007841000,2,1,1,0
30080007827000,1,1,0,0
30080007837000,2,1,1,0
30080007841000,6,5,1,258
30090007837000,11,5,6,530.2
30090007838000,4,2,2,0
30090007839000,14,8,6,656.6
30090007841000,24,15,9,729.6
30090007842000,109,60,49,3727.8
30090007843000,2,1,1,0
30100007836000,11,6,5,503.8
30100007840000,23,15,8,1136.2
30100007841000,115,58,57,4312.5
30100007842000,4,2,2,0
30100007843000,10,6,4,366
30110007835000,3,1,2,0
30110007836000,74,40,34,3130.2
30110007837000,2,0,2,0
30110007843000,51,20,31,2504.1
30110007920000,128,68,60,5363.2
30110007921000,650,332,318,27885
30110007922000,223,112,111,9722.8
30120007835000,13,8,5,746.2
30120007837000,1,1,0,0
30120007843000,17,10,7,646
30120007921000,2,2,0,0
30130007843000,16,10,6,616
30140007834000,2,2,0,0
30140007843000,2,2,0,0
30150007834000,4,3,1,0
30150007843000,14,7,7,529.2
30150007844000,8,4,4,191.2
30160007843000,9,5,4,647.1
30160007844000,3,1,2,0
30170007843000,38,20,18,1721.4
30170007844000,2,1,1,0
30180007833000,1,1,0,0
30180007834000,9,4,5,623.7
30180007843000,8,5,3,403.2
30190007833000,1,0,1,0
30190007842000,7,4,3,480.2
30190007843000,23,11,12,837.2
30200007833000,3,2,1,0
30200007842000,19,10,9,929.1
30200007843000,10,5,5,555
30210007833000,4,2,2,0
30210007841000,9,4,5,424.8
30210007842000,127,62,65,5600.7
30220007833000,12,7,5,607.2
30220007842000,23,14,9,1067.2
30220007843000,1,1,0,0
30230007833000,6,3,3,280.2
30230007842000,21,11,10,1062.6
30230007843000,3,1,2,0
30230007908000,36,20,16,1810.8
30240007841000,1,1,0,0
30240007842000,3,2,1,0
30240007909000,6,4,2,402
30250007833000,1,1,0,0
30250007843000,1,1,0,0
30260007841000,6,3,3,186
30270007841000,9,4,5,592.2
30300007833000,3,2,1,0
30300007842000,6,3,3,292.2
30360007842000,1,1,0,0
30370007842000,1,1,0,0
30380007830000,1,1,0,0
30380007842000,9,4,5,662.4
30380007901000,2,1,1,0
30390007841000,13,8,5,445.9
30390007842000,178,84,94,7404.8
30390007843000,276,138,138,10570.8
30390007900000,111,54,57,5039.4
30390007901000,594,314,280,23106.6
30390007902000,356,183,173,15201.2
30390007903000,88,43,45,2860
30400007841000,30,15,15,1227
30400007842000,76,36,40,2964
30400007900000,14,8,6,362.6
30400007901000,98,48,50,4194.4
30400007902000,182,99,83,7389.2
30400007903000,756,390,366,28879.2
30410007841000,62,34,28,2554.4
30410007842000,6,4,2,229.2
30420007796000,2,1,1,0
30420007841000,18,10,8,689.4
30420007842000,2,1,1,0
30430007842000,1,1,0,0
30440007841000,2,1,1,0
30440007842000,8,5,3,208.8
30450007842000,12,8,4,423.6
30460007796000,9,5,4,484.2
30460007815000,16,9,7,1009.6
30460007816000,5,2,3,352
30460007842000,2,1,1,0
30470007796000,19,11,8,856.9
30470007797000,10,4,6,348
30470007814000,6,3,3,408
30470007815000,3,1,2,0
30470007817000,1,1,0,0
30470007842000,3,2,1,0
30480007813000,5,3,2,330
30480007815000,1,1,0,0
30480007818000,3,2,1,0
30480007830000,1,1,0,0
30480007842000,2,1,1,0
30490007797000,4,2,2,0
30490007798000,1,1,0,0
30490007815000,5,3,2,312
30490007842000,16,9,7,558.4
30500007797000,10,6,4,591
30500007815000,1,1,0,0
30500007842000,11,7,4,345.4
30510007797000,2,1,1,0
30510007842000,24,15,9,1051.2
30520007796000,9,6,3,406.8
30520007797000,43,26,17,2205.9
30520007798000,3,1,2,0
30520007842000,11,8,3,628.1
30520007843000,8,4,4,248
30520007894000,1,1,0,0
30530007796000,11,5,6,533.5
30530007797000,11,4,7,577.5
30530007798000,6,4,2,388.2
30530007829000,69,36,33,2787.6
30530007842000,8,4,4,244.8
30540007798000,5,3,2,322
30540007829000,140,83,57,6482
30540007830000,3,1,2,0
30540007842000,724,353,371,28236
30540007843000,391,209,182,13567.7
30550007798000,5,3,2,122
30550007829000,20,9,11,902
30550007841000,116,64,52,5092.4
30550007842000,1418,703,715,58421.6
30550007843000,236,111,125,8566.8
30550007896000,1,1,0,0
30560007741000,1,1,0,0
30560007742000,16,11,5,940.8
30560007743000,1,1,0,0
30560007744000,3,2,1,0
30560007792000,1,1,0,0
30560007793000,3,1,2,0
30560007798000,5,3,2,311
30560007799000,11,7,4,392.7
30560007841000,275,159,116,10147.5
30560007842000,899,482,417,31644.8
30560007843000,2,1,1,0
30560007895000,1,0,1,0
30570007793000,2,1,1,0
30570007798000,1,1,0,0
30570007799000,2,1,1,0
30570007841000,2,1,1,0
30570007842000,993,480,513,37535.4
30570007843000,11,7,4,376.2
30580007794000,2,1,1,0
30580007806000,1,1,0,0
30580007842000,124,68,56,4501.2
30590007755000,1,1,0,0
30590007806000,1,1,0,0
30600007756000,2,1,1,0
30600007807000,1,1,0,0
30600007841000,34,18,16,1696.6
30610007801000,8,5,3,448.8
30620007801000,1,1,0,0
30620007803000,3,2,1,0
30620007812000,1,1,0,0
30630007842000,4,2,2,0
30640007805000,1,0,1,0
30640007843000,11,6,5,537.9
30650007806000,2,1,1,0
30650007843000,10,7,3,229
30660007760000,10,5,5,368
30660007806000,7,4,3,275.1
30660007844000,61,33,28,2537.6
30680007758000,1,1,0,0
30680007760000,3,0,3,0
30680007773000,3,2,1,0
30680007845000,9,6,3,538.2
30680007846000,7,6,1,261.8
30680007847000,4,3,1,0
30690007760000,1,1,0,0
30690007844000,10,7,3,667
30690007845000,17,7,10,780.3
30700007761000,8,6,2,358.4
30700007762000,6,4,2,370.2
30700007805000,8,6,2,328
30700007806000,2,1,1,0
30700007845000,1,1,0,0
30700007849000,5,2,3,351
30710007762000,1,0,1,0
30710007763000,2,2,0,0
30710007803000,2,1,1,0
30710007804000,27,20,7,664.2
30710007849000,39,22,17,1790.1
30720007763000,4,1,3,0
30720007764000,5,2,3,115
30720007765000,15,6,9,580.5
30720007766000,9,5,4,441.9
30720007767000,22,11,11,726
30720007768000,1,1,0,0
30720007800000,9,9,0,288.9
30720007804000,37,26,11,858.4
30730007765000,8,4,4,324.8
30730007767000,3,2,1,0
30730007768000,21,14,7,1031.1
30730007769000,4,2,2,0
30730007799000,4,3,1,0
30730007802000,1,1,0,0
30730007803000,2,2,0,0
30740007799000,366,185,181,15811.2
30740007800000,427,216,211,14688.8
30740007856000,1,1,0,0
30740007859000,13,6,7,746.2
30740007860000,4,1,3,0
30750007769000,8,4,4,246.4
30750007770000,5,2,3,122
30750007798000,23,12,11,857.9
30750007799000,403,202,201,18215.6
30750007800000,498,248,250,19621.2
30750007801000,89,47,42,3613.4
30750007802000,902,436,466,31930.8
30750007803000,283,137,146,9027.7
30750007807000,1,1,0,0
30750007859000,2,1,1,0
30760007769000,2,1,1,0
30760007770000,7,3,4,398.3
30760007771000,11,6,5,357.5
30760007772000,15,9,6,964.5
30760007790000,7,4,3,303.8
30760007791000,13,5,8,487.5
30760007794000,2,1,1,0
30760007795000,4,2,2,0
30760007796000,2,1,1,0
30760007798000,7,4,3,182
30760007799000,640,302,338,23808
30760007800000,230,109,121,8602
30760007801000,160,82,78,5632
30760007802000,37,19,18,1417.1
30760007803000,267,129,138,9585.3
30760007806000,1030,486,544,45011
30760007807000,455,248,207,17790.5
30770007772000,11,4,7,451
30770007773000,2,0,2,0
30770007774000,6,4,2,178.8
30770007790000,11,7,4,309.1
30770007791000,14,6,8,560
30770007804000,47,24,23,1748.4
30770007805000,49,20,29,1367.1
30770007806000,1303,675,628,50165.5
30770007807000,252,139,113,9525.6
30780007784000,1,0,1,0
30780007785000,3,1,2,0
30780007791000,5,1,4,134
30780007801000,7,3,4,221.9
30780007805000,9,3,6,377.1
30780007806000,141,65,76,5372.1
30780007807000,357,164,193,13994.4
30780007808000,12,9,3,526.8
30790007772000,3,1,2,0
30790007776000,1,1,0,0
30790007783000,13,7,6,650
30790007784000,8,4,4,460
30790007801000,8,4,4,431.2
30790007802000,37,19,18,1313.5
30790007805000,3,2,1,0
30790007807000,70,36,34,2583
30790007808000,152,82,70,5213.6
30790007815000,2,1,1,0
30790007867000,5,3,2,166
30800007772000,1,1,0,0
30800007776000,4,1,3,0
30800007782000,9,5,4,257.4
30800007783000,12,7,5,387.6
30800007801000,5,1,4,236
30800007802000,93,46,47,3971.1
30800007804000,4,2,2,0
30800007805000,2,1,1,0
30800007806000,10,6,4,544
30800007807000,3,2,1,0
30800007808000,13,9,4,577.2
30800007812000,6,3,3,283.2
30800007867000,1,1,0,0
30810007776000,3,2,1,0
30810007779000,5,3,2,227
30810007780000,2,1,1,0
30810007781000,3,1,2,0
30810007782000,4,1,3,0
30810007790000,1,1,0,0
30810007801000,1,1,0,0
30810007802000,25,12,13,1070
30810007812000,6,3,3,357
30810007813000,1,0,1,0
30820007772000,1,0,1,0
30820007773000,21,11,10,980.7
30820007774000,7,3,4,258.3
30820007775000,5,1,4,253
30820007778000,16,8,8,403.2
30820007779000,12,5,7,404.4
30820007780000,4,2,2,0
30820007781000,5,1,4,80
30820007782000,6,4,2,259.2
30820007788000,6,4,2,289.2
30820007789000,14,8,6,540.4
30820007802000,29,11,18,1070.1
30830007774000,1,0,1,0
30830007777000,30,14,16,1341
30830007778000,36,18,18,1807.2
30830007782000,2,2,0,0
30830007783000,12,6,6,475.2
30830007787000,16,10,6,604.8
30830007789000,4,2,2,0
30830007790000,5,3,2,204
30830007801000,2,1,1,0
30830007802000,4,2,2,0
30840007776000,12,6,6,422.4
30840007777000,55,20,35,1589.5
30840007778000,12,9,3,387.6
30840007779000,3,2,1,0
30840007783000,26,13,13,1058.2
30840007784000,6,3,3,162
30840007785000,1,0,1,0
30840007786000,11,6,5,434.5
30840007801000,7,2,5,315
30850007779000,12,4,8,498
30850007780000,4,2,2,0
30850007782000,2,1,1,0
30850007783000,7,5,2,336.7
30860007787000,6,4,2,282
30860007802000,8,5,3,236.8
30870007801000,6,3,3,129
30870007802000,15,7,8,439.5
30870007804000,9,3,6,314.1
30880007803000,24,11,13,1185.6
30880007804000,4,3,1,0
30890007803000,23,16,7,936.1
30890007804000,11,6,5,500.5
30900007803000,19,8,11,1037.4
30900007804000,1,1,0,0
30900007805000,4,1,3,0
30910007803000,21,11,10,806.4
30910007804000,5,3,2,233
30910007805000,2,1,1,0
30910007811000,2,1,1,0
30910007873000,1,0,1,0
30920007802000,10,5,5,285
30920007803000,3,1,2,0
30920007804000,16,7,9,766.4
30920007805000,2,1,1,0
30920007811000,6,4,2,136.8
30920007812000,10,6,4,565
30930007802000,5,2,3,234
30930007804000,8,5,3,448
30930007805000,15,7,8,648
30930007806000,30,18,12,1299
30930007807000,1,0,1,0
30930007808000,4,2,2,0
30930007874000,2,1,1,0
30940007807000,7,3,4,263.9
30940007874000,7,2,5,398.3
30940007888000,3,2,1,0
30950007876000,25,14,11,1170
30960007876000,179,101,78,8574.1
30960007887000,390,201,189,16419
30970007886000,317,161,156,13979.7
30970007887000,868,457,411,38626
30980007886000,173,94,79,7715.8
30980007887000,142,70,72,5594.8