SSBID1000M,p,m,f,ta
19250006616000,11,7,4,544.5
19250006617000,135,71,64,5184
19250006618000,33,17,16,1676.4
19260006616000,4,2,2,0
19260006617000,25,13,12,967.5
19380006630000,11,5,6,346.5
19380006806000,7,4,3,426.3
19390006630000,65,33,32,2834
19390006631000,10,5,5,486
19400006598000,10,4,6,476
19400006599000,2,1,1,0
19400006600000,98,56,42,4047.4
19400006601000,168,89,79,6652.8
19400006602000,102,55,47,4967.4
19400006603000,85,47,38,3383
19400006604000,110,55,55,4521
19400006605000,41,25,16,1685.1
19400006606000,111,66,45,4451.1
19400006607000,7,5,2,179.2
19400006781000,3,1,2,0
19400006782000,63,35,28,3181.5
19410006597000,44,21,23,1962.4
19410006598000,76,40,36,2872.8
19410006599000,17,12,5,635.8
19410006600000,109,57,52,4447.2
19410006602000,6,3,3,406.8
19410006603000,38,24,14,1812.6
19410006604000,40,22,18,1792
19410006605000,293,153,140,12335.3
19410006606000,340,177,163,12852
19410006607000,120,60,60,4704
19410006608000,65,33,32,2307.5
19410006609000,693,362,331,26819.1
19410006610000,999,475,524,39160.8
19410006611000,8,4,4,255.2
19410006623000,20,9,11,854
19410006771000,12,8,4,724.8
19410006779000,12,4,8,568.8
19410006781000,31,16,15,1230.7
19410006782000,235,117,118,11092
19410006783000,1,1,0,0
19420006596000,2,1,1,0
19420006597000,45,22,23,1984.5
19420006598000,252,135,117,10029.6
19420006599000,16,8,8,859.2
19420006606000,93,43,50,3292.2
19420006607000,91,50,41,4140.5
19420006608000,677,316,361,24033.5
19420006609000,1710,845,865,67545
19420006610000,1367,686,681,54816.7
19420006611000,953,486,467,36690.5
19420006612000,161,91,70,6504.4
19420006614000,25,11,14,697.5
19420006623000,15,8,7,694.5
19420006624000,7,4,3,259
19420006757000,1,0,1,0
19420006760000,1,0,1,0
19420006761000,16,9,7,528
19420006779000,40,23,17,1944
19420006781000,122,58,64,5111.8
19420006782000,52,20,32,1773.2
19420006807000,7,4,3,489.3
19420006811000,12,6,6,482.4
19430006596000,82,40,42,3353.8
19430006597000,1348,665,683,57424.8
19430006598000,120,65,55,4128
19430006607000,4,2,2,0
19430006608000,2,1,1,0
19430006609000,387,200,187,12345.3
19430006610000,581,305,276,15861.3
19430006611000,352,180,172,14185.6
19430006612000,53,28,25,1780.8
19430006613000,379,194,185,14250.4
19430006614000,329,177,152,12962.6
19430006616000,62,33,29,2759
19430006617000,139,73,66,3947.6
19430006618000,25,14,11,1040
19430006619000,3,2,1,0
19430006757000,38,17,21,1565.6
19430006758000,8,4,4,415.2
19430006759000,7,4,3,422.1
19430006760000,19,10,9,976.6
19430006761000,56,26,30,2984.8
19430006762000,4,1,3,0
19430006763000,18,8,10,788.4
19430006764000,104,54,50,4388.8
19430006765000,31,13,18,1401.2
19430006766000,52,32,20,2750.8
19430006767000,53,28,25,2475.1
19430006768000,136,77,59,6609.6
19430006807000,3,1,2,0
19430006808000,2,2,0,0
19430006810000,3,1,2,0
19430006811000,32,16,16,1500.8
19430006812000,6,2,4,178.2
19430006839000,2,1,1,0
19440006596000,51,25,26,2422.5
19440006597000,1245,632,613,51169.5
19440006598000,145,75,70,5669.5
19440006599000,4,3,1,0
19440006611000,100,52,48,4370
19440006612000,216,114,102,7624.8
19440006613000,1189,598,591,44111.9
19440006614000,410,213,197,15211
19440006616000,119,67,52,4760
19440006617000,5,2,3,75
19440006618000,4,2,2,0
19440006620000,5,2,3,112
19440006646000,20,11,9,1062
19440006647000,11,5,6,349.8
19440006756000,13,12,1,482.3
19440006757000,25,13,12,1125
19440006759000,144,83,61,5068.8
19440006760000,124,60,64,5108.8
19440006761000,2,1,1,0
19440006762000,2,1,1,0
19440006763000,35,16,19,1795.5
19440006764000,23,13,10,823.4
19440006765000,9,4,5,450
19440006766000,6,3,3,426
19440006768000,22,13,9,1287
19440006806000,2,1,1,0
19440006807000,5,2,3,281
19440006808000,4,2,2,0
19450006596000,11,6,5,325.6
19450006597000,73,35,38,2905.4
19450006598000,36,18,18,1263.6
19450006599000,23,10,13,972.9
19450006600000,1,1,0,0
19450006601000,2,1,1,0
19450006610000,49,24,25,1337.7
19450006611000,169,91,78,5103.8
19450006612000,471,237,234,16155.3
19450006613000,191,96,95,6971.5
19450006614000,47,24,23,1692
19450006615000,11,8,3,427.9
19450006616000,3,1,2,0
19450006617000,6,3,3,321
19450006619000,10,5,5,560
19450006620000,213,110,103,8413.5
19450006621000,6,3,3,268.8
19450006622000,5,2,3,254
19450006623000,20,10,10,880
19450006624000,11,5,6,452.1
19450006625000,3,2,1,0
19450006646000,23,13,10,765.9
19450006647000,34,16,18,1856.4
19450006658000,1,1,0,0
19450006675000,2,1,1,0
19450006676000,1,1,0,0
19450006678000,2,1,1,0
19450006728000,1,1,0,0
19450006752000,46,24,22,2070
19450006753000,254,137,117,9067.8
19450006754000,42,20,22,1533
19450006756000,229,111,118,7648.6
19450006757000,170,81,89,6426
19450006758000,10,3,7,489
19450006759000,3,3,0,0
19450006760000,108,54,54,4039.2
19450006761000,75,41,34,3240
19450006762000,2,1,1,0
19450006763000,28,12,16,1005.2
19450006766000,7,4,3,448.7
19450006806000,19,8,11,674.5
19450006814000,3,2,1,0
19450006815000,49,28,21,2601.9
19450006816000,6,3,3,336
19450006838000,133,70,63,5865.3
19450006839000,90,43,47,3825
19460006597000,7,5,2,258.3
19460006598000,7,3,4,417.2
19460006599000,10,6,4,612
19460006600000,22,10,12,921.8
19460006601000,7,3,4,389.9
19460006611000,235,127,108,8671.5
19460006612000,519,258,261,18943.5
19460006613000,4,1,3,0
19460006618000,32,18,14,1408
19460006619000,37,22,15,1435.6
19460006620000,346,178,168,13217.2
19460006621000,7,3,4,245.7
19460006622000,55,31,24,2717
19460006623000,105,54,51,4074
19460006624000,105,52,53,4179
19460006625000,86,43,43,3637.8
19460006626000,6,3,3,243
19460006646000,19,10,9,695.4
19460006653000,6,4,2,445.2
19460006655000,2,1,1,0
19460006662000,30,18,12,1476
19460006663000,6,2,4,187.2
19460006666000,59,35,24,2442.6
19460006667000,42,21,21,1877.4
19460006668000,126,61,65,4989.6
19460006669000,47,24,23,1593.3
19460006674000,6,1,5,171
19460006675000,2,1,1,0
19460006678000,6,4,2,246
19460006681000,12,7,5,678
19460006721000,3,2,1,0
19460006722000,237,123,114,10096.2
19460006723000,17,10,7,372.3
19460006729000,48,26,22,1728
19460006733000,42,21,21,1831.2
19460006743000,78,45,33,2683.2
19460006744000,19,8,11,788.5
19460006750000,79,45,34,2867.7
19460006751000,89,43,46,4174.1
19460006753000,217,116,101,9005.5
19460006754000,30,14,16,1101
19460006757000,4,3,1,0
19460006758000,6,3,3,223.2
19460006784000,6,2,4,418.2
19460006808000,4,2,2,0
19460006817000,2,1,1,0
19460006838000,2,2,0,0
19470006599000,1,1,0,0
19470006600000,1,0,1,0
19470006601000,1,1,0,0
19470006602000,9,3,6,421.2
19470006611000,688,341,347,19470.4
19470006612000,140,73,67,6468
19470006614000,14,6,8,736.4
19470006615000,4,2,2,0
19470006616000,4,2,2,0
19470006617000,13,7,6,410.8
19470006618000,128,69,59,4467.2
19470006619000,115,66,49,4772.5
19470006620000,102,47,55,3600.6
19470006621000,68,37,31,2754
19470006622000,150,72,78,5775
19470006623000,15,6,9,480
19470006624000,65,38,27,2710.5
19470006625000,530,279,251,19292
19470006626000,188,92,96,7068.8
19470006629000,204,100,104,6956.4
19470006646000,54,32,22,2127.6
19470006647000,100,53,47,3610
19470006650000,13,8,5,769.6
19470006651000,4,3,1,0
19470006654000,8,3,5,571.2
19470006655000,3,2,1,0
19470006656000,18,10,8,964.8
19470006662000,9,6,3,286.2
19470006663000,7,6,1,275.8
19470006667000,96,46,50,2870.4
19470006668000,118,64,54,4425
19470006669000,197,111,86,7407.2
19470006670000,100,53,47,3900
19470006672000,22,12,10,875.6
19470006677000,5,2,3,160
19470006678000,18,9,9,653.4
19470006679000,5,3,2,211
19470006680000,25,16,9,1090
19470006681000,32,13,19,1683.2
19470006691000,51,28,23,2799.9
19470006692000,1,0,1,0
19470006712000,1,1,0,0
19470006717000,40,22,18,2060
19470006721000,120,54,66,4620
19470006722000,264,129,135,10586.4
19470006723000,21,13,8,871.5
19470006727000,5,2,3,194
19470006728000,61,31,30,2385.1
19470006729000,64,30,34,2892.8
19470006730000,26,15,11,954.2
19470006732000,52,24,28,1606.8
19470006733000,125,65,60,4625
19470006743000,28,16,12,1086.4
19470006744000,15,7,8,945
19470006749000,279,140,139,10155.6
19470006750000,335,169,166,11725
19470006751000,218,102,116,11030.8
19470006752000,7,4,3,356.3
19470006753000,25,14,11,1075
19470006783000,16,9,7,948.8
19470006784000,13,5,8,383.5
19470006785000,5,4,1,400
19470006807000,2,1,1,0
19470006808000,10,6,4,548
19470006815000,3,1,2,0
19470006819000,1,1,0,0
19470006826000,10,6,4,471
19470006839000,3,1,2,0
19470006840000,5,3,2,196
19480006602000,2,1,1,0
19480006603000,8,5,3,412
19480006604000,2,1,1,0
19480006605000,8,4,4,279.2
19480006606000,10,7,3,424
19480006609000,27,14,13,1034.1
19480006610000,285,138,147,12711
19480006611000,1546,787,759,60912.4
19480006612000,1291,678,613,52931
19480006613000,166,80,86,7320.6
19480006614000,256,133,123,10572.8
19480006615000,247,129,118,7632.3
19480006616000,445,213,232,18601
19480006617000,134,72,62,5802.2
19480006618000,511,263,248,20337.8
19480006619000,752,398,354,29628.8
19480006620000,446,221,225,19802.4
19480006621000,175,96,79,8015
19480006622000,48,23,25,2088
19480006623000,576,289,287,24249.6
19480006624000,767,404,363,28302.3
19480006625000,180,104,76,7182
19480006626000,2307,1345,962,97355.4
19480006627000,1839,913,926,73008.3
19480006628000,1186,590,596,49219
19480006629000,443,233,210,15815.1
19480006630000,28,12,16,658
19480006632000,2,1,1,0
19480006633000,29,18,11,1374.6
19480006634000,24,14,10,1068
19480006646000,19,11,8,754.3
19480006647000,206,102,104,9146.4
19480006648000,138,59,79,6858.6
19480006651000,5,3,2,343
19480006652000,8,5,3,340
19480006656000,2,1,1,0
19480006657000,4,3,1,0
19480006658000,82,43,39,2878.2
19480006659000,38,20,18,1816.4
19480006665000,34,19,15,1268.2
19480006666000,86,47,39,2863.8
19480006667000,78,37,41,2574
19480006668000,15,5,10,334.5
19480006669000,173,95,78,5639.8
19480006670000,105,58,47,4242
19480006672000,12,7,5,754.8
19480006673000,5,4,1,286
19480006676000,10,4,6,413
19480006677000,8,3,5,382.4
19480006680000,20,15,5,940
19480006691000,12,7,5,572.4
19480006692000,70,37,33,2534
19480006693000,22,11,11,1082.4
19480006694000,27,13,14,1306.8
19480006706000,17,8,9,632.4
19480006711000,28,15,13,1173.2
19480006716000,63,30,33,3011.4
19480006717000,12,9,3,456
19480006721000,17,8,9,559.3
19480006727000,34,19,15,1169.6
19480006728000,41,28,13,1881.9
19480006730000,99,49,50,3375.9
19480006731000,174,90,84,6490.2
19480006732000,135,75,60,5265
19480006733000,123,70,53,4403.4
19480006734000,24,12,12,955.2
19480006736000,1,0,1,0
19480006738000,26,15,11,1242.8
19480006739000,9,4,5,361.8
19480006740000,142,76,66,5310.8
19480006741000,34,18,16,1353.2
19480006743000,2,0,2,0
19480006746000,193,104,89,6774.3
19480006747000,237,117,120,8579.4
19480006748000,383,206,177,13749.7
19480006749000,264,131,133,8712
19480006750000,46,23,23,1297.2
19480006784000,14,7,7,719.6
19480006812000,6,3,3,243
19480006813000,11,4,7,772.2
19480006814000,2,1,1,0
19480006816000,7,2,5,287
19480006820000,1,1,0,0
19480006838000,1,1,0,0
19480006839000,5,2,3,314
19490006605000,3,2,1,0
19490006606000,83,46,37,3203.8
19490006607000,60,29,31,2700
19490006608000,195,93,102,7761
19490006609000,297,150,147,11998.8
19490006610000,1017,518,499,37832.4
19490006611000,1135,557,578,46989
19490006612000,758,383,375,29865.2
19490006613000,4,3,1,0
19490006614000,12,8,4,588
19490006616000,26,14,12,1219.4
19490006617000,3,1,2,0
19490006618000,2,2,0,0
19490006619000,142,64,78,4529.8
19490006621000,132,69,63,5002.8
19490006622000,150,75,75,6495
19490006623000,265,134,131,11951.5
19490006624000,1142,603,539,45680
19490006625000,2112,1077,1035,91660.8
19490006626000,3279,1743,1536,130504.2
19490006627000,2187,1121,1066,87480
19490006628000,1993,988,1005,77926.3
19490006629000,1906,949,957,68044.2
19490006630000,96,49,47,3484.8
19490006631000,38,21,17,1474.4
19490006632000,24,9,15,1092
19490006633000,28,18,10,935.2
19490006634000,43,23,20,1621.1
19490006635000,27,14,13,958.5
19490006636000,4,2,2,0
19490006638000,11,8,3,379.5
19490006646000,22,14,8,783.2
19490006647000,292,147,145,11066.8
19490006648000,105,56,49,4221
19490006649000,12,8,4,639.6
19490006659000,38,18,20,1569.4
19490006661000,3,2,1,0
19490006665000,99,52,47,4098.6
19490006666000,348,177,171,13258.8
19490006667000,64,32,32,2400
19490006668000,346,176,170,12040.8
19490006669000,450,219,231,16965
19490006670000,510,273,237,18105
19490006671000,63,33,30,2009.7
19490006672000,1,1,0,0
19490006674000,55,25,30,1325.5
19490006675000,9,4,5,394.2
19490006676000,3,2,1,0
19490006692000,3,1,2,0
19490006697000,14,9,5,606.2
19490006699000,1,0,1,0
19490006700000,13,7,6,656.5
19490006706000,11,5,6,752.4
19490006707000,6,3,3,411
19490006711000,12,7,5,484.8
19490006712000,78,39,39,3432
19490006713000,139,79,60,3878.1
19490006714000,26,14,12,1422.2
19490006715000,107,59,48,4173
19490006716000,291,156,135,11232.6
19490006717000,9,4,5,585.9
19490006718000,44,25,19,1958
19490006720000,9,4,5,534.6
19490006724000,4,2,2,0
19490006728000,182,88,94,6606.6
19490006729000,321,165,156,11973.3
19490006730000,29,16,13,1168.7
19490006731000,130,69,61,4498
19490006732000,220,116,104,6182
19490006733000,37,18,19,1672.4
19490006734000,189,99,90,6407.1
19490006735000,101,54,47,3939
19490006736000,280,141,139,10304
19490006737000,83,47,36,2631.1
19490006738000,734,350,384,22533.8
19490006739000,421,220,201,13387.8
19490006740000,118,59,59,3693.4
19490006741000,300,138,162,11400
19490006742000,178,96,82,6621.6
19490006743000,253,118,135,9361
19490006744000,104,56,48,4087.2
19490006745000,316,162,154,10996.8
19490006746000,142,81,61,4600.8
19490006748000,2,1,1,0
19490006772000,54,26,28,2208.6
19490006773000,7,3,4,305.9
19490006780000,4,2,2,0
19490006781000,34,20,14,1574.2
19490006782000,53,25,28,1971.6
19490006793000,44,23,21,2156
19490006794000,39,20,19,1758.9
19490006795000,2,1,1,0
19490006796000,2,1,1,0
19490006797000,2,1,1,0
19490006798000,3,2,1,0
19490006800000,2,0,2,0
19490006801000,5,4,1,178
19490006808000,1,1,0,0
19490006840000,22,11,11,759
19490006841000,3,1,2,0
19500006586000,185,99,86,8565.5
19500006587000,7,3,4,231.7
19500006610000,2,1,1,0
19500006617000,13,5,8,366.6
19500006618000,66,33,33,2686.2
19500006619000,528,257,271,17740.8
19500006620000,1017,524,493,36103.5
19500006621000,480,236,244,21600
19500006622000,1067,532,535,45987.7
19500006623000,1494,751,743,64989
19500006624000,2476,1190,1286,93592.8
19500006625000,2161,1054,1107,91626.4
19500006626000,1832,913,919,77860
19500006627000,1272,601,671,54060
19500006628000,1141,588,553,44156.7
19500006629000,1392,697,695,54288
19500006630000,6,4,2,235.2
19500006631000,27,16,11,1107
19500006632000,48,25,23,2006.4
19500006633000,60,33,27,1980
19500006634000,5,3,2,95
19500006635000,33,16,17,1224.3
19500006638000,52,33,19,1887.6
19500006641000,27,13,14,1247.4
19500006642000,1,1,0,0
19500006647000,4,2,2,0
19500006648000,6,4,2,340.8
19500006650000,2,1,1,0
19500006651000,25,15,10,1042.5
19500006662000,22,9,13,734.8
19500006663000,8,5,3,343.2
19500006664000,22,11,11,484
19500006665000,19,12,7,872.1
19500006666000,120,61,59,3996
19500006667000,23,13,10,871.7
19500006668000,53,26,27,1462.8
19500006669000,804,375,429,34652.4
19500006670000,243,133,110,8845.2
19500006671000,6,3,3,204
19500006677000,134,78,56,5132.2
19500006678000,19,9,10,1221.7
19500006692000,82,37,45,3066.8
19500006699000,10,5,5,641
19500006700000,24,15,9,876
19500006706000,73,36,37,2314.1
19500006707000,93,47,46,3933.9
19500006708000,2,1,1,0
19500006711000,24,17,7,1022.4
19500006712000,3,1,2,0
19500006714000,22,8,14,1128.6
19500006715000,110,54,56,4411
19500006717000,30,18,12,1242
19500006718000,167,91,76,5511
19500006719000,86,50,36,2459.6
19500006720000,237,120,117,6754.5
19500006723000,7,4,3,219.1
19500006724000,109,59,50,4719.7
19500006725000,64,32,32,2899.2
19500006726000,156,88,68,6349.2
19500006727000,54,25,29,2910.6
19500006728000,35,19,16,1540
19500006729000,531,262,269,17363.7
19500006736000,9,3,6,316.8
19500006737000,293,154,139,8643.5
19500006738000,606,268,338,24724.8
19500006740000,497,245,252,16500.4
19500006741000,16,7,9,689.6
19500006756000,77,40,37,3118.5
19500006757000,25,14,11,1247.5
19500006770000,9,3,6,297.9
19500006771000,8,5,3,344
19500006772000,22,10,12,946
19500006773000,2,1,1,0
19500006776000,2,1,1,0
19500006778000,62,32,30,2752.8
19500006779000,5,3,2,295
19500006780000,1,1,0,0
19500006781000,8,6,2,290.4
19500006782000,18,10,8,455.4
19500006783000,11,6,5,391.6
19500006793000,62,33,29,2250.6
19500006794000,157,71,86,7253.4
19500006795000,16,7,9,771.2
19500006797000,3,2,1,0
19500006803000,4,2,2,0
19500006840000,36,18,18,1587.6
19500006841000,17,9,8,907.8
19510006552000,5,4,1,150
19510006585000,2,1,1,0
19510006586000,227,112,115,9420.5
19510006587000,24,13,11,1032
19510006598000,5,2,3,122
19510006599000,12,6,6,529.2
19510006600000,1,1,0,0
19510006612000,6,4,2,193.2
19510006613000,11,7,4,599.5
19510006615000,10,5,5,674
19510006616000,14,6,8,476
19510006617000,33,15,18,1214.4
19510006618000,49,22,27,1293.6
19510006619000,1015,502,513,33901
19510006620000,396,199,197,13543.2
19510006621000,65,28,37,3107
19510006622000,721,344,377,28551.6
19510006623000,1109,537,572,45025.4
19510006624000,1426,732,694,54758.4
19510006625000,432,229,203,14601.6
19510006626000,917,476,441,27968.5
19510006628000,26,12,14,980.2
19510006630000,12,6,6,698.4
19510006631000,14,7,7,463.4
19510006632000,29,16,13,846.8
19510006633000,127,60,67,4292.6
19510006634000,70,39,31,2632
19510006635000,108,60,48,4050
19510006636000,22,10,12,1062.6
19510006637000,14,7,7,442.4
19510006638000,43,21,22,1771.6
19510006639000,6,3,3,303
19510006640000,13,6,7,616.2
19510006641000,35,21,14,1186.5
19510006642000,2,1,1,0
19510006651000,2,1,1,0
19510006660000,75,31,44,3270
19510006661000,28,16,12,1075.2
19510006662000,55,26,29,2491.5
19510006663000,4,2,2,0
19510006664000,12,8,4,525.6
19510006665000,41,18,23,1271
19510006666000,15,7,8,543
19510006669000,259,144,115,8288
19510006670000,36,21,15,1263.6
19510006671000,1,1,0,0
19510006692000,66,38,28,2455.2
19510006693000,77,45,32,3264.8
19510006695000,2,1,1,0
19510006707000,12,7,5,362.4
19510006712000,8,4,4,486.4
19510006713000,3,3,0,0
19510006715000,251,132,119,10014.9
19510006716000,169,83,86,6489.6
19510006717000,54,26,28,2646
19510006718000,70,38,32,2604
19510006719000,34,16,18,1856.4
19510006720000,71,38,33,3734.6
19510006721000,408,207,201,14565.6
19510006722000,174,88,86,4959
19510006723000,80,36,44,2944
19510006724000,3,2,1,0
19510006725000,42,25,17,1453.2
19510006726000,21,11,10,846.3
19510006727000,140,72,68,4802
19510006728000,25,11,14,892.5
19510006729000,136,69,67,5467.2
19510006734000,78,44,34,3034.2
19510006737000,223,117,106,7537.4
19510006738000,495,249,246,15939
19510006740000,67,35,32,2224.4
19510006741000,1,0,1,0
19510006752000,20,8,12,918
19510006753000,10,5,5,443
19510006754000,62,29,33,3230.2
19510006755000,223,118,105,9633.6
19510006756000,16,10,6,1035.2
19510006760000,16,8,8,806.4
19510006768000,2,1,1,0
19510006769000,11,6,5,496.1
19510006770000,102,57,45,4345.2
19510006771000,270,136,134,9801
19510006772000,46,26,20,1853.8
19510006773000,57,26,31,2502.3
19510006774000,58,35,23,2586.8
19510006775000,7,4,3,464.8
19510006777000,26,16,10,1261
19510006778000,137,71,66,5959.5
19510006779000,204,99,105,7405.2
19510006781000,4,2,2,0
19510006790000,3,2,1,0
19510006798000,3,1,2,0
19510006813000,14,10,4,658
19510006818000,1,1,0,0
19510006821000,5,3,2,263
19510006838000,2,1,1,0
19510006839000,8,5,3,310.4
19510006840000,85,45,40,3264
19510006841000,12,7,5,716.4
19520006546000,48,23,25,2150.4
19520006547000,30,14,16,1323
19520006548000,28,15,13,1397.2
19520006549000,4,3,1,0
19520006550000,3,1,2,0
19520006551000,3,2,1,0
19520006552000,10,8,2,522
19520006553000,22,14,8,770
19520006586000,76,42,34,2508
19520006587000,16,8,8,748.8
19520006598000,6,2,4,273
19520006599000,5,2,3,231
19520006600000,10,7,3,333
19520006602000,2,1,1,0
19520006603000,3,2,1,0
19520006610000,1,1,0,0
19520006611000,27,12,15,1347.3
19520006612000,31,16,15,1140.8
19520006613000,9,6,3,504.9
19520006614000,27,22,5,1023.3
19520006615000,45,24,21,2331
19520006616000,144,71,73,6523.2
19520006617000,43,25,18,1827.5
19520006619000,14,6,8,743.4
19520006621000,2,1,1,0
19520006622000,293,149,144,8614.2
19520006623000,549,271,278,17952.3
19520006624000,308,153,155,10964.8
19520006625000,1083,545,538,30215.7
19520006626000,271,141,130,6991.8
19520006632000,5,3,2,145
19520006633000,45,23,22,1588.5
19520006634000,351,175,176,9406.8
19520006635000,52,32,20,1955.2
19520006642000,33,16,17,1587.3
19520006643000,22,10,12,1135.2
19520006644000,4,2,2,0
19520006658000,1,1,0,0
19520006660000,15,8,7,625.5
19520006661000,7,2,5,443.1
19520006662000,221,109,112,6740.5
19520006663000,176,99,77,8043.2
19520006665000,36,17,19,1263.6
19520006666000,11,6,5,353.1
19520006669000,43,21,22,1634
19520006670000,3,2,1,0
19520006674000,4,2,2,0
19520006675000,18,9,9,703.8
19520006692000,44,17,27,1843.6
19520006693000,74,40,34,3071
19520006712000,156,79,77,5553.6
19520006713000,404,214,190,12645.2
19520006714000,149,79,70,4484.9
19520006715000,6,3,3,282
19520006721000,1,1,0,0
19520006722000,276,138,138,12613.2
19520006723000,120,60,60,4332
19520006724000,47,25,22,2223.1
19520006725000,6,3,3,409.8
19520006727000,2,1,1,0
19520006729000,201,99,102,7155.6
19520006731000,19,10,9,908.2
19520006732000,79,42,37,2441.1
19520006733000,1,0,1,0
19520006734000,54,28,26,1917
19520006735000,117,65,52,4481.1
19520006736000,479,245,234,15615.4
19520006737000,31,18,13,716.1
19520006751000,20,12,8,678
19520006752000,195,101,94,6981
19520006759000,16,8,8,688
19520006760000,12,6,6,742.8
19520006764000,37,15,22,1572.5
19520006765000,32,13,19,1107.2
19520006767000,3,2,1,0
19520006768000,117,58,59,4258.8
19520006769000,27,15,12,1174.5
19520006770000,44,23,21,1584
19520006771000,56,35,21,1870.4
19520006772000,21,11,10,1176
19520006777000,20,10,10,748
19520006778000,60,36,24,2802
19520006779000,54,30,24,2095.2
19520006780000,426,215,211,16401
19520006781000,61,33,28,2311.9
19520006782000,30,15,15,1353
19520006783000,80,41,39,3552
19520006784000,19,12,7,697.3
19520006789000,5,2,3,326
19520006812000,41,20,21,1127.5
19520006813000,17,10,7,714
19530006539000,2,1,1,0
19530006540000,22,11,11,653.4
19530006541000,31,17,14,1088.1
19530006542000,25,13,12,1145
19530006543000,201,134,67,7055.1
19530006544000,27,16,11,1190.7
19530006545000,35,20,15,1792
19530006546000,17,11,6,637.5
19530006547000,39,19,20,1719.9
19530006548000,46,23,23,1669.8
19530006549000,16,9,7,484.8
19530006553000,36,20,16,1522.8
19530006600000,3,2,1,0
19530006601000,15,9,6,667.5
19530006602000,5,3,2,185
19530006603000,12,8,4,501.6
19530006611000,5,3,2,126
19530006613000,1,1,0,0
19530006614000,19,9,10,839.8
19530006615000,22,12,10,816.2
19530006616000,21,12,9,936.6
19530006617000,34,17,17,1526.6
19530006618000,25,13,12,1102.5
19530006619000,58,31,27,2360.6
19530006620000,82,45,37,3435.8
19530006621000,81,44,37,3159
19530006622000,64,32,32,2272
19530006623000,27,16,11,904.5
19530006624000,88,38,50,3027.2
19530006625000,44,22,22,1650
19530006626000,8,3,5,260.8
19530006631000,4,2,2,0
19530006632000,7,3,4,469
19530006634000,25,13,12,865
19530006635000,21,11,10,1001.7
19530006636000,56,29,27,2374.4
19530006637000,22,12,10,503.8
19530006642000,20,11,9,770
19530006644000,2,1,1,0
19530006645000,30,16,14,1122
19530006657000,2,1,1,0
19530006658000,2,2,0,0
19530006663000,2,1,1,0
19530006664000,6,3,3,223.8
19530006665000,32,17,15,1212.8
19530006666000,23,12,11,945.3
19530006669000,137,79,58,4767.6
19530006670000,7,4,3,328.3
19530006671000,3,2,1,0
19530006672000,2,1,1,0
19530006674000,15,10,5,525
19530006675000,25,14,11,1665
19530006683000,1,1,0,0
19530006689000,7,4,3,200.2
19530006690000,7,2,5,471.8
19530006693000,41,22,19,1791.7
19530006703000,7,4,3,326.2
19530006704000,60,28,32,2466
19530006705000,99,54,45,4831.2
19530006706000,4,1,3,0
19530006707000,1,1,0,0
19530006712000,14,8,6,355.6
19530006713000,243,119,124,7047
19530006719000,13,8,5,618.8
19530006720000,43,18,25,1470.6
19530006721000,162,85,77,5410.8
19530006722000,31,18,13,1178
19530006723000,193,95,98,7044.5
19530006724000,110,49,61,4598
19530006725000,31,16,15,1379.5
19530006726000,2,1,1,0
19530006727000,14,8,6,638.4
19530006728000,46,22,24,2014.8
19530006729000,329,168,161,13028.4
19530006730000,70,36,34,2331
19530006732000,265,133,132,9116
19530006733000,261,133,128,9004.5
19530006734000,391,195,196,12629.3
19530006735000,425,214,211,14832.5
19530006736000,194,101,93,6557.2
19530006741000,146,81,65,5679.4
19530006750000,91,48,43,3448.9
19530006751000,6,2,4,358.8
19530006752000,109,52,57,4109.3
19530006753000,21,14,7,890.4
19530006754000,2,1,1,0
19530006759000,51,29,22,2157.3
19530006760000,31,16,15,1382.6
19530006764000,2,1,1,0
19530006766000,86,41,45,3500.2
19530006767000,44,22,22,1808.4
19530006768000,6,2,4,409.8
19530006770000,18,11,7,676.8
19530006777000,10,6,4,314
19530006778000,50,26,24,2025
19530006779000,50,26,24,2385
19530006780000,129,52,77,7701.3
19530006781000,132,67,65,6058.8
19530006782000,37,22,15,1450.4
19530006783000,28,15,13,1226.4
19530006795000,4,2,2,0
19530006796000,9,5,4,387
19530006813000,223,116,107,8652.4
19530006814000,52,22,30,2282.8
19530006815000,7,5,2,282.8
19530006817000,12,5,7,304.8
19530006821000,4,2,2,0
19530006822000,5,3,2,276
19530006826000,3,2,1,0
19530006827000,2,1,1,0
19530006840000,4,3,1,0
19540006538000,12,6,6,441.6
19540006539000,18,12,6,815.4
19540006540000,28,15,13,1089.2
19540006541000,56,35,21,2564.8
19540006542000,46,24,22,1591.6
19540006543000,34,20,14,1074.4
19540006544000,9,5,4,325.8
19540006545000,47,27,20,1969.3
19540006546000,71,39,32,3131.1
19540006547000,140,76,64,5208
19540006548000,69,40,29,2932.5
19540006549000,31,16,15,1103.6
19540006550000,2,1,1,0
19540006553000,15,8,7,690
19540006554000,4,3,1,0
19540006558000,1,0,1,0
19540006598000,5,2,3,203
19540006601000,13,6,7,608.4
19540006602000,4,2,2,0
19540006612000,2,1,1,0
19540006613000,11,6,5,415.8
19540006614000,11,6,5,436.7
19540006615000,2,1,1,0
19540006619000,10,6,4,395
19540006620000,192,99,93,5856
19540006621000,3,2,1,0
19540006622000,111,55,56,4295.7
19540006623000,639,313,326,20511.9
19540006624000,513,253,260,17134.2
19540006625000,312,167,145,12729.6
19540006626000,75,36,39,2925
19540006635000,8,4,4,138.4
19540006636000,7,4,3,336
19540006638000,40,18,22,1460
19540006639000,226,123,103,7412.8
19540006640000,128,66,62,4646.4
19540006642000,20,13,7,748
19540006646000,68,36,32,2386.8
19540006661000,8,4,4,382.4
19540006663000,36,17,19,1533.6
19540006665000,13,8,5,561.6
19540006668000,85,48,37,3264
19540006669000,88,40,48,3141.6
19540006670000,34,16,18,1162.8
19540006671000,431,226,205,15300.5
19540006672000,5,3,2,318
19540006673000,12,5,7,477.6
19540006674000,36,18,18,1735.2
19540006689000,28,15,13,1327.2
19540006690000,24,10,14,751.2
19540006691000,7,3,4,405.3
19540006692000,229,118,111,8358.5
19540006693000,244,123,121,9101.2
19540006697000,7,2,5,399.7
19540006699000,14,7,7,596.4
19540006703000,152,87,65,4605.6
19540006704000,84,38,46,3074.4
19540006705000,87,47,40,2235.9
19540006707000,17,12,5,433.5
19540006712000,197,92,105,5673.6
19540006713000,152,76,76,6429.6
19540006714000,6,3,3,352.2
19540006715000,14,7,7,635.6
19540006716000,34,18,16,1795.2
19540006717000,8,3,5,215.2
19540006720000,24,16,8,847.2
19540006721000,197,101,96,7308.7
19540006722000,24,13,11,873.6
19540006723000,284,147,137,9031.2
19540006724000,20,12,8,780
19540006730000,111,55,56,2619.6
19540006731000,476,234,242,15993.6
19540006732000,496,233,263,16913.6
19540006736000,6,5,1,337.8
19540006741000,93,52,41,3989.7
19540006742000,1,0,1,0
19540006748000,26,14,12,1144
19540006749000,96,43,53,3436.8
19540006750000,51,26,25,2233.8
19540006751000,175,98,77,5617.5
19540006752000,38,19,19,1805
19540006754000,21,12,9,833.7
19540006755000,129,71,58,4773
19540006759000,5,2,3,169
19540006764000,3,1,2,0
19540006766000,47,27,20,2265.4
19540006767000,7,4,3,492.8
19540006768000,47,26,21,1936.4
19540006769000,8,4,4,330.4
19540006771000,16,10,6,625.6
19540006772000,87,44,43,4428.3
19540006773000,21,14,7,695.1
19540006774000,8,4,4,552.8
19540006776000,35,16,19,1435
19540006777000,2,1,1,0
19540006778000,100,53,47,4100
19540006780000,8,5,3,312.8
19540006781000,20,9,11,1000
19540006782000,12,7,5,493.2
19540006795000,37,19,18,1668.7
19540006796000,8,4,4,324
19540006813000,16,9,7,798.4
19540006814000,1,0,1,0
19540006820000,2,1,1,0
19540006821000,1,0,1,0
19540006828000,3,1,2,0
19550006534000,1,0,1,0
19550006535000,21,9,12,655.2
19550006536000,11,6,5,547.8
19550006537000,12,7,5,495.6
19550006538000,37,21,16,1409.7
19550006539000,29,16,13,1174.5
19550006540000,64,39,25,1971.2
19550006541000,51,28,23,1948.2
19550006542000,152,81,71,5852
19550006543000,139,74,65,4990.1
19550006544000,49,28,21,1857.1
19550006545000,48,25,23,1603.2
19550006546000,105,55,50,3769.5
19550006547000,505,267,238,15806.5
19550006548000,32,20,12,1609.6
19550006549000,15,10,5,330
19550006550000,71,37,34,2719.3
19550006551000,19,10,9,647.9
19550006552000,32,17,15,1225.6
19550006554000,45,23,22,1503
19550006556000,34,19,15,1173
19550006557000,54,27,27,2127.6
19550006558000,13,6,7,604.5
19550006559000,20,12,8,756
19550006569000,2,1,1,0
19550006598000,5,2,3,384
19550006599000,2,2,0,0
19550006600000,5,3,2,273
19550006601000,2,1,1,0
19550006602000,11,5,6,488.4
19550006603000,30,12,18,1110
19550006604000,189,87,102,8580.6
19550006605000,58,29,29,2494
19550006611000,14,8,6,408.8
19550006612000,44,21,23,2292.4
19550006613000,1,1,0,0
19550006619000,17,9,8,860.2
19550006620000,39,23,16,1790.1
19550006621000,50,27,23,1830
19550006622000,16,6,10,753.6
19550006623000,22,10,12,737
19550006624000,4,2,2,0
19550006625000,258,131,127,8230.2
19550006626000,979,487,492,36614.6
19550006627000,270,128,142,9828
19550006628000,53,30,23,1722.5
19550006629000,24,9,15,624
19550006630000,2,2,0,0
19550006631000,3,2,1,0
19550006635000,15,8,7,627
19550006636000,20,9,11,638
19550006637000,18,11,7,820.8
19550006638000,6,3,3,145.8
19550006639000,151,85,66,4681
19550006640000,383,181,202,18460.6
19550006641000,48,28,20,1876.8
19550006642000,23,10,13,857.9
19550006643000,15,9,6,429
19550006644000,9,3,6,441.9
19550006645000,12,5,7,642
19550006646000,32,17,15,1244.8
19550006647000,12,6,6,273.6
19550006648000,8,5,3,342.4
19550006649000,10,6,4,440
19550006661000,25,11,14,1055
19550006668000,62,35,27,2405.6
19550006669000,8,5,3,231.2
19550006670000,571,295,276,22954.2
19550006671000,230,117,113,8441
19550006690000,6,2,4,222
19550006691000,3,2,1,0
19550006692000,106,57,49,4812.4
19550006693000,52,29,23,1788.8
19550006694000,15,10,5,510
19550006695000,56,30,26,1540
19550006696000,189,103,86,7219.8
19550006697000,46,28,18,1186.8
19550006699000,14,7,7,665
19550006700000,19,10,9,716.3
19550006703000,144,73,71,4838.4
19550006704000,15,7,8,435
19550006713000,31,18,13,1215.2
19550006714000,122,61,61,4587.2
19550006715000,168,84,84,6182.4
19550006716000,293,156,137,11807.9
19550006717000,327,166,161,14159.1
19550006718000,27,17,10,1028.7
19550006724000,17,11,6,537.2
19550006725000,143,72,71,5519.8
19550006726000,173,90,83,5639.8
19550006729000,113,59,54,4723.4
19550006730000,193,106,87,8183.2
19550006731000,431,222,209,16852.1
19550006732000,24,14,10,979.2
19550006733000,26,15,11,980.2
19550006734000,355,184,171,12638
19550006741000,120,61,59,4956
19550006742000,205,102,103,7052
19550006744000,116,58,58,5080.8
19550006748000,92,48,44,4333.2
19550006750000,24,14,10,1250.4
19550006751000,71,34,37,2932.3
19550006752000,8,4,4,270.4
19550006753000,24,13,11,732
19550006754000,157,77,80,5636.3
19550006755000,115,62,53,5290
19550006756000,81,44,37,2980.8
19550006759000,13,8,5,566.8
19550006760000,13,7,6,464.1
19550006763000,232,126,106,6751.2
19550006764000,17,9,8,545.7
19550006765000,52,24,28,1695.2
19550006766000,19,9,10,699.2
19550006767000,53,28,25,2141.2
19550006768000,21,10,11,924
19550006769000,3,2,1,0
19550006771000,58,26,32,2302.6
19550006776000,21,14,7,833.7
19550006777000,5,2,3,205
19550006779000,29,17,12,1000.5
19550006780000,23,14,9,761.3
19550006781000,46,25,21,1623.8
19550006782000,92,43,49,3827.2
19550006783000,7,5,2,251.3
19550006794000,1,1,0,0
19550006814000,6,2,4,193.8
19550006827000,3,2,1,0
19550006828000,9,4,5,520.2
19560006532000,3,3,0,0
19560006533000,7,3,4,382.9
19560006534000,53,26,27,1812.6
19560006535000,53,28,25,1786.1
19560006536000,24,13,11,926.4
19560006537000,11,8,3,381.7
19560006538000,12,5,7,361.2
19560006539000,6,2,4,199.2
19560006540000,88,46,42,3238.4
19560006541000,23,11,12,880.9
19560006542000,46,25,21,1610
19560006543000,9,6,3,477.9
19560006544000,63,37,26,3156.3
19560006545000,75,37,38,2842.5
19560006546000,44,27,17,1337.6
19560006547000,57,32,25,2074.8
19560006548000,64,34,30,2777.6
19560006549000,27,15,12,1069.2
19560006550000,27,14,13,1080
19560006551000,45,17,28,1899
19560006552000,43,21,22,1535.1
19560006553000,36,23,13,1371.6
19560006554000,69,30,39,2870.4
19560006555000,41,19,22,1447.3
19560006556000,28,17,11,1388.8
19560006557000,52,24,28,1981.2
19560006558000,111,54,57,4095.9
19560006559000,12,6,6,446.4
19560006560000,18,10,8,655.2
19560006561000,36,20,16,1544.4
19560006562000,32,15,17,1488
19560006563000,11,7,4,407
19560006602000,78,49,29,2589.6
19560006603000,156,80,76,6957.6
19560006604000,24,13,11,916.8
19560006605000,33,17,16,1217.7
19560006606000,4,3,1,0
19560006611000,19,11,8,657.4
19560006612000,44,25,19,2050.4
19560006616000,19,11,8,851.2
19560006621000,43,22,21,1591
19560006622000,36,24,12,1515.6
19560006623000,10,5,5,407
19560006624000,9,5,4,376.2
19560006625000,774,401,373,24845.4
19560006626000,920,457,463,30728
19560006627000,76,44,32,2713.2
19560006628000,18,9,9,635.4
19560006629000,65,33,32,2444
19560006630000,5,3,2,152
19560006633000,1,1,0,0
19560006634000,4,2,2,0
19560006635000,7,4,3,247.1
19560006639000,20,13,7,704
19560006640000,511,248,263,16709.7
19560006641000,125,70,55,3325
19560006643000,3,1,2,0
19560006644000,1,0,1,0
19560006645000,9,5,4,315
19560006648000,3,1,2,0
19560006649000,38,20,18,1755.6
19560006662000,47,22,25,2303
19560006668000,77,40,37,2671.9
19560006669000,7,4,3,280
19560006675000,3,2,1,0
19560006682000,6,1,5,204
19560006692000,10,6,4,490
19560006693000,38,15,23,1535.2
19560006695000,26,15,11,1118
19560006696000,8,4,4,344.8
19560006697000,17,8,9,1013.2
19560006699000,8,4,4,328.8
19560006700000,69,37,32,2242.5
19560006701000,3,1,2,0
19560006703000,5,4,1,144
19560006704000,11,5,6,411.4
19560006705000,21,9,12,764.4
19560006716000,70,33,37,2786
19560006717000,2,2,0,0
19560006718000,3,2,1,0
19560006726000,111,61,50,4073.7
19560006727000,102,49,53,4233
19560006728000,160,89,71,5824
19560006729000,52,26,26,2012.4
19560006730000,23,15,8,671.6
19560006731000,680,350,330,27132
19560006732000,1152,547,605,53222.4
19560006733000,1161,590,571,44814.6
19560006734000,664,355,309,23439.2
19560006735000,199,106,93,6129.2
19560006736000,132,72,60,4699.2
19560006741000,1,1,0,0
19560006742000,265,128,137,10202.5
19560006743000,268,136,132,8361.6
19560006744000,298,153,145,10221.4
19560006747000,57,27,30,2040.6
19560006748000,337,173,164,13682.2
19560006749000,314,159,155,10267.8
19560006750000,3,2,1,0
19560006752000,88,41,47,2437.6
19560006753000,11,6,5,580.8
19560006754000,83,41,42,3046.1
19560006755000,135,71,64,4914
19560006756000,22,10,12,880
19560006759000,21,12,9,909.3
19560006760000,5,3,2,178
19560006762000,5,2,3,272
19560006763000,341,168,173,16299.8
19560006764000,322,164,158,10915.8
19560006765000,6,3,3,108
19560006766000,69,35,34,2635.8
19560006767000,69,34,35,2511.6
19560006768000,7,4,3,221.9
19560006770000,41,24,17,1791.7
19560006771000,16,6,10,588.8
19560006776000,25,15,10,892.5
19560006777000,12,7,5,585.6
19560006778000,29,13,16,1429.7
19560006780000,4,3,1,0
19560006781000,38,20,18,1390.8
19560006782000,266,128,138,10932.6
19560006783000,60,34,26,2748
19560006793000,8,1,7,207.2
19560006812000,1,0,1,0
19560006815000,4,2,2,0
19560006817000,7,4,3,212.1
19560006821000,9,7,2,413.1
19560006824000,1,0,1,0
19560006828000,9,4,5,405
19570006528000,39,24,15,1404
19570006529000,4,3,1,0
19570006530000,3,1,2,0
19570006531000,47,23,24,1734.3
19570006532000,9,4,5,541.8
19570006533000,41,21,20,1369.4
19570006534000,99,59,40,3356.1
19570006535000,1554,784,770,53302.2
19570006536000,75,38,37,2857.5
19570006537000,27,11,16,1004.4
19570006539000,30,17,13,1224
19570006540000,666,335,331,27972
19570006541000,294,150,144,9496.2
19570006542000,23,10,13,940.7
19570006543000,25,16,9,782.5
19570006544000,32,15,17,1433.6
19570006545000,32,16,16,1206.4
19570006546000,58,32,26,2157.6
19570006547000,46,26,20,1720.4
19570006548000,34,21,13,1414.4
19570006549000,89,49,40,3497.7
19570006550000,35,17,18,1309
19570006551000,17,9,8,736.1
19570006552000,51,26,25,2106.3
19570006553000,25,14,11,1010
19570006554000,472,244,228,16944.8
19570006555000,32,19,13,1132.8
19570006556000,39,20,19,2168.4
19570006557000,36,19,17,1360.8
19570006558000,112,56,56,4513.6
19570006559000,78,41,37,2948.4
19570006560000,76,39,37,2979.2
19570006561000,804,406,398,23959.2
19570006562000,224,108,116,6518.4
19570006563000,124,63,61,4910.4
19570006564000,8,5,3,415.2
19570006602000,3,1,2,0
19570006603000,91,47,44,2821
19570006605000,3,1,2,0
19570006606000,9,5,4,405
19570006607000,7,3,4,275.8
19570006611000,24,13,11,1010.4
19570006612000,36,19,17,1141.2
19570006613000,14,6,8,561.4
19570006614000,102,56,46,3672
19570006615000,2,1,1,0
19570006616000,11,6,5,497.2
19570006617000,18,10,8,723.6
19570006623000,7,4,3,504
19570006625000,544,265,279,17136
19570006626000,66,40,26,2752.2
19570006627000,15,8,7,664.5
19570006634000,23,12,11,777.4
19570006638000,1,1,0,0
19570006640000,23,14,9,1005.1
19570006641000,13,9,4,661.7
19570006644000,8,5,3,276
19570006645000,19,13,6,739.1
19570006646000,2,1,1,0
19570006647000,2,1,1,0
19570006648000,11,7,4,342.1
19570006649000,27,13,14,823.5
19570006650000,3,2,1,0
19570006656000,103,51,52,4120
19570006657000,72,42,30,2707.2
19570006658000,41,21,20,1238.2
19570006659000,177,89,88,5593.2
19570006660000,68,32,36,2026.4
19570006661000,177,89,88,6106.5
19570006662000,31,15,16,1559.3
19570006663000,30,19,11,1149
19570006664000,21,12,9,823.2
19570006665000,45,26,19,2160
19570006666000,6,3,3,345
19570006667000,75,45,30,3030
19570006668000,254,134,120,10693.4
19570006675000,22,15,7,1014.2
19570006676000,24,13,11,792
19570006679000,3,1,2,0
19570006680000,1,1,0,0
19570006682000,4,2,2,0
19570006691000,26,14,12,1164.8
19570006692000,154,76,78,5867.4
19570006693000,3,2,1,0
19570006700000,11,7,4,653.4
19570006701000,100,51,49,3500
19570006702000,572,287,285,20420.4
19570006703000,251,126,125,8734.8
19570006704000,19,9,10,881.6
19570006717000,8,5,3,428.8
19570006718000,15,8,7,1005
19570006724000,9,5,4,278.1
19570006725000,171,86,85,5796.9
19570006726000,3,2,1,0
19570006727000,54,26,28,2154.6
19570006729000,53,29,24,2369.1
19570006730000,278,147,131,9424.2
19570006731000,902,463,439,32562.2
19570006732000,930,463,467,33294
19570006733000,6,2,4,202.8
19570006735000,86,48,38,2949.8
19570006736000,21,14,7,567
19570006741000,4,2,2,0
19570006742000,193,96,97,6407.6
19570006743000,257,124,133,7504.4
19570006744000,215,117,98,7202.5
19570006745000,7,5,2,233.1
19570006747000,7,4,3,333.9
19570006748000,42,21,21,2104.2
19570006749000,210,112,98,6594
19570006750000,52,21,31,1861.6
19570006752000,38,18,20,1546.6
19570006753000,44,17,27,1570.8
19570006754000,7,2,5,308.7
19570006755000,25,13,12,977.5
19570006756000,5,3,2,301
19570006758000,1,0,1,0
19570006759000,39,21,18,1688.7
19570006760000,2,1,1,0
19570006762000,28,17,11,924
19570006763000,207,101,106,9252.9
19570006764000,141,73,68,5752.8
19570006766000,7,4,3,338.8
19570006768000,24,12,12,1178.4
19570006769000,113,55,58,4520
19570006770000,22,12,10,739.2
19570006771000,57,36,21,2850
19570006772000,6,4,2,241.2
19570006778000,6,3,3,250.8
19570006779000,16,8,8,806.4
19570006780000,76,43,33,3009.6
19570006781000,74,38,36,2434.6
19570006782000,46,24,22,1702
19570006783000,31,12,19,1522.1
19570006787000,7,3,4,280.7
19570006791000,18,8,10,801
19570006792000,39,19,20,1848.6
19570006793000,4,2,2,0
19570006794000,4,3,1,0
19570006795000,1,1,0,0
19570006798000,2,2,0,0
19570006802000,7,5,2,214.9
19570006811000,3,2,1,0
19570006815000,24,11,13,1168.8
19570006816000,11,5,6,562.1
19570006817000,1,1,0,0
19570006818000,7,5,2,431.2
19570006819000,3,2,1,0
19570006820000,1,1,0,0
19570006823000,1,0,1,0
19570006824000,2,1,1,0
19580006526000,4,2,2,0
19580006527000,14,8,6,677.6
19580006528000,13,7,6,566.8
19580006529000,38,21,17,1523.8
19580006530000,50,25,25,1855
19580006531000,30,15,15,1182
19580006532000,21,11,10,1012.2
19580006533000,54,27,27,2386.8
19580006534000,375,194,181,14137.5
19580006535000,1290,645,645,47343
19580006536000,40,23,17,1424
19580006537000,18,9,9,842.4
19580006538000,24,16,8,904.8
19580006539000,1861,947,914,55271.7
19580006540000,2836,1423,1413,110604
19580006541000,562,301,261,19557.6
19580006542000,34,16,18,1329.4
19580006543000,44,25,19,1962.4
19580006544000,22,11,11,781
19580006545000,40,21,19,1340
19580006546000,27,13,14,942.3
19580006547000,129,70,59,5443.8
19580006548000,467,232,235,16671.9
19580006549000,374,197,177,13314.4
19580006550000,38,25,13,1911.4
19580006551000,82,41,41,3116
19580006552000,683,332,351,26158.9
19580006553000,1055,545,510,33021.5
19580006554000,1856,911,945,65888
19580006555000,57,28,29,2052
19580006556000,173,102,71,5951.2
19580006557000,27,14,13,1287.9
19580006558000,8,3,5,510.4
19580006559000,107,54,53,3894.8
19580006560000,923,459,464,31197.4
19580006561000,111,62,49,3840.6
19580006562000,79,41,38,3491.8
19580006563000,61,32,29,2385.1
19580006564000,5,2,3,320
19580006566000,12,6,6,411.6
19580006567000,44,19,25,1786.4
19580006568000,29,11,18,922.2
19580006570000,111,56,55,5106
19580006571000,1165,610,555,47532
19580006572000,655,303,352,20632.5
19580006602000,8,6,2,346.4
19580006603000,22,12,10,1122
19580006607000,3,1,2,0
19580006609000,7,4,3,328.3
19580006610000,171,84,87,6344.1
19580006611000,47,27,20,2209
19580006612000,19,10,9,600.4
19580006613000,284,150,134,9343.6
19580006614000,8,4,4,210.4
19580006617000,8,3,5,462.4
19580006619000,6,2,4,277.2
19580006620000,4,2,2,0
19580006624000,4,2,2,0
19580006626000,290,133,157,17893
19580006635000,3,2,1,0
19580006637000,5,3,2,168
19580006638000,28,16,12,982.8
19580006639000,4,1,3,0
19580006640000,62,38,24,2659.8
19580006641000,22,10,12,897.6
19580006642000,7,4,3,235.9
19580006646000,8,3,5,268
19580006649000,27,13,14,1377
19580006650000,118,59,59,5015
19580006651000,18,11,7,736.2
19580006656000,317,157,160,11253.5
19580006657000,316,157,159,12956
19580006658000,78,39,39,2386.8
19580006659000,70,35,35,2723
19580006660000,15,9,6,550.5
19580006661000,6,3,3,249
19580006670000,21,12,9,533.4
19580006671000,22,10,12,1012
19580006672000,7,5,2,268.1
19580006674000,14,8,6,439.6
19580006675000,102,51,51,3937.2
19580006676000,20,11,9,560
19580006677000,2,1,1,0
19580006678000,14,7,7,638.4
19580006679000,11,6,5,669.9
19580006680000,39,19,20,1524.9
19580006681000,518,279,239,17042.2
19580006682000,55,28,27,1947
19580006683000,3,2,1,0
19580006684000,3,2,1,0
19580006691000,20,14,6,952
19580006692000,40,23,17,1876
19580006693000,9,4,5,282.6
19580006696000,12,5,7,488.4
19580006697000,15,7,8,747
19580006698000,53,32,21,2321.4
19580006699000,21,12,9,714
19580006700000,202,99,103,7191.2
19580006701000,437,221,216,15994.2
19580006702000,47,20,27,1565.1
19580006703000,49,24,25,1881.6
19580006704000,2,2,0,0
19580006725000,60,33,27,2022
19580006726000,68,37,31,2529.6
19580006727000,236,119,117,7953.2
19580006728000,345,174,171,11695.5
19580006729000,3,2,1,0
19580006730000,337,177,160,11896.1
19580006731000,276,132,144,10570.8
19580006732000,694,369,325,25955.6
19580006733000,223,115,108,8317.9
19580006734000,1138,587,551,43244
19580006735000,408,208,200,15789.6
19580006737000,128,66,62,4787.2
19580006738000,331,180,151,13769.6
19580006739000,603,307,296,20441.7
19580006741000,319,160,159,9155.3
19580006742000,1082,527,555,32135.4
19580006743000,433,229,204,12253.9
19580006744000,70,39,31,3297
19580006745000,4,1,3,0
19580006747000,2,1,1,0
19580006750000,12,7,5,495.6
19580006752000,121,61,60,4464.9
19580006754000,7,5,2,270.9
19580006760000,12,7,5,598.8
19580006761000,23,15,8,1071.8
19580006762000,66,34,32,3042.6
19580006763000,26,14,12,1396.2
19580006764000,25,12,13,1252.5
19580006765000,22,12,10,985.6
19580006766000,27,14,13,1271.7
19580006767000,17,10,7,680
19580006768000,77,37,40,3349.5
19580006769000,37,18,19,1313.5
19580006770000,1,1,0,0
19580006777000,2,1,1,0
19580006778000,7,5,2,503.3
19580006779000,8,4,4,247.2
19580006780000,21,12,9,798
19580006781000,72,50,22,2714.4
19580006783000,1,1,0,0
19580006787000,27,16,11,1120.5
19580006794000,3,2,1,0
19580006796000,5,3,2,79
19580006797000,2,1,1,0
19580006798000,2,1,1,0
19580006804000,3,2,1,0
19580006805000,10,6,4,438
19580006818000,4,1,3,0
19580006820000,1,0,1,0
19580006823000,1,0,1,0
19580006824000,12,6,6,693.6
19580006828000,21,12,9,777
19580006867000,2,1,1,0
19580006868000,7,4,3,226.8
19590006526000,26,16,10,1032.2
19590006527000,18,9,9,509.4
19590006528000,22,15,7,1018.6
19590006529000,1686,846,840,62719.2
19590006530000,110,52,58,3960
19590006531000,16,10,6,580.8
19590006532000,3,3,0,0
19590006533000,20,11,9,710
19590006534000,53,27,26,1918.6
19590006535000,34,21,13,1166.2
19590006536000,32,15,17,934.4
19590006537000,26,14,12,696.8
19590006538000,16,6,10,598.4
19590006539000,871,441,430,27001
19590006540000,174,92,82,5724.6
19590006541000,42,22,20,1789.2
19590006542000,4,1,3,0
19590006543000,23,13,10,1025.8
19590006544000,109,62,47,3564.3
19590006545000,128,68,60,3328
19590006546000,78,43,35,2815.8
19590006547000,1919,962,957,75608.6
19590006548000,2790,1391,1399,113553
19590006549000,1335,675,660,42186
19590006550000,61,31,30,2177.7
19590006551000,12,7,5,459.6
19590006552000,3075,1542,1533,119310
19590006553000,1235,638,597,45571.5
19590006554000,597,303,294,15939.9
19590006555000,30,16,14,1332
19590006556000,63,34,29,1902.6
19590006557000,49,25,24,1876.7
19590006558000,21,11,10,844.2
19590006559000,11,4,7,511.5
19590006560000,89,44,45,3568.9
19590006561000,128,73,55,5209.6
19590006562000,150,80,70,4830
19590006563000,41,25,16,1742.5
19590006564000,12,9,3,513.6
19590006565000,71,35,36,2989.1
19590006566000,72,39,33,2858.4
19590006567000,159,80,79,5517.3
19590006568000,80,53,27,3064
19590006570000,382,195,187,15089
19590006571000,2771,1433,1338,106683.5
19590006572000,211,114,97,7511.6
19590006573000,43,20,23,1651.2
19590006576000,65,36,29,2801.5
19590006577000,71,34,37,2967.8
19590006578000,43,21,22,1595.3
19590006579000,69,31,38,3077.4
19590006612000,8,3,5,324.8
19590006613000,1,1,0,0
19590006614000,101,55,46,3535
19590006615000,6,2,4,295.8
19590006616000,20,13,7,764
19590006617000,46,22,24,1591.6
19590006618000,13,7,6,520
19590006619000,28,13,15,1145.2
19590006620000,39,17,22,1755
19590006621000,149,87,62,4946.8
19590006622000,13,6,7,599.3
19590006623000,12,6,6,550.8
19590006624000,7,2,5,172.2
19590006625000,138,69,69,5713.2
19590006626000,337,155,182,15906.4
19590006627000,9,7,2,347.4
19590006633000,4,1,3,0
19590006638000,14,7,7,571.2
19590006639000,61,32,29,1799.5
19590006640000,42,19,23,1923.6
19590006641000,25,10,15,785
19590006642000,77,40,37,3380.3
19590006645000,13,4,9,429
19590006650000,80,42,38,3248
19590006651000,34,14,20,1509.6
19590006656000,99,46,53,3504.6
19590006657000,263,128,135,12545.1
19590006658000,14,8,6,428.4
19590006659000,14,6,8,558.6
19590006660000,13,4,9,566.8
19590006666000,14,10,4,548.8
19590006667000,14,4,10,518
19590006670000,191,94,97,6283.9
19590006671000,10,5,5,287
19590006675000,14,7,7,557.2
19590006676000,134,69,65,5574.4
19590006677000,70,37,33,2723
19590006678000,26,12,14,988
19590006679000,8,5,3,212.8
19590006680000,20,13,7,586
19590006681000,218,100,118,9090.6
19590006682000,63,40,23,3710.7
19590006683000,21,11,10,497.7
19590006686000,21,13,8,968.1
19590006693000,72,33,39,2995.2
19590006699000,63,30,33,2765.7
19590006700000,78,32,46,2714.4
19590006718000,23,14,9,1064.9
19590006721000,4,1,3,0
19590006722000,67,36,31,2894.4
19590006723000,61,39,22,2244.8
19590006724000,4,2,2,0
19590006726000,4,3,1,0
19590006727000,172,84,88,6346.8
19590006728000,58,29,29,2412.8
19590006729000,213,114,99,8200.5
19590006730000,545,273,272,20274
19590006731000,302,147,155,11294.8
19590006732000,863,419,444,27443.4
19590006733000,616,304,312,23531.2
19590006735000,655,349,306,23056
19590006736000,148,82,66,5431.6
19590006737000,940,481,459,32900
19590006738000,81,47,34,3645
19590006739000,305,152,153,10065
19590006741000,155,78,77,6572
19590006742000,433,200,233,17406.6
19590006743000,478,219,259,20840.8
19590006744000,5,3,2,143
19590006746000,67,37,30,2706.8
19590006747000,37,20,17,1598.4
19590006748000,74,43,31,2456.8
19590006750000,3,1,2,0
19590006751000,122,60,62,4599.4
19590006752000,91,46,45,3003
19590006754000,17,10,7,775.2
19590006760000,13,5,8,612.3
19590006761000,10,5,5,415
19590006762000,47,27,20,2481.6
19590006763000,13,7,6,526.5
19590006764000,53,25,28,1939.8
19590006765000,11,5,6,606.1
19590006773000,3,1,2,0
19590006775000,6,3,3,108
19590006776000,110,56,54,3883
19590006777000,8,4,4,487.2
19590006779000,85,37,48,2516
19590006780000,14,9,5,644
19590006787000,4,3,1,0
19590006814000,2,1,1,0
19590006815000,3,2,1,0
19590006828000,2,1,1,0
19590006867000,22,14,8,1172.6
19590006868000,26,18,8,1396.2
19590006870000,3,2,1,0
19600006526000,25,16,9,1060
19600006527000,7,4,3,170.8
19600006528000,43,24,19,1634
19600006529000,279,143,136,9402.3
19600006530000,77,38,39,3295.6
19600006531000,13,8,5,482.3
19600006532000,36,18,18,1252.8
19600006533000,9,4,5,387.9
19600006534000,8,3,5,384.8
19600006535000,1,1,0,0
19600006536000,11,7,4,404.8
19600006537000,19,9,10,663.1
19600006538000,23,15,8,897
19600006539000,26,14,12,845
19600006540000,15,7,8,685.5
19600006541000,32,21,11,934.4
19600006542000,28,15,13,898.8
19600006543000,30,20,10,1167
19600006544000,49,30,19,1852.2
19600006545000,16,11,5,608
19600006546000,201,102,99,7537.5
19600006547000,2752,1404,1348,92467.2
19600006548000,1355,665,690,54742
19600006549000,123,62,61,4883.1
19600006550000,47,22,25,1992.8
19600006551000,107,60,47,3381.2
19600006552000,331,172,159,12743.5
19600006553000,49,27,22,1906.1
19600006554000,61,30,31,2757.2
19600006555000,12,8,4,423.6
19600006556000,36,21,15,1555.2
19600006557000,41,21,20,1385.8
19600006558000,37,23,14,1513.3
19600006559000,49,33,16,1866.9
19600006560000,9,4,5,403.2
19600006561000,72,46,26,2599.2
19600006562000,61,32,29,2519.3
19600006563000,20,13,7,934
19600006564000,1,1,0,0
19600006565000,251,120,131,9287
19600006566000,139,77,62,4670.4
19600006567000,18,9,9,912.6
19600006568000,125,68,57,4387.5
19600006569000,1014,511,503,35794.2
19600006570000,323,164,159,12241.7
19600006571000,57,30,27,2171.7
19600006572000,333,166,167,11621.7
19600006573000,634,344,290,21619.4
19600006574000,2321,1129,1192,83788.1
19600006575000,31,17,14,1063.3
19600006576000,79,40,39,3136.3
19600006577000,95,51,44,3724
19600006578000,104,57,47,4430.4
19600006579000,115,63,52,4025
19600006580000,39,20,19,1240.2
19600006581000,41,18,23,1742.5
19600006582000,1,0,1,0
19600006589000,2,1,1,0
19600006610000,4,1,3,0
19600006612000,4,1,3,0
19600006613000,3,2,1,0
19600006614000,2,1,1,0
19600006615000,71,34,37,2996.2
19600006616000,39,23,16,1571.7
19600006617000,3,2,1,0
19600006619000,3,2,1,0
19600006620000,40,24,16,1676
19600006621000,82,45,37,2935.6
19600006622000,78,37,41,2433.6
19600006623000,118,56,62,3870.4
19600006625000,586,298,288,15177.4
19600006626000,300,152,148,11160
19600006627000,41,18,23,1656.4
19600006628000,5,2,3,205
19600006629000,36,13,23,1458
19600006630000,54,30,24,2149.2
19600006631000,10,6,4,334
19600006632000,6,4,2,361.8
19600006635000,27,16,11,1017.9
19600006636000,38,17,21,1314.8
19600006637000,48,25,23,2395.2
19600006638000,9,4,5,340.2
19600006639000,13,8,5,743.6
19600006640000,12,6,6,489.6
19600006641000,7,4,3,336
19600006643000,3,2,1,0
19600006644000,13,8,5,611
19600006647000,32,15,17,1110.4
19600006648000,93,47,46,3403.8
19600006649000,30,14,16,1140
19600006650000,3,1,2,0
19600006656000,17,9,8,822.8
19600006657000,196,109,87,7761.6
19600006659000,9,5,4,219.6
19600006665000,271,132,139,10081.2
19600006666000,170,91,79,6086
19600006667000,69,38,31,2739.3
19600006669000,15,8,7,984
19600006675000,53,20,33,1886.8
19600006676000,53,29,24,1945.1
19600006677000,2,1,1,0
19600006678000,45,15,30,2016
19600006679000,102,48,54,4355.4
19600006680000,44,24,20,1738
19600006681000,191,99,92,6876
19600006682000,617,319,298,24309.8
19600006683000,4,3,1,0
19600006685000,10,5,5,541
19600006686000,43,24,19,1883.4
19600006687000,4,2,2,0
19600006688000,7,3,4,245
19600006693000,5,2,3,128
19600006694000,11,6,5,611.6
19600006696000,12,8,4,568.8
19600006698000,2,1,1,0
19600006699000,20,9,11,738
19600006700000,38,18,20,1295.8
19600006719000,69,36,33,2746.2
19600006721000,222,116,106,8547
19600006722000,115,59,56,4657.5
19600006723000,61,38,23,2354.6
19600006724000,266,145,121,11916.8
19600006725000,6,3,3,286.2
19600006726000,128,65,63,4992
19600006727000,5,3,2,320
19600006728000,943,485,458,36305.5
19600006729000,1022,513,509,38836
19600006730000,336,176,160,13036.8
19600006731000,63,28,35,2457
19600006732000,543,284,259,18950.7
19600006733000,1752,899,853,63422.4
19600006734000,28,12,16,1078
19600006735000,162,88,74,5880.6
19600006736000,872,441,431,31130.4
19600006737000,450,206,244,17595
19600006738000,97,50,47,4209.8
19600006739000,1227,641,586,38159.7
19600006740000,377,184,193,14627.6
19600006741000,531,276,255,19381.5
19600006742000,193,99,94,6832.2
19600006743000,88,45,43,3027.2
19600006746000,7,4,3,258.3
19600006747000,78,39,39,3221.4
19600006748000,9,6,3,206.1
19600006750000,273,133,140,8899.8
19600006751000,51,25,26,2422.5
19600006752000,51,21,30,2085.9
19600006753000,12,7,5,471.6
19600006754000,49,25,24,1759.1
19600006755000,2,1,1,0
19600006757000,51,27,24,1866.6
19600006758000,2,1,1,0
19600006761000,10,5,5,570
19600006763000,66,31,35,2211
19600006764000,30,16,14,1464
19600006773000,3,2,1,0
19600006775000,9,6,3,210.6
19600006776000,75,37,38,2947.5
19600006777000,26,16,10,1201.2
19600006779000,15,6,9,823.5
19600006794000,44,23,21,1592.8
19600006796000,10,4,6,320
19600006804000,6,4,2,295.2
19600006818000,3,2,1,0
19600006819000,3,2,1,0
19600006820000,6,4,2,279
19600006843000,17,9,8,729.3
19600006844000,27,14,13,972
19600006867000,14,8,6,592.2
19600006868000,8,4,4,355.2
19600006870000,17,8,9,892.5
19610006526000,206,102,104,7457.2
19610006527000,12,8,4,676.8
19610006528000,255,147,108,7956
19610006529000,46,25,21,1702
19610006530000,10,5,5,483
19610006532000,8,3,5,470.4
19610006533000,5,4,1,220
19610006534000,14,8,6,278.6
19610006535000,9,4,5,297.9
19610006536000,37,18,19,1180.3
19610006537000,22,12,10,525.8
19610006540000,9,4,5,236.7
19610006541000,20,8,12,806
19610006542000,13,6,7,817.7
19610006543000,2,1,1,0
19610006544000,35,18,17,1571.5
19610006545000,32,18,14,1020.8
19610006546000,18,10,8,633.6
19610006547000,617,319,298,17707.9
19610006548000,82,39,43,2615.8
19610006550000,16,9,7,592
19610006551000,192,91,101,5913.6
19610006552000,726,381,345,26353.8
19610006553000,37,18,19,1613.2
19610006554000,39,22,17,1688.7
19610006555000,27,15,12,990.9
19610006556000,37,21,16,1332
19610006557000,38,18,20,1611.2
19610006558000,130,68,62,3991
19610006559000,72,35,37,2440.8
19610006560000,35,22,13,1799
19610006561000,47,25,22,1720.2
19610006562000,27,15,12,1406.7
19610006563000,17,10,7,618.8
19610006564000,7,6,1,245.7
19610006565000,24,6,18,1449.6
19610006566000,127,70,57,3873.5
19610006568000,4,3,1,0
19610006569000,53,29,24,1966.3
19610006570000,26,15,11,1027
19610006571000,24,13,11,1344
19610006572000,66,30,36,3366
19610006573000,2300,1148,1152,88320
19610006574000,1376,678,698,52838.4
19610006575000,1107,574,533,42508.8
19610006576000,1123,555,568,40315.7
19610006577000,1116,572,544,41738.4
19610006578000,538,293,245,18722.4
19610006579000,66,35,31,2435.4
19610006580000,93,49,44,4054.8
19610006581000,16,7,9,724.8
19610006588000,31,19,12,1453.9
19610006589000,12,7,5,326.4
19610006591000,2,1,1,0
19610006609000,10,6,4,385
19610006610000,27,14,13,1293.3
19610006611000,28,13,15,1181.6
19610006612000,17,10,7,693.6
19610006616000,17,9,8,664.7
19610006622000,54,27,27,2165.4
19610006623000,5,3,2,115
19610006624000,3,2,1,0
19610006626000,65,35,30,2073.5
19610006630000,13,6,7,570.7
19610006632000,3,2,1,0
19610006636000,3,1,2,0
19610006637000,8,3,5,243.2
19610006638000,11,5,6,427.9
19610006639000,79,38,41,2757.1
19610006642000,8,5,3,446.4
19610006643000,19,10,9,792.3
19610006644000,9,4,5,539.1
19610006645000,5,2,3,120
19610006647000,8,5,3,251.2
19610006651000,5,3,2,267
19610006664000,330,177,153,10362
19610006665000,501,266,235,20040
19610006666000,412,215,197,14996.8
19610006668000,1,1,0,0
19610006675000,6,1,5,172.8
19610006676000,4,3,1,0
19610006679000,8,3,5,120
19610006681000,62,29,33,1934.4
19610006682000,56,27,29,2984.8
19610006683000,2,1,1,0
19610006684000,6,2,4,379.8
19610006685000,13,6,7,742.3
19610006686000,6,3,3,367.2
19610006687000,16,8,8,950.4
19610006696000,18,9,9,649.8
19610006697000,4,2,2,0
19610006718000,65,33,32,2717
19610006719000,329,173,156,12502
19610006720000,929,470,459,34651.7
19610006721000,276,142,134,10626
19610006722000,111,57,54,4428.9
19610006723000,54,30,24,2554.2
19610006726000,269,144,125,9630.2
19610006727000,96,47,49,3840
19610006728000,135,77,58,4941
19610006729000,209,111,98,7231.4
19610006730000,519,257,262,20708.1
19610006731000,705,355,350,25168.5
19610006732000,153,77,76,7022.7
19610006733000,979,490,489,35537.7
19610006734000,1533,762,771,62546.4
19610006735000,92,43,49,3772
19610006736000,1124,556,568,36642.4
19610006737000,495,242,253,13761
19610006738000,556,286,270,20127.2
19610006739000,503,269,234,16749.9
19610006740000,6,5,1,175.2
19610006747000,93,48,45,3896.7
19610006750000,510,265,245,16218
19610006751000,34,17,17,1472.2
19610006752000,100,52,48,3820
19610006753000,11,8,3,171.6
19610006757000,43,25,18,1995.2
19610006758000,2,1,1,0
19610006759000,4,2,2,0
19610006760000,7,3,4,322
19610006761000,25,9,16,1245
19610006762000,108,62,46,4330.8
19610006763000,73,38,35,2817.8
19610006765000,15,8,7,621
19610006766000,7,5,2,233.1
19610006767000,2,2,0,0
19610006768000,12,8,4,740.4
19610006769000,7,5,2,244.3
19610006772000,4,3,1,0
19610006773000,6,4,2,352.2
19610006774000,8,5,3,423.2
19610006775000,14,6,8,749
19610006776000,23,14,9,1147.7
19610006778000,13,5,8,618.8
19610006779000,34,20,14,1407.6
19610006794000,10,7,3,320
19610006795000,1,1,0,0
19610006796000,1,1,0,0
19610006804000,4,2,2,0
19610006823000,1,1,0,0
19610006842000,8,6,2,582.4
19610006843000,35,17,18,1697.5
19610006844000,9,6,3,406.8
19610006868000,5,2,3,283
19610006870000,1,0,1,0
19610006873000,7,4,3,378.7
19610006874000,59,28,31,2814.3
19610006876000,2,1,1,0
19620006525000,24,14,10,1003.2
19620006526000,224,114,110,9049.6
19620006527000,5,3,2,239
19620006528000,476,253,223,11662
19620006529000,21,13,8,903
19620006530000,2,1,1,0
19620006531000,3,1,2,0
19620006532000,14,9,5,432.6
19620006533000,24,13,11,739.2
19620006534000,16,9,7,569.6
19620006535000,23,13,10,1035
19620006536000,13,7,6,414.7
19620006537000,19,8,11,632.7
19620006539000,8,4,4,287.2
19620006540000,7,4,3,273.7
19620006541000,12,7,5,510
19620006542000,21,12,9,989.1
19620006543000,11,7,4,564.3
19620006544000,52,25,27,2002
19620006545000,25,11,14,1262.5
19620006546000,69,32,37,2691
19620006547000,38,17,21,1816.4
19620006548000,45,20,25,1732.5
19620006549000,16,8,8,633.6
19620006551000,5,2,3,171
19620006552000,750,382,368,25350
19620006553000,335,178,157,11189
19620006554000,30,17,13,1122
19620006555000,100,63,37,3510
19620006556000,31,15,16,1348.5
19620006557000,49,24,25,1901.2
19620006558000,109,55,54,3204.6
19620006559000,107,58,49,3926.9
19620006560000,7,3,4,354.2
19620006561000,70,36,34,2583
19620006562000,54,28,26,1679.4
19620006563000,75,45,30,2692.5
19620006564000,2296,1192,1104,84952
19620006565000,2103,1017,1086,96317.4
19620006566000,589,289,300,21498.5
19620006567000,445,225,220,15975.5
19620006570000,1001,525,476,39039
19620006571000,625,322,303,25125
19620006572000,1356,680,676,46104
19620006573000,1355,679,676,46883
19620006574000,44,26,18,1680.8
19620006575000,41,20,21,1742.5
19620006576000,119,59,60,5152.7
19620006577000,1560,760,800,62088
19620006578000,630,302,328,24255
19620006579000,79,43,36,3278.5
19620006580000,9,5,4,549.9
19620006588000,117,57,60,4364.1
19620006589000,18,10,8,842.4
19620006591000,32,15,17,1408
19620006592000,13,5,8,488.8
19620006608000,3,1,2,0
19620006609000,10,6,4,480
19620006610000,3,2,1,0
19620006614000,5,3,2,170
19620006615000,9,5,4,495
19620006616000,16,8,8,740.8
19620006622000,57,33,24,2200.2
19620006623000,2,2,0,0
19620006624000,5,3,2,114
19620006626000,15,8,7,697.5
19620006628000,5,2,3,93
19620006629000,6,4,2,190.8
19620006635000,3,2,1,0
19620006637000,8,4,4,312
19620006638000,2,1,1,0
19620006639000,9,4,5,402.3
19620006645000,26,12,14,1414.4
19620006646000,42,20,22,1310.4
19620006650000,8,2,6,308
19620006651000,52,30,22,2256.8
19620006652000,6,3,3,141
19620006653000,1,0,1,0
19620006661000,37,20,17,1561.4
19620006662000,4,3,1,0
19620006664000,238,120,118,8377.6
19620006665000,473,234,239,20055.2
19620006666000,812,397,415,28257.6
19620006686000,12,9,3,452.4
19620006715000,5,3,2,227
19620006718000,101,47,54,4353.1
19620006719000,429,217,212,17674.8
19620006720000,716,360,356,26420.4
19620006721000,434,219,215,15493.8
19620006722000,394,208,186,16154
19620006723000,322,166,156,12783.4
19620006724000,1,1,0,0
19620006725000,4,2,2,0
19620006726000,512,261,251,19865.6
19620006727000,55,27,28,2095.5
19620006728000,475,245,230,18762.5
19620006729000,835,405,430,33567
19620006730000,2029,1021,1008,76899.1
19620006731000,3087,1521,1566,121936.5
19620006732000,2092,1009,1083,87445.6
19620006733000,2653,1260,1393,108773
19620006734000,2922,1456,1466,116587.8
19620006735000,293,156,137,14093.3
19620006736000,752,377,375,31283.2
19620006737000,1703,857,846,68290.3
19620006738000,621,281,340,24964.2
19620006740000,58,30,28,2714.4
19620006741000,954,496,458,32340.6
19620006742000,12,7,5,426
19620006743000,23,14,9,885.5
19620006744000,60,27,33,2646
19620006745000,119,55,64,4391.1
19620006746000,177,93,84,6849.9
19620006747000,41,23,18,1451.4
19620006748000,125,64,61,3887.5
19620006749000,24,14,10,854.4
19620006750000,25,12,13,1087.5
19620006751000,76,40,36,2720.8
19620006752000,39,16,23,1368.9
19620006753000,20,10,10,932
19620006754000,8,3,5,415.2
19620006755000,18,10,8,894.6
19620006756000,9,6,3,242.1
19620006759000,30,20,10,1098
19620006760000,147,72,75,5380.2
19620006761000,54,30,24,2165.4
19620006762000,5,3,2,334
19620006764000,9,3,6,475.2
19620006765000,31,16,15,1354.7
19620006766000,40,17,23,1768
19620006767000,23,12,11,554.3
19620006768000,30,15,15,1077
19620006771000,3,2,1,0
19620006773000,2,1,1,0
19620006774000,17,10,7,865.3
19620006776000,4,2,2,0
19620006777000,34,17,17,1672.8
19620006791000,6,3,3,366
19620006795000,2,1,1,0
19620006799000,1,1,0,0
19620006801000,17,10,7,646
19620006804000,2,1,1,0
19620006823000,4,2,2,0
19620006824000,1,0,1,0
19620006834000,19,13,6,725.8
19620006867000,9,4,5,432
19630006525000,5,3,2,250
19630006526000,27,15,12,1004.4
19630006527000,26,16,10,954.2
19630006529000,28,14,14,991.2
19630006535000,17,8,9,841.5
19630006536000,5,2,3,229
19630006538000,6,1,5,222
19630006539000,14,9,5,716.8
19630006541000,44,22,22,1830.4
19630006542000,24,13,11,943.2
19630006543000,21,12,9,955.5
19630006544000,11,4,7,366.3
19630006545000,28,11,17,926.8
19630006546000,8,3,5,326.4
19630006547000,58,33,25,2146
19630006548000,27,12,15,1142.1
19630006549000,17,8,9,827.9
19630006550000,37,17,20,1243.2
19630006551000,22,12,10,825
19630006552000,4,2,2,0
19630006553000,181,87,94,7439.1
19630006554000,26,14,12,1172.6
19630006555000,105,57,48,3517.5
19630006556000,115,61,54,4692
19630006557000,150,81,69,5220
19630006558000,44,20,24,1909.6
19630006559000,132,70,62,5662.8
19630006560000,9,4,5,488.7
19630006561000,62,35,27,2424.2
19630006562000,51,22,29,1892.1
19630006563000,22,13,9,820.6
19630006564000,3139,1575,1564,92600.5
19630006565000,731,393,338,26242.9
19630006566000,216,116,100,7473.6
19630006567000,1813,930,883,67987.5
19630006568000,24,11,13,976.8
19630006570000,135,69,66,5616
19630006571000,854,447,407,31171
19630006572000,1007,500,507,40582.1
19630006573000,35,16,19,1690.5
19630006574000,416,221,195,14019.2
19630006575000,183,96,87,7667.7
19630006576000,127,71,56,4521.2
19630006577000,660,327,333,21318
19630006578000,806,406,400,29419
19630006579000,308,156,152,10194.8
19630006588000,90,51,39,3771
19630006589000,2,1,1,0
19630006591000,242,124,118,7961.8
19630006592000,67,33,34,3028.4
19630006609000,2,2,0,0
19630006612000,9,5,4,347.4
19630006613000,4,2,2,0
19630006615000,20,9,11,660
19630006617000,8,4,4,239.2
19630006618000,18,8,10,721.8
19630006619000,3,1,2,0
19630006620000,5,3,2,257
19630006621000,6,3,3,394.8
19630006622000,13,8,5,600.6
19630006623000,31,18,13,1267.9
19630006624000,5,3,2,248
19630006625000,11,6,5,509.3
19630006626000,4,2,2,0
19630006628000,2,1,1,0
19630006630000,36,17,19,1292.4
19630006632000,13,7,6,473.2
19630006634000,3,1,2,0
19630006635000,15,9,6,553.5
19630006639000,2,1,1,0
19630006644000,15,8,7,394.5
19630006646000,283,142,141,10669.1
19630006647000,192,98,94,5664
19630006649000,13,8,5,583.7
19630006650000,13,6,7,575.9
19630006651000,5,4,1,236
19630006652000,43,23,20,1788.8
19630006653000,55,32,23,2282.5
19630006654000,1,0,1,0
19630006663000,179,84,95,4779.3
19630006664000,340,173,167,11934
19630006665000,3,2,1,0
19630006666000,265,155,110,9513.5
19630006667000,38,23,15,1204.6
19630006686000,18,10,8,705.6
19630006692000,35,17,18,1526
19630006715000,71,42,29,2939.4
19630006716000,313,164,149,12707.8
19630006717000,85,48,37,3544.5
19630006720000,88,44,44,3634.4
19630006721000,254,139,115,9677.4
19630006722000,412,208,204,14749.6
19630006723000,859,431,428,35304.9
19630006724000,837,443,394,30717.9
19630006725000,1732,852,880,62698.4
19630006726000,844,412,432,32240.8
19630006727000,725,369,356,26752.5
19630006728000,1703,847,856,63181.3
19630006729000,819,391,428,33906.6
19630006730000,426,219,207,15804.6
19630006731000,160,83,77,6016
19630006733000,2,0,2,0
19630006734000,30,17,13,1161
19630006735000,25,23,2,1255
19630006736000,140,67,73,6370
19630006737000,1036,502,534,41440
19630006738000,813,429,384,30487.5
19630006739000,779,395,384,30536.8
19630006740000,838,436,402,30084.2
19630006741000,1196,615,581,39826.8
19630006742000,134,66,68,6056.8
19630006743000,186,106,80,7440
19630006744000,560,281,279,22904
19630006745000,447,214,233,15645
19630006746000,6,2,4,313.2
19630006748000,126,67,59,4712.4
19630006749000,64,36,28,2694.4
19630006750000,82,42,40,3977
19630006751000,57,31,26,2285.7
19630006752000,25,16,9,975
19630006753000,12,6,6,294
19630006754000,62,41,21,2070.8
19630006755000,6,5,1,234
19630006756000,15,7,8,628.5
19630006757000,86,49,37,3827
19630006758000,69,35,34,2477.1
19630006759000,45,26,19,1980
19630006760000,345,173,172,12489
19630006761000,2,2,0,0
19630006766000,12,4,8,525.6
19630006770000,4,2,2,0
19630006773000,13,6,7,777.4
19630006774000,2,0,2,0
19630006775000,17,8,9,1038.7
19630006776000,26,14,12,1385.8
19630006785000,2,1,1,0
19630006786000,41,16,25,1467.8
19630006791000,14,6,8,509.6
19630006792000,2,1,1,0
19630006801000,159,75,84,5819.4
19630006806000,18,9,9,750.6
19630006807000,8,4,4,380.8
19630006809000,7,4,3,476.7
19630006818000,5,2,3,298
19630006822000,2,1,1,0
19630006839000,18,11,7,1022.4
19630006840000,9,3,6,352.8
19630006868000,1,1,0,0
19630006874000,5,3,2,287
19640006520000,21,12,9,1241.1
19640006521000,330,176,154,13365
19640006523000,2,1,1,0
19640006524000,13,5,8,534.3
19640006525000,6,3,3,283.2
19640006526000,26,14,12,832
19640006527000,32,16,16,1360
19640006528000,26,17,9,863.2
19640006529000,11,4,7,364.1
19640006536000,7,3,4,140.7
19640006539000,2,1,1,0
19640006541000,17,11,6,885.7
19640006542000,24,16,8,912
19640006544000,13,6,7,413.4
19640006545000,7,5,2,266.7
19640006546000,14,8,6,659.4
19640006547000,1005,526,479,36582
19640006548000,336,178,158,10684.8
19640006550000,38,20,18,1592.2
19640006551000,265,139,126,9513.5
19640006552000,1154,586,568,38659
19640006553000,1755,880,875,64935
19640006554000,373,195,178,11749.5
19640006555000,26,12,14,881.4
19640006556000,234,131,103,6762.6
19640006557000,2727,1345,1382,88354.8
19640006558000,1147,556,591,39915.6
19640006559000,1380,696,684,49542
19640006560000,1179,588,591,37138.5
19640006561000,92,47,45,3376.4
19640006562000,78,42,36,3572.4
19640006563000,38,21,17,1470.6
19640006564000,23,11,12,1051.1
19640006565000,16,9,7,753.6
19640006566000,43,27,16,1685.6
19640006567000,709,379,330,25878.5
19640006568000,390,215,175,13923
19640006569000,77,39,38,3318.7
19640006570000,807,390,417,33894
19640006571000,2433,1230,1203,90994.2
19640006572000,947,455,492,42330.9
19640006574000,27,14,13,1112.4
19640006575000,124,65,59,5009.6
19640006576000,333,167,166,11455.2
19640006577000,945,480,465,30240
19640006578000,1135,597,538,42562.5
19640006579000,5,2,3,143
19640006581000,218,115,103,7455.6
19640006582000,9,4,5,416.7
19640006586000,55,31,24,2376
19640006587000,13,7,6,653.9
19640006588000,53,24,29,2167.7
19640006589000,1,0,1,0
19640006591000,47,25,22,1786
19640006613000,2,1,1,0
19640006614000,7,4,3,195.3
19640006615000,8,4,4,219.2
19640006616000,1,1,0,0
19640006617000,3,1,2,0
19640006620000,5,3,2,164
19640006621000,2,1,1,0
19640006626000,60,29,31,2382
19640006627000,8,4,4,360
19640006628000,4,2,2,0
19640006630000,19,10,9,959.5
19640006631000,31,12,19,1069.5
19640006632000,16,10,6,596.8
19640006634000,21,12,9,812.7
19640006635000,14,9,5,583.8
19640006639000,1,1,0,0
19640006640000,16,10,6,756.8
19640006641000,3,2,1,0
19640006646000,19,11,8,862.6
19640006647000,8,7,1,214.4
19640006648000,7,4,3,196.7
19640006650000,11,8,3,356.4
19640006651000,1,1,0,0
19640006652000,12,6,6,756
19640006653000,36,21,15,1450.8
19640006654000,19,10,9,1031.7
19640006655000,35,21,14,1669.5
19640006656000,30,16,14,1383
19640006662000,617,320,297,18139.8
19640006663000,368,184,184,10561.6
19640006664000,180,98,82,5544
19640006665000,10,4,6,420
19640006666000,45,27,18,1318.5
19640006667000,23,13,10,995.9
19640006684000,11,6,5,668.8
19640006685000,22,12,10,1071.4
19640006686000,4,3,1,0
19640006690000,1,1,0,0
19640006692000,5,2,3,348
19640006696000,11,5,6,610.5
19640006698000,5,2,3,325
19640006708000,58,31,27,2308.4
19640006709000,57,30,27,2428.2
19640006710000,1,1,0,0
19640006715000,9,5,4,231.3
19640006716000,17,8,9,685.1
19640006717000,108,62,46,4006.8
19640006718000,126,63,63,4977
19640006719000,135,70,65,4900.5
19640006720000,117,57,60,4516.2
19640006721000,37,17,20,1428.2
19640006722000,109,59,50,4937.7
19640006723000,402,209,193,14512.2
19640006724000,1649,814,835,59034.2
19640006725000,3371,1639,1732,117310.8
19640006726000,1213,587,626,42697.6
19640006727000,1275,658,617,49087.5
19640006728000,1337,664,673,50672.3
19640006729000,1822,896,926,73608.8
19640006730000,306,146,160,14871.6
19640006732000,1259,642,617,48345.6
19640006733000,1009,491,518,38442.9
19640006734000,1028,523,505,38961.2
19640006736000,9,5,4,284.4
19640006737000,241,118,123,9953.3
19640006738000,19,8,11,1046.9
19640006742000,126,61,65,4914
19640006747000,217,112,105,8745.1
19640006748000,920,475,445,28152
19640006749000,310,159,151,9083
19640006750000,62,36,26,2492.4
19640006751000,16,11,5,569.6
19640006752000,440,223,217,12276
19640006753000,184,96,88,5336
19640006754000,3,1,2,0
19640006755000,40,20,20,1392
19640006756000,35,18,17,1466.5
19640006757000,58,31,27,2088
19640006758000,111,58,53,4317.9
19640006759000,9,6,3,610.2
19640006760000,70,32,38,2744
19640006761000,19,13,6,931
19640006762000,20,12,8,766
19640006763000,15,8,7,703.5
19640006764000,64,35,29,2515.2
19640006765000,38,22,16,1721.4
19640006766000,7,4,3,356.3
19640006769000,21,14,7,911.4
19640006770000,20,12,8,750
19640006772000,28,15,13,1268.4
19640006773000,365,199,166,13140
19640006774000,851,430,421,29785
19640006775000,11,6,5,291.5
19640006777000,12,7,5,415.2
19640006785000,13,7,6,490.1
19640006786000,19,12,7,530.1
19640006787000,16,7,9,656
19640006788000,47,25,22,1579.2
19640006789000,29,10,19,1003.4
19640006790000,2,1,1,0
19640006791000,5,3,2,343
19640006800000,1,1,0,0
19640006801000,154,72,82,7499.8
19640006806000,9,4,5,324
19640006809000,1,1,0,0
19640006831000,3,1,2,0
19640006832000,15,9,6,850.5
19640006839000,27,14,13,1169.1
19640006840000,4,1,3,0
19640006888000,4,3,1,0
19650006519000,13,6,7,543.4
19650006520000,15,10,5,579
19650006521000,330,177,153,13035
19650006522000,18,9,9,723.6
19650006523000,372,174,198,14396.4
19650006524000,6,2,4,217.8
19650006527000,3,1,2,0
19650006528000,8,4,4,334.4
19650006529000,7,4,3,177.1
19650006530000,8,4,4,303.2
19650006535000,5,2,3,112
19650006536000,4,3,1,0
19650006539000,12,4,8,397.2
19650006541000,320,183,137,11296
19650006542000,97,49,48,3530.8
19650006543000,8,5,3,302.4
19650006544000,46,27,19,1807.8
19650006545000,22,13,9,869
19650006546000,27,14,13,1085.4
19650006547000,563,293,270,19873.9
19650006548000,407,190,217,10622.7
19650006551000,835,419,416,27388
19650006552000,425,224,201,13685
19650006553000,390,224,166,14352
19650006554000,49,23,26,1778.7
19650006555000,34,16,18,1349.8
19650006556000,217,114,103,6770.4
19650006557000,2088,1086,1002,76629.6
19650006558000,2781,1339,1442,105678
19650006559000,2063,1059,1004,73442.8
19650006560000,3123,1583,1540,117112.5
19650006561000,2310,1166,1144,80388
19650006562000,1774,890,884,57832.4
19650006563000,39,21,18,1848.6
19650006564000,74,34,40,3115.4
19650006565000,253,129,124,8323.7
19650006566000,760,404,356,27056
19650006567000,98,54,44,4282.6
19650006568000,65,36,29,3295.5
19650006569000,868,441,427,29598.8
19650006570000,1467,753,714,56919.6
19650006571000,4439,2053,2386,180667.3
19650006572000,3080,1521,1559,123816
19650006573000,2030,983,1047,81606
19650006574000,409,198,211,17668.8
19650006575000,2500,1209,1291,90250
19650006576000,4024,2043,1981,143254.4
19650006577000,519,262,257,20552.4
19650006581000,38,21,17,1721.4
19650006582000,119,64,55,4403
19650006583000,99,41,58,3445.2
19650006585000,18,9,9,896.4
19650006586000,51,28,23,2264.4
19650006587000,20,13,7,822
19650006589000,5,2,3,117
19650006590000,5,3,2,256
19650006591000,49,23,26,2116.8
19650006592000,3,1,2,0
19650006613000,43,23,20,2076.9
19650006614000,46,24,22,1430.6
19650006624000,4,3,1,0
19650006625000,2,1,1,0
19650006626000,57,31,26,2519.4
19650006627000,26,16,10,1058.2
19650006628000,4,2,2,0
19650006631000,40,19,21,1412
19650006632000,35,18,17,1501.5
19650006633000,18,11,7,799.2
19650006634000,13,7,6,588.9
19650006635000,12,4,8,435.6
19650006637000,9,5,4,252
19650006640000,2,1,1,0
19650006641000,1,1,0,0
19650006642000,6,3,3,262.8
19650006643000,6,3,3,316.2
19650006644000,14,7,7,547.4
19650006654000,8,3,5,219.2
19650006655000,37,18,19,1509.6
19650006656000,103,56,47,4593.8
19650006657000,12,6,6,606
19650006662000,843,438,405,27819
19650006663000,822,418,404,30496.2
19650006665000,17,6,11,683.4
19650006666000,50,25,25,2005
19650006667000,6,4,2,204
19650006684000,20,11,9,976
19650006687000,5,2,3,361
19650006689000,7,4,3,317.8
19650006690000,2,1,1,0
19650006692000,19,11,8,1176.1
19650006693000,14,8,6,634.2
19650006697000,2,1,1,0
19650006705000,176,97,79,5332.8
19650006706000,40,24,16,848
19650006708000,16,9,7,793.6
19650006709000,196,101,95,6781.6
19650006710000,16,8,8,894.4
19650006711000,20,10,10,822
19650006718000,134,68,66,5507.4
19650006719000,24,12,12,1159.2
19650006720000,166,83,83,7951.4
19650006721000,5,2,3,216
19650006722000,935,454,481,29639.5
19650006723000,1154,574,580,37043.4
19650006724000,3446,1641,1805,134394
19650006725000,834,426,408,30024
19650006726000,77,36,41,3018.4
19650006727000,2759,1343,1416,110084.1
19650006728000,3298,1625,1673,130930.6
19650006729000,3982,1824,2158,177597.2
19650006730000,3296,1566,1730,138102.4
19650006731000,800,375,425,36080
19650006733000,914,470,444,36651.4
19650006734000,2270,1156,1114,87622
19650006743000,26,13,13,1081.6
19650006744000,648,312,336,27604.8
19650006745000,39,23,16,1602.9
19650006747000,93,48,45,2883
19650006748000,1153,584,569,47503.6
19650006749000,343,163,180,14474.6
19650006750000,109,60,49,4098.4
19650006751000,134,60,74,5118.8
19650006752000,22,12,10,913
19650006753000,5,3,2,155
19650006754000,677,338,339,22341
19650006755000,457,243,214,15995
19650006756000,60,32,28,2088
19650006757000,144,74,70,5486.4
19650006758000,64,31,33,2624
19650006759000,71,36,35,2747.7
19650006760000,46,22,24,1927.4
19650006761000,21,11,10,751.8
19650006762000,35,19,16,1232
19650006763000,28,15,13,1156.4
19650006764000,1,1,0,0
19650006767000,16,10,6,676.8
19650006770000,8,2,6,316
19650006772000,35,19,16,1690.5
19650006773000,40,20,20,1936
19650006774000,216,103,113,9892.8
19650006775000,9,6,3,393.3
19650006777000,2,1,1,0
19650006785000,26,15,11,946.4
19650006789000,9,6,3,453.6
19650006791000,4,2,2,0
19650006800000,10,4,6,312
19650006801000,37,21,16,1431.9
19650006802000,19,7,12,771.4
19650006809000,1,1,0,0
19650006810000,2,1,1,0
19650006828000,5,4,1,263
19650006829000,4,2,2,0
19650006831000,7,3,4,259
19650006832000,10,6,4,408
19650006833000,16,9,7,857.6
19650006835000,15,9,6,633
19650006839000,16,9,7,694.4
19650006840000,7,2,5,256.2
19650006844000,13,9,4,505.7
19650006845000,16,10,6,360
19650006861000,3,1,2,0
19650006862000,20,14,6,920
19650006878000,11,7,4,699.6
19650006882000,1,0,1,0
19650006883000,3,1,2,0
19650006889000,2,1,1,0
19660006519000,34,18,16,1645.6
19660006521000,7,4,3,205.8
19660006522000,13,6,7,538.2
19660006523000,44,23,21,1487.2
19660006527000,21,12,9,1018.5
19660006529000,6,1,5,133.8
19660006530000,23,14,9,791.2
19660006536000,1,1,0,0
19660006537000,10,6,4,395
19660006539000,21,12,9,1037.4
19660006540000,6,3,3,307.8
19660006541000,151,74,77,5269.9
19660006542000,49,26,23,2273.6
19660006543000,16,7,9,609.6
19660006545000,8,5,3,296.8
19660006546000,6,3,3,129
19660006547000,1,0,1,0
19660006548000,4,1,3,0
19660006550000,3,2,1,0
19660006551000,8,3,5,256.8
19660006552000,6,3,3,361.8
19660006553000,14,7,7,610.4
19660006554000,9,5,4,390.6
19660006555000,16,11,5,476.8
19660006556000,2233,1136,1097,59174.5
19660006557000,1160,612,548,35612
19660006558000,1268,659,609,41463.6
19660006559000,1897,950,947,76638.8
19660006560000,3262,1662,1600,144832.8
19660006561000,3530,1773,1757,133434
19660006562000,2763,1415,1348,104165.1
19660006563000,2394,1230,1164,91211.4
19660006564000,1232,665,567,43736
19660006565000,2320,1169,1151,88160
19660006566000,3166,1567,1599,107327.4
19660006567000,1070,561,509,34240
19660006568000,2728,1350,1378,105028
19660006569000,228,112,116,8436
19660006570000,278,132,146,10647.4
19660006571000,3371,1679,1692,128435.1
19660006572000,1196,595,601,49634
19660006573000,3679,1799,1880,153046.4
19660006574000,3489,1708,1781,135024.3
19660006575000,3005,1528,1477,113889.5
19660006576000,1479,724,755,58124.7
19660006581000,38,22,16,1596
19660006582000,164,81,83,6084.4
19660006583000,27,12,15,1228.5
19660006584000,61,29,32,2501
19660006585000,20,10,10,828
19660006586000,48,27,21,1536
19660006587000,24,12,12,736.8
19660006588000,11,7,4,706.2
19660006591000,8,3,5,352
19660006613000,12,6,6,656.4
19660006614000,12,6,6,469.2
19660006615000,10,4,6,451
19660006617000,4,2,2,0
19660006618000,4,2,2,0
19660006624000,1,0,1,0
19660006626000,3,1,2,0
19660006628000,15,9,6,355.5
19660006629000,27,15,12,888.3
19660006631000,3,1,2,0
19660006632000,44,22,22,1491.6
19660006633000,23,10,13,782
19660006634000,5,3,2,281
19660006635000,16,10,6,660.8
19660006636000,12,7,5,612
19660006637000,49,24,25,1759.1
19660006638000,10,3,7,391
19660006642000,11,5,6,533.5
19660006643000,10,6,4,443
19660006644000,4,2,2,0
19660006647000,4,4,0,0
19660006648000,4,3,1,0
19660006650000,1,1,0,0
19660006657000,9,6,3,491.4
19660006662000,82,42,40,3772
19660006663000,610,312,298,22692
19660006664000,208,107,101,8611.2
19660006665000,88,49,39,3643.2
19660006666000,16,7,9,916.8
19660006667000,9,4,5,308.7
19660006668000,15,9,6,589.5
19660006683000,2,1,1,0
19660006684000,8,5,3,284.8
19660006686000,7,5,2,329.7
19660006687000,40,18,22,1716
19660006692000,12,7,5,596.4
19660006693000,5,2,3,219
19660006698000,1,0,1,0
19660006705000,137,68,69,5274.5
19660006706000,483,248,235,17581.2
19660006707000,27,16,11,1293.3
19660006708000,98,49,49,3724
19660006710000,81,38,43,3223.8
19660006711000,73,43,30,2934.6
19660006712000,132,67,65,5095.2
19660006713000,54,29,25,2316.6
19660006715000,12,9,3,702
19660006716000,12,8,4,759.6
19660006718000,127,64,63,5664.2
19660006719000,1087,567,520,45110.5
19660006720000,265,129,136,12587.5
19660006721000,33,21,12,1306.8
19660006722000,717,347,370,23517.6
19660006723000,1816,899,917,71913.6
19660006724000,2146,1061,1085,83908.6
19660006725000,559,283,276,21297.9
19660006727000,1606,807,799,59743.2
19660006728000,1471,701,770,57074.8
19660006729000,887,419,468,40802
19660006730000,2226,1087,1139,104622
19660006731000,718,356,362,28002
19660006732000,2389,1238,1151,93648.8
19660006733000,3497,1884,1613,129389
19660006734000,379,225,154,13340.8
19660006737000,14,5,9,659.4
19660006738000,684,340,344,29001.6
19660006739000,1809,835,974,88460.1
19660006740000,976,500,476,36502.4
19660006741000,460,222,238,19044
19660006742000,1289,644,645,51560
19660006743000,1338,641,697,56329.8
19660006744000,1973,970,1003,73790.2
19660006745000,1604,795,809,70094.8
19660006746000,316,157,159,11786.8
19660006747000,484,248,236,17230.4
19660006749000,16,9,7,665.6
19660006750000,226,114,112,8701
19660006751000,16,9,7,886.4
19660006753000,1088,541,547,39929.6
19660006754000,177,89,88,6779.1
19660006755000,199,111,88,6726.2
19660006756000,117,65,52,5183.1
19660006757000,9,6,3,272.7
19660006761000,65,32,33,2008.5
19660006762000,6,4,2,351
19660006765000,3,2,1,0
19660006766000,14,9,5,632.8
19660006767000,203,98,105,5785.5
19660006768000,20,13,7,802
19660006769000,1,1,0,0
19660006770000,28,17,11,1019.2
19660006772000,52,29,23,2407.6
19660006774000,18,9,9,694.8
19660006775000,56,24,32,2486.4
19660006776000,4,3,1,0
19660006785000,72,35,37,3031.2
19660006786000,14,7,7,484.4
19660006792000,17,11,6,547.4
19660006793000,5,4,1,183
19660006795000,56,26,30,2480.8
19660006797000,1,1,0,0
19660006798000,7,5,2,382.9
19660006799000,4,3,1,0
19660006800000,2,1,1,0
19660006809000,3,2,1,0
19660006828000,5,3,2,144
19660006830000,2,2,0,0
19660006831000,3,1,2,0
19660006832000,10,5,5,737
19660006833000,21,8,13,697.2
19660006834000,19,9,10,744.8
19660006835000,21,12,9,947.1
19660006839000,12,7,5,421.2
19660006840000,48,21,27,2313.6
19660006844000,14,7,7,855.4
19660006845000,21,8,13,785.4
19660006850000,2,1,1,0
19660006859000,1,1,0,0
19660006860000,14,8,6,771.4
19660006868000,11,5,6,452.1
19660006870000,2,1,1,0
19660006878000,14,9,5,722.4
19660006881000,4,2,2,0
19660006888000,12,5,7,531.6
19660006889000,116,61,55,4605.2
19660006890000,6,3,3,199.8
19660006894000,1,1,0,0
19670006518000,26,14,12,852.8
19670006519000,4,2,2,0
19670006523000,3,2,1,0
19670006529000,3,2,1,0
19670006530000,12,6,6,500.4
19670006531000,4,2,2,0
19670006536000,8,4,4,414.4
19670006537000,10,5,5,451
19670006539000,7,4,3,237.3
19670006540000,11,7,4,619.3
19670006541000,2,1,1,0
19670006542000,38,21,17,1121
19670006543000,33,14,19,1254
19670006545000,5,2,3,233
19670006548000,6,3,3,373.2
19670006550000,9,6,3,396.9
19670006551000,11,7,4,359.7
19670006553000,5,2,3,94
19670006555000,17,10,7,610.3
19670006556000,1955,1002,953,54544.5
19670006557000,1643,853,790,50275.8
19670006558000,89,46,43,3106.1
19670006559000,2031,1015,1016,72506.7
19670006560000,3026,1531,1495,128302.4
19670006561000,1740,897,843,72906
19670006562000,921,488,433,33432.3
19670006563000,1491,768,723,55017.9
19670006564000,846,427,419,30371.4
19670006565000,1595,800,795,54549
19670006566000,1721,860,861,63504.9
19670006567000,1728,876,852,72576
19670006568000,1841,929,912,65907.8
19670006569000,3331,1650,1681,126911.1
19670006570000,1679,826,853,64305.7
19670006571000,4228,2014,2214,148402.8
19670006572000,3195,1624,1571,112144.5
19670006573000,4574,2274,2300,180215.6
19670006574000,3934,2075,1859,146738.2
19670006575000,428,233,195,17590.8
19670006576000,495,253,242,19156.5
19670006577000,1081,505,576,39564.6
19670006580000,1,1,0,0
19670006581000,108,57,51,3693.6
19670006582000,3,2,1,0
19670006583000,259,135,124,6734
19670006584000,281,156,125,10818.5
19670006585000,20,8,12,696
19670006587000,10,5,5,315
19670006588000,111,50,61,5949.6
19670006589000,22,12,10,1058.2
19670006590000,8,4,4,504.8
19670006591000,12,7,5,224.4
19670006614000,5,2,3,110
19670006615000,2,1,1,0
19670006616000,13,6,7,457.6
19670006617000,20,10,10,522
19670006618000,4,1,3,0
19670006619000,27,13,14,1206.9
19670006620000,9,5,4,413.1
19670006622000,9,6,3,218.7
19670006624000,13,7,6,443.3
19670006625000,22,11,11,941.6
19670006626000,2,0,2,0
19670006629000,34,20,14,1227.4
19670006630000,8,3,5,454.4
19670006633000,247,118,129,9756.5
19670006634000,120,60,60,4620
19670006635000,36,22,14,1414.8
19670006638000,14,8,6,737.8
19670006639000,31,19,12,1385.7
19670006652000,1,1,0,0
19670006657000,59,28,31,2790.7
19670006658000,71,39,32,3450.6
19670006663000,346,180,166,13009.6
19670006664000,1459,775,684,58651.8
19670006665000,1768,826,942,77968.8
19670006666000,115,59,56,4324
19670006667000,50,26,24,1720
19670006669000,30,15,15,1284
19670006682000,34,18,16,1254.6
19670006686000,1,1,0,0
19670006687000,5,2,3,134
19670006688000,13,4,9,568.1
19670006692000,13,8,5,795.6
19670006694000,11,6,5,354.2
19670006695000,6,2,4,294
19670006696000,2,2,0,0
19670006697000,5,3,2,292
19670006698000,1,1,0,0
19670006705000,5,3,2,139
19670006706000,74,37,37,2641.8
19670006707000,143,69,74,5634.2
19670006709000,106,65,41,4335.4
19670006710000,137,72,65,5438.9
19670006712000,82,45,37,2574.8
19670006713000,74,42,32,2782.4
19670006714000,1,1,0,0
19670006715000,178,85,93,6603.8
19670006716000,151,78,73,6266.5
19670006718000,3,1,2,0
19670006719000,366,172,194,13615.2
19670006720000,1209,616,593,42194.1
19670006721000,396,219,177,14652
19670006722000,481,242,239,17123.6
19670006723000,1937,949,988,69925.7
19670006724000,2534,1231,1303,105161
19670006725000,2310,1130,1180,84777
19670006726000,1721,835,886,69012.1
19670006727000,327,183,144,13537.8
19670006728000,343,189,154,12725.3
19670006729000,646,322,324,22480.8
19670006730000,198,85,113,10454.4
19670006732000,2499,1410,1089,93712.5
19670006733000,5856,3224,2632,204960
19670006734000,6737,3471,3266,243879.4
19670006735000,1434,779,655,58650.6
19670006737000,2361,1273,1088,89481.9
19670006738000,2131,1047,1084,84813.8
19670006739000,1215,604,611,46534.5
19670006740000,761,383,378,30287.8
19670006741000,1585,819,766,62924.5
19670006742000,2602,1286,1316,105381
19670006743000,529,259,270,20154.9
19670006744000,73,40,33,3168.2
19670006745000,60,32,28,2634
19670006747000,180,95,85,6768
19670006748000,292,145,147,12059.6
19670006750000,239,111,128,9249.3
19670006751000,109,58,51,4501.7
19670006752000,348,175,173,12319.2
19670006753000,267,136,131,9852.3
19670006754000,2,1,1,0
19670006755000,43,19,24,1345.9
19670006758000,9,3,6,299.7
19670006759000,25,12,13,1150
19670006760000,21,10,11,802.2
19670006761000,24,13,11,1108.8
19670006762000,44,25,19,1931.6
19670006763000,20,11,9,582
19670006765000,2,1,1,0
19670006766000,33,20,13,1320
19670006767000,38,17,21,1554.2
19670006768000,19,10,9,744.8
19670006769000,55,27,28,2178
19670006770000,37,21,16,1457.8
19670006771000,27,20,7,923.4
19670006772000,8,5,3,528
19670006781000,2,1,1,0
19670006785000,9,4,5,630
19670006787000,10,6,4,630
19670006795000,46,24,22,1844.6
19670006796000,15,7,8,736.5
19670006797000,4,2,2,0
19670006798000,3,1,2,0
19670006817000,3,1,2,0
19670006830000,3,2,1,0
19670006832000,38,21,17,1843
19670006834000,10,5,5,571
19670006835000,38,18,20,1729
19670006836000,5,4,1,259
19670006839000,38,24,14,931
19670006840000,63,35,28,2891.7
19670006841000,26,10,16,1021.8
19670006842000,27,13,14,1239.3
19670006845000,1,1,0,0
19670006850000,5,3,2,174
19670006859000,33,18,15,1359.6
19670006860000,6,4,2,283.8
19670006861000,4,2,2,0
19670006862000,2,1,1,0
19670006889000,244,131,113,10004
19670006890000,28,14,14,1279.6
19680006517000,64,30,34,2233.6
19680006518000,99,51,48,4158
19680006530000,13,5,8,374.4
19680006531000,8,2,6,291.2
19680006532000,10,4,6,217
19680006533000,2,1,1,0
19680006535000,11,6,5,358.6
19680006537000,1,1,0,0
19680006539000,8,3,5,255.2
19680006540000,15,10,5,745.5
19680006545000,14,6,8,834.4
19680006546000,18,8,10,972
19680006549000,9,4,5,338.4
19680006550000,3,2,1,0
19680006551000,12,7,5,492
19680006552000,26,13,13,936
19680006553000,19,9,10,651.7
19680006554000,41,22,19,2140.2
19680006555000,146,62,84,5621
19680006556000,31,14,17,1159.4
19680006557000,11,6,5,326.7
19680006558000,1088,540,548,33619.2
19680006559000,1423,713,710,54785.5
19680006560000,1519,779,740,53924.5
19680006561000,1526,777,749,65160.2
19680006562000,1093,546,547,44157.2
19680006563000,27,17,10,1277.1
19680006564000,7,3,4,405.3
19680006565000,3,2,1,0
19680006567000,3,2,1,0
19680006568000,296,154,142,12343.2
19680006569000,2637,1270,1367,117082.8
19680006570000,2839,1423,1416,109585.4
19680006571000,1719,838,881,69619.5
19680006572000,4044,2021,2023,143157.6
19680006573000,4852,2558,2294,177583.2
19680006574000,402,218,184,15718.2
19680006575000,1458,763,695,51467.4
19680006576000,2207,1095,1112,83866
19680006577000,2480,1248,1232,92752
19680006578000,10,5,5,422
19680006584000,57,27,30,2131.8
19680006587000,65,27,38,2762.5
19680006588000,803,406,397,25455.1
19680006589000,123,65,58,4243.5
19680006590000,37,17,20,1406
19680006607000,13,6,7,631.8
19680006608000,3,2,1,0
19680006609000,6,4,2,463.2
19680006610000,8,4,4,239.2
19680006611000,13,7,6,496.6
19680006616000,9,4,5,455.4
19680006620000,12,6,6,632.4
19680006622000,3,2,1,0
19680006623000,4,2,2,0
19680006624000,12,6,6,482.4
19680006625000,100,58,42,4100
19680006626000,44,25,19,1333.2
19680006627000,5,2,3,206
19680006633000,176,90,86,6441.6
19680006634000,308,155,153,10656.8
19680006641000,2,1,1,0
19680006642000,12,7,5,565.2
19680006643000,8,5,3,368
19680006644000,4,3,1,0
19680006646000,1,0,1,0
19680006648000,7,4,3,370.3
19680006654000,3,1,2,0
19680006657000,6,3,3,189
19680006664000,550,277,273,24090
19680006665000,432,204,228,21340.8
19680006666000,1246,620,626,49217
19680006667000,402,201,201,12622.8
19680006668000,12,7,5,541.2
19680006669000,38,16,22,1451.6
19680006670000,29,15,14,1183.2
19680006672000,1,1,0,0
19680006681000,16,7,9,736
19680006682000,2,1,1,0
19680006683000,5,3,2,149
19680006686000,2,2,0,0
19680006688000,10,4,6,538
19680006692000,4,3,1,0
19680006693000,9,5,4,378.9
19680006694000,6,4,2,307.2
19680006696000,3,2,1,0
19680006697000,3,1,2,0
19680006698000,1,1,0,0
19680006706000,2,1,1,0
19680006707000,52,27,25,2605.2
19680006708000,100,56,44,3140
19680006709000,358,194,164,12709
19680006710000,327,167,160,11379.6
19680006713000,292,143,149,11417.2
19680006714000,623,312,311,22739.5
19680006715000,297,148,149,10751.4
19680006716000,6,3,3,253.8
19680006717000,6,3,3,183
19680006718000,3,3,0,0
19680006719000,1,1,0,0
19680006720000,122,65,57,4758
19680006721000,7,4,3,345.8
19680006722000,43,23,20,1874.8
19680006723000,259,134,125,9505.3
19680006724000,1905,969,936,70866
19680006725000,2008,965,1043,81324
19680006726000,1710,802,908,70965
19680006727000,1361,693,668,51854.1
19680006728000,2375,1184,1191,89775
19680006729000,1809,906,903,70189.2
19680006730000,3053,1676,1377,110213.3
19680006731000,3402,1877,1525,114647.4
19680006732000,6039,3220,2819,211968.9
19680006733000,3229,1750,1479,114306.6
19680006734000,4539,2466,2073,177021
19680006735000,7281,3714,3567,275221.8
19680006736000,2175,1055,1120,95265
19680006737000,113,60,53,3966.3
19680006738000,64,31,33,2137.6
19680006739000,499,267,232,19261.4
19680006740000,713,363,350,33938.8
19680006741000,1065,537,528,40789.5
19680006742000,2525,1153,1372,119432.5
19680006743000,415,211,204,15147.5
19680006745000,11,5,6,308
19680006746000,4,2,2,0
19680006747000,142,74,68,4430.4
19680006748000,888,467,421,32234.4
19680006751000,1113,519,594,51643.2
19680006752000,598,279,319,24936.6
19680006753000,7,2,5,207.2
19680006754000,15,8,7,502.5
19680006755000,11,8,3,402.6
19680006756000,19,10,9,1046.9
19680006757000,11,5,6,335.5
19680006758000,10,4,6,538
19680006759000,224,115,109,7616
19680006760000,189,98,91,6312.6
19680006761000,59,29,30,2371.8
19680006765000,12,6,6,565.2
19680006766000,4,2,2,0
19680006767000,2,1,1,0
19680006768000,13,9,4,465.4
19680006769000,2,1,1,0
19680006771000,10,5,5,396
19680006772000,27,13,14,1107
19680006773000,72,35,37,2592
19680006774000,33,14,19,1349.7
19680006783000,1,1,0,0
19680006784000,11,7,4,597.3
19680006785000,16,8,8,817.6
19680006786000,11,6,5,302.5
19680006794000,14,8,6,863.8
19680006795000,15,10,5,754.5
19680006824000,2,2,0,0
19680006827000,3,2,1,0
19680006829000,2,1,1,0
19680006830000,6,4,2,331.8
19680006835000,5,2,3,347
19680006836000,3,2,1,0
19680006845000,10,4,6,687
19680006846000,4,2,2,0
19680006868000,13,8,5,369.2
19680006869000,16,6,10,521.6
19680006890000,77,35,42,3187.8
19680006891000,19,8,11,1029.8
19690006513000,82,40,42,3148.8
19690006514000,53,25,28,2279
19690006515000,6,3,3,280.8
19690006517000,99,51,48,2900.7
19690006518000,580,286,294,22620
19690006533000,13,6,7,565.5
19690006535000,10,5,5,481
19690006536000,1,1,0,0
19690006539000,5,4,1,65
19690006540000,2,1,1,0
19690006541000,6,2,4,343.2
19690006545000,12,5,7,369.6
19690006546000,18,8,10,707.4
19690006547000,19,10,9,750.5
19690006548000,4,2,2,0
19690006549000,31,16,15,1054
19690006550000,1,1,0,0
19690006551000,13,9,4,509.6
19690006552000,370,182,188,13838
19690006553000,28,13,15,1184.4
19690006555000,9,4,5,324.9
19690006556000,9,4,5,395.1
19690006557000,13,8,5,443.3
19690006559000,20,11,9,840
19690006560000,116,61,55,4118
19690006561000,287,143,144,9499.7
19690006563000,427,215,212,14774.2
19690006565000,47,30,17,1804.8
19690006569000,6,3,3,202.8
19690006570000,22,10,12,1190.2
19690006571000,346,152,194,15535.4
19690006572000,4838,2471,2367,174651.8
19690006573000,4224,2312,1912,145728
19690006574000,403,216,187,17611.1
19690006575000,933,472,461,32841.6
19690006576000,2257,1111,1146,81703.4
19690006577000,531,253,278,19275.3
19690006581000,4,2,2,0
19690006582000,13,9,4,505.7
19690006586000,29,16,13,1113.6
19690006587000,13,9,4,607.1
19690006589000,14,8,6,469
19690006590000,93,48,45,3348
19690006607000,2,1,1,0
19690006609000,1,1,0,0
19690006610000,16,8,8,678.4
19690006613000,3,1,2,0
19690006618000,2,2,0,0
19690006622000,8,5,3,411.2
19690006623000,15,9,6,556.5
19690006624000,219,119,100,7358.4
19690006625000,109,56,53,4556.2
19690006626000,15,8,7,496.5
19690006627000,8,5,3,318.4
19690006629000,1,0,1,0
19690006633000,3,2,1,0
19690006634000,70,38,32,2660
19690006638000,5,4,1,300
19690006642000,3,1,2,0
19690006643000,89,42,47,3515.5
19690006644000,174,82,92,6420.6
19690006645000,24,12,12,1154.4
19690006646000,6,4,2,394.8
19690006648000,1,0,1,0
19690006649000,1,1,0,0
19690006650000,7,4,3,364.7
19690006665000,179,99,80,6981
19690006666000,998,487,511,39421
19690006667000,1295,666,629,50893.5
19690006668000,869,432,437,32674.4
19690006669000,126,66,60,4334.4
19690006670000,52,28,24,2600
19690006671000,33,18,15,1059.3
19690006673000,11,7,4,443.3
19690006679000,8,5,3,480
19690006680000,16,9,7,508.8
19690006683000,34,18,16,1638.8
19690006684000,20,12,8,798
19690006686000,24,11,13,837.6
19690006688000,11,6,5,545.6
19690006705000,221,109,112,6696.3
19690006706000,215,100,115,8664.5
19690006707000,108,62,46,3996
19690006708000,428,235,193,14252.4
19690006709000,1140,563,577,34884
19690006710000,123,59,64,4723.2
19690006713000,57,31,26,2023.5
19690006714000,8,3,5,410.4
19690006715000,15,10,5,712.5
19690006719000,6,2,4,211.2
19690006720000,48,23,25,1833.6
19690006721000,62,32,30,3087.6
19690006722000,1660,845,815,56606
19690006723000,901,457,444,31715.2
19690006724000,1839,915,924,66020.1
19690006725000,1776,888,888,75657.6
19690006726000,1857,947,910,73722.9
19690006727000,1462,737,725,49415.6
19690006728000,3319,1623,1696,125126.3
19690006729000,4160,1911,2249,172640
19690006730000,6921,3281,3640,251924.4
19690006731000,4595,2309,2286,164960.5
19690006732000,2896,1410,1486,107731.2
19690006733000,2841,1412,1429,115912.8
19690006734000,3,2,1,0
19690006738000,5,2,3,236
19690006739000,232,123,109,8398.4
19690006740000,288,146,142,9014.4
19690006741000,1820,891,929,76622
19690006742000,2175,1055,1120,98962.5
19690006743000,652,305,347,29014
19690006744000,62,25,37,2374.6
19690006747000,7,5,2,385
19690006748000,936,483,453,29952
19690006749000,4,2,2,0
19690006751000,728,367,361,29702.4
19690006752000,147,70,77,7776.3
19690006754000,9,3,6,458.1
19690006755000,4,3,1,0
19690006756000,23,10,13,897
19690006757000,44,23,21,1848
19690006758000,94,45,49,3675.4
19690006759000,29,15,14,1409.4
19690006760000,18,8,10,948.6
19690006762000,2,0,2,0
19690006763000,12,8,4,505.2
19690006764000,14,7,7,606.2
19690006765000,27,14,13,1190.7
19690006767000,7,3,4,212.8
19690006768000,31,15,16,1339.2
19690006770000,20,9,11,502
19690006771000,1,1,0,0
19690006772000,12,7,5,504
19690006773000,27,15,12,942.3
19690006785000,23,9,14,959.1
19690006786000,18,12,6,660.6
19690006787000,38,20,18,1995
19690006788000,7,4,3,352.1
19690006795000,2,2,0,0
19690006796000,8,6,2,479.2
19690006810000,13,5,8,510.9
19690006828000,14,7,7,894.6
19690006829000,5,3,2,150
19690006830000,2,1,1,0
19690006835000,7,4,3,223.3
19690006836000,10,6,4,399
19690006841000,116,51,65,5011.2
19690006842000,129,62,67,5366.4
19690006845000,3,2,1,0
19690006846000,9,5,4,320.4
19690006849000,3,2,1,0
19690006873000,9,5,4,320.4
19690006874000,2,1,1,0
19690006889000,2,1,1,0
19690006890000,25,14,11,1092.5
19690006893000,10,7,3,487
19690006894000,19,11,8,549.1
19690006897000,10,5,5,565
19690006898000,1,1,0,0
19700006513000,62,32,30,2182.4
19700006514000,8,3,5,367.2
19700006515000,48,26,22,1905.6
19700006518000,34,19,15,1397.4
19700006519000,18,8,10,903.6
19700006531000,1,0,1,0
19700006539000,5,3,2,197
19700006540000,4,2,2,0
19700006547000,7,4,3,238.7
19700006548000,16,9,7,660.8
19700006549000,39,16,23,1029.6
19700006550000,829,424,405,24787.1
19700006551000,1736,872,864,56246.4
19700006552000,963,521,442,33127.2
19700006553000,21,11,10,852.6
19700006555000,10,8,2,243
19700006556000,23,11,12,802.7
19700006557000,345,180,165,10936.5
19700006558000,45,24,21,1458
19700006559000,42,24,18,1667.4
19700006561000,581,308,273,22484.7
19700006563000,15,8,7,646.5
19700006565000,4,0,4,0
19700006572000,17,9,8,996.2
19700006573000,404,196,208,16321.6
19700006575000,631,325,306,23978
19700006576000,410,204,206,16113
19700006577000,22,9,13,1097.8
19700006581000,227,120,107,8648.7
19700006582000,2,1,1,0
19700006587000,19,12,7,742.9
19700006588000,4,3,1,0
19700006590000,3,2,1,0
19700006610000,14,8,6,508.2
19700006611000,19,10,9,630.8
19700006613000,3,1,2,0
19700006614000,47,29,18,1306.6
19700006616000,7,3,4,375.9
19700006617000,6,2,4,270
19700006618000,3,2,1,0
19700006620000,7,3,4,272.3
19700006622000,23,15,8,885.5
19700006624000,7,5,2,207.9
19700006625000,11,6,5,470.8
19700006630000,6,4,2,235.2
19700006631000,11,7,4,368.5
19700006632000,14,7,7,509.6
19700006633000,9,5,4,306.9
19700006634000,15,8,7,775.5
19700006635000,5,2,3,229
19700006643000,37,20,17,1424.5
19700006644000,34,20,14,1489.2
19700006647000,22,12,10,880
19700006648000,6,3,3,268.8
19700006649000,3,1,2,0
19700006650000,16,9,7,476.8
19700006652000,9,4,5,485.1
19700006667000,31,13,18,1128.4
19700006668000,154,74,80,6545
19700006670000,8,3,5,292
19700006671000,53,23,30,2151.8
19700006672000,57,31,26,2200.2
19700006673000,23,12,11,862.5
19700006674000,14,8,6,582.4
19700006675000,3,2,1,0
19700006676000,2,1,1,0
19700006677000,19,8,11,714.4
19700006678000,3,1,2,0
19700006679000,3,2,1,0
19700006684000,7,4,3,287.7
19700006685000,2,1,1,0
19700006686000,24,11,13,1113.6
19700006687000,8,5,3,504
19700006688000,34,19,15,1931.2
19700006689000,92,43,49,3210.8
19700006691000,8,4,4,520.8
19700006692000,1,1,0,0
19700006693000,1,0,1,0
19700006694000,1,0,1,0
19700006705000,595,314,281,18445
19700006706000,525,279,246,17430
19700006707000,519,244,275,19514.4
19700006708000,321,158,163,11716.5
19700006709000,10,6,4,326
19700006713000,6,1,5,100.2
19700006715000,37,20,17,1098.9
19700006719000,41,21,20,1877.8
19700006720000,8,4,4,312.8
19700006721000,123,67,56,5485.8
19700006722000,234,115,119,12214.8
19700006723000,8,4,4,322.4
19700006724000,265,138,127,11024
19700006725000,67,39,28,3082
19700006726000,89,43,46,3328.6
19700006727000,794,386,408,26996
19700006728000,2424,1217,1207,73689.6
19700006729000,525,262,263,20685
19700006730000,1850,838,1012,77145
19700006731000,1633,788,845,57808.2
19700006732000,354,171,183,12319.2
19700006733000,60,25,35,1674
19700006737000,21,10,11,842.1
19700006738000,86,45,41,2975.6
19700006739000,24,16,8,979.2
19700006741000,1136,548,588,41350.4
19700006742000,1986,946,1040,88178.4
19700006743000,910,461,449,34307
19700006744000,56,31,25,2217.6
19700006745000,23,13,10,871.7
19700006746000,15,7,8,379.5
19700006747000,329,175,154,10692.5
19700006748000,126,66,60,5002.2
19700006752000,47,23,24,2025.7
19700006753000,11,5,6,566.5
19700006758000,5,3,2,250
19700006759000,8,3,5,350.4
19700006760000,1,1,0,0
19700006761000,11,5,6,339.9
19700006763000,10,4,6,513
19700006765000,4,3,1,0
19700006768000,19,10,9,982.3
19700006769000,29,18,11,1046.9
19700006770000,28,16,12,1341.2
19700006771000,19,10,9,932.9
19700006772000,29,13,16,1609.5
19700006782000,20,12,8,922
19700006783000,31,18,13,688.2
19700006787000,3,1,2,0
19700006789000,32,19,13,1462.4
19700006790000,15,9,6,633
19700006800000,26,15,11,1261
19700006802000,35,19,16,1099
19700006803000,2,1,1,0
19700006810000,1,1,0,0
19700006811000,5,3,2,215
19700006827000,6,3,3,283.2
19700006828000,2,1,1,0
19700006829000,5,2,3,206
19700006830000,1,1,0,0
19700006831000,9,4,5,492.3
19700006832000,3,1,2,0
19700006835000,5,3,2,376
19700006836000,11,6,5,577.5
19700006839000,15,7,8,1032
19700006840000,14,7,7,589.4
19700006841000,162,72,90,8845.2
19700006842000,325,157,168,13130
19700006847000,5,2,3,262
19700006849000,6,2,4,252
19700006868000,45,26,19,1462.5
19700006869000,401,202,199,15839.5
19700006870000,59,31,28,1722.8
19700006878000,2,1,1,0
19700006889000,5,3,2,272
19700006891000,3,1,2,0
19700006893000,5,2,3,362
19700006897000,57,28,29,2986.8
19710006515000,91,44,47,3985.8
19710006516000,51,25,26,1698.3
19710006517000,1,1,0,0
19710006519000,19,8,11,927.2
19710006520000,15,6,9,529.5
19710006521000,13,7,6,452.4
19710006524000,2,1,1,0
19710006532000,1,0,1,0
19710006533000,5,3,2,272
19710006536000,6,3,3,432
19710006540000,2,1,1,0
19710006541000,5,3,2,80
19710006549000,721,371,350,25307.1
19710006550000,2413,1221,1192,85661.5
19710006551000,488,246,242,17080
19710006552000,18,10,8,667.8
19710006553000,18,10,8,707.4
19710006554000,26,12,14,1125.8
19710006556000,46,22,24,1766.4
19710006557000,201,96,105,6512.4
19710006558000,80,45,35,2392
19710006559000,52,28,24,1809.6
19710006561000,32,18,14,1353.6
19710006562000,5,4,1,292
19710006564000,2,1,1,0
19710006567000,8,3,5,355.2
19710006568000,26,13,13,1242.8
19710006575000,260,132,128,8970
19710006576000,387,195,192,15596.1
19710006581000,31,16,15,1298.9
19710006584000,2,1,1,0
19710006585000,37,19,18,1443
19710006586000,208,107,101,7862.4
19710006587000,49,23,26,2111.9
19710006590000,4,2,2,0
19710006610000,9,4,5,315.9
19710006611000,6,3,3,322.2
19710006613000,9,5,4,258.3
19710006614000,15,9,6,432
19710006615000,2,1,1,0
19710006621000,42,18,24,1503.6
19710006622000,17,9,8,737.8
19710006632000,11,4,7,418
19710006633000,1,1,0,0
19710006634000,5,2,3,96
19710006635000,54,30,24,1841.4
19710006636000,7,3,4,210.7
19710006652000,4,2,2,0
19710006653000,21,11,10,1165.5
19710006678000,2,1,1,0
19710006679000,3,2,1,0
19710006680000,3,2,1,0
19710006682000,29,13,16,1725.5
19710006683000,33,13,20,1326.6
19710006684000,9,4,5,345.6
19710006685000,6,3,3,402
19710006686000,7,5,2,291.2
19710006687000,7,3,4,499.8
19710006688000,40,17,23,1372
19710006689000,108,55,53,4363.2
19710006690000,104,47,57,5803.2
19710006691000,4,2,2,0
19710006705000,9,6,3,388.8
19710006707000,45,24,21,1575
19710006708000,901,460,441,30814.2
19710006709000,1345,674,671,45461
19710006710000,75,39,36,3075
19710006711000,421,205,216,16545.3
19710006712000,684,351,333,25718.4
19710006713000,64,38,26,2803.2
19710006714000,11,5,6,680.9
19710006715000,64,36,28,2016
19710006716000,277,140,137,10276.7
19710006717000,19,12,7,1018.4
19710006718000,71,37,34,2690.9
19710006719000,168,84,84,6938.4
19710006720000,98,48,50,3675
19710006721000,53,28,25,1812.6
19710006723000,62,33,29,2318.8
19710006724000,37,20,17,1258
19710006726000,6,3,3,244.8
19710006727000,79,45,34,2891.4
19710006728000,703,347,356,23691.1
19710006729000,9,5,4,183.6
19710006740000,24,11,13,1024.8
19710006741000,2779,1368,1411,97265
19710006742000,1321,659,662,47159.7
19710006743000,249,130,119,8241.9
19710006744000,327,179,148,12131.7
19710006745000,84,44,40,3276
19710006746000,561,285,276,21374.1
19710006747000,555,289,266,17316
19710006749000,13,6,7,730.6
19710006750000,160,75,85,5760
19710006752000,9,6,3,460.8
19710006754000,4,2,2,0
19710006755000,4,3,1,0
19710006757000,6,2,4,226.8
19710006758000,1,1,0,0
19710006759000,23,11,12,699.2
19710006761000,9,4,5,324.9
19710006768000,30,18,12,1062
19710006770000,7,3,4,224
19710006771000,46,18,28,1780.2
19710006772000,9,5,4,603
19710006775000,6,3,3,238.2
19710006776000,3,2,1,0
19710006777000,6,3,3,76.2
19710006779000,6,3,3,375
19710006780000,17,10,7,666.4
19710006783000,40,18,22,1732
19710006784000,13,7,6,548.6
19710006789000,23,12,11,1175.3
19710006790000,5,2,3,309
19710006798000,8,3,5,436
19710006802000,3,2,1,0
19710006803000,53,24,29,2475.1
19710006808000,1,0,1,0
19710006810000,16,9,7,750.4
19710006827000,3,2,1,0
19710006829000,1,0,1,0
19710006835000,28,16,12,949.2
19710006836000,1,0,1,0
19710006839000,34,17,17,2084.2
19710006840000,48,23,25,1910.4
19710006841000,63,34,29,2362.5
19710006842000,5,1,4,222
19710006843000,1,1,0,0
19710006847000,3,2,1,0
19710006849000,1,0,1,0
19710006850000,6,2,4,277.8
19710006852000,12,5,7,507.6
19710006868000,358,193,165,12386.8
19710006869000,1164,624,540,45978
19710006870000,605,304,301,23232
19710006874000,6,2,4,318
19710006875000,8,6,2,274.4
19710006876000,1,1,0,0
19710006877000,2,1,1,0
19710006880000,1,0,1,0
19710006883000,3,2,1,0
19710006884000,9,4,5,334.8
19710006890000,6,4,2,163.8
19710006894000,25,12,13,807.5
19710006895000,9,5,4,388.8
19710006897000,40,20,20,2608
19720006511000,3,2,1,0
19720006512000,6,3,3,156
19720006515000,71,39,32,1909.9
19720006516000,81,44,37,3037.5
19720006520000,16,10,6,612.8
19720006521000,14,10,4,627.2
19720006541000,5,2,3,227
19720006542000,14,6,8,558.6
19720006548000,15,9,6,669
19720006549000,31,16,15,864.9
19720006550000,1603,783,820,57227.1
19720006551000,465,224,241,11346
19720006553000,17,8,9,821.1
19720006556000,5,4,1,238
19720006557000,2,1,1,0
19720006558000,28,12,16,1288
19720006560000,3,1,2,0
19720006561000,19,8,11,887.3
19720006562000,15,10,5,841.5
19720006563000,8,5,3,346.4
19720006565000,27,16,11,1239.3
19720006566000,60,34,26,1926
19720006567000,135,74,61,5116.5
19720006568000,25,13,12,1055
19720006575000,6,1,5,139.8
19720006585000,39,19,20,1583.4
19720006586000,345,177,168,10971
19720006587000,133,76,57,4162.9
19720006588000,43,25,18,1522.2
19720006589000,43,21,22,1707.1
19720006611000,2,1,1,0
19720006613000,9,4,5,279.9
19720006614000,8,4,4,300.8
19720006615000,17,8,9,834.7
19720006630000,20,10,10,596
19720006633000,1,1,0,0
19720006635000,4,1,3,0
19720006636000,2,1,1,0
19720006647000,1,1,0,0
19720006652000,20,12,8,848
19720006653000,23,11,12,1094.8
19720006669000,13,9,4,531.7
19720006670000,13,5,8,614.9
19720006671000,15,9,6,712.5
19720006672000,4,2,2,0
19720006673000,21,10,11,804.3
19720006674000,8,5,3,435.2
19720006682000,3,2,1,0
19720006685000,6,4,2,304.2
19720006689000,8,5,3,256.8
19720006690000,18,8,10,626.4
19720006691000,3,1,2,0
19720006692000,9,5,4,421.2
19720006693000,22,11,11,983.4
19720006694000,35,19,16,1631
19720006695000,48,24,24,1958.4
19720006709000,592,282,310,29777.6
19720006710000,1411,741,670,56581.1
19720006711000,581,293,288,24576.3
19720006712000,931,454,477,37612.4
19720006713000,29,13,16,1070.1
19720006714000,241,112,129,8314.5
19720006715000,553,293,260,17972.5
19720006716000,744,361,383,28272
19720006717000,75,44,31,2850
19720006718000,86,44,42,3646.4
19720006719000,16,7,9,801.6
19720006720000,2,1,1,0
19720006721000,32,18,14,1280
19720006722000,83,45,38,3577.3
19720006723000,15,7,8,601.5
19720006724000,89,51,38,3524.4
19720006728000,150,96,54,5070
19720006729000,8,3,5,244.8
19720006739000,5,3,2,167
19720006740000,107,54,53,3894.8
19720006741000,72,37,35,3304.8
19720006742000,68,36,32,2352.8
19720006743000,32,17,15,1500.8
19720006744000,125,76,49,4750
19720006745000,174,120,54,6177
19720006746000,90,48,42,3519
19720006747000,33,17,16,996.6
19720006748000,30,14,16,981
19720006749000,17,7,10,720.8
19720006750000,44,24,20,1680.8
19720006751000,31,15,16,1283.4
19720006753000,46,24,22,1826.2
19720006754000,26,13,13,949
19720006755000,57,31,26,2262.9
19720006756000,7,5,2,235.9
19720006757000,7,5,2,298.2
19720006758000,5,1,4,124
19720006759000,25,14,11,920
19720006760000,22,10,12,972.4
19720006761000,4,1,3,0
19720006762000,53,26,27,2395.6
19720006763000,68,34,34,2890
19720006764000,9,5,4,234.9
19720006765000,10,5,5,501
19720006766000,9,5,4,281.7
19720006767000,22,9,13,869
19720006768000,20,9,11,740
19720006769000,22,12,10,913
19720006770000,8,3,5,370.4
19720006771000,17,7,10,969
19720006772000,15,8,7,721.5
19720006775000,9,6,3,459.9
19720006777000,2,2,0,0
19720006778000,37,21,16,1435.6
19720006781000,1,1,0,0
19720006782000,1,1,0,0
19720006783000,41,20,21,1430.9
19720006784000,3,2,1,0
19720006787000,5,2,3,347
19720006788000,2,1,1,0
19720006796000,8,4,4,244.8
19720006797000,9,4,5,387
19720006798000,19,6,13,788.5
19720006799000,2,1,1,0
19720006803000,1,1,0,0
19720006810000,13,6,7,578.5
19720006811000,10,4,6,349
19720006819000,15,9,6,664.5
19720006827000,22,11,11,1049.4
19720006829000,7,2,5,403.9
19720006835000,11,7,4,514.8
19720006836000,2,1,1,0
19720006837000,6,4,2,150
19720006839000,26,12,14,1237.6
19720006840000,15,7,8,577.5
19720006841000,47,24,23,2115
19720006842000,2,0,2,0
19720006843000,16,9,7,617.6
19720006844000,3,2,1,0
19720006845000,3,2,1,0
19720006850000,3,1,2,0
19720006852000,1,1,0,0
19720006858000,1,0,1,0
19720006868000,588,287,301,20580
19720006869000,941,453,488,40745.3
19720006870000,555,279,276,25197
19720006875000,3,1,2,0
19720006883000,7,5,2,203
19720006884000,20,8,12,788
19720006891000,1,1,0,0
19720006893000,19,7,12,731.5
19720006894000,20,8,12,1150
19720006895000,34,19,15,1781.6
19720006897000,109,58,51,4185.6
19730006510000,7,3,4,354.9
19730006511000,8,5,3,248.8
19730006512000,63,34,29,3446.1
19730006514000,268,136,132,7450.4
19730006515000,207,105,102,6499.8
19730006516000,21,10,11,903
19730006520000,9,4,5,368.1
19730006526000,12,7,5,403.2
19730006527000,8,4,4,272.8
19730006536000,1,1,0,0
19730006537000,6,2,4,166.8
19730006542000,2,1,1,0
19730006545000,2,1,1,0
19730006548000,26,15,11,1058.2
19730006549000,12,5,7,531.6
19730006550000,1650,869,781,57255
19730006551000,8,5,3,232.8
19730006555000,11,7,4,441.1
19730006556000,10,6,4,370
19730006557000,8,7,1,266.4
19730006558000,56,28,28,2256.8
19730006560000,5,2,3,191
19730006561000,13,9,4,582.4
19730006563000,25,15,10,955
19730006564000,58,30,28,2221.4
19730006565000,80,40,40,2904
19730006566000,367,194,173,12221.1
19730006567000,1916,978,938,62844.8
19730006568000,674,332,342,22444.2
19730006569000,9,5,4,515.7
19730006573000,2,1,1,0
19730006574000,23,10,13,1285.7
19730006585000,1,1,0,0
19730006588000,4,2,2,0
19730006593000,46,21,25,1357
19730006613000,9,4,5,479.7
19730006614000,16,8,8,526.4
19730006621000,3,1,2,0
19730006629000,9,4,5,230.4
19730006630000,7,5,2,256.9
19730006635000,12,4,8,457.2
19730006636000,12,7,5,427.2
19730006638000,1,0,1,0
19730006647000,8,4,4,244
19730006648000,6,3,3,271.8
19730006649000,9,4,5,323.1
19730006651000,116,57,59,5347.6
19730006670000,7,4,3,422.1
19730006671000,6,4,2,171
19730006672000,6,4,2,190.8
19730006673000,2,1,1,0
19730006676000,20,12,8,792
19730006677000,2,1,1,0
19730006683000,12,6,6,526.8
19730006684000,2,2,0,0
19730006685000,7,3,4,230.3
19730006687000,2,0,2,0
19730006688000,11,6,5,409.2
19730006689000,5,3,2,263
19730006690000,7,3,4,275.8
19730006691000,19,10,9,682.1
19730006692000,2,1,1,0
19730006693000,325,160,165,11732.5
19730006694000,327,165,162,14584.2
19730006695000,9,5,4,386.1
19730006709000,87,39,48,4236.9
19730006710000,718,312,406,35828.2
19730006711000,664,348,316,23439.2
19730006712000,285,136,149,8265
19730006713000,15,9,6,897
19730006715000,2,0,2,0
19730006716000,8,6,2,364
19730006719000,4,1,3,0
19730006720000,61,35,26,2031.3
19730006721000,7,4,3,307.3
19730006722000,1,0,1,0
19730006723000,22,13,9,1023
19730006724000,88,43,45,2745.6
19730006725000,28,14,14,1064
19730006728000,49,26,23,1793.4
19730006729000,70,36,34,2961
19730006730000,3,2,1,0
19730006732000,4,3,1,0
19730006733000,19,10,9,725.8
19730006739000,87,51,36,3714.9
19730006740000,209,108,101,7858.4
19730006741000,7,4,3,233.1
19730006742000,140,78,62,5054
19730006743000,150,68,82,5430
19730006744000,539,295,244,17948.7
19730006745000,127,71,56,4381.5
19730006747000,54,29,25,1738.8
19730006748000,2,1,1,0
19730006750000,25,15,10,1185
19730006753000,326,164,162,12648.8
19730006754000,312,150,162,8923.2
19730006755000,265,149,116,8056
19730006756000,42,22,20,1831.2
19730006757000,42,22,20,1449
19730006758000,10,5,5,216
19730006759000,13,6,7,625.3
19730006760000,29,14,15,899
19730006761000,26,15,11,1001
19730006762000,64,33,31,3046.4
19730006763000,115,59,56,5255.5
19730006764000,50,26,24,1585
19730006765000,25,9,16,952.5
19730006766000,26,11,15,1162.2
19730006767000,26,15,11,852.8
19730006768000,115,58,57,4439
19730006769000,11,6,5,258.5
19730006773000,11,5,6,246.4
19730006774000,24,12,12,1020
19730006778000,40,21,19,1612
19730006779000,83,36,47,2739
19730006780000,25,13,12,960
19730006781000,17,9,8,717.4
19730006783000,42,16,26,2259.6
19730006787000,18,10,8,793.8
19730006796000,1,1,0,0
19730006809000,4,2,2,0
19730006820000,18,9,9,747
19730006827000,79,35,44,5150.8
19730006834000,4,1,3,0
19730006835000,15,9,6,594
19730006836000,4,3,1,0
19730006837000,14,8,6,939.4
19730006839000,42,22,20,2192.4
19730006840000,4,3,1,0
19730006843000,19,7,12,803.7
19730006848000,11,5,6,462
19730006850000,4,2,2,0
19730006856000,4,3,1,0
19730006858000,4,2,2,0
19730006865000,3,2,1,0
19730006866000,2,1,1,0
19730006868000,24,10,14,895.2
19730006869000,1280,645,635,51840
19730006870000,284,149,135,11502
19730006883000,10,7,3,436
19730006895000,21,12,9,800.1
19730006896000,19,10,9,784.7
19730006897000,200,101,99,8940
19740006511000,26,14,12,1053
19740006512000,222,120,102,9812.4
19740006513000,161,85,76,6295.1
19740006514000,815,440,375,27710
19740006515000,214,111,103,8153.4
19740006520000,2,1,1,0
19740006521000,1,0,1,0
19740006536000,5,3,2,203
19740006541000,8,4,4,198.4
19740006546000,14,9,5,494.2
19740006547000,1,0,1,0
19740006548000,12,7,5,566.4
19740006549000,12,5,7,567.6
19740006550000,25,12,13,1215
19740006556000,21,13,8,821.1
19740006558000,50,29,21,1750
19740006561000,15,9,6,559.5
19740006562000,26,13,13,845
19740006563000,13,6,7,384.8
19740006565000,6,3,3,157.8
19740006566000,87,43,44,3027.6
19740006567000,1540,800,740,50512
19740006568000,806,393,413,35625.2
19740006571000,15,8,7,706.5
19740006572000,1,1,0,0
19740006573000,4,2,2,0
19740006581000,5,3,2,286
19740006582000,2,2,0,0
19740006585000,12,6,6,378
19740006588000,7,4,3,165.9
19740006592000,5,2,3,204
19740006593000,5,4,1,225
19740006594000,28,15,13,1187.2
19740006614000,5,4,1,197
19740006615000,12,7,5,561.6
19740006630000,4,2,2,0
19740006634000,5,2,3,332
19740006635000,75,36,39,2797.5
19740006636000,80,41,39,2752
19740006637000,36,17,19,1425.6
19740006638000,18,8,10,865.8
19740006639000,10,6,4,227
19740006646000,1,1,0,0
19740006647000,11,5,6,609.4
19740006649000,8,6,2,288
19740006650000,41,24,17,1418.6
19740006651000,43,18,25,1969.4
19740006671000,13,8,5,607.1
19740006678000,2,1,1,0
19740006683000,9,4,5,307.8
19740006684000,2,2,0,0
19740006690000,7,3,4,322.7
19740006693000,47,24,23,2166.7
19740006694000,35,19,16,1641.5
19740006695000,3,2,1,0
19740006710000,46,26,20,2226.4
19740006711000,107,46,61,3787.8
19740006712000,59,30,29,2011.9
19740006717000,10,7,3,337
19740006718000,58,33,25,2093.8
19740006721000,25,15,10,1165
19740006722000,7,3,4,447.3
19740006728000,2,1,1,0
19740006729000,650,332,318,25025
19740006730000,150,72,78,6030
19740006731000,180,94,86,7290
19740006732000,138,76,62,5699.4
19740006733000,100,58,42,3730
19740006737000,6,3,3,423
19740006738000,29,16,13,1525.4
19740006739000,2,1,1,0
19740006740000,467,223,244,18072.9
19740006741000,435,225,210,16704
19740006742000,21,10,11,926.1
19740006743000,75,38,37,3600
19740006745000,10,6,4,435
19740006746000,47,23,24,1710.8
19740006747000,36,21,15,1296
19740006748000,2,1,1,0
19740006749000,19,9,10,585.2
19740006750000,43,20,23,1879.1
19740006751000,33,17,16,1188
19740006753000,146,76,70,4234
19740006755000,33,16,17,1095.6
19740006756000,16,11,5,545.6
19740006757000,11,5,6,358.6
19740006758000,81,40,41,2972.7
19740006759000,21,11,10,718.2
19740006760000,31,17,14,1357.8
19740006762000,9,5,4,585
19740006763000,54,27,27,2154.6
19740006764000,1,1,0,0
19740006774000,18,11,7,752.4
19740006775000,2,2,0,0
19740006780000,5,1,4,103
19740006781000,11,4,7,344.3
19740006783000,12,6,6,555.6
19740006784000,23,12,11,733.7
19740006785000,1,0,1,0
19740006789000,6,4,2,423
19740006790000,1,1,0,0
19740006791000,6,3,3,420
19740006809000,14,5,9,631.4
19740006814000,1,1,0,0
19740006815000,2,1,1,0
19740006816000,5,2,3,262
19740006820000,8,3,5,352
19740006827000,57,27,30,2639.1
19740006828000,23,11,12,1108.6
19740006829000,9,4,5,341.1
19740006836000,29,17,12,1168.7
19740006839000,21,8,13,997.5
19740006840000,14,7,7,607.6
19740006842000,6,1,5,253.8
19740006843000,8,5,3,484
19740006850000,14,9,5,929.6
19740006858000,5,3,2,279
19740006865000,12,5,7,327.6
19740006869000,1655,825,830,56601
19740006870000,518,269,249,19114.2
19740006895000,2,1,1,0
19740006896000,85,46,39,4343.5
19740006897000,33,17,16,1765.5
19740006898000,25,13,12,1000
19750006509000,2,1,1,0
19750006510000,278,150,128,10925.4
19750006511000,377,191,186,12629.5
19750006512000,1579,824,755,59054.6
19750006513000,1952,958,994,76713.6
19750006514000,633,335,298,28991.4
19750006515000,274,146,128,11316.2
19750006516000,19,13,6,545.3
19750006517000,111,62,49,4828.5
19750006520000,4,3,1,0
19750006521000,29,14,15,1371.7
19750006537000,3,2,1,0
19750006547000,3,2,1,0
19750006549000,5,2,3,342
19750006550000,10,5,5,544
19750006551000,6,4,2,309
19750006552000,8,5,3,292.8
19750006555000,26,12,14,1115.4
19750006556000,14,8,6,495.6
19750006558000,22,9,13,930.6
19750006559000,17,8,9,642.6
19750006563000,6,4,2,250.8
19750006566000,413,221,192,15446.2
19750006567000,581,278,303,19405.4
19750006568000,133,75,58,5506.2
19750006569000,27,15,12,1139.4
19750006570000,27,13,14,1009.8
19750006588000,130,74,56,3965
19750006592000,58,28,30,2546.2
19750006593000,13,5,8,544.7
19750006594000,87,46,41,3105.9
19750006595000,82,41,41,2960.2
19750006596000,16,9,7,692.8
19750006615000,8,2,6,231.2
19750006616000,7,4,3,301.7
19750006626000,14,9,5,725.2
19750006627000,39,20,19,1446.9
19750006628000,12,8,4,572.4
19750006629000,42,19,23,1738.8
19750006630000,41,19,22,1525.2
19750006631000,153,77,76,7711.2
19750006632000,8,4,4,267.2
19750006633000,13,7,6,868.4
19750006634000,16,9,7,638.4
19750006635000,12,4,8,478.8
19750006636000,3,2,1,0
19750006637000,55,31,24,2189
19750006638000,77,43,34,2679.6
19750006639000,17,8,9,802.4
19750006640000,17,6,11,703.8
19750006645000,1,1,0,0
19750006650000,62,34,28,2511
19750006651000,22,12,10,1128.6
19750006658000,12,7,5,585.6
19750006674000,2,1,1,0
19750006678000,3,1,2,0
19750006679000,4,2,2,0
19750006680000,13,8,5,533
19750006693000,29,14,15,1078.8
19750006694000,19,9,10,1005.1
19750006710000,60,29,31,2448
19750006711000,54,29,25,1630.8
19750006712000,51,30,21,1647.3
19750006713000,75,42,33,2280
19750006717000,2,1,1,0
19750006721000,3,1,2,0
19750006722000,43,24,19,1715.7
19750006723000,26,11,15,795.6
19750006724000,19,12,7,862.6
19750006725000,19,9,10,858.8
19750006729000,70,38,32,3164
19750006730000,34,17,17,1669.4
19750006731000,590,303,287,20532
19750006732000,663,354,309,24000.6
19750006733000,83,42,41,3178.9
19750006734000,41,18,23,1566.2
19750006735000,102,55,47,4498.2
19750006736000,190,100,90,7372
19750006737000,39,20,19,1610.7
19750006738000,25,19,6,1272.5
19750006739000,261,137,124,9970.2
19750006740000,969,531,438,36434.4
19750006741000,520,276,244,19188
19750006744000,37,17,20,1513.3
19750006745000,592,308,284,20956.8
19750006746000,414,211,203,14986.8
19750006747000,12,7,5,615.6
19750006748000,23,11,12,972.9
19750006749000,38,19,19,1470.6
19750006750000,45,25,20,1917
19750006751000,113,56,57,3390
19750006755000,82,39,43,2861.8
19750006756000,69,32,37,3001.5
19750006757000,142,83,59,4998.4
19750006758000,71,35,36,2179.7
19750006759000,5,4,1,185
19750006761000,2,1,1,0
19750006762000,27,16,11,1026
19750006763000,30,13,17,1179
19750006764000,37,15,22,1450.4
19750006766000,22,12,10,996.6
19750006775000,16,8,8,836.8
19750006780000,5,3,2,148
19750006782000,18,9,9,316.8
19750006783000,32,20,12,1276.8
19750006788000,6,3,3,277.2
19750006789000,6,1,5,229.2
19750006790000,5,4,1,91
19750006791000,12,5,7,663.6
19750006809000,8,4,4,308.8
19750006816000,8,3,5,484
19750006819000,7,5,2,350
19750006820000,34,16,18,1336.2
19750006826000,12,7,5,687.6
19750006827000,36,20,16,1515.6
19750006833000,1,0,1,0
19750006834000,14,7,7,747.6
19750006836000,22,12,10,1036.2
19750006839000,6,2,4,187.2
19750006840000,66,35,31,2838
19750006841000,30,18,12,1161
19750006842000,20,9,11,766
19750006843000,12,8,4,608.4
19750006849000,13,5,8,743.6
19750006850000,27,13,14,1236.6
19750006857000,23,11,12,830.3
19750006858000,14,8,6,474.6
19750006869000,523,274,249,19664.8
19750006870000,28,18,10,1013.6
19750006872000,1,1,0,0
19750006896000,79,38,41,3539.2
19750006898000,19,9,10,657.4
19750006899000,1,0,1,0
19760006506000,2,1,1,0
19760006507000,16,6,10,904
19760006508000,33,17,16,1250.7
19760006509000,56,27,29,2279.2
19760006510000,47,26,21,2133.8
19760006511000,17,11,6,816
19760006512000,91,41,50,4149.6
19760006513000,353,161,192,16273.3
19760006514000,2126,1016,1110,92055.8
19760006515000,908,436,472,36501.6
19760006516000,637,321,316,18536.7
19760006517000,4,2,2,0
19760006518000,31,17,14,1311.3
19760006521000,4,2,2,0
19760006524000,20,10,10,588
19760006528000,24,15,9,979.2
19760006529000,3,2,1,0
19760006544000,1,1,0,0
19760006546000,28,12,16,1103.2
19760006551000,15,7,8,565.5
19760006552000,20,11,9,498
19760006555000,28,15,13,1153.6
19760006556000,6,3,3,237
19760006559000,19,13,6,765.7
19760006560000,8,6,2,360
19760006561000,2,1,1,0
19760006562000,2,1,1,0
19760006563000,15,8,7,646.5
19760006565000,9,7,2,223.2
19760006567000,19,13,6,1035.5
19760006568000,8,3,5,335.2
19760006569000,92,48,44,3937.6
19760006570000,4,1,3,0
19760006587000,68,35,33,2346
19760006588000,7,4,3,174.3
19760006592000,162,82,80,5556.6
19760006594000,50,28,22,1740
19760006595000,45,25,20,2367
19760006596000,63,29,34,2356.2
19760006597000,39,25,14,1790.1
19760006603000,6,3,3,253.8
19760006613000,3,1,2,0
19760006614000,8,3,5,287.2
19760006615000,22,9,13,897.6
19760006616000,1,0,1,0
19760006622000,5,4,1,230
19760006625000,6,3,3,180
19760006626000,14,7,7,449.4
19760006627000,2,2,0,0
19760006628000,46,20,26,2005.6
19760006629000,55,31,24,2073.5
19760006630000,62,29,33,2721.8
19760006631000,30,15,15,1146
19760006632000,19,5,14,537.7
19760006634000,21,8,13,604.8
19760006635000,41,23,18,1828.6
19760006636000,24,9,15,789.6
19760006637000,1,0,1,0
19760006638000,28,14,14,1125.6
19760006639000,5,2,3,120
19760006640000,13,6,7,473.2
19760006641000,56,30,26,2520
19760006642000,14,6,8,583.8
19760006650000,5,3,2,252
19760006651000,1,1,0,0
19760006656000,23,13,10,1189.1
19760006665000,8,4,4,384
19760006666000,61,29,32,2671.8
19760006677000,6,3,3,403.8
19760006679000,5,3,2,254
19760006680000,3,2,1,0
19760006681000,18,9,9,835.2
19760006687000,15,8,7,765
19760006693000,3,2,1,0
19760006694000,4,2,2,0
19760006697000,6,4,2,301.8
19760006711000,6,3,3,301.2
19760006712000,166,77,89,5494.6
19760006713000,112,60,52,3528
19760006714000,14,7,7,705.6
19760006723000,37,19,18,1591
19760006724000,19,11,8,988
19760006726000,46,23,23,1959.6
19760006729000,26,14,12,1016.6
19760006730000,41,20,21,1681
19760006731000,171,82,89,4531.5
19760006732000,1,1,0,0
19760006733000,38,19,19,1379.4
19760006734000,1382,693,689,52239.6
19760006735000,1368,673,695,56908.8
19760006736000,1111,523,588,54216.8
19760006737000,1115,580,535,44711.5
19760006738000,999,500,499,37762.2
19760006739000,491,252,239,17872.4
19760006741000,45,29,16,1818
19760006744000,38,21,17,1561.8
19760006745000,204,106,98,7629.6
19760006746000,354,174,180,12177.6
19760006747000,79,39,40,3057.3
19760006748000,6,3,3,205.8
19760006749000,23,11,12,1039.6
19760006750000,8,4,4,328.8
19760006751000,119,66,53,4676.7
19760006752000,1,1,0,0
19760006756000,53,33,20,2135.9
19760006757000,47,22,25,2147.9
19760006759000,12,8,4,415.2
19760006763000,11,7,4,247.5
19760006764000,14,7,7,564.2
19760006765000,85,46,39,3357.5
19760006766000,44,20,24,1905.2
19760006772000,2,0,2,0
19760006773000,46,22,24,1978
19760006774000,4,2,2,0
19760006784000,1,1,0,0
19760006786000,1,1,0,0
19760006800000,5,3,2,193
19760006809000,21,11,10,1085.7
19760006820000,7,4,3,245.7
19760006825000,1,1,0,0
19760006826000,7,4,3,398.3
19760006831000,2,1,1,0
19760006833000,1,1,0,0
19760006835000,4,2,2,0
19760006837000,1,1,0,0
19760006839000,6,4,2,367.8
19760006841000,38,18,20,1998.8
19760006842000,88,41,47,4329.6
19760006843000,7,3,4,307.3
19760006849000,34,17,17,1169.6
19760006850000,21,13,8,976.5
19760006857000,12,6,6,745.2
19760006864000,19,10,9,693.5
19760006869000,137,73,64,4260.7
19760006896000,5,3,2,114
19760006898000,11,5,6,401.5
19760006899000,6,3,3,271.8
19770006506000,42,25,17,1969.8
19770006507000,38,17,21,1280.6
19770006508000,7,3,4,317.1
19770006509000,20,9,11,796
19770006511000,7,4,3,238
19770006512000,25,14,11,952.5
19770006513000,14,7,7,670.6
19770006514000,10,5,5,366
19770006515000,340,177,163,15164
19770006516000,75,43,32,3030
19770006517000,3,1,2,0
19770006520000,2,1,1,0
19770006521000,13,6,7,522.6
19770006522000,5,3,2,262
19770006523000,4,2,2,0
19770006526000,6,4,2,240
19770006527000,10,5,5,277
19770006528000,14,8,6,532
19770006529000,16,8,8,700.8
19770006530000,17,7,10,413.1
19770006531000,3,2,1,0
19770006537000,7,4,3,230.3
19770006538000,12,7,5,391.2
19770006539000,4,1,3,0
19770006540000,6,1,5,106.8
19770006543000,6,3,3,118.2
19770006545000,13,7,6,503.1
19770006549000,43,23,20,1591
19770006550000,4,2,2,0
19770006551000,18,10,8,786.6
19770006552000,5,4,1,192
19770006555000,14,5,9,568.4
19770006557000,5,1,4,197
19770006558000,11,8,3,301.4
19770006560000,23,11,12,1161.5
19770006563000,25,12,13,1085
19770006564000,30,16,14,1065
19770006565000,12,6,6,403.2
19770006567000,11,6,5,414.7
19770006568000,2,2,0,0
19770006569000,14,7,7,669.2
19770006570000,4,2,2,0
19770006571000,13,6,7,802.1
19770006587000,58,28,30,2412.8
19770006592000,72,39,33,2944.8
19770006593000,56,26,30,2021.6
19770006594000,39,23,16,1563.9
19770006595000,23,12,11,713
19770006597000,36,20,16,1040.4
19770006598000,9,6,3,306
19770006600000,4,2,2,0
19770006601000,63,34,29,1978.2
19770006603000,8,3,5,299.2
19770006604000,72,40,32,2995.2
19770006605000,14,8,6,719.6
19770006614000,46,21,25,1725
19770006615000,119,55,64,5224.1
19770006617000,7,4,3,284.9
19770006618000,2,1,1,0
19770006621000,7,5,2,340.9
19770006622000,5,2,3,85
19770006627000,38,23,15,1371.8
19770006628000,9,4,5,476.1
19770006631000,6,4,2,252
19770006632000,1,1,0,0
19770006640000,11,5,6,317.9
19770006641000,9,5,4,401.4
19770006642000,31,19,12,1243.1
19770006643000,6,3,3,364.2
19770006649000,14,5,9,597.8
19770006650000,12,7,5,476.4
19770006656000,4,2,2,0
19770006657000,13,8,5,770.9
19770006658000,13,7,6,703.3
19770006664000,69,32,37,2980.8
19770006665000,87,46,41,3627.9
19770006666000,1,0,1,0
19770006667000,1,1,0,0
19770006678000,6,4,2,300
19770006680000,1,0,1,0
19770006681000,3,2,1,0
19770006682000,50,26,24,1775
19770006683000,77,44,33,3087.7
19770006693000,6,3,3,226.8
19770006694000,12,7,5,436.8
19770006695000,2,1,1,0
19770006714000,34,18,16,1309
19770006715000,24,11,13,1044
19770006718000,3,2,1,0
19770006719000,3,2,1,0
19770006724000,16,8,8,830.4
19770006725000,23,15,8,805
19770006726000,3,1,2,0
19770006727000,3,2,1,0
19770006730000,29,20,9,1119.4
19770006731000,32,12,20,963.2
19770006737000,40,20,20,1600
19770006738000,385,202,183,15130.5
19770006740000,56,28,28,2161.6
19770006741000,156,85,71,5709.6
19770006742000,19,13,6,967.1
19770006743000,7,4,3,249.9
19770006744000,20,10,10,732
19770006745000,88,44,44,4400
19770006746000,94,35,59,5386.2
19770006747000,8,6,2,200.8
19770006748000,14,8,6,702.8
19770006749000,16,7,9,571.2
19770006751000,1,1,0,0
19770006752000,36,15,21,1677.6
19770006753000,1,1,0,0
19770006756000,3,1,2,0
19770006757000,13,6,7,612.3
19770006758000,33,18,15,1395.9
19770006759000,13,8,5,774.8
19770006760000,27,10,17,1017.9
19770006761000,4,2,2,0
19770006763000,30,14,16,1656
19770006764000,22,15,7,858
19770006765000,2,1,1,0
19770006766000,6,4,2,385.2
19770006767000,7,4,3,359.1
19770006769000,5,3,2,163
19770006770000,3,2,1,0
19770006771000,18,8,10,766.8
19770006772000,57,29,28,2661.9
19770006773000,8,4,4,387.2
19770006775000,8,3,5,390.4
19770006780000,30,15,15,1104
19770006781000,2,0,2,0
19770006782000,7,4,3,270.9
19770006793000,6,4,2,181.8
19770006800000,15,7,8,870
19770006806000,4,1,3,0
19770006814000,10,7,3,488
19770006815000,1,0,1,0
19770006824000,9,4,5,469.8
19770006825000,24,13,11,991.2
19770006831000,5,3,2,347
19770006832000,4,3,1,0
19770006835000,9,7,2,420.3
19770006838000,4,3,1,0
19770006839000,53,28,25,2565.2
19770006840000,37,19,18,1875.9
19770006841000,24,14,10,816
19770006842000,16,10,6,793.6
19770006843000,7,3,4,289.8
19770006845000,1,0,1,0
19770006849000,9,6,3,374.4
19770006850000,8,3,5,192
19770006852000,7,3,4,401.8
19770006853000,2,1,1,0
19770006857000,4,2,2,0
19770006863000,5,2,3,334
19770006869000,276,145,131,9604.8
19770006870000,18,10,8,748.8
19770006873000,3,2,1,0
19770006898000,6,3,3,349.8
19770006917000,3,2,1,0
19780006505000,21,11,10,747.6
19780006506000,15,5,10,618
19780006509000,18,11,7,680.4
19780006511000,6,3,3,160.2
19780006513000,43,20,23,1307.2
19780006514000,4,2,2,0
19780006515000,14,4,10,529.2
19780006516000,20,10,10,820
19780006518000,6,3,3,226.8
19780006519000,12,9,3,469.2
19780006520000,14,9,5,418.6
19780006522000,79,36,43,3033.6
19780006523000,22,9,13,1023
19780006524000,20,10,10,758
19780006530000,22,14,8,789.8
19780006531000,29,18,11,1177.4
19780006532000,20,10,10,554
19780006536000,5,3,2,253
19780006537000,21,13,8,705.6
19780006538000,11,5,6,479.6
19780006539000,24,13,11,902.4
19780006540000,24,14,10,842.4
19780006541000,3,2,1,0
19780006543000,1,0,1,0
19780006544000,33,18,15,1445.4
19780006545000,11,7,4,438.9
19780006549000,8,4,4,471.2
19780006552000,4,1,3,0
19780006560000,28,14,14,1234.8
19780006562000,7,5,2,287
19780006563000,2,1,1,0
19780006564000,12,6,6,412.8
19780006565000,9,6,3,512.1
19780006566000,1,1,0,0
19780006569000,7,5,2,345.8
19780006578000,2,1,1,0
19780006593000,13,7,6,803.4
19780006594000,103,54,49,4562.9
19780006595000,11,5,6,441.1
19780006596000,42,23,19,1411.2
19780006597000,18,8,10,867.6
19780006600000,7,3,4,350
19780006601000,22,15,7,946
19780006603000,2,1,1,0
19780006604000,17,8,9,839.8
19780006605000,30,16,14,1602
19780006614000,4,2,2,0
19780006615000,14,10,4,726.6
19780006617000,1,1,0,0
19780006628000,7,4,3,273
19780006631000,11,7,4,479.6
19780006632000,18,9,9,849.6
19780006633000,6,3,3,295.8
19780006642000,351,186,165,11512.8
19780006643000,109,57,52,4697.9
19780006649000,7,4,3,291.2
19780006655000,6,1,5,259.8
19780006656000,2,1,1,0
19780006658000,1,1,0,0
19780006659000,12,6,6,552
19780006664000,134,67,67,5252.8
19780006665000,297,150,147,11107.8
19780006679000,6,2,4,246
19780006680000,4,2,2,0
19780006683000,29,18,11,669.9
19780006684000,23,12,11,1030.4
19780006685000,7,5,2,329.7
19780006692000,4,2,2,0
19780006693000,9,5,4,579.6
19780006694000,13,6,7,605.8
19780006705000,62,31,31,2628.8
19780006706000,165,78,87,6781.5
19780006707000,6,3,3,250.8
19780006714000,29,16,13,1154.2
19780006715000,35,19,16,1382.5
19780006716000,16,5,11,483.2
19780006718000,29,16,13,1197.7
19780006720000,3,2,1,0
19780006725000,2,2,0,0
19780006726000,7,3,4,364
19780006731000,14,8,6,778.4
19780006736000,53,31,22,2353.2
19780006737000,71,34,37,2832.9
19780006738000,132,73,59,4950
19780006739000,403,201,202,16200.6
19780006740000,60,29,31,3018
19780006744000,15,9,6,622.5
19780006745000,219,124,95,7818.3
19780006746000,25,15,10,1352.5
19780006747000,13,7,6,466.7
19780006749000,20,11,9,822
19780006750000,63,28,35,2797.2
19780006751000,85,41,44,3187.5
19780006752000,35,17,18,1109.5
19780006753000,29,15,14,1206.4
19780006754000,22,14,8,734.8
19780006756000,123,58,65,4944.6
19780006757000,49,26,23,2170.7
19780006760000,8,5,3,184.8
19780006761000,7,4,3,322
19780006762000,28,16,12,1220.8
19780006763000,11,7,4,387.2
19780006768000,2,1,1,0
19780006769000,3,1,2,0
19780006780000,34,16,18,1659.2
19780006781000,21,11,10,993.3
19780006800000,2,1,1,0
19780006804000,6,3,3,291
19780006805000,7,3,4,394.1
19780006814000,12,6,6,808.8
19780006816000,6,3,3,223.8
19780006817000,6,3,3,183
19780006818000,1,0,1,0
19780006822000,3,1,2,0
19780006824000,17,10,7,664.7
19780006829000,15,9,6,607.5
19780006834000,7,2,5,343.7
19780006836000,9,5,4,367.2
19780006840000,4,2,2,0
19780006842000,6,5,1,207
19780006859000,6,3,3,256.2
19780006861000,2,1,1,0
19780006863000,2,1,1,0
19780006866000,2,1,1,0
19780006869000,267,135,132,9985.8
19780006880000,2,2,0,0
19780006881000,12,6,6,675.6
19780006882000,10,5,5,467
19780006883000,1,0,1,0
19780006887000,1,1,0,0
19780006893000,3,1,2,0
19780006898000,5,1,4,294
19780006904000,21,11,10,842.1
19780006905000,8,4,4,430.4
19780006907000,1,1,0,0
19780006917000,7,4,3,478.1
19790006516000,27,12,15,1150.2
19790006518000,22,12,10,979
19790006519000,12,6,6,350.4
19790006520000,20,10,10,912
19790006522000,8,4,4,328.8
19790006523000,18,11,7,615.6
19790006524000,43,24,19,1560.9
19790006525000,29,17,12,980.2
19790006526000,2,1,1,0
19790006529000,12,8,4,530.4
19790006531000,12,6,6,345.6
19790006537000,2,1,1,0
19790006541000,5,1,4,129
19790006542000,1,0,1,0
19790006548000,9,5,4,333.9
19790006549000,19,11,8,773.3
19790006550000,18,12,6,480.6
19790006553000,22,13,9,800.8
19790006556000,9,6,3,402.3
19790006557000,9,4,5,240.3
19790006560000,23,12,11,777.4
19790006563000,1,0,1,0
19790006564000,2,1,1,0
19790006569000,1,1,0,0
19790006581000,178,88,90,7458.2
19790006582000,329,165,164,12896.8
19790006589000,16,9,7,628.8
19790006593000,9,4,5,216
19790006594000,478,247,231,20936.4
19790006595000,292,141,151,9081.2
19790006596000,40,21,19,1340
19790006601000,9,4,5,412.2
19790006603000,8,4,4,347.2
19790006604000,11,4,7,568.7
19790006605000,4,2,2,0
19790006614000,35,19,16,1417.5
19790006615000,5,4,1,302
19790006629000,9,4,5,349.2
19790006633000,4,1,3,0
19790006642000,29,14,15,997.6
19790006643000,85,44,41,2975
19790006644000,13,7,6,536.9
19790006648000,1,1,0,0
19790006659000,4,2,2,0
19790006664000,62,32,30,2845.8
19790006665000,145,72,73,6510.5
19790006669000,66,34,32,2640
19790006670000,10,6,4,422
19790006685000,3,2,1,0
19790006693000,9,6,3,383.4
19790006694000,97,45,52,4180.7
19790006695000,52,29,23,1950
19790006704000,2,1,1,0
19790006705000,14,7,7,568.4
19790006706000,20,7,13,910
19790006707000,18,10,8,570.6
19790006708000,34,17,17,1475.6
19790006711000,2,1,1,0
19790006717000,4,1,3,0
19790006718000,21,13,8,741.3
19790006720000,1,1,0,0
19790006721000,2,0,2,0
19790006735000,85,45,40,3587
19790006736000,9,4,5,586.8
19790006737000,30,17,13,921
19790006738000,41,17,24,1176.7
19790006739000,71,37,34,2619.9
19790006743000,24,15,9,976.8
19790006744000,28,15,13,1341.2
19790006745000,47,20,27,1898.8
19790006747000,322,165,157,13202
19790006748000,4,2,2,0
19790006749000,40,19,21,1536
19790006750000,7,3,4,340.9
19790006751000,20,13,7,890
19790006752000,57,28,29,1852.5
19790006753000,134,67,67,5896
19790006754000,31,17,14,1261.7
19790006755000,4,1,3,0
19790006757000,32,15,17,1251.2
19790006758000,68,29,39,3529.2
19790006759000,33,16,17,1422.3
19790006760000,28,17,11,809.2
19790006766000,1,0,1,0
19790006787000,8,4,4,332.8
19790006789000,4,2,2,0
19790006804000,8,3,5,272.8
19790006815000,7,4,3,291.9
19790006819000,7,3,4,149.8
19790006820000,79,37,42,3025.7
19790006821000,68,35,33,3026
19790006822000,1,1,0,0
19790006823000,6,4,2,229.2
19790006836000,2,1,1,0
19790006837000,3,1,2,0
19790006842000,1,1,0,0
19790006843000,9,4,5,272.7
19790006850000,3,2,1,0
19790006852000,6,2,4,220.2
19790006859000,9,6,3,516.6
19790006860000,2,1,1,0
19790006861000,61,33,28,2684
19790006862000,9,4,5,525.6
19790006869000,8,5,3,290.4
19790006870000,6,4,2,190.2
19790006885000,2,1,1,0
19790006887000,5,2,3,158
19790006900000,5,2,3,354
19790006906000,9,5,4,576
19790006907000,203,99,104,7693.7
19790006908000,13,8,5,746.2
19790006909000,10,4,6,640
19790006912000,3,1,2,0
19790006913000,24,12,12,936
19800006503000,8,5,3,364
19800006504000,12,6,6,735.6
19800006508000,2,1,1,0
19800006516000,2,1,1,0
19800006517000,4,1,3,0
19800006520000,3,2,1,0
19800006525000,11,6,5,693
19800006526000,56,26,30,1775.2
19800006527000,3,2,1,0
19800006529000,10,5,5,442
19800006532000,18,11,7,775.8
19800006542000,9,4,5,286.2
19800006547000,8,4,4,239.2
19800006548000,4,3,1,0
19800006550000,11,6,5,529.1
19800006552000,27,14,13,1020.6
19800006553000,2,1,1,0
19800006554000,2,0,2,0
19800006556000,9,5,4,331.2
19800006557000,1,1,0,0
19800006564000,47,24,23,2058.6
19800006566000,27,15,12,1044.9
19800006567000,64,34,30,2604.8
19800006572000,3,2,1,0
19800006573000,16,10,6,665.6
19800006574000,6,3,3,256.8
19800006580000,136,68,68,5616.8
19800006581000,1341,698,643,45996.3
19800006582000,629,302,327,26921.2
19800006583000,235,121,114,7191
19800006589000,18,8,10,768.6
19800006590000,56,29,27,1988
19800006591000,63,30,33,2507.4
19800006601000,5,2,3,167
19800006603000,18,8,10,694.8
19800006605000,5,3,2,99
19800006606000,14,8,6,680.4
19800006614000,165,80,85,6385.5
19800006615000,4,2,2,0
19800006616000,1,1,0,0
19800006629000,1,1,0,0
19800006633000,28,17,11,1260
19800006642000,3,1,2,0
19800006643000,28,16,12,826
19800006644000,62,32,30,1903.4
19800006647000,35,22,13,1232
19800006648000,15,8,7,543
19800006658000,20,10,10,1046
19800006659000,11,5,6,401.5
19800006663000,129,52,77,3766.8
19800006664000,117,54,63,5475.6
19800006665000,170,76,94,7905
19800006669000,566,293,273,21394.8
19800006670000,77,47,30,3495.8
19800006671000,70,34,36,3570
19800006672000,29,16,13,991.8
19800006686000,38,16,22,1565.6
19800006687000,2,2,0,0
19800006694000,65,30,35,2073.5
19800006695000,53,22,31,2003.4
19800006704000,27,17,10,1115.1
19800006705000,76,33,43,2394
19800006707000,1,1,0,0
19800006708000,11,5,6,523.6
19800006709000,40,24,16,1764
19800006710000,176,84,92,8377.6
19800006711000,82,50,32,2296
19800006714000,8,3,5,252.8
19800006715000,18,11,7,781.2
19800006716000,33,19,14,983.4
19800006718000,28,17,11,957.6
19800006719000,12,7,5,489.6
19800006735000,70,30,40,2506
19800006736000,14,7,7,596.4
19800006737000,9,5,4,537.3
19800006739000,58,30,28,2662.2
19800006741000,49,25,24,1960
19800006742000,9,5,4,288.9
19800006743000,45,21,24,1530
19800006744000,6,3,3,199.2
19800006745000,70,35,35,3269
19800006746000,234,123,111,8143.2
19800006747000,333,168,165,12287.7
19800006748000,2,1,1,0
19800006749000,8,4,4,516
19800006752000,20,10,10,766
19800006753000,8,5,3,366.4
19800006755000,50,27,23,2520
19800006758000,172,85,87,6329.6
19800006759000,70,36,34,2527
19800006760000,5,2,3,278
19800006762000,12,7,5,608.4
19800006763000,6,3,3,153
19800006794000,4,3,1,0
19800006795000,4,2,2,0
19800006804000,15,6,9,346.5
19800006814000,10,3,7,480
19800006815000,38,25,13,1824
19800006816000,4,2,2,0
19800006818000,1,0,1,0
19800006819000,13,8,5,527.8
19800006821000,2,2,0,0
19800006822000,17,8,9,989.4
19800006836000,3,1,2,0
19800006837000,1,1,0,0
19800006839000,6,5,1,337.2
19800006840000,14,9,5,757.4
19800006841000,2,1,1,0
19800006842000,46,28,18,1803.2
19800006843000,14,6,8,551.6
19800006852000,13,8,5,664.3
19800006861000,2,1,1,0
19800006872000,8,4,4,319.2
19800006882000,4,2,2,0
19800006887000,12,6,6,835.2
19800006894000,27,15,12,1611.9
19800006895000,10,6,4,522
19800006900000,1,1,0,0
19800006902000,2,1,1,0
19800006904000,5,3,2,245
19800006905000,52,28,24,2402.4
19800006906000,265,129,136,10414.5
19800006910000,7,4,3,370.3
19800006912000,57,33,24,2046.3
19800006913000,11,6,5,504.9
19810006504000,4,2,2,0
19810006505000,5,3,2,308
19810006510000,7,4,3,368.2
19810006511000,10,6,4,296
19810006520000,5,4,1,283
19810006521000,5,3,2,248
19810006522000,11,6,5,369.6
19810006524000,13,6,7,305.5
19810006525000,4,2,2,0
19810006526000,13,9,4,470.6
19810006527000,28,15,13,1033.2
19810006528000,376,193,183,13686.4
19810006529000,15,8,7,285
19810006532000,23,13,10,862.5
19810006535000,11,5,6,332.2
19810006540000,2,1,1,0
19810006547000,6,2,4,312
19810006548000,10,6,4,381
19810006553000,9,4,5,387
19810006556000,2,1,1,0
19810006557000,7,4,3,228.2
19810006560000,5,4,1,151
19810006563000,2,1,1,0
19810006567000,35,19,16,1200.5
19810006568000,11,8,3,374
19810006572000,40,22,18,1864
19810006573000,29,17,12,1505.1
19810006577000,17,8,9,518.5
19810006578000,46,29,17,1771
19810006579000,185,95,90,7381.5
19810006581000,300,151,149,11520
19810006582000,193,101,92,6716.4
19810006585000,9,5,4,377.1
19810006586000,15,7,8,598.5
19810006589000,7,4,3,343.7
19810006590000,20,10,10,866
19810006591000,36,21,15,1231.2
19810006592000,56,33,23,2693.6
19810006601000,12,6,6,650.4
19810006602000,7,5,2,230.3
19810006604000,19,9,10,868.3
19810006605000,7,4,3,293.3
19810006614000,115,58,57,5566
19810006615000,14,5,9,592.2
19810006631000,5,2,3,208
19810006632000,1,1,0,0
19810006633000,11,5,6,420.2
19810006634000,15,9,6,901.5
19810006637000,12,5,7,310.8
19810006638000,54,31,23,2235.6
19810006639000,46,29,17,1265
19810006640000,13,6,7,481
19810006641000,5,1,4,297
19810006642000,47,25,22,1903.5
19810006643000,106,56,50,4388.4
19810006644000,13,7,6,565.5
19810006645000,15,10,5,790.5
19810006646000,30,21,9,1056
19810006647000,7,3,4,247.8
19810006658000,3,2,1,0
19810006659000,33,17,16,1389.3
19810006660000,21,10,11,1029
19810006663000,85,43,42,3179
19810006664000,68,33,35,2692.8
19810006665000,41,22,19,1726.1
19810006668000,13,6,7,700.7
19810006669000,304,166,138,10944
19810006670000,278,120,158,8701.4
19810006671000,193,97,96,7372.6
19810006672000,79,43,36,3807.8
19810006679000,1,0,1,0
19810006686000,2,1,1,0
19810006687000,71,32,39,2797.4
19810006692000,9,3,6,299.7
19810006695000,19,8,11,986.1
19810006696000,33,14,19,1725.9
19810006704000,13,9,4,603.2
19810006705000,110,54,56,4158
19810006707000,4,2,2,0
19810006710000,83,44,39,3295.1
19810006711000,76,43,33,2979.2
19810006715000,11,6,5,656.7
19810006716000,75,44,31,2482.5
19810006719000,12,7,5,675.6
19810006737000,15,7,8,523.5
19810006739000,27,14,13,1228.5
19810006740000,21,10,11,678.3
19810006741000,14,7,7,754.6
19810006742000,79,37,42,2733.4
19810006743000,38,20,18,1288.2
19810006744000,39,20,19,1727.7
19810006745000,64,38,26,2227.2
19810006746000,25,15,10,915
19810006747000,88,45,43,3282.4
19810006748000,13,9,4,473.2
19810006749000,14,5,9,504
19810006750000,7,3,4,282.1
19810006754000,21,10,11,835.8
19810006755000,116,52,64,5185.2
19810006756000,121,71,50,4513.3
19810006758000,8,6,2,248.8
19810006759000,36,21,15,1800
19810006788000,4,2,2,0
19810006803000,11,7,4,579.7
19810006804000,11,6,5,511.5
19810006813000,12,6,6,441.6
19810006814000,10,5,5,573
19810006815000,149,72,77,5647.1
19810006816000,54,36,18,2068.2
19810006817000,2,1,1,0
19810006819000,7,6,1,324.8
19810006839000,2,1,1,0
19810006840000,2,2,0,0
19810006842000,3,1,2,0
19810006843000,23,11,12,1044.2
19810006852000,23,12,11,1200.6
19810006853000,12,6,6,422.4
19810006854000,5,3,2,258
19810006857000,3,1,2,0
19810006858000,29,16,13,1383.3
19810006867000,2,1,1,0
19810006868000,25,13,12,785
19810006869000,5,3,2,88
19810006882000,18,10,8,590.4
19810006884000,12,5,7,624
19810006887000,4,1,3,0
19810006894000,7,2,5,420
19810006895000,34,17,17,1771.4
19810006902000,1,0,1,0
19810006905000,45,21,24,2142
19810006910000,5,4,1,114
19810006912000,46,19,27,1453.6
19810006913000,10,5,5,169
19810006914000,8,4,4,288.8
19820006510000,2,1,1,0
19820006520000,5,3,2,161
19820006521000,26,15,11,954.2
19820006522000,23,12,11,621
19820006524000,1,1,0,0
19820006527000,3,1,2,0
19820006528000,81,46,35,3636.9
19820006529000,6,3,3,175.8
19820006533000,123,62,61,5670.3
19820006534000,8,5,3,332.8
19820006540000,45,22,23,1341
19820006541000,10,5,5,368
19820006549000,11,5,6,388.3
19820006550000,4,2,2,0
19820006551000,17,10,7,875.5
19820006554000,5,4,1,227
19820006555000,105,59,46,3391.5
19820006557000,5,2,3,124
19820006558000,8,6,2,218.4
19820006560000,26,13,13,878.8
19820006561000,11,6,5,501.6
19820006562000,28,16,12,999.6
19820006563000,197,101,96,7761.8
19820006567000,3,1,2,0
19820006572000,2,1,1,0
19820006577000,47,24,23,1861.2
19820006578000,56,31,25,2189.6
19820006579000,31,15,16,1041.6
19820006581000,45,24,21,1678.5
19820006582000,31,16,15,1317.5
19820006583000,3,2,1,0
19820006585000,39,20,19,1665.3
19820006586000,48,27,21,1992
19820006587000,64,33,31,2784
19820006589000,2,1,1,0
19820006590000,26,14,12,1149.2
19820006591000,7,4,3,263.2
19820006592000,5,3,2,279
19820006593000,3,2,1,0
19820006614000,16,9,7,611.2
19820006615000,26,17,9,1003.6
19820006619000,3,1,2,0
19820006634000,8,2,6,356.8
19820006636000,3,1,2,0
19820006637000,19,8,11,739.1
19820006638000,1,0,1,0
19820006639000,1,1,0,0
19820006640000,64,37,27,2393.6
19820006641000,24,10,14,1039.2
19820006642000,47,24,23,2119.7
19820006643000,556,295,261,21739.6
19820006644000,58,30,28,2418.6
19820006645000,40,17,23,1836
19820006647000,2,1,1,0
19820006648000,14,8,6,686
19820006649000,15,9,6,757.5
19820006650000,18,11,7,624.6
19820006651000,4,3,1,0
19820006652000,2,2,0,0
19820006663000,7,4,3,254.8
19820006668000,72,38,34,2376
19820006669000,208,106,102,8236.8
19820006670000,95,46,49,3733.5
19820006671000,705,373,332,29469
19820006672000,611,303,308,24989.9
19820006673000,36,16,20,1422
19820006687000,5,2,3,327
19820006688000,13,8,5,608.4
19820006689000,35,21,14,1946
19820006690000,3,2,1,0
19820006696000,48,26,22,1891.2
19820006705000,114,51,63,4514.4
19820006706000,53,29,24,2273.7
19820006711000,21,8,13,686.7
19820006712000,14,9,5,607.6
19820006716000,13,7,6,530.4
19820006717000,23,9,14,892.4
19820006718000,5,3,2,183
19820006720000,9,5,4,537.3
19820006721000,7,4,3,356.3
19820006722000,7,4,3,408.8
19820006723000,3,1,2,0
19820006724000,9,4,5,245.7
19820006735000,2,1,1,0
19820006736000,42,21,21,1722
19820006737000,22,13,9,873.4
19820006740000,12,5,7,404.4
19820006741000,27,13,14,1282.5
19820006742000,48,24,24,1939.2
19820006743000,17,8,9,627.3
19820006744000,46,24,22,1600.8
19820006745000,26,12,14,889.2
19820006746000,2,1,1,0
19820006747000,47,23,24,1880
19820006748000,17,10,7,625.6
19820006749000,42,21,21,1734.6
19820006750000,23,10,13,961.4
19820006753000,16,9,7,537.6
19820006754000,188,95,93,7369.6
19820006755000,47,27,20,2284.2
19820006756000,11,6,5,419.1
19820006795000,3,1,2,0
19820006796000,8,6,2,320
19820006803000,16,6,10,670.4
19820006809000,3,2,1,0
19820006815000,33,20,13,1181.4
19820006816000,1,1,0,0
19820006817000,4,2,2,0
19820006818000,1,1,0,0
19820006819000,5,3,2,189
19820006820000,38,16,22,1649.2
19820006821000,2,1,1,0
19820006823000,4,3,1,0
19820006825000,7,5,2,331.1
19820006826000,19,7,12,731.5
19820006831000,9,6,3,428.4
19820006838000,7,3,4,128.1
19820006839000,4,1,3,0
19820006842000,3,2,1,0
19820006853000,5,3,2,215
19820006854000,21,11,10,1008
19820006857000,16,7,9,980.8
19820006858000,14,6,8,571.2
19820006868000,4,2,2,0
19820006869000,35,19,16,1228.5
19820006870000,13,8,5,468
19820006872000,7,2,5,256.9
19820006882000,18,7,11,752.4
19820006884000,31,15,16,1751.5
19820006888000,6,5,1,220.2
19820006894000,1,1,0,0
19820006895000,2,1,1,0
19820006896000,1,1,0,0
19820006901000,1,0,1,0
19820006904000,32,16,16,921.6
19820006905000,133,70,63,5253.5
19820006906000,1199,609,590,49998.3
19820006907000,462,231,231,17417.4
19820006913000,50,26,24,2205
19820006914000,33,18,15,1442.1
19820006915000,42,23,19,1894.2
19830006502000,8,3,5,380.8
19830006504000,3,2,1,0
19830006513000,10,6,4,276
19830006514000,2,1,1,0
19830006516000,2,1,1,0
19830006521000,120,62,58,4116
19830006522000,4,3,1,0
19830006525000,2,1,1,0
19830006528000,27,12,15,842.4
19830006529000,15,7,8,529.5
19830006530000,48,22,26,1924.8
19830006531000,15,8,7,495
19830006533000,202,88,114,9413.2
19830006534000,293,144,149,9727.6
19830006535000,1,1,0,0
19830006536000,20,10,10,904
19830006541000,18,11,7,865.8
19830006551000,19,10,9,727.7
19830006554000,1,1,0,0
19830006555000,549,279,270,18995.4
19830006562000,11,8,3,272.8
19830006563000,249,130,119,8715
19830006570000,21,13,8,627.9
19830006571000,5,3,2,260
19830006572000,14,8,6,617.4
19830006577000,216,111,105,8661.6
19830006578000,21,11,10,955.5
19830006579000,6,3,3,271.8
19830006581000,28,15,13,859.6
19830006584000,16,9,7,484.8
19830006585000,1,1,0,0
19830006586000,13,7,6,379.6
19830006587000,91,49,42,3421.6
19830006588000,3,2,1,0
19830006593000,7,5,2,452.9
19830006594000,1,1,0,0
19830006597000,11,5,6,416.9
19830006598000,23,11,12,784.3
19830006601000,23,12,11,791.2
19830006602000,9,5,4,320.4
19830006614000,1,1,0,0
19830006615000,19,9,10,828.4
19830006616000,8,5,3,543.2
19830006617000,2,1,1,0
19830006636000,152,76,76,5988.8
19830006637000,12,7,5,487.2
19830006639000,2,1,1,0
19830006643000,468,240,228,17503.2
19830006644000,173,95,78,5570.6
19830006652000,44,29,15,1738
19830006660000,20,9,11,828
19830006661000,14,6,8,680.4
19830006663000,37,20,17,1424.5
19830006664000,68,33,35,2808.4
19830006668000,94,48,46,4455.6
19830006669000,179,102,77,7177.9
19830006670000,144,75,69,5184
19830006671000,125,60,65,4187.5
19830006672000,423,188,235,20515.5
19830006673000,4,2,2,0
19830006690000,6,3,3,193.8
19830006691000,3,1,2,0
19830006692000,2,1,1,0
19830006693000,2,1,1,0
19830006695000,2,1,1,0
19830006696000,1,1,0,0
19830006705000,75,38,37,2947.5
19830006706000,24,14,10,1291.2
19830006717000,13,5,8,497.9
19830006718000,6,3,3,183
19830006722000,4,1,3,0
19830006723000,49,25,24,1915.9
19830006724000,21,11,10,842.1
19830006725000,15,11,4,778.5
19830006735000,6,4,2,169.8
19830006736000,73,37,36,2606.1
19830006743000,4,1,3,0
19830006747000,20,11,9,578
19830006748000,4,2,2,0
19830006749000,25,12,13,1255
19830006750000,2,1,1,0
19830006752000,7,2,5,217.7
19830006753000,16,10,6,492.8
19830006754000,12,5,7,651.6
19830006755000,49,27,22,1788.5
19830006787000,15,9,6,682.5
19830006788000,3,3,0,0
19830006790000,7,4,3,307.3
19830006800000,15,8,7,640.5
19830006809000,6,3,3,280.8
19830006810000,4,2,2,0
19830006815000,8,4,4,419.2
19830006816000,5,2,3,353
19830006818000,5,4,1,268
19830006821000,2,1,1,0
19830006822000,4,1,3,0
19830006824000,2,1,1,0
19830006825000,6,3,3,228
19830006826000,8,6,2,252
19830006827000,1,1,0,0
19830006828000,1,1,0,0
19830006829000,2,1,1,0
19830006831000,6,3,3,198
19830006833000,9,4,5,369.9
19830006836000,1,1,0,0
19830006837000,39,17,22,1283.1
19830006838000,25,14,11,1135
19830006853000,2,1,1,0
19830006856000,10,4,6,271
19830006858000,11,5,6,410.3
19830006861000,2,0,2,0
19830006866000,9,4,5,401.4
19830006868000,4,2,2,0
19830006869000,10,6,4,360
19830006882000,9,4,5,288.9
19830006883000,31,16,15,1453.9
19830006884000,11,7,4,566.5
19830006887000,9,7,2,431.1
19830006888000,1,1,0,0
19830006895000,2,1,1,0
19830006901000,1,1,0,0
19830006904000,77,40,37,3203.2
19830006905000,419,219,200,16969.5
19830006906000,6,5,1,265.2
19830006907000,355,187,168,15229.5
19830006908000,2,2,0,0
19830006912000,15,8,7,448.5
19830006914000,35,18,17,1144.5
19830006915000,58,36,22,2697
19840006501000,15,6,9,646.5
19840006509000,2,1,1,0
19840006512000,2,1,1,0
19840006518000,1,0,1,0
19840006519000,3,1,2,0
19840006520000,1,0,1,0
19840006521000,77,43,34,3234
19840006522000,63,39,24,1530.9
19840006523000,13,7,6,539.5
19840006531000,5,2,3,67
19840006533000,18,9,9,718.2
19840006534000,389,201,188,11825.6
19840006536000,18,10,8,750.6
19840006537000,4,3,1,0
19840006541000,1,1,0,0
19840006549000,13,6,7,289.9
19840006550000,15,9,6,544.5
19840006555000,324,172,152,10465.2
19840006556000,49,25,24,1656.2
19840006561000,2,1,1,0
19840006562000,17,8,9,771.8
19840006567000,37,20,17,1147
19840006568000,46,25,21,1918.2
19840006570000,3,2,1,0
19840006571000,1,1,0,0
19840006572000,2,1,1,0
19840006577000,306,152,154,11719.8
19840006578000,2,1,1,0
19840006579000,5,3,2,240
19840006580000,2,2,0,0
19840006582000,20,9,11,594
19840006583000,43,25,18,1315.8
19840006584000,35,21,14,1169
19840006585000,5,3,2,228
19840006587000,9,4,5,602.1
19840006588000,23,12,11,1025.8
19840006593000,7,4,3,385
19840006595000,4,1,3,0
19840006596000,21,13,8,924
19840006597000,33,14,19,1300.2
19840006598000,9,6,3,358.2
19840006600000,5,2,3,157
19840006601000,22,12,10,1020.8
19840006602000,8,4,4,366.4
19840006603000,4,1,3,0
19840006604000,3,2,1,0
19840006630000,3,2,1,0
19840006633000,12,7,5,453.6
19840006634000,211,114,97,6730.9
19840006635000,167,88,79,8466.9
19840006636000,193,98,95,7970.9
19840006637000,41,24,17,1824.5
19840006639000,7,3,4,336
19840006642000,19,10,9,822.7
19840006643000,89,51,38,3382
19840006644000,1,0,1,0
19840006648000,9,5,4,377.1
19840006653000,9,5,4,367.2
19840006654000,7,4,3,396.2
19840006662000,45,23,22,1764
19840006663000,151,81,70,7580.2
19840006667000,9,3,6,475.2
19840006668000,354,173,181,12921
19840006669000,21,10,11,699.3
19840006671000,20,11,9,824
19840006672000,13,6,7,601.9
19840006673000,12,6,6,588
19840006674000,41,25,16,1828.6
19840006675000,10,4,6,720
19840006676000,32,17,15,1395.2
19840006688000,16,6,10,960
19840006689000,2,1,1,0
19840006690000,16,7,9,790.4
19840006691000,8,3,5,348.8
19840006693000,2,1,1,0
19840006705000,2,2,0,0
19840006706000,8,4,4,362.4
19840006707000,5,3,2,258
19840006708000,3,2,1,0
19840006713000,2,1,1,0
19840006717000,1,1,0,0
19840006718000,51,27,24,1953.3
19840006719000,16,8,8,710.4
19840006720000,27,14,13,972
19840006721000,13,4,9,591.5
19840006725000,12,5,7,405.6
19840006726000,43,22,21,1849
19840006728000,7,3,4,296.1
19840006735000,19,11,8,693.5
19840006737000,14,7,7,548.8
19840006738000,37,19,18,1887
19840006747000,9,4,5,349.2
19840006752000,11,6,5,555.5
19840006753000,9,6,3,449.1
19840006756000,7,3,4,452.2
19840006757000,6,3,3,381
19840006758000,6,3,3,373.2
19840006759000,6,4,2,265.2
19840006767000,1,1,0,0
19840006787000,17,8,9,768.4
19840006788000,15,7,8,757.5
19840006790000,9,4,5,653.4
19840006800000,3,2,1,0
19840006801000,40,17,23,2064
19840006803000,8,3,5,328
19840006808000,4,2,2,0
19840006818000,17,8,9,554.2
19840006819000,31,18,13,1295.8
19840006820000,34,18,16,1441.6
19840006821000,32,16,16,1385.6
19840006822000,28,11,17,1159.2
19840006823000,3,1,2,0
19840006826000,1,1,0,0
19840006829000,4,2,2,0
19840006830000,4,3,1,0
19840006831000,4,2,2,0
19840006832000,6,4,2,268.2
19840006834000,19,8,11,913.9
19840006835000,13,8,5,608.4
19840006836000,15,8,7,618
19840006837000,139,58,81,3183.1
19840006838000,35,10,25,836.5
19840006849000,6,3,3,414
19840006856000,15,11,4,688.5
19840006857000,5,2,3,207
19840006858000,16,10,6,844.8
19840006861000,2,2,0,0
19840006865000,15,6,9,696
19840006867000,5,2,3,148
19840006868000,6,4,2,219
19840006883000,14,8,6,681.8
19840006886000,2,1,1,0
19840006900000,1,1,0,0
19840006902000,3,1,2,0
19840006903000,3,1,2,0
19840006904000,373,188,185,15106.5
19840006905000,98,52,46,3929.8
19840006906000,1,1,0,0
19840006907000,8,4,4,510.4
19840006908000,19,12,7,860.7
19840006910000,98,46,52,4282.6
19840006911000,366,190,176,15701.4
19840006912000,103,53,50,4346.6
19840006914000,23,15,8,906.2
19840006915000,13,8,5,421.2
19850006499000,7,3,4,385
19850006500000,43,24,19,1698.5
19850006501000,2,2,0,0
19850006502000,3,2,1,0
19850006511000,6,3,3,310.2
19850006512000,3,2,1,0
19850006519000,3,1,2,0
19850006521000,7,3,4,259.7
19850006522000,70,43,27,3430
19850006528000,2,1,1,0
19850006534000,40,20,20,1544
19850006537000,2,1,1,0
19850006550000,6,4,2,271.2
19850006556000,11,7,4,492.8
19850006562000,14,9,5,637
19850006567000,10,5,5,457
19850006571000,2,2,0,0
19850006574000,4,2,2,0
19850006577000,676,326,350,26634.4
19850006578000,240,123,117,7368
19850006581000,20,12,8,758
19850006582000,36,18,18,1854
19850006583000,1,1,0,0
19850006584000,24,11,13,976.8
19850006585000,62,27,35,2430.4
19850006586000,27,13,14,1096.2
19850006587000,134,72,62,5092
19850006588000,5,3,2,239
19850006596000,23,10,13,885.5
19850006604000,5,3,2,336
19850006605000,12,5,7,466.8
19850006606000,8,3,5,495.2
19850006620000,8,4,4,399.2
19850006621000,2,1,1,0
19850006622000,3,2,1,0
19850006623000,2,1,1,0
19850006629000,45,25,20,1350
19850006630000,87,41,46,4263
19850006631000,4,2,2,0
19850006635000,8,3,5,268
19850006636000,25,12,13,975
19850006637000,5,3,2,288
19850006638000,9,5,4,585
19850006639000,24,13,11,772.8
19850006643000,19,13,6,989.9
19850006644000,23,12,11,943
19850006647000,27,14,13,1163.7
19850006649000,6,2,4,286.8
19850006653000,10,5,5,569
19850006654000,15,6,9,592.5
19850006662000,23,11,12,765.9
19850006664000,52,30,22,1939.6
19850006665000,118,60,58,5003.2
19850006666000,32,16,16,1577.6
19850006667000,42,21,21,1843.8
19850006668000,36,18,18,874.8
19850006677000,42,18,24,1894.2
19850006678000,7,3,4,455
19850006687000,8,4,4,267.2
19850006688000,8,5,3,303.2
19850006692000,1,1,0,0
19850006698000,3,3,0,0
19850006699000,13,7,6,370.5
19850006709000,8,6,2,420.8
19850006712000,19,7,12,837.9
19850006713000,43,27,16,2227.4
19850006715000,22,12,10,1104.4
19850006718000,42,22,20,1503.6
19850006719000,45,22,23,2052
19850006720000,51,23,28,1825.8
19850006721000,42,24,18,1764
19850006722000,6,4,2,211.8
19850006725000,34,19,15,1356.6
19850006728000,4,2,2,0
19850006729000,28,12,16,946.4
19850006730000,19,13,6,769.5
19850006733000,1,0,1,0
19850006734000,2,1,1,0
19850006735000,166,86,80,6590.2
19850006736000,42,23,19,1759.8
19850006738000,17,10,7,669.8
19850006739000,3,2,1,0
19850006757000,86,47,39,3999
19850006766000,1,1,0,0
19850006781000,8,5,3,427.2
19850006782000,2,0,2,0
19850006783000,13,7,6,673.4
19850006784000,2,1,1,0
19850006790000,19,13,6,680.2
19850006801000,21,13,8,892.5
19850006802000,71,35,36,2463.7
19850006803000,68,38,30,2584
19850006809000,6,3,3,304.8
19850006817000,1,1,0,0
19850006818000,5,2,3,169
19850006819000,7,3,4,217
19850006828000,3,2,1,0
19850006829000,1,0,1,0
19850006830000,2,1,1,0
19850006835000,3,2,1,0
19850006836000,110,57,53,4180
19850006837000,6,4,2,337.2
19850006840000,1,1,0,0
19850006849000,1,1,0,0
19850006852000,5,2,3,218
19850006856000,29,17,12,1426.8
19850006858000,1,1,0,0
19850006861000,37,20,17,1402.3
19850006864000,21,11,10,873.6
19850006865000,27,13,14,1085.4
19850006886000,11,7,4,396
19850006900000,1,1,0,0
19850006902000,2,1,1,0
19850006903000,72,44,28,2088
19850006904000,79,34,45,3033.6
19850006908000,11,4,7,399.3
19850006909000,9,3,6,485.1
19850006910000,29,15,14,1244.1
19850006911000,66,32,34,2475
19850006912000,40,22,18,1464
19850006913000,69,35,34,2484
19850006914000,29,14,15,1481.9
19860006499000,2,1,1,0
19860006504000,4,3,1,0
19860006519000,3,1,2,0
19860006520000,9,5,4,506.7
19860006521000,28,12,16,1002.4
19860006522000,40,25,15,1608
19860006523000,8,6,2,235.2
19860006529000,11,7,4,379.5
19860006536000,1,1,0,0
19860006538000,10,6,4,377
19860006563000,7,5,2,195.3
19860006564000,6,3,3,316.2
19860006565000,3,2,1,0
19860006566000,14,8,6,431.2
19860006574000,3,2,1,0
19860006575000,101,52,49,3979.4
19860006576000,693,351,342,31600.8
19860006577000,1673,820,853,62402.9
19860006578000,1143,563,580,34747.2
19860006581000,2,1,1,0
19860006582000,75,38,37,2737.5
19860006583000,61,35,26,1811.7
19860006584000,17,9,8,766.7
19860006586000,30,14,16,1266
19860006587000,62,29,33,2207.2
19860006589000,6,1,5,109.2
19860006590000,6,1,5,99
19860006595000,3,2,1,0
19860006601000,5,3,2,267
19860006605000,24,13,11,871.2
19860006607000,6,4,2,400.8
19860006612000,3,2,1,0
19860006614000,9,4,5,468.9
19860006615000,17,8,9,727.6
19860006616000,13,7,6,712.4
19860006617000,2,1,1,0
19860006628000,38,15,23,1383.2
19860006629000,31,15,16,694.4
19860006630000,282,147,135,11618.4
19860006631000,56,28,28,2352
19860006632000,16,8,8,424
19860006636000,14,8,6,354.2
19860006643000,14,10,4,567
19860006644000,19,8,11,706.8
19860006646000,62,34,28,2157.6
19860006647000,10,6,4,464
19860006654000,7,4,3,203
19860006661000,1,1,0,0
19860006664000,113,56,57,4949.4
19860006665000,98,50,48,3537.8
19860006666000,12,7,5,638.4
19860006677000,43,22,21,1505
19860006678000,449,236,213,16747.7
19860006679000,15,8,7,361.5
19860006686000,17,11,6,1004.7
19860006687000,23,13,10,1150
19860006688000,9,4,5,333.9
19860006695000,5,2,3,346
19860006697000,26,15,11,1333.8
19860006698000,23,9,14,1324.8
19860006699000,21,8,13,1083.6
19860006700000,4,2,2,0
19860006703000,2,1,1,0
19860006704000,59,33,26,3504.6
19860006705000,1,1,0,0
19860006706000,24,13,11,1147.2
19860006713000,15,5,10,630
19860006714000,4,2,2,0
19860006719000,12,5,7,399.6
19860006720000,2,1,1,0
19860006726000,2,1,1,0
19860006728000,7,5,2,483.7
19860006729000,1,1,0,0
19860006730000,8,5,3,512.8
19860006731000,9,5,4,495.9
19860006735000,3,2,1,0
19860006736000,6,2,4,234
19860006738000,6,3,3,244.8
19860006740000,23,12,11,1242
19860006746000,9,6,3,351.9
19860006747000,1,1,0,0
19860006748000,6,3,3,247.2
19860006756000,12,6,6,510
19860006757000,32,17,15,1724.8
19860006766000,20,12,8,990
19860006781000,9,6,3,278.1
19860006784000,8,2,6,612.8
19860006785000,1,0,1,0
19860006788000,42,20,22,1192.8
19860006789000,13,5,8,738.4
19860006793000,9,5,4,449.1
19860006798000,7,3,4,338.8
19860006801000,1,1,0,0
19860006803000,31,17,14,998.2
19860006809000,6,2,4,313.8
19860006816000,4,2,2,0
19860006817000,2,2,0,0
19860006828000,5,3,2,350
19860006829000,2,1,1,0
19860006840000,104,49,55,3837.6
19860006841000,14,7,7,495.6
19860006850000,8,4,4,207.2
19860006851000,2,1,1,0
19860006853000,4,3,1,0
19860006861000,1,1,0,0
19860006864000,18,13,5,826.2
19860006865000,3,2,1,0
19860006869000,2,1,1,0
19860006886000,132,63,69,6085.2
19860006891000,1,1,0,0
19860006898000,7,5,2,434.7
19860006902000,7,4,3,287.7
19860006903000,16,9,7,371.2
19860006911000,8,5,3,314.4
19860006931000,38,18,20,1645.4
19860006932000,8,2,6,206.4
19870006499000,6,2,4,262.8
19870006502000,1,1,0,0
19870006519000,2,1,1,0
19870006520000,23,12,11,1147.7
19870006521000,6,3,3,327
19870006522000,2,1,1,0
19870006523000,4,2,2,0
19870006528000,9,5,4,302.4
19870006533000,4,3,1,0
19870006535000,2,2,0,0
19870006536000,7,4,3,454.3
19870006537000,12,6,6,429.6
19870006562000,5,2,3,282
19870006563000,107,57,50,4922
19870006565000,14,6,8,586.6
19870006574000,64,27,37,2048
19870006575000,270,141,129,9153
19870006576000,345,177,168,12489
19870006577000,1289,661,628,48466.4
19870006578000,279,150,129,9597.6
19870006582000,47,24,23,1494.6
19870006583000,29,16,13,1136.8
19870006584000,14,7,7,646.8
19870006587000,7,3,4,226.8
19870006589000,22,8,14,649
19870006595000,8,4,4,268
19870006597000,11,7,4,630.3
19870006598000,2,1,1,0
19870006606000,2,1,1,0
19870006612000,15,9,6,838.5
19870006614000,35,14,21,1337
19870006628000,11,6,5,401.5
19870006629000,6,3,3,415.8
19870006630000,2,2,0,0
19870006631000,15,9,6,670.5
19870006632000,33,17,16,1065.9
19870006646000,139,67,72,5490.5
19870006647000,5,3,2,262
19870006649000,7,4,3,357.7
19870006654000,2,1,1,0
19870006655000,16,8,8,624
19870006656000,75,40,35,2842.5
19870006678000,52,23,29,1960.4
19870006679000,10,5,5,382
19870006686000,32,10,22,1468.8
19870006687000,18,9,9,835.2
19870006693000,3,2,1,0
19870006694000,1,1,0,0
19870006701000,3,2,1,0
19870006702000,8,4,4,334.4
19870006703000,84,44,40,3553.2
19870006704000,24,15,9,1087.2
19870006705000,2,1,1,0
19870006706000,5,2,3,138
19870006707000,4,2,2,0
19870006708000,37,20,17,1232.1
19870006713000,16,6,10,812.8
19870006714000,120,60,60,4812
19870006715000,78,43,35,3042
19870006720000,6,3,3,184.8
19870006724000,7,5,2,266.7
19870006726000,24,14,10,1039.2
19870006727000,13,6,7,565.5
19870006728000,29,15,14,1151.3
19870006729000,25,12,13,1192.5
19870006731000,39,18,21,1649.7
19870006732000,19,11,8,725.8
19870006739000,29,14,15,1090.4
19870006740000,55,27,28,2546.5
19870006744000,7,5,2,193.9
19870006745000,2,1,1,0
19870006759000,4,2,2,0
19870006760000,7,4,3,378.7
19870006762000,3,1,2,0
19870006765000,2,1,1,0
19870006766000,4,4,0,0
19870006781000,6,2,4,324
19870006785000,2,1,1,0
19870006788000,12,7,5,813.6
19870006789000,62,35,27,3100
19870006790000,14,7,7,529.2
19870006801000,13,5,8,755.3
19870006802000,19,8,11,870.2
19870006803000,22,14,8,833.8
19870006810000,12,5,7,520.8
19870006814000,7,3,4,240.1
19870006816000,26,12,14,1352
19870006817000,2,1,1,0
19870006825000,1,1,0,0
19870006826000,14,8,6,723.8
19870006829000,2,1,1,0
19870006836000,7,4,3,277.9
19870006837000,2,1,1,0
19870006838000,9,6,3,456.3
19870006839000,46,22,24,2134.4
19870006840000,386,196,190,14629.4
19870006841000,297,144,153,10929.6
19870006852000,13,8,5,513.5
19870006853000,20,8,12,664
19870006855000,7,4,3,443.1
19870006861000,16,10,6,566.4
19870006862000,2,1,1,0
19870006863000,7,4,3,475.3
19870006864000,2,1,1,0
19870006869000,6,2,4,219
19870006886000,315,159,156,13041
19870006898000,3,2,1,0
19870006899000,2,1,1,0
19870006902000,2,1,1,0
19870006903000,9,6,3,395.1
19870006907000,2,2,0,0
19870006911000,36,19,17,1908
19870006914000,2,1,1,0
19870006931000,40,19,21,1332
19880006499000,30,17,13,1449
19880006500000,5,3,2,202
19880006503000,4,3,1,0
19880006504000,1,0,1,0
19880006508000,2,1,1,0
19880006519000,8,5,3,334.4
19880006520000,3,2,1,0
19880006522000,14,5,9,735
19880006523000,20,10,10,844
19880006524000,7,4,3,198.8
19880006534000,7,3,4,277.9
19880006535000,14,5,9,501.2
19880006536000,20,10,10,654
19880006537000,8,4,4,291.2
19880006539000,25,14,11,1090
19880006556000,2,1,1,0
19880006557000,2,1,1,0
19880006562000,19,9,10,948.1
19880006563000,333,163,170,12221.1
19880006564000,68,30,38,3536
19880006566000,7,4,3,275.8
19880006567000,10,4,6,339
19880006572000,4,2,2,0
19880006573000,28,17,11,988.4
19880006574000,61,33,28,2616.9
19880006576000,2,1,1,0
19880006582000,12,6,6,339.6
19880006587000,7,4,3,268.8
19880006590000,14,7,7,663.6
19880006591000,27,12,15,839.7
19880006592000,37,16,21,1465.2
19880006596000,6,3,3,273
19880006597000,14,8,6,527.8
19880006598000,3,2,1,0
19880006601000,15,10,5,585
19880006604000,6,3,3,328.8
19880006605000,3,2,1,0
19880006606000,7,3,4,340.9
19880006629000,1,1,0,0
19880006632000,19,11,8,875.9
19880006633000,35,20,15,1246
19880006646000,100,53,47,3590
19880006647000,67,35,32,2244.5
19880006648000,6,4,2,378
19880006649000,2,1,1,0
19880006650000,30,14,16,1323
19880006656000,49,29,20,1999.2
19880006661000,44,22,22,1680.8
19880006678000,15,8,7,591
19880006679000,34,17,17,1373.6
19880006687000,16,9,7,657.6
19880006688000,157,75,82,7457.5
19880006689000,4,1,3,0
19880006692000,8,2,6,212.8
19880006693000,5,3,2,387
19880006694000,3,1,2,0
19880006700000,1,1,0,0
19880006701000,2,1,1,0
19880006702000,2,1,1,0
19880006703000,10,4,6,320
19880006706000,2,1,1,0
19880006707000,27,15,12,1258.2
19880006708000,48,23,25,2102.4
19880006713000,30,16,14,1197
19880006714000,259,123,136,11214.7
19880006715000,157,83,74,5981.7
19880006728000,2,1,1,0
19880006729000,10,6,4,363
19880006731000,45,22,23,2556
19880006738000,35,20,15,1722
19880006741000,74,42,32,2923
19880006743000,2,1,1,0
19880006748000,1,1,0,0
19880006749000,2,2,0,0
19880006761000,3,1,2,0
19880006766000,7,3,4,207.9
19880006780000,4,2,2,0
19880006785000,7,3,4,602
19880006786000,7,5,2,172.9
19880006791000,16,7,9,584
19880006805000,4,3,1,0
19880006806000,3,2,1,0
19880006811000,4,2,2,0
19880006812000,12,4,8,571.2
19880006815000,8,2,6,242.4
19880006816000,18,8,10,723.6
19880006817000,2,1,1,0
19880006827000,2,0,2,0
19880006830000,3,2,1,0
19880006836000,2,1,1,0
19880006837000,19,9,10,594.7
19880006838000,96,54,42,4070.4
19880006839000,71,37,34,2343
19880006840000,187,93,94,7218.2
19880006841000,212,104,108,9773.2
19880006851000,18,7,11,491.4
19880006852000,14,8,6,481.6
19880006855000,19,13,6,581.4
19880006856000,10,5,5,514
19880006864000,1,0,1,0
19880006865000,8,7,1,355.2
19880006866000,9,4,5,317.7
19880006867000,1,1,0,0
19880006869000,10,6,4,522
19880006871000,1,1,0,0
19880006886000,289,148,141,13005
19880006887000,318,162,156,13165.2
19880006898000,9,5,4,501.3
19880006902000,32,18,14,1548.8
19880006903000,72,41,31,3074.4
19880006905000,9,5,4,434.7
19880006909000,19,11,8,820.8
19880006910000,35,16,19,1641.5
19880006914000,12,5,7,824.4
19880006924000,5,3,2,378
19880006926000,14,7,7,771.4
19880006927000,4,2,2,0
19880006931000,8,5,3,498.4
19890006498000,13,7,6,699.4
19890006499000,85,47,38,3808
19890006500000,30,17,13,924
19890006502000,13,7,6,478.4
19890006503000,6,2,4,271.2
19890006508000,1,1,0,0
19890006522000,14,6,8,614.6
19890006523000,8,4,4,272.8
19890006524000,15,9,6,661.5
19890006525000,6,4,2,193.2
19890006542000,10,7,3,287
19890006559000,22,12,10,950.4
19890006560000,22,9,13,814
19890006562000,3,1,2,0
19890006563000,42,21,21,940.8
19890006566000,2,1,1,0
19890006568000,5,3,2,328
19890006572000,1,1,0,0
19890006573000,5,3,2,258
19890006574000,1,0,1,0
19890006587000,3,2,1,0
19890006588000,31,15,16,1426
19890006591000,4,2,2,0
19890006592000,6,4,2,202.8
19890006593000,55,28,27,1963.5
19890006594000,15,9,6,541.5
19890006596000,13,7,6,598
19890006597000,13,5,8,491.4
19890006598000,8,5,3,404.8
19890006601000,5,3,2,110
19890006604000,6,2,4,112.8
19890006616000,7,4,3,298.2
19890006617000,15,7,8,574.5
19890006618000,2,2,0,0
19890006628000,6,2,4,153
19890006629000,28,13,15,1002.4
19890006632000,3,3,0,0
19890006633000,24,16,8,1252.8
19890006634000,53,28,25,1839.1
19890006635000,8,4,4,296
19890006646000,12,8,4,573.6
19890006647000,10,4,6,354
19890006648000,260,132,128,10686
19890006650000,42,25,17,1512
19890006656000,16,7,9,798.4
19890006657000,1,0,1,0
19890006661000,6,3,3,298.2
19890006662000,6,4,2,331.2
19890006678000,89,45,44,4601.3
19890006679000,5,4,1,265
19890006681000,5,4,1,190
19890006688000,19,9,10,1084.9
19890006693000,3,1,2,0
19890006696000,1,1,0,0
19890006697000,18,8,10,671.4
19890006706000,8,5,3,450.4
19890006707000,9,6,3,542.7
19890006708000,48,27,21,2476.8
19890006709000,2,1,1,0
19890006713000,7,4,3,345.8
19890006714000,162,78,84,6091.2
19890006728000,24,13,11,904.8
19890006731000,22,10,12,902
19890006732000,84,40,44,3460.8
19890006737000,3,2,1,0
19890006738000,1,1,0,0
19890006740000,25,14,11,1170
19890006741000,80,38,42,3504
19890006765000,1,1,0,0
19890006767000,2,1,1,0
19890006772000,2,1,1,0
19890006781000,2,1,1,0
19890006785000,103,52,51,3635.9
19890006805000,6,3,3,286.8
19890006806000,28,15,13,1086.4
19890006811000,126,53,73,5758.2
19890006815000,26,15,11,1105
19890006817000,4,2,2,0
19890006820000,2,1,1,0
19890006836000,12,7,5,489.6
19890006838000,11,6,5,605
19890006839000,6,2,4,214.8
19890006842000,10,6,4,370
19890006850000,2,2,0,0
19890006851000,3,2,1,0
19890006852000,5,2,3,217
19890006855000,29,13,16,1426.8
19890006864000,5,1,4,326
19890006865000,3,2,1,0
19890006868000,19,9,10,1056.4
19890006872000,6,3,3,229.8
19890006886000,157,76,81,5950.3
19890006892000,2,1,1,0
19890006898000,6,3,3,169.2
19890006909000,219,103,116,9000.9
19890006910000,50,22,28,2100
19890006925000,1,0,1,0
19890006926000,4,2,2,0
19890006930000,9,5,4,288.9
19890006931000,20,14,6,792
19890006932000,5,2,3,261
19890006933000,26,14,12,1370.2
19900006497000,122,66,56,4843.4
19900006498000,231,115,116,7530.6
19900006499000,496,253,243,19145.6
19900006500000,522,276,246,19418.4
19900006502000,35,19,16,1449
19900006503000,10,5,5,185
19900006505000,29,15,14,901.9
19900006506000,11,6,5,491.7
19900006507000,2,0,2,0
19900006513000,7,3,4,312.9
19900006514000,12,5,7,543.6
19900006515000,9,5,4,273.6
19900006517000,10,5,5,358
19900006519000,4,2,2,0
19900006521000,1,0,1,0
19900006522000,2,1,1,0
19900006523000,12,7,5,525.6
19900006524000,2,1,1,0
19900006525000,6,4,2,267
19900006539000,22,11,11,715
19900006542000,3,2,1,0
19900006557000,12,5,7,549.6
19900006558000,66,31,35,2653.2
19900006562000,34,22,12,999.6
19900006567000,4,2,2,0
19900006578000,13,7,6,635.7
19900006579000,6,3,3,303
19900006588000,25,17,8,1077.5
19900006590000,6,2,4,201
19900006593000,112,61,51,4569.6
19900006594000,44,20,24,1416.8
19900006596000,8,4,4,283.2
19900006597000,6,4,2,250.2
19900006598000,1,1,0,0
19900006599000,1,1,0,0
19900006601000,14,4,10,420
19900006602000,7,3,4,210.7
19900006606000,4,3,1,0
19900006611000,11,4,7,612.7
19900006612000,81,39,42,4236.3
19900006618000,10,5,5,496
19900006619000,4,2,2,0
19900006620000,9,5,4,279.9
19900006621000,7,4,3,170.8
19900006627000,6,2,4,349.8
19900006628000,40,16,24,1632
19900006629000,45,27,18,2011.5
19900006630000,14,6,8,411.6
19900006633000,15,7,8,534
19900006634000,18,9,9,739.8
19900006648000,241,119,122,9664.1
19900006649000,245,129,116,10265.5
19900006650000,35,16,19,1267
19900006656000,316,166,150,12608.4
19900006657000,3,2,1,0
19900006662000,63,30,33,2457
19900006663000,21,12,9,919.8
19900006678000,109,59,50,3978.5
19900006679000,361,182,179,15486.9
19900006685000,10,5,5,305
19900006687000,13,7,6,561.6
19900006688000,7,3,4,291.9
19900006689000,8,5,3,346.4
19900006693000,2,1,1,0
19900006708000,18,7,11,709.2
19900006714000,18,7,11,642.6
19900006728000,24,12,12,979.2
19900006731000,73,34,39,2883.5
19900006732000,267,149,118,11240.7
19900006733000,58,37,21,2470.8
19900006737000,28,15,13,1372
19900006740000,14,6,8,697.2
19900006764000,2,1,1,0
19900006767000,2,1,1,0
19900006768000,45,21,24,2002.5
19900006769000,10,5,5,474
19900006770000,2,2,0,0
19900006771000,4,1,3,0
19900006774000,1,1,0,0
19900006775000,2,1,1,0
19900006785000,36,18,18,1170
19900006811000,52,28,24,2173.6
19900006817000,10,4,6,488
19900006818000,10,4,6,410
19900006819000,4,3,1,0
19900006820000,1,0,1,0
19900006827000,9,4,5,312.3
19900006834000,2,1,1,0
19900006835000,15,5,10,435
19900006836000,22,13,9,959.2
19900006838000,11,6,5,636.9
19900006841000,3,1,2,0
19900006851000,82,43,39,3066.8
19900006852000,28,12,16,1209.6
19900006853000,14,7,7,694.4
19900006855000,33,16,17,1445.4
19900006864000,4,1,3,0
19900006866000,3,3,0,0
19900006868000,24,13,11,1072.8
19900006871000,13,6,7,309.4
19900006872000,2,0,2,0
19900006908000,13,5,8,286
19900006909000,3,2,1,0
19900006911000,7,4,3,212.8
19900006929000,3,1,2,0
19900006930000,2,2,0,0
19900006934000,5,1,4,169
19900006935000,3,2,1,0
19910006498000,41,22,19,2119.7
19910006499000,309,148,161,12730.8
19910006500000,668,319,349,28857.6
19910006503000,7,5,2,142.8
19910006506000,1,1,0,0
19910006507000,5,3,2,265
19910006508000,2,2,0,0
19910006509000,2,1,1,0
19910006510000,7,3,4,328.3
19910006511000,10,5,5,310
19910006513000,3,2,1,0
19910006515000,17,9,8,725.9
19910006516000,2,1,1,0
19910006522000,3,2,1,0
19910006524000,6,3,3,394.2
19910006525000,3,2,1,0
19910006531000,7,4,3,387.8
19910006540000,2,1,1,0
19910006541000,8,4,4,347.2
19910006542000,14,8,6,553
19910006544000,6,4,2,229.8
19910006554000,9,6,3,177.3
19910006555000,59,33,26,2483.9
19910006558000,25,13,12,1097.5
19910006562000,107,55,52,3413.3
19910006588000,44,22,22,1768.8
19910006595000,1,1,0,0
19910006599000,25,14,11,1115
19910006601000,3,2,1,0
19910006602000,6,4,2,270
19910006605000,4,1,3,0
19910006611000,3,1,2,0
19910006612000,85,45,40,3000.5
19910006614000,8,5,3,259.2
19910006615000,1,0,1,0
19910006620000,40,22,18,1124
19910006621000,19,10,9,824.6
19910006623000,1,1,0,0
19910006629000,14,5,9,799.4
19910006630000,17,8,9,722.5
19910006631000,7,3,4,338.8
19910006632000,6,4,2,262.8
19910006634000,1,1,0,0
19910006636000,3,1,2,0
19910006647000,35,14,21,1225
19910006648000,75,39,36,2910
19910006649000,318,164,154,12084
19910006650000,246,125,121,9151.2
19910006654000,1,1,0,0
19910006655000,25,14,11,1187.5
19910006656000,230,118,112,10718
19910006657000,29,17,12,1365.9
19910006663000,37,20,17,1761.2
19910006664000,3,2,1,0
19910006677000,1,0,1,0
19910006678000,41,22,19,1668.7
19910006679000,50,23,27,1380
19910006680000,220,112,108,8558
19910006687000,14,9,5,595
19910006690000,2,0,2,0
19910006697000,9,4,5,565.2
19910006709000,12,6,6,397.2
19910006713000,43,21,22,1655.5
19910006714000,33,16,17,1405.8
19910006715000,29,13,16,814.9
19910006728000,98,51,47,4027.8
19910006729000,190,102,88,7695
19910006731000,100,54,46,3910
19910006732000,9,3,6,308.7
19910006733000,2,1,1,0
19910006738000,37,17,20,1113.7
19910006740000,284,152,132,10337.6
19910006741000,2,1,1,0
19910006742000,1,1,0,0
19910006744000,5,2,3,128
19910006745000,11,6,5,520.3
19910006763000,5,2,3,254
19910006768000,9,5,4,237.6
19910006769000,1,1,0,0
19910006775000,2,1,1,0
19910006776000,5,3,2,212
19910006805000,8,4,4,458.4
19910006806000,50,25,25,1825
19910006812000,13,7,6,491.4
19910006813000,2,1,1,0
19910006814000,5,3,2,325
19910006817000,14,8,6,471.8
19910006818000,20,10,10,896
19910006827000,9,4,5,439.2
19910006828000,5,2,3,115
19910006836000,7,3,4,298.2
19910006842000,21,12,9,840
19910006850000,3,2,1,0
19910006851000,17,9,8,652.8
19910006854000,2,1,1,0
19910006855000,8,4,4,304
19910006861000,2,1,1,0
19910006864000,3,1,2,0
19910006868000,9,5,4,216.9
19910006871000,10,7,3,561
19910006872000,4,3,1,0
19910006896000,49,22,27,2077.6
19910006897000,37,22,15,1198.8
19910006898000,3,1,2,0
19910006902000,7,3,4,482.3
19910006907000,20,10,10,862
19910006910000,7,3,4,210.7
19910006911000,4,2,2,0
19910006913000,3,2,1,0
19910006924000,10,4,6,438
19910006928000,3,2,1,0
19910006929000,6,4,2,379.2
19910006934000,27,15,12,1455.3
19920006495000,1,1,0,0
19920006498000,2,1,1,0
19920006499000,54,30,24,2397.6
19920006500000,58,28,30,2267.8
19920006501000,21,11,10,825.3
19920006502000,7,5,2,434
19920006503000,4,2,2,0
19920006511000,7,3,4,312.2
19920006512000,3,2,1,0
19920006522000,8,5,3,418.4
19920006525000,3,2,1,0
19920006544000,3,2,1,0
19920006545000,37,18,19,1309.8
19920006553000,9,3,6,359.1
19920006554000,21,11,10,978.6
19920006559000,12,7,5,733.2
19920006563000,5,3,2,246
19920006564000,20,11,9,774
19920006590000,16,8,8,932.8
19920006591000,21,10,11,753.9
19920006592000,21,13,8,711.9
19920006594000,4,2,2,0
19920006596000,1,1,0,0
19920006597000,6,3,3,384
19920006598000,14,6,8,919.8
19920006599000,64,33,31,2700.8
19920006601000,5,3,2,308
19920006602000,2,1,1,0
19920006621000,12,6,6,650.4
19920006624000,7,4,3,210
19920006627000,13,7,6,582.4
19920006630000,19,9,10,704.9
19920006631000,10,6,4,421
19920006636000,3,1,2,0
19920006647000,40,22,18,1716
19920006648000,41,18,23,1574.4
19920006649000,68,36,32,2869.6
19920006650000,23,10,13,931.5
19920006655000,6,4,2,214.8
19920006656000,3,2,1,0
19920006657000,29,16,13,1490.6
19920006658000,4,2,2,0
19920006676000,6,4,2,273
19920006677000,36,18,18,1749.6
19920006678000,4,2,2,0
19920006680000,14,9,5,540.4
19920006690000,5,1,4,363
19920006691000,7,3,4,338.8
19920006710000,1,1,0,0
19920006713000,59,30,29,1964.7
19920006714000,2,2,0,0
19920006728000,2,1,1,0
19920006729000,58,28,30,2465
19920006730000,358,174,184,16360.6
19920006731000,294,142,152,11172
19920006732000,6,3,3,283.8
19920006738000,47,24,23,2138.5
19920006739000,45,23,22,2214
19920006740000,680,347,333,28424
19920006741000,32,17,15,1625.6
19920006742000,5,2,3,165
19920006745000,6,4,2,439.2
19920006748000,63,36,27,2646
19920006749000,9,5,4,378
19920006761000,8,4,4,502.4
19920006763000,1,1,0,0
19920006764000,3,2,1,0
19920006812000,7,3,4,308.7
19920006817000,19,16,3,908.2
19920006818000,2,1,1,0
19920006827000,11,6,5,514.8
19920006834000,1,0,1,0
19920006836000,9,4,5,437.4
19920006838000,2,1,1,0
19920006841000,6,4,2,403.8
19920006842000,13,6,7,572
19920006849000,26,14,12,1333.8
19920006850000,8,5,3,404.8
19920006852000,7,5,2,294.7
19920006854000,5,2,3,330
19920006864000,4,2,2,0
19920006867000,14,9,5,547.4
19920006869000,2,1,1,0
19920006872000,1,1,0,0
19920006896000,19,8,11,807.5
19920006898000,25,11,14,1582.5
19920006899000,10,6,4,330
19920006906000,19,10,9,832.2
19920006907000,38,22,16,1687.2
19920006908000,29,16,13,1487.7
19920006910000,7,5,2,240.8
19920006912000,18,9,9,860.4
19920006913000,1,0,1,0
19920006924000,13,6,7,829.4
19920006932000,2,1,1,0
19920006933000,5,2,3,368
19930006495000,1,0,1,0
19930006496000,4,3,1,0
19930006500000,22,10,12,1003.2
19930006502000,5,2,3,253
19930006503000,7,4,3,396.2
19930006504000,3,2,1,0
19930006514000,9,6,3,338.4
19930006516000,3,1,2,0
19930006522000,8,4,4,314.4
19930006523000,2,1,1,0
19930006552000,8,4,4,384
19930006553000,9,5,4,379.8
19930006559000,5,1,4,75
19930006560000,16,10,6,540.8
19930006563000,5,2,3,173
19930006568000,3,1,2,0
19930006591000,2,1,1,0
19930006592000,8,4,4,406.4
19930006593000,20,10,10,568
19930006596000,19,9,10,818.9
19930006597000,20,11,9,874
19930006598000,4,3,1,0
19930006599000,6,2,4,247.8
19930006602000,5,2,3,176
19930006604000,12,8,4,517.2
19930006611000,2,1,1,0
19930006612000,4,2,2,0
19930006613000,4,2,2,0
19930006618000,6,2,4,219
19930006620000,1,0,1,0
19930006621000,22,9,13,752.4
19930006622000,6,4,2,316.8
19930006624000,1,1,0,0
19930006627000,4,2,2,0
19930006628000,5,1,4,209
19930006636000,5,4,1,287
19930006646000,4,2,2,0
19930006647000,76,40,36,2926
19930006648000,102,53,49,3886.2
19930006649000,82,52,30,3107.8
19930006650000,3,3,0,0
19930006656000,1,1,0,0
19930006657000,1,0,1,0
19930006663000,3,2,1,0
19930006676000,1,1,0,0
19930006680000,19,9,10,1102
19930006681000,2,2,0,0
19930006689000,10,5,5,427
19930006709000,5,3,2,212
19930006710000,8,4,4,272.8
19930006713000,84,40,44,2998.8
19930006714000,4,2,2,0
19930006715000,21,13,8,722.4
19930006729000,35,21,14,1249.5
19930006730000,4,3,1,0
19930006731000,66,35,31,2587.2
19930006732000,7,3,4,294
19930006733000,1,1,0,0
19930006740000,14,8,6,540.4
19930006741000,29,16,13,1099.1
19930006748000,356,172,184,13456.8
19930006749000,318,163,155,12370.2
19930006758000,2,2,0,0
19930006789000,4,3,1,0
19930006812000,2,1,1,0
19930006827000,13,7,6,561.6
19930006828000,16,7,9,502.4
19930006834000,4,3,1,0
19930006837000,3,2,1,0
19930006842000,16,9,7,854.4
19930006850000,2,1,1,0
19930006851000,2,1,1,0
19930006854000,14,9,5,393.4
19930006859000,12,7,5,405.6
19930006866000,91,44,47,3021.2
19930006872000,8,4,4,387.2
19930006898000,18,11,7,739.8
19930006899000,21,9,12,1050
19930006909000,4,2,2,0
19930006910000,2,1,1,0
19930006912000,5,3,2,329
19930006914000,6,2,4,198
19930006933000,4,2,2,0
19940006502000,8,4,4,436.8
19940006503000,7,4,3,396.2
19940006506000,12,5,7,260.4
19940006509000,2,1,1,0
19940006510000,6,2,4,361.2
19940006514000,8,5,3,172.8
19940006516000,2,1,1,0
19940006521000,18,10,8,712.8
19940006522000,14,5,9,576.8
19940006523000,4,1,3,0
19940006551000,2,1,1,0
19940006552000,33,17,16,1392.6
19940006560000,20,8,12,570
19940006561000,6,4,2,385.2
19940006568000,11,7,4,390.5
19940006590000,32,15,17,1539.2
19940006592000,6,4,2,243
19940006593000,22,13,9,761.2
19940006594000,2,1,1,0
19940006595000,5,2,3,211
19940006596000,23,12,11,531.3
19940006597000,7,3,4,294
19940006598000,45,21,24,1980
19940006609000,6,3,3,177
19940006610000,9,4,5,477
19940006611000,2,1,1,0
19940006612000,1,0,1,0
19940006613000,3,2,1,0
19940006616000,3,1,2,0
19940006617000,19,9,10,799.9
19940006618000,1,0,1,0
19940006619000,34,21,13,1394
19940006620000,4,2,2,0
19940006621000,4,3,1,0
19940006622000,10,5,5,620
19940006627000,6,5,1,282
19940006628000,2,1,1,0
19940006636000,6,3,3,349.8
19940006646000,38,21,17,1261.6
19940006647000,27,16,11,1071.9
19940006648000,31,14,17,1376.4
19940006649000,48,22,26,1819.2
19940006650000,30,14,16,1026
19940006651000,8,3,5,246.4
19940006656000,10,6,4,302
19940006659000,6,4,2,412.8
19940006660000,2,1,1,0
19940006661000,4,2,2,0
19940006674000,15,8,7,498
19940006675000,5,3,2,191
19940006681000,3,2,1,0
19940006689000,6,2,4,409.8
19940006690000,22,10,12,1260.6
19940006691000,50,27,23,2350
19940006692000,30,13,17,1374
19940006693000,1,1,0,0
19940006708000,7,3,4,350.7
19940006709000,4,2,2,0
19940006711000,14,8,6,628.6
19940006713000,17,11,6,691.9
19940006715000,4,2,2,0
19940006727000,3,1,2,0
19940006728000,51,24,27,2244
19940006729000,51,29,22,1973.7
19940006741000,9,5,4,405
19940006749000,58,27,31,2128.6
19940006750000,7,3,4,231.7
19940006759000,2,1,1,0
19940006761000,9,5,4,271.8
19940006762000,10,6,4,383
19940006763000,35,15,20,997.5
19940006766000,1,1,0,0
19940006807000,7,3,4,273
19940006808000,2,1,1,0
19940006814000,7,4,3,382.9
19940006826000,1,0,1,0
19940006827000,3,3,0,0
19940006840000,2,1,1,0
19940006848000,11,5,6,523.6
19940006849000,1,0,1,0
19940006851000,11,6,5,570.9
19940006859000,2,0,2,0
19940006863000,18,11,7,860.4
19940006864000,190,96,94,6745
19940006865000,149,71,78,6660.3
19940006866000,18,9,9,820.8
19940006872000,5,2,3,368
19940006896000,8,4,4,291.2
19940006911000,27,12,15,1266.3
19940006912000,3,2,1,0
19940006916000,4,1,3,0
19940006917000,9,5,4,460.8
19940006927000,2,1,1,0
19950006492000,3,2,1,0
19950006504000,7,4,3,221.2
19950006506000,3,2,1,0
19950006513000,11,6,5,445.5
19950006521000,23,13,10,943
19950006551000,190,104,86,7638
19950006561000,3,2,1,0
19950006585000,6,3,3,315
19950006590000,115,64,51,4473.5
19950006591000,5,2,3,162
19950006592000,4,2,2,0
19950006593000,7,3,4,126.7
19950006594000,9,4,5,402.3
19950006595000,26,16,10,889.2
19950006597000,8,5,3,304
19950006598000,28,12,16,1061.2
19950006599000,4,2,2,0
19950006604000,17,9,8,676.6
19950006605000,28,18,10,1402.8
19950006609000,12,7,5,606
19950006610000,5,3,2,125
19950006612000,6,3,3,238.8
19950006613000,6,3,3,226.2
19950006615000,5,2,3,172
19950006618000,5,3,2,385
19950006620000,15,5,10,556.5
19950006627000,10,4,6,583
19950006637000,1,1,0,0
19950006646000,15,6,9,721.5
19950006647000,14,9,5,449.4
19950006650000,27,14,13,1104.3
19950006651000,9,6,3,433.8
19950006659000,14,8,6,585.2
19950006660000,4,2,2,0
19950006666000,4,2,2,0
19950006668000,1,0,1,0
19950006673000,16,6,10,505.6
19950006684000,4,3,1,0
19950006691000,2,1,1,0
19950006692000,101,58,43,3272.4
19950006693000,126,63,63,5871.6
19950006694000,19,12,7,1079.2
19950006695000,10,5,5,640
19950006696000,8,3,5,544.8
19950006700000,5,2,3,229
19950006701000,27,13,14,1350
19950006702000,2,1,1,0
19950006703000,2,2,0,0
19950006707000,3,2,1,0
19950006708000,6,3,3,211.2
19950006709000,7,5,2,371.7
19950006711000,6,2,4,268.2
19950006712000,16,9,7,758.4
19950006714000,7,4,3,433.3
19950006715000,26,16,10,1193.4
19950006734000,4,2,2,0
19950006751000,4,1,3,0
19950006760000,12,8,4,532.8
19950006761000,94,45,49,4540.2
19950006762000,15,7,8,696
19950006763000,14,9,5,903
19950006814000,13,6,7,661.7
19950006822000,10,6,4,501
19950006824000,1,0,1,0
19950006825000,5,2,3,201
19950006826000,4,2,2,0
19950006827000,1,1,0,0
19950006834000,1,1,0,0
19950006839000,9,3,6,261
19950006840000,7,4,3,515.9
19950006841000,13,8,5,630.5
19950006850000,2,1,1,0
19950006851000,6,2,4,181.2
19950006853000,13,7,6,562.9
19950006854000,24,12,12,1636.8
19950006858000,11,6,5,467.5
19950006861000,2,1,1,0
19950006862000,6,2,4,217.2
19950006863000,9,4,5,457.2
19950006865000,104,59,45,4430.4
19950006872000,7,5,2,300.3
19950006894000,4,3,1,0
19950006896000,11,5,6,408.1
19950006903000,3,2,1,0
19950006904000,7,3,4,249.2
19950006911000,26,13,13,1370.2
19950006912000,5,2,3,120
19950006920000,3,1,2,0
19950006924000,4,2,2,0
19950006925000,144,76,68,5097.6
19950006926000,28,14,14,1288
19950006928000,5,3,2,360
19950006929000,15,6,9,585
19960006491000,2,1,1,0
19960006492000,19,8,11,1100.1
19960006504000,18,10,8,871.2
19960006511000,1,1,0,0
19960006513000,16,7,9,699.2
19960006514000,11,6,5,543.4
19960006515000,6,3,3,187.2
19960006516000,4,2,2,0
19960006518000,8,5,3,210.4
19960006519000,12,8,4,351.6
19960006520000,136,67,69,5181.6
19960006521000,3,1,2,0
19960006522000,10,4,6,467
19960006550000,21,12,9,720.3
19960006551000,245,126,119,6688.5
19960006585000,1,0,1,0
19960006588000,1,1,0,0
19960006589000,5,4,1,256
19960006590000,134,74,60,5319.8
19960006591000,3,3,0,0
19960006592000,17,9,8,632.4
19960006593000,1,1,0,0
19960006598000,4,2,2,0
19960006599000,151,81,70,6538.3
19960006602000,10,4,6,383
19960006603000,19,12,7,894.9
19960006604000,19,11,8,763.8
19960006605000,12,8,4,765.6
19960006619000,3,1,2,0
19960006627000,8,5,3,442.4
19960006646000,1,1,0,0
19960006647000,11,6,5,489.5
19960006650000,5,2,3,305
19960006651000,13,7,6,518.7
19960006652000,7,3,4,305.9
19960006656000,7,4,3,228.9
19960006666000,9,4,5,548.1
19960006668000,1,1,0,0
19960006670000,3,2,1,0
19960006679000,33,16,17,1224.3
19960006680000,37,19,18,1306.1
19960006683000,3,2,1,0
19960006684000,1,1,0,0
19960006704000,38,22,16,1782.2
19960006705000,2,1,1,0
19960006706000,8,3,5,490.4
19960006707000,10,6,4,410
19960006709000,2,2,0,0
19960006710000,1,1,0,0
19960006712000,17,8,9,746.3
19960006713000,4,1,3,0
19960006714000,8,3,5,292
19960006731000,5,2,3,304
19960006732000,14,9,5,701.4
19960006733000,5,2,3,268
19960006734000,4,2,2,0
19960006751000,18,10,8,1067.4
19960006760000,13,7,6,462.8
19960006761000,76,36,40,3093.2
19960006805000,38,22,16,1561.8
19960006809000,1,1,0,0
19960006815000,9,5,4,513
19960006816000,2,1,1,0
19960006824000,7,3,4,284.9
19960006825000,9,5,4,375.3
19960006839000,2,0,2,0
19960006840000,13,8,5,530.4
19960006841000,14,7,7,502.6
19960006850000,20,11,9,766
19960006851000,10,6,4,434
19960006854000,5,3,2,171
19960006858000,9,4,5,453.6
19960006862000,17,11,6,479.4
19960006864000,55,28,27,2392.5
19960006872000,31,14,17,1723.6
19960006901000,5,3,2,318
19960006903000,29,12,17,1078.8
19960006914000,52,20,32,2282.8
19960006915000,41,20,21,1660.5
19960006916000,530,274,256,23267
19960006917000,32,17,15,1571.2
19960006918000,36,19,17,1519.2
19960006923000,15,7,8,558
19960006924000,174,91,83,7847.4
19960006925000,145,65,80,5988.5
19960006926000,14,8,6,641.2
19960006927000,6,3,3,393
19960006929000,23,13,10,945.3
19970006492000,6,2,4,316.2
19970006505000,46,23,23,1131.6
19970006506000,2,1,1,0
19970006513000,11,8,3,588.5
19970006514000,6,3,3,354
19970006515000,9,2,7,236.7
19970006516000,7,3,4,368.9
19970006517000,10,4,6,421
19970006518000,31,16,15,1264.8
19970006519000,26,13,13,1019.2
19970006520000,19,10,9,661.2
19970006521000,1,1,0,0
19970006522000,3,3,0,0
19970006527000,9,4,5,504.9
19970006555000,7,4,3,252.7
19970006570000,8,4,4,316
19970006585000,1,1,0,0
19970006589000,4,3,1,0
19970006590000,110,47,63,4620
19970006598000,26,14,12,1055.6
19970006599000,380,191,189,14896
19970006600000,47,20,27,2204.3
19970006602000,7,4,3,275.1
19970006604000,16,8,8,593.6
19970006620000,1,1,0,0
19970006621000,4,3,1,0
19970006627000,9,6,3,417.6
19970006628000,8,4,4,307.2
19970006647000,1,1,0,0
19970006648000,10,7,3,565
19970006650000,7,3,4,284.2
19970006655000,4,3,1,0
19970006658000,18,8,10,777.6
19970006659000,7,4,3,331.1
19970006666000,17,9,8,521.9
19970006669000,39,20,19,1181.7
19970006670000,8,5,3,304.8
19970006677000,17,8,9,697
19970006678000,46,23,23,1996.4
19970006679000,240,130,110,8184
19970006680000,212,107,105,8140.8
19970006681000,1,0,1,0
19970006697000,11,4,7,598.4
19970006698000,5,1,4,224
19970006703000,17,10,7,681.7
19970006704000,24,12,12,976.8
19970006712000,9,5,4,285.3
19970006713000,9,5,4,548.1
19970006735000,1,1,0,0
19970006751000,145,76,69,6032
19970006760000,27,15,12,1366.2
19970006761000,6,3,3,229.8
19970006763000,23,12,11,903.9
19970006805000,2,1,1,0
19970006810000,3,2,1,0
19970006814000,4,1,3,0
19970006815000,4,2,2,0
19970006825000,11,6,5,298.1
19970006839000,30,15,15,1407
19970006848000,23,11,12,834.9
19970006851000,37,19,18,1413.4
19970006854000,16,8,8,756.8
19970006862000,13,7,6,477.1
19970006863000,9,6,3,378.9
19970006871000,1,0,1,0
19970006903000,3,2,1,0
19970006904000,52,31,21,2704
19970006905000,24,11,13,1267.2
19970006906000,8,4,4,602.4
19970006914000,12,5,7,508.8
19970006915000,17,6,11,804.1
19970006916000,151,76,75,5481.3
19970006922000,9,4,5,487.8
19970006923000,29,17,12,1235.4
19970006924000,48,23,25,1804.8
19970006929000,5,3,2,273
19980006492000,17,8,9,690.2
19980006493000,59,29,30,2926.4
19980006505000,26,13,13,920.4
19980006506000,3,2,1,0
19980006540000,1,1,0,0
19980006545000,19,8,11,775.2
19980006548000,13,7,6,622.7
19980006555000,40,20,20,1540
19980006563000,51,33,18,1846.2
19980006564000,3,2,1,0
19980006586000,11,5,6,324.5
19980006588000,17,6,11,411.4
19980006589000,8,3,5,306.4
19980006590000,73,40,33,2547.7
19980006598000,6,3,3,309
19980006599000,52,27,25,1944.8
19980006608000,5,4,1,136
19980006627000,4,3,1,0
19980006628000,2,1,1,0
19980006651000,17,8,9,659.6
19980006652000,11,6,5,412.5
19980006658000,4,2,2,0
19980006659000,3,2,1,0
19980006676000,16,7,9,718.4
19980006677000,11,6,5,440
19980006678000,30,15,15,1197
19980006679000,11,5,6,536.8
19980006680000,144,74,70,5932.8
19980006681000,210,105,105,9450
19980006682000,149,71,78,6392.1
19980006683000,2,1,1,0
19980006684000,82,40,42,3977
19980006685000,207,95,112,8880.3
19980006686000,21,10,11,1075.2
19980006695000,21,12,9,1312.5
19980006696000,11,6,5,607.2
19980006703000,13,6,7,665.6
19980006705000,4,1,3,0
19980006714000,2,1,1,0
19980006728000,1,1,0,0
19980006735000,2,2,0,0
19980006751000,162,79,83,6625.8
19980006752000,831,392,439,35483.7
19980006753000,65,32,33,2639
19980006756000,3,2,1,0
19980006757000,2,2,0,0
19980006759000,67,35,32,2927.9
19980006762000,12,7,5,547.2
19980006793000,1,0,1,0
19980006795000,3,2,1,0
19980006805000,14,7,7,763
19980006815000,4,2,2,0
19980006839000,39,24,15,1462.5
19980006851000,11,6,5,484
19980006862000,10,6,4,482
19980006863000,5,3,2,347
19980006872000,40,21,19,1500
19980006873000,1,1,0,0
19980006904000,76,39,37,3374.4
19980006906000,6,2,4,331.2
19980006912000,3,1,2,0
19980006913000,28,13,15,1204
19980006914000,25,11,14,1190
19980006915000,42,19,23,1734.6
19980006921000,17,7,10,817.7
19980006922000,7,3,4,233.1
19990006492000,2,1,1,0
19990006493000,85,43,42,3017.5
19990006504000,39,20,19,1427.4
19990006505000,6,2,4,247.2
19990006535000,26,14,12,1084.2
19990006540000,4,2,2,0
19990006545000,4,2,2,0
19990006546000,9,5,4,284.4
19990006548000,19,9,10,946.2
19990006555000,26,12,14,1292.2
19990006588000,9,5,4,389.7
19990006589000,28,15,13,1044.4
19990006590000,3,1,2,0
19990006597000,11,6,5,293.7
19990006598000,26,12,14,1034.8
19990006599000,3,2,1,0
19990006601000,5,2,3,325
19990006609000,17,7,10,775.2
19990006610000,16,9,7,560
19990006611000,30,19,11,1269
19990006614000,16,9,7,608
19990006627000,29,14,15,1136.8
19990006628000,4,3,1,0
19990006647000,1,1,0,0
19990006652000,14,9,5,705.6
19990006653000,9,5,4,314.1
19990006658000,1,1,0,0
19990006660000,2,1,1,0
19990006680000,12,6,6,555.6
19990006681000,53,27,26,2416.8
19990006682000,67,37,30,2800.6
19990006683000,158,77,81,6999.4
19990006684000,350,173,177,15820
19990006685000,8,4,4,476.8
19990006686000,9,2,7,294.3
19990006687000,45,25,20,2295
19990006688000,63,30,33,2696.4
19990006694000,1,1,0,0
19990006695000,22,12,10,1218.8
19990006696000,68,31,37,3236.8
19990006707000,5,3,2,172
19990006708000,7,4,3,356.3
19990006714000,5,3,2,133
19990006715000,9,4,5,494.1
19990006716000,11,5,6,424.6
19990006717000,11,7,4,452.1
19990006718000,2,0,2,0
19990006729000,30,15,15,1188
19990006754000,13,6,7,773.5
19990006758000,1,1,0,0
19990006767000,10,7,3,473
19990006768000,52,27,25,2662.4
19990006777000,12,8,4,652.8
19990006814000,6,4,2,307.8
19990006815000,7,5,2,286.3
19990006825000,3,2,1,0
19990006826000,7,3,4,256.2
19990006829000,4,3,1,0
19990006839000,17,9,8,831.3
19990006842000,10,6,4,528
19990006847000,2,1,1,0
19990006848000,4,3,1,0
19990006849000,4,2,2,0
19990006852000,1,1,0,0
19990006862000,6,1,5,214.8
19990006863000,33,22,11,1300.2
19990006864000,24,11,13,1144.8
19990006872000,13,5,8,595.4
19990006873000,15,6,9,490.5
19990006904000,119,58,61,5807.2
19990006912000,21,10,11,1018.5
19990006914000,6,3,3,210
19990006915000,11,4,7,533.5
19990006920000,3,1,2,0
19990006921000,16,8,8,710.4
19990006934000,5,4,1,244
20000006491000,2,1,1,0
20000006504000,6,4,2,163.8
20000006507000,1,1,0,0
20000006535000,10,4,6,375
20000006536000,6,4,2,208.2
20000006545000,16,7,9,718.4
20000006546000,27,12,15,980.1
20000006587000,16,7,9,510.4
20000006588000,7,2,5,289.1
20000006596000,8,5,3,284.8
20000006597000,2,1,1,0
20000006610000,1,1,0,0
20000006611000,113,49,64,4520
20000006613000,9,5,4,549
20000006614000,3,1,2,0
20000006615000,4,3,1,0
20000006616000,1,1,0,0
20000006618000,5,1,4,96
20000006627000,3,1,2,0
20000006653000,23,13,10,936.1
20000006659000,2,1,1,0
20000006660000,2,1,1,0
20000006661000,4,3,1,0
20000006662000,29,17,12,1235.4
20000006680000,5,3,2,156
20000006683000,14,9,5,651
20000006684000,42,22,20,1814.4
20000006685000,13,8,5,692.9
20000006688000,6,2,4,439.2
20000006689000,5,2,3,253
20000006690000,4,2,2,0
20000006695000,25,15,10,1180
20000006696000,2,1,1,0
20000006703000,2,1,1,0
20000006708000,11,5,6,524.7
20000006709000,131,68,63,5371
20000006710000,52,29,23,2121.6
20000006730000,1,1,0,0
20000006737000,2,1,1,0
20000006755000,1,0,1,0
20000006768000,16,6,10,868.8
20000006769000,4,3,1,0
20000006770000,6,3,3,406.2
20000006777000,106,51,55,3890.2
20000006809000,3,1,2,0
20000006821000,5,4,1,306
20000006839000,19,8,11,710.6
20000006840000,40,25,15,1516
20000006841000,49,23,26,2126.6
20000006842000,10,5,5,259
20000006849000,2,1,1,0
20000006851000,17,8,9,724.2
20000006862000,29,13,16,1093.3
20000006866000,19,10,9,526.3
20000006867000,14,9,5,495.6
20000006872000,7,4,3,123.9
20000006900000,6,4,2,183
20000006903000,2,2,0,0
20000006904000,118,54,64,5298.2
20000006905000,24,14,10,1384.8
20000006913000,7,4,3,273.7
20000006914000,2,1,1,0
20000006919000,8,4,4,338.4
20000006934000,27,15,12,1279.8
20000006935000,3,1,2,0
20010006490000,6,3,3,397.2
20010006491000,7,4,3,329.7
20010006535000,5,2,3,75
20010006536000,1,1,0,0
20010006555000,10,6,4,446
20010006586000,1,1,0,0
20010006587000,5,2,3,201
20010006599000,6,3,3,264
20010006600000,7,4,3,303.1
20010006609000,3,1,2,0
20010006610000,76,37,39,2827.2
20010006611000,31,15,16,1376.4
20010006612000,15,7,8,540
20010006617000,3,2,1,0
20010006629000,4,1,3,0
20010006653000,9,5,4,354.6
20010006654000,4,2,2,0
20010006655000,75,40,35,2625
20010006656000,24,11,13,979.2
20010006661000,48,25,23,2059.2
20010006662000,10,5,5,458
20010006683000,3,2,1,0
20010006690000,2,1,1,0
20010006691000,13,9,4,523.9
20010006692000,3,2,1,0
20010006696000,3,1,2,0
20010006697000,14,8,6,744.8
20010006709000,8,3,5,360
20010006710000,76,35,41,3480.8
20010006711000,3,1,2,0
20010006729000,2,2,0,0
20010006750000,10,5,5,484
20010006754000,1,1,0,0
20010006771000,4,3,1,0
20010006777000,71,35,36,2712.2
20010006809000,1,1,0,0
20010006815000,12,8,4,596.4
20010006816000,28,13,15,1447.6
20010006822000,10,6,4,421
20010006838000,3,2,1,0
20010006840000,128,71,57,5606.4
20010006841000,114,56,58,4218
20010006846000,7,3,4,287.7
20010006847000,1,1,0,0
20010006849000,1,1,0,0
20010006851000,9,4,5,279
20010006852000,12,6,6,567.6
20010006853000,6,1,5,229.8
20010006860000,1,1,0,0
20010006861000,6,1,5,220.8
20010006862000,16,6,10,689.6
20010006867000,16,8,8,796.8
20010006868000,2,1,1,0
20010006900000,13,8,5,521.3
20010006904000,13,8,5,653.9
20010006905000,30,15,15,1533
20010006911000,31,17,14,1813.5
20010006912000,5,2,3,323
20010006916000,7,2,5,186.2
20010006917000,34,18,16,1210.4
20010006918000,21,12,9,1018.5
20010006925000,15,7,8,808.5
20010006926000,12,7,5,387.6
20010006930000,3,2,1,0
20010006932000,5,3,2,80
20010006933000,20,10,10,1094
20010006935000,32,11,21,1030.4
20010006936000,4,3,1,0
20020006495000,1,1,0,0
20020006503000,1,1,0,0
20020006504000,3,2,1,0
20020006509000,2,2,0,0
20020006528000,1,1,0,0
20020006536000,5,2,3,191
20020006550000,10,5,5,496
20020006554000,5,1,4,125
20020006555000,4,2,2,0
20020006587000,2,1,1,0
20020006598000,11,5,6,403.7
20020006599000,8,3,5,286.4
20020006609000,11,6,5,562.1
20020006610000,7,2,5,251.3
20020006611000,27,17,10,1493.1
20020006612000,3,2,1,0
20020006616000,3,1,2,0
20020006617000,2,1,1,0
20020006627000,4,2,2,0
20020006631000,6,3,3,141
20020006652000,3,1,2,0
20020006653000,7,3,4,266
20020006654000,2,1,1,0
20020006655000,2,1,1,0
20020006660000,16,4,12,641.6
20020006661000,15,8,7,699
20020006692000,15,7,8,717
20020006696000,3,2,1,0
20020006697000,3,1,2,0
20020006710000,5,2,3,297
20020006711000,21,12,9,982.8
20020006712000,31,17,14,1720.5
20020006713000,32,14,18,1145.6
20020006756000,4,2,2,0
20020006816000,3,2,1,0
20020006838000,6,3,3,265.8
20020006839000,36,20,16,1378.8
20020006840000,31,15,16,1543.8
20020006841000,20,10,10,866
20020006847000,30,17,13,1140
20020006848000,16,8,8,742.4
20020006849000,5,3,2,132
20020006852000,16,6,10,606.4
20020006853000,1,0,1,0
20020006862000,5,2,3,120
20020006867000,2,1,1,0
20020006876000,1,1,0,0
20020006898000,20,9,11,924
20020006899000,4,2,2,0
20020006900000,9,5,4,324.9
20020006902000,1,1,0,0
20020006903000,22,13,9,906.4
20020006906000,11,5,6,577.5
20020006907000,1,0,1,0
20020006911000,7,5,2,315
20020006912000,16,8,8,808
20020006916000,7,4,3,415.1
20020006917000,19,11,8,991.8
20020006922000,9,3,6,333.9
20020006923000,10,4,6,559
20020006927000,18,9,9,984.6
20020006928000,4,2,2,0
20020006932000,24,9,15,1032
20020006933000,72,45,27,3146.4
20020006934000,21,11,10,1157.1
20020006935000,11,4,7,497.2
20030006485000,89,43,46,4583.5
20030006486000,114,58,56,4229.4
20030006487000,1,1,0,0
20030006490000,19,13,6,636.5
20030006491000,1,0,1,0
20030006495000,1,0,1,0
20030006528000,1,1,0,0
20030006536000,10,5,5,346
20030006554000,2,2,0,0
20030006555000,8,5,3,238.4
20030006575000,2,2,0,0
20030006587000,10,6,4,307
20030006588000,7,4,3,471.1
20030006599000,1,1,0,0
20030006609000,8,5,3,316
20030006612000,13,9,4,387.4
20030006621000,3,2,1,0
20030006631000,11,7,4,387.2
20030006654000,25,14,11,1055
20030006693000,3,2,1,0
20030006699000,7,4,3,184.1
20030006712000,16,10,6,846.4
20030006713000,94,48,46,4709.4
20030006714000,154,79,75,6899.2
20030006715000,97,48,49,3812.1
20030006716000,10,5,5,424
20030006749000,7,5,2,287.7
20030006772000,7,4,3,235.9
20030006773000,18,8,10,664.2
20030006777000,1,1,0,0
20030006778000,13,7,6,608.4
20030006816000,2,1,1,0
20030006838000,6,3,3,282
20030006839000,11,6,5,425.7
20030006840000,86,47,39,3904.4
20030006841000,8,4,4,314.4
20030006846000,7,3,4,273.7
20030006847000,5,3,2,337
20030006848000,8,3,5,322.4
20030006849000,16,7,9,974.4
20030006852000,3,1,2,0
20030006853000,2,1,1,0
20030006861000,1,1,0,0
20030006873000,10,4,6,682
20030006897000,42,22,20,1915.2
20030006898000,46,21,25,2336.8
20030006899000,8,4,4,422.4
20030006902000,24,17,7,1200
20030006903000,12,6,6,555.6
20030006912000,23,11,12,1002.8
20030006913000,9,4,5,350.1
20030006914000,10,6,4,410
20030006915000,8,4,4,374.4
20030006916000,5,2,3,341
20030006922000,40,23,17,1708
20030006928000,29,14,15,1247
20030006929000,32,17,15,1872
20030006930000,37,21,16,1598.4
20030006931000,5,3,2,161
20030006938000,6,2,4,334.8
20040006470000,167,89,78,7231.1
20040006471000,282,141,141,11562
20040006484000,5,3,2,265
20040006485000,37,17,20,2042.4
20040006486000,27,13,14,982.8
20040006491000,30,17,13,1212
20040006494000,3,2,1,0
20040006500000,2,1,1,0
20040006514000,1,1,0,0
20040006519000,23,9,14,770.5
20040006520000,18,12,6,538.2
20040006528000,1,0,1,0
20040006529000,2,2,0,0
20040006551000,5,3,2,241
20040006574000,1,1,0,0
20040006588000,10,4,6,381
20040006598000,5,2,3,250
20040006599000,1,1,0,0
20040006600000,7,3,4,352.1
20040006605000,3,2,1,0
20040006608000,4,2,2,0
20040006623000,10,4,6,287
20040006654000,16,11,5,676.8
20040006699000,9,3,6,365.4
20040006715000,29,13,16,1502.2
20040006716000,3,2,1,0
20040006717000,3,3,0,0
20040006718000,8,5,3,284
20040006727000,1,1,0,0
20040006749000,16,7,9,681.6
20040006759000,1,1,0,0
20040006773000,6,5,1,177
20040006778000,12,4,8,418.8
20040006779000,22,14,8,655.6
20040006802000,7,4,3,307.3
20040006803000,6,3,3,385.8
20040006805000,24,11,13,1260
20040006806000,9,4,5,367.2
20040006810000,6,2,4,271.8
20040006815000,3,1,2,0
20040006816000,2,1,1,0
20040006820000,3,1,2,0
20040006822000,1,1,0,0
20040006833000,6,4,2,396
20040006834000,6,3,3,235.2
20040006835000,20,10,10,920
20040006836000,15,6,9,589.5
20040006837000,4,2,2,0
20040006838000,13,7,6,583.7
20040006839000,9,6,3,315.9
20040006840000,23,12,11,1012
20040006846000,15,8,7,441
20040006849000,5,2,3,161
20040006853000,55,31,24,2062.5
20040006854000,5,2,3,315
20040006861000,13,6,7,508.3
20040006897000,100,49,51,4050
20040006898000,5,3,2,233
20040006899000,3,0,3,0
20040006913000,4,2,2,0
20040006914000,1,1,0,0
20040006922000,26,14,12,1211.6
20040006931000,36,16,20,1846.8
20040006937000,14,7,7,875
20040006938000,5,4,1,261
20040006939000,4,3,1,0
20040006940000,7,3,4,282.1
20050006469000,281,155,126,10734.2
20050006470000,396,218,178,15602.4
20050006471000,15,7,8,867
20050006472000,27,16,11,1212.3
20050006473000,17,10,7,688.5
20050006483000,3,2,1,0
20050006484000,13,7,6,773.5
20050006485000,54,28,26,2149.2
20050006486000,31,16,15,1872.4
20050006491000,21,12,9,569.1
20050006514000,3,3,0,0
20050006516000,10,6,4,567
20050006517000,9,3,6,280.8
20050006518000,97,49,48,3579.3
20050006519000,124,70,54,4513.6
20050006520000,25,15,10,735
20050006521000,11,6,5,385
20050006575000,2,2,0,0
20050006607000,7,3,4,249.2
20050006612000,4,4,0,0
20050006613000,5,2,3,158
20050006626000,652,329,323,29340
20050006627000,409,188,221,14151.4
20050006656000,7,4,3,221.2
20050006660000,1,1,0,0
20050006714000,6,2,4,366
20050006715000,72,36,36,3765.6
20050006716000,6,4,2,289.2
20050006717000,7,3,4,417.9
20050006718000,8,4,4,343.2
20050006726000,3,2,1,0
20050006749000,5,3,2,180
20050006805000,7,5,2,328.3
20050006806000,5,2,3,275
20050006811000,6,3,3,315
20050006815000,2,1,1,0
20050006834000,1,0,1,0
20050006835000,31,17,14,1317.5
20050006836000,18,8,10,777.6
20050006838000,6,4,2,387
20050006839000,3,1,2,0
20050006840000,14,7,7,642.6
20050006841000,10,4,6,386
20050006845000,12,7,5,650.4
20050006849000,4,2,2,0
20050006853000,64,33,31,1606.4
20050006854000,91,44,47,3294.2
20050006861000,5,3,2,230
20050006862000,7,4,3,338.1
20050006891000,1,0,1,0
20050006897000,2,2,0,0
20050006902000,2,1,1,0
20050006912000,7,2,5,282.1
20050006913000,66,32,34,2587.2
20050006914000,172,94,78,8066.8
20050006915000,46,25,21,1936.6
20050006916000,2,1,1,0
20050006921000,4,3,1,0
20050006922000,5,2,3,250
20050006931000,14,6,8,729.4
20050006932000,4,2,2,0
20050006934000,31,17,14,1329.9
20050006935000,2,1,1,0
20050006937000,23,13,10,1035
20050006938000,7,4,3,504
20050006939000,3,2,1,0
20050006940000,15,7,8,918
20060006469000,17,10,7,574.6
20060006472000,59,37,22,2088.6
20060006473000,86,52,34,3560.4
20060006474000,35,17,18,1575
20060006483000,121,57,64,5360.3
20060006484000,6,2,4,267
20060006500000,8,4,4,267.2
20060006506000,21,10,11,877.8
20060006510000,4,1,3,0
20060006511000,178,88,90,5838.4
20060006512000,32,15,17,1369.6
20060006516000,54,27,27,2019.6
20060006517000,44,26,18,2376
20060006518000,35,21,14,1225
20060006523000,6,2,4,240
20060006524000,26,16,10,1047.8
20060006572000,1,0,1,0
20060006602000,4,2,2,0
20060006613000,4,1,3,0
20060006614000,11,5,6,491.7
20060006615000,7,4,3,265.3
20060006616000,9,5,4,302.4
20060006625000,17,6,11,508.3
20060006626000,144,70,74,4363.2
20060006632000,2,1,1,0
20060006656000,2,1,1,0
20060006694000,25,14,11,1445
20060006695000,13,7,6,462.8
20060006705000,4,1,3,0
20060006706000,13,4,9,613.6
20060006713000,7,4,3,403.2
20060006714000,8,5,3,348.8
20060006717000,2,2,0,0
20060006756000,115,58,57,4128.5
20060006757000,23,13,10,986.7
20060006760000,7,4,3,280
20060006772000,2,2,0,0
20060006779000,4,2,2,0
20060006804000,9,3,6,324.9
20060006805000,32,18,14,1401.6
20060006806000,6,3,3,165
20060006810000,2,0,2,0
20060006815000,7,4,3,273
20060006820000,6,4,2,273
20060006833000,10,5,5,310
20060006835000,16,9,7,660.8
20060006836000,9,5,4,398.7
20060006837000,5,1,4,66
20060006838000,7,5,2,273
20060006839000,26,14,12,1014
20060006840000,29,16,13,1171.6
20060006845000,12,5,7,339.6
20060006852000,22,11,11,983.4
20060006854000,122,70,52,5197.2
20060006855000,29,15,14,1067.2
20060006861000,8,4,4,360
20060006901000,18,9,9,687.6
20060006902000,5,1,4,159
20060006909000,3,2,1,0
20060006910000,5,2,3,73
20060006911000,3,2,1,0
20060006912000,19,10,9,752.4
20060006913000,26,11,15,1305.2
20060006914000,54,30,24,2122.2
20060006915000,68,37,31,2747.2
20060006918000,34,20,14,1339.6
20060006921000,7,4,3,504.7
20060006931000,2,1,1,0
20060006932000,9,5,4,587.7
20060006935000,2,1,1,0
20060006937000,22,12,10,1324.4
20060006938000,82,40,42,3977
20060006939000,13,6,7,718.9
20070006467000,7,5,2,349.3
20070006468000,37,21,16,1202.5
20070006469000,50,29,21,1590
20070006471000,42,18,24,1642.2
20070006472000,42,24,18,1701
20070006473000,49,26,23,1641.5
20070006474000,18,10,8,743.4
20070006475000,2,0,2,0
20070006476000,1,0,1,0
20070006485000,21,13,8,934.5
20070006486000,3,2,1,0
20070006495000,4,2,2,0
20070006506000,11,4,7,234.3
20070006507000,31,18,13,1404.3
20070006508000,61,28,33,3214.7
20070006509000,368,183,185,13763.2
20070006510000,527,245,282,19867.9
20070006511000,621,305,316,25957.8
20070006517000,27,16,11,812.7
20070006530000,5,3,2,199
20070006552000,10,4,6,383
20070006588000,1,1,0,0
20070006599000,6,2,4,181.2
20070006614000,1,1,0,0
20070006616000,4,1,3,0
20070006625000,74,41,33,2752.8
20070006626000,9,4,5,340.2
20070006635000,2,1,1,0
20070006642000,7,3,4,210.7
20070006694000,31,17,14,1116
20070006695000,15,7,8,778.5
20070006702000,2,1,1,0
20070006703000,8,4,4,238.4
20070006704000,1,1,0,0
20070006705000,10,6,4,337
20070006706000,10,5,5,296
20070006712000,1,1,0,0
20070006713000,21,12,9,512.4
20070006724000,43,22,21,1496.4
20070006725000,2,2,0,0
20070006747000,9,5,4,529.2
20070006748000,3,2,1,0
20070006756000,7,4,3,366.1
20070006757000,21,10,11,1140.3
20070006761000,3,1,2,0
20070006762000,4,2,2,0
20070006778000,7,3,4,434
20070006815000,16,9,7,718.4
20070006818000,5,2,3,205
20070006819000,4,2,2,0
20070006820000,48,24,24,2491.2
20070006831000,13,4,9,586.3
20070006832000,4,2,2,0
20070006833000,162,83,79,6496.2
20070006836000,1,1,0,0
20070006837000,34,18,16,1540.2
20070006838000,48,26,22,1977.6
20070006840000,74,39,35,2619.6
20070006841000,2,2,0,0
20070006854000,367,204,163,16001.2
20070006855000,469,245,224,17118.5
20070006861000,3,2,1,0
20070006889000,14,6,8,708.4
20070006901000,43,20,23,1784.5
20070006902000,3,1,2,0
20070006908000,5,2,3,200
20070006909000,6,4,2,385.2
20070006910000,9,5,4,509.4
20070006911000,1,1,0,0
20070006912000,4,2,2,0
20070006917000,13,6,7,521.3
20070006918000,72,36,36,3326.4
20070006921000,33,11,22,1287
20070006930000,5,3,2,253
20070006931000,9,4,5,405
20070006937000,10,6,4,429
20070006938000,2,2,0,0
20080006467000,21,12,9,972.3
20080006468000,47,19,28,2039.8
20080006470000,22,12,10,902
20080006471000,108,58,50,4298.4
20080006472000,173,92,81,6608.6
20080006473000,8,5,3,407.2
20080006474000,9,6,3,251.1
20080006487000,2,1,1,0
20080006491000,14,10,4,429.8
20080006492000,22,10,12,1232
20080006500000,1,1,0,0
20080006501000,3,2,1,0
20080006503000,1,1,0,0
20080006504000,17,8,9,693.6
20080006505000,28,17,11,1559.6
20080006509000,160,81,79,6368
20080006510000,120,56,64,4440
20080006517000,13,7,6,559
20080006530000,7,3,4,289.8
20080006536000,2,1,1,0
20080006573000,2,1,1,0
20080006584000,4,2,2,0
20080006598000,4,2,2,0
20080006599000,39,20,19,1602.9
20080006600000,12,6,6,471.6
20080006615000,6,2,4,189
20080006616000,15,8,7,616.5
20080006623000,1,1,0,0
20080006624000,28,13,15,1106
20080006625000,19,10,9,682.1
20080006631000,27,17,10,1263.6
20080006632000,4,2,2,0
20080006642000,31,19,12,1596.5
20080006662000,40,17,23,1628
20080006700000,2,1,1,0
20080006707000,49,25,24,2214.8
20080006708000,13,8,5,833.3
20080006712000,10,5,5,461
20080006724000,18,8,10,932.4
20080006725000,110,57,53,4477
20080006746000,4,2,2,0
20080006747000,2,1,1,0
20080006757000,35,20,15,1585.5
20080006758000,1,1,0,0
20080006772000,21,9,12,835.8
20080006778000,18,8,10,747
20080006815000,31,15,16,1317.5
20080006820000,189,83,106,8316
20080006821000,13,6,7,721.5
20080006822000,6,4,2,300
20080006825000,2,1,1,0
20080006831000,2,2,0,0
20080006832000,154,76,78,3865.4
20080006833000,465,224,241,15112.5
20080006834000,101,47,54,5524.7
20080006837000,13,8,5,559
20080006838000,18,8,10,928.8
20080006839000,7,4,3,317.8
20080006840000,37,19,18,1346.8
20080006854000,52,28,24,2059.2
20080006855000,248,140,108,9597.6
20080006856000,12,5,7,561.6
20080006861000,2,1,1,0
20080006867000,20,8,12,848
20080006868000,8,4,4,402.4
20080006889000,3,1,2,0
20080006900000,19,8,11,746.7
20080006901000,4,1,3,0
20080006902000,5,2,3,95
20080006911000,8,3,5,306.4
20080006919000,3,1,2,0
20080006920000,63,35,28,2135.7
20080006921000,369,182,187,16383.6
20080006929000,2,2,0,0
20080006930000,5,3,2,305
20090006468000,31,18,13,1444.6
20090006469000,20,12,8,834
20090006470000,36,20,16,1533.6
20090006471000,22,10,12,968
20090006474000,5,4,1,231
20090006475000,28,16,12,966
20090006476000,10,7,3,300
20090006477000,4,2,2,0
20090006485000,1,0,1,0
20090006486000,7,3,4,436.8
20090006487000,12,7,5,644.4
20090006501000,4,2,2,0
20090006508000,11,7,4,431.2
20090006509000,21,11,10,1215.9
20090006518000,10,6,4,285
20090006598000,1,1,0,0
20090006599000,6,2,4,292.2
20090006600000,9,3,6,469.8
20090006615000,14,6,8,474.6
20090006624000,15,10,5,537
20090006625000,8,4,4,348.8
20090006631000,10,5,5,303
20090006642000,18,11,7,709.2
20090006643000,32,14,18,1238.4
20090006663000,13,7,6,748.8
20090006664000,4,2,2,0
20090006698000,2,2,0,0
20090006700000,10,5,5,418
20090006708000,19,10,9,807.5
20090006712000,33,21,12,1452
20090006713000,15,7,8,475.5
20090006714000,4,1,3,0
20090006724000,1,1,0,0
20090006725000,97,49,48,3492
20090006726000,19,11,8,1039.3
20090006745000,11,4,7,500.5
20090006756000,10,6,4,421
20090006772000,2,2,0,0
20090006778000,7,3,4,389.9
20090006807000,27,14,13,1474.2
20090006808000,32,13,19,1177.6
20090006815000,8,4,4,479.2
20090006821000,47,24,23,2143.2
20090006822000,6,1,5,204
20090006826000,12,6,6,355.2
20090006830000,37,18,19,1476.3
20090006833000,13,8,5,514.8
20090006834000,49,26,23,1906.1
20090006839000,32,18,14,1174.4
20090006840000,46,26,20,1352.4
20090006851000,4,2,2,0
20090006852000,3,2,1,0
20090006855000,3,2,1,0
20090006856000,52,26,26,2189.2
20090006857000,38,18,20,1501
20090006868000,27,15,12,1031.4
20090006890000,34,17,17,1346.4
20090006891000,29,13,16,1276
20090006897000,33,18,15,1610.4
20090006900000,117,63,54,4247.1
20090006901000,50,26,24,1840
20090006902000,5,3,2,196
20090006904000,7,4,3,289.8
20090006911000,1,0,1,0
20090006915000,15,9,6,805.5
20090006916000,17,10,7,756.5
20090006917000,22,11,11,668.8
20090006919000,57,32,25,2046.3
20090006920000,54,32,22,1814.4
20090006921000,91,42,49,4249.7
20090006928000,41,19,22,1808.1
20090006934000,18,10,8,860.4
20090006935000,19,10,9,644.1
20090006937000,19,8,11,934.8
20100006467000,33,19,14,1511.4
20100006468000,9,4,5,532.8
20100006469000,474,230,244,19102.2
20100006470000,178,93,85,6710.6
20100006471000,31,14,17,1069.5
20100006472000,33,21,12,1128.6
20100006473000,11,5,6,303.6
20100006474000,1,1,0,0
20100006477000,5,2,3,292
20100006484000,1,1,0,0
20100006485000,78,41,37,3073.2
20100006486000,14,8,6,702.8
20100006488000,1,1,0,0
20100006489000,42,25,17,2289
20100006490000,24,11,13,859.2
20100006491000,28,15,13,1192.8
20100006492000,620,304,316,25420
20100006493000,31,15,16,1134.6
20100006496000,1,1,0,0
20100006498000,3,2,1,0
20100006499000,2,2,0,0
20100006508000,20,6,14,752
20100006521000,2,1,1,0
20100006532000,2,1,1,0
20100006622000,4,2,2,0
20100006632000,3,2,1,0
20100006633000,11,5,6,387.2
20100006635000,2,1,1,0
20100006642000,194,104,90,8186.8
20100006643000,371,184,187,16286.9
20100006644000,40,20,20,1808
20100006664000,2,1,1,0
20100006695000,5,4,1,153
20100006711000,4,2,2,0
20100006713000,43,20,23,2141.4
20100006714000,2,1,1,0
20100006725000,134,73,61,4690
20100006726000,19,12,7,628.9
20100006745000,1,0,1,0
20100006756000,2,0,2,0
20100006780000,50,22,28,2020
20100006781000,10,4,6,315
20100006804000,11,6,5,357.5
20100006810000,8,3,5,352
20100006814000,1,1,0,0
20100006815000,1,0,1,0
20100006829000,18,8,10,813.6
20100006830000,5,2,3,135
20100006833000,16,9,7,542.4
20100006834000,9,6,3,415.8
20100006839000,10,5,5,568
20100006840000,33,21,12,1422.3
20100006841000,8,4,4,323.2
20100006843000,4,3,1,0
20100006849000,50,26,24,1850
20100006850000,209,105,104,6750.7
20100006851000,33,19,14,1072.5
20100006852000,8,4,4,382.4
20100006854000,3,1,2,0
20100006856000,26,12,14,928.2
20100006857000,71,36,35,2541.8
20100006858000,8,4,4,279.2
20100006859000,12,7,5,742.8
20100006861000,1,0,1,0
20100006891000,60,30,30,2184
20100006897000,8,4,4,198.4
20100006899000,1,1,0,0
20100006900000,25,11,14,850
20100006901000,11,6,5,564.3
20100006902000,48,23,25,1771.2
20100006903000,7,3,4,424.9
20100006908000,11,8,3,433.4
20100006909000,15,7,8,688.5
20100006910000,22,11,11,1278.2
20100006915000,26,11,15,1071.2
20100006916000,25,16,9,1177.5
20100006918000,22,12,10,1025.2
20100006919000,3,2,1,0
20100006920000,7,3,4,147.7
20100006921000,37,14,23,1561.4
20100006928000,2,0,2,0
20100006932000,120,51,69,6492
20100006933000,204,105,99,6160.8
20100006934000,12,5,7,705.6
20100006936000,37,21,16,1894.4
20100006937000,6,3,3,235.2
20100006938000,9,4,5,464.4
20100006939000,4,1,3,0
20100006940000,45,20,25,1849.5
20110006466000,4,2,2,0
20110006467000,31,13,18,1119.1
20110006468000,131,67,64,4820.8
20110006469000,714,332,382,33058.2
20110006470000,257,122,135,10973.9
20110006471000,7,3,4,226.1
20110006472000,32,14,18,1494.4
20110006473000,35,19,16,1295
20110006477000,2,1,1,0
20110006478000,41,18,23,1410.4
20110006484000,91,46,45,3876.6
20110006489000,12,8,4,430.8
20110006490000,56,29,27,2609.6
20110006491000,518,272,246,23465.4
20110006492000,917,471,446,39522.7
20110006493000,85,43,42,3646.5
20110006495000,25,12,13,1215
20110006496000,23,13,10,1046.5
20110006498000,9,5,4,483.3
20110006499000,17,13,4,1062.5
20110006500000,22,11,11,1012
20110006501000,1,1,0,0
20110006504000,47,25,22,2288.9
20110006531000,1,1,0,0
20110006532000,3,2,1,0
20110006593000,3,1,2,0
20110006608000,1,0,1,0
20110006622000,4,3,1,0
20110006633000,14,8,6,659.4
20110006636000,6,4,2,378
20110006643000,157,79,78,5495
20110006644000,123,62,61,5043
20110006645000,16,8,8,712
20110006695000,9,5,4,358.2
20110006711000,9,5,4,473.4
20110006713000,42,23,19,1503.6
20110006715000,21,11,10,938.7
20110006717000,15,9,6,823.5
20110006718000,29,13,16,1194.8
20110006725000,181,97,84,6570.3
20110006726000,19,8,11,638.4
20110006771000,7,4,3,382.9
20110006780000,5,2,3,195
20110006781000,26,13,13,1424.8
20110006782000,14,11,3,511
20110006804000,13,8,5,557.7
20110006814000,29,16,13,997.6
20110006815000,156,86,70,7269.6
20110006825000,3,1,2,0
20110006833000,5,4,1,210
20110006834000,22,11,11,899.8
20110006846000,16,10,6,811.2
20110006847000,745,408,337,27416
20110006848000,126,61,65,4977
20110006849000,39,17,22,1532.7
20110006850000,3,1,2,0
20110006851000,8,3,5,268
20110006852000,16,9,7,652.8
20110006853000,11,7,4,497.2
20110006854000,2,1,1,0
20110006855000,11,6,5,371.8
20110006856000,11,6,5,551.1
20110006857000,54,30,24,2462.4
20110006858000,57,35,22,2200.2
20110006859000,61,28,33,2311.9
20110006860000,24,10,14,1012.8
20110006861000,29,17,12,1029.5
20110006869000,6,4,2,298.2
20110006891000,17,8,9,578
20110006899000,22,11,11,913
20110006900000,21,12,9,1016.4
20110006909000,4,2,2,0
20110006914000,7,5,2,310.1
20110006915000,50,24,26,1960
20110006916000,2,1,1,0
20110006917000,22,11,11,1163.8
20110006921000,28,17,11,1425.2
20110006931000,132,67,65,6164.4
20110006932000,203,101,102,9135
20110006933000,64,31,33,2265.6
20110006935000,8,6,2,267.2
20110006936000,125,66,59,5662.5
20110006938000,42,25,17,1759.8
20110006939000,72,38,34,2901.6
20110006940000,4,2,2,0
20110006941000,7,4,3,338.1
20110006950000,81,45,36,4001.4
20120006466000,26,15,11,1133.6
20120006467000,44,22,22,1733.6
20120006468000,32,16,16,1491.2
20120006469000,50,24,26,1455
20120006470000,345,180,165,11833.5
20120006471000,9,6,3,262.8
20120006473000,16,9,7,585.6
20120006477000,1,0,1,0
20120006478000,6,3,3,256.8
20120006484000,2,1,1,0
20120006488000,2,1,1,0
20120006489000,44,22,22,1839.2
20120006490000,554,287,267,15955.2
20120006491000,1032,512,520,45098.4
20120006492000,1326,664,662,52774.8
20120006493000,496,251,245,20038.4
20120006494000,82,45,37,3304.6
20120006495000,91,47,44,3958.5
20120006497000,45,27,18,1966.5
20120006498000,27,13,14,1312.2
20120006504000,66,37,29,2587.2
20120006505000,14,9,5,603.4
20120006603000,4,2,2,0
20120006622000,15,7,8,811.5
20120006632000,21,9,12,989.1
20120006633000,1,1,0,0
20120006643000,96,48,48,4828.8
20120006644000,120,57,63,5436
20120006667000,4,3,1,0
20120006714000,1,0,1,0
20120006715000,23,11,12,1078.7
20120006716000,80,41,39,3272
20120006717000,119,61,58,5021.8
20120006718000,101,59,42,4716.7
20120006719000,30,15,15,1167
20120006720000,6,3,3,165
20120006724000,32,16,16,1017.6
20120006725000,588,298,290,22402.8
20120006726000,212,110,102,8564.8
20120006727000,5,2,3,246
20120006771000,11,4,7,500.5
20120006772000,4,2,2,0
20120006810000,2,1,1,0
20120006814000,14,7,7,446.6
20120006815000,91,50,41,3858.4
20120006833000,5,3,2,280
20120006834000,17,7,10,770.1
20120006835000,18,12,6,680.4
20120006846000,234,120,114,7558.2
20120006847000,1821,932,889,66466.5
20120006848000,581,287,294,22600.9
20120006849000,281,148,133,9891.2
20120006851000,44,26,18,1500.4
20120006855000,13,9,4,451.1
20120006859000,4,1,3,0
20120006860000,36,17,19,1422
20120006861000,1,1,0,0
20120006870000,7,3,4,282.8
20120006891000,15,8,7,564
20120006892000,4,2,2,0
20120006895000,19,9,10,1014.6
20120006913000,12,4,8,399.6
20120006921000,19,10,9,989.9
20120006928000,4,2,2,0
20120006930000,19,12,7,917.7
20120006934000,21,12,9,955.5
20120006935000,47,22,25,2039.8
20120006936000,32,17,15,1257.6
20120006938000,181,92,89,8126.9
20120006942000,3,1,2,0
20120006947000,70,31,39,2184
20120006950000,145,80,65,6525
20130006466000,3,2,1,0
20130006468000,37,18,19,1424.5
20130006469000,152,73,79,4788
20130006470000,131,72,59,4375.4
20130006471000,47,22,25,1607.4
20130006472000,19,11,8,613.7
20130006473000,19,7,12,632.7
20130006478000,1,1,0,0
20130006491000,128,67,61,5209.6
20130006492000,219,118,101,9110.4
20130006493000,88,45,43,4364.8
20130006494000,18,9,9,714.6
20130006497000,13,6,7,442
20130006499000,2,1,1,0
20130006504000,38,20,18,1413.6
20130006505000,304,157,147,11886.4
20130006506000,186,99,87,7235.4
20130006508000,3,3,0,0
20130006604000,1,0,1,0
20130006607000,31,15,16,1122.2
20130006622000,34,16,18,1448.4
20130006629000,2,1,1,0
20130006632000,1,0,1,0
20130006639000,9,4,5,252.9
20130006642000,6,3,3,304.2
20130006643000,15,7,8,826.5
20130006644000,803,408,395,37741
20130006645000,75,45,30,3322.5
20130006646000,119,66,53,4867.1
20130006647000,2,1,1,0
20130006698000,2,1,1,0
20130006708000,10,4,6,426
20130006709000,2,1,1,0
20130006710000,38,20,18,1489.6
20130006711000,3,2,1,0
20130006715000,12,6,6,471.6
20130006716000,6,5,1,258
20130006717000,63,32,31,2097.9
20130006718000,1,1,0,0
20130006722000,137,80,57,5658.1
20130006723000,42,22,20,1839.6
20130006724000,146,69,77,6278
20130006725000,896,433,463,42112
20130006726000,100,52,48,3790
20130006727000,14,7,7,639.8
20130006756000,16,7,9,841.6
20130006757000,19,11,8,801.8
20130006759000,1,1,0,0
20130006773000,4,2,2,0
20130006814000,138,72,66,6361.8
20130006815000,36,21,15,1872
20130006833000,11,6,5,342.1
20130006841000,16,10,6,472
20130006843000,10,6,4,268
20130006846000,117,57,60,3989.7
20130006847000,1044,505,539,49172.4
20130006848000,674,342,332,26555.6
20130006851000,2,1,1,0
20130006855000,4,3,1,0
20130006860000,9,4,5,420.3
20130006861000,56,28,28,2021.6
20130006870000,2,1,1,0
20130006872000,5,3,2,356
20130006893000,6,5,1,169.8
20130006894000,7,3,4,422.1
20130006895000,1,1,0,0
20130006899000,10,5,5,569
20130006921000,5,2,3,172
20130006927000,1,1,0,0
20130006928000,11,5,6,639.1
20130006930000,50,22,28,2295
20130006931000,1,0,1,0
20130006933000,15,7,8,673.5
20130006934000,78,40,38,3026.4
20130006935000,47,28,19,2373.5
20130006942000,30,14,16,1371
20130006947000,203,98,105,8526
20130006948000,15,10,5,615
20140006465000,1,0,1,0
20140006466000,39,16,23,1719.9
20140006467000,36,20,16,1414.8
20140006468000,67,34,33,2043.5
20140006469000,59,31,28,2188.9
20140006470000,13,9,4,569.4
20140006471000,38,22,16,1231.2
20140006480000,1,0,1,0
20140006490000,16,10,6,812.8
20140006491000,29,14,15,954.1
20140006493000,1,0,1,0
20140006494000,15,4,11,682.5
20140006495000,11,5,6,552.2
20140006499000,21,10,11,1087.8
20140006505000,14,6,8,477.4
20140006506000,91,46,45,3066.7
20140006509000,4,2,2,0
20140006510000,5,3,2,348
20140006512000,5,4,1,113
20140006514000,2,1,1,0
20140006607000,46,25,21,1623.8
20140006608000,26,14,12,1250.6
20140006609000,4,1,3,0
20140006610000,1,1,0,0
20140006612000,5,3,2,149
20140006613000,10,5,5,548
20140006622000,12,8,4,429.6
20140006623000,16,9,7,726.4
20140006626000,3,2,1,0
20140006629000,1,0,1,0
20140006632000,6,3,3,205.8
20140006643000,218,103,115,9417.6
20140006644000,914,460,454,36011.6
20140006645000,176,94,82,6987.2
20140006646000,42,21,21,1440.6
20140006648000,1,1,0,0
20140006649000,2,1,1,0
20140006699000,14,10,4,544.6
20140006711000,29,11,18,1055.6
20140006712000,9,3,6,299.7
20140006720000,20,10,10,840
20140006722000,215,106,109,8320.5
20140006723000,3,1,2,0
20140006724000,85,42,43,3553
20140006725000,29,19,10,1258.6
20140006726000,17,10,7,703.8
20140006727000,60,28,32,1884
20140006755000,3,2,1,0
20140006756000,87,46,41,4210.8
20140006757000,10,6,4,405
20140006758000,5,3,2,162
20140006760000,2,1,1,0
20140006770000,2,1,1,0
20140006772000,3,2,1,0
20140006773000,1,1,0,0
20140006783000,1,1,0,0
20140006784000,1,1,0,0
20140006814000,35,19,16,1739.5
20140006815000,188,100,88,7520
20140006832000,1,0,1,0
20140006833000,3,2,1,0
20140006834000,8,4,4,380.8
20140006840000,1,0,1,0
20140006842000,32,18,14,934.4
20140006846000,162,81,81,5200.2
20140006847000,662,330,332,25156
20140006848000,101,56,45,4181.4
20140006856000,2,1,1,0
20140006861000,32,16,16,1337.6
20140006868000,13,6,7,673.4
20140006869000,23,14,9,892.4
20140006872000,10,5,5,450
20140006896000,1,0,1,0
20140006897000,4,2,2,0
20140006899000,7,4,3,228.9
20140006904000,4,1,3,0
20140006914000,7,4,3,450.8
20140006921000,43,23,20,1947.9
20140006922000,45,20,25,1989
20140006923000,31,16,15,1559.3
20140006924000,23,10,13,1039.6
20140006925000,22,11,11,1438.8
20140006926000,9,5,4,505.8
20140006927000,1,1,0,0
20140006930000,17,11,6,868.7
20140006931000,19,12,7,737.2
20140006933000,47,26,21,2105.6
20140006934000,141,73,68,5484.9
20140006941000,93,50,43,3673.5
20140006942000,165,88,77,7078.5
20140006945000,3,2,1,0
20140006946000,12,6,6,525.6
20140006947000,153,81,72,6135.3
20140006948000,209,112,97,8130.1
20150006466000,1,1,0,0
20150006467000,62,33,29,2455.2
20150006468000,774,386,388,30727.8
20150006469000,256,136,120,11136
20150006470000,34,21,13,1404.2
20150006480000,2,1,1,0
20150006482000,3,1,2,0
20150006486000,4,3,1,0
20150006488000,5,3,2,271
20150006489000,22,11,11,717.2
20150006490000,2,1,1,0
20150006491000,4,2,2,0
20150006495000,25,15,10,1372.5
20150006499000,20,8,12,712
20150006500000,4,2,2,0
20150006507000,2,1,1,0
20150006515000,6,4,2,310.8
20150006522000,2,1,1,0
20150006613000,11,6,5,665.5
20150006622000,16,7,9,627.2
20150006623000,35,17,18,1956.5
20150006624000,1,1,0,0
20150006633000,8,4,4,315.2
20150006643000,4,4,0,0
20150006644000,359,172,187,14144.6
20150006645000,529,260,269,21530.3
20150006696000,65,32,33,2528.5
20150006712000,3,1,2,0
20150006720000,32,15,17,1248
20150006721000,21,11,10,1075.2
20150006722000,35,13,22,1540
20150006724000,28,13,15,862.4
20150006725000,294,150,144,11348.4
20150006726000,504,251,253,20613.6
20150006727000,445,229,216,18378.5
20150006728000,36,18,18,1141.2
20150006756000,132,71,61,4712.4
20150006759000,1,0,1,0
20150006760000,1,1,0,0
20150006762000,1,1,0,0
20150006770000,1,1,0,0
20150006771000,2,1,1,0
20150006815000,9,3,6,569.7
20150006832000,1,1,0,0
20150006833000,13,5,8,591.5
20150006842000,57,26,31,2411.1
20150006844000,109,51,58,3575.2
20150006845000,178,97,81,6781.8
20150006846000,56,32,24,2363.2
20150006847000,1424,685,739,46707.2
20150006848000,563,274,289,21225.1
20150006858000,5,3,2,117
20150006861000,45,23,22,1935
20150006873000,13,9,4,717.6
20150006874000,2,1,1,0
20150006894000,10,6,4,489
20150006897000,3,2,1,0
20150006899000,82,46,36,3370.2
20150006900000,15,7,8,645
20150006915000,17,8,9,496.4
20150006920000,11,6,5,600.6
20150006921000,26,14,12,1216.8
20150006923000,6,4,2,270
20150006928000,4,3,1,0
20150006930000,1,1,0,0
20150006933000,53,26,27,2491
20150006934000,40,26,14,1660
20150006941000,39,21,18,1602.9
20150006942000,143,77,66,5648.5
20150006945000,506,252,254,17305.2
20150006946000,166,82,84,6557
20150006947000,377,192,185,15871.7
20150006949000,5,2,3,139
20160006467000,195,101,94,7663.5
20160006468000,859,408,451,36593.4
20160006469000,85,40,45,2992
20160006470000,20,11,9,746
20160006471000,8,5,3,330.4
20160006479000,3,1,2,0
20160006480000,1,1,0,0
20160006481000,2,1,1,0
20160006482000,2,1,1,0
20160006490000,3,2,1,0
20160006491000,5,4,1,140
20160006492000,19,8,11,872.1
20160006495000,3,2,1,0
20160006498000,3,2,1,0
20160006499000,9,2,7,315.9
20160006502000,14,4,10,401.8
20160006507000,1,0,1,0
20160006510000,2,1,1,0
20160006511000,1,1,0,0
20160006517000,1,1,0,0
20160006522000,5,4,1,170
20160006523000,7,5,2,249.9
20160006526000,2,1,1,0
20160006532000,6,2,4,88.2
20160006533000,10,2,8,250
20160006618000,1,1,0,0
20160006624000,5,3,2,180
20160006625000,43,19,24,1474.9
20160006644000,11,8,3,543.4
20160006645000,80,36,44,3224
20160006646000,3,2,1,0
20160006667000,4,3,1,0
20160006696000,2,1,1,0
20160006713000,104,50,54,3827.2
20160006714000,54,23,31,2392.2
20160006715000,44,23,21,2270.4
20160006720000,11,5,6,418
20160006721000,15,5,10,618
20160006726000,204,102,102,8506.8
20160006727000,323,158,165,15148.7
20160006728000,8,5,3,316.8
20160006729000,47,27,20,1710.8
20160006752000,2,1,1,0
20160006753000,2,1,1,0
20160006756000,20,12,8,756
20160006764000,1,1,0,0
20160006765000,2,2,0,0
20160006808000,7,4,3,403.2
20160006809000,2,1,1,0
20160006815000,14,10,4,613.2
20160006816000,20,9,11,848
20160006832000,15,6,9,576
20160006833000,6,3,3,406.8
20160006842000,36,23,13,1328.4
20160006843000,2,1,1,0
20160006844000,47,28,19,1522.8
20160006845000,31,14,17,1274.1
20160006846000,127,62,65,4927.6
20160006847000,893,438,455,33755.4
20160006848000,448,214,234,15411.2
20160006860000,23,12,11,830.3
20160006861000,4,2,2,0
20160006894000,2,1,1,0
20160006896000,2,2,0,0
20160006897000,9,4,5,393.3
20160006899000,62,35,27,2442.8
20160006900000,40,24,16,1568
20160006901000,11,5,6,467.5
20160006902000,12,8,4,423.6
20160006918000,36,20,16,1821.6
20160006919000,21,13,8,945
20160006920000,2,1,1,0
20160006921000,9,4,5,518.4
20160006923000,12,8,4,668.4
20160006924000,1,0,1,0
20160006925000,1,1,0,0
20160006927000,9,3,6,487.8
20160006928000,4,2,2,0
20160006931000,3,2,1,0
20160006932000,7,3,4,308
20160006933000,35,20,15,1652
20160006942000,63,37,26,2457
20160006944000,5,2,3,242
20160006945000,680,329,351,32368
20160006946000,409,193,216,15460.2
20160006947000,467,260,207,19567.3
20160006949000,123,62,61,5817.9
20160006952000,15,10,5,537
20160006954000,19,10,9,1119.1
20170006465000,15,7,8,1006.5
20170006466000,9,4,5,360.9
20170006467000,111,60,51,5305.8
20170006468000,1019,508,511,44428.4
20170006471000,7,3,4,168.7
20170006475000,13,8,5,516.1
20170006478000,3,1,2,0
20170006491000,4,2,2,0
20170006500000,8,4,4,276
20170006501000,3,2,1,0
20170006503000,2,2,0,0
20170006504000,14,9,5,543.2
20170006523000,4,3,1,0
20170006624000,43,19,24,1470.6
20170006625000,12,6,6,367.2
20170006631000,4,2,2,0
20170006645000,8,4,4,310.4
20170006700000,1,1,0,0
20170006701000,26,16,10,1339
20170006714000,217,108,109,9916.9
20170006715000,2,1,1,0
20170006725000,12,6,6,428.4
20170006726000,299,147,152,10494.9
20170006727000,7,3,4,287
20170006729000,41,18,23,1582.6
20170006730000,5,3,2,207
20170006737000,1,1,0,0
20170006751000,18,12,6,655.2
20170006753000,3,2,1,0
20170006754000,3,2,1,0
20170006755000,1,1,0,0
20170006756000,2,2,0,0
20170006765000,6,4,2,250.2
20170006771000,8,5,3,322.4
20170006772000,5,2,3,220
20170006832000,7,3,4,319.2
20170006842000,3,2,1,0
20170006843000,62,34,28,2070.8
20170006844000,474,240,234,13082.4
20170006848000,29,15,14,1241.2
20170006849000,14,6,8,533.4
20170006860000,21,11,10,837.9
20170006893000,4,1,3,0
20170006894000,5,3,2,202
20170006897000,18,10,8,792
20170006899000,215,108,107,8170
20170006908000,1,0,1,0
20170006915000,2,1,1,0
20170006917000,46,25,21,2162
20170006918000,168,76,92,8920.8
20170006919000,16,7,9,558.4
20170006920000,42,24,18,2146.2
20170006921000,2,1,1,0
20170006927000,17,9,8,877.2
20170006933000,11,7,4,517
20170006942000,28,11,17,806.4
20170006943000,10,6,4,476
20170006945000,129,64,65,5095.5
20170006946000,754,368,386,29858.4
20170006949000,72,38,34,3636
20170006950000,9,4,5,275.4
20170006952000,20,11,9,1072
20170006953000,19,7,12,1065.9
20180006466000,1,0,1,0
20180006468000,27,14,13,1304.1
20180006475000,26,10,16,1151.8
20180006478000,16,6,10,811.2
20180006479000,24,11,13,686.4
20180006480000,1,1,0,0
20180006481000,12,6,6,560.4
20180006483000,3,2,1,0
20180006484000,5,3,2,137
20180006488000,8,4,4,298.4
20180006497000,8,5,3,242.4
20180006500000,3,2,1,0
20180006506000,20,9,11,826
20180006624000,16,9,7,568
20180006625000,264,125,139,10348.8
20180006633000,3,1,2,0
20180006645000,8,3,5,331.2
20180006646000,11,6,5,434.5
20180006668000,7,2,5,517.3
20180006697000,22,11,11,833.8
20180006717000,11,5,6,576.4
20180006725000,68,41,27,2815.2
20180006726000,17,11,6,671.5
20180006729000,12,6,6,621.6
20180006730000,29,13,16,1015
20180006750000,6,4,2,135
20180006751000,13,6,7,382.2
20180006752000,15,8,7,759
20180006754000,9,2,7,387.9
20180006757000,3,1,2,0
20180006765000,45,25,20,1818
20180006766000,11,6,5,517
20180006807000,2,1,1,0
20180006832000,3,2,1,0
20180006842000,24,12,12,739.2
20180006843000,11,7,4,375.1
20180006844000,293,155,138,8995.1
20180006845000,4,2,2,0
20180006848000,11,4,7,281.6
20180006849000,40,23,17,1668
20180006850000,1,0,1,0
20180006860000,22,14,8,1016.4
20180006861000,17,8,9,739.5
20180006878000,22,12,10,869
20180006898000,13,7,6,568.1
20180006899000,65,38,27,2814.5
20180006900000,1,1,0,0
20180006918000,29,15,14,1421
20180006919000,154,78,76,6760.6
20180006927000,10,5,5,575
20180006928000,6,3,3,282
20180006931000,6,2,4,216
20180006933000,14,8,6,592.2
20180006943000,52,25,27,2402.4
20180006944000,16,10,6,540.8
20180006945000,41,23,18,1869.6
20180006946000,217,116,101,7529.9
20180006947000,157,75,82,6499.8
20180006948000,115,61,54,4749.5
20180006949000,76,31,45,3587.2
20180006950000,86,45,41,3835.6
20180006953000,34,14,20,1689.8
20180006954000,1,1,0,0
20190006468000,80,40,40,3072
20190006469000,10,5,5,737
20190006472000,6,4,2,394.8
20190006473000,2,2,0,0
20190006474000,2,1,1,0
20190006478000,6,2,4,217.2
20190006480000,2,0,2,0
20190006484000,2,2,0,0
20190006487000,3,2,1,0
20190006488000,13,6,7,689
20190006489000,9,4,5,477
20190006493000,4,1,3,0
20190006497000,1,1,0,0
20190006499000,8,5,3,216
20190006500000,2,2,0,0
20190006502000,9,6,3,412.2
20190006503000,4,3,1,0
20190006515000,2,0,2,0
20190006518000,21,14,7,730.8
20190006519000,27,13,14,963.9
20190006520000,8,3,5,322.4
20190006523000,32,17,15,1561.6
20190006524000,17,9,8,482.8
20190006525000,3,1,2,0
20190006532000,159,71,88,5294.7
20190006533000,6,4,2,166.2
20190006613000,4,2,2,0
20190006624000,5,3,2,112
20190006625000,86,40,46,4257
20190006633000,4,2,2,0
20190006668000,7,2,5,354.2
20190006669000,7,3,4,221.2
20190006697000,7,2,5,231.7
20190006714000,15,9,6,724.5
20190006716000,14,8,6,760.2
20190006717000,43,25,18,1646.9
20190006723000,1,0,1,0
20190006725000,37,17,20,1587.3
20190006726000,27,14,13,988.2
20190006727000,57,30,27,2126.1
20190006728000,28,14,14,1313.2
20190006729000,42,23,19,1150.8
20190006752000,5,3,2,147
20190006753000,26,15,11,1047.8
20190006754000,3,1,2,0
20190006757000,4,2,2,0
20190006765000,5,3,2,176
20190006772000,13,8,5,322.4
20190006773000,8,6,2,356.8
20190006807000,1,0,1,0
20190006808000,4,1,3,0
20190006831000,4,2,2,0
20190006841000,3,2,1,0
20190006842000,5,2,3,133
20190006843000,15,9,6,739.5
20190006844000,20,11,9,854
20190006845000,18,9,9,806.4
20190006847000,1,1,0,0
20190006849000,4,2,2,0
20190006850000,28,13,15,1055.6
20190006860000,19,10,9,657.4
20190006870000,19,9,10,729.6
20190006878000,11,7,4,474.1
20190006898000,16,6,10,558.4
20190006899000,6,3,3,349.2
20190006900000,10,5,5,486
20190006901000,25,11,14,1177.5
20190006918000,19,12,7,1033.6
20190006927000,14,8,6,733.6
20190006928000,69,35,34,3201.6
20190006941000,60,33,27,2094
20190006942000,19,10,9,870.2
20190006943000,7,5,2,277.9
20190006944000,66,34,32,2574
20190006945000,201,102,99,7175.7
20190006946000,21,14,7,984.9
20190006947000,259,129,130,9375.8
20190006949000,6,2,4,277.8
20200006467000,34,19,15,1632
20200006468000,5,2,3,287
20200006469000,6,2,4,414
20200006471000,3,2,1,0
20200006472000,1,1,0,0
20200006473000,20,10,10,582
20200006479000,3,2,1,0
20200006484000,2,1,1,0
20200006486000,19,9,10,737.2
20200006487000,252,130,122,10080
20200006488000,203,107,96,8708.7
20200006489000,10,6,4,427
20200006494000,2,1,1,0
20200006497000,8,6,2,386.4
20200006501000,5,3,2,103
20200006514000,1,1,0,0
20200006515000,11,7,4,558.8
20200006524000,62,33,29,2194.8
20200006525000,6,3,3,435
20200006531000,56,31,25,1853.6
20200006532000,543,280,263,23892
20200006533000,91,39,52,3603.6
20200006534000,8,6,2,176.8
20200006535000,2,1,1,0
20200006624000,13,7,6,507
20200006625000,166,82,84,7088.2
20200006668000,22,12,10,985.6
20200006714000,10,8,2,469
20200006717000,4,3,1,0
20200006725000,5,4,1,203
20200006726000,9,5,4,369.9
20200006727000,64,30,34,2470.4
20200006752000,38,21,17,1349
20200006753000,12,5,7,434.4
20200006754000,2,1,1,0
20200006755000,5,3,2,164
20200006774000,4,1,3,0
20200006812000,1,1,0,0
20200006819000,75,41,34,2940
20200006831000,2,1,1,0
20200006843000,24,14,10,1123.2
20200006844000,4,3,1,0
20200006849000,2,1,1,0
20200006850000,37,21,16,910.2
20200006851000,99,55,44,3336.3
20200006852000,2,1,1,0
20200006860000,19,9,10,725.8
20200006861000,15,7,8,808.5
20200006862000,1,1,0,0
20200006869000,11,6,5,408.1
20200006870000,5,2,3,140
20200006872000,23,12,11,853.3
20200006873000,9,5,4,434.7
20200006896000,4,3,1,0
20200006898000,44,19,25,1808.4
20200006899000,4,2,2,0
20200006900000,6,5,1,154.8
20200006901000,21,8,13,963.9
20200006908000,10,5,5,471
20200006916000,1,1,0,0
20200006917000,6,3,3,403.8
20200006918000,4,1,3,0
20200006927000,5,2,3,310
20200006928000,22,10,12,1221
20200006933000,2,2,0,0
20200006935000,11,6,5,353.1
20200006939000,76,41,35,3754.4
20200006940000,125,61,64,5250
20200006941000,167,87,80,6696.7
20200006942000,155,91,64,5704
20200006944000,104,58,46,3900
20200006945000,59,25,34,2507.5
20200006946000,36,17,19,1580.4
20200006948000,66,37,29,2626.8
20210006464000,2,1,1,0
20210006466000,11,5,6,397.1
20210006467000,10,6,4,379
20210006468000,37,21,16,1232.1
20210006469000,18,9,9,559.8
20210006472000,5,2,3,243
20210006480000,4,2,2,0
20210006483000,7,5,2,354.9
20210006485000,11,5,6,370.7
20210006486000,1,1,0,0
20210006488000,60,30,30,2202
20210006489000,14,7,7,702.8
20210006490000,1,1,0,0
20210006492000,8,3,5,260.8
20210006494000,5,3,2,143
20210006495000,4,3,1,0
20210006496000,11,5,6,488.4
20210006498000,18,11,7,851.4
20210006499000,2,2,0,0
20210006500000,2,1,1,0
20210006501000,2,1,1,0
20210006502000,3,2,1,0
20210006504000,16,6,10,622.4
20210006507000,4,2,2,0
20210006508000,1,0,1,0
20210006509000,10,6,4,237
20210006510000,9,5,4,415.8
20210006512000,5,3,2,220
20210006532000,8,3,5,178.4
20210006533000,52,25,27,1892.8
20210006534000,9,6,3,242.1
20210006535000,27,15,12,1090.8
20210006536000,6,0,6,253.8
20210006538000,16,8,8,665.6
20210006576000,3,2,1,0
20210006624000,5,2,3,120
20210006625000,11,5,6,567.6
20210006626000,7,3,4,408.8
20210006668000,8,5,3,344
20210006714000,15,8,7,562.5
20210006715000,10,7,3,406
20210006717000,18,8,10,714.6
20210006718000,4,2,2,0
20210006753000,25,11,14,910
20210006754000,33,17,16,1597.2
20210006755000,8,5,3,364
20210006775000,2,2,0,0
20210006813000,2,1,1,0
20210006819000,515,249,266,20806
20210006820000,658,343,315,26649
20210006831000,4,2,2,0
20210006843000,16,5,11,873.6
20210006844000,2,2,0,0
20210006845000,22,13,9,1034
20210006850000,2,1,1,0
20210006851000,30,18,12,870
20210006852000,10,7,3,420
20210006853000,11,5,6,360.8
20210006859000,2,1,1,0
20210006860000,3,2,1,0
20210006861000,17,9,8,654.5
20210006869000,13,5,8,449.8
20210006877000,24,16,8,1123.2
20210006878000,111,63,48,5372.4
20210006896000,32,17,15,1244.8
20210006898000,80,38,42,2392
20210006899000,67,34,33,2974.8
20210006900000,6,4,2,121.2
20210006908000,14,8,6,869.4
20210006909000,10,7,3,585
20210006915000,3,2,1,0
20210006916000,12,6,6,673.2
20210006928000,31,17,14,1531.4
20210006934000,61,35,26,1701.9
20210006935000,54,25,29,1954.8
20210006939000,24,10,14,748.8
20210006940000,11,7,4,566.5
20210006942000,15,8,7,640.5
20210006944000,5,4,1,259
20210006946000,31,15,16,1119.1
20210006947000,101,47,54,4231.9
20210006948000,71,35,36,3266
20220006466000,9,4,5,600.3
20220006467000,7,4,3,469
20220006468000,69,35,34,2304.6
20220006469000,23,13,10,1294.9
20220006470000,8,4,4,275.2
20220006479000,8,5,3,430.4
20220006483000,6,4,2,370.2
20220006485000,2,1,1,0
20220006488000,5,2,3,273
20220006489000,14,9,5,726.6
20220006495000,1,1,0,0
20220006499000,1,1,0,0
20220006503000,1,1,0,0
20220006504000,14,6,8,558.6
20220006505000,7,3,4,459.2
20220006507000,8,4,4,128.8
20220006508000,4,2,2,0
20220006510000,1,1,0,0
20220006529000,13,7,6,475.8
20220006534000,64,30,34,2348.8
20220006538000,13,5,8,464.1
20220006549000,9,4,5,489.6
20220006576000,1,1,0,0
20220006577000,1,1,0,0
20220006626000,1,1,0,0
20220006647000,21,10,11,879.9
20220006713000,6,3,3,247.2
20220006714000,7,4,3,219.1
20220006753000,18,11,7,874.8
20220006754000,47,25,22,1645
20220006755000,5,3,2,86
20220006806000,23,12,11,1005.1
20220006807000,12,8,4,690
20220006819000,17,11,6,537.2
20220006820000,413,212,201,17469.9
20220006821000,4,1,3,0
20220006831000,3,1,2,0
20220006832000,15,8,7,546
20220006846000,17,10,7,691.9
20220006847000,41,20,21,1590.8
20220006853000,4,3,1,0
20220006860000,9,4,5,280.8
20220006861000,22,10,12,853.6
20220006862000,2,1,1,0
20220006863000,5,3,2,148
20220006869000,11,7,4,422.4
20220006879000,37,19,18,1653.9
20220006894000,3,1,2,0
20220006896000,8,4,4,268
20220006898000,116,59,57,5057.6
20220006899000,108,56,52,4006.8
20220006900000,63,30,33,2129.4
20220006901000,47,26,21,1847.1
20220006907000,1,0,1,0
20220006908000,28,12,16,1330
20220006910000,1,0,1,0
20220006915000,11,8,3,376.2
20220006928000,30,16,14,1401
20220006929000,13,6,7,526.5
20220006930000,1,1,0,0
20220006932000,44,21,23,1892
20220006933000,29,14,15,1194.8
20220006934000,55,32,23,2568.5
20220006935000,146,77,69,5854.6
20220006936000,71,38,33,3109.8
20220006938000,12,7,5,331.2
20220006939000,48,25,23,2092.8
20220006940000,21,8,13,928.2
20220006948000,5,4,1,102
20230006467000,17,10,7,493
20230006468000,10,7,3,475
20230006469000,17,9,8,606.9
20230006470000,15,9,6,474
20230006479000,22,10,12,803
20230006485000,4,2,2,0
20230006488000,4,3,1,0
20230006489000,1,0,1,0
20230006499000,91,45,46,2975.7
20230006500000,49,26,23,2107
20230006502000,44,27,17,1760
20230006503000,14,6,8,596.4
20230006504000,23,10,13,1159.2
20230006505000,2,1,1,0
20230006506000,2,1,1,0
20230006509000,2,1,1,0
20230006510000,3,1,2,0
20230006534000,19,9,10,725.8
20230006539000,13,7,6,527.8
20230006542000,6,5,1,372
20230006576000,5,3,2,334
20230006626000,3,1,2,0
20230006647000,22,9,13,1188
20230006648000,4,1,3,0
20230006669000,1,0,1,0
20230006670000,1,1,0,0
20230006713000,7,4,3,270.9
20230006714000,7,3,4,205.8
20230006720000,5,3,2,192
20230006751000,4,3,1,0
20230006752000,141,65,76,4413.3
20230006753000,37,17,20,1387.5
20230006807000,5,4,1,344
20230006808000,4,3,1,0
20230006820000,240,124,116,9288
20230006821000,176,92,84,6336
20230006833000,7,4,3,361.2
20230006842000,9,4,5,330.3
20230006843000,65,33,32,1716
20230006847000,35,21,14,1190
20230006853000,2,2,0,0
20230006854000,39,24,15,1758.9
20230006861000,13,6,7,530.4
20230006862000,3,2,1,0
20230006869000,2,1,1,0
20230006891000,2,1,1,0
20230006894000,6,0,6,277.8
20230006896000,2,1,1,0
20230006898000,75,45,30,3105
20230006899000,31,18,13,1041.6
20230006900000,6,3,3,208.8
20230006901000,34,14,20,1635.4
20230006902000,18,10,8,1024.2
20230006929000,10,4,6,384
20230006933000,43,25,18,1285.7
20230006934000,53,28,25,2204.8
20230006935000,5,3,2,259
20230006936000,23,9,14,1115.5
20230006937000,72,39,33,3045.6
20230006938000,7,4,3,450.8
20230006939000,208,95,113,10275.2
20230006940000,8,5,3,404.8
20230006941000,4,2,2,0
20230006943000,25,14,11,1000
20230006944000,12,6,6,399.6
20240006466000,2,1,1,0
20240006468000,4,3,1,0
20240006469000,36,19,17,1144.8
20240006470000,15,8,7,787.5
20240006473000,2,1,1,0
20240006478000,2,1,1,0
20240006480000,2,2,0,0
20240006482000,6,4,2,205.8
20240006483000,4,2,2,0
20240006487000,8,4,4,346.4
20240006488000,7,4,3,312.9
20240006496000,2,1,1,0
20240006499000,13,7,6,457.6
20240006503000,2,2,0,0
20240006504000,5,3,2,179
20240006505000,29,15,14,1154.2
20240006506000,2,1,1,0
20240006540000,17,8,9,642.6
20240006541000,6,5,1,246
20240006547000,10,4,6,468
20240006548000,6,4,2,358.2
20240006550000,3,2,1,0
20240006551000,10,5,5,437
20240006626000,3,1,2,0
20240006713000,43,23,20,1651.2
20240006720000,43,23,20,2214.5
20240006721000,7,4,3,179.2
20240006722000,5,4,1,145
20240006751000,38,23,15,1364.2
20240006752000,3,2,1,0
20240006753000,19,11,8,910.1
20240006775000,4,2,2,0
20240006821000,26,12,14,910
20240006832000,2,2,0,0
20240006833000,32,16,16,1193.6
20240006842000,16,7,9,652.8
20240006843000,6,4,2,220.8
20240006847000,15,8,7,565.5
20240006848000,151,85,66,5028.3
20240006849000,85,37,48,3655
20240006850000,9,4,5,333
20240006854000,41,21,20,1365.3
20240006855000,12,5,7,387.6
20240006896000,15,7,8,645
20240006898000,14,8,6,719.6
20240006902000,34,17,17,1196.8
20240006911000,5,2,3,284
20240006929000,4,1,3,0
20240006937000,19,8,11,828.4
20240006938000,20,13,7,868
20240006939000,177,96,81,6354.3
20240006941000,28,14,14,1066.8
20240006942000,4,2,2,0
20240006943000,36,22,14,1425.6
20240006944000,209,98,111,6688
20240006946000,1,1,0,0
20250006463000,7,4,3,343.7
20250006464000,6,2,4,277.2
20250006465000,2,1,1,0
20250006466000,6,2,4,343.2
20250006467000,8,4,4,576
20250006468000,8,3,5,416
20250006469000,49,29,20,1670.9
20250006470000,12,8,4,310.8
20250006485000,2,2,0,0
20250006488000,84,45,39,3150
20250006489000,97,47,50,3414.4
20250006511000,1,0,1,0
20250006540000,1,1,0,0
20250006541000,5,3,2,262
20250006548000,2,2,0,0
20250006551000,5,3,2,355
20250006552000,11,8,3,377.3
20250006671000,5,1,4,120
20250006687000,5,2,3,114
20250006720000,96,50,46,4905.6
20250006721000,32,17,15,1331.2
20250006728000,16,8,8,705.6
20250006729000,8,4,4,214.4
20250006751000,25,14,11,1187.5
20250006752000,72,38,34,2296.8
20250006753000,65,33,32,2561
20250006754000,13,5,8,435.5
20250006775000,9,4,5,459
20250006833000,26,16,10,1326
20250006834000,22,11,11,1181.4
20250006841000,6,3,3,411
20250006842000,26,15,11,1144
20250006848000,16,9,7,742.4
20250006849000,525,255,270,16957.5
20250006850000,31,14,17,976.5
20250006854000,13,6,7,396.5
20250006855000,13,5,8,432.9
20250006882000,3,1,2,0
20250006883000,4,3,1,0
20250006895000,6,2,4,133.8
20250006896000,24,13,11,892.8
20250006897000,17,10,7,564.4
20250006902000,1,1,0,0
20250006912000,5,3,2,222
20250006914000,1,1,0,0
20250006915000,3,1,2,0
20250006924000,5,2,3,143
20250006927000,2,1,1,0
20250006929000,22,10,12,937.2
20250006935000,2,1,1,0
20250006937000,3,2,1,0
20250006938000,5,3,2,309
20250006939000,74,39,35,3093.2
20250006942000,377,200,177,13157.3
20250006943000,7,4,3,291.2
20250006944000,63,33,30,2242.8
20250006946000,12,8,4,432
20250006948000,5,3,2,116
20260006463000,8,2,6,268.8
20260006464000,3,2,1,0
20260006465000,16,7,9,910.4
20260006466000,21,12,9,861
20260006467000,3,2,1,0
20260006468000,23,11,12,954.5
20260006469000,45,17,28,1944
20260006470000,8,6,2,355.2
20260006473000,12,7,5,273.6
20260006475000,7,4,3,275.8
20260006477000,5,2,3,118
20260006481000,6,3,3,109.2
20260006488000,45,24,21,1881
20260006489000,115,54,61,4979.5
20260006549000,7,3,4,230.3
20260006551000,3,2,1,0
20260006552000,5,3,2,161
20260006553000,3,2,1,0
20260006632000,1,1,0,0
20260006671000,16,8,8,582.4
20260006686000,2,1,1,0
20260006720000,6,2,4,231
20260006721000,29,12,17,1038.2
20260006723000,2,1,1,0
20260006728000,28,16,12,1388.8
20260006729000,13,7,6,448.5
20260006750000,10,5,5,373
20260006751000,18,8,10,711
20260006752000,49,24,25,2180.5
20260006753000,69,35,34,2732.4
20260006754000,23,14,9,989
20260006775000,13,6,7,599.3
20260006812000,2,1,1,0
20260006832000,9,5,4,386.1
20260006834000,26,14,12,1001
20260006841000,24,11,13,1099.2
20260006842000,6,4,2,205.2
20260006848000,2,2,0,0
20260006849000,56,30,26,2156
20260006888000,8,4,4,320
20260006890000,2,1,1,0
20260006895000,18,8,10,801
20260006897000,266,134,132,9177
20260006898000,6,3,3,294
20260006913000,9,5,4,525.6
20260006914000,19,9,10,1033.6
20260006916000,18,7,11,770.4
20260006918000,2,1,1,0
20260006928000,1,1,0,0
20260006929000,17,7,10,688.5
20260006935000,27,12,15,1193.4
20260006936000,26,16,10,1042.6
20260006939000,10,5,5,431
20260006940000,28,15,13,1030.4
20260006941000,31,18,13,1264.8
20260006942000,377,200,177,12441
20260006943000,221,163,58,9127.3
20260006944000,103,59,44,3852.2
20260006945000,69,33,36,3629.4
20260006946000,766,406,360,29031.4
20260006947000,271,148,123,10867.1
20260006948000,224,107,117,7728
20260006949000,31,20,11,1066.4
20270006461000,17,10,7,457.3
20270006464000,8,4,4,199.2
20270006465000,3,1,2,0
20270006466000,3,1,2,0
20270006467000,7,4,3,186.9
20270006468000,5,3,2,159
20270006469000,27,13,14,1031.4
20270006470000,11,6,5,465.3
20270006473000,24,14,10,765.6
20270006475000,1,1,0,0
20270006480000,7,5,2,233.8
20270006481000,4,1,3,0
20270006488000,12,8,4,448.8
20270006489000,65,37,28,2249
20270006490000,86,43,43,3371.2
20270006491000,11,6,5,488.4
20270006518000,1,1,0,0
20270006536000,2,1,1,0
20270006549000,3,1,2,0
20270006550000,13,8,5,513.5
20270006553000,2,1,1,0
20270006554000,2,2,0,0
20270006625000,10,6,4,319
20270006626000,5,1,4,166
20270006627000,47,22,25,1645
20270006628000,5,2,3,104
20270006723000,7,2,5,289.8
20270006729000,28,13,15,1234.8
20270006730000,50,25,25,2295
20270006749000,5,3,2,318
20270006750000,15,6,9,829.5
20270006751000,1,1,0,0
20270006814000,3,1,2,0
20270006831000,9,5,4,461.7
20270006832000,15,8,7,556.5
20270006833000,2,1,1,0
20270006835000,2,2,0,0
20270006837000,1,0,1,0
20270006841000,4,3,1,0
20270006842000,16,10,6,734.4
20270006848000,8,4,4,344.8
20270006849000,201,112,89,8462.1
20270006850000,147,74,73,4821.6
20270006888000,19,10,9,609.9
20270006889000,48,28,20,1756.8
20270006895000,30,12,18,1263
20270006896000,527,275,252,22292.1
20270006897000,935,463,472,35249.5
20270006898000,79,40,39,2915.1
20270006913000,35,19,16,1652
20270006914000,18,9,9,842.4
20270006918000,19,9,10,999.4
20270006919000,22,9,13,998.8
20270006924000,8,5,3,300
20270006925000,10,6,4,400
20270006935000,83,41,42,3892.7
20270006938000,150,78,72,6195
20270006939000,207,112,95,7721.1
20270006941000,43,21,22,1324.4
20270006942000,55,32,23,2189
20270006943000,104,57,47,4388.8
20270006944000,191,100,91,7391.7
20270006945000,1246,605,641,57440.6
20270006946000,1438,720,718,51336.6
20270006951000,19,9,10,573.8
20280006458000,3,2,1,0
20280006459000,101,54,47,4595.5
20280006460000,5,2,3,134
20280006461000,18,9,9,617.4
20280006462000,1,1,0,0
20280006466000,2,1,1,0
20280006467000,8,3,5,388.8
20280006469000,8,3,5,331.2
20280006470000,4,3,1,0
20280006472000,1,1,0,0
20280006473000,3,2,1,0
20280006479000,17,9,8,608.6
20280006480000,5,3,2,84
20280006487000,5,3,2,166
20280006488000,3,1,2,0
20280006489000,36,18,18,1144.8
20280006490000,50,22,28,2260
20280006491000,48,25,23,1732.8
20280006501000,10,4,6,368
20280006502000,9,5,4,372.6
20280006503000,15,7,8,658.5
20280006506000,9,3,6,365.4
20280006514000,1,1,0,0
20280006517000,2,1,1,0
20280006521000,26,12,14,1092
20280006522000,2,1,1,0
20280006554000,4,2,2,0
20280006624000,13,6,7,475.8
20280006723000,9,5,4,396
20280006730000,21,10,11,930.3
20280006749000,3,2,1,0
20280006751000,59,34,25,2212.5
20280006812000,3,1,2,0
20280006814000,2,0,2,0
20280006815000,1,1,0,0
20280006831000,14,9,5,540.4
20280006834000,4,2,2,0
20280006839000,2,1,1,0
20280006841000,32,15,17,1004.8
20280006842000,9,5,4,387
20280006849000,71,40,31,3280.2
20280006850000,1,0,1,0
20280006887000,4,1,3,0
20280006889000,25,13,12,990
20280006895000,1,1,0,0
20280006896000,512,258,254,20787.2
20280006897000,653,306,347,27491.3
20280006898000,12,7,5,486
20280006918000,4,2,2,0
20280006919000,28,15,13,1134
20280006920000,80,42,38,3360
20280006921000,40,18,22,1776
20280006923000,10,6,4,419
20280006924000,7,4,3,452.9
20280006925000,55,31,24,2348.5
20280006926000,29,14,15,1171.6
20280006927000,1,1,0,0
20280006934000,2,1,1,0
20280006935000,113,58,55,4203.6
20280006939000,9,7,2,487.8
20280006945000,978,510,468,36675
20280006946000,178,95,83,5144.2
20280006951000,34,17,17,1434.8
20280006952000,107,54,53,4322.8
20280006953000,9,4,5,263.7
20290006458000,2,1,1,0
20290006459000,5,2,3,295
20290006460000,10,4,6,340
20290006461000,35,17,18,1253
20290006463000,44,20,24,1676.4
20290006464000,3,2,1,0
20290006466000,2,1,1,0
20290006467000,3,1,2,0
20290006468000,7,4,3,308.7
20290006469000,21,12,9,753.9
20290006470000,15,12,3,508.5
20290006472000,5,3,2,165
20290006473000,4,3,1,0
20290006474000,4,1,3,0
20290006476000,9,5,4,377.1
20290006483000,1,1,0,0
20290006489000,2,1,1,0
20290006490000,25,13,12,977.5
20290006491000,893,402,491,35987.9
20290006492000,378,185,193,17463.6
20290006493000,12,8,4,506.4
20290006498000,14,9,5,568.4
20290006499000,15,10,5,510
20290006500000,7,4,3,207.9
20290006501000,9,3,6,417.6
20290006502000,5,2,3,228
20290006503000,5,3,2,288
20290006505000,4,2,2,0
20290006506000,5,4,1,112
20290006509000,30,13,17,921
20290006510000,1,1,0,0
20290006513000,9,6,3,290.7
20290006514000,23,9,14,906.2
20290006517000,4,2,2,0
20290006523000,5,4,1,270
20290006633000,6,3,3,148.8
20290006682000,30,13,17,975
20290006684000,20,9,11,590
20290006685000,10,3,7,460
20290006686000,107,51,56,4066
20290006687000,396,201,195,15760.8
20290006688000,418,215,203,17806.8
20290006689000,293,161,132,11427
20290006690000,176,101,75,7356.8
20290006691000,280,159,121,11116
20290006692000,292,148,144,12643.6
20290006723000,16,9,7,734.4
20290006730000,345,159,186,14973
20290006749000,19,10,9,773.3
20290006750000,4,1,3,0
20290006751000,152,75,77,5228.8
20290006752000,324,162,162,14288.4
20290006815000,6,4,2,268.8
20290006830000,3,2,1,0
20290006831000,7,3,4,394.8
20290006832000,17,9,8,584.8
20290006834000,17,10,7,911.2
20290006840000,45,23,22,2065.5
20290006841000,15,9,6,654
20290006849000,7,3,4,364.7
20290006850000,10,5,5,441
20290006851000,18,11,7,700.2
20290006887000,10,5,5,558
20290006889000,1,1,0,0
20290006896000,39,19,20,1497.6
20290006897000,74,40,34,2397.6
20290006917000,9,4,5,570.6
20290006923000,7,3,4,298.9
20290006924000,89,39,50,3640.1
20290006925000,72,32,40,3326.4
20290006931000,21,13,8,741.3
20290006935000,18,10,8,912.6
20290006936000,21,10,11,915.6
20290006939000,11,7,4,327.8
20290006940000,31,17,14,1339.2
20290006942000,4,4,0,0
20290006945000,382,188,194,13790.2
20290006953000,17,9,8,756.5
20300006455000,2,1,1,0
20300006457000,1,1,0,0
20300006463000,13,9,4,578.5
20300006464000,21,11,10,982.8
20300006465000,2,1,1,0
20300006466000,5,4,1,294
20300006468000,120,60,60,3408
20300006469000,180,90,90,6372
20300006472000,31,13,18,1137.7
20300006473000,6,4,2,243
20300006474000,19,9,10,879.7
20300006475000,16,8,8,337.6
20300006476000,25,15,10,967.5
20300006477000,5,3,2,169
20300006478000,5,4,1,262
20300006480000,5,3,2,127
20300006481000,3,2,1,0
20300006483000,1,1,0,0
20300006484000,5,3,2,160
20300006485000,4,2,2,0
20300006491000,102,53,49,4620.6
20300006492000,509,248,261,19749.2
20300006493000,154,81,73,5929
20300006494000,35,18,17,1382.5
20300006495000,72,42,30,2844
20300006496000,27,13,14,1341.9
20300006497000,29,14,15,1044
20300006498000,49,25,24,1960
20300006499000,136,68,68,5453.6
20300006500000,57,32,25,2160.3
20300006501000,6,4,2,294
20300006503000,9,5,4,396.9
20300006505000,1,1,0,0
20300006508000,5,3,2,107
20300006509000,20,10,10,826
20300006510000,9,4,5,210.6
20300006512000,12,7,5,466.8
20300006513000,3,1,2,0
20300006514000,37,18,19,1246.9
20300006515000,14,6,8,740.6
20300006517000,10,7,3,360
20300006520000,2,1,1,0
20300006524000,3,2,1,0
20300006525000,1,1,0,0
20300006526000,7,4,3,312.2
20300006555000,41,17,24,1734.3
20300006556000,15,8,7,742.5
20300006634000,2,1,1,0
20300006673000,66,37,29,3009.6
20300006674000,15,10,5,520.5
20300006675000,9,4,5,354.6
20300006676000,6,3,3,283.8
20300006677000,4,2,2,0
20300006678000,5,3,2,237
20300006679000,3,1,2,0
20300006680000,52,25,27,1970.8
20300006681000,6,3,3,391.2
20300006682000,11,6,5,565.4
20300006687000,711,334,377,34767.9
20300006688000,1234,593,641,55159.8
20300006689000,1067,550,517,49935.6
20300006690000,34,15,19,1366.8
20300006696000,2,1,1,0
20300006730000,111,57,54,5816.4
20300006749000,28,15,13,1086.4
20300006750000,12,8,4,734.4
20300006751000,1,1,0,0
20300006752000,897,420,477,38571
20300006809000,6,2,4,289.2
20300006829000,7,3,4,238
20300006830000,29,15,14,1183.2
20300006834000,15,9,6,738
20300006839000,9,6,3,320.4
20300006850000,9,6,3,316.8
20300006851000,21,8,13,963.9
20300006852000,38,20,18,1615
20300006884000,6,3,3,298.8
20300006896000,28,12,16,1430.8
20300006897000,27,17,10,1134
20300006921000,13,7,6,416
20300006922000,15,5,10,451.5
20300006930000,69,33,36,2401.2
20300006931000,50,27,23,1905
20300006940000,6,4,2,246
20300006942000,3,2,1,0
20310006455000,17,9,8,933.3
20310006458000,2,1,1,0
20310006462000,2,1,1,0
20310006463000,4,2,2,0
20310006465000,17,11,6,426.7
20310006466000,137,70,67,4685.4
20310006469000,55,26,29,2398
20310006470000,19,12,7,1054.5
20310006471000,33,14,19,1445.4
20310006472000,166,91,75,6341.2
20310006473000,33,16,17,1435.5
20310006474000,17,9,8,465.8
20310006475000,38,18,20,1166.6
20310006476000,19,10,9,592.8
20310006479000,1,1,0,0
20310006481000,2,2,0,0
20310006485000,4,1,3,0
20310006486000,8,5,3,242.4
20310006487000,2,1,1,0
20310006491000,23,13,10,660.1
20310006492000,168,84,84,6417.6
20310006493000,370,200,170,13986
20310006496000,22,12,10,915.2
20310006497000,12,5,7,586.8
20310006498000,75,38,37,2760
20310006499000,35,19,16,1144.5
20310006500000,1,1,0,0
20310006501000,12,6,6,433.2
20310006502000,5,3,2,108
20310006503000,7,4,3,224
20310006504000,7,3,4,240.8
20310006510000,3,0,3,0
20310006511000,2,1,1,0
20310006514000,18,9,9,1522.8
20310006515000,24,11,13,936
20310006516000,13,3,10,474.5
20310006517000,3,2,1,0
20310006518000,9,6,3,410.4
20310006526000,17,10,7,678.3
20310006556000,55,32,23,2024
20310006558000,37,20,17,1365.3
20310006634000,4,3,1,0
20310006673000,244,119,125,9320.8
20310006674000,45,23,22,2056.5
20310006675000,39,20,19,1797.9
20310006676000,10,6,4,504
20310006677000,3,2,1,0
20310006689000,9,5,4,506.7
20310006694000,342,185,157,15116.4
20310006698000,13,6,7,799.5
20310006699000,17,9,8,821.1
20310006700000,7,5,2,272.3
20310006730000,12,8,4,398.4
20310006747000,10,6,4,359
20310006748000,11,7,4,500.5
20310006749000,24,12,12,1027.2
20310006750000,352,190,162,13376
20310006751000,431,184,247,21636.2
20310006752000,1631,782,849,74699.8
20310006753000,27,14,13,1533.6
20310006754000,4,2,2,0
20310006755000,92,42,50,4011.2
20310006799000,2,2,0,0
20310006803000,1,1,0,0
20310006804000,6,4,2,418.2
20310006809000,59,27,32,2731.7
20310006829000,9,5,4,428.4
20310006830000,1,1,0,0
20310006834000,16,9,7,764.8
20310006850000,5,3,2,182
20310006852000,13,7,6,686.4
20310006881000,27,11,16,1142.1
20310006882000,64,37,27,3116.8
20310006887000,2,1,1,0
20310006891000,35,17,18,1627.5
20310006892000,19,11,8,902.5
20310006897000,58,29,29,2186.6
20310006906000,2,1,1,0
20310006907000,9,3,6,421.2
20310006920000,3,1,2,0
20310006929000,14,7,7,603.4
20310006930000,38,20,18,1729
20310006932000,12,6,6,412.8
20310006933000,1,1,0,0
20310006934000,2,1,1,0
20310006946000,37,22,15,1635.4
20320006455000,23,15,8,1170.7
20320006456000,7,4,3,364
20320006458000,9,4,5,479.7
20320006459000,5,4,1,261
20320006462000,7,3,4,291.9
20320006463000,2,1,1,0
20320006466000,10,4,6,259
20320006467000,14,7,7,497
20320006468000,263,133,130,8074.1
20320006469000,49,29,20,2092.3
20320006470000,754,371,383,26013
20320006471000,203,109,94,6942.6
20320006472000,237,133,104,9574.8
20320006477000,8,4,4,180.8
20320006478000,7,3,4,326.9
20320006479000,13,7,6,631.8
20320006485000,8,5,3,422.4
20320006491000,5,2,3,292
20320006492000,3,1,2,0
20320006493000,20,14,6,798
20320006503000,10,6,4,258
20320006507000,2,1,1,0
20320006511000,13,8,5,474.5
20320006512000,3,1,2,0
20320006515000,15,7,8,495
20320006516000,4,1,3,0
20320006517000,5,3,2,223
20320006527000,1,1,0,0
20320006528000,4,2,2,0
20320006529000,4,2,2,0
20320006555000,3,2,1,0
20320006558000,29,16,13,1084.6
20320006559000,15,6,9,751.5
20320006635000,7,4,3,294
20320006636000,11,7,4,456.5
20320006669000,2,1,1,0
20320006670000,5,3,2,345
20320006671000,6,3,3,250.8
20320006676000,10,6,4,395
20320006694000,267,134,133,10332.9
20320006696000,12,6,6,439.2
20320006697000,2,1,1,0
20320006701000,21,11,10,861
20320006702000,1,0,1,0
20320006703000,18,9,9,639
20320006724000,22,11,11,1265
20320006725000,21,10,11,846.3
20320006726000,7,3,4,226.1
20320006730000,7,3,4,361.9
20320006731000,6,4,2,394.2
20320006739000,7,5,2,247.8
20320006742000,3,2,1,0
20320006744000,13,8,5,514.8
20320006745000,22,10,12,908.6
20320006746000,11,5,6,520.3
20320006747000,21,11,10,934.5
20320006748000,70,38,32,2688
20320006749000,22,14,8,684.2
20320006750000,115,58,57,4830
20320006751000,890,438,452,34087
20320006752000,1169,524,645,54241.6
20320006753000,169,75,94,7233.2
20320006754000,394,191,203,17336
20320006755000,764,393,371,29337.6
20320006756000,43,26,17,1668.4
20320006803000,1,1,0,0
20320006808000,9,5,4,488.7
20320006829000,10,5,5,315
20320006830000,6,3,3,229.8
20320006834000,7,2,5,399.7
20320006835000,7,3,4,321.3
20320006836000,1,0,1,0
20320006837000,8,5,3,260
20320006838000,5,3,2,153
20320006850000,3,1,2,0
20320006852000,18,9,9,986.4
20320006879000,1,0,1,0
20320006880000,65,32,33,2691
20320006881000,55,27,28,2854.5
20320006882000,28,17,11,1310.4
20320006886000,18,8,10,770.4
20320006887000,13,6,7,569.4
20320006890000,9,5,4,406.8
20320006891000,10,6,4,445
20320006896000,51,23,28,1632
20320006897000,267,137,130,10065.9
20320006898000,8,3,5,400.8
20320006906000,17,9,8,746.3
20320006907000,28,14,14,1369.2
20320006911000,9,5,4,520.2
20320006919000,140,68,72,6888
20320006920000,53,29,24,2379.7
20320006921000,8,5,3,331.2
20320006925000,24,12,12,967.2
20320006926000,9,5,4,423
20320006929000,14,8,6,677.6
20320006930000,4,3,1,0
20320006932000,1,0,1,0
20320006934000,70,39,31,2779
20320006946000,249,131,118,8814.6
20330006456000,16,8,8,758.4
20330006457000,4,3,1,0
20330006459000,5,2,3,158
20330006463000,5,2,3,163
20330006464000,2,0,2,0
20330006465000,14,7,7,323.4
20330006466000,5,3,2,241
20330006467000,21,9,12,699.3
20330006468000,34,18,16,945.2
20330006469000,4,2,2,0
20330006470000,394,181,213,13671.8
20330006471000,917,427,490,42548.8
20330006472000,68,39,29,2509.2
20330006473000,27,12,15,1115.1
20330006474000,53,30,23,2008.7
20330006475000,43,23,20,1556.6
20330006476000,10,4,6,395
20330006477000,13,7,6,444.6
20330006479000,13,8,5,279.5
20330006493000,46,25,21,1444.4
20330006494000,13,9,4,535.6
20330006495000,35,18,17,1274
20330006497000,19,9,10,577.6
20330006500000,7,4,3,272.3
20330006502000,24,13,11,758.4
20330006503000,38,22,16,1162.8
20330006504000,4,3,1,0
20330006507000,6,2,4,322.8
20330006508000,7,4,3,406.7
20330006513000,11,5,6,422.4
20330006514000,4,3,1,0
20330006515000,17,10,7,605.2
20330006517000,9,4,5,348.3
20330006518000,2,1,1,0
20330006529000,9,7,2,492.3
20330006530000,5,2,3,220
20330006555000,2,1,1,0
20330006557000,12,8,4,420
20330006558000,23,13,10,922.3
20330006559000,11,5,6,388.3
20330006668000,2,1,1,0
20330006669000,1,0,1,0
20330006670000,16,8,8,612.8
20330006696000,1,1,0,0
20330006698000,1,1,0,0
20330006699000,5,2,3,364
20330006703000,14,8,6,800.8
20330006704000,32,15,17,1788.8
20330006705000,9,5,4,403.2
20330006707000,5,4,1,174
20330006708000,42,23,19,1705.2
20330006709000,66,31,35,2574
20330006726000,3,2,1,0
20330006727000,1,1,0,0
20330006739000,3,2,1,0
20330006742000,17,7,10,875.5
20330006743000,1,0,1,0
20330006744000,11,6,5,498.3
20330006745000,5,3,2,333
20330006746000,6,2,4,160.8
20330006747000,133,69,64,4362.4
20330006751000,37,19,18,1938.8
20330006752000,273,132,141,10865.4
20330006753000,18,8,10,712.8
20330006754000,137,62,75,5343
20330006755000,93,51,42,3794.4
20330006756000,92,46,46,3643.2
20330006757000,7,4,3,308.7
20330006768000,2,1,1,0
20330006793000,1,0,1,0
20330006808000,4,2,2,0
20330006830000,18,9,9,711
20330006835000,5,3,2,289
20330006836000,6,3,3,267
20330006838000,7,3,4,196.7
20330006852000,10,6,4,233
20330006853000,10,5,5,237
20330006879000,26,11,15,858
20330006880000,67,35,32,3249.5
20330006881000,11,5,6,354.2
20330006884000,5,2,3,103
20330006885000,54,30,24,1647
20330006886000,3,2,1,0
20330006890000,4,1,3,0
20330006896000,40,19,21,1544
20330006897000,92,50,42,3036
20330006898000,13,6,7,533
20330006905000,40,18,22,1456
20330006906000,3,1,2,0
20330006907000,4,2,2,0
20330006908000,22,12,10,910.8
20330006912000,7,5,2,385
20330006913000,19,8,11,881.6
20330006918000,7,4,3,301
20330006919000,30,15,15,1554
20330006920000,18,12,6,869.4
20330006924000,60,29,31,2364
20330006925000,130,71,59,5421
20330006926000,49,28,21,2053.1
20330006929000,4,3,1,0
20330006930000,11,6,5,785.4
20330006932000,24,13,11,1048.8
20330006933000,115,58,57,4899
20330006934000,21,9,12,924
20330006936000,6,3,3,216
20330006940000,5,4,1,241
20330006941000,8,3,5,422.4
20330006942000,29,16,13,1186.1
20330006943000,47,21,26,1433.5
20330006944000,48,22,26,2270.4
20330006945000,64,30,34,2316.8
20330006946000,241,120,121,10531.7
20340006456000,7,4,3,293.3
20340006459000,25,14,11,827.5
20340006460000,17,8,9,656.2
20340006461000,6,3,3,229.2
20340006462000,2,1,1,0
20340006463000,6,3,3,421.8
20340006464000,4,2,2,0
20340006465000,4,2,2,0
20340006466000,8,4,4,279.2
20340006467000,3,2,1,0
20340006470000,13,7,6,483.6
20340006471000,310,151,159,11563
20340006472000,380,197,183,15048
20340006473000,89,45,44,3604.5
20340006475000,11,7,4,414.7
20340006488000,1,0,1,0
20340006489000,6,0,6,228
20340006493000,10,4,6,376
20340006494000,73,40,33,2591.5
20340006495000,50,29,21,1890
20340006496000,88,43,45,2763.2
20340006497000,8,4,4,299.2
20340006498000,33,19,14,1148.4
20340006499000,19,8,11,834.1
20340006500000,2,1,1,0
20340006503000,1,0,1,0
20340006507000,6,2,4,379.8
20340006510000,13,4,9,508.3
20340006512000,2,1,1,0
20340006514000,5,3,2,169
20340006515000,30,14,16,1206
20340006559000,23,11,12,1147.7
20340006701000,19,9,10,782.8
20340006702000,6,4,2,222
20340006703000,1,1,0,0
20340006708000,3,2,1,0
20340006709000,52,26,26,2771.6
20340006710000,69,34,35,3056.7
20340006711000,40,24,16,1980
20340006727000,18,7,11,937.8
20340006728000,9,4,5,419.4
20340006751000,50,32,18,1785
20340006752000,274,141,133,10329.8
20340006753000,25,9,16,1240
20340006755000,40,23,17,1632
20340006757000,52,24,28,2147.6
20340006758000,27,13,14,1242
20340006767000,18,7,11,723.6
20340006768000,12,8,4,499.2
20340006793000,18,7,11,775.8
20340006794000,8,3,5,500.8
20340006795000,25,12,13,950
20340006807000,1,1,0,0
20340006830000,2,1,1,0
20340006831000,17,7,10,625.6
20340006837000,8,5,3,467.2
20340006839000,6,3,3,175.8
20340006851000,3,2,1,0
20340006853000,48,27,21,1992
20340006873000,1,1,0,0
20340006876000,1,1,0,0
20340006879000,61,30,31,2684
20340006880000,63,28,35,2570.4
20340006883000,38,21,17,1428.8
20340006884000,129,68,61,5160
20340006885000,17,9,8,878.9
20340006889000,3,2,1,0
20340006895000,20,8,12,692
20340006896000,11,7,4,531.3
20340006897000,12,6,6,510
20340006898000,9,6,3,281.7
20340006905000,9,3,6,284.4
20340006906000,10,5,5,515
20340006912000,15,6,9,562.5
20340006913000,38,21,17,1603.6
20340006914000,8,4,4,416
20340006918000,5,4,1,333
20340006923000,199,94,105,7562
20340006924000,180,85,95,6570
20340006925000,184,96,88,5869.6
20340006926000,25,14,11,995
20340006928000,10,5,5,517
20340006930000,32,14,18,1590.4
20340006937000,5,4,1,285
20340006940000,12,6,6,369.6
20340006942000,11,6,5,478.5
20340006944000,44,27,17,1817.2
20340006945000,43,24,19,1788.8
20340006946000,33,18,15,1287
20340006947000,309,163,146,12236.4
20350006460000,20,7,13,630
20350006461000,49,24,25,1695.4
20350006465000,12,6,6,483.6
20350006467000,17,9,8,600.1
20350006468000,4,3,1,0
20350006470000,21,10,11,835.8
20350006471000,4,2,2,0
20350006472000,321,158,163,11106.6
20350006473000,990,488,502,39501
20350006474000,19,11,8,638.4
20350006475000,26,15,11,759.2
20350006476000,6,2,4,265.8
20350006477000,2,2,0,0
20350006478000,6,5,1,136.2
20350006479000,3,1,2,0
20350006482000,2,2,0,0
20350006485000,3,1,2,0
20350006489000,1,1,0,0
20350006494000,23,10,13,818.8
20350006496000,43,23,20,1487.8
20350006497000,28,18,10,817.6
20350006498000,7,3,4,378
20350006500000,19,13,6,583.3
20350006501000,11,6,5,323.4
20350006506000,2,2,0,0
20350006508000,24,16,8,832.8
20350006509000,14,9,5,588
20350006510000,8,4,4,532.8
20350006511000,2,0,2,0
20350006512000,19,10,9,737.2
20350006513000,9,3,6,432.9
20350006514000,1,1,0,0
20350006515000,3,1,2,0
20350006530000,10,5,5,399
20350006531000,3,2,1,0
20350006559000,2,1,1,0
20350006561000,16,9,7,654.4
20350006562000,3,1,2,0
20350006568000,3,2,1,0
20350006569000,5,3,2,78
20350006648000,4,3,1,0
20350006695000,7,3,4,294
20350006703000,28,16,12,814.8
20350006704000,44,21,23,1966.8
20350006705000,12,5,7,630
20350006711000,1,1,0,0
20350006712000,19,9,10,680.2
20350006713000,1,1,0,0
20350006728000,19,12,7,1109.6
20350006729000,3,2,1,0
20350006732000,5,3,2,346
20350006749000,12,8,4,442.8
20350006750000,21,11,10,1050
20350006751000,77,39,38,2664.2
20350006752000,11,6,5,365.2
20350006753000,132,67,65,5570.4
20350006754000,14,8,6,337.4
20350006755000,3,2,1,0
20350006756000,19,12,7,1029.8
20350006757000,35,20,15,1393
20350006758000,10,7,3,660
20350006759000,8,5,3,364
20350006760000,3,2,1,0
20350006762000,4,3,1,0
20350006766000,11,7,4,551.1
20350006767000,13,8,5,430.3
20350006770000,2,1,1,0
20350006773000,5,2,3,255
20350006774000,18,10,8,802.8
20350006795000,17,9,8,680
20350006796000,3,2,1,0
20350006801000,1,1,0,0
20350006806000,1,1,0,0
20350006839000,21,10,11,798
20350006850000,22,9,13,655.6
20350006851000,1,0,1,0
20350006852000,2,1,1,0
20350006853000,95,57,38,3325
20350006854000,19,11,8,1005.1
20350006878000,19,8,11,697.3
20350006879000,56,25,31,2144.8
20350006881000,23,12,11,1018.9
20350006882000,101,49,52,4050.1
20350006883000,42,24,18,1638
20350006884000,34,17,17,1489.2
20350006885000,20,9,11,604
20350006886000,8,4,4,435.2
20350006895000,23,11,12,880.9
20350006914000,6,5,1,352.2
20350006916000,23,12,11,984.4
20350006917000,2,1,1,0
20350006920000,4,1,3,0
20350006921000,180,96,84,7326
20350006922000,1311,638,673,53488.8
20350006923000,1059,528,531,40559.7
20350006925000,3,2,1,0
20350006926000,38,22,16,1573.2
20350006927000,21,9,12,942.9
20350006928000,51,31,20,2142
20350006930000,27,14,13,1017.9
20350006934000,1,1,0,0
20350006937000,6,3,3,394.8
20350006941000,13,7,6,404.3
20350006942000,3,2,1,0
20350006947000,179,89,90,6730.4
20350006948000,9,5,4,397.8
20350006950000,28,15,13,1181.6
20350006951000,3,3,0,0
20350006958000,28,14,14,1218
20350006960000,54,27,27,2116.8
20350006961000,95,46,49,4189.5
20360006460000,388,187,201,15597.6
20360006461000,96,55,41,3657.6
20360006463000,13,9,4,848.9
20360006464000,14,9,5,743.4
20360006466000,12,6,6,289.2
20360006467000,2,1,1,0
20360006468000,3,2,1,0
20360006469000,6,2,4,141
20360006470000,5,2,3,148
20360006471000,2,0,2,0
20360006472000,39,19,20,1056.9
20360006473000,708,367,341,23930.4
20360006474000,15,8,7,406.5
20360006475000,16,8,8,592
20360006477000,5,2,3,285
20360006478000,3,2,1,0
20360006480000,2,1,1,0
20360006481000,2,1,1,0
20360006483000,6,3,3,178.2
20360006486000,2,1,1,0
20360006489000,3,2,1,0
20360006494000,2,1,1,0
20360006500000,11,7,4,268.4
20360006512000,2,1,1,0
20360006513000,5,3,2,177
20360006563000,24,10,14,1039.2
20360006570000,5,2,3,197
20360006643000,5,3,2,217
20360006645000,4,3,1,0
20360006706000,80,42,38,3224
20360006707000,61,31,30,2586.4
20360006708000,7,4,3,328.3
20360006709000,17,7,10,542.3
20360006712000,10,5,5,501
20360006713000,163,82,81,6503.7
20360006714000,38,22,16,1698.6
20360006729000,13,7,6,777.4
20360006749000,15,5,10,655.5
20360006750000,33,16,17,1283.7
20360006751000,13,6,7,362.7
20360006752000,1,0,1,0
20360006753000,83,38,45,3054.4
20360006754000,11,7,4,490.6
20360006755000,12,6,6,432
20360006756000,90,51,39,3330
20360006757000,38,17,21,1463
20360006758000,23,11,12,943
20360006759000,10,5,5,424
20360006760000,14,6,8,618.8
20360006761000,21,13,8,798
20360006762000,10,7,3,537
20360006766000,33,17,16,1234.2
20360006767000,51,23,28,1968.6
20360006768000,55,27,28,2150.5
20360006769000,5,2,3,97
20360006772000,24,14,10,1082.4
20360006773000,5,2,3,352
20360006774000,70,33,37,2807
20360006775000,18,10,8,1017
20360006793000,41,21,20,1746.6
20360006794000,7,5,2,322
20360006796000,2,1,1,0
20360006798000,2,1,1,0
20360006805000,8,4,4,491.2
20360006831000,3,2,1,0
20360006850000,30,16,14,1257
20360006854000,18,10,8,795.6
20360006855000,2,1,1,0
20360006878000,44,23,21,1579.6
20360006879000,270,132,138,11232
20360006880000,147,65,82,6159.3
20360006881000,143,71,72,6363.5
20360006882000,61,36,25,2787.7
20360006883000,27,13,14,1231.2
20360006886000,34,19,15,1125.4
20360006895000,6,2,4,325.2
20360006899000,1,1,0,0
20360006900000,1,1,0,0
20360006914000,11,7,4,440
20360006919000,10,5,5,554
20360006921000,113,54,59,4158.4
20360006922000,1200,605,595,44760
20360006923000,522,278,244,20514.6
20360006926000,345,165,180,11868
20360006927000,275,143,132,11302.5
20360006929000,37,18,19,1798.2
20360006938000,1,1,0,0
20360006942000,5,3,2,254
20360006943000,30,15,15,1395
20360006944000,1,1,0,0
20360006946000,131,64,67,4598.1
20360006947000,848,433,415,32902.4
20360006948000,623,288,335,27349.7
20360006950000,155,85,70,5332
20360006951000,163,84,79,6536.3
20360006952000,11,7,4,563.2
20360006958000,202,89,113,6989.2
20360006960000,23,12,11,1044.2
20370006460000,146,73,73,5460.4
20370006461000,49,22,27,1592.5
20370006463000,27,14,13,918
20370006466000,11,6,5,320.1
20370006469000,3,1,2,0
20370006470000,4,3,1,0
20370006471000,5,3,2,201
20370006472000,17,11,6,421.6
20370006473000,20,11,9,962
20370006477000,45,22,23,1341
20370006480000,2,1,1,0
20370006482000,3,1,2,0
20370006483000,2,1,1,0
20370006484000,1,1,0,0
20370006485000,1,1,0,0
20370006511000,2,1,1,0
20370006512000,14,9,5,658
20370006518000,10,5,5,376
20370006563000,11,5,6,234.3
20370006568000,3,2,1,0
20370006569000,5,3,2,175
20370006570000,11,3,8,321.2
20370006634000,13,5,8,461.5
20370006635000,3,2,1,0
20370006636000,1,1,0,0
20370006650000,5,3,2,113
20370006651000,5,4,1,189
20370006707000,7,2,5,368.2
20370006708000,30,19,11,1260
20370006709000,79,38,41,3239
20370006710000,37,17,20,1587.3
20370006711000,45,25,20,2011.5
20370006712000,6,3,3,394.2
20370006714000,10,4,6,404
20370006717000,10,3,7,528
20370006718000,3,1,2,0
20370006728000,6,2,4,349.8
20370006731000,1,1,0,0
20370006748000,119,62,57,4831.4
20370006749000,468,249,219,14508
20370006750000,226,114,112,7548.4
20370006751000,111,61,50,5050.5
20370006752000,20,8,12,1072
20370006753000,59,32,27,2088.6
20370006754000,6,4,2,346.8
20370006755000,120,62,58,4476
20370006756000,117,57,60,4644.9
20370006760000,5,3,2,344
20370006761000,13,8,5,569.4
20370006762000,7,5,2,405.3
20370006764000,2,2,0,0
20370006765000,7,4,3,368.9
20370006766000,40,22,18,1552
20370006767000,10,4,6,571
20370006768000,100,48,52,3760
20370006769000,16,8,8,627.2
20370006771000,5,3,2,190
20370006772000,1,0,1,0
20370006775000,42,23,19,1919.4
20370006776000,10,6,4,437
20370006791000,8,5,3,422.4
20370006792000,3,2,1,0
20370006806000,4,3,1,0
20370006850000,8,4,4,427.2
20370006878000,48,22,26,1684.8
20370006879000,726,358,368,31726.2
20370006880000,413,207,206,17139.5
20370006881000,300,159,141,11310
20370006882000,60,31,29,2058
20370006896000,10,5,5,415
20370006902000,1,0,1,0
20370006917000,3,2,1,0
20370006918000,6,3,3,259.2
20370006922000,965,476,489,35222.5
20370006923000,155,79,76,7982.5
20370006926000,556,290,266,21461.6
20370006927000,2,1,1,0
20370006928000,11,7,4,380.6
20370006929000,219,114,105,7511.7
20370006939000,3,2,1,0
20370006943000,22,13,9,877.8
20370006944000,89,48,41,3809.2
20370006946000,333,176,157,11655
20370006947000,150,71,79,6975
20370006948000,381,199,182,16421.1
20370006949000,1,1,0,0
20370006958000,55,30,25,2337.5
20370006959000,17,9,8,841.5
20380006460000,1,1,0,0
20380006463000,2,1,1,0
20380006464000,1,1,0,0
20380006466000,2,1,1,0
20380006468000,8,4,4,310.4
20380006469000,1,0,1,0
20380006471000,6,3,3,270
20380006472000,15,8,7,384
20380006476000,3,1,2,0
20380006478000,5,3,2,199
20380006479000,19,9,10,866.4
20380006480000,6,4,2,333
20380006481000,8,5,3,212.8
20380006484000,13,8,5,561.6
20380006502000,1,1,0,0
20380006511000,5,3,2,147
20380006569000,1,1,0,0
20380006633000,3,1,2,0
20380006634000,5,3,2,250
20380006637000,1,1,0,0
20380006640000,72,42,30,3211.2
20380006656000,2,1,1,0
20380006659000,8,4,4,318.4
20380006677000,1,1,0,0
20380006718000,24,14,10,1207.2
20380006719000,45,22,23,2016
20380006720000,27,14,13,1582.2
20380006728000,3,2,1,0
20380006747000,26,16,10,1021.8
20380006748000,72,31,41,2764.8
20380006749000,128,60,68,4467.2
20380006750000,28,15,13,1120
20380006753000,1,1,0,0
20380006754000,9,4,5,399.6
20380006755000,29,17,12,1203.5
20380006768000,4,2,2,0
20380006769000,137,74,63,4027.8
20380006770000,4,2,2,0
20380006776000,17,10,7,838.1
20380006777000,2,1,1,0
20380006806000,1,1,0,0
20380006839000,2,2,0,0
20380006852000,7,4,3,387.8
20380006878000,40,19,21,2048
20380006879000,387,202,185,14744.7
20380006880000,3,1,2,0
20380006889000,36,17,19,1371.6
20380006916000,6,3,3,165
20380006917000,19,10,9,881.6
20380006920000,4,2,2,0
20380006921000,42,28,14,1709.4
20380006922000,750,376,374,26475
20380006926000,467,246,221,18072.9
20380006927000,42,16,26,1705.2
20380006928000,632,321,311,26291.2
20380006929000,38,17,21,1527.6
20380006938000,41,23,18,2045.9
20380006939000,189,93,96,7767.9
20380006943000,1,1,0,0
20380006944000,163,84,79,5998.4
20380006945000,346,181,165,12871.2
20380006946000,58,28,30,2227.2
20380006958000,112,51,61,4670.4
20380006959000,398,192,206,15561.8
20390006461000,96,51,45,3235.2
20390006462000,6,4,2,310.8
20390006464000,7,4,3,307.3
20390006465000,8,3,5,464
20390006466000,1,1,0,0
20390006468000,1,1,0,0
20390006471000,10,6,4,415
20390006472000,11,5,6,280.5
20390006473000,1,1,0,0
20390006479000,10,5,5,300
20390006480000,16,7,9,502.4
20390006481000,7,4,3,312.2
20390006483000,3,2,1,0
20390006569000,2,1,1,0
20390006640000,37,18,19,1594.7
20390006641000,14,7,7,849.8
20390006659000,32,13,19,1516.8
20390006676000,1,1,0,0
20390006714000,31,15,16,1137.7
20390006715000,102,48,54,4080
20390006716000,69,33,36,2967
20390006717000,2,1,1,0
20390006721000,42,22,20,1944.6
20390006722000,52,28,24,2350.4
20390006723000,5,4,1,238
20390006727000,66,22,44,2376
20390006728000,63,23,40,3849.3
20390006733000,24,14,10,1329.6
20390006747000,8,3,5,331.2
20390006748000,27,15,12,1296
20390006749000,10,5,5,285
20390006769000,54,28,26,2052
20390006776000,10,5,5,528
20390006777000,2,1,1,0
20390006840000,7,3,4,275.1
20390006850000,2,1,1,0
20390006851000,2,1,1,0
20390006852000,2,1,1,0
20390006853000,2,1,1,0
20390006877000,8,3,5,326.4
20390006878000,4,2,2,0
20390006889000,21,11,10,800.1
20390006890000,17,11,6,780.3
20390006896000,1,0,1,0
20390006897000,10,6,4,520
20390006898000,2,1,1,0
20390006916000,26,14,12,975
20390006917000,10,5,5,403
20390006922000,50,23,27,2155
20390006926000,236,106,130,9227.6
20390006927000,464,220,244,20416
20390006928000,1684,808,876,70896.4
20390006929000,106,53,53,3805.4
20390006938000,33,16,17,1501.5
20390006939000,188,98,90,7632.8
20390006940000,34,19,15,1584.4
20390006944000,30,12,18,1131
20390006945000,173,85,88,6245.3
20390006946000,2,1,1,0
20390006958000,11,7,4,585.2
20390006959000,137,72,65,4932
20390006960000,9,4,5,389.7
20390006961000,42,19,23,1617
20390006962000,432,231,201,15379.2
20390006966000,34,16,18,1125.4
20400006460000,273,147,126,9527.7
20400006461000,24,13,11,1034.4
20400006462000,5,2,3,276
20400006466000,19,10,9,680.2
20400006467000,7,4,3,265.3
20400006468000,8,4,4,480
20400006470000,12,6,6,525.6
20400006471000,5,4,1,210
20400006473000,16,6,10,545.6
20400006474000,6,3,3,283.2
20400006480000,19,7,12,440.8
20400006481000,31,14,17,1184.2
20400006482000,1,1,0,0
20400006489000,1,1,0,0
20400006513000,1,1,0,0
20400006529000,1,1,0,0
20400006640000,7,5,2,359.8
20400006658000,11,3,8,376.2
20400006660000,5,3,2,114
20400006716000,295,164,131,11682
20400006717000,138,72,66,5506.2
20400006718000,79,36,43,3404.9
20400006719000,6,3,3,175.8
20400006720000,2,1,1,0
20400006722000,20,12,8,954
20400006723000,31,17,14,1751.5
20400006724000,8,4,4,304.8
20400006726000,5,1,4,255
20400006727000,6,4,2,151.2
20400006730000,8,3,5,423.2
20400006744000,6,3,3,193.8
20400006747000,9,5,4,470.7
20400006748000,41,21,20,1611.3
20400006755000,3,1,2,0
20400006756000,8,5,3,471.2
20400006757000,1,0,1,0
20400006769000,5,4,1,119
20400006805000,2,2,0,0
20400006839000,15,7,8,619.5
20400006840000,21,10,11,758.1
20400006850000,2,1,1,0
20400006851000,9,3,6,570.6
20400006853000,14,8,6,603.4
20400006854000,17,10,7,749.7
20400006855000,27,14,13,1190.7
20400006877000,17,8,9,654.5
20400006889000,1,1,0,0
20400006897000,4,3,1,0
20400006898000,12,7,5,429.6
20400006914000,11,8,3,402.6
20400006916000,40,19,21,1948
20400006922000,14,9,5,540.4
20400006925000,14,7,7,672
20400006926000,76,37,39,3017.2
20400006927000,1091,554,537,34912
20400006928000,1002,499,503,41482.8
20400006937000,10,6,4,573
20400006938000,18,12,6,851.4
20400006944000,5,3,2,352
20400006945000,1,0,1,0
20400006961000,64,33,31,2835.2
20400006962000,276,129,147,10488
20400006963000,10,5,5,358
20400006966000,69,39,30,2221.8
20400006967000,257,132,125,9329.1
20400006968000,61,34,27,2684
20410006458000,18,8,10,1188
20410006459000,58,32,26,2418.6
20410006460000,25,14,11,860
20410006461000,10,4,6,515
20410006462000,9,4,5,228.6
20410006463000,2,1,1,0
20410006464000,2,1,1,0
20410006467000,11,7,4,489.5
20410006470000,2,1,1,0
20410006473000,7,4,3,296.8
20410006474000,7,5,2,216.3
20410006478000,3,2,1,0
20410006481000,25,14,11,685
20410006482000,152,88,64,5122.4
20410006483000,7,5,2,301
20410006512000,40,17,23,1544
20410006513000,38,21,17,1679.6
20410006515000,17,8,9,792.2
20410006516000,19,11,8,661.2
20410006658000,6,3,3,283.8
20410006659000,6,2,4,307.8
20410006660000,47,23,24,2039.8
20410006661000,12,6,6,337.2
20410006720000,38,21,17,1808.8
20410006721000,19,11,8,1067.8
20410006724000,1,1,0,0
20410006725000,17,10,7,1150.9
20410006726000,1,0,1,0
20410006730000,3,1,2,0
20410006734000,22,12,10,910.8
20410006735000,26,12,14,1307.8
20410006736000,13,7,6,426.4
20410006756000,64,38,26,2329.6
20410006758000,4,2,2,0
20410006767000,14,8,6,602
20410006768000,129,58,71,6527.4
20410006769000,53,28,25,2120
20410006801000,5,2,3,180
20410006806000,13,6,7,742.3
20410006807000,8,4,4,360
20410006839000,17,6,11,695.3
20410006851000,10,5,5,555
20410006852000,5,3,2,277
20410006854000,60,32,28,2592
20410006855000,37,18,19,1735.3
20410006876000,11,6,5,360.8
20410006897000,21,9,12,1037.4
20410006898000,7,2,5,315
20410006912000,10,5,5,392
20410006913000,25,16,9,1162.5
20410006924000,11,5,6,315.7
20410006925000,18,11,7,691.2
20410006926000,35,15,20,1393
20410006927000,63,39,24,1631.7
20410006928000,59,33,26,2177.1
20410006929000,2,1,1,0
20410006936000,10,6,4,408
20410006937000,38,19,19,1744.2
20410006941000,85,36,49,4955.5
20410006956000,95,51,44,3600.5
20410006962000,38,19,19,2181.2
20410006966000,50,27,23,2065
20410006967000,81,42,39,3134.7
20410006968000,62,32,30,2610.2
20420006460000,9,6,3,345.6
20420006461000,17,9,8,489.6
20420006463000,6,4,2,168
20420006466000,3,2,1,0
20420006467000,8,4,4,326.4
20420006468000,1,1,0,0
20420006471000,1,0,1,0
20420006472000,5,3,2,188
20420006474000,13,5,8,287.3
20420006475000,14,5,9,376.6
20420006480000,1,0,1,0
20420006482000,15,7,8,301.5
20420006483000,6,4,2,229.8
20420006484000,27,12,15,1287.9
20420006486000,10,6,4,535
20420006487000,14,8,6,663.6
20420006511000,19,9,10,708.7
20420006512000,3,2,1,0
20420006640000,6,3,3,355.2
20420006641000,1,0,1,0
20420006660000,55,23,32,2546.5
20420006661000,260,135,125,12012
20420006721000,33,16,17,1237.5
20420006722000,80,42,38,3648
20420006723000,35,15,20,1092
20420006733000,9,5,4,315.9
20420006734000,8,5,3,448
20420006735000,2,1,1,0
20420006746000,12,7,5,501.6
20420006755000,2,2,0,0
20420006756000,33,14,19,1494.9
20420006767000,3,2,1,0
20420006768000,3,3,0,0
20420006769000,37,21,16,1764.9
20420006806000,2,1,1,0
20420006807000,10,4,6,485
20420006839000,7,3,4,300.3
20420006855000,34,18,16,1635.4
20420006877000,6,3,3,445.8
20420006897000,7,4,3,284.2
20420006913000,24,14,10,1104
20420006915000,7,4,3,347.9
20420006922000,3,1,2,0
20420006924000,15,8,7,754.5
20420006925000,101,51,50,3939
20420006926000,28,13,15,1201.2
20420006936000,7,4,3,359.8
20420006940000,16,10,6,598.4
20420006941000,86,46,40,3792.6
20420006949000,13,7,6,738.4
20420006956000,612,300,312,24541.2
20420006957000,1134,570,564,47968.2
20420006958000,202,109,93,8867.8
20420006961000,444,230,214,15762
20420006962000,123,60,63,4489.5
20420006967000,54,33,21,1965.6
20420006968000,145,70,75,6728
20420006969000,22,12,10,585.2
20420006970000,20,9,11,816
20430006458000,1,1,0,0
20430006459000,5,2,3,304
20430006460000,21,10,11,1081.5
20430006466000,26,16,10,1008.8
20430006468000,1,0,1,0
20430006472000,4,2,2,0
20430006482000,5,3,2,262
20430006484000,30,17,13,1248
20430006487000,4,2,2,0
20430006498000,1,1,0,0
20430006499000,16,10,6,624
20430006500000,15,12,3,534
20430006501000,13,9,4,587.6
20430006502000,3,1,2,0
20430006511000,33,16,17,1191.3
20430006512000,2,1,1,0
20430006514000,2,1,1,0
20430006661000,24,11,13,856.8
20430006722000,2,2,0,0
20430006728000,4,2,2,0
20430006735000,1,0,1,0
20430006745000,12,6,6,482.4
20430006746000,5,3,2,127
20430006756000,43,27,16,1677
20430006768000,14,8,6,621.6
20430006769000,17,8,9,812.6
20430006797000,2,1,1,0
20430006798000,18,10,8,939.6
20430006799000,13,7,6,728
20430006802000,1,0,1,0
20430006816000,8,5,3,510.4
20430006839000,9,4,5,458.1
20430006851000,4,3,1,0
20430006855000,13,6,7,902.2
20430006864000,1,1,0,0
20430006867000,8,3,5,292
20430006889000,10,6,4,630
20430006890000,6,4,2,268.8
20430006895000,4,1,3,0
20430006898000,7,5,2,391.3
20430006915000,2,1,1,0
20430006922000,36,19,17,1594.8
20430006923000,75,35,40,3802.5
20430006924000,75,43,32,2917.5
20430006925000,57,30,27,1795.5
20430006926000,26,13,13,811.2
20430006949000,16,9,7,835.2
20430006950000,1,1,0,0
20430006956000,569,273,296,19801.2
20430006957000,974,534,440,37791.2
20430006958000,421,218,203,17429.4
20430006960000,252,121,131,8416.8
20430006961000,1010,485,525,40198
20430006962000,439,219,220,16243
20430006964000,80,40,40,3288
20430006968000,69,38,31,2573.7
20430006970000,176,93,83,7356.8
20440006460000,70,36,34,3122
20440006461000,14,7,7,715.4
20440006462000,11,7,4,545.6
20440006463000,10,6,4,362
20440006464000,3,2,1,0
20440006465000,23,11,12,913.1
20440006466000,9,4,5,402.3
20440006483000,1,1,0,0
20440006489000,11,6,5,368.5
20440006490000,1,0,1,0
20440006491000,56,24,32,2212
20440006492000,67,34,33,3075.3
20440006493000,22,9,13,785.4
20440006494000,11,6,5,458.7
20440006497000,4,3,1,0
20440006498000,14,9,5,569.8
20440006499000,6,4,2,153
20440006500000,12,6,6,764.4
20440006501000,8,4,4,156.8
20440006502000,1,1,0,0
20440006503000,4,2,2,0
20440006510000,67,36,31,2807.3
20440006511000,39,20,19,1380.6
20440006661000,2,1,1,0
20440006720000,9,6,3,174.6
20440006721000,517,246,271,21765.7
20440006722000,4,3,1,0
20440006729000,1,0,1,0
20440006739000,2,1,1,0
20440006743000,3,2,1,0
20440006744000,18,11,7,914.4
20440006745000,26,14,12,1128.4
20440006746000,2,1,1,0
20440006756000,1,1,0,0
20440006768000,15,7,8,550.5
20440006769000,12,6,6,541.2
20440006770000,5,2,3,136
20440006797000,4,2,2,0
20440006798000,13,8,5,682.5
20440006799000,45,25,20,2146.5
20440006800000,20,11,9,942
20440006803000,7,4,3,406
20440006807000,7,4,3,244.3
20440006813000,1,0,1,0
20440006816000,12,6,6,532.8
20440006817000,4,2,2,0
20440006840000,8,4,4,487.2
20440006851000,2,1,1,0
20440006853000,8,3,5,283.2
20440006855000,25,13,12,1250
20440006867000,44,20,24,1711.6
20440006868000,1,0,1,0
20440006869000,3,1,2,0
20440006870000,31,17,14,1298.9
20440006877000,2,1,1,0
20440006889000,65,38,27,2782
20440006890000,60,32,28,2220
20440006895000,8,5,3,310.4
20440006898000,6,5,1,241.2
20440006901000,1,1,0,0
20440006911000,6,4,2,205.2
20440006912000,12,6,6,638.4
20440006920000,3,1,2,0
20440006921000,53,25,28,2549.3
20440006922000,8,5,3,292
20440006923000,53,28,25,1839.1
20440006925000,8,4,4,424
20440006926000,44,25,19,1931.6
20440006927000,20,7,13,538
20440006930000,2,1,1,0
20440006949000,10,5,5,489
20440006954000,83,42,41,2647.7
20440006956000,938,477,461,33111.4
20440006957000,1072,584,488,46524.8
20440006958000,1317,725,592,51099.6
20440006960000,16,8,8,321.6
20440006961000,344,177,167,13244
20440006962000,873,441,432,28110.6
20440006963000,581,292,289,20509.3
20440006964000,15,11,4,631.5
20440006965000,42,24,18,1961.4
20440006966000,5,3,2,291
20440006967000,49,25,24,1646.4
20440006968000,50,28,22,2235
20440006969000,80,41,39,3264
20440006970000,525,274,251,19582.5
20440006971000,77,33,44,2502.5
20450006458000,22,9,13,763.4
20450006460000,77,39,38,2594.9
20450006461000,26,13,13,1024.4
20450006462000,111,55,56,4362.3
20450006463000,1,0,1,0
20450006464000,18,11,7,795.6
20450006465000,7,4,3,177.1
20450006468000,6,3,3,372
20450006478000,2,1,1,0
20450006492000,2,0,2,0
20450006494000,9,4,5,258.3
20450006495000,49,23,26,1964.9
20450006496000,96,50,46,4204.8
20450006497000,80,45,35,3248
20450006506000,3,0,3,0
20450006507000,43,23,20,1767.3
20450006508000,56,29,27,1904
20450006509000,71,34,37,2627
20450006510000,4,2,2,0
20450006639000,5,3,2,108
20450006640000,16,9,7,628.8
20450006663000,3,2,1,0
20450006721000,41,19,22,1517
20450006725000,9,7,2,306
20450006737000,2,1,1,0
20450006738000,20,10,10,878
20450006739000,9,6,3,503.1
20450006740000,6,3,3,361.2
20450006741000,2,1,1,0
20450006742000,13,8,5,460.2
20450006743000,33,20,13,1257.3
20450006744000,23,11,12,1044.2
20450006746000,4,3,1,0
20450006756000,2,1,1,0
20450006769000,7,4,3,471.8
20450006770000,14,8,6,505.4
20450006794000,1,1,0,0
20450006795000,18,9,9,923.4
20450006796000,6,4,2,307.8
20450006799000,54,31,23,2316.6
20450006800000,77,37,40,3472.7
20450006801000,30,14,16,1527
20450006803000,6,3,3,229.2
20450006807000,1,1,0,0
20450006808000,3,1,2,0
20450006809000,11,6,5,445.5
20450006810000,4,3,1,0
20450006811000,11,6,5,445.5
20450006812000,9,6,3,603
20450006813000,104,53,51,4014.4
20450006814000,362,182,180,15385
20450006815000,310,143,167,12028
20450006816000,10,6,4,459
20450006822000,16,9,7,553.6
20450006823000,9,4,5,368.1
20450006851000,2,1,1,0
20450006853000,17,11,6,737.8
20450006876000,19,10,9,659.3
20450006877000,5,3,2,187
20450006885000,5,3,2,313
20450006889000,13,7,6,546
20450006910000,6,4,2,429
20450006911000,2,1,1,0
20450006913000,2,1,1,0
20450006914000,1,1,0,0
20450006920000,52,30,22,1866.8
20450006921000,27,16,11,1312.2
20450006926000,20,13,7,860
20450006927000,30,19,11,1341
20450006928000,11,7,4,594
20450006929000,9,4,5,228.6
20450006942000,2,1,1,0
20450006943000,21,13,8,1005.9
20450006953000,537,280,257,19493.1
20450006954000,204,102,102,8180.4
20450006956000,344,181,163,13244
20450006957000,1552,839,713,60528
20450006958000,1489,816,673,57773.2
20450006970000,168,98,70,6703.2
20460006458000,18,10,8,774
20460006459000,9,4,5,446.4
20460006461000,3,2,1,0
20460006462000,27,18,9,1233.9
20460006463000,464,216,248,19580.8
20460006464000,674,334,340,26825.2
20460006465000,2,1,1,0
20460006467000,9,6,3,297.9
20460006470000,2,1,1,0
20460006496000,31,19,12,982.7
20460006497000,4,3,1,0
20460006498000,6,3,3,280.8
20460006499000,11,5,6,386.1
20460006500000,3,2,1,0
20460006505000,2,1,1,0
20460006507000,8,5,3,216
20460006508000,164,90,74,5461.2
20460006726000,1,1,0,0
20460006727000,19,11,8,674.5
20460006731000,2,1,1,0
20460006737000,27,15,12,1312.2
20460006738000,359,168,191,15688.3
20460006739000,6,3,3,172.2
20460006740000,11,6,5,371.8
20460006742000,21,11,10,1035.3
20460006755000,12,8,4,601.2
20460006756000,8,3,5,332
20460006769000,38,19,19,1649.2
20460006770000,26,12,14,1081.6
20460006795000,10,9,1,419
20460006796000,2,1,1,0
20460006799000,21,11,10,905.1
20460006800000,268,136,132,10800.4
20460006801000,763,367,396,34029.8
20460006802000,12,5,7,501.6
20460006815000,53,25,28,2183.6
20460006816000,8,4,4,388
20460006821000,2,0,2,0
20460006822000,14,9,5,550.2
20460006853000,15,7,8,849
20460006855000,18,10,8,898.2
20460006867000,2,2,0,0
20460006873000,7,4,3,452.2
20460006874000,19,10,9,678.3
20460006875000,272,135,137,10444.8
20460006883000,8,2,6,298.4
20460006884000,24,13,11,1264.8
20460006889000,5,2,3,206
20460006910000,6,4,2,369
20460006911000,8,4,4,448.8
20460006913000,9,5,4,417.6
20460006914000,10,6,4,264
20460006920000,23,14,9,1230.5
20460006928000,11,5,6,497.2
20460006929000,33,20,13,1501.5
20460006930000,6,2,4,153
20460006944000,1,0,1,0
20460006949000,2,1,1,0
20460006953000,595,318,277,21241.5
20460006954000,1130,555,575,50398
20460006957000,1863,910,953,83835
20460006958000,317,155,162,11443.7
20460006959000,6,1,5,127.8
20470006458000,2,1,1,0
20470006461000,8,4,4,146.4
20470006462000,2,1,1,0
20470006463000,129,63,66,4592.4
20470006464000,322,164,158,14264.6
20470006465000,57,30,27,2428.2
20470006466000,12,5,7,723.6
20470006471000,3,3,0,0
20470006473000,3,2,1,0
20470006475000,7,4,3,289.1
20470006476000,8,3,5,472.8
20470006486000,2,1,1,0
20470006487000,2,1,1,0
20470006498000,50,26,24,1750
20470006499000,1,1,0,0
20470006502000,11,7,4,464.2
20470006503000,2,1,1,0
20470006504000,14,6,8,729.4
20470006505000,11,6,5,453.2
20470006506000,199,93,106,8517.2
20470006507000,39,13,26,1599
20470006508000,11,5,6,300.3
20470006730000,1,0,1,0
20470006731000,36,19,17,1360.8
20470006732000,4,2,2,0
20470006738000,26,11,15,1326
20470006739000,52,25,27,1965.6
20470006740000,16,8,8,692.8
20470006741000,15,8,7,790.5
20470006742000,71,39,32,2982
20470006743000,8,3,5,268
20470006755000,1,0,1,0
20470006769000,5,3,2,214
20470006770000,54,34,20,2025
20470006796000,12,6,6,555.6
20470006797000,10,5,5,355
20470006798000,1,0,1,0
20470006799000,52,23,29,2142.4
20470006800000,133,64,69,5891.9
20470006801000,60,28,32,2538
20470006802000,1,1,0,0
20470006816000,56,26,30,2581.6
20470006820000,9,5,4,375.3
20470006821000,1,1,0,0
20470006822000,9,5,4,514.8
20470006823000,3,1,2,0
20470006852000,17,11,6,537.2
20470006853000,13,6,7,611
20470006854000,9,6,3,289.8
20470006855000,12,7,5,603.6
20470006861000,19,8,11,856.9
20470006866000,1,0,1,0
20470006867000,42,21,21,1877.4
20470006873000,2,1,1,0
20470006874000,93,48,45,4017.6
20470006875000,72,35,37,3513.6
20470006886000,6,2,4,208.8
20470006887000,6,3,3,208.8
20470006896000,6,4,2,253.2
20470006898000,4,2,2,0
20470006909000,1,1,0,0
20470006910000,15,6,9,766.5
20470006911000,72,39,33,3153.6
20470006919000,40,22,18,1320
20470006920000,7,3,4,202.3
20470006921000,1,1,0,0
20470006929000,4,2,2,0
20470006930000,24,12,12,912
20470006949000,6,2,4,181.2
20470006953000,204,109,95,7833.6
20470006954000,1118,559,559,40918.8
20470006955000,119,60,59,4403
20470006957000,1217,583,634,51722.5
20470006958000,51,26,25,1570.8
20470006959000,101,52,49,3333
20470006960000,424,212,212,14458.4
20470006973000,13,7,6,730.6
20480006456000,4,3,1,0
20480006458000,54,25,29,1836
20480006461000,31,17,14,1230.7
20480006462000,47,22,25,1739
20480006464000,5,3,2,79
20480006465000,65,34,31,2541.5
20480006466000,13,8,5,540.8
20480006467000,3,1,2,0
20480006469000,2,1,1,0
20480006470000,3,1,2,0
20480006473000,7,3,4,261.8
20480006477000,6,3,3,187.8
20480006478000,3,2,1,0
20480006480000,11,3,8,282.7
20480006482000,5,2,3,127
20480006485000,6,3,3,247.2
20480006493000,11,5,6,390.5
20480006497000,8,3,5,292
20480006498000,12,7,5,324
20480006499000,3,1,2,0
20480006500000,8,5,3,352
20480006503000,1,1,0,0
20480006504000,39,18,21,1185.6
20480006505000,4,2,2,0
20480006728000,25,10,15,1037.5
20480006732000,9,6,3,412.2
20480006739000,6,3,3,103.8
20480006741000,3,2,1,0
20480006768000,10,7,3,654
20480006770000,5,3,2,271
20480006771000,5,2,3,307
20480006772000,14,7,7,527.8
20480006773000,7,5,2,268.8
20480006797000,37,20,17,2090.5
20480006798000,6,3,3,271.2
20480006805000,10,4,6,376
20480006806000,8,5,3,392.8
20480006820000,7,4,3,97.3
20480006825000,16,8,8,532.8
20480006826000,2,1,1,0
20480006851000,12,6,6,331.2
20480006855000,291,149,142,11028.9
20480006856000,197,105,92,9062
20480006861000,5,1,4,220
20480006873000,2,1,1,0
20480006874000,27,13,14,1420.2
20480006875000,36,21,15,1288.8
20480006877000,3,2,1,0
20480006883000,4,2,2,0
20480006885000,13,9,4,418.6
20480006886000,11,7,4,419.1
20480006903000,19,11,8,543.4
20480006910000,6,3,3,360
20480006911000,2,1,1,0
20480006920000,2,1,1,0
20480006921000,12,6,6,394.8
20480006922000,11,4,7,489.5
20480006930000,1,1,0,0
20480006932000,2,1,1,0
20480006942000,3,2,1,0
20480006943000,19,9,10,839.8
20480006944000,112,58,54,4939.2
20480006949000,16,9,7,796.8
20480006950000,47,23,24,1833
20480006953000,219,118,101,9000.9
20480006954000,572,299,273,20477.6
20480006956000,43,19,24,2511.2
20480006957000,1266,641,625,50386.8
20480006960000,281,135,146,8992
20480006963000,7,3,4,429.8
20480006964000,2,1,1,0
20480006972000,6,3,3,345
20480006975000,8,5,3,456
20480006978000,2,1,1,0
20490006455000,1,1,0,0
20490006457000,12,5,7,480
20490006458000,66,32,34,2725.8
20490006459000,34,17,17,1247.8
20490006460000,5,3,2,168
20490006461000,24,11,13,931.2
20490006462000,28,15,13,996.8
20490006465000,24,14,10,655.2
20490006466000,41,22,19,1726.1
20490006467000,100,58,42,3870
20490006468000,90,44,46,3600
20490006471000,4,3,1,0
20490006476000,2,1,1,0
20490006479000,6,3,3,343.8
20490006480000,2,1,1,0
20490006481000,5,3,2,318
20490006484000,9,6,3,215.1
20490006492000,9,6,3,323.1
20490006493000,16,8,8,555.2
20490006496000,5,2,3,123
20490006501000,2,2,0,0
20490006503000,7,5,2,282.1
20490006504000,1,0,1,0
20490006729000,30,14,16,1371
20490006755000,11,7,4,650.1
20490006771000,7,4,3,454.3
20490006773000,12,8,4,442.8
20490006796000,13,7,6,630.5
20490006806000,17,9,8,819.4
20490006807000,10,3,7,408
20490006815000,2,1,1,0
20490006820000,4,2,2,0
20490006825000,3,1,2,0
20490006826000,5,2,3,192
20490006827000,11,5,6,579.7
20490006828000,20,9,11,778
20490006829000,10,5,5,534
20490006856000,9,5,4,595.8
20490006857000,33,18,15,1184.7
20490006858000,8,4,4,408
20490006873000,16,9,7,452.8
20490006874000,32,19,13,1520
20490006875000,26,14,12,1021.8
20490006885000,8,5,3,436.8
20490006896000,2,1,1,0
20490006900000,16,9,7,462.4
20490006911000,3,1,2,0
20490006921000,4,2,2,0
20490006922000,43,21,22,1294.3
20490006941000,1,0,1,0
20490006942000,5,3,2,106
20490006943000,26,15,11,1315.6
20490006944000,70,39,31,3283
20490006949000,13,8,5,591.5
20490006950000,193,104,89,6233.9
20490006951000,180,103,77,6480
20490006953000,227,121,106,8921.1
20490006955000,292,131,161,12439.2
20490006956000,647,356,291,23744.9
20490006957000,1513,742,771,63999.9
20490006958000,65,36,29,1956.5
20490006960000,41,21,20,1512.9
20490006961000,30,11,19,738
20490006972000,100,58,42,5160
20490006973000,67,32,35,3175.8
20490006974000,19,7,12,617.5
20490006975000,14,6,8,673.4
20490006978000,28,14,14,1268.4
20490006980000,9,5,4,242.1
20500006456000,33,18,15,1310.1
20500006457000,9,5,4,371.7
20500006458000,37,19,18,1135.9
20500006459000,41,19,22,1316.1
20500006461000,3,2,1,0
20500006463000,2,1,1,0
20500006465000,10,4,6,256
20500006466000,1,1,0,0
20500006468000,33,15,18,1178.1
20500006472000,3,2,1,0
20500006473000,23,9,14,706.1
20500006474000,5,3,2,286
20500006475000,22,10,12,842.6
20500006476000,131,67,64,4388.5
20500006477000,2,1,1,0
20500006478000,48,24,24,2193.6
20500006479000,13,7,6,468
20500006482000,6,2,4,210
20500006483000,9,5,4,439.2
20500006486000,2,1,1,0
20500006499000,1,1,0,0
20500006744000,3,2,1,0
20500006754000,1,1,0,0
20500006755000,5,3,2,175
20500006795000,9,6,3,295.2
20500006808000,51,27,24,1871.7
20500006809000,62,34,28,2957.4
20500006810000,41,20,21,1845
20500006814000,3,2,1,0
20500006817000,2,1,1,0
20500006858000,25,13,12,1045
20500006859000,14,9,5,621.6
20500006873000,11,6,5,509.3
20500006874000,35,21,14,1337
20500006875000,14,5,9,432.6
20500006885000,4,1,3,0
20500006896000,10,7,3,572
20500006897000,2,1,1,0
20500006900000,2,1,1,0
20500006907000,11,7,4,680.9
20500006908000,4,3,1,0
20500006909000,4,2,2,0
20500006910000,17,10,7,935
20500006911000,1,1,0,0
20500006921000,5,3,2,298
20500006922000,33,19,14,1494.9
20500006923000,9,5,4,425.7
20500006951000,262,138,124,9615.4
20500006952000,756,393,363,27140.4
20500006953000,561,308,253,22159.5
20500006954000,25,13,12,1105
20500006955000,825,391,434,37125
20500006956000,1327,686,641,45250.7
20500006957000,392,211,181,13876.8
20500006959000,142,73,69,5836.2
20500006960000,10,5,5,381
20500006961000,67,33,34,2479
20500006967000,3,1,2,0
20500006972000,5,4,1,274
20500006973000,89,46,43,4174.1
20500006974000,7,5,2,408.8
20500006977000,40,22,18,1912
20500006980000,19,8,11,872.1
20510006455000,31,15,16,1019.9
20510006456000,111,58,53,3862.8
20510006457000,6,3,3,265.8
20510006459000,51,24,27,2111.4
20510006460000,19,9,10,809.4
20510006461000,86,53,33,3001.4
20510006463000,11,7,4,498.3
20510006464000,1,1,0,0
20510006466000,6,2,4,190.8
20510006469000,6,4,2,211.8
20510006471000,12,6,6,577.2
20510006472000,21,11,10,781.2
20510006473000,24,10,14,1075.2
20510006475000,32,17,15,985.6
20510006481000,2,1,1,0
20510006482000,43,22,21,1556.6
20510006483000,16,8,8,702.4
20510006491000,4,3,1,0
20510006493000,19,11,8,908.2
20510006499000,5,4,1,79
20510006731000,15,8,7,544.5
20510006733000,10,6,4,448
20510006744000,1,0,1,0
20510006745000,1,0,1,0
20510006754000,5,3,2,265
20510006777000,17,7,10,727.6
20510006778000,4,2,2,0
20510006780000,2,1,1,0
20510006809000,55,26,29,2772
20510006810000,91,51,40,3330.6
20510006814000,1,1,0,0
20510006815000,1,1,0,0
20510006859000,39,20,19,1645.8
20510006860000,14,7,7,498.4
20510006873000,24,11,13,1068
20510006874000,36,16,20,1468.8
20510006875000,30,15,15,1437
20510006876000,3,2,1,0
20510006881000,3,2,1,0
20510006885000,79,37,42,3547.1
20510006886000,32,16,16,1382.4
20510006896000,10,4,6,637
20510006897000,10,4,6,336
20510006907000,6,3,3,264
20510006908000,22,9,13,1073.6
20510006909000,7,5,2,321.3
20510006923000,16,10,6,537.6
20510006924000,28,17,11,991.2
20510006951000,427,204,223,14091
20510006952000,115,57,58,3990.5
20510006953000,111,62,49,4051.5
20510006954000,25,10,15,1120
20510006955000,958,475,483,37074.6
20510006956000,844,435,409,30130.8
20510006959000,73,38,35,2949.2
20510006961000,1,1,0,0
20510006963000,34,17,17,1604.8
20510006964000,8,5,3,376
20510006966000,280,159,121,8764
20510006967000,1,0,1,0
20510006976000,20,14,6,932
20510006977000,17,9,8,867
20520006455000,34,15,19,1570.8
20520006456000,458,233,225,17953.6
20520006457000,430,218,212,17587
20520006458000,185,97,88,5439
20520006459000,51,22,29,2019.6
20520006460000,4,2,2,0
20520006462000,9,5,4,206.1
20520006464000,8,4,4,467.2
20520006465000,2,1,1,0
20520006466000,11,7,4,463.1
20520006467000,5,3,2,231
20520006469000,4,2,2,0
20520006473000,8,4,4,280
20520006478000,2,1,1,0
20520006480000,8,4,4,367.2
20520006481000,3,1,2,0
20520006482000,8,5,3,332
20520006484000,23,13,10,883.2
20520006485000,206,102,104,8549
20520006486000,32,14,18,1478.4
20520006487000,150,74,76,5385
20520006488000,19,8,11,735.3
20520006494000,12,8,4,429.6
20520006505000,9,5,4,449.1
20520006506000,21,10,11,697.2
20520006731000,13,8,5,643.5
20520006733000,6,4,2,364.2
20520006780000,12,7,5,364.8
20520006859000,3,1,2,0
20520006868000,34,19,15,1067.6
20520006869000,20,13,7,832
20520006870000,6,2,4,183
20520006871000,26,13,13,1149.2
20520006872000,32,16,16,1084.8
20520006873000,210,101,109,9618
20520006874000,132,63,69,5161.2
20520006875000,8,4,4,484
20520006879000,1,0,1,0
20520006881000,42,17,25,2016
20520006885000,5,2,3,124
20520006901000,11,8,3,481.8
20520006909000,5,1,4,186
20520006923000,5,4,1,280
20520006924000,26,15,11,1073.8
20520006925000,1,1,0,0
20520006950000,227,123,104,8580.6
20520006951000,407,202,205,13715.9
20520006952000,219,117,102,8103
20520006953000,69,35,34,2615.1
20520006955000,426,220,206,17082.6
20520006956000,1444,746,698,55305.2
20520006957000,2,1,1,0
20520006958000,2,1,1,0
20520006959000,217,109,108,8745.1
20520006961000,9,6,3,387.9
20520006963000,61,31,30,2842.6
20520006964000,5,2,3,290
20520006965000,400,216,184,15960
20520006966000,184,89,95,7065.6
20520006967000,77,41,36,3349.5
20520006968000,27,17,10,1147.5
20520006969000,14,6,8,868
20520006974000,30,17,13,1188
20520006975000,11,4,7,466.4
20520006976000,53,23,30,1929.2
20520006977000,16,8,8,603.2
20520006978000,5,3,2,208
20520006980000,22,13,9,1166
20520006981000,19,12,7,927.2
20530006455000,2,1,1,0
20530006456000,565,274,291,24916.5
20530006457000,846,408,438,38493
20530006458000,176,87,89,6969.6
20530006459000,62,31,31,2157.6
20530006460000,29,9,20,870
20530006461000,21,10,11,774.9
20530006463000,13,8,5,592.8
20530006464000,17,9,8,569.5
20530006466000,1,1,0,0
20530006467000,17,9,8,712.3
20530006469000,1,0,1,0
20530006472000,7,4,3,335.3
20530006474000,17,7,10,904.4
20530006475000,5,3,2,97
20530006481000,15,8,7,343.5
20530006482000,7,4,3,175.7
20530006483000,10,6,4,375
20530006484000,2,1,1,0
20530006485000,2,2,0,0
20530006487000,37,17,20,984.2
20530006488000,91,46,45,3831.1
20530006489000,38,23,15,1770.8
20530006490000,2,2,0,0
20530006491000,4,2,2,0
20530006495000,15,5,10,507
20530006499000,2,1,1,0
20530006505000,3,1,2,0
20530006509000,3,2,1,0
20530006510000,4,2,2,0
20530006731000,28,17,11,1212.4
20530006733000,10,5,5,602
20530006734000,5,2,3,131
20530006775000,3,1,2,0
20530006849000,6,1,5,283.8
20530006859000,6,4,2,301.8
20530006869000,12,7,5,421.2
20530006870000,6,2,4,129
20530006871000,7,3,4,317.1
20530006880000,1,1,0,0
20530006881000,80,38,42,3592
20530006885000,51,27,24,2228.7
20530006896000,14,8,6,551.6
20530006897000,9,5,4,474.3
20530006898000,5,4,1,208
20530006924000,19,9,10,936.7
20530006925000,16,9,7,542.4
20530006942000,1,0,1,0
20530006943000,3,2,1,0
20530006944000,1,1,0,0
20530006950000,227,112,115,8716.8
20530006951000,267,143,124,9531.9
20530006952000,78,37,41,2503.8
20530006953000,81,40,41,3029.4
20530006955000,787,396,391,32109.6
20530006956000,1537,777,760,63631.8
20530006959000,55,28,27,2321
20530006960000,9,6,3,354.6
20530006961000,62,33,29,2666
20530006963000,21,11,10,894.6
20530006964000,15,8,7,958.5
20530006965000,85,43,42,3867.5
20530006969000,11,7,4,411.4
20530006970000,47,25,22,2119.7
20530006974000,6,3,3,253.8
20530006975000,268,134,134,11926
20530006976000,64,38,26,2694.4
20530006978000,25,16,9,982.5
20530006979000,104,57,47,4035.2
20530006980000,158,77,81,6778.2
20540006455000,9,5,4,611.1
20540006456000,1600,764,836,73600
20540006457000,1212,559,653,53328
20540006458000,700,352,348,23940
20540006459000,47,26,21,1687.3
20540006460000,42,19,23,1146.6
20540006461000,5,4,1,241
20540006462000,9,5,4,471.6
20540006463000,12,6,6,375.6
20540006465000,2,1,1,0
20540006466000,2,1,1,0
20540006467000,4,2,2,0
20540006470000,12,4,8,243.6
20540006473000,8,3,5,278.4
20540006480000,2,1,1,0
20540006481000,4,2,2,0
20540006483000,3,1,2,0
20540006484000,12,7,5,278.4
20540006491000,4,1,3,0
20540006492000,41,22,19,1119.3
20540006493000,22,15,7,888.8
20540006494000,3,2,1,0
20540006495000,36,18,18,1108.8
20540006496000,3,1,2,0
20540006498000,13,8,5,452.4
20540006499000,66,36,30,2171.4
20540006500000,2,1,1,0
20540006501000,1,1,0,0
20540006503000,19,10,9,632.7
20540006733000,2,1,1,0
20540006774000,3,2,1,0
20540006813000,13,8,5,549.9
20540006849000,6,4,2,319.8
20540006859000,9,5,4,448.2
20540006874000,7,5,2,385.7
20540006881000,105,50,55,4777.5
20540006882000,26,16,10,1375.4
20540006886000,59,32,27,2318.7
20540006887000,14,9,5,798
20540006888000,9,5,4,480.6
20540006896000,19,8,11,834.1
20540006897000,4,3,1,0
20540006924000,7,4,3,273.7
20540006925000,63,31,32,2784.6
20540006926000,6,2,4,241.2
20540006940000,5,2,3,199
20540006941000,5,1,4,94
20540006950000,35,15,20,1519
20540006951000,101,62,39,4161.2
20540006952000,1050,536,514,36855
20540006953000,271,138,133,9647.6
20540006954000,645,305,340,21285
20540006955000,1094,550,544,45072.8
20540006956000,805,393,412,33488
20540006957000,6,3,3,129
20540006959000,107,59,48,4718.7
20540006960000,2,1,1,0
20540006963000,23,13,10,1189.1
20540006970000,51,27,24,2142
20540006971000,3,2,1,0
20540006977000,5,4,1,317
20540006978000,58,29,29,2673.8
20540006979000,11,5,6,443.3
20550006455000,100,56,44,4290
20550006456000,1643,777,866,73606.4
20550006457000,1219,639,580,43030.7
20550006458000,237,127,110,8769
20550006461000,17,10,7,700.4
20550006462000,19,9,10,708.7
20550006463000,3,2,1,0
20550006464000,17,7,10,421.6
20550006468000,9,4,5,271.8
20550006471000,2,1,1,0
20550006475000,3,1,2,0
20550006479000,9,3,6,288
20550006482000,23,12,11,609.5
20550006484000,2,1,1,0
20550006485000,2,1,1,0
20550006486000,6,3,3,237
20550006487000,3,2,1,0
20550006489000,6,4,2,153
20550006490000,14,8,6,466.2
20550006492000,8,4,4,156
20550006493000,19,7,12,796.1
20550006500000,53,26,27,1886.8
20550006501000,3,2,1,0
20550006511000,2,1,1,0
20550006512000,12,6,6,396
20550006513000,2,0,2,0
20550006514000,17,9,8,583.1
20550006731000,5,3,2,314
20550006741000,2,1,1,0
20550006743000,5,3,2,219
20550006756000,5,4,1,296
20550006774000,16,9,7,576
20550006775000,1,0,1,0
20550006804000,11,3,8,471.9
20550006811000,7,3,4,336
20550006827000,2,0,2,0
20550006849000,5,2,3,195
20550006859000,4,2,2,0
20550006874000,29,13,16,1075.9
20550006879000,2,1,1,0
20550006882000,10,6,4,549
20550006887000,61,31,30,2330.2
20550006888000,57,30,27,2211.6
20550006894000,3,2,1,0
20550006895000,17,9,8,719.1
20550006896000,11,5,6,621.5
20550006899000,19,8,11,767.6
20550006900000,21,12,9,774.9
20550006901000,11,6,5,543.4
20550006902000,12,7,5,440.4
20550006911000,20,10,10,792
20550006925000,13,6,7,380.9
20550006926000,38,20,18,1208.4
20550006932000,19,12,7,925.3
20550006933000,8,3,5,256.8
20550006935000,3,2,1,0
20550006936000,3,1,2,0
20550006937000,1,1,0,0
20550006939000,1,1,0,0
20550006951000,80,37,43,2936
20550006952000,1100,573,527,40700
20550006953000,1198,597,601,46841.8
20550006954000,1186,584,602,41984.4
20550006955000,1867,884,983,85882
20550006956000,1256,593,663,58906.4
20550006959000,170,95,75,5712
20550006963000,109,58,51,4708.8
20550006970000,2,1,1,0
20550006971000,76,41,35,3716.4
20550006977000,5,3,2,353
20560006455000,45,25,20,2097
20560006456000,813,400,413,26747.7
20560006457000,222,105,117,9856.8
20560006458000,20,12,8,756
20560006460000,9,6,3,230.4
20560006461000,27,15,12,785.7
20560006465000,4,1,3,0
20560006466000,9,3,6,206.1
20560006468000,5,3,2,301
20560006471000,12,6,6,310.8
20560006473000,21,14,7,945
20560006475000,1,1,0,0
20560006478000,2,1,1,0
20560006479000,5,1,4,127
20560006480000,2,1,1,0
20560006481000,6,5,1,334.2
20560006483000,10,6,4,263
20560006485000,5,3,2,206
20560006486000,3,3,0,0
20560006490000,2,1,1,0
20560006491000,11,6,5,386.1
20560006493000,10,6,4,322
20560006494000,11,4,7,344.3
20560006499000,25,11,14,1065
20560006500000,229,105,124,8541.7
20560006501000,2,1,1,0
20560006505000,15,7,8,652.5
20560006507000,7,4,3,433.3
20560006513000,5,3,2,99
20560006514000,9,3,6,450
20560006738000,6,2,4,175.2
20560006739000,6,3,3,268.2
20560006740000,3,2,1,0
20560006741000,45,21,24,1917
20560006742000,23,11,12,1005.1
20560006743000,8,5,3,359.2
20560006775000,2,1,1,0
20560006804000,4,2,2,0
20560006805000,28,17,11,1192.8
20560006806000,55,29,26,2002
20560006807000,28,15,13,1195.6
20560006811000,34,17,17,1462
20560006828000,1,1,0,0
20560006859000,26,13,13,1445.6
20560006874000,10,7,3,479
20560006889000,4,2,2,0
20560006890000,2,1,1,0
20560006894000,20,11,9,722
20560006895000,2,1,1,0
20560006899000,301,149,152,13394.5
20560006900000,189,94,95,6841.8
20560006901000,43,23,20,1947.9
20560006902000,59,27,32,2430.8
20560006925000,11,4,7,484
20560006926000,25,13,12,1280
20560006943000,25,10,15,912.5
20560006944000,18,9,9,793.8
20560006945000,2,1,1,0
20560006946000,58,27,31,2476.6
20560006950000,41,22,19,1414.5
20560006951000,918,465,453,27815.4
20560006952000,577,297,280,22329.9
20560006953000,208,106,102,8424
20560006955000,992,516,476,36406.4
20560006956000,597,290,307,22089
20560006957000,593,316,277,18976
20560006959000,120,63,57,4308
20560006963000,34,15,19,1458.6
20560006970000,18,9,9,795.6
20560006971000,115,56,59,4922
20560006972000,6,4,2,240
20560006977000,25,11,14,1067.5
20560006978000,9,3,6,401.4
20570006452000,137,70,67,5671.8
20570006454000,10,7,3,457
20570006456000,749,385,364,26514.6
20570006457000,271,147,124,9918.6
20570006458000,76,50,26,2827.2
20570006459000,1,1,0,0
20570006461000,7,3,4,189
20570006464000,27,14,13,977.4
20570006465000,4,2,2,0
20570006466000,4,2,2,0
20570006467000,15,6,9,718.5
20570006468000,4,2,2,0
20570006469000,7,4,3,336
20570006472000,8,4,4,220.8
20570006473000,4,2,2,0
20570006480000,5,3,2,250
20570006481000,1,1,0,0
20570006483000,15,6,9,661.5
20570006484000,2,1,1,0
20570006485000,6,5,1,292.8
20570006487000,3,1,2,0
20570006495000,7,4,3,212.8
20570006496000,1,1,0,0
20570006499000,22,13,9,941.6
20570006500000,35,18,17,1599.5
20570006501000,20,9,11,738
20570006502000,21,10,11,804.3
20570006507000,3,2,1,0
20570006514000,9,3,6,303.3
20570006515000,18,10,8,698.4
20570006516000,2,2,0,0
20570006540000,1,1,0,0
20570006541000,4,2,2,0
20570006739000,6,3,3,250.8
20570006740000,36,17,19,1299.6
20570006741000,163,86,77,7954.4
20570006742000,255,120,135,9817.5
20570006776000,36,17,19,1796.4
20570006803000,9,6,3,443.7
20570006804000,26,11,15,956.8
20570006805000,3,2,1,0
20570006806000,18,8,10,648
20570006807000,41,18,23,2308.3
20570006811000,41,19,22,2000.8
20570006856000,5,3,2,126
20570006859000,18,9,9,662.4
20570006860000,18,7,11,595.8
20570006870000,36,20,16,1627.2
20570006871000,12,5,7,568.8
20570006884000,2,1,1,0
20570006890000,17,8,9,528.7
20570006893000,11,7,4,431.2
20570006894000,10,6,4,413
20570006898000,9,4,5,240.3
20570006901000,27,10,17,1306.8
20570006902000,101,57,44,4060.2
20570006903000,1,1,0,0
20570006911000,9,5,4,348.3
20570006912000,10,5,5,393
20570006926000,178,85,93,9398.4
20570006927000,4,3,1,0
20570006944000,54,24,30,2235.6
20570006945000,209,111,98,7753.9
20570006946000,12,6,6,716.4
20570006950000,24,8,16,621.6
20570006951000,1223,638,585,44394.9
20570006952000,77,37,40,2918.3
20570006955000,11,9,2,415.8
20570006956000,170,88,82,6681
20570006957000,11,6,5,409.2
20570006958000,2,1,1,0
20570006959000,242,125,117,9607.4
20570006963000,50,24,26,2360
20570006970000,3,1,2,0
20570006971000,78,41,37,3315
20570006977000,17,10,7,686.8
20570006978000,17,9,8,936.7
20580006451000,164,89,75,6461.6
20580006452000,26,12,14,1034.8
20580006453000,13,6,7,742.3
20580006454000,54,21,33,1900.8
20580006455000,9,3,6,205.2
20580006456000,67,34,33,2231.1
20580006457000,73,36,37,2825.1
20580006458000,9,5,4,578.7
20580006459000,50,28,22,1635
20580006460000,41,20,21,1734.3
20580006461000,5,1,4,181
20580006462000,5,1,4,97
20580006463000,3,2,1,0
20580006464000,14,6,8,404.6
20580006468000,1,1,0,0
20580006471000,9,4,5,321.3
20580006472000,11,6,5,320.1
20580006478000,14,8,6,453.6
20580006480000,5,2,3,282
20580006482000,7,4,3,223.3
20580006483000,10,6,4,299
20580006484000,1,1,0,0
20580006487000,3,1,2,0
20580006488000,2,1,1,0
20580006492000,12,5,7,367.2
20580006494000,13,4,9,377
20580006495000,2,2,0,0
20580006504000,14,7,7,494.2
20580006506000,14,8,6,648.2
20580006509000,4,3,1,0
20580006510000,3,2,1,0
20580006516000,3,3,0,0
20580006541000,21,10,11,837.9
20580006542000,2,1,1,0
20580006739000,20,9,11,826
20580006740000,10,6,4,348
20580006741000,119,63,56,4998
20580006742000,133,75,58,6636.7
20580006743000,13,6,7,556.4
20580006776000,1,1,0,0
20580006777000,2,2,0,0
20580006810000,16,8,8,785.6
20580006811000,29,18,11,1244.1
20580006830000,1,1,0,0
20580006832000,2,2,0,0
20580006835000,5,2,3,184
20580006859000,3,1,2,0
20580006884000,38,23,15,1698.6
20580006885000,44,21,23,1790.8
20580006887000,35,16,19,1613.5
20580006890000,33,19,14,1303.5
20580006892000,17,9,8,612
20580006894000,21,12,9,913.5
20580006895000,14,7,7,824.6
20580006898000,8,5,3,379.2
20580006902000,37,24,13,1339.4
20580006913000,8,4,4,343.2
20580006926000,7,3,4,210.7
20580006927000,59,30,29,2448.5
20580006933000,1,1,0,0
20580006945000,1,0,1,0
20580006946000,16,7,9,766.4
20580006947000,50,23,27,2100
20580006951000,359,187,172,14898.5
20580006952000,64,39,25,2643.2
20580006955000,4,3,1,0
20580006956000,28,15,13,988.4
20580006957000,5,2,3,347
20580006958000,9,6,3,254.7
20580006959000,120,69,51,4500
20580006960000,4,3,1,0
20580006963000,27,16,11,1290.6
20580006970000,43,23,20,1320.1
20580006971000,13,6,7,750.1
20580006981000,1,1,0,0
20580006982000,4,2,2,0
20590006451000,24,12,12,1159.2
20590006452000,50,21,29,2140
20590006453000,39,18,21,1240.2
20590006454000,122,65,57,4392
20590006455000,44,25,19,2024
20590006457000,47,28,19,2072.7
20590006458000,21,11,10,932.4
20590006459000,5,3,2,150
20590006461000,55,28,27,2447.5
20590006462000,93,42,51,3664.2
20590006463000,470,231,239,16732
20590006464000,33,16,17,1283.7
20590006466000,9,5,4,461.7
20590006468000,6,4,2,286.8
20590006469000,9,5,4,281.7
20590006471000,3,2,1,0
20590006472000,8,3,5,316
20590006477000,1,0,1,0
20590006478000,17,8,9,739.5
20590006479000,7,3,4,235.9
20590006482000,24,16,8,696
20590006486000,1,1,0,0
20590006487000,2,0,2,0
20590006488000,20,14,6,844
20590006491000,7,3,4,165.2
20590006492000,6,2,4,210
20590006494000,8,4,4,212
20590006509000,9,6,3,491.4
20590006510000,5,2,3,118
20590006512000,2,1,1,0
20590006513000,37,15,22,1291.3
20590006520000,6,1,5,292.2
20590006521000,53,32,21,2220.7
20590006522000,78,37,41,3361.8
20590006523000,27,14,13,704.7
20590006740000,7,4,3,198.8
20590006741000,60,28,32,2238
20590006742000,78,39,39,3385.2
20590006743000,10,6,4,497
20590006780000,7,6,1,399
20590006781000,2,1,1,0
20590006806000,2,1,1,0
20590006810000,84,42,42,3721.2
20590006811000,25,16,9,1180
20590006833000,5,4,1,321
20590006835000,81,40,41,3645
20590006836000,2,1,1,0
20590006859000,10,7,3,267
20590006883000,7,2,5,300.3
20590006885000,125,67,58,4887.5
20590006886000,203,100,103,9784.6
20590006890000,10,4,6,266
20590006892000,8,3,5,263.2
20590006893000,1,1,0,0
20590006894000,14,9,5,666.4
20590006901000,7,3,4,266
20590006902000,26,11,15,910
20590006903000,1,1,0,0
20590006913000,6,3,3,295.8
20590006914000,3,1,2,0
20590006915000,1,0,1,0
20590006916000,5,3,2,164
20590006930000,1,0,1,0
20590006931000,5,2,3,103
20590006932000,5,3,2,210
20590006946000,71,38,33,2470.8
20590006947000,49,30,19,1837.5
20590006951000,736,378,358,25171.2
20590006952000,148,79,69,6290
20590006956000,35,24,11,1221.5
20590006958000,11,7,4,331.1
20590006959000,44,29,15,1276
20590006960000,245,132,113,8379
20590006962000,54,28,26,1749.6
20590006963000,20,9,11,1098
20590006970000,7,3,4,326.2
20590006971000,25,15,10,1367.5
20590006980000,4,3,1,0
20590006981000,23,12,11,1407.6
20590006982000,19,8,11,1312.9
20600006453000,1,0,1,0
20600006454000,137,68,69,4808.7
20600006455000,4,1,3,0
20600006457000,80,47,33,3256
20600006458000,7,4,3,319.9
20600006459000,9,6,3,336.6
20600006463000,90,43,47,4770
20600006464000,98,54,44,3341.8
20600006465000,18,9,9,721.8
20600006466000,104,51,53,3608.8
20600006467000,30,15,15,1248
20600006473000,4,2,2,0
20600006474000,2,1,1,0
20600006475000,71,41,30,2222.3
20600006476000,74,25,49,4247.6
20600006477000,50,24,26,1310
20600006478000,26,16,10,928.2
20600006479000,29,18,11,1363
20600006480000,187,95,92,7349.1
20600006481000,10,4,6,280
20600006482000,21,9,12,850.5
20600006486000,21,11,10,812.7
20600006487000,8,6,2,374.4
20600006489000,1,1,0,0
20600006490000,7,3,4,221.9
20600006494000,12,7,5,468
20600006495000,20,11,9,646
20600006501000,30,16,14,1233
20600006505000,19,8,11,767.6
20600006506000,2,0,2,0
20600006507000,8,5,3,452.8
20600006511000,5,3,2,235
20600006512000,10,5,5,271
20600006515000,3,3,0,0
20600006521000,108,53,55,4093.2
20600006522000,113,49,64,4881.6
20600006523000,1,1,0,0
20600006527000,5,3,2,208
20600006535000,1,1,0,0
20600006731000,8,4,4,426.4
20600006740000,9,7,2,225.9
20600006741000,24,14,10,1324.8
20600006756000,2,2,0,0
20600006806000,14,7,7,649.6
20600006810000,20,10,10,840
20600006811000,440,207,233,17336
20600006832000,4,2,2,0
20600006836000,20,13,7,852
20600006837000,17,7,10,535.5
20600006838000,8,4,4,335.2
20600006839000,2,1,1,0
20600006840000,3,1,2,0
20600006859000,12,6,6,518.4
20600006884000,11,7,4,500.5
20600006885000,74,37,37,2730.6
20600006886000,9,5,4,524.7
20600006888000,9,4,5,393.3
20600006890000,52,31,21,1742
20600006891000,17,10,7,603.5
20600006892000,2,2,0,0
20600006893000,2,2,0,0
20600006894000,3,2,1,0
20600006902000,37,20,17,1731.6
20600006914000,19,7,12,1219.8
20600006916000,2,1,1,0
20600006923000,2,1,1,0
20600006925000,11,6,5,653.4
20600006947000,30,14,16,1338
20600006951000,333,162,171,10889.1
20600006952000,47,24,23,2039.8
20600006956000,33,15,18,1300.2
20600006958000,2,1,1,0
20600006960000,19,9,10,811.3
20600006962000,30,12,18,1521
20600006969000,29,16,13,1310.8
20600006971000,49,23,26,1969.8
20600006980000,14,7,7,838.6
20600006982000,9,5,4,344.7
20610006453000,6,3,3,244.2
20610006459000,21,11,10,665.7
20610006460000,17,11,6,586.5
20610006464000,5,3,2,156
20610006465000,13,7,6,534.3
20610006467000,36,18,18,1335.6
20610006468000,14,6,8,441
20610006473000,18,10,8,676.8
20610006474000,25,12,13,1212.5
20610006475000,118,58,60,4684.6
20610006476000,21,10,11,959.7
20610006477000,21,13,8,667.8
20610006478000,9,5,4,323.1
20610006479000,4,2,2,0
20610006481000,1,1,0,0
20610006482000,3,1,2,0
20610006484000,1,1,0,0
20610006485000,5,3,2,305
20610006486000,13,6,7,396.5
20610006487000,5,4,1,97
20610006501000,18,6,12,655.2
20610006503000,3,1,2,0
20610006506000,6,4,2,334.2
20610006507000,47,19,28,1941.1
20610006508000,27,15,12,1012.5
20610006511000,7,3,4,198.1
20610006512000,19,11,8,581.4
20610006515000,18,8,10,835.2
20610006524000,2,1,1,0
20610006806000,8,4,4,280
20610006810000,63,31,32,2186.1
20610006811000,157,77,80,6405.6
20610006836000,1,1,0,0
20610006837000,30,11,19,1029
20610006838000,17,7,10,800.7
20610006839000,36,21,15,1256.4
20610006840000,2,1,1,0
20610006859000,16,8,8,756.8
20610006890000,37,16,21,1661.3
20610006901000,6,4,2,400.8
20610006902000,35,18,17,1340.5
20610006915000,1,1,0,0
20610006916000,8,4,4,519.2
20610006926000,5,2,3,147
20610006947000,36,17,19,1458
20610006951000,66,38,28,2798.4
20610006956000,2,1,1,0
20610006957000,38,20,18,1273
20610006958000,3,1,2,0
20610006959000,18,10,8,844.2
20610006960000,12,8,4,513.6
20610006962000,26,13,13,1118
20610006965000,12,6,6,400.8
20610006966000,1,0,1,0
20610006967000,121,61,60,4912.6
20610006968000,471,254,217,17992.2
20610006969000,795,416,379,32515.5
20610006970000,611,304,307,28289.3
20610006971000,429,222,207,12870
20610006980000,2,1,1,0
20610006981000,3,2,1,0
20610006982000,35,17,18,2128
20620006453000,69,36,33,3105
20620006457000,22,13,9,829.4
20620006458000,89,42,47,3141.7
20620006459000,59,34,25,2796.6
20620006460000,6,3,3,352.2
20620006461000,11,6,5,475.2
20620006462000,25,13,12,675
20620006463000,8,4,4,564.8
20620006470000,28,16,12,960.4
20620006471000,194,94,100,7488.4
20620006472000,178,93,85,7404.8
20620006473000,17,7,10,817.7
20620006476000,4,3,1,0
20620006480000,1,1,0,0
20620006485000,9,3,6,473.4
20620006488000,6,4,2,232.8
20620006489000,2,1,1,0
20620006490000,9,5,4,370.8
20620006492000,4,2,2,0
20620006493000,1,1,0,0
20620006507000,6,4,2,268.8
20620006508000,1,1,0,0
20620006515000,6,3,3,163.8
20620006516000,14,8,6,354.2
20620006524000,1,1,0,0
20620006525000,16,9,7,624
20620006526000,23,12,11,825.7
20620006527000,10,6,4,347
20620006657000,7,4,3,226.1
20620006809000,8,5,3,352
20620006810000,518,234,284,22325.8
20620006811000,518,270,248,19943
20620006837000,1,1,0,0
20620006838000,2,1,1,0
20620006839000,4,2,2,0
20620006857000,10,4,6,268
20620006858000,2,2,0,0
20620006887000,6,3,3,259.8
20620006889000,7,6,1,345.8
20620006890000,2,1,1,0
20620006901000,3,2,1,0
20620006902000,36,23,13,1652.4
20620006915000,7,3,4,275.8
20620006926000,42,23,19,2305.8
20620006951000,26,14,12,1110.2
20620006956000,9,5,4,333.9
20620006957000,35,18,17,1508.5
20620006959000,5,3,2,288
20620006962000,11,6,5,569.8
20620006963000,38,17,21,1759.4
20620006964000,26,13,13,1146.6
20620006965000,5,3,2,361
20620006966000,19,13,6,957.6
20620006968000,3,2,1,0
20620006969000,68,39,29,3114.4
20620006970000,2,1,1,0
20620006971000,28,18,10,1402.8
20620006980000,1,0,1,0
20620006981000,2,1,1,0
20620006982000,1,1,0,0
20620006988000,69,42,27,2918.7
20630006454000,30,14,16,1287
20630006457000,41,24,17,1877.8
20630006458000,6,3,3,114
20630006459000,21,10,11,846.3
20630006461000,5,2,3,133
20630006463000,5,3,2,106
20630006465000,6,4,2,331.2
20630006469000,22,13,9,717.2
20630006471000,72,40,32,2620.8
20630006472000,47,23,24,1447.6
20630006481000,6,4,2,223.2
20630006486000,5,3,2,246
20630006487000,2,1,1,0
20630006489000,5,3,2,326
20630006492000,16,9,7,566.4
20630006493000,4,3,1,0
20630006495000,72,32,40,3060
20630006496000,16,7,9,1052.8
20630006497000,4,3,1,0
20630006498000,2,1,1,0
20630006500000,22,9,13,781
20630006502000,13,5,8,422.5
20630006503000,9,3,6,423.9
20630006516000,5,2,3,344
20630006527000,16,10,6,660.8
20630006529000,4,3,1,0
20630006530000,3,2,1,0
20630006600000,3,1,2,0
20630006602000,5,2,3,161
20630006783000,2,1,1,0
20630006785000,1,1,0,0
20630006795000,4,2,2,0
20630006809000,43,23,20,1724.3
20630006810000,91,47,44,3512.6
20630006811000,228,127,101,9142.8
20630006839000,7,3,4,298.9
20630006840000,5,3,2,202
20630006889000,142,67,75,4884.8
20630006890000,99,57,42,3098.7
20630006893000,2,1,1,0
20630006901000,29,14,15,1363
20630006902000,23,15,8,1131.6
20630006917000,2,1,1,0
20630006918000,10,6,4,652
20630006925000,3,3,0,0
20630006943000,15,7,8,520.5
20630006944000,130,71,59,4784
20630006945000,387,187,200,15131.7
20630006946000,210,111,99,8757
20630006951000,12,7,5,501.6
20630006956000,28,14,14,1145.2
20630006957000,4,3,1,0
20630006958000,45,24,21,1710
20630006959000,20,11,9,762
20630006960000,16,10,6,785.6
20630006963000,15,8,7,633
20630006970000,109,56,53,4327.3
20630006971000,10,4,6,554
20630006984000,101,47,54,4979.3
20630006985000,36,20,16,1688.4
20630006986000,54,26,28,1873.8
20630006987000,2,1,1,0
20630006988000,25,12,13,1050
20630006989000,42,23,19,1709.4
20640006455000,6,3,3,292.2
20640006456000,27,13,14,1098.9
20640006457000,36,20,16,1486.8
20640006461000,34,21,13,1387.2
20640006463000,18,10,8,748.8
20640006465000,13,7,6,451.1
20640006467000,5,2,3,158
20640006471000,37,18,19,1383.8
20640006474000,5,4,1,121
20640006479000,12,6,6,445.2
20640006482000,6,2,4,192
20640006483000,14,7,7,439.6
20640006485000,1,1,0,0
20640006486000,4,2,2,0
20640006487000,1,1,0,0
20640006492000,3,1,2,0
20640006493000,3,1,2,0
20640006498000,3,2,1,0
20640006500000,5,3,2,197
20640006501000,22,10,12,805.2
20640006502000,2,2,0,0
20640006530000,31,13,18,1066.4
20640006531000,2,2,0,0
20640006532000,1,1,0,0
20640006534000,2,2,0,0
20640006535000,7,3,4,182
20640006536000,10,4,6,353
20640006600000,8,4,4,228.8
20640006603000,7,2,5,329
20640006604000,18,8,10,808.2
20640006629000,3,1,2,0
20640006719000,1,0,1,0
20640006728000,71,30,41,2726.4
20640006729000,291,135,156,12425.7
20640006743000,33,17,16,1471.8
20640006744000,2,1,1,0
20640006795000,15,9,6,817.5
20640006796000,43,23,20,1436.2
20640006840000,6,3,3,286.2
20640006887000,5,3,2,117
20640006889000,1,0,1,0
20640006890000,22,14,8,880
20640006891000,239,112,127,8532.3
20640006893000,2,1,1,0
20640006894000,1,0,1,0
20640006925000,1,0,1,0
20640006939000,8,4,4,307.2
20640006940000,53,28,25,2358.5
20640006941000,35,20,15,1375.5
20640006942000,39,25,14,2168.4
20640006943000,40,20,20,1356
20640006944000,56,30,26,2464
20640006945000,77,41,36,2995.3
20640006946000,64,28,36,2406.4
20640006948000,333,165,168,14085.9
20640006956000,32,17,15,1280
20640006957000,25,12,13,705
20640006958000,21,12,9,1102.5
20640006963000,58,27,31,2105.4
20640006984000,107,57,50,4087.4
20640006985000,6,3,3,268.8
20640006987000,27,16,11,1055.7
20640006988000,2,2,0,0
20640006989000,19,12,7,803.7
20650006454000,20,12,8,870
20650006455000,4,3,1,0
20650006456000,8,5,3,478.4
20650006457000,15,8,7,415.5
20650006458000,7,3,4,268.1
20650006462000,16,6,10,883.2
20650006465000,3,2,1,0
20650006466000,9,6,3,308.7
20650006467000,4,2,2,0
20650006470000,3,2,1,0
20650006473000,4,1,3,0
20650006475000,2,1,1,0
20650006478000,7,3,4,245.7
20650006479000,1,1,0,0
20650006481000,7,3,4,289.1
20650006482000,39,22,17,1411.8
20650006483000,28,11,17,1237.6
20650006484000,5,4,1,175
20650006485000,26,13,13,884
20650006495000,4,1,3,0
20650006517000,4,3,1,0
20650006534000,1,1,0,0
20650006535000,4,2,2,0
20650006536000,9,5,4,504.9
20650006544000,1,0,1,0
20650006599000,1,1,0,0
20650006600000,18,7,11,842.4
20650006601000,9,4,5,212.4
20650006604000,154,80,74,5590.2
20650006629000,11,7,4,565.4
20650006726000,3,1,2,0
20650006728000,42,23,19,1797.6
20650006729000,119,60,59,4819.5
20650006730000,131,69,62,4925.6
20650006795000,3,2,1,0
20650006796000,10,5,5,452
20650006797000,121,60,61,5626.5
20650006798000,3,2,1,0
20650006807000,5,2,3,343
20650006886000,4,2,2,0
20650006887000,1,1,0,0
20650006890000,374,173,201,15259.2
20650006891000,980,491,489,41258
20650006892000,193,95,98,5114.5
20650006903000,17,8,9,596.7
20650006938000,7,4,3,221.9
20650006939000,286,153,133,12212.2
20650006940000,237,132,105,9361.5
20650006941000,42,26,16,2116.8
20650006942000,31,14,17,1367.1
20650006943000,69,28,41,2697.9
20650006944000,764,390,374,30101.6
20650006945000,630,306,324,26082
20650006946000,563,262,301,29219.7
20650006947000,446,215,231,17483.2
20650006948000,6,3,3,103.8
20650006956000,1,1,0,0
20650006960000,13,6,7,678.6
20650006963000,25,12,13,1070
20650006985000,1,0,1,0
20650006986000,2,1,1,0
20650006987000,16,9,7,601.6
20650006988000,69,35,34,3111.9
20650006989000,135,66,69,6277.5
20650006990000,341,174,167,14867.6
20660006454000,8,6,2,215.2
20660006455000,2,1,1,0
20660006457000,22,11,11,1157.2
20660006458000,33,17,16,1412.4
20660006460000,6,4,2,274.8
20660006461000,1,1,0,0
20660006464000,6,3,3,387
20660006465000,11,5,6,405.9
20660006468000,1,1,0,0
20660006470000,16,8,8,704
20660006474000,14,6,8,362.6
20660006475000,10,3,7,583
20660006476000,16,7,9,497.6
20660006481000,1,0,1,0
20660006482000,1,0,1,0
20660006483000,15,9,6,799.5
20660006484000,17,10,7,552.5
20660006485000,16,7,9,516.8
20660006486000,9,5,4,288.9
20660006487000,19,8,11,735.3
20660006488000,14,8,6,645.4
20660006489000,12,7,5,393.6
20660006490000,10,6,4,397
20660006491000,7,4,3,352.1
20660006493000,1,1,0,0
20660006495000,6,3,3,376.8
20660006496000,11,7,4,436.7
20660006516000,4,2,2,0
20660006517000,15,7,8,415.5
20660006532000,1,1,0,0
20660006535000,2,1,1,0
20660006537000,2,1,1,0
20660006541000,14,8,6,348.6
20660006604000,115,56,59,4577
20660006605000,3,1,2,0
20660006723000,40,19,21,1888
20660006724000,21,9,12,1138.2
20660006727000,1,1,0,0
20660006807000,38,18,20,1774.6
20660006870000,1,0,1,0
20660006886000,6,1,5,193.2
20660006890000,18,10,8,716.4
20660006891000,550,292,258,19855
20660006892000,155,70,85,4650
20660006904000,7,3,4,287.7
20660006923000,34,16,18,1655.8
20660006934000,2,1,1,0
20660006935000,37,19,18,1761.2
20660006936000,66,36,30,2897.4
20660006944000,207,105,102,7700.4
20660006945000,210,107,103,7791
20660006946000,584,296,288,21374.4
20660006947000,496,234,262,18500.8
20660006952000,6,3,3,202.8
20660006953000,4,2,2,0
20660006957000,10,4,6,431
20660006958000,17,10,7,470.9
20660006963000,38,21,17,1934.2
20660006971000,3,2,1,0
20660006991000,14,8,6,400.4
20670006454000,1,1,0,0
20670006455000,15,9,6,718.5
20670006456000,10,5,5,578
20670006457000,23,12,11,995.9
20670006458000,8,4,4,332
20670006459000,25,15,10,1017.5
20670006460000,8,2,6,394.4
20670006461000,1,1,0,0
20670006463000,18,8,10,498.6
20670006464000,7,3,4,263.2
20670006465000,1,1,0,0
20670006470000,8,5,3,292.8
20670006474000,2,1,1,0
20670006475000,7,4,3,364
20670006478000,3,2,1,0
20670006481000,10,5,5,295
20670006483000,13,7,6,375.7
20670006484000,9,4,5,474.3
20670006485000,7,5,2,331.8
20670006488000,4,2,2,0
20670006489000,14,9,5,628.6
20670006490000,16,7,9,558.4
20670006491000,18,12,6,478.8
20670006493000,9,4,5,282.6
20670006495000,19,9,10,596.6
20670006497000,6,3,3,294
20670006498000,7,4,3,219.1
20670006516000,7,5,2,217.7
20670006535000,3,2,1,0
20670006536000,29,12,17,1131
20670006537000,3,2,1,0
20670006575000,1,1,0,0
20670006597000,6,3,3,343.2
20670006604000,3,2,1,0
20670006606000,1,0,1,0
20670006626000,96,50,46,3139.2
20670006627000,1,1,0,0
20670006628000,3,1,2,0
20670006723000,37,19,18,2016.5
20670006724000,73,39,34,2941.9
20670006794000,4,2,2,0
20670006806000,2,1,1,0
20670006807000,32,15,17,1526.4
20670006863000,8,3,5,227.2
20670006865000,12,5,7,556.8
20670006866000,3,1,2,0
20670006867000,54,26,28,1836
20670006868000,25,16,9,1282.5
20670006870000,6,4,2,307.2
20670006872000,2,1,1,0
20670006873000,5,2,3,183
20670006885000,2,1,1,0
20670006886000,9,3,6,369
20670006888000,3,1,2,0
20670006891000,44,21,23,1491.6
20670006892000,47,25,22,1598
20670006904000,11,8,3,355.3
20670006905000,4,3,1,0
20670006922000,5,3,2,303
20670006934000,54,29,25,2100.6
20670006945000,9,5,4,497.7
20670006946000,105,55,50,4273.5
20670006947000,32,18,14,1408
20670006953000,31,19,12,1481.8
20670006954000,3,2,1,0
20670006957000,10,4,6,449
20670006960000,24,13,11,816
20670006961000,1,1,0,0
20670006962000,555,272,283,18703.5
20670006963000,236,117,119,9251.2
20670006967000,3,1,2,0
20670006968000,4,2,2,0
20670006971000,3,1,2,0
20670006974000,9,4,5,392.4
20670006975000,3,2,1,0
20670006991000,118,62,56,4790.8
20670006992000,11,6,5,492.8
20680006455000,4,2,2,0
20680006456000,6,3,3,340.8
20680006457000,36,17,19,1209.6
20680006458000,15,9,6,676.5
20680006462000,20,11,9,1028
20680006463000,24,12,12,991.2
20680006465000,6,4,2,208.8
20680006471000,4,3,1,0
20680006475000,18,4,14,633.6
20680006477000,9,5,4,322.2
20680006479000,7,4,3,340.9
20680006480000,2,1,1,0
20680006482000,16,7,9,705.6
20680006483000,3,2,1,0
20680006485000,13,4,9,438.1
20680006486000,17,7,10,525.3
20680006487000,7,5,2,130.2
20680006488000,8,6,2,236
20680006494000,3,2,1,0
20680006495000,12,6,6,415.2
20680006498000,7,2,5,235.9
20680006499000,7,3,4,307.3
20680006500000,2,1,1,0
20680006519000,5,3,2,319
20680006536000,18,8,10,619.2
20680006537000,3,2,1,0
20680006575000,5,0,5,131
20680006612000,3,3,0,0
20680006613000,1,0,1,0
20680006616000,3,2,1,0
20680006617000,4,2,2,0
20680006626000,55,30,25,2079
20680006627000,139,79,60,5685.1
20680006628000,2,2,0,0
20680006733000,1,0,1,0
20680006805000,3,2,1,0
20680006806000,35,15,20,1291.5
20680006807000,11,6,5,397.1
20680006815000,3,2,1,0
20680006825000,8,3,5,212.8
20680006827000,6,2,4,298.2
20680006867000,5,3,2,193
20680006868000,7,4,3,424.9
20680006874000,36,17,19,1332
20680006882000,9,2,7,586.8
20680006883000,14,8,6,625.8
20680006884000,37,17,20,1546.6
20680006885000,18,11,7,802.8
20680006887000,18,12,6,1031.4
20680006891000,33,19,14,1296.9
20680006892000,39,24,15,1751.1
20680006922000,5,4,1,261
20680006934000,114,55,59,4525.8
20680006945000,36,22,14,1281.6
20680006946000,84,45,39,3536.4
20680006947000,5,4,1,173
20680006953000,46,25,21,1844.6
20680006954000,73,38,35,3066
20680006957000,3,1,2,0
20680006960000,47,24,23,1598
20680006961000,46,25,21,1876.8
20680006962000,460,233,227,17342
20680006963000,241,127,114,9495.4
20680006967000,3,1,2,0
20680006968000,4,3,1,0
20680006971000,1,0,1,0
20680006974000,8,5,3,284.8
20680006975000,16,9,7,723.2
20690006457000,14,8,6,623
20690006458000,29,16,13,1215.1
20690006459000,21,11,10,987
20690006460000,21,12,9,989.1
20690006461000,4,3,1,0
20690006462000,3,2,1,0
20690006463000,6,3,3,379.2
20690006464000,12,7,5,560.4
20690006467000,3,3,0,0
20690006468000,5,3,2,285
20690006469000,1,0,1,0
20690006471000,10,5,5,348
20690006472000,3,1,2,0
20690006480000,7,5,2,275.8
20690006481000,202,109,93,6666
20690006482000,107,49,58,4055.3
20690006483000,5,4,1,117
20690006486000,17,7,10,416.5
20690006487000,1,1,0,0
20690006488000,7,3,4,289.8
20690006489000,6,4,2,124.8
20690006495000,7,2,5,189
20690006500000,6,3,3,193.8
20690006501000,7,3,4,261.8
20690006505000,2,2,0,0
20690006506000,4,2,2,0
20690006536000,22,11,11,620.4
20690006537000,5,4,1,195
20690006576000,3,2,1,0
20690006610000,2,2,0,0
20690006612000,10,5,5,415
20690006613000,4,2,2,0
20690006615000,6,4,2,319.2
20690006616000,1,1,0,0
20690006619000,8,4,4,332.8
20690006625000,3,1,2,0
20690006626000,150,75,75,5040
20690006627000,43,24,19,1763
20690006628000,1,1,0,0
20690006732000,1,1,0,0
20690006795000,2,1,1,0
20690006805000,4,1,3,0
20690006806000,30,17,13,1254
20690006807000,171,96,75,6463.8
20690006808000,2,2,0,0
20690006813000,19,13,6,894.9
20690006826000,31,18,13,1404.3
20690006874000,29,14,15,1139.7
20690006877000,13,7,6,522.6
20690006878000,21,10,11,821.1
20690006879000,40,20,20,1664
20690006880000,31,21,10,1280.3
20690006881000,36,19,17,1918.8
20690006882000,92,47,45,4149.2
20690006883000,204,101,103,8853.6
20690006884000,82,47,35,2706
20690006886000,21,12,9,840
20690006887000,96,49,47,4262.4
20690006891000,3,2,1,0
20690006892000,45,23,22,1809
20690006903000,21,14,7,909.3
20690006913000,10,3,7,340
20690006933000,1,1,0,0
20690006934000,42,24,18,1877.4
20690006935000,19,9,10,763.8
20690006946000,55,27,28,1760
20690006947000,12,7,5,562.8
20690006953000,4,3,1,0
20690006955000,9,5,4,205.2
20690006956000,28,17,11,1621.2
20690006957000,9,4,5,446.4
20690006958000,22,12,10,932.8
20690006960000,339,177,162,10339.5
20690006961000,34,16,18,1445
20690006962000,16,7,9,513.6
20690006963000,66,38,28,2587.2
20690006964000,274,129,145,11617.6
20690006965000,4,2,2,0
20690006966000,6,3,3,156
20690006975000,27,12,15,1247.4
20690006976000,28,17,11,1290.8
20700006457000,4,2,2,0
20700006458000,155,86,69,7037
20700006459000,8,5,3,315.2
20700006460000,11,6,5,493.9
20700006462000,5,2,3,104
20700006463000,42,26,16,1205.4
20700006464000,7,4,3,207.2
20700006466000,3,2,1,0
20700006469000,7,5,2,268.8
20700006470000,2,1,1,0
20700006474000,4,2,2,0
20700006475000,4,4,0,0
20700006476000,4,3,1,0
20700006477000,12,7,5,331.2
20700006480000,18,10,8,603
20700006482000,32,14,18,1248
20700006483000,10,5,5,249
20700006484000,13,6,7,262.6
20700006485000,1,1,0,0
20700006486000,8,5,3,243.2
20700006487000,4,3,1,0
20700006488000,13,5,8,347.1
20700006490000,5,3,2,292
20700006494000,1,1,0,0
20700006504000,1,1,0,0
20700006529000,4,3,1,0
20700006530000,2,0,2,0
20700006543000,1,1,0,0
20700006575000,6,3,3,366
20700006576000,55,32,23,2447.5
20700006577000,5,3,2,136
20700006591000,9,4,5,417.6
20700006593000,24,15,9,974.4
20700006610000,1,1,0,0
20700006614000,13,8,5,551.2
20700006616000,1,1,0,0
20700006628000,1,0,1,0
20700006650000,2,1,1,0
20700006651000,1,1,0,0
20700006732000,2,1,1,0
20700006758000,2,1,1,0
20700006765000,3,0,3,0
20700006806000,2,2,0,0
20700006808000,25,12,13,1140
20700006812000,25,15,10,715
20700006813000,19,9,10,841.7
20700006825000,10,4,6,378
20700006826000,3,2,1,0
20700006876000,8,5,3,326.4
20700006877000,2,1,1,0
20700006884000,138,75,63,6279
20700006885000,35,20,15,1834
20700006887000,18,12,6,804.6
20700006892000,23,13,10,1035
20700006905000,3,1,2,0
20700006912000,17,9,8,693.6
20700006913000,10,6,4,416
20700006935000,91,45,46,3931.2
20700006953000,43,23,20,1836.1
20700006954000,6,3,3,268.2
20700006955000,137,63,74,5493.7
20700006958000,179,84,95,6229.2
20700006960000,15,8,7,607.5
20700006961000,11,5,6,485.1
20700006963000,12,6,6,536.4
20700006964000,381,196,185,14744.7
20700006965000,9,7,2,358.2
20700006966000,15,9,6,502.5
20700006967000,2,1,1,0
20700006969000,2,1,1,0
20700006970000,2,1,1,0
20700006975000,40,20,20,1784
20700006976000,22,10,12,908.6
20700006998000,18,7,11,1076.4
20710006458000,19,9,10,763.8
20710006459000,20,13,7,1076
20710006460000,45,23,22,1728
20710006462000,2,1,1,0
20710006466000,4,2,2,0
20710006474000,28,12,16,1122.8
20710006476000,4,3,1,0
20710006478000,7,3,4,205.8
20710006479000,15,9,6,604.5
20710006482000,11,8,3,400.4
20710006483000,24,15,9,1046.4
20710006484000,16,8,8,604.8
20710006485000,15,8,7,544.5
20710006488000,3,1,2,0
20710006490000,2,2,0,0
20710006494000,11,6,5,459.8
20710006495000,7,4,3,210.7
20710006524000,6,5,1,238.8
20710006529000,7,3,4,142.1
20710006562000,17,7,10,846.6
20710006563000,1,1,0,0
20710006574000,5,2,3,139
20710006575000,13,7,6,470.6
20710006576000,18,7,11,990
20710006577000,17,9,8,724.2
20710006579000,1,0,1,0
20710006589000,2,1,1,0
20710006590000,3,2,1,0
20710006591000,11,5,6,514.8
20710006592000,29,15,14,1284.7
20710006593000,5,2,3,356
20710006610000,9,4,5,369.9
20710006614000,4,3,1,0
20710006618000,5,4,1,282
20710006619000,4,3,1,0
20710006620000,1,0,1,0
20710006650000,4,2,2,0
20710006759000,11,4,7,345.4
20710006765000,6,4,2,210
20710006767000,3,2,1,0
20710006769000,2,1,1,0
20710006772000,30,19,11,1020
20710006809000,28,12,16,1324.4
20710006810000,34,20,14,1604.8
20710006811000,53,20,33,2019.3
20710006812000,10,4,6,310
20710006817000,5,2,3,322
20710006818000,4,3,1,0
20710006819000,6,2,4,376.8
20710006820000,16,9,7,686.4
20710006821000,3,1,2,0
20710006825000,8,4,4,378.4
20710006886000,4,1,3,0
20710006887000,66,37,29,2290.2
20710006892000,1,1,0,0
20710006905000,5,4,1,173
20710006906000,18,9,9,721.8
20710006907000,9,4,5,341.1
20710006908000,2,1,1,0
20710006935000,11,8,3,510.4
20710006936000,12,5,7,464.4
20710006954000,53,29,24,1844.4
20710006955000,414,216,198,13827.6
20710006958000,202,106,96,6767
20710006960000,7,4,3,501.9
20710006961000,36,20,16,1479.6
20710006962000,6,5,1,309
20710006963000,4,3,1,0
20710006964000,69,33,36,2318.4
20710006968000,41,16,25,1771.2
20710006969000,83,41,42,2705.8
20710006970000,2,1,1,0
20710006975000,40,21,19,1528
20710006993000,16,8,8,1032
20720006459000,41,20,21,1713.8
20720006460000,51,24,27,1841.1
20720006462000,78,38,40,3541.2
20720006464000,7,2,5,209.3
20720006467000,5,3,2,108
20720006468000,9,6,3,408.6
20720006469000,3,2,1,0
20720006473000,5,2,3,71
20720006474000,26,14,12,1219.4
20720006478000,7,3,4,221.9
20720006485000,6,5,1,190.8
20720006486000,10,6,4,390
20720006487000,11,6,5,370.7
20720006488000,1,0,1,0
20720006489000,4,2,2,0
20720006490000,5,3,2,203
20720006491000,5,2,3,290
20720006492000,1,1,0,0
20720006521000,2,1,1,0
20720006522000,5,3,2,86
20720006561000,2,1,1,0
20720006562000,2,1,1,0
20720006568000,3,1,2,0
20720006573000,51,24,27,1917.6
20720006574000,42,22,20,1692.6
20720006575000,35,18,17,1316
20720006576000,35,19,16,1911
20720006577000,3,1,2,0
20720006578000,5,2,3,126
20720006579000,7,6,1,389.2
20720006585000,5,4,1,302
20720006589000,8,5,3,248
20720006592000,4,2,2,0
20720006593000,8,4,4,388.8
20720006650000,3,2,1,0
20720006732000,6,5,1,316.2
20720006767000,8,4,4,380.8
20720006768000,2,0,2,0
20720006770000,44,22,22,1878.8
20720006771000,38,20,18,1569.4
20720006772000,157,68,89,6264.3
20720006773000,57,31,26,2502.3
20720006782000,14,7,7,677.6
20720006783000,41,21,20,2009
20720006810000,22,12,10,952.6
20720006811000,15,8,7,705
20720006815000,20,9,11,698
20720006816000,6,2,4,264
20720006817000,42,23,19,1234.8
20720006818000,9,4,5,365.4
20720006819000,11,6,5,442.2
20720006820000,10,7,3,420
20720006821000,1,1,0,0
20720006822000,14,7,7,428.4
20720006824000,15,11,4,547.5
20720006885000,58,32,26,1908.2
20720006886000,298,177,121,11383.6
20720006887000,11,6,5,294.8
20720006892000,32,19,13,1369.6
20720006893000,31,16,15,1243.1
20720006909000,22,11,11,1005.4
20720006936000,16,11,5,636.8
20720006948000,13,6,7,469.3
20720006949000,5,1,4,188
20720006955000,36,21,15,1130.4
20720006956000,9,7,2,349.2
20720006957000,220,110,110,8206
20720006958000,644,304,340,27498.8
20720006960000,7,3,4,184.8
20720006961000,59,33,26,2778.9
20720006962000,36,18,18,1321.2
20720006964000,7,5,2,200.2
20720006970000,4,4,0,0
20720006971000,6,3,3,154.2
20720006976000,20,12,8,764
20720006977000,23,9,14,857.9
20720006978000,38,21,17,1531.4
20720006979000,25,16,9,992.5
20720006992000,1,1,0,0
20720006993000,18,8,10,1074.6
20730006457000,2,1,1,0
20730006458000,2,1,1,0
20730006459000,142,70,72,5225.6
20730006460000,131,65,66,4323
20730006462000,279,144,135,9848.7
20730006463000,659,347,312,19111
20730006464000,33,15,18,1204.5
20730006465000,21,8,13,787.5
20730006468000,1,1,0,0
20730006471000,2,1,1,0
20730006473000,5,3,2,270
20730006476000,10,5,5,291
20730006477000,4,3,1,0
20730006481000,26,16,10,748.8
20730006482000,22,10,12,895.4
20730006484000,3,1,2,0
20730006487000,6,2,4,154.8
20730006491000,2,1,1,0
20730006492000,23,13,10,949.9
20730006493000,11,6,5,536.8
20730006511000,2,1,1,0
20730006512000,4,2,2,0
20730006560000,2,1,1,0
20730006567000,9,5,4,496.8
20730006568000,3,0,3,0
20730006569000,3,2,1,0
20730006573000,88,46,42,4180
20730006574000,41,27,14,1836.8
20730006575000,4,1,3,0
20730006579000,11,5,6,433.4
20730006581000,4,3,1,0
20730006582000,1,1,0,0
20730006583000,11,8,3,309.1
20730006584000,13,7,6,423.8
20730006585000,34,20,14,1380.4
20730006586000,6,5,1,343.2
20730006587000,10,6,4,659
20730006635000,3,1,2,0
20730006650000,2,1,1,0
20730006723000,2,0,2,0
20730006770000,19,10,9,687.8
20730006773000,21,9,12,766.5
20730006782000,2,1,1,0
20730006783000,15,9,6,660
20730006799000,2,1,1,0
20730006801000,1,0,1,0
20730006809000,1,1,0,0
20730006810000,4,2,2,0
20730006811000,14,9,5,686
20730006812000,14,8,6,323.4
20730006814000,15,9,6,688.5
20730006815000,71,40,31,2421.1
20730006816000,37,23,14,1513.3
20730006817000,57,28,29,2074.8
20730006818000,35,15,20,1256.5
20730006819000,9,4,5,297.9
20730006845000,1,1,0,0
20730006885000,40,21,19,1924
20730006886000,25,13,12,1125
20730006892000,8,6,2,308.8
20730006893000,32,20,12,1209.6
20730006909000,17,9,8,703.8
20730006949000,13,6,7,522.6
20730006954000,31,15,16,1329.9
20730006955000,4,2,2,0
20730006956000,9,7,2,435.6
20730006957000,666,329,337,23709.6
20730006958000,95,52,43,3420
20730006961000,43,29,14,1591
20730006962000,12,8,4,630
20730006968000,30,13,17,1476
20730006969000,23,12,11,1090.2
20730006970000,14,7,7,782.6
20730006971000,28,16,12,1442
20730006975000,26,13,13,1055.6
20730006976000,61,28,33,2311.9
20730006979000,15,8,7,516
20730006981000,2,2,0,0
20740006457000,6,4,2,184.8
20740006458000,2,1,1,0
20740006459000,101,53,48,3656.2
20740006460000,210,106,104,6993
20740006461000,250,128,122,8500
20740006462000,247,125,122,9756.5
20740006463000,423,208,215,11167.2
20740006467000,1,0,1,0
20740006469000,2,2,0,0
20740006470000,5,3,2,343
20740006471000,5,2,3,203
20740006476000,6,2,4,96
20740006477000,2,1,1,0
20740006480000,6,3,3,370.2
20740006481000,15,7,8,469.5
20740006482000,16,9,7,683.2
20740006484000,32,15,17,819.2
20740006485000,2,1,1,0
20740006487000,8,4,4,332.8
20740006506000,3,1,2,0
20740006511000,24,13,11,1003.2
20740006518000,31,15,16,979.6
20740006519000,1,1,0,0
20740006561000,7,5,2,254.1
20740006569000,4,1,3,0
20740006570000,16,8,8,590.4
20740006571000,44,24,20,1707.2
20740006585000,9,3,6,376.2
20740006586000,58,32,26,2441.8
20740006587000,232,112,120,9024.8
20740006588000,32,12,20,1235.2
20740006589000,5,4,1,228
20740006590000,20,13,7,1140
20740006635000,7,2,5,480.9
20740006649000,1,0,1,0
20740006650000,7,2,5,219.1
20740006723000,7,5,2,380.8
20740006724000,1,1,0,0
20740006774000,27,12,15,1449.9
20740006775000,2,1,1,0
20740006811000,5,4,1,207
20740006812000,5,2,3,372
20740006813000,7,4,3,219.1
20740006814000,127,58,69,5359.4
20740006815000,6,3,3,295.8
20740006843000,11,5,6,453.2
20740006844000,17,12,5,601.8
20740006849000,2,1,1,0
20740006884000,32,23,9,976
20740006885000,23,12,11,897
20740006893000,31,19,12,1143.9
20740006894000,2,0,2,0
20740006949000,41,20,21,1816.3
20740006955000,6,3,3,262.8
20740006956000,17,8,9,678.3
20740006957000,519,264,255,19358.7
20740006959000,33,17,16,1554.3
20740006960000,10,3,7,429
20740006961000,41,20,21,1373.5
20740006976000,267,131,136,12869.4
20740006977000,302,146,156,11959.2
20740006978000,46,29,17,1186.8
20740006981000,14,9,5,714
20750006459000,27,11,16,1144.8
20750006460000,235,121,114,9611.5
20750006461000,818,425,393,30429.6
20750006462000,98,39,59,5527.2
20750006474000,6,3,3,376.8
20750006475000,5,3,2,228
20750006476000,1,0,1,0
20750006477000,20,10,10,926
20750006478000,10,4,6,448
20750006479000,32,12,20,1507.2
20750006480000,6,3,3,352.2
20750006482000,7,4,3,179.2
20750006485000,4,2,2,0
20750006486000,22,8,14,704
20750006487000,18,11,7,534.6
20750006494000,110,56,54,5302
20750006495000,5,3,2,108
20750006506000,15,9,6,615
20750006507000,3,1,2,0
20750006508000,5,4,1,130
20750006512000,2,1,1,0
20750006561000,20,10,10,1036
20750006588000,36,18,18,1310.4
20750006589000,55,32,23,2326.5
20750006590000,51,23,28,1912.5
20750006635000,8,5,3,319.2
20750006645000,1,1,0,0
20750006646000,2,1,1,0
20750006649000,2,1,1,0
20750006650000,7,3,4,266
20750006721000,3,2,1,0
20750006722000,11,5,6,489.5
20750006723000,8,5,3,470.4
20750006724000,7,4,3,266
20750006774000,5,3,2,200
20750006776000,32,19,13,1612.8
20750006777000,6,4,2,322.8
20750006799000,3,2,1,0
20750006813000,155,82,73,5006.5
20750006814000,996,497,499,32768.4
20750006842000,4,2,2,0
20750006843000,16,9,7,600
20750006884000,18,10,8,637.2
20750006892000,5,2,3,164
20750006893000,12,5,7,506.4
20750006894000,1,1,0,0
20750006910000,179,93,86,7822.3
20750006911000,11,3,8,441.1
20750006949000,12,5,7,499.2
20750006954000,40,22,18,1408
20750006956000,18,8,10,673.2
20750006957000,4,2,2,0
20750006959000,24,13,11,1106.4
20750006960000,4,3,1,0
20750006961000,2,1,1,0
20750006964000,28,14,14,985.6
20750006978000,37,21,16,1609.5
20750006979000,71,37,34,2790.3
20750006980000,63,31,32,1493.1
20750006988000,2,1,1,0
20750006989000,10,4,6,341
20760006457000,2,1,1,0
20760006459000,191,102,89,7200.7
20760006460000,1398,689,709,56619
20760006461000,498,248,250,22111.2
20760006462000,273,119,154,15670.2
20760006469000,2,1,1,0
20760006473000,28,13,15,1271.2
20760006474000,34,17,17,1156
20760006479000,15,7,8,481.5
20760006480000,2,1,1,0
20760006483000,13,5,8,388.7
20760006485000,35,20,15,1298.5
20760006492000,15,7,8,585
20760006493000,58,31,27,2093.8
20760006494000,236,107,129,9251.2
20760006495000,19,10,9,1014.6
20760006499000,2,1,1,0
20760006500000,7,4,3,198.1
20760006506000,2,1,1,0
20760006507000,2,1,1,0
20760006509000,5,3,2,238
20760006510000,1,1,0,0
20760006516000,6,4,2,205.8
20760006517000,18,8,10,752.4
20760006589000,6,3,3,376.8
20760006722000,2,1,1,0
20760006777000,152,72,80,6384
20760006813000,897,458,439,32112.6
20760006814000,1460,744,716,60152
20760006815000,30,18,12,1062
20760006817000,4,2,2,0
20760006841000,26,11,15,1014
20760006842000,31,19,12,1748.4
20760006892000,25,12,13,897.5
20760006893000,1,1,0,0
20760006894000,1,1,0,0
20760006909000,2,1,1,0
20760006910000,68,34,34,3923.6
20760006946000,21,13,8,861
20760006947000,50,30,20,2090
20760006948000,40,22,18,1744
20760006949000,18,10,8,680.4
20760006954000,51,25,26,2152.2
20760006959000,3,2,1,0
20760006961000,5,3,2,290
20760006964000,6,4,2,282
20760006973000,21,13,8,850.5
20760006976000,6,3,3,393
20760006979000,120,63,57,4404
20760006980000,20,8,12,902
20760006983000,17,9,8,618.8
20770006457000,10,6,4,629
20770006459000,530,271,259,19610
20770006460000,949,444,505,36536.5
20770006461000,330,165,165,13299
20770006462000,396,182,214,17780.4
20770006463000,26,13,13,845
20770006468000,15,6,9,502.5
20770006470000,17,11,6,518.5
20770006471000,116,57,59,4524
20770006472000,85,42,43,3170.5
20770006473000,28,15,13,988.4
20770006475000,20,12,8,740
20770006479000,5,4,1,148
20770006480000,2,1,1,0
20770006481000,5,2,3,87
20770006483000,11,4,7,564.3
20770006484000,23,12,11,703.8
20770006485000,2,1,1,0
20770006486000,14,7,7,498.4
20770006487000,1,1,0,0
20770006488000,6,3,3,304.8
20770006489000,5,1,4,131
20770006493000,5,2,3,83
20770006496000,39,17,22,1528.8
20770006497000,55,29,26,2079
20770006507000,4,3,1,0
20770006509000,11,6,5,338.8
20770006515000,4,2,2,0
20770006516000,4,2,2,0
20770006602000,1,1,0,0
20770006637000,1,1,0,0
20770006645000,6,2,4,214.8
20770006776000,10,5,5,501
20770006777000,285,131,154,11029.5
20770006778000,241,126,115,9881
20770006779000,188,93,95,8253.2
20770006780000,2,1,1,0
20770006782000,14,8,6,609
20770006811000,207,100,107,7679.7
20770006812000,171,93,78,6121.8
20770006813000,41,17,24,1820.4
20770006814000,408,197,211,15993.6
20770006815000,30,15,15,1431
20770006816000,30,16,14,1413
20770006840000,5,2,3,126
20770006892000,4,3,1,0
20770006893000,9,5,4,458.1
20770006894000,8,4,4,307.2
20770006908000,3,2,1,0
20770006909000,7,4,3,286.3
20770006930000,10,4,6,504
20770006933000,1,0,1,0
20770006948000,2,2,0,0
20770006952000,5,3,2,295
20770006954000,160,87,73,5824
20770006973000,21,10,11,968.1
20770006976000,16,11,5,716.8
20770006980000,40,18,22,2036
20770006981000,85,45,40,3383
20770006982000,52,26,26,2412.8
20770006983000,39,22,17,1747.2
20780006457000,6,3,3,414
20780006459000,88,42,46,2992
20780006460000,823,423,400,30697.9
20780006461000,56,30,26,2044
20780006462000,2,1,1,0
20780006463000,26,12,14,928.2
20780006464000,23,12,11,993.6
20780006467000,371,190,181,14543.2
20780006468000,852,384,468,41833.2
20780006469000,171,85,86,6138.9
20780006470000,682,340,342,24688.4
20780006471000,3,2,1,0
20780006473000,8,6,2,323.2
20780006475000,1,1,0,0
20780006477000,15,9,6,499.5
20780006479000,1,1,0,0
20780006480000,9,4,5,439.2
20780006481000,11,5,6,423.5
20780006483000,11,6,5,463.1
20780006484000,31,15,16,1302
20780006485000,17,11,6,731
20780006486000,13,8,5,466.7
20780006487000,1,0,1,0
20780006489000,4,1,3,0
20780006491000,3,1,2,0
20780006492000,1,0,1,0
20780006497000,27,15,12,1090.8
20780006508000,13,5,8,388.7
20780006511000,2,1,1,0
20780006512000,31,13,18,1441.5
20780006514000,2,1,1,0
20780006515000,30,12,18,1419
20780006558000,4,2,2,0
20780006559000,7,4,3,305.9
20780006561000,4,1,3,0
20780006721000,3,1,2,0
20780006749000,1,1,0,0
20780006775000,12,6,6,454.8
20780006776000,30,19,11,1650
20780006779000,8,5,3,508
20780006801000,2,1,1,0
20780006811000,344,165,179,9976
20780006812000,27,14,13,818.1
20780006814000,12,5,7,603.6
20780006815000,82,38,44,3165.2
20780006816000,72,42,30,2750.4
20780006823000,2,1,1,0
20780006880000,19,11,8,720.1
20780006893000,8,4,4,332
20780006894000,13,7,6,468
20780006902000,3,2,1,0
20780006913000,3,2,1,0
20780006930000,49,27,22,1602.3
20780006931000,20,9,11,1056
20780006933000,2,1,1,0
20780006952000,6,2,4,381
20780006953000,38,25,13,1698.6
20780006954000,484,252,232,19021.2
20780006955000,79,45,34,3270.6
20780006956000,21,10,11,928.2
20780006973000,52,32,20,2350.4
20780006974000,3,2,1,0
20780006979000,2,1,1,0
20780006980000,110,57,53,4862
20780006981000,10,5,5,432
20780006982000,27,18,9,912.6
20790006458000,46,22,24,2180.4
20790006459000,880,437,443,31768
20790006460000,32,19,13,1356.8
20790006461000,10,5,5,197
20790006464000,509,261,248,19851
20790006465000,111,58,53,4018.2
20790006466000,314,153,161,10927.2
20790006467000,213,102,111,7305.9
20790006468000,21,14,7,1058.4
20790006469000,511,270,241,17629.5
20790006470000,152,87,65,4712
20790006471000,4,1,3,0
20790006473000,20,12,8,466
20790006474000,10,3,7,331
20790006475000,6,4,2,369
20790006478000,6,4,2,280.8
20790006479000,26,14,12,998.4
20790006480000,241,127,114,8507.3
20790006481000,91,50,41,2866.5
20790006484000,13,8,5,367.9
20790006485000,29,17,12,1067.2
20790006487000,3,0,3,0
20790006488000,8,5,3,316
20790006489000,5,3,2,203
20790006490000,6,4,2,295.8
20790006491000,4,2,2,0
20790006495000,5,2,3,138
20790006499000,15,8,7,394.5
20790006500000,2,1,1,0
20790006502000,1,0,1,0
20790006503000,7,4,3,294.7
20790006504000,14,8,6,488.6
20790006505000,13,6,7,598
20790006506000,65,31,34,1813.5
20790006507000,54,28,26,2505.6
20790006508000,17,10,7,778.6
20790006509000,5,2,3,158
20790006511000,7,4,3,326.9
20790006512000,39,23,16,1329.9
20790006513000,268,154,114,8200.8
20790006514000,116,60,56,5046
20790006515000,18,13,5,552.6
20790006548000,14,9,5,435.4
20790006549000,7,5,2,342.3
20790006557000,19,13,6,881.6
20790006558000,14,9,5,796.6
20790006559000,4,2,2,0
20790006560000,10,6,4,299
20790006561000,7,4,3,268.8
20790006645000,2,1,1,0
20790006774000,25,9,16,1280
20790006775000,39,22,17,1992.9
20790006777000,6,4,2,226.2
20790006778000,6,3,3,150
20790006810000,1,0,1,0
20790006811000,12,5,7,444
20790006815000,1,1,0,0
20790006816000,1,1,0,0
20790006817000,30,15,15,1515
20790006822000,2,1,1,0
20790006837000,2,1,1,0
20790006877000,15,8,7,528
20790006893000,4,1,3,0
20790006904000,11,8,3,537.9
20790006905000,10,5,5,402
20790006906000,39,18,21,1349.4
20790006907000,11,5,6,576.4
20790006908000,9,5,4,304.2
20790006913000,5,3,2,276
20790006925000,10,6,4,454
20790006926000,2,1,1,0
20790006927000,2,1,1,0
20790006928000,46,24,22,1844.6
20790006929000,53,28,25,2014
20790006930000,58,27,31,2598.4
20790006931000,11,4,7,495
20790006932000,22,11,11,1091.2
20790006933000,1,1,0,0
20790006940000,2,1,1,0
20790006952000,62,34,28,3143.4
20790006953000,43,23,20,1345.9
20790006954000,384,192,192,18201.6
20790006955000,170,89,81,6953
20790006956000,15,9,6,790.5
20790006957000,6,2,4,271.2
20790006973000,37,18,19,2057.2
20790006977000,58,31,27,2291
20790006979000,1,0,1,0
20790006981000,10,5,5,378
20800006458000,1,1,0,0
20800006459000,71,39,32,3422.2
20800006465000,190,99,91,5662
20800006466000,29,14,15,1032.4
20800006467000,68,38,30,2284.8
20800006468000,2,1,1,0
20800006469000,199,110,89,7203.8
20800006470000,635,329,306,18161
20800006471000,15,8,7,573
20800006476000,1,1,0,0
20800006479000,35,21,14,1603
20800006480000,163,83,80,4254.3
20800006481000,123,59,64,3185.7
20800006482000,24,12,12,1008
20800006483000,57,28,29,2188.8
20800006484000,103,52,51,3635.9
20800006485000,8,2,6,426.4
20800006488000,5,3,2,307
20800006503000,2,1,1,0
20800006504000,13,7,6,414.7
20800006509000,9,6,3,349.2
20800006510000,7,4,3,345.8
20800006513000,67,44,23,2592.9
20800006514000,122,62,60,5282.6
20800006515000,32,17,15,1289.6
20800006516000,13,8,5,734.5
20800006547000,3,2,1,0
20800006553000,9,5,4,479.7
20800006556000,1,1,0,0
20800006773000,28,15,13,1290.8
20800006774000,16,7,9,561.6
20800006810000,63,35,28,2847.6
20800006811000,2,1,1,0
20800006817000,34,14,20,1499.4
20800006818000,20,9,11,972
20800006819000,7,4,3,328.3
20800006820000,1,1,0,0
20800006822000,35,19,16,1645
20800006891000,3,2,1,0
20800006892000,3,2,1,0
20800006904000,28,14,14,1201.2
20800006920000,7,4,3,308
20800006921000,2,2,0,0
20800006923000,6,2,4,261
20800006924000,3,1,2,0
20800006925000,31,19,12,1419.8
20800006926000,4,2,2,0
20800006927000,20,9,11,936
20800006928000,23,7,16,966
20800006932000,23,11,12,1354.7
20800006933000,52,28,24,2152.8
20800006934000,218,111,107,9047
20800006940000,9,5,4,246.6
20800006952000,111,61,50,4351.2
20800006953000,24,10,14,1082.4
20800006954000,167,89,78,6412.8
20800006955000,6,4,2,181.8
20800006973000,6,4,2,427.2
20800006977000,33,17,16,1329.9
20800006982000,3,2,1,0
20810006459000,2,1,1,0
20810006466000,72,36,36,2635.2
20810006467000,14,9,5,425.6
20810006468000,3,2,1,0
20810006470000,32,14,18,976
20810006471000,20,10,10,782
20810006473000,4,2,2,0
20810006476000,5,2,3,188
20810006478000,10,5,5,641
20810006479000,23,13,10,1202.9
20810006483000,238,124,114,8472.8
20810006484000,208,103,105,6988.8
20810006493000,1,1,0,0
20810006497000,14,6,8,589.4
20810006501000,4,2,2,0
20810006512000,15,9,6,466.5
20810006515000,28,15,13,1288
20810006516000,251,125,126,10215.7
20810006517000,21,14,7,756
20810006522000,14,10,4,544.6
20810006525000,9,5,4,341.1
20810006527000,8,2,6,420
20810006550000,13,6,7,742.3
20810006551000,2,0,2,0
20810006645000,58,34,24,2047.4
20810006646000,2,1,1,0
20810006808000,2,1,1,0
20810006810000,46,21,25,1807.8
20810006822000,117,61,56,5241.6
20810006823000,42,22,20,1843.8
20810006890000,10,5,5,381
20810006891000,19,12,7,746.7
20810006933000,6,4,2,307.2
20810006934000,685,355,330,26920.5
20810006935000,304,170,134,12038.4
20810006951000,39,22,17,1641.9
20810006952000,35,17,18,1547
20810006953000,14,7,7,390.6
20810006954000,68,31,37,2577.2
20810006968000,32,14,18,1244.8
20810006969000,10,7,3,436
20810006971000,2,1,1,0
20810006972000,14,9,5,607.6
20810006977000,12,8,4,543.6
20810006982000,7,4,3,317.1
20810006995000,14,7,7,819
20820006459000,40,17,23,1476
20820006460000,5,3,2,283
20820006466000,21,8,13,789.6
20820006473000,26,13,13,1021.8
20820006474000,3,1,2,0
20820006476000,4,1,3,0
20820006477000,10,7,3,508
20820006478000,10,4,6,516
20820006482000,40,23,17,1440
20820006483000,45,27,18,1660.5
20820006484000,7,3,4,217
20820006486000,1,1,0,0
20820006487000,11,4,7,371.8
20820006495000,3,2,1,0
20820006496000,2,1,1,0
20820006497000,4,2,2,0
20820006515000,11,5,6,539
20820006516000,1017,482,535,42917.4
20820006517000,103,56,47,3543.2
20820006518000,11,5,6,347.6
20820006519000,3,2,1,0
20820006521000,9,4,5,423
20820006523000,2,1,1,0
20820006524000,12,5,7,430.8
20820006525000,48,22,26,2107.2
20820006533000,4,3,1,0
20820006534000,2,1,1,0
20820006547000,2,1,1,0
20820006553000,38,19,19,1561.8
20820006554000,4,2,2,0
20820006645000,82,39,43,4075.4
20820006646000,13,6,7,690.3
20820006807000,34,14,20,1383.8
20820006808000,485,228,257,19545.5
20820006809000,375,199,176,13125
20820006810000,91,47,44,3112.2
20820006811000,1,0,1,0
20820006820000,56,32,24,1394.4
20820006821000,216,104,112,5464.8
20820006822000,94,46,48,3854
20820006823000,85,41,44,3680.5
20820006889000,14,8,6,428.4
20820006890000,9,5,4,240.3
20820006893000,8,3,5,244
20820006894000,62,32,30,2095.6
20820006902000,2,1,1,0
20820006903000,11,6,5,451
20820006904000,19,7,12,822.7
20820006933000,123,62,61,4821.6
20820006934000,635,304,331,28257.5
20820006935000,156,79,77,6973.2
20820006950000,30,18,12,1395
20820006951000,33,18,15,1085.7
20820006968000,21,14,7,735
20820006969000,206,111,95,8446
20820006970000,27,14,13,1217.7
20820006977000,14,6,8,722.4
20820006990000,9,4,5,370.8
20820006991000,7,3,4,219.1
20820006994000,11,5,6,614.9
20830006459000,1,1,0,0
20830006460000,6,3,3,433.8
20830006461000,5,3,2,257
20830006464000,44,22,22,1535.6
20830006466000,471,256,215,16249.5
20830006467000,696,369,327,22968
20830006471000,2,0,2,0
20830006473000,23,12,11,722.2
20830006474000,78,46,32,2878.2
20830006475000,171,91,80,5933.7
20830006482000,1,1,0,0
20830006485000,19,10,9,577.6
20830006486000,1,0,1,0
20830006487000,16,11,5,560
20830006488000,33,19,14,1277.1
20830006492000,3,2,1,0
20830006496000,7,3,4,130.9
20830006501000,4,2,2,0
20830006504000,3,1,2,0
20830006505000,9,3,6,209.7
20830006507000,5,3,2,166
20830006508000,3,2,1,0
20830006509000,3,2,1,0
20830006512000,11,5,6,314.6
20830006513000,5,3,2,249
20830006514000,6,2,4,442.8
20830006516000,260,127,133,10400
20830006517000,253,121,132,9993.5
20830006518000,12,8,4,445.2
20830006521000,25,14,11,862.5
20830006523000,4,2,2,0
20830006524000,9,4,5,359.1
20830006525000,366,188,178,15225.6
20830006526000,2,2,0,0
20830006527000,2,1,1,0
20830006543000,1,1,0,0
20830006544000,3,1,2,0
20830006554000,7,5,2,455
20830006555000,1,1,0,0
20830006644000,7,4,3,322
20830006645000,84,45,39,3519.6
20830006646000,101,52,49,3726.9
20830006773000,15,8,7,637.5
20830006807000,17,13,4,880.6
20830006808000,156,79,77,5834.4
20830006809000,28,14,14,1374.8
20830006810000,78,45,33,3049.8
20830006821000,221,116,105,7690.8
20830006822000,140,67,73,7154
20830006823000,163,84,79,6552.6
20830006824000,27,15,12,1190.7
20830006889000,54,25,29,2435.4
20830006902000,6,3,3,324
20830006931000,4,2,2,0
20830006932000,137,69,68,6493.8
20830006933000,242,132,110,9970.4
20830006934000,432,219,213,18662.4
20830006935000,92,46,46,3818
20830006950000,9,6,3,594.9
20830006951000,72,41,31,3297.6
20830006968000,32,19,13,1497.6
20830006969000,18,8,10,912.6
20830006977000,21,11,10,1092
20830006982000,22,12,10,1080.2
20830006983000,2,1,1,0
20830006990000,67,33,34,2499.1
20830006991000,201,102,99,8482.2
20830006993000,33,16,17,1610.4
20840006461000,220,104,116,9086
20840006462000,957,478,479,36174.6
20840006463000,1596,830,766,54104.4
20840006464000,2171,1044,1127,86405.8
20840006465000,1853,940,913,65781.5
20840006466000,1170,604,566,42003
20840006467000,1007,504,503,31821.2
20840006470000,1,0,1,0
20840006471000,530,257,273,22366
20840006472000,113,63,50,3683.8
20840006473000,318,167,151,11638.8
20840006474000,498,260,238,19372.2
20840006475000,670,351,319,23450
20840006488000,46,23,23,1564
20840006489000,12,5,7,445.2
20840006492000,5,3,2,140
20840006493000,8,3,5,270.4
20840006501000,2,1,1,0
20840006508000,4,2,2,0
20840006513000,6,4,2,253.8
20840006514000,5,4,1,360
20840006515000,9,6,3,497.7
20840006517000,71,34,37,2364.3
20840006524000,9,4,5,389.7
20840006525000,4,2,2,0
20840006528000,11,6,5,471.9
20840006529000,47,28,19,2011.6
20840006530000,1,1,0,0
20840006531000,2,1,1,0
20840006535000,1,1,0,0
20840006538000,5,2,3,133
20840006542000,122,56,66,5392.4
20840006543000,55,27,28,2513.5
20840006544000,30,16,14,1245
20840006555000,9,4,5,396.9
20840006645000,106,58,48,4388.4
20840006773000,70,40,30,3241
20840006806000,11,7,4,386.1
20840006807000,77,45,32,3634.4
20840006820000,23,13,10,857.9
20840006821000,90,41,49,3672
20840006822000,120,67,53,4776
20840006823000,95,47,48,3543.5
20840006824000,6,2,4,130.2
20840006825000,2,1,1,0
20840006887000,2,1,1,0
20840006888000,19,9,10,974.7
20840006931000,56,32,24,2951.2
20840006932000,4,2,2,0
20840006946000,21,10,11,774.9
20840006947000,21,8,13,1012.2
20840006950000,2,1,1,0
20840006951000,38,18,20,1660.6
20840006958000,9,4,5,245.7
20840006964000,12,6,6,698.4
20840006967000,34,19,15,1339.6
20840006968000,9,5,4,477
20840006977000,4,3,1,0
20840006982000,18,8,10,811.8
20840006983000,3,2,1,0
20840006989000,15,9,6,805.5
20840006990000,53,27,26,2427.4
20840006991000,72,32,40,3096
20840006992000,72,43,29,2124
20840006993000,4,2,2,0
20850006461000,1104,557,547,42172.8
20850006462000,1859,920,939,68968.9
20850006463000,1774,932,842,66170.2
20850006464000,2699,1269,1430,122264.7
20850006465000,2224,1104,1120,85179.2
20850006466000,2067,1014,1053,84540.3
20850006467000,1156,562,594,42772
20850006468000,167,81,86,5744.8
20850006469000,13,6,7,500.5
20850006471000,660,338,322,22308
20850006472000,148,77,71,4958
20850006473000,52,26,26,2459.6
20850006474000,101,55,46,3827.9
20850006475000,744,383,361,26858.4
20850006476000,280,154,126,9968
20850006477000,50,25,25,1975
20850006488000,64,31,33,2796.8
20850006489000,39,18,21,1134.9
20850006490000,9,3,6,252
20850006493000,39,24,15,1595.1
20850006494000,34,16,18,1156
20850006495000,13,8,5,327.6
20850006499000,3,2,1,0
20850006501000,45,25,20,1593
20850006502000,7,4,3,329
20850006503000,5,2,3,178
20850006504000,4,2,2,0
20850006505000,1,1,0,0
20850006513000,9,5,4,356.4
20850006514000,27,15,12,1001.7
20850006515000,39,19,20,1380.6
20850006517000,5,3,2,259
20850006518000,8,4,4,364
20850006528000,5,3,2,214
20850006529000,31,15,16,1522.1
20850006539000,26,12,14,1125.8
20850006540000,6,4,2,220.8
20850006543000,61,27,34,1952
20850006555000,2,1,1,0
20850006644000,2,1,1,0
20850006645000,25,11,14,877.5
20850006775000,3,1,2,0
20850006806000,1,1,0,0
20850006807000,17,6,11,812.6
20850006820000,41,19,22,1873.7
20850006821000,51,23,28,2187.9
20850006822000,3,1,2,0
20850006825000,12,5,7,764.4
20850006826000,6,4,2,196.2
20850006840000,20,10,10,946
20850006859000,6,2,4,271.2
20850006886000,11,8,3,438.9
20850006887000,23,13,10,1101.7
20850006888000,1,1,0,0
20850006890000,10,6,4,420
20850006929000,6,4,2,295.2
20850006931000,1,1,0,0
20850006942000,29,14,15,1278.9
20850006946000,9,6,3,406.8
20850006947000,27,13,14,1023.3
20850006950000,4,2,2,0
20850006964000,77,44,33,3380.3
20850006965000,66,48,18,2923.8
20850006967000,8,3,5,288
20850006977000,8,3,5,314.4
20850006978000,8,5,3,328.8
20850006982000,4,1,3,0
20850006987000,2,1,1,0
20850006988000,21,9,12,1039.5
20850006989000,6,4,2,163.2
20850006990000,20,10,10,1080
20850006991000,5,4,1,143
20850006992000,2,2,0,0
20850006993000,12,8,4,438
20850006994000,35,19,16,1515.5
20860006457000,7,5,2,294
20860006458000,544,272,272,17462.4
20860006459000,8,5,3,174.4
20860006460000,26,13,13,1053
20860006461000,592,290,302,26048
20860006462000,1478,727,751,61484.8
20860006463000,214,119,95,8132
20860006464000,476,253,223,20944
20860006465000,551,284,267,20387
20860006466000,1990,957,1033,79401
20860006467000,1333,676,657,50387.4
20860006470000,3,3,0,0
20860006471000,12,7,5,547.2
20860006476000,30,16,14,993
20860006477000,512,266,246,19097.6
20860006478000,221,122,99,8530.6
20860006479000,312,162,150,8361.6
20860006480000,46,20,26,1669.8
20860006492000,5,2,3,321
20860006493000,2,0,2,0
20860006494000,37,22,15,1557.7
20860006495000,132,69,63,4290
20860006496000,2,1,1,0
20860006497000,10,5,5,355
20860006499000,9,4,5,332.1
20860006500000,3,2,1,0
20860006501000,69,32,37,1897.5
20860006502000,123,60,63,4797
20860006503000,4,3,1,0
20860006508000,8,3,5,154.4
20860006517000,30,13,17,891
20860006518000,79,48,31,3531.3
20860006529000,16,11,5,635.2
20860006533000,9,3,6,423.9
20860006534000,25,13,12,1170
20860006544000,9,4,5,253.8
20860006545000,45,21,24,2290.5
20860006546000,14,7,7,765.8
20860006548000,10,5,5,439
20860006644000,10,4,6,295
20860006821000,4,3,1,0
20860006822000,8,4,4,270.4
20860006825000,27,17,10,1177.2
20860006826000,82,41,41,3181.6
20860006827000,92,40,52,3431.6
20860006828000,7,2,5,434.7
20860006858000,7,4,3,308
20860006884000,9,5,4,386.1
20860006885000,14,6,8,582.4
20860006886000,2,1,1,0
20860006889000,43,23,20,1612.5
20860006890000,11,5,6,334.4
20860006942000,478,228,250,19645.8
20860006960000,2,1,1,0
20860006964000,130,78,52,6292
20860006965000,122,63,59,5148.4
20860006966000,292,156,136,11096
20860006967000,279,150,129,11662.2
20860006968000,114,62,52,4229.4
20860006970000,39,21,18,1310.4
20860006971000,103,47,56,3429.9
20860006972000,36,17,19,1706.4
20860006978000,31,16,15,1701.9
20860006986000,2,1,1,0
20860006987000,31,13,18,1429.1
20860006988000,11,9,2,396
20860006989000,33,18,15,1445.4
20860006990000,3,2,1,0
20860006991000,18,10,8,633.6
20860006992000,18,12,6,851.4
20860006993000,26,13,13,1034.8
20870006457000,52,20,32,1840.8
20870006458000,1059,507,552,43524.9
20870006459000,838,422,416,27486.4
20870006461000,4,2,2,0
20870006462000,564,285,279,19796.4
20870006466000,1745,896,849,70672.5
20870006467000,1312,606,706,49856
20870006468000,112,54,58,3147.2
20870006469000,536,285,251,20850.4
20870006477000,417,219,198,15053.7
20870006478000,651,325,326,25389
20870006479000,1338,681,657,46696.2
20870006480000,1093,525,568,44047.9
20870006481000,105,48,57,3885
20870006482000,23,10,13,880.9
20870006490000,9,6,3,378
20870006498000,9,5,4,333
20870006500000,22,7,15,550
20870006501000,72,38,34,3477.6
20870006502000,58,30,28,2296.8
20870006503000,1,1,0,0
20870006504000,9,6,3,225
20870006505000,3,2,1,0
20870006506000,3,3,0,0
20870006507000,1,1,0,0
20870006508000,7,2,5,233.8
20870006509000,2,1,1,0
20870006514000,1,1,0,0
20870006515000,7,5,2,294.7
20870006517000,9,6,3,488.7
20870006518000,6,5,1,208.2
20870006534000,6,2,4,289.2
20870006535000,3,1,2,0
20870006545000,7,4,3,202.3
20870006546000,3,2,1,0
20870006644000,16,8,8,772.8
20870006649000,3,2,1,0
20870006800000,2,2,0,0
20870006822000,2,2,0,0
20870006823000,7,3,4,408.1
20870006825000,8,4,4,260
20870006826000,8,3,5,367.2
20870006827000,24,14,10,1152
20870006828000,27,13,14,1382.4
20870006829000,7,4,3,392.7
20870006833000,37,21,16,1631.7
20870006835000,10,6,4,399
20870006839000,1,0,1,0
20870006858000,2,2,0,0
20870006889000,5,3,2,201
20870006942000,129,62,67,6540.3
20870006943000,7,3,4,289.1
20870006949000,2,2,0,0
20870006960000,2,1,1,0
20870006967000,54,31,23,1787.4
20870006968000,184,97,87,7323.2
20870006969000,22,14,8,719.4
20870006970000,17,8,9,513.4
20870006971000,58,27,31,2134.4
20870006972000,19,11,8,697.3
20870006978000,13,9,4,340.6
20870006983000,3,1,2,0
20870006986000,71,33,38,2960.7
20870006987000,12,6,6,492
20870006988000,107,50,57,4033.9
20870006989000,181,71,110,9050
20870006990000,321,166,155,12486.9
20870006991000,104,54,50,3806.4
20870006992000,57,28,29,2445.3
20870006993000,90,42,48,4311
20870006994000,11,5,6,522.5
20880006458000,131,64,67,4820.8
20880006459000,882,449,433,27253.8
20880006465000,26,12,14,1619.8
20880006466000,6123,3022,3101,280433.4
20880006467000,2701,1335,1366,110741
20880006468000,1408,692,716,43507.2
20880006469000,126,68,58,4271.4
20880006478000,1015,533,482,31769.5
20880006479000,615,310,305,24415.5
20880006480000,1658,754,904,80247.2
20880006481000,951,480,471,38325.3
20880006482000,60,34,26,2958
20880006483000,153,79,74,5553.9
20880006486000,3,1,2,0
20880006488000,5,2,3,221
20880006489000,3,1,2,0
20880006492000,2,1,1,0
20880006494000,4,2,2,0
20880006504000,16,10,6,561.6
20880006505000,4,1,3,0
20880006506000,6,5,1,151.2
20880006508000,5,3,2,135
20880006509000,2,1,1,0
20880006515000,12,6,6,453.6
20880006517000,9,6,3,462.6
20880006601000,1,1,0,0
20880006820000,1,0,1,0
20880006823000,7,5,2,385
20880006824000,3,2,1,0
20880006826000,2,1,1,0
20880006827000,14,7,7,655.2
20880006828000,31,15,16,1565.5
20880006829000,33,17,16,1158.3
20880006831000,3,2,1,0
20880006832000,446,219,227,16100.6
20880006833000,120,64,56,5280
20880006841000,6,4,2,268.8
20880006858000,17,9,8,622.2
20880006889000,5,3,2,163
20880006890000,16,9,7,766.4
20880006934000,32,13,19,1587.2
20880006942000,116,56,60,4640
20880006968000,3,2,1,0
20880006969000,27,16,11,1355.4
20880006970000,8,5,3,458.4
20880006972000,4,3,1,0
20880006979000,6,4,2,331.2
20880006980000,15,7,8,604.5
20880006981000,2,1,1,0
20880006986000,15,8,7,784.5
20880006987000,217,110,107,7529.9
20880006988000,163,82,81,7889.2
20880006989000,2,1,1,0
20880006990000,37,18,19,1391.2
20880006991000,98,51,47,4772.6
20880006992000,11,6,5,478.5
20880006993000,11,5,6,597.3
20880006994000,44,26,18,2147.2
20890006465000,131,69,62,5253.1
20890006466000,3769,1862,1907,156413.5
20890006467000,3777,1796,1981,148058.4
20890006468000,1095,548,547,47851.5
20890006469000,483,246,237,17001.6
20890006470000,17,7,10,741.2
20890006471000,4,2,2,0
20890006472000,13,9,4,512.2
20890006473000,5,3,2,267
20890006477000,1,1,0,0
20890006478000,177,92,85,6460.5
20890006479000,5,3,2,171
20890006481000,879,466,413,26457.9
20890006482000,302,163,139,11325
20890006483000,60,32,28,2286
20890006484000,19,11,8,547.2
20890006487000,19,9,10,836
20890006488000,37,19,18,1746.4
20890006496000,5,2,3,181
20890006497000,13,6,7,618.8
20890006504000,6,4,2,300
20890006509000,14,9,5,361.2
20890006510000,4,3,1,0
20890006643000,5,2,3,241
20890006649000,3,2,1,0
20890006742000,4,4,0,0
20890006819000,12,6,6,501.6
20890006820000,23,9,14,917.7
20890006829000,61,33,28,2427.8
20890006830000,1,1,0,0
20890006831000,399,199,200,14523.6
20890006832000,301,145,156,15050
20890006845000,28,15,13,1447.6
20890006857000,21,9,12,806.4
20890006858000,1,0,1,0
20890006889000,22,11,11,1025.2
20890006890000,17,8,9,712.3
20890006933000,43,21,22,2059.7
20890006934000,71,36,35,3237.6
20890006935000,5,2,3,307
20890006936000,5,1,4,102
20890006941000,16,11,5,614.4
20890006942000,22,10,12,745.8
20890006962000,2,1,1,0
20890006968000,16,9,7,724.8
20890006969000,25,12,13,980
20890006972000,14,6,8,583.8
20890006990000,45,28,17,1705.5
20890006991000,17,7,10,552.5
20890006992000,28,15,13,946.4
20890006993000,9,5,4,280.8
20890006994000,14,7,7,721
20890007000000,88,38,50,5209.6
20890007001000,293,149,144,11661.4
20900006466000,233,119,114,7525.9
20900006467000,227,129,98,7309.4
20900006468000,1683,809,874,70686
20900006469000,1589,794,795,52913.7
20900006470000,1077,556,521,33171.6
20900006471000,443,222,221,14087.4
20900006472000,603,320,283,20863.8
20900006473000,31,17,14,1097.4
20900006474000,51,24,27,1887
20900006475000,98,50,48,3665.2
20900006476000,5,4,1,108
20900006479000,7,4,3,464.8
20900006482000,34,19,15,1060.8
20900006483000,12,5,7,349.2
20900006484000,12,8,4,416.4
20900006485000,121,61,60,4428.6
20900006486000,49,28,21,1710.1
20900006491000,11,4,7,353.1
20900006504000,10,6,4,343
20900006508000,7,5,2,382.2
20900006514000,6,3,3,279
20900006642000,6,5,1,147
20900006643000,1,1,0,0
20900006649000,5,4,1,339
20900006741000,1,1,0,0
20900006795000,3,2,1,0
20900006796000,3,2,1,0
20900006803000,1,0,1,0
20900006828000,16,10,6,728
20900006829000,1,1,0,0
20900006831000,2,1,1,0
20900006843000,1,1,0,0
20900006844000,3,1,2,0
20900006845000,5,2,3,180
20900006846000,6,3,3,231
20900006847000,7,5,2,308
20900006851000,3,1,2,0
20900006853000,17,11,6,436.9
20900006857000,80,35,45,3072
20900006889000,5,4,1,123
20900006890000,20,7,13,1018
20900006933000,44,22,22,2169.2
20900006936000,2,1,1,0
20900006940000,12,6,6,513.6
20900006941000,9,3,6,350.1
20900006967000,9,5,4,341.1
20900006968000,41,18,23,1521.1
20900006969000,24,14,10,823.2
20900006972000,2,1,1,0
20900006991000,52,22,30,1872
20900006992000,36,19,17,1965.6
20900006993000,10,3,7,549
20900007000000,242,119,123,9994.6
20900007001000,202,93,109,8059.8
20910006463000,32,18,14,1084.8
20910006465000,580,292,288,23780
20910006466000,1063,545,518,40925.5
20910006467000,224,111,113,10035.2
20910006468000,185,95,90,6715.5
20910006469000,391,199,192,13841.4
20910006470000,835,432,403,22044
20910006471000,131,63,68,3537
20910006472000,940,464,476,30738
20910006473000,6,3,3,156
20910006475000,2,2,0,0
20910006476000,55,27,28,2277
20910006479000,7,5,2,277.9
20910006481000,21,10,11,926.1
20910006482000,55,28,27,1842.5
20910006483000,4,2,2,0
20910006484000,4,2,2,0
20910006485000,2,1,1,0
20910006486000,1,1,0,0
20910006492000,4,3,1,0
20910006494000,1,0,1,0
20910006498000,10,4,6,475
20910006499000,7,3,4,308
20910006500000,8,6,2,175.2
20910006509000,6,4,2,348
20910006511000,5,2,3,89
20910006517000,10,4,6,452
20910006518000,4,2,2,0
20910006522000,3,2,1,0
20910006523000,1,1,0,0
20910006612000,2,1,1,0
20910006642000,8,3,5,426.4
20910006649000,15,7,8,652.5
20910006796000,11,7,4,335.5
20910006797000,12,6,6,643.2
20910006798000,2,1,1,0
20910006803000,1,1,0,0
20910006817000,1,1,0,0
20910006825000,7,4,3,480.2
20910006827000,2,1,1,0
20910006844000,8,5,3,323.2
20910006848000,35,20,15,1977.5
20910006849000,32,16,16,1632
20910006850000,8,4,4,426.4
20910006851000,2,1,1,0
20910006852000,15,6,9,628.5
20910006853000,8,4,4,344
20910006854000,20,14,6,826
20910006855000,17,9,8,783.7
20910006856000,12,6,6,441.6
20910006860000,15,7,8,505.5
20910006921000,10,5,5,510
20910006922000,11,8,3,379.5
20910006924000,3,0,3,0
20910006932000,2,1,1,0
20910006933000,5,2,3,71
20910006937000,12,6,6,498
20910006939000,8,3,5,384.8
20910006940000,23,11,12,954.5
20910006968000,31,11,20,1106.7
20910006969000,10,4,6,517
20910006981000,21,12,9,1073.1
20910006982000,6,2,4,244.2
20910006983000,117,55,62,4738.5
20910006984000,13,5,8,257.4
20910006985000,190,99,91,6251
20910006986000,307,159,148,10376.6
20910006987000,10,5,5,389
20910006988000,9,4,5,368.1
20910006999000,25,14,11,1367.5
20910007000000,41,21,20,1984.4
20910007002000,31,18,13,1438.4
20910007003000,6,3,3,196.8
20920006462000,4,2,2,0
20920006463000,395,193,202,9638
20920006464000,1410,697,713,45543
20920006465000,1265,625,640,48323
20920006466000,1787,902,885,61472.8
20920006467000,1506,729,777,54065.4
20920006472000,1,0,1,0
20920006476000,4,3,1,0
20920006477000,34,21,13,1380.4
20920006478000,5,3,2,156
20920006479000,7,3,4,263.9
20920006480000,4,2,2,0
20920006483000,45,28,17,1489.5
20920006485000,50,34,16,1635
20920006488000,26,17,9,717.6
20920006489000,16,8,8,628.8
20920006498000,30,16,14,1176
20920006503000,4,2,2,0
20920006506000,2,2,0,0
20920006509000,7,3,4,193.9
20920006514000,12,7,5,408
20920006612000,4,3,1,0
20920006613000,4,3,1,0
20920006641000,24,13,11,1248
20920006648000,19,9,10,1035.5
20920006649000,2,1,1,0
20920006766000,1,1,0,0
20920006797000,19,9,10,668.8
20920006803000,3,2,1,0
20920006816000,1,1,0,0
20920006821000,1,1,0,0
20920006829000,127,63,64,3594.1
20920006830000,2,1,1,0
20920006854000,2,1,1,0
20920006855000,17,9,8,1103.3
20920006860000,1,1,0,0
20920006890000,4,1,3,0
20920006891000,8,5,3,527.2
20920006910000,2,1,1,0
20920006911000,2,1,1,0
20920006912000,7,4,3,373.1
20920006918000,5,4,1,264
20920006919000,23,13,10,632.5
20920006920000,27,17,10,1433.7
20920006921000,2,2,0,0
20920006922000,9,3,6,353.7
20920006923000,11,6,5,522.5
20920006924000,9,5,4,258.3
20920006925000,33,20,13,1349.7
20920006927000,2,1,1,0
20920006940000,10,6,4,574
20920006967000,7,4,3,340.2
20920006968000,2,1,1,0
20920006969000,44,27,17,1579.6
20920006970000,3,1,2,0
20920006980000,18,7,11,648
20920006981000,18,10,8,772.2
20920006983000,39,20,19,1349.4
20920006984000,64,35,29,2739.2
20920006985000,117,52,65,4223.7
20920006986000,235,115,120,6650.5
20920006987000,208,109,99,5574.4
20920006988000,53,29,24,1701.3
20920006997000,40,19,21,1176
20920006998000,37,23,14,1628
20920006999000,91,50,41,3967.6
20920007000000,48,26,22,2030.4
20920007001000,12,6,6,408
20920007002000,126,73,53,4939.2
20920007003000,32,15,17,1510.4
20930006462000,6,3,3,283.2
20930006463000,1838,925,913,65432.8
20930006464000,900,432,468,27180
20930006465000,272,143,129,7697.6
20930006466000,420,197,223,15750
20930006467000,475,241,234,18905
20930006468000,703,336,367,35009.4
20930006469000,839,403,436,33560
20930006470000,190,92,98,7144
20930006471000,227,110,117,14346.4
20930006472000,1,1,0,0
20930006478000,19,12,7,965.2
20930006479000,4,1,3,0
20930006480000,21,9,12,823.2
20930006483000,3,2,1,0
20930006485000,9,2,7,459.9
20930006488000,1,0,1,0
20930006489000,22,12,10,957
20930006490000,2,1,1,0
20930006491000,6,3,3,228
20930006492000,10,5,5,411
20930006493000,4,3,1,0
20930006495000,4,2,2,0
20930006496000,9,3,6,311.4
20930006497000,2,1,1,0
20930006521000,1,0,1,0
20930006624000,18,9,9,928.8
20930006630000,2,1,1,0
20930006632000,2,1,1,0
20930006641000,38,20,18,1691
20930006647000,9,7,2,297.9
20930006648000,2,1,1,0
20930006803000,13,7,6,475.8
20930006804000,4,2,2,0
20930006818000,2,1,1,0
20930006824000,3,2,1,0
20930006825000,3,3,0,0
20930006830000,18,8,10,856.8
20930006909000,120,57,63,5220
20930006925000,9,5,4,451.8
20930006926000,32,16,16,1884.8
20930006927000,27,13,14,1239.3
20930006940000,4,2,2,0
20930006962000,11,8,3,607.2
20930006967000,8,4,4,310.4
20930006969000,321,169,152,11523.9
20930006970000,2,1,1,0
20930006980000,11,4,7,748
20930006981000,2,1,1,0
20930006986000,8,3,5,242.4
20930006987000,144,78,66,5788.8
20930006992000,47,26,21,1739
20930006993000,8,5,3,222.4
20930006995000,5,2,3,190
20930006996000,35,16,19,1309
20930006997000,70,35,35,2632
20930006998000,26,12,14,1136.2
20930006999000,23,12,11,1122.4
20930007000000,4,2,2,0
20930007001000,21,12,9,795.9
20930007002000,6,3,3,399
20930007003000,52,25,27,2412.8
20940006460000,6,2,4,171
20940006461000,48,26,22,1915.2
20940006462000,157,79,78,5589.2
20940006463000,61,30,31,2244.8
20940006464000,69,34,35,2739.3
20940006465000,28,14,14,1209.6
20940006466000,41,21,20,1537.5
20940006467000,19,8,11,606.1
20940006468000,1479,735,744,53835.6
20940006469000,1458,735,723,49134.6
20940006470000,768,408,360,27340.8
20940006471000,74,36,38,3085.8
20940006472000,25,11,14,1365
20940006473000,34,18,16,1329.4
20940006474000,114,63,51,3591
20940006478000,2,1,1,0
20940006479000,29,15,14,1168.7
20940006480000,13,7,6,552.5
20940006481000,13,8,5,630.5
20940006482000,15,9,6,438
20940006485000,31,16,15,1240
20940006488000,2,1,1,0
20940006489000,17,7,10,542.3
20940006490000,9,4,5,233.1
20940006491000,5,2,3,266
20940006493000,4,3,1,0
20940006494000,13,9,4,449.8
20940006495000,4,2,2,0
20940006496000,11,6,5,518.1
20940006504000,5,2,3,339
20940006507000,4,2,2,0
20940006568000,2,1,1,0
20940006611000,1,1,0,0
20940006613000,2,1,1,0
20940006614000,13,6,7,529.1
20940006615000,3,2,1,0
20940006616000,6,4,2,210
20940006621000,1,1,0,0
20940006622000,21,13,8,999.6
20940006623000,3,1,2,0
20940006624000,15,8,7,760.5
20940006625000,30,12,18,1206
20940006626000,2,1,1,0
20940006627000,4,2,2,0
20940006628000,4,2,2,0
20940006629000,2,1,1,0
20940006630000,4,3,1,0
20940006631000,17,10,7,550.8
20940006632000,9,5,4,516.6
20940006633000,22,11,11,1034
20940006634000,20,9,11,1108
20940006640000,18,10,8,756
20940006641000,5,2,3,100
20940006647000,5,3,2,298
20940006797000,29,14,15,1339.8
20940006824000,3,2,1,0
20940006825000,9,6,3,262.8
20940006826000,4,3,1,0
20940006827000,2,1,1,0
20940006830000,15,9,6,735
20940006831000,92,49,43,3431.6
20940006861000,11,7,4,399.3
20940006907000,4,3,1,0
20940006908000,21,9,12,1081.5
20940006909000,58,31,27,2001
20940006926000,6,3,3,217.8
20940006927000,114,59,55,5198.4
20940006928000,1,1,0,0
20940006941000,5,3,2,183
20940006954000,25,14,11,1162.5
20940006955000,40,15,25,2056
20940006957000,43,18,25,1517.9
20940006962000,2,1,1,0
20940006963000,34,17,17,1373.6
20940006966000,3,2,1,0
20940006967000,653,311,342,25009.9
20940006968000,304,141,163,16780.8
20940006969000,359,188,171,14288.2
20940006970000,200,105,95,7560
20940006971000,17,5,12,668.1
20940006980000,174,90,84,7012.2
20940006985000,6,3,3,291
20940006986000,9,6,3,281.7
20940006987000,18,10,8,691.2
20940006990000,20,11,9,546
20940006991000,17,8,9,571.2
20940006992000,13,3,10,503.1
20940006993000,127,66,61,4762.5
20940006994000,18,9,9,869.4
20940006995000,40,20,20,1904
20940006996000,45,24,21,1647
20940006997000,9,6,3,383.4
20940007003000,7,4,3,189
20940007004000,4,3,1,0
20950006461000,6,4,2,270
20950006462000,55,31,24,2112
20950006463000,38,24,14,1364.2
20950006464000,69,37,32,2946.3
20950006465000,45,20,25,2020.5
20950006466000,27,14,13,1015.2
20950006472000,113,58,55,4576.5
20950006473000,125,62,63,4862.5
20950006474000,686,341,345,24078.6
20950006475000,58,31,27,2024.2
20950006479000,11,7,4,390.5
20950006481000,4,2,2,0
20950006484000,11,3,8,264
20950006489000,8,4,4,402.4
20950006492000,2,1,1,0
20950006495000,23,17,6,736
20950006496000,95,49,46,3847.5
20950006501000,13,7,6,452.4
20950006503000,2,1,1,0
20950006508000,10,6,4,264
20950006568000,2,1,1,0
20950006580000,1,1,0,0
20950006588000,9,5,4,439.2
20950006611000,2,1,1,0
20950006612000,3,1,2,0
20950006613000,2,1,1,0
20950006614000,5,4,1,157
20950006615000,29,18,11,1003.4
20950006630000,5,3,2,307
20950006631000,7,4,3,368.2
20950006635000,10,5,5,392
20950006636000,6,4,2,328.2
20950006637000,6,4,2,277.2
20950006638000,13,5,8,600.6
20950006646000,5,3,2,202
20950006793000,8,6,2,512.8
20950006794000,5,3,2,107
20950006796000,193,97,96,8048.1
20950006797000,333,170,163,14618.7
20950006805000,1,0,1,0
20950006828000,1,1,0,0
20950006829000,1,1,0,0
20950006831000,43,23,20,1599.6
20950006906000,14,6,8,439.6
20950006907000,2,1,1,0
20950006926000,3,2,1,0
20950006941000,1,0,1,0
20950006954000,49,26,23,1999.2
20950006955000,26,16,10,1050.4
20950006956000,56,30,26,2637.6
20950006957000,132,68,64,6190.8
20950006958000,21,10,11,1243.2
20950006959000,33,17,16,1306.8
20950006960000,15,9,6,832.5
20950006961000,22,12,10,866.8
20950006962000,20,13,7,922
20950006963000,164,92,72,6691.2
20950006964000,31,15,16,1311.3
20950006965000,47,23,24,1809.5
20950006966000,50,26,24,2155
20950006967000,152,76,76,5912.8
20950006968000,291,132,159,15364.8
20950006969000,128,68,60,5478.4
20950006970000,14,8,6,488.6
20950006980000,50,26,24,2500
20950006981000,143,84,59,6864
20950006985000,27,13,14,761.4
20950006986000,36,17,19,1677.6
20950006990000,24,15,9,919.2
20950006992000,200,101,99,7980
20950006993000,75,35,40,3720
20950006994000,1,1,0,0
20950007004000,94,50,44,4380.4
20950007005000,8,5,3,503.2
20960006461000,62,36,26,2554.4
20960006462000,26,15,11,1040
20960006463000,14,9,5,551.6
20960006464000,5,3,2,292
20960006465000,9,5,4,471.6
20960006466000,24,12,12,1106.4
20960006468000,1,1,0,0
20960006472000,5,3,2,200
20960006473000,28,16,12,1083.6
20960006474000,169,74,95,7436
20960006475000,397,212,185,13895
20960006480000,4,2,2,0
20960006484000,26,12,14,800.8
20960006490000,11,7,4,310.2
20960006495000,34,16,18,1264.8
20960006496000,2,1,1,0
20960006497000,14,7,7,624.4
20960006498000,5,2,3,226
20960006499000,16,9,7,396.8
20960006502000,1,1,0,0
20960006514000,10,6,4,443
20960006611000,2,1,1,0
20960006615000,7,4,3,319.2
20960006616000,3,2,1,0
20960006630000,21,14,7,806.4
20960006631000,11,5,6,491.7
20960006638000,6,4,2,408
20960006639000,12,6,6,739.2
20960006792000,71,40,31,2903.9
20960006793000,13,4,9,535.6
20960006794000,29,15,14,1102
20960006795000,13,8,5,647.4
20960006797000,435,209,226,19792.5
20960006829000,2,1,1,0
20960006831000,38,21,17,1007
20960006832000,35,17,18,1256.5
20960006833000,3,2,1,0
20960006926000,3,3,0,0
20960006930000,9,4,5,424.8
20960006941000,3,1,2,0
20960006952000,6,3,3,250.8
20960006953000,28,16,12,798
20960006954000,19,8,11,929.1
20960006955000,29,16,13,1531.2
20960006956000,19,10,9,790.4
20960006957000,5,1,4,160
20960006959000,15,9,6,741
20960006960000,11,7,4,568.7
20960006961000,20,11,9,734
20960006964000,3,2,1,0
20960006965000,17,11,6,753.1
20960006966000,20,10,10,750
20960006980000,530,258,272,23903
20960006981000,677,342,335,28298.6
20960006986000,19,10,9,733.4
20960006987000,7,4,3,396.9
20960006988000,9,5,4,297.9
20960006990000,73,35,38,2927.3
20960006991000,6,3,3,421.2
20960006992000,216,108,108,6307.2
20960006994000,12,5,7,657.6
20960006996000,1,1,0,0
20960006997000,9,6,3,308.7
20960007004000,7,3,4,340.2
20960007005000,32,20,12,1241.6
20970006461000,5,2,3,246
20970006463000,12,5,7,610.8
20970006464000,25,14,11,1102.5
20970006465000,10,4,6,502
20970006466000,1,1,0,0
20970006467000,3,1,2,0
20970006468000,5,2,3,230
20970006469000,2,1,1,0
20970006474000,8,4,4,444.8
20970006475000,43,25,18,1548
20970006476000,152,75,77,6004
20970006480000,1,1,0,0
20970006484000,30,15,15,1059
20970006485000,13,7,6,317.2
20970006490000,5,2,3,140
20970006493000,6,3,3,211.8
20970006494000,12,6,6,627.6
20970006497000,4,2,2,0
20970006498000,4,1,3,0
20970006499000,2,1,1,0
20970006506000,4,3,1,0
20970006509000,13,6,7,314.6
20970006514000,12,5,7,493.2
20970006567000,9,6,3,460.8
20970006588000,11,8,3,550
20970006594000,5,3,2,165
20970006614000,4,2,2,0
20970006630000,30,13,17,1485
20970006631000,21,12,9,695.1
20970006645000,7,4,3,343
20970006791000,46,27,19,1982.6
20970006792000,1,1,0,0
20970006795000,27,17,10,1233.9
20970006796000,32,17,15,1289.6
20970006797000,151,79,72,5632.3
20970006832000,11,5,6,432.3
20970006833000,26,12,14,1024.4
20970006834000,54,29,25,2646
20970006835000,9,4,5,401.4
20970006840000,3,2,1,0
20970006925000,38,20,18,1284.4
20970006926000,73,32,41,3190.1
20970006927000,1,0,1,0
20970006930000,46,23,23,1932
20970006931000,10,5,5,544
20970006941000,3,2,1,0
20970006942000,1,1,0,0
20970006952000,24,12,12,876
20970006959000,14,7,7,607.6
20970006960000,63,34,29,2557.8
20970006961000,64,32,32,3296
20970006962000,45,23,22,1903.5
20970006963000,26,13,13,1154.4
20970006964000,18,6,12,525.6
20970006965000,25,10,15,710
20970006966000,82,49,33,3862.2
20970006967000,101,52,49,4524.8
20970006968000,8,5,3,335.2
20970006980000,392,197,195,16777.6
20970006981000,178,86,92,6817.4
20970006988000,25,12,13,810
20970006989000,147,71,76,5821.2
20970006990000,9,6,3,306
20970006992000,4,3,1,0
20970006993000,86,39,47,3483
20970006994000,24,16,8,1044
20970006995000,4,1,3,0
20970006997000,6,4,2,136.2
20970006998000,10,6,4,480
20970007000000,1,1,0,0
20970007002000,12,8,4,392.4
20970007005000,2,1,1,0
20970007006000,37,20,17,1468.9
20980006463000,22,10,12,1029.6
20980006464000,25,13,12,897.5
20980006465000,5,3,2,289
20980006466000,2,1,1,0
20980006467000,9,4,5,487.8
20980006469000,7,3,4,139.3
20980006470000,1,1,0,0
20980006476000,55,30,25,2277
20980006477000,49,30,19,1891.4
20980006478000,10,5,5,350
20980006494000,9,5,4,381.6
20980006497000,2,1,1,0
20980006498000,19,10,9,832.2
20980006499000,4,2,2,0
20980006500000,7,4,3,399.7
20980006503000,2,1,1,0
20980006504000,4,2,2,0
20980006508000,2,1,1,0
20980006509000,5,2,3,235
20980006514000,5,2,3,293
20980006578000,3,3,0,0
20980006587000,2,2,0,0
20980006613000,1,1,0,0
20980006614000,13,5,8,297.7
20980006628000,4,2,2,0
20980006630000,33,17,16,1527.9
20980006631000,1,1,0,0
20980006644000,22,12,10,748
20980006645000,7,4,3,301
20980006791000,20,10,10,980
20980006830000,3,2,1,0
20980006835000,165,70,95,8893.5
20980006836000,33,19,14,1188
20980006837000,18,9,9,592.2
20980006838000,14,7,7,512.4
20980006924000,17,5,12,1013.2
20980006925000,13,6,7,691.6
20980006931000,178,77,101,6995.4
20980006932000,50,23,27,2380
20980006940000,3,2,1,0
20980006943000,3,1,2,0
20980006967000,68,34,34,3495.2
20980006968000,59,28,31,1952.9
20980006980000,753,374,379,32529.6
20980006981000,836,395,441,37536.4
20980006989000,70,34,36,3367
20980006993000,39,19,20,1743.3
20980006999000,13,6,7,821.6
20980007000000,10,6,4,358
20980007001000,4,2,2,0
20980007002000,3,2,1,0
20980007005000,7,3,4,301
20980007006000,51,25,26,1708.5
20990006465000,14,9,5,583.8
20990006466000,37,19,18,1887
20990006467000,26,14,12,1469
20990006468000,4,2,2,0
20990006476000,33,17,16,1065.9
20990006477000,101,51,50,3878.4
20990006478000,108,56,52,3996
20990006479000,8,4,4,247.2
20990006480000,21,9,12,695.1
20990006500000,7,3,4,205.8
20990006501000,3,3,0,0
20990006504000,2,1,1,0
20990006505000,2,2,0,0
20990006507000,15,7,8,705
20990006508000,42,23,19,1545.6
20990006546000,5,1,4,189
20990006575000,1,1,0,0
20990006576000,1,1,0,0
20990006577000,3,1,2,0
20990006587000,4,2,2,0
20990006610000,2,1,1,0
20990006611000,7,5,2,366.8
20990006621000,1,0,1,0
20990006627000,3,2,1,0
20990006628000,7,5,2,375.9
20990006629000,28,14,14,1268.4
20990006630000,29,17,12,1084.6
20990006637000,13,7,6,722.8
20990006790000,16,9,7,699.2
20990006791000,32,21,11,1401.6
20990006831000,1,0,1,0
20990006832000,8,4,4,304
20990006835000,19,10,9,889.2
20990006836000,4,3,1,0
20990006931000,179,85,94,9504.9
20990006932000,23,10,13,906.2
20990006933000,8,6,2,351.2
20990006967000,1,1,0,0
20990006980000,1281,650,631,56748.3
20990006981000,994,481,513,40058.2
20990006989000,24,15,9,861.6
20990006993000,179,94,85,6855.7
20990006995000,4,2,2,0
20990007000000,22,10,12,710.6
20990007001000,24,13,11,808.8
20990007002000,19,11,8,560.5
20990007004000,43,22,21,1513.6
20990007005000,93,52,41,3636.3
20990007006000,2,1,1,0
21000006461000,18,8,10,925.2
21000006462000,49,25,24,2273.6
21000006463000,86,41,45,3612
21000006464000,52,24,28,1783.6
21000006465000,38,17,21,1748
21000006466000,1,0,1,0
21000006467000,13,7,6,646.1
21000006468000,5,3,2,208
21000006469000,20,13,7,636
21000006470000,3,1,2,0
21000006472000,2,1,1,0
21000006479000,31,16,15,961
21000006480000,54,29,25,2397.6
21000006481000,103,56,47,3831.6
21000006483000,15,10,5,490.5
21000006489000,1,1,0,0
21000006491000,4,3,1,0
21000006500000,1,1,0,0
21000006501000,9,6,3,170.1
21000006502000,6,3,3,270
21000006506000,9,4,5,375.3
21000006507000,24,11,13,708
21000006508000,5,2,3,109
21000006587000,1,1,0,0
21000006594000,2,1,1,0
21000006610000,7,5,2,214.9
21000006611000,11,5,6,390.5
21000006613000,7,4,3,326.9
21000006614000,8,5,3,370.4
21000006622000,2,1,1,0
21000006626000,23,9,14,1115.5
21000006627000,8,3,5,352.8
21000006637000,5,3,2,202
21000006640000,2,1,1,0
21000006790000,37,21,16,1779.7
21000006791000,15,8,7,622.5
21000006809000,2,1,1,0
21000006810000,2,2,0,0
21000006832000,2,2,0,0
21000006833000,4,2,2,0
21000006836000,9,4,5,497.7
21000006930000,25,13,12,1235
21000006931000,6,4,2,292.8
21000006932000,11,8,3,643.5
21000006933000,19,8,11,748.6
21000006966000,3,2,1,0
21000006967000,2,1,1,0
21000006980000,1166,583,583,49555
21000006981000,2304,1129,1175,97689.6
21000006986000,5,3,2,156
21000006987000,3,1,2,0
21000006988000,84,48,36,3544.8
21000006989000,21,11,10,747.6
21000006993000,422,211,211,16120.4
21000006994000,38,21,17,1580.8
21000007001000,2,1,1,0
21000007003000,9,5,4,251.1
21000007004000,17,8,9,433.5
21000007005000,144,83,61,5443.2
21000007006000,69,35,34,2884.2
21000007007000,37,20,17,1391.2
21000007008000,7,5,2,296.8
21010006462000,20,9,11,786
21010006463000,27,15,12,1360.8
21010006464000,62,29,33,2548.2
21010006465000,127,55,72,5016.5
21010006466000,93,51,42,3506.1
21010006467000,60,31,29,2706
21010006468000,5,2,3,143
21010006469000,4,0,4,0
21010006470000,15,10,5,517.5
21010006471000,6,3,3,340.8
21010006477000,1,1,0,0
21010006478000,1,0,1,0
21010006479000,8,6,2,344.8
21010006481000,12,8,4,627.6
21010006482000,14,7,7,656.6
21010006483000,117,61,56,3942.9
21010006484000,89,45,44,2865.8
21010006485000,14,6,8,481.6
21010006490000,2,1,1,0
21010006491000,10,6,4,308
21010006513000,9,5,4,428.4
21010006515000,6,5,1,211.8
21010006523000,14,7,7,540.4
21010006575000,9,6,3,288
21010006576000,1,1,0,0
21010006586000,7,4,3,195.3
21010006592000,3,1,2,0
21010006593000,2,2,0,0
21010006606000,2,1,1,0
21010006608000,4,2,2,0
21010006610000,29,14,15,1374.6
21010006611000,65,34,31,2678
21010006615000,5,3,2,98
21010006620000,9,7,2,297.9
21010006625000,4,2,2,0
21010006640000,15,7,8,445.5
21010006789000,16,10,6,912
21010006790000,60,37,23,2412
21010006812000,2,1,1,0
21010006835000,3,2,1,0
21010006836000,1,0,1,0
21010006930000,12,8,4,424.8
21010006931000,12,7,5,652.8
21010006932000,24,12,12,1087.2
21010006933000,33,16,17,1349.7
21010006966000,13,5,8,621.4
21010006980000,492,242,250,22041.6
21010006981000,2026,1017,1009,79824.4
21010006982000,597,298,299,16954.8
21010006987000,42,23,19,1759.8
21010006988000,7,3,4,389.2
21010006993000,499,219,280,23253.4
21010006994000,3,2,1,0
21010006995000,7,3,4,312.2
21010006996000,7,3,4,352.1
21010006997000,3,2,1,0
21010006998000,1,1,0,0
21010007003000,6,3,3,145.2
21010007004000,20,12,8,668
21010007005000,10,6,4,256
21010007007000,5,2,3,332
21020006463000,56,30,26,1926.4
21020006464000,34,18,16,2019.6
21020006465000,34,18,16,1598
21020006466000,6,3,3,361.8
21020006467000,212,107,105,7165.6
21020006468000,48,26,22,2160
21020006469000,18,5,13,705.6
21020006470000,21,13,8,646.8
21020006476000,14,8,6,502.6
21020006478000,10,6,4,479
21020006484000,30,13,17,999
21020006485000,41,22,19,1295.6
21020006486000,41,23,18,1184.9
21020006490000,1,1,0,0
21020006491000,2,1,1,0
21020006493000,18,8,10,707.4
21020006494000,6,3,3,295.2
21020006513000,7,4,3,259.7
21020006514000,5,3,2,149
21020006515000,7,3,4,230.3
21020006523000,7,5,2,200.9
21020006532000,7,3,4,342.3
21020006541000,13,6,7,426.4
21020006542000,15,7,8,769.5
21020006543000,9,4,5,320.4
21020006576000,22,14,8,880
21020006578000,5,3,2,129
21020006579000,2,2,0,0
21020006580000,2,2,0,0
21020006587000,4,2,2,0
21020006588000,8,2,6,290.4
21020006594000,1,1,0,0
21020006603000,1,0,1,0
21020006604000,2,1,1,0
21020006606000,6,2,4,417
21020006608000,25,14,11,1135
21020006609000,1,1,0,0
21020006610000,193,102,91,7449.8
21020006611000,90,40,50,3132
21020006614000,5,2,3,163
21020006615000,2,1,1,0
21020006616000,12,6,6,424.8
21020006617000,8,5,3,320
21020006619000,3,1,2,0
21020006620000,4,2,2,0
21020006622000,1,0,1,0
21020006623000,12,5,7,414
21020006624000,2,1,1,0
21020006625000,29,16,13,1058.5
21020006640000,7,4,3,128.8
21020006789000,38,19,19,1493.4
21020006790000,131,63,68,5292.4
21020006836000,5,5,0,339
21020006930000,77,39,38,3226.3
21020006931000,14,7,7,645.4
21020006932000,1,1,0,0
21020006933000,37,18,19,1776
21020006964000,9,6,3,362.7
21020006965000,22,10,12,1108.8
21020006966000,44,27,17,1694
21020006971000,1,1,0,0
21020006980000,436,225,211,18094
21020006981000,1799,905,894,75737.9
21020006982000,474,234,240,16210.8
21020006987000,28,14,14,1209.6
21020006989000,13,6,7,513.5
21020006990000,2,1,1,0
21020006991000,14,8,6,547.4
21020006992000,46,20,26,1320.2
21020006993000,261,125,136,11405.7
21020006994000,1045,516,529,39710
21020006998000,9,7,2,269.1
21020007002000,12,7,5,385.2
21020007003000,21,12,9,795.9
21020007004000,3,1,2,0
21020007006000,36,17,19,1231.2
21020007007000,29,12,17,1209.3
21030006464000,3,2,1,0
21030006466000,59,33,26,2460.3
21030006467000,172,82,90,7671.2
21030006468000,49,25,24,1680.7
21030006469000,18,12,6,829.8
21030006470000,22,9,13,741.4
21030006471000,41,25,16,1968
21030006472000,60,30,30,2214
21030006475000,5,2,3,143
21030006482000,43,18,25,1603.9
21030006483000,9,3,6,218.7
21030006484000,130,64,66,4719
21030006485000,494,241,253,19908.2
21030006486000,50,23,27,1815
21030006490000,15,10,5,514.5
21030006491000,5,3,2,212
21030006502000,3,1,2,0
21030006515000,1,1,0,0
21030006522000,6,3,3,283.8
21030006523000,34,19,15,1431.4
21030006524000,3,2,1,0
21030006573000,8,3,5,312.8
21030006574000,6,2,4,141
21030006575000,7,4,3,310.8
21030006576000,1,1,0,0
21030006577000,10,7,3,304
21030006580000,1,1,0,0
21030006587000,9,4,5,402.3
21030006588000,16,8,8,640
21030006592000,1,1,0,0
21030006603000,5,3,2,162
21030006605000,11,7,4,467.5
21030006606000,5,4,1,166
21030006608000,29,15,14,1371.7
21030006609000,21,10,11,1014.3
21030006610000,363,168,195,17024.7
21030006611000,5,3,2,323
21030006612000,5,2,3,118
21030006618000,1,1,0,0
21030006619000,7,4,3,406.7
21030006621000,3,2,1,0
21030006622000,7,5,2,284.2
21030006623000,18,9,9,754.2
21030006624000,69,34,35,2559.9
21030006625000,26,13,13,967.2
21030006640000,4,2,2,0
21030006675000,3,1,2,0
21030006789000,17,8,9,785.4
21030006790000,3,1,2,0
21030006806000,67,37,30,3041.8
21030006931000,3,2,1,0
21030006933000,8,2,6,318.4
21030006934000,34,20,14,1261.4
21030006964000,3,2,1,0
21030006965000,17,8,9,632.4
21030006966000,4,2,2,0
21030006967000,2,1,1,0
21030006971000,1,1,0,0
21030006980000,246,128,118,10282.8
21030006981000,2069,986,1083,95794.7
21030006982000,699,350,349,25373.7
21030006987000,14,6,8,645.4
21030006988000,37,18,19,1505.9
21030006989000,25,15,10,1212.5
21030006990000,14,7,7,533.4
21030006991000,56,30,26,2217.6
21030006993000,91,44,47,3621.8
21030006994000,116,59,57,2888.4
21030006998000,15,8,7,561
21030006999000,5,2,3,114
21030007002000,6,5,1,340.8
21030007003000,9,2,7,286.2
21030007004000,15,7,8,511.5
21030007005000,24,14,10,861.6
21030007006000,92,49,43,3312
21030007007000,184,91,93,9604.8
21030007008000,42,20,22,1747.2
21030007009000,6,5,1,310.2
21040006466000,13,5,8,569.4
21040006468000,18,10,8,815.4
21040006469000,7,2,5,289.1
21040006470000,10,6,4,481
21040006471000,8,5,3,344.8
21040006472000,10,5,5,342
21040006482000,47,22,25,1687.3
21040006483000,277,138,139,6648
21040006484000,636,330,306,21624
21040006485000,1158,581,577,48057
21040006486000,165,84,81,5923.5
21040006487000,19,10,9,733.4
21040006500000,1,1,0,0
21040006504000,13,5,8,413.4
21040006515000,3,2,1,0
21040006526000,1,1,0,0
21040006573000,19,11,8,796.1
21040006577000,4,2,2,0
21040006578000,22,14,8,697.4
21040006583000,10,6,4,375
21040006586000,6,4,2,226.8
21040006587000,5,1,4,157
21040006589000,2,1,1,0
21040006590000,2,1,1,0
21040006591000,3,2,1,0
21040006592000,3,2,1,0
21040006593000,11,6,5,443.3
21040006601000,6,3,3,231
21040006602000,106,52,54,4717
21040006604000,7,4,3,485.8
21040006605000,8,4,4,431.2
21040006606000,34,20,14,1465.4
21040006607000,32,14,18,1200
21040006609000,6,4,2,235.2
21040006610000,136,69,67,5780
21040006611000,12,7,5,574.8
21040006612000,15,8,7,640.5
21040006613000,5,3,2,189
21040006618000,3,2,1,0
21040006619000,4,3,1,0
21040006620000,1,0,1,0
21040006621000,5,3,2,113
21040006623000,12,6,6,429.6
21040006624000,312,139,173,15069.6
21040006625000,251,135,116,9964.7
21040006629000,6,3,3,244.2
21040006632000,7,5,2,308
21040006633000,3,1,2,0
21040006634000,1,1,0,0
21040006635000,6,2,4,256.2
21040006636000,4,2,2,0
21040006637000,4,3,1,0
21040006640000,10,4,6,363
21040006660000,2,0,2,0
21040006791000,8,5,3,400.8
21040006806000,21,13,8,714
21040006839000,7,5,2,443.8
21040006934000,95,46,49,3448.5
21040006935000,24,12,12,636
21040006964000,10,5,5,315
21040006965000,64,41,23,2860.8
21040006966000,4,1,3,0
21040006970000,3,2,1,0
21040006980000,45,27,18,2065.5
21040006981000,687,331,356,26724.3
21040006982000,741,350,391,27491.1
21040006986000,20,12,8,734
21040006987000,60,29,31,2298
21040006988000,27,14,13,1117.8
21040006989000,34,18,16,1543.6
21040006990000,22,11,11,1271.6
21040006991000,49,23,26,1857.1
21040006992000,25,13,12,1017.5
21040006993000,52,29,23,2308.8
21040006998000,3,1,2,0
21040006999000,6,3,3,277.8
21040007000000,2,1,1,0
21040007001000,2,2,0,0
21040007002000,7,3,4,406
21040007003000,23,16,7,874
21040007004000,31,13,18,1199.7
21040007005000,25,12,13,1332.5
21040007008000,13,8,5,521.3
21050006468000,12,9,3,428.4
21050006469000,79,40,39,2741.3
21050006470000,2,2,0,0
21050006471000,13,7,6,464.1
21050006472000,48,27,21,1924.8
21050006477000,5,3,2,148
21050006482000,5,3,2,88
21050006483000,1,1,0,0
21050006484000,2,2,0,0
21050006485000,3,1,2,0
21050006487000,29,15,14,852.6
21050006488000,15,9,6,553.5
21050006489000,2,1,1,0
21050006492000,5,3,2,121
21050006498000,4,3,1,0
21050006506000,3,2,1,0
21050006515000,3,2,1,0
21050006578000,13,5,8,679.9
21050006579000,107,51,56,4076.7
21050006580000,80,34,46,3736
21050006581000,181,77,104,7746.8
21050006582000,60,32,28,2922
21050006583000,1,1,0,0
21050006584000,3,2,1,0
21050006586000,11,4,7,330
21050006587000,13,6,7,461.5
21050006588000,6,3,3,289.8
21050006589000,4,1,3,0
21050006590000,9,5,4,396
21050006592000,17,7,10,657.9
21050006602000,10,3,7,439
21050006603000,2,1,1,0
21050006604000,4,2,2,0
21050006611000,2,1,1,0
21050006612000,34,15,19,1309
21050006620000,2,1,1,0
21050006623000,35,20,15,1610
21050006624000,61,30,31,2159.4
21050006625000,56,28,28,2055.2
21050006626000,4,1,3,0
21050006629000,11,7,4,545.6
21050006630000,2,1,1,0
21050006634000,1,1,0,0
21050006635000,10,4,6,469
21050006640000,13,9,4,273
21050006674000,2,1,1,0
21050006790000,2,1,1,0
21050006791000,5,3,2,202
21050006812000,35,18,17,1557.5
21050006934000,35,19,16,1417.5
21050006964000,8,5,3,320.8
21050006965000,61,31,30,3068.3
21050006970000,10,7,3,357
21050006972000,2,1,1,0
21050006973000,8,4,4,348
21050006979000,8,3,5,272.8
21050006981000,411,207,204,14508.3
21050006982000,12,7,5,579.6
21050006986000,39,21,18,1610.7
21050006987000,45,22,23,1953
21050006988000,264,134,130,10507.2
21050006989000,196,99,97,6879.6
21050006990000,39,22,17,1536.6
21050006991000,338,167,171,13182
21050006992000,42,21,21,1251.6
21050006993000,15,7,8,637.5
21050006999000,19,11,8,834.1
21050007000000,6,3,3,234
21050007001000,3,2,1,0
21050007002000,24,14,10,859.2
21050007003000,5,3,2,102
21050007008000,25,11,14,1120
21060006468000,14,8,6,646.8
21060006469000,22,10,12,862.4
21060006470000,3,2,1,0
21060006472000,10,6,4,699
21060006473000,13,8,5,520
21060006474000,4,2,2,0
21060006478000,4,2,2,0
21060006480000,27,13,14,915.3
21060006481000,1,1,0,0
21060006485000,4,2,2,0
21060006486000,39,19,20,1466.4
21060006487000,27,13,14,1007.1
21060006488000,7,4,3,347.2
21060006490000,5,3,2,280
21060006491000,35,19,16,1652
21060006499000,2,0,2,0
21060006506000,8,6,2,219.2
21060006507000,5,3,2,267
21060006508000,4,3,1,0
21060006515000,2,1,1,0
21060006519000,8,4,4,222.4
21060006537000,2,1,1,0
21060006538000,13,7,6,547.3
21060006572000,5,4,1,91
21060006575000,12,7,5,442.8
21060006579000,3,1,2,0
21060006580000,8,4,4,310.4
21060006581000,151,80,71,5934.3
21060006582000,12,6,6,322.8
21060006583000,9,5,4,387
21060006584000,17,8,9,637.5
21060006585000,14,8,6,579.6
21060006586000,34,21,13,1445
21060006587000,16,11,5,438.4
21060006588000,4,3,1,0
21060006590000,3,1,2,0
21060006591000,10,6,4,537
21060006592000,29,15,14,1223.8
21060006602000,12,6,6,612
21060006603000,2,2,0,0
21060006604000,2,1,1,0
21060006628000,11,7,4,438.9
21060006630000,13,5,8,603.2
21060006631000,8,5,3,420
21060006635000,2,1,1,0
21060006640000,16,11,5,648
21060006641000,11,4,7,458.7
21060006673000,2,1,1,0
21060006790000,3,2,1,0
21060006811000,71,37,34,3479
21060006812000,339,182,157,13017.6
21060006813000,26,17,9,910
21060006838000,5,3,2,125
21060006839000,72,42,30,3168
21060006840000,56,34,22,2324
21060006922000,69,34,35,3270.6
21060006923000,20,9,11,1010
21060006934000,17,11,6,525.3
21060006935000,20,11,9,758
21060006953000,8,5,3,360.8
21060006954000,4,1,3,0
21060006964000,31,18,13,1655.4
21060006965000,106,57,49,3540.4
21060006970000,14,9,5,709.8
21060006972000,16,7,9,852.8
21060006973000,3,1,2,0
21060006978000,84,40,44,2847.6
21060006979000,21,14,7,926.1
21060006981000,757,393,364,23769.8
21060006982000,304,150,154,8360
21060006983000,5,2,3,116
21060006986000,6,3,3,210
21060006990000,19,12,7,520.6
21060006992000,12,6,6,393.6
21060006993000,13,8,5,521.3
21060006999000,4,4,0,0
21060007000000,6,4,2,309
21060007001000,4,3,1,0
21060007008000,45,26,19,1867.5
21060007009000,14,9,5,785.4
21070006468000,11,7,4,641.3
21070006469000,21,13,8,1031.1
21070006472000,84,45,39,3889.2
21070006473000,7,5,2,280.7
21070006478000,33,17,16,933.9
21070006479000,26,14,12,741
21070006480000,9,3,6,447.3
21070006483000,8,3,5,316.8
21070006485000,12,5,7,306
21070006486000,13,6,7,483.6
21070006488000,6,4,2,174
21070006489000,1,0,1,0
21070006493000,4,2,2,0
21070006496000,1,0,1,0
21070006499000,16,6,10,630.4
21070006500000,1,1,0,0
21070006502000,12,5,7,386.4
21070006504000,1,1,0,0
21070006536000,6,3,3,382.8
21070006574000,9,5,4,393.3
21070006575000,2,1,1,0
21070006592000,10,5,5,531
21070006593000,4,2,2,0
21070006594000,4,3,1,0
21070006621000,2,1,1,0
21070006632000,3,3,0,0
21070006634000,3,2,1,0
21070006636000,4,2,2,0
21070006637000,13,7,6,555.1
21070006640000,24,9,15,1144.8
21070006641000,60,32,28,2520
21070006839000,11,5,6,818.4
21070006840000,82,41,41,3550.6
21070006841000,7,4,3,275.8
21070006842000,5,3,2,188
21070006844000,8,3,5,252
21070006920000,2,1,1,0
21070006953000,2,1,1,0
21070006954000,24,15,9,1156.8
21070006963000,16,10,6,694.4
21070006964000,8,5,3,350.4
21070006969000,12,6,6,510
21070006970000,54,28,26,2052
21070006978000,250,124,126,7800
21070006979000,25,12,13,885
21070006981000,60,29,31,2418
21070006982000,23,10,13,517.5
21070006990000,13,5,8,559
21070006992000,14,6,8,582.4
21070006993000,12,7,5,524.4
21070007007000,20,12,8,970
21070007008000,24,14,10,1231.2
21070007009000,15,9,6,594
21080006469000,4,2,2,0
21080006474000,50,19,31,1805
21080006475000,57,32,25,2029.2
21080006476000,2,1,1,0
21080006478000,8,4,4,355.2
21080006479000,15,8,7,481.5
21080006487000,10,4,6,366
21080006488000,8,4,4,270.4
21080006489000,6,4,2,229.2
21080006490000,5,1,4,209
21080006494000,18,11,7,599.4
21080006495000,19,12,7,579.5
21080006500000,8,5,3,414.4
21080006501000,8,3,5,234.4
21080006522000,14,9,5,646.8
21080006536000,6,2,4,322.8
21080006537000,16,6,10,699.2
21080006591000,2,1,1,0
21080006592000,14,6,8,579.6
21080006593000,2,2,0,0
21080006594000,1,0,1,0
21080006596000,3,1,2,0
21080006601000,4,3,1,0
21080006634000,13,7,6,614.9
21080006635000,26,13,13,1235
21080006636000,34,17,17,1370.2
21080006637000,16,6,10,744
21080006638000,45,22,23,1678.5
21080006639000,60,32,28,2370
21080006640000,11,4,7,668.8
21080006659000,7,4,3,364.7
21080006729000,8,4,4,256.8
21080006791000,1,1,0,0
21080006810000,38,22,16,1915.2
21080006811000,341,179,162,14526.6
21080006845000,6,3,3,327
21080006934000,3,2,1,0
21080006935000,27,9,18,772.2
21080006954000,17,7,10,535.5
21080006955000,14,4,10,653.8
21080006961000,6,2,4,177
21080006962000,11,7,4,520.3
21080006970000,6,3,3,322.2
21080006971000,6,4,2,238.8
21080006978000,67,36,31,2271.3
21080006979000,30,18,12,1185
21080006981000,152,75,77,5228.8
21080006982000,77,43,34,2040.5
21080006990000,13,7,6,470.6
21080007000000,5,3,2,114
21080007003000,2,1,1,0
21080007007000,15,7,8,426
21080007008000,7,4,3,221.2
21090006469000,60,25,35,2526
21090006470000,50,29,21,2295
21090006471000,5,3,2,183
21090006472000,35,17,18,1123.5
21090006473000,24,10,14,816
21090006474000,238,118,120,7092.4
21090006475000,54,22,32,1733.4
21090006477000,6,2,4,237
21090006478000,1,1,0,0
21090006481000,4,2,2,0
21090006483000,2,1,1,0
21090006486000,9,5,4,302.4
21090006490000,5,3,2,124
21090006495000,10,7,3,436
21090006496000,4,2,2,0
21090006499000,1,1,0,0
21090006503000,5,2,3,85
21090006518000,3,1,2,0
21090006522000,4,3,1,0
21090006535000,1,0,1,0
21090006536000,12,4,8,516
21090006537000,2,2,0,0
21090006553000,13,7,6,474.5
21090006554000,3,2,1,0
21090006594000,9,5,4,239.4
21090006595000,33,15,18,1838.1
21090006601000,3,1,2,0
21090006613000,3,2,1,0
21090006634000,3,1,2,0
21090006636000,11,6,5,479.6
21090006637000,269,129,140,9657.1
21090006638000,165,73,92,7309.5
21090006639000,6,3,3,115.2
21090006668000,2,1,1,0
21090006789000,4,1,3,0
21090006810000,39,18,21,1895.4
21090006811000,857,460,397,38650.7
21090006919000,4,2,2,0
21090006934000,9,4,5,388.8
21090006955000,60,29,31,2214
21090006970000,15,6,9,616.5
21090006974000,5,3,2,319
21090006975000,2,1,1,0
21090006978000,6,4,2,223.8
21090006981000,52,32,20,2043.6
21090006982000,9,4,5,441
21090006985000,2,1,1,0
21090006986000,8,5,3,360.8
21090006999000,4,2,2,0
21090007000000,20,8,12,784
21090007002000,5,3,2,111
21090007008000,10,5,5,397
21090007009000,140,65,75,5334
21100006470000,19,13,6,980.4
21100006471000,78,37,41,2932.8
21100006472000,103,52,51,3728.6
21100006473000,14,7,7,735
21100006474000,1057,525,532,39320.4
21100006475000,888,467,421,31524
21100006476000,107,63,44,4226.5
21100006477000,39,23,16,1474.2
21100006483000,10,6,4,416
21100006487000,1,1,0,0
21100006495000,2,1,1,0
21100006498000,2,1,1,0
21100006499000,6,3,3,124.8
21100006503000,1,0,1,0
21100006518000,46,24,22,1950.4
21100006524000,2,1,1,0
21100006533000,7,4,3,443.1
21100006546000,2,1,1,0
21100006595000,24,13,11,1171.2
21100006596000,30,16,14,1512
21100006599000,4,3,1,0
21100006602000,6,2,4,169.2
21100006606000,10,5,5,341
21100006609000,2,1,1,0
21100006613000,8,4,4,271.2
21100006614000,12,6,6,543.6
21100006634000,2,1,1,0
21100006637000,59,21,38,2495.7
21100006638000,27,15,12,1436.4
21100006653000,6,1,5,139.2
21100006789000,18,11,7,745.2
21100006811000,98,47,51,4341.4
21100006839000,18,10,8,973.8
21100006933000,11,5,6,423.5
21100006934000,7,4,3,422.8
21100006955000,217,114,103,8311.1
21100006956000,29,17,12,794.6
21100006959000,1,1,0,0
21100006970000,10,6,4,535
21100006974000,30,16,14,1509
21100006975000,14,7,7,607.6
21100006979000,4,1,3,0
21100006981000,65,38,27,2749.5
21100006982000,55,29,26,2766.5
21100006999000,1,0,1,0
21100007000000,17,11,6,613.7
21100007001000,37,19,18,1258
21100007004000,1,1,0,0
21100007005000,61,32,29,1933.7
21100007006000,18,12,6,743.4
21100007007000,41,22,19,1385.8
21100007008000,57,33,24,2861.4
21100007009000,106,54,52,3688.8
21110006471000,8,3,5,530.4
21110006472000,15,8,7,601.5
21110006473000,1,1,0,0
21110006474000,611,303,308,25600.9
21110006475000,1859,928,931,83097.3
21110006476000,961,470,491,40265.9
21110006477000,32,16,16,1196.8
21110006486000,21,11,10,819
21110006487000,14,9,5,572.6
21110006489000,6,3,3,139.2
21110006498000,28,12,16,862.4
21110006499000,15,9,6,580.5
21110006500000,2,1,1,0
21110006507000,1,0,1,0
21110006518000,2,1,1,0
21110006519000,10,5,5,401
21110006520000,6,2,4,193.8
21110006546000,6,4,2,325.2
21110006547000,1,0,1,0
21110006548000,5,3,2,233
21110006599000,13,6,7,686.4
21110006600000,20,11,9,840
21110006602000,31,18,13,1320.6
21110006603000,5,2,3,353
21110006604000,11,6,5,444.4
21110006609000,2,1,1,0
21110006610000,3,2,1,0
21110006613000,3,1,2,0
21110006614000,5,3,2,270
21110006637000,34,17,17,1574.2
21110006638000,2,1,1,0
21110006663000,7,3,4,342.3
21110006789000,7,4,3,322
21110006839000,16,8,8,1049.6
21110006840000,40,22,18,1452
21110006841000,4,2,2,0
21110006955000,97,51,46,4510.5
21110006956000,180,91,89,8622
21110006957000,4,1,3,0
21110006974000,12,6,6,676.8
21110006978000,20,9,11,968
21110006979000,14,7,7,704.2
21110006981000,8,4,4,320.8
21110006982000,31,18,13,1181.1
21110006995000,6,2,4,220.2
21110006996000,6,4,2,139.2
21110006999000,9,3,6,217.8
21110007000000,2,1,1,0
21110007001000,29,20,9,1012.1
21110007002000,26,16,10,876.2
21110007005000,25,15,10,1160
21110007006000,10,3,7,405
21110007007000,23,13,10,966
21110007008000,15,8,7,736.5
21110007009000,7,3,4,338.8
21120006475000,274,139,135,11782
21120006476000,774,399,375,29876.4
21120006477000,101,44,57,3494.6
21120006486000,2,1,1,0
21120006489000,2,1,1,0
21120006496000,3,2,1,0
21120006498000,3,2,1,0
21120006500000,2,2,0,0
21120006502000,7,5,2,310.8
21120006504000,6,3,3,172.8
21120006505000,64,37,27,2336
21120006506000,18,8,10,745.2
21120006513000,7,5,2,368.2
21120006519000,2,1,1,0
21120006520000,1,1,0,0
21120006527000,5,3,2,169
21120006547000,3,2,1,0
21120006548000,1,1,0,0
21120006559000,4,3,1,0
21120006568000,4,1,3,0
21120006600000,21,12,9,1169.7
21120006603000,6,5,1,367.8
21120006609000,11,7,4,278.3
21120006610000,27,12,15,1090.8
21120006612000,3,2,1,0
21120006625000,14,7,7,537.6
21120006635000,2,1,1,0
21120006636000,6,4,2,343.2
21120006637000,48,27,21,2044.8
21120006638000,6,3,3,223.8
21120006788000,12,6,6,585.6
21120006789000,13,8,5,725.4
21120006790000,26,15,11,975
21120006791000,6,3,3,213
21120006840000,8,6,2,414.4
21120006842000,2,1,1,0
21120006933000,4,3,1,0
21120006956000,15,7,8,711
21120006974000,331,153,178,13537.9
21120006977000,132,70,62,4184.4
21120006978000,25,14,11,1165
21120006979000,16,10,6,809.6
21120006982000,40,19,21,1460
21120006995000,1,1,0,0
21120006996000,19,11,8,862.6
21120006997000,12,5,7,502.8
21120006999000,44,23,21,1729.2
21120007000000,5,3,2,266
21120007001000,4,2,2,0
21120007002000,18,9,9,743.4
21120007003000,40,23,17,1480
21120007004000,39,21,18,1388.4
21120007005000,20,12,8,858
21130006474000,1,1,0,0
21130006475000,10,4,6,528
21130006476000,234,115,119,7651.8
21130006477000,281,149,132,10059.8
21130006478000,43,18,25,1492.1
21130006481000,19,8,11,573.8
21130006486000,6,3,3,171
21130006493000,8,3,5,404.8
21130006494000,3,2,1,0
21130006499000,4,3,1,0
21130006505000,32,19,13,1136
21130006506000,98,48,50,4331.6
21130006507000,30,15,15,1155
21130006513000,9,3,6,315.9
21130006518000,2,1,1,0
21130006519000,5,3,2,312
21130006522000,4,2,2,0
21130006526000,11,4,7,512.6
21130006543000,3,1,2,0
21130006545000,1,0,1,0
21130006560000,10,7,3,547
21130006567000,1,1,0,0
21130006568000,2,1,1,0
21130006599000,6,3,3,337.8
21130006605000,4,2,2,0
21130006606000,1,1,0,0
21130006607000,72,34,38,3146.4
21130006608000,35,17,18,1823.5
21130006609000,29,15,14,1145.5
21130006613000,1,1,0,0
21130006614000,18,9,9,721.8
21130006615000,5,3,2,251
21130006616000,3,2,1,0
21130006617000,10,5,5,479
21130006618000,2,1,1,0
21130006620000,6,4,2,372
21130006621000,15,10,5,397.5
21130006625000,5,2,3,190
21130006635000,6,2,4,220.2
21130006636000,3,1,2,0
21130006640000,1,0,1,0
21130006650000,4,2,2,0
21130006656000,2,0,2,0
21130006657000,1,1,0,0
21130006664000,3,1,2,0
21130006791000,5,3,2,201
21130006792000,5,1,4,282
21130006818000,26,13,13,1144
21130006820000,6,4,2,379.2
21130006821000,11,5,6,489.5
21130006843000,7,5,2,130.2
21130006844000,11,5,6,415.8
21130006946000,14,6,8,596.4
21130006947000,2,1,1,0
21130006955000,3,2,1,0
21130006956000,12,7,5,610.8
21130006962000,8,2,6,304
21130006965000,2,1,1,0
21130006966000,3,2,1,0
21130006973000,23,12,11,809.6
21130006974000,253,131,122,9234.5
21130006976000,106,63,43,4377.8
21130006977000,307,153,154,10591.5
21130006978000,147,73,74,5571.3
21130006982000,34,16,18,1319.2
21130006984000,1,0,1,0
21130006995000,10,6,4,502
21130006996000,75,42,33,2850
21130006997000,8,6,2,326.4
21130006999000,12,7,5,439.2
21130007003000,13,7,6,562.9
21130007004000,152,79,73,6049.6
21130007005000,4,3,1,0
21130007006000,3,2,1,0
21130007007000,2,1,1,0
21140006475000,18,9,9,799.2
21140006476000,30,16,14,951
21140006477000,65,31,34,2327
21140006478000,325,159,166,9035
21140006479000,14,8,6,450.8
21140006480000,15,9,6,546
21140006489000,3,3,0,0
21140006495000,4,1,3,0
21140006526000,6,3,3,373.8
21140006527000,54,26,28,1846.8
21140006544000,18,9,9,766.8
21140006545000,11,6,5,523.6
21140006559000,5,2,3,215
21140006560000,20,13,7,1032
21140006561000,2,1,1,0
21140006566000,7,4,3,345.8
21140006598000,5,3,2,231
21140006599000,1,1,0,0
21140006608000,11,6,5,372.9
21140006609000,1,1,0,0
21140006613000,4,3,1,0
21140006615000,109,56,53,4817.8
21140006616000,9,4,5,566.1
21140006620000,3,2,1,0
21140006621000,6,4,2,133.8
21140006622000,8,4,4,223.2
21140006623000,25,15,10,842.5
21140006624000,13,6,7,399.1
21140006625000,10,6,4,616
21140006640000,1,1,0,0
21140006642000,3,1,2,0
21140006651000,2,1,1,0
21140006653000,1,1,0,0
21140006792000,38,20,18,1808.8
21140006811000,2,1,1,0
21140006817000,15,8,7,775.5
21140006818000,1656,803,853,75679.2
21140006819000,3,2,1,0
21140006844000,11,6,5,608.3
21140006897000,3,1,2,0
21140006934000,6,5,1,213
21140006955000,7,3,4,279.3
21140006956000,25,16,9,1005
21140006961000,3,2,1,0
21140006962000,34,16,18,1241
21140006965000,5,3,2,361
21140006966000,18,10,8,721.8
21140006967000,10,6,4,615
21140006973000,74,37,37,3056.2
21140006974000,32,14,18,1062.4
21140006977000,2,2,0,0
21140006980000,12,5,7,502.8
21140006982000,25,13,12,797.5
21140006995000,31,17,14,1116
21140006996000,183,96,87,6844.2
21140006998000,6,2,4,300
21140006999000,4,3,1,0
21140007003000,43,23,20,2115.6
21140007004000,3,3,0,0
21140007005000,11,7,4,390.5
21140007006000,1,1,0,0
21140007007000,5,3,2,285
21140007008000,7,3,4,219.8
21150006476000,10,4,6,336
21150006477000,11,6,5,410.3
21150006478000,6,4,2,223.2
21150006479000,14,6,8,533.4
21150006480000,15,9,6,499.5
21150006485000,5,2,3,151
21150006491000,8,3,5,259.2
21150006493000,1,1,0,0
21150006495000,5,2,3,223
21150006496000,3,2,1,0
21150006497000,4,2,2,0
21150006510000,2,1,1,0
21150006511000,18,10,8,795.6
21150006517000,23,10,13,1014.3
21150006523000,2,1,1,0
21150006525000,11,4,7,453.2
21150006526000,5,3,2,253
21150006527000,32,15,17,1235.2
21150006528000,14,8,6,456.4
21150006542000,7,4,3,123.9
21150006543000,13,5,8,709.8
21150006544000,4,2,2,0
21150006558000,2,1,1,0
21150006559000,7,4,3,263.2
21150006598000,4,2,2,0
21150006599000,4,2,2,0
21150006606000,5,2,3,260
21150006607000,3,1,2,0
21150006615000,56,28,28,2721.6
21150006616000,6,5,1,115.8
21150006617000,2,1,1,0
21150006618000,3,2,1,0
21150006621000,4,2,2,0
21150006622000,20,11,9,642
21150006623000,33,14,19,1290.3
21150006624000,20,11,9,896
21150006625000,5,2,3,229
21150006629000,5,2,3,177
21150006635000,2,1,1,0
21150006636000,8,5,3,344
21150006639000,3,1,2,0
21150006644000,3,2,1,0
21150006648000,5,3,2,217
21150006650000,3,1,2,0
21150006657000,1,0,1,0
21150006792000,8,2,6,226.4
21150006793000,19,12,7,929.1
21150006794000,8,6,2,291.2
21150006818000,879,456,423,37797
21150006819000,36,20,16,1360.8
21150006846000,8,4,4,320.8
21150006897000,2,1,1,0
21150006933000,5,3,2,247
21150006936000,2,1,1,0
21150006949000,2,1,1,0
21150006955000,19,10,9,581.4
21150006956000,18,9,9,905.4
21150006961000,46,22,24,1545.6
21150006962000,36,21,15,1695.6
21150006963000,5,3,2,217
21150006965000,8,3,5,296.8
21150006966000,42,21,21,2003.4
21150006967000,48,23,25,1896
21150006973000,25,12,13,975
21150006974000,16,11,5,481.6
21150006982000,55,27,28,2304.5
21150006983000,7,3,4,226.1
21150006990000,1,1,0,0
21150006994000,2,0,2,0
21150006995000,2,1,1,0
21150006996000,15,9,6,694.5
21150006997000,27,14,13,1242
21150006998000,34,18,16,1428
21150006999000,26,10,16,933.4
21150007002000,19,8,11,634.6
21150007003000,89,44,45,3515.5
21150007005000,12,4,8,386.4
21150007007000,15,9,6,714
21150007008000,66,32,34,2409
21150007010000,5,2,3,131
21160006476000,7,3,4,511
21160006477000,5,3,2,133
21160006478000,43,26,17,1530.8
21160006479000,5,3,2,99
21160006483000,14,7,7,520.8
21160006484000,50,27,23,1785
21160006485000,44,23,21,1610.4
21160006487000,1,0,1,0
21160006492000,8,5,3,208
21160006494000,8,3,5,344
21160006497000,10,6,4,485
21160006498000,9,6,3,217.8
21160006502000,2,1,1,0
21160006505000,1,1,0,0
21160006515000,2,1,1,0
21160006516000,17,10,7,731
21160006521000,12,4,8,520.8
21160006522000,3,3,0,0
21160006523000,13,5,8,309.4
21160006525000,3,2,1,0
21160006526000,2,2,0,0
21160006527000,5,1,4,93
21160006528000,1,1,0,0
21160006541000,15,6,9,612
21160006542000,20,10,10,690
21160006543000,5,3,2,183
21160006598000,2,1,1,0
21160006599000,1,0,1,0
21160006614000,10,7,3,400
21160006620000,2,2,0,0
21160006623000,24,10,14,722.4
21160006624000,8,4,4,439.2
21160006628000,17,9,8,681.7
21160006629000,20,12,8,714
21160006631000,2,2,0,0
21160006632000,8,6,2,208
21160006633000,5,3,2,189
21160006635000,2,1,1,0
21160006642000,4,3,1,0
21160006647000,5,2,3,136
21160006792000,7,4,3,371
21160006793000,16,9,7,894.4
21160006794000,27,13,14,1287.9
21160006818000,106,65,41,5045.6
21160006819000,299,149,150,13574.6
21160006897000,3,2,1,0
21160006949000,21,14,7,747.6
21160006950000,8,4,4,360.8
21160006951000,18,12,6,615.6
21160006952000,12,7,5,518.4
21160006953000,3,1,2,0
21160006961000,10,4,6,282
21160006962000,7,4,3,487.2
21160006966000,5,2,3,296
21160006967000,8,4,4,358.4
21160006968000,26,15,11,1294.8
21160006969000,29,13,16,1087.5
21160006970000,156,74,82,6146.4
21160006973000,20,10,10,598
21160006982000,15,11,4,514.5
21160006983000,38,23,15,1850.6
21160006994000,36,20,16,1105.2
21160006995000,14,8,6,695.8
21160006996000,13,8,5,540.8
21160006997000,22,13,9,701.8
21160006998000,560,276,284,26040
21160006999000,490,231,259,18081
21160007000000,17,8,9,734.4
21160007001000,68,36,32,2849.2
21160007002000,35,18,17,1130.5
21160007004000,10,6,4,454
21160007005000,30,19,11,1398
21160007008000,185,95,90,7104
21160007009000,13,8,5,451.1
21160007011000,6,3,3,322.8
21160007012000,15,7,8,514.5
21160007013000,70,37,33,3010
21170006476000,38,20,18,1645.4
21170006477000,48,23,25,1872
21170006478000,28,10,18,1128.4
21170006482000,1,0,1,0
21170006483000,12,6,6,445.2
21170006484000,32,18,14,1430.4
21170006485000,95,47,48,3496
21170006486000,11,4,7,383.9
21170006490000,12,6,6,307.2
21170006491000,2,1,1,0
21170006492000,1,1,0,0
21170006501000,3,2,1,0
21170006503000,7,4,3,394.1
21170006504000,1,1,0,0
21170006505000,14,9,5,551.6
21170006507000,14,5,9,574
21170006514000,35,22,13,1403.5
21170006515000,2,2,0,0
21170006519000,15,8,7,493.5
21170006520000,2,2,0,0
21170006523000,9,5,4,340.2
21170006528000,1,1,0,0
21170006541000,7,4,3,315.7
21170006551000,1,1,0,0
21170006597000,5,2,3,133
21170006614000,8,3,5,384
21170006624000,6,3,3,234
21170006627000,3,1,2,0
21170006628000,2,1,1,0
21170006629000,1,1,0,0
21170006630000,20,12,8,630
21170006633000,6,3,3,343.2
21170006634000,3,2,1,0
21170006642000,1,1,0,0
21170006643000,8,2,6,288
21170006646000,2,1,1,0
21170006656000,2,1,1,0
21170006657000,2,1,1,0
21170006727000,1,0,1,0
21170006745000,1,0,1,0
21170006746000,5,3,2,301
21170006791000,16,10,6,782.4
21170006792000,11,6,5,509.3
21170006819000,124,70,54,4836
21170006820000,1,1,0,0
21170006950000,10,7,3,450
21170006951000,205,107,98,8774
21170006952000,72,43,29,2520
21170006953000,3,1,2,0
21170006958000,8,5,3,434.4
21170006959000,2,1,1,0
21170006960000,8,4,4,383.2
21170006961000,28,15,13,1341.2
21170006962000,8,5,3,308
21170006964000,9,5,4,339.3
21170006965000,9,7,2,561.6
21170006966000,30,16,14,1479
21170006970000,5,3,2,358
21170006979000,6,1,5,193.2
21170006980000,9,6,3,377.1
21170006981000,3,2,1,0
21170006983000,134,68,66,5587.8
21170006995000,6,3,3,243
21170006996000,11,6,5,561
21170006998000,60,30,30,3444
21170006999000,225,107,118,8190
21170007000000,30,14,16,1023
21170007004000,41,22,19,1672.8
21170007005000,13,8,5,743.6
21170007008000,14,8,6,530.6
21170007009000,200,104,96,8100
21170007011000,49,26,23,2141.3
21170007013000,22,11,11,1003.2
21180006476000,11,7,4,324.5
21180006477000,17,8,9,892.5
21180006478000,11,8,3,462
21180006479000,10,5,5,324
21180006481000,9,3,6,433.8
21180006482000,27,10,17,1069.2
21180006483000,17,8,9,642.6
21180006484000,11,7,4,533.5
21180006485000,37,17,20,1446.7
21180006486000,6,3,3,157.8
21180006490000,3,2,1,0
21180006492000,4,1,3,0
21180006499000,8,5,3,168.8
21180006500000,1,1,0,0
21180006502000,3,1,2,0
21180006504000,9,6,3,360.9
21180006505000,15,8,7,571.5
21180006506000,1,1,0,0
21180006519000,1,1,0,0
21180006520000,2,1,1,0
21180006523000,6,3,3,325.8
21180006525000,2,1,1,0
21180006527000,7,3,4,249.2
21180006539000,4,3,1,0
21180006551000,3,1,2,0
21180006596000,1,1,0,0
21180006597000,2,1,1,0
21180006598000,6,6,0,241.8
21180006599000,2,1,1,0
21180006614000,17,9,8,766.7
21180006615000,10,7,3,417
21180006626000,6,2,4,367.2
21180006627000,17,5,12,438.6
21180006643000,12,6,6,625.2
21180006646000,4,1,3,0
21180006653000,6,3,3,256.2
21180006726000,2,2,0,0
21180006727000,17,8,9,926.5
21180006744000,16,9,7,387.2
21180006745000,7,4,3,277.9
21180006791000,5,4,1,170
21180006820000,162,83,79,4876.2
21180006951000,1,1,0,0
21180006952000,24,13,11,916.8
21180006958000,41,22,19,1717.9
21180006959000,1,1,0,0
21180006960000,26,12,14,910
21180006961000,4,2,2,0
21180006963000,3,2,1,0
21180006964000,9,5,4,489.6
21180006965000,4,3,1,0
21180006970000,5,2,3,257
21180006971000,14,8,6,348.6
21180006973000,4,2,2,0
21180006980000,86,37,49,3526
21180006981000,46,27,19,1426
21180006983000,179,98,81,7518
21180006984000,98,60,38,4449.2
21180006995000,10,6,4,522
21180006996000,29,16,13,1046.9
21180006997000,2,1,1,0
21180007003000,24,13,11,1272
21180007004000,2,1,1,0
21180007007000,13,9,4,598
21180007008000,45,26,19,1741.5
21180007009000,211,115,96,8376.7
21180007010000,10,7,3,345
21180007011000,6,2,4,267
21180007012000,4,1,3,0
21180007014000,42,20,22,1701
21190006476000,215,102,113,8406.5
21190006477000,375,197,178,13725
21190006478000,79,44,35,2780.8
21190006479000,26,14,12,1029.6
21190006480000,12,7,5,464.4
21190006481000,2,1,1,0
21190006482000,4,1,3,0
21190006483000,13,7,6,617.5
21190006484000,10,7,3,508
21190006490000,7,4,3,198.1
21190006498000,5,3,2,180
21190006501000,4,2,2,0
21190006503000,2,1,1,0
21190006505000,8,4,4,412.8
21190006506000,18,9,9,943.2
21190006507000,1,1,0,0
21190006519000,2,1,1,0
21190006538000,4,2,2,0
21190006540000,7,6,1,263.2
21190006596000,1,1,0,0
21190006598000,6,4,2,148.2
21190006614000,5,2,3,202
21190006615000,1,0,1,0
21190006616000,1,1,0,0
21190006626000,10,5,5,502
21190006629000,2,1,1,0
21190006645000,16,6,10,635.2
21190006652000,4,3,1,0
21190006726000,2,1,1,0
21190006744000,34,16,18,1332.8
21190006791000,3,1,2,0
21190006821000,2,1,1,0
21190006958000,13,5,8,494
21190006959000,56,32,24,2004.8
21190006960000,1,1,0,0
21190006971000,9,5,4,339.3
21190006974000,3,1,2,0
21190006980000,3,1,2,0
21190006981000,20,9,11,900
21190006982000,15,8,7,751.5
21190006983000,517,276,241,21041.9
21190006984000,30,15,15,1146
21190007001000,2,1,1,0
21190007002000,12,7,5,480
21190007003000,35,24,11,1610
21190007007000,29,15,14,1394.9
21190007008000,32,18,14,1552
21190007009000,49,25,24,1886.5
21190007014000,17,11,6,744.6
21200006476000,8,2,6,268
21200006477000,69,35,34,2428.8
21200006478000,8,2,6,474.4
21200006479000,3,2,1,0
21200006480000,12,6,6,331.2
21200006481000,5,3,2,274
21200006482000,46,24,22,1849.2
21200006483000,4,2,2,0
21200006484000,29,12,17,948.3
21200006485000,8,3,5,359.2
21200006486000,13,7,6,526.5
21200006487000,2,1,1,0
21200006490000,25,15,10,940
21200006491000,12,6,6,528
21200006495000,3,2,1,0
21200006496000,2,1,1,0
21200006497000,7,2,5,233.1
21200006498000,9,5,4,372.6
21200006506000,6,4,2,313.2
21200006507000,7,4,3,454.3
21200006508000,5,3,2,211
21200006510000,13,9,4,435.5
21200006511000,3,2,1,0
21200006512000,2,1,1,0
21200006513000,9,5,4,335.7
21200006514000,8,4,4,314.4
21200006528000,6,3,3,285
21200006529000,13,8,5,542.1
21200006536000,4,3,1,0
21200006610000,11,7,4,389.4
21200006613000,1,1,0,0
21200006625000,3,0,3,0
21200006642000,7,5,2,310.8
21200006645000,2,0,2,0
21200006742000,3,2,1,0
21200006744000,5,3,2,203
21200006791000,3,1,2,0
21200006959000,5,1,4,133
21200006971000,20,14,6,746
21200006974000,9,5,4,335.7
21200006982000,8,6,2,368
21200006983000,128,71,57,3724.8
21200006985000,52,28,24,1970.8
21200006997000,44,21,23,1412.4
21200007000000,7,3,4,350
21200007001000,25,14,11,852.5
21200007002000,8,5,3,218.4
21200007003000,57,26,31,2565
21200007012000,5,3,2,191
21200007013000,17,10,7,856.8
21200007014000,24,12,12,1164
21200007015000,11,6,5,416.9
21210006479000,5,1,4,163
21210006480000,130,74,56,4342
21210006481000,367,186,181,10863.2
21210006482000,33,16,17,1131.9
21210006483000,13,6,7,375.7
21210006484000,852,429,423,22407.6
21210006485000,261,136,125,10361.7
21210006486000,109,59,50,3575.2
21210006487000,7,4,3,317.1
21210006488000,3,1,2,0
21210006489000,7,3,4,256.2
21210006490000,2,1,1,0
21210006491000,71,37,34,2456.6
21210006495000,12,5,7,507.6
21210006506000,37,22,15,799.2
21210006507000,21,11,10,1062.6
21210006508000,9,3,6,412.2
21210006509000,5,2,3,183
21210006510000,21,14,7,800.1
21210006511000,1,0,1,0
21210006515000,1,1,0,0
21210006526000,1,1,0,0
21210006527000,4,3,1,0
21210006529000,8,5,3,264.8
21210006530000,7,4,3,284.9
21210006531000,4,2,2,0
21210006553000,4,1,3,0
21210006575000,5,2,3,166
21210006594000,15,8,7,610.5
21210006595000,1,1,0,0
21210006609000,12,6,6,498
21210006611000,1,1,0,0
21210006612000,2,1,1,0
21210006613000,12,8,4,487.2
21210006615000,2,2,0,0
21210006626000,2,2,0,0
21210006627000,4,3,1,0
21210006631000,3,2,1,0
21210006636000,1,1,0,0
21210006642000,4,3,1,0
21210006644000,2,1,1,0
21210006728000,2,1,1,0
21210006740000,1,0,1,0
21210006959000,2,1,1,0
21210006971000,4,2,2,0
21210006974000,9,4,5,302.4
21210006982000,11,8,3,441.1
21210006983000,23,8,15,903.9
21210006985000,28,15,13,1274
21210006997000,63,35,28,2400.3
21210006998000,1,0,1,0
21210007001000,31,14,17,1159.4
21210007002000,10,6,4,494
21210007003000,2,1,1,0
21210007008000,5,3,2,67
21210007009000,21,12,9,1008
21210007010000,7,3,4,263.2
21210007012000,2,1,1,0
21210007013000,110,57,53,4741
21210007014000,185,92,93,8491.5
21210007015000,117,62,55,4738.5
21220006480000,4,1,3,0
21220006481000,52,26,26,1560
21220006482000,174,85,89,6681.6
21220006483000,42,21,21,1730.4
21220006484000,685,355,330,24728.5
21220006485000,756,375,381,27972
21220006486000,79,42,37,2796.6
21220006488000,4,2,2,0
21220006489000,6,3,3,153
21220006490000,13,9,4,666.9
21220006494000,2,1,1,0
21220006498000,1,0,1,0
21220006528000,3,1,2,0
21220006531000,38,23,15,1485.8
21220006532000,8,4,4,399.2
21220006575000,2,1,1,0
21220006576000,8,3,5,292
21220006577000,3,2,1,0
21220006594000,3,3,0,0
21220006609000,7,5,2,167.3
21220006611000,1,1,0,0
21220006625000,1,1,0,0
21220006729000,14,8,6,593.6
21220006792000,3,2,1,0
21220006896000,1,1,0,0
21220006959000,9,6,3,370.8
21220006971000,8,4,4,264.8
21220006972000,8,4,4,472.8
21220006975000,2,1,1,0
21220006982000,20,11,9,782
21220006983000,7,4,3,305.2
21220006985000,18,8,10,820.8
21220006990000,10,6,4,406
21220006991000,21,11,10,709.8
21220006997000,12,6,6,417.6
21220006998000,4,1,3,0
21220007001000,30,14,16,1401
21220007002000,24,11,13,902.4
21220007008000,28,11,17,1176
21220007009000,27,13,14,1020.6
21220007010000,3,3,0,0
21220007011000,1,1,0,0
21220007012000,19,9,10,687.8
21220007013000,9,5,4,534.6
21220007014000,27,20,7,955.8
21220007015000,70,36,34,3227
21220007016000,10,6,4,325
21230006481000,141,75,66,5541.3
21230006482000,1432,729,703,53413.6
21230006483000,547,279,268,19309.1
21230006484000,210,114,96,8757
21230006485000,663,332,331,24265.8
21230006486000,223,115,108,7425.9
21230006495000,8,1,7,295.2
21230006502000,5,2,3,127
21230006504000,7,5,2,326.9
21230006507000,19,11,8,575.7
21230006508000,3,2,1,0
21230006510000,4,3,1,0
21230006511000,11,5,6,430.1
21230006528000,11,6,5,371.8
21230006529000,4,3,1,0
21230006531000,277,139,138,11135.4
21230006532000,265,131,134,11130
21230006533000,24,12,12,804
21230006535000,2,1,1,0
21230006537000,4,3,1,0
21230006575000,3,2,1,0
21230006576000,9,4,5,286.2
21230006577000,2,1,1,0
21230006593000,7,2,5,293.3
21230006595000,6,3,3,280.8
21230006607000,3,2,1,0
21230006608000,7,3,4,273.7
21230006609000,7,5,2,394.1
21230006612000,4,1,3,0
21230006729000,14,8,6,684.6
21230006740000,16,8,8,804.8
21230006741000,2,1,1,0
21230006792000,3,2,1,0
21230006953000,8,5,3,555.2
21230006956000,30,11,19,1311
21230006957000,267,131,136,11080.5
21230006958000,19,10,9,984.2
21230006959000,10,6,4,434
21230006972000,6,2,4,163.8
21230006975000,9,5,4,293.4
21230006982000,62,36,26,2597.8
21230006983000,21,12,9,621.6
21230006984000,16,8,8,556.8
21230006988000,1,1,0,0
21230006990000,4,2,2,0
21230006991000,23,13,10,1007.4
21230006992000,3,1,2,0
21230006998000,25,10,15,840
21230006999000,1,1,0,0
21230007001000,3,2,1,0
21230007002000,61,29,32,2165.5
21230007008000,31,17,14,1367.1
21230007009000,3,3,0,0
21230007010000,11,7,4,535.7
21230007011000,50,26,24,1680
21230007012000,15,7,8,583.5
21240006482000,140,79,61,6664
21240006483000,1107,584,523,46383.3
21240006484000,1583,783,800,64269.8
21240006485000,643,304,339,26170.1
21240006486000,78,44,34,2893.8
21240006495000,14,9,5,462
21240006503000,5,3,2,338
21240006504000,5,3,2,161
21240006507000,3,1,2,0
21240006508000,27,16,11,1109.7
21240006509000,19,9,10,528.2
21240006510000,20,9,11,822
21240006511000,2,1,1,0
21240006512000,5,2,3,227
21240006516000,32,21,11,1068.8
21240006517000,4,3,1,0
21240006530000,13,6,7,315.9
21240006531000,3,2,1,0
21240006532000,59,33,26,2023.7
21240006533000,40,22,18,1568
21240006535000,2,1,1,0
21240006550000,1,1,0,0
21240006551000,1,0,1,0
21240006553000,10,4,6,393
21240006554000,4,3,1,0
21240006555000,2,1,1,0
21240006593000,5,2,3,257
21240006595000,2,0,2,0
21240006607000,1,0,1,0
21240006608000,3,1,2,0
21240006609000,5,3,2,325
21240006611000,2,1,1,0
21240006612000,6,3,3,267
21240006637000,1,1,0,0
21240006650000,1,1,0,0
21240006729000,28,13,15,1587.6
21240006730000,17,7,10,707.2
21240006740000,32,17,15,1472
21240006741000,7,4,3,240.8
21240006883000,7,2,5,259.7
21240006952000,2,1,1,0
21240006953000,11,4,7,462
21240006954000,104,51,53,4357.6
21240006955000,132,72,60,5253.6
21240006956000,7,5,2,300.3
21240006957000,322,162,160,12300.4
21240006958000,982,486,496,44288.2
21240006959000,5,2,3,219
21240006960000,12,5,7,476.4
21240006973000,7,3,4,373.8
21240006982000,55,31,24,2326.5
21240006984000,200,103,97,8760
21240006991000,3,2,1,0
21240006992000,8,4,4,232
21240006998000,7,4,3,322
21240006999000,16,9,7,649.6
21240007002000,31,16,15,1435.3
21240007006000,4,3,1,0
21240007007000,54,26,28,2251.8
21240007008000,76,38,38,3275.6
21240007009000,29,15,14,1302.1
21240007010000,12,6,6,439.2
21240007012000,10,5,5,393
21240007016000,4,4,0,0
21250006483000,267,124,143,15779.7
21250006484000,1463,737,726,60860.8
21250006485000,966,484,482,37963.8
21250006486000,416,200,216,16348.8
21250006487000,83,41,42,3427.9
21250006490000,32,16,16,1017.6
21250006491000,8,4,4,306.4
21250006492000,6,1,5,178.2
21250006493000,3,2,1,0
21250006494000,7,6,1,368.9
21250006495000,64,36,28,2432
21250006496000,22,11,11,737
21250006497000,1,1,0,0
21250006502000,6,3,3,312
21250006511000,6,3,3,373.8
21250006512000,1,1,0,0
21250006516000,17,11,6,834.7
21250006528000,4,3,1,0
21250006531000,47,23,24,1593.3
21250006532000,1,1,0,0
21250006533000,2,2,0,0
21250006534000,15,6,9,646.5
21250006535000,2,1,1,0
21250006537000,3,1,2,0
21250006554000,3,2,1,0
21250006564000,3,2,1,0
21250006572000,3,0,3,0
21250006575000,9,5,4,548.1
21250006576000,3,2,1,0
21250006577000,4,3,1,0
21250006595000,7,3,4,405.3
21250006603000,2,1,1,0
21250006607000,1,0,1,0
21250006612000,11,4,7,339.9
21250006623000,7,3,4,259.7
21250006626000,1,1,0,0
21250006630000,22,15,7,737
21250006631000,6,4,2,177
21250006632000,6,4,2,205.2
21250006649000,2,1,1,0
21250006650000,2,1,1,0
21250006729000,134,70,64,5989.8
21250006730000,29,17,12,1389.1
21250006740000,130,62,68,5694
21250006741000,6,4,2,429
21250006794000,12,8,4,322.8
21250006883000,2,0,2,0
21250006884000,10,6,4,434
21250006954000,21,9,12,1037.4
21250006955000,5,3,2,312
21250006956000,70,34,36,3367
21250006957000,590,303,287,24662
21250006958000,127,67,60,4711.7
21250006960000,25,13,12,1077.5
21250006973000,1,1,0,0
21250006982000,21,11,10,924
21250006984000,236,112,124,10714.4
21250006986000,1,0,1,0
21250006991000,1,1,0,0
21250006992000,8,3,5,308
21250006993000,16,10,6,654.4
21250006999000,37,22,15,1628
21250007000000,16,8,8,644.8
21250007002000,1,0,1,0
21250007003000,45,21,24,1804.5
21250007006000,12,8,4,434.4
21250007007000,13,10,3,522.6
21250007008000,147,67,80,5865.3
21250007009000,13,8,5,487.5
21250007010000,10,6,4,426
21250007012000,31,18,13,1041.6
21250007013000,32,13,19,1027.2
21250007016000,9,7,2,432.9
21250007018000,8,3,5,320.8
21260006483000,14,6,8,739.2
21260006484000,45,23,22,2088
21260006485000,51,24,27,1713.6
21260006486000,82,40,42,3148.8
21260006487000,203,98,105,7206.5
21260006488000,9,4,5,340.2
21260006491000,68,33,35,2488.8
21260006492000,34,14,20,1451.8
21260006493000,29,16,13,843.9
21260006494000,18,11,7,757.8
21260006495000,39,21,18,1610.7
21260006496000,5,4,1,204
21260006500000,9,4,5,362.7
21260006501000,25,13,12,992.5
21260006502000,167,87,80,6563.1
21260006503000,14,7,7,805
21260006509000,6,4,2,166.8
21260006516000,10,6,4,363
21260006530000,10,4,6,454
21260006531000,34,18,16,1268.2
21260006532000,18,11,7,813.6
21260006536000,10,7,3,479
21260006537000,8,4,4,395.2
21260006551000,33,14,19,1554.3
21260006552000,19,10,9,596.6
21260006570000,3,1,2,0
21260006571000,16,7,9,532.8
21260006572000,7,4,3,364
21260006573000,33,17,16,1372.8
21260006575000,4,2,2,0
21260006576000,31,18,13,1091.2
21260006593000,6,3,3,318
21260006594000,1,1,0,0
21260006603000,1,1,0,0
21260006606000,2,1,1,0
21260006607000,1,1,0,0
21260006611000,2,1,1,0
21260006612000,26,13,13,1128.4
21260006613000,18,5,13,842.4
21260006623000,7,4,3,343
21260006624000,30,13,17,1329
21260006630000,39,23,16,1614.6
21260006631000,7,4,3,333.9
21260006632000,6,3,3,229.2
21260006723000,4,2,2,0
21260006728000,7,3,4,254.1
21260006729000,236,117,119,10100.8
21260006730000,31,18,13,1500.4
21260006740000,92,52,40,4397.6
21260006884000,12,6,6,584.4
21260006954000,45,24,21,2173.5
21260006955000,80,43,37,3240
21260006956000,28,14,14,1215.2
21260006958000,6,4,2,295.2
21260006960000,8,5,3,472.8
21260006972000,12,6,6,766.8
21260006973000,17,10,7,1026.8
21260006984000,68,37,31,2828.8
21260006992000,10,5,5,580
21260006993000,20,9,11,902
21260006994000,30,13,17,1188
21260007000000,12,6,6,614.4
21260007001000,13,6,7,353.6
21260007003000,38,21,17,1808.8
21260007004000,11,8,3,374
21260007006000,14,10,4,532
21260007007000,25,13,12,882.5
21260007009000,7,4,3,132.3
21260007010000,21,10,11,1008
21260007011000,2,1,1,0
21260007012000,25,14,11,942.5
21260007013000,3,2,1,0
21260007014000,76,38,38,2812
21260007015000,63,30,33,2690.1
21260007016000,48,26,22,1814.4
21260007018000,133,69,64,5120.5
21260007019000,20,10,10,940
21270006484000,91,46,45,3539.9
21270006485000,55,29,26,2425.5
21270006486000,68,34,34,2835.6
21270006487000,682,359,323,23938.2
21270006488000,56,28,28,2290.4
21270006489000,17,12,5,617.1
21270006490000,25,14,11,1065
21270006491000,42,23,19,1801.8
21270006492000,98,54,44,3253.6
21270006493000,47,21,26,1884.7
21270006495000,29,14,15,1194.8
21270006496000,52,27,25,2048.8
21270006497000,26,11,15,1118
21270006498000,26,14,12,1164.8
21270006500000,34,22,12,1254.6
21270006501000,3,2,1,0
21270006502000,92,53,39,3523.6
21270006503000,7,3,4,235.2
21270006504000,23,11,12,834.9
21270006505000,21,14,7,598.5
21270006509000,1,1,0,0
21270006510000,2,1,1,0
21270006514000,14,7,7,513.8
21270006515000,7,5,2,289.8
21270006516000,7,4,3,181.3
21270006518000,9,6,3,243.9
21270006525000,7,5,2,329.7
21270006531000,3,1,2,0
21270006532000,1,1,0,0
21270006533000,4,2,2,0
21270006536000,1,1,0,0
21270006537000,2,1,1,0
21270006538000,3,2,1,0
21270006550000,2,1,1,0
21270006551000,1,0,1,0
21270006552000,14,7,7,617.4
21270006553000,21,13,8,1274.7
21270006554000,16,10,6,731.2
21270006555000,20,8,12,924
21270006561000,76,40,36,3587.2
21270006562000,5,3,2,231
21270006568000,11,6,5,565.4
21270006577000,1,0,1,0
21270006593000,5,3,2,245
21270006594000,23,12,11,798.1
21270006603000,11,6,5,548.9
21270006604000,1,1,0,0
21270006605000,7,4,3,457.1
21270006606000,9,4,5,486.9
21270006608000,4,3,1,0
21270006609000,9,4,5,477.9
21270006610000,1,0,1,0
21270006611000,75,43,32,3315
21270006612000,18,8,10,712.8
21270006613000,10,5,5,584
21270006628000,4,3,1,0
21270006629000,15,9,6,678
21270006630000,7,5,2,503.3
21270006651000,1,0,1,0
21270006722000,5,2,3,200
21270006723000,3,2,1,0
21270006726000,1,0,1,0
21270006728000,4,2,2,0
21270006729000,192,83,109,9772.8
21270006730000,172,85,87,8273.2
21270006731000,32,16,16,1225.6
21270006732000,4,2,2,0
21270006739000,5,1,4,146
21270006740000,46,24,22,2033.2
21270006882000,3,1,2,0
21270006884000,2,2,0,0
21270006950000,2,2,0,0
21270006951000,5,2,3,185
21270006952000,16,9,7,731.2
21270006953000,20,12,8,736
21270006959000,3,2,1,0
21270006960000,35,22,13,1067.5
21270006971000,2,1,1,0
21270006972000,36,19,17,1335.6
21270006973000,22,11,11,1067
21270006974000,4,4,0,0
21270006976000,4,2,2,0
21270006983000,2,1,1,0
21270006984000,1,1,0,0
21270006985000,14,9,5,546
21270006993000,44,21,23,1540
21270006994000,46,21,25,1688.2
21270006995000,118,66,52,4059.2
21270006996000,25,15,10,1010
21270007001000,20,14,6,832
21270007004000,34,19,15,1390.6
21270007005000,3,2,1,0
21270007006000,16,7,9,849.6
21270007012000,45,25,20,1831.5
21270007013000,134,63,71,5654.8
21270007015000,31,11,20,1298.9
21270007018000,131,59,72,5030.4
21270007019000,77,40,37,3141.6
21280006483000,4,3,1,0
21280006484000,21,12,9,823.2
21280006485000,56,26,30,2279.2
21280006486000,41,24,17,1476
21280006487000,759,383,376,25502.4
21280006488000,46,25,21,1623.8
21280006489000,69,33,36,2490.9
21280006490000,82,41,41,3296.4
21280006491000,156,81,75,5725.2
21280006492000,455,230,225,16471
21280006493000,41,26,15,1685.1
21280006494000,67,38,29,3021.7
21280006495000,83,48,35,3261.9
21280006496000,132,62,70,4184.4
21280006497000,40,24,16,1404
21280006498000,88,43,45,3247.2
21280006499000,53,28,25,2151.8
21280006500000,68,34,34,2740.4
21280006501000,285,146,139,7467
21280006502000,627,310,317,21004.5
21280006503000,78,41,37,2363.4
21280006504000,7,4,3,223.3
21280006505000,11,5,6,280.5
21280006506000,20,12,8,810
21280006507000,1,0,1,0
21280006508000,70,33,37,2569
21280006509000,6,5,1,162
21280006513000,19,10,9,628.9
21280006514000,25,12,13,645
21280006515000,9,7,2,352.8
21280006516000,1,1,0,0
21280006524000,10,5,5,237
21280006525000,9,5,4,601.2
21280006539000,1,1,0,0
21280006540000,2,0,2,0
21280006555000,7,3,4,319.2
21280006559000,72,41,31,3117.6
21280006560000,116,57,59,4500.8
21280006561000,273,137,136,9746.1
21280006562000,6,2,4,249
21280006563000,3,1,2,0
21280006564000,11,7,4,589.6
21280006570000,1,1,0,0
21280006571000,6,2,4,211.2
21280006573000,1,1,0,0
21280006576000,86,39,47,3870
21280006578000,2,2,0,0
21280006593000,2,1,1,0
21280006594000,53,24,29,2724.2
21280006601000,22,11,11,1014.2
21280006602000,22,9,13,1001
21280006603000,15,9,6,865.5
21280006604000,8,4,4,347.2
21280006605000,34,18,16,1411
21280006606000,10,6,4,391
21280006607000,13,5,8,325
21280006608000,5,3,2,140
21280006609000,4,2,2,0
21280006610000,21,10,11,936.6
21280006611000,7,3,4,280.7
21280006621000,1,1,0,0
21280006622000,5,3,2,261
21280006627000,11,5,6,350.9
21280006628000,34,15,19,1788.4
21280006629000,25,11,14,990
21280006726000,3,1,2,0
21280006727000,4,3,1,0
21280006728000,45,25,20,1674
21280006729000,510,245,265,19431
21280006730000,452,230,222,18441.6
21280006731000,136,67,69,5834.4
21280006739000,31,18,13,1444.6
21280006740000,21,12,9,875.7
21280006883000,1,1,0,0
21280006884000,15,8,7,834
21280006889000,1,1,0,0
21280006890000,2,1,1,0
21280006947000,6,2,4,268.2
21280006951000,5,3,2,205
21280006952000,14,7,7,687.4
21280006959000,111,62,49,4340.1
21280006960000,14,10,4,446.6
21280006970000,13,7,6,448.5
21280006971000,19,10,9,767.6
21280006974000,2,1,1,0
21280006976000,1,0,1,0
21280006982000,5,3,2,211
21280006983000,13,5,8,664.3
21280006985000,52,27,25,2069.6
21280006994000,260,119,141,12324
21280006995000,145,82,63,6336.5
21280006996000,21,11,10,1230.6
21280007001000,3,1,2,0
21280007002000,15,7,8,826.5
21280007004000,33,15,18,1920.6
21280007011000,46,27,19,2014.8
21280007012000,127,71,56,5003.8
21280007013000,209,106,103,6667.1
21280007014000,57,32,25,2091.9
21280007015000,23,11,12,1046.5
21280007016000,14,5,9,625.8
21280007017000,3,2,1,0
21280007019000,82,36,46,2796.2
21290006486000,68,34,34,2454.8
21290006487000,892,452,440,32914.8
21290006488000,143,69,74,6034.6
21290006489000,54,29,25,2813.4
21290006490000,92,48,44,3744.4
21290006491000,53,30,23,2374.4
21290006492000,73,38,35,2854.3
21290006493000,49,25,24,1450.4
21290006494000,6,3,3,222
21290006495000,21,9,12,672
21290006497000,23,13,10,738.3
21290006498000,22,15,7,965.8
21290006500000,13,7,6,761.8
21290006501000,38,21,17,1493.4
21290006502000,725,334,391,33277.5
21290006503000,212,107,105,8543.6
21290006504000,40,18,22,1916
21290006505000,11,6,5,404.8
21290006506000,34,17,17,1302.2
21290006507000,32,15,17,1046.4
21290006508000,31,18,13,1054
21290006510000,1,0,1,0
21290006512000,22,11,11,822.8
21290006513000,49,26,23,1729.7
21290006524000,2,1,1,0
21290006525000,15,8,7,838.5
21290006539000,3,2,1,0
21290006540000,5,2,3,216
21290006545000,10,6,4,435
21290006547000,19,10,9,682.1
21290006558000,22,11,11,996.6
21290006559000,68,31,37,3066.8
21290006560000,3,1,2,0
21290006561000,27,13,14,1080
21290006571000,6,2,4,294
21290006574000,16,8,8,836.8
21290006575000,5,2,3,204
21290006576000,21,11,10,926.1
21290006577000,22,9,13,1262.8
21290006578000,6,5,1,217.2
21290006579000,19,10,9,883.5
21290006580000,17,9,8,799
21290006582000,5,2,3,125
21290006592000,4,3,1,0
21290006593000,12,6,6,442.8
21290006594000,105,55,50,5061
21290006601000,1,1,0,0
21290006602000,16,6,10,472
21290006603000,115,62,53,4761
21290006604000,119,60,59,5485.9
21290006605000,18,10,8,687.6
21290006607000,20,10,10,660
21290006609000,6,2,4,190.2
21290006610000,2,1,1,0
21290006613000,5,2,3,162
21290006621000,4,2,2,0
21290006622000,6,3,3,352.2
21290006627000,13,8,5,443.3
21290006724000,3,2,1,0
21290006725000,7,5,2,275.1
21290006726000,2,1,1,0
21290006729000,25,14,11,1065
21290006730000,416,207,209,17388.8
21290006731000,197,96,101,7328.4
21290006732000,10,5,5,437
21290006739000,30,15,15,1425
21290006883000,1,1,0,0
21290006884000,13,5,8,478.4
21290006946000,5,4,1,191
21290006947000,4,2,2,0
21290006958000,6,3,3,405
21290006959000,386,182,204,15903.2
21290006974000,7,2,5,317.1
21290006976000,3,1,2,0
21290006977000,7,3,4,158.9
21290006983000,10,4,6,479
21290006984000,1,1,0,0
21290006985000,64,33,31,2412.8
21290006995000,50,26,24,1870
21290006996000,17,7,10,693.6
21290006997000,14,8,6,831.6
21290007002000,19,11,8,655.5
21290007004000,24,10,14,972
21290007005000,21,11,10,940.8
21290007008000,2,1,1,0
21290007009000,25,12,13,1285
21290007010000,11,7,4,524.7
21290007011000,44,21,23,2068
21290007012000,38,21,17,1352.8
21290007013000,71,31,40,2193.9
21290007014000,189,96,93,8032.5
21290007015000,307,151,156,14122
21290007016000,133,49,84,7660.8
21290007017000,58,30,28,2354.8
21290007018000,34,18,16,1584.4
21290007019000,43,22,21,1530.8
21300006487000,552,275,277,22135.2
21300006488000,1052,512,540,43447.6
21300006489000,106,58,48,3784.2
21300006490000,11,6,5,359.7
21300006491000,81,44,37,3345.3
21300006492000,164,79,85,6035.2
21300006493000,36,19,17,1706.4
21300006495000,3,1,2,0
21300006496000,25,12,13,960
21300006497000,38,15,23,1504.8
21300006498000,23,13,10,598
21300006499000,3,2,1,0
21300006500000,39,24,15,1953.9
21300006501000,232,113,119,8212.8
21300006502000,912,463,449,29457.6
21300006503000,158,81,77,6525.4
21300006504000,67,30,37,2646.5
21300006505000,46,22,24,1789.4
21300006506000,54,29,25,2030.4
21300006507000,1,0,1,0
21300006508000,10,5,5,293
21300006509000,1,1,0,0
21300006510000,40,23,17,1572
21300006511000,16,7,9,440
21300006512000,31,18,13,957.9
21300006513000,10,3,7,438
21300006519000,44,23,21,1768.8
21300006520000,1,1,0,0
21300006524000,2,1,1,0
21300006525000,11,4,7,442.2
21300006538000,7,3,4,333.9
21300006539000,1,1,0,0
21300006542000,3,2,1,0
21300006544000,3,2,1,0
21300006545000,1,1,0,0
21300006558000,3,1,2,0
21300006559000,22,10,12,1051.6
21300006575000,13,7,6,682.5
21300006576000,4,2,2,0
21300006579000,20,12,8,682
21300006580000,16,8,8,649.6
21300006581000,8,3,5,400.8
21300006587000,5,2,3,314
21300006592000,6,4,2,354
21300006593000,18,9,9,869.4
21300006594000,49,26,23,2401
21300006595000,2,1,1,0
21300006599000,3,2,1,0
21300006601000,2,1,1,0
21300006602000,127,61,66,5702.3
21300006603000,228,114,114,9712.8
21300006604000,45,25,20,2124
21300006605000,8,4,4,280.8
21300006606000,36,20,16,1638
21300006607000,14,6,8,688.8
21300006608000,4,2,2,0
21300006611000,12,7,5,424.8
21300006612000,12,6,6,483.6
21300006622000,2,1,1,0
21300006625000,20,10,10,1108
21300006723000,2,1,1,0
21300006724000,47,24,23,2053.9
21300006731000,58,34,24,2610
21300006732000,24,11,13,902.4
21300006739000,3,1,2,0
21300006884000,5,2,3,247
21300006944000,21,11,10,1209.6
21300006945000,8,2,6,251.2
21300006946000,4,2,2,0
21300006958000,36,18,18,1306.8
21300006959000,715,350,365,29815.5
21300006960000,3,1,2,0
21300006975000,9,5,4,381.6
21300006977000,40,21,19,1516
21300006984000,9,5,4,441.9
21300006985000,30,16,14,1128
21300006986000,27,18,9,1306.8
21300006996000,5,2,3,362
21300006997000,3,2,1,0
21300006998000,31,14,17,1147
21300007002000,13,6,7,601.9
21300007005000,32,19,13,1392
21300007006000,2,1,1,0
21300007008000,38,21,17,1873.4
21300007014000,8,4,4,392.8
21300007015000,3,1,2,0
21300007016000,76,39,37,3176.8
21300007017000,82,41,41,3230.8
21310006488000,903,439,464,33772.2
21310006489000,97,46,51,3957.6
21310006490000,850,402,448,28390
21310006491000,372,192,180,15438
21310006492000,20,8,12,1170
21310006493000,188,85,103,8967.6
21310006494000,19,10,9,828.4
21310006495000,38,20,18,1660.6
21310006496000,34,15,19,1567.4
21310006497000,21,11,10,1035.3
21310006498000,7,2,5,452.2
21310006499000,125,65,60,5350
21310006500000,19,10,9,763.8
21310006502000,30,10,20,954
21310006503000,35,17,18,1631
21310006504000,17,8,9,642.6
21310006505000,37,19,18,1779.7
21310006506000,27,13,14,947.7
21310006519000,85,48,37,3740
21310006522000,4,3,1,0
21310006524000,4,2,2,0
21310006525000,4,2,2,0
21310006544000,2,1,1,0
21310006545000,12,7,5,450
21310006557000,26,15,11,1281.8
21310006558000,12,6,6,742.8
21310006575000,3,1,2,0
21310006576000,5,3,2,168
21310006587000,3,2,1,0
21310006588000,14,7,7,665
21310006591000,6,3,3,256.2
21310006592000,23,15,8,1140.8
21310006593000,3,2,1,0
21310006598000,2,2,0,0
21310006600000,4,2,2,0
21310006601000,80,41,39,3232
21310006602000,202,92,110,9049.6
21310006607000,8,5,3,410.4
21310006609000,3,1,2,0
21310006610000,9,5,4,381.6
21310006611000,21,11,10,816.9
21310006623000,2,2,0,0
21310006723000,16,8,8,614.4
21310006724000,17,9,8,766.7
21310006732000,21,12,9,756
21310006738000,2,1,1,0
21310006739000,3,1,2,0
21310006774000,4,3,1,0
21310006884000,13,8,5,344.5
21310006943000,9,4,5,444.6
21310006944000,5,2,3,302
21310006956000,10,5,5,630
21310006957000,15,9,6,567
21310006958000,52,25,27,2199.6
21310006959000,120,63,57,4968
21310006977000,28,14,14,1134
21310006978000,4,3,1,0
21310006984000,8,3,5,406.4
21310006985000,13,7,6,413.4
21310006986000,21,13,8,798
21310006996000,9,6,3,344.7
21310006997000,2,1,1,0
21310006998000,6,4,2,336
21310006999000,8,4,4,328
21310007002000,3,3,0,0
21310007003000,2,1,1,0
21310007005000,7,4,3,242.2
21310007006000,67,33,34,3417
21310007007000,21,13,8,609
21310007008000,25,13,12,1002.5
21310007010000,1,1,0,0
21310007011000,25,15,10,967.5
21310007012000,8,4,4,366.4
21310007013000,35,19,16,1452.5
21320006487000,5,4,1,119
21320006488000,590,301,289,25193
21320006489000,153,76,77,5890.5
21320006490000,48,23,25,1761.6
21320006491000,979,494,485,39160
21320006492000,319,145,174,15216.3
21320006493000,896,438,458,36108.8
21320006494000,752,364,388,32185.6
21320006495000,59,31,28,2548.8
21320006496000,1,0,1,0
21320006497000,26,16,10,1242.8
21320006498000,12,5,7,643.2
21320006499000,35,20,15,1407
21320006500000,3,2,1,0
21320006503000,19,10,9,944.3
21320006504000,14,6,8,474.6
21320006505000,10,5,5,569
21320006506000,22,13,9,932.8
21320006508000,7,5,2,293.3
21320006515000,7,4,3,179.9
21320006519000,1,0,1,0
21320006522000,2,1,1,0
21320006526000,5,3,2,173
21320006557000,6,3,3,307.8
21320006597000,4,3,1,0
21320006598000,12,5,7,639.6
21320006599000,14,7,7,652.4
21320006600000,60,27,33,2010
21320006601000,44,22,22,1707.2
21320006606000,1,1,0,0
21320006607000,28,15,13,1030.4
21320006608000,16,9,7,905.6
21320006609000,2,1,1,0
21320006622000,7,3,4,431.9
21320006722000,16,8,8,596.8
21320006723000,17,9,8,970.7
21320006724000,2,1,1,0
21320006732000,17,11,6,824.5
21320006733000,22,13,9,1038.4
21320006738000,62,31,31,2108
21320006739000,20,10,10,810
21320006749000,8,4,4,316
21320006801000,3,2,1,0
21320006802000,1,1,0,0
21320006884000,3,1,2,0
21320006888000,3,2,1,0
21320006942000,7,3,4,412.3
21320006956000,14,6,8,515.2
21320006957000,6,3,3,253.2
21320006958000,26,10,16,1167.4
21320006959000,56,30,26,2424.8
21320006978000,1,1,0,0
21320006984000,3,1,2,0
21320006985000,9,4,5,333.9
21320006986000,10,5,5,449
21320006987000,7,5,2,242.9
21320006996000,8,3,5,291.2
21320006997000,59,28,31,2147.6
21320006999000,26,12,14,915.2
21320007000000,24,13,11,799.2
21320007002000,8,4,4,136
21320007006000,7,3,4,198.8
21320007007000,2,1,1,0
21320007010000,35,21,14,1207.5
21320007011000,106,52,54,4335.4
21320007012000,31,16,15,1212.1
21320007013000,18,9,9,966.6
21320007014000,63,38,25,2772
21320007015000,7,4,3,291.9
21320007018000,29,16,13,1650.1
21320007019000,697,343,354,30598.3
21320007020000,882,440,442,40042.8
21330006489000,6,4,2,261
21330006491000,11,7,4,662.2
21330006492000,590,303,287,23246
21330006493000,355,176,179,12602.5
21330006494000,612,308,304,22460.4
21330006495000,593,297,296,19450.4
21330006496000,17,8,9,766.7
21330006497000,43,20,23,1879.1
21330006498000,533,270,263,16363.1
21330006499000,24,13,11,916.8
21330006501000,11,6,5,480.7
21330006504000,8,3,5,206.4
21330006505000,11,8,3,665.5
21330006506000,2,1,1,0
21330006507000,4,3,1,0
21330006516000,2,1,1,0
21330006517000,12,8,4,489.6
21330006519000,1,1,0,0
21330006522000,4,2,2,0
21330006526000,6,5,1,217.2
21330006527000,7,3,4,394.8
21330006606000,6,4,2,234
21330006607000,12,7,5,436.8
21330006722000,18,10,8,865.8
21330006723000,2,1,1,0
21330006733000,25,13,12,1170
21330006734000,20,10,10,730
21330006735000,5,2,3,327
21330006737000,4,2,2,0
21330006738000,251,118,133,12826.1
21330006739000,20,11,9,1076
21330006745000,6,4,2,277.2
21330006746000,6,5,1,310.8
21330006749000,1,1,0,0
21330006884000,5,2,3,157
21330006887000,1,1,0,0
21330006956000,14,7,7,606.2
21330006957000,15,6,9,766.5
21330006958000,33,17,16,1402.5
21330006959000,38,23,15,1713.8
21330006975000,2,1,1,0
21330006983000,2,1,1,0
21330006985000,5,1,4,136
21330006987000,6,4,2,325.8
21330006995000,24,14,10,931.2
21330006996000,12,5,7,375.6
21330006997000,16,8,8,414.4
21330006998000,3,2,1,0
21330007000000,8,4,4,454.4
21330007002000,17,8,9,756.5
21330007008000,21,10,11,884.1
21330007009000,80,39,41,3776
21330007010000,23,11,12,618.7
21330007015000,15,8,7,496.5
21330007017000,742,379,363,30273.6
21330007018000,2745,1390,1355,125995.5
21330007019000,2814,1413,1401,117625.2
21330007020000,1684,808,876,71064.8
21340006492000,43,21,22,1556.6
21340006493000,306,166,140,12913.2
21340006494000,316,164,152,12482
21340006495000,928,454,474,36934.4
21340006496000,28,13,15,1246
21340006497000,184,99,85,7452
21340006498000,177,93,84,6318.9
21340006499000,483,237,246,16566.9
21340006500000,22,11,11,1016.4
21340006501000,15,9,6,750
21340006502000,4,2,2,0
21340006503000,2,1,1,0
21340006506000,3,1,2,0
21340006507000,1,0,1,0
21340006509000,12,5,7,464.4
21340006510000,43,20,23,1457.7
21340006512000,5,2,3,107
21340006514000,3,1,2,0
21340006519000,7,4,3,268.8
21340006522000,34,19,15,1475.6
21340006529000,9,4,5,478.8
21340006540000,14,8,6,487.2
21340006548000,6,3,3,247.8
21340006560000,2,2,0,0
21340006607000,5,3,2,328
21340006620000,12,7,5,298.8
21340006621000,10,5,5,534
21340006624000,2,1,1,0
21340006625000,14,6,8,428.4
21340006626000,10,5,5,382
21340006627000,2,1,1,0
21340006654000,6,3,3,273
21340006721000,4,4,0,0
21340006734000,22,11,11,739.2
21340006735000,13,5,8,551.2
21340006737000,65,33,32,2470
21340006738000,51,26,25,2493.9
21340006745000,15,7,8,580.5
21340006746000,21,11,10,976.5
21340006883000,1,1,0,0
21340006954000,9,5,4,509.4
21340006955000,16,12,4,564.8
21340006958000,5,3,2,196
21340006959000,11,5,6,522.5
21340006975000,1,1,0,0
21340006983000,3,2,1,0
21340006984000,7,5,2,252.7
21340006985000,5,2,3,296
21340006987000,8,3,5,452.8
21340006988000,3,2,1,0
21340006994000,12,7,5,574.8
21340006998000,14,6,8,509.6
21340007001000,17,10,7,664.7
21340007002000,2,1,1,0
21340007008000,99,59,40,4148.1
21340007009000,87,41,46,3923.7
21340007015000,13,6,7,620.1
21340007016000,8,4,4,228.8
21340007017000,112,63,49,5174.4
21340007018000,1825,908,917,81395
21340007019000,1846,949,897,81224
21340007020000,59,30,29,2873.3
21350006493000,178,95,83,6853
21350006494000,1096,537,559,50416
21350006495000,1282,641,641,50382.6
21350006496000,1538,749,789,66287.8
21350006497000,851,454,397,30636
21350006498000,255,127,128,9562.5
21350006499000,461,234,227,15213
21350006500000,19,11,8,718.2
21350006501000,30,15,15,1308
21350006502000,5,2,3,349
21350006505000,1,1,0,0
21350006508000,6,3,3,343.8
21350006509000,11,7,4,346.5
21350006512000,38,21,17,1356.6
21350006517000,1,0,1,0
21350006520000,2,1,1,0
21350006521000,7,4,3,370.3
21350006522000,22,11,11,1018.6
21350006523000,2,1,1,0
21350006531000,5,2,3,88
21350006532000,3,1,2,0
21350006606000,13,8,5,526.5
21350006607000,23,12,11,1018.9
21350006608000,41,19,22,1791.7
21350006609000,8,5,3,455.2
21350006620000,3,2,1,0
21350006621000,9,5,4,286.2
21350006623000,12,7,5,519.6
21350006624000,22,13,9,871.2
21350006720000,9,4,5,521.1
21350006721000,10,5,5,583
21350006734000,5,2,3,350
21350006735000,41,26,15,1570.3
21350006736000,12,5,7,772.8
21350006737000,34,17,17,1502.8
21350006746000,7,3,4,361.9
21350006812000,1,1,0,0
21350006883000,4,2,2,0
21350006884000,31,15,16,1460.1
21350006941000,4,2,2,0
21350006942000,6,4,2,396
21350006954000,13,8,5,503.1
21350006958000,1,0,1,0
21350006976000,12,7,5,399.6
21350006982000,2,1,1,0
21350006984000,43,20,23,1784.5
21350006985000,3,2,1,0
21350006998000,2,1,1,0
21350006999000,5,3,2,284
21350007002000,13,4,9,534.3
21350007003000,65,33,32,2145
21350007004000,8,2,6,354.4
21350007008000,34,17,17,1632
21350007009000,269,128,141,9119.1
21350007010000,379,190,189,15576.9
21350007011000,6,2,4,106.8
21350007014000,36,19,17,1771.2
21350007015000,101,54,47,4292.5
21350007016000,1,1,0,0
21350007018000,1422,721,701,58728.6
21350007019000,515,267,248,22557
21350007020000,90,46,44,3906
21360006492000,6,4,2,205.2
21360006493000,52,26,26,1695.2
21360006494000,509,260,249,18222.2
21360006495000,812,395,417,33941.6
21360006496000,1645,807,838,71064
21360006497000,2137,1089,1048,87403.3
21360006498000,1712,835,877,66254.4
21360006499000,637,326,311,23823.8
21360006500000,17,9,8,887.4
21360006501000,27,13,14,918
21360006502000,26,11,15,1170
21360006503000,6,3,3,169.8
21360006504000,7,4,3,249.2
21360006505000,15,7,8,616.5
21360006506000,1,1,0,0
21360006514000,5,3,2,338
21360006520000,4,2,2,0
21360006522000,18,9,9,910.8
21360006531000,2,1,1,0
21360006533000,1,1,0,0
21360006534000,7,3,4,319.2
21360006545000,5,2,3,126
21360006546000,1,1,0,0
21360006575000,1,1,0,0
21360006604000,1,1,0,0
21360006606000,13,6,7,777.4
21360006607000,5,4,1,309
21360006608000,11,6,5,411.4
21360006609000,67,37,30,3195.9
21360006610000,7,4,3,212.1
21360006619000,4,3,1,0
21360006620000,53,31,22,1913.3
21360006621000,67,34,33,2827.4
21360006622000,25,12,13,1115
21360006623000,22,11,11,1159.4
21360006655000,30,15,15,1224
21360006703000,1,1,0,0
21360006720000,3,2,1,0
21360006733000,1,1,0,0
21360006734000,16,9,7,577.6
21360006735000,2,1,1,0
21360006736000,45,26,19,1710
21360006737000,5,4,1,231
21360006746000,5,4,1,257
21360006747000,7,3,4,424.2
21360006803000,12,6,6,426
21360006804000,12,7,5,516
21360006882000,1,1,0,0
21360006883000,25,13,12,1087.5
21360006884000,17,10,7,674.9
21360006941000,2,1,1,0
21360006959000,3,2,1,0
21360006976000,2,1,1,0
21360006982000,10,5,5,375
21360006983000,2,1,1,0
21360006988000,3,1,2,0
21360006989000,12,7,5,463.2
21360006999000,22,11,11,759
21360007002000,22,12,10,783.2
21360007008000,46,25,21,1495
21360007009000,39,22,17,1934.4
21360007015000,195,92,103,7195.5
21360007016000,9,4,5,370.8
21360007018000,229,116,113,9572.2
21360007019000,764,403,361,30025.2
21370006493000,3,1,2,0
21370006494000,435,216,219,19096.5
21370006495000,627,313,314,24766.5
21370006496000,445,211,234,19491
21370006497000,2187,1019,1168,104319.9
21370006498000,1477,712,765,63215.6
21370006499000,288,139,149,12009.6
21370006500000,33,18,15,966.9
21370006501000,91,47,44,3831.1
21370006502000,244,118,126,8418
21370006503000,29,13,16,727.9
21370006504000,8,5,3,220
21370006513000,2,1,1,0
21370006522000,20,11,9,794
21370006523000,18,8,10,954
21370006524000,7,2,5,277.9
21370006525000,7,4,3,205.8
21370006529000,4,2,2,0
21370006530000,4,2,2,0
21370006606000,11,4,7,523.6
21370006609000,1,0,1,0
21370006610000,60,35,25,2178
21370006611000,26,13,13,988
21370006613000,10,6,4,522
21370006619000,85,43,42,3366
21370006620000,65,32,33,2639
21370006621000,36,20,16,1396.8
21370006623000,2,1,1,0
21370006655000,4,2,2,0
21370006714000,6,4,2,373.2
21370006715000,3,1,2,0
21370006721000,4,1,3,0
21370006734000,5,4,1,248
21370006735000,14,5,9,600.6
21370006746000,25,12,13,905
21370006747000,2,1,1,0
21370006803000,3,2,1,0
21370006804000,13,11,2,487.5
21370006855000,1,1,0,0
21370006882000,2,1,1,0
21370006883000,36,16,20,1472.4
21370006884000,1,1,0,0
21370006941000,1,1,0,0
21370006979000,16,10,6,908.8
21370006990000,34,17,17,1441.6
21370006991000,9,5,4,396
21370006997000,8,3,5,183.2
21370006998000,19,8,11,630.8
21370006999000,74,37,37,2752.8
21370007000000,4,3,1,0
21370007002000,2,1,1,0
21370007003000,6,1,5,124.2
21370007005000,3,3,0,0
21370007008000,2,1,1,0
21370007009000,66,35,31,2923.8
21370007010000,16,7,9,640
21370007015000,185,98,87,7437
21370007016000,967,471,496,35198.8
21370007017000,81,44,37,3491.1
21370007018000,2,0,2,0
21370007019000,1199,607,592,39207.3
21370007020000,306,153,153,8109
21380006492000,1,1,0,0
21380006493000,5,3,2,211
21380006494000,269,130,139,11432.5
21380006495000,74,36,38,3263.4
21380006496000,197,102,95,8057.3
21380006497000,697,341,356,31155.9
21380006498000,935,462,473,39457
21380006499000,9,6,3,366.3
21380006502000,22,9,13,750.2
21380006503000,71,36,35,3024.6
21380006504000,12,10,2,459.6
21380006506000,6,3,3,343.8
21380006507000,4,1,3,0
21380006512000,2,1,1,0
21380006514000,6,3,3,234
21380006515000,2,1,1,0
21380006522000,12,6,6,541.2
21380006526000,7,5,2,462
21380006527000,21,10,11,890.4
21380006528000,34,17,17,1196.8
21380006529000,1,1,0,0
21380006532000,8,5,3,350.4
21380006582000,2,1,1,0
21380006583000,2,1,1,0
21380006610000,109,49,60,4196.5
21380006611000,395,199,196,17064
21380006612000,15,9,6,589.5
21380006618000,37,21,16,1513.3
21380006619000,21,11,10,585.9
21380006620000,4,2,2,0
21380006621000,1,1,0,0
21380006623000,4,2,2,0
21380006655000,2,1,1,0
21380006683000,5,1,4,193
21380006714000,7,2,5,268.1
21380006715000,15,10,5,469.5
21380006733000,5,4,1,261
21380006734000,11,5,6,621.5
21380006746000,15,8,7,520.5
21380006747000,32,12,20,1382.4
21380006882000,7,5,2,287.7
21380006883000,28,17,11,1332.8
21380006884000,24,12,12,1293.6
21380006959000,5,3,2,215
21380006973000,11,6,5,452.1
21380006974000,20,11,9,946
21380006975000,3,3,0,0
21380006979000,3,2,1,0
21380006990000,40,18,22,1680
21380006991000,25,11,14,1180
21380006997000,2,1,1,0
21380006998000,4,3,1,0
21380006999000,191,93,98,7983.8
21380007000000,2,1,1,0
21380007002000,11,7,4,473
21380007003000,12,8,4,714
21380007004000,19,11,8,839.8
21380007005000,6,3,3,430.2
21380007010000,22,14,8,1073.6
21380007015000,16,8,8,700.8
21380007016000,325,156,169,13325
21380007017000,112,67,45,4928
21380007018000,19,13,6,621.3
21380007019000,64,33,31,2009.6
21380007020000,264,144,120,6996
21390006494000,3,1,2,0
21390006495000,135,64,71,5818.5
21390006496000,468,230,238,21808.8
21390006497000,420,201,219,17640
21390006498000,258,140,118,9442.8
21390006502000,18,8,10,712.8
21390006503000,52,28,24,2017.6
21390006504000,36,22,14,1414.8
21390006505000,35,19,16,1582
21390006506000,57,28,29,2388.3
21390006507000,24,14,10,1243.2
21390006508000,5,3,2,116
21390006514000,3,2,1,0
21390006515000,5,2,3,248
21390006522000,9,5,4,239.4
21390006523000,12,6,6,559.2
21390006525000,12,8,4,513.6
21390006526000,3,1,2,0
21390006527000,3,1,2,0
21390006546000,30,18,12,1416
21390006582000,5,4,1,158
21390006604000,4,2,2,0
21390006605000,6,2,4,177
21390006606000,2,1,1,0
21390006609000,6,4,2,132
21390006610000,127,60,67,5359.4
21390006611000,526,235,291,22933.6
21390006612000,60,27,33,2646
21390006613000,17,7,10,659.6
21390006617000,13,7,6,490.1
21390006618000,8,3,5,432
21390006623000,5,3,2,150
21390006625000,17,7,10,785.4
21390006655000,89,43,46,3916
21390006715000,69,37,32,3229.2
21390006733000,14,8,6,677.6
21390006734000,20,11,9,714
21390006746000,5,3,2,320
21390006747000,32,16,16,1424
21390006882000,7,3,4,308
21390006883000,18,7,11,898.2
21390006884000,31,18,13,1680.2
21390006971000,2,0,2,0
21390006972000,24,14,10,1116
21390006973000,19,10,9,687.8
21390006974000,47,21,26,2265.4
21390006975000,4,2,2,0
21390006989000,18,8,10,628.2
21390006990000,3,2,1,0
21390006991000,1,0,1,0
21390006992000,3,1,2,0
21390006994000,9,5,4,320.4
21390006995000,7,2,5,350.7
21390006996000,3,1,2,0
21390006999000,2,2,0,0
21390007000000,14,8,6,792.4
21390007003000,2,1,1,0
21390007010000,44,29,15,1826
21390007011000,137,76,61,5274.5
21390007012000,12,6,6,313.2
21390007013000,20,10,10,752
21390007015000,13,7,6,548.6
21390007016000,561,306,255,16212.9
21390007017000,107,51,56,4643.8
21390007018000,23,13,10,1087.9
21390007019000,16,9,7,686.4
21390007020000,2,1,1,0
21390007046000,13,2,11,288.6
21400006494000,8,5,3,280
21400006495000,63,34,29,2948.4
21400006496000,240,114,126,9816
21400006497000,100,49,51,4460
21400006498000,180,92,88,7830
21400006499000,122,54,68,4416.4
21400006500000,197,109,88,6954.1
21400006501000,36,19,17,1569.6
21400006502000,11,5,6,324.5
21400006503000,5,3,2,94
21400006504000,52,29,23,2215.2
21400006505000,32,17,15,1360
21400006506000,51,28,23,2131.8
21400006507000,20,8,12,1002
21400006508000,4,3,1,0
21400006509000,6,2,4,246
21400006510000,5,3,2,101
21400006513000,5,4,1,152
21400006519000,10,7,3,242
21400006522000,16,11,5,720
21400006523000,2,1,1,0
21400006524000,2,1,1,0
21400006525000,12,4,8,774
21400006546000,46,25,21,1646.8
21400006547000,17,10,7,742.9
21400006563000,2,2,0,0
21400006580000,5,2,3,222
21400006582000,9,4,5,201.6
21400006592000,4,2,2,0
21400006604000,2,1,1,0
21400006605000,5,2,3,271
21400006610000,11,7,4,498.3
21400006611000,135,69,66,6345
21400006612000,134,66,68,5882.6
21400006613000,22,11,11,825
21400006614000,2,1,1,0
21400006623000,12,6,6,459.6
21400006624000,79,37,42,2891.4
21400006625000,9,4,5,545.4
21400006655000,222,119,103,9168.6
21400006704000,14,6,8,463.4
21400006715000,21,12,9,911.4
21400006722000,2,1,1,0
21400006734000,10,5,5,401
21400006746000,7,2,5,373.8
21400006882000,40,20,20,1576
21400006883000,21,11,10,844.2
21400006923000,3,2,1,0
21400006931000,4,2,2,0
21400006932000,7,4,3,394.1
21400006934000,3,2,1,0
21400006935000,4,1,3,0
21400006971000,20,9,11,868
21400006979000,23,16,7,1087.9
21400006991000,2,2,0,0
21400006992000,12,5,7,472.8
21400007004000,12,6,6,423.6
21400007005000,20,7,13,516
21400007006000,5,2,3,168
21400007007000,5,3,2,273
21400007008000,10,6,4,359
21400007011000,18,9,9,750.6
21400007012000,209,103,106,7544.9
21400007013000,112,54,58,4256
21400007014000,129,62,67,4734.3
21400007015000,249,128,121,8565.6
21400007016000,184,97,87,7268
21400007017000,33,18,15,1247.4
21400007018000,2,1,1,0
21400007046000,31,15,16,1038.5
21400007047000,14,7,7,564.2
21400007048000,22,11,11,871.2
21410006494000,70,34,36,2667
21410006495000,85,37,48,3536
21410006497000,41,22,19,1480.1
21410006498000,209,110,99,9196
21410006499000,552,291,261,22466.4
21410006500000,906,446,460,37508.4
21410006501000,670,351,319,25929
21410006502000,11,6,5,396
21410006503000,24,12,12,1231.2
21410006504000,16,8,8,884.8
21410006505000,10,4,6,309
21410006506000,48,29,19,1924.8
21410006507000,2,1,1,0
21410006508000,7,5,2,303.1
21410006509000,8,3,5,422.4
21410006510000,3,2,1,0
21410006513000,5,1,4,225
21410006518000,9,5,4,482.4
21410006519000,38,20,18,1550.4
21410006520000,15,7,8,592.5
21410006521000,14,7,7,546
21410006526000,12,8,4,525.6
21410006533000,11,5,6,473
21410006545000,20,12,8,700
21410006546000,4,2,2,0
21410006564000,7,5,2,408.1
21410006580000,16,9,7,644.8
21410006581000,7,5,2,177.8
21410006590000,30,14,16,1419
21410006591000,16,8,8,678.4
21410006604000,6,3,3,252
21410006609000,33,17,16,1287
21410006610000,2,1,1,0
21410006611000,2,1,1,0
21410006613000,10,4,6,443
21410006614000,9,5,4,394.2
21410006615000,7,4,3,303.8
21410006623000,14,8,6,586.6
21410006624000,49,27,22,1852.2
21410006625000,23,13,10,977.5
21410006648000,2,1,1,0
21410006655000,489,235,254,23863.2
21410006704000,25,10,15,1067.5
21410006705000,6,3,3,270
21410006710000,2,1,1,0
21410006715000,12,5,7,612
21410006734000,12,6,6,520.8
21410006735000,16,7,9,740.8
21410006740000,3,1,2,0
21410006741000,21,11,10,846.3
21410006746000,8,5,3,366.4
21410006763000,1,1,0,0
21410006766000,23,15,8,627.9
21410006804000,8,5,3,323.2
21410006857000,2,1,1,0
21410006881000,3,1,2,0
21410006882000,33,20,13,1732.5
21410006883000,2,2,0,0
21410006930000,6,3,3,453
21410006931000,27,12,15,1663.2
21410006932000,1,1,0,0
21410006968000,2,1,1,0
21410006970000,26,14,12,1242.8
21410006971000,5,2,3,167
21410006979000,80,41,39,3112
21410006992000,1,0,1,0
21410007001000,19,8,11,744.8
21410007004000,7,3,4,186.9
21410007005000,3,1,2,0
21410007006000,21,8,13,903
21410007007000,49,27,22,2263.8
21410007008000,7,3,4,282.1
21410007009000,4,2,2,0
21410007012000,21,10,11,896.7
21410007013000,46,27,19,1932
21410007014000,203,103,100,9358.3
21410007015000,152,80,72,5760.8
21410007016000,71,37,34,2598.6
21410007045000,11,7,4,493.9
21410007046000,9,4,5,555.3
21410007047000,11,4,7,423.5
21410007048000,3,2,1,0
21410007049000,6,3,3,384
21410007050000,2,1,1,0
21410007052000,1,0,1,0
21420006494000,1,1,0,0
21420006495000,131,69,62,5043.5
21420006496000,14,7,7,502.6
21420006497000,16,10,6,595.2
21420006498000,606,289,317,21876.6
21420006499000,372,196,176,13020
21420006500000,786,397,389,32226
21420006501000,406,183,223,18026.4
21420006502000,1,1,0,0
21420006504000,37,22,15,1687.2
21420006505000,18,9,9,952.2
21420006506000,10,4,6,523
21420006509000,29,17,12,1220.9
21420006510000,36,17,19,1724.4
21420006511000,4,2,2,0
21420006514000,3,1,2,0
21420006519000,10,3,7,384
21420006520000,163,83,80,5656.1
21420006521000,36,21,15,1382.4
21420006527000,2,1,1,0
21420006532000,4,2,2,0
21420006533000,14,6,8,554.4
21420006565000,2,1,1,0
21420006573000,6,3,3,79.8
21420006580000,4,3,1,0
21420006589000,2,1,1,0
21420006591000,4,2,2,0
21420006601000,2,1,1,0
21420006603000,4,1,3,0
21420006604000,4,2,2,0
21420006613000,7,3,4,396.2
21420006614000,4,3,1,0
21420006623000,17,8,9,722.5
21420006624000,55,28,27,2376
21420006647000,6,3,3,253.8
21420006654000,2,1,1,0
21420006655000,462,230,232,19773.6
21420006703000,10,6,4,445
21420006704000,8,3,5,323.2
21420006713000,1,1,0,0
21420006715000,1,1,0,0
21420006716000,9,6,3,298.8
21420006735000,27,14,13,1539
21420006740000,16,8,8,593.6
21420006747000,18,10,8,752.4
21420006766000,19,10,9,896.8
21420006773000,4,3,1,0
21420006774000,1,1,0,0
21420006804000,20,12,8,800
21420006857000,13,5,8,682.5
21420006881000,17,5,12,749.7
21420006882000,36,19,17,1720.8
21420006927000,9,4,5,482.4
21420006928000,2,1,1,0
21420006968000,2,1,1,0
21420006969000,16,8,8,769.6
21420006970000,4,2,2,0
21420006979000,83,46,37,3917.6
21420006988000,1,1,0,0
21420006990000,7,3,4,422.1
21420006991000,2,0,2,0
21420006992000,5,3,2,189
21420007000000,4,3,1,0
21420007005000,21,13,8,770.7
21420007007000,3,2,1,0
21420007009000,1,1,0,0
21420007023000,17,8,9,623.9
21420007045000,5,2,3,214
21420007046000,6,4,2,304.2
21420007047000,1,1,0,0
21420007049000,4,2,2,0
21420007051000,30,15,15,1626
21420007052000,82,45,37,3804.8
21430006495000,31,17,14,1457
21430006496000,8,6,2,311.2
21430006497000,85,42,43,3332
21430006498000,119,58,61,4533.9
21430006499000,188,93,95,7031.2
21430006500000,233,128,105,9389.9
21430006501000,156,72,84,6349.2
21430006502000,67,32,35,2686.7
21430006503000,63,36,27,2274.3
21430006504000,12,7,5,422.4
21430006505000,6,4,2,202.8
21430006507000,3,1,2,0
21430006509000,2,1,1,0
21430006510000,32,13,19,1254.4
21430006511000,10,5,5,671
21430006514000,131,66,65,4912.5
21430006515000,142,69,73,4742.8
21430006516000,14,7,7,768.6
21430006517000,10,5,5,616
21430006518000,7,3,4,412.3
21430006519000,6,2,4,240
21430006523000,3,2,1,0
21430006524000,6,4,2,271.8
21430006526000,17,9,8,457.3
21430006528000,2,2,0,0
21430006530000,6,3,3,157.8
21430006532000,35,16,19,1452.5
21430006533000,18,6,12,448.2
21430006564000,6,4,2,435
21430006580000,4,1,3,0
21430006589000,3,1,2,0
21430006590000,4,1,3,0
21430006601000,1,1,0,0
21430006602000,6,2,4,346.2
21430006604000,11,6,5,484
21430006605000,12,7,5,387.6
21430006608000,8,4,4,456.8
21430006609000,6,3,3,186
21430006624000,53,25,28,2077.6
21430006625000,15,8,7,469.5
21430006647000,3,1,2,0
21430006655000,989,491,498,39461.1
21430006690000,1,0,1,0
21430006701000,2,1,1,0
21430006702000,29,18,11,1336.9
21430006703000,22,12,10,591.8
21430006723000,2,1,1,0
21430006735000,7,3,4,475.3
21430006736000,15,9,6,550.5
21430006740000,10,5,5,532
21430006747000,28,17,11,1220.8
21430006748000,12,4,8,580.8
21430006766000,11,5,6,436.7
21430006772000,6,3,3,264
21430006773000,9,6,3,405
21430006802000,5,3,2,117
21430006803000,32,18,14,1446.4
21430006804000,9,4,5,449.1
21430006857000,1,1,0,0
21430006861000,7,3,4,244.3
21430006881000,21,11,10,903
21430006882000,23,8,15,910.8
21430006927000,8,4,4,416.8
21430006979000,42,20,22,1835.4
21430006980000,4,2,2,0
21430006989000,1,1,0,0
21430006991000,11,7,4,361.9
21430006992000,16,11,5,580.8
21430007001000,5,3,2,311
21430007005000,16,7,9,708.8
21430007007000,19,8,11,801.8
21430007023000,11,6,5,631.4
21430007046000,2,1,1,0
21430007052000,68,36,32,2808.4
21430007053000,40,20,20,2096
21440006497000,1,1,0,0
21440006498000,187,99,88,7405.2
21440006499000,125,65,60,4837.5
21440006500000,67,30,37,2827.4
21440006501000,4,2,2,0
21440006502000,67,34,33,2787.2
21440006503000,204,103,101,7140
21440006504000,6,4,2,159
21440006507000,5,2,3,167
21440006508000,17,7,10,680
21440006509000,18,12,6,696.6
21440006510000,43,24,19,1634
21440006511000,59,29,30,2849.7
21440006512000,52,25,27,2220.4
21440006513000,109,58,51,4796
21440006514000,87,50,37,3671.4
21440006515000,18,9,9,790.2
21440006516000,22,11,11,800.8
21440006517000,8,5,3,326.4
21440006518000,3,3,0,0
21440006519000,4,2,2,0
21440006524000,2,1,1,0
21440006525000,5,4,1,326
21440006526000,26,13,13,1167.4
21440006527000,197,99,98,6599.5
21440006528000,156,84,72,5397.6
21440006529000,12,6,6,518.4
21440006530000,3,1,2,0
21440006531000,20,10,10,764
21440006533000,22,10,12,998.8
21440006534000,6,4,2,157.2
21440006563000,4,2,2,0
21440006564000,5,3,2,228
21440006573000,6,4,2,282
21440006580000,31,18,13,1410.5
21440006581000,21,12,9,875.7
21440006590000,6,2,4,262.2
21440006602000,1,1,0,0
21440006603000,1,1,0,0
21440006604000,7,3,4,345.1
21440006605000,12,3,9,423.6
21440006607000,10,4,6,285
21440006623000,21,11,10,743.4
21440006624000,47,20,27,2317.1
21440006625000,18,8,10,943.2
21440006626000,1,0,1,0
21440006654000,74,35,39,2989.6
21440006655000,419,200,219,19734.9
21440006699000,1,0,1,0
21440006701000,32,15,17,1417.6
21440006702000,10,5,5,367
21440006714000,2,1,1,0
21440006736000,23,11,12,1053.4
21440006737000,9,5,4,503.1
21440006739000,9,5,4,406.8
21440006740000,1,1,0,0
21440006746000,34,17,17,1315.8
21440006747000,95,41,54,3657.5
21440006748000,12,7,5,348
21440006766000,27,14,13,953.1
21440006767000,2,1,1,0
21440006771000,4,2,2,0
21440006772000,19,13,6,980.4
21440006799000,12,7,5,388.8
21440006800000,15,7,8,595.5
21440006801000,4,2,2,0
21440006802000,11,6,5,506
21440006803000,24,12,12,933.6
21440006858000,2,1,1,0
21440006861000,6,3,3,141
21440006879000,3,2,1,0
21440006880000,13,4,9,486.2
21440006881000,37,20,17,2005.4
21440006919000,5,3,2,312
21440006924000,2,1,1,0
21440006976000,1,1,0,0
21440006977000,7,7,0,319.2
21440006979000,145,68,77,6467
21440006993000,3,2,1,0
21440007001000,13,7,6,806
21440007005000,1,1,0,0
21440007006000,85,41,44,3272.5
21440007007000,7,3,4,203.7
21440007008000,3,2,1,0
21440007009000,24,9,15,900
21440007022000,11,6,5,512.6
21440007023000,11,6,5,633.6
21440007024000,37,22,15,1613.2
21440007044000,5,2,3,271
21440007045000,1,0,1,0
21440007052000,45,24,21,1962
21440007053000,23,16,7,788.9
21450006498000,19,9,10,957.6
21450006499000,22,10,12,792
21450006500000,97,52,45,3880
21450006501000,14,8,6,715.4
21450006502000,20,12,8,1008
21450006503000,125,60,65,5750
21450006504000,2,1,1,0
21450006505000,20,10,10,1086
21450006506000,20,8,12,790
21450006507000,58,32,26,2360.6
21450006508000,14,8,6,599.2
21450006514000,49,32,17,1925.7
21450006515000,22,13,9,796.4
21450006519000,1,1,0,0
21450006524000,3,2,1,0
21450006525000,9,6,3,357.3
21450006527000,4,2,2,0
21450006528000,315,139,176,15277.5
21450006529000,54,29,25,1998
21450006530000,31,16,15,1243.1
21450006531000,2,1,1,0
21450006532000,5,2,3,179
21450006533000,23,11,12,742.9
21450006534000,18,9,9,912.6
21450006538000,3,1,2,0
21450006563000,2,1,1,0
21450006564000,9,6,3,423.9
21450006572000,10,6,4,365
21450006573000,10,4,6,629
21450006574000,5,2,3,322
21450006577000,2,1,1,0
21450006579000,4,4,0,0
21450006580000,2,1,1,0
21450006581000,16,8,8,569.6
21450006582000,5,3,2,275
21450006583000,8,5,3,463.2
21450006584000,5,3,2,120
21450006585000,8,6,2,372.8
21450006586000,1,1,0,0
21450006591000,2,1,1,0
21450006592000,1,1,0,0
21450006601000,2,1,1,0
21450006604000,6,5,1,322.8
21450006605000,2,2,0,0
21450006607000,9,5,4,416.7
21450006624000,33,16,17,1633.5
21450006654000,1,0,1,0
21450006655000,162,80,82,7954.2
21450006669000,3,1,2,0
21450006670000,2,1,1,0
21450006696000,2,0,2,0
21450006697000,4,2,2,0
21450006699000,8,6,2,379.2
21450006700000,8,4,4,372
21450006723000,4,3,1,0
21450006737000,230,111,119,8303
21450006738000,173,86,87,6383.7
21450006739000,1,0,1,0
21450006745000,5,2,3,195
21450006746000,30,14,16,1257
21450006747000,34,16,18,1550.4
21450006766000,27,14,13,1004.4
21450006767000,13,7,6,540.8
21450006768000,1,0,1,0
21450006799000,37,22,15,1727.9
21450006800000,17,7,10,625.6
21450006802000,2,1,1,0
21450006858000,2,1,1,0
21450006859000,2,1,1,0
21450006861000,6,3,3,409.8
21450006862000,7,5,2,277.2
21450006878000,2,1,1,0
21450006879000,25,10,15,1215
21450006880000,51,27,24,2361.3
21450006881000,27,12,15,1017.9
21450006919000,8,2,6,415.2
21450006923000,6,3,3,226.2
21450006924000,2,1,1,0
21450006975000,14,6,8,589.4
21450006978000,12,6,6,572.4
21450006979000,337,168,169,13581.1
21450006980000,18,11,7,864
21450006992000,8,5,3,432.8
21450006994000,5,2,3,378
21450006995000,2,1,1,0
21450007001000,5,1,4,226
21450007005000,4,1,3,0
21450007006000,31,12,19,1819.7
21450007007000,9,4,5,438.3
21450007009000,28,15,13,1215.2
21450007010000,2,1,1,0
21450007012000,32,16,16,1321.6
21450007013000,16,9,7,617.6
21450007015000,6,4,2,181.2
21450007021000,9,4,5,389.7
21450007022000,146,71,75,5825.4
21450007023000,23,15,8,1136.2
21450007024000,4,2,2,0
21450007025000,7,3,4,296.8
21450007044000,3,2,1,0
21450007045000,19,7,12,769.5
21450007053000,39,19,20,1805.7
21460006500000,19,10,9,613.7
21460006501000,44,23,21,1931.6
21460006502000,63,33,30,2797.2
21460006503000,47,19,28,1936.4
21460006504000,27,12,15,1366.2
21460006505000,19,8,11,820.8
21460006506000,1,0,1,0
21460006508000,2,1,1,0
21460006513000,33,18,15,1023
21460006514000,233,119,114,9156.9
21460006515000,35,20,15,1344
21460006516000,37,18,19,1650.2
21460006517000,3,2,1,0
21460006523000,3,2,1,0
21460006528000,163,89,74,6291.8
21460006531000,3,1,2,0
21460006535000,6,4,2,385.8
21460006536000,18,8,10,682.2
21460006537000,1,0,1,0
21460006565000,5,2,3,156
21460006566000,6,3,3,192
21460006572000,13,7,6,678.6
21460006573000,79,43,36,3515.5
21460006574000,49,25,24,2582.3
21460006575000,11,5,6,343.2
21460006577000,12,6,6,517.2
21460006578000,5,4,1,266
21460006581000,6,3,3,208.8
21460006583000,4,1,3,0
21460006594000,5,3,2,259
21460006607000,6,4,2,262.8
21460006624000,17,10,7,844.9
21460006644000,7,4,3,349.3
21460006655000,200,109,91,9560
21460006668000,4,3,1,0
21460006669000,17,10,7,584.8
21460006677000,7,3,4,165.2
21460006697000,15,6,9,714
21460006698000,13,8,5,413.4
21460006737000,281,139,142,11830.1
21460006738000,262,131,131,11973.4
21460006739000,76,41,35,3055.2
21460006743000,26,14,12,876.2
21460006744000,29,14,15,1041.1
21460006745000,45,23,22,1615.5
21460006746000,11,6,5,477.4
21460006763000,2,1,1,0
21460006764000,1,1,0,0
21460006766000,183,91,92,6917.4
21460006767000,55,35,20,2425.5
21460006799000,10,6,4,265
21460006859000,5,3,2,204
21460006860000,21,12,9,1150.8
21460006861000,7,4,3,349.3
21460006877000,1,1,0,0
21460006878000,73,37,36,2832.4
21460006879000,451,231,220,21332.3
21460006880000,93,39,54,4110.6
21460006919000,15,8,7,549
21460006922000,11,6,5,447.7
21460006964000,13,6,7,591.5
21460006975000,12,7,5,630
21460006978000,29,12,17,1070.1
21460006979000,246,126,120,11635.8
21460006980000,78,38,40,3603.6
21460006992000,9,5,4,534.6
21460006993000,4,2,2,0
21460006995000,14,8,6,631.4
21460006999000,13,7,6,534.3
21460007000000,2,1,1,0
21460007004000,8,6,2,316.8
21460007005000,17,7,10,759.9
21460007006000,30,18,12,1089
21460007007000,18,9,9,921.6
21460007008000,17,7,10,819.4
21460007009000,11,5,6,347.6
21460007011000,15,9,6,729
21460007012000,97,48,49,4578.4
21460007013000,10,4,6,507
21460007014000,13,6,7,599.3
21460007015000,3,2,1,0
21460007021000,17,10,7,761.6
21460007022000,16,9,7,888
21460007027000,2,1,1,0
21460007045000,2,1,1,0
21460007053000,6,4,2,189
21470006501000,4,2,2,0
21470006502000,9,4,5,527.4
21470006503000,54,25,29,2559.6
21470006505000,81,42,39,3426.3
21470006506000,28,16,12,1257.2
21470006507000,15,10,5,403.5
21470006508000,23,12,11,943
21470006509000,31,16,15,1416.7
21470006510000,19,9,10,799.9
21470006511000,20,10,10,674
21470006512000,210,98,112,6993
21470006513000,676,349,327,28121.6
21470006514000,926,434,492,45374
21470006515000,5,2,3,277
21470006516000,35,24,11,1589
21470006517000,10,4,6,452
21470006518000,10,5,5,504
21470006528000,30,13,17,849
21470006530000,8,3,5,312
21470006534000,11,7,4,418
21470006537000,15,6,9,696
21470006566000,7,4,3,424.2
21470006567000,2,1,1,0
21470006570000,1,1,0,0
21470006572000,10,5,5,324
21470006573000,11,5,6,399.3
21470006575000,4,3,1,0
21470006593000,2,1,1,0
21470006603000,4,2,2,0
21470006605000,2,1,1,0
21470006624000,10,6,4,530
21470006640000,4,3,1,0
21470006652000,1,1,0,0
21470006655000,114,53,61,3921.6
21470006656000,44,25,19,2046
21470006665000,5,4,1,126
21470006668000,24,15,9,1147.2
21470006683000,13,7,6,488.8
21470006697000,19,10,9,748.6
21470006737000,81,40,41,2737.8
21470006738000,461,244,217,19823
21470006739000,66,29,37,2778.6
21470006740000,5,2,3,192
21470006742000,10,7,3,427
21470006743000,53,26,27,2369.1
21470006744000,26,11,15,1045.2
21470006745000,8,5,3,266.4
21470006746000,2,1,1,0
21470006765000,12,5,7,568.8
21470006766000,43,25,18,1892
21470006767000,12,5,7,536.4
21470006798000,12,5,7,333.6
21470006860000,47,27,20,2011.6
21470006861000,3,2,1,0
21470006877000,28,14,14,1086.4
21470006878000,30,17,13,1239
21470006879000,2,1,1,0
21470006919000,3,1,2,0
21470006921000,13,8,5,522.6
21470006922000,17,9,8,795.6
21470006961000,1,0,1,0
21470006963000,36,19,17,1562.4
21470006964000,12,4,8,620.4
21470006965000,10,6,4,449
21470006966000,22,12,10,1159.4
21470006967000,16,10,6,758.4
21470006968000,34,17,17,1383.8
21470006969000,26,11,15,1159.6
21470006975000,33,21,12,1544.4
21470006979000,149,77,72,5393.8
21470006980000,101,49,52,4484.4
21470006981000,11,4,7,410.3
21470006992000,8,6,2,360
21470006993000,8,4,4,227.2
21470006999000,4,3,1,0
21470007000000,8,5,3,330.4
21470007003000,6,2,4,265.8
21470007004000,32,17,15,947.2
21470007005000,6,3,3,193.2
21470007007000,2,1,1,0
21470007008000,11,6,5,689.7
21470007010000,24,15,9,1056
21470007011000,16,6,10,859.2
21470007012000,2,1,1,0
21470007015000,22,12,10,1293.6
21470007020000,4,2,2,0
21470007021000,19,13,6,725.8
21470007026000,28,16,12,1030.4
21470007027000,10,6,4,253
21470007052000,4,1,3,0
21470007053000,3,1,2,0
21480006504000,19,8,11,828.4
21480006505000,21,11,10,1257.9
21480006506000,45,19,26,2808
21480006507000,77,43,34,2926
21480006508000,4,2,2,0
21480006510000,8,4,4,410.4
21480006511000,46,21,25,1789.4
21480006512000,20,10,10,790
21480006513000,47,23,24,2115
21480006514000,353,178,175,14084.7
21480006516000,15,8,7,484.5
21480006517000,79,36,43,3112.6
21480006518000,4,2,2,0
21480006524000,2,1,1,0
21480006525000,1,1,0,0
21480006526000,25,12,13,907.5
21480006528000,10,5,5,272
21480006529000,17,10,7,678.3
21480006531000,9,5,4,297.9
21480006532000,3,2,1,0
21480006541000,4,2,2,0
21480006569000,6,3,3,180
21480006570000,8,5,3,436
21480006571000,2,0,2,0
21480006592000,2,1,1,0
21480006593000,5,3,2,282
21480006603000,2,2,0,0
21480006623000,1,1,0,0
21480006640000,3,1,2,0
21480006642000,3,2,1,0
21480006654000,2,1,1,0
21480006656000,14,10,4,555.8
21480006657000,38,20,18,1504.8
21480006658000,1,0,1,0
21480006667000,19,9,10,887.3
21480006668000,4,2,2,0
21480006676000,3,2,1,0
21480006682000,11,5,6,735.9
21480006683000,1,1,0,0
21480006696000,3,1,2,0
21480006697000,16,6,10,934.4
21480006737000,25,13,12,1082.5
21480006738000,354,161,193,18231
21480006739000,386,178,208,17524.4
21480006740000,7,3,4,326.2
21480006741000,8,5,3,310.4
21480006742000,28,12,16,1369.2
21480006743000,3,2,1,0
21480006764000,5,4,1,233
21480006765000,29,18,11,1452.9
21480006766000,15,7,8,526.5
21480006797000,1,1,0,0
21480006860000,16,10,6,835.2
21480006861000,21,8,13,1058.4
21480006877000,21,7,14,615.3
21480006878000,77,42,35,3234
21480006879000,14,7,7,595
21480006919000,3,2,1,0
21480006920000,5,3,2,207
21480006921000,28,13,15,994
21480006922000,13,7,6,504.4
21480006945000,10,5,5,583
21480006965000,18,11,7,826.2
21480006966000,18,9,9,948.6
21480006967000,53,27,26,2443.3
21480006968000,31,18,13,1382.6
21480006969000,32,18,14,1075.2
21480006974000,2,1,1,0
21480006975000,8,6,2,192.8
21480006980000,50,27,23,2125
21480006981000,13,7,6,638.3
21480006992000,31,16,15,1187.3
21480006993000,53,27,26,1923.9
21480006996000,3,1,2,0
21480006997000,86,49,37,3689.4
21480006998000,3,3,0,0
21480007001000,2,1,1,0
21480007008000,37,20,17,1483.7
21480007009000,47,23,24,2058.6
21480007010000,13,7,6,659.1
21480007011000,33,23,10,1386
21480007015000,11,5,6,301.4
21480007016000,2,0,2,0
21480007020000,2,1,1,0
21480007026000,39,21,18,1840.8
21480007027000,1,1,0,0
21480007053000,5,4,1,214
21490006504000,48,27,21,2313.6
21490006505000,151,69,82,6598.7
21490006506000,327,160,167,14551.5
21490006507000,26,15,11,1201.2
21490006508000,16,10,6,811.2
21490006509000,1,0,1,0
21490006511000,71,35,36,3613.9
21490006512000,34,16,18,1574.2
21490006513000,12,5,7,580.8
21490006514000,102,49,53,3784.2
21490006516000,6,3,3,75
21490006517000,44,24,20,1711.6
21490006524000,1,0,1,0
21490006525000,3,2,1,0
21490006526000,1,0,1,0
21490006527000,2,1,1,0
21490006528000,11,5,6,489.5
21490006530000,2,1,1,0
21490006535000,3,2,1,0
21490006540000,12,5,7,717.6
21490006541000,2,1,1,0
21490006567000,24,14,10,948
21490006568000,21,10,11,924
21490006569000,21,12,9,638.4
21490006605000,8,4,4,330.4
21490006624000,8,4,4,460.8
21490006625000,1,1,0,0
21490006640000,13,7,6,556.4
21490006644000,1,1,0,0
21490006645000,4,2,2,0
21490006654000,27,13,14,1058.4
21490006658000,26,13,13,1292.2
21490006659000,3,2,1,0
21490006665000,4,2,2,0
21490006666000,30,16,14,936
21490006667000,19,8,11,984.2
21490006681000,5,4,1,179
21490006682000,39,19,20,1743.3
21490006697000,5,3,2,157
21490006737000,11,7,4,425.7
21490006738000,7,2,5,308
21490006739000,72,32,40,3600
21490006740000,9,5,4,554.4
21490006741000,61,30,31,2549.8
21490006742000,3,3,0,0
21490006764000,16,8,8,576
21490006765000,274,137,137,9864
21490006860000,1,1,0,0
21490006861000,33,21,12,1194.6
21490006878000,70,33,37,3094
21490006879000,42,21,21,1743
21490006919000,5,2,3,238
21490006921000,1,1,0,0
21490006944000,19,11,8,908.2
21490006945000,16,7,9,580.8
21490006946000,2,2,0,0
21490006953000,1,1,0,0
21490006954000,2,0,2,0
21490006956000,13,8,5,478.4
21490006980000,21,9,12,1073.1
21490006981000,38,22,16,1930.4
21490006984000,38,20,18,1637.8
21490006985000,86,46,40,3397
21490006988000,12,7,5,475.2
21490006989000,6,6,0,273
21490006992000,37,21,16,1513.3
21490006993000,78,44,34,3307.2
21490006995000,5,3,2,305
21490006996000,13,7,6,531.7
21490006997000,19,11,8,763.8
21490007008000,2,1,1,0
21490007009000,16,8,8,590.4
21490007020000,8,5,3,451.2
21490007024000,2,1,1,0
21490007026000,29,10,19,1171.6
21490007027000,76,36,40,3298.4
21490007041000,2,2,0,0
21490007043000,1,0,1,0
21490007054000,9,4,5,387
21490007061000,2,1,1,0
21490007062000,130,66,64,5993
21500006505000,29,13,16,1235.4
21500006506000,144,65,79,5817.6
21500006507000,57,31,26,2422.5
21500006508000,9,6,3,381.6
21500006510000,5,3,2,154
21500006511000,23,12,11,1179.9
21500006512000,1,1,0,0
21500006515000,3,3,0,0
21500006517000,8,4,4,347.2
21500006518000,7,3,4,280.7
21500006519000,4,1,3,0
21500006524000,5,3,2,72
21500006527000,8,4,4,447.2
21500006528000,28,17,11,716.8
21500006532000,5,4,1,200
21500006533000,4,2,2,0
21500006534000,22,9,13,884.4
21500006542000,5,2,3,257
21500006567000,21,8,13,957.6
21500006568000,85,47,38,3349
21500006569000,3,2,1,0
21500006605000,14,7,7,590.8
21500006624000,1,1,0,0
21500006625000,3,0,3,0
21500006639000,2,1,1,0
21500006640000,14,3,11,320.6
21500006641000,4,3,1,0
21500006659000,128,65,63,5401.6
21500006660000,14,9,5,660.8
21500006665000,2,1,1,0
21500006666000,131,60,71,6510.7
21500006667000,23,12,11,908.5
21500006673000,1,0,1,0
21500006674000,1,1,0,0
21500006675000,4,2,2,0
21500006676000,2,0,2,0
21500006681000,9,5,4,399.6
21500006682000,14,7,7,617.4
21500006697000,4,1,3,0
21500006740000,93,52,41,3627
21500006741000,79,43,36,2915.1
21500006763000,24,12,12,868.8
21500006764000,381,180,201,15392.4
21500006765000,162,86,76,6577.2
21500006796000,2,1,1,0
21500006850000,5,4,1,121
21500006861000,2,1,1,0
21500006862000,2,1,1,0
21500006878000,43,19,24,1978
21500006879000,109,50,59,4926.8
21500006918000,7,5,2,433.3
21500006919000,1,0,1,0
21500006980000,2,1,1,0
21500006981000,51,30,21,2223.6
21500006983000,11,6,5,599.5
21500006984000,18,11,7,646.2
21500006985000,123,62,61,5571.9
21500006986000,24,14,10,1015.2
21500006994000,7,5,2,343
21500006995000,2,0,2,0
21500006996000,5,2,3,338
21500007009000,14,7,7,609
21500007026000,16,11,5,600
21500007027000,97,51,46,5014.9
21500007039000,2,1,1,0
21500007043000,9,3,6,341.1
21500007061000,103,47,56,4089.1
21500007062000,73,36,37,3766.8
21510006507000,26,13,13,1242.8
21510006508000,58,28,30,2644.8
21510006509000,73,34,39,2781.3
21510006510000,14,8,6,852.6
21510006511000,21,9,12,1169.7
21510006512000,14,7,7,733.6
21510006518000,12,7,5,535.2
21510006519000,131,71,60,4964.9
21510006522000,4,3,1,0
21510006523000,1,0,1,0
21510006524000,5,3,2,110
21510006528000,2,1,1,0
21510006529000,3,0,3,0
21510006530000,10,4,6,176
21510006536000,2,1,1,0
21510006542000,25,15,10,930
21510006543000,45,25,20,1831.5
21510006546000,7,2,5,235.2
21510006547000,9,6,3,415.8
21510006567000,26,11,15,990.6
21510006568000,2,1,1,0
21510006569000,6,2,4,258
21510006604000,9,4,5,595.8
21510006605000,15,8,7,640.5
21510006625000,19,9,10,699.2
21510006627000,1,1,0,0
21510006637000,5,4,1,142
21510006640000,60,32,28,2568
21510006641000,4,2,2,0
21510006659000,228,107,121,9621.6
21510006660000,10,4,6,581
21510006665000,8,3,5,563.2
21510006666000,39,21,18,1524.9
21510006667000,27,13,14,1098.9
21510006668000,28,17,11,1170.4
21510006669000,26,16,10,1079
21510006670000,12,9,3,426
21510006671000,7,3,4,301
21510006672000,22,11,11,842.6
21510006673000,10,7,3,458
21510006674000,19,11,8,967.1
21510006681000,9,4,5,552.6
21510006697000,6,4,2,303
21510006739000,9,5,4,352.8
21510006740000,12,5,7,409.2
21510006741000,55,28,27,1897.5
21510006742000,10,4,6,357
21510006762000,32,15,17,1168
21510006763000,9,3,6,474.3
21510006764000,61,35,26,2379
21510006794000,6,4,2,280.2
21510006795000,7,3,4,286.3
21510006860000,5,3,2,95
21510006863000,10,5,5,493
21510006864000,14,9,5,705.6
21510006878000,36,18,18,1540.8
21510006879000,36,20,16,1922.4
21510006880000,6,4,2,265.2
21510006918000,13,5,8,744.9
21510006919000,1,0,1,0
21510006981000,73,41,32,2197.3
21510006982000,3,2,1,0
21510006998000,1,0,1,0
21510006999000,27,16,11,1136.7
21510007007000,17,9,8,527
21510007009000,5,2,3,117
21510007010000,7,4,3,413
21510007016000,5,2,3,309
21510007020000,14,8,6,603.4
21510007021000,3,2,1,0
21510007028000,14,7,7,582.4
21510007039000,22,10,12,1053.8
21510007041000,4,2,2,0
21510007043000,7,4,3,233.8
21510007056000,42,19,23,1743
21520006507000,7,4,3,443.1
21520006508000,29,16,13,1342.7
21520006509000,26,14,12,1138.8
21520006511000,1,1,0,0
21520006512000,10,4,6,475
21520006513000,7,5,2,447.3
21520006519000,14,8,6,782.6
21520006520000,123,60,63,5658
21520006521000,56,27,29,2206.4
21520006526000,19,11,8,771.4
21520006530000,5,3,2,161
21520006536000,2,1,1,0
21520006542000,4,1,3,0
21520006543000,46,26,20,2065.4
21520006544000,52,29,23,2069.6
21520006545000,9,3,6,324.9
21520006546000,4,4,0,0
21520006567000,10,6,4,464
21520006568000,1,1,0,0
21520006569000,2,1,1,0
21520006603000,16,10,6,692.8
21520006604000,54,30,24,2505.6
21520006605000,42,25,17,1873.2
21520006606000,5,2,3,97
21520006625000,7,5,2,475.3
21520006627000,2,1,1,0
21520006636000,4,2,2,0
21520006637000,2,1,1,0
21520006638000,2,0,2,0
21520006639000,25,12,13,1592.5
21520006641000,7,4,3,487.9
21520006659000,16,8,8,1020.8
21520006665000,33,16,17,1026.3
21520006666000,41,23,18,1754.8
21520006667000,9,5,4,413.1
21520006672000,7,3,4,296.8
21520006679000,6,3,3,253.2
21520006680000,11,5,6,425.7
21520006697000,6,5,1,334.2
21520006722000,1,1,0,0
21520006740000,11,7,4,537.9
21520006741000,74,39,35,2930.4
21520006742000,10,4,6,410
21520006761000,48,23,25,1881.6
21520006762000,1,1,0,0
21520006763000,16,9,7,660.8
21520006764000,18,9,9,972
21520006793000,25,14,11,1075
21520006794000,76,34,42,3199.6
21520006797000,4,2,2,0
21520006865000,12,3,9,376.8
21520006877000,20,10,10,968
21520006878000,53,27,26,2782.5
21520006879000,36,20,16,1591.2
21520006918000,7,4,3,455.7
21520006968000,1,1,0,0
21520006981000,36,17,19,1879.2
21520006982000,9,2,7,250.2
21520006987000,1,0,1,0
21520006989000,2,1,1,0
21520006990000,6,4,2,192
21520006991000,9,4,5,296.1
21520006995000,2,1,1,0
21520006997000,22,12,10,935
21520006998000,35,18,17,1655.5
21520006999000,22,14,8,1078
21520007007000,8,4,4,206.4
21520007008000,11,8,3,508.2
21520007009000,11,5,6,409.2
21520007010000,19,10,9,1221.7
21520007014000,18,10,8,752.4
21520007015000,8,3,5,407.2
21520007020000,5,3,2,312
21520007028000,10,4,6,280
21520007040000,31,17,14,1320.6
21520007041000,13,6,7,673.4
21520007042000,1,1,0,0
21520007050000,7,5,2,226.8
21520007051000,11,7,4,443.3
21520007052000,9,4,5,205.2
21520007055000,22,12,10,811.8
21520007056000,132,67,65,5702.4
21530006508000,17,11,6,571.2
21530006509000,56,25,31,2312.8
21530006512000,1,1,0,0
21530006513000,50,22,28,2490
21530006514000,1,0,1,0
21530006516000,1,0,1,0
21530006519000,54,26,28,1603.8
21530006520000,76,39,37,2827.2
21530006521000,58,37,21,2372.2
21530006522000,37,20,17,1598.4
21530006523000,12,7,5,757.2
21530006525000,3,2,1,0
21530006528000,2,1,1,0
21530006531000,2,1,1,0
21530006534000,15,5,10,658.5
21530006535000,2,1,1,0
21530006542000,3,1,2,0
21530006543000,56,33,23,2200.8
21530006544000,16,10,6,699.2
21530006566000,3,1,2,0
21530006567000,5,4,1,238
21530006576000,2,0,2,0
21530006581000,1,1,0,0
21530006590000,5,3,2,321
21530006601000,3,2,1,0
21530006602000,25,12,13,650
21530006605000,4,2,2,0
21530006624000,2,1,1,0
21530006625000,21,12,9,1052.1
21530006635000,5,3,2,156
21530006637000,3,1,2,0
21530006638000,7,5,2,468.3
21530006639000,23,12,11,1202.9
21530006658000,2,1,1,0
21530006659000,97,45,52,4035.2
21530006660000,1,1,0,0
21530006664000,5,1,4,236
21530006674000,2,1,1,0
21530006675000,30,15,15,1239
21530006676000,2,1,1,0
21530006677000,1,1,0,0
21530006678000,8,6,2,264
21530006697000,10,7,3,456
21530006698000,9,5,4,414
21530006718000,19,9,10,676.4
21530006739000,1,1,0,0
21530006740000,35,16,19,1400
21530006741000,9,4,5,468.9
21530006742000,8,2,6,351.2
21530006759000,1,0,1,0
21530006760000,7,6,1,258.3
21530006761000,112,61,51,4256
21530006762000,114,60,54,3978.6
21530006763000,36,18,18,1598.4
21530006793000,140,79,61,4984
21530006794000,2,2,0,0
21530006796000,19,10,9,963.3
21530006797000,2,1,1,0
21530006865000,6,2,4,247.2
21530006877000,32,16,16,1404.8
21530006878000,39,16,23,1411.8
21530006879000,3,2,1,0
21530006918000,8,6,2,240.8
21530006919000,2,1,1,0
21530006941000,6,4,2,246
21530006980000,4,1,3,0
21530006981000,9,3,6,428.4
21530006992000,8,4,4,548
21530006994000,3,2,1,0
21530006995000,10,6,4,323
21530006996000,2,1,1,0
21530006997000,4,1,3,0
21530007007000,11,7,4,467.5
21530007011000,2,1,1,0
21530007012000,12,7,5,645.6
21530007013000,6,4,2,325.2
21530007014000,1,1,0,0
21530007030000,2,2,0,0
21530007037000,2,1,1,0
21530007038000,4,3,1,0
21530007041000,79,30,49,4589.9
21530007049000,4,2,2,0
21530007051000,16,9,7,910.4
21530007052000,15,6,9,655.5
21530007055000,18,9,9,729
21540006509000,6,4,2,289.2
21540006510000,9,4,5,324
21540006512000,18,10,8,781.2
21540006513000,128,67,61,4659.2
21540006514000,20,9,11,886
21540006515000,12,7,5,505.2
21540006516000,11,4,7,283.8
21540006517000,1,1,0,0
21540006519000,8,4,4,508.8
21540006521000,7,4,3,151.2
21540006522000,14,8,6,579.6
21540006523000,2,1,1,0
21540006524000,3,2,1,0
21540006525000,25,15,10,1117.5
21540006526000,5,3,2,164
21540006527000,5,1,4,149
21540006535000,4,1,3,0
21540006541000,21,10,11,884.1
21540006542000,33,18,15,1207.8
21540006543000,93,54,39,4194.3
21540006544000,19,10,9,955.7
21540006566000,6,3,3,252
21540006567000,4,2,2,0
21540006575000,5,3,2,314
21540006576000,2,1,1,0
21540006578000,7,4,3,385.7
21540006601000,16,8,8,625.6
21540006602000,74,36,38,3204.2
21540006603000,46,21,25,1393.8
21540006624000,10,5,5,425
21540006625000,21,10,11,978.6
21540006631000,1,1,0,0
21540006634000,2,1,1,0
21540006635000,10,6,4,370
21540006636000,13,7,6,617.5
21540006637000,2,1,1,0
21540006638000,37,20,17,1572.5
21540006639000,13,7,6,487.5
21540006659000,29,13,16,1220.9
21540006660000,2,2,0,0
21540006661000,1,0,1,0
21540006663000,4,2,2,0
21540006664000,4,1,3,0
21540006674000,25,16,9,977.5
21540006675000,2,2,0,0
21540006697000,27,14,13,1206.9
21540006698000,18,12,6,693
21540006740000,14,8,6,963.2
21540006742000,42,21,21,1986.6
21540006743000,32,17,15,1248
21540006758000,12,12,0,210
21540006760000,6,3,3,394.2
21540006761000,290,150,140,9280
21540006762000,49,17,32,1793.4
21540006793000,100,46,54,5010
21540006795000,3,1,2,0
21540006867000,3,2,1,0
21540006868000,10,5,5,292
21540006869000,9,5,4,305.1
21540006877000,26,15,11,1188.2
21540006878000,23,15,8,1071.8
21540006917000,17,8,9,831.3
21540006918000,4,2,2,0
21540006980000,52,24,28,2454.4
21540006988000,6,4,2,193.2
21540006990000,5,3,2,182
21540006991000,1,1,0,0
21540006992000,144,75,69,6033.6
21540006993000,188,96,92,7181.6
21540006994000,304,141,163,14227.2
21540006998000,1,1,0,0
21540007029000,4,2,2,0
21540007030000,3,2,1,0
21540007038000,1,0,1,0
21540007041000,34,16,18,1224
21540007048000,6,5,1,331.2
21540007049000,2,1,1,0
21540007050000,14,5,9,453.6
21540007051000,18,8,10,599.4
21540007052000,24,12,12,926.4
21540007053000,10,7,3,457
21540007054000,4,3,1,0
21540007055000,50,26,24,2195
21550006509000,5,2,3,269
21550006510000,87,38,49,4089
21550006513000,19,11,8,946.2
21550006514000,5,4,1,302
21550006515000,1,0,1,0
21550006518000,2,1,1,0
21550006519000,37,18,19,1827.8
21550006520000,3,2,1,0
21550006522000,7,4,3,256.9
21550006523000,8,5,3,188.8
21550006524000,36,18,18,1436.4
21550006525000,130,73,57,5317
21550006526000,25,15,10,1055
21550006532000,5,2,3,286
21550006536000,4,2,2,0
21550006540000,13,7,6,669.5
21550006541000,137,76,61,5808.8
21550006542000,168,90,78,8232
21550006543000,42,22,20,1755.6
21550006544000,23,11,12,673.9
21550006549000,1,1,0,0
21550006558000,4,1,3,0
21550006565000,2,1,1,0
21550006566000,6,2,4,190.8
21550006570000,3,3,0,0
21550006571000,2,1,1,0
21550006579000,7,4,3,284.9
21550006591000,1,1,0,0
21550006597000,3,2,1,0
21550006598000,1,0,1,0
21550006601000,28,16,12,949.2
21550006602000,12,5,7,463.2
21550006625000,3,1,2,0
21550006631000,3,1,2,0
21550006632000,10,4,6,409
21550006633000,2,1,1,0
21550006660000,8,3,5,447.2
21550006661000,1,1,0,0
21550006662000,10,5,5,527
21550006663000,3,1,2,0
21550006666000,138,59,79,7838.4
21550006667000,124,59,65,5319.6
21550006671000,6,3,3,298.8
21550006672000,25,11,14,830
21550006673000,10,6,4,383
21550006674000,39,22,17,1560
21550006696000,3,2,1,0
21550006697000,56,28,28,2492
21550006698000,27,18,9,1193.4
21550006716000,2,1,1,0
21550006719000,5,3,2,139
21550006740000,21,8,13,856.8
21550006741000,9,5,4,343.8
21550006742000,58,27,31,2656.4
21550006743000,18,9,9,631.8
21550006746000,3,1,2,0
21550006758000,17,9,8,681.7
21550006759000,3,0,3,0
21550006760000,2,1,1,0
21550006761000,44,24,20,2015.2
21550006793000,51,27,24,2259.3
21550006794000,47,22,25,1588.6
21550006869000,9,5,4,408.6
21550006870000,6,3,3,262.2
21550006876000,1,1,0,0
21550006877000,16,7,9,769.6
21550006878000,17,10,7,839.8
21550006917000,100,54,46,4620
21550006918000,17,9,8,749.7
21550006938000,11,4,7,376.2
21550006979000,6,3,3,184.8
21550006980000,10,3,7,581
21550006984000,9,3,6,318.6
21550006990000,10,3,7,513
21550006991000,14,8,6,467.6
21550006993000,144,70,74,7084.8
21550006994000,216,103,113,9676.8
21550006995000,27,16,11,1217.7
21550006998000,2,2,0,0
21550007015000,2,1,1,0
21550007017000,4,2,2,0
21550007026000,6,3,3,336
21550007027000,21,12,9,930.3
21550007028000,10,7,3,533
21550007029000,7,4,3,415.1
21550007035000,10,7,3,475
21550007041000,4,3,1,0
21550007045000,3,2,1,0
21550007050000,5,4,1,146
21550007052000,16,9,7,593.6
21550007055000,27,13,14,1147.5
21560006510000,3,2,1,0
21560006513000,10,5,5,545
21560006514000,8,4,4,559.2
21560006516000,2,1,1,0
21560006518000,11,7,4,501.6
21560006519000,39,18,21,1879.8
21560006520000,58,34,24,2418.6
21560006523000,6,3,3,400.8
21560006524000,113,60,53,4870.3
21560006525000,15,8,7,721.5
21560006527000,29,15,14,1368.8
21560006535000,5,2,3,267
21560006536000,36,21,15,1512
21560006539000,3,2,1,0
21560006540000,25,11,14,922.5
21560006541000,33,17,16,1471.8
21560006542000,116,56,60,4848.8
21560006543000,47,22,25,1301.9
21560006544000,6,3,3,349.2
21560006565000,22,12,10,908.6
21560006566000,9,6,3,449.1
21560006569000,5,2,3,325
21560006571000,23,13,10,1255.8
21560006572000,20,8,12,654
21560006573000,4,2,2,0
21560006574000,13,6,7,461.5
21560006590000,2,1,1,0
21560006591000,12,7,5,530.4
21560006597000,3,2,1,0
21560006600000,30,20,10,1269
21560006601000,54,26,28,2219.4
21560006625000,20,11,9,994
21560006632000,3,1,2,0
21560006634000,1,0,1,0
21560006660000,5,2,3,182
21560006665000,62,24,38,2126.6
21560006666000,173,83,90,7404.4
21560006667000,39,17,22,1688.7
21560006668000,13,5,8,425.1
21560006669000,3,2,1,0
21560006670000,35,17,18,1883
21560006671000,68,32,36,2454.8
21560006672000,41,18,23,1869.6
21560006673000,4,3,1,0
21560006696000,4,2,2,0
21560006697000,58,28,30,2314.2
21560006698000,24,14,10,861.6
21560006718000,9,4,5,372.6
21560006719000,39,22,17,2039.7
21560006741000,78,31,47,3385.2
21560006742000,18,8,10,930.6
21560006743000,4,2,2,0
21560006758000,15,6,9,603
21560006759000,5,4,1,187
21560006760000,15,10,5,564
21560006793000,17,9,8,629
21560006794000,44,19,25,2006.4
21560006796000,12,7,5,478.8
21560006870000,15,9,6,721.5
21560006876000,15,7,8,463.5
21560006877000,10,5,5,475
21560006878000,34,23,11,1244.4
21560006917000,10,6,4,454
21560006918000,10,6,4,388
21560006979000,5,2,3,171
21560006982000,7,4,3,275.1
21560006983000,4,2,2,0
21560006987000,11,5,6,600.6
21560006994000,19,11,8,837.9
21560006995000,4,1,3,0
21560006999000,7,4,3,457.1
21560007012000,1,1,0,0
21560007013000,10,5,5,398
21560007015000,9,3,6,557.1
21560007018000,1,0,1,0
21560007021000,28,17,11,1092
21560007022000,5,1,4,161
21560007023000,2,2,0,0
21560007025000,4,3,1,0
21560007026000,20,9,11,852
21560007027000,19,7,12,1575.1
21560007036000,23,12,11,768.2
21560007041000,21,10,11,810.6
21560007045000,9,3,6,270
21560007055000,47,19,28,2387.6
21560007056000,48,23,25,2064
21570006512000,6,3,3,310.8
21570006515000,24,18,6,828
21570006516000,40,23,17,1764
21570006517000,2,2,0,0
21570006519000,4,2,2,0
21570006520000,44,21,23,2340.8
21570006522000,2,1,1,0
21570006523000,23,10,13,795.8
21570006524000,98,52,46,4116
21570006526000,6,4,2,324
21570006527000,100,51,49,3870
21570006528000,168,76,92,7123.2
21570006529000,3,1,2,0
21570006531000,7,5,2,310.1
21570006532000,99,52,47,4088.7
21570006533000,111,59,52,4229.1
21570006534000,2,1,1,0
21570006535000,67,25,42,4187.5
21570006536000,23,13,10,897
21570006538000,7,4,3,266
21570006539000,37,21,16,1661.3
21570006542000,15,8,7,486
21570006543000,17,9,8,867
21570006565000,31,18,13,1100.5
21570006566000,3,2,1,0
21570006572000,48,28,20,1766.4
21570006573000,33,21,12,973.5
21570006587000,1,1,0,0
21570006590000,8,6,2,388.8
21570006591000,43,21,22,1419
21570006598000,3,2,1,0
21570006600000,40,16,24,1340
21570006601000,29,20,9,983.1
21570006602000,9,5,4,352.8
21570006623000,18,9,9,775.8
21570006624000,106,49,57,4854.8
21570006625000,13,7,6,439.4
21570006664000,2,1,1,0
21570006667000,6,4,2,184.8
21570006668000,19,10,9,860.7
21570006669000,7,4,3,205.1
21570006670000,16,8,8,856
21570006696000,28,12,16,1159.2
21570006697000,151,83,68,6508.1
21570006698000,2,0,2,0
21570006718000,8,5,3,348.8
21570006719000,32,17,15,1657.6
21570006741000,171,87,84,7917.3
21570006742000,34,17,17,1829.2
21570006758000,8,3,5,351.2
21570006759000,2,1,1,0
21570006794000,12,5,7,320.4
21570006795000,8,5,3,344.8
21570006796000,10,5,5,429
21570006797000,6,2,4,330
21570006870000,9,5,4,423.9
21570006871000,15,6,9,582
21570006875000,6,3,3,219
21570006876000,7,2,5,389.9
21570006877000,10,7,3,386
21570006878000,5,3,2,287
21570006917000,4,3,1,0
21570006918000,18,6,12,725.4
21570006962000,5,2,3,155
21570006982000,4,2,2,0
21570006987000,15,7,8,466.5
21570006994000,4,1,3,0
21570006995000,27,14,13,1204.2
21570006999000,6,2,4,376.8
21570007000000,45,23,22,2155.5
21570007001000,23,11,12,1156.9
21570007011000,31,17,14,1066.4
21570007012000,2,2,0,0
21570007021000,5,4,1,319
21570007024000,4,3,1,0
21570007026000,10,6,4,439
21570007027000,7,4,3,462
21570007029000,1,0,1,0
21570007031000,1,0,1,0
21570007036000,5,1,4,153
21570007042000,3,1,2,0
21570007043000,37,21,16,1831.5
21570007045000,2,1,1,0
21570007050000,6,3,3,205.2
21570007051000,1,0,1,0
21570007052000,4,1,3,0
21570007053000,2,1,1,0
21570007054000,60,31,29,2934
21570007055000,18,8,10,748.8
21570007056000,2,1,1,0
21580006515000,75,40,35,2790
21580006516000,42,19,23,2209.2
21580006519000,8,4,4,308.8
21580006520000,11,5,6,533.5
21580006521000,4,3,1,0
21580006522000,3,2,1,0
21580006523000,44,23,21,1988.8
21580006524000,2,1,1,0
21580006526000,5,2,3,131
21580006527000,6,3,3,369
21580006528000,23,10,13,952.2
21580006529000,19,10,9,716.3
21580006530000,43,24,19,1638.3
21580006531000,20,9,11,850
21580006532000,23,14,9,1166.1
21580006533000,138,71,67,6030.6
21580006534000,229,108,121,8839.4
21580006535000,27,7,20,2016.9
21580006536000,51,26,25,2136.9
21580006537000,39,23,16,1903.2
21580006538000,51,27,24,2147.1
21580006539000,19,10,9,948.1
21580006565000,15,6,9,619.5
21580006566000,20,12,8,858
21580006571000,21,12,9,926.1
21580006572000,10,6,4,478
21580006590000,2,1,1,0
21580006591000,33,18,15,1227.6
21580006592000,2,1,1,0
21580006598000,10,4,6,349
21580006600000,4,2,2,0
21580006601000,4,2,2,0
21580006602000,37,19,18,1135.9
21580006623000,39,22,17,1485.9
21580006624000,111,51,60,4606.5
21580006625000,101,48,53,3393.6
21580006696000,19,12,7,691.6
21580006697000,45,24,21,2034
21580006718000,12,5,7,612
21580006741000,75,43,32,2835
21580006742000,75,41,34,3052.5
21580006756000,5,3,2,146
21580006758000,19,10,9,763.8
21580006759000,7,4,3,375.2
21580006797000,24,13,11,945.6
21580006870000,13,6,7,893.1
21580006871000,34,16,18,1608.2
21580006875000,30,16,14,1344
21580006876000,7,4,3,480.2
21580006877000,2,1,1,0
21580006916000,10,5,5,368
21580006917000,19,11,8,727.7
21580006964000,2,1,1,0
21580006976000,12,5,7,600
21580006982000,2,1,1,0
21580006983000,1,1,0,0
21580006984000,19,10,9,750.5
21580006985000,17,10,7,722.5
21580006986000,15,9,6,793.5
21580006987000,47,27,20,1724.9
21580006995000,28,11,17,1142.4
21580007000000,33,20,13,1359.6
21580007001000,5,4,1,351
21580007002000,11,6,5,501.6
21580007008000,2,1,1,0
21580007009000,41,20,21,1824.5
21580007010000,18,9,9,619.2
21580007011000,83,39,44,3826.3
21580007026000,23,12,11,1058
21580007027000,5,3,2,97
21580007029000,8,5,3,159.2
21580007037000,6,3,3,429
21580007043000,38,19,19,1508.6
21580007047000,13,6,7,364
21580007048000,7,4,3,492.8
21580007049000,12,6,6,369.6
21580007050000,29,17,12,1247
21580007051000,45,25,20,2245.5
21580007052000,64,35,29,2560
21580007053000,23,13,10,1267.3
21590006513000,7,4,3,329.7
21590006514000,67,33,34,3457.2
21590006515000,141,77,64,5865.6
21590006516000,19,10,9,818.9
21590006517000,1,1,0,0
21590006520000,19,9,10,874
21590006521000,8,3,5,422.4
21590006523000,40,20,20,1764
21590006524000,10,5,5,332
21590006526000,4,3,1,0
21590006527000,16,8,8,729.6
21590006530000,6,3,3,364.8
21590006531000,7,2,5,329
21590006532000,5,1,4,256
21590006533000,55,26,29,2436.5
21590006534000,5,2,3,249
21590006535000,15,10,5,670.5
21590006536000,17,10,7,681.7
21590006537000,128,66,62,4556.8
21590006538000,11,6,5,566.5
21590006562000,7,4,3,359.8
21590006563000,5,3,2,368
21590006564000,9,6,3,222.3
21590006565000,363,171,192,15209.7
21590006566000,493,249,244,20558.1
21590006567000,38,19,19,1242.6
21590006571000,17,10,7,778.6
21590006572000,15,9,6,838.5
21590006590000,2,1,1,0
21590006591000,34,17,17,1417.8
21590006597000,8,1,7,342.4
21590006598000,9,4,5,417.6
21590006601000,69,39,30,2849.7
21590006602000,41,20,21,1205.4
21590006603000,5,3,2,213
21590006623000,113,57,56,4938.1
21590006624000,15,9,6,1062
21590006625000,9,7,2,260.1
21590006630000,2,1,1,0
21590006631000,2,2,0,0
21590006659000,7,5,2,461.3
21590006660000,1,0,1,0
21590006696000,45,23,22,2038.5
21590006697000,18,9,9,712.8
21590006727000,1,1,0,0
21590006741000,3,1,2,0
21590006742000,29,16,13,1392
21590006743000,9,4,5,387
21590006753000,2,1,1,0
21590006757000,20,15,5,1024
21590006758000,5,2,3,236
21590006765000,1,1,0,0
21590006796000,9,5,4,513.9
21590006797000,14,6,8,718.2
21590006798000,13,8,5,624
21590006870000,4,2,2,0
21590006871000,43,20,23,2003.8
21590006874000,9,5,4,538.2
21590006876000,4,2,2,0
21590006915000,8,4,4,264
21590006964000,7,5,2,322.7
21590006965000,13,4,9,508.3
21590006975000,1,1,0,0
21590006976000,10,4,6,473
21590006977000,18,9,9,774
21590006984000,39,22,17,1560
21590006985000,11,6,5,385
21590006986000,13,7,6,611
21590006987000,16,7,9,939.2
21590006988000,59,32,27,3127
21590006994000,20,8,12,948
21590006995000,15,10,5,729
21590006996000,13,7,6,403
21590007011000,47,24,23,1776.6
21590007012000,16,9,7,942.4
21590007016000,3,1,2,0
21590007017000,7,2,5,440.3
21590007018000,7,2,5,275.1
21590007019000,7,3,4,394.1
21590007025000,2,2,0,0
21590007028000,35,19,16,1585.5
21590007029000,2,1,1,0
21590007030000,5,2,3,117
21590007039000,1,0,1,0
21590007044000,62,36,26,2238.2
21590007046000,7,4,3,336.7
21590007048000,12,6,6,339.6
21590007051000,10,4,6,560
21600006515000,9,6,3,352.8
21600006516000,27,14,13,828.9
21600006517000,8,3,5,403.2
21600006518000,20,9,11,954
21600006519000,30,16,14,1017
21600006520000,43,20,23,1913.5
21600006521000,3,1,2,0
21600006523000,13,8,5,562.9
21600006524000,1,1,0,0
21600006526000,7,1,6,238
21600006527000,13,9,4,487.5
21600006530000,6,4,2,187.2
21600006531000,1,0,1,0
21600006532000,2,2,0,0
21600006533000,3,2,1,0
21600006535000,4,2,2,0
21600006536000,23,12,11,977.5
21600006537000,84,41,43,3343.2
21600006538000,10,6,4,402
21600006539000,2,1,1,0
21600006549000,26,16,10,956.8
21600006559000,1,0,1,0
21600006561000,21,12,9,756
21600006562000,44,21,23,1834.8
21600006563000,15,7,8,538.5
21600006564000,20,9,11,840
21600006565000,221,111,110,7403.5
21600006566000,194,82,112,10088
21600006567000,6,3,3,216
21600006570000,1,0,1,0
21600006571000,7,4,3,483
21600006572000,4,3,1,0
21600006587000,11,6,5,479.6
21600006588000,47,28,19,1800.1
21600006590000,16,9,7,620.8
21600006591000,4,2,2,0
21600006597000,25,14,11,1135
21600006598000,9,5,4,386.1
21600006600000,10,5,5,363
21600006601000,55,28,27,2183.5
21600006602000,46,23,23,1789.4
21600006603000,97,49,48,3947.9
21600006604000,4,2,2,0
21600006608000,2,1,1,0
21600006623000,9,3,6,411.3
21600006624000,1,1,0,0
21600006626000,4,3,1,0
21600006629000,5,2,3,198
21600006633000,2,1,1,0
21600006650000,7,4,3,455
21600006651000,3,2,1,0
21600006658000,2,1,1,0
21600006659000,5,3,2,196
21600006695000,1,1,0,0
21600006696000,31,16,15,1320.6
21600006697000,8,6,2,351.2
21600006699000,1,1,0,0
21600006721000,1,1,0,0
21600006727000,2,1,1,0
21600006741000,10,7,3,415
21600006742000,21,11,10,955.5
21600006743000,1,0,1,0
21600006752000,7,3,4,298.9
21600006753000,3,2,1,0
21600006754000,7,5,2,352.1
21600006757000,22,13,9,1183.6
21600006797000,31,14,17,1509.7
21600006798000,37,21,16,1731.6
21600006871000,13,11,2,709.8
21600006872000,187,105,82,6806.8
21600006873000,234,115,119,10108.8
21600006874000,4,2,2,0
21600006914000,18,8,10,691.2
21600006915000,11,5,6,487.3
21600006965000,12,5,7,567.6
21600006966000,8,4,4,332
21600006976000,1,0,1,0
21600006982000,3,2,1,0
21600006983000,2,1,1,0
21600006984000,2,0,2,0
21600006987000,3,3,0,0
21600006988000,13,7,6,269.1
21600006989000,19,7,12,571.9
21600006990000,1,0,1,0
21600006992000,3,1,2,0
21600006993000,2,1,1,0
21600006996000,18,10,8,966.6
21600006997000,32,17,15,1152
21600007011000,6,4,2,244.2
21600007012000,29,15,14,1090.4
21600007013000,13,5,8,647.4
21600007014000,18,6,12,757.8
21600007015000,30,16,14,1557
21600007016000,3,1,2,0
21600007017000,28,16,12,1156.4
21600007018000,12,6,6,441.6
21600007019000,1,1,0,0
21600007026000,13,6,7,267.8
21600007038000,1,0,1,0
21600007039000,6,3,3,402
21600007044000,2,1,1,0
21600007045000,8,3,5,554.4
21600007046000,17,9,8,720.8
21610006519000,3,3,0,0
21610006520000,59,26,33,2660.9
21610006521000,1,0,1,0
21610006523000,40,21,19,1612
21610006524000,4,1,3,0
21610006525000,13,5,8,499.2
21610006526000,5,3,2,332
21610006527000,5,3,2,252
21610006531000,23,10,13,1048.8
21610006537000,7,5,2,308
21610006538000,5,2,3,195
21610006539000,2,1,1,0
21610006548000,3,1,2,0
21610006549000,44,22,22,1971.2
21610006559000,4,2,2,0
21610006560000,4,4,0,0
21610006561000,13,8,5,516.1
21610006562000,4,3,1,0
21610006566000,41,22,19,1685.1
21610006569000,15,11,4,702
21610006570000,23,13,10,961.4
21610006587000,34,16,18,1295.4
21610006588000,11,7,4,498.3
21610006594000,5,2,3,170
21610006596000,8,3,5,468
21610006597000,71,37,34,2740.6
21610006598000,13,7,6,828.1
21610006599000,22,10,12,836
21610006600000,196,101,95,6526.8
21610006601000,100,45,55,3530
21610006602000,44,27,17,1570.8
21610006603000,45,23,22,1849.5
21610006604000,100,52,48,3850
21610006605000,43,22,21,1427.6
21610006606000,14,8,6,459.2
21610006607000,1,1,0,0
21610006608000,4,2,2,0
21610006621000,17,10,7,552.5
21610006622000,16,10,6,585.6
21610006623000,58,30,28,2633.2
21610006629000,7,4,3,366.1
21610006630000,2,1,1,0
21610006633000,8,3,5,295.2
21610006634000,1,1,0,0
21610006636000,3,2,1,0
21610006637000,5,3,2,308
21610006649000,4,3,1,0
21610006659000,6,4,2,181.2
21610006696000,12,8,4,847.2
21610006699000,26,13,13,995.8
21610006715000,1,1,0,0
21610006726000,2,0,2,0
21610006741000,21,10,11,791.7
21610006742000,12,6,6,492
21610006744000,1,1,0,0
21610006751000,5,3,2,82
21610006752000,13,6,7,543.4
21610006756000,4,1,3,0
21610006795000,1,1,0,0
21610006797000,2,1,1,0
21610006798000,59,30,29,2601.9
21610006799000,16,6,10,732.8
21610006872000,306,145,161,14198.4
21610006873000,76,44,32,3154
21610006913000,17,8,9,637.5
21610006914000,17,10,7,761.6
21610006915000,6,4,2,336
21610006965000,1,0,1,0
21610006966000,10,7,3,497
21610006983000,10,6,4,404
21610006988000,11,5,6,553.3
21610006989000,1,0,1,0
21610006990000,7,2,5,307.3
21610006991000,4,2,2,0
21610006992000,6,4,2,328.8
21610006993000,3,1,2,0
21610006997000,13,6,7,559
21610006998000,1,1,0,0
21610007004000,20,12,8,762
21610007011000,5,3,2,202
21610007013000,12,7,5,672
21610007016000,28,11,17,1243.2
21610007019000,7,3,4,324.1
21610007025000,13,8,5,526.5
21610007028000,3,2,1,0
21620006517000,1,1,0,0
21620006519000,8,4,4,340.8
21620006520000,109,52,57,4196.5
21620006521000,12,6,6,837.6
21620006522000,4,2,2,0
21620006523000,19,13,6,701.1
21620006527000,15,8,7,550.5
21620006528000,5,2,3,248
21620006543000,31,14,17,1252.4
21620006544000,7,4,3,364.7
21620006546000,23,14,9,1025.8
21620006547000,26,11,15,803.4
21620006548000,70,31,39,3080
21620006549000,69,36,33,2553
21620006550000,11,6,5,721.6
21620006554000,4,2,2,0
21620006559000,7,3,4,289.1
21620006561000,9,5,4,458.1
21620006567000,17,10,7,817.7
21620006568000,22,11,11,928.4
21620006569000,27,11,16,1023.3
21620006575000,2,1,1,0
21620006587000,69,36,33,2484
21620006588000,9,3,6,507.6
21620006593000,15,8,7,732
21620006594000,48,27,21,2160
21620006595000,14,9,5,618.8
21620006596000,20,11,9,894
21620006597000,21,8,13,798
21620006598000,52,26,26,2085.2
21620006599000,79,39,40,3634
21620006600000,39,23,16,1376.7
21620006601000,287,143,144,11594.8
21620006602000,215,110,105,8492.5
21620006603000,123,61,62,4403.4
21620006604000,4,2,2,0
21620006605000,46,22,24,1794
21620006606000,3,2,1,0
21620006621000,25,10,15,1087.5
21620006622000,16,11,5,545.6
21620006623000,39,22,17,1821.3
21620006627000,3,1,2,0
21620006629000,1,1,0,0
21620006630000,6,4,2,195
21620006633000,6,3,3,208.2
21620006635000,1,1,0,0
21620006636000,2,1,1,0
21620006637000,6,4,2,273
21620006644000,1,1,0,0
21620006645000,1,0,1,0
21620006658000,2,1,1,0
21620006695000,6,4,2,184.8
21620006696000,6,4,2,322.8
21620006698000,14,7,7,634.2
21620006726000,2,1,1,0
21620006741000,5,2,3,97
21620006742000,13,5,8,460.2
21620006743000,1,0,1,0
21620006751000,15,7,8,760.5
21620006756000,1,1,0,0
21620006795000,27,16,11,912.6
21620006796000,25,13,12,1127.5
21620006797000,17,9,8,851.7
21620006798000,5,2,3,235
21620006799000,14,7,7,634.2
21620006872000,110,49,61,3641
21620006873000,28,12,16,1075.2
21620006912000,1,1,0,0
21620006913000,5,2,3,121
21620006966000,14,8,6,471.8
21620006975000,8,5,3,468
21620006984000,3,2,1,0
21620006989000,16,6,10,470.4
21620007002000,7,4,3,294.7
21620007004000,21,9,12,873.6
21620007005000,8,4,4,256
21620007011000,4,3,1,0
21620007016000,116,54,62,5475.2
21620007019000,9,5,4,500.4
21620007028000,7,3,4,314.3
21620007031000,4,3,1,0
21620007032000,10,5,5,317
21630006518000,1,1,0,0
21630006519000,10,4,6,278
21630006520000,6,2,4,280.2
21630006521000,164,80,84,6396
21630006522000,143,75,68,5462.6
21630006523000,21,12,9,930.3
21630006524000,2,1,1,0
21630006527000,28,12,16,848.4
21630006529000,5,3,2,189
21630006541000,3,2,1,0
21630006542000,1,1,0,0
21630006544000,12,7,5,711.6
21630006545000,31,13,18,1466.3
21630006546000,43,24,19,1784.5
21630006547000,42,24,18,1428
21630006548000,1,1,0,0
21630006549000,1,1,0,0
21630006550000,59,28,31,2395.4
21630006551000,2,1,1,0
21630006552000,25,10,15,982.5
21630006560000,10,6,4,503
21630006561000,19,9,10,647.9
21630006586000,24,15,9,852
21630006587000,116,56,60,4222.4
21630006588000,145,67,78,6032
21630006589000,39,21,18,2008.5
21630006590000,19,8,11,663.1
21630006591000,21,9,12,741.3
21630006592000,37,19,18,1406
21630006593000,24,14,10,1065.6
21630006594000,31,18,13,1174.9
21630006595000,21,11,10,991.2
21630006596000,1,0,1,0
21630006598000,2,1,1,0
21630006599000,752,404,348,23838.4
21630006600000,705,356,349,27706.5
21630006601000,719,355,364,32498.8
21630006602000,85,44,41,2839
21630006603000,43,20,23,1922.1
21630006604000,86,40,46,2726.2
21630006605000,15,9,6,625.5
21630006610000,1,1,0,0
21630006621000,46,27,19,1909
21630006622000,9,5,4,426.6
21630006623000,6,3,3,349.2
21630006624000,4,1,3,0
21630006628000,6,3,3,229.2
21630006630000,26,16,10,1040
21630006631000,14,7,7,565.6
21630006632000,28,16,12,1072.4
21630006633000,9,5,4,341.1
21630006634000,2,1,1,0
21630006635000,45,26,19,2227.5
21630006636000,11,6,5,326.7
21630006645000,7,5,2,387.8
21630006646000,1,1,0,0
21630006649000,4,3,1,0
21630006657000,5,4,1,262
21630006695000,3,2,1,0
21630006697000,12,6,6,453.6
21630006698000,4,1,3,0
21630006705000,2,1,1,0
21630006707000,12,5,7,403.2
21630006708000,2,1,1,0
21630006716000,5,2,3,135
21630006726000,2,2,0,0
21630006743000,50,28,22,2525
21630006744000,1,1,0,0
21630006750000,20,12,8,828
21630006751000,3,1,2,0
21630006752000,3,2,1,0
21630006755000,4,2,2,0
21630006763000,1,1,0,0
21630006765000,1,0,1,0
21630006795000,4,2,2,0
21630006797000,7,4,3,413
21630006798000,6,3,3,307.8
21630006873000,46,24,22,2065.4
21630006874000,6,4,2,190.8
21630006875000,1,1,0,0
21630006912000,15,8,7,729
21630006913000,9,5,4,432
21630006967000,30,15,15,1452
21630006968000,58,28,30,2041.6
21630006969000,23,14,9,834.9
21630006970000,6,3,3,235.8
21630006971000,40,19,21,1984
21630006972000,3,2,1,0
21630006990000,6,3,3,270
21630007003000,40,22,18,1708
21630007005000,18,9,9,984.6
21630007011000,2,1,1,0
21630007012000,9,5,4,442.8
21630007013000,4,2,2,0
21630007015000,2,1,1,0
21630007016000,107,59,48,4665.2
21630007030000,12,7,5,536.4
21630007033000,6,3,3,237
21640006518000,19,10,9,999.4
21640006519000,30,17,13,1491
21640006520000,33,20,13,1270.5
21640006521000,148,79,69,5520.4
21640006522000,834,409,425,33360
21640006523000,246,133,113,9889.2
21640006524000,12,8,4,469.2
21640006526000,15,8,7,670.5
21640006527000,9,7,2,293.4
21640006528000,3,2,1,0
21640006529000,5,4,1,242
21640006530000,1,1,0,0
21640006542000,3,2,1,0
21640006543000,13,6,7,543.4
21640006544000,48,25,23,2073.6
21640006545000,17,9,8,666.4
21640006546000,4,1,3,0
21640006548000,3,2,1,0
21640006549000,6,2,4,262.8
21640006550000,24,11,13,854.4
21640006551000,240,103,137,11856
21640006552000,23,9,14,860.2
21640006559000,2,1,1,0
21640006560000,5,4,1,356
21640006561000,4,2,2,0
21640006585000,10,6,4,437
21640006586000,95,44,51,4047
21640006587000,562,286,276,24390.8
21640006588000,590,271,319,28379
21640006589000,86,45,41,3904.4
21640006590000,28,16,12,1299.2
21640006591000,42,25,17,1780.8
21640006592000,74,40,34,2982.2
21640006593000,21,14,7,877.8
21640006594000,4,2,2,0
21640006599000,68,35,33,2944.4
21640006600000,463,245,218,17501.4
21640006601000,205,97,108,8323
21640006602000,35,17,18,1802.5
21640006603000,77,41,36,3295.6
21640006604000,323,161,162,11724.9
21640006606000,2,1,1,0
21640006607000,13,7,6,548.6
21640006608000,7,2,5,235.9
21640006609000,7,5,2,340.9
21640006619000,1,0,1,0
21640006620000,13,7,6,562.9
21640006621000,15,8,7,954
21640006622000,23,12,11,1248.9
21640006630000,24,12,12,1036.8
21640006631000,69,34,35,2642.7
21640006632000,86,34,52,4687
21640006633000,7,5,2,343.7
21640006634000,16,9,7,857.6
21640006635000,36,16,20,1432.8
21640006636000,18,9,9,923.4
21640006637000,8,5,3,436
21640006638000,6,4,2,322.8
21640006639000,5,3,2,228
21640006648000,4,2,2,0
21640006649000,5,3,2,321
21640006650000,3,2,1,0
21640006651000,16,9,7,640
21640006683000,2,1,1,0
21640006695000,8,3,5,300.8
21640006696000,155,78,77,6293
21640006697000,29,14,15,1481.9
21640006702000,44,18,26,1672
21640006713000,4,3,1,0
21640006721000,2,1,1,0
21640006743000,35,21,14,1760.5
21640006744000,4,2,2,0
21640006750000,24,13,11,960
21640006751000,5,2,3,117
21640006752000,10,6,4,604
21640006753000,1,1,0,0
21640006795000,18,11,7,919.8
21640006796000,10,5,5,510
21640006797000,7,3,4,198.8
21640006871000,3,2,1,0
21640006873000,40,19,21,1748
21640006874000,19,11,8,1027.9
21640006875000,20,11,9,834
21640006912000,43,17,26,1995.2
21640006969000,11,4,7,331.1
21640006970000,22,13,9,1091.2
21640006971000,46,23,23,1794
21640007003000,54,27,27,2748.6
21640007005000,18,9,9,921.6
21640007012000,74,40,34,3611.2
21640007013000,24,14,10,1245.6
21640007014000,2,1,1,0
21640007016000,26,17,9,793
21640007017000,9,6,3,206.1
21640007018000,3,2,1,0
21640007019000,4,2,2,0
21640007021000,1,1,0,0
21640007023000,10,4,6,568
21640007024000,5,3,2,301
21640007030000,4,3,1,0
21640007031000,20,7,13,1084
21640007032000,1,1,0,0
21650006519000,7,4,3,378
21650006522000,838,388,450,38715.6
21650006523000,917,450,467,41265
21650006526000,14,6,8,519.4
21650006527000,9,4,5,401.4
21650006528000,9,4,5,356.4
21650006530000,2,1,1,0
21650006540000,2,1,1,0
21650006543000,16,9,7,742.4
21650006544000,13,7,6,577.2
21650006550000,8,2,6,288.8
21650006551000,31,17,14,1419.8
21650006552000,36,20,16,1170
21650006553000,3,1,2,0
21650006559000,3,3,0,0
21650006560000,5,3,2,275
21650006584000,16,10,6,782.4
21650006585000,15,9,6,802.5
21650006586000,10,2,8,473
21650006587000,46,23,23,1794
21650006588000,49,26,23,2018.8
21650006589000,31,16,15,1391.9
21650006590000,22,15,7,858
21650006591000,16,9,7,790.4
21650006592000,8,3,5,242.4
21650006600000,54,29,25,1938.6
21650006601000,39,11,28,1287
21650006602000,22,12,10,816.2
21650006603000,10,6,4,570
21650006608000,1,1,0,0
21650006609000,10,5,5,421
21650006610000,20,14,6,684
21650006620000,51,29,22,2198.1
21650006621000,46,25,21,1978
21650006622000,4,3,1,0
21650006630000,12,7,5,471.6
21650006631000,30,17,13,1485
21650006632000,35,17,18,1400
21650006635000,4,2,2,0
21650006646000,1,0,1,0
21650006649000,17,10,7,581.4
21650006650000,21,11,10,987
21650006651000,3,2,1,0
21650006654000,1,1,0,0
21650006655000,3,2,1,0
21650006683000,2,1,1,0
21650006695000,2,1,1,0
21650006696000,253,131,122,10929.6
21650006697000,16,7,9,670.4
21650006702000,18,10,8,669.6
21650006725000,7,3,4,343.7
21650006743000,51,25,26,2070.6
21650006744000,7,4,3,384.3
21650006749000,16,7,9,718.4
21650006750000,32,18,14,1507.2
21650006751000,20,8,12,874
21650006752000,9,4,5,430.2
21650006765000,17,9,8,664.7
21650006786000,1,1,0,0
21650006793000,5,3,2,116
21650006794000,1,1,0,0
21650006796000,7,4,3,314.3
21650006798000,6,3,3,331.8
21650006874000,11,6,5,616
21650006875000,9,4,5,324.9
21650006911000,9,6,3,378.9
21650006912000,5,1,4,192
21650006975000,9,7,2,408.6
21650006991000,1,1,0,0
21650006992000,7,4,3,294
21650007003000,12,7,5,489.6
21650007004000,46,22,24,2070
21650007005000,20,9,11,764
21650007012000,14,9,5,656.6
21650007016000,10,5,5,379
21650007017000,7,4,3,247.8
21650007030000,1,1,0,0
21650007031000,31,17,14,1388.8
21660006522000,220,107,113,10582
21660006523000,1024,518,506,47513.6
21660006524000,150,77,73,6675
21660006526000,2,1,1,0
21660006529000,7,4,3,431.2
21660006530000,2,1,1,0
21660006532000,5,2,3,305
21660006537000,2,1,1,0
21660006539000,3,2,1,0
21660006550000,4,2,2,0
21660006552000,36,23,13,1508.4
21660006553000,14,7,7,509.6
21660006554000,3,2,1,0
21660006555000,6,3,3,193.8
21660006556000,2,1,1,0
21660006557000,11,4,7,525.8
21660006558000,4,2,2,0
21660006559000,5,3,2,320
21660006560000,6,3,3,343.8
21660006582000,4,3,1,0
21660006583000,9,5,4,448.2
21660006584000,3,2,1,0
21660006587000,5,3,2,378
21660006588000,32,15,17,1600
21660006589000,12,6,6,615.6
21660006590000,6,3,3,283.2
21660006599000,19,10,9,703
21660006600000,101,55,46,4242
21660006601000,50,23,27,2000
21660006602000,39,22,17,1731.6
21660006603000,17,10,7,785.4
21660006604000,8,4,4,372
21660006605000,4,3,1,0
21660006608000,1,1,0,0
21660006609000,6,3,3,343.2
21660006615000,1,1,0,0
21660006620000,32,19,13,1664
21660006621000,65,33,32,2340
21660006622000,9,4,5,358.2
21660006632000,7,5,2,315
21660006640000,3,2,1,0
21660006648000,5,4,1,253
21660006649000,8,4,4,464.8
21660006650000,8,6,2,414.4
21660006651000,4,2,2,0
21660006652000,8,3,5,312.8
21660006653000,11,5,6,425.7
21660006672000,1,0,1,0
21660006683000,1,1,0,0
21660006684000,3,2,1,0
21660006694000,2,1,1,0
21660006695000,24,11,13,1034.4
21660006696000,64,29,35,2694.4
21660006697000,20,13,7,868
21660006699000,1,0,1,0
21660006700000,13,9,4,725.4
21660006701000,9,6,3,527.4
21660006702000,22,13,9,1049.4
21660006725000,6,4,2,193.2
21660006726000,4,2,2,0
21660006743000,13,6,7,698.1
21660006744000,58,30,28,2673.8
21660006747000,10,5,5,421
21660006748000,30,17,13,1431
21660006749000,68,35,33,2978.4
21660006750000,67,44,23,2827.4
21660006751000,3,2,1,0
21660006765000,19,11,8,856.9
21660006792000,9,4,5,375.3
21660006793000,11,4,7,650.1
21660006794000,22,11,11,1368.4
21660006795000,20,9,11,912
21660006796000,37,22,15,1480
21660006807000,20,12,8,874
21660006874000,14,9,5,544.6
21660006875000,11,6,5,562.1
21660006911000,9,5,4,270
21660006975000,6,3,3,417
21660006985000,12,4,8,471.6
21660006986000,14,8,6,697.2
21660006990000,13,5,8,314.6
21660006991000,10,4,6,413
21660006996000,9,4,5,279.9
21660007012000,24,13,11,804
21660007017000,7,4,3,275.1
21660007031000,33,20,13,1283.7
21660007057000,1,0,1,0
21670006525000,1,1,0,0
21670006526000,8,4,4,522.4
21670006528000,1,1,0,0
21670006529000,1,0,1,0
21670006542000,4,1,3,0
21670006551000,2,1,1,0
21670006553000,4,2,2,0
21670006554000,12,6,6,531.6
21670006555000,12,6,6,303.6
21670006557000,13,7,6,384.8
21670006558000,5,3,2,160
21670006559000,8,4,4,491.2
21670006560000,19,9,10,1041.2
21670006561000,30,13,17,1104
21670006580000,9,3,6,365.4
21670006581000,12,6,6,680.4
21670006582000,6,3,3,163.2
21670006586000,6,4,2,225
21670006587000,1,0,1,0
21670006588000,9,6,3,251.1
21670006589000,4,2,2,0
21670006598000,9,3,6,323.1
21670006599000,29,14,15,1307.9
21670006600000,36,17,19,1551.6
21670006601000,171,89,82,7147.8
21670006602000,75,40,35,2617.5
21670006603000,8,5,3,291.2
21670006611000,2,1,1,0
21670006612000,1,0,1,0
21670006620000,52,28,24,2355.6
21670006621000,45,23,22,2038.5
21670006622000,9,3,6,470.7
21670006631000,4,2,2,0
21670006632000,7,5,2,240.8
21670006640000,1,1,0,0
21670006644000,6,3,3,304.2
21670006646000,11,6,5,594
21670006647000,9,4,5,330.3
21670006648000,3,2,1,0
21670006649000,4,2,2,0
21670006650000,2,1,1,0
21670006652000,7,5,2,380.1
21670006653000,2,1,1,0
21670006654000,4,3,1,0
21670006681000,2,1,1,0
21670006682000,19,8,11,982.3
21670006683000,2,0,2,0
21670006684000,9,4,5,298.8
21670006685000,39,22,17,1989
21670006686000,6,2,4,328.8
21670006687000,6,3,3,232.8
21670006688000,14,7,7,687.4
21670006689000,25,11,14,1107.5
21670006692000,1,0,1,0
21670006694000,20,11,9,1214
21670006695000,42,15,27,1873.2
21670006696000,3,1,2,0
21670006698000,1,1,0,0
21670006700000,3,2,1,0
21670006701000,7,2,5,254.1
21670006723000,2,1,1,0
21670006726000,10,5,5,495
21670006727000,6,2,4,273
21670006743000,12,7,5,564
21670006744000,231,113,118,9240
21670006745000,29,16,13,1081.7
21670006746000,30,17,13,1197
21670006747000,72,34,38,2980.8
21670006748000,24,12,12,1190.4
21670006749000,1,0,1,0
21670006750000,4,2,2,0
21670006771000,2,2,0,0
21670006792000,35,20,15,1452.5
21670006793000,111,61,50,4395.6
21670006794000,42,22,20,1936.2
21670006795000,29,17,12,1296.3
21670006807000,4,2,2,0
21670006875000,63,31,32,2583
21670006876000,9,7,2,356.4
21670006910000,5,2,3,256
21670006911000,5,2,3,118
21670006968000,8,2,6,210.4
21670006969000,39,21,18,1478.1
21670006994000,16,10,6,579.2
21670006995000,6,2,4,247.8
21670007006000,3,2,1,0
21670007010000,4,2,2,0
21670007011000,12,6,6,434.4
21670007012000,15,8,7,580.5
21670007017000,11,4,7,594
21670007027000,16,7,9,580.8
21670007030000,4,2,2,0
21670007031000,15,8,7,595.5
21670007032000,35,20,15,1270.5
21670007033000,1,0,1,0
21670007054000,6,3,3,451.8
21680006525000,4,2,2,0
21680006526000,11,5,6,555.5
21680006527000,18,9,9,680.4
21680006528000,2,1,1,0
21680006529000,12,5,7,380.4
21680006533000,3,2,1,0
21680006534000,9,5,4,560.7
21680006538000,2,1,1,0
21680006539000,9,4,5,372.6
21680006542000,29,18,11,849.7
21680006551000,4,1,3,0
21680006552000,7,4,3,249.9
21680006559000,4,2,2,0
21680006561000,52,27,25,2496
21680006562000,5,3,2,277
21680006563000,10,7,3,622
21680006578000,6,3,3,324
21680006586000,21,11,10,921.9
21680006587000,8,3,5,443.2
21680006588000,15,8,7,880.5
21680006589000,6,3,3,298.8
21680006590000,13,6,7,313.3
21680006594000,8,5,3,390.4
21680006595000,19,11,8,843.6
21680006596000,2,2,0,0
21680006597000,240,122,118,9384
21680006598000,227,110,117,7695.3
21680006599000,6,2,4,226.2
21680006600000,22,10,12,915.2
21680006601000,49,22,27,1798.3
21680006602000,7,4,3,326.2
21680006609000,3,2,1,0
21680006610000,22,9,13,996.6
21680006611000,2,1,1,0
21680006612000,5,3,2,219
21680006619000,18,7,11,707.4
21680006620000,64,33,31,2457.6
21680006621000,139,71,68,5337.6
21680006622000,29,12,17,1357.2
21680006631000,11,5,6,437.8
21680006632000,21,12,9,989.1
21680006641000,1,1,0,0
21680006646000,8,3,5,182.4
21680006647000,4,2,2,0
21680006652000,3,1,2,0
21680006654000,5,3,2,335
21680006679000,1,1,0,0
21680006681000,7,3,4,242.9
21680006682000,15,7,8,577.5
21680006683000,16,10,6,612.8
21680006684000,40,19,21,1952
21680006685000,76,37,39,3184.4
21680006687000,4,3,1,0
21680006688000,4,2,2,0
21680006689000,1,0,1,0
21680006690000,11,5,6,382.8
21680006691000,6,4,2,231
21680006692000,29,14,15,1557.3
21680006693000,55,30,25,2414.5
21680006694000,6,2,4,333
21680006695000,15,6,9,598.5
21680006696000,31,13,18,1162.5
21680006697000,11,6,5,658.9
21680006698000,12,6,6,397.2
21680006727000,11,7,4,620.4
21680006728000,24,13,11,1118.4
21680006743000,8,7,1,332
21680006744000,740,353,387,30044
21680006745000,152,72,80,6809.6
21680006746000,28,16,12,1246
21680006747000,5,2,3,329
21680006749000,2,1,1,0
21680006761000,2,1,1,0
21680006768000,1,1,0,0
21680006791000,2,1,1,0
21680006792000,20,10,10,1014
21680006793000,47,25,22,1762.5
21680006794000,40,25,15,1596
21680006795000,14,7,7,625.8
21680006803000,1,1,0,0
21680006806000,5,4,1,243
21680006807000,3,3,0,0
21680006815000,1,0,1,0
21680006873000,16,4,12,588.8
21680006874000,28,14,14,1094.8
21680006875000,42,23,19,1675.8
21680006876000,6,2,4,204
21680006909000,6,1,5,195
21680006910000,9,4,5,297
21680006958000,2,1,1,0
21680006960000,4,2,2,0
21680006962000,2,2,0,0
21680006963000,12,7,5,576
21680006964000,142,65,77,5353.4
21680006965000,19,9,10,577.6
21680006966000,10,6,4,326
21680006973000,92,44,48,3891.6
21680006979000,13,7,6,621.4
21680006980000,7,4,3,240.1
21680006988000,7,4,3,312.2
21680006992000,37,21,16,1398.6
21680006993000,31,19,12,1410.5
21680006994000,8,4,4,504.8
21680007001000,5,2,3,200
21680007006000,21,13,8,1092
21680007007000,8,4,4,288
21680007017000,11,5,6,531.3
21680007018000,2,1,1,0
21680007020000,6,2,4,184.2
21680007025000,6,2,4,258
21680007029000,4,1,3,0
21680007030000,27,13,14,1290.6
21680007031000,43,23,20,1784.5
21680007032000,9,3,6,369
21680007053000,2,1,1,0
21680007056000,6,3,3,348
21680007058000,6,3,3,252
21680007077000,9,5,4,574.2
21690006525000,12,5,7,500.4
21690006526000,22,12,10,840.4
21690006528000,11,5,6,565.4
21690006529000,8,5,3,360
21690006533000,3,2,1,0
21690006534000,4,3,1,0
21690006535000,17,8,9,892.5
21690006541000,11,5,6,334.4
21690006542000,49,26,23,2141.3
21690006543000,3,2,1,0
21690006551000,4,3,1,0
21690006552000,13,7,6,595.4
21690006559000,5,2,3,178
21690006577000,3,2,1,0
21690006586000,16,10,6,672
21690006587000,38,20,18,1208.4
21690006588000,7,4,3,329
21690006589000,13,6,7,625.3
21690006590000,5,3,2,255
21690006591000,4,3,1,0
21690006593000,14,7,7,809.2
21690006594000,47,26,21,1884.7
21690006595000,70,37,33,3073
21690006596000,22,12,10,1179.2
21690006597000,542,241,301,24606.8
21690006598000,111,52,59,4140.3
21690006599000,47,20,27,1823.6
21690006600000,15,7,8,624
21690006601000,8,3,5,366.4
21690006608000,18,10,8,885.6
21690006609000,11,5,6,488.4
21690006618000,10,6,4,458
21690006619000,5,3,2,203
21690006620000,154,74,80,5929
21690006621000,80,39,41,3344
21690006622000,45,24,21,1800
21690006630000,1,1,0,0
21690006631000,2,1,1,0
21690006632000,3,2,1,0
21690006641000,6,3,3,190.8
21690006642000,10,4,6,282
21690006643000,1,0,1,0
21690006653000,2,2,0,0
21690006677000,11,7,4,578.6
21690006678000,4,2,2,0
21690006679000,2,1,1,0
21690006680000,13,7,6,786.5
21690006681000,17,11,6,593.3
21690006688000,9,6,3,424.8
21690006689000,5,4,1,174
21690006690000,7,4,3,231.7
21690006692000,2,1,1,0
21690006693000,1,1,0,0
21690006696000,9,5,4,475.2
21690006697000,31,18,13,1258.6
21690006728000,3,2,1,0
21690006744000,289,157,132,12109.1
21690006745000,420,195,225,17388
21690006746000,27,15,12,1439.1
21690006747000,21,10,11,966
21690006791000,22,11,11,1113.2
21690006792000,14,8,6,663.6
21690006793000,7,3,4,378
21690006794000,34,19,15,1411
21690006805000,10,6,4,568
21690006873000,35,22,13,1505
21690006875000,34,19,15,1424.6
21690006876000,19,10,9,940.5
21690006908000,9,5,4,458.1
21690006909000,15,8,7,598.5
21690006910000,6,3,3,108
21690006963000,7,5,2,319.9
21690006964000,284,150,134,10792
21690006965000,289,147,142,12253.6
21690006972000,19,9,10,845.5
21690006973000,48,28,20,2011.2
21690006974000,2,1,1,0
21690006977000,41,21,20,2095.1
21690006978000,14,8,6,652.4
21690006980000,5,2,3,242
21690006981000,2,1,1,0
21690006983000,52,26,26,1851.2
21690006986000,21,10,11,697.2
21690006988000,11,5,6,371.8
21690006991000,22,11,11,1155
21690006993000,3,2,1,0
21690006997000,6,3,3,393
21690006999000,2,1,1,0
21690007000000,7,4,3,266
21690007001000,1,1,0,0
21690007008000,11,6,5,710.6
21690007017000,22,13,9,1194.6
21690007018000,3,2,1,0
21690007020000,5,3,2,197
21690007021000,2,1,1,0
21690007023000,6,4,2,256.2
21690007024000,16,9,7,702.4
21690007025000,8,5,3,380.8
21690007026000,8,5,3,456.8
21690007027000,13,8,5,448.5
21690007029000,2,1,1,0
21690007030000,4,1,3,0
21690007031000,36,23,13,1378.8
21690007032000,7,4,3,513.1
21690007052000,5,2,3,162
21690007076000,1,0,1,0
21690007077000,81,48,33,3993.3
21700006525000,2,1,1,0
21700006526000,5,3,2,155
21700006528000,6,2,4,166.8
21700006529000,2,1,1,0
21700006534000,11,7,4,566.5
21700006535000,18,9,9,826.2
21700006536000,7,4,3,476.7
21700006537000,33,17,16,1544.4
21700006541000,20,9,11,686
21700006542000,134,67,67,5882.6
21700006543000,7,5,2,336.7
21700006550000,5,4,1,152
21700006552000,4,2,2,0
21700006586000,82,45,37,3296.4
21700006587000,45,26,19,1674
21700006588000,7,4,3,343.7
21700006590000,5,3,2,149
21700006591000,14,7,7,449.4
21700006592000,9,5,4,532.8
21700006593000,22,11,11,1126.4
21700006594000,2,1,1,0
21700006595000,13,8,5,447.2
21700006596000,18,8,10,759.6
21700006597000,75,42,33,3840
21700006598000,55,31,24,2425.5
21700006599000,28,17,11,1100.4
21700006608000,1,0,1,0
21700006616000,7,5,2,312.9
21700006617000,22,11,11,730.4
21700006618000,27,13,14,1061.1
21700006619000,117,61,56,5627.7
21700006620000,113,57,56,4113.2
21700006621000,57,26,31,2114.7
21700006622000,29,13,16,864.2
21700006630000,17,10,7,632.4
21700006631000,5,4,1,108
21700006675000,4,1,3,0
21700006677000,3,2,1,0
21700006690000,2,1,1,0
21700006691000,3,2,1,0
21700006692000,4,2,2,0
21700006693000,3,1,2,0
21700006726000,10,6,4,388
21700006727000,10,4,6,273
21700006728000,8,2,6,236.8
21700006744000,513,249,264,24316.2
21700006745000,308,145,163,12658.8
21700006746000,39,19,20,1762.8
21700006747000,33,17,16,1537.8
21700006791000,15,11,4,682.5
21700006792000,3,1,2,0
21700006793000,29,18,11,1299.2
21700006794000,20,9,11,1064
21700006797000,3,1,2,0
21700006805000,18,10,8,943.2
21700006833000,1,1,0,0
21700006873000,29,13,16,1412.3
21700006875000,8,5,3,578.4
21700006876000,3,1,2,0
21700006906000,9,4,5,272.7
21700006907000,27,16,11,1198.8
21700006908000,6,3,3,147
21700006964000,47,23,24,1847.1
21700006965000,1504,752,752,65424
21700006966000,79,39,40,2875.6
21700006974000,7,3,4,242.2
21700006975000,67,37,30,3370.1
21700006976000,104,50,54,4243.2
21700006977000,43,25,18,1621.1
21700006982000,7,3,4,361.9
21700006983000,34,18,16,1288.6
21700006984000,20,11,9,650
21700006985000,176,83,93,7427.2
21700006986000,51,26,25,1662.6
21700006987000,11,6,5,515.9
21700006989000,13,6,7,309.4
21700006990000,16,8,8,606.4
21700006997000,23,11,12,998.2
21700006998000,18,9,9,783
21700007002000,8,5,3,227.2
21700007004000,42,26,16,1726.2
21700007009000,4,1,3,0
21700007017000,13,8,5,591.5
21700007020000,12,5,7,675.6
21700007021000,7,3,4,371.7
21700007036000,12,4,8,596.4
21700007039000,3,2,1,0
21700007050000,2,1,1,0
21700007051000,5,4,1,315
21700007052000,2,1,1,0
21700007058000,3,2,1,0
21700007059000,1,1,0,0
21700007060000,2,1,1,0
21700007061000,1,0,1,0
21700007077000,12,7,5,438
21700007078000,1,1,0,0
21710006526000,6,3,3,279
21710006527000,7,3,4,312.2
21710006528000,1,1,0,0
21710006530000,3,1,2,0
21710006534000,8,4,4,496.8
21710006535000,7,3,4,252
21710006536000,1,1,0,0
21710006537000,3,1,2,0
21710006539000,6,4,2,280.8
21710006540000,3,2,1,0
21710006541000,160,71,89,6864
21710006542000,620,306,314,26350
21710006543000,25,14,11,970
21710006551000,7,3,4,301.7
21710006557000,1,0,1,0
21710006570000,1,0,1,0
21710006579000,3,2,1,0
21710006584000,9,5,4,404.1
21710006585000,161,84,77,6069.7
21710006586000,80,40,40,2952
21710006590000,3,2,1,0
21710006591000,11,6,5,377.3
21710006592000,16,9,7,556.8
21710006593000,3,2,1,0
21710006594000,8,3,5,378.4
21710006595000,25,15,10,1082.5
21710006596000,52,21,31,2381.6
21710006597000,13,6,7,627.9
21710006598000,49,27,22,2141.3
21710006599000,13,7,6,397.8
21710006616000,42,22,20,1919.4
21710006617000,40,20,20,1664
21710006618000,103,51,52,3811
21710006619000,50,25,25,1870
21710006620000,27,14,13,1147.5
21710006621000,45,25,20,1683
21710006629000,2,1,1,0
21710006630000,6,4,2,127.8
21710006631000,1,1,0,0
21710006669000,10,5,5,460
21710006674000,3,1,2,0
21710006675000,10,6,4,467
21710006682000,4,3,1,0
21710006728000,3,1,2,0
21710006729000,47,27,20,2096.2
21710006730000,2,1,1,0
21710006744000,164,82,82,6396
21710006746000,33,19,14,1570.8
21710006747000,33,16,17,1303.5
21710006748000,1,1,0,0
21710006756000,2,1,1,0
21710006760000,4,3,1,0
21710006791000,16,10,6,777.6
21710006792000,4,1,3,0
21710006793000,68,38,30,2550
21710006794000,3,3,0,0
21710006796000,1,0,1,0
21710006804000,9,5,4,478.8
21710006805000,53,26,27,1950.4
21710006806000,3,2,1,0
21710006872000,6,2,4,135
21710006873000,19,10,9,723.9
21710006875000,12,7,5,570
21710006902000,1,1,0,0
21710006905000,22,13,9,1045
21710006906000,39,21,18,1817.4
21710006907000,14,5,9,820.4
21710006964000,283,152,131,11914.3
21710006965000,891,424,467,43569.9
21710006975000,8,5,3,336.8
21710006976000,48,25,23,1891.2
21710006989000,109,52,57,3945.8
21710006998000,35,17,18,1491
21710006999000,1,0,1,0
21710007002000,2,1,1,0
21710007003000,1,1,0,0
21710007004000,11,6,5,570.9
21710007036000,8,4,4,459.2
21710007039000,23,9,14,837.2
21710007050000,3,1,2,0
21710007051000,2,1,1,0
21710007061000,75,43,32,4102.5
21710007062000,7,3,4,364.7
21710007077000,5,4,1,306
21720006526000,1,1,0,0
21720006527000,21,9,12,1186.5
21720006528000,6,3,3,300
21720006531000,2,2,0,0
21720006535000,1,0,1,0
21720006541000,39,20,19,1423.5
21720006542000,142,76,66,5978.2
21720006543000,19,11,8,750.5
21720006544000,8,5,3,380.8
21720006545000,39,24,15,1462.5
21720006546000,27,13,14,1576.8
21720006550000,6,2,4,213
21720006557000,11,6,5,522.5
21720006568000,1,1,0,0
21720006570000,8,6,2,387.2
21720006582000,1,1,0,0
21720006583000,91,46,45,4031.3
21720006584000,353,170,183,15567.3
21720006585000,210,109,101,8148
21720006586000,45,24,21,2101.5
21720006587000,7,1,6,170.8
21720006588000,8,5,3,487.2
21720006589000,16,10,6,486.4
21720006595000,4,3,1,0
21720006596000,15,8,7,643.5
21720006597000,40,18,22,1456
21720006598000,8,5,3,464.8
21720006614000,25,17,8,1095
21720006615000,60,33,27,2628
21720006616000,250,132,118,10700
21720006617000,44,26,18,1962.4
21720006618000,795,366,429,41101.5
21720006619000,55,27,28,2211
21720006627000,2,1,1,0
21720006628000,1,0,1,0
21720006630000,1,0,1,0
21720006633000,2,1,1,0
21720006669000,1,1,0,0
21720006672000,13,8,5,388.7
21720006673000,11,6,5,437.8
21720006674000,16,8,8,700.8
21720006675000,19,10,9,1113.4
21720006681000,2,1,1,0
21720006724000,3,2,1,0
21720006728000,34,17,17,1802
21720006729000,78,46,32,3712.8
21720006730000,12,7,5,358.8
21720006743000,1,1,0,0
21720006744000,127,63,64,5270.5
21720006746000,5,2,3,177
21720006747000,7,3,4,266
21720006748000,1,1,0,0
21720006754000,2,1,1,0
21720006755000,5,3,2,242
21720006756000,2,1,1,0
21720006758000,8,5,3,200.8
21720006779000,2,1,1,0
21720006782000,2,1,1,0
21720006789000,12,7,5,609.6
21720006790000,32,16,16,1452.8
21720006791000,8,3,5,276
21720006792000,12,6,6,468
21720006793000,7,3,4,480.9
21720006796000,10,7,3,392
21720006797000,2,1,1,0
21720006802000,8,5,3,288
21720006803000,29,13,16,852.6
21720006804000,40,21,19,1412
21720006805000,33,12,21,1372.8
21720006806000,1,1,0,0
21720006872000,5,4,1,299
21720006873000,22,12,10,1188
21720006875000,16,10,6,852.8
21720006904000,48,26,22,1598.4
21720006905000,27,11,16,1093.5
21720006964000,498,259,239,19073.4
21720006989000,47,26,21,2237.2
21720006990000,24,15,9,780
21720006991000,30,17,13,1062
21720006999000,5,2,3,329
21720007003000,29,18,11,1189
21720007004000,2,1,1,0
21720007016000,1,0,1,0
21720007017000,28,16,12,1629.6
21720007020000,6,3,3,295.2
21720007029000,4,2,2,0
21720007030000,17,9,8,873.8
21720007032000,9,6,3,388.8
21720007038000,7,3,4,345.1
21720007039000,14,9,5,721
21720007050000,9,3,6,494.1
21720007061000,6,3,3,165
21720007062000,51,28,23,2381.7
21720007077000,4,4,0,0
21730006528000,5,3,2,255
21730006529000,4,0,4,0
21730006530000,30,14,16,1140
21730006531000,15,9,6,726
21730006536000,9,4,5,452.7
21730006539000,2,1,1,0
21730006541000,28,17,11,1402.8
21730006542000,114,66,48,4674
21730006543000,22,13,9,917.4
21730006545000,32,18,14,1241.6
21730006546000,57,29,28,1943.7
21730006547000,8,4,4,314.4
21730006548000,11,7,4,531.3
21730006549000,15,7,8,568.5
21730006550000,23,12,11,1009.7
21730006583000,28,17,11,1075.2
21730006584000,640,325,315,27136
21730006585000,476,223,253,20991.6
21730006586000,146,81,65,6117.4
21730006587000,50,26,24,2395
21730006588000,2,1,1,0
21730006589000,8,4,4,440.8
21730006590000,9,4,5,525.6
21730006593000,4,2,2,0
21730006596000,17,7,10,623.9
21730006597000,127,65,62,5219.7
21730006598000,140,75,65,6958
21730006599000,6,4,2,202.2
21730006614000,25,11,14,895
21730006615000,47,26,21,2044.5
21730006616000,5,1,4,68
21730006617000,88,45,43,4162.4
21730006618000,64,35,29,2630.4
21730006627000,17,10,7,596.7
21730006630000,12,6,6,435.6
21730006669000,13,6,7,552.5
21730006670000,58,28,30,2163.4
21730006671000,46,24,22,1702
21730006672000,11,7,4,584.1
21730006673000,26,14,12,1125.8
21730006674000,7,2,5,275.1
21730006675000,1,0,1,0
21730006728000,36,22,14,1630.8
21730006729000,34,17,17,1564
21730006730000,3,1,2,0
21730006736000,2,1,1,0
21730006737000,17,8,9,904.4
21730006738000,3,2,1,0
21730006741000,5,2,3,148
21730006742000,13,6,7,509.6
21730006743000,181,88,93,7602
21730006744000,55,29,26,2502.5
21730006752000,7,3,4,357.7
21730006759000,11,7,4,267.3
21730006776000,1,1,0,0
21730006789000,17,6,11,593.3
21730006790000,15,9,6,669
21730006792000,35,17,18,1638
21730006797000,8,5,3,216
21730006801000,7,3,4,415.1
21730006802000,13,5,8,474.5
21730006803000,2,1,1,0
21730006804000,17,8,9,783.7
21730006805000,126,70,56,4813.2
21730006835000,3,2,1,0
21730006872000,19,10,9,866.4
21730006873000,101,50,51,4242
21730006875000,10,5,5,576
21730006903000,34,22,12,1234.2
21730006904000,26,15,11,1359.8
21730006963000,60,35,25,2226
21730006964000,167,88,79,6128.9
21730006975000,7,4,3,328.3
21730006986000,2,1,1,0
21730006989000,5,3,2,231
21730006990000,20,10,10,904
21730006991000,2,2,0,0
21730007000000,16,7,9,644.8
21730007003000,11,4,7,365.2
21730007012000,1,0,1,0
21730007016000,25,15,10,1352.5
21730007017000,1,1,0,0
21730007018000,22,11,11,833.8
21730007020000,3,2,1,0
21730007027000,95,55,40,4303.5
21730007028000,26,16,10,1058.2
21730007029000,13,8,5,572
21730007030000,8,4,4,284
21730007031000,6,4,2,159
21730007032000,5,3,2,237
21730007037000,13,8,5,522.6
21730007038000,22,11,11,781
21730007039000,30,14,16,1083
21730007040000,8,5,3,260
21730007058000,1,1,0,0
21730007060000,6,4,2,316.2
21730007061000,5,1,4,124
21730007062000,1,1,0,0
21730007063000,5,3,2,356
21730007077000,6,3,3,360
21730007078000,38,21,17,1254
21740006528000,5,1,4,313
21740006529000,5,3,2,235
21740006530000,21,11,10,735
21740006534000,2,1,1,0
21740006535000,1,1,0,0
21740006536000,2,1,1,0
21740006539000,16,8,8,1022.4
21740006540000,66,38,28,2686.2
21740006541000,164,84,80,6625.6
21740006542000,25,12,13,792.5
21740006544000,12,4,8,555.6
21740006545000,19,9,10,813.2
21740006546000,9,5,4,335.7
21740006547000,34,23,11,1193.4
21740006548000,21,12,9,873.6
21740006560000,5,3,2,236
21740006561000,15,7,8,523.5
21740006583000,48,28,20,2102.4
21740006584000,259,134,125,10670.8
21740006585000,78,43,35,2995.2
21740006587000,2,2,0,0
21740006594000,1,1,0,0
21740006595000,36,20,16,1515.6
21740006596000,38,22,16,1265.4
21740006597000,158,90,68,6019.8
21740006598000,7,4,3,396.2
21740006599000,21,13,8,1121.4
21740006600000,10,6,4,645
21740006614000,12,6,6,408
21740006615000,48,29,19,2054.4
21740006616000,157,79,78,6656.8
21740006617000,28,12,16,856.8
21740006623000,4,3,1,0
21740006625000,13,5,8,509.6
21740006626000,16,7,9,681.6
21740006627000,28,15,13,1344
21740006636000,6,2,4,427.2
21740006637000,1,1,0,0
21740006668000,5,4,1,183
21740006669000,10,7,3,458
21740006670000,257,121,136,11822
21740006671000,24,12,12,1185.6
21740006672000,1,1,0,0
21740006673000,3,1,2,0
21740006674000,5,2,3,147
21740006675000,4,1,3,0
21740006728000,9,5,4,503.1
21740006729000,18,11,7,696.6
21740006735000,1,1,0,0
21740006736000,6,3,3,229.8
21740006737000,3,1,2,0
21740006738000,34,19,15,1883.6
21740006739000,20,9,11,852
21740006740000,11,4,7,360.8
21740006741000,34,18,16,1557.2
21740006742000,30,15,15,1413
21740006743000,59,30,29,2395.4
21740006744000,20,13,7,830
21740006745000,3,3,0,0
21740006752000,1,0,1,0
21740006757000,1,0,1,0
21740006766000,1,1,0,0
21740006776000,20,9,11,1172
21740006778000,2,2,0,0
21740006786000,13,6,7,581.1
21740006787000,11,6,5,528
21740006788000,4,3,1,0
21740006789000,17,7,10,613.7
21740006790000,38,22,16,1763.2
21740006791000,35,17,18,1547
21740006792000,8,5,3,490.4
21740006795000,2,1,1,0
21740006796000,4,2,2,0
21740006797000,27,14,13,1093.5
21740006800000,4,3,1,0
21740006801000,16,9,7,681.6
21740006802000,2,1,1,0
21740006803000,26,9,17,1193.4
21740006804000,162,76,86,6901.2
21740006805000,45,26,19,1768.5
21740006872000,32,16,16,1443.2
21740006873000,70,34,36,3514
21740006874000,19,9,10,672.6
21740006903000,44,26,18,1892
21740006904000,22,13,9,952.6
21740006962000,1,0,1,0
21740006963000,342,167,175,13714.2
21740006974000,10,5,5,483
21740006984000,1,1,0,0
21740006985000,11,7,4,504.9
21740006986000,2,1,1,0
21740006989000,1,1,0,0
21740006990000,18,8,10,741.6
21740006991000,44,22,22,1790.8
21740006997000,10,4,6,517
21740007000000,12,7,5,620.4
21740007004000,4,2,2,0
21740007016000,18,9,9,963
21740007017000,1,0,1,0
21740007018000,12,7,5,296.4
21740007020000,7,1,6,193.2
21740007021000,2,1,1,0
21740007026000,3,1,2,0
21740007027000,14,6,8,698.6
21740007029000,3,3,0,0
21740007030000,4,1,3,0
21740007031000,20,8,12,654
21740007032000,2,1,1,0
21740007038000,17,10,7,967.3
21740007039000,4,2,2,0
21740007040000,2,1,1,0
21740007049000,2,1,1,0
21740007060000,5,1,4,165
21740007063000,6,3,3,414
21750006530000,26,13,13,1144
21750006531000,22,12,10,1128.6
21750006532000,31,18,13,1553.1
21750006533000,34,17,17,1431.4
21750006534000,5,2,3,301
21750006535000,2,2,0,0
21750006536000,2,1,1,0
21750006537000,1,1,0,0
21750006538000,51,25,26,2488.8
21750006539000,289,151,138,11357.7
21750006540000,31,18,13,1054
21750006541000,191,98,93,7105.2
21750006542000,570,287,283,20976
21750006544000,2,1,1,0
21750006545000,5,2,3,247
21750006546000,4,2,2,0
21750006583000,123,62,61,4846.2
21750006584000,132,72,60,5781.6
21750006585000,4,2,2,0
21750006597000,17,8,9,775.2
21750006598000,20,8,12,912
21750006599000,9,4,5,551.7
21750006600000,48,30,18,2025.6
21750006601000,18,7,11,700.2
21750006605000,1,1,0,0
21750006612000,3,1,2,0
21750006613000,13,6,7,682.5
21750006614000,26,10,16,1112.8
21750006615000,9,5,4,241.2
21750006616000,965,507,458,42653
21750006617000,500,273,227,19300
21750006618000,304,153,151,12342.4
21750006622000,5,4,1,302
21750006623000,16,11,5,624
21750006625000,1,0,1,0
21750006635000,1,0,1,0
21750006636000,27,15,12,1379.7
21750006668000,13,6,7,578.5
21750006669000,44,25,19,2283.6
21750006670000,42,19,23,1726.2
21750006671000,33,20,13,1607.1
21750006672000,2,1,1,0
21750006728000,7,4,3,270.2
21750006732000,16,9,7,499.2
21750006733000,11,5,6,468.6
21750006734000,18,7,11,606.6
21750006735000,34,17,17,1713.6
21750006736000,27,13,14,1150.2
21750006737000,29,13,16,1313.7
21750006738000,15,10,5,514.5
21750006739000,11,6,5,596.2
21750006740000,1,1,0,0
21750006743000,5,4,1,298
21750006744000,16,9,7,596.8
21750006753000,3,1,2,0
21750006777000,7,4,3,469
21750006778000,2,1,1,0
21750006783000,17,8,9,795.6
21750006784000,11,7,4,423.5
21750006785000,21,10,11,1037.4
21750006786000,10,6,4,499
21750006787000,85,34,51,3264
21750006788000,73,32,41,2766.7
21750006789000,22,13,9,1018.6
21750006790000,2,1,1,0
21750006796000,27,13,14,1107
21750006797000,6,3,3,192
21750006798000,5,3,2,82
21750006799000,2,1,1,0
21750006800000,18,10,8,698.4
21750006801000,37,19,18,1583.6
21750006872000,51,29,22,2417.4
21750006873000,1,0,1,0
21750006874000,2,2,0,0
21750006902000,2,1,1,0
21750006903000,43,26,17,2141.4
21750006904000,4,2,2,0
21750006962000,15,9,6,462
21750006963000,4,2,2,0
21750006973000,13,9,4,412.1
21750006987000,28,14,14,1055.6
21750006988000,49,27,22,1842.4
21750006989000,5,2,3,201
21750006991000,30,17,13,1278
21750006997000,3,3,0,0
21750007000000,4,2,2,0
21750007004000,29,15,14,1458.7
21750007015000,32,18,14,1420.8
21750007016000,32,18,14,1593.6
21750007017000,18,8,10,757.8
21750007018000,12,7,5,498
21750007021000,6,1,5,135
21750007025000,15,9,6,756
21750007026000,5,4,1,184
21750007030000,16,8,8,667.2
21750007031000,157,67,90,7740.1
21750007032000,92,41,51,4452.8
21750007033000,4,3,1,0
21750007042000,6,2,4,199.2
21750007050000,16,10,6,492.8
21750007063000,1,1,0,0
21750007077000,4,3,1,0
21750007078000,6,4,2,214.2
21760006530000,7,4,3,480.9
21760006531000,7,5,2,256.9
21760006533000,12,7,5,564
21760006534000,5,2,3,107
21760006536000,37,19,18,1380.1
21760006537000,62,33,29,2622.6
21760006538000,635,310,325,26733.5
21760006539000,802,394,408,33523.6
21760006540000,70,34,36,2870
21760006541000,6,2,4,193.8
21760006542000,522,249,273,23124.6
21760006543000,148,76,72,5476
21760006547000,1,1,0,0
21760006552000,11,6,5,477.4
21760006553000,1,1,0,0
21760006555000,2,1,1,0
21760006567000,4,2,2,0
21760006568000,24,12,12,729.6
21760006573000,4,2,2,0
21760006583000,38,19,19,1664.4
21760006584000,41,22,19,1701.5
21760006587000,3,1,2,0
21760006588000,5,3,2,210
21760006589000,3,2,1,0
21760006597000,29,16,13,1157.1
21760006598000,50,25,25,1805
21760006599000,31,18,13,1209
21760006600000,21,10,11,827.4
21760006601000,25,12,13,1195
21760006605000,9,4,5,480.6
21760006606000,10,4,6,541
21760006607000,2,1,1,0
21760006608000,7,3,4,340.9
21760006609000,8,4,4,439.2
21760006610000,2,1,1,0
21760006611000,22,11,11,1141.8
21760006612000,17,10,7,1004.7
21760006615000,221,107,114,8817.9
21760006616000,1573,763,810,64178.4
21760006617000,1104,554,550,44491.2
21760006618000,791,391,400,31719.1
21760006619000,86,45,41,3586.2
21760006620000,117,67,50,4352.4
21760006621000,10,4,6,329
21760006622000,8,3,5,324.8
21760006623000,11,5,6,482.9
21760006635000,1,1,0,0
21760006636000,3,1,2,0
21760006668000,13,4,9,417.3
21760006669000,27,13,14,1290.6
21760006670000,2,1,1,0
21760006699000,4,2,2,0
21760006728000,28,17,11,1178.8
21760006729000,426,208,218,19638.6
21760006730000,85,44,41,3570
21760006731000,63,36,27,2299.5
21760006732000,13,7,6,604.5
21760006736000,1,1,0,0
21760006752000,3,1,2,0
21760006753000,9,6,3,456.3
21760006777000,8,5,3,463.2
21760006778000,1,0,1,0
21760006781000,3,2,1,0
21760006782000,22,13,9,943.8
21760006783000,10,6,4,524
21760006784000,17,9,8,848.3
21760006785000,27,16,11,999
21760006786000,48,26,22,1891.2
21760006787000,227,102,125,11577
21760006788000,24,15,9,792
21760006795000,2,1,1,0
21760006796000,5,3,2,136
21760006797000,5,3,2,198
21760006798000,24,13,11,957.6
21760006799000,41,18,23,1890.1
21760006800000,27,14,13,1136.7
21760006872000,27,13,14,1290.6
21760006902000,3,1,2,0
21760006903000,45,25,20,1768.5
21760006962000,19,9,10,837.9
21760006983000,4,3,1,0
21760006984000,10,5,5,279
21760006987000,22,11,11,829.4
21760006991000,19,12,7,1035.5
21760006998000,23,12,11,869.4
21760007000000,12,6,6,568.8
21760007003000,10,5,5,289
21760007004000,63,36,27,2727.9
21760007014000,4,2,2,0
21760007015000,89,46,43,3853.7
21760007016000,3,2,1,0
21760007017000,7,3,4,286.3
21760007018000,14,7,7,555.8
21760007022000,5,4,1,332
21760007023000,6,2,4,244.2
21760007024000,3,1,2,0
21760007028000,4,2,2,0
21760007029000,5,2,3,253
21760007030000,15,9,6,781.5
21760007031000,80,42,38,3640
21760007032000,357,166,191,14744.1
21760007033000,42,20,22,1722
21760007034000,50,26,24,1725
21760007035000,44,21,23,1874.4
21760007037000,2,1,1,0
21760007041000,4,2,2,0
21760007063000,3,2,1,0
21760007064000,6,4,2,193.2
21760007077000,4,2,2,0
21760007078000,9,5,4,455.4
21760007079000,42,21,21,1482.6
21760007080000,3,2,1,0
21770006530000,4,3,1,0
21770006531000,2,0,2,0
21770006535000,14,7,7,389.2
21770006536000,78,35,43,4032.6
21770006537000,79,41,38,3586.6
21770006538000,1407,684,723,69224.4
21770006539000,1171,568,603,52695
21770006540000,199,94,105,9114.2
21770006541000,17,7,10,710.6
21770006542000,87,43,44,3793.2
21770006543000,121,67,54,4452.8
21770006544000,12,5,7,531.6
21770006545000,13,7,6,677.3
21770006553000,14,8,6,512.4
21770006554000,7,3,4,389.2
21770006561000,1,1,0,0
21770006563000,2,1,1,0
21770006567000,27,14,13,1142.1
21770006572000,1,1,0,0
21770006573000,6,3,3,295.2
21770006582000,7,4,3,520.8
21770006583000,35,20,15,1456
21770006584000,23,13,10,1012
21770006587000,1,1,0,0
21770006588000,63,36,27,2973.6
21770006589000,40,25,15,1896
21770006596000,3,2,1,0
21770006597000,11,7,4,581.9
21770006598000,19,9,10,577.6
21770006599000,50,27,23,1845
21770006600000,133,68,65,4721.5
21770006601000,34,19,15,1577.6
21770006602000,22,10,12,1014.2
21770006603000,3,2,1,0
21770006604000,7,2,5,331.1
21770006605000,23,9,14,936.1
21770006606000,10,5,5,397
21770006607000,11,7,4,354.2
21770006608000,16,10,6,747.2
21770006609000,6,3,3,132
21770006610000,3,2,1,0
21770006613000,36,19,17,1486.8
21770006614000,21,10,11,1178.1
21770006615000,456,211,245,18103.2
21770006616000,757,357,400,31945.4
21770006617000,403,185,218,16845.4
21770006618000,2,1,1,0
21770006619000,8,6,2,279.2
21770006620000,5,3,2,137
21770006621000,78,36,42,3010.8
21770006622000,87,40,47,3671.4
21770006623000,19,8,11,680.2
21770006629000,1,1,0,0
21770006630000,1,0,1,0
21770006634000,3,2,1,0
21770006635000,5,4,1,269
21770006668000,8,4,4,336
21770006669000,44,22,22,1817.2
21770006670000,17,10,7,732.7
21770006671000,6,3,3,288
21770006727000,1,0,1,0
21770006728000,158,73,85,6778.2
21770006729000,433,204,229,21260.3
21770006730000,368,176,192,15492.8
21770006731000,3,3,0,0
21770006754000,4,2,2,0
21770006768000,2,1,1,0
21770006777000,6,2,4,214.8
21770006778000,17,7,10,1018.3
21770006781000,23,13,10,800.4
21770006782000,19,8,11,788.5
21770006783000,14,7,7,536.2
21770006784000,9,5,4,423.9
21770006785000,35,17,18,1634.5
21770006786000,8,4,4,550.4
21770006787000,8,4,4,332.8
21770006795000,17,8,9,681.7
21770006796000,19,8,11,725.8
21770006797000,24,17,7,1116
21770006798000,43,23,20,1616.8
21770006799000,21,10,11,623.7
21770006873000,5,1,4,144
21770006902000,31,18,13,1134.6
21770006903000,24,14,10,1068
21770006961000,16,12,4,488
21770006962000,142,75,67,6915.4
21770006963000,6,1,5,249
21770006982000,2,2,0,0
21770006983000,2,1,1,0
21770006991000,5,3,2,170
21770006992000,7,3,4,289.1
21770006998000,39,23,16,1801.8
21770007000000,126,61,65,4838.4
21770007004000,3,2,1,0
21770007005000,12,5,7,372
21770007012000,31,14,17,1714.3
21770007013000,17,6,11,863.6
21770007015000,3,1,2,0
21770007020000,7,3,4,147.7
21770007026000,4,2,2,0
21770007027000,15,9,6,547.5
21770007028000,18,9,9,829.8
21770007029000,2,0,2,0
21770007030000,6,4,2,303
21770007031000,22,8,14,840.4
21770007033000,4,2,2,0
21770007036000,3,2,1,0
21770007064000,1,1,0,0
21770007065000,3,2,1,0
21770007079000,3,2,1,0
21780006531000,9,6,3,363.6
21780006532000,3,2,1,0
21780006533000,17,9,8,885.7
21780006534000,33,18,15,1376.1
21780006535000,17,9,8,884
21780006536000,4,2,2,0
21780006538000,262,136,126,13859.8
21780006539000,527,253,274,25981.1
21780006540000,2,1,1,0
21780006542000,14,7,7,683.2
21780006543000,45,21,24,1962
21780006544000,13,6,7,655.2
21780006545000,5,2,3,189
21780006548000,1,0,1,0
21780006552000,17,11,6,622.2
21780006553000,13,6,7,690.3
21780006562000,17,9,8,865.3
21780006565000,4,2,2,0
21780006567000,11,6,5,358.6
21780006571000,2,1,1,0
21780006572000,29,16,13,1403.6
21780006575000,2,1,1,0
21780006577000,1,1,0,0
21780006581000,21,10,11,1159.2
21780006582000,133,72,61,4947.6
21780006583000,34,14,20,1628.6
21780006584000,34,19,15,1720.4
21780006588000,3,1,2,0
21780006591000,6,3,3,313.2
21780006596000,4,1,3,0
21780006597000,3,1,2,0
21780006598000,3,2,1,0
21780006599000,62,35,27,2821
21780006600000,148,72,76,6023.6
21780006602000,8,3,5,456
21780006603000,44,25,19,1645.6
21780006604000,21,11,10,793.8
21780006605000,27,9,18,1077.3
21780006606000,10,6,4,390
21780006607000,34,14,20,1380.4
21780006608000,5,2,3,294
21780006609000,8,4,4,410.4
21780006610000,210,109,101,8673
21780006611000,76,37,39,3914
21780006612000,13,7,6,872.3
21780006613000,19,13,6,807.5
21780006614000,6,4,2,301.2
21780006616000,463,228,235,18705.2
21780006617000,134,71,63,6150.6
21780006621000,2,1,1,0
21780006633000,3,2,1,0
21780006634000,65,38,27,2678
21780006635000,1,1,0,0
21780006667000,1,1,0,0
21780006668000,8,6,2,418.4
21780006669000,17,10,7,851.7
21780006670000,3,1,2,0
21780006722000,9,5,4,325.8
21780006726000,2,1,1,0
21780006727000,31,17,14,1351.6
21780006728000,228,114,114,9553.2
21780006729000,448,230,218,19622.4
21780006730000,18,7,11,759.6
21780006777000,23,13,10,717.6
21780006778000,16,8,8,713.6
21780006779000,15,8,7,640.5
21780006780000,56,28,28,2161.6
21780006781000,19,8,11,853.1
21780006782000,14,7,7,498.4
21780006783000,19,11,8,887.3
21780006784000,22,13,9,794.2
21780006785000,20,11,9,874
21780006786000,4,1,3,0
21780006790000,9,4,5,398.7
21780006791000,1,1,0,0
21780006794000,5,3,2,280
21780006795000,36,19,17,1288.8
21780006798000,4,2,2,0
21780006815000,2,1,1,0
21780006871000,19,10,9,875.9
21780006873000,5,2,3,177
21780006901000,1,1,0,0
21780006902000,23,11,12,680.8
21780006961000,112,54,58,5062.4
21780006962000,182,96,86,7079.8
21780006980000,6,5,1,286.8
21780006981000,22,10,12,1086.8
21780006992000,19,8,11,640.3
21780006998000,75,46,29,3525
21780006999000,13,7,6,595.4
21780007000000,106,60,46,4377.8
21780007005000,3,2,1,0
21780007011000,10,6,4,603
21780007012000,35,19,16,1823.5
21780007015000,35,16,19,1795.5
21780007020000,2,1,1,0
21780007024000,5,2,3,176
21780007031000,10,7,3,457
21780007032000,5,2,3,366
21780007036000,11,7,4,423.5
21780007037000,4,2,2,0
21780007038000,6,3,3,406.8
21780007044000,3,2,1,0
21780007063000,6,3,3,339
21780007076000,8,4,4,414.4
21780007080000,2,1,1,0
21780007095000,7,3,4,478.1
21780007096000,51,28,23,3386.4
21790006535000,10,6,4,562
21790006536000,4,2,2,0
21790006537000,7,4,3,352.1
21790006539000,1,0,1,0
21790006542000,6,3,3,187.2
21790006543000,9,6,3,496.8
21790006545000,3,2,1,0
21790006547000,6,2,4,262.8
21790006548000,2,2,0,0
21790006549000,4,2,2,0
21790006550000,2,1,1,0
21790006551000,6,4,2,282
21790006562000,2,0,2,0
21790006564000,10,4,6,367
21790006566000,4,3,1,0
21790006567000,22,9,13,1062.6
21790006570000,4,2,2,0
21790006571000,22,11,11,1185.8
21790006572000,26,13,13,1071.2
21790006573000,10,6,4,487
21790006574000,14,5,9,523.6
21790006575000,11,7,4,345.4
21790006578000,20,10,10,904
21790006579000,21,11,10,951.3
21790006580000,33,16,17,1158.3
21790006581000,17,9,8,688.5
21790006582000,17,10,7,938.4
21790006583000,2,1,1,0
21790006584000,4,2,2,0
21790006603000,8,5,3,330.4
21790006604000,45,25,20,1984.5
21790006605000,8,4,4,492.8
21790006607000,5,3,2,216
21790006608000,28,18,10,1022
21790006609000,51,27,24,2493.9
21790006610000,51,22,29,2279.7
21790006611000,17,9,8,688.5
21790006666000,10,5,5,444
21790006667000,6,4,2,274.2
21790006668000,6,3,3,120
21790006669000,48,26,22,1934.4
21790006691000,1,0,1,0
21790006701000,5,3,2,200
21790006702000,1,1,0,0
21790006703000,12,6,6,517.2
21790006704000,4,2,2,0
21790006720000,10,6,4,343
21790006721000,10,5,5,499
21790006722000,4,3,1,0
21790006723000,12,6,6,525.6
21790006725000,15,10,5,706.5
21790006726000,18,7,11,975.6
21790006727000,13,6,7,607.1
21790006728000,7,4,3,282.1
21790006729000,2,1,1,0
21790006777000,73,38,35,2956.5
21790006778000,51,27,24,1785
21790006779000,26,15,11,1092
21790006780000,51,25,26,1662.6
21790006781000,210,107,103,9240
21790006782000,61,27,34,2494.9
21790006783000,24,10,14,1231.2
21790006784000,9,5,4,308.7
21790006789000,10,4,6,357
21790006790000,51,25,26,2060.4
21790006791000,35,17,18,1620.5
21790006794000,86,48,38,3431.4
21790006795000,38,21,17,1303.4
21790006867000,2,1,1,0
21790006871000,19,9,10,632.7
21790006872000,6,4,2,219
21790006873000,2,1,1,0
21790006901000,5,3,2,254
21790006902000,218,98,120,10442.2
21790006961000,117,54,63,4867.2
21790006962000,43,23,20,1947.9
21790006971000,5,3,2,192
21790006972000,2,1,1,0
21790006979000,11,6,5,541.2
21790006980000,31,18,13,1534.5
21790006981000,71,38,33,3507.4
21790006992000,10,5,5,251
21790006993000,26,14,12,969.8
21790006997000,30,16,14,768
21790006998000,189,93,96,8051.4
21790006999000,31,16,15,1726.7
21790007000000,84,39,45,3410.4
21790007006000,16,6,10,718.4
21790007012000,7,4,3,191.1
21790007020000,2,0,2,0
21790007022000,4,3,1,0
21790007024000,3,1,2,0
21790007032000,4,2,2,0
21790007036000,21,12,9,984.9
21790007037000,14,8,6,448
21790007044000,4,3,1,0
21790007045000,2,1,1,0
21790007062000,3,1,2,0
21790007063000,15,9,6,900
21790007064000,9,4,5,190.8
21790007065000,20,12,8,818
21790007076000,7,4,3,378
21790007080000,31,17,14,1413.6
21800006536000,11,8,3,471.9
21800006537000,37,23,14,1587.3
21800006539000,2,2,0,0
21800006541000,15,9,6,811.5
21800006542000,14,9,5,728
21800006543000,10,4,6,427
21800006546000,4,2,2,0
21800006547000,4,2,2,0
21800006548000,7,6,1,244.3
21800006549000,19,11,8,801.8
21800006550000,2,2,0,0
21800006561000,10,6,4,437
21800006563000,11,7,4,423.5
21800006564000,18,8,10,788.4
21800006566000,6,3,3,390
21800006571000,3,1,2,0
21800006572000,4,2,2,0
21800006573000,1,1,0,0
21800006574000,9,5,4,343.8
21800006575000,21,10,11,1085.7
21800006576000,45,24,21,1809
21800006577000,17,8,9,409.7
21800006578000,21,10,11,976.5
21800006579000,31,19,12,1559.3
21800006580000,13,6,7,505.7
21800006581000,20,10,10,946
21800006582000,5,2,3,259
21800006585000,11,4,7,464.2
21800006586000,8,4,4,470.4
21800006662000,1,1,0,0
21800006663000,6,4,2,211.2
21800006664000,5,3,2,246
21800006665000,16,8,8,699.2
21800006666000,16,10,6,675.2
21800006667000,3,1,2,0
21800006668000,16,8,8,846.4
21800006693000,5,1,4,175
21800006700000,1,0,1,0
21800006702000,1,0,1,0
21800006703000,3,1,2,0
21800006715000,4,2,2,0
21800006717000,5,2,3,155
21800006718000,34,18,16,1445
21800006719000,13,5,8,730.6
21800006720000,10,6,4,565
21800006721000,10,5,5,321
21800006722000,35,15,20,1375.5
21800006723000,16,8,8,707.2
21800006724000,16,7,9,697.6
21800006726000,10,3,7,348
21800006757000,1,1,0,0
21800006776000,30,16,14,1242
21800006777000,31,16,15,1233.8
21800006778000,5,2,3,277
21800006779000,32,14,18,1561.6
21800006780000,35,22,13,1519
21800006781000,36,17,19,1418.4
21800006782000,11,7,4,478.5
21800006787000,2,1,1,0
21800006788000,7,3,4,221.9
21800006789000,10,3,7,539
21800006790000,100,43,57,4070
21800006791000,3,2,1,0
21800006792000,17,8,9,591.6
21800006793000,103,42,61,6241.8
21800006794000,8,5,3,244.8
21800006795000,26,14,12,1027
21800006796000,5,2,3,233
21800006846000,2,1,1,0
21800006871000,7,3,4,324.8
21800006872000,4,1,3,0
21800006873000,3,1,2,0
21800006900000,9,5,4,369.9
21800006901000,14,8,6,481.6
21800006902000,74,38,36,2937.8
21800006961000,1,1,0,0
21800006979000,59,35,24,2507.5
21800006980000,42,25,17,1927.8
21800006992000,14,8,6,540.4
21800006993000,9,4,5,401.4
21800006994000,22,8,14,789.8
21800006995000,19,14,5,805.6
21800006996000,262,130,132,8488.8
21800006997000,767,393,374,30296.5
21800006998000,44,21,23,2015.2
21800006999000,124,64,60,5369.2
21800007000000,44,22,22,1610.4
21800007001000,9,6,3,348.3
21800007006000,20,11,9,1002
21800007020000,22,12,10,1078
21800007032000,2,1,1,0
21800007036000,9,6,3,473.4
21800007037000,20,11,9,724
21800007043000,6,2,4,292.8
21800007044000,12,6,6,570
21800007076000,3,2,1,0
21800007080000,63,31,32,2677.5
21810006537000,44,22,22,1958
21810006538000,1,1,0,0
21810006541000,4,1,3,0
21810006543000,1,1,0,0
21810006544000,20,13,7,740
21810006545000,15,10,5,843
21810006546000,1,1,0,0
21810006547000,2,1,1,0
21810006548000,15,6,9,694.5
21810006560000,1,0,1,0
21810006563000,3,1,2,0
21810006564000,9,3,6,378
21810006565000,83,43,40,3602.2
21810006566000,7,6,1,296.1
21810006567000,16,7,9,656
21810006574000,8,4,4,311.2
21810006575000,5,3,2,164
21810006576000,102,53,49,3692.4
21810006577000,83,41,42,4183.2
21810006578000,17,8,9,805.8
21810006619000,3,2,1,0
21810006635000,2,1,1,0
21810006646000,1,1,0,0
21810006660000,11,6,5,458.7
21810006661000,9,3,6,440.1
21810006662000,9,6,3,585.9
21810006663000,41,24,17,2029.5
21810006664000,7,5,2,347.2
21810006665000,18,8,10,574.2
21810006666000,19,9,10,820.8
21810006667000,12,7,5,464.4
21810006668000,11,5,6,477.4
21810006692000,4,2,2,0
21810006693000,6,3,3,277.8
21810006716000,23,12,11,1062.6
21810006717000,35,20,15,1456
21810006718000,1,1,0,0
21810006719000,33,18,15,1428.9
21810006721000,9,4,5,342.9
21810006722000,10,6,4,550
21810006723000,11,7,4,534.6
21810006724000,11,5,6,451
21810006725000,11,6,5,522.5
21810006753000,4,3,1,0
21810006757000,11,6,5,616
21810006774000,17,9,8,484.5
21810006775000,23,12,11,795.8
21810006776000,26,12,14,1079
21810006777000,112,54,58,4726.4
21810006778000,31,16,15,1351.6
21810006779000,34,18,16,1530
21810006780000,19,8,11,832.2
21810006781000,2,1,1,0
21810006783000,3,1,2,0
21810006784000,5,3,2,243
21810006785000,22,9,13,1071.4
21810006786000,40,23,17,2000
21810006787000,7,4,3,270.2
21810006789000,5,3,2,208
21810006790000,28,16,12,904.4
21810006791000,31,13,18,1608.9
21810006792000,113,54,59,4531.3
21810006793000,105,49,56,5533.5
21810006794000,1,1,0,0
21810006795000,23,12,11,1007.4
21810006796000,12,8,4,517.2
21810006867000,1,1,0,0
21810006869000,4,2,2,0
21810006871000,30,15,15,1311
21810006872000,3,2,1,0
21810006873000,5,4,1,131
21810006902000,28,16,12,1176
21810006960000,13,6,7,587.6
21810006961000,12,5,7,644.4
21810006979000,8,4,4,288.8
21810006993000,25,15,10,1077.5
21810006994000,6,2,4,331.8
21810006996000,56,28,28,1764
21810006997000,529,249,280,21741.9
21810006998000,45,22,23,2448
21810006999000,86,39,47,3775.4
21810007000000,52,28,24,2839.2
21810007001000,1,1,0,0
21810007006000,9,6,3,417.6
21810007007000,5,3,2,113
21810007019000,1,0,1,0
21810007020000,9,5,4,555.3
21810007036000,1,1,0,0
21810007037000,3,2,1,0
21810007043000,23,12,11,878.6
21810007044000,5,3,2,297
21810007052000,1,1,0,0
21810007067000,5,4,1,199
21810007076000,25,14,11,1105
21810007080000,58,32,26,2308.4
21820006537000,28,16,12,1302
21820006538000,2,1,1,0
21820006541000,5,1,4,150
21820006542000,11,5,6,511.5
21820006544000,3,2,1,0
21820006545000,18,8,10,856.8
21820006546000,10,5,5,396
21820006548000,2,2,0,0
21820006549000,20,13,7,1096
21820006563000,4,2,2,0
21820006566000,9,6,3,288
21820006572000,2,1,1,0
21820006574000,6,3,3,403.2
21820006575000,12,8,4,597.6
21820006577000,8,3,5,296
21820006580000,2,1,1,0
21820006633000,6,3,3,205.2
21820006634000,6,5,1,324
21820006635000,4,1,3,0
21820006656000,2,1,1,0
21820006658000,9,5,4,387
21820006659000,14,8,6,683.2
21820006660000,4,2,2,0
21820006661000,16,7,9,824
21820006662000,11,6,5,576.4
21820006663000,106,51,55,4642.8
21820006665000,5,2,3,308
21820006666000,1,1,0,0
21820006691000,4,1,3,0
21820006692000,11,8,3,445.5
21820006695000,15,5,10,777
21820006696000,10,5,5,424
21820006697000,6,2,4,300
21820006717000,6,4,2,226.8
21820006718000,5,3,2,271
21820006726000,1,1,0,0
21820006728000,5,4,1,183
21820006757000,1,0,1,0
21820006758000,6,3,3,238.2
21820006773000,3,2,1,0
21820006774000,41,21,20,1611.3
21820006775000,29,17,12,1110.7
21820006776000,86,42,44,3001.4
21820006777000,4,3,1,0
21820006783000,3,2,1,0
21820006784000,7,2,5,270.9
21820006785000,15,6,9,610.5
21820006787000,6,5,1,175.8
21820006788000,34,17,17,1764.6
21820006789000,42,24,18,1705.2
21820006790000,122,57,65,5368
21820006791000,147,72,75,7261.8
21820006794000,10,6,4,416
21820006795000,33,17,16,1366.2
21820006796000,4,2,2,0
21820006869000,17,8,9,749.7
21820006870000,1,1,0,0
21820006871000,52,30,22,2007.2
21820006872000,24,13,11,1255.2
21820006880000,3,2,1,0
21820006881000,3,1,2,0
21820006900000,13,9,4,378.3
21820006901000,6,4,2,183
21820006902000,43,21,22,1535.1
21820006960000,13,8,5,565.5
21820006961000,3,2,1,0
21820006969000,2,1,1,0
21820006978000,22,11,11,816.2
21820006993000,4,2,2,0
21820006997000,35,15,20,1900.5
21820006998000,405,171,234,22275
21820006999000,167,88,79,6446.2
21820007007000,6,3,3,124.2
21820007023000,7,3,4,375.2
21820007036000,14,7,7,540.4
21820007037000,8,2,6,318.4
21820007043000,13,6,7,572
21820007063000,2,1,1,0
21820007066000,6,3,3,262.2
21820007067000,3,1,2,0
21820007076000,55,30,25,2216.5
21820007079000,28,18,10,1346.8
21820007080000,62,34,28,2771.4
21830006535000,2,1,1,0
21830006536000,30,16,14,1485
21830006537000,14,8,6,441
21830006538000,8,5,3,430.4
21830006539000,3,2,1,0
21830006540000,7,3,4,459.2
21830006541000,4,3,1,0
21830006542000,3,1,2,0
21830006543000,1,1,0,0
21830006546000,13,8,5,497.9
21830006547000,27,15,12,1061.1
21830006549000,4,2,2,0
21830006566000,1,1,0,0
21830006574000,60,32,28,1926
21830006575000,92,49,43,2695.6
21830006580000,1,0,1,0
21830006633000,13,7,6,708.5
21830006635000,8,5,3,424.8
21830006651000,6,3,3,307.8
21830006653000,8,2,6,418.4
21830006655000,6,3,3,313.2
21830006656000,18,8,10,766.8
21830006657000,12,6,6,438
21830006658000,18,10,8,820.8
21830006659000,15,9,6,721.5
21830006660000,1,1,0,0
21830006661000,4,2,2,0
21830006664000,18,10,8,723.6
21830006692000,11,5,6,500.5
21830006694000,23,13,10,1156.9
21830006695000,12,6,6,636
21830006696000,7,3,4,434
21830006717000,13,8,5,715
21830006718000,9,5,4,563.4
21830006760000,7,4,3,413
21830006773000,7,3,4,126.7
21830006774000,11,8,3,676.5
21830006775000,17,8,9,885.7
21830006776000,1,0,1,0
21830006784000,5,2,3,266
21830006785000,95,52,43,3059
21830006786000,58,34,24,2865.2
21830006787000,84,41,43,3175.2
21830006788000,41,22,19,1590.8
21830006789000,37,24,13,1494.8
21830006869000,27,13,14,1287.9
21830006871000,16,7,9,681.6
21830006872000,4,2,2,0
21830006873000,45,22,23,1395
21830006874000,2,1,1,0
21830006880000,12,8,4,648
21830006899000,7,6,1,380.1
21830006900000,16,9,7,744
21830006901000,7,4,3,273.7
21830006902000,56,26,30,2693.6
21830006959000,6,4,2,361.2
21830006960000,21,12,9,976.5
21830006977000,3,1,2,0
21830006993000,2,1,1,0
21830006994000,5,3,2,310
21830006998000,14,8,6,660.8
21830006999000,57,27,30,2764.5
21830007023000,8,4,4,519.2
21830007036000,10,7,3,447
21830007037000,52,28,24,2272.4
21830007038000,4,2,2,0
21830007041000,6,5,1,127.8
21830007044000,22,9,13,932.8
21830007052000,2,1,1,0
21830007053000,5,3,2,362
21830007065000,2,1,1,0
21830007066000,13,9,4,542.1
21830007069000,2,1,1,0
21830007076000,27,14,13,1355.4
21830007078000,2,1,1,0
21830007080000,8,6,2,310.4
21830007081000,25,13,12,812.5
21830007098000,17,10,7,736.1
21840006536000,17,6,11,858.5
21840006538000,9,4,5,343.8
21840006540000,9,4,5,257.4
21840006541000,2,1,1,0
21840006542000,7,4,3,228.2
21840006543000,1,1,0,0
21840006546000,6,3,3,238.2
21840006547000,17,9,8,656.2
21840006548000,5,2,3,179
21840006566000,2,1,1,0
21840006567000,6,3,3,376.2
21840006573000,18,6,12,961.2
21840006574000,50,28,22,2030
21840006575000,10,4,6,435
21840006579000,45,23,22,1620
21840006633000,4,2,2,0
21840006635000,10,6,4,377
21840006650000,9,4,5,523.8
21840006651000,4,3,1,0
21840006652000,5,3,2,97
21840006653000,5,3,2,320
21840006654000,8,3,5,395.2
21840006655000,4,2,2,0
21840006656000,9,4,5,415.8
21840006657000,9,4,5,469.8
21840006658000,5,3,2,252
21840006659000,8,4,4,316
21840006663000,18,10,8,718.2
21840006664000,2,2,0,0
21840006691000,1,1,0,0
21840006692000,5,3,2,337
21840006693000,3,2,1,0
21840006694000,7,4,3,340.9
21840006716000,6,3,3,298.2
21840006718000,8,5,3,451.2
21840006758000,2,1,1,0
21840006760000,9,5,4,370.8
21840006772000,17,6,11,802.4
21840006773000,13,7,6,371.8
21840006774000,16,9,7,825.6
21840006775000,18,9,9,676.8
21840006780000,24,15,9,828
21840006781000,2,1,1,0
21840006783000,6,3,3,303
21840006784000,68,39,29,2686
21840006785000,96,52,44,3916.8
21840006787000,44,23,21,1821.6
21840006788000,4,3,1,0
21840006867000,4,2,2,0
21840006868000,5,3,2,221
21840006869000,1,1,0,0
21840006871000,1,1,0,0
21840006872000,15,7,8,534
21840006873000,32,20,12,1318.4
21840006874000,20,12,8,930
21840006878000,9,5,4,446.4
21840006879000,20,9,11,1130
21840006880000,20,10,10,968
21840006881000,19,10,9,617.5
21840006899000,18,8,10,729
21840006900000,2,1,1,0
21840006901000,27,15,12,1223.1
21840006902000,5,3,2,274
21840006959000,16,8,8,672
21840006960000,6,3,3,265.2
21840006998000,66,32,34,2607
21840006999000,13,7,6,575.9
21840007007000,1,1,0,0
21840007008000,2,2,0,0
21840007021000,6,3,3,273
21840007037000,20,11,9,776
21840007038000,3,1,2,0
21840007039000,15,7,8,487.5
21840007040000,44,18,26,1720.4
21840007041000,13,6,7,539.5
21840007042000,13,6,7,672.1
21840007043000,4,2,2,0
21840007044000,50,25,25,1640
21840007053000,2,1,1,0
21840007065000,4,2,2,0
21840007068000,8,4,4,398.4
21840007069000,6,3,3,409.2
21840007076000,14,7,7,581
21840007077000,22,12,10,748
21840007081000,76,43,33,2888
21850006540000,1,1,0,0
21850006547000,16,7,9,595.2
21850006548000,16,8,8,486.4
21850006550000,4,3,1,0
21850006556000,2,0,2,0
21850006557000,3,1,2,0
21850006559000,1,0,1,0
21850006566000,16,9,7,481.6
21850006567000,36,16,20,1465.2
21850006568000,4,2,2,0
21850006569000,8,5,3,319.2
21850006570000,5,3,2,290
21850006573000,4,3,1,0
21850006574000,20,9,11,730
21850006575000,11,5,6,350.9
21850006576000,2,1,1,0
21850006577000,9,4,5,320.4
21850006578000,51,28,23,2040
21850006579000,7,4,3,156.1
21850006618000,4,3,1,0
21850006631000,1,1,0,0
21850006632000,20,11,9,832
21850006633000,3,2,1,0
21850006634000,2,2,0,0
21850006648000,3,1,2,0
21850006649000,14,8,6,592.2
21850006651000,4,1,3,0
21850006653000,3,2,1,0
21850006654000,11,5,6,464.2
21850006656000,7,4,3,333.2
21850006692000,10,5,5,723
21850006693000,29,14,15,1571.8
21850006694000,5,2,3,217
21850006697000,1,1,0,0
21850006700000,3,1,2,0
21850006760000,2,1,1,0
21850006761000,31,19,12,1137.7
21850006772000,12,7,5,391.2
21850006773000,27,13,14,1171.8
21850006774000,41,21,20,1734.3
21850006775000,8,4,4,304.8
21850006779000,4,3,1,0
21850006780000,36,17,19,1648.8
21850006781000,23,13,10,1005.1
21850006782000,2,1,1,0
21850006783000,81,37,44,3231.9
21850006784000,130,68,62,5512
21850006785000,27,14,13,1142.1
21850006795000,2,1,1,0
21850006798000,2,1,1,0
21850006857000,1,0,1,0
21850006866000,3,2,1,0
21850006873000,26,15,11,1154.4
21850006874000,4,2,2,0
21850006877000,10,7,3,473
21850006878000,9,5,4,370.8
21850006879000,6,4,2,285
21850006880000,19,8,11,767.6
21850006899000,15,6,9,685.5
21850006900000,4,3,1,0
21850006901000,14,5,9,571.2
21850006958000,10,4,6,408
21850006959000,12,5,7,536.4
21850006997000,1,1,0,0
21850006998000,14,6,8,652.4
21850007008000,2,2,0,0
21850007020000,17,6,11,725.9
21850007021000,10,6,4,371
21850007036000,3,2,1,0
21850007037000,9,5,4,377.1
21850007038000,1,1,0,0
21850007041000,4,2,2,0
21850007042000,31,19,12,1147
21850007044000,5,4,1,144
21850007053000,9,3,6,456.3
21850007064000,5,1,4,247
21850007065000,15,7,8,601.5
21850007066000,19,9,10,847.4
21850007069000,3,2,1,0
21850007070000,3,2,1,0
21850007076000,4,3,1,0
21850007081000,21,11,10,669.9
21850007082000,8,3,5,308.8
21860006544000,2,1,1,0
21860006545000,48,26,22,2683.2
21860006546000,8,4,4,403.2
21860006547000,3,2,1,0
21860006548000,6,3,3,193.2
21860006549000,55,28,27,2293.5
21860006550000,20,11,9,658
21860006555000,3,1,2,0
21860006556000,6,3,3,226.8
21860006560000,1,0,1,0
21860006563000,15,8,7,753
21860006566000,10,6,4,247
21860006567000,131,65,66,6445.2
21860006568000,2,0,2,0
21860006570000,14,6,8,659.4
21860006571000,15,9,6,526.5
21860006572000,24,13,11,984
21860006573000,45,24,21,1710
21860006574000,11,8,3,478.5
21860006575000,2,1,1,0
21860006576000,95,49,46,4389
21860006577000,293,151,142,10635.9
21860006578000,15,10,5,442.5
21860006586000,5,4,1,295
21860006631000,9,4,5,243.9
21860006632000,4,1,3,0
21860006633000,1,1,0,0
21860006647000,3,1,2,0
21860006648000,15,7,8,547.5
21860006649000,12,5,7,576
21860006650000,9,5,4,451.8
21860006651000,6,2,4,189
21860006654000,1,1,0,0
21860006655000,10,5,5,296
21860006656000,5,2,3,329
21860006691000,2,1,1,0
21860006692000,29,18,11,945.4
21860006693000,12,8,4,608.4
21860006714000,3,2,1,0
21860006761000,8,3,5,420
21860006762000,16,9,7,636.8
21860006772000,6,3,3,355.8
21860006774000,29,12,17,872.9
21860006778000,3,2,1,0
21860006779000,20,10,10,926
21860006780000,47,25,22,2030.4
21860006781000,43,25,18,1922.1
21860006782000,24,13,11,984
21860006783000,10,6,4,374
21860006784000,23,12,11,966
21860006857000,5,3,2,329
21860006858000,7,4,3,371
21860006872000,8,6,2,406.4
21860006874000,55,23,32,2128.5
21860006876000,12,5,7,588
21860006877000,9,5,4,492.3
21860006897000,2,1,1,0
21860006899000,10,8,2,347
21860006900000,10,7,3,371
21860006958000,12,5,7,430.8
21860006998000,11,4,7,504.9
21860006999000,1,1,0,0
21860007037000,12,5,7,526.8
21860007045000,15,7,8,652.5
21860007046000,66,32,34,1993.2
21860007047000,3,3,0,0
21860007064000,3,2,1,0
21860007070000,2,1,1,0
21860007076000,6,2,4,396
21860007077000,2,0,2,0
21860007082000,26,12,14,806
21860007083000,20,10,10,1198
21860007089000,1,1,0,0
21870006535000,2,1,1,0
21870006536000,37,21,16,1498.5
21870006537000,14,5,9,415.8
21870006539000,1,1,0,0
21870006544000,11,5,6,691.9
21870006545000,111,52,59,4784.1
21870006546000,9,4,5,456.3
21870006548000,58,33,25,2488.2
21870006549000,239,128,111,8962.5
21870006552000,3,2,1,0
21870006553000,1,1,0,0
21870006554000,24,13,11,964.8
21870006563000,66,29,37,2442
21870006564000,127,72,55,4572
21870006565000,26,15,11,1255.8
21870006566000,2,1,1,0
21870006567000,13,5,8,708.5
21870006568000,12,6,6,435.6
21870006569000,22,10,12,875.6
21870006570000,5,2,3,275
21870006571000,24,12,12,1027.2
21870006572000,6,3,3,406.8
21870006573000,71,34,37,3159.5
21870006574000,181,91,90,8072.6
21870006575000,96,47,49,4022.4
21870006576000,738,391,347,29446.2
21870006577000,205,103,102,7708
21870006620000,1,1,0,0
21870006621000,5,2,3,328
21870006622000,5,2,3,87
21870006631000,8,5,3,324.8
21870006632000,33,16,17,1283.7
21870006633000,21,9,12,850.5
21870006634000,2,1,1,0
21870006648000,26,16,10,1086.8
21870006649000,58,33,25,2157.6
21870006654000,9,4,5,420.3
21870006655000,15,9,6,751.5
21870006656000,3,2,1,0
21870006687000,5,3,2,225
21870006689000,15,6,9,589.5
21870006690000,2,2,0,0
21870006691000,64,22,42,3059.2
21870006692000,97,50,47,4335.9
21870006693000,6,2,4,217.8
21870006712000,14,7,7,474.6
21870006713000,1,1,0,0
21870006714000,9,5,4,574.2
21870006761000,7,2,5,354.2
21870006762000,3,2,1,0
21870006772000,23,13,10,851
21870006773000,2,2,0,0
21870006774000,307,141,166,14582.5
21870006775000,109,54,55,4403.6
21870006776000,71,38,33,3365.4
21870006777000,9,3,6,401.4
21870006778000,10,5,5,466
21870006779000,46,21,25,1881.4
21870006780000,104,48,56,4638.4
21870006781000,7,3,4,413.7
21870006793000,4,1,3,0
21870006794000,1,0,1,0
21870006857000,19,12,7,761.9
21870006858000,26,10,16,982.8
21870006861000,6,3,3,163.8
21870006872000,21,10,11,858.9
21870006873000,5,3,2,211
21870006874000,43,20,23,1702.8
21870006876000,29,15,14,925.1
21870006877000,5,3,2,299
21870006897000,3,1,2,0
21870006898000,5,2,3,252
21870006899000,13,5,8,530.4
21870006900000,2,0,2,0
21870006904000,4,2,2,0
21870006957000,3,2,1,0
21870006958000,2,1,1,0
21870006976000,4,2,2,0
21870006998000,4,2,2,0
21870006999000,45,25,20,1728
21870007008000,4,3,1,0
21870007021000,5,3,2,201
21870007037000,3,2,1,0
21870007038000,9,5,4,381.6
21870007046000,45,26,19,1723.5
21870007053000,4,3,1,0
21870007054000,3,1,2,0
21870007068000,3,3,0,0
21870007070000,8,4,4,440
21870007077000,8,6,2,311.2
21870007083000,15,10,5,586.5
21870007084000,8,4,4,284
21870007088000,47,23,24,2251.3
21870007089000,11,6,5,418
21870007097000,4,4,0,0
21870007098000,17,7,10,982.6
21880006537000,14,8,6,889
21880006538000,2,1,1,0
21880006544000,13,8,5,621.4
21880006545000,6,3,3,405
21880006546000,48,26,22,2284.8
21880006547000,18,9,9,696.6
21880006548000,22,13,9,935
21880006549000,9,4,5,365.4
21880006550000,3,0,3,0
21880006554000,16,9,7,792
21880006560000,4,2,2,0
21880006564000,593,300,293,23542.1
21880006565000,186,96,90,9076.8
21880006567000,13,9,4,523.9
21880006568000,15,8,7,694.5
21880006569000,19,9,10,640.3
21880006570000,19,12,7,856.9
21880006571000,7,4,3,301.7
21880006572000,29,17,12,1319.5
21880006573000,41,22,19,1623.6
21880006574000,1077,561,516,41679.9
21880006575000,788,420,368,26713.2
21880006576000,238,127,111,10257.8
21880006577000,209,106,103,9321.4
21880006584000,13,9,4,549.9
21880006586000,18,9,9,806.4
21880006600000,2,1,1,0
21880006601000,1,1,0,0
21880006622000,24,11,13,1027.2
21880006623000,4,2,2,0
21880006631000,29,10,19,1064.3
21880006648000,8,4,4,211.2
21880006649000,186,96,90,8053.8
21880006650000,7,4,3,275.1
21880006655000,15,10,5,658.5
21880006682000,3,2,1,0
21880006683000,14,7,7,599.2
21880006685000,7,4,3,361.9
21880006687000,6,3,3,316.2
21880006688000,16,11,5,702.4
21880006689000,4,2,2,0
21880006690000,3,1,2,0
21880006691000,52,28,24,2189.2
21880006692000,79,35,44,3657.7
21880006693000,5,3,2,195
21880006711000,3,2,1,0
21880006712000,40,21,19,1796
21880006763000,5,4,1,265
21880006772000,8,4,4,416.8
21880006773000,3,1,2,0
21880006774000,273,136,137,13404.3
21880006775000,398,189,209,19223.4
21880006776000,74,33,41,3122.8
21880006777000,51,26,25,2228.7
21880006778000,97,46,51,3753.9
21880006779000,39,20,19,2047.5
21880006780000,40,22,18,1820
21880006860000,1,1,0,0
21880006872000,15,6,9,703.5
21880006873000,3,2,1,0
21880006874000,3,1,2,0
21880006875000,39,21,18,1680.9
21880006876000,35,14,21,1725.5
21880006897000,8,3,5,466.4
21880006898000,40,21,19,1652
21880006899000,26,11,15,1014
21880006956000,5,3,2,170
21880006957000,5,3,2,225
21880006999000,22,9,13,1027.4
21880007009000,6,4,2,334.8
21880007038000,23,15,8,943
21880007046000,2,2,0,0
21880007053000,4,2,2,0
21880007063000,5,3,2,262
21880007070000,17,7,10,799
21880007072000,19,11,8,760
21880007077000,3,2,1,0
21880007078000,2,1,1,0
21880007083000,25,14,11,857.5
21880007084000,148,77,71,4972.8
21880007086000,53,27,26,1828.5
21880007087000,5,2,3,286
21880007088000,6,3,3,453
21880007089000,38,19,19,1603.6
21880007090000,42,17,25,1163.4
21880007096000,4,3,1,0
21880007097000,111,57,54,5505.6
21880007098000,4,2,2,0
21890006545000,5,2,3,173
21890006546000,1,1,0,0
21890006547000,55,32,23,2304.5
21890006548000,4,3,1,0
21890006549000,19,10,9,961.4
21890006550000,117,49,68,6633.9
21890006551000,15,8,7,784.5
21890006554000,15,6,9,501
21890006560000,5,2,3,214
21890006561000,1,1,0,0
21890006563000,186,99,87,7402.8
21890006564000,158,76,82,6588.6
21890006568000,10,5,5,451
21890006569000,1,1,0,0
21890006570000,9,6,3,506.7
21890006571000,5,2,3,271
21890006573000,20,11,9,912
21890006574000,157,77,80,5856.1
21890006575000,980,496,484,39592
21890006576000,1594,744,850,73164.6
21890006577000,2642,1189,1453,101452.8
21890006578000,172,88,84,7912
21890006579000,32,17,15,1331.2
21890006580000,12,7,5,313.2
21890006581000,46,26,20,1738.8
21890006582000,64,33,31,2822.4
21890006583000,29,16,13,1270.2
21890006584000,28,13,15,1108.8
21890006585000,9,8,1,259.2
21890006586000,3,1,2,0
21890006597000,15,10,5,547.5
21890006598000,2,1,1,0
21890006599000,2,1,1,0
21890006602000,2,1,1,0
21890006622000,2,2,0,0
21890006623000,9,4,5,242.1
21890006630000,4,2,2,0
21890006631000,11,5,6,444.4
21890006646000,3,2,1,0
21890006647000,11,6,5,370.7
21890006648000,16,7,9,676.8
21890006653000,3,1,2,0
21890006655000,9,6,3,428.4
21890006656000,9,5,4,329.4
21890006679000,2,2,0,0
21890006683000,41,22,19,1541.6
21890006684000,33,16,17,1214.4
21890006685000,16,8,8,838.4
21890006686000,9,3,6,505.8
21890006687000,6,3,3,346.2
21890006692000,11,6,5,367.4
21890006693000,1,1,0,0
21890006712000,13,8,5,808.6
21890006762000,1,1,0,0
21890006771000,3,2,1,0
21890006772000,14,8,6,610.4
21890006773000,3,1,2,0
21890006774000,448,224,224,19801.6
21890006775000,86,39,47,3990.4
21890006776000,7,4,3,331.1
21890006778000,17,6,11,557.6
21890006795000,1,1,0,0
21890006858000,2,1,1,0
21890006872000,6,3,3,286.8
21890006873000,108,48,60,5162.4
21890006874000,690,330,360,32913
21890006875000,106,59,47,3985.6
21890006897000,17,11,6,751.4
21890006898000,39,19,20,1380.6
21890006899000,2,1,1,0
21890006944000,5,1,4,172
21890006950000,2,1,1,0
21890006955000,6,2,4,177
21890006956000,6,2,4,240
21890006999000,26,13,13,1123.2
21890007009000,7,3,4,296.8
21890007021000,11,7,4,477.4
21890007038000,3,1,2,0
21890007054000,4,2,2,0
21890007063000,20,10,10,718
21890007070000,139,75,64,5796.3
21890007072000,28,15,13,1290.8
21890007084000,15,9,6,703.5
21890007085000,42,28,14,1554
21890007086000,10,5,5,408
21890007087000,20,14,6,710
21890007088000,59,27,32,2466.2
21890007089000,67,31,36,3108.8
21890007090000,16,8,8,601.6
21890007097000,63,36,27,3446.1
21890007098000,1,0,1,0
21900006545000,32,14,18,1478.4
21900006546000,30,15,15,1590
21900006547000,53,29,24,2506.9
21900006548000,2,1,1,0
21900006549000,23,11,12,943
21900006550000,27,15,12,1042.2
21900006551000,5,3,2,270
21900006554000,23,11,12,991.3
21900006556000,5,2,3,161
21900006557000,14,8,6,494.2
21900006558000,5,2,3,155
21900006559000,36,21,15,1234.8
21900006560000,36,20,16,1612.8
21900006561000,10,6,4,523
21900006566000,131,74,57,6314.2
21900006567000,16,9,7,872
21900006568000,12,5,7,576
21900006572000,26,14,12,1032.2
21900006573000,587,295,292,22599.5
21900006574000,1230,597,633,45756
21900006575000,1118,577,541,44161
21900006576000,1226,611,615,51246.8
21900006577000,326,161,165,12583.6
21900006578000,141,66,75,5837.4
21900006579000,332,167,165,10790
21900006580000,391,213,178,12981.2
21900006581000,89,44,45,3729.1
21900006582000,150,77,73,5145
21900006583000,132,63,69,5478
21900006584000,32,19,13,1568
21900006585000,35,20,15,1624
21900006586000,14,7,7,628.6
21900006587000,4,1,3,0
21900006596000,3,3,0,0
21900006597000,8,6,2,342.4
21900006602000,5,3,2,206
21900006603000,4,2,2,0
21900006623000,1,1,0,0
21900006631000,3,1,2,0
21900006646000,27,13,14,899.1
21900006647000,3,2,1,0
21900006650000,28,15,13,1380.4
21900006658000,3,2,1,0
21900006659000,5,3,2,165
21900006660000,5,1,4,205
21900006661000,3,2,1,0
21900006678000,9,5,4,278.1
21900006679000,18,12,6,777.6
21900006680000,16,8,8,486.4
21900006681000,6,3,3,264
21900006683000,9,4,5,336.6
21900006686000,2,2,0,0
21900006690000,4,2,2,0
21900006694000,2,1,1,0
21900006711000,13,7,6,717.6
21900006712000,14,7,7,725.2
21900006767000,14,9,5,445.2
21900006768000,8,3,5,248
21900006771000,7,5,2,284.2
21900006772000,125,69,56,4250
21900006773000,170,91,79,6987
21900006774000,333,162,171,15084.9
21900006775000,31,14,17,1664.7
21900006872000,16,8,8,729.6
21900006873000,50,25,25,2715
21900006874000,375,177,198,15750
21900006875000,70,33,37,3647
21900006895000,11,5,6,448.8
21900006896000,2,2,0,0
21900006897000,1,1,0,0
21900006898000,17,10,7,846.6
21900006945000,2,1,1,0
21900006946000,3,1,2,0
21900006954000,7,5,2,268.8
21900006955000,4,1,3,0
21900006999000,19,12,7,684
21900007009000,2,1,1,0
21900007021000,13,9,4,430.3
21900007022000,4,1,3,0
21900007038000,14,5,9,778.4
21900007047000,1,1,0,0
21900007063000,2,1,1,0
21900007070000,43,23,20,1436.2
21900007071000,1,0,1,0
21900007072000,24,15,9,1017.6
21900007073000,11,6,5,619.3
21900007085000,21,11,10,875.7
21900007088000,39,21,18,1450.8
21900007089000,3,1,2,0
21910006546000,4,3,1,0
21910006547000,2,1,1,0
21910006548000,68,29,39,2733.6
21910006549000,13,7,6,404.3
21910006550000,14,7,7,522.2
21910006551000,25,13,12,777.5
21910006553000,9,4,5,317.7
21910006554000,9,6,3,442.8
21910006555000,5,3,2,316
21910006557000,14,7,7,544.6
21910006558000,8,6,2,375.2
21910006559000,75,40,35,3375
21910006560000,8,6,2,296.8
21910006566000,37,21,16,1583.6
21910006567000,30,19,11,1278
21910006568000,120,61,59,4884
21910006569000,546,275,271,22386
21910006570000,12,7,5,578.4
21910006571000,18,10,8,585
21910006572000,336,166,170,13708.8
21910006573000,972,477,495,39268.8
21910006574000,595,251,344,25466
21910006575000,2132,1087,1045,88904.4
21910006576000,2559,1216,1343,117714
21910006577000,713,345,368,28520
21910006578000,888,445,443,33300
21910006579000,474,229,245,18723
21910006580000,99,47,52,4316.4
21910006581000,38,22,16,1459.2
21910006582000,9,3,6,275.4
21910006584000,5,4,1,147
21910006595000,1,1,0,0
21910006596000,2,1,1,0
21910006630000,18,11,7,766.8
21910006631000,66,38,28,2626.8
21910006646000,21,9,12,869.4
21910006647000,10,2,8,436
21910006649000,9,4,5,415.8
21910006650000,4,3,1,0
21910006651000,9,4,5,405
21910006657000,4,3,1,0
21910006658000,13,7,6,466.7
21910006659000,15,9,6,681
21910006673000,3,1,2,0
21910006674000,7,2,5,256.2
21910006675000,20,11,9,872
21910006676000,11,5,6,404.8
21910006677000,6,6,0,414
21910006678000,20,9,11,934
21910006679000,79,40,39,3120.5
21910006680000,135,64,71,5575.5
21910006691000,3,2,1,0
21910006711000,4,1,3,0
21910006766000,6,4,2,376.8
21910006767000,22,14,8,1023
21910006768000,78,40,38,3198
21910006769000,22,12,10,803
21910006770000,8,6,2,347.2
21910006772000,157,76,81,6813.8
21910006773000,441,228,213,17463.6
21910006774000,1,1,0,0
21910006775000,6,2,4,253.8
21910006780000,3,1,2,0
21910006853000,3,2,1,0
21910006856000,7,2,5,373.1
21910006857000,17,7,10,785.4
21910006858000,9,7,2,573.3
21910006859000,3,2,1,0
21910006861000,1,1,0,0
21910006872000,6,4,2,160.2
21910006873000,43,22,21,1784.5
21910006874000,191,99,92,7697.3
21910006875000,16,10,6,716.8
21910006894000,7,3,4,210.7
21910006895000,19,9,10,632.7
21910006896000,1,1,0,0
21910006897000,35,16,19,1729
21910006898000,73,37,36,3080.6
21910006947000,1,1,0,0
21910006954000,9,4,5,431.1
21910006999000,36,18,18,1569.6
21910007021000,45,21,24,1791
21910007035000,5,3,2,152
21910007038000,2,1,1,0
21910007039000,11,6,5,456.5
21910007047000,15,7,8,850.5
21910007054000,3,2,1,0
21910007071000,11,6,5,474.1
21910007072000,45,23,22,1975.5
21910007073000,24,15,9,1303.2
21910007077000,91,52,39,3148.6
21910007085000,12,7,5,346.8
21910007086000,46,26,20,1982.6
21910007087000,2,1,1,0
21910007088000,1,0,1,0
21910007089000,1,0,1,0
21920006548000,2,1,1,0
21920006549000,60,30,30,3036
21920006550000,10,5,5,462
21920006551000,35,20,15,1424.5
21920006552000,7,5,2,342.3
21920006553000,2,1,1,0
21920006555000,27,14,13,1158.3
21920006556000,27,15,12,499.5
21920006557000,148,71,77,4292
21920006558000,21,13,8,804.3
21920006559000,47,23,24,1757.8
21920006560000,30,14,16,1218
21920006566000,7,4,3,322.7
21920006567000,437,230,207,17392.6
21920006568000,979,494,485,41705.4
21920006569000,1760,851,909,63712
21920006570000,249,112,137,12425.1
21920006571000,149,71,78,7330.8
21920006572000,1534,756,778,58905.6
21920006573000,2261,1129,1132,89987.8
21920006574000,1729,833,896,80225.6
21920006575000,2465,1255,1210,107227.5
21920006576000,2201,1094,1107,93542.5
21920006577000,546,258,288,24351.6
21920006578000,178,98,80,6194.4
21920006579000,39,20,19,1649.7
21920006580000,71,41,30,2577.3
21920006581000,41,25,16,1853.2
21920006582000,44,22,22,1271.6
21920006610000,2,1,1,0
21920006623000,9,5,4,426.6
21920006630000,14,8,6,532
21920006631000,36,19,17,1508.4
21920006645000,4,4,0,0
21920006646000,17,9,8,853.4
21920006647000,2,1,1,0
21920006648000,4,3,1,0
21920006651000,9,4,5,221.4
21920006653000,2,1,1,0
21920006654000,5,2,3,147
21920006655000,5,2,3,216
21920006657000,1,1,0,0
21920006658000,16,9,7,633.6
21920006659000,1,0,1,0
21920006660000,7,4,3,434
21920006661000,16,8,8,484.8
21920006662000,1,1,0,0
21920006671000,10,5,5,300
21920006672000,15,5,10,717
21920006673000,16,8,8,929.6
21920006674000,50,32,18,2170
21920006675000,11,6,5,540.1
21920006676000,18,9,9,765
21920006677000,28,14,14,1299.2
21920006678000,12,7,5,609.6
21920006679000,5,3,2,223
21920006711000,3,1,2,0
21920006712000,3,1,2,0
21920006713000,21,14,7,735
21920006761000,7,2,5,156.8
21920006766000,22,10,12,915.2
21920006767000,41,21,20,1963.9
21920006768000,30,17,13,1047
21920006769000,7,5,2,200.9
21920006771000,32,19,13,1376
21920006772000,116,55,61,5220
21920006773000,9,7,2,308.7
21920006776000,1,1,0,0
21920006852000,3,2,1,0
21920006857000,2,1,1,0
21920006858000,41,22,19,1881.9
21920006859000,3,2,1,0
21920006872000,29,14,15,1235.4
21920006873000,11,6,5,554.4
21920006874000,31,18,13,1447.7
21920006875000,4,2,2,0
21920006893000,11,5,6,348.7
21920006894000,7,4,3,319.2
21920006895000,23,9,14,805
21920006896000,57,33,24,2342.7
21920006897000,7,4,3,440.3
21920006898000,31,17,14,1776.3
21920006953000,3,0,3,0
21920006954000,13,6,7,546
21920006998000,6,3,3,268.2
21920006999000,80,44,36,3248
21920007000000,6,2,4,288
21920007021000,27,12,15,1096.2
21920007038000,8,3,5,214.4
21920007039000,28,16,12,1330
21920007047000,2,1,1,0
21920007054000,4,1,3,0
21920007064000,11,6,5,451
21920007071000,28,11,17,1086.4
21920007072000,27,14,13,977.4
21920007073000,64,41,23,2720
21920007077000,175,86,89,6282.5
21920007078000,14,8,6,589.4
21920007086000,11,5,6,433.4
21920007088000,8,5,3,390.4
21930006549000,59,30,29,2271.5
21930006550000,1,1,0,0
21930006551000,8,4,4,338.4
21930006552000,40,18,22,1632
21930006553000,37,21,16,1620.6
21930006554000,5,4,1,146
21930006555000,35,15,20,1309
21930006556000,44,23,21,2063.6
21930006557000,505,274,231,16867
21930006560000,14,8,6,614.6
21930006561000,34,18,16,1434.8
21930006562000,47,23,24,1959.9
21930006563000,58,31,27,2395.4
21930006564000,1022,519,503,39347
21930006565000,197,104,93,6875.3
21930006566000,1317,674,643,50704.5
21930006567000,1844,909,935,83902
21930006568000,2236,1031,1205,95924.4
21930006569000,1666,841,825,67139.8
21930006570000,1188,607,581,48114
21930006571000,476,239,237,18992.4
21930006572000,1094,547,547,43322.4
21930006573000,732,366,366,29646
21930006574000,1378,673,705,55395.6
21930006575000,1045,530,515,38665
21930006576000,328,160,168,12070.4
21930006577000,60,31,29,2358
21930006578000,129,64,65,5843.7
21930006579000,8,4,4,371.2
21930006580000,9,4,5,471.6
21930006581000,27,10,17,747.9
21930006630000,7,5,2,310.8
21930006631000,26,16,10,1060.8
21930006645000,13,5,8,460.2
21930006646000,16,12,4,817.6
21930006651000,2,1,1,0
21930006652000,2,2,0,0
21930006653000,22,12,10,1108.8
21930006654000,20,9,11,872
21930006655000,19,12,7,980.4
21930006658000,6,5,1,195
21930006665000,7,5,2,231.7
21930006670000,1,1,0,0
21930006671000,21,11,10,909.3
21930006673000,14,7,7,674.8
21930006674000,25,15,10,1147.5
21930006713000,23,13,10,1051.1
21930006714000,9,4,5,362.7
21930006767000,46,24,22,2152.8
21930006768000,14,8,6,484.4
21930006770000,17,9,8,640.9
21930006771000,20,10,10,820
21930006772000,15,9,6,709.5
21930006849000,9,6,3,461.7
21930006850000,23,12,11,1274.2
21930006851000,10,5,5,671
21930006855000,2,2,0,0
21930006857000,5,4,1,147
21930006858000,3,2,1,0
21930006859000,12,7,5,686.4
21930006871000,15,8,7,676.5
21930006872000,45,23,22,1692
21930006873000,5,3,2,269
21930006874000,5,3,2,171
21930006891000,17,7,10,496.4
21930006892000,24,13,11,1027.2
21930006893000,1,1,0,0
21930006894000,12,6,6,466.8
21930006895000,93,38,55,3840.9
21930006896000,425,218,207,19465
21930006897000,459,230,229,19002.6
21930006945000,3,2,1,0
21930006952000,1,1,0,0
21930006999000,37,20,17,1672.4
21930007039000,4,2,2,0
21930007047000,8,5,3,176.8
21930007053000,3,1,2,0
21930007054000,1,0,1,0
21930007064000,1,1,0,0
21930007071000,50,29,21,2255
21930007072000,44,16,28,1676.4
21930007073000,55,29,26,2343
21930007077000,14,8,6,684.6
21930007078000,75,42,33,2437.5
21930007087000,45,22,23,1611
21930007089000,9,9,0,451.8
21940006550000,6,4,2,229.2
21940006551000,17,8,9,724.2
21940006552000,1,0,1,0
21940006553000,28,15,13,1276.8
21940006554000,2,1,1,0
21940006555000,36,20,16,1648.8
21940006556000,257,138,119,10588.4
21940006557000,579,289,290,21191.4
21940006558000,23,13,10,807.3
21940006560000,141,71,70,5569.5
21940006561000,606,303,303,21270.6
21940006562000,82,37,45,3050.4
21940006563000,791,390,401,30216.2
21940006564000,1549,762,787,63973.7
21940006565000,1352,637,715,52457.6
21940006566000,1243,601,642,50465.8
21940006567000,2115,1042,1073,93060
21940006568000,2134,1043,1091,94536.2
21940006569000,1499,750,749,67005.3
21940006570000,972,482,490,38199.6
21940006571000,1433,674,759,61475.7
21940006572000,253,121,132,10347.7
21940006573000,33,11,22,1273.8
21940006574000,3,1,2,0
21940006575000,27,13,14,1144.8
21940006576000,267,144,123,10439.7
21940006577000,21,14,7,827.4
21940006578000,107,59,48,4290.7
21940006579000,50,25,25,1915
21940006580000,28,14,14,1108.8
21940006581000,21,15,6,959.7
21940006586000,5,2,3,223
21940006587000,14,8,6,369.6
21940006613000,11,6,5,393.8
21940006630000,27,16,11,1177.2
21940006631000,38,22,16,1565.6
21940006632000,9,7,2,390.6
21940006639000,4,2,2,0
21940006642000,3,1,2,0
21940006644000,25,12,13,1062.5
21940006645000,9,4,5,369
21940006646000,14,6,8,585.2
21940006649000,4,1,3,0
21940006651000,4,2,2,0
21940006653000,43,17,26,2115.6
21940006654000,55,25,30,2271.5
21940006656000,2,2,0,0
21940006657000,1,1,0,0
21940006658000,1,1,0,0
21940006659000,5,3,2,182
21940006665000,6,4,2,376.2
21940006670000,11,5,6,731.5
21940006671000,3,2,1,0
21940006672000,7,5,2,305.2
21940006673000,5,2,3,279
21940006688000,1,0,1,0
21940006711000,10,5,5,429
21940006712000,16,11,5,761.6
21940006713000,37,20,17,1890.7
21940006714000,8,6,2,380.8
21940006746000,2,1,1,0
21940006766000,7,3,4,308.7
21940006767000,31,19,12,1236.9
21940006769000,18,8,10,635.4
21940006849000,12,7,5,465.6
21940006850000,2,1,1,0
21940006858000,4,2,2,0
21940006859000,33,19,14,1270.5
21940006864000,2,1,1,0
21940006865000,1,1,0,0
21940006871000,35,15,20,1652
21940006872000,47,25,22,1804.8
21940006873000,7,4,3,193.9
21940006891000,24,13,11,1024.8
21940006892000,50,26,24,2290
21940006893000,19,11,8,963.3
21940006896000,130,64,66,6279
21940006897000,82,43,39,3452.2
21940006943000,2,1,1,0
21940006944000,13,6,7,607.1
21940006945000,3,2,1,0
21940006951000,9,5,4,145.8
21940006952000,3,1,2,0
21940006999000,35,21,14,1144.5
21940007000000,3,2,1,0
21940007021000,6,4,2,262.8
21940007047000,3,2,1,0
21940007065000,3,1,2,0
21940007066000,3,2,1,0
21940007071000,32,16,16,1030.4
21940007072000,21,9,12,791.7
21940007073000,13,7,6,452.4
21940007077000,42,22,20,1100.4
21940007078000,381,193,188,13106.4
21940007079000,27,16,11,842.4
21940007081000,1,1,0,0
21940007085000,10,6,4,240
21940007087000,2,1,1,0
21940007088000,75,38,37,2857.5
21940007089000,42,22,20,1738.8
21950006551000,7,3,4,170.1
21950006552000,19,10,9,874
21950006553000,54,29,25,2376
21950006554000,23,14,9,943
21950006555000,25,11,14,892.5
21950006556000,897,430,467,38391.6
21950006557000,1021,504,517,44821.9
21950006558000,766,384,382,28954.8
21950006559000,132,67,65,5108.4
21950006560000,851,432,419,33529.4
21950006561000,1483,753,730,54871
21950006562000,1179,594,585,49400.1
21950006563000,975,498,477,40852.5
21950006564000,1180,574,606,50858
21950006565000,263,135,128,12439.9
21950006566000,342,163,179,13338
21950006567000,434,229,205,16361.8
21950006568000,1297,622,675,53695.8
21950006569000,820,396,424,32636
21950006570000,840,389,451,44856
21950006571000,45,22,23,1714.5
21950006572000,17,9,8,916.3
21950006573000,16,6,10,585.6
21950006574000,62,37,25,2529.6
21950006575000,13,7,6,293.8
21950006577000,7,4,3,277.2
21950006578000,12,8,4,560.4
21950006579000,69,41,28,2553
21950006580000,24,14,10,1056
21950006581000,12,6,6,459.6
21950006586000,16,6,10,592
21950006587000,87,45,42,3079.8
21950006588000,12,6,6,348
21950006613000,14,9,5,460.6
21950006614000,34,21,13,1305.6
21950006615000,8,5,3,364
21950006620000,15,8,7,634.5
21950006621000,32,19,13,1331.2
21950006622000,277,147,130,10969.2
21950006623000,28,12,16,952
21950006631000,20,10,10,1016
21950006632000,7,5,2,235.9
21950006635000,5,3,2,235
21950006637000,7,4,3,373.1
21950006638000,8,4,4,336
21950006639000,32,19,13,1123.2
21950006640000,59,27,32,2826.1
21950006641000,15,9,6,675
21950006642000,2,1,1,0
21950006643000,13,6,7,453.7
21950006644000,1,0,1,0
21950006645000,16,9,7,716.8
21950006646000,10,4,6,390
21950006649000,5,4,1,222
21950006650000,4,3,1,0
21950006653000,8,6,2,408.8
21950006656000,2,2,0,0
21950006657000,5,2,3,171
21950006658000,1,0,1,0
21950006663000,1,0,1,0
21950006664000,4,2,2,0
21950006665000,2,2,0,0
21950006670000,16,10,6,521.6
21950006672000,35,16,19,1442
21950006673000,28,13,15,1162
21950006674000,19,9,10,946.2
21950006675000,2,1,1,0
21950006711000,51,26,25,2055.3
21950006712000,175,87,88,8190
21950006713000,127,62,65,4914.9
21950006753000,1,1,0,0
21950006757000,20,12,8,838
21950006766000,54,26,28,2035.8
21950006768000,35,18,17,1337
21950006769000,2,1,1,0
21950006779000,3,1,2,0
21950006846000,1,1,0,0
21950006847000,1,1,0,0
21950006858000,12,5,7,597.6
21950006859000,17,10,7,865.3
21950006860000,6,3,3,300
21950006865000,2,1,1,0
21950006870000,51,25,26,1973.7
21950006871000,54,30,24,2473.2
21950006872000,35,20,15,1624
21950006873000,14,8,6,684.6
21950006889000,8,4,4,284.8
21950006890000,26,12,14,1076.4
21950006891000,16,6,10,884.8
21950006892000,2,2,0,0
21950006946000,8,3,5,374.4
21950006950000,7,3,4,307.3
21950006951000,18,8,10,675
21950006999000,20,9,11,656
21950007000000,8,4,4,376
21950007021000,8,4,4,374.4
21950007022000,2,1,1,0
21950007065000,6,2,4,295.8
21950007066000,5,1,4,204
21950007067000,8,3,5,374.4
21950007068000,24,11,13,1000.8
21950007069000,87,49,38,3158.1
21950007070000,15,8,7,772.5
21950007071000,8,4,4,164
21950007072000,2,2,0,0
21950007073000,49,26,23,1773.8
21950007078000,215,99,116,8449.5
21950007079000,22,14,8,699.6
21950007080000,267,132,135,8624.1
21950007081000,597,277,320,25432.2
21950007082000,147,78,69,6129.9
21950007083000,51,26,25,2060.4
21950007084000,154,74,80,5528.6
21950007085000,126,67,59,5002.2
21950007086000,100,51,49,3700
21950007087000,17,6,11,547.4
21950007088000,12,5,7,675.6
21950007089000,30,16,14,954
21950007090000,2,1,1,0
21960006553000,14,6,8,529.2
21960006554000,906,441,465,33703.2
21960006555000,947,485,462,38069.4
21960006556000,709,351,358,32401.3
21960006557000,364,194,170,16926
21960006558000,827,421,406,37380.4
21960006560000,163,74,89,7269.8
21960006561000,368,189,179,12769.6
21960006562000,310,146,164,11749
21960006563000,485,222,263,23474
21960006564000,950,471,479,36195
21960006565000,847,404,443,32016.6
21960006566000,432,220,212,14947.2
21960006567000,16,8,8,587.2
21960006568000,66,27,39,2422.2
21960006569000,273,138,135,10619.7
21960006570000,55,23,32,1963.5
21960006571000,42,23,19,1717.8
21960006572000,57,28,29,2479.5
21960006573000,26,15,11,1175.2
21960006574000,22,11,11,930.6
21960006580000,2,1,1,0
21960006586000,25,14,11,1107.5
21960006587000,55,31,24,2332
21960006588000,16,9,7,657.6
21960006591000,3,2,1,0
21960006592000,4,2,2,0
21960006614000,29,14,15,922.2
21960006615000,12,6,6,500.4
21960006616000,41,23,18,1750.7
21960006617000,1,1,0,0
21960006620000,9,5,4,399.6
21960006621000,46,22,24,1973.4
21960006622000,172,78,94,8548.4
21960006629000,3,2,1,0
21960006630000,25,9,16,952.5
21960006631000,10,5,5,495
21960006632000,34,20,14,1652.4
21960006633000,33,20,13,1026.3
21960006634000,10,5,5,370
21960006635000,22,11,11,897.6
21960006636000,19,11,8,695.4
21960006637000,20,12,8,1116
21960006638000,19,10,9,1252.1
21960006639000,21,6,15,840
21960006640000,242,134,108,9946.2
21960006641000,129,68,61,4734.3
21960006642000,58,42,16,2430.2
21960006643000,21,11,10,873.6
21960006644000,14,5,9,546
21960006645000,350,156,194,14770
21960006646000,242,124,118,8808.8
21960006648000,15,7,8,658.5
21960006651000,4,1,3,0
21960006652000,2,1,1,0
21960006654000,1,1,0,0
21960006655000,4,2,2,0
21960006657000,8,5,3,216.8
21960006664000,6,3,3,235.2
21960006665000,13,8,5,461.5
21960006668000,9,4,5,369.9
21960006669000,9,4,5,372.6
21960006670000,8,6,2,230.4
21960006671000,1,1,0,0
21960006672000,5,3,2,360
21960006688000,2,1,1,0
21960006689000,43,24,19,1324.4
21960006708000,5,4,1,248
21960006709000,15,7,8,762
21960006710000,5,2,3,260
21960006711000,10,3,7,547
21960006712000,87,42,45,3427.8
21960006757000,9,4,5,413.1
21960006758000,9,5,4,569.7
21960006766000,79,38,41,3199.5
21960006767000,130,54,76,5798
21960006768000,88,47,41,3115.2
21960006769000,4,2,2,0
21960006781000,1,1,0,0
21960006782000,3,1,2,0
21960006859000,16,8,8,756.8
21960006860000,24,13,11,1166.4
21960006869000,13,8,5,639.6
21960006870000,21,12,9,1085.7
21960006871000,10,5,5,371
21960006872000,13,5,8,503.1
21960006881000,4,2,2,0
21960006887000,2,1,1,0
21960006888000,10,3,7,360
21960006889000,11,5,6,456.5
21960006890000,22,14,8,1034
21960006891000,5,3,2,220
21960006947000,2,1,1,0
21960006949000,13,6,7,566.8
21960006950000,4,2,2,0
21960006999000,18,8,10,673.2
21960007000000,20,10,10,966
21960007022000,7,5,2,275.8
21960007045000,3,1,2,0
21960007066000,1,0,1,0
21960007067000,5,2,3,145
21960007068000,5,2,3,161
21960007070000,7,3,4,354.2
21960007071000,3,2,1,0
21960007080000,24,12,12,1068
21960007082000,15,11,4,574.5
21960007083000,33,20,13,1250.7
21960007084000,3,1,2,0
21960007085000,34,18,16,1030.2
21960007086000,9,7,2,394.2
21970006552000,539,281,258,23230.9
21970006553000,733,357,376,29979.7
21970006554000,349,171,178,15530.5
21970006555000,483,229,254,21735
21970006557000,175,92,83,8487.5
21970006559000,1,1,0,0
21970006560000,21,12,9,724.5
21970006561000,186,100,86,6677.4
21970006562000,102,59,43,4406.4
21970006563000,147,72,75,6394.5
21970006564000,185,85,100,7677.5
21970006565000,38,21,17,1896.2
21970006566000,18,11,7,694.8
21970006568000,6,2,4,238.2
21970006569000,51,23,28,1932.9
21970006570000,49,28,21,2141.3
21970006571000,28,13,15,1503.6
21970006572000,6,4,2,288
21970006574000,7,3,4,324.8
21970006575000,20,10,10,764
21970006580000,11,6,5,579.7
21970006581000,97,51,46,3889.7
21970006584000,37,17,20,2009.1
21970006585000,19,9,10,1005.1
21970006593000,1,1,0,0
21970006614000,11,6,5,628.1
21970006615000,3,2,1,0
21970006616000,40,21,19,1544
21970006617000,12,8,4,498
21970006619000,12,7,5,656.4
21970006620000,55,28,27,2343
21970006621000,76,40,36,3169.2
21970006622000,89,45,44,3390.9
21970006623000,175,85,90,6422.5
21970006624000,658,329,329,24938.2
21970006625000,500,249,251,19800
21970006626000,12,7,5,615.6
21970006627000,476,238,238,21705.6
21970006628000,740,400,340,27824
21970006629000,63,33,30,2362.5
21970006630000,58,33,25,2534.6
21970006631000,39,21,18,1493.7
21970006632000,53,22,31,1939.8
21970006634000,3,2,1,0
21970006636000,6,3,3,234
21970006637000,12,4,8,475.2
21970006638000,5,1,4,172
21970006639000,17,11,6,693.6
21970006640000,1,1,0,0
21970006641000,7,5,2,277.2
21970006642000,12,6,6,465.6
21970006648000,2,1,1,0
21970006649000,3,2,1,0
21970006654000,2,1,1,0
21970006655000,2,1,1,0
21970006656000,7,4,3,363.3
21970006661000,9,6,3,216.9
21970006666000,2,1,1,0
21970006668000,15,7,8,573
21970006669000,3,2,1,0
21970006670000,12,5,7,304.8
21970006685000,2,1,1,0
21970006707000,3,2,1,0
21970006708000,12,7,5,679.2
21970006709000,3,2,1,0
21970006710000,33,16,17,1310.1
21970006756000,12,7,5,648
21970006757000,7,6,1,214.9
21970006762000,1,0,1,0
21970006766000,222,114,108,9279.6
21970006767000,207,99,108,8942.4
21970006768000,44,27,17,1773.2
21970006769000,1,1,0,0
21970006770000,2,1,1,0
21970006782000,38,22,16,1470.6
21970006859000,15,7,8,742.5
21970006860000,21,9,12,804.3
21970006861000,20,8,12,938
21970006867000,26,15,11,702
21970006868000,14,6,8,786.8
21970006869000,13,6,7,646.1
21970006870000,6,2,4,244.8
21970006871000,1,0,1,0
21970006885000,6,4,2,319.2
21970006887000,10,4,6,466
21970006888000,25,11,14,1325
21970006889000,26,16,10,1157
21970006890000,21,10,11,625.8
21970006948000,42,23,19,2083.2
21970006949000,34,18,16,1285.2
21970006965000,3,1,2,0
21970007000000,12,7,5,525.6
21970007021000,2,1,1,0
21970007022000,55,31,24,2502.5
21970007041000,7,4,3,233.1
21970007044000,3,1,2,0
21970007045000,6,4,2,280.2
21970007054000,2,1,1,0
21970007069000,5,2,3,245
21970007070000,43,22,21,1681.3
21970007071000,4,3,1,0
21970007085000,43,20,23,1801.7
21970007086000,12,4,8,489.6
21980006551000,702,344,358,34187.4
21980006552000,824,425,399,34855.2
21980006553000,677,335,342,25929.1
21980006554000,6,4,2,261
21980006556000,4,2,2,0
21980006557000,126,66,60,6048
21980006559000,2,2,0,0
21980006560000,13,7,6,595.4
21980006561000,23,12,11,903.9
21980006562000,4,2,2,0
21980006564000,3,2,1,0
21980006565000,21,9,12,814.8
21980006566000,117,63,54,4153.5
21980006567000,35,20,15,1638
21980006568000,36,18,18,1306.8
21980006569000,10,6,4,444
21980006570000,10,3,7,315
21980006571000,1,1,0,0
21980006572000,6,3,3,298.8
21980006573000,13,5,8,419.9
21980006574000,3,1,2,0
21980006575000,5,2,3,200
21980006581000,74,41,33,2516
21980006582000,663,332,331,27050.4
21980006583000,47,26,21,1753.1
21980006584000,223,117,106,8206.4
21980006614000,4,2,2,0
21980006617000,76,43,33,2918.4
21980006618000,53,29,24,1971.6
21980006619000,96,46,50,3657.6
21980006620000,79,43,36,3681.4
21980006621000,397,197,200,15086
21980006622000,283,143,140,11659.6
21980006623000,767,407,360,29606.2
21980006624000,661,329,332,26572.2
21980006625000,1172,599,573,49458.4
21980006626000,1443,719,724,65656.5
21980006627000,1848,896,952,85377.6
21980006628000,1202,597,605,44714.4
21980006629000,133,71,62,6091.4
21980006630000,32,16,16,1232
21980006631000,7,2,5,347.9
21980006638000,7,4,3,380.8
21980006639000,1,0,1,0
21980006657000,4,3,1,0
21980006658000,1,1,0,0
21980006659000,8,3,5,335.2
21980006660000,3,1,2,0
21980006661000,4,2,2,0
21980006662000,6,4,2,189
21980006667000,34,17,17,1560.6
21980006668000,24,13,11,1260
21980006669000,5,4,1,153
21980006681000,7,4,3,317.1
21980006682000,24,14,10,919.2
21980006683000,14,7,7,810.6
21980006685000,3,1,2,0
21980006708000,5,2,3,218
21980006756000,21,15,6,850.5
21980006760000,3,2,1,0
21980006761000,24,11,13,823.2
21980006762000,7,3,4,279.3
21980006764000,17,8,9,719.1
21980006765000,20,13,7,1056
21980006766000,47,27,20,1983.4
21980006767000,20,11,9,1206
21980006769000,4,3,1,0
21980006782000,21,14,7,852.6
21980006783000,2,1,1,0
21980006859000,22,13,9,1124.2
21980006860000,84,39,45,3586.8
21980006861000,2,0,2,0
21980006865000,4,2,2,0
21980006866000,105,58,47,4063.5
21980006867000,184,85,99,8114.4
21980006868000,9,5,4,446.4
21980006869000,24,12,12,1080
21980006870000,3,2,1,0
21980006871000,4,2,2,0
21980006881000,8,3,5,243.2
21980006883000,14,8,6,649.6
21980006884000,11,5,6,675.4
21980006885000,175,87,88,9135
21980006886000,126,69,57,5317.2
21980006887000,78,34,44,4999.8
21980006888000,18,11,7,880.2
21980006889000,5,3,2,294
21980006951000,3,2,1,0
21980006965000,10,4,6,528
21980007000000,10,6,4,518
21980007001000,12,8,4,477.6
21980007022000,85,44,41,3264
21980007023000,53,25,28,2289.6
21980007028000,1,1,0,0
21980007029000,2,1,1,0
21980007034000,7,5,2,324.1
21980007044000,4,2,2,0
21980007045000,9,6,3,267.3
21980007069000,1,0,1,0
21980007070000,21,12,9,714
21980007080000,1,1,0,0
21980007085000,72,39,33,2779.2
21980007086000,13,9,4,374.4
21990006552000,1,1,0,0
21990006558000,7,5,2,291.2
21990006559000,7,4,3,200.2
21990006560000,5,3,2,135
21990006561000,8,5,3,375.2
21990006562000,3,2,1,0
21990006563000,11,7,4,286
21990006567000,11,9,2,365.2
21990006568000,19,10,9,938.6
21990006569000,16,9,7,873.6
21990006570000,11,6,5,433.4
21990006571000,2,1,1,0
21990006573000,1,1,0,0
21990006582000,264,124,140,11906.4
21990006583000,59,29,30,2961.8
21990006584000,124,64,60,3968
21990006596000,3,2,1,0
21990006598000,1,0,1,0
21990006615000,4,3,1,0
21990006616000,5,4,1,343
21990006617000,32,17,15,969.6
21990006618000,98,52,46,3733.8
21990006619000,168,84,84,5762.4
21990006620000,25,15,10,1057.5
21990006621000,74,35,39,2464.2
21990006622000,8,3,5,420
21990006623000,1495,720,775,45896.5
21990006624000,1398,736,662,54941.4
21990006625000,1643,851,792,65884.3
21990006626000,2178,1080,1098,94089.6
21990006627000,1538,756,782,64442.2
21990006628000,365,182,183,13140
21990006637000,2,1,1,0
21990006657000,2,1,1,0
21990006659000,4,3,1,0
21990006667000,27,14,13,1258.2
21990006668000,41,19,22,1758.9
21990006669000,17,9,8,810.9
21990006678000,1,0,1,0
21990006682000,1,1,0,0
21990006683000,1,1,0,0
21990006686000,3,1,2,0
21990006688000,6,3,3,222
21990006707000,2,1,1,0
21990006756000,57,28,29,2348.4
21990006757000,2,2,0,0
21990006760000,18,9,9,678.6
21990006761000,5,3,2,120
21990006763000,16,8,8,753.6
21990006764000,18,9,9,873
21990006781000,7,4,3,195.3
21990006782000,15,9,6,742.5
21990006829000,1,0,1,0
21990006859000,67,36,31,2854.2
21990006860000,267,128,139,12629.1
21990006865000,39,20,19,1450.8
21990006866000,71,42,29,2591.5
21990006867000,23,10,13,828
21990006868000,30,16,14,1209
21990006869000,25,15,10,990
21990006871000,2,1,1,0
21990006880000,3,2,1,0
21990006881000,21,11,10,728.7
21990006882000,31,15,16,1488
21990006883000,17,9,8,933.3
21990006884000,16,7,9,851.2
21990006885000,32,19,13,1536
21990006886000,52,29,23,2215.2
21990006887000,29,17,12,1131
21990006951000,4,2,2,0
21990007001000,34,19,15,1363.4
21990007013000,4,2,2,0
21990007021000,2,1,1,0
21990007022000,4,2,2,0
21990007023000,7,3,4,123.9
21990007024000,14,8,6,492.8
21990007026000,4,3,1,0
21990007027000,5,3,2,191
21990007028000,21,9,12,709.8
21990007029000,32,16,16,1548.8
21990007030000,1,1,0,0
21990007043000,30,14,16,1287
21990007044000,98,47,51,4047.4
21990007046000,4,2,2,0
21990007055000,6,2,4,453
21990007068000,4,3,1,0
21990007069000,18,9,9,775.8
22000006553000,3,2,1,0
22000006557000,8,2,6,382.4
22000006558000,2,1,1,0
22000006562000,10,6,4,457
22000006569000,2,1,1,0
22000006570000,15,10,5,835.5
22000006571000,4,2,2,0
22000006581000,53,28,25,2226
22000006582000,44,23,21,2200
22000006583000,117,59,58,4855.5
22000006617000,3,2,1,0
22000006618000,87,47,40,3088.5
22000006619000,20,10,10,644
22000006620000,13,5,8,527.8
22000006621000,293,157,136,12159.5
22000006622000,6,4,2,262.8
22000006624000,45,25,20,1953
22000006625000,373,194,179,14658.9
22000006626000,925,467,458,33947.5
22000006627000,729,366,363,26535.6
22000006628000,6,3,3,264
22000006629000,10,6,4,473
22000006633000,4,2,2,0
22000006635000,8,3,5,316.8
22000006636000,2,0,2,0
22000006646000,5,3,2,189
22000006647000,3,2,1,0
22000006659000,2,1,1,0
22000006667000,106,49,57,3741.8
22000006668000,77,40,37,3657.5
22000006669000,5,1,4,248
22000006678000,4,2,2,0
22000006682000,4,1,3,0
22000006683000,33,12,21,1359.6
22000006685000,8,5,3,320.8
22000006687000,9,5,4,359.1
22000006688000,2,1,1,0
22000006705000,31,15,16,1255.5
22000006706000,17,7,10,729.3
22000006707000,10,7,3,405
22000006755000,3,1,2,0
22000006756000,88,49,39,4074.4
22000006757000,15,7,8,409.5
22000006758000,11,4,7,432.3
22000006759000,15,5,10,708
22000006760000,3,2,1,0
22000006761000,3,0,3,0
22000006762000,5,2,3,281
22000006763000,69,29,40,3415.5
22000006764000,6,4,2,225
22000006781000,30,18,12,1383
22000006829000,2,1,1,0
22000006830000,7,2,5,403.2
22000006858000,26,12,14,972.4
22000006859000,66,30,36,2620.2
22000006860000,7,5,2,282.1
22000006864000,2,2,0,0
22000006865000,18,8,10,626.4
22000006880000,14,7,7,581
22000006881000,8,3,5,344
22000006882000,11,4,7,448.8
22000006884000,1,0,1,0
22000006885000,12,6,6,585.6
22000006886000,7,3,4,359.8
22000006952000,3,2,1,0
22000006963000,6,4,2,331.8
22000007001000,61,31,30,2720.6
22000007002000,9,7,2,510.3
22000007014000,1,1,0,0
22000007023000,28,16,12,842.8
22000007024000,15,9,6,667.5
22000007025000,53,29,24,2321.4
22000007026000,3,2,1,0
22000007030000,22,10,12,728.2
22000007036000,7,4,3,340.9
22000007037000,5,2,3,168
22000007038000,15,9,6,480
22000007040000,2,2,0,0
22000007041000,21,11,10,798
22000007042000,7,4,3,154.7
22000007043000,19,9,10,811.3
22000007044000,14,5,9,484.4
22000007046000,6,3,3,234
22000007047000,1,1,0,0
22000007048000,3,2,1,0
22000007055000,61,29,32,2732.8
22000007056000,10,5,5,373
22000007064000,6,3,3,346.8
22000007065000,2,1,1,0
22000007066000,178,80,98,5090.8
22000007067000,11,6,5,478.5
22000007068000,5,3,2,233
22010006552000,7,4,3,345.1
22010006553000,2,2,0,0
22010006557000,1,1,0,0
22010006559000,2,1,1,0
22010006560000,2,1,1,0
22010006561000,51,26,25,2305.2
22010006562000,6,5,1,373.8
22010006566000,4,2,2,0
22010006571000,5,3,2,273
22010006572000,3,1,2,0
22010006579000,47,23,24,1837.7
22010006580000,23,12,11,1209.8
22010006581000,13,7,6,652.6
22010006583000,5,2,3,290
22010006618000,45,26,19,2182.5
22010006619000,14,8,6,557.2
22010006620000,10,6,4,436
22010006621000,76,39,37,2622
22010006625000,11,5,6,662.2
22010006626000,19,12,7,870.2
22010006627000,64,35,29,2700.8
22010006628000,4,3,1,0
22010006629000,6,4,2,309
22010006630000,23,14,9,1018.9
22010006631000,6,3,3,370.2
22010006632000,3,1,2,0
22010006635000,9,4,5,271.8
22010006636000,15,8,7,403.5
22010006637000,22,12,10,743.6
22010006638000,6,4,2,238.2
22010006647000,3,1,2,0
22010006658000,6,4,2,214.8
22010006660000,2,1,1,0
22010006667000,36,19,17,1382.4
22010006668000,329,144,185,16680.3
22010006669000,40,20,20,1508
22010006680000,4,2,2,0
22010006681000,26,13,13,1045.2
22010006682000,37,21,16,1209.9
22010006683000,31,13,18,1354.7
22010006684000,81,36,45,3734.1
22010006685000,1,1,0,0
22010006686000,27,14,13,1287.9
22010006687000,31,22,9,1261.7
22010006688000,38,18,20,1535.2
22010006689000,14,8,6,810.6
22010006690000,14,5,9,649.6
22010006691000,4,0,4,0
22010006693000,1,1,0,0
22010006705000,6,2,4,309
22010006706000,1,0,1,0
22010006731000,2,1,1,0
22010006755000,21,10,11,1029
22010006756000,68,36,32,3073.6
22010006758000,2,1,1,0
22010006759000,7,4,3,198.8
22010006760000,3,1,2,0
22010006761000,7,3,4,291.9
22010006762000,10,4,6,340
22010006779000,15,9,6,844.5
22010006780000,14,10,4,595
22010006781000,8,5,3,503.2
22010006830000,3,2,1,0
22010006831000,8,5,3,378.4
22010006832000,11,5,6,389.4
22010006833000,34,16,18,1445
22010006857000,12,8,4,765.6
22010006858000,35,18,17,1386
22010006859000,29,11,18,954.1
22010006864000,16,10,6,739.2
22010006870000,3,1,2,0
22010006878000,6,2,4,195
22010006879000,18,11,7,703.8
22010006880000,10,6,4,473
22010006881000,6,4,2,328.8
22010006952000,2,1,1,0
22010007001000,21,13,8,831.6
22010007002000,40,19,21,1864
22010007003000,2,1,1,0
22010007022000,10,6,4,523
22010007023000,10,4,6,383
22010007024000,1,0,1,0
22010007025000,8,4,4,240.8
22010007026000,5,2,3,358
22010007030000,24,10,14,928.8
22010007031000,37,16,21,1446.7
22010007032000,9,6,3,329.4
22010007039000,36,18,18,1144.8
22010007040000,5,3,2,109
22010007044000,1,1,0,0
22010007045000,1,0,1,0
22010007047000,2,1,1,0
22010007048000,4,2,2,0
22010007049000,9,4,5,668.7
22010007056000,10,7,3,582
22010007063000,9,5,4,235.8
22010007064000,8,4,4,422.4
22010007065000,126,58,68,5052.6
22010007066000,558,267,291,25165.8
22010007067000,222,101,121,9435
22010007068000,1,1,0,0
22010007069000,18,9,9,610.2
22010007070000,2,1,1,0
22010007103000,1,1,0,0
22020006548000,1,1,0,0
22020006555000,7,3,4,366.1
22020006558000,2,1,1,0
22020006560000,148,76,72,6482.4
22020006561000,249,123,126,11379.3
22020006562000,36,22,14,1486.8
22020006563000,27,12,15,1201.5
22020006564000,11,6,5,305.8
22020006565000,12,5,7,516
22020006566000,7,4,3,359.8
22020006567000,12,5,7,567.6
22020006568000,6,4,2,261
22020006569000,4,1,3,0
22020006572000,6,3,3,307.8
22020006578000,36,19,17,1630.8
22020006579000,8,5,3,471.2
22020006580000,5,3,2,276
22020006583000,7,5,2,328.3
22020006617000,19,10,9,792.3
22020006618000,31,14,17,1026.1
22020006619000,16,9,7,436.8
22020006620000,23,14,9,1018.9
22020006621000,50,25,25,1900
22020006622000,48,23,25,2006.4
22020006623000,10,4,6,414
22020006624000,10,3,7,361
22020006626000,18,7,11,730.8
22020006627000,21,12,9,1073.1
22020006628000,8,4,4,304
22020006630000,4,2,2,0
22020006632000,3,1,2,0
22020006634000,4,2,2,0
22020006665000,1,1,0,0
22020006666000,21,11,10,984.9
22020006667000,20,9,11,1010
22020006668000,16,7,9,752
22020006680000,15,5,10,727.5
22020006681000,6,4,2,259.8
22020006682000,51,24,27,2371.5
22020006683000,225,119,106,9405
22020006684000,12,6,6,504
22020006686000,3,2,1,0
22020006687000,6,4,2,274.8
22020006688000,37,19,18,1620.6
22020006689000,8,4,4,415.2
22020006691000,10,5,5,415
22020006692000,2,1,1,0
22020006702000,2,1,1,0
22020006703000,3,2,1,0
22020006704000,4,2,2,0
22020006705000,2,1,1,0
22020006706000,48,31,17,2107.2
22020006752000,2,1,1,0
22020006753000,1,1,0,0
22020006754000,17,8,9,805.8
22020006755000,9,5,4,455.4
22020006756000,22,12,10,1003.2
22020006757000,4,2,2,0
22020006758000,8,3,5,372
22020006759000,4,2,2,0
22020006761000,5,2,3,331
22020006778000,6,5,1,279
22020006832000,7,3,4,462
22020006833000,60,33,27,2340
22020006834000,56,28,28,2895.2
22020006856000,13,7,6,594.1
22020006857000,41,23,18,1480.1
22020006859000,3,2,1,0
22020006863000,2,2,0,0
22020006864000,1,1,0,0
22020006877000,13,7,6,525.2
22020006878000,46,24,22,2267.8
22020006879000,20,9,11,934
22020006880000,7,2,5,259
22020006900000,4,3,1,0
22020006952000,7,3,4,272.3
22020007002000,15,10,5,328.5
22020007003000,31,18,13,1388.8
22020007014000,3,2,1,0
22020007015000,4,2,2,0
22020007025000,11,5,6,645.7
22020007026000,13,8,5,591.5
22020007030000,21,11,10,707.7
22020007031000,459,220,239,20655
22020007032000,235,129,106,9259
22020007045000,19,9,10,813.2
22020007048000,4,3,1,0
22020007049000,3,1,2,0
22020007050000,4,2,2,0
22020007056000,38,22,16,1269.2
22020007063000,4,2,2,0
22020007064000,5,2,3,188
22020007066000,7,3,4,392.7
22020007067000,6,2,4,190.2
22020007069000,45,20,25,1318.5
22020007070000,181,105,76,6859.9
22020007071000,40,26,14,1864
22030006548000,29,19,10,1331.1
22030006555000,3,1,2,0
22030006558000,7,5,2,275.8
22030006559000,7,4,3,242.2
22030006560000,84,40,44,3494.4
22030006563000,3,2,1,0
22030006564000,6,2,4,220.2
22030006568000,1,1,0,0
22030006569000,5,2,3,218
22030006570000,42,24,18,1751.4
22030006571000,63,35,28,2438.1
22030006572000,13,10,3,332.8
22030006578000,15,8,7,868.5
22030006579000,11,6,5,225.5
22030006589000,1,1,0,0
22030006617000,27,16,11,1071.9
22030006618000,12,6,6,712.8
22030006619000,26,16,10,1141.4
22030006620000,4,3,1,0
22030006623000,31,13,18,1212.1
22030006624000,40,20,20,1268
22030006625000,5,3,2,255
22030006627000,5,2,3,267
22030006628000,37,22,15,1295
22030006647000,5,2,3,188
22030006651000,4,3,1,0
22030006654000,3,2,1,0
22030006665000,4,3,1,0
22030006666000,25,13,12,1235
22030006667000,20,14,6,708
22030006668000,5,2,3,279
22030006669000,37,16,21,1631.7
22030006679000,2,1,1,0
22030006680000,12,6,6,603.6
22030006682000,62,25,37,2535.8
22030006688000,13,8,5,556.4
22030006689000,8,3,5,296.8
22030006690000,6,3,3,172.2
22030006692000,1,1,0,0
22030006702000,2,1,1,0
22030006705000,41,19,22,1471.9
22030006706000,24,12,12,984
22030006751000,3,2,1,0
22030006752000,10,5,5,394
22030006753000,25,14,11,977.5
22030006754000,105,57,48,4494
22030006755000,274,127,147,12960.2
22030006756000,3,1,2,0
22030006759000,3,2,1,0
22030006760000,4,3,1,0
22030006761000,3,1,2,0
22030006764000,1,1,0,0
22030006776000,3,2,1,0
22030006777000,6,2,4,225
22030006778000,6,4,2,268.8
22030006833000,16,10,6,824
22030006834000,36,19,17,1915.2
22030006855000,21,12,9,896.7
22030006856000,3,2,1,0
22030006857000,8,4,4,352
22030006863000,4,1,3,0
22030006869000,10,6,4,536
22030006877000,54,26,28,2683.8
22030006878000,16,9,7,686.4
22030006879000,3,2,1,0
22030006952000,1,1,0,0
22030006961000,4,2,2,0
22030006962000,5,2,3,192
22030007003000,17,9,8,824.5
22030007004000,16,9,7,755.2
22030007030000,58,30,28,2151.8
22030007031000,615,295,320,27982.5
22030007032000,738,384,354,31660.2
22030007033000,343,170,173,13068.3
22030007034000,16,7,9,588.8
22030007046000,3,1,2,0
22030007049000,1,1,0,0
22030007056000,7,3,4,310.8
22030007064000,5,2,3,210
22030007065000,8,3,5,236.8
22030007066000,7,3,4,151.2
22030007071000,21,10,11,730.8
22040006547000,90,45,45,4401
22040006548000,356,182,174,16482.8
22040006549000,187,100,87,8302.8
22040006550000,231,108,123,11896.5
22040006551000,9,4,5,417.6
22040006552000,4,2,2,0
22040006554000,42,22,20,1696.8
22040006555000,4,3,1,0
22040006556000,1,0,1,0
22040006557000,4,3,1,0
22040006560000,27,14,13,1028.7
22040006561000,2,2,0,0
22040006569000,5,2,3,115
22040006570000,22,10,12,919.6
22040006575000,6,3,3,331.2
22040006576000,3,2,1,0
22040006577000,4,2,2,0
22040006578000,40,17,23,1780
22040006579000,9,5,4,245.7
22040006617000,51,28,23,1790.1
22040006618000,52,27,25,2303.6
22040006619000,33,13,20,1560.9
22040006620000,11,6,5,661.1
22040006624000,28,16,12,1162
22040006625000,38,20,18,1208.4
22040006626000,10,6,4,341
22040006627000,8,4,4,296
22040006628000,14,6,8,708.4
22040006649000,2,1,1,0
22040006654000,7,4,3,221.9
22040006657000,3,2,1,0
22040006658000,8,4,4,310.4
22040006664000,10,6,4,350
22040006665000,14,6,8,691.6
22040006666000,26,12,14,1138.8
22040006667000,14,9,5,562.8
22040006668000,17,9,8,617.1
22040006669000,8,5,3,380.8
22040006680000,17,8,9,612
22040006682000,20,8,12,854
22040006691000,1,0,1,0
22040006692000,4,3,1,0
22040006693000,1,1,0,0
22040006697000,5,2,3,174
22040006701000,2,1,1,0
22040006702000,6,3,3,361.8
22040006703000,7,3,4,277.9
22040006704000,17,9,8,552.5
22040006705000,40,22,18,1992
22040006706000,2,1,1,0
22040006734000,7,2,5,471.1
22040006750000,4,2,2,0
22040006751000,2,1,1,0
22040006752000,1,0,1,0
22040006753000,4,3,1,0
22040006754000,186,92,94,7161
22040006755000,243,116,127,10157.4
22040006777000,1,1,0,0
22040006827000,10,6,4,497
22040006828000,2,2,0,0
22040006833000,13,9,4,882.7
22040006834000,2,1,1,0
22040006835000,41,20,21,2173
22040006853000,1,1,0,0
22040006854000,14,7,7,504
22040006855000,21,9,12,1054.2
22040006856000,4,1,3,0
22040006857000,1,1,0,0
22040006862000,9,5,4,339.3
22040006863000,7,4,3,329
22040006867000,9,5,4,392.4
22040006868000,28,15,13,1430.8
22040006869000,40,20,20,1500
22040006875000,6,2,4,163.2
22040006876000,9,5,4,564.3
22040006877000,14,10,4,390.6
22040006961000,2,1,1,0
22040007003000,15,6,9,394.5
22040007004000,45,23,22,1876.5
22040007030000,47,24,23,2237.2
22040007031000,152,77,75,6323.2
22040007033000,10,5,5,414
22040007034000,38,19,19,1238.8
22040007035000,11,7,4,433.4
22040007045000,5,3,2,266
22040007046000,10,5,5,251
22040007056000,9,5,4,458.1
22040007065000,1,1,0,0
22040007066000,3,1,2,0
22040007067000,4,3,1,0
22040007068000,3,2,1,0
22040007069000,10,3,7,460
22050006547000,37,15,22,1986.9
22050006548000,20,12,8,740
22050006549000,249,118,131,11030.7
22050006550000,455,224,231,19792.5
22050006551000,264,123,141,7761.6
22050006554000,64,32,32,2803.2
22050006556000,8,3,5,230.4
22050006558000,1,0,1,0
22050006570000,16,8,8,582.4
22050006575000,3,1,2,0
22050006576000,1,1,0,0
22050006577000,12,7,5,409.2
22050006584000,5,4,1,246
22050006588000,2,1,1,0
22050006605000,3,2,1,0
22050006612000,8,4,4,268.8
22050006613000,14,8,6,648.2
22050006614000,12,7,5,405.6
22050006615000,18,8,10,741.6
22050006616000,38,22,16,1193.2
22050006617000,31,16,15,1302
22050006618000,15,8,7,495
22050006619000,49,27,22,2244.2
22050006620000,31,18,13,1243.1
22050006625000,12,7,5,537.6
22050006626000,47,16,31,2100.9
22050006627000,13,6,7,497.9
22050006628000,12,7,5,486
22050006629000,18,9,9,473.4
22050006630000,13,8,5,312
22050006650000,4,1,3,0
22050006651000,26,15,11,990.6
22050006652000,6,4,2,373.8
22050006659000,2,1,1,0
22050006660000,7,5,2,224
22050006664000,12,9,3,600
22050006665000,27,13,14,1150.2
22050006667000,7,3,4,396.2
22050006677000,2,1,1,0
22050006678000,20,11,9,918
22050006679000,37,16,21,1764.9
22050006680000,21,10,11,525
22050006682000,10,5,5,569
22050006692000,26,10,16,1102.4
22050006702000,1,1,0,0
22050006703000,5,4,1,279
22050006704000,21,9,12,938.7
22050006733000,1,1,0,0
22050006734000,20,8,12,822
22050006749000,2,1,1,0
22050006750000,5,2,3,167
22050006751000,12,5,7,331.2
22050006752000,15,6,9,517.5
22050006753000,3,2,1,0
22050006754000,46,25,21,1734.2
22050006755000,8,4,4,422.4
22050006775000,6,4,2,202.8
22050006777000,2,1,1,0
22050006779000,3,1,2,0
22050006780000,3,1,2,0
22050006782000,2,1,1,0
22050006827000,3,2,1,0
22050006833000,6,2,4,258
22050006835000,14,8,6,686
22050006836000,12,6,6,620.4
22050006837000,2,1,1,0
22050006838000,4,3,1,0
22050006853000,30,17,13,1248
22050006854000,57,31,26,2827.2
22050006855000,10,6,4,498
22050006862000,12,6,6,506.4
22050006863000,16,7,9,582.4
22050006867000,7,3,4,294.7
22050006868000,79,37,42,3863.1
22050006869000,132,65,67,6375.6
22050006871000,2,1,1,0
22050006872000,8,5,3,380
22050006873000,5,2,3,89
22050006874000,22,10,12,1243
22050006875000,13,5,8,478.4
22050006876000,4,2,2,0
22050006952000,3,1,2,0
22050007003000,17,8,9,744.6
22050007004000,103,55,48,4089.1
22050007005000,7,4,3,270.9
22050007026000,3,2,1,0
22050007031000,16,8,8,556.8
22050007032000,8,3,5,295.2
22050007035000,15,7,8,504
22050007036000,5,2,3,298
22050007037000,23,12,11,811.9
22050007038000,5,3,2,143
22050007045000,7,4,3,308
22050007046000,36,19,17,1569.6
22050007053000,2,1,1,0
22050007055000,1,1,0,0
22050007056000,2,1,1,0
22050007069000,5,3,2,341
22050007070000,20,12,8,594
22050007071000,17,10,7,702.1
22050007073000,19,10,9,1007
22050007074000,36,23,13,1447.2
22060006548000,16,7,9,590.4
22060006549000,70,37,33,2905
22060006550000,14,7,7,646.8
22060006551000,6,4,2,280.2
22060006552000,32,15,17,1075.2
22060006555000,1,0,1,0
22060006559000,9,4,5,434.7
22060006563000,2,2,0,0
22060006565000,16,9,7,780.8
22060006566000,14,6,8,747.6
22060006569000,4,1,3,0
22060006570000,5,3,2,257
22060006571000,3,2,1,0
22060006575000,2,1,1,0
22060006576000,2,0,2,0
22060006577000,11,5,6,509.3
22060006603000,4,2,2,0
22060006604000,3,1,2,0
22060006607000,9,5,4,339.3
22060006608000,13,8,5,529.1
22060006609000,14,8,6,792.4
22060006610000,6,4,2,201
22060006611000,6,4,2,237
22060006612000,12,8,4,573.6
22060006613000,50,23,27,1665
22060006614000,20,9,11,956
22060006615000,19,11,8,589
22060006616000,12,7,5,517.2
22060006617000,25,12,13,1162.5
22060006618000,37,19,18,1298.7
22060006619000,15,8,7,558
22060006626000,5,4,1,354
22060006627000,26,15,11,1268.8
22060006628000,2,1,1,0
22060006629000,169,93,76,6438.9
22060006630000,11,6,5,541.2
22060006650000,34,19,15,1363.4
22060006651000,6,4,2,373.2
22060006659000,11,7,4,554.4
22060006660000,5,3,2,318
22060006661000,34,17,17,1560.6
22060006662000,18,9,9,824.4
22060006663000,143,78,65,5462.6
22060006664000,24,13,11,979.2
22060006665000,40,20,20,1936
22060006679000,48,23,25,1780.8
22060006687000,3,1,2,0
22060006688000,11,6,5,480.7
22060006689000,11,7,4,459.8
22060006692000,30,17,13,1506
22060006693000,8,4,4,416
22060006694000,6,3,3,252
22060006695000,9,6,3,518.4
22060006734000,1,1,0,0
22060006750000,12,5,7,457.2
22060006751000,5,2,3,206
22060006752000,10,8,2,367
22060006759000,1,0,1,0
22060006760000,3,2,1,0
22060006761000,1,1,0,0
22060006762000,7,4,3,240.8
22060006763000,9,7,2,362.7
22060006774000,2,1,1,0
22060006775000,8,5,3,276
22060006778000,7,2,5,329.7
22060006779000,10,6,4,370
22060006780000,20,8,12,674
22060006781000,2,1,1,0
22060006824000,6,3,3,289.2
22060006835000,3,2,1,0
22060006836000,2,2,0,0
22060006837000,8,5,3,388
22060006838000,6,3,3,363
22060006852000,2,1,1,0
22060006853000,45,27,18,2313
22060006854000,17,9,8,771.8
22060006855000,16,9,7,568
22060006863000,11,5,6,601.7
22060006866000,2,1,1,0
22060006868000,35,15,20,1344
22060006869000,209,107,102,9467.7
22060006870000,142,73,69,5609
22060006872000,1,1,0,0
22060006873000,1,1,0,0
22060006903000,5,4,1,132
22060006951000,1,1,0,0
22060007003000,87,45,42,3358.2
22060007004000,60,33,27,2886
22060007005000,88,39,49,3854.4
22060007006000,4,3,1,0
22060007032000,14,8,6,509.6
22060007033000,90,49,41,3195
22060007036000,17,7,10,494.7
22060007037000,6,3,3,193.2
22060007038000,8,6,2,500
22060007056000,2,1,1,0
22060007057000,73,43,30,3372.6
22060007065000,4,1,3,0
22060007071000,26,15,11,795.6
22060007072000,28,13,15,1041.6
22060007073000,42,26,16,1957.2
22070006547000,2,1,1,0
22070006548000,3,2,1,0
22070006549000,27,15,12,1358.1
22070006550000,53,27,26,2183.6
22070006551000,29,15,14,1423.9
22070006552000,69,40,29,2539.2
22070006553000,4,3,1,0
22070006559000,9,6,3,379.8
22070006563000,3,2,1,0
22070006565000,23,13,10,963.7
22070006566000,15,10,5,400.5
22070006574000,1,0,1,0
22070006576000,11,6,5,496.1
22070006584000,6,2,4,190.2
22070006585000,29,17,12,1139.7
22070006586000,24,13,11,691.2
22070006602000,2,1,1,0
22070006607000,13,8,5,522.6
22070006608000,90,55,35,3879
22070006609000,2,1,1,0
22070006610000,16,9,7,864
22070006611000,23,10,13,1062.6
22070006612000,30,15,15,867
22070006613000,10,5,5,664
22070006614000,5,4,1,120
22070006615000,17,10,7,550.8
22070006616000,3,2,1,0
22070006617000,6,4,2,306
22070006627000,11,5,6,427.9
22070006628000,73,39,34,2868.9
22070006629000,388,205,183,15791.6
22070006630000,21,14,7,730.8
22070006649000,11,6,5,480.7
22070006650000,36,20,16,1573.2
22070006651000,4,2,2,0
22070006658000,23,13,10,1051.1
22070006659000,15,10,5,484.5
22070006660000,86,48,38,3457.2
22070006661000,42,24,18,1369.2
22070006662000,54,30,24,1938.6
22070006663000,60,35,25,2388
22070006664000,46,25,21,1872.2
22070006665000,12,7,5,530.4
22070006671000,5,4,1,282
22070006676000,24,13,11,1149.6
22070006677000,9,5,4,451.8
22070006678000,17,7,10,647.7
22070006679000,35,16,19,1935.5
22070006681000,28,13,15,1195.6
22070006686000,1,1,0,0
22070006687000,5,2,3,236
22070006688000,3,0,3,0
22070006689000,1,1,0,0
22070006732000,4,2,2,0
22070006734000,24,15,9,1320
22070006749000,14,8,6,497
22070006750000,35,17,18,1641.5
22070006751000,12,5,7,308.4
22070006752000,7,4,3,438.9
22070006756000,4,2,2,0
22070006757000,5,4,1,184
22070006760000,4,1,3,0
22070006761000,3,2,1,0
22070006762000,14,7,7,758.8
22070006763000,1,1,0,0
22070006765000,5,3,2,203
22070006772000,7,4,3,333.9
22070006775000,4,3,1,0
22070006776000,3,2,1,0
22070006777000,5,3,2,295
22070006778000,4,4,0,0
22070006779000,2,1,1,0
22070006784000,1,1,0,0
22070006835000,4,2,2,0
22070006836000,14,8,6,751.8
22070006837000,5,4,1,88
22070006838000,8,3,5,167.2
22070006852000,28,14,14,1652
22070006853000,25,16,9,1125
22070006854000,2,1,1,0
22070006861000,6,4,2,109.2
22070006863000,59,29,30,2212.5
22070006868000,12,3,9,534
22070006869000,8,5,3,430.4
22070006954000,2,1,1,0
22070006956000,10,6,4,414
22070006960000,10,4,6,344
22070007002000,3,2,1,0
22070007003000,24,11,13,650.4
22070007004000,246,105,141,12423
22070007005000,331,167,164,13173.8
22070007006000,42,25,17,1659
22070007007000,4,2,2,0
22070007008000,5,1,4,135
22070007032000,2,1,1,0
22070007033000,27,16,11,810
22070007034000,7,3,4,184.8
22070007039000,9,6,3,261
22070007040000,21,12,9,932.4
22070007041000,5,3,2,144
22070007053000,3,1,2,0
22070007054000,33,18,15,1115.4
22070007057000,92,52,40,4176.8
22070007058000,47,24,23,2105.6
22070007065000,35,18,17,1270.5
22070007068000,2,1,1,0
22070007072000,43,22,21,1801.7
22070007073000,159,84,75,6264.6
22080006548000,67,40,27,2405.3
22080006549000,40,20,20,1944
22080006550000,35,19,16,1477
22080006551000,9,6,3,498.6
22080006552000,11,6,5,599.5
22080006553000,61,34,27,2812.1
22080006557000,6,2,4,277.2
22080006559000,3,1,2,0
22080006562000,4,1,3,0
22080006563000,67,34,33,2378.5
22080006564000,33,18,15,1478.4
22080006565000,7,4,3,238
22080006566000,4,2,2,0
22080006567000,10,7,3,586
22080006568000,1,1,0,0
22080006569000,6,3,3,394.2
22080006570000,7,3,4,198.8
22080006571000,10,6,4,390
22080006572000,2,1,1,0
22080006583000,14,7,7,487.2
22080006584000,20,11,9,954
22080006585000,124,66,58,4588
22080006586000,90,42,48,4212
22080006587000,26,15,11,995.8
22080006596000,6,3,3,126
22080006607000,19,10,9,896.8
22080006608000,19,8,11,894.9
22080006609000,12,7,5,526.8
22080006610000,30,14,16,1128
22080006628000,20,12,8,910
22080006629000,4,1,3,0
22080006630000,15,7,8,514.5
22080006631000,7,3,4,238.7
22080006635000,71,42,29,2165.5
22080006648000,5,3,2,101
22080006649000,7,4,3,179.9
22080006650000,30,17,13,1188
22080006651000,4,2,2,0
22080006658000,28,11,17,1436.4
22080006659000,38,14,24,1352.8
22080006661000,5,2,3,325
22080006662000,12,5,7,454.8
22080006663000,2,2,0,0
22080006671000,12,5,7,609.6
22080006676000,66,32,34,2818.2
22080006678000,13,7,6,551.2
22080006679000,13,7,6,348.4
22080006680000,32,20,12,1100.8
22080006681000,17,9,8,792.2
22080006682000,4,2,2,0
22080006685000,3,2,1,0
22080006686000,9,6,3,361.8
22080006732000,1,0,1,0
22080006733000,51,29,22,2218.5
22080006734000,7,5,2,333.2
22080006746000,4,3,1,0
22080006748000,6,4,2,252
22080006749000,40,20,20,1652
22080006750000,17,10,7,814.3
22080006751000,20,10,10,738
22080006752000,3,1,2,0
22080006753000,5,3,2,324
22080006757000,2,1,1,0
22080006758000,4,2,2,0
22080006760000,22,11,11,1190.2
22080006761000,6,3,3,198
22080006762000,18,8,10,613.8
22080006765000,19,10,9,1151.4
22080006766000,27,13,14,1158.3
22080006768000,9,6,3,432.9
22080006769000,4,2,2,0
22080006770000,5,2,3,362
22080006771000,23,12,11,924.6
22080006772000,4,1,3,0
22080006773000,4,2,2,0
22080006774000,14,9,5,638.4
22080006775000,5,4,1,209
22080006780000,6,4,2,202.8
22080006783000,4,2,2,0
22080006821000,2,1,1,0
22080006837000,24,12,12,976.8
22080006838000,4,2,2,0
22080006851000,4,2,2,0
22080006852000,3,1,2,0
22080006861000,44,25,19,2156
22080006862000,15,9,6,577.5
22080006863000,5,3,2,279
22080006867000,7,2,5,238.7
22080006869000,4,2,2,0
22080006954000,2,1,1,0
22080006955000,2,1,1,0
22080006956000,3,2,1,0
22080006958000,2,1,1,0
22080007003000,20,13,7,850
22080007004000,64,26,38,3635.2
22080007005000,43,20,23,1775.9
22080007006000,17,5,12,600.1
22080007007000,7,5,2,373.1
22080007008000,3,2,1,0
22080007009000,14,7,7,635.6
22080007032000,11,5,6,646.8
22080007033000,4,3,1,0
22080007040000,3,2,1,0
22080007042000,1,0,1,0
22080007051000,5,3,2,192
22080007053000,10,6,4,425
22080007054000,22,14,8,886.6
22080007058000,92,49,43,3919.2
22080007059000,9,3,6,294.3
22080007060000,13,6,7,548.6
22080007061000,30,17,13,1191
22080007062000,14,7,7,557.2
22080007063000,9,4,5,506.7
22080007065000,3,2,1,0
22080007068000,8,5,3,334.4
22080007069000,5,3,2,217
22080007070000,2,1,1,0
22080007071000,10,5,5,435
22080007073000,47,27,20,1569.8
22080007074000,12,5,7,292.8
22090006547000,13,6,7,679.9
22090006548000,46,22,24,1729.6
22090006549000,14,7,7,483
22090006550000,28,12,16,1036
22090006551000,13,7,6,635.7
22090006552000,30,19,11,1074
22090006553000,31,18,13,1171.8
22090006554000,29,16,13,1206.4
22090006557000,4,1,3,0
22090006558000,9,5,4,420.3
22090006559000,5,4,1,152
22090006561000,20,10,10,588
22090006562000,28,14,14,868
22090006563000,16,8,8,742.4
22090006571000,6,4,2,229.2
22090006572000,1,0,1,0
22090006573000,11,5,6,271.7
22090006582000,17,11,6,635.8
22090006583000,38,18,20,1523.8
22090006584000,49,27,22,2219.7
22090006585000,28,12,16,1122.8
22090006586000,11,6,5,691.9
22090006587000,97,56,41,3288.3
22090006588000,28,17,11,1324.4
22090006589000,7,4,3,308.7
22090006596000,1,1,0,0
22090006597000,6,5,1,256.8
22090006598000,8,4,4,364.8
22090006599000,2,1,1,0
22090006600000,10,5,5,334
22090006607000,26,16,10,1209
22090006608000,21,11,10,1052.1
22090006609000,10,5,5,517
22090006627000,9,5,4,514.8
22090006628000,36,22,14,1436.4
22090006631000,8,4,4,386.4
22090006632000,28,15,13,1243.2
22090006633000,5,2,3,169
22090006635000,676,358,318,23186.8
22090006636000,512,246,266,13977.6
22090006638000,1,1,0,0
22090006639000,22,13,9,906.4
22090006640000,10,7,3,454
22090006647000,15,8,7,688.5
22090006648000,17,9,8,749.7
22090006649000,9,5,4,524.7
22090006650000,11,6,5,623.7
22090006656000,9,4,5,512.1
22090006657000,17,6,11,802.4
22090006658000,37,19,18,1454.1
22090006676000,98,46,52,3675
22090006677000,37,21,16,1354.2
22090006678000,37,19,18,1565.1
22090006679000,27,9,18,1179.9
22090006680000,1,1,0,0
22090006695000,6,3,3,394.2
22090006697000,4,3,1,0
22090006732000,19,10,9,1033.6
22090006733000,22,12,10,952.6
22090006734000,2,2,0,0
22090006735000,2,1,1,0
22090006745000,3,2,1,0
22090006746000,5,2,3,356
22090006747000,24,16,8,1063.2
22090006748000,13,8,5,695.5
22090006749000,1,1,0,0
22090006750000,2,1,1,0
22090006751000,5,2,3,312
22090006752000,21,11,10,961.8
22090006760000,16,8,8,761.6
22090006761000,18,10,8,727.2
22090006762000,225,110,115,10485
22090006763000,30,13,17,1101
22090006764000,36,20,16,1447.2
22090006765000,21,10,11,1047.9
22090006766000,79,41,38,3365.4
22090006767000,23,13,10,1373.1
22090006768000,13,7,6,728
22090006769000,11,5,6,655.6
22090006770000,2,1,1,0
22090006771000,6,3,3,283.2
22090006772000,12,4,8,381.6
22090006773000,19,8,11,589
22090006774000,5,3,2,155
22090006781000,1,0,1,0
22090006820000,2,1,1,0
22090006821000,4,2,2,0
22090006838000,25,12,13,965
22090006839000,19,9,10,915.8
22090006840000,5,3,2,167
22090006860000,4,2,2,0
22090006861000,496,249,247,20584
22090006862000,48,26,22,1968
22090006867000,5,3,2,201
22090006868000,2,1,1,0
22090006873000,1,1,0,0
22090006874000,13,7,6,689
22090006875000,1,1,0,0
22090006950000,12,6,6,494.4
22090006951000,12,7,5,549.6
22090006952000,61,26,35,2586.4
22090006953000,23,10,13,1009.7
22090007002000,1,0,1,0
22090007003000,47,23,24,1776.6
22090007008000,6,2,4,171
22090007009000,36,20,16,1378.8
22090007032000,9,5,4,423
22090007033000,12,7,5,386.4
22090007053000,14,8,6,593.6
22090007054000,27,18,9,1341.9
22090007058000,7,3,4,305.9
22090007059000,31,17,14,1001.3
22090007060000,7,5,2,401.1
22090007062000,18,7,11,543.6
22090007063000,19,12,7,910.1
22090007064000,3,2,1,0
22090007068000,1,1,0,0
22090007069000,6,4,2,340.8
22090007070000,27,15,12,1428.3
22090007071000,37,18,19,1539.2
22090007072000,4,1,3,0
22090007107000,1,1,0,0
22100006548000,48,23,25,1924.8
22100006549000,9,4,5,372.6
22100006550000,45,26,19,1962
22100006551000,6,4,2,276
22100006552000,5,3,2,302
22100006553000,35,19,16,1249.5
22100006554000,46,27,19,1582.4
22100006557000,1,0,1,0
22100006558000,6,3,3,352.2
22100006567000,7,4,3,298.2
22100006579000,21,13,8,840
22100006580000,18,11,7,696.6
22100006582000,13,6,7,419.9
22100006583000,38,15,23,1501
22100006584000,21,10,11,642.6
22100006586000,3,2,1,0
22100006587000,3,3,0,0
22100006588000,23,15,8,867.1
22100006589000,15,8,7,717
22100006590000,14,9,5,593.6
22100006596000,1,1,0,0
22100006597000,68,35,33,2699.6
22100006598000,24,11,13,936
22100006599000,2,1,1,0
22100006600000,3,1,2,0
22100006606000,2,2,0,0
22100006607000,18,8,10,694.8
22100006608000,12,7,5,566.4
22100006627000,22,11,11,847
22100006628000,1,0,1,0
22100006629000,34,20,14,1431.4
22100006630000,231,106,125,9632.7
22100006631000,105,54,51,4473
22100006632000,384,185,199,14284.8
22100006633000,116,64,52,4767.6
22100006634000,5,3,2,264
22100006635000,57,28,29,2245.8
22100006636000,144,71,73,4320
22100006637000,25,12,13,1237.5
22100006638000,27,13,14,982.8
22100006639000,18,12,6,952.2
22100006640000,23,11,12,1106.3
22100006641000,24,15,9,804
22100006646000,14,8,6,519.4
22100006647000,48,21,27,1603.2
22100006648000,31,14,17,1221.4
22100006654000,2,1,1,0
22100006655000,28,17,11,1520.4
22100006656000,35,17,18,1802.5
22100006657000,42,23,19,1827
22100006658000,27,15,12,1422.9
22100006659000,7,3,4,273.7
22100006675000,19,10,9,792.3
22100006676000,291,144,147,12251.1
22100006677000,164,89,75,6691.2
22100006678000,29,17,12,1229.6
22100006685000,1,0,1,0
22100006686000,4,2,2,0
22100006694000,8,4,4,348.8
22100006695000,4,3,1,0
22100006697000,2,1,1,0
22100006725000,1,1,0,0
22100006726000,23,14,9,1152.3
22100006727000,10,5,5,458
22100006728000,1,1,0,0
22100006731000,5,1,4,146
22100006732000,49,25,24,2288.3
22100006743000,17,9,8,504.9
22100006744000,4,2,2,0
22100006747000,16,8,8,710.4
22100006750000,1,1,0,0
22100006751000,6,3,3,322.8
22100006752000,10,4,6,429
22100006759000,15,6,9,648
22100006760000,1,1,0,0
22100006761000,11,5,6,544.5
22100006762000,19,12,7,609.9
22100006764000,6,4,2,393
22100006774000,8,5,3,502.4
22100006776000,1,0,1,0
22100006819000,2,0,2,0
22100006839000,7,4,3,245.7
22100006849000,3,1,2,0
22100006850000,15,9,6,921
22100006851000,19,12,7,619.4
22100006852000,6,3,3,352.2
22100006860000,27,13,14,1233.9
22100006861000,153,71,82,6670.8
22100006862000,3,1,2,0
22100006866000,6,3,3,337.8
22100006867000,11,7,4,464.2
22100006874000,12,7,5,631.2
22100006906000,3,2,1,0
22100006949000,2,1,1,0
22100006950000,10,5,5,398
22100006951000,10,6,4,644
22100006952000,7,4,3,200.2
22100007002000,11,6,5,438.9
22100007003000,6,4,2,226.2
22100007006000,14,6,8,684.6
22100007008000,22,12,10,737
22100007009000,35,17,18,1235.5
22100007023000,2,1,1,0
22100007035000,11,5,6,326.7
22100007053000,13,6,7,669.5
22100007054000,58,33,25,2424.4
22100007059000,5,3,2,365
22100007060000,9,4,5,495.9
22100007061000,5,3,2,173
22100007069000,26,17,9,1149.2
22100007070000,9,6,3,317.7
22100007071000,7,4,3,384.3
22100007107000,18,10,8,545.4
22100007108000,13,9,4,598
22110006549000,55,30,25,2106.5
22110006550000,83,43,40,3635.4
22110006551000,71,35,36,2840
22110006552000,71,35,36,2797.4
22110006553000,46,26,20,2171.2
22110006554000,78,41,37,3439.8
22110006555000,12,6,6,595.2
22110006556000,7,4,3,163.8
22110006557000,28,16,12,912.8
22110006558000,8,5,3,247.2
22110006567000,5,3,2,195
22110006568000,7,3,4,242.2
22110006569000,5,1,4,144
22110006572000,30,17,13,1116
22110006573000,9,6,3,350.1
22110006577000,29,16,13,1310.8
22110006578000,23,7,16,823.4
22110006579000,12,8,4,583.2
22110006580000,11,5,6,511.5
22110006581000,35,17,18,1571.5
22110006582000,122,64,58,4916.6
22110006583000,93,52,41,3180.6
22110006584000,5,3,2,143
22110006589000,30,16,14,1074
22110006590000,19,10,9,722
22110006591000,33,15,18,1425.6
22110006592000,12,8,4,562.8
22110006596000,9,5,4,467.1
22110006597000,30,18,12,909
22110006606000,18,9,9,889.2
22110006607000,17,11,6,885.7
22110006608000,2,2,0,0
22110006625000,2,1,1,0
22110006626000,13,8,5,565.5
22110006628000,7,4,3,214.2
22110006629000,12,7,5,441.6
22110006630000,13,8,5,566.8
22110006631000,338,164,174,14229.8
22110006632000,639,339,300,26965.8
22110006633000,721,377,344,29272.6
22110006634000,15,5,10,466.5
22110006635000,26,15,11,1157
22110006636000,35,20,15,1078
22110006637000,78,45,33,3096.6
22110006638000,15,9,6,673.5
22110006639000,34,18,16,1434.8
22110006640000,33,20,13,1230.9
22110006641000,9,5,4,333.9
22110006642000,5,3,2,236
22110006643000,4,1,3,0
22110006644000,11,7,4,369.6
22110006645000,34,17,17,1312.4
22110006646000,35,16,19,1606.5
22110006647000,39,19,20,1727.7
22110006648000,16,9,7,593.6
22110006653000,27,15,12,1252.8
22110006654000,34,16,18,1363.4
22110006655000,23,13,10,1253.5
22110006656000,30,15,15,1143
22110006657000,22,12,10,809.6
22110006658000,19,12,7,826.5
22110006673000,1,1,0,0
22110006675000,4,4,0,0
22110006676000,7,7,0,259
22110006690000,4,2,2,0
22110006692000,2,1,1,0
22110006725000,8,3,5,472.8
22110006726000,27,12,15,993.6
22110006727000,14,8,6,574
22110006728000,2,1,1,0
22110006730000,2,1,1,0
22110006731000,31,16,15,1317.5
22110006732000,24,15,9,1056
22110006740000,3,1,2,0
22110006741000,18,10,8,1006.2
22110006742000,11,7,4,423.5
22110006743000,8,4,4,218.4
22110006744000,13,5,8,310.7
22110006745000,3,2,1,0
22110006746000,6,2,4,175.8
22110006747000,4,2,2,0
22110006751000,16,11,5,657.6
22110006752000,7,4,3,307.3
22110006761000,4,3,1,0
22110006762000,3,1,2,0
22110006764000,16,10,6,633.6
22110006772000,1,1,0,0
22110006775000,4,3,1,0
22110006838000,5,3,2,93
22110006839000,10,6,4,421
22110006849000,6,3,3,310.8
22110006850000,120,62,58,4872
22110006851000,7,5,2,361.2
22110006852000,14,6,8,806.4
22110006853000,15,7,8,822
22110006854000,3,2,1,0
22110006855000,48,24,24,1992
22110006856000,14,9,5,596.4
22110006857000,7,4,3,364
22110006858000,2,1,1,0
22110006859000,46,28,18,1692.8
22110006860000,667,311,356,29948.3
22110006861000,227,117,110,10101.5
22110006862000,7,4,3,226.1
22110006865000,5,3,2,328
22110006866000,16,9,7,577.6
22110006867000,6,4,2,154.8
22110006949000,7,4,3,261.8
22110006951000,3,2,1,0
22110007001000,18,8,10,865.8
22110007002000,2,1,1,0
22110007006000,11,6,5,525.8
22110007007000,2,1,1,0
22110007008000,1,0,1,0
22110007009000,30,19,11,1260
22110007034000,7,2,5,223.3
22110007035000,9,4,5,352.8
22110007042000,1,0,1,0
22110007049000,1,1,0,0
22110007054000,5,4,1,212
22110007060000,112,62,50,3707.2
22110007061000,108,61,47,3888
22110007062000,59,30,29,2560.6
22110007069000,2,2,0,0
22110007070000,12,9,3,511.2
22120006548000,11,5,6,448.8
22120006549000,117,57,60,4399.2
22120006550000,6,4,2,295.8
22120006551000,25,14,11,880
22120006552000,2,2,0,0
22120006553000,5,4,1,110
22120006554000,608,289,319,20185.6
22120006555000,267,138,129,8463.9
22120006556000,589,307,282,21616.3
22120006557000,10,5,5,474
22120006558000,24,13,11,1046.4
22120006566000,34,15,19,1064.2
22120006569000,19,9,10,722
22120006571000,54,32,22,2251.8
22120006572000,266,112,154,13113.8
22120006573000,40,20,20,1688
22120006574000,13,7,6,321.1
22120006575000,20,13,7,798
22120006576000,13,7,6,591.5
22120006578000,12,8,4,550.8
22120006579000,9,3,6,263.7
22120006580000,14,7,7,844.2
22120006582000,31,17,14,877.3
22120006583000,6,4,2,253.8
22120006584000,22,12,10,847
22120006585000,3,2,1,0
22120006589000,13,5,8,296.4
22120006590000,55,30,25,2035
22120006591000,3,2,1,0
22120006592000,12,6,6,621.6
22120006593000,24,13,11,1039.2
22120006594000,13,6,7,556.4
22120006595000,56,29,27,2228.8
22120006596000,82,45,37,3148.8
22120006597000,51,28,23,1759.5
22120006605000,4,2,2,0
22120006606000,6,3,3,169.2
22120006607000,23,11,12,913.1
22120006608000,5,2,3,159
22120006627000,9,4,5,348.3
22120006631000,8,4,4,259.2
22120006632000,732,373,359,28328.4
22120006633000,46,27,19,1826.2
22120006634000,48,30,18,2049.6
22120006635000,25,15,10,1182.5
22120006636000,731,373,358,27412.5
22120006637000,1035,526,509,40054.5
22120006638000,221,118,103,8044.4
22120006639000,34,18,16,1560.6
22120006640000,14,7,7,579.6
22120006641000,41,19,22,2095.1
22120006642000,12,4,8,489.6
22120006643000,45,22,23,1827
22120006644000,128,70,58,4915.2
22120006645000,95,48,47,3904.5
22120006646000,36,17,19,1454.4
22120006647000,6,3,3,310.2
22120006648000,6,4,2,268.8
22120006649000,8,2,6,335.2
22120006652000,1,1,0,0
22120006653000,42,22,20,1667.4
22120006654000,11,5,6,528
22120006655000,10,4,6,454
22120006663000,2,1,1,0
22120006664000,10,7,3,473
22120006665000,8,5,3,340.8
22120006666000,2,1,1,0
22120006667000,25,12,13,790
22120006668000,10,4,6,444
22120006670000,7,6,1,160.3
22120006671000,7,5,2,219.8
22120006672000,43,18,25,1741.5
22120006673000,13,13,0,590.2
22120006689000,3,2,1,0
22120006691000,1,1,0,0
22120006692000,4,2,2,0
22120006693000,2,2,0,0
22120006724000,31,16,15,1047.8
22120006725000,11,3,8,430.1
22120006726000,6,2,4,307.8
22120006727000,24,11,13,1065.6
22120006728000,36,21,15,1490.4
22120006729000,33,17,16,1379.4
22120006730000,85,35,50,4564.5
22120006731000,28,18,10,1192.8
22120006736000,20,11,9,872
22120006737000,4,3,1,0
22120006738000,8,3,5,315.2
22120006740000,12,6,6,601.2
22120006741000,6,3,3,279
22120006744000,2,1,1,0
22120006751000,25,13,12,1175
22120006752000,7,4,3,457.8
22120006759000,11,5,6,490.6
22120006760000,14,7,7,432.6
22120006761000,5,2,3,274
22120006764000,4,4,0,0
22120006774000,1,1,0,0
22120006775000,5,3,2,180
22120006777000,16,7,9,696
22120006817000,4,2,2,0
22120006837000,1,1,0,0
22120006838000,7,4,3,399.7
22120006839000,6,1,5,231
22120006849000,37,16,21,1520.7
22120006850000,5,2,3,282
22120006852000,2,1,1,0
22120006853000,45,26,19,1692
22120006854000,15,10,5,535.5
22120006855000,210,107,103,7896
22120006856000,66,23,43,3465
22120006857000,20,12,8,1186
22120006858000,17,7,10,856.8
22120006859000,98,47,51,4174.8
22120006860000,417,187,230,19515.6
22120006861000,190,102,88,7448
22120006862000,120,67,53,4932
22120006863000,80,42,38,2744
22120006864000,14,8,6,747.6
22120006865000,13,4,9,469.3
22120006866000,8,5,3,308
22120006950000,19,9,10,729.6
22120006951000,12,6,6,576
22120006952000,6,3,3,277.2
22120007000000,3,2,1,0
22120007001000,20,9,11,856
22120007006000,4,3,1,0
22120007007000,10,5,5,475
22120007009000,15,10,5,699
22120007010000,1,1,0,0
22120007034000,6,3,3,88.8
22120007036000,7,5,2,182.7
22120007037000,6,3,3,283.2
22120007039000,2,1,1,0
22120007040000,6,3,3,282
22120007041000,7,4,3,431.9
22120007042000,2,1,1,0
22120007043000,3,2,1,0
22120007045000,4,3,1,0
22120007046000,2,1,1,0
22120007047000,1,0,1,0
22120007049000,3,1,2,0
22120007061000,31,22,9,1162.5
22120007062000,7,3,4,268.8
22120007108000,1,1,0,0
22130006548000,14,7,7,628.6
22130006549000,47,26,21,1912.9
22130006550000,275,133,142,11605
22130006551000,21,13,8,669.9
22130006552000,822,425,397,28276.8
22130006553000,56,26,30,2077.6
22130006554000,139,71,68,4058.8
22130006555000,39,20,19,1134.9
22130006556000,1367,672,695,53586.4
22130006557000,9,4,5,504.9
22130006558000,41,21,20,1668.7
22130006567000,3,1,2,0
22130006569000,18,9,9,786.6
22130006570000,54,30,24,2214
22130006571000,99,57,42,4603.5
22130006572000,664,346,318,23505.6
22130006573000,32,17,15,1193.6
22130006574000,10,5,5,573
22130006575000,44,23,21,1584
22130006576000,3,1,2,0
22130006577000,4,2,2,0
22130006579000,9,5,4,348.3
22130006590000,2,1,1,0
22130006591000,12,6,6,588
22130006592000,20,12,8,926
22130006593000,11,6,5,314.6
22130006594000,34,15,19,1210.4
22130006595000,285,127,158,14478
22130006596000,59,27,32,2731.7
22130006597000,34,19,15,1360
22130006598000,1,1,0,0
22130006605000,13,5,8,611
22130006606000,18,9,9,815.4
22130006607000,4,2,2,0
22130006624000,1,1,0,0
22130006627000,13,6,7,421.2
22130006631000,10,5,5,508
22130006632000,271,143,128,9566.3
22130006633000,136,70,66,5208.8
22130006634000,41,19,22,1525.2
22130006635000,507,247,260,20787
22130006636000,569,267,302,25946.4
22130006637000,624,310,314,24585.6
22130006638000,102,47,55,3590.4
22130006639000,56,30,26,2083.2
22130006640000,72,40,32,2462.4
22130006641000,80,44,36,3288
22130006642000,3,1,2,0
22130006643000,5,2,3,296
22130006644000,106,59,47,4112.8
22130006645000,450,237,213,17595
22130006646000,56,28,28,2223.2
22130006647000,6,4,2,237
22130006648000,14,8,6,691.6
22130006649000,40,22,18,1520
22130006650000,38,21,17,1436.4
22130006651000,13,8,5,444.6
22130006652000,152,79,73,5624
22130006653000,32,17,15,1436.8
22130006662000,11,7,4,638
22130006663000,12,5,7,500.4
22130006664000,10,5,5,481
22130006665000,27,16,11,1287.9
22130006666000,8,4,4,402.4
22130006668000,3,1,2,0
22130006669000,6,3,3,276
22130006670000,6,4,2,235.2
22130006671000,8,2,6,328
22130006672000,11,4,7,278.3
22130006673000,6,4,2,363
22130006686000,8,3,5,368
22130006687000,6,4,2,259.2
22130006723000,11,6,5,611.6
22130006724000,5,4,1,156
22130006728000,1,1,0,0
22130006735000,30,16,14,1098
22130006736000,7,4,3,261.8
22130006737000,4,2,2,0
22130006738000,7,3,4,284.2
22130006739000,2,1,1,0
22130006740000,7,3,4,286.3
22130006751000,5,3,2,185
22130006754000,5,2,3,102
22130006756000,6,3,3,226.2
22130006758000,6,2,4,364.8
22130006759000,9,5,4,443.7
22130006766000,1,1,0,0
22130006771000,1,1,0,0
22130006777000,11,6,5,374
22130006778000,8,6,2,378.4
22130006816000,7,4,3,480.9
22130006837000,8,4,4,460
22130006838000,22,11,11,941.6
22130006847000,7,2,5,345.8
22130006848000,13,9,4,503.1
22130006849000,7,3,4,466.2
22130006857000,8,5,3,388
22130006858000,6,3,3,364.8
22130006861000,12,5,7,415.2
22130006862000,15,9,6,423
22130006863000,85,47,38,3476.5
22130006864000,61,32,29,2049.6
22130006865000,8,6,2,374.4
22130006949000,2,1,1,0
22130006950000,14,9,5,736.4
22130006952000,14,6,8,624.4
22130007000000,7,4,3,385
22130007006000,5,2,3,96
22130007009000,22,13,9,1060.4
22130007010000,5,3,2,340
22130007013000,4,3,1,0
22130007036000,7,5,2,294.7
22130007037000,81,44,37,3531.6
22130007055000,13,7,6,609.7
22140006548000,13,8,5,590.2
22140006549000,334,146,188,16098.8
22140006550000,1827,901,926,88609.5
22140006551000,1264,637,627,53467.2
22140006552000,205,97,108,7851.5
22140006553000,318,168,150,13324.2
22140006554000,297,150,147,12949.2
22140006555000,159,82,77,7711.5
22140006556000,1849,912,937,80246.6
22140006560000,4,2,2,0
22140006561000,1,0,1,0
22140006568000,9,5,4,410.4
22140006569000,4,2,2,0
22140006570000,5,2,3,300
22140006571000,69,39,30,2815.2
22140006572000,47,25,22,1941.1
22140006573000,46,22,24,1918.2
22140006574000,13,8,5,468
22140006575000,18,10,8,784.8
22140006592000,14,7,7,663.6
22140006593000,55,32,23,2266
22140006594000,34,17,17,1254.6
22140006595000,365,173,192,15841
22140006596000,27,15,12,1090.8
22140006597000,12,6,6,555.6
22140006598000,9,4,5,318.6
22140006599000,11,4,7,281.6
22140006605000,28,15,13,1372
22140006606000,34,21,13,1258
22140006621000,9,5,4,399.6
22140006622000,16,8,8,584
22140006626000,3,2,1,0
22140006632000,35,16,19,1186.5
22140006633000,23,12,11,844.1
22140006634000,12,5,7,489.6
22140006635000,166,82,84,6806
22140006636000,1561,787,774,73367
22140006637000,1251,597,654,50665.5
22140006638000,643,314,329,25848.6
22140006639000,279,143,136,11913.3
22140006640000,40,19,21,1920
22140006641000,66,38,28,2633.4
22140006642000,44,19,25,1786.4
22140006643000,10,6,4,504
22140006644000,118,66,52,4991.4
22140006645000,109,62,47,4381.8
22140006646000,29,14,15,1186.1
22140006647000,11,6,5,393.8
22140006648000,9,5,4,253.8
22140006649000,37,24,13,1346.8
22140006650000,239,126,113,9942.4
22140006651000,80,46,34,3040
22140006652000,61,34,27,2342.4
22140006653000,8,4,4,308
22140006654000,4,2,2,0
22140006655000,7,5,2,371.7
22140006659000,4,3,1,0
22140006660000,15,7,8,739.5
22140006661000,28,14,14,1075.2
22140006662000,4,2,2,0
22140006663000,9,5,4,237.6
22140006664000,75,41,34,3292.5
22140006665000,59,32,27,2082.7
22140006666000,20,9,11,954
22140006667000,27,13,14,1120.5
22140006668000,4,1,3,0
22140006669000,3,2,1,0
22140006670000,2,1,1,0
22140006687000,30,19,11,1797
22140006688000,17,10,7,657.9
22140006702000,11,6,5,523.6
22140006703000,6,3,3,375
22140006704000,18,10,8,757.8
22140006705000,5,3,2,226
22140006723000,31,14,17,1156.3
22140006734000,15,11,4,490.5
22140006735000,18,8,10,986.4
22140006753000,6,4,2,315
22140006755000,44,21,23,1566.4
22140006756000,8,5,3,432
22140006757000,9,6,3,387
22140006758000,6,4,2,144
22140006760000,1,1,0,0
22140006767000,3,1,2,0
22140006769000,3,1,2,0
22140006772000,2,1,1,0
22140006778000,4,2,2,0
22140006786000,2,1,1,0
22140006837000,1,1,0,0
22140006838000,19,8,11,731.5
22140006847000,33,19,14,1488.3
22140006848000,23,12,11,1058
22140006849000,1,1,0,0
22140006864000,2,1,1,0
22140006952000,9,4,5,439.2
22140006953000,16,8,8,630.4
22140006954000,5,2,3,216
22140007000000,15,11,4,627
22140007001000,13,7,6,583.7
22140007009000,39,19,20,1497.6
22140007010000,2,1,1,0
22140007011000,6,3,3,319.2
22140007012000,27,16,11,1169.1
22140007013000,14,7,7,393.4
22140007035000,1,1,0,0
22140007037000,18,10,8,1029.6
22140007038000,10,5,5,253
22140007046000,1,1,0,0
22140007047000,7,5,2,300.3
22140007050000,18,9,9,741.6
22140007053000,3,2,1,0
22140007054000,2,1,1,0
22150006550000,464,207,257,26772.8
22150006551000,159,79,80,10255.5
22150006552000,3,1,2,0
22150006555000,1234,615,619,58615
22150006556000,3024,1434,1590,143035.2
22150006557000,2054,984,1070,93251.6
22150006558000,496,244,252,18054.4
22150006559000,6,2,4,157.2
22150006560000,3,2,1,0
22150006561000,40,19,21,1424
22150006562000,3,2,1,0
22150006567000,28,17,11,982.8
22150006568000,9,3,6,414
22150006569000,34,19,15,1540.2
22150006570000,27,17,10,1128.6
22150006571000,36,20,16,1623.6
22150006572000,5,3,2,104
22150006593000,3,2,1,0
22150006594000,28,14,14,1290.8
22150006595000,16,10,6,622.4
22150006596000,14,10,4,449.4
22150006597000,22,13,9,979
22150006598000,3,1,2,0
22150006599000,14,9,5,546
22150006600000,9,3,6,338.4
22150006604000,17,7,10,698.7
22150006605000,49,26,23,1960
22150006606000,31,16,15,1336.1
22150006620000,34,20,14,1346.4
22150006621000,2,1,1,0
22150006624000,6,3,3,175.8
22150006632000,50,25,25,2060
22150006633000,17,8,9,749.7
22150006634000,46,25,21,2208
22150006635000,554,276,278,22769.4
22150006636000,406,222,184,14940.8
22150006637000,135,63,72,5278.5
22150006638000,273,128,145,8108.1
22150006643000,6,4,2,238.8
22150006644000,67,37,30,2525.9
22150006645000,26,15,11,1034.8
22150006646000,78,42,36,2901.6
22150006647000,63,32,31,2564.1
22150006648000,73,42,31,3095.2
22150006649000,111,58,53,4206.9
22150006650000,396,206,190,15800.4
22150006651000,433,209,224,16540.6
22150006652000,74,46,28,2730.6
22150006653000,10,6,4,433
22150006654000,23,10,13,922.3
22150006655000,37,20,17,1520.7
22150006656000,6,2,4,288
22150006658000,8,2,6,212.8
22150006659000,28,15,13,1139.6
22150006660000,28,15,13,1159.2
22150006661000,39,23,16,1665.3
22150006662000,45,26,19,1827
22150006663000,51,25,26,2065.5
22150006664000,2,2,0,0
22150006688000,4,1,3,0
22150006689000,23,14,9,949.9
22150006696000,1,1,0,0
22150006699000,4,3,1,0
22150006700000,38,20,18,1143.8
22150006701000,2,1,1,0
22150006702000,1,0,1,0
22150006703000,8,5,3,447.2
22150006723000,20,9,11,1136
22150006724000,4,2,2,0
22150006734000,9,4,5,342
22150006735000,10,6,4,345
22150006753000,8,5,3,515.2
22150006754000,14,6,8,711.2
22150006755000,45,24,21,2011.5
22150006756000,5,2,3,150
22150006758000,1,1,0,0
22150006772000,1,1,0,0
22150006838000,28,14,14,921.2
22150006839000,2,1,1,0
22150006847000,6,3,3,370.2
22150006848000,18,9,9,563.4
22150006862000,5,2,3,155
22150006873000,3,2,1,0
22150006911000,2,1,1,0
22150006954000,23,12,11,869.4
22150006955000,3,1,2,0
22150006999000,6,4,2,249
22150007000000,3,2,1,0
22150007009000,14,8,6,523.6
22150007012000,5,2,3,206
22150007013000,23,11,12,770.5
22150007021000,5,3,2,353
22150007037000,2,1,1,0
22150007038000,28,15,13,1173.2
22150007048000,16,8,8,824
22150007049000,1,0,1,0
22150007053000,3,3,0,0
22150007054000,1,1,0,0
22150007055000,7,5,2,174.3
22150007056000,2,1,1,0
22150007109000,1,0,1,0
22160006553000,2,1,1,0
22160006554000,677,349,328,25996.8
22160006555000,753,401,352,29969.4
22160006556000,2055,1019,1036,82611
22160006557000,2429,1140,1289,110033.7
22160006558000,931,482,449,39846.8
22160006559000,810,396,414,28917
22160006561000,5,3,2,282
22160006563000,10,6,4,289
22160006564000,9,6,3,323.1
22160006565000,17,10,7,644.3
22160006566000,21,9,12,777
22160006567000,26,12,14,1120.6
22160006568000,75,37,38,2895
22160006569000,22,10,12,972.4
22160006570000,6,4,2,177
22160006579000,2,1,1,0
22160006581000,5,4,1,135
22160006582000,2,1,1,0
22160006584000,6,2,4,153
22160006595000,11,6,5,504.9
22160006596000,7,3,4,294
22160006597000,4,2,2,0
22160006598000,26,13,13,850.2
22160006599000,34,19,15,1411
22160006600000,8,4,4,338.4
22160006601000,12,7,5,486
22160006602000,2,1,1,0
22160006603000,2,1,1,0
22160006604000,109,51,58,4370.9
22160006605000,125,64,61,5112.5
22160006606000,9,4,5,168.3
22160006632000,30,15,15,1335
22160006633000,63,37,26,2891.7
22160006634000,46,27,19,2313.8
22160006635000,777,418,359,29759.1
22160006636000,98,53,45,3988.6
22160006637000,19,9,10,663.1
22160006649000,378,192,186,16745.4
22160006650000,905,420,485,42625.5
22160006651000,186,87,99,7681.8
22160006653000,24,12,12,1080
22160006654000,57,29,28,2382.6
22160006655000,37,21,16,1642.8
22160006656000,7,4,3,427.7
22160006657000,12,8,4,417.6
22160006660000,217,106,111,7855.4
22160006661000,78,38,40,3361.8
22160006662000,5,3,2,186
22160006688000,22,12,10,860.2
22160006689000,16,7,9,758.4
22160006690000,6,3,3,235.2
22160006691000,2,1,1,0
22160006697000,7,3,4,307.3
22160006699000,17,9,8,714
22160006700000,17,11,6,858.5
22160006701000,2,2,0,0
22160006723000,3,3,0,0
22160006735000,13,6,7,656.5
22160006754000,4,2,2,0
22160006755000,22,12,10,891
22160006770000,4,2,2,0
22160006814000,1,1,0,0
22160006833000,1,1,0,0
22160006834000,2,2,0,0
22160006838000,41,21,20,1873.7
22160006839000,9,5,4,423.9
22160006843000,7,3,4,263.9
22160006844000,2,1,1,0
22160006847000,12,7,5,566.4
22160006848000,7,3,4,303.1
22160006910000,7,3,4,308.7
22160006951000,6,4,2,360
22160006954000,36,19,17,1393.2
22160006955000,30,13,17,1044
22160007009000,23,13,10,991.3
22160007011000,8,4,4,516.8
22160007022000,4,3,1,0
22160007023000,6,2,4,259.2
22160007040000,1,0,1,0
22160007047000,12,8,4,424.8
22160007048000,5,3,2,275
22160007055000,27,18,9,958.5
22160007056000,1,1,0,0
22170006552000,95,50,45,4408
22170006553000,1389,686,703,55698.9
22170006554000,1021,490,531,45740.8
22170006555000,665,318,347,27331.5
22170006556000,8,2,6,384.8
22170006557000,181,86,95,9031.9
22170006558000,14,9,5,583.8
22170006559000,246,141,105,8462.4
22170006560000,148,76,72,5313.2
22170006561000,14,8,6,747.6
22170006562000,42,24,18,1142.4
22170006563000,13,7,6,716.3
22170006564000,22,12,10,983.4
22170006565000,17,11,6,576.3
22170006566000,38,23,15,1387
22170006567000,35,20,15,1361.5
22170006568000,6,4,2,271.8
22170006573000,4,3,1,0
22170006574000,16,8,8,779.2
22170006575000,4,1,3,0
22170006576000,4,2,2,0
22170006578000,2,1,1,0
22170006597000,8,4,4,443.2
22170006598000,38,18,20,1645.4
22170006599000,6,2,4,166.2
22170006600000,6,3,3,277.2
22170006601000,5,3,2,292
22170006602000,105,54,51,4588.5
22170006603000,173,95,78,7681.2
22170006604000,496,242,254,23956.8
22170006605000,255,131,124,10251
22170006606000,5,3,2,236
22170006620000,5,2,3,215
22170006621000,6,3,3,195
22170006622000,3,2,1,0
22170006630000,2,1,1,0
22170006632000,37,19,18,1594.7
22170006633000,9,4,5,290.7
22170006634000,92,43,49,3670.8
22170006635000,842,436,406,30733
22170006636000,108,59,49,4989.6
22170006649000,8,4,4,423.2
22170006650000,130,67,63,4017
22170006651000,617,318,299,22829
22170006652000,472,227,245,21240
22170006653000,11,5,6,492.8
22170006654000,173,86,87,6297.2
22170006655000,62,30,32,2802.4
22170006657000,3,2,1,0
22170006658000,13,7,6,465.4
22170006659000,15,8,7,558
22170006660000,19,8,11,906.3
22170006661000,23,12,11,763.6
22170006662000,15,6,9,505.5
22170006688000,10,7,3,669
22170006689000,8,2,6,200.8
22170006690000,7,4,3,175
22170006700000,1,1,0,0
22170006723000,7,2,5,380.8
22170006724000,4,3,1,0
22170006735000,20,9,11,864
22170006754000,5,3,2,138
22170006764000,1,1,0,0
22170006773000,3,2,1,0
22170006813000,2,1,1,0
22170006838000,11,6,5,574.2
22170006847000,1,0,1,0
22170006848000,34,22,12,1356.6
22170006849000,12,7,5,416.4
22170006850000,1,1,0,0
22170006910000,4,2,2,0
22170006951000,1,1,0,0
22170006952000,3,2,1,0
22170006954000,64,35,29,3148.8
22170006955000,16,8,8,926.4
22170006956000,3,1,2,0
22170006999000,7,3,4,284.9
22170007009000,20,13,7,896
22170007011000,6,3,3,255
22170007012000,9,4,5,484.2
22170007014000,12,6,6,652.8
22170007023000,2,1,1,0
22170007055000,5,2,3,117
22170007056000,5,3,2,284
22180006552000,3,2,1,0
22180006553000,243,119,124,9136.8
22180006554000,174,86,88,7151.4
22180006555000,1018,503,515,37666
22180006556000,358,177,181,14892.8
22180006557000,9,7,2,406.8
22180006558000,16,8,8,630.4
22180006559000,17,10,7,712.3
22180006560000,328,171,157,11808
22180006561000,45,25,20,1872
22180006562000,5,3,2,250
22180006563000,4,2,2,0
22180006564000,30,16,14,1080
22180006565000,33,17,16,1376.1
22180006566000,10,4,6,333
22180006568000,4,2,2,0
22180006569000,26,11,15,1008.8
22180006570000,18,9,9,676.8
22180006571000,5,3,2,312
22180006572000,15,9,6,651
22180006573000,25,14,11,867.5
22180006574000,21,12,9,795.9
22180006575000,53,31,22,1759.6
22180006576000,30,14,16,1266
22180006577000,2,2,0,0
22180006583000,2,2,0,0
22180006584000,6,2,4,237
22180006585000,6,4,2,306
22180006586000,15,7,8,430.5
22180006587000,25,12,13,1080
22180006599000,7,3,4,275.1
22180006600000,22,12,10,778.8
22180006601000,25,12,13,1157.5
22180006602000,10,4,6,450
22180006603000,33,17,16,1376.1
22180006604000,47,23,24,2002.2
22180006605000,11,5,6,511.5
22180006616000,15,8,7,370.5
22180006617000,11,6,5,474.1
22180006618000,1,1,0,0
22180006619000,8,3,5,330.4
22180006620000,30,17,13,1293
22180006621000,1,1,0,0
22180006632000,128,68,60,4544
22180006633000,835,420,415,31229
22180006634000,219,117,102,9000.9
22180006635000,605,290,315,23171.5
22180006636000,174,90,84,6925.2
22180006652000,331,168,163,13537.9
22180006653000,580,297,283,21692
22180006654000,351,193,158,13548.6
22180006655000,78,36,42,3260.4
22180006656000,6,4,2,309
22180006657000,17,6,11,703.8
22180006658000,124,57,67,4625.2
22180006659000,24,13,11,1082.4
22180006660000,29,14,15,1539.9
22180006667000,4,1,3,0
22180006687000,10,7,3,383
22180006688000,91,48,43,3148.6
22180006689000,44,22,22,1760
22180006690000,1,1,0,0
22180006724000,5,2,3,188
22180006734000,45,26,19,1989
22180006735000,16,9,7,876.8
22180006754000,1,1,0,0
22180006755000,3,2,1,0
22180006813000,6,3,3,250.2
22180006814000,4,3,1,0
22180006836000,4,1,3,0
22180006837000,78,41,37,3400.8
22180006838000,32,17,15,1449.6
22180006839000,9,4,5,393.3
22180006847000,19,9,10,680.2
22180006848000,578,282,296,25200.8
22180006849000,38,20,18,1656.8
22180006850000,13,6,7,599.3
22180006851000,6,3,3,262.8
22180006910000,8,3,5,260
22180006938000,5,3,2,171
22180006951000,8,6,2,296.8
22180006952000,3,2,1,0
22180006953000,4,2,2,0
22180006954000,44,22,22,1821.6
22180006955000,5,4,1,172
22180006999000,17,10,7,758.2
22180007008000,16,9,7,700.8
22180007009000,8,5,3,319.2
22180007012000,10,6,4,448
22180007014000,12,4,8,446.4
22180007015000,7,5,2,256.9
22180007023000,5,2,3,196
22180007038000,6,3,3,439.8
22180007049000,2,2,0,0
22180007056000,3,2,1,0
22180007057000,2,1,1,0
22180007061000,3,1,2,0
22180007062000,11,7,4,588.5
22190006553000,7,4,3,377.3
22190006554000,60,32,28,2922
22190006555000,137,70,67,5014.2
22190006556000,87,52,35,3166.8
22190006557000,16,10,6,702.4
22190006558000,11,7,4,420.2
22190006559000,28,17,11,814.8
22190006560000,585,291,294,21937.5
22190006561000,58,32,26,2256.2
22190006564000,17,9,8,583.1
22190006565000,19,11,8,554.8
22190006567000,8,3,5,224
22190006568000,14,6,8,695.8
22190006569000,17,10,7,635.8
22190006570000,9,5,4,313.2
22190006571000,11,5,6,551.1
22190006572000,37,19,18,1269.1
22190006573000,58,35,23,2354.8
22190006574000,63,33,30,2633.4
22190006575000,2,1,1,0
22190006580000,9,6,3,306
22190006581000,25,10,15,1050
22190006582000,51,25,26,1795.2
22190006583000,42,23,19,1625.4
22190006584000,11,5,6,587.4
22190006585000,17,10,7,776.9
22190006586000,8,6,2,450.4
22190006587000,5,3,2,307
22190006614000,3,2,1,0
22190006616000,35,19,16,1438.5
22190006617000,104,56,48,4222.4
22190006618000,10,5,5,264
22190006632000,25,16,9,970
22190006633000,1640,836,804,62812
22190006634000,1531,710,821,73028.7
22190006635000,2065,1044,1021,79709
22190006636000,979,504,475,34265
22190006651000,3,0,3,0
22190006652000,23,14,9,995.9
22190006653000,132,71,61,5385.6
22190006654000,501,265,236,21292.5
22190006655000,466,230,236,19805
22190006656000,56,32,24,2508.8
22190006657000,389,191,198,13692.8
22190006658000,64,37,27,2700.8
22190006659000,21,10,11,837.9
22190006660000,25,11,14,980
22190006661000,26,14,12,1229.8
22190006662000,32,16,16,1155.2
22190006665000,1,1,0,0
22190006666000,2,1,1,0
22190006667000,7,4,3,205.8
22190006668000,6,4,2,321
22190006687000,9,5,4,561.6
22190006688000,184,88,96,8997.6
22190006689000,242,119,123,11228.8
22190006690000,82,34,48,4272.2
22190006733000,7,5,2,340.9
22190006734000,114,58,56,5312.4
22190006755000,4,2,2,0
22190006757000,1,0,1,0
22190006777000,2,1,1,0
22190006810000,3,1,2,0
22190006812000,10,6,4,625
22190006813000,18,10,8,774
22190006814000,3,2,1,0
22190006837000,33,19,14,1277.1
22190006838000,27,15,12,1069.2
22190006839000,137,70,67,5534.8
22190006840000,29,16,13,997.6
22190006841000,127,63,64,4762.5
22190006842000,11,7,4,613.8
22190006843000,19,10,9,866.4
22190006844000,30,14,16,1086
22190006845000,5,3,2,199
22190006848000,158,85,73,7015.2
22190006849000,9,5,4,270
22190006850000,8,4,4,256
22190006853000,17,9,8,792.2
22190006864000,19,9,10,539.6
22190006939000,6,2,4,223.8
22190006951000,10,4,6,382
22190006954000,39,24,15,1918.8
22190006998000,7,4,3,291.9
22190006999000,2,1,1,0
22190007008000,7,3,4,254.1
22190007013000,7,4,3,326.2
22190007015000,8,4,4,312.8
22190007016000,3,2,1,0
22190007038000,21,9,12,932.4
22190007069000,34,16,18,1309
22190007070000,3,2,1,0
22190007071000,2,1,1,0
22200006551000,6,3,3,115.2
22200006552000,3,2,1,0
22200006553000,2,1,1,0
22200006554000,102,49,53,5436.6
22200006555000,107,56,51,4793.6
22200006556000,927,423,504,37265.4
22200006557000,21,11,10,821.1
22200006558000,9,4,5,496.8
22200006559000,44,22,22,1874.4
22200006560000,35,15,20,1218
22200006561000,53,29,24,1637.7
22200006562000,120,64,56,4836
22200006563000,43,18,25,1720
22200006565000,4,2,2,0
22200006566000,24,14,10,1132.8
22200006567000,29,18,11,1568.9
22200006568000,2,1,1,0
22200006569000,13,8,5,478.4
22200006570000,5,4,1,196
22200006572000,16,8,8,603.2
22200006573000,37,18,19,1298.7
22200006575000,33,19,14,983.4
22200006576000,3,1,2,0
22200006577000,6,3,3,165
22200006578000,13,9,4,477.1
22200006579000,11,6,5,400.4
22200006580000,12,7,5,450
22200006581000,39,15,24,1669.2
22200006582000,62,25,37,2362.2
22200006583000,96,46,50,3484.8
22200006584000,22,10,12,937.2
22200006585000,7,3,4,256.2
22200006586000,15,8,7,379.5
22200006587000,36,21,15,1479.6
22200006588000,35,16,19,1354.5
22200006589000,3,1,2,0
22200006603000,3,1,2,0
22200006605000,21,12,9,1131.9
22200006606000,20,11,9,730
22200006608000,8,4,4,360
22200006614000,15,7,8,519
22200006615000,67,37,30,2204.3
22200006616000,58,31,27,2314.2
22200006617000,70,39,31,3115
22200006631000,83,46,37,2763.9
22200006632000,1481,741,740,52279.3
22200006633000,1420,714,706,58930
22200006634000,1129,573,556,44482.6
22200006635000,1213,597,616,48156.1
22200006636000,16,8,8,529.6
22200006653000,7,4,3,384.3
22200006654000,81,42,39,3207.6
22200006655000,66,30,36,3115.2
22200006656000,97,52,45,3967.3
22200006657000,450,226,224,19395
22200006658000,1036,487,549,50971.2
22200006659000,412,196,216,17468.8
22200006660000,41,23,18,1808.1
22200006661000,11,7,4,569.8
22200006662000,28,16,12,1022
22200006664000,22,11,11,930.6
22200006665000,10,6,4,336
22200006666000,5,3,2,210
22200006667000,2,1,1,0
22200006668000,4,3,1,0
22200006685000,2,1,1,0
22200006686000,8,4,4,324.8
22200006687000,128,64,64,5299.2
22200006688000,10,5,5,460
22200006689000,2,1,1,0
22200006690000,8,4,4,318.4
22200006691000,8,2,6,232
22200006723000,9,6,3,495
22200006724000,1,1,0,0
22200006732000,3,2,1,0
22200006733000,26,16,10,1016.6
22200006734000,1,0,1,0
22200006755000,2,1,1,0
22200006756000,19,10,9,828.4
22200006757000,16,7,9,707.2
22200006758000,1,0,1,0
22200006760000,2,1,1,0
22200006776000,2,1,1,0
22200006777000,3,3,0,0
22200006778000,1,1,0,0
22200006810000,6,4,2,208.2
22200006811000,31,16,15,1351.6
22200006812000,37,20,17,1402.3
22200006813000,4,2,2,0
22200006837000,14,9,5,845.6
22200006838000,72,37,35,2923.2
22200006839000,14,5,9,708.4
22200006840000,219,106,113,9701.7
22200006841000,571,268,303,28949.7
22200006842000,24,14,10,993.6
22200006843000,15,8,7,529.5
22200006844000,28,11,17,1512
22200006845000,21,12,9,1096.2
22200006846000,15,7,8,487.5
22200006847000,4,2,2,0
22200006848000,42,23,19,2028.6
22200006852000,4,1,3,0
22200006859000,2,1,1,0
22200006919000,3,1,2,0
22200006937000,7,4,3,231.7
22200006939000,31,15,16,1534.5
22200006940000,26,13,13,1032.2
22200006941000,2,1,1,0
22200006950000,1,0,1,0
22200006951000,5,3,2,273
22200006952000,12,8,4,411.6
22200006953000,6,2,4,376.2
22200006954000,33,16,17,1323.3
22200006955000,37,22,15,1576.2
22200006956000,5,3,2,210
22200006961000,1,1,0,0
22200006998000,7,0,7,118.3
22200007008000,2,1,1,0
22200007013000,6,4,2,222
22200007016000,12,5,7,592.8
22200007023000,1,0,1,0
22200007036000,8,5,3,406.4
22200007038000,1,0,1,0
22200007039000,2,1,1,0
22200007047000,3,2,1,0
22210006552000,32,16,16,1504
22210006553000,32,14,18,1337.6
22210006555000,92,45,47,3836.4
22210006556000,346,184,162,13355.6
22210006557000,135,67,68,5548.5
22210006558000,36,20,16,1425.6
22210006559000,16,8,8,720
22210006560000,31,16,15,1156.3
22210006561000,32,16,16,1180.8
22210006562000,14,8,6,721
22210006563000,122,75,47,5453.4
22210006564000,15,8,7,733.5
22210006565000,9,6,3,314.1
22210006567000,7,3,4,345.1
22210006568000,18,8,10,806.4
22210006569000,30,19,11,1278
22210006572000,6,3,3,234
22210006573000,49,24,25,1857.1
22210006574000,3,1,2,0
22210006575000,26,15,11,1123.2
22210006576000,6,3,3,208.2
22210006577000,1,1,0,0
22210006580000,2,1,1,0
22210006583000,83,42,41,3411.3
22210006584000,8,5,3,487.2
22210006586000,1,1,0,0
22210006587000,7,3,4,189
22210006588000,36,22,14,1116
22210006589000,21,11,10,840
22210006590000,22,11,11,902
22210006599000,8,5,3,240
22210006600000,9,6,3,349.2
22210006601000,4,3,1,0
22210006602000,18,6,12,682.2
22210006603000,2,1,1,0
22210006604000,13,6,7,503.1
22210006605000,35,17,18,1333.5
22210006606000,81,50,31,3078
22210006607000,4,3,1,0
22210006608000,31,18,13,1122.2
22210006609000,359,169,190,15257.5
22210006610000,72,36,36,3110.4
22210006611000,57,27,30,2200.2
22210006612000,24,13,11,1106.4
22210006613000,62,32,30,2504.8
22210006614000,27,16,11,1298.7
22210006615000,33,17,16,1339.8
22210006616000,1,1,0,0
22210006617000,4,2,2,0
22210006630000,7,4,3,357.7
22210006631000,37,19,18,1713.1
22210006632000,65,38,27,2372.5
22210006633000,129,73,56,4927.8
22210006634000,1461,730,731,55371.9
22210006635000,1687,825,862,58370.2
22210006656000,20,9,11,788
22210006657000,156,77,79,6879.6
22210006658000,132,62,70,5689.2
22210006659000,548,264,284,22522.8
22210006660000,84,45,39,2688
22210006661000,21,12,9,852.6
22210006662000,45,23,22,2142
22210006663000,45,19,26,1827
22210006664000,62,27,35,2132.8
22210006665000,54,20,34,2235.6
22210006666000,20,11,9,682
22210006667000,21,11,10,997.5
22210006684000,8,4,4,239.2
22210006685000,30,17,13,1383
22210006686000,15,9,6,624
22210006687000,40,20,20,1852
22210006688000,18,6,12,797.4
22210006689000,9,4,5,432.9
22210006690000,5,2,3,195
22210006731000,23,14,9,1301.8
22210006732000,6,2,4,400.8
22210006733000,9,4,5,383.4
22210006734000,3,2,1,0
22210006755000,11,5,6,356.4
22210006756000,33,16,17,1422.3
22210006757000,8,3,5,403.2
22210006770000,1,1,0,0
22210006775000,1,0,1,0
22210006777000,10,3,7,352
22210006810000,12,8,4,609.6
22210006811000,13,8,5,607.1
22210006812000,5,3,2,294
22210006827000,1,0,1,0
22210006829000,1,1,0,0
22210006831000,2,0,2,0
22210006832000,2,2,0,0
22210006833000,2,1,1,0
22210006837000,12,7,5,384
22210006838000,66,32,34,3069
22210006839000,39,17,22,2164.5
22210006840000,757,368,389,33005.2
22210006841000,204,104,100,8914.8
22210006842000,12,8,4,338.4
22210006844000,3,2,1,0
22210006845000,12,5,7,498
22210006846000,23,13,10,1062.6
22210006847000,35,19,16,1319.5
22210006848000,32,13,19,1548.8
22210006854000,2,1,1,0
22210006855000,2,1,1,0
22210006856000,2,1,1,0
22210006857000,9,6,3,497.7
22210006858000,5,4,1,145
22210006934000,2,1,1,0
22210006940000,10,6,4,389
22210006941000,11,7,4,551.1
22210006942000,10,6,4,408
22210006944000,10,5,5,317
22210006945000,2,1,1,0
22210006952000,16,6,10,467.2
22210006954000,70,35,35,2436
22210006955000,51,27,24,2116.5
22210006956000,10,6,4,501
22210006957000,6,3,3,100.2
22210006967000,3,2,1,0
22210007008000,1,1,0,0
22210007009000,2,1,1,0
22210007017000,3,2,1,0
22210007018000,1,1,0,0
22210007023000,1,1,0,0
22210007035000,10,5,5,454
22210007036000,25,17,8,1015
22210007049000,11,6,5,430.1
22210007052000,1,1,0,0
22210007053000,4,3,1,0
22210007059000,4,2,2,0
22210007070000,8,5,3,418.4
22210007071000,4,2,2,0
22220006553000,14,6,8,747.6
22220006555000,2,2,0,0
22220006556000,44,25,19,1540
22220006557000,293,153,140,11046.1
22220006558000,16,11,5,820.8
22220006559000,31,15,16,1174.9
22220006560000,1,1,0,0
22220006561000,14,7,7,610.4
22220006562000,14,10,4,705.6
22220006563000,15,7,8,606
22220006564000,108,58,50,3596.4
22220006565000,36,15,21,1526.4
22220006566000,4,3,1,0
22220006567000,9,6,3,447.3
22220006571000,9,4,5,378
22220006572000,32,18,14,1248
22220006573000,518,256,262,19425
22220006574000,453,237,216,16489.2
22220006575000,130,68,62,5226
22220006576000,14,7,7,414.4
22220006579000,6,5,1,220.2
22220006580000,2,1,1,0
22220006581000,4,3,1,0
22220006582000,32,16,16,908.8
22220006583000,26,13,13,1294.8
22220006584000,2,1,1,0
22220006586000,6,4,2,346.8
22220006589000,8,4,4,287.2
22220006590000,312,173,139,12012
22220006591000,25,15,10,820
22220006592000,10,6,4,375
22220006593000,33,15,18,1514.7
22220006594000,11,4,7,561
22220006595000,4,3,1,0
22220006596000,6,4,2,219
22220006597000,10,4,6,446
22220006598000,9,6,3,405.9
22220006599000,21,15,6,789.6
22220006600000,6,5,1,199.2
22220006601000,10,6,4,409
22220006602000,66,35,31,2349.6
22220006603000,38,19,19,1326.2
22220006604000,42,23,19,1810.2
22220006605000,12,8,4,574.8
22220006606000,23,14,9,851
22220006607000,25,13,12,945
22220006608000,30,13,17,1497
22220006609000,408,194,214,18727.2
22220006610000,236,118,118,8968
22220006611000,33,16,17,1263.9
22220006612000,10,4,6,524
22220006613000,8,5,3,498.4
22220006614000,27,9,18,1015.2
22220006615000,7,5,2,315.7
22220006616000,1,1,0,0
22220006630000,10,6,4,337
22220006631000,7,4,3,282.1
22220006633000,2,2,0,0
22220006634000,536,277,259,21118.4
22220006635000,1666,843,823,67639.6
22220006657000,4,2,2,0
22220006658000,18,7,11,856.8
22220006659000,17,8,9,834.7
22220006660000,22,10,12,1126.4
22220006661000,5,2,3,314
22220006662000,39,22,17,1505.4
22220006663000,61,31,30,2738.9
22220006664000,28,14,14,1156.4
22220006665000,32,15,17,1318.4
22220006666000,17,11,6,657.9
22220006667000,23,12,11,1311
22220006668000,12,5,7,327.6
22220006669000,1,1,0,0
22220006684000,19,9,10,596.6
22220006685000,17,8,9,547.4
22220006687000,2,1,1,0
22220006723000,7,1,6,319.9
22220006724000,12,7,5,505.2
22220006730000,6,3,3,375
22220006755000,11,7,4,519.2
22220006756000,31,17,14,1171.8
22220006757000,6,5,1,271.2
22220006774000,6,4,2,310.2
22220006775000,8,4,4,435.2
22220006776000,15,7,8,771
22220006777000,4,2,2,0
22220006808000,5,4,1,323
22220006809000,12,6,6,433.2
22220006812000,5,2,3,235
22220006829000,12,7,5,492
22220006830000,8,5,3,402.4
22220006831000,17,9,8,778.6
22220006836000,20,12,8,894
22220006837000,40,21,19,1700
22220006838000,30,16,14,1392
22220006839000,187,84,103,8396.3
22220006840000,463,240,223,17501.4
22220006841000,14,8,6,663.6
22220006908000,2,1,1,0
22220006933000,9,4,5,358.2
22220006942000,15,9,6,549
22220006943000,17,9,8,875.5
22220006944000,32,13,19,1420.8
22220006945000,12,6,6,490.8
22220006946000,12,8,4,420
22220006947000,7,1,6,177.1
22220006948000,2,1,1,0
22220006952000,19,8,11,710.6
22220006953000,13,8,5,504.4
22220006954000,194,96,98,6770.6
22220006955000,16,8,8,617.6
22220006971000,4,2,2,0
22220007008000,5,2,3,271
22220007016000,2,1,1,0
22220007017000,4,2,2,0
22220007018000,1,1,0,0
22220007048000,3,1,2,0
22220007049000,13,7,6,549.9
22220007050000,5,3,2,81
22220007053000,14,9,5,714
22220007056000,1,0,1,0
22220007063000,3,2,1,0
22220007064000,2,1,1,0
22220007070000,8,4,4,403.2
22220007071000,18,8,10,1038.6
22230006552000,43,24,19,2188.7
22230006553000,108,56,52,5529.6
22230006554000,48,27,21,2448
22230006555000,50,30,20,2165
22230006556000,69,32,37,3015.3
22230006557000,9,6,3,492.3
22230006558000,23,13,10,998.2
22230006559000,19,10,9,862.6
22230006560000,24,14,10,1017.6
22230006561000,55,29,26,2887.5
22230006562000,57,37,20,2673.3
22230006563000,15,7,8,472.5
22230006564000,288,154,134,10972.8
22230006565000,341,180,161,13367.2
22230006566000,37,21,16,1446.7
22230006567000,40,19,21,1520
22230006568000,29,16,13,1380.4
22230006570000,14,6,8,603.4
22230006571000,6,4,2,346.8
22230006572000,37,21,16,1143.3
22230006573000,19,10,9,731.5
22230006574000,48,23,25,1593.6
22230006575000,14,9,5,425.6
22230006576000,27,15,12,850.5
22230006579000,11,4,7,423.5
22230006580000,48,26,22,1958.4
22230006581000,3,2,1,0
22230006582000,9,4,5,440.1
22230006583000,64,29,35,2835.2
22230006584000,12,5,7,416.4
22230006585000,2,1,1,0
22230006587000,6,3,3,303
22230006589000,26,12,14,910
22230006590000,159,75,84,5739.9
22230006591000,82,43,39,3198
22230006592000,14,9,5,494.2
22230006593000,11,6,5,410.3
22230006594000,27,15,12,1044.9
22230006595000,15,8,7,808.5
22230006596000,22,11,11,1071.4
22230006597000,119,65,54,4474.4
22230006598000,8,4,4,340
22230006599000,15,8,7,799.5
22230006601000,10,4,6,346
22230006606000,7,3,4,198.8
22230006607000,57,33,24,2382.6
22230006608000,42,21,21,1843.8
22230006609000,21,12,9,707.7
22230006610000,20,12,8,598
22230006611000,12,5,7,469.2
22230006612000,36,21,15,1234.8
22230006613000,9,4,5,438.3
22230006614000,6,4,2,253.2
22230006615000,4,4,0,0
22230006630000,30,14,16,861
22230006631000,38,18,20,1584.6
22230006633000,40,20,20,1636
22230006634000,129,64,65,4798.8
22230006635000,1726,838,888,70075.6
22230006636000,215,96,119,6772.5
22230006660000,42,20,22,1772.4
22230006661000,14,6,8,722.4
22230006663000,8,6,2,384
22230006664000,17,10,7,766.7
22230006665000,36,20,16,1504.8
22230006666000,44,22,22,1804
22230006667000,26,16,10,1053
22230006668000,15,7,8,859.5
22230006669000,21,11,10,793.8
22230006684000,5,4,1,173
22230006685000,10,7,3,420
22230006723000,3,1,2,0
22230006724000,15,10,5,408
22230006730000,11,7,4,588.5
22230006754000,19,11,8,628.9
22230006755000,9,5,4,343.8
22230006756000,43,24,19,1526.5
22230006757000,2,2,0,0
22230006776000,15,6,9,631.5
22230006788000,2,0,2,0
22230006809000,7,4,3,364
22230006829000,7,3,4,252
22230006831000,1,1,0,0
22230006835000,3,1,2,0
22230006836000,10,6,4,358
22230006837000,61,38,23,3153.7
22230006839000,161,82,79,6971.3
22230006840000,53,29,24,2003.4
22230006841000,10,3,7,337
22230006842000,9,4,5,249.3
22230006906000,2,1,1,0
22230006907000,2,1,1,0
22230006943000,8,6,2,260.8
22230006944000,18,9,9,635.4
22230006945000,90,49,41,3348
22230006946000,5,2,3,255
22230006947000,21,12,9,1003.8
22230006948000,42,22,20,1822.8
22230006949000,10,6,4,365
22230006951000,11,5,6,490.6
22230006952000,8,3,5,295.2
22230006953000,75,37,38,3232.5
22230006954000,12,6,6,294
22230006971000,22,14,8,1014.2
22230006972000,6,3,3,171
22230007049000,1,0,1,0
22230007057000,1,1,0,0
22230007070000,1,0,1,0
22230007071000,20,12,8,952
22230007072000,21,11,10,873.6
22230007073000,9,3,6,386.1
22240006553000,5,4,1,284
22240006554000,6,3,3,271.8
22240006555000,13,7,6,483.6
22240006556000,24,12,12,1192.8
22240006557000,106,55,51,4674.6
22240006558000,472,238,234,16236.8
22240006559000,7,4,3,221.9
22240006560000,2,1,1,0
22240006561000,31,18,13,1258.6
22240006562000,39,23,16,1684.8
22240006563000,363,189,174,14520
22240006564000,2317,1127,1190,88741.1
22240006565000,1370,641,729,54663
22240006566000,1134,584,550,43092
22240006567000,44,20,24,1509.2
22240006568000,65,30,35,2847
22240006569000,18,12,6,615.6
22240006570000,11,4,7,547.8
22240006571000,7,6,1,170.1
22240006572000,22,13,9,803
22240006575000,2,1,1,0
22240006576000,10,4,6,482
22240006577000,24,14,10,914.4
22240006578000,10,8,2,428
22240006579000,31,18,13,1249.3
22240006580000,18,11,7,761.4
22240006581000,8,5,3,378.4
22240006582000,22,13,9,794.2
22240006583000,96,52,44,3148.8
22240006584000,38,16,22,1273
22240006585000,296,153,143,10863.2
22240006586000,14,7,7,530.6
22240006587000,12,7,5,362.4
22240006588000,43,25,18,1909.2
22240006589000,50,23,27,1720
22240006590000,24,12,12,708
22240006591000,11,6,5,489.5
22240006592000,8,5,3,282.4
22240006595000,16,9,7,568
22240006596000,16,7,9,612.8
22240006597000,4,2,2,0
22240006598000,20,12,8,810
22240006600000,5,3,2,246
22240006601000,3,1,2,0
22240006602000,1,1,0,0
22240006603000,8,4,4,264
22240006604000,2,1,1,0
22240006606000,99,46,53,4385.7
22240006607000,431,224,207,18317.5
22240006609000,9,5,4,460.8
22240006610000,15,7,8,594
22240006611000,17,10,7,608.6
22240006612000,2,1,1,0
22240006613000,7,4,3,153.3
22240006630000,2,1,1,0
22240006631000,90,51,39,4068
22240006633000,160,90,70,6448
22240006634000,102,60,42,3957.6
22240006635000,780,408,372,28860
22240006661000,50,28,22,2150
22240006662000,25,12,13,1042.5
22240006665000,9,4,5,354.6
22240006666000,195,96,99,7800
22240006667000,198,95,103,9504
22240006668000,14,8,6,429.8
22240006669000,12,7,5,565.2
22240006673000,1,1,0,0
22240006684000,12,6,6,566.4
22240006685000,33,18,15,1211.1
22240006722000,1,0,1,0
22240006723000,2,2,0,0
22240006724000,16,9,7,760
22240006725000,1,1,0,0
22240006726000,5,2,3,234
22240006728000,2,1,1,0
22240006729000,7,4,3,389.2
22240006730000,2,1,1,0
22240006752000,3,2,1,0
22240006753000,3,2,1,0
22240006754000,27,16,11,693.9
22240006755000,17,11,6,727.6
22240006756000,11,7,4,277.2
22240006757000,5,2,3,207
22240006758000,1,1,0,0
22240006771000,1,1,0,0
22240006772000,2,1,1,0
22240006775000,24,13,11,1564.8
22240006776000,1,1,0,0
22240006787000,2,1,1,0
22240006788000,4,2,2,0
22240006809000,18,8,10,1031.4
22240006810000,1,0,1,0
22240006835000,21,12,9,567
22240006836000,28,18,10,1349.6
22240006837000,107,56,51,3905.5
22240006839000,24,11,13,1008
22240006840000,50,23,27,2180
22240006841000,32,22,10,896
22240006842000,3,1,2,0
22240006905000,3,1,2,0
22240006907000,1,0,1,0
22240006944000,15,9,6,535.5
22240006945000,22,10,12,704
22240006946000,7,3,4,424.9
22240006947000,10,4,6,442
22240006948000,22,12,10,783.2
22240006949000,21,11,10,661.5
22240006950000,22,9,13,941.6
22240006951000,7,4,3,198.8
22240006952000,1,0,1,0
22240006953000,45,21,24,1579.5
22240006971000,11,6,5,480.7
22240006972000,26,16,10,1203.8
22240007008000,3,2,1,0
22240007014000,4,2,2,0
22240007015000,10,5,5,495
22240007016000,9,4,5,439.2
22240007041000,7,5,2,242.2
22240007070000,9,6,3,313.2
22240007071000,5,2,3,304
22240007072000,21,8,13,825.3
22240007073000,6,4,2,226.2
22250006554000,54,30,24,2538
22250006555000,40,24,16,1696
22250006556000,72,42,30,3456
22250006557000,29,14,15,1476.1
22250006558000,174,87,87,6542.4
22250006559000,730,351,379,29419
22250006560000,617,300,317,23877.9
22250006561000,221,116,105,8508.5
22250006562000,480,236,244,19968
22250006563000,800,407,393,28960
22250006564000,1403,669,734,57663.3
22250006565000,2390,1151,1239,102053
22250006566000,1185,587,598,42423
22250006567000,147,79,68,5277.3
22250006568000,136,68,68,5032
22250006569000,6,4,2,258
22250006571000,4,2,2,0
22250006572000,20,10,10,730
22250006573000,6,2,4,214.2
22250006574000,14,9,5,670.6
22250006575000,49,28,21,2023.7
22250006576000,1,1,0,0
22250006577000,50,25,25,1825
22250006578000,26,17,9,1107.6
22250006580000,9,6,3,318.6
22250006581000,14,9,5,551.6
22250006582000,16,7,9,590.4
22250006583000,468,232,236,21247.2
22250006584000,644,308,336,28851.2
22250006585000,45,26,19,1624.5
22250006586000,27,13,14,939.6
22250006587000,8,3,5,268
22250006589000,22,11,11,891
22250006590000,3,2,1,0
22250006591000,36,20,16,1526.4
22250006592000,45,23,22,1818
22250006601000,1,1,0,0
22250006602000,6,3,3,283.8
22250006603000,13,4,9,401.7
22250006604000,14,8,6,389.2
22250006606000,21,13,8,942.9
22250006607000,19,12,7,771.4
22250006612000,43,22,21,1302.9
22250006616000,3,2,1,0
22250006617000,2,2,0,0
22250006626000,21,12,9,825.3
22250006627000,4,2,2,0
22250006629000,19,9,10,579.5
22250006630000,44,23,21,1874.4
22250006631000,125,62,63,4962.5
22250006633000,240,124,116,9504
22250006634000,1316,660,656,56982.8
22250006635000,553,267,286,22562.4
22250006662000,20,10,10,960
22250006666000,14,5,9,613.2
22250006667000,35,18,17,1592.5
22250006668000,36,18,18,1306.8
22250006670000,7,4,3,189
22250006672000,22,11,11,840.4
22250006673000,32,17,15,1523.2
22250006674000,7,4,3,270.9
22250006684000,17,7,10,525.3
22250006685000,70,32,38,2828
22250006686000,9,6,3,570.6
22250006687000,2,1,1,0
22250006715000,8,5,3,346.4
22250006723000,6,5,1,226.8
22250006724000,178,85,93,9238.2
22250006725000,50,25,25,2830
22250006726000,26,15,11,1437.8
22250006727000,7,5,2,371
22250006728000,9,5,4,497.7
22250006729000,7,5,2,501.2
22250006752000,1,1,0,0
22250006754000,30,15,15,1224
22250006755000,23,16,7,713
22250006756000,10,4,6,490
22250006771000,1,1,0,0
22250006772000,4,2,2,0
22250006774000,9,7,2,484.2
22250006775000,23,12,11,671.6
22250006808000,8,4,4,332
22250006809000,23,12,11,998.2
22250006810000,4,2,2,0
22250006836000,52,24,28,2158
22250006837000,32,15,17,1152
22250006838000,13,7,6,621.4
22250006839000,10,6,4,437
22250006840000,3,1,2,0
22250006841000,3,1,2,0
22250006905000,2,1,1,0
22250006906000,4,2,2,0
22250006947000,6,4,2,331.8
22250006948000,18,10,8,720
22250006949000,32,20,12,1344
22250006950000,18,9,9,862.2
22250006951000,50,29,21,2115
22250006952000,88,41,47,3634.4
22250006953000,57,30,27,2342.7
22250006972000,1,1,0,0
22250006973000,20,12,8,970
22250007007000,1,1,0,0
22250007008000,6,3,3,190.8
22250007015000,9,5,4,443.7
22250007017000,6,2,4,393
22250007041000,133,71,62,5931.8
22250007042000,22,13,9,948.2
22250007048000,4,2,2,0
22250007049000,1,0,1,0
22250007051000,3,2,1,0
22250007059000,6,4,2,208.2
22250007070000,3,2,1,0
22250007086000,4,2,2,0
22250007087000,5,3,2,148
22250007089000,3,2,1,0
22260006554000,120,65,55,5052
22260006555000,24,13,11,1192.8
22260006556000,4,4,0,0
22260006557000,3,1,2,0
22260006558000,5,2,3,271
22260006559000,87,40,47,3793.2
22260006560000,905,452,453,36200
22260006561000,979,506,473,38964.2
22260006562000,1170,546,624,60723
22260006563000,798,378,420,32478.6
22260006564000,4165,1944,2221,209499.5
22260006565000,1479,742,737,61822.2
22260006566000,2176,1083,1093,83776
22260006567000,605,316,289,21356.5
22260006568000,539,265,274,19943
22260006569000,450,242,208,14490
22260006570000,96,47,49,3139.2
22260006571000,10,5,5,282
22260006572000,3,2,1,0
22260006574000,25,14,11,1067.5
22260006575000,31,13,18,1249.3
22260006576000,8,4,4,274.4
22260006577000,1,1,0,0
22260006578000,12,5,7,502.8
22260006579000,20,11,9,710
22260006580000,14,7,7,515.2
22260006581000,20,12,8,1144
22260006582000,32,18,14,1008
22260006583000,519,264,255,17801.7
22260006584000,72,41,31,2786.4
22260006585000,14,7,7,568.4
22260006589000,8,3,5,219.2
22260006590000,24,13,11,950.4
22260006591000,20,13,7,638
22260006592000,64,29,35,1836.8
22260006598000,5,3,2,291
22260006599000,14,6,8,481.6
22260006600000,2,2,0,0
22260006601000,2,1,1,0
22260006602000,10,4,6,667
22260006603000,13,7,6,526.5
22260006604000,22,15,7,781
22260006605000,18,8,10,732.6
22260006606000,60,32,28,2544
22260006607000,6,5,1,237
22260006608000,12,5,7,326.4
22260006609000,17,8,9,831.3
22260006610000,21,12,9,972.3
22260006611000,6,2,4,277.2
22260006612000,19,10,9,628.9
22260006616000,18,10,8,797.4
22260006617000,16,10,6,790.4
22260006626000,34,18,16,1489.2
22260006627000,50,29,21,1900
22260006629000,435,219,216,15051
22260006630000,1434,707,727,52914.6
22260006631000,1521,727,794,51866.1
22260006632000,48,25,23,1785.6
22260006633000,1542,693,849,73861.8
22260006634000,3203,1467,1736,136447.8
22260006635000,240,117,123,13440
22260006641000,7,1,6,263.9
22260006662000,9,6,3,480.6
22260006663000,8,5,3,363.2
22260006667000,1,0,1,0
22260006668000,7,5,2,345.8
22260006669000,33,16,17,1359.6
22260006670000,122,60,62,5026.4
22260006671000,168,80,88,6619.2
22260006672000,98,53,45,3802.4
22260006673000,57,29,28,2143.2
22260006674000,5,2,3,170
22260006684000,26,14,12,925.6
22260006685000,41,24,17,1902.4
22260006711000,2,2,0,0
22260006712000,10,6,4,523
22260006713000,6,4,2,262.8
22260006714000,5,3,2,303
22260006723000,7,3,4,350
22260006724000,5,1,4,218
22260006725000,8,4,4,335.2
22260006726000,11,6,5,402.6
22260006727000,3,1,2,0
22260006754000,39,17,22,1957.8
22260006755000,26,15,11,1084.2
22260006756000,1,1,0,0
22260006757000,1,0,1,0
22260006758000,2,1,1,0
22260006767000,11,4,7,567.6
22260006772000,9,3,6,329.4
22260006773000,15,6,9,933
22260006774000,15,8,7,616.5
22260006775000,3,2,1,0
22260006784000,2,1,1,0
22260006807000,2,1,1,0
22260006808000,34,23,11,1863.2
22260006824000,1,0,1,0
22260006835000,5,4,1,260
22260006836000,61,27,34,2415.6
22260006837000,47,23,24,1875.3
22260006838000,10,4,6,357
22260006906000,2,2,0,0
22260006949000,21,13,8,1016.4
22260006950000,599,315,284,21084.8
22260006951000,1020,507,513,45594
22260006952000,284,135,149,11274.8
22260006953000,9,3,6,207.9
22260006973000,22,11,11,789.8
22260007007000,5,3,2,181
22260007008000,19,9,10,784.7
22260007015000,10,6,4,494
22260007016000,2,1,1,0
22260007019000,6,4,2,207
22260007020000,8,4,4,440
22260007021000,2,1,1,0
22260007023000,3,2,1,0
22260007041000,21,14,7,863.1
22260007042000,1,0,1,0
22260007043000,2,1,1,0
22260007049000,1,1,0,0
22260007051000,1,0,1,0
22260007060000,8,4,4,418.4
22260007087000,2,1,1,0
22270006560000,226,109,117,10260.4
22270006561000,476,249,227,19611.2
22270006562000,1658,816,842,67314.8
22270006563000,1472,735,737,67564.8
22270006564000,1797,905,892,78888.3
22270006565000,1281,636,645,50471.4
22270006566000,831,424,407,33821.7
22270006567000,12,7,5,604.8
22270006568000,21,12,9,604.8
22270006569000,28,12,16,1215.2
22270006570000,88,49,39,3493.6
22270006571000,248,115,133,8754.4
22270006572000,70,37,33,2695
22270006573000,12,8,4,648
22270006575000,37,23,14,1787.1
22270006576000,25,11,14,1030
22270006577000,48,24,24,2035.2
22270006578000,20,11,9,978
22270006579000,96,54,42,3484.8
22270006580000,12,7,5,429.6
22270006581000,67,37,30,2479
22270006582000,56,26,30,2139.2
22270006583000,192,98,94,6624
22270006584000,2,1,1,0
22270006588000,4,3,1,0
22270006589000,5,3,2,181
22270006590000,6,2,4,199.8
22270006591000,9,5,4,466.2
22270006592000,21,9,12,919.8
22270006593000,70,35,35,2765
22270006594000,11,6,5,393.8
22270006595000,9,3,6,192.6
22270006596000,5,2,3,102
22270006597000,37,20,17,1339.4
22270006598000,120,62,58,4044
22270006599000,16,8,8,718.4
22270006600000,28,15,13,1120
22270006601000,19,9,10,794.2
22270006602000,74,38,36,2567.8
22270006603000,18,11,7,714.6
22270006604000,28,14,14,1134
22270006605000,43,24,19,1810.3
22270006606000,143,68,75,5348.2
22270006607000,17,11,6,780.3
22270006608000,15,9,6,619.5
22270006609000,2,1,1,0
22270006610000,2,1,1,0
22270006611000,4,1,3,0
22270006614000,5,3,2,308
22270006615000,36,17,19,1360.8
22270006616000,13,8,5,573.3
22270006617000,14,5,9,488.6
22270006618000,2,1,1,0
22270006625000,6,2,4,192
22270006626000,6,4,2,298.2
22270006627000,177,87,90,6407.4
22270006628000,1582,781,801,56477.4
22270006629000,1202,560,642,56494
22270006630000,2130,1046,1084,80940
22270006631000,1195,600,595,44334.5
22270006632000,1147,557,590,40030.3
22270006633000,1513,754,759,58855.7
22270006634000,3570,1644,1926,151725
22270006635000,41,19,22,2714.2
22270006662000,3,1,2,0
22270006663000,26,14,12,1346.8
22270006669000,27,17,10,1422.9
22270006670000,313,166,147,11268
22270006671000,228,118,110,9393.6
22270006672000,27,14,13,1053
22270006673000,14,8,6,658
22270006674000,7,4,3,445.2
22270006684000,24,13,11,1197.6
22270006685000,14,6,8,509.6
22270006701000,5,2,3,232
22270006703000,9,3,6,201.6
22270006704000,6,3,3,246
22270006705000,3,2,1,0
22270006707000,6,3,3,241.2
22270006708000,50,26,24,1845
22270006710000,5,3,2,311
22270006711000,18,13,5,1029.6
22270006712000,11,6,5,456.5
22270006754000,4,1,3,0
22270006755000,18,9,9,858.6
22270006756000,29,13,16,951.2
22270006757000,8,2,6,284
22270006758000,1,1,0,0
22270006767000,41,23,18,1824.5
22270006772000,4,2,2,0
22270006773000,21,8,13,907.2
22270006774000,3,2,1,0
22270006782000,1,1,0,0
22270006806000,4,2,2,0
22270006835000,32,18,14,1292.8
22270006836000,40,21,19,1808
22270006837000,226,120,106,9559.8
22270006838000,86,46,40,3569
22270006906000,20,12,8,972
22270006907000,4,3,1,0
22270006908000,1,1,0,0
22270006950000,11,7,4,385
22270006951000,878,432,446,39334.4
22270006952000,705,324,381,33699
22270006973000,2,1,1,0
22270006974000,8,4,4,363.2
22270007004000,11,9,2,501.6
22270007005000,27,10,17,1206.9
22270007006000,28,14,14,1268.4
22270007007000,320,170,150,13728
22270007008000,22,14,8,1194.6
22270007009000,36,18,18,907.2
22270007010000,8,4,4,296
22270007015000,3,2,1,0
22270007016000,5,3,2,167
22270007017000,7,3,4,303.1
22270007018000,33,19,14,1079.1
22270007019000,14,7,7,602
22270007021000,9,3,6,394.2
22270007022000,5,2,3,266
22270007026000,2,1,1,0
22270007027000,9,4,5,443.7
22270007041000,4,2,2,0
22270007042000,3,2,1,0
22270007043000,18,9,9,772.2
22270007059000,2,1,1,0
22270007062000,7,4,3,443.1
22280006556000,9,4,5,448.2
22280006557000,64,33,31,3270.4
22280006558000,37,19,18,1757.5
22280006559000,142,77,65,6390
22280006560000,585,289,296,22405.5
22280006561000,174,80,94,7377.6
22280006562000,969,463,506,37887.9
22280006563000,1404,721,683,55738.8
22280006564000,1382,692,690,54727.2
22280006565000,516,246,270,19092
22280006566000,527,269,258,19024.7
22280006567000,37,21,16,1461.5
22280006569000,46,25,21,1830.8
22280006570000,36,26,10,1328.4
22280006572000,78,44,34,3237
22280006573000,50,29,21,1965
22280006574000,17,11,6,576.3
22280006576000,6,3,3,160.2
22280006577000,3,2,1,0
22280006578000,4,2,2,0
22280006579000,42,26,16,1919.4
22280006580000,12,5,7,495.6
22280006581000,11,7,4,344.3
22280006582000,28,14,14,1114.4
22280006583000,11,7,4,473
22280006585000,14,6,8,247.8
22280006587000,5,3,2,225
22280006588000,39,17,22,1388.4
22280006589000,13,5,8,409.5
22280006590000,8,6,2,375.2
22280006592000,27,16,11,915.3
22280006593000,20,11,9,862
22280006594000,6,3,3,220.8
22280006595000,130,68,62,5187
22280006596000,105,56,49,3213
22280006597000,21,11,10,747.6
22280006598000,23,13,10,752.1
22280006599000,18,11,7,943.2
22280006600000,25,10,15,825
22280006601000,31,19,12,1063.3
22280006602000,5,3,2,251
22280006604000,4,2,2,0
22280006605000,71,36,35,2513.4
22280006606000,144,77,67,4838.4
22280006607000,1,1,0,0
22280006613000,80,41,39,2872
22280006614000,22,13,9,946
22280006615000,157,78,79,5557.8
22280006616000,62,29,33,2108
22280006617000,15,7,8,706.5
22280006618000,5,3,2,269
22280006625000,4,1,3,0
22280006626000,17,10,7,671.5
22280006627000,22,9,13,974.6
22280006628000,60,34,26,2058
22280006629000,415,209,206,15770
22280006630000,170,81,89,6460
22280006631000,262,137,125,9091.4
22280006632000,1379,707,672,48402.9
22280006633000,2581,1295,1286,98852.3
22280006634000,1086,563,523,41159.4
22280006635000,1,1,0,0
22280006643000,8,6,2,371.2
22280006662000,6,4,2,193.2
22280006663000,31,18,13,1478.7
22280006670000,12,7,5,542.4
22280006671000,246,119,127,10012.2
22280006672000,195,104,91,7975.5
22280006683000,16,8,8,718.4
22280006684000,117,64,53,4539.6
22280006685000,16,9,7,700.8
22280006698000,2,1,1,0
22280006700000,14,7,7,568.4
22280006701000,8,5,3,347.2
22280006702000,2,2,0,0
22280006704000,16,10,6,920
22280006705000,26,12,14,1110.2
22280006706000,5,3,2,241
22280006708000,13,8,5,629.2
22280006709000,7,3,4,286.3
22280006710000,5,3,2,184
22280006712000,1,1,0,0
22280006713000,4,1,3,0
22280006714000,8,4,4,264
22280006753000,2,1,1,0
22280006754000,4,3,1,0
22280006755000,42,23,19,2062.2
22280006756000,60,32,28,2706
22280006757000,34,17,17,1329.4
22280006758000,13,8,5,448.5
22280006766000,25,13,12,1035
22280006767000,34,19,15,1506.2
22280006768000,3,2,1,0
22280006772000,7,3,4,340.9
22280006773000,34,16,18,1482.4
22280006775000,15,5,10,466.5
22280006776000,1,1,0,0
22280006778000,1,0,1,0
22280006805000,5,4,1,188
22280006806000,5,2,3,307
22280006835000,50,26,24,2060
22280006836000,27,13,14,945
22280006837000,184,96,88,6329.6
22280006905000,1,0,1,0
22280006906000,10,8,2,462
22280006907000,6,3,3,255
22280006908000,8,5,3,466.4
22280006951000,278,145,133,10008
22280006952000,545,270,275,21636.5
22280006953000,9,4,5,377.1
22280007003000,23,12,11,837.2
22280007004000,9,7,2,549.9
22280007005000,33,17,16,1471.8
22280007006000,9,5,4,475.2
22280007007000,19,9,10,594.7
22280007009000,24,11,13,871.2
22280007010000,68,29,39,2896.8
22280007011000,18,10,8,702
22280007017000,10,5,5,518
22280007018000,26,14,12,928.2
22280007019000,12,5,7,477.6
22280007021000,7,5,2,298.2
22280007023000,12,8,4,397.2
22280007024000,7,4,3,385
22280007027000,4,3,1,0
22280007036000,3,1,2,0
22280007037000,11,7,4,499.4
22280007041000,5,1,4,127
22280007043000,11,7,4,526.9
22280007062000,1,0,1,0
22280007063000,2,1,1,0
22280007068000,102,46,56,4712.4
22280007069000,1,1,0,0
22290006558000,12,6,6,468
22290006559000,46,19,27,2047
22290006560000,9,3,6,329.4
22290006561000,6,3,3,360
22290006562000,27,14,13,909.9
22290006563000,975,478,497,36952.5
22290006564000,974,479,495,37206.8
22290006565000,168,79,89,7392
22290006566000,38,19,19,1672
22290006567000,65,32,33,3126.5
22290006568000,108,58,50,4438.8
22290006569000,16,8,8,716.8
22290006572000,25,16,9,817.5
22290006573000,42,24,18,1507.8
22290006574000,75,46,29,2647.5
22290006575000,26,14,12,1089.4
22290006576000,1,0,1,0
22290006577000,3,2,1,0
22290006578000,28,12,16,1338.4
22290006579000,58,27,31,2140.2
22290006580000,486,267,219,16475.4
22290006581000,60,37,23,2196
22290006582000,93,50,43,3478.2
22290006583000,13,7,6,630.5
22290006584000,24,16,8,796.8
22290006585000,3,1,2,0
22290006587000,11,5,6,454.3
22290006588000,181,92,89,6678.9
22290006589000,98,48,50,3675
22290006590000,108,59,49,3974.4
22290006591000,43,22,21,2180.1
22290006592000,47,18,29,1978.7
22290006593000,11,5,6,447.7
22290006594000,23,11,12,917.7
22290006595000,29,17,12,1203.5
22290006596000,112,60,52,4782.4
22290006597000,16,8,8,667.2
22290006598000,21,10,11,737.1
22290006599000,29,12,17,936.7
22290006605000,37,20,17,1528.1
22290006606000,130,62,68,4927
22290006607000,3,2,1,0
22290006612000,3,2,1,0
22290006613000,34,20,14,833
22290006614000,474,226,248,25122
22290006615000,606,257,349,31693.8
22290006616000,416,227,189,13395.2
22290006617000,104,53,51,4004
22290006618000,112,61,51,3987.2
22290006619000,58,29,29,1850.2
22290006620000,2,2,0,0
22290006621000,19,12,7,815.1
22290006622000,79,39,40,3215.3
22290006623000,32,20,12,1372.8
22290006624000,4,4,0,0
22290006625000,15,7,8,517.5
22290006626000,40,23,17,1608
22290006627000,9,4,5,477
22290006631000,2037,1030,1007,72313.5
22290006632000,1805,934,871,65882.5
22290006633000,2879,1331,1548,128115.5
22290006634000,523,275,248,19874
22290006637000,4,2,2,0
22290006643000,4,2,2,0
22290006644000,2,1,1,0
22290006662000,15,7,8,688.5
22290006671000,10,5,5,404
22290006672000,6,3,3,229.2
22290006673000,13,6,7,722.8
22290006674000,6,5,1,282
22290006683000,38,18,20,1425
22290006684000,41,19,22,1902.4
22290006685000,17,9,8,819.4
22290006686000,2,2,0,0
22290006697000,7,3,4,426.3
22290006698000,5,3,2,248
22290006699000,14,7,7,630
22290006700000,12,7,5,502.8
22290006701000,116,67,49,4640
22290006702000,2,2,0,0
22290006703000,3,3,0,0
22290006704000,1,0,1,0
22290006706000,12,6,6,409.2
22290006707000,7,4,3,196
22290006710000,4,2,2,0
22290006711000,2,1,1,0
22290006714000,6,4,2,282
22290006715000,22,13,9,1051.6
22290006716000,14,7,7,823.2
22290006717000,7,3,4,471.8
22290006753000,8,4,4,298.4
22290006754000,28,13,15,1234.8
22290006755000,50,28,22,2090
22290006756000,39,18,21,1318.2
22290006757000,29,14,15,1348.5
22290006758000,13,5,8,488.8
22290006766000,59,32,27,2719.9
22290006767000,9,7,2,341.1
22290006768000,19,9,10,851.2
22290006769000,2,1,1,0
22290006773000,19,11,8,714.4
22290006774000,31,14,17,1453.9
22290006775000,1,1,0,0
22290006805000,5,3,2,262
22290006806000,1,1,0,0
22290006819000,4,2,2,0
22290006834000,15,8,7,448.5
22290006835000,11,4,7,500.5
22290006836000,19,10,9,841.7
22290006837000,48,24,24,1900.8
22290006838000,20,11,9,1090
22290006839000,4,2,2,0
22290006903000,5,3,2,275
22290006904000,19,10,9,976.6
22290006905000,23,14,9,1196
22290006906000,9,5,4,374.4
22290006952000,40,21,19,1504
22290006953000,49,25,24,2420.6
22290007003000,30,17,13,1248
22290007004000,6,5,1,199.8
22290007006000,6,4,2,325.8
22290007008000,3,1,2,0
22290007010000,3,2,1,0
22290007011000,14,9,5,589.4
22290007012000,11,2,9,363
22290007019000,27,16,11,788.4
22290007023000,1,1,0,0
22290007024000,2,1,1,0
22290007025000,7,5,2,231
22290007027000,6,3,3,217.8
22290007028000,33,20,13,1056
22290007029000,5,3,2,307
22290007030000,3,2,1,0
22290007037000,9,5,4,459.9
22290007038000,5,3,2,163
22290007040000,7,3,4,359.1
22290007043000,2,1,1,0
22290007062000,2,1,1,0
22290007063000,4,2,2,0
22290007068000,60,28,32,2472
22290007069000,3,1,2,0
22300006557000,8,4,4,352
22300006558000,18,10,8,862.2
22300006559000,32,20,12,1292.8
22300006560000,34,18,16,1363.4
22300006561000,35,22,13,1393
22300006562000,34,16,18,1159.4
22300006563000,113,59,54,4700.8
22300006564000,272,146,126,11369.6
22300006565000,401,207,194,16761.8
22300006566000,143,65,78,6220.5
22300006567000,3,1,2,0
22300006568000,11,5,6,513.7
22300006569000,24,13,11,811.2
22300006570000,17,9,8,635.8
22300006572000,47,27,20,2171.4
22300006573000,73,39,34,2722.9
22300006574000,727,385,342,29225.4
22300006575000,198,98,100,7108.2
22300006576000,29,17,12,1287.6
22300006577000,29,14,15,1128.1
22300006578000,15,7,8,742.5
22300006579000,11,6,5,432.3
22300006580000,32,17,15,1465.6
22300006581000,36,17,19,1659.6
22300006582000,21,10,11,940.8
22300006583000,2,1,1,0
22300006584000,12,6,6,643.2
22300006585000,29,20,9,1110.7
22300006586000,8,4,4,460
22300006587000,74,37,37,2664
22300006588000,38,24,14,1436.4
22300006589000,73,35,38,3007.6
22300006590000,569,267,302,25548.1
22300006591000,85,45,40,4088.5
22300006592000,112,57,55,4020.8
22300006593000,30,13,17,1050
22300006594000,9,5,4,392.4
22300006595000,31,15,16,1292.7
22300006596000,34,18,16,1550.4
22300006597000,29,17,12,1131
22300006598000,17,10,7,613.7
22300006599000,19,11,8,687.8
22300006600000,24,13,11,984
22300006601000,20,12,8,780
22300006602000,14,8,6,625.8
22300006603000,14,10,4,442.4
22300006604000,29,18,11,1200.6
22300006605000,74,44,30,2841.6
22300006606000,75,39,36,3142.5
22300006611000,130,69,61,4862
22300006612000,47,22,25,1988.1
22300006613000,26,13,13,1214.2
22300006614000,232,116,116,9094.4
22300006615000,396,217,179,13741.2
22300006616000,57,33,24,2291.4
22300006617000,22,11,11,858
22300006618000,116,54,62,4442.8
22300006619000,315,161,154,11907
22300006620000,173,80,93,5882
22300006621000,250,124,126,8575
22300006622000,209,107,102,8192.8
22300006623000,78,41,37,2886
22300006624000,24,12,12,756
22300006625000,41,25,16,1607.2
22300006626000,29,12,17,1267.3
22300006627000,64,33,31,2528
22300006629000,387,209,178,14396.4
22300006630000,2082,1073,1009,84112.8
22300006631000,2856,1457,1399,109670.4
22300006632000,3796,1868,1928,179550.8
22300006633000,646,340,306,25840
22300006635000,4,1,3,0
22300006636000,28,15,13,1178.8
22300006637000,16,11,5,825.6
22300006638000,29,15,14,881.6
22300006639000,25,10,15,1120
22300006640000,160,82,78,5280
22300006641000,270,128,142,12825
22300006642000,11,4,7,567.6
22300006643000,6,3,3,378
22300006644000,10,4,6,371
22300006645000,4,3,1,0
22300006653000,1,0,1,0
22300006662000,12,6,6,511.2
22300006674000,25,13,12,772.5
22300006675000,46,23,23,2134.4
22300006676000,4,2,2,0
22300006683000,60,30,30,2172
22300006684000,26,14,12,1024.4
22300006696000,2,1,1,0
22300006697000,33,14,19,1145.1
22300006698000,8,5,3,363.2
22300006699000,9,5,4,399.6
22300006700000,6,4,2,166.2
22300006708000,12,5,7,450
22300006709000,15,10,5,802.5
22300006710000,1,0,1,0
22300006716000,2,1,1,0
22300006718000,9,6,3,540.9
22300006753000,28,16,12,896
22300006754000,37,20,17,1454.1
22300006755000,36,17,19,1346.4
22300006756000,20,10,10,764
22300006757000,15,8,7,714
22300006758000,8,3,5,307.2
22300006759000,3,1,2,0
22300006760000,2,1,1,0
22300006761000,5,3,2,161
22300006764000,10,4,6,303
22300006765000,7,3,4,310.8
22300006766000,35,16,19,1319.5
22300006768000,9,5,4,402.3
22300006769000,13,6,7,656.5
22300006772000,4,3,1,0
22300006773000,81,47,34,3337.2
22300006774000,30,17,13,1473
22300006775000,4,2,2,0
22300006805000,39,19,20,1961.7
22300006806000,6,3,3,237
22300006807000,2,2,0,0
22300006833000,13,9,4,296.4
22300006834000,24,7,17,1034.4
22300006835000,31,16,15,1466.3
22300006836000,179,78,101,10578.9
22300006837000,43,24,19,1840.4
22300006838000,8,3,5,432.8
22300006839000,1,1,0,0
22300006840000,6,4,2,322.8
22300006901000,4,2,2,0
22300006902000,19,10,9,790.4
22300006903000,1,1,0,0
22300006904000,20,8,12,1212
22300006905000,5,3,2,171
22300006906000,13,8,5,555.1
22300006907000,1,1,0,0
22300006952000,12,6,6,439.2
22300006953000,31,15,16,1292.7
22300006954000,27,15,12,1387.8
22300006993000,1,0,1,0
22300007002000,14,7,7,365.4
22300007011000,6,4,2,144
22300007012000,1,1,0,0
22300007013000,7,4,3,398.3
22300007014000,14,6,8,690.2
22300007019000,23,12,11,924.6
22300007021000,21,10,11,714
22300007023000,4,3,1,0
22300007028000,5,3,2,174
22300007029000,15,9,6,804
22300007040000,9,4,5,471.6
22300007043000,2,1,1,0
22300007057000,5,3,2,278
22300007058000,2,1,1,0
22300007060000,4,3,1,0
22300007061000,1,0,1,0
22300007063000,1,0,1,0
22300007064000,7,3,4,335.3
22300007069000,35,19,16,1785
22300007070000,4,2,2,0
22300007076000,2,1,1,0
22310006559000,2,2,0,0
22310006560000,11,5,6,401.5
22310006561000,9,5,4,568.8
22310006564000,12,6,6,489.6
22310006565000,338,175,163,11965.2
22310006566000,60,34,26,2820
22310006567000,36,19,17,1616.4
22310006568000,23,12,11,1117.8
22310006569000,18,9,9,549
22310006570000,35,20,15,1221.5
22310006571000,42,23,19,1583.4
22310006572000,14,6,8,702.8
22310006573000,405,197,208,14661
22310006574000,1235,571,664,54587
22310006575000,18,12,6,700.2
22310006576000,217,122,95,7573.3
22310006577000,6,2,4,184.2
22310006578000,29,13,16,1113.6
22310006579000,18,12,6,694.8
22310006580000,32,18,14,1462.4
22310006581000,27,13,14,1128.6
22310006582000,27,11,16,723.6
22310006583000,8,5,3,427.2
22310006584000,12,6,6,380.4
22310006585000,134,75,59,4797.2
22310006586000,67,35,32,2673.3
22310006587000,14,8,6,558.6
22310006588000,8,4,4,239.2
22310006589000,51,28,23,1973.7
22310006590000,965,473,492,38021
22310006591000,302,137,165,15583.2
22310006592000,17,7,10,591.6
22310006593000,7,3,4,301
22310006594000,8,4,4,338.4
22310006595000,44,27,17,1570.8
22310006596000,79,48,31,3081
22310006597000,80,53,27,2976
22310006598000,81,39,42,3167.1
22310006599000,72,40,32,2354.4
22310006600000,36,19,17,1710
22310006601000,24,12,12,1012.8
22310006602000,32,16,16,1180.8
22310006603000,49,27,22,2175.6
22310006604000,621,316,305,24032.7
22310006605000,907,470,437,36370.7
22310006606000,104,52,52,4700.8
22310006609000,13,7,6,750.1
22310006610000,63,36,27,2463.3
22310006611000,13,8,5,635.7
22310006612000,2,1,1,0
22310006613000,228,122,106,8960.4
22310006614000,861,423,438,34526.1
22310006615000,101,47,54,3575.4
22310006616000,67,31,36,2532.6
22310006617000,186,99,87,6454.2
22310006618000,18,9,9,541.8
22310006619000,47,24,23,1612.1
22310006620000,184,97,87,7194.4
22310006621000,274,146,128,10384.6
22310006622000,45,25,20,1975.5
22310006623000,34,17,17,1139
22310006624000,29,16,13,980.2
22310006625000,38,18,20,1444
22310006626000,138,72,66,4636.8
22310006627000,51,26,25,2111.4
22310006628000,392,191,201,13210.4
22310006629000,4118,1973,2145,148659.8
22310006630000,3137,1601,1536,114186.8
22310006631000,907,493,414,31563.6
22310006632000,3941,1959,1982,173798.1
22310006633000,1188,557,631,53460
22310006634000,702,347,355,21762
22310006635000,277,138,139,8476.2
22310006636000,37,23,14,1557.7
22310006637000,46,24,22,1821.6
22310006638000,35,16,19,1242.5
22310006639000,94,50,44,3816.4
22310006640000,176,88,88,6564.8
22310006641000,102,45,57,4253.4
22310006642000,36,19,17,1350
22310006643000,9,4,5,339.3
22310006644000,73,40,33,3080.6
22310006645000,62,32,30,2387
22310006646000,32,16,16,1001.6
22310006661000,4,3,1,0
22310006662000,1,1,0,0
22310006666000,1,1,0,0
22310006667000,17,6,11,617.1
22310006668000,138,74,64,6141
22310006669000,260,138,122,9984
22310006670000,175,92,83,6755
22310006671000,6,3,3,384
22310006675000,35,17,18,1501.5
22310006676000,156,78,78,6396
22310006677000,1,1,0,0
22310006682000,19,12,7,687.8
22310006683000,41,23,18,1668.7
22310006688000,26,14,12,1203.8
22310006689000,18,10,8,705.6
22310006690000,16,7,9,772.8
22310006691000,16,11,5,742.4
22310006692000,9,4,5,368.1
22310006696000,20,10,10,822
22310006697000,37,19,18,1665
22310006752000,5,2,3,213
22310006753000,74,32,42,3256
22310006754000,132,58,74,5808
22310006755000,468,207,261,24008.4
22310006756000,23,13,10,1386.9
22310006757000,23,11,12,1087.9
22310006758000,1,1,0,0
22310006759000,2,2,0,0
22310006760000,1,1,0,0
22310006761000,23,11,12,1189.1
22310006762000,4,3,1,0
22310006763000,11,4,7,393.8
22310006764000,32,14,18,1548.8
22310006765000,29,14,15,1357.2
22310006766000,2,2,0,0
22310006769000,2,1,1,0
22310006772000,21,11,10,611.1
22310006773000,25,12,13,952.5
22310006774000,4,2,2,0
22310006775000,7,5,2,294
22310006776000,1,1,0,0
22310006804000,2,1,1,0
22310006805000,12,8,4,643.2
22310006807000,1,1,0,0
22310006830000,10,4,6,336
22310006831000,8,5,3,324.8
22310006832000,33,17,16,1184.7
22310006833000,6,3,3,213
22310006834000,308,163,145,12812.8
22310006835000,225,114,111,10395
22310006836000,41,21,20,1968
22310006837000,32,20,12,1424
22310006838000,7,5,2,305.2
22310006839000,28,14,14,1181.6
22310006840000,8,5,3,262.4
22310006901000,7,4,3,368.2
22310006902000,3,2,1,0
22310006903000,9,5,4,486
22310006904000,24,12,12,1284
22310006951000,3,3,0,0
22310006952000,9,5,4,370.8
22310006953000,1,1,0,0
22310006954000,29,15,14,1168.7
22310006955000,6,4,2,297
22310006980000,6,4,2,112.8
22310006993000,2,1,1,0
22310007000000,22,13,9,965.8
22310007001000,6,3,3,312
22310007002000,38,21,17,1687.2
22310007003000,6,2,4,229.2
22310007008000,10,6,4,498
22310007010000,9,4,5,307.8
22310007011000,288,149,139,10828.8
22310007014000,9,5,4,452.7
22310007018000,2,1,1,0
22310007019000,4,2,2,0
22310007022000,12,8,4,406.8
22310007023000,4,2,2,0
22310007027000,2,1,1,0
22310007028000,8,5,3,312
22310007029000,11,5,6,526.9
22310007030000,5,4,1,317
22310007031000,2,1,1,0
22310007043000,5,4,1,270
22310007058000,1,1,0,0
22310007064000,3,2,1,0
22310007065000,4,2,2,0
22310007069000,22,11,11,842.6
22310007070000,61,39,22,2519.3
22310007071000,15,7,8,748.5
22310007076000,6,2,4,205.8
22310007077000,9,5,4,457.2
22320006563000,13,5,8,793
22320006564000,32,14,18,1436.8
22320006565000,18,12,6,887.4
22320006566000,4,2,2,0
22320006567000,10,5,5,352
22320006568000,19,8,11,571.9
22320006569000,44,22,22,2015.2
22320006570000,104,55,49,4076.8
22320006571000,22,16,6,987.8
22320006572000,143,77,66,5291
22320006573000,402,195,207,18291
22320006574000,533,248,285,28035.8
22320006575000,276,136,140,9604.8
22320006576000,45,19,26,1732.5
22320006577000,46,23,23,1361.6
22320006578000,93,54,39,3524.7
22320006579000,246,118,128,8487
22320006580000,41,24,17,1894.2
22320006581000,42,23,19,1911
22320006582000,3,2,1,0
22320006583000,12,7,5,540
22320006584000,54,37,17,1906.2
22320006585000,34,19,15,1101.6
22320006586000,18,10,8,837
22320006587000,58,28,30,2424.4
22320006588000,54,28,26,2300.4
22320006589000,405,210,195,11988
22320006590000,19,9,10,900.6
22320006591000,43,26,17,1526.5
22320006592000,21,9,12,739.2
22320006593000,17,11,6,731
22320006594000,5,2,3,263
22320006595000,712,363,349,27910.4
22320006596000,192,97,95,8083.2
22320006597000,173,97,76,6539.4
22320006598000,18,10,8,651.6
22320006599000,20,11,9,800
22320006600000,31,18,13,1357.8
22320006601000,30,18,12,1263
22320006602000,3,1,2,0
22320006603000,37,18,19,1779.7
22320006604000,242,125,117,9849.4
22320006605000,132,63,69,4527.6
22320006606000,19,8,11,790.4
22320006607000,123,62,61,3087.3
22320006608000,9,6,3,511.2
22320006611000,71,34,37,3706.2
22320006612000,663,333,330,28509
22320006613000,473,225,248,17453.7
22320006614000,5,2,3,373
22320006615000,1,1,0,0
22320006616000,4,2,2,0
22320006618000,21,10,11,684.6
22320006619000,13,6,7,434.2
22320006620000,28,13,15,848.4
22320006621000,53,28,25,2294.9
22320006622000,6,2,4,211.8
22320006623000,54,29,25,2208.6
22320006624000,827,433,394,28862.3
22320006625000,323,165,158,11046.6
22320006626000,96,52,44,3916.8
22320006627000,364,202,162,12194
22320006628000,141,86,55,4455.6
22320006630000,2345,1168,1177,96379.5
22320006631000,34,23,11,1574.2
22320006632000,428,209,219,14552
22320006633000,1274,636,638,48029.8
22320006634000,347,174,173,12283.8
22320006635000,244,128,116,9662.4
22320006636000,409,206,203,14887.6
22320006637000,1028,509,519,37316.4
22320006638000,96,49,47,3417.6
22320006639000,67,37,30,2599.6
22320006640000,56,34,22,2128
22320006641000,24,16,8,964.8
22320006642000,50,27,23,2235
22320006643000,148,74,74,5298.4
22320006644000,150,82,68,6000
22320006645000,310,154,156,12152
22320006646000,264,143,121,9688.8
22320006667000,53,28,25,2771.9
22320006668000,78,41,37,3393
22320006669000,104,52,52,4139.2
22320006670000,53,28,25,2252.5
22320006671000,35,16,19,1480.5
22320006672000,7,3,4,371
22320006674000,1,0,1,0
22320006676000,49,24,25,1915.9
22320006677000,41,24,17,1586.7
22320006678000,38,22,16,1428.8
22320006679000,28,13,15,1094.8
22320006680000,21,10,11,888.3
22320006681000,14,8,6,624.4
22320006682000,9,5,4,349.2
22320006683000,27,15,12,1271.7
22320006686000,20,11,9,834
22320006687000,36,16,20,1396.8
22320006688000,19,9,10,1115.3
22320006689000,4,2,2,0
22320006690000,4,2,2,0
22320006691000,23,11,12,871.7
22320006692000,36,17,19,1155.6
22320006693000,66,36,30,2197.8
22320006694000,21,12,9,926.1
22320006695000,16,9,7,844.8
22320006696000,21,10,11,972.3
22320006697000,13,8,5,535.6
22320006718000,8,3,5,452
22320006721000,6,3,3,183
22320006723000,1,1,0,0
22320006750000,1,1,0,0
22320006752000,27,16,11,1147.5
22320006753000,197,100,97,8943.8
22320006754000,1019,516,503,42696.1
22320006755000,308,138,170,14537.6
22320006756000,29,11,18,1296.3
22320006757000,2,1,1,0
22320006760000,20,11,9,740
22320006761000,13,7,6,738.4
22320006762000,4,3,1,0
22320006763000,5,3,2,206
22320006764000,32,16,16,1411.2
22320006768000,10,3,7,304
22320006769000,9,6,3,464.4
22320006770000,1,1,0,0
22320006771000,34,16,18,1258
22320006772000,13,5,8,686.4
22320006776000,6,3,3,195
22320006802000,10,7,3,641
22320006803000,33,19,14,1643.4
22320006804000,21,11,10,837.9
22320006829000,2,1,1,0
22320006830000,1,1,0,0
22320006831000,32,15,17,1331.2
22320006832000,34,14,20,1747.6
22320006833000,36,19,17,1022.4
22320006834000,64,27,37,2675.2
22320006835000,46,18,28,2079.2
22320006836000,40,22,18,1708
22320006837000,4,3,1,0
22320006839000,1,1,0,0
22320006901000,18,13,5,781.2
22320006902000,14,6,8,463.4
22320006903000,11,7,4,313.5
22320006952000,1,1,0,0
22320006954000,5,3,2,141
22320006955000,44,20,24,1817.2
22320006956000,25,11,14,710
22320006987000,5,3,2,251
22320006988000,5,2,3,161
22320006993000,7,4,3,343
22320006994000,16,9,7,918.4
22320006995000,2,1,1,0
22320006996000,11,4,7,484
22320006997000,12,5,7,706.8
22320006998000,18,10,8,919.8
22320006999000,36,18,18,1360.8
22320007000000,29,17,12,1162.9
22320007001000,190,92,98,8265
22320007002000,301,144,157,13334.3
22320007003000,2,1,1,0
22320007005000,6,3,3,186
22320007006000,84,43,41,3166.8
22320007007000,83,45,38,3627.1
22320007008000,175,86,89,8050
22320007009000,142,69,73,6759.2
22320007010000,76,50,26,3017.2
22320007011000,3,2,1,0
22320007014000,9,3,6,371.7
22320007024000,14,8,6,708.4
22320007026000,4,1,3,0
22320007027000,4,2,2,0
22320007028000,4,1,3,0
22320007029000,15,10,5,561
22320007030000,4,2,2,0
22320007033000,1,1,0,0
22320007063000,5,1,4,351
22320007064000,2,1,1,0
22320007065000,5,2,3,348
22320007071000,19,12,7,801.8
22320007072000,37,20,17,1528.1
22320007073000,23,15,8,998.2
22320007074000,10,5,5,522
22320007076000,1,1,0,0
22320007077000,35,17,18,1452.5
22320007082000,8,6,2,418.4
22320007083000,7,4,3,375.9
22330006565000,5,2,3,244
22330006566000,35,17,18,1715
22330006567000,11,3,8,581.9
22330006568000,7,4,3,305.9
22330006569000,39,21,18,1856.4
22330006571000,358,183,175,15000.2
22330006572000,233,123,110,9692.8
22330006573000,345,178,167,13627.5
22330006574000,609,317,292,23872.8
22330006575000,200,108,92,6840
22330006577000,1,1,0,0
22330006579000,436,233,203,16219.2
22330006580000,812,407,405,31018.4
22330006581000,22,15,7,895.4
22330006582000,14,6,8,753.2
22330006583000,47,24,23,1889.4
22330006585000,6,3,3,207
22330006586000,81,43,38,3037.5
22330006587000,266,134,132,10001.6
22330006589000,2,1,1,0
22330006590000,34,19,15,1071
22330006591000,27,13,14,831.6
22330006592000,36,20,16,1324.8
22330006593000,78,38,40,2589.6
22330006594000,16,10,6,609.6
22330006595000,19,8,11,925.3
22330006596000,174,89,85,5933.4
22330006597000,30,19,11,1308
22330006598000,19,11,8,668.8
22330006599000,37,20,17,1598.4
22330006600000,9,6,3,440.1
22330006601000,37,17,20,1624.3
22330006602000,9,7,2,279.9
22330006603000,262,138,124,9720.2
22330006604000,712,353,359,32823.2
22330006605000,393,185,208,16270.2
22330006606000,960,460,500,38112
22330006607000,125,70,55,5212.5
22330006608000,4,2,2,0
22330006610000,40,24,16,1596
22330006611000,420,202,218,15078
22330006612000,87,42,45,3088.5
22330006613000,21,12,9,758.1
22330006621000,9,4,5,348.3
22330006622000,9,4,5,383.4
22330006623000,4,2,2,0
22330006624000,23,12,11,998.2
22330006625000,39,20,19,1868.1
22330006626000,24,11,13,1375.2
22330006627000,799,393,406,25488.1
22330006628000,1487,764,723,57398.2
22330006629000,1550,758,792,62310
22330006630000,438,237,201,16030.8
22330006633000,811,405,406,30007
22330006634000,334,202,132,12892.4
22330006635000,231,124,107,8547
22330006636000,320,170,150,13152
22330006637000,1063,495,568,49429.5
22330006638000,93,46,47,3524.7
22330006639000,56,28,28,2044
22330006640000,102,54,48,3835.2
22330006641000,18,10,8,678.6
22330006642000,49,25,24,2111.9
22330006643000,1,0,1,0
22330006644000,62,30,32,2790
22330006645000,43,24,19,1457.7
22330006646000,41,18,23,1685.1
22330006647000,60,34,26,2556
22330006648000,129,65,64,4295.7
22330006649000,63,34,29,2790.9
22330006660000,4,2,2,0
22330006667000,25,12,13,837.5
22330006668000,52,28,24,2048.8
22330006669000,124,62,62,5989.2
22330006670000,59,26,33,2525.2
22330006671000,49,23,26,2209.9
22330006672000,21,11,10,1031.1
22330006673000,4,1,3,0
22330006674000,13,7,6,569.4
22330006675000,28,14,14,1590.4
22330006676000,42,23,19,1537.2
22330006677000,79,40,39,3618.2
22330006678000,10,5,5,424
22330006680000,133,69,64,5732.3
22330006681000,911,436,475,42088.2
22330006682000,635,306,329,23241
22330006684000,3,3,0,0
22330006685000,39,19,20,1595.1
22330006686000,4,2,2,0
22330006688000,3,1,2,0
22330006689000,38,21,17,1592.2
22330006690000,106,56,50,4271.8
22330006691000,496,230,266,20187.2
22330006692000,53,29,24,2088.2
22330006693000,28,13,15,1282.4
22330006694000,25,15,10,912.5
22330006695000,27,13,14,1077.3
22330006696000,44,27,17,1856.8
22330006750000,42,24,18,1570.8
22330006751000,17,8,9,924.8
22330006752000,13,6,7,742.3
22330006753000,224,110,114,8288
22330006754000,631,314,317,26880.6
22330006755000,63,29,34,2866.5
22330006756000,28,14,14,1234.8
22330006757000,6,4,2,247.8
22330006761000,6,4,2,279
22330006762000,5,3,2,209
22330006764000,38,21,17,1763.2
22330006765000,30,12,18,1236
22330006766000,8,3,5,476.8
22330006767000,37,17,20,1591
22330006768000,15,9,6,811.5
22330006769000,2,1,1,0
22330006770000,2,1,1,0
22330006771000,7,3,4,231
22330006772000,4,2,2,0
22330006773000,1,0,1,0
22330006776000,3,2,1,0
22330006801000,2,1,1,0
22330006802000,3,1,2,0
22330006803000,21,11,10,1029
22330006830000,3,2,1,0
22330006831000,10,5,5,425
22330006832000,138,62,76,6596.4
22330006833000,137,67,70,5589.6
22330006834000,32,14,18,1321.6
22330006835000,26,11,15,1424.8
22330006836000,7,4,3,198.8
22330006900000,5,4,1,110
22330006954000,1,1,0,0
22330006955000,2,1,1,0
22330006956000,9,5,4,420.3
22330006987000,22,13,9,1023
22330006988000,5,2,3,305
22330006993000,9,4,5,324
22330006994000,101,52,49,4464.2
22330006995000,111,64,47,4562.1
22330006996000,10,4,6,394
22330006997000,12,6,6,516
22330006998000,23,9,14,959.1
22330006999000,14,8,6,487.2
22330007000000,60,30,30,2352
22330007001000,130,47,83,7826
22330007002000,9,3,6,392.4
22330007006000,11,3,8,369.6
22330007008000,6,3,3,264
22330007009000,17,8,9,741.2
22330007010000,220,112,108,9438
22330007011000,253,131,122,10271.8
22330007012000,123,64,59,4477.2
22330007013000,23,12,11,823.4
22330007014000,7,4,3,461.3
22330007015000,2,1,1,0
22330007018000,9,5,4,367.2
22330007026000,26,14,12,1053
22330007027000,8,6,2,310.4
22330007063000,19,12,7,798
22330007064000,1,1,0,0
22330007065000,8,3,5,392.8
22330007072000,24,14,10,1200
22330007073000,10,4,6,558
22330007077000,339,177,162,15594
22330007082000,39,19,20,1439.1
22330007083000,30,16,14,1359
22330007084000,5,2,3,185
22340006565000,4,2,2,0
22340006566000,49,28,21,2092.3
22340006567000,30,16,14,1617
22340006572000,23,12,11,1037.3
22340006573000,127,64,63,5511.8
22340006574000,199,90,109,6288.4
22340006575000,136,68,68,5004.8
22340006576000,125,65,60,4912.5
22340006577000,69,41,28,2518.5
22340006578000,27,12,15,710.1
22340006579000,55,27,28,1985.5
22340006580000,438,220,218,19009.2
22340006581000,278,135,143,10258.2
22340006582000,12,7,5,471.6
22340006583000,17,13,4,746.3
22340006584000,4,2,2,0
22340006585000,27,13,14,1242
22340006586000,42,26,16,1302
22340006587000,30,17,13,1008
22340006588000,21,10,11,882
22340006590000,5,2,3,78
22340006591000,9,5,4,372.6
22340006592000,5,4,1,135
22340006593000,13,6,7,530.4
22340006594000,15,9,6,570
22340006595000,16,9,7,593.6
22340006596000,10,4,6,310
22340006597000,19,10,9,965.2
22340006598000,9,4,5,356.4
22340006599000,14,5,9,604.8
22340006600000,8,2,6,347.2
22340006601000,13,10,3,600.6
22340006602000,544,264,280,22358.4
22340006603000,1935,951,984,82237.5
22340006604000,1051,504,547,52339.8
22340006605000,147,60,87,6967.8
22340006609000,29,16,13,1235.4
22340006610000,28,16,12,1226.4
22340006611000,14,7,7,721
22340006627000,328,167,161,11873.6
22340006628000,49,28,21,1832.6
22340006632000,103,49,54,3677.1
22340006633000,129,70,59,4850.4
22340006634000,51,35,16,1912.5
22340006635000,28,15,13,1184.4
22340006636000,85,44,41,3281
22340006637000,560,336,224,23352
22340006638000,518,242,276,23931.6
22340006639000,1686,810,876,73341
22340006640000,979,476,503,42586.5
22340006641000,117,69,48,5148
22340006642000,215,112,103,6751
22340006643000,95,50,45,3800
22340006644000,38,24,14,1941.8
22340006645000,24,12,12,1048.8
22340006646000,6,4,2,261
22340006647000,60,32,28,2160
22340006648000,9,3,6,470.7
22340006649000,43,23,20,1470.6
22340006650000,64,37,27,2368
22340006653000,4,1,3,0
22340006659000,11,8,3,491.7
22340006669000,5,3,2,319
22340006670000,145,73,72,5249
22340006671000,84,45,39,3838.8
22340006672000,79,46,33,3302.2
22340006673000,28,25,3,1240.4
22340006674000,31,14,17,1292.7
22340006675000,19,8,11,716.3
22340006676000,18,11,7,813.6
22340006677000,29,14,15,1409.4
22340006678000,4,3,1,0
22340006679000,15,8,7,582
22340006680000,482,247,235,20292.2
22340006681000,403,182,221,18135
22340006682000,1,1,0,0
22340006684000,3,1,2,0
22340006685000,19,11,8,541.5
22340006686000,46,27,19,2116
22340006687000,83,41,42,3984
22340006688000,25,12,13,967.5
22340006689000,4,2,2,0
22340006690000,1,0,1,0
22340006691000,202,98,104,8282
22340006692000,104,54,50,3525.6
22340006693000,7,4,3,277.9
22340006695000,6,4,2,268.8
22340006696000,23,10,13,945.3
22340006719000,2,1,1,0
22340006749000,38,20,18,1622.6
22340006750000,100,47,53,3830
22340006751000,18,8,10,552.6
22340006752000,19,9,10,904.4
22340006753000,3,2,1,0
22340006754000,3,2,1,0
22340006755000,17,9,8,763.3
22340006756000,5,2,3,307
22340006769000,17,10,7,725.9
22340006771000,33,15,18,1386
22340006772000,32,17,15,1292.8
22340006774000,4,2,2,0
22340006775000,43,19,24,2184.4
22340006776000,2,1,1,0
22340006794000,1,1,0,0
22340006798000,10,5,5,474
22340006799000,19,11,8,898.7
22340006800000,6,4,2,262.8
22340006801000,10,6,4,360
22340006831000,25,13,12,945
22340006832000,58,29,29,1861.8
22340006833000,5,4,1,175
22340006834000,18,8,10,714.6
22340006835000,10,6,4,346
22340006841000,18,10,8,786.6
22340006842000,15,8,7,577.5
22340006843000,25,18,7,990
22340006844000,1,1,0,0
22340006845000,18,10,8,662.4
22340006846000,4,1,3,0
22340006847000,10,6,4,443
22340006899000,2,1,1,0
22340006901000,3,2,1,0
22340006954000,5,1,4,135
22340006956000,7,2,5,207.2
22340006958000,6,4,2,286.8
22340006986000,11,5,6,548.9
22340006987000,17,7,10,778.6
22340006988000,15,8,7,610.5
22340006989000,10,6,4,579
22340006990000,3,2,1,0
22340006991000,11,7,4,334.4
22340006993000,4,2,2,0
22340006994000,80,38,42,3376
22340006995000,131,63,68,6065.3
22340006996000,25,14,11,1060
22340006997000,8,3,5,580.8
22340006998000,12,7,5,510
22340007013000,18,7,11,727.2
22340007014000,13,8,5,626.6
22340007015000,35,18,17,1417.5
22340007018000,17,9,8,810.9
22340007026000,6,2,4,223.2
22340007027000,9,5,4,528.3
22340007028000,21,14,7,583.8
22340007063000,6,3,3,315
22340007064000,14,5,9,579.6
22340007065000,88,41,47,4100.8
22340007072000,5,4,1,259
22340007075000,10,6,4,348
22340007076000,58,27,31,2430.2
22340007077000,93,47,46,3654.9
22340007081000,15,9,6,763.5
22340007082000,3,2,1,0
22340007083000,5,2,3,104
22340007084000,24,14,10,1039.2
22340007085000,3,2,1,0
22350006560000,3,1,2,0
22350006561000,14,7,7,474.6
22350006562000,74,39,35,3566.8
22350006563000,73,34,39,3139
22350006564000,6,3,3,109.2
22350006567000,12,6,6,693.6
22350006568000,107,56,51,4996.9
22350006569000,96,41,55,3600
22350006570000,119,62,57,5128.9
22350006571000,139,67,72,5532.2
22350006572000,23,14,9,908.5
22350006573000,4,2,2,0
22350006574000,331,196,135,7944
22350006575000,67,29,38,2170.8
22350006576000,332,164,168,12981.2
22350006577000,836,417,419,28340.4
22350006578000,718,355,363,28648.2
22350006579000,1132,564,568,43921.6
22350006580000,40,21,19,1676
22350006581000,202,122,80,7413.4
22350006582000,128,63,65,4492.8
22350006583000,68,33,35,2747.2
22350006585000,17,7,10,724.2
22350006587000,6,4,2,201
22350006588000,35,20,15,1211
22350006589000,17,9,8,620.5
22350006590000,215,114,101,6665
22350006591000,28,15,13,1173.2
22350006592000,54,28,26,2424.6
22350006593000,29,13,16,1046.9
22350006594000,16,9,7,720
22350006595000,30,15,15,1071
22350006596000,21,14,7,1106.7
22350006597000,10,6,4,389
22350006598000,39,22,17,1774.5
22350006599000,46,25,21,1890.6
22350006600000,15,8,7,451.5
22350006601000,153,84,69,5094.9
22350006602000,490,234,256,20874
22350006603000,607,294,313,25736.8
22350006608000,2,1,1,0
22350006609000,75,35,40,2737.5
22350006610000,13,6,7,546
22350006611000,1,0,1,0
22350006626000,59,31,28,2525.2
22350006627000,32,19,13,1372.8
22350006630000,95,46,49,5548
22350006631000,70,36,34,4326
22350006632000,345,164,181,13041
22350006633000,747,363,384,32195.7
22350006634000,422,219,203,17597.4
22350006635000,528,286,242,21700.8
22350006636000,154,77,77,5682.6
22350006637000,477,231,246,18126
22350006639000,3,3,0,0
22350006640000,1161,599,562,46323.9
22350006641000,1317,645,672,51231.3
22350006642000,6,4,2,354
22350006643000,41,21,20,1500.6
22350006644000,26,14,12,1089.4
22350006645000,32,17,15,1619.2
22350006646000,15,12,3,739.5
22350006647000,10,6,4,350
22350006648000,45,21,24,1651.5
22350006649000,90,45,45,3843
22350006650000,321,165,156,11620.2
22350006652000,23,13,10,795.8
22350006653000,57,29,28,2479.5
22350006654000,9,6,3,358.2
22350006658000,4,2,2,0
22350006666000,8,5,3,359.2
22350006668000,7,3,4,328.3
22350006669000,5,2,3,289
22350006670000,30,17,13,1161
22350006671000,21,9,12,863.1
22350006673000,222,120,102,7370.4
22350006674000,244,123,121,8710.8
22350006675000,32,16,16,1212.8
22350006677000,117,56,61,4352.4
22350006678000,403,188,215,15636.4
22350006679000,891,418,473,35461.8
22350006680000,482,239,243,18942.6
22350006681000,173,91,82,6279.9
22350006682000,177,87,90,6796.8
22350006683000,9,8,1,451.8
22350006684000,16,8,8,667.2
22350006685000,154,82,72,6021.4
22350006686000,30,15,15,1062
22350006692000,3,1,2,0
22350006693000,3,2,1,0
22350006748000,16,9,7,505.6
22350006749000,67,39,28,2653.2
22350006750000,17,11,6,705.5
22350006751000,26,15,11,954.2
22350006752000,4,2,2,0
22350006754000,2,1,1,0
22350006764000,3,1,2,0
22350006765000,15,7,8,540
22350006766000,29,18,11,812
22350006767000,26,12,14,1050.4
22350006768000,83,44,39,4008.9
22350006769000,75,33,42,3367.5
22350006770000,16,8,8,598.4
22350006772000,22,10,12,1058.2
22350006774000,16,8,8,862.4
22350006775000,11,6,5,284.9
22350006797000,7,5,2,212.1
22350006798000,30,16,14,1626
22350006799000,60,30,30,2262
22350006800000,23,12,11,915.4
22350006809000,1,1,0,0
22350006831000,3,2,1,0
22350006832000,52,26,26,2100.8
22350006834000,5,4,1,244
22350006835000,14,7,7,579.6
22350006840000,13,6,7,575.9
22350006841000,7,3,4,345.8
22350006899000,16,11,5,848
22350006900000,11,4,7,529.1
22350006955000,1,0,1,0
22350006956000,1,0,1,0
22350006958000,1,1,0,0
22350006985000,1,1,0,0
22350006986000,19,11,8,824.6
22350006988000,4,3,1,0
22350006989000,2,2,0,0
22350006990000,6,3,3,337.8
22350006991000,8,6,2,435.2
22350006992000,25,15,10,1042.5
22350006993000,2,2,0,0
22350006994000,63,32,31,2513.7
22350006995000,4,2,2,0
22350007005000,2,1,1,0
22350007008000,5,3,2,213
22350007014000,54,30,24,2046.6
22350007015000,271,134,137,10406.4
22350007016000,30,15,15,1092
22350007017000,4,3,1,0
22350007018000,39,18,21,1400.1
22350007019000,1,1,0,0
22350007023000,15,8,7,586.5
22350007024000,20,13,7,648
22350007026000,3,2,1,0
22350007027000,21,8,13,955.5
22350007028000,9,5,4,333
22350007029000,17,9,8,532.1
22350007063000,7,3,4,158.9
22350007064000,28,14,14,1268.4
22350007065000,32,17,15,1283.2
22350007071000,56,29,27,1758.4
22350007072000,610,303,307,21411
22350007073000,318,162,156,14182.8
22350007074000,109,55,54,4763.3
22350007075000,20,10,10,574
22350007076000,54,30,24,2273.4
22350007077000,29,16,13,1290.5
22350007078000,9,4,5,354.6
22350007081000,18,10,8,856.8
22350007085000,11,6,5,605
22360006555000,7,4,3,228.2
22360006556000,73,37,36,3401.8
22360006557000,208,98,110,9256
22360006558000,29,15,14,1380.4
22360006559000,5,2,3,318
22360006560000,126,66,60,4863.6
22360006561000,593,278,315,26625.7
22360006562000,859,414,445,38311.4
22360006563000,72,40,32,2894.4
22360006564000,69,39,30,2863.5
22360006565000,61,37,24,2476.6
22360006566000,143,71,72,6964.1
22360006567000,148,80,68,6808
22360006568000,141,73,68,6330.9
22360006569000,205,105,100,8528
22360006570000,75,37,38,3022.5
22360006571000,278,132,146,9229.6
22360006572000,107,56,51,4354.9
22360006573000,28,13,15,1195.6
22360006574000,24,11,13,1219.2
22360006575000,325,162,163,16900
22360006576000,125,65,60,5175
22360006577000,282,136,146,12972
22360006578000,250,134,116,10350
22360006579000,92,52,40,3468.4
22360006580000,4,2,2,0
22360006581000,2,1,1,0
22360006582000,13,8,5,579.8
22360006583000,22,10,12,840.4
22360006584000,27,13,14,1009.8
22360006586000,22,13,9,842.6
22360006587000,21,10,11,873.6
22360006588000,19,11,8,587.1
22360006589000,258,135,123,8307.6
22360006590000,105,58,47,4525.5
22360006591000,76,31,45,2606.8
22360006592000,60,35,25,2262
22360006593000,6,3,3,402
22360006594000,41,21,20,1439.1
22360006595000,23,15,8,963.7
22360006596000,13,7,6,418.6
22360006597000,23,15,8,894.7
22360006598000,5,4,1,258
22360006599000,27,16,11,907.2
22360006600000,42,19,23,1898.4
22360006601000,64,33,31,2937.6
22360006606000,36,17,19,1288.8
22360006607000,186,85,101,7812
22360006608000,42,21,21,1549.8
22360006609000,44,22,22,2296.8
22360006611000,1,1,0,0
22360006612000,4,2,2,0
22360006625000,9,5,4,309.6
22360006626000,48,28,20,1800
22360006629000,91,43,48,4158.7
22360006630000,628,314,314,26941.2
22360006631000,191,99,92,8977
22360006632000,168,87,81,5964
22360006633000,8,4,4,275.2
22360006639000,80,44,36,3568
22360006640000,75,34,41,3277.5
22360006641000,105,49,56,3916.5
22360006642000,4,3,1,0
22360006645000,5,3,2,181
22360006646000,10,6,4,450
22360006647000,18,9,9,689.4
22360006648000,299,137,162,11182.6
22360006649000,228,109,119,8892
22360006650000,14,10,4,487.2
22360006651000,15,9,6,532.5
22360006652000,15,9,6,553.5
22360006653000,14,7,7,617.4
22360006654000,66,34,32,2712.6
22360006655000,16,10,6,424
22360006656000,21,12,9,1016.4
22360006660000,27,11,16,1298.7
22360006661000,67,37,30,3283
22360006662000,36,20,16,1533.6
22360006663000,49,27,22,2234.4
22360006664000,29,15,14,1125.2
22360006665000,64,32,32,2892.8
22360006668000,8,4,4,531.2
22360006669000,170,76,94,6596
22360006670000,83,36,47,3469.4
22360006671000,19,11,8,1041.2
22360006672000,10,6,4,418
22360006674000,31,13,18,1466.3
22360006675000,7,2,5,254.1
22360006676000,26,6,20,917.8
22360006677000,631,324,307,23662.5
22360006678000,877,428,449,39465
22360006679000,1694,862,832,74705.4
22360006680000,1488,731,757,64281.6
22360006681000,551,260,291,25346
22360006682000,128,55,73,4531.2
22360006683000,48,27,21,2385.6
22360006684000,40,22,18,1428
22360006685000,2,1,1,0
22360006686000,44,23,21,1720.4
22360006687000,1,1,0,0
22360006719000,2,1,1,0
22360006720000,9,6,3,217.8
22360006721000,2,1,1,0
22360006749000,18,11,7,581.4
22360006750000,75,44,31,2985
22360006754000,6,3,3,226.2
22360006755000,3,2,1,0
22360006756000,3,2,1,0
22360006764000,2,1,1,0
22360006765000,26,14,12,1058.2
22360006766000,42,22,20,1621.2
22360006767000,47,24,23,1645
22360006768000,21,11,10,814.8
22360006769000,3,1,2,0
22360006772000,6,4,2,246
22360006794000,5,2,3,204
22360006796000,8,4,4,224
22360006797000,8,4,4,187.2
22360006798000,6,3,3,219
22360006800000,7,3,4,336
22360006807000,1,0,1,0
22360006810000,3,2,1,0
22360006811000,3,1,2,0
22360006832000,14,8,6,572.6
22360006833000,33,17,16,1815
22360006834000,59,30,29,2442.6
22360006835000,7,5,2,329.7
22360006837000,4,2,2,0
22360006838000,2,1,1,0
22360006839000,15,7,8,541.5
22360006840000,10,5,5,412
22360006892000,15,8,7,595.5
22360006895000,2,1,1,0
22360006899000,6,3,3,226.2
22360006900000,22,12,10,1086.8
22360006954000,1,1,0,0
22360006957000,2,1,1,0
22360006958000,10,4,6,469
22360006979000,1,1,0,0
22360006980000,7,5,2,254.1
22360006981000,3,2,1,0
22360006982000,1,1,0,0
22360006983000,2,1,1,0
22360006984000,17,8,9,817.7
22360006985000,32,18,14,1305.6
22360006986000,1,1,0,0
22360006991000,4,2,2,0
22360006992000,5,3,2,214
22360006993000,1,0,1,0
22360007007000,1,1,0,0
22360007013000,20,9,11,616
22360007014000,54,29,25,1954.8
22360007015000,36,18,18,1314
22360007016000,43,22,21,1479.2
22360007017000,38,19,19,1531.4
22360007018000,153,85,68,6242.4
22360007020000,26,11,15,923
22360007021000,23,12,11,749.8
22360007022000,27,14,13,982.8
22360007023000,19,10,9,741
22360007024000,35,18,17,1396.5
22360007025000,6,3,3,334.8
22360007026000,18,9,9,896.4
22360007027000,38,16,22,1592.2
22360007029000,2,1,1,0
22360007048000,4,3,1,0
22360007064000,23,12,11,1055.7
22360007065000,18,12,6,718.2
22360007066000,2,2,0,0
22360007071000,63,32,31,1997.1
22360007072000,588,283,305,23637.6
22360007073000,428,212,216,18318.4
22360007074000,42,24,18,1927.8
22360007075000,55,31,24,2502.5
22360007076000,27,17,10,1196.1
22360007077000,41,22,19,1615.4
22360007078000,34,17,17,1530
22360007081000,5,2,3,219
22360007085000,16,9,7,728
22360007086000,7,2,5,149.1
22360007087000,3,2,1,0
22360007088000,15,9,6,547.5
22370006556000,11,5,6,555.5
22370006557000,17,11,6,697
22370006558000,38,21,17,1664.4
22370006559000,4,2,2,0
22370006560000,105,48,57,4483.5
22370006561000,370,189,181,16539
22370006562000,245,117,128,10045
22370006563000,95,52,43,4218
22370006564000,298,142,156,12516
22370006565000,155,69,86,6835.5
22370006566000,70,35,35,2905
22370006567000,151,77,74,6583.6
22370006568000,97,47,50,4064.3
22370006569000,146,71,75,5591.8
22370006570000,107,54,53,4258.6
22370006571000,194,101,93,7333.2
22370006572000,64,34,30,2265.6
22370006573000,169,87,82,7216.3
22370006574000,278,130,148,12065.2
22370006575000,1032,439,593,49432.8
22370006576000,1944,958,986,74455.2
22370006577000,603,310,293,24481.8
22370006578000,1422,737,685,59155.2
22370006579000,34,18,16,1849.6
22370006580000,19,10,9,725.8
22370006581000,27,13,14,1017.9
22370006584000,737,373,364,26458.3
22370006585000,34,20,14,1506.2
22370006586000,17,10,7,690.2
22370006587000,2,1,1,0
22370006588000,24,10,14,835.2
22370006589000,37,22,15,1690.9
22370006590000,29,16,13,1131
22370006591000,20,12,8,680
22370006592000,13,5,8,369.2
22370006593000,18,10,8,822.6
22370006594000,33,15,18,953.7
22370006595000,28,16,12,977.2
22370006596000,170,81,89,6613
22370006597000,31,16,15,843.2
22370006598000,29,14,15,1209.3
22370006599000,2,2,0,0
22370006606000,8,5,3,464
22370006607000,8,3,5,408
22370006608000,51,29,22,2045.1
22370006609000,50,24,26,1710
22370006625000,241,124,117,8579.6
22370006626000,78,39,39,3517.8
22370006628000,4,2,2,0
22370006629000,3,3,0,0
22370006630000,841,395,446,30864.7
22370006631000,551,295,256,19891.1
22370006632000,515,246,269,23072
22370006633000,13,6,7,613.6
22370006639000,387,200,187,15093
22370006640000,728,366,362,22276.8
22370006641000,153,87,66,5569.2
22370006642000,22,13,9,921.8
22370006643000,2,1,1,0
22370006647000,31,17,14,1438.4
22370006648000,59,28,31,2218.4
22370006649000,141,74,67,5879.7
22370006651000,2,1,1,0
22370006652000,10,7,3,303
22370006653000,17,12,5,578
22370006654000,6,3,3,300
22370006655000,12,6,6,369.6
22370006659000,2,1,1,0
22370006660000,43,20,23,1849
22370006666000,375,196,179,14250
22370006667000,17,9,8,778.6
22370006668000,39,18,21,1423.5
22370006669000,456,201,255,22298.4
22370006670000,434,210,224,18097.8
22370006671000,87,42,45,4176
22370006672000,26,12,14,928.2
22370006673000,70,39,31,3276
22370006674000,73,37,36,3277.7
22370006675000,218,110,108,9722.8
22370006676000,50,29,21,2365
22370006677000,226,115,111,9514.6
22370006678000,473,249,224,18825.4
22370006679000,1489,720,769,65962.7
22370006680000,2033,965,1068,87419
22370006681000,621,309,312,24219
22370006682000,262,122,140,7152.6
22370006683000,89,48,41,4040.6
22370006684000,99,58,41,3831.3
22370006685000,160,86,74,7120
22370006686000,10,3,7,577
22370006718000,26,10,16,1302.6
22370006719000,11,7,4,532.4
22370006748000,17,7,10,547.4
22370006749000,5,4,1,175
22370006750000,94,46,48,3449.8
22370006754000,30,17,13,858
22370006755000,16,10,6,660.8
22370006756000,17,7,10,719.1
22370006764000,31,14,17,1224.5
22370006765000,64,34,30,2720
22370006767000,3,1,2,0
22370006772000,6,2,4,294
22370006793000,6,2,4,217.8
22370006794000,29,18,11,1574.7
22370006795000,19,10,9,720.1
22370006796000,23,12,11,1053.4
22370006797000,2,0,2,0
22370006803000,5,3,2,285
22370006809000,1,1,0,0
22370006810000,15,9,6,607.5
22370006832000,2,1,1,0
22370006833000,15,11,4,655.5
22370006834000,30,13,17,1554
22370006835000,6,4,2,220.8
22370006836000,12,8,4,567.6
22370006837000,8,6,2,278.4
22370006838000,36,19,17,1342.8
22370006839000,27,12,15,1077.3
22370006885000,19,11,8,646
22370006895000,15,7,8,265.5
22370006896000,5,2,3,242
22370006897000,3,2,1,0
22370006899000,9,5,4,356.4
22370006900000,5,2,3,215
22370006957000,43,21,22,1397.5
22370006958000,34,19,15,1608.2
22370006959000,6,4,2,327
22370006965000,2,1,1,0
22370006979000,45,26,19,2299.5
22370006980000,41,20,21,1689.2
22370006981000,10,4,6,607
22370006982000,91,45,46,4377.1
22370006983000,55,30,25,2359.5
22370006984000,6,2,4,99
22370007015000,10,6,4,463
22370007016000,6,4,2,196.2
22370007018000,198,95,103,6237
22370007019000,59,30,29,2501.6
22370007020000,66,35,31,2316.6
22370007021000,49,28,21,1974.7
22370007022000,16,6,10,766.4
22370007023000,32,16,16,1283.2
22370007024000,85,46,39,3289.5
22370007025000,71,33,38,2982
22370007026000,19,11,8,636.5
22370007027000,29,16,13,1223.8
22370007030000,7,3,4,238
22370007048000,7,3,4,331.8
22370007049000,9,3,6,305.1
22370007051000,2,1,1,0
22370007064000,23,10,13,809.6
22370007065000,21,10,11,840
22370007067000,21,13,8,741.3
22370007074000,4,2,2,0
22370007075000,56,24,32,1657.6
22370007076000,28,14,14,1206.8
22370007077000,186,90,96,7161
22370007078000,94,45,49,3525
22370007079000,13,7,6,764.4
22370007085000,7,3,4,452.2
22370007086000,33,18,15,1366.2
22370007087000,81,42,39,3126.6
22370007088000,17,8,9,809.2
22370007089000,1,0,1,0
22380006556000,21,12,9,1197
22380006557000,224,110,114,10617.6
22380006558000,72,36,36,3895.2
22380006559000,30,16,14,1689
22380006560000,33,16,17,1768.8
22380006562000,30,17,13,1413
22380006563000,12,8,4,745.2
22380006565000,58,29,29,2865.2
22380006566000,7,4,3,240.1
22380006567000,245,119,126,9971.5
22380006568000,335,169,166,13668
22380006569000,58,34,24,2140.2
22380006570000,28,15,13,1327.2
22380006571000,61,30,31,2592.5
22380006572000,207,101,106,8983.8
22380006573000,169,80,89,8652.8
22380006574000,395,199,196,15168
22380006575000,1099,552,547,42421.4
22380006576000,1843,895,948,70586.9
22380006577000,1970,941,1029,79194
22380006578000,2654,1371,1283,107752.4
22380006579000,2665,1300,1365,117526.5
22380006580000,352,182,170,16931.2
22380006581000,77,36,41,3103.1
22380006582000,139,69,70,5073.5
22380006583000,28,16,12,1251.6
22380006584000,832,420,412,30284.8
22380006585000,112,55,57,3931.2
22380006586000,3,2,1,0
22380006588000,3,2,1,0
22380006589000,26,14,12,1271.4
22380006590000,15,9,6,786
22380006591000,505,256,249,15453
22380006592000,363,183,180,13249.5
22380006593000,39,20,19,1548.3
22380006594000,6,1,5,283.8
22380006595000,312,148,164,11856
22380006596000,311,156,155,13217.5
22380006597000,68,31,37,2638.4
22380006598000,1,0,1,0
22380006608000,74,38,36,3108
22380006609000,365,191,174,14125.5
22380006610000,12,8,4,567.6
22380006612000,6,2,4,201
22380006624000,83,39,44,3270.2
22380006625000,597,313,284,22924.8
22380006626000,2,1,1,0
22380006628000,14,8,6,694.4
22380006629000,101,60,41,3625.9
22380006630000,44,24,20,1839.2
22380006631000,1305,643,662,49590
22380006632000,794,371,423,30648.4
22380006633000,33,20,13,1485
22380006634000,2,2,0,0
22380006635000,2,2,0,0
22380006639000,16,5,11,793.6
22380006640000,680,348,332,24480
22380006641000,172,90,82,6725.2
22380006642000,14,7,7,613.2
22380006650000,6,4,2,271.2
22380006658000,13,5,8,556.4
22380006666000,20,12,8,772
22380006667000,98,51,47,5262.6
22380006668000,314,159,155,13125.2
22380006669000,68,37,31,2318.8
22380006670000,429,225,204,12483.9
22380006671000,407,197,210,14855.5
22380006672000,10,4,6,412
22380006673000,30,14,16,1326
22380006674000,11,6,5,633.6
22380006675000,120,64,56,4860
22380006676000,43,20,23,1784.5
22380006677000,9,6,3,430.2
22380006678000,71,36,35,3209.2
22380006679000,277,141,136,10803
22380006680000,381,194,187,18440.4
22380006681000,117,64,53,4656.6
22380006682000,64,32,32,1798.4
22380006685000,21,12,9,974.4
22380006686000,19,11,8,1153.3
22380006712000,9,5,4,341.1
22380006716000,2,1,1,0
22380006747000,2,1,1,0
22380006748000,40,24,16,2072
22380006750000,136,79,57,5331.2
22380006753000,3,1,2,0
22380006755000,22,11,11,882.2
22380006756000,14,8,6,719.6
22380006757000,6,2,4,100.2
22380006758000,1,0,1,0
22380006764000,6,1,5,202.2
22380006765000,34,18,16,1387.2
22380006766000,9,5,4,449.1
22380006789000,9,6,3,359.1
22380006790000,5,3,2,347
22380006791000,4,2,2,0
22380006792000,28,14,14,1304.8
22380006793000,28,18,10,893.2
22380006794000,144,60,84,7776
22380006795000,64,29,35,3187.2
22380006796000,9,4,5,484.2
22380006802000,36,20,16,1414.8
22380006803000,21,12,9,1045.8
22380006804000,12,6,6,564
22380006809000,1,0,1,0
22380006831000,6,2,4,196.2
22380006833000,42,21,21,1877.4
22380006834000,87,41,46,3497.4
22380006835000,2,2,0,0
22380006836000,8,3,5,400.8
22380006837000,4,1,3,0
22380006840000,2,1,1,0
22380006879000,2,1,1,0
22380006885000,1,0,1,0
22380006889000,6,3,3,252
22380006896000,2,1,1,0
22380006897000,3,1,2,0
22380006899000,190,98,92,9500
22380006900000,59,35,24,2259.7
22380006957000,12,7,5,429.6
22380006958000,11,6,5,268.4
22380006959000,2,1,1,0
22380006965000,13,6,7,533
22380006979000,77,44,33,3441.9
22380006981000,11,7,4,434.5
22380006982000,8,3,5,330.4
22380007007000,3,2,1,0
22380007012000,3,1,2,0
22380007017000,27,18,9,861.3
22380007018000,19,14,5,642.2
22380007019000,53,24,29,2263.1
22380007020000,46,28,18,1734.2
22380007021000,15,11,4,609
22380007023000,73,31,42,2445.5
22380007024000,92,45,47,3109.6
22380007025000,135,71,64,5130
22380007026000,14,8,6,851.2
22380007027000,63,31,32,2841.3
22380007028000,4,3,1,0
22380007030000,24,12,12,924
22380007049000,4,2,2,0
22380007050000,3,2,1,0
22380007064000,6,3,3,288
22380007065000,36,18,18,1764
22380007066000,7,3,4,319.2
22380007074000,18,7,11,880.2
22380007075000,206,113,93,8178.2
22380007076000,63,31,32,2759.4
22380007077000,366,181,185,14713.2
22380007078000,22,11,11,1104.4
22380007079000,73,35,38,2722.9
22380007080000,40,19,21,1272
22380007081000,33,17,16,1323.3
22380007082000,11,8,3,379.5
22380007085000,6,3,3,168
22380007086000,17,10,7,681.7
22380007087000,30,16,14,1398
22380007088000,12,8,4,495.6
22380007089000,32,16,16,1264
22380007090000,4,1,3,0
22390006556000,5,1,4,244
22390006557000,112,56,56,5756.8
22390006558000,120,54,66,5700
22390006565000,4,3,1,0
22390006566000,33,15,18,1244.1
22390006567000,52,24,28,2636.4
22390006568000,431,209,222,18317.5
22390006569000,335,156,179,12060
22390006570000,375,190,185,16087.5
22390006571000,689,323,366,28317.9
22390006572000,458,222,236,19190.2
22390006573000,463,231,232,18658.9
22390006574000,317,163,154,12680
22390006575000,692,338,354,31209.2
22390006576000,233,119,114,9902.5
22390006577000,463,213,250,22779.6
22390006578000,1390,675,715,59214
22390006579000,1745,795,950,68753
22390006580000,1280,579,701,59776
22390006581000,1589,819,770,63401.1
22390006582000,1853,904,949,70969.9
22390006583000,672,320,352,22780.8
22390006584000,9,6,3,474.3
22390006585000,117,70,47,5323.5
22390006586000,100,54,46,4070
22390006587000,27,13,14,1390.5
22390006588000,12,6,6,460.8
22390006589000,44,24,20,1685.2
22390006590000,27,15,12,1112.4
22390006591000,569,295,274,19573.6
22390006592000,372,180,192,13801.2
22390006593000,31,17,14,1574.8
22390006594000,41,24,17,1549.8
22390006595000,14,6,8,446.6
22390006597000,15,7,8,682.5
22390006598000,4,3,1,0
22390006608000,4,2,2,0
22390006609000,119,59,60,5331.2
22390006610000,517,267,250,22489.5
22390006611000,155,76,79,5983
22390006612000,65,36,29,2847
22390006613000,11,6,5,445.5
22390006614000,23,13,10,844.1
22390006616000,4,2,2,0
22390006617000,43,24,19,2266.1
22390006618000,32,19,13,934.4
22390006619000,2,1,1,0
22390006621000,14,8,6,635.6
22390006622000,78,40,38,4009.2
22390006623000,73,41,32,3482.1
22390006624000,63,29,34,2784.6
22390006625000,23,12,11,807.3
22390006628000,131,71,60,5122.1
22390006629000,557,275,282,19160.8
22390006630000,180,94,86,5796
22390006631000,231,117,114,9240
22390006632000,113,55,58,4655.6
22390006633000,2,1,1,0
22390006639000,270,137,133,10746
22390006640000,325,165,160,13000
22390006641000,24,11,13,1008
22390006642000,12,10,2,560.4
22390006643000,6,2,4,304.2
22390006651000,7,4,3,368.2
22390006656000,5,3,2,343
22390006657000,26,15,11,1149.2
22390006665000,7,3,4,224.7
22390006667000,732,366,366,28035.6
22390006668000,4,3,1,0
22390006672000,2,2,0,0
22390006673000,23,15,8,1115.5
22390006674000,66,32,34,2692.8
22390006675000,48,26,22,2049.6
22390006676000,44,21,23,2169.2
22390006677000,76,40,36,3131.2
22390006678000,81,37,44,3620.7
22390006679000,84,47,37,3511.2
22390006680000,14,9,5,614.6
22390006681000,138,73,65,5685.6
22390006682000,33,26,7,1072.5
22390006683000,38,21,17,1569.4
22390006712000,5,2,3,308
22390006713000,4,2,2,0
22390006714000,7,3,4,345.8
22390006715000,2,0,2,0
22390006716000,14,9,5,785.4
22390006717000,4,3,1,0
22390006741000,1,1,0,0
22390006745000,23,13,10,1154.6
22390006746000,51,27,24,2371.5
22390006747000,10,5,5,551
22390006748000,2,1,1,0
22390006750000,141,65,76,5442.6
22390006751000,2,2,0,0
22390006754000,23,12,11,1115.5
22390006755000,3,1,2,0
22390006756000,7,4,3,235.9
22390006757000,31,19,12,1100.5
22390006765000,10,5,5,431
22390006766000,17,9,8,535.5
22390006767000,6,4,2,178.8
22390006787000,4,1,3,0
22390006788000,13,5,8,501.8
22390006789000,26,11,15,1315.6
22390006790000,16,9,7,707.2
22390006791000,28,13,15,1232
22390006792000,20,10,10,764
22390006793000,43,23,20,2068.3
22390006794000,181,87,94,8995.7
22390006795000,281,136,145,12729.3
22390006796000,4,2,2,0
22390006799000,12,7,5,412.8
22390006800000,29,14,15,1203.5
22390006801000,26,15,11,980.2
22390006802000,32,15,17,1702.4
22390006803000,65,33,32,2502.5
22390006804000,40,16,24,1628
22390006805000,4,2,2,0
22390006822000,18,17,1,606.6
22390006831000,2,1,1,0
22390006832000,7,3,4,403.2
22390006833000,20,11,9,1096
22390006834000,30,17,13,1320
22390006879000,5,2,3,250
22390006880000,4,1,3,0
22390006881000,10,5,5,399
22390006882000,4,1,3,0
22390006883000,7,4,3,251.3
22390006884000,9,6,3,441
22390006887000,15,5,10,489
22390006888000,7,5,2,331.1
22390006897000,6,3,3,205.2
22390006898000,16,7,9,780.8
22390006899000,285,135,150,14620.5
22390006900000,30,19,11,1287
22390006959000,15,8,7,475.5
22390006960000,5,4,1,334
22390006961000,5,4,1,228
22390006962000,5,2,3,203
22390006966000,2,1,1,0
22390006977000,6,4,2,189
22390006978000,40,24,16,1732
22390006979000,12,4,8,440.4
22390007006000,7,4,3,401.8
22390007011000,2,2,0,0
22390007015000,1,1,0,0
22390007017000,12,7,5,477.6
22390007018000,52,31,21,1752.4
22390007019000,9,5,4,249.3
22390007023000,14,7,7,600.6
22390007024000,107,63,44,3777.1
22390007025000,322,161,161,12397
22390007026000,44,18,26,1707.2
22390007027000,20,10,10,816
22390007028000,6,3,3,280.2
22390007030000,25,11,14,1005
22390007031000,32,15,17,1212.8
22390007049000,35,22,13,1036
22390007051000,9,5,4,462.6
22390007052000,2,1,1,0
22390007058000,5,1,4,148
22390007060000,14,8,6,670.6
22390007061000,33,16,17,1402.5
22390007064000,2,1,1,0
22390007065000,3,2,1,0
22390007066000,11,6,5,610.5
22390007068000,4,2,2,0
22390007074000,10,5,5,314
22390007075000,28,18,10,1097.6
22390007076000,45,23,22,1957.5
22390007077000,5,3,2,172
22390007078000,41,23,18,1730.2
22390007079000,105,51,54,3969
22390007080000,114,54,60,3579.6
22390007081000,18,9,9,705.6
22390007083000,8,4,4,310.4
22390007084000,4,1,3,0
22390007086000,17,9,8,860.2
22390007087000,37,23,14,1428.2
22390007089000,24,14,10,1142.4
22390007090000,25,13,12,1052.5
22400006568000,94,47,47,4916.2
22400006569000,186,100,86,8872.2
22400006570000,397,189,208,16713.7
22400006571000,446,221,225,19713.2
22400006572000,736,369,367,30691.2
22400006573000,922,451,471,39461.6
22400006574000,541,276,265,20179.3
22400006575000,825,398,427,37702.5
22400006576000,357,180,177,16529.1
22400006577000,390,199,191,16263
22400006578000,1450,711,739,58000
22400006579000,1461,681,780,69689.7
22400006580000,604,296,308,26998.8
22400006581000,46,23,23,1973.4
22400006582000,73,39,34,2423.6
22400006583000,321,158,163,10593
22400006584000,16,9,7,830.4
22400006585000,46,28,18,1807.8
22400006586000,26,14,12,860.6
22400006587000,106,49,57,4568.6
22400006588000,114,67,47,4138.2
22400006589000,136,85,51,4311.2
22400006590000,21,12,9,810.6
22400006591000,98,55,43,3018.4
22400006592000,17,5,12,697
22400006593000,50,22,28,1995
22400006594000,14,8,6,527.8
22400006595000,16,9,7,772.8
22400006596000,37,23,14,1476.3
22400006597000,46,28,18,1964.2
22400006598000,9,5,4,440.1
22400006607000,2,1,1,0
22400006608000,12,6,6,565.2
22400006609000,2,1,1,0
22400006611000,21,8,13,827.4
22400006614000,6,4,2,297
22400006615000,78,40,38,3307.2
22400006616000,701,341,360,31965.6
22400006617000,986,464,522,40820.4
22400006618000,1271,655,616,53000.7
22400006619000,215,113,102,7804.5
22400006620000,7,4,3,265.3
22400006621000,14,8,6,648.2
22400006622000,48,26,22,2193.6
22400006626000,58,27,31,2830.4
22400006627000,24,13,11,789.6
22400006628000,32,19,13,1190.4
22400006629000,55,29,26,1914
22400006630000,40,18,22,1512
22400006631000,254,116,138,12954
22400006632000,77,45,32,2933.7
22400006638000,475,226,249,16957.5
22400006639000,441,231,210,16537.5
22400006640000,859,441,418,31009.9
22400006641000,98,57,41,3547.6
22400006642000,21,12,9,802.2
22400006655000,33,20,13,1395.9
22400006656000,254,144,110,10947.4
22400006657000,3,1,2,0
22400006660000,4,2,2,0
22400006667000,60,32,28,1818
22400006668000,22,13,9,1124.2
22400006669000,26,16,10,1253.2
22400006670000,2,1,1,0
22400006674000,41,24,17,1664.6
22400006675000,35,20,15,1613.5
22400006676000,9,5,4,332.1
22400006677000,9,4,5,241.2
22400006678000,174,95,79,7308
22400006679000,278,135,143,10786.4
22400006680000,444,216,228,18381.6
22400006681000,125,64,61,5162.5
22400006682000,26,16,10,1027
22400006714000,2,0,2,0
22400006716000,5,2,3,235
22400006718000,20,14,6,778
22400006719000,7,3,4,91.7
22400006740000,20,12,8,912
22400006741000,54,33,21,2592
22400006742000,18,11,7,653.4
22400006743000,8,3,5,376
22400006745000,7,3,4,270.9
22400006746000,7,5,2,268.1
22400006747000,6,3,3,270
22400006748000,2,1,1,0
22400006749000,52,27,25,1934.4
22400006750000,76,39,37,2743.6
22400006751000,8,5,3,336.8
22400006754000,3,2,1,0
22400006757000,9,4,5,534.6
22400006758000,2,1,1,0
22400006765000,25,13,12,1035
22400006766000,5,2,3,305
22400006767000,4,1,3,0
22400006786000,2,1,1,0
22400006787000,16,9,7,660.8
22400006788000,24,12,12,948
22400006789000,5,2,3,159
22400006790000,1,0,1,0
22400006791000,7,4,3,336.7
22400006793000,9,4,5,306
22400006794000,37,18,19,1557.7
22400006795000,4,2,2,0
22400006796000,19,11,8,636.5
22400006797000,7,4,3,301
22400006798000,2,1,1,0
22400006799000,24,12,12,1572
22400006800000,40,18,22,1660
22400006801000,71,41,30,2463.7
22400006802000,53,28,25,2665.9
22400006803000,29,13,16,1139.7
22400006804000,66,32,34,2805
22400006805000,6,2,4,265.8
22400006821000,8,4,4,372
22400006822000,7,3,4,312.2
22400006825000,8,5,3,435.2
22400006830000,9,4,5,268.2
22400006831000,3,1,2,0
22400006832000,169,85,84,8331.7
22400006833000,29,13,16,1113.6
22400006834000,8,4,4,362.4
22400006841000,1,1,0,0
22400006844000,7,2,5,315.7
22400006845000,4,2,2,0
22400006847000,13,5,8,547.3
22400006875000,3,2,1,0
22400006891000,1,1,0,0
22400006897000,4,3,1,0
22400006898000,27,13,14,1231.2
22400006899000,8,3,5,460.8
22400006900000,6,3,3,427.2
22400006960000,14,8,6,602
22400006961000,8,4,4,456.8
22400006962000,8,4,4,412
22400006963000,5,3,2,153
22400006977000,10,6,4,420
22400006978000,30,14,16,1173
22400006979000,9,4,5,390.6
22400007015000,2,0,2,0
22400007018000,12,6,6,525.6
22400007023000,4,3,1,0
22400007024000,14,9,5,490
22400007025000,793,357,436,37588.2
22400007026000,846,421,425,32824.8
22400007027000,140,72,68,5600
22400007028000,43,25,18,1539.4
22400007029000,2,2,0,0
22400007030000,158,84,74,5150.8
22400007031000,443,219,224,16169.5
22400007032000,6,3,3,213
22400007049000,28,17,11,1005.2
22400007050000,19,10,9,893
22400007051000,49,27,22,1817.9
22400007052000,76,37,39,3351.6
22400007053000,46,24,22,1945.8
22400007058000,6,3,3,360
22400007059000,1,1,0,0
22400007060000,1,0,1,0
22400007074000,9,4,5,290.7
22400007075000,28,16,12,1176
22400007076000,3,2,1,0
22400007077000,1,1,0,0
22400007079000,2,1,1,0
22400007080000,30,14,16,1530
22400007081000,14,7,7,791
22400007082000,1,0,1,0
22400007083000,7,1,6,219.8
22400007087000,7,2,5,128.8
22400007089000,13,5,8,556.4
22400007090000,57,26,31,2382.6
22400007091000,50,28,22,2080
22410006571000,4,2,2,0
22410006573000,1,1,0,0
22410006574000,85,39,46,4267
22410006575000,839,410,429,34986.3
22410006576000,851,428,423,37954.6
22410006577000,1035,500,535,42642
22410006578000,290,133,157,14587
22410006579000,2051,951,1100,85936.9
22410006580000,786,392,394,30182.4
22410006581000,178,92,86,6497
22410006582000,89,45,44,3577.8
22410006583000,57,30,27,2228.7
22410006584000,36,21,15,1587.6
22410006585000,7,5,2,343.7
22410006586000,6,3,3,280.8
22410006587000,1243,612,631,53821.9
22410006588000,402,191,211,17205.6
22410006589000,32,21,11,825.6
22410006590000,202,101,101,7797.2
22410006591000,779,386,393,31471.6
22410006593000,13,9,4,423.8
22410006594000,14,7,7,505.4
22410006595000,265,132,133,10361.5
22410006596000,641,321,320,26281
22410006597000,628,313,315,27255.2
22410006598000,134,63,71,6110.4
22410006607000,6,5,1,183
22410006608000,7,5,2,434
22410006609000,19,12,7,841.7
22410006610000,42,19,23,1965.6
22410006611000,165,86,79,8596.5
22410006616000,164,78,86,7511.2
22410006617000,475,232,243,23085
22410006618000,163,87,76,6683
22410006619000,3,2,1,0
22410006625000,36,23,13,1519.2
22410006626000,64,31,33,2579.2
22410006630000,38,13,25,1303.4
22410006631000,719,363,356,25668.3
22410006632000,868,423,445,33418
22410006633000,529,268,261,17668.6
22410006634000,31,16,15,883.5
22410006635000,7,4,3,219.8
22410006636000,1,1,0,0
22410006637000,5,3,2,258
22410006638000,287,152,135,10992.1
22410006639000,25,10,15,1062.5
22410006640000,1588,776,812,60820.4
22410006641000,774,372,402,26857.8
22410006642000,51,34,17,2070.6
22410006643000,1,1,0,0
22410006654000,14,9,5,582.4
22410006655000,48,28,20,2299.2
22410006656000,26,18,8,1110.2
22410006657000,6,3,3,262.2
22410006669000,7,3,4,335.3
22410006670000,5,2,3,338
22410006671000,43,23,20,1892
22410006672000,20,13,7,830
22410006673000,25,12,13,970
22410006674000,23,13,10,1090.2
22410006675000,91,51,40,4022.2
22410006676000,27,11,16,839.7
22410006678000,34,21,13,1798.6
22410006679000,596,308,288,22946
22410006680000,841,411,430,35069.7
22410006681000,87,47,40,4002
22410006682000,108,55,53,3769.2
22410006683000,71,35,36,2882.6
22410006717000,16,5,11,1017.6
22410006718000,50,22,28,2130
22410006719000,42,22,20,1755.6
22410006720000,18,10,8,1004.4
22410006721000,13,6,7,439.4
22410006722000,1,1,0,0
22410006723000,11,7,4,421.3
22410006724000,5,3,2,265
22410006726000,5,3,2,254
22410006738000,2,1,1,0
22410006739000,17,10,7,848.3
22410006740000,8,3,5,256
22410006741000,1,1,0,0
22410006743000,2,1,1,0
22410006744000,15,8,7,789
22410006745000,33,16,17,1207.8
22410006746000,136,60,76,5168
22410006747000,65,33,32,2671.5
22410006748000,24,16,8,936
22410006749000,53,28,25,2247.2
22410006750000,31,17,14,1264.8
22410006754000,9,5,4,507.6
22410006758000,4,3,1,0
22410006764000,12,5,7,517.2
22410006765000,23,12,11,936.1
22410006766000,6,3,3,352.8
22410006767000,5,3,2,173
22410006786000,5,4,1,156
22410006787000,26,14,12,884
22410006794000,5,3,2,272
22410006795000,2,1,1,0
22410006796000,7,5,2,321.3
22410006797000,18,9,9,689.4
22410006798000,26,15,11,1333.8
22410006799000,12,6,6,471.6
22410006800000,89,55,34,3275.2
22410006801000,27,16,11,1009.8
22410006802000,31,17,14,1422.9
22410006803000,9,4,5,289.8
22410006804000,52,26,26,2444
22410006805000,11,5,6,609.4
22410006806000,19,12,7,710.6
22410006807000,8,4,4,268
22410006820000,8,3,5,412
22410006821000,12,5,7,378
22410006824000,7,5,2,321.3
22410006825000,5,2,3,113
22410006826000,17,7,10,557.6
22410006827000,3,2,1,0
22410006828000,9,6,3,594
22410006829000,16,7,9,526.4
22410006830000,14,6,8,543.2
22410006831000,605,275,330,26680.5
22410006832000,361,177,184,16281.1
22410006833000,2,1,1,0
22410006844000,5,2,3,279
22410006897000,12,6,6,445.2
22410006898000,81,41,40,3823.2
22410006899000,28,15,13,918.4
22410006961000,1,1,0,0
22410006962000,13,6,7,648.7
22410006963000,4,2,2,0
22410006965000,5,2,3,192
22410006966000,1,0,1,0
22410006977000,21,10,11,812.7
22410006978000,9,4,5,451.8
22410007004000,1,1,0,0
22410007016000,11,5,6,441.1
22410007024000,76,35,41,2728.4
22410007025000,82,48,34,2796.2
22410007026000,18,9,9,549
22410007027000,806,378,428,32320.6
22410007028000,746,351,395,33047.8
22410007029000,829,391,438,39874.9
22410007030000,124,68,56,5505.6
22410007032000,3,2,1,0
22410007036000,2,1,1,0
22410007051000,11,6,5,624.8
22410007052000,52,22,30,1991.6
22410007053000,82,41,41,3977
22410007054000,10,6,4,606
22410007058000,5,1,4,282
22410007059000,9,4,5,452.7
22410007060000,6,4,2,190.8
22410007074000,138,69,69,5920.2
22410007075000,258,135,123,8978.4
22410007076000,20,8,12,600
22410007080000,15,10,5,681
22410007081000,22,13,9,1185.8
22410007082000,10,3,7,323
22410007083000,9,6,3,348.3
22410007090000,11,6,5,577.5
22410007091000,26,14,12,897
22410007092000,16,9,7,716.8
22420006571000,5,3,2,169
22420006575000,95,43,52,5044.5
22420006576000,117,61,56,4855.5
22420006577000,474,231,243,19528.8
22420006578000,1135,586,549,44492
22420006579000,2212,1086,1126,89364.8
22420006580000,652,317,335,23928.4
22420006581000,1300,644,656,41600
22420006582000,74,37,37,3463.2
22420006583000,51,29,22,2162.4
22420006584000,29,14,15,1215.1
22420006585000,37,22,15,1324.6
22420006586000,60,29,31,2574
22420006587000,677,326,351,32157.5
22420006588000,589,291,298,25857.1
22420006590000,12,6,6,579.6
22420006591000,165,86,79,5973
22420006592000,630,296,334,28602
22420006593000,1537,778,759,57944.9
22420006594000,2453,1196,1257,93704.6
22420006595000,2469,1227,1242,100982.1
22420006596000,1630,825,805,63081
22420006597000,301,139,162,14779.1
22420006598000,1,1,0,0
22420006607000,11,6,5,429
22420006608000,5,2,3,246
22420006609000,12,7,5,610.8
22420006610000,57,31,26,2445.3
22420006611000,66,34,32,3616.8
22420006612000,7,4,3,291.2
22420006613000,2,1,1,0
22420006615000,1,0,1,0
22420006616000,25,16,9,1012.5
22420006617000,104,52,52,4461.6
22420006619000,4,1,3,0
22420006620000,3,0,3,0
22420006622000,2,1,1,0
22420006623000,11,8,3,366.3
22420006625000,65,31,34,2223
22420006626000,3,1,2,0
22420006630000,6,3,3,192
22420006631000,761,398,363,30896.6
22420006632000,400,205,195,15680
22420006633000,52,31,21,1476.8
22420006634000,138,75,63,4857.6
22420006635000,392,204,188,13641.6
22420006636000,5,4,1,201
22420006637000,8,6,2,346.4
22420006638000,93,49,44,3255
22420006639000,1,1,0,0
22420006640000,268,136,132,8897.6
22420006641000,1381,657,724,51925.6
22420006642000,321,166,155,12390.6
22420006643000,100,47,53,4300
22420006644000,9,4,5,270.9
22420006654000,21,11,10,772.8
22420006672000,39,19,20,1653.6
22420006673000,38,20,18,1542.8
22420006674000,134,68,66,5185.8
22420006675000,37,19,18,1350.5
22420006676000,1,1,0,0
22420006678000,12,6,6,715.2
22420006679000,61,31,30,2464.4
22420006680000,73,37,36,3285
22420006681000,57,27,30,2342.7
22420006682000,43,25,18,1806
22420006683000,76,41,35,2895.6
22420006685000,82,34,48,3280
22420006686000,5,2,3,272
22420006687000,144,62,82,4060.8
22420006693000,11,5,6,355.3
22420006694000,5,3,2,225
22420006695000,34,17,17,1400.8
22420006697000,5,3,2,220
22420006717000,14,7,7,532
22420006718000,9,5,4,466.2
22420006721000,3,2,1,0
22420006725000,2,1,1,0
22420006726000,16,12,4,556.8
22420006727000,8,4,4,398.4
22420006728000,2,1,1,0
22420006737000,14,8,6,687.4
22420006738000,55,24,31,2618
22420006739000,27,13,14,1323
22420006741000,11,5,6,480.7
22420006742000,10,6,4,451
22420006746000,58,29,29,2702.8
22420006747000,17,7,10,690.2
22420006748000,11,7,4,403.7
22420006749000,5,3,2,242
22420006750000,36,16,20,1209.6
22420006753000,8,4,4,168.8
22420006754000,2,2,0,0
22420006758000,32,15,17,1148.8
22420006763000,6,2,4,223.2
22420006764000,48,26,22,1915.2
22420006765000,23,11,12,1161.5
22420006766000,9,4,5,433.8
22420006767000,3,1,2,0
22420006786000,11,4,7,411.4
22420006794000,3,2,1,0
22420006795000,14,7,7,669.2
22420006796000,48,25,23,1838.4
22420006797000,76,40,36,2964
22420006798000,63,36,27,2784.6
22420006799000,44,26,18,1658.8
22420006800000,57,29,28,2120.4
22420006801000,51,31,20,2075.7
22420006802000,27,13,14,1244.7
22420006804000,44,26,18,1531.2
22420006805000,132,61,71,5623.2
22420006806000,15,7,8,615
22420006807000,11,6,5,568.7
22420006818000,1,1,0,0
22420006819000,3,3,0,0
22420006820000,14,10,4,547.4
22420006821000,31,17,14,1605.8
22420006822000,40,19,21,1320
22420006823000,23,13,10,740.6
22420006824000,20,13,7,896
22420006825000,26,13,13,964.6
22420006826000,8,3,5,264
22420006828000,2,2,0,0
22420006829000,7,3,4,412.3
22420006830000,142,68,74,6773.4
22420006831000,173,86,87,7110.3
22420006832000,49,25,24,2205
22420006833000,74,35,39,3478
22420006896000,8,3,5,323.2
22420006897000,26,11,15,1209
22420006898000,24,14,10,880.8
22420006961000,1,1,0,0
22420006962000,2,1,1,0
22420006963000,13,7,6,717.6
22420006967000,10,7,3,384
22420006968000,6,1,5,240
22420006977000,8,4,4,324.8
22420007016000,3,1,2,0
22420007017000,2,2,0,0
22420007024000,4,2,2,0
22420007027000,77,41,36,2556.4
22420007028000,117,56,61,4422.6
22420007029000,977,516,461,39470.8
22420007030000,1718,864,854,69063.6
22420007033000,7,4,3,305.9
22420007036000,3,2,1,0
22420007048000,5,3,2,203
22420007049000,7,3,4,289.8
22420007051000,250,129,121,10400
22420007052000,167,79,88,7982.6
22420007053000,13,6,7,642.2
22420007054000,1,0,1,0
22420007056000,10,5,5,649
22420007057000,17,9,8,1062.5
22420007074000,31,17,14,1531.4
22420007075000,14,8,6,757.4
22420007076000,2,1,1,0
22420007079000,12,5,7,556.8
22420007080000,11,4,7,602.8
22420007081000,185,97,88,6253
22420007082000,66,32,34,1584
22420007083000,30,15,15,1161
22420007090000,46,24,22,1564
22420007091000,40,22,18,1908
22420007092000,23,10,13,959.1
22420007093000,2,1,1,0
22430006576000,1,1,0,0
22430006577000,180,81,99,6264
22430006578000,174,86,88,8560.8
22430006579000,488,242,246,20788.8
22430006580000,729,344,385,27847.8
22430006581000,433,217,216,18532.4
22430006582000,109,57,52,3858.6
22430006583000,303,146,157,10847.4
22430006584000,251,131,120,8759.9
22430006585000,91,50,41,4258.8
22430006586000,197,99,98,8274
22430006587000,6,4,2,159
22430006591000,19,9,10,837.9
22430006592000,4,3,1,0
22430006593000,1801,897,904,77262.9
22430006594000,3762,1859,1903,162894.6
22430006595000,2821,1426,1395,127227.1
22430006596000,7,4,3,198.8
22430006609000,37,19,18,1328.3
22430006610000,82,37,45,2878.2
22430006611000,51,23,28,2218.5
22430006612000,17,9,8,569.5
22430006616000,121,52,69,5432.9
22430006617000,477,239,238,19318.5
22430006618000,14,6,8,383.6
22430006620000,10,4,6,366
22430006623000,8,5,3,476.8
22430006628000,15,6,9,580.5
22430006629000,12,4,8,429.6
22430006630000,76,45,31,2705.6
22430006631000,46,25,21,2060.8
22430006632000,26,15,11,904.8
22430006633000,20,7,13,898
22430006634000,43,24,19,1784.5
22430006635000,649,338,311,22001.1
22430006636000,623,288,335,27785.8
22430006637000,671,343,328,24692.8
22430006638000,30,18,12,1068
22430006639000,929,441,488,40318.6
22430006640000,2849,1445,1404,108262
22430006641000,1913,952,961,69824.5
22430006642000,1989,958,1031,79560
22430006643000,403,211,192,15878.2
22430006644000,15,10,5,691.5
22430006645000,6,4,2,235.2
22430006646000,4,3,1,0
22430006647000,1,0,1,0
22430006653000,33,18,15,1201.2
22430006654000,31,15,16,1215.2
22430006674000,13,6,7,841.1
22430006678000,3,2,1,0
22430006681000,55,22,33,1969
22430006682000,78,42,36,3572.4
22430006683000,128,51,77,5004.8
22430006684000,98,54,44,4106.2
22430006685000,721,353,368,27037.5
22430006686000,585,293,292,24102
22430006687000,587,302,285,22306
22430006688000,226,114,112,8655.8
22430006692000,29,15,14,1307.9
22430006693000,22,10,12,1027.4
22430006694000,1,0,1,0
22430006695000,1,0,1,0
22430006696000,9,5,4,549.9
22430006697000,13,7,6,747.5
22430006698000,53,32,21,2241.9
22430006701000,1,1,0,0
22430006717000,16,9,7,563.2
22430006719000,3,2,1,0
22430006720000,37,24,13,1646.5
22430006721000,24,14,10,1060.8
22430006722000,2,1,1,0
22430006727000,25,15,10,1310
22430006736000,8,5,3,359.2
22430006737000,13,7,6,613.6
22430006738000,1,0,1,0
22430006740000,18,10,8,894.6
22430006741000,10,4,6,522
22430006742000,17,7,10,676.6
22430006743000,27,13,14,1077.3
22430006745000,6,3,3,204
22430006746000,10,5,5,389
22430006747000,24,9,15,1118.4
22430006748000,1,1,0,0
22430006750000,2,1,1,0
22430006752000,15,10,5,501
22430006753000,39,17,22,1524.9
22430006759000,21,13,8,711.9
22430006760000,24,11,13,907.2
22430006763000,11,6,5,567.6
22430006764000,7,6,1,226.8
22430006765000,7,5,2,378.7
22430006785000,4,3,1,0
22430006786000,23,13,10,1173
22430006795000,3,1,2,0
22430006796000,34,16,18,1261.4
22430006797000,390,188,202,17667
22430006798000,355,190,165,14058
22430006799000,40,18,22,1564
22430006800000,32,22,10,1164.8
22430006801000,5,3,2,283
22430006804000,2,1,1,0
22430006805000,22,11,11,1056
22430006806000,14,7,7,746.2
22430006812000,1,1,0,0
22430006817000,9,5,4,357.3
22430006818000,1,0,1,0
22430006819000,23,12,11,1085.6
22430006820000,79,45,34,3041.5
22430006821000,49,27,22,2126.6
22430006822000,38,21,17,1478.2
22430006823000,226,116,110,10147.4
22430006824000,4,3,1,0
22430006826000,7,4,3,380.8
22430006827000,40,21,19,1452
22430006828000,18,10,8,797.4
22430006829000,30,16,14,1239
22430006830000,35,17,18,1452.5
22430006831000,8,3,5,419.2
22430006834000,2,1,1,0
22430006872000,1,1,0,0
22430006897000,7,4,3,492.1
22430006898000,3,2,1,0
22430006961000,11,5,6,346.5
22430006962000,5,3,2,187
22430006965000,1,1,0,0
22430006966000,24,14,10,1288.8
22430006967000,28,12,16,1033.2
22430006968000,23,11,12,952.2
22430006969000,21,12,9,1010.1
22430006970000,12,6,6,644.4
22430006971000,4,2,2,0
22430006976000,1,1,0,0
22430007006000,16,9,7,664
22430007011000,1,1,0,0
22430007012000,1,0,1,0
22430007030000,63,32,31,1619.1
22430007033000,8,4,4,216.8
22430007034000,6,3,3,195
22430007036000,10,7,3,560
22430007049000,15,8,7,655.5
22430007050000,11,5,6,609.4
22430007051000,74,38,36,2952.6
22430007052000,2,1,1,0
22430007056000,2,1,1,0
22430007065000,42,22,20,2154.6
22430007066000,26,13,13,1248
22430007070000,1,1,0,0
22430007075000,47,24,23,1715.5
22430007076000,5,2,3,382
22430007078000,11,4,7,572
22430007079000,5,3,2,105
22430007080000,72,36,36,3103.2
22430007081000,191,88,103,9359
22430007083000,3,1,2,0
22430007088000,3,3,0,0
22430007089000,6,2,4,136.8
22430007090000,50,25,25,1840
22430007091000,126,64,62,5594.4
22440006581000,290,145,145,11455
22440006582000,84,37,47,3452.4
22440006583000,45,20,25,1858.5
22440006584000,40,17,23,1708
22440006594000,29,17,12,1470.3
22440006595000,68,27,41,3536
22440006596000,180,86,94,7650
22440006607000,2,1,1,0
22440006608000,6,3,3,216
22440006609000,34,19,15,1186.6
22440006610000,43,23,20,1831.8
22440006611000,8,4,4,251.2
22440006612000,2,1,1,0
22440006613000,4,3,1,0
22440006614000,18,9,9,727.2
22440006615000,61,29,32,2330.2
22440006616000,48,27,21,1776
22440006617000,104,60,44,3744
22440006618000,64,37,27,2387.2
22440006627000,7,4,3,426.3
22440006628000,15,7,8,819
22440006629000,89,49,40,3132.8
22440006630000,47,23,24,1795.4
22440006631000,15,8,7,712.5
22440006632000,27,12,15,1028.7
22440006633000,702,354,348,25272
22440006634000,84,46,38,3234
22440006635000,749,380,369,26514.6
22440006636000,1425,713,712,55717.5
22440006637000,493,244,249,19177.7
22440006638000,346,176,170,14186
22440006639000,1447,695,752,54696.6
22440006640000,1595,759,836,75124.5
22440006641000,1679,831,848,80424.1
22440006642000,1154,577,577,47429.4
22440006643000,101,47,54,4393.5
22440006644000,30,17,13,1617
22440006647000,47,22,25,2350
22440006648000,4,1,3,0
22440006650000,17,10,7,812.6
22440006651000,3,2,1,0
22440006652000,14,7,7,442.4
22440006653000,11,7,4,529.1
22440006654000,20,8,12,774
22440006656000,1,0,1,0
22440006658000,15,6,9,601.5
22440006660000,4,2,2,0
22440006679000,1,1,0,0
22440006683000,8,4,4,259.2
22440006684000,69,39,30,2980.8
22440006685000,17,12,5,734.4
22440006686000,41,22,19,1902.4
22440006687000,839,368,471,42872.9
22440006688000,240,119,121,10272
22440006689000,23,11,12,1058
22440006698000,1,0,1,0
22440006700000,3,1,2,0
22440006701000,11,6,5,473
22440006702000,3,2,1,0
22440006703000,6,4,2,435
22440006704000,6,4,2,187.8
22440006710000,1,0,1,0
22440006717000,12,6,6,595.2
22440006718000,7,3,4,263.2
22440006720000,6,4,2,391.2
22440006721000,7,3,4,347.2
22440006722000,23,13,10,1258.1
22440006723000,62,31,31,2876.8
22440006724000,11,6,5,621.5
22440006725000,9,5,4,468.9
22440006728000,11,5,6,607.2
22440006729000,2,1,1,0
22440006731000,23,14,9,779.7
22440006732000,26,18,8,1003.6
22440006733000,17,10,7,897.6
22440006734000,25,15,10,1260
22440006735000,10,6,4,664
22440006736000,2,1,1,0
22440006739000,4,3,1,0
22440006740000,1,1,0,0
22440006741000,28,13,15,1318.8
22440006742000,27,15,12,1169.1
22440006743000,1,0,1,0
22440006744000,7,4,3,328.3
22440006745000,3,2,1,0
22440006746000,34,15,19,1591.2
22440006747000,42,21,21,1575
22440006748000,6,4,2,267
22440006753000,71,35,36,3237.6
22440006754000,17,7,10,703.8
22440006759000,6,3,3,205.8
22440006760000,5,4,1,158
22440006762000,21,14,7,781.2
22440006763000,16,10,6,721.6
22440006764000,10,5,5,403
22440006785000,22,14,8,1014.2
22440006786000,22,13,9,594
22440006795000,11,5,6,565.4
22440006796000,38,19,19,1603.6
22440006797000,175,94,81,7805
22440006798000,14,7,7,477.4
22440006805000,4,1,3,0
22440006806000,2,1,1,0
22440006814000,7,3,4,209.3
22440006815000,1,1,0,0
22440006816000,14,8,6,541.8
22440006817000,5,1,4,100
22440006818000,10,5,5,253
22440006819000,7,3,4,277.9
22440006820000,131,61,70,4873.2
22440006821000,73,38,35,2971.1
22440006822000,271,135,136,14986.3
22440006823000,203,93,110,8932
22440006824000,8,4,4,382.4
22440006825000,11,5,6,508.2
22440006826000,13,7,6,569.4
22440006827000,28,13,15,1170.4
22440006828000,5,3,2,293
22440006829000,19,11,8,756.2
22440006871000,9,4,5,559.8
22440006897000,14,8,6,803.6
22440006898000,9,4,5,386.1
22440006962000,2,1,1,0
22440006963000,6,3,3,282
22440006966000,14,8,6,604.8
22440006967000,9,4,5,424.8
22440006968000,1,1,0,0
22440006969000,1,1,0,0
22440006971000,4,1,3,0
22440006972000,6,4,2,376.8
22440006973000,8,4,4,282.4
22440006976000,19,10,9,573.8
22440006977000,16,8,8,625.6
22440007005000,2,1,1,0
22440007006000,1,1,0,0
22440007007000,17,11,6,537.2
22440007008000,10,5,5,528
22440007009000,11,6,5,346.5
22440007010000,5,2,3,290
22440007011000,2,1,1,0
22440007012000,4,3,1,0
22440007034000,30,15,15,1506
22440007036000,18,9,9,748.8
22440007045000,14,6,8,698.6
22440007063000,5,3,2,362
22440007064000,19,12,7,450.3
22440007065000,118,67,51,5321.8
22440007066000,19,9,10,913.9
22440007067000,4,2,2,0
22440007068000,35,16,19,1536.5
22440007070000,3,1,2,0
22440007071000,11,6,5,696.3
22440007072000,4,2,2,0
22440007075000,17,9,8,474.3
22440007076000,34,17,17,1128.8
22440007078000,24,13,11,1099.2
22440007079000,42,19,23,1642.2
22440007080000,89,43,46,3390.9
22440007081000,865,423,442,40482
22440007082000,154,83,71,5236
22440007083000,28,14,14,1134
22440007087000,11,5,6,310.2
22440007088000,10,5,5,362
22440007089000,1,1,0,0
22440007090000,31,18,13,1388.8
22440007091000,32,16,16,1507.2
22450006590000,3,3,0,0
22450006608000,1,1,0,0
22450006609000,23,10,13,1265
22450006610000,3,2,1,0
22450006611000,2,1,1,0
22450006612000,2,1,1,0
22450006614000,4,3,1,0
22450006615000,1,1,0,0
22450006616000,13,7,6,703.3
22450006617000,5,1,4,177
22450006618000,21,9,12,1085.7
22450006619000,9,5,4,447.3
22450006626000,13,7,6,468
22450006627000,78,45,33,3057.6
22450006628000,55,32,23,2205.5
22450006629000,9,7,2,403.2
22450006630000,22,10,12,772.2
22450006631000,2,1,1,0
22450006632000,266,151,115,9948.4
22450006633000,1767,898,869,64848.9
22450006634000,208,108,100,7529.6
22450006635000,390,195,195,13884
22450006636000,439,214,225,14004.1
22450006637000,66,37,29,2857.8
22450006638000,546,278,268,18509.4
22450006639000,1269,645,624,47587.5
22450006640000,2100,1046,1054,81900
22450006641000,2322,1138,1184,92183.4
22450006642000,1816,900,916,67555.2
22450006643000,1381,706,675,55101.9
22450006644000,929,449,480,33629.8
22450006645000,62,29,33,1897.2
22450006646000,42,23,19,1663.2
22450006647000,57,31,26,2046.3
22450006648000,22,8,14,858
22450006650000,8,4,4,404
22450006651000,452,233,219,18034.8
22450006652000,359,200,159,12924
22450006653000,25,16,9,1230
22450006674000,1,1,0,0
22450006686000,332,165,167,13811.2
22450006687000,60,30,30,2442
22450006692000,16,7,9,600
22450006693000,3,2,1,0
22450006694000,12,6,6,680.4
22450006695000,4,2,2,0
22450006696000,54,24,30,2457
22450006697000,26,13,13,1177.8
22450006704000,19,12,7,716.3
22450006705000,9,4,5,271.8
22450006706000,11,6,5,440
22450006707000,2,1,1,0
22450006711000,2,1,1,0
22450006715000,7,4,3,245.7
22450006716000,5,3,2,306
22450006717000,10,7,3,292
22450006718000,10,7,3,455
22450006719000,2,1,1,0
22450006725000,15,6,9,675
22450006726000,11,7,4,443.3
22450006727000,7,3,4,532
22450006728000,5,2,3,175
22450006729000,2,1,1,0
22450006730000,2,1,1,0
22450006731000,8,4,4,346.4
22450006732000,2,1,1,0
22450006738000,181,92,89,8706.1
22450006739000,24,12,12,1051.2
22450006740000,41,21,20,1951.6
22450006741000,30,12,18,1476
22450006742000,19,13,6,870.2
22450006743000,7,5,2,205.8
22450006746000,19,10,9,1008.9
22450006747000,4,2,2,0
22450006752000,21,9,12,793.8
22450006753000,24,13,11,1020
22450006759000,10,3,7,449
22450006760000,12,6,6,391.2
22450006761000,2,2,0,0
22450006762000,5,3,2,87
22450006784000,22,11,11,838.2
22450006785000,5,3,2,211
22450006786000,3,2,1,0
22450006793000,3,2,1,0
22450006794000,7,5,2,298.2
22450006795000,33,17,16,1471.8
22450006796000,9,3,6,363.6
22450006797000,40,21,19,1884
22450006798000,14,7,7,718.2
22450006799000,5,1,4,175
22450006803000,5,4,1,265
22450006804000,9,6,3,507.6
22450006805000,45,24,21,1818
22450006806000,6,4,2,175.8
22450006813000,9,5,4,396
22450006814000,20,14,6,898
22450006815000,22,13,9,1067
22450006816000,46,24,22,1955
22450006817000,36,16,20,1504.8
22450006818000,46,24,22,1807.8
22450006819000,60,27,33,2700
22450006820000,3,2,1,0
22450006821000,5,2,3,197
22450006822000,13,8,5,789.1
22450006823000,3,1,2,0
22450006824000,29,16,13,1310.8
22450006826000,2,1,1,0
22450006897000,4,3,1,0
22450006959000,10,4,6,339
22450006962000,12,4,8,414
22450006963000,28,12,16,890.4
22450006964000,15,9,6,724.5
22450006967000,5,2,3,125
22450006968000,1,1,0,0
22450006972000,3,1,2,0
22450006973000,1,1,0,0
22450006975000,63,30,33,2494.8
22450006976000,296,149,147,15125.6
22450006977000,209,92,117,10596.3
22450007009000,12,6,6,417.6
22450007010000,5,2,3,283
22450007023000,3,1,2,0
22450007034000,8,4,4,351.2
22450007035000,6,3,3,396
22450007036000,20,9,11,874
22450007045000,7,3,4,307.3
22450007046000,17,8,9,850
22450007047000,9,5,4,388.8
22450007048000,22,15,7,1038.4
22450007066000,6,3,3,261
22450007067000,12,7,5,625.2
22450007068000,24,9,15,1377.6
22450007069000,3,2,1,0
22450007070000,11,6,5,473
22450007071000,74,34,40,3367
22450007072000,31,16,15,1463.2
22450007076000,8,5,3,470.4
22450007077000,13,7,6,659.1
22450007078000,20,10,10,1144
22450007079000,1,1,0,0
22450007080000,6,4,2,195
22450007081000,19,11,8,879.7
22450007082000,13,8,5,384.8
22450007083000,15,9,6,660
22450007084000,8,4,4,258.4
22450007089000,25,14,11,1145
22450007090000,17,8,9,452.2
22450007091000,3,2,1,0
22450007093000,4,3,1,0
22460006607000,6,4,2,307.2
22460006609000,4,2,2,0
22460006610000,11,8,3,503.8
22460006618000,10,5,5,413
22460006619000,18,10,8,763.2
22460006620000,8,3,5,359.2
22460006626000,218,107,111,5951.4
22460006627000,237,119,118,8484.6
22460006628000,62,35,27,2653.6
22460006629000,8,4,4,418.4
22460006633000,330,169,161,13893
22460006634000,1806,893,913,68808.6
22460006635000,1003,505,498,43229.3
22460006636000,1591,816,775,58389.7
22460006637000,280,141,139,10640
22460006638000,1578,791,787,59806.2
22460006639000,916,444,472,36090.4
22460006640000,378,175,203,16443
22460006641000,549,267,282,25473.6
22460006642000,1361,687,674,53623.4
22460006643000,1506,733,773,56023.2
22460006644000,926,463,463,34817.6
22460006645000,678,320,358,28069.2
22460006646000,799,411,388,32359.5
22460006647000,222,116,106,9257.4
22460006648000,34,21,13,1349.8
22460006649000,1113,569,544,40735.8
22460006650000,1032,524,508,41176.8
22460006651000,531,273,258,20337.3
22460006652000,1255,603,652,59487
22460006653000,23,14,9,979.8
22460006655000,612,317,295,18543.6
22460006656000,244,130,114,6978.4
22460006657000,31,15,16,1432.2
22460006658000,7,4,3,268.1
22460006659000,3,2,1,0
22460006664000,8,5,3,311.2
22460006685000,1,1,0,0
22460006686000,525,251,274,21472.5
22460006687000,430,213,217,16641
22460006690000,14,8,6,561.4
22460006691000,15,10,5,682.5
22460006692000,79,43,36,3112.6
22460006693000,22,11,11,950.4
22460006694000,22,13,9,748
22460006695000,1,1,0,0
22460006696000,39,22,17,1801.8
22460006697000,229,121,108,8175.3
22460006698000,102,55,47,4477.8
22460006707000,9,5,4,422.1
22460006708000,3,3,0,0
22460006709000,17,7,10,625.6
22460006712000,4,1,3,0
22460006713000,2,1,1,0
22460006714000,8,5,3,198.4
22460006715000,3,2,1,0
22460006718000,5,4,1,265
22460006728000,45,27,18,2439
22460006729000,28,14,14,1010.8
22460006730000,30,13,17,1374
22460006731000,34,19,15,1496
22460006732000,6,3,3,358.2
22460006733000,47,23,24,1856.5
22460006734000,244,122,122,11394.8
22460006735000,243,123,120,9671.4
22460006736000,112,55,57,4816
22460006737000,259,131,128,11862.2
22460006738000,598,274,324,26910
22460006739000,153,73,80,6120
22460006740000,91,46,45,3640
22460006741000,27,16,11,1503.9
22460006746000,22,12,10,730.4
22460006752000,31,22,9,1367.1
22460006754000,24,14,10,1032
22460006759000,2,1,1,0
22460006760000,47,18,29,1847.1
22460006761000,47,22,25,2068
22460006762000,3,2,1,0
22460006763000,11,3,8,581.9
22460006784000,39,21,18,1719.9
22460006785000,26,13,13,1229.8
22460006792000,18,10,8,993.6
22460006793000,18,10,8,871.2
22460006794000,12,8,4,639.6
22460006795000,512,271,241,22323.2
22460006796000,281,131,150,12757.4
22460006797000,124,64,60,4786.4
22460006798000,33,17,16,1438.8
22460006799000,13,7,6,427.7
22460006802000,1,1,0,0
22460006803000,23,12,11,1106.3
22460006804000,27,15,12,1107
22460006805000,55,30,25,2194.5
22460006806000,14,7,7,732.2
22460006807000,2,1,1,0
22460006809000,4,2,2,0
22460006810000,13,8,5,544.7
22460006811000,9,4,5,459.9
22460006812000,29,12,17,1119.4
22460006813000,26,14,12,964.6
22460006815000,49,25,24,2097.2
22460006816000,15,9,6,517.5
22460006817000,19,11,8,682.1
22460006818000,18,5,13,840.6
22460006824000,37,20,17,1465.2
22460006898000,2,2,0,0
22460006899000,7,3,4,244.3
22460006900000,1,1,0,0
22460006959000,2,1,1,0
22460006961000,3,0,3,0
22460006962000,20,10,10,850
22460006963000,56,27,29,2088.8
22460006964000,13,6,7,741
22460006972000,1,1,0,0
22460006973000,7,5,2,364.7
22460006974000,14,7,7,579.6
22460006975000,231,116,115,8131.2
22460006976000,160,79,81,6848
22460006977000,88,46,42,4171.2
22460006978000,2,0,2,0
22460006979000,1,1,0,0
22460006980000,4,2,2,0
22460007006000,8,4,4,400
22460007007000,9,4,5,365.4
22460007008000,92,50,42,3680
22460007009000,19,10,9,847.4
22460007010000,9,3,6,363.6
22460007011000,25,13,12,827.5
22460007024000,4,2,2,0
22460007032000,6,4,2,142.2
22460007035000,7,4,3,485.1
22460007036000,35,17,18,1407
22460007044000,12,6,6,298.8
22460007045000,10,4,6,588
22460007046000,27,15,12,1444.5
22460007047000,6,3,3,129
22460007058000,5,5,0,203
22460007061000,20,11,9,896
22460007067000,17,11,6,678.3
22460007068000,8,5,3,348.8
22460007071000,68,36,32,2611.2
22460007072000,9,4,5,206.1
22460007077000,52,33,19,2085.2
22460007078000,30,15,15,960
22460007080000,29,12,17,1113.6
22460007081000,18,9,9,628.2
22460007082000,8,3,5,180.8
22460007089000,31,13,18,970.3
22460007090000,5,3,2,155
22460007093000,22,13,9,1056
22460007094000,11,6,5,529.1
22460007095000,2,1,1,0
22470006607000,3,2,1,0
22470006608000,204,111,93,9771.6
22470006621000,9,4,5,395.1
22470006622000,39,21,18,1536.6
22470006623000,76,38,38,2644.8
22470006624000,1264,644,620,53720
22470006625000,302,130,172,14435.6
22470006626000,708,379,329,26550
22470006627000,822,433,389,30331.8
22470006628000,181,97,84,6099.7
22470006629000,210,108,102,8169
22470006630000,7,2,5,181.3
22470006631000,47,21,26,2439.3
22470006632000,1062,513,549,37701
22470006633000,351,177,174,14461.2
22470006634000,191,95,96,8404
22470006635000,851,417,434,40337.4
22470006636000,115,57,58,4588.5
22470006637000,247,138,109,10719.8
22470006638000,102,51,51,5538.6
22470006639000,3,1,2,0
22470006641000,28,14,14,1117.2
22470006642000,138,71,67,5230.2
22470006643000,286,134,152,11697.4
22470006644000,1809,896,913,72902.7
22470006645000,1148,584,564,47068
22470006646000,2957,1468,1489,112957.4
22470006647000,1186,600,586,42577.4
22470006648000,1871,946,925,63426.9
22470006649000,1672,861,811,59857.6
22470006650000,509,257,252,20105.5
22470006651000,3548,1700,1848,144758.4
22470006652000,2397,1107,1290,104509.2
22470006653000,45,26,19,2142
22470006654000,686,353,333,26479.6
22470006655000,1568,810,758,52841.6
22470006656000,425,223,202,15682.5
22470006657000,93,45,48,4092
22470006658000,69,32,37,3305.1
22470006686000,103,50,53,3821.3
22470006687000,129,70,59,3624.9
22470006688000,92,50,42,3293.6
22470006689000,166,82,84,7370.4
22470006690000,4,2,2,0
22470006691000,12,7,5,381.6
22470006692000,1,0,1,0
22470006693000,13,5,8,417.3
22470006694000,36,16,20,1720.8
22470006695000,20,11,9,886
22470006696000,27,15,12,1236.6
22470006697000,4,2,2,0
22470006698000,29,15,14,1354.3
22470006699000,15,8,7,709.5
22470006700000,15,6,9,703.5
22470006701000,19,12,7,887.3
22470006702000,7,4,3,287
22470006703000,5,3,2,319
22470006717000,20,9,11,724
22470006718000,16,9,7,449.6
22470006729000,5,2,3,350
22470006730000,15,10,5,688.5
22470006731000,32,17,15,1760
22470006732000,5,2,3,100
22470006733000,2,1,1,0
22470006734000,21,12,9,1064.7
22470006735000,133,75,58,5931.8
22470006736000,110,51,59,3828
22470006737000,47,23,24,2256
22470006738000,20,8,12,776
22470006739000,8,6,2,334.4
22470006740000,4,1,3,0
22470006741000,30,15,15,1566
22470006746000,11,7,4,385
22470006747000,1,1,0,0
22470006752000,17,7,10,579.7
22470006759000,63,33,30,3294.9
22470006760000,50,23,27,2190
22470006761000,19,9,10,891.1
22470006764000,9,4,5,372.6
22470006783000,26,16,10,1151.8
22470006784000,113,61,52,3988.9
22470006788000,1,1,0,0
22470006790000,4,3,1,0
22470006791000,7,4,3,310.8
22470006792000,33,16,17,1706.1
22470006793000,29,15,14,1084.6
22470006794000,47,25,22,2058.6
22470006795000,397,205,192,13656.8
22470006796000,37,16,21,1657.6
22470006797000,44,22,22,1773.2
22470006798000,12,4,8,669.6
22470006802000,5,3,2,156
22470006803000,9,3,6,307.8
22470006804000,8,4,4,263.2
22470006805000,40,20,20,1736
22470006806000,10,4,6,528
22470006807000,20,7,13,600
22470006808000,14,6,8,729.4
22470006809000,5,2,3,274
22470006811000,10,4,6,314
22470006814000,29,14,15,1270.2
22470006815000,22,13,9,963.6
22470006816000,7,3,4,412.3
22470006817000,6,2,4,324
22470006824000,26,12,14,1385.8
22470006862000,8,4,4,394.4
22470006869000,1,0,1,0
22470006898000,2,1,1,0
22470006899000,11,6,5,484
22470006900000,4,2,2,0
22470006901000,10,5,5,338
22470006963000,4,2,2,0
22470006973000,2,1,1,0
22470006974000,17,8,9,669.8
22470006975000,3,3,0,0
22470006976000,2,1,1,0
22470006979000,1,1,0,0
22470006980000,6,3,3,274.2
22470006981000,1,0,1,0
22470007005000,8,4,4,160.8
22470007006000,33,15,18,1254
22470007007000,13,7,6,451.1
22470007008000,54,23,31,2554.2
22470007009000,9,5,4,416.7
22470007010000,1,1,0,0
22470007011000,19,8,11,600.4
22470007021000,12,6,6,490.8
22470007022000,14,9,5,512.4
22470007023000,25,13,12,1015
22470007024000,76,45,31,2667.6
22470007030000,2,1,1,0
22470007033000,12,6,6,544.8
22470007037000,14,9,5,397.6
22470007044000,6,3,3,285
22470007054000,13,5,8,457.6
22470007055000,7,5,2,431.2
22470007056000,28,15,13,1117.2
22470007057000,43,20,23,1930.7
22470007058000,213,112,101,8115.3
22470007059000,40,21,19,1604
22470007061000,18,11,7,516.6
22470007068000,4,2,2,0
22470007072000,66,38,28,3128.4
22470007077000,75,36,39,2925
22470007078000,16,5,11,689.6
22470007080000,5,3,2,295
22470007081000,8,6,2,196.8
22470007089000,12,7,5,387.6
22470007090000,27,15,12,1387.8
22470007091000,6,3,3,370.2
22470007092000,18,8,10,982.8
22470007093000,25,12,13,852.5
22470007094000,65,35,30,3412.5
22470007095000,18,8,10,644.4
22480006608000,447,220,227,21456
22480006609000,149,74,75,6570.9
22480006622000,100,52,48,2780
22480006623000,1274,627,647,48666.8
22480006624000,378,180,198,17388
22480006625000,14,8,6,721
22480006627000,91,44,47,4495.4
22480006628000,41,17,24,1873.7
22480006629000,55,25,30,2035
22480006632000,9,6,3,405.9
22480006633000,78,41,37,3439.8
22480006641000,110,60,50,4433
22480006642000,136,70,66,6283.2
22480006644000,1149,588,561,47453.7
22480006645000,1649,835,814,65630.2
22480006646000,2093,1060,1033,80371.2
22480006647000,2198,1096,1102,87700.2
22480006648000,1820,841,979,86996
22480006649000,1508,726,782,58962.8
22480006650000,1772,848,924,82043.6
22480006651000,2657,1282,1375,104951.5
22480006652000,502,264,238,21586
22480006653000,2729,1328,1401,102610.4
22480006654000,694,366,328,28662.2
22480006655000,421,214,207,15534.9
22480006656000,15,8,7,585
22480006661000,7,2,5,259.7
22480006673000,1,1,0,0
22480006686000,2,1,1,0
22480006688000,127,62,65,4914.9
22480006689000,42,21,21,1932
22480006691000,23,11,12,871.7
22480006692000,9,6,3,300.6
22480006693000,11,6,5,586.3
22480006694000,12,5,7,616.8
22480006695000,4,3,1,0
22480006696000,3,2,1,0
22480006697000,14,6,8,679
22480006698000,63,35,28,2475.9
22480006699000,27,13,14,1368.9
22480006700000,11,6,5,664.4
22480006701000,16,7,9,500.8
22480006702000,36,16,20,1515.6
22480006703000,29,16,13,1531.2
22480006704000,23,10,13,897
22480006705000,9,5,4,395.1
22480006714000,2,1,1,0
22480006715000,12,6,6,549.6
22480006716000,8,4,4,524
22480006717000,4,1,3,0
22480006731000,7,5,2,181.3
22480006735000,5,3,2,137
22480006736000,5,1,4,118
22480006739000,7,3,4,240.8
22480006749000,10,5,5,330
22480006758000,5,2,3,141
22480006759000,49,27,22,1793.4
22480006760000,3,2,1,0
22480006763000,2,1,1,0
22480006764000,8,5,3,200
22480006782000,17,10,7,637.5
22480006783000,21,13,8,875.7
22480006784000,33,17,16,1273.8
22480006788000,16,7,9,828.8
22480006789000,15,6,9,664.5
22480006790000,10,6,4,532
22480006791000,27,17,10,982.8
22480006792000,65,35,30,2580.5
22480006793000,90,44,46,3249
22480006794000,32,21,11,1321.6
22480006795000,61,24,37,2427.8
22480006796000,23,13,10,851
22480006797000,13,6,7,656.5
22480006802000,8,4,4,439.2
22480006803000,12,5,7,566.4
22480006804000,8,5,3,320
22480006805000,18,9,9,945
22480006806000,369,176,193,16752.6
22480006807000,428,212,216,18789.2
22480006808000,37,23,14,1365.3
22480006809000,47,24,23,2194.9
22480006810000,43,20,23,1956.5
22480006811000,16,8,8,587.2
22480006812000,16,7,9,737.6
22480006813000,6,3,3,156
22480006815000,6,2,4,214.8
22480006816000,7,3,4,387.8
22480006823000,17,7,10,674.9
22480006824000,9,6,3,386.1
22480006834000,10,6,4,417
22480006860000,1,1,0,0
22480006861000,2,1,1,0
22480006867000,11,6,5,525.8
22480006868000,2,1,1,0
22480006900000,61,28,33,2494.9
22480006901000,19,12,7,824.6
22480006975000,1,0,1,0
22480006980000,18,11,7,646.2
22480006981000,10,5,5,427
22480007004000,6,3,3,196.2
22480007005000,21,12,9,756
22480007007000,32,18,14,1305.6
22480007008000,18,10,8,741.6
22480007011000,17,9,8,584.8
22480007012000,9,5,4,415.8
22480007020000,1,0,1,0
22480007021000,33,17,16,1019.7
22480007022000,51,24,27,1851.3
22480007023000,16,8,8,648
22480007024000,88,44,44,3810.4
22480007025000,38,21,17,1261.6
22480007031000,27,15,12,1109.7
22480007032000,2,1,1,0
22480007033000,66,31,35,2455.2
22480007034000,100,48,52,3190
22480007041000,41,22,19,1521.1
22480007042000,11,3,8,479.6
22480007043000,5,3,2,172
22480007044000,1,0,1,0
22480007051000,18,10,8,820.8
22480007052000,25,13,12,1050
22480007053000,9,5,4,432.9
22480007054000,29,20,9,765.6
22480007055000,17,9,8,623.9
22480007056000,70,33,37,2681
22480007057000,62,34,28,2232
22480007058000,9,5,4,469.8
22480007059000,57,34,23,1955.1
22480007060000,106,52,54,3953.8
22480007061000,130,69,61,5876
22480007062000,16,8,8,516.8
22480007072000,3,2,1,0
22480007073000,5,3,2,277
22480007078000,1,1,0,0
22480007089000,3,2,1,0
22480007090000,4,2,2,0
22480007091000,3,2,1,0
22480007092000,18,11,7,784.8
22480007093000,19,8,11,995.6
22480007094000,219,108,111,9022.8
22490006595000,2,1,1,0
22490006608000,91,46,45,5159.7
22490006609000,278,144,134,11870.6
22490006610000,167,89,78,5978.6
22490006611000,16,9,7,801.6
22490006612000,26,14,12,977.6
22490006623000,344,171,173,13003.2
22490006624000,5,4,1,195
22490006643000,37,21,16,1568.8
22490006644000,1002,473,529,40380.6
22490006645000,1050,541,509,40530
22490006646000,795,410,385,28779
22490006647000,2162,987,1175,108532.4
22490006648000,2295,1150,1145,87210
22490006649000,2108,1046,1062,82633.6
22490006650000,960,479,481,36576
22490006652000,237,113,124,8650.5
22490006653000,2732,1349,1383,99718
22490006654000,917,476,441,35121.1
22490006655000,40,19,21,1428
22490006657000,3,1,2,0
22490006688000,33,15,18,1425.6
22490006689000,145,69,76,6423.5
22490006690000,47,23,24,2481.6
22490006691000,3,2,1,0
22490006692000,24,11,13,1135.2
22490006693000,8,4,4,446.4
22490006694000,7,3,4,212.1
22490006695000,4,1,3,0
22490006696000,12,6,6,378
22490006697000,3,2,1,0
22490006698000,46,23,23,1821.6
22490006699000,45,23,22,1696.5
22490006700000,21,14,7,856.8
22490006701000,14,10,4,490
22490006702000,29,14,15,1064.3
22490006703000,141,73,68,5188.8
22490006704000,29,15,14,1345.6
22490006705000,19,9,10,771.4
22490006706000,3,2,1,0
22490006708000,10,3,7,355
22490006713000,10,5,5,491
22490006714000,56,24,32,2604
22490006715000,16,9,7,712
22490006716000,6,4,2,232.8
22490006735000,6,3,3,201
22490006736000,3,1,2,0
22490006748000,6,4,2,228
22490006749000,18,9,9,813.6
22490006750000,10,4,6,474
22490006756000,4,3,1,0
22490006757000,2,2,0,0
22490006758000,181,86,95,9502.5
22490006759000,25,13,12,1030
22490006760000,8,6,2,484.8
22490006769000,9,5,4,286.2
22490006780000,11,6,5,370.7
22490006783000,1,1,0,0
22490006788000,28,15,13,1061.2
22490006789000,16,11,5,769.6
22490006790000,66,33,33,2752.2
22490006791000,6,2,4,193.2
22490006792000,67,36,31,2814
22490006793000,44,22,22,1940.4
22490006794000,42,23,19,1730.4
22490006795000,2,1,1,0
22490006802000,6,1,5,174
22490006804000,3,2,1,0
22490006805000,51,25,26,1912.5
22490006806000,65,33,32,3477.5
22490006807000,51,29,22,1769.7
22490006808000,35,17,18,1554
22490006809000,10,4,6,485
22490006810000,9,5,4,424.8
22490006811000,19,12,7,687.8
22490006812000,16,9,7,700.8
22490006813000,11,6,5,508.2
22490006823000,18,12,6,687.6
22490006864000,1,1,0,0
22490006865000,3,1,2,0
22490006866000,25,12,13,855
22490006901000,11,7,4,543.4
22490006902000,10,5,5,411
22490006979000,9,6,3,365.4
22490006980000,23,11,12,759
22490006981000,2,1,1,0
22490007004000,2,1,1,0
22490007005000,5,3,2,199
22490007006000,8,4,4,168
22490007007000,7,4,3,230.3
22490007008000,5,4,1,65
22490007010000,7,3,4,249.9
22490007012000,12,6,6,391.2
22490007013000,12,6,6,516
22490007020000,3,2,1,0
22490007021000,7,2,5,298.9
22490007022000,23,15,8,800.4
22490007024000,38,23,15,1390.8
22490007025000,34,19,15,1570.8
22490007026000,4,3,1,0
22490007031000,3,2,1,0
22490007032000,14,7,7,607.6
22490007033000,227,121,106,8399
22490007034000,39,18,21,1669.2
22490007043000,15,9,6,699
22490007044000,7,5,2,254.8
22490007051000,86,51,35,2657.4
22490007052000,29,15,14,1249.9
22490007053000,13,5,8,547.3
22490007057000,20,11,9,750
22490007059000,31,17,14,1240
22490007060000,428,198,230,22641.2
22490007061000,371,193,178,13356
22490007062000,31,15,16,1230.7
22490007073000,5,4,1,118
22490007089000,1,0,1,0
22490007090000,13,8,5,573.3
22490007092000,5,2,3,272
22490007093000,26,12,14,936
22490007094000,20,11,9,1098
22490007110000,1,0,1,0
22500006595000,6,1,5,232.8
22500006596000,227,106,121,8489.8
22500006597000,28,15,13,1509.2
22500006609000,104,53,51,4846.4
22500006610000,681,341,340,28193.4
22500006611000,414,205,209,17470.8
22500006612000,93,49,44,3775.8
22500006613000,29,13,16,1351.4
22500006614000,3,2,1,0
22500006619000,4,1,3,0
22500006620000,4,2,2,0
22500006621000,11,3,8,500.5
22500006622000,47,27,20,2025.7
22500006623000,6,4,2,181.8
22500006643000,38,19,19,1618.8
22500006644000,170,81,89,5950
22500006645000,519,275,244,18320.7
22500006646000,1,0,1,0
22500006647000,265,138,127,10176
22500006648000,1916,953,963,72041.6
22500006649000,1649,821,828,66124.9
22500006650000,251,125,126,8534
22500006651000,8,4,4,324
22500006652000,29,14,15,988.9
22500006653000,9,6,3,226.8
22500006654000,1,1,0,0
22500006688000,49,24,25,1803.2
22500006689000,88,45,43,3836.8
22500006690000,54,22,32,1981.8
22500006691000,19,12,7,822.7
22500006692000,103,52,51,4078.8
22500006693000,120,56,64,4608
22500006694000,33,15,18,1544.4
22500006695000,2,2,0,0
22500006696000,25,15,10,947.5
22500006697000,2,2,0,0
22500006698000,18,10,8,637.2
22500006699000,54,28,26,2208.6
22500006700000,11,5,6,453.2
22500006701000,19,10,9,866.4
22500006702000,28,11,17,1467.2
22500006703000,132,68,64,5860.8
22500006704000,59,30,29,2802.5
22500006705000,56,29,27,2436
22500006706000,14,7,7,740.6
22500006707000,10,6,4,495
22500006708000,99,48,51,3504.6
22500006709000,24,13,11,847.2
22500006710000,35,13,22,1862
22500006711000,13,7,6,535.6
22500006712000,30,14,16,1206
22500006713000,24,13,11,1488
22500006714000,12,5,7,660
22500006731000,3,1,2,0
22500006732000,4,2,2,0
22500006734000,4,2,2,0
22500006735000,5,4,1,279
22500006736000,13,8,5,487.5
22500006737000,8,4,4,494.4
22500006738000,3,1,2,0
22500006745000,7,3,4,333.9
22500006749000,2,2,0,0
22500006750000,34,19,15,1349.8
22500006757000,131,68,63,5253.1
22500006758000,48,27,21,2030.4
22500006759000,11,6,5,613.8
22500006760000,7,4,3,303.8
22500006769000,20,10,10,1070
22500006777000,10,5,5,330
22500006778000,14,7,7,751.8
22500006779000,53,25,28,1648.3
22500006780000,1,1,0,0
22500006785000,2,2,0,0
22500006787000,42,23,19,1465.8
22500006788000,159,82,77,5994.3
22500006789000,18,9,9,795.6
22500006790000,30,19,11,1188
22500006792000,8,4,4,367.2
22500006801000,16,11,5,582.4
22500006803000,19,13,6,940.5
22500006806000,10,5,5,377
22500006807000,16,5,11,798.4
22500006808000,9,6,3,527.4
22500006822000,4,3,1,0
22500006823000,31,16,15,1277.2
22500006900000,5,3,2,192
22500006901000,6,3,3,325.2
22500006902000,8,3,5,380
22500006944000,1,1,0,0
22500006962000,5,3,2,245
22500006979000,16,11,5,633.6
22500006980000,4,3,1,0
22500006981000,16,7,9,712
22500007003000,11,6,5,305.8
22500007004000,8,5,3,226.4
22500007005000,14,5,9,498.4
22500007006000,25,16,9,1085
22500007008000,6,3,3,168
22500007009000,2,1,1,0
22500007011000,3,3,0,0
22500007013000,2,1,1,0
22500007014000,16,10,6,612.8
22500007019000,17,9,8,652.8
22500007020000,61,34,27,2421.7
22500007021000,23,12,11,740.6
22500007022000,41,20,21,1230
22500007023000,28,14,14,873.6
22500007024000,2,1,1,0
22500007025000,16,10,6,713.6
22500007026000,7,4,3,392.7
22500007031000,24,13,11,751.2
22500007032000,25,13,12,880
22500007033000,38,19,19,1607.4
22500007049000,25,14,11,952.5
22500007050000,23,10,13,989
22500007051000,43,21,22,1926.4
22500007052000,253,124,129,8070.7
22500007053000,39,23,16,1396.2
22500007054000,4,1,3,0
22500007057000,6,4,2,163.2
22500007058000,51,24,27,1713.6
22500007060000,209,87,122,10387.3
22500007061000,247,123,124,9583.6
22500007062000,15,9,6,670.5
22500007079000,22,10,12,939.4
22500007092000,29,14,15,1218
22500007093000,5,3,2,204
22500007094000,5,1,4,300
22500007098000,1,1,0,0
22500007106000,3,1,2,0
22500007108000,2,1,1,0
22500007109000,11,6,5,710.6
22500007110000,7,4,3,328.3
22510006596000,679,358,321,26141.5
22510006597000,1977,911,1066,90744.3
22510006598000,288,124,164,15897.6
22510006610000,1,1,0,0
22510006611000,178,96,82,7671.8
22510006612000,7,5,2,242.9
22510006613000,5,3,2,230
22510006614000,11,5,6,478.5
22510006616000,1,1,0,0
22510006619000,31,18,13,1438.4
22510006620000,38,18,20,1672
22510006621000,48,25,23,2044.8
22510006623000,2,2,0,0
22510006630000,9,5,4,379.8
22510006631000,2,1,1,0
22510006632000,14,7,7,823.2
22510006633000,2,1,1,0
22510006644000,2,1,1,0
22510006647000,568,257,311,27434.4
22510006648000,2415,1241,1174,86457
22510006649000,2834,1405,1429,103157.6
22510006650000,2452,1227,1225,87046
22510006651000,1535,742,793,65084
22510006652000,23,11,12,963.7
22510006654000,4,3,1,0
22510006655000,3,2,1,0
22510006656000,2,1,1,0
22510006689000,79,43,36,2780.8
22510006690000,53,22,31,2310.8
22510006691000,15,9,6,628.5
22510006692000,43,23,20,1887.7
22510006693000,40,23,17,1740
22510006694000,26,14,12,962
22510006695000,3,2,1,0
22510006696000,17,9,8,807.5
22510006698000,17,11,6,690.2
22510006699000,31,16,15,1267.9
22510006700000,54,28,26,2100.6
22510006701000,56,29,27,2217.6
22510006702000,46,27,19,1918.2
22510006703000,24,12,12,1286.4
22510006704000,47,26,21,2227.8
22510006705000,60,29,31,2202
22510006706000,156,85,71,6021.6
22510006707000,84,43,41,3721.2
22510006708000,97,51,46,4161.3
22510006709000,9,5,4,478.8
22510006710000,14,7,7,498.4
22510006711000,91,53,38,4058.6
22510006712000,14,6,8,561.4
22510006713000,46,21,25,2208
22510006714000,16,8,8,862.4
22510006715000,20,10,10,936
22510006730000,9,6,3,547.2
22510006731000,2,1,1,0
22510006733000,5,2,3,79
22510006735000,18,9,9,862.2
22510006736000,19,10,9,843.6
22510006737000,30,18,12,1209
22510006745000,2,1,1,0
22510006750000,32,16,16,1504
22510006752000,6,5,1,177
22510006757000,17,11,6,511.7
22510006758000,19,9,10,824.6
22510006759000,35,14,21,1627.5
22510006768000,10,4,6,452
22510006769000,2,2,0,0
22510006776000,1,1,0,0
22510006777000,13,6,7,561.6
22510006778000,45,25,20,1728
22510006779000,9,6,3,538.2
22510006783000,12,8,4,512.4
22510006784000,3,1,2,0
22510006785000,20,11,9,622
22510006786000,18,11,7,901.8
22510006787000,213,116,97,7114.2
22510006788000,299,156,143,11840.4
22510006789000,49,29,20,1827.7
22510006790000,40,20,20,2028
22510006791000,8,5,3,447.2
22510006802000,23,12,11,1166.1
22510006803000,37,20,17,1609.5
22510006816000,2,1,1,0
22510006822000,16,7,9,768
22510006855000,4,3,1,0
22510006903000,6,4,2,145.2
22510006959000,10,4,6,298
22510006961000,2,1,1,0
22510006962000,4,2,2,0
22510006981000,14,5,9,533.4
22510006982000,14,9,5,581
22510006983000,2,1,1,0
22510006984000,1,0,1,0
22510007004000,26,13,13,1037.4
22510007006000,9,5,4,252.9
22510007008000,5,4,1,72
22510007009000,5,2,3,180
22510007010000,3,2,1,0
22510007012000,6,5,1,268.8
22510007013000,9,4,5,260.1
22510007014000,2,1,1,0
22510007015000,9,7,2,439.2
22510007019000,1,1,0,0
22510007020000,6,4,2,199.2
22510007021000,20,9,11,912
22510007022000,123,62,61,4624.8
22510007023000,98,47,51,4576.6
22510007024000,91,42,49,2966.6
22510007025000,12,6,6,302.4
22510007026000,281,154,127,10453.2
22510007027000,54,23,31,2084.4
22510007028000,10,6,4,288
22510007031000,449,240,209,12706.7
22510007032000,16,8,8,793.6
22510007033000,52,29,23,1991.6
22510007034000,4,1,3,0
22510007050000,71,36,35,2548.9
22510007051000,56,33,23,2447.2
22510007052000,75,34,41,2430
22510007053000,50,28,22,1730
22510007054000,2,1,1,0
22510007055000,6,3,3,190.2
22510007058000,21,11,10,915.6
22510007059000,19,10,9,822.7
22510007060000,3,1,2,0
22510007061000,69,36,33,2601.3
22510007062000,36,22,14,1432.8
22510007072000,3,1,2,0
22510007073000,6,4,2,268.8
22510007074000,16,7,9,886.4
22510007075000,6,3,3,217.8
22510007079000,27,16,11,1185.3
22510007084000,6,2,4,129
22510007091000,2,1,1,0
22510007092000,56,30,26,2105.6
22510007093000,2,1,1,0
22510007098000,14,9,5,623
22510007099000,4,2,2,0
22510007109000,7,3,4,424.9
22510007110000,5,3,2,266
22520006591000,7,3,4,279.3
22520006592000,4,3,1,0
22520006595000,1189,542,647,59093.3
22520006596000,2807,1398,1409,107508.1
22520006597000,1913,957,956,73076.6
22520006598000,109,63,46,4894.1
22520006599000,12,4,8,603.6
22520006600000,4,2,2,0
22520006601000,7,3,4,357
22520006611000,133,66,67,6583.5
22520006612000,211,95,116,11225.2
22520006613000,32,15,17,1305.6
22520006614000,7,3,4,378.7
22520006615000,3,1,2,0
22520006616000,5,4,1,266
22520006618000,1,0,1,0
22520006619000,47,25,22,1800.1
22520006620000,128,57,71,5324.8
22520006621000,5,1,4,261
22520006622000,17,10,7,751.4
22520006625000,5,3,2,333
22520006626000,18,10,8,941.4
22520006627000,15,7,8,798
22520006628000,44,27,17,2006.4
22520006629000,338,179,159,12404.6
22520006630000,1144,555,589,41412.8
22520006631000,227,122,105,9011.9
22520006632000,130,64,66,5278
22520006633000,72,41,31,3722.4
22520006634000,96,45,51,4252.8
22520006642000,2,1,1,0
22520006644000,1,1,0,0
22520006647000,1513,692,821,67025.9
22520006648000,2435,1283,1152,91556
22520006649000,2689,1367,1322,101375.3
22520006650000,2604,1296,1308,105462
22520006651000,1177,606,571,46020.7
22520006652000,50,28,22,2265
22520006653000,26,11,15,798.2
22520006661000,7,4,3,352.1
22520006687000,1,0,1,0
22520006689000,10,5,5,386
22520006690000,66,32,34,2686.2
22520006691000,28,17,11,1052.8
22520006692000,9,4,5,428.4
22520006693000,61,37,24,2928
22520006694000,10,5,5,424
22520006695000,15,6,9,774
22520006696000,47,23,24,2044.5
22520006697000,4,3,1,0
22520006698000,26,13,13,917.8
22520006699000,47,24,23,1847.1
22520006700000,56,29,27,1976.8
22520006701000,54,27,27,2208.6
22520006702000,39,17,22,1614.6
22520006703000,51,25,26,2157.3
22520006704000,24,11,13,794.4
22520006705000,372,176,196,16702.8
22520006706000,706,343,363,30358
22520006707000,40,20,20,1896
22520006708000,60,29,31,2838
22520006709000,8,4,4,352.8
22520006710000,10,5,5,475
22520006711000,62,30,32,2610.2
22520006712000,110,57,53,4246
22520006713000,28,14,14,882
22520006730000,19,9,10,1141.9
22520006733000,8,4,4,406.4
22520006736000,3,2,1,0
22520006745000,4,2,2,0
22520006749000,16,9,7,641.6
22520006750000,46,23,23,2148.2
22520006751000,1,1,0,0
22520006752000,12,7,5,662.4
22520006756000,7,2,5,282.1
22520006757000,64,35,29,2329.6
22520006759000,1,0,1,0
22520006760000,8,5,3,288.8
22520006768000,29,17,12,1426.8
22520006776000,214,107,107,7361.6
22520006777000,217,111,106,8332.8
22520006778000,13,7,6,481
22520006779000,28,18,10,1534.4
22520006780000,15,6,9,730.5
22520006781000,13,8,5,416
22520006782000,20,8,12,982
22520006783000,34,20,14,1628.6
22520006784000,22,12,10,1078
22520006785000,40,19,21,1700
22520006786000,7,2,5,163.1
22520006787000,12,6,6,399.6
22520006788000,96,47,49,4492.8
22520006789000,233,125,108,8248.2
22520006790000,247,124,123,9558.9
22520006791000,49,30,19,2288.3
22520006792000,4,2,2,0
22520006793000,2,1,1,0
22520006800000,22,9,13,1038.4
22520006801000,43,25,18,1965.1
22520006802000,74,47,27,2952.6
22520006803000,50,25,25,2000
22520006822000,4,2,2,0
22520006823000,3,2,1,0
22520006902000,6,4,2,261
22520006903000,17,8,9,783.7
22520006984000,18,8,10,802.8
22520006985000,9,4,5,396.9
22520006986000,2,2,0,0
22520007004000,4,2,2,0
22520007005000,4,2,2,0
22520007009000,37,18,19,1261.7
22520007010000,18,12,6,761.4
22520007011000,3,2,1,0
22520007013000,1,1,0,0
22520007014000,2,1,1,0
22520007015000,4,1,3,0
22520007022000,27,17,10,869.4
22520007023000,56,30,26,2161.6
22520007024000,74,39,35,2775
22520007025000,42,23,19,1461.6
22520007026000,13,6,7,374.4
22520007027000,43,24,19,1913.5
22520007028000,30,17,13,1167
22520007029000,10,4,6,509
22520007030000,35,21,14,1606.5
22520007031000,333,161,172,12387.6
22520007032000,409,213,196,15582.9
22520007033000,29,13,16,962.8
22520007050000,51,29,22,2203.2
22520007051000,192,93,99,9369.6
22520007052000,132,73,59,5794.8
22520007053000,30,16,14,1353
22520007054000,17,9,8,819.4
22520007055000,11,4,7,482.9
22520007056000,1,1,0,0
22520007058000,1,1,0,0
22520007059000,14,8,6,515.2
22520007060000,7,4,3,322
22520007061000,18,11,7,957.6
22520007062000,96,53,43,3724.8
22520007063000,19,10,9,822.7
22520007074000,7,2,5,368.9
22520007079000,33,19,14,1567.5
22520007080000,10,4,6,473
22520007082000,7,4,3,219.1
22520007083000,21,9,12,989.1
22520007084000,1,1,0,0
22520007098000,1,0,1,0
22520007099000,9,7,2,504
22520007107000,17,8,9,768.4
22520007108000,1,1,0,0
22520007109000,4,2,2,0
22520007110000,6,5,1,358.8
22530006584000,236,128,108,10218.8
22530006585000,261,129,132,10779.3
22530006586000,82,42,40,3944.2
22530006587000,3,2,1,0
22530006588000,4,1,3,0
22530006589000,201,103,98,7979.7
22530006590000,81,39,42,3693.6
22530006591000,427,214,213,18617.2
22530006592000,236,116,120,9676
22530006593000,477,243,234,19080
22530006594000,728,377,351,34798.4
22530006595000,377,199,178,15758.6
22530006596000,2788,1404,1384,131872.4
22530006597000,961,459,502,42284
22530006598000,61,30,31,2244.8
22530006599000,11,6,5,531.3
22530006600000,38,17,21,1577
22530006601000,55,28,27,2381.5
22530006602000,9,6,3,511.2
22530006620000,7,3,4,461.3
22530006621000,592,290,302,28830.4
22530006622000,942,448,494,45027.6
22530006623000,528,260,268,25555.2
22530006624000,47,19,28,2021
22530006625000,3,2,1,0
22530006626000,65,36,29,3328
22530006627000,19,7,12,609.9
22530006628000,51,29,22,1922.7
22530006629000,93,44,49,3459.6
22530006630000,388,184,204,14317.2
22530006631000,327,167,160,12654.9
22530006632000,40,19,21,1504
22530006634000,80,38,42,3768
22530006635000,150,70,80,5880
22530006636000,386,205,181,15710.2
22530006637000,51,26,25,2499
22530006645000,74,36,38,2701
22530006646000,278,146,132,10619.6
22530006647000,66,33,33,3425.4
22530006648000,1575,788,787,59377.5
22530006649000,2137,1035,1102,87189.6
22530006650000,3003,1427,1576,142041.9
22530006651000,3158,1573,1585,117477.6
22530006652000,2426,1181,1245,93886.2
22530006653000,580,292,288,22736
22530006654000,98,58,40,4713.8
22530006655000,2,1,1,0
22530006661000,16,8,8,873.6
22530006662000,40,24,16,1664
22530006690000,31,18,13,1484.9
22530006691000,89,49,40,3497.7
22530006692000,9,5,4,198
22530006693000,24,13,11,1087.2
22530006694000,45,25,20,1881
22530006695000,55,27,28,2530
22530006696000,19,10,9,851.2
22530006697000,101,53,48,4060.2
22530006698000,20,9,11,822
22530006699000,22,9,13,928.4
22530006700000,100,50,50,4190
22530006701000,29,15,14,936.7
22530006702000,34,19,15,1400.8
22530006703000,61,31,30,3019.5
22530006704000,7,4,3,441.7
22530006705000,367,176,191,15670.9
22530006706000,276,148,128,10184.4
22530006707000,181,92,89,7348.6
22530006708000,91,50,41,3685.5
22530006709000,15,7,8,531
22530006710000,7,4,3,429.1
22530006711000,35,15,20,1379
22530006712000,16,10,6,694.4
22530006713000,3,1,2,0
22530006714000,34,20,14,1203.6
22530006715000,16,8,8,636.8
22530006729000,2,1,1,0
22530006730000,9,6,3,375.3
22530006731000,3,2,1,0
22530006749000,6,3,3,246
22530006750000,38,18,20,1383.2
22530006751000,6,3,3,340.8
22530006752000,14,8,6,621.6
22530006755000,9,4,5,329.4
22530006757000,22,9,13,1137.4
22530006758000,37,18,19,1587.3
22530006759000,30,14,16,1695
22530006760000,19,12,7,887.3
22530006768000,31,18,13,1100.5
22530006771000,13,9,4,630.5
22530006774000,14,7,7,463.4
22530006775000,62,31,31,2523.4
22530006776000,300,161,139,10440
22530006777000,52,31,21,2418
22530006778000,9,6,3,438.3
22530006779000,18,10,8,619.2
22530006780000,16,10,6,782.4
22530006781000,86,40,46,3319.6
22530006782000,617,304,313,22212
22530006783000,207,108,99,8321.4
22530006784000,70,38,32,2737
22530006785000,30,19,11,1554
22530006786000,19,9,10,685.9
22530006787000,61,32,29,2177.7
22530006788000,126,55,71,4750.2
22530006789000,70,38,32,2835
22530006790000,294,153,141,11583.6
22530006791000,39,18,21,1392.3
22530006792000,36,17,19,1753.2
22530006793000,36,19,17,1713.6
22530006794000,14,6,8,582.4
22530006799000,8,5,3,388.8
22530006800000,58,26,32,2117
22530006801000,37,17,20,1354.2
22530006802000,50,26,24,2295
22530006803000,29,16,13,1450
22530006804000,9,5,4,299.7
22530006866000,2,2,0,0
22530006867000,1,1,0,0
22530006903000,5,3,2,133
22530006904000,1,1,0,0
22530006955000,7,3,4,319.2
22530006956000,2,1,1,0
22530006984000,22,10,12,750.2
22530006985000,12,5,7,640.8
22530006986000,25,15,10,1127.5
22530007005000,5,3,2,334
22530007009000,9,5,4,443.7
22530007010000,26,15,11,954.2
22530007011000,28,18,10,1246
22530007012000,196,91,105,9800
22530007013000,368,197,171,12806.4
22530007014000,6,3,3,187.2
22530007020000,4,2,2,0
22530007023000,5,2,3,206
22530007026000,5,2,3,211
22530007027000,10,6,4,506
22530007028000,24,13,11,969.6
22530007029000,40,25,15,1552
22530007030000,67,33,34,2740.3
22530007031000,336,154,182,17068.8
22530007032000,184,92,92,7654.4
22530007036000,4,2,2,0
22530007037000,43,26,17,1857.6
22530007038000,15,9,6,562.5
22530007039000,74,40,34,2915.6
22530007040000,2,1,1,0
22530007049000,2,1,1,0
22530007050000,36,20,16,1083.6
22530007051000,41,21,20,1521.1
22530007052000,35,19,16,1648.5
22530007053000,41,19,22,1615.4
22530007054000,30,15,15,1074
22530007055000,1,0,1,0
22530007057000,2,0,2,0
22530007059000,1,1,0,0
22530007061000,5,3,2,323
22530007062000,33,13,20,1125.3
22530007063000,20,12,8,852
22530007064000,4,2,2,0
22530007074000,8,4,4,412
22530007082000,21,11,10,632.1
22530007083000,1,1,0,0
22530007084000,2,1,1,0
22530007096000,11,6,5,587.4
22530007097000,5,2,3,378
22530007101000,8,4,4,379.2
22530007108000,5,1,4,210
22530007109000,1,1,0,0
22530007111000,5,2,3,151
22530007112000,35,21,14,1557.5
22530007113000,14,8,6,383.6
22540006582000,12,6,6,639.6
22540006583000,115,64,51,4278
22540006584000,568,285,283,24140
22540006585000,33,17,16,1577.4
22540006586000,23,14,9,759
22540006587000,2,1,1,0
22540006588000,23,13,10,786.6
22540006589000,62,32,30,2876.8
22540006590000,173,94,79,6971.9
22540006591000,164,85,79,5986
22540006592000,27,12,15,1066.5
22540006593000,691,304,387,32407.9
22540006594000,1710,871,839,71307
22540006595000,3253,1602,1651,125891.1
22540006596000,2650,1293,1357,121105
22540006597000,729,355,374,31274.1
22540006598000,168,79,89,5964
22540006601000,11,5,6,563.2
22540006602000,6,3,3,228
22540006603000,12,8,4,465.6
22540006604000,1,1,0,0
22540006607000,6,4,2,322.8
22540006608000,7,2,5,333.9
22540006609000,3,2,1,0
22540006610000,8,5,3,456
22540006612000,1,1,0,0
22540006613000,46,22,24,1987.2
22540006614000,120,63,57,5436
22540006615000,4,3,1,0
22540006616000,9,4,5,406.8
22540006617000,5,3,2,242
22540006618000,8,4,4,452
22540006619000,152,78,74,6414.4
22540006620000,1345,678,667,53800
22540006621000,2592,1237,1355,105235.2
22540006622000,1657,787,870,76884.8
22540006623000,124,62,62,5282.4
22540006624000,35,21,14,1515.5
22540006625000,7,5,2,357.7
22540006626000,18,11,7,871.2
22540006627000,8,4,4,423.2
22540006628000,35,24,11,1029
22540006629000,5,2,3,259
22540006630000,23,10,13,1023.5
22540006631000,245,120,125,9628.5
22540006632000,9,4,5,264.6
22540006633000,3,1,2,0
22540006635000,3,2,1,0
22540006636000,441,226,215,15876
22540006637000,354,175,179,12602.4
22540006638000,53,25,28,2363.8
22540006639000,433,231,202,17276.7
22540006645000,460,226,234,17434
22540006646000,1616,820,796,62054.4
22540006647000,2115,1027,1088,77832
22540006648000,834,403,431,31275
22540006649000,3301,1652,1649,136991.5
22540006650000,2859,1412,1447,105497.1
22540006651000,3055,1546,1509,113035
22540006652000,3101,1513,1588,118768.3
22540006653000,2862,1267,1595,130507.2
22540006654000,850,407,443,48365
22540006655000,9,3,6,378.9
22540006656000,5,2,3,188
22540006660000,6,3,3,232.2
22540006661000,91,45,46,3594.5
22540006662000,20,8,12,998
22540006663000,14,6,8,400.4
22540006686000,5,3,2,209
22540006687000,13,8,5,521.3
22540006688000,5,2,3,236
22540006690000,12,4,8,471.6
22540006691000,176,83,93,7198.4
22540006692000,35,18,17,1214.5
22540006693000,25,13,12,940
22540006694000,56,29,27,2189.6
22540006695000,86,47,39,3302.4
22540006696000,11,5,6,599.5
22540006697000,38,21,17,1349
22540006698000,11,6,5,579.7
22540006699000,44,21,23,2024
22540006700000,211,96,115,8735.4
22540006701000,45,22,23,2029.5
22540006702000,18,9,9,709.2
22540006703000,82,47,35,3517.8
22540006704000,340,178,162,12614
22540006705000,535,267,268,19688
22540006706000,35,15,20,1823.5
22540006707000,7,5,2,216.3
22540006708000,36,17,19,1414.8
22540006709000,2,1,1,0
22540006712000,1,1,0,0
22540006715000,10,4,6,253
22540006716000,45,24,21,1647
22540006717000,3,2,1,0
22540006729000,56,30,26,2234.4
22540006730000,21,11,10,852.6
22540006732000,19,10,9,870.2
22540006733000,13,6,7,483.6
22540006734000,19,10,9,805.6
22540006735000,26,15,11,897
22540006747000,1,1,0,0
22540006749000,10,5,5,290
22540006750000,23,13,10,768.2
22540006751000,2,1,1,0
22540006752000,6,4,2,298.2
22540006753000,3,2,1,0
22540006755000,6,3,3,100.2
22540006757000,6,3,3,232.8
22540006758000,20,14,6,882
22540006759000,25,14,11,997.5
22540006767000,10,7,3,221
22540006768000,55,31,24,1952.5
22540006771000,61,30,31,2592.5
22540006772000,57,33,24,2616.3
22540006773000,37,18,19,1372.7
22540006774000,1,1,0,0
22540006782000,362,187,175,14118
22540006783000,318,161,157,12433.8
22540006784000,344,159,185,13450.4
22540006785000,871,420,451,36582
22540006786000,708,304,404,33488.4
22540006787000,110,59,51,4213
22540006793000,27,16,11,1266.3
22540006794000,37,26,11,1502.2
22540006795000,15,7,8,654
22540006796000,9,5,4,367.2
22540006797000,26,11,15,928.2
22540006798000,139,68,71,4489.7
22540006799000,30,16,14,972
22540006800000,134,72,62,5400.2
22540006801000,240,108,132,11040
22540006802000,77,38,39,3195.5
22540006803000,25,13,12,1030
22540006856000,2,1,1,0
22540006866000,1,0,1,0
22540006903000,8,4,4,212
22540006904000,12,5,7,574.8
22540006954000,12,5,7,570
22540006955000,2,1,1,0
22540006980000,4,2,2,0
22540006986000,2,1,1,0
22540006987000,30,11,19,1194
22540007005000,4,1,3,0
22540007006000,17,7,10,516.8
22540007011000,3,1,2,0
22540007013000,10,6,4,352
22540007014000,110,57,53,4378
22540007015000,38,18,20,1763.2
22540007019000,7,3,4,296.1
22540007020000,30,16,14,963
22540007021000,5,4,1,106
22540007027000,50,26,24,1700
22540007030000,30,17,13,1287
22540007031000,8,4,4,332.8
22540007036000,70,41,29,2604
22540007037000,14,7,7,796.6
22540007038000,20,10,10,1012
22540007039000,19,7,12,663.1
22540007040000,18,11,7,759.6
22540007050000,24,12,12,770.4
22540007051000,21,10,11,604.8
22540007055000,2,1,1,0
22540007058000,5,2,3,113
22540007059000,5,3,2,294
22540007060000,2,2,0,0
22540007061000,28,15,13,1195.6
22540007062000,26,14,12,873.6
22540007063000,6,4,2,259.2
22540007064000,23,13,10,1074.1
22540007076000,1,1,0,0
22540007077000,3,2,1,0
22540007097000,7,3,4,261.1
22540007102000,9,4,5,307.8
22540007103000,16,8,8,830.4
22540007111000,8,6,2,431.2
22540007113000,7,3,4,357.7
22550006582000,2,1,1,0
22550006583000,227,118,109,9307
22550006584000,146,71,75,5840
22550006586000,20,10,10,710
22550006587000,6,3,3,250.8
22550006588000,36,15,21,1386
22550006589000,8,3,5,402.4
22550006590000,136,64,72,5276.8
22550006591000,438,225,213,15023.4
22550006592000,125,59,66,4487.5
22550006593000,1667,830,837,62345.8
22550006594000,1988,998,990,74748.8
22550006595000,2266,1115,1151,95398.6
22550006596000,1803,917,886,71759.4
22550006597000,2149,1057,1092,88323.9
22550006598000,1561,761,800,58537.5
22550006599000,776,414,362,32281.6
22550006600000,151,84,67,5934.3
22550006601000,10,5,5,257
22550006602000,195,97,98,7683
22550006603000,432,211,221,16588.8
22550006604000,295,147,148,13776.5
22550006605000,318,147,171,16059
22550006606000,44,22,22,2450.8
22550006607000,54,25,29,2883.6
22550006608000,6,3,3,300
22550006609000,2,1,1,0
22550006610000,7,4,3,284.2
22550006612000,3,2,1,0
22550006613000,90,44,46,3492
22550006614000,101,53,48,4555.1
22550006615000,43,24,19,1913.5
22550006616000,6,3,3,414
22550006617000,8,3,5,506.4
22550006618000,14,6,8,673.4
22550006619000,32,19,13,1196.8
22550006620000,123,71,52,4612.5
22550006621000,876,411,465,33813.6
22550006622000,1579,769,810,61265.2
22550006623000,1368,678,690,59644.8
22550006624000,1240,618,622,49972
22550006625000,8,7,1,348
22550006626000,64,28,36,2604.8
22550006627000,29,19,10,1200.6
22550006628000,2,1,1,0
22550006630000,12,7,5,520.8
22550006631000,46,23,23,2300
22550006632000,3,2,1,0
22550006633000,6,4,2,225
22550006634000,7,3,4,298.9
22550006635000,33,17,16,1590.6
22550006636000,76,42,34,3176.8
22550006638000,4,3,1,0
22550006639000,404,190,214,14988.4
22550006640000,1217,589,628,54034.8
22550006641000,267,105,162,17461.8
22550006645000,4,2,2,0
22550006646000,551,271,280,21378.8
22550006647000,2667,1316,1351,98145.6
22550006648000,701,369,332,23693.8
22550006649000,2188,1129,1059,77455.2
22550006650000,2123,1070,1053,76428
22550006651000,2709,1350,1359,101045.7
22550006652000,2480,1236,1244,89776
22550006653000,2540,1230,1310,96520
22550006654000,532,265,267,21173.6
22550006655000,248,127,121,9920
22550006656000,7,5,2,399
22550006657000,22,11,11,965.8
22550006658000,21,12,9,934.5
22550006659000,5,3,2,190
22550006660000,29,15,14,1171.6
22550006661000,38,20,18,2059.6
22550006662000,41,22,19,1840.9
22550006687000,5,3,2,242
22550006688000,5,3,2,261
22550006690000,17,11,6,630.7
22550006691000,169,71,98,8957
22550006692000,250,127,123,10700
22550006693000,324,155,169,12960
22550006694000,125,61,64,5050
22550006695000,71,35,36,2506.3
22550006696000,28,15,13,1405.6
22550006697000,43,25,18,1750.1
22550006698000,53,25,28,2332
22550006699000,361,167,194,16714.3
22550006700000,143,71,72,6606.6
22550006701000,18,10,8,918
22550006702000,91,42,49,3985.8
22550006703000,732,353,379,29646
22550006704000,332,163,169,14442
22550006705000,259,130,129,10075.1
22550006706000,99,50,49,5187.6
22550006707000,21,12,9,789.6
22550006729000,14,7,7,403.2
22550006730000,70,34,36,3353
22550006731000,34,21,13,1373.6
22550006732000,36,19,17,1458
22550006733000,47,21,26,2382.9
22550006749000,3,2,1,0
22550006750000,42,20,22,1675.8
22550006751000,6,2,4,333
22550006752000,22,14,8,737
22550006753000,9,4,5,380.7
22550006757000,9,5,4,395.1
22550006758000,117,55,62,4516.2
22550006759000,23,12,11,841.8
22550006767000,16,6,10,582.4
22550006768000,27,15,12,1136.7
22550006771000,143,74,69,5276.7
22550006772000,84,60,24,3578.4
22550006775000,11,6,5,407
22550006776000,37,21,16,1239.5
22550006777000,5,2,3,235
22550006778000,33,17,16,1567.5
22550006779000,30,13,17,1383
22550006780000,36,16,20,1173.6
22550006781000,36,18,18,1767.6
22550006782000,412,203,209,16892
22550006783000,1633,756,877,69239.2
22550006784000,2562,1190,1372,115802.4
22550006785000,2190,1021,1169,102492
22550006786000,1889,888,1001,76315.6
22550006787000,163,89,74,6487.4
22550006788000,2,1,1,0
22550006794000,5,4,1,152
22550006795000,15,8,7,496.5
22550006796000,22,15,7,743.6
22550006797000,159,79,80,6280.5
22550006798000,1044,528,516,41968.8
22550006799000,268,131,137,11765.2
22550006800000,80,39,41,3672
22550006801000,39,21,18,1575.6
22550006802000,6,4,2,252
22550006856000,2,2,0,0
22550006857000,13,6,7,542.1
22550006866000,2,1,1,0
22550006905000,2,2,0,0
22550006952000,11,6,5,492.8
22550006954000,7,4,3,452.2
22550006971000,6,3,3,255
22550006977000,3,2,1,0
22550006980000,2,1,1,0
22550006981000,4,2,2,0
22550006987000,33,17,16,1356.3
22550006988000,134,69,65,4837.4
22550006989000,81,35,46,3183.3
22550006990000,37,22,15,1727.9
22550006991000,22,13,9,721.6
22550006997000,2,1,1,0
22550007010000,2,1,1,0
22550007011000,6,4,2,178.8
22550007012000,4,4,0,0
22550007014000,4,2,2,0
22550007015000,17,7,10,588.2
22550007016000,8,3,5,271.2
22550007017000,13,7,6,608.4
22550007018000,4,2,2,0
22550007019000,18,9,9,754.2
22550007020000,54,25,29,2095.2
22550007021000,6,3,3,297
22550007030000,3,2,1,0
22550007034000,34,14,20,1557.2
22550007035000,31,16,15,1556.2
22550007036000,39,20,19,1528.8
22550007037000,7,4,3,161.7
22550007038000,14,7,7,488.6
22550007039000,2,2,0,0
22550007041000,18,12,6,680.4
22550007050000,83,47,36,3237
22550007051000,5,4,1,265
22550007056000,15,8,7,718.5
22550007057000,4,3,1,0
22550007058000,11,5,6,495
22550007059000,8,5,3,380.8
22550007060000,26,16,10,1105
22550007061000,4,1,3,0
22550007062000,25,13,12,1082.5
22550007063000,9,6,3,279.9
22550007064000,6,2,4,267
22550007065000,20,13,7,526
22550007074000,5,3,2,258
22550007075000,2,2,0,0
22550007078000,6,2,4,307.8
22550007082000,1,1,0,0
22550007084000,1,1,0,0
22550007097000,4,2,2,0
22550007098000,15,9,6,679.5
22550007103000,38,16,22,1660.6
22550007104000,4,1,3,0
22550007105000,9,7,2,428.4
22550007106000,1,1,0,0
22550007110000,18,11,7,898.2
22550007111000,18,8,10,936
22560006574000,18,8,10,714.6
22560006575000,79,38,41,3555
22560006576000,97,45,52,3870.3
22560006577000,5,3,2,165
22560006578000,23,13,10,1062.6
22560006583000,2,1,1,0
22560006584000,37,19,18,1901.8
22560006585000,241,120,121,10628.1
22560006586000,49,28,21,2200.1
22560006587000,18,10,8,900
22560006588000,7,3,4,469
22560006589000,25,11,14,1090
22560006590000,29,11,18,1081.7
22560006591000,17,8,9,690.2
22560006592000,218,123,95,8611
22560006593000,18,9,9,631.8
22560006594000,56,32,24,2368.8
22560006595000,339,179,160,12237.9
22560006596000,354,161,193,12071.4
22560006597000,56,33,23,2536.8
22560006598000,646,315,331,26033.8
22560006599000,803,399,404,28506.5
22560006600000,566,283,283,21621.2
22560006601000,505,257,248,16766
22560006602000,388,176,212,16916.8
22560006603000,573,289,284,21029.1
22560006604000,1416,702,714,49843.2
22560006605000,679,342,337,26888.4
22560006606000,1241,604,637,53735.3
22560006607000,126,66,60,5808.6
22560006608000,53,24,29,2756
22560006609000,28,13,15,991.2
22560006610000,20,10,10,798
22560006611000,3,1,2,0
22560006612000,6,4,2,295.2
22560006613000,32,20,12,1536
22560006614000,52,28,24,2262
22560006615000,21,8,13,808.5
22560006616000,4,3,1,0
22560006617000,6,4,2,166.2
22560006618000,20,11,9,844
22560006619000,29,18,11,1339.8
22560006620000,23,13,10,920
22560006621000,42,16,26,1633.8
22560006622000,26,15,11,969.8
22560006623000,31,17,14,1333
22560006624000,320,152,168,11296
22560006626000,4,3,1,0
22560006627000,43,25,18,1784.5
22560006628000,23,10,13,867.1
22560006629000,20,12,8,948
22560006630000,17,8,9,989.4
22560006631000,38,19,19,1326.2
22560006632000,66,29,37,2580.6
22560006633000,21,11,10,921.9
22560006634000,4,2,2,0
22560006635000,16,7,9,449.6
22560006636000,5,3,2,155
22560006637000,41,21,20,1357.1
22560006638000,3,3,0,0
22560006639000,12,7,5,519.6
22560006640000,41,19,22,1931.1
22560006641000,473,233,240,23318.9
22560006642000,1220,629,591,48800
22560006643000,760,368,392,31084
22560006644000,265,137,128,11607
22560006648000,40,20,20,1468
22560006649000,913,454,459,42637.1
22560006650000,4360,2109,2251,170912
22560006651000,3421,1680,1741,147787.2
22560006652000,4557,2253,2304,180912.9
22560006653000,3784,1860,1924,150981.6
22560006654000,3259,1602,1657,119279.4
22560006655000,1676,814,862,72906
22560006656000,487,231,256,22207.2
22560006657000,20,14,6,990
22560006658000,145,65,80,5220
22560006659000,19,7,12,813.2
22560006660000,17,8,9,712.3
22560006661000,123,61,62,4305
22560006662000,14,7,7,611.8
22560006672000,2,1,1,0
22560006686000,10,5,5,585
22560006687000,6,3,3,232.8
22560006688000,5,2,3,160
22560006689000,1,0,1,0
22560006690000,18,9,9,806.4
22560006691000,10,7,3,425
22560006692000,88,43,45,3616.8
22560006693000,167,80,87,7882.4
22560006694000,97,48,49,4209.8
22560006695000,23,11,12,1191.4
22560006696000,21,10,11,1115.1
22560006697000,63,30,33,2412.9
22560006698000,116,64,52,4930
22560006699000,455,185,270,23660
22560006700000,528,252,276,24129.6
22560006701000,45,23,22,1809
22560006702000,277,143,134,11634
22560006703000,248,125,123,9672
22560006704000,141,73,68,5484.9
22560006705000,101,51,50,4433.9
22560006706000,172,85,87,6398.4
22560006707000,52,32,20,2121.6
22560006708000,11,6,5,493.9
22560006709000,1,1,0,0
22560006710000,8,5,3,388
22560006711000,3,2,1,0
22560006722000,3,2,1,0
22560006724000,1,1,0,0
22560006733000,12,8,4,639.6
22560006735000,8,4,4,208
22560006742000,1,0,1,0
22560006749000,21,11,10,917.7
22560006750000,48,25,23,2236.8
22560006751000,14,8,6,651
22560006753000,28,16,12,991.2
22560006756000,2,1,1,0
22560006757000,16,9,7,819.2
22560006758000,24,11,13,895.2
22560006759000,3,1,2,0
22560006767000,41,20,21,1373.5
22560006768000,6,3,3,295.8
22560006770000,58,37,21,2064.8
22560006771000,28,14,14,1246
22560006773000,1,1,0,0
22560006774000,17,9,8,792.2
22560006775000,49,29,20,2548
22560006776000,65,32,33,2678
22560006777000,17,9,8,790.5
22560006779000,10,4,6,459
22560006780000,418,214,204,14128.4
22560006781000,574,290,284,21180.6
22560006782000,2035,981,1054,85063
22560006783000,1246,602,644,54574.8
22560006784000,1055,486,569,43360.5
22560006785000,744,364,380,32512.8
22560006786000,704,345,359,29638.4
22560006787000,138,74,64,6223.8
22560006788000,9,5,4,358.2
22560006794000,51,23,28,2162.4
22560006795000,71,37,34,3138.2
22560006796000,81,41,40,3345.3
22560006797000,45,23,22,1611
22560006798000,75,36,39,2722.5
22560006799000,81,39,42,3555.9
22560006800000,26,12,14,985.4
22560006857000,13,7,6,614.9
22560006865000,1,1,0,0
22560006905000,2,1,1,0
22560006949000,27,14,13,1144.8
22560006950000,5,2,3,280
22560006951000,52,25,27,2241.2
22560006952000,9,4,5,465.3
22560006982000,13,5,8,456.3
22560006985000,16,8,8,888
22560006986000,57,28,29,2217.3
22560006987000,41,23,18,1648.2
22560006988000,97,50,47,4054.6
22560006989000,107,50,57,5061.1
22560006990000,11,6,5,451
22560006991000,27,13,14,1179.9
22560006992000,25,13,12,780
22560007006000,5,3,2,303
22560007012000,20,9,11,802
22560007013000,4,2,2,0
22560007017000,1,1,0,0
22560007021000,5,3,2,171
22560007028000,409,205,204,13333.4
22560007029000,188,91,97,5658.8
22560007030000,112,53,59,4166.4
22560007034000,43,22,21,1672.7
22560007035000,24,13,11,960
22560007036000,20,9,11,692
22560007037000,16,7,9,777.6
22560007038000,30,16,14,1260
22560007040000,11,7,4,489.5
22560007041000,78,43,35,2831.4
22560007042000,25,12,13,960
22560007050000,38,17,21,1014.6
22560007051000,12,5,7,435.6
22560007053000,4,2,2,0
22560007054000,2,1,1,0
22560007055000,5,4,1,118
22560007056000,30,16,14,1119
22560007057000,53,24,29,1976.9
22560007058000,4,3,1,0
22560007060000,31,18,13,967.2
22560007062000,5,3,2,313
22560007063000,8,5,3,439.2
22560007065000,10,6,4,480
22560007074000,1,1,0,0
22560007075000,7,5,2,235.9
22560007076000,4,3,1,0
22560007078000,2,1,1,0
22560007079000,170,89,81,8024
22560007081000,2,1,1,0
22560007083000,3,2,1,0
22560007084000,7,4,3,333.9
22560007098000,3,2,1,0
22560007099000,5,2,3,157
22560007105000,10,5,5,544
22560007107000,17,9,8,693.6
22560007108000,6,5,1,256.2
22560007111000,73,38,35,3460.2
22560007113000,3,2,1,0
22560007114000,4,2,2,0
22570006573000,2,1,1,0
22570006574000,41,19,22,1959.8
22570006575000,561,266,295,24235.2
22570006576000,378,195,183,14931
22570006577000,260,130,130,10322
22570006578000,194,102,92,8982.2
22570006579000,41,20,21,2045.9
22570006580000,47,26,21,1818.9
22570006582000,17,12,5,787.1
22570006586000,4,2,2,0
22570006587000,20,10,10,654
22570006588000,43,22,21,1913.5
22570006589000,335,170,165,12562.5
22570006590000,34,19,15,1462
22570006591000,128,74,54,4544
22570006592000,184,91,93,6936.8
22570006593000,14,6,8,550.2
22570006597000,18,9,9,606.6
22570006599000,5,3,2,165
22570006602000,2,1,1,0
22570006603000,61,33,28,2110.6
22570006604000,1,1,0,0
22570006605000,308,148,160,13059.2
22570006606000,703,330,373,27276.4
22570006607000,11,7,4,445.5
22570006608000,20,12,8,948
22570006609000,60,33,27,2304
22570006610000,6,4,2,283.8
22570006611000,10,5,5,387
22570006612000,57,33,24,2365.5
22570006613000,290,143,147,12151
22570006614000,1809,916,893,60601.5
22570006615000,24,13,11,1118.4
22570006616000,11,6,5,495
22570006617000,9,4,5,559.8
22570006618000,20,11,9,682
22570006619000,15,9,6,642
22570006620000,49,25,24,2195.2
22570006621000,14,7,7,624.4
22570006622000,43,25,18,1664.1
22570006623000,16,9,7,579.2
22570006624000,81,47,34,2632.5
22570006626000,8,4,4,278.4
22570006628000,39,23,16,1263.6
22570006629000,17,8,9,698.7
22570006630000,2,1,1,0
22570006631000,14,7,7,600.6
22570006632000,32,16,16,1497.6
22570006633000,22,10,12,1155
22570006634000,78,44,34,2698.8
22570006635000,19,11,8,794.2
22570006636000,4,2,2,0
22570006637000,127,56,71,5537.2
22570006638000,13,5,8,526.5
22570006639000,44,22,22,1623.6
22570006640000,195,90,105,8502
22570006641000,136,70,66,5045.6
22570006642000,1149,549,600,39295.8
22570006643000,2649,1272,1377,99867.3
22570006644000,614,284,330,25358.2
22570006647000,11,5,6,698.5
22570006648000,24,16,8,789.6
22570006649000,9,7,2,433.8
22570006650000,3701,1852,1849,143228.7
22570006651000,3369,1623,1746,144867
22570006652000,2365,1149,1216,106188.5
22570006653000,4609,2083,2526,180672.8
22570006654000,3878,1884,1994,152793.2
22570006655000,2158,1081,1077,92362.4
22570006656000,2017,1001,1016,78461.3
22570006657000,480,246,234,14976
22570006660000,2,1,1,0
22570006662000,9,5,4,379.8
22570006686000,9,5,4,377.1
22570006687000,6,5,1,172.2
22570006688000,6,3,3,333
22570006689000,33,16,17,1554.3
22570006690000,47,28,19,2180.8
22570006691000,589,309,280,23029.9
22570006692000,242,129,113,9970.4
22570006693000,73,42,31,3263.1
22570006694000,42,18,24,2192.4
22570006695000,33,16,17,1366.2
22570006696000,79,40,39,3468.1
22570006697000,25,12,13,877.5
22570006698000,26,15,11,1133.6
22570006699000,96,49,47,3792
22570006700000,239,110,129,10946.2
22570006701000,40,19,21,1100
22570006702000,85,47,38,3366
22570006703000,110,61,49,4587
22570006704000,23,13,10,943
22570006705000,47,26,21,1936.4
22570006706000,20,10,10,834
22570006707000,2,1,1,0
22570006708000,22,9,13,866.8
22570006722000,5,2,3,176
22570006723000,5,2,3,238
22570006724000,22,12,10,899.8
22570006725000,13,8,5,653.9
22570006730000,13,8,5,499.2
22570006731000,7,3,4,343
22570006733000,3,1,2,0
22570006734000,17,5,12,741.2
22570006735000,24,14,10,972
22570006736000,26,12,14,1310.4
22570006743000,3,1,2,0
22570006744000,2,1,1,0
22570006745000,8,4,4,412
22570006748000,94,46,48,4239.4
22570006749000,52,28,24,2407.6
22570006750000,78,43,35,3042
22570006751000,15,8,7,535.5
22570006757000,5,3,2,363
22570006758000,10,5,5,465
22570006759000,4,2,2,0
22570006764000,4,2,2,0
22570006767000,29,15,14,1281.8
22570006768000,6,3,3,333
22570006769000,7,3,4,238
22570006770000,38,15,23,1341.4
22570006772000,5,2,3,228
22570006773000,10,5,5,430
22570006774000,19,15,4,811.3
22570006775000,71,36,35,3145.3
22570006776000,7,4,3,268.1
22570006777000,6,4,2,382.8
22570006780000,22,11,11,979
22570006781000,210,102,108,7896
22570006782000,1082,539,543,42198
22570006783000,45,22,23,1867.5
22570006784000,34,16,18,1298.8
22570006785000,18,10,8,678.6
22570006786000,124,62,62,4426.8
22570006787000,53,25,28,2559.9
22570006795000,2,2,0,0
22570006798000,12,7,5,589.2
22570006799000,11,5,6,478.5
22570006800000,2,1,1,0
22570006858000,2,1,1,0
22570006904000,5,2,3,189
22570006947000,12,6,6,391.2
22570006948000,9,3,6,227.7
22570006949000,10,7,3,452
22570006950000,4,1,3,0
22570006977000,1,1,0,0
22570006978000,4,2,2,0
22570006979000,7,4,3,279.3
22570006982000,5,2,3,89
22570006983000,12,5,7,300
22570006984000,5,3,2,288
22570006985000,15,7,8,499.5
22570006986000,21,12,9,835.8
22570006987000,91,50,41,3994.9
22570006988000,29,15,14,1081.7
22570006989000,15,10,5,772.5
22570006990000,45,20,25,1215
22570006992000,1,1,0,0
22570007005000,8,4,4,376.8
22570007006000,31,17,14,1450.8
22570007010000,5,3,2,237
22570007011000,19,8,11,866.4
22570007012000,6,4,2,256.2
22570007016000,12,7,5,434.4
22570007021000,37,19,18,1283.9
22570007022000,53,24,29,2279
22570007023000,2,1,1,0
22570007024000,14,5,9,435.4
22570007027000,102,51,51,3529.2
22570007028000,410,213,197,12423
22570007029000,743,374,369,24816.2
22570007030000,16,7,9,552
22570007033000,31,20,11,1246.2
22570007034000,95,45,50,3306
22570007035000,37,21,16,1431.9
22570007036000,32,19,13,1276.8
22570007037000,7,4,3,205.1
22570007038000,5,1,4,219
22570007039000,10,5,5,441
22570007040000,38,18,20,1573.2
22570007041000,376,197,179,12896.8
22570007042000,18,11,7,817.2
22570007051000,21,11,10,785.4
22570007057000,11,4,7,434.5
22570007062000,2,2,0,0
22570007063000,1,0,1,0
22570007065000,5,3,2,316
22570007066000,25,11,14,1205
22570007074000,5,0,5,138
22570007076000,3,2,1,0
22570007077000,12,7,5,501.6
22570007078000,15,7,8,781.5
22570007079000,64,32,32,2899.2
22570007080000,27,13,14,1466.1
22570007083000,20,10,10,1172
22570007084000,12,5,7,602.4
22570007097000,6,2,4,397.2
22570007098000,10,5,5,310
22570007099000,6,4,2,381
22570007100000,3,2,1,0
22570007106000,6,3,3,235.8
22570007107000,6,3,3,367.8
22570007108000,1,1,0,0
22570007109000,1,1,0,0
22570007111000,23,12,11,1331.7
22570007112000,7,5,2,387.1
22570007113000,6,2,4,448.2
22580006570000,1,1,0,0
22580006575000,29,16,13,1058.5
22580006576000,73,41,32,2774
22580006577000,308,157,151,12381.6
22580006578000,55,26,29,2315.5
22580006579000,343,170,173,14680.4
22580006580000,1011,488,523,42360.9
22580006581000,73,39,34,3175.5
22580006582000,3,2,1,0
22580006583000,13,8,5,555.1
22580006585000,3,2,1,0
22580006586000,12,5,7,487.2
22580006587000,22,11,11,851.4
22580006588000,27,16,11,1058.4
22580006589000,278,131,147,12482.2
22580006590000,1012,515,497,43718.4
22580006591000,32,14,18,1180.8
22580006592000,23,16,7,1074.1
22580006594000,2,1,1,0
22580006597000,10,5,5,409
22580006598000,1,1,0,0
22580006599000,5,4,1,122
22580006604000,15,7,8,685.5
22580006605000,13,7,6,729.3
22580006606000,3,2,1,0
22580006607000,113,60,53,4305.3
22580006608000,24,13,11,811.2
22580006609000,14,5,9,595
22580006610000,38,23,15,1523.8
22580006611000,12,7,5,627.6
22580006612000,8,4,4,356
22580006613000,450,217,233,14535
22580006614000,313,161,152,10704.6
22580006615000,28,13,15,1117.2
22580006616000,13,7,6,400.4
22580006617000,10,6,4,360
22580006618000,17,7,10,469.2
22580006619000,21,10,11,858.9
22580006620000,5,4,1,178
22580006621000,107,52,55,4301.4
22580006622000,14,7,7,639.8
22580006623000,27,12,15,1147.5
22580006624000,170,94,76,5865
22580006625000,46,24,22,1798.6
22580006626000,12,5,7,603.6
22580006628000,30,17,13,1179
22580006629000,46,22,24,1840
22580006630000,6,2,4,379.8
22580006631000,121,64,57,4537.5
22580006632000,19,8,11,693.5
22580006633000,103,44,59,3718.3
22580006634000,170,87,83,7344
22580006635000,83,43,40,3710.1
22580006636000,141,75,66,6260.4
22580006637000,201,110,91,7416.9
22580006638000,167,88,79,6980.6
22580006639000,232,129,103,8607.2
22580006640000,1289,606,683,47693
22580006641000,1526,747,779,55088.6
22580006642000,378,183,195,14099.4
22580006643000,2,2,0,0
22580006647000,405,203,202,17050.5
22580006648000,2494,1210,1284,102004.6
22580006649000,50,25,25,2570
22580006650000,2408,1184,1224,96801.6
22580006651000,5826,2763,3063,237118.2
22580006652000,2705,1282,1423,105224.5
22580006653000,3107,1544,1563,108434.3
22580006654000,3064,1502,1562,128075.2
22580006655000,317,166,151,11095
22580006656000,588,298,290,19521.6
22580006657000,61,34,27,1982.5
22580006659000,3,1,2,0
22580006661000,1,1,0,0
22580006662000,7,4,3,385.7
22580006667000,5,4,1,169
22580006674000,1,0,1,0
22580006686000,8,4,4,306.4
22580006687000,29,15,14,1186.1
22580006688000,2,1,1,0
22580006689000,1,0,1,0
22580006690000,53,24,29,2342.6
22580006691000,151,75,76,6644
22580006692000,63,36,27,3225.6
22580006693000,69,33,36,2628.9
22580006694000,30,14,16,1317
22580006695000,22,11,11,1034
22580006696000,90,45,45,3942
22580006697000,48,26,22,1641.6
22580006698000,33,14,19,1392.6
22580006699000,122,56,66,5380.2
22580006700000,54,24,30,2575.8
22580006701000,70,36,34,2940
22580006722000,2,1,1,0
22580006724000,14,8,6,439.6
22580006725000,5,2,3,111
22580006727000,4,3,1,0
22580006728000,159,76,83,6391.8
22580006729000,179,97,82,7374.8
22580006733000,7,4,3,347.2
22580006735000,61,32,29,2885.3
22580006736000,47,25,22,2157.3
22580006737000,61,33,28,3141.5
22580006738000,44,24,20,1685.2
22580006739000,10,4,6,347
22580006740000,10,5,5,481
22580006741000,18,8,10,673.2
22580006742000,4,2,2,0
22580006743000,34,18,16,1686.4
22580006744000,10,5,5,549
22580006745000,5,3,2,294
22580006746000,28,15,13,1268.4
22580006747000,22,11,11,904.2
22580006748000,130,69,61,5096
22580006749000,21,10,11,735
22580006750000,50,24,26,2620
22580006751000,18,9,9,721.8
22580006753000,8,3,5,440.8
22580006757000,2,2,0,0
22580006758000,35,16,19,1701
22580006759000,24,10,14,936
22580006764000,21,13,8,945
22580006765000,11,7,4,525.8
22580006766000,13,8,5,695.5
22580006767000,10,6,4,387
22580006768000,14,7,7,688.8
22580006769000,90,46,44,3798
22580006772000,4,1,3,0
22580006773000,10,6,4,296
22580006774000,6,3,3,225
22580006775000,70,35,35,2583
22580006776000,9,6,3,415.8
22580006778000,4,3,1,0
22580006779000,11,7,4,404.8
22580006780000,25,12,13,1222.5
22580006781000,644,316,328,21574
22580006782000,970,476,494,36472
22580006783000,9,3,6,408.6
22580006786000,32,17,15,1366.4
22580006787000,17,8,9,962.2
22580006795000,6,3,3,361.8
22580006858000,3,2,1,0
22580006904000,9,3,6,261
22580006905000,2,1,1,0
22580006946000,28,11,17,946.4
22580006947000,19,7,12,756.2
22580006972000,2,1,1,0
22580006975000,8,3,5,327.2
22580006976000,4,2,2,0
22580006977000,5,1,4,141
22580006978000,5,4,1,318
22580006979000,7,3,4,224.7
22580006980000,4,2,2,0
22580006981000,12,6,6,465.6
22580006982000,21,10,11,938.7
22580006983000,39,21,18,1329.9
22580006984000,28,12,16,1299.2
22580006985000,20,8,12,1042
22580006986000,13,6,7,496.6
22580006987000,14,8,6,702.8
22580006990000,15,12,3,685.5
22580006991000,7,5,2,331.1
22580006992000,5,3,2,314
22580006993000,20,9,11,700
22580006994000,16,8,8,710.4
22580006995000,4,3,1,0
22580007005000,24,11,13,1015.2
22580007006000,160,83,77,7040
22580007007000,36,21,15,1321.2
22580007008000,14,7,7,509.6
22580007022000,17,9,8,698.7
22580007023000,34,20,14,1356.6
22580007024000,99,54,45,3861
22580007025000,25,11,14,1080
22580007026000,53,28,25,2506.9
22580007027000,22,11,11,1018.6
22580007028000,57,26,31,3049.5
22580007029000,623,300,323,22241.1
22580007033000,158,88,70,6320
22580007034000,514,237,277,21279.6
22580007035000,48,27,21,1694.4
22580007036000,80,40,40,3056
22580007037000,89,42,47,3889.3
22580007038000,49,24,25,1798.3
22580007039000,27,13,14,1185.3
22580007040000,87,45,42,3480
22580007041000,28,17,11,1369.2
22580007042000,59,30,29,2973.6
22580007043000,44,24,20,1856.8
22580007051000,6,3,3,379.8
22580007052000,21,10,11,764.4
22580007053000,9,4,5,279
22580007057000,6,3,3,397.2
22580007060000,1,0,1,0
22580007063000,5,2,3,190
22580007065000,21,9,12,697.2
22580007066000,30,17,13,1323
22580007067000,4,2,2,0
22580007077000,25,12,13,1185
22580007078000,21,14,7,728.7
22580007080000,15,6,9,679.5
22580007081000,11,5,6,355.3
22580007084000,6,4,2,349.8
22580007085000,10,4,6,289
22580007098000,30,17,13,1488
22580007099000,4,2,2,0
22580007100000,16,8,8,761.6
22580007102000,6,4,2,144
22580007103000,7,3,4,314.3
22580007105000,3,2,1,0
22580007107000,31,17,14,1469.4
22580007108000,6,4,2,253.8
22580007109000,3,2,1,0
22580007110000,46,19,27,2580.6
22580007111000,8,5,3,399.2
22580007112000,11,5,6,566.5
22580007113000,1,1,0,0
22580007115000,37,20,17,1420.8
22580007126000,2,1,1,0
22590006571000,85,40,45,3782.5
22590006572000,92,53,39,3799.6
22590006575000,39,21,18,2086.5
22590006576000,50,26,24,2120
22590006577000,815,391,424,27628.5
22590006578000,459,229,230,17487.9
22590006579000,27,14,13,1325.7
22590006580000,350,174,176,13825
22590006581000,571,295,276,21355.4
22590006582000,14,7,7,530.6
22590006583000,8,4,4,183.2
22590006585000,43,25,18,1801.7
22590006586000,4,2,2,0
22590006587000,62,28,34,2114.2
22590006588000,111,47,64,5361.3
22590006589000,1030,505,525,44290
22590006590000,53,27,26,2512.2
22590006591000,56,29,27,2520
22590006592000,3,2,1,0
22590006593000,4,2,2,0
22590006598000,12,5,7,529.2
22590006599000,12,6,6,574.8
22590006600000,2,1,1,0
22590006603000,4,2,2,0
22590006604000,5,1,4,226
22590006605000,28,18,10,1447.6
22590006606000,55,29,26,2238.5
22590006607000,238,123,115,9448.6
22590006608000,629,321,308,20505.4
22590006609000,15,8,7,721.5
22590006610000,122,65,57,4611.6
22590006611000,161,82,79,4604.6
22590006612000,23,12,11,982.1
22590006613000,29,17,12,1368.8
22590006614000,25,14,11,1142.5
22590006615000,342,179,163,13748.4
22590006616000,395,211,184,15642
22590006617000,109,58,51,3934.9
22590006618000,12,6,6,489.6
22590006619000,8,4,4,431.2
22590006620000,15,6,9,484.5
22590006621000,120,63,57,4272
22590006622000,28,17,11,1005.2
22590006623000,74,42,32,2197.8
22590006624000,59,28,31,2289.2
22590006625000,18,9,9,808.2
22590006627000,12,8,4,639.6
22590006628000,48,25,23,1996.8
22590006629000,29,16,13,1409.4
22590006630000,35,18,17,1337
22590006631000,104,56,48,4763.2
22590006632000,22,11,11,1038.4
22590006633000,67,36,31,3343.3
22590006634000,98,47,51,4772.6
22590006635000,16,7,9,625.6
22590006636000,7,1,6,158.2
22590006637000,19,8,11,699.2
22590006648000,607,284,323,22459
22590006649000,981,480,501,46008.9
22590006650000,7628,3644,3984,314273.6
22590006651000,1929,949,980,69636.9
22590006652000,3723,1823,1900,141846.3
22590006653000,3186,1538,1648,122023.8
22590006654000,2718,1327,1391,103284
22590006655000,306,153,153,11597.4
22590006656000,1,0,1,0
22590006659000,4,1,3,0
22590006664000,3,2,1,0
22590006671000,5,3,2,211
22590006687000,847,421,426,30915.5
22590006688000,460,231,229,17940
22590006690000,20,10,10,1102
22590006691000,56,27,29,2508.8
22590006692000,22,13,9,897.6
22590006693000,60,33,27,2478
22590006694000,62,35,27,2566.8
22590006695000,64,31,33,2848
22590006718000,2,2,0,0
22590006719000,8,5,3,275.2
22590006721000,11,5,6,528
22590006722000,23,14,9,1136.2
22590006723000,5,2,3,221
22590006724000,10,5,5,387
22590006725000,12,5,7,398.4
22590006726000,2,1,1,0
22590006727000,2,2,0,0
22590006728000,123,57,66,5190.6
22590006729000,277,138,139,13711.5
22590006730000,33,17,16,1399.2
22590006731000,5,4,1,228
22590006732000,60,31,29,2538
22590006733000,20,8,12,816
22590006734000,2,2,0,0
22590006735000,56,29,27,2122.4
22590006736000,15,10,5,706.5
22590006737000,64,33,31,2944
22590006738000,136,74,62,5140.8
22590006739000,418,212,206,18183
22590006740000,86,45,41,3259.4
22590006742000,15,9,6,604.5
22590006743000,53,27,26,2220.7
22590006744000,38,20,18,1732.8
22590006745000,11,6,5,706.2
22590006746000,8,4,4,314.4
22590006747000,8,4,4,462.4
22590006748000,317,151,166,11602.2
22590006749000,215,107,108,7783
22590006750000,51,25,26,2249.1
22590006751000,28,17,11,1038.8
22590006752000,3,1,2,0
22590006753000,19,10,9,497.8
22590006757000,3,1,2,0
22590006758000,50,22,28,2455
22590006759000,8,3,5,384.8
22590006763000,32,17,15,1452.8
22590006764000,15,7,8,562.5
22590006765000,17,10,7,579.7
22590006766000,54,28,26,2435.4
22590006767000,37,18,19,1739
22590006769000,49,27,22,1881.6
22590006771000,2,1,1,0
22590006772000,60,26,34,2418
22590006773000,8,4,4,500.8
22590006774000,328,162,166,12595.2
22590006775000,82,44,38,2845.4
22590006778000,6,2,4,327
22590006779000,5,3,2,216
22590006780000,24,16,8,964.8
22590006781000,85,45,40,2856
22590006782000,63,34,29,2255.4
22590006783000,3,1,2,0
22590006786000,19,9,10,1008.9
22590006787000,12,8,4,328.8
22590006795000,3,2,1,0
22590006800000,3,2,1,0
22590006858000,1,1,0,0
22590006859000,4,2,2,0
22590006904000,2,1,1,0
22590006909000,12,5,7,399.6
22590006945000,47,23,24,2711.9
22590006946000,10,7,3,546
22590006947000,1,1,0,0
22590006971000,3,2,1,0
22590006973000,5,3,2,157
22590006974000,1,1,0,0
22590006976000,1,0,1,0
22590006980000,5,4,1,195
22590006981000,26,13,13,1190.8
22590006982000,5,4,1,173
22590006983000,5,3,2,208
22590006991000,7,5,2,140.7
22590006992000,18,10,8,703.8
22590006993000,33,21,12,1234.2
22590006994000,4,3,1,0
22590006995000,16,4,12,518.4
22590006996000,17,13,4,770.1
22590006997000,21,6,15,821.1
22590007003000,30,16,14,1152
22590007004000,52,26,26,2293.2
22590007005000,96,44,52,3369.6
22590007006000,500,259,241,16350
22590007007000,159,83,76,5898.9
22590007008000,48,25,23,1881.6
22590007009000,64,33,31,2726.4
22590007015000,1,1,0,0
22590007023000,117,62,55,3790.8
22590007024000,35,20,15,1382.5
22590007025000,4,2,2,0
22590007026000,21,12,9,672
22590007027000,41,18,23,1689.2
22590007028000,91,46,45,3276
22590007029000,350,180,170,14070
22590007030000,185,88,97,6826.5
22590007033000,36,20,16,1605.6
22590007034000,39,21,18,1591.2
22590007035000,35,15,20,1515.5
22590007036000,9,3,6,246.6
22590007041000,1,1,0,0
22590007042000,199,105,94,7124.2
22590007043000,32,20,12,1536
22590007044000,7,5,2,165.2
22590007052000,2,1,1,0
22590007053000,3,1,2,0
22590007057000,1,0,1,0
22590007063000,3,2,1,0
22590007064000,2,1,1,0
22590007066000,18,8,10,725.4
22590007067000,24,13,11,751.2
22590007078000,70,31,39,3171
22590007081000,2,1,1,0
22590007084000,19,9,10,790.4
22590007098000,11,7,4,543.4
22590007100000,5,2,3,216
22590007102000,3,1,2,0
22590007103000,21,12,9,835.8
22590007107000,1,0,1,0
22590007108000,3,2,1,0
22590007109000,49,25,24,1808.1
22590007110000,62,37,25,2641.2
22590007111000,8,4,4,507.2
22590007112000,1,1,0,0
22590007126000,1,1,0,0
22600006569000,64,35,29,2809.6
22600006570000,129,66,63,6295.2
22600006571000,34,17,17,1380.4
22600006572000,54,32,22,2467.8
22600006574000,9,6,3,252.9
22600006575000,29,15,14,1049.8
22600006576000,12,7,5,720
22600006577000,36,16,20,1364.4
22600006578000,11,6,5,680.9
22600006579000,23,12,11,1097.1
22600006580000,39,22,17,1532.7
22600006581000,17,8,9,836.4
22600006582000,52,22,30,2506.4
22600006583000,8,4,4,419.2
22600006584000,6,4,2,232.8
22600006585000,27,15,12,1379.7
22600006586000,35,18,17,1382.5
22600006587000,33,16,17,1098.9
22600006588000,163,81,82,6699.3
22600006589000,126,66,60,5581.8
22600006590000,16,10,6,819.2
22600006591000,18,10,8,657
22600006592000,3,2,1,0
22600006593000,2,1,1,0
22600006596000,29,18,11,1087.5
22600006598000,6,5,1,325.2
22600006599000,238,115,123,8544.2
22600006600000,28,13,15,1176
22600006601000,11,5,6,321.2
22600006604000,9,6,3,406.8
22600006605000,9,5,4,537.3
22600006606000,16,8,8,627.2
22600006607000,33,20,13,1475.1
22600006608000,29,17,12,1174.5
22600006610000,32,16,16,1347.2
22600006611000,1,1,0,0
22600006612000,11,6,5,462
22600006613000,23,13,10,823.4
22600006614000,2064,990,1074,87307.2
22600006615000,1055,539,516,38085.5
22600006616000,598,305,293,23800.4
22600006617000,17,11,6,460.7
22600006618000,7,4,3,331.1
22600006619000,11,8,3,471.9
22600006620000,117,68,49,3942.9
22600006621000,288,149,139,10051.2
22600006622000,109,65,44,4469
22600006623000,41,23,18,1299.7
22600006624000,8,3,5,220.8
22600006625000,62,33,29,2387
22600006626000,49,24,25,1857.1
22600006627000,9,6,3,389.7
22600006628000,238,118,120,7663.6
22600006629000,256,130,126,10598.4
22600006630000,201,105,96,8321.4
22600006631000,157,86,71,6248.6
22600006632000,22,11,11,1067
22600006633000,6,4,2,325.8
22600006634000,126,69,57,5644.8
22600006635000,37,17,20,1535.5
22600006636000,6,3,3,438
22600006637000,2,1,1,0
22600006648000,1072,607,465,45881.6
22600006649000,11276,5654,5622,432998.4
22600006650000,14362,6953,7409,571607.6
22600006651000,9972,4938,5034,392896.8
22600006652000,2289,1074,1215,91788.9
22600006653000,1560,756,804,60060
22600006654000,1963,953,1010,78323.7
22600006655000,85,42,43,3238.5
22600006680000,2,1,1,0
22600006681000,15,7,8,715.5
22600006682000,83,42,41,3544.1
22600006683000,26,13,13,1245.4
22600006687000,32,13,19,1491.2
22600006688000,202,101,101,7393.2
22600006689000,65,37,28,2431
22600006690000,35,16,19,1333.5
22600006691000,77,41,36,3441.9
22600006692000,78,33,45,2808
22600006693000,90,51,39,3447
22600006694000,62,28,34,2740.4
22600006710000,5,2,3,179
22600006717000,14,7,7,485.8
22600006718000,21,9,12,812.7
22600006719000,27,13,14,1201.5
22600006720000,32,15,17,1148.8
22600006721000,39,18,21,1501.5
22600006722000,19,8,11,965.2
22600006723000,14,7,7,691.6
22600006724000,10,4,6,335
22600006726000,10,6,4,450
22600006727000,14,7,7,551.6
22600006728000,7,4,3,273.7
22600006729000,8,4,4,176.8
22600006730000,2,1,1,0
22600006731000,13,7,6,555.1
22600006732000,18,11,7,640.8
22600006733000,3,1,2,0
22600006734000,171,83,88,7284.6
22600006735000,460,234,226,18906
22600006736000,67,39,28,2988.2
22600006737000,39,14,25,1462.5
22600006738000,537,255,282,19009.8
22600006739000,1115,528,587,48502.5
22600006740000,748,388,360,29396.4
22600006741000,9,4,5,271.8
22600006742000,2,1,1,0
22600006743000,2,1,1,0
22600006744000,38,22,16,1573.2
22600006745000,20,10,10,988
22600006747000,18,10,8,606.6
22600006748000,404,209,195,13695.6
22600006749000,32,17,15,1452.8
22600006750000,54,26,28,1911.6
22600006751000,6,2,4,214.8
22600006752000,30,15,15,1419
22600006753000,15,10,5,544.5
22600006758000,100,56,44,4100
22600006759000,13,6,7,539.5
22600006762000,1,1,0,0
22600006763000,9,5,4,496.8
22600006764000,2,1,1,0
22600006765000,22,10,12,858
22600006766000,97,52,45,4035.2
22600006767000,42,19,23,1629.6
22600006768000,14,7,7,677.6
22600006769000,5,2,3,217
22600006771000,50,29,21,1630
22600006772000,31,14,17,1255.5
22600006773000,186,91,95,7737.6
22600006774000,103,49,54,4995.5
22600006775000,47,25,22,1894.1
22600006776000,9,4,5,240.3
22600006778000,26,14,12,923
22600006779000,20,10,10,964
22600006780000,4,2,2,0
22600006781000,91,47,44,3421.6
22600006782000,20,10,10,842
22600006786000,10,6,4,494
22600006796000,1,1,0,0
22600006905000,4,2,2,0
22600006909000,6,4,2,406.8
22600006910000,5,4,1,148
22600006935000,4,2,2,0
22600006942000,4,1,3,0
22600006943000,1,1,0,0
22600006944000,13,6,7,575.9
22600006945000,63,28,35,2753.1
22600006946000,8,4,4,340.8
22600006980000,6,2,4,151.2
22600006981000,4,2,2,0
22600006988000,6,2,4,186
22600006989000,32,16,16,1408
22600006990000,6,3,3,88.2
22600006993000,40,22,18,1576
22600006997000,40,21,19,1692
22600006998000,160,87,73,6384
22600007002000,19,9,10,782.8
22600007003000,34,19,15,1353.2
22600007004000,50,23,27,2260
22600007005000,12,8,4,510
22600007006000,55,27,28,1793
22600007007000,31,17,14,1230.7
22600007008000,40,24,16,1844
22600007009000,86,39,47,5959.8
22600007010000,14,8,6,575.4
22600007016000,2,1,1,0
22600007019000,14,5,9,393.4
22600007020000,19,10,9,666.9
22600007021000,15,7,8,397.5
22600007022000,5,2,3,234
22600007023000,72,36,36,2433.6
22600007024000,193,93,100,6658.5
22600007025000,48,23,25,1804.8
22600007026000,11,8,3,468.6
22600007027000,24,13,11,1089.6
22600007028000,31,19,12,1032.3
22600007029000,17,7,10,428.4
22600007030000,38,19,19,1592.2
22600007031000,14,8,6,746.2
22600007033000,32,17,15,1283.2
22600007042000,3,1,2,0
22600007043000,66,33,33,2725.8
22600007044000,137,68,69,5219.7
22600007056000,15,8,7,633
22600007058000,13,5,8,512.2
22600007059000,7,1,6,202.3
22600007066000,27,17,10,1061.1
22600007067000,12,8,4,615.6
22600007068000,4,2,2,0
22600007078000,95,52,43,4284.5
22600007079000,70,37,33,3479
22600007084000,7,2,5,371.7
22600007085000,5,2,3,223
22600007099000,11,4,7,458.7
22600007100000,10,5,5,677
22600007101000,19,9,10,847.4
22600007103000,11,6,5,448.8
22600007104000,1,0,1,0
22600007109000,10,6,4,429
22600007112000,3,2,1,0
22600007128000,5,2,3,155
22610006567000,1,1,0,0
22610006568000,9,5,4,437.4
22610006569000,550,267,283,22000
22610006570000,6,3,3,283.2
22610006571000,9,4,5,254.7
22610006572000,30,18,12,939
22610006573000,16,7,9,790.4
22610006574000,20,8,12,824
22610006575000,37,20,17,1798.2
22610006576000,45,23,22,2187
22610006577000,25,16,9,1302.5
22610006578000,67,31,36,2954.7
22610006579000,17,8,9,635.8
22610006580000,3,2,1,0
22610006581000,1,1,0,0
22610006582000,48,24,24,2260.8
22610006583000,225,117,108,9652.5
22610006584000,49,16,33,1901.2
22610006585000,18,10,8,849.6
22610006586000,16,8,8,723.2
22610006587000,25,16,9,1177.5
22610006588000,122,63,59,5538.8
22610006590000,17,11,6,695.3
22610006591000,2,1,1,0
22610006592000,3,2,1,0
22610006595000,6,4,2,244.2
22610006596000,17,10,7,720.8
22610006597000,26,15,11,938.6
22610006598000,573,304,269,22232.4
22610006599000,593,298,295,17908.6
22610006600000,30,16,14,1119
22610006601000,2,2,0,0
22610006602000,4,2,2,0
22610006604000,8,4,4,335.2
22610006605000,17,9,8,744.6
22610006606000,2,1,1,0
22610006607000,19,9,10,516.8
22610006608000,10,8,2,503
22610006609000,27,19,8,1196.1
22610006610000,36,21,15,1814.4
22610006611000,28,14,14,1122.8
22610006612000,22,10,12,836
22610006613000,7,4,3,175.7
22610006614000,51,22,29,1881.9
22610006615000,100,45,55,3150
22610006616000,10,5,5,345
22610006617000,33,17,16,1079.1
22610006618000,2,2,0,0
22610006619000,41,17,24,1627.7
22610006620000,119,60,59,4664.8
22610006621000,918,450,468,24694.2
22610006622000,21,15,6,724.5
22610006623000,19,9,10,682.1
22610006624000,47,29,18,1884.7
22610006625000,52,26,26,1924
22610006626000,66,38,28,2263.8
22610006627000,22,9,13,963.6
22610006628000,379,202,177,14629.4
22610006629000,1644,828,816,61156.8
22610006630000,446,228,218,13603
22610006632000,12,6,6,382.8
22610006634000,76,35,41,3085.6
22610006635000,29,13,16,1325.3
22610006637000,8,3,5,347.2
22610006638000,11,6,5,493.9
22610006639000,7,4,3,363.3
22610006646000,1,0,1,0
22610006648000,48,26,22,2332.8
22610006649000,1219,667,552,45224.9
22610006650000,17227,8811,8416,599499.6
22610006651000,13766,6551,7215,502459
22610006652000,4359,2305,2054,151257.3
22610006653000,2681,1314,1367,90885.9
22610006654000,2184,1084,1100,80152.8
22610006655000,1839,890,949,46158.9
22610006660000,4,0,4,0
22610006681000,14,6,8,312.2
22610006682000,134,67,67,5226
22610006685000,12,6,6,450
22610006686000,28,16,12,1114.4
22610006690000,18,8,10,846
22610006691000,59,32,27,2973.6
22610006692000,11,6,5,633.6
22610006715000,1,1,0,0
22610006716000,3,2,1,0
22610006717000,14,9,5,588
22610006718000,12,5,7,489.6
22610006719000,37,23,14,1539.2
22610006720000,9,6,3,402.3
22610006721000,2,2,0,0
22610006722000,19,10,9,674.5
22610006723000,22,12,10,935
22610006724000,16,10,6,686.4
22610006725000,38,17,21,1846.8
22610006726000,43,23,20,1956.5
22610006727000,35,16,19,1746.5
22610006730000,16,8,8,705.6
22610006731000,22,13,9,893.2
22610006732000,53,28,25,1802
22610006734000,21,8,13,695.1
22610006735000,350,179,171,14840
22610006736000,36,20,16,1252.8
22610006737000,11,4,7,412.5
22610006738000,355,185,170,15620
22610006739000,1388,678,710,59267.6
22610006740000,1306,674,632,55374.4
22610006741000,829,431,398,33325.8
22610006742000,72,38,34,2750.4
22610006743000,240,128,112,9288
22610006744000,71,35,36,3074.3
22610006745000,4,2,2,0
22610006746000,23,9,14,818.8
22610006747000,82,44,38,3435.8
22610006748000,91,44,47,2757.3
22610006749000,8,3,5,334.4
22610006750000,18,9,9,786.6
22610006752000,39,23,16,1704.3
22610006753000,16,10,6,630.4
22610006758000,108,49,59,4654.8
22610006759000,6,2,4,273
22610006762000,8,4,4,380.8
22610006763000,33,14,19,1214.4
22610006764000,21,14,7,846.3
22610006765000,41,23,18,1963.9
22610006766000,67,36,31,2646.5
22610006767000,14,5,9,495.6
22610006768000,2,1,1,0
22610006770000,28,16,12,1288
22610006772000,14,7,7,607.6
22610006773000,33,18,15,1184.7
22610006774000,7,4,3,317.8
22610006775000,2,1,1,0
22610006776000,12,4,8,550.8
22610006778000,28,14,14,1190
22610006779000,5,2,3,209
22610006780000,6,3,3,238.8
22610006781000,29,15,14,971.5
22610006782000,7,5,2,261.1
22610006858000,5,3,2,254
22610006939000,2,2,0,0
22610006940000,1,0,1,0
22610006942000,1,1,0,0
22610006943000,11,5,6,322.3
22610006944000,16,8,8,649.6
22610006945000,1,1,0,0
22610006985000,4,1,3,0
22610006987000,5,2,3,99
22610006989000,12,5,7,480
22610006990000,2,1,1,0
22610006991000,4,3,1,0
22610006992000,1,1,0,0
22610006996000,1,1,0,0
22610006997000,93,44,49,3654.9
22610006998000,815,386,429,35697
22610006999000,235,112,123,8906.5
22610007000000,212,101,111,7759.2
22610007001000,29,15,14,913.5
22610007002000,31,16,15,1162.5
22610007004000,2,0,2,0
22610007008000,33,13,20,999.9
22610007009000,57,33,24,2399.7
22610007010000,135,67,68,5953.5
22610007011000,18,8,10,561.6
22610007012000,6,3,3,217.2
22610007016000,61,28,33,2037.4
22610007017000,102,52,50,3610.8
22610007018000,84,44,40,3477.6
22610007019000,34,18,16,1451.8
22610007020000,53,31,22,2141.2
22610007021000,9,5,4,521.1
22610007022000,17,11,6,797.3
22610007023000,42,21,21,1302
22610007024000,993,495,498,31378.8
22610007025000,947,468,479,36175.4
22610007026000,102,58,44,3998.4
22610007027000,141,77,64,5217
22610007028000,53,28,25,1648.3
22610007029000,6,3,3,333
22610007030000,92,55,37,3220
22610007031000,24,16,8,1051.2
22610007032000,16,10,6,700.8
22610007033000,30,15,15,1098
22610007044000,17,9,8,1057.4
22610007054000,4,2,2,0
22610007055000,73,34,39,2876.2
22610007056000,224,110,114,8736
22610007059000,11,6,5,463.1
22610007060000,13,5,8,620.1
22610007064000,4,2,2,0
22610007066000,11,5,6,295.9
22610007067000,6,3,3,103.8
22610007068000,6,3,3,309
22610007079000,16,10,6,780.8
22610007084000,6,3,3,231
22610007085000,8,4,4,348
22610007097000,1,0,1,0
22610007098000,5,3,2,166
22610007100000,30,15,15,1659
22610007102000,7,4,3,324.1
22610007104000,12,3,9,513.6
22620006556000,24,11,13,1243.2
22620006557000,28,15,13,1503.6
22620006558000,47,22,25,2542.7
22620006559000,70,40,30,3612
22620006560000,15,8,7,858
22620006566000,177,86,91,7929.6
22620006567000,204,108,96,9078
22620006568000,113,53,60,4531.3
22620006569000,297,156,141,13305.6
22620006570000,141,75,66,5654.1
22620006571000,36,15,21,1764
22620006572000,8,3,5,342.4
22620006573000,5,2,3,225
22620006574000,16,7,9,598.4
22620006575000,29,15,14,1067.2
22620006576000,30,13,17,1467
22620006577000,23,11,12,945.3
22620006579000,15,7,8,679.5
22620006580000,3,1,2,0
22620006581000,3,1,2,0
22620006582000,6,2,4,181.2
22620006583000,2,1,1,0
22620006584000,30,13,17,1203
22620006586000,17,9,8,528.7
22620006587000,83,45,38,3544.1
22620006588000,118,59,59,5404.4
22620006593000,4,2,2,0
22620006594000,4,2,2,0
22620006595000,2,1,1,0
22620006598000,101,55,46,4545
22620006599000,301,150,151,12551.7
22620006600000,1,0,1,0
22620006602000,6,5,1,172.2
22620006603000,5,4,1,249
22620006604000,43,23,20,1659.8
22620006606000,5,4,1,174
22620006608000,38,22,16,1360.4
22620006609000,15,10,5,673.5
22620006611000,37,20,17,1572.5
22620006612000,204,103,101,5120.4
22620006613000,16,9,7,640
22620006614000,6,4,2,169.8
22620006615000,17,8,9,627.3
22620006616000,21,13,8,825.3
22620006617000,26,16,10,1045.2
22620006618000,31,18,13,936.2
22620006619000,151,70,81,4832
22620006620000,1211,603,608,46986.8
22620006621000,1327,644,683,50426
22620006622000,322,153,169,11398.8
22620006623000,30,15,15,1296
22620006624000,16,8,8,611.2
22620006625000,139,72,67,4406.3
22620006626000,27,13,14,999
22620006627000,95,53,42,3838
22620006628000,2,1,1,0
22620006629000,40,24,16,1144
22620006630000,948,488,460,31852.8
22620006631000,375,202,173,10950
22620006632000,12,6,6,526.8
22620006634000,2,1,1,0
22620006635000,25,15,10,907.5
22620006636000,18,10,8,959.4
22620006638000,9,4,5,332.1
22620006639000,16,8,8,790.4
22620006640000,1,1,0,0
22620006643000,177,92,85,6637.5
22620006644000,358,186,172,13854.6
22620006645000,389,186,203,15054.3
22620006647000,28,22,6,1430.8
22620006648000,1908,1048,860,72313.2
22620006649000,6685,3806,2879,213251.5
22620006650000,16248,8282,7966,547557.6
22620006651000,11140,5271,5869,401040
22620006652000,5075,2458,2617,171027.5
22620006653000,3572,1761,1811,134307.2
22620006654000,3208,1624,1584,132169.6
22620006655000,1412,710,702,54503.2
22620006658000,4,2,2,0
22620006659000,2,1,1,0
22620006673000,1,1,0,0
22620006676000,23,19,4,920
22620006677000,18,10,8,725.4
22620006678000,13,7,6,581.1
22620006680000,224,107,117,10236.8
22620006681000,613,300,313,26420.3
22620006682000,516,272,244,23271.6
22620006683000,735,349,386,23667
22620006684000,13,7,6,587.6
22620006685000,43,25,18,2089.8
22620006686000,32,19,13,1180.8
22620006694000,4,3,1,0
22620006695000,2,1,1,0
22620006696000,2,1,1,0
22620006715000,4,1,3,0
22620006717000,7,3,4,312.9
22620006718000,26,13,13,1331.2
22620006719000,4,2,2,0
22620006720000,9,6,3,340.2
22620006721000,6,5,1,316.8
22620006722000,6,3,3,267
22620006723000,3,2,1,0
22620006724000,10,8,2,339
22620006726000,15,9,6,705
22620006730000,16,10,6,571.2
22620006731000,49,28,21,2317.7
22620006732000,34,20,14,1557.2
22620006733000,21,10,11,970.2
22620006734000,18,7,11,500.4
22620006735000,82,41,41,3329.2
22620006736000,103,58,45,4140.6
22620006737000,57,29,28,2405.4
22620006738000,50,20,30,2030
22620006739000,321,155,166,12679.5
22620006740000,9,5,4,475.2
22620006741000,70,35,35,3010
22620006742000,5,3,2,141
22620006743000,11,5,6,478.5
22620006744000,11,8,3,331.1
22620006745000,160,86,74,5568
22620006746000,1088,560,528,41779.2
22620006747000,769,409,360,31682.8
22620006748000,351,176,175,12004.2
22620006749000,20,10,10,1040
22620006752000,14,9,5,407.4
22620006753000,12,6,6,403.2
22620006755000,7,4,3,343
22620006756000,3,2,1,0
22620006757000,7,4,3,417.2
22620006758000,66,37,29,3115.2
22620006759000,7,3,4,387.1
22620006760000,2,2,0,0
22620006761000,3,1,2,0
22620006762000,6,2,4,192
22620006763000,22,12,10,816.2
22620006764000,241,135,106,8169.9
22620006765000,627,291,336,29218.2
22620006766000,166,80,86,7353.8
22620006767000,17,8,9,542.3
22620006769000,17,10,7,557.6
22620006770000,10,5,5,440
22620006771000,5,3,2,223
22620006773000,2,1,1,0
22620006778000,17,7,10,732.7
22620006779000,17,9,8,868.7
22620006780000,9,3,6,257.4
22620006781000,31,15,16,995.1
22620006782000,14,7,7,662.2
22620006783000,4,2,2,0
22620006858000,18,9,9,919.8
22620006859000,4,2,2,0
22620006903000,9,5,4,324.9
22620006904000,7,4,3,286.3
22620006926000,2,1,1,0
22620006930000,2,0,2,0
22620006931000,11,7,4,419.1
22620006932000,1,0,1,0
22620006933000,3,2,1,0
22620006935000,4,2,2,0
22620006936000,5,2,3,162
22620006937000,5,3,2,277
22620006938000,9,5,4,398.7
22620006984000,27,14,13,990.9
22620006985000,9,5,4,330.3
22620006986000,36,16,20,1180.8
22620006987000,3,1,2,0
22620006988000,16,9,7,654.4
22620006997000,47,25,22,1621.5
22620006998000,666,348,318,25108.2
22620006999000,40,20,20,1552
22620007001000,10,4,6,470
22620007009000,45,26,19,1399.5
22620007010000,506,277,229,19784.6
22620007011000,189,91,98,9072
22620007012000,15,7,8,565.5
22620007013000,30,15,15,1386
22620007014000,9,6,3,412.2
22620007016000,56,32,24,1853.6
22620007017000,34,18,16,1475.6
22620007018000,71,30,41,2414
22620007019000,145,76,69,5307
22620007020000,40,23,17,1668
22620007021000,32,15,17,1382.4
22620007022000,25,12,13,695
22620007023000,9,6,3,518.4
22620007024000,32,15,17,1235.2
22620007025000,302,153,149,10298.2
22620007026000,638,324,314,24754.4
22620007027000,229,113,116,8633.3
22620007028000,132,60,72,4395.6
22620007029000,44,26,18,1777.6
22620007030000,42,22,20,1915.2
22620007032000,55,26,29,2051.5
22620007033000,274,132,142,10549
22620007034000,151,79,72,5798.4
22620007044000,5,5,0,241
22620007055000,6,3,3,391.8
22620007056000,447,228,219,19712.7
22620007060000,13,7,6,522.6
22620007061000,2,1,1,0
22620007068000,9,6,3,444.6
22620007069000,1,1,0,0
22620007078000,3,2,1,0
22620007097000,16,10,6,910.4
22620007100000,59,29,30,1952.9
22620007102000,2,2,0,0
22620007103000,3,2,1,0
22620007112000,1,0,1,0
22620007113000,7,3,4,452.9
22620007119000,12,6,6,542.4
22620007120000,1,1,0,0
22630006556000,170,72,98,8041
22630006557000,84,45,39,4132.8
22630006558000,284,146,138,12723.2
22630006559000,130,57,73,5616
22630006560000,35,18,17,2236.5
22630006566000,48,22,26,2304
22630006567000,3,3,0,0
22630006568000,116,62,54,5104
22630006569000,124,65,59,5245.2
22630006570000,17,7,10,800.7
22630006571000,33,18,15,1567.5
22630006572000,10,6,4,583
22630006573000,17,7,10,703.8
22630006574000,32,18,14,1260.8
22630006575000,68,43,25,2114.8
22630006576000,52,23,29,1690
22630006577000,29,17,12,1136.8
22630006579000,3,2,1,0
22630006582000,3,2,1,0
22630006583000,10,6,4,368
22630006584000,9,4,5,275.4
22630006585000,21,11,10,905.1
22630006586000,51,26,25,2764.2
22630006587000,20,12,8,698
22630006588000,11,6,5,477.4
22630006593000,1,1,0,0
22630006594000,5,3,2,196
22630006595000,29,11,18,942.5
22630006596000,21,11,10,810.6
22630006597000,29,17,12,1183.2
22630006598000,8,4,4,358.4
22630006599000,1,1,0,0
22630006602000,14,9,5,611.8
22630006603000,31,18,13,1019.9
22630006604000,6,3,3,172.8
22630006605000,11,6,5,543.4
22630006607000,6,4,2,163.2
22630006608000,10,5,5,378
22630006609000,32,16,16,1276.8
22630006610000,17,9,8,627.3
22630006611000,55,30,25,1930.5
22630006612000,39,17,22,1610.7
22630006613000,14,6,8,376.6
22630006615000,4,2,2,0
22630006616000,10,6,4,421
22630006617000,1,1,0,0
22630006618000,4,2,2,0
22630006619000,333,173,160,13153.5
22630006620000,1657,804,853,60314.8
22630006621000,1637,804,833,69736.2
22630006622000,815,423,392,32600
22630006623000,88,50,38,3097.6
22630006624000,22,12,10,1170.4
22630006625000,137,77,60,4822.4
22630006626000,5,2,3,311
22630006627000,965,477,488,40916
22630006628000,99,58,41,3474.9
22630006630000,1,1,0,0
22630006631000,4,2,2,0
22630006632000,11,6,5,473
22630006633000,72,35,37,2656.8
22630006634000,432,209,223,14428.8
22630006636000,9,5,4,441.9
22630006637000,1849,904,945,74699.6
22630006638000,1732,877,855,69106.8
22630006639000,2517,1237,1280,87591.6
22630006640000,2235,1058,1177,89176.5
22630006641000,1015,500,515,39483.5
22630006642000,600,300,300,28140
22630006643000,83,46,37,3145.7
22630006644000,1070,528,542,43335
22630006645000,1652,831,821,65254
22630006646000,1719,881,838,66697.2
22630006647000,1015,516,499,38773
22630006648000,8069,4269,3800,261435.6
22630006649000,20085,10770,9315,662805
22630006650000,20428,10348,10080,690466.4
22630006651000,15071,7585,7486,509399.8
22630006652000,16407,7996,8411,579167.1
22630006653000,4183,2082,2101,151842.9
22630006654000,3422,1693,1729,124903
22630006655000,1042,526,516,38137.2
22630006656000,12,6,6,444
22630006657000,7,4,3,258.3
22630006658000,13,6,7,518.7
22630006659000,18,7,11,527.4
22630006679000,4,3,1,0
22630006680000,29,18,11,1136.8
22630006681000,31,12,19,1236.9
22630006682000,36,17,19,1425.6
22630006683000,128,71,57,4403.2
22630006684000,6,4,2,259.2
22630006685000,5,4,1,161
22630006721000,3,1,2,0
22630006726000,39,19,20,1708.2
22630006727000,3,1,2,0
22630006728000,7,4,3,266.7
22630006730000,4,2,2,0
22630006731000,51,29,22,2381.7
22630006732000,197,103,94,7899.7
22630006733000,427,191,236,19898.2
22630006734000,32,17,15,921.6
22630006735000,21,11,10,1016.4
22630006736000,24,14,10,1300.8
22630006737000,16,6,10,688
22630006738000,12,7,5,416.4
22630006739000,15,9,6,642
22630006740000,24,11,13,926.4
22630006741000,15,9,6,760.5
22630006742000,8,4,4,374.4
22630006743000,9,5,4,257.4
22630006744000,310,153,157,9765
22630006745000,40,21,19,1560
22630006746000,476,238,238,17469.2
22630006747000,389,195,194,13537.2
22630006748000,706,334,372,31699.4
22630006749000,226,114,112,9695.4
22630006750000,3,2,1,0
22630006753000,43,20,23,1505
22630006755000,34,19,15,1533.4
22630006757000,13,6,7,599.3
22630006758000,16,8,8,713.6
22630006759000,22,14,8,891
22630006760000,39,21,18,1626.3
22630006761000,32,17,15,1337.6
22630006762000,22,11,11,745.8
22630006763000,8,4,4,315.2
22630006764000,244,127,117,10101.6
22630006765000,236,111,125,11422.4
22630006766000,2,2,0,0
22630006768000,6,4,2,244.8
22630006769000,34,21,13,948.6
22630006770000,18,10,8,516.6
22630006773000,5,1,4,215
22630006777000,21,10,11,651
22630006778000,64,29,35,2540.8
22630006779000,10,3,7,477
22630006781000,6,2,4,300
22630006858000,4,2,2,0
22630006859000,3,2,1,0
22630006904000,2,1,1,0
22630006927000,2,0,2,0
22630006928000,6,3,3,175.8
22630006930000,3,2,1,0
22630006933000,4,3,1,0
22630006982000,10,7,3,224
22630006983000,2,1,1,0
22630006984000,4,2,2,0
22630006987000,24,17,7,837.6
22630006988000,14,7,7,484.4
22630006990000,6,4,2,184.2
22630006995000,1,1,0,0
22630006996000,27,13,14,847.8
22630006997000,79,42,37,2828.2
22630006998000,5,3,2,202
22630007009000,5,3,2,215
22630007010000,61,32,29,3172
22630007011000,254,129,125,9271
22630007012000,74,40,34,2656.6
22630007013000,10,5,5,505
22630007014000,8,4,4,303.2
22630007015000,47,26,21,2298.3
22630007016000,155,81,74,5750.5
22630007017000,13,8,5,517.4
22630007018000,27,12,15,1134
22630007019000,77,44,33,3434.2
22630007020000,362,183,179,14226.6
22630007021000,11,7,4,305.8
22630007022000,13,7,6,520
22630007023000,169,85,84,6151.6
22630007024000,114,52,62,4913.4
22630007025000,204,90,114,10383.6
22630007026000,1006,458,548,55833
22630007027000,369,183,186,14022
22630007028000,44,22,22,1817.2
22630007029000,37,20,17,1058.2
22630007030000,12,9,3,490.8
22630007031000,4,2,2,0
22630007032000,58,33,25,2262
22630007033000,83,46,37,3735
22630007034000,22,11,11,899.8
22630007037000,5,2,3,238
22630007056000,94,46,48,3656.6
22630007060000,2,1,1,0
22630007061000,14,8,6,701.4
22630007069000,16,7,9,641.6
22630007098000,10,5,5,455
22630007100000,7,4,3,273.7
22630007101000,182,88,94,6861.4
22630007103000,9,3,6,516.6
22630007104000,6,3,3,382.8
22630007112000,3,2,1,0
22630007119000,13,7,6,695.5
22630007121000,3,1,2,0
22640006555000,3,2,1,0
22640006556000,51,27,24,2157.3
22640006557000,51,25,26,1820.7
22640006558000,24,13,11,1044
22640006559000,52,32,20,2168.4
22640006567000,23,13,10,936.1
22640006568000,508,257,251,19710.4
22640006569000,1444,733,711,52850.4
22640006570000,53,26,27,2448.6
22640006571000,57,28,29,1789.8
22640006574000,5,4,1,291
22640006575000,39,22,17,1797.9
22640006576000,8,4,4,396.8
22640006577000,12,5,7,416.4
22640006578000,15,6,9,522
22640006579000,2,1,1,0
22640006581000,22,14,8,902
22640006582000,14,9,5,544.6
22640006583000,2,1,1,0
22640006584000,6,5,1,358.8
22640006585000,11,4,7,540.1
22640006586000,1116,569,547,50220
22640006587000,28,15,13,854
22640006588000,5,3,2,205
22640006594000,11,7,4,546.7
22640006595000,9,5,4,538.2
22640006596000,22,12,10,1124.2
22640006597000,10,10,0,452
22640006599000,26,15,11,949
22640006600000,31,16,15,1550
22640006601000,5,3,2,169
22640006602000,106,61,45,3826.6
22640006603000,20,10,10,968
22640006604000,25,16,9,672.5
22640006605000,50,25,25,1990
22640006606000,12,8,4,588
22640006608000,24,16,8,1029.6
22640006609000,24,13,11,1264.8
22640006610000,16,9,7,793.6
22640006611000,9,6,3,404.1
22640006612000,21,13,8,900.9
22640006613000,23,9,14,1120.1
22640006614000,5,3,2,307
22640006615000,20,12,8,758
22640006616000,17,7,10,584.8
22640006617000,9,4,5,407.7
22640006618000,71,33,38,2875.5
22640006619000,355,180,175,13241.5
22640006620000,177,97,80,5628.6
22640006621000,836,411,425,33858
22640006622000,255,123,132,9715.5
22640006623000,82,42,40,2927.4
22640006624000,18,12,6,583.2
22640006626000,963,492,471,30623.4
22640006627000,2692,1359,1333,102834.4
22640006628000,1554,755,799,57964.2
22640006629000,3,1,2,0
22640006630000,11,6,5,381.7
22640006631000,114,53,61,4343.4
22640006632000,1489,758,731,54795.2
22640006633000,2427,1179,1248,101448.6
22640006634000,1864,976,888,65426.4
22640006635000,611,291,320,24378.9
22640006636000,1302,657,645,52210.2
22640006637000,2550,1221,1329,131325
22640006638000,1704,837,867,64922.4
22640006639000,1930,1042,888,77393
22640006640000,5099,2478,2621,184583.8
22640006641000,3028,1461,1567,119303.2
22640006642000,2996,1453,1543,127330
22640006643000,3526,1708,1818,145623.8
22640006644000,4230,1980,2250,190350
22640006645000,3902,1989,1913,154909.4
22640006646000,1947,948,999,73986
22640006647000,4799,2450,2349,176123.3
22640006648000,10064,5104,4960,354252.8
22640006649000,9319,4688,4631,329892.6
22640006650000,8518,4175,4343,286204.8
22640006651000,11961,6416,5545,403085.7
22640006652000,6580,3249,3331,228984
22640006653000,5451,2701,2750,206047.8
22640006654000,3903,1963,1940,142849.8
22640006655000,1477,750,727,58932.3
22640006656000,3,1,2,0
22640006658000,2,1,1,0
22640006659000,15,6,9,703.5
22640006660000,82,44,38,3296.4
22640006661000,43,24,19,1638.3
22640006662000,10,5,5,276
22640006708000,1,0,1,0
22640006721000,1,1,0,0
22640006722000,10,5,5,378
22640006724000,3,2,1,0
22640006726000,4,3,1,0
22640006729000,18,8,10,509.4
22640006730000,56,27,29,2161.6
22640006731000,8,3,5,270.4
22640006732000,6,4,2,325.8
22640006733000,197,94,103,9219.6
22640006734000,44,21,23,1804
22640006736000,44,23,21,1518
22640006737000,27,13,14,1312.2
22640006738000,26,14,12,1414.4
22640006740000,32,17,15,1401.6
22640006741000,40,25,15,1520
22640006742000,36,20,16,1659.6
22640006743000,9,5,4,347.4
22640006744000,843,408,435,30432.3
22640006745000,1873,912,961,79040.6
22640006746000,607,332,275,24887
22640006747000,654,309,345,24459.6
22640006748000,1628,833,795,62515.2
22640006749000,719,357,362,29191.4
22640006750000,275,140,135,9515
22640006751000,97,48,49,2842.1
22640006752000,160,84,76,5184
22640006753000,28,13,15,1078
22640006754000,57,24,33,2485.2
22640006755000,22,12,10,1133
22640006757000,32,15,17,1680
22640006758000,106,53,53,3964.4
22640006759000,8,4,4,494.4
22640006760000,115,57,58,4876
22640006761000,52,29,23,2615.6
22640006762000,31,17,14,1395
22640006763000,22,11,11,935
22640006767000,21,10,11,835.8
22640006768000,19,9,10,642.2
22640006769000,38,21,17,1292
22640006770000,32,17,15,1462.4
22640006772000,2,1,1,0
22640006774000,3,2,1,0
22640006775000,28,12,16,1335.6
22640006776000,8,5,3,482.4
22640006778000,172,79,93,5882.4
22640006779000,41,19,22,1648.2
22640006781000,25,17,8,1060
22640006785000,3,2,1,0
22640006789000,3,2,1,0
22640006790000,18,7,11,676.8
22640006791000,1,1,0,0
22640006858000,5,2,3,227
22640006903000,3,2,1,0
22640006925000,8,4,4,436
22640006926000,3,2,1,0
22640006927000,2,1,1,0
22640006930000,12,7,5,486
22640006944000,4,1,3,0
22640006974000,1,0,1,0
22640006978000,4,2,2,0
22640006979000,3,2,1,0
22640006980000,9,4,5,297
22640006982000,2,1,1,0
22640006983000,29,16,13,1154.2
22640006984000,3,1,2,0
22640006985000,17,10,7,523.6
22640006986000,23,9,14,828
22640006987000,18,9,9,934.2
22640006989000,4,2,2,0
22640006995000,7,3,4,287.7
22640006996000,9,5,4,567
22640007008000,4,2,2,0
22640007009000,23,13,10,1113.2
22640007010000,42,24,18,1415.4
22640007012000,49,25,24,1705.2
22640007013000,58,29,29,2041.6
22640007014000,66,32,34,2448.6
22640007015000,148,74,74,5535.2
22640007016000,345,173,172,13248
22640007017000,34,19,15,1441.6
22640007018000,48,23,25,2116.8
22640007019000,17,11,6,630.7
22640007024000,195,99,96,7468.5
22640007025000,442,217,225,15425.8
22640007026000,149,82,67,5751.4
22640007027000,68,38,30,2754
22640007028000,43,18,25,1754.4
22640007029000,21,12,9,884.1
22640007030000,112,52,60,4379.2
22640007031000,72,38,34,3420
22640007032000,27,12,15,1177.2
22640007033000,115,59,56,3921.5
22640007034000,22,13,9,1056
22640007038000,23,13,10,834.9
22640007039000,16,9,7,606.4
22640007042000,11,5,6,707.3
22640007043000,5,3,2,176
22640007056000,18,8,10,628.2
22640007062000,1,1,0,0
22640007063000,10,5,5,435
22640007066000,13,7,6,379.6
22640007067000,2,1,1,0
22640007069000,13,8,5,375.7
22640007070000,20,10,10,638
22640007074000,2,1,1,0
22640007078000,4,2,2,0
22640007080000,1,1,0,0
22640007081000,5,3,2,201
22640007097000,3,1,2,0
22640007101000,276,140,136,10929.6
22640007104000,15,8,7,738
22640007119000,4,2,2,0
22640007120000,2,1,1,0
22640007121000,18,10,8,1004.4
22640007122000,55,29,26,2249.5
22650006555000,13,5,8,651.3
22650006556000,51,29,22,2891.7
22650006557000,50,29,21,1895
22650006558000,109,54,55,4839.6
22650006559000,148,78,70,6541.6
22650006560000,19,8,11,853.1
22650006567000,11,6,5,463.1
22650006568000,862,430,432,33790.4
22650006569000,331,157,174,14564
22650006570000,636,335,301,25630.8
22650006571000,765,379,386,30676.5
22650006572000,282,143,139,12605.4
22650006573000,13,6,7,604.5
22650006574000,52,25,27,2319.2
22650006575000,18,8,10,860.4
22650006576000,36,18,18,1353.6
22650006577000,10,4,6,361
22650006578000,9,5,4,449.1
22650006579000,24,13,11,1128
22650006580000,12,6,6,512.4
22650006581000,31,17,14,1624.4
22650006582000,30,14,16,1029
22650006583000,33,18,15,1669.8
22650006584000,45,26,19,1552.5
22650006585000,25,12,13,1040
22650006586000,878,438,440,40914.8
22650006587000,49,27,22,1881.6
22650006588000,14,6,8,667.8
22650006596000,18,9,9,556.2
22650006597000,71,35,36,3301.5
22650006599000,28,14,14,826
22650006600000,147,71,76,4615.8
22650006601000,97,48,49,3239.8
22650006602000,803,409,394,26579.3
22650006604000,9,4,5,345.6
22650006605000,20,14,6,970
22650006607000,18,9,9,930.6
22650006608000,65,33,32,3048.5
22650006609000,449,232,217,17241.6
22650006610000,34,18,16,1394
22650006611000,1,0,1,0
22650006612000,2,1,1,0
22650006613000,8,4,4,326.4
22650006614000,31,17,14,1292.7
22650006615000,2,1,1,0
22650006616000,7,4,3,238.7
22650006617000,27,15,12,1161
22650006618000,147,71,76,5718.3
22650006619000,237,134,103,8792.7
22650006620000,79,40,39,2591.2
22650006621000,7,3,4,287
22650006622000,9,5,4,380.7
22650006623000,33,15,18,1042.8
22650006624000,8,7,1,284
22650006625000,69,36,33,2808.3
22650006626000,1759,893,866,70184.1
22650006627000,2171,1030,1141,94221.4
22650006628000,960,478,482,37344
22650006629000,28,16,12,1223.6
22650006630000,558,284,274,21259.8
22650006631000,2451,1261,1190,92402.7
22650006632000,1322,680,642,49046.2
22650006633000,1169,576,593,42434.7
22650006634000,7,2,5,315
22650006635000,722,348,374,29024.4
22650006636000,2102,1040,1062,78825
22650006637000,2671,1295,1376,98827
22650006638000,2481,1226,1255,104946.3
22650006639000,2025,1000,1025,76140
22650006640000,1577,809,768,58033.6
22650006641000,4086,2041,2045,150773.4
22650006642000,3161,1578,1583,111899.4
22650006643000,4028,1973,2055,150647.2
22650006644000,5439,2595,2844,204506.4
22650006645000,4354,2030,2324,165016.6
22650006646000,4151,2071,2080,151926.6
22650006647000,4555,2130,2425,182655.5
22650006648000,5181,2551,2630,196878
22650006649000,3013,1467,1546,106358.9
22650006650000,1165,548,617,38794.5
22650006651000,5467,2893,2574,185331.3
22650006652000,5199,2601,2598,188723.7
22650006653000,3501,1731,1770,142490.7
22650006654000,2571,1245,1326,110810.1
22650006655000,819,407,412,31695.3
22650006658000,13,7,6,552.5
22650006659000,5,5,0,209
22650006660000,12,6,6,393.6
22650006661000,19,10,9,647.9
22650006675000,4,3,1,0
22650006710000,6,3,3,339
22650006722000,16,8,8,1075.2
22650006723000,27,15,12,999
22650006724000,36,19,17,1497.6
22650006725000,51,24,27,2177.7
22650006726000,23,11,12,1062.6
22650006727000,10,6,4,521
22650006728000,2,1,1,0
22650006729000,22,11,11,928.4
22650006730000,40,17,23,2284
22650006731000,48,26,22,2011.2
22650006732000,7,5,2,263.9
22650006733000,18,8,10,770.4
22650006734000,42,21,21,1654.8
22650006735000,2,1,1,0
22650006736000,36,19,17,1461.6
22650006737000,32,17,15,1334.4
22650006738000,6,5,1,376.2
22650006740000,20,11,9,948
22650006741000,28,16,12,1652
22650006742000,15,9,6,436.5
22650006743000,37,18,19,1798.2
22650006744000,1028,526,502,42045.2
22650006745000,1460,718,742,62780
22650006746000,2028,1020,1008,79294.8
22650006747000,2407,1187,1220,116498.8
22650006748000,1518,738,780,63148.8
22650006749000,195,92,103,7488
22650006750000,1,1,0,0
22650006753000,13,6,7,482.3
22650006754000,71,36,35,2264.9
22650006755000,28,15,13,1036
22650006756000,39,21,18,1758.9
22650006757000,59,33,26,2218.4
22650006758000,25,12,13,912.5
22650006761000,2,1,1,0
22650006765000,29,16,13,1342.7
22650006766000,25,15,10,1177.5
22650006767000,23,10,13,887.8
22650006768000,45,27,18,2434.5
22650006769000,52,28,24,2126.8
22650006770000,2,1,1,0
22650006774000,5,2,3,202
22650006775000,17,8,9,827.9
22650006777000,17,9,8,608.6
22650006778000,26,16,10,930.8
22650006779000,37,21,16,1265.4
22650006780000,5,2,3,190
22650006781000,24,11,13,1099.2
22650006784000,30,17,13,1365
22650006785000,5,2,3,142
22650006849000,1,1,0,0
22650006858000,4,3,1,0
22650006893000,1,1,0,0
22650006902000,4,2,2,0
22650006916000,2,1,1,0
22650006926000,10,6,4,489
22650006980000,4,1,3,0
22650006983000,12,7,5,420
22650006986000,3,1,2,0
22650006995000,12,7,5,486
22650007009000,6,4,2,205.8
22650007013000,11,6,5,597.3
22650007014000,11,6,5,519.2
22650007015000,52,28,24,1747.2
22650007016000,10,5,5,271
22650007017000,26,13,13,1024.4
22650007025000,97,46,51,3307.7
22650007026000,643,318,325,21026.1
22650007027000,22,11,11,946
22650007028000,41,24,17,1406.3
22650007029000,24,14,10,1099.2
22650007030000,475,230,245,15817.5
22650007031000,181,91,90,5086.1
22650007032000,25,12,13,995
22650007033000,171,86,85,6036.3
22650007035000,57,30,27,2542.2
22650007036000,11,6,5,462
22650007037000,21,10,11,821.1
22650007038000,320,166,154,12064
22650007039000,57,29,28,2513.7
22650007041000,8,3,5,420.8
22650007044000,283,154,129,11093.6
22650007056000,9,4,5,380.7
22650007065000,2,1,1,0
22650007066000,14,8,6,800.8
22650007067000,7,3,4,184.1
22650007070000,25,13,12,985
22650007071000,3,1,2,0
22650007078000,2,1,1,0
22650007081000,6,4,2,285
22650007082000,2,1,1,0
22650007086000,1,1,0,0
22650007087000,11,5,6,292.6
22650007096000,5,1,4,152
22650007097000,8,5,3,526.4
22650007098000,9,5,4,232.2
22650007099000,13,8,5,347.1
22650007100000,2,1,1,0
22650007101000,232,107,125,10208
22650007102000,119,62,57,3855.6
22650007103000,6,3,3,270
22650007104000,5,3,2,230
22650007105000,9,4,5,285.3
22650007121000,3,2,1,0
22650007122000,19,10,9,678.3
22650007123000,14,7,7,700
22650007124000,14,8,6,567
22660006553000,45,30,15,2119.5
22660006554000,5,3,2,264
22660006555000,15,8,7,724.5
22660006556000,29,16,13,1435.5
22660006557000,114,61,53,5301
22660006558000,152,79,73,5380.8
22660006559000,141,76,65,5682.3
22660006560000,1,1,0,0
22660006564000,8,3,5,507.2
22660006565000,10,2,8,275
22660006566000,6,5,1,139.8
22660006567000,12,8,4,361.2
22660006568000,465,227,238,16089
22660006569000,1209,597,612,51624.3
22660006570000,596,305,291,24436
22660006571000,1735,833,902,73390.5
22660006572000,1776,876,900,79209.6
22660006573000,195,85,110,8970
22660006574000,184,99,85,7360
22660006575000,40,23,17,1348
22660006576000,106,60,46,4028
22660006577000,68,35,33,3196
22660006578000,41,17,24,1176.7
22660006579000,50,28,22,1915
22660006580000,28,14,14,1335.6
22660006581000,15,8,7,565.5
22660006582000,2,1,1,0
22660006583000,26,12,14,842.4
22660006584000,6,4,2,306
22660006585000,40,18,22,1752
22660006586000,141,80,61,6401.4
22660006587000,6,3,3,310.2
22660006589000,5,3,2,219
22660006596000,2,1,1,0
22660006597000,1,1,0,0
22660006600000,106,55,51,3339
22660006601000,151,69,82,7353.7
22660006602000,114,61,53,5050.2
22660006606000,1,1,0,0
22660006607000,2,1,1,0
22660006608000,42,23,19,1822.8
22660006609000,8,6,2,260
22660006610000,55,31,24,2299
22660006611000,20,11,9,1022
22660006612000,5,2,3,194
22660006613000,8,5,3,242.4
22660006614000,2,1,1,0
22660006615000,7,3,4,156.8
22660006616000,15,11,4,436.5
22660006617000,22,11,11,631.4
22660006618000,53,31,22,2289.6
22660006619000,2,1,1,0
22660006620000,23,12,11,756.7
22660006621000,12,7,5,342
22660006622000,5,3,2,142
22660006623000,6,3,3,177
22660006624000,17,5,12,761.6
22660006625000,424,215,209,15560.8
22660006626000,1234,612,622,51457.8
22660006627000,1639,785,854,71132.6
22660006628000,303,152,151,11271.6
22660006629000,44,23,21,1856.8
22660006630000,1127,576,551,47559.4
22660006631000,2430,1176,1254,100116
22660006632000,1339,649,690,44187
22660006636000,20,15,5,766
22660006637000,1,1,0,0
22660006638000,1967,984,983,67271.4
22660006639000,4483,2273,2210,137628.1
22660006640000,1769,915,854,55900.4
22660006641000,4227,2127,2100,137377.5
22660006642000,2730,1367,1363,102102
22660006643000,4295,2061,2234,161921.5
22660006644000,3487,1624,1863,146105.3
22660006645000,2050,1036,1014,74415
22660006646000,957,467,490,34356.3
22660006647000,3660,1765,1895,139812
22660006648000,2049,1056,993,78476.7
22660006649000,3882,1990,1892,144798.6
22660006650000,621,328,293,22977
22660006651000,4092,2083,2009,146493.6
22660006652000,5505,2708,2797,208089
22660006653000,3489,1684,1805,124208.4
22660006655000,2,1,1,0
22660006656000,183,90,93,7082.1
22660006659000,2,1,1,0
22660006660000,4,1,3,0
22660006661000,86,44,42,3629.2
22660006662000,174,86,88,7325.4
22660006663000,67,37,30,2639.8
22660006672000,3,1,2,0
22660006673000,49,29,20,2405.9
22660006674000,25,9,16,802.5
22660006709000,8,4,4,324.8
22660006723000,46,23,23,1775.6
22660006724000,56,27,29,2038.4
22660006725000,93,50,43,3971.1
22660006726000,57,30,27,2508
22660006727000,53,31,22,1987.5
22660006728000,77,41,36,2787.4
22660006729000,112,56,56,4782.4
22660006730000,160,87,73,6256
22660006731000,112,60,52,4928
22660006732000,27,15,12,1152.9
22660006734000,29,13,16,1087.5
22660006735000,1,1,0,0
22660006736000,48,24,24,2088
22660006737000,29,17,12,1287.6
22660006738000,12,6,6,314.4
22660006739000,3,1,2,0
22660006740000,10,5,5,437
22660006741000,6,3,3,304.2
22660006742000,4,2,2,0
22660006743000,73,37,36,3124.4
22660006744000,238,116,122,7425.6
22660006745000,484,214,270,18779.2
22660006746000,265,128,137,14442.5
22660006750000,12,7,5,366
22660006751000,6,3,3,243
22660006754000,2,2,0,0
22660006755000,63,30,33,2261.7
22660006756000,74,38,36,2900.8
22660006757000,7,3,4,387.8
22660006761000,23,13,10,839.5
22660006762000,475,221,254,23085
22660006763000,323,167,156,13469.1
22660006764000,80,41,39,3816
22660006765000,57,38,19,2633.4
22660006766000,36,19,17,1314
22660006767000,25,15,10,1110
22660006768000,22,11,11,1023
22660006769000,18,8,10,671.4
22660006770000,3,2,1,0
22660006774000,13,6,7,351
22660006775000,3,2,1,0
22660006777000,18,9,9,601.2
22660006778000,36,21,15,1627.2
22660006783000,36,18,18,1126.8
22660006784000,47,23,24,1833
22660006838000,1,1,0,0
22660006893000,11,7,4,585.2
22660006895000,1,1,0,0
22660006902000,10,5,5,515
22660006916000,1,1,0,0
22660006983000,29,14,15,1073
22660006995000,12,8,4,577.2
22660006996000,4,3,1,0
22660007014000,28,17,11,1013.6
22660007015000,82,46,36,2878.2
22660007016000,77,43,34,2679.6
22660007017000,24,13,11,763.2
22660007026000,228,117,111,6543.6
22660007027000,91,51,40,3494.4
22660007028000,84,42,42,2805.6
22660007029000,38,19,19,1622.6
22660007030000,110,61,49,3861
22660007031000,32,15,17,1609.6
22660007032000,3387,1593,1794,130399.5
22660007033000,2937,1522,1415,108375.3
22660007034000,101,55,46,4161.2
22660007035000,509,251,258,20105.5
22660007036000,1716,890,826,59716.8
22660007037000,1630,837,793,59495
22660007038000,1493,759,734,51209.9
22660007039000,915,473,442,32665.5
22660007043000,5,2,3,120
22660007044000,312,172,140,12074.4
22660007056000,10,7,3,351
22660007066000,2,1,1,0
22660007067000,2,1,1,0
22660007071000,33,21,12,1389.3
22660007072000,2,1,1,0
22660007081000,5,3,2,204
22660007095000,2,1,1,0
22660007096000,1,1,0,0
22660007099000,2,1,1,0
22660007100000,7,3,4,406
22660007101000,325,169,156,15567.5
22660007102000,136,59,77,7031.2
22660007105000,34,18,16,1339.6
22660007106000,15,10,5,670.5
22660007117000,11,9,2,528
22660007121000,2,1,1,0
22660007122000,11,6,5,500.5
22660007123000,12,7,5,589.2
22660007127000,10,5,5,372
22670006551000,104,55,49,5085.6
22670006552000,15,8,7,999
22670006553000,64,35,29,2521.6
22670006554000,159,84,75,5390.1
22670006555000,510,250,260,21471
22670006556000,18,8,10,817.2
22670006557000,50,27,23,2640
22670006558000,56,28,28,2721.6
22670006561000,1,0,1,0
22670006562000,86,43,43,4007.6
22670006563000,229,115,114,9411.9
22670006564000,143,77,66,4676.1
22670006565000,347,176,171,10965.2
22670006566000,439,230,209,15672.3
22670006567000,460,231,229,16698
22670006568000,398,182,216,17750.8
22670006569000,1093,518,575,48092
22670006570000,1391,722,669,57031
22670006571000,2491,1242,1249,107362.1
22670006572000,2593,1245,1348,103201.4
22670006573000,1566,769,797,62640
22670006574000,1336,675,661,44088
22670006575000,592,302,290,20364.8
22670006576000,15,10,5,769.5
22670006577000,9,5,4,338.4
22670006578000,6,3,3,244.8
22670006580000,4,2,2,0
22670006581000,15,8,7,630
22670006582000,41,23,18,1533.4
22670006583000,28,16,12,1078
22670006584000,9,3,6,370.8
22670006585000,114,65,49,4400.4
22670006586000,1,1,0,0
22670006587000,12,8,4,387.6
22670006589000,3,1,2,0
22670006593000,2,1,1,0
22670006596000,2,1,1,0
22670006597000,6,4,2,270
22670006598000,7,2,5,287
22670006599000,2,1,1,0
22670006600000,16,8,8,598.4
22670006601000,28,16,12,1237.6
22670006602000,2,2,0,0
22670006603000,42,18,24,1852.2
22670006608000,12,6,6,568.8
22670006609000,5,2,3,172
22670006610000,19,11,8,820.8
22670006611000,31,15,16,905.2
22670006612000,14,7,7,572.6
22670006613000,11,4,7,325.6
22670006615000,26,9,17,967.2
22670006616000,17,10,7,545.7
22670006617000,9,5,4,249.3
22670006618000,4,1,3,0
22670006619000,24,14,10,1065.6
22670006620000,25,13,12,717.5
22670006621000,40,17,23,1344
22670006622000,93,59,34,2976
22670006623000,147,76,71,4615.8
22670006624000,45,25,20,1935
22670006625000,24,10,14,931.2
22670006626000,26,17,9,1123.2
22670006627000,523,265,258,18514.2
22670006628000,157,68,89,8697.8
22670006629000,23,12,11,1002.8
22670006630000,13,7,6,637
22670006631000,692,354,338,24981.2
22670006632000,1967,975,992,63730.8
22670006634000,5,3,2,202
22670006638000,165,94,71,5808
22670006639000,184,90,94,6495.2
22670006640000,377,207,170,12252.5
22670006641000,1091,545,546,40039.7
22670006642000,481,261,220,18566.6
22670006643000,548,270,278,20878.8
22670006644000,2813,1318,1495,118708.6
22670006645000,5987,2815,3172,230499.5
22670006646000,4663,2321,2342,181390.7
22670006647000,8716,4089,4627,333822.8
22670006648000,3311,1644,1667,127804.6
22670006649000,4312,2017,2295,185416
22670006650000,422,269,153,17006.6
22670006651000,679,343,336,24783.5
22670006652000,5309,2622,2687,187938.6
22670006653000,606,287,319,22543.2
22670006663000,7,2,5,284.2
22670006672000,67,36,31,3021.7
22670006673000,423,204,219,16370.1
22670006674000,6,3,3,487.8
22670006721000,8,4,4,324.8
22670006722000,6,3,3,426
22670006723000,73,38,35,3358
22670006724000,30,16,14,1185
22670006725000,11,6,5,656.7
22670006726000,64,36,28,2758.4
22670006727000,22,11,11,1126.4
22670006728000,38,24,14,1292
22670006729000,17,9,8,479.4
22670006730000,161,73,88,6246.8
22670006731000,459,224,235,19186.2
22670006732000,17,10,7,513.4
22670006733000,1,1,0,0
22670006734000,7,2,5,301.7
22670006735000,21,14,7,793.8
22670006736000,61,29,32,2964.6
22670006737000,19,10,9,815.1
22670006738000,54,31,23,2062.8
22670006739000,7,5,2,429.1
22670006740000,36,23,13,1436.4
22670006741000,24,15,9,799.2
22670006742000,12,7,5,656.4
22670006743000,100,50,50,3500
22670006744000,25,14,11,1182.5
22670006749000,50,24,26,1945
22670006750000,19,10,9,982.3
22670006751000,10,4,6,370
22670006752000,1,1,0,0
22670006759000,30,15,15,1743
22670006760000,218,101,117,8654.6
22670006761000,316,166,150,15294.4
22670006762000,1002,456,546,50901.6
22670006763000,1035,522,513,45022.5
22670006764000,241,115,126,8435
22670006765000,48,26,22,1636.8
22670006766000,11,6,5,455.4
22670006767000,3,1,2,0
22670006768000,2,2,0,0
22670006770000,24,13,11,991.2
22670006774000,18,10,8,779.4
22670006778000,1,0,1,0
22670006781000,37,19,18,1713.1
22670006782000,87,41,46,3558.3
22670006783000,22,10,12,1108.8
22670006784000,2,1,1,0
22670006786000,1,1,0,0
22670006787000,9,5,4,383.4
22670006837000,3,1,2,0
22670006893000,16,9,7,508.8
22670006894000,21,13,8,567
22670006895000,43,25,18,1818.9
22670006896000,26,13,13,1128.4
22670006897000,3,1,2,0
22670006900000,2,1,1,0
22670006916000,5,3,2,212
22670006917000,1,0,1,0
22670006924000,1,0,1,0
22670006925000,1,0,1,0
22670006975000,4,2,2,0
22670006982000,3,1,2,0
22670006983000,9,4,5,385.2
22670006984000,4,2,2,0
22670006995000,3,2,1,0
22670006996000,7,3,4,280
22670007015000,16,10,6,532.8
22670007016000,38,22,16,1561.8
22670007017000,94,54,40,3431
22670007018000,4,1,3,0
22670007027000,29,16,13,1244.1
22670007028000,49,27,22,1768.9
22670007029000,82,43,39,2304.2
22670007030000,79,43,36,2433.2
22670007031000,119,78,41,4307.8
22670007032000,1318,675,643,51138.4
22670007033000,2657,1333,1324,104420.1
22670007034000,3730,1805,1925,144724
22670007035000,4451,2135,2316,171808.6
22670007036000,1977,984,993,70974.3
22670007037000,2678,1339,1339,100157.2
22670007038000,3012,1518,1494,110540.4
22670007039000,1236,647,589,44372.4
22670007040000,588,286,302,24754.8
22670007041000,671,331,340,25028.3
22670007042000,15,9,6,505.5
22670007043000,5,4,1,169
22670007044000,10,6,4,341
22670007056000,5,2,3,230
22670007067000,2,1,1,0
22670007072000,11,8,3,370.7
22670007073000,2,1,1,0
22670007095000,8,5,3,200
22670007096000,4,3,1,0
22670007101000,7,4,3,226.1
22670007105000,1,1,0,0
22670007106000,16,10,6,540.8
22670007117000,8,4,4,302.4
22670007120000,5,2,3,212
22670007121000,13,8,5,478.4
22670007122000,1,1,0,0
22670007123000,3,1,2,0
22670007124000,11,6,5,379.5
22670007125000,13,9,4,468
22670007126000,38,22,16,1672
22670007127000,5,3,2,199
22680006551000,54,25,29,2694.6
22680006552000,11,7,4,501.6
22680006553000,61,32,29,2543.7
22680006555000,5,2,3,229
22680006556000,9,4,5,488.7
22680006561000,3,1,2,0
22680006562000,91,44,47,3922.1
22680006563000,93,45,48,4631.4
22680006564000,76,43,33,2447.2
22680006565000,30,16,14,1263
22680006566000,263,133,130,10441.1
22680006567000,273,138,135,11466
22680006568000,549,280,269,21960
22680006569000,1425,668,757,59992.5
22680006570000,3574,1778,1796,159400.4
22680006571000,3090,1544,1546,126381
22680006572000,1701,863,838,68890.5
22680006573000,833,429,404,32570.3
22680006574000,150,83,67,6090
22680006575000,139,78,61,5504.4
22680006576000,27,14,13,1190.7
22680006578000,19,9,10,946.2
22680006579000,1,1,0,0
22680006581000,13,7,6,681.2
22680006582000,2,1,1,0
22680006583000,52,26,26,1752.4
22680006584000,32,21,11,1289.6
22680006585000,404,211,193,16685.2
22680006586000,39,21,18,1856.4
22680006587000,1,1,0,0
22680006588000,10,5,5,583
22680006595000,2,1,1,0
22680006596000,3,2,1,0
22680006598000,4,2,2,0
22680006599000,2,2,0,0
22680006600000,8,4,4,280.8
22680006601000,40,22,18,1720
22680006604000,8,5,3,386.4
22680006605000,1,1,0,0
22680006612000,2,1,1,0
22680006613000,23,13,10,979.8
22680006614000,1,1,0,0
22680006615000,27,11,16,1174.5
22680006616000,8,4,4,294.4
22680006617000,5,3,2,319
22680006618000,4,3,1,0
22680006619000,18,12,6,766.8
22680006620000,19,11,8,767.6
22680006621000,18,9,9,675
22680006622000,339,178,161,14271.9
22680006623000,715,368,347,23595
22680006624000,21,13,8,919.8
22680006625000,13,8,5,607.1
22680006626000,31,18,13,1054
22680006627000,16,10,6,760
22680006628000,22,10,12,1060.4
22680006629000,22,10,12,816.2
22680006630000,23,14,9,940.7
22680006631000,2,1,1,0
22680006632000,118,57,61,4779
22680006634000,5,3,2,303
22680006635000,741,360,381,27787.5
22680006636000,6,2,4,313.2
22680006637000,29,17,12,1655.9
22680006638000,56,29,27,2475.2
22680006639000,25,14,11,1192.5
22680006640000,97,61,36,3753.9
22680006644000,19,9,10,845.5
22680006645000,761,344,417,30896.6
22680006646000,1555,746,809,66243
22680006647000,1199,591,608,38128.2
22680006648000,2258,1136,1122,82642.8
22680006649000,5686,2804,2882,220048.2
22680006650000,2050,1046,1004,76260
22680006651000,15,11,4,633
22680006652000,4446,2265,2181,149830.2
22680006653000,2972,1463,1509,111747.2
22680006654000,9,6,3,421.2
22680006661000,3,2,1,0
22680006665000,4,2,2,0
22680006666000,1,1,0,0
22680006670000,96,41,55,3369.6
22680006671000,374,187,187,13389.2
22680006672000,52,23,29,1861.6
22680006673000,25,13,12,1092.5
22680006674000,2,2,0,0
22680006722000,2,1,1,0
22680006723000,6,3,3,211.2
22680006724000,16,8,8,678.4
22680006725000,28,15,13,1313.2
22680006726000,50,23,27,2445
22680006727000,83,33,50,5502.9
22680006728000,68,33,35,2516
22680006729000,38,21,17,1611.2
22680006730000,35,18,17,1284.5
22680006731000,22,11,11,1053.8
22680006732000,15,8,7,889.5
22680006733000,77,40,37,2833.6
22680006734000,7,3,4,172.2
22680006735000,37,23,14,1498.5
22680006736000,14,9,5,813.4
22680006737000,10,3,7,361
22680006738000,7,4,3,436.1
22680006739000,2,1,1,0
22680006740000,38,19,19,1710
22680006741000,302,153,149,12774.6
22680006742000,217,112,105,8115.8
22680006743000,2,1,1,0
22680006746000,6,3,3,295.8
22680006747000,18,7,11,955.8
22680006748000,10,5,5,413
22680006749000,21,10,11,819
22680006750000,34,19,15,1288.6
22680006751000,33,22,11,1267.2
22680006752000,6,4,2,204
22680006753000,13,6,7,526.5
22680006756000,4,3,1,0
22680006758000,31,15,16,1602.7
22680006759000,137,72,65,5055.3
22680006760000,60,29,31,2928
22680006761000,13,8,5,500.5
22680006763000,654,322,332,25702.2
22680006764000,26,13,13,1136.2
22680006765000,30,19,11,1224
22680006766000,6,4,2,394.2
22680006767000,3,1,2,0
22680006768000,2,1,1,0
22680006770000,12,5,7,313.2
22680006772000,6,2,4,313.2
22680006773000,9,5,4,351.9
22680006775000,24,11,13,1008
22680006776000,19,11,8,811.3
22680006777000,8,3,5,430.4
22680006781000,150,72,78,6090
22680006782000,137,67,70,4781.3
22680006784000,3,2,1,0
22680006785000,2,1,1,0
22680006786000,6,3,3,369
22680006787000,25,13,12,1000
22680006849000,1,0,1,0
22680006859000,4,2,2,0
22680006892000,2,1,1,0
22680006894000,22,10,12,996.6
22680006895000,86,43,43,3655
22680006896000,88,52,36,3088.8
22680006897000,4,3,1,0
22680006898000,25,12,13,687.5
22680006899000,7,3,4,212.8
22680006900000,21,10,11,907.2
22680006916000,23,14,9,940.7
22680006917000,2,1,1,0
22680006923000,2,1,1,0
22680006973000,9,6,3,285.3
22680006974000,1,1,0,0
22680006975000,5,3,2,321
22680006976000,15,8,7,631.5
22680006977000,12,4,8,378
22680006978000,19,9,10,849.3
22680006992000,2,1,1,0
22680006995000,18,9,9,907.2
22680006996000,19,9,10,885.4
22680007029000,18,7,11,1024.2
22680007030000,30,15,15,1467
22680007031000,259,138,121,9375.8
22680007032000,1305,674,631,49198.5
22680007033000,2506,1275,1231,92471.4
22680007034000,903,443,460,33591.6
22680007035000,1923,951,972,69035.7
22680007036000,1273,652,621,47101
22680007037000,2984,1464,1520,122045.6
22680007038000,3418,1651,1767,131934.8
22680007039000,3573,1714,1859,146850.3
22680007040000,2616,1280,1336,99669.6
22680007041000,3266,1674,1592,122148.4
22680007042000,1078,538,540,47971
22680007043000,3,2,1,0
22680007056000,1,0,1,0
22680007067000,8,5,3,376
22680007072000,4,2,2,0
22680007073000,35,19,16,1578.5
22680007102000,6,4,2,208.8
22680007122000,3,2,1,0
22680007124000,54,25,29,2484
22680007125000,85,40,45,4309.5
22680007126000,7,4,3,149.8
22690006554000,2,1,1,0
22690006568000,593,285,308,21170.1
22690006569000,1559,705,854,75299.7
22690006570000,2103,998,1105,94214.4
22690006571000,1482,749,733,67431
22690006572000,1586,752,834,70101.2
22690006573000,439,221,218,19184.3
22690006574000,21,11,10,808.5
22690006576000,21,12,9,989.1
22690006578000,6,2,4,213
22690006580000,36,18,18,1620
22690006581000,25,14,11,1295
22690006582000,26,14,12,1190.8
22690006583000,26,12,14,980.2
22690006584000,37,21,16,1750.1
22690006585000,384,198,186,12057.6
22690006586000,60,32,28,1740
22690006587000,35,21,14,1466.5
22690006588000,7,3,4,203.7
22690006595000,5,3,2,358
22690006596000,2,1,1,0
22690006600000,3,1,2,0
22690006601000,48,26,22,1910.4
22690006602000,1,0,1,0
22690006608000,5,2,3,108
22690006609000,3,2,1,0
22690006611000,4,2,2,0
22690006612000,3,2,1,0
22690006613000,15,8,7,610.5
22690006614000,90,46,44,3591
22690006615000,23,14,9,841.8
22690006616000,5,4,1,248
22690006617000,7,4,3,184.8
22690006618000,23,14,9,913.1
22690006619000,12,7,5,567.6
22690006620000,12,7,5,656.4
22690006621000,19,10,9,792.3
22690006622000,33,16,17,1428.9
22690006623000,12,6,6,520.8
22690006624000,31,18,13,951.7
22690006625000,12,8,4,538.8
22690006626000,32,21,11,1100.8
22690006627000,11,6,5,473
22690006628000,9,8,1,456.3
22690006629000,4,2,2,0
22690006630000,18,8,10,795.6
22690006631000,3,2,1,0
22690006632000,3,2,1,0
22690006634000,64,33,31,2726.4
22690006635000,531,269,262,21240
22690006636000,52,28,24,1851.2
22690006637000,164,86,78,6986.4
22690006638000,100,53,47,4220
22690006639000,10,5,5,376
22690006640000,3,1,2,0
22690006644000,2,1,1,0
22690006649000,577,289,288,19791.1
22690006650000,6831,3473,3358,247282.2
22690006651000,1503,736,767,50951.7
22690006652000,1406,647,759,53849.8
22690006653000,5317,2543,2774,203109.4
22690006654000,5884,2951,2933,226534
22690006655000,601,301,300,25061.7
22690006658000,3,1,2,0
22690006661000,2,2,0,0
22690006663000,114,54,60,3089.4
22690006664000,2515,1245,1270,86264.5
22690006665000,1609,834,775,61946.5
22690006668000,41,24,17,1709.7
22690006669000,16,7,9,572.8
22690006670000,717,337,380,28823.4
22690006671000,793,390,403,32195.8
22690006672000,397,189,208,13378.9
22690006677000,2,1,1,0
22690006708000,6,4,2,190.8
22690006709000,2,1,1,0
22690006710000,2,1,1,0
22690006725000,11,8,3,429
22690006726000,34,18,16,1380.4
22690006727000,52,28,24,2106
22690006728000,56,27,29,2536.8
22690006729000,47,24,23,1988.1
22690006730000,28,14,14,1050
22690006731000,31,21,10,1395
22690006732000,30,15,15,1380
22690006733000,168,94,74,7173.6
22690006734000,30,13,17,1137
22690006735000,68,34,34,3134.8
22690006736000,153,79,74,6426
22690006738000,37,19,18,1631.7
22690006739000,14,7,7,519.4
22690006740000,52,26,26,2147.6
22690006741000,127,58,69,4610.1
22690006742000,16,8,8,625.6
22690006746000,8,3,5,435.2
22690006747000,68,33,35,2502.4
22690006748000,21,12,9,1029
22690006749000,22,16,6,965.8
22690006750000,5,4,1,186
22690006751000,18,11,7,669.6
22690006752000,14,7,7,536.2
22690006753000,6,5,1,139.8
22690006755000,6,5,1,115.8
22690006756000,17,11,6,824.5
22690006757000,43,19,24,1711.4
22690006758000,9,3,6,473.4
22690006759000,41,19,22,1869.6
22690006760000,64,31,33,2822.4
22690006761000,17,11,6,739.5
22690006762000,8,4,4,344
22690006763000,9,5,4,374.4
22690006764000,68,33,35,2917.2
22690006765000,87,44,43,3419.1
22690006766000,35,18,17,1533
22690006767000,17,9,8,753.1
22690006768000,25,12,13,827.5
22690006769000,6,3,3,232.8
22690006770000,11,4,7,423.5
22690006772000,9,4,5,459
22690006774000,6,2,4,210
22690006775000,39,15,24,1821.3
22690006776000,7,4,3,324.8
22690006777000,4,3,1,0
22690006780000,2,1,1,0
22690006781000,13,6,7,557.7
22690006783000,1,1,0,0
22690006785000,1,1,0,0
22690006786000,4,2,2,0
22690006788000,4,3,1,0
22690006849000,2,1,1,0
22690006859000,2,1,1,0
22690006892000,1,0,1,0
22690006894000,19,9,10,1054.5
22690006895000,22,13,9,921.8
22690006896000,156,81,75,5335.2
22690006897000,40,18,22,1432
22690006898000,4,1,3,0
22690006916000,1,1,0,0
22690006923000,4,2,2,0
22690006973000,2,1,1,0
22690006974000,2,1,1,0
22690006977000,5,2,3,212
22690006978000,6,3,3,289.2
22690006979000,9,4,5,522.9
22690006980000,13,7,6,603.2
22690006983000,19,10,9,824.6
22690006984000,7,5,2,252.7
22690006985000,6,2,4,177
22690006994000,30,17,13,1563
22690006995000,31,17,14,1497.3
22690006996000,3,2,1,0
22690007017000,14,6,8,540.4
22690007029000,8,5,3,411.2
22690007030000,1,0,1,0
22690007031000,4,2,2,0
22690007032000,804,424,380,25486.8
22690007033000,2727,1360,1367,97081.2
22690007034000,3303,1657,1646,128486.7
22690007035000,1306,657,649,51195.2
22690007036000,1976,1035,941,68962.4
22690007037000,1055,571,484,38402
22690007038000,2095,1082,1013,75420
22690007039000,1309,717,592,45422.3
22690007040000,1552,846,706,53854.4
22690007041000,3731,1906,1825,151478.6
22690007042000,168,84,84,5812.8
22690007057000,12,3,9,482.4
22690007073000,5,3,2,167
22690007097000,4,2,2,0
22690007104000,27,11,16,828.9
22690007116000,1,1,0,0
22690007118000,14,8,6,726.6
22690007119000,5,3,2,158
22690007125000,4,1,3,0
22690007127000,3,2,1,0
22690007130000,1,1,0,0
22700006550000,16,9,7,996.8
22700006551000,14,8,6,588
22700006552000,12,6,6,434.4
22700006553000,5,2,3,282
22700006554000,2,1,1,0
22700006555000,16,10,6,571.2
22700006556000,1,0,1,0
22700006568000,179,90,89,6837.8
22700006569000,77,38,39,3087.7
22700006570000,1359,622,737,57757.5
22700006571000,907,427,480,37187
22700006572000,2081,1082,999,75540.3
22700006573000,1902,915,987,75509.4
22700006574000,102,57,45,4284
22700006578000,5,2,3,137
22700006579000,31,14,17,1023
22700006580000,170,85,85,6018
22700006581000,59,26,33,2442.6
22700006582000,67,36,31,2800.6
22700006583000,30,15,15,1260
22700006584000,62,35,27,2597.8
22700006585000,3,2,1,0
22700006587000,15,8,7,472.5
22700006588000,27,15,12,1131.3
22700006589000,13,8,5,513.5
22700006595000,5,4,1,231
22700006596000,14,6,8,575.4
22700006600000,49,20,29,1543.5
22700006601000,4,3,1,0
22700006602000,5,3,2,285
22700006603000,2,1,1,0
22700006604000,14,8,6,708.4
22700006605000,6,2,4,252
22700006608000,8,5,3,196
22700006613000,15,9,6,718.5
22700006614000,23,13,10,1122.4
22700006615000,43,21,22,1896.3
22700006616000,1,1,0,0
22700006617000,8,4,4,466.4
22700006618000,13,9,4,608.4
22700006619000,9,6,3,429.3
22700006620000,9,4,5,525.6
22700006621000,20,10,10,956
22700006622000,20,12,8,848
22700006623000,2,1,1,0
22700006624000,12,8,4,570
22700006625000,14,7,7,579.6
22700006626000,18,11,7,707.4
22700006627000,17,7,10,603.5
22700006628000,22,12,10,774.4
22700006629000,9,7,2,440.1
22700006630000,14,7,7,477.4
22700006631000,117,60,57,4329
22700006632000,118,60,58,4578.4
22700006633000,180,110,70,6876
22700006634000,190,98,92,7068
22700006637000,29,18,11,1247
22700006638000,93,56,37,4036.2
22700006639000,6,4,2,310.8
22700006650000,1207,605,602,42727.8
22700006651000,2514,1294,1220,96034.8
22700006652000,4886,2412,2474,182247.8
22700006653000,2630,1382,1248,93102
22700006654000,5784,2910,2874,226732.8
22700006655000,493,235,258,18043.8
22700006659000,1,1,0,0
22700006660000,3,0,3,0
22700006661000,97,57,40,3734.5
22700006662000,34,15,19,1628.6
22700006663000,696,301,395,35217.6
22700006664000,1260,633,627,49392
22700006665000,422,203,219,15909.4
22700006666000,22,15,7,897.6
22700006667000,103,46,57,3615.3
22700006668000,1226,615,611,45852.4
22700006669000,119,65,54,3950.8
22700006670000,102,60,42,4600.2
22700006671000,491,244,247,19738.2
22700006708000,27,15,12,953.1
22700006728000,12,4,8,421.2
22700006729000,79,39,40,3128.4
22700006730000,95,49,46,4189.5
22700006731000,56,24,32,2172.8
22700006732000,81,37,44,3053.7
22700006733000,50,23,27,2275
22700006734000,50,29,21,2120
22700006735000,114,69,45,4902
22700006736000,35,17,18,1470
22700006737000,11,5,6,613.8
22700006738000,18,6,12,806.4
22700006739000,28,15,13,1181.6
22700006740000,18,13,5,676.8
22700006741000,40,20,20,2132
22700006745000,3,2,1,0
22700006746000,18,11,7,937.8
22700006747000,19,10,9,771.4
22700006748000,29,17,12,988.9
22700006749000,1,0,1,0
22700006750000,17,7,10,897.6
22700006751000,22,13,9,972.4
22700006752000,150,79,71,6645
22700006753000,38,18,20,1687.2
22700006754000,20,11,9,794
22700006755000,279,144,135,10908.9
22700006756000,69,34,35,2553
22700006757000,23,12,11,765.9
22700006758000,52,30,22,2319.2
22700006759000,30,17,13,1278
22700006760000,15,9,6,711
22700006761000,23,11,12,910.8
22700006763000,12,7,5,411.6
22700006764000,99,52,47,4128.3
22700006765000,56,30,26,2604
22700006766000,57,31,26,2405.4
22700006767000,22,15,7,930.6
22700006768000,6,4,2,279
22700006769000,13,7,6,627.9
22700006770000,15,7,8,505.5
22700006771000,23,12,11,772.8
22700006772000,50,27,23,1970
22700006773000,213,102,111,7518.9
22700006774000,24,15,9,751.2
22700006775000,27,14,13,988.2
22700006776000,2,1,1,0
22700006780000,10,5,5,381
22700006798000,29,16,13,1041.1
22700006858000,5,1,4,105
22700006893000,13,8,5,556.4
22700006894000,117,55,62,3954.6
22700006895000,26,15,11,1105
22700006896000,82,43,39,3009.4
22700006897000,6,1,5,235.8
22700006904000,1,1,0,0
22700006905000,5,3,2,114
22700006916000,8,4,4,419.2
22700006974000,6,1,5,217.2
22700006978000,2,1,1,0
22700006979000,44,23,21,1808.4
22700006980000,66,25,41,2778.6
22700006981000,24,15,9,984
22700006982000,14,6,8,694.4
22700006983000,6,3,3,232.2
22700006984000,16,8,8,660.8
22700006985000,3,2,1,0
22700006986000,16,8,8,665.6
22700006987000,9,4,5,430.2
22700006988000,8,4,4,432.8
22700006990000,8,4,4,440.8
22700006992000,19,9,10,750.5
22700006993000,12,5,7,554.4
22700006994000,30,22,8,1374
22700007019000,59,30,29,1740.5
22700007020000,41,21,20,1619.5
22700007021000,19,16,3,634.6
22700007022000,8,3,5,283.2
22700007023000,7,2,5,270.2
22700007024000,19,10,9,950
22700007025000,29,15,14,1020.8
22700007026000,15,6,9,306
22700007027000,11,5,6,473
22700007028000,51,27,24,1723.8
22700007029000,45,25,20,1620
22700007031000,54,28,26,1809
22700007032000,29,15,14,1078.8
22700007033000,657,321,336,23454.9
22700007034000,766,397,369,27346.2
22700007035000,758,388,370,26984.8
22700007036000,1116,586,530,45198
22700007037000,1818,947,871,69629.4
22700007038000,1591,811,780,60776.2
22700007039000,2728,1413,1315,100117.6
22700007040000,3332,1844,1488,111288.8
22700007041000,3851,1975,1876,156735.7
22700007042000,1567,926,641,53434.7
22700007057000,9,4,5,579.6
22700007058000,16,4,12,699.2
22700007074000,10,7,3,395
22700007075000,18,8,10,725.4
22700007076000,6,3,3,220.8
22700007103000,19,10,9,780.9
22700007104000,5,3,2,194
22700007105000,18,9,9,752.4
22700007119000,6,3,3,334.2
22700007125000,2,1,1,0
22700007126000,2,1,1,0
22700007127000,2,2,0,0
22710006549000,17,7,10,979.2
22710006550000,28,18,10,1176
22710006551000,7,4,3,415.1
22710006552000,22,12,10,783.2
22710006553000,20,10,10,956
22710006554000,19,8,11,566.2
22710006555000,12,7,5,597.6
22710006556000,6,3,3,448.8
22710006568000,42,24,18,1911
22710006569000,113,62,51,4361.8
22710006570000,1176,583,593,48333.6
22710006571000,703,329,374,33251.9
22710006572000,2429,1213,1216,96188.4
22710006573000,360,197,163,14580
22710006574000,1300,657,643,51870
22710006575000,1119,502,617,53152.5
22710006576000,565,275,290,23278
22710006577000,2,1,1,0
22710006578000,3,1,2,0
22710006579000,96,52,44,3830.4
22710006580000,18,10,8,646.2
22710006581000,22,9,13,1056
22710006582000,106,57,49,4346
22710006583000,72,37,35,3139.2
22710006584000,32,17,15,1392
22710006587000,5,3,2,279
22710006589000,3,3,0,0
22710006593000,5,3,2,268
22710006594000,2,1,1,0
22710006595000,10,5,5,398
22710006596000,3,1,2,0
22710006597000,15,9,6,637.5
22710006598000,9,5,4,362.7
22710006599000,11,4,7,528
22710006600000,1,1,0,0
22710006601000,1,0,1,0
22710006602000,2,1,1,0
22710006603000,5,2,3,104
22710006604000,5,2,3,145
22710006605000,1,1,0,0
22710006614000,2,1,1,0
22710006615000,32,16,16,1171.2
22710006616000,81,46,35,3159
22710006617000,26,13,13,964.6
22710006618000,16,9,7,718.4
22710006619000,14,8,6,631.4
22710006620000,402,200,202,13386.6
22710006621000,150,78,72,5970
22710006622000,6,4,2,262.2
22710006623000,20,13,7,690
22710006624000,4,3,1,0
22710006628000,6,3,3,199.2
22710006629000,55,28,27,2249.5
22710006630000,50,25,25,2240
22710006631000,25,16,9,1152.5
22710006632000,80,44,36,3320
22710006633000,110,57,53,4092
22710006634000,98,54,44,3488.8
22710006636000,16,9,7,617.6
22710006639000,2,1,1,0
22710006646000,6,2,4,210
22710006648000,20,11,9,802
22710006649000,3,2,1,0
22710006650000,952,484,468,32272.8
22710006651000,3939,1980,1959,154802.7
22710006652000,5722,2851,2871,204847.6
22710006653000,2948,1466,1482,107307.2
22710006654000,1660,829,831,67396
22710006655000,1938,921,1017,73450.2
22710006657000,1361,644,717,51173.6
22710006658000,508,249,259,19304
22710006659000,21,9,12,556.5
22710006660000,488,251,237,17031.2
22710006661000,465,236,229,17019
22710006662000,51,24,27,2407.2
22710006663000,23,14,9,961.4
22710006664000,37,19,18,1668.7
22710006665000,45,26,19,1669.5
22710006666000,57,30,27,2143.2
22710006667000,33,18,15,1333.2
22710006668000,83,44,39,2988
22710006669000,92,44,48,3615.6
22710006670000,77,39,38,3411.1
22710006671000,2,1,1,0
22710006707000,5,3,2,283
22710006708000,21,11,10,1100.4
22710006709000,10,7,3,366
22710006728000,22,14,8,792
22710006729000,76,37,39,3678.4
22710006730000,51,24,27,1963.5
22710006731000,60,34,26,2892
22710006732000,78,40,38,3174.6
22710006733000,557,248,309,27237.3
22710006734000,217,99,118,10871.7
22710006735000,150,78,72,7185
22710006736000,61,33,28,2653.5
22710006737000,60,32,28,2700
22710006738000,37,19,18,1191.4
22710006739000,96,52,44,4022.4
22710006740000,56,28,28,2290.4
22710006741000,16,7,9,806.4
22710006744000,14,5,9,403.2
22710006745000,31,14,17,1636.8
22710006746000,15,10,5,493.5
22710006747000,8,5,3,280.8
22710006748000,14,9,5,508.2
22710006749000,56,28,28,2088.8
22710006750000,10,5,5,395
22710006751000,10,4,6,399
22710006752000,58,32,26,1960.4
22710006753000,14,8,6,532
22710006755000,29,16,13,1017.9
22710006756000,4,2,2,0
22710006757000,5,3,2,305
22710006758000,36,18,18,1476
22710006761000,18,10,8,914.4
22710006762000,3,1,2,0
22710006763000,5,3,2,100
22710006764000,62,33,29,2783.8
22710006765000,10,5,5,336
22710006766000,88,47,41,3000.8
22710006767000,80,43,37,3384
22710006768000,1,0,1,0
22710006770000,5,3,2,179
22710006771000,17,8,9,622.2
22710006772000,24,12,12,1084.8
22710006773000,10,7,3,423
22710006775000,11,5,6,498.3
22710006780000,4,3,1,0
22710006858000,4,1,3,0
22710006890000,4,2,2,0
22710006891000,28,15,13,1036
22710006892000,43,24,19,1750.1
22710006893000,9,4,5,321.3
22710006894000,66,33,33,2475
22710006895000,25,14,11,1267.5
22710006896000,33,16,17,1673.1
22710006897000,4,3,1,0
22710006898000,18,13,5,745.2
22710006900000,16,9,7,473.6
22710006901000,3,1,2,0
22710006902000,5,2,3,230
22710006904000,10,6,4,231
22710006905000,9,5,4,366.3
22710006906000,3,1,2,0
22710006915000,5,2,3,189
22710006916000,5,1,4,183
22710006923000,7,4,3,294.7
22710006977000,5,2,3,153
22710006978000,6,1,5,262.8
22710006980000,11,6,5,419.1
22710006985000,6,2,4,100.8
22710006987000,10,5,5,359
22710006988000,4,3,1,0
22710006989000,12,5,7,741.6
22710006990000,2,1,1,0
22710006992000,36,20,16,1360.8
22710007019000,16,8,8,526.4
22710007021000,8,5,3,394.4
22710007022000,72,37,35,2440.8
22710007023000,24,14,10,960
22710007024000,41,22,19,1877.8
22710007025000,62,34,28,2343.6
22710007026000,43,25,18,1492.1
22710007027000,230,108,122,7705
22710007028000,1025,520,505,31877.5
22710007029000,32,16,16,950.4
22710007030000,26,14,12,902.2
22710007031000,29,18,11,1363
22710007032000,39,20,19,1805.7
22710007033000,37,21,16,1661.3
22710007034000,37,19,18,1698.3
22710007035000,123,68,55,4514.1
22710007036000,870,441,429,32103
22710007037000,4176,2048,2128,159105.6
22710007038000,3662,1787,1875,141719.4
22710007039000,3533,1907,1626,112349.4
22710007040000,3453,1768,1685,128796.9
22710007041000,5637,2966,2671,202368.3
22710007042000,5744,3089,2655,206209.6
22710007043000,114,54,60,4913.4
22710007057000,84,46,38,3553.2
22710007058000,21,10,11,1008
22710007074000,7,4,3,401.1
22710007075000,6,3,3,274.8
22710007076000,5,3,2,79
22710007102000,1,1,0,0
22710007105000,10,4,6,329
22710007131000,11,3,8,544.5
22710007132000,1,1,0,0
22720006549000,509,245,264,26569.8
22720006550000,312,154,158,14726.4
22720006551000,29,13,16,1426.8
22720006552000,28,12,16,1428
22720006553000,32,14,18,1376
22720006554000,21,10,11,1104.6
22720006555000,4,2,2,0
22720006556000,7,4,3,464.8
22720006564000,3,1,2,0
22720006565000,4,2,2,0
22720006566000,31,16,15,1258.6
22720006567000,17,8,9,591.6
22720006568000,16,8,8,817.6
22720006569000,6,3,3,220.2
22720006570000,1446,711,735,55960.2
22720006571000,772,395,377,27946.4
22720006572000,1316,651,665,49350
22720006573000,873,435,438,35705.7
22720006574000,561,295,266,20813.1
22720006575000,416,189,227,18761.6
22720006576000,1217,593,624,45272.4
22720006577000,132,70,62,5596.8
22720006578000,44,20,24,1874.4
22720006579000,196,106,90,7977.2
22720006580000,5,3,2,238
22720006581000,58,27,31,2673.8
22720006582000,21,11,10,739.2
22720006583000,16,5,11,657.6
22720006584000,4,3,1,0
22720006585000,10,5,5,173
22720006587000,20,10,10,648
22720006593000,7,6,1,277.9
22720006594000,3,3,0,0
22720006595000,40,19,21,1404
22720006598000,2,1,1,0
22720006599000,2,1,1,0
22720006602000,4,2,2,0
22720006603000,3,2,1,0
22720006604000,2,1,1,0
22720006614000,1,1,0,0
22720006615000,9,4,5,464.4
22720006616000,16,6,10,654.4
22720006617000,45,18,27,1822.5
22720006618000,26,16,10,1086.8
22720006619000,6,4,2,246
22720006620000,14,8,6,449.4
22720006621000,9,2,7,304.2
22720006629000,48,25,23,1934.4
22720006630000,1,1,0,0
22720006631000,4,2,2,0
22720006632000,21,13,8,936.6
22720006633000,52,23,29,1903.2
22720006634000,25,15,10,1342.5
22720006635000,48,26,22,2251.2
22720006648000,1446,742,704,52779
22720006649000,1911,999,912,74337.9
22720006650000,1248,633,615,45676.8
22720006651000,3894,1904,1990,147582.6
22720006652000,4016,2039,1977,158632
22720006653000,4655,2300,2355,176890
22720006654000,9079,4606,4473,335923
22720006655000,3845,1905,1940,149570.5
22720006656000,546,294,252,20365.8
22720006657000,569,269,300,24751.5
22720006658000,2171,1080,1091,84886.1
22720006659000,997,486,511,33698.6
22720006660000,199,103,96,5989.9
22720006661000,13,7,6,600.6
22720006662000,20,12,8,602
22720006663000,8,3,5,543.2
22720006665000,93,52,41,4092
22720006666000,4,2,2,0
22720006667000,1,1,0,0
22720006707000,14,9,5,383.6
22720006708000,3,2,1,0
22720006727000,1,1,0,0
22720006728000,8,4,4,532
22720006729000,259,134,125,10774.4
22720006730000,245,120,125,9824.5
22720006731000,33,18,15,1478.4
22720006732000,15,10,5,675
22720006733000,36,21,15,1407.6
22720006734000,221,110,111,9458.8
22720006735000,53,25,28,1992.8
22720006736000,67,35,32,2706.8
22720006737000,31,12,19,1205.9
22720006738000,373,190,183,13838.3
22720006739000,113,58,55,5118.9
22720006740000,22,11,11,730.4
22720006741000,2,0,2,0
22720006744000,11,4,7,418
22720006745000,27,13,14,977.4
22720006746000,27,16,11,1328.4
22720006747000,11,5,6,383.9
22720006748000,60,34,26,2400
22720006749000,24,11,13,816
22720006751000,12,6,6,520.8
22720006752000,27,14,13,1196.1
22720006753000,23,11,12,1186.8
22720006754000,8,5,3,224
22720006755000,33,16,17,1227.6
22720006756000,21,14,7,833.7
22720006757000,8,4,4,276
22720006758000,64,35,29,2297.6
22720006759000,21,12,9,995.4
22720006760000,14,8,6,666.4
22720006761000,20,11,9,992
22720006763000,6,3,3,370.2
22720006764000,26,14,12,1099.8
22720006765000,7,3,4,291.9
22720006766000,3,2,1,0
22720006767000,6,3,3,369
22720006768000,30,17,13,1518
22720006769000,38,20,18,1653
22720006770000,37,19,18,1546.6
22720006771000,37,19,18,1665
22720006773000,14,9,5,674.8
22720006774000,4,1,3,0
22720006776000,5,4,1,104
22720006779000,2,2,0,0
22720006856000,1,0,1,0
22720006890000,56,31,25,2038.4
22720006892000,10,5,5,462
22720006893000,235,122,113,9917
22720006894000,346,158,188,15777.6
22720006895000,48,22,26,1876.8
22720006896000,30,15,15,1227
22720006897000,4,1,3,0
22720006898000,10,5,5,355
22720006899000,3,1,2,0
22720006900000,6,4,2,313.8
22720006901000,13,7,6,683.8
22720006902000,2,1,1,0
22720006903000,27,14,13,1296
22720006904000,61,29,32,2574.2
22720006906000,5,1,4,158
22720006915000,5,3,2,282
22720006916000,10,4,6,370
22720006922000,14,6,8,607.6
22720006923000,6,3,3,229.2
22720006973000,4,3,1,0
22720006974000,11,3,8,442.2
22720006975000,20,14,6,600
22720006976000,24,12,12,1137.6
22720006977000,15,7,8,559.5
22720006989000,4,1,3,0
22720006990000,13,8,5,383.5
22720006992000,6,4,2,220.8
22720007021000,2,1,1,0
22720007022000,20,7,13,824
22720007024000,30,17,13,1002
22720007025000,9,5,4,414.9
22720007026000,599,320,279,20306.1
22720007027000,759,395,364,27172.2
22720007028000,25,12,13,1210
22720007029000,64,32,32,2291.2
22720007030000,47,27,20,1395.9
22720007031000,32,16,16,1027.2
22720007032000,102,55,47,3610.8
22720007033000,38,21,17,1413.6
22720007034000,36,20,16,1562.4
22720007035000,33,15,18,1395.9
22720007036000,24,10,14,811.2
22720007037000,1172,583,589,44887.6
22720007038000,2930,1433,1497,117786
22720007039000,3797,2075,1722,138210.8
22720007040000,2981,1443,1538,129077.3
22720007041000,4500,2219,2281,181350
22720007042000,4407,2290,2117,158652
22720007043000,2812,1378,1434,109105.6
22720007044000,531,275,256,19965.6
22720007057000,4,2,2,0
22720007058000,28,14,14,1030.4
22720007059000,9,4,5,314.1
22720007097000,3,2,1,0
22720007103000,2,1,1,0
22720007127000,16,9,7,902.4
22720007128000,26,12,14,1372.8
22720007131000,1,0,1,0
22720007132000,1,1,0,0
22720007137000,4,3,1,0
22720007138000,11,8,3,741.4
22730006545000,4,2,2,0
22730006546000,15,8,7,937.5
22730006547000,5,3,2,325
22730006549000,17,10,7,885.7
22730006550000,25,12,13,1417.5
22730006551000,11,5,6,580.8
22730006552000,5,1,4,146
22730006553000,10,4,6,359
22730006554000,23,13,10,1113.2
22730006562000,6,3,3,244.8
22730006563000,28,16,12,1038.8
22730006564000,14,7,7,616
22730006565000,118,61,57,4873.4
22730006566000,38,17,21,1440.2
22730006567000,261,126,135,11614.5
22730006568000,230,124,106,9269
22730006569000,8,2,6,412
22730006570000,3,1,2,0
22730006571000,16,7,9,585.6
22730006572000,158,78,80,5688
22730006573000,776,395,381,28168.8
22730006574000,651,328,323,23305.8
22730006575000,216,102,114,7884
22730006576000,742,394,348,28121.8
22730006577000,749,395,354,29435.7
22730006578000,88,43,45,3933.6
22730006579000,13,8,5,770.9
22730006580000,11,6,5,364.1
22730006581000,75,43,32,3037.5
22730006582000,25,15,10,1150
22730006583000,220,110,110,9152
22730006586000,6,2,4,187.8
22730006587000,12,7,5,338.4
22730006592000,4,2,2,0
22730006593000,116,60,56,4756
22730006594000,303,144,159,11847.3
22730006595000,69,31,38,2359.8
22730006596000,4,2,2,0
22730006597000,6,2,4,214.8
22730006598000,46,24,22,1858.4
22730006599000,14,8,6,466.2
22730006600000,7,2,5,261.8
22730006602000,8,2,6,310.4
22730006604000,1,1,0,0
22730006605000,9,6,3,383.4
22730006608000,2,1,1,0
22730006609000,9,4,5,171
22730006613000,2,1,1,0
22730006614000,5,3,2,208
22730006615000,24,13,11,883.2
22730006616000,13,7,6,586.3
22730006617000,22,13,9,1009.8
22730006618000,38,21,17,1679.6
22730006619000,17,11,6,683.4
22730006620000,12,6,6,499.2
22730006621000,16,10,6,628.8
22730006622000,19,9,10,803.7
22730006628000,4,2,2,0
22730006629000,4,3,1,0
22730006630000,4,2,2,0
22730006631000,18,12,6,628.2
22730006632000,2,2,0,0
22730006634000,150,80,70,6495
22730006635000,1,1,0,0
22730006646000,7,4,3,357
22730006647000,22,9,13,693
22730006648000,1772,910,862,66627.2
22730006649000,4367,2149,2218,171186.4
22730006650000,3356,1670,1686,150013.2
22730006651000,1569,844,725,58680.6
22730006652000,2691,1417,1274,99567
22730006653000,1573,780,793,67481.7
22730006654000,164,73,91,6428.8
22730006655000,904,458,446,34442.4
22730006656000,1268,644,624,49198.4
22730006657000,182,99,83,7516.6
22730006658000,606,298,308,22906.8
22730006659000,545,280,265,19674.5
22730006660000,32,18,14,1052.8
22730006661000,8,3,5,275.2
22730006662000,2,0,2,0
22730006688000,2,1,1,0
22730006707000,12,6,6,615.6
22730006708000,19,14,5,722
22730006717000,1,1,0,0
22730006728000,16,7,9,582.4
22730006729000,59,32,27,2702.2
22730006730000,76,41,35,2880.4
22730006731000,14,7,7,477.4
22730006732000,37,16,21,1206.2
22730006733000,25,11,14,1155
22730006734000,166,80,86,7353.8
22730006735000,19,11,8,809.4
22730006736000,49,26,23,2415.7
22730006737000,264,131,133,10216.8
22730006738000,392,173,219,18502.4
22730006739000,9,5,4,317.7
22730006740000,4,2,2,0
22730006744000,24,14,10,1096.8
22730006745000,34,20,14,1336.2
22730006746000,54,28,26,2052
22730006747000,76,31,45,3344
22730006748000,148,73,75,6719.2
22730006749000,65,32,33,2418
22730006751000,3,1,2,0
22730006752000,39,20,19,1708.2
22730006753000,26,13,13,1034.8
22730006754000,35,15,20,1438.5
22730006755000,29,17,12,1122.3
22730006756000,14,9,5,652.4
22730006757000,33,15,18,1372.8
22730006758000,67,38,29,2927.9
22730006759000,9,5,4,284.4
22730006760000,68,34,34,2971.6
22730006761000,14,7,7,562.8
22730006763000,8,5,3,462.4
22730006764000,11,6,5,363
22730006765000,6,3,3,241.2
22730006767000,4,3,1,0
22730006768000,2,2,0,0
22730006769000,11,7,4,433.4
22730006770000,32,17,15,1366.4
22730006771000,4,3,1,0
22730006779000,11,5,6,379.5
22730006891000,5,3,2,256
22730006892000,71,35,36,3273.1
22730006893000,16,7,9,768
22730006896000,5,2,3,214
22730006902000,1,1,0,0
22730006903000,12,7,5,667.2
22730006904000,8,4,4,416
22730006905000,11,6,5,419.1
22730006906000,11,5,6,479.6
22730006907000,16,9,7,644.8
22730006908000,8,4,4,420.8
22730006911000,21,13,8,835.8
22730006914000,9,5,4,423.9
22730006915000,10,6,4,412
22730006922000,10,5,5,212
22730006973000,22,13,9,1271.6
22730006974000,8,4,4,371.2
22730006989000,1,1,0,0
22730006990000,5,1,4,189
22730006993000,6,4,2,172.8
22730007021000,30,18,12,936
22730007025000,44,24,20,2094.4
22730007026000,691,333,358,29229.3
22730007027000,1163,591,572,40821.3
22730007028000,58,35,23,1943
22730007029000,54,30,24,2700
22730007030000,46,20,26,1748
22730007031000,41,21,20,1648.2
22730007032000,81,36,45,3385.8
22730007033000,22,14,8,853.6
22730007037000,111,55,56,4195.8
22730007038000,755,395,360,27935
22730007039000,3418,1672,1746,140821.6
22730007040000,791,396,395,30216.2
22730007041000,3035,1491,1544,120186
22730007042000,1717,849,868,70053.6
22730007043000,2224,1098,1126,89627.2
22730007044000,397,184,213,18778.1
22730007059000,26,14,12,1175.2
22730007076000,11,7,4,471.9
22730007097000,10,5,5,390
22730007103000,12,6,6,447.6
22730007124000,7,3,4,228.9
22730007132000,105,55,50,4746
22730007133000,9,4,5,437.4
22730007138000,3,2,1,0
22740006547000,18,11,7,858.6
22740006548000,88,46,42,4681.6
22740006549000,1,1,0,0
22740006552000,15,6,9,901.5
22740006553000,25,15,10,987.5
22740006554000,13,8,5,577.2
22740006555000,2,1,1,0
22740006562000,3,2,1,0
22740006563000,16,9,7,732.8
22740006564000,19,9,10,904.4
22740006565000,27,15,12,1158.3
22740006566000,16,9,7,518.4
22740006567000,311,153,158,11507
22740006568000,8,3,5,328.8
22740006569000,29,17,12,1426.8
22740006570000,413,208,205,15900.5
22740006571000,83,41,42,2938.2
22740006572000,23,13,10,775.1
22740006573000,11,2,9,385
22740006574000,23,10,13,1076.4
22740006575000,83,46,37,2913.3
22740006576000,1719,867,852,63431.1
22740006577000,1667,864,803,64346.2
22740006578000,367,192,175,13946
22740006579000,180,97,83,7524
22740006580000,54,28,26,2916
22740006582000,4,2,2,0
22740006583000,17,7,10,482.8
22740006585000,7,6,1,189
22740006587000,19,11,8,708.7
22740006592000,2,2,0,0
22740006593000,44,20,24,1262.8
22740006594000,30,11,19,1077
22740006596000,37,15,22,1864.8
22740006597000,11,5,6,550
22740006598000,7,4,3,273.7
22740006600000,1,1,0,0
22740006601000,18,8,10,799.2
22740006602000,17,8,9,819.4
22740006603000,1,1,0,0
22740006604000,3,2,1,0
22740006605000,9,4,5,260.1
22740006606000,5,2,3,157
22740006607000,4,1,3,0
22740006608000,4,2,2,0
22740006613000,8,4,4,331.2
22740006614000,3,2,1,0
22740006615000,17,9,8,593.3
22740006616000,8,5,3,232
22740006617000,14,8,6,534.8
22740006618000,54,28,26,1544.4
22740006619000,227,127,100,6787.3
22740006620000,1358,682,676,51468.2
22740006621000,65,29,36,2385.5
22740006622000,10,6,4,271
22740006628000,24,12,12,1053.6
22740006629000,77,44,33,3149.3
22740006630000,43,25,18,1302.9
22740006632000,115,79,36,3990.5
22740006633000,17,12,5,572.9
22740006634000,10,3,7,528
22740006645000,1,1,0,0
22740006646000,41,20,21,1615.4
22740006647000,30,13,17,1128
22740006648000,3036,1508,1528,120225.6
22740006649000,3480,1716,1764,137460
22740006650000,1921,894,1027,84908.2
22740006651000,2896,1489,1407,107731.2
22740006652000,277,145,132,9141
22740006655000,128,78,50,4915.2
22740006656000,24,16,8,904.8
22740006657000,22,10,12,723.8
22740006658000,20,14,6,880
22740006659000,79,44,35,3412.8
22740006660000,3,2,1,0
22740006681000,9,5,4,480.6
22740006682000,10,7,3,387
22740006700000,6,4,2,181.2
22740006709000,1,1,0,0
22740006717000,6,3,3,328.8
22740006726000,13,5,8,416
22740006727000,51,32,19,2096.1
22740006728000,61,30,31,2494.9
22740006729000,55,30,25,2629
22740006730000,2,2,0,0
22740006731000,7,6,1,441
22740006732000,29,15,14,1160
22740006733000,40,20,20,1536
22740006734000,128,67,61,5913.6
22740006735000,38,23,15,1653
22740006736000,57,26,31,2223
22740006737000,403,210,193,17288.7
22740006738000,225,104,121,11632.5
22740006744000,6,5,1,199.8
22740006745000,84,48,36,3444
22740006746000,19,11,8,611.8
22740006747000,79,36,43,3531.3
22740006748000,18,11,7,720
22740006749000,8,5,3,316.8
22740006750000,6,4,2,174
22740006752000,3,1,2,0
22740006753000,25,14,11,1022.5
22740006754000,2,1,1,0
22740006755000,20,12,8,948
22740006756000,31,14,17,1054
22740006757000,87,47,40,3975.9
22740006758000,84,48,36,3301.2
22740006759000,14,6,8,529.2
22740006760000,17,12,5,642.6
22740006761000,19,12,7,720.1
22740006762000,13,6,7,604.5
22740006763000,9,5,4,302.4
22740006764000,3,2,1,0
22740006767000,14,7,7,499.8
22740006768000,9,5,4,360.9
22740006769000,2,1,1,0
22740006770000,14,8,6,575.4
22740006778000,9,5,4,476.1
22740006854000,2,1,1,0
22740006890000,8,5,3,356.8
22740006891000,34,19,15,1778.2
22740006892000,5,2,3,312
22740006897000,8,4,4,448
22740006904000,6,3,3,223.2
22740006905000,11,5,6,377.3
22740006906000,65,34,31,1989
22740006907000,1,1,0,0
22740006909000,5,2,3,277
22740006910000,68,31,37,2597.6
22740006911000,74,40,34,3152.4
22740006912000,22,11,11,939.4
22740006913000,14,6,8,681.8
22740006914000,2,1,1,0
22740006922000,9,4,5,583.2
22740006923000,7,4,3,338.1
22740006973000,6,4,2,247.8
22740006990000,19,11,8,864.5
22740006991000,2,2,0,0
22740006992000,9,5,4,572.4
22740007021000,14,8,6,719.6
22740007022000,139,74,65,4809.4
22740007026000,145,82,63,7612.5
22740007027000,29,14,15,1267.3
22740007028000,24,14,10,1200
22740007029000,13,7,6,431.6
22740007030000,70,27,43,2632
22740007031000,14,7,7,621.6
22740007032000,323,145,178,9754.6
22740007033000,48,22,26,1756.8
22740007034000,27,13,14,1139.4
22740007038000,356,184,172,12673.6
22740007039000,2520,1281,1239,91728
22740007040000,2177,1093,1084,84249.9
22740007041000,411,202,209,16440
22740007042000,18,11,7,687.6
22740007043000,8,4,4,336
22740007059000,5,1,4,173
22740007060000,2,1,1,0
22740007077000,20,10,10,674
22740007095000,2,2,0,0
22740007096000,7,4,3,422.1
22740007097000,8,5,3,348.8
22740007098000,1,1,0,0
22740007102000,17,10,7,516.8
22740007103000,86,54,32,3388.4
22740007107000,3,1,2,0
22740007124000,21,11,10,825.3
22740007125000,4,2,2,0
22740007127000,2,1,1,0
22740007133000,39,21,18,1606.8
22740007134000,3,2,1,0
22750006549000,3,2,1,0
22750006550000,1,1,0,0
22750006553000,6,3,3,345
22750006554000,16,8,8,681.6
22750006555000,5,2,3,369
22750006564000,7,5,2,259.7
22750006565000,4,3,1,0
22750006566000,62,28,34,2473.8
22750006567000,200,105,95,8400
22750006568000,4,3,1,0
22750006569000,5,3,2,183
22750006570000,212,105,107,7928.8
22750006571000,58,26,32,2314.2
22750006572000,14,9,5,481.6
22750006573000,2,1,1,0
22750006574000,33,14,19,1247.4
22750006575000,147,77,70,6394.5
22750006576000,1301,656,645,48397.2
22750006577000,2007,969,1038,89311.5
22750006578000,1561,790,771,61971.7
22750006579000,906,458,448,33793.8
22750006580000,257,124,133,9226.3
22750006583000,4,1,3,0
22750006584000,5,3,2,293
22750006586000,9,4,5,371.7
22750006587000,6,3,3,253.8
22750006593000,32,15,17,1289.6
22750006594000,12,7,5,435.6
22750006595000,2,2,0,0
22750006597000,2,0,2,0
22750006604000,4,2,2,0
22750006607000,7,5,2,371.7
22750006608000,10,7,3,535
22750006609000,5,3,2,173
22750006610000,7,5,2,154
22750006611000,4,3,1,0
22750006612000,5,2,3,178
22750006613000,5,2,3,245
22750006615000,160,71,89,7952
22750006616000,604,306,298,21019.2
22750006617000,69,35,34,2014.8
22750006618000,19,13,6,704.9
22750006619000,43,22,21,1586.7
22750006620000,107,54,53,4290.7
22750006621000,207,114,93,8942.4
22750006622000,7,3,4,301.7
22750006627000,9,4,5,335.7
22750006628000,127,58,69,5016.5
22750006629000,342,178,164,12996
22750006630000,189,107,82,7654.5
22750006631000,47,23,24,1950.5
22750006633000,5,2,3,183
22750006635000,5,2,3,100
22750006637000,1,0,1,0
22750006644000,11,4,7,402.6
22750006645000,15,9,6,744
22750006646000,19,10,9,779
22750006647000,12,5,7,561.6
22750006648000,241,121,120,9615.9
22750006649000,309,157,152,12761.7
22750006650000,244,128,116,8906
22750006651000,2501,1287,1214,94287.7
22750006652000,1693,881,812,62641
22750006653000,843,407,436,32034
22750006654000,78,41,37,3127.8
22750006655000,97,60,37,3899.4
22750006656000,33,21,12,1191.3
22750006657000,9,5,4,483.3
22750006658000,4,3,1,0
22750006659000,65,36,29,2626
22750006660000,56,36,20,2475.2
22750006680000,76,40,36,2508
22750006681000,209,126,83,8025.6
22750006682000,25,11,14,1090
22750006699000,19,12,7,733.4
22750006700000,9,7,2,183.6
22750006705000,7,4,3,347.2
22750006706000,1,1,0,0
22750006726000,15,10,5,669
22750006727000,87,47,40,3375.6
22750006728000,154,76,78,6083
22750006729000,45,27,18,1647
22750006730000,9,4,5,554.4
22750006731000,25,11,14,990
22750006732000,85,40,45,3833.5
22750006733000,74,37,37,2878.6
22750006734000,45,24,21,1701
22750006735000,115,55,60,5094.5
22750006736000,49,22,27,2062.9
22750006737000,354,174,180,15469.8
22750006744000,14,7,7,809.2
22750006745000,44,22,22,2134
22750006746000,91,51,40,3294.2
22750006747000,196,102,94,7134.4
22750006748000,40,20,20,1540
22750006749000,28,17,11,1327.2
22750006750000,23,12,11,917.7
22750006751000,9,5,4,322.2
22750006753000,28,14,14,1038.8
22750006754000,26,15,11,1008.8
22750006755000,36,23,13,1404
22750006756000,28,12,16,1212.4
22750006757000,16,9,7,636.8
22750006758000,116,63,53,4744.4
22750006759000,29,18,11,1157.1
22750006760000,73,38,35,3095.2
22750006761000,5,3,2,356
22750006762000,13,5,8,464.1
22750006767000,5,3,2,257
22750006770000,8,5,3,472.8
22750006771000,8,5,3,291.2
22750006777000,3,1,2,0
22750006778000,6,3,3,325.2
22750006852000,2,1,1,0
22750006853000,1,1,0,0
22750006888000,5,3,2,285
22750006889000,15,8,7,568.5
22750006890000,13,6,7,429
22750006907000,5,3,2,197
22750006908000,1,1,0,0
22750006909000,11,5,6,403.7
22750006910000,66,34,32,2343
22750006911000,25,10,15,1190
22750006921000,5,3,2,259
22750006922000,12,7,5,307.2
22750006923000,18,9,9,626.4
22750006989000,29,16,13,1160
22750006990000,42,21,21,1797.6
22750006991000,18,7,11,901.8
22750006992000,5,3,2,158
22750006993000,1,1,0,0
22750007022000,27,13,14,880.2
22750007023000,25,14,11,990
22750007029000,70,31,39,2814
22750007030000,10,4,6,402
22750007031000,20,9,11,610
22750007032000,41,21,20,1840.9
22750007033000,18,10,8,970.2
22750007034000,63,29,34,2652.3
22750007035000,11,5,6,590.7
22750007036000,63,38,25,2268
22750007037000,59,32,27,1911.6
22750007038000,457,238,219,15720.8
22750007039000,634,323,311,21873
22750007040000,2932,1469,1463,109656.8
22750007041000,3079,1547,1532,111459.8
22750007042000,865,407,458,34513.5
22750007077000,9,6,3,327.6
22750007078000,5,2,3,318
22750007095000,24,11,13,984
22750007096000,13,5,8,466.7
22750007097000,7,3,4,268.1
22750007102000,39,22,17,1665.3
22750007103000,43,20,23,1870.5
22750007108000,6,4,2,265.2
22750007124000,24,11,13,1236
22750007127000,17,6,11,455.6
22750007133000,3,2,1,0
22750007134000,17,8,9,831.3
22750007135000,3,2,1,0
22750007136000,1,1,0,0
22760006548000,1,0,1,0
22760006549000,5,3,2,309
22760006551000,3,2,1,0
22760006564000,8,4,4,352
22760006565000,41,24,17,1775.3
22760006566000,29,14,15,1226.7
22760006567000,3,1,2,0
22760006568000,30,18,12,1122
22760006569000,21,8,13,693
22760006570000,412,230,182,16438.8
22760006571000,39,21,18,1427.4
22760006572000,25,13,12,962.5
22760006573000,23,10,13,972.9
22760006574000,29,17,12,1177.4
22760006575000,31,14,17,1426
22760006576000,707,349,358,26088.3
22760006577000,336,173,163,13171.2
22760006578000,284,151,133,11274.8
22760006579000,235,100,135,12314
22760006580000,22,11,11,499.4
22760006584000,8,4,4,272
22760006585000,41,21,20,1586.7
22760006586000,1,0,1,0
22760006592000,3,2,1,0
22760006593000,21,11,10,686.7
22760006594000,10,5,5,432
22760006595000,4,2,2,0
22760006597000,11,7,4,610.5
22760006600000,2,2,0,0
22760006601000,1,1,0,0
22760006603000,9,5,4,548.1
22760006609000,41,26,15,1672.8
22760006610000,27,14,13,1217.7
22760006611000,7,3,4,356.3
22760006613000,16,9,7,763.2
22760006614000,19,10,9,625.1
22760006615000,298,160,138,11830.6
22760006616000,550,270,280,22165
22760006618000,7,3,4,368.9
22760006619000,2,1,1,0
22760006620000,10,5,5,526
22760006621000,31,18,13,1388.8
22760006622000,62,34,28,2523.4
22760006623000,22,12,10,816.2
22760006624000,2,0,2,0
22760006626000,1,1,0,0
22760006627000,12,9,3,459.6
22760006628000,723,368,355,28197
22760006629000,389,194,195,13459.4
22760006630000,3,3,0,0
22760006648000,5,2,3,210
22760006649000,80,44,36,3864
22760006650000,1158,561,597,41224.8
22760006651000,3210,1610,1600,112671
22760006652000,2002,1016,986,80880.8
22760006653000,2546,1280,1266,90892.2
22760006654000,3288,1648,1640,121656
22760006655000,856,420,436,30730.4
22760006656000,11,5,6,434.5
22760006657000,41,24,17,1902.4
22760006658000,43,22,21,1728.6
22760006659000,112,58,54,4401.6
22760006660000,18,11,7,822.6
22760006667000,142,71,71,4345.2
22760006668000,4,1,3,0
22760006678000,4,3,1,0
22760006679000,91,49,42,3458
22760006680000,26,12,14,1190.8
22760006681000,28,13,15,1156.4
22760006682000,74,37,37,2937.8
22760006713000,6,3,3,213
22760006714000,1,0,1,0
22760006727000,43,24,19,1874.8
22760006728000,193,99,94,6812.9
22760006729000,34,19,15,1594.6
22760006730000,9,5,4,456.3
22760006732000,57,35,22,2519.4
22760006733000,142,67,75,5424.4
22760006734000,45,26,19,1863
22760006735000,179,90,89,6945.2
22760006736000,59,32,27,2601.9
22760006743000,5,3,2,329
22760006744000,24,12,12,691.2
22760006745000,72,40,32,2527.2
22760006746000,26,12,14,1040
22760006747000,26,15,11,998.4
22760006748000,20,10,10,856
22760006749000,65,36,29,2743
22760006750000,46,32,14,1826.2
22760006751000,15,7,8,619.5
22760006752000,12,8,4,333.6
22760006753000,3,2,1,0
22760006754000,35,16,19,1225
22760006755000,28,18,10,938
22760006756000,19,7,12,849.3
22760006757000,22,13,9,803
22760006758000,181,96,85,6335
22760006759000,63,28,35,2041.2
22760006760000,27,17,10,1007.1
22760006761000,70,33,37,3234
22760006763000,37,16,21,1472.6
22760006764000,7,3,4,217.7
22760006765000,8,5,3,252
22760006766000,17,8,9,593.3
22760006771000,14,7,7,712.6
22760006852000,6,3,3,273
22760006886000,9,6,3,361.8
22760006887000,9,3,6,279.9
22760006910000,7,3,4,347.9
22760006911000,21,9,12,879.9
22760006967000,1,1,0,0
22760006970000,2,1,1,0
22760006987000,6,4,2,205.2
22760006988000,5,3,2,272
22760006989000,17,9,8,673.2
22760006993000,2,1,1,0
22760006995000,1,1,0,0
22760007023000,17,10,7,780.3
22760007031000,6,3,3,205.8
22760007033000,2,1,1,0
22760007034000,20,10,10,830
22760007035000,36,19,17,1260
22760007036000,2,1,1,0
22760007037000,133,71,62,5971.7
22760007038000,84,42,42,3024
22760007039000,784,389,395,24852.8
22760007040000,1719,846,873,63087.3
22760007041000,2032,1044,988,77622.4
22760007078000,6,3,3,316.8
22760007087000,3,2,1,0
22760007095000,2,1,1,0
22760007096000,19,11,8,657.4
22760007103000,84,39,45,2797.2
22760007104000,3,1,2,0
22760007109000,4,1,3,0
22760007126000,4,3,1,0
22760007127000,24,11,13,1226.4
22760007140000,2,1,1,0
22770006566000,4,2,2,0
22770006567000,55,32,23,2035
22770006568000,23,12,11,1104
22770006569000,61,29,32,2842.6
22770006570000,50,28,22,1865
22770006571000,16,10,6,756.8
22770006572000,10,6,4,562
22770006573000,26,15,11,855.4
22770006574000,380,192,188,14934
22770006575000,370,202,168,13838
22770006576000,891,462,429,33412.5
22770006577000,2093,1040,1053,82882.8
22770006578000,2429,1198,1231,90844.6
22770006579000,1424,672,752,57672
22770006580000,129,66,63,5121.3
22770006582000,10,7,3,339
22770006583000,25,12,13,1055
22770006584000,9,3,6,496.8
22770006586000,15,7,8,595.5
22770006587000,12,8,4,495.6
22770006588000,1,1,0,0
22770006592000,6,3,3,259.2
22770006593000,12,6,6,432
22770006594000,19,12,7,680.2
22770006595000,2,2,0,0
22770006597000,1,1,0,0
22770006602000,5,3,2,196
22770006603000,7,4,3,196.7
22770006608000,5,3,2,301
22770006609000,12,7,5,589.2
22770006610000,6,2,4,223.8
22770006611000,45,26,19,1548
22770006612000,8,3,5,352
22770006613000,5,4,1,168
22770006614000,2,1,1,0
22770006615000,303,148,155,10423.2
22770006616000,6,2,4,222
22770006617000,4,0,4,0
22770006618000,6,4,2,262.8
22770006619000,19,12,7,722
22770006621000,7,4,3,196.7
22770006622000,44,25,19,1474
22770006623000,28,15,13,1296.4
22770006624000,19,12,7,1024.1
22770006625000,12,5,7,544.8
22770006626000,4,1,3,0
22770006627000,1054,532,522,44900.4
22770006628000,523,271,252,21756.8
22770006629000,11,7,4,426.8
22770006635000,5,2,3,264
22770006649000,6,3,3,388.2
22770006650000,1801,921,880,74201.2
22770006651000,2970,1487,1483,113454
22770006652000,4643,2277,2366,188041.5
22770006653000,2837,1469,1368,104117.9
22770006654000,1254,588,666,51414
22770006655000,149,80,69,6198.4
22770006656000,392,211,181,14543.2
22770006657000,579,280,299,22002
22770006658000,173,71,102,6158.8
22770006659000,149,77,72,5185.2
22770006665000,45,25,20,1818
22770006666000,1157,601,556,43618.9
22770006667000,912,490,422,32284.8
22770006668000,223,116,107,7269.8
22770006669000,25,12,13,837.5
22770006670000,22,13,9,673.2
22770006675000,71,35,36,2428.2
22770006676000,200,110,90,6380
22770006677000,456,236,220,16005.6
22770006678000,192,105,87,7449.6
22770006679000,86,53,33,3371.2
22770006681000,2,2,0,0
22770006682000,7,4,3,221.2
22770006683000,13,8,5,650
22770006684000,17,10,7,853.4
22770006685000,10,6,4,509
22770006686000,29,16,13,1287.6
22770006687000,76,32,44,2546
22770006688000,15,9,6,529.5
22770006705000,19,11,8,879.7
22770006712000,9,5,4,270.9
22770006725000,2,1,1,0
22770006726000,19,12,7,623.2
22770006727000,41,19,22,1812.2
22770006728000,41,21,20,1713.8
22770006729000,116,60,56,5196.8
22770006730000,371,182,189,17845.1
22770006731000,331,147,184,15987.3
22770006732000,260,131,129,11414
22770006733000,35,18,17,1477
22770006734000,18,10,8,640.8
22770006735000,9,3,6,461.7
22770006740000,2,1,1,0
22770006742000,5,3,2,176
22770006743000,36,15,21,1893.6
22770006744000,7,4,3,359.8
22770006745000,32,19,13,908.8
22770006746000,32,18,14,1177.6
22770006747000,2,1,1,0
22770006748000,39,14,25,1696.5
22770006749000,61,31,30,2757.2
22770006750000,49,27,22,2263.8
22770006751000,12,4,8,362.4
22770006752000,2,1,1,0
22770006753000,9,3,6,317.7
22770006754000,10,6,4,526
22770006755000,60,30,30,2166
22770006756000,59,27,32,2106.3
22770006757000,138,72,66,5092.2
22770006758000,17,9,8,836.4
22770006760000,108,55,53,4924.8
22770006761000,80,43,37,2648
22770006762000,42,27,15,1759.8
22770006763000,26,13,13,767
22770006764000,16,7,9,620.8
22770006765000,8,4,4,296
22770006766000,22,12,10,704
22770006767000,24,13,11,916.8
22770006785000,1,1,0,0
22770006851000,1,0,1,0
22770006852000,3,1,2,0
22770006885000,7,3,4,307.3
22770006886000,1,1,0,0
22770006905000,1,1,0,0
22770006910000,1,0,1,0
22770006911000,32,15,17,1296
22770006912000,31,16,15,1472.5
22770006913000,5,3,2,192
22770006918000,10,5,5,208
22770006919000,2,0,2,0
22770006967000,1,0,1,0
22770006987000,31,13,18,930
22770006988000,4,2,2,0
22770007023000,1,1,0,0
22770007031000,7,5,2,382.2
22770007033000,3,3,0,0
22770007034000,17,10,7,426.7
22770007035000,15,7,8,397.5
22770007036000,33,17,16,1438.8
22770007037000,40,24,16,1612
22770007038000,128,59,69,3904
22770007039000,1457,716,741,47352.5
22770007040000,1410,715,695,50760
22770007041000,608,310,298,22070.4
22770007062000,2,1,1,0
22770007079000,14,6,8,540.4
22770007103000,27,13,14,1104.3
22770007104000,8,4,4,492.8
22770007110000,7,4,3,455.7
22770007111000,1,1,0,0
22770007112000,6,3,3,195
22770007126000,31,15,16,1193.5
22770007135000,3,3,0,0
22770007136000,3,1,2,0
22770007141000,1,1,0,0
22780006558000,1,1,0,0
22780006561000,6,3,3,234
22780006562000,18,9,9,1101.6
22780006563000,49,30,19,2190.3
22780006564000,13,8,5,538.2
22780006565000,12,7,5,481.2
22780006566000,11,6,5,335.5
22780006567000,5,3,2,88
22780006568000,3,1,2,0
22780006569000,26,11,15,1086.8
22780006570000,16,6,10,699.2
22780006573000,6,3,3,438
22780006574000,62,35,27,2343.6
22780006575000,272,139,133,9574.4
22780006576000,2,2,0,0
22780006577000,2043,1048,995,88461.9
22780006578000,3285,1547,1738,165235.5
22780006579000,2593,1219,1374,110202.5
22780006580000,1199,574,625,53475.4
22780006582000,6,2,4,411
22780006583000,9,3,6,361.8
22780006584000,12,6,6,595.2
22780006587000,5,4,1,134
22780006588000,1,1,0,0
22780006589000,5,2,3,202
22780006590000,6,3,3,430.8
22780006594000,28,15,13,1044.4
22780006595000,16,8,8,838.4
22780006600000,6,4,2,363
22780006601000,18,9,9,552.6
22780006602000,41,20,21,1508.8
22780006603000,2,1,1,0
22780006607000,19,9,10,689.7
22780006608000,22,11,11,968
22780006609000,59,36,23,2430.8
22780006610000,4,3,1,0
22780006611000,34,17,17,1047.2
22780006612000,3,1,2,0
22780006613000,867,454,413,29478
22780006614000,487,237,250,19333.9
22780006615000,1076,512,564,47344
22780006616000,6,5,1,124.2
22780006617000,4,3,1,0
22780006618000,3,1,2,0
22780006619000,18,11,7,658.8
22780006620000,12,8,4,452.4
22780006622000,22,13,9,1181.4
22780006625000,1,1,0,0
22780006626000,37,22,15,1224.7
22780006627000,541,256,285,18556.3
22780006628000,306,146,160,9792
22780006629000,20,12,8,794
22780006650000,3089,1521,1568,125104.5
22780006651000,865,405,460,36503
22780006652000,1856,942,914,72569.6
22780006653000,2432,1220,1212,98739.2
22780006654000,341,158,183,14049.2
22780006655000,787,408,379,24318.3
22780006656000,1978,977,1001,67845.4
22780006657000,1789,886,903,59931.5
22780006658000,2250,1093,1157,98550
22780006659000,1670,857,813,64796
22780006660000,51,27,24,1973.7
22780006661000,9,4,5,419.4
22780006663000,7,4,3,387.1
22780006665000,650,309,341,21905
22780006666000,461,246,215,16365.5
22780006667000,44,26,18,1689.6
22780006668000,37,20,17,1383.8
22780006669000,93,48,45,3943.2
22780006670000,11,7,4,290.4
22780006671000,9,5,4,200.7
22780006672000,255,131,124,7599
22780006673000,600,289,311,18840
22780006674000,64,36,28,2310.4
22780006675000,62,36,26,2529.6
22780006676000,14,6,8,484.4
22780006677000,22,13,9,789.8
22780006678000,11,6,5,389.4
22780006679000,24,16,8,828
22780006680000,79,43,36,2812.4
22780006681000,78,42,36,3081
22780006682000,15,8,7,387
22780006683000,3,2,1,0
22780006684000,30,17,13,1311
22780006685000,59,28,31,2407.2
22780006686000,30,15,15,1035
22780006687000,91,46,45,3585.4
22780006688000,75,42,33,3277.5
22780006698000,9,6,3,406.8
22780006704000,8,4,4,368
22780006705000,19,9,10,868.3
22780006707000,16,7,9,606.4
22780006712000,9,6,3,442.8
22780006713000,1,1,0,0
22780006715000,1,1,0,0
22780006721000,2,1,1,0
22780006728000,17,7,10,503.2
22780006729000,57,30,27,2975.4
22780006730000,170,71,99,9350
22780006731000,19,11,8,784.7
22780006732000,50,29,21,1650
22780006733000,22,11,11,1188
22780006734000,16,9,7,742.4
22780006740000,25,12,13,1270
22780006741000,82,45,37,3386.6
22780006743000,179,90,89,9862.9
22780006744000,100,51,49,3700
22780006745000,50,23,27,1930
22780006746000,31,15,16,1156.3
22780006747000,12,7,5,457.2
22780006748000,12,7,5,385.2
22780006749000,24,12,12,945.6
22780006750000,43,23,20,1573.8
22780006751000,5,2,3,237
22780006754000,4,2,2,0
22780006756000,63,26,37,2677.5
22780006757000,373,192,181,14882.7
22780006758000,38,21,17,2006.4
22780006759000,37,16,21,1591
22780006760000,196,104,92,7546
22780006761000,51,24,27,1795.2
22780006762000,46,23,23,1550.2
22780006763000,6,2,4,117
22780006765000,6,3,3,361.8
22780006884000,10,5,5,461
22780006885000,10,7,3,445
22780006906000,2,1,1,0
22780006909000,22,11,11,1038.4
22780006910000,49,24,25,2121.7
22780006911000,55,31,24,2194.5
22780006912000,27,14,13,1004.4
22780006913000,114,67,47,3819
22780006914000,28,15,13,1313.2
22780006915000,32,15,17,1315.2
22780006916000,21,12,9,774.9
22780006917000,17,7,10,462.4
22780006983000,1,0,1,0
22780006986000,5,3,2,209
22780006987000,42,21,21,1843.8
22780006988000,11,4,7,410.3
22780007030000,3,2,1,0
22780007031000,27,13,14,1090.8
22780007036000,23,12,11,825.7
22780007037000,17,9,8,591.6
22780007038000,21,11,10,997.5
22780007039000,452,233,219,16136.4
22780007040000,219,117,102,8606.7
22780007041000,208,93,115,7696
22780007062000,12,6,6,634.8
22780007063000,4,2,2,0
22780007070000,7,5,2,268.8
22780007103000,18,9,9,712.8
22780007104000,10,7,3,492
22780007111000,3,2,1,0
22780007123000,3,1,2,0
22780007124000,7,4,3,270.2
22780007125000,6,4,2,180
22780007135000,6,2,4,331.8
22780007137000,2,2,0,0
22790006562000,30,13,17,1323
22790006563000,32,15,17,1513.6
22790006564000,144,74,70,6422.4
22790006565000,34,16,18,1397.4
22790006566000,2,2,0,0
22790006567000,24,12,12,1044
22790006568000,40,20,20,1488
22790006569000,33,14,19,1270.5
22790006571000,4,2,2,0
22790006572000,2,1,1,0
22790006573000,21,12,9,945
22790006574000,118,68,50,4590.2
22790006575000,1019,522,497,39027.7
22790006576000,218,105,113,8850.8
22790006577000,939,496,443,36245.4
22790006578000,596,315,281,21992.4
22790006579000,888,415,473,35608.8
22790006580000,716,362,354,30286.8
22790006581000,454,230,224,15299.8
22790006582000,15,9,6,585
22790006583000,12,7,5,606
22790006584000,13,7,6,583.7
22790006585000,6,4,2,303
22790006589000,12,8,4,564
22790006590000,1,1,0,0
22790006592000,4,2,2,0
22790006593000,12,7,5,444
22790006594000,12,7,5,367.2
22790006595000,44,22,22,1949.2
22790006598000,8,3,5,328.8
22790006599000,8,6,2,466.4
22790006600000,38,20,18,1428.8
22790006601000,34,20,14,1530
22790006602000,34,20,14,1081.2
22790006603000,3,1,2,0
22790006604000,7,3,4,160.3
22790006606000,21,13,8,741.3
22790006607000,14,8,6,666.4
22790006608000,46,23,23,1757.2
22790006609000,10,5,5,458
22790006610000,2,1,1,0
22790006611000,18,7,11,876.6
22790006612000,25,14,11,1100
22790006613000,14,9,5,478.8
22790006614000,322,162,160,13974.8
22790006615000,1308,632,676,56374.8
22790006616000,20,9,11,758
22790006617000,16,7,9,822.4
22790006618000,15,7,8,721.5
22790006619000,7,4,3,245
22790006622000,20,12,8,882
22790006623000,2,1,1,0
22790006625000,10,5,5,512
22790006626000,34,15,19,1390.6
22790006627000,125,61,64,5025
22790006628000,13,7,6,517.4
22790006649000,115,65,50,4174.5
22790006650000,970,466,504,36957
22790006651000,2050,1058,992,77080
22790006652000,2309,1153,1156,102288.7
22790006653000,4894,2451,2443,222187.6
22790006654000,1147,609,538,49206.3
22790006655000,833,423,410,27655.6
22790006656000,1380,720,660,46506
22790006657000,193,114,79,7507.7
22790006658000,705,371,334,26508
22790006659000,1901,946,955,75849.9
22790006660000,559,275,284,19397.3
22790006661000,40,21,19,1692
22790006662000,22,12,10,825
22790006663000,66,34,32,2290.2
22790006664000,40,20,20,1672
22790006665000,1009,473,536,49441
22790006666000,432,238,194,18489.6
22790006667000,88,46,42,3616.8
22790006668000,44,20,24,1773.2
22790006669000,66,33,33,2013
22790006670000,83,45,38,3743.3
22790006671000,36,19,17,1566
22790006672000,237,123,114,8342.4
22790006673000,218,102,116,7782.6
22790006674000,19,10,9,879.7
22790006675000,77,48,29,2718.1
22790006676000,11,6,5,548.9
22790006677000,30,14,16,1197
22790006679000,59,32,27,2371.8
22790006680000,19,9,10,967.1
22790006681000,48,27,21,2011.2
22790006682000,894,421,473,41928.6
22790006683000,906,470,436,31619.4
22790006684000,111,71,40,4551
22790006685000,278,140,138,9507.6
22790006686000,104,53,51,3785.6
22790006687000,67,32,35,2773.8
22790006688000,5,3,2,236
22790006696000,64,26,38,2886.4
22790006697000,87,52,35,3941.1
22790006698000,90,45,45,2979
22790006699000,29,16,13,1003.4
22790006705000,7,3,4,258.3
22790006712000,9,4,5,353.7
22790006713000,20,10,10,614
22790006728000,3,1,2,0
22790006729000,109,53,56,4785.1
22790006730000,171,87,84,7353
22790006731000,19,8,11,845.5
22790006732000,8,6,2,388.8
22790006733000,8,4,4,382.4
22790006739000,37,17,20,1783.4
22790006740000,14,7,7,712.6
22790006741000,56,26,30,2508.8
22790006742000,54,35,19,3148.2
22790006743000,33,16,17,1181.4
22790006744000,125,66,59,4375
22790006745000,33,17,16,1415.7
22790006746000,10,7,3,474
22790006748000,2,0,2,0
22790006749000,11,6,5,374
22790006753000,5,3,2,226
22790006754000,21,12,9,856.8
22790006755000,184,82,102,8280
22790006756000,752,352,400,35268.8
22790006757000,1646,799,847,73576.2
22790006758000,875,436,439,38150
22790006759000,211,112,99,8355.6
22790006760000,40,18,22,1496
22790006761000,30,15,15,1269
22790006762000,7,3,4,249.9
22790006766000,1,1,0,0
22790006837000,1,1,0,0
22790006850000,11,6,5,596.2
22790006851000,63,40,23,3723.3
22790006884000,40,22,18,1548
22790006910000,9,3,6,336.6
22790006911000,203,98,105,7490.7
22790006912000,55,28,27,1903
22790006913000,51,33,18,2111.4
22790006914000,65,26,39,2619.5
22790006915000,24,13,11,1156.8
22790006916000,1,1,0,0
22790006984000,10,5,5,434
22790006985000,24,13,11,907.2
22790006986000,71,36,35,3166.6
22790007031000,2,1,1,0
22790007036000,33,17,16,1270.5
22790007037000,11,7,4,564.3
22790007038000,19,13,6,678.3
22790007040000,18,10,8,811.8
22790007041000,822,403,419,31729.2
22790007042000,38,21,17,1345.2
22790007069000,9,4,5,361.8
22790007080000,2,1,1,0
22790007104000,2,1,1,0
22790007123000,3,1,2,0
22790007124000,1,1,0,0
22790007136000,4,2,2,0
22790007137000,5,3,2,241
22800006562000,10,6,4,478
22800006563000,1,0,1,0
22800006564000,37,21,16,1679.8
22800006565000,151,74,77,6402.4
22800006566000,105,53,52,4326
22800006567000,16,9,7,750.4
22800006568000,23,10,13,864.8
22800006569000,60,34,26,2700
22800006570000,15,7,8,862.5
22800006571000,5,3,2,364
22800006572000,32,21,11,1251.2
22800006573000,36,22,14,1562.4
22800006574000,95,56,39,3695.5
22800006575000,585,267,318,25564.5
22800006576000,1662,848,814,61992.6
22800006577000,323,155,168,13178.4
22800006578000,1056,525,531,43718.4
22800006579000,1134,576,558,45927
22800006580000,133,64,69,5253.5
22800006581000,8,5,3,438.4
22800006582000,23,13,10,1076.4
22800006583000,20,13,7,748
22800006584000,35,23,12,1288
22800006585000,27,15,12,1358.1
22800006586000,3,1,2,0
22800006588000,9,6,3,226.8
22800006589000,8,4,4,407.2
22800006590000,14,8,6,483
22800006592000,1,0,1,0
22800006593000,5,3,2,208
22800006595000,4,2,2,0
22800006596000,18,10,8,781.2
22800006597000,2,2,0,0
22800006598000,9,6,3,423
22800006599000,7,4,3,189.7
22800006600000,16,10,6,553.6
22800006601000,5,1,4,190
22800006602000,3,2,1,0
22800006603000,46,21,25,1688.2
22800006604000,29,15,14,1151.3
22800006605000,11,6,5,491.7
22800006606000,24,13,11,1044
22800006607000,17,9,8,579.7
22800006608000,2,1,1,0
22800006609000,5,2,3,176
22800006610000,21,11,10,869.4
22800006611000,229,123,106,8404.3
22800006612000,332,180,152,12250.8
22800006613000,58,32,26,2296.8
22800006614000,26,12,14,936
22800006615000,18,9,9,817.2
22800006616000,16,8,8,496
22800006617000,22,12,10,732.6
22800006618000,24,14,10,832.8
22800006619000,43,23,20,1578.1
22800006620000,30,18,12,1029
22800006621000,9,5,4,322.2
22800006622000,13,5,8,600.6
22800006623000,6,3,3,148.8
22800006625000,25,15,10,980
22800006626000,40,20,20,1732
22800006627000,50,28,22,1955
22800006628000,6,3,3,268.2
22800006643000,66,35,31,2204.4
22800006644000,41,19,22,1373.5
22800006648000,180,92,88,6210
22800006649000,492,254,238,22090.8
22800006650000,2115,1085,1030,77409
22800006651000,47,24,23,2129.1
22800006652000,2186,1119,1067,79789
22800006653000,2229,1105,1124,86708.1
22800006654000,521,261,260,19381.2
22800006655000,38,17,21,1789.8
22800006656000,28,19,9,1108.8
22800006657000,32,18,14,1222.4
22800006658000,6,4,2,226.8
22800006659000,123,66,57,4231.2
22800006660000,1339,683,656,46195.5
22800006661000,399,197,202,11132.1
22800006662000,51,30,21,2116.5
22800006663000,100,49,51,3700
22800006664000,4,2,2,0
22800006665000,10,4,6,390
22800006666000,51,25,26,2034.9
22800006668000,23,13,10,1032.7
22800006669000,125,64,61,4450
22800006670000,97,47,50,4190.4
22800006671000,5,4,1,122
22800006673000,547,274,273,20676.6
22800006674000,107,54,53,4280
22800006675000,30,17,13,1203
22800006676000,18,12,6,639
22800006677000,49,24,25,1450.4
22800006678000,5,4,1,222
22800006679000,12,8,4,570
22800006680000,48,24,24,1963.2
22800006681000,15,8,7,601.5
22800006682000,500,267,233,19600
22800006683000,572,289,283,22022
22800006685000,328,165,163,11053.6
22800006686000,934,440,494,36332.6
22800006687000,835,435,400,30394
22800006688000,13,9,4,423.8
22800006690000,2,2,0,0
22800006695000,78,41,37,3338.4
22800006696000,82,41,41,3673.6
22800006698000,5,3,2,210
22800006699000,4,1,3,0
22800006700000,12,6,6,699.6
22800006704000,13,7,6,490.1
22800006711000,53,26,27,2485.7
22800006712000,74,42,32,3174.6
22800006713000,2,1,1,0
22800006728000,42,21,21,1184.4
22800006729000,156,85,71,6224.4
22800006730000,86,43,43,3663.6
22800006731000,15,8,7,541.5
22800006738000,16,7,9,502.4
22800006739000,30,16,14,1305
22800006740000,22,11,11,811.8
22800006741000,35,17,18,1694
22800006744000,7,4,3,373.1
22800006745000,16,8,8,569.6
22800006746000,3,1,2,0
22800006747000,4,3,1,0
22800006751000,7,4,3,139.3
22800006752000,4,2,2,0
22800006753000,22,13,9,1199
22800006754000,305,149,156,11895
22800006755000,1506,728,778,61595.4
22800006756000,1027,484,543,51966.2
22800006757000,914,424,490,42044
22800006758000,1338,658,680,50175
22800006759000,225,123,102,7065
22800006760000,9,4,5,486
22800006761000,10,5,5,525
22800006762000,4,2,2,0
22800006764000,3,2,1,0
22800006767000,8,6,2,310.4
22800006849000,11,7,4,616
22800006850000,9,4,5,464.4
22800006851000,13,7,6,830.7
22800006883000,9,3,6,383.4
22800006884000,6,2,4,252
22800006893000,12,8,4,393.6
22800006894000,13,7,6,561.6
22800006895000,44,22,22,1518
22800006896000,55,26,29,2040.5
22800006897000,15,10,5,579
22800006898000,4,3,1,0
22800006904000,8,3,5,436
22800006910000,584,277,307,23360
22800006911000,252,112,140,12272.4
22800006912000,118,58,60,6501.8
22800006913000,96,42,54,4444.8
22800006914000,19,11,8,596.6
22800006918000,3,2,1,0
22800006984000,7,3,4,350.7
22800006985000,31,14,17,1463.2
22800006986000,57,26,31,2086.2
22800007034000,2,2,0,0
22800007035000,9,3,6,214.2
22800007037000,1,1,0,0
22800007038000,6,3,3,192
22800007040000,10,4,6,291
22800007041000,1826,928,898,67744.6
22800007042000,628,322,306,23487.2
22800007063000,9,6,3,505.8
22800007064000,18,9,9,487.8
22800007068000,10,7,3,321
22800007069000,17,10,7,822.8
22800007081000,11,7,4,526.9
22800007105000,18,10,8,874.8
22800007106000,5,3,2,272
22800007107000,2,1,1,0
22800007113000,7,4,3,448.7
22800007114000,6,3,3,120
22800007123000,22,9,13,756.8
22800007124000,4,3,1,0
22800007138000,1,1,0,0
22800007139000,34,13,21,1268.2
22800007140000,145,74,71,6989
22800007141000,53,25,28,2506.9
22800007143000,5,3,2,315
22810006560000,1,0,1,0
22810006561000,3,1,2,0
22810006562000,4,3,1,0
22810006563000,19,12,7,824.6
22810006564000,2,1,1,0
22810006567000,169,85,84,7064.2
22810006568000,193,97,96,7662.1
22810006569000,42,22,20,1474.2
22810006570000,28,14,14,1220.8
22810006571000,9,4,5,487.8
22810006572000,3,2,1,0
22810006574000,530,267,263,22419
22810006575000,1589,777,812,66579.1
22810006576000,1430,684,746,56342
22810006577000,8,5,3,356
22810006578000,16,7,9,694.4
22810006579000,99,47,52,4138.2
22810006580000,197,105,92,8293.7
22810006581000,496,239,257,20286.4
22810006582000,44,22,22,1399.2
22810006583000,33,16,17,1188
22810006584000,30,17,13,1026
22810006585000,13,7,6,613.6
22810006586000,31,16,15,1249.3
22810006587000,7,2,5,279.3
22810006588000,243,122,121,8140.5
22810006589000,7,4,3,282.1
22810006590000,4,2,2,0
22810006593000,10,5,5,376
22810006594000,12,5,7,384
22810006595000,23,13,10,1028.1
22810006596000,15,8,7,628.5
22810006597000,66,33,33,2369.4
22810006598000,12,6,6,447.6
22810006599000,29,17,12,1322.4
22810006600000,22,11,11,541.2
22810006601000,12,6,6,345.6
22810006603000,14,7,7,473.2
22810006604000,33,13,20,1105.5
22810006605000,12,9,3,502.8
22810006606000,47,27,20,2096.2
22810006607000,4,3,1,0
22810006608000,7,4,3,452.9
22810006609000,11,7,4,504.9
22810006610000,32,17,15,1315.2
22810006611000,332,179,153,10989.2
22810006612000,479,244,235,17435.6
22810006613000,347,172,175,12700.2
22810006614000,5,2,3,197
22810006615000,24,10,14,602.4
22810006616000,17,8,9,542.3
22810006617000,24,14,10,1027.2
22810006618000,3,2,1,0
22810006619000,21,12,9,844.2
22810006620000,3,1,2,0
22810006621000,7,4,3,329
22810006624000,3,1,2,0
22810006625000,12,7,5,550.8
22810006626000,24,14,10,933.6
22810006627000,43,25,18,1827.5
22810006628000,13,7,6,611
22810006630000,3,3,0,0
22810006632000,23,12,11,961.4
22810006633000,2,1,1,0
22810006641000,131,65,66,5502
22810006642000,622,321,301,22951.8
22810006643000,293,151,142,10899.6
22810006644000,72,39,33,2786.4
22810006645000,38,26,12,1691
22810006646000,849,412,437,27083.1
22810006647000,1250,623,627,35625
22810006648000,255,129,126,9817.5
22810006649000,12,7,5,669.6
22810006654000,8,4,4,180
22810006655000,4,3,1,0
22810006657000,400,199,201,13920
22810006658000,91,42,49,3157.7
22810006659000,7,5,2,305.9
22810006660000,191,101,90,6226.6
22810006661000,1267,650,617,38390.1
22810006662000,4,1,3,0
22810006663000,19,9,10,874
22810006664000,10,5,5,417
22810006665000,11,7,4,381.7
22810006666000,103,65,38,4161.2
22810006667000,42,22,20,1407
22810006668000,18,8,10,925.2
22810006669000,43,22,21,1724.3
22810006670000,9,5,4,253.8
22810006671000,11,4,7,632.5
22810006672000,103,59,44,4099.4
22810006673000,25,16,9,1107.5
22810006674000,21,12,9,695.1
22810006675000,5,4,1,140
22810006676000,13,7,6,483.6
22810006678000,42,22,20,1621.2
22810006679000,39,23,16,1794
22810006680000,5,3,2,192
22810006682000,2,0,2,0
22810006683000,19,10,9,592.8
22810006684000,4,2,2,0
22810006685000,43,22,21,1560.9
22810006686000,730,356,374,25477
22810006687000,735,383,352,27856.5
22810006688000,9,3,6,226.8
22810006689000,6,3,3,196.8
22810006690000,14,8,6,582.4
22810006691000,10,5,5,377
22810006695000,1,1,0,0
22810006700000,18,11,7,966.6
22810006701000,26,15,11,1240.2
22810006703000,51,24,27,1795.2
22810006704000,123,64,59,5694.9
22810006706000,1,0,1,0
22810006707000,29,14,15,1647.2
22810006708000,13,5,8,445.9
22810006709000,13,7,6,538.2
22810006710000,65,34,31,2587
22810006711000,65,32,33,3009.5
22810006712000,44,24,20,2327.6
22810006728000,10,6,4,355
22810006729000,219,107,112,7774.5
22810006730000,72,33,39,3074.4
22810006738000,13,7,6,468
22810006739000,11,8,3,480.7
22810006740000,5,3,2,229
22810006741000,21,12,9,672
22810006742000,11,5,6,396
22810006750000,73,35,38,2533.1
22810006751000,45,21,24,1840.5
22810006752000,48,26,22,1742.4
22810006753000,35,20,15,1312.5
22810006754000,200,97,103,7260
22810006755000,320,139,181,13920
22810006756000,52,39,13,1924
22810006757000,234,130,104,7815.6
22810006758000,380,195,185,13794
22810006759000,148,68,80,5239.2
22810006760000,31,20,11,992
22810006761000,8,5,3,412.8
22810006762000,30,16,14,1170
22810006763000,24,13,11,1005.6
22810006764000,44,22,22,1531.2
22810006765000,14,7,7,733.6
22810006766000,15,8,7,508.5
22810006767000,1,1,0,0
22810006768000,2,1,1,0
22810006769000,5,4,1,263
22810006838000,3,2,1,0
22810006841000,9,6,3,594
22810006849000,4,2,2,0
22810006859000,2,1,1,0
22810006861000,2,1,1,0
22810006882000,6,4,2,70.8
22810006883000,13,3,10,289.9
22810006891000,3,2,1,0
22810006892000,17,8,9,691.9
22810006893000,70,33,37,2975
22810006894000,32,15,17,1513.6
22810006895000,40,21,19,1784
22810006896000,27,13,14,1277.1
22810006897000,5,3,2,242
22810006910000,259,134,125,8961.4
22810006911000,812,398,414,34591.2
22810006912000,329,166,163,14508.9
22810006913000,65,31,34,2704
22810006920000,2,1,1,0
22810006977000,1,1,0,0
22810006980000,14,8,6,533.4
22810006981000,19,10,9,887.3
22810006982000,29,14,15,1090.4
22810006983000,8,5,3,348.8
22810006987000,2,2,0,0
22810006988000,14,9,5,425.6
22810007030000,4,2,2,0
22810007031000,2,2,0,0
22810007032000,4,2,2,0
22810007035000,10,5,5,539
22810007037000,10,5,5,333
22810007039000,33,17,16,1438.8
22810007040000,26,11,15,962
22810007041000,1220,610,610,48800
22810007042000,16,7,9,577.6
22810007056000,4,2,2,0
22810007057000,19,2,17,978.5
22810007066000,20,11,9,802
22810007067000,57,29,28,1852.5
22810007068000,37,17,20,1320.9
22810007069000,45,25,20,1881
22810007070000,3,2,1,0
22810007081000,7,5,2,305.9
22810007082000,1,1,0,0
22810007097000,7,4,3,294
22810007098000,5,3,2,187
22810007106000,6,4,2,298.2
22810007107000,21,8,13,936.6
22810007115000,6,4,2,115.8
22810007122000,3,1,2,0
22810007138000,6,3,3,241.8
22810007139000,9,5,4,356.4
22810007140000,72,40,32,2484
22810007141000,17,8,9,807.5
22810007142000,5,2,3,311
22810007143000,14,9,5,883.4
22810007144000,6,4,2,372
22820006556000,1,0,1,0
22820006559000,2,1,1,0
22820006561000,36,19,17,1796.4
22820006562000,11,5,6,498.3
22820006563000,97,53,44,3850.9
22820006564000,8,4,4,240.8
22820006565000,6,2,4,322.2
22820006566000,6,4,2,291
22820006567000,223,110,113,10012.7
22820006568000,259,142,117,10126.9
22820006569000,882,446,436,34839
22820006570000,182,91,91,6916
22820006571000,23,12,11,864.8
22820006572000,3,2,1,0
22820006573000,452,232,220,19616.8
22820006574000,1187,582,605,46411.7
22820006575000,1000,476,524,41000
22820006576000,1059,559,500,36747.3
22820006577000,131,60,71,5305.5
22820006578000,4,1,3,0
22820006583000,18,10,8,739.8
22820006584000,154,73,81,6221.6
22820006585000,111,58,53,4295.7
22820006586000,44,25,19,1425.6
22820006587000,12,5,7,488.4
22820006588000,81,38,43,3013.2
22820006589000,10,5,5,514
22820006591000,23,14,9,995.9
22820006592000,10,4,6,333
22820006593000,7,4,3,322
22820006594000,19,10,9,862.6
22820006595000,43,22,21,1986.6
22820006596000,36,18,18,1288.8
22820006597000,40,20,20,1444
22820006598000,1108,532,576,44320
22820006599000,548,269,279,22194
22820006600000,17,10,7,579.7
22820006601000,38,19,19,1314.8
22820006602000,14,8,6,670.6
22820006603000,32,14,18,1152
22820006604000,20,13,7,738
22820006605000,57,29,28,2337
22820006606000,1,1,0,0
22820006607000,23,11,12,961.4
22820006608000,57,31,26,2046.3
22820006609000,21,13,8,1129.8
22820006610000,541,283,258,21640
22820006611000,1462,732,730,58041.4
22820006612000,273,141,132,11384.1
22820006613000,12,5,7,549.6
22820006614000,11,7,4,367.4
22820006615000,3,1,2,0
22820006617000,46,26,20,1757.2
22820006618000,19,10,9,887.3
22820006619000,17,8,9,564.4
22820006620000,14,7,7,476
22820006621000,2,2,0,0
22820006625000,6,4,2,316.8
22820006626000,15,9,6,598.5
22820006627000,13,7,6,400.4
22820006628000,2,1,1,0
22820006630000,14,8,6,499.8
22820006631000,97,44,53,3744.2
22820006632000,228,113,115,8527.2
22820006633000,4,1,3,0
22820006639000,210,106,104,7308
22820006640000,21,10,11,783.3
22820006641000,11,5,6,377.3
22820006644000,5,3,2,230
22820006645000,24,14,10,705.6
22820006646000,150,86,64,5280
22820006647000,45,20,25,1390.5
22820006651000,340,182,158,12036
22820006652000,33,20,13,1280.4
22820006653000,46,22,24,1421.4
22820006654000,11,4,7,324.5
22820006655000,24,13,11,811.2
22820006656000,346,171,175,13044.2
22820006657000,436,218,218,17440
22820006658000,96,52,44,3600
22820006659000,24,14,10,825.6
22820006660000,780,378,402,32058
22820006661000,6,3,3,226.8
22820006662000,11,8,3,459.8
22820006665000,50,27,23,2060
22820006666000,54,25,29,2208.6
22820006667000,73,43,30,2847
22820006668000,86,48,38,2915.4
22820006669000,60,35,25,2328
22820006670000,89,48,41,3079.4
22820006671000,15,9,6,439.5
22820006672000,35,18,17,1232
22820006675000,24,12,12,696
22820006676000,8,3,5,462.4
22820006677000,13,7,6,734.5
22820006679000,145,111,34,5539
22820006680000,21,8,13,833.7
22820006681000,144,83,61,5371.2
22820006682000,52,30,22,2298.4
22820006683000,79,36,43,3491.8
22820006685000,20,12,8,734
22820006686000,54,27,27,2062.8
22820006687000,37,19,18,1546.6
22820006688000,6,3,3,361.2
22820006689000,29,12,17,1075.9
22820006690000,9,3,6,270.9
22820006693000,13,6,7,617.5
22820006694000,18,9,9,723.6
22820006697000,5,2,3,252
22820006699000,4,2,2,0
22820006701000,4,1,3,0
22820006702000,29,15,14,1180.3
22820006703000,47,21,26,2086.8
22820006704000,178,78,100,6514.8
22820006705000,29,20,9,1392
22820006706000,24,13,11,993.6
22820006707000,114,62,52,4731
22820006708000,81,39,42,2446.2
22820006709000,14,6,8,768.6
22820006710000,17,10,7,722.5
22820006711000,2,1,1,0
22820006728000,14,8,6,561.4
22820006729000,101,48,53,4312.7
22820006730000,13,6,7,582.4
22820006738000,7,2,5,240.1
22820006739000,10,5,5,653
22820006740000,36,19,17,1767.6
22820006741000,35,21,14,1634.5
22820006749000,203,108,95,7429.8
22820006750000,57,30,27,2160.3
22820006751000,36,16,20,1220.4
22820006752000,31,14,17,1435.3
22820006753000,107,54,53,3819.9
22820006754000,24,12,12,784.8
22820006755000,13,6,7,543.4
22820006756000,8,4,4,412.8
22820006757000,18,10,8,586.8
22820006758000,47,22,25,1823.6
22820006759000,98,45,53,4057.2
22820006760000,32,17,15,1324.8
22820006761000,40,19,21,1888
22820006762000,58,30,28,2128.6
22820006763000,72,41,31,2224.8
22820006764000,17,8,9,625.6
22820006766000,13,9,4,535.6
22820006767000,10,6,4,396
22820006837000,2,2,0,0
22820006838000,10,6,4,479
22820006839000,8,4,4,344.8
22820006840000,14,8,6,400.4
22820006842000,8,4,4,380
22820006843000,2,2,0,0
22820006844000,5,4,1,166
22820006847000,4,1,3,0
22820006862000,6,3,3,396
22820006889000,3,2,1,0
22820006890000,4,2,2,0
22820006891000,14,7,7,443.8
22820006892000,12,5,7,586.8
22820006893000,13,8,5,573.3
22820006911000,77,38,39,1971.2
22820006912000,111,60,51,4428.9
22820006913000,30,18,12,1134
22820006914000,28,14,14,1316
22820006984000,5,4,1,164
22820006987000,21,12,9,959.7
22820006988000,43,20,23,2175.8
22820007023000,4,1,3,0
22820007024000,31,17,14,942.4
22820007030000,2,1,1,0
22820007031000,7,3,4,434.7
22820007036000,33,20,13,1105.5
22820007037000,12,6,6,465.6
22820007038000,40,20,20,1444
22820007039000,32,15,17,1283.2
22820007040000,21,14,7,850.5
22820007041000,1955,991,964,74876.5
22820007042000,119,65,54,4998
22820007057000,13,7,6,666.9
22820007058000,9,5,4,426.6
22820007066000,19,9,10,461.7
22820007067000,309,158,151,13688.7
22820007068000,90,48,42,3789
22820007069000,119,54,65,4926.6
22820007070000,6,3,3,348
22820007071000,7,3,4,284.9
22820007072000,15,9,6,720
22820007077000,2,1,1,0
22820007082000,9,8,1,446.4
22820007107000,6,3,3,178.8
22820007115000,13,7,6,457.6
22820007116000,8,3,5,502.4
22820007117000,3,2,1,0
22820007137000,34,17,17,1550.4
22820007138000,14,7,7,743.4
22820007143000,1,1,0,0
22820007148000,42,22,20,1667.4
22820007149000,14,6,8,715.4
22830006556000,79,36,43,4139.6
22830006557000,17,7,10,897.6
22830006558000,13,7,6,434.2
22830006559000,2,1,1,0
22830006560000,2,1,1,0
22830006561000,12,6,6,613.2
22830006562000,3,2,1,0
22830006565000,18,9,9,867.6
22830006566000,5,3,2,261
22830006567000,55,34,21,2040.5
22830006568000,94,47,47,3581.4
22830006569000,193,94,99,6465.5
22830006570000,5,3,2,132
22830006571000,4,2,2,0
22830006572000,22,12,10,1005.4
22830006573000,170,96,74,7497
22830006575000,8,5,3,295.2
22830006576000,320,159,161,11040
22830006577000,148,75,73,4839.6
22830006578000,23,13,10,890.1
22830006579000,17,9,8,642.6
22830006580000,29,14,15,1157.1
22830006581000,2,1,1,0
22830006582000,10,4,6,442
22830006584000,10,5,5,469
22830006585000,58,30,28,2012.6
22830006586000,4,2,2,0
22830006588000,6,3,3,211.8
22830006589000,40,20,20,1612
22830006590000,15,8,7,729
22830006591000,2,2,0,0
22830006592000,16,9,7,488
22830006594000,34,15,19,1448.4
22830006595000,48,29,19,1742.4
22830006596000,35,18,17,1053.5
22830006597000,67,34,33,2391.9
22830006598000,109,40,69,5842.4
22830006599000,60,29,31,2436
22830006600000,10,5,5,353
22830006601000,13,6,7,434.2
22830006602000,28,14,14,960.4
22830006603000,17,7,10,707.2
22830006604000,32,15,17,1491.2
22830006605000,50,32,18,1815
22830006606000,28,11,17,627.2
22830006607000,89,48,41,3551.1
22830006608000,19,11,8,948.1
22830006609000,81,40,41,3240
22830006610000,1287,594,693,57271.5
22830006611000,1772,841,931,86119.2
22830006612000,455,224,231,17836
22830006613000,19,8,11,763.8
22830006614000,15,7,8,634.5
22830006615000,47,21,26,1513.4
22830006616000,62,33,29,1909.6
22830006617000,45,23,22,1665
22830006618000,16,10,6,585.6
22830006619000,12,5,7,560.4
22830006620000,31,18,13,1224.5
22830006623000,4,1,3,0
22830006624000,6,2,4,238.2
22830006625000,6,3,3,202.8
22830006627000,3,3,0,0
22830006628000,14,7,7,712.6
22830006629000,37,15,22,1461.5
22830006630000,129,69,60,4592.4
22830006631000,307,145,162,15012.3
22830006632000,23,12,11,917.7
22830006633000,14,7,7,651
22830006638000,793,392,401,26803.4
22830006639000,1716,883,833,65208
22830006640000,5,2,3,191
22830006647000,59,33,26,2625.5
22830006648000,142,79,63,5154.6
22830006649000,183,93,90,7137
22830006650000,344,168,176,14241.6
22830006651000,150,74,76,5595
22830006652000,101,53,48,4433.9
22830006653000,38,23,15,1565.6
22830006654000,4,1,3,0
22830006655000,29,15,14,1481.9
22830006656000,148,69,79,5372.4
22830006657000,11,5,6,408.1
22830006658000,23,14,9,1104
22830006659000,25,15,10,1165
22830006660000,493,254,239,19079.1
22830006661000,166,90,76,6341.2
22830006662000,131,77,54,5148.3
22830006663000,52,37,15,2111.2
22830006664000,15,7,8,492
22830006665000,8,5,3,407.2
22830006666000,40,25,15,1192
22830006667000,23,11,12,959.1
22830006668000,2,1,1,0
22830006671000,23,11,12,784.3
22830006672000,24,15,9,1149.6
22830006673000,37,28,9,1542.9
22830006674000,32,18,14,1123.2
22830006675000,4,1,3,0
22830006676000,11,7,4,517
22830006677000,5,3,2,213
22830006682000,36,18,18,1170
22830006683000,16,8,8,801.6
22830006684000,29,13,16,962.8
22830006685000,20,14,6,872
22830006686000,18,10,8,851.4
22830006687000,15,8,7,733.5
22830006688000,26,13,13,1071.2
22830006689000,54,26,28,2084.4
22830006690000,7,4,3,399.7
22830006698000,6,2,4,184.2
22830006699000,3,2,1,0
22830006700000,26,13,13,990.6
22830006701000,10,4,6,460
22830006702000,5,3,2,285
22830006703000,142,72,70,6077.6
22830006704000,74,34,40,3100.6
22830006705000,98,45,53,5507.6
22830006706000,376,174,202,16506.4
22830006707000,173,83,90,5916.6
22830006708000,24,14,10,772.8
22830006709000,34,15,19,1237.6
22830006710000,10,7,3,573
22830006712000,9,5,4,298.8
22830006713000,6,2,4,175.8
22830006728000,16,8,8,660.8
22830006729000,58,28,30,2731.8
22830006746000,17,7,10,1040.4
22830006747000,274,131,143,12713.6
22830006748000,426,213,213,18701.4
22830006749000,79,45,34,3191.6
22830006750000,79,36,43,4084.3
22830006751000,58,30,28,2163.4
22830006752000,35,22,13,1596
22830006753000,279,137,142,13643.1
22830006754000,44,28,16,1592.8
22830006755000,85,40,45,3468
22830006756000,23,9,14,1035
22830006757000,23,13,10,897
22830006758000,11,5,6,414.7
22830006759000,24,13,11,967.2
22830006760000,33,19,14,1329.9
22830006761000,39,22,17,1509.3
22830006762000,23,7,16,954.5
22830006763000,48,25,23,1675.2
22830006764000,13,5,8,626.6
22830006765000,21,11,10,772.8
22830006766000,1,1,0,0
22830006837000,3,1,2,0
22830006838000,2,1,1,0
22830006843000,2,1,1,0
22830006862000,7,5,2,146.3
22830006863000,4,3,1,0
22830006880000,2,0,2,0
22830006889000,3,1,2,0
22830006890000,4,2,2,0
22830006912000,4,2,2,0
22830006913000,36,19,17,1526.4
22830006914000,12,7,5,748.8
22830006987000,127,63,64,5575.3
22830006988000,44,19,25,2472.8
22830006989000,5,3,2,291
22830007023000,6,3,3,346.2
22830007024000,51,27,24,1626.9
22830007025000,8,5,3,224
22830007034000,7,3,4,405.3
22830007036000,9,5,4,500.4
22830007037000,20,11,9,914
22830007039000,93,43,50,3468.9
22830007040000,35,18,17,1277.5
22830007041000,348,184,164,13746
22830007042000,53,32,21,2321.4
22830007053000,13,8,5,698.1
22830007054000,3,2,1,0
22830007057000,8,3,5,280.8
22830007058000,8,2,6,120
22830007067000,251,106,145,14231.7
22830007068000,259,129,130,10230.5
22830007069000,98,46,52,4116
22830007070000,22,10,12,893.2
22830007071000,23,12,11,954.5
22830007072000,19,10,9,666.9
22830007077000,2,0,2,0
22830007082000,2,1,1,0
22830007116000,5,1,4,110
22830007117000,13,7,6,668.2
22830007118000,5,2,3,119
22830007119000,9,7,2,440.1
22830007136000,7,4,3,361.9
22830007137000,113,61,52,4621.7
22830007138000,81,38,43,4827.6
22830007139000,4,2,2,0
22830007142000,5,4,1,248
22830007149000,16,8,8,428.8
22840006556000,242,124,118,10841.6
22840006557000,206,113,93,6612.6
22840006558000,15,7,8,544.5
22840006561000,8,6,2,456.8
22840006562000,54,31,23,2246.4
22840006563000,34,20,14,1387.2
22840006564000,12,7,5,439.2
22840006565000,21,11,10,825.3
22840006566000,27,12,15,1036.8
22840006567000,14,7,7,523.6
22840006568000,8,4,4,319.2
22840006569000,31,18,13,1010.6
22840006570000,9,5,4,501.3
22840006571000,5,3,2,320
22840006572000,10,4,6,411
22840006573000,17,7,10,720.8
22840006574000,16,8,8,668.8
22840006575000,1,1,0,0
22840006577000,2,1,1,0
22840006578000,61,31,30,2354.6
22840006579000,341,180,161,11935
22840006580000,227,122,105,8535.2
22840006581000,21,12,9,726.6
22840006582000,25,13,12,1097.5
22840006583000,9,4,5,529.2
22840006584000,4,2,2,0
22840006585000,8,4,4,316
22840006586000,53,31,22,2141.2
22840006587000,2,1,1,0
22840006588000,22,13,9,805.2
22840006589000,20,13,7,604
22840006590000,5,3,2,299
22840006591000,9,4,5,510.3
22840006592000,5,1,4,302
22840006593000,3,2,1,0
22840006595000,7,5,2,181.3
22840006596000,28,16,12,1153.6
22840006597000,33,16,17,1155
22840006598000,65,33,32,2054
22840006599000,47,20,27,1499.3
22840006600000,30,16,14,1140
22840006601000,50,26,24,1885
22840006602000,17,9,8,603.5
22840006603000,61,33,28,2165.5
22840006604000,29,10,19,1052.7
22840006605000,14,11,3,484.4
22840006606000,14,9,5,649.6
22840006607000,31,18,13,1432.2
22840006608000,1,0,1,0
22840006609000,234,112,122,9149.4
22840006610000,1558,758,800,60450.4
22840006611000,2280,1098,1182,93024
22840006612000,1897,965,932,75310.9
22840006613000,243,132,111,10011.6
22840006614000,20,12,8,740
22840006615000,7,4,3,413.7
22840006616000,5,3,2,199
22840006617000,4,2,2,0
22840006619000,5,3,2,219
22840006620000,34,18,16,1271.6
22840006624000,20,10,10,758
22840006625000,9,6,3,325.8
22840006626000,3,1,2,0
22840006627000,10,6,4,475
22840006628000,82,43,39,3394.8
22840006629000,9,5,4,394.2
22840006630000,74,40,34,3145
22840006631000,195,95,100,7897.5
22840006632000,20,11,9,900
22840006633000,7,5,2,217
22840006636000,9,6,3,325.8
22840006637000,17,9,8,748
22840006638000,715,357,358,25168
22840006639000,258,135,123,9778.2
22840006648000,299,150,149,11242.4
22840006649000,1065,515,550,44836.5
22840006650000,617,319,298,23446
22840006651000,358,174,184,13102.8
22840006653000,7,4,3,275.8
22840006655000,16,9,7,745.6
22840006656000,14,8,6,603.4
22840006658000,43,25,18,1414.7
22840006659000,31,15,16,1109.8
22840006660000,18,9,9,790.2
22840006661000,869,455,414,28242.5
22840006662000,67,32,35,2887.7
22840006663000,22,13,9,847
22840006664000,684,339,345,26060.4
22840006665000,1467,730,737,50758.2
22840006666000,1596,795,801,60488.4
22840006667000,273,139,134,10046.4
22840006668000,16,8,8,548.8
22840006669000,14,7,7,614.6
22840006670000,13,9,4,559
22840006671000,10,7,3,382
22840006672000,12,4,8,595.2
22840006673000,39,14,25,1415.7
22840006674000,109,52,57,4545.3
22840006675000,481,252,229,17316
22840006676000,11,5,6,423.5
22840006685000,6,3,3,315
22840006686000,7,2,5,263.9
22840006687000,35,15,20,1585.5
22840006688000,1,1,0,0
22840006695000,2,1,1,0
22840006702000,30,18,12,885
22840006703000,2,1,1,0
22840006704000,18,10,8,1042.2
22840006705000,73,34,39,2649.9
22840006706000,6,3,3,253.2
22840006710000,10,5,5,567
22840006716000,1,1,0,0
22840006728000,19,9,10,1081.1
22840006729000,51,25,26,2590.8
22840006746000,1002,508,494,43987.8
22840006747000,2801,1237,1564,130806.7
22840006748000,1747,846,901,78789.7
22840006749000,41,21,20,1689.2
22840006750000,28,12,16,1265.6
22840006751000,47,23,24,1541.6
22840006752000,367,191,176,12588.1
22840006753000,12,7,5,531.6
22840006754000,70,36,34,2681
22840006755000,135,75,60,4360.5
22840006756000,76,36,40,3002
22840006757000,21,10,11,840
22840006758000,19,12,7,627
22840006759000,1,1,0,0
22840006760000,29,16,13,1458.7
22840006761000,102,58,44,3804.6
22840006762000,16,11,5,644.8
22840006763000,4,2,2,0
22840006863000,1,0,1,0
22840006865000,2,2,0,0
22840006866000,10,5,5,461
22840006867000,1,1,0,0
22840006868000,1,0,1,0
22840006875000,2,2,0,0
22840006880000,2,1,1,0
22840006902000,4,3,1,0
22840006911000,5,4,1,219
22840006913000,10,6,4,453
22840006914000,50,28,22,1870
22840006915000,5,4,1,207
22840006916000,1,1,0,0
22840006917000,24,17,7,883.2
22840006927000,12,7,5,481.2
22840006928000,35,17,18,1221.5
22840006987000,84,40,44,3250.8
22840007026000,2,1,1,0
22840007036000,1,1,0,0
22840007038000,44,26,18,1232
22840007039000,25,13,12,1112.5
22840007040000,108,55,53,3801.6
22840007041000,66,36,30,2831.4
22840007053000,36,17,19,1746
22840007054000,45,24,21,1719
22840007067000,10,7,3,366
22840007068000,159,76,83,6916.5
22840007069000,116,55,61,4906.8
22840007070000,21,14,7,741.3
22840007071000,34,16,18,1213.8
22840007072000,56,29,27,2553.6
22840007073000,3,2,1,0
22840007078000,14,7,7,539
22840007079000,7,4,3,389.9
22840007121000,2,2,0,0
22840007136000,10,6,4,308
22840007137000,17,10,7,953.7
22840007149000,3,1,2,0
22850006556000,11,6,5,508.2
22850006557000,13,7,6,752.7
22850006558000,11,7,4,425.7
22850006559000,8,3,5,356.8
22850006560000,14,6,8,690.2
22850006561000,29,16,13,1078.8
22850006562000,23,12,11,802.7
22850006563000,42,20,22,1692.6
22850006564000,2,1,1,0
22850006566000,2,1,1,0
22850006567000,1,1,0,0
22850006568000,13,6,7,353.6
22850006569000,20,9,11,804
22850006570000,14,8,6,574
22850006571000,12,4,8,476.4
22850006572000,20,11,9,780
22850006573000,15,10,5,445.5
22850006574000,41,19,22,1656.4
22850006576000,3,2,1,0
22850006579000,48,25,23,1848
22850006580000,157,72,85,5652
22850006581000,36,19,17,1346.4
22850006582000,3,2,1,0
22850006583000,3,2,1,0
22850006584000,1,1,0,0
22850006586000,18,11,7,559.8
22850006587000,25,13,12,1152.5
22850006588000,70,37,33,2947
22850006592000,26,10,16,1089.4
22850006593000,2,1,1,0
22850006594000,19,11,8,767.6
22850006595000,2,1,1,0
22850006597000,5,2,3,132
22850006598000,8,5,3,432.8
22850006599000,22,11,11,770
22850006600000,11,4,7,385
22850006601000,14,5,9,462
22850006602000,74,44,30,2782.4
22850006603000,28,16,12,1209.6
22850006604000,3,2,1,0
22850006605000,5,3,2,312
22850006606000,28,17,11,1321.6
22850006607000,11,6,5,385
22850006608000,12,5,7,499.2
22850006609000,16,8,8,892.8
22850006610000,22,13,9,884.4
22850006611000,316,156,160,13019.2
22850006612000,610,299,311,23424
22850006613000,42,21,21,1873.2
22850006614000,31,17,14,1165.6
22850006615000,47,24,23,1865.9
22850006616000,11,6,5,517
22850006617000,3,1,2,0
22850006618000,10,5,5,398
22850006619000,6,4,2,241.2
22850006620000,9,6,3,405.9
22850006623000,1,1,0,0
22850006624000,13,9,4,539.5
22850006625000,25,13,12,745
22850006626000,25,12,13,997.5
22850006627000,7,4,3,294.7
22850006628000,28,17,11,1100.4
22850006629000,18,10,8,588.6
22850006630000,38,21,17,1740.4
22850006631000,3,2,1,0
22850006632000,22,12,10,853.6
22850006633000,49,29,20,1866.9
22850006634000,23,13,10,864.8
22850006635000,50,27,23,2160
22850006636000,49,27,22,2283.4
22850006637000,65,32,33,2795
22850006638000,66,34,32,2461.8
22850006646000,8,5,3,272.8
22850006647000,66,37,29,2310
22850006648000,172,88,84,7430.4
22850006649000,715,363,352,35178
22850006650000,1080,541,539,41688
22850006651000,836,424,412,27671.6
22850006652000,15,7,8,702
22850006654000,5,2,3,221
22850006655000,11,6,5,609.4
22850006656000,2,1,1,0
22850006658000,1053,528,525,32748.3
22850006659000,232,129,103,8491.2
22850006660000,1,1,0,0
22850006661000,31,17,14,1156.3
22850006662000,11,7,4,455.4
22850006663000,58,37,21,2198.2
22850006664000,167,81,86,7414.8
22850006665000,1827,865,962,71618.4
22850006666000,1135,563,572,41768
22850006667000,378,194,184,14137.2
22850006668000,42,25,17,2011.8
22850006669000,39,22,17,1294.8
22850006670000,41,23,18,1492.4
22850006671000,3,1,2,0
22850006672000,4,2,2,0
22850006674000,1166,610,556,39410.8
22850006675000,697,350,347,23698
22850006676000,8,5,3,330.4
22850006681000,2,1,1,0
22850006687000,5,3,2,275
22850006688000,12,5,7,363.6
22850006689000,4,3,1,0
22850006716000,1,1,0,0
22850006727000,5,1,4,112
22850006728000,51,25,26,2264.4
22850006729000,2,1,1,0
22850006746000,2400,1155,1245,111840
22850006747000,2223,1110,1113,86697
22850006748000,1546,773,773,63695.2
22850006749000,607,301,306,23673
22850006750000,105,54,51,3780
22850006751000,239,121,118,7887
22850006752000,215,104,111,6514.5
22850006753000,39,17,22,1719.9
22850006754000,241,120,121,9423.1
22850006755000,158,80,78,5119.2
22850006756000,10,5,5,361
22850006757000,13,7,6,725.4
22850006758000,13,6,7,608.4
22850006760000,22,13,9,803
22850006761000,53,26,27,1648.3
22850006762000,17,11,6,714
22850006763000,6,3,3,283.8
22850006877000,1,0,1,0
22850006915000,12,7,5,631.2
22850006916000,3,1,2,0
22850006917000,16,9,7,633.6
22850006918000,26,12,14,928.2
22850006925000,7,3,4,210
22850006926000,18,7,11,513
22850006927000,36,22,14,1677.6
22850006928000,11,6,5,507.1
22850006977000,2,1,1,0
22850006986000,9,7,2,423.9
22850007038000,30,17,13,1221
22850007039000,30,15,15,1230
22850007040000,184,95,89,7194.4
22850007041000,122,55,67,4575
22850007053000,21,12,9,1119.3
22850007054000,43,21,22,1711.4
22850007055000,50,27,23,1910
22850007056000,31,15,16,1131.5
22850007057000,28,12,16,1212.4
22850007068000,35,20,15,1652
22850007069000,31,19,12,1236.9
22850007070000,1,1,0,0
22850007071000,11,7,4,537.9
22850007072000,45,20,25,1354.5
22850007084000,1,1,0,0
22850007135000,1,1,0,0
22850007136000,10,6,4,349
22850007153000,2,1,1,0
22860006556000,2,2,0,0
22860006557000,29,16,13,1380.4
22860006558000,52,25,27,2189.2
22860006560000,7,4,3,399.7
22860006561000,39,22,17,1524.9
22860006562000,23,13,10,1078.7
22860006563000,16,7,9,548.8
22860006564000,9,4,5,370.8
22860006565000,3,2,1,0
22860006569000,18,8,10,885.6
22860006570000,4,2,2,0
22860006571000,17,8,9,763.3
22860006574000,8,4,4,307.2
22860006575000,5,3,2,161
22860006576000,1,1,0,0
22860006578000,10,4,6,473
22860006580000,3,1,2,0
22860006581000,9,7,2,407.7
22860006582000,10,5,5,408
22860006585000,5,4,1,155
22860006586000,4,2,2,0
22860006587000,7,4,3,363.3
22860006588000,16,6,10,718.4
22860006589000,11,4,7,510.4
22860006590000,15,6,9,520.5
22860006591000,1,1,0,0
22860006592000,18,9,9,642.6
22860006593000,11,6,5,405.9
22860006594000,23,13,10,1081
22860006595000,20,12,8,866
22860006597000,14,9,5,518
22860006598000,2,0,2,0
22860006599000,8,2,6,272.8
22860006600000,35,19,16,1536.5
22860006601000,14,8,6,508.2
22860006602000,5,1,4,158
22860006603000,5,2,3,204
22860006604000,6,4,2,391.8
22860006605000,27,14,13,1115.1
22860006606000,23,11,12,1051.1
22860006607000,18,9,9,588.6
22860006608000,1,1,0,0
22860006609000,23,11,12,782
22860006610000,31,19,12,1147
22860006611000,19,10,9,902.5
22860006612000,4,2,2,0
22860006613000,1,0,1,0
22860006614000,6,3,3,379.8
22860006615000,44,26,18,1843.6
22860006616000,10,5,5,446
22860006617000,7,3,4,352.1
22860006618000,15,7,8,424.5
22860006619000,2,1,1,0
22860006620000,22,12,10,1012
22860006621000,4,2,2,0
22860006622000,18,12,6,748.8
22860006623000,4,2,2,0
22860006624000,23,10,13,885.5
22860006625000,20,9,11,580
22860006626000,14,6,8,611.8
22860006627000,8,3,5,326.4
22860006628000,12,7,5,499.2
22860006629000,9,6,3,414
22860006630000,22,10,12,875.6
22860006632000,2,1,1,0
22860006633000,7,2,5,216.3
22860006634000,31,15,16,1376.4
22860006635000,29,18,11,1197.7
22860006636000,10,4,6,459
22860006637000,3,2,1,0
22860006644000,5,3,2,241
22860006645000,16,7,9,644.8
22860006646000,53,23,30,1886.8
22860006647000,51,29,22,2244
22860006648000,759,391,368,27248.1
22860006649000,402,217,185,16080
22860006650000,47,25,22,1804.8
22860006651000,7,4,3,291.2
22860006652000,14,6,8,576.8
22860006653000,3,2,1,0
22860006658000,6,3,3,178.8
22860006659000,131,62,69,5292.4
22860006660000,55,33,22,1947
22860006661000,17,11,6,612
22860006662000,7,3,4,251.3
22860006663000,3,1,2,0
22860006664000,12,7,5,580.8
22860006665000,97,58,39,3792.7
22860006666000,85,48,37,3383
22860006667000,40,21,19,1812
22860006668000,30,14,16,1020
22860006669000,24,14,10,1106.4
22860006671000,17,6,11,612
22860006672000,216,98,118,8380.8
22860006673000,1073,483,590,50109.1
22860006674000,916,505,411,34075.2
22860006678000,10,5,5,553
22860006679000,17,7,10,805.8
22860006680000,30,11,19,1260
22860006681000,19,12,7,697.3
22860006682000,57,32,25,2547.9
22860006683000,88,48,40,2912.8
22860006689000,2,0,2,0
22860006690000,15,9,6,379.5
22860006691000,7,4,3,429.1
22860006712000,4,1,3,0
22860006727000,27,13,14,1109.7
22860006728000,5,3,2,346
22860006740000,6,3,3,331.8
22860006741000,5,2,3,86
22860006742000,17,10,7,610.3
22860006743000,179,89,90,7231.6
22860006744000,107,47,60,4376.3
22860006745000,198,82,116,10414.8
22860006746000,2633,1327,1306,113745.6
22860006747000,2109,1028,1081,88578
22860006748000,740,355,385,31524
22860006749000,377,192,185,15834
22860006750000,157,85,72,6342.8
22860006751000,39,22,17,1404
22860006752000,24,11,13,1012.8
22860006753000,44,21,23,1500.4
22860006754000,70,37,33,3052
22860006755000,17,8,9,737.8
22860006756000,34,20,14,1550.4
22860006762000,1,1,0,0
22860006821000,5,3,2,300
22860006883000,9,5,4,369.9
22860006909000,2,1,1,0
22860006917000,16,6,10,464
22860006918000,31,19,12,1131.5
22860006919000,2,2,0,0
22860006925000,1,1,0,0
22860006926000,45,24,21,1575
22860006927000,88,42,46,3528.8
22860006928000,7,3,4,279.3
22860006987000,7,4,3,364.7
22860007039000,8,3,5,311.2
22860007040000,44,23,21,2054.8
22860007041000,10,5,5,216
22860007054000,12,6,6,549.6
22860007055000,67,34,33,2659.9
22860007056000,24,12,12,1063.2
22860007057000,34,18,16,1635.4
22860007058000,19,12,7,1001.3
22860007069000,36,20,16,1515.6
22860007070000,23,10,13,940.7
22860007077000,4,2,2,0
22860007099000,3,1,2,0
22860007134000,41,27,14,1754.8
22860007135000,6,3,3,268.8
22860007136000,5,3,2,231
22870006557000,9,4,5,585
22870006558000,2,1,1,0
22870006559000,49,30,19,2058
22870006560000,20,9,11,662
22870006561000,21,15,6,768.6
22870006562000,12,5,7,568.8
22870006563000,6,3,3,393
22870006564000,7,4,3,487.9
22870006565000,17,8,9,562.7
22870006569000,7,5,2,303.8
22870006570000,11,4,7,398.2
22870006575000,4,3,1,0
22870006576000,7,5,2,203
22870006577000,7,3,4,294
22870006578000,9,4,5,398.7
22870006582000,13,6,7,473.2
22870006583000,7,4,3,252.7
22870006584000,23,12,11,680.8
22870006588000,4,2,2,0
22870006589000,13,4,9,425.1
22870006592000,1,1,0,0
22870006593000,9,6,3,422.1
22870006594000,3,2,1,0
22870006595000,35,15,20,1032.5
22870006596000,17,8,9,581.4
22870006597000,15,9,6,433.5
22870006598000,47,25,22,1955.2
22870006599000,16,10,6,819.2
22870006600000,52,29,23,2189.2
22870006601000,6,2,4,241.2
22870006602000,13,6,7,487.5
22870006603000,7,4,3,310.1
22870006604000,15,8,7,703.5
22870006605000,25,14,11,1330
22870006606000,7,3,4,350.7
22870006607000,10,4,6,329
22870006608000,6,4,2,337.2
22870006609000,8,5,3,288.8
22870006610000,32,15,17,1200
22870006611000,5,3,2,321
22870006613000,27,14,13,918
22870006614000,8,3,5,310.4
22870006615000,8,4,4,347.2
22870006616000,47,22,25,1912.9
22870006617000,55,31,24,2733.5
22870006618000,54,26,28,1593
22870006619000,2,1,1,0
22870006620000,8,3,5,332.8
22870006621000,3,1,2,0
22870006626000,4,2,2,0
22870006630000,10,4,6,402
22870006631000,5,2,3,157
22870006642000,1,1,0,0
22870006643000,6,2,4,370.8
22870006644000,63,30,33,2696.4
22870006645000,56,30,26,2688
22870006646000,2,1,1,0
22870006648000,73,35,38,3190.1
22870006649000,732,365,367,24741.6
22870006650000,345,188,157,14007
22870006651000,38,22,16,1911.4
22870006652000,18,8,10,826.2
22870006653000,16,10,6,643.2
22870006655000,3,2,1,0
22870006658000,28,15,13,1316
22870006659000,27,16,11,980.1
22870006660000,81,45,36,3863.7
22870006661000,27,18,9,1244.7
22870006662000,14,8,6,544.6
22870006663000,22,14,8,990
22870006664000,3,1,2,0
22870006665000,9,6,3,522.9
22870006666000,31,18,13,1122.2
22870006667000,14,9,5,418.6
22870006668000,18,10,8,601.2
22870006669000,7,5,2,198.8
22870006672000,1566,804,762,57159
22870006673000,2588,1281,1307,115424.8
22870006674000,2336,1160,1176,90870.4
22870006675000,379,184,195,15614.8
22870006676000,229,120,109,8427.2
22870006677000,9,7,2,396.9
22870006678000,61,33,28,2909.7
22870006679000,16,11,5,566.4
22870006680000,31,18,13,1193.5
22870006681000,45,25,20,1719
22870006682000,101,52,49,3939
22870006683000,929,456,473,28706.1
22870006684000,75,40,35,3075
22870006685000,1,1,0,0
22870006688000,720,369,351,22896
22870006689000,1869,944,925,70835.1
22870006690000,287,137,150,12972.4
22870006691000,206,107,99,8384.2
22870006692000,64,33,31,2329.6
22870006702000,3,1,2,0
22870006711000,12,7,5,559.2
22870006712000,25,14,11,857.5
22870006713000,12,6,6,394.8
22870006734000,2,1,1,0
22870006736000,2,2,0,0
22870006737000,2,2,0,0
22870006739000,13,5,8,673.4
22870006740000,18,9,9,658.8
22870006741000,8,4,4,376
22870006742000,82,43,39,3075
22870006743000,938,472,466,37707.6
22870006744000,583,300,283,21512.7
22870006745000,261,124,137,12554.1
22870006746000,1792,888,904,74726.4
22870006747000,647,326,321,25491.8
22870006748000,995,500,495,38606
22870006749000,165,82,83,6468
22870006750000,87,48,39,3097.2
22870006751000,11,6,5,394.9
22870006752000,15,8,7,477
22870006753000,24,15,9,1065.6
22870006754000,28,11,17,1386
22870006755000,32,16,16,1628.8
22870006756000,9,5,4,449.1
22870006757000,5,2,3,234
22870006820000,2,1,1,0
22870006821000,12,6,6,752.4
22870006830000,3,1,2,0
22870006831000,27,13,14,1150.2
22870006832000,23,13,10,1311
22870006833000,3,2,1,0
22870006834000,21,12,9,1029
22870006882000,2,0,2,0
22870006909000,2,0,2,0
22870006910000,1,1,0,0
22870006918000,65,33,32,2444
22870006919000,23,11,12,878.6
22870006922000,1,0,1,0
22870006924000,2,2,0,0
22870006926000,28,13,15,1013.6
22870006927000,43,25,18,1775.9
22870006928000,35,19,16,1505
22870006929000,3,1,2,0
22870006930000,2,1,1,0
22870006987000,4,4,0,0
22870006988000,7,3,4,231
22870007020000,9,6,3,460.8
22870007028000,6,3,3,247.8
22870007029000,5,2,3,219
22870007031000,2,1,1,0
22870007039000,144,83,61,4593.6
22870007040000,647,334,313,23097.9
22870007055000,12,5,7,530.4
22870007056000,72,36,36,3276
22870007057000,54,29,25,2527.2
22870007058000,150,75,75,5130
22870007059000,73,33,40,3416.4
22870007060000,6,3,3,250.8
22870007069000,5,4,1,283
22870007070000,27,13,14,1309.5
22870007079000,4,2,2,0
22870007085000,6,3,3,295.8
22870007133000,23,14,9,1170.7
22870007134000,21,11,10,800.1
22870007153000,4,2,2,0
22880006558000,470,251,219,18894
22880006559000,271,143,128,10216.7
22880006560000,2,2,0,0
22880006561000,11,6,5,319
22880006562000,13,9,4,552.5
22880006565000,6,2,4,324
22880006566000,3,2,1,0
22880006567000,3,1,2,0
22880006568000,11,7,4,399.3
22880006569000,26,15,11,886.6
22880006570000,6,3,3,172.2
22880006577000,14,8,6,593.6
22880006579000,6,3,3,223.8
22880006584000,14,9,5,635.6
22880006585000,8,5,3,415.2
22880006586000,20,11,9,878
22880006587000,16,8,8,430.4
22880006588000,5,2,3,153
22880006589000,2,1,1,0
22880006590000,6,5,1,175.2
22880006592000,6,2,4,100.8
22880006593000,10,5,5,298
22880006594000,19,9,10,374.3
22880006595000,23,11,12,933.8
22880006596000,7,4,3,268.1
22880006597000,4,2,2,0
22880006598000,33,17,16,1102.2
22880006599000,27,16,11,1044.9
22880006600000,22,10,12,939.4
22880006601000,21,13,8,745.5
22880006602000,24,13,11,1022.4
22880006603000,37,17,20,1565.1
22880006604000,13,7,6,356.2
22880006605000,8,4,4,448.8
22880006606000,10,7,3,552
22880006607000,22,12,10,1111
22880006608000,5,3,2,137
22880006609000,26,18,8,884
22880006610000,216,114,102,8402.4
22880006611000,156,81,75,6240
22880006612000,33,18,15,1293.6
22880006613000,7,2,5,270.9
22880006614000,7,4,3,280
22880006615000,3,2,1,0
22880006616000,5,3,2,176
22880006617000,9,3,6,405.9
22880006620000,6,2,4,283.2
22880006622000,4,1,3,0
22880006639000,22,15,7,860.2
22880006640000,48,21,27,2112
22880006641000,30,13,17,1821
22880006642000,46,23,23,1748
22880006643000,115,62,53,4519.5
22880006644000,158,83,75,6320
22880006648000,8,6,2,288.8
22880006649000,65,38,27,2990
22880006650000,101,50,51,3979.4
22880006651000,73,42,31,2861.6
22880006652000,18,10,8,795.6
22880006653000,174,90,84,6368.4
22880006654000,10,6,4,470
22880006655000,3,1,2,0
22880006656000,8,5,3,266.4
22880006657000,9,4,5,344.7
22880006658000,22,11,11,1097.8
22880006659000,50,23,27,2050
22880006660000,39,21,18,1341.6
22880006661000,20,13,7,694
22880006665000,4,2,2,0
22880006666000,13,8,5,704.6
22880006667000,28,13,15,1055.6
22880006668000,15,8,7,525
22880006669000,14,6,8,635.6
22880006670000,3,2,1,0
22880006672000,1505,748,757,47407.5
22880006673000,1686,831,855,63225
22880006674000,749,366,383,27713
22880006675000,2032,1012,1020,66446.4
22880006678000,6,3,3,220.8
22880006679000,4,3,1,0
22880006681000,4,2,2,0
22880006683000,7,6,1,242.9
22880006684000,143,87,56,5734.3
22880006685000,36,24,12,1526.4
22880006686000,78,41,37,3361.8
22880006687000,1478,739,739,50991
22880006688000,1069,541,528,43935.9
22880006689000,722,353,369,32562.2
22880006690000,62,34,28,2114.2
22880006691000,97,41,56,4491.1
22880006692000,50,28,22,1750
22880006693000,5,3,2,153
22880006694000,3,1,2,0
22880006695000,1,1,0,0
22880006710000,28,12,16,1072.4
22880006711000,256,134,122,10803.2
22880006712000,172,87,85,6759.6
22880006713000,16,8,8,704
22880006723000,2,1,1,0
22880006733000,15,8,7,730.5
22880006734000,19,9,10,1008.9
22880006735000,22,10,12,803
22880006736000,7,4,3,217.7
22880006737000,34,14,20,1577.6
22880006738000,127,63,64,4432.3
22880006739000,40,21,19,1400
22880006740000,41,18,23,1492.4
22880006741000,7,4,3,217
22880006742000,36,16,20,1533.6
22880006743000,826,406,420,32131.4
22880006744000,1458,687,771,62839.8
22880006745000,470,216,254,20962
22880006746000,88,42,46,3379.2
22880006747000,79,43,36,2907.2
22880006748000,54,31,23,2079
22880006749000,45,25,20,1341
22880006750000,42,22,20,1566.6
22880006751000,7,4,3,300.3
22880006752000,30,17,13,1368
22880006753000,11,6,5,452.1
22880006754000,46,24,22,1844.6
22880006757000,5,2,3,67
22880006818000,6,3,3,163.8
22880006819000,7,3,4,340.2
22880006820000,15,8,7,673.5
22880006821000,18,8,10,844.2
22880006823000,1,0,1,0
22880006828000,3,2,1,0
22880006829000,10,5,5,556
22880006830000,43,18,25,2089.8
22880006831000,42,24,18,2268
22880006832000,53,30,23,2771.9
22880006833000,8,5,3,327.2
22880006834000,3,2,1,0
22880006835000,8,3,5,328
22880006879000,1,1,0,0
22880006920000,16,8,8,614.4
22880006924000,20,11,9,708
22880006925000,10,3,7,281
22880006926000,6,2,4,199.8
22880006927000,4,1,3,0
22880006930000,9,6,3,394.2
22880006931000,4,1,3,0
22880006988000,7,3,4,247.8
22880007028000,2,2,0,0
22880007031000,14,6,8,694.4
22880007032000,6,4,2,226.8
22880007033000,22,12,10,1207.8
22880007034000,39,22,17,1474.2
22880007035000,10,5,5,443
22880007038000,6,4,2,271.2
22880007039000,736,371,365,22963.2
22880007040000,717,372,345,20076
22880007056000,25,13,12,1200
22880007057000,55,30,25,2475
22880007058000,377,164,213,16663.4
22880007059000,40,23,17,1856
22880007060000,25,11,14,940
22880007061000,10,5,5,354
22880007070000,5,2,3,69
22880007085000,15,6,9,487.5
22880007087000,1,1,0,0
22880007131000,16,9,7,686.4
22880007132000,26,19,7,964.6
22880007133000,2,1,1,0
22880007147000,1,1,0,0
22880007149000,2,1,1,0
22880007152000,7,3,4,212.1
22880007153000,17,10,7,943.5
22890006558000,41,20,21,1492.4
22890006559000,59,27,32,2094.5
22890006560000,15,11,4,601.5
22890006561000,9,4,5,543.6
22890006562000,7,3,4,280.7
22890006563000,19,7,12,820.8
22890006564000,11,5,6,507.1
22890006566000,16,10,6,462.4
22890006567000,26,13,13,1214.2
22890006568000,11,6,5,376.2
22890006569000,8,4,4,250.4
22890006573000,10,6,4,237
22890006575000,12,7,5,543.6
22890006576000,2,2,0,0
22890006582000,6,1,5,276
22890006585000,4,3,1,0
22890006586000,11,6,5,556.6
22890006587000,12,5,7,345.6
22890006588000,15,11,4,817.5
22890006593000,13,6,7,464.1
22890006594000,21,13,8,735
22890006595000,22,11,11,750.2
22890006596000,13,6,7,503.1
22890006597000,21,14,7,751.8
22890006598000,31,14,17,1004.4
22890006599000,10,6,4,464
22890006600000,11,6,5,570.9
22890006601000,22,9,13,723.8
22890006602000,19,9,10,1035.5
22890006603000,15,7,8,472.5
22890006604000,28,15,13,966
22890006605000,14,7,7,617.4
22890006606000,13,9,4,465.4
22890006608000,5,3,2,143
22890006609000,10,5,5,371
22890006610000,153,74,79,6992.1
22890006611000,303,160,143,12604.8
22890006612000,22,13,9,979
22890006613000,17,8,9,562.7
22890006614000,5,3,2,205
22890006615000,1,1,0,0
22890006618000,17,11,6,722.5
22890006619000,1,1,0,0
22890006620000,4,1,3,0
22890006621000,14,8,6,418.6
22890006622000,18,6,12,640.8
22890006623000,20,15,5,818
22890006624000,19,12,7,773.3
22890006625000,10,4,6,473
22890006626000,5,2,3,124
22890006627000,1,1,0,0
22890006629000,5,3,2,137
22890006630000,13,6,7,423.8
22890006631000,11,7,4,413.6
22890006632000,14,10,4,651
22890006633000,14,8,6,666.4
22890006634000,18,10,8,797.4
22890006635000,14,9,5,504
22890006637000,2,1,1,0
22890006638000,19,13,6,539.6
22890006639000,19,10,9,714.4
22890006640000,60,34,26,2796
22890006641000,137,74,63,5438.9
22890006642000,17,8,9,635.8
22890006643000,228,110,118,8527.2
22890006644000,332,176,156,10258.8
22890006650000,8,5,3,300
22890006651000,13,7,6,685.1
22890006653000,24,13,11,1082.4
22890006654000,96,46,50,3955.2
22890006655000,831,408,423,28503.3
22890006656000,169,76,93,5746
22890006657000,6,4,2,265.8
22890006658000,9,4,5,260.1
22890006659000,656,342,314,25190.4
22890006660000,108,60,48,4309.2
22890006661000,23,17,6,867.1
22890006662000,12,7,5,459.6
22890006663000,11,4,7,547.8
22890006664000,5,3,2,346
22890006665000,36,22,14,1447.2
22890006666000,11,6,5,553.3
22890006667000,142,82,60,5594.8
22890006668000,1059,529,530,35264.7
22890006669000,24,14,10,1358.4
22890006671000,42,24,18,1705.2
22890006672000,1339,671,668,45258.2
22890006673000,318,158,160,12020.4
22890006674000,6,3,3,255
22890006675000,2,1,1,0
22890006676000,22,9,13,785.4
22890006677000,11,6,5,425.7
22890006678000,54,28,26,1981.8
22890006683000,26,11,15,1060.8
22890006684000,532,275,257,17928.4
22890006685000,1227,643,584,39754.8
22890006686000,766,382,384,25584.4
22890006687000,1761,904,857,66565.8
22890006688000,563,274,289,23927.5
22890006689000,251,134,117,10090.2
22890006690000,225,129,96,9000
22890006691000,70,36,34,2961
22890006692000,75,42,33,2827.5
22890006693000,254,120,134,11379.2
22890006694000,200,94,106,6580
22890006695000,22,10,12,754.6
22890006696000,5,3,2,204
22890006697000,1,1,0,0
22890006699000,2,1,1,0
22890006701000,6,3,3,187.8
22890006702000,12,9,3,454.8
22890006703000,1,1,0,0
22890006709000,5,3,2,303
22890006710000,30,16,14,1065
22890006711000,10,5,5,441
22890006712000,7,3,4,191.8
22890006713000,86,46,40,3990.4
22890006714000,26,14,12,1084.2
22890006718000,8,6,2,276.8
22890006719000,9,5,4,275.4
22890006722000,4,1,3,0
22890006729000,2,1,1,0
22890006731000,8,4,4,420
22890006732000,9,6,3,398.7
22890006733000,20,12,8,872
22890006734000,10,6,4,401
22890006735000,28,15,13,932.4
22890006736000,106,50,56,3307.2
22890006737000,46,22,24,2001
22890006738000,19,12,7,1065.9
22890006739000,132,67,65,4250.4
22890006740000,226,103,123,7842.2
22890006741000,21,11,10,737.1
22890006742000,60,28,32,2328
22890006743000,1675,832,843,65660
22890006744000,303,153,150,12998.7
22890006745000,17,8,9,749.7
22890006746000,870,417,453,33669
22890006747000,1197,549,648,50752.8
22890006748000,58,35,23,2552
22890006749000,445,228,217,17221.5
22890006750000,142,76,66,6020.8
22890006751000,37,23,14,1487.4
22890006752000,22,12,10,805.2
22890006753000,12,7,5,516
22890006754000,49,24,25,1920.8
22890006755000,51,26,25,1963.5
22890006756000,8,4,4,340
22890006816000,15,8,7,780
22890006817000,1,0,1,0
22890006818000,7,2,5,284.9
22890006824000,26,13,13,1240.2
22890006825000,4,2,2,0
22890006826000,3,2,1,0
22890006827000,13,6,7,481
22890006828000,23,11,12,851
22890006829000,4,1,3,0
22890006830000,4,2,2,0
22890006831000,33,17,16,1593.9
22890006832000,207,116,91,8921.7
22890006833000,298,142,156,12605.4
22890006834000,62,34,28,2752.8
22890006835000,6,3,3,129
22890006876000,1,1,0,0
22890006917000,6,2,4,225
22890006922000,4,3,1,0
22890006923000,13,7,6,555.1
22890006924000,5,3,2,332
22890006927000,9,6,3,322.2
22890007028000,5,3,2,108
22890007030000,20,12,8,896
22890007032000,64,33,31,2521.6
22890007033000,2,2,0,0
22890007034000,1,0,1,0
22890007035000,12,7,5,433.2
22890007036000,78,41,37,3049.8
22890007037000,115,56,59,3990.5
22890007038000,266,146,120,10054.8
22890007039000,488,249,239,16787.2
22890007040000,8,6,2,291.2
22890007047000,9,6,3,484.2
22890007048000,41,23,18,1590.8
22890007049000,19,10,9,792.3
22890007050000,46,18,28,1421.4
22890007051000,18,6,12,464.4
22890007055000,11,5,6,524.7
22890007056000,65,32,33,2177.5
22890007057000,83,48,35,3145.7
22890007058000,120,60,60,4992
22890007059000,46,23,23,1798.6
22890007060000,6,4,2,205.2
22890007061000,22,11,11,1029.6
22890007062000,28,15,13,1150.8
22890007070000,10,6,4,334
22890007071000,6,4,2,258
22890007072000,6,3,3,96
22890007080000,4,2,2,0
22890007086000,5,3,2,279
22890007130000,18,9,9,898.2
22890007131000,1,1,0,0
22890007147000,3,1,2,0
22900006559000,20,13,7,850
22900006560000,46,28,18,1904.4
22900006561000,45,27,18,1701
22900006562000,8,4,4,380
22900006563000,3,2,1,0
22900006564000,15,9,6,700.5
22900006565000,26,14,12,1149.2
22900006566000,24,15,9,1032
22900006567000,45,22,23,1656
22900006568000,10,5,5,426
22900006569000,3,1,2,0
22900006570000,3,2,1,0
22900006572000,1,1,0,0
22900006575000,3,1,2,0
22900006581000,7,4,3,286.3
22900006584000,1,0,1,0
22900006585000,12,8,4,454.8
22900006586000,11,6,5,269.5
22900006587000,23,11,12,897
22900006588000,35,17,18,1249.5
22900006589000,13,7,6,691.6
22900006590000,5,2,3,112
22900006592000,4,2,2,0
22900006593000,59,31,28,2312.8
22900006594000,16,10,6,801.6
22900006595000,21,13,8,884.1
22900006596000,11,5,6,463.1
22900006597000,4,4,0,0
22900006598000,20,12,8,896
22900006599000,6,2,4,285
22900006600000,16,8,8,684.8
22900006601000,4,3,1,0
22900006602000,63,30,33,2778.3
22900006603000,94,45,49,3609.6
22900006604000,15,9,6,757.5
22900006605000,46,29,17,1527.2
22900006606000,60,35,25,2292
22900006607000,4,2,2,0
22900006608000,15,8,7,529.5
22900006609000,109,32,77,8621.9
22900006610000,1,0,1,0
22900006611000,10,7,3,430
22900006612000,7,4,3,282.8
22900006613000,6,3,3,340.2
22900006614000,7,5,2,247.8
22900006615000,23,14,9,828
22900006616000,9,4,5,408.6
22900006617000,25,15,10,952.5
22900006618000,18,9,9,653.4
22900006619000,22,10,12,891
22900006620000,24,9,15,739.2
22900006621000,10,6,4,344
22900006622000,25,13,12,792.5
22900006623000,11,5,6,480.7
22900006624000,19,10,9,537.7
22900006625000,19,11,8,568.1
22900006626000,12,6,6,524.4
22900006627000,9,4,5,494.1
22900006628000,32,16,16,1248
22900006629000,11,7,4,398.2
22900006630000,6,4,2,352.2
22900006631000,27,16,11,1204.2
22900006632000,34,12,22,1370.2
22900006633000,46,26,20,2083.8
22900006634000,77,43,34,3241.7
22900006635000,23,16,7,867.1
22900006637000,2,1,1,0
22900006638000,2,1,1,0
22900006639000,20,10,10,678
22900006640000,12,5,7,561.6
22900006641000,11,7,4,555.5
22900006642000,28,17,11,1080.8
22900006643000,75,41,34,2970
22900006644000,12,6,6,501.6
22900006653000,377,177,200,11800.1
22900006654000,1370,688,682,51238
22900006655000,1617,763,854,72926.7
22900006656000,158,72,86,6067.2
22900006657000,47,25,22,1941.1
22900006658000,58,27,31,2285.2
22900006659000,283,150,133,11263.4
22900006660000,39,21,18,1677
22900006661000,19,10,9,921.5
22900006663000,40,24,16,1788
22900006666000,4,1,3,0
22900006667000,25,14,11,962.5
22900006668000,19,12,7,1086.8
22900006669000,6,3,3,403.2
22900006670000,17,11,6,664.7
22900006671000,23,11,12,832.6
22900006672000,1316,666,650,42638.4
22900006673000,480,248,232,16368
22900006674000,12,7,5,256.8
22900006676000,47,22,25,1880
22900006677000,90,50,40,3915
22900006681000,8,4,4,288.8
22900006682000,2,1,1,0
22900006683000,24,11,13,1120.8
22900006684000,578,279,299,18958.4
22900006685000,819,422,397,29320.2
22900006686000,103,58,45,3831.6
22900006687000,48,25,23,2011.2
22900006688000,17,7,10,759.9
22900006689000,37,19,18,1879.6
22900006690000,64,30,34,2144
22900006691000,25,17,8,1257.5
22900006692000,35,16,19,1624
22900006693000,546,273,273,22058.4
22900006694000,352,173,179,11686.4
22900006695000,51,24,27,2004.3
22900006696000,20,9,11,674
22900006697000,20,10,10,718
22900006698000,33,17,16,1488.3
22900006699000,24,13,11,1003.2
22900006700000,230,123,107,9890
22900006701000,103,50,53,4243.6
22900006702000,76,42,34,2979.2
22900006703000,43,22,21,2141.4
22900006706000,25,14,11,1057.5
22900006707000,16,8,8,774.4
22900006708000,29,14,15,1078.8
22900006709000,4,3,1,0
22900006714000,23,12,11,1288
22900006715000,23,12,11,1205.2
22900006716000,9,5,4,422.1
22900006717000,52,21,31,2095.6
22900006718000,15,6,9,514.5
22900006719000,41,24,17,1799.9
22900006720000,3,2,1,0
22900006726000,1,1,0,0
22900006732000,2,0,2,0
22900006733000,17,12,5,785.4
22900006734000,16,6,10,646.4
22900006735000,88,48,40,3467.2
22900006736000,24,13,11,955.2
22900006737000,18,10,8,743.4
22900006738000,17,7,10,703.8
22900006739000,9,5,4,330.3
22900006740000,8,3,5,296.8
22900006741000,66,40,26,2785.2
22900006742000,305,162,143,11498.5
22900006743000,221,117,104,7337.2
22900006744000,107,60,47,3659.4
22900006745000,631,335,296,23473.2
22900006746000,328,172,156,13677.6
22900006747000,240,127,113,9096
22900006748000,258,122,136,12590.4
22900006749000,256,111,145,9856
22900006750000,106,51,55,3943.2
22900006751000,5,3,2,217
22900006752000,32,18,14,1424
22900006753000,27,13,14,955.8
22900006754000,7,2,5,371.7
22900006755000,74,36,38,2752.8
22900006815000,7,4,3,431.2
22900006816000,49,26,23,1465.1
22900006817000,1,0,1,0
22900006818000,3,2,1,0
22900006824000,10,5,5,487
22900006825000,13,8,5,314.6
22900006826000,7,3,4,378.7
22900006827000,1,1,0,0
22900006828000,2,1,1,0
22900006829000,11,6,5,312.4
22900006830000,18,10,8,849.6
22900006831000,11,6,5,359.7
22900006832000,388,178,210,17382.4
22900006833000,223,103,120,11819
22900006835000,8,3,5,162.4
22900006875000,4,3,1,0
22900006905000,1,0,1,0
22900006921000,6,3,3,193.2
22900006922000,9,5,4,403.2
22900006923000,8,4,4,419.2
22900006926000,14,6,8,634.2
22900006927000,7,6,1,275.1
22900006988000,15,7,8,675
22900006989000,8,5,3,296.8
22900007023000,1,1,0,0
22900007028000,14,6,8,586.6
22900007029000,72,36,36,3124.8
22900007032000,2,1,1,0
22900007036000,5,3,2,168
22900007037000,600,300,300,24120
22900007038000,859,410,449,39428.1
22900007039000,325,167,158,11927.5
22900007040000,17,7,10,994.5
22900007045000,8,4,4,464.8
22900007046000,56,30,26,2402.4
22900007047000,63,35,28,2475.9
22900007048000,57,29,28,1932.3
22900007049000,47,23,24,1659.1
22900007050000,46,21,25,2194.2
22900007051000,16,9,7,723.2
22900007052000,19,12,7,687.8
22900007056000,6,3,3,243
22900007057000,115,54,61,3864
22900007058000,29,15,14,1070.1
22900007059000,6,2,4,339
22900007060000,7,6,1,212.1
22900007061000,16,6,10,737.6
22900007062000,25,16,9,785
22900007063000,1,0,1,0
22900007071000,10,4,6,485
22900007072000,3,1,2,0
22900007130000,14,8,6,953.4
22900007131000,6,4,2,280.2
22900007150000,3,2,1,0
22900007151000,4,2,2,0
22900007152000,1,1,0,0
22910006558000,136,71,65,6514.4
22910006559000,402,195,207,15838.8
22910006560000,1218,611,607,49572.6
22910006561000,207,105,102,9170.1
22910006562000,4,2,2,0
22910006563000,14,7,7,355.6
22910006564000,8,4,4,410.4
22910006565000,9,6,3,309.6
22910006566000,20,12,8,786
22910006567000,10,5,5,466
22910006568000,1,0,1,0
22910006570000,10,6,4,404
22910006571000,9,5,4,411.3
22910006572000,5,3,2,175
22910006573000,5,3,2,184
22910006574000,2,1,1,0
22910006575000,4,3,1,0
22910006576000,11,6,5,444.4
22910006583000,4,2,2,0
22910006584000,2,2,0,0
22910006585000,9,5,4,402.3
22910006587000,5,1,4,105
22910006589000,11,6,5,453.2
22910006590000,22,13,9,957
22910006591000,12,3,9,331.2
22910006592000,25,13,12,935
22910006593000,214,108,106,7190.4
22910006594000,840,412,428,33768
22910006595000,335,162,173,13601
22910006596000,23,13,10,823.4
22910006597000,24,15,9,931.2
22910006598000,16,10,6,716.8
22910006599000,5,3,2,204
22910006600000,3,2,1,0
22910006601000,24,12,12,988.8
22910006602000,99,50,49,2880.9
22910006603000,12,2,10,322.8
22910006604000,1,0,1,0
22910006605000,35,15,20,1606.5
22910006606000,453,212,241,17802.9
22910006607000,172,90,82,6295.2
22910006608000,132,68,64,6032.4
22910006609000,93,50,43,3413.1
22910006611000,2,2,0,0
22910006612000,17,10,7,746.3
22910006613000,13,7,6,601.9
22910006614000,21,14,7,1003.8
22910006615000,30,11,19,825
22910006616000,18,10,8,820.8
22910006617000,62,31,31,2647.4
22910006618000,23,12,11,968.3
22910006619000,19,11,8,782.8
22910006620000,49,23,26,1798.3
22910006621000,34,17,17,1268.2
22910006622000,7,4,3,251.3
22910006623000,310,158,152,13671
22910006624000,388,204,184,16218.4
22910006625000,56,33,23,2200.8
22910006626000,40,19,21,1796
22910006627000,31,17,14,1670.9
22910006628000,50,26,24,2420
22910006629000,12,5,7,400.8
22910006630000,60,31,29,2586
22910006631000,3,2,1,0
22910006632000,10,4,6,441
22910006633000,6,3,3,216
22910006636000,2,1,1,0
22910006637000,2,1,1,0
22910006642000,29,14,15,1296.3
22910006643000,13,6,7,549.9
22910006654000,93,49,44,3766.5
22910006655000,291,149,142,11901.9
22910006656000,252,137,115,10029.6
22910006657000,13,6,7,799.5
22910006658000,5,2,3,170
22910006659000,2,2,0,0
22910006660000,13,6,7,526.5
22910006661000,12,5,7,399.6
22910006663000,16,8,8,646.4
22910006664000,33,21,12,1148.4
22910006666000,5,3,2,217
22910006667000,92,49,43,3588
22910006668000,10,5,5,402
22910006669000,13,8,5,608.4
22910006670000,33,13,20,1095.6
22910006671000,18,9,9,986.4
22910006672000,25,8,17,1090
22910006673000,313,147,166,9890.8
22910006674000,13,6,7,715
22910006677000,25,14,11,877.5
22910006678000,10,6,4,395
22910006682000,20,11,9,1044
22910006684000,4,1,3,0
22910006685000,34,21,13,962.2
22910006686000,18,9,9,561.6
22910006687000,97,47,50,3792.7
22910006688000,10,7,3,428
22910006689000,26,17,9,1011.4
22910006690000,4,3,1,0
22910006691000,2,1,1,0
22910006692000,36,20,16,1605.6
22910006693000,234,111,123,10459.8
22910006694000,226,122,104,8384.6
22910006695000,47,24,23,1790.7
22910006696000,20,9,11,1118
22910006697000,65,33,32,2554.5
22910006698000,49,25,24,1813
22910006699000,19,11,8,651.7
22910006700000,35,16,19,1267
22910006701000,163,89,74,6145.1
22910006717000,3,2,1,0
22910006718000,7,3,4,370.3
22910006719000,8,4,4,395.2
22910006725000,9,5,4,434.7
22910006727000,7,4,3,440.3
22910006728000,7,5,2,438.9
22910006729000,18,8,10,703.8
22910006730000,6,2,4,418.8
22910006731000,4,3,1,0
22910006733000,2,2,0,0
22910006734000,26,13,13,1050.4
22910006735000,69,36,33,2987.7
22910006736000,177,92,85,7522.5
22910006737000,627,263,364,35112
22910006738000,30,17,13,1155
22910006739000,47,27,20,1616.8
22910006740000,57,28,29,2827.2
22910006741000,43,24,19,1565.2
22910006742000,8,4,4,360
22910006743000,88,46,42,3616.8
22910006744000,29,14,15,1023.7
22910006745000,11,6,5,369.6
22910006746000,129,70,59,4966.5
22910006747000,144,77,67,5500.8
22910006748000,127,75,52,4940.3
22910006749000,28,14,14,1100.4
22910006750000,39,19,20,1887.6
22910006751000,17,10,7,1030.2
22910006752000,28,14,14,1486.8
22910006753000,21,11,10,936.6
22910006754000,35,20,15,1354.5
22910006755000,38,20,18,1413.6
22910006814000,1,1,0,0
22910006815000,7,3,4,401.1
22910006816000,19,13,6,661.2
22910006828000,4,3,1,0
22910006832000,18,8,10,617.4
22910006873000,6,3,3,318
22910006900000,6,5,1,196.8
22910006901000,23,11,12,853.3
22910006902000,9,5,4,329.4
22910006919000,1,1,0,0
22910006923000,11,5,6,455.4
22910006924000,6,4,2,271.8
22910006926000,12,6,6,616.8
22910006927000,24,13,11,871.2
22910006988000,1,0,1,0
22910006989000,9,6,3,495
22910007029000,8,3,5,415.2
22910007030000,3,2,1,0
22910007038000,192,90,102,6489.6
22910007039000,473,228,245,17784.8
22910007040000,146,73,73,5256
22910007045000,3,2,1,0
22910007046000,17,10,7,661.3
22910007047000,39,22,17,1536.6
22910007048000,35,17,18,1417.5
22910007049000,433,215,218,15631.3
22910007050000,30,17,13,1155
22910007051000,20,8,12,808
22910007052000,27,14,13,899.1
22910007057000,101,52,49,4252.1
22910007058000,1,0,1,0
22910007059000,17,9,8,860.2
22910007060000,6,4,2,198
22910007061000,27,15,12,1044.9
22910007062000,37,18,19,1642.8
22910007063000,3,2,1,0
22910007071000,14,7,7,562.8
22910007072000,2,2,0,0
22910007081000,10,6,4,321
22910007086000,2,1,1,0
22910007102000,5,3,2,200
22910007151000,1,0,1,0
22920006557000,50,30,20,2165
22920006558000,113,46,67,7401.5
22920006559000,2130,1049,1081,90099
22920006560000,2527,1170,1357,112956.9
22920006561000,692,341,351,27610.8
22920006562000,892,459,433,28365.6
22920006563000,23,13,10,1340.9
22920006564000,24,10,14,868.8
22920006565000,24,12,12,811.2
22920006566000,8,5,3,264.8
22920006573000,6,3,3,274.8
22920006574000,6,2,4,208.8
22920006578000,3,2,1,0
22920006579000,1,1,0,0
22920006584000,7,4,3,259
22920006585000,19,8,11,590.9
22920006586000,9,4,5,273.6
22920006589000,1,1,0,0
22920006590000,22,10,12,704
22920006591000,129,69,60,5611.5
22920006592000,378,177,201,17047.8
22920006593000,1119,522,597,56285.7
22920006594000,252,119,133,10231.2
22920006595000,22,12,10,754.6
22920006596000,12,7,5,586.8
22920006597000,11,6,5,598.4
22920006598000,53,24,29,1971.6
22920006599000,9,6,3,471.6
22920006600000,9,6,3,329.4
22920006601000,4,3,1,0
22920006602000,16,8,8,776
22920006603000,5,3,2,315
22920006604000,3,2,1,0
22920006605000,9,6,3,501.3
22920006606000,179,86,93,7195.8
22920006607000,1658,793,865,76102.2
22920006608000,1225,603,622,46305
22920006609000,425,204,221,17680
22920006610000,14,9,5,723.8
22920006611000,8,5,3,308.8
22920006612000,17,8,9,411.4
22920006613000,27,15,12,1212.3
22920006614000,50,24,26,2085
22920006615000,45,27,18,1620
22920006616000,519,261,258,22576.5
22920006617000,738,345,393,36309.6
22920006618000,12,7,5,537.6
22920006619000,26,13,13,975
22920006620000,22,8,14,662.2
22920006621000,20,11,9,678
22920006622000,15,8,7,721.5
22920006623000,30,15,15,852
22920006624000,97,50,47,3909.1
22920006625000,18,9,9,811.8
22920006630000,4,3,1,0
22920006642000,31,18,13,1286.5
22920006643000,5,3,2,261
22920006649000,6,4,2,372
22920006654000,45,24,21,1818
22920006655000,82,45,37,2747
22920006656000,5,2,3,215
22920006658000,36,23,13,1450.8
22920006659000,5,2,3,299
22920006661000,9,4,5,352.8
22920006662000,18,11,7,820.8
22920006664000,16,8,8,638.4
22920006665000,36,18,18,1605.6
22920006666000,14,6,8,693
22920006667000,9,4,5,447.3
22920006668000,32,16,16,1398.4
22920006669000,6,3,3,211.8
22920006670000,5,3,2,232
22920006671000,38,23,15,1204.6
22920006672000,1,0,1,0
22920006673000,285,158,127,10345.5
22920006674000,41,21,20,1914.7
22920006675000,49,26,23,1974.7
22920006676000,134,70,64,5547.6
22920006677000,284,135,149,10195.6
22920006678000,493,247,246,18931.2
22920006679000,16,9,7,662.4
22920006680000,15,10,5,529.5
22920006681000,15,10,5,724.5
22920006682000,7,3,4,235.9
22920006686000,3,1,2,0
22920006687000,12,7,5,590.4
22920006688000,31,14,17,1336.1
22920006689000,117,64,53,4469.4
22920006690000,37,22,15,1406
22920006691000,55,29,26,2409
22920006692000,26,14,12,930.8
22920006693000,257,126,131,9791.7
22920006694000,73,45,28,2949.2
22920006695000,13,6,7,709.8
22920006696000,11,6,5,575.3
22920006697000,36,17,19,1674
22920006698000,9,5,4,468
22920006699000,72,40,32,2844
22920006700000,96,45,51,3936
22920006701000,47,26,21,1753.1
22920006702000,29,13,16,1073
22920006704000,2,1,1,0
22920006724000,12,6,6,344.4
22920006725000,1,1,0,0
22920006726000,28,14,14,896
22920006727000,10,5,5,505
22920006728000,9,5,4,482.4
22920006729000,4,0,4,0
22920006730000,21,11,10,863.1
22920006731000,24,15,9,1053.6
22920006732000,7,4,3,459.2
22920006733000,47,24,23,2147.9
22920006734000,33,21,12,1221
22920006735000,32,17,15,1513.6
22920006736000,787,402,385,31086.5
22920006737000,874,445,429,38630.8
22920006738000,171,79,92,7421.4
22920006739000,62,30,32,2374.6
22920006740000,30,14,16,1017
22920006741000,15,8,7,595.5
22920006742000,11,8,3,342.1
22920006743000,20,10,10,1034
22920006744000,24,13,11,1171.2
22920006745000,22,14,8,937.2
22920006746000,29,17,12,1029.5
22920006747000,114,59,55,4788
22920006748000,209,103,106,8778
22920006749000,69,38,31,2366.7
22920006750000,21,11,10,1029
22920006751000,45,21,24,2020.5
22920006752000,57,30,27,2080.5
22920006753000,4,2,2,0
22920006754000,2,1,1,0
22920006755000,223,117,106,7158.3
22920006814000,1,1,0,0
22920006815000,11,6,5,302.5
22920006831000,1,1,0,0
22920006832000,2,1,1,0
22920006871000,4,2,2,0
22920006872000,23,12,11,871.7
22920006873000,7,5,2,296.8
22920006899000,1,1,0,0
22920006900000,23,11,12,945.3
22920006901000,24,12,12,1058.4
22920006902000,6,2,4,303
22920006924000,7,4,3,231
22920006925000,38,19,19,1694.8
22920006926000,58,32,26,2546.2
22920006927000,39,22,17,1747.2
22920006928000,8,6,2,256.8
22920006989000,9,3,6,466.2
22920007007000,1,0,1,0
22920007029000,20,11,9,726
22920007040000,339,167,172,11017.5
22920007044000,5,3,2,214
22920007045000,20,11,9,780
22920007046000,18,6,12,651.6
22920007047000,46,25,21,1807.8
22920007048000,71,39,32,2804.5
22920007049000,481,222,259,17556.5
22920007051000,87,46,41,3010.2
22920007052000,22,10,12,1146.2
22920007057000,25,12,13,1245
22920007058000,12,7,5,482.4
22920007059000,14,8,6,646.8
22920007060000,19,8,11,906.3
22920007061000,49,23,26,1979.6
22920007062000,41,22,19,1631.8
22920007081000,3,1,2,0
22930006553000,2,1,1,0
22930006554000,30,16,14,1341
22930006555000,83,37,46,3535.8
22930006556000,329,171,158,10824.1
22930006557000,363,193,170,14411.1
22930006558000,1426,740,686,59749.4
22930006559000,2558,1271,1287,116389
22930006560000,2001,1010,991,79039.5
22930006561000,1821,911,910,73932.6
22930006562000,372,188,184,13392
22930006564000,14,8,6,754.6
22930006565000,26,14,12,1076.4
22930006566000,21,10,11,810.6
22930006571000,8,4,4,328.8
22930006573000,4,2,2,0
22930006581000,2,1,1,0
22930006583000,13,8,5,296.4
22930006584000,6,2,4,88.8
22930006585000,7,4,3,385
22930006586000,8,3,5,240
22930006588000,3,2,1,0
22930006589000,6,4,2,357
22930006590000,13,6,7,445.9
22930006591000,222,104,118,9035.4
22930006592000,833,417,416,35569.1
22930006593000,98,64,34,3410.4
22930006594000,5,2,3,122
22930006595000,29,15,14,1044
22930006596000,13,7,6,547.3
22930006597000,6,3,3,250.2
22930006598000,8,5,3,242.4
22930006599000,3,1,2,0
22930006600000,14,7,7,588
22930006601000,16,8,8,633.6
22930006602000,133,66,67,5093.9
22930006603000,230,121,109,7383
22930006604000,36,18,18,1400.4
22930006605000,18,11,7,1000.8
22930006606000,382,189,193,17877.6
22930006607000,1300,630,670,57330
22930006608000,221,111,110,9746.1
22930006609000,232,127,105,8630.4
22930006610000,17,11,6,652.8
22930006611000,16,9,7,689.6
22930006612000,4,1,3,0
22930006614000,21,11,10,831.6
22930006615000,2,2,0,0
22930006616000,182,89,93,6679.4
22930006617000,534,281,253,20665.8
22930006618000,6,4,2,276
22930006619000,20,12,8,690
22930006620000,5,2,3,341
22930006621000,18,11,7,594
22930006622000,1,1,0,0
22930006623000,8,4,4,360.8
22930006624000,13,8,5,728
22930006625000,30,14,16,1101
22930006626000,18,8,10,655.2
22930006627000,3,2,1,0
22930006630000,5,2,3,135
22930006641000,9,5,4,441
22930006650000,3,1,2,0
22930006651000,8,5,3,519.2
22930006654000,9,7,2,323.1
22930006655000,44,20,24,1922.8
22930006656000,110,55,55,4257
22930006657000,210,109,101,8421
22930006658000,56,31,25,2044
22930006659000,36,15,21,1454.4
22930006661000,1,1,0,0
22930006662000,32,14,18,1161.6
22930006665000,2,1,1,0
22930006666000,1,1,0,0
22930006667000,38,24,14,1599.8
22930006668000,2,1,1,0
22930006669000,29,12,17,1220.9
22930006670000,2,1,1,0
22930006671000,59,35,24,1764.1
22930006672000,17,10,7,953.7
22930006673000,12,5,7,585.6
22930006674000,13,10,3,456.3
22930006675000,16,10,6,537.6
22930006676000,13,7,6,548.6
22930006677000,44,19,25,1500.4
22930006678000,210,109,101,7854
22930006679000,39,20,19,1474.2
22930006688000,21,11,10,714
22930006691000,50,26,24,2110
22930006692000,254,136,118,9017
22930006693000,499,235,264,23952
22930006694000,635,285,350,32067.5
22930006695000,94,48,46,3478
22930006696000,7,4,3,252.7
22930006697000,2,1,1,0
22930006698000,16,8,8,766.4
22930006699000,7,4,3,308.7
22930006700000,11,7,4,443.3
22930006701000,40,22,18,1360
22930006702000,367,180,187,15303.9
22930006703000,23,13,10,936.1
22930006704000,41,19,22,1713.8
22930006706000,22,14,8,979
22930006708000,9,3,6,374.4
22930006709000,29,17,12,1191.9
22930006710000,25,11,14,1135
22930006711000,1,0,1,0
22930006712000,2,1,1,0
22930006713000,11,5,6,445.5
22930006714000,12,7,5,465.6
22930006723000,3,1,2,0
22930006724000,4,2,2,0
22930006725000,1,0,1,0
22930006726000,21,10,11,1071
22930006727000,30,16,14,1584
22930006728000,35,13,22,1225
22930006729000,9,7,2,470.7
22930006730000,16,8,8,766.4
22930006731000,13,8,5,371.8
22930006732000,13,8,5,481
22930006733000,6,4,2,157.2
22930006734000,76,39,37,2819.6
22930006735000,22,13,9,880
22930006736000,452,225,227,15910.4
22930006737000,101,51,50,4040
22930006738000,26,13,13,1320.8
22930006739000,8,5,3,292.8
22930006740000,16,7,9,723.2
22930006741000,14,7,7,558.6
22930006742000,49,28,21,1955.1
22930006743000,13,5,8,565.5
22930006744000,107,63,44,3113.7
22930006745000,16,7,9,732.8
22930006746000,18,10,8,739.8
22930006747000,16,8,8,768
22930006748000,71,37,34,2932.3
22930006749000,61,33,28,2153.3
22930006750000,26,12,14,985.4
22930006751000,368,179,189,14536
22930006752000,209,102,107,7294.1
22930006753000,5,3,2,111
22930006754000,9,3,6,466.2
22930006755000,25,13,12,1245
22930006756000,44,26,18,1905.2
22930006814000,7,4,3,461.3
22930006815000,2,1,1,0
22930006831000,4,2,2,0
22930006866000,7,4,3,331.1
22930006867000,67,32,35,2921.2
22930006868000,119,59,60,5723.9
22930006869000,18,12,6,822.6
22930006870000,6,4,2,406.2
22930006871000,15,7,8,643.5
22930006872000,37,20,17,1764.9
22930006873000,6,3,3,271.8
22930006888000,1,1,0,0
22930006889000,4,2,2,0
22930006890000,1,0,1,0
22930006891000,12,8,4,490.8
22930006892000,32,13,19,1475.2
22930006924000,7,3,4,258.3
22930006925000,128,64,64,5888
22930006926000,326,174,152,13789.8
22930006927000,19,8,11,872.1
22930006935000,5,3,2,136
22930006990000,6,3,3,225
22930007020000,4,2,2,0
22930007029000,11,7,4,467.5
22930007030000,47,21,26,2086.8
22930007045000,58,35,23,2354.8
22930007046000,52,30,22,1601.6
22930007047000,28,10,18,1117.2
22930007048000,53,26,27,2326.7
22930007049000,122,59,63,4038.2
22930007050000,76,37,39,3252.8
22930007051000,81,42,39,2851.2
22930007052000,19,11,8,919.6
22930007058000,27,11,16,1047.6
22930007059000,23,12,11,1106.3
22930007060000,13,8,5,455
22930007061000,1,0,1,0
22930007062000,56,28,28,2301.6
22930007063000,19,9,10,748.6
22930007072000,2,2,0,0
22930007086000,5,4,1,205
22930007089000,4,2,2,0
22930007156000,40,21,19,2328
22930007157000,3,2,1,0
22940006550000,6,5,1,324
22940006552000,25,11,14,1130
22940006553000,151,79,72,6115.5
22940006554000,20,11,9,748
22940006555000,21,8,13,1144.5
22940006556000,11,5,6,523.6
22940006557000,364,172,192,15906.8
22940006558000,447,222,225,16717.8
22940006559000,182,99,83,8754.2
22940006560000,1239,632,607,49683.9
22940006561000,912,440,472,38212.8
22940006562000,6,3,3,183
22940006563000,2,2,0,0
22940006566000,3,2,1,0
22940006573000,2,1,1,0
22940006577000,3,2,1,0
22940006579000,16,10,6,576
22940006580000,11,8,3,402.6
22940006581000,12,5,7,375.6
22940006582000,12,4,8,592.8
22940006583000,20,9,11,792
22940006584000,13,6,7,404.3
22940006585000,56,32,24,2032.8
22940006586000,42,26,16,1365
22940006587000,9,4,5,323.1
22940006588000,18,12,6,885.6
22940006589000,14,7,7,436.8
22940006590000,8,6,2,316.8
22940006591000,37,17,20,1446.7
22940006592000,364,177,187,12594.4
22940006593000,4,1,3,0
22940006594000,27,12,15,1147.5
22940006595000,20,10,10,752
22940006596000,28,18,10,1108.8
22940006597000,21,11,10,926.1
22940006598000,37,19,18,1061.9
22940006599000,44,24,20,1513.6
22940006600000,27,13,14,1150.2
22940006601000,74,33,41,2375.4
22940006602000,173,92,81,5847.4
22940006603000,9,6,3,403.2
22940006604000,2,2,0,0
22940006605000,5,2,3,149
22940006606000,67,33,34,2606.3
22940006607000,112,68,44,4009.6
22940006608000,36,18,18,1616.4
22940006609000,10,4,6,193
22940006610000,11,6,5,476.3
22940006611000,3,3,0,0
22940006613000,2,1,1,0
22940006614000,10,5,5,620
22940006616000,15,8,7,520.5
22940006617000,13,9,4,383.5
22940006618000,6,3,3,172.8
22940006619000,11,4,7,269.5
22940006620000,16,11,5,590.4
22940006621000,1,1,0,0
22940006625000,3,2,1,0
22940006626000,2,1,1,0
22940006627000,6,2,4,315
22940006632000,2,1,1,0
22940006641000,4,1,3,0
22940006651000,11,5,6,500.5
22940006652000,26,13,13,852.8
22940006653000,39,18,21,1747.2
22940006654000,61,30,31,2623
22940006655000,21,8,13,690.9
22940006656000,68,35,33,2529.6
22940006657000,190,107,83,7904
22940006658000,29,17,12,1525.4
22940006659000,5,3,2,208
22940006660000,13,7,6,630.5
22940006661000,32,16,16,1148.8
22940006662000,10,6,4,341
22940006664000,13,8,5,616.2
22940006665000,1,0,1,0
22940006668000,2,1,1,0
22940006669000,31,15,16,1565.5
22940006670000,14,6,8,646.8
22940006671000,22,10,12,759
22940006672000,1,1,0,0
22940006673000,36,20,16,1227.6
22940006675000,15,9,6,846
22940006676000,7,4,3,301
22940006677000,3,2,1,0
22940006678000,28,12,16,1223.6
22940006679000,18,7,11,696.6
22940006685000,11,5,6,484
22940006687000,15,8,7,694.5
22940006688000,3,2,1,0
22940006689000,27,18,9,1047.6
22940006690000,18,11,7,824.4
22940006691000,17,6,11,734.4
22940006692000,98,48,50,4625.6
22940006693000,655,300,355,23514.5
22940006694000,190,95,95,8797
22940006695000,44,24,20,1337.6
22940006696000,30,15,15,1107
22940006697000,88,47,41,3203.2
22940006698000,92,51,41,3992.8
22940006699000,87,48,39,3410.4
22940006700000,58,30,28,2395.4
22940006701000,10,8,2,221
22940006702000,3,1,2,0
22940006703000,11,7,4,301.4
22940006704000,5,3,2,173
22940006705000,3,2,1,0
22940006706000,1,1,0,0
22940006709000,3,1,2,0
22940006713000,62,36,26,2548.2
22940006714000,33,20,13,1491.6
22940006717000,12,9,3,451.2
22940006718000,35,20,15,1466.5
22940006719000,66,30,36,2580.6
22940006720000,8,4,4,514.4
22940006722000,2,1,1,0
22940006723000,10,5,5,359
22940006724000,13,8,5,608.4
22940006725000,20,10,10,968
22940006726000,34,15,19,1217.2
22940006727000,88,43,45,3854.4
22940006728000,14,7,7,550.2
22940006729000,5,4,1,197
22940006730000,2,1,1,0
22940006731000,7,3,4,214.9
22940006733000,3,1,2,0
22940006734000,8,4,4,447.2
22940006735000,5,2,3,256
22940006736000,30,15,15,1212
22940006737000,21,15,6,793.8
22940006738000,68,34,34,2720
22940006739000,21,9,12,917.7
22940006740000,20,12,8,778
22940006741000,46,24,22,1334
22940006742000,6,2,4,292.2
22940006743000,592,315,277,23680
22940006744000,61,33,28,2202.1
22940006745000,10,5,5,314
22940006746000,23,12,11,1140.8
22940006747000,18,7,11,905.4
22940006748000,23,14,9,989
22940006749000,58,31,27,2552
22940006750000,35,17,18,1330
22940006751000,43,21,22,2171.5
22940006752000,101,54,47,3918.8
22940006753000,104,53,51,3816.8
22940006754000,44,23,21,1966.8
22940006755000,11,4,7,346.5
22940006756000,4,2,2,0
22940006757000,4,2,2,0
22940006811000,2,2,0,0
22940006812000,5,4,1,271
22940006813000,18,12,6,833.4
22940006814000,2,1,1,0
22940006864000,2,1,1,0
22940006865000,16,8,8,780.8
22940006866000,25,13,12,1247.5
22940006867000,42,26,16,1974
22940006868000,10,5,5,508
22940006869000,27,13,14,1266.3
22940006870000,20,9,11,738
22940006884000,4,2,2,0
22940006926000,99,50,49,4019.4
22940006927000,16,8,8,828.8
22940006936000,1,1,0,0
22940007016000,2,2,0,0
22940007020000,24,14,10,1305.6
22940007029000,3,2,1,0
22940007038000,2,1,1,0
22940007039000,3,1,2,0
22940007040000,10,5,5,460
22940007041000,79,44,35,3239
22940007045000,49,24,25,1651.3
22940007046000,204,102,102,7038
22940007047000,73,34,39,2664.5
22940007048000,65,34,31,2483
22940007049000,22,12,10,803
22940007050000,20,13,7,826
22940007051000,12,7,5,615.6
22940007052000,5,3,2,274
22940007055000,1,0,1,0
22940007056000,1,1,0,0
22940007058000,9,6,3,387.9
22940007059000,12,5,7,468
22940007060000,2,1,1,0
22940007061000,8,5,3,415.2
22940007062000,20,12,8,684
22940007063000,21,7,14,1041.6
22940007064000,1,1,0,0
22940007072000,2,1,1,0
22940007089000,4,2,2,0
22940007104000,3,1,2,0
22940007155000,4,2,2,0
22940007156000,7,4,3,475.3
22950006546000,4,2,2,0
22950006547000,21,12,9,907.2
22950006548000,31,17,14,1664.7
22950006549000,69,34,35,3318.9
22950006550000,46,22,24,1729.6
22950006551000,21,11,10,842.1
22950006552000,78,40,38,3166.8
22950006553000,17,8,9,729.3
22950006554000,15,9,6,706.5
22950006555000,32,14,18,1353.6
22950006556000,46,22,24,2433.4
22950006557000,378,198,180,17312.4
22950006558000,887,445,442,34770.4
22950006559000,253,133,120,9639.3
22950006560000,360,161,199,16200
22950006561000,249,124,125,9611.4
22950006562000,15,7,8,565.5
22950006563000,7,5,2,261.8
22950006566000,4,2,2,0
22950006567000,9,4,5,206.1
22950006576000,2,1,1,0
22950006577000,16,8,8,657.6
22950006578000,17,10,7,867
22950006579000,74,42,32,2671.4
22950006580000,16,9,7,724.8
22950006581000,17,11,6,714
22950006582000,12,4,8,498
22950006583000,6,4,2,150
22950006584000,1,1,0,0
22950006585000,29,13,16,1273.1
22950006586000,11,7,4,666.6
22950006587000,15,10,5,838.5
22950006588000,18,10,8,694.8
22950006590000,5,3,2,135
22950006591000,15,7,8,661.5
22950006592000,4,2,2,0
22950006593000,13,7,6,458.9
22950006594000,27,16,11,1007.1
22950006595000,2,1,1,0
22950006598000,21,13,8,846.3
22950006599000,31,20,11,970.3
22950006600000,41,19,22,1558
22950006601000,15,7,8,859.5
22950006602000,23,13,10,1110.9
22950006603000,55,34,21,2024
22950006604000,37,19,18,1276.5
22950006605000,9,5,4,433.8
22950006606000,19,8,11,725.8
22950006607000,20,12,8,738
22950006608000,20,11,9,736
22950006609000,30,14,16,1095
22950006610000,5,2,3,129
22950006611000,5,3,2,223
22950006612000,7,3,4,406.7
22950006613000,17,8,9,729.3
22950006614000,15,7,8,619.5
22950006615000,7,5,2,168.7
22950006616000,20,9,11,920
22950006617000,31,15,16,1119.1
22950006618000,1,0,1,0
22950006619000,1,1,0,0
22950006620000,18,9,9,851.4
22950006621000,13,8,5,682.5
22950006629000,4,3,1,0
22950006630000,9,6,3,306
22950006631000,6,5,1,382.2
22950006635000,11,7,4,500.5
22950006636000,26,14,12,1089.4
22950006638000,1,0,1,0
22950006639000,5,3,2,196
22950006640000,4,1,3,0
22950006648000,4,1,3,0
22950006649000,4,2,2,0
22950006650000,9,4,5,504
22950006651000,35,18,17,1697.5
22950006652000,14,6,8,576.8
22950006653000,17,9,8,613.7
22950006654000,3,0,3,0
22950006655000,35,18,17,1508.5
22950006656000,4,1,3,0
22950006657000,71,38,33,2960.7
22950006658000,11,7,4,678.7
22950006659000,109,54,55,4218.3
22950006660000,310,156,154,12679
22950006661000,73,40,33,2803.2
22950006662000,9,7,2,234.9
22950006663000,16,9,7,724.8
22950006664000,17,10,7,744.6
22950006665000,4,2,2,0
22950006669000,16,9,7,764.8
22950006670000,4,2,2,0
22950006671000,16,7,9,636.8
22950006672000,16,7,9,723.2
22950006673000,26,14,12,907.4
22950006674000,5,2,3,257
22950006675000,2,1,1,0
22950006676000,32,18,14,1155.2
22950006677000,10,7,3,513
22950006679000,14,6,8,778.4
22950006681000,1,1,0,0
22950006682000,6,2,4,223.8
22950006683000,21,11,10,854.7
22950006684000,27,14,13,1177.2
22950006685000,43,25,18,1539.4
22950006686000,13,8,5,468
22950006687000,18,10,8,680.4
22950006688000,11,5,6,337.7
22950006690000,8,4,4,275.2
22950006691000,132,66,66,5887.2
22950006692000,553,288,265,22507.1
22950006693000,181,97,84,8561.3
22950006694000,500,242,258,22250
22950006695000,65,38,27,2275
22950006696000,22,11,11,752.4
22950006697000,9,4,5,234
22950006701000,3,2,1,0
22950006705000,15,8,7,729
22950006708000,13,5,8,452.4
22950006709000,1,1,0,0
22950006712000,3,1,2,0
22950006718000,40,23,17,1876
22950006719000,54,27,27,2138.4
22950006720000,56,30,26,2396.8
22950006721000,91,47,44,4067.7
22950006722000,3,2,1,0
22950006724000,14,8,6,666.4
22950006725000,342,175,167,14979.6
22950006726000,90,37,53,3456
22950006727000,1,1,0,0
22950006736000,15,9,6,496.5
22950006737000,172,83,89,7155.2
22950006738000,67,35,32,2391.9
22950006739000,28,17,11,924
22950006740000,16,9,7,558.4
22950006741000,25,11,14,1192.5
22950006742000,17,9,8,846.6
22950006743000,192,94,98,7622.4
22950006744000,146,72,74,6248.8
22950006745000,17,11,6,685.1
22950006746000,36,18,18,1368
22950006747000,2,2,0,0
22950006748000,2,1,1,0
22950006749000,40,23,17,1656
22950006750000,32,19,13,1350.4
22950006751000,27,18,9,1215
22950006752000,31,13,18,1060.2
22950006753000,35,20,15,1494.5
22950006754000,118,67,51,5003.2
22950006755000,54,28,26,2403
22950006756000,12,6,6,594
22950006757000,13,7,6,709.8
22950006810000,4,1,3,0
22950006811000,6,5,1,183
22950006857000,2,1,1,0
22950006858000,9,3,6,402.3
22950006859000,1,1,0,0
22950006860000,6,3,3,319.2
22950006861000,2,2,0,0
22950006862000,2,1,1,0
22950006864000,1,0,1,0
22950006866000,2,1,1,0
22950006867000,27,15,12,1098.9
22950006875000,23,15,8,954.5
22950006876000,37,20,17,1568.8
22950006877000,19,12,7,902.5
22950006881000,12,6,6,556.8
22950006882000,18,9,9,610.2
22950006883000,2,1,1,0
22950006884000,6,3,3,232.8
22950006926000,17,6,11,717.4
22950006937000,1,1,0,0
22950006938000,10,5,5,387
22950006987000,8,3,5,335.2
22950006989000,3,2,1,0
22950007013000,7,2,5,336
22950007014000,9,6,3,350.1
22950007015000,2,1,1,0
22950007016000,7,3,4,263.2
22950007019000,2,1,1,0
22950007020000,56,29,27,2408
22950007038000,11,6,5,386.1
22950007039000,11,3,8,398.2
22950007040000,247,122,125,6619.6
22950007041000,617,312,305,18633.4
22950007044000,134,66,68,6365
22950007045000,354,178,176,12637.8
22950007046000,257,136,121,10665.5
22950007047000,19,13,6,703
22950007048000,32,16,16,1158.4
22950007052000,29,13,16,1122.3
22950007055000,1,1,0,0
22950007056000,1,0,1,0
22950007057000,7,5,2,364
22950007059000,2,1,1,0
22950007060000,6,4,2,268.8
22950007062000,19,10,9,904.4
22950007063000,5,4,1,237
22950007064000,11,7,4,508.2
22950007088000,3,2,1,0
22950007090000,6,3,3,298.8
22950007106000,2,2,0,0
22950007153000,4,3,1,0
22950007154000,31,15,16,1453.9
22960006546000,18,7,11,648
22960006547000,45,22,23,1701
22960006548000,11,7,4,402.6
22960006550000,12,7,5,522
22960006551000,2,1,1,0
22960006552000,42,20,22,1247.4
22960006553000,17,10,7,503.2
22960006554000,61,31,30,2275.3
22960006555000,11,8,3,409.2
22960006556000,49,24,25,1685.6
22960006557000,183,86,97,8235
22960006558000,317,152,165,13092.1
22960006559000,1527,775,752,58331.4
22960006560000,955,501,454,40110
22960006561000,71,35,36,2485
22960006562000,133,63,70,4189.5
22960006568000,26,14,12,855.4
22960006569000,4,2,2,0
22960006570000,3,2,1,0
22960006571000,1,0,1,0
22960006572000,4,2,2,0
22960006573000,3,2,1,0
22960006574000,1,0,1,0
22960006575000,5,5,0,186
22960006576000,6,3,3,183
22960006577000,12,6,6,548.4
22960006578000,7,3,4,427
22960006579000,9,5,4,440.1
22960006580000,5,1,4,201
22960006581000,16,6,10,670.4
22960006582000,61,32,29,2159.4
22960006583000,16,6,10,702.4
22960006584000,85,43,42,3111
22960006585000,262,127,135,12104.4
22960006586000,35,19,16,1200.5
22960006587000,12,6,6,513.6
22960006589000,7,4,3,282.1
22960006590000,14,7,7,704.2
22960006591000,36,21,15,1756.8
22960006592000,25,10,15,792.5
22960006593000,12,5,7,476.4
22960006595000,8,3,5,210.4
22960006596000,2,1,1,0
22960006598000,11,6,5,468.6
22960006599000,24,10,14,991.2
22960006600000,18,10,8,810
22960006601000,2,1,1,0
22960006602000,30,21,9,1557
22960006603000,85,41,44,3009
22960006604000,6,3,3,238.2
22960006605000,27,19,8,853.2
22960006606000,16,9,7,716.8
22960006607000,34,14,20,1502.8
22960006608000,24,13,11,948
22960006609000,12,8,4,556.8
22960006610000,12,9,3,552
22960006611000,41,19,22,1385.8
22960006612000,4,2,2,0
22960006613000,13,6,7,535.6
22960006614000,12,6,6,657.6
22960006615000,3,1,2,0
22960006617000,7,2,5,273
22960006620000,27,15,12,1053
22960006627000,4,3,1,0
22960006628000,5,3,2,282
22960006629000,15,7,8,756
22960006630000,1,1,0,0
22960006634000,4,2,2,0
22960006635000,52,25,27,2184
22960006636000,34,21,13,890.8
22960006637000,11,5,6,361.9
22960006638000,21,10,11,701.4
22960006639000,8,6,2,175.2
22960006647000,5,2,3,160
22960006648000,9,5,4,316.8
22960006649000,16,7,9,688
22960006650000,7,2,5,349.3
22960006651000,40,21,19,1632
22960006652000,5,3,2,152
22960006653000,101,50,51,3939
22960006654000,488,248,240,16933.6
22960006655000,48,22,26,1387.2
22960006656000,4,3,1,0
22960006657000,19,12,7,1056.4
22960006658000,4,2,2,0
22960006659000,2,1,1,0
22960006660000,457,234,223,17914.4
22960006661000,6,2,4,219
22960006662000,13,5,8,517.4
22960006663000,25,13,12,1355
22960006664000,19,10,9,1140
22960006665000,5,2,3,244
22960006669000,227,114,113,5743.1
22960006670000,2102,1050,1052,62639.6
22960006671000,63,36,27,2205
22960006672000,14,6,8,506.8
22960006673000,14,8,6,670.6
22960006674000,11,6,5,663.3
22960006676000,8,4,4,338.4
22960006677000,17,10,7,348.5
22960006679000,32,16,16,1507.2
22960006680000,340,172,168,13056
22960006681000,47,28,19,2006.9
22960006682000,33,18,15,1306.8
22960006683000,7,5,2,268.1
22960006685000,3,1,2,0
22960006686000,1,0,1,0
22960006687000,41,24,17,1783.5
22960006688000,15,6,9,616.5
22960006689000,9,5,4,521.1
22960006691000,11,7,4,319
22960006692000,7,3,4,331.1
22960006693000,70,35,35,2485
22960006694000,209,109,100,6479
22960006700000,12,6,6,387.6
22960006701000,13,5,8,435.5
22960006708000,2,1,1,0
22960006720000,31,14,17,1587.2
22960006721000,27,13,14,1066.5
22960006722000,2,0,2,0
22960006723000,53,31,22,2003.4
22960006724000,16,8,8,712
22960006725000,85,39,46,3119.5
22960006726000,51,33,18,2228.7
22960006727000,2,1,1,0
22960006736000,2,1,1,0
22960006737000,127,62,65,4940.3
22960006738000,298,157,141,10728
22960006739000,14,5,9,532
22960006740000,30,18,12,1539
22960006741000,15,5,10,592.5
22960006742000,34,22,12,1567.4
22960006743000,31,18,13,1147
22960006744000,14,6,8,424.2
22960006745000,23,13,10,1104
22960006746000,20,10,10,852
22960006747000,13,2,11,509.6
22960006748000,17,10,7,722.5
22960006749000,29,15,14,1017.9
22960006750000,18,8,10,727.2
22960006751000,30,17,13,1272
22960006752000,20,10,10,874
22960006753000,28,13,15,1153.6
22960006754000,26,14,12,1248
22960006755000,9,4,5,362.7
22960006809000,1,1,0,0
22960006843000,2,1,1,0
22960006854000,16,7,9,472
22960006855000,15,8,7,705
22960006856000,25,12,13,1060
22960006857000,64,33,31,3059.2
22960006858000,6,2,4,397.8
22960006859000,6,4,2,310.2
22960006876000,10,5,5,346
22960006877000,38,19,19,1493.4
22960006878000,5,1,4,181
22960006926000,2,1,1,0
22960006927000,12,7,5,404.4
22960006938000,4,3,1,0
22960006939000,1,1,0,0
22960006942000,6,3,3,232.2
22960006943000,4,2,2,0
22960006987000,20,11,9,838
22960007012000,8,5,3,442.4
22960007013000,28,14,14,1304.8
22960007014000,70,38,32,2912
22960007015000,21,9,12,987
22960007016000,3,2,1,0
22960007019000,31,19,12,1382.6
22960007020000,143,77,66,5262.4
22960007036000,7,2,5,282.8
22960007037000,12,6,6,644.4
22960007038000,33,18,15,1151.7
22960007039000,39,24,15,1552.2
22960007040000,407,211,196,15262.5
22960007041000,368,183,185,13579.2
22960007043000,238,107,131,10567.2
22960007044000,2237,1076,1161,103125.7
22960007045000,1178,582,596,46177.6
22960007046000,70,34,36,3248
22960007047000,28,17,11,1108.8
22960007048000,3,1,2,0
22960007053000,11,7,4,522.5
22960007055000,1,1,0,0
22960007056000,24,15,9,842.4
22960007058000,7,4,3,443.1
22960007060000,9,4,5,541.8
22960007061000,4,3,1,0
22960007062000,1,0,1,0
22960007063000,5,2,3,131
22960007066000,2,1,1,0
22960007090000,8,4,4,480.8
22960007091000,3,2,1,0
22960007154000,66,38,28,2567.4
22960007155000,48,28,20,2496
22960007156000,10,7,3,323
22960007157000,4,2,2,0
22970006539000,3,2,1,0
22970006541000,4,2,2,0
22970006546000,5,2,3,234
22970006549000,6,3,3,262.8
22970006550000,4,2,2,0
22970006551000,1,0,1,0
22970006553000,53,28,25,1791.4
22970006554000,50,30,20,2145
22970006555000,3,2,1,0
22970006556000,10,6,4,347
22970006557000,2,1,1,0
22970006558000,86,48,38,3612
22970006559000,88,48,40,3907.2
22970006560000,20,10,10,1286
22970006561000,36,18,18,1760.4
22970006562000,14,7,7,581
22970006568000,4,3,1,0
22970006572000,6,3,3,202.8
22970006573000,3,2,1,0
22970006574000,12,6,6,528
22970006575000,10,5,5,351
22970006576000,1,1,0,0
22970006577000,1,0,1,0
22970006579000,13,7,6,634.4
22970006580000,15,6,9,666
22970006581000,13,7,6,534.3
22970006582000,5,2,3,262
22970006583000,13,8,5,772.2
22970006584000,16,8,8,507.2
22970006585000,12,6,6,628.8
22970006586000,3,2,1,0
22970006588000,2,1,1,0
22970006589000,11,6,5,489.5
22970006591000,29,14,15,1154.2
22970006592000,9,3,6,272.7
22970006593000,8,4,4,271.2
22970006594000,1,1,0,0
22970006605000,14,6,8,385
22970006606000,35,22,13,1190
22970006607000,52,23,29,2272.4
22970006608000,3,1,2,0
22970006609000,2,1,1,0
22970006610000,19,11,8,583.3
22970006611000,6,2,4,220.8
22970006612000,9,4,5,386.1
22970006613000,134,72,62,4743.6
22970006614000,98,50,48,4194.4
22970006615000,26,16,10,1037.4
22970006616000,17,8,9,484.5
22970006617000,11,6,5,437.8
22970006618000,18,9,9,518.4
22970006619000,13,7,6,673.4
22970006620000,2,1,1,0
22970006622000,4,2,2,0
22970006623000,28,16,12,1184.4
22970006624000,43,23,20,1582.4
22970006625000,32,16,16,1564.8
22970006626000,24,12,12,1056
22970006627000,34,19,15,1305.6
22970006628000,3,2,1,0
22970006629000,11,8,3,475.2
22970006633000,4,2,2,0
22970006634000,6,4,2,211.2
22970006635000,234,120,114,9804.6
22970006636000,11,7,4,371.8
22970006646000,4,2,2,0
22970006647000,33,24,9,1306.8
22970006648000,21,10,11,751.8
22970006649000,45,25,20,1953
22970006650000,16,12,4,590.4
22970006651000,45,21,24,2250
22970006652000,70,31,39,2555
22970006653000,65,36,29,2840.5
22970006654000,262,129,133,8855.6
22970006655000,77,43,34,2856.7
22970006656000,71,25,46,5076.5
22970006657000,40,19,21,1592
22970006658000,1,1,0,0
22970006659000,106,55,51,3307.2
22970006660000,1582,784,798,56952
22970006661000,302,144,158,11929
22970006662000,24,11,13,1015.2
22970006663000,31,26,5,1255.5
22970006664000,19,12,7,843.6
22970006665000,18,10,8,707.4
22970006666000,13,7,6,582.4
22970006667000,25,12,13,990
22970006668000,28,14,14,1318.8
22970006669000,100,51,49,4070
22970006670000,32,14,18,1241.6
22970006671000,31,15,16,1246.2
22970006672000,36,20,16,1443.6
22970006673000,29,15,14,1354.3
22970006674000,18,10,8,815.4
22970006676000,25,14,11,942.5
22970006677000,15,9,6,688.5
22970006678000,10,6,4,616
22970006679000,51,22,29,1846.2
22970006680000,99,57,42,3930.3
22970006681000,11,5,6,599.5
22970006682000,9,7,2,268.2
22970006683000,6,3,3,238.2
22970006684000,14,9,5,499.8
22970006685000,26,13,13,1141.4
22970006686000,25,15,10,920
22970006687000,34,15,19,1298.8
22970006688000,29,15,14,1539.9
22970006689000,5,2,3,218
22970006693000,4,2,2,0
22970006694000,58,30,28,2105.4
22970006695000,37,16,21,1317.2
22970006696000,42,20,22,1856.4
22970006697000,17,6,11,564.4
22970006710000,2,1,1,0
22970006711000,9,5,4,332.1
22970006712000,15,12,3,781.5
22970006713000,2,1,1,0
22970006723000,67,38,29,3242.8
22970006726000,31,16,15,1193.5
22970006727000,6,3,3,349.8
22970006728000,4,2,2,0
22970006729000,7,4,3,249.2
22970006730000,18,11,7,799.2
22970006731000,7,4,3,205.8
22970006732000,9,5,4,567
22970006733000,13,6,7,564.2
22970006734000,23,12,11,1212.1
22970006735000,19,10,9,1003.2
22970006736000,30,17,13,1227
22970006737000,14,8,6,422.8
22970006738000,90,45,45,4176
22970006739000,133,67,66,5054
22970006740000,212,103,109,9815.6
22970006741000,31,17,14,1240
22970006742000,73,37,36,3102.5
22970006743000,9,3,6,326.7
22970006744000,7,4,3,238
22970006745000,41,20,21,1492.4
22970006746000,19,11,8,953.8
22970006747000,22,12,10,998.8
22970006748000,24,13,11,871.2
22970006749000,51,27,24,2284.8
22970006750000,3,1,2,0
22970006753000,8,4,4,258.4
22970006754000,2,1,1,0
22970006808000,4,2,2,0
22970006810000,1,0,1,0
22970006831000,18,8,10,496.8
22970006840000,1,1,0,0
22970006841000,2,1,1,0
22970006842000,3,2,1,0
22970006843000,6,3,3,292.2
22970006852000,8,4,4,220
22970006853000,73,39,34,3642.7
22970006854000,12,7,5,417.6
22970006855000,7,3,4,352.1
22970006856000,6,3,3,352.2
22970006857000,5,2,3,351
22970006926000,6,3,3,270
22970006927000,15,8,7,733.5
22970006938000,22,10,12,741.4
22970006939000,23,14,9,917.7
22970006941000,5,2,3,167
22970006942000,6,2,4,271.8
22970006987000,9,4,5,576
22970007013000,6,3,3,231
22970007014000,79,38,41,3697.2
22970007015000,59,33,26,2672.7
22970007016000,52,32,20,1804.4
22970007017000,3,2,1,0
22970007020000,22,14,8,1031.8
22970007021000,10,7,3,663
22970007036000,27,14,13,1023.3
22970007037000,80,38,42,3072
22970007038000,7,4,3,238
22970007039000,36,16,20,1544.4
22970007040000,147,76,71,5806.5
22970007041000,60,34,26,2286
22970007042000,6,3,3,250.8
22970007043000,94,52,42,3703.6
22970007044000,2552,1219,1333,120454.4
22970007045000,1753,888,865,69418.8
22970007046000,277,131,146,11467.8
22970007047000,2,1,1,0
22970007054000,17,9,8,651.1
22970007055000,8,3,5,282.4
22970007056000,16,8,8,771.2
22970007057000,12,6,6,524.4
22970007058000,32,14,18,1545.6
22970007059000,3,1,2,0
22970007060000,3,1,2,0
22970007061000,1,1,0,0
22970007062000,1,1,0,0
22970007091000,15,8,7,847.5
22970007154000,7,3,4,336
22970007155000,10,4,6,438
22970007156000,9,6,3,568.8
22970007157000,4,3,1,0
22970007158000,2,2,0,0
22970007159000,5,3,2,182
22980006533000,2,1,1,0
22980006535000,7,4,3,247.8
22980006536000,4,3,1,0
22980006537000,2,1,1,0
22980006541000,12,6,6,573.6
22980006542000,8,4,4,371.2
22980006544000,4,2,2,0
22980006545000,20,12,8,712
22980006546000,4,3,1,0
22980006547000,1,0,1,0
22980006550000,9,5,4,244.8
22980006551000,51,22,29,2142
22980006552000,48,26,22,1891.2
22980006558000,9,6,3,275.4
22980006559000,1,0,1,0
22980006562000,10,4,6,397
22980006563000,6,4,2,297
22980006569000,5,3,2,257
22980006570000,19,10,9,849.3
22980006571000,12,8,4,417.6
22980006573000,1,1,0,0
22980006574000,8,5,3,328
22980006575000,24,15,9,696
22980006576000,7,4,3,385.7
22980006577000,1,1,0,0
22980006578000,5,4,1,267
22980006579000,9,5,4,298.8
22980006580000,2,1,1,0
22980006581000,5,3,2,216
22980006583000,11,4,7,324.5
22980006584000,1,0,1,0
22980006585000,7,3,4,259
22980006586000,8,5,3,367.2
22980006587000,10,7,3,321
22980006588000,11,6,5,322.3
22980006589000,33,18,15,943.8
22980006590000,25,14,11,1020
22980006591000,12,6,6,426
22980006592000,9,5,4,480.6
22980006593000,35,20,15,1158.5
22980006594000,10,4,6,269
22980006604000,19,12,7,771.4
22980006605000,22,11,11,770
22980006606000,27,16,11,812.7
22980006607000,12,6,6,518.4
22980006608000,4,2,2,0
22980006611000,4,2,2,0
22980006612000,17,10,7,758.2
22980006613000,42,25,17,1436.4
22980006614000,8,5,3,311.2
22980006616000,24,15,9,715.2
22980006617000,8,2,6,254.4
22980006618000,19,11,8,845.5
22980006621000,3,2,1,0
22980006622000,14,7,7,722.4
22980006623000,15,7,8,694.5
22980006624000,2,1,1,0
22980006625000,14,6,8,614.6
22980006626000,45,22,23,1719
22980006627000,22,10,12,950.4
22980006629000,2,1,1,0
22980006630000,28,14,14,1316
22980006631000,12,6,6,466.8
22980006632000,31,13,18,976.5
22980006633000,12,7,5,421.2
22980006634000,39,18,21,1532.7
22980006635000,294,151,143,11730.6
22980006636000,3,2,1,0
22980006637000,1,0,1,0
22980006647000,7,4,3,254.8
22980006648000,13,7,6,698.1
22980006649000,67,38,29,2237.8
22980006650000,35,17,18,1218
22980006651000,77,33,44,2464
22980006652000,14,7,7,494.2
22980006654000,25,12,13,992.5
22980006655000,12,6,6,524.4
22980006656000,23,12,11,823.4
22980006657000,135,72,63,4954.5
22980006658000,14,6,8,793.8
22980006659000,11,4,7,389.4
22980006661000,35,20,15,1333.5
22980006662000,156,86,70,5553.6
22980006663000,179,85,94,7195.8
22980006664000,7,3,4,394.8
22980006665000,1,1,0,0
22980006666000,3,2,1,0
22980006668000,217,107,110,9396.1
22980006669000,491,245,246,16203
22980006670000,11,7,4,377.3
22980006671000,49,28,21,2347.1
22980006672000,10,5,5,606
22980006673000,1,1,0,0
22980006674000,51,30,21,1989
22980006675000,84,42,42,2940
22980006676000,12,6,6,607.2
22980006677000,1,1,0,0
22980006678000,8,3,5,412
22980006679000,4,2,2,0
22980006680000,23,12,11,982.1
22980006681000,13,5,8,487.5
22980006682000,18,11,7,831.6
22980006683000,12,6,6,435.6
22980006684000,49,25,24,2185.4
22980006693000,1,1,0,0
22980006694000,12,6,6,549.6
22980006696000,35,19,16,1382.5
22980006697000,49,24,25,1832.6
22980006698000,36,15,21,1450.8
22980006711000,5,4,1,89
22980006712000,1,0,1,0
22980006723000,13,5,8,391.3
22980006724000,22,10,12,838.2
22980006725000,3,2,1,0
22980006726000,11,6,5,381.7
22980006727000,7,2,5,289.1
22980006728000,1,1,0,0
22980006729000,4,2,2,0
22980006730000,24,10,14,1084.8
22980006731000,4,1,3,0
22980006733000,1,0,1,0
22980006734000,8,6,2,196
22980006735000,8,4,4,300
22980006736000,7,4,3,189
22980006737000,8,7,1,240.8
22980006738000,137,56,81,6534.9
22980006739000,179,86,93,8430.9
22980006740000,16,6,10,904
22980006741000,49,22,27,1813
22980006742000,17,6,11,732.7
22980006743000,44,24,20,1566.4
22980006744000,25,12,13,1275
22980006745000,95,49,46,3800
22980006746000,22,9,13,946
22980006747000,17,10,7,668.1
22980006748000,59,30,29,2312.8
22980006749000,169,79,90,7064.2
22980006750000,22,11,11,785.4
22980006751000,57,24,33,1915.2
22980006752000,41,23,18,1652.3
22980006753000,13,6,7,666.9
22980006754000,15,7,8,526.5
22980006807000,5,4,1,322
22980006808000,8,4,4,443.2
22980006844000,1,1,0,0
22980006845000,8,6,2,364
22980006846000,8,5,3,476
22980006847000,18,11,7,714.6
22980006848000,26,13,13,1263.6
22980006849000,20,10,10,982
22980006850000,3,2,1,0
22980006851000,4,2,2,0
22980006852000,57,29,28,2832.9
22980006853000,145,66,79,8439
22980006854000,18,10,8,871.2
22980006855000,6,3,3,276
22980006938000,12,7,5,590.4
22980006939000,13,7,6,457.6
22980006941000,13,5,8,686.4
22980006942000,10,6,4,339
22980006986000,12,5,7,372
22980007014000,12,6,6,356.4
22980007015000,53,28,25,2125.3
22980007016000,68,29,39,2692.8
22980007021000,54,31,23,1960.2
22980007035000,31,10,21,948.6
22980007036000,20,9,11,602
22980007037000,16,9,7,715.2
22980007038000,64,36,28,2265.6
22980007039000,70,39,31,3045
22980007040000,60,29,31,2046
22980007041000,233,112,121,9110.3
22980007042000,82,43,39,3509.6
22980007043000,273,149,124,10947.3
22980007044000,833,417,416,29821.4
22980007045000,1758,876,882,64342.8
22980007046000,420,224,196,14952
22980007047000,64,29,35,2470.4
22980007053000,2,1,1,0
22980007054000,6,3,3,165
22980007055000,3,2,1,0
22980007056000,10,5,5,417
22980007057000,22,12,10,875.6
22980007058000,17,10,7,899.3
22980007059000,14,8,6,579.6
22980007060000,16,10,6,659.2
22980007068000,6,4,2,238.2
22980007074000,2,2,0,0
22980007091000,6,2,4,406.8
22980007092000,12,7,5,638.4
22980007102000,3,2,1,0
22980007144000,15,8,7,984
22980007152000,13,7,6,417.3
22980007155000,2,2,0,0
22980007157000,1,1,0,0
22980007158000,2,1,1,0
22980007160000,13,6,7,405.6
22980007162000,1,0,1,0
22980007186000,1,0,1,0
22980007200000,7,3,4,177.1
22990006531000,10,6,4,232
22990006532000,4,2,2,0
22990006533000,4,3,1,0
22990006534000,13,8,5,391.3
22990006535000,32,14,18,1641.6
22990006536000,20,11,9,650
22990006537000,32,13,19,1276.8
22990006538000,9,4,5,360
22990006539000,12,6,6,493.2
22990006540000,19,10,9,621.3
22990006541000,9,4,5,396.9
22990006542000,13,6,7,504.4
22990006543000,19,8,11,718.2
22990006546000,16,8,8,468.8
22990006547000,31,17,14,1305.1
22990006548000,4,2,2,0
22990006549000,4,2,2,0
22990006551000,10,4,6,522
22990006552000,3,1,2,0
22990006563000,1,0,1,0
22990006564000,2,1,1,0
22990006568000,11,6,5,218.9
22990006570000,2,1,1,0
22990006571000,7,4,3,384.3
22990006572000,6,3,3,328.2
22990006574000,2,2,0,0
22990006576000,8,6,2,216
22990006582000,6,2,4,295.8
22990006583000,21,14,7,543.9
22990006584000,10,4,6,441
22990006585000,20,13,7,886
22990006586000,12,8,4,524.4
22990006587000,56,31,25,2391.2
22990006588000,34,20,14,1054
22990006589000,20,11,9,646
22990006590000,2,2,0,0
22990006592000,5,2,3,117
22990006603000,6,4,2,216
22990006604000,12,7,5,320.4
22990006605000,39,21,18,1575.6
22990006606000,25,13,12,1010
22990006607000,54,31,23,2505.6
22990006608000,16,10,6,676.8
22990006609000,6,4,2,141
22990006610000,6,3,3,361.8
22990006611000,5,2,3,134
22990006612000,14,7,7,540.4
22990006613000,13,6,7,520
22990006616000,34,16,18,1404.2
22990006617000,14,8,6,719.6
22990006618000,12,9,3,427.2
22990006621000,1,1,0,0
22990006622000,3,2,1,0
22990006623000,9,5,4,216.9
22990006624000,9,5,4,306.9
22990006625000,43,23,20,1775.9
22990006626000,20,10,10,940
22990006627000,12,6,6,532.8
22990006628000,29,13,16,1331.1
22990006629000,25,11,14,792.5
22990006630000,13,6,7,488.8
22990006631000,18,11,7,498.6
22990006632000,11,5,6,345.4
22990006635000,38,22,16,1394.6
22990006636000,3,2,1,0
22990006646000,10,5,5,557
22990006647000,19,8,11,824.6
22990006648000,13,6,7,508.3
22990006649000,13,7,6,599.3
22990006650000,42,21,21,1659
22990006651000,14,6,8,565.6
22990006656000,5,2,3,184
22990006657000,33,19,14,1514.7
22990006658000,55,28,27,2293.5
22990006659000,37,17,20,1261.7
22990006660000,19,9,10,1081.1
22990006661000,22,11,11,811.8
22990006662000,35,19,16,1183
22990006663000,387,188,199,15518.7
22990006664000,43,24,19,1754.4
22990006665000,14,8,6,551.6
22990006666000,14,8,6,386.4
22990006667000,26,14,12,1131
22990006668000,86,45,41,3620.6
22990006669000,20,7,13,766
22990006670000,16,9,7,566.4
22990006671000,6,4,2,211.2
22990006672000,48,24,24,1905.6
22990006673000,19,7,12,636.5
22990006674000,46,23,23,1853.8
22990006675000,10,3,7,390
22990006677000,2,1,1,0
22990006678000,5,2,3,206
22990006679000,8,5,3,423.2
22990006680000,164,82,82,5871.2
22990006681000,244,126,118,8100.8
22990006682000,115,54,61,4508
22990006683000,39,20,19,1778.4
22990006684000,4,1,3,0
22990006696000,48,26,22,2294.4
22990006697000,25,14,11,1210
22990006698000,30,16,14,1320
22990006699000,10,8,2,431
22990006700000,8,3,5,355.2
22990006713000,3,2,1,0
22990006724000,13,7,6,670.8
22990006725000,7,4,3,447.3
22990006726000,17,10,7,916.3
22990006727000,11,5,6,543.4
22990006728000,20,9,11,764
22990006729000,8,4,4,484.8
22990006730000,10,4,6,515
22990006731000,13,7,6,551.2
22990006732000,16,8,8,568
22990006733000,5,3,2,299
22990006734000,47,22,25,1922.3
22990006735000,44,23,21,1768.8
22990006736000,16,10,6,756.8
22990006737000,35,17,18,1683.5
22990006738000,19,6,13,718.2
22990006739000,3,2,1,0
22990006740000,18,7,11,878.4
22990006744000,211,109,102,8018
22990006745000,182,89,93,7698.6
22990006746000,46,22,24,1803.2
22990006747000,26,15,11,1019.2
22990006748000,92,44,48,4075.6
22990006749000,495,251,244,21582
22990006750000,27,14,13,1269
22990006751000,20,10,10,794
22990006752000,47,23,24,1828.3
22990006753000,45,27,18,1755
22990006754000,43,22,21,1806
22990006755000,14,12,2,590.8
22990006756000,14,6,8,484.4
22990006757000,2,1,1,0
22990006763000,3,2,1,0
22990006779000,6,4,2,313.8
22990006780000,5,3,2,85
22990006783000,12,6,6,420
22990006784000,4,1,3,0
22990006802000,6,4,2,375
22990006803000,8,4,4,448.8
22990006804000,4,3,1,0
22990006805000,11,4,7,379.5
22990006806000,10,6,4,574
22990006807000,1,0,1,0
22990006831000,3,2,1,0
22990006837000,1,0,1,0
22990006840000,4,2,2,0
22990006842000,3,2,1,0
22990006843000,10,5,5,531
22990006844000,23,9,14,1120.1
22990006845000,68,33,35,2944.4
22990006846000,52,24,28,2766.4
22990006848000,5,1,4,201
22990006849000,41,20,21,1705.6
22990006850000,20,10,10,986
22990006851000,14,5,9,648.2
22990006852000,21,12,9,900.9
22990006853000,10,6,4,469
22990006854000,10,2,8,462
22990006929000,4,3,1,0
22990006930000,2,1,1,0
22990006937000,8,5,3,347.2
22990006938000,16,10,6,790.4
22990006939000,106,51,55,4621.6
22990006940000,53,31,22,2252.5
22990006941000,31,14,17,1336.1
22990006942000,1,0,1,0
22990006986000,8,4,4,384.8
22990007014000,12,6,6,409.2
22990007015000,7,4,3,310.1
22990007016000,3,1,2,0
22990007021000,33,20,13,1313.4
22990007022000,30,12,18,1026
22990007035000,17,12,5,457.3
22990007038000,1,1,0,0
22990007039000,7,4,3,233.8
22990007040000,63,34,29,2129.4
22990007041000,98,53,45,3626
22990007042000,294,151,143,10819.2
22990007043000,132,74,58,5346
22990007044000,115,57,58,4128.5
22990007045000,595,312,283,19635
22990007046000,31,19,12,1419.8
22990007047000,29,14,15,954.1
22990007048000,1,1,0,0
22990007053000,17,12,5,647.7
22990007056000,16,8,8,595.2
22990007057000,17,9,8,695.3
22990007058000,25,13,12,937.5
22990007059000,47,22,25,2162
22990007060000,12,8,4,439.2
22990007069000,4,2,2,0
22990007074000,5,3,2,245
22990007075000,1,1,0,0
22990007092000,15,7,8,930
22990007102000,14,7,7,562.8
22990007141000,3,1,2,0
22990007145000,3,2,1,0
22990007155000,7,2,5,212.8
22990007156000,4,2,2,0
22990007158000,4,2,2,0
22990007159000,4,3,1,0
22990007160000,4,3,1,0
22990007200000,6,2,4,295.8
23000006531000,2,1,1,0
23000006532000,7,4,3,233.1
23000006533000,2,1,1,0
23000006534000,6,4,2,373.8
23000006535000,11,6,5,369.6
23000006536000,1,1,0,0
23000006537000,3,3,0,0
23000006538000,1,0,1,0
23000006539000,11,5,6,360.8
23000006540000,7,5,2,415.8
23000006541000,5,3,2,254
23000006542000,4,2,2,0
23000006544000,36,19,17,1620
23000006545000,10,5,5,307
23000006546000,11,6,5,478.5
23000006547000,40,22,18,1256
23000006548000,1,1,0,0
23000006551000,7,2,5,207.9
23000006564000,4,2,2,0
23000006565000,19,10,9,824.6
23000006566000,10,7,3,457
23000006582000,13,7,6,551.2
23000006583000,3,2,1,0
23000006584000,16,8,8,508.8
23000006585000,31,16,15,1171.8
23000006586000,11,7,4,600.6
23000006588000,20,10,10,696
23000006605000,22,13,9,1144
23000006606000,33,17,16,1494.9
23000006607000,15,10,5,520.5
23000006608000,12,7,5,590.4
23000006609000,14,6,8,604.8
23000006610000,1,0,1,0
23000006612000,3,1,2,0
23000006616000,10,4,6,301
23000006617000,2,1,1,0
23000006618000,2,2,0,0
23000006619000,5,2,3,192
23000006621000,9,6,3,389.7
23000006622000,38,20,18,1694.8
23000006623000,6,3,3,241.8
23000006624000,71,37,34,2960.7
23000006625000,539,259,280,23608.2
23000006626000,10,7,3,417
23000006627000,4,1,3,0
23000006628000,35,18,17,1459.5
23000006629000,68,35,33,3304.8
23000006630000,43,18,25,1410.4
23000006631000,6,3,3,409.2
23000006632000,26,16,10,813.8
23000006633000,4,1,3,0
23000006634000,222,117,105,9901.2
23000006635000,51,32,19,1978.8
23000006636000,14,7,7,604.8
23000006637000,5,4,1,290
23000006638000,2,1,1,0
23000006646000,2,1,1,0
23000006647000,31,16,15,1345.4
23000006648000,301,138,163,12943
23000006649000,182,94,88,6333.6
23000006650000,83,47,36,2996.3
23000006651000,33,17,16,1359.6
23000006652000,8,6,2,256
23000006659000,48,23,25,1526.4
23000006660000,6,3,3,280.8
23000006661000,2,1,1,0
23000006662000,26,12,14,1136.2
23000006663000,94,52,42,3440.4
23000006664000,16,10,6,740.8
23000006665000,19,9,10,725.8
23000006666000,141,74,67,6189.9
23000006667000,18,8,10,421.2
23000006668000,26,13,13,668.2
23000006669000,21,12,9,903
23000006670000,19,11,8,864.5
23000006671000,23,10,13,892.4
23000006672000,26,13,13,1045.2
23000006673000,139,62,77,6060.4
23000006674000,39,21,18,1953.9
23000006675000,3,2,1,0
23000006676000,5,3,2,294
23000006678000,11,7,4,506
23000006679000,30,15,15,1167
23000006680000,195,92,103,7546.5
23000006681000,217,105,112,8810.2
23000006682000,149,79,70,6585.8
23000006683000,36,18,18,1742.4
23000006684000,7,3,4,270.2
23000006713000,3,2,1,0
23000006725000,8,3,5,404.8
23000006726000,13,6,7,483.6
23000006727000,2,2,0,0
23000006728000,24,13,11,835.2
23000006729000,31,17,14,1224.5
23000006730000,56,25,31,2262.4
23000006731000,74,43,31,2974.8
23000006732000,144,77,67,6264
23000006733000,407,184,223,18599.9
23000006734000,17,8,9,644.3
23000006735000,62,27,35,2504.8
23000006736000,78,44,34,3549
23000006737000,45,22,23,1701
23000006738000,6,3,3,204
23000006739000,20,10,10,906
23000006740000,35,17,18,1274
23000006741000,8,4,4,435.2
23000006742000,20,8,12,778
23000006743000,26,13,13,1222
23000006744000,279,141,138,10099.8
23000006745000,137,77,60,5219.7
23000006746000,34,16,18,1343
23000006747000,136,64,72,5494.4
23000006748000,176,82,94,8412.8
23000006749000,44,25,19,1773.2
23000006750000,33,20,13,1432.2
23000006751000,31,17,14,1497.3
23000006752000,26,13,13,871
23000006753000,47,19,28,1692
23000006754000,17,9,8,647.7
23000006755000,61,31,30,2775.5
23000006756000,6,3,3,340.2
23000006757000,4,1,3,0
23000006777000,1,1,0,0
23000006781000,24,15,9,1087.2
23000006782000,26,9,17,1149.2
23000006783000,16,9,7,774.4
23000006784000,20,10,10,926
23000006800000,2,1,1,0
23000006801000,14,4,10,631.4
23000006802000,1,1,0,0
23000006803000,2,0,2,0
23000006804000,14,4,10,746.2
23000006805000,1,0,1,0
23000006830000,2,1,1,0
23000006836000,2,1,1,0
23000006843000,4,2,2,0
23000006844000,16,6,10,598.4
23000006845000,7,4,3,361.9
23000006846000,12,7,5,609.6
23000006849000,11,7,4,532.4
23000006850000,18,9,9,835.2
23000006851000,12,7,5,639.6
23000006930000,10,5,5,355
23000006931000,2,2,0,0
23000006936000,1,1,0,0
23000006937000,27,11,16,1031.4
23000006938000,41,26,15,1668.7
23000006939000,45,22,23,2178
23000006940000,9,5,4,504
23000006941000,3,1,2,0
23000006943000,1,0,1,0
23000006985000,25,11,14,1315
23000007013000,2,1,1,0
23000007014000,37,22,15,1531.8
23000007015000,33,16,17,2088.9
23000007016000,582,272,310,27237.6
23000007017000,238,115,123,9900.8
23000007018000,3,1,2,0
23000007019000,36,23,13,1389.6
23000007021000,2,1,1,0
23000007022000,52,29,23,2100.8
23000007035000,120,62,58,3924
23000007036000,2,1,1,0
23000007040000,42,21,21,1575
23000007041000,57,31,26,2205.9
23000007042000,39,24,15,1505.4
23000007043000,11,4,7,359.7
23000007045000,28,11,17,949.2
23000007046000,5,3,2,224
23000007048000,18,9,9,556.2
23000007052000,18,10,8,676.8
23000007053000,9,6,3,392.4
23000007055000,4,3,1,0
23000007056000,2,1,1,0
23000007057000,8,3,5,408
23000007058000,144,82,62,5457.6
23000007064000,8,4,4,303.2
23000007075000,9,7,2,353.7
23000007076000,5,2,3,336
23000007081000,15,7,8,409.5
23000007084000,12,7,5,572.4
23000007089000,6,3,3,238.8
23000007090000,2,1,1,0
23000007093000,13,8,5,522.6
23000007094000,12,5,7,504
23000007139000,11,6,5,503.8
23000007140000,4,2,2,0
23000007141000,13,6,7,526.5
23000007156000,3,2,1,0
23000007159000,2,1,1,0
23000007204000,22,11,11,866.8
23000007205000,11,8,3,253
23010006541000,5,1,4,349
23010006542000,5,3,2,291
23010006543000,43,28,15,1715.7
23010006544000,49,28,21,1915.9
23010006552000,1,1,0,0
23010006561000,4,2,2,0
23010006562000,1,1,0,0
23010006564000,3,1,2,0
23010006565000,13,7,6,613.6
23010006566000,11,6,5,427.9
23010006582000,5,3,2,154
23010006584000,8,3,5,296.8
23010006585000,9,4,5,428.4
23010006586000,5,3,2,151
23010006587000,6,3,3,379.2
23010006588000,60,37,23,2256
23010006589000,14,7,7,466.2
23010006591000,5,2,3,201
23010006605000,30,12,18,1101
23010006606000,25,9,16,1060
23010006607000,9,5,4,396
23010006608000,9,4,5,344.7
23010006616000,18,10,8,768.6
23010006617000,3,1,2,0
23010006620000,20,11,9,822
23010006621000,9,4,5,531.9
23010006622000,5,3,2,197
23010006623000,8,4,4,343.2
23010006624000,3,2,1,0
23010006625000,128,67,61,5964.8
23010006626000,23,11,12,1168.4
23010006627000,11,5,6,577.5
23010006628000,21,11,10,976.5
23010006629000,29,19,10,1177.4
23010006630000,47,21,26,1475.8
23010006631000,118,68,50,4802.6
23010006632000,25,11,14,1007.5
23010006633000,264,123,141,12223.2
23010006634000,197,91,106,8746.8
23010006635000,5,3,2,166
23010006636000,29,14,15,1276
23010006646000,9,5,4,323.1
23010006647000,189,92,97,7578.9
23010006648000,1363,653,710,57109.7
23010006649000,118,54,64,4625.6
23010006650000,69,40,29,2408.1
23010006651000,53,26,27,2453.9
23010006652000,23,13,10,1136.2
23010006663000,23,13,10,1041.9
23010006664000,49,27,22,2004.1
23010006665000,20,11,9,868
23010006666000,58,30,28,2006.8
23010006667000,53,25,28,1711.9
23010006669000,40,20,20,1532
23010006670000,75,36,39,3067.5
23010006671000,10,6,4,365
23010006672000,22,10,12,1166
23010006673000,62,32,30,2225.8
23010006674000,273,142,131,13185.9
23010006675000,48,26,22,1771.2
23010006676000,28,14,14,1176
23010006677000,29,16,13,1142.6
23010006678000,4,2,2,0
23010006679000,90,49,41,4167
23010006680000,63,32,31,2425.5
23010006681000,23,8,15,892.4
23010006682000,2,1,1,0
23010006712000,15,10,5,571.5
23010006713000,2,1,1,0
23010006714000,1,1,0,0
23010006727000,4,2,2,0
23010006728000,9,4,5,407.7
23010006729000,17,8,9,715.7
23010006730000,17,11,6,719.1
23010006731000,76,35,41,2979.2
23010006732000,94,41,53,3355.8
23010006733000,44,25,19,1650
23010006734000,39,18,21,1716
23010006735000,37,18,19,2042.4
23010006736000,40,21,19,1640
23010006737000,72,38,34,3081.6
23010006738000,39,18,21,2156.7
23010006739000,108,55,53,4827.6
23010006740000,20,12,8,810
23010006742000,6,3,3,241.8
23010006743000,28,18,10,1131.2
23010006744000,57,26,31,2148.9
23010006745000,21,10,11,884.1
23010006746000,205,103,102,7298
23010006747000,763,377,386,31359.3
23010006748000,1003,479,524,47742.8
23010006749000,524,258,266,21641.2
23010006750000,19,11,8,1012.7
23010006751000,30,16,14,1032
23010006752000,33,18,15,1392.6
23010006753000,48,26,22,2318.4
23010006754000,74,41,33,2323.6
23010006755000,7,5,2,354.2
23010006782000,23,14,9,1101.7
23010006783000,36,16,20,1360.8
23010006784000,17,11,6,708.9
23010006794000,8,5,3,483.2
23010006798000,12,8,4,460.8
23010006799000,16,10,6,539.2
23010006800000,9,3,6,378
23010006841000,6,3,3,271.8
23010006844000,9,5,4,360.9
23010006845000,4,2,2,0
23010006846000,13,7,6,715
23010006847000,1,1,0,0
23010006848000,1,1,0,0
23010006930000,1,0,1,0
23010006936000,24,9,15,976.8
23010006937000,30,15,15,1341
23010006938000,23,13,10,1000.5
23010006984000,13,7,6,643.5
23010006985000,9,4,5,483.3
23010007013000,30,18,12,1383
23010007014000,25,12,13,1152.5
23010007015000,39,22,17,1758.9
23010007016000,70,32,38,3528
23010007017000,158,75,83,6557
23010007018000,24,13,11,1418.4
23010007019000,1,0,1,0
23010007022000,33,17,16,1369.5
23010007023000,29,15,14,1165.8
23010007035000,9,4,5,395.1
23010007036000,28,15,13,1066.8
23010007039000,7,3,4,147.7
23010007040000,43,21,22,1616.8
23010007041000,33,15,18,1313.4
23010007042000,42,23,19,1801.8
23010007043000,23,14,9,945.3
23010007045000,2,1,1,0
23010007048000,10,5,5,373
23010007052000,16,10,6,537.6
23010007053000,36,16,20,1526.4
23010007056000,13,8,5,421.2
23010007057000,34,14,20,1254.6
23010007058000,38,18,20,1326.2
23010007059000,14,6,8,530.6
23010007064000,3,1,2,0
23010007065000,5,3,2,279
23010007069000,5,3,2,294
23010007077000,6,4,2,192
23010007078000,8,5,3,432
23010007081000,5,4,1,190
23010007082000,23,10,13,984.4
23010007083000,9,6,3,377.1
23010007084000,9,4,5,459.9
23010007089000,5,3,2,319
23010007090000,12,8,4,480
23010007091000,1,1,0,0
23010007094000,21,10,11,837.9
23010007103000,1,1,0,0
23010007158000,9,5,4,306
23010007159000,13,4,9,637
23010007199000,2,2,0,0
23010007201000,1,1,0,0
23010007203000,14,8,6,393.4
23020006536000,2,1,1,0
23020006540000,4,2,2,0
23020006541000,2,1,1,0
23020006547000,2,2,0,0
23020006551000,7,4,3,277.9
23020006553000,7,2,5,280.7
23020006561000,10,7,3,478
23020006563000,11,4,7,316.8
23020006564000,7,3,4,441
23020006584000,8,4,4,370.4
23020006585000,7,7,0,273.7
23020006593000,4,3,1,0
23020006605000,19,10,9,1134.3
23020006606000,70,35,35,3003
23020006607000,62,33,29,2244.4
23020006615000,11,7,4,502.7
23020006616000,4,2,2,0
23020006617000,13,7,6,431.6
23020006618000,15,6,9,384
23020006619000,23,12,11,1000.5
23020006620000,47,25,22,1588.6
23020006621000,4,2,2,0
23020006623000,3,1,2,0
23020006624000,2,1,1,0
23020006625000,28,15,13,1114.4
23020006626000,17,8,9,596.7
23020006627000,8,5,3,323.2
23020006628000,13,8,5,612.3
23020006629000,18,7,11,648
23020006630000,29,17,12,1157.1
23020006631000,32,14,18,1136
23020006632000,15,7,8,625.5
23020006633000,355,184,171,15123
23020006634000,129,70,59,5753.4
23020006635000,172,88,84,6948.8
23020006636000,352,178,174,13763.2
23020006637000,23,14,9,910.8
23020006638000,21,11,10,630
23020006646000,10,4,6,488
23020006647000,44,23,21,2156
23020006648000,884,437,447,32266
23020006649000,124,66,58,4687.2
23020006651000,26,12,14,910
23020006652000,10,5,5,217
23020006653000,9,6,3,331.2
23020006664000,6,3,3,232.2
23020006665000,87,45,42,3871.5
23020006666000,29,16,13,1412.3
23020006667000,24,12,12,909.6
23020006668000,34,19,15,1322.6
23020006669000,5,4,1,196
23020006670000,101,57,44,3928.9
23020006671000,29,14,15,1273.1
23020006672000,6,3,3,154.8
23020006673000,5,3,2,170
23020006674000,136,70,66,5072.8
23020006676000,36,19,17,1422
23020006677000,32,20,12,1417.6
23020006678000,3,2,1,0
23020006679000,3,1,2,0
23020006680000,53,30,23,1658.9
23020006712000,2,1,1,0
23020006727000,3,2,1,0
23020006729000,25,14,11,1315
23020006730000,78,45,33,3689.4
23020006731000,73,36,37,3467.5
23020006732000,19,11,8,993.7
23020006733000,14,7,7,574
23020006734000,7,5,2,319.2
23020006735000,73,36,37,3336.1
23020006736000,33,20,13,1283.7
23020006737000,15,9,6,562.5
23020006738000,53,27,26,2220.7
23020006739000,124,65,59,4922.8
23020006740000,8,5,3,372
23020006741000,7,4,3,224.7
23020006742000,10,6,4,429
23020006743000,7,4,3,284.2
23020006745000,29,15,14,1191.9
23020006746000,31,15,16,1528.3
23020006747000,13,8,5,530.4
23020006748000,39,19,20,1591.2
23020006749000,121,66,55,4525.4
23020006750000,23,15,8,952.2
23020006751000,69,38,31,2684.1
23020006752000,28,16,12,1120
23020006753000,160,79,81,6608
23020006754000,53,29,24,2151.8
23020006755000,48,25,23,1910.4
23020006756000,27,16,11,1233.9
23020006773000,2,1,1,0
23020006775000,18,10,8,765
23020006776000,67,40,27,3048.5
23020006781000,21,11,10,699.3
23020006783000,65,36,29,2736.5
23020006784000,90,47,43,3816
23020006785000,20,10,10,560
23020006786000,1,1,0,0
23020006794000,3,2,1,0
23020006795000,5,3,2,337
23020006796000,37,22,15,1498.5
23020006797000,5,3,2,321
23020006821000,1,1,0,0
23020006822000,2,0,2,0
23020006823000,6,4,2,157.8
23020006932000,3,2,1,0
23020006933000,3,2,1,0
23020006934000,29,15,14,1061.4
23020006935000,21,13,8,905.1
23020006936000,26,16,10,1159.6
23020006937000,12,5,7,520.8
23020006983000,1,1,0,0
23020006984000,25,15,10,945
23020007012000,4,3,1,0
23020007013000,24,15,9,969.6
23020007014000,74,38,36,2849
23020007015000,6,3,3,154.8
23020007017000,3,1,2,0
23020007018000,34,17,17,1309
23020007019000,19,10,9,815.1
23020007020000,3,2,1,0
23020007022000,24,13,11,1123.2
23020007023000,96,47,49,3398.4
23020007024000,24,15,9,1012.8
23020007033000,16,9,7,552
23020007035000,12,4,8,369.6
23020007040000,28,13,15,1145.2
23020007041000,10,7,3,454
23020007042000,15,6,9,667.5
23020007043000,30,15,15,1476
23020007044000,12,5,7,555.6
23020007048000,8,5,3,224
23020007056000,3,2,1,0
23020007057000,30,17,13,1578
23020007058000,22,15,7,871.2
23020007059000,35,19,16,962.5
23020007061000,8,4,4,308.8
23020007065000,7,3,4,214.9
23020007069000,9,5,4,404.1
23020007070000,18,8,10,606.6
23020007078000,9,3,6,492.3
23020007079000,6,4,2,319.8
23020007080000,11,5,6,460.9
23020007081000,45,22,23,1822.5
23020007082000,85,45,40,3476.5
23020007083000,42,23,19,1352.4
23020007090000,9,4,5,457.2
23020007091000,5,3,2,310
23020007095000,1,1,0,0
23020007157000,10,4,6,195
23020007158000,25,18,7,1237.5
23020007159000,139,68,71,5712.9
23020007160000,3,2,1,0
23020007203000,22,7,15,589.6
23030006535000,1,1,0,0
23030006536000,2,1,1,0
23030006540000,4,3,1,0
23030006549000,4,2,2,0
23030006550000,4,3,1,0
23030006551000,5,2,3,284
23030006552000,16,8,8,635.2
23030006554000,4,2,2,0
23030006561000,4,2,2,0
23030006564000,4,2,2,0
23030006565000,12,7,5,416.4
23030006581000,3,2,1,0
23030006582000,18,9,9,905.4
23030006583000,7,3,4,240.1
23030006584000,2,1,1,0
23030006585000,7,5,2,221.2
23030006586000,4,2,2,0
23030006587000,1,1,0,0
23030006588000,6,4,2,262.2
23030006589000,10,5,5,366
23030006604000,5,3,2,132
23030006605000,4,1,3,0
23030006606000,58,33,25,2505.6
23030006607000,4,2,2,0
23030006610000,2,1,1,0
23030006611000,5,4,1,319
23030006612000,5,3,2,168
23030006613000,7,5,2,275.1
23030006614000,19,6,13,805.6
23030006615000,33,17,16,1600.5
23030006616000,37,17,20,1494.8
23030006619000,5,3,2,87
23030006620000,2,1,1,0
23030006622000,3,2,1,0
23030006623000,9,5,4,360.9
23030006624000,8,4,4,388.8
23030006625000,44,22,22,1795.2
23030006630000,11,7,4,523.6
23030006631000,23,11,12,828
23030006632000,61,30,31,2928
23030006633000,8,5,3,188
23030006634000,3,0,3,0
23030006635000,4,2,2,0
23030006636000,121,72,49,4416.5
23030006637000,30,15,15,1182
23030006638000,28,15,13,1167.6
23030006639000,30,14,16,1212
23030006646000,1,0,1,0
23030006647000,59,36,23,2206.6
23030006648000,249,112,137,9262.8
23030006649000,15,8,7,571.5
23030006650000,5,4,1,245
23030006651000,16,9,7,769.6
23030006652000,2,0,2,0
23030006653000,12,6,6,481.2
23030006666000,865,435,430,33302.5
23030006667000,175,91,84,6335
23030006668000,42,20,22,1596
23030006669000,623,289,334,30464.7
23030006670000,853,362,491,47341.5
23030006671000,12,4,8,468
23030006672000,6,2,4,238.2
23030006673000,1,1,0,0
23030006674000,16,10,6,708.8
23030006675000,9,5,4,491.4
23030006676000,17,8,9,521.9
23030006677000,43,24,19,1965.1
23030006678000,38,22,16,1516.2
23030006679000,12,5,7,438
23030006712000,2,1,1,0
23030006725000,5,2,3,108
23030006728000,10,5,5,434
23030006729000,30,18,12,1335
23030006730000,5,3,2,89
23030006733000,4,2,2,0
23030006734000,4,2,2,0
23030006735000,22,10,12,1071.4
23030006736000,13,7,6,478.4
23030006738000,24,11,13,667.2
23030006739000,43,20,23,1831.8
23030006741000,9,3,6,439.2
23030006742000,2,1,1,0
23030006743000,6,4,2,142.2
23030006745000,23,11,12,634.8
23030006746000,48,26,22,1958.4
23030006747000,35,17,18,1788.5
23030006748000,63,33,30,2967.3
23030006749000,62,33,29,2424.2
23030006750000,40,23,17,1580
23030006751000,15,7,8,517.5
23030006752000,10,5,5,565
23030006753000,75,42,33,3120
23030006754000,96,43,53,4588.8
23030006755000,19,11,8,722
23030006756000,25,11,14,912.5
23030006773000,6,2,4,112.2
23030006774000,12,8,4,472.8
23030006775000,18,11,7,644.4
23030006776000,15,8,7,694.5
23030006777000,13,9,4,613.6
23030006778000,7,3,4,252
23030006779000,4,2,2,0
23030006780000,8,7,1,344
23030006781000,63,34,29,1997.1
23030006782000,670,329,341,22579
23030006783000,81,40,41,3118.5
23030006784000,122,66,56,4636
23030006785000,58,33,25,2157.6
23030006786000,9,2,7,272.7
23030006787000,6,3,3,187.2
23030006788000,2,2,0,0
23030006789000,1,1,0,0
23030006791000,3,2,1,0
23030006792000,10,6,4,550
23030006793000,25,11,14,1150
23030006794000,28,16,12,1274
23030006795000,24,13,11,1149.6
23030006796000,3,1,2,0
23030006797000,4,2,2,0
23030006820000,1,1,0,0
23030006821000,4,3,1,0
23030006919000,7,4,3,494.2
23030006920000,50,26,24,2130
23030006921000,6,3,3,309
23030006934000,15,5,10,694.5
23030006935000,33,23,10,1541.1
23030006936000,20,9,11,928
23030006982000,5,3,2,245
23030006983000,48,25,23,1900.8
23030007012000,12,7,5,458.4
23030007013000,8,6,2,246.4
23030007014000,61,29,32,2513.2
23030007015000,9,7,2,390.6
23030007017000,5,2,3,384
23030007018000,73,44,29,3095.2
23030007019000,26,13,13,1128.4
23030007020000,32,12,20,1257.6
23030007021000,20,11,9,922
23030007022000,21,10,11,1113
23030007023000,59,33,26,2383.6
23030007024000,5,3,2,313
23030007033000,24,12,12,979.2
23030007034000,44,23,21,1562
23030007035000,74,42,32,2590
23030007040000,2,1,1,0
23030007041000,33,18,15,1359.6
23030007042000,40,24,16,1428
23030007043000,68,32,36,2223.6
23030007044000,27,14,13,1412.1
23030007045000,36,19,17,1314
23030007046000,2,1,1,0
23030007048000,22,9,13,838.2
23030007049000,14,6,8,389.2
23030007050000,27,12,15,810
23030007051000,5,3,2,163
23030007057000,2,1,1,0
23030007058000,37,13,24,1550.3
23030007059000,156,79,77,5584.8
23030007060000,5,3,2,302
23030007066000,7,5,2,266.7
23030007068000,9,5,4,200.7
23030007069000,11,6,5,419.1
23030007070000,24,14,10,1034.4
23030007071000,17,11,6,676.6
23030007074000,4,2,2,0
23030007075000,22,11,11,862.4
23030007081000,12,6,6,622.8
23030007082000,158,74,84,7836.8
23030007083000,47,26,21,2138.5
23030007090000,8,4,4,428
23030007104000,3,1,2,0
23030007154000,8,5,3,340
23030007155000,12,7,5,590.4
23030007156000,3,1,2,0
23030007157000,13,5,8,473.2
23030007158000,99,49,50,4266.9
23030007159000,149,78,71,6332.5
23030007170000,1,1,0,0
23030007198000,2,1,1,0
23030007200000,18,11,7,775.8
23030007204000,9,5,4,540
23030007205000,6,2,4,175.2
23040006538000,3,2,1,0
23040006539000,9,4,5,468
23040006550000,10,4,6,346
23040006551000,7,4,3,293.3
23040006553000,4,3,1,0
23040006564000,2,0,2,0
23040006580000,3,2,1,0
23040006581000,9,5,4,388.8
23040006589000,2,1,1,0
23040006590000,5,2,3,235
23040006605000,4,3,1,0
23040006612000,6,3,3,181.8
23040006613000,11,7,4,511.5
23040006614000,7,4,3,312.2
23040006619000,3,2,1,0
23040006620000,8,2,6,238.4
23040006622000,20,12,8,712
23040006623000,3,2,1,0
23040006630000,4,2,2,0
23040006631000,38,20,18,1257.8
23040006632000,24,13,11,1072.8
23040006633000,4,2,2,0
23040006634000,19,10,9,894.9
23040006635000,19,10,9,803.7
23040006637000,44,21,23,1852.4
23040006638000,8,3,5,444.8
23040006639000,22,9,13,858
23040006640000,11,6,5,563.2
23040006641000,20,10,10,864
23040006646000,6,4,2,261
23040006647000,69,32,37,2201.1
23040006648000,54,28,26,2079
23040006649000,7,5,2,291.2
23040006650000,18,7,11,761.4
23040006651000,14,7,7,695.8
23040006652000,31,16,15,1286.5
23040006653000,29,19,10,1397.8
23040006654000,3,2,1,0
23040006666000,220,105,115,7942
23040006667000,79,36,43,3397
23040006668000,124,58,66,5542.8
23040006669000,1036,500,536,45273.2
23040006670000,439,215,224,19974.5
23040006671000,868,409,459,36629.6
23040006672000,42,24,18,1407
23040006673000,17,8,9,498.1
23040006674000,12,8,4,417.6
23040006675000,77,41,36,3426.5
23040006676000,9,5,4,392.4
23040006677000,10,4,6,335
23040006678000,32,14,18,1747.2
23040006679000,63,33,30,2696.4
23040006702000,6,2,4,103.2
23040006703000,18,8,10,855
23040006706000,4,2,2,0
23040006707000,9,5,4,365.4
23040006728000,4,1,3,0
23040006729000,2,1,1,0
23040006735000,2,1,1,0
23040006740000,1,1,0,0
23040006742000,1,0,1,0
23040006743000,1,0,1,0
23040006744000,8,3,5,235.2
23040006745000,15,8,7,652.5
23040006746000,13,6,7,670.8
23040006748000,12,7,5,579.6
23040006749000,22,12,10,939.4
23040006750000,16,9,7,718.4
23040006751000,3,1,2,0
23040006752000,5,3,2,242
23040006754000,4,1,3,0
23040006755000,6,4,2,235.2
23040006770000,4,1,3,0
23040006771000,4,3,1,0
23040006772000,11,8,3,354.2
23040006773000,7,4,3,233.8
23040006774000,14,6,8,533.4
23040006775000,33,19,14,1392.6
23040006776000,49,23,26,1979.6
23040006777000,56,30,26,2268
23040006778000,19,9,10,917.7
23040006779000,7,5,2,259.7
23040006780000,18,11,7,921.6
23040006781000,64,28,36,2176
23040006782000,412,206,206,18952
23040006783000,681,343,338,28261.5
23040006784000,286,160,126,12126.4
23040006785000,23,12,11,995.9
23040006786000,31,16,15,1432.2
23040006787000,14,6,8,663.6
23040006788000,1,1,0,0
23040006816000,1,1,0,0
23040006818000,1,1,0,0
23040006819000,17,9,8,972.4
23040006820000,5,2,3,323
23040006920000,4,2,2,0
23040006934000,52,27,25,2069.6
23040006935000,65,31,34,3120
23040006936000,23,11,12,1239.7
23040006963000,2,2,0,0
23040006964000,3,1,2,0
23040006967000,4,2,2,0
23040006982000,11,6,5,390.5
23040006983000,57,30,27,2690.4
23040007012000,52,26,26,2506.4
23040007013000,36,23,13,1260
23040007014000,71,32,39,3223.4
23040007015000,14,9,5,547.4
23040007017000,2,1,1,0
23040007018000,39,17,22,1536.6
23040007019000,244,129,115,9833.2
23040007020000,60,29,31,2328
23040007021000,8,5,3,375.2
23040007033000,41,24,17,1299.7
23040007034000,47,24,23,1795.4
23040007035000,22,10,12,816.2
23040007041000,6,3,3,208.2
23040007042000,60,34,26,1896
23040007043000,37,17,20,1531.8
23040007044000,39,21,18,1485.9
23040007045000,6,3,3,259.8
23040007046000,68,43,25,2529.6
23040007047000,47,26,21,1739
23040007048000,20,9,11,870
23040007049000,61,30,31,2104.5
23040007050000,21,13,8,884.1
23040007051000,22,12,10,1029.6
23040007052000,3,2,1,0
23040007058000,12,7,5,603.6
23040007059000,473,223,250,21710.7
23040007060000,20,11,9,662
23040007061000,10,6,4,384
23040007062000,23,13,10,1140.8
23040007066000,2,1,1,0
23040007067000,9,6,3,298.8
23040007068000,36,15,21,1332
23040007069000,189,97,92,7125.3
23040007070000,121,63,58,4356
23040007074000,6,4,2,301.2
23040007075000,10,4,6,415
23040007076000,9,4,5,441
23040007079000,2,1,1,0
23040007083000,30,16,14,1440
23040007084000,4,2,2,0
23040007088000,2,1,1,0
23040007089000,26,16,10,1344.2
23040007090000,19,7,12,741
23040007096000,1,1,0,0
23040007097000,11,5,6,641.3
23040007153000,1,1,0,0
23040007154000,8,3,5,311.2
23040007158000,18,11,7,1180.8
23040007159000,44,28,16,1724.8
23040007168000,4,2,2,0
23040007197000,1,1,0,0
23040007198000,3,3,0,0
23040007199000,2,1,1,0
23040007201000,2,1,1,0
23040007205000,2,1,1,0
23040007206000,11,6,5,444.4
23050006538000,9,4,5,429.3
23050006539000,6,3,3,399
23050006543000,6,5,1,75
23050006560000,4,2,2,0
23050006564000,9,5,4,455.4
23050006565000,11,8,3,412.5
23050006582000,3,1,2,0
23050006588000,2,1,1,0
23050006605000,3,2,1,0
23050006606000,6,4,2,202.8
23050006609000,11,7,4,278.3
23050006610000,23,11,12,1294.9
23050006611000,4,2,2,0
23050006612000,11,7,4,610.5
23050006613000,9,5,4,530.1
23050006614000,2,1,1,0
23050006618000,3,2,1,0
23050006619000,2,1,1,0
23050006620000,50,22,28,2220
23050006621000,6,4,2,340.2
23050006622000,6,2,4,250.8
23050006623000,41,19,22,1709.7
23050006624000,3,2,1,0
23050006625000,1,1,0,0
23050006632000,18,10,8,653.4
23050006633000,14,9,5,670.6
23050006635000,13,8,5,607.1
23050006637000,1,1,0,0
23050006638000,47,22,25,2039.8
23050006640000,57,28,29,2565
23050006641000,57,33,24,2331.3
23050006647000,57,36,21,2565
23050006648000,17,10,7,695.3
23050006650000,26,11,15,852.8
23050006651000,3,2,1,0
23050006653000,9,5,4,446.4
23050006654000,27,14,13,815.4
23050006655000,10,6,4,452
23050006665000,1,1,0,0
23050006666000,4,1,3,0
23050006667000,15,8,7,511.5
23050006668000,201,111,90,7356.6
23050006669000,253,130,123,10094.7
23050006670000,27,15,12,1152.9
23050006671000,98,52,46,4684.4
23050006672000,31,13,18,1112.9
23050006673000,29,16,13,1191.9
23050006674000,25,15,10,765
23050006675000,27,13,14,1061.1
23050006676000,14,7,7,674.8
23050006677000,6,4,2,247.8
23050006678000,27,13,14,1031.4
23050006679000,12,7,5,435.6
23050006681000,14,10,4,529.2
23050006682000,23,15,8,841.8
23050006683000,14,6,8,788.2
23050006685000,3,2,1,0
23050006687000,6,3,3,211.8
23050006688000,23,13,10,959.1
23050006700000,19,10,9,533.9
23050006701000,4,4,0,0
23050006702000,25,12,13,1200
23050006703000,8,4,4,434.4
23050006705000,42,22,20,2108.4
23050006706000,84,45,39,3654
23050006709000,2,1,1,0
23050006735000,3,1,2,0
23050006736000,1,1,0,0
23050006743000,4,1,3,0
23050006744000,1,1,0,0
23050006745000,42,27,15,1995
23050006749000,1,1,0,0
23050006752000,3,1,2,0
23050006753000,4,2,2,0
23050006768000,11,9,2,277.2
23050006769000,40,21,19,1544
23050006770000,9,4,5,393.3
23050006772000,2,1,1,0
23050006777000,17,10,7,647.7
23050006778000,10,5,5,436
23050006779000,4,3,1,0
23050006780000,8,4,4,310.4
23050006781000,15,7,8,514.5
23050006782000,37,17,20,1702
23050006783000,115,57,58,4220.5
23050006784000,43,27,16,1161
23050006785000,9,4,5,493.2
23050006786000,17,9,8,783.7
23050006810000,1,1,0,0
23050006813000,1,0,1,0
23050006814000,2,1,1,0
23050006815000,1,1,0,0
23050006816000,9,5,4,412.2
23050006932000,7,5,2,336
23050006933000,1,0,1,0
23050006934000,333,173,160,13320
23050006935000,216,96,120,10908
23050006936000,10,5,5,584
23050006937000,11,9,2,528
23050006938000,1,1,0,0
23050006962000,1,1,0,0
23050006963000,3,1,2,0
23050006964000,6,3,3,352.8
23050006965000,29,13,16,1084.6
23050006967000,3,2,1,0
23050006968000,19,11,8,1067.8
23050006969000,12,6,6,540
23050006973000,3,2,1,0
23050006975000,3,2,1,0
23050006976000,12,9,3,547.2
23050006980000,8,4,4,366.4
23050006981000,18,7,11,586.8
23050006982000,129,66,63,5430.9
23050006983000,29,13,16,1386.2
23050007012000,68,31,37,2767.6
23050007013000,53,28,25,2422.1
23050007014000,59,30,29,2483.9
23050007015000,10,6,4,498
23050007020000,19,11,8,845.5
23050007021000,43,23,20,1543.7
23050007034000,17,7,10,535.5
23050007042000,337,184,153,11997.2
23050007043000,35,21,14,1634.5
23050007044000,16,8,8,545.6
23050007046000,12,7,5,538.8
23050007047000,22,10,12,965.8
23050007048000,46,19,27,1757.2
23050007049000,54,28,26,1733.4
23050007050000,8,5,3,338.4
23050007051000,6,3,3,232.8
23050007058000,7,2,5,105.7
23050007059000,31,14,17,1004.4
23050007060000,17,9,8,532.1
23050007061000,38,17,21,1565.6
23050007062000,38,22,16,1311
23050007063000,18,10,8,793.8
23050007066000,53,29,24,1998.1
23050007067000,19,9,10,843.6
23050007068000,52,26,26,2184
23050007069000,7,5,2,219.1
23050007076000,21,10,11,970.2
23050007077000,67,29,38,3122.2
23050007078000,38,20,18,1428.8
23050007079000,6,4,2,294
23050007080000,6,2,4,277.2
23050007083000,5,2,3,357
23050007084000,10,4,6,530
23050007087000,1,1,0,0
23050007088000,16,6,10,724.8
23050007089000,22,12,10,895.4
23050007153000,1,1,0,0
23050007155000,1,0,1,0
23050007159000,5,3,2,209
23050007165000,9,4,5,306.9
23050007168000,3,1,2,0
23050007200000,1,1,0,0
23050007206000,22,10,12,712.8
23060006537000,2,1,1,0
23060006538000,6,3,3,202.8
23060006543000,4,1,3,0
23060006560000,4,1,3,0
23060006561000,5,3,2,132
23060006565000,2,1,1,0
23060006603000,2,0,2,0
23060006604000,2,1,1,0
23060006605000,36,19,17,1713.6
23060006606000,12,7,5,597.6
23060006607000,7,3,4,387.1
23060006608000,22,12,10,754.6
23060006609000,1,1,0,0
23060006610000,15,7,8,606
23060006611000,10,5,5,407
23060006612000,31,17,14,1134.6
23060006613000,19,8,11,1018.4
23060006614000,4,2,2,0
23060006615000,3,2,1,0
23060006618000,23,12,11,995.9
23060006624000,17,9,8,894.2
23060006625000,5,3,2,327
23060006633000,22,11,11,1071.4
23060006637000,22,12,10,1009.8
23060006638000,22,11,11,807.4
23060006639000,9,6,3,296.1
23060006640000,2,1,1,0
23060006641000,43,21,22,1965.1
23060006642000,73,40,33,2934.6
23060006643000,400,205,195,15080
23060006644000,56,30,26,1898.4
23060006646000,6,3,3,337.2
23060006647000,77,37,40,3241.7
23060006648000,136,70,66,4732.8
23060006649000,12,6,6,519.6
23060006650000,8,3,5,403.2
23060006651000,12,7,5,489.6
23060006654000,2,1,1,0
23060006655000,4,2,2,0
23060006656000,9,6,3,311.4
23060006666000,2,2,0,0
23060006668000,24,14,10,868.8
23060006669000,7,4,3,450.1
23060006670000,30,19,11,1119
23060006671000,40,18,22,1280
23060006672000,7,2,5,384.3
23060006673000,7,5,2,429.8
23060006674000,30,16,14,1092
23060006675000,36,22,14,1648.8
23060006676000,524,281,243,19073.6
23060006677000,13,4,9,590.2
23060006680000,42,20,22,2158.8
23060006681000,98,48,50,4223.8
23060006682000,46,23,23,1481.2
23060006683000,18,10,8,828
23060006684000,14,8,6,676.2
23060006685000,64,34,30,2649.6
23060006686000,21,10,11,879.9
23060006687000,15,7,8,838.5
23060006700000,14,7,7,687.4
23060006701000,45,22,23,1867.5
23060006702000,80,38,42,3496
23060006703000,1,1,0,0
23060006704000,15,5,10,496.5
23060006705000,57,21,36,2388.3
23060006706000,39,23,16,1602.9
23060006707000,2,2,0,0
23060006708000,7,4,3,399.7
23060006722000,2,1,1,0
23060006724000,2,1,1,0
23060006726000,3,1,2,0
23060006727000,6,4,2,240
23060006738000,7,2,5,189
23060006745000,15,6,9,714
23060006753000,10,6,4,243
23060006767000,7,5,2,254.8
23060006768000,6,3,3,193.2
23060006784000,2,1,1,0
23060006809000,3,1,2,0
23060006810000,6,2,4,160.2
23060006811000,6,3,3,280.8
23060006812000,2,1,1,0
23060006934000,21,12,9,1264.2
23060006935000,91,46,45,3630.9
23060006936000,6,4,2,307.8
23060006968000,2,1,1,0
23060006969000,18,10,8,869.4
23060006970000,14,4,10,526.4
23060006971000,9,5,4,673.2
23060006973000,5,2,3,214
23060006974000,32,19,13,1273.6
23060006975000,7,5,2,398.3
23060006980000,8,3,5,528
23060006981000,14,9,5,600.6
23060006982000,29,13,16,1267.3
23060006983000,12,6,6,411.6
23060007011000,3,2,1,0
23060007012000,33,17,16,1389.3
23060007013000,41,16,25,1619.5
23060007014000,1,0,1,0
23060007021000,16,7,9,595.2
23060007035000,13,6,7,501.8
23060007042000,73,25,48,4263.2
23060007043000,245,125,120,10118.5
23060007044000,282,144,138,9108.6
23060007045000,40,22,18,1884
23060007046000,87,44,43,3079.8
23060007047000,46,24,22,1766.4
23060007048000,36,16,20,1836
23060007049000,29,13,16,1154.2
23060007050000,1,1,0,0
23060007058000,10,5,5,507
23060007059000,19,10,9,657.4
23060007060000,30,16,14,774
23060007061000,18,7,11,601.2
23060007062000,7,3,4,340.2
23060007063000,10,5,5,504
23060007064000,8,5,3,372.8
23060007066000,16,8,8,758.4
23060007067000,15,9,6,444
23060007069000,21,12,9,768.6
23060007070000,16,10,6,756.8
23060007076000,34,17,17,1074.4
23060007077000,16,7,9,942.4
23060007078000,33,16,17,1570.8
23060007079000,33,17,16,1204.5
23060007084000,11,5,6,514.8
23060007085000,2,1,1,0
23060007086000,2,1,1,0
23060007152000,5,3,2,324
23060007153000,11,7,4,501.6
23060007161000,6,4,2,217.2
23060007162000,2,1,1,0
23060007168000,2,1,1,0
23060007169000,28,16,12,1534.4
23060007199000,1,0,1,0
23060007200000,5,3,2,265
23060007201000,2,2,0,0
23060007203000,5,2,3,105
23060007210000,1,0,1,0
23060007211000,4,3,1,0
23070006538000,40,23,17,1692
23070006542000,3,2,1,0
23070006543000,2,2,0,0
23070006544000,1,1,0,0
23070006560000,2,1,1,0
23070006579000,4,2,2,0
23070006603000,4,2,2,0
23070006604000,19,10,9,693.5
23070006605000,25,10,15,907.5
23070006606000,17,10,7,601.8
23070006607000,18,10,8,721.8
23070006608000,2,1,1,0
23070006610000,7,4,3,291.9
23070006611000,3,1,2,0
23070006613000,14,8,6,435.4
23070006614000,1,1,0,0
23070006616000,4,1,3,0
23070006624000,8,4,4,360.8
23070006638000,43,21,22,1758.7
23070006639000,50,25,25,1800
23070006640000,8,5,3,324.8
23070006641000,12,6,6,552
23070006642000,413,199,214,16643.9
23070006643000,1246,595,651,55571.6
23070006644000,163,79,84,6324.4
23070006645000,45,23,22,1935
23070006647000,77,45,32,3103.1
23070006648000,40,21,19,1384
23070006649000,27,16,11,1171.8
23070006668000,111,59,52,3862.8
23070006669000,20,10,10,1086
23070006670000,73,33,40,2839.7
23070006671000,29,14,15,1496.4
23070006672000,11,6,5,548.9
23070006673000,31,14,17,1230.7
23070006674000,11,6,5,410.3
23070006675000,64,32,32,2323.2
23070006676000,66,34,32,2976.6
23070006677000,26,11,15,1094.6
23070006678000,2,2,0,0
23070006679000,41,21,20,1385.8
23070006680000,44,24,20,1540
23070006682000,263,139,124,10572.6
23070006683000,4,2,2,0
23070006684000,2,1,1,0
23070006686000,2,1,1,0
23070006700000,47,23,24,2058.6
23070006701000,10,5,5,434
23070006702000,13,7,6,705.9
23070006703000,16,8,8,756.8
23070006704000,32,19,13,1484.8
23070006705000,99,53,46,3851.1
23070006706000,73,39,34,3343.4
23070006707000,20,11,9,708
23070006725000,5,3,2,180
23070006726000,3,1,2,0
23070006739000,3,3,0,0
23070006742000,5,3,2,157
23070006744000,5,2,3,193
23070006745000,20,12,8,956
23070006754000,6,3,3,297
23070006766000,18,10,8,648
23070006767000,3,3,0,0
23070006784000,5,3,2,225
23070006785000,8,3,5,360.8
23070006805000,3,2,1,0
23070006934000,47,22,25,2218.4
23070006935000,39,18,21,1961.7
23070006936000,16,10,6,792
23070006937000,5,3,2,93
23070006939000,1,1,0,0
23070006973000,38,21,17,1482
23070006974000,41,20,21,1582.6
23070006975000,16,8,8,990.4
23070006976000,17,7,10,613.7
23070006983000,6,3,3,277.8
23070007011000,12,6,6,541.2
23070007012000,5,2,3,311
23070007013000,3,1,2,0
23070007016000,1,1,0,0
23070007035000,12,9,3,499.2
23070007042000,12,6,6,288
23070007043000,36,18,18,1796.4
23070007044000,65,30,35,2437.5
23070007045000,4,1,3,0
23070007046000,14,7,7,670.6
23070007047000,115,59,56,4347
23070007048000,79,40,39,2765
23070007049000,37,22,15,1346.8
23070007052000,1,1,0,0
23070007057000,13,5,8,639.6
23070007058000,5,1,4,75
23070007059000,7,4,3,210.7
23070007060000,15,9,6,607.5
23070007061000,12,7,5,514.8
23070007063000,7,5,2,137.2
23070007064000,21,9,12,940.8
23070007065000,70,38,32,2415
23070007066000,14,9,5,567
23070007067000,17,7,10,544
23070007068000,3,2,1,0
23070007069000,17,9,8,685.1
23070007077000,24,12,12,753.6
23070007078000,13,5,8,414.7
23070007079000,24,14,10,888
23070007080000,11,7,4,575.3
23070007085000,30,14,16,1509
23070007086000,26,14,12,925.6
23070007087000,7,4,3,135.8
23070007088000,2,2,0,0
23070007089000,25,11,14,860
23070007090000,9,6,3,432
23070007108000,4,3,1,0
23070007151000,1,1,0,0
23070007159000,1,1,0,0
23070007161000,3,2,1,0
23070007162000,5,3,2,258
23070007205000,21,6,15,909.3
23070007207000,5,1,4,79
23070007211000,15,8,7,537
23070007212000,2,1,1,0
23080006537000,54,28,26,2970
23080006538000,10,5,5,248
23080006539000,3,2,1,0
23080006540000,2,1,1,0
23080006541000,4,3,1,0
23080006557000,1,1,0,0
23080006560000,5,1,4,237
23080006561000,3,1,2,0
23080006562000,31,15,16,1078.8
23080006563000,6,2,4,273
23080006564000,5,3,2,261
23080006565000,20,11,9,786
23080006571000,2,2,0,0
23080006572000,1,1,0,0
23080006573000,12,6,6,555.6
23080006574000,9,5,4,331.2
23080006575000,12,6,6,380.4
23080006576000,10,5,5,471
23080006578000,3,2,1,0
23080006586000,6,2,4,238.8
23080006587000,3,1,2,0
23080006588000,2,1,1,0
23080006602000,3,2,1,0
23080006603000,7,4,3,224
23080006604000,4,2,2,0
23080006606000,1,0,1,0
23080006608000,14,6,8,523.6
23080006609000,7,4,3,275.8
23080006610000,4,2,2,0
23080006611000,9,6,3,478.8
23080006612000,19,10,9,826.5
23080006613000,12,5,7,532.8
23080006615000,29,19,10,1403.6
23080006616000,1,1,0,0
23080006626000,1,0,1,0
23080006639000,11,3,8,363
23080006642000,536,277,259,17420
23080006643000,382,189,193,15241.8
23080006646000,15,7,8,577.5
23080006647000,45,25,20,1998
23080006648000,14,6,8,606.2
23080006649000,8,5,3,466.4
23080006650000,3,2,1,0
23080006660000,2,1,1,0
23080006668000,28,15,13,1086.4
23080006669000,23,12,11,731.4
23080006670000,2,1,1,0
23080006673000,20,8,12,844
23080006674000,35,18,17,1865.5
23080006675000,226,127,99,7299.8
23080006676000,27,16,11,1287.9
23080006677000,12,7,5,468
23080006679000,46,28,18,1982.6
23080006680000,27,15,12,1036.8
23080006682000,54,32,22,2262.6
23080006683000,39,21,18,1372.8
23080006684000,13,3,10,552.5
23080006698000,28,15,13,949.2
23080006699000,9,5,4,203.4
23080006700000,149,75,74,6198.4
23080006701000,58,32,26,3149.4
23080006702000,70,35,35,2737
23080006703000,34,17,17,1764.6
23080006704000,27,12,15,926.1
23080006705000,15,7,8,682.5
23080006717000,2,1,1,0
23080006737000,11,4,7,412.5
23080006738000,35,19,16,1673
23080006739000,2,1,1,0
23080006742000,28,17,11,1117.2
23080006743000,4,2,2,0
23080006744000,15,8,7,736.5
23080006754000,17,11,6,783.7
23080006765000,48,27,21,1670.4
23080006766000,23,12,11,1191.4
23080006767000,7,3,4,350
23080006785000,33,14,19,1607.1
23080006804000,4,2,2,0
23080006805000,1,0,1,0
23080006936000,7,5,2,331.1
23080006937000,11,7,4,509.3
23080006940000,13,7,6,601.9
23080006941000,36,25,11,1544.4
23080006942000,9,5,4,433.8
23080006973000,19,11,8,784.7
23080006974000,51,28,23,2182.8
23080006975000,11,6,5,521.4
23080007011000,22,12,10,893.2
23080007012000,13,6,7,587.6
23080007016000,1,0,1,0
23080007023000,1,1,0,0
23080007035000,14,8,6,666.4
23080007042000,21,11,10,657.3
23080007043000,16,10,6,830.4
23080007044000,1,1,0,0
23080007046000,16,9,7,417.6
23080007047000,15,6,9,427.5
23080007048000,5,3,2,161
23080007049000,19,9,10,583.3
23080007059000,13,7,6,343.2
23080007061000,6,3,3,219
23080007062000,1,1,0,0
23080007064000,14,8,6,504
23080007065000,49,27,22,1185.8
23080007066000,69,33,36,2408.1
23080007067000,19,8,11,725.8
23080007068000,36,19,17,1508.4
23080007069000,3,2,1,0
23080007070000,1,1,0,0
23080007078000,13,8,5,539.5
23080007080000,4,1,3,0
23080007084000,4,2,2,0
23080007085000,37,18,19,1328.3
23080007086000,32,17,15,1484.8
23080007088000,1,1,0,0
23080007089000,3,3,0,0
23080007090000,4,2,2,0
23080007100000,7,2,5,212.8
23080007167000,26,14,12,790.4
23080007168000,5,1,4,218
23080007200000,14,9,5,600.6
23080007201000,13,5,8,635.7
23080007203000,18,10,8,811.8
23080007204000,2,1,1,0
23080007205000,27,17,10,1069.2
23080007207000,2,1,1,0
23080007208000,3,2,1,0
23090006540000,4,2,2,0
23090006541000,6,3,3,229.8
23090006542000,13,6,7,535.6
23090006543000,11,5,6,335.5
23090006544000,4,1,3,0
23090006560000,2,2,0,0
23090006561000,2,2,0,0
23090006562000,6,4,2,339
23090006563000,13,6,7,682.5
23090006564000,31,18,13,1605.8
23090006565000,47,27,20,1861.2
23090006566000,14,7,7,604.8
23090006570000,1,0,1,0
23090006572000,9,5,4,342
23090006574000,5,2,3,283
23090006575000,4,3,1,0
23090006577000,18,9,9,743.4
23090006578000,32,14,18,1507.2
23090006583000,10,6,4,511
23090006584000,4,3,1,0
23090006586000,6,3,3,210
23090006587000,14,6,8,532
23090006589000,2,1,1,0
23090006590000,9,5,4,293.4
23090006591000,2,1,1,0
23090006592000,12,7,5,376.8
23090006593000,2,1,1,0
23090006595000,3,2,1,0
23090006596000,7,4,3,286.3
23090006597000,2,1,1,0
23090006599000,15,10,5,817.5
23090006600000,16,6,10,673.6
23090006601000,8,3,5,384
23090006603000,15,9,6,772.5
23090006604000,8,5,3,400
23090006605000,33,16,17,1630.2
23090006606000,23,12,11,775.1
23090006607000,17,8,9,491.3
23090006610000,7,5,2,357
23090006611000,19,10,9,1005.1
23090006612000,22,13,9,1034
23090006613000,10,5,5,414
23090006614000,5,2,3,347
23090006615000,14,7,7,550.2
23090006625000,2,1,1,0
23090006642000,224,108,116,9385.6
23090006643000,193,100,93,8434.1
23090006644000,24,15,9,933.6
23090006645000,31,16,15,1199.7
23090006646000,22,10,12,739.2
23090006647000,48,26,22,2030.4
23090006648000,15,5,10,496.5
23090006650000,23,10,13,871.7
23090006651000,3,2,1,0
23090006667000,13,7,6,526.5
23090006674000,55,31,24,2134
23090006675000,60,31,29,2190
23090006676000,20,11,9,878
23090006677000,35,17,18,1477
23090006678000,38,18,20,1641.6
23090006679000,42,23,19,2158.8
23090006680000,55,30,25,2469.5
23090006681000,25,10,15,1117.5
23090006682000,48,28,20,1963.2
23090006683000,64,33,31,2764.8
23090006684000,12,6,6,579.6
23090006696000,2,2,0,0
23090006697000,50,32,18,2215
23090006698000,65,37,28,3094
23090006699000,182,91,91,8390.2
23090006700000,569,268,301,29360.4
23090006701000,168,82,86,7240.8
23090006738000,25,14,11,1167.5
23090006739000,25,16,9,1090
23090006740000,11,6,5,422.4
23090006742000,7,4,3,368.9
23090006744000,3,2,1,0
23090006754000,20,10,10,980
23090006761000,6,4,2,180
23090006762000,38,20,18,1451.6
23090006764000,13,6,7,473.2
23090006765000,7,4,3,438.2
23090006766000,14,7,7,550.2
23090006785000,91,55,36,4067.7
23090006796000,2,1,1,0
23090006801000,8,3,5,346.4
23090006802000,43,23,20,2046.8
23090006803000,6,4,2,403.8
23090006805000,9,6,3,222.3
23090006932000,1,1,0,0
23090006937000,7,5,2,436.8
23090006940000,18,8,10,819
23090006941000,32,16,16,1459.2
23090006942000,59,32,27,2224.3
23090006973000,39,23,16,1552.2
23090006974000,27,16,11,1339.2
23090006985000,3,1,2,0
23090006986000,8,4,4,346.4
23090007011000,7,4,3,231.7
23090007015000,2,1,1,0
23090007035000,4,2,2,0
23090007041000,5,3,2,286
23090007042000,9,6,3,444.6
23090007043000,48,28,20,1852.8
23090007044000,13,6,7,559
23090007049000,2,0,2,0
23090007053000,7,5,2,214.2
23090007060000,3,2,1,0
23090007062000,1,1,0,0
23090007064000,15,8,7,754.5
23090007065000,8,4,4,168.8
23090007066000,28,17,11,1128.4
23090007067000,12,7,5,374.4
23090007068000,22,10,12,866.8
23090007069000,7,3,4,340.2
23090007070000,10,4,6,486
23090007079000,9,7,2,431.1
23090007080000,14,6,8,555.8
23090007084000,1,1,0,0
23090007085000,17,9,8,661.3
23090007086000,27,12,15,1096.2
23090007088000,4,3,1,0
23090007089000,14,7,7,572.6
23090007090000,13,6,7,374.4
23090007091000,15,8,7,703.5
23090007100000,18,9,9,732.6
23090007101000,321,160,161,14766
23090007102000,12,6,6,672
23090007105000,5,2,3,307
23090007108000,10,6,4,425
23090007128000,4,3,1,0
23090007167000,18,11,7,622.8
23090007204000,9,4,5,412.2
23090007205000,4,2,2,0
23090007207000,4,1,3,0
23090007208000,4,2,2,0
23100006547000,1,0,1,0
23100006562000,7,3,4,401.8
23100006564000,6,4,2,379.8
23100006565000,10,4,6,520
23100006566000,19,10,9,571.9
23100006567000,12,5,7,525.6
23100006568000,11,6,5,507.1
23100006570000,6,4,2,220.8
23100006571000,7,5,2,265.3
23100006572000,28,13,15,968.8
23100006573000,3,0,3,0
23100006574000,8,4,4,396.8
23100006575000,8,4,4,262.4
23100006576000,18,10,8,527.4
23100006577000,17,9,8,950.3
23100006578000,19,12,7,1096.3
23100006579000,12,5,7,321.6
23100006581000,3,1,2,0
23100006587000,13,8,5,518.7
23100006588000,3,1,2,0
23100006589000,19,8,11,948.1
23100006590000,7,5,2,322
23100006591000,6,4,2,136.2
23100006592000,2,1,1,0
23100006593000,3,1,2,0
23100006594000,7,5,2,259.7
23100006595000,37,17,20,1435.6
23100006596000,199,104,95,7840.6
23100006597000,472,234,238,20909.6
23100006598000,414,201,213,19747.8
23100006599000,107,49,58,4108.8
23100006600000,5,2,3,203
23100006601000,15,8,7,772.5
23100006602000,5,2,3,285
23100006603000,18,10,8,919.8
23100006604000,31,15,16,1267.9
23100006605000,9,4,5,462.6
23100006606000,2,1,1,0
23100006607000,2,1,1,0
23100006624000,1,1,0,0
23100006625000,2,1,1,0
23100006626000,2,1,1,0
23100006627000,1,1,0,0
23100006646000,40,20,20,1552
23100006648000,5,1,4,135
23100006649000,6,3,3,247.2
23100006650000,2,1,1,0
23100006651000,1,0,1,0
23100006664000,6,3,3,268.8
23100006666000,8,2,6,266.4
23100006667000,3,2,1,0
23100006668000,9,5,4,586.8
23100006675000,46,23,23,1798.6
23100006676000,7,3,4,345.8
23100006678000,35,21,14,1487.5
23100006679000,7,4,3,282.8
23100006680000,2,0,2,0
23100006681000,13,7,6,626.6
23100006682000,21,9,12,875.7
23100006683000,22,12,10,1056
23100006684000,4,2,2,0
23100006697000,13,6,7,741
23100006698000,26,10,16,982.8
23100006699000,96,46,50,3974.4
23100006700000,21,10,11,787.5
23100006701000,3,2,1,0
23100006702000,17,9,8,812.6
23100006705000,8,5,3,282.4
23100006743000,1,1,0,0
23100006754000,31,18,13,1196.6
23100006755000,28,15,13,996.8
23100006756000,108,52,56,2743.2
23100006757000,2,1,1,0
23100006758000,6,2,4,363
23100006759000,10,5,5,465
23100006760000,16,9,7,852.8
23100006761000,32,18,14,1206.4
23100006762000,14,9,5,533.4
23100006763000,15,8,7,700.5
23100006764000,8,3,5,306.4
23100006765000,27,15,12,1242
23100006785000,2,1,1,0
23100006786000,1,0,1,0
23100006787000,6,2,4,291
23100006792000,1,1,0,0
23100006794000,4,1,3,0
23100006795000,7,5,2,240.1
23100006796000,2,1,1,0
23100006800000,26,13,13,1484.6
23100006801000,36,18,18,1119.6
23100006802000,2,2,0,0
23100006939000,23,13,10,1014.3
23100006940000,2,1,1,0
23100006942000,25,13,12,945
23100006944000,8,3,5,291.2
23100006945000,3,2,1,0
23100006973000,118,47,71,5003.2
23100006974000,60,29,31,2262
23100006985000,10,3,7,407
23100007040000,12,5,7,483.6
23100007041000,6,4,2,304.8
23100007042000,10,5,5,417
23100007043000,19,11,8,657.4
23100007060000,4,3,1,0
23100007061000,10,3,7,399
23100007062000,10,5,5,458
23100007063000,7,5,2,189.7
23100007064000,7,4,3,333.2
23100007065000,16,8,8,724.8
23100007066000,30,13,17,1104
23100007067000,41,21,20,1816.3
23100007068000,5,3,2,326
23100007069000,116,64,52,4257.2
23100007070000,8,4,4,411.2
23100007080000,14,9,5,410.2
23100007085000,57,31,26,1687.2
23100007086000,35,16,19,1403.5
23100007087000,10,6,4,316
23100007088000,39,22,17,1723.8
23100007091000,29,15,14,1026.6
23100007101000,60,33,27,2442
23100007105000,2,1,1,0
23100007107000,5,3,2,367
23100007108000,14,5,9,515.2
23100007130000,5,2,3,273
23100007166000,2,2,0,0
23100007199000,3,2,1,0
23100007204000,5,4,1,200
23110006565000,1,1,0,0
23110006566000,2,1,1,0
23110006567000,6,3,3,250.8
23110006568000,87,47,40,3854.1
23110006569000,164,75,89,8380.4
23110006570000,54,29,25,2451.6
23110006571000,60,32,28,2634
23110006572000,23,13,10,1159.2
23110006573000,21,12,9,707.7
23110006575000,12,6,6,423.6
23110006576000,5,3,2,273
23110006577000,3,2,1,0
23110006580000,4,2,2,0
23110006581000,12,7,5,451.2
23110006583000,1,1,0,0
23110006585000,10,5,5,658
23110006587000,18,8,10,808.2
23110006588000,2,1,1,0
23110006589000,17,8,9,1098.2
23110006591000,11,5,6,302.5
23110006592000,5,2,3,114
23110006593000,50,32,18,2050
23110006594000,13,7,6,500.5
23110006595000,7,4,3,354.9
23110006596000,12,7,5,478.8
23110006597000,353,182,171,15885
23110006598000,409,188,221,21390.7
23110006599000,22,11,11,875.6
23110006600000,11,5,6,583
23110006601000,46,24,22,1752.6
23110006602000,14,5,9,530.6
23110006603000,1,1,0,0
23110006604000,8,4,4,419.2
23110006605000,9,3,6,439.2
23110006626000,1,0,1,0
23110006627000,13,8,5,663
23110006628000,3,1,2,0
23110006630000,2,1,1,0
23110006631000,7,2,5,205.8
23110006664000,4,1,3,0
23110006665000,3,2,1,0
23110006666000,7,3,4,359.1
23110006669000,6,4,2,388.8
23110006675000,7,3,4,340.9
23110006676000,3,1,2,0
23110006678000,4,2,2,0
23110006679000,10,5,5,501
23110006680000,29,17,12,1452.9
23110006681000,59,32,27,2672.7
23110006682000,26,13,13,941.2
23110006683000,6,4,2,229.8
23110006684000,26,15,11,1341.6
23110006694000,2,2,0,0
23110006695000,8,3,5,504
23110006696000,7,5,2,287
23110006697000,11,5,6,464.2
23110006698000,23,12,11,1044.2
23110006699000,21,11,10,783.3
23110006700000,6,3,3,388.2
23110006703000,9,6,3,347.4
23110006704000,55,27,28,2387
23110006705000,13,4,9,535.6
23110006741000,2,1,1,0
23110006742000,8,6,2,223.2
23110006752000,4,3,1,0
23110006753000,4,1,3,0
23110006754000,9,5,4,366.3
23110006755000,597,305,292,24238.2
23110006756000,376,189,187,10753.6
23110006757000,39,23,16,1497.6
23110006758000,15,6,9,660
23110006759000,40,19,21,1600
23110006760000,62,34,28,2486.2
23110006761000,21,13,8,1005.9
23110006763000,3,2,1,0
23110006764000,13,6,7,383.5
23110006765000,10,5,5,486
23110006767000,1,1,0,0
23110006786000,4,3,1,0
23110006787000,5,2,3,278
23110006788000,17,11,6,540.6
23110006789000,20,12,8,628
23110006791000,4,1,3,0
23110006794000,2,1,1,0
23110006795000,10,6,4,392
23110006800000,9,6,3,426.6
23110006939000,24,13,11,806.4
23110006940000,15,7,8,438
23110006943000,12,7,5,616.8
23110006944000,6,2,4,331.8
23110006945000,14,7,7,768.6
23110006946000,29,15,14,983.1
23110006972000,30,13,17,1617
23110006973000,232,104,128,11901.6
23110006974000,1,1,0,0
23110006984000,5,3,2,132
23110006985000,25,14,11,1110
23110007003000,9,4,5,380.7
23110007020000,1,1,0,0
23110007039000,3,2,1,0
23110007040000,12,5,7,447.6
23110007043000,11,8,3,414.7
23110007044000,15,7,8,477
23110007060000,12,6,6,426
23110007061000,17,9,8,771.8
23110007062000,8,4,4,196.8
23110007063000,8,5,3,384
23110007064000,24,12,12,1226.4
23110007065000,21,11,10,756
23110007066000,28,17,11,1150.8
23110007067000,9,5,4,270
23110007068000,100,47,53,3810
23110007069000,1147,551,596,46224.1
23110007070000,435,207,228,16399.5
23110007080000,37,18,19,1535.5
23110007081000,5,3,2,229
23110007085000,10,3,7,161
23110007086000,16,9,7,606.4
23110007087000,115,53,62,5048.5
23110007088000,26,11,15,881.4
23110007089000,7,5,2,219.1
23110007090000,5,3,2,156
23110007091000,9,6,3,323.1
23110007092000,6,3,3,226.8
23110007106000,5,4,1,122
23110007107000,1,1,0,0
23110007108000,15,8,7,580.5
23110007130000,6,4,2,319.2
23110007150000,1,1,0,0
23110007159000,4,2,2,0
23110007160000,1,0,1,0
23110007161000,6,4,2,222
23110007162000,7,3,4,347.2
23110007165000,2,1,1,0
23110007173000,11,5,6,309.1
23110007205000,3,2,1,0
23120006562000,2,1,1,0
23120006563000,9,5,4,585.9
23120006564000,4,2,2,0
23120006567000,4,1,3,0
23120006568000,25,14,11,1010
23120006569000,110,60,50,4532
23120006571000,11,4,7,476.3
23120006572000,6,3,3,411
23120006576000,1,0,1,0
23120006583000,10,4,6,416
23120006584000,5,2,3,147
23120006585000,5,3,2,233
23120006586000,7,5,2,343.7
23120006587000,15,8,7,451.5
23120006588000,5,3,2,98
23120006589000,34,17,17,1339.6
23120006590000,4,2,2,0
23120006592000,14,7,7,519.4
23120006593000,6,4,2,175.2
23120006594000,24,14,10,1029.6
23120006595000,24,14,10,1106.4
23120006596000,10,7,3,379
23120006597000,8,4,4,244
23120006598000,17,8,9,503.2
23120006599000,20,11,9,964
23120006600000,9,3,6,314.1
23120006635000,7,3,4,469.7
23120006636000,5,2,3,266
23120006670000,3,1,2,0
23120006673000,13,6,7,670.8
23120006674000,33,16,17,1412.4
23120006675000,8,3,5,416.8
23120006676000,20,12,8,1012
23120006677000,3,2,1,0
23120006678000,10,6,4,413
23120006679000,30,13,17,1305
23120006680000,5,2,3,265
23120006681000,76,34,42,2629.6
23120006682000,27,12,15,1042.2
23120006690000,5,2,3,216
23120006693000,21,12,9,768.6
23120006694000,28,15,13,1265.6
23120006695000,33,21,12,1329.9
23120006696000,10,5,5,618
23120006698000,47,22,25,1729.6
23120006699000,17,11,6,508.3
23120006700000,4,2,2,0
23120006701000,26,12,14,1326
23120006702000,29,15,14,1429.7
23120006703000,40,23,17,1524
23120006704000,27,11,16,1368.9
23120006740000,13,6,7,588.9
23120006741000,5,3,2,323
23120006752000,49,29,20,1925.7
23120006753000,174,93,81,5742
23120006754000,693,318,375,27442.8
23120006755000,364,183,181,13395.2
23120006756000,3,2,1,0
23120006757000,309,151,158,14152.2
23120006758000,69,35,34,2622
23120006759000,40,21,19,1992
23120006760000,4,2,2,0
23120006780000,8,5,3,370.4
23120006781000,1,1,0,0
23120006789000,3,2,1,0
23120006790000,4,2,2,0
23120006795000,1,0,1,0
23120006797000,1,1,0,0
23120006798000,5,4,1,77
23120006904000,8,6,2,442.4
23120006908000,5,2,3,170
23120006909000,6,4,2,397.8
23120006941000,21,10,11,861
23120006942000,42,21,21,1461.6
23120006943000,13,7,6,700.7
23120006947000,28,12,16,988.4
23120006960000,3,2,1,0
23120006961000,2,1,1,0
23120006962000,1,1,0,0
23120006963000,4,2,2,0
23120006964000,8,3,5,334.4
23120006966000,3,2,1,0
23120006969000,5,3,2,207
23120006971000,18,10,8,736.2
23120006972000,124,62,62,5046.8
23120006973000,162,81,81,6901.2
23120006984000,2,1,1,0
23120007002000,3,1,2,0
23120007003000,7,4,3,480.9
23120007039000,7,4,3,189.7
23120007040000,15,7,8,654
23120007045000,36,17,19,1375.2
23120007061000,14,8,6,418.6
23120007062000,3,1,2,0
23120007063000,3,2,1,0
23120007064000,40,20,20,1336
23120007065000,17,9,8,761.6
23120007066000,22,12,10,1071.4
23120007067000,30,17,13,1179
23120007068000,119,53,66,4129.3
23120007069000,89,43,46,3453.2
23120007070000,119,55,64,5271.7
23120007071000,23,10,13,811.9
23120007073000,4,1,3,0
23120007079000,3,1,2,0
23120007080000,36,19,17,1422
23120007081000,11,5,6,490.6
23120007085000,6,2,4,88.8
23120007086000,20,12,8,864
23120007087000,91,44,47,3567.2
23120007088000,23,12,11,897
23120007089000,19,11,8,786.6
23120007090000,29,17,12,1374.6
23120007091000,46,25,21,1435.2
23120007092000,36,21,15,1587.6
23120007102000,3,2,1,0
23120007109000,19,10,9,775.2
23120007131000,2,1,1,0
23120007173000,17,8,9,914.6
23120007200000,2,1,1,0
23120007209000,8,6,2,243.2
23130006560000,34,18,16,1513
23130006561000,5,3,2,263
23130006562000,2,1,1,0
23130006564000,6,4,2,220.8
23130006565000,16,8,8,638.4
23130006567000,9,3,6,412.2
23130006568000,1,1,0,0
23130006569000,16,9,7,507.2
23130006570000,13,6,7,579.8
23130006573000,5,1,4,131
23130006579000,3,1,2,0
23130006583000,15,6,9,549
23130006586000,2,1,1,0
23130006588000,4,2,2,0
23130006589000,15,10,5,601.5
23130006590000,18,11,7,673.2
23130006591000,4,2,2,0
23130006592000,8,5,3,312.8
23130006593000,10,6,4,275
23130006597000,3,1,2,0
23130006598000,1,1,0,0
23130006631000,6,2,4,268.2
23130006632000,5,2,3,176
23130006633000,1,1,0,0
23130006635000,1,1,0,0
23130006638000,1,0,1,0
23130006639000,10,4,6,582
23130006640000,24,12,12,1125.6
23130006641000,4,3,1,0
23130006663000,5,1,4,218
23130006672000,2,1,1,0
23130006673000,12,5,7,366
23130006674000,15,7,8,504
23130006675000,3,2,1,0
23130006676000,36,20,16,1890
23130006677000,32,18,14,1267.2
23130006678000,155,83,72,6680.5
23130006679000,114,57,57,4400.4
23130006680000,36,17,19,1875.6
23130006681000,214,102,112,8346
23130006682000,29,14,15,1247
23130006683000,39,19,20,1400.1
23130006684000,2,1,1,0
23130006688000,9,5,4,428.4
23130006689000,14,9,5,660.8
23130006690000,53,27,26,1886.8
23130006691000,27,12,15,1182.6
23130006692000,14,8,6,477.4
23130006693000,14,7,7,645.4
23130006694000,5,1,4,128
23130006698000,4,3,1,0
23130006699000,13,7,6,557.7
23130006700000,5,2,3,264
23130006701000,2,1,1,0
23130006703000,8,4,4,338.4
23130006704000,36,17,19,1890
23130006705000,35,20,15,1610
23130006706000,32,18,14,1542.4
23130006707000,10,5,5,279
23130006708000,5,3,2,337
23130006709000,27,15,12,1422.9
23130006710000,18,6,12,797.4
23130006738000,3,2,1,0
23130006739000,18,10,8,772.2
23130006740000,20,10,10,610
23130006750000,8,4,4,448
23130006751000,308,147,161,9732.8
23130006752000,1219,590,629,46931.5
23130006753000,831,368,463,35234.4
23130006754000,1053,489,564,50965.2
23130006755000,1367,630,737,63838.9
23130006756000,977,483,494,39861.6
23130006757000,1165,558,607,45202
23130006758000,8,4,4,431.2
23130006759000,4,2,2,0
23130006778000,2,1,1,0
23130006902000,1,0,1,0
23130006908000,1,1,0,0
23130006909000,7,3,4,347.2
23130006910000,3,1,2,0
23130006928000,5,3,2,95
23130006929000,8,6,2,378.4
23130006931000,4,1,3,0
23130006941000,30,14,16,843
23130006942000,601,293,308,22477.4
23130006943000,535,261,274,22737.5
23130006944000,463,215,248,20649.8
23130006945000,245,126,119,10094
23130006947000,21,11,10,882
23130006949000,2,1,1,0
23130006958000,4,1,3,0
23130006964000,5,3,2,283
23130006965000,1,1,0,0
23130006966000,9,4,5,372.6
23130006967000,14,5,9,590.8
23130006968000,12,7,5,489.6
23130006969000,18,10,8,815.4
23130006970000,36,22,14,1594.8
23130006971000,33,19,14,1593.9
23130006972000,36,12,24,1778.4
23130006973000,9,6,3,325.8
23130007002000,6,5,1,379.8
23130007003000,17,8,9,734.4
23130007037000,6,2,4,205.2
23130007038000,3,2,1,0
23130007039000,25,14,11,1082.5
23130007040000,45,27,18,1813.5
23130007045000,14,6,8,712.6
23130007059000,6,4,2,270
23130007062000,9,5,4,312.3
23130007063000,2,1,1,0
23130007064000,97,51,46,3850.9
23130007065000,68,40,28,2733.6
23130007066000,42,22,20,1831.2
23130007067000,8,4,4,308
23130007068000,47,25,22,1842.4
23130007069000,10,3,7,379
23130007070000,98,46,52,3704.4
23130007071000,56,31,25,2318.4
23130007072000,38,21,17,1197
23130007073000,22,11,11,836
23130007074000,14,8,6,557.2
23130007075000,11,7,4,324.5
23130007080000,2,1,1,0
23130007081000,25,9,16,880
23130007086000,13,10,3,379.6
23130007087000,21,11,10,1068.9
23130007088000,31,15,16,1413.6
23130007090000,18,7,11,586.8
23130007091000,7,3,4,441
23130007092000,123,65,58,5043
23130007093000,38,22,16,1200.8
23130007102000,4,2,2,0
23130007103000,17,7,10,618.8
23130007109000,6,5,1,187.8
23130007110000,4,1,3,0
23130007117000,2,1,1,0
23130007159000,25,13,12,1035
23130007173000,10,5,5,615
23130007202000,3,2,1,0
23130007208000,6,3,3,316.2
23140006560000,59,31,28,2596
23140006561000,15,7,8,424.5
23140006568000,1,1,0,0
23140006570000,9,6,3,340.2
23140006571000,1,0,1,0
23140006572000,3,1,2,0
23140006573000,15,10,5,625.5
23140006582000,1,1,0,0
23140006583000,6,5,1,198
23140006586000,8,3,5,232.8
23140006587000,15,7,8,447
23140006588000,9,5,4,456.3
23140006589000,14,8,6,439.6
23140006590000,5,3,2,114
23140006592000,22,10,12,770
23140006593000,3,2,1,0
23140006594000,1,1,0,0
23140006632000,11,5,6,566.5
23140006633000,3,2,1,0
23140006635000,4,1,3,0
23140006638000,3,1,2,0
23140006639000,30,16,14,1137
23140006641000,16,8,8,761.6
23140006653000,11,5,6,414.7
23140006671000,1,1,0,0
23140006672000,22,12,10,893.2
23140006673000,14,8,6,509.6
23140006674000,23,11,12,1064.9
23140006675000,25,14,11,1270
23140006676000,32,15,17,1347.2
23140006677000,13,7,6,569.4
23140006678000,17,9,8,822.8
23140006679000,35,19,16,1533
23140006680000,36,20,16,1796.4
23140006681000,7,2,5,217
23140006682000,27,12,15,1155.6
23140006683000,29,15,14,1078.8
23140006685000,14,4,10,793.8
23140006686000,27,13,14,1312.2
23140006687000,25,14,11,1127.5
23140006688000,107,56,51,4001.8
23140006689000,91,48,43,3767.4
23140006690000,33,16,17,1323.3
23140006691000,39,19,20,1969.5
23140006692000,15,10,5,517.5
23140006693000,2,1,1,0
23140006694000,2,1,1,0
23140006701000,9,4,5,276.3
23140006703000,27,13,14,1668.6
23140006704000,61,32,29,2214.3
23140006705000,95,49,46,4189.5
23140006706000,109,55,54,4054.8
23140006707000,79,42,37,3207.4
23140006708000,189,105,84,8977.5
23140006709000,131,67,64,5934.3
23140006710000,32,20,12,1408
23140006711000,1,0,1,0
23140006738000,3,1,2,0
23140006747000,76,38,38,3275.6
23140006748000,3,2,1,0
23140006749000,8,5,3,332.8
23140006750000,72,32,40,3045.6
23140006751000,257,129,128,9714.6
23140006752000,1615,750,865,62985
23140006753000,981,478,503,41103.9
23140006754000,637,304,333,31467.8
23140006755000,607,303,304,24826.3
23140006756000,797,367,430,28851.4
23140006757000,3,1,2,0
23140006789000,7,4,3,291.2
23140006901000,5,4,1,197
23140006902000,10,7,3,340
23140006926000,3,2,1,0
23140006927000,22,12,10,939.4
23140006928000,27,15,12,1028.7
23140006929000,11,4,7,501.6
23140006941000,21,10,11,800.1
23140006942000,255,119,136,11730
23140006943000,1224,586,638,54223.2
23140006944000,404,196,208,19270.8
23140006948000,6,3,3,232.2
23140006949000,26,17,9,1073.8
23140006950000,10,3,7,350
23140006956000,2,0,2,0
23140006965000,13,7,6,482.3
23140006966000,2,1,1,0
23140006967000,10,6,4,539
23140006968000,6,3,3,259.2
23140006969000,29,17,12,1168.7
23140006970000,10,5,5,451
23140006971000,10,6,4,461
23140007003000,19,9,10,1012.7
23140007033000,1,1,0,0
23140007034000,1,1,0,0
23140007036000,4,2,2,0
23140007039000,2,1,1,0
23140007040000,5,2,3,134
23140007042000,14,8,6,366.8
23140007045000,15,10,5,729
23140007057000,2,1,1,0
23140007058000,12,7,5,510
23140007060000,1,1,0,0
23140007061000,10,4,6,250
23140007062000,44,27,17,1606
23140007064000,15,7,8,597
23140007065000,41,23,18,1160.3
23140007066000,56,26,30,2010.4
23140007067000,26,14,12,1151.8
23140007068000,14,6,8,749
23140007069000,49,26,23,1857.1
23140007070000,31,17,14,1196.6
23140007071000,40,23,17,1880
23140007072000,15,8,7,622.5
23140007073000,375,179,196,11962.5
23140007074000,15,6,9,481.5
23140007075000,34,15,19,1312.4
23140007080000,4,2,2,0
23140007087000,17,11,6,576.3
23140007088000,38,21,17,1523.8
23140007090000,10,4,6,383
23140007092000,7,4,3,226.1
23140007093000,85,42,43,3255.5
23140007094000,6,3,3,232.8
23140007095000,2,1,1,0
23140007103000,27,11,16,999
23140007104000,6,4,2,196.8
23140007107000,25,14,11,1140
23140007108000,9,4,5,327.6
23140007109000,6,4,2,396
23140007110000,62,27,35,2752.8
23140007130000,13,8,5,569.4
23140007151000,12,6,6,591.6
23140007152000,12,6,6,471.6
23140007157000,43,20,23,1844.7
23140007158000,12,5,7,664.8
23140007173000,7,5,2,282.1
23140007199000,7,4,3,326.9
23140007200000,6,5,1,223.2
23140007202000,2,1,1,0
23140007205000,2,1,1,0
23140007206000,18,10,8,1042.2
23140007208000,11,4,7,529.1
23140007209000,4,3,1,0
23150006559000,4,2,2,0
23150006560000,2,2,0,0
23150006572000,11,6,5,355.3
23150006573000,1,1,0,0
23150006583000,2,1,1,0
23150006585000,3,1,2,0
23150006589000,2,1,1,0
23150006591000,4,3,1,0
23150006598000,2,2,0,0
23150006633000,28,13,15,848.4
23150006634000,19,9,10,560.5
23150006635000,23,9,14,699.2
23150006636000,4,2,2,0
23150006637000,7,3,4,333.9
23150006638000,36,17,19,1242
23150006639000,12,5,7,518.4
23150006648000,2,1,1,0
23150006656000,10,5,5,454
23150006657000,3,1,2,0
23150006662000,2,1,1,0
23150006672000,4,2,2,0
23150006676000,17,8,9,790.5
23150006677000,15,7,8,490.5
23150006678000,20,12,8,1060
23150006679000,56,28,28,2492
23150006680000,41,23,18,1635.9
23150006681000,18,11,7,691.2
23150006682000,20,13,7,888
23150006683000,22,9,13,869
23150006684000,509,213,296,24024.8
23150006685000,77,41,36,3010.7
23150006686000,30,15,15,1176
23150006687000,26,14,12,1336.4
23150006688000,34,19,15,1173
23150006689000,28,13,15,1089.2
23150006690000,18,5,13,718.2
23150006691000,29,10,19,1270.2
23150006692000,29,16,13,1508
23150006693000,7,5,2,426.3
23150006694000,2,1,1,0
23150006698000,3,2,1,0
23150006700000,22,10,12,805.2
23150006701000,60,28,32,2604
23150006702000,112,54,58,4065.6
23150006703000,196,78,118,10917.2
23150006704000,92,51,41,4314.8
23150006705000,38,18,20,1702.4
23150006706000,25,15,10,957.5
23150006707000,59,31,28,2112.2
23150006708000,77,40,37,3511.2
23150006709000,49,29,20,2082.5
23150006710000,4,2,2,0
23150006745000,3,1,2,0
23150006746000,29,15,14,1226.7
23150006747000,35,15,20,1421
23150006748000,51,29,22,2070.6
23150006749000,42,20,22,1688.4
23150006750000,30,18,12,1209
23150006751000,1,0,1,0
23150006755000,74,39,35,2508.6
23150006756000,425,204,221,15810
23150006757000,27,14,13,1069.2
23150006758000,7,2,5,319.2
23150006761000,31,19,12,1109.8
23150006762000,22,12,10,1005.4
23150006763000,2,1,1,0
23150006781000,2,1,1,0
23150006789000,5,2,3,354
23150006901000,3,1,2,0
23150006926000,2,1,1,0
23150006928000,2,1,1,0
23150006939000,3,1,2,0
23150006940000,14,4,10,561.4
23150006941000,9,4,5,464.4
23150006942000,6,4,2,240
23150006943000,77,25,52,5759.6
23150006944000,12,5,7,363.6
23150006946000,1,1,0,0
23150006949000,1,1,0,0
23150006950000,8,4,4,416.8
23150006954000,9,3,6,304.2
23150006955000,16,9,7,590.4
23150006969000,5,4,1,288
23150007001000,4,2,2,0
23150007002000,8,5,3,500
23150007003000,1,1,0,0
23150007041000,1,1,0,0
23150007042000,11,6,5,356.4
23150007044000,18,10,8,505.8
23150007045000,13,9,4,556.4
23150007059000,27,14,13,1026
23150007060000,11,5,6,387.2
23150007061000,37,17,20,1354.2
23150007062000,106,54,52,4589.8
23150007070000,36,21,15,1504.8
23150007071000,346,186,160,12283
23150007072000,35,18,17,1155
23150007073000,401,185,216,15478.6
23150007074000,318,148,170,12052.2
23150007075000,467,229,238,15644.5
23150007087000,87,47,40,3627.9
23150007088000,144,67,77,5241.6
23150007089000,3,1,2,0
23150007090000,2,1,1,0
23150007091000,3,1,2,0
23150007093000,8,4,4,378.4
23150007094000,13,5,8,419.9
23150007095000,12,6,6,343.2
23150007096000,5,3,2,219
23150007104000,15,8,7,580.5
23150007105000,11,5,6,565.4
23150007106000,1,0,1,0
23150007107000,4,2,2,0
23150007108000,60,32,28,3096
23150007109000,455,244,211,20566
23150007110000,520,262,258,22880
23150007111000,54,25,29,2149.2
23150007112000,1,1,0,0
23150007113000,9,5,4,225.9
23150007123000,19,10,9,801.8
23150007124000,1,1,0,0
23150007125000,6,4,2,186
23150007126000,10,7,3,337
23150007127000,9,4,5,415.8
23150007128000,22,10,12,583
23150007130000,20,13,7,684
23150007131000,8,4,4,434.4
23150007132000,5,3,2,312
23150007133000,16,9,7,785.6
23150007134000,9,4,5,491.4
23150007152000,13,7,6,642.2
23150007157000,67,31,36,3195.9
23150007158000,2,0,2,0
23150007166000,1,1,0,0
23150007171000,10,7,3,459
23150007172000,11,6,5,553.3
23150007197000,7,4,3,233.8
23150007198000,24,14,10,885.6
23150007199000,5,2,3,159
23150007200000,34,17,17,965.6
23150007201000,4,3,1,0
23150007202000,7,3,4,107.8
23150007203000,8,5,3,216
23150007205000,5,2,3,98
23150007207000,3,2,1,0
23150007210000,2,1,1,0
23150007211000,11,4,7,562.1
23160006573000,6,4,2,208.2
23160006576000,3,2,1,0
23160006633000,24,12,12,996
23160006634000,105,54,51,4074
23160006635000,57,34,23,2667.6
23160006636000,187,94,93,8545.9
23160006637000,25,13,12,1492.5
23160006638000,27,14,13,996.3
23160006639000,12,9,3,721.2
23160006654000,11,3,8,424.6
23160006662000,2,1,1,0
23160006672000,6,3,3,321
23160006677000,1,1,0,0
23160006679000,9,4,5,398.7
23160006680000,10,5,5,521
23160006681000,11,3,8,475.2
23160006682000,614,314,300,26524.8
23160006683000,640,304,336,26816
23160006684000,530,240,290,24910
23160006685000,91,38,53,3958.5
23160006686000,3,3,0,0
23160006688000,29,15,14,1325.3
23160006689000,16,6,10,606.4
23160006690000,20,11,9,582
23160006697000,3,2,1,0
23160006698000,24,13,11,984
23160006699000,26,14,12,1229.8
23160006700000,31,14,17,1215.2
23160006701000,22,11,11,1095.6
23160006702000,32,18,14,1564.8
23160006703000,31,13,18,1317.5
23160006704000,15,7,8,684
23160006705000,5,2,3,213
23160006746000,33,15,18,1336.5
23160006747000,63,32,31,2368.8
23160006748000,182,93,89,7753.2
23160006749000,53,29,24,2522.8
23160006750000,2,1,1,0
23160006755000,7,4,3,202.3
23160006756000,5,2,3,255
23160006757000,152,81,71,6034.4
23160006758000,238,135,103,8782.2
23160006759000,5,2,3,304
23160006760000,11,6,5,616
23160006761000,83,43,40,2813.7
23160006762000,54,25,29,2197.8
23160006763000,3,1,2,0
23160006764000,37,21,16,1298.7
23160006776000,4,3,1,0
23160006777000,7,4,3,373.8
23160006780000,3,3,0,0
23160006781000,3,2,1,0
23160006901000,7,5,2,189
23160006902000,17,10,7,1169.6
23160006905000,1,1,0,0
23160006918000,5,2,3,238
23160006939000,8,4,4,471.2
23160006940000,8,4,4,268.8
23160006941000,12,7,5,427.2
23160006945000,9,4,5,326.7
23160006949000,1,0,1,0
23160006950000,3,2,1,0
23160006952000,11,7,4,585.2
23160006953000,5,3,2,328
23160006954000,122,51,71,5026.4
23160007002000,1,1,0,0
23160007015000,1,1,0,0
23160007033000,3,1,2,0
23160007041000,8,5,3,232
23160007042000,4,2,2,0
23160007044000,4,3,1,0
23160007045000,7,4,3,261.8
23160007046000,5,2,3,205
23160007059000,4,3,1,0
23160007060000,7,3,4,251.3
23160007061000,14,7,7,635.6
23160007062000,11,6,5,434.5
23160007068000,12,4,8,534
23160007069000,7,5,2,370.3
23160007070000,6,4,2,162
23160007071000,859,457,402,28175.2
23160007072000,496,231,265,22022.4
23160007073000,135,52,83,5872.5
23160007074000,1546,758,788,63386
23160007075000,724,333,391,30335.6
23160007076000,30,11,19,1206
23160007087000,49,26,23,2361.8
23160007088000,190,105,85,6650
23160007089000,48,24,24,1992
23160007090000,16,7,9,574.4
23160007091000,22,12,10,862.4
23160007092000,11,5,6,316.8
23160007094000,34,19,15,1213.8
23160007105000,11,6,5,590.7
23160007106000,7,4,3,399.7
23160007107000,11,5,6,451
23160007108000,30,16,14,1185
23160007109000,32,18,14,1142.4
23160007110000,42,21,21,2007.6
23160007111000,159,87,72,6916.5
23160007112000,144,77,67,5904
23160007113000,15,9,6,811.5
23160007117000,5,3,2,293
23160007118000,21,11,10,751.8
23160007122000,36,20,16,1591.2
23160007123000,64,29,35,2822.4
23160007124000,18,10,8,826.2
23160007126000,88,45,43,3924.8
23160007127000,232,105,127,12481.6
23160007128000,29,16,13,1305
23160007129000,47,24,23,1649.7
23160007130000,14,7,7,600.6
23160007132000,15,8,7,510
23160007134000,2,1,1,0
23160007135000,20,13,7,818
23160007136000,4,2,2,0
23160007137000,1,1,0,0
23160007148000,18,9,9,601.2
23160007149000,10,6,4,472
23160007150000,26,14,12,1417
23160007151000,1,0,1,0
23160007152000,1,1,0,0
23160007153000,1,1,0,0
23160007166000,15,7,8,619.5
23160007171000,2,1,1,0
23160007197000,9,5,4,289.8
23160007198000,9,7,2,226.8
23160007199000,16,10,6,494.4
23160007203000,1,1,0,0
23160007204000,5,4,1,359
23160007205000,4,2,2,0
23160007211000,3,2,1,0
23170006573000,8,3,5,416
23170006574000,2,1,1,0
23170006648000,1,1,0,0
23170006649000,6,4,2,301.8
23170006654000,14,9,5,845.6
23170006655000,2,1,1,0
23170006660000,8,5,3,211.2
23170006661000,6,2,4,145.2
23170006679000,2,1,1,0
23170006682000,27,15,12,1188
23170006683000,79,38,41,3373.3
23170006684000,104,53,51,4690.4
23170006685000,20,8,12,738
23170006686000,20,11,9,778
23170006689000,3,2,1,0
23170006690000,13,6,7,660.4
23170006697000,22,11,11,1221
23170006698000,142,73,69,5864.6
23170006699000,39,18,21,1739.4
23170006700000,14,8,6,498.4
23170006701000,12,7,5,501.6
23170006703000,1,1,0,0
23170006745000,5,2,3,145
23170006746000,12,6,6,474
23170006747000,222,108,114,9457.2
23170006748000,111,62,49,4373.4
23170006749000,30,14,16,1113
23170006758000,77,43,34,2695
23170006759000,50,26,24,2085
23170006760000,48,21,27,1992
23170006761000,3,2,1,0
23170006763000,11,5,6,489.5
23170006774000,1,1,0,0
23170006780000,1,1,0,0
23170006813000,1,1,0,0
23170006901000,3,1,2,0
23170006902000,7,4,3,483.7
23170006917000,2,1,1,0
23170006918000,14,8,6,600.6
23170006919000,1,1,0,0
23170006938000,10,3,7,351
23170006950000,5,3,2,222
23170006953000,14,8,6,702.8
23170006954000,82,42,40,3747.4
23170007033000,2,1,1,0
23170007041000,15,8,7,699
23170007042000,4,2,2,0
23170007044000,2,1,1,0
23170007045000,3,3,0,0
23170007046000,2,1,1,0
23170007060000,11,6,5,350.9
23170007061000,19,7,12,547.2
23170007062000,2,1,1,0
23170007069000,7,4,3,301.7
23170007070000,26,14,12,1144
23170007071000,183,85,98,6569.7
23170007072000,99,49,50,3960
23170007073000,1973,948,1025,79511.9
23170007074000,1135,543,592,55161
23170007087000,242,112,130,11809.6
23170007088000,377,177,200,13835.9
23170007089000,53,26,27,2204.8
23170007090000,31,17,14,998.2
23170007092000,43,19,24,1965.1
23170007093000,40,22,18,1732
23170007094000,19,10,9,773.3
23170007096000,9,3,6,261
23170007097000,12,6,6,414
23170007105000,3,1,2,0
23170007108000,2,1,1,0
23170007109000,13,5,8,556.4
23170007110000,4,2,2,0
23170007111000,14,7,7,593.6
23170007112000,21,9,12,884.1
23170007113000,14,7,7,428.4
23170007117000,20,12,8,678
23170007118000,19,10,9,549.1
23170007120000,1,0,1,0
23170007121000,14,7,7,597.8
23170007122000,38,22,16,1531.4
23170007123000,19,11,8,843.6
23170007124000,22,14,8,1091.2
23170007125000,2,1,1,0
23170007126000,44,24,20,1936
23170007127000,33,17,16,1524.6
23170007128000,4,3,1,0
23170007129000,25,17,8,760
23170007130000,2,1,1,0
23170007136000,105,52,53,4389
23170007137000,5,4,1,266
23170007138000,5,3,2,208
23170007149000,2,1,1,0
23170007150000,4,2,2,0
23170007166000,22,12,10,728.2
23170007167000,10,7,3,363
23170007173000,17,7,10,647.7
23170007183000,43,18,25,1917.8
23170007197000,6,2,4,268.8
23170007198000,1,0,1,0
23170007202000,5,3,2,106
23170007203000,8,5,3,298.4
23180006572000,4,2,2,0
23180006625000,3,1,2,0
23180006626000,25,17,8,1132.5
23180006630000,2,1,1,0
23180006640000,2,2,0,0
23180006649000,4,2,2,0
23180006650000,6,2,4,256.2
23180006652000,2,1,1,0
23180006655000,2,1,1,0
23180006657000,2,1,1,0
23180006667000,6,3,3,364.8
23180006681000,8,4,4,350.4
23180006682000,78,41,37,3728.4
23180006683000,17,9,8,826.2
23180006684000,10,5,5,566
23180006685000,40,21,19,1472
23180006688000,1,1,0,0
23180006689000,8,5,3,244.8
23180006693000,11,6,5,434.5
23180006694000,31,18,13,1782.5
23180006695000,12,6,6,387.6
23180006696000,5,3,2,295
23180006697000,20,10,10,850
23180006698000,28,15,13,1523.2
23180006699000,6,4,2,222
23180006745000,34,17,17,1213.8
23180006746000,46,25,21,2129.8
23180006747000,20,13,7,672
23180006748000,54,24,30,1954.8
23180006749000,56,32,24,2447.2
23180006750000,6,3,3,172.8
23180006753000,1,0,1,0
23180006758000,53,27,26,2257.8
23180006759000,37,20,17,1420.8
23180006760000,32,19,13,1411.2
23180006761000,55,28,27,2343
23180006762000,1,1,0,0
23180006763000,14,7,7,723.8
23180006764000,33,19,14,1389.3
23180006765000,5,3,2,258
23180006937000,1,1,0,0
23180006945000,5,2,3,152
23180006948000,2,1,1,0
23180006954000,16,7,9,788.8
23180006955000,3,2,1,0
23180006999000,10,5,5,450
23180007041000,45,23,22,1755
23180007042000,26,12,14,806
23180007044000,6,3,3,184.8
23180007045000,28,15,13,1103.2
23180007046000,62,32,30,1996.4
23180007059000,12,5,7,544.8
23180007060000,10,6,4,430
23180007069000,7,2,5,293.3
23180007070000,19,8,11,592.8
23180007071000,27,15,12,1034.1
23180007072000,102,51,51,4488
23180007073000,926,457,469,34817.6
23180007074000,596,298,298,23065.2
23180007075000,1,1,0,0
23180007084000,2,1,1,0
23180007085000,8,5,3,404.8
23180007086000,57,30,27,1824
23180007087000,228,109,119,10374
23180007088000,395,176,219,19631.5
23180007089000,91,45,46,4813.9
23180007090000,27,12,15,945
23180007091000,5,3,2,306
23180007092000,8,5,3,326.4
23180007093000,29,16,13,1012.1
23180007094000,12,5,7,462
23180007095000,22,11,11,679.8
23180007096000,13,7,6,330.2
23180007097000,26,15,11,774.8
23180007098000,47,25,22,1720.2
23180007099000,8,4,4,335.2
23180007106000,12,6,6,790.8
23180007109000,2,1,1,0
23180007110000,7,5,2,261.8
23180007111000,3,1,2,0
23180007113000,11,6,5,498.3
23180007117000,12,8,4,536.4
23180007118000,17,10,7,792.2
23180007119000,6,4,2,295.8
23180007120000,19,9,10,668.8
23180007121000,23,13,10,558.9
23180007122000,11,5,6,323.4
23180007123000,13,7,6,601.9
23180007124000,24,15,9,1243.2
23180007129000,15,6,9,577.5
23180007130000,15,7,8,783
23180007138000,4,2,2,0
23180007142000,6,3,3,126
23180007143000,11,5,6,245.3
23180007155000,2,1,1,0
23180007159000,13,6,7,873.6
23180007165000,3,1,2,0
23180007166000,2,1,1,0
23180007167000,2,2,0,0
23180007168000,6,3,3,214.2
23180007174000,19,10,9,794.2
23180007175000,3,1,2,0
23180007176000,1,0,1,0
23180007177000,9,4,5,308.7
23180007183000,69,36,33,2911.8
23180007184000,15,10,5,619.5
23180007196000,15,7,8,714
23180007197000,14,8,6,753.2
23180007202000,2,1,1,0
23180007203000,2,1,1,0
23180007205000,23,14,9,984.4
23180007206000,5,1,4,98
23180007208000,8,5,3,558.4
23180007211000,1,1,0,0
23190006620000,4,3,1,0
23190006623000,9,6,3,206.1
23190006624000,68,35,33,2910.4
23190006625000,20,12,8,804
23190006631000,3,2,1,0
23190006636000,3,2,1,0
23190006640000,3,1,2,0
23190006651000,2,1,1,0
23190006654000,3,1,2,0
23190006655000,2,1,1,0
23190006658000,1,0,1,0
23190006667000,18,10,8,1015.2
23190006668000,8,2,6,315.2
23190006681000,18,11,7,921.6
23190006682000,26,13,13,1037.4
23190006683000,10,6,4,372
23190006688000,16,9,7,784
23190006689000,2,1,1,0
23190006690000,5,4,1,200
23190006691000,18,8,10,820.8
23190006692000,41,22,19,1787.6
23190006693000,12,7,5,530.4
23190006694000,14,8,6,743.4
23190006695000,16,8,8,1020.8
23190006744000,23,12,11,880.9
23190006745000,5,2,3,199
23190006746000,32,18,14,1196.8
23190006747000,2,2,0,0
23190006748000,23,13,10,1108.6
23190006749000,53,23,30,2597
23190006754000,5,3,2,285
23190006755000,16,10,6,721.6
23190006758000,39,19,20,1419.6
23190006759000,70,35,35,2688
23190006760000,68,40,28,2536.4
23190006761000,67,35,32,2546
23190006762000,4,2,2,0
23190006763000,57,29,28,2496.6
23190006764000,6,2,4,267
23190006773000,6,0,6,150
23190006807000,2,2,0,0
23190006810000,3,2,1,0
23190006812000,2,1,1,0
23190006936000,11,6,5,586.3
23190006945000,6,2,4,246
23190006946000,3,2,1,0
23190006954000,2,1,1,0
23190006956000,4,2,2,0
23190006999000,12,7,5,501.6
23190007041000,8,6,2,444
23190007042000,20,13,7,790
23190007045000,34,18,16,1329.4
23190007046000,1,1,0,0
23190007047000,7,3,4,249.2
23190007048000,6,4,2,277.2
23190007059000,15,6,9,319.5
23190007069000,17,8,9,564.4
23190007070000,21,11,10,800.1
23190007071000,15,9,6,681
23190007072000,34,19,15,1530
23190007073000,55,32,23,1875.5
23190007074000,104,56,48,3993.6
23190007075000,22,12,10,992.2
23190007076000,15,9,6,769.5
23190007084000,20,9,11,872
23190007085000,11,4,7,479.6
23190007086000,22,15,7,1144
23190007090000,8,4,4,348.8
23190007091000,24,11,13,1135.2
23190007092000,14,8,6,375.2
23190007093000,22,9,13,748
23190007094000,17,6,11,622.2
23190007095000,22,13,9,899.8
23190007096000,19,11,8,1062.1
23190007097000,104,49,55,3608.8
23190007098000,217,103,114,8115.8
23190007106000,15,6,9,655.5
23190007108000,3,1,2,0
23190007109000,1,1,0,0
23190007110000,18,9,9,694.8
23190007111000,1,1,0,0
23190007113000,16,9,7,521.6
23190007115000,17,6,11,542.3
23190007116000,6,2,4,220.2
23190007117000,39,20,19,2051.4
23190007118000,20,12,8,996
23190007119000,7,4,3,394.1
23190007120000,11,5,6,587.4
23190007124000,2,1,1,0
23190007130000,11,5,6,500.5
23190007140000,6,4,2,298.2
23190007159000,20,9,11,750
23190007165000,4,2,2,0
23190007166000,15,8,7,546
23190007167000,5,3,2,352
23190007168000,18,8,10,847.8
23190007172000,3,1,2,0
23190007173000,6,3,3,409.2
23190007175000,17,11,6,678.3
23190007176000,12,9,3,286.8
23190007184000,2,1,1,0
23190007196000,23,14,9,839.5
23190007197000,12,8,4,373.2
23190007198000,12,6,6,382.8
23190007204000,17,10,7,552.5
23190007205000,12,6,6,734.4
23190007206000,1,1,0,0
23200006620000,3,2,1,0
23200006622000,1,1,0,0
23200006623000,14,6,8,621.6
23200006624000,24,14,10,936
23200006625000,21,12,9,879.9
23200006626000,43,22,21,1530.8
23200006627000,149,67,82,7062.6
23200006628000,4,2,2,0
23200006629000,3,2,1,0
23200006631000,1,1,0,0
23200006641000,10,5,5,352
23200006643000,1,1,0,0
23200006654000,9,5,4,494.1
23200006658000,1,1,0,0
23200006668000,7,4,3,394.8
23200006669000,24,9,15,1003.2
23200006679000,4,1,3,0
23200006680000,14,7,7,649.6
23200006681000,31,17,14,1515.9
23200006682000,30,16,14,972
23200006683000,14,6,8,795.2
23200006684000,16,10,6,734.4
23200006685000,18,7,11,835.2
23200006686000,13,5,8,464.1
23200006687000,10,6,4,442
23200006688000,6,6,0,241.2
23200006689000,30,18,12,1485
23200006690000,25,12,13,970
23200006691000,7,4,3,361.9
23200006692000,2,1,1,0
23200006695000,3,2,1,0
23200006698000,4,3,1,0
23200006740000,22,9,13,728.2
23200006741000,11,6,5,375.1
23200006742000,16,8,8,550.4
23200006743000,43,21,22,1741.5
23200006744000,13,8,5,656.5
23200006745000,110,60,50,4092
23200006746000,51,23,28,1897.2
23200006747000,8,5,3,320
23200006755000,5,2,3,227
23200006758000,5,3,2,227
23200006759000,20,11,9,552
23200006761000,4,2,2,0
23200006762000,33,15,18,1465.2
23200006763000,7,4,3,223.3
23200006764000,18,8,10,774
23200006765000,28,14,14,1232
23200006766000,9,6,3,439.2
23200006767000,2,1,1,0
23200006769000,4,1,3,0
23200006771000,1,0,1,0
23200006807000,1,1,0,0
23200006808000,4,1,3,0
23200006945000,10,3,7,348
23200006946000,16,8,8,862.4
23200006953000,12,7,5,626.4
23200006955000,1,1,0,0
23200006956000,4,1,3,0
23200006996000,4,2,2,0
23200006997000,39,23,16,1427.4
23200007041000,9,4,5,341.1
23200007042000,11,7,4,557.7
23200007045000,8,5,3,363.2
23200007048000,2,1,1,0
23200007069000,5,3,2,118
23200007070000,33,21,12,1346.4
23200007071000,47,23,24,1579.2
23200007072000,45,24,21,1462.5
23200007073000,26,14,12,821.6
23200007074000,15,10,5,621
23200007075000,68,30,38,3284.4
23200007076000,36,16,20,1058.4
23200007084000,13,8,5,518.7
23200007085000,7,5,2,345.1
23200007093000,8,7,1,384.8
23200007094000,18,8,10,633.6
23200007095000,12,6,6,558
23200007096000,63,33,30,2375.1
23200007097000,228,107,121,9325.2
23200007098000,12,5,7,541.2
23200007106000,100,53,47,3690
23200007108000,5,2,3,110
23200007109000,21,11,10,936.6
23200007110000,21,11,10,825.3
23200007111000,19,12,7,592.8
23200007112000,4,2,2,0
23200007114000,6,3,3,271.8
23200007115000,44,26,18,1645.6
23200007116000,38,21,17,1653
23200007117000,4,3,1,0
23200007130000,6,3,3,262.2
23200007139000,3,2,1,0
23200007140000,27,14,13,1104.3
23200007159000,18,7,11,907.2
23200007160000,9,3,6,426.6
23200007162000,12,5,7,687.6
23200007163000,32,17,15,1174.4
23200007164000,1,1,0,0
23200007167000,15,9,6,709.5
23200007168000,8,4,4,464
23200007169000,7,5,2,237.3
23200007173000,17,9,8,782
23200007175000,2,1,1,0
23200007185000,11,6,5,589.6
23200007194000,4,1,3,0
23200007195000,13,7,6,668.2
23200007196000,12,6,6,416.4
23200007197000,218,107,111,6997.8
23200007198000,420,225,195,13482
23200007204000,8,2,6,315.2
23200007205000,2,1,1,0
23210006618000,2,1,1,0
23210006624000,1,0,1,0
23210006625000,2,1,1,0
23210006626000,14,8,6,653.8
23210006627000,107,54,53,4579.6
23210006628000,76,40,36,4066
23210006629000,37,15,22,1665
23210006630000,20,13,7,792
23210006631000,3,2,1,0
23210006639000,8,5,3,428.8
23210006641000,2,1,1,0
23210006648000,2,1,1,0
23210006649000,4,3,1,0
23210006658000,2,1,1,0
23210006663000,9,7,2,365.4
23210006664000,1,1,0,0
23210006668000,2,1,1,0
23210006679000,13,8,5,613.6
23210006680000,28,12,16,1097.6
23210006681000,23,11,12,1094.8
23210006682000,20,10,10,894
23210006683000,17,10,7,783.7
23210006684000,7,3,4,345.8
23210006685000,2,2,0,0
23210006686000,192,93,99,7219.2
23210006687000,43,18,25,1771.6
23210006688000,34,18,16,1499.4
23210006690000,3,2,1,0
23210006697000,2,1,1,0
23210006698000,2,1,1,0
23210006737000,8,6,2,282.4
23210006738000,2,1,1,0
23210006739000,3,2,1,0
23210006741000,2,1,1,0
23210006742000,2,1,1,0
23210006743000,4,1,3,0
23210006744000,3,2,1,0
23210006745000,103,47,56,3903.7
23210006746000,63,31,32,2368.8
23210006747000,54,29,25,2462.4
23210006748000,53,27,26,1939.8
23210006749000,13,9,4,586.3
23210006750000,4,2,2,0
23210006759000,43,23,20,1483.5
23210006760000,7,3,4,364.7
23210006761000,9,4,5,448.2
23210006763000,12,8,4,223.2
23210006764000,1,0,1,0
23210006766000,29,14,15,1110.7
23210006767000,39,22,17,1450.8
23210006768000,19,10,9,771.4
23210006769000,10,5,5,220
23210006771000,5,2,3,329
23210006804000,1,1,0,0
23210006806000,2,1,1,0
23210006807000,1,1,0,0
23210006929000,1,1,0,0
23210006944000,5,2,3,184
23210006945000,5,3,2,366
23210006951000,1,0,1,0
23210006952000,6,4,2,208.2
23210006953000,4,1,3,0
23210006955000,11,5,6,482.9
23210006996000,38,17,21,1850.6
23210006997000,17,6,11,759.9
23210007041000,45,21,24,1732.5
23210007043000,9,6,3,387.9
23210007044000,3,2,1,0
23210007045000,5,3,2,122
23210007046000,4,3,1,0
23210007068000,10,5,5,519
23210007069000,2,1,1,0
23210007070000,13,8,5,634.4
23210007071000,52,27,25,2100.8
23210007072000,51,28,23,1662.6
23210007073000,10,4,6,401
23210007074000,163,88,75,7188.3
23210007075000,32,18,14,1459.2
23210007076000,5,3,2,229
23210007084000,39,19,20,1665.3
23210007085000,9,6,3,331.2
23210007086000,1,0,1,0
23210007087000,24,12,12,1005.6
23210007088000,12,6,6,486
23210007090000,10,6,4,512
23210007091000,10,6,4,514
23210007092000,15,6,9,552
23210007095000,3,3,0,0
23210007096000,39,20,19,1489.8
23210007098000,27,13,14,1344.6
23210007099000,28,13,15,1206.8
23210007106000,28,15,13,1125.6
23210007107000,15,8,7,541.5
23210007110000,14,10,4,393.4
23210007111000,14,8,6,407.4
23210007112000,7,3,4,258.3
23210007114000,21,11,10,663.6
23210007115000,3,1,2,0
23210007116000,31,15,16,1137.7
23210007130000,10,7,3,324
23210007142000,7,4,3,392.7
23210007158000,2,2,0,0
23210007159000,38,20,18,1577
23210007160000,28,11,17,1332.8
23210007161000,13,9,4,421.2
23210007162000,54,31,23,1992.6
23210007163000,7,4,3,226.8
23210007164000,21,11,10,989.1
23210007165000,2,1,1,0
23210007166000,7,4,3,238.7
23210007167000,12,7,5,532.8
23210007168000,20,11,9,558
23210007171000,1,1,0,0
23210007172000,21,9,12,693
23210007173000,13,8,5,735.8
23210007174000,38,20,18,1352.8
23210007175000,77,35,42,3957.8
23210007193000,2,1,1,0
23210007196000,10,6,4,355
23210007197000,180,92,88,6480
23210007198000,1319,669,650,58431.7
23210007199000,645,327,318,21607.5
23210007200000,9,7,2,376.2
23210007201000,1,1,0,0
23210007204000,11,6,5,448.8
23210007205000,10,7,3,265
23210007206000,2,1,1,0
23220006616000,3,2,1,0
23220006624000,3,2,1,0
23220006643000,5,3,2,287
23220006644000,2,1,1,0
23220006667000,4,2,2,0
23220006668000,18,9,9,1116
23220006677000,3,2,1,0
23220006678000,3,3,0,0
23220006679000,7,5,2,226.8
23220006680000,264,141,123,10032
23220006681000,43,23,20,1505
23220006682000,50,28,22,2060
23220006683000,16,8,8,572.8
23220006685000,3,3,0,0
23220006686000,25,12,13,1270
23220006687000,4,2,2,0
23220006688000,16,7,9,872
23220006689000,3,1,2,0
23220006690000,1,1,0,0
23220006734000,12,7,5,662.4
23220006735000,12,4,8,498
23220006736000,12,7,5,649.2
23220006737000,10,8,2,535
23220006738000,25,6,19,902.5
23220006739000,5,3,2,358
23220006740000,1,1,0,0
23220006744000,11,6,5,591.8
23220006745000,21,11,10,961.8
23220006746000,8,6,2,340
23220006747000,3,2,1,0
23220006748000,10,5,5,463
23220006749000,6,4,2,270
23220006750000,1,0,1,0
23220006759000,33,16,17,1527.9
23220006760000,95,33,62,5168
23220006761000,52,28,24,2704
23220006762000,3,1,2,0
23220006763000,6,3,3,310.8
23220006764000,16,6,10,523.2
23220006767000,5,2,3,318
23220006768000,2,1,1,0
23220006770000,6,3,3,340.8
23220006772000,3,2,1,0
23220006773000,7,4,3,370.3
23220006774000,4,2,2,0
23220006794000,2,1,1,0
23220006805000,3,1,2,0
23220006806000,12,7,5,597.6
23220006915000,14,6,8,673.4
23220006917000,1,0,1,0
23220006935000,21,12,9,1075.2
23220006941000,2,1,1,0
23220006945000,1,1,0,0
23220006946000,3,1,2,0
23220006951000,3,1,2,0
23220006952000,14,6,8,565.6
23220006953000,17,7,10,669.8
23220006955000,2,1,1,0
23220007041000,9,6,3,345.6
23220007045000,8,4,4,324.8
23220007046000,10,4,6,514
23220007047000,2,2,0,0
23220007068000,10,5,5,372
23220007071000,4,2,2,0
23220007072000,9,4,5,374.4
23220007073000,36,19,17,1299.6
23220007074000,124,59,65,5183.2
23220007075000,103,49,54,3821.3
23220007076000,56,29,27,2609.6
23220007077000,6,5,1,228
23220007084000,357,180,177,14065.8
23220007085000,49,19,30,1984.5
23220007086000,120,65,55,3972
23220007087000,49,24,25,1597.4
23220007088000,25,13,12,862.5
23220007089000,9,6,3,423
23220007090000,6,3,3,400.8
23220007091000,2,1,1,0
23220007092000,37,20,17,1050.8
23220007093000,24,14,10,1015.2
23220007094000,20,12,8,820
23220007095000,5,2,3,330
23220007096000,23,13,10,809.6
23220007097000,11,5,6,444.4
23220007098000,34,18,16,1475.6
23220007099000,16,9,7,862.4
23220007105000,18,9,9,743.4
23220007106000,21,9,12,867.3
23220007110000,6,2,4,223.8
23220007111000,27,11,16,1125.9
23220007112000,40,26,14,1340
23220007114000,33,17,16,1323.3
23220007130000,1,0,1,0
23220007142000,24,10,14,1008
23220007143000,1,0,1,0
23220007157000,19,8,11,830.3
23220007158000,2,0,2,0
23220007159000,29,13,16,1365.9
23220007160000,25,12,13,750
23220007161000,15,6,9,673.5
23220007162000,15,6,9,595.5
23220007166000,5,2,3,163
23220007171000,3,2,1,0
23220007172000,21,9,12,638.4
23220007173000,6,4,2,282
23220007175000,8,4,4,532
23220007177000,3,2,1,0
23220007178000,1,1,0,0
23220007185000,10,6,4,512
23220007186000,1,0,1,0
23220007193000,4,2,2,0
23220007194000,5,4,1,247
23220007196000,16,8,8,534.4
23220007197000,11,6,5,374
23220007198000,350,164,186,15575
23220007199000,220,111,109,7656
23220007200000,9,4,5,330.3
23220007201000,19,10,9,632.7
23220007202000,50,26,24,1870
23220007203000,30,16,14,1416
23220007204000,32,16,16,1004.8
23230006616000,2,1,1,0
23230006617000,12,7,5,676.8
23230006622000,5,3,2,218
23230006668000,4,2,2,0
23230006676000,3,2,1,0
23230006677000,3,2,1,0
23230006678000,6,2,4,195
23230006680000,67,31,36,2586.2
23230006681000,62,32,30,2901.6
23230006682000,36,17,19,1674
23230006683000,19,9,10,632.7
23230006684000,24,13,11,972
23230006685000,2,1,1,0
23230006730000,5,3,2,346
23230006731000,10,6,4,578
23230006732000,7,4,3,350.7
23230006733000,3,1,2,0
23230006734000,64,33,31,2912
23230006735000,78,43,35,3361.8
23230006736000,6,5,1,282
23230006737000,25,12,13,1230
23230006738000,18,11,7,846
23230006739000,11,8,3,522.5
23230006754000,3,2,1,0
23230006755000,4,2,2,0
23230006758000,2,1,1,0
23230006760000,27,10,17,1104.3
23230006764000,2,0,2,0
23230006765000,3,3,0,0
23230006766000,19,10,9,695.4
23230006768000,3,2,1,0
23230006769000,6,4,2,313.2
23230006770000,19,9,10,699.2
23230006771000,5,3,2,367
23230006772000,2,1,1,0
23230006794000,1,1,0,0
23230006795000,3,2,1,0
23230006805000,2,2,0,0
23230006815000,4,3,1,0
23230006816000,4,1,3,0
23230006817000,4,2,2,0
23230006822000,1,1,0,0
23230006894000,7,5,2,209.3
23230006896000,10,6,4,372
23230006935000,14,7,7,698.6
23230006946000,13,8,5,483.6
23230006947000,2,1,1,0
23230006951000,7,2,5,350.7
23230006953000,9,5,4,393.3
23230006954000,14,8,6,701.4
23230007042000,2,1,1,0
23230007045000,1,1,0,0
23230007070000,8,6,2,275.2
23230007071000,39,24,15,1306.5
23230007072000,22,12,10,884.4
23230007073000,24,10,14,1065.6
23230007074000,36,23,13,1648.8
23230007075000,84,45,39,2948.4
23230007076000,20,11,9,626
23230007081000,101,51,50,3625.9
23230007082000,285,145,140,11286
23230007083000,4,4,0,0
23230007085000,194,94,100,8031.6
23230007086000,173,92,81,7144.9
23230007087000,74,37,37,2997
23230007088000,16,8,8,635.2
23230007089000,18,10,8,878.4
23230007090000,6,3,3,252
23230007092000,22,11,11,1135.2
23230007093000,20,10,10,896
23230007094000,6,4,2,175.2
23230007095000,12,7,5,363.6
23230007096000,25,14,11,892.5
23230007097000,29,15,14,1229.6
23230007098000,6,2,4,285
23230007099000,29,14,15,1009.2
23230007104000,8,5,3,347.2
23230007105000,96,47,49,3417.6
23230007106000,20,9,11,976
23230007111000,33,19,14,1036.2
23230007112000,27,17,10,969.3
23230007113000,9,4,5,368.1
23230007114000,193,100,93,6793.6
23230007115000,7,3,4,305.9
23230007128000,19,11,8,769.5
23230007156000,2,1,1,0
23230007160000,9,4,5,358.2
23230007161000,66,33,33,2349.6
23230007162000,6,3,3,361.8
23230007169000,17,10,7,904.4
23230007170000,4,2,2,0
23230007173000,6,4,2,256.8
23230007177000,15,6,9,667.5
23230007178000,15,8,7,792
23230007185000,15,9,6,732
23230007186000,16,7,9,617.6
23230007189000,5,3,2,151
23230007190000,9,5,4,389.7
23230007191000,27,13,14,1015.2
23230007192000,1,1,0,0
23230007194000,4,1,3,0
23230007195000,7,4,3,322.7
23230007196000,14,8,6,607.6
23230007197000,70,38,32,2485
23230007198000,1,1,0,0
23230007199000,49,22,27,1906.1
23230007200000,122,59,63,4733.6
23230007201000,16,6,10,622.4
23230007202000,17,9,8,503.2
23240006643000,4,2,2,0
23240006644000,2,1,1,0
23240006645000,3,2,1,0
23240006646000,1,1,0,0
23240006676000,13,7,6,587.6
23240006677000,46,24,22,1527.2
23240006678000,5,2,3,159
23240006680000,85,43,42,3544.5
23240006681000,18,9,9,712.8
23240006682000,43,23,20,2081.2
23240006683000,35,19,16,1162
23240006685000,4,2,2,0
23240006686000,4,2,2,0
23240006728000,4,3,1,0
23240006729000,6,2,4,157.2
23240006730000,15,7,8,864
23240006731000,26,14,12,1346.8
23240006732000,5,2,3,317
23240006733000,1,1,0,0
23240006734000,16,8,8,857.6
23240006735000,20,11,9,926
23240006736000,14,8,6,600.6
23240006737000,3,1,2,0
23240006738000,4,2,2,0
23240006755000,29,14,15,1374.6
23240006757000,4,1,3,0
23240006758000,16,7,9,668.8
23240006760000,4,3,1,0
23240006761000,27,17,10,1250.1
23240006762000,2,1,1,0
23240006764000,4,2,2,0
23240006765000,10,6,4,407
23240006766000,1,0,1,0
23240006769000,3,1,2,0
23240006770000,3,2,1,0
23240006795000,5,3,2,210
23240006800000,2,1,1,0
23240006801000,11,6,5,716.1
23240006802000,1,0,1,0
23240006803000,7,4,3,132.3
23240006814000,8,5,3,464.8
23240006893000,3,2,1,0
23240006933000,1,1,0,0
23240006934000,4,1,3,0
23240006944000,3,1,2,0
23240006947000,12,7,5,210
23240006949000,10,6,4,455
23240006950000,7,3,4,261.1
23240006954000,5,2,3,194
23240006955000,1,1,0,0
23240007068000,3,2,1,0
23240007069000,6,4,2,355.8
23240007070000,7,6,1,294
23240007071000,102,53,49,3274.2
23240007072000,25,15,10,705
23240007074000,32,18,14,1072
23240007075000,61,31,30,2128.9
23240007081000,39,17,22,1400.1
23240007082000,63,32,31,2009.7
23240007083000,46,22,24,1826.2
23240007085000,8,4,4,320
23240007088000,16,8,8,740.8
23240007089000,19,10,9,879.7
23240007090000,24,10,14,775.2
23240007091000,7,4,3,396.9
23240007092000,49,26,23,1808.1
23240007093000,75,40,35,3015
23240007094000,144,72,72,5558.4
23240007095000,174,84,90,5968.2
23240007096000,22,13,9,719.4
23240007097000,17,7,10,649.4
23240007098000,30,16,14,1560
23240007099000,12,7,5,595.2
23240007104000,2,1,1,0
23240007106000,16,7,9,764.8
23240007111000,9,4,5,345.6
23240007112000,15,10,5,460.5
23240007113000,54,30,24,2046.6
23240007114000,209,101,108,9091.5
23240007115000,117,57,60,4293.9
23240007142000,6,2,4,178.2
23240007143000,8,4,4,514.4
23240007146000,2,1,1,0
23240007156000,8,5,3,347.2
23240007170000,16,8,8,820.8
23240007171000,16,8,8,921.6
23240007172000,15,8,7,807
23240007173000,8,3,5,368.8
23240007177000,1,1,0,0
23240007178000,11,5,6,753.5
23240007186000,5,3,2,271
23240007190000,18,10,8,700.2
23240007193000,9,5,4,299.7
23240007195000,3,1,2,0
23240007196000,22,12,10,877.8
23240007197000,85,48,37,3561.5
23240007198000,71,40,31,2840
23240007199000,11,6,5,577.5
23240007200000,3,1,2,0
23240007202000,18,8,10,536.4
23240007203000,29,15,14,809.1
23240007204000,5,3,2,324
23250006661000,1,1,0,0
23250006675000,1,1,0,0
23250006676000,24,11,13,912
23250006677000,23,11,12,1087.9
23250006678000,9,3,6,603.9
23250006679000,15,8,7,688.5
23250006680000,25,14,11,1207.5
23250006681000,58,34,24,2180.8
23250006682000,29,15,14,1090.4
23250006683000,27,13,14,1325.7
23250006684000,2,2,0,0
23250006685000,1,1,0,0
23250006726000,7,3,4,461.3
23250006727000,29,16,13,1380.4
23250006728000,21,12,9,856.8
23250006729000,5,2,3,332
23250006730000,44,19,25,2239.6
23250006731000,21,14,7,659.4
23250006732000,11,5,6,388.3
23250006733000,10,5,5,542
23250006734000,3,1,2,0
23250006735000,7,3,4,249.9
23250006736000,198,107,91,8613
23250006737000,44,22,22,1636.8
23250006739000,1,1,0,0
23250006754000,10,6,4,286
23250006755000,6,2,4,360
23250006757000,26,13,13,1029.6
23250006758000,40,20,20,1444
23250006759000,29,16,13,1661.7
23250006760000,99,50,49,4385.7
23250006761000,48,24,24,2150.4
23250006763000,2,1,1,0
23250006764000,1,0,1,0
23250006766000,1,1,0,0
23250006767000,3,2,1,0
23250006768000,2,2,0,0
23250006794000,5,3,2,289
23250006795000,4,3,1,0
23250006798000,1,1,0,0
23250006799000,5,2,3,177
23250006800000,6,3,3,150
23250006801000,20,10,10,810
23250006813000,5,2,3,271
23250006856000,1,1,0,0
23250006888000,23,14,9,1067.2
23250006889000,1,0,1,0
23250006890000,1,0,1,0
23250006914000,11,5,6,456.5
23250006933000,4,2,2,0
23250006947000,3,2,1,0
23250006954000,2,1,1,0
23250006955000,8,5,3,394.4
23250006996000,4,1,3,0
23250007042000,5,2,3,262
23250007067000,7,4,3,305.2
23250007069000,15,7,8,594
23250007070000,24,13,11,657.6
23250007072000,6,4,2,273
23250007073000,1,1,0,0
23250007074000,30,15,15,1476
23250007075000,82,46,36,2829
23250007076000,78,43,35,3057.6
23250007077000,35,26,9,1389.5
23250007078000,1036,519,517,39989.6
23250007079000,365,167,198,13176.5
23250007080000,194,98,96,7469
23250007081000,72,34,38,2347.2
23250007082000,201,103,98,7617.9
23250007083000,17,8,9,642.6
23250007085000,4,2,2,0
23250007086000,10,6,4,297
23250007088000,12,7,5,567.6
23250007089000,13,7,6,556.4
23250007090000,23,9,14,855.6
23250007091000,60,32,28,1944
23250007092000,259,127,132,10334.1
23250007093000,294,123,171,13671
23250007094000,87,44,43,3384.3
23250007095000,150,74,76,6165
23250007096000,29,15,14,1084.6
23250007097000,14,7,7,676.2
23250007099000,21,9,12,1148.7
23250007100000,25,15,10,1285
23250007105000,19,10,9,634.6
23250007107000,2,1,1,0
23250007111000,15,7,8,381
23250007112000,16,8,8,470.4
23250007113000,15,9,6,616.5
23250007114000,34,17,17,1060.8
23250007115000,28,13,15,971.6
23250007116000,26,14,12,839.8
23250007127000,7,4,3,224.7
23250007142000,3,2,1,0
23250007143000,1,1,0,0
23250007144000,1,0,1,0
23250007145000,18,8,10,988.2
23250007146000,100,56,44,4040
23250007155000,2,1,1,0
23250007166000,4,2,2,0
23250007168000,2,1,1,0
23250007171000,4,2,2,0
23250007172000,8,4,4,332.8
23250007173000,29,16,13,1345.6
23250007174000,14,7,7,722.4
23250007175000,5,3,2,256
23250007185000,4,2,2,0
23250007186000,2,1,1,0
23250007190000,2,1,1,0
23250007192000,4,2,2,0
23250007193000,72,37,35,2412
23250007194000,10,7,3,322
23250007195000,4,2,2,0
23250007196000,6,4,2,271.2
23250007197000,10,5,5,586
23250007198000,6,4,2,235.2
23250007200000,1,1,0,0
23250007203000,10,5,5,458
23250007204000,76,41,35,3024.8
23250007205000,3,1,2,0
23260006648000,12,6,6,609.6
23260006649000,5,4,1,231
23260006674000,4,2,2,0
23260006675000,29,15,14,1412.3
23260006676000,134,69,65,4797.2
23260006677000,30,16,14,1110
23260006678000,10,7,3,553
23260006679000,22,12,10,948.2
23260006680000,20,11,9,834
23260006681000,3,2,1,0
23260006682000,16,10,6,841.6
23260006683000,24,12,12,854.4
23260006726000,23,12,11,1083.3
23260006727000,44,23,21,2402.4
23260006728000,23,12,11,1131.6
23260006729000,86,36,50,4317.2
23260006730000,204,100,104,7976.4
23260006731000,40,15,25,2436
23260006732000,19,9,10,855
23260006733000,8,4,4,326.4
23260006734000,2,2,0,0
23260006735000,52,28,24,2334.8
23260006736000,124,66,58,5976.8
23260006737000,82,35,47,4132.8
23260006738000,21,11,10,982.8
23260006739000,11,6,5,566.5
23260006740000,3,1,2,0
23260006755000,8,4,4,200
23260006756000,6,4,2,274.2
23260006757000,12,7,5,648
23260006758000,9,6,3,323.1
23260006759000,22,13,9,831.6
23260006760000,71,39,32,2982
23260006761000,32,13,19,1401.6
23260006762000,15,7,8,826.5
23260006763000,2,1,1,0
23260006765000,3,2,1,0
23260006766000,54,28,26,2613.6
23260006767000,45,23,22,2124
23260006768000,18,11,7,757.8
23260006769000,13,6,7,504.4
23260006770000,9,5,4,485.1
23260006771000,5,1,4,206
23260006794000,2,1,1,0
23260006800000,97,45,52,4879.1
23260006801000,22,10,12,1221
23260006807000,3,2,1,0
23260006808000,2,1,1,0
23260006812000,3,1,2,0
23260006813000,10,5,5,598
23260006845000,8,6,2,360
23260006856000,5,1,4,258
23260006857000,26,14,12,962
23260006858000,3,0,3,0
23260006884000,1,1,0,0
23260006887000,8,4,4,431.2
23260006890000,1,1,0,0
23260006944000,13,7,6,578.5
23260006945000,1,0,1,0
23260006946000,5,2,3,218
23260006947000,5,3,2,241
23260006955000,1,1,0,0
23260006996000,35,21,14,1529.5
23260007070000,17,10,7,654.5
23260007071000,22,15,7,798.6
23260007072000,28,13,15,1024.8
23260007073000,15,9,6,705
23260007074000,23,12,11,1046.5
23260007075000,218,112,106,8414.8
23260007076000,1040,536,504,41080
23260007077000,409,219,190,16769
23260007078000,1785,829,956,87643.5
23260007079000,1117,553,564,42446
23260007080000,360,171,189,13824
23260007081000,20,9,11,730
23260007082000,32,15,17,1168
23260007083000,11,6,5,431.2
23260007086000,2,1,1,0
23260007087000,6,3,3,285
23260007089000,7,5,2,254.8
23260007090000,3,0,3,0
23260007091000,51,30,21,2060.4
23260007092000,14,8,6,554.4
23260007093000,53,26,27,2803.7
23260007094000,37,18,19,1428.2
23260007095000,4,2,2,0
23260007096000,9,4,5,207
23260007097000,40,19,21,1652
23260007098000,47,22,25,1847.1
23260007099000,3,1,2,0
23260007100000,194,98,96,6324.4
23260007101000,15,8,7,784.5
23260007103000,692,322,370,31970.4
23260007104000,358,176,182,13568.2
23260007105000,27,11,16,1147.5
23260007106000,9,5,4,311.4
23260007107000,3,1,2,0
23260007111000,7,3,4,221.2
23260007112000,69,36,33,2697.9
23260007113000,26,16,10,938.6
23260007114000,26,16,10,876.2
23260007115000,4,1,3,0
23260007116000,22,11,11,752.4
23260007142000,3,2,1,0
23260007143000,8,5,3,335.2
23260007144000,206,112,94,7580.8
23260007145000,445,224,221,18111.5
23260007146000,188,100,88,6128.8
23260007150000,4,1,3,0
23260007156000,7,4,3,485.8
23260007164000,5,1,4,179
23260007167000,7,4,3,310.8
23260007168000,9,5,4,530.1
23260007170000,3,1,2,0
23260007171000,8,4,4,484.8
23260007185000,3,2,1,0
23260007191000,8,6,2,239.2
23260007192000,43,22,21,1659.8
23260007193000,6,3,3,157.8
23260007194000,14,10,4,329
23260007195000,10,6,4,535
23260007196000,10,5,5,631
23260007197000,1,1,0,0
23260007198000,2,1,1,0
23260007200000,2,1,1,0
23260007201000,12,7,5,634.8
23260007205000,28,16,12,912.8
23270006641000,2,1,1,0
23270006643000,2,2,0,0
23270006647000,1,0,1,0
23270006648000,1,1,0,0
23270006655000,6,3,3,265.8
23270006673000,12,7,5,430.8
23270006674000,2,1,1,0
23270006675000,44,22,22,1636.8
23270006676000,110,50,60,5335
23270006677000,77,41,36,2548.7
23270006678000,28,13,15,1131.2
23270006679000,20,12,8,808
23270006680000,5,3,2,281
23270006682000,8,5,3,472.8
23270006683000,8,4,4,376.8
23270006694000,2,0,2,0
23270006725000,11,5,6,590.7
23270006726000,19,10,9,841.7
23270006727000,8,4,4,516.8
23270006728000,69,30,39,2801.4
23270006729000,182,77,105,11065.6
23270006730000,515,244,271,24514
23270006731000,180,97,83,7848
23270006733000,7,3,4,354.2
23270006734000,6,2,4,352.8
23270006735000,36,19,17,1202.4
23270006736000,43,24,19,1861.9
23270006737000,52,25,27,2246.4
23270006738000,8,4,4,428.8
23270006755000,6,2,4,211.2
23270006756000,9,6,3,302.4
23270006757000,12,6,6,672
23270006759000,7,3,4,268.8
23270006760000,17,9,8,822.8
23270006761000,39,21,18,1470.3
23270006762000,1,0,1,0
23270006763000,4,2,2,0
23270006767000,3,2,1,0
23270006768000,12,9,3,595.2
23270006769000,15,9,6,412.5
23270006770000,5,2,3,290
23270006793000,1,0,1,0
23270006794000,1,0,1,0
23270006800000,7,4,3,375.9
23270006801000,27,12,15,1115.1
23270006805000,6,3,3,451.2
23270006806000,7,4,3,277.2
23270006807000,3,1,2,0
23270006811000,2,1,1,0
23270006844000,7,3,4,303.1
23270006845000,1,0,1,0
23270006857000,2,2,0,0
23270006859000,10,7,3,635
23270006860000,6,2,4,274.2
23270006884000,16,10,6,486.4
23270006892000,2,1,1,0
23270006932000,2,1,1,0
23270006944000,2,1,1,0
23270006945000,5,4,1,232
23270006946000,4,2,2,0
23270006951000,3,3,0,0
23270006995000,9,4,5,600.3
23270006996000,1,0,1,0
23270007069000,10,4,6,350
23270007070000,39,16,23,1696.5
23270007071000,2,1,1,0
23270007072000,24,13,11,1089.6
23270007074000,13,8,5,683.8
23270007075000,43,24,19,1621.1
23270007076000,257,133,124,10537
23270007077000,142,80,62,5254
23270007078000,762,347,415,39852.6
23270007079000,547,269,278,22919.3
23270007080000,40,19,21,1500
23270007081000,22,10,12,838.2
23270007082000,44,25,19,1663.2
23270007083000,6,4,2,421.8
23270007093000,30,16,14,1200
23270007094000,7,4,3,371.7
23270007097000,20,10,10,826
23270007098000,9,4,5,326.7
23270007099000,6,4,2,169.8
23270007100000,2,2,0,0
23270007101000,839,417,422,35154.1
23270007103000,460,249,211,18078
23270007104000,335,177,158,14237.5
23270007105000,165,83,82,6319.5
23270007108000,5,4,1,265
23270007110000,6,3,3,352.2
23270007111000,4,3,1,0
23270007112000,13,7,6,566.8
23270007113000,20,10,10,696
23270007114000,36,18,18,1440
23270007116000,10,5,5,299
23270007142000,8,4,4,350.4
23270007143000,7,3,4,235.2
23270007146000,5,3,2,308
23270007149000,23,11,12,956.8
23270007150000,18,8,10,667.8
23270007156000,20,9,11,744
23270007168000,2,1,1,0
23270007169000,15,9,6,640.5
23270007187000,13,7,6,599.3
23270007188000,10,5,5,477
23270007191000,11,4,7,387.2
23270007192000,25,14,11,990
23270007194000,15,9,6,433.5
23270007195000,4,2,2,0
23270007196000,20,12,8,866
23270007197000,18,11,7,637.2
23270007198000,14,6,8,463.4
23270007201000,16,8,8,696
23270007202000,8,5,3,236.8
23270007205000,4,1,3,0
23280006643000,4,2,2,0
23280006652000,3,2,1,0
23280006675000,3,1,2,0
23280006676000,35,17,18,1235.5
23280006677000,55,27,28,2376
23280006678000,13,6,7,604.5
23280006680000,3,2,1,0
23280006681000,59,32,27,2277.4
23280006682000,10,5,5,384
23280006694000,4,1,3,0
23280006697000,3,1,2,0
23280006714000,1,1,0,0
23280006715000,28,14,14,1537.2
23280006716000,4,3,1,0
23280006722000,4,2,2,0
23280006723000,7,4,3,319.2
23280006724000,5,3,2,199
23280006725000,32,15,17,1337.6
23280006726000,9,5,4,278.1
23280006727000,19,11,8,630.8
23280006728000,55,31,24,2634.5
23280006733000,10,5,5,363
23280006734000,12,4,8,555.6
23280006735000,8,5,3,430.4
23280006736000,2,1,1,0
23280006737000,53,28,25,2210.1
23280006738000,44,25,19,2037.2
23280006739000,2,1,1,0
23280006756000,2,1,1,0
23280006761000,26,14,12,941.2
23280006762000,15,6,9,768
23280006763000,9,6,3,399.6
23280006768000,2,1,1,0
23280006793000,1,1,0,0
23280006794000,3,1,2,0
23280006799000,6,2,4,201
23280006800000,14,7,7,620.2
23280006802000,11,6,5,481.8
23280006803000,8,6,2,368.8
23280006804000,3,2,1,0
23280006805000,1,1,0,0
23280006807000,1,1,0,0
23280006844000,1,1,0,0
23280006850000,18,9,9,1150.2
23280006860000,8,6,2,380
23280006882000,6,2,4,271.2
23280006892000,13,7,6,635.7
23280006912000,4,1,3,0
23280006940000,2,2,0,0
23280006941000,1,1,0,0
23280006945000,5,4,1,185
23280006946000,13,8,5,826.8
23280006950000,5,3,2,206
23280006951000,1,1,0,0
23280006954000,9,4,5,237.6
23280006994000,1,1,0,0
23280006995000,12,6,6,830.4
23280007068000,2,1,1,0
23280007069000,2,1,1,0
23280007070000,5,2,3,168
23280007071000,2,1,1,0
23280007072000,8,4,4,270.4
23280007074000,21,11,10,714
23280007075000,30,19,11,1230
23280007076000,46,25,21,1835.4
23280007077000,10,5,5,300
23280007078000,292,151,141,11008.4
23280007079000,58,29,29,2691.2
23280007080000,39,21,18,1665.3
23280007081000,18,9,9,640.8
23280007082000,43,25,18,1315.8
23280007091000,19,12,7,636.5
23280007092000,10,5,5,495
23280007093000,22,13,9,1089
23280007094000,34,21,13,1377
23280007095000,14,7,7,358.4
23280007096000,15,5,10,618
23280007097000,16,6,10,561.6
23280007098000,6,4,2,421.2
23280007099000,32,18,14,739.2
23280007100000,262,141,121,10532.4
23280007101000,601,303,298,20554.2
23280007102000,591,274,317,37824
23280007103000,1668,790,878,81565.2
23280007104000,1257,623,634,52416.9
23280007105000,787,392,395,31401.3
23280007106000,176,85,91,5491.2
23280007107000,11,6,5,498.3
23280007108000,33,18,15,1128.6
23280007109000,10,3,7,345
23280007110000,6,4,2,259.2
23280007112000,18,10,8,824.4
23280007113000,7,3,4,317.1
23280007114000,15,7,8,315
23280007116000,15,7,8,600
23280007117000,6,5,1,124.8
23280007146000,3,2,1,0
23280007147000,6,2,4,130.2
23280007149000,8,5,3,398.4
23280007154000,74,36,38,2353.2
23280007155000,8,5,3,368.8
23280007157000,7,3,4,151.9
23280007163000,9,5,4,500.4
23280007186000,2,1,1,0
23280007188000,11,5,6,375.1
23280007189000,3,1,2,0
23280007190000,2,1,1,0
23280007191000,30,15,15,1203
23280007192000,5,3,2,116
23280007193000,4,3,1,0
23280007194000,12,7,5,486
23280007195000,8,4,4,200.8
23280007196000,7,4,3,438.2
23280007197000,1,1,0,0
23290006649000,1,1,0,0
23290006650000,1,1,0,0
23290006651000,4,3,1,0
23290006652000,4,2,2,0
23290006653000,2,1,1,0
23290006677000,4,3,1,0
23290006678000,19,12,7,929.1
23290006679000,26,12,14,1414.4
23290006680000,12,7,5,555.6
23290006681000,6,4,2,208.2
23290006693000,5,3,2,202
23290006694000,2,1,1,0
23290006715000,18,9,9,939.6
23290006716000,8,3,5,212.8
23290006717000,2,2,0,0
23290006718000,1,1,0,0
23290006721000,30,15,15,1302
23290006722000,8,5,3,275.2
23290006723000,5,3,2,347
23290006725000,2,1,1,0
23290006726000,6,3,3,111
23290006731000,9,6,3,295.2
23290006732000,2,1,1,0
23290006733000,15,8,7,628.5
23290006734000,24,10,14,902.4
23290006735000,5,2,3,314
23290006736000,7,4,3,361.2
23290006737000,41,24,17,1615.4
23290006738000,40,22,18,1772
23290006739000,9,5,4,475.2
23290006760000,6,3,3,256.2
23290006761000,39,18,21,1606.8
23290006762000,17,8,9,914.6
23290006769000,6,3,3,264
23290006791000,3,1,2,0
23290006792000,4,2,2,0
23290006793000,6,3,3,331.8
23290006797000,4,2,2,0
23290006799000,4,2,2,0
23290006841000,4,2,2,0
23290006842000,2,1,1,0
23290006843000,2,1,1,0
23290006850000,4,2,2,0
23290006865000,2,0,2,0
23290006866000,9,4,5,557.1
23290006909000,2,1,1,0
23290006912000,6,2,4,235.8
23290006940000,2,1,1,0
23290006945000,8,5,3,436.8
23290006952000,2,1,1,0
23290006954000,4,3,1,0
23290006994000,44,22,22,1826
23290006995000,20,11,9,1154
23290007070000,42,20,22,1503.6
23290007071000,7,4,3,245.7
23290007075000,18,11,7,639
23290007076000,17,9,8,457.3
23290007077000,6,3,3,265.8
23290007078000,43,18,25,1788.8
23290007079000,70,40,30,2541
23290007080000,324,170,154,8521.2
23290007081000,16,9,7,897.6
23290007082000,9,5,4,497.7
23290007089000,2,1,1,0
23290007090000,18,8,10,527.4
23290007091000,13,9,4,360.1
23290007092000,2,1,1,0
23290007093000,16,9,7,473.6
23290007094000,7,3,4,210
23290007095000,12,6,6,548.4
23290007097000,21,9,12,684.6
23290007098000,15,7,8,571.5
23290007100000,47,23,24,1851.8
23290007101000,23,11,12,1064.9
23290007102000,1105,530,575,55913
23290007103000,1758,859,899,71374.8
23290007104000,344,177,167,11180
23290007105000,53,27,26,1992.8
23290007108000,36,22,14,1569.6
23290007109000,37,15,22,1776
23290007110000,16,7,9,494.4
23290007113000,10,7,3,350
23290007117000,18,11,7,588.6
23290007154000,591,292,299,18616.5
23290007155000,4,2,2,0
23290007156000,3,2,1,0
23290007157000,19,11,8,931
23290007158000,5,2,3,207
23290007162000,13,6,7,741
23290007168000,5,2,3,327
23290007169000,4,2,2,0
23290007170000,2,2,0,0
23290007178000,1,0,1,0
23290007179000,2,1,1,0
23290007180000,4,2,2,0
23290007187000,2,1,1,0
23290007188000,5,3,2,183
23290007189000,43,24,19,1216.9
23290007190000,25,9,16,1152.5
23290007191000,21,8,13,678.3
23290007193000,10,7,3,484
23290007194000,6,3,3,247.2
23290007195000,2,2,0,0
23290007196000,15,8,7,289.5
23290007198000,4,1,3,0
23290007203000,1,1,0,0
23300006646000,4,3,1,0
23300006647000,8,6,2,428.8
23300006650000,2,1,1,0
23300006651000,6,3,3,277.2
23300006652000,2,1,1,0
23300006653000,9,6,3,483.3
23300006675000,9,4,5,423.9
23300006677000,4,3,1,0
23300006679000,20,8,12,776
23300006680000,3,2,1,0
23300006681000,2,1,1,0
23300006693000,1,1,0,0
23300006694000,7,5,2,399.7
23300006713000,3,2,1,0
23300006714000,13,5,8,391.3
23300006715000,35,18,17,1564.5
23300006716000,50,26,24,2075
23300006717000,26,13,13,1097.2
23300006718000,4,2,2,0
23300006719000,5,3,2,244
23300006720000,4,1,3,0
23300006721000,26,14,12,876.2
23300006722000,30,16,14,1167
23300006724000,2,1,1,0
23300006731000,9,4,5,441.9
23300006732000,10,5,5,390
23300006733000,26,14,12,1320.8
23300006734000,31,15,16,1512.8
23300006735000,7,3,4,461.3
23300006736000,47,26,21,1959.9
23300006737000,6,3,3,349.8
23300006738000,8,4,4,467.2
23300006739000,16,8,8,572.8
23300006759000,7,3,4,238
23300006760000,25,12,13,985
23300006761000,7,5,2,452.9
23300006762000,3,2,1,0
23300006769000,5,3,2,271
23300006770000,2,1,1,0
23300006790000,2,1,1,0
23300006791000,7,4,3,375.2
23300006800000,4,2,2,0
23300006841000,2,1,1,0
23300006859000,2,1,1,0
23300006860000,4,3,1,0
23300006908000,5,3,2,204
23300006909000,13,7,6,696.8
23300006910000,8,4,4,518.4
23300006911000,5,2,3,173
23300006912000,16,10,6,768
23300006913000,4,2,2,0
23300006944000,2,1,1,0
23300006945000,4,2,2,0
23300006952000,5,3,2,273
23300006954000,7,3,4,179.9
23300006955000,5,2,3,149
23300006994000,41,23,18,1795.8
23300006995000,34,17,17,1417.8
23300007039000,23,12,11,1166.1
23300007040000,2,1,1,0
23300007075000,70,40,30,2471
23300007076000,9,4,5,396.9
23300007077000,29,17,12,867.1
23300007078000,77,37,40,3372.6
23300007079000,34,16,18,1458.6
23300007080000,551,278,273,19174.8
23300007081000,6,4,2,252
23300007082000,4,1,3,0
23300007090000,1,1,0,0
23300007091000,23,11,12,1186.8
23300007092000,5,2,3,99
23300007093000,15,10,5,397.5
23300007094000,17,7,10,630.7
23300007095000,31,17,14,1342.3
23300007096000,9,4,5,396
23300007098000,43,18,25,1840.4
23300007099000,15,5,10,546
23300007101000,92,48,44,2300
23300007102000,35,17,18,1312.5
23300007103000,354,191,163,13416.6
23300007104000,50,27,23,2090
23300007105000,8,4,4,228.8
23300007109000,15,7,8,783
23300007110000,18,11,7,671.4
23300007111000,17,9,8,498.1
23300007113000,16,8,8,721.6
23300007117000,9,4,5,243.9
23300007118000,3,1,2,0
23300007146000,15,6,9,487.5
23300007147000,98,52,46,3557.4
23300007148000,79,38,41,2725.5
23300007149000,53,27,26,1706.6
23300007150000,20,11,9,734
23300007152000,17,9,8,671.5
23300007153000,869,383,486,41538.2
23300007154000,956,495,461,36232.4
23300007155000,14,7,7,782.6
23300007156000,37,19,18,1135.9
23300007157000,12,5,7,385.2
23300007158000,20,10,10,506
23300007159000,21,9,12,722.4
23300007162000,1,1,0,0
23300007165000,2,1,1,0
23300007178000,24,13,11,1336.8
23300007179000,13,6,7,698.1
23300007180000,28,14,14,1078
23300007190000,34,20,14,1370.2
23300007191000,12,6,6,280.8
23300007192000,15,7,8,529.5
23300007196000,4,3,1,0
23300007197000,12,7,5,412.8
23300007198000,5,3,2,131
23300007199000,10,5,5,352
23300007200000,2,1,1,0
23310006644000,14,7,7,534.8
23310006645000,33,20,13,1362.9
23310006646000,29,16,13,919.3
23310006647000,118,61,57,5180.2
23310006648000,19,8,11,818.9
23310006649000,21,13,8,770.7
23310006650000,10,6,4,295
23310006651000,3,2,1,0
23310006653000,1,1,0,0
23310006672000,1,0,1,0
23310006675000,9,3,6,196.2
23310006676000,223,115,108,6979.9
23310006677000,28,13,15,1509.2
23310006678000,45,23,22,1624.5
23310006679000,15,7,8,511.5
23310006693000,12,7,5,520.8
23310006694000,42,25,17,1848
23310006695000,9,5,4,443.7
23310006696000,8,5,3,374.4
23310006697000,4,2,2,0
23310006705000,2,1,1,0
23310006709000,3,2,1,0
23310006710000,5,3,2,293
23310006711000,8,5,3,432.8
23310006712000,19,9,10,765.7
23310006713000,14,10,4,471.8
23310006714000,5,3,2,252
23310006715000,8,5,3,396.8
23310006716000,46,27,19,2290.8
23310006717000,3,2,1,0
23310006718000,1,1,0,0
23310006719000,17,9,8,729.3
23310006720000,18,10,8,716.4
23310006721000,19,9,10,836
23310006722000,19,12,7,649.8
23310006723000,5,2,3,318
23310006724000,6,4,2,366
23310006725000,1,1,0,0
23310006727000,6,2,4,313.8
23310006728000,1,1,0,0
23310006730000,10,7,3,248
23310006731000,11,6,5,610.5
23310006732000,12,6,6,427.2
23310006733000,34,18,16,1914.2
23310006734000,30,13,17,1407
23310006735000,62,40,22,2883
23310006736000,14,5,9,653.8
23310006759000,10,4,6,627
23310006760000,11,6,5,467.5
23310006767000,1,1,0,0
23310006772000,4,3,1,0
23310006787000,19,11,8,706.8
23310006788000,3,3,0,0
23310006794000,6,3,3,280.8
23310006795000,1,0,1,0
23310006800000,1,1,0,0
23310006802000,4,2,2,0
23310006840000,3,2,1,0
23310006868000,1,0,1,0
23310006905000,14,7,7,683.2
23310006908000,2,2,0,0
23310006909000,2,1,1,0
23310006910000,5,4,1,240
23310006911000,3,1,2,0
23310006993000,11,5,6,525.8
23310006994000,92,46,46,4508
23310006995000,147,80,67,6276.9
23310007039000,37,23,14,1635.4
23310007074000,31,18,13,1351.6
23310007075000,32,16,16,1331.2
23310007076000,32,15,17,1414.4
23310007077000,19,10,9,642.2
23310007078000,29,14,15,994.7
23310007079000,78,36,42,3159
23310007080000,111,62,49,4173.6
23310007082000,12,6,6,529.2
23310007083000,2,1,1,0
23310007090000,6,3,3,276
23310007091000,12,8,4,464.4
23310007092000,47,23,24,1847.1
23310007093000,8,4,4,191.2
23310007094000,9,3,6,349.2
23310007095000,2,1,1,0
23310007097000,14,8,6,385
23310007098000,3,2,1,0
23310007102000,6,3,3,391.2
23310007103000,87,43,44,3062.4
23310007104000,336,161,175,12768
23310007105000,359,183,176,13642
23310007106000,46,28,18,1467.4
23310007112000,25,13,12,882.5
23310007113000,63,30,33,2576.7
23310007114000,38,17,21,1421.2
23310007118000,12,7,5,434.4
23310007144000,26,16,10,902.2
23310007145000,18,11,7,743.4
23310007148000,45,24,21,1764
23310007149000,32,20,12,1337.6
23310007150000,152,80,72,6505.6
23310007151000,132,66,66,5108.4
23310007153000,1232,562,670,61846.4
23310007154000,840,397,443,33432
23310007156000,18,8,10,786.6
23310007158000,40,20,20,1140
23310007159000,37,23,14,1235.8
23310007189000,3,2,1,0
23310007191000,41,19,22,1549.8
23310007192000,21,10,11,1085.7
23310007193000,4,1,3,0
23310007196000,3,3,0,0
23310007197000,2,2,0,0
23310007199000,1,1,0,0
23310007204000,15,8,7,373.5
23310007205000,13,7,6,460.2
23310007206000,3,1,2,0
23310007207000,8,5,3,380.8
23320006646000,5,2,3,215
23320006647000,35,18,17,1582
23320006648000,45,22,23,2038.5
23320006649000,10,5,5,325
23320006650000,14,6,8,607.6
23320006651000,2,1,1,0
23320006652000,8,4,4,376.8
23320006653000,2,1,1,0
23320006665000,2,1,1,0
23320006669000,2,1,1,0
23320006675000,592,296,296,23620.8
23320006676000,641,304,337,26729.7
23320006677000,791,365,426,36544.2
23320006678000,894,448,446,37995
23320006679000,6,3,3,139.2
23320006682000,5,3,2,315
23320006688000,4,3,1,0
23320006693000,45,25,20,1935
23320006694000,37,22,15,1568.8
23320006695000,9,5,4,356.4
23320006705000,5,3,2,317
23320006706000,13,7,6,815.1
23320006707000,4,1,3,0
23320006708000,11,4,7,685.3
23320006709000,41,20,21,1656.4
23320006710000,7,4,3,319.9
23320006711000,11,4,7,404.8
23320006712000,1,1,0,0
23320006713000,1,0,1,0
23320006714000,4,2,2,0
23320006716000,5,2,3,325
23320006717000,5,2,3,160
23320006719000,10,6,4,248
23320006720000,17,8,9,826.2
23320006721000,5,3,2,263
23320006722000,1,1,0,0
23320006723000,6,2,4,294
23320006724000,17,7,10,776.9
23320006725000,15,8,7,787.5
23320006726000,1,1,0,0
23320006727000,3,1,2,0
23320006728000,1,1,0,0
23320006729000,15,8,7,648
23320006730000,5,3,2,290
23320006731000,14,11,3,820.4
23320006732000,19,10,9,712.5
23320006733000,17,12,5,640.9
23320006734000,58,28,30,2482.4
23320006735000,10,6,4,460
23320006757000,4,2,2,0
23320006758000,6,4,2,247.8
23320006759000,4,2,2,0
23320006760000,4,3,1,0
23320006771000,4,1,3,0
23320006772000,6,4,2,255
23320006784000,4,1,3,0
23320006785000,1,1,0,0
23320006788000,19,12,7,860.7
23320006791000,4,1,3,0
23320006792000,5,2,3,365
23320006793000,2,0,2,0
23320006804000,7,3,4,359.1
23320006808000,3,1,2,0
23320006839000,1,0,1,0
23320006861000,1,1,0,0
23320006895000,6,3,3,256.2
23320006903000,2,1,1,0
23320006904000,2,1,1,0
23320006944000,4,1,3,0
23320006945000,12,8,4,708
23320006955000,2,1,1,0
23320006989000,14,7,7,611.8
23320006990000,10,4,6,442
23320006991000,1,0,1,0
23320006992000,6,3,3,207
23320006993000,41,16,25,1480.1
23320006994000,66,30,36,2989.8
23320006995000,14,9,5,469
23320007038000,1,0,1,0
23320007039000,19,11,8,1136.2
23320007074000,53,24,29,1711.9
23320007076000,31,16,15,1534.5
23320007077000,88,37,51,3616.8
23320007078000,20,10,10,694
23320007079000,41,21,20,1607.2
23320007080000,4,2,2,0
23320007084000,29,15,14,1162.9
23320007085000,2,1,1,0
23320007088000,12,7,5,411.6
23320007091000,5,2,3,174
23320007092000,32,17,15,1289.6
23320007093000,14,5,9,596.4
23320007095000,28,14,14,949.2
23320007096000,4,2,2,0
23320007097000,31,15,16,1091.2
23320007101000,14,7,7,526.4
23320007102000,5,2,3,278
23320007103000,13,6,7,487.5
23320007104000,20,11,9,534
23320007106000,25,14,11,1130
23320007107000,1,1,0,0
23320007112000,8,3,5,320.8
23320007113000,46,24,22,1899.8
23320007114000,13,8,5,400.4
23320007118000,11,6,5,292.6
23320007139000,17,6,11,589.9
23320007140000,37,19,18,1335.7
23320007141000,45,23,22,1584
23320007144000,3,2,1,0
23320007145000,7,3,4,261.8
23320007148000,14,5,9,611.8
23320007150000,348,184,164,12075.6
23320007151000,234,124,110,9219.6
23320007152000,21,10,11,879.9
23320007153000,730,325,405,32047
23320007154000,1196,558,638,45567.6
23320007155000,17,8,9,799
23320007158000,31,15,16,961
23320007159000,49,26,23,1778.7
23320007160000,10,4,6,428
23320007161000,6,3,3,195
23320007191000,21,11,10,831.6
23320007192000,10,5,5,284
23320007205000,47,26,21,2251.3
23320007207000,7,5,2,394.1
23330006645000,5,2,3,114
23330006646000,8,3,5,416.8
23330006647000,16,8,8,769.6
23330006648000,4,2,2,0
23330006649000,18,11,7,900
23330006652000,2,1,1,0
23330006662000,7,3,4,380.8
23330006663000,3,2,1,0
23330006669000,5,2,3,292
23330006674000,3,2,1,0
23330006675000,1142,555,587,46822
23330006676000,1068,533,535,49982.4
23330006677000,1509,692,817,73790.1
23330006678000,1,1,0,0
23330006681000,5,3,2,357
23330006682000,14,8,6,530.6
23330006684000,5,4,1,339
23330006685000,2,1,1,0
23330006686000,13,7,6,620.1
23330006687000,6,2,4,268.8
23330006688000,25,12,13,1140
23330006689000,3,2,1,0
23330006690000,13,9,4,535.6
23330006691000,6,4,2,322.2
23330006692000,25,14,11,860
23330006693000,54,22,32,2057.4
23330006694000,25,13,12,1055
23330006697000,2,1,1,0
23330006698000,8,4,4,476.8
23330006704000,2,0,2,0
23330006705000,22,14,8,1045
23330006706000,25,11,14,970
23330006707000,8,5,3,451.2
23330006708000,12,5,7,597.6
23330006709000,8,4,4,516.8
23330006710000,22,12,10,721.6
23330006713000,26,13,13,1310.4
23330006714000,18,8,10,964.8
23330006715000,8,3,5,238.4
23330006717000,32,15,17,1340.8
23330006719000,3,2,1,0
23330006720000,30,16,14,1287
23330006721000,25,13,12,1310
23330006722000,11,6,5,569.8
23330006723000,6,3,3,205.8
23330006724000,17,11,6,537.2
23330006725000,4,3,1,0
23330006729000,11,6,5,449.9
23330006730000,17,8,9,646
23330006731000,6,4,2,220.8
23330006732000,32,17,15,1392
23330006733000,15,6,9,609
23330006734000,2,1,1,0
23330006757000,6,4,2,321
23330006758000,3,2,1,0
23330006771000,2,1,1,0
23330006772000,2,1,1,0
23330006783000,1,1,0,0
23330006786000,1,1,0,0
23330006787000,5,3,2,320
23330006788000,1,1,0,0
23330006791000,2,2,0,0
23330006792000,3,2,1,0
23330006794000,4,2,2,0
23330006812000,3,1,2,0
23330006860000,3,2,1,0
23330006870000,3,1,2,0
23330006903000,8,5,3,307.2
23330006930000,14,8,6,653.8
23330006945000,7,5,2,359.8
23330006946000,3,2,1,0
23330006947000,3,2,1,0
23330006948000,1,1,0,0
23330006954000,23,7,16,903.9
23330006955000,10,5,5,424
23330006956000,15,6,9,754.5
23330006957000,3,1,2,0
23330007038000,5,2,3,325
23330007039000,30,15,15,1434
23330007074000,228,120,108,9348
23330007075000,39,22,17,1404
23330007076000,18,10,8,657
23330007077000,33,19,14,1046.1
23330007078000,29,15,14,1386.2
23330007079000,27,15,12,1406.7
23330007080000,7,4,3,165.9
23330007081000,2,1,1,0
23330007086000,11,7,4,412.5
23330007087000,8,3,5,170.4
23330007088000,2,1,1,0
23330007089000,14,9,5,509.6
23330007090000,14,8,6,285.6
23330007091000,19,10,9,691.6
23330007092000,35,22,13,1414
23330007093000,7,4,3,354.9
23330007094000,10,6,4,446
23330007095000,22,12,10,943.8
23330007096000,48,24,24,1416
23330007097000,26,14,12,1084.2
23330007100000,17,8,9,613.7
23330007101000,14,7,7,582.4
23330007102000,9,5,4,244.8
23330007103000,4,3,1,0
23330007104000,4,2,2,0
23330007106000,27,15,12,904.5
23330007107000,10,6,4,648
23330007112000,15,11,4,682.5
23330007113000,35,16,19,1036
23330007114000,23,16,7,809.6
23330007115000,12,6,6,439.2
23330007118000,4,2,2,0
23330007119000,1,1,0,0
23330007138000,27,16,11,1085.4
23330007139000,39,25,14,1368.9
23330007140000,22,13,9,756.8
23330007151000,106,56,50,4420.2
23330007152000,235,129,106,9964
23330007153000,95,47,48,3534
23330007154000,1062,569,493,37701
23330007155000,427,203,224,16866.5
23330007158000,4,3,1,0
23330007159000,22,10,12,1150.6
23330007160000,35,17,18,1228.5
23330007162000,9,4,5,267.3
23330007163000,6,2,4,297
23330007191000,14,6,8,397.6
23330007192000,8,4,4,371.2
23330007193000,7,4,3,270.2
23330007195000,3,1,2,0
23330007196000,12,4,8,520.8
23330007205000,15,5,10,457.5
23330007206000,33,16,17,1712.7
23340006645000,14,8,6,764.4
23340006650000,24,12,12,1010.4
23340006652000,14,8,6,490
23340006653000,8,3,5,311.2
23340006658000,7,3,4,419.3
23340006659000,2,1,1,0
23340006662000,3,0,3,0
23340006664000,9,5,4,433.8
23340006666000,8,5,3,366.4
23340006668000,3,2,1,0
23340006669000,18,10,8,765
23340006670000,11,6,5,492.8
23340006672000,6,4,2,241.2
23340006673000,24,10,14,1149.6
23340006674000,405,200,205,15916.5
23340006675000,1118,519,599,51204.4
23340006676000,692,346,346,29825.2
23340006677000,672,325,347,28560
23340006678000,65,32,33,2372.5
23340006679000,12,6,6,487.2
23340006682000,14,7,7,733.6
23340006684000,5,3,2,282
23340006685000,17,10,7,685.1
23340006686000,37,22,15,1598.4
23340006687000,9,4,5,523.8
23340006688000,29,12,17,1264.4
23340006689000,29,13,16,1209.3
23340006690000,51,26,25,2029.8
23340006691000,43,26,17,1578.1
23340006692000,22,12,10,765.6
23340006693000,29,15,14,1331.1
23340006694000,9,5,4,567.9
23340006695000,10,5,5,408
23340006696000,2,1,1,0
23340006697000,4,3,1,0
23340006698000,28,14,14,1274
23340006699000,12,9,3,408
23340006700000,11,6,5,313.5
23340006701000,8,5,3,460
23340006702000,17,9,8,914.6
23340006703000,8,4,4,335.2
23340006705000,2,1,1,0
23340006706000,4,2,2,0
23340006707000,13,6,7,799.5
23340006708000,14,7,7,658
23340006709000,31,15,16,1317.5
23340006712000,4,2,2,0
23340006713000,28,17,11,1444.8
23340006714000,51,27,24,2126.7
23340006715000,22,12,10,855.8
23340006716000,37,15,22,1628
23340006717000,79,36,43,3246.9
23340006718000,20,11,9,816
23340006719000,33,12,21,1537.8
23340006720000,46,27,19,1605.4
23340006721000,78,42,36,3369.6
23340006722000,36,17,19,1846.8
23340006723000,33,19,14,1755.6
23340006724000,13,6,7,353.6
23340006729000,9,5,4,351.9
23340006730000,21,12,9,1083.6
23340006732000,27,14,13,1590.3
23340006733000,3,1,2,0
23340006734000,1,1,0,0
23340006756000,6,5,1,109.8
23340006757000,2,2,0,0
23340006769000,2,1,1,0
23340006772000,7,3,4,450.8
23340006785000,3,1,2,0
23340006786000,3,2,1,0
23340006792000,6,3,3,219
23340006793000,2,1,1,0
23340006808000,5,3,2,256
23340006812000,3,2,1,0
23340006860000,4,2,2,0
23340006943000,3,1,2,0
23340006947000,9,6,3,491.4
23340006948000,1,0,1,0
23340006952000,6,2,4,271.8
23340006954000,13,8,5,535.6
23340006955000,13,8,5,582.4
23340007038000,54,26,28,2192.4
23340007039000,25,16,9,992.5
23340007070000,7,3,4,200.2
23340007074000,19,10,9,885.4
23340007075000,13,6,7,460.2
23340007076000,21,11,10,791.7
23340007077000,16,10,6,601.6
23340007078000,26,14,12,1300
23340007080000,21,12,9,770.7
23340007081000,38,19,19,1713.8
23340007082000,15,10,5,604.5
23340007083000,12,5,7,393.6
23340007084000,9,6,3,451.8
23340007085000,13,7,6,722.8
23340007086000,15,9,6,486
23340007087000,11,7,4,453.2
23340007090000,1,1,0,0
23340007091000,7,4,3,312.2
23340007092000,8,3,5,392
23340007093000,18,11,7,635.4
23340007094000,14,9,5,484.4
23340007095000,8,5,3,280
23340007096000,63,30,33,2142
23340007097000,13,7,6,604.5
23340007098000,10,4,6,472
23340007099000,21,11,10,703.5
23340007100000,1,1,0,0
23340007101000,15,10,5,673.5
23340007103000,6,3,3,163.8
23340007104000,3,1,2,0
23340007106000,10,5,5,422
23340007107000,14,9,5,616
23340007108000,10,5,5,316
23340007109000,9,3,6,316.8
23340007111000,20,13,7,478
23340007114000,22,11,11,781
23340007115000,31,18,13,1230.7
23340007151000,15,8,7,732
23340007152000,142,68,74,5140.4
23340007153000,75,36,39,2850
23340007154000,138,70,68,4429.8
23340007155000,158,84,74,5308.8
23340007158000,20,12,8,700
23340007159000,31,18,13,933.1
23340007160000,45,21,24,1557
23340007161000,6,4,2,331.8
23340007162000,17,8,9,642.6
23340007182000,3,2,1,0
23340007183000,12,6,6,756
23340007190000,1,0,1,0
23340007191000,13,6,7,491.4
23340007192000,15,9,6,823.5
23340007193000,18,9,9,937.8
23340007194000,6,3,3,91.8
23340007195000,12,6,6,525.6
23340007196000,19,11,8,750.5
23340007203000,5,2,3,225
23340007204000,2,1,1,0
23340007205000,21,11,10,816.9
23340007206000,4,2,2,0
23350006647000,5,1,4,168
23350006648000,2,2,0,0
23350006649000,12,5,7,610.8
23350006650000,32,15,17,1385.6
23350006651000,37,17,20,1557.7
23350006652000,40,21,19,1944
23350006653000,7,4,3,268.8
23350006654000,21,15,6,1001.7
23350006655000,18,9,9,599.4
23350006656000,8,2,6,424
23350006657000,22,10,12,904.2
23350006658000,3,1,2,0
23350006659000,1,0,1,0
23350006660000,2,1,1,0
23350006664000,2,0,2,0
23350006666000,1,0,1,0
23350006667000,6,3,3,214.8
23350006668000,18,8,10,822.6
23350006669000,9,3,6,464.4
23350006671000,12,6,6,501.6
23350006673000,321,161,160,12519
23350006674000,1035,495,540,44194.5
23350006675000,871,419,452,35449.7
23350006676000,3,1,2,0
23350006677000,16,4,12,1400
23350006678000,2,2,0,0
23350006679000,4,4,0,0
23350006680000,20,11,9,1022
23350006681000,21,10,11,844.2
23350006682000,38,21,17,1626.4
23350006683000,6,3,3,295.2
23350006684000,9,6,3,366.3
23350006685000,33,17,16,1392.6
23350006686000,23,12,11,1230.5
23350006687000,3,1,2,0
23350006689000,5,2,3,166
23350006690000,218,106,112,8218.6
23350006691000,5,1,4,253
23350006692000,16,9,7,620.8
23350006693000,18,11,7,1069.2
23350006694000,8,3,5,338.4
23350006695000,43,28,15,1290
23350006696000,7,4,3,469.7
23350006697000,11,6,5,369.6
23350006698000,10,6,4,651
23350006699000,14,7,7,684.6
23350006700000,9,6,3,305.1
23350006701000,29,14,15,1215.1
23350006702000,22,9,13,1014.2
23350006703000,11,5,6,445.5
23350006704000,13,7,6,804.7
23350006705000,13,7,6,686.4
23350006706000,11,6,5,555.5
23350006707000,119,59,60,4819.5
23350006708000,19,12,7,815.1
23350006709000,15,9,6,751.5
23350006710000,1,1,0,0
23350006712000,9,5,4,421.2
23350006713000,17,7,10,715.7
23350006714000,50,25,25,2480
23350006715000,7,5,2,382.9
23350006716000,35,20,15,1701
23350006717000,12,4,8,486
23350006718000,38,19,19,1417.4
23350006719000,4,2,2,0
23350006720000,39,21,18,1751.1
23350006721000,23,13,10,1035
23350006722000,1,1,0,0
23350006723000,107,52,55,4151.6
23350006724000,21,13,8,1058.4
23350006730000,9,7,2,315.9
23350006732000,37,15,22,1975.8
23350006753000,2,1,1,0
23350006756000,7,4,3,345.1
23350006773000,1,0,1,0
23350006780000,10,6,4,479
23350006781000,6,3,3,276
23350006782000,2,1,1,0
23350006783000,5,1,4,204
23350006784000,7,3,4,422.8
23350006785000,5,3,2,232
23350006790000,3,1,2,0
23350006791000,1,0,1,0
23350006792000,1,1,0,0
23350006808000,3,1,2,0
23350006809000,5,2,3,186
23350006812000,1,0,1,0
23350006814000,2,1,1,0
23350006821000,1,1,0,0
23350006870000,1,1,0,0
23350006944000,2,1,1,0
23350006948000,6,4,2,231
23350006953000,1,1,0,0
23350006986000,3,1,2,0
23350007031000,4,2,2,0
23350007032000,11,4,7,524.7
23350007033000,17,10,7,544
23350007034000,8,3,5,216.8
23350007035000,6,3,3,180
23350007037000,15,9,6,669
23350007038000,129,70,59,4914.9
23350007039000,19,9,10,976.6
23350007072000,2,1,1,0
23350007074000,19,7,12,488.3
23350007075000,1,1,0,0
23350007076000,32,14,18,1235.2
23350007077000,60,31,29,2364
23350007078000,28,13,15,1050
23350007079000,26,14,12,904.8
23350007080000,32,16,16,1264
23350007081000,49,28,21,1636.6
23350007082000,15,6,9,685.5
23350007083000,116,61,55,4257.2
23350007084000,55,29,26,2458.5
23350007085000,2,1,1,0
23350007095000,25,13,12,890
23350007096000,6,3,3,253.8
23350007098000,19,10,9,758.1
23350007099000,8,4,4,406.4
23350007101000,9,6,3,348.3
23350007102000,16,8,8,321.6
23350007103000,15,8,7,621
23350007104000,31,18,13,1196.6
23350007106000,5,3,2,301
23350007107000,11,7,4,445.5
23350007109000,9,3,6,386.1
23350007110000,84,43,41,2839.2
23350007111000,1,0,1,0
23350007115000,24,14,10,1099.2
23350007119000,2,1,1,0
23350007153000,20,10,10,886
23350007154000,29,17,12,1046.9
23350007157000,5,3,2,279
23350007161000,26,13,13,1209
23350007162000,9,4,5,492.3
23350007185000,5,3,2,382
23350007191000,7,3,4,284.2
23350007192000,12,6,6,543.6
23350007193000,3,1,2,0
23350007195000,2,1,1,0
23350007196000,20,8,12,720
23350007197000,21,12,9,682.5
23350007200000,5,4,1,109
23350007202000,8,4,4,304
23350007203000,5,3,2,358
23350007204000,5,3,2,265
23360006646000,3,1,2,0
23360006647000,7,4,3,196
23360006648000,10,4,6,365
23360006649000,18,9,9,669.6
23360006650000,12,5,7,546
23360006651000,50,30,20,2045
23360006652000,106,55,51,4112.8
23360006653000,136,75,61,5576
23360006654000,19,10,9,790.4
23360006655000,12,7,5,478.8
23360006656000,3,2,1,0
23360006664000,4,2,2,0
23360006666000,7,3,4,434.7
23360006667000,15,9,6,813
23360006668000,10,5,5,459
23360006669000,35,14,21,948.5
23360006670000,27,13,14,1061.1
23360006671000,82,42,40,3034
23360006672000,18,7,11,981
23360006675000,1,1,0,0
23360006676000,17,9,8,615.4
23360006677000,52,30,22,1955.2
23360006678000,42,22,20,1596
23360006679000,5,2,3,262
23360006681000,7,3,4,380.8
23360006682000,383,187,196,16660.5
23360006683000,162,78,84,7970.4
23360006684000,19,9,10,824.6
23360006685000,8,5,3,446.4
23360006686000,28,15,13,1092
23360006688000,20,8,12,496
23360006690000,6,3,3,232.2
23360006692000,6,3,3,349.8
23360006693000,10,6,4,526
23360006696000,3,1,2,0
23360006697000,8,4,4,267.2
23360006698000,9,3,6,475.2
23360006699000,1,0,1,0
23360006700000,32,15,17,1625.6
23360006701000,54,29,25,2737.8
23360006702000,4,2,2,0
23360006703000,10,5,5,384
23360006704000,17,10,7,805.8
23360006705000,15,6,9,730.5
23360006706000,27,14,13,982.8
23360006707000,5,4,1,343
23360006708000,5,1,4,339
23360006709000,12,6,6,586.8
23360006713000,21,11,10,1085.7
23360006714000,24,14,10,1113.6
23360006715000,6,5,1,250.8
23360006716000,90,45,45,3843
23360006717000,62,26,36,3379
23360006718000,17,10,7,741.2
23360006720000,10,3,7,478
23360006721000,49,26,23,1759.1
23360006722000,454,217,237,21610.4
23360006723000,586,263,323,33402
23360006724000,334,166,168,14996.6
23360006725000,37,15,22,1406
23360006728000,8,3,5,352
23360006729000,17,10,7,649.4
23360006731000,9,6,3,398.7
23360006732000,40,21,19,1728
23360006733000,1,1,0,0
23360006753000,5,2,3,283
23360006755000,11,7,4,477.4
23360006756000,1,1,0,0
23360006775000,1,1,0,0
23360006778000,5,3,2,158
23360006779000,4,2,2,0
23360006780000,18,7,11,741.6
23360006781000,3,2,1,0
23360006782000,5,2,3,222
23360006783000,4,2,2,0
23360006804000,3,2,1,0
23360006806000,13,5,8,323.7
23360006807000,7,1,6,224.7
23360006808000,3,2,1,0
23360006811000,2,1,1,0
23360006812000,2,1,1,0
23360006819000,6,3,3,187.8
23360006820000,13,6,7,712.4
23360006821000,1,1,0,0
23360006942000,3,2,1,0
23360006943000,10,5,5,531
23360006944000,1,1,0,0
23360006951000,6,3,3,426
23360006953000,12,6,6,471.6
23360006958000,2,2,0,0
23360006984000,3,2,1,0
23360006985000,2,1,1,0
23360007032000,7,3,4,370.3
23360007033000,15,10,5,745.5
23360007034000,114,56,58,4525.8
23360007035000,53,30,23,2533.4
23360007036000,34,18,16,1309
23360007037000,103,54,49,4315.7
23360007038000,9,2,7,484.2
23360007072000,6,4,2,316.8
23360007073000,5,2,3,341
23360007074000,22,11,11,811.8
23360007075000,23,10,13,782
23360007076000,35,21,14,1652
23360007077000,22,13,9,734.8
23360007078000,31,17,14,1286.5
23360007079000,36,19,17,1256.4
23360007080000,30,18,12,1119
23360007081000,24,12,12,993.6
23360007082000,10,6,4,291
23360007083000,18,10,8,786.6
23360007084000,8,5,3,344
23360007097000,8,5,3,380
23360007098000,4,2,2,0
23360007099000,6,3,3,238.8
23360007100000,13,7,6,617.5
23360007101000,17,7,10,749.7
23360007103000,4,2,2,0
23360007104000,118,58,60,4118.2
23360007105000,23,12,11,943
23360007106000,10,5,5,411
23360007107000,4,3,1,0
23360007108000,8,5,3,368
23360007110000,143,80,63,5720
23360007111000,4,2,2,0
23360007112000,14,6,8,523.6
23360007115000,33,21,12,953.7
23360007116000,11,5,6,522.5
23360007119000,1,1,0,0
23360007153000,20,9,11,676
23360007154000,4,3,1,0
23360007162000,4,2,2,0
23360007184000,4,1,3,0
23360007185000,1,1,0,0
23360007192000,23,12,11,1067.2
23360007193000,2,1,1,0
23360007196000,11,5,6,696.3
23360007197000,26,11,15,1063.4
23360007202000,2,1,1,0
23360007203000,1,1,0,0
23360007204000,5,3,2,212
23370006645000,1,1,0,0
23370006646000,6,4,2,271.2
23370006647000,10,4,6,406
23370006648000,2,1,1,0
23370006652000,73,38,35,2803.2
23370006653000,53,26,27,2167.7
23370006654000,31,14,17,1233.8
23370006655000,62,33,29,2734.2
23370006656000,25,14,11,1052.5
23370006657000,7,4,3,433.3
23370006658000,8,6,2,256
23370006659000,14,6,8,610.4
23370006661000,1,0,1,0
23370006663000,2,1,1,0
23370006664000,4,2,2,0
23370006665000,6,3,3,373.8
23370006669000,57,28,29,2684.7
23370006670000,34,16,18,1377
23370006671000,3,1,2,0
23370006672000,19,8,11,577.6
23370006673000,26,13,13,1318.2
23370006674000,6,3,3,310.2
23370006675000,21,11,10,590.1
23370006676000,5,2,3,344
23370006678000,7,4,3,389.9
23370006680000,2,1,1,0
23370006682000,33,17,16,1155
23370006683000,241,119,122,9736.4
23370006684000,34,17,17,1404.2
23370006685000,10,7,3,502
23370006688000,13,7,6,409.5
23370006689000,11,5,6,652.3
23370006690000,8,2,6,367.2
23370006693000,30,16,14,1530
23370006694000,32,16,16,1561.6
23370006695000,11,5,6,577.5
23370006696000,4,3,1,0
23370006697000,1,1,0,0
23370006698000,9,6,3,501.3
23370006699000,79,39,40,3681.4
23370006700000,148,79,69,5831.2
23370006701000,1,1,0,0
23370006702000,33,20,13,1527.9
23370006703000,15,9,6,559.5
23370006704000,24,14,10,1212
23370006705000,69,31,38,3636.3
23370006706000,108,51,57,4935.6
23370006707000,22,9,13,1254
23370006709000,22,12,10,1056
23370006710000,1,0,1,0
23370006711000,5,3,2,323
23370006712000,4,3,1,0
23370006714000,6,3,3,250.8
23370006716000,5,2,3,229
23370006717000,18,13,5,754.2
23370006718000,14,7,7,476
23370006719000,70,39,31,3192
23370006721000,25,11,14,900
23370006722000,25,8,17,1345
23370006723000,191,93,98,7983.8
23370006724000,69,34,35,3091.2
23370006725000,50,24,26,2375
23370006726000,150,77,73,6900
23370006727000,143,70,73,6006
23370006728000,68,35,33,3284.4
23370006729000,7,3,4,394.1
23370006730000,24,10,14,871.2
23370006731000,27,15,12,1036.8
23370006733000,3,1,2,0
23370006745000,1,1,0,0
23370006753000,2,1,1,0
23370006756000,1,0,1,0
23370006758000,1,1,0,0
23370006776000,4,2,2,0
23370006778000,51,26,25,2748.9
23370006779000,11,7,4,693
23370006780000,20,10,10,946
23370006781000,8,6,2,308.8
23370006788000,5,4,1,215
23370006804000,2,1,1,0
23370006805000,3,2,1,0
23370006806000,9,5,4,414.9
23370006807000,13,6,7,708.5
23370006808000,55,31,24,1991
23370006811000,2,1,1,0
23370006812000,5,3,2,277
23370006813000,4,2,2,0
23370006819000,6,3,3,373.2
23370006820000,7,2,5,203
23370006833000,2,1,1,0
23370006853000,2,1,1,0
23370006854000,6,2,4,405
23370006855000,5,3,2,313
23370006856000,14,7,7,646.8
23370006857000,13,6,7,647.4
23370006858000,4,2,2,0
23370006869000,1,1,0,0
23370006903000,6,3,3,328.2
23370006926000,6,4,2,364.8
23370006941000,43,25,18,1775.9
23370006942000,3,2,1,0
23370006945000,6,4,2,183
23370006948000,3,1,2,0
23370006950000,3,1,2,0
23370006951000,1,1,0,0
23370006953000,5,1,4,147
23370006986000,1,1,0,0
23370007011000,1,1,0,0
23370007034000,90,52,38,3384
23370007035000,315,149,166,15687
23370007036000,391,194,197,16265.6
23370007037000,59,30,29,2596
23370007038000,20,10,10,848
23370007073000,33,15,18,1194.6
23370007074000,2,2,0,0
23370007075000,31,15,16,1057.1
23370007076000,10,4,6,445
23370007077000,7,4,3,217
23370007083000,8,6,2,428
23370007084000,5,3,2,135
23370007097000,2,1,1,0
23370007100000,31,15,16,1252.4
23370007102000,17,7,10,809.2
23370007103000,14,8,6,526.4
23370007104000,94,49,45,3816.4
23370007105000,12,6,6,592.8
23370007107000,6,4,2,325.8
23370007108000,20,10,10,870
23370007109000,29,16,13,968.6
23370007110000,8,5,3,318.4
23370007111000,17,7,10,797.3
23370007112000,13,8,5,492.7
23370007113000,8,5,3,452
23370007115000,12,4,8,615.6
23370007116000,10,7,3,596
23370007117000,4,3,1,0
23370007119000,8,4,4,338.4
23370007156000,7,4,3,293.3
23370007166000,4,1,3,0
23370007186000,6,3,3,211.2
23370007193000,38,21,17,1577
23370007196000,15,8,7,549
23370007197000,10,4,6,368
23370007198000,6,2,4,277.2
23370007200000,3,2,1,0
23370007204000,7,3,4,364
23370007218000,4,2,2,0
23370007219000,2,1,1,0
23380006643000,4,2,2,0
23380006650000,1,1,0,0
23380006651000,15,6,9,433.5
23380006652000,112,63,49,4580.8
23380006653000,24,14,10,1106.4
23380006654000,34,20,14,1275
23380006655000,27,14,13,1082.7
23380006656000,28,12,16,1089.2
23380006657000,28,13,15,921.2
23380006658000,6,3,3,265.2
23380006662000,2,1,1,0
23380006663000,1,1,0,0
23380006667000,7,4,3,399.7
23380006668000,18,8,10,491.4
23380006669000,116,58,58,4338.4
23380006670000,40,23,17,1536
23380006674000,5,3,2,333
23380006675000,1,1,0,0
23380006678000,6,2,4,439.2
23380006679000,5,3,2,342
23380006680000,19,10,9,877.8
23380006681000,24,9,15,955.2
23380006682000,22,10,12,1093.4
23380006683000,65,35,30,2736.5
23380006684000,24,11,13,691.2
23380006685000,15,9,6,555
23380006686000,16,8,8,712
23380006687000,6,3,3,319.2
23380006688000,17,9,8,673.2
23380006689000,4,3,1,0
23380006690000,6,3,3,408
23380006691000,12,6,6,474
23380006692000,18,7,11,770.4
23380006693000,5,3,2,214
23380006698000,30,15,15,1890
23380006699000,10,3,7,487
23380006700000,14,8,6,855.4
23380006702000,31,17,14,1277.2
23380006703000,9,5,4,477.9
23380006704000,382,169,213,17457.4
23380006705000,382,170,212,17419.2
23380006706000,274,143,131,12604
23380006707000,43,21,22,2240.3
23380006708000,4,1,3,0
23380006710000,17,8,9,683.4
23380006711000,16,10,6,680
23380006712000,22,13,9,1064.8
23380006713000,26,13,13,1131
23380006714000,23,9,14,1281.1
23380006715000,25,12,13,1215
23380006716000,5,3,2,194
23380006717000,19,9,10,866.4
23380006718000,77,37,40,3526.6
23380006719000,108,54,54,4255.2
23380006720000,26,14,12,1409.2
23380006721000,46,23,23,1904.4
23380006722000,76,42,34,3769.6
23380006723000,161,79,82,5602.8
23380006724000,18,11,7,671.4
23380006725000,65,33,32,2561
23380006726000,84,41,43,3326.4
23380006727000,155,76,79,6959.5
23380006728000,99,50,49,4692.6
23380006729000,41,17,24,2062.3
23380006730000,4,2,2,0
23380006748000,3,2,1,0
23380006774000,2,1,1,0
23380006778000,1,0,1,0
23380006794000,10,3,7,414
23380006807000,11,5,6,526.9
23380006808000,2,1,1,0
23380006811000,4,2,2,0
23380006851000,3,1,2,0
23380006852000,16,11,5,780.8
23380006869000,8,5,3,440
23380006924000,1,1,0,0
23380006941000,7,4,3,373.1
23380006945000,2,1,1,0
23380006949000,3,1,2,0
23380006950000,21,10,11,968.1
23380006953000,4,2,2,0
23380006982000,1,0,1,0
23380007009000,1,1,0,0
23380007034000,38,15,23,2040.6
23380007035000,44,24,20,2094.4
23380007036000,192,95,97,7891.2
23380007037000,76,35,41,3511.2
23380007072000,16,8,8,732.8
23380007073000,29,15,14,1351.4
23380007074000,4,2,2,0
23380007075000,37,21,16,1350.5
23380007076000,45,25,20,1611
23380007077000,3,2,1,0
23380007082000,3,2,1,0
23380007083000,16,10,6,676.8
23380007084000,4,2,2,0
23380007100000,2,1,1,0
23380007103000,6,4,2,181.2
23380007105000,12,5,7,309.6
23380007107000,19,9,10,685.9
23380007108000,7,5,2,146.3
23380007109000,15,9,6,550.5
23380007110000,26,13,13,1014
23380007111000,2,1,1,0
23380007112000,10,6,4,373
23380007113000,8,5,3,336.8
23380007114000,2,2,0,0
23380007115000,1,1,0,0
23380007116000,36,18,18,1292.4
23380007155000,4,1,3,0
23380007166000,20,9,11,1000
23380007167000,15,10,5,624
23380007186000,30,14,16,1542
23380007193000,12,8,4,555.6
23380007196000,113,59,54,4034.1
23380007197000,519,260,259,19929.6
23380007198000,92,45,47,3459.2
23380007200000,2,1,1,0
23380007202000,4,4,0,0
23380007203000,2,1,1,0
23380007204000,3,2,1,0
23380007217000,2,1,1,0
23380007218000,4,3,1,0
23380007219000,25,14,11,1282.5
23380007221000,2,2,0,0
23380007222000,2,1,1,0
23390006648000,2,1,1,0
23390006649000,6,2,4,268.2
23390006650000,37,22,15,1779.7
23390006651000,45,24,21,1642.5
23390006652000,180,89,91,8064
23390006653000,625,245,380,36125
23390006654000,59,28,31,2124
23390006655000,47,23,24,2006.9
23390006656000,27,17,10,1090.8
23390006657000,102,48,54,4141.2
23390006658000,69,31,38,2553
23390006659000,8,2,6,498.4
23390006660000,14,8,6,554.4
23390006661000,24,16,8,883.2
23390006662000,20,10,10,884
23390006663000,11,7,4,552.2
23390006664000,3,2,1,0
23390006665000,3,1,2,0
23390006666000,11,8,3,565.4
23390006667000,80,39,41,3664
23390006668000,41,20,21,1828.6
23390006669000,13,4,9,400.4
23390006674000,15,9,6,469.5
23390006675000,18,11,7,874.8
23390006676000,6,2,4,357
23390006677000,13,8,5,707.2
23390006678000,17,9,8,916.3
23390006679000,10,3,7,356
23390006680000,8,4,4,376
23390006681000,16,7,9,865.6
23390006682000,48,28,20,2044.8
23390006683000,5,3,2,327
23390006685000,37,19,18,1657.6
23390006686000,14,7,7,505.4
23390006687000,5,2,3,153
23390006689000,13,5,8,543.4
23390006690000,2,1,1,0
23390006698000,22,11,11,1115.4
23390006699000,22,11,11,1203.4
23390006700000,36,17,19,1472.4
23390006701000,23,10,13,940.7
23390006702000,29,17,12,1281.8
23390006703000,5,3,2,184
23390006704000,36,20,16,1461.6
23390006705000,134,48,86,10076.8
23390006706000,5,2,3,185
23390006707000,29,14,15,1493.5
23390006708000,49,27,22,1866.9
23390006709000,116,52,64,5370.8
23390006710000,183,84,99,8125.2
23390006711000,71,36,35,3266
23390006712000,10,4,6,381
23390006713000,17,9,8,793.9
23390006714000,14,10,4,589.4
23390006715000,53,27,26,2056.4
23390006716000,75,33,42,3622.5
23390006717000,51,24,27,2223.6
23390006718000,21,12,9,968.1
23390006719000,31,20,11,1224.5
23390006720000,29,17,12,1102
23390006721000,9,5,4,377.1
23390006722000,2,1,1,0
23390006723000,4,2,2,0
23390006724000,4,3,1,0
23390006725000,28,14,14,1229.2
23390006726000,36,18,18,1429.2
23390006727000,7,3,4,415.8
23390006728000,105,45,60,5250
23390006729000,6,4,2,235.8
23390006748000,2,1,1,0
23390006751000,8,4,4,418.4
23390006752000,7,4,3,370.3
23390006793000,3,2,1,0
23390006794000,3,2,1,0
23390006795000,10,6,4,372
23390006801000,1,0,1,0
23390006802000,1,1,0,0
23390006803000,1,1,0,0
23390006807000,1,0,1,0
23390006809000,10,5,5,322
23390006847000,2,0,2,0
23390006849000,5,2,3,124
23390006850000,78,41,37,3369.6
23390006851000,65,32,33,3068
23390006854000,2,2,0,0
23390006859000,12,5,7,540
23390006860000,6,2,4,328.2
23390006868000,3,2,1,0
23390006869000,1,1,0,0
23390006874000,15,10,5,880.5
23390006875000,9,4,5,380.7
23390006949000,4,2,2,0
23390006950000,109,57,52,5373.7
23390006951000,8,6,2,415.2
23390006952000,6,3,3,322.2
23390006953000,3,2,1,0
23390006982000,5,3,2,299
23390007019000,1,1,0,0
23390007020000,5,2,3,275
23390007021000,3,1,2,0
23390007032000,11,6,5,697.4
23390007033000,76,43,33,3458
23390007034000,32,16,16,1491.2
23390007037000,3,1,2,0
23390007038000,4,1,3,0
23390007070000,10,7,3,382
23390007071000,27,12,15,1188
23390007072000,46,26,20,1375.4
23390007074000,5,3,2,81
23390007075000,25,16,9,1430
23390007076000,162,81,81,6690.6
23390007077000,3,3,0,0
23390007103000,12,6,6,330
23390007104000,1,1,0,0
23390007105000,12,8,4,428.4
23390007108000,2,1,1,0
23390007109000,14,7,7,277.2
23390007110000,64,36,28,2649.6
23390007111000,152,78,74,7113.6
23390007113000,7,3,4,198.1
23390007116000,36,18,18,1461.6
23390007117000,30,15,15,1200
23390007118000,8,5,3,212
23390007119000,2,1,1,0
23390007152000,12,4,8,474
23390007154000,23,9,14,885.5
23390007155000,40,22,18,1696
23390007156000,13,6,7,344.5
23390007166000,4,2,2,0
23390007184000,1,1,0,0
23390007186000,8,4,4,404
23390007191000,7,4,3,214.9
23390007192000,5,1,4,161
23390007193000,22,11,11,1060.4
23390007196000,82,45,37,2591.2
23390007197000,841,430,411,35237.9
23390007198000,106,56,50,4271.8
23390007203000,13,6,7,384.8
23390007204000,2,1,1,0
23390007218000,2,1,1,0
23390007221000,8,5,3,322.4
23390007222000,6,3,3,237
23390007223000,12,7,5,433.2
23400006647000,5,3,2,237
23400006648000,22,11,11,871.2
23400006649000,12,4,8,345.6
23400006650000,49,31,18,2004.1
23400006651000,32,15,17,1049.6
23400006652000,468,229,239,21715.2
23400006653000,70,35,35,3227
23400006654000,10,5,5,395
23400006655000,16,6,10,609.6
23400006656000,45,27,18,1539
23400006657000,18,8,10,750.6
23400006658000,26,14,12,1489.8
23400006659000,34,17,17,1414.4
23400006660000,8,4,4,416.8
23400006661000,16,9,7,500.8
23400006663000,6,3,3,265.8
23400006664000,4,1,3,0
23400006665000,1,1,0,0
23400006666000,17,9,8,698.7
23400006667000,11,6,5,514.8
23400006679000,10,5,5,223
23400006681000,2,1,1,0
23400006682000,1,0,1,0
23400006683000,9,7,2,342.9
23400006684000,84,41,43,3939.6
23400006685000,65,32,33,3133
23400006686000,121,58,63,5251.4
23400006687000,40,21,19,1676
23400006699000,7,4,3,198.1
23400006701000,9,5,4,542.7
23400006702000,14,6,8,662.2
23400006703000,97,56,41,4452.3
23400006704000,61,30,31,2793.8
23400006705000,199,101,98,9054.5
23400006706000,3,2,1,0
23400006708000,1,1,0,0
23400006709000,12,6,6,607.2
23400006710000,76,43,33,3427.6
23400006711000,11,4,7,657.8
23400006712000,9,5,4,450
23400006713000,14,8,6,505.4
23400006714000,16,8,8,704
23400006715000,19,11,8,735.3
23400006716000,35,15,20,1778
23400006717000,4,3,1,0
23400006719000,8,6,2,344
23400006720000,41,21,20,1730.2
23400006721000,66,33,33,3135
23400006725000,3,2,1,0
23400006726000,5,3,2,244
23400006727000,20,11,9,824
23400006728000,151,81,70,6779.9
23400006729000,49,25,24,2102.1
23400006746000,1,1,0,0
23400006748000,15,7,8,832.5
23400006750000,3,1,2,0
23400006751000,4,3,1,0
23400006792000,6,3,3,358.8
23400006793000,7,3,4,466.9
23400006794000,53,29,24,2098.8
23400006809000,1,0,1,0
23400006819000,3,2,1,0
23400006843000,2,0,2,0
23400006844000,8,4,4,398.4
23400006847000,2,1,1,0
23400006848000,12,4,8,571.2
23400006849000,23,12,11,1099.4
23400006851000,1,0,1,0
23400006874000,1,1,0,0
23400006895000,9,4,5,593.1
23400006896000,19,9,10,1016.5
23400006912000,4,2,2,0
23400006949000,17,11,6,793.9
23400006950000,31,20,11,1457
23400006951000,2,1,1,0
23400006952000,6,3,3,381
23400006955000,4,3,1,0
23400006977000,6,4,2,336
23400006978000,2,1,1,0
23400006982000,1,0,1,0
23400007022000,2,1,1,0
23400007032000,4,2,2,0
23400007033000,22,13,9,1058.2
23400007034000,4,3,1,0
23400007043000,1,1,0,0
23400007070000,9,5,4,387.9
23400007071000,73,40,33,2679.1
23400007072000,56,28,28,2178.4
23400007074000,13,9,4,375.7
23400007075000,24,13,11,806.4
23400007076000,46,25,21,1780.2
23400007077000,14,7,7,726.6
23400007079000,2,1,1,0
23400007081000,1,1,0,0
23400007101000,3,1,2,0
23400007102000,26,14,12,941.2
23400007106000,16,9,7,606.4
23400007108000,14,5,9,537.6
23400007109000,16,10,6,604.8
23400007110000,25,11,14,940
23400007111000,5,1,4,124
23400007112000,58,31,27,2569.4
23400007113000,22,12,10,754.6
23400007114000,46,23,23,1214.4
23400007115000,2,1,1,0
23400007116000,26,12,14,1136.2
23400007120000,8,5,3,228
23400007152000,6,2,4,226.2
23400007155000,17,11,6,608.6
23400007165000,1,1,0,0
23400007166000,4,2,2,0
23400007187000,2,1,1,0
23400007192000,5,3,2,271
23400007196000,4,2,2,0
23400007197000,16,10,6,638.4
23400007199000,7,5,2,342.3
23400007205000,23,13,10,878.6
23400007210000,7,3,4,338.8
23400007211000,9,6,3,377.1
23400007217000,9,6,3,357.3
23400007218000,30,14,16,1683
23400007219000,6,4,2,364.2
23410006643000,5,3,2,141
23410006645000,4,4,0,0
23410006646000,3,2,1,0
23410006647000,34,18,16,1560.6
23410006648000,43,24,19,1754.4
23410006649000,4,2,2,0
23410006650000,21,8,13,1008
23410006651000,27,13,14,1595.7
23410006652000,27,13,14,1231.2
23410006653000,21,12,9,1140.3
23410006660000,15,8,7,709.5
23410006661000,18,9,9,649.8
23410006662000,16,8,8,624
23410006663000,5,2,3,235
23410006664000,18,12,6,777.6
23410006665000,4,3,1,0
23410006666000,18,10,8,811.8
23410006668000,1,1,0,0
23410006673000,8,5,3,424.8
23410006676000,4,2,2,0
23410006680000,3,2,1,0
23410006683000,22,12,10,675.4
23410006684000,24,16,8,1284
23410006685000,33,17,16,1663.2
23410006686000,26,13,13,964.6
23410006702000,27,14,13,1250.1
23410006703000,21,14,7,980.7
23410006704000,5,2,3,290
23410006709000,1,1,0,0
23410006710000,30,15,15,1509
23410006711000,5,2,3,268
23410006712000,9,5,4,293.4
23410006714000,2,1,1,0
23410006716000,14,10,4,414.4
23410006721000,14,8,6,806.4
23410006725000,4,2,2,0
23410006726000,12,8,4,550.8
23410006727000,15,7,8,465
23410006728000,7,4,3,268.8
23410006729000,77,37,40,3819.2
23410006730000,39,16,23,1786.2
23410006731000,26,11,15,1003.6
23410006732000,21,11,10,779.1
23410006745000,2,1,1,0
23410006772000,3,1,2,0
23410006779000,18,8,10,1121.4
23410006783000,2,1,1,0
23410006791000,20,10,10,892
23410006793000,12,6,6,543.6
23410006794000,33,16,17,1653.3
23410006810000,3,2,1,0
23410006812000,3,1,2,0
23410006813000,2,1,1,0
23410006815000,1,1,0,0
23410006817000,10,4,6,489
23410006840000,4,2,2,0
23410006841000,75,37,38,2887.5
23410006842000,8,4,4,378.4
23410006860000,6,2,4,273
23410006874000,3,2,1,0
23410006896000,20,11,9,752
23410006977000,15,8,7,715.5
23410006978000,11,6,5,577.5
23410006979000,1,0,1,0
23410006980000,7,4,3,448
23410007022000,23,10,13,1163.8
23410007023000,6,3,3,247.8
23410007033000,9,4,5,583.2
23410007034000,16,7,9,737.6
23410007070000,50,28,22,1520
23410007071000,5,3,2,254
23410007072000,2,1,1,0
23410007074000,12,6,6,391.2
23410007075000,8,5,3,224.8
23410007076000,7,4,3,252
23410007102000,14,8,6,597.8
23410007103000,1,1,0,0
23410007106000,7,5,2,191.1
23410007107000,20,12,8,908
23410007108000,4,1,3,0
23410007109000,1,1,0,0
23410007110000,10,6,4,343
23410007111000,31,16,15,1004.4
23410007112000,8,4,4,464
23410007113000,31,18,13,1140.8
23410007114000,6,4,2,265.8
23410007115000,6,3,3,268.2
23410007116000,64,30,34,3904
23410007117000,6,4,2,240
23410007152000,4,2,2,0
23410007153000,4,2,2,0
23410007154000,2,1,1,0
23410007155000,12,5,7,616.8
23410007156000,5,3,2,198
23410007167000,2,1,1,0
23410007196000,2,2,0,0
23410007197000,1,1,0,0
23410007198000,7,3,4,310.1
23410007199000,10,7,3,350
23410007204000,7,3,4,223.3
23410007205000,9,6,3,231.3
23410007219000,16,8,8,612.8
23410007224000,1,0,1,0
23420006646000,5,3,2,212
23420006647000,25,11,14,1082.5
23420006648000,77,33,44,3611.3
23420006649000,82,44,38,3140.6
23420006650000,9,5,4,444.6
23420006651000,11,7,4,479.6
23420006652000,20,11,9,1114
23420006653000,27,15,12,1112.4
23420006654000,12,4,8,529.2
23420006662000,3,2,1,0
23420006663000,11,6,5,610.5
23420006664000,1,0,1,0
23420006670000,6,4,2,235.2
23420006671000,3,2,1,0
23420006675000,2,1,1,0
23420006683000,2,2,0,0
23420006685000,16,6,10,577.6
23420006686000,3,1,2,0
23420006710000,31,19,12,1497.3
23420006721000,4,3,1,0
23420006726000,3,2,1,0
23420006727000,14,8,6,722.4
23420006728000,3,1,2,0
23420006730000,11,8,3,532.4
23420006777000,4,4,0,0
23420006778000,1,1,0,0
23420006779000,18,9,9,838.8
23420006780000,28,18,10,1260
23420006781000,3,1,2,0
23420006782000,14,4,10,525
23420006783000,1,1,0,0
23420006809000,7,3,4,268.1
23420006810000,1,1,0,0
23420006811000,2,1,1,0
23420006812000,7,2,5,196
23420006814000,9,5,4,395.1
23420006815000,4,2,2,0
23420006817000,6,4,2,211.8
23420006832000,6,3,3,147
23420006834000,2,1,1,0
23420006835000,8,4,4,408.8
23420006836000,17,7,10,744.6
23420006837000,50,25,25,2390
23420006838000,11,7,4,530.2
23420006839000,2,1,1,0
23420006859000,1,1,0,0
23420006860000,32,17,15,1516.8
23420006861000,2,1,1,0
23420006866000,35,18,17,1505
23420006910000,2,1,1,0
23420006977000,6,4,2,265.8
23420006978000,11,6,5,544.5
23420006979000,32,13,19,1334.4
23420006980000,2,0,2,0
23420007022000,7,4,3,273.7
23420007032000,2,1,1,0
23420007033000,166,91,75,6606.8
23420007070000,6,4,2,259.8
23420007074000,15,8,7,627
23420007075000,5,3,2,203
23420007076000,19,9,10,691.6
23420007077000,38,20,18,1227.4
23420007078000,12,6,6,339.6
23420007079000,14,8,6,485.8
23420007103000,14,9,5,681.8
23420007107000,2,1,1,0
23420007110000,2,1,1,0
23420007111000,9,6,3,332.1
23420007112000,8,5,3,364
23420007113000,7,2,5,184.1
23420007114000,18,8,10,633.6
23420007117000,38,18,20,1394.6
23420007118000,9,5,4,396
23420007121000,5,3,2,238
23420007152000,5,4,1,194
23420007154000,2,2,0,0
23420007155000,5,3,2,90
23420007167000,4,2,2,0
23420007197000,3,2,1,0
23420007199000,3,1,2,0
23420007201000,2,1,1,0
23420007202000,4,2,2,0
23420007205000,10,5,5,228
23420007207000,11,6,5,570.9
23420007208000,7,4,3,301
23420007212000,11,6,5,380.6
23420007213000,3,1,2,0
23420007217000,1,1,0,0
23420007218000,3,1,2,0
23430006646000,7,4,3,427.7
23430006647000,51,21,30,2601
23430006648000,346,157,189,16331.2
23430006649000,395,191,204,17103.5
23430006650000,40,21,19,1812
23430006651000,9,4,5,339.3
23430006653000,12,6,6,589.2
23430006654000,4,3,1,0
23430006655000,2,1,1,0
23430006656000,1,1,0,0
23430006664000,1,0,1,0
23430006669000,1,0,1,0
23430006672000,6,3,3,223.2
23430006686000,9,5,4,474.3
23430006729000,1,1,0,0
23430006730000,30,14,16,1563
23430006776000,6,4,2,342
23430006777000,7,4,3,441.7
23430006778000,2,1,1,0
23430006780000,16,6,10,920
23430006781000,49,23,26,2479.4
23430006782000,33,18,15,1438.8
23430006793000,2,1,1,0
23430006809000,1,0,1,0
23430006810000,2,1,1,0
23430006811000,15,8,7,900
23430006812000,20,11,9,910
23430006814000,5,2,3,343
23430006815000,4,2,2,0
23430006824000,1,1,0,0
23430006830000,6,3,3,220.2
23430006834000,8,5,3,236
23430006860000,19,10,9,866.4
23430006861000,24,12,12,936
23430006863000,11,5,6,690.8
23430006864000,105,40,65,4914
23430006865000,56,27,29,2492
23430006866000,16,9,7,646.4
23430007049000,1,1,0,0
23430007069000,2,1,1,0
23430007077000,24,15,9,724.8
23430007078000,55,28,27,2238.5
23430007079000,19,10,9,765.7
23430007113000,4,3,1,0
23430007114000,5,4,1,364
23430007115000,3,2,1,0
23430007117000,3,1,2,0
23430007118000,12,7,5,537.6
23430007119000,2,1,1,0
23430007120000,5,2,3,137
23430007121000,2,1,1,0
23430007151000,6,4,2,168
23430007152000,21,13,8,819
23430007153000,251,112,139,9061.1
23430007154000,23,14,9,915.4
23430007166000,2,1,1,0
23430007191000,7,4,3,252
23430007212000,20,10,10,600
23430007218000,1,0,1,0
23430007219000,5,0,5,181
23430007220000,36,18,18,1440
23430007221000,4,2,2,0
23430007224000,1,0,1,0
23440006646000,35,18,17,1354.5
23440006647000,27,16,11,1250.1
23440006648000,2,1,1,0
23440006649000,90,42,48,4266
23440006650000,27,13,14,1179.9
23440006651000,37,19,18,1313.5
23440006652000,4,2,2,0
23440006653000,1,0,1,0
23440006654000,11,7,4,481.8
23440006655000,8,4,4,491.2
23440006666000,6,3,3,219
23440006673000,1,0,1,0
23440006688000,4,2,2,0
23440006722000,1,1,0,0
23440006729000,14,7,7,746.2
23440006730000,26,13,13,1370.2
23440006776000,4,3,1,0
23440006780000,2,1,1,0
23440006781000,68,31,37,3420.4
23440006782000,10,6,4,490
23440006811000,8,6,2,242.4
23440006812000,1,1,0,0
23440006813000,19,8,11,894.9
23440006824000,10,5,5,516
23440006825000,4,3,1,0
23440006826000,16,9,7,753.6
23440006827000,29,21,8,904.8
23440006829000,3,1,2,0
23440006864000,32,17,15,1219.2
23440006865000,22,12,10,913
23440006866000,34,15,19,1346.4
23440006902000,3,2,1,0
23440006948000,5,2,3,100
23440007022000,12,5,7,418.8
23440007023000,5,3,2,216
23440007034000,3,1,2,0
23440007069000,2,1,1,0
23440007078000,15,6,9,582
23440007079000,24,12,12,1027.2
23440007100000,1,1,0,0
23440007101000,9,3,6,172.8
23440007103000,10,7,3,418
23440007104000,4,1,3,0
23440007110000,2,2,0,0
23440007113000,1,1,0,0
23440007115000,4,3,1,0
23440007119000,7,3,4,259
23440007150000,9,4,5,511.2
23440007151000,8,4,4,388
23440007152000,234,119,115,10015.2
23440007153000,307,160,147,9517
23440007199000,3,2,1,0
23440007201000,2,1,1,0
23440007202000,2,1,1,0
23440007203000,8,5,3,200.8
23440007207000,1,0,1,0
23440007210000,7,5,2,413
23440007212000,11,5,6,247.5
23440007219000,19,11,8,1056.4
23440007221000,37,20,17,1779.7
23440007222000,1,0,1,0
23440007223000,13,7,6,577.2
23440007224000,13,3,10,444.6
23450006647000,11,6,5,696.3
23450006648000,8,3,5,362.4
23450006649000,8,4,4,504.8
23450006650000,18,12,6,934.2
23450006651000,22,13,9,781
23450006652000,13,7,6,548.6
23450006653000,21,13,8,785.4
23450006654000,31,15,16,1506.6
23450006655000,6,1,5,256.8
23450006662000,3,2,1,0
23450006666000,43,25,18,1840.4
23450006667000,12,7,5,664.8
23450006668000,14,4,10,525
23450006669000,2,1,1,0
23450006672000,5,4,1,165
23450006687000,1,0,1,0
23450006688000,4,2,2,0
23450006689000,2,1,1,0
23450006699000,2,1,1,0
23450006718000,8,5,3,463.2
23450006729000,33,18,15,1623.6
23450006779000,3,1,2,0
23450006780000,1,0,1,0
23450006781000,1,0,1,0
23450006782000,5,2,3,114
23450006811000,9,4,5,386.1
23450006812000,11,4,7,374
23450006813000,20,13,7,916
23450006823000,3,0,3,0
23450006824000,9,7,2,403.2
23450006864000,11,5,6,674.3
23450007078000,10,6,4,527
23450007079000,18,7,11,669.6
23450007080000,25,12,13,960
23450007099000,4,3,1,0
23450007100000,10,6,4,339
23450007101000,17,10,7,664.7
23450007102000,6,3,3,271.8
23450007103000,27,16,11,858.6
23450007104000,7,2,5,251.3
23450007113000,3,2,1,0
23450007119000,8,4,4,180.8
23450007120000,11,6,5,443.3
23450007121000,3,2,1,0
23450007149000,4,2,2,0
23450007150000,4,1,3,0
23450007151000,7,5,2,308
23450007152000,34,19,15,1567.4
23450007153000,7,4,3,317.1
23450007166000,1,1,0,0
23450007203000,9,5,4,200.7
23450007204000,3,0,3,0
23450007207000,1,0,1,0
23450007208000,4,2,2,0
23450007210000,2,1,1,0
23450007211000,17,10,7,545.7
23450007212000,43,21,22,2051.1
23450007213000,13,5,8,721.5
23450007221000,10,4,6,496
23450007222000,115,58,57,4784
23450007223000,62,35,27,2783.8
23450007224000,17,8,9,627.3
23460006647000,8,4,4,340
23460006649000,1,1,0,0
23460006651000,4,2,2,0
23460006652000,1,0,1,0
23460006653000,5,3,2,272
23460006662000,14,9,5,721
23460006668000,2,1,1,0
23460006669000,13,10,3,568.1
23460006670000,2,2,0,0
23460006671000,4,2,2,0
23460006672000,8,5,3,256.8
23460006679000,1,1,0,0
23460006680000,2,1,1,0
23460006681000,1,1,0,0
23460006686000,2,0,2,0
23460006687000,1,1,0,0
23460006698000,3,2,1,0
23460006699000,9,5,4,487.8
23460006700000,9,5,4,659.7
23460006729000,49,23,26,2342.2
23460006782000,2,2,0,0
23460006784000,2,1,1,0
23460006785000,21,13,8,1075.2
23460006786000,1,0,1,0
23460006812000,34,18,16,1108.4
23460006815000,8,3,5,364
23460006820000,10,4,6,441
23460006821000,19,10,9,1058.3
23460006863000,2,2,0,0
23460006882000,4,2,2,0
23460006887000,1,0,1,0
23460007051000,1,1,0,0
23460007079000,10,6,4,455
23460007080000,20,10,10,552
23460007082000,2,1,1,0
23460007098000,2,1,1,0
23460007099000,13,7,6,370.5
23460007100000,51,25,26,2111.4
23460007101000,17,9,8,666.4
23460007102000,9,5,4,459
23460007116000,1,0,1,0
23460007120000,5,3,2,152
23460007149000,8,5,3,338.4
23460007150000,76,39,37,2599.2
23460007151000,4,1,3,0
23460007152000,7,4,3,440.3
23460007154000,34,14,20,1679.6
23460007155000,18,11,7,770.4
23460007156000,11,5,6,492.8
23460007157000,4,2,2,0
23460007204000,13,6,7,585
23460007210000,1,0,1,0
23460007212000,6,2,4,201
23460007222000,20,12,8,1058
23460007223000,18,8,10,1009.8
23470006655000,4,2,2,0
23470006658000,3,1,2,0
23470006661000,4,2,2,0
23470006669000,5,3,2,294
23470006670000,1,1,0,0
23470006679000,1,0,1,0
23470006687000,21,13,8,911.4
23470006691000,2,1,1,0
23470006692000,2,1,1,0
23470006695000,1,1,0,0
23470006717000,1,0,1,0
23470006727000,4,3,1,0
23470006728000,18,10,8,1098
23470006729000,77,42,35,3980.9
23470006731000,7,3,4,186.9
23470006784000,1,1,0,0
23470006785000,7,3,4,450.8
23470006796000,2,1,1,0
23470006809000,8,4,4,383.2
23470006811000,5,3,2,318
23470006812000,94,47,47,3167.8
23470006813000,131,65,66,6104.6
23470006814000,1,1,0,0
23470006815000,8,3,5,412.8
23470006816000,2,1,1,0
23470006818000,1,0,1,0
23470006819000,24,10,14,1113.6
23470006820000,1,1,0,0
23470006886000,4,2,2,0
23470006887000,6,4,2,201
23470006948000,2,1,1,0
23470006949000,2,1,1,0
23470007079000,2,2,0,0
23470007080000,16,9,7,622.4
23470007081000,19,12,7,767.6
23470007082000,1,1,0,0
23470007098000,19,10,9,642.2
23470007099000,7,3,4,294
23470007100000,7,3,4,151.9
23470007101000,9,5,4,467.1
23470007102000,6,5,1,181.2
23470007120000,22,12,10,976.8
23470007121000,21,10,11,898.8
23470007122000,1,1,0,0
23470007149000,14,8,6,599.2
23470007150000,38,20,18,1546.6
23470007152000,30,16,14,1035
23470007153000,11,6,5,275
23470007154000,17,9,8,605.2
23470007155000,7,4,3,317.8
23470007190000,5,2,3,157
23470007205000,4,2,2,0
23470007206000,7,4,3,296.1
23470007207000,2,1,1,0
23470007210000,11,7,4,603.9
23470007211000,8,5,3,515.2
23470007213000,1,1,0,0
23470007216000,1,1,0,0
23470007222000,6,2,4,226.8
23470007223000,1,1,0,0
23480006658000,6,4,2,361.2
23480006659000,14,9,5,432.6
23480006661000,17,7,10,977.5
23480006667000,2,2,0,0
23480006669000,6,3,3,181.2
23480006670000,2,1,1,0
23480006672000,2,2,0,0
23480006673000,4,2,2,0
23480006677000,4,4,0,0
23480006685000,1,1,0,0
23480006687000,7,4,3,415.1
23480006688000,29,11,18,907.7
23480006689000,4,2,2,0
23480006699000,2,1,1,0
23480006702000,3,2,1,0
23480006717000,16,8,8,545.6
23480006718000,2,0,2,0
23480006726000,10,5,5,468
23480006727000,9,6,3,230.4
23480006728000,18,13,5,748.8
23480006729000,7,2,5,478.8
23480006752000,10,4,6,746
23480006803000,2,1,1,0
23480006810000,34,17,17,1611.6
23480006811000,9,5,4,574.2
23480006812000,6,4,2,318
23480006813000,14,9,5,525
23480006814000,8,3,5,352
23480006886000,5,2,3,140
23480007050000,2,1,1,0
23480007051000,4,1,3,0
23480007079000,5,4,1,115
23480007080000,33,16,17,1455.3
23480007081000,5,3,2,342
23480007082000,22,12,10,1078
23480007097000,6,3,3,267
23480007098000,4,2,2,0
23480007101000,13,7,6,595.4
23480007115000,1,1,0,0
23480007120000,11,4,7,608.3
23480007121000,7,3,4,217.7
23480007150000,27,14,13,1225.8
23480007151000,5,3,2,277
23480007152000,7,5,2,291.2
23480007153000,26,12,14,1307.8
23480007154000,6,3,3,343.8
23480007155000,8,5,3,312
23480007156000,6,3,3,361.8
23480007202000,10,4,6,313
23480007206000,2,1,1,0
23480007207000,5,2,3,323
23480007208000,6,3,3,229.2
23480007214000,2,1,1,0
23490006653000,1,1,0,0
23490006654000,4,2,2,0
23490006655000,14,10,4,656.6
23490006657000,3,1,2,0
23490006661000,8,4,4,314.4
23490006662000,3,1,2,0
23490006663000,1,0,1,0
23490006664000,4,3,1,0
23490006666000,8,3,5,324.8
23490006670000,2,0,2,0
23490006671000,6,5,1,147
23490006674000,2,1,1,0
23490006676000,2,1,1,0
23490006678000,1,1,0,0
23490006687000,61,30,31,2531.5
23490006689000,6,2,4,348
23490006690000,11,5,6,412.5
23490006695000,1,1,0,0
23490006702000,8,4,4,464
23490006703000,4,2,2,0
23490006718000,18,7,11,765
23490006719000,4,2,2,0
23490006722000,3,1,2,0
23490006725000,13,6,7,712.4
23490006726000,24,14,10,1044
23490006727000,9,5,4,545.4
23490006752000,7,5,2,282.8
23490006753000,6,6,0,282
23490006786000,5,4,1,88
23490006787000,9,6,3,387.9
23490006791000,7,6,1,258.3
23490006792000,3,2,1,0
23490006805000,16,10,6,668.8
23490006807000,4,3,1,0
23490006809000,3,2,1,0
23490006863000,8,2,6,316.8
23490006886000,11,7,4,525.8
23490006949000,2,1,1,0
23490007030000,11,6,5,578.6
23490007065000,5,3,2,258
23490007079000,14,9,5,572.6
23490007080000,5,3,2,170
23490007081000,1,1,0,0
23490007082000,7,3,4,238.7
23490007097000,1,1,0,0
23490007098000,25,12,13,752.5
23490007115000,6,5,1,205.8
23490007116000,5,3,2,200
23490007121000,46,24,22,1840
23490007122000,1,0,1,0
23490007150000,2,1,1,0
23490007151000,4,2,2,0
23490007153000,19,11,8,617.5
23490007154000,49,25,24,1607.2
23490007155000,11,4,7,521.4
23490007189000,29,15,14,1676.2
23490007190000,38,22,16,2268.6
23490007202000,10,6,4,296
23490007208000,3,2,1,0
23490007212000,7,6,1,291.2
23490007213000,3,2,1,0
23490007220000,2,1,1,0
23500006653000,1,0,1,0
23500006654000,28,14,14,1786.4
23500006663000,4,2,2,0
23500006664000,34,19,15,1754.4
23500006665000,150,73,77,7125
23500006666000,14,7,7,957.6
23500006667000,14,7,7,562.8
23500006668000,15,8,7,651
23500006671000,13,7,6,522.6
23500006675000,6,4,2,388.8
23500006676000,5,2,3,219
23500006687000,14,8,6,688.8
23500006689000,1,0,1,0
23500006690000,1,0,1,0
23500006691000,11,5,6,583
23500006692000,9,5,4,500.4
23500006693000,5,3,2,337
23500006701000,1,1,0,0
23500006719000,3,1,2,0
23500006721000,5,2,3,106
23500006722000,5,3,2,275
23500006723000,1,0,1,0
23500006724000,10,6,4,582
23500006725000,28,13,15,1206.8
23500006726000,5,2,3,238
23500006729000,2,1,1,0
23500006752000,17,9,8,963.9
23500006753000,8,5,3,280.8
23500006774000,7,2,5,235.2
23500006790000,4,3,1,0
23500006791000,23,11,12,1239.7
23500006797000,2,1,1,0
23500006798000,2,0,2,0
23500006863000,18,11,7,739.8
23500006864000,2,1,1,0
23500007029000,2,1,1,0
23500007079000,14,6,8,522.2
23500007080000,12,6,6,448.8
23500007116000,6,3,3,331.8
23500007120000,15,9,6,675
23500007121000,8,3,5,322.4
23500007149000,14,6,8,638.4
23500007150000,11,5,6,568.7
23500007151000,11,6,5,297
23500007152000,33,17,16,1488.3
23500007153000,46,23,23,1807.8
23500007154000,22,13,9,792
23500007155000,9,4,5,443.7
23500007156000,5,2,3,184
23500007189000,39,23,16,1914.9
23500007190000,6,3,3,358.8
23500007202000,3,2,1,0
23500007208000,4,2,2,0
23500007209000,10,6,4,411
23500007210000,7,3,4,191.8
23500007214000,1,1,0,0
23500007221000,12,6,6,858
23510006650000,2,1,1,0
23510006651000,17,11,6,710.6
23510006652000,14,4,10,747.6
23510006653000,18,11,7,799.2
23510006661000,1,1,0,0
23510006662000,6,3,3,295.2
23510006663000,9,5,4,348.3
23510006664000,14,10,4,579.6
23510006665000,106,51,55,5141
23510006666000,36,17,19,1278
23510006667000,8,5,3,267.2
23510006669000,2,1,1,0
23510006670000,4,2,2,0
23510006671000,14,7,7,574
23510006672000,14,7,7,702.8
23510006673000,2,1,1,0
23510006674000,8,3,5,356.8
23510006675000,6,3,3,328.8
23510006687000,9,3,6,246.6
23510006700000,2,1,1,0
23510006701000,1,0,1,0
23510006712000,1,1,0,0
23510006722000,4,3,1,0
23510006723000,8,5,3,518.4
23510006724000,3,2,1,0
23510006725000,12,5,7,603.6
23510006726000,23,14,9,890.1
23510006729000,7,3,4,280.7
23510006774000,11,7,4,572
23510006790000,32,21,11,1644.8
23510006791000,12,7,5,459.6
23510006796000,2,1,1,0
23510006797000,3,1,2,0
23510006798000,2,2,0,0
23510006799000,5,3,2,177
23510006802000,15,9,6,556.5
23510006803000,32,18,14,1190.4
23510006804000,25,11,14,975
23510006805000,1,1,0,0
23510006806000,9,6,3,323.1
23510006823000,3,2,1,0
23510006863000,8,5,3,344.8
23510007026000,2,1,1,0
23510007027000,11,7,4,430.1
23510007029000,1,1,0,0
23510007062000,3,1,2,0
23510007063000,13,10,3,767
23510007080000,8,4,4,363.2
23510007081000,9,4,5,340.2
23510007117000,2,1,1,0
23510007120000,3,2,1,0
23510007121000,10,7,3,379
23510007122000,2,2,0,0
23510007149000,24,12,12,950.4
23510007150000,20,8,12,916
23510007151000,19,8,11,697.3
23510007152000,46,23,23,2346
23510007153000,54,27,27,2494.8
23510007154000,7,3,4,263.9
23510007155000,12,6,6,552
23510007156000,5,1,4,179
23510007189000,36,24,12,1357.2
23510007190000,9,6,3,613.8
23510007191000,3,2,1,0
23510007203000,7,3,4,331.1
23510007214000,4,3,1,0
23510007215000,2,1,1,0
23510007216000,6,4,2,265.8
23510007221000,16,6,10,1017.6
23510007222000,9,4,5,459
23520006652000,2,1,1,0
23520006653000,5,4,1,121
23520006654000,1,1,0,0
23520006657000,2,1,1,0
23520006658000,10,5,5,266
23520006659000,2,1,1,0
23520006660000,6,3,3,234
23520006661000,6,4,2,208.8
23520006662000,10,4,6,559
23520006663000,11,6,5,547.8
23520006665000,3,1,2,0
23520006667000,4,3,1,0
23520006670000,4,2,2,0
23520006672000,1,1,0,0
23520006686000,11,5,6,294.8
23520006687000,16,9,7,614.4
23520006688000,14,7,7,617.4
23520006689000,8,3,5,211.2
23520006691000,2,1,1,0
23520006693000,5,3,2,293
23520006694000,5,3,2,285
23520006705000,2,1,1,0
23520006707000,3,2,1,0
23520006719000,3,2,1,0
23520006723000,3,2,1,0
23520006725000,5,2,3,292
23520006726000,12,8,4,552
23520006727000,7,4,3,352.1
23520006729000,4,2,2,0
23520006733000,2,1,1,0
23520006749000,7,4,3,315.7
23520006753000,2,2,0,0
23520006774000,19,11,8,847.4
23520006791000,12,4,8,744
23520006792000,5,3,2,270
23520006798000,4,2,2,0
23520006799000,167,86,81,6095.5
23520006800000,353,186,167,14508.3
23520006801000,169,84,85,6793.8
23520006802000,59,27,32,2584.2
23520006803000,10,6,4,424
23520006804000,13,8,5,469.3
23520006805000,91,48,43,3057.6
23520006806000,38,19,19,1387
23520006819000,1,1,0,0
23520006820000,2,0,2,0
23520006822000,5,3,2,256
23520006823000,1,1,0,0
23520006885000,10,3,7,432
23520007026000,2,0,2,0
23520007062000,3,2,1,0
23520007063000,13,8,5,566.8
23520007064000,9,5,4,269.1
23520007081000,8,4,4,428.8
23520007082000,17,7,10,736.1
23520007122000,9,5,4,399.6
23520007151000,9,4,5,327.6
23520007152000,6,3,3,207
23520007153000,21,9,12,861
23520007154000,20,12,8,766
23520007155000,71,28,43,2314.6
23520007156000,23,8,15,650.9
23520007157000,31,17,14,1078.8
23520007183000,1,1,0,0
23520007190000,2,1,1,0
23520007191000,7,3,4,426.3
23520007203000,26,17,9,1040
23520007204000,1,0,1,0
23520007215000,10,6,4,351
23520007222000,12,7,5,681.6
23520007223000,2,1,1,0
23520007224000,2,1,1,0
23530006653000,6,3,3,343.2
23530006654000,19,11,8,1151.4
23530006655000,16,10,6,705.6
23530006656000,6,4,2,190.2
23530006658000,57,30,27,2394
23530006659000,24,12,12,1360.8
23530006660000,19,8,11,868.3
23530006661000,11,6,5,423.5
23530006676000,17,8,9,816
23530006682000,1,0,1,0
23530006694000,22,13,9,935
23530006695000,7,5,2,321.3
23530006702000,1,1,0,0
23530006707000,3,2,1,0
23530006719000,6,4,2,277.2
23530006731000,4,3,1,0
23530006733000,7,4,3,175
23530006735000,4,2,2,0
23530006736000,11,4,7,403.7
23530006737000,6,4,2,204
23530006749000,2,1,1,0
23530006792000,4,2,2,0
23530006799000,181,88,93,7004.7
23530006800000,504,233,271,28526.4
23530006801000,645,309,336,28057.5
23530006802000,83,38,45,3701.8
23530006817000,9,4,5,362.7
23530006818000,4,2,2,0
23530006820000,3,2,1,0
23530006822000,1,0,1,0
23530007081000,2,1,1,0
23530007082000,23,11,12,874
23530007083000,3,1,2,0
23530007118000,1,1,0,0
23530007122000,8,4,4,480
23530007150000,9,6,3,439.2
23530007154000,22,12,10,996.6
23530007155000,378,186,192,18748.8
23530007156000,181,101,80,6280.7
23530007157000,129,70,59,5663.1
23530007158000,20,11,9,736
23530007203000,9,6,3,403.2
23530007204000,3,2,1,0
23530007216000,14,8,6,484.4
23530007217000,4,1,3,0
23530007225000,4,1,3,0
23530007287000,5,3,2,325
23540006657000,12,5,7,495.6
23540006658000,13,6,7,552.5
23540006659000,4,3,1,0
23540006667000,7,3,4,228.9
23540006693000,7,4,3,398.3
23540006694000,15,7,8,831
23540006695000,5,3,2,309
23540006697000,3,1,2,0
23540006718000,5,3,2,192
23540006719000,9,5,4,452.7
23540006720000,2,1,1,0
23540006724000,1,1,0,0
23540006731000,2,2,0,0
23540006732000,2,1,1,0
23540006733000,2,1,1,0
23540006734000,2,1,1,0
23540006797000,26,13,13,1008.8
23540006798000,84,44,40,3444
23540006799000,222,115,107,8902.2
23540006800000,97,50,47,4384.4
23540006801000,45,27,18,1701
23540006802000,24,14,10,1183.2
23540006805000,4,2,2,0
23540006817000,6,3,3,298.8
23540006824000,6,2,4,289.2
23540006825000,2,1,1,0
23540006826000,10,4,6,348
23540006885000,3,2,1,0
23540007062000,1,1,0,0
23540007082000,2,1,1,0
23540007119000,2,1,1,0
23540007154000,12,7,5,777.6
23540007155000,86,34,52,3087.4
23540007156000,56,34,22,2094.4
23540007157000,2,1,1,0
23540007158000,18,10,8,820.8
23540007159000,18,10,8,579.6
23540007204000,3,2,1,0
23540007205000,12,6,6,600
23540007225000,6,2,4,363
23540007280000,37,21,16,1465.2
23540007289000,7,3,4,275.8
23550006660000,4,2,2,0
23550006666000,13,5,8,517.4
23550006667000,2,1,1,0
23550006674000,6,3,3,250.2
23550006693000,3,2,1,0
23550006705000,2,1,1,0
23550006706000,3,1,2,0
23550006707000,3,2,1,0
23550006708000,2,1,1,0
23550006718000,2,2,0,0
23550006723000,5,2,3,265
23550006731000,2,1,1,0
23550006732000,25,11,14,1155
23550006794000,6,4,2,268.8
23550006795000,22,12,10,897.6
23550006796000,48,27,21,1996.8
23550006797000,6,3,3,187.2
23550006805000,13,6,7,585
23550006806000,12,7,5,578.4
23550006807000,2,1,1,0
23550006808000,2,1,1,0
23550006818000,3,2,1,0
23550006819000,5,4,1,282
23550007080000,1,1,0,0
23550007123000,1,1,0,0
23550007154000,8,6,2,296.8
23550007156000,52,30,22,1908.4
23550007157000,22,12,10,990
23550007158000,16,14,2,550.4
23550007159000,5,3,2,175
23550007206000,9,4,5,348.3
23550007219000,2,1,1,0
23550007279000,1,0,1,0
23550007280000,2,1,1,0
23550007287000,7,4,3,331.8
23550007288000,20,11,9,840
23550007289000,2,1,1,0
23550007290000,15,10,5,901.5
23560006662000,4,2,2,0
23560006666000,16,9,7,865.6
23560006667000,7,3,4,315.7
23560006668000,3,1,2,0
23560006669000,2,1,1,0
23560006674000,1,1,0,0
23560006678000,12,8,4,572.4
23560006699000,2,1,1,0
23560006700000,50,26,24,2535
23560006701000,31,16,15,1785.6
23560006705000,3,1,2,0
23560006710000,2,1,1,0
23560006731000,18,9,9,849.6
23560006732000,2,0,2,0
23560006733000,5,3,2,310
23560006794000,264,136,128,10269.6
23560006795000,121,62,59,4743.2
23560006806000,3,1,2,0
23560006807000,16,9,7,497.6
23560006818000,2,1,1,0
23560006819000,4,2,2,0
23560006895000,4,2,2,0
23560007123000,9,5,4,485.1
23560007124000,4,2,2,0
23560007151000,8,3,5,426.4
23560007152000,2,1,1,0
23560007153000,12,5,7,339.6
23560007154000,35,18,17,945
23560007156000,35,18,17,1442
23560007157000,196,104,92,7154
23560007158000,9,5,4,379.8
23560007205000,8,4,4,476.8
23560007206000,17,9,8,919.7
23560007219000,8,4,4,378.4
23560007220000,20,8,12,744
23560007223000,4,3,1,0
23560007280000,23,10,13,814.2
23560007288000,21,9,12,1163.4
23560007289000,27,13,14,1177.2
23560007290000,9,5,4,457.2
23570006657000,6,2,4,265.2
23570006667000,10,6,4,591
23570006668000,5,3,2,153
23570006676000,2,1,1,0
23570006682000,5,2,3,269
23570006699000,13,7,6,526.5
23570006700000,74,33,41,4033
23570006701000,28,12,16,1822.8
23570006730000,2,1,1,0
23570006732000,16,9,7,748.8
23570006735000,2,1,1,0
23570006791000,3,2,1,0
23570006792000,23,13,10,892.4
23570006793000,23,11,12,1074.1
23570006794000,34,18,16,1387.2
23570006795000,11,5,6,374
23570006814000,2,1,1,0
23570007080000,10,4,6,387
23570007097000,5,2,3,230
23570007101000,1,1,0,0
23570007124000,6,2,4,280.8
23570007150000,6,3,3,268.8
23570007151000,13,7,6,681.2
23570007152000,17,12,5,654.5
23570007153000,9,4,5,173.7
23570007154000,16,9,7,689.6
23570007155000,12,6,6,639.6
23570007156000,36,16,20,1407.6
23570007157000,45,26,19,1692
23570007158000,10,7,3,289
23570007159000,10,6,4,279
23570007205000,4,2,2,0
23570007219000,5,3,2,318
23570007220000,6,4,2,319.8
23570007221000,6,3,3,319.8
23570007223000,6,2,4,358.8
23570007280000,20,10,10,770
23570007281000,20,12,8,1004
23570007284000,11,4,7,534.6
23570007285000,18,12,6,752.4
23570007286000,7,2,5,249.9
23580006666000,1,1,0,0
23580006667000,9,5,4,378
23580006670000,3,2,1,0
23580006671000,6,3,3,379.8
23580006676000,3,2,1,0
23580006681000,6,2,4,216
23580006682000,8,5,3,310.4
23580006689000,1,1,0,0
23580006691000,1,1,0,0
23580006695000,1,1,0,0
23580006696000,7,3,4,319.2
23580006697000,6,3,3,220.8
23580006698000,4,2,2,0
23580006700000,8,3,5,494.4
23580006701000,2,1,1,0
23580006728000,11,4,7,523.6
23580006730000,9,5,4,419.4
23580006731000,3,1,2,0
23580006732000,2,1,1,0
23580006790000,1,0,1,0
23580006791000,4,3,1,0
23580006792000,2,2,0,0
23580006794000,1,1,0,0
23580007079000,1,1,0,0
23580007095000,3,1,2,0
23580007097000,13,8,5,488.8
23580007098000,8,3,5,360
23580007119000,5,3,2,274
23580007151000,103,59,44,3924.3
23580007152000,30,14,16,1101
23580007158000,8,4,4,360
23580007206000,9,7,2,460.8
23580007220000,7,5,2,422.1
23580007221000,9,3,6,408.6
23580007223000,23,12,11,1060.3
23580007224000,25,12,13,1185
23580007235000,1,1,0,0
23580007284000,2,2,0,0
23580007285000,18,10,8,617.4
23580007286000,22,12,10,904.2
23580007288000,23,14,9,823.4
23580007289000,20,6,14,878
23580007290000,107,56,51,4804.3
23580007291000,4,3,1,0
23590006665000,5,2,3,307
23590006679000,1,0,1,0
23590006681000,6,4,2,253.2
23590006682000,11,7,4,605
23590006683000,7,5,2,279.3
23590006697000,2,1,1,0
23590006700000,1,0,1,0
23590006702000,2,1,1,0
23590006721000,1,1,0,0
23590006723000,2,1,1,0
23590006724000,1,0,1,0
23590006725000,2,2,0,0
23590006726000,6,5,1,370.2
23590006727000,2,1,1,0
23590006728000,2,1,1,0
23590006729000,2,2,0,0
23590006783000,5,3,2,264
23590006789000,6,3,3,322.2
23590006790000,4,2,2,0
23590006795000,6,3,3,357
23590006813000,4,3,1,0
23590006824000,1,1,0,0
23590006826000,2,1,1,0
23590006830000,2,2,0,0
23590007078000,6,3,3,346.2
23590007079000,5,3,2,308
23590007119000,5,3,2,213
23590007124000,1,1,0,0
23590007151000,40,25,15,1468
23590007158000,26,14,12,1029.6
23590007159000,8,5,3,188.8
23590007206000,4,2,2,0
23590007207000,20,11,9,1122
23590007216000,2,1,1,0
23590007221000,10,5,5,459
23590007222000,1,1,0,0
23590007223000,8,3,5,502.4
23590007225000,2,1,1,0
23590007226000,4,2,2,0
23590007238000,2,1,1,0
23590007282000,5,4,1,120
23590007283000,28,17,11,1148
23590007284000,4,2,2,0
23590007285000,3,2,1,0
23590007286000,2,1,1,0
23590007287000,61,30,31,2848.7
23590007288000,25,14,11,1137.5
23590007289000,12,7,5,661.2
23590007290000,76,35,41,3412.4
23600006664000,2,1,1,0
23600006681000,2,1,1,0
23600006687000,1,1,0,0
23600006688000,4,1,3,0
23600006692000,3,1,2,0
23600006700000,1,1,0,0
23600006701000,1,0,1,0
23600006703000,3,2,1,0
23600006723000,3,1,2,0
23600006724000,1,1,0,0
23600006725000,2,1,1,0
23600006728000,1,1,0,0
23600006730000,4,3,1,0
23600006784000,1,0,1,0
23600006788000,4,1,3,0
23600006789000,5,4,1,306
23600006795000,20,11,9,1034
23600006812000,5,3,2,304
23600006824000,5,2,3,144
23600007078000,4,2,2,0
23600007119000,2,2,0,0
23600007150000,6,4,2,154.8
23600007151000,22,11,11,1005.4
23600007152000,6,3,3,205.2
23600007157000,4,3,1,0
23600007158000,30,14,16,972
23600007159000,3,1,2,0
23600007208000,5,3,2,204
23600007221000,14,10,4,575.4
23600007226000,2,1,1,0
23600007227000,16,11,5,505.6
23600007228000,2,1,1,0
23600007229000,9,4,5,361.8
23600007236000,7,4,3,216.3
23600007237000,18,13,5,601.2
23600007238000,5,2,3,263
23600007281000,12,7,5,661.2
23600007284000,4,2,2,0
23600007286000,15,10,5,538.5
23600007287000,269,136,133,11405.6
23600007288000,15,7,8,769.5
23610006680000,1,1,0,0
23610006687000,9,6,3,576.9
23610006703000,3,2,1,0
23610006721000,3,2,1,0
23610006730000,3,1,2,0
23610006787000,3,1,2,0
23610006788000,4,2,2,0
23610006794000,2,1,1,0
23610006795000,6,4,2,238.8
23610006817000,2,1,1,0
23610007119000,2,1,1,0
23610007120000,1,1,0,0
23610007126000,3,2,1,0
23610007151000,2,1,1,0
23610007152000,9,4,5,451.8
23610007157000,3,1,2,0
23610007161000,10,6,4,396
23610007207000,1,1,0,0
23610007208000,13,6,7,598
23610007235000,17,9,8,822.8
23610007236000,14,7,7,700
23610007282000,8,3,5,470.4
23610007284000,7,4,3,385
23610007285000,9,5,4,451.8
23610007286000,1,0,1,0
23610007287000,5,2,3,353
23610007289000,8,3,5,472.8
23620006670000,2,1,1,0
23620006678000,2,2,0,0
23620006680000,9,4,5,486.9
23620006683000,2,2,0,0
23620006699000,8,3,5,332
23620006704000,1,1,0,0
23620006773000,6,3,3,163.8
23620006774000,7,3,4,284.2
23620006775000,2,1,1,0
23620006783000,1,1,0,0
23620006784000,1,0,1,0
23620006786000,2,1,1,0
23620006793000,1,0,1,0
23620006795000,1,1,0,0
23620007061000,5,3,2,138
23620007122000,8,4,4,252.8
23620007126000,3,2,1,0
23620007152000,53,26,27,2157.1
23620007153000,3,2,1,0
23620007159000,6,3,3,367.2
23620007160000,5,3,2,216
23620007162000,9,5,4,422.1
23620007207000,11,7,4,486.2
23620007208000,14,6,8,606.2
23620007220000,12,8,4,381.6
23620007223000,2,1,1,0
23620007235000,3,3,0,0
23620007236000,4,2,2,0
23620007284000,16,8,8,900.8
23620007287000,5,4,1,323
23620007288000,4,2,2,0
23620007289000,21,12,9,993.3
23620007290000,4,3,1,0
23620007301000,2,2,0,0
23620007310000,2,1,1,0
23620007311000,5,2,3,280
23630006698000,1,1,0,0
23630006699000,4,2,2,0
23630006704000,2,1,1,0
23630006712000,1,0,1,0
23630006722000,1,1,0,0
23630006788000,2,0,2,0
23630006797000,2,1,1,0
23630007061000,1,1,0,0
23630007121000,8,4,4,351.2
23630007122000,8,5,3,170.4
23630007127000,2,1,1,0
23630007151000,13,6,7,432.9
23630007152000,41,21,20,1886
23630007153000,12,7,5,693.6
23630007162000,8,5,3,382.4
23630007215000,2,1,1,0
23630007216000,2,1,1,0
23630007222000,2,1,1,0
23630007223000,1,1,0,0
23630007224000,10,4,6,516
23630007237000,1,1,0,0
23630007286000,8,3,5,272
23630007287000,4,2,2,0
23630007288000,15,6,9,652.5
23630007289000,7,4,3,385.7
23630007290000,10,4,6,410
23630007311000,7,3,4,466.2
23640006697000,5,3,2,307
23640006711000,1,0,1,0
23640006780000,4,1,3,0
23640006781000,1,1,0,0
23640006786000,55,28,27,2722.5
23640006787000,4,3,1,0
23640006793000,1,1,0,0
23640006794000,6,1,5,228
23640006795000,15,8,7,781.5
23640006797000,6,3,3,252
23640006798000,2,0,2,0
23640006799000,2,1,1,0
23640006801000,2,2,0,0
23640007122000,8,5,3,343.2
23640007128000,2,1,1,0
23640007150000,19,8,11,733.4
23640007151000,9,5,4,323.1
23640007152000,12,4,8,412.8
23640007153000,10,4,6,459
23640007161000,10,6,4,575
23640007162000,15,8,7,655.5
23640007226000,1,1,0,0
23640007227000,4,2,2,0
23640007231000,2,1,1,0
23640007232000,4,2,2,0
23640007237000,6,3,3,415.8
23640007238000,21,12,9,861
23640007239000,3,2,1,0
23640007257000,19,11,8,815.1
23640007258000,28,16,12,1344
23640007259000,14,7,7,718.2
23640007286000,2,2,0,0
23640007287000,1,1,0,0
23650006697000,4,2,2,0
23650006703000,1,0,1,0
23650006704000,11,5,6,559.9
23650006705000,1,1,0,0
23650006779000,6,2,4,189
23650006780000,17,9,8,737.8
23650006786000,4,3,1,0
23650006791000,4,2,2,0
23650006793000,1,0,1,0
23650006794000,2,1,1,0
23650006795000,1,0,1,0
23650006796000,2,1,1,0
23650006801000,6,2,4,439.2
23650007122000,44,24,20,1606
23650007123000,36,21,15,1458
23650007150000,12,7,5,358.8
23650007151000,24,14,10,1041.6
23650007152000,75,45,30,3330
23650007153000,4,2,2,0
23650007161000,15,9,6,567
23650007162000,11,7,4,258.5
23650007164000,9,5,4,408.6
23650007216000,2,1,1,0
23650007217000,7,4,3,266
23650007225000,5,2,3,220
23650007227000,1,1,0,0
23650007229000,10,5,5,377
23650007231000,20,11,9,814
23650007232000,18,14,4,550.8
23650007237000,4,2,2,0
23650007238000,12,8,4,375.6
23650007239000,13,9,4,574.6
23650007241000,18,7,11,518.4
23650007243000,5,4,1,272
23650007245000,6,4,2,304.2
23650007255000,1,0,1,0
23650007256000,1,1,0,0
23650007257000,39,20,19,1443
23650007258000,35,17,18,1505
23650007259000,4,2,2,0
23650007265000,1,1,0,0
23660006696000,7,5,2,347.2
23660006704000,8,5,3,500.8
23660006705000,4,3,1,0
23660006708000,3,2,1,0
23660006716000,2,1,1,0
23660006779000,8,5,3,196.8
23660006783000,2,1,1,0
23660006784000,14,7,7,527.8
23660006785000,12,6,6,734.4
23660006787000,3,1,2,0
23660006791000,3,1,2,0
23660006792000,5,3,2,308
23660006793000,25,12,13,1305
23660006794000,4,2,2,0
23660006821000,1,1,0,0
23660006827000,5,2,3,166
23660007121000,3,2,1,0
23660007122000,91,48,43,3794.7
23660007123000,16,8,8,646.4
23660007124000,10,7,3,409
23660007128000,5,3,2,337
23660007150000,16,8,8,654.4
23660007151000,22,14,8,1192.4
23660007152000,193,104,89,7218.2
23660007164000,5,3,2,245
23660007165000,22,12,10,963.6
23660007166000,10,7,3,323
23660007205000,3,2,1,0
23660007206000,14,8,6,729.4
23660007207000,127,60,67,5194.3
23660007216000,8,4,4,591.2
23660007217000,3,2,1,0
23660007225000,3,1,2,0
23660007232000,23,13,10,952.2
23660007233000,2,1,1,0
23660007240000,11,4,7,361.9
23660007241000,20,10,10,786
23660007242000,26,14,12,1344.2
23660007243000,34,14,20,1298.8
23660007244000,1,0,1,0
23660007245000,23,11,12,1200.6
23660007246000,16,5,11,742.4
23660007247000,2,1,1,0
23660007248000,4,3,1,0
23660007257000,7,3,4,340.2
23660007258000,10,6,4,428
23660007259000,32,16,16,892.8
23660007264000,1,1,0,0
23660007266000,7,4,3,427.7
23660007267000,2,1,1,0
23660007286000,7,4,3,445.9
23660007331000,1,1,0,0
23670006698000,2,0,2,0
23670006776000,5,3,2,280
23670006777000,10,4,6,551
23670006781000,2,1,1,0
23670006782000,6,4,2,409.8
23670006783000,9,7,2,567
23670006786000,1,1,0,0
23670006793000,176,97,79,7550.4
23670006794000,16,11,5,612.8
23670006821000,6,2,4,439.8
23670006822000,6,4,2,369
23670006823000,5,2,3,319
23670006824000,3,1,2,0
23670006825000,4,3,1,0
23670006826000,4,2,2,0
23670006827000,9,5,4,457.2
23670007078000,2,2,0,0
23670007119000,2,1,1,0
23670007121000,41,20,21,1422.7
23670007122000,31,17,14,1422.9
23670007123000,2,1,1,0
23670007124000,7,4,3,301.7
23670007129000,13,6,7,516.1
23670007150000,12,5,7,411.6
23670007151000,4,2,2,0
23670007152000,5,4,1,107
23670007166000,2,1,1,0
23670007167000,22,15,7,1067
23670007203000,6,3,3,355.8
23670007206000,12,9,3,397.2
23670007207000,16,10,6,772.8
23670007209000,2,1,1,0
23670007211000,2,1,1,0
23670007214000,2,1,1,0
23670007225000,3,1,2,0
23670007226000,1,1,0,0
23670007231000,2,0,2,0
23670007232000,10,6,4,408
23670007237000,2,1,1,0
23670007238000,10,4,6,423
23670007239000,4,1,3,0
23670007241000,8,5,3,298.4
23670007242000,23,12,11,1048.8
23670007243000,15,7,8,600
23670007244000,45,22,23,1917
23670007245000,137,65,72,5671.8
23670007246000,80,42,38,3152
23670007258000,4,2,2,0
23670007261000,22,13,9,759
23670007262000,28,15,13,1139.6
23670007263000,234,131,103,8541
23670007264000,4,1,3,0
23670007286000,3,1,2,0
23670007287000,24,15,9,1039.2
23670007288000,11,2,9,478.5
23680006710000,10,4,6,339
23680006773000,5,1,4,149
23680006775000,9,4,5,234.9
23680006776000,2,2,0,0
23680006781000,2,1,1,0
23680006782000,8,4,4,516
23680006783000,5,2,3,239
23680006785000,17,11,6,761.6
23680006793000,6,4,2,247.8
23680006794000,3,2,1,0
23680006803000,4,2,2,0
23680006818000,4,2,2,0
23680007076000,1,1,0,0
23680007119000,6,3,3,160.2
23680007121000,22,12,10,704
23680007122000,2,0,2,0
23680007123000,9,4,5,394.2
23680007124000,1,1,0,0
23680007125000,8,4,4,482.4
23680007129000,10,4,6,438
23680007130000,5,1,4,70
23680007150000,34,20,14,1441.6
23680007151000,2,1,1,0
23680007152000,2,2,0,0
23680007163000,9,4,5,329.4
23680007167000,54,24,30,2532.6
23680007168000,10,4,6,456
23680007205000,4,3,1,0
23680007206000,7,2,5,317.1
23680007218000,2,2,0,0
23680007224000,2,1,1,0
23680007225000,14,7,7,775.6
23680007244000,6,4,2,358.8
23680007245000,148,71,77,6970.8
23680007246000,106,51,55,4653.4
23680007247000,10,6,4,379
23680007248000,3,1,2,0
23680007250000,1,1,0,0
23680007251000,10,5,5,407
23680007252000,17,10,7,921.4
23680007253000,4,2,2,0
23680007254000,76,41,35,2819.6
23680007261000,1,1,0,0
23680007262000,15,7,8,658.5
23680007263000,286,136,150,9009
23680007264000,20,11,9,838
23680007265000,2,1,1,0
23680007278000,1,1,0,0
23680007286000,3,0,3,0
23680007287000,24,12,12,1144.8
23680007304000,1,1,0,0
23680007312000,10,6,4,583
23680007313000,22,14,8,1315.6
23680007379000,1,1,0,0
23690006772000,1,0,1,0
23690006774000,13,7,6,423.8
23690006783000,3,1,2,0
23690006795000,3,2,1,0
23690006801000,2,1,1,0
23690006816000,5,3,2,299
23690006817000,4,2,2,0
23690006818000,11,6,5,399.3
23690007120000,26,16,10,1105
23690007121000,1,0,1,0
23690007123000,34,15,19,941.8
23690007125000,27,13,14,1163.7
23690007129000,16,8,8,520
23690007130000,5,2,3,313
23690007149000,12,6,6,597.6
23690007150000,30,18,12,1335
23690007151000,15,9,6,609
23690007167000,17,9,8,863.6
23690007168000,40,21,19,1576
23690007169000,24,11,13,1056
23690007204000,2,1,1,0
23690007205000,11,4,7,567.6
23690007206000,8,6,2,332
23690007217000,4,2,2,0
23690007225000,52,25,27,2704
23690007226000,31,18,13,1711.2
23690007234000,1,1,0,0
23690007245000,3,2,1,0
23690007246000,17,10,7,593.3
23690007248000,9,5,4,289.8
23690007249000,48,25,23,1857.6
23690007250000,12,6,6,468
23690007251000,53,23,30,2204.8
23690007252000,421,213,208,17176.8
23690007253000,37,20,17,1487.4
23690007254000,9,5,4,459.9
23690007261000,137,77,60,5521.1
23690007262000,48,25,23,2222.4
23690007263000,260,133,127,9568
23690007264000,112,55,57,3740.8
23690007281000,1,0,1,0
23690007282000,27,15,12,1352.7
23690007312000,1,1,0,0
23690007313000,11,6,5,746.9
23700006771000,18,12,6,943.2
23700006772000,18,7,11,993.6
23700006791000,2,0,2,0
23700006792000,10,4,6,470
23700006799000,2,1,1,0
23700006801000,2,1,1,0
23700006815000,4,2,2,0
23700006816000,7,4,3,457.1
23700007075000,9,4,5,381.6
23700007120000,19,8,11,908.2
23700007121000,14,7,7,561.4
23700007122000,11,6,5,519.2
23700007125000,15,8,7,736.5
23700007126000,25,11,14,1015
23700007151000,250,107,143,15375
23700007152000,35,19,16,1438.5
23700007167000,2,1,1,0
23700007168000,55,26,29,2040.5
23700007169000,313,155,158,13991.1
23700007170000,82,41,41,3124.2
23700007171000,6,4,2,247.2
23700007205000,1,1,0,0
23700007217000,2,1,1,0
23700007223000,3,2,1,0
23700007224000,41,21,20,1467.8
23700007225000,124,62,62,5257.6
23700007226000,4,2,2,0
23700007229000,1,1,0,0
23700007230000,4,3,1,0
23700007233000,13,8,5,765.7
23700007244000,4,3,1,0
23700007245000,7,4,3,224.7
23700007247000,23,9,14,972.9
23700007248000,25,13,12,887.5
23700007249000,31,17,14,1441.5
23700007250000,11,6,5,420.2
23700007251000,46,21,25,2474.8
23700007252000,60,33,27,2796
23700007253000,29,17,12,1261.5
23700007256000,3,1,2,0
23700007257000,19,10,9,799.9
23700007262000,404,198,206,18462.8
23700007263000,938,431,507,41647.2
23700007264000,154,75,79,5621
23700007282000,2,1,1,0
23700007312000,22,9,13,1309
23700007313000,7,2,5,408.8
23700007378000,254,139,115,10007.6
23700007379000,98,45,53,3577
23710006773000,2,0,2,0
23710006791000,2,1,1,0
23710006798000,3,2,1,0
23710006799000,9,3,6,261
23710007077000,3,2,1,0
23710007120000,1,1,0,0
23710007122000,20,9,11,922
23710007124000,8,3,5,348.8
23710007125000,8,5,3,380
23710007126000,124,58,66,5009.6
23710007127000,8,4,4,479.2
23710007129000,35,18,17,1470
23710007136000,4,1,3,0
23710007144000,24,10,14,1094.4
23710007146000,1,1,0,0
23710007147000,12,8,4,525.6
23710007148000,15,9,6,651
23710007149000,78,44,34,3096.6
23710007150000,337,169,168,12165.7
23710007151000,269,140,129,11217.3
23710007152000,12,8,4,243.6
23710007153000,3,2,1,0
23710007154000,2,1,1,0
23710007169000,57,33,24,1949.4
23710007170000,32,16,16,1616
23710007171000,45,21,24,1903.5
23710007172000,6,2,4,259.2
23710007181000,16,7,9,417.6
23710007203000,16,8,8,603.2
23710007205000,3,2,1,0
23710007225000,23,13,10,1147.7
23710007226000,1,0,1,0
23710007231000,9,6,3,405
23710007232000,2,1,1,0
23710007233000,7,4,3,462.7
23710007241000,1,0,1,0
23710007242000,3,2,1,0
23710007244000,6,4,2,153
23710007245000,1,0,1,0
23710007247000,3,2,1,0
23710007248000,11,4,7,529.1
23710007249000,19,10,9,642.2
23710007250000,29,20,9,1075.9
23710007251000,3,1,2,0
23710007252000,10,4,6,547
23710007254000,23,12,11,1044.2
23710007258000,3,1,2,0
23710007263000,193,96,97,8028.8
23710007264000,1000,484,516,43000
23710007265000,644,315,329,25824.4
23710007266000,3,1,2,0
23710007312000,5,2,3,292
23710007313000,14,8,6,700
23710007378000,28,16,12,1092
23710007379000,5,3,2,190
23720006773000,5,3,2,285
23720006791000,16,9,7,945.6
23720006799000,2,1,1,0
23720006811000,3,1,2,0
23720006813000,2,1,1,0
23720006814000,2,1,1,0
23720007125000,3,2,1,0
23720007126000,131,56,75,6720.3
23720007127000,266,132,134,12395.6
23720007128000,9,5,4,548.1
23720007129000,20,11,9,1156
23720007143000,1,1,0,0
23720007144000,16,7,9,545.6
23720007145000,5,3,2,196
23720007148000,1,0,1,0
23720007149000,121,58,63,5239.3
23720007150000,30,13,17,1044
23720007153000,7,3,4,254.1
23720007154000,7,4,3,380.8
23720007156000,1,1,0,0
23720007168000,4,2,2,0
23720007169000,16,6,10,564.8
23720007170000,19,9,10,862.6
23720007171000,9,5,4,415.8
23720007172000,3,2,1,0
23720007173000,2,1,1,0
23720007174000,15,7,8,592.5
23720007176000,11,6,5,379.5
23720007177000,5,3,2,124
23720007178000,5,3,2,163
23720007179000,3,2,1,0
23720007180000,3,2,1,0
23720007181000,5,2,3,184
23720007183000,8,5,3,408.8
23720007184000,10,3,7,292
23720007205000,4,3,1,0
23720007218000,1,1,0,0
23720007229000,12,6,6,420
23720007231000,12,8,4,441.6
23720007242000,20,8,12,976
23720007243000,1,0,1,0
23720007249000,6,2,4,267
23720007250000,23,12,11,1074.1
23720007251000,7,2,5,256.2
23720007252000,1,1,0,0
23720007253000,11,7,4,564.3
23720007254000,7,4,3,170.8
23720007255000,3,2,1,0
23720007259000,9,5,4,429.3
23720007263000,7,4,3,300.3
23720007264000,4,2,2,0
23720007265000,684,331,353,23187.6
23720007266000,584,295,289,21140.8
23720007267000,29,16,13,1142.6
23720007268000,2,1,1,0
23720007314000,4,1,3,0
23720007323000,2,1,1,0
23730006788000,12,7,5,451.2
23730006790000,1,1,0,0
23730006791000,14,6,8,994
23730006809000,1,1,0,0
23730006810000,1,1,0,0
23730007124000,12,7,5,349.2
23730007125000,4,3,1,0
23730007126000,83,45,38,3784.8
23730007127000,114,61,53,3990
23730007128000,9,7,2,281.7
23730007129000,18,7,11,788.4
23730007171000,16,6,10,540.8
23730007176000,28,15,13,1271.2
23730007180000,1,0,1,0
23730007181000,1,0,1,0
23730007182000,18,9,9,606.6
23730007183000,3,1,2,0
23730007184000,9,3,6,288.9
23730007186000,1,0,1,0
23730007187000,6,2,4,214.8
23730007204000,14,7,7,624.4
23730007239000,4,2,2,0
23730007247000,7,4,3,315.7
23730007251000,12,6,6,606
23730007253000,10,5,5,351
23730007254000,27,16,11,915.3
23730007255000,25,17,8,927.5
23730007256000,2,1,1,0
23730007259000,2,1,1,0
23730007265000,39,22,17,1809.6
23730007266000,110,48,62,4081
23730007267000,30,15,15,945
23730007269000,22,14,8,910.8
23730007270000,6,3,3,334.8
23730007271000,25,16,9,1042.5
23730007272000,7,2,5,247.1
23730007304000,9,5,4,613.8
23730007305000,13,8,5,617.5
23730007318000,2,1,1,0
23730007323000,6,3,3,304.8
23730007324000,9,4,5,465.3
23730007381000,1,0,1,0
23740006790000,3,2,1,0
23740006809000,11,6,5,416.9
23740007077000,4,2,2,0
23740007124000,41,22,19,1394
23740007125000,5,3,2,164
23740007126000,55,29,26,2040.5
23740007127000,12,7,5,451.2
23740007130000,2,2,0,0
23740007158000,26,15,11,980.2
23740007159000,17,9,8,732.7
23740007180000,15,8,7,630
23740007182000,5,3,2,234
23740007183000,2,1,1,0
23740007189000,9,5,4,396.9
23740007239000,4,3,1,0
23740007252000,3,1,2,0
23740007253000,7,5,2,231.7
23740007254000,11,7,4,610.5
23740007255000,25,14,11,710
23740007256000,4,2,2,0
23740007259000,7,4,3,259.7
23740007260000,18,10,8,790.2
23740007264000,4,1,3,0
23740007265000,3,3,0,0
23740007269000,8,5,3,588
23740007272000,5,2,3,265
23740007276000,2,0,2,0
23740007305000,19,10,9,794.2
23740007306000,11,6,5,630.3
23740007317000,16,9,7,656
23740007318000,3,1,2,0
23740007319000,14,9,5,588
23740007321000,30,15,15,1332
23740007322000,59,30,29,2059.1
23740007323000,23,12,11,1023.5
23740007325000,86,42,44,4076.4
23740007326000,4,2,2,0
23740007490000,9,3,6,350.1
23740007491000,16,8,8,881.6
23750006806000,2,1,1,0
23750006807000,1,1,0,0
23750006808000,51,25,26,2728.5
23750006809000,7,5,2,261.1
23750007117000,3,1,2,0
23750007124000,8,5,3,250.4
23750007125000,9,5,4,254.7
23750007126000,15,5,10,654
23750007127000,19,9,10,870.2
23750007130000,5,3,2,280
23750007157000,8,4,4,320.8
23750007158000,48,23,25,2246.4
23750007159000,9,5,4,441.9
23750007189000,2,1,1,0
23750007190000,7,3,4,251.3
23750007219000,14,9,5,505.4
23750007220000,188,92,96,7820.8
23750007231000,1,1,0,0
23750007247000,3,2,1,0
23750007253000,6,4,2,217.8
23750007254000,11,6,5,411.4
23750007256000,3,2,1,0
23750007260000,6,4,2,295.2
23750007261000,9,5,4,405
23750007263000,6,3,3,372
23750007264000,30,17,13,1239
23750007265000,36,22,14,1108.8
23750007266000,23,8,15,874
23750007267000,7,4,3,403.9
23750007268000,6,3,3,256.2
23750007273000,20,10,10,622
23750007274000,20,10,10,634
23750007275000,21,11,10,1012.2
23750007309000,3,1,2,0
23750007317000,26,13,13,1541.8
23750007318000,42,24,18,1667.4
23750007320000,4,3,1,0
23750007321000,84,42,42,3519.6
23750007325000,41,20,21,2156.6
23750007326000,7,5,2,216.3
23750007490000,26,15,11,1086.8
23750007491000,49,28,21,2087.4
23760006807000,70,31,39,3556
23760006808000,17,10,7,1062.5
23760007117000,10,6,4,575
23760007125000,5,3,2,220
23760007126000,14,6,8,555.8
23760007127000,40,18,22,1624
23760007128000,13,8,5,634.4
23760007156000,12,6,6,507.6
23760007157000,11,7,4,479.6
23760007158000,3,2,1,0
23760007201000,3,2,1,0
23760007220000,272,130,142,13355.2
23760007221000,11,4,7,646.8
23760007224000,7,4,3,314.3
23760007236000,5,4,1,211
23760007247000,3,2,1,0
23760007248000,3,3,0,0
23760007253000,3,1,2,0
23760007254000,7,3,4,193.9
23760007260000,12,7,5,553.2
23760007261000,18,10,8,597.6
23760007262000,4,2,2,0
23760007263000,17,13,4,562.7
23760007264000,82,41,41,3025.8
23760007265000,29,17,12,988.9
23760007266000,26,12,14,1144
23760007267000,22,11,11,596.2
23760007268000,6,4,2,367.2
23760007273000,5,3,2,297
23760007275000,7,3,4,237.3
23760007285000,4,3,1,0
23760007309000,12,7,5,542.4
23760007317000,6,3,3,280.2
23760007318000,34,13,21,1349.8
23760007319000,168,91,77,5796
23760007320000,357,176,181,14280
23760007321000,156,84,72,6099.6
23760007322000,6,5,1,319.8
23760007325000,4,2,2,0
23760007326000,1,0,1,0
23760007491000,161,82,79,7583.1
23760007492000,45,19,26,1764
23770006806000,9,5,4,395.1
23770006807000,14,6,8,659.4
23770007117000,6,4,2,207
23770007125000,13,7,6,430.3
23770007126000,16,7,9,515.2
23770007128000,9,5,4,335.7
23770007130000,5,3,2,247
23770007157000,9,5,4,311.4
23770007160000,3,1,2,0
23770007194000,18,11,7,702
23770007195000,5,3,2,329
23770007199000,1,0,1,0
23770007220000,15,8,7,844.5
23770007221000,48,24,24,1972.8
23770007247000,6,3,3,346.2
23770007249000,2,1,1,0
23770007262000,28,17,11,1005.2
23770007263000,63,33,30,2041.2
23770007264000,8,5,3,399.2
23770007265000,57,27,30,2143.2
23770007266000,29,16,13,1276
23770007267000,2,1,1,0
23770007268000,2,1,1,0
23770007319000,11,6,5,247.5
23770007320000,125,64,61,5287.5
23770007321000,133,72,61,4827.9
23770007322000,71,38,33,3237.6
23770007325000,3,2,1,0
23770007326000,4,2,2,0
23770007337000,1,1,0,0
23770007387000,36,18,18,2001.6
23770007388000,19,12,7,1077.3
23770007491000,49,23,26,2474.5
23770007492000,141,66,75,6189.9
23770007493000,17,10,7,878.9
23780006784000,11,7,4,775.5
23780006805000,9,3,6,470.7
23780006806000,12,6,6,582
23780007117000,2,1,1,0
23780007125000,8,4,4,460
23780007126000,25,12,13,1320
23780007128000,6,3,3,273
23780007129000,18,8,10,815.4
23780007147000,2,1,1,0
23780007160000,15,9,6,591
23780007161000,23,12,11,874
23780007194000,9,2,7,349.2
23780007195000,13,6,7,379.6
23780007196000,35,18,17,1687
23780007197000,10,6,4,659
23780007221000,14,5,9,609
23780007224000,2,1,1,0
23780007263000,2,1,1,0
23780007264000,12,7,5,484.8
23780007268000,2,1,1,0
23780007278000,5,3,2,323
23780007281000,8,6,2,320.8
23780007282000,3,2,1,0
23780007287000,5,4,1,246
23780007313000,14,9,5,610.4
23780007314000,5,3,2,352
23780007321000,10,6,4,497
23780007322000,69,40,29,2918.7
23780007323000,17,10,7,824.5
23780007325000,1,1,0,0
23780007336000,2,1,1,0
23780007338000,6,4,2,396
23780007492000,1,1,0,0
23780007493000,2,2,0,0
23790006784000,6,2,4,240
23790006791000,9,5,4,333
23790007126000,7,4,3,412.3
23790007127000,3,1,2,0
23790007129000,30,18,12,1392
23790007130000,8,5,3,364.8
23790007148000,3,1,2,0
23790007161000,44,22,22,1980
23790007162000,80,39,41,3920
23790007197000,9,4,5,309.6
23790007198000,8,5,3,226.4
23790007224000,4,2,2,0
23790007241000,5,3,2,331
23790007258000,2,1,1,0
23790007266000,3,2,1,0
23790007281000,2,1,1,0
23790007282000,14,10,4,632.8
23790007283000,9,7,2,503.1
23790007287000,1,1,0,0
23790007288000,1,0,1,0
23790007313000,2,1,1,0
23790007314000,24,14,10,1135.2
23790007315000,25,12,13,1285
23790007321000,2,1,1,0
23790007322000,7,4,3,235.2
23790007323000,7,4,3,455.7
23790007338000,2,1,1,0
23790007341000,4,1,3,0
23800007127000,5,2,3,260
23800007130000,61,33,28,2452.2
23800007161000,1,1,0,0
23800007162000,52,27,25,2454.4
23800007198000,2,1,1,0
23800007217000,1,0,1,0
23800007218000,4,1,3,0
23800007219000,4,2,2,0
23800007241000,5,4,1,170
23800007249000,1,1,0,0
23800007259000,24,13,11,1320
23800007265000,4,2,2,0
23800007266000,1,0,1,0
23800007267000,1,0,1,0
23800007284000,6,3,3,195
23800007285000,11,5,6,375.1
23800007286000,9,5,4,263.7
23800007287000,6,3,3,409.8
23800007288000,1,1,0,0
23800007295000,2,1,1,0
23800007314000,6,3,3,331.2
23800007315000,1,0,1,0
23800007323000,20,14,6,1054
23800007325000,1,1,0,0
23800007331000,25,14,11,995
23800007332000,6,2,4,370.8
23800007340000,2,1,1,0
23800007341000,10,5,5,458
23800007342000,2,1,1,0
23810006795000,6,4,2,261
23810007127000,2,1,1,0
23810007128000,26,12,14,1196
23810007129000,8,3,5,415.2
23810007130000,4,3,1,0
23810007131000,8,5,3,356
23810007134000,2,2,0,0
23810007162000,6,4,2,145.2
23810007163000,9,3,6,455.4
23810007164000,4,3,1,0
23810007217000,11,5,6,532.4
23810007222000,5,4,1,69
23810007252000,2,1,1,0
23810007254000,4,2,2,0
23810007257000,2,1,1,0
23810007258000,10,5,5,501
23810007259000,12,6,6,828
23810007264000,5,4,1,263
23810007265000,9,4,5,347.4
23810007286000,11,6,5,630.3
23810007287000,65,35,30,2132
23810007288000,44,23,21,1364
23810007289000,4,3,1,0
23810007295000,1,1,0,0
23810007296000,12,7,5,562.8
23810007302000,9,5,4,636.3
23810007310000,5,2,3,185
23810007311000,14,7,7,621.6
23810007331000,5,2,3,155
23810007332000,3,2,1,0
23810007362000,39,19,20,1150.5
23810007363000,336,181,155,10382.4
23820006793000,15,9,6,811.5
23820006794000,2,1,1,0
23820007128000,17,8,9,795.6
23820007130000,8,6,2,495.2
23820007131000,6,3,3,256.8
23820007132000,7,2,5,279.3
23820007133000,1,1,0,0
23820007163000,34,17,17,1251.2
23820007216000,6,3,3,226.2
23820007217000,5,2,3,201
23820007223000,70,38,32,2457
23820007256000,4,2,2,0
23820007287000,11,6,5,491.7
23820007288000,96,50,46,4742.4
23820007289000,42,21,21,1503.6
23820007290000,1,1,0,0
23820007291000,7,4,3,277.9
23820007296000,9,4,5,421.2
23820007301000,6,1,5,211.8
23820007302000,185,97,88,9009.5
23820007311000,2,1,1,0
23820007312000,4,3,1,0
23820007313000,20,10,10,752
23820007329000,5,3,2,337
23820007339000,1,1,0,0
23820007362000,20,11,9,658
23820007363000,106,59,47,3964.4
23830006793000,3,1,2,0
23830007130000,10,5,5,349
23830007149000,7,3,4,315
23830007162000,6,4,2,112.2
23830007164000,29,15,14,1226.7
23830007165000,4,2,2,0
23830007214000,1,1,0,0
23830007216000,7,5,2,371
23830007217000,6,4,2,271.2
23830007223000,5,1,4,298
23830007224000,13,7,6,477.1
23830007248000,15,10,5,507
23830007255000,1,1,0,0
23830007258000,3,2,1,0
23830007289000,11,5,6,614.9
23830007290000,21,13,8,1047.9
23830007296000,8,4,4,320.8
23830007298000,6,4,2,219
23830007299000,7,4,3,277.9
23830007303000,7,4,3,350.7
23830007307000,7,2,5,375.2
23830007313000,195,96,99,7507.5
23830007314000,1,1,0,0
23830007326000,5,4,1,145
23840007162000,1,1,0,0
23840007167000,9,6,3,368.1
23840007168000,15,9,6,717
23840007214000,22,10,12,930.6
23840007215000,13,4,9,777.4
23840007217000,15,9,6,496.5
23840007224000,3,2,1,0
23840007248000,5,2,3,67
23840007249000,2,1,1,0
23840007250000,6,3,3,229.8
23840007253000,2,2,0,0
23840007255000,1,1,0,0
23840007258000,3,2,1,0
23840007290000,9,6,3,387
23840007291000,9,5,4,342.9
23840007296000,1,0,1,0
23840007297000,19,9,10,672.6
23840007298000,11,3,8,467.5
23840007307000,32,14,18,1356.8
23840007308000,4,2,2,0
23840007310000,2,1,1,0
23840007313000,3,2,1,0
23840007314000,32,20,12,1564.8
23840007315000,27,13,14,1285.2
23840007316000,48,25,23,2260.8
23840007326000,8,6,2,467.2
23840007330000,2,1,1,0
23840007331000,9,5,4,294.3
23840007332000,19,9,10,837.9
23850007149000,1,0,1,0
23850007167000,3,3,0,0
23850007168000,5,1,4,295
23850007169000,1,1,0,0
23850007170000,1,1,0,0
23850007251000,5,3,2,81
23850007254000,1,0,1,0
23850007255000,6,2,4,240
23850007256000,54,18,36,1803.6
23850007260000,2,1,1,0
23850007291000,4,3,1,0
23850007292000,9,4,5,377.1
23850007298000,3,2,1,0
23850007305000,1,1,0,0
23850007307000,7,6,1,293.3
23850007308000,8,4,4,375.2
23850007311000,8,5,3,423.2
23850007314000,28,13,15,926.8
23850007315000,7,3,4,279.3
23850007316000,2,1,1,0
23850007317000,7,3,4,286.3
23850007318000,8,4,4,335.2
23850007331000,2,2,0,0
23850007332000,6,3,3,217.2
23850007333000,15,6,9,610.5
23850007334000,25,13,12,1265
23860007101000,1,1,0,0
23860007149000,1,1,0,0
23860007254000,8,3,5,391.2
23860007255000,151,61,90,7897.3
23860007256000,134,65,69,4743.6
23860007257000,7,2,5,235.9
23860007259000,2,1,1,0
23860007260000,2,1,1,0
23860007292000,2,1,1,0
23860007298000,4,3,1,0
23860007299000,7,2,5,378.7
23860007306000,5,3,2,284
23860007308000,3,2,1,0
23860007309000,2,1,1,0
23860007311000,3,1,2,0
23860007315000,2,1,1,0
23860007316000,21,9,12,749.7
23860007317000,22,12,10,712.8
23860007318000,3,1,2,0
23860007319000,3,2,1,0
23860007320000,5,3,2,293
23860007327000,15,7,8,498
23860007331000,1,1,0,0
23860007333000,21,13,8,848.4
23860007334000,254,135,119,8991.6
23860007335000,7,3,4,261.1
23860007336000,1,0,1,0
23860007343000,2,2,0,0
23870007172000,2,1,1,0
23870007255000,2,1,1,0
23870007258000,3,1,2,0
23870007259000,14,9,5,690.2
23870007267000,1,1,0,0
23870007294000,1,1,0,0
23870007299000,10,4,6,595
23870007300000,3,1,2,0
23870007301000,1,0,1,0
23870007310000,3,2,1,0
23870007311000,12,9,3,524.4
23870007317000,5,3,2,216
23870007318000,27,16,11,1169.1
23870007319000,29,14,15,1160
23870007320000,11,6,5,565.4
23870007321000,3,2,1,0
23870007327000,2,1,1,0
23870007328000,7,4,3,497.7
23870007333000,19,10,9,965.2
23870007334000,29,15,14,913.5
23870007335000,4,2,2,0
23870007336000,1,0,1,0
23870007337000,11,7,4,632.5
23870007342000,10,6,4,420
23880007173000,8,4,4,320
23880007239000,2,2,0,0
23880007245000,1,1,0,0
23880007254000,24,12,12,676.8
23880007259000,31,14,17,1432.2
23880007269000,1,1,0,0
23880007294000,4,2,2,0
23880007295000,13,6,7,595.4
23880007311000,7,4,3,231.7
23880007319000,6,2,4,141
23880007320000,28,14,14,893.2
23880007321000,266,136,130,8432.2
23880007322000,197,94,103,7249.6
23880007328000,1,0,1,0
23880007333000,3,0,3,0
23880007337000,10,5,5,560
23880007341000,3,1,2,0
23880007344000,1,1,0,0
23880007406000,5,3,2,344
23890007173000,2,1,1,0
23890007245000,2,2,0,0
23890007253000,2,1,1,0
23890007254000,10,7,3,424
23890007256000,3,2,1,0
23890007257000,6,3,3,273
23890007288000,5,3,2,337
23890007291000,28,16,12,1349.6
23890007294000,2,1,1,0
23890007295000,1,0,1,0
23890007296000,2,1,1,0
23890007319000,19,10,9,904.4
23890007320000,11,4,7,682
23890007321000,47,23,24,1598
23890007322000,773,397,376,29683.2
23890007323000,19,7,12,798
23890007329000,5,2,3,340
23890007333000,3,2,1,0
23890007334000,1,1,0,0
23890007336000,16,7,9,673.6
23890007337000,21,12,9,1188.6
23890007340000,32,13,19,1644.8
23890007341000,52,28,24,2594.8
23890007342000,4,2,2,0
23890007344000,2,2,0,0
23890007407000,6,3,3,376.2
23900007184000,6,3,3,256.2
23900007185000,3,2,1,0
23900007241000,2,1,1,0
23900007243000,10,4,6,447
23900007244000,2,1,1,0
23900007245000,18,8,10,525.6
23900007246000,25,14,11,1110
23900007250000,2,1,1,0
23900007291000,7,2,5,380.8
23900007319000,6,3,3,297
23900007320000,22,13,9,891
23900007321000,38,16,22,1364.2
23900007322000,280,127,153,12012
23900007323000,897,446,451,39109.2
23900007329000,6,4,2,304.8
23900007330000,5,2,3,238
23900007331000,126,69,57,4561.2
23900007332000,5,3,2,113
23900007333000,1,0,1,0
23900007334000,1,1,0,0
23900007338000,8,5,3,488.8
23900007340000,15,7,8,823.5
23900007341000,89,44,45,3239.6
23900007345000,26,14,12,1188.2
23900007346000,3,2,1,0
23900007361000,2,1,1,0
23910007175000,9,3,6,462.6
23910007176000,5,3,2,258
23910007240000,5,2,3,319
23910007241000,4,2,2,0
23910007246000,21,8,13,594.3
23910007247000,7,3,4,195.3
23910007248000,5,4,1,311
23910007249000,8,3,5,314.4
23910007251000,8,5,3,334.4
23910007252000,2,2,0,0
23910007306000,5,3,2,374
23910007319000,6,1,5,117
23910007320000,1,1,0,0
23910007321000,21,10,11,819
23910007322000,145,74,71,5684
23910007323000,1035,488,547,43159.5
23910007324000,211,103,108,8840.9
23910007331000,1,1,0,0
23910007332000,15,8,7,850.5
23910007334000,6,3,3,199.2
23910007336000,4,2,2,0
23910007338000,2,1,1,0
23910007343000,1,1,0,0
23910007344000,25,16,9,882.5
23910007345000,19,10,9,1022.2
23910007346000,23,11,12,1170.7
23910007361000,2,1,1,0
23910007362000,85,39,46,4182
23920007176000,1,1,0,0
23920007238000,1,1,0,0
23920007239000,1,1,0,0
23920007243000,5,3,2,328
23920007246000,2,0,2,0
23920007248000,3,0,3,0
23920007249000,10,6,4,346
23920007252000,2,1,1,0
23920007320000,2,1,1,0
23920007321000,9,5,4,309.6
23920007322000,151,90,61,5843.7
23920007323000,959,481,478,36729.7
23920007324000,756,375,381,34246.8
23920007332000,6,3,3,286.8
23920007335000,5,3,2,344
23920007336000,11,5,6,552.2
23920007337000,1,1,0,0
23920007339000,71,28,43,3684.9
23920007340000,6,3,3,373.2
23920007341000,15,6,9,427.5
23920007342000,2,1,1,0
23920007343000,29,14,15,1226.7
23920007344000,10,6,4,307
23920007345000,20,10,10,1120
23920007346000,2,1,1,0
23920007362000,129,62,67,6385.5
23920007363000,32,20,12,1296
23930007176000,16,9,7,870.4
23930007239000,2,1,1,0
23930007248000,2,1,1,0
23930007302000,1,1,0,0
23930007303000,1,1,0,0
23930007323000,332,180,152,12317.2
23930007324000,95,51,44,3325
23930007342000,1,1,0,0
23930007343000,3,1,2,0
23930007362000,41,17,24,2132
23930007363000,3,2,1,0
23940007178000,17,9,8,661.3
23940007179000,5,2,3,197
23940007239000,4,2,2,0
23940007304000,1,1,0,0
23940007324000,10,6,4,495
23940007325000,3,2,1,0
23940007326000,4,3,1,0
23940007328000,8,3,5,203.2
23940007329000,1,0,1,0
23940007360000,1,1,0,0
23940007362000,1,1,0,0
23940007363000,4,2,2,0
23940007385000,9,6,3,300.6
23940007386000,11,6,5,435.6
23950007175000,3,2,1,0
23950007179000,5,2,3,260
23950007180000,2,1,1,0
23950007314000,4,3,1,0
23950007326000,123,59,64,4034.4
23950007327000,14,5,9,687.4
23950007328000,68,34,34,3236.8
23950007329000,16,8,8,484.8
23950007383000,2,1,1,0
23950007385000,19,12,7,898.7
23950007387000,45,25,20,1512
23950007388000,13,7,6,592.8
23960007174000,8,2,6,480
23960007180000,8,4,4,330.4
23960007238000,7,4,3,475.3
23960007280000,7,6,1,175
23960007282000,5,2,3,208
23960007314000,6,4,2,274.8
23960007326000,29,20,9,855.5
23960007327000,61,33,28,2696.2
23960007328000,20,12,8,580
23960007329000,2,1,1,0
23960007330000,5,2,3,279
23960007331000,2,2,0,0
23960007337000,7,3,4,217.7
23960007338000,4,2,2,0
23960007339000,6,3,3,360
23960007341000,5,4,1,173
23960007385000,1,1,0,0
23960007387000,14,7,7,617.4
23960007388000,2,1,1,0
23970007181000,61,36,25,2995.1
23970007182000,44,23,21,1993.2
23970007310000,4,2,2,0
23970007312000,2,1,1,0
23970007327000,11,5,6,342.1
23970007328000,15,9,6,624
23970007329000,6,2,4,229.2
23970007331000,3,2,1,0
23970007337000,4,2,2,0
23970007338000,35,20,15,1414
23970007340000,4,2,2,0
23970007341000,23,15,8,1097.1
23970007342000,1,1,0,0
23970007349000,2,1,1,0
23970007350000,4,2,2,0
23970007351000,2,1,1,0
23970007385000,3,1,2,0
23970007386000,4,3,1,0
23980007182000,8,3,5,451.2
23980007184000,5,3,2,285
23980007318000,1,0,1,0
23980007327000,29,14,15,1125.2
23980007328000,67,36,31,2860.9
23980007338000,2,1,1,0
23980007349000,2,1,1,0
23990007185000,6,4,2,180
23990007195000,12,6,6,432
23990007310000,6,3,3,235.2
23990007319000,21,12,9,1155
23990007327000,18,10,8,860.4
23990007328000,17,8,9,639.2
23990007329000,4,2,2,0
23990007333000,9,4,5,423
23990007339000,15,6,9,607.5
23990007346000,57,30,27,2103.3
23990007348000,1,1,0,0
23990007349000,4,1,3,0
24000007310000,3,2,1,0
24000007317000,2,1,1,0
24000007319000,8,4,4,460
24000007328000,14,5,9,397.6
24000007329000,21,12,9,1117.2
24000007338000,3,2,1,0
24000007339000,18,9,9,910.8
24000007346000,5,4,1,182
24000007508000,4,2,2,0
24010007187000,3,2,1,0
24010007327000,11,5,6,616
24010007328000,2,1,1,0
24010007329000,9,4,5,385.2
24010007334000,4,3,1,0
24010007335000,3,2,1,0
24010007345000,2,1,1,0
24010007346000,7,3,4,340.9
24010007354000,2,0,2,0
24010007506000,34,18,16,1598
24010007507000,104,47,57,4253.6
24010007508000,28,18,10,1341.2
24020007172000,2,1,1,0
24020007173000,5,3,2,143
24020007245000,2,1,1,0
24020007246000,3,2,1,0
24020007317000,2,1,1,0
24020007318000,4,2,2,0
24020007320000,20,12,8,938
24020007327000,8,5,3,416
24020007329000,44,22,22,1760
24020007335000,9,5,4,682.2
24020007346000,4,1,3,0
24020007354000,1,1,0,0
24020007364000,4,2,2,0
24020007365000,11,6,5,333.3
24020007505000,17,9,8,555.9
24020007506000,138,71,67,6099.6
24020007507000,242,122,120,10333.4
24020007508000,1,1,0,0
24020007510000,27,13,14,1244.7
24030007172000,1,1,0,0
24030007328000,9,4,5,181.8
24030007329000,41,24,17,1398.1
24030007340000,4,3,1,0
24030007348000,6,2,4,420
24030007365000,110,54,56,5302
24030007367000,7,5,2,221.2
24030007368000,46,20,26,1904.4
24030007370000,3,2,1,0
24030007371000,2,1,1,0
24030007379000,2,1,1,0
24030007380000,3,1,2,0
24030007382000,1,1,0,0
24030007383000,1,1,0,0
24030007506000,139,74,65,5504.4
24030007510000,7,5,2,483.7
24040007245000,1,1,0,0
24040007246000,8,5,3,468
24040007311000,5,2,3,201
24040007321000,2,2,0,0
24040007322000,1,1,0,0
24040007323000,17,10,7,850
24040007328000,4,2,2,0
24040007329000,40,22,18,1724
24040007330000,2,1,1,0
24040007341000,6,4,2,262.8
24040007348000,2,1,1,0
24040007349000,2,1,1,0
24040007350000,1,1,0,0
24040007351000,1,0,1,0
24040007365000,51,26,25,2289.9
24040007366000,103,52,51,4841
24040007367000,22,14,8,1060.4
24040007368000,6,2,4,225
24040007379000,2,2,0,0
24040007382000,12,7,5,468
24040007383000,4,3,1,0
24050007192000,105,49,56,4399.5
24050007246000,7,3,4,382.9
24050007311000,4,2,2,0
24050007312000,1,1,0,0
24050007322000,6,3,3,235.8
24050007323000,28,12,16,1358
24050007327000,7,3,4,273
24050007328000,13,7,6,556.4
24050007329000,19,9,10,856.9
24050007330000,19,9,10,625.1
24050007365000,2,0,2,0
24050007366000,29,15,14,1360.1
24050007382000,1,0,1,0
24050007383000,4,2,2,0
24060007110000,2,2,0,0
24060007192000,13,8,5,565.5
24060007193000,16,8,8,574.4
24060007313000,3,1,2,0
24060007317000,1,1,0,0
24060007322000,2,1,1,0
24060007323000,1,1,0,0
24060007324000,5,1,4,250
24060007328000,348,172,176,13606.8
24060007329000,166,90,76,5826.6
24060007330000,20,7,13,514
24060007340000,4,2,2,0
24060007346000,4,2,2,0
24060007347000,2,1,1,0
24070007192000,5,3,2,137
24070007322000,11,6,5,567.6
24070007323000,16,6,10,556.8
24070007324000,26,14,12,928.2
24070007325000,37,20,17,1335.7
24070007326000,1,1,0,0
24070007328000,234,115,119,8962.2
24070007329000,5,2,3,203
24070007341000,23,13,10,1156.9
24070007342000,26,12,14,1222
24070007343000,2,1,1,0
24070007347000,9,5,4,307.8
24080007190000,5,2,3,159
24080007192000,11,5,6,311.3
24080007193000,1,0,1,0
24080007196000,6,4,2,280.8
24080007199000,11,4,7,386.1
24080007200000,7,3,4,263.9
24080007323000,4,3,1,0
24080007324000,4,1,3,0
24080007325000,9,5,4,356.4
24080007326000,13,10,3,400.4
24080007328000,12,9,3,345.6
24080007329000,18,12,6,608.4
24080007342000,3,2,1,0
24080007343000,2,1,1,0
24080007344000,7,4,3,298.9
24080007349000,4,1,3,0
24080007366000,1,1,0,0
24080007372000,1,1,0,0
24080007375000,5,3,2,90
24080007386000,3,2,1,0
24080007387000,2,1,1,0
24090007169000,3,2,1,0
24090007170000,14,8,6,705.6
24090007199000,9,4,5,430.2
24090007200000,6,4,2,247.2
24090007326000,24,12,12,988.8
24090007327000,17,9,8,884
24090007329000,25,14,11,1060
24090007338000,6,3,3,256.2
24090007347000,6,5,1,225
24090007351000,2,1,1,0
24090007375000,38,20,18,1637.8
24090007376000,25,12,13,730
24100007169000,5,3,2,329
24100007170000,2,1,1,0
24100007194000,6,4,2,207
24100007195000,5,3,2,95
24100007327000,4,2,2,0
24100007329000,23,13,10,1131.6
24100007330000,14,8,6,550.2
24100007342000,90,45,45,3141
24100007343000,562,278,284,23323
24100007347000,6,5,1,199.2
24100007351000,5,3,2,284
24100007358000,22,10,12,899.8
24100007359000,1,0,1,0
24100007385000,6,4,2,304.8
24110007195000,2,1,1,0
24110007196000,9,5,4,424.8
24110007315000,1,1,0,0
24110007328000,1,0,1,0
24110007329000,18,8,10,806.4
24110007330000,31,13,18,1271
24110007331000,4,3,1,0
24110007341000,8,3,5,464
24110007342000,192,106,86,7104
24110007343000,507,255,252,19316.7
24110007348000,5,2,3,326
24110007358000,25,12,13,1235
24110007359000,4,1,3,0
24110007378000,56,28,28,2878.4
24110007379000,4,3,1,0
24110007380000,4,2,2,0
24110007384000,16,8,8,795.2
24110007385000,8,4,4,288
24110007388000,2,2,0,0
24110007389000,26,13,13,1105
24110007390000,21,8,13,808.5
24120007171000,5,3,2,172
24120007197000,6,3,3,330
24120007198000,10,7,3,424
24120007200000,5,3,2,145
24120007201000,151,70,81,7399
24120007202000,33,18,15,1435.5
24120007313000,6,2,4,255
24120007329000,3,1,2,0
24120007330000,21,10,11,659.4
24120007332000,11,6,5,452.1
24120007333000,4,2,2,0
24120007338000,9,5,4,342
24120007341000,4,2,2,0
24120007343000,6,4,2,163.8
24120007344000,2,2,0,0
24120007345000,8,4,4,436
24120007348000,6,4,2,319.2
24120007362000,2,1,1,0
24120007368000,3,2,1,0
24120007376000,2,1,1,0
24120007377000,16,9,7,865.6
24120007378000,25,13,12,1050
24120007388000,2,1,1,0
24120007389000,10,6,4,377
24120007390000,15,8,7,529.5
24120007391000,3,1,2,0
24130007171000,19,9,10,967.1
24130007172000,2,1,1,0
24130007197000,8,4,4,302.4
24130007198000,4,2,2,0
24130007199000,22,13,9,1012
24130007200000,8,4,4,346.4
24130007201000,53,28,25,2162.4
24130007202000,18,11,7,844.2
24130007203000,1,1,0,0
24130007308000,3,3,0,0
24130007313000,2,1,1,0
24130007314000,1,1,0,0
24130007330000,1,0,1,0
24130007332000,1,1,0,0
24130007333000,23,11,12,984.4
24130007338000,22,13,9,778.8
24130007341000,12,5,7,559.2
24130007345000,6,5,1,259.8
24130007349000,9,3,6,540.9
24130007362000,2,1,1,0
24130007369000,1,1,0,0
24130007376000,6,4,2,316.8
24130007392000,1,0,1,0
24140007201000,4,1,3,0
24140007202000,19,8,11,657.4
24140007203000,5,3,2,228
24140007204000,9,5,4,588.6
24140007279000,1,1,0,0
24140007314000,7,3,4,217.7
24140007315000,23,9,14,809.6
24140007331000,9,6,3,498.6
24140007333000,10,5,5,296
24140007338000,34,17,17,1635.4
24140007339000,5,3,2,303
24140007342000,26,14,12,1175.2
24140007345000,4,3,1,0
24140007346000,10,7,3,406
24140007347000,4,2,2,0
24140007349000,3,2,1,0
24140007350000,9,4,5,577.8
24140007356000,6,3,3,361.2
24140007363000,25,11,14,1045
24140007376000,23,12,11,1058
24140007377000,3,1,2,0
24140007381000,1,1,0,0
24140007394000,41,16,25,1611.3
24140007395000,43,20,23,2150
24140007530000,4,2,2,0
24140007531000,4,4,0,0
24150007206000,6,4,2,252
24150007279000,8,5,3,395.2
24150007284000,3,1,2,0
24150007286000,2,1,1,0
24150007311000,18,9,9,903.6
24150007312000,41,20,21,1943.4
24150007313000,23,14,9,1021.2
24150007314000,20,8,12,1224
24150007315000,82,43,39,3788.4
24150007316000,5,2,3,227
24150007339000,8,3,5,359.2
24150007347000,6,5,1,333
24150007348000,1,1,0,0
24150007349000,10,5,5,427
24150007351000,2,1,1,0
24150007357000,5,2,3,184
24150007363000,2,1,1,0
24150007364000,22,8,14,1045
24150007365000,15,8,7,619.5
24150007371000,2,0,2,0
24150007374000,1,1,0,0
24150007375000,4,2,2,0
24150007376000,48,25,23,2184
24150007377000,58,27,31,2929
24150007379000,1,0,1,0
24150007394000,19,8,11,771.4
24150007395000,50,21,29,1695
24150007530000,79,45,34,3294.3
24150007531000,39,21,18,2098.2
24150007540000,2,1,1,0
24160007179000,2,2,0,0
24160007297000,10,6,4,378
24160007298000,1,1,0,0
24160007306000,22,13,9,767.8
24160007307000,41,21,20,1336.6
24160007310000,105,59,46,4525.5
24160007311000,42,21,21,1713.6
24160007315000,25,14,11,965
24160007316000,38,20,18,1812.6
24160007317000,4,3,1,0
24160007348000,23,11,12,876.3
24160007358000,4,2,2,0
24160007364000,49,27,22,2866.5
24160007365000,13,10,3,699.4
24160007376000,25,14,11,1080
24160007531000,126,65,61,5657.4
24160007532000,9,7,2,492.3
24160007539000,1,1,0,0
24170007209000,4,3,1,0
24170007210000,10,6,4,301
24170007211000,9,4,5,511.2
24170007288000,2,1,1,0
24170007298000,20,11,9,838
24170007299000,9,5,4,290.7
24170007300000,28,17,11,1528.8
24170007301000,52,30,22,1617.2
24170007302000,1069,523,546,53770.7
24170007303000,1053,549,504,48227.4
24170007304000,606,321,285,23573.4
24170007305000,616,328,288,26303.2
24170007306000,1448,743,705,53720.8
24170007307000,274,136,138,8548.8
24170007308000,35,15,20,1477
24170007309000,3,2,1,0
24170007310000,27,17,10,907.2
24170007311000,3,1,2,0
24170007316000,33,15,18,1501.5
24170007317000,19,11,8,940.5
24170007318000,5,3,2,188
24170007340000,9,5,4,416.7
24170007349000,21,8,13,823.2
24170007350000,7,4,3,275.8
24170007358000,15,10,5,469.5
24170007359000,1,1,0,0
24170007365000,28,16,12,1456
24170007366000,18,12,6,1056.6
24170007368000,8,4,4,234.4
24170007369000,4,2,2,0
24170007370000,4,1,3,0
24170007372000,1,1,0,0
24170007373000,4,3,1,0
24170007531000,50,26,24,2275
24170007532000,217,115,102,10133.9
24170007533000,32,18,14,1692.8
24170007543000,1,1,0,0
24180007151000,4,2,2,0
24180007213000,13,7,6,499.2
24180007288000,2,1,1,0
24180007289000,2,2,0,0
24180007290000,13,6,7,611
24180007291000,25,14,11,802.5
24180007292000,45,21,24,1921.5
24180007293000,2,1,1,0
24180007294000,3,1,2,0
24180007295000,26,11,15,1209
24180007296000,32,17,15,1372.8
24180007297000,9,6,3,486.9
24180007298000,11,5,6,522.5
24180007299000,10,5,5,547
24180007300000,243,133,110,9598.5
24180007301000,1428,718,710,61118.4
24180007302000,837,407,430,41096.7
24180007303000,728,360,368,31376.8
24180007304000,197,96,101,8214.9
24180007305000,201,100,101,8683.2
24180007306000,141,71,70,5527.2
24180007307000,11,5,6,588.5
24180007315000,32,17,15,1148.8
24180007316000,18,10,8,932.4
24180007317000,29,13,16,1067.2
24180007318000,164,85,79,5690.8
24180007340000,1,0,1,0
24180007349000,8,3,5,451.2
24180007350000,6,5,1,274.8
24180007351000,18,11,7,525.6
24180007364000,5,4,1,231
24180007366000,1,1,0,0
24180007372000,4,2,2,0
24180007373000,32,17,15,1481.6
24180007532000,1,0,1,0
24180007533000,25,15,10,1107.5
24180007539000,1,1,0,0
24180007540000,2,1,1,0
24190007151000,6,4,2,156
24190007213000,1,1,0,0
24190007214000,3,2,1,0
24190007285000,9,7,2,501.3
24190007286000,5,2,3,345
24190007288000,1,1,0,0
24190007293000,12,8,4,337.2
24190007294000,35,16,19,1484
24190007295000,14,7,7,555.8
24190007296000,30,16,14,732
24190007298000,2,2,0,0
24190007299000,4,2,2,0
24190007301000,770,368,402,32186
24190007302000,293,152,141,8936.5
24190007305000,14,6,8,442.4
24190007306000,6,4,2,391.8
24190007307000,18,10,8,489.6
24190007308000,37,22,15,1121.1
24190007315000,1,1,0,0
24190007317000,54,31,23,1485
24190007318000,15,8,7,547.5
24190007319000,9,5,4,336.6
24190007320000,2,1,1,0
24190007351000,7,4,3,434
24190007384000,9,3,6,252
24190007535000,2,2,0,0
24190007536000,190,97,93,9139
24190007537000,121,70,51,5384.5
24190007548000,1,1,0,0
24200007154000,3,2,1,0
24200007215000,1,1,0,0
24200007216000,5,2,3,318
24200007218000,11,4,7,562.1
24200007279000,2,2,0,0
24200007280000,2,2,0,0
24200007282000,1,0,1,0
24200007284000,11,7,4,614.9
24200007285000,5,3,2,270
24200007287000,3,1,2,0
24200007288000,6,3,3,160.2
24200007293000,7,4,3,259.7
24200007296000,2,1,1,0
24200007297000,13,6,7,603.2
24200007298000,9,4,5,509.4
24200007299000,16,5,11,518.4
24200007300000,14,8,6,450.8
24200007301000,73,39,34,2817.8
24200007302000,2,1,1,0
24200007303000,11,5,6,541.2
24200007304000,10,5,5,368
24200007305000,37,19,18,1380.1
24200007308000,20,15,5,636
24200007309000,17,12,5,887.4
24200007311000,7,5,2,193.9
24200007312000,2,1,1,0
24200007318000,34,20,14,972.4
24200007319000,8,5,3,156.8
24200007320000,21,12,9,953.4
24200007341000,8,5,3,395.2
24200007351000,2,1,1,0
24200007370000,2,1,1,0
24200007371000,3,1,2,0
24200007372000,20,11,9,1174
24200007375000,17,10,7,676.6
24200007376000,41,19,22,1447.3
24200007377000,25,11,14,1085
24200007378000,4,1,3,0
24200007393000,4,1,3,0
24200007536000,32,17,15,1177.6
24200007537000,82,39,43,3411.2
24210007153000,18,9,9,779.4
24210007178000,5,4,1,327
24210007181000,4,3,1,0
24210007218000,6,2,4,340.2
24210007219000,7,4,3,494.2
24210007221000,4,3,1,0
24210007278000,8,4,4,404.8
24210007279000,7,5,2,217
24210007288000,2,1,1,0
24210007289000,4,2,2,0
24210007290000,19,10,9,581.4
24210007293000,7,4,3,252
24210007294000,15,8,7,525
24210007296000,3,3,0,0
24210007300000,5,2,3,197
24210007301000,84,44,40,3217.2
24210007302000,22,12,10,1069.2
24210007303000,32,18,14,1372.8
24210007304000,56,29,27,2486.4
24210007305000,7,5,2,366.1
24210007309000,54,29,25,2392.2
24210007311000,51,27,24,1581
24210007312000,14,8,6,708.4
24210007319000,4,3,1,0
24210007321000,6,5,1,225
24210007322000,11,5,6,286
24210007372000,9,5,4,469.8
24210007375000,4,1,3,0
24210007387000,2,2,0,0
24210007389000,5,3,2,188
24210007392000,2,1,1,0
24210007396000,11,6,5,658.9
24210007410000,28,14,14,1416.8
24210007537000,8,4,4,372.8
24210007538000,28,13,15,1324.4
24210007549000,1,1,0,0
24220007153000,4,2,2,0
24220007224000,1,0,1,0
24220007225000,1,1,0,0
24220007248000,2,1,1,0
24220007276000,1,0,1,0
24220007277000,5,3,2,322
24220007278000,1,1,0,0
24220007300000,21,15,6,844.2
24220007301000,29,17,12,1302.1
24220007302000,23,16,7,690
24220007303000,19,9,10,716.3
24220007304000,34,20,14,1224
24220007309000,15,8,7,511.5
24220007310000,57,33,24,2508
24220007311000,37,19,18,1583.6
24220007312000,32,15,17,1040
24220007319000,2,1,1,0
24220007320000,2,1,1,0
24220007321000,2,1,1,0
24220007322000,2,1,1,0
24220007323000,8,3,5,419.2
24220007387000,2,1,1,0
24220007390000,3,2,1,0
24220007395000,27,14,13,1152.9
24220007410000,75,38,37,3435
24220007549000,7,4,3,417.2
24220007550000,3,1,2,0
24220007551000,1,1,0,0
24220007552000,7,4,3,357
24220007553000,11,5,6,312.4
24220007554000,27,12,15,1158.3
24220007555000,1,1,0,0
24230007151000,2,1,1,0
24230007152000,7,4,3,399.7
24230007153000,5,4,1,314
24230007186000,12,5,7,505.2
24230007226000,2,1,1,0
24230007227000,15,8,7,757.5
24230007228000,19,9,10,1005.1
24230007229000,8,3,5,496
24230007234000,1,0,1,0
24230007251000,2,1,1,0
24230007275000,9,4,5,369.9
24230007276000,2,2,0,0
24230007297000,5,3,2,160
24230007298000,10,7,3,277
24230007299000,3,2,1,0
24230007300000,14,6,8,501.2
24230007309000,6,4,2,246
24230007310000,40,20,20,1616
24230007312000,11,8,3,484
24230007319000,10,8,2,236
24230007320000,2,1,1,0
24230007321000,3,1,2,0
24230007322000,9,5,4,417.6
24230007323000,10,5,5,376
24230007324000,10,5,5,313
24230007325000,6,4,2,220.2
24230007341000,3,2,1,0
24230007374000,5,3,2,272
24230007375000,5,3,2,201
24230007389000,7,5,2,186.9
24230007390000,11,5,6,213.4
24230007391000,1,1,0,0
24230007392000,4,1,3,0
24230007399000,5,2,3,149
24230007400000,2,1,1,0
24230007401000,21,9,12,716.1
24230007402000,6,4,2,171
24230007404000,18,11,7,556.2
24230007405000,8,4,4,207.2
24230007543000,6,4,2,312
24230007544000,16,8,8,905.6
24230007545000,12,5,7,776.4
24230007546000,28,14,14,1388.8
24230007548000,6,2,4,172.2
24230007550000,2,0,2,0
24230007552000,29,15,14,1334
24230007553000,91,39,52,4167.8
24230007554000,22,12,10,882.2
24240007152000,10,5,5,470
24240007183000,4,2,2,0
24240007193000,15,9,6,621
24240007224000,2,2,0,0
24240007252000,1,0,1,0
24240007255000,4,2,2,0
24240007299000,4,2,2,0
24240007300000,6,2,4,289.8
24240007301000,18,10,8,889.2
24240007310000,9,5,4,403.2
24240007312000,2,1,1,0
24240007319000,1,0,1,0
24240007324000,10,4,6,320
24240007325000,13,4,9,384.8
24240007375000,2,1,1,0
24240007376000,5,3,2,255
24240007377000,4,2,2,0
24240007389000,37,21,16,1357.9
24240007390000,97,50,47,3530.8
24240007392000,10,5,5,410
24240007398000,4,2,2,0
24240007399000,27,14,13,1144.8
24240007400000,35,16,19,1393
24240007401000,4,1,3,0
24240007404000,1,1,0,0
24240007544000,13,9,4,525.2
24240007545000,7,4,3,275.1
24240007546000,34,19,15,1258
24240007553000,4,1,3,0
24240007555000,1,1,0,0
24250007146000,6,2,4,219
24250007149000,6,3,3,226.8
24250007152000,11,6,5,464.2
24250007172000,2,1,1,0
24250007183000,16,5,11,644.8
24250007193000,3,1,2,0
24250007229000,2,1,1,0
24250007255000,5,3,2,171
24250007256000,4,2,2,0
24250007257000,14,8,6,722.4
24250007258000,42,24,18,2238.6
24250007259000,7,2,5,221.2
24250007260000,14,6,8,687.4
24250007261000,15,9,6,648
24250007264000,1,1,0,0
24250007265000,3,1,2,0
24250007266000,1,1,0,0
24250007267000,21,10,11,1201.2
24250007268000,21,10,11,1318.8
24250007269000,336,173,163,14918.4
24250007270000,28,15,13,1436.4
24250007271000,19,12,7,630.8
24250007274000,15,6,9,793.5
24250007275000,29,16,13,1377.5
24250007276000,1,0,1,0
24250007300000,11,6,5,448.8
24250007301000,14,8,6,565.6
24250007303000,30,13,17,921
24250007309000,6,1,5,190.2
24250007310000,3,1,2,0
24250007312000,5,3,2,294
24250007319000,9,5,4,422.1
24250007325000,12,7,5,409.2
24250007326000,17,10,7,634.1
24250007343000,11,7,4,388.3
24250007390000,4,2,2,0
24250007391000,3,1,2,0
24250007392000,1,0,1,0
24250007398000,21,11,10,871.5
24250007399000,11,7,4,315.7
24250007402000,3,2,1,0
24250007404000,2,1,1,0
24250007405000,1,0,1,0
24250007544000,52,27,25,2303.6
24250007545000,11,5,6,443.3
24260007146000,5,2,3,116
24260007148000,3,2,1,0
24260007149000,5,2,3,177
24260007152000,4,1,3,0
24260007229000,2,1,1,0
24260007236000,1,1,0,0
24260007237000,4,1,3,0
24260007258000,10,6,4,304
24260007260000,11,5,6,654.5
24260007268000,300,159,141,12750
24260007269000,157,90,67,6170.1
24260007270000,4,2,2,0
24260007271000,7,2,5,268.1
24260007272000,12,8,4,553.2
24260007273000,9,6,3,386.1
24260007274000,29,13,16,1452.9
24260007275000,1,0,1,0
24260007276000,1,1,0,0
24260007303000,9,4,5,371.7
24260007308000,3,1,2,0
24260007309000,34,15,19,1564
24260007312000,2,1,1,0
24260007320000,7,3,4,273
24260007327000,7,2,5,231
24260007328000,1,1,0,0
24260007343000,10,6,4,458
24260007344000,45,23,22,1872
24260007345000,3,2,1,0
24260007357000,4,2,2,0
24260007358000,5,3,2,373
24260007391000,14,4,10,599.2
24260007398000,7,4,3,210
24260007399000,8,5,3,220
24260007404000,9,3,6,308.7
24260007412000,2,2,0,0
24260007549000,9,5,4,498.6
24260007550000,45,22,23,1953
24260007551000,9,5,4,314.1
24260007553000,83,38,45,3560.7
24260007554000,112,49,63,4849.6
24260007555000,55,29,26,2469.5
24270007147000,9,5,4,475.2
24270007152000,14,6,8,669.2
24270007172000,6,4,2,190.2
24270007179000,4,2,2,0
24270007239000,1,1,0,0
24270007268000,35,18,17,857.5
24270007277000,4,2,2,0
24270007278000,3,2,1,0
24270007303000,1,0,1,0
24270007309000,37,19,18,1287.6
24270007312000,22,11,11,1089
24270007313000,1,1,0,0
24270007314000,49,31,18,2092.3
24270007315000,13,5,8,639.6
24270007328000,6,3,3,409.2
24270007343000,7,4,3,466.9
24270007344000,15,8,7,571.5
24270007345000,8,5,3,442.4
24270007358000,1,1,0,0
24270007391000,2,1,1,0
24270007392000,4,3,1,0
24270007399000,1,1,0,0
24270007404000,8,4,4,380
24270007407000,1,1,0,0
24270007408000,28,18,10,842.8
24270007412000,23,14,9,1501.9
24270007548000,17,9,8,865.3
24270007549000,25,17,8,1115
24270007554000,11,5,6,541.2
24270007555000,21,8,13,1222.2
24280007147000,4,1,3,0
24280007150000,5,1,4,140
24280007158000,2,1,1,0
24280007172000,3,1,2,0
24280007258000,3,1,2,0
24280007259000,4,2,2,0
24280007260000,4,2,2,0
24280007268000,4,2,2,0
24280007279000,4,2,2,0
24280007307000,14,6,8,371
24280007308000,56,27,29,2133.6
24280007309000,5,2,3,216
24280007310000,10,5,5,542
24280007311000,7,4,3,212.1
24280007316000,5,1,4,112
24280007317000,9,5,4,318.6
24280007321000,25,14,11,925
24280007328000,10,5,5,370
24280007344000,2,2,0,0
24280007345000,2,1,1,0
24280007358000,5,3,2,196
24280007391000,1,0,1,0
24280007397000,6,3,3,240
24280007398000,9,4,5,493.2
24280007401000,4,3,1,0
24280007402000,3,1,2,0
24280007407000,1,1,0,0
24280007408000,21,14,7,766.5
24280007413000,1,1,0,0
24290007150000,8,4,4,259.2
24290007196000,2,2,0,0
24290007268000,9,4,5,430.2
24290007306000,1,0,1,0
24290007307000,4,2,2,0
24290007308000,9,6,3,446.4
24290007309000,6,3,3,358.8
24290007318000,4,3,1,0
24290007319000,18,10,8,829.8
24290007320000,1,1,0,0
24290007321000,6,3,3,328.8
24290007322000,3,2,1,0
24290007323000,6,3,3,187.2
24290007327000,24,11,13,1404
24290007328000,37,18,19,1646.5
24290007354000,5,3,2,339
24290007357000,9,5,4,493.2
24290007359000,10,7,3,337
24290007393000,3,1,2,0
24290007397000,4,3,1,0
24290007398000,25,14,11,847.5
24290007399000,20,10,10,716
24290007402000,5,3,2,288
24290007412000,46,25,21,1849.2
24290007413000,19,8,11,1029.8
24290007553000,18,9,9,930.6
24290007555000,3,2,1,0
24290007558000,7,2,5,228.9
24290007559000,18,8,10,1229.4
24300007150000,18,10,8,790.2
24300007156000,4,2,2,0
24300007169000,7,4,3,231
24300007304000,3,2,1,0
24300007305000,29,13,16,1064.3
24300007307000,6,2,4,253.2
24300007322000,1,0,1,0
24300007323000,11,4,7,250.8
24300007324000,4,2,2,0
24300007328000,21,11,10,777
24300007329000,8,6,2,512.8
24300007330000,10,6,4,476
24300007341000,1,0,1,0
24300007342000,2,1,1,0
24300007353000,1,1,0,0
24300007354000,5,2,3,231
24300007357000,2,1,1,0
24300007359000,22,11,11,1190.2
24300007397000,26,15,11,1016.6
24300007398000,102,52,50,4029
24300007399000,5,3,2,150
24300007401000,2,2,0,0
24300007407000,7,3,4,448
24300007408000,2,1,1,0
24300007409000,21,10,11,756
24300007411000,12,8,4,340.8
24300007412000,50,27,23,1730
24300007413000,15,8,7,585
24300007414000,3,2,1,0
24300007547000,11,4,7,590.7
24300007552000,10,4,6,298
24300007553000,4,3,1,0
24300007555000,8,4,4,368
24300007557000,2,1,1,0
24300007559000,56,30,26,1680
24310007121000,11,5,6,511.5
24310007134000,2,1,1,0
24310007149000,23,15,8,1198.3
24310007194000,5,1,4,231
24310007196000,152,75,77,6323.2
24310007197000,63,29,34,2557.8
24310007205000,6,3,3,247.2
24310007245000,3,2,1,0
24310007267000,3,2,1,0
24310007303000,4,2,2,0
24310007305000,4,2,2,0
24310007324000,6,4,2,229.2
24310007330000,1,1,0,0
24310007331000,3,2,1,0
24310007341000,2,1,1,0
24310007354000,10,3,7,381
24310007356000,8,3,5,252
24310007359000,3,2,1,0
24310007390000,3,1,2,0
24310007396000,1,1,0,0
24310007397000,46,21,25,1853.8
24310007401000,22,11,11,1078
24310007402000,1,1,0,0
24310007407000,3,2,1,0
24310007408000,20,9,11,668
24310007409000,87,45,42,3445.2
24310007412000,3,1,2,0
24310007423000,11,4,7,548.9
24310007424000,7,4,3,506.1
24310007547000,12,6,6,601.2
24310007552000,2,2,0,0
24310007556000,29,15,14,1537
24310007557000,16,8,8,816
24310007561000,2,1,1,0
24310007562000,1,1,0,0
24320007121000,10,3,7,432
24320007134000,3,2,1,0
24320007148000,41,21,20,2058.2
24320007149000,191,90,101,8728.7
24320007155000,4,2,2,0
24320007176000,2,1,1,0
24320007196000,35,17,18,1725.5
24320007199000,3,2,1,0
24320007243000,4,2,2,0
24320007246000,1,0,1,0
24320007267000,21,12,9,957.6
24320007303000,1,1,0,0
24320007323000,3,2,1,0
24320007324000,3,2,1,0
24320007325000,8,3,5,274.4
24320007354000,41,20,21,1549.8
24320007356000,7,3,4,408.8
24320007396000,2,1,1,0
24320007397000,25,13,12,1190
24320007399000,2,1,1,0
24320007400000,34,18,16,2060.4
24320007401000,16,9,7,718.4
24320007405000,1,0,1,0
24320007407000,5,2,3,272
24320007413000,5,3,2,213
24320007422000,3,1,2,0
24320007423000,4,2,2,0
24320007424000,1,0,1,0
24320007557000,1,0,1,0
24320007558000,14,9,5,407.4
24320007561000,11,7,4,706.2
24330007139000,1,1,0,0
24330007146000,4,2,2,0
24330007147000,15,9,6,684
24330007155000,4,3,1,0
24330007169000,3,1,2,0
24330007192000,2,1,1,0
24330007202000,1,1,0,0
24330007206000,1,1,0,0
24330007207000,26,12,14,1040
24330007243000,5,2,3,132
24330007267000,9,3,6,254.7
24330007325000,9,5,4,636.3
24330007349000,3,1,2,0
24330007353000,20,11,9,898
24330007354000,14,6,8,446.6
24330007355000,3,1,2,0
24330007356000,11,5,6,497.2
24330007400000,7,5,2,345.1
24330007403000,9,4,5,378
24330007408000,7,5,2,179.9
24330007409000,3,1,2,0
24330007412000,1,0,1,0
24330007413000,4,2,2,0
24330007558000,52,23,29,1970.8
24340007120000,8,4,4,284
24340007129000,19,7,12,685.9
24340007130000,23,13,10,986.7
24340007146000,15,7,8,601.5
24340007147000,1,1,0,0
24340007155000,10,6,4,549
24340007170000,1,1,0,0
24340007186000,5,4,1,266
24340007189000,7,5,2,286.3
24340007190000,5,2,3,228
24340007250000,2,1,1,0
24340007266000,5,2,3,129
24340007267000,2,1,1,0
24340007299000,5,3,2,238
24340007326000,5,2,3,245
24340007327000,5,3,2,364
24340007329000,7,3,4,254.8
24340007330000,13,6,7,624
24340007331000,7,4,3,298.2
24340007332000,40,18,22,2184
24340007350000,7,4,3,405.3
24340007353000,43,25,18,1904.9
24340007354000,5,3,2,268
24340007355000,7,2,5,275.1
24340007402000,1,0,1,0
24340007403000,47,21,26,2082.1
24340007408000,58,31,27,2302.6
24340007409000,51,22,29,2468.4
24340007410000,33,16,17,1600.5
24340007412000,5,2,3,173
24340007413000,2,1,1,0
24340007558000,73,37,36,3613.5
24340007560000,4,2,2,0
24340007561000,12,8,4,411.6
24350007128000,5,4,1,179
24350007129000,5,4,1,138
24350007141000,9,5,4,379.8
24350007143000,1,1,0,0
24350007147000,18,8,10,732.6
24350007173000,9,3,6,325.8
24350007174000,5,3,2,121
24350007185000,18,11,7,822.6
24350007186000,7,3,4,345.1
24350007248000,1,1,0,0
24350007251000,2,1,1,0
24350007260000,4,4,0,0
24350007266000,1,1,0,0
24350007324000,2,1,1,0
24350007326000,6,2,4,172.8
24350007327000,6,4,2,220.2
24350007333000,1,1,0,0
24350007344000,2,1,1,0
24350007351000,4,2,2,0
24350007352000,14,6,8,529.2
24350007353000,94,47,47,3572
24350007354000,27,16,11,936.9
24350007355000,11,8,3,390.5
24350007395000,10,3,7,370
24350007403000,20,10,10,952
24350007406000,10,4,6,633
24350007407000,190,87,103,7828
24350007408000,18,7,11,793.8
24350007409000,25,13,12,1090
24350007410000,21,9,12,997.5
24350007425000,5,2,3,155
24350007558000,129,64,65,5314.8
24350007559000,23,11,12,1016.6
24360007127000,3,2,1,0
24360007147000,11,7,4,492.8
24360007154000,3,1,2,0
24360007155000,14,10,4,575.4
24360007169000,2,1,1,0
24360007170000,12,7,5,459.6
24360007172000,6,2,4,210
24360007260000,2,1,1,0
24360007261000,12,7,5,525.6
24360007266000,2,2,0,0
24360007322000,9,6,3,388.8
24360007324000,1,1,0,0
24360007326000,3,2,1,0
24360007334000,4,2,2,0
24360007335000,7,6,1,398.3
24360007346000,1,1,0,0
24360007349000,1,1,0,0
24360007350000,1,1,0,0
24360007352000,2,1,1,0
24360007353000,147,81,66,6203.4
24360007354000,11,4,7,287.1
24360007392000,4,3,1,0
24360007393000,4,2,2,0
24360007401000,3,2,1,0
24360007402000,76,43,33,3123.6
24360007403000,191,90,101,7888.3
24360007404000,55,31,24,2222
24360007406000,43,23,20,1556.6
24360007407000,14,9,5,453.6
24360007410000,2,1,1,0
24360007413000,14,8,6,554.4
24360007421000,3,3,0,0
24360007424000,15,8,7,664.5
24360007425000,1,1,0,0
24360007553000,3,2,1,0
24360007555000,33,21,12,1478.4
24360007556000,10,5,5,429
24360007557000,5,3,2,135
24370007117000,10,5,5,379
24370007124000,6,2,4,261
24370007126000,38,24,14,1383.2
24370007147000,8,4,4,315.2
24370007154000,5,3,2,196
24370007155000,12,5,7,550.8
24370007156000,6,2,4,349.8
24370007167000,1,0,1,0
24370007168000,5,3,2,264
24370007169000,24,12,12,1216.8
24370007184000,6,2,4,243
24370007196000,12,6,6,801.6
24370007197000,2,1,1,0
24370007254000,1,1,0,0
24370007255000,4,3,1,0
24370007256000,9,6,3,417.6
24370007257000,1,0,1,0
24370007261000,2,1,1,0
24370007262000,6,5,1,339
24370007274000,2,1,1,0
24370007325000,5,3,2,282
24370007345000,526,267,259,23775.2
24370007353000,14,8,6,471.8
24370007393000,2,2,0,0
24370007401000,1,1,0,0
24370007402000,26,15,11,1068.6
24370007403000,159,77,82,5628.6
24370007404000,11,3,8,459.8
24370007406000,36,19,17,1357.2
24370007410000,5,2,3,367
24370007421000,15,8,7,835.5
24370007424000,2,1,1,0
24370007425000,1,1,0,0
24370007555000,1,1,0,0
24370007556000,9,4,5,438.3
24370007557000,33,18,15,1369.5
24370007558000,17,8,9,646
24370007563000,2,1,1,0
24380007117000,5,3,2,105
24380007118000,1,1,0,0
24380007125000,12,7,5,642
24380007126000,2,2,0,0
24380007147000,18,9,9,838.8
24380007155000,2,1,1,0
24380007169000,2,1,1,0
24380007196000,3,1,2,0
24380007255000,4,2,2,0
24380007257000,4,2,2,0
24380007258000,3,2,1,0
24380007260000,5,3,2,237
24380007261000,2,1,1,0
24380007269000,2,2,0,0
24380007343000,13,7,6,526.5
24380007345000,595,291,304,25466
24380007346000,125,68,57,5037.5
24380007352000,12,5,7,474
24380007353000,7,4,3,217.7
24380007400000,2,1,1,0
24380007403000,5,3,2,316
24380007404000,5,2,3,146
24380007406000,2,2,0,0
24380007410000,29,13,16,1679.1
24380007421000,12,5,7,594
24380007422000,69,36,33,2566.8
24380007550000,3,2,1,0
24380007551000,62,30,32,2467.6
24380007552000,68,36,32,2441.2
24380007553000,4,2,2,0
24380007556000,96,45,51,4051.2
24380007557000,184,83,101,6458.4
24380007558000,38,17,21,1713.8
24380007559000,21,11,10,577.5
24380007560000,8,4,4,240
24380007562000,6,3,3,283.8
24380007566000,1,0,1,0
24380007567000,18,8,10,770.4
24390007117000,2,2,0,0
24390007124000,3,1,2,0
24390007125000,42,20,22,1696.8
24390007154000,3,3,0,0
24390007176000,3,1,2,0
24390007181000,1,1,0,0
24390007195000,2,1,1,0
24390007261000,1,1,0,0
24390007266000,6,3,3,235.2
24390007267000,1,1,0,0
24390007268000,2,1,1,0
24390007343000,31,18,13,1116
24390007344000,9,5,4,590.4
24390007345000,14,6,8,796.6
24390007346000,7,4,3,394.8
24390007353000,14,7,7,659.4
24390007403000,10,3,7,361
24390007404000,1,1,0,0
24390007406000,7,3,4,338.1
24390007410000,4,3,1,0
24390007419000,2,1,1,0
24390007421000,46,22,24,1817
24390007422000,101,53,48,3757.2
24390007423000,49,22,27,2116.8
24390007424000,6,4,2,295.8
24390007551000,369,189,180,14206.5
24390007552000,326,172,154,12877
24390007553000,113,63,50,3582.1
24390007554000,95,55,40,3667
24390007555000,85,49,36,3629.5
24390007556000,523,264,259,19507.9
24390007557000,576,275,301,22176
24390007558000,96,55,41,4396.8
24390007559000,54,21,33,1987.2
24390007560000,44,22,22,1421.2
24390007561000,12,5,7,651.6
24390007563000,5,2,3,271
24390007565000,15,10,5,558
24400007124000,45,28,17,1885.5
24400007154000,16,8,8,468.8
24400007176000,8,5,3,276
24400007195000,10,6,4,474
24400007264000,1,0,1,0
24400007267000,1,0,1,0
24400007269000,4,1,3,0
24400007340000,1,1,0,0
24400007341000,4,1,3,0
24400007346000,5,4,1,324
24400007347000,3,2,1,0
24400007353000,18,8,10,721.8
24400007378000,2,1,1,0
24400007404000,5,2,3,247
24400007405000,5,3,2,162
24400007406000,12,6,6,438
24400007416000,1,0,1,0
24400007418000,1,1,0,0
24400007419000,3,2,1,0
24400007420000,10,6,4,648
24400007421000,123,55,68,5325.9
24400007422000,82,40,42,3263.6
24400007423000,1,1,0,0
24400007552000,1,1,0,0
24400007553000,1,1,0,0
24400007554000,6,4,2,130.2
24400007555000,32,18,14,1436.8
24400007556000,225,107,118,9315
24400007558000,39,22,17,1774.5
24400007559000,4,3,1,0
24400007562000,7,3,4,308
24400007563000,5,3,2,174
24410007123000,7,4,3,266.7
24410007154000,3,1,2,0
24410007195000,2,1,1,0
24410007340000,1,1,0,0
24410007346000,3,2,1,0
24410007347000,10,3,7,385
24410007353000,9,3,6,441.9
24410007378000,3,3,0,0
24410007404000,6,4,2,307.2
24410007405000,10,6,4,554
24410007406000,14,7,7,887.6
24410007414000,2,2,0,0
24410007415000,4,2,2,0
24410007418000,24,13,11,957.6
24410007419000,5,2,3,291
24410007421000,27,15,12,880.2
24410007422000,20,11,9,1006
24410007558000,206,87,119,6818.6
24410007559000,625,280,345,27062.5
24410007560000,21,8,13,957.6
24410007561000,34,15,19,1023.4
24410007563000,9,5,4,273.6
24410007564000,32,14,18,1504
24410007565000,9,5,4,225
24410007570000,5,3,2,136
24410007573000,11,7,4,805.2
24420007122000,20,11,9,900
24420007123000,4,3,1,0
24420007145000,2,1,1,0
24420007146000,1,1,0,0
24420007154000,8,5,3,267.2
24420007272000,2,1,1,0
24420007306000,2,1,1,0
24420007340000,5,2,3,239
24420007341000,3,2,1,0
24420007349000,3,2,1,0
24420007351000,4,2,2,0
24420007353000,30,18,12,1197
24420007401000,6,3,3,280.8
24420007404000,5,2,3,283
24420007410000,1,1,0,0
24420007415000,9,6,3,351.9
24420007416000,2,1,1,0
24420007417000,6,3,3,183
24420007418000,111,49,62,4495.5
24420007421000,20,9,11,694
24420007422000,27,18,9,1255.5
24420007425000,3,2,1,0
24420007426000,2,2,0,0
24420007558000,67,40,27,2726.9
24420007559000,715,347,368,30888
24420007560000,587,291,296,22129.9
24420007561000,22,13,9,1161.6
24420007562000,17,10,7,901
24420007563000,13,8,5,562.9
24420007564000,13,8,5,548.6
24420007565000,1,0,1,0
24420007571000,12,5,7,524.4
24430007116000,10,4,6,476
24430007117000,6,3,3,415.8
24430007118000,7,5,2,387.8
24430007120000,11,5,6,308
24430007121000,8,4,4,414.4
24430007122000,101,43,58,4595.5
24430007128000,2,1,1,0
24430007148000,2,1,1,0
24430007154000,14,7,7,509.6
24430007196000,1,1,0,0
24430007308000,2,1,1,0
24430007309000,7,5,2,450.1
24430007339000,2,1,1,0
24430007341000,7,5,2,354.2
24430007349000,12,5,7,517.2
24430007351000,14,6,8,652.4
24430007352000,22,10,12,831.6
24430007353000,14,9,5,561.4
24430007399000,2,1,1,0
24430007404000,1,1,0,0
24430007410000,2,1,1,0
24430007414000,60,31,29,2904
24430007415000,246,123,123,10356.6
24430007416000,148,74,74,6497.2
24430007417000,444,216,228,21134.4
24430007418000,458,225,233,19052.8
24430007421000,6,2,4,148.2
24430007422000,13,8,5,484.9
24430007425000,25,14,11,960
24430007552000,13,3,10,504.4
24430007553000,13,8,5,406.9
24430007554000,13,6,7,448.5
24430007555000,36,20,16,1756.8
24430007556000,23,11,12,998.2
24430007557000,86,46,40,3586.2
24430007558000,30,20,10,1182
24430007559000,607,311,296,24280
24430007560000,489,223,266,17212.8
24430007561000,295,156,139,10266
24430007562000,67,29,38,2525.9
24430007563000,35,18,17,1284.5
24430007564000,21,11,10,867.3
24430007566000,7,4,3,116.2
24430007570000,55,25,30,1853.5
24430007571000,31,19,12,1119.1
24440007116000,63,32,31,2860.2
24440007195000,4,2,2,0
24440007283000,5,3,2,243
24440007306000,12,6,6,562.8
24440007317000,2,1,1,0
24440007326000,5,2,3,258
24440007339000,5,1,4,130
24440007341000,23,13,10,857.9
24440007349000,2,1,1,0
24440007351000,2,1,1,0
24440007353000,21,10,11,1167.6
24440007404000,29,16,13,1128.1
24440007414000,149,84,65,6287.8
24440007415000,83,44,39,3237
24440007416000,188,96,92,7275.6
24440007417000,10,2,8,532
24440007418000,18,9,9,669.6
24440007421000,6,3,3,157.2
24440007422000,12,6,6,564
24440007425000,38,17,21,1827.8
24440007426000,4,2,2,0
24440007428000,2,0,2,0
24440007554000,14,6,8,735
24440007555000,33,17,16,1257.3
24440007556000,40,21,19,1556
24440007558000,71,38,33,2406.9
24440007559000,56,27,29,1887.2
24440007560000,37,21,16,1613.2
24440007561000,19,12,7,604.2
24440007564000,114,60,54,3625.2
24440007565000,37,22,15,1302.4
24440007566000,31,13,18,1258.6
24440007567000,6,3,3,178.2
24440007570000,51,24,27,1739.1
24440007571000,13,7,6,586.3
24450007111000,5,2,3,184
24450007112000,2,1,1,0
24450007115000,34,21,13,1475.6
24450007116000,3,1,2,0
24450007195000,7,4,3,450.1
24450007274000,8,4,4,432
24450007283000,3,2,1,0
24450007284000,5,3,2,275
24450007307000,2,2,0,0
24450007308000,28,16,12,1254.4
24450007309000,27,14,13,1320.3
24450007310000,55,28,27,2585
24450007311000,5,3,2,187
24450007312000,1,1,0,0
24450007313000,1,1,0,0
24450007314000,2,1,1,0
24450007325000,1,1,0,0
24450007326000,76,40,36,2120.4
24450007327000,10,5,5,513
24450007328000,159,82,77,6884.7
24450007329000,84,46,38,3796.8
24450007330000,19,10,9,773.3
24450007331000,10,4,6,578
24450007332000,24,12,12,835.2
24450007333000,9,4,5,311.4
24450007334000,15,11,4,724.5
24450007335000,9,5,4,329.4
24450007336000,15,7,8,573
24450007337000,6,4,2,385.2
24450007338000,7,5,2,314.3
24450007340000,34,14,20,1468.8
24450007341000,282,148,134,10800.6
24450007342000,54,29,25,1760.4
24450007344000,4,3,1,0
24450007350000,3,1,2,0
24450007352000,10,5,5,465
24450007353000,13,7,6,574.6
24450007402000,2,1,1,0
24450007404000,16,10,6,697.6
24450007405000,6,3,3,259.2
24450007408000,1,0,1,0
24450007413000,127,60,67,5156.2
24450007414000,154,82,72,6067.6
24450007415000,15,7,8,673.5
24450007416000,49,28,21,1827.7
24450007417000,1,1,0,0
24450007422000,5,2,3,223
24450007425000,4,1,3,0
24450007426000,34,18,16,1574.2
24450007465000,14,7,7,646.8
24450007555000,19,10,9,891.1
24450007556000,2,1,1,0
24450007560000,14,9,5,557.2
24450007561000,3,2,1,0
24450007564000,1,0,1,0
24450007565000,44,22,22,1579.6
24450007566000,63,37,26,2205
24450007567000,27,17,10,1201.5
24450007568000,6,4,2,136.8
24450007570000,73,35,38,2387.1
24450007571000,21,10,11,690.9
24450007577000,65,33,32,2788.5
24460007111000,2,1,1,0
24460007150000,4,3,1,0
24460007273000,10,5,5,469
24460007274000,6,3,3,91.2
24460007309000,3,1,2,0
24460007310000,62,33,29,3137.2
24460007311000,8,4,4,483.2
24460007324000,3,1,2,0
24460007325000,7,4,3,401.1
24460007326000,4,2,2,0
24460007327000,6,4,2,447
24460007328000,222,115,107,8658
24460007329000,236,112,124,11092
24460007330000,18,10,8,561.6
24460007331000,18,8,10,669.6
24460007333000,5,3,2,323
24460007334000,8,5,3,280.8
24460007335000,31,15,16,1447.7
24460007336000,21,11,10,968.1
24460007340000,17,9,8,720.8
24460007341000,11,7,4,194.7
24460007343000,2,1,1,0
24460007344000,3,2,1,0
24460007351000,4,2,2,0
24460007352000,9,5,4,362.7
24460007353000,5,3,2,207
24460007401000,2,1,1,0
24460007402000,11,7,4,441.1
24460007404000,4,2,2,0
24460007413000,154,82,72,6714.4
24460007414000,2,1,1,0
24460007417000,5,2,3,183
24460007449000,1,1,0,0
24460007451000,2,1,1,0
24460007553000,5,3,2,244
24460007554000,6,4,2,264
24460007555000,53,22,31,2448.6
24460007556000,46,21,25,2300
24460007566000,24,11,13,825.6
24460007567000,20,11,9,940
24460007569000,4,1,3,0
24460007570000,38,17,21,1455.4
24460007571000,42,21,21,1533
24460007576000,6,3,3,208.2
24460007577000,13,7,6,620.1
24470007109000,5,2,3,78
24470007152000,5,3,2,266
24470007196000,2,1,1,0
24470007273000,3,2,1,0
24470007274000,2,1,1,0
24470007285000,6,4,2,195
24470007307000,2,1,1,0
24470007308000,7,4,3,279.3
24470007309000,8,5,3,272
24470007310000,4,2,2,0
24470007311000,2,1,1,0
24470007316000,2,2,0,0
24470007320000,4,2,2,0
24470007321000,4,3,1,0
24470007322000,7,5,2,240.8
24470007323000,50,27,23,2110
24470007324000,9,5,4,439.2
24470007325000,8,5,3,271.2
24470007327000,16,7,9,595.2
24470007328000,10,4,6,393
24470007329000,191,92,99,10065.7
24470007330000,45,19,26,2025
24470007331000,12,6,6,606
24470007333000,3,1,2,0
24470007335000,28,14,14,1066.8
24470007336000,352,185,167,12496
24470007337000,123,61,62,5645.7
24470007338000,28,14,14,952
24470007344000,5,3,2,273
24470007351000,13,6,7,507
24470007353000,3,1,2,0
24470007401000,12,7,5,435.6
24470007402000,5,2,3,122
24470007404000,1,1,0,0
24470007411000,67,35,32,2686.7
24470007417000,2,1,1,0
24470007427000,5,1,4,334
24470007428000,18,10,8,842.4
24470007450000,5,3,2,355
24470007554000,13,6,7,391.3
24470007555000,12,6,6,397.2
24470007556000,1,0,1,0
24470007558000,6,3,3,256.2
24470007559000,9,4,5,477
24470007560000,34,18,16,1441.6
24470007566000,16,8,8,920
24470007567000,41,18,23,1590.8
24470007568000,67,37,30,2921.2
24470007569000,49,30,19,1768.9
24470007573000,17,9,8,809.2
24470007574000,10,5,5,596
24470007575000,3,2,1,0
24480007108000,1,0,1,0
24480007152000,3,2,1,0
24480007283000,6,2,4,229.8
24480007286000,5,3,2,212
24480007302000,3,1,2,0
24480007307000,4,3,1,0
24480007308000,2,1,1,0
24480007310000,4,2,2,0
24480007311000,64,36,28,2854.4
24480007312000,3,2,1,0
24480007313000,1,0,1,0
24480007322000,18,12,6,858.6
24480007323000,10,6,4,462
24480007329000,48,25,23,1708.8
24480007330000,2,1,1,0
24480007336000,18,9,9,428.4
24480007337000,21,8,13,1016.4
24480007338000,8,5,3,338.4
24480007344000,5,3,2,209
24480007345000,6,2,4,226.2
24480007401000,5,3,2,359
24480007427000,34,18,16,1380.4
24480007558000,13,6,7,510.9
24480007559000,32,19,13,1606.4
24480007560000,39,21,18,1747.2
24480007561000,15,8,7,490.5
24480007569000,50,23,27,2345
24480007570000,149,76,73,6556
24480007571000,42,21,21,1814.4
24490007107000,2,1,1,0
24490007110000,3,2,1,0
24490007113000,2,1,1,0
24490007275000,9,6,3,350.1
24490007276000,5,3,2,114
24490007277000,4,2,2,0
24490007278000,4,3,1,0
24490007301000,2,2,0,0
24490007313000,4,2,2,0
24490007321000,9,4,5,333.9
24490007322000,1,1,0,0
24490007329000,27,17,10,1026
24490007337000,7,3,4,207.2
24490007346000,4,2,2,0
24490007368000,4,4,0,0
24490007371000,3,2,1,0
24490007372000,2,1,1,0
24490007402000,4,2,2,0
24490007417000,1,1,0,0
24490007556000,33,17,16,1666.5
24490007557000,10,5,5,537
24490007558000,4,1,3,0
24490007559000,2,1,1,0
24490007560000,56,33,23,2144.8
24490007561000,25,11,14,780
24490007569000,8,5,3,356
24490007570000,9,4,5,394.2
24490007571000,83,36,47,3378.1
24490007572000,70,31,39,2443
24490007574000,4,2,2,0
24490007575000,1,1,0,0
24500007109000,23,15,8,639.4
24500007277000,2,1,1,0
24500007278000,8,5,3,200.8
24500007294000,1,1,0,0
24500007306000,6,5,1,256.8
24500007307000,5,3,2,313
24500007321000,11,7,4,519.2
24500007328000,5,3,2,68
24500007329000,2,1,1,0
24500007337000,2,0,2,0
24500007346000,21,12,9,781.2
24500007350000,11,5,6,567.6
24500007367000,1,1,0,0
24500007370000,4,3,1,0
24500007402000,1,1,0,0
24500007560000,3,2,1,0
24500007561000,11,5,6,524.7
24500007569000,5,5,0,248
24500007572000,10,4,6,314
24500007573000,17,6,11,782
24500007575000,2,2,0,0
24510007108000,7,4,3,419.3
24510007196000,4,2,2,0
24510007252000,6,3,3,268.2
24510007255000,4,3,1,0
24510007275000,2,1,1,0
24510007276000,4,2,2,0
24510007278000,2,1,1,0
24510007288000,16,8,8,612.8
24510007289000,4,3,1,0
24510007305000,4,2,2,0
24510007321000,4,4,0,0
24510007328000,14,7,7,481.6
24510007337000,13,5,8,482.3
24510007346000,2,1,1,0
24510007353000,9,4,5,449.1
24510007368000,1,1,0,0
24510007401000,1,0,1,0
24510007402000,2,1,1,0
24510007556000,21,12,9,936.6
24510007557000,189,99,90,6766.2
24510007558000,510,239,271,21879
24510007559000,107,53,54,4290.7
24510007560000,11,4,7,477.4
24510007562000,2,2,0,0
24510007565000,3,1,2,0
24510007570000,1,0,1,0
24510007571000,4,1,3,0
24510007572000,46,24,22,2387.4
24510007573000,1,1,0,0
24520007104000,2,1,1,0
24520007108000,3,2,1,0
24520007114000,14,8,6,526.4
24520007252000,2,1,1,0
24520007253000,11,7,4,488.4
24520007254000,21,12,9,844.2
24520007255000,20,10,10,372
24520007256000,3,2,1,0
24520007275000,4,1,3,0
24520007297000,7,4,3,322
24520007306000,5,5,0,115
24520007327000,2,1,1,0
24520007328000,4,2,2,0
24520007337000,4,2,2,0
24520007338000,7,4,3,361.9
24520007346000,4,2,2,0
24520007347000,1,1,0,0
24520007354000,29,15,14,1281.8
24520007368000,1,0,1,0
24520007402000,1,1,0,0
24520007432000,3,1,2,0
24520007476000,81,41,40,3061.8
24520007477000,4,3,1,0
24520007478000,3,2,1,0
24520007556000,4,1,3,0
24520007557000,219,109,110,9307.5
24520007558000,81,44,37,3750.3
24520007559000,33,16,17,1478.4
24520007560000,24,14,10,1130.4
24520007563000,2,2,0,0
24520007564000,3,2,1,0
24520007569000,13,4,9,660.4
24520007570000,6,3,3,286.2
24520007571000,31,15,16,1404.3
24520007572000,3,2,1,0
24520007574000,2,2,0,0
24520007577000,3,1,2,0
24530007108000,3,2,1,0
24530007114000,1,1,0,0
24530007115000,5,3,2,152
24530007151000,7,5,2,289.8
24530007251000,11,5,6,522.5
24530007252000,2,1,1,0
24530007253000,21,11,10,821.1
24530007254000,2,1,1,0
24530007256000,1,0,1,0
24530007257000,7,5,2,315.7
24530007267000,3,2,1,0
24530007273000,4,1,3,0
24530007274000,10,6,4,354
24530007275000,257,120,137,11822
24530007276000,8,3,5,412
24530007306000,19,10,9,733.4
24530007327000,6,3,3,366
24530007328000,4,3,1,0
24530007338000,21,12,9,783.3
24530007347000,21,13,8,1068.9
24530007348000,23,13,10,828
24530007349000,121,65,56,5650.7
24530007350000,1,0,1,0
24530007354000,67,38,29,2673.3
24530007356000,4,2,2,0
24530007357000,39,21,18,1649.7
24530007367000,11,6,5,487.3
24530007410000,28,17,11,1064
24530007411000,303,146,157,12938.1
24530007432000,1,1,0,0
24530007477000,1,1,0,0
24530007564000,3,1,2,0
24530007565000,3,2,1,0
24530007566000,18,10,8,660.6
24530007569000,3,2,1,0
24530007575000,9,3,6,416.7
24530007576000,6,4,2,292.8
24530007577000,30,14,16,1188
24530007578000,21,9,12,1186.5
24530007580000,3,2,1,0
24540007114000,3,2,1,0
24540007251000,5,2,3,276
24540007252000,1,1,0,0
24540007259000,1,0,1,0
24540007260000,7,5,2,431.2
24540007261000,5,3,2,244
24540007263000,3,2,1,0
24540007264000,6,2,4,300
24540007265000,4,3,1,0
24540007266000,2,1,1,0
24540007268000,5,3,2,272
24540007272000,6,4,2,238.8
24540007273000,12,5,7,722.4
24540007274000,252,132,120,10558.8
24540007275000,92,44,48,4480.4
24540007276000,6,5,1,238.2
24540007277000,4,3,1,0
24540007298000,1,0,1,0
24540007306000,5,2,3,339
24540007307000,7,6,1,329
24540007327000,6,2,4,256.8
24540007347000,85,42,43,2898.5
24540007348000,182,92,90,7698.6
24540007349000,2,1,1,0
24540007350000,35,14,21,1326.5
24540007354000,16,9,7,718.4
24540007355000,34,19,15,1458.6
24540007357000,20,10,10,644
24540007363000,2,0,2,0
24540007410000,197,107,90,7367.8
24540007411000,448,227,221,15993.6
24540007427000,16,9,7,652.8
24540007432000,3,2,1,0
24540007446000,26,14,12,1066
24540007479000,3,2,1,0
24540007565000,9,4,5,289.8
24540007566000,6,4,2,414
24540007570000,14,6,8,365.4
24540007574000,5,2,3,246
24540007575000,7,3,4,382.9
24540007577000,1,1,0,0
24540007578000,3,1,2,0
24550007112000,4,2,2,0
24550007249000,1,1,0,0
24550007251000,1,0,1,0
24550007258000,7,3,4,401.1
24550007262000,3,2,1,0
24550007263000,6,4,2,238.2
24550007267000,16,8,8,604.8
24550007274000,2,1,1,0
24550007275000,12,7,5,406.8
24550007276000,11,7,4,536.8
24550007277000,22,10,12,959.2
24550007278000,1,1,0,0
24550007279000,4,1,3,0
24550007306000,9,3,6,163.8
24550007326000,8,4,4,530.4
24550007347000,48,26,22,1632
24550007348000,14,8,6,548.8
24550007350000,6,3,3,316.8
24550007354000,92,56,36,3302.8
24550007355000,34,17,17,1207
24550007359000,6,2,4,310.2
24550007363000,13,8,5,323.7
24550007365000,2,0,2,0
24550007410000,89,49,40,3426.5
24550007411000,16,7,9,702.4
24550007427000,20,14,6,706
24550007428000,13,8,5,512.2
24550007429000,15,8,7,874.5
24550007432000,14,6,8,574
24550007446000,48,25,23,2112
24550007447000,121,63,58,4852.1
24550007448000,18,8,10,525.6
24550007449000,1,1,0,0
24550007564000,11,7,4,767.8
24550007565000,1,1,0,0
24550007569000,4,2,2,0
24550007572000,9,4,5,392.4
24550007573000,8,4,4,466.4
24550007574000,19,12,7,625.1
24550007576000,2,1,1,0
24550007578000,1,1,0,0
24550007579000,7,5,2,170.8
24550007581000,4,2,2,0
24560007114000,2,1,1,0
24560007249000,6,4,2,313.8
24560007259000,3,2,1,0
24560007267000,4,2,2,0
24560007274000,24,13,11,1092
24560007275000,2,1,1,0
24560007277000,3,2,1,0
24560007280000,1,1,0,0
24560007325000,8,4,4,340
24560007326000,6,2,4,250.8
24560007338000,1,1,0,0
24560007346000,10,6,4,449
24560007347000,74,40,34,3152.4
24560007350000,1,1,0,0
24560007351000,43,23,20,1926.4
24560007354000,129,69,60,4360.2
24560007355000,11,8,3,333.3
24560007362000,1,0,1,0
24560007363000,6,3,3,276
24560007428000,1,1,0,0
24560007429000,4,3,1,0
24560007448000,21,13,8,886.2
24560007449000,7,4,3,483.7
24560007462000,4,2,2,0
24560007463000,1,1,0,0
24560007478000,2,1,1,0
24560007480000,12,8,4,549.6
24560007564000,12,6,6,585.6
24560007565000,25,11,14,1305
24560007572000,2,1,1,0
24560007573000,24,15,9,1322.4
24570007249000,3,2,1,0
24570007251000,7,3,4,314.3
24570007267000,2,1,1,0
24570007274000,8,3,5,396.8
24570007276000,17,12,5,523.6
24570007277000,7,5,2,280
24570007279000,7,4,3,310.8
24570007280000,1,1,0,0
24570007281000,7,6,1,291.9
24570007290000,3,2,1,0
24570007291000,1,1,0,0
24570007292000,6,1,5,214.8
24570007307000,5,3,2,271
24570007325000,10,5,5,347
24570007335000,2,1,1,0
24570007346000,6,4,2,274.8
24570007347000,42,21,21,1780.8
24570007351000,309,164,145,11834.7
24570007352000,415,194,221,16724.5
24570007355000,62,30,32,2480
24570007359000,10,4,6,231
24570007368000,4,3,1,0
24570007434000,134,66,68,6284.6
24570007435000,337,154,183,13244.1
24570007436000,9,5,4,369
24570007442000,3,1,2,0
24570007443000,27,17,10,1279.8
24570007449000,12,9,3,416.4
24570007564000,3,1,2,0
24570007565000,4,2,2,0
24570007573000,10,5,5,482
24570007574000,6,3,3,211.8
24570007581000,15,6,9,789
24580007249000,1,0,1,0
24580007258000,9,5,4,370.8
24580007276000,15,9,6,580.5
24580007279000,1,1,0,0
24580007281000,1,1,0,0
24580007307000,1,1,0,0
24580007325000,13,7,6,514.8
24580007339000,6,2,4,193.2
24580007347000,16,8,8,633.6
24580007351000,42,24,18,949.2
24580007352000,1003,514,489,37612.5
24580007355000,1,0,1,0
24580007356000,65,35,30,2567.5
24580007359000,4,1,3,0
24580007362000,4,2,2,0
24580007430000,2,1,1,0
24580007431000,1,1,0,0
24580007433000,13,7,6,507
24580007435000,107,54,53,4579.6
24580007436000,96,52,44,3907.2
24580007437000,1,1,0,0
24580007438000,6,3,3,340.8
24580007439000,23,10,13,1085.6
24580007440000,24,10,14,950.4
24580007442000,10,5,5,696
24580007443000,5,4,1,176
24580007444000,24,11,13,1180.8
24580007445000,2,1,1,0
24580007446000,3,2,1,0
24580007564000,2,1,1,0
24580007565000,8,6,2,407.2
24580007571000,3,1,2,0
24580007572000,4,2,2,0
24580007573000,1,1,0,0
24580007574000,11,3,8,631.4
24580007575000,10,4,6,377
24580007576000,6,3,3,216
24580007579000,3,1,2,0
24580007580000,3,2,1,0
24580007581000,1,1,0,0
24590007249000,9,4,5,354.6
24590007267000,1,1,0,0
24590007269000,3,2,1,0
24590007274000,2,1,1,0
24590007279000,2,2,0,0
24590007281000,9,6,3,306
24590007282000,4,2,2,0
24590007306000,2,2,0,0
24590007308000,3,2,1,0
24590007347000,1,1,0,0
24590007351000,13,6,7,399.1
24590007352000,353,181,172,13166.9
24590007356000,65,32,33,2814.5
24590007357000,1030,510,520,39037
24590007358000,233,112,121,7572.5
24590007363000,2,1,1,0
24590007430000,13,5,8,443.3
24590007431000,1,0,1,0
24590007439000,5,3,2,289
24590007440000,3,2,1,0
24590007445000,29,14,15,1299.2
24590007446000,33,19,14,1610.4
24590007571000,2,2,0,0
24590007572000,2,1,1,0
24590007574000,3,1,2,0
24590007577000,12,6,6,559.2
24590007578000,10,4,6,438
24590007579000,3,2,1,0
24600007249000,9,5,4,267.3
24600007257000,1,1,0,0
24600007268000,3,2,1,0
24600007271000,13,6,7,375.7
24600007282000,13,5,8,512.2
24600007283000,5,2,3,291
24600007301000,2,1,1,0
24600007303000,2,1,1,0
24600007306000,5,3,2,373
24600007308000,6,3,3,463.8
24600007353000,456,232,224,17784
24600007354000,390,162,228,23478
24600007355000,46,20,26,2985.4
24600007357000,798,413,385,30882.6
24600007358000,1126,598,528,40085.6
24600007359000,104,50,54,3702.4
24600007360000,12,9,3,430.8
24600007362000,2,1,1,0
24600007446000,16,9,7,868.8
24600007447000,45,18,27,1777.5
24600007448000,24,10,14,1384.8
24600007565000,4,1,3,0
24600007566000,10,5,5,602
24600007567000,3,2,1,0
24600007572000,11,4,7,683.1
24600007573000,8,6,2,350.4
24610007249000,2,1,1,0
24610007255000,6,3,3,226.8
24610007256000,2,1,1,0
24610007284000,2,1,1,0
24610007285000,11,5,6,356.4
24610007347000,1,1,0,0
24610007350000,2,1,1,0
24610007353000,207,112,95,10929.6
24610007354000,1752,857,895,86899.2
24610007355000,1597,810,787,67872.5
24610007356000,5,2,3,195
24610007357000,283,147,136,10725.7
24610007358000,1255,616,639,51204
24610007359000,83,38,45,3461.1
24610007365000,4,2,2,0
24610007434000,4,1,3,0
24610007435000,2,1,1,0
24610007436000,8,4,4,536.8
24610007447000,24,13,11,871.2
24610007448000,5,3,2,219
24610007567000,10,4,6,381
24610007568000,2,2,0,0
24610007573000,17,9,8,790.5
24610007574000,14,7,7,771.4
24620007249000,5,3,2,328
24620007255000,2,1,1,0
24620007263000,3,1,2,0
24620007272000,7,4,3,308
24620007300000,7,3,4,231
24620007305000,1,1,0,0
24620007350000,10,6,4,372
24620007354000,54,28,26,2127.6
24620007355000,1839,892,947,76134.6
24620007356000,467,223,244,20968.3
24620007357000,468,236,232,18392.4
24620007358000,203,106,97,7896.7
24620007365000,2,1,1,0
24620007427000,1,1,0,0
24620007568000,4,3,1,0
24620007574000,2,1,1,0
24620007575000,2,2,0,0
24620007576000,6,5,1,123
24620007577000,5,3,2,262
24620007578000,2,1,1,0
24620007580000,2,2,0,0
24620007581000,4,2,2,0
24630007249000,4,2,2,0
24630007265000,5,3,2,203
24630007267000,2,2,0,0
24630007272000,7,4,3,361.2
24630007297000,8,2,6,286.4
24630007300000,16,8,8,547.2
24630007302000,7,3,4,242.2
24630007303000,7,3,4,441
24630007304000,1,1,0,0
24630007355000,1276,633,643,49126
24630007356000,1568,758,810,69148.8
24630007357000,94,52,42,4060.8
24630007428000,13,7,6,708.5
24630007445000,16,7,9,830.4
24630007569000,12,5,7,634.8
24630007570000,1,1,0,0
24630007577000,8,4,4,428
24630007579000,3,2,1,0
24630007580000,7,3,4,328.3
24630007581000,1,1,0,0
24640007249000,7,2,5,324.8
24640007267000,3,1,2,0
24640007283000,3,2,1,0
24640007297000,5,3,2,202
24640007304000,2,1,1,0
24640007354000,370,189,181,14282
24640007355000,968,499,469,38623.2
24640007356000,87,48,39,3175.5
24640007431000,1,0,1,0
24640007570000,2,1,1,0
24640007577000,1,1,0,0
24640007580000,1,1,0,0
24650007248000,1,1,0,0
24650007249000,10,6,4,273
24650007283000,4,3,1,0
24650007354000,287,143,144,11393.9
24650007355000,1489,775,714,63580.3
24650007356000,46,23,23,1927.4
24650007363000,14,8,6,506.8
24650007366000,6,4,2,355.8
24650007367000,1,1,0,0
24650007368000,1,1,0,0
24650007373000,4,3,1,0
24650007435000,2,1,1,0
24650007436000,7,3,4,373.8
24650007439000,2,1,1,0
24650007440000,19,13,6,1027.9
24650007441000,2,1,1,0
24650007447000,8,3,5,476
24650007572000,1,1,0,0
24650007573000,2,1,1,0
24650007580000,33,15,18,1065.9
24660007353000,11,6,5,347.6
24660007354000,208,111,97,7051.2
24660007355000,71,38,33,2776.1
24660007356000,19,11,8,839.8
24660007361000,9,4,5,344.7
24660007363000,1,1,0,0
24660007364000,21,8,13,714
24660007365000,1,1,0,0
24660007367000,3,2,1,0
24660007368000,7,3,4,356.3
24660007370000,7,4,3,301
24660007371000,8,5,3,231.2
24660007431000,8,5,3,376.8
24660007437000,9,4,5,542.7
24660007443000,3,2,1,0
24660007444000,1,1,0,0
24660007559000,107,51,56,4633.1
24660007560000,249,124,125,10159.2
24660007575000,7,5,2,230.3
24660007578000,31,13,18,1181.1
24660007579000,34,21,13,1312.4
24670007262000,7,4,3,224.7
24670007354000,167,94,73,6579.8
24670007356000,33,15,18,1270.5
24670007357000,15,8,7,562.5
24670007360000,14,8,6,575.4
24670007361000,5,3,2,186
24670007363000,10,5,5,413
24670007369000,6,4,2,199.2
24670007434000,6,3,3,196.8
24670007435000,3,1,2,0
24670007438000,2,1,1,0
24670007439000,18,9,9,903.6
24670007445000,1,0,1,0
24670007446000,1,0,1,0
24670007452000,16,11,5,750.4
24670007474000,16,7,9,924.8
24670007559000,31,14,17,1112.9
24670007560000,123,74,49,5362.8
24670007568000,7,4,3,366.8
24670007574000,6,3,3,142.8
24670007578000,23,11,12,993.6
24670007579000,4,2,2,0
24680007262000,3,2,1,0
24680007272000,5,3,2,254
24680007354000,26,13,13,1149.2
24680007355000,1,0,1,0
24680007356000,42,23,19,1713.6
24680007357000,29,12,17,1139.7
24680007360000,7,4,3,280.7
24680007369000,8,5,3,292.8
24680007370000,6,3,3,298.2
24680007371000,1,1,0,0
24680007435000,2,1,1,0
24680007443000,17,8,9,955.4
24680007448000,1,1,0,0
24680007473000,1,1,0,0
24680007474000,21,12,9,745.5
24680007565000,5,4,1,130
24680007566000,6,3,3,412.8
24680007569000,5,3,2,289
24680007578000,15,7,8,727.5
24690007354000,29,16,13,994.7
24690007355000,34,17,17,1135.6
24690007356000,9,5,4,378
24690007357000,23,14,9,931.5
24690007358000,38,19,19,1580.8
24690007359000,85,44,41,3451
24690007360000,31,13,18,1150.1
24690007361000,6,3,3,274.8
24690007362000,6,4,2,325.8
24690007371000,9,5,4,414
24690007439000,15,8,7,837
24690007441000,8,3,5,444
24690007442000,39,19,20,1396.2
24690007443000,36,16,20,1573.2
24690007444000,15,7,8,346.5
24690007569000,21,11,10,1100.4
24690007571000,16,8,8,772.8
24690007573000,2,1,1,0
24690007574000,3,1,2,0
24690007575000,4,2,2,0
24700007243000,1,1,0,0
24700007353000,13,6,7,392.6
24700007354000,56,24,32,1696.8
24700007355000,49,26,23,1416.1
24700007356000,23,12,11,759
24700007357000,2,1,1,0
24700007358000,4,4,0,0
24700007359000,126,65,61,4813.2
24700007360000,154,76,78,5559.4
24700007361000,1,0,1,0
24700007439000,23,10,13,1315.6
24700007441000,9,5,4,405.9
24700007442000,12,6,6,568.8
24700007443000,13,8,5,455
24700007444000,54,24,30,2305.8
24700007445000,40,20,20,1880
24700007569000,8,3,5,486.4
24700007570000,8,5,3,336.8
24700007571000,1,1,0,0
24710007260000,1,0,1,0
24710007299000,8,5,3,195.2
24710007354000,3,3,0,0
24710007355000,49,27,22,2322.6
24710007356000,2,1,1,0
24710007357000,14,7,7,516.6
24710007358000,41,21,20,1549.8
24710007359000,31,16,15,1209
24710007360000,31,15,16,1060.2
24710007361000,19,7,12,682.1
24710007439000,1,0,1,0
24710007445000,7,5,2,371.7
24710007451000,2,0,2,0
24710007461000,12,9,3,452.4
24710007569000,2,1,1,0
24710007570000,10,5,5,310
24710007571000,10,5,5,519
24710007573000,37,17,20,1624.3
24710007574000,13,6,7,483.6
24710007575000,11,5,6,463.1
24710007576000,43,22,21,2154.3
24710007577000,2,1,1,0
24710007609000,1,0,1,0
24720007310000,2,1,1,0
24720007354000,4,2,2,0
24720007356000,3,2,1,0
24720007357000,2,1,1,0
24720007359000,39,25,14,1431.3
24720007361000,14,9,5,355.6
24720007362000,10,6,4,290
24720007452000,2,1,1,0
24720007454000,24,15,9,1015.2
24720007455000,5,3,2,198
24720007461000,50,26,24,1620
24720007462000,2480,1204,1276,108872
24720007463000,20,8,12,1144
24720007563000,4,2,2,0
24720007564000,39,24,15,1478.1
24720007565000,3,2,1,0
24720007569000,1,1,0,0
24720007573000,8,4,4,540
24720007574000,10,4,6,266
24720007575000,75,44,31,2850
24720007576000,3,2,1,0
24720007579000,30,16,14,1194
24730007298000,6,4,2,241.2
24730007356000,10,5,5,593
24730007357000,8,4,4,228
24730007359000,25,11,14,942.5
24730007360000,2,1,1,0
24730007361000,9,5,4,377.1
24730007362000,19,11,8,674.5
24730007440000,13,8,5,596.7
24730007441000,1,1,0,0
24730007452000,2,1,1,0
24730007453000,14,9,5,534.8
24730007454000,3,2,1,0
24730007455000,15,6,9,670.5
24730007461000,14,8,6,697.2
24730007462000,3490,1705,1785,142043
24730007463000,1847,975,872,82006.8
24730007464000,85,42,43,3867.5
24730007465000,71,36,35,2442.4
24730007475000,6,4,2,382.8
24730007564000,1,0,1,0
24730007565000,104,50,54,3380
24730007566000,7,4,3,266.7
24730007574000,3,2,1,0
24730007575000,7,5,2,333.2
24740007309000,1,0,1,0
24740007310000,2,1,1,0
24740007356000,3,1,2,0
24740007357000,3,2,1,0
24740007358000,8,5,3,432
24740007359000,25,13,12,830
24740007364000,3,1,2,0
24740007452000,1,1,0,0
24740007453000,3,2,1,0
24740007461000,4,2,2,0
24740007462000,3166,1569,1597,134871.6
24740007463000,2734,1371,1363,110727
24740007464000,2046,997,1049,91865.4
24740007465000,112,61,51,4849.6
24740007564000,10,6,4,212
24740007565000,113,61,52,4350.5
24740007566000,133,66,67,5386.5
24750007258000,5,3,2,184
24750007358000,23,14,9,901.6
24750007365000,7,5,2,142.1
24750007452000,7,3,4,254.1
24750007453000,1,1,0,0
24750007454000,3,2,1,0
24750007461000,609,291,318,21680.4
24750007462000,164,85,79,5969.6
24750007463000,2186,1086,1100,82193.6
24750007464000,2609,1241,1368,111665.2
24750007465000,1119,566,553,40619.7
24750007565000,47,22,25,1565.1
24750007566000,74,36,38,2804.6
24750007586000,9,5,4,478.8
24750007619000,7,3,4,394.8
24760007258000,2,1,1,0
24760007297000,3,2,1,0
24760007358000,5,3,2,196
24760007359000,11,6,5,394.9
24760007365000,35,21,14,1750
24760007453000,5,3,2,311
24760007461000,1139,535,604,42370.8
24760007462000,2246,1144,1102,75690.2
24760007463000,742,338,404,28344.4
24760007464000,571,295,276,20670.2
24760007465000,13,7,6,644.8
24760007466000,1102,544,558,39561.8
24760007467000,90,54,36,3276
24760007565000,3,3,0,0
24760007566000,211,102,109,7174
24760007567000,31,16,15,880.4
24760007586000,198,102,96,8593.2
24760007612000,9,4,5,383.4
24760007614000,11,5,6,598.4
24760007615000,2,2,0,0
24760007617000,24,12,12,1075.2
24760007618000,6,3,3,388.2
24760007619000,3,2,1,0
24770007365000,9,4,5,428.4
24770007366000,11,4,7,289.3
24770007367000,12,5,7,501.6
24770007451000,3,1,2,0
24770007452000,14,8,6,589.4
24770007453000,25,14,11,1295
24770007456000,7,3,4,345.1
24770007461000,52,30,22,1856.4
24770007462000,2506,1277,1229,86707.6
24770007463000,53,31,22,1102.4
24770007467000,62,33,29,2225.8
24770007565000,74,43,31,2538.2
24770007566000,437,222,215,16649.7
24770007567000,115,60,55,3634
24770007582000,12,7,5,513.6
24770007586000,55,30,25,2486
24770007610000,6,1,5,192
24770007611000,120,68,52,5340
24770007612000,222,100,122,10389.6
24770007613000,21,13,8,934.5
24770007614000,56,30,26,2531.2
24770007615000,42,24,18,2373
24770007616000,20,9,11,982
24770007618000,15,5,10,412.5
24770007619000,34,17,17,1329.4
24780007356000,8,5,3,164
24780007358000,7,3,4,189.7
24780007364000,188,92,96,6354.4
24780007365000,351,180,171,13267.8
24780007366000,10,5,5,400
24780007451000,2,1,1,0
24780007456000,10,4,6,498
24780007457000,18,9,9,885.6
24780007462000,1793,909,884,67596.1
24780007463000,9,6,3,225.9
24780007467000,8,5,3,444
24780007468000,9,5,4,495.9
24780007565000,40,20,20,1656
24780007566000,1131,570,561,47049.6
24780007567000,88,47,41,3361.6
24780007586000,61,32,29,2641.3
24780007587000,4,2,2,0
24780007610000,28,17,11,1198.4
24780007611000,222,120,102,10522.8
24780007612000,105,60,45,4546.5
24780007614000,1,1,0,0
24780007616000,11,4,7,587.4
24780007617000,14,6,8,639.8
24780007618000,92,30,62,6311.2
24780007619000,129,67,62,5572.8
24780007620000,57,29,28,2257.2
24780007629000,32,15,17,1891.2
24790007357000,5,2,3,204
24790007358000,9,6,3,315.9
24790007364000,93,46,47,4296.6
24790007366000,8,4,4,251.2
24790007432000,5,2,3,297
24790007451000,26,12,14,1352
24790007462000,1724,859,865,59478
24790007463000,369,189,180,15793.2
24790007464000,2,1,1,0
24790007465000,10,7,3,346
24790007466000,5,4,1,88
24790007467000,3,2,1,0
24790007469000,25,13,12,942.5
24790007567000,39,23,16,1610.7
24790007579000,7,3,4,326.9
24790007580000,24,12,12,1048.8
24790007586000,3,1,2,0
24790007587000,15,10,5,625.5
24790007610000,39,19,20,1719.9
24790007611000,58,25,33,2685.4
24790007617000,20,9,11,818
24790007618000,6,3,3,258
24790007619000,196,94,102,7859.6
24790007620000,30,18,12,837
24790007629000,25,14,11,1265
24800007293000,2,0,2,0
24800007346000,8,5,3,295.2
24800007358000,7,3,4,357
24800007361000,2,0,2,0
24800007362000,17,10,7,737.8
24800007364000,26,11,15,694.2
24800007365000,13,7,6,660.4
24800007404000,3,2,1,0
24800007432000,8,5,3,392.8
24800007433000,34,17,17,1944.8
24800007434000,4,1,3,0
24800007435000,9,4,5,529.2
24800007451000,3,2,1,0
24800007454000,25,14,11,1237.5
24800007457000,37,17,20,1794.5
24800007462000,940,476,464,28012
24800007463000,1517,769,748,55067.1
24800007464000,122,63,59,5612
24800007466000,10,5,5,425
24800007469000,3,2,1,0
24800007470000,64,35,29,2316.8
24800007567000,2,1,1,0
24800007568000,126,69,57,4788
24800007569000,393,203,190,15720
24800007570000,5,4,1,244
24800007579000,2,1,1,0
24800007587000,10,7,3,464
24800007610000,9,5,4,483.3
24800007611000,1,1,0,0
24800007618000,6,3,3,432
24800007619000,9,4,5,549.9
24800007620000,3,2,1,0
24800007621000,14,5,9,628.6
24800007626000,8,4,4,436
24810007338000,2,2,0,0
24810007357000,10,4,6,285
24810007362000,4,1,3,0
24810007404000,8,3,5,315.2
24810007405000,8,6,2,390.4
24810007406000,2,1,1,0
24810007431000,7,2,5,317.1
24810007432000,65,33,32,2814.5
24810007433000,5,4,1,288
24810007434000,1,1,0,0
24810007435000,11,6,5,663.3
24810007436000,4,3,1,0
24810007439000,1,1,0,0
24810007455000,12,8,4,387.6
24810007457000,57,35,22,2319.9
24810007462000,241,127,114,7278.2
24810007463000,1499,734,765,57111.9
24810007464000,989,507,482,35604
24810007467000,10,6,4,534
24810007470000,14,8,6,582.4
24810007471000,30,13,17,1242
24810007472000,58,29,29,1885
24810007568000,616,277,339,29260
24810007569000,1165,589,576,47765
24810007570000,621,318,303,22107.6
24810007589000,5,2,3,276
24810007611000,23,12,11,1124.7
24810007612000,1,0,1,0
24810007618000,23,13,10,1104
24810007622000,16,8,8,729.6
24810007623000,14,7,7,631.4
24810007632000,2,1,1,0
24810007633000,11,4,7,643.5
24820007355000,10,7,3,303
24820007357000,1,1,0,0
24820007361000,6,2,4,175.8
24820007362000,10,6,4,534
24820007364000,1,1,0,0
24820007365000,3,1,2,0
24820007407000,23,14,9,1081
24820007431000,6,3,3,321
24820007432000,97,51,46,4180.7
24820007452000,13,7,6,431.6
24820007453000,3,2,1,0
24820007454000,19,12,7,875.9
24820007457000,75,36,39,2835
24820007462000,53,26,27,2045.8
24820007463000,1232,670,562,42996.8
24820007464000,1105,559,546,39006.5
24820007467000,12,8,4,681.6
24820007472000,10,5,5,430
24820007473000,9,3,6,358.2
24820007568000,142,69,73,7597
24820007569000,1140,603,537,44916
24820007570000,507,239,268,20584.2
24820007587000,1,1,0,0
24820007589000,2,1,1,0
24820007611000,1,1,0,0
24820007612000,27,15,12,1193.4
24820007618000,19,10,9,841.7
24820007622000,1,1,0,0
24820007623000,14,7,7,722.4
24820007624000,5,3,2,202
24820007625000,7,3,4,436.1
24820007626000,6,3,3,397.8
24820007632000,1,0,1,0
24820007633000,2,1,1,0
24830007355000,6,2,4,340.8
24830007359000,10,5,5,418
24830007360000,1,1,0,0
24830007362000,26,12,14,618.8
24830007363000,3,2,1,0
24830007408000,2,1,1,0
24830007409000,12,5,7,396
24830007415000,2,1,1,0
24830007431000,16,9,7,801.6
24830007432000,2,0,2,0
24830007454000,11,3,8,524.7
24830007455000,78,40,38,2659.8
24830007456000,96,48,48,4089.6
24830007457000,184,98,86,7672.8
24830007458000,65,34,31,2060.5
24830007463000,633,335,298,19053.3
24830007464000,57,24,33,1613.1
24830007465000,1,0,1,0
24830007467000,20,10,10,874
24830007473000,146,82,64,5767
24830007474000,10,4,6,306
24830007476000,12,7,5,279.6
24830007477000,20,10,10,616
24830007569000,20,8,12,812
24830007578000,1,0,1,0
24830007585000,3,1,2,0
24830007611000,1,1,0,0
24830007612000,32,15,17,2028.8
24830007616000,16,8,8,862.4
24830007617000,5,3,2,378
24830007618000,11,7,4,636.9
24830007619000,3,2,1,0
24830007620000,15,8,7,756
24830007621000,16,11,5,609.6
24830007622000,1,0,1,0
24830007623000,76,39,37,2888
24830007624000,59,31,28,2519.3
24830007625000,77,44,33,3526.6
24830007626000,4,1,3,0
24840007354000,1,1,0,0
24840007355000,3,1,2,0
24840007356000,8,2,6,211.2
24840007360000,22,10,12,796.4
24840007364000,2,1,1,0
24840007411000,1,0,1,0
24840007415000,1,0,1,0
24840007416000,1,1,0,0
24840007417000,3,2,1,0
24840007430000,13,7,6,604.5
24840007431000,11,5,6,592.9
24840007455000,15,6,9,667.5
24840007456000,17,8,9,754.8
24840007457000,20,11,9,790
24840007458000,9,6,3,342.9
24840007463000,95,46,49,3173
24840007464000,91,47,44,3858.4
24840007465000,12,4,8,517.2
24840007466000,24,11,13,804
24840007467000,6,2,4,337.2
24840007473000,7,4,3,275.1
24840007474000,197,98,99,5969.1
24840007475000,40,23,17,1852
24840007476000,56,29,27,2245.6
24840007477000,1,1,0,0
24840007590000,1,0,1,0
24840007591000,18,11,7,894.6
24840007605000,1,0,1,0
24840007612000,44,22,22,1751.2
24840007613000,27,12,15,1212.3
24840007614000,7,6,1,340.2
24840007615000,1,1,0,0
24840007616000,14,5,9,670.6
24840007617000,4,2,2,0
24840007620000,5,3,2,321
24840007623000,10,5,5,511
24840007624000,17,8,9,897.6
24840007625000,13,8,5,832
24850007354000,4,1,3,0
24850007355000,5,3,2,190
24850007360000,5,4,1,221
24850007364000,14,8,6,530.6
24850007411000,2,2,0,0
24850007412000,9,5,4,488.7
24850007413000,4,3,1,0
24850007414000,5,3,2,330
24850007415000,3,2,1,0
24850007418000,1,1,0,0
24850007430000,8,4,4,415.2
24850007431000,22,12,10,1196.8
24850007453000,7,5,2,175
24850007454000,19,7,12,798
24850007455000,7,4,3,396.9
24850007457000,1,1,0,0
24850007464000,49,25,24,1783.6
24850007467000,6,2,4,333
24850007474000,7,3,4,284.9
24850007475000,25,12,13,950
24850007476000,17,11,6,559.3
24850007559000,2,2,0,0
24850007561000,130,64,66,5876
24850007569000,2,0,2,0
24850007578000,3,2,1,0
24850007579000,3,3,0,0
24850007590000,6,4,2,165
24850007591000,10,6,4,534
24850007603000,10,6,4,559
24850007606000,4,2,2,0
24850007607000,7,3,4,370.3
24850007613000,2,0,2,0
24850007614000,4,3,1,0
24850007615000,13,7,6,717.6
24850007616000,19,9,10,809.4
24850007620000,1,0,1,0
24850007621000,1,0,1,0
24850007623000,10,5,5,577
24850007624000,22,13,9,935
24850007625000,40,23,17,2012
24850007626000,16,8,8,780.8
24850007630000,3,2,1,0
24850007631000,2,2,0,0
24850007632000,1,0,1,0
24860007358000,13,7,6,556.4
24860007360000,7,5,2,303.1
24860007414000,2,1,1,0
24860007415000,1,0,1,0
24860007417000,8,4,4,412
24860007418000,4,3,1,0
24860007430000,4,2,2,0
24860007431000,30,14,16,1188
24860007453000,4,2,2,0
24860007454000,14,8,6,663.6
24860007457000,22,11,11,897.6
24860007458000,6,3,3,286.8
24860007561000,68,29,39,3012.4
24860007570000,18,9,9,601.2
24860007571000,15,9,6,532.5
24860007574000,8,5,3,363.2
24860007579000,3,1,2,0
24860007590000,7,4,3,401.1
24860007602000,10,7,3,361
24860007603000,6,2,4,345
24860007607000,16,8,8,980.8
24860007616000,12,7,5,567.6
24860007622000,9,4,5,351.9
24860007626000,2,1,1,0
24860007627000,3,1,2,0
24860007628000,2,2,0,0
24870007351000,5,2,3,163
24870007358000,6,2,4,127.2
24870007417000,5,2,3,370
24870007418000,14,7,7,628.6
24870007430000,12,7,5,574.8
24870007431000,9,4,5,441
24870007457000,51,27,24,1785
24870007458000,9,5,4,492.3
24870007459000,20,9,11,800
24870007463000,14,7,7,518
24870007464000,26,13,13,1040
24870007465000,5,4,1,162
24870007482000,5,1,4,160
24870007486000,7,3,4,322.7
24870007487000,6,4,2,222
24870007522000,2,1,1,0
24870007574000,6,4,2,264
24870007578000,6,3,3,387
24870007579000,42,23,19,2133.6
24870007587000,2,1,1,0
24870007589000,3,2,1,0
24870007590000,3,2,1,0
24870007601000,10,7,3,351
24870007602000,10,5,5,430
24870007607000,11,7,4,305.8
24870007608000,15,8,7,688.5
24870007620000,1,1,0,0
24870007622000,6,2,4,436.2
24870007623000,3,1,2,0
24870007626000,8,2,6,566.4
24870007627000,20,10,10,1100
24870007628000,7,4,3,410.2
24870007629000,1,0,1,0
24880007357000,21,12,9,663.6
24880007366000,3,1,2,0
24880007419000,1,1,0,0
24880007420000,2,1,1,0
24880007421000,5,2,3,310
24880007430000,15,7,8,849
24880007431000,22,13,9,1240.8
24880007458000,8,4,4,428
24880007460000,71,33,38,2584.4
24880007461000,121,66,55,4682.7
24880007462000,66,40,26,2765.4
24880007463000,875,438,437,29487.5
24880007464000,1765,882,883,65658
24880007465000,235,122,113,7872.5
24880007466000,131,73,58,4558.8
24880007486000,27,15,12,1409.4
24880007487000,45,23,22,2124
24880007488000,2,1,1,0
24880007568000,1,1,0,0
24880007578000,2,1,1,0
24880007580000,14,8,6,616
24880007582000,45,25,20,2191.5
24880007590000,5,2,3,176
24880007591000,9,6,3,448.2
24880007599000,3,2,1,0
24880007600000,43,24,19,1943.6
24880007606000,1,1,0,0
24880007607000,17,10,7,737.8
24880007617000,6,4,2,388.2
24880007618000,3,1,2,0
24880007619000,24,11,13,1387.2
24880007620000,6,4,2,288
24880007621000,2,1,1,0
24880007626000,5,2,3,154
24880007627000,4,2,2,0
24890007356000,6,3,3,220.8
24890007419000,4,2,2,0
24890007420000,1,0,1,0
24890007421000,21,12,9,953.4
24890007422000,54,28,26,2446.2
24890007429000,10,5,5,624
24890007430000,35,18,17,1858.5
24890007431000,12,7,5,514.8
24890007452000,17,9,8,659.6
24890007460000,37,19,18,1309.8
24890007461000,22,12,10,869
24890007464000,245,131,114,9285.5
24890007465000,91,44,47,2757.3
24890007467000,5,3,2,153
24890007469000,3,1,2,0
24890007479000,25,11,14,1067.5
24890007480000,11,6,5,451
24890007486000,2,1,1,0
24890007487000,1,0,1,0
24890007488000,4,2,2,0
24890007489000,35,17,18,1578.5
24890007580000,40,22,18,2048
24890007581000,32,18,14,1638.4
24890007582000,63,37,26,2759.4
24890007583000,9,5,4,381.6
24890007591000,56,31,25,2923.2
24890007598000,3,2,1,0
24890007599000,40,18,22,1480
24890007600000,3,2,1,0
24890007605000,12,8,4,680.4
24890007606000,11,6,5,503.8
24890007607000,22,9,13,930.6
24890007617000,1,0,1,0
24890007618000,6,3,3,409.8
24890007619000,6,3,3,388.8
24890007628000,3,1,2,0
24900007355000,15,8,7,487.5
24900007367000,2,1,1,0
24900007419000,3,1,2,0
24900007421000,37,18,19,1383.8
24900007422000,29,17,12,1302.1
24900007423000,19,11,8,938.6
24900007424000,20,9,11,806
24900007426000,4,2,2,0
24900007428000,15,9,6,630
24900007429000,46,21,25,2226.4
24900007430000,56,29,27,2408
24900007457000,6,4,2,360
24900007470000,16,10,6,750.4
24900007479000,58,32,26,2412.8
24900007480000,8,4,4,468
24900007489000,117,57,60,5896.8
24900007505000,1,0,1,0
24900007512000,88,48,40,3880.8
24900007513000,45,21,24,1777.5
24900007524000,7,4,3,237.3
24900007579000,11,7,4,550
24900007580000,3,2,1,0
24900007583000,6,4,2,304.8
24900007591000,7,3,4,245
24900007598000,228,115,113,9097.2
24900007599000,3,2,1,0
24900007607000,9,5,4,316.8
24900007611000,2,1,1,0
24900007616000,1,1,0,0
24900007617000,1,1,0,0
24900007636000,1,0,1,0
24910007354000,13,7,6,637
24910007355000,4,3,1,0
24910007425000,5,2,3,306
24910007426000,4,3,1,0
24910007428000,11,5,6,539
24910007429000,14,6,8,746.2
24910007453000,1,1,0,0
24910007463000,1,1,0,0
24910007464000,1,1,0,0
24910007480000,3,2,1,0
24910007489000,21,10,11,865.2
24910007490000,28,16,12,1366.4
24910007513000,106,48,58,4621.6
24910007521000,4,3,1,0
24910007523000,17,9,8,362.1
24910007524000,53,27,26,3031.6
24910007569000,1,1,0,0
24910007585000,1,0,1,0
24910007591000,3,2,1,0
24910007598000,750,372,378,29700
24910007599000,76,39,37,3488.4
24910007606000,6,2,4,121.8
24910007607000,6,4,2,229.8
24910007613000,2,1,1,0
24920007353000,10,7,3,361
24920007354000,1,1,0,0
24920007355000,11,6,5,234.3
24920007368000,3,2,1,0
24920007369000,27,17,10,1439.1
24920007370000,3,2,1,0
24920007419000,5,2,3,270
24920007420000,3,1,2,0
24920007426000,5,3,2,296
24920007427000,4,2,2,0
24920007428000,30,17,13,1389
24920007429000,1,1,0,0
24920007454000,3,1,2,0
24920007457000,2,1,1,0
24920007461000,4,2,2,0
24920007462000,27,16,11,988.2
24920007463000,14,7,7,670.6
24920007464000,19,9,10,986.1
24920007490000,5,3,2,347
24920007491000,1,0,1,0
24920007511000,3,1,2,0
24920007513000,30,15,15,1206
24920007518000,4,2,2,0
24920007520000,1,1,0,0
24920007521000,7,3,4,483.7
24920007524000,8,4,4,496
24920007585000,1,0,1,0
24920007590000,15,10,5,730.5
24920007591000,28,20,8,1117.2
24920007598000,296,150,146,13556.8
24920007599000,702,361,341,28782
24920007606000,7,3,4,459.2
24920007607000,12,8,4,387.6
24920007611000,12,7,5,495.6
24920007612000,21,15,6,995.4
24920007613000,5,2,3,339
24920007614000,27,10,17,1012.5
24920007633000,1,1,0,0
24930007355000,4,1,3,0
24930007371000,7,4,3,403.2
24930007372000,4,3,1,0
24930007419000,5,2,3,185
24930007425000,3,3,0,0
24930007461000,18,8,10,781.2
24930007462000,65,35,30,2210
24930007463000,6,3,3,381
24930007464000,10,4,6,615
24930007470000,2,1,1,0
24930007471000,7,2,5,163.8
24930007491000,19,9,10,712.5
24930007511000,1,0,1,0
24930007513000,45,20,25,1845
24930007518000,2,1,1,0
24930007521000,5,2,3,292
24930007568000,7,3,4,326.9
24930007569000,2,0,2,0
24930007598000,71,38,33,3145.3
24930007599000,130,65,65,4810
24930007605000,2,0,2,0
24930007606000,37,19,18,1428.2
24930007608000,1,0,1,0
24930007609000,3,1,2,0
24930007611000,27,15,12,1269
24930007612000,2,1,1,0
24930007614000,2,2,0,0
24930007632000,1,1,0,0
24940007418000,4,2,2,0
24940007462000,1,0,1,0
24940007463000,3,2,1,0
24940007486000,4,1,3,0
24940007491000,4,2,2,0
24940007492000,7,3,4,217
24940007513000,49,23,26,2332.4
24940007527000,2,1,1,0
24940007568000,3,2,1,0
24940007575000,2,1,1,0
24940007598000,17,8,9,833
24940007599000,29,16,13,1003.4
24940007605000,94,46,48,3365.2
24940007606000,355,177,178,12922
24940007608000,49,26,23,1803.2
24940007609000,19,12,7,608
24940007611000,36,18,18,1360.8
24940007612000,6,4,2,120
24940007615000,2,1,1,0
24950007376000,3,1,2,0
24950007448000,11,5,6,789.8
24950007451000,7,3,4,235.9
24950007456000,14,9,5,681.8
24950007486000,5,2,3,190
24950007511000,4,2,2,0
24950007512000,33,19,14,1841.4
24950007513000,21,8,13,672
24950007519000,12,8,4,495.6
24950007529000,17,9,8,802.4
24950007576000,1,0,1,0
24950007593000,7,2,5,447.3
24950007598000,10,6,4,603
24950007599000,46,21,25,2681.8
24950007605000,275,133,142,9982.5
24950007606000,545,287,258,22672
24950007608000,226,106,120,9062.6
24950007610000,6,3,3,217.8
24950007640000,6,3,3,265.8
24960007376000,15,7,8,820.5
24960007437000,2,1,1,0
24960007448000,6,3,3,307.2
24960007452000,6,3,3,487.2
24960007453000,16,9,7,675.2
24960007456000,6,3,3,297
24960007457000,9,6,3,325.8
24960007463000,7,3,4,140.7
24960007464000,1,0,1,0
24960007486000,6,3,3,201
24960007527000,7,3,4,280.7
24960007577000,2,1,1,0
24960007593000,6,4,2,135
24960007599000,25,11,14,1240
24960007604000,236,115,121,9746.8
24960007605000,681,329,352,28057.2
24960007606000,287,144,143,13460.3
24960007607000,10,5,5,314
24960007608000,157,75,82,6562.6
24960007615000,7,3,4,345.1
24960007616000,16,9,7,745.6
24960007633000,2,1,1,0
24960007640000,15,6,9,993
24970007375000,14,6,8,676.2
24970007376000,11,5,6,487.3
24970007418000,1,1,0,0
24970007445000,5,3,2,307
24970007446000,4,2,2,0
24970007447000,2,1,1,0
24970007449000,2,1,1,0
24970007453000,16,11,5,617.6
24970007454000,10,7,3,497
24970007457000,8,5,3,264
24970007463000,2,1,1,0
24970007464000,6,4,2,222
24970007505000,4,3,1,0
24970007527000,3,1,2,0
24970007533000,2,2,0,0
24970007534000,5,2,3,207
24970007535000,1,0,1,0
24970007574000,12,8,4,814.8
24970007576000,1,0,1,0
24970007599000,1,0,1,0
24970007600000,3,2,1,0
24970007601000,22,11,11,831.6
24970007604000,103,54,49,4171.5
24970007605000,112,57,55,3628.8
24970007606000,542,290,252,23631.2
24970007608000,27,15,12,1290.6
24970007616000,1,0,1,0
24970007617000,6,4,2,319.2
24970007630000,2,1,1,0
24970007631000,8,4,4,568.8
24970007632000,1,0,1,0
24970007640000,5,2,3,263
24980007375000,5,4,1,218
24980007439000,12,6,6,568.8
24980007441000,1,1,0,0
24980007442000,17,9,8,821.1
24980007447000,4,2,2,0
24980007453000,25,13,12,1117.5
24980007458000,33,21,12,1108.8
24980007459000,2,1,1,0
24980007506000,11,4,7,543.4
24980007515000,2,1,1,0
24980007519000,5,2,3,218
24980007534000,1,1,0,0
24980007535000,7,3,4,210.7
24980007536000,34,16,18,1343
24980007601000,29,14,15,1571.8
24980007602000,15,8,7,748.5
24980007603000,1,1,0,0
24980007604000,5,2,3,315
24980007605000,8,4,4,396.8
24980007606000,154,74,80,6529.6
24980007608000,49,27,22,1969.8
24980007616000,1,1,0,0
24980007617000,17,9,8,605.2
24980007629000,1,1,0,0
24980007630000,1,1,0,0
24990007435000,1,1,0,0
24990007436000,11,5,6,480.7
24990007437000,10,4,6,465
24990007439000,13,6,7,669.5
24990007440000,7,5,2,258.3
24990007441000,3,1,2,0
24990007444000,75,37,38,3750
24990007445000,11,3,8,456.5
24990007446000,2,2,0,0
24990007453000,10,6,4,377
24990007454000,4,3,1,0
24990007457000,4,2,2,0
24990007464000,13,5,8,470.6
24990007465000,10,6,4,539
24990007486000,2,1,1,0
24990007495000,3,1,2,0
24990007496000,3,1,2,0
24990007507000,1,1,0,0
24990007514000,13,7,6,773.5
24990007519000,5,3,2,248
24990007520000,5,2,3,140
24990007527000,3,1,2,0
24990007528000,3,2,1,0
24990007534000,18,9,9,752.4
24990007535000,39,16,23,1353.3
24990007577000,64,32,32,2662.4
24990007578000,5,3,2,324
24990007602000,29,13,16,1200.6
24990007603000,25,12,13,1110
24990007604000,44,26,18,1834.8
24990007608000,35,20,15,1386
24990007617000,2,1,1,0
24990007628000,2,1,1,0
24990007629000,3,2,1,0
24990007638000,1,1,0,0
25000007429000,1,0,1,0
25000007435000,17,9,8,826.2
25000007436000,4,3,1,0
25000007439000,6,3,3,226.8
25000007440000,10,6,4,498
25000007443000,2,1,1,0
25000007444000,165,75,90,8200.5
25000007445000,30,17,13,1473
25000007456000,4,2,2,0
25000007457000,93,50,43,4352.4
25000007464000,3,1,2,0
25000007466000,2,1,1,0
25000007487000,4,2,2,0
25000007507000,10,6,4,602
25000007514000,8,4,4,406.4
25000007517000,227,112,115,9897.2
25000007518000,3,2,1,0
25000007519000,19,10,9,746.7
25000007528000,2,1,1,0
25000007534000,58,29,29,2563.6
25000007537000,4,1,3,0
25000007538000,10,7,3,295
25000007539000,15,6,9,592.5
25000007572000,13,6,7,655.2
25000007576000,11,6,5,496.1
25000007608000,5,4,1,270
25000007609000,1,1,0,0
25000007631000,9,5,4,473.4
25000007632000,1,1,0,0
25000007633000,4,2,2,0
25000007634000,16,9,7,788.8
25000007635000,5,3,2,132
25000007653000,20,11,9,748
25000007654000,3,1,2,0
25010007373000,2,1,1,0
25010007435000,2,1,1,0
25010007438000,1,0,1,0
25010007444000,6,4,2,334.2
25010007456000,4,1,3,0
25010007457000,27,17,10,1182.6
25010007467000,1,1,0,0
25010007486000,2,1,1,0
25010007507000,25,12,13,1080
25010007513000,5,3,2,346
25010007514000,19,9,10,1081.1
25010007516000,63,36,27,2935.8
25010007517000,55,25,30,2486
25010007519000,16,8,8,683.2
25010007528000,2,1,1,0
25010007530000,1,0,1,0
25010007533000,9,6,3,333.9
25010007534000,34,17,17,1431.4
25010007538000,39,19,20,1899.3
25010007539000,8,3,5,412.8
25010007576000,6,4,2,274.2
25010007592000,4,2,2,0
25010007593000,1,1,0,0
25010007594000,1,0,1,0
25010007607000,20,11,9,792
25010007609000,20,8,12,668
25010007618000,2,1,1,0
25010007628000,5,1,4,175
25010007630000,27,10,17,1201.5
25010007631000,21,8,13,898.8
25010007643000,13,7,6,436.8
25010007646000,31,16,15,1181.1
25010007653000,1,1,0,0
25020007508000,5,1,4,338
25020007509000,3,1,2,0
25020007514000,1,1,0,0
25020007519000,24,15,9,1128
25020007520000,8,4,4,334.4
25020007529000,2,1,1,0
25020007531000,8,3,5,214.4
25020007533000,19,8,11,881.6
25020007534000,1,0,1,0
25020007538000,2,1,1,0
25020007575000,1,1,0,0
25020007576000,12,5,7,571.2
25020007577000,5,2,3,315
25020007581000,2,1,1,0
25020007582000,1,1,0,0
25020007593000,2,1,1,0
25020007607000,3,2,1,0
25020007608000,3,0,3,0
25020007609000,12,7,5,524.4
25020007618000,9,4,5,356.4
25020007619000,11,5,6,421.3
25020007627000,4,2,2,0
25020007628000,19,11,8,697.3
25020007642000,33,17,16,1161.6
25020007643000,242,133,109,9462.2
25020007644000,292,145,147,11884.4
25020007645000,298,144,154,11592.2
25020007646000,25,13,12,925
25030007467000,10,4,6,286
25030007509000,13,7,6,508.3
25030007516000,5,2,3,274
25030007520000,3,1,2,0
25030007521000,1,1,0,0
25030007528000,2,1,1,0
25030007529000,2,1,1,0
25030007530000,2,1,1,0
25030007531000,8,3,5,334.4
25030007532000,3,2,1,0
25030007533000,12,8,4,558
25030007534000,33,13,20,1521.3
25030007575000,3,2,1,0
25030007576000,4,2,2,0
25030007609000,16,10,6,691.2
25030007610000,11,4,7,434.5
25030007627000,12,7,5,429.6
25030007641000,24,14,10,902.4
25030007642000,51,27,24,1881.9
25030007643000,182,93,89,6952.4
25030007644000,565,261,304,25933.5
25030007645000,584,309,275,24995.2
25040007369000,1,1,0,0
25040007371000,2,1,1,0
25040007462000,27,10,17,1117.8
25040007488000,1,1,0,0
25040007494000,3,3,0,0
25040007509000,2,0,2,0
25040007510000,12,7,5,637.2
25040007515000,3,1,2,0
25040007527000,9,4,5,366.3
25040007528000,1,1,0,0
25040007530000,2,1,1,0
25040007531000,12,6,6,594
25040007534000,10,6,4,570
25040007539000,1,1,0,0
25040007540000,3,2,1,0
25040007542000,2,1,1,0
25040007572000,1,0,1,0
25040007586000,4,1,3,0
25040007610000,54,28,26,2721.6
25040007611000,59,33,26,2100.4
25040007621000,23,14,9,1127
25040007622000,6,3,3,297
25040007627000,31,16,15,1512.8
25040007638000,30,15,15,1371
25040007639000,9,5,4,371.7
25040007641000,3,2,1,0
25040007642000,5,1,4,174
25040007643000,29,15,14,1487.7
25040007644000,84,42,42,3091.2
25040007645000,18,9,9,855
25040007646000,40,23,17,1540
25040007647000,48,29,19,2256
25040007656000,31,15,16,1475.6
25050007369000,3,1,2,0
25050007454000,8,4,4,440.8
25050007455000,2,1,1,0
25050007461000,14,7,7,390.6
25050007462000,22,12,10,785.4
25050007463000,37,18,19,1383.8
25050007494000,7,4,3,375.9
25050007510000,5,2,3,205
25050007511000,4,2,2,0
25050007515000,5,3,2,240
25050007516000,17,9,8,547.4
25050007522000,3,2,1,0
25050007523000,3,1,2,0
25050007528000,1,1,0,0
25050007531000,1,0,1,0
25050007533000,5,2,3,382
25050007534000,16,9,7,502.4
25050007538000,15,8,7,732
25050007542000,2,1,1,0
25050007587000,6,4,2,337.8
25050007596000,6,2,4,382.2
25050007610000,5,3,2,289
25050007611000,43,24,19,1909.2
25050007620000,2,1,1,0
25050007621000,37,21,16,1750.1
25050007622000,12,6,6,486
25050007623000,26,13,13,1099.8
25050007624000,123,61,62,4587.9
25050007625000,36,15,21,1432.8
25050007626000,34,16,18,1526.6
25050007627000,58,39,19,2534.6
25050007628000,6,3,3,241.2
25050007637000,23,11,12,1087.9
25050007642000,36,19,17,1191.6
25050007643000,78,39,39,2979.6
25050007644000,28,16,12,1246
25050007647000,4,3,1,0
25050007648000,8,5,3,374.4
25050007655000,5,3,2,304
25050007656000,123,64,59,4526.4
25060007369000,5,2,3,350
25060007454000,57,29,28,2587.8
25060007460000,18,9,9,934.2
25060007461000,16,10,6,640
25060007462000,28,15,13,1159.2
25060007463000,52,27,25,2475.2
25060007464000,57,27,30,2308.5
25060007511000,8,6,2,344
25060007512000,2,1,1,0
25060007516000,13,7,6,535.6
25060007517000,20,9,11,748
25060007518000,2,1,1,0
25060007524000,7,5,2,382.9
25060007525000,6,4,2,258
25060007530000,2,2,0,0
25060007531000,2,1,1,0
25060007533000,43,27,16,1771.6
25060007534000,12,7,5,751.2
25060007537000,4,3,1,0
25060007589000,2,0,2,0
25060007590000,6,4,2,208.8
25060007591000,1,0,1,0
25060007596000,1,1,0,0
25060007611000,82,39,43,3960.6
25060007618000,4,2,2,0
25060007620000,15,9,6,679.5
25060007621000,11,6,5,501.6
25060007622000,108,59,49,3844.8
25060007623000,57,31,26,1767
25060007624000,16,8,8,529.6
25060007626000,24,9,15,950.4
25060007627000,9,5,4,576
25060007633000,62,34,28,2777.6
25060007634000,27,14,13,1166.4
25060007637000,2,1,1,0
25060007643000,13,7,6,591.5
25060007644000,16,9,7,652.8
25060007649000,83,39,44,3361.5
25060007651000,8,2,6,411.2
25060007652000,29,18,11,1252.8
25060007654000,3,2,1,0
25060007655000,14,6,8,558.6
25060007656000,8,4,4,563.2
25070007453000,2,1,1,0
25070007454000,49,25,24,2058
25070007459000,27,13,14,1287.9
25070007460000,18,7,11,876.6
25070007463000,42,20,22,1146.6
25070007464000,165,92,73,6534
25070007465000,228,110,118,9211.2
25070007467000,31,18,13,1162.5
25070007468000,31,16,15,1236.9
25070007511000,2,1,1,0
25070007512000,6,3,3,436.2
25070007513000,1,1,0,0
25070007514000,7,3,4,527.8
25070007515000,6,4,2,301.2
25070007517000,17,9,8,683.4
25070007525000,7,5,2,273.7
25070007526000,3,2,1,0
25070007528000,3,2,1,0
25070007531000,26,14,12,1138.8
25070007533000,35,17,18,1547
25070007534000,25,12,13,927.5
25070007537000,5,4,1,114
25070007579000,4,2,2,0
25070007595000,4,4,0,0
25070007602000,12,8,4,669.6
25070007603000,4,2,2,0
25070007611000,4,2,2,0
25070007612000,25,14,11,1090
25070007619000,4,3,1,0
25070007620000,39,18,21,1684.8
25070007621000,24,13,11,1190.4
25070007622000,23,14,9,738.3
25070007623000,5,3,2,164
25070007627000,17,10,7,533.8
25070007633000,17,7,10,637.5
25070007642000,1,1,0,0
25070007644000,28,16,12,938
25070007645000,4,3,1,0
25070007649000,82,40,42,3173.4
25070007650000,33,17,16,1719.3
25070007651000,18,8,10,687.6
25070007652000,49,27,22,1817.9
25070007653000,9,4,5,385.2
25070007655000,1,1,0,0
25080007460000,14,9,5,652.4
25080007464000,55,28,27,3476
25080007465000,84,40,44,2923.2
25080007467000,5,3,2,182
25080007468000,5,3,2,265
25080007513000,16,8,8,748.8
25080007515000,9,4,5,305.1
25080007526000,3,1,2,0
25080007527000,3,3,0,0
25080007529000,10,5,5,474
25080007530000,19,6,13,1130.5
25080007531000,98,49,49,4468.8
25080007535000,13,7,6,442
25080007537000,2,1,1,0
25080007590000,5,4,1,336
25080007591000,2,1,1,0
25080007602000,39,20,19,2195.7
25080007603000,33,18,15,1329.9
25080007604000,44,22,22,2380.4
25080007605000,8,5,3,528
25080007606000,2,1,1,0
25080007612000,1,1,0,0
25080007613000,40,21,19,2028
25080007621000,5,3,2,278
25080007622000,14,8,6,515.2
25080007626000,9,4,5,489.6
25080007627000,6,3,3,247.2
25080007633000,14,9,5,508.2
25080007643000,9,5,4,276.3
25080007644000,50,25,25,1860
25080007645000,16,6,10,643.2
25090007460000,34,18,16,1577.6
25090007461000,18,11,7,653.4
25090007465000,34,19,15,1145.8
25090007469000,3,2,1,0
25090007470000,19,8,11,661.2
25090007484000,8,4,4,322.4
25090007497000,1,1,0,0
25090007516000,133,70,63,5386.5
25090007535000,8,4,4,336
25090007536000,11,4,7,452.1
25090007537000,6,3,3,367.2
25090007598000,3,2,1,0
25090007599000,2,1,1,0
25090007602000,54,20,34,2770.2
25090007605000,5,3,2,192
25090007606000,19,8,11,1033.6
25090007607000,5,2,3,251
25090007613000,43,22,21,1926.4
25090007614000,3,2,1,0
25090007621000,3,1,2,0
25090007622000,15,9,6,688.5
25090007626000,2,1,1,0
25090007627000,24,15,9,729.6
25090007634000,7,4,3,382.9
25090007643000,4,3,1,0
25090007644000,47,26,21,1964.6
25090007645000,31,15,16,1143.9
25100007457000,1,1,0,0
25100007461000,33,24,9,1171.5
25100007465000,65,32,33,3016
25100007467000,2,1,1,0
25100007469000,7,4,3,436.8
25100007470000,9,5,4,416.7
25100007471000,20,9,11,688
25100007472000,6,3,3,180
25100007507000,1,1,0,0
25100007516000,54,21,33,1895.4
25100007517000,36,21,15,1998
25100007528000,1,1,0,0
25100007529000,3,2,1,0
25100007530000,4,2,2,0
25100007534000,5,3,2,170
25100007535000,25,13,12,1055
25100007584000,2,1,1,0
25100007600000,2,1,1,0
25100007601000,7,3,4,394.1
25100007602000,32,19,13,1907.2
25100007607000,3,2,1,0
25100007613000,13,10,3,495.3
25100007614000,72,38,34,3110.4
25100007621000,8,4,4,458.4
25100007622000,11,5,6,338.8
25100007626000,3,1,2,0
25100007627000,14,9,5,477.4
25100007634000,1,0,1,0
25100007638000,5,3,2,182
25100007642000,18,10,8,979.2
25100007643000,87,48,39,3453.9
25100007644000,14,7,7,583.8
25100007645000,15,5,10,670.5
25100007646000,8,4,4,492
25100007647000,50,24,26,2115
25110007438000,4,3,1,0
25110007440000,1,0,1,0
25110007457000,6,3,3,352.8
25110007461000,9,5,4,440.1
25110007466000,5,3,2,201
25110007467000,17,10,7,819.4
25110007468000,52,27,25,1929.2
25110007469000,53,23,30,2120
25110007470000,40,20,20,1584
25110007472000,3,1,2,0
25110007473000,6,4,2,411
25110007517000,14,5,9,743.4
25110007529000,1,0,1,0
25110007530000,18,8,10,779.4
25110007531000,6,4,2,307.8
25110007534000,2,1,1,0
25110007535000,5,3,2,347
25110007600000,1,1,0,0
25110007601000,31,17,14,1832.1
25110007602000,1,1,0,0
25110007606000,28,14,14,1349.6
25110007607000,10,4,6,398
25110007614000,106,52,54,3678.2
25110007615000,59,35,24,2283.3
25110007621000,4,2,2,0
25110007622000,5,2,3,210
25110007626000,19,9,10,739.1
25110007627000,33,13,20,1379.4
25110007628000,21,11,10,798
25110007629000,1,1,0,0
25110007638000,1,1,0,0
25110007639000,36,17,19,1573.2
25110007640000,39,21,18,1665.3
25110007641000,28,15,13,1444.8
25110007642000,94,44,50,4295.8
25110007643000,244,113,131,10443.2
25110007644000,31,16,15,1286.5
25110007645000,23,12,11,1092.5
25110007646000,3,1,2,0
25110007647000,6,5,1,261
25110007648000,1,1,0,0
25120007415000,5,3,2,238
25120007417000,4,2,2,0
25120007418000,5,3,2,150
25120007419000,9,4,5,700.2
25120007425000,20,9,11,846
25120007429000,1,0,1,0
25120007453000,1,1,0,0
25120007460000,4,3,1,0
25120007461000,6,2,4,211.8
25120007469000,2,1,1,0
25120007470000,23,14,9,650.9
25120007471000,15,10,5,700.5
25120007472000,18,13,5,741.6
25120007473000,1,1,0,0
25120007508000,2,1,1,0
25120007512000,1,0,1,0
25120007519000,18,11,7,844.2
25120007520000,17,8,9,622.2
25120007606000,10,4,6,393
25120007615000,47,23,24,1673.2
25120007616000,47,29,18,1579.2
25120007626000,40,19,21,1524
25120007628000,1,0,1,0
25120007629000,3,2,1,0
25120007631000,4,2,2,0
25120007632000,17,7,10,482.8
25120007642000,4,3,1,0
25120007643000,11,7,4,301.4
25130007414000,2,2,0,0
25130007415000,1,0,1,0
25130007417000,2,1,1,0
25130007419000,14,6,8,679
25130007420000,20,11,9,888
25130007421000,13,9,4,594.1
25130007422000,12,6,6,596.4
25130007423000,22,13,9,888.8
25130007424000,35,16,19,1449
25130007425000,62,35,27,2380.8
25130007426000,45,23,22,1728
25130007427000,23,13,10,1108.6
25130007428000,20,12,8,812
25130007429000,181,101,80,7384.8
25130007430000,73,36,37,3518.6
25130007431000,16,10,6,793.6
25130007443000,6,1,5,145.8
25130007457000,5,3,2,210
25130007458000,4,1,3,0
25130007461000,32,16,16,1686.4
25130007473000,3,2,1,0
25130007474000,2,1,1,0
25130007477000,1,1,0,0
25130007519000,14,7,7,799.4
25130007533000,1,1,0,0
25130007544000,144,72,72,6710.4
25130007545000,32,15,17,1548.8
25130007615000,29,18,11,1209.3
25130007616000,91,51,40,3303.3
25130007625000,16,11,5,556.8
25130007626000,71,41,30,2896.8
25130007631000,13,6,7,607.1
25130007639000,4,3,1,0
25140007414000,1,1,0,0
25140007421000,1,1,0,0
25140007422000,10,5,5,570
25140007423000,33,15,18,1402.5
25140007424000,4,3,1,0
25140007428000,10,6,4,459
25140007429000,60,33,27,2808
25140007430000,78,41,37,3658.2
25140007431000,92,59,33,3238.4
25140007432000,50,25,25,2000
25140007433000,58,31,27,2708.6
25140007458000,31,14,17,1497.3
25140007459000,5,3,2,289
25140007460000,2,1,1,0
25140007461000,59,33,26,2395.4
25140007473000,2,1,1,0
25140007474000,2,1,1,0
25140007475000,9,3,6,411.3
25140007520000,1,1,0,0
25140007533000,15,8,7,832.5
25140007544000,12,7,5,364.8
25140007545000,4,1,3,0
25140007546000,9,4,5,425.7
25140007582000,4,3,1,0
25140007587000,5,2,3,369
25140007588000,4,2,2,0
25140007606000,1,1,0,0
25140007609000,3,1,2,0
25140007616000,35,17,18,1106
25140007617000,102,50,52,3784.2
25140007618000,4,1,3,0
25140007625000,30,16,14,1287
25140007632000,11,8,3,500.5
25150007413000,3,1,2,0
25150007423000,4,3,1,0
25150007428000,2,2,0,0
25150007429000,9,3,6,461.7
25150007432000,8,4,4,316.8
25150007433000,12,7,5,508.8
25150007434000,40,20,20,1556
25150007435000,11,7,4,577.5
25150007438000,3,1,2,0
25150007439000,2,1,1,0
25150007440000,312,169,143,12979.2
25150007441000,37,19,18,1746.4
25150007443000,2,2,0,0
25150007444000,5,2,3,345
25150007456000,7,3,4,312.9
25150007459000,589,287,302,24266.8
25150007460000,952,463,489,40745.6
25150007461000,47,25,22,2293.6
25150007462000,2,1,1,0
25150007474000,9,4,5,408.6
25150007520000,4,2,2,0
25150007545000,7,3,4,245.7
25150007581000,2,1,1,0
25150007582000,6,4,2,220.2
25150007585000,4,2,2,0
25150007586000,2,1,1,0
25150007609000,35,21,14,2166.5
25150007610000,19,7,12,989.9
25150007617000,33,20,13,1263.9
25150007618000,590,292,298,22774
25150007619000,562,268,294,19838.6
25150007620000,707,365,342,26441.8
25150007621000,105,56,49,3129
25150007622000,41,22,19,1890.1
25150007623000,61,29,32,2360.7
25150007625000,28,14,14,1195.6
25150007635000,5,3,2,272
25150007636000,1,1,0,0
25160007412000,1,0,1,0
25160007424000,2,1,1,0
25160007426000,6,3,3,355.8
25160007427000,6,3,3,373.8
25160007428000,5,2,3,237
25160007434000,4,3,1,0
25160007435000,35,17,18,1620.5
25160007436000,65,34,31,2931.5
25160007437000,56,30,26,2234.4
25160007438000,98,44,54,3988.6
25160007439000,119,62,57,5117
25160007440000,29,17,12,1235.4
25160007441000,218,114,104,10246
25160007442000,577,265,312,23772.4
25160007444000,71,40,31,2463.7
25160007445000,52,24,28,2329.6
25160007451000,2,2,0,0
25160007455000,2,1,1,0
25160007456000,77,42,35,3010.7
25160007457000,2,1,1,0
25160007459000,139,76,63,6296.7
25160007460000,967,475,492,41194.2
25160007461000,534,265,269,22161
25160007462000,4,3,1,0
25160007463000,27,14,13,804.6
25160007464000,18,12,6,678.6
25160007523000,1,1,0,0
25160007533000,9,6,3,372.6
25160007543000,14,7,7,576.8
25160007546000,6,3,3,354
25160007547000,16,4,12,748.8
25160007548000,5,2,3,233
25160007550000,6,3,3,312
25160007582000,14,6,8,785.4
25160007610000,21,12,9,1155
25160007618000,47,19,28,1381.8
25160007619000,1062,522,540,45666
25160007620000,1427,707,720,64357.7
25160007621000,846,420,426,32824.8
25160007622000,88,44,44,3405.6
25160007623000,39,22,17,1696.5
25160007624000,23,10,13,1081
25160007643000,1,0,1,0
25170007411000,10,6,4,592
25170007424000,4,2,2,0
25170007425000,2,1,1,0
25170007436000,3,2,1,0
25170007437000,10,5,5,405
25170007440000,4,3,1,0
25170007441000,97,47,50,3666.6
25170007442000,876,427,449,38894.4
25170007444000,28,14,14,1066.8
25170007447000,14,9,5,739.2
25170007449000,1,1,0,0
25170007455000,3,2,1,0
25170007456000,75,39,36,2850
25170007457000,142,67,75,5722.6
25170007458000,4,3,1,0
25170007460000,1034,514,520,48287.8
25170007461000,376,182,194,18386.4
25170007462000,2,1,1,0
25170007463000,20,12,8,678
25170007464000,29,16,13,1238.3
25170007465000,35,21,14,1403.5
25170007466000,2,1,1,0
25170007543000,12,5,7,535.2
25170007544000,5,3,2,230
25170007547000,7,4,3,373.8
25170007548000,26,13,13,1081.6
25170007549000,9,5,4,334.8
25170007557000,3,2,1,0
25170007582000,19,9,10,1045
25170007583000,2,1,1,0
25170007587000,2,1,1,0
25170007611000,10,5,5,616
25170007620000,27,13,14,1655.1
25170007621000,15,7,8,747
25170007622000,25,13,12,940
25170007641000,1,0,1,0
25170007651000,7,3,4,406.7
25170007652000,11,7,4,434.5
25170007653000,2,1,1,0
25180007424000,3,2,1,0
25180007425000,5,3,2,147
25180007427000,1,1,0,0
25180007428000,4,2,2,0
25180007429000,3,1,2,0
25180007441000,5,2,3,148
25180007442000,464,232,232,18467.2
25180007443000,9,5,4,588.6
25180007458000,33,15,18,1653.3
25180007459000,266,137,129,11305
25180007460000,557,284,273,21945.8
25180007461000,742,381,361,29531.6
25180007463000,20,12,8,750
25180007464000,50,24,26,2280
25180007465000,7,3,4,394.8
25180007466000,13,7,6,639.6
25180007548000,1,1,0,0
25180007550000,3,2,1,0
25180007558000,12,7,5,727.2
25180007581000,4,2,2,0
25180007582000,7,4,3,438.2
25180007619000,92,50,42,3339.6
25180007620000,592,305,287,21252.8
25180007621000,43,23,20,1754.4
25180007622000,1,0,1,0
25180007623000,39,21,18,1431.3
25180007626000,7,5,2,203
25180007627000,29,16,13,1055.6
25180007633000,6,5,1,208.8
25190007423000,12,4,8,411.6
25190007429000,11,5,6,666.6
25190007431000,3,2,1,0
25190007441000,1,1,0,0
25190007442000,2,1,1,0
25190007443000,9,6,3,244.8
25190007446000,25,12,13,1342.5
25190007447000,17,8,9,710.6
25190007448000,6,3,3,304.2
25190007458000,17,10,7,768.4
25190007459000,58,33,25,2082.2
25190007460000,69,37,32,2097.6
25190007461000,19,9,10,509.2
25190007463000,12,5,7,522
25190007464000,14,5,9,494.2
25190007465000,21,10,11,810.6
25190007466000,1,1,0,0
25190007467000,11,6,5,455.4
25190007468000,15,8,7,328.5
25190007482000,5,3,2,130
25190007484000,97,53,44,4112.8
25190007485000,49,24,25,2239.3
25190007491000,1,0,1,0
25190007522000,1,1,0,0
25190007534000,2,1,1,0
25190007535000,6,3,3,442.2
25190007541000,2,1,1,0
25190007548000,1,1,0,0
25190007550000,15,6,9,657
25190007557000,3,2,1,0
25190007558000,3,2,1,0
25190007559000,3,2,1,0
25190007581000,4,2,2,0
25190007582000,1,1,0,0
25190007615000,7,5,2,272.3
25190007616000,104,50,54,3858.4
25190007617000,53,25,28,1674.8
25190007618000,27,17,10,1120.5
25190007619000,8,6,2,356
25190007623000,7,4,3,408.1
25190007626000,108,62,46,4708.8
25190007627000,3,1,2,0
25190007628000,1,0,1,0
25190007629000,24,13,11,828
25190007630000,16,9,7,512
25190007633000,2,1,1,0
25190007640000,11,4,7,701.8
25190007641000,4,2,2,0
25200007400000,12,5,7,516
25200007401000,2,2,0,0
25200007402000,1,1,0,0
25200007423000,5,3,2,223
25200007430000,7,3,4,284.9
25200007441000,6,1,5,435
25200007442000,8,3,5,456.8
25200007443000,30,17,13,1344
25200007444000,3,3,0,0
25200007450000,2,1,1,0
25200007458000,7,4,3,443.1
25200007459000,35,19,16,1554
25200007464000,9,4,5,475.2
25200007465000,6,3,3,330
25200007469000,24,13,11,974.4
25200007470000,8,3,5,356.8
25200007480000,15,8,7,634.5
25200007481000,21,12,9,1113
25200007482000,12,8,4,687.6
25200007483000,5,3,2,337
25200007484000,60,27,33,2556
25200007485000,3,1,2,0
25200007491000,4,2,2,0
25200007543000,5,3,2,119
25200007551000,23,13,10,687.7
25200007555000,13,8,5,516.1
25200007556000,2,2,0,0
25200007581000,34,17,17,1805.4
25200007582000,9,5,4,546.3
25200007583000,14,6,8,583.8
25200007614000,180,97,83,6372
25200007615000,358,177,181,14033.6
25200007616000,66,35,31,2488.2
25200007618000,2,1,1,0
25200007619000,3,1,2,0
25200007623000,14,8,6,501.2
25200007625000,73,32,41,2737.5
25200007626000,37,21,16,1672.4
25200007641000,15,7,8,919.5
25200007642000,2,1,1,0
25200007658000,16,9,7,681.6
25200007659000,34,16,18,1645.6
25210007428000,4,3,1,0
25210007429000,4,2,2,0
25210007430000,10,5,5,491
25210007449000,47,24,23,1941.1
25210007450000,27,15,12,1082.7
25210007452000,3,1,2,0
25210007457000,45,18,27,1759.5
25210007458000,37,18,19,1524.4
25210007459000,21,10,11,789.6
25210007465000,20,13,7,740
25210007466000,8,4,4,231.2
25210007467000,16,9,7,476.8
25210007469000,24,10,14,760.8
25210007470000,37,20,17,1764.9
25210007471000,1,1,0,0
25210007478000,5,2,3,196
25210007479000,47,24,23,1861.2
25210007480000,8,3,5,248.8
25210007488000,7,5,2,301.7
25210007489000,18,11,7,867.6
25210007490000,2,1,1,0
25210007536000,5,2,3,366
25210007542000,13,5,8,442
25210007551000,13,8,5,457.6
25210007554000,14,8,6,547.4
25210007555000,8,5,3,332.8
25210007559000,2,1,1,0
25210007581000,5,2,3,350
25210007582000,2,2,0,0
25210007608000,1,0,1,0
25210007613000,1,1,0,0
25210007614000,130,60,70,5213
25210007616000,20,11,9,514
25210007623000,43,21,22,1414.7
25210007624000,90,51,39,3528
25210007625000,39,22,17,1384.5
25210007628000,1,1,0,0
25210007632000,1,0,1,0
25210007633000,6,3,3,166.2
25210007634000,5,4,1,199
25210007642000,6,4,2,358.8
25210007643000,3,2,1,0
25220007411000,8,5,3,398.4
25220007423000,5,3,2,255
25220007430000,5,2,3,117
25220007440000,3,2,1,0
25220007458000,28,15,13,1260
25220007466000,9,7,2,421.2
25220007467000,33,20,13,1158.3
25220007470000,19,9,10,659.3
25220007471000,9,4,5,261
25220007472000,19,9,10,849.3
25220007477000,5,2,3,294
25220007484000,5,2,3,216
25220007488000,12,4,8,591.6
25220007489000,22,11,11,1458.6
25220007542000,7,6,1,230.3
25220007552000,1,0,1,0
25220007553000,5,2,3,149
25220007580000,11,6,5,682
25220007613000,10,5,5,541
25220007614000,37,21,16,1628
25220007620000,3,1,2,0
25220007625000,38,21,17,1539
25220007638000,21,13,8,1087.8
25220007639000,15,8,7,868.5
25220007645000,5,3,2,355
25220007646000,1,1,0,0
25220007647000,2,1,1,0
25220007652000,2,2,0,0
25220007662000,8,5,3,516
25220007663000,27,16,11,1287.9
25230007411000,4,2,2,0
25230007468000,13,7,6,581.1
25230007469000,4,3,1,0
25230007470000,14,8,6,572.6
25230007472000,6,3,3,340.2
25230007473000,19,10,9,1033.6
25230007474000,6,4,2,301.2
25230007476000,1,1,0,0
25230007480000,6,2,4,220.2
25230007481000,24,12,12,921.6
25230007482000,12,9,3,483.6
25230007483000,10,6,4,555
25230007484000,6,1,5,340.8
25230007534000,5,2,3,286
25230007535000,1,0,1,0
25230007542000,7,3,4,375.2
25230007552000,2,1,1,0
25230007553000,6,3,3,253.2
25230007557000,2,0,2,0
25230007578000,1,1,0,0
25230007580000,4,2,2,0
25230007613000,8,5,3,332
25230007614000,5,3,2,98
25230007625000,79,44,35,2520.1
25230007634000,7,4,3,193.9
25230007637000,14,8,6,539
25230007647000,1,1,0,0
25230007650000,2,1,1,0
25230007662000,1,0,1,0
25240007410000,1,1,0,0
25240007455000,2,0,2,0
25240007468000,19,9,10,796.1
25240007469000,13,9,4,426.4
25240007470000,8,4,4,359.2
25240007471000,6,2,4,345
25240007472000,10,6,4,442
25240007483000,48,23,25,1891.2
25240007542000,6,3,3,333
25240007552000,22,12,10,1100
25240007554000,2,0,2,0
25240007555000,5,3,2,343
25240007578000,8,7,1,222.4
25240007579000,5,3,2,325
25240007580000,3,1,2,0
25240007612000,12,6,6,368.4
25240007616000,2,1,1,0
25240007625000,17,9,8,737.8
25240007626000,20,9,11,812
25240007634000,7,2,5,289.8
25240007636000,13,8,5,478.4
25240007641000,4,2,2,0
25240007643000,5,2,3,210
25240007645000,5,2,3,199
25240007654000,5,3,2,274
25240007663000,1,0,1,0
25250007409000,24,13,11,1094.4
25250007410000,11,7,4,677.6
25250007456000,15,7,8,631.5
25250007469000,325,166,159,12902.5
25250007470000,548,276,272,21865.2
25250007471000,8,4,4,220
25250007475000,10,4,6,591
25250007476000,2,1,1,0
25250007485000,3,2,1,0
25250007489000,1,0,1,0
25250007542000,3,1,2,0
25250007551000,22,15,7,631.4
25250007552000,239,119,120,10420.4
25250007554000,1,0,1,0
25250007557000,1,0,1,0
25250007558000,11,5,6,487.3
25250007578000,11,6,5,514.8
25250007579000,21,9,12,1043.7
25250007612000,12,6,6,486
25250007615000,3,2,1,0
25250007626000,22,11,11,899.8
25250007636000,12,7,5,596.4
25250007647000,2,1,1,0
25250007648000,11,8,3,660
25250007649000,20,9,11,940
25250007650000,6,3,3,217.2
25250007651000,172,86,86,6880
25250007652000,39,20,19,1739.4
25250007653000,2,2,0,0
25250007654000,28,15,13,1355.2
25250007664000,2,1,1,0
25260007408000,2,1,1,0
25260007470000,14,8,6,593.6
25260007471000,21,10,11,938.7
25260007472000,4,2,2,0
25260007473000,5,2,3,159
25260007542000,1,1,0,0
25260007551000,44,25,19,1161.6
25260007552000,216,103,113,9525.6
25260007558000,7,4,3,469
25260007560000,2,1,1,0
25260007577000,19,8,11,969
25260007578000,8,4,4,450.4
25260007580000,1,1,0,0
25260007625000,16,10,6,585.6
25260007626000,3,2,1,0
25260007635000,19,10,9,780.9
25260007648000,5,2,3,167
25260007649000,35,15,20,1494.5
25260007653000,1,1,0,0
25260007665000,7,5,2,336.7
25260007667000,1,1,0,0
25260007669000,67,37,30,2814
25270007472000,3,2,1,0
25270007473000,18,9,9,788.4
25270007476000,2,1,1,0
25270007477000,10,5,5,562
25270007478000,1,0,1,0
25270007552000,30,14,16,1176
25270007556000,8,4,4,406.4
25270007559000,6,2,4,220.2
25270007560000,25,12,13,1022.5
25270007561000,1,1,0,0
25270007562000,9,6,3,430.2
25270007563000,46,28,18,2148.2
25270007578000,1,1,0,0
25270007580000,17,10,7,1113.5
25270007612000,3,2,1,0
25270007625000,11,5,6,328.9
25270007626000,1,0,1,0
25270007635000,2,1,1,0
25270007636000,11,7,4,566.5
25270007649000,4,3,1,0
25270007653000,6,3,3,259.8
25270007654000,5,3,2,231
25270007663000,1,0,1,0
25270007669000,39,22,17,1591.2
25270007670000,1,0,1,0
25280007474000,5,2,3,335
25280007475000,6,2,4,357
25280007476000,41,20,21,1742.5
25280007477000,11,6,5,735.9
25280007478000,2,1,1,0
25280007492000,1,1,0,0
25280007543000,5,2,3,211
25280007556000,4,2,2,0
25280007558000,1,0,1,0
25280007578000,8,3,5,220
25280007581000,6,2,4,195
25280007625000,4,2,2,0
25280007626000,1,1,0,0
25280007650000,6,3,3,349.2
25280007653000,2,1,1,0
25280007654000,4,2,2,0
25280007655000,7,4,3,266.7
25290007475000,22,10,12,1023
25290007476000,31,15,16,1590.3
25290007503000,1,1,0,0
25290007543000,1,0,1,0
25290007552000,2,1,1,0
25290007556000,3,2,1,0
25290007557000,6,3,3,439.8
25290007558000,1,0,1,0
25290007561000,16,5,11,766.4
25290007583000,4,2,2,0
25290007584000,1,1,0,0
25290007585000,13,6,7,665.6
25290007588000,1,1,0,0
25290007649000,2,2,0,0
25290007650000,5,2,3,408
25290007655000,2,1,1,0
25290007665000,9,4,5,406.8
25300007408000,16,8,8,744
25300007453000,1,0,1,0
25300007475000,12,5,7,532.8
25300007478000,1,1,0,0
25300007480000,3,2,1,0
25300007497000,6,1,5,261
25300007498000,2,0,2,0
25300007499000,1,1,0,0
25300007547000,2,1,1,0
25300007548000,1,1,0,0
25300007584000,10,4,6,396
25300007602000,6,4,2,241.8
25300007603000,5,4,1,89
25300007611000,13,6,7,734.5
25300007655000,51,28,23,2407.2
25300007666000,2,1,1,0
25310007407000,2,1,1,0
25310007451000,2,2,0,0
25310007452000,2,1,1,0
25310007480000,17,8,9,977.5
25310007495000,2,1,1,0
25310007496000,5,2,3,358
25310007501000,2,0,2,0
25310007543000,4,2,2,0
25310007584000,4,1,3,0
25310007585000,5,4,1,304
25310007587000,4,1,3,0
25310007603000,6,3,3,169.2
25310007610000,10,4,6,390
25310007612000,4,1,3,0
25310007655000,19,11,8,894.9
25310007656000,79,37,42,2867.7
25310007660000,2,1,1,0
25320007402000,5,2,3,265
25320007482000,2,1,1,0
25320007495000,1,1,0,0
25320007542000,1,1,0,0
25320007543000,6,3,3,463.2
25320007549000,1,1,0,0
25320007592000,2,1,1,0
25320007604000,2,1,1,0
25320007606000,11,5,6,647.9
25320007607000,9,5,4,501.3
25320007608000,4,2,2,0
25320007656000,128,65,63,6208
25320007657000,12,7,5,510
25320007660000,1,1,0,0
25320007672000,3,2,1,0
25320007675000,2,1,1,0
25330007403000,2,1,1,0
25330007496000,1,1,0,0
25330007508000,3,0,3,0
25330007509000,4,3,1,0
25330007555000,1,1,0,0
25330007605000,2,1,1,0
25330007606000,11,7,4,562.1
25330007607000,2,0,2,0
25330007608000,6,3,3,223.8
25330007609000,6,2,4,451.8
25330007625000,3,1,2,0
25330007627000,3,1,2,0
25330007628000,5,3,2,344
25330007657000,6,3,3,199.2
25330007658000,3,2,1,0
25330007660000,2,1,1,0
25330007678000,18,7,11,1110.6
25330007679000,2,1,1,0
25340007496000,12,6,6,645.6
25340007508000,19,11,8,946.2
25340007510000,3,2,1,0
25340007555000,2,1,1,0
25340007556000,2,1,1,0
25340007588000,1,1,0,0
25340007589000,6,3,3,322.2
25340007591000,4,0,4,0
25340007615000,5,3,2,244
25340007616000,3,2,1,0
25340007627000,5,3,2,190
25340007629000,4,3,1,0
25340007660000,10,6,4,493
25340007677000,7,4,3,266
25340007678000,14,7,7,512.4
25350007496000,15,6,9,936
25350007497000,8,3,5,268
25350007508000,29,17,12,1716.8
25350007509000,4,3,1,0
25350007510000,13,5,8,808.6
25350007528000,2,2,0,0
25350007532000,3,2,1,0
25350007552000,2,0,2,0
25350007553000,6,4,2,223.2
25350007555000,45,25,20,2056.5
25350007556000,16,10,6,652.8
25350007586000,3,2,1,0
25350007587000,4,3,1,0
25350007590000,1,1,0,0
25350007616000,12,7,5,464.4
25350007627000,2,1,1,0
25350007628000,6,4,2,336
25350007630000,3,1,2,0
25350007631000,2,2,0,0
25350007632000,7,5,2,293.3
25350007633000,3,2,1,0
25350007660000,19,10,9,784.7
25350007661000,1,1,0,0
25360007510000,25,15,10,1147.5
25360007531000,5,3,2,311
25360007532000,4,3,1,0
25360007534000,1,0,1,0
25360007552000,4,2,2,0
25360007555000,22,13,9,961.4
25360007556000,140,61,79,5712
25360007557000,1,1,0,0
25360007558000,9,5,4,594.9
25360007559000,1,1,0,0
25360007588000,1,1,0,0
25360007593000,7,4,3,354.2
25360007594000,3,2,1,0
25360007595000,3,1,2,0
25360007616000,2,1,1,0
25360007617000,41,22,19,1763
25360007618000,7,3,4,144.9
25360007662000,5,3,2,271
25360007663000,26,13,13,1307.8
25360007664000,10,4,6,491
25360007675000,2,1,1,0
25370007495000,14,7,7,624.4
25370007496000,2,1,1,0
25370007497000,17,8,9,897.6
25370007533000,1,0,1,0
25370007537000,29,16,13,1110.7
25370007540000,3,2,1,0
25370007541000,13,9,4,734.5
25370007552000,8,4,4,467.2
25370007557000,10,7,3,435
25370007558000,11,6,5,792
25370007559000,4,2,2,0
25370007560000,3,2,1,0
25370007562000,3,2,1,0
25370007587000,3,2,1,0
25370007617000,10,6,4,608
25370007618000,8,4,4,555.2
25370007619000,6,2,4,247.8
25370007629000,17,7,10,746.3
25370007665000,10,4,6,290
25370007666000,32,19,13,1593.6
25370007668000,5,3,2,269
25370007684000,208,106,102,9672
25370007685000,133,66,67,5386.5
25380007477000,2,1,1,0
25380007496000,14,7,7,474.6
25380007513000,1,0,1,0
25380007538000,32,19,13,1366.4
25380007539000,59,33,26,2448.5
25380007551000,1,1,0,0
25380007552000,2,1,1,0
25380007560000,3,1,2,0
25380007592000,5,4,1,98
25380007619000,14,9,5,670.6
25380007620000,18,10,8,903.6
25380007630000,16,8,8,796.8
25380007631000,5,3,2,161
25380007665000,2,1,1,0
25380007666000,151,63,88,8607
25380007667000,20,10,10,956
25380007668000,18,11,7,734.4
25380007684000,42,21,21,1894.2
25380007685000,78,36,42,3237
25390007497000,8,3,5,276.8
25390007501000,7,5,2,345.8
25390007502000,2,1,1,0
25390007512000,1,0,1,0
25390007527000,1,1,0,0
25390007528000,1,0,1,0
25390007538000,8,6,2,384
25390007539000,88,46,42,4074.4
25390007572000,1,0,1,0
25390007587000,186,99,87,9095.4
25390007588000,144,66,78,6955.2
25390007620000,2,1,1,0
25390007667000,7,4,3,303.8
25390007668000,9,6,3,477.9
25390007669000,5,4,1,210
25400007497000,8,5,3,467.2
25400007502000,1,0,1,0
25400007548000,15,8,7,438
25400007588000,611,281,330,29266.9
25400007589000,656,332,324,27289.6
25400007590000,12,4,8,552
25400007669000,16,7,9,636.8
25400007681000,1,1,0,0
25410007502000,2,2,0,0
25410007521000,2,1,1,0
25410007524000,1,1,0,0
25410007540000,3,2,1,0
25410007546000,10,3,7,327
25410007547000,7,4,3,163.8
25410007559000,2,2,0,0
25410007589000,87,49,38,3332.1
25410007591000,1,1,0,0
25410007592000,3,2,1,0
25410007593000,2,1,1,0
25410007619000,12,8,4,372
25410007670000,41,20,21,1857.3
25410007671000,14,7,7,599.2
25410007681000,4,2,2,0
25410007688000,168,90,78,6736.8
25420007448000,5,3,2,269
25420007449000,158,80,78,6683.4
25420007501000,2,1,1,0
25420007525000,1,1,0,0
25420007547000,22,11,11,1309
25420007562000,7,3,4,137.2
25420007563000,8,5,3,399.2
25420007564000,50,30,20,2525
25420007565000,10,5,5,481
25420007594000,30,17,13,1599
25420007614000,1,0,1,0
25420007617000,2,1,1,0
25420007618000,10,6,4,495
25420007619000,12,9,3,393.6
25420007621000,2,1,1,0
25420007622000,6,3,3,283.2
25420007623000,12,6,6,430.8
25420007624000,9,4,5,480.6
25420007625000,11,9,2,491.7
25420007671000,17,10,7,865.3
25420007672000,19,9,10,925.3
25420007674000,3,3,0,0
25420007675000,2,2,0,0
25420007676000,4,2,2,0
25420007688000,430,220,210,17716
25420007689000,332,178,154,12051.6
25430007447000,34,20,14,1659.2
25430007448000,40,22,18,1880
25430007547000,17,11,6,759.9
25430007548000,23,13,10,1097.1
25430007557000,1,1,0,0
25430007562000,9,5,4,559.8
25430007564000,4,0,4,0
25430007565000,9,5,4,456.3
25430007567000,4,2,2,0
25430007568000,19,9,10,1081.1
25430007569000,7,2,5,361.2
25430007570000,2,1,1,0
25430007571000,43,22,21,2193
25430007595000,9,4,5,425.7
25430007614000,1,0,1,0
25430007615000,1,0,1,0
25430007617000,23,11,12,1028.1
25430007618000,34,18,16,1672.8
25430007624000,9,5,4,421.2
25430007625000,17,10,7,615.4
25430007626000,11,6,5,462
25430007628000,1,0,1,0
25430007630000,2,1,1,0
25430007673000,6,3,3,303
25430007676000,6,3,3,222
25430007677000,14,5,9,638.4
25430007678000,13,6,7,747.5
25430007679000,2,2,0,0
25430007680000,9,5,4,506.7
25430007681000,15,7,8,709.5
25430007689000,362,180,182,16253.8
25430007690000,159,69,90,5962.5
25440007447000,117,60,57,5639.4
25440007547000,39,18,21,1513.2
25440007548000,82,41,41,3165.2
25440007549000,12,6,6,634.8
25440007565000,25,14,11,962.5
25440007566000,4,3,1,0
25440007567000,9,5,4,314.1
25440007568000,3,2,1,0
25440007605000,1,1,0,0
25440007617000,1,0,1,0
25440007627000,17,8,9,771.8
25440007628000,6,4,2,454.2
25440007631000,3,1,2,0
25440007632000,13,7,6,386.1
25440007633000,46,23,23,2014.8
25440007634000,146,72,74,6511.6
25440007635000,18,11,7,975.6
25440007681000,18,8,10,1029.6
25440007682000,35,20,15,2110.5
25440007689000,428,227,201,17590.8
25440007690000,819,413,406,35544.6
25450007446000,46,26,20,2208
25450007447000,42,20,22,1873.2
25450007546000,1,0,1,0
25450007547000,143,78,65,5419.7
25450007548000,170,95,75,7310
25450007562000,1,0,1,0
25450007563000,8,5,3,356
25450007590000,4,2,2,0
25450007600000,3,1,2,0
25450007604000,2,1,1,0
25450007627000,36,19,17,1238.4
25450007630000,58,27,31,2697
25450007631000,28,14,14,1173.2
25450007636000,2,1,1,0
25450007682000,5,2,3,180
25450007683000,11,6,5,599.5
25450007684000,5,3,2,289
25460007446000,108,54,54,4806
25460007546000,119,68,51,4367.3
25460007547000,22,12,10,970.2
25460007558000,3,2,1,0
25460007560000,1,0,1,0
25460007590000,1,1,0,0
25460007592000,3,1,2,0
25460007593000,14,5,9,712.6
25460007626000,3,1,2,0
25460007627000,24,13,11,792
25460007629000,25,15,10,1365
25460007630000,201,121,80,7577.7
25460007637000,17,9,8,659.6
25460007684000,13,5,8,676
25470007445000,23,12,11,1373.1
25470007446000,29,15,14,1748.7
25470007593000,10,5,5,768
25470007603000,2,1,1,0
25470007626000,19,11,8,1081.1
25470007627000,14,7,7,511
25470007629000,1012,459,553,42605.2
25470007630000,89,39,50,3880.4
25470007637000,5,3,2,260
25470007638000,9,4,5,459.9
25470007639000,11,5,6,490.6
25480007544000,34,17,17,1353.2
25480007545000,61,30,31,2519.3
25480007546000,3,2,1,0
25480007625000,6,1,5,187.2
25480007628000,30,15,15,1122
25480007629000,77,39,38,2987.6
25480007639000,53,31,22,2268.4
25490007625000,6,4,2,208.8
25490007628000,63,31,32,2923.2
25500007530000,1,1,0,0
25500007531000,14,10,4,872.2
25500007532000,5,3,2,277
25500007533000,3,1,2,0
25500007605000,2,2,0,0
25500007606000,78,41,37,3057.6
25500007625000,56,22,34,2296
25500007626000,2,1,1,0
25500007627000,48,25,23,2064
25500007628000,51,26,25,2310.3
25500007645000,2,2,0,0
25500007650000,48,22,26,2376
25500007651000,23,14,9,1230.5
25510007530000,1,1,0,0
25510007531000,6,4,2,217.8
25510007589000,1,0,1,0
25510007605000,21,10,11,783.3
25510007606000,119,56,63,5723.9
25510007624000,2,2,0,0
25510007625000,201,110,91,7396.8
25510007626000,38,19,19,1960.8
25510007636000,1,1,0,0
25510007637000,12,8,4,610.8
25510007638000,2,1,1,0
25510007649000,18,9,9,828
25510007650000,4,2,2,0
25520007559000,9,5,4,495.9
25520007582000,2,1,1,0
25520007583000,7,3,4,455
25520007584000,19,11,8,1113.4
25520007590000,4,1,3,0
25520007606000,7,4,3,350.7
25520007622000,8,4,4,380.8
25520007623000,12,9,3,508.8
25520007624000,17,10,7,651.1
25520007625000,7,3,4,286.3
25520007626000,9,5,4,405
25520007636000,6,4,2,195
25520007642000,15,6,9,729
25530007567000,1,1,0,0
25530007590000,2,1,1,0
25530007604000,11,4,7,720.5
25530007605000,8,5,3,452
25530007606000,13,7,6,692.9
25530007619000,1,0,1,0
25530007620000,4,3,1,0
25530007635000,30,16,14,987
25530007636000,24,11,13,772.8
25530007637000,25,13,12,1170
25530007641000,16,7,9,742.4
25530007642000,5,1,4,297
25540007548000,1,1,0,0
25540007557000,12,6,6,709.2
25540007568000,2,2,0,0
25540007573000,1,1,0,0
25540007590000,16,6,10,784
25540007591000,16,9,7,864
25540007605000,15,9,6,927
25540007606000,17,10,7,829.6
25540007618000,4,2,2,0
25540007619000,8,5,3,482.4
25540007630000,2,1,1,0
25540007635000,3,1,2,0
25540007636000,155,81,74,6603
25540007637000,13,9,4,590.2
25540007641000,31,12,19,1475.6
25540007648000,5,4,1,302
25550007545000,1,0,1,0
25550007554000,21,10,11,984.9
25550007559000,2,1,1,0
25550007570000,5,2,3,349
25550007573000,6,4,2,411
25550007580000,9,5,4,309.6
25550007581000,1,0,1,0
25550007590000,14,8,6,666.4
25550007602000,6,3,3,282
25550007605000,14,7,7,758.8
25550007606000,24,14,10,972
25550007618000,9,5,4,300.6
25550007629000,50,25,25,2050
25550007630000,20,12,8,586
25550007631000,3,2,1,0
25550007635000,66,36,30,2798.4
25550007636000,10,5,5,300
25560007553000,76,39,37,3670.8
25560007554000,226,123,103,10915.8
25560007570000,2,1,1,0
25560007579000,10,5,5,688
25560007580000,7,3,4,359.1
25560007586000,2,1,1,0
25560007604000,5,3,2,304
25560007605000,10,4,6,413
25560007606000,10,4,6,683
25560007625000,7,4,3,300.3
25560007627000,1,1,0,0
25560007628000,31,20,11,1041.6
25560007631000,22,12,10,1139.6
25560007632000,4,2,2,0
25560007634000,4,2,2,0
25560007635000,45,21,24,1503
25560007636000,40,19,21,1520
25570007540000,1,1,0,0
25570007548000,1,1,0,0
25570007550000,2,1,1,0
25570007551000,7,5,2,501.2
25570007553000,7,5,2,238.7
25570007554000,514,268,246,22667.4
25570007555000,4,2,2,0
25570007560000,1,1,0,0
25570007579000,2,1,1,0
25570007580000,1,1,0,0
25570007586000,1,1,0,0
25570007603000,4,2,2,0
25570007604000,10,4,6,465
25570007606000,10,6,4,577
25570007615000,3,1,2,0
25570007616000,1,0,1,0
25570007625000,29,20,9,1142.6
25570007626000,13,6,7,444.6
25570007631000,18,13,5,543.6
25570007635000,32,15,17,1475.2
25570007636000,3,1,2,0
25570007642000,3,1,2,0
25580007566000,4,3,1,0
25580007578000,11,6,5,430.1
25580007591000,5,4,1,259
25580007603000,1,0,1,0
25580007606000,16,10,6,683.2
25580007615000,7,4,3,424.9
25580007616000,16,9,7,691.2
25580007632000,180,91,89,6552
25580007634000,2,1,1,0
25580007635000,83,47,36,3577.3
25580007642000,28,17,11,1078
25580007653000,7,4,3,261.1
25580007655000,3,2,1,0
25580007656000,12,5,7,669.6
25590007578000,2,2,0,0
25590007593000,2,1,1,0
25590007601000,3,1,2,0
25590007602000,1,1,0,0
25590007603000,7,2,5,242.2
25590007632000,122,64,58,4355.4
25590007633000,17,8,9,419.9
25590007634000,51,27,24,1983.9
25590007635000,173,82,91,6885.4
25590007636000,19,7,12,712.5
25590007638000,114,56,58,4981.8
25590007641000,3,2,1,0
25590007642000,7,4,3,429.8
25590007653000,5,4,1,265
25590007655000,2,0,2,0
25590007656000,16,10,6,932.8
25590007659000,1,1,0,0
25590007663000,7,4,3,473.9
25600007564000,4,3,1,0
25600007576000,8,3,5,207.2
25600007599000,32,19,13,1475.2
25600007603000,59,30,29,2725.8
25600007604000,8,5,3,468
25600007606000,3,2,1,0
25600007610000,5,3,2,283
25600007611000,8,5,3,536
25600007617000,82,38,44,3050.4
25600007618000,53,28,25,2305.5
25600007632000,445,220,225,18289.5
25600007633000,681,324,357,27103.8
25600007634000,858,432,426,30287.4
25600007635000,60,29,31,2112
25600007636000,8,6,2,280.8
25600007637000,43,22,21,1947.9
25600007638000,2,1,1,0
25600007641000,1,1,0,0
25600007642000,14,8,6,508.2
25600007653000,4,1,3,0
25600007654000,13,9,4,600.6
25600007656000,4,2,2,0
25600007657000,4,2,2,0
25600007661000,1,0,1,0
25610007527000,1,1,0,0
25610007598000,32,19,13,1129.6
25610007599000,37,17,20,1450.4
25610007604000,45,22,23,2295
25610007605000,11,6,5,521.4
25610007606000,23,15,8,961.4
25610007607000,66,33,33,2277
25610007608000,98,49,49,3831.8
25610007609000,13,5,8,526.5
25610007610000,35,18,17,1631
25610007611000,49,24,25,2342.2
25610007612000,40,21,19,1828
25610007617000,1,1,0,0
25610007618000,21,11,10,791.7
25610007619000,38,17,21,1269.2
25610007620000,6,3,3,394.8
25610007622000,3,1,2,0
25610007623000,119,62,57,5140.8
25610007630000,1002,515,487,37675.2
25610007631000,1570,762,808,60602
25610007632000,1841,916,925,75849.2
25610007633000,1252,639,613,47826.4
25610007634000,353,183,170,13590.5
25610007635000,44,14,30,3788.4
25610007641000,22,12,10,954.8
25610007654000,130,65,65,6318
25610007655000,9,6,3,567
25610007656000,1,1,0,0
25610007661000,1,1,0,0
25620007577000,3,1,2,0
25620007588000,1,0,1,0
25620007596000,1,1,0,0
25620007597000,37,21,16,1857.4
25620007598000,179,94,85,7822.3
25620007604000,8,5,3,539.2
25620007605000,265,127,138,12375.5
25620007606000,3,2,1,0
25620007612000,14,6,8,887.6
25620007619000,114,64,50,4867.8
25620007620000,140,67,73,6300
25620007621000,23,13,10,749.8
25620007623000,208,111,97,8840
25620007624000,262,130,132,10087
25620007625000,1,1,0,0
25620007626000,768,386,382,27264
25620007627000,325,174,151,10985
25620007628000,833,421,412,31154.2
25620007629000,981,504,477,37474.2
25620007630000,905,452,453,36109.5
25620007631000,902,443,459,38244.8
25620007632000,671,352,319,27175.5
25620007633000,1519,752,767,71089.2
25620007634000,901,442,459,37031.1
25620007635000,72,36,36,2260.8
25620007636000,34,16,18,1125.4
25620007641000,36,17,19,1954.8
25620007653000,9,3,6,507.6
25620007654000,35,17,18,1687
25620007655000,7,5,2,340.2
25630007581000,2,1,1,0
25630007605000,28,17,11,1047.2
25630007608000,43,25,18,1892
25630007609000,49,23,26,1945.3
25630007610000,43,22,21,1668.4
25630007611000,8,5,3,568.8
25630007613000,1,0,1,0
25630007614000,7,4,3,322.7
25630007617000,7,3,4,475.3
25630007618000,55,28,27,2260.5
25630007619000,45,21,24,1917
25630007620000,5,3,2,288
25630007621000,69,34,35,3277.5
25630007622000,1,0,1,0
25630007624000,29,17,12,1247
25630007625000,160,84,76,6288
25630007626000,743,381,362,26896.6
25630007627000,688,333,355,28276.8
25630007628000,319,155,164,12058.2
25630007629000,84,51,33,3637.2
25630007630000,879,385,494,43510.5
25630007631000,778,391,387,35165.6
25630007632000,111,51,60,4551
25630007635000,2,1,1,0
25630007641000,22,11,11,1223.2
25630007642000,21,9,12,730.8
25640007582000,3,2,1,0
25640007584000,6,4,2,435
25640007585000,1,1,0,0
25640007589000,4,2,2,0
25640007594000,4,3,1,0
25640007603000,10,2,8,684
25640007604000,5,2,3,347
25640007607000,11,10,1,326.7
25640007608000,297,154,143,12295.8
25640007609000,361,158,203,15306.4
25640007610000,49,23,26,1901.2
25640007611000,2,1,1,0
25640007612000,64,33,31,2918.4
25640007613000,12,7,5,524.4
25640007614000,3,2,1,0
25640007615000,32,18,14,1632
25640007616000,51,29,22,2065.5
25640007617000,85,43,42,3680.5
25640007618000,82,39,43,3632.6
25640007622000,4,3,1,0
25640007631000,700,337,363,31010
25640007642000,48,24,24,2438.4
25640007643000,54,24,30,2511
25640007644000,5,2,3,307
25640007645000,8,4,4,375.2
25640007646000,4,3,1,0
25650007570000,1,1,0,0
25650007575000,1,0,1,0
25650007582000,13,6,7,543.4
25650007583000,5,3,2,341
25650007584000,19,10,9,746.7
25650007587000,1,1,0,0
25650007589000,3,2,1,0
25650007590000,1,1,0,0
25650007594000,22,11,11,1117.6
25650007595000,4,2,2,0
25650007603000,5,3,2,353
25650007607000,94,44,50,3337
25650007608000,6,4,2,238.8
25650007614000,3,2,1,0
25650007618000,12,5,7,562.8
25650007643000,10,4,6,275
25650007647000,37,19,18,1376.4
25650007648000,2,1,1,0
25660007564000,1,1,0,0
25660007579000,14,9,5,785.4
25660007584000,4,2,2,0
25660007585000,2,0,2,0
25660007589000,1,0,1,0
25660007590000,24,11,13,900
25660007594000,39,18,21,1228.5
25660007595000,31,14,17,1407.4
25660007602000,2,1,1,0
25660007603000,140,73,67,6104
25660007604000,30,16,14,1587
25660007605000,37,17,20,1731.6
25660007606000,22,10,12,899.8
25660007607000,48,29,19,1713.6
25660007608000,8,3,5,528
25660007649000,38,17,21,1983.6
25660007650000,12,5,7,684
25670007573000,5,3,2,332
25670007574000,1,1,0,0
25670007578000,3,2,1,0
25670007579000,1,0,1,0
25670007586000,3,2,1,0
25670007587000,4,2,2,0
25670007588000,47,20,27,2533.3
25670007589000,27,13,14,1304.1
25670007590000,18,9,9,918
25670007594000,5,3,2,185
25670007595000,35,15,20,1683.5
25670007598000,1,0,1,0
25670007599000,4,2,2,0
25670007600000,3,1,2,0
25670007601000,3,0,3,0
25670007602000,1,0,1,0
25670007603000,6,4,2,199.8
25670007605000,7,4,3,315.7
25670007606000,31,15,16,1342.3
25670007607000,28,16,12,940.8
25670007608000,11,8,3,375.1
25670007641000,2,1,1,0
25670007648000,20,12,8,1324
25670007649000,10,4,6,458
25680007587000,2,1,1,0
25680007588000,53,28,25,2559.9
25680007589000,21,10,11,1362.9
25680007595000,1,0,1,0
25680007602000,11,5,6,383.9
25680007603000,12,8,4,523.2
25680007609000,34,16,18,1832.6
25680007610000,13,7,6,474.5
25680007611000,27,11,16,1279.8
25680007641000,9,5,4,538.2
25680007649000,4,2,2,0
25690007575000,2,1,1,0
25690007579000,17,9,8,656.2
25690007580000,1,1,0,0
25690007589000,10,3,7,592
25690007590000,6,3,3,309
25690007594000,9,5,4,264.6
25690007595000,22,13,9,1053.8
25690007596000,4,2,2,0
25690007597000,1,0,1,0
25690007599000,1,0,1,0
25690007600000,2,1,1,0
25690007601000,11,5,6,712.8
25690007602000,42,21,21,2079
25690007603000,64,34,30,2515.2
25690007606000,1,1,0,0
25690007608000,10,6,4,455
25690007609000,16,10,6,588.8
25690007616000,15,9,6,718.5
25690007617000,11,4,7,618.2
25690007650000,12,5,7,543.6
25700007571000,6,2,4,310.2
25700007572000,1,1,0,0
25700007573000,2,1,1,0
25700007574000,2,1,1,0
25700007575000,1,0,1,0
25700007576000,4,2,2,0
25700007577000,10,7,3,509
25700007578000,16,6,10,560
25700007579000,6,6,0,345
25700007580000,19,11,8,729.6
25700007590000,6,4,2,243
25700007594000,8,5,3,376
25700007598000,19,11,8,864.5
25700007599000,7,3,4,308.7
25700007601000,13,7,6,738.4
25700007602000,2,1,1,0
25700007603000,17,11,6,822.8
25700007604000,5,1,4,168
25700007605000,26,12,14,1201.2
25700007606000,6,5,1,280.8
25700007607000,20,13,7,952
25700007608000,5,2,3,225
25700007615000,1,1,0,0
25700007618000,9,5,4,624.6
25710007572000,1,1,0,0
25710007573000,1,1,0,0
25710007574000,2,1,1,0
25710007577000,1,1,0,0
25710007578000,8,4,4,396
25710007579000,22,13,9,895.4
25710007580000,7,5,2,301
25710007581000,18,12,6,676.8
25710007595000,7,4,3,438.9
25710007598000,9,3,6,437.4
25710007599000,56,28,28,2452.8
25710007600000,23,9,14,883.2
25710007601000,15,8,7,679.5
25710007603000,23,12,11,1120.1
25710007604000,12,6,6,469.2
25710007605000,29,15,14,968.6
25710007606000,39,19,20,1712.1
25710007607000,10,4,6,429
25710007618000,1,1,0,0
25710007619000,17,9,8,620.5
25710007663000,1,1,0,0
25720007571000,2,1,1,0
25720007579000,2,1,1,0
25720007580000,35,17,18,1792
25720007581000,20,9,11,1146
25720007582000,9,5,4,232.2
25720007588000,8,4,4,476.8
25720007589000,7,4,3,249.2
25720007590000,6,3,3,270
25720007595000,10,5,5,427
25720007598000,5,3,2,314
25720007599000,2,0,2,0
25720007602000,16,9,7,822.4
25720007603000,31,15,16,1252.4
25720007604000,10,4,6,364
25720007605000,5,2,3,105
25720007606000,4,2,2,0
25720007617000,3,2,1,0
25720007618000,1,1,0,0
25720007619000,126,62,64,5430.6
25720007662000,86,43,43,3723.8
25720007663000,23,10,13,913.1
25730007578000,2,1,1,0
25730007579000,2,1,1,0
25730007580000,168,88,80,6098.4
25730007581000,5,3,2,301
25730007582000,7,4,3,359.1
25730007585000,4,1,3,0
25730007588000,2,1,1,0
25730007595000,1,1,0,0
25730007596000,6,4,2,265.8
25730007613000,1,1,0,0
25730007614000,2,1,1,0
25730007619000,33,16,17,1732.5
25730007620000,47,20,27,2354.7
25730007661000,6,4,2,384
25740007579000,5,2,3,193
25740007580000,248,131,117,8729.6
25740007581000,185,87,98,7511
25740007582000,66,33,33,2541
25740007583000,15,7,8,451.5
25740007588000,15,8,7,867
25740007599000,2,1,1,0
25740007600000,1,0,1,0
25740007615000,2,1,1,0
25740007616000,1,1,0,0
25740007620000,19,11,8,1029.8
25740007624000,4,2,2,0
25740007625000,50,22,28,2410
25740007661000,7,5,2,308
25750007580000,30,11,19,1002
25750007581000,167,80,87,7398.1
25750007582000,317,162,155,13852.9
25750007583000,12,7,5,432
25750007585000,1,1,0,0
25750007588000,12,7,5,720
25750007619000,59,25,34,2442.6
25750007620000,18,9,9,1056.6
25750007625000,2,1,1,0
25750007661000,3,1,2,0
25750007662000,1,1,0,0
25760007581000,42,19,23,1667.4
25760007582000,25,10,15,1160
25760007583000,101,54,47,4211.7
25760007584000,9,4,5,458.1
25760007587000,60,34,26,2988
25760007596000,14,7,7,812
25760007597000,6,3,3,205.8
25760007619000,19,9,10,891.1
25760007620000,2,1,1,0
25760007662000,4,3,1,0
25760007688000,5,2,3,324
25770007581000,3,1,2,0
25770007582000,7,4,3,422.1
25770007583000,8,5,3,451.2
25770007584000,31,14,17,1550
25770007585000,24,17,7,921.6
25770007586000,47,26,21,1908.2
25770007587000,38,18,20,1599.8
25770007596000,1,1,0,0
25770007597000,186,95,91,7123.8
25770007598000,144,63,81,7416
25770007599000,7,4,3,464.1
25770007620000,47,23,24,2053.9
25770007621000,8,5,3,303.2
25770007662000,2,1,1,0
25770007663000,9,5,4,423
25770007688000,8,5,3,484
25770007689000,42,21,21,2259.6
25780007582000,21,12,9,1224.3
25780007585000,1,1,0,0
25780007586000,6,4,2,210
25780007598000,14,7,7,715.4
25780007599000,21,8,13,930.3
25780007600000,28,13,15,1590.4
25780007601000,10,5,5,373
25780007620000,1,1,0,0
25780007621000,16,7,9,905.6
25780007622000,19,9,10,925.3
25780007663000,2,1,1,0
25780007664000,4,2,2,0
25780007686000,4,2,2,0
25780007687000,1,0,1,0
25780007689000,7,6,1,307.3
25790007580000,1,0,1,0
25790007582000,82,41,41,3198
25790007583000,12,7,5,777.6
25790007600000,2,1,1,0
25790007601000,5,3,2,310
25790007622000,13,6,7,631.8
25790007623000,9,5,4,432
25790007626000,1,0,1,0
25790007664000,21,7,14,1169.7
25790007687000,2,1,1,0
25790007689000,16,11,5,649.6
25790007690000,1,0,1,0
25790007696000,1,1,0,0
25800007583000,51,25,26,2524.5
25800007602000,3,2,1,0
25800007618000,2,2,0,0
25800007623000,2,1,1,0
25800007663000,8,4,4,308
25800007664000,5,3,2,326
25800007665000,13,7,6,572
25800007666000,6,2,4,283.2
25800007670000,51,23,28,2335.8
25800007671000,2,1,1,0
25800007676000,1,1,0,0
25800007677000,22,10,12,1102.2
25800007686000,2,1,1,0
25800007687000,24,12,12,1137.6
25800007690000,2,1,1,0
25800007695000,10,6,4,395
25800007696000,286,146,140,12870
25810007583000,4,2,2,0
25810007601000,112,53,59,4849.6
25810007602000,159,88,71,6709.8
25810007603000,45,28,17,1890
25810007627000,3,3,0,0
25810007640000,13,7,6,930.8
25810007659000,2,1,1,0
25810007660000,15,5,10,535.5
25810007663000,4,3,1,0
25810007664000,26,14,12,1586
25810007668000,4,2,2,0
25810007670000,5,3,2,248
25810007676000,2,1,1,0
25810007677000,9,3,6,270
25810007686000,4,2,2,0
25810007687000,71,36,35,3386.7
25810007695000,38,19,19,1413.6
25810007696000,55,30,25,2321
25820007583000,8,3,5,402.4
25820007584000,3,3,0,0
25820007601000,65,31,34,3009.5
25820007602000,41,25,16,1545.7
25820007603000,5,2,3,277
25820007620000,1,0,1,0
25820007637000,27,14,13,1485
25820007638000,23,12,11,1329.4
25820007639000,10,5,5,575
25820007640000,13,7,6,824.2
25820007664000,1,1,0,0
25820007686000,6,3,3,111
25820007687000,11,8,3,448.8
25820007693000,113,59,54,4056.7
25830007581000,2,1,1,0
25830007584000,13,7,6,734.5
25830007585000,2,1,1,0
25830007586000,3,1,2,0
25830007595000,7,3,4,373.1
25830007596000,5,4,1,338
25830007600000,2,1,1,0
25830007601000,18,10,8,883.8
25830007620000,10,5,5,349
25830007635000,7,2,5,422.1
25830007636000,18,10,8,921.6
25830007637000,38,17,21,2021.6
25830007661000,2,1,1,0
25830007686000,8,5,3,474.4
25830007693000,95,50,45,3961.5
25840007579000,1,0,1,0
25840007581000,1,1,0,0
25840007585000,5,4,1,344
25840007586000,8,5,3,524.8
25840007597000,6,2,4,409.2
25840007600000,27,15,12,996.3
25840007601000,13,7,6,808.6
25840007633000,5,3,2,214
25840007634000,23,10,13,1104
25840007635000,11,6,5,565.4
25840007657000,5,3,2,155
25840007686000,3,2,1,0
25840007687000,88,48,40,4505.6
25840007702000,4,2,2,0
25850007578000,3,2,1,0
25850007579000,1,1,0,0
25850007586000,5,3,2,345
25850007596000,1,1,0,0
25850007599000,1,1,0,0
25850007600000,12,7,5,734.4
25850007619000,24,13,11,1173.6
25850007620000,97,75,22,4064.3
25850007622000,3,1,2,0
25850007623000,2,1,1,0
25850007627000,14,8,6,827.4
25850007628000,10,4,6,525
25850007633000,27,15,12,1136.7
25850007641000,1,0,1,0
25850007646000,8,5,3,239.2
25850007647000,50,28,22,2605
25850007657000,13,5,8,678.6
25850007663000,2,1,1,0
25850007664000,2,1,1,0
25850007665000,35,20,15,1424.5
25850007687000,4,2,2,0
25850007702000,15,8,7,760.5
25860007587000,2,1,1,0
25860007598000,2,1,1,0
25860007616000,18,9,9,1216.8
25860007619000,242,118,124,11204.6
25860007620000,63,36,27,2992.5
25860007628000,49,25,24,2646
25860007629000,11,6,5,566.5
25860007632000,34,20,14,1169.6
25860007633000,9,4,5,387.9
25860007640000,10,6,4,413
25860007641000,16,9,7,772.8
25860007646000,22,12,10,998.8
25860007647000,2,1,1,0
25860007660000,10,5,5,470
25860007661000,10,7,3,514
25860007662000,1,0,1,0
25860007663000,1,1,0,0
25860007664000,29,14,15,1429.7
25860007665000,126,64,62,5443.2
25870007586000,4,2,2,0
25870007587000,17,10,7,770.1
25870007588000,2,1,1,0
25870007601000,2,1,1,0
25870007602000,3,1,2,0
25870007618000,4,1,3,0
25870007619000,19,9,10,771.4
25870007629000,22,11,11,1058.2
25870007630000,39,19,20,1848.6
25870007631000,401,208,193,17283.1
25870007632000,25,16,9,1070
25870007635000,8,4,4,464.8
25870007636000,42,23,19,1936.2
25870007637000,16,9,7,691.2
25870007639000,6,3,3,210
25870007645000,8,4,4,384.8
25870007646000,21,7,14,1169.7
25870007658000,10,5,5,327
25870007660000,3,2,1,0
25870007663000,3,2,1,0
25870007664000,7,2,5,471.1
25870007665000,27,12,15,1490.4
25870007707000,7,5,2,356.3
25870007708000,1,0,1,0
25880007587000,16,9,7,673.6
25880007588000,4,2,2,0
25880007602000,1,1,0,0
25880007603000,4,2,2,0
25880007615000,3,2,1,0
25880007618000,13,5,8,553.8
25880007630000,7,4,3,249.9
25880007631000,11,7,4,277.2
25880007633000,9,5,4,567
25880007634000,39,19,20,1950
25880007636000,18,7,11,806.4
25880007637000,34,18,16,1618.4
25880007644000,2,1,1,0
25880007645000,4,3,1,0
25880007646000,42,19,23,1944.6
25880007647000,2,0,2,0
25880007658000,8,4,4,444
25880007701000,6,2,4,345
25890007587000,7,5,2,263.2
25890007588000,21,10,11,590.1
25890007595000,1,0,1,0
25890007603000,7,4,3,410.9
25890007617000,10,5,5,711
25890007618000,2,2,0,0
25890007633000,21,12,9,984.9
25890007643000,1,0,1,0
25890007705000,84,33,51,3838.8
25890007706000,38,17,21,1702.4
25900007587000,2,1,1,0
25900007596000,1,0,1,0
25900007615000,6,4,2,391.2
25900007617000,12,8,4,891.6
25900007618000,1,1,0,0
25900007633000,3,2,1,0
25900007643000,4,4,0,0
25900007647000,11,6,5,601.7
25900007648000,10,7,3,429
25900007668000,4,3,1,0
25900007705000,53,29,24,2061.7
25910007586000,2,1,1,0
25910007613000,2,1,1,0
25910007615000,4,3,1,0
25910007616000,1,1,0,0
25910007626000,10,5,5,434
25910007628000,8,4,4,450.4
25910007629000,21,11,10,1003.8
25910007630000,33,14,19,1623.6
25910007641000,4,2,2,0
25910007644000,2,1,1,0
25910007647000,2,2,0,0
25910007705000,18,10,8,532.8
25910007706000,2,1,1,0
25910007707000,3,1,2,0
25920007586000,3,1,2,0
25920007588000,15,7,8,706.5
25920007596000,1,1,0,0
25920007604000,5,4,1,155
25920007610000,2,1,1,0
25920007613000,2,1,1,0
25920007614000,12,6,6,666
25920007615000,5,4,1,304
25920007626000,9,3,6,258.3
25920007630000,6,4,2,301.2
25920007644000,3,2,1,0
25920007671000,5,2,3,372
25920007704000,4,2,2,0
25920007705000,15,8,7,892.5
25920007707000,23,10,13,1674.4
25930007580000,2,1,1,0
25930007581000,6,4,2,154.8
25930007582000,3,2,1,0
25930007585000,3,3,0,0
25930007588000,7,3,4,352.8
25930007589000,81,35,46,3045.6
25930007612000,1,1,0,0
25930007627000,6,3,3,264
25930007631000,2,0,2,0
25930007647000,3,1,2,0
25930007699000,7,3,4,352.8
25930007704000,2,1,1,0
25940007579000,8,5,3,518.4
25940007580000,8,3,5,370.4
25940007581000,18,10,8,455.4
25940007588000,18,10,8,466.2
25940007589000,165,91,74,5791.5
25940007590000,71,33,38,2605.7
25940007591000,174,87,87,6577.2
25940007627000,2,1,1,0
25940007631000,1,1,0,0
25940007632000,23,13,10,986.7
25940007647000,9,5,4,420.3
25940007656000,1,1,0,0
25940007657000,7,3,4,361.9
25940007697000,6,3,3,240
25940007699000,9,5,4,521.1
25940007704000,2,1,1,0
25940007705000,2,1,1,0
25940007709000,4,2,2,0
25940007710000,30,13,17,1404
25950007565000,7,3,4,268.8
25950007588000,1,1,0,0
25950007589000,393,202,191,13322.7
25950007590000,194,91,103,7042.2
25950007591000,537,278,259,21748.5
25950007632000,9,2,7,440.1
25950007633000,25,13,12,1222.5
25950007637000,7,5,2,375.2
25950007657000,2,1,1,0
25950007705000,5,4,1,276
25950007713000,100,55,45,4240
25950007714000,66,37,29,3135
25960007565000,4,4,0,0
25960007566000,1,1,0,0
25960007570000,2,1,1,0
25960007589000,10,6,4,429
25960007591000,555,252,303,24253.5
25960007592000,78,39,39,3120
25960007633000,12,6,6,853.2
25960007634000,13,9,4,631.8
25960007638000,15,9,6,1021.5
25960007655000,2,1,1,0
25960007656000,1,1,0,0
25960007676000,7,5,2,329.7
25960007678000,6,2,4,253.2
25960007705000,39,20,19,1864.2
25960007710000,9,5,4,361.8
25960007711000,40,18,22,1476
25970007577000,8,5,3,311.2
25970007587000,1,1,0,0
25970007591000,786,399,387,30182.4
25970007625000,2,1,1,0
25970007627000,3,2,1,0
25970007635000,12,5,7,724.8
25970007638000,2,1,1,0
25970007639000,2,1,1,0
25970007657000,12,4,8,783.6
25970007658000,7,4,3,473.9
25970007678000,7,2,5,480.2
25970007710000,37,18,19,1901.8
25970007711000,179,86,93,6068.1
25970007712000,81,48,33,3620.7
25980007586000,11,6,5,432.3
25980007590000,517,274,243,17061
25980007591000,382,190,192,14554.2
25980007593000,1427,687,740,61503.7
25980007594000,566,283,283,22979.6
25980007621000,72,39,33,2872.8
25980007622000,18,5,13,919.8
25980007623000,11,7,4,572
25980007625000,10,6,4,458
25980007627000,14,5,9,904.4
25980007659000,12,6,6,499.2
25980007660000,11,4,7,464.2
25980007680000,2,1,1,0
25980007681000,2,2,0,0
25990007571000,22,8,14,822.8
25990007572000,47,22,25,2664.9
25990007573000,119,65,54,5557.3
25990007574000,6,3,3,400.8
25990007575000,2,0,2,0
25990007586000,14,8,6,607.6
25990007590000,195,101,94,6376.5
25990007591000,268,138,130,9996.4
25990007592000,238,123,115,10567.2
25990007593000,2835,1376,1459,134095.5
25990007594000,2093,1079,1014,83092.1
25990007603000,6,4,2,163.2
25990007620000,12,6,6,600
25990007626000,34,16,18,1584.4
25990007627000,11,8,3,468.6
25990007637000,10,6,4,323
25990007641000,10,5,5,737
25990007654000,15,8,7,609
25990007655000,19,12,7,862.6
25990007660000,8,3,5,415.2
25990007665000,5,3,2,308
25990007676000,1,1,0,0
25990007679000,9,4,5,476.1
25990007680000,3,2,1,0
26000007572000,3,1,2,0
26000007585000,2,1,1,0
26000007590000,462,246,216,17509.8
26000007592000,30,21,9,993
26000007593000,1703,878,825,71015.1
26000007594000,1264,641,623,52076.8
26000007603000,30,17,13,1596
26000007604000,25,15,10,962.5
26000007620000,19,10,9,826.5
26000007622000,9,4,5,415.8
26000007623000,19,8,11,862.6
26000007624000,7,2,5,333.9
26000007625000,9,4,5,456.3
26000007626000,7,4,3,221.2
26000007637000,6,4,2,328.2
26000007654000,3,2,1,0
26000007660000,2,1,1,0
26000007661000,12,7,5,718.8
26000007662000,2,1,1,0
26000007665000,8,5,3,271.2
26000007679000,5,4,1,343
26010007570000,2,1,1,0
26010007585000,2,1,1,0
26010007589000,18,9,9,966.6
26010007590000,4,3,1,0
26010007593000,14,9,5,537.6
26010007594000,24,8,16,1024.8
26010007597000,7,2,5,217
26010007603000,1,0,1,0
26010007604000,34,17,17,1805.4
26010007619000,5,3,2,177
26010007620000,66,43,23,2798.4
26010007622000,2,1,1,0
26010007627000,1,1,0,0
26010007654000,6,2,4,406.2
26010007658000,3,3,0,0
26010007659000,7,4,3,417.2
26010007662000,6,3,3,310.8
26010007663000,39,20,19,1606.8
26010007664000,6,3,3,232.2
26010007665000,11,7,4,684.2
26010007666000,2,1,1,0
26010007679000,7,4,3,424.9
26010007684000,3,2,1,0
26020007583000,3,2,1,0
26020007584000,6,3,3,333
26020007589000,4,2,2,0
26020007597000,67,33,34,3082
26020007598000,19,12,7,898.7
26020007599000,22,12,10,937.2
26020007605000,14,5,9,702.8
26020007606000,18,8,10,880.2
26020007619000,7,5,2,270.9
26020007621000,7,4,3,343.7
26020007622000,140,76,64,5838
26020007651000,13,6,7,362.7
26020007654000,5,3,2,357
26020007660000,10,6,4,544
26020007674000,4,1,3,0
26020007682000,19,8,11,912
26020007685000,23,14,9,878.6
26020007712000,22,12,10,1379.4
26020007713000,155,85,70,6184.5
26030007568000,8,4,4,358.4
26030007569000,10,4,6,547
26030007583000,2,1,1,0
26030007597000,1,1,0,0
26030007598000,1,1,0,0
26030007599000,2,1,1,0
26030007600000,6,5,1,382.2
26030007601000,3,2,1,0
26030007605000,30,11,19,636
26030007606000,368,179,189,17185.6
26030007607000,74,37,37,2863.8
26030007620000,5,2,3,277
26030007621000,47,20,27,2143.2
26030007622000,8,4,4,512.8
26030007633000,4,2,2,0
26030007660000,3,2,1,0
26030007661000,17,8,9,875.5
26030007674000,19,9,10,1005.1
26030007679000,2,0,2,0
26030007680000,7,4,3,273.7
26030007681000,1,0,1,0
26030007682000,7,3,4,312.2
26030007683000,25,13,12,1267.5
26030007685000,24,13,11,816
26030007686000,2,1,1,0
26030007716000,21,11,10,1092
26030007717000,278,155,123,10369.4
26040007567000,4,3,1,0
26040007568000,9,4,5,374.4
26040007588000,3,1,2,0
26040007598000,12,8,4,622.8
26040007602000,12,7,5,534
26040007603000,10,6,4,389
26040007605000,37,22,15,1491.1
26040007606000,581,295,286,26377.4
26040007607000,166,81,85,6872.4
26040007608000,12,8,4,334.8
26040007621000,3,2,1,0
26040007633000,6,4,2,400.8
26040007642000,2,2,0,0
26040007661000,5,2,3,172
26040007662000,34,16,18,1445
26040007667000,6,3,3,436.2
26040007686000,20,9,11,898
26050007565000,13,8,5,648.7
26050007566000,2,1,1,0
26050007567000,4,3,1,0
26050007587000,3,2,1,0
26050007598000,2,1,1,0
26050007602000,3,1,2,0
26050007604000,9,4,5,402.3
26050007605000,29,15,14,1502.2
26050007606000,18,13,5,685.8
26050007607000,4,2,2,0
26050007608000,27,18,9,988.2
26050007621000,5,2,3,194
26050007632000,5,2,3,269
26050007663000,15,7,8,918
26050007664000,22,10,12,719.4
26050007667000,16,10,6,643.2
26050007678000,16,7,9,606.4
26050007679000,52,24,28,2548
26050007686000,11,4,7,331.1
26050007709000,1,1,0,0
26060007564000,2,1,1,0
26060007565000,4,1,3,0
26060007585000,4,3,1,0
26060007586000,279,149,130,9904.5
26060007587000,215,115,100,7224
26060007606000,13,5,8,544.7
26060007607000,47,27,20,1583.9
26060007609000,1,1,0,0
26060007615000,2,1,1,0
26060007620000,4,2,2,0
26060007632000,3,2,1,0
26060007648000,15,6,9,810
26060007664000,35,19,16,1575
26060007665000,63,37,26,2753.1
26060007666000,17,9,8,958.8
26060007667000,20,9,11,812
26060007678000,14,10,4,529.2
26060007679000,32,16,16,1324.8
26060007682000,13,9,4,614.9
26060007684000,7,4,3,245.7
26060007685000,2,1,1,0
26060007687000,24,14,10,1111.2
26060007714000,2,2,0,0
26070007585000,90,48,42,3456
26070007586000,142,69,73,5083.6
26070007587000,101,45,56,3353.2
26070007594000,125,54,71,5087.5
26070007598000,23,13,10,1083.3
26070007607000,18,9,9,972
26070007614000,2,2,0,0
26070007619000,23,11,12,1343.2
26070007620000,13,7,6,652.6
26070007632000,14,8,6,729.4
26070007643000,4,2,2,0
26070007644000,11,6,5,566.5
26070007654000,4,1,3,0
26070007665000,104,50,54,4232.8
26070007666000,174,90,84,8299.8
26070007667000,14,5,9,499.8
26070007669000,2,1,1,0
26070007675000,23,11,12,814.2
26070007682000,2,1,1,0
26070007684000,26,13,13,1193.4
26070007685000,5,2,3,92
26070007686000,20,9,11,738
26070007687000,14,5,9,572.6
26070007688000,13,6,7,653.9
26070007689000,3,2,1,0
26080007593000,8,5,3,207.2
26080007594000,44,23,21,1614.8
26080007597000,6,5,1,208.8
26080007598000,5,2,3,250
26080007607000,2,2,0,0
26080007619000,96,55,41,3801.6
26080007632000,5,4,1,328
26080007643000,13,5,8,513.5
26080007644000,1,1,0,0
26080007646000,5,2,3,133
26080007647000,43,22,21,1556.6
26080007649000,25,14,11,1025
26080007658000,1,0,1,0
26080007661000,24,12,12,1039.2
26080007662000,15,6,9,544.5
26080007663000,1,0,1,0
26080007668000,4,1,3,0
26080007669000,15,7,8,477
26080007675000,115,58,57,5175
26080007676000,52,24,28,2303.6
26080007677000,7,4,3,203
26080007682000,2,1,1,0
26080007683000,4,3,1,0
26080007684000,7,5,2,289.8
26080007686000,14,6,8,481.6
26080007688000,1,1,0,0
26080007689000,1,0,1,0
26080007690000,12,6,6,528
26090007593000,79,45,34,3152.1
26090007594000,1,0,1,0
26090007596000,5,3,2,275
26090007597000,10,6,4,519
26090007607000,6,3,3,373.2
26090007618000,13,4,9,565.5
26090007619000,17,9,8,761.6
26090007620000,96,49,47,3292.8
26090007631000,7,2,5,286.3
26090007632000,1,1,0,0
26090007633000,2,0,2,0
26090007646000,34,21,13,1373.6
26090007647000,88,47,41,4100.8
26090007648000,37,19,18,1905.5
26090007649000,32,19,13,1657.6
26090007650000,22,10,12,1331
26090007653000,4,2,2,0
26090007658000,2,1,1,0
26090007660000,6,4,2,397.2
26090007661000,8,3,5,380.8
26090007662000,1,0,1,0
26090007663000,29,12,17,1423.9
26090007664000,7,4,3,324.8
26090007665000,3,3,0,0
26090007667000,32,18,14,1228.8
26090007668000,12,7,5,386.4
26090007669000,38,17,21,1360.4
26090007675000,144,73,71,4852.8
26090007678000,9,4,5,329.4
26090007682000,4,3,1,0
26090007683000,49,25,24,1857.1
26090007686000,1,1,0,0
26090007687000,5,3,2,220
26090007689000,21,10,11,896.7
26090007717000,8,4,4,526.4
26100007593000,8,4,4,366.4
26100007596000,34,19,15,1584.4
26100007597000,2,2,0,0
26100007606000,10,6,4,423
26100007607000,35,17,18,1767.5
26100007616000,13,7,6,882.7
26100007617000,7,5,2,317.8
26100007618000,4,2,2,0
26100007619000,32,18,14,1680
26100007631000,22,11,11,1262.8
26100007633000,7,4,3,420
26100007642000,7,3,4,468.3
26100007646000,53,24,29,2130.6
26100007647000,15,7,8,826.5
26100007652000,31,17,14,1103.6
26100007653000,5,3,2,249
26100007663000,5,3,2,250
26100007666000,7,4,3,357.7
26100007669000,59,27,32,2389.5
26100007675000,30,14,16,1197
26100007678000,83,43,40,3170.6
26100007679000,48,28,20,2323.2
26100007683000,37,18,19,1709.4
26100007687000,23,13,10,936.1
26100007689000,17,9,8,678.3
26100007708000,7,3,4,308.7
26110007593000,2,1,1,0
26110007595000,11,7,4,602.8
26110007607000,19,12,7,1223.6
26110007616000,8,4,4,172.8
26110007617000,1,1,0,0
26110007619000,36,23,13,1584
26110007629000,1,1,0,0
26110007630000,32,14,18,1788.8
26110007631000,17,11,6,958.8
26110007633000,12,5,7,475.2
26110007641000,14,9,5,858.2
26110007642000,8,4,4,324
26110007645000,17,10,7,651.1
26110007646000,9,6,3,528.3
26110007662000,1,0,1,0
26110007663000,7,4,3,256.9
26110007669000,30,13,17,1431
26110007670000,13,7,6,590.2
26110007675000,23,11,12,1163.8
26110007678000,20,9,11,836
26110007679000,23,15,8,1085.6
26110007681000,32,18,14,1033.6
26110007682000,5,2,3,224
26110007683000,31,17,14,1401.2
26110007689000,16,10,6,742.4
26110007697000,3,2,1,0
26110007698000,6,3,3,319.2
26110007699000,1,1,0,0
26110007707000,2,2,0,0
26110007708000,23,12,11,1288
26110007709000,1,1,0,0
26110007710000,18,8,10,725.4
26110007711000,29,13,16,1093.3
26110007712000,35,18,17,1676.5
26120007598000,1,0,1,0
26120007607000,3,1,2,0
26120007619000,4,4,0,0
26120007628000,103,57,46,2987
26120007629000,47,24,23,1645
26120007630000,1,1,0,0
26120007631000,5,3,2,238
26120007632000,52,28,24,2152.8
26120007633000,15,7,8,906
26120007640000,13,8,5,474.5
26120007641000,23,11,12,832.6
26120007642000,7,5,2,305.9
26120007644000,40,23,17,1748
26120007645000,135,73,62,5656.5
26120007670000,6,3,3,234
26120007671000,3,3,0,0
26120007681000,11,5,6,440
26120007682000,40,18,22,1656
26120007683000,43,14,29,1909.2
26120007689000,2,2,0,0
26120007690000,7,3,4,321.3
26120007703000,4,2,2,0
26120007712000,45,22,23,1813.5
26120007713000,22,9,13,814
26130007626000,3,2,1,0
26130007627000,34,17,17,1302.2
26130007628000,229,116,113,9824.1
26130007629000,54,26,28,3024
26130007630000,54,22,32,2165.4
26130007631000,62,30,32,2895.4
26130007632000,13,7,6,621.4
26130007640000,13,8,5,666.9
26130007641000,182,86,96,6424.6
26130007643000,187,95,92,8190.6
26130007661000,3,1,2,0
26130007670000,1,0,1,0
26130007671000,17,9,8,748
26130007675000,4,2,2,0
26130007681000,21,10,11,716.1
26130007682000,59,31,28,2124
26130007683000,76,37,39,2895.6
26130007684000,32,15,17,1184
26130007686000,34,18,16,1043.8
26130007687000,30,18,12,867
26130007691000,63,36,27,2116.8
26130007692000,9,4,5,359.1
26130007696000,2,2,0,0
26130007707000,12,8,4,620.4
26130007708000,2,1,1,0
26130007713000,81,41,40,2851.2
26130007714000,45,24,21,2142
26130007715000,6,2,4,340.2
26130007716000,10,6,4,612
26130007717000,1,1,0,0
26130007718000,3,2,1,0
26130007719000,2,1,1,0
26140007626000,24,12,12,986.4
26140007627000,18,9,9,468
26140007641000,4,2,2,0
26140007642000,329,167,162,12205.9
26140007643000,302,172,130,11838.4
26140007646000,18,8,10,907.2
26140007671000,12,6,6,506.4
26140007675000,2,1,1,0
26140007680000,22,12,10,737
26140007681000,1,1,0,0
26140007683000,120,56,64,3888
26140007686000,9,4,5,281.7
26140007687000,54,28,26,2181.6
26140007688000,49,20,29,2067.8
26140007689000,3,1,2,0
26140007690000,22,11,11,875.6
26140007692000,10,6,4,445
26140007693000,19,9,10,980.4
26140007694000,7,5,2,149.1
26140007696000,2,1,1,0
26150007625000,26,12,14,949
26150007626000,23,11,12,1097.1
26150007637000,4,2,2,0
26150007639000,8,5,3,467.2
26150007641000,5,4,1,150
26150007642000,21,11,10,798
26150007643000,2,1,1,0
26150007645000,1,1,0,0
26150007646000,43,20,23,2442.4
26150007672000,2,1,1,0
26150007676000,20,11,9,998
26150007677000,2,1,1,0
26150007679000,5,3,2,294
26150007680000,13,3,10,644.8
26150007683000,350,172,178,12250
26150007686000,31,15,16,988.9
26150007687000,48,26,22,1838.4
26150007688000,7,4,3,338.8
26150007689000,11,7,4,412.5
26150007693000,3,2,1,0
26150007694000,14,8,6,642.6
26150007695000,15,4,11,823.5
26150007696000,1,1,0,0
26150007703000,11,5,6,777.7
26150007704000,8,2,6,534.4
26150007705000,1,0,1,0
26150007727000,25,14,11,1065
26150007728000,47,25,22,1837.7
26160007625000,35,24,11,2023
26160007638000,5,1,4,109
26160007643000,1,1,0,0
26160007646000,10,5,5,656
26160007647000,4,3,1,0
26160007659000,5,3,2,227
26160007660000,8,5,3,312
26160007661000,4,1,3,0
26160007673000,3,2,1,0
26160007676000,1,0,1,0
26160007678000,45,20,25,1890
26160007679000,28,16,12,1184.4
26160007683000,336,169,167,11088
26160007684000,620,328,292,21514
26160007685000,215,113,102,7030.5
26160007686000,40,20,20,2028
26160007695000,20,8,12,938
26160007705000,19,8,11,868.3
26160007706000,13,4,9,708.5
26160007727000,66,33,33,2923.8
26160007728000,68,35,33,3250.4
26170007642000,5,3,2,253
26170007643000,20,11,9,788
26170007646000,2,1,1,0
26170007662000,9,3,6,435.6
26170007673000,2,1,1,0
26170007682000,236,112,124,11280.8
26170007683000,632,337,295,26986.4
26170007684000,27,13,14,1287.9
26170007685000,67,37,30,2512.5
26170007687000,33,20,13,1230.9
26170007688000,24,11,13,1106.4
26170007695000,2,1,1,0
26170007696000,6,3,3,319.8
26170007702000,6,2,4,451.8
26170007703000,8,4,4,380.8
26170007704000,6,3,3,426
26170007705000,1,1,0,0
26170007706000,30,13,17,1392
26170007707000,12,5,7,568.8
26170007708000,6,1,5,439.2
26170007709000,15,8,7,469.5
26170007710000,12,6,6,502.8
26170007723000,21,13,8,648.9
26170007724000,36,22,14,1598.4
26170007727000,132,72,60,5306.4
26170007728000,5,3,2,309
26180007621000,4,3,1,0
26180007641000,2,1,1,0
26180007646000,2,2,0,0
26180007662000,1,0,1,0
26180007674000,11,6,5,465.3
26180007682000,196,90,106,8271.2
26180007683000,890,443,447,34443
26180007684000,114,66,48,4810.8
26180007685000,109,53,56,4272.8
26180007686000,188,89,99,6429.6
26180007687000,162,85,77,6139.8
26180007688000,67,32,35,2425.4
26180007689000,86,39,47,3448.6
26180007690000,47,29,18,1908.2
26180007691000,79,41,38,3491.8
26180007696000,24,13,11,1077.6
26180007710000,14,5,9,515.2
26180007723000,18,9,9,930.6
26180007724000,76,36,40,3708.8
26180007725000,24,11,13,1579.2
26190007640000,12,7,5,525.6
26190007667000,3,1,2,0
26190007668000,6,3,3,292.2
26190007669000,18,9,9,667.8
26190007670000,5,2,3,101
26190007673000,8,5,3,312
26190007683000,824,408,416,34031.2
26190007692000,39,22,17,2012.4
26190007696000,38,23,15,1569.4
26190007698000,1,1,0,0
26190007700000,2,1,1,0
26190007702000,14,7,7,428.4
26190007706000,4,3,1,0
26190007724000,1,1,0,0
26190007725000,34,15,19,921.4
26200007622000,51,27,24,1927.8
26200007623000,20,10,10,606
26200007641000,15,9,6,670.5
26200007642000,33,18,15,1650
26200007647000,2,1,1,0
26200007661000,5,1,4,158
26200007668000,10,5,5,609
26200007669000,20,13,7,742
26200007670000,37,21,16,1546.6
26200007671000,41,26,15,1574.4
26200007673000,1,1,0,0
26200007674000,19,8,11,801.8
26200007683000,551,285,266,20111.5
26200007692000,40,17,23,1368
26200007693000,23,11,12,1039.6
26200007694000,5,2,3,167
26200007696000,62,37,25,2697
26200007697000,66,35,31,3484.8
26200007699000,5,3,2,343
26200007729000,1,1,0,0
26210007622000,36,21,15,1346.4
26210007623000,11,7,4,589.6
26210007640000,13,6,7,585
26210007641000,3,1,2,0
26210007642000,47,30,17,2138.5
26210007643000,9,6,3,345.6
26210007646000,7,4,3,413
26210007647000,2,2,0,0
26210007648000,3,1,2,0
26210007650000,2,1,1,0
26210007671000,105,58,47,4284
26210007672000,72,37,35,2664
26210007673000,58,34,24,2314.2
26210007674000,5,2,3,269
26210007677000,91,49,42,3749.2
26210007678000,38,14,24,1820.2
26210007679000,141,71,70,6133.5
26210007680000,72,36,36,2750.4
26210007681000,20,8,12,1040
26210007683000,457,238,219,17366
26210007694000,12,7,5,513.6
26210007695000,41,23,18,1922.9
26210007696000,14,9,5,506.8
26210007697000,187,96,91,7667
26210007699000,8,5,3,407.2
26210007718000,2,2,0,0
26210007719000,7,3,4,513.1
26210007729000,7,4,3,433.3
26220007641000,7,3,4,193.9
26220007642000,10,5,5,370
26220007643000,34,18,16,1292
26220007646000,1,1,0,0
26220007648000,1,1,0,0
26220007649000,4,2,2,0
26220007650000,6,2,4,340.8
26220007671000,5,3,2,205
26220007672000,121,60,61,4840
26220007675000,34,18,16,1288.6
26220007676000,32,17,15,1260.8
26220007677000,25,13,12,965
26220007679000,10,5,5,505
26220007681000,44,27,17,2068
26220007682000,101,54,47,3797.6
26220007683000,176,91,85,6670.4
26220007684000,3,2,1,0
26220007695000,19,10,9,613.7
26220007696000,25,11,14,1335
26220007697000,22,11,11,1040.6
26220007698000,22,7,15,796.4
26220007708000,3,2,1,0
26220007718000,1,0,1,0
26220007727000,2,1,1,0
26230007640000,15,8,7,589.5
26230007643000,43,26,17,1625.4
26230007645000,2,1,1,0
26230007650000,2,1,1,0
26230007672000,28,13,15,1458.8
26230007673000,72,41,31,2937.6
26230007675000,53,23,30,2294.9
26230007676000,119,52,67,5271.7
26230007677000,1,0,1,0
26230007684000,34,20,14,1618.4
26230007685000,2,0,2,0
26230007694000,6,1,5,213
26230007700000,2,1,1,0
26230007701000,1,0,1,0
26230007702000,8,6,2,339.2
26230007706000,4,3,1,0
26230007707000,6,3,3,454.2
26230007716000,13,9,4,561.6
26230007727000,5,3,2,335
26240007640000,12,6,6,427.2
26240007641000,10,6,4,547
26240007642000,11,6,5,415.8
26240007643000,28,13,15,1223.6
26240007672000,15,10,5,556.5
26240007673000,267,147,120,9451.8
26240007674000,7,3,4,387.8
26240007675000,76,42,34,3009.6
26240007677000,2,1,1,0
26240007685000,82,45,37,2870
26240007693000,3,1,2,0
26240007700000,35,16,19,1305.5
26240007701000,95,48,47,3686
26240007702000,8,5,3,444.8
26240007705000,8,3,5,370.4
26240007715000,3,2,1,0
26240007726000,39,21,18,1458.6
26240007727000,9,3,6,368.1
26250007623000,10,7,3,368
26250007624000,3,2,1,0
26250007625000,3,2,1,0
26250007626000,12,5,7,579.6
26250007627000,4,2,2,0
26250007628000,6,3,3,213
26250007641000,4,2,2,0
26250007671000,3,1,2,0
26250007672000,152,83,69,6171.2
26250007673000,510,241,269,19992
26250007674000,428,212,216,18190
26250007675000,58,27,31,2389.6
26250007683000,29,14,15,1194.8
26250007684000,10,6,4,375
26250007685000,79,37,42,3515.5
26250007686000,77,38,39,3041.5
26250007687000,30,21,9,1245
26250007693000,9,4,5,393.3
26250007701000,26,13,13,782.6
26250007709000,12,7,5,498
26250007715000,7,5,2,298.9
26250007726000,1,0,1,0
26250007727000,10,7,3,484
26250007730000,5,4,1,235
26260007623000,3,1,2,0
26260007624000,6,4,2,382.8
26260007639000,13,7,6,310.7
26260007666000,10,6,4,452
26260007668000,10,3,7,419
26260007670000,4,2,2,0
26260007671000,4,1,3,0
26260007672000,48,25,23,1939.2
26260007673000,59,27,32,2430.8
26260007674000,137,76,61,5356.7
26260007675000,1,1,0,0
26260007682000,5,5,0,165
26260007683000,18,8,10,678.6
26260007686000,18,10,8,671.4
26260007687000,63,34,29,2709
26260007688000,12,6,6,445.2
26260007689000,5,3,2,290
26260007690000,11,6,5,396
26260007692000,18,12,6,514.8
26260007701000,17,10,7,528.7
26260007709000,10,5,5,515
26260007716000,2,1,1,0
26260007727000,1,0,1,0
26270007621000,6,2,4,304.8
26270007630000,3,2,1,0
26270007631000,3,2,1,0
26270007632000,12,4,8,500.4
26270007633000,8,5,3,332.8
26270007636000,6,3,3,322.8
26270007637000,3,2,1,0
26270007638000,25,14,11,1190
26270007639000,13,5,8,703.3
26270007664000,8,4,4,363.2
26270007666000,35,18,17,1382.5
26270007668000,1,1,0,0
26270007669000,30,13,17,1239
26270007670000,64,31,33,2368
26270007671000,36,18,18,1778.4
26270007672000,28,15,13,991.2
26270007674000,10,6,4,302
26270007680000,4,2,2,0
26270007682000,18,11,7,707.4
26270007688000,7,5,2,231.7
26270007689000,42,20,22,1797.6
26270007690000,3,1,2,0
26270007691000,2,1,1,0
26270007692000,47,25,22,1729.6
26270007693000,32,16,16,1120
26270007694000,10,5,5,595
26270007695000,1,0,1,0
26270007716000,29,15,14,1661.7
26270007722000,40,20,20,1728
26270007723000,46,23,23,1775.6
26270007724000,34,19,15,1458.6
26270007727000,7,5,2,147
26280007620000,2,1,1,0
26280007631000,2,0,2,0
26280007632000,1,1,0,0
26280007633000,10,5,5,493
26280007636000,6,3,3,277.2
26280007637000,2,2,0,0
26280007638000,25,11,14,1095
26280007666000,2,1,1,0
26280007667000,2,1,1,0
26280007670000,8,4,4,439.2
26280007671000,12,6,6,344.4
26280007680000,38,18,20,1755.6
26280007681000,8,5,3,215.2
26280007682000,67,33,34,2867.6
26280007690000,9,4,5,480.6
26280007691000,8,6,2,396.8
26280007695000,23,11,12,1166.1
26280007696000,22,13,9,913
26280007697000,12,7,5,392.4
26280007710000,6,3,3,396
26280007711000,9,5,4,281.7
26280007716000,25,14,11,1230
26280007717000,2,1,1,0
26280007723000,14,7,7,469
26280007724000,27,13,14,1090.8
26280007726000,2,1,1,0
26280007727000,3,1,2,0
26280007739000,2,1,1,0
26290007619000,3,2,1,0
26290007666000,7,3,4,294
26290007667000,4,1,3,0
26290007680000,9,4,5,351
26290007681000,50,23,27,2235
26290007682000,29,11,18,1209.3
26290007683000,1,1,0,0
26290007691000,10,5,5,348
26290007692000,33,16,17,1296.9
26290007693000,62,30,32,2325
26290007694000,25,11,14,910
26290007695000,10,4,6,488
26290007696000,8,3,5,448.8
26290007697000,40,23,17,1764
26290007698000,48,22,26,1608
26290007710000,9,5,4,497.7
26290007711000,1,0,1,0
26290007716000,3,2,1,0
26290007717000,23,9,14,876.3
26290007725000,2,1,1,0
26290007726000,3,2,1,0
26290007727000,14,8,6,495.6
26300007619000,36,19,17,1393.2
26300007639000,13,6,7,388.7
26300007640000,3,2,1,0
26300007681000,1,1,0,0
26300007682000,31,16,15,1286.5
26300007683000,18,8,10,903.6
26300007697000,22,10,12,789.8
26300007698000,184,82,102,9660
26300007699000,30,15,15,1233
26300007700000,14,9,5,641.2
26300007709000,4,3,1,0
26300007710000,2,2,0,0
26300007717000,22,13,9,1018.6
26300007727000,5,2,3,217
26300007728000,4,3,1,0
26300007743000,16,7,9,739.2
26300007744000,19,8,11,1164.7
26300007745000,1,1,0,0
26310007617000,13,5,8,347.1
26310007618000,17,9,8,766.7
26310007640000,19,12,7,919.6
26310007667000,11,8,3,431.2
26310007668000,15,9,6,753
26310007682000,17,11,6,768.4
26310007683000,5,3,2,260
26310007684000,12,5,7,501.6
26310007698000,3,0,3,0
26310007699000,23,14,9,1046.5
26310007700000,22,13,9,976.8
26310007701000,11,5,6,473
26310007702000,10,4,6,290
26310007703000,18,10,8,815.4
26310007704000,10,6,4,366
26310007705000,6,2,4,219
26310007708000,10,4,6,576
26310007709000,1,0,1,0
26310007717000,4,2,2,0
26310007727000,5,3,2,338
26310007729000,4,2,2,0
26310007744000,34,17,17,1540.2
26310007745000,47,28,19,2194.9
26320007640000,2,1,1,0
26320007641000,17,8,9,710.6
26320007642000,6,3,3,238.8
26320007668000,11,6,5,576.4
26320007682000,9,5,4,185.4
26320007683000,17,8,9,465.8
26320007684000,11,6,5,748
26320007685000,16,8,8,657.6
26320007700000,15,5,10,847.5
26320007701000,22,14,8,974.6
26320007717000,20,8,12,568
26320007729000,7,6,1,389.9
26320007744000,18,8,10,698.4
26330007642000,482,235,247,19087.2
26330007645000,1,0,1,0
26330007667000,7,5,2,342.3
26330007668000,8,5,3,272
26330007683000,11,6,5,567.6
26330007685000,6,3,3,118.8
26330007701000,7,4,3,375.9
26330007702000,3,1,2,0
26330007717000,3,2,1,0
26330007718000,27,14,13,915.3
26340007642000,843,459,384,29420.7
26340007643000,846,413,433,35024.4
26340007644000,58,28,30,2349
26340007645000,16,9,7,809.6
26340007666000,10,5,5,516
26340007676000,2,1,1,0
26340007677000,4,2,2,0
26340007682000,2,1,1,0
26340007713000,8,5,3,375.2
26340007714000,1,0,1,0
26340007718000,15,9,6,655.5
26340007744000,1,1,0,0
26340007750000,8,3,5,520
26350007641000,2,2,0,0
26350007642000,122,101,21,2940.2
26350007643000,115,48,67,4922
26350007644000,19,11,8,830.3
26350007645000,16,5,11,636.8
26350007646000,12,5,7,538.8
26350007666000,4,2,2,0
26350007677000,12,6,6,757.2
26350007700000,3,1,2,0
26350007707000,1,0,1,0
26350007710000,6,4,2,298.8
26350007713000,10,5,5,298
26350007718000,4,1,3,0
26350007719000,24,13,11,880.8
26350007742000,1,1,0,0
26350007750000,3,2,1,0
26350007773000,2,2,0,0
26360007639000,15,8,7,577.5
26360007640000,8,4,4,352
26360007641000,13,6,7,625.3
26360007642000,11,7,4,479.6
26360007646000,33,18,15,1016.4
26360007647000,7,4,3,408.1
26360007677000,4,3,1,0
26360007678000,23,12,11,823.4
26360007681000,4,2,2,0
26360007682000,25,11,14,895
26360007683000,4,2,2,0
26360007684000,3,2,1,0
26360007700000,7,4,3,424.2
26360007707000,7,4,3,256.9
26360007708000,13,6,7,507
26360007711000,6,2,4,399
26360007715000,4,2,2,0
26360007719000,3,1,2,0
26360007744000,8,4,4,532.8
26360007745000,22,14,8,1188
26360007750000,1,1,0,0
26360007774000,1,1,0,0
26370007638000,13,8,5,625.3
26370007639000,23,11,12,1304.1
26370007640000,4,2,2,0
26370007645000,10,4,6,390
26370007646000,7,4,3,455
26370007647000,10,5,5,500
26370007648000,29,16,13,1113.6
26370007649000,19,8,11,761.9
26370007658000,10,5,5,489
26370007677000,14,8,6,418.6
26370007678000,4,3,1,0
26370007679000,6,3,3,291
26370007680000,23,12,11,1232.8
26370007681000,43,23,20,1711.4
26370007682000,61,35,26,2854.8
26370007683000,35,18,17,1645
26370007684000,28,12,16,1534.4
26370007685000,8,5,3,488
26370007686000,21,11,10,846.3
26370007687000,2,1,1,0
26370007693000,1,1,0,0
26370007694000,2,0,2,0
26370007695000,5,2,3,284
26370007697000,5,3,2,228
26370007698000,12,7,5,534
26370007699000,4,3,1,0
26370007707000,5,3,2,291
26370007716000,2,1,1,0
26370007719000,4,1,3,0
26370007751000,43,25,18,1806
26370007752000,15,7,8,913.5
26370007757000,6,4,2,174
26380007637000,2,1,1,0
26380007638000,10,5,5,338
26380007639000,35,18,17,1179.5
26380007649000,6,3,3,168
26380007650000,29,18,11,1328.2
26380007651000,1,0,1,0
26380007652000,4,2,2,0
26380007658000,61,32,29,2787.7
26380007659000,41,20,21,1480.1
26380007664000,1,1,0,0
26380007678000,1,1,0,0
26380007679000,82,37,45,3665.4
26380007680000,21,12,9,623.7
26380007681000,9,5,4,333
26380007682000,17,8,9,574.6
26380007683000,15,8,7,601.5
26380007684000,9,3,6,502.2
26380007685000,2,1,1,0
26380007687000,13,4,9,439.4
26380007688000,13,7,6,578.5
26380007706000,12,5,7,500.4
26380007716000,14,8,6,673.4
26380007719000,4,2,2,0
26380007751000,22,11,11,882.2
26390007637000,15,5,10,598.5
26390007638000,45,22,23,1498.5
26390007639000,7,4,3,90.3
26390007653000,9,5,4,567
26390007654000,22,12,10,932.8
26390007655000,4,2,2,0
26390007659000,71,36,35,2499.2
26390007660000,22,10,12,952.6
26390007661000,59,31,28,2247.9
26390007662000,70,42,28,2184
26390007663000,531,297,234,18744.3
26390007664000,43,21,22,2089.8
26390007665000,39,18,21,1688.7
26390007676000,22,12,10,897.6
26390007677000,12,8,4,384
26390007678000,8,4,4,340
26390007679000,39,18,21,1337.7
26390007680000,13,7,6,386.1
26390007685000,23,12,11,1007.4
26390007686000,4,1,3,0
26390007687000,3,2,1,0
26390007688000,4,2,2,0
26390007689000,2,1,1,0
26390007691000,2,2,0,0
26390007692000,5,3,2,283
26390007693000,2,1,1,0
26390007694000,20,10,10,968
26390007695000,3,2,1,0
26390007696000,1,1,0,0
26390007697000,2,1,1,0
26390007705000,17,8,9,1001.3
26390007706000,2,0,2,0
26390007719000,1,1,0,0
26390007720000,8,4,4,440
26390007735000,151,76,75,5058.5
26390007736000,3,2,1,0
26390007773000,5,3,2,274
26400007637000,6,2,4,295.2
26400007638000,31,12,19,1165.6
26400007639000,1,1,0,0
26400007654000,2,1,1,0
26400007655000,6,4,2,388.2
26400007656000,2,1,1,0
26400007658000,14,7,7,718.2
26400007659000,70,35,35,3360
26400007662000,137,74,63,5069
26400007663000,162,90,72,4195.8
26400007665000,221,112,109,11226.8
26400007666000,645,341,304,21285
26400007667000,72,35,37,2304
26400007675000,3,2,1,0
26400007678000,9,5,4,381.6
26400007679000,41,19,22,1312
26400007686000,6,4,2,160.8
26400007693000,8,3,5,283.2
26400007694000,11,9,2,522.5
26400007695000,7,5,2,485.8
26400007704000,16,12,4,726.4
26400007717000,7,4,3,347.9
26400007721000,5,3,2,283
26400007722000,48,26,22,1795.2
26400007734000,4,3,1,0
26400007735000,205,99,106,6519
26400007736000,136,69,67,5399.2
26400007739000,10,4,6,579
26400007740000,1,1,0,0
26400007752000,2,1,1,0
26400007769000,3,1,2,0
26400007773000,15,11,4,678
26410007635000,5,4,1,149
26410007636000,4,1,3,0
26410007637000,23,10,13,733.7
26410007639000,20,11,9,868
26410007655000,3,2,1,0
26410007656000,3,1,2,0
26410007657000,15,7,8,667.5
26410007658000,21,9,12,945
26410007659000,9,3,6,459
26410007661000,23,12,11,924.6
26410007665000,44,25,19,1364
26410007666000,11,7,4,551.1
26410007667000,150,80,70,5670
26410007674000,12,5,7,429.6
26410007675000,5,3,2,344
26410007676000,2,1,1,0
26410007677000,23,13,10,970.6
26410007678000,10,4,6,436
26410007679000,24,10,14,931.2
26410007693000,1,1,0,0
26410007695000,1,0,1,0
26410007701000,8,3,5,304
26410007702000,70,29,41,2814
26410007703000,9,5,4,563.4
26410007718000,13,7,6,594.1
26410007722000,28,15,13,1223.6
26410007723000,18,9,9,586.8
26410007734000,51,27,24,1744.2
26410007735000,32,18,14,1600
26410007736000,13,8,5,552.5
26410007737000,32,18,14,1302.4
26410007768000,1,1,0,0
26410007769000,2,1,1,0
26410007773000,1,1,0,0
26420007630000,2,1,1,0
26420007632000,5,2,3,315
26420007633000,3,2,1,0
26420007636000,27,16,11,1012.5
26420007637000,18,11,7,594
26420007638000,7,4,3,195.3
26420007661000,10,7,3,466
26420007665000,6,2,4,298.8
26420007667000,119,65,54,4926.6
26420007668000,382,197,185,16235
26420007671000,10,5,5,463
26420007673000,6,4,2,292.8
26420007674000,109,57,52,4915.9
26420007675000,179,80,99,7732.8
26420007676000,9,4,5,351.9
26420007677000,2,1,1,0
26420007678000,5,2,3,320
26420007679000,27,16,11,837
26420007680000,11,6,5,531.3
26420007681000,1,1,0,0
26420007700000,13,6,7,432.9
26420007702000,14,5,9,582.4
26420007718000,7,4,3,385.7
26420007721000,27,16,11,1012.5
26420007722000,30,15,15,1602
26420007734000,4,3,1,0
26420007735000,25,13,12,1290
26420007736000,27,11,16,783
26420007737000,4,2,2,0
26420007770000,4,2,2,0
26420007771000,17,6,11,632.4
26430007621000,3,2,1,0
26430007623000,4,1,3,0
26430007625000,6,3,3,258
26430007626000,7,4,3,235.9
26430007627000,5,3,2,78
26430007628000,11,6,5,405.9
26430007629000,9,5,4,311.4
26430007630000,10,4,6,330
26430007633000,13,8,5,548.6
26430007634000,1,0,1,0
26430007635000,2,1,1,0
26430007637000,3,1,2,0
26430007661000,7,4,3,280.7
26430007662000,4,2,2,0
26430007663000,51,31,20,2131.8
26430007668000,24,13,11,1008
26430007669000,17,12,5,831.3
26430007670000,48,21,27,1992
26430007671000,47,27,20,2119.7
26430007672000,117,60,57,5159.7
26430007673000,90,42,48,3726
26430007674000,192,102,90,7680
26430007675000,3,2,1,0
26430007676000,3,1,2,0
26430007681000,27,11,16,1217.7
26430007692000,10,7,3,361
26430007693000,3,2,1,0
26430007699000,5,2,3,275
26430007702000,1,1,0,0
26430007704000,8,5,3,328.8
26430007718000,24,14,10,1161.6
26430007721000,34,16,18,1747.6
26430007734000,106,56,50,3699.4
26430007735000,65,33,32,2470
26430007765000,1,1,0,0
26430007772000,3,2,1,0
26440007620000,6,4,2,301.2
26440007621000,8,3,5,326.4
26440007623000,12,6,6,594
26440007624000,3,1,2,0
26440007625000,4,2,2,0
26440007630000,4,2,2,0
26440007631000,18,8,10,1013.4
26440007660000,2,1,1,0
26440007664000,3,1,2,0
26440007665000,7,4,3,252
26440007669000,2,1,1,0
26440007670000,17,11,6,707.2
26440007671000,75,31,44,4800
26440007672000,46,30,16,1669.8
26440007674000,13,6,7,600.6
26440007675000,11,5,6,530.2
26440007681000,7,5,2,387.1
26440007682000,7,4,3,301.7
26440007683000,1,1,0,0
26440007692000,22,11,11,662.2
26440007698000,1,1,0,0
26440007702000,6,3,3,160.2
26440007703000,10,4,6,431
26440007704000,12,8,4,747.6
26440007718000,1,1,0,0
26440007719000,4,1,3,0
26440007721000,33,17,16,1389.3
26440007728000,13,8,5,460.2
26440007729000,60,36,24,2064
26440007730000,96,51,45,4041.6
26440007731000,18,7,11,790.2
26440007734000,147,73,74,5556.6
26440007735000,327,156,171,11804.7
26440007745000,4,2,2,0
26440007746000,14,7,7,526.4
26440007748000,61,30,31,2311.9
26440007755000,3,1,2,0
26450007660000,9,5,4,425.7
26450007662000,1,1,0,0
26450007663000,16,7,9,467.2
26450007666000,5,2,3,307
26450007667000,12,7,5,526.8
26450007674000,9,3,6,525.6
26450007681000,4,3,1,0
26450007682000,33,19,14,1468.5
26450007683000,18,11,7,612
26450007684000,4,3,1,0
26450007685000,8,5,3,328
26450007686000,13,8,5,595.4
26450007687000,15,10,5,870
26450007688000,15,10,5,505.5
26450007689000,17,8,9,841.5
26450007690000,6,4,2,364.2
26450007698000,3,1,2,0
26450007701000,10,5,5,455
26450007702000,22,13,9,1229.8
26450007703000,20,9,11,726
26450007704000,1,1,0,0
26450007719000,13,6,7,526.5
26450007721000,18,9,9,705.6
26450007729000,7,5,2,356.3
26450007731000,36,15,21,1278
26450007732000,37,15,22,1354.2
26450007733000,43,19,24,1775.9
26450007734000,833,411,422,26905.9
26450007735000,196,107,89,7016.8
26450007745000,2,1,1,0
26450007746000,15,9,6,601.5
26450007747000,2,1,1,0
26450007748000,62,25,37,2542
26450007752000,10,5,5,323
26450007753000,20,7,13,656
26450007759000,1,1,0,0
26450007775000,1,0,1,0
26460007630000,27,13,14,1050.3
26460007660000,1,1,0,0
26460007663000,4,2,2,0
26460007664000,12,6,6,400.8
26460007665000,2,2,0,0
26460007666000,6,4,2,255
26460007667000,14,8,6,768.6
26460007673000,9,4,5,277.2
26460007674000,4,2,2,0
26460007686000,8,3,5,395.2
26460007688000,6,3,3,348
26460007689000,15,8,7,609
26460007697000,14,6,8,495.6
26460007699000,4,1,3,0
26460007700000,1,0,1,0
26460007701000,3,2,1,0
26460007719000,28,17,11,1086.4
26460007721000,22,13,9,928.4
26460007722000,89,43,46,3453.2
26460007728000,19,12,7,596.6
26460007729000,5,2,3,188
26460007731000,41,21,20,1644.1
26460007732000,46,24,22,1780.2
26460007734000,992,510,482,28272
26460007735000,285,148,137,7695
26460007752000,49,25,24,1656.2
26460007753000,24,14,10,871.2
26460007754000,13,7,6,573.3
26460007756000,1,1,0,0
26460007775000,4,1,3,0
26460007791000,1,1,0,0
26470007629000,5,1,4,216
26470007659000,1,0,1,0
26470007661000,3,1,2,0
26470007662000,12,7,5,510
26470007664000,7,4,3,235.9
26470007665000,8,6,2,218.4
26470007667000,2,1,1,0
26470007694000,16,6,10,708.8
26470007695000,2,1,1,0
26470007697000,11,6,5,511.5
26470007699000,6,2,4,316.2
26470007700000,5,3,2,205
26470007701000,2,1,1,0
26470007719000,48,24,24,1891.2
26470007722000,7,4,3,301.7
26470007723000,47,24,23,1659.1
26470007724000,52,25,27,2085.2
26470007725000,23,10,13,1053.4
26470007726000,43,25,18,1315.8
26470007727000,26,15,11,1089.4
26470007728000,30,15,15,1233
26470007729000,4,2,2,0
26470007731000,112,58,54,3528
26470007735000,1224,643,581,36842.4
26470007752000,4,3,1,0
26470007753000,38,20,18,1459.2
26470007757000,7,3,4,322
26470007758000,2,1,1,0
26470007775000,2,1,1,0
26480007661000,7,3,4,254.8
26480007662000,7,3,4,261.1
26480007664000,2,1,1,0
26480007665000,3,1,2,0
26480007667000,5,2,3,228
26480007672000,9,6,3,351.9
26480007688000,2,1,1,0
26480007694000,5,2,3,308
26480007695000,8,5,3,428.8
26480007697000,1,1,0,0
26480007699000,8,6,2,322.4
26480007701000,8,4,4,380.8
26480007719000,14,6,8,357
26480007720000,17,8,9,569.5
26480007725000,11,6,5,441.1
26480007726000,33,16,17,884.4
26480007727000,9,4,5,398.7
26480007731000,34,14,20,707.2
26480007732000,30,16,14,840
26480007733000,9,4,5,359.1
26480007735000,1342,693,649,43212.4
26480007752000,33,21,12,1260.6
26480007775000,6,3,3,403.8
26490007660000,2,2,0,0
26490007661000,5,3,2,150
26490007662000,2,1,1,0
26490007663000,2,1,1,0
26490007664000,8,4,4,327.2
26490007671000,3,2,1,0
26490007672000,16,7,9,745.6
26490007688000,8,4,4,480
26490007694000,10,5,5,568
26490007695000,8,3,5,336
26490007696000,9,6,3,416.7
26490007697000,1,0,1,0
26490007699000,2,1,1,0
26490007720000,9,6,3,263.7
26490007725000,2,1,1,0
26490007726000,16,9,7,539.2
26490007735000,241,120,121,9423.1
26490007736000,1084,529,555,41734
26490007737000,108,53,55,3996
26490007752000,16,12,4,683.2
26490007756000,2,1,1,0
26490007776000,10,7,3,643
26500007660000,8,4,4,535.2
26500007663000,20,9,11,716
26500007671000,6,4,2,300
26500007672000,1,0,1,0
26500007688000,10,6,4,391
26500007694000,13,10,3,436.8
26500007696000,56,23,33,2559.2
26500007699000,2,1,1,0
26500007712000,2,1,1,0
26500007713000,5,2,3,89
26500007714000,7,3,4,221.9
26500007715000,1,1,0,0
26500007716000,18,9,9,822.6
26500007717000,21,11,10,829.5
26500007718000,2,1,1,0
26500007719000,24,13,11,1140
26500007720000,10,4,6,445
26500007736000,157,74,83,6060.2
26500007737000,1532,772,760,56684
26500007738000,13,6,7,607.1
26500007751000,2,1,1,0
26500007755000,10,6,4,220
26500007756000,22,7,15,992.2
26500007777000,7,3,4,298.9
26500007778000,2,1,1,0
26510007661000,15,9,6,849
26510007662000,6,3,3,379.2
26510007663000,14,6,8,588
26510007688000,8,5,3,280.8
26510007693000,8,3,5,474.4
26510007694000,11,5,6,214.5
26510007696000,14,5,9,852.6
26510007697000,3,2,1,0
26510007699000,3,1,2,0
26510007713000,2,1,1,0
26510007729000,309,154,155,12916.2
26510007730000,1440,657,783,59760
26510007731000,1507,744,763,61184.2
26510007732000,201,96,105,6331.5
26510007733000,326,184,142,12485.8
26510007734000,19,15,4,655.5
26510007735000,11,4,7,319
26510007736000,6,3,3,172.8
26510007737000,371,194,177,14283.5
26510007738000,33,17,16,1049.4
26510007751000,9,7,2,386.1
26510007754000,4,1,3,0
26510007779000,5,3,2,162
26520007623000,2,1,1,0
26520007661000,26,16,10,964.6
26520007662000,23,12,11,993.6
26520007671000,1,1,0,0
26520007688000,2,2,0,0
26520007694000,2,1,1,0
26520007696000,34,15,19,1407.6
26520007697000,3,1,2,0
26520007699000,7,3,4,319.2
26520007709000,17,10,7,924.8
26520007710000,15,10,5,783
26520007711000,3,1,2,0
26520007712000,6,4,2,382.2
26520007726000,7,3,4,480.9
26520007727000,2,0,2,0
26520007729000,1215,642,573,44833.5
26520007730000,3615,1828,1787,133032
26520007731000,3208,1642,1566,118375.2
26520007732000,2200,1083,1117,79640
26520007733000,2355,1135,1220,93022.5
26520007734000,1649,758,891,66289.8
26520007735000,2091,1018,1073,78830.7
26520007736000,209,104,105,8088.3
26520007737000,180,90,90,5436
26520007738000,25,15,10,1340
26520007739000,58,30,28,2813
26520007740000,17,11,6,827.9
26520007753000,14,7,7,694.4
26520007754000,2,1,1,0
26530007659000,4,3,1,0
26530007660000,6,3,3,307.8
26530007661000,31,16,15,1388.8
26530007662000,27,15,12,1177.2
26530007671000,18,13,5,932.4
26530007672000,9,3,6,326.7
26530007694000,2,0,2,0
26530007695000,6,4,2,324
26530007696000,71,34,37,3209.2
26530007708000,26,13,13,1040
26530007709000,6,5,1,378
26530007721000,26,10,16,1266.2
26530007722000,167,84,83,5177
26530007723000,31,18,13,1450.8
26530007724000,19,9,10,661.2
26530007725000,56,32,24,1909.6
26530007726000,333,167,166,12587.4
26530007727000,342,178,164,12996
26530007728000,873,432,441,31253.4
26530007729000,1323,655,668,54904.5
26530007730000,310,147,163,11625
26530007731000,1723,881,842,71504.5
26530007732000,4167,2207,1960,155429.1
26530007733000,2640,1363,1277,92400
26530007734000,1563,804,759,53298.3
26530007735000,734,364,370,28038.8
26530007736000,737,378,359,22920.7
26530007737000,1483,725,758,46566.2
26530007738000,46,30,16,1669.8
26530007740000,26,12,14,1073.8
26530007750000,8,6,2,466.4
26530007753000,2,1,1,0
26530007776000,2,2,0,0
26530007777000,2,0,2,0
26530007778000,2,1,1,0
26540007621000,9,4,5,496.8
26540007661000,87,46,41,3175.5
26540007662000,1,0,1,0
26540007670000,2,1,1,0
26540007671000,42,18,24,1764
26540007692000,1,0,1,0
26540007695000,25,12,13,1345
26540007696000,83,39,44,2689.2
26540007700000,3,1,2,0
26540007706000,1,0,1,0
26540007707000,18,7,11,970.2
26540007708000,18,10,8,574.2
26540007719000,122,61,61,4331
26540007720000,151,80,71,5013.2
26540007721000,91,43,48,2629.9
26540007730000,637,321,316,23760.1
26540007731000,1655,839,816,62890
26540007734000,127,72,55,4813.3
26540007735000,792,437,355,29858.4
26540007736000,2023,988,1035,78694.7
26540007737000,1102,537,565,39782.2
26540007738000,1022,522,500,37507.4
26540007741000,13,7,6,760.5
26540007742000,18,10,8,621
26540007748000,52,26,26,2132
26540007749000,12,5,7,543.6
26540007750000,12,5,7,435.6
26540007751000,7,2,5,387.8
26540007752000,14,9,5,555.8
26540007772000,6,4,2,376.2
26540007775000,2,1,1,0
26540007785000,2,1,1,0
26550007660000,13,10,3,530.4
26550007661000,107,54,53,4772.2
26550007671000,15,8,7,510
26550007672000,2,1,1,0
26550007687000,7,4,3,289.1
26550007691000,10,7,3,589
26550007692000,15,10,5,736.5
26550007694000,31,17,14,1416.7
26550007695000,13,7,6,786.5
26550007700000,1,1,0,0
26550007701000,4,3,1,0
26550007702000,11,7,4,616
26550007707000,5,1,4,214
26550007710000,11,8,3,564.3
26550007711000,7,2,5,315
26550007712000,5,3,2,189
26550007718000,1,1,0,0
26550007719000,77,45,32,3103.1
26550007720000,3,1,2,0
26550007730000,143,77,66,4704.7
26550007731000,2232,1130,1102,80128.8
26550007732000,1106,554,552,45124.8
26550007733000,1608,813,795,62712
26550007735000,66,41,25,2151.6
26550007736000,242,131,111,8663.6
26550007737000,698,378,320,23034
26550007738000,11,11,0,441.1
26550007742000,2,1,1,0
26550007743000,63,30,33,2198.7
26550007744000,6,3,3,310.8
26550007746000,10,7,3,271
26550007747000,28,13,15,1176
26550007748000,3,2,1,0
26550007749000,2,1,1,0
26550007750000,1,1,0,0
26550007773000,8,4,4,520
26550007774000,5,3,2,282
26550007775000,1,1,0,0
26560007653000,6,2,4,223.8
26560007655000,2,1,1,0
26560007656000,3,1,2,0
26560007658000,1,0,1,0
26560007659000,2,1,1,0
26560007660000,18,10,8,865.8
26560007661000,29,14,15,1174.5
26560007671000,5,3,2,138
26560007690000,1,0,1,0
26560007691000,16,7,9,680
26560007692000,11,4,7,526.9
26560007693000,1,1,0,0
26560007694000,16,7,9,699.2
26560007695000,5,2,3,149
26560007702000,54,33,21,2376
26560007703000,31,15,16,1243.1
26560007704000,2,2,0,0
26560007705000,3,1,2,0
26560007706000,4,3,1,0
26560007708000,1,1,0,0
26560007709000,14,8,6,624.4
26560007710000,1,1,0,0
26560007713000,8,5,3,556.8
26560007715000,14,5,9,778.4
26560007716000,27,16,11,1336.5
26560007717000,6,3,3,165
26560007718000,72,53,19,2844
26560007720000,47,27,20,1865.9
26560007732000,5,2,3,171
26560007733000,893,441,452,34737.7
26560007734000,1951,923,1028,78820.4
26560007735000,41,21,20,1566.2
26560007744000,22,12,10,803
26560007745000,41,22,19,1517
26560007746000,16,7,9,590.4
26560007748000,28,16,12,854
26560007749000,1,1,0,0
26560007769000,1,1,0,0
26570007653000,1,0,1,0
26570007654000,5,2,3,300
26570007655000,2,1,1,0
26570007657000,2,1,1,0
26570007658000,1,0,1,0
26570007660000,16,9,7,756.8
26570007687000,6,2,4,256.8
26570007691000,6,3,3,196.2
26570007693000,4,3,1,0
26570007694000,5,3,2,164
26570007701000,7,3,4,394.1
26570007702000,6,4,2,256.2
26570007708000,7,5,2,496.3
26570007717000,5,3,2,298
26570007718000,6,3,3,243
26570007720000,40,21,19,1400
26570007734000,30,14,16,1173
26570007735000,1760,841,919,74096
26570007736000,1240,603,637,44268
26570007737000,52,28,24,1929.2
26570007747000,5,3,2,265
26570007768000,22,9,13,1062.6
26580007652000,7,4,3,524.3
26580007655000,3,2,1,0
26580007658000,3,2,1,0
26580007659000,5,1,4,165
26580007660000,8,4,4,332
26580007661000,2,1,1,0
26580007672000,4,2,2,0
26580007673000,9,4,5,351.9
26580007687000,12,7,5,532.8
26580007690000,2,1,1,0
26580007691000,10,5,5,594
26580007708000,10,4,6,414
26580007713000,20,9,11,716
26580007718000,6,3,3,174
26580007719000,13,8,5,631.8
26580007720000,2,1,1,0
26580007721000,16,7,9,622.4
26580007735000,439,218,221,19008.7
26580007736000,254,132,122,9118.6
26580007737000,179,103,76,6139.7
26580007738000,55,31,24,2277
26580007739000,235,117,118,8906.5
26580007740000,146,74,72,5066.2
26580007741000,117,65,52,4387.5
26580007747000,19,10,9,750.5
26580007767000,17,8,9,844.9
26590007650000,2,2,0,0
26590007651000,5,3,2,231
26590007660000,2,2,0,0
26590007673000,1,1,0,0
26590007679000,20,11,9,592
26590007685000,1,1,0,0
26590007687000,3,1,2,0
26590007703000,12,7,5,483.6
26590007704000,1,1,0,0
26590007705000,6,1,5,387
26590007706000,9,4,5,219.6
26590007707000,5,3,2,282
26590007713000,3,2,1,0
26590007720000,1,0,1,0
26590007721000,13,6,7,401.7
26590007722000,64,33,31,2220.8
26590007741000,41,18,23,1451.4
26590007742000,25,14,11,1270
26590007747000,11,5,6,446.6
26590007766000,4,2,2,0
26590007767000,4,1,3,0
26600007649000,7,2,5,237.3
26600007660000,11,7,4,410.3
26600007678000,8,3,5,248
26600007679000,21,10,11,630
26600007680000,36,21,15,1198.8
26600007690000,6,3,3,265.8
26600007702000,4,2,2,0
26600007703000,3,2,1,0
26600007721000,3,2,1,0
26600007722000,44,21,23,1689.6
26600007742000,274,153,121,10384.6
26600007767000,2,2,0,0
26610007648000,7,3,4,342.3
26610007659000,15,8,7,664.5
26610007674000,2,1,1,0
26610007678000,16,9,7,670.4
26610007679000,2,0,2,0
26610007680000,25,11,14,920
26610007681000,17,9,8,838.1
26610007682000,9,6,3,376.2
26610007688000,4,2,2,0
26610007690000,19,13,6,653.6
26610007698000,8,5,3,412.8
26610007701000,11,5,6,456.5
26610007702000,1,0,1,0
26610007721000,18,10,8,750.6
26610007722000,40,22,18,1656
26610007723000,99,56,43,3237.3
26610007742000,94,51,43,3149
26610007743000,61,26,35,2086.2
26610007744000,32,12,20,1369.6
26610007748000,1,0,1,0
26610007766000,1,1,0,0
26620007646000,3,1,2,0
26620007647000,5,3,2,250
26620007648000,2,2,0,0
26620007673000,6,2,4,285
26620007679000,5,2,3,246
26620007680000,8,4,4,316
26620007681000,1,1,0,0
26620007682000,1,1,0,0
26620007683000,5,2,3,143
26620007688000,27,11,16,972
26620007689000,7,2,5,233.1
26620007690000,22,11,11,783.2
26620007698000,11,6,5,421.3
26620007701000,5,4,1,119
26620007720000,27,14,13,1309.5
26620007721000,28,13,15,968.8
26620007722000,68,32,36,2352.8
26620007723000,80,44,36,2968
26620007741000,1,1,0,0
26620007744000,3,2,1,0
26620007745000,42,22,20,1717.8
26620007748000,4,2,2,0
26620007775000,8,5,3,411.2
26620007776000,13,8,5,536.9
26630007645000,8,6,2,402.4
26630007646000,16,9,7,996.8
26630007647000,11,7,4,357.5
26630007659000,13,7,6,534.3
26630007660000,2,1,1,0
26630007673000,11,7,4,315.7
26630007679000,2,2,0,0
26630007680000,18,11,7,963
26630007681000,3,2,1,0
26630007682000,2,1,1,0
26630007683000,46,26,20,1853.8
26630007684000,31,18,13,1283.4
26630007688000,13,6,7,591.5
26630007689000,32,18,14,1510.4
26630007690000,24,15,9,974.4
26630007698000,13,5,8,651.3
26630007701000,8,5,3,334.4
26630007719000,32,17,15,1059.2
26630007720000,16,9,7,764.8
26630007721000,52,26,26,2355.6
26630007722000,99,55,44,3653.1
26630007723000,81,39,42,3053.7
26630007746000,9,6,3,465.3
26630007748000,4,2,2,0
26630007773000,19,8,11,657.4
26640007644000,4,2,2,0
26640007659000,1,0,1,0
26640007660000,10,5,5,331
26640007673000,3,1,2,0
26640007684000,18,6,12,466.2
26640007688000,6,3,3,256.2
26640007690000,27,14,13,1120.5
26640007698000,2,0,2,0
26640007701000,3,1,2,0
26640007702000,5,3,2,177
26640007719000,45,22,23,2137.5
26640007720000,27,14,13,1298.7
26640007723000,13,8,5,468
26640007724000,27,16,11,866.7
26640007745000,2,1,1,0
26640007746000,34,16,18,1305.6
26640007772000,2,1,1,0
26650007659000,10,4,6,330
26650007670000,2,1,1,0
26650007672000,2,1,1,0
26650007677000,9,5,4,312.3
26650007678000,5,2,3,242
26650007679000,8,6,2,359.2
26650007681000,3,2,1,0
26650007684000,1,1,0,0
26650007685000,16,8,8,819.2
26650007688000,10,6,4,395
26650007690000,12,5,7,316.8
26650007691000,2,1,1,0
26650007698000,3,2,1,0
26650007702000,6,3,3,447
26650007715000,7,5,2,329
26650007716000,8,3,5,358.4
26650007717000,101,51,50,3848.1
26650007718000,25,14,11,922.5
26650007719000,14,6,8,498.4
26650007724000,6,3,3,346.2
26650007725000,2,1,1,0
26650007746000,29,13,16,1276
26650007750000,2,1,1,0
26660007658000,4,2,2,0
26660007659000,3,1,2,0
26660007670000,2,1,1,0
26660007678000,1,0,1,0
26660007681000,4,3,1,0
26660007686000,412,191,221,18210.4
26660007687000,181,97,84,9158.6
26660007688000,74,33,41,2930.4
26660007690000,15,8,7,742.5
26660007691000,2,1,1,0
26660007702000,3,2,1,0
26660007714000,3,2,1,0
26660007717000,11,7,4,415.8
26660007725000,2,1,1,0
26660007726000,4,3,1,0
26660007746000,100,49,51,3540
26660007747000,1,1,0,0
26660007770000,23,15,8,782
26670007658000,2,0,2,0
26670007659000,2,1,1,0
26670007668000,6,4,2,228
26670007680000,3,2,1,0
26670007681000,10,7,3,436
26670007682000,12,6,6,391.2
26670007684000,27,16,11,1144.8
26670007685000,108,50,58,5130
26670007686000,184,94,90,8335.2
26670007687000,198,101,97,8276.4
26670007688000,97,45,52,3540.5
26670007689000,14,8,6,375.2
26670007698000,8,4,4,422.4
26670007702000,19,13,6,913.9
26670007703000,2,1,1,0
26670007704000,2,1,1,0
26670007726000,23,14,9,998.2
26670007746000,27,12,15,882.9
26670007753000,1,1,0,0
26670007754000,2,1,1,0
26670007755000,1,1,0,0
26670007770000,19,11,8,910.1
26670007771000,29,12,17,1316.6
26670007772000,15,9,6,469.5
26680007659000,5,3,2,177
26680007670000,3,2,1,0
26680007681000,10,5,5,477
26680007682000,1,1,0,0
26680007683000,6,2,4,175.2
26680007684000,82,39,43,3722.8
26680007685000,6,3,3,372
26680007689000,1,0,1,0
26680007690000,27,12,15,1063.8
26680007691000,35,17,18,1428
26680007698000,9,5,4,306
26680007702000,32,17,15,1372.8
26680007703000,8,5,3,380
26680007727000,5,2,3,282
26680007746000,57,24,33,2103.3
26680007747000,8,3,5,296
26680007756000,2,1,1,0
26680007769000,2,2,0,0
26680007770000,9,1,8,313.2
26680007771000,6,4,2,385.8
26690007669000,5,2,3,251
26690007670000,2,2,0,0
26690007681000,19,10,9,796.1
26690007682000,34,17,17,1346.4
26690007683000,76,43,33,2356
26690007684000,37,17,20,1616.9
26690007691000,18,9,9,777.6
26690007692000,29,19,10,1316.6
26690007695000,1,0,1,0
26690007696000,5,3,2,322
26690007697000,9,6,3,398.7
26690007698000,2,1,1,0
26690007702000,22,13,9,1166
26690007728000,13,6,7,373.1
26690007747000,24,14,10,1116
26690007758000,3,1,2,0
26690007759000,4,2,2,0
26690007768000,2,1,1,0
26690007799000,2,1,1,0
26700007659000,7,4,3,298.2
26700007661000,22,15,7,1104.4
26700007662000,7,4,3,370.3
26700007663000,35,16,19,1435
26700007667000,1,1,0,0
26700007669000,2,2,0,0
26700007670000,3,3,0,0
26700007681000,9,4,5,439.2
26700007684000,26,14,12,1084.2
26700007685000,15,8,7,754.5
26700007686000,9,4,5,483.3
26700007692000,12,7,5,518.4
26700007693000,32,21,11,1587.2
26700007694000,9,6,3,432
26700007695000,2,1,1,0
26700007701000,2,2,0,0
26700007702000,24,13,11,1099.2
26700007729000,11,6,5,448.8
26700007747000,25,11,14,922.5
26700007748000,10,7,3,438
26700007753000,8,3,5,371.2
26700007754000,3,2,1,0
26700007758000,5,3,2,258
26700007760000,19,9,10,934.8
26700007765000,2,2,0,0
26700007766000,30,18,12,1320
26700007796000,3,2,1,0
26700007797000,1,1,0,0
26700007798000,7,5,2,343
26700007799000,4,3,1,0
26710007661000,7,4,3,294.7
26710007662000,83,51,32,2556.4
26710007663000,202,123,79,5817.6
26710007664000,9,4,5,254.7
26710007665000,9,7,2,347.4
26710007667000,17,8,9,753.1
26710007668000,3,1,2,0
26710007669000,1,1,0,0
26710007684000,4,2,2,0
26710007686000,28,12,16,957.6
26710007693000,1,0,1,0
26710007694000,28,12,16,1310.4
26710007699000,5,3,2,178
26710007700000,23,8,15,805
26710007701000,16,9,7,763.2
26710007702000,94,53,41,3872.8
26710007731000,3,2,1,0
26710007747000,1,1,0,0
26710007758000,1,1,0,0
26710007760000,13,8,5,586.3
26710007761000,35,17,18,1935.5
26710007762000,111,62,49,3829.5
26710007763000,10,6,4,630
26710007764000,21,12,9,858.9
26710007766000,23,13,10,1058
26720007661000,4,2,2,0
26720007662000,12,6,6,768
26720007686000,5,3,2,335
26720007698000,10,5,5,354
26720007699000,35,18,17,1673
26720007748000,11,6,5,537.9
26720007761000,1,0,1,0
26720007762000,1,0,1,0
26720007766000,4,1,3,0
26720007795000,12,5,7,466.8
26730007662000,7,3,4,340.9
26730007686000,16,6,10,830.4
26730007692000,14,7,7,565.6
26730007693000,2,2,0,0
26730007695000,1,0,1,0
26730007696000,32,14,18,1136
26730007697000,29,14,15,1270.2
26730007698000,3,2,1,0
26730007703000,1,0,1,0
26730007704000,2,1,1,0
26730007749000,29,15,14,1334
26730007754000,1,1,0,0
26730007755000,1,1,0,0
26730007762000,4,1,3,0
26730007763000,6,3,3,279
26730007767000,3,3,0,0
26730007770000,1,1,0,0
26730007771000,5,2,3,233
26730007772000,7,4,3,228.9
26730007773000,1,1,0,0
26730007794000,6,4,2,391.8
26730007795000,18,12,6,959.4
26740007686000,22,13,9,1141.8
26740007688000,1,1,0,0
26740007689000,10,5,5,577
26740007690000,44,24,20,2169.2
26740007691000,17,10,7,678.3
26740007692000,15,7,8,660
26740007693000,3,2,1,0
26740007694000,6,2,4,276
26740007695000,28,15,13,1285.2
26740007696000,8,4,4,320
26740007704000,15,10,5,1015.5
26740007732000,9,5,4,356.4
26740007749000,7,4,3,392.7
26740007750000,8,5,3,342.4
26740007755000,5,3,2,254
26740007767000,20,8,12,942
26740007771000,5,3,2,305
26740007773000,22,12,10,838.2
26740007774000,14,7,7,593.6
26740007793000,9,5,4,640.8
26740007794000,55,27,28,2623.5
26750007661000,20,9,11,668
26750007662000,54,26,28,2586.6
26750007663000,1,1,0,0
26750007685000,7,6,1,441.7
26750007686000,6,3,3,298.2
26750007687000,25,13,12,790
26750007688000,25,14,11,955
26750007690000,1,1,0,0
26750007704000,4,2,2,0
26750007732000,14,7,7,656.6
26750007733000,8,4,4,318.4
26750007765000,4,2,2,0
26750007767000,11,5,6,806.3
26750007768000,29,14,15,1461.6
26750007792000,29,15,14,1467.4
26750007793000,26,14,12,1281.8
26760007661000,7,3,4,497
26760007662000,77,36,41,3649.8
26760007685000,30,20,10,1479
26760007687000,6,2,4,271.8
26760007704000,14,9,5,607.6
26760007733000,15,7,8,673.5
26760007734000,3,2,1,0
26760007746000,4,2,2,0
26760007765000,16,8,8,756.8
26760007768000,306,148,158,12209.4
26760007769000,120,54,66,5940
26760007774000,4,2,2,0
26760007788000,3,2,1,0
26760007789000,10,5,5,607
26760007790000,9,5,4,464.4
26760007791000,6,3,3,376.2
26760007792000,9,5,4,401.4
26770007658000,3,3,0,0
26770007662000,49,25,24,2141.3
26770007663000,32,14,18,1196.8
26770007664000,1,0,1,0
26770007666000,5,3,2,107
26770007667000,1,1,0,0
26770007684000,2,1,1,0
26770007685000,11,7,4,471.9
26770007686000,11,4,7,641.3
26770007694000,4,2,2,0
26770007704000,3,2,1,0
26770007705000,6,3,3,246
26770007723000,1,1,0,0
26770007732000,1,0,1,0
26770007733000,7,4,3,448
26770007734000,20,12,8,650
26770007746000,16,9,7,516.8
26770007756000,7,4,3,447.3
26770007765000,7,4,3,408.8
26770007766000,35,17,18,1627.5
26770007767000,1,0,1,0
26770007769000,29,19,10,1061.4
26770007787000,3,1,2,0
26770007788000,35,16,19,1354.5
26770007789000,21,9,12,833.7
26780007658000,9,3,6,234.9
26780007662000,1,0,1,0
26780007663000,5,4,1,300
26780007667000,11,5,6,361.9
26780007684000,10,7,3,467
26780007685000,9,5,4,424.8
26780007695000,7,5,2,459.9
26780007696000,6,4,2,244.2
26780007706000,6,3,3,306
26780007707000,2,2,0,0
26780007709000,10,6,4,689
26780007722000,5,4,1,297
26780007732000,1,1,0,0
26780007734000,2,1,1,0
26780007756000,7,2,5,363.3
26780007767000,59,29,30,2702.2
26780007768000,4,3,1,0
26780007770000,34,20,14,1642.2
26780007771000,4,2,2,0
26780007781000,3,2,1,0
26780007782000,6,3,3,382.2
26780007783000,2,1,1,0
26780007786000,14,8,6,716.8
26780007787000,14,6,8,805
26780007797000,20,10,10,1204
26780007798000,13,9,4,764.4
26790007654000,7,3,4,291.2
26790007655000,17,8,9,894.2
26790007656000,4,2,2,0
26790007657000,19,9,10,670.7
26790007658000,2,1,1,0
26790007663000,2,1,1,0
26790007667000,4,3,1,0
26790007668000,1,1,0,0
26790007684000,1,1,0,0
26790007685000,38,24,14,1755.6
26790007696000,11,5,6,492.8
26790007697000,5,3,2,149
26790007698000,2,1,1,0
26790007710000,6,5,1,337.2
26790007721000,6,3,3,282
26790007722000,3,2,1,0
26790007734000,5,2,3,328
26790007735000,8,5,3,520.8
26790007745000,8,4,4,332
26790007767000,2,1,1,0
26790007768000,9,2,7,486
26790007784000,6,4,2,334.8
26800007653000,3,2,1,0
26800007654000,21,10,11,709.8
26800007655000,7,3,4,244.3
26800007663000,2,1,1,0
26800007664000,1,1,0,0
26800007667000,1,0,1,0
26800007668000,3,2,1,0
26800007669000,2,1,1,0
26800007684000,28,8,20,1022
26800007685000,257,142,115,10665.5
26800007709000,1,1,0,0
26800007711000,1,1,0,0
26800007717000,3,1,2,0
26800007718000,13,5,8,624
26800007719000,10,4,6,254
26800007720000,27,11,16,1493.1
26800007721000,40,22,18,1776
26800007722000,3,1,2,0
26800007736000,3,1,2,0
26800007744000,6,2,4,165
26800007745000,74,41,33,3396.6
26800007746000,6,5,1,111
26800007769000,11,7,4,679.8
26800007771000,5,2,3,343
26810007649000,1,0,1,0
26810007652000,3,2,1,0
26810007653000,1,1,0,0
26810007663000,3,2,1,0
26810007664000,1,0,1,0
26810007670000,7,4,3,291.9
26810007684000,13,8,5,588.9
26810007685000,171,87,84,6498
26810007699000,4,2,2,0
26810007701000,3,2,1,0
26810007702000,28,18,10,1016.4
26810007703000,9,5,4,446.4
26810007704000,7,3,4,270.9
26810007705000,16,10,6,771.2
26810007706000,10,5,5,420
26810007707000,12,5,7,566.4
26810007708000,5,3,2,215
26810007709000,11,7,4,612.7
26810007710000,3,2,1,0
26810007712000,3,2,1,0
26810007715000,5,1,4,301
26810007716000,10,6,4,601
26810007722000,6,3,3,357
26810007723000,27,14,13,1360.8
26810007779000,3,1,2,0
26820007646000,2,1,1,0
26820007661000,5,3,2,224
26820007663000,18,11,7,777.6
26820007670000,5,2,3,294
26820007671000,4,2,2,0
26820007684000,3,1,2,0
26820007685000,130,68,62,4927
26820007700000,1,0,1,0
26820007705000,9,5,4,467.1
26820007706000,11,8,3,487.3
26820007707000,10,5,5,510
26820007708000,11,5,6,667.7
26820007709000,64,32,32,2969.6
26820007710000,17,11,6,588.2
26820007711000,10,5,5,420
26820007712000,6,4,2,387
26820007713000,3,1,2,0
26820007715000,5,3,2,326
26820007723000,8,4,4,390.4
26820007724000,7,4,3,476.7
26820007725000,26,14,12,1500.2
26820007726000,1,0,1,0
26820007727000,4,3,1,0
26820007728000,1,1,0,0
26820007762000,4,2,2,0
26820007764000,13,7,6,764.4
26820007779000,1,1,0,0
26830007645000,5,2,3,239
26830007660000,11,7,4,382.8
26830007663000,3,2,1,0
26830007670000,4,2,2,0
26830007671000,4,1,3,0
26830007683000,3,0,3,0
26830007684000,2,1,1,0
26830007685000,35,19,16,1855
26830007713000,14,8,6,863.8
26830007718000,7,4,3,319.2
26830007722000,2,1,1,0
26830007723000,2,1,1,0
26830007728000,4,2,2,0
26830007729000,12,7,5,558
26830007764000,8,3,5,438.4
26830007765000,4,2,2,0
26840007671000,4,3,1,0
26840007683000,6,1,5,340.2
26840007684000,17,9,8,588.2
26840007713000,2,2,0,0
26840007717000,9,5,4,440.1
26840007718000,4,2,2,0
26840007719000,2,1,1,0
26840007722000,4,2,2,0
26840007723000,6,4,2,384
26840007724000,10,6,4,621
26840007725000,3,2,1,0
26840007728000,2,2,0,0
26840007737000,2,0,2,0
26840007779000,1,1,0,0
26850007671000,2,1,1,0
26850007672000,7,3,4,370.3
26850007682000,26,13,13,1073.8
26850007683000,3,2,1,0
26850007726000,5,3,2,329
26850007727000,1,1,0,0
26850007729000,4,1,3,0
26850007736000,10,6,4,356
26850007738000,2,1,1,0
26850007739000,8,4,4,564.8
26850007741000,6,2,4,199.8
26850007768000,3,2,1,0
26850007771000,3,1,2,0
26850007778000,7,4,3,263.2
26850007779000,6,5,1,235.8
26850007793000,1,1,0,0
26860007658000,10,7,3,304
26860007672000,5,2,3,258
26860007682000,16,6,10,822.4
26860007683000,2,1,1,0
26860007729000,11,6,5,603.9
26860007732000,1,0,1,0
26860007733000,6,4,2,250.2
26860007734000,14,7,7,690.2
26860007735000,7,3,4,270.9
26860007736000,7,4,3,364
26860007742000,4,2,2,0
26860007745000,7,2,5,384.3
26860007746000,8,6,2,282.4
26860007771000,2,2,0,0
26860007773000,25,17,8,1225
26860007774000,7,4,3,462.7
26860007778000,18,9,9,883.8
26860007779000,5,1,4,226
26870007657000,2,1,1,0
26870007658000,1,1,0,0
26870007672000,2,0,2,0
26870007682000,9,6,3,566.1
26870007683000,8,5,3,390.4
26870007729000,3,2,1,0
26870007731000,7,3,4,436.1
26870007732000,7,4,3,289.8
26870007733000,2,1,1,0
26870007743000,22,12,10,1023
26870007744000,22,10,12,924
26870007745000,4,3,1,0
26870007773000,15,6,9,673.5
26870007779000,22,12,10,1166
26880007657000,1,1,0,0
26880007683000,15,6,9,805.5
26880007728000,6,4,2,340.2
26880007730000,16,8,8,643.2
26880007731000,10,4,6,575
26880007743000,6,2,4,433.8
26880007748000,3,2,1,0
26880007779000,3,3,0,0
26880007787000,27,13,14,1190.7
26880007788000,2,1,1,0
26890007675000,2,1,1,0
26890007676000,1,1,0,0
26890007684000,3,2,1,0
26890007685000,13,8,5,596.7
26890007728000,8,6,2,418.4
26890007730000,23,13,10,1097.1
26890007749000,15,8,7,933
26890007781000,161,87,74,6681.5
26890007782000,21,11,10,980.7
26890007783000,35,15,20,1550.5
26890007784000,4,3,1,0
26890007787000,5,3,2,214
26890007788000,59,35,24,2377.7
26900007636000,6,4,2,207
26900007637000,7,5,2,254.8
26900007657000,2,1,1,0
26900007686000,10,7,3,416
26900007687000,7,3,4,478.8
26900007688000,5,2,3,285
26900007728000,2,1,1,0
26900007729000,1,1,0,0
26900007730000,19,9,10,841.7
26900007749000,5,3,2,348
26900007750000,2,1,1,0
26900007754000,15,9,6,481.5
26900007781000,8,5,3,516
26900007783000,25,11,14,1045
26900007786000,5,2,3,387
26900007787000,1,1,0,0
26900007790000,1,1,0,0
26910007688000,11,5,6,524.7
26910007689000,21,12,9,919.8
26910007690000,24,15,9,943.2
26910007750000,8,5,3,338.4
26910007751000,14,5,9,849.8
26910007752000,33,16,17,1702.8
26910007753000,59,28,31,2755.3
26910007754000,14,7,7,733.6
26910007755000,7,5,2,237.3
26910007783000,3,2,1,0
26910007786000,3,2,1,0
26920007690000,89,42,47,3070.5
26920007691000,10,6,4,630
26920007747000,5,2,3,128
26920007783000,8,4,4,348.8
26930007690000,39,21,18,2176.2
26930007691000,19,8,11,999.4
26930007692000,14,9,5,652.4
26930007693000,5,4,1,314
26930007694000,18,7,11,606.6
26930007752000,20,11,9,988
26930007753000,36,18,18,1353.6
26930007754000,12,7,5,712.8
26930007755000,5,3,2,315
26930007756000,12,7,5,771.6
26930007784000,5,4,1,303
26940007691000,10,5,5,353
26940007696000,20,11,9,858
26940007697000,12,7,5,480
26940007757000,18,8,10,860.4
26940007758000,1,0,1,0
26940007759000,18,11,7,831.6
26940007760000,8,6,2,495.2
26940007785000,5,4,1,292
26950007691000,116,56,60,4477.6
26950007692000,132,61,71,5174.4
26950007693000,1,1,0,0
26950007694000,7,4,3,368.2
26950007697000,7,2,5,167.3
26950007698000,20,11,9,968
26950007699000,19,11,8,828.4
26950007700000,26,13,13,1151.8
26950007728000,12,5,7,651.6
26950007760000,3,1,2,0
26950007761000,2,1,1,0
26950007762000,19,9,10,699.2
26960007683000,3,1,2,0
26960007686000,1,1,0,0
26960007687000,10,7,3,342
26960007690000,6,2,4,144
26960007691000,80,41,39,2832
26960007692000,38,15,23,1375.6
26960007695000,3,2,1,0
26960007702000,3,2,1,0
26960007727000,2,2,0,0
26960007762000,9,5,4,578.7
26960007763000,14,9,5,882
26970007682000,1,1,0,0
26970007683000,11,6,5,430.1
26970007684000,4,3,1,0
26970007685000,5,3,2,302
26970007686000,9,5,4,444.6
26970007687000,2,1,1,0
26970007690000,30,16,14,1095
26970007691000,8,5,3,279.2
26970007697000,9,4,5,412.2
26970007698000,5,3,2,355
26970007699000,9,3,6,329.4
26970007702000,2,2,0,0
26970007703000,17,10,7,749.7
26970007704000,1,0,1,0
26970007728000,3,2,1,0
26970007761000,45,26,19,2007
26970007763000,10,5,5,675
26970007764000,51,25,26,2728.5
26970007765000,4,2,2,0
26970007766000,2,1,1,0
26980007682000,6,4,2,303
26980007689000,1,0,1,0
26980007690000,18,10,8,937.8
26980007699000,11,6,5,742.5
26980007700000,22,8,14,869
26980007704000,17,5,12,882.3
26980007761000,3,1,2,0
26980007762000,72,35,37,2692.8
26980007763000,30,17,13,1323
26980007764000,5,3,2,298
26980007765000,25,13,12,1192.5
26980007766000,21,9,12,1157.1
26980007767000,20,11,9,880
26990007680000,1,1,0,0
26990007681000,3,1,2,0
26990007689000,18,9,9,743.4
26990007690000,13,6,7,652.6
26990007704000,1,1,0,0
26990007705000,9,4,5,442.8
26990007728000,9,3,6,396.9
26990007767000,13,7,6,657.8
26990007768000,21,13,8,1094.1
27000007679000,4,2,2,0
27000007681000,4,3,1,0
27000007688000,4,2,2,0
27000007689000,27,16,11,974.7
27000007705000,8,2,6,568
27000007706000,7,5,2,441
27000007727000,15,9,6,873
27010007677000,3,2,1,0
27010007679000,2,1,1,0
27010007688000,8,5,3,354.4
27010007689000,17,8,9,557.6
27010007703000,2,1,1,0
27010007706000,9,5,4,525.6
27010007707000,16,9,7,852.8
27010007710000,6,5,1,306
27010007711000,199,96,103,8139.1
27010007712000,81,34,47,3855.6
27010007727000,10,7,3,411
27020007675000,2,1,1,0
27020007676000,6,3,3,361.2
27020007716000,6,4,2,397.8
27020007717000,6,3,3,220.8
27020007718000,12,7,5,470.4
27020007719000,31,17,14,1469.4
27020007721000,10,3,7,327
27020007726000,103,55,48,4284.8
27020007727000,190,93,97,8341
27030007706000,1,1,0,0
27030007714000,5,2,3,316
27030007715000,2,1,1,0
27030007716000,5,3,2,390
27030007717000,46,23,23,1476.6
27030007718000,64,37,27,2803.2
27030007719000,81,37,44,3442.5
27030007720000,34,18,16,1468.8
27030007721000,96,48,48,3590.4
27030007722000,74,43,31,3359.6
27030007723000,35,22,13,1624
27030007724000,13,7,6,582.4
27030007725000,149,71,78,5691.8
27030007726000,232,117,115,10022.4
27030007727000,134,67,67,5815.6
27030007738000,14,6,8,918.4
27030007739000,1,1,0,0
27040007718000,8,5,3,448.8
27040007721000,3,1,2,0
27040007723000,37,17,20,1568.8
27040007724000,8,3,5,224
27040007727000,30,18,12,1590
27040007728000,40,22,18,1724
27040007735000,7,4,3,247.8
27040007736000,7,5,2,408.8
27040007737000,2,1,1,0
27050007724000,1,1,0,0
27050007728000,2,2,0,0
27050007729000,53,26,27,2586.4
27050007730000,3,2,1,0
27050007735000,16,10,6,884.8
27060007704000,47,27,20,2453.4
27060007705000,14,7,7,638.4
27060007706000,99,57,42,4464.9
27060007707000,114,59,55,4845
27060007729000,16,9,7,924.8
27060007730000,3,2,1,0
27060007734000,8,4,4,372
27060007735000,14,7,7,582.4
27070007703000,2,1,1,0
27070007704000,20,8,12,1110
27070007705000,109,58,51,5166.6
27070007706000,232,123,109,9535.2
27070007707000,25,14,11,1225
27070007731000,13,6,7,526.5
27070007732000,5,3,2,345
27070007733000,15,8,7,658.5
27080007703000,5,1,4,256
27080007704000,10,6,4,473
27080007705000,22,11,11,1320
27080007706000,5,4,1,220
27080007781000,2,2,0,0
27080007782000,3,2,1,0
27080007783000,3,2,1,0
27080007796000,47,23,24,2679
27080007797000,91,48,43,3321.5
27090007722000,9,4,5,304.2
27090007723000,2,1,1,0
27090007780000,1,0,1,0
27100007728000,16,6,10,516.8
27100007729000,4,1,3,0
27100007748000,7,5,2,359.8
27110007699000,3,3,0,0
27110007747000,32,17,15,1376
27110007748000,15,9,6,709.5
27110007749000,11,7,4,462
27110007779000,7,4,3,408.8
27110007781000,6,4,2,352.8
27110007782000,4,2,2,0
27120007732000,1,1,0,0
27120007733000,1,1,0,0
27120007734000,5,2,3,247
27120007738000,14,7,7,492.8
27120007739000,6,3,3,451.8
27120007746000,18,10,8,835.2
27120007747000,18,12,6,959.4
27120007754000,2,0,2,0
27120007755000,3,2,1,0
27120007756000,2,2,0,0
27120007757000,1,0,1,0
27130007732000,29,13,16,1508
27130007739000,14,6,8,778.4
27130007740000,12,6,6,379.2
27130007741000,7,2,5,293.3
27130007742000,2,1,1,0
27130007743000,3,1,2,0
27130007744000,15,8,7,709.5
27130007745000,15,8,7,1053
27130007746000,15,7,8,459
27130007748000,10,4,6,530
27130007780000,14,7,7,595
27140007719000,29,17,12,1206.4
27140007720000,23,11,12,807.3
27140007721000,38,21,17,1641.6
27140007731000,225,114,111,9765
27140007732000,5,3,2,169
27140007750000,23,10,13,1209.8
27140007752000,26,18,8,1411.8
27140007780000,12,7,5,559.2
27140007781000,36,20,16,1598.4
27140007782000,32,19,13,1376
27150007716000,1,1,0,0
27150007717000,10,6,4,344
27150007718000,2,1,1,0
27150007719000,26,16,10,1040
27150007720000,52,28,24,1778.4
27150007721000,43,18,25,1462
27150007722000,88,46,42,3854.4
27150007723000,27,15,12,1279.8
27150007724000,54,24,30,2370.6
27150007725000,30,20,10,1581
27150007726000,3,1,2,0
27150007730000,37,19,18,1698.3
27150007731000,61,34,27,2726.7
27150007750000,28,15,13,1033.2
27150007751000,23,11,12,1136.2
27150007752000,2,1,1,0
27150007774000,4,2,2,0
27150007781000,8,3,5,412.8
27160007715000,3,1,2,0
27160007716000,10,5,5,502
27160007717000,1,1,0,0
27160007720000,7,4,3,296.8
27160007721000,24,15,9,1132.8
27160007722000,78,37,41,3400.8
27160007723000,61,38,23,2769.4
27160007724000,118,65,53,5498.8
27160007729000,21,10,11,972.3
27160007730000,10,8,2,420
27160007751000,42,22,20,1659
27160007752000,7,4,3,287.7
27160007773000,1,0,1,0
27170007713000,2,1,1,0
27170007714000,5,3,2,194
27170007726000,2,1,1,0
27170007727000,9,4,5,628.2
27170007728000,26,11,15,1183
27170007729000,14,8,6,667.8
27170007752000,21,11,10,821.1
27170007787000,3,2,1,0
27170007788000,4,1,3,0
27170007789000,6,4,2,322.8
27180007711000,5,3,2,124
27180007726000,2,1,1,0
27180007752000,23,14,9,1117.8
27180007760000,8,5,3,482.4
27180007761000,2,1,1,0
27180007762000,1,0,1,0
27180007786000,10,6,4,442
27180007787000,3,2,1,0
27180007788000,1,1,0,0
27180007789000,1,0,1,0
27180007790000,9,5,4,471.6
27180007791000,9,5,4,558.9
27180007792000,5,3,2,305
27190007722000,18,9,9,1105.2
27190007724000,9,6,3,572.4
27190007725000,1,1,0,0
27190007752000,19,9,10,965.2
27190007765000,2,1,1,0
27200007723000,12,6,6,585.6
27200007724000,4,2,2,0
27200007750000,21,13,8,779.1
27200007751000,35,19,16,1305.5
27200007752000,21,12,9,720.3
27200007753000,5,3,2,203
27200007754000,10,2,8,393
27200007782000,1,1,0,0
27200007784000,4,2,2,0
27200007785000,5,2,3,360
27210007723000,5,2,3,118
27210007749000,1,1,0,0
27210007754000,12,6,6,489.6
27210007755000,12,5,7,681.6
27210007756000,2,1,1,0
27210007760000,12,7,5,530.4
27210007783000,1,1,0,0
27220007723000,12,6,6,438
27220007756000,17,9,8,962.2
27220007757000,15,11,4,721.5
27220007758000,8,3,5,360
27220007759000,15,9,6,682.5
27230007723000,15,5,10,643.5
27230007760000,3,1,2,0
27230007767000,3,1,2,0
27230007768000,2,1,1,0
27240007723000,38,20,18,1839.2
27240007759000,13,9,4,543.4
27240007760000,30,13,17,1137
27240007768000,5,2,3,354
27250007687000,4,3,1,0
27250007722000,18,13,5,1031.4
27250007723000,10,6,4,522
27250007759000,8,5,3,308.8
27250007761000,20,11,9,1130
27250007769000,9,4,5,510.3
27260007720000,1,1,0,0
27260007721000,11,6,5,478.5
27260007760000,2,1,1,0
27260007761000,2,1,1,0
27260007762000,1,0,1,0
27260007768000,4,2,2,0
27260007769000,3,0,3,0
27260007774000,5,3,2,319
27260007780000,561,299,262,22159.5
27270007719000,5,2,3,309
27270007720000,101,57,44,4363.2
27270007721000,12,7,5,350.4
27270007754000,1,0,1,0
27270007755000,13,4,9,621.4
27270007768000,21,9,12,932.4
27270007769000,5,2,3,146
27270007774000,2,1,1,0
27270007775000,15,10,5,619.5
27270007778000,108,57,51,2689.2
27270007779000,430,214,216,16555
27270007780000,872,445,427,37757.6
27270007781000,444,205,239,18292.8
27280007718000,1,0,1,0
27280007719000,60,25,35,2508
27280007720000,87,49,38,3123.3
27280007752000,14,5,9,516.6
27280007753000,254,132,122,10515.6
27280007767000,8,4,4,375.2
27280007768000,11,7,4,630.3
27280007770000,1,1,0,0
27280007775000,17,11,6,744.6
27280007781000,86,47,39,2760.6
27290007677000,5,3,2,243
27290007718000,45,24,21,2340
27290007719000,27,17,10,1309.5
27290007752000,464,230,234,19070.4
27290007753000,103,53,50,3914
27290007768000,2,2,0,0
27290007777000,3,1,2,0
27300007718000,30,19,11,1629
27300007751000,54,30,24,1620
27300007752000,13,6,7,409.5
27310007716000,3,2,1,0
27310007717000,104,53,51,5096
27310007718000,33,18,15,1762.2
27310007750000,2,1,1,0
27310007751000,184,97,87,7654.4
27310007752000,11,8,3,496.1
27310007755000,14,7,7,491.4
27310007758000,2,2,0,0
27320007716000,48,27,21,2342.4
27320007717000,5,3,2,350
27320007748000,17,8,9,537.2
27320007749000,51,24,27,2126.7
27320007750000,99,52,47,4346.1
27320007751000,781,371,410,34051.6
27320007752000,372,197,175,14768.4
27320007753000,40,21,19,1604
27320007754000,28,12,16,996.8
27320007755000,4,2,2,0
27320007758000,25,10,15,842.5
27320007759000,18,8,10,774
27320007760000,7,5,2,359.1
27320007761000,16,7,9,825.6
27320007762000,5,3,2,206
27320007763000,15,9,6,573
27330007745000,2,1,1,0
27330007746000,11,7,4,504.9
27330007747000,16,10,6,636.8
27330007748000,20,9,11,774
27330007749000,70,40,30,2506
27330007751000,386,186,200,12159
27330007752000,27,10,17,839.7
27330007753000,4,2,2,0
27330007754000,29,13,16,1238.3
27330007763000,4,1,3,0
27340007745000,8,6,2,272
27340007746000,3,3,0,0
27340007749000,33,17,16,1491.6
27340007754000,9,5,4,414.9
27340007755000,28,18,10,1086.4
27340007763000,23,12,11,542.8
27340007764000,4,2,2,0
27340007801000,3,2,1,0
27340007803000,1,0,1,0
27350007742000,15,7,8,625.5
27350007749000,48,29,19,2107.2
27350007754000,7,4,3,252.7
27350007755000,22,11,11,831.6
27350007758000,4,3,1,0
27350007759000,3,1,2,0
27350007760000,1,1,0,0
27350007764000,15,10,5,432
27360007748000,1,1,0,0
27360007749000,7,4,3,352.1
27360007759000,8,6,2,280
27360007760000,3,3,0,0
27370007748000,5,4,1,277
27370007749000,45,27,18,1890
27370007757000,1,1,0,0
27370007759000,1,1,0,0
27370007761000,4,2,2,0
27370007762000,4,3,1,0
27370007763000,14,9,5,555.8
27370007764000,18,6,12,714.6
27370007765000,3,2,1,0
27370007766000,3,2,1,0
27370007767000,7,4,3,251.3
27370007769000,2,1,1,0
27370007770000,9,4,5,497.7
27380007747000,2,1,1,0
27380007748000,37,20,17,1546.6
27380007749000,2,1,1,0
27380007760000,17,9,8,850
27380007761000,2,1,1,0
27380007762000,28,13,15,1106
27380007763000,35,18,17,1302
27380007769000,24,14,10,1116
27390007747000,17,7,10,603.5
27390007748000,20,10,10,672
27390007762000,7,3,4,378
27390007769000,8,5,3,584
27400007742000,1,1,0,0
27400007743000,4,3,1,0
27400007744000,5,1,4,209
27400007746000,26,14,12,920.4
27400007747000,17,9,8,581.4
27400007767000,5,3,2,212
27400007769000,22,11,11,1073.6
27410007742000,23,13,10,885.5
27410007743000,32,15,17,1472
27410007744000,16,6,10,878.4
27410007745000,28,14,14,1120
27410007746000,18,8,10,763.2
27410007766000,4,1,3,0
27410007768000,17,9,8,669.8
27410007769000,14,11,3,606.2
27410007804000,1,1,0,0
27410007815000,2,2,0,0
27410007816000,3,3,0,0
27410007817000,1,1,0,0
27410007818000,1,1,0,0
27420007731000,1,1,0,0
27420007734000,3,2,1,0
27420007742000,18,9,9,660.6
27420007766000,14,6,8,340.2
27420007768000,100,49,51,3570
27430007730000,2,1,1,0
27430007731000,3,1,2,0
27430007734000,9,6,3,288
27430007737000,6,3,3,205.8
27430007740000,9,5,4,376.2
27430007741000,6,2,4,393
27430007766000,6,4,2,153
27430007767000,8,5,3,606.4
27430007768000,1,0,1,0
27440007729000,27,12,15,1058.4
27440007730000,2,2,0,0
27440007734000,5,3,2,259
27440007735000,1,1,0,0
27440007736000,4,0,4,0
27440007737000,3,2,1,0
27440007738000,4,2,2,0
27440007739000,10,5,5,483
27440007740000,15,11,4,571.5
27440007741000,6,4,2,256.2
27440007767000,10,7,3,500
27440007806000,1,1,0,0
27450007728000,5,2,3,231
27450007729000,13,5,8,427.7
27450007736000,5,3,2,218
27450007763000,10,6,4,612
27450007764000,3,2,1,0
27450007802000,1,1,0,0
27460007727000,6,4,2,406.8
27460007763000,1,1,0,0
27460007764000,5,3,2,328
27460007765000,23,12,11,1007.4
27460007766000,9,5,4,486
27460007810000,3,2,1,0
27460007811000,3,2,1,0
27470007726000,1,1,0,0
27470007759000,10,7,3,389
27470007764000,7,4,3,305.9
27470007765000,5,1,4,108
27470007809000,12,7,5,777.6
27470007810000,5,2,3,319
27480007726000,2,1,1,0
27480007808000,16,8,8,899.2
27480007809000,6,4,2,289.8
27490007725000,10,4,6,333
27490007775000,1,1,0,0
27500007724000,1,1,0,0
27500007725000,5,3,2,280
27500007790000,11,6,5,698.5
27520007721000,3,1,2,0
27520007722000,4,3,1,0
27520007723000,3,3,0,0
27520007804000,8,5,3,378.4
27530007803000,5,4,1,343
27530007804000,5,3,2,324
27540007768000,1,1,0,0
27540007779000,25,14,11,1260
27550007718000,2,1,1,0
27550007779000,1,1,0,0
27550007807000,52,27,25,2506.4
27550007808000,31,18,13,1019.9
27550007809000,3,3,0,0
27570007850000,64,30,34,2220.8
27570007851000,45,30,15,2556
27580007766000,1,1,0,0
27580007785000,2,1,1,0
27580007850000,15,13,2,547.5
27580007851000,60,28,32,2562
27590007766000,1,0,1,0
27590007785000,9,4,5,527.4
27590007796000,3,2,1,0
27590007851000,34,21,13,1043.8
27600007764000,2,2,0,0
27600007787000,5,3,2,298
27600007849000,2,1,1,0
27610007763000,10,6,4,485
27610007764000,2,1,1,0
27610007787000,13,6,7,620.1
27620007763000,8,3,5,503.2
27620007848000,4,2,2,0
27630007761000,5,3,2,182
27630007762000,19,11,8,1039.3
27630007763000,14,6,8,599.2
27630007774000,5,2,3,139
27630007787000,4,3,1,0
27630007848000,2,1,1,0
27640007762000,4,2,2,0
27640007763000,2,1,1,0
27640007766000,1,0,1,0
27640007767000,10,6,4,193
27640007768000,13,5,8,578.5
27640007774000,10,7,3,350
27640007775000,1,0,1,0
27640007788000,4,3,1,0
27650007755000,5,4,1,275
27650007761000,6,3,3,267
27650007762000,13,7,6,457.6
27650007766000,20,9,11,996
27650007788000,12,8,4,446.4
27650007789000,10,6,4,487
27650007790000,2,2,0,0
27650007835000,27,14,13,1304.1
27650007836000,26,16,10,1401.4
27650007837000,16,7,9,723.2
27650007838000,4,3,1,0
27660007754000,2,1,1,0
27660007756000,7,3,4,301.7
27660007760000,9,5,4,318.6
27660007762000,3,2,1,0
27660007763000,21,12,9,598.5
27660007766000,12,7,5,625.2
27660007774000,3,1,2,0
27660007775000,8,5,3,520
27660007788000,1,1,0,0
27660007789000,7,3,4,254.1
27660007807000,8,4,4,524
27660007808000,2,2,0,0
27660007834000,1,1,0,0
27660007835000,240,114,126,10128
27660007836000,97,54,43,3831.5
27670007752000,6,4,2,162
27670007761000,17,8,9,708.9
27670007762000,2,2,0,0
27670007763000,7,3,4,282.1
27670007766000,29,14,15,1403.6
27670007774000,11,5,6,489.5
27670007775000,12,5,7,630
27670007776000,11,4,7,620.4
27670007777000,4,2,2,0
27670007778000,6,2,4,268.2
27670007779000,5,2,3,271
27670007781000,7,4,3,485.1
27670007782000,7,5,2,389.9
27670007808000,3,2,1,0
27670007809000,3,2,1,0
27670007810000,19,11,8,955.7
27670007811000,36,20,16,1918.8
27670007835000,30,17,13,1170
27670007836000,8,4,4,568
27670007842000,1,1,0,0
27680007752000,8,2,6,368
27680007763000,2,1,1,0
27680007765000,4,2,2,0
27680007766000,9,6,3,465.3
27680007773000,57,29,28,2354.1
27680007774000,36,19,17,1515.6
27680007775000,2,1,1,0
27680007776000,11,8,3,368.5
27680007777000,10,7,3,466
27680007778000,11,6,5,573.1
27680007779000,2,1,1,0
27680007780000,2,1,1,0
27680007781000,7,4,3,307.3
27680007782000,5,3,2,189
27680007811000,26,16,10,1315.6
27680007812000,4,3,1,0
27680007813000,5,5,0,376
27680007842000,1,0,1,0
27680007845000,1,1,0,0
27690007763000,4,3,1,0
27690007764000,43,21,22,2107
27690007765000,3,3,0,0
27690007773000,78,39,39,2332.2
27690007774000,219,107,112,9723.6
27690007775000,37,17,20,1616.9
27690007784000,17,10,7,817.7
27690007785000,15,7,8,769.5
27690007839000,6,3,3,265.8
27690007847000,250,149,101,10450
27700007751000,2,1,1,0
27700007752000,1,1,0,0
27700007758000,4,2,2,0
27700007764000,19,10,9,689.7
27700007772000,24,9,15,907.2
27700007773000,2,1,1,0
27700007784000,3,2,1,0
27700007785000,8,4,4,386.4
27700007847000,17,8,9,680
27700007848000,66,34,32,2884.2
27700007849000,2,2,0,0
27710007752000,8,4,4,435.2
27710007758000,5,3,2,320
27710007771000,11,6,5,317.9
27710007772000,17,10,7,838.1
27710007785000,6,3,3,301.2
27720007751000,9,6,3,522.9
27720007755000,6,4,2,352.2
27720007757000,16,9,7,817.6
27720007786000,11,5,6,525.8
27720007806000,5,3,2,256
27720007807000,4,4,0,0
27730007751000,6,3,3,358.8
27730007756000,1,1,0,0
27730007757000,2,1,1,0
27730007808000,4,1,3,0
27740007752000,2,1,1,0
27740007754000,3,2,1,0
27740007786000,2,1,1,0
27750007750000,2,1,1,0
27750007752000,4,1,3,0
27750007753000,6,3,3,204
27750007786000,11,5,6,284.9
27750007800000,2,1,1,0
27760007786000,7,4,3,417.9
27760007787000,18,9,9,761.4
27760007801000,6,3,3,369
27760007802000,6,4,2,220.2
27760007803000,3,2,1,0
27760007804000,1,1,0,0
27760007805000,3,2,1,0
27760007808000,5,3,2,255
27760007809000,196,103,93,9094.4
27760007810000,169,86,83,7706.4
27760007811000,122,69,53,4977.6
27770007784000,3,0,3,0
27770007785000,1,1,0,0
27770007787000,2,1,1,0
27770007808000,127,71,56,5930.9
27780007783000,7,4,3,256.9
27780007784000,14,8,6,464.8
27780007785000,7,4,3,413
27780007786000,1,1,0,0
27780007788000,11,6,5,478.5
27790007782000,3,3,0,0
27790007783000,9,5,4,386.1
27790007789000,2,1,1,0
27810007791000,4,1,3,0
27810007799000,2,1,1,0
27830007789000,3,3,0,0
27830007792000,7,5,2,483.7
27840007792000,6,4,2,282
27840007793000,1,1,0,0
27840007796000,3,2,1,0
27840007797000,5,3,2,329
27840007798000,1,0,1,0
27850007796000,4,3,1,0
27860007792000,2,1,1,0
27870007792000,1,1,0,0
27890007794000,1,1,0,0
27930007822000,9,6,3,378
27940007794000,2,1,1,0
27940007820000,7,3,4,343
27940007822000,2,2,0,0
27940007860000,1,1,0,0
27940007861000,4,3,1,0
27940007862000,4,3,1,0
27950007795000,1,0,1,0
27950007819000,9,5,4,347.4
27950007820000,30,17,13,1377
27960007795000,1,1,0,0
27960007862000,1,1,0,0
27970007796000,1,1,0,0
27970007870000,1,1,0,0
27980007796000,2,1,1,0
27980007797000,5,2,3,315
27980007798000,1,1,0,0
27990007797000,1,1,0,0
27990007798000,2,1,1,0
27990007868000,2,2,0,0
28000007856000,1,1,0,0
28010007789000,30,13,17,1263
28010007790000,72,37,35,2635.2
28010007822000,6,3,3,225
28010007823000,1,0,1,0
28010007846000,1,0,1,0
28010007862000,2,1,1,0
28010007863000,2,1,1,0
28020007767000,3,2,1,0
28020007789000,162,86,76,5848.2
28020007790000,105,58,47,4872
28020007794000,5,3,2,331
28020007795000,4,2,2,0
28020007798000,11,7,4,442.2
28020007799000,9,4,5,433.8
28020007800000,15,8,7,691.5
28020007820000,1,1,0,0
28020007846000,12,7,5,796.8
28020007847000,4,2,2,0
28030007788000,2,1,1,0
28030007789000,21,13,8,735
28030007792000,5,3,2,93
28030007793000,2,2,0,0
28030007818000,2,1,1,0
28030007864000,1,1,0,0
28040007770000,5,1,4,204
28040007817000,3,3,0,0
28040007866000,1,1,0,0
28040007878000,4,3,1,0
28050007771000,8,5,3,330.4
28050007772000,8,3,5,243.2
28050007787000,18,10,8,802.8
28050007817000,3,1,2,0
28050007865000,2,1,1,0
28060007773000,5,3,2,297
28060007774000,10,5,5,446
28060007775000,13,6,7,630.5
28060007776000,10,3,7,417
28060007777000,12,8,4,216
28060007778000,30,10,20,1404
28060007779000,20,12,8,760
28060007789000,6,3,3,226.8
28070007776000,3,2,1,0
28070007779000,23,8,15,821.1
28070007780000,7,4,3,377.3
28070007868000,1,1,0,0
28070007875000,17,9,8,851.7
28070007876000,3,2,1,0
28080007781000,24,10,14,950.4
28080007782000,1,1,0,0
28080007785000,4,2,2,0
28080007786000,1,0,1,0
28080007810000,1,0,1,0
28080007875000,51,25,26,1953.3
28090007778000,82,40,42,3534.2
28090007779000,29,15,14,974.4
28090007780000,62,33,29,2467.6
28090007782000,22,11,11,776.6
28090007783000,1,0,1,0
28090007802000,4,2,2,0
28090007809000,7,3,4,301
28090007810000,14,9,5,897.4
28090007811000,3,1,2,0
28090007875000,2,1,1,0
28100007778000,16,9,7,457.6
28100007797000,1,1,0,0
28100007810000,1,1,0,0
28100007811000,2,1,1,0
28100007848000,9,5,4,390.6
28110007781000,20,13,7,818
28110007802000,11,8,3,499.4
28110007846000,13,10,3,530.4
28110007847000,8,4,4,502.4
28120007682000,9,5,4,529.2
28120007780000,108,57,51,4158
28120007781000,228,114,114,7957.2
28120007803000,7,5,2,422.1
28120007806000,3,2,1,0
28120007846000,5,3,2,237
28120007847000,3,1,2,0
28130007682000,3,2,1,0
28130007772000,1,0,1,0
28130007773000,110,63,47,4554
28130007774000,48,24,24,1344
28130007775000,2,1,1,0
28130007780000,20,11,9,532
28130007781000,1868,893,975,65940.4
28130007782000,862,419,443,36462.6
28130007798000,2,1,1,0
28130007814000,3,2,1,0
28130007816000,6,4,2,261
28130007849000,3,1,2,0
28140007774000,31,18,13,1546.9
28140007775000,39,22,17,1739.4
28140007777000,21,14,7,699.3
28140007778000,75,42,33,2737.5
28140007779000,66,36,30,2006.4
28140007780000,22,12,10,1045
28140007781000,702,381,321,22464
28140007782000,981,493,488,38651.4
28140007783000,1126,582,544,44927.4
28140007784000,439,209,230,18438
28140007812000,1,0,1,0
28140007814000,2,1,1,0
28140007815000,5,2,3,233
28140007817000,5,4,1,367
28140007851000,1,1,0,0
28140007852000,1,1,0,0
28150007774000,24,14,10,748.8
28150007775000,7,3,4,424.9
28150007776000,78,38,40,2893.8
28150007777000,11,5,6,355.3
28150007778000,63,34,29,2538.9
28150007779000,146,74,72,4628.2
28150007780000,28,11,17,742
28150007781000,111,58,53,3996
28150007782000,76,37,39,2834.8
28150007783000,745,371,374,32109.5
28150007784000,986,473,513,38454
28150007785000,118,56,62,4401.4
28150007786000,300,165,135,9390
28150007798000,8,3,5,299.2
28150007812000,15,8,7,957
28150007814000,5,3,2,172
28150007815000,14,8,6,705.6
28150007817000,3,2,1,0
28150007847000,10,7,3,509
28160007667000,35,15,20,1613.5
28160007679000,45,27,18,1759.5
28160007680000,1,1,0,0
28160007772000,6,4,2,223.2
28160007774000,5,3,2,161
28160007775000,3,1,2,0
28160007776000,36,18,18,1220.4
28160007778000,94,45,49,3534.4
28160007779000,12,7,5,483.6
28160007780000,34,18,16,1220.6
28160007781000,15,6,9,424.5
28160007782000,39,22,17,1739.4
28160007783000,76,39,37,2834.8
28160007784000,548,271,277,19289.6
28160007785000,79,42,37,3673.5
28160007786000,113,62,51,4520
28160007798000,6,2,4,346.2
28160007801000,9,4,5,341.1
28160007807000,6,4,2,309
28160007812000,8,4,4,428.8
28160007813000,4,3,1,0
28160007815000,8,5,3,562.4
28160007816000,5,3,2,289
28160007817000,8,5,3,556
28160007847000,2,1,1,0
28160007849000,6,3,3,232.2
28160007850000,5,2,3,257
28160007851000,1,1,0,0
28170007668000,26,16,10,865.8
28170007771000,4,2,2,0
28170007772000,4,2,2,0
28170007773000,14,8,6,630
28170007779000,2,1,1,0
28170007780000,23,12,11,993.6
28170007781000,29,15,14,1203.5
28170007782000,23,14,9,807.3
28170007783000,781,389,392,23820.5
28170007784000,797,405,392,30445.4
28170007790000,5,3,2,149
28170007800000,52,28,24,2132
28170007801000,50,24,26,2400
28170007845000,6,3,3,201
28170007850000,6,3,3,421.2
28170007852000,3,2,1,0
28180007772000,13,8,5,560.3
28180007779000,2,1,1,0
28180007781000,3,2,1,0
28180007782000,41,21,20,1521.1
28180007783000,65,35,30,2476.5
28180007784000,418,198,220,17221.6
28180007785000,15,10,5,487.5
28180007790000,2,1,1,0
28180007800000,10,6,4,490
28180007801000,9,4,5,610.2
28180007822000,2,2,0,0
28180007823000,3,1,2,0
28180007824000,3,2,1,0
28180007855000,15,7,8,756
28180007856000,7,3,4,196
28180007863000,283,141,142,11970.9
28180007864000,50,26,24,2025
28190007675000,12,7,5,402
28190007676000,25,9,16,790
28190007677000,3,1,2,0
28190007772000,1,1,0,0
28190007782000,394,200,194,12765.6
28190007783000,1772,864,908,64323.6
28190007784000,518,263,255,19943
28190007790000,9,6,3,459
28190007791000,26,15,11,1008.8
28190007800000,7,4,3,273.7
28190007824000,11,7,4,590.7
28190007856000,119,61,58,3236.8
28190007857000,23,12,11,1122.4
28190007858000,2,2,0,0
28190007859000,98,50,48,3929.8
28190007860000,601,313,288,25121.8
28190007861000,39,19,20,1407.9
28190007862000,785,386,399,38543.5
28190007863000,927,456,471,36431.1
28190007864000,1015,496,519,34916
28190007865000,562,283,279,20232
28200007674000,99,54,45,4247.1
28200007675000,171,93,78,7250.4
28200007676000,277,136,141,10221.3
28200007677000,409,197,212,14969.4
28200007678000,83,44,39,3261.9
28200007780000,16,10,6,707.2
28200007781000,38,25,13,1721.4
28200007782000,76,37,39,2234.4
28200007783000,839,413,426,26176.8
28200007784000,44,24,20,1412.4
28200007791000,3,2,1,0
28200007819000,3,2,1,0
28200007820000,1,0,1,0
28200007821000,1,1,0,0
28200007824000,3,2,1,0
28200007830000,2,1,1,0
28200007831000,11,4,7,698.5
28200007859000,775,390,385,27745
28200007860000,311,158,153,11880.2
28200007861000,314,152,162,10550.4
28200007862000,1597,809,788,61005.4
28200007863000,955,485,470,36481
28200007864000,169,86,83,5543.2
28200007865000,545,277,268,17331
28200007866000,52,30,22,1424.8
28210007673000,3,2,1,0
28210007674000,40,24,16,1528
28210007675000,235,118,117,8248.5
28210007676000,37,21,16,1191.4
28210007677000,169,95,74,6827.6
28210007678000,324,167,157,13057.2
28210007679000,113,56,57,3977.6
28210007780000,54,28,26,2187
28210007781000,40,20,20,1352
28210007782000,64,36,28,1862.4
28210007783000,531,271,260,13806
28210007784000,454,224,230,12848.2
28210007785000,10,6,4,585
28210007791000,42,25,17,1436.4
28210007832000,2,1,1,0
28210007833000,2,1,1,0
28210007862000,570,277,293,22173
28210007863000,233,124,109,8038.5
28220007671000,6,4,2,165
28220007672000,53,30,23,2104.1
28220007673000,6,3,3,228
28220007679000,8,5,3,364.8
28220007680000,73,35,38,2905.4
28220007681000,12,7,5,546
28220007770000,5,3,2,295
28220007780000,48,24,24,1915.2
28220007785000,68,33,35,2509.2
28220007786000,8,5,3,431.2
28220007791000,7,3,4,202.3
28220007821000,2,1,1,0
28220007834000,3,2,1,0
28220007852000,2,1,1,0
28220007901000,27,16,11,1093.5
28230007670000,4,2,2,0
28230007671000,5,3,2,180
28230007778000,4,2,2,0
28230007779000,76,36,40,2888
28230007780000,45,22,23,1633.5
28230007781000,7,4,3,373.1
28230007785000,11,8,3,416.9
28230007786000,101,58,43,3110.8
28230007787000,11,7,4,381.7
28230007788000,16,9,7,646.4
28230007789000,6,2,4,231
28230007791000,68,39,29,2652
28230007835000,5,2,3,340
28230007836000,1,1,0,0
28230007849000,4,2,2,0
28230007850000,13,6,7,457.6
28230007866000,1,1,0,0
28230007869000,206,110,96,6983.4
28230007870000,10,5,5,517
28230007901000,9,6,3,449.1
28240007769000,2,1,1,0
28240007770000,2,1,1,0
28240007779000,128,68,60,4761.6
28240007780000,139,72,67,5268.1
28240007781000,11,6,5,299.2
28240007790000,116,55,61,4361.6
28240007791000,294,148,146,9790.2
28240007792000,5,2,3,150
28240007869000,3,2,1,0
28240007870000,2,1,1,0
28250007767000,30,18,12,861
28250007768000,11,4,7,377.3
28250007779000,189,96,93,4838.4
28250007780000,15,11,4,583.5
28250007790000,14,7,7,859.6
28250007792000,3,2,1,0
28250007901000,1,1,0,0
28260007661000,4,2,2,0
28260007662000,2,0,2,0
28260007684000,4,3,1,0
28260007689000,4,1,3,0
28260007751000,2,1,1,0
28260007766000,3,1,2,0
28260007767000,19,9,10,568.1
28260007840000,12,6,6,483.6
28260007841000,7,2,5,359.8
28260007900000,5,3,2,351
28260007908000,1,1,0,0
28260007909000,3,3,0,0
28260007910000,4,3,1,0
28260007911000,16,11,5,753.6
28270007673000,1,1,0,0
28270007678000,13,6,7,442
28270007679000,7,4,3,287
28270007687000,14,7,7,743.4
28270007688000,25,15,10,1050
28270007689000,17,10,7,962.2
28270007838000,35,20,15,1498
28270007839000,21,13,8,982.8
28270007840000,7,2,5,158.2
28270007841000,1,1,0,0
28270007842000,6,3,3,205.8
28270007846000,4,3,1,0
28270007910000,1,1,0,0
28280007677000,4,3,1,0
28280007678000,30,13,17,1146
28280007679000,20,14,6,742
28280007690000,15,5,10,559.5
28280007846000,5,3,2,260
28280007898000,1,1,0,0
28280007907000,1,1,0,0
28290007691000,3,1,2,0
28290007747000,4,2,2,0
28290007846000,4,1,3,0
28290007901000,14,8,6,546
28290007902000,6,4,2,253.8
28300007902000,20,12,8,912
28310007743000,3,0,3,0
28320007693000,37,22,15,1472.6
28320007845000,3,1,2,0
28320007848000,44,23,21,2200
28320007902000,7,3,4,163.1
28330007694000,3,3,0,0
28330007695000,1,0,1,0
28330007845000,15,7,8,679.5
28330007846000,250,139,111,10850
28330007847000,42,23,19,1587.6
28330007848000,25,13,12,967.5
28330007849000,24,15,9,1060.8
28330007850000,7,4,3,375.9
28330007851000,2,2,0,0
28340007649000,12,7,5,718.8
28340007696000,47,24,23,1602.7
28340007847000,35,20,15,2033.5
28350007697000,56,28,28,2027.2
28350007847000,42,23,19,1877.4
28360007697000,10,4,6,389
28360007770000,1,1,0,0
28360007846000,5,3,2,252
28360007847000,28,13,15,1397.2
28370007725000,64,34,30,2515.2
28370007726000,8,4,4,436
28370007846000,13,8,5,616.2
28370007850000,3,2,1,0
28370007851000,10,5,5,727
28380007698000,3,2,1,0
28380007727000,12,8,4,762
28380007728000,67,33,34,2479
28380007846000,10,5,5,574
28380007850000,12,5,7,711.6
28380007851000,5,3,2,313
28380007854000,2,2,0,0
28380007855000,3,2,1,0
28390007728000,49,30,19,2386.3
28390007729000,15,8,7,636
28390007730000,12,6,6,375.6
28390007846000,1,1,0,0
28410007845000,6,4,2,244.2
28420007845000,35,22,13,1788.5
28420007868000,1,1,0,0
28430007702000,1,1,0,0
28430007848000,1,0,1,0
28430007868000,2,2,0,0
28430007869000,3,2,1,0
28440007650000,2,0,2,0
28440007844000,12,6,6,336
28440007845000,2,1,1,0
28450007702000,11,7,4,676.5
28450007846000,5,3,2,318
28460007702000,4,2,2,0
28460007703000,24,14,10,1120.8
28460007842000,20,10,10,700
28460007843000,4,2,2,0
28460007844000,8,6,2,487.2
28470007713000,3,3,0,0
28470007714000,1,0,1,0
28470007842000,3,1,2,0
28470007843000,1,1,0,0
28480007876000,2,2,0,0
28480007904000,39,21,18,2094.3
28490007830000,2,1,1,0
28490007876000,3,2,1,0
28490007877000,4,2,2,0
28490007882000,2,1,1,0
28490007904000,199,98,101,8895.3
28490007905000,546,286,260,23423.4
28500007831000,1,1,0,0
28500007881000,8,4,4,586.4
28500007882000,1,1,0,0
28500007904000,98,54,44,4096.4
28500007905000,115,62,53,5416.5
28510007880000,2,1,1,0
28510007881000,7,3,4,513.1
28510007882000,1,1,0,0
28510007883000,4,2,2,0
28510007905000,1,0,1,0
28520007717000,7,3,4,254.8
28520007718000,2,2,0,0
28520007842000,15,10,5,760.5
28520007882000,3,1,2,0
28530007718000,3,2,1,0
28530007841000,4,2,2,0
28530007842000,6,3,3,277.2
28530007863000,1,1,0,0
28530007871000,6,4,2,310.8
28540007760000,1,1,0,0
28540007841000,22,12,10,765.6
28540007842000,1,1,0,0
28540007862000,17,8,9,676.6
28540007871000,5,3,2,403
28550007723000,1,1,0,0
28550007842000,11,7,4,193.6
28550007861000,3,2,1,0
28550007862000,34,16,18,1615
28560007862000,58,30,28,2865.2
28570007863000,10,6,4,528
28570007864000,3,2,1,0
28570007865000,6,3,3,249
28580007734000,1,1,0,0
28600007722000,4,3,1,0
28600007723000,19,12,7,1031.7
28600007752000,2,2,0,0
28610007908000,40,23,17,2160
28620007908000,17,12,5,741.2
28650007741000,8,4,4,335.2
28690007723000,1,1,0,0
28690007724000,1,0,1,0
28720007815000,5,4,1,328
28720007851000,2,1,1,0
28720007852000,3,2,1,0
28720007853000,2,0,2,0
28730007815000,13,6,7,592.8
28730007816000,12,4,8,513.6
28730007817000,5,0,5,134
28730007818000,1,1,0,0
28730007819000,11,6,5,541.2
28730007820000,12,8,4,573.6
28730007821000,22,10,12,979
28730007822000,2,2,0,0
28730007849000,16,9,7,737.6
28730007850000,29,16,13,1473.2
28730007851000,6,4,2,384
28730007852000,4,2,2,0
28730007853000,2,1,1,0
28730007854000,10,4,6,573
28730007855000,15,7,8,894
28730007856000,3,1,2,0
28730007920000,100,57,43,4930
28740007849000,8,3,5,536.8
28740007850000,4,2,2,0
28740007855000,8,5,3,418.4
28740007856000,1,0,1,0
28740007920000,12,7,5,642
28750007804000,1,1,0,0
28750007824000,8,4,4,302.4
28750007830000,1,1,0,0
28750007831000,12,6,6,448.8
28750007832000,9,4,5,380.7
28750007835000,1,1,0,0
28750007836000,12,8,4,531.6
28750007837000,8,5,3,522.4
28750007849000,5,2,3,334
28760007799000,29,14,15,785.9
28760007800000,19,13,6,482.6
28760007801000,2,1,1,0
28760007802000,144,77,67,6638.4
28760007803000,250,124,126,9825
28760007804000,9,7,2,323.1
28760007825000,1,1,0,0
28760007826000,13,7,6,574.6
28760007827000,21,11,10,711.9
28760007828000,1,0,1,0
28760007831000,55,28,27,2711.5
28760007832000,41,20,21,2066.4
28760007833000,19,12,7,628.9
28760007835000,1,0,1,0
28760007838000,2,1,1,0
28760007839000,1,1,0,0
28760007850000,3,1,2,0
28770007728000,11,5,6,433.4
28770007729000,9,7,2,529.2
28770007795000,8,5,3,340
28770007797000,9,6,3,514.8
28770007798000,3,1,2,0
28770007799000,21,11,10,833.7
28770007800000,36,18,18,1371.6
28770007801000,353,171,182,13696.4
28770007802000,406,192,214,18391.8
28770007803000,246,124,122,9028.2
28770007827000,13,5,8,496.6
28770007828000,7,4,3,331.8
28770007829000,6,4,2,328.2
28770007830000,7,2,5,378.7
28770007831000,5,4,1,311
28770007832000,4,2,2,0
28770007860000,1,1,0,0
28780007793000,6,3,3,262.8
28780007794000,8,4,4,343.2
28780007795000,22,13,9,1040.6
28780007797000,2,1,1,0
28780007798000,5,3,2,187
28780007799000,5,3,2,227
28780007800000,74,38,36,2856.4
28780007801000,528,248,280,21964.8
28780007802000,328,173,155,13087.2
28780007803000,7,2,5,364
28780007804000,1,1,0,0
28780007827000,1,1,0,0
28780007829000,22,12,10,1042.8
28780007830000,6,4,2,235.8
28780007862000,1,0,1,0
28790007730000,1,1,0,0
28790007793000,8,3,5,323.2
28790007794000,3,2,1,0
28790007800000,5,3,2,141
28790007802000,79,40,39,3444.4
28790007803000,4,2,2,0
28790007807000,10,7,3,421
28790007830000,3,1,2,0
28790007833000,3,2,1,0
28790007842000,2,2,0,0
28790007843000,1,1,0,0
28790007845000,2,1,1,0
28790007846000,3,2,1,0
28790007847000,5,2,3,348
28790007848000,9,5,4,351.9
28790007851000,5,3,2,97
28800007802000,68,37,31,2672.4
28800007803000,80,43,37,3072
28800007804000,49,21,28,1911
28800007805000,7,4,3,198.1
28800007806000,36,17,19,1429.2
28800007807000,1,1,0,0
28800007831000,3,1,2,0
28800007847000,2,1,1,0
28800007848000,9,4,5,547.2
28800007849000,2,2,0,0
28810007786000,6,3,3,229.8
28810007801000,5,2,3,270
28810007802000,18,11,7,916.2
28810007803000,34,20,14,1540.2
28810007806000,7,4,3,291.2
28810007807000,3,2,1,0
28820007802000,33,13,20,1320
28820007803000,10,6,4,433
28830007801000,9,4,5,555.3
28830007802000,4,2,2,0
28830007803000,19,8,11,744.8
28830007804000,65,35,30,2600
28830007805000,4,3,1,0
28840007709000,1,1,0,0
28840007804000,12,8,4,333.6
28850007778000,2,1,1,0
28850007779000,2,1,1,0
28850007805000,12,7,5,669.6
28860007772000,3,1,2,0
28860007779000,22,12,10,1221
28860007780000,3,2,1,0
28860007807000,8,3,5,355.2
28860007808000,3,1,2,0
28860007907000,2,1,1,0
28870007779000,9,4,5,372.6
28870007906000,1,1,0,0
28880007777000,2,1,1,0
28880007778000,1,1,0,0
28880007779000,4,3,1,0
28880007883000,2,1,1,0
28880007884000,3,1,2,0
28880007924000,5,3,2,289
28890007835000,1,0,1,0
28890007924000,64,35,29,3212.8
28890007925000,20,15,5,880
28900007839000,1,0,1,0
28900007882000,1,0,1,0
28900007883000,11,6,5,605
28900007909000,16,9,7,814.4
28910007772000,2,1,1,0
28910007834000,7,3,4,238.7
28910007841000,2,1,1,0
28910007842000,5,4,1,340
28910007883000,12,6,6,411.6
28910007897000,2,2,0,0
28910007898000,3,2,1,0
28910007900000,1,1,0,0
28920007900000,2,1,1,0
28930007830000,2,1,1,0
28930007831000,2,1,1,0
28930007835000,18,4,14,1195.2
28930007836000,3,2,1,0
28930007844000,9,6,3,587.7
28930007845000,2,1,1,0
28930007846000,1,0,1,0
28930007914000,1,1,0,0
28930007917000,22,15,7,1012
28930007918000,57,31,26,2781.6
28940007831000,4,2,2,0
28940007832000,3,3,0,0
28940007833000,1,1,0,0
28940007834000,10,5,5,388
28940007835000,20,14,6,1024
28940007836000,16,9,7,897.6
28950007834000,5,2,3,202
28950007835000,21,14,7,1106.7
28950007836000,27,12,15,1096.2
28950007837000,12,7,5,650.4
28950007849000,2,1,1,0
28960007730000,6,4,2,364.8
28960007731000,6,3,3,337.2
28960007732000,3,1,2,0
28960007835000,1,0,1,0
28960007836000,14,10,4,712.6
28960007837000,28,18,10,1248.8
28960007910000,45,23,22,1813.5
28960007911000,55,28,27,2607
28960007912000,281,152,129,11043.3
28960007913000,353,193,160,14896.6
28960007914000,2,2,0,0
28970007731000,2,1,1,0
28970007838000,3,2,1,0
28970007857000,7,5,2,459.2
28970007910000,723,368,355,31378.2
28970007911000,801,405,396,35083.8
28970007912000,198,105,93,7623
28980007857000,3,2,1,0
28980007858000,3,2,1,0
28980007859000,4,3,1,0
28980007910000,11,4,7,412.5
28990007737000,1,0,1,0
28990007911000,235,121,114,9282.5
28990007912000,185,102,83,7511
29000007862000,4,4,0,0
29010007736000,1,1,0,0
29010007737000,2,2,0,0
29010007753000,3,0,3,0
29020007737000,23,12,11,975.2
29030007737000,1,1,0,0
29030007738000,10,6,4,410
29030007867000,1,1,0,0
29030007868000,3,2,1,0
29040007737000,4,2,2,0
29040007738000,19,12,7,581.4
29040007869000,1,1,0,0
29050007738000,31,19,12,1302
29050007739000,26,12,14,1047.8
29050007870000,1,1,0,0
29060007738000,92,51,41,3367.2
29060007739000,32,16,16,1270.4
29060007740000,3,1,2,0
29060007741000,10,5,5,326
29070007739000,31,19,12,992
29070007740000,110,56,54,4807
29080007739000,11,8,3,272.8
29080007740000,41,22,19,1832.7
29080007741000,50,26,24,1865
29080007742000,43,17,26,1302.9
29090007740000,397,190,207,13339.2
29090007741000,296,139,157,12698.4
29090007742000,479,251,228,21171.8
29090007743000,69,41,28,3091.2
29090007843000,1,0,1,0
29100007740000,101,50,51,3908.7
29100007741000,144,71,73,6984
29100007742000,356,180,176,15165.6
29100007743000,9,7,2,393.3
29110007741000,24,12,12,861.6
29110007742000,9,6,3,290.7
29120007740000,6,3,3,267
29120007741000,11,6,5,383.9
29130007740000,15,6,9,601.5
29130007741000,4,2,2,0
29140007740000,1,1,0,0
29170007739000,4,3,1,0
29170007740000,9,3,6,309.6
29180007739000,4,3,1,0
29180007740000,2,1,1,0
29190007739000,13,6,7,447.2
29190007740000,4,2,2,0
29200007719000,1,1,0,0
29200007739000,11,4,7,423.5
29200007740000,5,3,2,311
29200007769000,2,1,1,0
29210007713000,2,1,1,0
29210007714000,3,1,2,0
29210007718000,4,2,2,0
29210007724000,1,1,0,0
29210007737000,3,2,1,0
29210007738000,8,4,4,336
29210007739000,3,1,2,0
29210007741000,3,2,1,0
29210007747000,1,1,0,0
29210007768000,1,0,1,0
29210007769000,11,6,5,658.9
29220007736000,9,5,4,345.6
29220007737000,21,10,11,869.4
29220007746000,7,2,5,259.7
29220007750000,6,3,3,139.2
29220007751000,4,2,2,0
29230007736000,14,7,7,530.6
29230007756000,2,1,1,0
29230007764000,3,1,2,0
29240007773000,1,1,0,0
29240007880000,24,15,9,1000.8
29250007880000,11,6,5,572
29260007878000,3,2,1,0
29260007879000,15,10,5,606
29260007880000,8,3,5,296
29260007881000,4,4,0,0
29270007879000,1,1,0,0
29280007776000,1,1,0,0
29280007777000,5,3,2,237
29290007778000,8,4,4,254.4
29290007844000,1,1,0,0
29290007845000,16,8,8,1017.6
29290007846000,3,2,1,0
29300007844000,6,3,3,264
29300007845000,4,1,3,0
29340007847000,1,1,0,0
29340007854000,1,1,0,0
29350007795000,2,1,1,0
29350007796000,1,0,1,0
29350007854000,1,1,0,0
29360007798000,1,1,0,0
29360007799000,1,1,0,0
29420007860000,4,2,2,0
29420007861000,3,2,1,0
29420007873000,41,19,22,1918.8
29420007874000,13,6,7,631.8
29430007860000,5,4,1,304
29430007867000,2,2,0,0
29430007871000,2,1,1,0
29430007872000,1,0,1,0
29430007873000,30,17,13,1392
29430007874000,6,4,2,223.2
29430007910000,11,7,4,689.7
29430007911000,13,9,4,712.4
29440007860000,2,2,0,0
29440007868000,1,1,0,0
29440007871000,5,3,2,161
29440007911000,19,5,14,570
29440007916000,24,11,13,715.2
29450007866000,4,3,1,0
29450007911000,1,1,0,0
29450007916000,40,21,19,1072
29460007864000,6,3,3,139.2
29460007911000,1,1,0,0
29460007916000,183,98,85,6954
29460007917000,190,104,86,9120
29460007924000,1,1,0,0
29460007925000,1,1,0,0
29470007860000,1,1,0,0
29470007865000,1,0,1,0
29470007916000,152,82,70,6733.6
29470007917000,423,236,187,17935.2
29480007864000,8,4,4,154.4
29490007861000,2,1,1,0
29490007862000,2,1,1,0
29490007913000,1,1,0,0
29490007914000,8,3,5,298.4
29500007862000,1,1,0,0
29500007910000,1,0,1,0
29510007876000,27,15,12,999
29510007877000,1,1,0,0
29510007917000,1,1,0,0
29520007877000,10,6,4,499
29590007801000,2,1,1,0
29610007804000,2,2,0,0
29620007929000,12,7,5,662.4
29620007930000,252,148,104,10029.6
29620007931000,229,129,100,9892.8
29630007882000,1,1,0,0
29630007930000,216,108,108,9244.8
29630007931000,88,43,45,3968.8
29640007806000,2,2,0,0
29640007883000,2,1,1,0
29650007807000,7,5,2,462
29650007884000,1,0,1,0
29670007808000,2,1,1,0
29670007812000,5,3,2,210
29680007812000,2,1,1,0
29680007905000,1,1,0,0
29690007813000,10,4,6,392
29690007814000,10,6,4,616
29690007815000,9,5,4,359.1
29690007816000,15,6,9,453
29690007905000,1,1,0,0
29700007815000,13,7,6,730.6
29700007816000,31,15,16,1326.8
29710007890000,12,9,3,764.4
29710007907000,1,1,0,0
29720007890000,11,5,6,469.7
29720007906000,1,1,0,0
29720007907000,6,2,4,379.2
29730007907000,5,2,3,279
29740007818000,3,2,1,0
29740007819000,2,1,1,0
29740007821000,9,4,5,407.7
29740007822000,4,3,1,0
29750007823000,2,1,1,0
29750007865000,3,0,3,0
29750007937000,5,3,2,228
29760007906000,1,1,0,0
29760007907000,4,3,1,0
29760007936000,200,125,75,9200
29760007937000,8,6,2,316.8
29770007824000,1,1,0,0
29770007864000,1,1,0,0
29770007865000,7,5,2,419.3
29770007867000,1,1,0,0
29770007906000,42,23,19,1608.6
29770007907000,28,13,15,968.8
29780007824000,1,1,0,0
29780007863000,4,3,1,0
29780007864000,1,1,0,0
29780007897000,5,2,3,366
29780007898000,2,1,1,0
29780007906000,4,2,2,0
29790007870000,2,1,1,0
29800007824000,2,1,1,0
29800007871000,4,3,1,0
29810007824000,8,3,5,444
29810007870000,11,5,6,613.8
29810007871000,2,1,1,0
29820007824000,3,2,1,0
29820007871000,1,1,0,0
29830007868000,1,0,1,0
29840007826000,35,20,15,1718.5
29840007865000,4,3,1,0
29840007866000,2,1,1,0
29840007867000,11,5,6,679.8
29840007869000,1,1,0,0
29850007826000,17,11,6,894.2
29850007866000,3,2,1,0
29860007827000,11,6,5,501.6
29860007865000,3,2,1,0
29870007827000,5,2,3,305
29870007828000,12,6,6,427.2
29880007828000,25,14,11,995
29880007849000,4,2,2,0
29880007850000,2,1,1,0
29880007864000,1,1,0,0
29890007827000,1,0,1,0
29890007828000,4,2,2,0
29890007850000,10,6,4,440
29890007851000,2,0,2,0
29890007863000,11,3,8,650.1
29890007864000,3,0,3,0
29900007827000,23,13,10,947.6
29900007850000,22,13,9,717.2
29900007851000,8,5,3,283.2
29900007858000,9,7,2,335.7
29900007859000,14,8,6,635.6
29900007860000,11,7,4,468.6
29900007861000,37,16,21,1387.5
29900007862000,16,6,10,884.8
29900007863000,34,15,19,1441.6
29900007864000,60,31,29,2658
29900007865000,17,14,3,809.2
29900007866000,8,6,2,319.2
29910007826000,47,25,22,2077.4
29910007827000,11,5,6,543.4
29910007845000,8,5,3,208
29910007848000,6,4,2,322.2
29910007849000,18,11,7,579.6
29910007850000,8,6,2,475.2
29910007851000,12,5,7,573.6
29910007852000,9,5,4,347.4
29910007854000,4,3,1,0
29910007855000,15,9,6,558
29910007856000,21,9,12,730.8
29910007857000,27,10,17,1090.8
29910007858000,13,5,8,616.2
29910007859000,1,1,0,0
29910007863000,1,1,0,0
29910007866000,18,9,9,799.2
29910007867000,60,32,28,1968
29910007868000,40,21,19,1548
29910007869000,10,6,4,513
29920007825000,4,2,2,0
29920007826000,23,8,15,1248.9
29920007827000,1,0,1,0
29920007845000,4,1,3,0
29920007846000,11,4,7,477.4
29920007847000,5,2,3,250
29920007851000,2,1,1,0
29920007852000,7,5,2,252
29920007853000,4,2,2,0
29920007854000,5,2,3,298
29920007855000,5,2,3,171
29920007858000,1,0,1,0
29920007859000,2,1,1,0
29920007860000,4,3,1,0
29920007861000,6,3,3,252
29920007863000,1,1,0,0
29920007864000,9,5,4,363.6
29920007865000,12,6,6,570
29920007870000,1,0,1,0
29920007871000,9,4,5,399.6
29920007872000,2,1,1,0
29930007826000,4,3,1,0
29930007827000,8,2,6,388.8
29930007828000,11,7,4,694.1
29930007843000,2,1,1,0
29930007844000,5,4,1,227
29930007845000,49,23,26,2386.3
29930007855000,6,4,2,256.8
29930007856000,6,4,2,339
29930007857000,6,3,3,205.8
29930007859000,3,2,1,0
29940007826000,3,2,1,0
29940007827000,10,5,5,534
29940007828000,27,18,9,1152.9
29940007829000,23,11,12,947.6
29940007830000,21,9,12,1152.9
29940007831000,6,4,2,211.2
29940007841000,324,160,164,13705.2
29940007842000,153,84,69,6211.8
29940007843000,31,12,19,1302
29940007844000,17,8,9,708.9
29940007845000,108,58,50,3974.4
29940007846000,39,21,18,1786.2
29940007847000,16,8,8,764.8
29940007848000,5,3,2,154
29940007871000,10,4,6,416
29940007872000,10,6,4,478
29950007829000,11,5,6,674.3
29950007831000,5,3,2,159
29950007832000,17,11,6,586.5
29950007833000,23,14,9,1127
29950007834000,6,2,4,367.8
29950007835000,2,1,1,0
29950007838000,1,0,1,0
29950007839000,6,2,4,195
29950007840000,19,11,8,801.8
29950007841000,261,142,119,9839.7
29950007842000,7,4,3,322
29950007843000,8,4,4,367.2
29950007845000,3,2,1,0
29950007846000,25,10,15,917.5
29950007847000,21,10,11,571.2
29950007872000,2,1,1,0
29950007873000,5,5,0,290
29960007826000,1,1,0,0
29960007830000,2,1,1,0
29960007832000,7,4,3,249.2
29960007833000,11,6,5,390.5
29960007836000,8,3,5,324.8
29960007837000,3,1,2,0
29960007838000,35,15,20,1305.5
29960007839000,29,16,13,1380.4
29960007840000,32,17,15,1280
29960007846000,9,3,6,262.8
29960007849000,5,4,1,81
29960007874000,6,3,3,325.2
29960007875000,2,1,1,0
29970007835000,2,1,1,0
29970007836000,1,1,0,0
29970007837000,11,6,5,435.6
29970007838000,122,61,61,5746.2
29970007839000,20,11,9,962
29970007849000,12,6,6,535.2
29970007878000,3,3,0,0
29980007849000,11,5,6,387.2
29980007872000,5,3,2,282
29980007874000,2,1,1,0
29990007871000,4,2,2,0
30000007869000,20,10,10,556
30000007870000,12,6,6,574.8
30000007871000,12,6,6,529.2
30000007872000,2,1,1,0
30000007873000,5,3,2,225
30010007869000,11,7,4,482.9
30010007870000,19,10,9,627
30010007871000,32,18,14,1254.4
30010007872000,5,4,1,355
30020007869000,19,9,10,898.7
30030007869000,3,1,2,0
30030007870000,13,9,4,556.4
30040007870000,16,10,6,726.4
30050007871000,10,5,5,434
30070007841000,1,1,0,0
30080007827000,1,1,0,0
30080007837000,2,1,1,0
30080007841000,7,5,2,284.9
30080007842000,2,2,0,0
30090007837000,6,3,3,259.8
30090007838000,4,2,2,0
30090007839000,16,8,8,696
30090007841000,18,12,6,725.4
30090007842000,113,64,49,4113.2
30090007843000,2,1,1,0
30100007836000,14,9,5,767.2
30100007840000,26,11,15,1011.4
30100007841000,129,66,63,4411.8
30100007842000,5,3,2,287
30100007843000,11,7,4,453.2
30110007835000,6,3,3,337.2
30110007836000,68,37,31,3080.4
30110007837000,1,0,1,0
30110007843000,46,26,20,2313.8
30110007920000,124,69,55,5542.8
30110007921000,594,315,279,26492.4
30110007922000,222,113,109,9745.8
30120007835000,14,8,6,705.6
30120007837000,3,2,1,0
30120007843000,16,7,9,584
30120007921000,1,1,0,0
30130007843000,16,11,5,625.6
30140007834000,3,3,0,0
30140007843000,4,2,2,0
30150007834000,7,4,3,282.8
30150007843000,7,2,5,417.9
30150007844000,9,4,5,225.9
30160007843000,14,9,5,828.8
30160007844000,5,2,3,302
30170007834000,3,2,1,0
30170007843000,41,20,21,1927
30170007844000,3,1,2,0
30180007833000,2,1,1,0
30180007834000,7,5,2,468.3
30180007843000,13,8,5,530.4
30190007833000,1,0,1,0
30190007842000,7,4,3,471.1
30190007843000,22,14,8,862.4
30200007833000,3,2,1,0
30200007842000,21,11,10,1142.4
30200007843000,12,6,6,558
30210007833000,5,2,3,335
30210007841000,12,5,7,532.8
30210007842000,123,55,68,5362.8
30220007833000,13,8,5,690.3
30220007842000,22,12,10,1073.6
30220007843000,1,1,0,0
30230007833000,5,2,3,219
30230007842000,23,11,12,1288
30230007843000,4,1,3,0
30230007908000,29,14,15,1655.9
30240007841000,1,1,0,0
30240007842000,1,0,1,0
30240007909000,5,3,2,360
30250007833000,1,1,0,0
30260007841000,7,3,4,252
30270007841000,8,4,4,560.8
30300007833000,1,1,0,0
30300007842000,5,2,3,294
30370007842000,1,0,1,0
30380007842000,12,7,5,777.6
30380007901000,5,3,2,75
30390007841000,8,4,4,335.2
30390007842000,177,87,90,7469.4
30390007843000,249,125,124,10482.9
30390007844000,5,2,3,158
30390007900000,105,51,54,5187
30390007901000,573,307,266,22633.5
30390007902000,380,201,179,16416
30390007903000,102,52,50,3223.2
30400007841000,31,14,17,1205.9
30400007842000,66,30,36,2805
30400007900000,11,6,5,327.8
30400007901000,98,55,43,4625.6
30400007902000,184,103,81,7599.2
30400007903000,775,396,379,30225
30410007841000,60,32,28,2844
30410007842000,2,1,1,0
30420007841000,24,12,12,933.6
30420007842000,2,1,1,0
30430007841000,3,2,1,0
30440007841000,2,1,1,0
30440007842000,8,5,3,240.8
30450007842000,11,8,3,465.3
30460007796000,7,3,4,392
30460007797000,1,1,0,0
30460007815000,17,9,8,1142.4
30460007816000,8,4,4,496
30460007842000,3,1,2,0
30470007796000,19,11,8,944.3
30470007797000,9,3,6,405.9
30470007814000,4,2,2,0
30470007815000,3,1,2,0
30470007817000,1,1,0,0
30470007842000,6,4,2,331.2
30480007813000,4,2,2,0
30480007815000,1,1,0,0
30480007818000,3,2,1,0
30480007830000,1,1,0,0
30480007842000,2,1,1,0
30490007797000,4,2,2,0
30490007798000,1,1,0,0
30490007815000,4,2,2,0
30490007842000,23,16,7,811.9
30500007797000,6,3,3,346.8
30500007815000,2,1,1,0
30500007842000,12,8,4,500.4
30510007797000,2,1,1,0
30510007842000,24,13,11,1003.2
30520007796000,8,6,2,520.8
30520007797000,48,26,22,2212.8
30520007798000,2,1,1,0
30520007842000,14,9,5,856.8
30520007843000,7,4,3,254.1
30530007796000,7,3,4,357.7
30530007797000,9,5,4,500.4
30530007798000,4,2,2,0
30530007829000,63,35,28,2721.6
30530007842000,8,4,4,292.8
30540007798000,4,2,2,0
30540007829000,114,63,51,5985
30540007830000,3,1,2,0
30540007842000,701,351,350,28040
30540007843000,389,215,174,14120.7
30550007829000,19,6,13,980.4
30550007841000,107,57,50,4643.8
30550007842000,1417,692,725,59514
30550007843000,252,115,137,9651.6
30550007896000,1,1,0,0
30560007741000,1,1,0,0
30560007742000,17,11,6,941.8
30560007743000,1,1,0,0
30560007746000,4,2,2,0
30560007792000,4,3,1,0
30560007793000,3,1,2,0
30560007798000,5,3,2,331
30560007799000,6,4,2,334.8
30560007841000,300,163,137,11580
30560007842000,807,429,378,30020.4
30560007843000,2,1,1,0
30560007895000,1,0,1,0
30570007793000,1,0,1,0
30570007798000,1,1,0,0
30570007799000,1,1,0,0
30570007842000,911,451,460,36531.1
30570007843000,9,4,5,357.3
30580007753000,3,2,1,0
30580007794000,2,1,1,0
30580007806000,1,1,0,0
30580007842000,126,69,57,4951.8
30590007755000,1,1,0,0
30590007795000,1,1,0,0
30590007806000,1,1,0,0
30600007756000,3,2,1,0
30600007841000,39,20,19,1883.7
30610007801000,5,3,2,227
30620007803000,5,3,2,230
30620007812000,1,1,0,0
30630007842000,4,1,3,0
30640007842000,2,1,1,0
30640007843000,14,8,6,708.4
30650007843000,13,9,4,496.6
30660007760000,10,5,5,445
30660007806000,9,6,3,374.4
30660007844000,64,35,29,2694.4
30670007808000,1,1,0,0
30680007760000,2,0,2,0
30680007845000,9,6,3,574.2
30680007846000,2,2,0,0
30680007847000,4,3,1,0
30690007844000,9,8,1,455.4
30690007845000,18,6,12,932.4
30700007760000,2,0,2,0
30700007761000,8,6,2,364.8
30700007762000,9,3,6,354.6
30700007805000,7,3,4,244.3
30700007806000,2,1,1,0
30700007849000,4,1,3,0
30710007763000,1,1,0,0
30710007803000,2,1,1,0
30710007804000,25,19,6,582.5
30710007849000,34,19,15,1720.4
30720007763000,3,1,2,0
30720007764000,7,3,4,268.8
30720007765000,14,7,7,712.6
30720007766000,6,4,2,318
30720007767000,9,6,3,438.3
30720007768000,1,1,0,0
30720007799000,3,1,2,0
30720007800000,10,6,4,290
30720007804000,39,29,10,854.1
30730007765000,5,2,3,154
30730007766000,1,0,1,0
30730007767000,10,5,5,321
30730007768000,22,14,8,1062.6
30730007769000,4,2,2,0
30730007799000,4,2,2,0
30730007802000,1,1,0,0
30730007803000,4,2,2,0
30740007799000,381,194,187,16459.2
30740007800000,427,219,208,15243.9
30740007856000,1,1,0,0
30740007859000,15,7,8,804
30740007860000,3,1,2,0
30750007769000,9,4,5,303.3
30750007770000,12,5,7,297.6
30750007798000,15,9,6,649.5
30750007799000,393,199,194,18117.3
30750007800000,497,250,247,20128.5
30750007801000,80,45,35,3392
30750007802000,965,474,491,35126
30750007803000,267,133,134,9505.2
30750007807000,1,1,0,0
30750007900000,1,1,0,0
30760007769000,2,1,1,0
30760007770000,5,2,3,244
30760007771000,15,9,6,463.5
30760007772000,14,8,6,939.4
30760007790000,5,2,3,191
30760007791000,14,5,9,546
30760007794000,3,2,1,0
30760007795000,4,2,2,0
30760007796000,2,1,1,0
30760007798000,10,4,6,237
30760007799000,617,294,323,23507.7
30760007800000,261,125,136,9657
30760007801000,184,97,87,6035.2
30760007802000,37,21,16,1472.6
30760007803000,263,131,132,9888.8
30760007806000,1073,516,557,46997.4
30760007807000,417,221,196,16763.4
30770007772000,10,4,6,409
30770007773000,2,0,2,0
30770007774000,2,2,0,0
30770007790000,11,5,6,342.1
30770007791000,22,9,13,906.4
30770007792000,1,1,0,0
30770007804000,113,60,53,4723.4
30770007805000,91,43,48,2575.3
30770007806000,1327,672,655,52416.5
30770007807000,243,126,117,9234
30780007785000,3,1,2,0
30780007791000,5,1,4,154
30780007801000,8,4,4,252
30780007802000,1,1,0,0
30780007805000,12,6,6,402
30780007806000,107,50,57,4601
30780007807000,362,169,193,13719.8
30780007808000,8,5,3,456.8
30790007772000,2,1,1,0
30790007783000,12,6,6,681.6
30790007784000,7,4,3,471.1
30790007801000,9,4,5,516.6
30790007802000,47,22,25,1781.3
30790007805000,3,2,1,0
30790007807000,64,32,32,2515.2
30790007808000,156,83,73,5382
30790007815000,2,1,1,0
30790007867000,2,2,0,0
30800007772000,1,1,0,0
30800007776000,5,1,4,184
30800007782000,9,5,4,293.4
30800007783000,21,12,9,543.9
30800007801000,6,3,3,195
30800007802000,85,44,41,3774
30800007804000,4,2,2,0
30800007805000,2,1,1,0
30800007806000,23,10,13,874
30800007807000,3,1,2,0
30800007808000,10,7,3,390
30800007812000,5,3,2,240
30810007776000,3,2,1,0
30810007779000,5,3,2,168
30810007780000,3,1,2,0
30810007781000,1,0,1,0
30810007782000,12,6,6,295.2
30810007789000,2,1,1,0
30810007790000,1,1,0,0
30810007801000,1,1,0,0
30810007802000,24,11,13,943.2
30810007812000,5,3,2,314
30810007813000,1,0,1,0
30820007772000,1,0,1,0
30820007773000,20,10,10,948
30820007774000,8,5,3,184
30820007775000,5,1,4,231
30820007778000,9,4,5,272.7
30820007779000,10,4,6,390
30820007780000,3,1,2,0
30820007781000,6,2,4,114
30820007782000,5,4,1,225
30820007788000,5,3,2,225
30820007789000,7,3,4,391.3
30820007802000,24,12,12,991.2
30830007774000,1,0,1,0
30830007777000,27,11,16,1158.3
30830007778000,34,18,16,1927.8
30830007782000,1,1,0,0
30830007783000,11,6,5,529.1
30830007787000,19,10,9,695.4
30830007789000,2,0,2,0
30830007790000,5,3,2,224
30830007801000,1,0,1,0
30830007802000,6,3,3,154.8
30840007776000,20,10,10,702
30840007777000,56,22,34,1730.4
30840007778000,11,8,3,357.5
30840007779000,4,3,1,0
30840007783000,21,9,12,863.1
30840007784000,6,3,3,160.2
30840007785000,1,0,1,0
30840007786000,10,5,5,475
30840007801000,3,2,1,0
30850007779000,13,6,7,504.4
30850007780000,4,2,2,0
30850007783000,7,4,3,310.1
30850007801000,10,5,5,213
30860007787000,5,3,2,223
30860007802000,1,1,0,0
30870007802000,16,7,9,502.4
30870007804000,4,1,3,0
30880007803000,26,12,14,1240.2
30880007804000,3,2,1,0
30890007803000,19,14,5,988
30890007804000,14,5,9,595
30900007803000,22,12,10,1280.4
30900007804000,1,1,0,0
30900007805000,9,3,6,309.6
30910007803000,20,10,10,850
30910007804000,6,4,2,303
30910007805000,1,1,0,0
30910007811000,3,2,1,0
30910007873000,3,2,1,0
30920007802000,7,5,2,196.7
30920007803000,3,1,2,0
30920007804000,12,5,7,585.6
30920007805000,2,1,1,0
30920007811000,1,1,0,0
30920007812000,7,4,3,420
30930007802000,4,2,2,0
30930007804000,7,4,3,429.1
30930007805000,18,11,7,802.8
30930007806000,28,15,13,1260
30930007807000,2,1,1,0
30930007808000,4,2,2,0
30930007874000,2,1,1,0
30940007807000,5,2,3,181
30940007874000,4,2,2,0
30940007888000,2,1,1,0
30950007876000,26,13,13,1198.6
30960007876000,191,111,80,9187.1
30960007887000,402,200,202,17245.8
30970007886000,301,152,149,12672.1
30970007887000,845,471,374,38109.5
30980007886000,185,96,89,7770
30980007887000,130,60,70,5434