SSBID1000M,p,m,f,ta
19250006616000,14,7,7,607.6
19250006617000,142,77,65,5310.8
19250006618000,32,16,16,1779.2
19260006617000,25,16,9,785
19380006630000,15,7,8,280.5
19380006806000,5,3,2,367
19390006630000,82,41,41,3001.2
19390006631000,13,7,6,500.5
19390006808000,2,2,0,0
19400006598000,8,3,5,392.8
19400006599000,5,3,2,226
19400006600000,108,65,43,4039.2
19400006601000,180,88,92,6768
19400006602000,104,48,56,4836
19400006603000,90,48,42,3447
19400006604000,125,60,65,4600
19400006605000,38,22,16,1485.8
19400006606000,113,59,54,4181
19400006607000,7,3,4,217.7
19400006781000,4,1,3,0
19400006782000,75,39,36,3630
19410006597000,38,24,14,1854.4
19410006598000,88,48,40,3106.4
19410006599000,17,10,7,848.3
19410006600000,105,52,53,4441.5
19410006602000,8,3,5,403.2
19410006603000,45,28,17,1917
19410006604000,47,22,25,2190.2
19410006605000,305,154,151,12261
19410006606000,308,159,149,12350.8
19410006607000,107,56,51,4151.6
19410006608000,58,29,29,2134.4
19410006609000,542,279,263,19132.6
19410006610000,950,459,491,35340
19410006611000,6,3,3,202.8
19410006623000,18,8,10,754.2
19410006771000,18,10,8,802.8
19410006779000,12,6,6,642
19410006781000,34,18,16,1506.2
19410006782000,249,124,125,11877.3
19410006783000,1,1,0,0
19420006596000,6,3,3,238.8
19420006597000,56,29,27,2049.6
19420006598000,243,127,116,9379.8
19420006599000,16,7,9,761.6
19420006605000,2,1,1,0
19420006606000,106,58,48,3254.2
19420006607000,101,57,44,4444
19420006608000,620,294,326,21390
19420006609000,1672,811,861,63368.8
19420006610000,1361,685,676,52126.3
19420006611000,986,498,488,34608.6
19420006612000,167,84,83,6162.3
19420006614000,20,10,10,684
19420006623000,30,16,14,948
19420006624000,6,3,3,202.2
19420006757000,2,1,1,0
19420006760000,2,1,1,0
19420006761000,10,3,7,383
19420006779000,44,23,21,1786.4
19420006781000,137,66,71,5137.5
19420006782000,31,13,18,1196.6
19420006807000,10,7,3,678
19420006811000,3,2,1,0
19430006596000,92,44,48,3431.6
19430006597000,1256,610,646,52124
19430006598000,94,52,42,3854
19430006607000,5,3,2,246
19430006608000,1,1,0,0
19430006609000,298,148,150,8552.6
19430006610000,443,227,216,11030.7
19430006611000,356,171,185,13812.8
19430006612000,48,26,22,1483.2
19430006613000,321,174,147,11299.2
19430006614000,334,173,161,11690
19430006616000,57,26,31,2245.8
19430006617000,111,59,52,3063.6
19430006618000,31,17,14,964.1
19430006619000,3,2,1,0
19430006757000,29,15,14,1479
19430006758000,5,3,2,310
19430006759000,7,4,3,440.3
19430006760000,24,14,10,1058.4
19430006761000,62,33,29,2907.8
19430006762000,3,1,2,0
19430006763000,14,5,9,651
19430006764000,104,52,52,4149.6
19430006765000,28,16,12,1341.2
19430006766000,59,30,29,2961.8
19430006767000,42,21,21,2230.2
19430006768000,155,81,74,6975
19430006807000,5,2,3,309
19430006808000,2,2,0,0
19430006810000,3,1,2,0
19430006811000,48,23,25,1982.4
19430006812000,4,2,2,0
19430006839000,3,1,2,0
19440006596000,49,23,26,2048.2
19440006597000,1310,656,654,49256
19440006598000,155,81,74,5595.5
19440006599000,10,6,4,415
19440006611000,76,42,34,3275.6
19440006612000,191,105,86,7028.8
19440006613000,1092,544,548,42478.8
19440006614000,402,209,193,14713.2
19440006616000,117,61,56,4516.2
19440006618000,2,1,1,0
19440006620000,3,3,0,0
19440006646000,35,15,20,1638
19440006647000,5,3,2,232
19440006757000,21,12,9,921.9
19440006759000,147,78,69,4689.3
19440006760000,101,49,52,3767.3
19440006761000,2,1,1,0
19440006762000,2,1,1,0
19440006763000,36,15,21,1638
19440006764000,28,15,13,1008
19440006765000,8,4,4,468
19440006766000,13,7,6,635.7
19440006768000,23,13,10,1283.4
19440006806000,3,1,2,0
19440006807000,4,2,2,0
19440006808000,2,1,1,0
19450006596000,8,5,3,404
19450006597000,71,34,37,2790.3
19450006598000,31,19,12,1050.9
19450006599000,36,18,18,1627.2
19450006600000,7,3,4,156.8
19450006601000,2,1,1,0
19450006610000,40,21,19,1060
19450006611000,153,80,73,4437
19450006612000,421,212,209,13850.9
19450006613000,167,84,83,6312.6
19450006614000,50,27,23,1445
19450006615000,12,7,5,429.6
19450006616000,3,1,2,0
19450006617000,6,3,3,276
19450006619000,10,5,5,490
19450006620000,210,108,102,7602
19450006621000,8,3,5,260.8
19450006622000,6,3,3,234
19450006623000,16,9,7,806.4
19450006624000,6,3,3,313.8
19450006625000,4,2,2,0
19450006646000,25,11,14,1210
19450006647000,68,35,33,3284.4
19450006658000,2,1,1,0
19450006678000,2,1,1,0
19450006728000,1,1,0,0
19450006752000,60,37,23,2532
19450006753000,178,93,85,7173.4
19450006754000,38,18,20,1588.4
19450006756000,167,82,85,5293.9
19450006757000,133,66,67,5133.8
19450006758000,12,7,5,786
19450006759000,6,3,3,252
19450006760000,90,48,42,3420
19450006761000,76,41,35,2971.6
19450006762000,2,1,1,0
19450006763000,16,5,11,777.6
19450006764000,2,1,1,0
19450006766000,6,3,3,301.2
19450006806000,25,13,12,705
19450006808000,1,1,0,0
19450006814000,5,3,2,126
19450006815000,57,29,28,2576.4
19450006816000,14,9,5,655.2
19450006838000,148,79,69,6008.8
19450006839000,78,39,39,3112.2
19460006596000,1,1,0,0
19460006597000,7,4,3,203
19460006598000,13,6,7,556.4
19460006599000,12,7,5,572.4
19460006600000,26,12,14,1149.2
19460006601000,7,3,4,340.9
19460006611000,216,122,94,8056.8
19460006612000,456,230,226,16005.6
19460006613000,7,3,4,385
19460006618000,27,13,14,1312.2
19460006619000,35,21,14,1396.5
19460006620000,395,212,183,14220
19460006621000,5,2,3,189
19460006622000,61,30,31,2726.7
19460006623000,108,57,51,4276.8
19460006624000,103,52,51,3811
19460006625000,80,36,44,3632
19460006626000,4,2,2,0
19460006646000,21,11,10,592.2
19460006653000,8,5,3,568
19460006655000,4,1,3,0
19460006662000,17,11,6,897.6
19460006663000,14,7,7,464.8
19460006666000,54,31,23,2565
19460006667000,55,29,26,2073.5
19460006668000,115,55,60,4312.5
19460006669000,40,17,23,1464
19460006674000,7,2,5,163.8
19460006675000,2,1,1,0
19460006676000,2,1,1,0
19460006677000,3,2,1,0
19460006678000,4,2,2,0
19460006680000,1,1,0,0
19460006681000,8,5,3,472
19460006722000,254,134,120,9982.2
19460006723000,17,12,5,316.2
19460006729000,48,25,23,1464
19460006733000,37,17,20,1539.2
19460006743000,76,38,38,2302.8
19460006744000,21,11,10,850.5
19460006750000,62,37,25,2250.6
19460006751000,104,52,52,4440.8
19460006752000,5,3,2,111
19460006753000,209,105,104,8631.7
19460006754000,29,12,17,1006.3
19460006757000,7,4,3,237.3
19460006758000,6,3,3,205.2
19460006784000,7,3,4,434.7
19460006808000,1,1,0,0
19460006817000,2,1,1,0
19460006838000,4,2,2,0
19470006600000,3,2,1,0
19470006601000,6,4,2,148.8
19470006602000,6,1,5,274.2
19470006611000,471,233,238,14035.8
19470006612000,154,81,73,6606.6
19470006614000,20,10,10,908
19470006615000,2,1,1,0
19470006616000,5,2,3,229
19470006617000,6,3,3,279
19470006618000,106,58,48,3869
19470006619000,114,61,53,4799.4
19470006620000,97,47,50,3162.2
19470006621000,53,28,25,2178.3
19470006622000,155,77,78,5347.5
19470006623000,21,10,11,672
19470006624000,72,37,35,2800.8
19470006625000,463,236,227,16621.7
19470006626000,177,92,85,6743.7
19470006629000,222,108,114,6526.8
19470006646000,54,29,25,2246.4
19470006647000,97,56,41,2968.2
19470006650000,21,14,7,886.2
19470006651000,13,6,7,878.8
19470006653000,1,0,1,0
19470006654000,18,6,12,770.4
19470006655000,5,2,3,401
19470006656000,25,11,14,1180
19470006662000,18,10,8,486
19470006663000,10,8,2,238
19470006667000,96,47,49,2659.2
19470006668000,101,52,49,4252.1
19470006669000,189,107,82,6615
19470006670000,107,53,54,3852
19470006672000,20,12,8,756
19470006677000,6,2,4,213
19470006678000,17,8,9,610.3
19470006679000,7,5,2,310.8
19470006680000,24,12,12,837.6
19470006681000,40,21,19,1788
19470006691000,52,27,25,2745.6
19470006717000,40,24,16,1944
19470006721000,76,38,38,2910.8
19470006722000,284,144,140,10309.2
19470006723000,20,12,8,784
19470006727000,6,3,3,174
19470006728000,56,31,25,2212
19470006729000,67,35,32,2740.3
19470006730000,27,17,10,899.1
19470006732000,53,30,23,1505.2
19470006733000,130,61,69,4706
19470006743000,24,13,11,1144.8
19470006744000,21,11,10,903
19470006745000,4,1,3,0
19470006749000,275,139,136,8800
19470006750000,268,139,129,8951.2
19470006751000,174,83,91,8421.6
19470006752000,15,10,5,453
19470006753000,31,18,13,1137.7
19470006783000,21,13,8,1089.9
19470006784000,12,5,7,295.2
19470006785000,5,4,1,365
19470006807000,2,1,1,0
19470006808000,10,6,4,478
19470006815000,2,1,1,0
19470006818000,1,1,0,0
19470006826000,12,8,4,441.6
19470006840000,4,3,1,0
19480006602000,3,2,1,0
19480006603000,8,5,3,424
19480006604000,2,1,1,0
19480006605000,6,2,4,252
19480006606000,12,8,4,387.6
19480006609000,33,18,15,897.6
19480006610000,306,152,154,12362.4
19480006611000,1549,762,787,58397.3
19480006612000,1261,639,622,48800.7
19480006613000,170,80,90,7191
19480006614000,270,144,126,10854
19480006615000,214,114,100,5927.8
19480006616000,461,228,233,18670.5
19480006617000,139,71,68,5643.4
19480006618000,538,270,268,20228.8
19480006619000,827,402,425,30681.7
19480006620000,417,208,209,18765
19480006621000,203,105,98,8262.1
19480006622000,43,22,21,1887.7
19480006623000,618,302,316,23978.4
19480006624000,755,397,358,27104.5
19480006625000,161,87,74,6407.8
19480006626000,2170,1291,879,87451
19480006627000,1839,946,893,70065.9
19480006628000,1228,618,610,49242.8
19480006629000,464,225,239,15219.2
19480006632000,3,1,2,0
19480006633000,47,26,21,1645
19480006634000,30,16,14,1206
19480006646000,21,10,11,957.6
19480006647000,242,121,121,9510.6
19480006648000,133,62,71,6211.1
19480006651000,5,3,2,255
19480006652000,10,5,5,402
19480006656000,2,1,1,0
19480006658000,90,43,47,2916
19480006659000,31,16,15,1655.4
19480006665000,34,20,14,986
19480006666000,93,52,41,2976
19480006667000,60,31,29,2010
19480006668000,7,4,3,133.7
19480006669000,149,82,67,4514.7
19480006670000,94,46,48,3637.8
19480006672000,16,11,5,822.4
19480006673000,10,6,4,414
19480006676000,7,1,6,350
19480006677000,7,3,4,326.9
19480006680000,18,11,7,777.6
19480006691000,16,8,8,721.6
19480006692000,58,27,31,2325.8
19480006693000,19,10,9,845.5
19480006694000,32,16,16,1545.6
19480006706000,21,11,10,934.5
19480006711000,27,15,12,1115.1
19480006716000,67,30,37,2820.7
19480006717000,15,7,8,438
19480006721000,18,10,8,549
19480006727000,28,14,14,1190
19480006728000,39,23,16,1474.2
19480006730000,96,50,46,2860.8
19480006731000,165,85,80,5296.5
19480006732000,146,83,63,4905.6
19480006733000,110,54,56,3982
19480006734000,26,12,14,897
19480006736000,2,1,1,0
19480006738000,30,15,15,1197
19480006739000,12,6,6,351.6
19480006740000,146,78,68,4964
19480006741000,38,21,17,1333.8
19480006743000,4,2,2,0
19480006746000,149,73,76,5408.7
19480006747000,242,119,123,8349
19480006748000,319,163,156,11420.2
19480006749000,215,99,116,6751
19480006750000,1,0,1,0
19480006784000,17,8,9,732.7
19480006812000,6,3,3,201
19480006813000,27,14,13,1201.5
19480006814000,2,1,1,0
19480006816000,3,2,1,0
19480006819000,2,1,1,0
19480006820000,1,1,0,0
19480006838000,1,1,0,0
19480006839000,7,3,4,350.7
19490006605000,4,2,2,0
19490006606000,86,51,35,2674.6
19490006607000,67,34,33,2747
19490006608000,169,82,87,6269.9
19490006609000,302,149,153,11778
19490006610000,867,439,428,32079
19490006611000,1029,514,515,41674.5
19490006612000,791,404,387,29029.7
19490006613000,8,4,4,199.2
19490006614000,9,7,2,318.6
19490006616000,26,12,14,1154.4
19490006617000,4,2,2,0
19490006619000,150,74,76,4155
19490006621000,130,61,69,5395
19490006622000,134,67,67,5748.6
19490006623000,161,91,70,7148.4
19490006624000,1127,590,537,44178.4
19490006625000,1896,962,934,81907.2
19490006626000,3051,1627,1424,120209.4
19490006627000,2091,1033,1058,84058.2
19490006628000,1987,971,1016,75903.4
19490006629000,1760,877,883,59312
19490006630000,114,57,57,3727.8
19490006631000,47,26,21,1743.7
19490006632000,24,12,12,1012.8
19490006633000,38,19,19,988
19490006634000,41,22,19,1369.4
19490006635000,24,11,13,852
19490006636000,7,3,4,387.8
19490006638000,1,1,0,0
19490006646000,24,13,11,960
19490006647000,303,154,149,10544.4
19490006648000,117,54,63,4761.9
19490006649000,14,8,6,632.8
19490006659000,39,17,22,1665.3
19490006665000,115,56,59,4048
19490006666000,352,186,166,12953.6
19490006667000,68,32,36,2754
19490006668000,220,105,115,7392
19490006669000,402,202,200,14592.6
19490006670000,483,264,219,16905
19490006671000,66,32,34,1914
19490006674000,34,15,19,938.4
19490006675000,7,2,5,296.8
19490006676000,4,2,2,0
19490006692000,1,1,0,0
19490006697000,11,8,3,544.5
19490006699000,3,1,2,0
19490006700000,8,5,3,456
19490006706000,8,4,4,584.8
19490006707000,5,3,2,262
19490006711000,9,6,3,446.4
19490006712000,73,37,36,2832.4
19490006713000,75,39,36,2430
19490006714000,35,15,20,1449
19490006715000,107,54,53,3777.1
19490006716000,288,138,150,10108.8
19490006717000,8,3,5,476.8
19490006718000,49,27,22,2048.2
19490006720000,14,9,5,644
19490006724000,1,1,0,0
19490006728000,190,96,94,6213
19490006729000,327,160,167,11706.6
19490006730000,31,17,14,1057.1
19490006731000,121,60,61,3799.4
19490006732000,54,28,26,2084.4
19490006733000,46,27,19,1817
19490006734000,133,68,65,4641.7
19490006735000,103,50,53,3759.5
19490006736000,255,131,124,8899.5
19490006737000,68,41,27,1924.4
19490006738000,520,247,273,14196
19490006739000,213,117,96,8456.1
19490006740000,90,47,43,3375
19490006741000,242,120,122,8784.6
19490006742000,166,86,80,6308
19490006743000,261,122,139,8586.9
19490006744000,102,52,50,3478.2
19490006745000,277,140,137,9390.3
19490006746000,105,52,53,3160.5
19490006747000,1,1,0,0
19490006772000,59,28,31,2247.9
19490006773000,4,1,3,0
19490006776000,1,1,0,0
19490006780000,5,3,2,273
19490006781000,35,20,15,1872.5
19490006782000,34,19,15,1370.2
19490006793000,38,21,17,1793.6
19490006794000,37,18,19,1513.3
19490006795000,2,1,1,0
19490006796000,1,0,1,0
19490006797000,4,2,2,0
19490006798000,5,3,2,302
19490006800000,2,0,2,0
19490006801000,2,2,0,0
19490006808000,3,2,1,0
19490006840000,12,7,5,543.6
19500006586000,188,97,91,8403.6
19500006587000,5,3,2,146
19500006610000,2,1,1,0
19500006617000,11,6,5,379.5
19500006618000,68,36,32,2699.6
19500006619000,503,253,250,16649.3
19500006620000,760,379,381,26220
19500006621000,519,257,262,21694.2
19500006622000,1049,510,539,42169.8
19500006623000,1276,629,647,55506
19500006624000,2528,1213,1315,93536
19500006625000,1718,794,924,69407.2
19500006626000,1760,848,912,74448
19500006627000,1227,575,652,51779.4
19500006628000,1144,584,560,42328
19500006629000,1445,723,722,51297.5
19500006630000,15,6,9,277.5
19500006631000,22,13,9,754.6
19500006632000,52,30,22,2168.4
19500006633000,12,6,6,489.6
19500006634000,4,3,1,0
19500006635000,34,14,20,1210.4
19500006638000,39,24,15,1614.6
19500006641000,22,11,11,1111
19500006647000,4,2,2,0
19500006648000,4,2,2,0
19500006650000,2,1,1,0
19500006651000,26,16,10,998.4
19500006662000,22,13,9,745.8
19500006663000,6,4,2,250.8
19500006664000,11,6,5,203.5
19500006665000,16,9,7,788.8
19500006666000,70,37,33,2702
19500006667000,27,14,13,1144.8
19500006668000,43,24,19,1173.9
19500006669000,712,354,358,31114.4
19500006670000,275,142,133,9240
19500006671000,12,7,5,474
19500006677000,141,78,63,5597.7
19500006678000,35,15,20,1641.5
19500006692000,98,45,53,3773
19500006699000,14,6,8,616
19500006700000,25,15,10,935
19500006706000,40,23,17,1612
19500006707000,92,49,43,4103.2
19500006708000,2,1,1,0
19500006711000,15,8,7,849
19500006712000,5,1,4,247
19500006714000,33,15,18,1343.1
19500006715000,123,59,64,4415.7
19500006717000,32,15,17,1369.6
19500006718000,150,80,70,5025
19500006719000,25,13,12,872.5
19500006720000,190,96,94,4750
19500006723000,7,4,3,207.2
19500006724000,110,55,55,4345
19500006725000,66,32,34,2646.6
19500006726000,152,79,73,6186.4
19500006727000,68,31,37,2964.8
19500006728000,42,24,18,1772.4
19500006729000,375,192,183,11137.5
19500006736000,17,7,10,472.6
19500006737000,185,102,83,5124.5
19500006738000,404,178,226,16604.4
19500006740000,373,185,188,12159.8
19500006741000,18,8,10,721.8
19500006742000,3,1,2,0
19500006756000,57,28,29,1989.3
19500006757000,22,10,12,1071.4
19500006771000,6,4,2,193.2
19500006772000,21,12,9,825.3
19500006776000,2,1,1,0
19500006778000,65,33,32,2658.5
19500006779000,7,4,3,300.3
19500006781000,8,5,3,219.2
19500006782000,22,13,9,748
19500006783000,8,4,4,359.2
19500006793000,64,34,30,2233.6
19500006794000,156,69,87,7207.2
19500006795000,15,8,7,792
19500006797000,7,5,2,256.9
19500006803000,5,2,3,263
19500006840000,41,25,16,1426.8
19500006841000,13,8,5,876.2
19510006552000,1,1,0,0
19510006586000,233,119,114,8877.3
19510006587000,33,19,14,1244.1
19510006598000,5,2,3,87
19510006599000,15,8,7,514.5
19510006600000,1,1,0,0
19510006612000,4,3,1,0
19510006613000,17,10,7,571.2
19510006615000,11,6,5,636.9
19510006616000,9,6,3,419.4
19510006617000,26,13,13,910
19510006618000,12,7,5,573.6
19510006619000,898,435,463,28736
19510006620000,444,229,215,13053.6
19510006621000,69,38,31,2918.7
19510006622000,636,302,334,24040.8
19510006623000,917,454,463,34020.7
19510006624000,1524,791,733,55168.8
19510006625000,443,217,226,12891.3
19510006626000,925,457,468,24975
19510006628000,22,11,11,748
19510006630000,15,9,6,706.5
19510006631000,19,10,9,590.9
19510006632000,28,17,11,817.6
19510006633000,109,56,53,3815
19510006634000,54,28,26,1879.2
19510006635000,107,55,52,3745
19510006636000,19,9,10,908.2
19510006637000,18,11,7,583.2
19510006638000,41,21,20,1611.3
19510006639000,10,3,7,466
19510006640000,14,6,8,550.2
19510006641000,26,16,10,904.8
19510006642000,3,2,1,0
19510006660000,69,34,35,2911.8
19510006661000,20,10,10,936
19510006662000,61,29,32,2342.4
19510006663000,4,2,2,0
19510006664000,6,4,2,289.8
19510006665000,26,13,13,967.2
19510006666000,10,6,4,406
19510006669000,126,63,63,3855.6
19510006670000,51,30,21,1494.3
19510006671000,1,1,0,0
19510006680000,2,1,1,0
19510006682000,2,1,1,0
19510006692000,91,47,44,3130.4
19510006693000,72,42,30,2908.8
19510006695000,8,6,2,419.2
19510006707000,9,5,4,332.1
19510006712000,2,1,1,0
19510006713000,3,2,1,0
19510006715000,281,154,127,10003.6
19510006716000,154,77,77,5528.6
19510006717000,64,30,34,2630.4
19510006718000,66,34,32,2646.6
19510006719000,32,14,18,1718.4
19510006720000,80,42,38,3712
19510006721000,395,204,191,13825
19510006722000,166,78,88,3801.4
19510006723000,86,39,47,3268
19510006724000,2,1,1,0
19510006725000,36,19,17,1166.4
19510006726000,21,10,11,690.9
19510006727000,94,48,46,3299.4
19510006728000,28,15,13,926.8
19510006729000,140,73,67,5432
19510006734000,62,35,27,2622.6
19510006737000,158,79,79,5451
19510006738000,425,200,225,13302.5
19510006740000,65,34,31,2301
19510006741000,1,0,1,0
19510006752000,24,11,13,948
19510006753000,6,4,2,205.2
19510006754000,79,42,37,3562.9
19510006755000,154,84,70,6252.4
19510006756000,21,11,10,1503.6
19510006760000,19,8,11,957.6
19510006769000,17,7,10,598.4
19510006770000,98,53,45,3978.8
19510006771000,285,135,150,10146
19510006772000,43,24,19,2154.3
19510006773000,49,22,27,2489.2
19510006774000,59,30,29,2578.3
19510006775000,9,5,4,531
19510006776000,2,1,1,0
19510006777000,33,19,14,1527.9
19510006778000,118,65,53,5239.2
19510006779000,180,83,97,5958
19510006781000,4,3,1,0
19510006790000,2,1,1,0
19510006813000,11,7,4,547.8
19510006818000,1,1,0,0
19510006821000,8,4,4,356.8
19510006839000,9,5,4,381.6
19510006840000,85,39,46,2839
19510006841000,15,8,7,699
19520006546000,51,24,27,2193
19520006547000,38,19,19,1318.6
19520006548000,37,18,19,1446.7
19520006549000,5,3,2,179
19520006550000,3,1,2,0
19520006551000,5,4,1,116
19520006552000,10,7,3,597
19520006553000,21,11,10,613.2
19520006586000,51,27,24,2070.6
19520006587000,15,8,7,874.5
19520006598000,6,2,4,231
19520006599000,6,2,4,217.8
19520006600000,7,2,5,375.2
19520006602000,2,1,1,0
19520006603000,3,2,1,0
19520006610000,2,1,1,0
19520006611000,25,12,13,1040
19520006612000,15,7,8,712.5
19520006613000,6,2,4,295.8
19520006614000,9,5,4,325.8
19520006615000,58,28,30,2789.8
19520006616000,147,78,69,5982.9
19520006617000,46,27,19,1697.4
19520006619000,23,10,13,1005.1
19520006621000,1,1,0,0
19520006622000,200,100,100,6380
19520006623000,157,78,79,6217.2
19520006624000,286,144,142,9037.6
19520006625000,637,331,306,16116.1
19520006626000,38,20,18,1554.2
19520006632000,3,2,1,0
19520006633000,44,23,21,1619.2
19520006634000,181,88,93,4072.5
19520006635000,58,33,25,1861.8
19520006642000,37,19,18,1443
19520006643000,20,10,10,798
19520006644000,3,1,2,0
19520006658000,1,1,0,0
19520006660000,20,10,10,862
19520006661000,14,6,8,609
19520006662000,180,88,92,5490
19520006663000,195,102,93,7741.5
19520006665000,40,20,20,1264
19520006666000,16,7,9,548.8
19520006669000,35,17,18,1519
19520006674000,8,5,3,411.2
19520006675000,20,11,9,770
19520006692000,34,15,19,1645.6
19520006693000,75,39,36,3142.5
19520006712000,100,47,53,3280
19520006713000,248,139,109,8853.6
19520006714000,148,86,62,3818.4
19520006715000,7,4,3,259
19520006721000,2,1,1,0
19520006722000,229,103,126,9526.4
19520006723000,129,67,62,4231.2
19520006724000,65,35,30,2483
19520006725000,4,2,2,0
19520006727000,2,1,1,0
19520006729000,115,57,58,4324
19520006731000,17,8,9,773.5
19520006732000,72,36,36,2383.2
19520006733000,2,1,1,0
19520006734000,54,27,27,1506.6
19520006735000,87,43,44,3462.6
19520006736000,415,210,205,13114
19520006737000,24,12,12,564
19520006751000,27,15,12,936.9
19520006752000,196,96,100,6801.2
19520006759000,15,8,7,466.5
19520006760000,17,8,9,817.7
19520006764000,29,12,17,1220.9
19520006765000,24,12,12,859.2
19520006767000,5,4,1,105
19520006768000,100,51,49,3810
19520006769000,31,19,12,1391.9
19520006770000,42,21,21,1428
19520006771000,60,35,25,1926
19520006772000,26,13,13,1216.8
19520006777000,17,9,8,695.3
19520006778000,70,37,33,2842
19520006779000,32,15,17,838.4
19520006780000,365,187,178,13286
19520006781000,20,11,9,980
19520006782000,26,14,12,1084.2
19520006783000,71,34,37,3216.3
19520006784000,11,6,5,414.7
19520006789000,5,3,2,305
19520006812000,24,8,16,775.2
19520006813000,20,12,8,908
19530006539000,2,1,1,0
19530006540000,21,13,8,653.1
19530006541000,22,10,12,840.4
19530006542000,25,12,13,1062.5
19530006543000,147,102,45,5688.9
19530006544000,33,18,15,1181.4
19530006545000,37,19,18,1694.6
19530006546000,12,7,5,501.6
19530006547000,40,23,17,1740
19530006548000,46,20,26,1674.4
19530006549000,11,7,4,315.7
19530006553000,29,15,14,1191.9
19530006599000,7,3,4,132.3
19530006600000,3,1,2,0
19530006601000,18,11,7,779.4
19530006602000,7,5,2,221.9
19530006603000,10,6,4,479
19530006613000,2,1,1,0
19530006614000,17,10,7,732.7
19530006615000,23,10,13,611.8
19530006616000,23,13,10,1055.7
19530006617000,37,21,16,1679.8
19530006618000,27,13,14,1009.8
19530006619000,62,36,26,2368.4
19530006620000,87,48,39,3540.9
19530006621000,77,38,39,2956.8
19530006622000,47,26,21,1804.8
19530006623000,19,12,7,676.4
19530006624000,85,44,41,2550
19530006625000,39,20,19,1524.9
19530006626000,9,3,6,222.3
19530006631000,5,3,2,239
19530006632000,21,14,7,842.1
19530006634000,15,6,9,684
19530006635000,24,12,12,931.2
19530006636000,55,27,28,2178
19530006637000,18,9,9,486
19530006642000,19,9,10,668.8
19530006644000,2,1,1,0
19530006645000,26,13,13,899.6
19530006657000,1,1,0,0
19530006658000,11,7,4,412.5
19530006663000,4,2,2,0
19530006664000,2,1,1,0
19530006665000,43,22,21,1380.3
19530006666000,21,12,9,730.8
19530006669000,153,88,65,5247.9
19530006670000,9,5,4,313.2
19530006672000,2,1,1,0
19530006673000,2,1,1,0
19530006674000,11,7,4,322.3
19530006675000,32,18,14,1593.6
19530006683000,1,1,0,0
19530006689000,6,3,3,303
19530006690000,13,5,8,874.9
19530006693000,38,22,16,1732.8
19530006703000,9,4,5,384.3
19530006704000,65,30,35,2346.5
19530006705000,101,53,48,4454.1
19530006706000,4,1,3,0
19530006707000,1,1,0,0
19530006712000,12,7,5,282
19530006713000,87,43,44,2575.2
19530006719000,14,9,5,511
19530006720000,43,23,20,1780.2
19530006721000,114,59,55,4206.6
19530006722000,34,20,14,1067.6
19530006723000,189,91,98,6199.2
19530006724000,106,49,57,4017.4
19530006725000,28,14,14,1377.6
19530006726000,2,1,1,0
19530006727000,11,5,6,535.7
19530006728000,38,17,21,1546.6
19530006729000,336,169,167,11188.8
19530006730000,87,41,46,2592.6
19530006732000,249,130,119,7768.8
19530006733000,221,104,117,7425.6
19530006734000,306,155,151,8843.4
19530006735000,380,199,181,12768
19530006736000,194,96,98,5955.8
19530006741000,122,65,57,5038.6
19530006750000,97,50,47,3695.7
19530006751000,8,5,3,332
19530006752000,90,46,44,3204
19530006753000,15,9,6,649.5
19530006754000,3,1,2,0
19530006759000,60,31,29,2424
19530006760000,41,17,24,1525.2
19530006764000,2,1,1,0
19530006766000,97,48,49,3336.8
19530006767000,45,23,22,2043
19530006768000,6,3,3,351
19530006770000,24,13,11,842.4
19530006777000,10,5,5,341
19530006778000,65,32,33,2502.5
19530006779000,57,27,30,2570.7
19530006780000,135,55,80,7357.5
19530006781000,150,79,71,5730
19530006782000,36,18,18,1378.8
19530006783000,36,23,13,1519.2
19530006795000,2,1,1,0
19530006796000,9,5,4,356.4
19530006813000,198,111,87,7722
19530006814000,56,26,30,2010.4
19530006815000,11,6,5,380.6
19530006817000,6,2,4,169.2
19530006821000,4,2,2,0
19530006822000,7,4,3,277.9
19530006826000,5,4,1,296
19530006827000,4,2,2,0
19530006840000,4,3,1,0
19540006538000,10,6,4,305
19540006539000,28,13,15,1030.4
19540006540000,32,17,15,1046.4
19540006541000,66,39,27,2402.4
19540006542000,40,22,18,1428
19540006543000,34,21,13,1098.2
19540006544000,12,7,5,446.4
19540006545000,45,24,21,1651.5
19540006546000,91,54,37,3630.9
19540006547000,114,59,55,4275
19540006548000,61,35,26,2586.4
19540006549000,29,15,14,1099.1
19540006550000,2,1,1,0
19540006553000,14,7,7,582.4
19540006554000,8,3,5,400.8
19540006569000,2,1,1,0
19540006598000,6,4,2,217.2
19540006599000,1,0,1,0
19540006601000,17,10,7,785.4
19540006602000,2,2,0,0
19540006611000,2,1,1,0
19540006612000,2,1,1,0
19540006613000,12,7,5,368.4
19540006614000,11,6,5,359.7
19540006615000,4,3,1,0
19540006619000,11,6,5,402.6
19540006620000,149,77,72,4425.3
19540006621000,6,2,4,234
19540006622000,95,48,47,3781
19540006623000,565,288,277,17910.5
19540006624000,500,251,249,15750
19540006625000,273,147,126,10455.9
19540006626000,74,35,39,2397.6
19540006635000,3,2,1,0
19540006636000,8,5,3,308.8
19540006637000,1,0,1,0
19540006638000,35,18,17,1445.5
19540006639000,204,110,94,6936
19540006640000,120,65,55,4128
19540006642000,16,11,5,596.8
19540006646000,68,36,32,2373.2
19540006661000,13,8,5,430.3
19540006663000,35,19,16,1316
19540006665000,24,14,10,787.2
19540006668000,98,51,47,3361.4
19540006669000,91,42,49,2411.5
19540006670000,44,20,24,1298
19540006671000,430,223,207,13846
19540006672000,8,3,5,387.2
19540006673000,12,5,7,410.4
19540006674000,43,22,21,1694.2
19540006689000,32,19,13,1414.4
19540006690000,29,16,13,841
19540006691000,11,5,6,436.7
19540006692000,181,83,98,7348.6
19540006693000,225,113,112,8100
19540006697000,7,3,4,415.1
19540006699000,10,7,3,630
19540006703000,113,60,53,3887.2
19540006704000,92,52,40,3128
19540006705000,57,28,29,1425
19540006707000,10,6,4,388
19540006712000,78,40,38,2542.8
19540006713000,173,92,81,6954.6
19540006714000,10,5,5,379
19540006715000,19,9,10,666.9
19540006716000,34,17,17,1689.8
19540006717000,4,1,3,0
19540006720000,25,15,10,850
19540006721000,180,96,84,6552
19540006722000,35,17,18,1050
19540006723000,212,104,108,7229.2
19540006724000,19,10,9,604.2
19540006730000,10,5,5,288
19540006731000,403,192,211,13419.9
19540006732000,342,172,170,12517.2
19540006736000,5,5,0,292
19540006741000,77,43,34,3380.3
19540006748000,28,15,13,1114.4
19540006749000,89,43,46,3390.9
19540006750000,42,22,20,1835.4
19540006751000,137,67,70,4247
19540006752000,49,25,24,1994.3
19540006754000,22,10,12,855.8
19540006755000,124,65,59,4278
19540006759000,8,6,2,215.2
19540006760000,1,1,0,0
19540006764000,2,0,2,0
19540006766000,55,29,26,2387
19540006767000,7,4,3,443.8
19540006768000,50,25,25,1785
19540006769000,7,4,3,322
19540006771000,15,9,6,802.5
19540006772000,92,50,42,4241.2
19540006773000,23,14,9,949.9
19540006774000,12,7,5,636
19540006776000,27,15,12,1152.9
19540006777000,3,2,1,0
19540006778000,104,52,52,4087.2
19540006780000,8,5,3,319.2
19540006781000,25,11,14,1157.5
19540006782000,18,10,8,725.4
19540006795000,40,19,21,1636
19540006796000,6,3,3,355.8
19540006813000,15,8,7,730.5
19540006814000,2,1,1,0
19540006820000,2,1,1,0
19540006821000,6,2,4,331.8
19540006828000,2,1,1,0
19550006534000,3,1,2,0
19550006535000,28,11,17,725.2
19550006536000,10,6,4,382
19550006537000,16,8,8,441.6
19550006538000,36,20,16,1234.8
19550006539000,31,16,15,1109.8
19550006540000,62,37,25,1804.2
19550006541000,54,28,26,1949.4
19550006542000,178,91,87,6141
19550006543000,139,73,66,4587
19550006544000,59,27,32,2065
19550006545000,45,26,19,1611
19550006546000,96,50,46,3580.8
19550006547000,374,207,167,11893.2
19550006548000,43,22,21,1728.6
19550006549000,15,10,5,312
19550006550000,65,31,34,2424.5
19550006551000,7,5,2,450.1
19550006552000,35,19,16,1106
19550006554000,44,24,20,1267.2
19550006556000,30,16,14,1047
19550006557000,41,20,21,1558
19550006558000,13,8,5,578.5
19550006559000,16,8,8,640
19550006569000,6,3,3,330
19550006598000,5,2,3,349
19550006599000,13,7,6,601.9
19550006600000,3,2,1,0
19550006601000,5,2,3,243
19550006602000,11,7,4,551.1
19550006603000,39,19,20,1357.2
19550006604000,170,74,96,6936
19550006605000,65,31,34,2249
19550006611000,14,7,7,331.8
19550006612000,51,25,26,2182.8
19550006619000,21,11,10,831.6
19550006620000,35,20,15,1673
19550006621000,49,26,23,1675.8
19550006622000,24,9,15,813.6
19550006623000,17,8,9,656.2
19550006624000,4,2,2,0
19550006625000,211,107,104,6963
19550006626000,860,434,426,31132
19550006627000,226,114,112,8836.6
19550006628000,48,29,19,1780.8
19550006629000,11,6,5,333.3
19550006630000,1,1,0,0
19550006631000,3,2,1,0
19550006635000,16,7,9,508.8
19550006636000,16,6,10,804.8
19550006637000,18,10,8,745.2
19550006638000,7,4,3,135.8
19550006639000,143,67,76,4862
19550006640000,335,151,184,15041.5
19550006641000,37,19,18,1317.2
19550006642000,29,13,16,896.1
19550006643000,16,9,7,412.8
19550006644000,6,3,3,427.2
19550006645000,14,8,6,704.2
19550006646000,28,14,14,1204
19550006647000,5,2,3,137
19550006648000,11,6,5,411.4
19550006649000,14,9,5,568.4
19550006661000,28,14,14,988.4
19550006668000,79,43,36,2520.1
19550006669000,6,3,3,132
19550006670000,522,265,257,20671.2
19550006671000,208,111,97,7654.4
19550006690000,6,2,4,232.2
19550006691000,8,5,3,328
19550006692000,71,38,33,2449.5
19550006693000,55,25,30,1650
19550006694000,8,5,3,252
19550006695000,14,8,6,309.4
19550006696000,194,110,84,7139.2
19550006697000,38,22,16,1098.2
19550006699000,16,9,7,612.8
19550006700000,20,12,8,672
19550006703000,106,56,50,3339
19550006704000,12,5,7,310.8
19550006713000,19,12,7,870.2
19550006714000,114,60,54,4240.8
19550006715000,132,70,62,4778.4
19550006716000,271,150,121,11002.6
19550006717000,354,175,179,14018.4
19550006718000,29,20,9,1003.4
19550006724000,15,7,8,402
19550006725000,138,70,68,4843.8
19550006726000,165,90,75,5214
19550006729000,111,62,49,4295.7
19550006730000,202,110,92,7898.2
19550006731000,453,229,224,15764.4
19550006732000,13,8,5,552.5
19550006733000,34,20,14,1220.6
19550006734000,331,156,175,11452.6
19550006741000,108,55,53,4309.2
19550006742000,165,80,85,5676
19550006744000,133,67,66,4921
19550006748000,100,47,53,4260
19550006750000,28,17,11,1198.4
19550006751000,64,35,29,3001.6
19550006752000,11,6,5,284.9
19550006753000,20,10,10,666
19550006754000,135,65,70,4860
19550006755000,129,69,60,5198.7
19550006756000,78,40,38,2792.4
19550006759000,10,5,5,348
19550006760000,12,8,4,598.8
19550006763000,87,45,42,3306
19550006764000,20,11,9,528
19550006765000,37,16,21,1468.9
19550006766000,21,11,10,745.5
19550006767000,56,27,29,2284.8
19550006768000,19,9,10,818.9
19550006769000,5,3,2,158
19550006771000,76,36,40,2865.2
19550006776000,18,13,5,817.2
19550006777000,8,4,4,264.8
19550006779000,31,20,11,1007.5
19550006780000,22,12,10,959.2
19550006781000,9,5,4,399.6
19550006782000,86,42,44,3483
19550006783000,8,5,3,316
19550006814000,11,5,6,405.9
19550006827000,6,3,3,325.8
19550006828000,9,4,5,381.6
19560006532000,4,3,1,0
19560006533000,15,6,9,475.5
19560006534000,45,23,22,1507.5
19560006535000,63,34,29,2425.5
19560006536000,28,15,13,938
19560006537000,15,8,7,433.5
19560006538000,16,8,8,433.6
19560006539000,7,2,5,172.2
19560006540000,107,63,44,3712.9
19560006541000,27,13,14,880.2
19560006542000,46,21,25,1665.2
19560006543000,11,6,5,500.5
19560006544000,79,40,39,3112.6
19560006545000,73,35,38,2752.1
19560006546000,40,24,16,1128
19560006547000,62,33,29,2151.4
19560006548000,70,39,31,2632
19560006549000,27,14,13,1123.2
19560006550000,27,14,13,966.6
19560006551000,44,22,22,1751.2
19560006552000,51,24,27,1841.1
19560006553000,32,16,16,1244.8
19560006554000,68,39,29,2890
19560006555000,29,17,12,1107.8
19560006556000,39,21,18,1454.7
19560006557000,45,21,24,2146.5
19560006558000,82,42,40,3034
19560006559000,13,6,7,522.6
19560006560000,21,12,9,800.1
19560006561000,45,27,18,1620
19560006562000,42,21,21,1583.4
19560006563000,13,7,6,453.7
19560006601000,2,1,1,0
19560006602000,71,42,29,2080.3
19560006603000,148,76,72,6674.8
19560006604000,25,16,9,772.5
19560006605000,40,27,13,1372
19560006606000,3,2,1,0
19560006611000,22,11,11,633.6
19560006612000,47,25,22,1908.2
19560006616000,20,11,9,834
19560006621000,44,24,20,1425.6
19560006622000,34,22,12,1329.4
19560006623000,12,7,5,452.4
19560006624000,8,5,3,300.8
19560006625000,707,363,344,21634.2
19560006626000,866,422,444,25893.4
19560006627000,67,36,31,2559.4
19560006628000,18,7,11,838.8
19560006629000,71,43,28,2520.5
19560006630000,5,3,2,117
19560006633000,1,1,0,0
19560006634000,4,2,2,0
19560006635000,6,3,3,283.8
19560006639000,25,16,9,885
19560006640000,393,196,197,11868.6
19560006641000,64,34,30,1625.6
19560006643000,5,2,3,279
19560006644000,1,1,0,0
19560006645000,6,4,2,199.8
19560006648000,4,2,2,0
19560006649000,41,18,23,1455.5
19560006662000,55,24,31,2211
19560006668000,80,42,38,2520
19560006669000,8,5,3,299.2
19560006675000,5,3,2,316
19560006676000,1,1,0,0
19560006682000,2,1,1,0
19560006692000,17,10,7,697
19560006693000,31,15,16,1382.6
19560006695000,33,17,16,1194.6
19560006696000,14,9,5,449.4
19560006697000,20,11,9,1044
19560006699000,5,3,2,206
19560006700000,56,28,28,1702.4
19560006701000,5,2,3,343
19560006703000,6,3,3,121.2
19560006704000,3,1,2,0
19560006705000,15,6,9,514.5
19560006716000,44,20,24,1746.8
19560006717000,2,1,1,0
19560006718000,4,3,1,0
19560006726000,99,50,49,3504.6
19560006727000,130,64,66,4147
19560006728000,131,74,57,5109
19560006729000,47,25,22,1677.9
19560006730000,22,11,11,660
19560006731000,693,360,333,24948
19560006732000,839,383,456,35741.4
19560006733000,1259,600,659,43183.7
19560006734000,611,331,280,20651.8
19560006735000,153,77,76,4972.5
19560006736000,89,45,44,2901.4
19560006742000,257,130,127,9431.9
19560006743000,185,93,92,6105
19560006744000,280,147,133,8624
19560006747000,44,20,24,1394.8
19560006748000,356,178,178,12958.4
19560006749000,207,102,105,6768.9
19560006750000,7,5,2,371
19560006752000,71,34,37,1597.5
19560006753000,11,6,5,506
19560006754000,81,41,40,3086.1
19560006755000,147,74,73,4674.6
19560006756000,23,11,12,855.6
19560006759000,24,15,9,892.8
19560006760000,5,3,2,143
19560006762000,5,2,3,321
19560006763000,342,161,181,16997.4
19560006764000,303,151,152,9271.8
19560006765000,4,1,3,0
19560006766000,52,24,28,2256.8
19560006767000,86,39,47,2709
19560006768000,6,3,3,301.2
19560006769000,1,0,1,0
19560006770000,37,21,16,1572.5
19560006771000,25,12,13,707.5
19560006776000,21,12,9,651
19560006777000,11,6,5,555.5
19560006778000,32,16,16,1379.2
19560006779000,2,1,1,0
19560006780000,3,2,1,0
19560006781000,28,14,14,859.6
19560006782000,263,135,128,10178.1
19560006783000,56,26,30,2329.6
19560006793000,12,3,9,291.6
19560006812000,1,0,1,0
19560006815000,4,2,2,0
19560006817000,3,1,2,0
19560006821000,8,6,2,336
19560006824000,3,1,2,0
19560006828000,7,4,3,392.7
19570006528000,40,21,19,1444
19570006529000,1,1,0,0
19570006530000,3,2,1,0
19570006531000,50,25,25,1790
19570006532000,23,12,11,708.4
19570006533000,34,21,13,1336.2
19570006534000,85,46,39,2771
19570006535000,1180,608,572,38468
19570006536000,89,41,48,3212.9
19570006537000,26,11,15,1040
19570006539000,26,16,10,1198.6
19570006540000,595,275,320,27429.5
19570006541000,275,137,138,9322.5
19570006542000,31,12,19,1119.1
19570006543000,22,14,8,682
19570006544000,25,14,11,1022.5
19570006545000,28,17,11,1131.2
19570006546000,64,37,27,2444.8
19570006547000,41,25,16,1701.5
19570006548000,50,29,21,2000
19570006549000,87,48,39,2897.1
19570006550000,32,14,18,1452.8
19570006551000,16,9,7,734.4
19570006552000,47,24,23,1983.4
19570006553000,23,14,9,814.2
19570006554000,398,208,190,14328
19570006555000,29,16,13,983.1
19570006556000,50,24,26,2285
19570006557000,45,22,23,1741.5
19570006558000,119,63,56,4760
19570006559000,73,44,29,2576.9
19570006560000,90,48,42,2997
19570006561000,864,438,426,22723.2
19570006562000,191,93,98,4813.2
19570006563000,130,67,63,4888
19570006564000,4,3,1,0
19570006602000,2,1,1,0
19570006603000,61,32,29,1994.7
19570006605000,4,1,3,0
19570006606000,8,5,3,390.4
19570006607000,8,2,6,272.8
19570006611000,19,12,7,893
19570006612000,32,15,17,1011.2
19570006613000,11,4,7,511.5
19570006614000,124,64,60,3434.8
19570006615000,3,2,1,0
19570006616000,15,5,10,505.5
19570006617000,18,8,10,835.2
19570006623000,6,4,2,397.2
19570006625000,434,225,209,12108.6
19570006626000,84,43,41,3124.8
19570006627000,20,11,9,690
19570006634000,20,9,11,890
19570006638000,1,1,0,0
19570006640000,29,14,15,1006.3
19570006641000,8,4,4,383.2
19570006644000,12,7,5,290.4
19570006645000,18,9,9,739.8
19570006646000,2,1,1,0
19570006647000,3,2,1,0
19570006648000,12,7,5,340.8
19570006649000,25,12,13,845
19570006650000,1,1,0,0
19570006656000,111,54,57,3807.3
19570006657000,72,32,40,2476.8
19570006659000,167,87,80,4993.3
19570006660000,38,17,21,1151.4
19570006661000,156,73,83,4836
19570006662000,27,13,14,1533.6
19570006663000,37,20,17,1206.2
19570006664000,20,11,9,846
19570006665000,41,24,17,1861.4
19570006666000,8,3,5,414.4
19570006667000,91,53,38,2902.9
19570006668000,252,130,122,9550.8
19570006675000,22,14,8,820.6
19570006676000,22,11,11,831.6
19570006682000,6,2,4,211.2
19570006691000,30,17,13,1137
19570006692000,116,59,57,4315.2
19570006693000,4,2,2,0
19570006700000,7,5,2,328.3
19570006701000,97,48,49,3171.9
19570006702000,437,207,230,15863.1
19570006703000,236,128,108,8000.4
19570006704000,22,11,11,675.4
19570006717000,6,3,3,259.8
19570006718000,17,9,8,1009.8
19570006724000,7,4,3,284.2
19570006725000,141,68,73,4582.5
19570006727000,58,22,36,1798
19570006728000,2,1,1,0
19570006729000,40,23,17,1904
19570006730000,199,101,98,7104.3
19570006731000,633,322,311,22598.1
19570006732000,838,422,416,26732.2
19570006733000,8,4,4,254.4
19570006735000,56,30,26,1943.2
19570006736000,14,8,6,452.2
19570006741000,6,4,2,295.8
19570006742000,126,63,63,4636.8
19570006743000,139,74,65,3933.7
19570006744000,222,119,103,7592.4
19570006745000,2,1,1,0
19570006747000,7,4,3,272.3
19570006748000,51,25,26,2091
19570006749000,176,91,85,5068.8
19570006750000,46,21,25,1812.4
19570006752000,35,20,15,1309
19570006753000,43,16,27,1535.1
19570006754000,9,4,5,333
19570006755000,28,14,14,896
19570006756000,8,5,3,403.2
19570006759000,35,16,19,1393
19570006760000,2,1,1,0
19570006762000,28,19,9,890.4
19570006763000,196,92,104,8388.8
19570006764000,120,60,60,4656
19570006766000,6,3,3,276
19570006768000,26,14,12,1040
19570006769000,93,48,45,3887.4
19570006770000,18,9,9,630
19570006771000,70,44,26,2814
19570006772000,1,1,0,0
19570006778000,8,2,6,239.2
19570006779000,20,10,10,702
19570006780000,66,36,30,2593.8
19570006781000,56,26,30,2368.8
19570006782000,134,102,32,4703.4
19570006783000,46,22,24,2152.8
19570006787000,4,3,1,0
19570006791000,21,10,11,802.2
19570006792000,49,23,26,2053.1
19570006793000,3,2,1,0
19570006795000,1,1,0,0
19570006798000,2,1,1,0
19570006802000,4,2,2,0
19570006811000,4,3,1,0
19570006815000,33,14,19,1326.6
19570006816000,10,4,6,423
19570006817000,1,1,0,0
19570006818000,9,5,4,495.9
19570006819000,4,2,2,0
19570006820000,1,1,0,0
19570006822000,1,1,0,0
19570006823000,2,1,1,0
19570006824000,3,2,1,0
19570006868000,4,2,2,0
19580006526000,5,3,2,287
19580006527000,14,7,7,554.4
19580006528000,13,8,5,478.4
19580006529000,54,26,28,1954.8
19580006530000,52,26,26,1726.4
19580006531000,36,15,21,1350
19580006532000,24,14,10,993.6
19580006533000,65,34,31,2281.5
19580006534000,328,182,146,11480
19580006535000,1249,625,624,45088.9
19580006536000,40,24,16,1368
19580006537000,30,18,12,1134
19580006538000,21,14,7,644.7
19580006539000,1429,720,709,40869.4
19580006540000,2617,1285,1332,96043.9
19580006541000,499,269,230,18512.9
19580006542000,32,16,16,1337.6
19580006543000,56,34,22,2038.4
19580006544000,24,14,10,638.4
19580006545000,27,13,14,1044.9
19580006546000,23,11,12,752.1
19580006547000,129,69,60,5276.1
19580006548000,457,237,220,14715.4
19580006549000,336,180,156,11860.8
19580006550000,35,20,15,1750
19580006551000,93,45,48,3338.7
19580006552000,479,232,247,16525.5
19580006553000,985,492,493,26792
19580006554000,1797,899,898,61098
19580006555000,59,25,34,1947
19580006556000,147,79,68,4909.8
19580006557000,31,18,13,1112.9
19580006558000,10,4,6,578
19580006559000,79,35,44,2765
19580006560000,866,430,436,27365.6
19580006561000,108,55,53,3553.2
19580006562000,78,38,40,3346.2
19580006563000,61,30,31,2299.7
19580006564000,7,4,3,373.8
19580006566000,7,4,3,301.7
19580006567000,53,26,27,1865.6
19580006568000,34,15,19,952
19580006570000,114,60,54,4696.8
19580006571000,1217,607,610,46489.4
19580006572000,12,5,7,547.2
19580006602000,9,7,2,331.2
19580006603000,28,15,13,1198.4
19580006609000,10,6,4,392
19580006610000,157,80,77,5542.1
19580006611000,49,31,18,2121.7
19580006612000,18,10,8,520.2
19580006613000,171,93,78,5095.8
19580006614000,9,4,5,262.8
19580006617000,10,5,5,448
19580006619000,11,5,6,453.2
19580006620000,3,1,2,0
19580006624000,4,1,3,0
19580006626000,217,103,114,12933.2
19580006635000,4,2,2,0
19580006637000,9,6,3,324
19580006638000,14,8,6,666.4
19580006639000,3,1,2,0
19580006640000,73,39,34,2547.7
19580006641000,26,15,11,930.8
19580006642000,5,3,2,218
19580006646000,9,3,6,226.8
19580006649000,29,17,12,1380.4
19580006650000,99,55,44,3940.2
19580006651000,14,9,5,631.4
19580006656000,370,188,182,12580
19580006657000,313,157,156,12801.7
19580006658000,65,42,23,2197
19580006659000,55,31,24,2024
19580006660000,22,11,11,611.6
19580006661000,7,3,4,296.1
19580006663000,1,1,0,0
19580006670000,16,9,7,473.6
19580006671000,25,13,12,905
19580006672000,8,5,3,238.4
19580006674000,9,6,3,302.4
19580006675000,111,62,49,3785.1
19580006676000,13,7,6,383.5
19580006677000,1,1,0,0
19580006678000,18,7,11,617.4
19580006679000,11,5,6,599.5
19580006680000,48,24,24,1646.4
19580006681000,465,255,210,15112.5
19580006682000,53,26,27,1870.9
19580006684000,3,2,1,0
19580006691000,12,9,3,562.8
19580006692000,35,19,16,1729
19580006693000,9,4,5,219.6
19580006696000,11,5,6,343.2
19580006697000,11,4,7,446.6
19580006698000,52,29,23,2438.8
19580006699000,8,3,5,230.4
19580006700000,211,114,97,7174
19580006701000,428,219,209,14851.6
19580006702000,47,21,26,1457
19580006703000,58,31,27,1711
19580006704000,6,4,2,109.2
19580006725000,60,26,34,1608
19580006726000,66,34,32,2059.2
19580006727000,120,60,60,4296
19580006728000,199,91,108,6368
19580006729000,7,5,2,357
19580006730000,272,148,124,9003.2
19580006731000,283,134,149,10159.7
19580006732000,641,318,323,21858.1
19580006733000,222,129,93,8147.4
19580006734000,1142,595,547,41797.2
19580006735000,472,230,242,15717.6
19580006737000,124,66,58,4402
19580006738000,296,152,144,11721.6
19580006739000,449,232,217,15759.9
19580006741000,216,114,102,5659.2
19580006742000,861,421,440,24969
19580006743000,418,216,202,10659
19580006744000,81,40,41,3296.7
19580006747000,2,1,1,0
19580006750000,12,6,6,561.6
19580006752000,115,57,58,3979
19580006754000,6,2,4,244.2
19580006760000,12,7,5,495.6
19580006761000,20,12,8,982
19580006762000,67,36,31,2720.2
19580006763000,29,15,14,1658.8
19580006764000,22,11,11,1271.6
19580006765000,25,12,13,995
19580006766000,25,15,10,1012.5
19580006767000,19,10,9,592.8
19580006768000,83,40,43,3411.3
19580006769000,29,17,12,957
19580006770000,1,1,0,0
19580006778000,13,8,5,695.5
19580006779000,8,4,4,191.2
19580006780000,22,11,11,981.2
19580006781000,71,51,20,2371.4
19580006783000,85,85,0,2907
19580006787000,24,12,12,1056
19580006794000,3,2,1,0
19580006796000,5,2,3,120
19580006797000,4,1,3,0
19580006798000,2,1,1,0
19580006804000,5,2,3,282
19580006805000,11,7,4,388.3
19580006818000,6,3,3,237
19580006820000,3,0,3,0
19580006823000,1,0,1,0
19580006824000,13,6,7,694.2
19580006828000,22,10,12,756.8
19580006867000,3,1,2,0
19580006868000,12,8,4,541.2
19590006526000,18,9,9,743.4
19590006527000,19,11,8,737.2
19590006528000,25,19,6,1020
19590006529000,1604,793,811,55498.4
19590006530000,97,44,53,3792.7
19590006531000,21,11,10,718.2
19590006532000,1,1,0,0
19590006533000,18,10,8,822.6
19590006534000,43,24,19,1793.1
19590006535000,45,25,20,1413
19590006536000,28,15,13,1038.8
19590006537000,25,12,13,755
19590006538000,16,6,10,620.8
19590006539000,829,419,410,22548.8
19590006540000,120,64,56,3696
19590006541000,41,23,18,1566.2
19590006542000,7,3,4,168
19590006543000,20,10,10,950
19590006544000,87,48,39,2966.7
19590006545000,84,42,42,2142
19590006546000,68,37,31,2325.6
19590006547000,1792,885,907,70963.2
19590006548000,2146,1080,1066,83479.4
19590006549000,1151,572,579,34299.8
19590006550000,54,30,24,1938.6
19590006551000,11,7,4,506
19590006552000,2595,1305,1290,99907.5
19590006553000,962,504,458,34054.8
19590006554000,401,209,192,9904.7
19590006555000,32,16,16,1395.2
19590006556000,62,34,28,1810.4
19590006557000,41,20,21,1496.5
19590006558000,29,15,14,1194.8
19590006559000,9,4,5,537.3
19590006560000,85,46,39,3272.5
19590006561000,121,62,59,4658.5
19590006562000,136,64,72,4420
19590006563000,36,20,16,1443.6
19590006564000,20,15,5,794
19590006565000,95,46,49,3353.5
19590006566000,83,42,41,2979.7
19590006567000,131,66,65,4519.5
19590006568000,93,54,39,3227.1
19590006570000,407,201,206,14489.2
19590006571000,2947,1495,1452,103145
19590006572000,144,81,63,4953.6
19590006573000,36,16,20,1713.6
19590006576000,74,40,34,2701
19590006577000,74,33,41,2789.8
19590006578000,48,23,25,1857.6
19590006579000,77,33,44,2972.2
19590006612000,12,6,6,399.6
19590006613000,3,2,1,0
19590006614000,89,48,41,2999.3
19590006615000,13,8,5,439.4
19590006616000,25,13,12,732.5
19590006617000,35,18,17,1368.5
19590006618000,13,7,6,496.6
19590006619000,28,15,13,1136.8
19590006620000,48,22,26,1814.4
19590006621000,138,74,64,4347
19590006622000,19,7,12,592.8
19590006623000,15,4,11,664.5
19590006624000,2,1,1,0
19590006625000,141,74,67,5541.3
19590006626000,371,187,184,16583.7
19590006627000,11,7,4,336.6
19590006633000,6,1,5,126
19590006638000,19,11,8,596.6
19590006639000,55,27,28,1776.5
19590006640000,49,23,26,1891.4
19590006641000,22,11,11,781
19590006642000,76,39,37,3062.8
19590006645000,9,3,6,169.2
19590006650000,94,49,45,3327.6
19590006651000,41,21,20,1758.9
19590006656000,48,20,28,1430.4
19590006657000,262,121,141,10951.6
19590006658000,14,6,8,341.6
19590006659000,6,1,5,157.8
19590006660000,14,5,9,537.6
19590006666000,12,6,6,549.6
19590006667000,16,6,10,478.4
19590006670000,135,71,64,4401
19590006671000,9,4,5,210.6
19590006675000,7,3,4,359.8
19590006676000,146,73,73,5664.8
19590006677000,83,40,43,2971.4
19590006678000,34,16,18,1268.2
19590006679000,11,5,6,500.5
19590006680000,23,11,12,876.3
19590006681000,180,83,97,7380
19590006682000,39,19,20,2445.3
19590006686000,20,10,10,950
19590006693000,60,29,31,2442
19590006699000,67,31,36,2860.9
19590006700000,71,33,38,2378.5
19590006718000,22,10,12,862.4
19590006721000,4,1,3,0
19590006722000,62,32,30,2418
19590006723000,59,32,27,1864.4
19590006724000,1,1,0,0
19590006726000,6,4,2,222
19590006727000,144,70,74,5097.6
19590006728000,41,22,19,1742.5
19590006729000,196,107,89,7546
19590006730000,297,151,146,11553.3
19590006731000,247,119,128,9534.2
19590006732000,882,424,458,24784.2
19590006733000,653,340,313,22463.2
19590006735000,642,339,303,20287.2
19590006736000,159,86,73,5342.4
19590006737000,818,412,406,28548.2
19590006738000,102,53,49,4182
19590006739000,298,160,138,10400.2
19590006741000,151,72,79,5556.8
19590006742000,372,176,196,14470.8
19590006743000,415,197,218,16434
19590006744000,5,3,2,108
19590006746000,78,42,36,2776.8
19590006747000,40,20,20,1280
19590006748000,55,28,27,1875.5
19590006750000,3,1,2,0
19590006751000,139,65,74,4753.8
19590006752000,88,45,43,3071.2
19590006754000,18,11,7,788.4
19590006758000,1,1,0,0
19590006760000,13,5,8,521.3
19590006761000,9,4,5,341.1
19590006762000,44,24,20,2134
19590006763000,11,7,4,525.8
19590006764000,50,25,25,1780
19590006765000,17,10,7,632.4
19590006773000,6,1,5,199.8
19590006775000,7,4,3,118.3
19590006776000,105,58,47,3423
19590006777000,9,5,4,406.8
19590006779000,61,28,33,2025.2
19590006780000,20,12,8,718
19590006787000,5,4,1,146
19590006795000,1,1,0,0
19590006796000,1,1,0,0
19590006814000,3,1,2,0
19590006815000,3,2,1,0
19590006828000,2,1,1,0
19590006867000,27,16,11,1204.2
19590006868000,36,23,13,1602
19590006870000,1,1,0,0
19600006526000,29,20,9,1122.3
19600006527000,4,3,1,0
19600006528000,46,24,22,1619.2
19600006529000,190,104,86,7201
19600006530000,82,40,42,3263.6
19600006531000,11,7,4,371.8
19600006532000,42,19,23,1276.8
19600006533000,6,3,3,268.8
19600006534000,7,4,3,331.1
19600006535000,3,2,1,0
19600006536000,11,7,4,374
19600006537000,21,12,9,705.6
19600006538000,23,14,9,676.2
19600006539000,29,15,14,951.2
19600006540000,18,8,10,795.6
19600006541000,28,17,11,820.4
19600006542000,25,13,12,760
19600006543000,26,14,12,1037.4
19600006544000,43,21,22,1526.5
19600006545000,17,10,7,549.1
19600006546000,168,90,78,6804
19600006547000,2060,1043,1017,71070
19600006548000,1305,625,680,51286.5
19600006549000,134,65,69,4609.6
19600006550000,51,24,27,2091
19600006551000,100,55,45,3090
19600006552000,342,180,162,11867.4
19600006553000,44,21,23,1658.8
19600006554000,89,53,36,3346.4
19600006555000,14,9,5,558.6
19600006556000,39,24,15,1544.4
19600006557000,31,19,12,1156.3
19600006558000,24,13,11,984
19600006559000,56,40,16,2195.2
19600006560000,12,6,6,428.4
19600006561000,74,43,31,2671.4
19600006562000,56,27,29,2408
19600006563000,37,23,14,1502.2
19600006564000,3,2,1,0
19600006565000,242,117,125,8034.4
19600006566000,136,69,67,4297.6
19600006567000,24,13,11,924
19600006568000,100,50,50,3310
19600006569000,857,454,403,29737.9
19600006570000,353,184,169,12037.3
19600006571000,58,29,29,2151.8
19600006572000,91,49,42,3776.5
19600006573000,354,184,170,13381.2
19600006574000,2361,1166,1195,81454.5
19600006575000,26,15,11,951.6
19600006576000,74,34,40,3026.6
19600006577000,94,58,36,3600.2
19600006578000,110,58,52,4015
19600006579000,107,56,51,3488.2
19600006580000,39,24,15,1376.7
19600006581000,43,18,25,1586.7
19600006582000,1,1,0,0
19600006589000,5,2,3,77
19600006610000,5,2,3,232
19600006612000,1,1,0,0
19600006613000,5,2,3,113
19600006614000,3,1,2,0
19600006615000,78,38,40,3229.2
19600006616000,30,16,14,1305
19600006617000,1,1,0,0
19600006619000,3,2,1,0
19600006620000,34,17,17,1451.8
19600006621000,83,43,40,2573
19600006622000,59,31,28,1752.3
19600006623000,72,35,37,2181.6
19600006625000,414,221,193,10474.2
19600006626000,364,227,137,11902.8
19600006627000,44,21,23,1645.6
19600006628000,1,0,1,0
19600006629000,28,10,18,1352.4
19600006630000,53,30,23,2257.8
19600006631000,10,7,3,390
19600006632000,7,4,3,454.3
19600006635000,29,15,14,994.7
19600006636000,30,15,15,1206
19600006637000,44,23,21,1852.4
19600006638000,14,6,8,421.4
19600006639000,17,10,7,765
19600006640000,12,6,6,405.6
19600006641000,9,4,5,393.3
19600006642000,5,3,2,121
19600006643000,10,5,5,290
19600006644000,17,9,8,630.7
19600006647000,33,17,16,999.9
19600006648000,72,43,29,2707.2
19600006649000,27,11,16,936.9
19600006650000,4,2,2,0
19600006656000,21,12,9,848.4
19600006657000,173,94,79,6712.4
19600006665000,269,133,136,9522.6
19600006666000,165,93,72,5461.5
19600006667000,71,41,30,2911
19600006669000,19,9,10,921.5
19600006675000,59,25,34,2183
19600006676000,61,36,25,2165.5
19600006677000,2,1,1,0
19600006678000,50,17,33,1965
19600006679000,108,54,54,3920.4
19600006680000,56,29,27,2212
19600006681000,145,69,76,5974
19600006682000,497,244,253,19333.3
19600006683000,4,2,2,0
19600006685000,16,7,9,692.8
19600006686000,57,31,26,2177.4
19600006687000,6,3,3,235.8
19600006688000,8,3,5,287.2
19600006694000,10,7,3,550
19600006696000,13,8,5,574.6
19600006698000,3,1,2,0
19600006699000,14,6,8,478.8
19600006700000,26,14,12,910
19600006719000,77,40,37,2787.4
19600006721000,199,101,98,7064.5
19600006722000,111,61,50,4351.2
19600006723000,62,40,22,2548.2
19600006724000,279,134,145,11076.3
19600006725000,6,3,3,244.2
19600006726000,113,62,51,4418.3
19600006727000,4,2,2,0
19600006728000,918,457,461,34057.8
19600006729000,1059,544,515,38865.3
19600006730000,300,157,143,9750
19600006731000,66,29,37,2013
19600006732000,547,276,271,17613.4
19600006733000,1611,801,810,54290.7
19600006734000,24,11,13,912
19600006735000,156,76,80,5101.2
19600006736000,873,456,417,27237.6
19600006737000,404,180,224,16321.6
19600006738000,96,48,48,4099.2
19600006739000,1286,649,637,35236.4
19600006740000,305,153,152,11712
19600006741000,548,283,265,18029.2
19600006742000,144,79,65,5184
19600006743000,73,40,33,2503.9
19600006746000,8,5,3,370.4
19600006747000,81,39,42,3329.1
19600006748000,5,3,2,161
19600006750000,217,107,110,6792.1
19600006751000,47,23,24,2025.7
19600006752000,50,21,29,1940
19600006753000,19,11,8,581.4
19600006754000,43,23,20,1548
19600006755000,1,1,0,0
19600006757000,55,27,28,1688.5
19600006758000,2,1,1,0
19600006761000,12,7,5,607.2
19600006763000,49,27,22,1778.7
19600006764000,31,18,13,1320.6
19600006765000,2,1,1,0
19600006773000,2,1,1,0
19600006775000,3,2,1,0
19600006776000,72,34,38,2671.2
19600006777000,30,16,14,1356
19600006779000,21,7,14,1035.3
19600006794000,47,27,20,1616.8
19600006796000,12,5,7,368.4
19600006804000,6,4,2,312
19600006818000,3,2,1,0
19600006819000,7,4,3,217
19600006820000,7,4,3,347.9
19600006843000,18,11,7,615.6
19600006844000,22,12,10,748
19600006867000,16,9,7,708.8
19600006868000,12,7,5,495.6
19600006870000,27,11,16,1293.3
19610006526000,214,106,108,6976.4
19610006527000,14,8,6,603.4
19610006528000,236,134,102,6773.2
19610006529000,45,24,21,1750.5
19610006530000,13,5,8,548.6
19610006532000,11,5,6,443.3
19610006533000,5,4,1,185
19610006534000,14,6,8,218.4
19610006535000,8,5,3,216
19610006536000,20,10,10,634
19610006537000,14,8,6,358.4
19610006539000,3,1,2,0
19610006540000,4,2,2,0
19610006541000,25,14,11,1020
19610006542000,17,8,9,938.4
19610006543000,2,1,1,0
19610006544000,38,18,20,1466.8
19610006545000,26,17,9,780
19610006546000,17,9,8,625.6
19610006547000,638,317,321,15503.4
19610006548000,84,36,48,2612.4
19610006550000,15,8,7,550.5
19610006551000,186,97,89,5487
19610006552000,670,360,310,21507
19610006553000,29,16,13,1281.8
19610006554000,45,22,23,1498.5
19610006555000,36,22,14,1134
19610006556000,37,16,21,1176.6
19610006557000,55,28,27,1765.5
19610006558000,106,58,48,3561.6
19610006559000,58,27,31,1977.8
19610006560000,43,25,18,1849
19610006561000,53,28,25,1812.6
19610006562000,28,15,13,1260
19610006563000,18,10,8,666
19610006564000,2,2,0,0
19610006565000,31,16,15,1891
19610006566000,78,44,34,2496
19610006568000,6,5,1,193.8
19610006569000,40,22,18,1404
19610006570000,26,14,12,720.2
19610006571000,33,19,14,1745.7
19610006572000,74,33,41,3315.2
19610006573000,2414,1196,1218,89559.4
19610006574000,1353,669,684,49790.4
19610006575000,1152,594,558,41356.8
19610006576000,647,324,323,23486.1
19610006577000,1171,573,598,38994.3
19610006578000,437,223,214,14464.7
19610006579000,66,39,27,2910.6
19610006580000,113,58,55,4395.7
19610006581000,13,6,7,461.5
19610006588000,36,23,13,1587.6
19610006589000,5,3,2,172
19610006591000,2,1,1,0
19610006609000,67,65,2,2298.1
19610006610000,27,12,15,1306.8
19610006611000,35,15,20,1263.5
19610006612000,21,9,12,686.7
19610006616000,13,7,6,539.5
19610006622000,44,21,23,1768.8
19610006623000,7,4,3,216.3
19610006624000,4,3,1,0
19610006626000,50,24,26,1895
19610006630000,12,7,5,573.6
19610006632000,3,2,1,0
19610006636000,8,2,6,240.8
19610006637000,9,4,5,232.2
19610006638000,1,1,0,0
19610006639000,53,25,28,1807.3
19610006642000,12,6,6,681.6
19610006643000,19,9,10,680.2
19610006644000,10,6,4,585
19610006645000,5,4,1,91
19610006647000,5,3,2,239
19610006648000,2,1,1,0
19610006651000,8,4,4,338.4
19610006664000,318,163,155,9699
19610006665000,444,233,211,16472.4
19610006666000,404,216,188,14786.4
19610006668000,1,0,1,0
19610006675000,12,3,9,363.6
19610006676000,4,4,0,0
19610006679000,3,2,1,0
19610006681000,28,16,12,963.2
19610006682000,70,39,31,2975
19610006683000,5,2,3,278
19610006684000,5,2,3,258
19610006685000,19,8,11,1041.2
19610006686000,8,5,3,266.4
19610006687000,19,9,10,927.2
19610006696000,19,9,10,685.9
19610006697000,6,3,3,418.8
19610006718000,64,33,31,2278.4
19610006719000,315,157,158,11340
19610006720000,883,446,437,30905
19610006721000,261,132,129,9918
19610006722000,149,83,66,5930.2
19610006723000,79,38,41,3341.7
19610006726000,259,136,123,8935.5
19610006727000,97,53,44,3637.5
19610006728000,122,66,56,4477.4
19610006729000,157,90,67,5714.8
19610006730000,522,270,252,19992.6
19610006731000,702,357,345,24570
19610006732000,147,72,75,6350.4
19610006733000,922,473,449,31532.4
19610006734000,1573,777,796,59774
19610006735000,75,35,40,3090
19610006736000,609,305,304,21375.9
19610006737000,199,102,97,6567
19610006738000,531,267,264,18319.5
19610006739000,461,233,228,14337.1
19610006740000,4,3,1,0
19610006747000,99,52,47,3811.5
19610006750000,466,235,231,12815
19610006751000,34,16,18,1397.4
19610006752000,94,47,47,3572
19610006753000,8,3,5,124.8
19610006757000,41,23,18,1763
19610006759000,5,3,2,212
19610006760000,7,3,4,303.8
19610006761000,31,15,16,1339.2
19610006762000,104,54,50,3754.4
19610006763000,81,44,37,2802.6
19610006765000,18,10,8,547.2
19610006766000,9,7,2,222.3
19610006768000,21,13,8,957.6
19610006769000,11,9,2,356.4
19610006772000,2,1,1,0
19610006773000,14,8,6,551.6
19610006774000,12,7,5,392.4
19610006775000,13,6,7,595.4
19610006776000,38,22,16,1535.2
19610006778000,16,8,8,617.6
19610006779000,29,17,12,1481.9
19610006791000,1,0,1,0
19610006794000,6,4,2,196.2
19610006795000,1,1,0,0
19610006796000,1,1,0,0
19610006823000,1,1,0,0
19610006842000,9,6,3,592.2
19610006843000,32,16,16,1686.4
19610006844000,7,3,4,511
19610006868000,5,2,3,248
19610006870000,2,1,1,0
19610006873000,10,5,5,397
19610006874000,68,35,33,2706.4
19610006876000,10,4,6,484
19620006525000,51,22,29,2040
19620006526000,210,108,102,7791
19620006527000,3,2,1,0
19620006528000,136,75,61,3685.6
19620006529000,18,11,7,883.8
19620006530000,2,1,1,0
19620006531000,5,3,2,203
19620006532000,9,6,3,338.4
19620006533000,25,12,13,785
19620006534000,14,6,8,434
19620006535000,38,18,20,1360.4
19620006536000,15,8,7,528
19620006537000,29,16,13,925.1
19620006539000,10,6,4,318
19620006540000,8,4,4,242.4
19620006541000,16,10,6,529.6
19620006542000,22,11,11,855.8
19620006543000,20,11,9,724
19620006544000,48,24,24,1934.4
19620006545000,32,16,16,1283.2
19620006546000,60,26,34,2274
19620006547000,39,18,21,1688.7
19620006548000,54,31,23,2068.2
19620006549000,12,5,7,458.4
19620006551000,5,2,3,136
19620006552000,748,378,370,22739.2
19620006553000,350,184,166,10185
19620006554000,34,19,15,1411
19620006555000,98,57,41,3822
19620006556000,33,19,14,1593.9
19620006557000,35,18,17,1351
19620006558000,90,49,41,2997
19620006559000,89,44,45,3319.7
19620006560000,6,4,2,316.2
19620006561000,66,30,36,2455.2
19620006562000,46,23,23,1352.4
19620006563000,66,41,25,2481.6
19620006564000,2318,1188,1130,79275.6
19620006565000,2080,996,1084,92352
19620006566000,533,272,261,19241.3
19620006567000,502,260,242,15813
19620006570000,1045,546,499,38247
19620006571000,622,327,295,23511.6
19620006572000,1049,542,507,36610.1
19620006573000,1390,693,697,43924
19620006574000,42,23,19,1583.4
19620006575000,47,24,23,1790.7
19620006576000,133,66,67,5253.5
19620006577000,1510,746,764,58437
19620006578000,561,276,285,21710.7
19620006579000,81,48,33,2980.8
19620006580000,17,10,7,848.3
19620006588000,122,65,57,4196.8
19620006589000,16,8,8,486.4
19620006591000,26,14,12,1201.2
19620006592000,11,4,7,438.9
19620006608000,1,0,1,0
19620006609000,12,7,5,496.8
19620006610000,4,2,2,0
19620006614000,5,3,2,135
19620006615000,6,3,3,406.8
19620006616000,35,20,15,955.5
19620006622000,60,30,30,2226
19620006623000,3,2,1,0
19620006624000,5,3,2,79
19620006626000,17,11,6,753.1
19620006628000,3,2,1,0
19620006629000,7,5,2,212.1
19620006635000,3,2,1,0
19620006637000,6,3,3,177
19620006638000,3,2,1,0
19620006639000,8,4,4,332.8
19620006645000,37,17,20,1661.3
19620006646000,42,20,22,1297.8
19620006650000,13,6,7,419.9
19620006651000,49,30,19,1925.7
19620006652000,6,2,4,352.8
19620006653000,1,0,1,0
19620006661000,37,18,19,1402.3
19620006662000,8,4,4,455.2
19620006664000,239,119,120,7600.2
19620006665000,509,261,248,19749.2
19620006666000,829,415,414,27357
19620006686000,14,9,5,488.6
19620006715000,2,0,2,0
19620006718000,128,66,62,4748.8
19620006719000,392,201,191,15170.4
19620006720000,681,347,334,23494.5
19620006721000,403,184,219,13984.1
19620006722000,400,198,202,15720
19620006723000,328,176,152,12496.8
19620006726000,529,277,252,18673.7
19620006727000,60,34,26,1836
19620006728000,496,249,247,18054.4
19620006729000,859,430,429,32899.7
19620006730000,1891,958,933,69021.5
19620006731000,2931,1416,1515,111084.9
19620006732000,2144,1058,1086,84259.2
19620006733000,2647,1268,1379,102174.2
19620006734000,2955,1466,1489,110517
19620006735000,290,156,134,12673
19620006736000,653,317,336,23834.5
19620006737000,1571,795,776,62368.7
19620006738000,567,266,301,23020.2
19620006740000,60,33,27,2790
19620006741000,757,386,371,26570.7
19620006742000,9,6,3,243.9
19620006743000,18,8,10,725.4
19620006744000,75,38,37,2940
19620006745000,116,54,62,4245.6
19620006746000,153,79,74,5844.6
19620006747000,44,24,20,1271.6
19620006748000,138,70,68,3422.4
19620006749000,24,13,11,780
19620006750000,27,13,14,1063.8
19620006751000,81,40,41,2511
19620006752000,33,13,20,1174.8
19620006753000,12,7,5,667.2
19620006754000,10,4,6,349
19620006755000,27,15,12,1093.5
19620006756000,8,4,4,375.2
19620006759000,27,18,9,1034.1
19620006760000,122,62,60,4221.2
19620006761000,49,28,21,1803.2
19620006762000,6,4,2,373.2
19620006764000,14,7,7,602
19620006765000,34,18,16,1468.8
19620006766000,38,18,20,1789.8
19620006767000,23,11,12,427.8
19620006768000,29,16,13,1183.2
19620006771000,3,2,1,0
19620006773000,2,1,1,0
19620006774000,16,10,6,750.4
19620006776000,6,3,3,441
19620006777000,36,18,18,1512
19620006791000,7,4,3,385
19620006795000,2,1,1,0
19620006799000,1,1,0,0
19620006801000,16,9,7,483.2
19620006802000,4,1,3,0
19620006804000,1,0,1,0
19620006823000,2,1,1,0
19620006834000,16,9,7,840
19620006867000,8,3,5,300.8
19630006525000,7,3,4,296.8
19630006526000,22,12,10,862.4
19630006527000,15,9,6,625.5
19630006529000,33,20,13,1016.4
19630006535000,23,11,12,972.9
19630006536000,5,2,3,223
19630006538000,7,2,5,249.9
19630006539000,15,7,8,687
19630006541000,45,22,23,1701
19630006542000,24,13,11,828
19630006543000,20,10,10,970
19630006544000,11,5,6,375.1
19630006545000,22,10,12,673.2
19630006546000,7,2,5,230.3
19630006547000,57,29,28,2257.2
19630006548000,31,15,16,1029.2
19630006549000,14,6,8,526.4
19630006550000,36,17,19,1227.6
19630006551000,27,15,12,761.4
19630006552000,4,2,2,0
19630006553000,178,88,90,7031
19630006554000,22,12,10,939.4
19630006555000,87,42,45,2836.2
19630006556000,123,64,59,4723.2
19630006557000,117,60,57,4434.3
19630006558000,45,18,27,1786.5
19630006559000,136,71,65,5195.2
19630006560000,10,4,6,456
19630006561000,70,44,26,2555
19630006562000,55,28,27,2123
19630006563000,20,10,10,954
19630006564000,2413,1227,1186,62979.3
19630006565000,617,328,289,21471.6
19630006566000,162,84,78,6204.6
19630006567000,1468,729,739,54903.2
19630006568000,27,13,14,915.3
19630006570000,123,60,63,5399.7
19630006571000,853,435,418,30366.8
19630006572000,1032,512,520,38184
19630006573000,42,20,22,1860.6
19630006574000,439,234,205,13652.9
19630006575000,174,95,79,6838.2
19630006576000,110,60,50,3773
19630006577000,504,244,260,16632
19630006578000,852,437,415,27945.6
19630006579000,228,126,102,7615.2
19630006588000,98,55,43,3753.4
19630006589000,3,1,2,0
19630006591000,182,98,84,5423.6
19630006592000,77,35,42,2964.5
19630006609000,1,1,0,0
19630006612000,13,7,6,556.4
19630006615000,16,7,9,523.2
19630006617000,15,8,7,364.5
19630006618000,11,6,5,449.9
19630006619000,2,1,1,0
19630006620000,11,4,7,501.6
19630006621000,8,4,4,487.2
19630006622000,19,11,8,799.9
19630006623000,34,18,16,1377
19630006624000,3,2,1,0
19630006625000,10,5,5,460
19630006626000,3,1,2,0
19630006628000,3,2,1,0
19630006630000,43,20,23,1689.9
19630006632000,11,6,5,347.6
19630006634000,5,3,2,244
19630006635000,9,5,4,287.1
19630006639000,5,3,2,314
19630006640000,3,1,2,0
19630006644000,4,1,3,0
19630006646000,263,138,125,10441.1
19630006647000,154,81,73,4404.4
19630006649000,23,14,9,892.4
19630006650000,16,8,8,657.6
19630006651000,3,2,1,0
19630006652000,39,16,23,1579.5
19630006653000,53,29,24,2014
19630006654000,3,1,2,0
19630006663000,67,39,28,1909.5
19630006664000,293,148,145,9698.3
19630006666000,229,120,109,8427.2
19630006667000,34,25,9,1122
19630006686000,16,9,7,468.8
19630006692000,35,16,19,1480.5
19630006715000,65,36,29,2509
19630006716000,304,163,141,12190.4
19630006717000,78,49,29,2948.4
19630006720000,58,31,27,2836.2
19630006721000,220,119,101,8162
19630006722000,322,180,142,10690.4
19630006723000,892,453,439,34520.4
19630006724000,820,438,382,28372
19630006725000,1472,718,754,49312
19630006726000,577,289,288,21579.8
19630006727000,597,302,295,23939.7
19630006728000,1582,791,791,57743
19630006729000,835,383,452,34151.5
19630006730000,393,202,191,14383.8
19630006731000,142,80,62,5112
19630006733000,2,1,1,0
19630006734000,29,18,11,1102
19630006735000,21,13,8,840
19630006736000,150,71,79,6405
19630006737000,1024,507,517,39321.6
19630006738000,776,382,394,27548
19630006739000,700,351,349,27510
19630006740000,734,386,348,26350.6
19630006741000,955,481,474,32661
19630006742000,154,88,66,6930
19630006743000,207,107,100,8052.3
19630006744000,463,227,236,19029.3
19630006745000,390,195,195,13221
19630006746000,5,2,3,205
19630006748000,121,66,55,3993
19630006749000,63,32,31,2394
19630006750000,90,46,44,4095
19630006751000,53,26,27,1934.5
19630006752000,27,15,12,1036.8
19630006753000,6,2,4,145.8
19630006754000,62,37,25,1965.4
19630006755000,2,2,0,0
19630006756000,15,6,9,559.5
19630006757000,79,42,37,2859.8
19630006758000,53,26,27,2130.6
19630006759000,58,28,30,2447.6
19630006760000,330,172,158,11352
19630006761000,9,9,0,378
19630006766000,16,6,10,641.6
19630006770000,7,2,5,263.2
19630006773000,15,7,8,901.5
19630006774000,3,1,2,0
19630006775000,23,9,14,1097.1
19630006776000,30,15,15,1488
19630006778000,1,1,0,0
19630006785000,1,1,0,0
19630006786000,46,18,28,1508.8
19630006791000,18,6,12,514.8
19630006792000,3,1,2,0
19630006800000,2,1,1,0
19630006801000,123,58,65,4514.1
19630006806000,16,8,8,777.6
19630006807000,8,4,4,272
19630006808000,1,1,0,0
19630006809000,2,1,1,0
19630006818000,6,4,2,328.2
19630006822000,7,4,3,226.1
19630006839000,23,14,9,1140.8
19630006840000,3,2,1,0
19630006845000,1,1,0,0
19630006868000,4,3,1,0
19630006879000,1,0,1,0
19640006520000,31,16,15,1419.8
19640006521000,279,141,138,10434.6
19640006523000,2,1,1,0
19640006524000,7,2,5,210
19640006525000,8,5,3,328.8
19640006526000,18,11,7,943.2
19640006527000,29,13,16,1226.7
19640006528000,20,13,7,562
19640006529000,15,5,10,367.5
19640006536000,4,2,2,0
19640006539000,5,3,2,260
19640006541000,15,9,6,837
19640006542000,14,9,5,637
19640006544000,11,5,6,278.3
19640006545000,8,6,2,255.2
19640006546000,13,7,6,564.2
19640006547000,1047,532,515,35493.3
19640006548000,370,192,178,10027
19640006550000,40,21,19,1468
19640006551000,229,119,110,7831.8
19640006552000,900,453,447,27810
19640006553000,1729,882,847,59823.4
19640006554000,390,197,193,11115
19640006555000,36,18,18,1321.2
19640006556000,232,128,104,5776.8
19640006557000,2190,1091,1099,68547
19640006558000,801,387,414,30918.6
19640006559000,1185,593,592,43015.5
19640006560000,811,397,414,27249.6
19640006561000,96,48,48,3916.8
19640006562000,95,55,40,3933
19640006563000,38,21,17,1368
19640006564000,36,16,20,1411.2
19640006565000,18,11,7,716.4
19640006566000,31,13,18,1178
19640006567000,667,347,320,24745.7
19640006568000,343,175,168,11319
19640006569000,79,44,35,2883.5
19640006570000,819,392,427,31941
19640006571000,2438,1197,1241,88499.4
19640006572000,794,379,415,34142
19640006574000,29,17,12,1017.9
19640006575000,137,68,69,5233.4
19640006576000,385,200,185,11858
19640006577000,841,436,405,25818.7
19640006578000,1126,591,535,39747.8
19640006579000,5,2,3,108
19640006581000,174,98,76,5794.2
19640006582000,16,8,8,526.4
19640006586000,52,28,24,2054
19640006587000,12,7,5,502.8
19640006588000,39,20,19,1989
19640006589000,1,0,1,0
19640006591000,43,23,20,1750.1
19640006612000,3,1,2,0
19640006613000,7,4,3,235.2
19640006614000,3,2,1,0
19640006615000,5,3,2,140
19640006616000,2,1,1,0
19640006617000,3,1,2,0
19640006620000,4,2,2,0
19640006621000,4,2,2,0
19640006626000,50,28,22,1760
19640006627000,10,5,5,405
19640006628000,4,2,2,0
19640006630000,19,9,10,746.7
19640006631000,24,10,14,760.8
19640006632000,10,8,2,393
19640006633000,1,1,0,0
19640006634000,21,13,8,787.5
19640006635000,10,6,4,427
19640006640000,17,9,8,962.2
19640006641000,5,4,1,266
19640006646000,24,13,11,830.4
19640006647000,10,7,3,363
19640006648000,3,2,1,0
19640006650000,4,2,2,0
19640006651000,1,1,0,0
19640006652000,18,10,8,939.6
19640006653000,32,17,15,1593.6
19640006654000,23,13,10,1097.1
19640006655000,31,17,14,1581
19640006656000,12,7,5,735.6
19640006662000,559,288,271,14534
19640006663000,277,132,145,6980.4
19640006664000,177,88,89,4938.3
19640006665000,9,5,4,317.7
19640006666000,39,19,20,990.6
19640006667000,33,15,18,1217.7
19640006684000,16,8,8,784
19640006685000,21,11,10,949.2
19640006686000,4,3,1,0
19640006690000,4,2,2,0
19640006692000,4,1,3,0
19640006696000,6,3,3,237
19640006697000,3,2,1,0
19640006698000,11,5,6,598.4
19640006708000,63,34,29,2261.7
19640006709000,42,26,16,1890
19640006710000,1,1,0,0
19640006715000,3,2,1,0
19640006716000,22,11,11,778.8
19640006717000,113,64,49,3921.1
19640006718000,121,56,65,4973.1
19640006719000,101,49,52,3979.4
19640006720000,118,58,60,4177.2
19640006721000,41,19,22,1447.3
19640006722000,111,55,56,5139.3
19640006723000,210,113,97,8526
19640006724000,1681,839,842,55977.3
19640006725000,3095,1464,1631,104301.5
19640006726000,966,471,495,34679.4
19640006727000,1175,599,576,44297.5
19640006728000,1218,617,601,47258.4
19640006729000,1819,888,931,73851.4
19640006730000,293,143,150,14737.9
19640006732000,1236,616,620,46350
19640006733000,936,473,463,36223.2
19640006734000,899,460,439,32543.8
19640006736000,10,6,4,237
19640006737000,234,117,117,9547.2
19640006738000,19,9,10,908.2
19640006742000,109,53,56,4774.2
19640006747000,235,129,106,8883
19640006748000,420,221,199,16212
19640006749000,169,84,85,5577
19640006750000,52,30,22,2256.8
19640006751000,15,7,8,544.5
19640006752000,313,147,166,8701.4
19640006753000,117,59,58,3767.4
19640006755000,39,19,20,1173.9
19640006756000,30,15,15,1236
19640006757000,59,29,30,1840.8
19640006758000,107,52,55,4162.3
19640006759000,12,7,5,788.4
19640006760000,79,37,42,2693.9
19640006761000,21,13,8,793.8
19640006762000,12,8,4,471.6
19640006763000,18,8,10,637.2
19640006764000,68,32,36,2556.8
19640006765000,43,22,21,1879.1
19640006766000,10,6,4,418
19640006769000,26,17,9,917.8
19640006770000,22,11,11,792
19640006772000,31,17,14,1240
19640006773000,320,165,155,11296
19640006774000,708,362,346,24496.8
19640006775000,9,4,5,285.3
19640006777000,10,6,4,386
19640006785000,10,5,5,374
19640006786000,5,3,2,169
19640006787000,18,12,6,694.8
19640006788000,42,21,21,1453.2
19640006789000,26,11,15,847.6
19640006790000,2,1,1,0
19640006791000,9,6,3,473.4
19640006800000,1,1,0,0
19640006801000,118,56,62,6277.6
19640006806000,7,4,3,252.7
19640006809000,1,1,0,0
19640006810000,1,1,0,0
19640006831000,3,1,2,0
19640006832000,19,10,9,1035.5
19640006839000,19,10,9,885.4
19640006840000,5,1,4,209
19640006888000,7,3,4,252.7
19650006519000,13,6,7,409.5
19650006520000,18,10,8,738
19650006521000,252,128,124,10332
19650006522000,13,6,7,539.5
19650006523000,365,180,185,13067
19650006524000,4,2,2,0
19650006527000,4,2,2,0
19650006528000,9,5,4,487.8
19650006529000,6,4,2,103.8
19650006530000,8,4,4,314.4
19650006536000,4,3,1,0
19650006539000,9,3,6,372.6
19650006541000,290,164,126,9570
19650006542000,96,48,48,3561.6
19650006543000,15,7,8,336
19650006544000,42,24,18,1659
19650006545000,34,20,14,1196.8
19650006546000,31,17,14,1035.4
19650006547000,634,330,304,19717.4
19650006548000,186,95,91,4910.4
19650006551000,664,324,340,22244
19650006552000,252,133,119,9172.8
19650006553000,419,238,181,13994.6
19650006554000,39,18,21,1817.4
19650006555000,35,17,18,1659
19650006556000,114,64,50,3978.6
19650006557000,1719,869,850,64978.2
19650006558000,2500,1216,1284,88500
19650006559000,1727,855,872,61826.6
19650006560000,3026,1511,1515,108936
19650006561000,2144,1065,1079,71824
19650006562000,1845,929,916,54243
19650006563000,41,21,20,1758.9
19650006564000,83,37,46,2921.6
19650006565000,256,126,130,7808
19650006566000,784,416,368,25715.2
19650006567000,112,54,58,4345.6
19650006568000,68,35,33,3304.8
19650006569000,512,258,254,17817.6
19650006570000,1380,674,706,54786
19650006571000,4368,2035,2333,174283.2
19650006572000,3017,1441,1576,117361.3
19650006573000,1905,928,977,79057.5
19650006574000,460,224,236,18170
19650006575000,1751,862,889,60409.5
19650006576000,4006,1994,2012,136204
19650006577000,490,241,249,19502
19650006581000,37,23,14,1520.7
19650006582000,117,64,53,3872.7
19650006583000,111,49,62,3651.9
19650006585000,22,13,9,750.2
19650006586000,60,33,27,2286
19650006587000,25,15,10,977.5
19650006589000,5,2,3,82
19650006590000,6,3,3,235.2
19650006591000,58,32,26,2291
19650006592000,4,2,2,0
19650006613000,47,22,25,2053.9
19650006614000,32,17,15,1004.8
19650006624000,3,2,1,0
19650006625000,4,2,2,0
19650006626000,75,34,41,2895
19650006627000,23,11,12,894.7
19650006628000,4,2,2,0
19650006631000,35,17,18,1256.5
19650006632000,48,25,23,1574.4
19650006633000,20,13,7,736
19650006634000,25,15,10,930
19650006635000,9,3,6,339.3
19650006637000,11,6,5,333.3
19650006640000,5,2,3,109
19650006642000,9,4,5,412.2
19650006643000,6,2,4,307.2
19650006644000,11,8,3,419.1
19650006654000,8,4,4,211.2
19650006655000,37,18,19,1387.5
19650006656000,116,61,55,4489.2
19650006657000,8,4,4,322.4
19650006662000,666,341,325,22377.6
19650006663000,862,451,411,29135.6
19650006665000,21,9,12,630
19650006666000,60,32,28,2250
19650006667000,5,3,2,163
19650006684000,22,13,9,919.6
19650006687000,3,1,2,0
19650006689000,11,7,4,367.4
19650006690000,2,1,1,0
19650006692000,23,13,10,1202.9
19650006693000,16,7,9,652.8
19650006697000,3,2,1,0
19650006705000,115,68,47,3496
19650006706000,10,4,6,188
19650006708000,30,22,8,1146
19650006709000,176,89,87,6036.8
19650006710000,25,12,13,975
19650006711000,19,6,13,716.3
19650006712000,1,1,0,0
19650006718000,113,53,60,4791.2
19650006719000,26,12,14,1021.8
19650006720000,162,78,84,7371
19650006721000,6,4,2,295.8
19650006722000,832,389,443,24544
19650006723000,962,476,486,28379
19650006724000,2850,1381,1469,104310
19650006725000,801,402,399,25952.4
19650006726000,82,35,47,3009.4
19650006727000,2759,1371,1388,108704.6
19650006728000,3288,1593,1695,127574.4
19650006729000,3718,1712,2006,152809.8
19650006730000,3197,1525,1672,129798.2
19650006731000,770,357,413,34881
19650006733000,946,500,446,36610.2
19650006734000,2216,1127,1089,85094.4
19650006743000,25,13,12,990
19650006744000,661,326,335,26704.4
19650006745000,41,21,20,1476
19650006747000,5,3,2,245
19650006748000,1024,491,533,40652.8
19650006749000,251,128,123,8559.1
19650006750000,99,48,51,3900.6
19650006751000,122,57,65,4758
19650006752000,19,9,10,668.8
19650006754000,635,307,328,17907
19650006755000,443,235,208,14973.4
19650006756000,59,31,28,2159.4
19650006757000,99,48,51,4068.9
19650006758000,72,37,35,3175.2
19650006759000,51,26,25,2060.4
19650006760000,47,25,22,1880
19650006761000,13,9,4,572
19650006762000,29,13,16,1090.4
19650006763000,23,9,14,1051.1
19650006764000,1,1,0,0
19650006767000,17,11,6,513.4
19650006769000,2,1,1,0
19650006770000,8,2,6,260
19650006772000,37,19,18,1916.6
19650006773000,47,25,22,1724.9
19650006774000,204,97,107,8812.8
19650006775000,4,2,2,0
19650006777000,3,2,1,0
19650006785000,28,16,12,1010.8
19650006789000,8,4,4,400.8
19650006790000,3,3,0,0
19650006791000,4,2,2,0
19650006796000,3,1,2,0
19650006800000,12,4,8,495.6
19650006801000,40,21,19,1572
19650006802000,27,13,14,899.1
19650006809000,1,1,0,0
19650006810000,2,1,1,0
19650006828000,9,4,5,503.1
19650006829000,6,4,2,184.8
19650006831000,6,2,4,169.2
19650006832000,13,7,6,510.9
19650006833000,21,12,9,875.7
19650006835000,19,12,7,710.6
19650006839000,19,10,9,760
19650006840000,6,1,5,208.8
19650006844000,8,5,3,376
19650006845000,7,4,3,172.2
19650006861000,3,1,2,0
19650006862000,24,15,9,919.2
19650006878000,13,7,6,751.4
19650006882000,1,0,1,0
19650006883000,6,2,4,228
19650006889000,2,1,1,0
19660006519000,25,14,11,995
19660006521000,7,5,2,340.9
19660006522000,17,7,10,579.7
19660006523000,31,15,16,1218.3
19660006527000,22,12,10,1001
19660006529000,7,2,5,135.8
19660006530000,21,11,10,747.6
19660006536000,5,3,2,158
19660006537000,14,7,7,470.4
19660006539000,26,13,13,995.8
19660006540000,12,6,6,530.4
19660006541000,140,71,69,5124
19660006542000,55,29,26,2535.5
19660006543000,18,10,8,621
19660006545000,8,5,3,434.4
19660006546000,2,1,1,0
19660006548000,5,2,3,194
19660006550000,3,2,1,0
19660006551000,5,3,2,146
19660006552000,9,6,3,470.7
19660006553000,16,9,7,720
19660006554000,17,10,7,601.8
19660006555000,3,2,1,0
19660006556000,1633,821,812,37722.3
19660006557000,756,393,363,24872.4
19660006558000,747,391,356,25248.6
19660006559000,1742,850,892,67415.4
19660006560000,2725,1362,1363,122625
19660006561000,3342,1675,1667,127664.4
19660006562000,2514,1252,1262,90252.6
19660006563000,2394,1244,1150,85465.8
19660006564000,1231,644,587,39761.3
19660006565000,2368,1201,1167,85721.6
19660006566000,3170,1592,1578,99221
19660006567000,701,357,344,20258.9
19660006568000,2549,1249,1300,96862
19660006569000,198,100,98,7682.4
19660006570000,271,128,143,10379.3
19660006571000,3307,1606,1701,126658.1
19660006572000,1199,616,583,46880.9
19660006573000,3415,1682,1733,136941.5
19660006574000,3400,1620,1780,131240
19660006575000,2671,1357,1314,99094.1
19660006576000,1303,632,671,46386.8
19660006581000,38,22,16,1485.8
19660006582000,177,89,88,5858.7
19660006583000,30,14,16,1035
19660006584000,71,31,40,2286.2
19660006585000,25,10,15,757.5
19660006586000,51,29,22,1428
19660006587000,21,11,10,562.8
19660006588000,19,12,7,851.2
19660006591000,11,5,6,536.8
19660006613000,11,7,4,601.7
19660006614000,7,2,5,249.9
19660006615000,12,7,5,609.6
19660006618000,2,1,1,0
19660006622000,3,2,1,0
19660006624000,1,0,1,0
19660006626000,4,1,3,0
19660006628000,14,7,7,407.4
19660006629000,21,12,9,663.6
19660006631000,6,4,2,337.2
19660006632000,38,20,18,1432.6
19660006633000,18,11,7,660.6
19660006634000,10,5,5,349
19660006635000,13,8,5,496.6
19660006636000,17,8,9,690.2
19660006637000,29,16,13,1110.7
19660006638000,8,2,6,308
19660006642000,14,7,7,585.2
19660006643000,6,6,0,259.8
19660006644000,5,4,1,109
19660006647000,7,5,2,240.8
19660006650000,1,1,0,0
19660006657000,15,9,6,574.5
19660006662000,84,42,42,3477.6
19660006663000,574,296,278,20778.8
19660006664000,181,91,90,7801.1
19660006665000,96,50,46,3321.6
19660006666000,22,9,13,1056
19660006667000,12,4,8,345.6
19660006668000,13,9,4,448.5
19660006683000,5,2,3,247
19660006684000,9,5,4,252
19660006686000,10,6,4,464
19660006687000,44,21,23,1755.6
19660006692000,11,6,5,568.7
19660006693000,6,3,3,211.8
19660006698000,2,1,1,0
19660006705000,147,70,77,4895.1
19660006706000,407,209,198,14570.6
19660006707000,17,9,8,902.7
19660006708000,87,44,43,3036.3
19660006710000,83,44,39,3071
19660006711000,66,34,32,2448.6
19660006712000,113,63,50,4825.1
19660006713000,43,24,19,1694.2
19660006715000,13,8,5,595.4
19660006716000,14,11,3,705.6
19660006718000,126,67,59,5292
19660006719000,1063,531,532,42201.1
19660006720000,270,140,130,11799
19660006721000,34,17,17,1577.6
19660006722000,679,327,352,20505.8
19660006723000,1266,627,639,47981.4
19660006724000,2038,997,1041,79685.8
19660006725000,563,284,279,21281.4
19660006727000,1680,837,843,57960
19660006728000,1441,695,746,52452.4
19660006729000,894,431,463,39067.8
19660006730000,2190,1055,1135,100083
19660006731000,586,289,297,22971.2
19660006732000,2405,1229,1176,92352
19660006733000,3307,1740,1567,124673.9
19660006734000,345,188,157,11764.5
19660006737000,16,9,7,764.8
19660006738000,667,319,348,27613.8
19660006739000,1784,821,963,83134.4
19660006740000,954,493,461,32531.4
19660006741000,458,215,243,18594.8
19660006742000,1281,638,643,50087.1
19660006743000,1223,600,623,48920
19660006744000,1734,870,864,67279.2
19660006745000,1579,763,816,66791.7
19660006746000,302,147,155,10962.6
19660006747000,492,269,223,17515.2
19660006749000,12,6,6,405.6
19660006750000,223,122,101,8273.3
19660006751000,16,9,7,932.8
19660006753000,1055,519,536,36714
19660006754000,162,85,77,5670
19660006755000,162,82,80,5702.4
19660006756000,101,52,49,4555.1
19660006757000,8,4,4,288
19660006761000,56,29,27,1803.2
19660006762000,7,5,2,387.1
19660006765000,5,3,2,202
19660006766000,28,13,15,842.8
19660006767000,136,74,62,3740
19660006768000,20,15,5,864
19660006769000,3,2,1,0
19660006770000,23,13,10,841.8
19660006772000,46,25,21,2060.8
19660006773000,4,2,2,0
19660006774000,16,7,9,750.4
19660006775000,50,24,26,2105
19660006776000,5,4,1,310
19660006785000,72,34,38,2541.6
19660006786000,17,8,9,610.3
19660006792000,14,8,6,411.6
19660006793000,5,4,1,148
19660006795000,66,31,35,2772
19660006798000,8,5,3,328
19660006799000,6,3,3,201
19660006809000,6,3,3,289.8
19660006828000,8,4,4,151.2
19660006830000,1,1,0,0
19660006831000,11,7,4,311.3
19660006832000,15,7,8,982.5
19660006833000,12,5,7,451.2
19660006834000,15,7,8,760.5
19660006835000,25,12,13,905
19660006839000,7,4,3,279.3
19660006840000,59,29,30,2419
19660006844000,21,12,9,955.5
19660006845000,29,12,17,751.1
19660006850000,3,2,1,0
19660006859000,1,1,0,0
19660006860000,23,13,10,1251.2
19660006861000,1,1,0,0
19660006868000,14,6,8,522.2
19660006870000,2,1,1,0
19660006878000,25,12,13,1095
19660006881000,6,3,3,348
19660006888000,14,7,7,554.4
19660006889000,97,51,46,3918.8
19660006890000,11,7,4,279.4
19660006894000,1,1,0,0
19670006518000,29,13,16,1119.4
19670006519000,1,0,1,0
19670006523000,3,2,1,0
19670006529000,2,1,1,0
19670006530000,4,2,2,0
19670006531000,5,3,2,185
19670006536000,2,1,1,0
19670006537000,14,6,8,460.6
19670006539000,2,1,1,0
19670006540000,15,7,8,610.5
19670006541000,6,4,2,397.8
19670006542000,34,20,14,1094.8
19670006543000,28,14,14,1134
19670006545000,8,3,5,335.2
19670006548000,7,4,3,378.7
19670006550000,10,5,5,452
19670006551000,6,4,2,280.8
19670006553000,7,4,3,188.3
19670006555000,12,4,8,273.6
19670006556000,932,484,448,25070.8
19670006557000,1301,671,630,35647.4
19670006558000,79,38,41,3017.8
19670006559000,1742,876,866,62363.6
19670006560000,2455,1267,1188,97463.5
19670006561000,1623,812,811,68328.3
19670006562000,866,476,390,29703.8
19670006563000,1479,759,720,51765
19670006564000,866,450,416,29357.4
19670006565000,1515,765,750,49692
19670006566000,1697,841,856,58037.4
19670006567000,1480,732,748,57276
19670006568000,1743,900,843,60482.1
19670006569000,3192,1577,1615,120657.6
19670006570000,1655,818,837,63552
19670006571000,4119,1960,2159,145400.7
19670006572000,3074,1592,1482,105438.2
19670006573000,4246,2164,2082,167717
19670006574000,3559,1925,1634,132038.9
19670006575000,257,133,124,9997.3
19670006576000,531,279,252,18850.5
19670006577000,1072,525,547,38484.8
19670006580000,2,2,0,0
19670006581000,102,55,47,3172.2
19670006582000,5,3,2,146
19670006583000,1,0,1,0
19670006584000,242,132,110,8929.8
19670006585000,18,8,10,529.2
19670006587000,6,3,3,193.2
19670006588000,112,47,65,6059.2
19670006589000,31,18,13,1178
19670006590000,8,4,4,448.8
19670006591000,7,3,4,205.1
19670006614000,1,1,0,0
19670006615000,3,2,1,0
19670006616000,13,8,5,504.4
19670006617000,23,12,11,775.1
19670006619000,33,16,17,1570.8
19670006620000,6,3,3,408
19670006622000,8,4,4,254.4
19670006624000,11,5,6,437.8
19670006625000,25,12,13,1025
19670006626000,2,1,1,0
19670006629000,37,22,15,1232.1
19670006630000,10,5,5,548
19670006633000,200,100,100,7620
19670006634000,159,82,77,5596.8
19670006635000,39,24,15,1318.2
19670006637000,2,1,1,0
19670006638000,12,6,6,687.6
19670006639000,30,15,15,1215
19670006652000,1,1,0,0
19670006657000,52,22,30,2553.2
19670006658000,88,44,44,4056.8
19670006663000,364,190,174,12048.4
19670006664000,1360,722,638,53176
19670006665000,1687,785,902,71022.7
19670006666000,118,56,62,3882.2
19670006667000,59,32,27,1799.5
19670006669000,30,12,18,1146
19670006682000,32,16,16,1305.6
19670006686000,3,2,1,0
19670006687000,4,2,2,0
19670006688000,12,4,8,732
19670006692000,13,7,6,799.5
19670006694000,6,3,3,403.8
19670006695000,9,5,4,380.7
19670006696000,2,2,0,0
19670006697000,8,6,2,368.8
19670006706000,77,39,38,2949.1
19670006707000,161,81,80,5570.6
19670006709000,86,48,38,3268
19670006710000,136,73,63,5358.4
19670006712000,53,23,30,1812.6
19670006713000,72,38,34,2620.8
19670006715000,193,95,98,6407.6
19670006716000,147,76,71,5777.1
19670006718000,5,3,2,159
19670006719000,349,173,176,12215
19670006720000,993,510,483,35748
19670006721000,400,214,186,14680
19670006722000,366,179,187,11382.6
19670006723000,1916,955,961,64377.6
19670006724000,2405,1145,1260,100288.5
19670006725000,1807,871,936,67581.8
19670006726000,1388,666,722,49968
19670006727000,335,189,146,12797
19670006728000,314,166,148,12308.8
19670006729000,573,293,280,21315.6
19670006730000,204,96,108,10710
19670006732000,2028,1115,913,79497.6
19670006733000,5139,2767,2372,181406.7
19670006734000,6066,3185,2881,220195.8
19670006735000,1357,724,633,55229.9
19670006737000,1969,1007,962,74231.3
19670006738000,2023,955,1068,85168.3
19670006739000,1259,627,632,47212.5
19670006740000,742,361,381,27454
19670006741000,1517,756,761,61135.1
19670006742000,2510,1224,1286,95882
19670006743000,555,280,275,19980
19670006744000,54,28,26,2138.4
19670006745000,48,26,22,1963.2
19670006747000,188,95,93,6448.4
19670006748000,300,154,146,11280
19670006750000,244,114,130,8637.6
19670006751000,105,52,53,4305
19670006752000,256,132,124,9446.4
19670006753000,185,93,92,6808
19670006754000,2,1,1,0
19670006755000,35,17,18,973
19670006758000,7,3,4,270.9
19670006759000,21,10,11,903
19670006760000,26,13,13,824.2
19670006761000,22,9,13,1020.8
19670006762000,46,22,24,1904.4
19670006763000,18,9,9,432
19670006765000,6,2,4,337.8
19670006766000,32,20,12,1286.4
19670006767000,37,16,21,1605.8
19670006768000,25,13,12,812.5
19670006769000,57,31,26,2006.4
19670006770000,32,17,15,1216
19670006771000,19,10,9,634.6
19670006772000,9,5,4,489.6
19670006785000,13,5,8,716.3
19670006787000,13,6,7,687.7
19670006795000,38,15,23,1862
19670006796000,15,8,7,732
19670006797000,4,2,2,0
19670006798000,3,1,2,0
19670006816000,3,2,1,0
19670006817000,4,2,2,0
19670006830000,3,2,1,0
19670006832000,37,18,19,1750.1
19670006834000,10,6,4,541
19670006835000,48,25,23,1656
19670006836000,2,2,0,0
19670006839000,25,16,9,552.5
19670006840000,76,40,36,3131.2
19670006841000,21,10,11,987
19670006842000,22,11,11,1122
19670006845000,2,1,1,0
19670006850000,3,2,1,0
19670006859000,27,15,12,1244.7
19670006860000,10,6,4,442
19670006861000,7,5,2,303.1
19670006862000,1,1,0,0
19670006869000,1,0,1,0
19670006889000,240,124,116,9888
19670006890000,24,10,14,1070.4
19680006517000,50,25,25,1915
19680006518000,71,35,36,2683.8
19680006530000,9,4,5,296.1
19680006531000,5,2,3,224
19680006532000,11,3,8,269.5
19680006533000,1,1,0,0
19680006535000,8,5,3,188
19680006536000,7,4,3,296.8
19680006537000,1,1,0,0
19680006539000,11,5,6,379.5
19680006540000,17,11,6,610.3
19680006545000,13,5,8,642.2
19680006546000,27,13,14,1233.9
19680006549000,13,8,5,301.6
19680006550000,3,2,1,0
19680006551000,11,7,4,445.5
19680006552000,30,14,16,882
19680006553000,11,6,5,370.7
19680006554000,52,24,28,1996.8
19680006555000,144,61,83,5270.4
19680006556000,32,17,15,1161.6
19680006557000,7,3,4,212.8
19680006558000,622,323,299,18660
19680006559000,1057,532,525,39003.3
19680006560000,1276,637,639,44149.6
19680006561000,1633,805,828,65320
19680006562000,1060,532,528,40386
19680006563000,32,19,13,1203.2
19680006564000,9,4,5,401.4
19680006565000,2,1,1,0
19680006567000,5,2,3,148
19680006568000,278,141,137,11064.4
19680006569000,2446,1182,1264,104933.4
19680006570000,2808,1394,1414,105019.2
19680006571000,1708,832,876,67636.8
19680006572000,3862,1928,1934,134011.4
19680006573000,4625,2502,2123,163262.5
19680006574000,352,197,155,13024
19680006575000,1354,717,637,46983.8
19680006576000,2143,1080,1063,78433.8
19680006577000,2607,1315,1292,91766.4
19680006578000,7,3,4,336
19680006580000,2,1,1,0
19680006584000,67,29,38,2157.4
19680006587000,43,19,24,1569.5
19680006588000,535,258,277,17227
19680006589000,130,67,63,4381
19680006590000,43,20,23,1586.7
19680006607000,7,4,3,434.7
19680006608000,5,3,2,229
19680006609000,6,4,2,369
19680006610000,12,6,6,478.8
19680006611000,12,6,6,453.6
19680006616000,13,6,7,679.9
19680006620000,10,4,6,502
19680006621000,2,1,1,0
19680006622000,5,2,3,121
19680006623000,4,2,2,0
19680006624000,17,11,6,625.6
19680006625000,102,51,51,3876
19680006626000,39,19,20,1201.2
19680006627000,4,2,2,0
19680006633000,65,34,31,2418
19680006634000,277,141,136,9418
19680006640000,2,1,1,0
19680006641000,1,0,1,0
19680006642000,13,7,6,474.5
19680006643000,4,3,1,0
19680006644000,10,6,4,345
19680006646000,1,0,1,0
19680006648000,11,7,4,418
19680006653000,2,2,0,0
19680006654000,3,1,2,0
19680006657000,7,2,5,258.3
19680006664000,500,244,256,21450
19680006665000,459,229,230,22169.7
19680006666000,1182,589,593,45270.6
19680006667000,234,121,113,7464.6
19680006668000,16,9,7,534.4
19680006669000,43,19,24,1483.5
19680006670000,32,15,17,1286.4
19680006672000,1,1,0,0
19680006681000,14,8,6,583.8
19680006682000,3,1,2,0
19680006683000,7,5,2,147.7
19680006686000,5,4,1,204
19680006688000,13,5,8,594.1
19680006692000,3,1,2,0
19680006693000,4,3,1,0
19680006694000,10,5,5,517
19680006695000,6,4,2,178.8
19680006696000,3,2,1,0
19680006697000,4,2,2,0
19680006698000,1,1,0,0
19680006706000,3,1,2,0
19680006707000,51,25,26,2300.1
19680006708000,58,28,30,1815.4
19680006709000,259,141,118,8650.6
19680006710000,229,116,113,7923.4
19680006712000,2,1,1,0
19680006713000,316,152,164,10902
19680006714000,483,240,243,18064.2
19680006715000,240,123,117,8568
19680006716000,7,2,5,177.8
19680006717000,3,1,2,0
19680006718000,3,2,1,0
19680006719000,6,4,2,199.8
19680006720000,127,62,65,4584.7
19680006721000,8,5,3,451.2
19680006722000,42,21,21,1755.6
19680006723000,239,118,121,8747.4
19680006724000,1778,874,904,65074.8
19680006725000,1825,858,967,74825
19680006726000,1370,656,714,48498
19680006727000,1375,673,702,50600
19680006728000,2444,1218,1226,88961.6
19680006729000,1840,881,959,70472
19680006730000,2920,1589,1331,103076
19680006731000,2749,1513,1236,95390.3
19680006732000,5182,2725,2457,189143
19680006733000,2682,1427,1255,97624.8
19680006734000,4252,2224,2028,162001.2
19680006735000,6882,3520,3362,258763.2
19680006736000,2090,1020,1070,90079
19680006737000,142,74,68,4316.8
19680006738000,82,39,43,2460
19680006739000,510,258,252,19329
19680006740000,609,304,305,27100.5
19680006741000,1051,538,513,42985.9
19680006742000,2544,1154,1390,117278.4
19680006743000,392,200,192,13876.8
19680006745000,10,3,7,326
19680006746000,8,3,5,299.2
19680006747000,117,64,53,3919.5
19680006748000,763,395,368,28078.4
19680006751000,1100,526,574,50380
19680006752000,353,170,183,12884.5
19680006753000,5,2,3,157
19680006754000,11,8,3,445.5
19680006755000,11,8,3,325.6
19680006756000,19,9,10,1060.2
19680006757000,2,1,1,0
19680006758000,7,3,4,427
19680006759000,201,101,100,6854.1
19680006760000,148,83,65,5076.4
19680006761000,54,32,22,2284.2
19680006765000,11,5,6,484
19680006766000,7,3,4,245
19680006768000,14,9,5,631.4
19680006769000,3,1,2,0
19680006771000,14,6,8,441
19680006772000,29,17,12,1226.7
19680006773000,65,30,35,2158
19680006774000,45,24,21,1467
19680006778000,2,1,1,0
19680006783000,1,1,0,0
19680006784000,14,7,7,603.4
19680006785000,14,5,9,665
19680006786000,6,4,2,292.8
19680006790000,1,0,1,0
19680006794000,21,13,8,955.5
19680006795000,17,11,6,800.7
19680006799000,6,3,3,144
19680006824000,2,2,0,0
19680006827000,6,5,1,319.8
19680006829000,4,2,2,0
19680006830000,9,6,3,469.8
19680006835000,13,6,7,791.7
19680006836000,17,9,8,596.7
19680006845000,14,7,7,908.6
19680006846000,5,3,2,359
19680006868000,7,5,2,198.1
19680006869000,8,4,4,344.8
19680006873000,2,1,1,0
19680006890000,72,39,33,2872.8
19680006891000,19,8,11,917.7
19680006892000,1,1,0,0
19690006513000,65,36,29,2437.5
19690006514000,51,27,24,2034.9
19690006515000,6,3,3,238.8
19690006517000,70,41,29,2226
19690006518000,505,256,249,18432.5
19690006533000,15,8,7,579
19690006535000,8,6,2,320
19690006536000,8,4,4,310.4
19690006539000,4,2,2,0
19690006540000,2,1,1,0
19690006541000,8,4,4,411.2
19690006545000,12,6,6,408
19690006546000,20,9,11,618
19690006547000,23,11,12,1000.5
19690006548000,4,2,2,0
19690006549000,25,12,13,900
19690006551000,8,4,4,452.8
19690006552000,381,186,195,13182.6
19690006553000,31,17,14,1512.8
19690006555000,18,8,10,568.8
19690006556000,9,5,4,342
19690006557000,19,11,8,571.9
19690006559000,15,8,7,607.5
19690006560000,106,54,52,3826.6
19690006561000,253,124,129,8753.8
19690006563000,385,201,184,13321
19690006565000,100,53,47,2560
19690006569000,6,1,5,213
19690006570000,32,15,17,1404.8
19690006571000,337,146,191,14457.3
19690006572000,4063,2082,1981,148705.8
19690006573000,3208,1825,1383,108751.2
19690006574000,367,200,167,15854.4
19690006575000,754,384,370,25786.8
19690006576000,2336,1160,1176,77088
19690006577000,536,260,276,17848.8
19690006581000,6,3,3,304.2
19690006582000,8,4,4,372.8
19690006586000,28,16,12,991.2
19690006587000,7,5,2,338.8
19690006589000,19,10,9,809.4
19690006590000,106,53,53,3169.4
19690006607000,2,1,1,0
19690006609000,1,1,0,0
19690006610000,17,9,8,646
19690006613000,3,1,2,0
19690006618000,2,2,0,0
19690006622000,12,7,5,486
19690006623000,14,7,7,495.6
19690006624000,189,102,87,5518.8
19690006625000,90,51,39,3537
19690006626000,12,6,6,526.8
19690006627000,8,5,3,228.8
19690006629000,5,3,2,211
19690006633000,3,2,1,0
19690006634000,79,42,37,2670.2
19690006638000,9,4,5,473.4
19690006642000,3,1,2,0
19690006643000,100,51,49,3760
19690006644000,153,72,81,5661
19690006645000,26,14,12,1008.8
19690006646000,15,7,8,697.5
19690006648000,2,1,1,0
19690006649000,1,1,0,0
19690006650000,5,3,2,268
19690006651000,1,1,0,0
19690006665000,195,100,95,7117.5
19690006666000,1005,494,511,35577
19690006667000,1291,666,625,48541.6
19690006668000,815,401,414,29829
19690006669000,117,58,59,3755.7
19690006670000,64,32,32,2700.8
19690006671000,27,15,12,1044.9
19690006673000,9,6,3,277.2
19690006679000,11,6,5,630.3
19690006680000,18,10,8,428.4
19690006683000,41,20,21,1574.4
19690006684000,15,8,7,652.5
19690006686000,27,13,14,710.1
19690006688000,6,3,3,382.8
19690006705000,97,54,43,2958.5
19690006706000,184,96,88,7176
19690006707000,98,54,44,3420.2
19690006708000,337,179,158,11525.4
19690006709000,1033,508,525,30680.1
19690006710000,114,56,58,4286.4
19690006713000,57,31,26,2200.2
19690006714000,7,2,5,366.8
19690006715000,14,9,5,701.4
19690006719000,7,2,5,195.3
19690006720000,59,25,34,1775.9
19690006721000,81,37,44,3564
19690006722000,1545,793,752,50521.5
19690006723000,903,454,449,28896
19690006724000,1718,857,861,60301.8
19690006725000,1524,765,759,63093.6
19690006726000,1904,946,958,71971.2
19690006727000,1300,626,674,40300
19690006728000,2901,1388,1513,108787.5
19690006729000,3701,1687,2014,158402.8
19690006730000,6594,3047,3547,254528.4
19690006731000,4424,2197,2227,158821.6
19690006732000,2287,1156,1131,89193
19690006733000,2738,1358,1380,110889
19690006734000,6,2,4,237
19690006738000,6,2,4,225
19690006739000,214,112,102,7746.8
19690006740000,312,154,158,8767.2
19690006741000,1867,882,985,74866.7
19690006742000,1658,819,839,67480.6
19690006743000,472,216,256,23222.4
19690006744000,61,31,30,2305.8
19690006747000,13,10,3,442
19690006748000,731,368,363,22295.5
19690006749000,4,2,2,0
19690006751000,774,384,390,29412
19690006752000,92,42,50,3339.6
19690006754000,14,7,7,560
19690006755000,1,0,1,0
19690006756000,22,14,8,851.4
19690006757000,47,26,21,1753.1
19690006758000,99,46,53,3722.4
19690006759000,39,23,16,1641.9
19690006760000,20,11,9,994
19690006762000,2,0,2,0
19690006763000,12,6,6,508.8
19690006764000,12,6,6,472.8
19690006765000,35,18,17,1396.5
19690006767000,9,4,5,295.2
19690006768000,23,11,12,1150
19690006770000,31,17,14,1147
19690006771000,5,1,4,80
19690006772000,12,7,5,450
19690006773000,15,7,8,739.5
19690006785000,21,9,12,1005.9
19690006786000,13,8,5,452.4
19690006787000,51,25,26,2249.1
19690006788000,15,9,6,451.5
19690006795000,3,3,0,0
19690006796000,10,6,4,529
19690006810000,18,9,9,671.4
19690006828000,18,7,11,903.6
19690006829000,5,3,2,115
19690006835000,7,4,3,210
19690006836000,12,8,4,517.2
19690006841000,83,41,42,3801.4
19690006842000,126,56,70,5128.2
19690006845000,5,2,3,240
19690006846000,6,3,3,255
19690006849000,4,3,1,0
19690006873000,6,4,2,264
19690006889000,4,2,2,0
19690006890000,33,19,14,1098.9
19690006893000,6,4,2,379.8
19690006894000,18,9,9,662.4
19690006897000,12,7,5,711.6
19700006513000,46,24,22,2079.2
19700006514000,10,5,5,398
19700006515000,45,25,20,2079
19700006518000,29,16,13,1371.7
19700006519000,15,8,7,640.5
19700006531000,5,2,3,200
19700006539000,5,3,2,187
19700006540000,7,4,3,198.1
19700006548000,30,17,13,954
19700006549000,42,22,20,949.2
19700006550000,944,490,454,23505.6
19700006551000,1291,650,641,43894
19700006552000,1006,563,443,32292.6
19700006553000,17,7,10,688.5
19700006555000,11,6,5,256.3
19700006556000,25,12,13,932.5
19700006557000,159,82,77,6153.3
19700006558000,8,4,4,376.8
19700006559000,48,26,22,1728
19700006561000,625,323,302,21812.5
19700006563000,22,7,15,792
19700006572000,17,8,9,926.5
19700006575000,641,323,318,22755.5
19700006576000,420,212,208,14448
19700006577000,23,9,14,989
19700006581000,242,127,115,8421.6
19700006582000,1,1,0,0
19700006587000,26,16,10,834.6
19700006588000,2,2,0,0
19700006590000,9,4,5,261.9
19700006610000,16,8,8,489.6
19700006611000,22,12,10,719.4
19700006613000,3,2,1,0
19700006614000,48,28,20,1497.6
19700006616000,2,1,1,0
19700006617000,5,3,2,297
19700006618000,1,1,0,0
19700006620000,7,3,4,249.9
19700006622000,19,12,7,596.6
19700006624000,9,6,3,332.1
19700006625000,10,6,4,453
19700006630000,6,4,2,193.2
19700006631000,7,5,2,380.1
19700006632000,13,9,4,534.3
19700006633000,11,5,6,553.3
19700006634000,15,6,9,808.5
19700006635000,4,2,2,0
19700006643000,49,23,26,1558.2
19700006644000,30,16,14,1488
19700006645000,1,1,0,0
19700006647000,23,12,11,853.3
19700006648000,4,2,2,0
19700006649000,4,1,3,0
19700006650000,22,13,9,855.8
19700006652000,12,5,7,507.6
19700006667000,23,11,12,867.1
19700006668000,160,70,90,6656
19700006670000,8,3,5,264
19700006671000,53,22,31,2082.9
19700006672000,54,29,25,1954.8
19700006673000,24,12,12,775.2
19700006674000,17,7,10,649.4
19700006675000,6,3,3,214.8
19700006677000,19,11,8,661.2
19700006678000,5,3,2,175
19700006679000,3,2,1,0
19700006684000,9,5,4,273.6
19700006686000,32,17,15,1321.6
19700006687000,12,6,6,583.2
19700006688000,41,19,22,1775.3
19700006689000,71,32,39,2343
19700006691000,13,7,6,642.2
19700006692000,1,0,1,0
19700006693000,1,0,1,0
19700006694000,1,0,1,0
19700006705000,415,217,198,12533
19700006706000,520,272,248,16588
19700006707000,478,237,241,17447
19700006708000,296,144,152,10478.4
19700006709000,10,5,5,337
19700006711000,1,1,0,0
19700006713000,3,1,2,0
19700006715000,6,3,3,327
19700006719000,34,18,16,1649
19700006720000,6,3,3,216
19700006721000,115,63,52,5117.5
19700006722000,244,118,126,11614.4
19700006723000,13,6,7,383.5
19700006724000,272,139,133,10988.8
19700006725000,66,36,30,2923.8
19700006726000,87,45,42,3393
19700006727000,717,369,348,22800.6
19700006728000,1768,874,894,53924
19700006729000,515,258,257,19467
19700006730000,1783,813,970,74707.7
19700006731000,1519,735,784,56506.8
19700006732000,311,149,162,11507
19700006733000,47,20,27,1602.7
19700006737000,20,10,10,860
19700006738000,94,47,47,2885.8
19700006739000,23,14,9,1147.7
19700006741000,1124,553,571,39564.8
19700006742000,2117,1021,1096,89549.1
19700006743000,790,383,407,26702
19700006744000,65,33,32,2509
19700006745000,15,7,8,709.5
19700006746000,7,3,4,317.1
19700006747000,274,147,127,8685.8
19700006748000,123,63,60,4538.7
19700006752000,45,21,24,1755
19700006753000,17,11,6,630.7
19700006759000,8,4,4,335.2
19700006760000,1,0,1,0
19700006761000,9,5,4,288.9
19700006763000,11,5,6,463.1
19700006765000,4,3,1,0
19700006768000,18,9,9,916.2
19700006769000,19,13,6,925.3
19700006770000,27,15,12,1155.6
19700006771000,21,11,10,1024.8
19700006772000,33,13,20,1527.9
19700006782000,33,18,15,1009.8
19700006783000,4,3,1,0
19700006787000,8,3,5,218.4
19700006789000,25,11,14,1050
19700006790000,12,7,5,452.4
19700006800000,21,12,9,1167.6
19700006802000,31,15,16,868
19700006803000,2,1,1,0
19700006810000,2,1,1,0
19700006811000,3,2,1,0
19700006827000,5,3,2,356
19700006828000,5,4,1,260
19700006829000,5,2,3,170
19700006830000,4,2,2,0
19700006831000,19,6,13,803.7
19700006832000,6,2,4,274.8
19700006835000,8,5,3,443.2
19700006836000,14,8,6,754.6
19700006839000,20,12,8,1180
19700006840000,17,7,10,659.6
19700006841000,139,64,75,8409.5
19700006842000,250,130,120,10400
19700006844000,3,2,1,0
19700006847000,4,2,2,0
19700006849000,2,1,1,0
19700006852000,1,1,0,0
19700006868000,44,24,20,1201.2
19700006869000,418,224,194,15257
19700006870000,49,25,24,1563.1
19700006878000,3,1,2,0
19700006889000,5,3,2,223
19700006891000,3,1,2,0
19700006893000,3,1,2,0
19700006897000,64,29,35,3168
19710006515000,96,50,46,4128
19710006516000,45,21,24,1561.5
19710006519000,15,8,7,769.5
19710006520000,19,9,10,499.7
19710006521000,15,8,7,532.5
19710006524000,3,2,1,0
19710006532000,2,1,1,0
19710006533000,7,4,3,266
19710006536000,7,4,3,417.2
19710006540000,2,1,1,0
19710006549000,651,329,322,23370.9
19710006550000,2028,1028,1000,66924
19710006551000,352,182,170,13235.2
19710006552000,16,9,7,542.4
19710006553000,14,8,6,662.2
19710006554000,30,14,16,1173
19710006556000,43,21,22,1414.7
19710006557000,157,77,80,5589.2
19710006558000,24,13,11,760.8
19710006559000,53,28,25,1738.4
19710006561000,36,19,17,1479.6
19710006562000,7,6,1,312.9
19710006564000,2,1,1,0
19710006567000,2,1,1,0
19710006568000,20,12,8,1010
19710006575000,260,136,124,7982
19710006576000,445,229,216,16020
19710006581000,34,16,18,1176.4
19710006584000,2,2,0,0
19710006585000,31,17,14,1267.9
19710006586000,218,104,114,7194
19710006587000,54,24,30,1971
19710006590000,11,5,6,476.3
19710006610000,13,5,8,616.2
19710006611000,3,2,1,0
19710006613000,11,5,6,232.1
19710006614000,5,2,3,78
19710006615000,4,3,1,0
19710006621000,39,23,16,1404
19710006622000,21,9,12,701.4
19710006632000,14,5,9,590.8
19710006633000,1,1,0,0
19710006634000,6,2,4,168
19710006635000,49,25,24,1675.8
19710006636000,7,3,4,340.2
19710006652000,4,2,2,0
19710006653000,27,15,12,1255.5
19710006678000,2,1,1,0
19710006679000,4,2,2,0
19710006680000,5,3,2,371
19710006682000,34,14,20,1611.6
19710006683000,32,11,21,1244.8
19710006684000,12,4,8,363.6
19710006685000,8,4,4,396
19710006686000,9,7,2,316.8
19710006687000,6,2,4,412.2
19710006688000,29,13,16,1400.7
19710006689000,97,45,52,4219.5
19710006690000,107,48,59,5949.2
19710006691000,7,3,4,324.1
19710006705000,6,5,1,241.2
19710006707000,32,19,13,1219.2
19710006708000,599,326,273,19587.3
19710006709000,1044,515,529,34034.4
19710006710000,80,40,40,3056
19710006711000,428,211,217,16092.8
19710006712000,605,306,299,22748
19710006713000,54,32,22,2251.8
19710006714000,15,9,6,691.5
19710006715000,47,32,15,1654.4
19710006716000,244,124,120,9003.6
19710006717000,21,12,9,1058.4
19710006718000,69,35,34,2884.2
19710006719000,159,75,84,6678
19710006720000,71,35,36,2811.6
19710006721000,34,17,17,1394
19710006723000,63,36,27,1908.9
19710006724000,35,20,15,1137.5
19710006726000,7,3,4,230.3
19710006727000,92,51,41,2999.2
19710006728000,720,359,361,21168
19710006729000,2,1,1,0
19710006738000,3,2,1,0
19710006740000,23,11,12,991.3
19710006741000,2905,1414,1491,95284
19710006742000,1354,669,685,45494.4
19710006743000,250,134,116,7650
19710006744000,324,159,165,10724.4
19710006745000,80,43,37,3304
19710006746000,553,273,280,20848.1
19710006747000,524,255,269,14724.4
19710006749000,19,7,12,718.2
19710006750000,136,66,70,4936.8
19710006752000,11,8,3,503.8
19710006754000,4,2,2,0
19710006755000,2,2,0,0
19710006757000,3,2,1,0
19710006759000,16,7,9,452.8
19710006760000,1,1,0,0
19710006761000,7,3,4,361.9
19710006768000,23,13,10,952.2
19710006770000,5,3,2,250
19710006771000,48,25,23,1804.8
19710006772000,10,6,4,557
19710006775000,5,2,3,196
19710006776000,3,2,1,0
19710006777000,4,1,3,0
19710006779000,10,7,3,438
19710006780000,14,4,10,463.4
19710006783000,35,22,13,1515.5
19710006784000,17,9,8,676.6
19710006789000,22,14,8,1148.4
19710006790000,4,2,2,0
19710006798000,10,3,7,453
19710006803000,61,31,30,2354.6
19710006808000,2,1,1,0
19710006810000,18,9,9,961.2
19710006827000,4,3,1,0
19710006829000,1,0,1,0
19710006835000,24,12,12,993.6
19710006836000,2,1,1,0
19710006839000,41,23,18,2119.7
19710006840000,41,20,21,1586.7
19710006841000,56,28,28,2228.8
19710006842000,5,3,2,296
19710006843000,3,3,0,0
19710006847000,4,2,2,0
19710006849000,2,0,2,0
19710006850000,12,3,9,506.4
19710006852000,10,4,6,343
19710006868000,318,166,152,9826.2
19710006869000,1061,566,495,41909.5
19710006870000,598,303,295,23142.6
19710006874000,3,2,1,0
19710006875000,12,10,2,338.4
19710006876000,1,1,0,0
19710006877000,2,1,1,0
19710006880000,1,0,1,0
19710006883000,7,3,4,249.9
19710006884000,9,3,6,303.3
19710006890000,2,1,1,0
19710006894000,16,7,9,638.4
19710006895000,9,5,4,249.3
19710006897000,42,20,22,2293.2
19720006512000,5,2,3,145
19720006515000,24,14,10,1039.2
19720006516000,64,34,30,2982.4
19720006520000,15,9,6,475.5
19720006521000,15,8,7,684
19720006541000,9,5,4,369
19720006542000,12,6,6,501.6
19720006548000,15,9,6,792
19720006549000,21,8,13,634.2
19720006550000,1246,606,640,45603.6
19720006551000,2,1,1,0
19720006553000,16,6,10,700.8
19720006556000,6,3,3,259.8
19720006557000,2,2,0,0
19720006558000,34,17,17,1298.8
19720006560000,3,1,2,0
19720006561000,21,8,13,753.9
19720006562000,15,10,5,730.5
19720006563000,7,5,2,312.2
19720006565000,33,14,19,1280.4
19720006566000,48,27,21,1545.6
19720006567000,114,59,55,4423.2
19720006568000,24,13,11,914.4
19720006585000,38,17,21,1535.2
19720006586000,275,141,134,8360
19720006587000,105,55,50,2982
19720006588000,40,23,17,1488
19720006589000,49,26,23,1612.1
19720006611000,3,2,1,0
19720006613000,6,4,2,136.8
19720006614000,7,5,2,210.7
19720006615000,15,8,7,757.5
19720006622000,1,0,1,0
19720006630000,24,12,12,818.4
19720006631000,2,1,1,0
19720006633000,2,2,0,0
19720006635000,4,1,3,0
19720006636000,4,2,2,0
19720006647000,1,1,0,0
19720006652000,21,13,8,764.4
19720006653000,29,14,15,1328.2
19720006669000,16,10,6,540.8
19720006670000,14,5,9,547.4
19720006671000,19,13,6,689.7
19720006672000,7,4,3,322
19720006673000,24,13,11,1024.8
19720006674000,10,4,6,565
19720006677000,1,1,0,0
19720006682000,2,1,1,0
19720006685000,4,4,0,0
19720006689000,12,6,6,350.4
19720006690000,9,2,7,361.8
19720006692000,13,8,5,491.4
19720006693000,22,11,11,972.4
19720006694000,37,22,15,1302.4
19720006695000,48,25,23,2136
19720006709000,368,176,192,15014.4
19720006710000,1213,604,609,49733
19720006711000,504,249,255,21420
19720006712000,895,425,470,34994.5
19720006713000,26,15,11,933.4
19720006714000,8,3,5,443.2
19720006715000,376,192,184,12746.4
19720006716000,722,364,358,26641.8
19720006717000,52,28,24,2282.8
19720006718000,85,44,41,3289.5
19720006719000,23,9,14,1219
19720006720000,2,1,1,0
19720006721000,34,17,17,1237.6
19720006722000,76,37,39,3230
19720006723000,22,15,7,807.4
19720006724000,87,47,40,3140.7
19720006728000,143,84,59,4719
19720006729000,8,4,4,276
19720006739000,5,4,1,133
19720006740000,104,50,54,3806.4
19720006741000,78,38,40,3556.8
19720006742000,42,20,22,1764
19720006743000,33,20,13,1389.3
19720006744000,135,89,46,5089.5
19720006745000,92,63,29,3864
19720006746000,94,47,47,3064.4
19720006747000,36,20,16,928.8
19720006748000,33,18,15,867.9
19720006749000,15,8,7,589.5
19720006750000,33,17,16,1442.1
19720006751000,34,15,19,1241
19720006753000,35,19,16,1550.5
19720006754000,20,11,9,908
19720006755000,50,27,23,1995
19720006756000,10,7,3,334
19720006757000,8,5,3,403.2
19720006758000,5,2,3,147
19720006759000,22,12,10,605
19720006760000,22,11,11,1163.8
19720006761000,2,1,1,0
19720006762000,47,26,21,2086.8
19720006763000,69,36,33,2656.5
19720006764000,6,2,4,214.8
19720006765000,14,7,7,579.6
19720006766000,8,4,4,184
19720006767000,22,11,11,935
19720006768000,25,9,16,955
19720006769000,20,12,8,880
19720006770000,10,5,5,444
19720006771000,17,7,10,875.5
19720006772000,22,12,10,829.4
19720006774000,1,0,1,0
19720006775000,8,4,4,412.8
19720006777000,4,3,1,0
19720006778000,33,18,15,1293.6
19720006781000,1,1,0,0
19720006783000,38,18,20,1732.8
19720006784000,2,1,1,0
19720006787000,6,3,3,342
19720006788000,4,3,1,0
19720006796000,6,2,4,193.2
19720006797000,16,8,8,662.4
19720006798000,15,5,10,841.5
19720006799000,5,2,3,181
19720006810000,12,3,9,496.8
19720006811000,9,3,6,237.6
19720006819000,12,7,5,579.6
19720006827000,33,17,16,1161.6
19720006829000,6,3,3,364.8
19720006835000,8,6,2,483.2
19720006836000,2,1,1,0
19720006837000,5,3,2,81
19720006839000,26,12,14,1359.8
19720006840000,8,5,3,388
19720006841000,49,26,23,2229.5
19720006842000,4,2,2,0
19720006843000,16,8,8,561.6
19720006844000,6,2,4,286.8
19720006845000,4,2,2,0
19720006850000,5,2,3,156
19720006852000,2,2,0,0
19720006858000,2,1,1,0
19720006868000,572,297,275,19448
19720006869000,874,410,464,36358.4
19720006870000,500,258,242,20050
19720006875000,3,1,2,0
19720006876000,1,1,0,0
19720006883000,13,8,5,374.4
19720006884000,19,7,12,706.8
19720006891000,2,2,0,0
19720006893000,16,8,8,604.8
19720006894000,26,12,14,1492.4
19720006895000,38,20,18,1930.4
19720006897000,105,56,49,4095
19730006510000,9,5,4,369.9
19730006511000,3,2,1,0
19730006512000,67,33,34,3537.6
19730006514000,244,139,105,6344
19730006515000,102,58,44,4141.2
19730006516000,24,13,11,1144.8
19730006520000,11,6,5,324.5
19730006526000,13,7,6,410.8
19730006527000,3,2,1,0
19730006536000,1,1,0,0
19730006537000,11,5,6,213.4
19730006542000,3,2,1,0
19730006545000,3,2,1,0
19730006548000,20,11,9,872
19730006549000,9,4,5,388.8
19730006550000,1722,871,851,53037.6
19730006551000,5,2,3,153
19730006555000,13,9,4,401.7
19730006556000,14,9,5,435.4
19730006557000,15,7,8,493.5
19730006558000,49,28,21,2102.1
19730006560000,6,2,4,211.8
19730006561000,12,7,5,380.4
19730006563000,12,8,4,474
19730006564000,64,35,29,2323.2
19730006565000,78,36,42,3244.8
19730006566000,344,187,157,11180
19730006567000,1787,924,863,56826.6
19730006568000,630,315,315,19215
19730006569000,11,5,6,503.8
19730006573000,1,1,0,0
19730006574000,22,10,12,1137.4
19730006575000,1,0,1,0
19730006588000,4,2,2,0
19730006593000,42,22,20,1180.2
19730006613000,14,8,6,561.4
19730006614000,8,4,4,362.4
19730006621000,2,1,1,0
19730006629000,4,3,1,0
19730006630000,6,4,2,211.2
19730006635000,12,6,6,583.2
19730006636000,6,4,2,288
19730006638000,2,1,1,0
19730006647000,11,4,7,302.5
19730006648000,6,4,2,259.8
19730006649000,10,5,5,350
19730006651000,108,54,54,4816.8
19730006670000,7,5,2,368.9
19730006671000,1,1,0,0
19730006672000,6,4,2,148.8
19730006673000,2,1,1,0
19730006676000,18,11,7,637.2
19730006677000,2,1,1,0
19730006683000,12,6,6,442.8
19730006684000,2,1,1,0
19730006685000,4,2,2,0
19730006687000,7,3,4,128.8
19730006688000,8,4,4,332.8
19730006689000,5,3,2,228
19730006690000,8,4,4,316.8
19730006691000,20,9,11,688
19730006692000,2,1,1,0
19730006693000,215,101,114,8084
19730006694000,284,135,149,12638
19730006695000,10,6,4,407
19730006709000,76,36,40,3754.4
19730006710000,615,270,345,29458.5
19730006711000,659,349,310,20956.2
19730006712000,250,126,124,6775
19730006713000,18,11,7,797.4
19730006716000,11,8,3,367.4
19730006719000,3,3,0,0
19730006720000,56,34,22,2189.6
19730006721000,9,6,3,388.8
19730006722000,2,1,1,0
19730006723000,21,13,8,955.5
19730006724000,74,35,39,2205.2
19730006725000,26,13,13,842.4
19730006728000,47,25,22,2143.2
19730006729000,68,32,36,2842.4
19730006730000,4,3,1,0
19730006732000,3,2,1,0
19730006733000,20,10,10,966
19730006739000,89,51,38,3568.9
19730006740000,187,96,91,6881.6
19730006741000,12,4,8,259.2
19730006742000,152,81,71,4818.4
19730006743000,158,72,86,5245.6
19730006744000,389,204,185,12409.1
19730006745000,89,59,30,3364.2
19730006747000,49,24,25,1396.5
19730006748000,2,1,1,0
19730006750000,25,14,11,1097.5
19730006753000,324,159,165,11664
19730006754000,98,50,48,4125.8
19730006755000,212,112,100,6487.2
19730006756000,48,26,22,1862.4
19730006757000,43,17,26,1307.2
19730006759000,17,9,8,647.7
19730006760000,20,8,12,576
19730006761000,29,15,14,1162.9
19730006762000,57,28,29,2844.3
19730006763000,125,62,63,4862.5
19730006764000,50,27,23,1645
19730006765000,26,9,17,998.4
19730006766000,38,17,21,1539
19730006767000,27,14,13,807.3
19730006768000,108,59,49,3769.2
19730006769000,4,3,1,0
19730006773000,6,2,4,178.8
19730006774000,30,15,15,1041
19730006778000,31,19,12,1432.2
19730006779000,65,30,35,1995.5
19730006780000,19,9,10,712.5
19730006781000,18,9,9,660.6
19730006783000,45,18,27,2137.5
19730006787000,17,10,7,739.5
19730006796000,2,2,0,0
19730006820000,21,11,10,850.5
19730006827000,75,29,46,4785
19730006835000,15,9,6,489
19730006836000,4,3,1,0
19730006837000,18,10,8,984.6
19730006839000,61,35,26,2372.9
19730006840000,5,4,1,226
19730006843000,14,5,9,750.4
19730006848000,13,5,8,543.4
19730006850000,5,3,2,167
19730006856000,8,5,3,251.2
19730006858000,7,4,3,296.8
19730006865000,5,3,2,358
19730006866000,3,1,2,0
19730006868000,21,10,11,709.8
19730006869000,1343,668,675,50631.1
19730006870000,243,138,105,10594.8
19730006873000,1,1,0,0
19730006882000,1,0,1,0
19730006883000,6,4,2,325.2
19730006894000,1,1,0,0
19730006895000,17,10,7,557.6
19730006896000,18,9,9,610.2
19730006897000,222,118,104,8924.4
19740006511000,97,87,10,3947.9
19740006512000,220,122,98,9372
19740006513000,197,101,96,6422.2
19740006514000,757,400,357,23315.6
19740006515000,207,108,99,8176.5
19740006520000,2,1,1,0
19740006521000,1,1,0,0
19740006527000,5,3,2,79
19740006536000,5,3,2,168
19740006541000,5,1,4,166
19740006546000,15,9,6,628.5
19740006547000,2,1,1,0
19740006548000,14,9,5,666.4
19740006549000,15,7,8,576
19740006550000,28,13,15,1271.2
19740006556000,24,11,13,796.8
19740006558000,59,38,21,1858.5
19740006561000,11,6,5,449.9
19740006562000,13,10,3,535.6
19740006563000,7,3,4,223.3
19740006565000,6,3,3,115.8
19740006566000,47,28,19,1936.4
19740006567000,1258,651,607,41891.4
19740006568000,744,368,376,29239.2
19740006571000,24,12,12,1044
19740006572000,2,1,1,0
19740006573000,7,4,3,303.8
19740006581000,2,1,1,0
19740006582000,3,1,2,0
19740006585000,11,6,5,314.6
19740006588000,7,3,4,284.2
19740006592000,5,2,3,169
19740006593000,8,4,4,328.8
19740006594000,28,13,15,1596
19740006613000,1,0,1,0
19740006614000,9,5,4,286.2
19740006615000,19,10,9,965.2
19740006616000,1,0,1,0
19740006630000,8,5,3,308.8
19740006634000,7,4,3,401.8
19740006635000,59,28,31,1852.6
19740006636000,57,32,25,1955.1
19740006637000,37,18,19,1383.8
19740006638000,17,9,8,499.8
19740006639000,5,3,2,302
19740006646000,1,1,0,0
19740006647000,16,5,11,550.4
19740006649000,9,6,3,309.6
19740006650000,50,26,24,1730
19740006651000,55,23,32,2238.5
19740006671000,10,6,4,505
19740006678000,1,0,1,0
19740006683000,8,4,4,418.4
19740006684000,2,1,1,0
19740006690000,5,2,3,323
19740006693000,60,32,28,2448
19740006694000,48,23,25,2088
19740006695000,5,3,2,203
19740006710000,50,26,24,2380
19740006711000,99,43,56,3286.8
19740006712000,51,27,24,1626.9
19740006717000,13,6,7,409.5
19740006718000,57,29,28,1732.8
19740006721000,29,16,13,1270.2
19740006722000,8,3,5,416
19740006728000,1,1,0,0
19740006729000,549,283,266,22509
19740006730000,141,67,74,5414.4
19740006731000,143,62,81,5877.3
19740006732000,141,69,72,5414.4
19740006733000,110,60,50,3663
19740006737000,6,3,3,381
19740006738000,24,12,12,1173.6
19740006739000,2,1,1,0
19740006740000,460,231,229,16790
19740006741000,392,196,196,14817.6
19740006742000,22,13,9,1137.4
19740006743000,89,42,47,3524.4
19740006745000,10,5,5,578
19740006746000,36,17,19,1263.6
19740006747000,31,19,12,1224.5
19740006748000,2,1,1,0
19740006749000,25,13,12,977.5
19740006750000,40,19,21,1776
19740006751000,40,18,22,1432
19740006753000,155,83,72,3735.5
19740006755000,28,15,13,1036
19740006756000,15,9,6,589.5
19740006757000,13,8,5,504.4
19740006758000,77,40,37,2795.1
19740006759000,25,11,14,877.5
19740006760000,21,10,11,1131.9
19740006762000,9,6,3,453.6
19740006763000,50,26,24,1855
19740006764000,3,1,2,0
19740006774000,12,8,4,591.6
19740006775000,4,3,1,0
19740006781000,11,5,6,497.2
19740006783000,11,6,5,470.8
19740006784000,16,9,7,572.8
19740006785000,1,0,1,0
19740006789000,9,6,3,440.1
19740006791000,7,4,3,426.3
19740006809000,12,5,7,643.2
19740006814000,6,3,3,235.2
19740006816000,6,3,3,309
19740006820000,12,6,6,524.4
19740006822000,4,3,1,0
19740006827000,51,27,24,2198.1
19740006828000,27,14,13,1190.7
19740006829000,10,4,6,290
19740006836000,37,17,20,1280.2
19740006839000,27,12,15,1190.7
19740006840000,22,10,12,921.8
19740006842000,5,1,4,219
19740006843000,9,5,4,527.4
19740006850000,29,18,11,1568.9
19740006858000,5,3,2,244
19740006865000,9,4,5,268.2
19740006869000,1573,760,813,49549.5
19740006870000,505,264,241,17624.5
19740006896000,120,72,48,4980
19740006897000,36,20,16,1634.4
19740006898000,17,10,7,839.8
19750006509000,2,1,1,0
19750006510000,245,134,111,8991.5
19750006511000,366,184,182,10687.2
19750006512000,1688,866,822,58911.2
19750006513000,1821,893,928,71747.4
19750006514000,649,315,334,28361.3
19750006515000,273,134,139,11138.4
19750006516000,6,4,2,328.8
19750006517000,135,72,63,5035.5
19750006520000,4,3,1,0
19750006521000,28,12,16,1318.8
19750006537000,3,2,1,0
19750006547000,1,0,1,0
19750006549000,6,3,3,325.2
19750006550000,9,4,5,476.1
19750006551000,10,6,4,315
19750006552000,12,8,4,436.8
19750006555000,19,9,10,1056.4
19750006556000,14,8,6,540.4
19750006558000,19,8,11,727.7
19750006559000,22,9,13,646.8
19750006562000,1,1,0,0
19750006563000,6,4,2,208.8
19750006566000,454,248,206,15663
19750006567000,639,314,325,19872.9
19750006568000,128,69,59,5094.4
19750006569000,38,20,18,1394.6
19750006570000,21,10,11,875.7
19750006588000,47,29,18,1513.4
19750006592000,42,25,17,1713.6
19750006593000,4,1,3,0
19750006594000,91,47,44,3221.4
19750006595000,51,27,24,1902.3
19750006596000,26,15,11,1047.8
19750006597000,5,2,3,160
19750006615000,4,2,2,0
19750006616000,8,6,2,419.2
19750006617000,2,1,1,0
19750006626000,14,8,6,680.4
19750006627000,35,18,17,1386
19750006628000,9,5,4,560.7
19750006629000,46,23,23,1761.8
19750006630000,23,12,11,880.9
19750006631000,144,63,81,7171.2
19750006632000,8,3,5,371.2
19750006633000,14,7,7,831.6
19750006634000,19,11,8,708.7
19750006635000,10,4,6,271
19750006636000,3,2,1,0
19750006637000,67,39,28,2606.3
19750006638000,41,22,19,1644.1
19750006639000,19,9,10,978.5
19750006640000,28,11,17,907.2
19750006645000,3,2,1,0
19750006650000,68,37,31,2482
19750006651000,23,13,10,1202.9
19750006658000,13,7,6,647.4
19750006673000,1,0,1,0
19750006674000,4,2,2,0
19750006678000,2,1,1,0
19750006679000,3,2,1,0
19750006680000,12,7,5,570
19750006693000,34,15,19,1390.6
19750006694000,22,11,11,1190.2
19750006696000,1,1,0,0
19750006710000,56,30,26,2268
19750006711000,53,28,25,1632.4
19750006712000,34,19,15,1254.6
19750006713000,54,33,21,1722.6
19750006717000,2,1,1,0
19750006721000,3,0,3,0
19750006722000,50,25,25,1745
19750006723000,27,14,13,826.2
19750006724000,16,10,6,750.4
19750006725000,23,7,16,926.9
19750006729000,71,38,33,3138.2
19750006730000,35,19,16,1722
19750006731000,502,262,240,16817
19750006732000,568,289,279,20277.6
19750006733000,74,34,40,2930.4
19750006734000,33,16,17,1310.1
19750006735000,88,46,42,4004
19750006736000,185,102,83,7104
19750006737000,27,13,14,1525.5
19750006738000,20,11,9,1038
19750006739000,222,119,103,9079.8
19750006740000,890,481,409,33909
19750006741000,473,262,211,17879.4
19750006744000,29,15,14,1426.8
19750006745000,517,266,251,17888.2
19750006746000,337,172,165,12839.7
19750006747000,19,11,8,879.7
19750006748000,21,12,9,850.5
19750006749000,42,19,23,1503.6
19750006750000,57,28,29,2126.1
19750006751000,64,32,32,2265.6
19750006755000,71,36,35,2825.8
19750006756000,63,32,31,2721.6
19750006757000,135,78,57,4549.5
19750006758000,56,28,28,1937.6
19750006759000,6,4,2,177
19750006761000,2,1,1,0
19750006762000,23,12,11,777.4
19750006763000,26,13,13,1079
19750006764000,40,17,23,1480
19750006766000,20,12,8,862
19750006775000,25,11,14,1092.5
19750006780000,6,4,2,127.2
19750006782000,6,3,3,99
19750006783000,32,20,12,1564.8
19750006788000,9,3,6,297.9
19750006789000,5,3,2,326
19750006791000,17,10,7,792.2
19750006809000,9,4,5,277.2
19750006816000,12,5,7,624
19750006819000,8,4,4,468.8
19750006820000,25,13,12,830
19750006826000,9,5,4,450.9
19750006827000,29,17,12,1371.7
19750006833000,1,0,1,0
19750006834000,14,9,5,659.4
19750006836000,20,9,11,982
19750006839000,6,2,4,165
19750006840000,61,29,32,2531.5
19750006841000,22,12,10,985.6
19750006842000,22,10,12,750.2
19750006843000,16,9,7,598.4
19750006849000,20,8,12,1048
19750006850000,34,15,19,1397.4
19750006857000,23,13,10,883.2
19750006858000,17,8,9,532.1
19750006869000,449,221,228,15400.7
19750006870000,34,20,14,1094.8
19750006873000,1,0,1,0
19750006896000,89,42,47,3782.5
19750006898000,22,9,13,1141.8
19750006899000,2,1,1,0
19760006506000,6,2,4,220.8
19760006507000,20,9,11,948
19760006508000,28,13,15,966
19760006509000,55,27,28,2139.5
19760006510000,46,24,22,2051.6
19760006511000,27,16,11,1058.4
19760006512000,98,46,52,4468.8
19760006513000,385,174,211,16478
19760006514000,2019,969,1050,80558.1
19760006515000,878,426,452,35734.6
19760006516000,479,242,237,12549.8
19760006517000,4,2,2,0
19760006518000,32,11,21,1340.8
19760006521000,5,3,2,270
19760006524000,17,8,9,588.2
19760006528000,23,14,9,887.8
19760006529000,3,2,1,0
19760006546000,21,11,10,787.5
19760006551000,14,9,5,571.2
19760006552000,7,5,2,343.7
19760006555000,28,16,12,1024.8
19760006556000,5,3,2,308
19760006559000,16,9,7,520
19760006560000,9,6,3,351
19760006561000,2,1,1,0
19760006562000,2,1,1,0
19760006563000,17,11,6,528.7
19760006565000,9,7,2,201.6
19760006566000,1,1,0,0
19760006567000,19,12,7,915.8
19760006568000,8,5,3,443.2
19760006569000,78,43,35,3081
19760006570000,4,1,3,0
19760006587000,64,35,29,2316.8
19760006588000,2,1,1,0
19760006592000,131,60,71,4349.2
19760006593000,1,1,0,0
19760006594000,49,28,21,1553.3
19760006595000,73,36,37,2774
19760006596000,70,37,33,2471
19760006597000,41,25,16,1635.9
19760006603000,8,4,4,402.4
19760006614000,7,4,3,324.1
19760006615000,20,8,12,806
19760006616000,2,1,1,0
19760006622000,3,3,0,0
19760006625000,6,4,2,154.8
19760006626000,12,6,6,300
19760006627000,3,2,1,0
19760006628000,51,26,25,1769.7
19760006629000,63,22,41,2557.8
19760006630000,56,28,28,2559.2
19760006631000,40,15,25,1416
19760006632000,13,5,8,405.6
19760006634000,14,7,7,483
19760006635000,45,28,17,1782
19760006636000,22,9,13,800.8
19760006637000,2,1,1,0
19760006638000,31,15,16,1010.6
19760006639000,1,1,0,0
19760006640000,8,3,5,243.2
19760006641000,59,28,31,2501.6
19760006642000,13,6,7,483.6
19760006650000,7,4,3,291.9
19760006651000,1,1,0,0
19760006656000,27,15,12,1120.5
19760006665000,5,2,3,293
19760006666000,69,37,32,2677.2
19760006667000,1,0,1,0
19760006674000,1,1,0,0
19760006677000,8,4,4,400
19760006679000,7,3,4,326.9
19760006680000,5,4,1,190
19760006681000,30,15,15,1071
19760006687000,14,8,6,582.4
19760006693000,4,2,2,0
19760006694000,2,1,1,0
19760006697000,7,4,3,352.8
19760006711000,4,2,2,0
19760006712000,107,53,54,3274.2
19760006713000,98,48,50,2920.4
19760006714000,18,7,11,687.6
19760006723000,38,19,19,1447.8
19760006724000,20,11,9,886
19760006726000,50,26,24,1885
19760006729000,20,10,10,922
19760006730000,42,23,19,1621.2
19760006731000,159,79,80,3688.8
19760006732000,1,1,0,0
19760006733000,31,14,17,1348.5
19760006734000,1322,679,643,47988.6
19760006735000,1209,568,641,52712.4
19760006736000,863,407,456,39093.9
19760006737000,1044,528,516,41446.8
19760006738000,958,483,475,36404
19760006739000,504,243,261,17136
19760006741000,41,23,18,1430.9
19760006744000,37,18,19,1387.5
19760006745000,201,102,99,6994.8
19760006746000,127,70,57,4343.4
19760006747000,70,38,32,2562
19760006748000,6,3,3,181.8
19760006749000,33,13,20,1191.3
19760006750000,5,4,1,281
19760006751000,100,52,48,4220
19760006752000,5,4,1,307
19760006756000,61,36,25,2086.2
19760006757000,54,26,28,2079
19760006759000,12,8,4,594
19760006763000,6,4,2,187.2
19760006764000,14,5,9,462
19760006765000,89,52,37,3488.8
19760006766000,50,25,25,2185
19760006772000,5,2,3,418
19760006773000,40,17,23,1820
19760006774000,7,4,3,371.7
19760006784000,2,1,1,0
19760006786000,1,1,0,0
19760006800000,2,1,1,0
19760006809000,21,10,11,892.5
19760006820000,10,5,5,377
19760006825000,4,3,1,0
19760006826000,7,4,3,420.7
19760006829000,1,1,0,0
19760006831000,2,1,1,0
19760006833000,1,1,0,0
19760006835000,4,2,2,0
19760006837000,1,1,0,0
19760006839000,8,5,3,428.8
19760006841000,43,21,22,2150
19760006842000,107,52,55,4579.6
19760006843000,10,5,5,522
19760006849000,26,12,14,975
19760006850000,25,12,13,810
19760006857000,13,5,8,679.9
19760006863000,2,1,1,0
19760006864000,12,7,5,525.6
19760006869000,66,37,29,2376
19760006887000,1,0,1,0
19760006896000,4,2,2,0
19760006898000,8,4,4,360.8
19760006899000,4,2,2,0
19770006505000,5,4,1,163
19770006506000,41,21,20,1771.2
19770006507000,17,8,9,523.6
19770006508000,14,6,8,351.4
19770006509000,26,11,15,899.6
19770006511000,6,4,2,168
19770006512000,27,17,10,926.1
19770006513000,15,6,9,615
19770006514000,13,8,5,387.4
19770006515000,385,194,191,16093
19770006516000,92,53,39,3532.8
19770006517000,3,2,1,0
19770006521000,11,5,6,566.5
19770006522000,4,2,2,0
19770006524000,9,6,3,252
19770006526000,4,3,1,0
19770006527000,8,4,4,288.8
19770006528000,13,8,5,709.8
19770006529000,13,6,7,543.4
19770006530000,12,7,5,586.8
19770006531000,3,2,1,0
19770006538000,15,8,7,358.5
19770006540000,2,1,1,0
19770006543000,7,2,5,188.3
19770006545000,9,6,3,396
19770006549000,44,23,21,1606
19770006550000,3,2,1,0
19770006551000,25,13,12,832.5
19770006552000,6,3,3,196.2
19770006555000,21,8,13,798
19770006557000,2,1,1,0
19770006558000,14,10,4,443.8
19770006560000,36,18,18,1526.4
19770006561000,1,0,1,0
19770006563000,45,21,24,1521
19770006564000,27,14,13,993.6
19770006565000,12,6,6,339.6
19770006567000,14,6,8,355.6
19770006568000,2,2,0,0
19770006569000,22,14,8,776.6
19770006571000,13,6,7,799.5
19770006587000,58,26,32,1705.2
19770006592000,64,36,28,2828.8
19770006593000,42,16,26,2045.4
19770006594000,31,18,13,1258.6
19770006595000,23,12,11,880.9
19770006597000,30,15,15,924
19770006598000,13,7,6,455
19770006600000,2,1,1,0
19770006601000,60,28,32,1686
19770006603000,7,3,4,289.1
19770006604000,93,48,45,3701.4
19770006605000,14,8,6,940.8
19770006614000,43,18,25,1612.5
19770006615000,113,46,67,5604.8
19770006617000,7,4,3,235.9
19770006618000,8,5,3,178.4
19770006621000,4,2,2,0
19770006622000,3,1,2,0
19770006627000,54,29,25,1614.6
19770006628000,13,7,6,491.4
19770006631000,5,2,3,246
19770006632000,1,1,0,0
19770006640000,13,8,5,414.7
19770006641000,8,4,4,348.8
19770006642000,38,23,15,1630.2
19770006643000,9,5,4,433.8
19770006649000,22,10,12,864.6
19770006650000,14,7,7,600.6
19770006656000,6,3,3,334.8
19770006657000,17,9,8,816
19770006658000,14,7,7,767.2
19770006664000,86,36,50,3302.4
19770006665000,117,53,64,4340.7
19770006666000,2,1,1,0
19770006678000,2,1,1,0
19770006680000,4,2,2,0
19770006681000,4,2,2,0
19770006682000,32,18,14,1628.8
19770006683000,69,39,30,2601.3
19770006693000,1,1,0,0
19770006694000,17,9,8,511.7
19770006695000,4,2,2,0
19770006714000,36,21,15,1166.4
19770006715000,33,17,16,1207.8
19770006719000,6,5,1,408
19770006724000,18,9,9,858.6
19770006725000,24,16,8,753.6
19770006727000,1,1,0,0
19770006730000,20,12,8,766
19770006731000,28,13,15,882
19770006737000,41,24,17,1533.4
19770006738000,334,165,169,13426.8
19770006740000,48,28,20,1689.6
19770006741000,164,87,77,5658
19770006742000,25,14,11,1040
19770006743000,5,3,2,201
19770006744000,16,6,10,724.8
19770006745000,155,68,87,9408.5
19770006746000,48,25,23,1828.8
19770006747000,6,4,2,232.2
19770006748000,20,11,9,838
19770006749000,9,3,6,255.6
19770006750000,1,1,0,0
19770006752000,45,21,24,2016
19770006753000,1,1,0,0
19770006756000,5,1,4,149
19770006757000,17,7,10,724.2
19770006758000,24,12,12,960
19770006759000,18,11,7,928.8
19770006760000,27,9,18,880.2
19770006761000,3,1,2,0
19770006763000,40,21,19,1716
19770006764000,18,12,6,741.6
19770006765000,2,1,1,0
19770006766000,5,4,1,353
19770006767000,7,4,3,399.7
19770006769000,4,2,2,0
19770006770000,3,3,0,0
19770006771000,15,3,12,543
19770006772000,48,25,23,2476.8
19770006773000,5,3,2,269
19770006775000,11,5,6,524.7
19770006780000,32,15,17,1331.2
19770006781000,2,0,2,0
19770006782000,5,3,2,103
19770006783000,2,1,1,0
19770006793000,4,3,1,0
19770006800000,27,14,13,1201.5
19770006806000,6,3,3,282
19770006808000,1,0,1,0
19770006814000,11,6,5,572
19770006815000,2,1,1,0
19770006824000,9,5,4,316.8
19770006825000,29,15,14,1102
19770006827000,1,0,1,0
19770006831000,12,6,6,421.2
19770006832000,7,4,3,294.7
19770006835000,10,6,4,410
19770006836000,4,2,2,0
19770006838000,4,3,1,0
19770006839000,58,30,28,2818.8
19770006840000,34,17,17,1744.2
19770006841000,9,6,3,474.3
19770006842000,15,7,8,795
19770006843000,3,1,2,0
19770006845000,1,0,1,0
19770006849000,14,6,8,624.4
19770006850000,4,2,2,0
19770006852000,11,4,7,489.5
19770006853000,1,1,0,0
19770006857000,4,1,3,0
19770006863000,10,6,4,487
19770006869000,275,142,133,9020
19770006870000,22,13,9,721.6
19770006873000,2,1,1,0
19770006898000,8,4,4,340.8
19770006905000,3,1,2,0
19770006917000,7,4,3,443.8
19780006505000,19,10,9,714.4
19780006506000,20,7,13,694
19780006509000,13,7,6,517.4
19780006511000,9,5,4,162
19780006513000,34,15,19,975.8
19780006515000,16,7,9,569.6
19780006516000,25,13,12,995
19780006518000,5,3,2,214
19780006519000,12,8,4,411.6
19780006520000,12,8,4,295.2
19780006522000,79,37,42,2725.5
19780006523000,23,10,13,982.1
19780006524000,17,11,6,591.6
19780006530000,25,13,12,950
19780006531000,36,21,15,1368
19780006532000,17,7,10,440.3
19780006536000,6,3,3,217.8
19780006537000,14,7,7,460.6
19780006538000,13,5,8,582.4
19780006539000,30,16,14,942
19780006540000,20,11,9,756
19780006541000,3,2,1,0
19780006544000,37,19,18,1457.8
19780006545000,10,6,4,439
19780006549000,13,7,6,461.5
19780006552000,1,0,1,0
19780006560000,24,13,11,1048.8
19780006562000,7,3,4,214.2
19780006564000,13,6,7,434.2
19780006565000,10,7,3,483
19780006566000,1,1,0,0
19780006574000,3,1,2,0
19780006578000,3,1,2,0
19780006593000,11,5,6,667.7
19780006594000,125,65,60,4850
19780006595000,14,7,7,488.6
19780006596000,50,28,22,1515
19780006597000,23,8,15,851
19780006600000,13,7,6,501.8
19780006601000,28,19,9,1176
19780006603000,2,1,1,0
19780006604000,16,8,8,726.4
19780006605000,28,14,14,1324.4
19780006614000,2,1,1,0
19780006615000,19,9,10,813.2
19780006623000,1,1,0,0
19780006628000,11,8,3,423.5
19780006631000,12,7,5,477.6
19780006632000,22,9,13,816.2
19780006633000,13,8,5,431.6
19780006642000,273,133,140,8763.3
19780006643000,130,68,62,4914
19780006649000,7,4,3,240.8
19780006655000,7,2,5,268.1
19780006656000,6,3,3,405
19780006659000,10,5,5,372
19780006664000,130,67,63,5005
19780006665000,280,146,134,9772
19780006679000,6,2,4,148.8
19780006680000,2,1,1,0
19780006683000,18,13,5,709.2
19780006684000,21,10,11,1054.2
19780006685000,4,3,1,0
19780006692000,4,3,1,0
19780006693000,13,5,8,596.7
19780006694000,15,6,9,564
19780006705000,70,32,38,2611
19780006706000,167,82,85,6078.8
19780006707000,7,2,5,224.7
19780006714000,34,18,16,1149.2
19780006715000,42,22,20,1533
19780006716000,13,4,9,529.1
19780006718000,29,17,12,1020.8
19780006720000,5,3,2,335
19780006725000,1,1,0,0
19780006726000,11,5,6,407
19780006731000,15,9,6,753
19780006736000,41,20,21,1791.7
19780006737000,69,33,36,2677.2
19780006738000,129,66,63,4940.7
19780006739000,414,209,205,15483.6
19780006740000,77,37,40,3226.3
19780006744000,17,11,6,598.4
19780006745000,198,106,92,6692.4
19780006746000,30,17,13,1587
19780006747000,12,6,6,482.4
19780006749000,26,13,13,1081.6
19780006750000,56,31,25,2592.8
19780006751000,76,35,41,2819.6
19780006752000,37,17,20,1228.4
19780006753000,23,13,10,1163.8
19780006754000,26,14,12,780
19780006756000,115,57,58,4600
19780006757000,57,32,25,2223
19780006761000,8,4,4,424
19780006762000,41,20,21,1484.2
19780006763000,8,4,4,278.4
19780006768000,2,1,1,0
19780006769000,4,1,3,0
19780006780000,43,20,23,1771.6
19780006781000,21,12,9,1218
19780006800000,3,1,2,0
19780006804000,9,6,3,387
19780006805000,6,3,3,313.2
19780006814000,15,7,8,790.5
19780006816000,4,2,2,0
19780006817000,3,3,0,0
19780006818000,1,0,1,0
19780006822000,1,0,1,0
19780006824000,9,4,5,465.3
19780006827000,1,0,1,0
19780006829000,13,7,6,539.5
19780006834000,8,2,6,327.2
19780006836000,12,7,5,339.6
19780006840000,3,3,0,0
19780006842000,6,5,1,165
19780006859000,4,2,2,0
19780006861000,4,1,3,0
19780006863000,2,1,1,0
19780006866000,2,1,1,0
19780006869000,257,135,122,9380.5
19780006880000,3,2,1,0
19780006881000,9,4,5,488.7
19780006882000,11,6,5,427.9
19780006883000,2,1,1,0
19780006887000,1,1,0,0
19780006898000,12,5,7,667.2
19780006904000,26,17,9,967.2
19780006905000,9,5,4,415.8
19780006907000,5,2,3,420
19780006917000,8,4,4,527.2
19790006516000,27,14,13,1109.7
19790006518000,23,12,11,848.7
19790006519000,7,3,4,212.8
19790006520000,23,10,13,883.2
19790006522000,9,5,4,309.6
19790006523000,19,10,9,532
19790006524000,41,25,16,1435
19790006525000,16,10,6,616
19790006526000,3,1,2,0
19790006529000,10,5,5,412
19790006531000,9,4,5,248.4
19790006537000,5,1,4,262
19790006542000,4,1,3,0
19790006548000,10,5,5,371
19790006549000,19,10,9,917.7
19790006550000,8,4,4,300.8
19790006553000,19,13,6,657.4
19790006556000,8,5,3,304.8
19790006557000,10,7,3,418
19790006560000,20,10,10,668
19790006564000,2,1,1,0
19790006569000,8,6,2,344
19790006581000,137,73,64,6096.5
19790006582000,274,137,137,9973.6
19790006589000,6,3,3,370.2
19790006593000,3,2,1,0
19790006594000,390,189,201,16224
19790006595000,134,65,69,5762
19790006596000,32,18,14,1222.4
19790006601000,14,7,7,555.8
19790006603000,9,3,6,350.1
19790006604000,13,8,5,603.2
19790006605000,4,3,1,0
19790006614000,31,17,14,1094.3
19790006615000,9,6,3,406.8
19790006629000,5,2,3,255
19790006633000,5,1,4,153
19790006639000,3,2,1,0
19790006642000,27,12,15,1007.1
19790006643000,67,32,35,2499.1
19790006644000,13,7,6,483.6
19790006648000,1,0,1,0
19790006659000,10,6,4,439
19790006664000,61,25,36,2836.5
19790006665000,135,62,73,6088.5
19790006669000,68,32,36,2713.2
19790006670000,13,6,7,365.3
19790006685000,2,2,0,0
19790006693000,11,5,6,423.5
19790006694000,104,61,43,4347.2
19790006695000,39,22,17,1407.9
19790006704000,3,1,2,0
19790006705000,11,6,5,570.9
19790006706000,18,7,11,835.2
19790006707000,9,6,3,389.7
19790006708000,44,18,26,1927.2
19790006717000,4,2,2,0
19790006718000,14,7,7,530.6
19790006720000,1,1,0,0
19790006721000,3,0,3,0
19790006735000,80,39,41,3056
19790006736000,9,4,5,523.8
19790006737000,7,5,2,238
19790006738000,7,3,4,189.7
19790006739000,66,32,34,2448.6
19790006743000,16,11,5,656
19790006744000,25,12,13,1045
19790006745000,53,24,29,2501.6
19790006747000,256,133,123,10444.8
19790006748000,8,4,4,566.4
19790006749000,28,13,15,1097.6
19790006750000,8,3,5,308
19790006751000,14,7,7,729.4
19790006752000,61,32,29,2061.8
19790006753000,134,71,63,5641.4
19790006754000,16,9,7,966.4
19790006755000,6,0,6,223.2
19790006757000,28,15,13,938
19790006758000,30,11,19,1725
19790006759000,27,13,14,1090.8
19790006760000,18,12,6,579.6
19790006765000,1,1,0,0
19790006766000,1,0,1,0
19790006787000,3,2,1,0
19790006789000,5,2,3,101
19790006795000,2,1,1,0
19790006815000,10,6,4,387
19790006819000,7,3,4,100.8
19790006820000,77,39,38,3295.6
19790006821000,70,37,33,2471
19790006822000,2,1,1,0
19790006823000,4,3,1,0
19790006837000,3,1,2,0
19790006842000,1,1,0,0
19790006843000,8,5,3,348
19790006852000,3,1,2,0
19790006859000,12,8,4,561.6
19790006860000,4,2,2,0
19790006861000,58,33,25,2569.4
19790006862000,10,4,6,515
19790006869000,8,4,4,278.4
19790006870000,4,1,3,0
19790006885000,2,1,1,0
19790006887000,5,2,3,281
19790006900000,6,3,3,352.2
19790006906000,16,8,8,892.8
19790006907000,202,108,94,7655.8
19790006908000,10,5,5,703
19790006909000,18,11,7,793.8
19790006912000,3,1,2,0
19790006913000,19,10,9,940.5
19800006503000,3,2,1,0
19800006504000,11,6,5,568.7
19800006508000,3,2,1,0
19800006516000,2,1,1,0
19800006517000,4,1,3,0
19800006520000,4,3,1,0
19800006525000,26,13,13,1047.8
19800006526000,55,28,27,1639
19800006527000,5,2,3,148
19800006529000,10,5,5,450
19800006532000,23,11,12,878.6
19800006542000,9,5,4,327.6
19800006547000,15,8,7,484.5
19800006548000,5,3,2,227
19800006550000,11,5,6,503.8
19800006552000,29,15,14,1044
19800006553000,2,1,1,0
19800006554000,2,0,2,0
19800006556000,10,5,5,365
19800006557000,1,1,0,0
19800006564000,53,24,29,1992.8
19800006565000,7,4,3,196
19800006566000,16,10,6,590.4
19800006567000,57,27,30,2274.3
19800006572000,4,2,2,0
19800006573000,25,14,11,760
19800006574000,4,2,2,0
19800006580000,153,76,77,5691.6
19800006581000,1251,629,622,40157.1
19800006582000,596,281,315,24138
19800006583000,54,26,28,2035.8
19800006589000,27,14,13,1028.7
19800006590000,45,24,21,1507.5
19800006591000,72,34,38,3117.6
19800006601000,3,1,2,0
19800006603000,13,5,8,604.5
19800006604000,2,1,1,0
19800006605000,3,2,1,0
19800006606000,13,7,6,626.6
19800006614000,150,75,75,6090
19800006615000,3,1,2,0
19800006616000,1,1,0,0
19800006629000,5,5,0,225
19800006633000,25,15,10,1155
19800006642000,5,2,3,150
19800006643000,56,29,27,1708
19800006644000,57,35,22,1903.8
19800006647000,41,27,14,1566.2
19800006648000,13,7,6,487.5
19800006658000,15,6,9,895.5
19800006659000,12,5,7,433.2
19800006663000,82,36,46,2509.2
19800006664000,105,50,55,4798.5
19800006665000,158,72,86,7157.4
19800006669000,539,264,275,19673.5
19800006670000,81,44,37,3726
19800006671000,78,40,38,3377.4
19800006672000,30,18,12,1113
19800006686000,39,21,18,1657.5
19800006694000,43,22,21,1462
19800006695000,57,25,32,1972.2
19800006704000,24,14,10,1142.4
19800006705000,42,18,24,1499.4
19800006707000,3,2,1,0
19800006708000,12,6,6,576
19800006709000,48,23,25,2006.4
19800006710000,185,96,89,7344.5
19800006711000,45,20,25,1147.5
19800006714000,7,3,4,200.2
19800006715000,14,9,5,555.8
19800006716000,27,14,13,934.2
19800006718000,26,16,10,777.4
19800006719000,21,14,7,621.6
19800006735000,56,27,29,2156
19800006736000,15,8,7,555
19800006737000,11,5,6,545.6
19800006739000,50,25,25,2315
19800006741000,56,28,28,1954.4
19800006742000,9,3,6,392.4
19800006743000,42,19,23,1663.2
19800006744000,4,2,2,0
19800006745000,85,39,46,3587
19800006746000,222,113,109,6904.2
19800006747000,312,155,157,11044.8
19800006748000,2,1,1,0
19800006749000,13,7,6,737.1
19800006750000,2,1,1,0
19800006752000,21,13,8,743.4
19800006753000,5,3,2,136
19800006755000,56,30,26,2492
19800006758000,164,73,91,5576
19800006759000,44,23,21,1874.4
19800006760000,5,3,2,243
19800006762000,6,4,2,364.2
19800006763000,8,4,4,256.8
19800006794000,6,4,2,265.2
19800006795000,4,2,2,0
19800006804000,9,4,5,264.6
19800006814000,10,3,7,410
19800006815000,69,53,16,3118.8
19800006816000,7,4,3,296.1
19800006818000,5,2,3,133
19800006819000,12,8,4,352.8
19800006822000,24,13,11,1058.4
19800006836000,4,2,2,0
19800006837000,1,1,0,0
19800006839000,3,3,0,0
19800006840000,14,8,6,684.6
19800006841000,6,2,4,160.8
19800006842000,43,27,16,1608.2
19800006843000,19,8,11,725.8
19800006852000,16,10,6,667.2
19800006861000,2,1,1,0
19800006872000,10,4,6,303
19800006882000,4,2,2,0
19800006887000,16,10,6,856
19800006894000,33,17,16,1795.2
19800006895000,8,5,3,474.4
19800006900000,2,2,0,0
19800006902000,2,1,1,0
19800006904000,7,4,3,363.3
19800006905000,60,32,28,2454
19800006906000,263,125,138,9415.4
19800006910000,3,1,2,0
19800006912000,51,27,24,2284.8
19800006913000,21,11,10,667.8
19810006504000,1,0,1,0
19810006505000,2,1,1,0
19810006510000,12,5,7,516
19810006511000,12,6,6,400.8
19810006520000,10,6,4,505
19810006521000,7,4,3,263.2
19810006522000,14,9,5,588
19810006524000,4,2,2,0
19810006525000,12,6,6,525.6
19810006526000,11,6,5,313.5
19810006527000,32,20,12,1260.8
19810006528000,316,165,151,10838.8
19810006532000,19,10,9,790.4
19810006535000,12,5,7,333.6
19810006540000,2,1,1,0
19810006547000,4,2,2,0
19810006548000,5,3,2,326
19810006553000,9,4,5,324
19810006556000,1,1,0,0
19810006557000,7,4,3,179.2
19810006560000,4,3,1,0
19810006563000,3,1,2,0
19810006567000,44,24,20,1438.8
19810006568000,13,10,3,439.4
19810006572000,30,15,15,1401
19810006573000,35,22,13,1799
19810006577000,13,5,8,384.8
19810006578000,38,21,17,1292
19810006579000,193,95,98,6890.1
19810006581000,316,160,156,10554.4
19810006582000,195,104,91,6708
19810006585000,10,5,5,308
19810006586000,20,9,11,838
19810006589000,14,8,6,498.4
19810006590000,27,14,13,880.2
19810006591000,29,16,13,1023.7
19810006592000,100,50,50,3750
19810006601000,17,11,6,703.8
19810006602000,8,3,5,300
19810006604000,16,9,7,947.2
19810006605000,4,3,1,0
19810006606000,5,2,3,305
19810006614000,112,53,59,5398.4
19810006615000,13,4,9,629.2
19810006631000,7,3,4,291.2
19810006633000,13,6,7,456.3
19810006634000,19,11,8,980.4
19810006637000,20,7,13,792
19810006638000,59,33,26,2147.6
19810006639000,32,16,16,1251.2
19810006640000,13,5,8,608.4
19810006641000,3,1,2,0
19810006642000,53,31,22,1865.6
19810006643000,122,59,63,4965.4
19810006644000,16,8,8,524.8
19810006645000,21,13,8,932.4
19810006646000,14,7,7,799.4
19810006647000,7,4,3,298.9
19810006658000,3,2,1,0
19810006659000,33,18,15,1442.1
19810006660000,25,11,14,1275
19810006663000,87,46,41,2958
19810006664000,81,42,39,3790.8
19810006665000,51,26,25,2162.4
19810006668000,17,8,9,936.7
19810006669000,268,130,138,9514
19810006670000,237,109,128,6304.2
19810006671000,176,92,84,6740.8
19810006672000,84,48,36,3805.2
19810006679000,2,1,1,0
19810006686000,3,1,2,0
19810006687000,71,31,40,2818.7
19810006692000,7,3,4,231.7
19810006694000,1,0,1,0
19810006695000,23,10,13,883.2
19810006696000,44,18,26,2261.6
19810006704000,6,3,3,427.8
19810006705000,104,54,50,3900
19810006710000,76,43,33,2979.2
19810006711000,81,39,42,3118.5
19810006715000,11,6,5,554.4
19810006716000,75,46,29,2175
19810006719000,15,7,8,673.5
19810006737000,11,5,6,447.7
19810006739000,30,16,14,1170
19810006740000,21,13,8,594.3
19810006741000,17,9,8,780.3
19810006742000,74,38,36,2738
19810006743000,25,14,11,785
19810006744000,43,23,20,1836.1
19810006745000,62,38,24,2108
19810006746000,27,15,12,726.3
19810006747000,98,50,48,3773
19810006748000,11,7,4,414.7
19810006749000,14,7,7,645.4
19810006750000,4,2,2,0
19810006754000,20,10,10,1042
19810006755000,125,56,69,4937.5
19810006756000,111,61,50,4229.1
19810006758000,11,7,4,243.1
19810006759000,39,22,17,1797.9
19810006788000,2,1,1,0
19810006803000,11,7,4,502.7
19810006804000,9,5,4,393.3
19810006813000,11,5,6,493.9
19810006814000,9,4,5,420.3
19810006815000,132,67,65,5134.8
19810006816000,42,20,22,1831.2
19810006817000,3,2,1,0
19810006819000,6,5,1,288
19810006821000,1,0,1,0
19810006822000,2,1,1,0
19810006839000,3,2,1,0
19810006840000,1,1,0,0
19810006842000,3,1,2,0
19810006843000,18,8,10,702
19810006852000,26,15,11,1115.4
19810006853000,14,6,8,649.6
19810006854000,6,3,3,207
19810006857000,7,4,3,408.1
19810006858000,35,21,14,1589
19810006867000,4,2,2,0
19810006868000,13,6,7,575.9
19810006869000,8,4,4,207.2
19810006882000,10,5,5,457
19810006884000,16,5,11,590.4
19810006887000,3,2,1,0
19810006894000,9,4,5,443.7
19810006895000,42,22,20,2074.8
19810006900000,1,1,0,0
19810006902000,2,1,1,0
19810006905000,40,20,20,1960
19810006910000,2,1,1,0
19810006912000,43,20,23,1255.6
19810006913000,7,3,4,163.8
19810006914000,9,4,5,335.7
19820006510000,2,2,0,0
19820006520000,10,6,4,382
19820006521000,35,21,14,1158.5
19820006522000,21,12,9,487.2
19820006524000,1,1,0,0
19820006527000,4,2,2,0
19820006528000,84,37,47,3360
19820006529000,3,2,1,0
19820006530000,3,1,2,0
19820006533000,119,57,62,5117
19820006534000,7,5,2,378.7
19820006540000,27,14,13,891
19820006541000,12,6,6,387.6
19820006549000,13,7,6,362.7
19820006550000,2,1,1,0
19820006551000,21,13,8,940.8
19820006554000,11,7,4,379.5
19820006555000,91,48,43,3103.1
19820006557000,5,3,2,178
19820006558000,8,5,3,266.4
19820006560000,26,14,12,777.4
19820006561000,13,7,6,513.5
19820006562000,28,14,14,887.6
19820006563000,185,93,92,7011.5
19820006567000,5,2,3,134
19820006572000,7,5,2,277.2
19820006577000,51,25,26,1810.5
19820006578000,56,29,27,2122.4
19820006579000,16,9,7,1028.8
19820006581000,47,24,23,1536.9
19820006582000,29,13,16,1044
19820006583000,3,2,1,0
19820006585000,44,25,19,1993.2
19820006586000,55,26,29,2013
19820006587000,68,38,30,2998.8
19820006589000,2,1,1,0
19820006590000,33,19,14,1135.2
19820006591000,7,4,3,214.2
19820006592000,1,1,0,0
19820006593000,1,1,0,0
19820006614000,9,5,4,362.7
19820006615000,38,22,16,1356.6
19820006616000,1,1,0,0
19820006620000,6,3,3,226.2
19820006634000,10,4,6,282
19820006636000,5,3,2,201
19820006637000,17,7,10,674.9
19820006640000,78,42,36,2605.2
19820006641000,22,9,13,844.8
19820006642000,65,33,32,2457
19820006643000,433,209,224,17363.3
19820006644000,47,27,20,1955.2
19820006645000,54,25,29,2003.4
19820006647000,4,1,3,0
19820006648000,13,7,6,565.5
19820006649000,15,10,5,634.5
19820006650000,18,12,6,671.4
19820006651000,4,3,1,0
19820006652000,2,1,1,0
19820006663000,9,4,5,344.7
19820006668000,53,29,24,1892.1
19820006669000,216,112,104,7689.6
19820006670000,98,48,50,3194.8
19820006671000,689,353,336,28662.4
19820006672000,653,331,322,24161
19820006673000,34,14,20,1404.2
19820006687000,4,2,2,0
19820006688000,13,7,6,650
19820006689000,54,30,24,3007.8
19820006690000,3,2,1,0
19820006696000,44,22,22,1544.4
19820006705000,110,57,53,4015
19820006706000,44,21,23,1861.2
19820006711000,12,6,6,441.6
19820006712000,12,5,7,465.6
19820006716000,17,9,8,545.7
19820006717000,22,14,8,1111
19820006718000,5,3,2,148
19820006720000,5,2,3,341
19820006721000,6,4,2,258
19820006722000,6,4,2,283.2
19820006723000,4,2,2,0
19820006724000,7,4,3,186.9
19820006735000,2,1,1,0
19820006736000,46,24,22,1840
19820006737000,15,8,7,810
19820006740000,11,6,5,399.3
19820006741000,35,17,18,1330
19820006742000,59,29,30,2348.2
19820006743000,13,7,6,452.4
19820006744000,41,22,19,1328.4
19820006745000,19,10,9,775.2
19820006746000,2,1,1,0
19820006747000,44,22,22,1447.6
19820006748000,19,10,9,621.3
19820006749000,42,23,19,1667.4
19820006750000,17,6,11,856.8
19820006753000,14,9,5,442.4
19820006754000,147,82,65,6570.9
19820006755000,53,25,28,2342.6
19820006756000,14,6,8,485.8
19820006795000,3,1,2,0
19820006796000,9,7,2,286.2
19820006803000,11,6,5,592.9
19820006809000,8,7,1,387.2
19820006815000,45,28,17,1359
19820006816000,4,3,1,0
19820006817000,2,1,1,0
19820006818000,2,2,0,0
19820006819000,4,3,1,0
19820006820000,37,18,19,1428.2
19820006821000,2,1,1,0
19820006823000,1,1,0,0
19820006825000,9,6,3,377.1
19820006826000,17,7,10,596.7
19820006831000,9,7,2,362.7
19820006839000,3,1,2,0
19820006842000,3,2,1,0
19820006853000,7,3,4,279.3
19820006854000,22,12,10,928.4
19820006857000,16,8,8,953.6
19820006858000,10,4,6,564
19820006867000,1,0,1,0
19820006868000,4,2,2,0
19820006869000,32,17,15,1334.4
19820006870000,18,13,5,705.6
19820006882000,15,7,8,679.5
19820006884000,28,15,13,1660.4
19820006888000,7,3,4,294
19820006894000,2,1,1,0
19820006901000,2,1,1,0
19820006904000,22,11,11,715
19820006905000,103,48,55,4223
19820006906000,1149,573,576,47568.6
19820006907000,460,224,236,17066
19820006913000,62,35,27,2610.2
19820006914000,40,22,18,1436
19820006915000,54,26,28,1981.8
19830006502000,4,2,2,0
19830006503000,1,1,0,0
19830006504000,3,2,1,0
19830006513000,6,4,2,163.8
19830006514000,2,1,1,0
19830006516000,2,1,1,0
19830006521000,113,61,52,4011.5
19830006525000,2,1,1,0
19830006528000,29,11,18,852.6
19830006529000,12,8,4,435.6
19830006530000,49,22,27,1886.5
19830006531000,15,8,7,483
19830006533000,228,105,123,10009.2
19830006534000,248,133,115,7787.2
19830006535000,3,2,1,0
19830006536000,14,7,7,693
19830006541000,22,15,7,1170.4
19830006551000,12,9,3,487.2
19830006554000,1,1,0,0
19830006555000,493,254,239,17304.3
19830006562000,6,4,2,100.2
19830006563000,221,113,108,7889.7
19830006570000,16,9,7,627.2
19830006571000,9,4,5,306.9
19830006572000,15,9,6,658.5
19830006577000,191,93,98,7334.4
19830006578000,28,15,13,1002.4
19830006579000,2,1,1,0
19830006581000,21,10,11,785.4
19830006584000,13,5,8,357.5
19830006585000,2,2,0,0
19830006586000,5,4,1,286
19830006587000,86,52,34,3199.2
19830006588000,2,1,1,0
19830006593000,8,5,3,490.4
19830006594000,1,1,0,0
19830006597000,9,5,4,394.2
19830006598000,25,12,13,845
19830006601000,11,4,7,390.5
19830006602000,12,7,5,356.4
19830006615000,22,11,11,948.2
19830006616000,8,4,4,512.8
19830006617000,2,1,1,0
19830006636000,133,68,65,4814.6
19830006637000,18,12,6,745.2
19830006639000,2,1,1,0
19830006643000,420,206,214,16128
19830006644000,70,46,24,2044
19830006652000,46,26,20,1656
19830006658000,1,1,0,0
19830006660000,19,9,10,839.8
19830006661000,16,7,9,684.8
19830006663000,34,21,13,965.6
19830006664000,63,31,32,2249.1
19830006668000,103,53,50,3646.2
19830006669000,208,115,93,7072
19830006670000,122,63,59,4404.2
19830006671000,115,42,73,4071
19830006672000,447,204,243,18818.7
19830006673000,3,1,2,0
19830006690000,3,2,1,0
19830006692000,2,1,1,0
19830006693000,8,5,3,252.8
19830006696000,4,3,1,0
19830006705000,72,34,38,2728.8
19830006706000,36,21,15,1674
19830006717000,17,6,11,540.6
19830006718000,7,4,3,298.9
19830006723000,51,28,23,1591.2
19830006724000,17,8,9,763.3
19830006725000,17,9,8,827.9
19830006735000,7,4,3,270.2
19830006736000,70,35,35,2275
19830006737000,2,2,0,0
19830006743000,4,2,2,0
19830006747000,23,15,8,809.6
19830006748000,7,3,4,210
19830006749000,26,13,13,1229.8
19830006750000,5,2,3,165
19830006752000,8,4,4,251.2
19830006753000,17,10,7,462.4
19830006754000,17,9,8,856.8
19830006755000,46,25,21,1485.8
19830006756000,1,1,0,0
19830006787000,7,3,4,333.2
19830006788000,6,5,1,283.2
19830006790000,5,3,2,212
19830006800000,17,8,9,637.5
19830006809000,9,3,6,368.1
19830006810000,5,3,2,127
19830006815000,6,3,3,249
19830006816000,6,2,4,408
19830006818000,4,3,1,0
19830006820000,1,0,1,0
19830006821000,4,2,2,0
19830006822000,5,1,4,295
19830006825000,6,2,4,166.8
19830006826000,7,5,2,247.1
19830006827000,1,1,0,0
19830006828000,1,1,0,0
19830006829000,2,1,1,0
19830006831000,4,2,2,0
19830006833000,7,3,4,198.8
19830006836000,2,2,0,0
19830006837000,33,12,21,617.1
19830006838000,32,20,12,1427.2
19830006853000,3,2,1,0
19830006856000,7,4,3,212.8
19830006858000,22,11,11,739.2
19830006866000,12,6,6,511.2
19830006868000,6,4,2,316.2
19830006869000,15,6,9,379.5
19830006882000,9,4,5,225.9
19830006883000,32,17,15,1369.6
19830006884000,16,9,7,601.6
19830006887000,7,6,1,326.9
19830006895000,2,1,1,0
19830006900000,1,0,1,0
19830006901000,1,1,0,0
19830006904000,79,34,45,2970.4
19830006905000,430,222,208,17071
19830006906000,20,18,2,852
19830006907000,297,158,139,13483.8
19830006908000,1,1,0,0
19830006912000,11,7,4,419.1
19830006914000,23,12,11,816.5
19830006915000,61,38,23,2562
19840006501000,14,9,5,593.6
19840006509000,2,1,1,0
19840006512000,2,1,1,0
19840006518000,2,1,1,0
19840006519000,5,3,2,121
19840006521000,76,44,32,3055.2
19840006522000,33,16,17,1049.4
19840006523000,13,8,5,468
19840006533000,21,13,8,730.8
19840006534000,303,159,144,8756.7
19840006536000,20,11,9,794
19840006537000,3,1,2,0
19840006549000,7,2,5,188.3
19840006550000,12,6,6,420
19840006555000,262,140,122,8908
19840006556000,35,16,19,1099
19840006562000,22,11,11,893.2
19840006563000,1,1,0,0
19840006567000,39,24,15,1076.4
19840006568000,44,21,23,1680.8
19840006570000,2,1,1,0
19840006571000,3,3,0,0
19840006572000,2,1,1,0
19840006577000,307,149,158,11666
19840006578000,2,1,1,0
19840006579000,8,4,4,372
19840006580000,4,3,1,0
19840006582000,20,9,11,594
19840006583000,30,18,12,1023
19840006584000,37,22,15,984.2
19840006585000,7,4,3,291.2
19840006587000,9,5,4,612.9
19840006588000,23,13,10,1110.9
19840006593000,12,5,7,568.8
19840006595000,4,1,3,0
19840006596000,24,15,9,940.8
19840006597000,36,17,19,1396.8
19840006598000,11,6,5,423.5
19840006600000,6,3,3,157.8
19840006601000,17,11,6,783.7
19840006602000,11,6,5,495
19840006603000,5,2,3,192
19840006604000,3,2,1,0
19840006630000,3,2,1,0
19840006633000,7,4,3,394.8
19840006634000,179,91,88,5692.2
19840006635000,174,88,86,8073.6
19840006636000,139,73,66,6282.8
19840006637000,48,25,23,2212.8
19840006639000,6,3,3,202.8
19840006642000,26,14,12,990.6
19840006643000,91,45,46,3121.3
19840006648000,9,5,4,288.9
19840006653000,10,5,5,331
19840006654000,5,2,3,316
19840006662000,45,23,22,1683
19840006663000,170,91,79,7565
19840006667000,9,5,4,483.3
19840006668000,347,173,174,13047.2
19840006669000,13,5,8,390
19840006671000,16,9,7,960
19840006672000,13,7,6,683.8
19840006673000,13,7,6,821.6
19840006674000,41,22,19,1763
19840006675000,14,7,7,838.6
19840006676000,34,18,16,1213.8
19840006688000,17,8,9,1067.6
19840006689000,5,3,2,317
19840006690000,13,6,7,538.2
19840006691000,7,2,5,326.2
19840006693000,2,1,1,0
19840006705000,2,2,0,0
19840006706000,8,4,4,415.2
19840006707000,5,3,2,323
19840006708000,2,1,1,0
19840006713000,2,1,1,0
19840006714000,4,2,2,0
19840006717000,2,2,0,0
19840006718000,33,20,13,1359.6
19840006719000,11,7,4,643.5
19840006720000,24,12,12,847.2
19840006721000,17,8,9,598.4
19840006725000,6,2,4,217.2
19840006726000,46,21,25,1927.4
19840006728000,16,5,11,513.6
19840006735000,17,9,8,521.9
19840006737000,14,6,8,432.6
19840006738000,40,21,19,1976
19840006747000,7,3,4,268.1
19840006752000,9,5,4,374.4
19840006753000,7,5,2,401.8
19840006756000,9,5,4,551.7
19840006757000,11,6,5,363
19840006758000,7,4,3,373.1
19840006759000,6,3,3,267
19840006767000,1,1,0,0
19840006787000,20,11,9,836
19840006788000,23,7,16,922.3
19840006790000,11,4,7,638
19840006800000,2,1,1,0
19840006801000,44,16,28,2239.6
19840006803000,13,5,8,392.6
19840006818000,15,7,8,573
19840006819000,34,19,15,1237.6
19840006820000,37,20,17,1468.9
19840006821000,31,16,15,1348.5
19840006822000,31,16,15,1367.1
19840006823000,6,3,3,255
19840006826000,7,5,2,231
19840006829000,10,5,5,464
19840006830000,3,2,1,0
19840006831000,4,2,2,0
19840006832000,7,4,3,305.9
19840006834000,22,10,12,1075.8
19840006835000,14,8,6,554.4
19840006836000,24,13,11,900
19840006837000,232,101,131,5034.4
19840006838000,41,20,21,1525.2
19840006849000,10,3,7,512
19840006856000,13,8,5,620.1
19840006857000,12,6,6,393.6
19840006858000,27,16,11,1171.8
19840006861000,2,2,0,0
19840006865000,10,6,4,445
19840006867000,2,1,1,0
19840006868000,3,1,2,0
19840006872000,9,3,6,340.2
19840006882000,1,0,1,0
19840006883000,13,8,5,640.9
19840006886000,3,2,1,0
19840006898000,2,1,1,0
19840006900000,1,0,1,0
19840006902000,4,2,2,0
19840006903000,4,2,2,0
19840006904000,378,191,187,14628.6
19840006905000,111,55,56,3962.7
19840006906000,3,2,1,0
19840006907000,10,6,4,631
19840006908000,15,9,6,664.5
19840006910000,110,58,52,4565
19840006911000,364,180,184,15470
19840006912000,114,59,55,4069.8
19840006914000,17,8,9,853.4
19840006915000,8,5,3,264
19850006499000,12,6,6,411.6
19850006500000,43,23,20,1939.3
19850006502000,3,2,1,0
19850006511000,5,3,2,211
19850006512000,3,2,1,0
19850006519000,3,1,2,0
19850006521000,8,3,5,196
19850006522000,91,53,38,4076.8
19850006528000,2,1,1,0
19850006534000,36,20,16,1497.6
19850006537000,1,1,0,0
19850006550000,8,4,4,310.4
19850006556000,15,9,6,525
19850006562000,15,8,7,646.5
19850006566000,2,2,0,0
19850006567000,6,2,4,319.8
19850006571000,9,3,6,306
19850006574000,2,1,1,0
19850006577000,623,306,317,23362.5
19850006578000,229,121,108,6503.6
19850006581000,22,13,9,851.4
19850006582000,41,22,19,1939.3
19850006583000,4,2,2,0
19850006584000,29,15,14,1186.1
19850006585000,57,25,32,2177.4
19850006586000,31,17,14,1122.2
19850006587000,119,64,55,4605.3
19850006588000,13,7,6,529.1
19850006596000,18,8,10,718.2
19850006600000,2,1,1,0
19850006604000,7,3,4,469
19850006605000,12,6,6,541.2
19850006606000,16,9,7,788.8
19850006620000,10,4,6,373
19850006621000,2,1,1,0
19850006622000,3,2,1,0
19850006623000,3,1,2,0
19850006629000,30,13,17,819
19850006630000,93,36,57,3896.7
19850006631000,2,1,1,0
19850006635000,8,4,4,239.2
19850006636000,19,7,12,678.3
19850006637000,2,1,1,0
19850006638000,17,9,8,754.8
19850006639000,11,6,5,559.9
19850006643000,20,13,7,934
19850006644000,29,14,15,1104.9
19850006647000,31,18,13,1215.2
19850006649000,6,2,4,244.8
19850006653000,9,4,5,456.3
19850006654000,10,4,6,556
19850006662000,15,6,9,682.5
19850006664000,47,24,23,1649.7
19850006665000,131,65,66,5659.2
19850006666000,29,14,15,1519.6
19850006667000,47,22,25,1781.3
19850006668000,10,5,5,218
19850006677000,53,26,27,1929.2
19850006678000,7,4,3,373.1
19850006687000,10,5,5,251
19850006688000,14,7,7,450.8
19850006692000,1,1,0,0
19850006698000,3,2,1,0
19850006699000,4,2,2,0
19850006708000,1,1,0,0
19850006709000,7,4,3,307.3
19850006712000,29,16,13,1157.1
19850006713000,45,24,21,2124
19850006715000,20,12,8,1094
19850006718000,41,22,19,1283.3
19850006719000,52,28,24,2100.8
19850006720000,39,16,23,1766.7
19850006721000,42,22,20,1541.4
19850006722000,8,6,2,238.4
19850006725000,43,25,18,1935
19850006728000,6,3,3,234
19850006729000,22,10,12,759
19850006730000,22,14,8,985.6
19850006733000,4,2,2,0
19850006734000,3,1,2,0
19850006735000,149,77,72,6064.3
19850006736000,47,27,20,1884.7
19850006738000,16,8,8,622.4
19850006739000,4,3,1,0
19850006757000,83,48,35,3535.8
19850006766000,4,3,1,0
19850006767000,2,1,1,0
19850006768000,2,1,1,0
19850006781000,5,3,2,161
19850006782000,2,0,2,0
19850006783000,16,8,8,640
19850006784000,1,1,0,0
19850006790000,14,9,5,614.6
19850006801000,20,12,8,806
19850006802000,56,29,27,1965.6
19850006803000,59,32,27,2253.8
19850006809000,8,4,4,335.2
19850006817000,1,1,0,0
19850006818000,6,3,3,223.8
19850006819000,11,5,6,378.4
19850006828000,1,1,0,0
19850006829000,1,0,1,0
19850006830000,3,1,2,0
19850006835000,5,3,2,237
19850006836000,104,54,50,4035.2
19850006837000,6,3,3,360
19850006840000,3,3,0,0
19850006849000,1,1,0,0
19850006851000,2,1,1,0
19850006852000,6,2,4,202.8
19850006856000,37,23,14,1731.6
19850006861000,29,12,17,1313.7
19850006864000,13,7,6,579.8
19850006865000,37,20,17,1158.1
19850006886000,11,7,4,364.1
19850006899000,1,1,0,0
19850006900000,1,1,0,0
19850006903000,62,31,31,1636.8
19850006904000,69,31,38,2898
19850006908000,10,5,5,348
19850006909000,11,5,6,536.8
19850006910000,30,16,14,1326
19850006911000,67,34,33,2505.8
19850006912000,35,18,17,1151.5
19850006913000,64,35,29,2598.4
19850006914000,35,18,17,1561
19860006504000,1,1,0,0
19860006519000,3,1,2,0
19860006520000,13,6,7,577.2
19860006521000,30,14,16,891
19860006522000,44,26,18,1575.2
19860006523000,4,2,2,0
19860006529000,6,3,3,147
19860006538000,10,4,6,368
19860006563000,2,1,1,0
19860006564000,6,2,4,223.2
19860006565000,9,6,3,437.4
19860006566000,7,4,3,196.7
19860006574000,4,2,2,0
19860006575000,96,50,46,3513.6
19860006576000,650,311,339,29120
19860006577000,1440,718,722,53712
19860006578000,781,399,382,23430
19860006581000,6,3,3,204
19860006582000,75,35,40,2842.5
19860006583000,26,16,10,1001
19860006584000,18,10,8,703.8
19860006586000,40,18,22,1496
19860006587000,67,35,32,2485.7
19860006589000,5,1,4,69
19860006590000,4,1,3,0
19860006595000,3,2,1,0
19860006601000,7,4,3,347.2
19860006605000,23,14,9,982.1
19860006606000,1,1,0,0
19860006607000,8,5,3,403.2
19860006612000,5,2,3,152
19860006614000,1,0,1,0
19860006615000,26,9,17,1086.8
19860006616000,22,13,9,849.2
19860006628000,37,14,23,1217.3
19860006629000,16,9,7,396.8
19860006630000,251,138,113,10140.4
19860006631000,73,36,37,2788.6
19860006632000,4,3,1,0
19860006636000,14,6,8,463.4
19860006643000,9,6,3,370.8
19860006644000,21,11,10,837.9
19860006646000,56,32,24,2021.6
19860006647000,13,8,5,643.5
19860006654000,5,3,2,142
19860006661000,1,1,0,0
19860006664000,123,63,60,4637.1
19860006665000,102,53,49,3427.2
19860006666000,17,11,6,725.9
19860006677000,46,27,19,1490.4
19860006678000,413,219,194,14826.7
19860006679000,13,6,7,279.5
19860006686000,19,12,7,826.5
19860006687000,23,13,10,1097.1
19860006688000,10,5,5,314
19860006693000,1,0,1,0
19860006695000,5,3,2,316
19860006697000,32,18,14,1680
19860006698000,27,12,15,1620
19860006699000,24,10,14,1044
19860006700000,4,2,2,0
19860006703000,2,1,1,0
19860006704000,62,33,29,3515.4
19860006705000,1,1,0,0
19860006706000,21,12,9,976.5
19860006713000,13,5,8,370.5
19860006714000,5,3,2,199
19860006719000,7,2,5,247.1
19860006720000,4,2,2,0
19860006724000,1,0,1,0
19860006726000,4,1,3,0
19860006728000,9,6,3,538.2
19860006729000,1,1,0,0
19860006730000,8,5,3,456.8
19860006731000,10,5,5,469
19860006735000,5,4,1,271
19860006736000,4,2,2,0
19860006738000,5,2,3,208
19860006740000,25,13,12,1167.5
19860006745000,2,1,1,0
19860006746000,6,4,2,363
19860006748000,7,4,3,266.7
19860006756000,10,4,6,441
19860006757000,32,17,15,1593.6
19860006766000,17,9,8,960.5
19860006781000,7,4,3,310.1
19860006784000,17,9,8,982.6
19860006785000,2,1,1,0
19860006788000,41,21,20,930.7
19860006789000,7,3,4,501.9
19860006792000,2,1,1,0
19860006793000,7,5,2,412.3
19860006798000,10,4,6,414
19860006803000,25,14,11,850
19860006809000,7,3,4,291.9
19860006816000,3,2,1,0
19860006817000,2,2,0,0
19860006828000,6,3,3,397.8
19860006840000,107,55,52,3959
19860006841000,8,4,4,315.2
19860006850000,10,6,4,341
19860006853000,4,3,1,0
19860006861000,1,1,0,0
19860006864000,17,12,5,766.7
19860006865000,4,2,2,0
19860006869000,2,1,1,0
19860006886000,142,66,76,5467
19860006891000,1,1,0,0
19860006898000,10,6,4,650
19860006902000,12,8,4,417.6
19860006903000,15,10,5,357
19860006911000,8,4,4,326.4
19860006931000,27,13,14,1250.1
19860006932000,7,2,5,151.9
19870006499000,9,4,5,341.1
19870006502000,3,1,2,0
19870006519000,3,2,1,0
19870006520000,24,15,9,1125.6
19870006521000,8,4,4,359.2
19870006522000,3,2,1,0
19870006523000,3,2,1,0
19870006524000,1,1,0,0
19870006528000,9,5,4,303.3
19870006533000,4,3,1,0
19870006535000,4,2,2,0
19870006536000,17,8,9,578
19870006537000,12,6,6,594
19870006538000,6,4,2,79.2
19870006562000,6,2,4,274.2
19870006563000,111,63,48,5250.3
19870006565000,14,6,8,488.6
19870006574000,34,18,16,1360
19870006575000,154,86,68,5082
19870006576000,334,171,163,11322.6
19870006577000,1287,645,642,45431.1
19870006578000,281,147,134,9104.4
19870006582000,43,24,19,1513.6
19870006583000,35,19,16,1295
19870006584000,15,9,6,756
19870006587000,8,3,5,199.2
19870006589000,19,9,10,564.3
19870006595000,9,5,4,230.4
19870006597000,8,5,3,384.8
19870006598000,4,3,1,0
19870006606000,5,1,4,197
19870006612000,17,10,7,834.7
19870006614000,35,17,18,1326.5
19870006628000,6,3,3,259.2
19870006629000,6,3,3,373.8
19870006631000,18,10,8,772.2
19870006632000,45,21,24,1224
19870006646000,122,63,59,4904.4
19870006647000,2,1,1,0
19870006649000,6,4,2,313.8
19870006654000,9,5,4,324.9
19870006655000,6,3,3,268.8
19870006656000,60,29,31,2514
19870006678000,44,21,23,1856.8
19870006679000,14,7,7,480.2
19870006686000,34,12,22,1496
19870006687000,18,8,10,759.6
19870006693000,2,1,1,0
19870006694000,1,1,0,0
19870006701000,3,2,1,0
19870006702000,11,5,6,601.7
19870006703000,105,53,52,4179
19870006704000,27,15,12,1169.1
19870006706000,5,2,3,103
19870006707000,5,2,3,281
19870006708000,42,20,22,1146.6
19870006713000,26,17,9,980.2
19870006714000,115,57,58,4209
19870006715000,79,44,35,3002
19870006720000,5,2,3,224
19870006724000,7,5,2,217.7
19870006726000,21,10,11,890.4
19870006727000,12,7,5,542.4
19870006728000,20,9,11,1056
19870006729000,26,12,14,1157
19870006731000,36,19,17,1580.4
19870006732000,20,11,9,722
19870006739000,25,12,13,1157.5
19870006740000,54,27,27,2311.2
19870006744000,2,2,0,0
19870006745000,5,3,2,331
19870006759000,2,1,1,0
19870006760000,6,3,3,298.2
19870006762000,2,1,1,0
19870006765000,4,3,1,0
19870006766000,6,5,1,424.2
19870006781000,7,4,3,287.7
19870006785000,2,1,1,0
19870006786000,1,0,1,0
19870006788000,12,6,6,787.2
19870006789000,78,46,32,3424.2
19870006790000,14,6,8,408.8
19870006801000,16,8,8,780.8
19870006802000,18,8,10,802.8
19870006803000,23,13,10,731.4
19870006810000,17,8,9,839.8
19870006814000,7,3,4,191.1
19870006816000,27,13,14,1622.7
19870006817000,2,1,1,0
19870006825000,2,2,0,0
19870006826000,23,9,14,1108.6
19870006829000,2,1,1,0
19870006836000,4,1,3,0
19870006837000,6,4,2,337.2
19870006838000,10,6,4,412
19870006839000,47,21,26,2218.4
19870006840000,336,164,172,12969.6
19870006841000,258,124,134,9829.8
19870006852000,14,7,7,560
19870006853000,19,8,11,608
19870006855000,9,5,4,438.3
19870006861000,10,6,4,493
19870006862000,2,1,1,0
19870006863000,4,2,2,0
19870006864000,2,1,1,0
19870006869000,7,3,4,184.1
19870006886000,318,167,151,13483.2
19870006898000,2,1,1,0
19870006899000,2,1,1,0
19870006902000,2,1,1,0
19870006903000,8,6,2,310.4
19870006907000,4,3,1,0
19870006911000,40,21,19,2032
19870006914000,2,1,1,0
19870006931000,38,18,20,1238.8
19880006499000,42,21,21,1915.2
19880006500000,6,4,2,235.8
19880006503000,2,0,2,0
19880006504000,2,1,1,0
19880006508000,2,1,1,0
19880006519000,8,5,3,278.4
19880006520000,4,2,2,0
19880006522000,14,6,8,639.8
19880006523000,18,9,9,721.8
19880006524000,10,7,3,291
19880006534000,8,5,3,352.8
19880006535000,21,9,12,690.9
19880006536000,16,11,5,427.2
19880006537000,7,4,3,294.7
19880006539000,22,8,14,1117.6
19880006556000,2,1,1,0
19880006562000,19,9,10,879.7
19880006563000,281,142,139,9638.3
19880006564000,82,40,42,3419.4
19880006566000,3,2,1,0
19880006567000,10,4,6,325
19880006572000,5,3,2,239
19880006573000,29,15,14,1075.9
19880006574000,56,30,26,2492
19880006576000,2,1,1,0
19880006582000,8,4,4,254.4
19880006587000,5,4,1,182
19880006590000,14,7,7,543.2
19880006591000,26,13,13,733.2
19880006592000,36,16,20,1119.6
19880006595000,1,1,0,0
19880006596000,7,4,3,252
19880006597000,10,4,6,349
19880006598000,3,1,2,0
19880006601000,11,8,3,391.6
19880006604000,7,3,4,333.2
19880006605000,1,1,0,0
19880006606000,9,5,4,520.2
19880006607000,2,1,1,0
19880006612000,1,1,0,0
19880006624000,1,1,0,0
19880006632000,20,11,9,832
19880006633000,38,16,22,1428.8
19880006646000,81,49,32,3078
19880006647000,41,24,17,1467.8
19880006648000,7,4,3,359.8
19880006649000,1,0,1,0
19880006650000,33,17,16,1250.7
19880006656000,58,36,22,2122.8
19880006661000,41,24,17,1467.8
19880006678000,16,9,7,694.4
19880006679000,26,12,14,1211.6
19880006687000,15,7,8,637.5
19880006688000,181,92,89,7167.6
19880006689000,4,1,3,0
19880006692000,8,2,6,156.8
19880006693000,14,6,8,750.4
19880006694000,4,2,2,0
19880006700000,1,1,0,0
19880006701000,2,1,1,0
19880006702000,2,1,1,0
19880006703000,5,3,2,265
19880006706000,2,1,1,0
19880006707000,32,15,17,1561.6
19880006708000,46,26,20,2198.8
19880006713000,38,18,20,1474.4
19880006714000,246,116,130,10848.6
19880006715000,148,78,70,5254
19880006728000,2,1,1,0
19880006729000,10,5,5,387
19880006731000,51,24,27,2381.7
19880006738000,40,22,18,1612
19880006741000,65,39,26,2580.5
19880006743000,2,1,1,0
19880006748000,2,2,0,0
19880006749000,2,2,0,0
19880006761000,4,1,3,0
19880006766000,10,3,7,462
19880006780000,6,3,3,213
19880006785000,6,3,3,472.2
19880006786000,4,1,3,0
19880006791000,11,4,7,575.3
19880006805000,5,3,2,146
19880006806000,5,2,3,368
19880006811000,7,4,3,329.7
19880006812000,13,6,7,544.7
19880006815000,4,1,3,0
19880006816000,18,7,11,496.8
19880006817000,2,1,1,0
19880006827000,1,0,1,0
19880006830000,5,4,1,187
19880006836000,5,3,2,186
19880006837000,14,6,8,606.2
19880006838000,89,52,37,3684.6
19880006839000,54,28,26,1949.4
19880006840000,167,81,86,6780.2
19880006841000,163,76,87,7987
19880006851000,12,6,6,310.8
19880006852000,11,7,4,503.8
19880006855000,21,12,9,577.5
19880006856000,9,5,4,451.8
19880006864000,1,0,1,0
19880006865000,9,7,2,403.2
19880006866000,5,2,3,220
19880006867000,1,1,0,0
19880006869000,10,5,5,468
19880006871000,1,1,0,0
19880006886000,262,128,134,11397
19880006887000,342,173,169,13064.4
19880006898000,11,7,4,573.1
19880006902000,34,17,17,1540.2
19880006903000,81,43,38,2851.2
19880006905000,9,5,4,371.7
19880006909000,19,10,9,761.9
19880006910000,33,14,19,1603.8
19880006914000,14,7,7,848.4
19880006924000,3,1,2,0
19880006926000,15,7,8,891
19880006927000,7,4,3,312.9
19880006931000,14,8,6,691.6
19890006498000,13,6,7,501.8
19890006499000,95,50,45,3990
19890006500000,26,14,12,1034.8
19890006502000,6,3,3,232.2
19890006503000,10,3,7,377
19890006522000,16,8,8,649.6
19890006523000,9,5,4,257.4
19890006524000,17,10,7,656.2
19890006525000,8,4,4,290.4
19890006542000,12,7,5,570
19890006559000,16,11,5,649.6
19890006560000,19,8,11,647.9
19890006562000,3,1,2,0
19890006563000,8,3,5,319.2
19890006566000,7,2,5,487.2
19890006567000,3,2,1,0
19890006568000,3,1,2,0
19890006572000,2,2,0,0
19890006573000,6,3,3,241.8
19890006587000,6,4,2,162
19890006588000,31,13,18,1509.7
19890006590000,2,1,1,0
19890006591000,4,1,3,0
19890006592000,15,8,7,450
19890006593000,54,27,27,1911.6
19890006594000,15,7,8,555
19890006596000,12,5,7,616.8
19890006597000,12,5,7,451.2
19890006598000,5,4,1,193
19890006601000,7,5,2,161.7
19890006604000,5,2,3,156
19890006605000,2,2,0,0
19890006616000,6,4,2,270
19890006617000,8,5,3,376.8
19890006618000,1,1,0,0
19890006628000,18,7,11,306
19890006629000,27,12,15,1163.7
19890006632000,5,3,2,279
19890006633000,48,25,23,1771.2
19890006634000,48,26,22,1704
19890006635000,20,9,11,536
19890006646000,19,10,9,904.4
19890006647000,9,5,4,327.6
19890006648000,244,119,125,10223.6
19890006650000,36,22,14,1281.6
19890006656000,20,12,8,858
19890006657000,2,1,1,0
19890006661000,12,3,9,468
19890006662000,9,6,3,361.8
19890006678000,92,45,47,4241.2
19890006679000,2,1,1,0
19890006681000,5,4,1,186
19890006688000,24,13,11,1240.8
19890006693000,3,1,2,0
19890006696000,1,1,0,0
19890006697000,16,8,8,545.6
19890006706000,10,6,4,437
19890006707000,4,2,2,0
19890006708000,50,27,23,2720
19890006709000,2,1,1,0
19890006713000,5,4,1,261
19890006714000,136,68,68,4583.2
19890006728000,20,11,9,944
19890006731000,22,11,11,831.6
19890006732000,85,48,37,3323.5
19890006737000,6,3,3,112.2
19890006738000,1,1,0,0
19890006740000,24,13,11,1060.8
19890006741000,93,49,44,3608.4
19890006765000,2,1,1,0
19890006767000,4,2,2,0
19890006772000,2,1,1,0
19890006781000,3,2,1,0
19890006785000,102,48,54,3631.2
19890006805000,7,4,3,263.9
19890006806000,22,11,11,774.4
19890006811000,119,48,71,5664.4
19890006815000,22,14,8,1058.2
19890006817000,5,2,3,174
19890006820000,2,1,1,0
19890006836000,13,8,5,423.8
19890006838000,12,6,6,549.6
19890006839000,7,3,4,256.9
19890006842000,7,3,4,385
19890006850000,4,3,1,0
19890006851000,3,2,1,0
19890006852000,6,2,4,199.2
19890006855000,32,16,16,1376
19890006864000,6,2,4,358.8
19890006865000,3,2,1,0
19890006868000,19,9,10,853.1
19890006869000,1,1,0,0
19890006872000,5,3,2,165
19890006886000,153,77,76,5859.9
19890006892000,2,1,1,0
19890006898000,3,2,1,0
19890006909000,215,90,125,8557
19890006910000,53,24,29,2199.5
19890006925000,2,1,1,0
19890006926000,5,2,3,313
19890006930000,4,2,2,0
19890006931000,14,9,5,383.6
19890006932000,10,3,7,480
19890006933000,36,17,19,1609.2
19900006497000,133,70,63,5266.8
19900006498000,152,79,73,5259.2
19900006499000,492,241,251,18892.8
19900006500000,558,289,269,19195.2
19900006502000,37,22,15,1520.7
19900006503000,5,2,3,82
19900006505000,24,13,11,667.2
19900006506000,17,7,10,833
19900006507000,2,0,2,0
19900006513000,9,6,3,359.1
19900006514000,11,5,6,465.3
19900006515000,12,6,6,309.6
19900006517000,8,6,2,350.4
19900006519000,5,2,3,283
19900006521000,1,0,1,0
19900006522000,2,1,1,0
19900006523000,13,8,5,464.1
19900006524000,4,3,1,0
19900006525000,11,6,5,357.5
19900006539000,18,10,8,730.8
19900006542000,9,5,4,455.4
19900006557000,8,2,6,330.4
19900006558000,71,33,38,2612.8
19900006562000,38,22,16,988
19900006567000,5,2,3,210
19900006578000,15,9,6,607.5
19900006579000,8,5,3,298.4
19900006588000,21,15,6,886.2
19900006590000,12,6,6,343.2
19900006593000,131,72,59,4532.6
19900006594000,44,29,15,1584
19900006595000,1,0,1,0
19900006596000,12,5,7,410.4
19900006597000,5,2,3,266
19900006598000,3,2,1,0
19900006599000,6,4,2,271.8
19900006601000,6,3,3,277.8
19900006602000,4,2,2,0
19900006606000,4,3,1,0
19900006611000,19,10,9,830.3
19900006612000,97,48,49,5082.8
19900006617000,2,1,1,0
19900006618000,10,5,5,365
19900006619000,9,4,5,361.8
19900006621000,6,2,4,126
19900006627000,16,6,10,515.2
19900006628000,31,15,16,1267.9
19900006629000,31,20,11,1348.5
19900006630000,12,6,6,366
19900006633000,14,7,7,565.6
19900006634000,19,9,10,836
19900006635000,7,3,4,256.2
19900006648000,190,81,109,8968
19900006649000,213,98,115,9116.4
19900006650000,34,17,17,1278.4
19900006656000,276,136,140,11122.8
19900006657000,4,2,2,0
19900006662000,57,25,32,2553.6
19900006663000,28,13,15,915.6
19900006678000,122,65,57,4928.8
19900006679000,350,171,179,13650
19900006685000,4,2,2,0
19900006687000,16,9,7,547.2
19900006688000,3,2,1,0
19900006689000,9,6,3,273.6
19900006693000,2,1,1,0
19900006708000,23,12,11,1081
19900006713000,1,1,0,0
19900006714000,22,10,12,701.8
19900006728000,24,13,11,912
19900006731000,76,37,39,2842.4
19900006732000,219,114,105,8672.4
19900006733000,59,35,24,2218.4
19900006737000,24,11,13,1226.4
19900006740000,12,6,6,524.4
19900006764000,4,2,2,0
19900006767000,3,1,2,0
19900006768000,44,21,23,1830.4
19900006769000,13,7,6,574.6
19900006770000,3,2,1,0
19900006771000,5,2,3,195
19900006774000,1,1,0,0
19900006775000,2,1,1,0
19900006785000,21,10,11,963.9
19900006806000,1,0,1,0
19900006811000,50,26,24,2100
19900006817000,15,7,8,519
19900006818000,11,5,6,304.7
19900006819000,4,2,2,0
19900006820000,1,0,1,0
19900006827000,10,4,6,266
19900006835000,12,6,6,320.4
19900006836000,27,15,12,1007.1
19900006838000,9,6,3,511.2
19900006841000,7,4,3,161.7
19900006851000,76,37,39,2682.8
19900006852000,25,8,17,1040
19900006853000,13,7,6,577.2
19900006855000,38,21,17,1542.8
19900006864000,6,4,2,99
19900006866000,4,4,0,0
19900006868000,21,11,10,921.9
19900006871000,2,1,1,0
19900006872000,2,0,2,0
19900006908000,10,4,6,298
19900006909000,1,1,0,0
19900006911000,12,6,6,276
19900006929000,4,2,2,0
19900006930000,3,2,1,0
19900006934000,6,2,4,214.2
19900006935000,4,2,2,0
19910006498000,43,21,22,2145.7
19910006499000,287,147,140,11393.9
19910006500000,602,284,318,27270.6
19910006503000,2,1,1,0
19910006506000,1,0,1,0
19910006507000,6,5,1,289.8
19910006508000,2,2,0,0
19910006509000,3,2,1,0
19910006510000,7,3,4,279.3
19910006511000,6,2,4,232.2
19910006513000,5,4,1,247
19910006515000,20,13,7,672
19910006522000,1,1,0,0
19910006524000,9,5,4,473.4
19910006525000,3,3,0,0
19910006531000,5,3,2,287
19910006540000,2,1,1,0
19910006541000,11,6,5,519.2
19910006542000,19,11,8,714.4
19910006544000,7,4,3,181.3
19910006554000,1,0,1,0
19910006555000,63,33,30,2280.6
19910006558000,39,22,17,1489.8
19910006562000,89,39,50,2500.9
19910006588000,39,20,19,1528.8
19910006595000,1,1,0,0
19910006599000,22,9,13,1139.6
19910006601000,4,3,1,0
19910006602000,5,3,2,330
19910006605000,6,1,5,165
19910006607000,2,0,2,0
19910006611000,7,3,4,237.3
19910006612000,37,23,14,1272.8
19910006614000,8,6,2,216
19910006615000,3,1,2,0
19910006619000,3,1,2,0
19910006620000,42,23,19,1255.8
19910006621000,17,9,8,763.3
19910006623000,2,1,1,0
19910006629000,20,7,13,960
19910006630000,14,7,7,793.8
19910006631000,10,5,5,444
19910006632000,1,0,1,0
19910006634000,1,1,0,0
19910006636000,4,1,3,0
19910006647000,40,17,23,1204
19910006648000,73,36,37,2759.4
19910006649000,280,133,147,10752
19910006650000,236,113,123,7882.4
19910006655000,41,26,15,1488.3
19910006656000,262,138,124,13178.6
19910006657000,33,17,16,1323.3
19910006663000,40,23,17,1928
19910006664000,2,1,1,0
19910006677000,1,0,1,0
19910006678000,43,24,19,1651.2
19910006679000,29,16,13,649.6
19910006680000,205,104,101,7380
19910006687000,21,13,8,680.4
19910006690000,3,1,2,0
19910006697000,8,4,4,488
19910006709000,13,6,7,393.9
19910006713000,38,21,17,1641.6
19910006714000,38,21,17,1394.6
19910006715000,18,7,11,379.8
19910006728000,109,55,54,4588.9
19910006729000,191,91,100,7277.1
19910006731000,91,49,42,3512.6
19910006732000,11,4,7,343.2
19910006733000,3,1,2,0
19910006738000,27,13,14,1061.1
19910006740000,252,132,120,8820
19910006742000,1,1,0,0
19910006744000,1,0,1,0
19910006745000,15,7,8,553.5
19910006750000,1,1,0,0
19910006763000,10,4,6,464
19910006768000,7,4,3,142.1
19910006769000,1,1,0,0
19910006775000,1,0,1,0
19910006776000,4,3,1,0
19910006805000,8,4,4,368.8
19910006806000,58,31,27,2053.2
19910006811000,3,1,2,0
19910006812000,15,7,8,519
19910006813000,2,1,1,0
19910006814000,6,3,3,309
19910006817000,17,8,9,671.5
19910006818000,26,16,10,863.2
19910006827000,12,6,6,519.6
19910006828000,5,2,3,80
19910006836000,7,4,3,357.7
19910006842000,21,13,8,724.5
19910006850000,4,3,1,0
19910006851000,26,11,15,852.8
19910006854000,2,1,1,0
19910006855000,10,5,5,360
19910006861000,5,3,2,198
19910006864000,4,2,2,0
19910006868000,4,2,2,0
19910006871000,14,10,4,686
19910006872000,4,2,2,0
19910006896000,38,18,20,1683.4
19910006897000,27,17,10,953.1
19910006898000,1,0,1,0
19910006902000,8,4,4,462.4
19910006907000,28,15,13,1044.4
19910006910000,4,2,2,0
19910006911000,4,3,1,0
19910006913000,9,5,4,331.2
19910006924000,12,4,8,537.6
19910006929000,6,4,2,337.2
19910006934000,40,23,17,1740
19920006495000,2,2,0,0
19920006498000,2,1,1,0
19920006499000,65,37,28,2346.5
19920006500000,65,32,33,2236
19920006501000,21,12,9,869.4
19920006502000,12,6,6,452.4
19920006503000,6,4,2,127.8
19920006511000,9,4,5,307.8
19920006512000,3,2,1,0
19920006513000,1,0,1,0
19920006522000,11,5,6,337.7
19920006525000,3,2,1,0
19920006545000,38,19,19,1371.8
19920006553000,8,3,5,206.4
19920006554000,24,14,10,864
19920006555000,2,1,1,0
19920006559000,12,7,5,610.8
19920006563000,4,1,3,0
19920006564000,12,7,5,488.4
19920006580000,2,1,1,0
19920006590000,26,14,12,1151.8
19920006591000,31,17,14,964.1
19920006592000,18,12,6,691.2
19920006594000,4,2,2,0
19920006596000,1,1,0,0
19920006597000,11,7,4,478.5
19920006598000,28,14,14,1083.6
19920006599000,56,31,25,2346.4
19920006601000,6,3,3,297
19920006611000,2,1,1,0
19920006621000,7,4,3,427
19920006624000,6,3,3,187.2
19920006627000,14,8,6,635.6
19920006630000,15,7,8,736.5
19920006631000,13,7,6,553.8
19920006647000,40,25,15,1716
19920006648000,43,19,24,1586.7
19920006649000,67,34,33,2613
19920006650000,31,14,17,1116
19920006655000,6,4,2,181.8
19920006656000,1,1,0,0
19920006657000,45,22,23,1885.5
19920006658000,5,2,3,277
19920006659000,1,1,0,0
19920006676000,7,3,4,256.9
19920006677000,51,26,25,1973.7
19920006678000,4,2,2,0
19920006680000,13,8,5,591.5
19920006690000,7,4,3,469.7
19920006691000,7,2,5,273.7
19920006710000,1,1,0,0
19920006713000,64,36,28,2073.6
19920006728000,2,1,1,0
19920006729000,56,31,25,2178.4
19920006730000,358,174,184,16217.4
19920006731000,298,139,159,10281
19920006732000,5,2,3,274
19920006738000,43,23,20,1883.4
19920006739000,63,33,30,2614.5
19920006740000,678,340,338,28950.6
19920006741000,36,18,18,1504.8
19920006742000,6,2,4,148.8
19920006745000,7,4,3,431.9
19920006748000,65,31,34,2606.5
19920006749000,13,5,8,421.2
19920006761000,11,6,5,587.4
19920006763000,2,1,1,0
19920006764000,3,2,1,0
19920006812000,5,3,2,382
19920006817000,12,9,3,537.6
19920006818000,3,2,1,0
19920006827000,10,4,6,588
19920006836000,9,3,6,360
19920006838000,6,1,5,198
19920006841000,11,7,4,589.6
19920006842000,15,7,8,691.5
19920006849000,22,12,10,1075.8
19920006850000,13,8,5,672.1
19920006852000,4,3,1,0
19920006854000,6,3,3,349.8
19920006864000,7,5,2,168
19920006867000,15,12,3,559.5
19920006869000,2,1,1,0
19920006872000,2,2,0,0
19920006895000,2,1,1,0
19920006896000,17,8,9,698.7
19920006898000,33,16,17,1824.9
19920006899000,6,2,4,243
19920006906000,25,12,13,865
19920006907000,38,24,14,1535.2
19920006908000,31,16,15,1385.7
19920006910000,7,4,3,235.2
19920006912000,14,7,7,634.2
19920006913000,4,2,2,0
19920006923000,3,2,1,0
19920006924000,13,6,7,816.4
19920006933000,9,4,5,663.3
19930006495000,2,1,1,0
19930006496000,17,11,6,965.6
19930006500000,27,13,14,1239.3
19930006502000,4,2,2,0
19930006503000,8,5,3,403.2
19930006504000,3,2,1,0
19930006514000,3,2,1,0
19930006516000,5,3,2,242
19930006522000,9,4,5,306.9
19930006523000,2,1,1,0
19930006552000,9,5,4,345.6
19930006553000,14,8,6,586.6
19930006559000,2,1,1,0
19930006560000,22,8,14,708.4
19930006563000,5,2,3,138
19930006568000,4,2,2,0
19930006591000,4,3,1,0
19930006592000,10,4,6,397
19930006593000,16,6,10,536
19930006596000,24,13,11,1092
19930006597000,23,12,11,938.4
19930006598000,1,1,0,0
19930006599000,2,1,1,0
19930006602000,6,2,4,220.2
19930006604000,15,8,7,540
19930006605000,3,1,2,0
19930006612000,6,3,3,262.2
19930006613000,1,0,1,0
19930006616000,2,2,0,0
19930006618000,7,3,4,212.8
19930006621000,28,9,19,792.4
19930006622000,16,10,6,686.4
19930006624000,2,2,0,0
19930006627000,13,6,7,616.2
19930006628000,3,2,1,0
19930006636000,6,4,2,343.8
19930006646000,1,1,0,0
19930006647000,73,40,33,2613.4
19930006648000,93,46,47,3524.7
19930006649000,85,43,42,3009
19930006650000,8,5,3,260
19930006656000,2,1,1,0
19930006657000,2,1,1,0
19930006663000,5,3,2,308
19930006675000,1,1,0,0
19930006676000,1,1,0,0
19930006680000,22,10,12,1201.2
19930006681000,2,2,0,0
19930006689000,7,5,2,387.1
19930006709000,7,4,3,329
19930006710000,8,4,4,252
19930006713000,82,41,41,2911
19930006715000,20,12,8,718
19930006728000,2,1,1,0
19930006729000,25,16,9,1022.5
19930006730000,4,2,2,0
19930006731000,54,28,26,2122.2
19930006732000,9,5,4,257.4
19930006733000,1,1,0,0
19930006740000,15,9,6,517.5
19930006741000,39,21,18,1088.1
19930006748000,345,169,176,14559
19930006749000,338,166,172,12100.4
19930006757000,1,1,0,0
19930006758000,1,1,0,0
19930006783000,1,0,1,0
19930006789000,5,3,2,138
19930006812000,2,1,1,0
19930006827000,16,8,8,622.4
19930006828000,13,6,7,374.4
19930006834000,6,4,2,400.8
19930006837000,3,2,1,0
19930006842000,18,10,8,781.2
19930006850000,2,1,1,0
19930006851000,1,1,0,0
19930006854000,2,1,1,0
19930006859000,14,7,7,424.2
19930006866000,78,40,38,2558.4
19930006872000,7,4,3,343.7
19930006898000,16,8,8,619.2
19930006899000,31,15,16,1178
19930006909000,5,3,2,322
19930006910000,2,1,1,0
19930006911000,1,0,1,0
19930006912000,5,3,2,307
19930006914000,8,3,5,174.4
19930006933000,5,3,2,229
19940006502000,5,2,3,349
19940006503000,5,3,2,252
19940006506000,8,5,3,208.8
19940006509000,2,1,1,0
19940006510000,2,1,1,0
19940006514000,7,5,2,121.1
19940006521000,23,14,9,680.8
19940006522000,11,4,7,405.9
19940006523000,6,1,5,120
19940006552000,35,18,17,1655.5
19940006560000,30,14,16,789
19940006561000,6,3,3,358.8
19940006568000,11,6,5,280.5
19940006590000,35,18,17,1683.5
19940006592000,6,2,4,249
19940006593000,26,15,11,733.2
19940006594000,1,0,1,0
19940006595000,2,1,1,0
19940006596000,30,16,14,765
19940006597000,7,2,5,207.2
19940006598000,48,23,25,1790.4
19940006609000,2,2,0,0
19940006610000,20,9,11,896
19940006613000,5,4,1,163
19940006616000,2,1,1,0
19940006617000,19,8,11,661.2
19940006619000,32,19,13,1177.6
19940006620000,1,1,0,0
19940006621000,5,3,2,242
19940006622000,11,7,4,496.1
19940006627000,5,3,2,312
19940006628000,3,2,1,0
19940006636000,8,3,5,404.8
19940006646000,34,16,18,1142.4
19940006647000,29,18,11,1009.2
19940006648000,27,14,13,1185.3
19940006649000,37,17,20,1517
19940006650000,23,10,13,903.9
19940006651000,6,2,4,186
19940006656000,4,3,1,0
19940006659000,9,5,4,586.8
19940006660000,6,2,4,312
19940006661000,6,4,2,202.2
19940006674000,18,8,10,673.2
19940006675000,4,3,1,0
19940006681000,5,3,2,131
19940006689000,7,3,4,398.3
19940006690000,29,16,13,1371.7
19940006691000,58,29,29,2610
19940006692000,30,18,12,1188
19940006693000,2,2,0,0
19940006708000,6,3,3,276
19940006709000,6,4,2,391.8
19940006711000,17,8,9,652.8
19940006713000,27,17,10,804.6
19940006715000,4,2,2,0
19940006716000,1,1,0,0
19940006727000,3,2,1,0
19940006728000,58,28,30,2320
19940006729000,38,21,17,1603.6
19940006741000,4,2,2,0
19940006749000,38,22,16,1797.4
19940006750000,9,4,5,219.6
19940006759000,2,1,1,0
19940006761000,5,3,2,207
19940006762000,7,4,3,287
19940006763000,21,12,9,638.4
19940006766000,1,1,0,0
19940006772000,1,1,0,0
19940006807000,5,2,3,130
19940006814000,10,5,5,515
19940006826000,5,2,3,148
19940006827000,3,3,0,0
19940006840000,4,2,2,0
19940006848000,11,6,5,490.6
19940006849000,2,1,1,0
19940006851000,17,10,7,697
19940006858000,5,3,2,109
19940006859000,6,1,5,253.8
19940006863000,21,14,7,861
19940006864000,174,94,80,5655
19940006865000,146,75,71,6818.2
19940006866000,26,15,11,1050.4
19940006872000,7,5,2,408.1
19940006896000,8,4,4,235.2
19940006911000,26,11,15,923
19940006912000,5,3,2,283
19940006916000,4,1,3,0
19940006917000,11,7,4,711.7
19940006924000,1,1,0,0
19940006927000,2,1,1,0
19950006491000,3,1,2,0
19950006492000,5,2,3,259
19950006504000,2,1,1,0
19950006513000,12,7,5,474
19950006521000,24,12,12,952.8
19950006551000,200,110,90,7360
19950006561000,8,3,5,480
19950006585000,7,4,3,298.2
19950006589000,1,1,0,0
19950006590000,127,72,55,4648.2
19950006591000,3,1,2,0
19950006592000,3,2,1,0
19950006593000,3,1,2,0
19950006594000,13,6,7,559
19950006595000,25,16,9,795
19950006597000,8,5,3,248
19950006598000,30,16,14,1068
19950006599000,5,2,3,364
19950006604000,18,10,8,624.6
19950006605000,26,16,10,1211.6
19950006609000,13,8,5,634.4
19950006610000,8,5,3,344
19950006612000,6,2,4,177
19950006613000,8,4,4,239.2
19950006615000,6,2,4,217.8
19950006618000,4,2,2,0
19950006620000,14,10,4,520.8
19950006627000,10,4,6,438
19950006628000,2,1,1,0
19950006636000,1,0,1,0
19950006637000,2,1,1,0
19950006646000,17,8,9,780.3
19950006647000,12,9,3,410.4
19950006650000,22,11,11,990
19950006651000,7,4,3,447.3
19950006656000,1,1,0,0
19950006659000,16,8,8,592
19950006660000,9,6,3,432.9
19950006663000,1,0,1,0
19950006666000,4,2,2,0
19950006668000,1,0,1,0
19950006673000,14,5,9,392
19950006684000,7,4,3,475.3
19950006691000,1,0,1,0
19950006692000,85,43,42,2456.5
19950006693000,143,76,67,6020.3
19950006694000,20,12,8,866
19950006695000,13,6,7,609.7
19950006696000,10,5,5,612
19950006697000,2,2,0,0
19950006700000,5,2,3,194
19950006701000,25,12,13,1180
19950006702000,7,3,4,268.8
19950006703000,2,2,0,0
19950006707000,3,2,1,0
19950006708000,4,2,2,0
19950006709000,5,3,2,274
19950006711000,8,3,5,328.8
19950006712000,12,7,5,498
19950006714000,11,5,6,479.6
19950006715000,33,18,15,1221
19950006734000,7,2,5,186.9
19950006751000,4,1,3,0
19950006760000,12,7,5,697.2
19950006761000,110,55,55,5214
19950006762000,13,7,6,507
19950006763000,14,8,6,779.8
19950006806000,2,1,1,0
19950006814000,17,8,9,712.3
19950006822000,12,8,4,519.6
19950006824000,1,0,1,0
19950006825000,5,3,2,310
19950006827000,1,1,0,0
19950006834000,3,1,2,0
19950006839000,4,2,2,0
19950006840000,7,4,3,466.9
19950006841000,19,12,7,910.1
19950006850000,2,1,1,0
19950006851000,2,0,2,0
19950006853000,13,6,7,488.8
19950006854000,32,15,17,1616
19950006858000,11,5,6,415.8
19950006861000,2,1,1,0
19950006862000,2,1,1,0
19950006863000,13,6,7,604.5
19950006865000,100,61,39,4050
19950006872000,9,6,3,330.3
19950006894000,4,3,1,0
19950006896000,10,5,5,402
19950006903000,3,2,1,0
19950006904000,7,3,4,284.2
19950006911000,26,12,14,1383.2
19950006912000,6,2,4,159
19950006920000,4,1,3,0
19950006925000,142,71,71,5154.6
19950006926000,34,19,15,1360
19950006928000,8,6,2,400.8
19950006929000,14,7,7,595
19960006491000,1,0,1,0
19960006492000,19,7,12,1242.6
19960006501000,1,1,0,0
19960006504000,16,9,7,910.4
19960006506000,1,1,0,0
19960006513000,20,8,12,714
19960006514000,12,6,6,448.8
19960006515000,7,3,4,186.2
19960006518000,6,4,2,214.8
19960006519000,12,6,6,465.6
19960006520000,128,66,62,4684.8
19960006521000,2,1,1,0
19960006522000,9,4,5,398.7
19960006550000,20,12,8,670
19960006551000,195,102,93,4933.5
19960006585000,1,0,1,0
19960006588000,1,1,0,0
19960006589000,1,1,0,0
19960006590000,132,69,63,4554
19960006591000,1,1,0,0
19960006592000,15,9,6,661.5
19960006593000,6,3,3,246
19960006598000,4,2,2,0
19960006599000,155,78,77,5812.5
19960006602000,11,6,5,506
19960006603000,23,15,8,834.9
19960006604000,24,12,12,883.2
19960006605000,22,10,12,783.2
19960006606000,1,1,0,0
19960006619000,2,0,2,0
19960006627000,2,1,1,0
19960006646000,4,2,2,0
19960006647000,16,9,7,579.2
19960006650000,4,2,2,0
19960006651000,20,11,9,716
19960006652000,7,3,4,256.9
19960006656000,8,4,4,182.4
19960006666000,10,5,5,562
19960006668000,1,1,0,0
19960006670000,4,2,2,0
19960006679000,36,16,20,1389.6
19960006680000,37,16,21,1546.6
19960006683000,7,4,3,455
19960006684000,1,1,0,0
19960006704000,37,23,14,1702
19960006705000,3,2,1,0
19960006706000,11,5,6,487.3
19960006707000,11,6,5,354.2
19960006708000,6,4,2,90
19960006709000,1,1,0,0
19960006712000,14,6,8,607.6
19960006713000,3,1,2,0
19960006714000,10,5,5,258
19960006731000,5,3,2,323
19960006732000,9,4,5,486
19960006734000,7,4,3,207.9
19960006751000,27,13,14,1412.1
19960006760000,12,4,8,577.2
19960006761000,75,37,38,2902.5
19960006772000,1,1,0,0
19960006804000,2,1,1,0
19960006805000,29,17,12,1339.8
19960006809000,1,1,0,0
19960006815000,9,5,4,450
19960006816000,4,3,1,0
19960006824000,8,3,5,255.2
19960006825000,11,8,3,348.7
19960006839000,7,1,6,322
19960006840000,9,5,4,434.7
19960006841000,9,6,3,387
19960006850000,17,9,8,608.6
19960006851000,5,3,2,269
19960006854000,5,3,2,136
19960006858000,9,4,5,314.1
19960006862000,12,7,5,543.6
19960006864000,72,32,40,2750.4
19960006872000,41,21,20,1726.1
19960006901000,5,3,2,283
19960006903000,37,16,21,1357.9
19960006914000,47,23,24,2091.5
19960006915000,50,26,24,1975
19960006916000,491,241,250,20818.4
19960006917000,31,19,12,1478.7
19960006918000,39,21,18,1404
19960006923000,14,6,8,533.4
19960006924000,169,94,75,7233.2
19960006925000,128,57,71,5568
19960006926000,14,6,8,547.4
19960006927000,6,3,3,382.8
19960006929000,25,11,14,1002.5
19970006492000,9,4,5,431.1
19970006505000,39,18,21,932.1
19970006506000,1,1,0,0
19970006513000,13,7,6,561.6
19970006514000,10,5,5,405
19970006515000,8,4,4,383.2
19970006516000,13,6,7,620.1
19970006517000,12,6,6,417.6
19970006518000,30,15,15,1245
19970006519000,40,19,21,1284
19970006520000,12,6,6,579.6
19970006521000,4,2,2,0
19970006522000,2,2,0,0
19970006527000,6,3,3,379.8
19970006555000,8,5,3,284
19970006570000,6,3,3,208.2
19970006580000,1,1,0,0
19970006585000,2,2,0,0
19970006589000,5,4,1,312
19970006590000,84,29,55,4158
19970006598000,26,14,12,1073.8
19970006599000,371,181,190,14654.5
19970006600000,42,16,26,1512
19970006602000,2,1,1,0
19970006604000,15,6,9,555
19970006617000,1,1,0,0
19970006620000,1,1,0,0
19970006627000,6,4,2,325.2
19970006628000,2,2,0,0
19970006648000,16,9,7,929.6
19970006650000,9,4,5,431.1
19970006655000,5,4,1,111
19970006658000,23,11,12,880.9
19970006659000,9,5,4,330.3
19970006666000,20,10,10,472
19970006669000,24,12,12,924
19970006670000,8,5,3,255.2
19970006677000,17,9,8,683.4
19970006678000,46,28,18,1899.8
19970006679000,134,76,58,4958
19970006680000,234,117,117,8190
19970006681000,1,0,1,0
19970006697000,15,7,8,666
19970006698000,8,2,6,272
19970006703000,13,8,5,465.4
19970006704000,25,11,14,945
19970006712000,6,2,4,199.8
19970006713000,12,8,4,621.6
19970006735000,3,1,2,0
19970006751000,148,81,67,5934.8
19970006760000,29,14,15,1450
19970006761000,10,6,4,321
19970006763000,26,15,11,842.4
19970006805000,6,3,3,231
19970006810000,4,3,1,0
19970006814000,5,1,4,173
19970006815000,3,2,1,0
19970006825000,5,2,3,167
19970006839000,27,14,13,1263.6
19970006848000,25,13,12,997.5
19970006851000,33,18,15,1343.1
19970006854000,15,7,8,697.5
19970006862000,13,7,6,412.1
19970006863000,9,5,4,369
19970006903000,5,2,3,153
19970006904000,60,33,27,2844
19970006905000,22,12,10,985.6
19970006906000,12,6,6,730.8
19970006914000,11,7,4,671
19970006915000,21,8,13,1041.6
19970006916000,151,79,72,4862.2
19970006922000,11,6,5,521.4
19970006923000,19,11,8,874
19970006924000,46,21,25,1738.8
19970006929000,6,3,3,261
19980006492000,24,9,15,856.8
19980006493000,66,37,29,2996.4
19980006505000,34,16,18,1132.2
19980006506000,5,2,3,228
19980006527000,2,1,1,0
19980006540000,2,1,1,0
19980006545000,19,8,11,621.3
19980006548000,11,5,6,470.8
19980006555000,33,18,15,1237.5
19980006563000,48,28,20,1665.6
19980006586000,2,1,1,0
19980006588000,20,10,10,666
19980006589000,9,4,5,439.2
19980006590000,73,37,36,2233.8
19980006598000,7,4,3,265.3
19980006599000,47,23,24,1997.5
19980006608000,5,4,1,101
19980006618000,2,1,1,0
19980006627000,5,4,1,150
19980006628000,2,1,1,0
19980006645000,3,2,1,0
19980006651000,19,11,8,663.1
19980006652000,12,7,5,424.8
19980006658000,5,2,3,270
19980006659000,8,5,3,315.2
19980006676000,15,7,8,622.5
19980006677000,14,7,7,572.6
19980006678000,31,15,16,1159.4
19980006679000,21,11,10,791.7
19980006680000,141,70,71,5527.2
19980006681000,225,111,114,8932.5
19980006682000,146,73,73,5533.4
19980006683000,2,1,1,0
19980006684000,83,40,43,4589.9
19980006685000,229,109,120,8931
19980006686000,24,11,13,1027.2
19980006695000,23,12,11,1202.9
19980006696000,16,8,8,1014.4
19980006703000,9,4,5,540.9
19980006705000,4,2,2,0
19980006713000,1,0,1,0
19980006714000,13,5,8,408.2
19980006728000,1,1,0,0
19980006735000,1,1,0,0
19980006736000,2,2,0,0
19980006751000,165,85,80,6517.5
19980006752000,752,316,436,33764.8
19980006753000,66,34,32,3009.6
19980006756000,1,1,0,0
19980006757000,2,1,1,0
19980006759000,84,43,41,3511.2
19980006762000,14,9,5,502.6
19980006805000,15,8,7,738
19980006815000,1,0,1,0
19980006839000,33,19,14,1214.4
19980006851000,13,4,9,440.7
19980006862000,8,5,3,306.4
19980006863000,10,6,4,465
19980006872000,39,24,15,1462.5
19980006873000,9,5,4,465.3
19980006892000,4,3,1,0
19980006904000,84,36,48,3158.4
19980006906000,7,2,5,301
19980006912000,1,0,1,0
19980006913000,34,11,23,1241
19980006914000,23,10,13,963.7
19980006915000,42,19,23,1843.8
19980006921000,22,9,13,913
19980006922000,10,4,6,407
19990006492000,8,4,4,314.4
19990006493000,90,42,48,3177
19990006504000,19,9,10,775.2
19990006505000,14,5,9,455
19990006535000,22,12,10,840.4
19990006545000,3,2,1,0
19990006546000,9,5,4,221.4
19990006548000,26,13,13,1274
19990006555000,36,17,19,1461.6
19990006588000,7,4,3,294.7
19990006589000,33,14,19,1296.9
19990006590000,3,1,2,0
19990006597000,10,7,3,345
19990006598000,33,17,16,1214.4
19990006599000,2,2,0,0
19990006601000,7,3,4,389.2
19990006609000,14,6,8,642.6
19990006610000,28,17,11,851.2
19990006611000,27,17,10,1015.2
19990006614000,17,9,8,601.8
19990006627000,21,12,9,875.7
19990006628000,5,3,2,197
19990006647000,1,1,0,0
19990006652000,11,7,4,611.6
19990006653000,15,7,8,729
19990006658000,1,1,0,0
19990006660000,2,1,1,0
19990006680000,20,11,9,878
19990006681000,51,25,26,2397
19990006682000,69,40,29,2697.9
19990006683000,164,81,83,7363.6
19990006684000,340,164,176,14416
19990006685000,15,7,8,634.5
19990006686000,5,1,4,172
19990006687000,47,25,22,2171.4
19990006688000,65,31,34,2977
19990006694000,1,1,0,0
19990006695000,23,13,10,1152.3
19990006696000,87,34,53,4106.4
19990006707000,7,4,3,258.3
19990006708000,7,4,3,263.9
19990006715000,13,7,6,585
19990006716000,14,5,9,484.4
19990006717000,8,4,4,412
19990006718000,2,0,2,0
19990006729000,27,15,12,1142.1
19990006754000,24,15,9,936
19990006758000,1,1,0,0
19990006767000,16,10,6,467.2
19990006768000,82,42,40,3690
19990006777000,11,8,3,585.2
19990006814000,18,8,10,621
19990006815000,9,6,3,344.7
19990006825000,2,1,1,0
19990006826000,9,4,5,378.9
19990006829000,7,5,2,233.1
19990006839000,19,10,9,898.7
19990006842000,15,8,7,717
19990006847000,3,2,1,0
19990006848000,5,3,2,227
19990006849000,2,1,1,0
19990006862000,5,3,2,130
19990006863000,38,22,16,1284.4
19990006864000,28,13,15,1251.6
19990006867000,1,0,1,0
19990006872000,17,11,6,843.2
19990006873000,9,5,4,252.9
19990006904000,122,53,69,5978
19990006912000,24,12,12,936
19990006914000,7,4,3,235.2
19990006915000,12,5,7,476.4
19990006920000,4,2,2,0
19990006921000,8,4,4,452.8
19990006934000,5,3,2,226
20000006507000,1,1,0,0
20000006535000,9,2,7,366.3
20000006536000,6,4,2,166.2
20000006545000,15,7,8,597
20000006546000,33,14,19,1079.1
20000006582000,7,3,4,179.2
20000006587000,12,7,5,514.8
20000006588000,5,2,3,248
20000006596000,1,1,0,0
20000006597000,4,2,2,0
20000006611000,105,53,52,4179
20000006613000,8,3,5,560
20000006614000,5,2,3,246
20000006615000,2,2,0,0
20000006618000,3,1,2,0
20000006627000,4,2,2,0
20000006644000,4,1,3,0
20000006653000,19,11,8,887.3
20000006659000,3,2,1,0
20000006660000,4,2,2,0
20000006661000,7,3,4,184.1
20000006662000,28,17,11,1134
20000006680000,5,3,2,121
20000006683000,18,12,6,676.8
20000006684000,42,21,21,1999.2
20000006685000,15,9,6,747
20000006688000,5,2,3,357
20000006689000,7,4,3,321.3
20000006690000,4,2,2,0
20000006695000,18,11,7,1117.8
20000006696000,2,1,1,0
20000006703000,2,1,1,0
20000006708000,14,6,8,848.4
20000006709000,159,96,63,6344.1
20000006710000,61,33,28,1891
20000006730000,1,1,0,0
20000006755000,2,1,1,0
20000006768000,18,6,12,873
20000006769000,4,3,1,0
20000006770000,7,3,4,364
20000006777000,79,32,47,2986.2
20000006809000,4,1,3,0
20000006821000,5,4,1,271
20000006839000,14,7,7,590.8
20000006840000,34,21,13,1373.6
20000006841000,46,20,26,1761.8
20000006842000,14,7,7,445.2
20000006849000,5,2,3,304
20000006851000,16,10,6,627.2
20000006862000,21,12,9,940.8
20000006866000,10,5,5,324
20000006867000,18,9,9,766.8
20000006898000,8,2,6,232
20000006900000,5,3,2,232
20000006904000,138,69,69,5285.4
20000006905000,25,14,11,1275
20000006913000,9,5,4,288.9
20000006914000,2,1,1,0
20000006919000,10,5,5,377
20000006934000,24,14,10,1166.4
20000006935000,8,4,4,391.2
20010006490000,6,3,3,387
20010006491000,7,4,3,328.3
20010006535000,8,2,6,188.8
20010006536000,3,2,1,0
20010006555000,10,6,4,281
20010006586000,2,2,0,0
20010006587000,6,3,3,162
20010006599000,8,4,4,331.2
20010006600000,7,4,3,254.1
20010006610000,77,35,42,3110.8
20010006611000,23,11,12,1419.1
20010006612000,22,12,10,803
20010006625000,1,1,0,0
20010006629000,5,1,4,211
20010006653000,7,4,3,261.8
20010006654000,6,3,3,337.2
20010006655000,60,34,26,1788
20010006656000,36,14,22,1245.6
20010006661000,58,30,28,2221.4
20010006662000,17,10,7,630.7
20010006683000,3,2,1,0
20010006690000,2,1,1,0
20010006691000,17,10,7,584.8
20010006692000,2,1,1,0
20010006696000,2,1,1,0
20010006697000,15,8,7,730.5
20010006709000,9,4,5,380.7
20010006710000,88,40,48,3652
20010006711000,3,2,1,0
20010006729000,2,2,0,0
20010006750000,11,5,6,503.8
20010006754000,1,1,0,0
20010006771000,3,1,2,0
20010006777000,71,33,38,2690.9
20010006809000,1,1,0,0
20010006815000,11,8,3,722.7
20010006816000,24,13,11,1322.4
20010006822000,9,6,3,351.9
20010006838000,4,3,1,0
20010006840000,126,67,59,5455.8
20010006841000,99,46,53,3583.8
20010006846000,7,3,4,238.7
20010006847000,1,1,0,0
20010006849000,1,1,0,0
20010006851000,9,6,3,333
20010006852000,17,6,11,618.8
20010006853000,10,4,6,487
20010006862000,27,11,16,1017.9
20010006867000,14,8,6,648.2
20010006868000,2,1,1,0
20010006900000,20,9,11,772
20010006904000,13,8,5,574.6
20010006905000,30,15,15,1599
20010006911000,41,21,20,2185.3
20010006912000,9,4,5,467.1
20010006916000,6,1,5,123
20010006917000,39,21,18,1684.8
20010006918000,19,11,8,786.6
20010006925000,16,6,10,830.4
20010006926000,10,5,5,305
20010006930000,1,0,1,0
20010006932000,1,0,1,0
20010006933000,27,12,15,1479.6
20010006935000,19,6,13,1003.2
20010006936000,8,4,4,234.4
20020006495000,1,1,0,0
20020006503000,3,2,1,0
20020006509000,2,2,0,0
20020006528000,1,1,0,0
20020006536000,4,2,2,0
20020006550000,17,9,8,635.8
20020006554000,6,4,2,264
20020006555000,5,2,3,145
20020006585000,6,3,3,130.8
20020006587000,2,1,1,0
20020006592000,2,1,1,0
20020006598000,8,4,4,295.2
20020006599000,9,4,5,221.4
20020006609000,16,8,8,630.4
20020006610000,7,2,5,202.3
20020006611000,36,17,19,2062.8
20020006612000,4,3,1,0
20020006616000,11,5,6,299.2
20020006617000,2,1,1,0
20020006631000,13,5,8,283.4
20020006653000,10,6,4,361
20020006654000,2,1,1,0
20020006655000,3,2,1,0
20020006660000,16,5,11,566.4
20020006661000,12,6,6,558
20020006692000,13,7,6,790.4
20020006696000,3,2,1,0
20020006697000,4,2,2,0
20020006710000,10,3,7,406
20020006711000,16,9,7,766.4
20020006712000,37,20,17,1949.9
20020006713000,26,13,13,1016.6
20020006756000,4,2,2,0
20020006816000,1,1,0,0
20020006838000,6,3,3,223.8
20020006839000,28,17,11,1047.2
20020006840000,37,18,19,1672.4
20020006841000,22,11,11,765.6
20020006847000,35,19,16,1235.5
20020006848000,17,9,8,805.8
20020006849000,2,2,0,0
20020006852000,15,8,7,555
20020006862000,5,2,3,85
20020006867000,2,1,1,0
20020006876000,1,1,0,0
20020006897000,9,6,3,252
20020006898000,15,8,7,750
20020006899000,3,2,1,0
20020006900000,3,1,2,0
20020006902000,1,1,0,0
20020006903000,31,16,15,1029.2
20020006906000,16,9,7,659.2
20020006911000,1,0,1,0
20020006912000,19,8,11,792.3
20020006916000,8,5,3,416
20020006917000,20,12,8,896
20020006922000,15,5,10,646.5
20020006923000,13,5,8,604.5
20020006927000,30,15,15,1338
20020006928000,5,3,2,300
20020006932000,15,6,9,772.5
20020006933000,96,54,42,3542.4
20020006934000,25,13,12,1250
20020006935000,13,6,7,392.6
20030006485000,109,59,50,4861.4
20030006486000,100,48,52,3910
20030006490000,10,6,4,414
20030006491000,2,1,1,0
20030006495000,1,0,1,0
20030006536000,12,5,7,308.4
20030006554000,3,2,1,0
20030006555000,9,6,3,342.9
20030006556000,4,1,3,0
20030006575000,1,1,0,0
20030006587000,6,3,3,328.2
20030006588000,6,3,3,394.8
20030006599000,1,1,0,0
20030006609000,11,6,5,341
20030006612000,13,8,5,309.4
20030006621000,4,2,2,0
20030006631000,10,6,4,279
20030006654000,23,11,12,977.5
20030006693000,4,2,2,0
20030006699000,9,6,3,252.9
20030006712000,18,8,10,748.8
20030006713000,86,39,47,4644
20030006714000,155,85,70,5735
20030006715000,92,44,48,3864
20030006716000,8,5,3,416.8
20030006749000,10,6,4,353
20030006772000,6,3,3,169.2
20030006773000,19,10,9,644.1
20030006778000,18,8,10,574.2
20030006816000,3,1,2,0
20030006838000,8,3,5,346.4
20030006839000,9,4,5,327.6
20030006840000,95,48,47,3914
20030006841000,8,4,4,300
20030006846000,10,4,6,301
20030006847000,5,2,3,262
20030006848000,6,2,4,165
20030006849000,27,10,17,1414.8
20030006852000,7,3,4,315
20030006853000,2,1,1,0
20030006861000,1,0,1,0
20030006873000,8,2,6,548
20030006897000,33,14,19,1749
20030006898000,35,18,17,1536.5
20030006899000,11,3,8,470.8
20030006902000,25,15,10,1115
20030006903000,12,5,7,506.4
20030006912000,20,9,11,964
20030006913000,13,6,7,504.4
20030006914000,7,5,2,331.8
20030006915000,7,4,3,473.2
20030006916000,5,2,3,306
20030006917000,2,1,1,0
20030006922000,44,27,17,1509.2
20030006928000,36,19,17,1378.8
20030006929000,41,20,21,1931.1
20030006930000,42,26,16,1759.8
20030006931000,2,2,0,0
20030006938000,12,5,7,531.6
20040006470000,140,68,72,5740
20040006471000,278,133,145,10925.4
20040006484000,3,1,2,0
20040006485000,51,28,23,2213.4
20040006486000,17,7,10,877.2
20040006490000,2,1,1,0
20040006491000,31,15,16,1333
20040006494000,2,2,0,0
20040006519000,19,8,11,596.6
20040006520000,13,8,5,409.5
20040006528000,5,2,3,159
20040006529000,3,3,0,0
20040006551000,6,3,3,301.2
20040006574000,1,1,0,0
20040006588000,15,7,8,477
20040006598000,5,2,3,264
20040006599000,2,2,0,0
20040006600000,7,3,4,303.1
20040006605000,7,4,3,335.3
20040006608000,3,1,2,0
20040006623000,14,6,8,331.8
20040006654000,24,16,8,820.8
20040006699000,6,3,3,267
20040006715000,31,12,19,1701.9
20040006716000,4,3,1,0
20040006717000,5,3,2,358
20040006718000,5,4,1,179
20040006727000,2,1,1,0
20040006749000,18,10,8,685.8
20040006759000,2,1,1,0
20040006773000,2,1,1,0
20040006778000,18,8,10,561.6
20040006779000,21,13,8,504
20040006802000,6,3,3,243
20040006803000,9,4,5,477
20040006805000,35,15,20,1596
20040006806000,4,2,2,0
20040006810000,6,2,4,229.8
20040006815000,3,1,2,0
20040006816000,5,3,2,396
20040006820000,3,1,2,0
20040006822000,1,1,0,0
20040006833000,6,4,2,331.2
20040006834000,6,2,4,235.8
20040006835000,21,14,7,1058.4
20040006836000,9,5,4,401.4
20040006837000,9,5,4,371.7
20040006838000,13,10,3,582.4
20040006839000,3,3,0,0
20040006840000,25,13,12,985
20040006846000,18,8,10,554.4
20040006849000,5,2,3,161
20040006853000,54,32,22,2170.8
20040006854000,5,2,3,280
20040006861000,12,6,6,430.8
20040006897000,101,51,50,3504.7
20040006899000,3,0,3,0
20040006913000,4,2,2,0
20040006914000,2,2,0,0
20040006922000,23,14,9,954.5
20040006931000,39,17,22,1731.6
20040006937000,21,9,12,1173.9
20040006938000,11,6,5,400.4
20040006940000,5,3,2,371
20050006469000,292,157,135,9665.2
20050006470000,381,198,183,16078.2
20050006471000,12,8,4,778.8
20050006472000,24,11,13,1132.8
20050006473000,17,8,9,647.7
20050006483000,6,3,3,247.2
20050006484000,21,12,9,888.3
20050006485000,43,24,19,1780.2
20050006486000,33,16,17,2036.1
20050006491000,18,10,8,648
20050006500000,1,1,0,0
20050006514000,6,4,2,198
20050006516000,12,7,5,601.2
20050006517000,7,3,4,426.3
20050006518000,75,41,34,2797.5
20050006519000,137,73,64,4644.3
20050006520000,19,15,4,651.7
20050006521000,10,5,5,358
20050006575000,2,2,0,0
20050006607000,7,3,4,200.2
20050006612000,10,5,5,270
20050006626000,688,332,356,31166.4
20050006627000,359,174,185,12026.5
20050006630000,1,0,1,0
20050006660000,1,1,0,0
20050006714000,6,2,4,324
20050006715000,68,32,36,3168.8
20050006716000,7,5,2,263.2
20050006717000,7,3,4,457.1
20050006718000,12,6,6,501.6
20050006726000,4,2,2,0
20050006748000,6,2,4,175.8
20050006777000,1,1,0,0
20050006778000,2,1,1,0
20050006779000,1,0,1,0
20050006805000,6,3,3,226.8
20050006806000,5,3,2,284
20050006811000,9,4,5,397.8
20050006815000,5,3,2,315
20050006835000,19,9,10,849.3
20050006836000,21,9,12,774.9
20050006838000,5,4,1,272
20050006839000,3,1,2,0
20050006840000,13,7,6,543.4
20050006841000,9,4,5,361.8
20050006845000,18,10,8,916.2
20050006849000,9,5,4,306
20050006853000,7,2,5,301.7
20050006854000,86,38,48,2803.6
20050006861000,3,2,1,0
20050006862000,8,4,4,282.4
20050006891000,8,4,4,398.4
20050006897000,3,2,1,0
20050006902000,2,1,1,0
20050006912000,4,2,2,0
20050006913000,68,34,34,2713.2
20050006914000,180,91,89,7758
20050006915000,37,21,16,1591
20050006916000,2,1,1,0
20050006921000,6,4,2,358.2
20050006922000,12,4,8,483.6
20050006931000,14,6,8,672
20050006932000,5,2,3,303
20050006934000,31,16,15,1156.3
20050006935000,5,1,4,226
20050006937000,20,13,7,872
20050006938000,13,7,6,544.7
20050006939000,3,2,1,0
20050006940000,22,12,10,1133
20060006469000,12,5,7,561.6
20060006472000,48,21,27,2059.2
20060006473000,94,50,44,3844.6
20060006474000,28,11,17,1176
20060006475000,3,1,2,0
20060006483000,136,63,73,5984
20060006484000,7,4,3,438.9
20060006500000,8,4,4,211.2
20060006506000,30,17,13,1089
20060006510000,6,3,3,166.8
20060006511000,171,85,86,5728.5
20060006512000,38,15,23,1470.6
20060006514000,2,1,1,0
20060006516000,57,29,28,2211.6
20060006517000,53,30,23,2422.1
20060006518000,39,22,17,1216.8
20060006523000,7,3,4,235.2
20060006524000,24,16,8,957.6
20060006529000,1,1,0,0
20060006572000,6,3,3,418.2
20060006614000,10,6,4,376
20060006615000,12,5,7,339.6
20060006616000,11,5,6,334.4
20060006625000,12,7,5,534
20060006626000,107,54,53,3391.9
20060006631000,1,1,0,0
20060006632000,3,2,1,0
20060006653000,1,1,0,0
20060006656000,1,1,0,0
20060006694000,29,15,14,1336.9
20060006695000,10,5,5,400
20060006705000,5,1,4,143
20060006706000,13,6,7,500.5
20060006713000,10,6,4,463
20060006714000,6,4,2,331.2
20060006717000,2,1,1,0
20060006726000,2,1,1,0
20060006754000,1,1,0,0
20060006756000,104,52,52,4160
20060006757000,24,13,11,964.8
20060006760000,5,3,2,295
20060006772000,4,2,2,0
20060006779000,2,1,1,0
20060006804000,8,2,6,251.2
20060006805000,30,18,12,1278
20060006806000,6,2,4,102
20060006810000,2,0,2,0
20060006815000,7,4,3,224
20060006820000,7,4,3,284.9
20060006833000,14,5,9,393.4
20060006835000,18,10,8,604.8
20060006836000,8,5,3,376.8
20060006837000,4,2,2,0
20060006838000,6,4,2,205.8
20060006839000,27,14,13,963.9
20060006840000,25,13,12,1042.5
20060006845000,5,2,3,128
20060006852000,21,12,9,850.5
20060006854000,71,40,31,2946.5
20060006855000,15,10,5,586.5
20060006861000,8,4,4,304
20060006901000,24,14,10,1051.2
20060006902000,9,3,6,260.1
20060006909000,2,1,1,0
20060006910000,5,1,4,167
20060006911000,5,3,2,280
20060006912000,22,11,11,671
20060006913000,34,12,22,1625.2
20060006914000,56,26,30,2178.4
20060006915000,75,43,32,2805
20060006918000,38,21,17,1527.6
20060006921000,8,4,4,476
20060006931000,5,2,3,252
20060006932000,11,4,7,621.5
20060006935000,2,1,1,0
20060006937000,29,16,13,1360.1
20060006938000,95,50,45,4208.5
20060006939000,20,11,9,910
20070006467000,9,5,4,422.1
20070006468000,35,21,14,1172.5
20070006469000,50,30,20,1490
20070006471000,38,18,20,1466.8
20070006472000,48,27,21,1732.8
20070006473000,44,23,21,1650
20070006474000,20,11,9,766
20070006475000,4,2,2,0
20070006476000,3,1,2,0
20070006485000,17,11,6,759.9
20070006486000,4,2,2,0
20070006493000,2,1,1,0
20070006495000,2,1,1,0
20070006506000,1,0,1,0
20070006507000,36,18,18,1440
20070006508000,77,36,41,3611.3
20070006509000,368,180,188,12990.4
20070006510000,508,248,260,19050
20070006511000,563,267,296,22857.8
20070006517000,27,15,12,931.5
20070006530000,6,3,3,219
20070006552000,14,7,7,460.6
20070006575000,3,2,1,0
20070006588000,1,1,0,0
20070006599000,5,2,3,197
20070006614000,2,1,1,0
20070006616000,5,2,3,196
20070006625000,66,32,34,2613.6
20070006626000,14,8,6,513.8
20070006635000,2,1,1,0
20070006642000,9,5,4,393.3
20070006694000,32,17,15,1036.8
20070006695000,19,10,9,834.1
20070006702000,2,1,1,0
20070006703000,8,4,4,228.8
20070006704000,3,2,1,0
20070006705000,12,7,5,348
20070006706000,9,7,2,335.7
20070006712000,2,1,1,0
20070006713000,17,10,7,700.4
20070006724000,37,20,17,1313.5
20070006725000,2,1,1,0
20070006747000,11,6,5,567.6
20070006748000,3,1,2,0
20070006756000,10,4,6,509
20070006757000,19,10,9,1037.4
20070006761000,3,1,2,0
20070006762000,8,4,4,347.2
20070006778000,10,4,6,351
20070006815000,21,13,8,848.4
20070006818000,6,1,5,223.8
20070006819000,2,1,1,0
20070006820000,57,26,31,2622
20070006831000,16,7,9,620.8
20070006832000,2,1,1,0
20070006833000,173,82,91,6106.9
20070006836000,2,1,1,0
20070006837000,35,18,17,1627.5
20070006838000,47,28,19,1837.7
20070006840000,76,42,34,2394
20070006841000,2,1,1,0
20070006854000,348,181,167,13711.2
20070006855000,478,241,237,16873.4
20070006861000,4,3,1,0
20070006889000,18,10,8,887.4
20070006901000,34,15,19,1618.4
20070006902000,8,3,5,299.2
20070006909000,15,8,7,634.5
20070006910000,15,6,9,601.5
20070006912000,5,2,3,376
20070006917000,7,2,5,459.2
20070006918000,83,41,42,3046.1
20070006921000,38,15,23,1455.4
20070006930000,2,1,1,0
20070006931000,11,5,6,423.5
20070006937000,13,9,4,431.6
20070006938000,2,1,1,0
20080006467000,31,18,13,1128.4
20080006468000,48,21,27,1809.6
20080006470000,26,14,12,1281.8
20080006471000,120,65,55,3696
20080006472000,189,97,92,6690.6
20080006473000,10,6,4,460
20080006474000,14,6,8,459.2
20080006487000,3,1,2,0
20080006491000,7,3,4,228.2
20080006492000,28,16,12,1411.2
20080006501000,5,3,2,314
20080006503000,1,1,0,0
20080006504000,19,9,10,649.8
20080006505000,39,24,15,1630.2
20080006509000,156,83,73,5647.2
20080006510000,112,50,62,4412.8
20080006517000,12,6,6,435.6
20080006530000,8,4,4,260.8
20080006536000,3,2,1,0
20080006573000,1,0,1,0
20080006598000,4,2,2,0
20080006599000,43,24,19,1664.1
20080006600000,21,11,10,959.7
20080006612000,3,1,2,0
20080006615000,2,1,1,0
20080006616000,14,8,6,512.4
20080006623000,1,1,0,0
20080006624000,25,12,13,1080
20080006625000,24,10,14,804
20080006631000,28,16,12,1086.4
20080006632000,12,5,7,451.2
20080006638000,1,1,0,0
20080006642000,30,17,13,1365
20080006645000,4,2,2,0
20080006647000,1,1,0,0
20080006662000,46,22,24,1706.6
20080006700000,3,2,1,0
20080006702000,1,1,0,0
20080006707000,42,21,21,1692.6
20080006708000,20,9,11,994
20080006712000,12,6,6,579.6
20080006713000,1,1,0,0
20080006724000,25,10,15,1005
20080006725000,128,69,59,4876.8
20080006746000,6,4,2,313.2
20080006747000,3,1,2,0
20080006757000,49,28,21,1925.7
20080006772000,21,12,9,840
20080006778000,13,7,6,665.6
20080006815000,22,10,12,1001
20080006820000,185,87,98,8528.5
20080006821000,14,6,8,648.2
20080006822000,6,4,2,258
20080006825000,2,1,1,0
20080006831000,3,2,1,0
20080006832000,49,26,23,1440.6
20080006833000,391,199,192,12785.7
20080006834000,101,39,62,6039.8
20080006837000,11,8,3,580.8
20080006838000,23,10,13,1087.9
20080006839000,7,4,3,268.8
20080006840000,39,20,19,1290.9
20080006850000,1,0,1,0
20080006854000,56,30,26,1976.8
20080006855000,226,122,104,8927
20080006856000,19,8,11,777.1
20080006861000,3,2,1,0
20080006867000,28,11,17,1086.4
20080006868000,8,5,3,336
20080006889000,4,2,2,0
20080006900000,30,17,13,1095
20080006901000,7,2,5,357.7
20080006911000,8,3,5,250.4
20080006912000,2,1,1,0
20080006919000,3,2,1,0
20080006920000,53,29,24,2067
20080006921000,275,136,139,11000
20080006929000,1,1,0,0
20080006930000,7,4,3,331.1
20090006468000,54,26,28,1771.2
20090006469000,18,9,9,608.4
20090006470000,39,21,18,1478.1
20090006471000,24,12,12,880.8
20090006474000,7,5,2,368.9
20090006475000,22,13,9,825
20090006476000,7,3,4,109.9
20090006477000,7,3,4,445.2
20090006485000,1,0,1,0
20090006486000,18,8,10,853.2
20090006487000,18,11,7,770.4
20090006501000,3,2,1,0
20090006508000,16,10,6,672
20090006509000,24,13,11,1207.2
20090006518000,12,6,6,258
20090006598000,1,1,0,0
20090006599000,7,4,3,366.1
20090006600000,9,3,6,474.3
20090006615000,16,8,8,700.8
20090006623000,2,2,0,0
20090006624000,15,10,5,475.5
20090006625000,7,3,4,322
20090006631000,9,7,2,329.4
20090006642000,20,12,8,896
20090006643000,32,18,14,1136
20090006663000,11,6,5,708.4
20090006664000,7,3,4,347.9
20090006698000,2,2,0,0
20090006700000,11,5,6,368.5
20090006708000,24,11,13,964.8
20090006712000,34,21,13,1564
20090006713000,15,6,9,556.5
20090006714000,1,0,1,0
20090006724000,1,1,0,0
20090006725000,104,52,52,3785.6
20090006726000,17,8,9,851.7
20090006745000,10,3,7,455
20090006756000,14,7,7,621.6
20090006772000,2,2,0,0
20090006778000,10,5,5,457
20090006807000,36,19,17,1969.2
20090006808000,27,10,17,742.5
20090006815000,9,4,5,584.1
20090006821000,59,32,27,2212.5
20090006822000,7,2,5,223.3
20090006824000,1,1,0,0
20090006826000,8,4,4,251.2
20090006830000,28,13,15,1223.6
20090006833000,9,6,3,402.3
20090006834000,47,25,22,1602.7
20090006839000,17,9,8,698.7
20090006840000,16,9,7,697.6
20090006851000,2,1,1,0
20090006852000,4,3,1,0
20090006855000,3,2,1,0
20090006856000,51,25,26,2024.7
20090006857000,39,20,19,1657.5
20090006868000,32,19,13,1091.2
20090006890000,37,19,18,1302.4
20090006891000,27,11,16,1290.6
20090006896000,1,0,1,0
20090006897000,31,17,14,1550
20090006900000,101,49,52,3373.4
20090006901000,56,25,31,2055.2
20090006902000,8,4,4,194.4
20090006904000,6,3,3,180
20090006909000,1,0,1,0
20090006911000,2,1,1,0
20090006912000,2,1,1,0
20090006915000,15,10,5,798
20090006916000,29,15,14,1078.8
20090006917000,11,5,6,489.5
20090006919000,65,34,31,2496
20090006920000,55,33,22,1474
20090006921000,108,53,55,4492.8
20090006928000,37,18,19,1428.2
20090006934000,33,23,10,1366.2
20090006935000,14,6,8,439.6
20090006937000,16,6,10,787.2
20100006467000,36,21,15,1551.6
20100006468000,11,5,6,528
20100006469000,449,213,236,18543.7
20100006470000,181,93,88,6841.8
20100006471000,34,14,20,962.2
20100006472000,29,18,11,1154.2
20100006473000,8,4,4,336
20100006474000,1,1,0,0
20100006477000,4,2,2,0
20100006485000,67,38,29,2726.9
20100006486000,14,8,6,656.6
20100006488000,2,2,0,0
20100006489000,32,19,13,1561.6
20100006490000,24,12,12,864
20100006491000,35,19,16,1337
20100006492000,692,339,353,26918.8
20100006493000,30,16,14,1029
20100006496000,1,1,0,0
20100006498000,3,2,1,0
20100006499000,1,1,0,0
20100006508000,17,6,11,695.3
20100006521000,2,1,1,0
20100006532000,2,1,1,0
20100006622000,6,3,3,172.8
20100006632000,3,2,1,0
20100006633000,12,5,7,387.6
20100006642000,214,104,110,8324.6
20100006643000,402,198,204,17406.6
20100006644000,45,23,22,1741.5
20100006695000,5,4,1,118
20100006711000,5,2,3,133
20100006713000,54,24,30,2214
20100006714000,4,2,2,0
20100006725000,124,65,59,4588
20100006726000,14,8,6,600.6
20100006755000,1,1,0,0
20100006756000,2,0,2,0
20100006780000,53,22,31,1955.7
20100006781000,6,3,3,175.8
20100006804000,6,2,4,145.2
20100006810000,6,3,3,267
20100006814000,1,1,0,0
20100006815000,2,1,1,0
20100006829000,20,8,12,792
20100006830000,7,3,4,123.2
20100006833000,12,6,6,379.2
20100006834000,8,5,3,358.4
20100006839000,10,5,5,622
20100006840000,28,17,11,1248.8
20100006841000,9,4,5,372.6
20100006849000,49,25,24,1705.2
20100006850000,215,110,105,6041.5
20100006851000,27,13,14,799.2
20100006852000,9,4,5,432
20100006854000,3,2,1,0
20100006856000,26,10,16,839.8
20100006857000,58,30,28,2331.6
20100006858000,9,5,4,242.1
20100006859000,13,9,4,644.8
20100006861000,1,0,1,0
20100006891000,39,18,21,1692.6
20100006899000,4,2,2,0
20100006900000,11,5,6,410.3
20100006901000,19,8,11,837.9
20100006902000,33,17,16,1422.3
20100006903000,7,3,4,380.8
20100006908000,11,8,3,368.5
20100006909000,18,11,7,849.6
20100006910000,28,14,14,1321.6
20100006915000,32,17,15,1280
20100006916000,26,15,11,1138.8
20100006918000,21,12,9,871.5
20100006919000,3,1,2,0
20100006920000,3,1,2,0
20100006921000,39,21,18,1727.7
20100006928000,2,0,2,0
20100006932000,102,44,58,5650.8
20100006933000,161,90,71,4685.1
20100006934000,12,7,5,733.2
20100006936000,39,20,19,1864.2
20100006937000,8,3,5,332
20100006938000,12,9,3,526.8
20100006939000,1,1,0,0
20100006940000,47,22,25,1969.3
20110006466000,7,5,2,189
20110006467000,36,17,19,1126.8
20110006468000,114,48,66,4149.6
20110006469000,734,349,385,32736.4
20110006470000,252,118,134,10105.2
20110006471000,8,4,4,196.8
20110006472000,33,14,19,1356.3
20110006473000,27,13,14,969.3
20110006474000,1,1,0,0
20110006478000,38,16,22,1345.2
20110006484000,117,64,53,4773.6
20110006489000,12,6,6,596.4
20110006490000,62,29,33,2697
20110006491000,444,221,223,20734.8
20110006492000,972,490,482,40532.4
20110006493000,90,45,45,3609
20110006495000,21,11,10,951.3
20110006496000,30,18,12,1191
20110006498000,12,7,5,775.2
20110006499000,13,8,5,819
20110006500000,27,15,12,1115.1
20110006501000,1,1,0,0
20110006503000,1,1,0,0
20110006504000,54,26,28,2187
20110006531000,7,4,3,310.1
20110006593000,4,1,3,0
20110006608000,3,0,3,0
20110006622000,6,3,3,247.2
20110006633000,12,8,4,709.2
20110006636000,5,3,2,292
20110006643000,132,69,63,4422
20110006644000,116,57,59,4466
20110006645000,18,9,9,1067.4
20110006695000,10,5,5,322
20110006711000,13,6,7,630.5
20110006713000,39,19,20,1306.5
20110006714000,1,0,1,0
20110006715000,20,9,11,796
20110006717000,19,12,7,866.4
20110006718000,28,13,15,1153.6
20110006725000,177,94,83,6018
20110006726000,17,9,8,610.3
20110006771000,12,6,6,564
20110006780000,6,2,4,211.2
20110006781000,28,17,11,1131.2
20110006782000,16,13,3,540.8
20110006789000,1,1,0,0
20110006804000,15,9,6,571.5
20110006814000,30,16,14,1287
20110006815000,154,79,75,7037.8
20110006825000,3,2,1,0
20110006833000,5,2,3,342
20110006834000,19,11,8,1048.8
20110006846000,22,15,7,822.8
20110006847000,814,436,378,27106.2
20110006848000,120,59,61,4296
20110006849000,39,17,22,1450.8
20110006850000,4,1,3,0
20110006851000,6,2,4,297
20110006852000,16,9,7,564.8
20110006853000,11,7,4,506
20110006854000,3,3,0,0
20110006855000,13,8,5,479.7
20110006856000,5,3,2,325
20110006857000,58,33,25,2320
20110006858000,67,41,26,2345
20110006859000,50,22,28,2130
20110006860000,26,14,12,1019.2
20110006861000,31,17,14,1150.1
20110006869000,2,1,1,0
20110006891000,21,10,11,525
20110006899000,35,17,18,1333.5
20110006900000,21,10,11,867.3
20110006905000,5,3,2,172
20110006909000,15,8,7,780
20110006914000,7,5,2,261.1
20110006915000,47,21,26,1851.8
20110006916000,5,2,3,303
20110006917000,33,19,14,1465.2
20110006921000,37,24,13,1894.4
20110006931000,138,69,69,5906.4
20110006932000,215,104,111,9202
20110006933000,69,37,32,2463.3
20110006935000,15,9,6,703.5
20110006936000,137,81,56,5932.1
20110006938000,43,23,20,1483.5
20110006939000,80,38,42,3280
20110006940000,5,3,2,124
20110006941000,10,5,5,422
20110006947000,4,2,2,0
20110006950000,101,55,46,4060.2
20120006466000,16,8,8,612.8
20120006467000,57,26,31,2000.7
20120006468000,35,18,17,1442
20120006469000,52,22,30,1690
20120006470000,307,161,146,10253.8
20120006471000,6,3,3,250.2
20120006473000,9,6,3,351.9
20120006477000,2,1,1,0
20120006478000,5,3,2,111
20120006484000,2,1,1,0
20120006488000,5,2,3,240
20120006489000,48,27,21,1689.6
20120006490000,416,212,204,11107.2
20120006491000,945,476,469,38367
20120006492000,1241,600,641,51749.7
20120006493000,524,257,267,20069.2
20120006494000,76,42,34,3222.4
20120006495000,91,44,47,3685.5
20120006497000,53,28,25,2072.3
20120006498000,34,17,17,1547
20120006501000,2,1,1,0
20120006504000,55,28,27,2442
20120006505000,12,7,5,586.8
20120006603000,4,2,2,0
20120006622000,13,6,7,618.8
20120006632000,23,11,12,894.7
20120006633000,2,1,1,0
20120006643000,108,60,48,5054.4
20120006644000,113,50,63,5616.1
20120006667000,3,2,1,0
20120006668000,1,1,0,0
20120006714000,5,3,2,284
20120006715000,34,18,16,1254.6
20120006716000,71,36,35,2953.6
20120006717000,150,75,75,6180
20120006718000,112,59,53,4401.6
20120006719000,36,16,20,1170
20120006720000,4,3,1,0
20120006724000,26,13,13,1055.6
20120006725000,479,234,245,18249.9
20120006726000,218,105,113,9068.8
20120006727000,4,2,2,0
20120006771000,17,6,11,712.3
20120006772000,3,0,3,0
20120006810000,3,1,2,0
20120006814000,3,1,2,0
20120006815000,101,57,44,3787.5
20120006833000,8,3,5,443.2
20120006834000,19,9,10,832.2
20120006835000,13,7,6,521.3
20120006846000,261,136,125,6890.4
20120006847000,1763,871,892,62057.6
20120006848000,565,270,295,20679
20120006849000,303,160,143,9302.1
20120006851000,34,19,15,1353.2
20120006855000,12,7,5,549.6
20120006859000,7,3,4,399
20120006860000,35,17,18,1599.5
20120006861000,1,1,0,0
20120006869000,9,3,6,270
20120006891000,16,7,9,753.6
20120006892000,4,2,2,0
20120006895000,23,11,12,1071.8
20120006913000,8,2,6,292.8
20120006914000,1,0,1,0
20120006921000,23,14,9,1058
20120006928000,7,3,4,303.8
20120006930000,13,7,6,500.5
20120006934000,19,10,9,885.4
20120006935000,47,22,25,2157.3
20120006936000,38,20,18,1140
20120006937000,2,1,1,0
20120006938000,172,92,80,7310
20120006942000,4,2,2,0
20120006947000,46,21,25,1568.6
20120006950000,170,87,83,7191
20120006951000,1,1,0,0
20130006466000,5,3,2,134
20130006468000,40,22,18,1512
20130006469000,121,62,59,3763.1
20130006470000,97,50,47,3618.1
20130006471000,27,11,16,1131.3
20130006472000,16,8,8,582.4
20130006473000,22,11,11,726
20130006478000,1,1,0,0
20130006486000,3,1,2,0
20130006491000,114,60,54,4446
20130006492000,257,138,119,9277.7
20130006493000,113,56,57,4486.1
20130006494000,18,11,7,766.8
20130006497000,15,7,8,432
20130006504000,39,22,17,1361.1
20130006505000,294,154,140,11671.8
20130006506000,195,106,89,7078.5
20130006508000,6,3,3,217.8
20130006603000,2,1,1,0
20130006604000,3,1,2,0
20130006607000,18,7,11,903.6
20130006622000,35,16,19,1435
20130006629000,4,2,2,0
20130006632000,2,0,2,0
20130006639000,5,2,3,177
20130006642000,6,4,2,241.8
20130006643000,24,11,13,1420.8
20130006644000,730,347,383,35989
20130006645000,91,52,39,3539.9
20130006646000,121,70,51,4876.3
20130006647000,2,1,1,0
20130006698000,2,1,1,0
20130006708000,11,4,7,399.3
20130006709000,7,3,4,433.3
20130006710000,55,27,28,2101
20130006711000,4,2,2,0
20130006715000,13,6,7,404.3
20130006716000,14,9,5,502.6
20130006717000,56,30,26,1685.6
20130006718000,1,1,0,0
20130006722000,136,75,61,5603.2
20130006723000,37,20,17,1550.3
20130006724000,136,68,68,6174.4
20130006725000,949,452,497,41756
20130006726000,106,44,62,4377.8
20130006727000,16,7,9,577.6
20130006756000,25,11,14,1270
20130006757000,18,10,8,732.6
20130006759000,1,1,0,0
20130006773000,5,3,2,188
20130006814000,154,82,72,6190.8
20130006815000,30,16,14,1692
20130006833000,11,8,3,295.9
20130006834000,1,0,1,0
20130006841000,15,9,6,447
20130006843000,8,4,4,204.8
20130006846000,116,61,55,3897.6
20130006847000,850,422,428,37145
20130006848000,664,331,333,24900
20130006851000,4,2,2,0
20130006855000,5,3,2,209
20130006860000,10,5,5,494
20130006861000,44,21,23,1658.8
20130006870000,1,1,0,0
20130006872000,5,3,2,321
20130006893000,6,5,1,127.8
20130006894000,9,3,6,476.1
20130006895000,1,1,0,0
20130006899000,19,9,10,988
20130006921000,6,2,4,151.8
20130006927000,1,1,0,0
20130006928000,12,5,7,579.6
20130006930000,54,23,31,2516.4
20130006933000,20,9,11,768
20130006934000,89,45,44,2794.6
20130006935000,49,24,25,2415.7
20130006942000,25,14,11,1042.5
20130006947000,205,99,106,7769.5
20130006948000,20,13,7,650
20140006465000,3,1,2,0
20140006466000,38,20,18,1805
20140006467000,33,20,13,1303.5
20140006468000,48,24,24,1608
20140006469000,48,23,25,1723.2
20140006470000,8,4,4,270.4
20140006471000,27,15,12,926.1
20140006473000,4,1,3,0
20140006480000,4,2,2,0
20140006490000,15,9,6,634.5
20140006491000,23,13,10,844.1
20140006493000,1,0,1,0
20140006494000,19,7,12,845.5
20140006495000,10,6,4,665
20140006499000,24,12,12,1077.6
20140006505000,12,5,7,409.2
20140006506000,92,49,43,3008.4
20140006509000,5,2,3,178
20140006510000,5,3,2,313
20140006511000,1,1,0,0
20140006512000,1,1,0,0
20140006514000,3,2,1,0
20140006533000,1,0,1,0
20140006607000,48,25,23,1632
20140006608000,44,21,23,1592.8
20140006609000,4,1,3,0
20140006610000,1,1,0,0
20140006612000,9,5,4,267.3
20140006613000,10,5,5,478
20140006622000,14,8,6,708.4
20140006623000,11,7,4,528
20140006626000,9,6,3,333.9
20140006629000,4,1,3,0
20140006632000,7,4,3,235.9
20140006643000,252,126,126,10004.4
20140006644000,918,452,466,37179
20140006645000,171,82,89,6822.9
20140006646000,45,25,20,1480.5
20140006648000,3,1,2,0
20140006699000,13,8,5,491.4
20140006711000,30,15,15,1008
20140006712000,10,6,4,405
20140006720000,28,12,16,848.4
20140006722000,200,100,100,7780
20140006723000,6,3,3,160.8
20140006724000,96,48,48,4118.4
20140006725000,25,17,8,1065
20140006726000,29,15,14,843.9
20140006727000,60,32,28,2052
20140006728000,1,0,1,0
20140006755000,4,3,1,0
20140006756000,105,57,48,5260.5
20140006757000,12,6,6,434.4
20140006758000,2,1,1,0
20140006759000,3,2,1,0
20140006760000,2,1,1,0
20140006770000,1,1,0,0
20140006772000,6,4,2,219
20140006773000,1,1,0,0
20140006784000,1,1,0,0
20140006814000,35,18,17,1533
20140006815000,173,94,79,7093
20140006833000,7,3,4,354.9
20140006834000,8,4,4,324.8
20140006840000,1,0,1,0
20140006842000,26,17,9,686.4
20140006846000,127,63,64,4013.2
20140006847000,607,284,323,22519.7
20140006848000,92,51,41,3707.6
20140006856000,2,1,1,0
20140006861000,32,18,14,1289.6
20140006868000,14,8,6,621.6
20140006869000,28,16,12,1136.8
20140006872000,10,5,5,380
20140006873000,7,5,2,438.2
20140006896000,2,1,1,0
20140006897000,5,2,3,276
20140006899000,5,3,2,333
20140006914000,12,7,5,526.8
20140006921000,52,28,24,1955.2
20140006922000,44,22,22,2186.8
20140006923000,27,11,16,1382.4
20140006924000,26,10,16,1310.4
20140006925000,30,15,15,1803
20140006926000,8,5,3,446.4
20140006927000,2,1,1,0
20140006930000,20,12,8,1018
20140006931000,8,4,4,431.2
20140006933000,45,25,20,2034
20140006934000,161,107,54,6198.5
20140006941000,87,50,37,3471.3
20140006942000,158,77,81,6335.8
20140006945000,5,3,2,168
20140006946000,7,4,3,454.3
20140006947000,145,69,76,6119
20140006948000,121,59,62,5263.5
20150006466000,5,1,4,92
20150006467000,60,32,28,2070
20150006468000,804,412,392,28783.2
20150006469000,244,129,115,10443.2
20150006470000,36,21,15,1180.8
20150006482000,5,3,2,310
20150006486000,3,2,1,0
20150006488000,6,4,2,295.8
20150006489000,21,11,10,900.9
20150006490000,7,5,2,308
20150006491000,6,5,1,108
20150006495000,28,16,12,1344
20150006499000,23,10,13,830.3
20150006500000,3,2,1,0
20150006507000,1,0,1,0
20150006512000,1,0,1,0
20150006515000,8,4,4,307.2
20150006523000,2,1,1,0
20150006613000,12,8,4,654
20150006616000,6,3,3,229.2
20150006618000,2,1,1,0
20150006622000,13,4,9,474.5
20150006623000,45,23,22,2097
20150006624000,3,2,1,0
20150006633000,8,4,4,259.2
20150006641000,2,0,2,0
20150006643000,11,8,3,342.1
20150006644000,313,150,163,12520
20150006645000,570,270,300,21090
20150006696000,64,31,33,2444.8
20150006712000,1,0,1,0
20150006720000,28,12,16,1106
20150006721000,23,13,10,982.1
20150006722000,31,14,17,1131.5
20150006724000,20,12,8,796
20150006725000,265,128,137,10732.5
20150006726000,489,256,233,19902.3
20150006727000,454,229,225,18659.4
20150006728000,34,20,14,1054
20150006756000,141,76,65,4765.8
20150006759000,1,0,1,0
20150006760000,2,1,1,0
20150006762000,3,2,1,0
20150006770000,3,2,1,0
20150006771000,2,1,1,0
20150006815000,13,7,6,712.4
20150006832000,1,1,0,0
20150006833000,14,6,8,519.4
20150006842000,49,23,26,2028.6
20150006844000,100,52,48,3130
20150006845000,170,90,80,6086
20150006846000,47,22,25,1795.4
20150006847000,1303,612,691,39871.8
20150006848000,597,280,317,21074.1
20150006858000,4,2,2,0
20150006860000,1,1,0,0
20150006861000,50,27,23,1960
20150006873000,13,9,4,679.9
20150006874000,1,0,1,0
20150006894000,12,7,5,463.2
20150006897000,3,2,1,0
20150006899000,78,40,38,2886
20150006900000,17,9,8,787.1
20150006915000,15,8,7,709.5
20150006920000,6,4,2,370.8
20150006921000,28,16,12,1206.8
20150006923000,5,3,2,229
20150006928000,2,2,0,0
20150006930000,1,1,0,0
20150006931000,2,1,1,0
20150006933000,55,28,27,2282.5
20150006934000,45,27,18,1845
20150006941000,42,21,21,1470
20150006942000,112,52,60,4088
20150006945000,498,255,243,15288.6
20150006946000,158,84,74,6588.6
20150006947000,379,195,184,15235.8
20150006949000,6,3,3,178.2
20160006467000,166,80,86,7436.8
20160006468000,800,375,425,34480
20160006469000,75,36,39,2557.5
20160006470000,21,13,8,680.4
20160006471000,8,5,3,274.4
20160006479000,3,2,1,0
20160006481000,2,1,1,0
20160006482000,2,1,1,0
20160006490000,4,3,1,0
20160006491000,1,0,1,0
20160006492000,23,12,11,892.4
20160006495000,4,2,2,0
20160006498000,2,1,1,0
20160006499000,5,2,3,300
20160006502000,14,5,9,348.6
20160006507000,2,1,1,0
20160006510000,3,1,2,0
20160006511000,1,1,0,0
20160006517000,1,1,0,0
20160006522000,4,3,1,0
20160006523000,8,6,2,371.2
20160006526000,1,1,0,0
20160006532000,3,1,2,0
20160006533000,16,6,10,657.6
20160006624000,2,1,1,0
20160006625000,30,11,19,1194
20160006644000,12,8,4,471.6
20160006645000,76,36,40,2850
20160006646000,1,1,0,0
20160006667000,3,2,1,0
20160006696000,3,1,2,0
20160006713000,86,43,43,3199.2
20160006714000,64,33,31,2777.6
20160006715000,48,22,26,2510.4
20160006720000,6,3,3,223.2
20160006721000,16,7,9,649.6
20160006726000,212,115,97,7610.8
20160006727000,306,139,167,14014.8
20160006728000,5,3,2,149
20160006729000,53,30,23,1722.5
20160006752000,2,1,1,0
20160006753000,2,1,1,0
20160006756000,20,12,8,578
20160006764000,2,1,1,0
20160006765000,2,2,0,0
20160006808000,11,8,3,566.5
20160006815000,10,4,6,457
20160006816000,25,13,12,1000
20160006832000,18,8,10,775.8
20160006833000,10,5,5,639
20160006842000,40,24,16,1516
20160006844000,16,8,8,689.6
20160006845000,24,11,13,1195.2
20160006846000,125,58,67,4650
20160006847000,687,331,356,24663.3
20160006848000,524,247,277,15196
20160006860000,26,12,14,1014
20160006861000,8,4,4,332
20160006894000,4,2,2,0
20160006896000,2,2,0,0
20160006897000,10,4,6,354
20160006899000,54,24,30,2451.6
20160006900000,41,21,20,1422.7
20160006901000,16,7,9,569.6
20160006902000,13,8,5,388.7
20160006918000,46,26,20,2438
20160006919000,26,13,13,1045.2
20160006920000,2,1,1,0
20160006921000,11,6,5,634.7
20160006923000,13,8,5,674.7
20160006924000,2,1,1,0
20160006925000,3,2,1,0
20160006927000,18,7,11,649.8
20160006928000,9,5,4,347.4
20160006931000,4,2,2,0
20160006932000,8,4,4,298.4
20160006933000,45,24,21,1723.5
20160006942000,69,32,37,3001.5
20160006944000,5,2,3,207
20160006945000,633,298,335,28548.3
20160006946000,364,175,189,14632.8
20160006947000,379,206,173,16145.4
20160006949000,139,70,69,5879.7
20160006952000,4,3,1,0
20160006954000,27,16,11,1390.5
20170006465000,17,7,10,1230.8
20170006466000,12,6,6,482.4
20170006467000,112,59,53,4513.6
20170006468000,912,442,470,40310.4
20170006471000,4,1,3,0
20170006475000,15,8,7,447
20170006478000,7,3,4,347.9
20170006491000,10,7,3,320
20170006500000,13,6,7,364
20170006501000,4,3,1,0
20170006503000,5,3,2,183
20170006504000,15,10,5,576
20170006523000,3,2,1,0
20170006624000,49,24,25,1710.1
20170006625000,13,5,8,465.4
20170006631000,2,1,1,0
20170006645000,6,3,3,313.2
20170006700000,1,1,0,0
20170006701000,26,15,11,1201.2
20170006714000,181,85,96,8326
20170006715000,2,1,1,0
20170006725000,15,10,5,394.5
20170006726000,278,138,140,10174.8
20170006727000,8,4,4,260.8
20170006729000,53,27,26,1685.4
20170006730000,6,4,2,187.8
20170006751000,10,6,4,472
20170006753000,4,2,2,0
20170006754000,2,2,0,0
20170006755000,1,0,1,0
20170006756000,2,2,0,0
20170006765000,10,5,5,429
20170006771000,9,4,5,329.4
20170006772000,4,2,2,0
20170006832000,7,3,4,270.2
20170006842000,3,2,1,0
20170006843000,37,20,17,1184
20170006844000,240,137,103,6912
20170006848000,29,14,15,1197.7
20170006849000,10,5,5,394
20170006860000,21,11,10,768.6
20170006893000,7,4,3,347.2
20170006894000,7,3,4,275.8
20170006897000,16,9,7,699.2
20170006899000,230,121,109,8280
20170006917000,61,34,27,2488.8
20170006918000,175,89,86,8627.5
20170006919000,13,6,7,582.4
20170006920000,41,24,17,1988.5
20170006921000,1,0,1,0
20170006927000,23,10,13,1198.3
20170006933000,14,8,6,634.2
20170006942000,7,3,4,354.2
20170006943000,5,2,3,226
20170006945000,101,49,52,3565.3
20170006946000,704,343,361,26118.4
20170006947000,3,1,2,0
20170006949000,84,42,42,4191.6
20170006950000,9,4,5,342.9
20170006952000,28,17,11,1310.4
20170006953000,22,8,14,1040.6
20180006468000,32,17,15,1366.4
20180006470000,1,1,0,0
20180006475000,25,12,13,1140
20180006478000,22,9,13,946
20180006479000,18,10,8,637.2
20180006480000,1,1,0,0
20180006481000,15,7,8,531
20180006483000,2,1,1,0
20180006488000,4,2,2,0
20180006497000,2,1,1,0
20180006500000,6,4,2,316.2
20180006506000,27,13,14,1093.5
20180006510000,2,1,1,0
20180006613000,1,1,0,0
20180006624000,16,7,9,566.4
20180006625000,231,116,115,8754.9
20180006633000,2,1,1,0
20180006642000,2,2,0,0
20180006645000,14,7,7,453.6
20180006646000,7,4,3,231
20180006668000,10,3,7,648
20180006697000,17,7,10,846.6
20180006717000,13,8,5,512.2
20180006725000,87,46,41,3184.2
20180006726000,22,11,11,697.4
20180006729000,18,10,8,973.8
20180006730000,29,13,16,1116.5
20180006750000,3,2,1,0
20180006751000,8,3,5,244.8
20180006752000,14,7,7,684.6
20180006754000,4,1,3,0
20180006757000,3,1,2,0
20180006765000,41,23,18,1656.4
20180006766000,12,4,8,482.4
20180006807000,3,1,2,0
20180006832000,4,2,2,0
20180006842000,25,12,13,672.5
20180006843000,10,7,3,333
20180006844000,229,115,114,6847.1
20180006845000,8,4,4,539.2
20180006848000,4,1,3,0
20180006849000,37,18,19,1613.2
20180006850000,2,1,1,0
20180006860000,38,22,16,1307.2
20180006861000,10,5,5,462
20180006878000,23,15,8,903.9
20180006898000,17,8,9,542.3
20180006899000,58,36,22,2412.8
20180006900000,4,2,2,0
20180006918000,34,20,14,1305.6
20180006919000,161,83,78,6729.8
20180006927000,14,9,5,708.4
20180006928000,9,4,5,403.2
20180006931000,3,2,1,0
20180006933000,8,5,3,403.2
20180006943000,54,28,26,2241
20180006944000,20,11,9,746
20180006945000,38,25,13,1641.6
20180006946000,192,99,93,6489.6
20180006947000,153,73,80,6579
20180006948000,122,65,57,4733.6
20180006949000,86,36,50,3749.6
20180006950000,65,37,28,3159
20180006953000,35,14,21,1827
20180006954000,2,1,1,0
20190006468000,89,41,48,3346.4
20190006469000,10,5,5,667
20190006472000,9,6,3,404.1
20190006478000,5,2,3,206
20190006480000,4,1,3,0
20190006484000,4,3,1,0
20190006487000,1,1,0,0
20190006488000,9,5,4,560.7
20190006489000,9,4,5,554.4
20190006493000,5,1,4,103
20190006497000,1,1,0,0
20190006499000,6,2,4,202.2
20190006500000,2,1,1,0
20190006502000,10,4,6,435
20190006518000,24,14,10,696
20190006519000,24,12,12,655.2
20190006520000,14,5,9,431.2
20190006523000,33,20,13,1511.4
20190006524000,19,10,9,604.2
20190006525000,7,3,4,398.3
20190006532000,114,55,59,3830.4
20190006533000,2,1,1,0
20190006624000,5,3,2,77
20190006625000,95,39,56,4778.5
20190006668000,9,4,5,459
20190006669000,7,3,4,172.2
20190006697000,6,2,4,187.2
20190006714000,17,11,6,666.4
20190006716000,15,8,7,760.5
20190006717000,33,17,16,1640.1
20190006723000,1,0,1,0
20190006725000,47,24,23,1959.9
20190006726000,26,12,14,1058.2
20190006727000,39,17,22,1704.3
20190006728000,37,19,18,1309.8
20190006729000,35,20,15,1081.5
20190006752000,5,3,2,112
20190006753000,29,13,16,1023.7
20190006754000,3,1,2,0
20190006755000,1,1,0,0
20190006757000,4,2,2,0
20190006765000,6,3,3,163.2
20190006772000,10,7,3,233
20190006773000,10,7,3,340
20190006807000,1,0,1,0
20190006808000,4,2,2,0
20190006812000,1,0,1,0
20190006831000,4,2,2,0
20190006841000,8,4,4,252
20190006842000,5,2,3,105
20190006843000,19,13,6,790.4
20190006844000,25,13,12,1232.5
20190006845000,19,9,10,704.9
20190006847000,2,2,0,0
20190006849000,6,4,2,249
20190006850000,29,13,16,1090.4
20190006860000,12,5,7,514.8
20190006870000,20,10,10,610
20190006878000,9,6,3,502.2
20190006898000,12,5,7,543.6
20190006899000,2,1,1,0
20190006900000,11,7,4,496.1
20190006901000,27,12,15,1053
20190006918000,22,13,9,1174.8
20190006927000,19,11,8,874
20190006928000,76,35,41,3382
20190006941000,49,30,19,1685.6
20190006942000,18,9,9,799.2
20190006943000,10,6,4,316
20190006944000,59,30,29,2177.1
20190006945000,206,108,98,6592
20190006946000,20,11,9,810
20190006947000,224,109,115,8422.4
20190006949000,7,2,5,254.1
20200006467000,40,20,20,1524
20200006468000,6,3,3,300
20200006469000,6,2,4,372
20200006471000,4,2,2,0
20200006472000,2,1,1,0
20200006473000,10,5,5,399
20200006479000,5,3,2,235
20200006484000,2,1,1,0
20200006486000,20,9,11,756
20200006487000,230,116,114,9223
20200006488000,207,107,100,8280
20200006489000,12,5,7,423.6
20200006494000,3,1,2,0
20200006497000,12,6,6,411.6
20200006501000,5,3,2,68
20200006514000,1,1,0,0
20200006515000,16,9,7,620.8
20200006524000,44,20,24,1676.4
20200006525000,5,3,2,376
20200006531000,58,29,29,1618.2
20200006532000,530,252,278,22154
20200006533000,84,36,48,3620.4
20200006534000,6,4,2,223.2
20200006535000,3,2,1,0
20200006624000,13,5,8,479.7
20200006625000,162,73,89,6804
20200006668000,19,10,9,769.5
20200006714000,7,4,3,431.9
20200006717000,4,3,1,0
20200006725000,3,3,0,0
20200006726000,8,5,3,288.8
20200006727000,53,28,25,2029.9
20200006752000,49,31,18,1675.8
20200006753000,14,6,8,390.6
20200006754000,4,2,2,0
20200006755000,7,3,4,224.7
20200006774000,6,2,4,270
20200006812000,3,1,2,0
20200006819000,77,38,39,2849
20200006831000,1,1,0,0
20200006843000,25,14,11,1162.5
20200006844000,8,5,3,384.8
20200006849000,4,3,1,0
20200006850000,24,14,10,900
20200006851000,86,43,43,2605.8
20200006852000,3,1,2,0
20200006860000,15,7,8,628.5
20200006861000,12,6,6,726
20200006862000,1,1,0,0
20200006869000,6,4,2,190.8
20200006870000,12,4,8,374.4
20200006872000,32,15,17,1206.4
20200006873000,14,7,7,599.2
20200006896000,4,3,1,0
20200006898000,46,26,20,1669.8
20200006899000,6,2,4,238.8
20200006900000,7,3,4,266
20200006901000,21,11,10,940.8
20200006908000,12,6,6,518.4
20200006916000,1,1,0,0
20200006917000,8,4,4,536
20200006918000,5,2,3,316
20200006927000,6,3,3,292.8
20200006928000,24,11,13,1166.4
20200006933000,2,1,1,0
20200006934000,1,1,0,0
20200006935000,3,2,1,0
20200006939000,81,42,39,3393.9
20200006940000,152,79,73,5760.8
20200006941000,163,88,75,6731.9
20200006942000,132,73,59,4725.6
20200006944000,111,61,50,3818.4
20200006945000,68,34,34,2917.2
20200006946000,34,17,17,1326
20200006948000,68,39,29,2529.6
20210006464000,2,1,1,0
20210006466000,7,3,4,273
20210006467000,7,3,4,301.7
20210006468000,40,21,19,1460
20210006469000,9,6,3,529.2
20210006472000,8,4,4,264.8
20210006483000,6,4,2,283.2
20210006485000,7,4,3,254.8
20210006486000,1,1,0,0
20210006488000,82,38,44,2246.8
20210006489000,15,8,7,568.5
20210006490000,2,1,1,0
20210006492000,6,3,3,264
20210006494000,4,3,1,0
20210006496000,12,6,6,426
20210006498000,22,14,8,928.4
20210006499000,3,2,1,0
20210006500000,2,1,1,0
20210006501000,1,0,1,0
20210006502000,10,5,5,394
20210006504000,14,6,8,574
20210006508000,3,1,2,0
20210006509000,9,5,4,191.7
20210006510000,12,6,6,435.6
20210006512000,4,2,2,0
20210006532000,5,1,4,91
20210006533000,38,22,16,1303.4
20210006534000,9,6,3,179.1
20210006535000,33,17,16,1029.6
20210006536000,9,3,6,324
20210006538000,17,10,7,858.5
20210006539000,3,2,1,0
20210006576000,6,5,1,298.8
20210006624000,3,2,1,0
20210006625000,16,7,9,686.4
20210006626000,5,3,2,307
20210006635000,7,2,5,294
20210006668000,20,14,6,756
20210006714000,12,7,5,424.8
20210006715000,7,5,2,317.8
20210006717000,10,4,6,465
20210006718000,5,2,3,304
20210006726000,2,1,1,0
20210006753000,26,13,13,746.2
20210006754000,34,20,14,1472.2
20210006755000,2,1,1,0
20210006775000,4,3,1,0
20210006813000,2,1,1,0
20210006819000,514,249,265,21125.4
20210006820000,659,345,314,26557.7
20210006831000,7,4,3,352.8
20210006843000,16,7,9,969.6
20210006844000,4,2,2,0
20210006845000,25,12,13,960
20210006850000,10,4,6,203
20210006851000,20,11,9,704
20210006852000,11,7,4,399.3
20210006853000,9,4,5,441
20210006859000,2,2,0,0
20210006860000,3,2,1,0
20210006861000,25,14,11,832.5
20210006862000,1,1,0,0
20210006869000,17,9,8,566.1
20210006877000,24,11,13,1120.8
20210006878000,86,44,42,4523.6
20210006879000,3,2,1,0
20210006896000,32,19,13,1382.4
20210006898000,64,32,32,1900.8
20210006899000,64,29,35,2662.4
20210006900000,6,4,2,79.2
20210006901000,1,1,0,0
20210006908000,17,11,6,909.5
20210006909000,18,11,7,1004.4
20210006915000,3,2,1,0
20210006916000,14,7,7,698.6
20210006928000,33,20,13,1448.7
20210006934000,26,13,13,876.2
20210006935000,49,24,25,1764
20210006939000,6,3,3,267
20210006940000,11,6,5,498.3
20210006942000,27,13,14,1115.1
20210006944000,7,5,2,289.8
20210006946000,32,15,17,1443.2
20210006947000,110,56,54,4004
20210006948000,88,43,45,3396.8
20220006466000,12,6,6,728.4
20220006467000,8,5,3,472.8
20220006468000,62,32,30,2244.4
20220006469000,27,18,9,1107
20220006470000,10,5,5,391
20220006478000,1,1,0,0
20220006479000,6,3,3,400.8
20220006483000,3,2,1,0
20220006485000,2,1,1,0
20220006488000,8,4,4,292.8
20220006489000,18,10,8,900
20220006495000,1,1,0,0
20220006503000,2,1,1,0
20220006504000,9,4,5,297
20220006505000,8,5,3,394.4
20220006507000,8,3,5,172
20220006508000,4,2,2,0
20220006510000,1,1,0,0
20220006527000,1,1,0,0
20220006529000,9,4,5,483.3
20220006534000,58,27,31,2540.4
20220006538000,6,3,3,240
20220006549000,9,4,5,426.6
20220006577000,2,1,1,0
20220006626000,1,1,0,0
20220006647000,24,11,13,1185.6
20220006713000,4,2,2,0
20220006714000,4,3,1,0
20220006736000,1,1,0,0
20220006753000,14,9,5,695.8
20220006754000,47,26,21,1489.9
20220006755000,1,0,1,0
20220006806000,26,15,11,1021.8
20220006807000,6,5,1,373.2
20220006819000,23,12,11,614.1
20220006820000,432,225,207,16761.6
20220006821000,1,0,1,0
20220006831000,3,2,1,0
20220006832000,13,7,6,522.6
20220006846000,25,13,12,1185
20220006847000,48,22,26,1886.4
20220006853000,5,4,1,303
20220006860000,6,3,3,207
20220006861000,18,8,10,640.8
20220006862000,2,1,1,0
20220006863000,6,3,3,148.8
20220006869000,10,4,6,262
20220006879000,39,20,19,1778.4
20220006894000,4,2,2,0
20220006896000,9,5,4,251.1
20220006898000,134,71,63,5226
20220006899000,89,45,44,2919.2
20220006900000,50,23,27,1775
20220006901000,52,24,28,1799.2
20220006902000,2,1,1,0
20220006907000,7,4,3,275.1
20220006908000,35,17,18,1375.5
20220006910000,7,2,5,314.3
20220006915000,5,4,1,147
20220006928000,31,16,15,1326.8
20220006929000,9,3,6,381.6
20220006930000,47,47,0,1955.2
20220006932000,66,32,34,2402.4
20220006933000,34,21,13,1315.8
20220006934000,54,27,27,2127.6
20220006935000,170,88,82,6035
20220006936000,94,51,43,3459.2
20220006938000,12,7,5,247.2
20220006939000,46,23,23,1734.2
20220006940000,25,11,14,955
20230006467000,16,8,8,444.8
20230006468000,12,8,4,510
20230006469000,12,6,6,382.8
20230006470000,11,7,4,269.5
20230006479000,22,13,9,908.6
20230006485000,5,2,3,152
20230006488000,4,3,1,0
20230006489000,3,2,1,0
20230006499000,92,45,47,2796.8
20230006500000,41,19,22,1746.6
20230006502000,48,27,21,1636.8
20230006503000,15,7,8,514.5
20230006504000,24,12,12,1154.4
20230006505000,3,2,1,0
20230006509000,2,1,1,0
20230006510000,2,1,1,0
20230006534000,20,9,11,588
20230006539000,18,11,7,709.2
20230006542000,5,4,1,299
20230006576000,5,3,2,299
20230006618000,2,1,1,0
20230006626000,4,1,3,0
20230006647000,32,14,18,1433.6
20230006648000,7,2,5,252.7
20230006669000,1,0,1,0
20230006713000,7,4,3,221.9
20230006714000,8,4,4,242.4
20230006720000,1,1,0,0
20230006751000,7,4,3,310.1
20230006752000,94,45,49,3308.8
20230006753000,55,24,31,1952.5
20230006806000,7,4,3,284.2
20230006807000,7,5,2,392.7
20230006808000,4,3,1,0
20230006820000,271,137,134,9512.1
20230006821000,186,94,92,6286.8
20230006833000,8,4,4,294.4
20230006842000,6,2,4,292.2
20230006843000,48,23,25,1214.4
20230006847000,34,21,13,1179.8
20230006853000,4,2,2,0
20230006854000,35,18,17,1340.5
20230006861000,14,8,6,539
20230006862000,4,3,1,0
20230006869000,2,1,1,0
20230006891000,3,1,2,0
20230006894000,6,1,5,340.8
20230006896000,2,1,1,0
20230006898000,76,47,29,3169.2
20230006899000,32,20,12,1120
20230006900000,1,1,0,0
20230006901000,30,14,16,1263
20230006902000,25,13,12,1240
20230006929000,18,8,10,673.2
20230006933000,33,18,15,1155
20230006934000,46,23,23,1867.6
20230006935000,5,3,2,224
20230006936000,26,12,14,1209
20230006937000,87,51,36,3288.6
20230006938000,8,4,4,450.4
20230006939000,214,103,111,10100.8
20230006940000,11,6,5,341
20230006941000,3,2,1,0
20230006943000,19,11,8,807.5
20230006944000,13,6,7,429
20230006946000,5,2,3,233
20240006466000,1,1,0,0
20240006468000,4,2,2,0
20240006469000,27,15,12,966.6
20240006470000,27,13,14,1028.7
20240006473000,2,1,1,0
20240006480000,2,1,1,0
20240006482000,7,2,5,158.2
20240006483000,4,3,1,0
20240006487000,8,4,4,290.4
20240006488000,12,5,7,403.2
20240006499000,16,9,7,548.8
20240006503000,5,4,1,143
20240006504000,3,2,1,0
20240006505000,33,17,16,1468.5
20240006506000,1,0,1,0
20240006532000,1,0,1,0
20240006540000,15,7,8,490.5
20240006541000,2,1,1,0
20240006547000,10,4,6,464
20240006548000,5,3,2,253
20240006550000,2,1,1,0
20240006551000,10,5,5,450
20240006626000,5,2,3,310
20240006713000,47,26,21,1847.1
20240006720000,66,36,30,2725.8
20240006721000,3,1,2,0
20240006722000,3,1,2,0
20240006723000,1,1,0,0
20240006751000,34,16,18,1346.4
20240006752000,4,3,1,0
20240006753000,20,10,10,964
20240006775000,3,1,2,0
20240006821000,22,10,12,514.8
20240006832000,4,3,1,0
20240006833000,33,17,16,1452
20240006842000,16,6,10,651.2
20240006843000,10,7,3,222
20240006847000,10,4,6,494
20240006848000,113,59,54,3774.2
20240006849000,97,44,53,3889.7
20240006850000,9,6,3,397.8
20240006854000,39,20,19,1283.1
20240006855000,12,6,6,360
20240006896000,15,8,7,621
20240006898000,15,9,6,679.5
20240006902000,34,19,15,1251.2
20240006911000,5,1,4,254
20240006937000,16,7,9,516.8
20240006938000,30,17,13,1038
20240006939000,112,57,55,4155.2
20240006941000,27,14,13,966.6
20240006942000,4,2,2,0
20240006943000,32,19,13,1331.2
20240006944000,187,94,93,5666.1
20240006946000,3,2,1,0
20250006463000,6,4,2,247.2
20250006464000,8,3,5,354.4
20250006465000,2,1,1,0
20250006466000,10,5,5,515
20250006467000,6,3,3,373.2
20250006468000,8,3,5,360
20250006469000,57,32,25,1892.4
20250006470000,13,7,6,387.4
20250006488000,77,37,40,3033.8
20250006489000,97,46,51,3142.8
20250006510000,1,1,0,0
20250006535000,5,3,2,110
20250006541000,1,1,0,0
20250006548000,8,5,3,256
20250006551000,12,7,5,619.2
20250006552000,15,10,5,564
20250006671000,5,1,4,85
20250006687000,5,2,3,79
20250006720000,93,45,48,4677.9
20250006721000,33,17,16,1326.6
20250006728000,12,6,6,723.6
20250006729000,10,5,5,273
20250006751000,27,14,13,1233.9
20250006752000,57,25,32,2394
20250006753000,69,38,31,2532.3
20250006754000,10,5,5,341
20250006775000,14,8,6,536.2
20250006833000,36,18,18,1497.6
20250006834000,28,14,14,1366.4
20250006841000,4,2,2,0
20250006842000,29,15,14,1110.7
20250006848000,20,10,10,780
20250006849000,478,239,239,14435.6
20250006850000,21,11,10,695.1
20250006854000,9,3,6,237.6
20250006855000,9,6,3,352.8
20250006882000,6,2,4,117
20250006883000,4,3,1,0
20250006895000,3,2,1,0
20250006896000,23,12,11,857.9
20250006897000,6,4,2,277.2
20250006902000,5,2,3,128
20250006912000,8,6,2,306.4
20250006914000,1,1,0,0
20250006915000,7,4,3,291.2
20250006927000,2,1,1,0
20250006929000,26,12,14,1086.8
20250006935000,1,1,0,0
20250006937000,3,2,1,0
20250006938000,3,2,1,0
20250006939000,82,39,43,3148.8
20250006942000,340,179,161,10744
20250006943000,8,5,3,272
20250006944000,54,24,30,2116.8
20250006946000,12,8,4,348
20260006463000,5,3,2,263
20260006464000,4,3,1,0
20260006465000,24,10,14,1152
20260006466000,16,9,7,596.8
20260006467000,5,2,3,136
20260006468000,26,14,12,959.4
20260006469000,47,21,26,1941.1
20260006470000,8,5,3,332
20260006473000,11,6,5,244.2
20260006475000,4,2,2,0
20260006476000,1,0,1,0
20260006477000,5,2,3,83
20260006481000,4,1,3,0
20260006484000,1,1,0,0
20260006488000,42,16,26,1953
20260006489000,122,54,68,4855.6
20260006513000,1,0,1,0
20260006519000,1,1,0,0
20260006534000,6,2,4,103.2
20260006549000,5,2,3,185
20260006551000,10,6,4,299
20260006553000,3,2,1,0
20260006632000,3,1,2,0
20260006671000,17,8,9,613.7
20260006686000,2,1,1,0
20260006720000,12,6,6,483.6
20260006721000,23,9,14,1014.3
20260006723000,2,1,1,0
20260006728000,17,11,6,1052.3
20260006729000,14,8,6,376.6
20260006750000,13,8,5,422.5
20260006751000,20,7,13,728
20260006752000,56,32,24,2492
20260006753000,66,35,31,2719.2
20260006754000,20,10,10,774
20260006775000,15,7,8,601.5
20260006812000,5,3,2,171
20260006832000,5,3,2,294
20260006834000,22,10,12,902
20260006841000,25,13,12,1107.5
20260006842000,5,3,2,166
20260006848000,4,4,0,0
20260006849000,44,26,18,1918.4
20260006856000,4,2,2,0
20260006888000,7,3,4,202.3
20260006890000,2,1,1,0
20260006895000,22,8,14,772.2
20260006897000,212,103,109,7928.8
20260006898000,8,4,4,332
20260006913000,14,6,8,627.2
20260006914000,27,15,12,1196.1
20260006915000,2,2,0,0
20260006916000,23,5,18,809.6
20260006928000,2,1,1,0
20260006929000,25,9,16,980
20260006933000,2,1,1,0
20260006935000,36,18,18,1393.2
20260006936000,27,17,10,934.2
20260006939000,7,3,4,482.3
20260006940000,28,13,15,1142.4
20260006941000,38,20,18,1166.6
20260006942000,305,156,149,10217.5
20260006943000,365,301,64,13870
20260006944000,113,58,55,3683.8
20260006945000,173,155,18,6885.4
20260006946000,640,317,323,23680
20260006947000,297,153,144,11583
20260006948000,205,104,101,6355
20260006949000,27,17,10,904.5
20270006457000,1,0,1,0
20270006461000,8,5,3,286.4
20270006464000,6,3,3,220.8
20270006465000,9,5,4,531.9
20270006467000,6,4,2,187.8
20270006468000,8,4,4,232.8
20270006469000,35,14,21,934.5
20270006470000,14,6,8,599.2
20270006473000,19,12,7,685.9
20270006475000,2,2,0,0
20270006480000,10,5,5,354
20270006488000,9,5,4,473.4
20270006489000,81,44,37,2689.2
20270006490000,90,46,44,3708
20270006491000,11,5,6,489.5
20270006549000,2,1,1,0
20270006550000,12,7,5,418.8
20270006553000,2,1,1,0
20270006554000,6,3,3,312
20270006625000,12,6,6,441.6
20270006626000,1,0,1,0
20270006627000,36,20,16,1393.2
20270006723000,10,4,6,408
20270006729000,27,11,16,1352.7
20270006730000,46,26,20,2263.2
20270006749000,2,1,1,0
20270006750000,18,8,10,840.6
20270006751000,6,3,3,165
20270006814000,3,2,1,0
20270006831000,12,8,4,501.6
20270006832000,15,8,7,541.5
20270006833000,7,3,4,214.9
20270006835000,2,2,0,0
20270006837000,2,1,1,0
20270006841000,4,3,1,0
20270006842000,19,13,6,891.1
20270006848000,6,3,3,156
20270006849000,219,106,113,8760
20270006850000,127,64,63,3987.8
20270006888000,27,14,13,1034.1
20270006889000,32,21,11,1283.2
20270006895000,35,18,17,1214.5
20270006896000,414,206,208,16435.8
20270006897000,815,395,420,31133
20270006898000,93,50,43,3013.2
20270006913000,26,13,13,1513.2
20270006914000,19,9,10,889.2
20270006918000,21,12,9,1138.2
20270006919000,18,8,10,1042.2
20270006924000,8,5,3,280.8
20270006925000,10,6,4,356
20270006935000,95,49,46,4009
20270006938000,158,87,71,5798.6
20270006939000,182,97,85,6588.4
20270006941000,24,12,12,823.2
20270006942000,53,27,26,1945.1
20270006943000,105,51,54,4473
20270006944000,202,97,105,6605.4
20270006945000,971,444,527,44180.5
20270006946000,1248,613,635,43305.6
20270006951000,18,7,11,619.2
20280006458000,4,2,2,0
20280006459000,116,58,58,4744.4
20280006461000,27,14,13,812.7
20280006462000,1,1,0,0
20280006466000,2,1,1,0
20280006467000,5,3,2,283
20280006469000,6,2,4,210
20280006470000,4,3,1,0
20280006473000,4,2,2,0
20280006479000,19,10,9,511.1
20280006480000,4,2,2,0
20280006488000,2,1,1,0
20280006489000,23,9,14,949.9
20280006490000,55,25,30,2128.5
20280006491000,46,25,21,1485.8
20280006501000,8,3,5,242.4
20280006502000,9,5,4,309.6
20280006503000,15,11,4,685.5
20280006506000,13,5,8,438.1
20280006514000,1,1,0,0
20280006517000,2,1,1,0
20280006521000,23,13,10,989
20280006522000,4,2,2,0
20280006554000,3,1,2,0
20280006558000,1,0,1,0
20280006624000,12,5,7,418.8
20280006723000,8,5,3,468.8
20280006730000,30,11,19,1071
20280006749000,4,2,2,0
20280006751000,56,31,25,2021.6
20280006812000,4,1,3,0
20280006814000,1,0,1,0
20280006815000,3,2,1,0
20280006831000,16,10,6,620.8
20280006834000,7,3,4,275.1
20280006839000,7,3,4,303.1
20280006841000,20,12,8,998
20280006842000,9,5,4,324
20280006849000,68,40,28,2958
20280006850000,3,2,1,0
20280006887000,5,2,3,159
20280006889000,30,15,15,1119
20280006896000,487,238,249,19869.6
20280006897000,657,303,354,24966
20280006898000,18,9,9,529.2
20280006902000,3,2,1,0
20280006918000,4,2,2,0
20280006919000,25,12,13,1070
20280006920000,88,47,41,3106.4
20280006921000,43,21,22,1698.5
20280006923000,9,5,4,340.2
20280006924000,11,5,6,550
20280006925000,41,22,19,1828.6
20280006926000,26,10,16,1058.2
20280006927000,5,2,3,127
20280006934000,3,2,1,0
20280006935000,78,44,34,3268.2
20280006939000,17,8,9,603.5
20280006945000,865,444,421,31572.5
20280006946000,43,28,15,1221.2
20280006951000,37,17,20,1457.8
20280006952000,84,48,36,3544.8
20280006953000,5,3,2,223
20290006459000,6,2,4,322.8
20290006460000,5,3,2,255
20290006461000,21,11,10,873.6
20290006463000,50,26,24,1540
20290006464000,3,2,1,0
20290006465000,4,2,2,0
20290006467000,7,5,2,189
20290006468000,9,6,3,347.4
20290006469000,16,8,8,593.6
20290006470000,13,10,3,365.3
20290006471000,4,2,2,0
20290006472000,5,3,2,130
20290006474000,4,1,3,0
20290006476000,6,2,4,252
20290006478000,1,1,0,0
20290006483000,2,2,0,0
20290006489000,2,1,1,0
20290006490000,23,11,12,1200.6
20290006491000,765,354,411,31518
20290006492000,308,148,160,14229.6
20290006493000,10,7,3,397
20290006498000,20,12,8,742
20290006499000,14,8,6,446.6
20290006500000,9,4,5,306
20290006501000,10,3,7,471
20290006502000,4,2,2,0
20290006503000,7,3,4,286.3
20290006505000,5,3,2,277
20290006506000,2,1,1,0
20290006509000,28,13,15,764.4
20290006510000,4,2,2,0
20290006513000,5,4,1,110
20290006514000,35,15,20,1218
20290006517000,3,1,2,0
20290006523000,3,2,1,0
20290006633000,3,2,1,0
20290006682000,36,14,22,1306.8
20290006684000,10,6,4,389
20290006685000,13,4,9,570.7
20290006686000,97,45,52,3773.3
20290006687000,411,206,205,14837.1
20290006688000,410,210,200,17999
20290006689000,286,151,135,11068.2
20290006690000,166,90,76,6855.8
20290006691000,311,166,145,11475.9
20290006692000,321,167,154,13128.9
20290006723000,18,10,8,734.4
20290006730000,344,159,185,15617.6
20290006749000,13,6,7,583.7
20290006750000,5,2,3,248
20290006751000,135,68,67,4738.5
20290006752000,323,161,162,14502.7
20290006798000,2,1,1,0
20290006815000,6,2,4,202.2
20290006830000,5,2,3,219
20290006831000,10,4,6,434
20290006832000,13,5,8,509.6
20290006834000,24,16,8,1063.2
20290006840000,57,28,29,2200.2
20290006841000,14,10,4,553
20290006849000,13,5,8,445.9
20290006850000,10,5,5,410
20290006851000,18,8,10,617.4
20290006887000,15,6,9,640.5
20290006889000,2,2,0,0
20290006896000,41,20,21,1504.7
20290006897000,76,42,34,2325.6
20290006917000,14,8,6,719.6
20290006923000,5,2,3,210
20290006924000,94,41,53,3355.8
20290006925000,80,38,42,3104
20290006931000,24,14,10,960
20290006935000,23,12,11,984.4
20290006936000,30,16,14,1077
20290006939000,10,6,4,336
20290006940000,30,14,16,1125
20290006942000,4,3,1,0
20290006945000,403,206,197,12654.2
20290006953000,18,10,8,747
20300006455000,2,0,2,0
20300006457000,7,4,3,256.9
20300006463000,13,8,5,513.5
20300006464000,25,16,9,1010
20300006465000,1,0,1,0
20300006466000,6,4,2,268.8
20300006468000,66,33,33,1894.2
20300006469000,165,84,81,5758.5
20300006472000,32,14,18,988.8
20300006473000,7,5,2,252
20300006474000,28,15,13,1100.4
20300006475000,11,4,7,249.7
20300006476000,21,13,8,934.5
20300006477000,5,3,2,134
20300006478000,6,5,1,241.8
20300006480000,4,2,2,0
20300006481000,2,1,1,0
20300006483000,1,1,0,0
20300006484000,4,2,2,0
20300006485000,4,2,2,0
20300006491000,105,54,51,4735.5
20300006492000,446,223,223,16858.8
20300006493000,163,83,80,5802.8
20300006494000,34,17,17,1091.4
20300006495000,79,46,33,3152.1
20300006496000,22,12,10,1045
20300006497000,27,11,16,1004.4
20300006498000,42,21,21,1751.4
20300006499000,142,77,65,5964
20300006500000,57,28,29,2285.7
20300006501000,9,5,4,372.6
20300006503000,12,6,6,457.2
20300006505000,2,2,0,0
20300006508000,4,2,2,0
20300006509000,15,9,6,610.5
20300006510000,7,3,4,151.2
20300006512000,13,8,5,466.7
20300006513000,8,5,3,252.8
20300006514000,33,17,16,1145.1
20300006515000,15,7,8,772.5
20300006517000,6,4,2,271.2
20300006520000,2,1,1,0
20300006524000,3,3,0,0
20300006525000,2,2,0,0
20300006526000,9,5,4,392.4
20300006532000,6,3,3,202.8
20300006555000,43,17,26,1406.1
20300006556000,11,6,5,445.5
20300006634000,2,1,1,0
20300006673000,76,40,36,2956.4
20300006674000,15,7,8,649.5
20300006675000,13,6,7,408.2
20300006676000,6,2,4,199.2
20300006677000,2,1,1,0
20300006678000,5,3,2,202
20300006679000,7,3,4,280.7
20300006680000,49,22,27,1793.4
20300006681000,14,8,6,616
20300006682000,10,5,5,370
20300006687000,739,331,408,35619.8
20300006688000,1270,596,674,57404
20300006689000,1025,504,521,46125
20300006690000,31,13,18,1444.6
20300006696000,4,2,2,0
20300006730000,121,64,57,5553.9
20300006749000,26,13,13,1076.4
20300006750000,13,8,5,755.3
20300006751000,1,1,0,0
20300006752000,779,367,412,34821.3
20300006809000,14,7,7,530.6
20300006829000,7,3,4,189
20300006830000,23,15,8,1129.3
20300006834000,21,11,10,932.4
20300006839000,6,3,3,316.2
20300006850000,7,3,4,361.9
20300006851000,22,10,12,811.8
20300006852000,40,22,18,1644
20300006884000,6,3,3,256.8
20300006896000,25,13,12,1372.5
20300006897000,34,20,14,1305.6
20300006921000,11,6,5,368.5
20300006922000,8,3,5,306.4
20300006930000,79,39,40,2844
20300006931000,44,22,22,1755.6
20300006940000,3,2,1,0
20300006942000,4,2,2,0
20310006455000,16,8,8,808
20310006458000,3,2,1,0
20310006463000,2,1,1,0
20310006465000,14,6,8,372.4
20310006466000,108,54,54,3412.8
20310006469000,59,31,28,2601.9
20310006470000,28,16,12,1181.6
20310006471000,36,19,17,1393.2
20310006472000,164,84,80,5986
20310006473000,31,16,15,1116
20310006474000,16,7,9,470.4
20310006475000,38,19,19,1311
20310006476000,12,7,5,500.4
20310006481000,4,4,0,0
20310006485000,4,1,3,0
20310006486000,5,2,3,123
20310006491000,21,10,11,525
20310006492000,167,87,80,6496.3
20310006493000,413,216,197,14455
20310006496000,26,17,9,795.6
20310006497000,17,5,12,613.7
20310006498000,70,35,35,2485
20310006499000,23,15,8,733.7
20310006500000,2,1,1,0
20310006501000,11,5,6,424.6
20310006502000,5,3,2,73
20310006503000,6,3,3,195
20310006504000,7,3,4,242.2
20310006510000,4,2,2,0
20310006511000,2,1,1,0
20310006514000,27,6,21,2214
20310006515000,30,14,16,1242
20310006516000,9,4,5,333
20310006517000,1,0,1,0
20310006518000,8,6,2,396.8
20310006526000,18,11,7,613.8
20310006546000,4,2,2,0
20310006556000,21,15,6,1113
20310006558000,36,16,20,1202.4
20310006559000,2,1,1,0
20310006634000,1,1,0,0
20310006673000,239,117,122,8866.9
20310006674000,46,23,23,1895.2
20310006675000,31,16,15,1481.8
20310006676000,9,4,5,511.2
20310006677000,5,3,2,292
20310006689000,11,6,5,482.9
20310006694000,385,210,175,15939
20310006697000,1,1,0,0
20310006698000,13,6,7,703.3
20310006699000,21,11,10,907.2
20310006700000,11,7,4,319
20310006730000,14,8,6,505.4
20310006747000,10,6,4,289
20310006748000,15,8,7,528
20310006749000,36,19,17,1382.4
20310006750000,330,168,162,12672
20310006751000,307,132,175,16178.9
20310006752000,1452,677,775,65340
20310006753000,13,6,7,477.1
20310006754000,2,1,1,0
20310006755000,106,52,54,4515.6
20310006799000,3,2,1,0
20310006804000,5,3,2,346
20310006809000,73,34,39,2978.4
20310006829000,8,3,5,395.2
20310006830000,2,2,0,0
20310006834000,24,12,12,933.6
20310006850000,5,3,2,147
20310006852000,10,5,5,570
20310006881000,25,11,14,1280
20310006882000,69,39,30,2967
20310006891000,31,15,16,1432.2
20310006892000,23,14,9,846.4
20310006897000,57,29,28,2069.1
20310006905000,2,0,2,0
20310006906000,3,2,1,0
20310006907000,10,4,6,381
20310006908000,1,0,1,0
20310006920000,3,1,2,0
20310006929000,17,7,10,656.2
20310006930000,42,24,18,1642.2
20310006932000,18,9,9,430.2
20310006934000,3,2,1,0
20310006946000,32,17,15,1353.6
20310006951000,6,4,2,178.8
20320006455000,20,11,9,1074
20320006456000,8,5,3,331.2
20320006458000,10,4,6,445
20320006459000,3,2,1,0
20320006462000,6,2,4,238.8
20320006466000,13,7,6,345.8
20320006467000,15,8,7,429
20320006468000,249,133,116,7221
20320006469000,24,13,11,974.4
20320006470000,768,390,378,25113.6
20320006471000,171,92,79,5608.8
20320006472000,213,109,104,8647.8
20320006477000,5,2,3,129
20320006478000,7,4,3,298.9
20320006479000,21,8,13,783.3
20320006485000,11,5,6,482.9
20320006491000,4,2,2,0
20320006492000,5,3,2,261
20320006493000,30,18,12,1107
20320006503000,8,5,3,164.8
20320006507000,5,2,3,228
20320006511000,13,8,5,434.2
20320006512000,4,2,2,0
20320006514000,1,1,0,0
20320006515000,18,8,10,453.6
20320006517000,6,4,2,210
20320006527000,2,2,0,0
20320006528000,4,2,2,0
20320006529000,3,2,1,0
20320006555000,2,1,1,0
20320006556000,3,2,1,0
20320006557000,6,3,3,238.2
20320006558000,40,24,16,1180
20320006559000,21,9,12,968.1
20320006635000,9,5,4,368.1
20320006636000,11,7,4,403.7
20320006642000,1,1,0,0
20320006645000,5,3,2,182
20320006669000,2,1,1,0
20320006670000,8,4,4,507.2
20320006671000,6,3,3,208.8
20320006676000,11,6,5,401.5
20320006694000,278,147,131,11175.6
20320006696000,11,6,5,475.2
20320006697000,6,4,2,294
20320006701000,14,8,6,652.4
20320006702000,2,0,2,0
20320006703000,26,12,14,798.2
20320006724000,28,15,13,1363.6
20320006725000,20,7,13,782
20320006726000,5,2,3,264
20320006730000,9,5,4,458.1
20320006731000,6,4,2,352.2
20320006739000,9,3,6,257.4
20320006742000,3,2,1,0
20320006743000,1,1,0,0
20320006744000,10,6,4,535
20320006745000,23,11,12,1023.5
20320006746000,16,8,8,545.6
20320006747000,24,11,13,1104
20320006748000,77,41,36,2810.5
20320006749000,16,9,7,617.6
20320006750000,111,48,63,4939.5
20320006751000,801,392,409,31879.8
20320006752000,1134,488,646,53524.8
20320006753000,174,84,90,7830
20320006754000,419,202,217,18687.4
20320006755000,790,396,394,28440
20320006756000,61,39,22,2250.9
20320006765000,4,2,2,0
20320006803000,1,1,0,0
20320006808000,13,6,7,656.5
20320006829000,11,7,4,365.2
20320006830000,6,4,2,217.8
20320006834000,8,2,6,424
20320006835000,7,3,4,287.7
20320006836000,2,0,2,0
20320006837000,3,3,0,0
20320006838000,5,2,3,245
20320006850000,2,1,1,0
20320006852000,23,11,12,1018.9
20320006878000,1,1,0,0
20320006879000,6,2,4,340.8
20320006880000,65,28,37,2574
20320006881000,72,37,35,3578.4
20320006882000,23,13,10,1198.3
20320006886000,10,5,5,401
20320006887000,17,10,7,861.9
20320006890000,9,5,4,536.4
20320006891000,9,5,4,378.9
20320006896000,41,18,23,1361.2
20320006897000,260,137,123,9542
20320006898000,10,4,6,455
20320006901000,2,1,1,0
20320006906000,13,7,6,513.5
20320006907000,28,16,12,1209.6
20320006911000,15,5,10,787.5
20320006919000,146,68,78,6847.4
20320006920000,43,25,18,1947.9
20320006921000,6,3,3,406.8
20320006925000,27,15,12,1039.5
20320006926000,11,7,4,464.2
20320006929000,15,8,7,721.5
20320006930000,1,1,0,0
20320006932000,3,2,1,0
20320006934000,60,36,24,2430
20320006946000,266,141,125,8964.2
20330006456000,9,5,4,423.9
20330006457000,8,5,3,220.8
20330006459000,3,1,2,0
20330006463000,5,2,3,128
20330006464000,4,2,2,0
20330006465000,7,2,5,240.8
20330006466000,2,1,1,0
20330006467000,29,13,16,748.2
20330006468000,29,18,11,733.7
20330006469000,4,2,2,0
20330006470000,305,142,163,10461.5
20330006471000,843,395,448,37935
20330006472000,68,33,35,2652
20330006473000,33,16,17,1468.5
20330006474000,61,31,30,2025.2
20330006475000,34,19,15,1305.6
20330006476000,10,3,7,317
20330006477000,12,6,6,565.2
20330006479000,9,5,4,228.6
20330006493000,38,21,17,1318.6
20330006494000,13,10,3,527.8
20330006495000,43,22,21,1247
20330006497000,17,7,10,527
20330006498000,2,1,1,0
20330006500000,4,2,2,0
20330006502000,28,12,16,910
20330006503000,32,14,18,883.2
20330006504000,2,1,1,0
20330006507000,15,4,11,577.5
20330006508000,6,3,3,285
20330006513000,13,8,5,486.2
20330006514000,10,7,3,425
20330006515000,12,7,5,537.6
20330006517000,9,4,5,285.3
20330006518000,2,1,1,0
20330006529000,14,6,8,523.6
20330006555000,3,2,1,0
20330006557000,11,7,4,442.2
20330006558000,21,13,8,781.2
20330006559000,14,7,7,599.2
20330006668000,6,4,2,262.2
20330006669000,2,1,1,0
20330006670000,10,6,4,480
20330006698000,5,4,1,137
20330006699000,7,4,3,436.1
20330006703000,14,7,7,754.6
20330006704000,29,13,16,1612.4
20330006705000,10,6,4,390
20330006708000,50,28,22,1995
20330006709000,68,30,38,2774.4
20330006726000,9,6,3,546.3
20330006727000,9,6,3,457.2
20330006739000,1,1,0,0
20330006742000,21,10,11,932.4
20330006743000,1,0,1,0
20330006744000,10,6,4,363
20330006745000,5,2,3,301
20330006746000,7,3,4,137.2
20330006747000,117,58,59,4024.8
20330006751000,46,20,26,2070
20330006752000,258,136,122,10474.8
20330006753000,17,9,8,513.4
20330006754000,141,67,74,5343.9
20330006755000,102,49,53,3621
20330006756000,103,51,52,3862.5
20330006757000,8,4,4,284
20330006768000,2,1,1,0
20330006793000,2,1,1,0
20330006808000,2,1,1,0
20330006830000,18,9,9,592.2
20330006835000,9,3,6,403.2
20330006836000,6,3,3,193.2
20330006838000,7,3,4,224
20330006852000,11,5,6,258.5
20330006853000,4,1,3,0
20330006879000,5,2,3,272
20330006880000,70,38,32,2961
20330006884000,13,7,6,249.6
20330006885000,46,27,19,1476.6
20330006886000,6,3,3,211.8
20330006890000,6,3,3,247.8
20330006896000,46,22,24,1748
20330006897000,79,40,39,2393.7
20330006898000,11,6,5,436.7
20330006905000,36,16,20,1159.2
20330006906000,2,1,1,0
20330006907000,7,4,3,357
20330006908000,20,11,9,654
20330006912000,5,4,1,265
20330006913000,23,12,11,949.9
20330006918000,11,4,7,355.3
20330006919000,39,18,21,1899.3
20330006920000,18,12,6,752.4
20330006924000,56,26,30,1803.2
20330006925000,136,69,67,5603.2
20330006926000,51,26,25,2300.1
20330006929000,3,2,1,0
20330006930000,10,6,4,693
20330006932000,32,17,15,1126.4
20330006933000,115,59,56,5186.5
20330006934000,28,13,15,1355.2
20330006936000,2,1,1,0
20330006940000,4,2,2,0
20330006941000,15,6,9,664.5
20330006942000,31,16,15,1209
20330006943000,34,16,18,1074.4
20330006944000,53,22,31,2294.9
20330006945000,50,21,29,2015
20330006946000,268,141,127,11336.4
20340006456000,9,4,5,358.2
20340006459000,21,12,9,798
20340006460000,27,13,14,942.3
20340006461000,6,3,3,187.2
20340006462000,4,2,2,0
20340006463000,6,3,3,379.8
20340006464000,9,5,4,408.6
20340006465000,4,3,1,0
20340006466000,12,5,7,373.2
20340006467000,3,2,1,0
20340006470000,15,8,7,439.5
20340006471000,275,130,145,9625
20340006472000,356,191,165,13136.4
20340006473000,113,57,56,4101.9
20340006475000,8,3,5,295.2
20340006489000,4,1,3,0
20340006493000,15,8,7,493.5
20340006494000,70,40,30,2548
20340006495000,53,31,22,2257.8
20340006496000,74,38,36,2375.4
20340006497000,18,9,9,577.8
20340006498000,32,20,12,1052.8
20340006499000,27,15,12,1069.2
20340006500000,1,1,0,0
20340006503000,1,0,1,0
20340006507000,6,3,3,457.8
20340006510000,8,3,5,344.8
20340006512000,2,1,1,0
20340006514000,1,1,0,0
20340006515000,24,8,16,969.6
20340006559000,24,9,15,1125.6
20340006701000,19,9,10,841.7
20340006702000,10,7,3,397
20340006703000,3,1,2,0
20340006708000,6,3,3,313.8
20340006709000,57,29,28,2661.9
20340006710000,61,31,30,3233
20340006711000,42,26,16,1873.2
20340006727000,24,9,15,1188
20340006728000,9,4,5,356.4
20340006751000,30,18,12,1545
20340006752000,269,128,141,10222
20340006753000,29,14,15,1209.3
20340006755000,28,14,14,1411.2
20340006757000,50,27,23,2425
20340006758000,25,11,14,1215
20340006767000,19,7,12,841.7
20340006768000,8,5,3,375.2
20340006793000,25,11,14,935
20340006794000,6,2,4,394.2
20340006795000,18,9,9,766.8
20340006807000,1,1,0,0
20340006830000,2,1,1,0
20340006831000,14,6,8,579.6
20340006836000,1,0,1,0
20340006837000,10,6,4,497
20340006839000,9,3,6,336.6
20340006851000,3,2,1,0
20340006853000,56,24,32,2279.2
20340006873000,2,1,1,0
20340006879000,62,30,32,2473.8
20340006880000,62,28,34,2331.2
20340006883000,31,18,13,1184.2
20340006884000,129,66,63,5224.5
20340006885000,20,11,9,838
20340006889000,3,2,1,0
20340006895000,18,9,9,633.6
20340006896000,14,8,6,526.4
20340006897000,15,9,6,541.5
20340006898000,9,6,3,218.7
20340006905000,6,2,4,247.2
20340006906000,9,4,5,424.8
20340006912000,16,8,8,547.2
20340006913000,29,16,13,1168.7
20340006914000,9,5,4,432
20340006918000,4,3,1,0
20340006923000,166,76,90,6357.8
20340006924000,163,87,76,6357
20340006925000,58,33,25,2795.6
20340006926000,25,13,12,865
20340006928000,11,5,6,443.3
20340006930000,45,22,23,1989
20340006937000,5,4,1,250
20340006940000,10,5,5,405
20340006942000,11,7,4,460.9
20340006944000,48,27,21,1958.4
20340006945000,42,21,21,1759.8
20340006946000,33,16,17,1580.7
20340006947000,344,179,165,13209.6
20350006460000,5,2,3,148
20350006461000,51,23,28,1779.9
20350006465000,7,4,3,420
20350006467000,19,12,7,551
20350006468000,4,3,1,0
20350006470000,17,8,9,761.6
20350006471000,5,2,3,138
20350006472000,298,133,165,9029.4
20350006473000,910,425,485,38220
20350006474000,12,5,7,668.4
20350006475000,21,12,9,680.4
20350006476000,10,4,6,294
20350006477000,1,1,0,0
20350006478000,2,2,0,0
20350006482000,1,1,0,0
20350006485000,3,1,2,0
20350006489000,1,1,0,0
20350006494000,23,9,14,740.6
20350006496000,33,16,17,1254
20350006497000,23,16,7,499.1
20350006498000,3,1,2,0
20350006500000,12,6,6,364.8
20350006501000,11,6,5,288.2
20350006506000,2,2,0,0
20350006508000,25,15,10,910
20350006509000,8,5,3,396.8
20350006510000,8,3,5,424
20350006511000,1,1,0,0
20350006512000,19,12,7,619.4
20350006513000,11,3,8,444.4
20350006514000,2,1,1,0
20350006515000,1,0,1,0
20350006530000,12,6,6,615.6
20350006531000,2,1,1,0
20350006559000,3,2,1,0
20350006561000,18,12,6,655.2
20350006562000,7,3,4,240.1
20350006568000,4,3,1,0
20350006648000,1,1,0,0
20350006695000,7,3,4,336.7
20350006703000,33,19,14,1326.6
20350006704000,39,17,22,1747.2
20350006705000,13,7,6,556.4
20350006711000,1,1,0,0
20350006712000,27,16,11,877.5
20350006728000,19,12,7,959.5
20350006729000,10,5,5,471
20350006732000,7,3,4,392.7
20350006749000,8,4,4,303.2
20350006750000,28,14,14,1117.2
20350006751000,69,34,35,2628.9
20350006752000,12,5,7,421.2
20350006753000,128,66,62,4928
20350006754000,9,5,4,245.7
20350006755000,3,2,1,0
20350006756000,19,13,6,989.9
20350006757000,23,12,11,949.9
20350006758000,15,9,6,865.5
20350006759000,9,3,6,372.6
20350006760000,1,1,0,0
20350006762000,5,4,1,286
20350006766000,10,6,4,451
20350006767000,14,8,6,420
20350006770000,5,3,2,154
20350006773000,9,3,6,291.6
20350006774000,15,9,6,819
20350006795000,8,4,4,456.8
20350006796000,9,5,4,365.4
20350006806000,1,1,0,0
20350006839000,17,9,8,758.2
20350006850000,9,3,6,336.6
20350006851000,1,0,1,0
20350006853000,92,54,38,3229.2
20350006854000,19,11,8,929.1
20350006878000,15,7,8,585
20350006879000,47,22,25,1847.1
20350006881000,21,11,10,984.9
20350006882000,87,44,43,3358.2
20350006883000,51,26,25,1938
20350006884000,41,17,24,1500.6
20350006885000,12,5,7,477.6
20350006886000,10,5,5,428
20350006895000,21,13,8,812.7
20350006912000,3,1,2,0
20350006914000,8,5,3,515.2
20350006916000,24,14,10,1053.6
20350006917000,2,1,1,0
20350006920000,5,2,3,198
20350006921000,183,88,95,7118.7
20350006922000,1198,566,632,50795.2
20350006923000,892,435,457,34431.2
20350006925000,5,3,2,239
20350006926000,41,20,21,1594.9
20350006927000,28,15,13,1086.4
20350006928000,53,30,23,2056.4
20350006930000,18,10,8,957.6
20350006934000,1,1,0,0
20350006937000,5,2,3,311
20350006941000,8,5,3,251.2
20350006942000,5,3,2,160
20350006947000,165,83,82,6204
20350006948000,6,3,3,292.2
20350006950000,19,11,8,767.6
20350006951000,5,3,2,131
20350006958000,33,15,18,1039.5
20350006960000,57,29,28,2274.3
20350006961000,102,48,54,4314.6
20360006460000,280,140,140,11228
20360006461000,86,50,36,3474.4
20360006463000,11,6,5,730.4
20360006464000,13,8,5,709.8
20360006466000,8,4,4,292.8
20360006467000,6,3,3,199.2
20360006468000,9,4,5,264.6
20360006469000,2,1,1,0
20360006471000,2,0,2,0
20360006472000,24,13,11,746.4
20360006473000,497,254,243,18041.1
20360006474000,12,6,6,320.4
20360006475000,17,9,8,533.8
20360006477000,7,2,5,308
20360006478000,2,1,1,0
20360006483000,4,3,1,0
20360006489000,5,3,2,204
20360006494000,2,1,1,0
20360006500000,7,5,2,161.7
20360006512000,4,2,2,0
20360006513000,6,3,3,165
20360006563000,25,11,14,990
20360006570000,9,6,3,306
20360006645000,2,1,1,0
20360006706000,85,45,40,3094
20360006707000,53,26,27,1987.5
20360006708000,2,2,0,0
20360006709000,18,7,11,617.4
20360006712000,11,5,6,477.4
20360006713000,175,90,85,6510
20360006714000,42,25,17,1852.2
20360006729000,17,9,8,907.8
20360006749000,19,9,10,771.4
20360006750000,30,14,16,1101
20360006751000,3,2,1,0
20360006753000,69,35,34,2780.7
20360006754000,14,8,6,537.6
20360006755000,14,6,8,383.6
20360006756000,66,38,28,2494.8
20360006757000,38,17,21,1398.4
20360006758000,23,14,9,995.9
20360006759000,10,4,6,354
20360006760000,20,10,10,720
20360006761000,24,12,12,972
20360006762000,9,6,3,488.7
20360006766000,30,13,17,1086
20360006767000,49,23,26,2028.6
20360006768000,55,25,30,2090
20360006772000,21,13,8,886.2
20360006773000,7,2,5,427.7
20360006774000,74,35,39,2960
20360006775000,23,11,12,1069.5
20360006793000,45,21,24,2146.5
20360006794000,8,6,2,327.2
20360006796000,2,1,1,0
20360006798000,6,2,4,436.8
20360006805000,7,4,3,385
20360006831000,4,2,2,0
20360006850000,42,24,18,1759.8
20360006854000,21,12,9,777
20360006855000,3,1,2,0
20360006878000,42,21,21,1734.6
20360006879000,266,132,134,11145.4
20360006880000,138,64,74,6003
20360006881000,158,75,83,6414.8
20360006882000,61,34,27,2281.4
20360006883000,36,19,17,1353.6
20360006886000,21,13,8,947.1
20360006895000,4,2,2,0
20360006914000,17,9,8,499.8
20360006919000,7,3,4,429.1
20360006921000,104,46,58,3556.8
20360006922000,1109,541,568,41033
20360006923000,538,274,264,19798.4
20360006926000,340,159,181,11662
20360006927000,297,156,141,10781.1
20360006929000,44,23,21,1975.6
20360006930000,3,1,2,0
20360006941000,2,1,1,0
20360006942000,6,3,3,202.2
20360006943000,48,31,17,1732.8
20360006944000,1,0,1,0
20360006946000,140,73,67,4550
20360006947000,741,366,375,26750.1
20360006948000,545,244,301,24525
20360006950000,150,77,73,5325
20360006951000,162,83,79,6253.2
20360006952000,13,8,5,650
20360006953000,1,1,0,0
20360006958000,140,63,77,4858
20360006960000,28,13,15,1212.4
20370006460000,136,65,71,4583.2
20370006461000,33,18,15,1293.6
20370006463000,20,11,9,736
20370006466000,19,12,7,741
20370006469000,4,1,3,0
20370006470000,3,2,1,0
20370006471000,8,4,4,314.4
20370006472000,3,2,1,0
20370006473000,24,12,12,931.2
20370006477000,34,18,16,1128.8
20370006480000,2,1,1,0
20370006481000,6,3,3,277.8
20370006483000,3,2,1,0
20370006484000,1,0,1,0
20370006485000,1,1,0,0
20370006511000,4,2,2,0
20370006512000,18,9,9,786.6
20370006518000,7,3,4,291.2
20370006563000,9,7,2,303.3
20370006568000,4,2,2,0
20370006569000,5,3,2,140
20370006570000,3,1,2,0
20370006634000,11,6,5,423.5
20370006635000,2,1,1,0
20370006636000,1,1,0,0
20370006651000,5,4,1,143
20370006707000,9,4,5,406.8
20370006708000,32,18,14,1401.6
20370006709000,82,41,41,3403
20370006710000,41,20,21,1869.6
20370006711000,50,28,22,2325
20370006712000,7,2,5,326.2
20370006714000,7,2,5,440.3
20370006715000,1,1,0,0
20370006717000,9,3,6,387.9
20370006718000,3,1,2,0
20370006728000,5,3,2,260
20370006731000,6,5,1,93
20370006748000,139,68,71,4976.2
20370006749000,450,238,212,13005
20370006750000,190,100,90,6422
20370006751000,126,67,59,4863.6
20370006752000,27,12,15,1134
20370006753000,57,28,29,2023.5
20370006754000,6,4,2,360
20370006755000,91,46,45,3448.9
20370006756000,132,58,74,4765.2
20370006760000,4,2,2,0
20370006761000,13,7,6,516.1
20370006762000,7,5,2,356.3
20370006764000,2,1,1,0
20370006765000,9,5,4,423
20370006766000,33,17,16,1366.2
20370006767000,13,4,9,575.9
20370006768000,96,49,47,3398.4
20370006769000,18,11,7,462.6
20370006771000,6,3,3,175.8
20370006772000,2,1,1,0
20370006775000,39,22,17,1669.2
20370006776000,11,6,5,442.2
20370006791000,12,7,5,669.6
20370006792000,2,2,0,0
20370006793000,2,1,1,0
20370006806000,6,3,3,382.8
20370006850000,4,1,3,0
20370006878000,41,19,22,1553.9
20370006879000,681,339,342,29419.2
20370006880000,411,194,217,16686.6
20370006881000,290,145,145,10353
20370006882000,51,29,22,1948.2
20370006896000,9,5,4,361.8
20370006902000,5,3,2,249
20370006917000,5,3,2,243
20370006918000,2,1,1,0
20370006922000,897,456,441,31215.6
20370006923000,166,80,86,7486.6
20370006926000,522,286,236,19679.4
20370006927000,2,1,1,0
20370006928000,10,6,4,298
20370006929000,211,118,93,6963
20370006939000,2,1,1,0
20370006943000,20,11,9,992
20370006944000,107,53,54,4451.2
20370006946000,286,151,135,10210.2
20370006947000,124,55,69,5257.6
20370006948000,354,184,170,13487.4
20370006949000,4,2,2,0
20370006958000,67,36,31,2566.1
20370006959000,18,9,9,720
20380006460000,4,3,1,0
20380006463000,2,1,1,0
20380006464000,2,1,1,0
20380006468000,11,4,7,310.2
20380006471000,5,3,2,140
20380006472000,18,8,10,363.6
20380006478000,4,3,1,0
20380006479000,21,8,13,879.9
20380006480000,2,2,0,0
20380006481000,6,3,3,160.8
20380006484000,12,9,3,494.4
20380006511000,6,4,2,132
20380006569000,1,1,0,0
20380006570000,8,2,6,108.8
20380006633000,2,1,1,0
20380006634000,10,4,6,345
20380006637000,1,1,0,0
20380006640000,79,45,34,3286.4
20380006656000,2,1,1,0
20380006659000,13,7,6,468
20380006677000,1,1,0,0
20380006718000,25,12,13,1272.5
20380006719000,48,22,26,2064
20380006720000,31,14,17,1636.8
20380006728000,3,1,2,0
20380006743000,4,3,1,0
20380006747000,22,15,7,1155
20380006748000,82,32,50,2673.2
20380006749000,122,63,59,4196.8
20380006750000,30,17,13,1269
20380006753000,1,1,0,0
20380006754000,13,6,7,461.5
20380006755000,34,20,14,1268.2
20380006768000,6,3,3,220.8
20380006769000,113,59,54,3785.5
20380006776000,9,3,6,475.2
20380006777000,2,0,2,0
20380006806000,1,1,0,0
20380006839000,3,2,1,0
20380006852000,7,3,4,352.8
20380006878000,53,27,26,2326.7
20380006879000,297,136,161,12622.5
20380006880000,3,1,2,0
20380006889000,27,14,13,1090.8
20380006916000,2,1,1,0
20380006917000,25,12,13,1060
20380006920000,3,1,2,0
20380006921000,36,26,10,1400.4
20380006922000,685,338,347,23564
20380006926000,461,235,226,15720.1
20380006927000,41,21,20,1471.9
20380006928000,596,284,312,23422.8
20380006929000,31,18,13,1395
20380006938000,52,27,25,2438.8
20380006939000,169,85,84,7030.4
20380006944000,178,86,92,6123.2
20380006945000,355,196,159,12744.5
20380006946000,52,22,30,2314
20380006958000,107,48,59,4354.9
20380006959000,346,168,178,13563.2
20390006461000,85,41,44,2805
20390006462000,7,4,3,343.7
20390006464000,10,7,3,365
20390006465000,11,5,6,565.4
20390006468000,1,1,0,0
20390006471000,10,6,4,223
20390006472000,5,2,3,136
20390006479000,9,5,4,196.2
20390006480000,13,5,8,353.6
20390006481000,6,4,2,285
20390006483000,1,1,0,0
20390006569000,2,1,1,0
20390006640000,45,20,25,1737
20390006641000,21,10,11,865.2
20390006651000,1,1,0,0
20390006652000,2,1,1,0
20390006659000,36,17,19,1476
20390006676000,1,1,0,0
20390006714000,26,13,13,956.8
20390006715000,90,48,42,3330
20390006716000,72,32,40,3081.6
20390006717000,11,6,5,335.5
20390006720000,5,1,4,67
20390006721000,46,24,22,1991.8
20390006722000,58,35,23,2122.8
20390006723000,2,2,0,0
20390006727000,50,21,29,2225
20390006728000,69,27,42,3436.2
20390006733000,19,8,11,1109.6
20390006747000,7,4,3,291.2
20390006748000,28,12,16,1134
20390006749000,4,2,2,0
20390006753000,1,1,0,0
20390006769000,51,30,21,1723.8
20390006776000,13,8,5,611
20390006777000,2,1,1,0
20390006778000,1,1,0,0
20390006840000,9,4,5,379.8
20390006850000,3,1,2,0
20390006851000,2,1,1,0
20390006852000,2,1,1,0
20390006853000,3,2,1,0
20390006877000,5,3,2,192
20390006878000,5,2,3,104
20390006889000,18,12,6,597.6
20390006890000,17,10,7,853.4
20390006896000,3,2,1,0
20390006897000,9,5,4,396
20390006916000,26,13,13,941.2
20390006917000,13,6,7,369.2
20390006922000,53,25,28,2157.1
20390006926000,239,106,133,8460.6
20390006927000,419,209,210,17723.7
20390006928000,1586,757,829,66770.6
20390006929000,103,47,56,4367.2
20390006938000,42,24,18,1558.2
20390006939000,182,94,88,7098
20390006940000,34,18,16,1594.6
20390006944000,26,11,15,1177.8
20390006945000,158,80,78,6146.2
20390006958000,11,7,4,507.1
20390006959000,125,60,65,4637.5
20390006960000,5,4,1,273
20390006961000,56,23,33,2088.8
20390006962000,403,212,191,14749.8
20390006966000,75,58,17,2910
20390006967000,2,1,1,0
20400006460000,270,143,127,8397
20400006461000,28,17,11,1078
20400006462000,5,3,2,205
20400006466000,24,13,11,986.4
20400006467000,7,4,3,301
20400006468000,10,6,4,476
20400006470000,11,6,5,328.9
20400006471000,7,5,2,268.1
20400006473000,13,7,6,378.3
20400006474000,6,3,3,346.2
20400006476000,2,1,1,0
20400006480000,19,9,10,522.5
20400006481000,25,8,17,1062.5
20400006482000,1,1,0,0
20400006502000,2,1,1,0
20400006513000,1,1,0,0
20400006516000,1,1,0,0
20400006529000,2,2,0,0
20400006640000,7,4,3,242.9
20400006658000,14,6,8,448
20400006660000,4,2,2,0
20400006716000,298,162,136,11800.8
20400006717000,130,65,65,5200
20400006718000,47,21,26,2345.3
20400006719000,6,2,4,237
20400006720000,3,2,1,0
20400006722000,29,14,15,1278.9
20400006723000,39,18,21,1930.5
20400006724000,18,7,11,487.8
20400006725000,1,0,1,0
20400006726000,6,1,5,234
20400006727000,8,5,3,276.8
20400006730000,9,4,5,406.8
20400006744000,3,1,2,0
20400006747000,11,4,7,473
20400006748000,40,20,20,1524
20400006755000,1,1,0,0
20400006756000,12,6,6,624
20400006757000,1,0,1,0
20400006769000,4,3,1,0
20400006801000,3,2,1,0
20400006805000,2,2,0,0
20400006839000,19,8,11,729.6
20400006840000,23,13,10,908.5
20400006850000,2,1,1,0
20400006851000,14,6,8,814.8
20400006853000,10,6,4,467
20400006854000,21,11,10,795.9
20400006855000,26,15,11,1193.4
20400006877000,21,8,13,749.7
20400006889000,3,1,2,0
20400006897000,8,3,5,364
20400006898000,3,2,1,0
20400006900000,7,4,3,226.8
20400006914000,7,6,1,301
20400006916000,28,13,15,1265.6
20400006922000,13,9,4,514.8
20400006925000,14,6,8,691.6
20400006926000,88,46,42,3352.8
20400006927000,762,380,382,24612.6
20400006928000,958,477,481,37936.8
20400006937000,9,6,3,539.1
20400006938000,26,16,10,949
20400006944000,6,4,2,337.8
20400006945000,1,0,1,0
20400006961000,54,30,24,2413.8
20400006962000,192,92,100,7660.8
20400006963000,10,6,4,296
20400006966000,72,35,37,2520
20400006967000,190,102,88,6935
20400006968000,86,51,35,3397
20410006458000,17,8,9,982.6
20410006459000,62,31,31,2566.8
20410006460000,27,13,14,920.7
20410006461000,14,6,8,477.4
20410006462000,7,4,3,168
20410006463000,2,1,1,0
20410006464000,4,2,2,0
20410006467000,12,6,6,411.6
20410006470000,2,1,1,0
20410006473000,9,5,4,326.7
20410006474000,6,3,3,208.8
20410006475000,1,1,0,0
20410006478000,1,0,1,0
20410006481000,27,13,14,645.3
20410006482000,133,73,60,4109.7
20410006483000,14,7,7,449.4
20410006512000,39,19,20,1583.4
20410006513000,41,23,18,1656.4
20410006515000,15,8,7,742.5
20410006516000,17,10,7,606.9
20410006627000,2,1,1,0
20410006658000,14,7,7,308
20410006659000,8,3,5,320.8
20410006660000,51,25,26,1897.2
20410006661000,10,5,5,396
20410006720000,48,28,20,2059.2
20410006721000,22,11,11,968
20410006724000,2,2,0,0
20410006725000,19,9,10,1067.8
20410006730000,4,2,2,0
20410006734000,27,12,15,1271.7
20410006735000,37,20,17,1476.3
20410006736000,17,11,6,567.8
20410006756000,46,26,20,1660.6
20410006758000,5,2,3,345
20410006767000,10,5,5,379
20410006768000,118,49,69,5723
20410006769000,61,34,27,2635.2
20410006801000,1,0,1,0
20410006806000,16,9,7,716.8
20410006807000,10,5,5,418
20410006839000,13,6,7,542.1
20410006851000,6,3,3,354
20410006852000,7,4,3,280
20410006854000,52,30,22,2319.2
20410006855000,47,23,24,1757.8
20410006876000,9,5,4,340.2
20410006897000,23,10,13,894.7
20410006898000,7,3,4,310.1
20410006912000,13,6,7,553.8
20410006913000,27,13,14,1093.5
20410006924000,10,5,5,325
20410006925000,17,9,8,870.4
20410006926000,40,17,23,1692
20410006927000,57,35,22,1504.8
20410006928000,64,35,29,2150.4
20410006929000,3,2,1,0
20410006936000,16,10,6,612.8
20410006937000,40,20,20,1688
20410006941000,90,38,52,4815
20410006956000,88,47,41,3247.2
20410006966000,48,22,26,2097.6
20410006967000,72,28,44,3081.6
20410006968000,65,29,36,3003
20420006460000,14,10,4,558.6
20420006461000,11,7,4,378.4
20420006463000,4,3,1,0
20420006466000,2,2,0,0
20420006467000,11,5,6,355.3
20420006468000,7,5,2,184.1
20420006471000,1,0,1,0
20420006472000,7,3,4,182
20420006474000,9,4,5,205.2
20420006475000,14,5,9,278.6
20420006479000,1,0,1,0
20420006482000,5,2,3,91
20420006483000,8,5,3,230.4
20420006484000,32,15,17,1340.8
20420006486000,14,7,7,565.6
20420006487000,15,6,9,660
20420006511000,19,9,10,575.7
20420006512000,6,4,2,163.2
20420006640000,10,5,5,460
20420006641000,1,0,1,0
20420006660000,51,24,27,2677.5
20420006661000,255,124,131,11781
20420006721000,21,10,11,978.6
20420006722000,91,50,41,3885.7
20420006723000,16,10,6,654.4
20420006733000,8,4,4,387.2
20420006734000,8,4,4,436
20420006735000,2,1,1,0
20420006746000,16,9,7,694.4
20420006755000,5,4,1,232
20420006756000,30,13,17,1317
20420006767000,4,2,2,0
20420006768000,6,4,2,396
20420006769000,46,24,22,2198.8
20420006790000,3,2,1,0
20420006806000,3,2,1,0
20420006807000,10,5,5,372
20420006839000,7,3,4,251.3
20420006855000,43,22,21,1737.2
20420006877000,4,2,2,0
20420006897000,4,2,2,0
20420006913000,21,12,9,993.3
20420006915000,1,1,0,0
20420006916000,14,8,6,407.4
20420006922000,3,1,2,0
20420006924000,17,9,8,977.5
20420006925000,122,63,59,4221.2
20420006926000,22,10,12,1045
20420006935000,1,1,0,0
20420006936000,8,5,3,475.2
20420006940000,15,9,6,577.5
20420006941000,84,45,39,3964.8
20420006949000,19,10,9,742.9
20420006956000,644,318,326,23184
20420006957000,1165,590,575,47299
20420006958000,217,106,111,8549.8
20420006961000,444,228,216,15451.2
20420006962000,74,31,43,2523.4
20420006967000,57,31,26,2012.1
20420006968000,130,60,70,6526
20420006969000,9,5,4,243
20420006970000,20,12,8,926
20430006458000,1,1,0,0
20430006459000,7,5,2,389.2
20430006460000,18,9,9,824.4
20430006466000,30,18,12,1308
20430006468000,1,1,0,0
20430006472000,3,1,2,0
20430006482000,4,2,2,0
20430006484000,25,16,9,892.5
20430006487000,2,1,1,0
20430006499000,10,7,3,460
20430006500000,9,6,3,442.8
20430006501000,15,9,6,460.5
20430006502000,5,1,4,202
20430006509000,3,2,1,0
20430006511000,29,15,14,1061.4
20430006512000,6,3,3,213
20430006661000,23,8,15,920
20430006722000,5,4,1,385
20430006728000,6,4,2,274.8
20430006735000,1,0,1,0
20430006745000,11,6,5,433.4
20430006746000,7,4,3,322.7
20430006747000,1,1,0,0
20430006756000,37,24,13,1498.5
20430006757000,1,1,0,0
20430006768000,18,10,8,714.6
20430006769000,19,8,11,735.3
20430006797000,6,3,3,289.8
20430006798000,18,9,9,867.6
20430006799000,23,14,9,1113.2
20430006802000,1,0,1,0
20430006816000,10,6,4,550
20430006839000,11,6,5,463.1
20430006851000,4,3,1,0
20430006855000,10,5,5,687
20430006863000,8,3,5,236
20430006889000,17,10,7,841.5
20430006890000,5,3,2,229
20430006895000,6,2,4,162
20430006898000,8,5,3,408
20430006915000,6,4,2,343.2
20430006922000,48,27,21,1963.2
20430006923000,92,47,45,3937.6
20430006924000,68,36,32,3134.8
20430006925000,49,24,25,1337.7
20430006926000,22,10,12,668.8
20430006949000,29,17,12,1252.8
20430006950000,1,1,0,0
20430006956000,335,162,173,12462
20430006957000,929,475,454,36045.2
20430006958000,381,199,182,16878.3
20430006960000,146,69,77,4818
20430006961000,871,433,438,33707.7
20430006962000,396,193,203,13147.2
20430006964000,100,48,52,3420
20430006968000,47,24,23,1889.4
20430006970000,192,103,89,7200
20440006460000,87,44,43,3105.9
20440006461000,27,16,11,1220.4
20440006462000,12,6,6,500.4
20440006463000,6,4,2,211.8
20440006464000,4,3,1,0
20440006465000,19,10,9,974.7
20440006466000,5,2,3,211
20440006489000,6,4,2,448.2
20440006490000,1,0,1,0
20440006491000,63,27,36,2318.4
20440006492000,61,30,31,2818.2
20440006494000,2,1,1,0
20440006497000,3,2,1,0
20440006498000,16,10,6,747.2
20440006499000,4,2,2,0
20440006500000,16,10,6,696
20440006501000,2,1,1,0
20440006502000,5,2,3,274
20440006503000,3,2,1,0
20440006508000,1,1,0,0
20440006510000,72,40,32,2714.4
20440006511000,30,15,15,1074
20440006515000,2,1,1,0
20440006661000,7,5,2,128.8
20440006664000,4,2,2,0
20440006720000,3,2,1,0
20440006721000,493,220,273,21100.4
20440006722000,3,2,1,0
20440006739000,2,1,1,0
20440006743000,3,2,1,0
20440006744000,16,10,6,712
20440006745000,32,17,15,1459.2
20440006746000,5,3,2,264
20440006756000,2,1,1,0
20440006768000,17,8,9,538.9
20440006769000,12,7,5,536.4
20440006770000,4,1,3,0
20440006798000,19,11,8,737.2
20440006799000,51,29,22,2366.4
20440006800000,24,15,9,904.8
20440006803000,10,2,8,385
20440006807000,10,6,4,230
20440006813000,2,0,2,0
20440006816000,12,6,6,489.6
20440006817000,4,2,2,0
20440006840000,14,7,7,625.8
20440006851000,3,1,2,0
20440006853000,5,3,2,262
20440006855000,31,14,17,1488
20440006867000,43,24,19,1646.9
20440006869000,6,2,4,232.2
20440006870000,29,16,13,1157.1
20440006877000,2,1,1,0
20440006889000,71,40,31,2896.8
20440006890000,55,33,22,2095.5
20440006895000,11,4,7,445.5
20440006898000,11,6,5,475.2
20440006901000,2,1,1,0
20440006912000,15,6,9,594
20440006914000,1,1,0,0
20440006920000,1,1,0,0
20440006921000,63,31,32,2816.1
20440006922000,5,3,2,334
20440006923000,47,22,25,1649.7
20440006925000,8,4,4,492.8
20440006926000,41,22,19,1742.5
20440006927000,12,4,8,393.6
20440006949000,12,7,5,550.8
20440006954000,56,29,27,2195.2
20440006956000,770,393,377,27258
20440006957000,918,511,407,39933
20440006958000,1286,695,591,49125.2
20440006961000,341,167,174,12310.1
20440006962000,603,319,284,20321.1
20440006963000,510,258,252,17952
20440006964000,13,9,4,613.6
20440006965000,34,19,15,1649
20440006966000,6,4,2,274.2
20440006967000,51,32,19,1728.9
20440006968000,60,32,28,2418
20440006969000,65,34,31,2886
20440006970000,446,229,217,16635.8
20440006971000,2,1,1,0
20450006458000,12,6,6,566.4
20450006460000,60,26,34,1998
20450006461000,33,19,14,1359.6
20450006462000,106,54,52,4187
20450006463000,1,0,1,0
20450006464000,19,10,9,786.6
20450006465000,10,4,6,349
20450006468000,7,3,4,352.1
20450006478000,4,3,1,0
20450006492000,7,4,3,167.3
20450006493000,11,7,4,295.9
20450006494000,5,2,3,134
20450006495000,47,21,26,1978.7
20450006496000,103,53,50,4089.1
20450006497000,97,59,38,3268.9
20450006506000,4,1,3,0
20450006507000,52,27,25,1757.6
20450006508000,52,25,27,1726.4
20450006509000,64,35,29,2528
20450006510000,4,0,4,0
20450006639000,6,3,3,85.2
20450006640000,20,12,8,898
20450006663000,2,1,1,0
20450006720000,1,0,1,0
20450006721000,32,16,16,1161.6
20450006725000,9,7,2,243
20450006726000,1,0,1,0
20450006737000,2,1,1,0
20450006738000,12,5,7,549.6
20450006739000,9,6,3,405
20450006740000,8,5,3,432
20450006741000,2,1,1,0
20450006742000,7,4,3,314.3
20450006743000,33,17,16,1164.9
20450006744000,21,11,10,984.9
20450006746000,6,4,2,183
20450006756000,3,2,1,0
20450006769000,4,2,2,0
20450006770000,12,8,4,492
20450006794000,1,1,0,0
20450006795000,20,10,10,858
20450006796000,7,4,3,282.8
20450006799000,57,28,29,2143.2
20450006800000,76,36,40,3397.2
20450006801000,45,22,23,1845
20450006803000,4,2,2,0
20450006807000,5,3,2,103
20450006808000,1,1,0,0
20450006809000,7,4,3,298.2
20450006810000,4,3,1,0
20450006811000,13,7,6,746.2
20450006812000,6,3,3,390
20450006813000,137,72,65,4753.9
20450006814000,356,177,179,14738.4
20450006815000,294,137,157,11936.4
20450006816000,12,7,5,434.4
20450006822000,14,7,7,438.2
20450006823000,8,4,4,460
20450006851000,3,2,1,0
20450006853000,17,11,6,729.3
20450006876000,12,7,5,590.4
20450006877000,6,4,2,243
20450006885000,3,3,0,0
20450006889000,17,8,9,508.3
20450006899000,3,2,1,0
20450006911000,4,2,2,0
20450006912000,14,8,6,627.2
20450006913000,2,1,1,0
20450006914000,1,1,0,0
20450006920000,49,26,23,1950.2
20450006921000,28,16,12,1248.8
20450006926000,28,19,9,1218
20450006927000,28,16,12,1159.2
20450006928000,14,10,4,491.4
20450006929000,9,4,5,344.7
20450006942000,8,4,4,223.2
20450006943000,33,13,20,1277.1
20450006953000,500,247,253,17500
20450006954000,196,100,96,7742
20450006956000,293,154,139,10841
20450006957000,1462,794,668,56871.8
20450006958000,1362,753,609,52981.8
20450006970000,162,84,78,5783.4
20460006458000,15,10,5,546
20460006459000,14,8,6,575.4
20460006461000,5,3,2,243
20460006462000,34,18,16,1485.8
20460006463000,451,199,252,18445.9
20460006464000,609,304,305,23994.6
20460006465000,3,2,1,0
20460006467000,14,9,5,421.4
20460006470000,2,1,1,0
20460006493000,13,4,9,260
20460006494000,4,3,1,0
20460006496000,10,6,4,544
20460006497000,2,1,1,0
20460006498000,8,4,4,356
20460006499000,10,4,6,311
20460006500000,2,2,0,0
20460006505000,1,1,0,0
20460006507000,5,2,3,97
20460006508000,135,73,62,4212
20460006727000,23,12,11,726.8
20460006731000,2,1,1,0
20460006737000,33,16,17,1125.3
20460006738000,337,154,183,14828
20460006739000,9,5,4,315.9
20460006740000,14,8,6,488.6
20460006742000,20,11,9,1058
20460006755000,14,10,4,585.2
20460006756000,6,2,4,255
20460006769000,40,21,19,1428
20460006770000,28,14,14,1055.6
20460006795000,9,8,1,444.6
20460006796000,4,2,2,0
20460006799000,29,16,13,1351.4
20460006800000,252,130,122,9576
20460006801000,726,350,376,33468.6
20460006802000,15,6,9,516
20460006815000,58,27,31,2505.6
20460006816000,14,8,6,631.4
20460006821000,1,1,0,0
20460006822000,11,6,5,324.5
20460006853000,22,11,11,1095.6
20460006855000,15,8,7,717
20460006867000,7,4,3,284.9
20460006873000,7,4,3,403.2
20460006874000,18,10,8,691.2
20460006875000,252,121,131,9374.4
20460006878000,1,1,0,0
20460006883000,3,1,2,0
20460006884000,37,20,17,1761.2
20460006889000,5,2,3,171
20460006891000,10,4,6,451
20460006902000,6,4,2,132
20460006910000,9,5,4,405
20460006911000,11,6,5,524.7
20460006913000,3,2,1,0
20460006914000,3,1,2,0
20460006915000,1,1,0,0
20460006920000,24,14,10,1060.8
20460006928000,10,4,6,491
20460006929000,37,21,16,1798.2
20460006930000,7,2,5,125.3
20460006944000,2,1,1,0
20460006949000,2,1,1,0
20460006953000,544,272,272,19040
20460006954000,1018,502,516,44792
20460006957000,1886,922,964,84304.2
20460006958000,310,150,160,11005
20460006959000,6,2,4,138
20470006458000,1,0,1,0
20470006461000,6,3,3,121.2
20470006462000,1,1,0,0
20470006463000,119,62,57,4557.7
20470006464000,262,123,139,11554.2
20470006465000,62,29,33,2486.2
20470006466000,14,6,8,602
20470006467000,4,3,1,0
20470006471000,3,3,0,0
20470006473000,2,1,1,0
20470006475000,5,3,2,260
20470006476000,10,4,6,468
20470006486000,1,0,1,0
20470006487000,5,2,3,143
20470006498000,48,25,23,1584
20470006499000,8,5,3,316.8
20470006502000,8,5,3,328
20470006503000,1,1,0,0
20470006504000,14,6,8,631.4
20470006505000,10,6,4,401
20470006506000,195,111,84,7800
20470006507000,42,18,24,1692.6
20470006508000,6,2,4,177
20470006718000,3,2,1,0
20470006730000,2,1,1,0
20470006731000,33,19,14,1221
20470006732000,5,3,2,343
20470006738000,34,17,17,1336.2
20470006739000,32,19,13,1488
20470006740000,14,9,5,670.6
20470006741000,22,11,11,1042.8
20470006742000,77,46,31,2902.9
20470006743000,6,2,4,217.2
20470006755000,1,0,1,0
20470006769000,5,3,2,179
20470006770000,59,31,28,2047.3
20470006796000,19,9,10,761.9
20470006797000,17,8,9,491.3
20470006798000,5,3,2,181
20470006799000,61,30,31,2043.5
20470006800000,143,74,69,6377.8
20470006801000,62,32,30,2517.2
20470006802000,1,1,0,0
20470006815000,3,1,2,0
20470006816000,65,31,34,2580.5
20470006820000,17,11,6,681.7
20470006821000,4,2,2,0
20470006822000,19,8,11,788.5
20470006823000,4,1,3,0
20470006852000,13,8,5,486.2
20470006853000,17,10,7,875.5
20470006854000,12,6,6,333.6
20470006855000,12,7,5,586.8
20470006861000,26,13,13,1001
20470006867000,50,20,30,2170
20470006873000,11,4,7,338.8
20470006874000,107,50,57,4761.5
20470006875000,66,38,28,2864.4
20470006886000,8,4,4,256.8
20470006887000,6,3,3,265.8
20470006896000,6,3,3,235.8
20470006898000,6,3,3,135
20470006909000,6,4,2,172.8
20470006910000,28,15,13,1083.6
20470006911000,68,33,35,3094
20470006919000,35,17,18,1232
20470006920000,5,3,2,158
20470006921000,1,1,0,0
20470006929000,4,1,3,0
20470006930000,27,16,11,942.3
20470006949000,5,3,2,215
20470006953000,191,93,98,6876
20470006954000,967,475,492,36359.2
20470006955000,113,59,54,4327.9
20470006957000,1190,565,625,52003
20470006959000,84,39,45,3007.2
20470006960000,406,211,195,13073.2
20470006973000,16,9,7,884.8
20480006455000,1,1,0,0
20480006456000,6,4,2,216
20480006458000,55,24,31,2266
20480006461000,37,19,18,1335.7
20480006462000,64,29,35,2291.2
20480006464000,3,1,2,0
20480006465000,67,36,31,2371.8
20480006466000,18,9,9,637.2
20480006467000,6,4,2,174
20480006469000,2,1,1,0
20480006470000,7,4,3,373.8
20480006473000,11,4,7,350.9
20480006477000,4,1,3,0
20480006478000,4,2,2,0
20480006480000,6,3,3,259.8
20480006482000,1,1,0,0
20480006485000,5,3,2,208
20480006493000,11,7,4,389.4
20480006497000,3,1,2,0
20480006498000,4,2,2,0
20480006500000,7,4,3,356.3
20480006503000,4,2,2,0
20480006504000,39,15,24,1251.9
20480006728000,19,8,11,877.8
20480006732000,10,6,4,367
20480006739000,5,3,2,66
20480006741000,4,2,2,0
20480006768000,21,10,11,863.1
20480006770000,9,6,3,500.4
20480006771000,5,2,3,272
20480006772000,10,5,5,412
20480006773000,8,5,3,334.4
20480006797000,54,27,27,2592
20480006798000,1,0,1,0
20480006805000,9,3,6,414
20480006806000,9,5,4,486.9
20480006820000,3,2,1,0
20480006825000,14,7,7,432.6
20480006826000,2,1,1,0
20480006851000,8,2,6,320
20480006852000,5,2,3,154
20480006855000,242,117,125,9171.8
20480006856000,207,105,102,8424.9
20480006861000,6,1,5,201
20480006873000,2,1,1,0
20480006874000,32,17,15,1600
20480006875000,33,19,14,1049.4
20480006877000,1,1,0,0
20480006878000,2,0,2,0
20480006883000,5,2,3,314
20480006885000,6,3,3,240
20480006886000,11,7,4,446.6
20480006896000,1,1,0,0
20480006903000,14,10,4,476
20480006910000,3,2,1,0
20480006911000,1,1,0,0
20480006920000,4,1,3,0
20480006921000,9,4,5,317.7
20480006922000,9,5,4,394.2
20480006930000,4,3,1,0
20480006932000,2,1,1,0
20480006942000,6,3,3,154.8
20480006943000,16,7,9,758.4
20480006944000,127,65,62,5054.6
20480006949000,22,13,9,981.2
20480006950000,37,19,18,1461.5
20480006951000,2,1,1,0
20480006953000,212,107,105,9031.2
20480006954000,474,241,233,17395.8
20480006956000,54,21,33,2970
20480006957000,1202,625,577,49161.8
20480006960000,103,47,56,3357.8
20480006963000,13,7,6,609.7
20480006964000,5,2,3,291
20480006972000,6,3,3,375
20480006975000,12,5,7,771.6
20480006978000,3,2,1,0
20490006454000,1,1,0,0
20490006456000,2,1,1,0
20490006457000,12,7,5,573.6
20490006458000,75,33,42,2640
20490006459000,25,13,12,1182.5
20490006460000,4,2,2,0
20490006461000,21,9,12,758.1
20490006462000,23,13,10,1018.9
20490006465000,18,11,7,592.2
20490006466000,37,18,19,1613.2
20490006467000,107,53,54,4066
20490006468000,104,52,52,3910.4
20490006471000,6,3,3,228
20490006476000,5,1,4,114
20490006479000,9,6,3,419.4
20490006480000,2,1,1,0
20490006481000,10,6,4,472
20490006484000,8,5,3,216.8
20490006491000,3,1,2,0
20490006492000,8,3,5,288
20490006493000,17,9,8,501.5
20490006494000,1,1,0,0
20490006496000,2,1,1,0
20490006501000,1,1,0,0
20490006503000,6,4,2,310.2
20490006504000,5,4,1,72
20490006729000,28,11,17,1209.6
20490006740000,2,0,2,0
20490006755000,20,9,11,1064
20490006756000,1,0,1,0
20490006771000,9,5,4,519.3
20490006773000,12,8,4,482.4
20490006796000,10,4,6,605
20490006806000,12,8,4,489.6
20490006807000,11,5,6,551.1
20490006815000,2,1,1,0
20490006820000,4,2,2,0
20490006825000,1,0,1,0
20490006826000,4,2,2,0
20490006827000,15,9,6,622.5
20490006828000,14,7,7,572.6
20490006829000,12,5,7,644.4
20490006856000,13,6,7,859.3
20490006857000,42,21,21,1461.6
20490006858000,10,5,5,501
20490006873000,11,6,5,420.2
20490006874000,33,19,14,1442.1
20490006875000,25,12,13,1175
20490006877000,1,1,0,0
20490006885000,9,5,4,442.8
20490006886000,1,1,0,0
20490006896000,3,2,1,0
20490006900000,10,6,4,369
20490006911000,12,6,6,348
20490006921000,2,1,1,0
20490006922000,35,13,22,1330
20490006941000,2,1,1,0
20490006943000,32,19,13,1452.8
20490006944000,85,43,42,3740
20490006949000,11,6,5,444.4
20490006950000,157,84,73,5243.8
20490006951000,168,88,80,6367.2
20490006953000,205,109,96,7974.5
20490006955000,280,122,158,12068
20490006956000,642,321,321,21699.6
20490006957000,1418,666,752,58563.4
20490006958000,55,31,24,1798.5
20490006960000,47,24,23,1673.2
20490006961000,22,10,12,631.4
20490006972000,106,59,47,5003.2
20490006973000,62,27,35,3075.2
20490006974000,17,7,10,470.9
20490006975000,13,6,7,780
20490006977000,8,4,4,403.2
20490006978000,20,11,9,846
20490006980000,10,3,7,485
20500006456000,29,13,16,1049.8
20500006457000,4,2,2,0
20500006458000,37,19,18,932.4
20500006459000,37,22,15,1295
20500006461000,3,2,1,0
20500006463000,3,1,2,0
20500006465000,7,2,5,263.2
20500006466000,1,1,0,0
20500006468000,29,14,15,910.6
20500006472000,2,2,0,0
20500006473000,21,9,12,1031.1
20500006474000,5,3,2,288
20500006475000,32,20,12,1142.4
20500006476000,103,55,48,3697.7
20500006477000,5,3,2,280
20500006478000,49,21,28,2249.1
20500006479000,14,6,8,344.4
20500006482000,2,1,1,0
20500006483000,8,5,3,339.2
20500006486000,3,2,1,0
20500006499000,1,1,0,0
20500006513000,5,3,2,92
20500006734000,12,4,8,481.2
20500006744000,5,3,2,165
20500006754000,2,1,1,0
20500006755000,5,3,2,109
20500006795000,5,3,2,206
20500006808000,54,28,26,2030.4
20500006809000,92,47,45,3302.8
20500006810000,26,13,13,1336.4
20500006814000,4,2,2,0
20500006817000,2,1,1,0
20500006858000,25,12,13,1050
20500006859000,22,16,6,750.2
20500006873000,13,7,6,509.6
20500006874000,38,22,16,1432.6
20500006875000,10,5,5,301
20500006885000,5,1,4,104
20500006896000,20,11,9,886
20500006897000,2,1,1,0
20500006900000,3,1,2,0
20500006907000,13,6,7,737.1
20500006909000,5,3,2,248
20500006910000,28,14,14,1274
20500006911000,1,0,1,0
20500006921000,5,2,3,253
20500006922000,23,14,9,995.9
20500006923000,10,7,3,511
20500006930000,6,5,1,130.8
20500006931000,1,1,0,0
20500006951000,214,104,110,8581.4
20500006952000,736,378,358,25097.6
20500006953000,480,250,230,18960
20500006954000,30,14,16,1098
20500006955000,740,341,399,30932
20500006956000,1033,534,499,34915.4
20500006957000,391,201,190,13802.3
20500006959000,129,67,62,4850.4
20500006960000,9,3,6,461.7
20500006961000,66,32,34,2547.6
20500006967000,5,1,4,150
20500006972000,8,5,3,360.8
20500006973000,90,44,46,4050
20500006974000,10,7,3,500
20500006977000,44,27,17,2301.2
20500006980000,23,10,13,908.5
20510006455000,22,11,11,785.4
20510006456000,77,39,38,3326.4
20510006457000,6,3,3,223.8
20510006459000,47,24,23,1969.3
20510006460000,15,5,10,796.5
20510006461000,88,45,43,2745.6
20510006463000,12,6,6,526.8
20510006466000,8,4,4,255.2
20510006469000,7,5,2,172.2
20510006471000,12,7,5,568.8
20510006472000,33,16,17,1062.6
20510006473000,14,6,8,771.4
20510006474000,4,2,2,0
20510006475000,20,12,8,758
20510006480000,1,1,0,0
20510006481000,2,1,1,0
20510006482000,54,26,28,1787.4
20510006483000,19,10,9,731.5
20510006491000,3,3,0,0
20510006493000,21,11,10,835.8
20510006499000,2,1,1,0
20510006504000,6,3,3,274.2
20510006731000,9,4,5,375.3
20510006733000,4,3,1,0
20510006745000,6,3,3,196.8
20510006754000,5,3,2,230
20510006777000,17,9,8,683.4
20510006778000,4,2,2,0
20510006780000,5,3,2,160
20510006809000,51,22,29,2295
20510006810000,93,45,48,3069
20510006811000,2,1,1,0
20510006814000,1,1,0,0
20510006815000,1,1,0,0
20510006859000,44,22,22,1636.8
20510006860000,17,8,9,605.2
20510006873000,29,14,15,1026.6
20510006874000,31,14,17,1159.4
20510006875000,33,16,17,1372.8
20510006881000,3,2,1,0
20510006885000,98,49,49,3459.4
20510006886000,33,15,18,1508.1
20510006896000,15,7,8,841.5
20510006897000,4,2,2,0
20510006907000,3,3,0,0
20510006908000,23,11,12,945.3
20510006909000,10,7,3,394
20510006923000,15,8,7,549
20510006924000,24,14,10,751.2
20510006951000,350,171,179,11200
20510006952000,87,42,45,3114.6
20510006953000,94,48,46,3421.6
20510006954000,22,11,11,1084.6
20510006955000,968,505,463,34944.8
20510006956000,652,326,326,21842
20510006959000,73,41,32,2912.7
20510006961000,3,2,1,0
20510006963000,33,16,17,1326.6
20510006964000,7,4,3,256.9
20510006966000,229,127,102,6366.2
20510006967000,1,0,1,0
20510006969000,3,1,2,0
20510006976000,25,13,12,1160
20510006977000,11,6,5,641.3
20520006455000,23,10,13,1357
20520006456000,371,187,184,14802.9
20520006457000,435,213,222,17835
20520006458000,182,97,85,5314.4
20520006459000,58,27,31,2099.6
20520006460000,3,2,1,0
20520006462000,15,8,7,456
20520006464000,8,4,4,411.2
20520006465000,2,1,1,0
20520006466000,12,8,4,348
20520006467000,5,2,3,245
20520006469000,7,4,3,284.9
20520006473000,7,3,4,345.8
20520006478000,3,2,1,0
20520006480000,11,5,6,363
20520006482000,7,4,3,217
20520006484000,21,12,9,680.4
20520006485000,160,74,86,6736
20520006486000,37,12,25,2271.8
20520006487000,145,73,72,5350.5
20520006488000,15,6,9,556.5
20520006494000,7,5,2,245.7
20520006505000,9,5,4,440.1
20520006506000,23,13,10,662.4
20520006508000,1,1,0,0
20520006731000,15,9,6,598.5
20520006733000,7,5,2,356.3
20520006745000,1,1,0,0
20520006780000,10,6,4,377
20520006859000,4,1,3,0
20520006868000,30,18,12,1428
20520006869000,22,13,9,829.4
20520006870000,4,1,3,0
20520006871000,24,12,12,974.4
20520006872000,13,9,4,655.2
20520006873000,208,103,105,8548.8
20520006874000,136,71,65,5997.6
20520006875000,10,5,5,531
20520006881000,47,20,27,2350
20520006896000,2,1,1,0
20520006901000,13,9,4,456.3
20520006909000,6,1,5,193.2
20520006919000,10,6,4,330
20520006923000,4,3,1,0
20520006924000,37,17,20,1328.3
20520006945000,1,0,1,0
20520006950000,169,84,85,6895.2
20520006951000,326,167,159,10855.8
20520006952000,152,85,67,5867.2
20520006953000,69,35,34,2408.1
20520006954000,2,1,1,0
20520006955000,446,234,212,16056
20520006956000,1460,720,740,56648
20520006957000,3,2,1,0
20520006958000,4,2,2,0
20520006959000,220,116,104,7942
20520006961000,5,2,3,171
20520006963000,84,40,44,3620.4
20520006964000,4,2,2,0
20520006965000,387,204,183,15054.3
20520006966000,175,83,92,6842.5
20520006967000,88,46,42,3317.6
20520006968000,27,15,12,1188
20520006969000,11,5,6,589.6
20520006974000,25,12,13,1060
20520006975000,13,4,9,526.5
20520006976000,63,32,31,2696.4
20520006977000,9,6,3,482.4
20520006978000,7,3,4,272.3
20520006980000,33,19,14,1399.2
20520006981000,23,13,10,1117.8
20530006455000,5,2,3,245
20530006456000,552,261,291,24729.6
20530006457000,610,275,335,29402
20530006458000,213,116,97,7710.6
20530006459000,52,28,24,1929.2
20530006460000,26,10,16,774.8
20530006461000,28,13,15,1086.4
20530006463000,13,9,4,560.3
20530006464000,17,10,7,506.6
20530006466000,2,2,0,0
20530006467000,9,5,4,455.4
20530006469000,1,0,1,0
20530006470000,1,1,0,0
20530006472000,13,8,5,387.4
20530006474000,14,5,9,642.6
20530006475000,8,4,4,207.2
20530006476000,1,0,1,0
20530006481000,8,5,3,226.4
20530006482000,7,4,3,212.1
20530006483000,12,5,7,279.6
20530006484000,7,5,2,245
20530006485000,2,1,1,0
20530006487000,25,16,9,705
20530006488000,106,53,53,3900.8
20530006489000,48,24,24,1665.6
20530006490000,2,2,0,0
20530006491000,5,1,4,182
20530006495000,15,4,11,556.5
20530006499000,4,1,3,0
20530006509000,4,3,1,0
20530006510000,5,3,2,196
20530006731000,36,22,14,1512
20530006733000,7,4,3,497.7
20530006775000,4,1,3,0
20530006849000,9,2,7,410.4
20530006859000,8,5,3,348.8
20530006869000,12,7,5,454.8
20530006870000,6,2,4,87
20530006871000,7,4,3,226.8
20530006880000,2,1,1,0
20530006881000,85,41,44,3663.5
20530006885000,56,31,25,2212
20530006896000,13,7,6,384.8
20530006897000,14,8,6,655.2
20530006898000,7,5,2,347.2
20530006924000,22,11,11,924
20530006925000,13,8,5,405.6
20530006942000,1,0,1,0
20530006943000,2,2,0,0
20530006944000,2,1,1,0
20530006950000,225,103,122,8212.5
20530006951000,234,114,120,8353.8
20530006952000,38,17,21,1463
20530006953000,82,38,44,2878.2
20530006955000,721,360,361,28551.6
20530006956000,1505,739,766,57942.5
20530006959000,49,25,24,1881.6
20530006960000,8,5,3,328
20530006961000,71,40,31,3031.7
20530006963000,13,5,8,884
20530006964000,23,12,11,1131.6
20530006965000,93,49,44,3543.3
20530006969000,9,5,4,378
20530006970000,50,27,23,2185
20530006974000,7,3,4,287.7
20530006975000,266,128,138,10852.8
20530006976000,95,55,40,3211
20530006978000,32,17,15,1324.8
20530006979000,133,71,62,4575.2
20530006980000,128,73,55,5145.6
20540006455000,9,5,4,441.9
20540006456000,1431,687,744,61103.7
20540006457000,1237,577,660,53562.1
20540006458000,739,382,357,23204.6
20540006459000,47,24,23,1847.1
20540006460000,36,16,20,1256.4
20540006461000,6,5,1,234
20540006462000,11,6,5,447.7
20540006463000,13,6,7,310.7
20540006465000,5,2,3,139
20540006466000,3,2,1,0
20540006467000,4,2,2,0
20540006470000,8,3,5,172
20540006473000,7,3,4,223.3
20540006480000,2,1,1,0
20540006481000,8,5,3,320.8
20540006483000,3,1,2,0
20540006484000,4,3,1,0
20540006485000,2,1,1,0
20540006492000,19,10,9,516.8
20540006493000,28,17,11,1038.8
20540006494000,2,1,1,0
20540006495000,27,12,15,1001.7
20540006496000,8,5,3,327.2
20540006498000,11,7,4,324.5
20540006499000,65,33,32,2099.5
20540006500000,1,0,1,0
20540006501000,2,1,1,0
20540006502000,5,3,2,128
20540006503000,10,4,6,305
20540006733000,2,1,1,0
20540006774000,10,4,6,296
20540006813000,12,7,5,446.4
20540006849000,6,3,3,319.8
20540006859000,14,5,9,571.2
20540006874000,7,4,3,291.2
20540006881000,106,52,54,4695.8
20540006882000,31,17,14,1336.1
20540006886000,53,27,26,2162.4
20540006887000,18,9,9,666
20540006888000,9,4,5,425.7
20540006896000,29,16,13,1174.5
20540006897000,4,3,1,0
20540006924000,11,6,5,396
20540006925000,65,32,33,2847
20540006926000,8,3,5,246.4
20540006940000,2,0,2,0
20540006941000,4,1,3,0
20540006950000,30,12,18,1212
20540006951000,101,59,42,3827.9
20540006952000,1046,513,533,33576.6
20540006953000,247,128,119,8175.7
20540006954000,611,292,319,18818.8
20540006955000,1057,514,543,43442.7
20540006956000,793,385,408,34257.6
20540006957000,3,2,1,0
20540006959000,107,56,51,4686.6
20540006960000,2,1,1,0
20540006963000,28,15,13,1212.4
20540006970000,45,25,20,1917
20540006971000,7,5,2,303.8
20540006977000,11,7,4,508.2
20540006978000,91,47,44,4085.9
20540006979000,7,4,3,305.9
20550006455000,119,61,58,4200.7
20550006456000,1498,718,780,63515.2
20550006457000,1187,607,580,39171
20550006458000,238,124,114,7925.4
20550006461000,19,11,8,621.3
20550006462000,14,9,5,576.8
20550006463000,6,2,4,256.8
20550006464000,13,4,9,367.9
20550006468000,10,5,5,362
20550006475000,10,5,5,349
20550006479000,10,4,6,378
20550006482000,22,13,9,673.2
20550006484000,2,1,1,0
20550006485000,2,1,1,0
20550006486000,4,2,2,0
20550006487000,4,3,1,0
20550006489000,3,2,1,0
20550006490000,17,9,8,433.5
20550006492000,5,2,3,86
20550006493000,20,8,12,478
20550006500000,48,24,24,1684.8
20550006501000,4,2,2,0
20550006512000,12,6,6,312
20550006513000,3,2,1,0
20550006514000,8,5,3,340
20550006731000,6,3,3,316.2
20550006741000,2,1,1,0
20550006743000,5,3,2,239
20550006756000,2,2,0,0
20550006774000,23,10,13,660.1
20550006804000,8,4,4,482.4
20550006811000,7,4,3,373.1
20550006827000,1,0,1,0
20550006849000,6,3,3,237
20550006859000,8,4,4,484.8
20550006874000,27,11,16,1007.1
20550006879000,5,2,3,199
20550006882000,11,7,4,566.5
20550006887000,68,35,33,2393.6
20550006888000,54,32,22,2262.6
20550006894000,5,3,2,318
20550006895000,21,10,11,963.9
20550006896000,11,6,5,574.2
20550006899000,20,9,11,762
20550006900000,16,8,8,900.8
20550006901000,11,6,5,500.5
20550006902000,8,5,3,355.2
20550006911000,23,10,13,943
20550006925000,11,5,6,346.5
20550006926000,36,19,17,1162.8
20550006932000,17,12,5,885.7
20550006933000,6,3,3,313.8
20550006935000,5,4,1,187
20550006936000,6,2,4,210
20550006937000,2,2,0,0
20550006939000,2,1,1,0
20550006951000,95,46,49,2878.5
20550006952000,1011,508,503,37103.7
20550006953000,1055,516,539,39457
20550006954000,1092,541,551,34725.6
20550006955000,1830,865,965,77958
20550006956000,1215,575,640,54067.5
20550006959000,135,65,70,4306.5
20550006963000,111,65,46,4162.5
20550006971000,67,33,34,3356.7
20550006976000,4,2,2,0
20550006977000,2,1,1,0
20560006455000,54,29,25,2219.4
20560006456000,793,395,398,23710.7
20560006457000,214,102,112,8667
20560006458000,18,12,6,606.6
20560006460000,11,5,6,267.3
20560006461000,20,11,9,522
20560006465000,3,1,2,0
20560006466000,1,0,1,0
20560006468000,5,3,2,156
20560006469000,2,1,1,0
20560006471000,9,4,5,240.3
20560006473000,26,14,12,1216.8
20560006475000,1,1,0,0
20560006478000,3,1,2,0
20560006479000,5,1,4,92
20560006480000,1,0,1,0
20560006481000,5,4,1,246
20560006483000,10,6,4,270
20560006485000,7,4,3,207.2
20560006490000,3,2,1,0
20560006491000,14,6,8,477.4
20560006493000,6,3,3,325.8
20560006494000,6,2,4,196.8
20560006495000,1,0,1,0
20560006499000,26,12,14,923
20560006500000,164,77,87,6297.6
20560006501000,3,1,2,0
20560006505000,23,11,12,772.8
20560006507000,7,4,3,384.3
20560006513000,1,1,0,0
20560006514000,8,2,6,354.4
20560006529000,1,1,0,0
20560006738000,4,2,2,0
20560006739000,8,4,4,372
20560006740000,3,2,1,0
20560006741000,53,28,25,2151.8
20560006742000,14,6,8,765.8
20560006743000,7,5,2,436.1
20560006775000,2,1,1,0
20560006804000,5,2,3,195
20560006805000,33,17,16,1399.2
20560006806000,51,26,25,1999.2
20560006807000,29,15,14,1270.2
20560006811000,36,16,20,1468.8
20560006828000,1,1,0,0
20560006859000,39,19,20,1848.6
20560006874000,8,5,3,295.2
20560006889000,5,3,2,327
20560006890000,3,1,2,0
20560006894000,19,11,8,608
20560006895000,2,1,1,0
20560006899000,243,131,112,10521.9
20560006900000,191,97,94,5901.9
20560006901000,35,19,16,1501.5
20560006902000,44,16,28,1755.6
20560006925000,12,5,7,535.2
20560006926000,22,12,10,1108.8
20560006943000,22,9,13,662.2
20560006944000,23,11,12,1067.2
20560006945000,2,1,1,0
20560006946000,64,32,32,2604.8
20560006950000,35,20,15,1263.5
20560006951000,710,351,359,21584
20560006952000,505,250,255,18584
20560006953000,145,73,72,5365
20560006955000,964,496,468,34414.8
20560006956000,509,259,250,19036.6
20560006957000,365,208,157,11972
20560006959000,69,38,31,2718.6
20560006963000,34,17,17,1397.4
20560006970000,27,13,14,1125.9
20560006971000,120,62,58,4308
20560006972000,6,4,2,214.2
20560006977000,35,15,20,1172.5
20560006978000,6,4,2,433.8
20570006452000,137,67,70,5164.9
20570006454000,13,10,3,538.2
20570006456000,742,382,360,25895.8
20570006457000,243,126,117,8577.9
20570006458000,74,41,33,2960
20570006459000,2,1,1,0
20570006461000,8,4,4,188.8
20570006464000,32,16,16,1024
20570006465000,5,2,3,115
20570006466000,3,1,2,0
20570006467000,15,8,7,664.5
20570006468000,2,1,1,0
20570006469000,6,4,2,286.8
20570006472000,7,3,4,111.3
20570006473000,5,2,3,243
20570006480000,5,3,2,281
20570006481000,1,1,0,0
20570006483000,14,8,6,533.4
20570006484000,2,2,0,0
20570006485000,8,4,4,260
20570006495000,6,4,2,189
20570006496000,1,1,0,0
20570006499000,33,16,17,1095.6
20570006500000,29,15,14,1505.1
20570006501000,22,11,11,778.8
20570006502000,20,8,12,658
20570006514000,10,3,7,258
20570006515000,15,6,9,421.5
20570006739000,6,3,3,208.8
20570006740000,31,17,14,1162.5
20570006741000,142,64,78,7185.2
20570006742000,231,114,117,9863.7
20570006776000,29,17,12,1351.4
20570006803000,8,4,4,342.4
20570006804000,33,15,18,973.5
20570006805000,5,3,2,179
20570006806000,15,6,9,480
20570006807000,43,20,23,2085.5
20570006811000,46,23,23,2088.4
20570006828000,2,1,1,0
20570006856000,5,3,2,91
20570006859000,21,10,11,972.3
20570006860000,18,7,11,1013.4
20570006870000,42,23,19,1638
20570006871000,16,8,8,622.4
20570006884000,3,1,2,0
20570006890000,13,7,6,510.9
20570006893000,12,6,6,447.6
20570006894000,8,6,2,359.2
20570006895000,1,1,0,0
20570006898000,15,8,7,505.5
20570006901000,37,15,22,1598.4
20570006902000,119,61,58,3998.4
20570006903000,1,1,0,0
20570006911000,7,3,4,336.7
20570006912000,11,4,7,388.3
20570006926000,148,66,82,8524.8
20570006927000,5,3,2,91
20570006944000,52,28,24,1981.2
20570006945000,200,100,100,6880
20570006946000,12,6,6,592.8
20570006950000,3,2,1,0
20570006951000,1100,583,517,38610
20570006952000,61,27,34,2543.7
20570006955000,2,1,1,0
20570006956000,157,81,76,5903.2
20570006957000,8,4,4,288.8
20570006958000,1,0,1,0
20570006959000,186,90,96,7235.4
20570006963000,61,28,33,2391.2
20570006970000,1,1,0,0
20570006971000,88,43,45,3546.4
20570006977000,13,7,6,620.1
20570006978000,31,16,15,1773.2
20580006451000,149,76,73,5453.4
20580006452000,29,14,15,1041.1
20580006453000,16,7,9,678.4
20580006454000,51,24,27,1963.5
20580006455000,8,3,5,148
20580006456000,60,29,31,1920
20580006457000,70,39,31,2590
20580006458000,9,5,4,515.7
20580006459000,49,22,27,1646.4
20580006460000,36,17,19,1486.8
20580006461000,6,3,3,198
20580006462000,4,1,3,0
20580006463000,2,0,2,0
20580006464000,10,4,6,279
20580006468000,1,1,0,0
20580006471000,14,7,7,378
20580006472000,9,5,4,246.6
20580006478000,16,7,9,569.6
20580006480000,7,4,3,294.7
20580006482000,6,3,3,175.2
20580006483000,15,8,7,354
20580006484000,1,1,0,0
20580006487000,9,4,5,360.9
20580006488000,5,4,1,140
20580006492000,12,7,5,367.2
20580006494000,12,4,8,345.6
20580006495000,3,1,2,0
20580006504000,21,9,12,682.5
20580006506000,18,10,8,727.2
20580006509000,3,2,1,0
20580006510000,4,3,1,0
20580006516000,3,1,2,0
20580006540000,1,1,0,0
20580006541000,21,9,12,749.7
20580006542000,2,1,1,0
20580006739000,19,9,10,782.8
20580006740000,14,11,3,425.6
20580006741000,134,65,69,4864.2
20580006742000,148,81,67,7015.2
20580006743000,15,9,6,588
20580006776000,1,1,0,0
20580006777000,2,2,0,0
20580006810000,16,8,8,726.4
20580006811000,28,11,17,1288
20580006830000,2,1,1,0
20580006832000,2,2,0,0
20580006835000,2,1,1,0
20580006859000,3,1,2,0
20580006884000,49,30,19,1822.8
20580006885000,37,17,20,1509.6
20580006887000,34,15,19,1339.6
20580006890000,39,21,18,1482
20580006892000,13,5,8,536.9
20580006894000,25,14,11,1022.5
20580006895000,21,8,13,993.3
20580006898000,5,4,1,259
20580006902000,39,25,14,1692.6
20580006912000,1,1,0,0
20580006913000,13,7,6,444.6
20580006926000,5,2,3,172
20580006927000,78,42,36,2948.4
20580006933000,1,1,0,0
20580006945000,1,0,1,0
20580006946000,15,9,6,672
20580006947000,63,28,35,2312.1
20580006951000,343,183,160,13925.8
20580006952000,62,32,30,2591.6
20580006955000,5,4,1,265
20580006956000,22,11,11,800.8
20580006957000,5,2,3,312
20580006958000,5,3,2,159
20580006959000,112,61,51,4446.4
20580006960000,7,4,3,336.7
20580006963000,27,14,13,1520.1
20580006970000,33,20,13,1293.6
20580006971000,21,13,8,917.7
20580006981000,1,1,0,0
20580006982000,8,4,4,488.8
20590006451000,17,7,10,1001.3
20590006452000,52,22,30,2038.4
20590006453000,42,19,23,1100.4
20590006454000,113,59,54,4282.7
20590006455000,49,27,22,1964.9
20590006457000,44,26,18,1887.6
20590006458000,23,12,11,1253.5
20590006459000,2,2,0,0
20590006461000,56,25,31,2161.6
20590006462000,88,39,49,3379.2
20590006463000,476,232,244,15850.8
20590006464000,30,15,15,1125
20590006466000,12,6,6,616.8
20590006468000,6,4,2,220.8
20590006469000,9,7,2,282.6
20590006471000,7,6,1,361.9
20590006472000,8,3,5,260
20590006475000,3,1,2,0
20590006477000,1,0,1,0
20590006478000,18,9,9,655.2
20590006479000,6,2,4,136.2
20590006482000,24,13,11,600
20590006486000,3,1,2,0
20590006488000,18,10,8,811.8
20590006491000,9,4,5,343.8
20590006492000,4,2,2,0
20590006494000,10,6,4,217
20590006509000,15,8,7,607.5
20590006510000,5,3,2,353
20590006512000,1,1,0,0
20590006513000,31,16,15,1205.9
20590006520000,2,0,2,0
20590006521000,67,37,30,2472.3
20590006522000,84,42,42,3561.6
20590006523000,14,10,4,263.2
20590006740000,4,2,2,0
20590006741000,54,30,24,2106
20590006742000,89,47,42,3755.8
20590006743000,7,4,3,424.2
20590006780000,8,6,2,402.4
20590006781000,5,3,2,157
20590006806000,2,1,1,0
20590006810000,64,32,32,3072
20590006811000,26,13,13,1162.2
20590006833000,5,4,1,286
20590006835000,70,32,38,3500
20590006836000,2,1,1,0
20590006859000,12,7,5,463.2
20590006882000,4,3,1,0
20590006883000,7,2,5,251.3
20590006885000,121,67,54,4767.4
20590006886000,214,105,109,9972.4
20590006890000,7,2,5,196.7
20590006892000,6,1,5,205.2
20590006893000,1,1,0,0
20590006894000,15,9,6,585
20590006901000,7,3,4,217
20590006902000,31,15,16,1035.4
20590006903000,3,3,0,0
20590006905000,9,6,3,392.4
20590006913000,9,5,4,441
20590006914000,3,1,2,0
20590006916000,11,5,6,506
20590006930000,1,0,1,0
20590006931000,3,2,1,0
20590006932000,4,3,1,0
20590006946000,81,40,41,2786.4
20590006947000,50,28,22,1820
20590006951000,690,357,333,21804
20590006952000,101,50,51,4696.5
20590006956000,30,21,9,930
20590006958000,9,5,4,378
20590006959000,44,29,15,1254
20590006960000,207,109,98,6127.2
20590006962000,21,12,9,659.4
20590006963000,26,14,12,1349.4
20590006970000,7,2,5,242.9
20590006971000,27,17,10,1331.1
20590006980000,6,4,2,390
20590006981000,29,15,14,1542.8
20590006982000,30,14,16,1713
20600006453000,1,0,1,0
20600006454000,142,75,67,4771.2
20600006455000,8,4,4,216.8
20600006457000,86,49,37,3061.6
20600006458000,3,2,1,0
20600006459000,9,6,3,357.3
20600006463000,96,48,48,4176
20600006464000,92,50,42,3339.6
20600006465000,13,6,7,408.2
20600006466000,105,51,54,3076.5
20600006467000,30,15,15,930
20600006470000,2,1,1,0
20600006473000,7,2,5,280
20600006474000,3,1,2,0
20600006475000,75,39,36,2572.5
20600006476000,75,29,46,4027.5
20600006477000,47,23,24,1005.8
20600006478000,24,15,9,789.6
20600006479000,30,17,13,1278
20600006480000,165,86,79,6105
20600006481000,8,3,5,279.2
20600006482000,10,4,6,367
20600006486000,25,10,15,910
20600006487000,6,3,3,279
20600006489000,6,3,3,285
20600006490000,10,4,6,252
20600006494000,8,4,4,272.8
20600006495000,17,11,6,608.6
20600006501000,31,18,13,1252.4
20600006505000,14,6,8,660.8
20600006506000,3,1,2,0
20600006507000,8,4,4,392.8
20600006511000,6,4,2,280.8
20600006512000,6,4,2,232.2
20600006515000,2,2,0,0
20600006521000,97,47,50,3424.1
20600006522000,129,55,74,5418
20600006526000,1,1,0,0
20600006527000,2,1,1,0
20600006534000,3,2,1,0
20600006535000,1,0,1,0
20600006731000,10,6,4,407
20600006740000,8,6,2,304.8
20600006741000,37,21,16,1576.2
20600006806000,12,6,6,540
20600006810000,23,13,10,1110.9
20600006811000,407,196,211,17134.7
20600006832000,4,2,2,0
20600006836000,16,10,6,513.6
20600006837000,15,6,9,373.5
20600006838000,12,5,7,477.6
20600006839000,3,2,1,0
20600006840000,4,1,3,0
20600006859000,11,6,5,437.8
20600006884000,11,7,4,458.7
20600006885000,66,34,32,2098.8
20600006886000,6,2,4,378
20600006888000,4,2,2,0
20600006890000,47,27,20,1786
20600006891000,13,7,6,526.5
20600006892000,2,2,0,0
20600006894000,5,4,1,242
20600006902000,40,22,18,1800
20600006914000,24,13,11,1454.4
20600006923000,2,1,1,0
20600006925000,9,5,4,523.8
20600006947000,41,21,20,1476
20600006951000,250,122,128,8325
20600006952000,51,28,23,1876.8
20600006955000,3,3,0,0
20600006956000,32,19,13,1593.6
20600006958000,2,1,1,0
20600006960000,18,11,7,878.4
20600006962000,35,14,21,1589
20600006969000,35,19,16,1298.5
20600006971000,47,25,22,1880
20600006980000,27,14,13,1269
20600006982000,4,2,2,0
20610006453000,6,3,3,202.2
20610006459000,19,9,10,570
20610006460000,18,11,7,550.8
20610006464000,6,4,2,133.8
20610006465000,11,6,5,488.4
20610006467000,31,15,16,1010.6
20610006468000,14,8,6,609
20610006473000,17,10,7,669.8
20610006474000,30,14,16,1416
20610006475000,117,62,55,4282.2
20610006476000,28,11,17,1282.4
20610006477000,18,10,8,549
20610006478000,6,3,3,220.2
20610006479000,3,2,1,0
20610006481000,1,1,0,0
20610006482000,8,4,4,338.4
20610006483000,7,4,3,214.9
20610006485000,2,2,0,0
20610006486000,12,6,6,318
20610006487000,4,3,1,0
20610006489000,5,1,4,94
20610006501000,19,8,11,703
20610006503000,4,2,2,0
20610006506000,9,5,4,465.3
20610006507000,36,16,20,1368
20610006508000,29,17,12,899
20610006511000,7,3,4,149.1
20610006512000,13,7,6,605.8
20610006515000,23,12,11,931.5
20610006524000,2,1,1,0
20610006744000,1,0,1,0
20610006806000,8,5,3,383.2
20610006810000,59,28,31,1811.3
20610006811000,153,72,81,5875.2
20610006836000,1,1,0,0
20610006837000,20,7,13,562
20610006838000,25,14,11,1085
20610006839000,37,20,17,1250.6
20610006840000,3,2,1,0
20610006859000,19,9,10,676.4
20610006890000,32,13,19,1321.6
20610006901000,15,10,5,727.5
20610006902000,34,17,17,1366.8
20610006916000,10,5,5,504
20610006947000,36,19,17,1260
20610006951000,74,43,31,2960
20610006956000,4,2,2,0
20610006957000,38,18,20,1041.2
20610006958000,3,1,2,0
20610006959000,11,5,6,476.3
20610006960000,14,9,5,544.6
20610006962000,27,12,15,1360.8
20610006965000,8,3,5,283.2
20610006966000,3,3,0,0
20610006967000,119,63,56,4938.5
20610006968000,510,266,244,19278
20610006969000,705,363,342,28411.5
20610006970000,575,279,296,27140
20610006971000,344,190,154,9666.4
20610006980000,6,3,3,394.8
20610006981000,4,2,2,0
20610006982000,47,24,23,2491
20620006453000,77,37,40,2910.6
20620006457000,27,14,13,1096.2
20620006458000,99,54,45,2930.4
20620006459000,71,39,32,3216.3
20620006460000,6,3,3,253.8
20620006461000,13,7,6,552.5
20620006462000,18,11,7,511.2
20620006463000,13,6,7,586.3
20620006470000,17,9,8,865.3
20620006471000,149,73,76,6481.5
20620006472000,177,89,88,7133.1
20620006473000,14,7,7,721
20620006476000,8,6,2,192.8
20620006480000,3,1,2,0
20620006485000,11,5,6,434.5
20620006488000,3,2,1,0
20620006490000,10,5,5,333
20620006492000,7,5,2,324.1
20620006507000,4,2,2,0
20620006508000,2,1,1,0
20620006515000,6,3,3,121.8
20620006516000,15,10,5,328.5
20620006524000,3,2,1,0
20620006525000,17,11,6,751.4
20620006526000,18,9,9,579.6
20620006527000,11,4,7,412.5
20620006536000,2,1,1,0
20620006657000,6,5,1,202.2
20620006799000,1,1,0,0
20620006809000,5,2,3,249
20620006810000,462,209,253,18711
20620006811000,499,250,249,18912.1
20620006857000,4,3,1,0
20620006858000,3,2,1,0
20620006887000,6,3,3,217.8
20620006889000,11,9,2,441.1
20620006890000,3,2,1,0
20620006901000,6,3,3,199.8
20620006902000,39,24,15,1614.6
20620006915000,8,3,5,302.4
20620006926000,45,22,23,2128.5
20620006951000,36,20,16,1173.6
20620006956000,8,4,4,219.2
20620006957000,35,18,17,1162
20620006958000,4,1,3,0
20620006959000,10,6,4,345
20620006962000,15,8,7,609
20620006963000,49,23,26,1783.6
20620006964000,32,19,13,1296
20620006965000,4,3,1,0
20620006966000,21,13,8,1131.9
20620006968000,5,2,3,139
20620006969000,63,31,32,2891.7
20620006970000,3,2,1,0
20620006971000,32,20,12,1456
20620006980000,1,0,1,0
20620006981000,2,1,1,0
20620006982000,3,2,1,0
20620006988000,57,37,20,2422.5
20630006454000,27,13,14,909.9
20630006457000,39,17,22,1875.9
20630006458000,6,3,3,72
20630006459000,18,10,8,730.8
20630006461000,5,3,2,208
20630006463000,4,3,1,0
20630006465000,6,4,2,256.2
20630006469000,17,10,7,476
20630006471000,74,39,35,2316.2
20630006472000,40,22,18,1248
20630006481000,2,1,1,0
20630006486000,6,4,2,228
20630006487000,4,2,2,0
20630006488000,1,1,0,0
20630006489000,7,3,4,326.9
20630006492000,12,6,6,398.4
20630006493000,5,3,2,286
20630006495000,83,41,42,3917.6
20630006496000,12,3,9,618
20630006498000,2,1,1,0
20630006500000,17,8,9,610.3
20630006502000,12,6,6,447.6
20630006503000,7,2,5,242.9
20630006516000,5,3,2,284
20630006527000,16,9,7,566.4
20630006529000,10,6,4,389
20630006530000,2,1,1,0
20630006600000,3,1,2,0
20630006602000,6,3,3,178.2
20630006783000,2,1,1,0
20630006795000,5,2,3,217
20630006809000,48,27,21,2025.6
20630006810000,88,43,45,3238.4
20630006811000,235,122,113,8624.5
20630006839000,7,3,4,249.9
20630006840000,17,8,9,501.5
20630006889000,113,58,55,4011.5
20630006890000,100,55,45,3020
20630006893000,3,2,1,0
20630006901000,31,15,16,1190.4
20630006902000,32,15,17,1270.4
20630006917000,2,1,1,0
20630006918000,13,8,5,777.4
20630006925000,3,2,1,0
20630006943000,12,5,7,489.6
20630006944000,115,60,55,4669
20630006945000,399,204,195,14364
20630006946000,220,110,110,8404
20630006951000,14,6,8,481.6
20630006956000,31,15,16,1221.4
20630006957000,6,5,1,142.8
20630006958000,49,28,21,1597.4
20630006959000,21,11,10,638.4
20630006960000,14,8,6,579.6
20630006962000,2,1,1,0
20630006963000,13,8,5,491.4
20630006970000,107,60,47,4119.5
20630006971000,8,5,3,460
20630006984000,127,64,63,4965.7
20630006985000,42,22,20,1751.4
20630006986000,60,30,30,1860
20630006987000,2,1,1,0
20630006988000,23,11,12,943
20630006989000,35,21,14,1631
20640006455000,7,4,3,300.3
20640006456000,23,12,11,894.7
20640006457000,32,20,12,1356.8
20640006461000,31,18,13,1348.5
20640006463000,23,13,10,749.8
20640006465000,9,5,4,340.2
20640006467000,4,3,1,0
20640006471000,33,15,18,1065.9
20640006474000,4,3,1,0
20640006479000,11,6,5,500.5
20640006482000,3,1,2,0
20640006483000,16,8,8,516.8
20640006486000,5,3,2,131
20640006487000,2,1,1,0
20640006492000,4,2,2,0
20640006493000,4,2,2,0
20640006495000,1,0,1,0
20640006498000,3,2,1,0
20640006500000,10,4,6,250
20640006501000,10,5,5,593
20640006502000,2,2,0,0
20640006530000,21,10,11,707.7
20640006531000,4,3,1,0
20640006532000,1,1,0,0
20640006534000,3,2,1,0
20640006535000,4,2,2,0
20640006536000,7,2,5,301.7
20640006600000,7,3,4,156.8
20640006603000,4,1,3,0
20640006604000,19,12,7,769.5
20640006629000,5,1,4,214
20640006728000,80,38,42,2768
20640006729000,295,127,168,12360.5
20640006742000,1,1,0,0
20640006743000,40,17,23,1668
20640006744000,2,1,1,0
20640006795000,14,9,5,908.6
20640006796000,40,24,16,1588
20640006840000,6,3,3,244.2
20640006881000,3,1,2,0
20640006887000,5,3,2,82
20640006889000,3,1,2,0
20640006890000,7,4,3,252
20640006891000,206,99,107,7560.2
20640006918000,1,1,0,0
20640006925000,1,0,1,0
20640006939000,6,3,3,220.2
20640006940000,42,18,24,1885.8
20640006941000,35,19,16,1263.5
20640006942000,50,30,20,2410
20640006943000,44,23,21,1724.8
20640006944000,64,32,32,2579.2
20640006945000,69,30,39,2490.9
20640006946000,60,33,27,2310
20640006948000,346,173,173,13667
20640006956000,28,13,15,1041.6
20640006957000,19,7,12,539.6
20640006958000,22,16,6,906.4
20640006963000,58,27,31,2372.2
20640006984000,111,57,54,4584.3
20640006985000,2,1,1,0
20640006987000,29,15,14,986
20640006988000,3,2,1,0
20640006989000,33,15,18,1389.3
20650006454000,20,12,8,906
20650006455000,9,6,3,466.2
20650006456000,14,7,7,565.6
20650006457000,13,6,7,421.2
20650006458000,7,3,4,219.1
20650006462000,19,8,11,1096.3
20650006465000,3,2,1,0
20650006466000,12,6,6,588
20650006467000,4,2,2,0
20650006470000,4,2,2,0
20650006473000,2,1,1,0
20650006475000,2,1,1,0
20650006478000,9,2,7,249.3
20650006479000,1,1,0,0
20650006481000,9,3,6,324
20650006482000,57,30,27,1584.6
20650006483000,33,15,18,1313.4
20650006484000,6,4,2,217.2
20650006485000,10,6,4,599
20650006490000,1,1,0,0
20650006495000,5,1,4,141
20650006517000,8,6,2,259.2
20650006532000,2,1,1,0
20650006534000,1,1,0,0
20650006535000,4,2,2,0
20650006536000,12,6,6,522
20650006544000,2,0,2,0
20650006599000,2,1,1,0
20650006600000,21,9,12,1096.2
20650006601000,5,2,3,189
20650006604000,123,57,66,4710.9
20650006629000,10,5,5,473
20650006725000,1,0,1,0
20650006726000,3,1,2,0
20650006728000,46,23,23,1959.6
20650006729000,109,60,49,4512.6
20650006730000,122,68,54,4257.8
20650006796000,6,3,3,406.2
20650006797000,133,61,72,6157.9
20650006798000,3,2,1,0
20650006807000,7,4,3,457.1
20650006886000,9,4,5,234
20650006887000,1,1,0,0
20650006890000,376,188,188,15491.2
20650006891000,985,482,503,39597
20650006892000,110,50,60,2684
20650006903000,21,12,9,611.1
20650006938000,14,6,8,344.4
20650006939000,287,149,138,11623.5
20650006940000,242,123,119,8808.8
20650006941000,46,28,18,2212.6
20650006942000,39,19,20,1696.5
20650006943000,68,32,36,2448
20650006944000,755,369,386,28841
20650006945000,613,307,306,25316.9
20650006946000,551,250,301,27660.2
20650006947000,407,205,202,15832.3
20650006948000,5,2,3,226
20650006956000,1,1,0,0
20650006960000,16,7,9,734.4
20650006963000,23,13,10,1007.4
20650006985000,1,0,1,0
20650006986000,2,1,1,0
20650006987000,14,8,6,484.4
20650006988000,73,42,31,2905.4
20650006989000,153,67,86,7298.1
20650006990000,359,178,181,14180.5
20660006454000,10,5,5,328
20660006455000,3,2,1,0
20660006457000,25,13,12,1192.5
20660006458000,24,10,14,1130.4
20660006460000,5,3,2,133
20660006461000,4,2,2,0
20660006464000,9,6,3,406.8
20660006465000,15,7,8,415.5
20660006467000,3,2,1,0
20660006468000,1,1,0,0
20660006470000,17,9,8,705.5
20660006474000,9,6,3,299.7
20660006475000,7,3,4,508.9
20660006476000,18,9,9,610.2
20660006481000,2,0,2,0
20660006482000,1,0,1,0
20660006483000,19,8,11,970.9
20660006484000,14,8,6,533.4
20660006485000,19,10,9,659.3
20660006486000,12,5,7,427.2
20660006487000,15,6,9,729
20660006488000,16,9,7,584
20660006489000,9,5,4,383.4
20660006490000,11,5,6,555.5
20660006491000,9,5,4,393.3
20660006495000,5,2,3,309
20660006496000,19,11,8,676.4
20660006516000,6,3,3,181.2
20660006517000,5,3,2,150
20660006535000,3,2,1,0
20660006537000,1,1,0,0
20660006541000,9,4,5,248.4
20660006604000,130,67,63,4511
20660006605000,4,3,1,0
20660006723000,29,12,17,1542.8
20660006724000,26,12,14,1188.2
20660006727000,1,1,0,0
20660006731000,3,1,2,0
20660006807000,38,17,21,1763.2
20660006870000,1,0,1,0
20660006886000,7,2,5,221.2
20660006890000,23,13,10,678.5
20660006891000,490,250,240,17640
20660006892000,90,43,47,2610
20660006899000,4,3,1,0
20660006904000,8,4,4,288
20660006923000,40,19,21,1836
20660006934000,2,1,1,0
20660006935000,49,20,29,2170.7
20660006936000,78,43,35,3135.6
20660006944000,219,112,107,7117.5
20660006945000,191,97,94,7009.7
20660006946000,599,291,308,19886.8
20660006947000,457,233,224,16634.8
20660006952000,5,3,2,284
20660006953000,3,2,1,0
20660006957000,5,1,4,239
20660006958000,16,7,9,462.4
20660006963000,30,16,14,1527
20660006971000,3,1,2,0
20660006991000,14,8,6,267.4
20670006455000,21,13,8,932.4
20670006456000,14,5,9,565.6
20670006457000,22,14,8,913
20670006458000,9,5,4,318.6
20670006459000,25,13,12,830
20670006460000,10,4,6,506
20670006461000,7,5,2,207.2
20670006463000,17,6,11,343.4
20670006464000,9,4,5,260.1
20670006465000,1,1,0,0
20670006470000,8,5,3,288
20670006474000,1,0,1,0
20670006475000,6,3,3,334.8
20670006478000,4,2,2,0
20670006481000,6,4,2,159
20670006483000,11,6,5,465.3
20670006484000,4,2,2,0
20670006485000,11,7,4,436.7
20670006489000,23,12,11,731.4
20670006490000,15,5,10,511.5
20670006491000,11,7,4,279.4
20670006493000,10,4,6,236
20670006494000,2,2,0,0
20670006495000,13,7,6,561.6
20670006497000,6,3,3,252
20670006498000,6,3,3,166.8
20670006516000,3,2,1,0
20670006532000,3,2,1,0
20670006535000,3,1,2,0
20670006536000,28,14,14,1078
20670006537000,5,2,3,224
20670006574000,4,3,1,0
20670006575000,4,2,2,0
20670006597000,4,2,2,0
20670006604000,4,3,1,0
20670006606000,2,1,1,0
20670006626000,31,15,16,1289.6
20670006627000,14,8,6,420
20670006628000,4,2,2,0
20670006723000,55,27,28,2211
20670006724000,67,37,30,2860.9
20670006794000,3,2,1,0
20670006806000,4,2,2,0
20670006807000,40,19,21,1616
20670006863000,4,1,3,0
20670006865000,12,5,7,544.8
20670006866000,8,3,5,480
20670006867000,57,30,27,2069.1
20670006868000,26,16,10,1211.6
20670006870000,6,4,2,280.2
20670006872000,3,1,2,0
20670006873000,5,2,3,148
20670006885000,2,1,1,0
20670006886000,4,2,2,0
20670006888000,7,3,4,399.7
20670006891000,47,25,22,1565.1
20670006892000,32,19,13,1257.6
20670006904000,14,10,4,523.6
20670006905000,7,3,4,186.9
20670006922000,8,4,4,379.2
20670006934000,51,25,26,1739.1
20670006945000,9,5,4,543.6
20670006946000,104,53,51,4212
20670006947000,39,23,16,1345.5
20670006953000,27,14,13,1296
20670006954000,1,1,0,0
20670006957000,8,4,4,346.4
20670006958000,2,1,1,0
20670006960000,21,14,7,840
20670006961000,1,0,1,0
20670006962000,457,229,228,14029.9
20670006963000,92,45,47,3818
20670006967000,4,1,3,0
20670006968000,6,3,3,289.8
20670006971000,7,3,4,231
20670006974000,10,5,5,431
20670006975000,2,1,1,0
20670006991000,101,52,49,4231.9
20670006992000,16,10,6,779.2
20680006455000,5,2,3,280
20680006456000,9,3,6,387.9
20680006457000,35,16,19,1256.5
20680006458000,22,14,8,682
20680006460000,1,1,0,0
20680006462000,25,15,10,1045
20680006463000,20,12,8,1030
20680006465000,13,6,7,422.5
20680006471000,8,4,4,348
20680006475000,15,6,9,409.5
20680006477000,13,6,7,391.3
20680006479000,3,2,1,0
20680006480000,3,0,3,0
20680006482000,18,9,9,637.2
20680006483000,5,2,3,322
20680006485000,14,6,8,448
20680006486000,9,4,5,279.9
20680006487000,1,1,0,0
20680006488000,3,1,2,0
20680006494000,3,2,1,0
20680006495000,8,4,4,384
20680006498000,2,1,1,0
20680006499000,6,2,4,316.8
20680006500000,2,1,1,0
20680006519000,6,4,2,301.2
20680006533000,1,1,0,0
20680006536000,21,9,12,537.6
20680006537000,5,4,1,239
20680006575000,2,1,1,0
20680006608000,12,6,6,265.2
20680006617000,4,2,2,0
20680006624000,1,0,1,0
20680006626000,52,32,20,1835.6
20680006627000,195,106,89,6961.5
20680006628000,5,3,2,169
20680006733000,1,0,1,0
20680006805000,6,2,4,238.2
20680006806000,32,15,17,1072
20680006807000,10,6,4,428
20680006815000,4,3,1,0
20680006825000,6,2,4,136.2
20680006826000,1,1,0,0
20680006827000,7,2,5,275.8
20680006867000,4,3,1,0
20680006868000,14,9,5,686
20680006874000,29,16,13,1238.3
20680006882000,11,4,7,572
20680006883000,13,6,7,417.3
20680006884000,35,19,16,1715
20680006885000,12,7,5,685.2
20680006887000,25,13,12,1122.5
20680006891000,32,19,13,1126.4
20680006892000,46,23,23,1683.6
20680006922000,10,6,4,467
20680006934000,118,61,57,4566.6
20680006945000,27,18,9,926.1
20680006946000,71,38,33,3166.6
20680006947000,7,4,3,242.2
20680006953000,48,25,23,1680
20680006954000,63,28,35,2438.1
20680006957000,4,2,2,0
20680006960000,51,26,25,1494.3
20680006961000,41,19,22,2037.7
20680006962000,300,156,144,9750
20680006963000,209,114,95,8443.6
20680006967000,4,1,3,0
20680006968000,6,2,4,265.2
20680006971000,2,1,1,0
20680006974000,2,2,0,0
20680006975000,19,11,8,741
20690006457000,14,9,5,551.6
20690006458000,31,16,15,1094.3
20690006459000,22,13,9,963.6
20690006460000,26,13,13,1133.6
20690006461000,3,2,1,0
20690006462000,5,3,2,248
20690006463000,6,3,3,337.2
20690006464000,7,4,3,396.9
20690006467000,7,4,3,245.7
20690006468000,5,3,2,250
20690006469000,1,0,1,0
20690006471000,5,3,2,106
20690006472000,4,2,2,0
20690006480000,9,5,4,370.8
20690006481000,181,102,79,5502.4
20690006482000,94,41,53,3478
20690006483000,4,3,1,0
20690006486000,10,4,6,240
20690006488000,7,3,4,240.8
20690006489000,10,5,5,281
20690006495000,5,2,3,106
20690006500000,1,1,0,0
20690006501000,6,3,3,174
20690006505000,5,3,2,318
20690006506000,3,2,1,0
20690006536000,16,7,9,513.6
20690006537000,5,4,1,115
20690006576000,1,1,0,0
20690006600000,5,2,3,215
20690006612000,22,12,10,992.2
20690006613000,4,2,2,0
20690006619000,10,5,5,282
20690006626000,142,72,70,4132.2
20690006627000,43,18,25,1376
20690006628000,3,2,1,0
20690006732000,4,2,2,0
20690006795000,4,2,2,0
20690006805000,2,1,1,0
20690006806000,31,16,15,1249.3
20690006807000,176,98,78,6476.8
20690006808000,1,1,0,0
20690006813000,24,11,13,883.2
20690006826000,24,16,8,1147.2
20690006874000,33,17,16,1148.4
20690006877000,17,8,9,681.7
20690006878000,16,6,10,657.6
20690006879000,37,18,19,1472.6
20690006880000,34,20,14,1261.4
20690006881000,45,23,22,2299.5
20690006882000,106,48,58,4367.2
20690006883000,181,83,98,7402.9
20690006884000,84,47,37,2587.2
20690006886000,17,8,9,601.8
20690006887000,94,47,47,3722.4
20690006891000,3,2,1,0
20690006892000,42,21,21,1843.8
20690006903000,20,11,9,782
20690006913000,12,4,8,417.6
20690006933000,2,1,1,0
20690006934000,53,31,22,2247.2
20690006935000,14,9,5,781.2
20690006946000,45,24,21,1602
20690006947000,13,7,6,630.5
20690006953000,3,2,1,0
20690006955000,6,4,2,168
20690006956000,33,20,13,1570.8
20690006957000,12,6,6,435.6
20690006958000,19,12,7,837.9
20690006960000,229,116,113,7099
20690006961000,23,9,14,1014.3
20690006962000,14,5,9,523.6
20690006963000,62,35,27,2504.8
20690006964000,254,115,139,11836.4
20690006965000,4,2,2,0
20690006966000,6,3,3,172.8
20690006975000,26,12,14,1063.4
20690006976000,28,16,12,1257.2
20700006457000,7,4,3,154
20700006458000,123,69,54,5202.9
20700006459000,5,3,2,267
20700006460000,10,4,6,355
20700006462000,10,4,6,416
20700006463000,59,32,27,1923.4
20700006464000,1,0,1,0
20700006469000,7,5,2,219.8
20700006474000,9,5,4,365.4
20700006475000,2,2,0,0
20700006476000,5,4,1,77
20700006477000,7,5,2,203.7
20700006480000,12,6,6,427.2
20700006482000,15,6,9,559.5
20700006483000,10,6,4,236
20700006484000,11,5,6,173.8
20700006485000,1,1,0,0
20700006486000,8,6,2,188.8
20700006487000,5,3,2,197
20700006488000,3,2,1,0
20700006490000,4,2,2,0
20700006494000,1,1,0,0
20700006504000,3,1,2,0
20700006529000,9,5,4,285.3
20700006530000,4,1,3,0
20700006575000,10,5,5,536
20700006576000,64,38,26,2617.6
20700006577000,4,3,1,0
20700006590000,1,1,0,0
20700006591000,14,7,7,470.4
20700006593000,26,16,10,863.2
20700006610000,1,1,0,0
20700006614000,22,12,10,796.4
20700006616000,1,1,0,0
20700006628000,1,0,1,0
20700006629000,2,2,0,0
20700006650000,2,1,1,0
20700006651000,2,0,2,0
20700006765000,2,0,2,0
20700006792000,1,1,0,0
20700006806000,2,1,1,0
20700006808000,30,11,19,1059
20700006812000,27,14,13,888.3
20700006813000,15,8,7,658.5
20700006825000,11,5,6,344.3
20700006826000,4,1,3,0
20700006876000,8,6,2,270.4
20700006877000,2,1,1,0
20700006884000,143,79,64,6091.8
20700006885000,46,26,20,2226.4
20700006887000,15,9,6,781.5
20700006892000,25,15,10,1142.5
20700006902000,1,0,1,0
20700006905000,5,2,3,242
20700006912000,16,6,10,678.4
20700006913000,13,7,6,492.7
20700006935000,80,34,46,3416
20700006953000,40,21,19,1464
20700006954000,4,2,2,0
20700006955000,131,61,70,4847
20700006958000,179,81,98,5495.3
20700006960000,14,7,7,635.6
20700006961000,9,4,5,433.8
20700006963000,12,6,6,468
20700006964000,370,192,178,14874
20700006965000,9,7,2,261.9
20700006966000,17,10,7,595
20700006969000,3,2,1,0
20700006970000,2,1,1,0
20700006972000,2,1,1,0
20700006975000,46,23,23,1669.8
20700006976000,36,17,19,1155.6
20700006998000,29,14,15,1885
20710006458000,18,8,10,754.2
20710006459000,23,14,9,989
20710006460000,41,22,19,1599
20710006462000,1,0,1,0
20710006466000,4,2,2,0
20710006474000,24,11,13,844.8
20710006478000,6,3,3,229.8
20710006479000,20,11,9,642
20710006482000,12,9,3,338.4
20710006483000,35,22,13,1239
20710006484000,15,7,8,633
20710006485000,10,5,5,451
20710006488000,2,1,1,0
20710006490000,4,3,1,0
20710006494000,9,4,5,205.2
20710006495000,10,7,3,396
20710006524000,5,4,1,266
20710006544000,1,1,0,0
20710006557000,1,1,0,0
20710006562000,20,7,13,834
20710006563000,1,0,1,0
20710006574000,5,2,3,104
20710006575000,8,5,3,352.8
20710006576000,23,9,14,1205.2
20710006577000,17,8,9,608.6
20710006589000,2,1,1,0
20710006590000,3,2,1,0
20710006591000,9,5,4,541.8
20710006592000,32,16,16,1203.2
20710006593000,7,3,4,468.3
20710006610000,10,5,5,319
20710006614000,5,3,2,328
20710006618000,2,2,0,0
20710006619000,8,4,4,354.4
20710006620000,2,1,1,0
20710006628000,7,4,3,196.7
20710006632000,2,1,1,0
20710006650000,5,3,2,151
20710006759000,5,1,4,133
20710006765000,8,5,3,300.8
20710006767000,4,3,1,0
20710006769000,2,1,1,0
20710006772000,17,4,13,702.1
20710006783000,3,1,2,0
20710006809000,29,14,15,1177.4
20710006810000,33,17,16,1458.6
20710006811000,56,25,31,1976.8
20710006812000,13,5,8,458.9
20710006817000,12,7,5,528
20710006818000,4,3,1,0
20710006819000,7,4,3,392
20710006820000,20,12,8,702
20710006821000,3,1,2,0
20710006823000,2,1,1,0
20710006825000,8,4,4,382.4
20710006886000,23,10,13,549.7
20710006887000,48,28,20,1641.6
20710006892000,2,1,1,0
20710006905000,6,4,2,217.8
20710006906000,12,8,4,518.4
20710006907000,11,7,4,324.5
20710006908000,2,1,1,0
20710006935000,7,5,2,408.8
20710006936000,10,6,4,302
20710006954000,52,27,25,1586
20710006955000,282,144,138,10405.8
20710006958000,153,80,73,4926.6
20710006960000,11,6,5,423.5
20710006961000,37,21,16,1476.3
20710006962000,5,4,1,260
20710006963000,3,2,1,0
20710006964000,71,34,37,2726.4
20710006968000,54,23,31,1927.8
20710006969000,74,40,34,2567.8
20710006975000,37,20,17,1591
20710006993000,18,7,11,1040.4
20720006459000,38,19,19,1664.4
20720006460000,41,20,21,1508.8
20720006462000,70,34,36,3178
20720006464000,1,0,1,0
20720006467000,4,3,1,0
20720006468000,16,9,7,528
20720006469000,3,2,1,0
20720006473000,3,1,2,0
20720006474000,38,23,15,1459.2
20720006478000,2,1,1,0
20720006485000,5,4,1,119
20720006486000,15,7,8,571.5
20720006487000,6,4,2,352.2
20720006489000,10,5,5,302
20720006491000,4,2,2,0
20720006492000,3,2,1,0
20720006521000,4,2,2,0
20720006522000,6,3,3,204
20720006561000,2,1,1,0
20720006562000,2,1,1,0
20720006568000,3,1,2,0
20720006573000,32,18,14,1020.8
20720006574000,39,18,21,1797.9
20720006575000,41,19,22,1808.1
20720006576000,51,25,26,2152.2
20720006577000,4,1,3,0
20720006578000,3,3,0,0
20720006579000,14,10,4,582.4
20720006585000,9,4,5,404.1
20720006589000,12,7,5,354
20720006592000,4,2,2,0
20720006593000,11,6,5,436.7
20720006650000,6,4,2,337.8
20720006732000,8,6,2,458.4
20720006767000,11,4,7,503.8
20720006768000,5,2,3,189
20720006770000,55,27,28,2530
20720006771000,33,16,17,1389.3
20720006772000,129,63,66,5508.3
20720006773000,44,24,20,1993.2
20720006782000,21,12,9,949.2
20720006783000,42,22,20,1869
20720006810000,22,11,11,829.4
20720006811000,15,9,6,789
20720006815000,27,12,15,855.9
20720006816000,5,1,4,222
20720006817000,37,20,17,1213.6
20720006818000,5,2,3,269
20720006819000,8,5,3,306.4
20720006820000,12,8,4,477.6
20720006821000,1,1,0,0
20720006822000,12,6,6,403.2
20720006824000,14,10,4,473.2
20720006885000,48,26,22,1440
20720006886000,313,206,107,11236.7
20720006892000,37,18,19,1217.3
20720006893000,42,21,21,1486.8
20720006909000,20,11,9,1090
20720006936000,20,10,10,868
20720006948000,13,7,6,544.7
20720006949000,5,1,4,153
20720006955000,19,10,9,697.3
20720006956000,1,1,0,0
20720006957000,156,72,84,5179.2
20720006958000,651,302,349,26821.2
20720006960000,4,2,2,0
20720006961000,55,32,23,2436.5
20720006962000,26,14,12,1102.4
20720006964000,1,1,0,0
20720006970000,5,3,2,143
20720006971000,6,3,3,112.2
20720006975000,1,0,1,0
20720006976000,14,10,4,669.2
20720006977000,21,14,7,716.1
20720006978000,36,20,16,1407.6
20720006979000,15,11,4,739.5
20720006992000,1,1,0,0
20720006993000,17,7,10,1004.7
20730006457000,6,3,3,246
20730006459000,140,67,73,4396
20730006460000,138,70,68,3960.6
20730006462000,292,144,148,9256.4
20730006463000,469,250,219,12334.7
20730006464000,21,10,11,911.4
20730006465000,22,9,13,682
20730006467000,1,0,1,0
20730006468000,2,2,0,0
20730006473000,4,3,1,0
20730006476000,12,5,7,368.4
20730006477000,5,3,2,134
20730006481000,19,14,5,539.6
20730006482000,20,10,10,730
20730006484000,2,0,2,0
20730006487000,4,2,2,0
20730006491000,4,2,2,0
20730006492000,23,15,8,857.9
20730006493000,12,7,5,483.6
20730006498000,1,1,0,0
20730006511000,1,1,0,0
20730006512000,3,2,1,0
20730006560000,3,2,1,0
20730006567000,9,4,5,501.3
20730006568000,3,0,3,0
20730006569000,3,1,2,0
20730006573000,95,45,50,4104
20730006574000,33,19,14,1323.3
20730006579000,14,8,6,476
20730006581000,3,2,1,0
20730006582000,3,3,0,0
20730006583000,15,9,6,493.5
20730006584000,14,6,8,393.4
20730006585000,39,20,19,1673.1
20730006586000,4,3,1,0
20730006587000,15,8,7,1003.5
20730006635000,4,1,3,0
20730006650000,5,3,2,264
20730006723000,2,1,1,0
20730006770000,23,11,12,745.2
20730006773000,16,7,9,433.6
20730006782000,2,1,1,0
20730006783000,21,10,11,1022.7
20730006799000,2,1,1,0
20730006809000,1,1,0,0
20730006810000,8,2,6,164
20730006811000,20,12,8,992
20730006812000,7,4,3,247.8
20730006814000,19,11,8,704.9
20730006815000,73,39,34,1992.9
20730006816000,26,14,12,1222
20730006817000,51,30,21,2162.4
20730006818000,26,12,14,1123.2
20730006819000,10,6,4,271
20730006849000,7,1,6,179.9
20730006884000,2,2,0,0
20730006885000,53,26,27,2077.6
20730006886000,25,12,13,1045
20730006892000,8,6,2,252.8
20730006893000,28,16,12,1016.4
20730006909000,12,8,4,530.4
20730006949000,5,3,2,247
20730006951000,1,1,0,0
20730006954000,25,12,13,1042.5
20730006955000,5,2,3,96
20730006956000,7,3,4,347.9
20730006957000,533,250,283,18175.3
20730006958000,72,39,33,2844
20730006959000,3,2,1,0
20730006961000,58,35,23,2001
20730006962000,14,10,4,602
20730006968000,34,16,18,1431.4
20730006969000,27,15,12,1193.4
20730006970000,16,9,7,737.6
20730006971000,31,15,16,1209
20730006975000,26,13,13,1378
20730006976000,57,30,27,2029.2
20730006979000,14,7,7,459.2
20730006981000,3,3,0,0
20740006457000,7,4,3,356.3
20740006458000,3,1,2,0
20740006459000,110,58,52,3465
20740006460000,230,114,116,6624
20740006461000,203,103,100,6516.3
20740006462000,247,119,128,10250.5
20740006463000,284,140,144,7611.2
20740006467000,3,2,1,0
20740006469000,4,4,0,0
20740006470000,5,2,3,256
20740006471000,9,4,5,360
20740006476000,4,1,3,0
20740006480000,6,4,2,343.8
20740006481000,10,5,5,320
20740006482000,17,8,9,722.5
20740006484000,23,11,12,779.7
20740006485000,3,2,1,0
20740006487000,8,4,4,276.8
20740006511000,18,8,10,628.2
20740006518000,13,8,5,627.9
20740006519000,1,1,0,0
20740006561000,4,4,0,0
20740006569000,3,1,2,0
20740006570000,17,10,7,792.2
20740006571000,37,19,18,1324.6
20740006585000,11,5,6,568.7
20740006586000,54,29,25,2376
20740006587000,207,92,115,8983.8
20740006588000,26,9,17,964.6
20740006589000,6,5,1,223.8
20740006590000,31,17,14,1506.6
20740006635000,6,2,4,364.8
20740006650000,9,4,5,419.4
20740006723000,7,4,3,317.8
20740006724000,1,1,0,0
20740006774000,30,14,16,1407
20740006775000,4,2,2,0
20740006800000,2,1,1,0
20740006810000,1,1,0,0
20740006811000,2,1,1,0
20740006812000,3,1,2,0
20740006813000,10,7,3,283
20740006814000,109,52,57,4828.7
20740006815000,8,3,5,296.8
20740006816000,7,4,3,210.7
20740006843000,10,5,5,324
20740006844000,14,9,5,610.4
20740006845000,2,1,1,0
20740006849000,2,1,1,0
20740006884000,12,8,4,346.8
20740006885000,22,10,12,778.8
20740006893000,39,21,18,1298.7
20740006894000,3,1,2,0
20740006908000,5,3,2,84
20740006910000,1,0,1,0
20740006939000,1,1,0,0
20740006949000,58,31,27,2076.4
20740006955000,7,4,3,277.9
20740006956000,21,10,11,651
20740006957000,470,239,231,17437
20740006959000,30,16,14,1146
20740006960000,2,1,1,0
20740006961000,43,22,21,1427.6
20740006976000,280,139,141,12460
20740006977000,252,121,131,10029.6
20740006978000,25,16,9,685
20740006981000,10,6,4,473
20750006459000,24,10,14,897.6
20750006460000,219,106,113,8935.2
20750006461000,881,436,445,30042.1
20750006462000,115,50,65,6095
20750006474000,7,3,4,380.1
20750006475000,5,3,2,197
20750006476000,1,0,1,0
20750006477000,18,9,9,873
20750006478000,14,6,8,519.4
20750006479000,30,15,15,1497
20750006480000,8,4,4,320
20750006482000,6,3,3,133.8
20750006485000,9,2,7,194.4
20750006486000,14,7,7,600.6
20750006487000,17,11,6,409.7
20750006492000,2,1,1,0
20750006494000,125,60,65,5100
20750006495000,2,1,1,0
20750006506000,10,6,4,354
20750006507000,3,1,2,0
20750006508000,5,4,1,95
20750006561000,21,13,8,980.7
20750006588000,38,21,17,1371.8
20750006589000,75,38,37,2580
20750006590000,52,30,22,1544.4
20750006635000,7,3,4,368.2
20750006646000,2,1,1,0
20750006649000,2,1,1,0
20750006650000,7,3,4,233.1
20750006721000,3,3,0,0
20750006722000,17,9,8,719.1
20750006723000,10,6,4,457
20750006724000,7,4,3,217
20750006774000,6,4,2,240
20750006776000,34,18,16,1523.2
20750006777000,6,4,2,379.8
20750006798000,2,1,1,0
20750006799000,3,2,1,0
20750006813000,150,71,79,5025
20750006814000,656,332,324,22369.6
20750006842000,6,3,3,163.8
20750006843000,12,8,4,488.4
20750006884000,16,8,8,457.6
20750006893000,15,7,8,615
20750006894000,3,2,1,0
20750006910000,201,101,100,7537.5
20750006911000,13,5,8,426.4
20750006923000,13,7,6,397.8
20750006928000,2,1,1,0
20750006949000,13,6,7,469.3
20750006954000,41,19,22,1320.2
20750006956000,16,7,9,729.6
20750006957000,4,2,2,0
20750006959000,30,17,13,1281
20750006960000,3,2,1,0
20750006961000,1,0,1,0
20750006964000,27,13,14,899.1
20750006978000,43,21,22,1672.7
20750006979000,78,37,41,2581.8
20750006980000,29,16,13,783
20750006988000,3,2,1,0
20750006989000,6,2,4,217.8
20760006459000,122,61,61,4501.8
20760006460000,1325,651,674,52337.5
20760006461000,420,210,210,16632
20760006462000,267,125,142,14151
20760006469000,3,1,2,0
20760006473000,29,13,16,1281.8
20760006474000,22,9,13,941.6
20760006479000,17,7,10,552.5
20760006480000,2,1,1,0
20760006483000,17,9,8,460.7
20760006485000,44,26,18,1350.8
20760006492000,18,7,11,592.2
20760006493000,54,29,25,1760.4
20760006494000,169,75,94,6658.6
20760006495000,24,12,12,912
20760006500000,4,3,1,0
20760006506000,2,1,1,0
20760006509000,10,4,6,248
20760006510000,1,0,1,0
20760006516000,5,2,3,185
20760006517000,19,9,10,638.4
20760006589000,7,3,4,398.3
20760006590000,1,0,1,0
20760006602000,1,1,0,0
20760006647000,2,1,1,0
20760006722000,2,1,1,0
20760006777000,154,74,80,6391
20760006813000,759,373,386,26337.3
20760006814000,1299,629,670,56766.3
20760006815000,27,14,13,807.3
20760006817000,4,2,2,0
20760006841000,20,11,9,1058
20760006842000,36,21,15,1774.8
20760006892000,32,15,17,950.4
20760006893000,2,1,1,0
20760006894000,1,1,0,0
20760006909000,3,2,1,0
20760006910000,43,21,22,2678.9
20760006946000,27,15,12,1023.3
20760006947000,56,35,21,1915.2
20760006948000,43,22,21,1939.3
20760006949000,18,9,9,527.4
20760006954000,52,27,25,2168.4
20760006959000,2,1,1,0
20760006961000,9,7,2,414
20760006964000,7,6,1,305.9
20760006973000,21,13,8,840
20760006976000,5,3,2,339
20760006979000,106,56,50,4123.4
20760006980000,14,6,8,523.6
20760006983000,12,8,4,585.6
20770006457000,11,6,5,508.2
20770006459000,531,262,269,17204.4
20770006460000,774,381,393,28328.4
20770006461000,331,161,170,13405.5
20770006462000,408,192,216,16238.4
20770006463000,43,22,21,1578.1
20770006468000,21,10,11,751.8
20770006470000,18,9,9,478.8
20770006471000,122,65,57,4526.2
20770006472000,91,50,41,3057.6
20770006473000,29,15,14,1136.8
20770006475000,20,10,10,854
20770006479000,4,3,1,0
20770006480000,3,1,2,0
20770006481000,3,1,2,0
20770006483000,10,3,7,476
20770006484000,22,9,13,627
20770006485000,1,1,0,0
20770006486000,17,8,9,773.5
20770006488000,7,2,5,308
20770006489000,5,1,4,96
20770006493000,3,1,2,0
20770006496000,42,21,21,1373.4
20770006497000,61,28,33,2476.6
20770006507000,6,4,2,327
20770006509000,10,5,5,361
20770006515000,3,2,1,0
20770006516000,4,2,2,0
20770006645000,5,2,3,109
20770006776000,18,11,7,676.8
20770006777000,247,119,128,9311.9
20770006778000,202,106,96,7979
20770006779000,163,83,80,6829.7
20770006780000,2,1,1,0
20770006782000,22,11,11,803
20770006811000,157,76,81,6091.6
20770006812000,179,93,86,5370
20770006813000,41,17,24,1660.5
20770006814000,425,218,207,15725
20770006815000,34,16,18,1383.8
20770006816000,23,13,10,1267.3
20770006840000,3,2,1,0
20770006880000,4,2,2,0
20770006892000,4,3,1,0
20770006893000,10,5,5,328
20770006894000,15,9,6,558
20770006908000,5,2,3,193
20770006909000,15,7,8,667.5
20770006930000,10,5,5,424
20770006948000,2,1,1,0
20770006952000,3,2,1,0
20770006954000,99,46,53,3712.5
20770006973000,13,6,7,638.3
20770006976000,13,7,6,607.1
20770006979000,2,1,1,0
20770006980000,34,17,17,1655.8
20770006981000,83,42,41,3668.6
20770006982000,43,21,22,1943.6
20770006983000,53,27,26,1923.9
20780006456000,1,1,0,0
20780006457000,10,5,5,493
20780006458000,1,1,0,0
20780006459000,98,50,48,3283
20780006460000,811,408,403,29033.8
20780006461000,45,24,21,1494
20780006462000,5,4,1,141
20780006463000,32,19,13,1312
20780006464000,26,13,13,1125.8
20780006465000,1,1,0,0
20780006467000,350,187,163,13650
20780006468000,638,281,357,30241.2
20780006469000,180,95,85,6660
20780006470000,625,309,316,22187.5
20780006471000,5,3,2,133
20780006473000,6,2,4,217.8
20780006475000,1,1,0,0
20780006477000,7,5,2,301.7
20780006479000,2,1,1,0
20780006480000,13,8,5,452.4
20780006481000,10,6,4,504
20780006483000,16,8,8,454.4
20780006484000,38,18,20,1280.6
20780006485000,12,8,4,514.8
20780006486000,19,10,9,632.7
20780006487000,2,0,2,0
20780006489000,4,2,2,0
20780006491000,3,1,2,0
20780006492000,2,0,2,0
20780006497000,28,13,15,991.2
20780006506000,4,2,2,0
20780006508000,6,4,2,148.2
20780006511000,6,2,4,201
20780006512000,31,12,19,1345.4
20780006514000,2,1,1,0
20780006515000,34,14,20,1343
20780006558000,4,2,2,0
20780006559000,12,6,6,444
20780006561000,4,1,3,0
20780006721000,4,2,2,0
20780006775000,12,6,6,472.8
20780006776000,39,21,18,1591.2
20780006779000,13,6,7,536.9
20780006801000,2,1,1,0
20780006811000,204,96,108,6222
20780006812000,28,15,13,865.2
20780006814000,16,6,10,702.4
20780006815000,58,27,31,2378
20780006816000,70,37,33,2597
20780006880000,9,3,6,433.8
20780006893000,8,5,3,299.2
20780006894000,11,6,5,441.1
20780006902000,5,3,2,286
20780006908000,3,1,2,0
20780006913000,5,2,3,159
20780006930000,54,31,23,1641.6
20780006931000,29,14,15,1252.8
20780006932000,2,1,1,0
20780006933000,2,1,1,0
20780006952000,12,7,5,524.4
20780006953000,38,23,15,1561.8
20780006954000,417,214,203,17222.1
20780006955000,77,38,39,2902.9
20780006956000,20,10,10,928
20780006973000,53,31,22,2146.5
20780006974000,6,5,1,175.8
20780006979000,2,1,1,0
20780006980000,125,62,63,5062.5
20780006981000,18,8,10,639
20780006982000,32,23,9,1043.2
20790006458000,45,24,21,2025
20790006459000,879,444,435,30149.7
20790006460000,33,20,13,1237.5
20790006461000,13,4,9,434.2
20790006464000,489,246,243,18630.9
20790006465000,100,54,46,3770
20790006466000,279,150,129,10267.2
20790006467000,96,52,44,4089.6
20790006468000,24,13,11,1248
20790006469000,508,274,234,15900.4
20790006470000,123,56,67,4071.3
20790006471000,4,3,1,0
20790006473000,10,5,5,210
20790006474000,13,6,7,409.5
20790006475000,7,5,2,378.7
20790006478000,6,4,2,238.8
20790006479000,31,14,17,973.4
20790006480000,185,94,91,6512
20790006481000,77,37,40,2317.7
20790006483000,6,3,3,195
20790006484000,10,4,6,479
20790006485000,25,16,9,1160
20790006487000,3,0,3,0
20790006488000,8,5,3,288
20790006489000,7,3,4,289.8
20790006490000,6,4,2,253.8
20790006491000,4,2,2,0
20790006495000,5,2,3,103
20790006499000,5,4,1,192
20790006500000,4,2,2,0
20790006503000,5,3,2,277
20790006504000,16,11,5,468.8
20790006505000,16,8,8,769.6
20790006506000,57,29,28,1613.1
20790006507000,58,30,28,2523
20790006508000,19,11,8,651.7
20790006509000,1,1,0,0
20790006511000,10,5,5,477
20790006512000,35,22,13,1372
20790006513000,206,108,98,6365.4
20790006514000,111,58,53,4506.6
20790006515000,14,10,4,406
20790006548000,14,10,4,362.6
20790006549000,4,3,1,0
20790006555000,2,1,1,0
20790006557000,15,9,6,693
20790006558000,24,13,11,1233.6
20790006559000,3,3,0,0
20790006560000,6,4,2,177
20790006561000,5,3,2,89
20790006645000,2,1,1,0
20790006774000,24,10,14,1008
20790006775000,42,21,21,1953
20790006777000,1,1,0,0
20790006778000,7,4,3,179.9
20790006811000,19,9,10,526.3
20790006815000,1,1,0,0
20790006816000,1,1,0,0
20790006817000,30,15,15,1401
20790006822000,2,1,1,0
20790006837000,2,1,1,0
20790006877000,10,6,4,409
20790006893000,2,0,2,0
20790006904000,8,5,3,419.2
20790006905000,13,7,6,466.7
20790006906000,40,19,21,1500
20790006907000,6,3,3,327
20790006908000,12,5,7,367.2
20790006913000,8,4,4,356
20790006925000,12,7,5,484.8
20790006926000,3,2,1,0
20790006927000,3,2,1,0
20790006928000,45,24,21,1674
20790006929000,38,20,18,1474.4
20790006930000,67,33,34,2787.2
20790006931000,11,5,6,543.4
20790006932000,23,11,12,1138.5
20790006940000,2,1,1,0
20790006952000,62,31,31,3000.8
20790006953000,28,14,14,837.2
20790006954000,401,190,211,17804.4
20790006955000,161,79,82,5844.3
20790006956000,15,9,6,685.5
20790006957000,5,3,2,293
20790006973000,51,24,27,2427.6
20790006976000,1,0,1,0
20790006977000,66,33,33,2098.8
20790006979000,2,0,2,0
20790006981000,14,5,9,383.6
20800006458000,2,2,0,0
20800006459000,74,36,38,3307.8
20800006465000,178,81,97,4289.8
20800006466000,40,25,15,1216
20800006467000,55,27,28,2238.5
20800006469000,204,101,103,6772.8
20800006470000,584,302,282,15359.2
20800006471000,11,8,3,481.8
20800006476000,4,1,3,0
20800006479000,31,16,15,1348.5
20800006480000,59,33,26,1421.9
20800006481000,41,20,21,1098.8
20800006482000,27,13,14,1109.7
20800006483000,63,33,30,2475.9
20800006484000,79,39,40,3120.5
20800006485000,10,4,6,424
20800006487000,2,1,1,0
20800006488000,5,3,2,272
20800006503000,3,2,1,0
20800006504000,7,4,3,350
20800006509000,9,7,2,270
20800006510000,5,2,3,338
20800006512000,3,1,2,0
20800006513000,68,39,29,2624.8
20800006514000,131,57,74,5646.1
20800006515000,33,16,17,1775.4
20800006516000,13,8,5,640.9
20800006527000,3,1,2,0
20800006547000,1,1,0,0
20800006553000,17,11,6,666.4
20800006773000,39,18,21,1591.2
20800006774000,13,6,7,487.5
20800006810000,57,31,26,2451
20800006811000,3,1,2,0
20800006817000,43,19,24,1629.7
20800006818000,21,10,11,837.9
20800006819000,11,3,8,305.8
20800006820000,1,1,0,0
20800006822000,34,17,17,1591.2
20800006823000,1,1,0,0
20800006891000,5,3,2,239
20800006892000,2,1,1,0
20800006904000,35,20,15,1547
20800006920000,10,6,4,293
20800006923000,7,3,4,273
20800006924000,3,1,2,0
20800006925000,28,16,12,1478.4
20800006926000,4,2,2,0
20800006927000,16,6,10,665.6
20800006928000,22,10,12,1001
20800006932000,31,15,16,1717.4
20800006933000,46,26,20,1784.8
20800006934000,237,117,120,8437.2
20800006940000,9,5,4,331.2
20800006952000,111,60,51,4007.1
20800006953000,27,14,13,1158.3
20800006954000,165,88,77,6468
20800006955000,8,3,5,440
20800006967000,3,2,1,0
20800006973000,11,7,4,474.1
20800006977000,22,12,10,990
20800006982000,4,2,2,0
20810006458000,1,1,0,0
20810006459000,2,1,1,0
20810006466000,85,40,45,3026
20810006467000,13,8,5,391.3
20810006468000,3,2,1,0
20810006470000,4,2,2,0
20810006471000,18,9,9,907.2
20810006476000,6,3,3,175.2
20810006478000,9,4,5,507.6
20810006479000,28,15,13,1223.6
20810006483000,246,124,122,8019.6
20810006484000,165,77,88,5379
20810006487000,1,1,0,0
20810006493000,1,1,0,0
20810006497000,11,6,5,445.5
20810006501000,4,2,2,0
20810006512000,15,5,10,535.5
20810006515000,21,11,10,898.8
20810006516000,222,102,120,8835.6
20810006517000,16,8,8,617.6
20810006522000,9,7,2,407.7
20810006525000,12,8,4,358.8
20810006527000,5,3,2,274
20810006546000,3,2,1,0
20810006550000,13,5,8,681.2
20810006561000,1,0,1,0
20810006645000,29,17,12,1148.4
20810006646000,5,2,3,134
20810006810000,41,19,22,1537.5
20810006822000,115,62,53,4899
20810006823000,36,18,18,1555.2
20810006890000,10,5,5,385
20810006891000,21,12,9,877.8
20810006933000,5,3,2,235
20810006934000,666,327,339,25641
20810006935000,307,171,136,11911.6
20810006951000,43,26,17,1638.3
20810006952000,32,17,15,1382.4
20810006953000,13,6,7,334.1
20810006954000,54,24,30,2046.6
20810006968000,24,10,14,885.6
20810006969000,12,8,4,409.2
20810006972000,18,9,9,766.8
20810006977000,10,5,5,482
20810006982000,2,1,1,0
20810006995000,14,8,6,887.6
20820006459000,31,12,19,1060.2
20820006460000,9,4,5,349.2
20820006466000,24,8,16,811.2
20820006468000,1,1,0,0
20820006473000,22,11,11,1005.4
20820006474000,3,1,2,0
20820006477000,3,1,2,0
20820006478000,10,5,5,482
20820006479000,1,1,0,0
20820006482000,50,27,23,1895
20820006483000,46,26,20,1430.6
20820006484000,1,0,1,0
20820006485000,3,1,2,0
20820006486000,1,1,0,0
20820006487000,8,4,4,350.4
20820006494000,1,0,1,0
20820006496000,8,3,5,308
20820006499000,1,0,1,0
20820006515000,12,6,6,397.2
20820006516000,979,466,513,41411.7
20820006517000,77,34,43,3041.5
20820006518000,10,6,4,370
20820006519000,5,3,2,301
20820006521000,12,6,6,426
20820006523000,3,2,1,0
20820006524000,8,3,5,296.8
20820006525000,52,24,28,1944.8
20820006534000,2,1,1,0
20820006547000,1,0,1,0
20820006553000,34,20,14,1533.4
20820006554000,6,2,4,286.8
20820006645000,91,41,50,3803.8
20820006646000,14,8,6,712.6
20820006650000,7,5,2,378
20820006807000,27,12,15,1039.5
20820006808000,486,238,248,18711
20820006809000,367,199,168,11744
20820006810000,51,25,26,2091
20820006811000,6,3,3,226.8
20820006820000,49,28,21,1122.1
20820006821000,159,80,79,3593.4
20820006822000,78,40,38,3369.6
20820006823000,104,49,55,3816.8
20820006889000,17,12,5,537.2
20820006890000,8,3,5,276
20820006893000,6,2,4,208.8
20820006894000,68,35,33,2203.2
20820006903000,10,5,5,457
20820006904000,22,9,13,1080.2
20820006933000,128,64,64,4441.6
20820006934000,584,271,313,26864
20820006935000,164,82,82,7150.4
20820006950000,28,15,13,1195.6
20820006951000,22,12,10,776.6
20820006961000,6,4,2,223.2
20820006968000,26,15,11,824.2
20820006969000,246,125,121,9274.2
20820006970000,20,11,9,1046
20820006977000,26,14,12,956.8
20820006990000,10,5,5,323
20820006991000,5,2,3,142
20820006994000,14,8,6,705.6
20830006459000,2,1,1,0
20830006460000,4,2,2,0
20830006461000,5,3,2,191
20830006464000,20,9,11,908
20830006466000,445,251,194,15308
20830006467000,727,375,352,23700.2
20830006471000,4,0,4,0
20830006473000,22,11,11,644.6
20830006474000,88,46,42,2772
20830006475000,162,91,71,5734.8
20830006485000,14,9,5,484.4
20830006486000,1,1,0,0
20830006487000,14,8,6,435.4
20830006488000,31,17,14,1078.8
20830006492000,5,3,2,161
20830006496000,9,5,4,198
20830006501000,2,1,1,0
20830006504000,4,1,3,0
20830006505000,10,3,7,237
20830006507000,5,3,2,131
20830006508000,5,4,1,148
20830006509000,4,3,1,0
20830006512000,8,4,4,286.4
20830006513000,4,2,2,0
20830006514000,12,5,7,622.8
20830006515000,1,0,1,0
20830006516000,310,152,158,11284
20830006517000,242,113,129,9341.2
20830006518000,13,8,5,425.1
20830006521000,25,15,10,895
20830006523000,4,2,2,0
20830006524000,4,2,2,0
20830006525000,365,184,181,14965
20830006526000,2,2,0,0
20830006527000,4,2,2,0
20830006544000,2,1,1,0
20830006545000,5,2,3,148
20830006553000,3,1,2,0
20830006554000,9,6,3,494.1
20830006555000,1,1,0,0
20830006565000,5,2,3,97
20830006643000,1,1,0,0
20830006644000,2,1,1,0
20830006645000,73,43,30,3095.2
20830006646000,75,38,37,2775
20830006648000,2,1,1,0
20830006773000,20,12,8,854
20830006807000,14,9,5,740.6
20830006808000,161,79,82,5361.3
20830006809000,27,16,11,1244.7
20830006810000,73,43,30,2606.1
20830006821000,232,122,110,7215.2
20830006822000,138,57,81,7065.6
20830006823000,159,83,76,6693.9
20830006824000,30,16,14,1167
20830006889000,51,23,28,2080.8
20830006902000,9,6,3,462.6
20830006931000,4,2,2,0
20830006932000,123,63,60,5559.6
20830006933000,238,124,114,9710.4
20830006934000,376,197,179,15942.4
20830006935000,94,42,52,3750.6
20830006950000,9,6,3,558.9
20830006951000,77,45,32,3411.1
20830006961000,2,1,1,0
20830006968000,30,16,14,1332
20830006969000,13,6,7,696.8
20830006977000,24,14,10,1003.2
20830006982000,32,15,17,1433.6
20830006990000,65,35,30,2398.5
20830006991000,178,90,88,7280.2
20830006993000,40,22,18,1916
20840006461000,226,108,118,9085.2
20840006462000,1033,527,506,37601.2
20840006463000,1621,835,786,50899.4
20840006464000,2168,1052,1116,84552
20840006465000,1732,894,838,62698.4
20840006466000,1243,638,605,43380.7
20840006467000,1026,507,519,27702
20840006470000,4,3,1,0
20840006471000,445,188,257,18779
20840006472000,118,63,55,3610.8
20840006473000,306,161,145,11260.8
20840006474000,526,260,266,18515.2
20840006475000,592,314,278,20246.4
20840006488000,45,21,24,1543.5
20840006489000,10,3,7,417
20840006492000,8,5,3,404
20840006493000,8,3,5,235.2
20840006501000,3,1,2,0
20840006508000,3,1,2,0
20840006513000,8,5,3,246.4
20840006514000,5,4,1,325
20840006515000,11,5,6,477.4
20840006517000,66,38,28,2310
20840006524000,12,6,6,585.6
20840006525000,5,2,3,212
20840006528000,9,5,4,180
20840006529000,46,24,22,2111.4
20840006530000,1,0,1,0
20840006531000,3,2,1,0
20840006534000,1,0,1,0
20840006535000,1,1,0,0
20840006542000,111,57,54,4950.6
20840006543000,85,38,47,3272.5
20840006544000,24,14,10,1123.2
20840006555000,11,4,7,382.8
20840006645000,89,47,42,3720.2
20840006773000,56,35,21,2699.2
20840006806000,11,5,6,381.7
20840006807000,75,43,32,3315
20840006820000,18,8,10,691.2
20840006821000,110,51,59,3993
20840006822000,111,62,49,4095.9
20840006823000,89,41,48,3426.5
20840006825000,2,1,1,0
20840006828000,3,2,1,0
20840006887000,2,1,1,0
20840006888000,25,13,12,1372.5
20840006931000,57,31,26,2798.7
20840006932000,5,3,2,144
20840006946000,17,9,8,584.8
20840006947000,50,23,27,1620
20840006949000,1,1,0,0
20840006950000,5,2,3,170
20840006951000,47,22,25,1912.9
20840006952000,1,0,1,0
20840006958000,4,2,2,0
20840006964000,25,13,12,970
20840006967000,25,13,12,1192.5
20840006968000,13,8,5,505.7
20840006977000,1,0,1,0
20840006982000,14,8,6,609
20840006983000,8,4,4,456.8
20840006989000,15,9,6,652.5
20840006990000,57,30,27,2137.5
20840006991000,75,38,37,3195
20840006992000,40,24,16,1288
20840006993000,2,1,1,0
20850006461000,1105,565,540,42211
20850006462000,1849,927,922,65824.4
20850006463000,1656,829,827,61106.4
20850006464000,2485,1206,1279,109091.5
20850006465000,2098,1023,1075,81822
20850006466000,2050,1001,1049,82820
20850006467000,1157,553,604,43387.5
20850006468000,150,81,69,5070
20850006469000,12,8,4,429.6
20850006471000,680,338,342,20332
20850006472000,151,75,76,4771.6
20850006473000,49,28,21,2258.9
20850006474000,95,56,39,3524.5
20850006475000,698,369,329,24848.8
20850006476000,259,127,132,8987.3
20850006477000,50,23,27,2175
20850006483000,2,2,0,0
20850006488000,63,32,31,2305.8
20850006489000,22,9,13,605
20850006490000,10,4,6,290
20850006493000,35,18,17,1186.5
20850006494000,34,18,16,1288.6
20850006495000,11,5,6,364.1
20850006499000,4,2,2,0
20850006501000,44,23,21,1408
20850006502000,8,3,5,304
20850006503000,4,2,2,0
20850006504000,4,2,2,0
20850006505000,1,1,0,0
20850006513000,7,2,5,335.3
20850006514000,20,12,8,676
20850006515000,35,18,17,1242.5
20850006517000,5,4,1,165
20850006518000,15,9,6,406.5
20850006528000,5,3,2,179
20850006529000,35,18,17,1550.5
20850006539000,23,11,12,1007.4
20850006540000,9,5,4,246.6
20850006543000,44,19,25,1702.8
20850006555000,5,2,3,330
20850006644000,4,3,1,0
20850006645000,22,9,13,785.4
20850006775000,4,1,3,0
20850006806000,1,1,0,0
20850006807000,15,6,9,808.5
20850006820000,50,18,32,2135
20850006821000,52,25,27,1804.4
20850006822000,7,3,4,191.8
20850006825000,16,7,9,825.6
20850006826000,3,2,1,0
20850006840000,20,12,8,922
20850006859000,8,3,5,334.4
20850006886000,10,7,3,563
20850006887000,25,13,12,1160
20850006888000,1,1,0,0
20850006890000,10,6,4,427
20850006929000,7,5,2,273
20850006942000,36,18,18,1508.4
20850006946000,9,5,4,326.7
20850006947000,23,10,13,954.5
20850006950000,5,2,3,298
20850006964000,61,33,28,2494.9
20850006965000,42,22,20,1944.6
20850006967000,8,4,4,300
20850006977000,4,2,2,0
20850006978000,7,5,2,212.1
20850006979000,2,1,1,0
20850006982000,3,1,2,0
20850006987000,3,1,2,0
20850006988000,29,11,18,1026.6
20850006989000,8,4,4,143.2
20850006990000,25,14,11,1175
20850006991000,10,7,3,307
20850006992000,10,5,5,171
20850006993000,8,5,3,270.4
20850006994000,24,12,12,1149.6
20860006457000,8,5,3,266.4
20860006458000,508,264,244,15798.8
20860006459000,9,3,6,230.4
20860006460000,29,14,15,994.7
20860006461000,564,271,293,23970
20860006462000,1545,748,797,58555.5
20860006463000,217,113,104,8094.1
20860006464000,413,222,191,15611.4
20860006465000,479,246,233,18249.9
20860006466000,1847,881,966,73325.9
20860006467000,1257,614,643,45503.4
20860006470000,3,3,0,0
20860006471000,15,9,6,582
20860006476000,21,12,9,783.3
20860006477000,499,255,244,18562.8
20860006478000,219,116,103,7949.7
20860006479000,97,52,45,2551.1
20860006480000,48,19,29,1713.6
20860006492000,6,4,2,259.2
20860006493000,2,1,1,0
20860006494000,55,34,21,1864.5
20860006495000,130,65,65,4017
20860006496000,2,1,1,0
20860006497000,13,7,6,479.7
20860006499000,9,6,3,276.3
20860006500000,7,4,3,245
20860006501000,48,17,31,1694.4
20860006502000,104,48,56,4815.2
20860006503000,5,4,1,115
20860006508000,7,4,3,394.1
20860006517000,21,11,10,548.1
20860006518000,87,50,37,3358.2
20860006529000,17,7,10,530.4
20860006533000,11,4,7,393.8
20860006534000,21,9,12,1260
20860006544000,11,5,6,438.9
20860006545000,47,24,23,2326.5
20860006546000,13,5,8,872.3
20860006548000,8,4,4,362.4
20860006626000,2,1,1,0
20860006644000,9,4,5,206.1
20860006821000,4,3,1,0
20860006822000,8,5,3,338.4
20860006824000,1,0,1,0
20860006825000,33,14,19,1399.2
20860006826000,76,37,39,3214.8
20860006827000,51,27,24,2218.5
20860006828000,8,3,5,460
20860006840000,1,0,1,0
20860006858000,13,8,5,569.4
20860006884000,13,5,8,509.6
20860006885000,16,7,9,812.8
20860006889000,48,21,27,1699.2
20860006890000,8,2,6,290.4
20860006941000,6,2,4,181.8
20860006942000,489,238,251,18630.9
20860006945000,3,1,2,0
20860006946000,1,1,0,0
20860006964000,139,87,52,6574.7
20860006965000,139,70,69,5573.9
20860006966000,298,163,135,10906.8
20860006967000,300,155,145,10950
20860006968000,108,64,44,3682.8
20860006970000,41,22,19,1410.4
20860006971000,108,57,51,3229.2
20860006972000,32,17,15,1484.8
20860006978000,33,17,16,1399.2
20860006987000,29,13,16,1455.8
20860006988000,11,6,5,464.2
20860006989000,44,29,15,2134
20860006990000,7,4,3,459.9
20860006991000,18,8,10,658.8
20860006992000,18,8,10,896.4
20860006993000,24,10,14,919.2
20870006457000,64,23,41,1766.4
20870006458000,982,478,504,37807
20870006459000,696,365,331,21158.4
20870006462000,599,302,297,18628.9
20870006466000,1611,805,806,64278.9
20870006467000,1226,605,621,46465.4
20870006468000,85,46,39,2941
20870006469000,563,280,283,20774.7
20870006477000,408,215,193,15463.2
20870006478000,640,319,321,23232
20870006479000,1217,623,594,43203.5
20870006480000,1014,479,535,39850.2
20870006481000,98,46,52,3155.6
20870006482000,14,6,8,663.6
20870006490000,9,4,5,313.2
20870006498000,12,7,5,621.6
20870006500000,14,5,9,558.6
20870006501000,40,18,22,1716
20870006502000,64,36,28,2611.2
20870006503000,1,1,0,0
20870006504000,4,3,1,0
20870006505000,4,2,2,0
20870006506000,10,7,3,414
20870006507000,1,1,0,0
20870006508000,6,1,5,130.2
20870006509000,5,2,3,147
20870006514000,1,1,0,0
20870006515000,6,3,3,232.2
20870006517000,10,7,3,448
20870006526000,4,3,1,0
20870006534000,6,2,4,328.8
20870006535000,3,1,2,0
20870006545000,7,5,2,140
20870006546000,3,2,1,0
20870006644000,20,13,7,876
20870006649000,10,5,5,321
20870006800000,3,2,1,0
20870006822000,1,1,0,0
20870006823000,10,5,5,418
20870006825000,6,3,3,211.2
20870006826000,13,4,9,512.2
20870006827000,27,13,14,1088.1
20870006828000,24,15,9,1178.4
20870006829000,16,7,9,712
20870006833000,38,19,19,1451.6
20870006835000,10,6,4,329
20870006839000,1,0,1,0
20870006858000,3,2,1,0
20870006889000,8,5,3,224.8
20870006942000,133,66,67,6304.2
20870006943000,7,3,4,240.1
20870006949000,2,2,0,0
20870006960000,3,2,1,0
20870006967000,38,18,20,1421.2
20870006968000,193,98,95,7025.2
20870006969000,18,10,8,666
20870006970000,14,6,8,380.8
20870006971000,63,29,34,2129.4
20870006972000,11,7,4,500.5
20870006978000,4,2,2,0
20870006983000,3,1,2,0
20870006986000,75,35,40,2910
20870006987000,11,6,5,491.7
20870006988000,117,55,62,3907.8
20870006989000,162,61,101,8942.4
20870006990000,268,132,136,10827.2
20870006991000,100,48,52,4040
20870006992000,53,29,24,2316.1
20870006993000,105,49,56,4084.5
20870006994000,16,8,8,593.6
20880006458000,110,53,57,4257
20880006459000,733,378,355,22429.8
20880006465000,26,11,15,1591.2
20880006466000,4942,2435,2507,235239.2
20880006467000,1980,951,1029,77616
20880006468000,969,501,468,32752.2
20880006469000,110,66,44,3553
20880006478000,932,493,439,27214.4
20880006479000,630,307,323,23688
20880006480000,1513,685,828,71867.5
20880006481000,979,469,510,39062.1
20880006482000,61,36,25,2452.2
20880006483000,162,86,76,4876.2
20880006486000,2,2,0,0
20880006488000,5,3,2,216
20880006489000,6,3,3,169.2
20880006492000,2,1,1,0
20880006494000,1,1,0,0
20880006504000,20,13,7,466
20880006505000,5,1,4,146
20880006506000,4,2,2,0
20880006508000,4,2,2,0
20880006509000,4,2,2,0
20880006515000,11,6,5,350.9
20880006517000,7,5,2,289.1
20880006520000,7,5,2,196
20880006649000,1,1,0,0
20880006820000,4,2,2,0
20880006823000,7,5,2,336
20880006824000,3,1,2,0
20880006826000,2,1,1,0
20880006827000,16,7,9,577.6
20880006828000,41,20,21,2021.3
20880006829000,33,20,13,1085.7
20880006831000,2,1,1,0
20880006832000,337,161,176,12974.5
20880006833000,145,81,64,5423
20880006841000,6,3,3,411
20880006858000,12,8,4,506.4
20880006889000,7,5,2,189.7
20880006890000,15,9,6,834
20880006934000,41,17,24,1939.3
20880006942000,133,64,69,4628.4
20880006968000,4,3,1,0
20880006969000,29,16,13,1310.8
20880006970000,13,6,7,561.6
20880006972000,9,5,4,313.2
20880006979000,7,4,3,305.9
20880006980000,13,6,7,647.4
20880006981000,3,2,1,0
20880006986000,21,13,8,896.7
20880006987000,180,92,88,5904
20880006988000,159,75,84,6980.1
20880006989000,2,1,1,0
20880006990000,48,27,21,1492.8
20880006991000,102,50,52,4437
20880006992000,14,8,6,550.2
20880006993000,8,5,3,496
20880006994000,46,26,20,2162
20890006465000,113,54,59,4610.4
20890006466000,3369,1617,1752,142845.6
20890006467000,3239,1498,1741,136685.8
20890006468000,1141,552,589,46895.1
20890006469000,489,247,242,16137
20890006470000,18,8,10,806.4
20890006471000,3,1,2,0
20890006472000,11,8,3,445.5
20890006473000,7,3,4,272.3
20890006477000,1,1,0,0
20890006478000,171,82,89,6327
20890006479000,5,3,2,165
20890006481000,679,357,322,19351.5
20890006482000,298,160,138,10877
20890006483000,52,29,23,1986.4
20890006484000,13,7,6,461.5
20890006487000,21,9,12,959.7
20890006488000,38,21,17,1569.4
20890006496000,6,3,3,159
20890006497000,12,6,6,498
20890006504000,13,9,4,397.8
20890006509000,12,9,3,228
20890006510000,4,3,1,0
20890006523000,1,1,0,0
20890006602000,2,1,1,0
20890006643000,10,4,6,334
20890006649000,1,1,0,0
20890006741000,1,0,1,0
20890006742000,4,2,2,0
20890006819000,12,5,7,490.8
20890006820000,21,10,11,762.3
20890006829000,61,32,29,2488.8
20890006830000,2,1,1,0
20890006831000,396,196,200,13028.4
20890006832000,267,114,153,12362.1
20890006845000,32,16,16,1408
20890006857000,19,9,10,623.2
20890006858000,1,0,1,0
20890006889000,24,12,12,1060.8
20890006890000,11,7,4,453.2
20890006933000,43,21,22,1883.4
20890006934000,82,46,36,3173.4
20890006935000,7,4,3,364
20890006936000,7,2,5,214.2
20890006941000,18,12,6,658.8
20890006942000,8,5,3,394.4
20890006962000,3,2,1,0
20890006968000,18,9,9,783
20890006969000,23,14,9,1115.5
20890006972000,17,9,8,691.9
20890006990000,41,23,18,1381.7
20890006991000,25,11,14,590
20890006992000,18,11,7,696.6
20890006993000,4,3,1,0
20890006994000,24,14,10,964.8
20890007000000,94,37,57,5564.8
20890007001000,278,133,145,10703
20900006466000,240,116,124,7464
20900006467000,241,137,104,8001.2
20900006468000,1568,764,804,66953.6
20900006469000,1425,713,712,47025
20900006470000,512,263,249,16435.2
20900006471000,293,139,154,10108.5
20900006472000,593,298,295,20755
20900006473000,23,11,12,825.7
20900006474000,40,18,22,1584
20900006475000,109,59,50,3956.7
20900006476000,1,1,0,0
20900006479000,7,4,3,415.8
20900006482000,35,19,16,1239
20900006483000,7,4,3,245.7
20900006484000,14,8,6,413
20900006485000,138,70,68,4540.2
20900006486000,61,28,33,1939.8
20900006491000,8,3,5,252
20900006498000,2,1,1,0
20900006504000,7,4,3,258.3
20900006508000,11,5,6,393.8
20900006514000,6,4,2,322.2
20900006515000,1,0,1,0
20900006642000,5,4,1,72
20900006643000,6,3,3,301.8
20900006649000,9,6,3,395.1
20900006742000,2,1,1,0
20900006795000,5,3,2,332
20900006796000,5,3,2,236
20900006803000,1,0,1,0
20900006828000,13,7,6,552.5
20900006829000,1,1,0,0
20900006831000,3,2,1,0
20900006843000,2,1,1,0
20900006844000,7,5,2,233.1
20900006845000,5,2,3,366
20900006847000,8,6,2,252
20900006851000,5,2,3,360
20900006852000,1,1,0,0
20900006853000,8,4,4,444
20900006857000,86,34,52,3268
20900006889000,5,4,1,88
20900006890000,24,10,14,1017.6
20900006933000,43,22,21,1677
20900006940000,9,3,6,425.7
20900006941000,10,3,7,438
20900006967000,8,4,4,255.2
20900006968000,49,26,23,1617
20900006969000,25,15,10,765
20900006972000,5,2,3,264
20900006991000,42,19,23,1419.6
20900006992000,41,19,22,1738.4
20900006993000,11,4,7,634.7
20900007000000,229,115,114,9389
20900007001000,183,93,90,7173.6
20910006463000,34,24,10,1244.4
20910006465000,571,293,278,22211.9
20910006466000,950,483,467,39805
20910006467000,209,110,99,9196
20910006468000,170,87,83,6630
20910006469000,338,177,161,11999
20910006470000,82,41,41,2263.2
20910006471000,89,48,41,2242.8
20910006472000,929,464,465,30006.7
20910006473000,7,3,4,279.3
20910006475000,4,3,1,0
20910006476000,66,30,36,2831.4
20910006479000,4,2,2,0
20910006481000,20,8,12,944
20910006482000,60,34,26,1758
20910006484000,5,2,3,141
20910006485000,2,1,1,0
20910006486000,1,1,0,0
20910006492000,2,0,2,0
20910006494000,2,1,1,0
20910006498000,14,7,7,519.4
20910006499000,8,4,4,312.8
20910006500000,5,4,1,166
20910006509000,6,4,2,306
20910006511000,6,2,4,199.2
20910006514000,1,0,1,0
20910006517000,10,5,5,472
20910006518000,4,2,2,0
20910006523000,3,2,1,0
20910006612000,3,2,1,0
20910006627000,7,5,2,168.7
20910006642000,7,2,5,282.1
20910006649000,12,5,7,690
20910006796000,7,4,3,207.2
20910006797000,10,5,5,474
20910006798000,2,1,1,0
20910006803000,1,1,0,0
20910006817000,3,2,1,0
20910006821000,1,1,0,0
20910006825000,12,6,6,630
20910006827000,2,1,1,0
20910006844000,14,7,7,520.8
20910006848000,42,23,19,2041.2
20910006849000,30,15,15,1428
20910006850000,10,4,6,423
20910006851000,3,2,1,0
20910006852000,14,7,7,541.8
20910006853000,16,9,7,520
20910006854000,24,15,9,991.2
20910006855000,18,11,7,925.2
20910006856000,11,6,5,482.9
20910006859000,1,1,0,0
20910006860000,7,3,4,385.7
20910006921000,9,5,4,491.4
20910006922000,5,4,1,278
20910006924000,4,0,4,0
20910006932000,2,1,1,0
20910006937000,11,6,5,388.3
20910006939000,12,5,7,483.6
20910006940000,21,11,10,903
20910006968000,31,17,14,1212.1
20910006969000,13,7,6,530.4
20910006981000,23,11,12,1166.1
20910006982000,4,1,3,0
20910006983000,118,62,56,4472.2
20910006985000,138,71,67,4153.8
20910006986000,280,145,135,8596
20910006987000,13,7,6,551.2
20910006988000,7,3,4,198.8
20910006998000,4,2,2,0
20910006999000,31,16,15,1302
20910007000000,50,27,23,2285
20910007002000,36,19,17,1407.6
20910007003000,8,5,3,208.8
20920006462000,4,3,1,0
20920006463000,65,31,34,1748.5
20920006464000,992,484,508,28768
20920006465000,1308,657,651,45126
20920006466000,1818,904,914,59630.4
20920006467000,1348,666,682,46775.6
20920006472000,3,1,2,0
20920006476000,6,4,2,270
20920006477000,34,20,14,1234.2
20920006478000,5,3,2,121
20920006479000,7,3,4,214.9
20920006480000,4,2,2,0
20920006483000,44,26,18,1201.2
20920006485000,65,35,30,1969.5
20920006488000,19,13,6,524.4
20920006489000,20,7,13,636
20920006498000,37,19,18,1406
20920006502000,3,2,1,0
20920006503000,1,0,1,0
20920006506000,5,3,2,269
20920006509000,2,1,1,0
20920006514000,9,4,5,327.6
20920006523000,1,0,1,0
20920006587000,1,1,0,0
20920006612000,4,3,1,0
20920006613000,4,3,1,0
20920006641000,27,12,15,1223.1
20920006648000,18,10,8,946.8
20920006797000,4,3,1,0
20920006803000,4,2,2,0
20920006816000,1,1,0,0
20920006817000,1,1,0,0
20920006829000,58,30,28,2180.8
20920006830000,2,1,1,0
20920006854000,3,1,2,0
20920006855000,19,10,9,1102
20920006860000,3,2,1,0
20920006890000,4,1,3,0
20920006891000,10,7,3,522
20920006910000,3,2,1,0
20920006911000,3,2,1,0
20920006912000,11,7,4,676.5
20920006913000,1,0,1,0
20920006918000,7,5,2,273
20920006919000,19,8,11,505.4
20920006920000,33,21,12,1554.3
20920006921000,3,2,1,0
20920006922000,10,4,6,309
20920006923000,13,6,7,546
20920006924000,11,6,5,364.1
20920006925000,28,14,14,1142.4
20920006927000,2,1,1,0
20920006932000,8,5,3,318.4
20920006940000,7,5,2,343
20920006967000,15,8,7,595.5
20920006969000,38,19,19,1672
20920006970000,1,1,0,0
20920006980000,15,9,6,606
20920006981000,20,10,10,708
20920006983000,34,18,16,1224
20920006984000,41,23,18,2009
20920006985000,112,52,60,3808
20920006986000,91,43,48,2748.2
20920006987000,103,59,44,3234.2
20920006988000,37,19,18,1024.9
20920006989000,4,2,2,0
20920006997000,23,10,13,793.5
20920006998000,31,17,14,1503.5
20920006999000,92,51,41,3707.6
20920007000000,48,23,25,2016
20920007001000,9,5,4,288
20920007002000,132,74,58,4752
20920007003000,38,20,18,1493.4
20930006460000,2,1,1,0
20930006462000,13,6,7,425.1
20930006463000,1451,730,721,48898.7
20930006464000,913,441,472,23281.5
20930006465000,199,103,96,5373
20930006466000,279,136,143,10323
20930006467000,436,206,230,15390.8
20930006468000,665,303,362,30257.5
20930006469000,749,352,397,27038.9
20930006470000,190,99,91,7505
20930006471000,40,23,17,1888
20930006472000,12,9,3,289.2
20930006478000,14,9,5,774.2
20930006480000,22,10,12,866.8
20930006483000,4,2,2,0
20930006485000,13,4,9,581.1
20930006488000,1,1,0,0
20930006489000,18,9,9,748.8
20930006490000,1,1,0,0
20930006491000,3,2,1,0
20930006492000,12,6,6,427.2
20930006493000,1,1,0,0
20930006494000,3,1,2,0
20930006496000,4,2,2,0
20930006520000,2,2,0,0
20930006521000,1,0,1,0
20930006624000,18,9,9,750.6
20930006630000,6,4,2,198
20930006632000,3,1,2,0
20930006641000,62,30,32,2529.6
20930006647000,9,7,2,279
20930006648000,3,1,2,0
20930006798000,1,1,0,0
20930006803000,13,7,6,452.4
20930006818000,4,1,3,0
20930006824000,4,3,1,0
20930006825000,9,6,3,429.3
20930006830000,16,8,8,713.6
20930006909000,130,61,69,4927
20930006925000,10,6,4,413
20930006926000,29,19,10,1612.4
20930006927000,37,17,20,1509.6
20930006940000,3,2,1,0
20930006962000,14,8,6,803.6
20930006967000,3,1,2,0
20930006969000,318,164,154,10971
20930006970000,1,0,1,0
20930006980000,15,7,8,907.5
20930006981000,2,1,1,0
20930006986000,12,6,6,295.2
20930006987000,137,75,62,5233.4
20930006992000,64,28,36,2112
20930006993000,6,4,2,306
20930006995000,7,4,3,202.3
20930006996000,28,12,16,940.8
20930006997000,58,31,27,2041.6
20930006998000,24,13,11,1108.8
20930006999000,25,12,13,1070
20930007000000,6,4,2,307.2
20930007001000,20,9,11,790
20930007002000,6,3,3,361.2
20930007003000,52,28,24,2652
20940006460000,7,3,4,214.9
20940006461000,50,27,23,1700
20940006462000,107,56,51,4066
20940006463000,64,33,31,2316.8
20940006464000,62,29,33,2281.6
20940006465000,32,17,15,1174.4
20940006466000,43,20,23,1608.2
20940006467000,9,5,4,286.2
20940006468000,1506,751,755,54065.4
20940006469000,1127,544,583,38656.1
20940006470000,673,338,335,25237.5
20940006471000,66,34,32,2758.8
20940006472000,35,17,18,1508.5
20940006473000,33,20,13,1316.7
20940006474000,113,57,56,3469.1
20940006478000,2,1,1,0
20940006479000,25,10,15,1100
20940006480000,21,11,10,684.6
20940006481000,16,8,8,500.8
20940006482000,16,8,8,542.4
20940006485000,43,23,20,1462
20940006488000,2,1,1,0
20940006489000,19,9,10,630.8
20940006490000,9,4,5,278.1
20940006491000,5,3,2,190
20940006493000,7,4,3,377.3
20940006494000,11,7,4,367.4
20940006495000,7,2,5,263.2
20940006496000,12,6,6,454.8
20940006504000,3,1,2,0
20940006507000,2,1,1,0
20940006508000,1,1,0,0
20940006568000,3,2,1,0
20940006611000,1,1,0,0
20940006613000,1,0,1,0
20940006614000,14,5,9,490
20940006615000,4,2,2,0
20940006616000,4,3,1,0
20940006621000,1,1,0,0
20940006622000,25,15,10,1007.5
20940006623000,2,1,1,0
20940006624000,26,10,16,1086.8
20940006625000,29,13,16,1136.8
20940006626000,2,1,1,0
20940006627000,6,3,3,244.2
20940006628000,2,1,1,0
20940006629000,3,1,2,0
20940006630000,5,2,3,197
20940006631000,15,7,8,472.5
20940006632000,11,7,4,537.9
20940006633000,16,7,9,800
20940006634000,31,15,16,1255.5
20940006640000,17,8,9,681.7
20940006641000,4,1,3,0
20940006647000,2,1,1,0
20940006797000,18,5,13,964.8
20940006824000,3,2,1,0
20940006825000,6,2,4,298.8
20940006826000,7,5,2,275.1
20940006830000,15,9,6,649.5
20940006831000,89,49,40,3266.3
20940006861000,11,7,4,396
20940006907000,2,1,1,0
20940006908000,30,12,18,1380
20940006909000,54,31,23,1690.2
20940006926000,4,2,2,0
20940006927000,130,66,64,5434
20940006928000,2,0,2,0
20940006941000,2,1,1,0
20940006954000,25,12,13,957.5
20940006955000,45,22,23,2191.5
20940006957000,53,28,25,1637.7
20940006962000,7,4,3,252
20940006963000,32,14,18,1145.6
20940006966000,3,2,1,0
20940006967000,580,285,295,21286
20940006968000,290,130,160,15950
20940006969000,358,187,171,13138.6
20940006970000,216,110,106,7581.6
20940006971000,9,4,5,367.2
20940006980000,185,95,90,6937.5
20940006985000,9,5,4,306.9
20940006986000,10,5,5,271
20940006987000,19,12,7,807.5
20940006990000,9,6,3,275.4
20940006991000,18,9,9,541.8
20940006992000,7,3,4,249.9
20940006993000,103,47,56,3934.6
20940006994000,17,8,9,744.6
20940006995000,48,22,26,1848
20940006996000,52,27,25,1799.2
20940006997000,10,5,5,351
20940007002000,2,1,1,0
20940007003000,4,2,2,0
20940007004000,6,4,2,195
20950006461000,2,1,1,0
20950006462000,44,26,18,1562
20950006463000,41,28,13,1517
20950006464000,75,39,36,2797.5
20950006465000,48,24,24,2198.4
20950006466000,29,13,16,942.5
20950006472000,104,44,60,4347.2
20950006473000,125,63,62,4625
20950006474000,679,353,326,22746.5
20950006475000,57,29,28,1738.5
20950006479000,8,4,4,500
20950006481000,4,2,2,0
20950006484000,9,4,5,185.4
20950006489000,5,3,2,267
20950006495000,23,15,8,694.6
20950006496000,118,65,53,4401.4
20950006501000,18,8,10,448.2
20950006503000,6,3,3,337.2
20950006508000,11,5,6,478.5
20950006580000,1,1,0,0
20950006588000,7,4,3,385
20950006611000,2,1,1,0
20950006612000,3,2,1,0
20950006613000,2,1,1,0
20950006614000,5,4,1,122
20950006615000,33,21,12,1356.3
20950006630000,8,5,3,318.4
20950006631000,9,5,4,410.4
20950006635000,7,3,4,443.1
20950006636000,6,3,3,318
20950006637000,9,6,3,467.1
20950006638000,14,6,8,582.4
20950006639000,1,0,1,0
20950006646000,7,3,4,221.9
20950006793000,8,6,2,456.8
20950006794000,2,1,1,0
20950006796000,206,99,107,8219.4
20950006797000,361,183,178,14006.8
20950006805000,1,0,1,0
20950006828000,2,2,0,0
20950006829000,1,1,0,0
20950006831000,37,16,21,1376.4
20950006906000,13,7,6,406.9
20950006907000,2,1,1,0
20950006926000,3,2,1,0
20950006941000,1,0,1,0
20950006954000,39,21,18,1860.3
20950006955000,26,14,12,941.2
20950006956000,57,30,27,2508
20950006957000,164,73,91,7822.8
20950006958000,25,12,13,1400
20950006959000,34,15,19,1224
20950006960000,13,7,6,816.4
20950006961000,22,13,9,979
20950006962000,29,13,16,1215.1
20950006963000,180,98,82,6858
20950006964000,26,14,12,1170
20950006965000,46,21,25,1706.6
20950006966000,46,21,25,2226.4
20950006967000,125,58,67,5037.5
20950006968000,208,94,114,10857.6
20950006969000,131,69,62,5554.4
20950006970000,20,8,12,578
20950006980000,45,22,23,2227.5
20950006981000,157,85,72,6955.1
20950006985000,28,14,14,980
20950006986000,35,19,16,1407
20950006990000,29,17,12,1157.1
20950006992000,210,100,110,7518
20950006993000,88,38,50,3660.8
20950006994000,1,1,0,0
20950007004000,90,49,41,4212
20950007005000,8,5,3,480.8
20960006461000,49,27,22,1827.7
20960006462000,25,15,10,1035
20960006463000,19,11,8,710.6
20960006464000,3,2,1,0
20960006465000,11,5,6,452.1
20960006466000,32,16,16,1094.4
20960006468000,1,1,0,0
20960006472000,5,3,2,165
20960006473000,43,25,18,1608.2
20960006474000,148,72,76,6615.6
20960006475000,357,185,172,12852
20960006480000,4,3,1,0
20960006484000,31,16,15,1057.1
20960006490000,3,2,1,0
20960006495000,22,10,12,748
20960006497000,15,7,8,573
20960006498000,6,3,3,291
20960006499000,14,8,6,292.6
20960006502000,2,1,1,0
20960006509000,2,1,1,0
20960006514000,9,5,4,376.2
20960006567000,2,1,1,0
20960006568000,7,5,2,240.8
20960006611000,2,1,1,0
20960006615000,7,4,3,270.2
20960006616000,1,1,0,0
20960006630000,10,5,5,415
20960006631000,15,7,8,504
20960006638000,5,3,2,313
20960006639000,15,9,6,855
20960006640000,1,0,1,0
20960006791000,2,1,1,0
20960006792000,59,32,27,2531.1
20960006793000,18,7,11,759.6
20960006794000,32,18,14,1299.2
20960006795000,14,8,6,679
20960006797000,449,203,246,19800.9
20960006829000,2,1,1,0
20960006831000,27,11,16,1047.6
20960006832000,38,17,21,1295.8
20960006833000,4,2,2,0
20960006926000,3,3,0,0
20960006930000,3,1,2,0
20960006941000,3,1,2,0
20960006952000,6,3,3,208.8
20960006953000,24,15,9,828
20960006954000,26,14,12,1079
20960006955000,29,13,16,1374.6
20960006956000,19,10,9,737.2
20960006957000,5,2,3,161
20960006959000,13,8,5,794.3
20960006960000,15,8,7,637.5
20960006961000,24,14,10,823.2
20960006964000,2,1,1,0
20960006965000,24,15,9,1017.6
20960006966000,18,7,11,707.4
20960006980000,532,252,280,20641.6
20960006981000,676,344,332,26566.8
20960006986000,14,9,5,637
20960006987000,10,6,4,465
20960006988000,17,10,7,440.3
20960006990000,66,30,36,2409
20960006991000,6,3,3,379.2
20960006992000,158,76,82,4503
20960006994000,15,8,7,675
20960006996000,1,1,0,0
20960006997000,8,5,3,312.8
20960007004000,6,3,3,342
20960007005000,38,20,18,1360.4
20970006461000,4,2,2,0
20970006463000,15,6,9,666
20970006464000,22,12,10,884.4
20970006465000,10,4,6,370
20970006466000,2,1,1,0
20970006468000,8,4,4,302.4
20970006469000,3,3,0,0
20970006474000,9,5,4,331.2
20970006475000,35,18,17,1081.5
20970006476000,149,66,83,5632.2
20970006480000,1,1,0,0
20970006484000,27,10,17,693.9
20970006485000,16,8,8,288
20970006490000,1,1,0,0
20970006493000,2,1,1,0
20970006494000,16,7,9,684.8
20970006497000,10,4,6,399
20970006498000,7,3,4,200.2
20970006499000,4,1,3,0
20970006506000,9,5,4,322.2
20970006509000,14,7,7,393.4
20970006514000,14,7,7,560
20970006567000,11,5,6,454.3
20970006588000,16,11,5,694.4
20970006594000,6,4,2,156
20970006597000,1,1,0,0
20970006630000,32,15,17,1296
20970006631000,16,8,8,600
20970006633000,5,3,2,203
20970006645000,11,6,5,480.7
20970006791000,37,22,15,1794.5
20970006792000,4,3,1,0
20970006795000,32,14,18,1475.2
20970006796000,25,15,10,1102.5
20970006797000,160,85,75,5344
20970006809000,2,1,1,0
20970006832000,12,5,7,588
20970006833000,17,7,10,731
20970006834000,60,35,25,2520
20970006835000,17,9,8,569.5
20970006839000,1,1,0,0
20970006840000,4,3,1,0
20970006925000,42,19,23,1478.4
20970006926000,78,38,40,3517.8
20970006927000,1,0,1,0
20970006930000,44,21,23,1733.6
20970006931000,10,5,5,474
20970006941000,3,2,1,0
20970006942000,1,1,0,0
20970006952000,17,11,6,710.6
20970006955000,2,1,1,0
20970006959000,11,6,5,550
20970006960000,58,29,29,2238.8
20970006961000,83,41,42,3627.1
20970006962000,54,27,27,1954.8
20970006963000,21,11,10,707.7
20970006964000,5,2,3,251
20970006965000,15,7,8,417
20970006966000,93,52,41,4268.7
20970006967000,93,46,47,4724.4
20970006968000,12,7,5,550.8
20970006980000,357,173,184,15886.5
20970006981000,153,71,82,5538.6
20970006988000,25,11,14,752.5
20970006989000,141,66,75,4596.6
20970006990000,11,6,5,358.6
20970006992000,9,5,4,200.7
20970006993000,81,46,35,3304.8
20970006994000,21,11,10,974.4
20970006995000,8,3,5,324.8
20970006997000,2,2,0,0
20970006998000,15,7,8,723
20970007000000,2,2,0,0
20970007002000,8,5,3,367.2
20970007005000,2,1,1,0
20970007006000,43,26,17,1573.8
20980006463000,16,9,7,817.6
20980006464000,15,7,8,645
20980006465000,3,2,1,0
20980006466000,2,1,1,0
20980006467000,10,5,5,573
20980006470000,2,1,1,0
20980006476000,57,29,28,2148.9
20980006477000,44,24,20,1610.4
20980006478000,10,3,7,282
20980006494000,11,6,5,379.5
20980006497000,5,2,3,291
20980006498000,23,10,13,890.1
20980006499000,5,2,3,203
20980006500000,7,4,3,350.7
20980006503000,5,2,3,147
20980006504000,2,1,1,0
20980006508000,2,1,1,0
20980006509000,6,3,3,277.8
20980006511000,1,1,0,0
20980006514000,11,6,5,366.3
20980006614000,7,3,4,303.1
20980006628000,5,3,2,266
20980006630000,38,21,17,1683.4
20980006631000,1,1,0,0
20980006644000,18,8,10,696.6
20980006645000,7,4,3,266
20980006659000,1,0,1,0
20980006791000,20,9,11,840
20980006830000,4,2,2,0
20980006835000,198,91,107,10276.2
20980006836000,34,19,15,1159.4
20980006837000,18,9,9,608.4
20980006838000,8,4,4,414.4
20980006924000,6,3,3,412.8
20980006925000,24,12,12,967.2
20980006931000,190,87,103,6536
20980006932000,61,30,31,2525.4
20980006940000,3,2,1,0
20980006943000,2,1,1,0
20980006967000,88,42,46,3977.6
20980006968000,45,25,20,1741.5
20980006980000,661,303,358,28092.5
20980006981000,854,396,458,35526.4
20980006987000,5,2,3,201
20980006989000,65,34,31,2996.5
20980006993000,46,24,22,1844.6
20980006995000,1,1,0,0
20980006999000,21,10,11,1092
20980007000000,16,9,7,632
20980007001000,10,4,6,284
20980007002000,3,2,1,0
20980007005000,8,4,4,371.2
20980007006000,53,26,27,1685.4
20990006465000,19,12,7,585.2
20990006466000,36,18,18,1587.6
20990006467000,29,15,14,1589.2
20990006468000,4,2,2,0
20990006476000,41,22,19,1353
20990006477000,105,51,54,3864
20990006478000,74,36,38,2871.2
20990006479000,8,4,4,296.8
20990006480000,19,10,9,691.6
20990006500000,6,1,5,121.2
20990006501000,7,5,2,214.9
20990006504000,3,1,2,0
20990006507000,10,5,5,348
20990006508000,40,19,21,1556
20990006546000,5,1,4,154
20990006575000,1,1,0,0
20990006576000,1,1,0,0
20990006587000,3,2,1,0
20990006594000,1,1,0,0
20990006610000,2,1,1,0
20990006611000,7,6,1,294
20990006613000,1,1,0,0
20990006628000,12,8,4,546
20990006629000,37,22,15,1550.3
20990006630000,34,22,12,1213.8
20990006637000,23,12,11,1113.2
20990006790000,17,10,7,710.6
20990006791000,42,24,18,1478.4
20990006809000,1,1,0,0
20990006811000,1,0,1,0
20990006832000,8,4,4,332.8
20990006835000,22,13,9,825
20990006836000,6,3,3,279
20990006929000,2,1,1,0
20990006931000,183,78,105,9259.8
20990006932000,22,10,12,913
20990006933000,11,8,3,359.7
20990006967000,15,6,9,438
20990006980000,1200,608,592,51600
20990006981000,953,469,484,38120
20990006989000,31,16,15,1137.7
20990006993000,187,101,86,7031.2
20990006995000,3,2,1,0
20990007000000,16,9,7,697.6
20990007001000,27,15,12,853.2
20990007002000,5,1,4,153
20990007004000,32,18,14,1225.6
20990007005000,105,63,42,4000.5
20990007006000,4,3,1,0
21000006461000,14,7,7,742
21000006462000,50,22,28,2300
21000006463000,90,43,47,3357
21000006464000,58,32,26,1925.6
21000006465000,47,22,25,1997.5
21000006466000,2,1,1,0
21000006467000,12,6,6,650.4
21000006468000,4,1,3,0
21000006469000,12,8,4,448.8
21000006470000,4,1,3,0
21000006479000,20,12,8,704
21000006480000,59,30,29,2259.7
21000006481000,101,58,43,3737
21000006483000,25,14,11,670
21000006489000,1,1,0,0
21000006491000,8,5,3,176
21000006500000,4,2,2,0
21000006501000,3,1,2,0
21000006502000,7,4,3,244.3
21000006506000,12,5,7,513.6
21000006507000,26,12,14,722.8
21000006515000,4,2,2,0
21000006606000,5,1,4,93
21000006610000,6,3,3,265.8
21000006611000,12,6,6,333.6
21000006613000,10,5,5,393
21000006614000,8,3,5,488
21000006622000,5,4,1,138
21000006626000,27,11,16,1271.7
21000006627000,10,3,7,468
21000006637000,1,1,0,0
21000006640000,2,1,1,0
21000006790000,38,20,18,1554.2
21000006791000,13,7,6,577.2
21000006809000,7,4,3,321.3
21000006810000,1,1,0,0
21000006812000,3,1,2,0
21000006832000,4,2,2,0
21000006833000,5,2,3,333
21000006836000,8,5,3,392
21000006930000,26,12,14,1219.4
21000006931000,6,4,2,250.8
21000006932000,14,9,5,712.6
21000006933000,17,8,9,574.6
21000006967000,5,2,3,144
21000006980000,1024,490,534,45056
21000006981000,2189,1079,1110,92813.6
21000006986000,9,4,5,299.7
21000006988000,94,53,41,3835.2
21000006989000,24,12,12,885.6
21000006993000,347,165,182,13255.4
21000006994000,36,18,18,1634.4
21000007001000,4,2,2,0
21000007003000,15,7,8,444
21000007004000,11,6,5,290.4
21000007005000,129,69,60,4708.5
21000007006000,61,28,33,2482.7
21000007007000,27,15,12,1293.3
21000007008000,9,4,5,182.7
21010006462000,18,8,10,640.8
21010006463000,34,14,20,1465.4
21010006464000,61,29,32,2257
21010006465000,117,59,58,4621.5
21010006466000,93,50,43,3413.1
21010006467000,72,41,31,2959.2
21010006469000,3,0,3,0
21010006470000,10,5,5,534
21010006471000,8,5,3,340.8
21010006472000,1,1,0,0
21010006477000,1,1,0,0
21010006478000,1,0,1,0
21010006479000,2,1,1,0
21010006481000,13,6,7,608.4
21010006482000,7,4,3,415.1
21010006483000,115,61,54,3668.5
21010006484000,86,44,42,2623
21010006485000,12,6,6,435.6
21010006490000,4,2,2,0
21010006491000,2,1,1,0
21010006513000,17,7,10,567.8
21010006515000,2,2,0,0
21010006523000,11,5,6,432.3
21010006575000,10,6,4,293
21010006576000,4,3,1,0
21010006586000,5,3,2,108
21010006593000,2,1,1,0
21010006595000,1,1,0,0
21010006606000,2,1,1,0
21010006607000,2,1,1,0
21010006608000,6,4,2,241.8
21010006610000,28,14,14,1293.6
21010006611000,75,39,36,2677.5
21010006615000,4,3,1,0
21010006620000,3,3,0,0
21010006625000,4,1,3,0
21010006640000,16,8,8,460.8
21010006789000,15,8,7,913.5
21010006790000,59,29,30,2454.4
21010006812000,4,3,1,0
21010006835000,1,1,0,0
21010006836000,1,1,0,0
21010006930000,7,4,3,277.2
21010006931000,13,7,6,699.4
21010006932000,30,16,14,1419
21010006933000,39,18,21,1341.6
21010006966000,21,8,13,909.3
21010006980000,428,226,202,17376.8
21010006981000,2009,990,1019,76141.1
21010006982000,598,310,288,14830.4
21010006987000,49,25,24,1700.3
21010006988000,9,5,4,378.9
21010006993000,411,171,240,19769.1
21010006994000,4,3,1,0
21010006995000,4,2,2,0
21010006996000,6,3,3,331.8
21010006998000,7,4,3,161.7
21010007003000,6,3,3,103.2
21010007004000,14,7,7,607.6
21010007005000,11,7,4,444.4
21010007007000,6,4,2,259.8
21010007008000,2,2,0,0
21020006463000,36,20,16,1245.6
21020006464000,39,18,21,2242.5
21020006465000,42,22,20,2016
21020006466000,12,6,6,528
21020006467000,165,83,82,5742
21020006468000,46,23,23,1996.4
21020006469000,20,7,13,742
21020006470000,19,11,8,659.3
21020006476000,11,6,5,404.8
21020006478000,10,5,5,369
21020006484000,13,7,6,608.4
21020006485000,44,23,21,1201.2
21020006486000,32,18,14,992
21020006490000,1,1,0,0
21020006491000,3,2,1,0
21020006493000,19,10,9,659.3
21020006494000,4,2,2,0
21020006513000,12,5,7,315.6
21020006514000,5,3,2,114
21020006515000,7,2,5,203
21020006523000,3,2,1,0
21020006532000,8,4,4,374.4
21020006533000,3,1,2,0
21020006541000,10,6,4,433
21020006542000,18,6,12,815.4
21020006543000,9,4,5,288
21020006576000,23,15,8,724.5
21020006578000,5,3,2,94
21020006579000,2,2,0,0
21020006580000,3,2,1,0
21020006587000,10,6,4,533
21020006588000,8,2,6,250.4
21020006603000,2,1,1,0
21020006604000,3,2,1,0
21020006606000,12,4,8,542.4
21020006608000,22,12,10,1119.8
21020006609000,1,1,0,0
21020006610000,195,104,91,7683
21020006611000,68,35,33,2454.8
21020006614000,6,3,3,193.2
21020006615000,3,2,1,0
21020006616000,13,6,7,520
21020006617000,9,6,3,377.1
21020006619000,3,1,2,0
21020006620000,4,3,1,0
21020006621000,1,1,0,0
21020006622000,1,1,0,0
21020006623000,16,6,10,488
21020006624000,2,1,1,0
21020006625000,21,13,8,779.1
21020006640000,7,4,3,151.2
21020006789000,44,23,21,1614.8
21020006790000,146,76,70,4949.4
21020006813000,1,1,0,0
21020006836000,7,5,2,489.3
21020006930000,92,46,46,3358
21020006931000,16,10,6,768
21020006932000,1,1,0,0
21020006933000,41,20,21,1767.1
21020006964000,8,5,3,300.8
21020006965000,24,11,13,1063.2
21020006966000,37,21,16,1261.7
21020006971000,1,1,0,0
21020006980000,401,197,204,17363.3
21020006981000,1650,835,815,68475
21020006982000,560,295,265,16968
21020006987000,33,16,17,1065.9
21020006989000,12,5,7,417.6
21020006990000,1,0,1,0
21020006991000,20,9,11,746
21020006992000,43,24,19,1393.2
21020006993000,254,125,129,10769.6
21020006994000,1064,519,545,37452.8
21020006998000,11,7,4,471.9
21020007002000,12,7,5,592.8
21020007003000,18,13,5,689.4
21020007004000,3,1,2,0
21020007006000,34,19,15,1244.4
21020007007000,34,17,17,1414.4
21030006464000,3,2,1,0
21030006466000,57,31,26,2268.6
21030006467000,167,90,77,6897.1
21030006468000,25,14,11,1247.5
21030006469000,27,16,11,934.2
21030006470000,5,3,2,289
21030006471000,38,20,18,1512.4
21030006472000,69,38,31,2373.6
21030006475000,12,8,4,417.6
21030006482000,36,16,20,1249.2
21030006483000,5,2,3,140
21030006484000,124,65,59,4030
21030006485000,491,243,248,18559.8
21030006486000,51,26,25,1535.1
21030006490000,16,9,7,582.4
21030006491000,5,3,2,177
21030006502000,3,1,2,0
21030006503000,1,1,0,0
21030006520000,1,1,0,0
21030006522000,9,4,5,389.7
21030006523000,46,30,16,1913.6
21030006524000,5,4,1,257
21030006556000,2,0,2,0
21030006573000,8,4,4,318.4
21030006574000,3,1,2,0
21030006575000,10,7,3,458
21030006576000,1,1,0,0
21030006577000,6,5,1,192
21030006580000,1,1,0,0
21030006587000,9,4,5,339.3
21030006588000,9,5,4,570.6
21030006603000,3,2,1,0
21030006605000,11,7,4,465.3
21030006606000,4,3,1,0
21030006608000,29,15,14,1113.6
21030006609000,16,9,7,748.8
21030006610000,378,162,216,16821
21030006611000,5,2,3,289
21030006618000,4,2,2,0
21030006619000,6,3,3,285
21030006621000,5,3,2,148
21030006622000,12,6,6,375.6
21030006623000,19,9,10,737.2
21030006624000,65,35,30,2600
21030006625000,31,13,18,1277.2
21030006630000,1,1,0,0
21030006640000,4,2,2,0
21030006675000,4,1,3,0
21030006722000,1,0,1,0
21030006789000,19,9,10,712.5
21030006790000,3,1,2,0
21030006791000,1,0,1,0
21030006806000,52,30,22,2454.4
21030006933000,13,5,8,486.2
21030006934000,39,22,17,1478.1
21030006964000,3,2,1,0
21030006965000,19,8,11,543.4
21030006966000,4,2,2,0
21030006967000,2,2,0,0
21030006980000,236,120,116,10006.4
21030006981000,2097,996,1101,95623.2
21030006982000,749,364,385,24866.8
21030006987000,17,8,9,637.5
21030006988000,31,14,17,1292.7
21030006989000,37,21,16,1328.3
21030006990000,10,5,5,489
21030006991000,42,23,19,1663.2
21030006993000,86,38,48,3225
21030006994000,29,15,14,640.9
21030006998000,16,8,8,550.4
21030006999000,6,3,3,211.2
21030007002000,7,5,2,366.8
21030007003000,9,2,7,223.2
21030007004000,14,9,5,490
21030007005000,19,12,7,953.8
21030007006000,87,45,42,3384.3
21030007007000,190,84,106,9101
21030007008000,41,23,18,1734.3
21030007009000,7,5,2,324.1
21040006466000,19,8,11,803.7
21040006468000,25,15,10,1125
21040006469000,6,2,4,316.2
21040006470000,11,7,4,462
21040006471000,5,3,2,270
21040006472000,8,4,4,222.4
21040006482000,42,17,25,1415.4
21040006483000,13,5,8,416
21040006484000,583,313,270,18364.5
21040006485000,1215,600,615,48843
21040006486000,112,55,57,4513.6
21040006487000,17,7,10,618.8
21040006492000,3,1,2,0
21040006498000,2,1,1,0
21040006500000,1,1,0,0
21040006504000,13,6,7,526.5
21040006515000,9,7,2,262.8
21040006516000,1,1,0,0
21040006526000,1,1,0,0
21040006573000,18,11,7,795.6
21040006578000,12,5,7,454.8
21040006583000,15,10,5,534
21040006586000,14,10,4,334.6
21040006587000,1,0,1,0
21040006589000,6,2,4,222
21040006590000,3,2,1,0
21040006591000,5,3,2,134
21040006592000,6,3,3,259.2
21040006593000,8,3,5,304.8
21040006601000,9,4,5,378
21040006602000,129,62,67,4979.4
21040006603000,1,0,1,0
21040006604000,9,6,3,470.7
21040006605000,11,6,5,533.5
21040006606000,44,25,19,1936
21040006607000,19,8,11,885.4
21040006609000,6,4,2,193.2
21040006610000,116,53,63,5881.2
21040006611000,14,8,6,642.6
21040006612000,8,4,4,427.2
21040006613000,7,4,3,273.7
21040006618000,1,1,0,0
21040006619000,4,3,1,0
21040006621000,5,3,2,78
21040006623000,16,7,9,483.2
21040006624000,327,147,180,14747.7
21040006625000,261,133,128,9500.4
21040006629000,5,2,3,122
21040006632000,4,2,2,0
21040006633000,4,2,2,0
21040006634000,2,1,1,0
21040006635000,5,1,4,156
21040006636000,4,2,2,0
21040006637000,4,3,1,0
21040006640000,3,1,2,0
21040006674000,2,1,1,0
21040006675000,1,1,0,0
21040006791000,5,3,2,323
21040006806000,30,18,12,1038
21040006839000,4,1,3,0
21040006934000,97,51,46,3171.9
21040006935000,4,2,2,0
21040006964000,15,8,7,433.5
21040006965000,80,44,36,3016
21040006966000,9,5,4,342.9
21040006970000,1,1,0,0
21040006980000,58,32,26,2395.4
21040006981000,447,218,229,17298.9
21040006982000,709,351,358,23467.9
21040006986000,11,6,5,752.4
21040006987000,67,33,34,2036.8
21040006988000,27,12,15,1071.9
21040006989000,37,17,20,1676.1
21040006990000,29,14,15,1386.2
21040006991000,53,26,27,1918.6
21040006992000,32,16,16,1449.6
21040006993000,55,28,27,2139.5
21040006998000,6,2,4,127.8
21040007000000,6,4,2,222
21040007001000,3,3,0,0
21040007002000,5,2,3,231
21040007003000,36,21,15,1040.4
21040007004000,31,15,16,1116
21040007005000,24,12,12,1171.2
21040007008000,10,6,4,421
21050006468000,10,6,4,413
21050006469000,79,42,37,2591.2
21050006470000,4,3,1,0
21050006471000,9,5,4,325.8
21050006472000,55,29,26,2106.5
21050006477000,4,2,2,0
21050006482000,9,8,1,416.7
21050006483000,1,1,0,0
21050006484000,5,3,2,80
21050006485000,1,0,1,0
21050006487000,22,11,11,589.6
21050006488000,13,6,7,426.4
21050006489000,5,2,3,191
21050006498000,4,3,1,0
21050006506000,9,4,5,269.1
21050006578000,16,7,9,768
21050006579000,95,44,51,3781
21050006580000,111,48,63,4440
21050006581000,153,66,87,7236.9
21050006582000,51,29,22,2636.7
21050006583000,2,1,1,0
21050006584000,3,2,1,0
21050006586000,13,8,5,386.1
21050006587000,9,3,6,232.2
21050006588000,5,2,3,166
21050006589000,6,4,2,271.8
21050006590000,7,4,3,338.8
21050006592000,18,7,11,684
21050006602000,10,5,5,697
21050006603000,2,1,1,0
21050006604000,2,1,1,0
21050006611000,2,1,1,0
21050006612000,30,16,14,1167
21050006620000,2,1,1,0
21050006623000,36,21,15,1479.6
21050006624000,29,12,17,870
21050006625000,41,18,23,1795.8
21050006626000,7,3,4,466.9
21050006629000,10,6,4,501
21050006630000,2,1,1,0
21050006634000,1,1,0,0
21050006635000,15,10,5,687
21050006640000,9,7,2,255.6
21050006674000,1,1,0,0
21050006753000,1,1,0,0
21050006790000,1,1,0,0
21050006791000,8,5,3,332
21050006812000,42,24,18,1667.4
21050006934000,37,16,21,1435.6
21050006964000,9,6,3,297.9
21050006965000,58,30,28,2615.8
21050006970000,9,7,2,331.2
21050006972000,2,1,1,0
21050006973000,9,3,6,408.6
21050006979000,8,5,3,256.8
21050006981000,252,129,123,10054.8
21050006982000,13,6,7,578.5
21050006986000,42,24,18,1566.6
21050006987000,39,17,22,1708.2
21050006988000,266,140,126,9576
21050006989000,147,73,74,5203.8
21050006990000,47,24,23,1922.3
21050006991000,336,174,162,12264
21050006992000,46,24,22,1430.6
21050006993000,10,6,4,403
21050006999000,19,12,7,961.4
21050007000000,7,5,2,322
21050007001000,4,2,2,0
21050007002000,22,12,10,701.8
21050007008000,32,18,14,1190.4
21060006468000,17,8,9,637.5
21060006469000,19,8,11,661.2
21060006470000,5,1,4,254
21060006472000,19,10,9,948.1
21060006473000,8,5,3,464
21060006474000,3,3,0,0
21060006478000,5,2,3,104
21060006480000,27,15,12,869.4
21060006481000,1,1,0,0
21060006485000,3,2,1,0
21060006486000,31,15,16,1165.6
21060006487000,16,8,8,740.8
21060006488000,13,7,6,596.7
21060006490000,7,4,3,287
21060006491000,37,22,15,1517
21060006493000,3,2,1,0
21060006495000,2,1,1,0
21060006499000,2,0,2,0
21060006506000,8,6,2,172.8
21060006507000,2,2,0,0
21060006508000,7,5,2,303.8
21060006515000,2,1,1,0
21060006519000,8,5,3,188.8
21060006538000,26,19,7,863.2
21060006572000,2,1,1,0
21060006575000,9,6,3,395.1
21060006579000,5,2,3,150
21060006580000,4,1,3,0
21060006581000,127,65,62,4914.9
21060006582000,12,8,4,324
21060006583000,10,5,5,303
21060006584000,19,9,10,568.1
21060006585000,22,11,11,957
21060006586000,46,24,22,1582.4
21060006587000,15,9,6,583.5
21060006588000,5,3,2,211
21060006590000,1,1,0,0
21060006591000,13,7,6,613.6
21060006592000,35,16,19,1459.5
21060006602000,12,7,5,547.2
21060006604000,2,1,1,0
21060006628000,14,7,7,467.6
21060006630000,13,6,7,547.3
21060006631000,10,6,4,519
21060006635000,2,0,2,0
21060006640000,14,8,6,603.4
21060006641000,10,6,4,484
21060006790000,5,3,2,243
21060006811000,84,41,43,3838.8
21060006812000,340,188,152,11934
21060006813000,24,13,11,868.8
21060006838000,2,1,1,0
21060006839000,59,34,25,2725.8
21060006840000,47,29,18,2185.5
21060006922000,82,36,46,3722.8
21060006923000,26,11,15,1281.8
21060006934000,16,9,7,596.8
21060006935000,20,11,9,582
21060006953000,11,6,5,445.5
21060006954000,8,4,4,356.8
21060006964000,33,20,13,1468.5
21060006965000,100,54,46,3330
21060006970000,11,5,6,446.6
21060006972000,22,10,12,1062.6
21060006978000,81,37,44,2421.9
21060006979000,21,13,8,890.4
21060006981000,605,309,296,19844
21060006982000,19,11,8,408.5
21060006983000,6,5,1,217.8
21060006986000,6,4,2,171
21060006990000,13,5,8,326.3
21060006992000,14,7,7,400.4
21060006993000,12,5,7,424.8
21060006999000,3,3,0,0
21060007000000,8,4,4,344.8
21060007001000,3,2,1,0
21060007008000,61,35,26,2555.9
21060007009000,16,8,8,868.8
21070006468000,14,7,7,771.4
21070006469000,19,12,7,746.7
21070006472000,71,38,33,3209.2
21070006473000,5,3,2,233
21070006478000,29,16,13,751.1
21070006479000,28,16,12,879.2
21070006480000,6,2,4,364.2
21070006483000,7,3,4,226.1
21070006485000,10,6,4,283
21070006486000,14,6,8,390.6
21070006488000,6,4,2,132
21070006489000,2,1,1,0
21070006496000,1,0,1,0
21070006499000,18,7,11,572.4
21070006500000,1,1,0,0
21070006502000,10,5,5,307
21070006504000,1,1,0,0
21070006536000,7,4,3,364.7
21070006574000,9,5,4,446.4
21070006575000,2,1,1,0
21070006592000,10,5,5,525
21070006593000,3,2,1,0
21070006594000,4,2,2,0
21070006631000,4,2,2,0
21070006632000,3,3,0,0
21070006633000,1,0,1,0
21070006634000,3,2,1,0
21070006636000,4,2,2,0
21070006637000,12,6,6,412.8
21070006640000,31,14,17,1283.4
21070006641000,57,28,29,2257.2
21070006839000,12,6,6,834
21070006840000,87,44,43,3419.1
21070006841000,3,2,1,0
21070006842000,3,2,1,0
21070006844000,10,4,6,292
21070006919000,2,1,1,0
21070006920000,2,1,1,0
21070006952000,3,1,2,0
21070006953000,6,4,2,343.2
21070006954000,27,16,11,1190.7
21070006963000,11,6,5,585.2
21070006964000,3,2,1,0
21070006969000,17,9,8,627.3
21070006970000,61,30,31,1970.3
21070006978000,247,118,129,6372.6
21070006979000,25,13,12,815
21070006981000,46,25,21,2221.8
21070006984000,1,1,0,0
21070006990000,17,7,10,657.9
21070006992000,17,8,9,588.2
21070006993000,12,8,4,428.4
21070007007000,18,11,7,840.6
21070007008000,48,30,18,1670.4
21070007009000,14,7,7,460.6
21080006469000,3,2,1,0
21080006472000,2,1,1,0
21080006474000,40,18,22,1596
21080006475000,60,27,33,2106
21080006476000,4,3,1,0
21080006478000,10,6,4,326
21080006479000,15,10,5,351
21080006485000,1,1,0,0
21080006487000,5,3,2,287
21080006488000,8,4,4,214.4
21080006489000,5,1,4,94
21080006490000,6,1,5,226.2
21080006494000,21,11,10,630
21080006495000,11,6,5,437.8
21080006500000,16,7,9,481.6
21080006501000,8,3,5,178.4
21080006510000,2,1,1,0
21080006522000,20,10,10,948
21080006527000,6,3,3,201
21080006536000,10,3,7,321
21080006537000,10,5,5,540
21080006591000,4,2,2,0
21080006592000,15,7,8,562.5
21080006594000,3,2,1,0
21080006596000,1,0,1,0
21080006634000,12,7,5,526.8
21080006635000,27,14,13,1220.4
21080006636000,24,11,13,996
21080006637000,19,8,11,644.1
21080006638000,62,29,33,2275.4
21080006639000,49,25,24,1636.6
21080006640000,14,8,6,786.8
21080006659000,4,2,2,0
21080006671000,2,1,1,0
21080006729000,6,4,2,232.8
21080006791000,1,1,0,0
21080006810000,33,18,15,1646.7
21080006811000,397,212,185,15760.9
21080006845000,6,3,3,285
21080006934000,5,3,2,281
21080006935000,26,11,15,800.8
21080006954000,13,6,7,332.8
21080006955000,15,4,11,727.5
21080006961000,5,2,3,86
21080006962000,18,11,7,626.4
21080006963000,2,1,1,0
21080006970000,6,4,2,381
21080006971000,6,4,2,196.8
21080006978000,41,22,19,1476
21080006979000,38,23,15,1292
21080006981000,79,39,40,3491.8
21080006982000,6,2,4,334.8
21080006990000,15,8,7,472.5
21080006999000,3,1,2,0
21080007000000,1,1,0,0
21080007003000,1,1,0,0
21080007007000,11,7,4,412.5
21080007008000,2,1,1,0
21090006469000,37,19,18,1735.3
21090006470000,42,25,17,2011.8
21090006471000,4,2,2,0
21090006472000,32,18,14,892.8
21090006473000,14,7,7,646.8
21090006474000,118,57,61,3599
21090006475000,8,4,4,270.4
21090006477000,9,5,4,270
21090006478000,5,2,3,81
21090006481000,2,1,1,0
21090006483000,2,1,1,0
21090006486000,10,6,4,296
21090006490000,5,3,2,89
21090006495000,6,4,2,325.2
21090006496000,4,2,2,0
21090006499000,11,4,7,184.8
21090006503000,3,1,2,0
21090006518000,1,0,1,0
21090006522000,6,4,2,201
21090006536000,10,4,6,508
21090006537000,3,2,1,0
21090006553000,11,6,5,464.2
21090006554000,1,1,0,0
21090006594000,10,4,6,294
21090006595000,37,21,16,1783.4
21090006596000,1,0,1,0
21090006601000,5,2,3,190
21090006613000,2,1,1,0
21090006634000,7,4,3,254.1
21090006636000,3,2,1,0
21090006637000,211,97,114,7469.4
21090006638000,160,76,84,6928
21090006639000,4,3,1,0
21090006668000,2,1,1,0
21090006789000,3,2,1,0
21090006810000,56,24,32,2844.8
21090006811000,950,490,460,40755
21090006919000,2,1,1,0
21090006934000,9,4,5,325.8
21090006955000,58,27,31,2059
21090006970000,9,4,5,493.2
21090006974000,5,3,2,314
21090006975000,2,1,1,0
21090006978000,4,2,2,0
21090006981000,52,31,21,1882.4
21090006982000,11,5,6,423.5
21090006986000,8,6,2,330.4
21090006987000,1,1,0,0
21090006999000,1,0,1,0
21090007000000,21,11,10,840
21090007002000,5,3,2,76
21090007007000,2,1,1,0
21090007008000,14,7,7,506.8
21090007009000,91,46,45,3630.9
21100006470000,26,13,13,1242.8
21100006471000,68,31,37,2781.2
21100006472000,88,48,40,3080
21100006473000,12,7,5,538.8
21100006474000,1032,518,514,37874.4
21100006475000,912,464,448,30825.6
21100006476000,84,48,36,3292.8
21100006477000,32,14,18,1430.4
21100006483000,9,6,3,377.1
21100006487000,1,1,0,0
21100006498000,3,2,1,0
21100006503000,2,1,1,0
21100006518000,53,27,26,2067
21100006524000,2,1,1,0
21100006533000,6,3,3,313.2
21100006546000,6,2,4,211.8
21100006595000,27,12,15,996.3
21100006596000,66,33,33,2283.6
21100006599000,12,10,2,402
21100006602000,8,3,5,226.4
21100006606000,11,6,5,336.6
21100006609000,3,2,1,0
21100006610000,4,2,2,0
21100006613000,7,4,3,205.8
21100006614000,13,6,7,483.6
21100006634000,4,2,2,0
21100006637000,51,21,30,2172.6
21100006638000,27,14,13,1366.2
21100006653000,6,1,5,97.2
21100006746000,4,2,2,0
21100006751000,2,1,1,0
21100006789000,12,6,6,523.2
21100006811000,96,50,46,4272
21100006839000,21,10,11,903
21100006933000,8,4,4,380.8
21100006934000,9,4,5,429.3
21100006955000,206,108,98,7848.6
21100006956000,24,12,12,571.2
21100006959000,1,1,0,0
21100006970000,13,7,6,456.3
21100006974000,33,19,14,1356.3
21100006975000,15,7,8,616.5
21100006979000,6,2,4,253.2
21100006981000,86,48,38,3199.2
21100006982000,54,30,24,2062.8
21100006999000,1,0,1,0
21100007000000,17,10,7,552.5
21100007001000,43,21,22,1247
21100007004000,3,1,2,0
21100007005000,55,27,28,2013
21100007006000,26,15,11,850.2
21100007007000,40,20,20,1372
21100007008000,54,27,27,2624.4
21100007009000,98,53,45,3381
21110006470000,1,0,1,0
21110006471000,7,3,4,459.2
21110006472000,9,6,3,424.8
21110006473000,2,1,1,0
21110006474000,515,246,269,19724.5
21110006475000,1755,845,910,77571
21110006476000,875,422,453,35087.5
21110006477000,38,22,16,1375.6
21110006486000,21,12,9,699.3
21110006487000,13,9,4,586.3
21110006489000,2,2,0,0
21110006498000,15,8,7,499.5
21110006499000,21,11,10,604.8
21110006500000,1,0,1,0
21110006518000,2,1,1,0
21110006519000,5,2,3,187
21110006520000,1,1,0,0
21110006546000,5,3,2,267
21110006547000,4,2,2,0
21110006548000,5,3,2,198
21110006599000,14,7,7,663.6
21110006600000,14,7,7,673.4
21110006602000,35,21,14,1263.5
21110006603000,6,3,3,382.8
21110006604000,9,4,5,305.1
21110006609000,7,3,4,168
21110006610000,3,1,2,0
21110006613000,4,2,2,0
21110006614000,9,5,4,326.7
21110006637000,37,17,20,1357.9
21110006638000,1,1,0,0
21110006663000,2,1,1,0
21110006745000,3,2,1,0
21110006789000,5,2,3,278
21110006839000,19,10,9,1176.1
21110006840000,42,21,21,1633.8
21110006841000,7,3,4,356.3
21110006955000,95,46,49,3933
21110006956000,158,87,71,7362.8
21110006957000,8,3,5,262.4
21110006974000,16,6,10,560
21110006978000,20,10,10,1038
21110006979000,16,8,8,721.6
21110006981000,18,11,7,513
21110006982000,36,19,17,1411.2
21110006995000,5,2,3,97
21110006996000,5,3,2,96
21110006999000,1,1,0,0
21110007000000,8,3,5,304
21110007001000,24,16,8,919.2
21110007002000,31,18,13,964.1
21110007005000,36,21,15,1400.4
21110007006000,8,2,6,346.4
21110007007000,34,19,15,1108.4
21110007008000,21,12,9,789.6
21110007009000,8,3,5,344.8
21120006475000,291,155,136,11174.4
21120006476000,524,259,265,20069.2
21120006477000,74,35,39,2553
21120006486000,1,1,0,0
21120006489000,2,1,1,0
21120006496000,1,1,0,0
21120006498000,2,1,1,0
21120006500000,7,6,1,256.9
21120006502000,8,6,2,284.8
21120006504000,5,2,3,102
21120006505000,44,27,17,1623.6
21120006506000,18,8,10,815.4
21120006513000,13,9,4,572
21120006520000,4,3,1,0
21120006527000,1,1,0,0
21120006547000,2,1,1,0
21120006548000,3,2,1,0
21120006559000,5,3,2,284
21120006568000,5,2,3,131
21120006600000,22,12,10,1403.6
21120006603000,7,5,2,541.1
21120006604000,1,1,0,0
21120006609000,9,4,5,577.8
21120006610000,24,11,13,828
21120006611000,5,2,3,137
21120006612000,2,1,1,0
21120006621000,5,3,2,83
21120006625000,14,6,8,478.8
21120006635000,3,1,2,0
21120006636000,5,4,1,190
21120006637000,50,26,24,2200
21120006638000,2,1,1,0
21120006788000,14,6,8,547.4
21120006789000,23,16,7,1085.6
21120006790000,28,13,15,1013.6
21120006791000,4,2,2,0
21120006840000,7,5,2,343
21120006842000,2,1,1,0
21120006933000,4,2,2,0
21120006956000,19,12,7,792.3
21120006974000,229,99,130,9228.7
21120006977000,80,42,38,2704
21120006978000,18,10,8,957.6
21120006979000,24,13,11,955.2
21120006982000,34,16,18,1254.6
21120006995000,7,2,5,342.3
21120006996000,17,9,8,700.4
21120006997000,8,3,5,203.2
21120006999000,38,21,17,1417.4
21120007000000,11,7,4,365.2
21120007001000,4,2,2,0
21120007002000,13,8,5,522.6
21120007003000,37,17,20,1468.9
21120007004000,39,20,19,1407.9
21120007005000,17,10,7,804.1
21130006474000,1,1,0,0
21130006475000,12,5,7,510
21130006476000,237,120,117,7133.7
21130006477000,242,134,108,7986
21130006478000,2,1,1,0
21130006481000,16,8,8,435.2
21130006486000,3,1,2,0
21130006493000,8,3,5,414.4
21130006494000,4,3,1,0
21130006499000,14,8,6,404.6
21130006505000,33,20,13,1204.5
21130006506000,100,48,52,4060
21130006507000,12,6,6,692.4
21130006513000,8,5,3,236
21130006518000,2,1,1,0
21130006519000,13,8,5,581.1
21130006526000,9,3,6,401.4
21130006542000,2,1,1,0
21130006543000,3,2,1,0
21130006560000,6,3,3,370.2
21130006567000,1,1,0,0
21130006568000,3,1,2,0
21130006599000,3,2,1,0
21130006604000,2,1,1,0
21130006605000,2,1,1,0
21130006607000,89,43,46,4307.6
21130006608000,38,15,23,2017.8
21130006609000,27,15,12,1196.1
21130006613000,1,1,0,0
21130006614000,25,13,12,995
21130006615000,8,4,4,280
21130006616000,2,1,1,0
21130006617000,15,9,6,522
21130006618000,3,1,2,0
21130006620000,6,4,2,330
21130006621000,2,1,1,0
21130006624000,1,1,0,0
21130006625000,5,2,3,155
21130006626000,3,1,2,0
21130006635000,5,2,3,179
21130006636000,4,1,3,0
21130006639000,3,2,1,0
21130006650000,4,2,2,0
21130006656000,1,0,1,0
21130006657000,1,1,0,0
21130006664000,3,1,2,0
21130006791000,4,3,1,0
21130006792000,4,2,2,0
21130006818000,26,14,12,1008.8
21130006820000,8,5,3,456
21130006821000,11,5,6,431.2
21130006843000,6,5,1,82.8
21130006844000,14,7,7,309.4
21130006946000,9,4,5,407.7
21130006947000,2,1,1,0
21130006955000,5,4,1,154
21130006956000,19,10,9,680.2
21130006962000,7,2,5,405.3
21130006965000,3,2,1,0
21130006966000,4,3,1,0
21130006973000,18,9,9,586.8
21130006974000,218,113,105,8175
21130006976000,110,58,52,4257
21130006977000,244,122,122,8271.6
21130006978000,129,59,70,5405.1
21130006982000,32,20,12,1203.2
21130006995000,14,8,6,543.2
21130006996000,82,44,38,2820.8
21130006997000,12,7,5,564
21130006999000,10,4,6,308
21130007003000,14,7,7,534.8
21130007004000,148,75,73,5757.2
21130007005000,11,7,4,268.4
21130007006000,7,3,4,419.3
21130007007000,3,2,1,0
21140006475000,17,8,9,722.5
21140006476000,34,16,18,1132.2
21140006477000,61,28,33,1714.1
21140006478000,129,63,66,3483
21140006479000,18,11,7,525.6
21140006480000,15,7,8,499.5
21140006489000,9,6,3,408.6
21140006492000,1,1,0,0
21140006495000,4,1,3,0
21140006526000,4,2,2,0
21140006527000,56,28,28,1898.4
21140006544000,12,7,5,528
21140006545000,14,8,6,757.4
21140006558000,2,1,1,0
21140006559000,2,1,1,0
21140006560000,18,9,9,768.6
21140006561000,3,1,2,0
21140006566000,7,5,2,303.8
21140006598000,2,1,1,0
21140006599000,5,3,2,203
21140006604000,9,6,3,260.1
21140006608000,15,7,8,445.5
21140006609000,5,3,2,127
21140006613000,6,4,2,412.8
21140006615000,118,64,54,4873.4
21140006616000,13,6,7,685.1
21140006620000,1,1,0,0
21140006621000,6,4,2,91.8
21140006622000,2,1,1,0
21140006623000,25,15,10,837.5
21140006624000,6,3,3,241.2
21140006625000,7,5,2,450.8
21140006642000,6,3,3,208.8
21140006651000,2,1,1,0
21140006652000,4,1,3,0
21140006653000,1,1,0,0
21140006792000,35,17,18,1543.5
21140006811000,2,1,1,0
21140006817000,15,8,7,754.5
21140006818000,1735,821,914,76687
21140006819000,5,4,1,321
21140006839000,1,0,1,0
21140006844000,13,8,5,549.9
21140006934000,8,5,3,232.8
21140006955000,7,4,3,212.8
21140006956000,27,16,11,999
21140006961000,3,1,2,0
21140006962000,26,13,13,1006.2
21140006965000,5,3,2,326
21140006966000,21,10,11,766.5
21140006967000,12,7,5,658.8
21140006973000,76,35,41,3085.6
21140006974000,32,16,16,972.8
21140006977000,3,2,1,0
21140006980000,13,5,8,473.2
21140006982000,31,17,14,1013.7
21140006995000,31,13,18,1178
21140006996000,203,99,104,6150.9
21140006998000,8,4,4,310.4
21140006999000,7,3,4,319.9
21140007003000,53,25,28,2427.4
21140007004000,9,6,3,432.9
21140007005000,7,3,4,231.7
21140007006000,1,1,0,0
21140007007000,7,4,3,350.7
21140007008000,3,3,0,0
21150006476000,6,3,3,214.8
21150006477000,9,5,4,363.6
21150006478000,6,3,3,313.8
21150006479000,9,5,4,336.6
21150006480000,18,11,7,543.6
21150006491000,6,4,2,160.8
21150006495000,7,4,3,354.9
21150006497000,3,2,1,0
21150006502000,1,1,0,0
21150006511000,14,9,5,687.4
21150006517000,25,11,14,947.5
21150006523000,2,1,1,0
21150006525000,13,6,7,540.8
21150006526000,6,4,2,244.2
21150006527000,37,19,18,1139.6
21150006528000,18,8,10,435.6
21150006543000,22,9,13,891
21150006544000,5,3,2,271
21150006559000,10,6,4,359
21150006598000,4,2,2,0
21150006599000,4,2,2,0
21150006606000,5,2,3,225
21150006607000,2,1,1,0
21150006615000,42,15,27,2133.6
21150006616000,5,4,1,226
21150006617000,2,1,1,0
21150006618000,2,1,1,0
21150006621000,5,3,2,154
21150006622000,14,7,7,432.6
21150006623000,39,19,20,1443
21150006624000,17,9,8,753.1
21150006625000,6,4,2,283.2
21150006629000,4,1,3,0
21150006635000,2,1,1,0
21150006636000,12,7,5,433.2
21150006642000,1,0,1,0
21150006644000,3,2,1,0
21150006647000,1,0,1,0
21150006648000,5,3,2,191
21150006650000,6,2,4,249
21150006657000,1,0,1,0
21150006792000,9,2,7,245.7
21150006793000,15,8,7,712.5
21150006794000,9,7,2,306.9
21150006818000,875,464,411,37275
21150006819000,38,23,15,1474.4
21150006846000,9,4,5,308.7
21150006897000,3,2,1,0
21150006933000,5,3,2,263
21150006936000,3,1,2,0
21150006949000,3,2,1,0
21150006955000,17,10,7,620.5
21150006956000,21,10,11,1014.3
21150006961000,46,24,22,1522.6
21150006962000,37,22,15,1587.3
21150006963000,4,3,1,0
21150006965000,2,0,2,0
21150006966000,43,25,18,1973.7
21150006967000,34,16,18,1241
21150006973000,30,15,15,972
21150006974000,14,10,4,431.2
21150006982000,56,34,22,2419.2
21150006983000,8,4,4,263.2
21150006994000,3,1,2,0
21150006995000,5,2,3,183
21150006996000,25,12,13,857.5
21150006997000,33,19,14,1458.6
21150006998000,27,13,14,1080
21150006999000,23,8,15,747.5
21150007002000,17,6,11,566.1
21150007003000,115,59,56,3944.5
21150007005000,11,4,7,432.3
21150007007000,6,3,3,364.2
21150007008000,51,27,24,2080.8
21150007010000,3,1,2,0
21160006476000,11,5,6,621.5
21160006477000,2,1,1,0
21160006478000,48,29,19,1867.2
21160006479000,4,3,1,0
21160006483000,11,6,5,492.8
21160006484000,49,28,21,1798.3
21160006485000,54,33,21,2052
21160006487000,1,0,1,0
21160006492000,6,4,2,112.8
21160006494000,8,3,5,288
21160006497000,13,6,7,512.2
21160006498000,5,3,2,300
21160006502000,3,1,2,0
21160006515000,3,2,1,0
21160006516000,23,12,11,729.1
21160006521000,15,6,9,424.5
21160006522000,1,1,0,0
21160006523000,7,2,5,238
21160006525000,3,2,1,0
21160006526000,2,2,0,0
21160006527000,4,1,3,0
21160006528000,2,1,1,0
21160006541000,15,10,5,682.5
21160006542000,25,10,15,845
21160006543000,1,0,1,0
21160006544000,1,1,0,0
21160006557000,2,1,1,0
21160006598000,2,1,1,0
21160006599000,2,1,1,0
21160006605000,1,1,0,0
21160006614000,10,6,4,389
21160006620000,2,2,0,0
21160006623000,19,7,12,473.1
21160006624000,1,1,0,0
21160006628000,11,6,5,412.5
21160006629000,18,11,7,637.2
21160006631000,2,2,0,0
21160006632000,7,5,2,153.3
21160006633000,6,3,3,175.8
21160006635000,2,1,1,0
21160006642000,3,1,2,0
21160006647000,5,2,3,101
21160006657000,1,1,0,0
21160006792000,8,5,3,372
21160006793000,15,10,5,669
21160006794000,27,11,16,1328.4
21160006818000,134,80,54,5922.8
21160006819000,350,178,172,14175
21160006897000,3,2,1,0
21160006949000,26,15,11,1146.6
21160006950000,6,4,2,253.8
21160006951000,22,11,11,996.6
21160006952000,14,9,5,537.6
21160006953000,3,2,1,0
21160006961000,8,3,5,340
21160006962000,4,2,2,0
21160006966000,7,3,4,329
21160006967000,6,2,4,420
21160006968000,28,19,9,1234.8
21160006969000,39,19,20,1216.8
21160006970000,145,73,72,5959.5
21160006973000,16,8,8,552
21160006982000,15,10,5,484.5
21160006983000,42,25,17,1835.4
21160006994000,30,17,13,963
21160006995000,14,7,7,509.6
21160006997000,49,24,25,1406.3
21160006998000,589,279,310,25739.3
21160006999000,449,218,231,14996.6
21160007000000,20,9,11,616
21160007001000,71,43,28,2982
21160007002000,32,12,20,1068.8
21160007004000,12,7,5,537.6
21160007005000,44,23,21,1707.2
21160007008000,191,104,87,6474.9
21160007009000,18,10,8,631.8
21160007011000,8,5,3,312
21160007012000,14,9,5,582.4
21160007013000,72,37,35,3031.2
21170006476000,36,14,22,1400.4
21170006477000,42,21,21,1911
21170006478000,32,14,18,1100.8
21170006483000,6,3,3,249
21170006484000,34,17,17,1407.6
21170006485000,109,56,53,3716.9
21170006486000,5,2,3,303
21170006490000,8,3,5,204.8
21170006491000,5,2,3,149
21170006492000,2,1,1,0
21170006501000,4,2,2,0
21170006503000,9,5,4,369.9
21170006505000,17,10,7,557.6
21170006507000,16,6,10,638.4
21170006514000,34,17,17,1536.8
21170006515000,4,1,3,0
21170006519000,3,2,1,0
21170006523000,10,5,5,306
21170006528000,1,1,0,0
21170006532000,1,0,1,0
21170006533000,3,2,1,0
21170006540000,2,1,1,0
21170006541000,3,3,0,0
21170006544000,1,1,0,0
21170006551000,2,1,1,0
21170006597000,5,2,3,328
21170006614000,8,3,5,363.2
21170006619000,1,0,1,0
21170006624000,4,2,2,0
21170006627000,3,1,2,0
21170006628000,5,1,4,181
21170006630000,12,7,5,573.6
21170006633000,6,3,3,306
21170006634000,6,3,3,223.8
21170006643000,13,6,7,395.2
21170006656000,2,1,1,0
21170006657000,3,2,1,0
21170006727000,6,3,3,247.2
21170006746000,8,3,5,340.8
21170006791000,19,11,8,706.8
21170006792000,13,8,5,570.7
21170006819000,121,63,58,4404.4
21170006950000,7,4,3,345.8
21170006951000,220,111,109,8272
21170006952000,66,37,29,2349.6
21170006953000,4,2,2,0
21170006958000,12,6,6,465.6
21170006959000,1,0,1,0
21170006960000,10,5,5,361
21170006961000,25,9,16,1025
21170006962000,4,3,1,0
21170006964000,6,3,3,175.2
21170006965000,9,5,4,384.3
21170006966000,24,13,11,1070.4
21170006970000,14,3,11,1156.4
21170006979000,4,2,2,0
21170006980000,16,10,6,454.4
21170006981000,3,2,1,0
21170006983000,135,72,63,5724
21170006995000,10,6,4,247
21170006996000,12,6,6,531.6
21170006998000,50,19,31,3305
21170006999000,192,101,91,7180.8
21170007000000,33,18,15,1016.4
21170007004000,40,21,19,1392
21170007005000,16,10,6,817.6
21170007008000,15,8,7,562.5
21170007009000,165,81,84,6616.5
21170007011000,46,26,20,1872.2
21170007013000,21,11,10,774.9
21180006476000,6,3,3,208.8
21180006477000,14,8,6,789.6
21180006478000,10,6,4,279
21180006479000,6,2,4,283.2
21180006481000,7,3,4,420.7
21180006482000,24,10,14,1068
21180006483000,17,11,6,674.9
21180006484000,10,7,3,407
21180006485000,41,21,20,1607.2
21180006486000,2,0,2,0
21180006490000,3,2,1,0
21180006492000,5,2,3,159
21180006499000,1,1,0,0
21180006500000,2,1,1,0
21180006502000,1,1,0,0
21180006504000,11,7,4,556.6
21180006505000,18,8,10,565.2
21180006506000,1,0,1,0
21180006514000,1,1,0,0
21180006520000,2,1,1,0
21180006523000,7,4,3,308
21180006525000,3,1,2,0
21180006527000,8,4,4,212
21180006537000,1,1,0,0
21180006539000,7,5,2,202.3
21180006551000,6,3,3,171
21180006596000,5,3,2,125
21180006597000,5,2,3,77
21180006598000,2,1,1,0
21180006599000,2,1,1,0
21180006614000,21,9,12,842.1
21180006615000,9,5,4,437.4
21180006626000,6,2,4,273
21180006627000,16,6,10,430.4
21180006643000,20,10,10,902
21180006646000,2,1,1,0
21180006653000,1,1,0,0
21180006726000,3,2,1,0
21180006727000,17,10,7,751.4
21180006744000,9,4,5,343.8
21180006745000,13,5,8,475.8
21180006791000,6,5,1,220.8
21180006820000,141,73,68,3990.3
21180006952000,24,12,12,938.4
21180006958000,38,19,19,1501
21180006959000,1,1,0,0
21180006960000,18,8,10,925.2
21180006961000,5,2,3,137
21180006963000,2,1,1,0
21180006964000,13,6,7,652.6
21180006965000,4,3,1,0
21180006970000,6,3,3,297
21180006971000,8,3,5,259.2
21180006973000,2,1,1,0
21180006980000,75,34,41,2970
21180006981000,49,32,17,1254.4
21180006983000,196,109,87,8036
21180006984000,110,65,45,4510
21180006995000,10,6,4,474
21180006996000,23,13,10,864.8
21180006997000,3,1,2,0
21180007003000,24,13,11,1008
21180007004000,4,2,2,0
21180007007000,18,13,5,741.6
21180007008000,43,21,22,1866.2
21180007009000,193,100,93,7835.8
21180007010000,12,7,5,442.8
21180007011000,9,3,6,342
21180007012000,3,2,1,0
21180007014000,35,17,18,1417.5
21190006476000,193,93,100,7044.5
21190006477000,411,205,206,13686.3
21190006478000,73,40,33,2197.3
21190006479000,23,9,14,724.5
21190006480000,5,4,1,274
21190006481000,2,1,1,0
21190006482000,4,1,3,0
21190006483000,14,8,6,547.4
21190006484000,11,8,3,456.5
21190006490000,5,3,2,269
21190006498000,9,5,4,180.9
21190006501000,2,1,1,0
21190006503000,2,1,1,0
21190006505000,4,2,2,0
21190006506000,21,12,9,1031.1
21190006507000,1,1,0,0
21190006531000,4,3,1,0
21190006537000,1,1,0,0
21190006538000,6,3,3,253.2
21190006540000,3,2,1,0
21190006596000,1,1,0,0
21190006598000,2,2,0,0
21190006614000,3,2,1,0
21190006615000,4,3,1,0
21190006616000,3,3,0,0
21190006626000,11,6,5,443.3
21190006627000,1,0,1,0
21190006629000,2,1,1,0
21190006645000,20,10,10,768
21190006652000,4,3,1,0
21190006726000,4,2,2,0
21190006727000,1,0,1,0
21190006744000,14,6,8,712.6
21190006791000,8,2,6,291.2
21190006821000,3,1,2,0
21190006958000,16,6,10,531.2
21190006959000,52,24,28,1695.2
21190006960000,2,1,1,0
21190006971000,3,2,1,0
21190006974000,4,1,3,0
21190006980000,6,2,4,249
21190006981000,24,10,14,883.2
21190006982000,17,9,8,829.6
21190006983000,553,306,247,20792.8
21190006984000,31,15,16,1357.8
21190006987000,5,3,2,111
21190006997000,1,1,0,0
21190007001000,9,5,4,199.8
21190007002000,15,9,6,694.5
21190007003000,34,18,16,1618.4
21190007007000,42,23,19,1617
21190007008000,35,18,17,1526
21190007009000,46,24,22,1651.4
21190007014000,16,10,6,596.8
21200006476000,9,5,4,288
21200006477000,62,28,34,2405.6
21200006478000,9,4,5,378
21200006479000,3,2,1,0
21200006480000,17,8,9,613.7
21200006481000,7,4,3,335.3
21200006482000,58,27,31,2227.2
21200006483000,6,4,2,214.2
21200006484000,21,10,11,800.1
21200006485000,12,6,6,392.4
21200006486000,16,9,7,561.6
21200006487000,2,1,1,0
21200006490000,27,12,15,1007.1
21200006491000,14,7,7,393.4
21200006496000,2,1,1,0
21200006497000,14,4,10,434
21200006498000,4,3,1,0
21200006499000,2,1,1,0
21200006506000,3,2,1,0
21200006507000,8,5,3,434.4
21200006508000,10,4,6,318
21200006510000,13,9,4,352.3
21200006511000,6,3,3,109.2
21200006513000,6,4,2,268.2
21200006514000,9,4,5,375.3
21200006528000,6,3,3,243
21200006529000,11,7,4,400.4
21200006536000,2,1,1,0
21200006609000,4,3,1,0
21200006610000,9,6,3,266.4
21200006613000,1,1,0,0
21200006625000,5,2,3,210
21200006642000,10,5,5,395
21200006644000,1,0,1,0
21200006645000,3,2,1,0
21200006651000,1,1,0,0
21200006742000,3,2,1,0
21200006743000,1,0,1,0
21200006744000,1,0,1,0
21200006790000,1,0,1,0
21200006791000,6,2,4,301.2
21200006959000,2,0,2,0
21200006969000,2,1,1,0
21200006971000,26,15,11,769.6
21200006974000,7,4,3,256.9
21200006982000,11,6,5,419.1
21200006983000,96,51,45,2486.4
21200006985000,50,25,25,1905
21200006997000,31,18,13,1329.9
21200007000000,6,2,4,279
21200007001000,27,13,14,1053
21200007002000,8,5,3,302.4
21200007003000,60,27,33,2190
21200007012000,4,4,0,0
21200007013000,24,13,11,878.4
21200007014000,25,14,11,1167.5
21200007015000,19,10,9,712.5
21210006479000,2,1,1,0
21210006480000,72,42,30,2224.8
21210006481000,83,40,43,3178.9
21210006482000,19,9,10,655.5
21210006483000,13,8,5,302.9
21210006484000,669,332,337,16390.5
21210006485000,250,122,128,9675
21210006486000,103,54,49,3285.7
21210006487000,6,4,2,219
21210006488000,3,2,1,0
21210006489000,4,2,2,0
21210006491000,56,26,30,1864.8
21210006495000,10,5,5,521
21210006506000,36,18,18,979.2
21210006507000,27,14,13,1044.9
21210006508000,8,4,4,294.4
21210006509000,4,3,1,0
21210006510000,20,12,8,848
21210006515000,1,1,0,0
21210006517000,2,1,1,0
21210006526000,2,1,1,0
21210006529000,11,4,7,280.5
21210006530000,4,3,1,0
21210006531000,5,3,2,138
21210006553000,5,1,4,243
21210006594000,21,13,8,619.5
21210006595000,3,1,2,0
21210006609000,16,8,8,585.6
21210006611000,3,3,0,0
21210006612000,4,2,2,0
21210006613000,9,6,3,493.2
21210006615000,2,2,0,0
21210006626000,1,1,0,0
21210006627000,4,3,1,0
21210006631000,7,2,5,286.3
21210006642000,1,0,1,0
21210006644000,2,1,1,0
21210006740000,3,1,2,0
21210006791000,2,1,1,0
21210006959000,2,1,1,0
21210006971000,3,1,2,0
21210006974000,7,4,3,373.8
21210006982000,16,9,7,452.8
21210006983000,17,7,10,846.6
21210006985000,26,16,10,1180.4
21210006997000,66,35,31,2448.6
21210007001000,28,13,15,1066.8
21210007002000,18,8,10,864
21210007003000,1,0,1,0
21210007009000,17,9,8,700.4
21210007010000,5,2,3,231
21210007012000,4,2,2,0
21210007013000,107,53,54,3969.7
21210007014000,212,109,103,9667.2
21210007015000,105,58,47,4116
21220006481000,15,9,6,331.5
21220006482000,106,53,53,4505
21220006483000,50,23,27,1820
21220006484000,689,343,346,22874.8
21220006485000,695,355,340,24394.5
21220006486000,85,42,43,2575.5
21220006488000,3,2,1,0
21220006489000,1,1,0,0
21220006490000,16,10,6,876.8
21220006494000,2,1,1,0
21220006498000,1,0,1,0
21220006529000,6,3,3,117
21220006531000,21,13,8,951.3
21220006532000,9,3,6,434.7
21220006575000,2,1,1,0
21220006576000,4,3,1,0
21220006577000,5,4,1,150
21220006594000,2,2,0,0
21220006603000,1,1,0,0
21220006609000,6,5,1,184.2
21220006611000,2,2,0,0
21220006625000,1,1,0,0
21220006729000,12,8,4,400.8
21220006792000,3,2,1,0
21220006896000,1,1,0,0
21220006959000,11,7,4,453.2
21220006969000,3,2,1,0
21220006971000,2,1,1,0
21220006972000,5,3,2,286
21220006975000,2,1,1,0
21220006982000,24,15,9,1065.6
21220006983000,15,6,9,564
21220006985000,19,10,9,723.9
21220006990000,11,7,4,360.8
21220006991000,24,11,13,902.4
21220006997000,11,6,5,443.3
21220007001000,39,18,21,1446.9
21220007002000,20,10,10,1026
21220007008000,33,13,20,1359.6
21220007009000,21,11,10,987
21220007010000,5,3,2,197
21220007012000,18,9,9,786.6
21220007013000,12,6,6,680.4
21220007014000,14,8,6,467.6
21220007015000,65,33,32,3055
21220007016000,3,2,1,0
21230006481000,142,74,68,5097.8
21230006482000,1373,694,679,51212.9
21230006483000,493,257,236,18388.9
21230006484000,223,118,105,8295.6
21230006485000,656,329,327,21976
21230006486000,200,109,91,6260
21230006495000,2,0,2,0
21230006502000,6,2,4,178.2
21230006504000,9,5,4,344.7
21230006507000,15,10,5,523.5
21230006508000,4,2,2,0
21230006510000,4,3,1,0
21230006511000,11,5,6,353.1
21230006517000,1,1,0,0
21230006520000,1,1,0,0
21230006528000,9,3,6,615.6
21230006531000,259,126,133,10515.4
21230006532000,248,123,125,10391.2
21230006533000,12,7,5,501.6
21230006537000,4,3,1,0
21230006575000,5,3,2,132
21230006576000,7,4,3,209.3
21230006577000,4,3,1,0
21230006580000,4,1,3,0
21230006593000,15,7,8,561
21230006595000,7,3,4,315
21230006607000,2,1,1,0
21230006608000,6,2,4,270
21230006609000,9,5,4,415.8
21230006612000,4,2,2,0
21230006729000,15,8,7,676.5
21230006740000,17,8,9,756.5
21230006741000,2,1,1,0
21230006792000,7,3,4,209.3
21230006952000,1,0,1,0
21230006953000,8,5,3,500.8
21230006956000,32,10,22,1353.6
21230006957000,240,122,118,9216
21230006958000,25,9,16,1030
21230006959000,11,8,3,555.5
21230006972000,4,1,3,0
21230006975000,11,4,7,346.5
21230006982000,52,28,24,2470
21230006983000,9,4,5,358.2
21230006984000,12,6,6,487.2
21230006988000,1,1,0,0
21230006989000,4,3,1,0
21230006990000,3,1,2,0
21230006991000,28,16,12,1184.4
21230006998000,27,14,13,931.5
21230006999000,1,1,0,0
21230007001000,8,5,3,266.4
21230007002000,50,24,26,1840
21230007008000,32,18,14,1228.8
21230007009000,4,3,1,0
21230007010000,16,10,6,499.2
21230007011000,45,23,22,1606.5
21230007012000,14,9,5,568.4
21240006482000,99,50,49,4544.1
21240006483000,956,500,456,37953.2
21240006484000,1310,648,662,53055
21240006485000,621,298,323,26889.3
21240006486000,91,54,37,2802.8
21240006495000,19,9,10,628.9
21240006503000,7,4,3,438.9
21240006504000,4,3,1,0
21240006507000,5,1,4,194
21240006508000,37,19,18,1213.6
21240006509000,20,10,10,508
21240006510000,20,9,11,694
21240006511000,4,2,2,0
21240006512000,3,1,2,0
21240006516000,29,14,15,957
21240006517000,1,1,0,0
21240006524000,5,1,4,228
21240006529000,2,1,1,0
21240006530000,3,2,1,0
21240006531000,5,3,2,261
21240006532000,43,24,19,1836.1
21240006533000,34,18,16,1247.8
21240006535000,5,3,2,309
21240006551000,1,0,1,0
21240006553000,9,4,5,296.1
21240006554000,2,1,1,0
21240006555000,2,1,1,0
21240006593000,3,1,2,0
21240006595000,3,1,2,0
21240006607000,1,0,1,0
21240006608000,2,1,1,0
21240006609000,8,4,4,346.4
21240006611000,3,2,1,0
21240006612000,6,3,3,225
21240006637000,1,1,0,0
21240006729000,31,18,13,1537.6
21240006730000,25,12,13,995
21240006740000,27,14,13,1377
21240006741000,6,4,2,154.8
21240006785000,2,1,1,0
21240006883000,15,7,8,523.5
21240006952000,2,1,1,0
21240006953000,15,6,9,550.5
21240006954000,118,59,59,4590.2
21240006955000,141,75,66,5372.1
21240006956000,7,4,3,268.8
21240006957000,282,139,143,11477.4
21240006958000,894,421,473,38442
21240006959000,3,1,2,0
21240006960000,12,6,6,570
21240006973000,8,4,4,412.8
21240006982000,60,32,28,2442
21240006984000,217,112,105,9265.9
21240006991000,6,3,3,274.2
21240006992000,4,3,1,0
21240006998000,9,4,5,371.7
21240006999000,11,5,6,525.8
21240007002000,45,18,27,1881
21240007006000,4,3,1,0
21240007007000,41,18,23,1590.8
21240007008000,97,49,48,3365.9
21240007009000,21,13,8,1243.2
21240007010000,9,4,5,495
21240007012000,6,3,3,304.8
21240007016000,8,4,4,180
21250006483000,267,120,147,15005.4
21250006484000,1218,609,609,52008.6
21250006485000,884,451,433,32884.8
21250006486000,385,187,198,14707
21250006487000,78,41,37,3065.4
21250006490000,22,13,9,902
21250006491000,9,4,5,263.7
21250006492000,12,6,6,243.6
21250006493000,4,3,1,0
21250006494000,3,3,0,0
21250006495000,74,36,38,2590
21250006496000,20,10,10,538
21250006497000,1,1,0,0
21250006502000,5,3,2,276
21250006511000,6,3,3,385.2
21250006516000,19,11,8,752.4
21250006528000,5,3,2,266
21250006531000,50,28,22,1905
21250006532000,1,1,0,0
21250006533000,2,1,1,0
21250006534000,19,9,10,714.4
21250006535000,3,1,2,0
21250006537000,9,3,6,287.1
21250006554000,2,1,1,0
21250006564000,4,1,3,0
21250006572000,5,1,4,203
21250006575000,4,2,2,0
21250006576000,4,2,2,0
21250006577000,5,4,1,158
21250006595000,9,3,6,430.2
21250006603000,2,1,1,0
21250006607000,5,2,3,213
21250006612000,13,5,8,559
21250006623000,4,3,1,0
21250006630000,19,12,7,651.7
21250006631000,5,3,2,139
21250006632000,8,6,2,366.4
21250006648000,10,6,4,362
21250006650000,4,2,2,0
21250006651000,2,1,1,0
21250006729000,154,82,72,6314
21250006730000,24,14,10,1255.2
21250006740000,138,69,69,5464.8
21250006741000,6,4,2,358.2
21250006794000,7,5,2,174.3
21250006883000,2,1,1,0
21250006884000,18,10,8,968.4
21250006954000,26,16,10,1045.2
21250006955000,6,4,2,307.2
21250006956000,76,38,38,3792.4
21250006957000,585,288,297,24628.5
21250006958000,102,48,54,4651.2
21250006960000,25,13,12,862.5
21250006982000,21,8,13,917.7
21250006984000,233,108,125,9972.4
21250006992000,16,6,10,691.2
21250006993000,16,10,6,553.6
21250006999000,36,20,16,1684.8
21250007000000,14,7,7,585.2
21250007002000,2,1,1,0
21250007003000,46,22,24,2198.8
21250007006000,15,11,4,568.5
21250007007000,9,6,3,361.8
21250007008000,121,54,67,4622.2
21250007009000,13,6,7,666.9
21250007010000,11,5,6,459.8
21250007012000,22,13,9,759
21250007013000,25,7,18,597.5
21250007016000,10,5,5,325
21250007018000,10,3,7,417
21260006483000,8,5,3,391.2
21260006484000,58,30,28,2366.4
21260006485000,40,19,21,1436
21260006486000,71,38,33,3038.8
21260006487000,184,92,92,6550.4
21260006488000,5,1,4,119
21260006491000,78,32,46,2636.4
21260006492000,34,14,20,1227.4
21260006493000,24,11,13,828
21260006494000,27,17,10,1080
21260006495000,44,25,19,1628
21260006496000,4,3,1,0
21260006500000,10,4,6,321
21260006501000,21,11,10,806.4
21260006502000,151,73,78,5798.4
21260006503000,12,4,8,724.8
21260006509000,4,3,1,0
21260006516000,8,5,3,254.4
21260006530000,5,2,3,283
21260006531000,32,17,15,1078.4
21260006532000,14,8,6,807.8
21260006536000,13,8,5,468
21260006537000,11,5,6,610.5
21260006551000,40,16,24,1784
21260006552000,18,7,11,621
21260006570000,2,1,1,0
21260006571000,7,3,4,242.9
21260006572000,5,3,2,303
21260006573000,26,12,14,1003.6
21260006575000,10,4,6,343
21260006576000,25,16,9,965
21260006577000,2,1,1,0
21260006593000,6,2,4,258
21260006594000,5,2,3,136
21260006606000,2,1,1,0
21260006607000,1,1,0,0
21260006611000,3,1,2,0
21260006612000,40,18,22,1520
21260006613000,20,6,14,818
21260006623000,5,3,2,290
21260006624000,30,14,16,1311
21260006630000,30,16,14,1344
21260006631000,7,4,3,284.9
21260006632000,6,3,3,187.2
21260006723000,6,3,3,307.2
21260006729000,200,97,103,8840
21260006730000,27,15,12,1320.3
21260006740000,113,64,49,4847.7
21260006802000,1,1,0,0
21260006884000,11,5,6,400.4
21260006954000,46,25,21,2415
21260006955000,79,38,41,3175.8
21260006956000,31,15,16,1305.1
21260006958000,5,2,3,247
21260006960000,8,5,3,462.4
21260006972000,16,9,7,926.4
21260006973000,28,14,14,1472.8
21260006983000,2,1,1,0
21260006984000,82,44,38,3362
21260006992000,11,6,5,640.2
21260006993000,21,10,11,722.4
21260006994000,32,15,17,1148.8
21260007000000,15,7,8,753
21260007001000,9,4,5,315
21260007003000,38,23,15,1881
21260007004000,10,6,4,358
21260007006000,12,8,4,468
21260007007000,23,13,10,722.2
21260007009000,11,6,5,217.8
21260007010000,20,13,7,1112
21260007012000,21,10,11,894.6
21260007013000,3,2,1,0
21260007014000,75,42,33,2782.5
21260007015000,63,28,35,2683.8
21260007016000,37,21,16,1258
21260007018000,98,54,44,4047.4
21260007019000,14,7,7,660.8
21270006484000,91,44,47,3212.3
21270006485000,69,37,32,2484
21270006486000,55,31,24,2535.5
21270006487000,669,331,338,21408
21270006488000,46,24,22,1863
21270006489000,15,8,7,478.5
21270006490000,24,13,11,866.4
21270006491000,39,21,18,1548.3
21270006492000,110,55,55,3608
21270006493000,48,22,26,1564.8
21270006494000,1,1,0,0
21270006495000,28,14,14,1321.6
21270006496000,52,25,27,2132
21270006497000,29,14,15,1403.6
21270006498000,30,14,16,1155
21270006500000,33,19,14,990
21270006501000,1,1,0,0
21270006502000,105,59,46,3643.5
21270006503000,9,4,5,219.6
21270006504000,26,13,13,826.8
21270006505000,22,12,10,609.4
21270006509000,2,2,0,0
21270006510000,2,1,1,0
21270006512000,2,2,0,0
21270006513000,3,2,1,0
21270006514000,17,11,6,583.1
21270006515000,5,4,1,121
21270006516000,3,2,1,0
21270006518000,8,5,3,308.8
21270006525000,6,2,4,301.2
21270006531000,1,1,0,0
21270006532000,1,1,0,0
21270006533000,4,2,2,0
21270006536000,2,1,1,0
21270006537000,2,1,1,0
21270006538000,5,3,2,319
21270006550000,2,1,1,0
21270006551000,2,1,1,0
21270006552000,24,13,11,866.4
21270006553000,22,13,9,1009.8
21270006554000,18,10,8,711
21270006555000,18,6,12,883.8
21270006561000,95,49,46,4028
21270006562000,15,9,6,369
21270006568000,7,4,3,357.7
21270006593000,9,5,4,387.9
21270006594000,27,14,13,720.9
21270006603000,9,5,4,429.3
21270006604000,1,1,0,0
21270006605000,11,8,3,732.6
21270006606000,10,6,4,450
21270006608000,3,2,1,0
21270006609000,14,7,7,648.2
21270006610000,1,0,1,0
21270006611000,84,42,42,3343.2
21270006612000,22,9,13,899.8
21270006613000,9,5,4,518.4
21270006628000,3,2,1,0
21270006629000,22,11,11,770
21270006630000,9,6,3,593.1
21270006651000,1,0,1,0
21270006722000,6,3,3,240
21270006723000,1,1,0,0
21270006726000,1,0,1,0
21270006728000,9,6,3,406.8
21270006729000,171,80,91,7951.5
21270006730000,132,55,77,6943.2
21270006731000,27,14,13,999
21270006732000,2,1,1,0
21270006739000,7,2,5,182.7
21270006740000,51,28,23,2162.4
21270006882000,3,1,2,0
21270006884000,1,1,0,0
21270006950000,3,2,1,0
21270006951000,6,3,3,169.2
21270006952000,17,9,8,637.5
21270006953000,12,7,5,585.6
21270006959000,12,7,5,385.2
21270006960000,27,13,14,972
21270006971000,1,1,0,0
21270006972000,33,15,18,1240.8
21270006973000,26,11,15,1292.2
21270006974000,2,1,1,0
21270006976000,2,1,1,0
21270006983000,3,1,2,0
21270006984000,3,2,1,0
21270006985000,22,13,9,497.2
21270006993000,53,23,30,1971.6
21270006994000,44,21,23,1641.2
21270006995000,89,49,40,3115
21270006996000,23,15,8,837.2
21270007001000,28,14,14,1285.2
21270007004000,38,19,19,1314.8
21270007006000,24,11,13,984
21270007012000,36,18,18,1587.6
21270007013000,91,49,42,4386.2
21270007015000,40,18,22,1480
21270007016000,1,1,0,0
21270007018000,132,58,74,4633.2
21270007019000,71,36,35,2066.1
21280006483000,7,4,3,392
21280006484000,38,18,20,1436.4
21280006485000,67,31,36,2190.9
21280006486000,38,21,17,1128.6
21280006487000,509,260,249,16186.2
21280006488000,39,22,17,1875.9
21280006489000,71,34,37,2392.7
21280006490000,68,30,38,2604.4
21280006491000,145,74,71,5510
21280006492000,426,210,216,15421.2
21280006493000,48,27,21,1694.4
21280006494000,67,37,30,2700.1
21280006495000,76,42,34,3176.8
21280006496000,66,33,33,2131.8
21280006497000,41,22,19,1566.2
21280006498000,83,46,37,2996.3
21280006499000,57,29,28,2285.7
21280006500000,71,35,36,2506.3
21280006501000,45,25,20,1210.5
21280006502000,380,191,189,11666
21280006503000,36,26,10,1260
21280006505000,6,3,3,147
21280006506000,21,12,9,699.3
21280006507000,1,0,1,0
21280006508000,73,38,35,2423.6
21280006513000,10,5,5,398
21280006514000,14,5,9,439.6
21280006515000,3,2,1,0
21280006516000,1,1,0,0
21280006524000,4,2,2,0
21280006525000,11,6,5,606.1
21280006527000,4,2,2,0
21280006538000,4,2,2,0
21280006539000,1,1,0,0
21280006540000,2,1,1,0
21280006555000,4,2,2,0
21280006559000,60,31,29,2598
21280006560000,90,50,40,3825
21280006561000,217,113,104,7638.4
21280006562000,5,2,3,210
21280006563000,4,1,3,0
21280006564000,9,5,4,531.9
21280006570000,1,1,0,0
21280006571000,2,1,1,0
21280006573000,1,1,0,0
21280006576000,81,38,43,3636.9
21280006578000,2,2,0,0
21280006593000,4,3,1,0
21280006594000,64,31,33,2963.2
21280006601000,18,10,8,831.6
21280006602000,25,13,12,897.5
21280006603000,19,12,7,932.9
21280006604000,5,2,3,202
21280006605000,37,19,18,1561.4
21280006606000,11,7,4,338.8
21280006607000,10,4,6,305
21280006608000,5,4,1,191
21280006609000,7,4,3,401.8
21280006610000,28,11,17,1167.6
21280006611000,6,3,3,232.8
21280006621000,2,2,0,0
21280006622000,7,4,3,307.3
21280006627000,6,2,4,453
21280006628000,39,18,21,1478.1
21280006629000,26,12,14,917.8
21280006726000,1,0,1,0
21280006728000,20,10,10,832
21280006729000,533,253,280,18175.3
21280006730000,410,207,203,16728
21280006731000,117,61,56,4890.6
21280006739000,36,19,17,1566
21280006740000,17,10,7,724.2
21280006883000,1,1,0,0
21280006884000,17,9,8,872.1
21280006889000,1,1,0,0
21280006890000,2,1,1,0
21280006947000,5,2,3,204
21280006951000,7,5,2,324.8
21280006952000,12,5,7,729.6
21280006959000,110,57,53,4224
21280006960000,15,10,5,550.5
21280006970000,15,7,8,402
21280006971000,23,12,11,653.2
21280006974000,2,1,1,0
21280006976000,1,0,1,0
21280006982000,7,4,3,396.2
21280006983000,15,8,7,652.5
21280006985000,57,35,22,2376.9
21280006986000,4,3,1,0
21280006994000,253,102,151,12245.2
21280006995000,115,57,58,4485
21280006996000,23,10,13,1177.6
21280007001000,3,1,2,0
21280007002000,15,6,9,813
21280007004000,36,17,19,1962
21280007011000,51,31,20,2009.4
21280007012000,124,67,57,4674.8
21280007013000,51,27,24,2070.6
21280007014000,55,32,23,1831.5
21280007015000,26,13,13,1055.6
21280007016000,11,5,6,696.3
21280007017000,4,2,2,0
21280007019000,59,27,32,2141.7
21290006486000,52,25,27,1840.8
21290006487000,876,437,439,29608.8
21290006488000,167,76,91,6095.5
21290006489000,57,30,27,2730.3
21290006490000,102,54,48,3661.8
21290006491000,62,31,31,2312.6
21290006492000,76,37,39,2561.2
21290006493000,47,21,26,1645
21290006494000,8,4,4,335.2
21290006495000,22,11,11,712.8
21290006497000,27,12,15,720.9
21290006498000,21,12,9,808.5
21290006500000,13,8,5,655.2
21290006501000,41,22,19,1410.4
21290006502000,614,287,327,28796.6
21290006503000,217,107,110,7855.4
21290006504000,36,16,20,1670.4
21290006505000,11,6,5,352
21290006506000,34,18,16,1040.4
21290006507000,27,13,14,812.7
21290006508000,35,18,17,1011.5
21290006510000,1,0,1,0
21290006512000,20,9,11,734
21290006513000,50,25,25,1760
21290006515000,2,0,2,0
21290006524000,4,2,2,0
21290006525000,11,5,6,552.2
21290006539000,4,2,2,0
21290006540000,5,2,3,324
21290006545000,15,10,5,472.5
21290006547000,24,12,12,897.6
21290006555000,1,1,0,0
21290006558000,21,11,10,894.6
21290006559000,64,33,31,2912
21290006560000,4,2,2,0
21290006561000,28,14,14,949.2
21290006571000,8,5,3,323.2
21290006574000,15,8,7,853.5
21290006575000,7,3,4,205.8
21290006576000,19,8,11,782.8
21290006577000,28,13,15,1310.4
21290006578000,10,7,3,419
21290006579000,15,6,9,664.5
21290006580000,21,9,12,766.5
21290006582000,5,2,3,90
21290006592000,4,3,1,0
21290006593000,11,4,7,335.5
21290006594000,108,57,51,4687.2
21290006601000,1,1,0,0
21290006602000,16,8,8,497.6
21290006603000,110,56,54,4796
21290006604000,129,64,65,5482.5
21290006605000,15,8,7,574.5
21290006607000,10,4,6,479
21290006610000,3,1,2,0
21290006613000,1,0,1,0
21290006621000,3,1,2,0
21290006622000,11,6,5,424.6
21290006627000,18,11,7,646.2
21290006628000,2,1,1,0
21290006724000,4,3,1,0
21290006725000,6,4,2,178.2
21290006729000,27,14,13,907.2
21290006730000,410,196,214,16523
21290006731000,195,91,104,7371
21290006732000,11,5,6,453.2
21290006739000,39,21,18,1719.9
21290006883000,3,2,1,0
21290006884000,9,3,6,272.7
21290006946000,4,3,1,0
21290006947000,5,2,3,221
21290006958000,6,2,4,279
21290006959000,395,174,221,17577.5
21290006974000,3,1,2,0
21290006977000,5,2,3,340
21290006983000,15,7,8,574.5
21290006984000,1,1,0,0
21290006985000,57,32,25,2291.4
21290006991000,5,2,3,357
21290006995000,53,27,26,1897.4
21290006996000,30,15,15,891
21290006997000,14,8,6,880.6
21290007002000,12,7,5,610.8
21290007004000,15,6,9,658.5
21290007005000,21,9,12,947.1
21290007008000,3,1,2,0
21290007009000,23,11,12,1288
21290007010000,11,6,5,532.4
21290007011000,44,20,24,1905.2
21290007012000,28,15,13,1131.2
21290007013000,35,17,18,1102.5
21290007014000,190,96,94,7353
21290007015000,326,179,147,13724.6
21290007016000,124,38,86,7440
21290007017000,71,34,37,2449.5
21290007018000,42,20,22,1717.8
21290007019000,8,5,3,380.8
21300006487000,533,262,271,20094.1
21300006488000,1045,488,557,42009
21300006489000,96,49,47,3657.6
21300006490000,8,3,5,455.2
21300006491000,81,41,40,3102.3
21300006492000,145,74,71,5611.5
21300006493000,38,18,20,1364.2
21300006495000,10,3,7,288
21300006496000,19,11,8,777.1
21300006497000,44,22,22,1562
21300006498000,18,11,7,743.4
21300006499000,5,2,3,100
21300006500000,43,25,18,2085.5
21300006501000,227,113,114,7627.2
21300006502000,863,438,425,25372.2
21300006503000,158,85,73,6241
21300006504000,71,36,35,2747.7
21300006505000,48,20,28,1843.2
21300006506000,45,22,23,1534.5
21300006507000,3,0,3,0
21300006508000,8,5,3,319.2
21300006510000,47,27,20,1536.9
21300006511000,10,5,5,193
21300006512000,31,19,12,1178
21300006513000,8,2,6,387.2
21300006519000,50,24,26,2085
21300006520000,6,4,2,294
21300006524000,4,3,1,0
21300006525000,10,6,4,346
21300006538000,7,2,5,335.3
21300006539000,5,3,2,235
21300006542000,5,3,2,351
21300006544000,4,4,0,0
21300006545000,5,3,2,352
21300006558000,3,1,2,0
21300006559000,15,6,9,567
21300006575000,10,6,4,580
21300006576000,1,0,1,0
21300006579000,18,9,9,734.4
21300006580000,17,8,9,826.2
21300006581000,8,3,5,344.8
21300006587000,3,1,2,0
21300006592000,9,6,3,514.8
21300006593000,14,5,9,922.6
21300006594000,54,30,24,2138.4
21300006599000,2,1,1,0
21300006601000,3,1,2,0
21300006602000,121,59,62,5590.2
21300006603000,213,99,114,9457.2
21300006604000,48,28,20,2073.6
21300006605000,13,6,7,510.9
21300006606000,39,20,19,1930.5
21300006607000,18,6,12,851.4
21300006608000,4,2,2,0
21300006611000,17,11,6,428.4
21300006612000,8,5,3,348
21300006622000,4,2,2,0
21300006623000,1,1,0,0
21300006625000,25,12,13,1300
21300006723000,2,1,1,0
21300006724000,44,21,23,1839.2
21300006731000,62,38,24,2771.4
21300006732000,27,13,14,999
21300006739000,2,1,1,0
21300006802000,2,1,1,0
21300006812000,3,1,2,0
21300006884000,7,3,4,317.1
21300006944000,24,10,14,1305.6
21300006945000,4,2,2,0
21300006946000,8,3,5,294.4
21300006958000,31,16,15,1373.3
21300006959000,692,333,359,28718
21300006960000,3,2,1,0
21300006975000,5,2,3,274
21300006977000,37,17,20,1616.9
21300006978000,6,4,2,268.2
21300006984000,8,5,3,384
21300006985000,32,16,16,1264
21300006986000,23,12,11,1005.1
21300006996000,5,2,3,327
21300006997000,3,2,1,0
21300006998000,21,9,12,945
21300007002000,8,5,3,424.8
21300007005000,39,22,17,1591.2
21300007006000,2,1,1,0
21300007008000,44,22,22,1799.6
21300007014000,9,6,3,396.9
21300007015000,3,2,1,0
21300007016000,86,41,45,3276.6
21300007017000,97,48,49,3424.1
21310006487000,1,1,0,0
21310006488000,854,433,421,29890
21310006489000,86,43,43,3302.4
21310006490000,387,197,190,12887.1
21310006491000,388,192,196,15248.4
21310006492000,22,9,13,1023
21310006493000,204,98,106,8445.6
21310006494000,20,11,9,800
21310006495000,32,15,17,1305.6
21310006496000,31,14,17,1463.2
21310006497000,21,10,11,961.8
21310006498000,6,3,3,412.2
21310006499000,129,70,59,5482.5
21310006500000,17,8,9,612
21310006502000,16,8,8,473.6
21310006503000,38,20,18,1428.8
21310006504000,15,8,7,478.5
21310006505000,50,28,22,1860
21310006506000,24,10,14,940.8
21310006519000,87,47,40,3445.2
21310006522000,4,2,2,0
21310006524000,4,2,2,0
21310006525000,6,4,2,163.8
21310006544000,3,2,1,0
21310006545000,11,6,5,425.7
21310006557000,43,22,21,1788.8
21310006558000,9,6,3,435.6
21310006576000,3,2,1,0
21310006587000,3,2,1,0
21310006588000,12,5,7,620.4
21310006591000,7,3,4,242.2
21310006592000,27,16,11,1177.2
21310006593000,6,4,2,313.2
21310006594000,1,1,0,0
21310006598000,3,2,1,0
21310006600000,5,2,3,188
21310006601000,65,32,33,2814.5
21310006602000,184,84,100,8408.8
21310006607000,5,4,1,286
21310006609000,3,1,2,0
21310006610000,14,8,6,518
21310006611000,21,10,11,777
21310006623000,1,1,0,0
21310006723000,17,7,10,768.4
21310006724000,20,11,9,896
21310006732000,26,15,11,852.8
21310006738000,7,4,3,193.9
21310006739000,3,1,2,0
21310006774000,4,3,1,0
21310006884000,8,4,4,179.2
21310006888000,1,1,0,0
21310006943000,9,4,5,506.7
21310006944000,5,3,2,285
21310006956000,10,5,5,595
21310006957000,14,9,5,471.8
21310006958000,47,27,20,1903.5
21310006959000,109,63,46,4316.4
21310006975000,4,2,2,0
21310006977000,17,10,7,571.2
21310006978000,1,0,1,0
21310006984000,11,6,5,484
21310006985000,7,3,4,184.8
21310006986000,18,11,7,698.4
21310006996000,4,1,3,0
21310006997000,4,3,1,0
21310006998000,5,3,2,261
21310006999000,9,3,6,278.1
21310007002000,7,5,2,315.7
21310007003000,2,1,1,0
21310007005000,7,4,3,212.8
21310007006000,78,35,43,3260.4
21310007007000,17,10,7,442
21310007008000,28,15,13,1064
21310007010000,1,1,0,0
21310007011000,29,17,12,1041.1
21310007012000,16,9,7,595.2
21310007013000,31,19,12,1221.4
21320006487000,4,3,1,0
21320006488000,630,311,319,23814
21320006489000,122,61,61,4892.2
21320006490000,26,13,13,1053
21320006491000,1013,507,506,38494
21320006492000,292,131,161,13578
21320006493000,899,450,449,33442.8
21320006494000,630,299,331,26145
21320006495000,87,44,43,3010.2
21320006496000,2,1,1,0
21320006497000,27,14,13,1304.1
21320006498000,10,6,4,570
21320006499000,31,17,14,1199.7
21320006500000,3,2,1,0
21320006503000,29,15,14,1084.6
21320006504000,12,6,6,398.4
21320006505000,13,6,7,744.9
21320006506000,24,11,13,943.2
21320006508000,9,7,2,288
21320006515000,7,2,5,237.3
21320006522000,2,1,1,0
21320006526000,6,3,3,181.8
21320006557000,3,2,1,0
21320006559000,2,1,1,0
21320006596000,1,1,0,0
21320006597000,4,3,1,0
21320006598000,17,7,10,722.5
21320006599000,13,6,7,721.5
21320006600000,62,33,29,1959.2
21320006601000,33,14,19,1303.5
21320006606000,2,2,0,0
21320006607000,33,22,11,1465.2
21320006608000,25,15,10,1167.5
21320006609000,6,2,4,172.8
21320006622000,11,5,6,613.8
21320006623000,4,2,2,0
21320006704000,5,2,3,272
21320006722000,15,9,6,474
21320006723000,23,10,13,1012
21320006732000,18,10,8,770.4
21320006733000,24,12,12,1137.6
21320006738000,70,44,26,2191
21320006739000,26,12,14,837.2
21320006749000,11,5,6,352
21320006801000,4,3,1,0
21320006884000,4,1,3,0
21320006888000,1,1,0,0
21320006942000,6,2,4,408
21320006956000,15,8,7,759
21320006957000,7,4,3,233.1
21320006958000,32,18,14,1360
21320006959000,69,34,35,2677.2
21320006984000,5,3,2,195
21320006985000,4,1,3,0
21320006986000,5,3,2,350
21320006987000,7,5,2,296.8
21320006994000,7,4,3,230.3
21320006996000,8,4,4,280
21320006997000,55,30,25,2040.5
21320006999000,18,10,8,579.6
21320007000000,31,17,14,951.7
21320007006000,5,4,1,118
21320007010000,42,24,18,1155
21320007011000,114,61,53,4651.2
21320007012000,24,12,12,948
21320007013000,18,10,8,817.2
21320007014000,59,34,25,2271.5
21320007015000,5,3,2,226
21320007018000,33,19,14,1626.9
21320007019000,725,351,374,30232.5
21320007020000,917,459,458,38789.1
21330006489000,2,1,1,0
21330006491000,15,6,9,604.5
21330006492000,625,307,318,22250
21330006493000,282,139,143,10123.8
21330006494000,442,221,221,17238
21330006495000,453,234,219,14858.4
21330006496000,25,14,11,975
21330006497000,49,22,27,2107
21330006498000,433,214,219,12167.3
21330006499000,23,11,12,717.6
21330006501000,12,6,6,447.6
21330006504000,5,1,4,117
21330006505000,15,11,4,759
21330006506000,4,3,1,0
21330006508000,2,1,1,0
21330006516000,2,1,1,0
21330006517000,9,4,5,389.7
21330006519000,1,1,0,0
21330006522000,7,3,4,242.2
21330006526000,8,5,3,359.2
21330006527000,7,4,3,282.8
21330006560000,1,1,0,0
21330006607000,15,6,9,388.5
21330006722000,17,8,9,771.8
21330006733000,27,14,13,1201.5
21330006734000,16,10,6,401.6
21330006735000,6,3,3,367.8
21330006737000,4,1,3,0
21330006738000,253,122,131,11789.8
21330006739000,26,15,11,1274
21330006745000,5,4,1,283
21330006746000,7,4,3,296.1
21330006884000,2,0,2,0
21330006956000,19,11,8,729.6
21330006957000,17,8,9,766.7
21330006958000,35,20,15,1382.5
21330006959000,34,23,11,1635.4
21330006975000,2,1,1,0
21330006983000,6,4,2,322.2
21330006985000,5,1,4,101
21330006987000,6,4,2,333
21330006995000,16,9,7,680
21330006996000,11,4,7,490.6
21330006997000,8,5,3,360.8
21330006998000,7,4,3,319.9
21330007000000,6,4,2,316.8
21330007002000,13,5,8,656.5
21330007008000,15,8,7,778.5
21330007009000,86,40,46,3741
21330007010000,21,10,11,592.2
21330007015000,13,6,7,529.1
21330007017000,672,344,328,27888
21330007018000,2548,1209,1339,116698.4
21330007019000,2775,1362,1413,115162.5
21330007020000,1619,774,845,65893.3
21340006492000,43,24,19,1681.3
21340006493000,293,165,128,12511.1
21340006494000,289,143,146,11617.8
21340006495000,926,445,481,33984.2
21340006496000,27,16,11,1350
21340006497000,166,90,76,7204.4
21340006498000,154,83,71,4543
21340006499000,370,192,178,11914
21340006500000,37,16,21,1217.3
21340006501000,18,10,8,826.2
21340006502000,3,2,1,0
21340006503000,2,1,1,0
21340006506000,2,1,1,0
21340006507000,1,0,1,0
21340006509000,11,5,6,310.2
21340006510000,44,26,18,1606
21340006514000,1,1,0,0
21340006519000,3,2,1,0
21340006522000,29,18,11,1331.1
21340006529000,7,2,5,237.3
21340006540000,5,3,2,192
21340006541000,3,3,0,0
21340006548000,6,3,3,205.8
21340006607000,7,4,3,378
21340006620000,12,6,6,393.6
21340006621000,11,6,5,487.3
21340006624000,2,1,1,0
21340006625000,8,4,4,322.4
21340006626000,5,3,2,222
21340006627000,3,1,2,0
21340006654000,6,3,3,355.2
21340006721000,3,3,0,0
21340006734000,15,7,8,553.5
21340006735000,14,8,6,715.4
21340006737000,61,31,30,2208.2
21340006738000,65,30,35,2788.5
21340006740000,4,2,2,0
21340006745000,14,7,7,663.6
21340006746000,19,9,10,723.9
21340006883000,1,1,0,0
21340006954000,11,6,5,489.5
21340006955000,15,8,7,466.5
21340006958000,8,5,3,314.4
21340006959000,8,4,4,456.8
21340006975000,5,3,2,244
21340006983000,1,1,0,0
21340006984000,7,5,2,310.1
21340006985000,2,1,1,0
21340006987000,8,3,5,499.2
21340006988000,4,2,2,0
21340006994000,10,7,3,427
21340006998000,11,7,4,415.8
21340007001000,22,13,9,792
21340007002000,2,1,1,0
21340007008000,95,54,41,3942.5
21340007009000,95,44,51,4170.5
21340007015000,12,6,6,552
21340007016000,9,5,4,383.4
21340007017000,98,52,46,4517.8
21340007018000,1786,888,898,72868.8
21340007019000,1807,921,886,76978.2
21340007020000,75,35,40,2902.5
21350006493000,154,83,71,5944.4
21350006494000,1063,505,558,43051.5
21350006495000,1301,647,654,51649.7
21350006496000,1579,751,828,66160.1
21350006497000,724,364,360,25702
21350006498000,293,141,152,10401.5
21350006499000,386,195,191,11966
21350006500000,27,17,10,853.2
21350006501000,34,17,17,1472.2
21350006502000,9,5,4,560.7
21350006505000,1,1,0,0
21350006506000,1,1,0,0
21350006508000,6,3,3,298.2
21350006509000,3,2,1,0
21350006511000,5,3,2,96
21350006512000,43,24,19,1638.3
21350006517000,2,1,1,0
21350006520000,5,3,2,214
21350006521000,7,3,4,350.7
21350006522000,20,12,8,988
21350006523000,5,2,3,237
21350006531000,3,2,1,0
21350006532000,2,1,1,0
21350006606000,10,6,4,458
21350006607000,24,13,11,1106.4
21350006608000,39,19,20,1829.1
21350006609000,13,7,6,470.6
21350006620000,2,1,1,0
21350006621000,5,3,2,361
21350006623000,11,7,4,469.7
21350006624000,23,12,11,784.3
21350006626000,1,1,0,0
21350006714000,1,1,0,0
21350006720000,8,4,4,444.8
21350006721000,9,5,4,455.4
21350006734000,4,2,2,0
21350006735000,38,20,18,1375.6
21350006736000,18,7,11,916.2
21350006737000,28,11,17,1100.4
21350006746000,12,8,4,510
21350006883000,12,7,5,517.2
21350006884000,31,16,15,1140.8
21350006941000,4,2,2,0
21350006942000,9,4,5,417.6
21350006954000,18,11,7,478.8
21350006958000,2,1,1,0
21350006976000,16,10,6,548.8
21350006982000,2,1,1,0
21350006984000,52,24,28,1996.8
21350006985000,1,1,0,0
21350006999000,6,3,3,265.2
21350007002000,14,3,11,484.4
21350007003000,37,19,18,1084.1
21350007004000,10,4,6,472
21350007008000,40,16,24,1668
21350007009000,282,146,136,8939.4
21350007010000,413,212,201,15487.5
21350007011000,2,0,2,0
21350007014000,45,24,21,1980
21350007015000,111,58,53,4107
21350007016000,5,4,1,225
21350007018000,1442,713,729,59122
21350007019000,565,281,284,22317.5
21350007020000,91,48,43,3658.2
21360006492000,2,1,1,0
21360006493000,37,17,20,1039.7
21360006494000,444,222,222,17538
21360006495000,837,404,433,34149.6
21360006496000,1487,750,737,62751.4
21360006497000,1937,991,946,78254.8
21360006498000,1688,814,874,62962.4
21360006499000,636,334,302,23850
21360006500000,20,10,10,1004
21360006501000,31,21,10,1119.1
21360006502000,20,9,11,968
21360006503000,4,1,3,0
21360006504000,5,3,2,191
21360006505000,18,9,9,534.6
21360006506000,1,1,0,0
21360006514000,6,4,2,322.2
21360006520000,1,1,0,0
21360006522000,20,9,11,994
21360006533000,2,1,1,0
21360006534000,4,2,2,0
21360006545000,4,2,2,0
21360006575000,3,1,2,0
21360006604000,1,1,0,0
21360006606000,14,6,8,708.4
21360006607000,8,5,3,344.8
21360006608000,2,1,1,0
21360006609000,67,38,29,3135.6
21360006610000,5,3,2,213
21360006619000,6,2,4,448.2
21360006620000,45,23,22,1750.5
21360006621000,84,45,39,4032
21360006622000,35,18,17,1277.5
21360006623000,26,14,12,1224.6
21360006655000,47,29,18,1786
21360006668000,3,2,1,0
21360006714000,1,0,1,0
21360006720000,2,2,0,0
21360006733000,1,0,1,0
21360006734000,19,10,9,775.2
21360006735000,3,2,1,0
21360006736000,37,25,12,1690.9
21360006737000,7,5,2,195.3
21360006746000,7,3,4,245
21360006747000,8,3,5,456
21360006803000,7,3,4,291.9
21360006804000,15,8,7,640.5
21360006883000,32,17,15,1158.4
21360006884000,19,11,8,788.5
21360006941000,2,1,1,0
21360006959000,12,8,4,418.8
21360006969000,3,2,1,0
21360006976000,4,2,2,0
21360006982000,5,3,2,217
21360006983000,2,1,1,0
21360006989000,15,8,7,466.5
21360006999000,22,11,11,750.2
21360007002000,19,10,9,653.6
21360007004000,1,1,0,0
21360007008000,36,18,18,1159.2
21360007009000,41,22,19,1898.3
21360007014000,8,6,2,244
21360007015000,228,98,130,7638
21360007016000,8,3,5,332.8
21360007018000,245,131,114,9996
21360007019000,812,428,384,29313.2
21370006493000,5,3,2,100
21370006494000,467,238,229,19473.9
21370006495000,615,308,307,23985
21370006496000,346,168,178,13355.6
21370006497000,2143,983,1160,101363.9
21370006498000,1425,696,729,59137.5
21370006499000,292,149,143,11767.6
21370006500000,33,20,13,986.7
21370006501000,77,41,36,3118.5
21370006502000,192,91,101,6873.6
21370006503000,25,13,12,642.5
21370006504000,3,2,1,0
21370006513000,4,2,2,0
21370006522000,21,12,9,764.4
21370006523000,22,9,13,1047.2
21370006524000,7,4,3,340.9
21370006525000,6,2,4,186
21370006529000,4,2,2,0
21370006530000,4,1,3,0
21370006606000,10,3,7,386
21370006610000,61,34,27,1958.1
21370006611000,31,17,14,855.6
21370006613000,13,7,6,526.5
21370006619000,96,44,52,3552
21370006620000,65,28,37,2587
21370006621000,33,19,14,1445.4
21370006623000,2,0,2,0
21370006655000,7,5,2,312.9
21370006714000,6,4,2,331.2
21370006715000,2,1,1,0
21370006717000,1,1,0,0
21370006721000,6,2,4,271.8
21370006734000,5,2,3,238
21370006735000,22,8,14,849.2
21370006746000,26,11,15,808.6
21370006747000,5,4,1,127
21370006803000,2,1,1,0
21370006804000,29,16,13,823.6
21370006882000,2,1,1,0
21370006883000,38,20,18,1664.4
21370006884000,1,1,0,0
21370006941000,1,1,0,0
21370006970000,2,1,1,0
21370006979000,21,8,13,1138.2
21370006989000,4,2,2,0
21370006990000,31,15,16,1119.1
21370006991000,12,7,5,375.6
21370006997000,7,2,5,175
21370006998000,19,11,8,725.8
21370006999000,82,42,40,3345.6
21370007000000,2,2,0,0
21370007002000,2,1,1,0
21370007003000,5,1,4,86
21370007005000,5,3,2,147
21370007008000,5,4,1,152
21370007009000,56,30,26,2581.6
21370007010000,12,6,6,564
21370007015000,233,111,122,7828.8
21370007016000,963,484,479,32549.4
21370007017000,92,54,38,3532.8
21370007018000,13,8,5,536.9
21370007019000,1066,556,510,32726.2
21370007020000,55,26,29,1408
21380006493000,4,3,1,0
21380006494000,242,125,117,10769
21380006495000,74,34,40,3278.2
21380006496000,198,98,100,7464.6
21380006497000,621,304,317,24467.4
21380006498000,1020,500,520,40494
21380006499000,10,6,4,353
21380006500000,1,0,1,0
21380006502000,13,5,8,314.6
21380006503000,79,42,37,3144.2
21380006504000,4,3,1,0
21380006506000,6,3,3,301.8
21380006507000,5,1,4,197
21380006512000,4,2,2,0
21380006514000,8,3,5,215.2
21380006515000,3,2,1,0
21380006522000,17,8,9,673.2
21380006526000,12,7,5,532.8
21380006527000,30,14,16,993
21380006528000,34,18,16,1465.4
21380006529000,2,2,0,0
21380006532000,12,6,6,468
21380006583000,2,1,1,0
21380006610000,99,40,59,3791.7
21380006611000,402,198,204,17085
21380006612000,10,4,6,346
21380006613000,2,1,1,0
21380006618000,37,22,15,1520.7
21380006619000,14,5,9,350
21380006620000,6,3,3,274.2
21380006621000,1,1,0,0
21380006630000,8,3,5,316.8
21380006665000,5,3,2,109
21380006683000,7,2,5,319.9
21380006714000,14,5,9,376.6
21380006715000,11,7,4,477.4
21380006733000,6,5,1,241.2
21380006734000,14,7,7,609
21380006746000,23,13,10,738.3
21380006747000,32,14,18,1427.2
21380006882000,8,6,2,299.2
21380006883000,26,14,12,1071.2
21380006884000,29,15,14,1351.4
21380006958000,6,3,3,225
21380006959000,3,2,1,0
21380006973000,8,5,3,451.2
21380006974000,23,12,11,993.6
21380006975000,2,2,0,0
21380006979000,3,2,1,0
21380006989000,1,1,0,0
21380006990000,33,13,20,1145.1
21380006991000,26,12,14,1053
21380006997000,3,2,1,0
21380006998000,4,3,1,0
21380006999000,193,98,95,7797.2
21380007002000,16,10,6,566.4
21380007003000,15,10,5,769.5
21380007004000,16,9,7,596.8
21380007005000,5,2,3,343
21380007010000,30,18,12,1299
21380007015000,15,9,6,598.5
21380007016000,352,164,188,13200
21380007017000,132,72,60,5016
21380007018000,12,7,5,342
21380007019000,59,32,27,1675.6
21380007020000,165,86,79,3943.5
21390006494000,1,0,1,0
21390006495000,146,73,73,5971.4
21390006496000,493,239,254,21001.8
21390006497000,336,170,166,11726.4
21390006498000,275,145,130,8800
21390006502000,6,3,3,349.2
21390006503000,51,30,21,1734
21390006504000,39,21,18,1450.8
21390006505000,38,18,20,1501
21390006506000,73,42,31,2941.9
21390006507000,28,16,12,1187.2
21390006508000,3,3,0,0
21390006512000,1,1,0,0
21390006514000,2,1,1,0
21390006515000,10,4,6,370
21390006522000,7,3,4,265.3
21390006523000,20,11,9,672
21390006525000,14,9,5,522.2
21390006526000,3,2,1,0
21390006546000,50,28,22,1745
21390006582000,6,5,1,199.2
21390006583000,2,1,1,0
21390006604000,3,2,1,0
21390006605000,4,3,1,0
21390006606000,2,1,1,0
21390006609000,7,4,3,214.2
21390006610000,128,57,71,5721.6
21390006611000,452,204,248,20701.6
21390006612000,66,31,35,2871
21390006613000,17,8,9,646
21390006617000,18,13,5,529.2
21390006618000,11,5,6,469.7
21390006623000,4,2,2,0
21390006625000,18,10,8,1125
21390006655000,92,48,44,3781.2
21390006715000,77,40,37,3041.5
21390006733000,10,5,5,439
21390006734000,22,11,11,657.8
21390006738000,1,0,1,0
21390006746000,6,4,2,342
21390006747000,30,16,14,1341
21390006882000,7,3,4,399
21390006883000,33,18,15,1362.9
21390006884000,47,23,24,2133.8
21390006971000,4,1,3,0
21390006972000,23,12,11,844.1
21390006973000,18,8,10,725.4
21390006974000,41,17,24,1877.8
21390006975000,2,1,1,0
21390006989000,13,4,9,600.6
21390006990000,1,1,0,0
21390006991000,1,0,1,0
21390006992000,2,1,1,0
21390006994000,11,5,6,333.3
21390006995000,6,2,4,274.2
21390006996000,1,1,0,0
21390006999000,5,3,2,130
21390007000000,14,7,7,756
21390007003000,4,2,2,0
21390007010000,44,30,14,1724.8
21390007011000,128,75,53,5004.8
21390007012000,3,1,2,0
21390007013000,21,7,14,657.3
21390007015000,17,8,9,540.6
21390007016000,428,238,190,11513.2
21390007017000,115,57,58,4945
21390007018000,25,14,11,1120
21390007019000,15,9,6,549
21390007020000,3,1,2,0
21390007046000,10,3,7,381
21400006494000,5,2,3,155
21400006495000,48,24,24,2438.4
21400006496000,241,113,128,9061.6
21400006497000,80,38,42,3448
21400006498000,143,73,70,6363.5
21400006499000,84,38,46,3939.6
21400006500000,230,127,103,6854
21400006501000,42,22,20,1629.6
21400006502000,16,7,9,486.4
21400006503000,2,1,1,0
21400006504000,44,25,19,1768.8
21400006505000,36,19,17,1454.4
21400006506000,43,24,19,1990.9
21400006507000,23,11,12,1021.2
21400006508000,6,4,2,192
21400006509000,7,3,4,240.1
21400006510000,2,1,1,0
21400006513000,7,4,3,296.8
21400006519000,8,4,4,239.2
21400006522000,23,14,9,1064.9
21400006523000,2,1,1,0
21400006524000,2,1,1,0
21400006525000,14,6,8,796.6
21400006546000,30,18,12,1299
21400006547000,24,12,12,787.2
21400006556000,2,1,1,0
21400006580000,5,3,2,272
21400006582000,5,2,3,98
21400006592000,9,3,6,369.9
21400006604000,3,2,1,0
21400006605000,5,1,4,106
21400006610000,10,6,4,436
21400006611000,120,49,71,5436
21400006612000,150,77,73,6195
21400006613000,15,8,7,570
21400006614000,6,3,3,171
21400006623000,15,7,8,541.5
21400006624000,76,34,42,3040
21400006625000,10,5,5,531
21400006655000,257,124,133,9766
21400006704000,10,6,4,410
21400006715000,14,7,7,820.4
21400006722000,2,1,1,0
21400006733000,3,2,1,0
21400006734000,11,7,4,382.8
21400006746000,7,3,4,385.7
21400006882000,45,23,22,1800
21400006883000,13,6,7,539.5
21400006923000,3,2,1,0
21400006931000,5,3,2,303
21400006932000,10,6,4,514
21400006933000,1,0,1,0
21400006934000,5,2,3,304
21400006935000,5,2,3,215
21400006971000,28,15,13,1170.4
21400006979000,21,12,9,1152.9
21400006983000,2,1,1,0
21400006992000,21,12,9,844.2
21400007004000,5,4,1,217
21400007005000,7,2,5,228.2
21400007006000,5,2,3,154
21400007007000,3,2,1,0
21400007008000,7,3,4,387.1
21400007011000,24,13,11,847.2
21400007012000,188,96,92,6711.6
21400007013000,100,46,54,3610
21400007014000,87,47,40,3680.1
21400007015000,255,129,126,8644.5
21400007016000,177,100,77,6956.1
21400007017000,33,22,11,1214.4
21400007018000,1,1,0,0
21400007046000,33,17,16,1148.4
21400007047000,12,6,6,459.6
21400007048000,12,7,5,724.8
21410006494000,61,35,26,2769.4
21410006495000,87,41,46,3332.1
21410006497000,46,20,26,1426
21410006498000,227,111,116,8694.1
21410006499000,526,277,249,21460.8
21410006500000,892,441,451,37107.2
21410006501000,642,334,308,23754
21410006502000,18,10,8,685.8
21410006503000,21,11,10,1043.7
21410006504000,22,10,12,1031.8
21410006506000,47,26,21,1786
21410006507000,2,1,1,0
21410006508000,6,4,2,258
21410006509000,8,2,6,287.2
21410006510000,5,3,2,247
21410006518000,13,7,6,617.5
21410006519000,31,18,13,1326.8
21410006520000,13,9,4,592.8
21410006521000,23,12,11,890.1
21410006526000,13,9,4,509.6
21410006533000,8,3,5,388
21410006545000,10,7,3,443
21410006546000,1,0,1,0
21410006564000,9,5,4,461.7
21410006580000,16,10,6,520
21410006581000,6,4,2,309
21410006590000,28,15,13,1195.6
21410006591000,26,13,13,1029.6
21410006604000,9,4,5,324.9
21410006608000,1,1,0,0
21410006609000,30,15,15,1161
21410006610000,2,1,1,0
21410006611000,2,1,1,0
21410006613000,10,6,4,446
21410006614000,17,9,8,530.4
21410006615000,8,4,4,270.4
21410006623000,15,8,7,513
21410006624000,37,22,15,1417.1
21410006625000,15,10,5,628.5
21410006648000,1,1,0,0
21410006655000,537,247,290,24003.9
21410006704000,30,14,16,1050
21410006705000,7,4,3,165.9
21410006706000,7,4,3,303.8
21410006710000,3,1,2,0
21410006715000,8,4,4,504
21410006734000,15,8,7,622.5
21410006735000,18,9,9,781.2
21410006740000,2,1,1,0
21410006741000,11,6,5,514.8
21410006746000,9,5,4,435.6
21410006763000,2,1,1,0
21410006766000,15,9,6,363
21410006804000,7,3,4,233.8
21410006857000,1,1,0,0
21410006881000,4,3,1,0
21410006882000,39,20,19,1833
21410006883000,3,3,0,0
21410006930000,10,6,4,660
21410006931000,40,24,16,1948
21410006968000,5,3,2,163
21410006970000,32,20,12,1123.2
21410006971000,3,1,2,0
21410006979000,78,43,35,2886
21410006992000,2,0,2,0
21410007001000,25,12,13,830
21410007004000,8,3,5,196
21410007005000,5,3,2,120
21410007006000,21,9,12,829.5
21410007007000,57,31,26,2559.3
21410007008000,7,3,4,251.3
21410007009000,5,2,3,249
21410007012000,16,7,9,774.4
21410007013000,50,29,21,1705
21410007014000,215,100,115,10707
21410007015000,143,77,66,5148
21410007016000,80,44,36,2680
21410007045000,10,6,4,431
21410007046000,12,7,5,795.6
21410007047000,7,5,2,448
21410007048000,3,2,1,0
21410007049000,7,4,3,503.3
21410007050000,4,2,2,0
21410007052000,1,0,1,0
21410007056000,1,1,0,0
21420006494000,1,1,0,0
21420006495000,113,56,57,4474.8
21420006496000,16,8,8,585.6
21420006497000,17,8,9,690.2
21420006498000,491,232,259,17676
21420006499000,333,173,160,11754.9
21420006500000,830,422,408,32868
21420006501000,365,169,196,15658.5
21420006502000,3,1,2,0
21420006504000,39,24,15,1805.7
21420006505000,16,6,10,702.4
21420006506000,18,9,9,765
21420006509000,26,16,10,975
21420006510000,34,16,18,1601.4
21420006511000,2,1,1,0
21420006514000,1,0,1,0
21420006519000,8,3,5,414.4
21420006520000,127,61,66,3937
21420006521000,35,18,17,1620.5
21420006524000,1,1,0,0
21420006527000,2,1,1,0
21420006532000,5,2,3,134
21420006533000,8,4,4,300.8
21420006565000,3,2,1,0
21420006573000,3,1,2,0
21420006580000,4,2,2,0
21420006591000,5,2,3,317
21420006601000,2,0,2,0
21420006603000,3,1,2,0
21420006604000,2,1,1,0
21420006613000,10,6,4,410
21420006614000,2,1,1,0
21420006623000,23,11,12,984.4
21420006624000,58,25,33,2528.8
21420006631000,3,2,1,0
21420006647000,7,4,3,298.9
21420006654000,2,1,1,0
21420006655000,461,215,246,20099.6
21420006677000,1,0,1,0
21420006703000,15,8,7,721.5
21420006704000,1,1,0,0
21420006705000,1,0,1,0
21420006713000,1,1,0,0
21420006715000,5,4,1,225
21420006716000,9,6,3,235.8
21420006735000,30,14,16,1629
21420006740000,14,8,6,582.4
21420006747000,16,10,6,689.6
21420006766000,23,12,11,844.1
21420006773000,4,3,1,0
21420006804000,17,10,7,569.5
21420006822000,1,0,1,0
21420006857000,14,6,8,803.6
21420006881000,12,5,7,644.4
21420006882000,37,19,18,1779.7
21420006927000,10,5,5,501
21420006928000,4,2,2,0
21420006968000,12,7,5,349.2
21420006969000,15,9,6,805.5
21420006970000,8,4,4,216.8
21420006979000,93,51,42,4324.5
21420006990000,6,3,3,418.2
21420006991000,3,0,3,0
21420006992000,4,2,2,0
21420007000000,4,3,1,0
21420007005000,18,11,7,583.2
21420007007000,4,2,2,0
21420007023000,15,6,9,519
21420007045000,6,3,3,276
21420007046000,12,9,3,459.6
21420007047000,5,2,3,110
21420007049000,4,2,2,0
21420007051000,33,15,18,1778.7
21420007052000,74,40,34,3626
21430006495000,36,20,16,1306.8
21430006496000,14,8,6,410.2
21430006497000,75,35,40,2820
21430006498000,105,49,56,3465
21430006499000,176,89,87,6300.8
21430006500000,199,115,84,7064.5
21430006501000,156,75,81,5865.6
21430006502000,81,43,38,2980.8
21430006503000,62,32,30,2263
21430006504000,12,6,6,430.8
21430006505000,6,3,3,210
21430006507000,4,2,2,0
21430006509000,2,1,1,0
21430006510000,33,13,20,1597.2
21430006511000,11,5,6,649
21430006514000,125,70,55,4550
21430006515000,112,51,61,3897.6
21430006516000,22,12,10,957
21430006517000,16,9,7,838.4
21430006518000,12,4,8,439.2
21430006519000,2,1,1,0
21430006523000,1,1,0,0
21430006524000,11,6,5,435.6
21430006526000,19,12,7,304
21430006528000,4,2,2,0
21430006530000,1,1,0,0
21430006532000,32,14,18,1139.2
21430006533000,21,7,14,575.4
21430006564000,10,6,4,573
21430006573000,5,3,2,80
21430006580000,2,1,1,0
21430006589000,5,3,2,178
21430006590000,5,2,3,137
21430006602000,10,4,6,441
21430006604000,9,4,5,416.7
21430006605000,12,7,5,303.6
21430006608000,7,3,4,366.1
21430006609000,6,3,3,118.2
21430006624000,33,15,18,1346.4
21430006625000,12,6,6,628.8
21430006647000,3,1,2,0
21430006654000,1,0,1,0
21430006655000,1001,468,533,39039
21430006690000,1,0,1,0
21430006701000,5,3,2,196
21430006702000,42,26,16,1566.6
21430006703000,13,8,5,413.4
21430006716000,2,1,1,0
21430006723000,2,1,1,0
21430006735000,7,3,4,385.7
21430006736000,20,12,8,790
21430006740000,18,10,8,631.8
21430006747000,29,17,12,1139.7
21430006748000,11,5,6,394.9
21430006766000,11,6,5,413.6
21430006772000,10,4,6,288
21430006773000,9,5,4,384.3
21430006803000,32,17,15,1286.4
21430006804000,14,6,8,662.2
21430006857000,1,1,0,0
21430006861000,5,1,4,160
21430006881000,29,17,12,1041.1
21430006882000,16,7,9,860.8
21430006927000,8,3,5,352.8
21430006979000,47,21,26,1574.5
21430006980000,5,2,3,221
21430006989000,1,1,0,0
21430006991000,13,8,5,426.4
21430006992000,11,7,4,403.7
21430007001000,6,4,2,313.8
21430007005000,10,4,6,538
21430007007000,19,10,9,672.6
21430007023000,11,6,5,603.9
21430007024000,2,1,1,0
21430007046000,2,2,0,0
21430007052000,59,33,26,2660.9
21430007053000,52,24,28,2288
21440006497000,2,1,1,0
21440006498000,196,102,94,7467.6
21440006499000,145,84,61,4828.5
21440006500000,71,38,33,2790.3
21440006501000,9,4,5,414.9
21440006502000,61,28,33,2263.1
21440006503000,124,60,64,4724.4
21440006504000,1,1,0,0
21440006507000,7,2,5,160.3
21440006508000,23,11,12,754.4
21440006509000,17,11,6,617.1
21440006510000,47,23,24,1447.6
21440006511000,65,34,31,2782
21440006512000,60,31,29,2304
21440006513000,106,56,50,4452
21440006514000,86,47,39,3422.8
21440006515000,21,11,10,804.3
21440006516000,20,8,12,768
21440006517000,4,2,2,0
21440006518000,4,4,0,0
21440006519000,7,2,5,310.8
21440006524000,3,2,1,0
21440006525000,15,10,5,550.5
21440006526000,40,18,22,1300
21440006527000,91,43,48,3576.3
21440006528000,144,72,72,4795.2
21440006529000,15,7,8,541.5
21440006530000,4,2,2,0
21440006531000,16,9,7,520
21440006533000,21,11,10,896.7
21440006534000,12,7,5,274.8
21440006563000,4,2,2,0
21440006564000,7,4,3,291.2
21440006573000,2,1,1,0
21440006580000,30,16,14,1455
21440006581000,23,14,9,782
21440006590000,11,6,5,482.9
21440006601000,1,0,1,0
21440006603000,1,1,0,0
21440006604000,6,3,3,370.8
21440006605000,9,2,7,288.9
21440006607000,11,5,6,347.6
21440006623000,9,4,5,266.4
21440006624000,58,28,30,2644.8
21440006625000,23,12,11,1067.2
21440006626000,2,1,1,0
21440006654000,78,39,39,2792.4
21440006655000,387,172,215,19040.4
21440006677000,1,0,1,0
21440006699000,1,0,1,0
21440006701000,33,15,18,1346.4
21440006702000,5,4,1,147
21440006714000,3,1,2,0
21440006723000,2,1,1,0
21440006736000,17,9,8,703.8
21440006737000,4,3,1,0
21440006739000,10,6,4,470
21440006740000,10,4,6,194
21440006746000,24,11,13,780
21440006747000,113,50,63,4135.8
21440006748000,7,3,4,133.7
21440006766000,19,9,10,659.3
21440006770000,2,1,1,0
21440006771000,3,1,2,0
21440006772000,16,8,8,700.8
21440006799000,10,5,5,406
21440006800000,19,8,11,630.8
21440006801000,6,3,3,165
21440006802000,13,6,7,687.7
21440006803000,23,13,10,805
21440006861000,2,1,1,0
21440006880000,9,3,6,374.4
21440006881000,33,17,16,1696.2
21440006919000,10,5,5,399
21440006924000,2,1,1,0
21440006976000,1,1,0,0
21440006977000,2,1,1,0
21440006979000,139,68,71,6394
21440006993000,7,2,5,354.2
21440007001000,18,11,7,858.6
21440007005000,1,1,0,0
21440007006000,74,36,38,2197.8
21440007007000,6,2,4,127.8
21440007008000,4,3,1,0
21440007009000,20,8,12,754
21440007022000,17,9,8,846.6
21440007023000,15,6,9,700.5
21440007024000,42,23,19,1503.6
21440007044000,10,4,6,339
21440007046000,1,1,0,0
21440007052000,48,26,22,1876.8
21440007053000,21,11,10,783.3
21450006498000,13,6,7,752.7
21450006499000,27,13,14,947.7
21450006500000,91,45,46,3567.2
21450006501000,15,8,7,591
21450006502000,24,13,11,936
21450006503000,119,61,58,4986.1
21450006504000,5,2,3,326
21450006505000,22,13,9,985.6
21450006506000,24,12,12,772.8
21450006507000,54,27,27,2300.4
21450006508000,13,6,7,577.2
21450006514000,40,19,21,1724
21450006515000,24,13,11,820.8
21450006519000,1,1,0,0
21450006524000,10,6,4,344
21450006525000,9,6,3,371.7
21450006527000,4,2,2,0
21450006528000,239,112,127,11567.6
21450006529000,50,23,27,1665
21450006530000,32,14,18,1318.4
21450006531000,5,2,3,132
21450006532000,5,3,2,144
21450006533000,13,6,7,432.9
21450006534000,24,12,12,1072.8
21450006535000,2,1,1,0
21450006563000,2,1,1,0
21450006564000,13,7,6,510.9
21450006572000,12,7,5,361.2
21450006573000,8,4,4,492
21450006574000,10,6,4,522
21450006579000,6,5,1,333
21450006580000,2,1,1,0
21450006581000,19,11,8,556.7
21450006582000,7,5,2,391.3
21450006583000,11,8,3,546.7
21450006584000,9,5,4,314.1
21450006585000,9,7,2,333.9
21450006591000,1,1,0,0
21450006592000,1,1,0,0
21450006604000,8,5,3,503.2
21450006605000,3,1,2,0
21450006607000,13,7,6,621.4
21450006624000,50,25,25,2070
21450006654000,1,0,1,0
21450006655000,166,81,85,7802
21450006669000,2,2,0,0
21450006696000,5,2,3,226
21450006697000,5,4,1,236
21450006699000,9,5,4,338.4
21450006700000,5,4,1,247
21450006723000,4,3,1,0
21450006737000,224,98,126,7817.6
21450006738000,181,87,94,6262.6
21450006739000,2,1,1,0
21450006745000,8,4,4,331.2
21450006746000,27,13,14,1312.2
21450006747000,35,16,19,1459.5
21450006763000,1,1,0,0
21450006766000,29,14,15,945.4
21450006767000,19,9,10,722
21450006768000,1,0,1,0
21450006773000,1,1,0,0
21450006799000,38,20,18,1485.8
21450006800000,15,8,7,616.5
21450006802000,2,1,1,0
21450006858000,2,1,1,0
21450006859000,2,2,0,0
21450006861000,12,7,5,477.6
21450006862000,2,1,1,0
21450006878000,3,1,2,0
21450006879000,28,11,17,1092
21450006880000,42,19,23,1919.4
21450006881000,24,10,14,938.4
21450006919000,8,2,6,400.8
21450006923000,2,1,1,0
21450006924000,3,1,2,0
21450006975000,11,5,6,319
21450006978000,12,4,8,559.2
21450006979000,287,143,144,10446.8
21450006980000,20,12,8,824
21450006992000,10,4,6,510
21450006994000,6,3,3,421.8
21450006995000,5,2,3,256
21450007001000,7,3,4,333.2
21450007005000,3,0,3,0
21450007006000,35,11,24,2135
21450007007000,4,2,2,0
21450007009000,25,14,11,887.5
21450007010000,3,2,1,0
21450007012000,35,18,17,1281
21450007013000,12,7,5,549.6
21450007015000,3,1,2,0
21450007021000,8,3,5,358.4
21450007022000,140,75,65,5656
21450007023000,30,16,14,1347
21450007024000,4,2,2,0
21450007025000,7,3,4,249.9
21450007044000,3,3,0,0
21450007045000,22,12,10,761.2
21450007053000,41,21,20,1935.2
21460006500000,13,7,6,539.5
21460006501000,30,16,14,1425
21460006502000,62,31,31,2666
21460006503000,53,24,29,2146.5
21460006504000,35,19,16,1564.5
21460006505000,22,14,8,814
21460006506000,2,1,1,0
21460006508000,2,1,1,0
21460006513000,30,14,16,873
21460006514000,235,120,115,8483.5
21460006515000,41,24,17,1574.4
21460006516000,43,21,22,1603.9
21460006517000,3,3,0,0
21460006523000,4,2,2,0
21460006528000,188,100,88,6034.8
21460006531000,1,1,0,0
21460006535000,10,6,4,719
21460006536000,9,3,6,531
21460006537000,5,1,4,207
21460006565000,5,2,3,121
21460006566000,2,1,1,0
21460006572000,16,7,9,574.4
21460006573000,85,41,44,3952.5
21460006574000,51,26,25,2320.5
21460006575000,13,7,6,352.3
21460006577000,14,4,10,792.4
21460006578000,8,4,4,548
21460006579000,4,2,2,0
21460006581000,6,3,3,322.2
21460006583000,4,1,3,0
21460006594000,4,2,2,0
21460006607000,6,4,2,220.8
21460006624000,19,9,10,718.2
21460006644000,9,6,3,404.1
21460006655000,247,127,120,10621
21460006668000,5,3,2,96
21460006669000,21,14,7,793.8
21460006670000,1,0,1,0
21460006697000,16,7,9,820.8
21460006698000,12,7,5,405.6
21460006737000,291,145,146,11407.2
21460006738000,282,133,149,12013.2
21460006739000,60,30,30,2448
21460006743000,27,16,11,747.9
21460006744000,32,16,16,1078.4
21460006745000,48,19,29,1305.6
21460006746000,9,4,5,405
21460006763000,1,0,1,0
21460006766000,180,92,88,6210
21460006767000,47,26,21,1912.9
21460006798000,1,1,0,0
21460006799000,6,3,3,198
21460006859000,5,3,2,169
21460006860000,27,14,13,1287.9
21460006861000,6,2,4,313.8
21460006877000,4,3,1,0
21460006878000,80,44,36,3200
21460006879000,479,244,235,21411.3
21460006880000,29,10,19,1032.4
21460006919000,14,7,7,635.6
21460006922000,14,7,7,484.4
21460006964000,19,9,10,663.1
21460006975000,18,9,9,865.8
21460006978000,19,8,11,815.1
21460006979000,235,109,126,10857
21460006980000,92,40,52,3882.4
21460006992000,15,9,6,718.5
21460006993000,3,1,2,0
21460006995000,18,11,7,783
21460006999000,10,6,4,575
21460007000000,2,1,1,0
21460007004000,6,3,3,337.2
21460007005000,12,6,6,579.6
21460007006000,32,18,14,1305.6
21460007007000,16,7,9,742.4
21460007008000,10,4,6,488
21460007009000,8,4,4,370.4
21460007011000,12,8,4,529.2
21460007012000,96,44,52,3974.4
21460007013000,9,5,4,343.8
21460007014000,10,3,7,478
21460007015000,4,2,2,0
21460007021000,14,9,5,705.6
21460007022000,24,12,12,1106.4
21460007027000,5,2,3,219
21460007053000,4,2,2,0
21470006501000,2,1,1,0
21470006502000,18,11,7,813.6
21470006503000,37,21,16,2101.6
21470006505000,59,28,31,2808.4
21470006506000,23,13,10,1035
21470006507000,3,2,1,0
21470006508000,26,13,13,832
21470006509000,42,22,20,1764
21470006510000,14,6,8,638.4
21470006511000,11,6,5,416.9
21470006512000,73,33,40,2715.6
21470006513000,710,346,364,26767
21470006514000,895,391,504,42960
21470006515000,6,4,2,228
21470006516000,36,20,16,1774.8
21470006517000,15,6,9,505.5
21470006518000,11,6,5,453.2
21470006528000,18,8,10,619.2
21470006530000,3,1,2,0
21470006534000,11,5,6,487.3
21470006537000,14,6,8,537.6
21470006565000,1,1,0,0
21470006566000,10,7,3,482
21470006567000,2,1,1,0
21470006570000,1,1,0,0
21470006572000,4,1,3,0
21470006573000,11,7,4,452.1
21470006575000,2,1,1,0
21470006593000,2,1,1,0
21470006594000,2,2,0,0
21470006603000,4,2,2,0
21470006605000,2,1,1,0
21470006622000,2,1,1,0
21470006624000,6,4,2,361.8
21470006640000,5,4,1,116
21470006642000,1,1,0,0
21470006645000,3,2,1,0
21470006655000,100,49,51,3510
21470006656000,52,28,24,2064.4
21470006668000,26,14,12,1261
21470006683000,8,4,4,379.2
21470006697000,20,11,9,798
21470006737000,18,9,9,586.8
21470006738000,439,224,215,18701.4
21470006739000,77,38,39,2941.4
21470006740000,7,3,4,315.7
21470006742000,8,5,3,344
21470006743000,47,21,26,2006.9
21470006744000,19,9,10,809.4
21470006745000,6,2,4,193.2
21470006765000,9,3,6,477
21470006766000,30,20,10,1497
21470006767000,11,6,5,402.6
21470006798000,11,6,5,347.6
21470006860000,48,28,20,1843.2
21470006861000,4,2,2,0
21470006877000,26,10,16,871
21470006878000,41,23,18,1861.4
21470006879000,7,5,2,293.3
21470006919000,2,1,1,0
21470006921000,13,3,10,408.2
21470006922000,28,13,15,1117.2
21470006961000,1,0,1,0
21470006963000,36,20,16,1584
21470006964000,11,5,6,493.9
21470006965000,13,8,5,556.4
21470006966000,27,17,10,1258.2
21470006967000,22,13,9,1115.4
21470006968000,33,15,18,1372.8
21470006969000,25,9,16,1037.5
21470006974000,3,1,2,0
21470006975000,41,25,16,1553.9
21470006979000,141,69,72,5555.4
21470006980000,99,52,47,3791.7
21470006981000,8,4,4,366.4
21470006992000,10,7,3,427
21470006993000,8,4,4,171.2
21470006999000,4,3,1,0
21470007000000,7,4,3,424.9
21470007003000,5,2,3,225
21470007004000,24,11,13,902.4
21470007005000,7,4,3,217.7
21470007007000,2,1,1,0
21470007008000,10,6,4,534
21470007010000,26,14,12,1058.2
21470007011000,11,5,6,672.1
21470007012000,3,2,1,0
21470007015000,26,14,12,1313
21470007020000,10,4,6,468
21470007021000,14,11,3,537.6
21470007026000,19,12,7,1018.4
21470007027000,10,6,4,185
21470007052000,6,2,4,178.2
21470007053000,3,0,3,0
21480006504000,16,7,9,795.2
21480006505000,27,14,13,1341.9
21480006506000,61,23,38,3653.9
21480006507000,68,38,30,2706.4
21480006508000,4,2,2,0
21480006510000,17,6,11,579.7
21480006511000,29,12,17,1157.1
21480006512000,23,14,9,1104
21480006513000,30,13,17,1272
21480006514000,299,136,163,11212.5
21480006516000,9,4,5,251.1
21480006517000,83,41,42,3012.9
21480006518000,5,2,3,222
21480006524000,4,1,3,0
21480006526000,22,10,12,888.8
21480006528000,3,2,1,0
21480006529000,25,15,10,690
21480006531000,6,3,3,135
21480006532000,3,2,1,0
21480006540000,5,2,3,150
21480006541000,3,0,3,0
21480006569000,3,1,2,0
21480006570000,10,7,3,539
21480006571000,3,1,2,0
21480006592000,3,2,1,0
21480006593000,5,3,2,277
21480006603000,2,2,0,0
21480006623000,1,1,0,0
21480006637000,2,0,2,0
21480006640000,5,2,3,319
21480006642000,3,2,1,0
21480006653000,1,1,0,0
21480006656000,19,14,5,682.1
21480006657000,42,21,21,1545.6
21480006658000,1,0,1,0
21480006666000,1,1,0,0
21480006667000,22,10,12,998.8
21480006668000,8,4,4,390.4
21480006676000,3,2,1,0
21480006682000,14,7,7,851.2
21480006683000,4,2,2,0
21480006697000,17,7,10,795.6
21480006737000,20,12,8,864
21480006738000,387,171,216,18382.5
21480006739000,414,196,218,18423
21480006740000,3,1,2,0
21480006741000,9,6,3,388.8
21480006742000,40,19,21,1444
21480006743000,3,3,0,0
21480006746000,2,1,1,0
21480006764000,9,6,3,317.7
21480006765000,17,10,7,970.7
21480006766000,16,9,7,728
21480006797000,3,2,1,0
21480006860000,24,12,12,1075.2
21480006861000,26,12,14,1063.4
21480006877000,17,9,8,744.6
21480006878000,72,40,32,3009.6
21480006879000,19,9,10,925.3
21480006919000,6,3,3,262.8
21480006920000,3,2,1,0
21480006921000,27,14,13,990.9
21480006922000,14,8,6,457.8
21480006945000,13,9,4,566.8
21480006965000,20,13,7,842
21480006966000,24,12,12,1075.2
21480006967000,71,37,34,3124
21480006968000,38,22,16,1523.8
21480006969000,29,16,13,1055.6
21480006975000,5,3,2,219
21480006980000,54,31,23,2154.6
21480006981000,18,11,7,540
21480006992000,44,22,22,1680.8
21480006993000,47,23,24,1776.6
21480006996000,2,1,1,0
21480006997000,85,49,36,3629.5
21480006998000,5,4,1,244
21480007001000,2,1,1,0
21480007008000,33,14,19,1300.2
21480007009000,39,21,18,1513.2
21480007010000,12,7,5,600
21480007011000,35,24,11,1242.5
21480007015000,9,4,5,312.3
21480007016000,2,0,2,0
21480007020000,2,1,1,0
21480007026000,56,27,29,2133.6
21480007027000,1,1,0,0
21480007053000,4,3,1,0
21490006504000,65,31,34,2372.5
21490006505000,151,71,80,6674.2
21490006506000,367,174,193,14973.6
21490006507000,32,17,15,1190.4
21490006508000,21,12,9,966
21490006511000,74,35,39,3352.2
21490006512000,41,19,22,1939.3
21490006513000,13,5,8,553.8
21490006514000,84,40,44,3225.6
21490006517000,43,22,21,1513.6
21490006524000,1,0,1,0
21490006525000,9,4,5,225.9
21490006526000,1,0,1,0
21490006527000,2,1,1,0
21490006528000,12,5,7,450
21490006530000,2,1,1,0
21490006535000,1,0,1,0
21490006540000,19,9,10,883.5
21490006541000,6,3,3,258
21490006567000,30,14,16,999
21490006568000,21,8,13,1218
21490006569000,16,8,8,660.8
21490006605000,7,3,4,221.2
21490006624000,7,3,4,462
21490006625000,1,1,0,0
21490006640000,16,8,8,694.4
21490006645000,3,2,1,0
21490006654000,28,11,17,932.4
21490006657000,8,5,3,339.2
21490006658000,19,10,9,898.7
21490006659000,7,3,4,385
21490006665000,1,1,0,0
21490006666000,25,12,13,735
21490006667000,25,9,16,1062.5
21490006681000,15,9,6,556.5
21490006682000,28,11,17,1327.2
21490006697000,5,3,2,127
21490006737000,5,3,2,242
21490006738000,3,2,1,0
21490006739000,73,29,44,3628.1
21490006740000,12,5,7,580.8
21490006741000,60,31,29,2274
21490006742000,2,1,1,0
21490006764000,17,10,7,712.3
21490006765000,245,121,124,8256.5
21490006860000,1,1,0,0
21490006861000,28,19,9,1108.8
21490006878000,89,44,45,3604.5
21490006879000,33,18,15,1498.2
21490006944000,17,8,9,853.4
21490006945000,15,8,7,495
21490006946000,1,1,0,0
21490006953000,3,1,2,0
21490006954000,3,2,1,0
21490006956000,8,4,4,344.8
21490006980000,30,14,16,1176
21490006981000,39,22,17,1712.1
21490006984000,44,24,20,1790.8
21490006985000,75,42,33,3157.5
21490006988000,13,8,5,399.1
21490006989000,2,2,0,0
21490006990000,2,1,1,0
21490006991000,1,0,1,0
21490006992000,40,20,20,1416
21490006993000,75,41,34,2880
21490006995000,8,6,2,355.2
21490006996000,12,7,5,548.4
21490006997000,24,11,13,878.4
21490007008000,2,1,1,0
21490007009000,16,6,10,539.2
21490007015000,2,1,1,0
21490007020000,15,10,5,522
21490007021000,2,1,1,0
21490007024000,1,1,0,0
21490007026000,36,17,19,1206
21490007027000,90,48,42,3501
21490007041000,4,2,2,0
21490007043000,4,0,4,0
21490007054000,8,3,5,283.2
21490007061000,2,1,1,0
21490007062000,137,65,72,6562.3
21500006505000,29,12,17,1409.4
21500006506000,136,67,69,5739.2
21500006507000,52,24,28,1981.2
21500006508000,14,10,4,520.8
21500006510000,5,3,2,119
21500006511000,21,10,11,938.7
21500006512000,1,1,0,0
21500006515000,4,3,1,0
21500006517000,8,4,4,343.2
21500006518000,4,3,1,0
21500006519000,9,5,4,536.4
21500006524000,3,2,1,0
21500006527000,14,6,8,659.4
21500006528000,26,13,13,1047.8
21500006532000,7,5,2,329.7
21500006533000,4,2,2,0
21500006534000,22,9,13,809.6
21500006542000,8,4,4,296.8
21500006567000,17,8,9,807.5
21500006568000,80,42,38,2920
21500006569000,3,2,1,0
21500006605000,15,8,7,657
21500006624000,1,1,0,0
21500006625000,7,2,5,431.9
21500006639000,1,1,0,0
21500006640000,4,2,2,0
21500006654000,2,1,1,0
21500006659000,142,66,76,6361.6
21500006660000,19,11,8,849.3
21500006665000,1,0,1,0
21500006666000,133,69,64,6171.2
21500006667000,24,12,12,924
21500006673000,1,0,1,0
21500006674000,1,1,0,0
21500006675000,12,6,6,502.8
21500006676000,3,1,2,0
21500006680000,2,1,1,0
21500006681000,3,2,1,0
21500006682000,13,7,6,587.6
21500006697000,7,3,4,324.1
21500006740000,103,57,46,3790.4
21500006741000,66,34,32,2574
21500006763000,12,5,7,426
21500006764000,305,139,166,12749
21500006765000,151,82,69,5919.2
21500006861000,2,1,1,0
21500006862000,5,3,2,243
21500006878000,53,26,27,2162.4
21500006879000,125,54,71,4750
21500006918000,10,6,4,487
21500006919000,1,0,1,0
21500006978000,1,0,1,0
21500006981000,64,36,28,2547.2
21500006983000,8,4,4,392.8
21500006984000,13,7,6,566.8
21500006985000,138,63,75,5506.2
21500006986000,23,10,13,903.9
21500006991000,1,1,0,0
21500006994000,6,4,2,256.2
21500006995000,1,0,1,0
21500006996000,5,2,3,303
21500007009000,10,5,5,471
21500007026000,9,7,2,357.3
21500007027000,80,32,48,4024
21500007028000,1,1,0,0
21500007039000,2,1,1,0
21500007043000,11,3,8,298.1
21500007061000,103,48,55,4480.5
21500007062000,84,41,43,4116
21510006507000,40,18,22,1776
21510006508000,49,24,25,2601.9
21510006509000,51,22,29,1897.2
21510006510000,21,11,10,1035.3
21510006511000,20,9,11,1118
21510006512000,17,7,10,727.6
21510006518000,11,7,4,484
21510006519000,113,49,64,3966.3
21510006522000,6,4,2,193.8
21510006523000,1,0,1,0
21510006524000,3,2,1,0
21510006528000,2,1,1,0
21510006529000,4,1,3,0
21510006530000,2,1,1,0
21510006534000,1,1,0,0
21510006536000,2,1,1,0
21510006542000,41,19,22,1246.4
21510006543000,37,22,15,1653.9
21510006546000,2,1,1,0
21510006547000,10,6,4,330
21510006567000,18,7,11,684
21510006568000,4,2,2,0
21510006569000,9,3,6,398.7
21510006604000,10,4,6,598
21510006605000,16,8,8,652.8
21510006625000,23,10,13,890.1
21510006627000,1,1,0,0
21510006637000,1,1,0,0
21510006639000,3,1,2,0
21510006640000,58,33,25,2679.6
21510006643000,4,2,2,0
21510006659000,219,105,114,9833.1
21510006660000,9,2,7,405.9
21510006665000,8,3,5,507.2
21510006666000,37,17,20,1417.1
21510006667000,30,12,18,1020
21510006668000,33,18,15,1346.4
21510006669000,21,12,9,903
21510006670000,9,4,5,351
21510006671000,9,4,5,356.4
21510006672000,20,11,9,858
21510006673000,11,6,5,446.6
21510006674000,9,6,3,444.6
21510006681000,5,2,3,324
21510006697000,7,6,1,293.3
21510006739000,10,5,5,398
21510006740000,7,3,4,233.1
21510006741000,66,33,33,2296.8
21510006742000,26,14,12,954.2
21510006762000,26,14,12,943.8
21510006763000,8,4,4,403.2
21510006764000,56,30,26,2021.6
21510006794000,9,5,4,414.9
21510006795000,8,4,4,303.2
21510006863000,12,6,6,669.6
21510006864000,15,8,7,729
21510006878000,37,19,18,1635.4
21510006879000,49,25,24,1974.7
21510006880000,8,7,1,492.8
21510006918000,20,8,12,1002
21510006981000,69,39,30,1966.5
21510006998000,1,0,1,0
21510006999000,21,11,10,730.8
21510007007000,22,13,9,580.8
21510007009000,4,1,3,0
21510007010000,10,5,5,447
21510007016000,9,4,5,412.2
21510007020000,13,8,5,488.8
21510007021000,1,1,0,0
21510007028000,12,6,6,476.4
21510007039000,30,14,16,1275
21510007041000,4,2,2,0
21510007043000,7,4,3,184.8
21510007054000,1,1,0,0
21510007056000,42,22,20,1717.8
21520006507000,10,5,5,528
21520006508000,23,12,11,1253.5
21520006509000,17,9,8,765
21520006511000,1,1,0,0
21520006512000,10,6,4,387
21520006513000,9,6,3,477.9
21520006519000,15,8,7,756
21520006520000,150,77,73,6225
21520006521000,57,30,27,1977.9
21520006526000,19,11,8,623.2
21520006530000,3,1,2,0
21520006536000,1,1,0,0
21520006542000,3,1,2,0
21520006543000,51,28,23,2070.6
21520006544000,46,24,22,1771
21520006545000,10,4,6,353
21520006546000,8,6,2,238.4
21520006567000,12,7,5,457.2
21520006568000,2,1,1,0
21520006569000,2,1,1,0
21520006573000,1,1,0,0
21520006603000,17,10,7,596.7
21520006604000,65,37,28,2691
21520006605000,46,24,22,1853.8
21520006606000,1,1,0,0
21520006625000,12,6,6,610.8
21520006627000,2,1,1,0
21520006636000,5,3,2,260
21520006637000,2,1,1,0
21520006638000,4,2,2,0
21520006639000,31,15,16,1562.4
21520006641000,7,4,3,438.9
21520006659000,21,10,11,1182.3
21520006665000,31,16,15,1047.8
21520006666000,41,22,19,1545.7
21520006667000,14,9,5,460.6
21520006672000,6,2,4,168
21520006679000,6,3,3,211.2
21520006680000,9,4,5,298.8
21520006697000,5,3,2,354
21520006722000,2,1,1,0
21520006740000,8,6,2,284.8
21520006741000,70,36,34,3052
21520006742000,10,6,4,376
21520006761000,47,25,22,2025.7
21520006763000,17,9,8,657.9
21520006764000,17,7,10,741.2
21520006793000,23,11,12,1133.9
21520006794000,85,38,47,3196
21520006797000,7,3,4,347.9
21520006865000,14,5,9,585.2
21520006877000,10,5,5,515
21520006878000,80,39,41,3240
21520006879000,48,27,21,1675.2
21520006918000,12,6,6,639.6
21520006968000,1,1,0,0
21520006981000,53,23,30,2321.4
21520006982000,3,0,3,0
21520006987000,1,0,1,0
21520006989000,2,1,1,0
21520006990000,8,4,4,204
21520006991000,11,6,5,357.5
21520006995000,2,1,1,0
21520006997000,25,12,13,900
21520006998000,25,13,12,1370
21520006999000,22,11,11,1009.8
21520007007000,10,6,4,371
21520007008000,11,8,3,431.2
21520007009000,9,3,6,407.7
21520007010000,23,12,11,1193.7
21520007014000,19,12,7,718.2
21520007015000,8,3,5,351.2
21520007020000,7,4,3,345.8
21520007028000,9,4,5,189.9
21520007040000,32,17,15,1219.2
21520007041000,16,10,6,748.8
21520007042000,1,1,0,0
21520007049000,1,1,0,0
21520007050000,10,5,5,278
21520007051000,11,6,5,358.6
21520007052000,10,5,5,335
21520007055000,20,11,9,664
21520007056000,143,68,75,5734.3
21530006508000,13,5,8,426.4
21530006509000,52,24,28,1934.4
21530006512000,1,1,0,0
21530006513000,62,29,33,2542
21530006516000,2,1,1,0
21530006518000,5,1,4,169
21530006519000,42,21,21,1092
21530006520000,74,37,37,2508.6
21530006521000,66,40,26,2382.6
21530006522000,41,21,20,1389.9
21530006523000,14,7,7,782.6
21530006525000,3,2,1,0
21530006528000,3,1,2,0
21530006531000,2,1,1,0
21530006534000,17,7,10,664.7
21530006536000,1,1,0,0
21530006542000,1,0,1,0
21530006543000,65,35,30,2262
21530006544000,24,11,13,871.2
21530006566000,2,2,0,0
21530006567000,7,6,1,245
21530006581000,2,1,1,0
21530006590000,5,3,2,286
21530006601000,6,2,4,259.2
21530006602000,15,8,7,430.5
21530006605000,5,3,2,240
21530006624000,2,1,1,0
21530006625000,20,11,9,934
21530006635000,4,3,1,0
21530006637000,1,0,1,0
21530006638000,11,7,4,530.2
21530006639000,19,10,9,970.9
21530006659000,112,56,56,4155.2
21530006664000,9,2,7,380.7
21530006666000,1,1,0,0
21530006674000,2,1,1,0
21530006675000,19,7,12,986.1
21530006676000,2,1,1,0
21530006678000,3,1,2,0
21530006697000,10,6,4,630
21530006698000,10,5,5,392
21530006718000,17,8,9,603.5
21530006737000,1,1,0,0
21530006740000,31,16,15,1255.5
21530006741000,4,3,1,0
21530006742000,8,2,6,295.2
21530006759000,2,1,1,0
21530006760000,8,6,2,228.8
21530006761000,120,63,57,4404
21530006762000,95,48,47,3515
21530006763000,30,19,11,1242
21530006785000,4,2,2,0
21530006793000,128,64,64,4569.6
21530006796000,16,8,8,824
21530006797000,4,2,2,0
21530006865000,6,3,3,232.8
21530006877000,45,21,24,2106
21530006878000,34,13,21,1353.2
21530006879000,5,3,2,350
21530006918000,12,7,5,309.6
21530006919000,3,2,1,0
21530006941000,7,4,3,258.3
21530006980000,5,2,3,129
21530006981000,13,6,7,622.7
21530006992000,10,6,4,461
21530006994000,3,2,1,0
21530006995000,11,6,5,280.5
21530006996000,2,1,1,0
21530007006000,1,1,0,0
21530007007000,9,6,3,338.4
21530007011000,2,1,1,0
21530007012000,10,6,4,484
21530007013000,8,5,3,380
21530007014000,2,1,1,0
21530007021000,2,1,1,0
21530007030000,1,1,0,0
21530007037000,2,1,1,0
21530007038000,3,2,1,0
21530007041000,85,35,50,5380.5
21530007049000,4,2,2,0
21530007051000,17,8,9,766.7
21530007052000,6,3,3,360
21530007055000,17,8,9,700.4
21540006509000,8,4,4,328.8
21540006510000,8,4,4,320.8
21540006512000,21,10,11,703.5
21540006513000,133,65,68,4788
21540006514000,17,9,8,943.5
21540006515000,10,5,5,399
21540006516000,9,3,6,162
21540006519000,15,9,6,772.5
21540006521000,10,5,5,252
21540006522000,11,6,5,526.9
21540006523000,3,2,1,0
21540006524000,2,1,1,0
21540006525000,34,20,14,1356.6
21540006526000,6,3,3,211.8
21540006527000,7,2,5,149.8
21540006535000,11,4,7,287.1
21540006541000,22,12,10,860.2
21540006542000,38,22,16,1527.6
21540006543000,114,62,52,5403.6
21540006544000,22,12,10,1045
21540006566000,7,4,3,305.9
21540006567000,6,3,3,250.8
21540006575000,6,4,2,303
21540006576000,1,0,1,0
21540006577000,4,2,2,0
21540006578000,15,7,8,688.5
21540006601000,16,6,10,497.6
21540006602000,83,42,41,3162.3
21540006603000,39,21,18,1279.2
21540006624000,12,6,6,418.8
21540006625000,20,7,13,860
21540006635000,5,2,3,255
21540006636000,24,13,11,943.2
21540006638000,39,18,21,1513.2
21540006639000,22,12,10,732.6
21540006659000,27,13,14,1247.4
21540006660000,4,2,2,0
21540006661000,2,1,1,0
21540006663000,5,3,2,296
21540006664000,2,1,1,0
21540006674000,32,18,14,1235.2
21540006675000,4,2,2,0
21540006697000,22,10,12,831.6
21540006698000,18,10,8,752.4
21540006740000,19,11,8,856.9
21540006742000,52,28,24,2506.4
21540006743000,24,12,12,835.2
21540006760000,10,6,4,389
21540006761000,203,106,97,6069.7
21540006762000,46,17,29,1669.8
21540006782000,3,1,2,0
21540006793000,104,42,62,5543.2
21540006795000,2,1,1,0
21540006867000,3,2,1,0
21540006868000,10,6,4,344
21540006869000,13,4,9,331.5
21540006877000,17,11,6,814.3
21540006878000,17,10,7,826.2
21540006917000,12,6,6,595.2
21540006918000,6,3,3,220.2
21540006980000,43,20,23,2046.8
21540006988000,2,1,1,0
21540006990000,5,3,2,147
21540006991000,1,1,0,0
21540006992000,174,93,81,7029.6
21540006993000,190,97,93,6650
21540006994000,329,156,173,16186.8
21540006998000,1,1,0,0
21540007029000,5,1,4,197
21540007030000,3,2,1,0
21540007038000,4,1,3,0
21540007041000,20,12,8,698
21540007048000,8,5,3,354.4
21540007049000,2,1,1,0
21540007050000,18,6,12,457.2
21540007051000,9,5,4,370.8
21540007052000,23,11,12,834.9
21540007053000,10,7,3,346
21540007054000,1,1,0,0
21540007055000,54,29,25,2559.6
21550006509000,6,2,4,247.8
21550006510000,95,47,48,4208.5
21550006513000,26,13,13,1573
21550006514000,2,1,1,0
21550006515000,5,1,4,197
21550006516000,5,3,2,188
21550006518000,5,3,2,155
21550006519000,24,12,12,1092
21550006520000,2,2,0,0
21550006522000,9,3,6,366.3
21550006523000,11,7,4,338.8
21550006524000,40,17,23,1664
21550006525000,139,76,63,5073.5
21550006526000,26,15,11,1092
21550006527000,3,1,2,0
21550006529000,7,5,2,221.2
21550006532000,11,7,4,403.7
21550006534000,1,1,0,0
21550006535000,1,1,0,0
21550006536000,5,2,3,230
21550006540000,13,6,7,657.8
21550006541000,118,58,60,5215.6
21550006542000,190,94,96,8379
21550006543000,45,21,24,1624.5
21550006544000,8,6,2,435.2
21550006558000,5,2,3,153
21550006565000,1,0,1,0
21550006566000,6,3,3,229.8
21550006570000,5,4,1,377
21550006571000,2,1,1,0
21550006579000,5,3,2,273
21550006590000,2,1,1,0
21550006591000,1,1,0,0
21550006597000,2,1,1,0
21550006598000,1,0,1,0
21550006601000,31,18,13,1001.3
21550006602000,16,8,8,596.8
21550006625000,1,1,0,0
21550006629000,1,1,0,0
21550006631000,3,1,2,0
21550006632000,15,6,9,628.5
21550006633000,2,1,1,0
21550006638000,7,4,3,252
21550006660000,10,4,6,540
21550006661000,1,1,0,0
21550006662000,14,6,8,548.8
21550006663000,5,3,2,249
21550006666000,119,46,73,7187.6
21550006667000,113,57,56,5209.3
21550006670000,5,2,3,84
21550006671000,17,8,9,476
21550006672000,26,12,14,787.8
21550006673000,15,7,8,567
21550006674000,32,16,16,1276.8
21550006696000,4,2,2,0
21550006697000,55,28,27,2530
21550006698000,30,17,13,1221
21550006716000,2,2,0,0
21550006719000,8,5,3,238.4
21550006740000,33,16,17,1244.1
21550006741000,14,8,6,495.6
21550006742000,65,32,33,2853.5
21550006743000,9,4,5,410.4
21550006758000,22,11,11,816.2
21550006759000,3,0,3,0
21550006760000,5,2,3,228
21550006761000,40,21,19,1876
21550006793000,30,14,16,1575
21550006794000,39,23,16,1287
21550006869000,9,5,4,345.6
21550006870000,6,3,3,220.2
21550006876000,1,1,0,0
21550006877000,18,7,11,856.8
21550006878000,19,11,8,887.3
21550006917000,117,60,57,4914
21550006918000,27,14,13,1007.1
21550006938000,16,7,9,424
21550006979000,4,3,1,0
21550006980000,12,5,7,603.6
21550006984000,8,3,5,238.4
21550006990000,15,6,9,793.5
21550006991000,9,6,3,360.9
21550006993000,158,74,84,7125.8
21550006994000,194,91,103,8943.4
21550006995000,34,19,15,1264.8
21550006998000,2,1,1,0
21550007016000,6,2,4,235.2
21550007026000,10,4,6,527
21550007027000,19,10,9,815.1
21550007028000,7,4,3,375.9
21550007029000,8,5,3,384.8
21550007035000,13,8,5,516.1
21550007041000,4,3,1,0
21550007045000,5,4,1,181
21550007050000,5,4,1,111
21550007052000,7,3,4,373.1
21550007055000,29,11,18,1122.3
21560006510000,7,4,3,366.8
21560006513000,15,7,8,790.5
21560006514000,5,3,2,323
21560006516000,2,1,1,0
21560006518000,11,5,6,522.5
21560006519000,62,29,33,2535.8
21560006520000,42,22,20,1911
21560006521000,3,1,2,0
21560006523000,8,4,4,422.4
21560006524000,105,49,56,4105.5
21560006525000,14,7,7,537.6
21560006527000,31,19,12,1426
21560006535000,5,2,3,232
21560006536000,31,15,16,1243.1
21560006539000,3,2,1,0
21560006540000,23,11,12,816.5
21560006541000,51,25,26,1667.7
21560006542000,103,51,52,3852.2
21560006543000,33,18,15,1247.4
21560006544000,8,5,3,416.8
21560006565000,20,11,9,828
21560006566000,10,6,4,465
21560006569000,10,5,5,502
21560006571000,30,15,15,1230
21560006572000,15,7,8,586.5
21560006573000,7,4,3,338.1
21560006574000,10,5,5,297
21560006590000,2,1,1,0
21560006591000,13,6,7,581.1
21560006597000,3,2,1,0
21560006600000,24,15,9,1063.2
21560006601000,54,25,29,2278.8
21560006625000,19,10,9,900.6
21560006634000,1,1,0,0
21560006660000,6,3,3,204
21560006665000,15,6,9,604.5
21560006666000,161,73,88,7325.5
21560006667000,49,25,24,2151.1
21560006668000,8,4,4,336
21560006669000,6,3,3,229.2
21560006670000,42,21,21,2079
21560006671000,54,27,27,2278.8
21560006672000,46,22,24,1895.2
21560006673000,6,4,2,195
21560006693000,2,1,1,0
21560006696000,3,2,1,0
21560006697000,63,31,32,2375.1
21560006698000,23,12,11,798.1
21560006718000,8,5,3,363.2
21560006719000,38,20,18,1835.4
21560006741000,89,41,48,3649
21560006742000,15,7,8,645
21560006743000,5,2,3,237
21560006758000,15,6,9,498
21560006759000,5,4,1,192
21560006760000,11,8,3,363
21560006793000,14,7,7,540.4
21560006794000,55,26,29,2348.5
21560006796000,8,5,3,324
21560006870000,22,14,8,866.8
21560006876000,12,6,6,516
21560006877000,9,6,3,388.8
21560006878000,34,20,14,1492.6
21560006917000,8,6,2,328.8
21560006918000,10,7,3,485
21560006976000,2,1,1,0
21560006979000,7,2,5,179.2
21560006982000,7,4,3,226.1
21560006983000,6,3,3,199.2
21560006987000,10,7,3,618
21560006994000,18,10,8,761.4
21560006995000,3,1,2,0
21560006999000,9,5,4,439.2
21560007012000,1,1,0,0
21560007013000,14,6,8,621.6
21560007015000,16,8,8,724.8
21560007018000,1,0,1,0
21560007021000,19,12,7,685.9
21560007022000,8,4,4,464
21560007023000,5,4,1,201
21560007025000,4,3,1,0
21560007026000,16,8,8,694.4
21560007027000,22,5,17,1740.2
21560007036000,19,11,8,581.4
21560007041000,17,11,6,736.1
21560007045000,9,4,5,244.8
21560007054000,1,0,1,0
21560007055000,36,14,22,1663.2
21560007056000,49,27,22,2043.3
21570006512000,5,2,3,235
21570006515000,27,18,9,675
21570006516000,38,23,15,1607.4
21570006519000,7,3,4,373.8
21570006520000,56,28,28,2581.6
21570006522000,2,1,1,0
21570006523000,9,3,6,525.6
21570006524000,101,56,45,3848.1
21570006526000,6,3,3,291
21570006527000,73,35,38,3058.7
21570006528000,170,84,86,7514
21570006529000,6,3,3,223.2
21570006531000,10,7,3,346
21570006532000,115,60,55,4473.5
21570006533000,104,55,49,3588
21570006534000,3,2,1,0
21570006535000,53,19,34,2771.9
21570006536000,26,12,14,1063.4
21570006538000,11,5,6,261.8
21570006539000,31,18,13,1224.5
21570006542000,17,10,7,744.6
21570006543000,19,10,9,915.8
21570006565000,26,12,14,1037.4
21570006566000,3,2,1,0
21570006572000,57,31,26,1898.1
21570006573000,34,21,13,1213.8
21570006587000,2,1,1,0
21570006590000,3,3,0,0
21570006591000,24,11,13,967.2
21570006600000,29,11,18,988.9
21570006601000,19,13,6,581.4
21570006602000,8,3,5,251.2
21570006623000,20,11,9,904
21570006624000,115,56,59,4956.5
21570006625000,9,4,5,377.1
21570006668000,25,14,11,915
21570006669000,3,3,0,0
21570006670000,20,8,12,958
21570006696000,30,11,19,1272
21570006697000,170,81,89,6086
21570006698000,1,0,1,0
21570006718000,5,3,2,292
21570006719000,39,22,17,1942.2
21570006741000,184,91,93,8353.6
21570006742000,44,20,24,1852.4
21570006744000,2,1,1,0
21570006751000,1,1,0,0
21570006758000,2,1,1,0
21570006759000,3,2,1,0
21570006784000,3,2,1,0
21570006792000,1,1,0,0
21570006794000,12,7,5,276
21570006795000,11,6,5,525.8
21570006796000,5,2,3,235
21570006797000,11,4,7,609.4
21570006803000,2,1,1,0
21570006870000,14,9,5,575.4
21570006871000,18,8,10,680.4
21570006875000,4,2,2,0
21570006876000,13,4,9,566.8
21570006877000,9,5,4,383.4
21570006878000,6,2,4,241.2
21570006917000,13,7,6,543.4
21570006918000,20,7,13,576
21570006962000,5,2,3,120
21570006982000,13,6,7,539.5
21570006987000,14,5,9,701.4
21570006994000,7,3,4,279.3
21570006995000,32,18,14,1273.6
21570006999000,7,2,5,405.3
21570007000000,47,21,26,2143.2
21570007001000,29,15,14,1452.9
21570007011000,33,18,15,1102.2
21570007012000,2,1,1,0
21570007021000,4,3,1,0
21570007024000,6,4,2,391.8
21570007026000,15,9,6,522
21570007027000,7,4,3,413
21570007029000,1,0,1,0
21570007031000,1,0,1,0
21570007036000,2,0,2,0
21570007042000,3,1,2,0
21570007043000,42,24,18,1768.2
21570007045000,2,1,1,0
21570007050000,2,1,1,0
21570007051000,2,1,1,0
21570007052000,2,1,1,0
21570007053000,2,1,1,0
21570007054000,56,28,28,2772
21570007055000,21,11,10,714
21580006515000,76,43,33,2964
21580006516000,49,21,28,2205
21580006519000,6,4,2,153
21580006520000,14,8,6,611.8
21580006521000,6,3,3,388.8
21580006522000,6,4,2,250.8
21580006523000,46,23,23,1853.8
21580006524000,5,3,2,190
21580006526000,3,1,2,0
21580006527000,16,8,8,660.8
21580006528000,20,9,11,784
21580006529000,20,12,8,742
21580006530000,31,16,15,1509.7
21580006531000,26,11,15,868.4
21580006532000,14,9,5,816.2
21580006533000,166,88,78,6772.8
21580006534000,163,76,87,5705
21580006535000,29,10,19,1792.2
21580006536000,55,29,26,2233
21580006537000,33,18,15,1379.4
21580006538000,55,28,27,2068
21580006539000,15,8,7,727.5
21580006553000,2,1,1,0
21580006565000,23,10,13,844.1
21580006566000,19,11,8,741
21580006567000,2,1,1,0
21580006571000,19,13,6,923.4
21580006572000,8,4,4,390.4
21580006590000,1,0,1,0
21580006591000,37,20,17,1676.1
21580006592000,1,0,1,0
21580006598000,9,5,4,348.3
21580006600000,6,4,2,222
21580006601000,5,2,3,309
21580006602000,39,20,19,1513.2
21580006623000,33,15,18,1333.2
21580006624000,92,45,47,4121.6
21580006625000,78,39,39,2589.6
21580006662000,2,1,1,0
21580006696000,21,13,8,793.8
21580006697000,47,26,21,2063.3
21580006718000,5,3,2,179
21580006741000,67,40,27,2378.5
21580006742000,73,40,33,2671.8
21580006756000,4,3,1,0
21580006758000,12,5,7,628.8
21580006759000,9,5,4,370.8
21580006782000,5,3,2,200
21580006783000,8,4,4,194.4
21580006797000,17,8,9,804.1
21580006870000,20,10,10,1014
21580006871000,38,20,18,1539
21580006875000,31,19,12,1450.8
21580006876000,8,5,3,459.2
21580006877000,6,3,3,352.8
21580006916000,7,5,2,219.8
21580006917000,23,14,9,779.7
21580006964000,2,1,1,0
21580006976000,14,7,7,697.2
21580006982000,2,2,0,0
21580006983000,1,1,0,0
21580006984000,18,8,10,748.8
21580006985000,20,12,8,858
21580006986000,24,13,11,1029.6
21580006987000,47,20,27,1696.7
21580006995000,28,17,11,1117.2
21580007000000,35,20,15,1326.5
21580007001000,8,5,3,500.8
21580007002000,13,6,7,487.5
21580007008000,1,0,1,0
21580007009000,37,15,22,1639.1
21580007010000,18,8,10,727.2
21580007011000,94,43,51,4136
21580007019000,4,1,3,0
21580007026000,26,14,12,1073.8
21580007027000,7,4,3,203.7
21580007029000,2,1,1,0
21580007030000,3,2,1,0
21580007037000,5,2,3,330
21580007043000,29,14,15,1061.4
21580007047000,11,4,7,513.7
21580007048000,8,5,3,466.4
21580007049000,8,4,4,295.2
21580007050000,32,18,14,1302.4
21580007051000,37,19,18,1831.5
21580007052000,59,31,28,2153.5
21580007053000,26,14,12,1284.4
21590006513000,11,6,5,509.3
21590006514000,80,38,42,3936
21590006515000,145,85,60,5466.5
21590006516000,21,12,9,758.1
21590006517000,2,2,0,0
21590006520000,20,9,11,906
21590006521000,9,4,5,422.1
21590006523000,35,17,18,1456
21590006524000,6,2,4,184.8
21590006526000,3,2,1,0
21590006527000,19,11,8,725.8
21590006530000,7,4,3,336.7
21590006531000,8,3,5,316
21590006532000,4,2,2,0
21590006533000,62,29,33,2238.2
21590006535000,14,8,6,532
21590006536000,21,15,6,567
21590006537000,112,59,53,4435.2
21590006538000,8,4,4,436
21590006562000,13,8,5,613.6
21590006563000,5,3,2,333
21590006564000,2,1,1,0
21590006565000,374,173,201,16942.2
21590006566000,510,238,272,20298
21590006567000,17,9,8,589.9
21590006571000,15,7,8,678
21590006572000,14,8,6,735
21590006590000,7,4,3,368.9
21590006591000,27,10,17,1325.7
21590006597000,7,3,4,343
21590006598000,11,5,6,454.3
21590006601000,67,38,29,2485.7
21590006602000,26,13,13,871
21590006603000,6,4,2,294
21590006623000,135,67,68,5278.5
21590006624000,16,7,9,913.6
21590006625000,4,3,1,0
21590006630000,2,1,1,0
21590006631000,6,4,2,340.8
21590006659000,7,3,4,413.7
21590006660000,4,2,2,0
21590006675000,9,5,4,228.6
21590006696000,40,19,21,1840
21590006697000,14,9,5,646.8
21590006727000,1,1,0,0
21590006741000,26,17,9,655.2
21590006742000,30,16,14,1389
21590006743000,5,2,3,189
21590006755000,4,1,3,0
21590006757000,24,16,8,1010.4
21590006758000,8,3,5,312
21590006796000,14,8,6,557.2
21590006797000,14,7,7,897.4
21590006798000,10,6,4,384
21590006870000,3,2,1,0
21590006871000,55,28,27,2337.5
21590006874000,11,6,5,469.7
21590006876000,9,4,5,468
21590006915000,9,3,6,316.8
21590006964000,7,4,3,265.3
21590006965000,10,5,5,561
21590006975000,2,1,1,0
21590006976000,11,6,5,441.1
21590006977000,25,10,15,842.5
21590006984000,37,24,13,1761.2
21590006985000,8,5,3,290.4
21590006986000,13,7,6,561.6
21590006987000,19,8,11,944.3
21590006988000,66,37,29,3088.8
21590006994000,33,16,17,1214.4
21590006995000,12,7,5,627.6
21590006996000,8,5,3,339.2
21590007011000,46,29,17,1688.2
21590007012000,19,9,10,910.1
21590007016000,5,2,3,328
21590007017000,7,3,4,403.9
21590007018000,5,2,3,232
21590007019000,6,2,4,310.8
21590007025000,2,2,0,0
21590007028000,26,12,14,1404
21590007029000,3,1,2,0
21590007044000,49,30,19,1617
21590007046000,5,4,1,198
21590007048000,9,5,4,201.6
21590007051000,10,4,6,490
21600006515000,9,6,3,348.3
21600006516000,21,13,8,604.8
21600006517000,16,7,9,787.2
21600006518000,16,9,7,832
21600006519000,34,20,14,1088
21600006520000,43,23,20,2008.1
21600006521000,4,1,3,0
21600006523000,14,6,8,614.6
21600006524000,3,2,1,0
21600006526000,8,2,6,203.2
21600006527000,10,5,5,416
21600006530000,6,4,2,145.2
21600006531000,4,1,3,0
21600006532000,2,1,1,0
21600006533000,2,1,1,0
21600006535000,4,1,3,0
21600006536000,20,9,11,790
21600006537000,86,47,39,3698
21600006538000,12,7,5,483.6
21600006539000,3,1,2,0
21600006546000,2,1,1,0
21600006549000,26,16,10,988
21600006559000,2,1,1,0
21600006561000,21,10,11,758.1
21600006562000,56,22,34,1926.4
21600006563000,8,4,4,364
21600006564000,18,9,9,770.4
21600006565000,182,98,84,6188
21600006566000,178,78,100,9505.2
21600006567000,3,2,1,0
21600006570000,1,0,1,0
21600006571000,8,4,4,510.4
21600006587000,13,8,5,417.3
21600006588000,43,27,16,1810.3
21600006590000,13,8,5,608.4
21600006591000,9,6,3,389.7
21600006597000,29,15,14,1247
21600006598000,10,5,5,341
21600006600000,10,5,5,525
21600006601000,57,28,29,2205.9
21600006602000,39,17,22,1758.9
21600006603000,81,39,42,3442.5
21600006604000,5,2,3,234
21600006623000,9,3,6,421.2
21600006624000,1,1,0,0
21600006626000,8,5,3,306.4
21600006629000,4,1,3,0
21600006633000,2,1,1,0
21600006650000,8,4,4,394.4
21600006651000,3,2,1,0
21600006658000,2,1,1,0
21600006659000,5,2,3,300
21600006661000,3,3,0,0
21600006675000,2,1,1,0
21600006696000,30,12,18,1554
21600006697000,7,4,3,314.3
21600006699000,1,1,0,0
21600006700000,6,3,3,144
21600006721000,4,2,2,0
21600006727000,1,0,1,0
21600006741000,11,8,3,359.7
21600006742000,13,6,7,572
21600006743000,3,1,2,0
21600006746000,5,2,3,154
21600006752000,6,2,4,211.2
21600006753000,3,3,0,0
21600006754000,7,5,2,303.1
21600006757000,17,9,8,945.2
21600006765000,4,2,2,0
21600006797000,32,15,17,1305.6
21600006798000,42,24,18,1638
21600006799000,6,2,4,214.8
21600006871000,23,15,8,903.9
21600006872000,140,77,63,5796
21600006873000,268,124,144,10371.6
21600006874000,5,2,3,310
21600006914000,17,8,9,513.4
21600006915000,12,6,6,506.4
21600006965000,14,6,8,673.4
21600006966000,7,3,4,245.7
21600006976000,6,3,3,255
21600006982000,2,1,1,0
21600006984000,3,0,3,0
21600006987000,2,2,0,0
21600006989000,17,8,9,576.3
21600006990000,1,0,1,0
21600006992000,2,1,1,0
21600006993000,2,1,1,0
21600006996000,13,7,6,639.6
21600006997000,26,13,13,1047.8
21600007011000,9,4,5,261
21600007012000,31,17,14,1215.2
21600007013000,9,3,6,465.3
21600007014000,14,6,8,593.6
21600007015000,28,15,13,1313.2
21600007016000,6,2,4,280.2
21600007017000,27,14,13,1015.2
21600007018000,15,8,7,571.5
21600007019000,1,1,0,0
21600007026000,6,2,4,150
21600007038000,1,0,1,0
21600007039000,6,3,3,360
21600007044000,2,0,2,0
21600007045000,10,3,7,559
21600007046000,11,6,5,566.5
21610006517000,4,3,1,0
21610006519000,3,2,1,0
21610006520000,55,24,31,2541
21610006521000,2,1,1,0
21610006523000,44,19,25,1896.4
21610006524000,4,1,3,0
21610006525000,9,4,5,404.1
21610006526000,5,3,2,297
21610006527000,5,3,2,156
21610006531000,18,9,9,901.8
21610006537000,13,11,2,477.1
21610006538000,8,3,5,275.2
21610006539000,4,2,2,0
21610006548000,2,1,1,0
21610006549000,44,24,20,1870
21610006559000,5,2,3,239
21610006560000,1,1,0,0
21610006561000,12,5,7,471.6
21610006562000,3,2,1,0
21610006566000,43,22,21,1659.8
21610006569000,15,9,6,676.5
21610006570000,25,14,11,877.5
21610006587000,44,18,26,1509.2
21610006588000,14,8,6,631.4
21610006593000,3,1,2,0
21610006594000,1,0,1,0
21610006596000,10,4,6,454
21610006597000,61,33,28,2458.3
21610006598000,14,8,6,761.6
21610006599000,13,7,6,657.8
21610006600000,170,81,89,5134
21610006601000,83,39,44,2896.7
21610006602000,41,21,20,1689.2
21610006603000,49,29,20,1862
21610006604000,98,47,51,3577
21610006605000,36,18,18,1105.2
21610006606000,2,2,0,0
21610006608000,3,2,1,0
21610006621000,17,10,7,598.4
21610006622000,14,7,7,481.6
21610006623000,47,22,25,2223.1
21610006629000,8,5,3,340.8
21610006633000,12,5,7,358.8
21610006636000,1,1,0,0
21610006637000,8,5,3,440.8
21610006649000,3,2,1,0
21610006650000,3,2,1,0
21610006659000,6,5,1,136.8
21610006696000,15,8,7,1044
21610006698000,1,0,1,0
21610006699000,25,13,12,910
21610006726000,3,1,2,0
21610006727000,3,1,2,0
21610006741000,20,9,11,692
21610006742000,14,6,8,631.4
21610006744000,2,1,1,0
21610006749000,1,0,1,0
21610006751000,1,0,1,0
21610006752000,12,5,7,480
21610006795000,1,1,0,0
21610006797000,3,1,2,0
21610006798000,57,28,29,2166
21610006799000,8,2,6,378.4
21610006872000,313,140,173,14272.8
21610006873000,80,45,35,3248
21610006913000,15,8,7,705
21610006914000,20,11,9,750
21610006915000,6,4,2,294
21610006966000,13,9,4,574.6
21610006975000,1,1,0,0
21610006983000,8,5,3,338.4
21610006988000,5,2,3,310
21610006989000,1,0,1,0
21610006990000,13,4,9,388.7
21610006991000,6,3,3,136.2
21610006992000,8,5,3,395.2
21610006997000,7,3,4,261.8
21610006998000,1,1,0,0
21610007004000,9,5,4,395.1
21610007011000,2,1,1,0
21610007013000,15,8,7,634.5
21610007016000,35,15,20,1477
21610007019000,7,3,4,275.1
21610007025000,4,3,1,0
21610007028000,2,1,1,0
21620006517000,1,1,0,0
21620006519000,10,5,5,394
21620006520000,75,38,37,2715
21620006521000,9,5,4,619.2
21620006522000,4,2,2,0
21620006523000,19,10,9,771.4
21620006527000,13,6,7,447.2
21620006528000,4,2,2,0
21620006536000,2,2,0,0
21620006543000,31,17,14,1122.2
21620006544000,9,5,4,354.6
21620006545000,1,0,1,0
21620006546000,28,15,13,784
21620006547000,27,11,16,650.7
21620006548000,71,32,39,2875.5
21620006549000,58,29,29,1919.8
21620006550000,16,9,7,784
21620006554000,2,1,1,0
21620006559000,15,6,9,616.5
21620006561000,8,4,4,418.4
21620006567000,17,10,7,741.2
21620006568000,8,5,3,466.4
21620006569000,30,13,17,1005
21620006575000,2,1,1,0
21620006587000,68,32,36,2679.2
21620006588000,13,4,9,595.4
21620006589000,1,1,0,0
21620006593000,19,10,9,758.1
21620006594000,43,23,20,2064
21620006595000,12,7,5,516
21620006596000,17,9,8,826.2
21620006597000,28,12,16,912.8
21620006598000,50,26,24,1915
21620006599000,76,35,41,3146.4
21620006600000,36,17,19,1198.8
21620006601000,255,122,133,10251
21620006602000,196,94,102,7957.6
21620006603000,80,32,48,3176
21620006604000,1,1,0,0
21620006605000,38,19,19,1489.6
21620006606000,2,0,2,0
21620006621000,29,13,16,1058.5
21620006622000,15,9,6,522
21620006623000,52,28,24,2007.2
21620006627000,2,1,1,0
21620006630000,5,3,2,171
21620006631000,4,3,1,0
21620006633000,6,3,3,166.2
21620006636000,2,1,1,0
21620006637000,12,6,6,406.8
21620006644000,1,1,0,0
21620006645000,1,0,1,0
21620006646000,1,0,1,0
21620006647000,2,1,1,0
21620006658000,2,1,1,0
21620006666000,7,4,3,119
21620006674000,1,1,0,0
21620006695000,5,3,2,74
21620006696000,3,2,1,0
21620006698000,14,7,7,719.6
21620006709000,2,1,1,0
21620006741000,4,2,2,0
21620006742000,13,5,8,395.2
21620006743000,4,1,3,0
21620006751000,15,7,8,696
21620006756000,1,1,0,0
21620006795000,15,9,6,478.5
21620006796000,33,16,17,1356.3
21620006797000,22,10,12,893.2
21620006798000,1,1,0,0
21620006799000,18,8,10,788.4
21620006872000,28,13,15,1139.6
21620006873000,33,15,18,1072.5
21620006912000,1,1,0,0
21620006913000,6,2,4,157.8
21620006966000,13,8,5,457.6
21620006975000,11,5,6,732.6
21620006984000,1,1,0,0
21620006989000,10,6,4,347
21620007002000,7,4,3,245.7
21620007004000,25,13,12,1077.5
21620007005000,6,3,3,205.2
21620007011000,6,4,2,271.2
21620007016000,122,56,66,6917.4
21620007019000,12,6,6,506.4
21620007028000,6,3,3,244.8
21620007031000,6,4,2,387
21620007032000,6,3,3,204
21630006518000,6,2,4,247.8
21630006519000,6,4,2,208.2
21630006520000,10,5,5,414
21630006521000,84,39,45,2679.6
21630006522000,118,55,63,4519.4
21630006523000,22,11,11,884.4
21630006524000,3,2,1,0
21630006526000,1,0,1,0
21630006527000,31,15,16,1016.8
21630006529000,6,3,3,172.2
21630006538000,2,1,1,0
21630006541000,3,2,1,0
21630006542000,2,2,0,0
21630006544000,16,9,7,760
21630006545000,28,10,18,1307.6
21630006546000,36,17,19,1540.8
21630006547000,31,16,15,1212.1
21630006548000,2,2,0,0
21630006550000,52,26,26,2246.4
21630006551000,1,0,1,0
21630006552000,19,8,11,931
21630006560000,10,6,4,433
21630006561000,19,8,11,602.3
21630006586000,20,11,9,854
21630006587000,121,57,64,4658.5
21630006588000,120,53,67,5580
21630006589000,44,24,20,1958
21630006590000,21,12,9,693
21630006591000,13,6,7,600.6
21630006592000,35,15,20,1613.5
21630006593000,29,18,11,1194.8
21630006594000,32,20,12,1168
21630006595000,23,12,11,1030.4
21630006598000,2,2,0,0
21630006599000,605,309,296,18392
21630006600000,599,283,316,25697.1
21630006601000,583,273,310,29091.7
21630006602000,77,35,42,2787.4
21630006603000,35,14,21,1673
21630006604000,75,31,44,2295
21630006605000,18,11,7,568.8
21630006621000,43,26,17,1517.9
21630006622000,10,5,5,410
21630006623000,4,2,2,0
21630006624000,3,1,2,0
21630006628000,7,4,3,361.2
21630006630000,18,12,6,743.4
21630006631000,16,8,8,696
21630006632000,25,12,13,1120
21630006633000,7,4,3,342.3
21630006634000,5,3,2,201
21630006635000,50,29,21,2200
21630006636000,4,1,3,0
21630006645000,7,3,4,350
21630006646000,2,1,1,0
21630006649000,5,2,3,164
21630006650000,2,1,1,0
21630006657000,5,3,2,301
21630006671000,3,1,2,0
21630006695000,6,3,3,304.2
21630006697000,6,2,4,231
21630006698000,10,5,5,361
21630006706000,5,2,3,124
21630006707000,7,3,4,307.3
21630006708000,2,1,1,0
21630006716000,5,2,3,149
21630006726000,5,5,0,139
21630006743000,56,29,27,2632
21630006744000,2,1,1,0
21630006750000,11,7,4,671
21630006751000,7,4,3,293.3
21630006752000,1,1,0,0
21630006755000,1,1,0,0
21630006763000,1,1,0,0
21630006795000,4,2,2,0
21630006797000,7,3,4,214.2
21630006798000,11,5,6,404.8
21630006873000,54,32,22,2365.2
21630006874000,7,5,2,230.3
21630006875000,4,2,2,0
21630006912000,14,7,7,564.2
21630006913000,7,2,5,356.3
21630006967000,27,13,14,1215
21630006968000,47,25,22,1668.5
21630006969000,19,11,8,663.1
21630006970000,12,5,7,330
21630006971000,36,14,22,1857.6
21630006972000,1,1,0,0
21630006990000,9,6,3,280.8
21630007003000,39,25,14,1599
21630007005000,16,8,8,1009.6
21630007011000,2,1,1,0
21630007012000,7,4,3,291.9
21630007013000,7,3,4,368.9
21630007015000,3,1,2,0
21630007016000,97,45,52,4112.8
21630007022000,1,1,0,0
21630007023000,2,1,1,0
21630007030000,9,5,4,396
21630007033000,6,3,3,195
21640006518000,18,10,8,828
21640006519000,31,15,16,1590.3
21640006520000,31,19,12,1212.1
21640006521000,157,78,79,5322.3
21640006522000,892,445,447,33985.2
21640006523000,228,120,108,9188.4
21640006524000,15,9,6,570
21640006526000,16,9,7,779.2
21640006527000,12,9,3,342
21640006529000,3,2,1,0
21640006530000,1,1,0,0
21640006542000,3,2,1,0
21640006543000,21,13,8,808.5
21640006544000,51,26,25,2391.9
21640006545000,20,9,11,872
21640006546000,5,1,4,200
21640006548000,4,3,1,0
21640006549000,6,2,4,220.8
21640006550000,31,20,11,1119.1
21640006551000,243,109,134,11664
21640006552000,39,18,21,1275.3
21640006559000,2,1,1,0
21640006560000,5,4,1,392
21640006561000,4,2,2,0
21640006585000,13,5,8,439.4
21640006586000,83,43,40,3486
21640006587000,533,268,265,23452
21640006588000,628,255,373,29390.4
21640006589000,88,47,41,3608
21640006590000,31,19,12,1367.1
21640006591000,43,20,23,1896.3
21640006592000,74,38,36,3078.4
21640006593000,22,13,9,913
21640006594000,2,1,1,0
21640006599000,59,30,29,2613.7
21640006600000,428,211,217,15707.6
21640006601000,86,44,42,3551.8
21640006602000,38,22,16,1656.8
21640006603000,88,47,41,3484.8
21640006604000,351,184,167,11688.3
21640006606000,2,1,1,0
21640006607000,12,7,5,505.2
21640006608000,11,5,6,363
21640006609000,7,5,2,291.9
21640006619000,1,0,1,0
21640006620000,14,9,5,638.4
21640006621000,15,8,7,813
21640006622000,23,12,11,1083.3
21640006630000,28,10,18,1117.2
21640006631000,60,26,34,2220
21640006632000,99,43,56,4910.4
21640006633000,7,5,2,294.7
21640006634000,17,9,8,843.2
21640006635000,33,14,19,1032.9
21640006636000,30,14,16,1437
21640006637000,7,4,3,324.8
21640006638000,7,4,3,298.2
21640006639000,5,3,2,221
21640006648000,2,1,1,0
21640006649000,10,6,4,468
21640006650000,4,2,2,0
21640006651000,15,10,5,679.5
21640006683000,2,1,1,0
21640006695000,5,2,3,247
21640006696000,164,84,80,5871.2
21640006697000,27,13,14,1244.7
21640006702000,25,11,14,1120
21640006721000,1,0,1,0
21640006743000,51,27,24,2004.3
21640006750000,24,14,10,1051.2
21640006751000,4,2,2,0
21640006752000,6,2,4,352.8
21640006753000,2,1,1,0
21640006795000,20,11,9,906
21640006796000,13,6,7,546
21640006797000,4,2,2,0
21640006873000,46,17,29,1826.2
21640006874000,27,13,14,1325.7
21640006875000,14,7,7,530.6
21640006911000,1,1,0,0
21640006912000,47,22,25,2335.9
21640006969000,6,3,3,166.2
21640006970000,30,17,13,1386
21640006971000,61,29,32,2049.6
21640007003000,51,28,23,2687.7
21640007005000,21,12,9,898.8
21640007012000,82,41,41,3124.2
21640007013000,23,12,11,1076.4
21640007014000,1,1,0,0
21640007016000,14,12,2,418.6
21640007017000,4,3,1,0
21640007018000,3,2,1,0
21640007019000,7,3,4,438.9
21640007021000,2,1,1,0
21640007023000,9,4,5,549
21640007024000,6,3,3,294
21640007030000,5,4,1,109
21640007031000,25,12,13,1295
21650006519000,7,4,3,382.9
21650006522000,857,405,452,38736.4
21650006523000,830,422,408,36105
21650006526000,18,9,9,552.6
21650006527000,11,6,5,308
21650006528000,7,4,3,245
21650006530000,3,2,1,0
21650006540000,2,1,1,0
21650006543000,22,13,9,921.8
21650006544000,10,7,3,347
21650006550000,5,2,3,358
21650006551000,26,13,13,1105
21650006552000,41,22,19,1094.7
21650006559000,6,5,1,220.2
21650006560000,4,3,1,0
21650006584000,21,10,11,844.2
21650006585000,18,11,7,847.8
21650006586000,13,4,9,549.9
21650006587000,34,18,16,1363.4
21650006588000,47,21,26,1875.3
21650006589000,26,13,13,1214.2
21650006590000,32,18,14,1020.8
21650006591000,18,10,8,721.8
21650006592000,8,4,4,204.8
21650006600000,43,24,19,1818.9
21650006601000,45,18,27,1422
21650006602000,20,9,11,702
21650006603000,12,7,5,568.8
21650006608000,3,2,1,0
21650006609000,9,4,5,415.8
21650006610000,19,12,7,769.5
21650006620000,49,25,24,2503.9
21650006621000,51,27,24,2136.9
21650006622000,2,2,0,0
21650006630000,11,6,5,367.4
21650006631000,36,20,16,1591.2
21650006632000,40,21,19,1336
21650006635000,4,2,2,0
21650006646000,1,1,0,0
21650006649000,12,6,6,436.8
21650006650000,19,9,10,872.1
21650006651000,8,5,3,464.8
21650006655000,4,2,2,0
21650006683000,3,2,1,0
21650006696000,230,112,118,11477
21650006697000,19,10,9,752.4
21650006702000,28,16,12,879.2
21650006725000,9,5,4,380.7
21650006743000,56,25,31,1954.4
21650006744000,14,7,7,505.4
21650006749000,21,8,13,842.1
21650006750000,28,16,12,1352.4
21650006751000,22,9,13,869
21650006752000,9,5,4,387.9
21650006755000,1,1,0,0
21650006765000,30,12,18,879
21650006793000,3,1,2,0
21650006794000,1,1,0,0
21650006796000,8,5,3,367.2
21650006798000,2,1,1,0
21650006805000,1,0,1,0
21650006874000,15,8,7,649.5
21650006875000,10,5,5,312
21650006911000,8,5,3,296.8
21650006912000,1,1,0,0
21650006975000,3,2,1,0
21650006991000,1,1,0,0
21650006992000,12,5,7,482.4
21650007003000,9,5,4,441.9
21650007004000,54,26,28,2127.6
21650007005000,14,8,6,593.6
21650007012000,13,7,6,776.1
21650007016000,13,5,8,461.5
21650007017000,3,3,0,0
21650007030000,1,1,0,0
21650007031000,34,14,20,1445
21660006522000,241,113,128,11254.7
21660006523000,1063,516,547,46772
21660006524000,160,82,78,6496
21660006526000,2,1,1,0
21660006528000,4,1,3,0
21660006529000,11,5,6,470.8
21660006530000,2,1,1,0
21660006532000,3,1,2,0
21660006537000,2,1,1,0
21660006539000,3,2,1,0
21660006550000,5,4,1,290
21660006551000,2,1,1,0
21660006552000,31,17,14,1171.8
21660006553000,20,10,10,692
21660006554000,4,2,2,0
21660006555000,4,2,2,0
21660006556000,3,2,1,0
21660006557000,15,7,8,663
21660006558000,7,4,3,352.8
21660006559000,10,6,4,452
21660006560000,7,5,2,261.8
21660006582000,4,2,2,0
21660006583000,10,5,5,423
21660006584000,3,1,2,0
21660006587000,5,3,2,343
21660006588000,31,16,15,1416.7
21660006589000,14,6,8,441
21660006590000,6,3,3,241.2
21660006599000,22,11,11,622.6
21660006600000,96,48,48,4032
21660006601000,50,23,27,1760
21660006602000,32,17,15,1414.4
21660006603000,13,9,4,605.8
21660006604000,9,5,4,389.7
21660006605000,3,2,1,0
21660006609000,8,4,4,276.8
21660006615000,1,1,0,0
21660006620000,39,21,18,1813.5
21660006621000,66,31,35,2343
21660006622000,6,3,3,217.8
21660006632000,6,4,2,265.2
21660006640000,2,2,0,0
21660006648000,3,2,1,0
21660006649000,17,7,10,756.5
21660006650000,6,5,1,310.8
21660006652000,14,5,9,387.8
21660006653000,8,3,5,320
21660006654000,1,1,0,0
21660006672000,1,0,1,0
21660006683000,1,1,0,0
21660006694000,2,1,1,0
21660006695000,25,12,13,1157.5
21660006696000,73,32,41,2868.9
21660006697000,19,11,8,718.2
21660006698000,2,1,1,0
21660006700000,16,10,6,712
21660006701000,6,4,2,292.2
21660006702000,23,12,11,1069.5
21660006725000,9,6,3,258.3
21660006726000,3,2,1,0
21660006743000,25,14,11,1040
21660006744000,58,29,29,2743.4
21660006747000,9,5,4,293.4
21660006748000,19,11,8,953.8
21660006749000,81,44,37,3312.9
21660006750000,80,49,31,3224
21660006751000,4,2,2,0
21660006765000,14,10,4,607.6
21660006786000,4,2,2,0
21660006792000,15,7,8,553.5
21660006793000,18,7,11,993.6
21660006794000,29,15,14,1516.7
21660006795000,15,8,7,784.5
21660006796000,24,16,8,1077.6
21660006798000,6,3,3,168
21660006807000,16,8,8,680
21660006874000,14,8,6,649.6
21660006875000,25,14,11,737.5
21660006911000,9,5,4,207
21660006975000,6,3,3,375
21660006985000,17,6,11,523.6
21660006986000,14,9,5,670.6
21660006990000,7,3,4,160.3
21660006991000,10,3,7,432
21660006996000,5,1,4,209
21660007005000,1,0,1,0
21660007012000,26,14,12,707.2
21660007017000,6,2,4,178.2
21660007031000,20,12,8,802
21660007057000,1,0,1,0
21670006525000,2,1,1,0
21670006526000,10,5,5,585
21670006529000,2,1,1,0
21670006542000,4,1,3,0
21670006553000,6,3,3,229.8
21670006554000,8,3,5,399.2
21670006557000,11,6,5,430.1
21670006558000,5,3,2,125
21670006559000,5,3,2,324
21670006560000,30,12,18,1374
21670006561000,20,10,10,774
21670006580000,6,2,4,250.8
21670006581000,13,8,5,612.3
21670006582000,3,1,2,0
21670006586000,8,5,3,228
21670006588000,4,0,4,0
21670006589000,7,3,4,343.7
21670006598000,6,2,4,318
21670006599000,30,16,14,1218
21670006600000,29,14,15,1365.9
21670006601000,165,83,82,6798
21670006602000,56,28,28,1691.2
21670006603000,7,4,3,238.7
21670006611000,4,2,2,0
21670006612000,2,0,2,0
21670006620000,52,28,24,2173.6
21670006621000,48,25,23,2054.4
21670006622000,11,5,6,534.6
21670006631000,4,2,2,0
21670006632000,6,4,2,157.8
21670006640000,1,0,1,0
21670006644000,10,4,6,478
21670006646000,7,4,3,441
21670006647000,8,4,4,358.4
21670006648000,1,1,0,0
21670006649000,4,2,2,0
21670006650000,2,1,1,0
21670006652000,6,3,3,379.2
21670006653000,3,1,2,0
21670006654000,2,1,1,0
21670006668000,1,0,1,0
21670006681000,4,3,1,0
21670006682000,23,12,11,1087.9
21670006683000,5,1,4,195
21670006684000,17,8,9,676.6
21670006685000,39,19,20,1809.6
21670006686000,4,2,2,0
21670006687000,7,4,3,415.1
21670006688000,15,7,8,688.5
21670006689000,30,11,19,1605
21670006690000,1,1,0,0
21670006692000,1,0,1,0
21670006694000,23,12,11,1117.8
21670006695000,33,13,20,1353
21670006696000,4,2,2,0
21670006697000,5,3,2,102
21670006698000,4,3,1,0
21670006699000,1,1,0,0
21670006700000,5,3,2,365
21670006701000,4,2,2,0
21670006723000,1,1,0,0
21670006726000,10,7,3,486
21670006727000,9,4,5,291.6
21670006743000,15,9,6,706.5
21670006744000,247,121,126,9781.2
21670006745000,28,15,13,1050
21670006746000,36,21,15,1224
21670006747000,76,36,40,3199.6
21670006748000,23,14,9,1060.3
21670006749000,1,0,1,0
21670006750000,7,4,3,254.8
21670006792000,27,13,14,1123.2
21670006793000,106,59,47,4081
21670006794000,32,17,15,1337.6
21670006795000,20,12,8,1108
21670006804000,2,1,1,0
21670006807000,5,3,2,323
21670006875000,52,31,21,2277.6
21670006876000,9,6,3,372.6
21670006910000,3,1,2,0
21670006911000,4,2,2,0
21670006968000,9,3,6,208.8
21670006969000,44,17,27,1592.8
21670006989000,1,1,0,0
21670006994000,16,9,7,553.6
21670006995000,6,2,4,235.8
21670007000000,1,1,0,0
21670007006000,3,1,2,0
21670007010000,4,2,2,0
21670007011000,11,6,5,298.1
21670007012000,19,9,10,818.9
21670007017000,12,6,6,661.2
21670007027000,14,5,9,593.6
21670007030000,1,1,0,0
21670007031000,12,7,5,638.4
21670007032000,28,15,13,823.2
21670007033000,3,1,2,0
21670007054000,7,3,4,436.8
21680006526000,16,9,7,627.2
21680006527000,18,11,7,613.8
21680006529000,16,9,7,492.8
21680006533000,2,1,1,0
21680006534000,11,5,6,535.7
21680006538000,2,1,1,0
21680006539000,14,5,9,411.6
21680006542000,27,16,11,828.9
21680006552000,10,7,3,231
21680006560000,2,1,1,0
21680006561000,60,33,27,2676
21680006562000,6,3,3,240
21680006563000,13,8,5,690.3
21680006578000,11,5,6,468.6
21680006579000,4,2,2,0
21680006586000,20,9,11,1120
21680006587000,6,2,4,390
21680006588000,22,13,9,1254
21680006589000,6,5,1,256.8
21680006590000,12,7,5,339.6
21680006594000,7,5,2,284.2
21680006595000,20,11,9,848
21680006596000,2,2,0,0
21680006597000,222,110,112,8702.4
21680006598000,205,107,98,7072.5
21680006599000,6,2,4,211.2
21680006600000,20,8,12,804
21680006601000,38,17,21,1314.8
21680006602000,8,4,4,394.4
21680006609000,3,0,3,0
21680006610000,21,9,12,942.9
21680006611000,3,1,2,0
21680006612000,6,3,3,262.8
21680006619000,20,6,14,778
21680006620000,51,25,26,2024.7
21680006621000,115,62,53,5071.5
21680006622000,39,16,23,1521
21680006631000,10,6,4,359
21680006632000,20,9,11,1018
21680006641000,1,1,0,0
21680006646000,10,6,4,378
21680006647000,7,2,5,216.3
21680006652000,3,3,0,0
21680006653000,1,1,0,0
21680006654000,7,4,3,408.1
21680006678000,1,1,0,0
21680006679000,1,1,0,0
21680006682000,11,6,5,473
21680006683000,15,11,4,493.5
21680006684000,32,18,14,1648
21680006685000,69,31,38,2649.6
21680006687000,5,3,2,219
21680006688000,4,2,2,0
21680006689000,1,0,1,0
21680006690000,4,2,2,0
21680006691000,7,3,4,284.2
21680006692000,41,20,21,1861.4
21680006693000,56,28,28,2385.6
21680006694000,8,5,3,336.8
21680006695000,11,3,8,446.6
21680006696000,29,14,15,962.8
21680006697000,26,16,10,865.8
21680006698000,7,4,3,268.8
21680006727000,18,12,6,709.2
21680006728000,16,8,8,662.4
21680006743000,2,2,0,0
21680006744000,748,375,373,27900.4
21680006745000,165,74,91,6814.5
21680006746000,36,17,19,1335.6
21680006747000,5,2,3,294
21680006749000,6,4,2,175.8
21680006761000,5,1,4,171
21680006768000,1,1,0,0
21680006789000,1,1,0,0
21680006791000,1,0,1,0
21680006792000,19,11,8,870.2
21680006793000,46,23,23,2102.2
21680006794000,34,20,14,1438.2
21680006795000,16,8,8,763.2
21680006803000,3,1,2,0
21680006806000,5,4,1,199
21680006807000,4,3,1,0
21680006815000,1,0,1,0
21680006873000,20,9,11,692
21680006874000,32,16,16,1369.6
21680006875000,41,21,20,1594.9
21680006876000,5,3,2,200
21680006909000,6,3,3,286.8
21680006910000,10,5,5,474
21680006958000,2,1,1,0
21680006960000,4,2,2,0
21680006962000,4,3,1,0
21680006963000,18,10,8,784.8
21680006964000,140,64,76,5110
21680006965000,29,13,16,748.2
21680006966000,7,2,5,242.9
21680006973000,91,45,46,3949.4
21680006979000,14,7,7,705.6
21680006980000,6,4,2,267
21680006988000,7,3,4,258.3
21680006992000,27,14,13,834.3
21680006993000,37,20,17,2016.5
21680006994000,10,0,10,872
21680006995000,4,2,2,0
21680007001000,6,2,4,249
21680007006000,22,13,9,1240.8
21680007007000,8,4,4,308.8
21680007008000,4,2,2,0
21680007017000,11,5,6,467.5
21680007018000,2,1,1,0
21680007020000,5,2,3,99
21680007025000,10,4,6,334
21680007029000,5,2,3,275
21680007030000,25,13,12,1140
21680007031000,56,32,24,1948.8
21680007032000,5,2,3,322
21680007056000,6,3,3,306
21680007058000,7,4,3,233.1
21680007077000,16,8,8,732.8
21690006525000,9,4,5,496.8
21690006526000,23,11,12,855.6
21690006528000,11,4,7,528
21690006529000,10,5,5,337
21690006533000,2,1,1,0
21690006534000,6,1,5,145.2
21690006535000,15,8,7,895.5
21690006541000,6,3,3,219
21690006542000,49,26,23,1837.5
21690006543000,2,1,1,0
21690006551000,4,3,1,0
21690006552000,21,10,11,814.8
21690006577000,3,2,1,0
21690006586000,16,10,6,620.8
21690006587000,26,16,10,772.2
21690006588000,7,4,3,322
21690006589000,13,8,5,627.9
21690006590000,4,3,1,0
21690006591000,8,5,3,276
21690006593000,16,9,7,836.8
21690006594000,60,30,30,2202
21690006595000,53,27,26,2167.7
21690006596000,22,12,10,1115.4
21690006597000,540,244,296,24570
21690006598000,79,43,36,3057.3
21690006599000,59,29,30,2283.3
21690006600000,21,10,11,745.5
21690006601000,5,3,2,240
21690006608000,17,9,8,897.6
21690006609000,11,6,5,434.5
21690006618000,8,5,3,412.8
21690006619000,3,2,1,0
21690006620000,152,79,73,6156
21690006621000,76,35,41,3116
21690006622000,38,21,17,1588.4
21690006630000,4,3,1,0
21690006631000,2,1,1,0
21690006632000,3,2,1,0
21690006641000,2,1,1,0
21690006642000,10,4,6,287
21690006643000,5,1,4,211
21690006649000,1,1,0,0
21690006666000,4,1,3,0
21690006677000,12,6,6,663.6
21690006678000,3,1,2,0
21690006679000,2,1,1,0
21690006680000,10,5,5,691
21690006681000,9,5,4,329.4
21690006688000,10,5,5,459
21690006689000,7,5,2,245.7
21690006690000,9,4,5,428.4
21690006693000,1,1,0,0
21690006696000,12,7,5,566.4
21690006697000,33,19,14,1174.8
21690006728000,1,1,0,0
21690006744000,288,151,137,11462.4
21690006745000,363,168,195,13830.3
21690006746000,31,14,17,1367.1
21690006747000,17,8,9,766.7
21690006791000,22,11,11,1060.4
21690006792000,21,12,9,951.3
21690006793000,12,3,9,507.6
21690006794000,35,21,14,1284.5
21690006805000,10,6,4,530
21690006873000,34,20,14,1530
21690006875000,32,18,14,1094.4
21690006876000,20,9,11,840
21690006908000,11,5,6,563.2
21690006909000,21,8,13,722.4
21690006910000,1,0,1,0
21690006963000,11,8,3,342.1
21690006964000,307,153,154,11389.7
21690006965000,316,162,154,13746
21690006972000,20,11,9,804
21690006973000,42,24,18,1575
21690006974000,6,2,4,189
21690006977000,56,27,29,2329.6
21690006978000,16,9,7,678.4
21690006980000,9,5,4,334.8
21690006981000,2,1,1,0
21690006983000,50,25,25,1995
21690006986000,16,8,8,620.8
21690006988000,7,4,3,235.2
21690006991000,25,11,14,1070
21690006993000,9,5,4,295.2
21690006997000,8,3,5,288
21690006999000,2,1,1,0
21690007000000,3,1,2,0
21690007001000,2,2,0,0
21690007003000,2,1,1,0
21690007004000,3,2,1,0
21690007008000,9,4,5,440.1
21690007017000,24,14,10,1212
21690007018000,4,3,1,0
21690007020000,10,6,4,340
21690007023000,4,3,1,0
21690007024000,13,7,6,699.4
21690007025000,8,5,3,368
21690007026000,7,5,2,319.9
21690007027000,10,5,5,543
21690007029000,1,0,1,0
21690007030000,4,1,3,0
21690007031000,31,16,15,1116
21690007032000,7,4,3,436.8
21690007038000,2,1,1,0
21690007052000,3,1,2,0
21690007076000,3,2,1,0
21690007077000,81,47,34,3596.4
21700006525000,2,1,1,0
21700006526000,5,3,2,119
21700006528000,6,2,4,211.2
21700006529000,2,1,1,0
21700006534000,13,6,7,626.6
21700006535000,15,6,9,694.5
21700006536000,7,4,3,427.7
21700006537000,43,21,22,1715.7
21700006541000,26,13,13,767
21700006542000,150,81,69,5895
21700006543000,7,5,2,287.7
21700006550000,9,6,3,208.8
21700006552000,1,1,0,0
21700006586000,82,44,38,3362
21700006587000,50,27,23,1880
21700006588000,9,5,4,567.9
21700006590000,2,1,1,0
21700006591000,16,8,8,497.6
21700006592000,12,8,4,439.2
21700006593000,22,11,11,1135.2
21700006594000,6,4,2,271.2
21700006595000,10,4,6,295
21700006596000,24,11,13,775.2
21700006597000,69,35,34,3187.8
21700006598000,60,32,28,2574
21700006599000,28,17,11,1075.2
21700006608000,1,0,1,0
21700006616000,5,4,1,164
21700006617000,17,8,9,676.6
21700006618000,33,15,18,1201.2
21700006619000,139,69,70,5838
21700006620000,109,57,52,4327.3
21700006621000,53,25,28,2072.3
21700006622000,17,8,9,465.8
21700006630000,18,10,8,698.4
21700006631000,2,1,1,0
21700006652000,5,2,3,146
21700006675000,6,3,3,256.8
21700006677000,2,1,1,0
21700006682000,1,1,0,0
21700006691000,3,2,1,0
21700006692000,5,3,2,172
21700006693000,5,2,3,221
21700006699000,1,0,1,0
21700006726000,8,3,5,288.8
21700006727000,11,5,6,455.4
21700006728000,14,7,7,400.4
21700006744000,490,221,269,23912
21700006745000,314,154,160,12591.4
21700006746000,40,19,21,1584
21700006747000,26,14,12,1029.6
21700006764000,1,1,0,0
21700006767000,1,0,1,0
21700006788000,1,0,1,0
21700006791000,17,13,4,697
21700006792000,1,0,1,0
21700006793000,23,12,11,1193.7
21700006794000,17,9,8,836.4
21700006797000,1,0,1,0
21700006805000,19,10,9,1041.2
21700006873000,32,16,16,1590.4
21700006875000,15,8,7,909
21700006876000,6,4,2,310.2
21700006906000,13,6,7,503.1
21700006907000,27,15,12,955.8
21700006908000,11,6,5,349.8
21700006964000,58,28,30,1908.2
21700006965000,1451,747,704,63844
21700006966000,60,18,42,2130
21700006974000,6,2,4,199.8
21700006975000,67,31,36,3463.9
21700006976000,91,45,46,3685.5
21700006977000,37,20,17,1542.9
21700006982000,9,5,4,438.3
21700006983000,28,15,13,1111.6
21700006984000,26,16,10,891.8
21700006985000,165,85,80,6847.5
21700006986000,27,15,12,858.6
21700006987000,20,9,11,818
21700006989000,5,1,4,111
21700006990000,14,7,7,637
21700006997000,25,12,13,995
21700006998000,18,10,8,768.6
21700007002000,10,6,4,237
21700007004000,41,24,17,1517
21700007009000,7,3,4,370.3
21700007017000,19,11,8,798
21700007020000,16,8,8,902.4
21700007021000,12,6,6,609.6
21700007036000,15,6,9,658.5
21700007039000,3,2,1,0
21700007050000,2,1,1,0
21700007051000,4,4,0,0
21700007052000,2,1,1,0
21700007058000,2,1,1,0
21700007059000,5,2,3,144
21700007060000,2,1,1,0
21700007061000,2,1,1,0
21700007077000,10,5,5,453
21700007078000,2,2,0,0
21710006526000,8,4,4,334.4
21710006527000,7,3,4,387.8
21710006528000,1,1,0,0
21710006530000,3,1,2,0
21710006534000,7,3,4,406.7
21710006535000,12,5,7,369.6
21710006536000,1,1,0,0
21710006537000,3,2,1,0
21710006539000,3,2,1,0
21710006540000,7,4,3,259
21710006541000,154,74,80,5867.4
21710006542000,542,265,277,22384.6
21710006543000,23,13,10,759
21710006551000,7,4,3,182
21710006570000,3,1,2,0
21710006579000,1,0,1,0
21710006584000,9,5,4,378.9
21710006585000,150,82,68,5550
21710006586000,80,33,47,2880
21710006590000,3,2,1,0
21710006591000,15,7,8,345
21710006592000,15,8,7,688.5
21710006593000,3,2,1,0
21710006594000,10,5,5,362
21710006595000,33,18,15,1745.7
21710006596000,52,23,29,2173.6
21710006597000,12,5,7,702
21710006598000,40,23,17,1768
21710006599000,9,5,4,219.6
21710006616000,49,26,23,2009
21710006617000,41,21,20,1886
21710006618000,95,46,49,3638.5
21710006619000,47,21,26,2110.3
21710006620000,26,15,11,1055.6
21710006621000,49,27,22,1876.7
21710006627000,2,1,1,0
21710006629000,2,1,1,0
21710006630000,6,4,2,85.8
21710006631000,3,1,2,0
21710006669000,8,5,3,306.4
21710006674000,3,2,1,0
21710006675000,8,5,3,344
21710006682000,4,3,1,0
21710006728000,3,2,1,0
21710006729000,47,26,21,2082.1
21710006730000,2,1,1,0
21710006744000,170,90,80,5814
21710006746000,27,14,13,1425.6
21710006747000,31,19,12,1274.1
21710006748000,2,1,1,0
21710006756000,2,1,1,0
21710006760000,4,2,2,0
21710006782000,2,2,0,0
21710006791000,19,11,8,815.1
21710006793000,65,34,31,2626
21710006794000,4,4,0,0
21710006804000,12,5,7,465.6
21710006805000,49,25,24,1700.3
21710006872000,11,4,7,306.9
21710006873000,12,6,6,511.2
21710006875000,11,7,4,438.9
21710006902000,1,1,0,0
21710006905000,25,12,13,1242.5
21710006906000,55,30,25,2117.5
21710006907000,11,5,6,586.3
21710006964000,277,151,126,11966.4
21710006965000,900,406,494,41940
21710006975000,10,6,4,332
21710006976000,36,21,15,1602
21710006979000,5,4,1,167
21710006989000,96,50,46,3840
21710006991000,2,1,1,0
21710006998000,37,18,19,1690.9
21710006999000,2,1,1,0
21710007002000,4,2,2,0
21710007003000,1,1,0,0
21710007004000,18,9,9,900
21710007036000,8,5,3,296.8
21710007039000,24,12,12,936
21710007050000,6,4,2,226.8
21710007061000,66,36,30,3531
21710007062000,12,5,7,434.4
21710007076000,2,1,1,0
21710007077000,8,6,2,338.4
21720006526000,1,1,0,0
21720006527000,24,10,14,1144.8
21720006528000,7,4,3,326.9
21720006531000,1,1,0,0
21720006535000,1,0,1,0
21720006541000,39,23,16,1154.4
21720006542000,155,82,73,5905.5
21720006543000,19,10,9,727.7
21720006544000,8,5,3,324.8
21720006545000,39,18,21,1669.2
21720006546000,46,25,21,1890.6
21720006550000,3,1,2,0
21720006557000,12,6,6,507.6
21720006568000,1,1,0,0
21720006570000,5,4,1,294
21720006582000,1,1,0,0
21720006583000,91,47,44,4167.8
21720006584000,356,170,186,15094.4
21720006585000,215,116,99,8170
21720006586000,55,31,24,2398
21720006587000,3,0,3,0
21720006588000,11,7,4,561
21720006589000,16,10,6,433.6
21720006595000,7,5,2,210
21720006596000,10,5,5,451
21720006597000,38,17,21,1269.2
21720006598000,14,9,5,726.6
21720006614000,27,18,9,955.8
21720006615000,58,31,27,2343.2
21720006616000,259,128,131,11033.4
21720006617000,50,29,21,2035
21720006618000,781,364,417,38893.8
21720006619000,53,27,26,1950.4
21720006628000,2,1,1,0
21720006630000,1,0,1,0
21720006633000,2,1,1,0
21720006672000,17,9,8,501.5
21720006673000,10,5,5,334
21720006674000,29,14,15,1136.8
21720006675000,18,9,9,977.4
21720006681000,4,1,3,0
21720006724000,3,2,1,0
21720006728000,37,19,18,1868.5
21720006729000,84,44,40,3368.4
21720006730000,6,4,2,337.2
21720006743000,1,1,0,0
21720006744000,144,66,78,5659.2
21720006746000,4,1,3,0
21720006747000,3,2,1,0
21720006750000,4,3,1,0
21720006753000,1,0,1,0
21720006754000,2,1,1,0
21720006755000,3,1,2,0
21720006779000,1,1,0,0
21720006782000,2,1,1,0
21720006789000,15,8,7,660
21720006790000,25,16,9,1205
21720006791000,8,3,5,271.2
21720006792000,16,9,7,761.6
21720006793000,6,2,4,385.2
21720006796000,5,2,3,330
21720006797000,3,2,1,0
21720006802000,8,4,4,236.8
21720006803000,16,7,9,420.8
21720006804000,23,12,11,717.6
21720006805000,19,7,12,851.2
21720006872000,6,5,1,313.8
21720006873000,22,12,10,1029.6
21720006875000,24,14,10,948
21720006904000,45,24,21,1467
21720006905000,24,11,13,914.4
21720006964000,504,257,247,19756.8
21720006975000,3,2,1,0
21720006989000,54,32,22,2219.4
21720006990000,20,12,8,748
21720006991000,38,21,17,1102
21720006999000,6,1,5,331.2
21720007003000,23,16,7,772.8
21720007004000,8,5,3,398.4
21720007016000,3,1,2,0
21720007017000,35,18,17,1575
21720007018000,6,5,1,196.8
21720007020000,7,3,4,268.1
21720007029000,8,4,4,288.8
21720007030000,19,8,11,883.5
21720007032000,5,2,3,242
21720007038000,5,3,2,315
21720007039000,18,11,7,723.6
21720007050000,7,3,4,427
21720007061000,3,2,1,0
21720007062000,59,33,26,2495.7
21720007077000,4,3,1,0
21730006528000,7,3,4,326.2
21730006529000,5,1,4,278
21730006530000,27,14,13,953.1
21730006531000,15,7,8,697.5
21730006536000,9,6,3,413.1
21730006539000,2,1,1,0
21730006541000,32,18,14,1472
21730006542000,95,54,41,3486.5
21730006543000,20,9,11,862
21730006545000,37,21,16,1380.1
21730006546000,51,27,24,1851.3
21730006547000,6,4,2,202.2
21730006548000,19,10,9,651.7
21730006549000,14,8,6,595
21730006550000,29,15,14,1186.1
21730006558000,1,0,1,0
21730006583000,25,13,12,910
21730006584000,621,302,319,25523.1
21730006585000,450,215,235,18630
21730006586000,139,70,69,5782.4
21730006587000,41,21,20,1955.7
21730006589000,10,6,4,424
21730006590000,11,4,7,520.3
21730006593000,5,2,3,179
21730006596000,16,7,9,654.4
21730006597000,131,66,65,4807.7
21730006598000,151,70,81,6779.9
21730006599000,6,4,2,160.2
21730006614000,26,13,13,985.4
21730006615000,56,26,30,2245.6
21730006616000,1,0,1,0
21730006617000,113,57,56,4452.2
21730006618000,59,33,26,2920.5
21730006627000,15,10,5,646.5
21730006630000,7,4,3,258.3
21730006633000,3,2,1,0
21730006669000,8,3,5,400.8
21730006670000,51,25,26,2198.1
21730006671000,36,18,18,1364.4
21730006672000,14,8,6,729.4
21730006673000,24,13,11,1159.2
21730006674000,7,2,5,282.8
21730006675000,1,0,1,0
21730006728000,44,26,18,1667.6
21730006729000,36,19,17,1702.8
21730006730000,3,2,1,0
21730006737000,18,9,9,799.2
21730006738000,5,3,2,178
21730006741000,3,1,2,0
21730006742000,14,7,7,666.4
21730006743000,162,83,79,6755.4
21730006744000,62,29,33,2405.6
21730006745000,4,2,2,0
21730006752000,4,1,3,0
21730006753000,1,1,0,0
21730006757000,1,0,1,0
21730006758000,6,4,2,123
21730006759000,10,7,3,231
21730006789000,15,6,9,664.5
21730006790000,18,10,8,811.8
21730006792000,42,18,24,1612.8
21730006797000,8,5,3,190.4
21730006801000,10,5,5,546
21730006802000,13,5,8,351
21730006804000,8,4,4,312
21730006805000,75,36,39,2947.5
21730006835000,2,1,1,0
21730006872000,23,11,12,933.8
21730006873000,91,47,44,3521.7
21730006875000,9,5,4,522.9
21730006876000,3,1,2,0
21730006903000,43,26,17,1591
21730006904000,29,17,12,1238.3
21730006963000,63,37,26,2205
21730006964000,183,95,88,6331.8
21730006975000,11,5,6,348.7
21730006986000,5,2,3,181
21730006989000,3,2,1,0
21730006990000,24,12,12,806.4
21730006991000,7,5,2,196
21730007000000,11,7,4,429
21730007003000,14,5,9,443.8
21730007016000,29,16,13,1322.4
21730007017000,5,2,3,216
21730007018000,18,9,9,723.6
21730007020000,5,3,2,345
21730007027000,79,42,37,3697.2
21730007028000,30,16,14,1134
21730007029000,13,7,6,497.9
21730007030000,11,6,5,313.5
21730007031000,6,4,2,288
21730007032000,4,2,2,0
21730007037000,10,5,5,409
21730007038000,17,12,5,652.8
21730007039000,26,12,14,967.2
21730007040000,11,7,4,443.3
21730007050000,5,2,3,195
21730007058000,1,1,0,0
21730007060000,9,7,2,428.4
21730007061000,5,1,4,89
21730007062000,1,1,0,0
21730007063000,5,3,2,348
21730007077000,5,2,3,295
21730007078000,37,20,17,1110
21740006528000,9,5,4,474.3
21740006529000,4,3,1,0
21740006530000,22,10,12,855.8
21740006532000,1,1,0,0
21740006534000,4,1,3,0
21740006535000,1,1,0,0
21740006536000,2,1,1,0
21740006539000,25,15,10,1245
21740006540000,50,31,19,2145
21740006541000,160,83,77,5936
21740006542000,34,17,17,1084.6
21740006544000,13,6,7,513.5
21740006545000,20,9,11,760
21740006546000,9,6,3,344.7
21740006547000,40,23,17,1160
21740006548000,20,12,8,752
21740006560000,4,3,1,0
21740006561000,12,6,6,448.8
21740006583000,53,31,22,2236.6
21740006584000,296,148,148,11780.8
21740006585000,73,37,36,2686.4
21740006587000,3,2,1,0
21740006594000,5,2,3,164
21740006595000,31,18,13,1249.3
21740006596000,27,14,13,804.6
21740006597000,165,91,74,5659.5
21740006598000,14,7,7,666.4
21740006599000,22,12,10,1071.4
21740006600000,13,7,6,885.3
21740006614000,13,9,4,496.6
21740006615000,43,25,18,1849
21740006616000,172,84,88,6914.4
21740006617000,21,8,13,621.6
21740006623000,5,4,1,123
21740006625000,13,7,6,505.7
21740006626000,13,6,7,568.1
21740006627000,34,17,17,1655.8
21740006636000,5,2,3,319
21740006637000,3,3,0,0
21740006660000,1,0,1,0
21740006668000,3,2,1,0
21740006669000,6,3,3,253.8
21740006670000,232,103,129,11391.2
21740006671000,36,16,20,1382.4
21740006672000,2,0,2,0
21740006673000,4,2,2,0
21740006674000,3,2,1,0
21740006675000,4,1,3,0
21740006728000,13,7,6,591.5
21740006729000,16,11,5,769.6
21740006735000,1,0,1,0
21740006736000,11,7,4,427.9
21740006737000,5,3,2,279
21740006738000,40,23,17,1980
21740006739000,25,11,14,985
21740006740000,11,4,7,294.8
21740006741000,33,16,17,1445.4
21740006742000,33,18,15,1267.2
21740006743000,52,25,27,2241.2
21740006744000,17,11,6,834.7
21740006745000,3,3,0,0
21740006766000,8,4,4,274.4
21740006770000,2,1,1,0
21740006775000,3,1,2,0
21740006776000,21,11,10,991.2
21740006777000,2,1,1,0
21740006778000,1,1,0,0
21740006786000,14,6,8,609
21740006787000,18,10,8,817.2
21740006788000,7,4,3,300.3
21740006789000,15,6,9,742.5
21740006790000,36,21,15,1530
21740006791000,37,19,18,1513.3
21740006792000,15,4,11,622.5
21740006796000,8,4,4,220
21740006797000,25,13,12,935
21740006800000,5,4,1,255
21740006801000,17,9,8,644.3
21740006802000,7,4,3,210
21740006803000,32,14,18,1417.6
21740006804000,168,82,86,6031.2
21740006805000,71,39,32,2690.9
21740006870000,1,1,0,0
21740006872000,46,24,22,1886
21740006873000,77,38,39,3495.8
21740006874000,15,8,7,520.5
21740006902000,2,1,1,0
21740006903000,42,24,18,1885.8
21740006904000,28,16,12,1024.8
21740006962000,1,0,1,0
21740006963000,388,191,197,14123.2
21740006974000,12,6,6,528
21740006984000,1,1,0,0
21740006985000,8,5,3,482.4
21740006986000,2,1,1,0
21740006989000,2,2,0,0
21740006990000,20,9,11,834
21740006991000,40,17,23,1448
21740006997000,12,3,9,559.2
21740007000000,14,9,5,887.6
21740007004000,5,3,2,341
21740007016000,20,11,9,798
21740007018000,8,4,4,226.4
21740007020000,5,1,4,79
21740007021000,2,1,1,0
21740007026000,3,1,2,0
21740007027000,18,9,9,774
21740007029000,2,2,0,0
21740007030000,4,1,3,0
21740007031000,17,7,10,618.8
21740007032000,2,1,1,0
21740007038000,21,12,9,1012.2
21740007039000,2,1,1,0
21740007040000,2,1,1,0
21740007060000,2,1,1,0
21740007063000,10,5,5,505
21740007078000,2,1,1,0
21750006530000,30,17,13,1179
21750006531000,26,13,13,1071.2
21750006532000,38,15,23,1577
21750006533000,31,12,19,1286.5
21750006534000,9,4,5,413.1
21750006536000,5,3,2,153
21750006538000,55,31,24,2381.5
21750006539000,245,138,107,8918
21750006540000,30,15,15,1011
21750006541000,204,108,96,7221.6
21750006542000,590,294,296,20709
21750006544000,2,1,1,0
21750006545000,7,3,4,352.8
21750006546000,4,3,1,0
21750006561000,1,1,0,0
21750006583000,119,54,65,4641
21750006584000,134,71,63,5788.8
21750006585000,3,2,1,0
21750006587000,1,1,0,0
21750006597000,15,7,8,583.5
21750006598000,17,11,6,802.4
21750006599000,14,7,7,621.6
21750006600000,46,21,25,1945.8
21750006601000,18,11,7,568.8
21750006605000,2,1,1,0
21750006612000,5,3,2,224
21750006613000,15,8,7,661.5
21750006614000,34,18,16,1247.8
21750006615000,13,6,7,399.1
21750006616000,838,420,418,35615
21750006617000,489,254,235,17848.5
21750006618000,280,141,139,11508
21750006622000,6,5,1,304.2
21750006623000,13,8,5,565.5
21750006625000,17,5,12,578
21750006635000,1,0,1,0
21750006636000,40,20,20,1848
21750006668000,15,7,8,552
21750006669000,40,20,20,1896
21750006670000,29,13,16,1313.7
21750006671000,39,21,18,1778.4
21750006672000,3,1,2,0
21750006728000,6,3,3,223.8
21750006732000,13,9,4,496.6
21750006733000,10,6,4,466
21750006734000,18,7,11,581.4
21750006735000,40,20,20,1628
21750006736000,27,14,13,1015.2
21750006737000,22,11,11,1056
21750006738000,17,9,8,656.2
21750006739000,7,4,3,459.2
21750006743000,5,4,1,294
21750006744000,6,4,2,160.2
21750006777000,4,2,2,0
21750006778000,4,1,3,0
21750006783000,15,8,7,799.5
21750006784000,9,6,3,304.2
21750006785000,24,9,15,1017.6
21750006786000,13,5,8,529.1
21750006787000,75,35,40,3210
21750006788000,65,28,37,2665
21750006789000,35,19,16,1435
21750006790000,7,5,2,443.1
21750006796000,29,13,16,1154.2
21750006797000,7,4,3,254.1
21750006798000,1,0,1,0
21750006799000,2,1,1,0
21750006800000,28,15,13,1100.4
21750006801000,33,16,17,1716
21750006872000,49,30,19,2347.1
21750006873000,5,3,2,142
21750006874000,4,3,1,0
21750006902000,2,1,1,0
21750006903000,59,33,26,2507.5
21750006904000,4,2,2,0
21750006962000,13,9,4,386.1
21750006963000,7,5,2,326.9
21750006973000,12,7,5,610.8
21750006987000,22,9,13,1023
21750006988000,46,22,24,1872.2
21750006989000,4,1,3,0
21750006991000,34,17,17,1380.4
21750006997000,3,1,2,0
21750007000000,5,3,2,241
21750007004000,30,16,14,1428
21750007015000,32,17,15,1513.6
21750007016000,31,18,13,1441.5
21750007017000,14,6,8,718.2
21750007018000,7,4,3,448.7
21750007021000,1,0,1,0
21750007025000,16,10,6,718.4
21750007026000,5,4,1,168
21750007030000,16,9,7,571.2
21750007031000,156,69,87,7394.4
21750007032000,82,39,43,4608.4
21750007033000,4,3,1,0
21750007050000,4,2,2,0
21750007063000,2,1,1,0
21750007070000,1,0,1,0
21750007077000,5,2,3,287
21750007078000,8,5,3,311.2
21760006530000,5,3,2,325
21760006531000,11,7,4,297
21760006533000,12,6,6,416.4
21760006534000,4,2,2,0
21760006536000,28,15,13,1173.2
21760006537000,67,35,32,2505.8
21760006538000,643,304,339,27841.9
21760006539000,784,378,406,31987.2
21760006540000,77,36,41,2679.6
21760006541000,4,2,2,0
21760006542000,470,214,256,21056
21760006543000,134,72,62,4944.6
21760006547000,1,1,0,0
21760006552000,14,9,5,487.2
21760006553000,1,1,0,0
21760006567000,4,2,2,0
21760006568000,25,11,14,802.5
21760006573000,5,2,3,220
21760006583000,34,16,18,1519.8
21760006584000,35,20,15,1365
21760006588000,10,6,4,342
21760006589000,5,3,2,297
21760006597000,25,11,14,1120
21760006598000,46,20,26,1807.8
21760006599000,29,18,11,1142.6
21760006600000,21,11,10,680.4
21760006601000,33,15,18,1188
21760006605000,13,6,7,573.3
21760006606000,18,9,9,811.8
21760006607000,2,1,1,0
21760006608000,10,5,5,410
21760006609000,9,5,4,384.3
21760006610000,2,1,1,0
21760006611000,26,12,14,1058.2
21760006612000,16,9,7,809.6
21760006615000,231,117,114,8662.5
21760006616000,1558,739,819,66215
21760006617000,1062,511,551,44391.6
21760006618000,736,349,387,32089.6
21760006619000,101,49,52,3969.3
21760006620000,111,55,56,4206.9
21760006621000,8,4,4,278.4
21760006622000,12,6,6,392.4
21760006623000,3,2,1,0
21760006635000,1,1,0,0
21760006636000,2,1,1,0
21760006668000,7,4,3,277.9
21760006669000,34,15,19,1543.6
21760006670000,6,3,3,355.2
21760006671000,1,1,0,0
21760006728000,32,17,15,1270.4
21760006729000,375,167,208,17062.5
21760006730000,86,45,41,3689.4
21760006731000,57,34,23,2285.7
21760006732000,7,4,3,254.8
21760006736000,1,1,0,0
21760006753000,14,7,7,669.2
21760006777000,9,6,3,450
21760006781000,3,2,1,0
21760006782000,21,11,10,869.4
21760006783000,12,6,6,594
21760006784000,22,11,11,919.6
21760006785000,23,13,10,793.5
21760006786000,52,26,26,1809.6
21760006787000,226,106,120,10915.8
21760006788000,21,10,11,974.4
21760006795000,5,2,3,183
21760006796000,3,2,1,0
21760006797000,5,3,2,163
21760006798000,19,11,8,706.8
21760006799000,41,18,23,1865.5
21760006800000,23,14,9,1278.8
21760006872000,41,22,19,1763
21760006902000,9,5,4,566.1
21760006903000,40,22,18,1412
21760006962000,15,6,9,577.5
21760006983000,5,3,2,299
21760006984000,14,7,7,446.6
21760006987000,14,6,8,648.2
21760006991000,24,14,10,1048.8
21760006998000,19,11,8,953.8
21760007000000,13,8,5,513.5
21760007003000,9,5,4,350.1
21760007004000,77,43,34,3072.3
21760007014000,1,0,1,0
21760007015000,97,50,47,3356.2
21760007016000,5,2,3,218
21760007017000,7,2,5,308.7
21760007018000,10,4,6,744
21760007022000,6,5,1,319.2
21760007023000,7,3,4,364
21760007024000,3,1,2,0
21760007028000,6,3,3,280.2
21760007029000,7,2,5,319.9
21760007030000,18,9,9,1067.4
21760007031000,78,33,45,4157.4
21760007032000,362,176,186,12814.8
21760007033000,37,20,17,1383.8
21760007034000,37,23,14,1561.4
21760007035000,27,17,10,1279.8
21760007037000,3,2,1,0
21760007041000,8,5,3,467.2
21760007042000,3,1,2,0
21760007063000,8,3,5,276.8
21760007064000,4,4,0,0
21760007077000,7,4,3,392
21760007078000,11,6,5,506
21760007079000,35,13,22,1417.5
21760007080000,3,1,2,0
21770006530000,3,2,1,0
21770006531000,1,1,0,0
21770006535000,14,7,7,459.2
21770006536000,81,37,44,3985.2
21770006537000,108,56,52,3898.8
21770006538000,1441,701,740,64124.5
21770006539000,1254,583,671,53545.8
21770006540000,207,95,112,10246.5
21770006541000,29,15,14,1058.5
21770006542000,78,45,33,3096.6
21770006543000,106,60,46,3943.2
21770006544000,15,6,9,555
21770006545000,13,9,4,674.7
21770006553000,12,5,7,460.8
21770006554000,7,4,3,391.3
21770006561000,1,1,0,0
21770006563000,2,1,1,0
21770006567000,31,19,12,1354.7
21770006572000,1,1,0,0
21770006573000,7,3,4,345.8
21770006582000,10,6,4,570
21770006583000,34,20,14,1530
21770006584000,27,15,12,963.9
21770006587000,2,2,0,0
21770006588000,71,39,32,3045.9
21770006589000,32,19,13,1696
21770006596000,1,1,0,0
21770006597000,16,10,6,793.6
21770006598000,6,3,3,283.2
21770006599000,39,21,18,1634.1
21770006600000,145,74,71,4843
21770006601000,37,22,15,1609.5
21770006602000,23,11,12,906.2
21770006603000,4,2,2,0
21770006604000,10,6,4,441
21770006605000,27,14,13,1236.6
21770006607000,12,5,7,387.6
21770006608000,18,9,9,680.4
21770006609000,2,1,1,0
21770006610000,5,4,1,150
21770006613000,46,24,22,1932
21770006614000,18,8,10,1121.4
21770006615000,413,197,216,17965.5
21770006616000,705,345,360,27777
21770006617000,402,185,217,16522.2
21770006619000,12,8,4,375.6
21770006620000,5,3,2,102
21770006621000,74,33,41,2775
21770006622000,90,42,48,3501
21770006623000,10,7,3,334
21770006628000,1,0,1,0
21770006629000,2,1,1,0
21770006635000,12,8,4,402
21770006668000,8,4,4,280
21770006669000,56,30,26,1932
21770006670000,20,12,8,716
21770006671000,11,7,4,462
21770006728000,167,79,88,7364.7
21770006729000,460,208,252,21298
21770006730000,358,167,191,14642.2
21770006731000,5,4,1,110
21770006754000,5,2,3,243
21770006761000,2,1,1,0
21770006777000,6,3,3,187.2
21770006778000,13,8,5,652.6
21770006781000,20,9,11,886
21770006782000,29,15,14,1032.4
21770006783000,9,5,4,359.1
21770006784000,13,5,8,483.6
21770006785000,34,19,15,1628.6
21770006786000,9,5,4,522
21770006787000,10,5,5,381
21770006795000,33,16,17,1164.9
21770006796000,20,8,12,522
21770006797000,28,14,14,1198.4
21770006798000,36,16,20,1339.2
21770006799000,20,11,9,658
21770006873000,5,2,3,274
21770006902000,34,17,17,1298.8
21770006903000,21,12,9,957.6
21770006961000,18,11,7,633.6
21770006962000,147,76,71,7026.6
21770006963000,7,2,5,279.3
21770006982000,3,2,1,0
21770006991000,7,5,2,312.9
21770006992000,7,3,4,240.1
21770006998000,46,25,21,2097.6
21770007000000,132,63,69,4738.8
21770007004000,3,2,1,0
21770007005000,9,3,6,411.3
21770007012000,39,19,20,1848.6
21770007013000,15,9,6,877.5
21770007015000,6,2,4,318
21770007020000,3,2,1,0
21770007026000,2,1,1,0
21770007027000,22,10,12,952.6
21770007028000,23,12,11,765.9
21770007030000,8,4,4,319.2
21770007031000,15,3,12,502.5
21770007033000,4,2,2,0
21770007036000,4,3,1,0
21770007064000,2,1,1,0
21770007079000,5,2,3,196
21780006531000,14,9,5,467.6
21780006532000,3,2,1,0
21780006533000,30,16,14,1227
21780006534000,31,16,15,1447.7
21780006535000,16,6,10,702.4
21780006536000,5,3,2,273
21780006538000,314,152,162,14977.8
21780006539000,526,258,268,26037
21780006540000,4,3,1,0
21780006542000,12,6,6,459.6
21780006543000,48,27,21,2246.4
21780006544000,14,6,8,530.6
21780006545000,6,2,4,169.2
21780006548000,1,0,1,0
21780006552000,13,7,6,617.5
21780006553000,14,7,7,763
21780006562000,18,11,7,799.2
21780006565000,4,2,2,0
21780006566000,3,1,2,0
21780006567000,9,6,3,291.6
21780006571000,2,1,1,0
21780006572000,35,21,14,1515.5
21780006575000,4,2,2,0
21780006577000,1,1,0,0
21780006581000,24,12,12,1012.8
21780006582000,122,68,54,4794.6
21780006583000,31,15,16,1432.2
21780006584000,24,12,12,1281.6
21780006588000,2,1,1,0
21780006591000,6,3,3,217.2
21780006596000,12,6,6,459.6
21780006598000,3,2,1,0
21780006599000,57,32,25,2530.8
21780006600000,138,66,72,5492.4
21780006602000,7,3,4,350.7
21780006603000,49,30,19,1705.2
21780006604000,17,9,8,663
21780006605000,29,15,14,1247
21780006606000,11,7,4,514.8
21780006607000,28,13,15,1176
21780006608000,6,5,1,193.8
21780006609000,11,5,6,534.6
21780006610000,232,117,115,8885.6
21780006611000,81,40,41,3969
21780006612000,17,9,8,928.2
21780006613000,21,12,9,777
21780006614000,5,3,2,262
21780006616000,481,249,232,17604.6
21780006617000,142,70,72,5822
21780006633000,5,2,3,228
21780006634000,40,21,19,1840
21780006667000,4,2,2,0
21780006668000,9,6,3,407.7
21780006669000,19,9,10,862.6
21780006670000,2,1,1,0
21780006722000,11,6,5,359.7
21780006726000,2,1,1,0
21780006727000,41,18,23,1517
21780006728000,213,97,116,8839.5
21780006729000,508,251,257,20066
21780006730000,23,9,14,765.9
21780006777000,25,13,12,785
21780006778000,11,6,5,558.8
21780006779000,23,9,14,883.2
21780006780000,48,24,24,1737.6
21780006781000,29,12,17,1090.4
21780006782000,33,19,14,986.7
21780006783000,19,12,7,767.6
21780006784000,22,10,12,649
21780006785000,24,14,10,1027.2
21780006790000,8,4,4,276.8
21780006794000,7,5,2,378.7
21780006795000,33,16,17,1280.4
21780006798000,1,1,0,0
21780006871000,17,8,9,780.3
21780006873000,5,2,3,142
21780006899000,5,3,2,153
21780006901000,2,1,1,0
21780006902000,31,14,17,852.5
21780006961000,139,69,70,5295.9
21780006962000,185,101,84,6882
21780006980000,10,6,4,480
21780006981000,19,10,9,1081.1
21780006992000,19,8,11,851.2
21780006998000,82,47,35,3378.4
21780006999000,14,5,9,621.6
21780007000000,129,67,62,4515
21780007005000,5,3,2,114
21780007011000,20,14,6,824
21780007012000,41,20,21,1828.6
21780007014000,1,1,0,0
21780007015000,45,24,21,1980
21780007020000,6,3,3,409.8
21780007024000,7,2,5,237.3
21780007031000,15,8,7,651
21780007032000,6,3,3,355.8
21780007036000,10,6,4,456
21780007037000,7,3,4,497.7
21780007038000,8,5,3,460
21780007044000,6,3,3,220.8
21780007063000,8,3,5,504.8
21780007076000,6,5,1,229.2
21780007080000,4,3,1,0
21780007095000,11,4,7,691.9
21780007096000,64,36,28,3974.4
21790006535000,13,6,7,617.5
21790006536000,4,2,2,0
21790006537000,10,6,4,397
21790006542000,2,1,1,0
21790006543000,11,5,6,537.9
21790006545000,4,2,2,0
21790006547000,6,2,4,220.8
21790006548000,2,2,0,0
21790006549000,7,3,4,319.9
21790006550000,3,2,1,0
21790006551000,4,3,1,0
21790006562000,1,0,1,0
21790006564000,10,4,6,302
21790006566000,1,1,0,0
21790006567000,26,12,14,1120.6
21790006570000,4,2,2,0
21790006571000,25,11,14,1135
21790006572000,25,12,13,1182.5
21790006573000,16,8,8,708.8
21790006574000,12,4,8,422.4
21790006575000,6,2,4,214.8
21790006578000,19,10,9,672.6
21790006579000,23,13,10,975.2
21790006580000,33,17,16,1085.7
21790006581000,19,8,11,628.9
21790006582000,23,14,9,1035
21790006583000,2,1,1,0
21790006584000,5,3,2,250
21790006603000,7,4,3,487.9
21790006604000,58,28,30,2151.8
21790006605000,7,4,3,473.2
21790006607000,2,1,1,0
21790006608000,27,15,12,1082.7
21790006609000,58,30,28,2586.8
21790006610000,71,30,41,2612.8
21790006611000,15,6,9,517.5
21790006621000,2,1,1,0
21790006666000,10,5,5,349
21790006667000,2,1,1,0
21790006668000,1,0,1,0
21790006669000,45,24,21,1908
21790006691000,1,0,1,0
21790006701000,1,1,0,0
21790006703000,8,3,5,306.4
21790006720000,10,6,4,359
21790006721000,10,6,4,461
21790006722000,5,3,2,236
21790006723000,14,7,7,581
21790006725000,18,10,8,667.8
21790006726000,15,7,8,718.5
21790006727000,17,7,10,567.8
21790006728000,12,7,5,549.6
21790006729000,4,2,2,0
21790006777000,79,45,34,2630.7
21790006778000,45,25,20,1696.5
21790006779000,29,15,14,1189
21790006780000,46,22,24,1642.2
21790006781000,216,120,96,8834.4
21790006782000,43,23,20,1672.7
21790006783000,26,11,15,1011.4
21790006784000,14,6,8,567
21790006789000,8,3,5,266.4
21790006790000,55,28,27,2310
21790006791000,36,19,17,1544.4
21790006794000,92,52,40,3670.8
21790006795000,36,16,20,1378.8
21790006796000,1,1,0,0
21790006867000,5,2,3,174
21790006871000,18,9,9,586.8
21790006872000,7,5,2,256.2
21790006873000,2,1,1,0
21790006901000,17,6,11,555.9
21790006902000,219,96,123,10884.3
21790006961000,114,57,57,4571.4
21790006962000,61,29,32,2196
21790006971000,5,3,2,157
21790006972000,6,2,4,259.8
21790006979000,11,6,5,466.4
21790006980000,35,19,16,1550.5
21790006981000,79,44,35,3491.8
21790006992000,9,4,5,255.6
21790006993000,27,14,13,1053
21790006997000,16,9,7,329.6
21790006998000,172,85,87,7963.6
21790006999000,39,23,16,1875.9
21790007000000,78,37,41,3393
21790007006000,19,9,10,752.4
21790007012000,7,5,2,252.7
21790007020000,5,2,3,299
21790007022000,6,4,2,214.2
21790007024000,8,4,4,284
21790007032000,7,3,4,303.1
21790007036000,18,11,7,671.4
21790007037000,9,3,6,295.2
21790007044000,7,3,4,322
21790007045000,8,4,4,334.4
21790007050000,1,0,1,0
21790007051000,1,1,0,0
21790007062000,1,1,0,0
21790007063000,12,6,6,772.8
21790007064000,16,8,8,585.6
21790007065000,6,4,2,253.8
21790007076000,3,1,2,0
21790007080000,21,11,10,997.5
21800006536000,8,5,3,510.4
21800006537000,50,26,24,2020
21800006539000,3,1,2,0
21800006541000,17,10,7,906.1
21800006542000,12,7,5,663.6
21800006543000,9,6,3,344.7
21800006546000,7,4,3,207.2
21800006547000,3,2,1,0
21800006548000,5,5,0,164
21800006549000,21,11,10,800.1
21800006550000,3,2,1,0
21800006561000,8,5,3,414.4
21800006563000,8,5,3,423.2
21800006564000,21,9,12,703.5
21800006566000,4,2,2,0
21800006571000,4,2,2,0
21800006572000,4,2,2,0
21800006573000,4,2,2,0
21800006574000,14,8,6,446.6
21800006575000,17,7,10,933.3
21800006576000,45,27,18,1588.5
21800006577000,12,9,3,374.4
21800006578000,27,14,13,1220.4
21800006579000,31,16,15,1475.6
21800006580000,13,5,8,474.5
21800006581000,19,10,9,885.4
21800006582000,3,2,1,0
21800006585000,15,7,8,556.5
21800006586000,12,8,4,648
21800006602000,3,2,1,0
21800006662000,2,1,1,0
21800006663000,2,2,0,0
21800006664000,9,5,4,332.1
21800006665000,15,8,7,648
21800006666000,23,13,10,782
21800006667000,2,0,2,0
21800006668000,14,7,7,680.4
21800006700000,1,1,0,0
21800006715000,8,3,5,239.2
21800006717000,5,2,3,120
21800006718000,38,20,18,1630.2
21800006719000,16,9,7,846.4
21800006720000,8,4,4,406.4
21800006721000,7,4,3,233.1
21800006722000,30,14,16,1092
21800006723000,15,8,7,723
21800006724000,14,7,7,786.8
21800006726000,10,5,5,232
21800006776000,32,12,20,1552
21800006777000,34,18,16,1370.2
21800006778000,8,3,5,408
21800006779000,20,12,8,1062
21800006780000,51,27,24,1616.7
21800006781000,50,26,24,1960
21800006782000,10,7,3,391
21800006788000,10,5,5,224
21800006789000,12,6,6,499.2
21800006790000,93,47,46,3515.4
21800006792000,5,3,2,342
21800006793000,106,43,63,6264.6
21800006794000,3,1,2,0
21800006795000,33,17,16,1372.8
21800006796000,5,2,3,198
21800006846000,2,1,1,0
21800006871000,9,4,5,343.8
21800006873000,2,1,1,0
21800006900000,11,7,4,400.4
21800006901000,8,6,2,252
21800006902000,62,27,35,3217.8
21800006961000,1,1,0,0
21800006979000,62,33,29,2467.6
21800006980000,39,24,15,1606.8
21800006992000,19,9,10,581.4
21800006993000,12,6,6,435.6
21800006994000,26,8,18,813.8
21800006995000,17,9,8,824.5
21800006996000,191,95,96,5634.5
21800006997000,772,398,374,29258.8
21800006998000,39,23,16,1677
21800006999000,114,58,56,5130
21800007000000,42,22,20,1407
21800007001000,9,6,3,285.3
21800007006000,23,13,10,1083.3
21800007020000,23,12,11,968.3
21800007032000,4,3,1,0
21800007036000,10,8,2,467
21800007037000,19,8,11,807.5
21800007043000,13,4,9,469.3
21800007044000,12,6,6,636
21800007076000,3,1,2,0
21800007080000,58,32,26,2412.8
21810006537000,61,30,31,2244.8
21810006538000,3,2,1,0
21810006543000,7,5,2,240.1
21810006544000,19,10,9,704.9
21810006545000,14,7,7,835.8
21810006546000,3,3,0,0
21810006547000,2,1,1,0
21810006548000,9,4,5,433.8
21810006563000,2,1,1,0
21810006564000,8,3,5,316
21810006565000,102,52,50,4039.2
21810006566000,13,6,7,488.8
21810006567000,14,7,7,547.4
21810006574000,6,4,2,253.2
21810006575000,3,1,2,0
21810006576000,96,49,47,3907.2
21810006577000,83,39,44,3743.3
21810006578000,22,10,12,840.4
21810006619000,3,2,1,0
21810006635000,3,2,1,0
21810006645000,1,1,0,0
21810006660000,6,3,3,229.2
21810006661000,9,5,4,533.7
21810006662000,11,8,3,572
21810006663000,42,22,20,2100
21810006664000,6,4,2,273
21810006665000,12,7,5,432
21810006666000,19,9,10,970.9
21810006667000,13,6,7,591.5
21810006668000,15,9,6,484.5
21810006692000,8,2,6,314.4
21810006709000,5,3,2,90
21810006716000,15,7,8,681
21810006717000,54,31,23,1798.2
21810006718000,1,1,0,0
21810006719000,33,17,16,1227.6
21810006721000,6,3,3,360
21810006722000,9,4,5,451.8
21810006723000,7,4,3,335.3
21810006724000,18,9,9,910.8
21810006725000,9,5,4,290.7
21810006753000,5,3,2,183
21810006757000,14,8,6,680.4
21810006758000,1,0,1,0
21810006774000,19,8,11,545.3
21810006775000,17,12,5,584.8
21810006776000,29,11,18,1183.2
21810006777000,114,59,55,4981.8
21810006778000,34,22,12,1496
21810006779000,35,22,13,1435
21810006780000,20,9,11,724
21810006783000,3,1,2,0
21810006784000,7,4,3,317.1
21810006785000,29,15,14,1177.4
21810006786000,44,26,18,2081.2
21810006787000,6,3,3,364.2
21810006789000,4,2,2,0
21810006790000,29,15,14,890.3
21810006791000,31,17,14,1438.4
21810006792000,104,50,54,4118.4
21810006793000,120,48,72,5856
21810006794000,1,1,0,0
21810006795000,26,13,13,982.8
21810006796000,11,7,4,401.5
21810006867000,1,1,0,0
21810006869000,4,2,2,0
21810006871000,33,18,15,1646.7
21810006872000,2,1,1,0
21810006873000,5,4,1,96
21810006902000,30,19,11,1218
21810006913000,3,2,1,0
21810006960000,14,8,6,560
21810006961000,17,9,8,792.2
21810006979000,15,9,6,790.5
21810006993000,30,17,13,1014
21810006994000,6,4,2,388.2
21810006996000,47,20,27,1414.7
21810006997000,539,262,277,21128.8
21810006998000,34,16,18,1268.2
21810006999000,98,51,47,4047.4
21810007000000,53,31,22,2618.2
21810007001000,3,2,1,0
21810007006000,10,6,4,430
21810007007000,5,3,2,78
21810007020000,9,5,4,594.9
21810007036000,1,1,0,0
21810007037000,3,2,1,0
21810007043000,15,8,7,601.5
21810007044000,8,5,3,315.2
21810007052000,3,1,2,0
21810007067000,6,5,1,241.2
21810007076000,14,7,7,614.6
21810007080000,50,26,24,1950
21820006537000,33,18,15,1293.6
21820006538000,5,3,2,313
21820006540000,1,1,0,0
21820006541000,6,1,5,177
21820006542000,3,2,1,0
21820006543000,2,1,1,0
21820006544000,5,3,2,333
21820006545000,21,12,9,991.2
21820006546000,11,5,6,442.2
21820006548000,3,2,1,0
21820006549000,21,14,7,997.5
21820006563000,4,2,2,0
21820006566000,6,4,2,279
21820006574000,9,5,4,493.2
21820006575000,13,8,5,542.1
21820006577000,7,4,3,287.7
21820006580000,2,1,1,0
21820006581000,2,1,1,0
21820006616000,1,1,0,0
21820006633000,5,2,3,249
21820006634000,13,5,8,564.2
21820006635000,2,1,1,0
21820006658000,9,5,4,324
21820006659000,14,6,8,620.2
21820006660000,5,3,2,280
21820006661000,11,5,6,501.6
21820006662000,19,11,8,868.3
21820006663000,90,42,48,4050
21820006665000,7,4,3,312.2
21820006666000,2,1,1,0
21820006691000,5,1,4,191
21820006692000,14,9,5,498.4
21820006695000,16,6,10,740.8
21820006696000,10,5,5,334
21820006697000,15,6,9,495
21820006717000,8,4,4,406.4
21820006718000,9,4,5,393.3
21820006719000,1,1,0,0
21820006728000,4,3,1,0
21820006758000,4,2,2,0
21820006761000,2,1,1,0
21820006773000,1,1,0,0
21820006774000,44,23,21,1773.2
21820006775000,29,18,11,1165.8
21820006776000,73,30,43,2350.6
21820006777000,3,1,2,0
21820006783000,8,5,3,276.8
21820006784000,7,2,5,237.3
21820006785000,12,5,7,537.6
21820006787000,6,5,1,139.2
21820006788000,33,14,19,1821.6
21820006789000,45,21,24,1606.5
21820006790000,130,58,72,5720
21820006791000,161,75,86,7003.5
21820006794000,12,6,6,441.6
21820006795000,33,18,15,1336.5
21820006796000,3,1,2,0
21820006869000,24,10,14,933.6
21820006871000,62,32,30,2250.6
21820006872000,22,12,10,959.2
21820006873000,2,1,1,0
21820006880000,5,3,2,310
21820006881000,3,2,1,0
21820006900000,5,3,2,211
21820006901000,7,4,3,184.1
21820006902000,34,17,17,1363.4
21820006909000,4,3,1,0
21820006913000,6,3,3,160.8
21820006960000,10,7,3,435
21820006961000,7,5,2,284.2
21820006969000,2,1,1,0
21820006978000,21,11,10,804.3
21820006993000,5,3,2,272
21820006997000,32,13,19,1884.8
21820006998000,296,128,168,16990.4
21820006999000,161,83,78,6262.9
21820007007000,5,4,1,215
21820007022000,1,1,0,0
21820007023000,8,5,3,364.8
21820007036000,14,5,9,614.6
21820007037000,6,4,2,388.8
21820007043000,17,9,8,727.6
21820007052000,1,1,0,0
21820007063000,2,1,1,0
21820007066000,14,9,5,544.6
21820007067000,6,4,2,216
21820007076000,41,23,18,1853.2
21820007079000,26,15,11,1110.2
21820007080000,61,26,35,2568.1
21830006535000,3,2,1,0
21830006536000,29,15,14,1180.3
21830006537000,13,7,6,426.4
21830006538000,7,4,3,312.9
21830006539000,5,3,2,201
21830006540000,3,2,1,0
21830006541000,6,5,1,327
21830006542000,6,3,3,337.2
21830006546000,10,6,4,450
21830006547000,26,16,10,1190.8
21830006549000,3,1,2,0
21830006566000,1,1,0,0
21830006574000,62,32,30,1946.8
21830006575000,66,34,32,1775.4
21830006580000,2,1,1,0
21830006633000,15,9,6,661.5
21830006635000,13,7,6,621.4
21830006637000,2,1,1,0
21830006651000,5,3,2,207
21830006653000,9,3,6,414.9
21830006655000,8,3,5,342.4
21830006656000,21,9,12,1056.3
21830006657000,7,3,4,296.8
21830006658000,18,11,7,734.4
21830006659000,10,3,7,553
21830006660000,1,1,0,0
21830006661000,1,1,0,0
21830006664000,19,12,7,758.1
21830006692000,13,7,6,464.1
21830006694000,25,12,13,1245
21830006695000,15,8,7,694.5
21830006696000,11,5,6,460.9
21830006717000,11,7,4,658.9
21830006718000,15,8,7,667.5
21830006760000,5,3,2,269
21830006773000,2,1,1,0
21830006774000,12,7,5,717.6
21830006775000,18,8,10,855
21830006776000,1,1,0,0
21830006784000,3,1,2,0
21830006785000,55,28,27,1837
21830006786000,60,30,30,2862
21830006787000,84,42,42,3460.8
21830006788000,34,17,17,1322.6
21830006789000,37,20,17,1413.4
21830006869000,30,14,16,1296
21830006871000,20,9,11,730
21830006872000,2,1,1,0
21830006873000,45,21,24,1296
21830006874000,7,3,4,191.8
21830006875000,4,1,3,0
21830006880000,12,8,4,596.4
21830006899000,6,4,2,274.2
21830006900000,23,12,11,913.1
21830006901000,1,1,0,0
21830006902000,53,29,24,2475.1
21830006908000,5,2,3,74
21830006959000,5,4,1,321
21830006960000,22,11,11,954.8
21830006977000,4,2,2,0
21830006993000,2,1,1,0
21830006994000,6,3,3,298.8
21830006998000,16,9,7,670.4
21830006999000,79,36,43,3183.7
21830007023000,12,4,8,645.6
21830007036000,11,6,5,588.5
21830007037000,57,29,28,1892.4
21830007038000,6,2,4,256.8
21830007044000,20,8,12,918
21830007053000,10,5,5,666
21830007066000,20,11,9,536
21830007076000,26,16,10,1209
21830007078000,2,1,1,0
21830007080000,21,13,8,651
21830007081000,15,10,5,568.5
21830007098000,24,13,11,1032
21840006536000,23,11,12,1094.8
21840006538000,7,3,4,338.8
21840006540000,3,2,1,0
21840006541000,4,1,3,0
21840006542000,4,2,2,0
21840006543000,3,2,1,0
21840006546000,6,3,3,235.2
21840006547000,19,10,9,632.7
21840006548000,3,2,1,0
21840006549000,3,2,1,0
21840006566000,1,1,0,0
21840006567000,9,5,4,317.7
21840006573000,22,10,12,1031.8
21840006574000,48,27,21,1699.2
21840006575000,10,4,6,510
21840006579000,45,25,20,1872
21840006633000,5,4,1,182
21840006635000,7,4,3,279.3
21840006650000,6,2,4,366
21840006651000,2,0,2,0
21840006652000,3,2,1,0
21840006653000,5,2,3,246
21840006654000,9,4,5,381.6
21840006655000,1,0,1,0
21840006656000,10,5,5,497
21840006657000,13,7,6,582.4
21840006658000,5,3,2,186
21840006659000,9,5,4,257.4
21840006663000,9,5,4,471.6
21840006664000,1,1,0,0
21840006690000,5,2,3,129
21840006691000,1,1,0,0
21840006692000,9,5,4,470.7
21840006693000,7,4,3,273.7
21840006694000,9,5,4,339.3
21840006716000,14,5,9,386.4
21840006718000,10,6,4,589
21840006758000,4,2,2,0
21840006760000,10,6,4,383
21840006761000,3,2,1,0
21840006771000,6,2,4,193.8
21840006772000,20,10,10,716
21840006773000,13,6,7,383.5
21840006774000,21,10,11,877.8
21840006775000,22,14,8,649
21840006780000,20,12,8,638
21840006783000,7,4,3,301.7
21840006784000,71,37,34,2967.8
21840006785000,108,57,51,3682.8
21840006787000,43,20,23,1806
21840006788000,5,4,1,249
21840006863000,3,1,2,0
21840006867000,4,2,2,0
21840006868000,3,1,2,0
21840006869000,2,1,1,0
21840006871000,1,1,0,0
21840006872000,18,10,8,633.6
21840006873000,32,21,11,1264
21840006874000,21,13,8,987
21840006878000,10,7,3,483
21840006879000,20,8,12,922
21840006880000,20,13,7,694
21840006881000,19,9,10,676.4
21840006884000,5,2,3,240
21840006899000,16,7,9,729.6
21840006900000,2,1,1,0
21840006901000,24,12,12,1214.4
21840006959000,22,13,9,783.2
21840006960000,6,3,3,223.2
21840006998000,73,38,35,2693.7
21840006999000,11,5,6,476.3
21840007007000,1,1,0,0
21840007008000,4,3,1,0
21840007021000,9,4,5,442.8
21840007037000,10,7,3,511
21840007038000,2,1,1,0
21840007039000,14,7,7,534.8
21840007040000,37,17,20,1557.7
21840007041000,16,7,9,507.2
21840007042000,13,7,6,611
21840007043000,4,2,2,0
21840007044000,34,17,17,1135.6
21840007065000,4,2,2,0
21840007068000,9,4,5,260.1
21840007069000,10,6,4,549
21840007076000,20,12,8,822
21840007077000,12,7,5,337.2
21840007081000,68,34,34,2407.2
21850006540000,1,1,0,0
21850006545000,1,1,0,0
21850006547000,18,9,9,597.6
21850006548000,17,8,9,596.7
21850006550000,4,3,1,0
21850006556000,4,2,2,0
21850006557000,3,1,2,0
21850006559000,1,0,1,0
21850006566000,12,6,6,266.4
21850006567000,36,17,19,1314
21850006568000,6,4,2,228
21850006569000,5,3,2,202
21850006570000,8,4,4,344
21850006573000,6,5,1,283.8
21850006574000,23,11,12,713
21850006575000,11,5,6,319
21850006576000,4,3,1,0
21850006577000,7,2,5,289.1
21850006578000,52,30,22,2022.8
21850006579000,4,4,0,0
21850006618000,3,3,0,0
21850006631000,2,2,0,0
21850006632000,23,13,10,947.6
21850006633000,3,2,1,0
21850006634000,2,1,1,0
21850006648000,3,1,2,0
21850006649000,16,9,7,619.2
21850006651000,6,2,4,211.2
21850006653000,3,2,1,0
21850006654000,11,5,6,414.7
21850006656000,8,4,4,379.2
21850006692000,11,6,5,720.5
21850006693000,32,14,18,1456
21850006694000,4,2,2,0
21850006760000,2,1,1,0
21850006761000,17,9,8,671.5
21850006762000,2,1,1,0
21850006772000,11,3,8,457.6
21850006773000,34,17,17,1509.6
21850006774000,48,23,25,1756.8
21850006775000,19,11,8,518.7
21850006779000,4,3,1,0
21850006780000,43,24,19,1853.3
21850006781000,31,16,15,1168.7
21850006782000,2,1,1,0
21850006783000,87,41,46,3601.8
21850006784000,130,65,65,5239
21850006785000,31,16,15,1202.8
21850006798000,2,1,1,0
21850006857000,3,2,1,0
21850006866000,4,3,1,0
21850006873000,25,15,10,1005
21850006874000,4,2,2,0
21850006877000,14,8,6,754.6
21850006878000,10,5,5,393
21850006879000,6,4,2,243
21850006880000,22,11,11,851.4
21850006899000,14,6,8,737.8
21850006900000,3,2,1,0
21850006901000,13,6,7,473.2
21850006958000,10,4,6,338
21850006959000,13,7,6,574.6
21850006998000,23,11,12,966
21850007008000,4,3,1,0
21850007020000,13,6,7,616.2
21850007021000,13,8,5,371.8
21850007037000,6,2,4,369
21850007038000,1,1,0,0
21850007041000,3,2,1,0
21850007042000,19,9,10,758.1
21850007044000,7,5,2,137.2
21850007053000,12,5,7,484.8
21850007064000,8,3,5,348.8
21850007065000,7,3,4,270.2
21850007066000,21,11,10,816.9
21850007069000,3,2,1,0
21850007070000,1,0,1,0
21850007076000,4,3,1,0
21850007081000,9,4,5,423.9
21850007082000,5,2,3,359
21860006544000,2,1,1,0
21860006545000,51,27,24,2519.4
21860006546000,9,5,4,321.3
21860006547000,3,2,1,0
21860006548000,5,3,2,121
21860006549000,62,29,33,2480
21860006550000,21,11,10,588
21860006555000,2,1,1,0
21860006556000,12,7,5,458.4
21860006560000,1,0,1,0
21860006563000,18,9,9,772.2
21860006566000,6,4,2,133.8
21860006567000,153,81,72,6793.2
21860006568000,5,3,2,276
21860006570000,15,7,8,652.5
21860006571000,17,10,7,569.5
21860006572000,25,14,11,895
21860006573000,49,24,25,2033.5
21860006574000,15,9,6,618
21860006575000,2,1,1,0
21860006576000,105,58,47,4893
21860006577000,254,127,127,9499.6
21860006578000,10,5,5,360
21860006586000,6,5,1,277.2
21860006631000,6,4,2,193.8
21860006632000,2,1,1,0
21860006633000,2,1,1,0
21860006648000,12,5,7,560.4
21860006649000,14,7,7,620.2
21860006650000,10,6,4,436
21860006651000,4,3,1,0
21860006654000,1,0,1,0
21860006655000,10,6,4,305
21860006656000,6,4,2,294
21860006691000,4,2,2,0
21860006692000,21,11,10,699.3
21860006693000,23,13,10,715.3
21860006714000,4,3,1,0
21860006761000,6,3,3,211.2
21860006762000,21,11,10,690.9
21860006772000,4,2,2,0
21860006774000,23,9,14,632.5
21860006779000,22,13,9,996.6
21860006780000,57,28,29,2000.7
21860006781000,39,22,17,1513.2
21860006782000,29,16,13,1151.3
21860006783000,12,5,7,411.6
21860006784000,21,9,12,934.5
21860006857000,3,2,1,0
21860006858000,7,5,2,231
21860006872000,8,6,2,350.4
21860006874000,46,24,22,2070
21860006876000,11,6,5,556.6
21860006877000,8,3,5,292
21860006897000,1,1,0,0
21860006899000,12,8,4,490.8
21860006900000,11,7,4,342.1
21860006958000,12,6,6,364.8
21860006998000,16,7,9,558.4
21860006999000,1,1,0,0
21860007037000,10,5,5,566
21860007045000,17,7,10,567.8
21860007046000,49,27,22,1666
21860007047000,4,3,1,0
21860007064000,3,2,1,0
21860007070000,4,2,2,0
21860007076000,7,4,3,459.2
21860007077000,3,1,2,0
21860007082000,36,19,17,972
21860007083000,18,11,7,1218.6
21870006536000,40,22,18,1500
21870006537000,18,6,12,509.4
21870006539000,1,1,0,0
21870006544000,12,6,6,645.6
21870006545000,112,59,53,4838.4
21870006546000,9,4,5,393.3
21870006547000,4,3,1,0
21870006548000,69,37,32,2753.1
21870006549000,196,107,89,7154
21870006552000,2,1,1,0
21870006553000,1,1,0,0
21870006554000,27,16,11,845.1
21870006563000,65,33,32,2262
21870006564000,152,85,67,5198.4
21870006565000,26,14,12,1216.8
21870006566000,2,1,1,0
21870006567000,13,5,8,725.4
21870006568000,17,9,8,797.3
21870006569000,20,11,9,876
21870006570000,6,3,3,258
21870006571000,22,11,11,895.4
21870006572000,3,1,2,0
21870006573000,70,36,34,2954
21870006574000,202,108,94,8403.2
21870006575000,115,58,57,4243.5
21870006576000,700,340,360,27440
21870006577000,196,96,100,7173.6
21870006620000,2,1,1,0
21870006621000,5,2,3,293
21870006622000,6,3,3,199.2
21870006631000,12,7,5,447.6
21870006632000,27,12,15,1069.2
21870006633000,17,6,11,644.3
21870006634000,4,1,3,0
21870006648000,16,8,8,873.6
21870006649000,58,27,31,2076.4
21870006654000,10,5,5,541
21870006655000,20,11,9,856
21870006656000,4,2,2,0
21870006687000,6,3,3,208.2
21870006689000,20,10,10,870
21870006690000,6,3,3,364.8
21870006691000,61,26,35,3300.1
21870006692000,94,48,46,4643.6
21870006693000,5,3,2,263
21870006712000,10,4,6,373
21870006713000,1,0,1,0
21870006714000,14,8,6,841.4
21870006761000,9,3,6,361.8
21870006762000,5,4,1,80
21870006772000,32,17,15,972.8
21870006773000,2,2,0,0
21870006774000,296,136,160,13142.4
21870006775000,108,50,58,4536
21870006776000,80,45,35,3608
21870006777000,11,4,7,454.3
21870006778000,21,12,9,810.6
21870006779000,51,25,26,2045.1
21870006780000,108,58,50,4741.2
21870006781000,11,6,5,500.5
21870006793000,5,2,3,168
21870006857000,19,11,8,731.5
21870006858000,26,13,13,1110.2
21870006861000,5,2,3,154
21870006872000,12,6,6,657.6
21870006873000,6,3,3,264
21870006874000,41,19,22,1607.2
21870006876000,28,14,14,1215.2
21870006877000,6,3,3,283.8
21870006897000,5,1,4,198
21870006898000,2,1,1,0
21870006899000,21,13,8,869.4
21870006900000,2,1,1,0
21870006902000,2,1,1,0
21870006904000,4,2,2,0
21870006957000,3,2,1,0
21870006958000,2,1,1,0
21870006976000,7,3,4,219.8
21870006998000,1,1,0,0
21870006999000,38,17,21,1466.8
21870007008000,2,1,1,0
21870007021000,4,2,2,0
21870007037000,1,1,0,0
21870007038000,6,3,3,181.8
21870007046000,31,14,17,1481.8
21870007053000,1,1,0,0
21870007054000,3,1,2,0
21870007068000,5,3,2,157
21870007070000,10,5,5,594
21870007077000,7,3,4,345.1
21870007083000,19,10,9,727.7
21870007084000,9,6,3,318.6
21870007088000,52,29,23,2121.6
21870007089000,3,1,2,0
21870007097000,5,4,1,187
21870007098000,19,9,10,1103.9
21880006537000,19,11,8,1056.4
21880006538000,3,2,1,0
21880006544000,14,10,4,572.6
21880006545000,8,4,4,463.2
21880006546000,44,28,16,2059.2
21880006547000,17,9,8,606.9
21880006548000,31,18,13,1317.5
21880006549000,9,3,6,288
21880006550000,3,1,2,0
21880006553000,1,1,0,0
21880006554000,18,10,8,957.6
21880006560000,2,1,1,0
21880006564000,595,300,295,23502.5
21880006565000,199,106,93,9432.6
21880006567000,8,4,4,404
21880006568000,20,10,10,726
21880006569000,16,8,8,614.4
21880006570000,11,7,4,293.7
21880006571000,6,4,2,238.2
21880006572000,33,18,15,1237.5
21880006573000,42,21,21,1944.6
21880006574000,1057,541,516,41540.1
21880006575000,826,447,379,25523.4
21880006576000,278,147,131,10675.2
21880006577000,211,110,101,8925.3
21880006584000,14,10,4,483
21880006586000,20,11,9,778
21880006600000,1,0,1,0
21880006622000,27,13,14,974.7
21880006623000,11,4,7,437.8
21880006631000,25,10,15,967.5
21880006648000,5,3,2,100
21880006649000,158,81,77,7094.2
21880006650000,8,5,3,228
21880006655000,18,11,7,617.4
21880006682000,3,2,1,0
21880006683000,14,8,6,459.2
21880006685000,11,7,4,641.3
21880006687000,7,2,5,396.2
21880006688000,13,8,5,581.1
21880006689000,4,2,2,0
21880006690000,7,3,4,307.3
21880006691000,40,21,19,1656
21880006692000,73,33,40,3379.9
21880006693000,5,3,2,160
21880006711000,7,4,3,377.3
21880006712000,29,19,10,1006.3
21880006763000,4,2,2,0
21880006772000,6,3,3,270
21880006773000,3,1,2,0
21880006774000,184,95,89,7268
21880006775000,390,190,200,16497
21880006776000,81,35,46,3021.3
21880006777000,63,34,29,2475.9
21880006778000,75,32,43,3285
21880006779000,45,22,23,1926
21880006780000,41,21,20,1709.7
21880006860000,1,1,0,0
21880006864000,3,3,0,0
21880006872000,16,7,9,720
21880006873000,6,2,4,246
21880006874000,4,3,1,0
21880006875000,36,17,19,1468.8
21880006876000,42,17,25,1755.6
21880006897000,18,9,9,646.2
21880006898000,41,20,21,1488.3
21880006899000,19,10,9,611.8
21880006956000,6,4,2,166.2
21880006957000,4,2,2,0
21880006975000,1,1,0,0
21880006999000,18,7,11,770.4
21880007009000,5,4,1,269
21880007038000,32,19,13,1299.2
21880007046000,1,1,0,0
21880007053000,5,3,2,251
21880007063000,3,2,1,0
21880007070000,18,10,8,804.6
21880007072000,24,11,13,818.4
21880007078000,6,4,2,142.2
21880007083000,35,19,16,1242.5
21880007084000,110,58,52,3872
21880007086000,42,20,22,1537.2
21880007087000,7,4,3,317.8
21880007088000,8,4,4,490.4
21880007089000,33,15,18,1280.4
21880007090000,32,17,15,870.4
21880007096000,6,3,3,223.2
21880007097000,137,69,68,6055.4
21880007098000,7,2,5,452.9
21890006545000,6,3,3,174
21890006546000,1,1,0,0
21890006547000,73,35,38,2890.8
21890006548000,1,1,0,0
21890006549000,31,13,18,1333
21890006550000,118,48,70,6537.2
21890006551000,19,8,11,782.8
21890006554000,13,8,5,456.3
21890006560000,6,3,3,240
21890006561000,1,1,0,0
21890006563000,190,97,93,7657
21890006564000,168,85,83,6434.4
21890006568000,12,5,7,483.6
21890006569000,2,1,1,0
21890006570000,13,9,4,620.1
21890006571000,7,4,3,378.7
21890006573000,17,10,7,664.7
21890006574000,127,64,63,4851.4
21890006575000,982,489,493,37414.2
21890006576000,1698,782,916,76579.8
21890006577000,2707,1252,1455,99888.3
21890006578000,178,89,89,7547.2
21890006579000,29,16,13,1041.1
21890006580000,12,6,6,357.6
21890006581000,37,19,18,1317.2
21890006582000,80,40,40,3176
21890006583000,22,11,11,998.8
21890006584000,25,10,15,970
21890006585000,7,4,3,280.7
21890006586000,3,1,2,0
21890006597000,15,9,6,357
21890006598000,2,1,1,0
21890006599000,2,1,1,0
21890006602000,1,1,0,0
21890006622000,3,2,1,0
21890006623000,12,4,8,309.6
21890006630000,3,1,2,0
21890006631000,3,2,1,0
21890006646000,4,3,1,0
21890006647000,5,3,2,288
21890006648000,18,9,9,889.2
21890006653000,2,1,1,0
21890006655000,7,5,2,401.8
21890006656000,5,3,2,153
21890006683000,40,22,18,1352
21890006684000,23,11,12,924.6
21890006685000,25,14,11,1105
21890006686000,7,2,5,326.9
21890006687000,8,3,5,388.8
21890006691000,4,2,2,0
21890006692000,9,5,4,353.7
21890006712000,18,10,8,1078.2
21890006745000,4,2,2,0
21890006762000,3,2,1,0
21890006771000,3,2,1,0
21890006772000,11,7,4,423.5
21890006773000,5,2,3,242
21890006774000,463,219,244,20742.4
21890006775000,90,41,49,3933
21890006776000,4,2,2,0
21890006778000,8,3,5,314.4
21890006858000,4,1,3,0
21890006872000,4,3,1,0
21890006873000,109,47,62,4872.3
21890006874000,704,322,382,34988.8
21890006875000,102,59,43,3947.4
21890006897000,22,14,8,814
21890006898000,41,21,20,1455.5
21890006899000,3,2,1,0
21890006944000,5,1,4,137
21890006955000,5,2,3,119
21890006956000,8,3,5,294.4
21890006999000,29,14,15,1145.5
21890007009000,8,3,5,267.2
21890007021000,10,6,4,523
21890007038000,3,1,2,0
21890007039000,1,0,1,0
21890007054000,5,2,3,214
21890007063000,25,13,12,1162.5
21890007070000,157,83,74,5950.3
21890007072000,28,16,12,1215.2
21890007084000,8,4,4,470.4
21890007085000,38,21,17,1273
21890007086000,8,4,4,378.4
21890007087000,24,14,10,888
21890007088000,58,29,29,2430.2
21890007089000,63,28,35,2967.3
21890007090000,8,4,4,427.2
21890007097000,70,39,31,3444
21890007098000,2,1,1,0
21900006545000,20,12,8,772
21900006546000,36,20,16,1692
21900006547000,44,20,24,2147.2
21900006548000,1,1,0,0
21900006549000,27,12,15,869.4
21900006550000,37,21,16,1250.6
21900006551000,6,3,3,349.2
21900006554000,29,13,16,1000.5
21900006556000,6,2,4,154.2
21900006557000,8,4,4,395.2
21900006558000,2,1,1,0
21900006559000,38,21,17,1330
21900006560000,37,22,15,1369
21900006561000,13,8,5,601.9
21900006566000,122,63,59,5014.2
21900006567000,15,8,7,645
21900006568000,12,6,6,567.6
21900006572000,23,14,9,846.4
21900006573000,487,244,243,19577.4
21900006574000,1175,559,616,44885
21900006575000,1054,521,533,43319.4
21900006576000,1200,607,593,48720
21900006577000,315,156,159,11308.5
21900006578000,134,63,71,5025
21900006579000,297,156,141,9207
21900006580000,331,170,161,10658.2
21900006581000,84,43,41,3637.2
21900006582000,117,66,51,4235.4
21900006583000,139,67,72,5532.2
21900006584000,35,17,18,1690.5
21900006585000,45,24,21,1710
21900006586000,14,7,7,572.6
21900006587000,5,1,4,145
21900006596000,4,3,1,0
21900006597000,8,3,5,334.4
21900006602000,9,6,3,248.4
21900006603000,4,2,2,0
21900006623000,1,1,0,0
21900006631000,3,1,2,0
21900006646000,20,8,12,728
21900006647000,6,2,4,274.8
21900006650000,44,21,23,1592.8
21900006651000,1,1,0,0
21900006658000,3,2,1,0
21900006660000,7,4,3,436.8
21900006661000,1,0,1,0
21900006678000,8,3,5,242.4
21900006679000,19,12,7,704.9
21900006680000,20,10,10,550
21900006681000,11,6,5,414.7
21900006683000,13,7,6,340.6
21900006684000,3,2,1,0
21900006690000,4,2,2,0
21900006711000,13,6,7,712.4
21900006712000,14,8,6,719.6
21900006767000,11,9,2,558.8
21900006768000,9,4,5,291.6
21900006771000,3,1,2,0
21900006772000,78,36,42,3026.4
21900006773000,147,70,77,6056.4
21900006774000,325,160,165,14365
21900006775000,33,16,17,1560.9
21900006872000,15,8,7,618
21900006873000,60,31,29,2940
21900006874000,329,152,177,14245.7
21900006875000,88,48,40,4171.2
21900006895000,12,7,5,416.4
21900006897000,2,1,1,0
21900006898000,21,12,9,917.7
21900006945000,2,1,1,0
21900006946000,3,1,2,0
21900006954000,6,3,3,292.2
21900006955000,5,1,4,99
21900006999000,15,10,5,681
21900007009000,4,1,3,0
21900007021000,17,9,8,782
21900007022000,5,2,3,283
21900007038000,16,6,10,723.2
21900007063000,9,6,3,340.2
21900007070000,28,16,12,1036
21900007071000,3,1,2,0
21900007072000,22,12,10,904.2
21900007073000,18,9,9,842.4
21900007085000,23,12,11,1127
21900007087000,2,1,1,0
21900007088000,38,22,16,1561.8
21900007089000,1,0,1,0
21910006546000,4,3,1,0
21910006547000,2,1,1,0
21910006548000,52,26,26,1991.6
21910006549000,10,4,6,334
21910006550000,17,9,8,644.3
21910006551000,26,10,16,733.2
21910006553000,7,4,3,247.8
21910006554000,11,7,4,386.1
21910006555000,5,3,2,281
21910006557000,15,10,5,465
21910006558000,7,5,2,298.2
21910006559000,78,38,40,3346.2
21910006560000,11,5,6,353.1
21910006566000,32,16,16,1145.6
21910006567000,26,16,10,1138.8
21910006568000,119,65,54,5033.7
21910006569000,561,276,285,21486.3
21910006570000,9,3,6,430.2
21910006571000,22,13,9,748
21910006572000,330,171,159,13365
21910006573000,880,434,446,35112
21910006574000,615,253,362,25276.5
21910006575000,2130,1089,1041,86691
21910006576000,2423,1113,1310,112669.5
21910006577000,733,356,377,28147.2
21910006578000,886,425,461,31275.8
21910006579000,475,227,248,17670
21910006580000,87,45,42,3915
21910006581000,40,18,22,1576
21910006582000,11,5,6,453.2
21910006584000,4,3,1,0
21910006596000,2,1,1,0
21910006630000,18,10,8,813.6
21910006631000,65,34,31,2372.5
21910006646000,24,10,14,912
21910006647000,8,1,7,352
21910006649000,9,4,5,349.2
21910006650000,5,3,2,203
21910006651000,6,4,2,345
21910006657000,6,5,1,345
21910006658000,14,8,6,540.4
21910006659000,25,14,11,1080
21910006662000,5,2,3,112
21910006673000,3,1,2,0
21910006674000,6,2,4,216
21910006675000,11,8,3,573.1
21910006676000,8,4,4,275.2
21910006677000,10,6,4,629
21910006678000,24,10,14,1051.2
21910006679000,89,38,51,3862.6
21910006680000,120,55,65,4476
21910006711000,5,4,1,207
21910006760000,5,3,2,132
21910006766000,8,4,4,434.4
21910006767000,39,22,17,1372.8
21910006768000,80,41,39,2984
21910006769000,18,10,8,698.4
21910006770000,10,6,4,400
21910006772000,138,69,69,5920.2
21910006773000,455,233,222,17108
21910006774000,2,2,0,0
21910006775000,7,3,4,240.8
21910006853000,3,2,1,0
21910006856000,5,2,3,315
21910006857000,29,17,12,1299.2
21910006858000,7,5,2,410.2
21910006859000,7,6,1,350.7
21910006872000,4,3,1,0
21910006873000,38,23,15,1797.4
21910006874000,194,97,97,6984
21910006875000,17,8,9,749.7
21910006894000,6,3,3,139.8
21910006895000,16,8,8,475.2
21910006896000,1,1,0,0
21910006897000,40,16,24,1464
21910006898000,76,35,41,3055.2
21910006954000,9,4,5,459
21910006999000,42,23,19,1554
21910007021000,45,23,22,1926
21910007035000,13,7,6,404.3
21910007038000,3,2,1,0
21910007039000,18,10,8,552.6
21910007047000,17,8,9,766.7
21910007054000,2,1,1,0
21910007063000,8,5,3,371.2
21910007071000,15,10,5,633
21910007072000,37,17,20,1631.7
21910007073000,22,12,10,1135.2
21910007077000,67,36,31,2452.2
21910007078000,1,1,0,0
21910007085000,12,9,3,447.6
21910007086000,49,28,21,1607.2
21910007087000,4,2,2,0
21910007088000,2,1,1,0
21910007089000,2,1,1,0
21920006548000,2,1,1,0
21920006549000,47,21,26,2138.5
21920006550000,10,5,5,500
21920006551000,37,21,16,1354.2
21920006552000,9,5,4,315
21920006553000,4,3,1,0
21920006555000,32,17,15,1174.4
21920006557000,36,18,18,1494
21920006558000,11,5,6,360.8
21920006559000,44,22,22,1496
21920006560000,30,15,15,1305
21920006566000,8,4,4,343.2
21920006567000,428,233,195,16606.4
21920006568000,897,435,462,37763.7
21920006569000,1532,745,787,53773.2
21920006570000,199,103,96,8059.5
21920006571000,137,58,79,6576
21920006572000,1502,723,779,56174.8
21920006573000,2148,1064,1084,85060.8
21920006574000,1366,642,724,56006
21920006575000,2071,1070,1001,83254.2
21920006576000,2135,1050,1085,85827
21920006577000,513,239,274,22623.3
21920006578000,149,75,74,5796.1
21920006579000,42,24,18,1827
21920006580000,50,28,22,2005
21920006581000,34,20,14,1543.6
21920006582000,34,21,13,1370.2
21920006610000,2,1,1,0
21920006623000,8,5,3,274.4
21920006627000,4,2,2,0
21920006630000,18,10,8,720
21920006631000,36,20,16,1227.6
21920006645000,5,4,1,262
21920006646000,20,11,9,986
21920006647000,2,1,1,0
21920006648000,5,3,2,231
21920006651000,13,7,6,327.6
21920006653000,3,2,1,0
21920006654000,3,1,2,0
21920006655000,5,3,2,230
21920006656000,3,2,1,0
21920006657000,5,4,1,169
21920006658000,24,13,11,936
21920006660000,9,5,4,545.4
21920006661000,21,10,11,722.4
21920006662000,1,1,0,0
21920006671000,6,4,2,199.8
21920006672000,13,5,8,669.5
21920006673000,23,10,13,949.9
21920006674000,43,26,17,1728.6
21920006675000,12,6,6,540
21920006676000,20,9,11,930
21920006677000,30,14,16,1368
21920006678000,16,9,7,769.6
21920006679000,8,5,3,339.2
21920006711000,4,3,1,0
21920006712000,4,2,2,0
21920006713000,19,11,8,596.6
21920006740000,4,3,1,0
21920006766000,16,8,8,760
21920006767000,41,20,21,1845
21920006768000,20,12,8,574
21920006769000,2,1,1,0
21920006771000,30,18,12,1119
21920006772000,107,49,58,4804.3
21920006773000,10,6,4,272
21920006851000,3,2,1,0
21920006857000,6,4,2,271.8
21920006858000,37,19,18,2031.3
21920006859000,5,4,1,148
21920006870000,1,1,0,0
21920006872000,29,15,14,1203.5
21920006873000,13,8,5,652.6
21920006874000,34,19,15,1370.2
21920006875000,2,1,1,0
21920006893000,10,4,6,388
21920006894000,11,5,6,364.1
21920006895000,16,6,10,769.6
21920006896000,49,24,25,2185.4
21920006897000,18,8,10,709.2
21920006898000,33,18,15,1755.6
21920006953000,8,3,5,295.2
21920006954000,12,6,6,516
21920006998000,5,3,2,228
21920006999000,72,41,31,2664
21920007000000,6,2,4,246
21920007021000,27,12,15,915.3
21920007038000,3,2,1,0
21920007039000,27,13,14,1287.9
21920007047000,2,1,1,0
21920007048000,1,1,0,0
21920007054000,4,2,2,0
21920007064000,10,5,5,595
21920007071000,18,9,9,822.6
21920007072000,29,19,10,1044
21920007073000,68,40,28,2584
21920007077000,157,78,79,6201.5
21920007078000,14,8,6,442.4
21920007086000,10,3,7,351
21920007088000,10,4,6,495
21930006549000,53,26,27,2040.5
21930006550000,2,1,1,0
21930006551000,8,4,4,422.4
21930006552000,42,19,23,1633.8
21930006553000,40,22,18,1756
21930006554000,7,5,2,268.1
21930006555000,37,20,17,1413.4
21930006556000,46,24,22,1881.4
21930006557000,465,254,211,14880
21930006560000,13,7,6,572
21930006561000,36,19,17,1458
21930006562000,50,26,24,1870
21930006563000,63,32,31,2217.6
21930006564000,1011,513,498,37912.5
21930006565000,170,92,78,6273
21930006566000,1251,630,621,49164.3
21930006567000,1674,826,848,73823.4
21930006568000,2124,984,1140,90270
21930006569000,1430,686,744,56199
21930006570000,1153,577,576,43698.7
21930006571000,417,218,199,16763.4
21930006572000,1008,504,504,40622.4
21930006573000,706,349,357,29016.6
21930006574000,1293,616,677,51202.8
21930006575000,1046,530,516,38283.6
21930006576000,328,164,164,11348.8
21930006577000,51,25,26,2386.8
21930006578000,152,78,74,6034.4
21930006579000,17,8,9,688.5
21930006580000,17,10,7,511.7
21930006581000,27,10,17,610.2
21930006604000,1,1,0,0
21930006612000,1,1,0,0
21930006622000,1,1,0,0
21930006630000,13,10,3,552.5
21930006631000,22,15,7,917.4
21930006645000,11,5,6,327.8
21930006646000,15,10,5,702
21930006651000,2,1,1,0
21930006653000,18,11,7,1114.2
21930006654000,18,7,11,734.4
21930006655000,18,13,5,804.6
21930006658000,7,5,2,163.8
21930006665000,9,5,4,361.8
21930006670000,1,1,0,0
21930006671000,25,13,12,1045
21930006673000,21,9,12,798
21930006674000,28,18,10,1285.2
21930006712000,5,3,2,270
21930006713000,26,16,10,1242.8
21930006714000,7,2,5,359.1
21930006767000,56,29,27,2553.6
21930006768000,16,9,7,508.8
21930006770000,10,5,5,484
21930006771000,28,14,14,1173.2
21930006772000,16,8,8,612.8
21930006849000,16,8,8,584
21930006850000,31,16,15,1376.4
21930006851000,11,5,6,611.6
21930006855000,4,3,1,0
21930006857000,7,6,1,221.9
21930006858000,2,1,1,0
21930006859000,12,7,5,607.2
21930006870000,2,1,1,0
21930006871000,12,6,6,470.4
21930006872000,41,24,17,1525.2
21930006873000,4,3,1,0
21930006874000,5,4,1,149
21930006891000,19,11,8,744.8
21930006892000,25,12,13,887.5
21930006893000,1,0,1,0
21930006894000,21,12,9,686.7
21930006895000,85,39,46,3893
21930006896000,414,210,204,17719.2
21930006897000,444,221,223,18870
21930006945000,2,1,1,0
21930006952000,1,1,0,0
21930006999000,40,21,19,1580
21930007019000,3,1,2,0
21930007039000,3,1,2,0
21930007047000,10,6,4,253
21930007053000,4,1,3,0
21930007064000,2,1,1,0
21930007071000,61,36,25,2318
21930007072000,44,19,25,1804
21930007073000,60,28,32,2184
21930007077000,5,3,2,297
21930007078000,85,49,36,2380
21930007087000,39,20,19,1501.5
21930007089000,10,5,5,514
21940006550000,6,4,2,187.2
21940006551000,19,11,8,792.3
21940006552000,1,0,1,0
21940006553000,30,17,13,1161
21940006554000,4,3,1,0
21940006555000,56,24,32,2620.8
21940006556000,286,143,143,10868
21940006557000,619,307,312,22098.3
21940006558000,27,17,10,872.1
21940006560000,139,73,66,5115.2
21940006561000,553,278,275,19189.1
21940006562000,97,43,54,3094.3
21940006563000,844,428,416,30299.6
21940006564000,1545,744,801,62881.5
21940006565000,1317,632,685,49650.9
21940006566000,1176,561,615,48451.2
21940006567000,2076,1004,1072,94042.8
21940006568000,1878,902,976,79439.4
21940006569000,1514,744,770,63436.6
21940006570000,936,475,461,36129.6
21940006571000,1432,664,768,60287.2
21940006572000,270,129,141,10098
21940006573000,27,12,15,1215
21940006574000,5,1,4,301
21940006575000,24,13,11,1147.2
21940006576000,235,119,116,9682
21940006577000,20,10,10,758
21940006578000,101,51,50,3605.7
21940006579000,41,22,19,1709.7
21940006580000,21,11,10,942.9
21940006581000,18,11,7,752.4
21940006586000,6,2,4,231
21940006587000,15,9,6,465
21940006613000,9,5,4,288
21940006630000,28,13,15,1190
21940006631000,31,15,16,1298.9
21940006632000,12,7,5,549.6
21940006639000,4,2,2,0
21940006642000,6,2,4,262.8
21940006644000,28,15,13,1184.4
21940006645000,10,5,5,457
21940006646000,18,9,9,858.6
21940006651000,5,3,2,303
21940006653000,32,15,17,1529.6
21940006654000,54,25,29,2262.6
21940006656000,6,3,3,250.8
21940006657000,6,4,2,262.8
21940006658000,4,1,3,0
21940006659000,5,3,2,96
21940006665000,7,3,4,396.2
21940006670000,9,5,4,521.1
21940006671000,3,2,1,0
21940006672000,3,2,1,0
21940006673000,4,1,3,0
21940006711000,10,6,4,428
21940006712000,13,9,4,578.5
21940006713000,37,19,18,1835.2
21940006714000,4,3,1,0
21940006746000,2,1,1,0
21940006760000,1,0,1,0
21940006766000,18,10,8,516.6
21940006767000,26,15,11,1068.6
21940006769000,9,3,6,245.7
21940006770000,8,3,5,255.2
21940006848000,2,1,1,0
21940006849000,11,6,5,544.5
21940006850000,2,1,1,0
21940006858000,6,3,3,273
21940006859000,36,17,19,1339.2
21940006864000,2,1,1,0
21940006865000,1,1,0,0
21940006871000,44,17,27,1900.8
21940006872000,48,24,24,1536
21940006873000,4,2,2,0
21940006891000,31,17,14,1035.4
21940006892000,65,31,34,2801.5
21940006893000,27,17,10,1250.1
21940006896000,140,71,69,6356
21940006897000,93,49,44,3069
21940006943000,2,1,1,0
21940006944000,8,3,5,338.4
21940006945000,6,4,2,217.2
21940006951000,6,3,3,226.2
21940006952000,3,1,2,0
21940006999000,33,16,17,1554.3
21940007000000,12,6,6,405.6
21940007021000,6,4,2,310.2
21940007047000,7,4,3,350.7
21940007065000,6,3,3,165
21940007066000,1,1,0,0
21940007071000,19,11,8,575.7
21940007072000,22,10,12,877.8
21940007073000,15,6,9,505.5
21940007077000,17,10,7,700.4
21940007078000,281,135,146,10003.6
21940007079000,15,9,6,433.5
21940007085000,10,4,6,368
21940007087000,2,1,1,0
21940007088000,70,34,36,2639
21940007089000,47,27,20,1767.2
21950006551000,6,3,3,192
21950006552000,25,12,13,960
21950006553000,43,19,24,1775.9
21950006554000,23,12,11,851
21950006555000,29,13,16,980.2
21950006556000,867,412,455,36760.8
21950006557000,970,495,475,40449
21950006558000,728,367,361,26280.8
21950006559000,130,60,70,5096
21950006560000,848,425,423,31460.8
21950006561000,1467,733,734,55159.2
21950006562000,1164,591,573,47374.8
21950006563000,1002,506,496,39679.2
21950006564000,1127,539,588,48573.7
21950006565000,288,144,144,13219.2
21950006566000,354,179,175,13912.2
21950006567000,376,187,189,14739.2
21950006568000,1214,625,589,46739
21950006569000,741,368,373,27268.8
21950006570000,859,401,458,42950
21950006571000,47,20,27,1663.8
21950006572000,22,12,10,1023
21950006573000,13,6,7,464.1
21950006574000,68,35,33,2400.4
21950006575000,7,3,4,326.9
21950006577000,8,5,3,311.2
21950006578000,13,8,5,652.6
21950006579000,76,42,34,2956.4
21950006580000,29,14,15,1078.8
21950006581000,10,5,5,383
21950006586000,15,8,7,549
21950006587000,89,45,44,3017.1
21950006588000,6,4,2,135
21950006613000,12,7,5,374.4
21950006614000,32,18,14,1184
21950006615000,8,5,3,308
21950006620000,11,6,5,520.3
21950006621000,36,22,14,1670.4
21950006622000,281,144,137,10930.9
21950006623000,23,8,15,736
21950006631000,21,12,9,1058.4
21950006632000,7,5,2,186.9
21950006635000,4,2,2,0
21950006637000,7,4,3,441.7
21950006638000,13,7,6,581.1
21950006639000,23,14,9,874
21950006640000,67,37,30,3082
21950006641000,19,10,9,718.2
21950006642000,3,1,2,0
21950006643000,14,6,8,428.4
21950006644000,4,1,3,0
21950006645000,15,9,6,591
21950006646000,9,3,6,387
21950006649000,6,4,2,274.8
21950006650000,2,2,0,0
21950006651000,5,2,3,134
21950006653000,10,6,4,474
21950006656000,7,4,3,520.8
21950006657000,6,2,4,262.8
21950006658000,1,0,1,0
21950006663000,1,0,1,0
21950006664000,5,2,3,143
21950006665000,2,1,1,0
21950006670000,12,7,5,398.4
21950006672000,47,25,22,1828.3
21950006673000,31,13,18,1116
21950006674000,20,11,9,842
21950006675000,5,3,2,237
21950006711000,61,28,33,2372.9
21950006712000,137,59,78,6247.2
21950006713000,107,50,57,4387
21950006757000,20,10,10,736
21950006766000,53,26,27,2104.1
21950006767000,1,1,0,0
21950006768000,32,17,15,1417.6
21950006769000,2,1,1,0
21950006779000,5,2,3,269
21950006780000,1,0,1,0
21950006858000,21,9,12,693
21950006859000,19,9,10,687.8
21950006860000,3,3,0,0
21950006865000,2,1,1,0
21950006870000,48,23,25,1910.4
21950006871000,67,36,31,2921.2
21950006872000,39,22,17,2000.7
21950006873000,17,10,7,758.2
21950006889000,7,4,3,214.9
21950006890000,34,17,17,1190
21950006891000,16,6,10,718.4
21950006892000,6,5,1,201
21950006946000,4,1,3,0
21950006950000,10,4,6,415
21950006951000,17,8,9,673.2
21950006999000,16,8,8,812.8
21950007000000,12,6,6,482.4
21950007021000,10,6,4,432
21950007022000,2,1,1,0
21950007045000,2,2,0,0
21950007065000,6,2,4,253.8
21950007066000,7,2,5,303.8
21950007067000,6,3,3,274.8
21950007068000,23,13,10,828
21950007069000,79,38,41,2970.4
21950007070000,16,9,7,644.8
21950007071000,6,4,2,322.2
21950007072000,3,2,1,0
21950007073000,47,28,19,1673.2
21950007078000,212,97,115,9434
21950007079000,25,15,10,680
21950007080000,195,87,108,7098
21950007081000,422,202,220,18146
21950007082000,132,65,67,5253.6
21950007083000,46,24,22,1748
21950007084000,109,48,61,4196.5
21950007085000,115,61,54,4726.5
21950007086000,80,39,41,3224
21950007087000,14,6,8,504
21950007088000,10,5,5,598
21950007089000,22,11,11,1012
21960006553000,15,7,8,469.5
21960006554000,944,479,465,30963.2
21960006555000,1011,507,504,36598.2
21960006556000,691,335,356,31025.9
21960006557000,326,167,159,14409.2
21960006558000,846,421,425,36124.2
21960006560000,186,81,105,7254
21960006561000,378,192,186,11604.6
21960006562000,297,141,156,10870.2
21960006563000,526,244,282,24406.4
21960006564000,981,484,497,34923.6
21960006565000,786,380,406,30418.2
21960006566000,415,202,213,14815.5
21960006567000,19,10,9,566.2
21960006568000,53,17,36,1892.1
21960006569000,271,133,138,9701.8
21960006570000,58,33,25,1890.8
21960006571000,34,18,16,1611.6
21960006572000,56,28,28,2514.4
21960006573000,15,7,8,847.5
21960006574000,20,11,9,1056
21960006580000,2,1,1,0
21960006585000,2,1,1,0
21960006586000,41,20,21,1558
21960006587000,62,32,30,2523.4
21960006588000,22,12,10,679.8
21960006591000,2,1,1,0
21960006592000,9,4,5,354.6
21960006614000,26,14,12,1016.6
21960006615000,12,6,6,368.4
21960006616000,36,18,18,1792.8
21960006617000,2,2,0,0
21960006620000,2,1,1,0
21960006621000,49,25,24,1783.6
21960006622000,186,91,95,8760.6
21960006629000,1,0,1,0
21960006630000,15,6,9,672
21960006631000,7,3,4,378.7
21960006632000,36,22,14,1476
21960006633000,37,24,13,1091.5
21960006634000,11,7,4,277.2
21960006635000,21,12,9,837.9
21960006636000,11,6,5,523.6
21960006637000,24,15,9,1060.8
21960006638000,34,14,20,1655.8
21960006639000,36,16,20,1198.8
21960006640000,221,117,104,9171.5
21960006641000,118,56,62,4035.6
21960006642000,47,28,19,2303
21960006643000,23,13,10,922.3
21960006644000,25,10,15,607.5
21960006645000,226,93,133,10124.8
21960006646000,255,133,122,8440.5
21960006648000,13,7,6,673.4
21960006652000,2,1,1,0
21960006655000,5,2,3,208
21960006657000,11,6,5,364.1
21960006664000,8,4,4,232
21960006665000,12,7,5,499.2
21960006668000,11,6,5,543.4
21960006669000,5,2,3,266
21960006670000,7,5,2,140.7
21960006671000,1,1,0,0
21960006672000,6,5,1,421.8
21960006689000,12,8,4,334.8
21960006708000,6,4,2,192
21960006709000,15,7,8,733.5
21960006710000,5,2,3,271
21960006711000,7,4,3,392.7
21960006712000,57,29,28,2627.7
21960006757000,11,5,6,469.7
21960006758000,8,5,3,320.8
21960006766000,65,33,32,2814.5
21960006767000,152,68,84,6946.4
21960006768000,73,37,36,3270.4
21960006769000,2,1,1,0
21960006782000,4,1,3,0
21960006859000,19,11,8,862.6
21960006860000,30,13,17,1347
21960006869000,17,9,8,671.5
21960006870000,25,14,11,1175
21960006871000,8,4,4,422.4
21960006872000,9,5,4,340.2
21960006881000,3,2,1,0
21960006887000,2,1,1,0
21960006888000,5,2,3,205
21960006889000,20,9,11,734
21960006890000,20,11,9,960
21960006891000,6,4,2,213
21960006947000,3,2,1,0
21960006949000,13,6,7,482.3
21960006950000,4,2,2,0
21960006999000,18,11,7,694.8
21960007000000,30,14,16,1329
21960007021000,5,4,1,306
21960007022000,3,0,3,0
21960007031000,5,4,1,165
21960007045000,4,2,2,0
21960007066000,2,0,2,0
21960007067000,3,2,1,0
21960007068000,6,3,3,139.8
21960007071000,8,4,4,362.4
21960007080000,27,13,14,915.3
21960007082000,8,5,3,560.8
21960007083000,35,19,16,1214.5
21960007084000,4,1,3,0
21960007085000,8,4,4,348
21960007086000,6,3,3,219
21970006552000,551,291,260,21984.9
21970006553000,739,362,377,27786.4
21970006554000,336,171,165,14884.8
21970006555000,475,237,238,20567.5
21970006557000,204,104,100,8180.4
21970006560000,21,12,9,777
21970006561000,190,100,90,5871
21970006562000,102,59,43,4222.8
21970006563000,154,75,79,6113.8
21970006564000,179,84,95,6587.2
21970006565000,38,20,18,1926.6
21970006566000,18,9,9,669.6
21970006568000,6,2,4,196.2
21970006569000,42,20,22,1499.4
21970006570000,53,33,20,2014
21970006571000,33,16,17,1485
21970006572000,8,5,3,292
21970006574000,8,4,4,364
21970006575000,22,12,10,679.8
21970006580000,6,3,3,295.2
21970006581000,104,61,43,3380
21970006584000,40,20,20,1988
21970006585000,22,11,11,1018.6
21970006614000,13,7,6,642.2
21970006615000,4,2,2,0
21970006616000,39,22,17,1505.4
21970006617000,10,7,3,442
21970006619000,13,7,6,530.4
21970006620000,45,22,23,1809
21970006621000,80,38,42,3200
21970006622000,112,57,55,3852.8
21970006623000,197,99,98,6402.5
21970006624000,603,288,315,23034.6
21970006625000,453,230,223,18527.7
21970006626000,14,7,7,674.8
21970006627000,455,224,231,21385
21970006628000,721,377,344,26460.7
21970006629000,50,29,21,1925
21970006630000,65,36,29,2476.5
21970006631000,34,17,17,1672.8
21970006632000,51,26,25,1978.8
21970006634000,4,3,1,0
21970006636000,8,4,4,284.8
21970006637000,18,8,10,630
21970006638000,6,1,5,222
21970006639000,13,8,5,544.7
21970006641000,5,3,2,274
21970006642000,15,9,6,480
21970006648000,2,1,1,0
21970006649000,1,0,1,0
21970006654000,2,1,1,0
21970006656000,7,5,2,441
21970006661000,8,5,3,132
21970006666000,3,1,2,0
21970006668000,10,5,5,412
21970006669000,2,2,0,0
21970006670000,10,5,5,194
21970006685000,2,1,1,0
21970006707000,6,3,3,318
21970006708000,17,10,7,884
21970006709000,2,1,1,0
21970006710000,26,12,14,990.6
21970006747000,1,0,1,0
21970006756000,12,6,6,580.8
21970006757000,2,2,0,0
21970006762000,1,1,0,0
21970006766000,215,105,110,8836.5
21970006767000,225,103,122,10057.5
21970006768000,46,27,19,1817
21970006769000,2,1,1,0
21970006770000,3,2,1,0
21970006776000,1,0,1,0
21970006782000,41,25,16,1521.1
21970006859000,18,9,9,680.4
21970006860000,24,13,11,943.2
21970006861000,33,16,17,1353
21970006867000,23,11,12,959.1
21970006868000,15,7,8,756
21970006869000,14,6,8,576.8
21970006870000,5,3,2,246
21970006871000,2,1,1,0
21970006885000,12,6,6,483.6
21970006887000,13,9,4,503.1
21970006888000,36,15,21,1641.6
21970006889000,25,16,9,917.5
21970006890000,25,14,11,862.5
21970006948000,45,25,20,1993.5
21970006949000,42,18,24,1776.6
21970006965000,3,1,2,0
21970007000000,19,10,9,750.5
21970007001000,1,0,1,0
21970007021000,2,1,1,0
21970007022000,39,19,20,1766.7
21970007041000,7,4,3,184.1
21970007044000,3,1,2,0
21970007045000,6,4,2,238.2
21970007046000,1,1,0,0
21970007054000,8,3,5,226.4
21970007069000,3,1,2,0
21970007070000,35,20,15,1417.5
21970007071000,5,4,1,177
21970007080000,1,0,1,0
21970007085000,43,19,24,1720
21970007086000,12,6,6,463.2
21980006551000,733,365,368,32398.6
21980006552000,790,402,388,33259
21980006553000,522,262,260,19940.4
21980006554000,7,5,2,235.2
21980006556000,5,2,3,313
21980006557000,125,64,61,5437.5
21980006559000,2,2,0,0
21980006560000,13,7,6,504.4
21980006561000,22,13,9,686.4
21980006562000,5,4,1,258
21980006564000,3,2,1,0
21980006565000,19,9,10,729.6
21980006566000,83,51,32,2855.2
21980006567000,36,18,18,1530
21980006568000,30,16,14,1134
21980006569000,8,5,3,348
21980006570000,5,2,3,187
21980006571000,4,3,1,0
21980006572000,5,3,2,170
21980006573000,13,7,6,478.4
21980006574000,2,0,2,0
21980006575000,4,1,3,0
21980006581000,43,21,22,1281.4
21980006582000,676,348,328,25890.8
21980006583000,60,33,27,1956
21980006584000,229,115,114,8152.4
21980006614000,6,2,4,208.2
21980006617000,63,36,27,2809.8
21980006618000,37,23,14,1513.3
21980006619000,89,45,44,3008.2
21980006620000,84,41,43,3595.2
21980006621000,261,133,128,11092.5
21980006622000,278,137,141,10953.2
21980006623000,719,371,348,28544.3
21980006624000,656,332,324,25059.2
21980006625000,1090,552,538,46216
21980006626000,1302,631,671,59371.2
21980006627000,1306,653,653,56027.4
21980006628000,1189,596,593,42090.6
21980006629000,125,65,60,5487.5
21980006630000,27,14,13,985.5
21980006631000,8,3,5,319.2
21980006638000,7,4,3,331.8
21980006657000,5,3,2,149
21980006658000,1,1,0,0
21980006659000,12,6,6,351.6
21980006660000,2,1,1,0
21980006661000,9,5,4,230.4
21980006662000,6,4,2,147
21980006667000,37,17,20,1557.7
21980006668000,27,15,12,1320.3
21980006669000,3,2,1,0
21980006681000,7,4,3,310.1
21980006682000,18,10,8,779.4
21980006683000,16,8,8,857.6
21980006684000,1,1,0,0
21980006685000,3,1,2,0
21980006708000,8,4,4,256
21980006756000,30,16,14,1023
21980006760000,5,3,2,338
21980006761000,16,6,10,705.6
21980006762000,9,4,5,318.6
21980006764000,14,6,8,456.4
21980006765000,23,13,10,1156.9
21980006766000,53,29,24,1892.1
21980006767000,19,12,7,1031.7
21980006769000,2,1,1,0
21980006782000,12,9,3,542.4
21980006859000,18,11,7,1047.6
21980006860000,86,37,49,3784
21980006861000,3,1,2,0
21980006865000,5,2,3,239
21980006866000,110,58,52,4037
21980006867000,195,91,104,7722
21980006868000,14,8,6,803.6
21980006869000,30,15,15,1431
21980006871000,3,1,2,0
21980006881000,6,4,2,352.2
21980006883000,10,6,4,483
21980006884000,17,7,10,834.7
21980006885000,171,83,88,8532.9
21980006886000,124,60,64,4984.8
21980006887000,104,39,65,6219.2
21980006888000,8,4,4,415.2
21980006889000,6,3,3,256.2
21980006951000,3,1,2,0
21980006965000,6,3,3,403.2
21980007000000,9,5,4,378.9
21980007001000,15,8,7,795
21980007004000,1,1,0,0
21980007022000,76,36,40,3404.8
21980007023000,57,31,26,2371.2
21980007028000,1,1,0,0
21980007029000,1,1,0,0
21980007034000,4,3,1,0
21980007044000,4,2,2,0
21980007045000,8,5,3,328
21980007055000,1,0,1,0
21980007063000,1,0,1,0
21980007069000,1,0,1,0
21980007070000,17,9,8,562.7
21980007085000,62,32,30,2312.6
21980007086000,12,9,3,248.4
21990006552000,1,1,0,0
21990006558000,11,7,4,315.7
21990006559000,3,2,1,0
21990006560000,6,4,2,141
21990006561000,6,3,3,312
21990006562000,3,2,1,0
21990006563000,9,5,4,342.9
21990006567000,10,8,2,358
21990006568000,24,14,10,1044
21990006569000,17,9,8,717.4
21990006570000,10,4,6,402
21990006571000,2,1,1,0
21990006573000,1,1,0,0
21990006582000,263,119,144,11861.3
21990006583000,54,25,29,2570.4
21990006584000,133,63,70,4256
21990006596000,4,2,2,0
21990006598000,1,0,1,0
21990006615000,4,3,1,0
21990006616000,6,4,2,387
21990006617000,14,7,7,579.6
21990006618000,83,36,47,3552.4
21990006619000,157,79,78,5196.7
21990006620000,22,12,10,849.2
21990006621000,81,39,42,2592
21990006622000,10,4,6,364
21990006623000,1434,689,745,38144.4
21990006624000,1549,813,736,53905.2
21990006625000,1315,651,664,53652
21990006626000,1994,987,1007,87137.8
21990006627000,1426,715,711,60319.8
21990006628000,265,130,135,10308.5
21990006637000,2,1,1,0
21990006657000,2,1,1,0
21990006659000,5,3,2,315
21990006667000,30,14,16,1269
21990006668000,39,18,21,1747.2
21990006669000,17,10,7,788.8
21990006678000,2,1,1,0
21990006682000,10,5,5,315
21990006683000,1,1,0,0
21990006688000,2,0,2,0
21990006707000,2,1,1,0
21990006749000,2,0,2,0
21990006756000,75,37,38,2797.5
21990006757000,2,1,1,0
21990006760000,16,6,10,611.2
21990006761000,2,1,1,0
21990006763000,23,13,10,1097.1
21990006764000,14,9,5,667.8
21990006768000,3,3,0,0
21990006769000,4,1,3,0
21990006781000,10,7,3,295
21990006782000,24,15,9,734.4
21990006829000,5,4,1,312
21990006859000,58,36,22,2563.6
21990006860000,268,130,138,11926
21990006865000,34,16,18,1404.2
21990006866000,80,40,40,2640
21990006867000,27,11,16,1098.9
21990006868000,34,15,19,1139
21990006869000,18,12,6,959.4
21990006871000,2,1,1,0
21990006880000,4,3,1,0
21990006881000,21,12,9,900.9
21990006882000,37,16,21,1598.4
21990006883000,20,11,9,850
21990006884000,23,8,15,1198.3
21990006885000,32,15,17,1552
21990006886000,55,31,24,2326.5
21990006887000,32,14,18,1228.8
21990006951000,6,3,3,423
21990007001000,39,20,19,1552.2
21990007013000,5,3,2,189
21990007021000,4,1,3,0
21990007022000,3,2,1,0
21990007023000,5,2,3,108
21990007024000,18,10,8,603
21990007027000,10,4,6,328
21990007028000,10,4,6,458
21990007029000,40,18,22,1740
21990007043000,32,17,15,1420.8
21990007044000,114,58,56,4480.2
21990007046000,11,5,6,443.3
21990007055000,11,5,6,645.7
21990007068000,12,6,6,268.8
21990007069000,14,9,5,642.6
22000006553000,4,2,2,0
22000006557000,11,4,7,457.6
22000006558000,2,1,1,0
22000006562000,15,8,7,550.5
22000006569000,2,1,1,0
22000006570000,17,12,5,904.4
22000006571000,5,3,2,240
22000006581000,69,32,37,2718.6
22000006582000,21,12,9,886.2
22000006583000,115,59,56,4634.5
22000006617000,3,2,1,0
22000006618000,65,34,31,2372.5
22000006619000,23,12,11,687.7
22000006620000,17,8,9,542.3
22000006621000,293,155,138,12218.1
22000006622000,14,9,5,499.8
22000006624000,41,24,17,1701.5
22000006625000,240,131,109,9720
22000006626000,826,436,390,28497
22000006627000,514,262,252,18195.6
22000006628000,5,3,2,95
22000006629000,12,8,4,530.4
22000006633000,1,1,0,0
22000006635000,4,1,3,0
22000006636000,4,1,3,0
22000006643000,1,0,1,0
22000006644000,2,1,1,0
22000006646000,6,3,3,241.8
22000006647000,1,1,0,0
22000006659000,6,2,4,265.8
22000006667000,91,47,44,3121.3
22000006668000,86,41,45,4128
22000006669000,2,0,2,0
22000006678000,6,3,3,310.2
22000006679000,4,2,2,0
22000006682000,5,2,3,167
22000006683000,30,15,15,1260
22000006685000,3,2,1,0
22000006687000,6,3,3,318
22000006688000,8,5,3,172.8
22000006705000,35,14,21,1235.5
22000006706000,18,8,10,808.2
22000006707000,19,14,5,701.1
22000006755000,8,3,5,292.8
22000006756000,71,39,32,3692
22000006757000,21,11,10,510.3
22000006758000,13,5,8,516.1
22000006759000,21,9,12,728.7
22000006760000,3,2,1,0
22000006761000,1,0,1,0
22000006762000,3,1,2,0
22000006763000,78,37,41,3276
22000006764000,7,3,4,282.1
22000006768000,3,0,3,0
22000006781000,30,17,13,1428
22000006829000,3,1,2,0
22000006830000,6,2,4,294
22000006858000,39,21,18,1591.2
22000006859000,68,30,38,2495.6
22000006860000,6,4,2,301.2
22000006864000,2,2,0,0
22000006865000,15,7,8,378
22000006880000,16,7,9,667.2
22000006881000,5,2,3,292
22000006882000,11,4,7,429
22000006885000,11,6,5,537.9
22000006886000,5,3,2,323
22000006952000,2,1,1,0
22000006963000,6,4,2,289.8
22000007001000,61,30,31,2635.2
22000007002000,9,7,2,447.3
22000007023000,24,12,12,674.4
22000007024000,26,13,13,972.4
22000007025000,49,27,22,2009
22000007026000,4,2,2,0
22000007030000,18,10,8,599.4
22000007036000,8,3,5,356.8
22000007037000,4,2,2,0
22000007038000,10,6,4,492
22000007040000,2,1,1,0
22000007041000,26,13,13,790.4
22000007042000,3,1,2,0
22000007043000,15,7,8,769.5
22000007044000,11,4,7,365.2
22000007047000,2,1,1,0
22000007048000,4,2,2,0
22000007049000,4,2,2,0
22000007055000,60,29,31,2760
22000007056000,9,4,5,254.7
22000007064000,10,5,5,387
22000007065000,2,1,1,0
22000007066000,96,38,58,3484.8
22000007068000,4,2,2,0
22010006552000,10,5,5,376
22010006553000,3,2,1,0
22010006559000,2,1,1,0
22010006560000,4,3,1,0
22010006561000,42,21,21,1948.8
22010006562000,10,7,3,431
22010006566000,5,2,3,120
22010006571000,6,3,3,253.2
22010006572000,3,2,1,0
22010006579000,55,28,27,2222
22010006580000,26,14,12,1414.4
22010006581000,12,7,5,570
22010006583000,5,3,2,248
22010006618000,44,26,18,2235.2
22010006619000,10,6,4,417
22010006620000,9,5,4,411.3
22010006621000,67,37,30,2492.4
22010006625000,12,5,7,627.6
22010006626000,34,20,14,1207
22010006627000,70,34,36,2415
22010006628000,3,2,1,0
22010006629000,4,3,1,0
22010006630000,25,15,10,1015
22010006631000,7,4,3,380.8
22010006632000,4,2,2,0
22010006635000,11,4,7,457.6
22010006636000,9,6,3,372.6
22010006637000,10,5,5,279
22010006638000,1,1,0,0
22010006647000,3,1,2,0
22010006658000,6,4,2,250.2
22010006660000,1,1,0,0
22010006667000,35,17,18,1337
22010006668000,296,118,178,15984
22010006669000,30,15,15,1296
22010006680000,5,3,2,198
22010006681000,19,10,9,691.6
22010006682000,26,16,10,787.8
22010006683000,24,8,16,981.6
22010006684000,83,35,48,4382.4
22010006685000,1,1,0,0
22010006686000,25,13,12,990
22010006687000,41,25,16,1545.7
22010006688000,31,13,18,1150.1
22010006689000,17,8,9,608.6
22010006690000,22,9,13,816.2
22010006691000,5,1,4,96
22010006693000,1,1,0,0
22010006705000,7,2,5,284.2
22010006706000,1,0,1,0
22010006731000,3,1,2,0
22010006755000,33,16,17,953.7
22010006756000,73,40,33,3168.2
22010006758000,2,1,1,0
22010006759000,9,4,5,243.9
22010006760000,4,2,2,0
22010006761000,8,3,5,423.2
22010006762000,10,6,4,353
22010006772000,1,0,1,0
22010006779000,16,9,7,739.2
22010006780000,22,12,10,745.8
22010006781000,11,6,5,540.1
22010006830000,5,4,1,307
22010006831000,10,6,4,424
22010006832000,9,4,5,401.4
22010006833000,30,13,17,1104
22010006857000,14,10,4,743.4
22010006858000,33,19,14,1567.5
22010006859000,18,9,9,655.2
22010006864000,19,9,10,761.9
22010006870000,4,1,3,0
22010006878000,6,2,4,153
22010006879000,19,11,8,944.3
22010006880000,10,7,3,455
22010006881000,5,3,2,224
22010006952000,8,3,5,259.2
22010007001000,23,11,12,903.9
22010007002000,49,23,26,1979.6
22010007003000,1,1,0,0
22010007022000,14,7,7,732.2
22010007023000,8,3,5,323.2
22010007024000,1,0,1,0
22010007025000,17,8,9,440.3
22010007026000,10,5,5,542
22010007030000,23,12,11,954.5
22010007031000,48,24,24,1900.8
22010007032000,13,6,7,414.7
22010007039000,17,10,7,574.6
22010007044000,1,1,0,0
22010007045000,5,3,2,143
22010007047000,2,1,1,0
22010007048000,2,1,1,0
22010007049000,10,5,5,739
22010007056000,13,8,5,639.6
22010007057000,1,1,0,0
22010007063000,5,2,3,229
22010007064000,5,4,1,259
22010007065000,134,58,76,4690
22010007066000,422,212,210,19580.8
22010007067000,198,100,98,8969.4
22010007069000,18,10,8,547.2
22010007070000,2,1,1,0
22010007103000,7,4,3,478.1
22020006548000,4,1,3,0
22020006555000,6,2,4,267
22020006558000,2,1,1,0
22020006560000,145,83,62,5771
22020006561000,269,136,133,11513.2
22020006562000,32,18,14,1452.8
22020006563000,26,13,13,1193.4
22020006564000,11,7,4,223.3
22020006565000,13,5,8,473.2
22020006566000,10,6,4,337
22020006567000,11,5,6,555.5
22020006568000,7,4,3,350.7
22020006569000,5,1,4,204
22020006572000,3,2,1,0
22020006578000,39,20,19,1645.8
22020006579000,11,5,6,588.5
22020006580000,7,4,3,357.7
22020006583000,7,4,3,254.8
22020006617000,26,14,12,949
22020006618000,27,13,14,945
22020006619000,11,6,5,477.4
22020006620000,20,13,7,872
22020006621000,42,19,23,1470
22020006622000,40,19,21,1712
22020006623000,13,6,7,442
22020006624000,8,2,6,292.8
22020006626000,14,7,7,511
22020006627000,27,15,12,1190.7
22020006628000,9,6,3,398.7
22020006630000,4,2,2,0
22020006632000,2,1,1,0
22020006634000,6,4,2,160.8
22020006658000,1,0,1,0
22020006665000,1,1,0,0
22020006666000,11,5,6,612.7
22020006667000,29,13,16,1273.1
22020006668000,20,8,12,884
22020006680000,19,7,12,754.3
22020006681000,15,9,6,592.5
22020006682000,53,26,27,2151.8
22020006683000,242,120,122,9317
22020006684000,12,6,6,585.6
22020006686000,2,1,1,0
22020006687000,6,2,4,259.2
22020006688000,38,16,22,1489.6
22020006689000,9,5,4,378
22020006691000,1,1,0,0
22020006692000,2,1,1,0
22020006702000,1,0,1,0
22020006704000,4,2,2,0
22020006705000,2,2,0,0
22020006706000,52,32,20,2100.8
22020006752000,5,3,2,213
22020006753000,1,1,0,0
22020006754000,15,8,7,514.5
22020006755000,12,5,7,668.4
22020006756000,26,16,10,998.4
22020006757000,4,2,2,0
22020006758000,19,10,9,619.4
22020006759000,5,3,2,129
22020006761000,4,0,4,0
22020006771000,7,5,2,210.7
22020006778000,3,2,1,0
22020006832000,10,6,4,587
22020006833000,55,30,25,2541
22020006834000,58,31,27,2662.2
22020006856000,13,8,5,551.2
22020006857000,31,18,13,1370.2
22020006858000,2,1,1,0
22020006859000,2,1,1,0
22020006863000,3,2,1,0
22020006864000,1,1,0,0
22020006877000,11,5,6,422.4
22020006878000,59,27,32,2660.9
22020006879000,28,11,17,1170.4
22020006880000,2,1,1,0
22020006900000,3,2,1,0
22020006952000,7,3,4,223.3
22020007002000,12,8,4,382.8
22020007003000,36,22,14,1569.6
22020007014000,2,1,1,0
22020007015000,3,1,2,0
22020007025000,13,6,7,535.6
22020007026000,18,10,8,613.8
22020007030000,11,6,5,522.5
22020007031000,369,160,209,18486.9
22020007032000,258,121,137,9623.4
22020007045000,22,10,12,965.8
22020007048000,6,2,4,187.8
22020007049000,5,3,2,307
22020007050000,6,3,3,220.8
22020007056000,42,19,23,1449
22020007063000,1,0,1,0
22020007064000,7,3,4,216.3
22020007066000,8,3,5,362.4
22020007067000,7,6,1,245.7
22020007069000,13,8,5,422.5
22020007070000,155,79,76,5781.5
22020007071000,34,18,16,1322.6
22030006548000,31,19,12,1215.2
22030006549000,2,1,1,0
22030006555000,3,2,1,0
22030006558000,7,5,2,226.8
22030006559000,3,2,1,0
22030006560000,84,38,46,3486
22030006561000,3,2,1,0
22030006563000,3,2,1,0
22030006564000,6,2,4,178.2
22030006569000,8,3,5,342.4
22030006570000,29,14,15,1238.3
22030006571000,68,39,29,2407.2
22030006572000,13,9,4,322.4
22030006578000,19,10,9,824.6
22030006579000,4,2,2,0
22030006589000,1,1,0,0
22030006617000,27,14,13,1004.4
22030006618000,17,10,7,809.2
22030006619000,27,15,12,993.6
22030006620000,4,3,1,0
22030006623000,27,13,14,1009.8
22030006624000,26,14,12,1162.2
22030006625000,5,4,1,225
22030006627000,5,2,3,232
22030006628000,24,12,12,907.2
22030006651000,10,5,5,402
22030006654000,4,3,1,0
22030006665000,11,8,3,304.7
22030006666000,24,11,13,1274.4
22030006667000,17,11,6,610.3
22030006668000,7,3,4,328.3
22030006669000,37,17,20,1505.9
22030006679000,1,0,1,0
22030006680000,17,9,8,656.2
22030006682000,48,19,29,2083.2
22030006688000,8,5,3,382.4
22030006689000,11,5,6,368.5
22030006690000,2,1,1,0
22030006692000,1,1,0,0
22030006702000,2,1,1,0
22030006705000,21,12,9,978.6
22030006706000,20,12,8,1030
22030006751000,4,3,1,0
22030006752000,9,5,4,331.2
22030006753000,34,21,13,1156
22030006754000,114,67,47,4913.4
22030006755000,237,104,133,11470.8
22030006756000,3,1,2,0
22030006759000,5,2,3,332
22030006760000,6,4,2,315
22030006761000,3,0,3,0
22030006776000,3,2,1,0
22030006777000,4,3,1,0
22030006778000,6,4,2,226.8
22030006833000,19,11,8,868.3
22030006834000,36,17,19,1875.6
22030006853000,1,1,0,0
22030006855000,25,14,11,902.5
22030006856000,3,2,1,0
22030006857000,10,6,4,531
22030006858000,1,1,0,0
22030006863000,5,1,4,204
22030006869000,9,7,2,502.2
22030006877000,59,32,27,2430.8
22030006878000,11,7,4,480.7
22030006879000,4,3,1,0
22030006952000,1,1,0,0
22030006961000,5,3,2,109
22030006962000,6,2,4,279
22030007003000,19,10,9,984.2
22030007004000,16,8,8,881.6
22030007030000,44,21,23,1680.8
22030007031000,587,277,310,24712.7
22030007032000,798,415,383,32159.4
22030007033000,341,177,164,12344.2
22030007034000,14,5,9,569.8
22030007046000,4,1,3,0
22030007049000,1,1,0,0
22030007056000,9,3,6,389.7
22030007064000,8,4,4,350.4
22030007065000,8,5,3,296.8
22030007066000,7,3,4,88.2
22030007071000,11,7,4,490.6
22040006547000,94,51,43,4023.2
22040006548000,350,175,175,14875
22040006549000,197,98,99,8687.7
22040006550000,232,106,126,10927.2
22040006551000,12,5,7,484.8
22040006552000,3,2,1,0
22040006554000,48,24,24,1948.8
22040006555000,6,3,3,316.8
22040006557000,6,3,3,330
22040006560000,29,13,16,1067.2
22040006561000,2,2,0,0
22040006569000,1,1,0,0
22040006570000,26,16,10,1047.8
22040006575000,8,3,5,326.4
22040006576000,4,2,2,0
22040006577000,4,2,2,0
22040006578000,41,22,19,1775.3
22040006579000,12,8,4,280.8
22040006586000,5,4,1,231
22040006617000,48,26,22,1848
22040006618000,60,32,28,2304
22040006619000,32,16,16,1539.2
22040006620000,11,5,6,548.9
22040006624000,21,9,12,989.1
22040006625000,28,16,12,977.2
22040006626000,5,3,2,228
22040006627000,8,3,5,255.2
22040006628000,18,9,9,761.4
22040006649000,2,1,1,0
22040006654000,3,2,1,0
22040006657000,4,3,1,0
22040006658000,5,3,2,143
22040006664000,11,6,5,306.9
22040006665000,17,6,11,824.5
22040006666000,40,18,22,1448
22040006667000,19,12,7,739.1
22040006668000,19,9,10,703
22040006669000,10,4,6,480
22040006680000,15,7,8,565.5
22040006682000,7,2,5,238
22040006691000,6,3,3,310.8
22040006692000,5,3,2,150
22040006693000,1,1,0,0
22040006697000,5,3,2,114
22040006701000,2,0,2,0
22040006702000,11,6,5,555.5
22040006703000,5,3,2,339
22040006704000,15,7,8,523.5
22040006705000,40,22,18,1944
22040006706000,3,1,2,0
22040006734000,7,3,4,434
22040006750000,1,1,0,0
22040006752000,8,4,4,275.2
22040006753000,3,2,1,0
22040006754000,178,87,91,6853
22040006755000,242,128,114,10115.6
22040006776000,1,0,1,0
22040006777000,5,4,1,230
22040006827000,10,6,4,356
22040006828000,2,2,0,0
22040006833000,12,9,3,692.4
22040006834000,2,1,1,0
22040006835000,50,24,26,2145
22040006853000,1,1,0,0
22040006854000,9,4,5,475.2
22040006855000,25,10,15,1090
22040006856000,7,3,4,258.3
22040006862000,8,5,3,306.4
22040006863000,5,4,1,218
22040006867000,11,5,6,367.4
22040006868000,25,13,12,1160
22040006869000,37,19,18,1361.6
22040006875000,11,5,6,336.6
22040006876000,7,4,3,413.7
22040006877000,7,4,3,238.7
22040006961000,2,1,1,0
22040007003000,12,5,7,255.6
22040007004000,35,17,18,1501.5
22040007030000,60,29,31,2166
22040007031000,143,77,66,5562.7
22040007033000,12,6,6,376.8
22040007034000,32,17,15,880
22040007035000,8,6,2,300
22040007045000,4,2,2,0
22040007046000,5,2,3,133
22040007056000,11,7,4,440
22040007065000,1,1,0,0
22040007066000,3,1,2,0
22040007067000,2,1,1,0
22040007068000,6,4,2,225
22040007069000,9,4,5,469.8
22050006547000,31,16,15,1506.6
22050006548000,13,9,4,529.1
22050006549000,243,118,125,10497.6
22050006550000,444,226,218,17094
22050006551000,179,91,88,4546.6
22050006554000,56,27,29,2441.6
22050006556000,6,3,3,202.8
22050006558000,2,1,1,0
22050006570000,14,8,6,567
22050006575000,4,2,2,0
22050006576000,2,1,1,0
22050006577000,11,7,4,369.6
22050006584000,4,2,2,0
22050006586000,4,3,1,0
22050006604000,2,1,1,0
22050006605000,2,1,1,0
22050006606000,3,1,2,0
22050006612000,7,5,2,331.1
22050006613000,14,7,7,610.4
22050006614000,14,8,6,497
22050006615000,19,9,10,832.2
22050006616000,36,19,17,1155.6
22050006617000,37,18,19,1394.9
22050006618000,9,1,8,387
22050006619000,63,32,31,2570.4
22050006620000,28,17,11,963.2
22050006625000,12,6,6,501.6
22050006626000,42,18,24,1848
22050006627000,13,6,7,406.9
22050006628000,13,8,5,526.5
22050006629000,10,3,7,336
22050006630000,14,7,7,357
22050006645000,1,0,1,0
22050006650000,4,1,3,0
22050006651000,28,12,16,938
22050006652000,7,4,3,329.7
22050006659000,3,1,2,0
22050006660000,16,8,8,464
22050006664000,8,7,1,466.4
22050006665000,29,15,14,1200.6
22050006667000,15,7,8,660
22050006677000,6,3,3,177
22050006678000,20,11,9,876
22050006679000,39,24,15,1836.9
22050006680000,12,5,7,411.6
22050006682000,11,5,6,591.8
22050006685000,1,0,1,0
22050006692000,9,4,5,395.1
22050006699000,1,1,0,0
22050006702000,4,2,2,0
22050006703000,6,3,3,345
22050006704000,21,11,10,970.2
22050006733000,1,1,0,0
22050006734000,20,5,15,756
22050006749000,4,1,3,0
22050006750000,6,3,3,270
22050006751000,15,7,8,553.5
22050006752000,18,8,10,473.4
22050006753000,6,3,3,358.8
22050006754000,49,27,22,1891.4
22050006755000,11,6,5,481.8
22050006775000,10,5,5,400
22050006776000,4,3,1,0
22050006777000,2,1,1,0
22050006778000,1,0,1,0
22050006779000,5,3,2,253
22050006781000,1,1,0,0
22050006782000,2,1,1,0
22050006827000,10,6,4,420
22050006833000,10,3,7,341
22050006835000,14,6,8,663.6
22050006836000,16,9,7,872
22050006837000,3,1,2,0
22050006838000,3,2,1,0
22050006853000,35,19,16,1456
22050006854000,68,37,31,3155.2
22050006855000,15,7,8,621
22050006862000,11,6,5,335.5
22050006863000,18,8,10,700.2
22050006867000,11,4,7,315.7
22050006868000,84,42,42,3670.8
22050006869000,135,67,68,6129
22050006871000,2,1,1,0
22050006872000,11,7,4,379.5
22050006873000,4,2,2,0
22050006874000,27,13,14,1190.7
22050006875000,14,5,9,558.6
22050006876000,3,1,2,0
22050006903000,2,1,1,0
22050006952000,7,3,4,438.9
22050007003000,20,9,11,712
22050007004000,102,55,47,3957.6
22050007005000,10,6,4,340
22050007031000,29,12,17,884.5
22050007032000,9,3,6,288
22050007035000,13,8,5,556.4
22050007036000,3,1,2,0
22050007037000,20,11,9,754
22050007038000,7,5,2,273.7
22050007045000,8,4,4,320
22050007046000,46,22,24,1610
22050007047000,2,1,1,0
22050007055000,1,1,0,0
22050007057000,1,1,0,0
22050007069000,8,4,4,204.8
22050007070000,6,3,3,244.2
22050007071000,9,5,4,459.9
22050007073000,21,12,9,1008
22050007074000,42,24,18,1617
22060006548000,15,6,9,546
22060006549000,61,34,27,2586.4
22060006550000,12,6,6,516
22060006551000,7,4,3,286.3
22060006552000,24,12,12,830.4
22060006555000,1,0,1,0
22060006559000,9,4,5,401.4
22060006563000,3,2,1,0
22060006565000,18,10,8,743.4
22060006566000,11,5,6,612.7
22060006569000,5,2,3,219
22060006570000,6,4,2,243
22060006571000,1,1,0,0
22060006575000,2,1,1,0
22060006576000,4,2,2,0
22060006577000,14,6,8,509.6
22060006582000,1,1,0,0
22060006603000,4,2,2,0
22060006604000,5,4,1,192
22060006607000,8,2,6,282.4
22060006608000,9,4,5,306.9
22060006609000,15,8,7,754.5
22060006610000,4,2,2,0
22060006611000,5,2,3,200
22060006612000,14,9,5,547.4
22060006613000,25,13,12,1020
22060006614000,24,10,14,948
22060006615000,10,6,4,316
22060006616000,15,8,7,508.5
22060006617000,28,14,14,1176
22060006618000,28,13,15,873.6
22060006619000,11,5,6,431.2
22060006626000,5,4,1,319
22060006627000,22,14,8,1148.4
22060006628000,1,1,0,0
22060006629000,163,85,78,5851.7
22060006630000,8,5,3,446.4
22060006650000,31,14,17,1013.7
22060006651000,5,3,2,310
22060006659000,14,7,7,522.2
22060006660000,7,4,3,445.9
22060006661000,35,16,19,1550.5
22060006662000,19,7,12,796.1
22060006663000,137,68,69,4562.1
22060006664000,24,11,13,912
22060006665000,50,21,29,1950
22060006679000,51,21,30,2034.9
22060006687000,3,1,2,0
22060006688000,10,5,5,406
22060006689000,12,9,3,495.6
22060006692000,22,13,9,1225.4
22060006693000,7,3,4,312.2
22060006694000,8,4,4,296.8
22060006695000,9,5,4,460.8
22060006734000,4,2,2,0
22060006750000,8,5,3,383.2
22060006751000,4,2,2,0
22060006752000,12,8,4,320.4
22060006759000,12,11,1,396
22060006760000,2,1,1,0
22060006761000,5,2,3,176
22060006762000,6,4,2,199.2
22060006763000,6,4,2,196.8
22060006774000,2,1,1,0
22060006775000,4,3,1,0
22060006777000,2,2,0,0
22060006778000,9,3,6,324
22060006779000,8,5,3,328
22060006780000,13,6,7,625.3
22060006781000,4,2,2,0
22060006788000,1,0,1,0
22060006824000,5,2,3,267
22060006835000,6,3,3,295.2
22060006836000,7,4,3,266
22060006837000,11,8,3,480.7
22060006838000,10,6,4,451
22060006852000,4,3,1,0
22060006853000,50,25,25,2225
22060006854000,19,12,7,893
22060006855000,7,5,2,364
22060006863000,13,6,7,679.9
22060006866000,3,2,1,0
22060006868000,42,21,21,1587.6
22060006869000,211,102,109,8756.5
22060006870000,146,79,67,5723.2
22060006872000,1,1,0,0
22060006873000,2,2,0,0
22060006951000,1,1,0,0
22060007003000,95,51,44,3135
22060007004000,70,34,36,3129
22060007005000,93,41,52,3673.5
22060007006000,6,4,2,358.2
22060007032000,20,10,10,614
22060007033000,93,49,44,3134.1
22060007036000,14,7,7,504
22060007037000,9,5,4,260.1
22060007038000,10,7,3,529
22060007056000,3,2,1,0
22060007057000,80,38,42,3376
22060007065000,3,2,1,0
22060007071000,23,11,12,733.7
22060007072000,14,6,8,613.2
22060007073000,31,19,12,1187.3
22070006547000,2,1,1,0
22070006548000,4,2,2,0
22070006549000,33,18,15,1468.5
22070006550000,54,28,26,2435.4
22070006551000,27,14,13,1466.1
22070006552000,70,39,31,2527
22070006553000,4,3,1,0
22070006559000,9,5,4,307.8
22070006563000,2,1,1,0
22070006565000,23,15,8,1014.3
22070006566000,9,5,4,379.8
22070006573000,4,3,1,0
22070006576000,15,8,7,510
22070006584000,7,3,4,170.1
22070006585000,14,7,7,795.2
22070006586000,18,8,10,628.2
22070006594000,1,1,0,0
22070006603000,1,0,1,0
22070006607000,16,8,8,484.8
22070006608000,103,60,43,4109.7
22070006609000,2,1,1,0
22070006610000,12,9,3,595.2
22070006611000,21,10,11,1041.6
22070006612000,30,12,18,1059
22070006613000,15,8,7,735
22070006614000,4,2,2,0
22070006615000,15,9,6,666
22070006616000,3,2,1,0
22070006617000,9,4,5,315.9
22070006627000,11,4,7,430.1
22070006628000,68,33,35,2828.8
22070006629000,375,178,197,14475
22070006630000,13,8,5,470.6
22070006649000,9,5,4,464.4
22070006650000,34,20,14,1604.8
22070006651000,5,2,3,189
22070006658000,19,13,6,1149.5
22070006659000,19,12,7,516.8
22070006660000,75,40,35,3000
22070006661000,40,26,14,1256
22070006662000,40,19,21,1620
22070006663000,57,33,24,2171.7
22070006664000,42,21,21,1747.2
22070006665000,17,9,8,741.2
22070006671000,9,4,5,494.1
22070006676000,24,15,9,1195.2
22070006677000,17,8,9,770.1
22070006678000,15,7,8,517.5
22070006679000,38,18,20,2025.4
22070006681000,31,13,18,1181.1
22070006687000,9,4,5,423
22070006688000,4,1,3,0
22070006689000,4,1,3,0
22070006732000,5,2,3,199
22070006734000,30,16,14,1356
22070006749000,14,8,6,554.4
22070006750000,34,17,17,1567.4
22070006751000,8,4,4,163.2
22070006752000,6,4,2,274.8
22070006756000,2,1,1,0
22070006757000,19,14,5,651.7
22070006760000,4,2,2,0
22070006761000,4,2,2,0
22070006762000,13,6,7,540.8
22070006763000,4,3,1,0
22070006765000,6,4,2,214.2
22070006766000,1,1,0,0
22070006772000,7,4,3,284.9
22070006775000,3,0,3,0
22070006776000,4,1,3,0
22070006777000,8,5,3,384
22070006778000,5,4,1,349
22070006779000,1,0,1,0
22070006835000,3,2,1,0
22070006836000,16,9,7,958.4
22070006837000,4,3,1,0
22070006838000,4,2,2,0
22070006851000,1,1,0,0
22070006852000,41,24,17,2119.7
22070006853000,27,18,9,1104.3
22070006854000,4,2,2,0
22070006861000,5,3,2,71
22070006863000,69,36,33,2608.2
22070006868000,6,3,3,259.2
22070006869000,9,5,4,392.4
22070006903000,5,4,1,97
22070006954000,2,1,1,0
22070006956000,6,5,1,306
22070006960000,14,7,7,477.4
22070007002000,6,4,2,271.2
22070007003000,12,8,4,338.4
22070007004000,226,95,131,12158.8
22070007005000,283,147,136,12140.7
22070007006000,42,23,19,1503.6
22070007007000,5,3,2,260
22070007008000,5,1,4,100
22070007032000,2,1,1,0
22070007033000,32,18,14,1164.8
22070007034000,4,2,2,0
22070007039000,1,1,0,0
22070007040000,34,18,16,1264.8
22070007041000,6,3,3,180
22070007053000,4,2,2,0
22070007054000,22,11,11,704
22070007057000,81,44,37,3507.3
22070007058000,40,21,19,1896
22070007065000,24,13,11,876
22070007068000,9,5,4,378
22070007072000,59,36,23,2377.7
22070007073000,138,79,59,4981.8
22080006548000,65,32,33,2892.5
22080006549000,39,19,20,1797.9
22080006550000,37,18,19,1502.2
22080006551000,14,8,6,624.4
22080006552000,12,6,6,621.6
22080006553000,55,27,28,2618
22080006557000,6,2,4,214.8
22080006558000,1,1,0,0
22080006559000,4,0,4,0
22080006562000,2,1,1,0
22080006563000,51,24,27,2142
22080006564000,52,27,25,1690
22080006565000,11,4,7,380.6
22080006566000,2,1,1,0
22080006567000,8,5,3,418.4
22080006569000,7,4,3,426.3
22080006570000,5,2,3,157
22080006571000,8,6,2,419.2
22080006583000,14,8,6,424.2
22080006584000,16,9,7,745.6
22080006585000,116,60,56,4651.6
22080006586000,73,36,37,3350.7
22080006587000,24,14,10,991.2
22080006596000,5,3,2,76
22080006607000,21,13,8,791.7
22080006608000,20,8,12,764
22080006609000,9,5,4,604.8
22080006610000,20,7,13,728
22080006628000,17,8,9,765
22080006629000,4,2,2,0
22080006630000,14,7,7,656.6
22080006631000,8,3,5,300
22080006635000,85,49,36,2133.5
22080006649000,6,1,5,241.2
22080006650000,33,17,16,1329.9
22080006658000,34,14,20,1506.2
22080006659000,34,17,17,1414.4
22080006661000,7,4,3,408.8
22080006662000,13,8,5,552.5
22080006671000,9,3,6,585
22080006673000,1,0,1,0
22080006676000,68,24,44,2767.6
22080006678000,15,6,9,570
22080006679000,1,1,0,0
22080006680000,29,17,12,1070.1
22080006681000,21,8,13,940.8
22080006685000,2,1,1,0
22080006686000,5,4,1,261
22080006732000,1,0,1,0
22080006733000,46,21,25,1959.6
22080006734000,13,8,5,526.5
22080006746000,5,3,2,208
22080006748000,1,1,0,0
22080006749000,42,21,21,1747.2
22080006750000,5,3,2,326
22080006751000,26,12,14,709.8
22080006752000,3,1,2,0
22080006753000,3,2,1,0
22080006757000,2,1,1,0
22080006758000,2,0,2,0
22080006760000,25,12,13,1255
22080006761000,6,2,4,270
22080006762000,26,11,15,720.2
22080006765000,23,13,10,1085.6
22080006766000,26,16,10,967.2
22080006768000,10,7,3,406
22080006769000,4,2,2,0
22080006770000,7,2,5,475.3
22080006771000,33,11,22,1075.8
22080006772000,1,0,1,0
22080006773000,11,4,7,458.7
22080006774000,19,12,7,731.5
22080006775000,4,2,2,0
22080006776000,2,1,1,0
22080006780000,7,4,3,263.9
22080006783000,4,2,2,0
22080006821000,3,1,2,0
22080006837000,23,10,13,851
22080006838000,6,3,3,246
22080006851000,6,3,3,264
22080006852000,2,2,0,0
22080006861000,38,20,18,1831.6
22080006862000,17,10,7,691.9
22080006863000,2,2,0,0
22080006867000,9,2,7,227.7
22080006868000,2,1,1,0
22080006869000,2,1,1,0
22080006873000,1,0,1,0
22080006875000,1,0,1,0
22080006954000,1,0,1,0
22080006955000,6,3,3,208.2
22080006956000,3,3,0,0
22080006958000,2,1,1,0
22080007003000,17,10,7,649.4
22080007004000,70,26,44,3829
22080007005000,49,24,25,1798.3
22080007006000,17,6,11,804.1
22080007007000,7,5,2,324.1
22080007008000,3,2,1,0
22080007009000,18,7,11,622.8
22080007032000,17,7,10,739.5
22080007033000,1,0,1,0
22080007039000,2,1,1,0
22080007040000,5,4,1,147
22080007042000,2,1,1,0
22080007051000,6,4,2,174
22080007053000,7,4,3,429.1
22080007054000,24,13,11,972
22080007058000,91,45,46,3685.5
22080007059000,16,6,10,689.6
22080007060000,13,7,6,595.4
22080007061000,42,19,23,1314.6
22080007062000,13,7,6,549.9
22080007063000,16,7,9,683.2
22080007068000,6,3,3,232.2
22080007069000,5,4,1,163
22080007071000,14,8,6,571.2
22080007073000,49,28,21,1960
22080007074000,16,8,8,358.4
22090006547000,10,4,6,644
22090006548000,52,26,26,1757.6
22090006549000,17,9,8,528.7
22090006550000,27,13,14,1036.8
22090006551000,13,6,7,616.2
22090006552000,20,16,4,642
22090006553000,34,17,17,1278.4
22090006554000,28,12,16,1190
22090006556000,2,2,0,0
22090006557000,4,2,2,0
22090006558000,9,6,3,533.7
22090006559000,1,1,0,0
22090006561000,19,9,10,613.7
22090006562000,18,11,7,768.6
22090006563000,17,10,7,773.5
22090006571000,8,4,4,219.2
22090006572000,1,0,1,0
22090006573000,11,4,7,310.2
22090006582000,17,10,7,544
22090006583000,33,17,16,1508.1
22090006584000,56,29,27,2178.4
22090006585000,35,18,17,1228.5
22090006586000,6,4,2,393
22090006587000,95,51,44,3163.5
22090006588000,32,18,14,1305.6
22090006589000,4,2,2,0
22090006596000,3,2,1,0
22090006597000,8,4,4,342.4
22090006598000,7,4,3,235.9
22090006599000,1,1,0,0
22090006600000,9,3,6,331.2
22090006607000,23,14,9,1032.7
22090006608000,20,11,9,872
22090006609000,10,4,6,377
22090006612000,7,4,3,298.9
22090006627000,6,3,3,280.2
22090006628000,27,17,10,1131.3
22090006631000,9,4,5,371.7
22090006632000,27,15,12,1215
22090006633000,8,4,4,207.2
22090006635000,680,357,323,21352
22090006636000,267,127,140,6942
22090006638000,1,1,0,0
22090006639000,20,11,9,656
22090006640000,13,8,5,617.5
22090006647000,19,10,9,725.8
22090006648000,16,10,6,609.6
22090006649000,6,4,2,394.2
22090006650000,14,9,5,667.8
22090006656000,12,6,6,505.2
22090006657000,16,7,9,721.6
22090006658000,29,13,16,1035.3
22090006659000,7,2,5,263.9
22090006676000,99,46,53,3831.3
22090006677000,21,10,11,940.8
22090006678000,41,24,17,1517
22090006679000,34,12,22,1241
22090006680000,2,2,0,0
22090006695000,5,3,2,241
22090006697000,5,4,1,183
22090006732000,25,14,11,1177.5
22090006733000,33,15,18,1461.9
22090006734000,3,3,0,0
22090006735000,1,0,1,0
22090006745000,2,2,0,0
22090006746000,6,3,3,399
22090006747000,26,16,10,1198.6
22090006748000,23,12,11,963.7
22090006749000,1,1,0,0
22090006750000,4,2,2,0
22090006751000,3,2,1,0
22090006752000,22,11,11,939.4
22090006760000,11,5,6,589.6
22090006761000,18,7,11,790.2
22090006762000,180,86,94,8190
22090006763000,37,21,16,1383.8
22090006764000,30,17,13,1524
22090006765000,28,15,13,1229.2
22090006766000,71,32,39,3266
22090006767000,24,12,12,1387.2
22090006768000,14,6,8,658
22090006769000,14,7,7,712.6
22090006770000,1,1,0,0
22090006771000,8,4,4,330.4
22090006772000,7,3,4,216.3
22090006773000,18,11,7,788.4
22090006774000,2,1,1,0
22090006781000,1,0,1,0
22090006820000,5,3,2,394
22090006821000,5,2,3,370
22090006838000,28,15,13,1344
22090006839000,22,13,9,1005.4
22090006840000,5,3,2,132
22090006860000,11,6,5,313.5
22090006861000,513,253,260,20263.5
22090006862000,56,27,29,1898.4
22090006868000,3,2,1,0
22090006873000,4,2,2,0
22090006874000,15,8,7,739.5
22090006950000,14,8,6,506.8
22090006951000,7,5,2,312.9
22090006952000,65,33,32,2522
22090006953000,20,11,9,874
22090007003000,46,23,23,1748
22090007008000,7,4,3,273
22090007009000,36,18,18,1530
22090007032000,13,7,6,478.4
22090007033000,10,5,5,408
22090007053000,14,8,6,666.4
22090007054000,29,17,12,1215.1
22090007058000,7,5,2,286.3
22090007059000,28,15,13,1167.6
22090007060000,7,3,4,396.9
22090007062000,7,2,5,249.2
22090007063000,16,11,5,609.6
22090007064000,2,2,0,0
22090007068000,1,1,0,0
22090007069000,10,5,5,456
22090007070000,44,27,17,1768.8
22090007071000,46,23,23,2019.4
22090007072000,4,1,3,0
22090007107000,4,3,1,0
22100006548000,58,29,29,2076.4
22100006549000,8,3,5,311.2
22100006550000,51,23,28,1989
22100006551000,5,3,2,302
22100006552000,8,3,5,427.2
22100006553000,35,18,17,1029
22100006554000,43,26,17,1384.6
22100006557000,1,0,1,0
22100006558000,5,2,3,324
22100006559000,1,0,1,0
22100006563000,2,1,1,0
22100006567000,13,7,6,280.8
22100006579000,18,11,7,642.6
22100006580000,17,11,6,639.2
22100006582000,7,4,3,445.9
22100006583000,37,15,22,1439.3
22100006584000,20,10,10,566
22100006586000,3,2,1,0
22100006587000,6,4,2,220.2
22100006588000,24,14,10,780
22100006589000,9,5,4,414.9
22100006590000,17,9,8,581.4
22100006596000,1,0,1,0
22100006597000,70,35,35,2716
22100006598000,25,11,14,917.5
22100006599000,1,0,1,0
22100006600000,1,0,1,0
22100006606000,5,3,2,171
22100006607000,11,4,7,553.3
22100006608000,10,6,4,555
22100006612000,7,3,4,282.8
22100006613000,4,1,3,0
22100006618000,4,1,3,0
22100006627000,23,11,12,936.1
22100006628000,2,0,2,0
22100006629000,33,18,15,1326.6
22100006630000,188,93,95,7256.8
22100006631000,90,45,45,4032
22100006632000,305,154,151,11010.5
22100006633000,113,58,55,4678.2
22100006634000,8,3,5,306.4
22100006635000,57,27,30,1869.6
22100006636000,92,46,46,2631.2
22100006637000,27,14,13,1150.2
22100006638000,22,10,12,864.6
22100006639000,21,13,8,1113
22100006640000,25,15,10,1105
22100006641000,17,9,8,569.5
22100006646000,15,6,9,601.5
22100006647000,40,17,23,1448
22100006648000,30,14,16,1056
22100006654000,2,1,1,0
22100006655000,28,15,13,1556.8
22100006656000,39,19,20,1599
22100006657000,33,17,16,1369.5
22100006658000,36,19,17,1508.4
22100006659000,3,1,2,0
22100006675000,21,12,9,840
22100006676000,240,114,126,9984
22100006677000,144,79,65,6652.8
22100006678000,25,14,11,1097.5
22100006686000,5,3,2,292
22100006693000,5,3,2,116
22100006694000,5,2,3,231
22100006695000,3,2,1,0
22100006697000,2,1,1,0
22100006725000,1,1,0,0
22100006726000,19,11,8,1031.7
22100006727000,13,6,7,471.9
22100006728000,4,3,1,0
22100006731000,5,2,3,121
22100006732000,59,30,29,2401.3
22100006743000,18,10,8,694.8
22100006744000,3,1,2,0
22100006747000,23,9,14,802.7
22100006750000,2,1,1,0
22100006751000,2,2,0,0
22100006752000,11,6,5,456.5
22100006759000,13,6,7,794.3
22100006761000,9,5,4,574.2
22100006762000,7,4,3,532
22100006764000,3,2,1,0
22100006765000,2,1,1,0
22100006774000,9,6,3,515.7
22100006819000,2,0,2,0
22100006820000,1,1,0,0
22100006839000,5,3,2,204
22100006849000,3,2,1,0
22100006850000,16,11,5,819.2
22100006851000,18,10,8,761.4
22100006852000,6,3,3,310.2
22100006860000,26,11,15,1209
22100006861000,173,87,86,6522.1
22100006862000,6,3,3,301.2
22100006866000,7,4,3,326.9
22100006867000,14,8,6,530.6
22100006874000,15,7,8,591
22100006906000,2,1,1,0
22100006949000,8,3,5,248.8
22100006950000,8,4,4,332.8
22100006951000,11,6,5,555.5
22100006952000,6,3,3,136.2
22100007002000,18,9,9,703.8
22100007003000,7,4,3,242.9
22100007006000,15,8,7,670.5
22100007008000,21,11,10,609
22100007009000,33,17,16,1310.1
22100007023000,2,1,1,0
22100007035000,7,4,3,357
22100007053000,9,4,5,528.3
22100007054000,54,28,26,2349
22100007059000,5,2,3,230
22100007060000,13,6,7,552.5
22100007069000,27,15,12,1193.4
22100007070000,15,9,6,529.5
22100007071000,3,2,1,0
22100007107000,23,12,11,683.1
22100007108000,17,9,8,666.4
22110006549000,53,31,22,2114.7
22110006550000,83,38,45,3535.8
22110006551000,21,11,10,1008
22110006552000,56,28,28,2329.6
22110006553000,59,34,25,2483.9
22110006554000,82,46,36,3378.4
22110006555000,22,7,15,737
22110006557000,29,16,13,1020.8
22110006558000,12,4,8,235.2
22110006567000,7,4,3,212.1
22110006568000,2,1,1,0
22110006569000,2,1,1,0
22110006572000,27,15,12,1034.1
22110006573000,4,3,1,0
22110006577000,39,21,18,1583.4
22110006578000,14,5,9,686
22110006579000,12,6,6,865.2
22110006580000,8,3,5,335.2
22110006581000,36,18,18,1440
22110006582000,117,58,59,4270.5
22110006583000,69,40,29,2711.7
22110006584000,4,2,2,0
22110006589000,15,11,4,663
22110006590000,16,9,7,643.2
22110006591000,25,13,12,1100
22110006592000,20,11,9,634
22110006596000,9,7,2,563.4
22110006597000,22,13,9,842.6
22110006606000,21,10,11,959.7
22110006607000,18,11,7,991.8
22110006608000,5,3,2,146
22110006611000,2,1,1,0
22110006625000,4,3,1,0
22110006626000,14,9,5,488.6
22110006628000,12,6,6,307.2
22110006629000,16,10,6,537.6
22110006630000,11,7,4,492.8
22110006631000,336,169,167,14011.2
22110006632000,604,314,290,26817.6
22110006633000,640,324,316,26176
22110006634000,13,6,7,601.9
22110006635000,33,19,14,1445.4
22110006636000,24,12,12,936
22110006637000,68,39,29,2733.6
22110006638000,20,10,10,728
22110006639000,29,15,14,1110.7
22110006640000,20,12,8,992
22110006641000,12,6,6,409.2
22110006642000,5,4,1,242
22110006643000,4,1,3,0
22110006644000,17,12,5,557.6
22110006645000,37,18,19,1413.4
22110006646000,37,21,16,1598.4
22110006647000,31,18,13,1292.7
22110006648000,17,11,6,685.1
22110006653000,24,14,10,1140
22110006654000,34,19,15,1428
22110006655000,26,14,12,1344.2
22110006656000,28,15,13,1008
22110006657000,22,12,10,750.2
22110006658000,18,11,7,723.6
22110006673000,1,1,0,0
22110006676000,10,10,0,285
22110006686000,1,0,1,0
22110006690000,4,2,2,0
22110006692000,2,1,1,0
22110006725000,11,5,6,588.5
22110006726000,24,13,11,907.2
22110006727000,22,13,9,745.8
22110006728000,3,2,1,0
22110006730000,6,4,2,150
22110006731000,35,18,17,1606.5
22110006732000,29,13,16,1244.1
22110006740000,3,1,2,0
22110006741000,19,8,11,847.4
22110006742000,13,9,4,404.3
22110006743000,10,3,7,349
22110006744000,7,3,4,261.1
22110006745000,3,2,1,0
22110006746000,6,3,3,157.2
22110006747000,8,5,3,275.2
22110006751000,18,11,7,658.8
22110006752000,7,4,3,168.7
22110006761000,8,5,3,200
22110006762000,1,1,0,0
22110006764000,23,14,9,979.8
22110006772000,2,2,0,0
22110006775000,2,1,1,0
22110006777000,2,1,1,0
22110006838000,4,3,1,0
22110006839000,9,5,4,430.2
22110006849000,6,3,3,243
22110006850000,122,57,65,4550.6
22110006851000,7,5,2,312.2
22110006852000,16,7,9,750.4
22110006853000,15,7,8,724.5
22110006855000,41,22,19,1672.8
22110006856000,13,10,3,527.8
22110006857000,7,4,3,378.7
22110006858000,2,1,1,0
22110006859000,46,26,20,1628.4
22110006860000,611,272,339,28228.2
22110006861000,219,113,106,9767.4
22110006862000,5,3,2,190
22110006865000,8,5,3,388
22110006866000,16,8,8,521.6
22110006867000,6,2,4,315
22110006949000,7,4,3,212.8
22110006951000,4,3,1,0
22110007001000,21,11,10,907.2
22110007002000,4,2,2,0
22110007006000,10,4,6,481
22110007007000,4,2,2,0
22110007008000,2,1,1,0
22110007009000,34,21,13,1421.2
22110007034000,6,4,2,268.8
22110007035000,3,0,3,0
22110007042000,2,1,1,0
22110007049000,1,1,0,0
22110007054000,5,4,1,231
22110007060000,136,73,63,4814.4
22110007061000,72,43,29,2808
22110007062000,50,26,24,2190
22110007069000,7,3,4,331.8
22110007070000,12,8,4,396
22110007072000,1,1,0,0
22120006548000,12,5,7,333.6
22120006549000,98,48,50,3988.6
22120006550000,8,4,4,363.2
22120006551000,25,13,12,830
22120006552000,2,2,0,0
22120006553000,1,1,0,0
22120006554000,590,287,303,17582
22120006555000,245,123,122,6982.5
22120006556000,570,294,276,20064
22120006557000,10,7,3,426
22120006558000,25,14,11,1205
22120006566000,26,11,15,1094.6
22120006569000,17,8,9,715.7
22120006571000,54,25,29,2467.8
22120006572000,212,97,115,10345.6
22120006573000,46,21,25,1752.6
22120006574000,10,7,3,238
22120006575000,18,9,9,808.2
22120006576000,17,8,9,535.5
22120006578000,14,9,5,613.2
22120006579000,9,5,4,367.2
22120006580000,16,8,8,856
22120006582000,39,21,18,1123.2
22120006583000,13,7,6,364
22120006584000,25,13,12,745
22120006585000,4,3,1,0
22120006588000,6,3,3,267
22120006589000,13,7,6,266.5
22120006590000,49,23,26,1641.5
22120006591000,3,1,2,0
22120006592000,18,11,7,829.8
22120006593000,27,13,14,1098.9
22120006594000,7,4,3,357
22120006595000,54,30,24,1809
22120006596000,88,43,45,3220.8
22120006597000,50,28,22,1675
22120006605000,4,2,2,0
22120006606000,5,2,3,124
22120006607000,27,13,14,899.1
22120006608000,6,3,3,141
22120006627000,8,3,5,376
22120006631000,12,3,9,417.6
22120006632000,685,338,347,25139.5
22120006633000,45,23,22,2020.5
22120006634000,51,26,25,2060.4
22120006635000,26,18,8,1021.8
22120006636000,686,354,332,25107.6
22120006637000,945,469,476,36760.5
22120006638000,181,92,89,7022.8
22120006639000,34,17,17,1472.2
22120006640000,14,7,7,491.4
22120006641000,52,25,27,2303.6
22120006642000,19,8,11,737.2
22120006643000,43,21,22,1681.3
22120006644000,112,60,52,4435.2
22120006645000,84,43,41,3486
22120006646000,43,20,23,1526.5
22120006647000,6,3,3,268.2
22120006648000,6,4,2,231
22120006649000,12,4,8,392.4
22120006652000,2,1,1,0
22120006653000,32,18,14,1526.4
22120006654000,12,6,6,468
22120006655000,11,4,7,533.5
22120006663000,3,1,2,0
22120006664000,13,7,6,625.3
22120006665000,2,1,1,0
22120006666000,1,1,0,0
22120006667000,22,10,12,875.6
22120006668000,8,3,5,451.2
22120006670000,6,5,1,111
22120006671000,4,3,1,0
22120006672000,40,21,19,1508
22120006673000,1,1,0,0
22120006691000,2,1,1,0
22120006692000,4,4,0,0
22120006724000,33,16,17,1039.5
22120006725000,16,6,10,654.4
22120006726000,8,3,5,370.4
22120006727000,32,12,20,1260.8
22120006728000,32,19,13,1200
22120006729000,40,25,15,1940
22120006730000,66,30,36,3814.8
22120006731000,22,11,11,915.2
22120006736000,16,9,7,696
22120006737000,4,2,2,0
22120006738000,10,4,6,387
22120006740000,16,10,6,758.4
22120006741000,8,4,4,350.4
22120006751000,32,16,16,1244.8
22120006752000,8,5,3,431.2
22120006759000,12,5,7,558
22120006760000,4,2,2,0
22120006761000,15,8,7,426
22120006764000,8,3,5,314.4
22120006774000,5,3,2,133
22120006775000,4,2,2,0
22120006777000,19,9,10,756.2
22120006817000,7,3,4,167.3
22120006838000,11,6,5,585.2
22120006839000,6,1,5,189
22120006849000,32,17,15,1574.4
22120006850000,9,4,5,474.3
22120006852000,5,2,3,158
22120006853000,35,19,16,1424.5
22120006854000,12,7,5,579.6
22120006855000,211,106,105,7743.7
22120006856000,58,21,37,3230.6
22120006857000,30,18,12,1437
22120006858000,18,9,9,858.6
22120006859000,109,55,54,4076.6
22120006860000,422,188,234,19960.6
22120006861000,185,105,80,7955
22120006862000,130,71,59,4433
22120006863000,60,33,27,2244
22120006864000,15,8,7,768
22120006865000,8,3,5,340.8
22120006866000,10,6,4,238
22120006950000,23,12,11,784.3
22120006951000,13,7,6,560.3
22120006952000,6,3,3,235.2
22120007000000,2,1,1,0
22120007001000,26,9,17,884
22120007007000,7,4,3,354.2
22120007009000,20,11,9,812
22120007010000,1,1,0,0
22120007034000,5,4,1,156
22120007035000,4,2,2,0
22120007036000,2,2,0,0
22120007037000,2,1,1,0
22120007039000,2,2,0,0
22120007040000,8,5,3,332
22120007041000,5,3,2,307
22120007042000,2,1,1,0
22120007043000,2,1,1,0
22120007045000,5,4,1,355
22120007046000,3,1,2,0
22120007047000,1,0,1,0
22120007061000,33,18,15,1287
22120007062000,8,4,4,247.2
22120007108000,2,1,1,0
22130006548000,16,7,9,649.6
22130006549000,45,23,22,1899
22130006550000,310,150,160,11501
22130006551000,13,8,5,569.4
22130006552000,707,364,343,23755.2
22130006553000,72,34,38,2145.6
22130006554000,83,45,38,2573
22130006555000,4,2,2,0
22130006556000,1355,678,677,52438.5
22130006557000,30,17,13,1002
22130006558000,41,19,22,1812.2
22130006567000,3,1,2,0
22130006569000,22,8,14,875.6
22130006570000,59,33,26,2572.4
22130006571000,108,63,45,4622.4
22130006572000,591,303,288,20094
22130006573000,24,11,13,883.2
22130006574000,13,8,5,652.6
22130006575000,34,16,18,1373.6
22130006576000,3,2,1,0
22130006577000,5,2,3,304
22130006579000,6,3,3,327
22130006590000,2,1,1,0
22130006591000,18,11,7,745.2
22130006592000,23,11,12,949.9
22130006593000,11,8,3,249.7
22130006594000,32,14,18,1401.6
22130006595000,266,117,149,14390.6
22130006596000,60,30,30,2886
22130006597000,27,17,10,901.8
22130006598000,1,1,0,0
22130006605000,14,5,9,523.6
22130006606000,17,8,9,834.7
22130006607000,5,2,3,171
22130006624000,2,1,1,0
22130006627000,11,5,6,469.7
22130006631000,7,5,2,268.8
22130006632000,258,140,118,8359.2
22130006633000,129,68,61,5005.2
22130006634000,36,20,16,1479.6
22130006635000,449,225,224,19127.4
22130006636000,555,265,290,26029.5
22130006637000,552,268,284,21914.4
22130006638000,77,29,48,2125.2
22130006639000,53,24,29,1802
22130006640000,49,23,26,1768.9
22130006641000,85,46,39,3187.5
22130006642000,2,1,1,0
22130006643000,5,2,3,155
22130006644000,97,49,48,4054.6
22130006645000,439,225,214,15847.9
22130006646000,45,21,24,1872
22130006647000,4,2,2,0
22130006648000,16,8,8,825.6
22130006649000,36,20,16,1551.6
22130006650000,32,16,16,1356.8
22130006651000,11,5,6,339.9
22130006652000,140,69,71,5670
22130006653000,28,14,14,1139.6
22130006662000,16,10,6,769.6
22130006663000,19,9,10,750.5
22130006664000,14,7,7,666.4
22130006665000,31,17,14,1426
22130006666000,11,6,5,492.8
22130006667000,2,1,1,0
22130006668000,3,1,2,0
22130006669000,9,5,4,315.9
22130006670000,6,3,3,157.2
22130006671000,12,6,6,346.8
22130006672000,10,4,6,273
22130006673000,10,5,5,384
22130006686000,9,4,5,381.6
22130006687000,6,4,2,393
22130006705000,2,1,1,0
22130006723000,13,6,7,525.2
22130006724000,3,2,1,0
22130006728000,2,2,0,0
22130006735000,36,20,16,1238.4
22130006736000,7,4,3,212.8
22130006738000,5,3,2,190
22130006739000,3,2,1,0
22130006740000,5,2,3,170
22130006751000,5,3,2,150
22130006752000,1,1,0,0
22130006754000,2,1,1,0
22130006756000,2,1,1,0
22130006758000,8,4,4,416.8
22130006759000,8,4,4,399.2
22130006766000,1,1,0,0
22130006771000,1,1,0,0
22130006777000,2,1,1,0
22130006778000,1,1,0,0
22130006816000,7,4,3,431.9
22130006837000,11,6,5,652.3
22130006838000,31,15,16,1165.6
22130006847000,11,5,6,518.1
22130006848000,23,10,13,791.2
22130006849000,15,7,8,661.5
22130006857000,7,4,3,287
22130006858000,6,3,3,309
22130006861000,13,7,6,426.4
22130006862000,17,11,6,414.8
22130006863000,83,43,40,3270.2
22130006864000,55,32,23,2046
22130006865000,9,6,3,327.6
22130006949000,2,1,1,0
22130006950000,18,10,8,793.8
22130006952000,15,7,8,601.5
22130007000000,9,4,5,360
22130007006000,3,1,2,0
22130007009000,16,8,8,928
22130007010000,5,3,2,305
22130007013000,5,4,1,137
22130007036000,8,6,2,267.2
22130007037000,78,37,41,3166.8
22130007055000,10,4,6,400
22140006548000,14,8,6,652.4
22140006549000,304,138,166,13680
22140006550000,1939,976,963,90551.3
22140006551000,1307,657,650,52149.3
22140006552000,192,90,102,7123.2
22140006553000,314,161,153,12183.2
22140006554000,262,126,136,11135
22140006555000,180,93,87,7830
22140006556000,1657,788,869,68102.7
22140006558000,1,0,1,0
22140006560000,1,0,1,0
22140006561000,1,0,1,0
22140006562000,1,0,1,0
22140006568000,10,6,4,331
22140006569000,5,3,2,173
22140006570000,4,2,2,0
22140006571000,79,41,38,3057.3
22140006572000,43,23,20,1853.3
22140006573000,41,22,19,1664.6
22140006574000,16,9,7,462.4
22140006575000,21,13,8,900.9
22140006589000,4,2,2,0
22140006592000,19,10,9,685.9
22140006593000,51,28,23,2070.6
22140006594000,41,20,21,1246.4
22140006595000,302,141,161,13378.6
22140006596000,23,13,10,1018.9
22140006597000,18,12,6,721.8
22140006598000,8,4,4,284
22140006599000,11,4,7,314.6
22140006605000,27,13,14,1414.8
22140006606000,27,17,10,1136.7
22140006620000,1,1,0,0
22140006621000,11,6,5,577.5
22140006622000,13,9,4,561.6
22140006626000,2,1,1,0
22140006632000,38,19,19,1288.2
22140006633000,18,9,9,729
22140006634000,13,6,7,496.6
22140006635000,131,68,63,4807.7
22140006636000,1311,653,658,59126.1
22140006637000,1088,507,581,43955.2
22140006638000,604,294,310,24160
22140006639000,304,148,156,11582.4
22140006640000,45,26,19,1714.5
22140006641000,66,40,26,2343
22140006642000,40,19,21,1688
22140006643000,11,7,4,499.4
22140006644000,137,69,68,5329.3
22140006645000,98,55,43,3714.2
22140006646000,33,17,16,1329.9
22140006647000,11,5,6,427.9
22140006648000,3,1,2,0
22140006649000,41,22,19,1180.8
22140006650000,242,127,115,10018.8
22140006651000,83,46,37,3062.7
22140006652000,69,38,31,2311.5
22140006653000,3,2,1,0
22140006654000,4,2,2,0
22140006655000,12,5,7,415.2
22140006659000,5,3,2,279
22140006660000,19,9,10,794.2
22140006661000,25,13,12,1025
22140006662000,3,2,1,0
22140006663000,6,4,2,232.2
22140006664000,77,39,38,3087.7
22140006665000,57,34,23,1995
22140006666000,25,13,12,1115
22140006667000,19,11,8,965.2
22140006668000,7,4,3,261.1
22140006669000,4,2,2,0
22140006670000,2,1,1,0
22140006687000,32,18,14,1737.6
22140006688000,13,8,5,475.8
22140006702000,14,7,7,478.8
22140006703000,7,4,3,371.7
22140006704000,18,10,8,824.4
22140006705000,5,3,2,191
22140006723000,34,16,18,1421.2
22140006734000,14,11,3,553
22140006735000,11,6,5,686.4
22140006752000,1,1,0,0
22140006755000,50,25,25,1725
22140006756000,5,3,2,201
22140006757000,11,8,3,414.7
22140006758000,6,4,2,102
22140006760000,1,1,0,0
22140006767000,4,1,3,0
22140006769000,5,2,3,227
22140006772000,3,2,1,0
22140006776000,1,0,1,0
22140006778000,5,3,2,332
22140006786000,2,1,1,0
22140006815000,2,1,1,0
22140006837000,1,1,0,0
22140006838000,24,11,13,907.2
22140006847000,35,21,14,1599.5
22140006848000,26,15,11,1469
22140006864000,2,1,1,0
22140006952000,5,3,2,204
22140006953000,15,7,8,526.5
22140006954000,2,0,2,0
22140007000000,15,11,4,574.5
22140007001000,11,6,5,469.7
22140007003000,1,1,0,0
22140007009000,33,19,14,1346.4
22140007010000,1,0,1,0
22140007011000,14,7,7,723.8
22140007012000,33,20,13,1590.6
22140007013000,8,2,6,287.2
22140007023000,1,0,1,0
22140007035000,1,1,0,0
22140007037000,22,12,10,1117.6
22140007038000,9,5,4,187.2
22140007046000,1,1,0,0
22140007047000,6,2,4,304.2
22140007048000,3,2,1,0
22140007049000,1,1,0,0
22140007050000,18,8,10,669.6
22140007054000,1,1,0,0
22150006550000,523,228,295,28032.8
22150006551000,142,65,77,8051.4
22150006555000,1025,521,504,45407.5
22150006556000,2893,1349,1544,131631.5
22150006557000,2067,972,1095,89914.5
22150006558000,524,266,258,17344.4
22150006559000,4,2,2,0
22150006560000,8,6,2,156.8
22150006561000,35,15,20,1001
22150006562000,7,5,2,256.9
22150006567000,24,16,8,842.4
22150006568000,11,6,5,441.1
22150006569000,43,21,22,1711.4
22150006570000,26,15,11,1188.2
22150006571000,32,18,14,1484.8
22150006572000,5,3,2,69
22150006593000,5,3,2,260
22150006594000,33,22,11,1194.6
22150006595000,11,5,6,546.7
22150006596000,11,6,5,501.6
22150006597000,27,14,13,1231.2
22150006598000,2,1,1,0
22150006599000,20,12,8,642
22150006600000,11,5,6,316.8
22150006604000,16,9,7,833.6
22150006605000,52,26,26,2121.6
22150006606000,31,15,16,1286.5
22150006620000,32,20,12,1027.2
22150006624000,4,3,1,0
22150006632000,52,28,24,1929.2
22150006633000,19,9,10,697.3
22150006634000,46,25,21,1978
22150006635000,537,274,263,21050.4
22150006636000,355,181,174,12851
22150006637000,90,46,44,3735
22150006638000,10,6,4,361
22150006643000,6,3,3,286.8
22150006644000,67,36,31,2539.3
22150006645000,23,12,11,922.3
22150006646000,71,36,35,2911
22150006647000,65,28,37,2385.5
22150006648000,77,43,34,2818.2
22150006649000,109,56,53,4240.1
22150006650000,310,151,159,12803
22150006651000,426,205,221,15336
22150006652000,74,41,33,3026.6
22150006653000,5,3,2,299
22150006654000,22,11,11,770
22150006655000,51,28,23,2096.1
22150006656000,6,3,3,261
22150006658000,10,4,6,199
22150006659000,32,17,15,1100.8
22150006660000,20,9,11,816
22150006661000,51,32,19,2055.3
22150006662000,42,24,18,1974
22150006663000,38,18,20,1512.4
22150006664000,2,2,0,0
22150006687000,2,1,1,0
22150006688000,5,2,3,165
22150006689000,22,13,9,818.4
22150006699000,2,1,1,0
22150006700000,37,19,18,1110
22150006701000,2,1,1,0
22150006702000,2,0,2,0
22150006703000,11,6,5,467.5
22150006723000,16,6,10,950.4
22150006724000,5,2,3,242
22150006734000,12,5,7,478.8
22150006735000,5,1,4,180
22150006753000,18,12,6,709.2
22150006754000,13,6,7,604.5
22150006755000,49,25,24,1901.2
22150006756000,5,2,3,115
22150006767000,6,4,2,267
22150006772000,1,1,0,0
22150006834000,4,1,3,0
22150006838000,36,19,17,1350
22150006839000,3,1,2,0
22150006847000,9,5,4,421.2
22150006848000,24,12,12,909.6
22150006862000,2,2,0,0
22150006863000,22,15,7,671
22150006873000,4,3,1,0
22150006954000,28,10,18,912.8
22150006955000,3,1,2,0
22150006999000,16,8,8,374.4
22150007000000,3,1,2,0
22150007009000,18,9,9,781.2
22150007012000,4,1,3,0
22150007013000,21,10,11,753.9
22150007021000,6,4,2,337.2
22150007037000,4,3,1,0
22150007038000,24,13,11,1008
22150007048000,14,6,8,625.8
22150007049000,1,0,1,0
22150007050000,1,0,1,0
22150007053000,4,3,1,0
22150007054000,1,1,0,0
22150007055000,3,1,2,0
22150007056000,7,4,3,331.1
22150007109000,2,1,1,0
22160006553000,2,1,1,0
22160006554000,667,330,337,22611.3
22160006555000,698,364,334,27920
22160006556000,1978,943,1035,78922.2
22160006557000,2328,1106,1222,101268
22160006558000,889,449,440,38049.2
22160006559000,768,394,374,27187.2
22160006561000,5,3,2,247
22160006563000,9,6,3,267.3
22160006564000,5,4,1,232
22160006565000,12,7,5,525.6
22160006566000,24,12,12,864
22160006567000,24,13,11,849.6
22160006568000,63,32,31,2249.1
22160006569000,27,13,14,936.9
22160006570000,6,4,2,130.2
22160006574000,2,1,1,0
22160006579000,3,1,2,0
22160006581000,5,4,1,100
22160006582000,6,3,3,141
22160006584000,4,3,1,0
22160006595000,14,9,5,543.2
22160006596000,5,2,3,206
22160006598000,25,16,9,905
22160006599000,29,13,16,1299.2
22160006600000,9,5,4,375.3
22160006601000,12,7,5,537.6
22160006603000,2,1,1,0
22160006604000,94,46,48,3534.4
22160006605000,134,71,63,5011.6
22160006606000,6,3,3,201
22160006632000,27,14,13,1028.7
22160006633000,59,31,28,2784.8
22160006634000,46,27,19,2051.6
22160006635000,750,405,345,27075
22160006636000,75,43,32,3187.5
22160006637000,20,10,10,658
22160006649000,360,177,183,15804
22160006650000,765,341,424,35878.5
22160006651000,179,84,95,7446.4
22160006653000,25,14,11,1050
22160006654000,71,38,33,2705.1
22160006655000,39,20,19,1735.5
22160006656000,7,5,2,298.2
22160006657000,4,3,1,0
22160006660000,209,107,102,6855.2
22160006661000,72,37,35,3067.2
22160006662000,7,4,3,284.9
22160006688000,26,14,12,873.6
22160006689000,27,13,14,1015.2
22160006697000,8,6,2,372
22160006699000,17,9,8,595
22160006700000,23,11,12,880.9
22160006701000,4,3,1,0
22160006723000,1,1,0,0
22160006734000,1,0,1,0
22160006735000,16,7,9,761.6
22160006754000,6,3,3,382.2
22160006755000,24,13,11,1041.6
22160006770000,3,1,2,0
22160006772000,2,1,1,0
22160006814000,1,1,0,0
22160006833000,2,1,1,0
22160006838000,39,22,17,1887.6
22160006839000,16,7,9,625.6
22160006843000,5,3,2,225
22160006847000,14,9,5,525
22160006848000,7,3,4,254.1
22160006910000,4,3,1,0
22160006951000,11,7,4,513.7
22160006954000,23,10,13,1002.8
22160006955000,21,12,9,800.1
22160007009000,26,15,11,1154.4
22160007011000,13,7,6,711.1
22160007022000,4,3,1,0
22160007023000,6,2,4,217.2
22160007040000,1,0,1,0
22160007047000,9,6,3,281.7
22160007048000,8,6,2,244.8
22160007055000,23,15,8,673.9
22160007056000,1,0,1,0
22170006552000,85,47,38,4080
22170006553000,1260,612,648,52164
22170006554000,920,441,479,39928
22170006555000,645,294,351,25735.5
22170006556000,6,4,2,244.8
22170006557000,199,84,115,9870.4
22170006558000,11,6,5,501.6
22170006559000,271,142,129,9105.6
22170006560000,142,76,66,4813.8
22170006561000,14,7,7,740.6
22170006562000,29,18,11,1049.8
22170006563000,7,5,2,331.1
22170006564000,31,17,14,1410.5
22170006565000,15,9,6,543
22170006566000,39,20,19,1450.8
22170006567000,39,20,19,1216.8
22170006568000,8,5,3,272
22170006573000,5,3,2,170
22170006574000,15,9,6,744
22170006575000,2,1,1,0
22170006576000,5,3,2,103
22170006578000,4,2,2,0
22170006593000,3,2,1,0
22170006597000,9,5,4,371.7
22170006598000,39,17,22,1595.1
22170006599000,1,1,0,0
22170006600000,6,3,3,256.8
22170006601000,4,3,1,0
22170006602000,122,60,62,4550.6
22170006603000,180,91,89,7650
22170006604000,457,217,240,20656.4
22170006605000,268,134,134,11336.4
22170006606000,3,2,1,0
22170006620000,2,1,1,0
22170006621000,6,2,4,121.2
22170006622000,4,3,1,0
22170006630000,1,1,0,0
22170006632000,25,12,13,1087.5
22170006633000,11,6,5,416.9
22170006634000,88,43,45,3766.4
22170006635000,773,397,376,27982.6
22170006636000,105,57,48,4861.5
22170006649000,12,7,5,513.6
22170006650000,12,8,4,452.4
22170006651000,531,271,260,19806.3
22170006652000,469,231,238,20307.7
22170006653000,10,5,5,325
22170006654000,167,75,92,5243.8
22170006655000,48,27,21,2256
22170006657000,3,2,1,0
22170006658000,27,9,18,1077.3
22170006659000,8,5,3,416
22170006660000,28,13,15,1204
22170006661000,22,11,11,770
22170006662000,12,6,6,616.8
22170006688000,7,4,3,370.3
22170006689000,8,5,3,358.4
22170006690000,11,6,5,385
22170006700000,1,1,0,0
22170006723000,9,3,6,366.3
22170006724000,4,3,1,0
22170006735000,22,13,9,1084.6
22170006754000,8,4,4,152.8
22170006764000,1,1,0,0
22170006773000,3,2,1,0
22170006838000,15,9,6,667.5
22170006847000,2,1,1,0
22170006848000,40,27,13,1676
22170006849000,12,8,4,382.8
22170006910000,3,2,1,0
22170006951000,1,1,0,0
22170006952000,1,1,0,0
22170006954000,79,41,38,3365.4
22170006955000,20,12,8,1038
22170006999000,7,3,4,298.9
22170007009000,27,17,10,1166.4
22170007011000,3,1,2,0
22170007012000,11,5,6,553.3
22170007014000,21,10,11,688.8
22170007023000,2,1,1,0
22170007056000,9,6,3,447.3
22180006552000,3,2,1,0
22180006553000,220,112,108,8668
22180006554000,176,84,92,7444.8
22180006555000,1064,534,530,36708
22180006556000,390,197,193,14469
22180006557000,10,6,4,377
22180006558000,16,9,7,665.6
22180006559000,29,13,16,864.2
22180006560000,354,179,175,11505
22180006561000,52,26,26,1950
22180006562000,6,2,4,198
22180006563000,3,2,1,0
22180006564000,18,10,8,739.8
22180006565000,35,20,15,1445.5
22180006566000,8,1,7,296.8
22180006568000,7,3,4,361.2
22180006569000,20,11,9,1048
22180006570000,16,7,9,721.6
22180006571000,8,4,4,439.2
22180006572000,17,10,7,639.2
22180006573000,24,10,14,933.6
22180006574000,23,15,8,782
22180006575000,58,31,27,1803.8
22180006576000,33,17,16,1336.5
22180006577000,3,2,1,0
22180006583000,2,2,0,0
22180006584000,7,3,4,182.7
22180006585000,10,6,4,495
22180006586000,13,9,4,491.4
22180006587000,33,16,17,1217.7
22180006594000,5,1,4,222
22180006599000,8,4,4,268
22180006600000,24,12,12,768
22180006601000,27,13,14,1215
22180006602000,14,6,8,614.6
22180006603000,30,14,16,1275
22180006604000,49,20,29,1759.1
22180006605000,16,6,10,697.6
22180006616000,5,3,2,229
22180006617000,14,9,5,547.4
22180006618000,1,1,0,0
22180006619000,14,6,8,547.4
22180006620000,28,15,13,1066.8
22180006621000,1,1,0,0
22180006632000,115,59,56,4358.5
22180006633000,785,384,401,30458
22180006634000,195,97,98,8248.5
22180006635000,549,261,288,21520.8
22180006636000,148,78,70,6156.8
22180006652000,338,174,164,13418.6
22180006653000,509,255,254,19189.3
22180006654000,320,170,150,12032
22180006655000,88,44,44,3185.6
22180006656000,11,5,6,457.6
22180006657000,17,7,10,593.3
22180006658000,119,62,57,4129.3
22180006659000,27,16,11,1136.7
22180006660000,38,21,17,1827.8
22180006667000,4,1,3,0
22180006687000,11,6,5,413.6
22180006688000,86,48,38,3070.2
22180006689000,57,31,26,2166
22180006724000,7,3,4,308
22180006734000,40,20,20,1896
22180006735000,16,8,8,1044.8
22180006754000,1,1,0,0
22180006755000,4,3,1,0
22180006813000,3,1,2,0
22180006814000,5,4,1,267
22180006836000,4,3,1,0
22180006837000,95,45,50,3657.5
22180006838000,38,22,16,1573.2
22180006839000,9,5,4,398.7
22180006847000,19,11,8,613.7
22180006848000,601,291,310,25602.6
22180006849000,30,17,13,1413
22180006850000,14,8,6,663.6
22180006851000,6,3,3,220.8
22180006910000,10,5,5,295
22180006911000,2,1,1,0
22180006938000,6,4,2,154.8
22180006951000,7,4,3,301
22180006952000,4,2,2,0
22180006953000,7,2,5,240.8
22180006954000,44,22,22,1443.2
22180006955000,6,3,3,166.2
22180006957000,4,1,3,0
22180006999000,20,12,8,768
22180007008000,17,10,7,661.3
22180007009000,10,5,5,424
22180007012000,11,8,3,533.5
22180007014000,9,3,6,312.3
22180007015000,8,5,3,255.2
22180007023000,5,2,3,161
22180007038000,4,2,2,0
22180007049000,2,2,0,0
22180007056000,6,4,2,256.2
22180007061000,5,3,2,209
22180007062000,12,7,5,529.2
22190006553000,18,8,10,637.2
22190006554000,75,39,36,3465
22190006555000,145,80,65,5133
22190006556000,82,45,37,2640.4
22190006557000,11,7,4,513.7
22190006558000,10,6,4,254
22190006559000,21,12,9,512.4
22190006560000,511,257,254,19060.3
22190006561000,49,29,20,1842.4
22190006564000,15,9,6,676.5
22190006565000,18,9,9,437.4
22190006568000,21,11,10,783.3
22190006569000,16,8,8,568
22190006570000,8,6,2,280.8
22190006571000,16,8,8,582.4
22190006572000,41,22,19,1307.9
22190006573000,64,35,29,2419.2
22190006574000,59,30,29,2283.3
22190006576000,4,1,3,0
22190006580000,7,4,3,258.3
22190006581000,19,8,11,623.2
22190006582000,52,23,29,1783.6
22190006583000,47,27,20,1739
22190006584000,13,6,7,491.4
22190006585000,15,9,6,724.5
22190006586000,8,6,2,394.4
22190006587000,8,4,4,243.2
22190006614000,4,2,2,0
22190006616000,12,7,5,505.2
22190006617000,108,50,58,3877.2
22190006618000,10,5,5,342
22190006632000,30,21,9,1098
22190006633000,1398,722,676,53823
22190006634000,1164,537,627,51099.6
22190006635000,1818,893,925,67629.6
22190006636000,1025,515,510,33620
22190006651000,5,2,3,159
22190006652000,23,13,10,977.5
22190006653000,120,66,54,5052
22190006654000,473,237,236,20339
22190006655000,458,233,225,19190.2
22190006656000,52,31,21,2178.8
22190006657000,288,156,132,9648
22190006658000,62,36,26,2498.6
22190006659000,23,13,10,920
22190006660000,27,13,14,1063.8
22190006661000,31,16,15,1224.5
22190006662000,20,9,11,738
22190006665000,1,1,0,0
22190006666000,1,1,0,0
22190006667000,6,3,3,286.2
22190006668000,5,3,2,247
22190006687000,11,5,6,623.7
22190006688000,192,98,94,9177.6
22190006689000,236,115,121,10903.2
22190006690000,60,33,27,3066
22190006733000,11,8,3,379.5
22190006734000,110,54,56,5313
22190006755000,3,2,1,0
22190006777000,3,2,1,0
22190006810000,6,4,2,219
22190006812000,13,7,6,496.6
22190006813000,18,10,8,723.6
22190006814000,3,2,1,0
22190006837000,29,11,18,1339.8
22190006838000,41,26,15,1664.6
22190006839000,142,77,65,4771.2
22190006840000,28,17,11,887.6
22190006841000,106,49,57,3985.6
22190006842000,11,5,6,421.3
22190006843000,18,9,9,896.4
22190006844000,23,10,13,791.2
22190006845000,6,4,2,220.8
22190006848000,137,66,71,5699.2
22190006849000,19,11,8,547.2
22190006850000,18,11,7,649.8
22190006853000,16,8,8,668.8
22190006864000,6,3,3,228
22190006910000,1,0,1,0
22190006939000,6,2,4,181.8
22190006951000,9,5,4,288
22190006954000,45,29,16,1989
22190006998000,7,4,3,242.9
22190006999000,3,1,2,0
22190007008000,10,5,5,397
22190007013000,7,4,3,277.2
22190007015000,13,8,5,510.9
22190007016000,3,2,1,0
22190007038000,24,10,14,926.4
22190007058000,1,1,0,0
22190007069000,28,14,14,1066.8
22190007070000,4,2,2,0
22190007071000,5,2,3,297
22200006551000,3,1,2,0
22200006552000,8,4,4,348.8
22200006554000,112,56,56,5353.6
22200006555000,100,53,47,4850
22200006556000,811,389,422,33251
22200006557000,30,14,16,861
22200006558000,7,3,4,378.7
22200006559000,37,20,17,1550.3
22200006560000,24,13,11,909.6
22200006561000,28,15,13,1047.2
22200006562000,94,52,42,3694.2
22200006563000,42,18,24,1453.2
22200006565000,11,5,6,366.3
22200006566000,23,13,10,1055.7
22200006567000,31,17,14,1540.7
22200006568000,2,1,1,0
22200006569000,8,4,4,438.4
22200006570000,8,4,4,190.4
22200006572000,21,11,10,720.3
22200006573000,27,12,15,1020.6
22200006575000,17,6,11,695.3
22200006576000,4,2,2,0
22200006577000,6,4,2,171
22200006578000,13,9,4,490.1
22200006579000,5,3,2,252
22200006580000,9,6,3,305.1
22200006581000,38,15,23,1656.8
22200006582000,50,23,27,1855
22200006583000,84,39,45,3360
22200006584000,26,13,13,915.2
22200006585000,10,3,7,256
22200006586000,13,6,7,461.5
22200006587000,33,20,13,1300.2
22200006588000,28,14,14,988.4
22200006589000,1,1,0,0
22200006601000,3,2,1,0
22200006603000,5,2,3,143
22200006605000,26,13,13,1190.8
22200006606000,16,7,9,657.6
22200006608000,6,3,3,220.2
22200006614000,18,7,11,529.2
22200006615000,53,29,24,2056.4
22200006616000,55,26,29,2117.5
22200006617000,66,38,28,2699.4
22200006631000,89,49,40,2331.8
22200006632000,1515,753,762,49692
22200006633000,1198,594,604,49118
22200006634000,1055,507,548,41672.5
22200006635000,1183,577,606,46610.2
22200006636000,18,9,9,543.6
22200006653000,4,3,1,0
22200006654000,55,33,22,2359.5
22200006655000,81,38,43,3410.1
22200006656000,82,40,42,3722.8
22200006657000,446,220,226,18999.6
22200006658000,951,428,523,46599
22200006659000,399,184,215,15880.2
22200006660000,36,21,15,1713.6
22200006661000,10,6,4,456
22200006662000,18,8,10,752.4
22200006664000,31,16,15,855.6
22200006665000,11,7,4,272.8
22200006666000,10,6,4,287
22200006667000,2,1,1,0
22200006668000,4,3,1,0
22200006685000,2,1,1,0
22200006686000,13,7,6,383.5
22200006687000,147,72,75,5292
22200006688000,9,4,5,432
22200006689000,2,1,1,0
22200006690000,8,4,4,246.4
22200006691000,5,1,4,287
22200006723000,8,3,5,404
22200006724000,1,1,0,0
22200006732000,3,1,2,0
22200006733000,33,16,17,1075.8
22200006734000,2,1,1,0
22200006755000,3,1,2,0
22200006756000,17,10,7,572.9
22200006757000,15,7,8,595.5
22200006758000,1,1,0,0
22200006776000,2,1,1,0
22200006777000,3,3,0,0
22200006810000,3,2,1,0
22200006811000,32,19,13,1670.4
22200006812000,35,15,20,1431.5
22200006813000,3,1,2,0
22200006837000,22,14,8,1036.2
22200006838000,71,39,32,2740.6
22200006839000,21,11,10,976.5
22200006840000,206,96,110,8466.6
22200006841000,607,289,318,27982.7
22200006842000,27,11,16,955.8
22200006843000,18,10,8,599.4
22200006844000,35,18,17,1942.5
22200006845000,24,14,10,1221.6
22200006846000,19,9,10,668.8
22200006847000,3,2,1,0
22200006848000,47,26,21,1687.3
22200006852000,3,1,2,0
22200006919000,3,1,2,0
22200006937000,8,4,4,212
22200006939000,25,13,12,1270
22200006940000,32,13,19,1123.2
22200006941000,2,1,1,0
22200006950000,1,0,1,0
22200006951000,11,7,4,337.7
22200006952000,10,7,3,463
22200006953000,6,3,3,357
22200006954000,26,11,15,1021.8
22200006955000,41,26,15,1496.5
22200006956000,5,3,2,175
22200006998000,2,2,0,0
22200007008000,5,3,2,291
22200007009000,3,2,1,0
22200007013000,6,4,2,180
22200007016000,17,9,8,605.2
22200007023000,5,3,2,112
22200007036000,13,7,6,494
22200007038000,2,1,1,0
22200007039000,2,1,1,0
22200007047000,3,2,1,0
22210006551000,1,1,0,0
22210006552000,30,12,18,1335
22210006553000,34,13,21,1288.6
22210006554000,1,1,0,0
22210006555000,100,50,50,3550
22210006556000,329,164,165,12403.3
22210006557000,130,73,57,5057
22210006558000,40,22,18,1464
22210006559000,21,10,11,850.5
22210006560000,32,19,13,1257.6
22210006561000,34,20,14,1332.8
22210006562000,14,9,5,617.4
22210006563000,125,68,57,5187.5
22210006564000,15,7,8,541.5
22210006565000,7,2,5,303.1
22210006567000,6,3,3,387
22210006568000,19,10,9,725.8
22210006569000,31,17,14,1150.1
22210006572000,5,3,2,222
22210006573000,42,22,20,1499.4
22210006574000,4,3,1,0
22210006575000,20,9,11,794
22210006576000,5,3,2,207
22210006577000,1,1,0,0
22210006583000,94,42,52,3506.2
22210006584000,12,6,6,537.6
22210006586000,5,3,2,139
22210006587000,8,4,4,254.4
22210006588000,26,15,11,876.2
22210006589000,23,14,9,729.1
22210006590000,20,10,10,804
22210006599000,9,5,4,303.3
22210006600000,12,5,7,422.4
22210006601000,3,2,1,0
22210006602000,11,4,7,482.9
22210006603000,2,1,1,0
22210006604000,9,3,6,378
22210006605000,33,18,15,1353
22210006606000,75,42,33,2932.5
22210006607000,4,2,2,0
22210006608000,33,22,11,1214.4
22210006609000,358,175,183,13604
22210006610000,83,35,48,4648
22210006611000,62,33,29,2287.8
22210006612000,29,13,16,1026.6
22210006613000,60,30,30,2418
22210006614000,28,15,13,1346.8
22210006615000,38,16,22,1383.2
22210006616000,2,1,1,0
22210006617000,6,3,3,294
22210006630000,5,3,2,213
22210006631000,31,16,15,1348.5
22210006632000,71,36,35,2598.6
22210006633000,132,73,59,4540.8
22210006634000,1372,681,691,51861.6
22210006635000,1732,845,887,55943.6
22210006656000,19,8,11,630.8
22210006657000,123,61,62,4846.2
22210006658000,130,57,73,5278
22210006659000,525,252,273,20580
22210006660000,76,43,33,2523.2
22210006661000,24,14,10,902.4
22210006662000,53,26,27,2326.7
22210006663000,44,19,25,1544.4
22210006664000,59,27,32,1964.7
22210006665000,52,26,26,1970.8
22210006666000,20,8,12,686
22210006667000,19,10,9,915.8
22210006684000,10,4,6,370
22210006685000,32,15,17,1267.2
22210006686000,14,6,8,596.4
22210006687000,36,19,17,1674
22210006688000,18,7,11,721.8
22210006689000,11,4,7,466.4
22210006690000,4,1,3,0
22210006722000,1,0,1,0
22210006731000,29,18,11,1374.6
22210006732000,19,10,9,1084.9
22210006733000,12,5,7,375.6
22210006734000,8,6,2,343.2
22210006755000,9,3,6,294.3
22210006756000,33,16,17,1475.1
22210006757000,13,5,8,605.8
22210006770000,1,1,0,0
22210006775000,1,0,1,0
22210006777000,9,5,4,496.8
22210006810000,11,6,5,735.9
22210006811000,14,9,5,747.6
22210006812000,10,7,3,298
22210006826000,4,2,2,0
22210006827000,1,0,1,0
22210006831000,1,0,1,0
22210006837000,6,4,2,316.2
22210006838000,69,30,39,2773.8
22210006839000,42,18,24,2049.6
22210006840000,682,324,358,30690
22210006841000,203,103,100,8972.6
22210006842000,10,6,4,258
22210006844000,2,2,0,0
22210006845000,9,5,4,389.7
22210006846000,34,18,16,1360
22210006847000,29,15,14,1200.6
22210006848000,33,17,16,1333.2
22210006854000,1,1,0,0
22210006857000,2,0,2,0
22210006907000,3,1,2,0
22210006934000,5,2,3,187
22210006940000,11,7,4,484
22210006941000,12,8,4,422.4
22210006942000,9,5,4,523.8
22210006944000,12,4,8,291.6
22210006945000,2,1,1,0
22210006952000,13,6,7,392.6
22210006954000,74,36,38,2597.4
22210006955000,52,28,24,2168.4
22210006956000,11,5,6,389.4
22210006957000,4,1,3,0
22210006967000,5,2,3,147
22210007008000,2,1,1,0
22210007009000,3,2,1,0
22210007017000,6,2,4,208.2
22210007018000,4,4,0,0
22210007035000,10,5,5,384
22210007036000,17,10,7,714
22210007049000,11,5,6,433.4
22210007052000,1,1,0,0
22210007053000,5,4,1,186
22210007059000,10,3,7,317
22210007070000,8,5,3,403.2
22210007071000,3,1,2,0
22220006553000,19,7,12,908.2
22220006555000,2,2,0,0
22220006556000,46,26,20,1582.4
22220006557000,269,136,133,9657.1
22220006558000,20,15,5,978
22220006559000,36,19,17,1170
22220006560000,2,2,0,0
22220006561000,13,7,6,574.6
22220006562000,17,12,5,759.9
22220006563000,18,10,8,583.2
22220006564000,63,39,24,2501.1
22220006565000,41,20,21,1623.6
22220006566000,6,5,1,172.2
22220006567000,6,3,3,367.2
22220006571000,9,6,3,426.6
22220006572000,30,15,15,1122
22220006573000,507,250,257,17846.4
22220006574000,385,193,192,13552
22220006575000,104,61,43,4232.8
22220006576000,13,7,6,478.4
22220006579000,6,5,1,280.2
22220006581000,1,1,0,0
22220006582000,34,15,19,1210.4
22220006583000,33,19,14,1310.1
22220006584000,2,1,1,0
22220006586000,4,3,1,0
22220006589000,7,4,3,373.1
22220006590000,297,154,143,11434.5
22220006591000,30,16,14,1089
22220006592000,7,3,4,469
22220006593000,44,17,27,1623.6
22220006594000,11,4,7,489.5
22220006595000,6,3,3,301.8
22220006596000,6,4,2,232.2
22220006597000,9,4,5,372.6
22220006598000,8,5,3,399.2
22220006599000,18,12,6,756
22220006600000,8,5,3,188.8
22220006601000,6,2,4,333
22220006602000,75,41,34,2242.5
22220006603000,31,16,15,1227.6
22220006604000,40,21,19,1840
22220006605000,10,3,7,574
22220006606000,18,11,7,810
22220006607000,23,12,11,759
22220006608000,36,14,22,1364.4
22220006609000,345,167,178,15456
22220006610000,241,121,120,8941.1
22220006611000,38,18,20,1109.6
22220006612000,13,9,4,418.6
22220006613000,9,6,3,395.1
22220006614000,25,11,14,850
22220006615000,10,7,3,394
22220006616000,3,1,2,0
22220006630000,11,7,4,374
22220006631000,6,3,3,234
22220006633000,2,2,0,0
22220006634000,459,239,220,19186.2
22220006635000,1527,747,780,60927.3
22220006657000,4,2,2,0
22220006658000,12,6,6,580.8
22220006659000,20,9,11,970
22220006660000,22,9,13,1060.4
22220006661000,10,4,6,507
22220006662000,38,20,18,1550.4
22220006663000,58,32,26,2233
22220006664000,21,12,9,924
22220006665000,24,11,13,1053.6
22220006666000,21,11,10,682.5
22220006667000,29,15,14,1484.8
22220006668000,9,3,6,159.3
22220006669000,4,2,2,0
22220006684000,16,7,9,449.6
22220006685000,14,6,8,522.2
22220006687000,5,3,2,119
22220006723000,6,1,5,241.2
22220006724000,11,7,4,570.9
22220006730000,4,1,3,0
22220006755000,8,4,4,380
22220006756000,28,14,14,932.4
22220006757000,5,5,0,193
22220006774000,5,3,2,182
22220006775000,12,5,7,471.6
22220006776000,11,7,4,573.1
22220006777000,9,4,5,390.6
22220006808000,5,4,1,288
22220006809000,8,3,5,339.2
22220006812000,4,1,3,0
22220006829000,7,4,3,345.8
22220006830000,4,2,2,0
22220006831000,16,8,8,702.4
22220006836000,12,6,6,568.8
22220006837000,46,28,18,1863
22220006838000,39,21,18,1462.5
22220006839000,194,94,100,7798.8
22220006840000,462,244,218,15430.8
22220006841000,16,9,7,681.6
22220006846000,1,1,0,0
22220006908000,3,1,2,0
22220006933000,4,1,3,0
22220006942000,19,11,8,440.8
22220006943000,14,7,7,680.4
22220006944000,35,15,20,1564.5
22220006945000,23,12,11,956.8
22220006946000,9,3,6,351
22220006947000,8,3,5,212
22220006948000,3,2,1,0
22220006952000,21,10,11,697.2
22220006953000,11,5,6,478.5
22220006954000,194,92,102,6634.8
22220006955000,16,9,7,756.8
22220006971000,5,2,3,303
22220007008000,3,2,1,0
22220007016000,2,1,1,0
22220007017000,4,2,2,0
22220007018000,1,1,0,0
22220007048000,3,1,2,0
22220007049000,14,9,5,669.2
22220007053000,12,8,4,517.2
22220007056000,1,0,1,0
22220007063000,5,3,2,299
22220007064000,3,1,2,0
22220007070000,6,3,3,331.2
22220007071000,23,11,12,1281.1
22230006552000,55,25,30,2255
22230006553000,123,58,65,5202.9
22230006554000,50,25,25,2375
22230006555000,47,27,20,1800.1
22230006556000,75,38,37,3052.5
22230006557000,12,7,5,594
22230006558000,23,14,9,1000.5
22230006559000,19,9,10,940.5
22230006560000,24,15,9,1080
22230006561000,64,29,35,2739.2
22230006562000,59,34,25,2660.9
22230006563000,14,5,9,456.4
22230006564000,279,129,150,10378.8
22230006565000,351,174,177,13583.7
22230006566000,38,22,16,1504.8
22230006567000,36,19,17,1364.4
22230006568000,28,13,15,1251.6
22230006570000,28,13,15,683.2
22230006571000,10,5,5,561
22230006572000,33,15,18,1362.9
22230006573000,21,11,10,760.2
22230006574000,35,14,21,1011.5
22230006575000,8,5,3,216.8
22230006576000,19,12,7,805.6
22230006579000,15,7,8,544.5
22230006580000,49,24,25,1906.1
22230006581000,4,3,1,0
22230006582000,8,3,5,402.4
22230006583000,56,31,25,2480.8
22230006584000,11,8,3,346.5
22230006585000,2,0,2,0
22230006587000,8,4,4,287.2
22230006589000,14,6,8,770
22230006590000,105,50,55,4221
22230006591000,82,45,37,3198
22230006592000,12,10,2,392.4
22230006593000,15,8,7,643.5
22230006594000,32,15,17,1260.8
22230006595000,22,11,11,778.8
22230006596000,28,14,14,991.2
22230006597000,119,61,58,4236.4
22230006598000,9,5,4,361.8
22230006599000,16,10,6,918.4
22230006601000,11,5,6,416.9
22230006606000,8,3,5,279.2
22230006607000,51,22,29,2050.2
22230006608000,36,19,17,1630.8
22230006609000,25,15,10,822.5
22230006610000,19,12,7,577.6
22230006611000,14,5,9,637
22230006612000,38,20,18,1166.6
22230006613000,13,6,7,543.4
22230006614000,6,4,2,211.2
22230006615000,2,2,0,0
22230006630000,31,17,14,759.5
22230006631000,35,21,14,1715
22230006633000,42,16,26,1596
22230006634000,110,57,53,4081
22230006635000,1593,775,818,63401.4
22230006636000,184,89,95,5225.6
22230006660000,33,16,17,1277.1
22230006661000,14,6,8,631.4
22230006663000,4,4,0,0
22230006664000,23,12,11,811.9
22230006665000,39,22,17,1450.8
22230006666000,50,29,21,1835
22230006667000,29,17,12,1296.3
22230006668000,17,8,9,1033.6
22230006669000,13,8,5,587.6
22230006684000,8,4,4,432
22230006685000,12,9,3,375.6
22230006723000,3,1,2,0
22230006724000,10,6,4,353
22230006729000,1,0,1,0
22230006730000,11,8,3,676.5
22230006754000,16,8,8,592
22230006755000,10,6,4,282
22230006756000,44,21,23,1452
22230006757000,2,2,0,0
22230006776000,20,10,10,808
22230006788000,6,5,1,390
22230006809000,7,4,3,385
22230006829000,5,4,1,247
22230006835000,1,1,0,0
22230006836000,5,2,3,290
22230006837000,82,49,33,3435.8
22230006839000,157,88,69,6327.1
22230006840000,46,25,21,1927.4
22230006841000,10,4,6,300
22230006842000,5,1,4,183
22230006859000,1,1,0,0
22230006907000,5,3,2,159
22230006908000,2,1,1,0
22230006943000,9,7,2,249.3
22230006944000,28,14,14,1016.4
22230006945000,94,46,48,3590.8
22230006947000,26,16,10,1219.4
22230006948000,44,19,25,1526.8
22230006949000,11,6,5,311.3
22230006951000,13,7,6,507
22230006952000,8,4,4,320.8
22230006953000,80,42,38,3512
22230006954000,10,5,5,293
22230006970000,4,1,3,0
22230006971000,21,13,8,1033.2
22230006972000,6,4,2,249
22230007008000,2,1,1,0
22230007049000,4,1,3,0
22230007057000,1,0,1,0
22230007070000,1,0,1,0
22230007071000,24,12,12,900
22230007072000,18,10,8,653.4
22230007073000,8,3,5,312.8
22240006553000,3,2,1,0
22240006554000,6,3,3,229.8
22240006555000,13,6,7,461.5
22240006556000,23,11,12,1265
22240006557000,117,65,52,4902.3
22240006558000,442,225,217,14365
22240006559000,3,1,2,0
22240006561000,32,16,16,1244.8
22240006562000,35,21,14,1396.5
22240006563000,396,196,200,15008.4
22240006564000,2334,1079,1255,85424.4
22240006565000,1270,606,664,49530
22240006566000,1064,541,523,41176.8
22240006567000,37,17,20,1298.7
22240006568000,60,29,31,2424
22240006569000,7,4,3,345.1
22240006570000,8,2,6,374.4
22240006571000,1,1,0,0
22240006572000,13,8,5,522.6
22240006575000,2,1,1,0
22240006576000,12,4,8,576
22240006577000,22,12,10,781
22240006578000,12,8,4,277.2
22240006579000,41,23,18,1627.7
22240006580000,15,10,5,523.5
22240006581000,5,3,2,221
22240006582000,18,9,9,759.6
22240006583000,93,45,48,2873.7
22240006584000,20,11,9,802
22240006585000,290,148,142,9222
22240006586000,17,9,8,562.7
22240006587000,8,5,3,184.8
22240006588000,48,26,22,2025.6
22240006589000,49,24,25,1572.9
22240006590000,5,3,2,223
22240006591000,14,7,7,564.2
22240006592000,6,3,3,169.8
22240006595000,22,11,11,739.2
22240006596000,20,9,11,810
22240006597000,6,3,3,193.8
22240006598000,14,7,7,610.4
22240006600000,1,0,1,0
22240006601000,2,1,1,0
22240006602000,1,1,0,0
22240006603000,6,3,3,255
22240006604000,2,1,1,0
22240006606000,105,56,49,4357.5
22240006607000,424,221,203,16875.2
22240006609000,10,5,5,459
22240006610000,11,6,5,462
22240006611000,18,10,8,522
22240006612000,2,0,2,0
22240006613000,4,3,1,0
22240006630000,3,2,1,0
22240006631000,107,60,47,3991.1
22240006633000,136,78,58,5630.4
22240006634000,92,53,39,3339.6
22240006635000,686,354,332,24833.2
22240006661000,43,24,19,1874.8
22240006662000,25,10,15,917.5
22240006665000,9,4,5,234.9
22240006666000,200,97,103,7240
22240006667000,190,84,106,9215
22240006668000,9,5,4,288
22240006669000,17,8,9,656.2
22240006684000,8,3,5,310.4
22240006685000,41,22,19,1377.6
22240006722000,2,1,1,0
22240006723000,3,3,0,0
22240006724000,17,8,9,683.4
22240006725000,1,1,0,0
22240006726000,6,2,4,267
22240006728000,2,1,1,0
22240006729000,4,2,2,0
22240006752000,3,2,1,0
22240006753000,4,3,1,0
22240006754000,21,12,9,653.1
22240006755000,12,7,5,567.6
22240006756000,16,8,8,446.4
22240006757000,4,2,2,0
22240006758000,2,2,0,0
22240006775000,26,12,14,1463.8
22240006776000,1,1,0,0
22240006809000,16,6,10,1032
22240006810000,4,2,2,0
22240006835000,22,12,10,935
22240006836000,33,18,15,1669.8
22240006837000,92,50,42,3808.8
22240006839000,26,13,13,1188.2
22240006840000,47,18,29,2124.4
22240006841000,32,20,12,1049.6
22240006842000,1,1,0,0
22240006907000,3,1,2,0
22240006944000,10,5,5,410
22240006945000,21,9,12,766.5
22240006946000,9,4,5,478.8
22240006947000,10,3,7,393
22240006948000,18,8,10,822.6
22240006949000,14,8,6,452.2
22240006950000,21,10,11,903
22240006951000,7,4,3,228.9
22240006952000,1,0,1,0
22240006953000,36,15,21,1292.4
22240006971000,14,8,6,511
22240006972000,25,16,9,1075
22240007008000,5,2,3,289
22240007014000,4,2,2,0
22240007015000,11,5,6,510.4
22240007016000,3,2,1,0
22240007023000,1,0,1,0
22240007041000,5,3,2,195
22240007058000,2,1,1,0
22240007070000,7,4,3,336
22240007071000,11,6,5,475.2
22240007072000,24,12,12,876
22240007073000,4,2,2,0
22250006554000,56,31,25,2475.2
22250006555000,34,16,18,1550.4
22250006556000,89,52,37,3898.2
22250006557000,38,21,17,1664.4
22250006558000,163,82,81,6226.6
22250006559000,758,359,399,29410.4
22250006560000,626,316,310,22786.4
22250006561000,203,103,100,8038.8
22250006562000,489,226,263,18875.4
22250006563000,774,400,374,28096.2
22250006564000,1334,656,678,55227.6
22250006565000,2306,1117,1189,95007.2
22250006566000,1023,508,515,37748.7
22250006567000,98,59,39,3586.8
22250006568000,119,66,53,4379.2
22250006569000,6,4,2,216
22250006571000,1,1,0,0
22250006572000,21,10,11,747.6
22250006573000,6,3,3,346.8
22250006574000,15,9,6,721.5
22250006575000,44,21,23,1623.6
22250006576000,2,1,1,0
22250006577000,31,15,16,1190.4
22250006578000,28,18,10,974.4
22250006580000,6,3,3,220.2
22250006581000,13,7,6,543.4
22250006582000,11,7,4,456.5
22250006583000,424,199,225,19419.2
22250006584000,397,184,213,20008.8
22250006585000,45,24,21,1552.5
22250006586000,29,14,15,1003.4
22250006587000,9,4,5,261
22250006589000,23,14,9,899.3
22250006590000,4,3,1,0
22250006591000,32,17,15,1132.8
22250006592000,37,18,19,1505.9
22250006601000,6,3,3,294
22250006602000,6,2,4,199.2
22250006603000,6,2,4,196.8
22250006604000,13,7,6,403
22250006606000,16,11,5,716.8
22250006607000,13,6,7,689
22250006612000,23,12,11,1039.6
22250006616000,3,2,1,0
22250006617000,2,2,0,0
22250006626000,20,11,9,858
22250006627000,4,2,2,0
22250006629000,15,6,9,598.5
22250006630000,50,23,27,1845
22250006631000,117,59,58,4715.1
22250006633000,225,110,115,8505
22250006634000,1072,537,535,43308.8
22250006635000,538,261,277,20928.2
22250006662000,26,12,14,1157
22250006666000,19,8,11,613.7
22250006667000,29,17,12,1247
22250006668000,28,16,12,1038.8
22250006670000,5,2,3,212
22250006672000,16,6,10,900.8
22250006673000,30,15,15,1323
22250006674000,7,4,3,221.9
22250006684000,15,8,7,538.5
22250006685000,70,31,39,2730
22250006686000,3,2,1,0
22250006687000,1,1,0,0
22250006715000,8,5,3,290.4
22250006723000,9,7,2,261
22250006724000,167,75,92,8617.2
22250006725000,64,33,31,3014.4
22250006726000,17,9,8,1008.1
22250006727000,6,5,1,247.2
22250006728000,16,8,8,521.6
22250006729000,7,4,3,490.7
22250006752000,2,2,0,0
22250006754000,31,17,14,1078.8
22250006755000,18,14,4,507.6
22250006756000,9,3,6,482.4
22250006771000,2,1,1,0
22250006772000,4,3,1,0
22250006774000,15,9,6,589.5
22250006775000,16,8,8,516.8
22250006778000,1,1,0,0
22250006808000,9,4,5,358.2
22250006809000,19,11,8,991.8
22250006810000,4,2,2,0
22250006836000,60,28,32,2274
22250006837000,29,12,17,1568.9
22250006838000,11,6,5,447.7
22250006839000,10,5,5,419
22250006840000,3,1,2,0
22250006841000,3,1,2,0
22250006846000,2,1,1,0
22250006905000,2,1,1,0
22250006906000,5,3,2,115
22250006947000,12,6,6,414
22250006948000,11,7,4,543.4
22250006949000,34,19,15,1288.6
22250006950000,18,10,8,788.4
22250006951000,45,21,24,1768.5
22250006952000,70,36,34,3234
22250006953000,57,33,24,2234.4
22250006973000,27,14,13,1123.2
22250007008000,7,3,4,315.7
22250007015000,12,5,7,430.8
22250007017000,10,4,6,454
22250007041000,152,82,70,6672.8
22250007042000,16,8,8,569.6
22250007048000,6,4,2,229.8
22250007049000,2,1,1,0
22250007051000,5,3,2,311
22250007055000,1,1,0,0
22250007059000,8,4,4,392
22250007070000,5,3,2,175
22250007086000,15,7,8,652.5
22250007089000,3,2,1,0
22260006554000,118,59,59,4590.2
22260006555000,28,17,11,1299.2
22260006557000,5,2,3,294
22260006558000,8,4,4,468
22260006559000,96,51,45,3993.6
22260006560000,846,439,407,31471.2
22260006561000,864,439,425,33004.8
22260006562000,1081,508,573,54590.5
22260006563000,761,380,381,28841.9
22260006564000,3600,1630,1970,180360
22260006565000,1417,695,722,59939.1
22260006566000,2086,999,1087,80311
22260006567000,569,308,261,20996.1
22260006568000,450,231,219,15705
22260006569000,348,187,161,10996.8
22260006570000,70,36,34,2457
22260006571000,6,3,3,141
22260006572000,3,1,2,0
22260006574000,18,11,7,770.4
22260006575000,35,16,19,1291.5
22260006576000,4,1,3,0
22260006577000,1,1,0,0
22260006578000,18,8,10,577.8
22260006579000,13,10,3,546
22260006580000,14,9,5,467.6
22260006581000,16,11,5,692.8
22260006582000,21,11,10,674.1
22260006583000,466,245,221,15844
22260006584000,63,33,30,2444.4
22260006585000,25,11,14,710
22260006589000,3,1,2,0
22260006590000,28,17,11,921.2
22260006591000,18,10,8,480.6
22260006592000,40,21,19,1432
22260006598000,7,4,3,294
22260006599000,15,7,8,565.5
22260006601000,2,1,1,0
22260006602000,9,3,6,552.6
22260006603000,11,5,6,569.8
22260006604000,21,11,10,896.7
22260006605000,15,9,6,574.5
22260006606000,57,29,28,2337
22260006607000,8,6,2,314.4
22260006608000,11,6,5,220
22260006609000,18,9,9,781.2
22260006610000,23,13,10,788.9
22260006611000,7,3,4,247.8
22260006612000,21,13,8,688.8
22260006616000,21,10,11,915.6
22260006617000,19,12,7,805.6
22260006626000,38,22,16,1535.2
22260006627000,39,20,19,1653.6
22260006629000,387,186,201,14086.8
22260006630000,1321,639,682,47820.2
22260006631000,1246,615,631,42737.8
22260006632000,48,22,26,1728
22260006633000,1464,685,779,69393.6
22260006634000,3147,1453,1694,135950.4
22260006635000,257,128,129,13338.3
22260006641000,7,3,4,254.8
22260006662000,11,6,5,548.9
22260006663000,7,4,3,268.1
22260006667000,1,0,1,0
22260006668000,11,8,3,536.8
22260006669000,33,15,18,1392.6
22260006670000,128,63,65,4428.8
22260006671000,163,80,83,5868
22260006672000,103,52,51,4058.2
22260006673000,54,24,30,1954.8
22260006674000,2,1,1,0
22260006677000,1,1,0,0
22260006684000,23,13,10,738.3
22260006685000,45,25,20,1800
22260006711000,3,3,0,0
22260006712000,14,8,6,634.2
22260006713000,7,3,4,317.8
22260006714000,5,2,3,329
22260006723000,5,2,3,188
22260006724000,13,5,8,422.5
22260006725000,9,6,3,324.9
22260006726000,12,8,4,570
22260006727000,4,1,3,0
22260006754000,38,19,19,1793.6
22260006755000,38,21,17,1470.6
22260006756000,1,1,0,0
22260006757000,1,0,1,0
22260006758000,3,1,2,0
22260006767000,13,6,7,686.4
22260006772000,10,4,6,334
22260006773000,12,5,7,625.2
22260006774000,11,7,4,513.7
22260006775000,3,2,1,0
22260006783000,2,1,1,0
22260006807000,1,1,0,0
22260006808000,32,18,14,1779.2
22260006835000,5,2,3,232
22260006836000,74,34,40,2649.2
22260006837000,37,22,15,1683.5
22260006838000,11,5,6,434.5
22260006843000,1,0,1,0
22260006906000,4,2,2,0
22260006949000,25,11,14,815
22260006950000,563,288,275,19986.5
22260006951000,1006,483,523,42453.2
22260006952000,247,123,124,9633
22260006953000,4,3,1,0
22260006973000,24,12,12,856.8
22260007007000,7,4,3,319.2
22260007008000,22,11,11,836
22260007015000,11,5,6,595.1
22260007016000,3,2,1,0
22260007019000,4,2,2,0
22260007020000,7,4,3,287
22260007023000,2,1,1,0
22260007041000,23,14,9,993.6
22260007042000,3,1,2,0
22260007043000,2,1,1,0
22260007049000,3,1,2,0
22260007051000,2,0,2,0
22260007060000,4,2,2,0
22260007087000,1,1,0,0
22270006560000,220,120,100,9196
22270006561000,465,227,238,18042
22270006562000,1387,664,723,55757.4
22270006563000,1278,672,606,53931.6
22270006564000,1654,839,815,68971.8
22270006565000,1142,561,581,43167.6
22270006566000,830,416,414,32619
22270006567000,19,9,10,708.7
22270006568000,17,9,8,489.6
22270006569000,28,12,16,1033.2
22270006570000,101,54,47,3444.1
22270006571000,238,116,122,7973
22270006572000,70,34,36,2793
22270006573000,18,9,9,943.2
22270006575000,44,23,21,1601.6
22270006576000,31,15,16,1243.1
22270006577000,54,25,29,2170.8
22270006578000,25,12,13,1127.5
22270006579000,71,40,31,2399.8
22270006580000,11,7,4,327.8
22270006581000,58,31,27,1902.4
22270006582000,56,30,26,2088.8
22270006583000,152,75,77,4757.6
22270006584000,2,1,1,0
22270006588000,4,3,1,0
22270006589000,4,2,2,0
22270006590000,2,1,1,0
22270006591000,11,5,6,611.6
22270006592000,22,10,12,809.6
22270006593000,60,34,26,2040
22270006594000,18,12,6,588.6
22270006595000,3,2,1,0
22270006596000,2,1,1,0
22270006597000,25,11,14,1002.5
22270006598000,111,63,48,3718.5
22270006599000,20,11,9,866
22270006600000,31,17,14,1267.9
22270006601000,25,12,13,830
22270006602000,71,33,38,2477.9
22270006603000,11,8,3,500.5
22270006604000,27,14,13,1123.2
22270006605000,40,21,19,1644
22270006606000,139,73,66,5323.7
22270006607000,24,10,14,1032
22270006608000,17,11,6,574.6
22270006609000,6,3,3,270
22270006610000,2,1,1,0
22270006611000,4,2,2,0
22270006614000,5,3,2,273
22270006615000,25,16,9,1040
22270006616000,14,7,7,544.6
22270006617000,8,4,4,388.8
22270006618000,5,3,2,119
22270006625000,3,1,2,0
22270006626000,4,2,2,0
22270006627000,194,97,97,5936.4
22270006628000,1631,805,826,54475.4
22270006629000,1257,593,664,55433.7
22270006630000,2123,1040,1083,78126.4
22270006631000,1168,577,591,44033.6
22270006632000,847,394,453,31169.6
22270006633000,1455,730,725,50779.5
22270006634000,3258,1531,1727,143677.8
22270006635000,42,19,23,2461.2
22270006662000,4,2,2,0
22270006663000,20,10,10,1002
22270006669000,29,17,12,1293.4
22270006670000,337,172,165,11087.3
22270006671000,209,105,104,8339.1
22270006672000,15,7,8,742.5
22270006673000,13,7,6,551.2
22270006674000,7,4,3,396.2
22270006684000,30,14,16,1461
22270006685000,15,7,8,472.5
22270006701000,6,3,3,217.8
22270006703000,6,3,3,172.8
22270006704000,3,2,1,0
22270006705000,3,2,1,0
22270006706000,2,1,1,0
22270006707000,6,4,2,301.2
22270006708000,43,27,16,1259.9
22270006710000,5,3,2,276
22270006711000,29,14,15,1305
22270006712000,12,7,5,397.2
22270006754000,1,1,0,0
22270006755000,22,12,10,895.4
22270006756000,30,13,17,966
22270006757000,6,4,2,208.8
22270006758000,1,1,0,0
22270006767000,41,24,17,1726.1
22270006772000,1,1,0,0
22270006773000,24,7,17,943.2
22270006774000,3,2,1,0
22270006806000,2,1,1,0
22270006835000,37,21,16,1727.9
22270006836000,55,30,25,2134
22270006837000,225,110,115,9000
22270006838000,84,40,44,3032.4
22270006905000,1,0,1,0
22270006906000,25,14,11,1285
22270006907000,10,6,4,345
22270006908000,3,2,1,0
22270006950000,15,7,8,450
22270006951000,772,366,406,32964.4
22270006952000,689,328,361,32176.3
22270006973000,3,1,2,0
22270006974000,9,5,4,352.8
22270007004000,16,9,7,512
22270007005000,31,13,18,1475.6
22270007006000,34,18,16,1424.6
22270007007000,311,166,145,13808.4
22270007008000,22,11,11,1003.2
22270007009000,19,10,9,619.4
22270007010000,10,5,5,294
22270007015000,3,2,1,0
22270007016000,5,3,2,130
22270007017000,11,6,5,322.3
22270007018000,30,19,11,1086
22270007019000,20,11,9,866
22270007021000,15,9,6,601.5
22270007022000,6,2,4,243
22270007026000,2,1,1,0
22270007027000,11,6,5,489.5
22270007041000,5,4,1,119
22270007042000,3,2,1,0
22270007043000,23,11,12,740.6
22270007059000,3,2,1,0
22270007060000,2,1,1,0
22270007062000,11,7,4,543.4
22280006556000,9,4,5,410.4
22280006557000,74,34,40,3603.8
22280006558000,46,23,23,2010.2
22280006559000,140,69,71,6524
22280006560000,593,291,302,21407.3
22280006561000,175,73,102,7350
22280006562000,832,410,422,32364.8
22280006563000,1358,658,700,51604
22280006564000,1239,611,628,47453.7
22280006565000,481,252,229,17412.2
22280006566000,539,271,268,19619.6
22280006567000,36,20,16,1245.6
22280006569000,39,20,19,1419.6
22280006570000,20,12,8,838
22280006572000,103,63,40,3594.7
22280006573000,42,23,19,1612.8
22280006574000,14,8,6,495.6
22280006576000,6,2,4,111
22280006577000,3,2,1,0
22280006578000,3,2,1,0
22280006579000,49,30,19,1950.2
22280006580000,10,5,5,427
22280006581000,5,3,2,141
22280006582000,31,13,18,889.7
22280006583000,12,6,6,423.6
22280006585000,6,3,3,195
22280006587000,5,2,3,208
22280006588000,37,19,18,1402.3
22280006589000,8,3,5,299.2
22280006590000,8,6,2,319.2
22280006592000,26,15,11,865.8
22280006593000,14,6,8,737.8
22280006594000,9,5,4,267.3
22280006595000,158,83,75,6557
22280006596000,89,45,44,2385.2
22280006597000,18,9,9,511.2
22280006598000,34,19,15,989.4
22280006599000,20,11,9,964
22280006600000,30,15,15,789
22280006601000,35,19,16,1256.5
22280006602000,6,4,2,231
22280006604000,5,3,2,108
22280006605000,62,33,29,1915.8
22280006606000,144,72,72,4320
22280006607000,1,1,0,0
22280006613000,84,43,41,3040.8
22280006614000,25,14,11,912.5
22280006615000,119,59,60,4605.3
22280006616000,28,16,12,1282.4
22280006617000,20,8,12,748
22280006618000,7,3,4,273
22280006625000,5,1,4,194
22280006626000,21,11,10,735
22280006627000,25,13,12,1235
22280006628000,65,34,31,2216.5
22280006629000,440,220,220,15400
22280006630000,192,88,104,6547.2
22280006631000,253,133,120,8070.7
22280006632000,1262,653,609,44422.4
22280006633000,2525,1221,1304,94687.5
22280006634000,1003,505,498,38314.6
22280006635000,1,1,0,0
22280006643000,11,7,4,465.3
22280006662000,4,3,1,0
22280006663000,30,13,17,1593
22280006670000,9,5,4,531.9
22280006671000,185,92,93,7788.5
22280006672000,191,97,94,7792.8
22280006683000,17,8,9,748
22280006684000,123,66,57,4870.8
22280006685000,15,10,5,633
22280006698000,2,1,1,0
22280006700000,10,4,6,567
22280006701000,7,4,3,184.1
22280006702000,2,2,0,0
22280006704000,23,13,10,1085.6
22280006705000,21,10,11,1079.4
22280006706000,4,3,1,0
22280006708000,14,8,6,807.8
22280006709000,8,5,3,490.4
22280006710000,4,2,2,0
22280006712000,1,1,0,0
22280006713000,8,5,3,454.4
22280006714000,8,4,4,215.2
22280006753000,3,2,1,0
22280006754000,4,4,0,0
22280006755000,45,24,21,2209.5
22280006756000,67,33,34,2961.4
22280006757000,38,18,20,1531.4
22280006758000,13,8,5,384.8
22280006765000,1,1,0,0
22280006766000,24,12,12,1113.6
22280006767000,45,24,21,1759.5
22280006768000,6,5,1,201
22280006772000,9,3,6,385.2
22280006773000,32,17,15,1516.8
22280006775000,5,2,3,278
22280006776000,1,1,0,0
22280006778000,2,1,1,0
22280006805000,4,3,1,0
22280006806000,4,2,2,0
22280006835000,53,25,28,2061.7
22280006836000,22,9,13,682
22280006837000,153,86,67,5018.4
22280006905000,2,1,1,0
22280006906000,9,7,2,406.8
22280006907000,8,3,5,312
22280006908000,7,4,3,329.7
22280006950000,1,1,0,0
22280006951000,245,121,124,8844.5
22280006952000,463,223,240,18520
22280006953000,10,4,6,485
22280007003000,18,9,9,757.8
22280007004000,9,8,1,435.6
22280007005000,33,15,18,1673.1
22280007006000,15,8,7,634.5
22280007007000,20,12,8,802
22280007009000,27,12,15,920.7
22280007010000,75,33,42,3315
22280007011000,22,12,10,829.4
22280007017000,10,5,5,448
22280007018000,29,14,15,1012.1
22280007019000,20,11,9,634
22280007021000,12,7,5,489.6
22280007023000,6,4,2,276
22280007024000,8,3,5,363.2
22280007027000,7,3,4,308.7
22280007036000,4,2,2,0
22280007037000,15,7,8,537
22280007041000,5,1,4,92
22280007043000,17,11,6,659.6
22280007062000,2,1,1,0
22280007063000,4,2,2,0
22280007068000,102,52,50,4600.2
22290006557000,2,2,0,0
22290006558000,7,4,3,356.3
22290006559000,42,21,21,2121
22290006560000,10,4,6,286
22290006561000,3,2,1,0
22290006562000,23,7,16,1018.9
22290006563000,1029,509,520,34368.6
22290006564000,955,460,495,34857.5
22290006565000,176,88,88,7198.4
22290006566000,28,13,15,1181.6
22290006567000,65,33,32,2873
22290006568000,102,55,47,3876
22290006569000,15,8,7,589.5
22290006572000,22,13,9,858
22290006573000,37,15,22,1272.8
22290006574000,74,44,30,2405
22290006575000,23,13,10,1101.7
22290006576000,1,0,1,0
22290006577000,6,3,3,121.2
22290006578000,29,15,14,1212.2
22290006579000,59,26,33,1870.3
22290006580000,452,235,217,15006.4
22290006581000,78,45,33,2137.2
22290006582000,83,44,39,2813.7
22290006583000,9,4,5,532.8
22290006584000,18,12,6,709.2
22290006585000,1,1,0,0
22290006587000,15,8,7,553.5
22290006588000,193,98,95,6156.7
22290006589000,97,54,43,3918.8
22290006590000,115,58,57,3933
22290006591000,53,27,26,2188.9
22290006592000,51,25,26,1754.4
22290006593000,9,5,4,353.7
22290006594000,23,12,11,821.1
22290006595000,37,22,15,1350.5
22290006596000,121,62,59,5033.6
22290006597000,16,10,6,756.8
22290006598000,22,11,11,803
22290006599000,22,9,13,594
22290006605000,39,20,19,1517.1
22290006606000,98,46,52,3929.8
22290006607000,1,1,0,0
22290006612000,6,3,3,214.8
22290006613000,17,10,7,474.3
22290006614000,438,186,252,22951.2
22290006615000,609,263,346,31607.1
22290006616000,353,178,175,10625.3
22290006617000,102,53,49,3733.2
22290006618000,83,46,37,3286.8
22290006619000,51,27,24,1830.9
22290006620000,1,1,0,0
22290006621000,23,12,11,733.7
22290006622000,81,41,40,2891.7
22290006623000,36,22,14,1213.2
22290006624000,7,4,3,205.1
22290006625000,11,5,6,388.3
22290006626000,37,21,16,1454.1
22290006627000,12,5,7,590.4
22290006631000,1926,946,980,68373
22290006632000,1461,718,743,50696.7
22290006633000,2579,1231,1348,115539.2
22290006634000,496,268,228,20187.2
22290006637000,4,2,2,0
22290006643000,6,3,3,364.2
22290006644000,3,2,1,0
22290006662000,22,9,13,759
22290006671000,5,2,3,237
22290006672000,6,4,2,199.8
22290006673000,15,7,8,772.5
22290006674000,4,3,1,0
22290006683000,39,20,19,1427.4
22290006684000,43,23,20,2016.7
22290006685000,26,14,12,904.8
22290006686000,2,1,1,0
22290006697000,7,3,4,347.2
22290006698000,5,2,3,288
22290006699000,15,7,8,603
22290006700000,15,8,7,637.5
22290006701000,117,60,57,4574.7
22290006702000,4,3,1,0
22290006703000,3,3,0,0
22290006706000,15,8,7,571.5
22290006707000,7,2,5,406.7
22290006710000,6,3,3,316.2
22290006711000,2,1,1,0
22290006714000,8,2,6,382.4
22290006715000,24,13,11,955.2
22290006716000,14,9,5,806.4
22290006717000,8,4,4,480
22290006753000,9,5,4,314.1
22290006754000,24,12,12,976.8
22290006755000,47,26,21,1701.4
22290006756000,35,19,16,1361.5
22290006757000,28,15,13,1282.4
22290006758000,8,2,6,307.2
22290006766000,72,38,34,3153.6
22290006767000,11,7,4,585.2
22290006768000,20,10,10,900
22290006769000,2,1,1,0
22290006773000,18,8,10,808.2
22290006774000,32,17,15,1539.2
22290006805000,7,4,3,314.3
22290006806000,1,1,0,0
22290006819000,2,1,1,0
22290006834000,13,8,5,410.8
22290006835000,9,4,5,388.8
22290006836000,16,11,5,576
22290006837000,63,30,33,2488.5
22290006838000,22,10,12,1113.2
22290006839000,4,2,2,0
22290006903000,3,1,2,0
22290006904000,15,6,9,838.5
22290006905000,28,17,11,1232
22290006906000,9,5,4,452.7
22290006952000,48,24,24,1368
22290006953000,47,22,25,2129.1
22290007003000,29,14,15,1180.3
22290007004000,6,5,1,157.8
22290007006000,8,5,3,452.8
22290007008000,3,1,2,0
22290007010000,7,2,5,268.1
22290007011000,19,11,8,769.5
22290007012000,14,5,9,490
22290007019000,15,8,7,691.5
22290007023000,2,1,1,0
22290007025000,12,9,3,285.6
22290007027000,10,6,4,376
22290007028000,26,15,11,941.2
22290007029000,6,3,3,283.8
22290007030000,4,2,2,0
22290007037000,7,4,3,294
22290007038000,5,3,2,128
22290007040000,8,4,4,328
22290007043000,2,1,1,0
22290007062000,4,2,2,0
22290007063000,6,2,4,337.8
22290007068000,55,29,26,2266
22290007069000,2,1,1,0
22300006557000,10,6,4,434
22300006558000,19,10,9,723.9
22300006559000,30,17,13,1086
22300006560000,35,18,17,1407
22300006561000,35,20,15,1340.5
22300006562000,23,9,14,811.9
22300006563000,103,56,47,4326
22300006564000,260,143,117,10296
22300006565000,377,193,184,14778.4
22300006566000,139,68,71,5907.5
22300006567000,5,3,2,85
22300006568000,14,7,7,614.6
22300006569000,26,13,13,1037.4
22300006570000,20,11,9,648
22300006572000,45,25,20,1804.5
22300006573000,61,33,28,2336.3
22300006574000,739,374,365,28968.8
22300006575000,208,109,99,6864
22300006576000,29,19,10,1171.6
22300006577000,31,17,14,871.1
22300006578000,11,8,3,687.5
22300006579000,16,8,8,521.6
22300006580000,42,22,20,1537.2
22300006581000,39,22,17,1497.6
22300006582000,16,9,7,764.8
22300006583000,2,1,1,0
22300006584000,14,7,7,572.6
22300006585000,27,19,8,874.8
22300006586000,11,6,5,586.3
22300006587000,70,35,35,2254
22300006588000,40,23,17,1456
22300006589000,75,34,41,2602.5
22300006590000,571,256,315,23982
22300006591000,90,44,46,4041
22300006592000,99,49,50,3831.3
22300006593000,26,12,14,761.8
22300006594000,7,4,3,359.8
22300006595000,28,13,15,1159.2
22300006596000,39,22,17,1575.6
22300006597000,24,12,12,895.2
22300006598000,9,6,3,531.9
22300006599000,12,6,6,585.6
22300006600000,25,14,11,830
22300006601000,22,12,10,679.8
22300006602000,17,8,9,606.9
22300006603000,16,12,4,438.4
22300006604000,13,8,5,496.6
22300006605000,86,45,41,3096
22300006606000,79,43,36,3128.4
22300006611000,113,58,55,4361.8
22300006612000,38,20,18,1497.2
22300006613000,28,16,12,1304.8
22300006614000,183,92,91,5691.3
22300006615000,333,176,157,12054.6
22300006616000,60,31,29,2178
22300006617000,19,8,11,731.5
22300006618000,127,70,57,4559.3
22300006619000,300,152,148,10410
22300006620000,171,77,94,5865.3
22300006621000,174,85,89,6107.4
22300006622000,212,115,97,8013.6
22300006623000,68,35,33,2067.2
22300006624000,21,10,11,651
22300006625000,44,24,20,1452
22300006626000,30,15,15,1353
22300006627000,56,30,26,2413.6
22300006629000,359,193,166,13139.4
22300006630000,1958,1002,956,79690.6
22300006631000,2684,1331,1353,104407.6
22300006632000,3339,1658,1681,149587.2
22300006633000,607,299,308,21973.4
22300006635000,4,1,3,0
22300006636000,31,19,12,1308.2
22300006637000,15,9,6,864
22300006638000,22,11,11,635.8
22300006639000,24,12,12,1051.2
22300006640000,152,78,74,4590.4
22300006641000,186,87,99,7384.2
22300006642000,15,6,9,589.5
22300006643000,4,2,2,0
22300006644000,7,3,4,272.3
22300006645000,3,1,2,0
22300006662000,12,7,5,512.4
22300006674000,24,15,9,892.8
22300006675000,54,31,23,2262.6
22300006676000,5,3,2,221
22300006683000,53,25,28,2459.2
22300006684000,27,13,14,1131.3
22300006696000,2,1,1,0
22300006697000,24,11,13,890.4
22300006698000,13,7,6,423.8
22300006699000,11,5,6,306.9
22300006700000,9,5,4,334.8
22300006708000,11,4,7,477.4
22300006709000,18,12,6,768.6
22300006710000,1,0,1,0
22300006716000,2,1,1,0
22300006718000,10,5,5,662
22300006720000,1,1,0,0
22300006721000,3,2,1,0
22300006753000,30,17,13,795
22300006754000,38,19,19,1333.8
22300006755000,37,19,18,1420.8
22300006756000,20,11,9,700
22300006757000,22,10,12,981.2
22300006758000,10,3,7,288
22300006759000,5,3,2,320
22300006760000,3,2,1,0
22300006761000,4,2,2,0
22300006764000,11,5,6,360.8
22300006765000,8,5,3,344
22300006766000,34,15,19,1101.6
22300006767000,2,1,1,0
22300006768000,10,6,4,417
22300006769000,20,10,10,872
22300006772000,9,5,4,233.1
22300006773000,89,48,41,3738
22300006774000,40,21,19,2036
22300006775000,5,4,1,214
22300006805000,49,21,28,2004.1
22300006806000,6,4,2,337.8
22300006807000,2,1,1,0
22300006831000,1,1,0,0
22300006833000,13,8,5,585
22300006834000,22,8,14,891
22300006835000,30,12,18,1380
22300006836000,180,83,97,10530
22300006837000,39,21,18,1899.3
22300006838000,8,4,4,354.4
22300006840000,9,7,2,356.4
22300006901000,4,3,1,0
22300006902000,19,9,10,706.8
22300006903000,3,1,2,0
22300006904000,26,14,12,1333.8
22300006905000,6,3,3,151.8
22300006906000,12,8,4,439.2
22300006907000,2,2,0,0
22300006952000,11,5,6,357.5
22300006953000,40,18,22,1404
22300006954000,16,8,8,694.4
22300007002000,9,4,5,203.4
22300007011000,8,5,3,192
22300007012000,1,1,0,0
22300007013000,10,4,6,624
22300007014000,16,9,7,729.6
22300007019000,21,12,9,833.7
22300007021000,17,10,7,460.7
22300007023000,2,1,1,0
22300007028000,15,7,8,660
22300007029000,9,5,4,439.2
22300007040000,9,4,5,408.6
22300007043000,3,2,1,0
22300007057000,7,3,4,277.9
22300007059000,1,1,0,0
22300007060000,2,1,1,0
22300007061000,2,1,1,0
22300007063000,1,0,1,0
22300007064000,9,4,5,458.1
22300007069000,45,24,21,2232
22300007070000,2,1,1,0
22300007076000,3,1,2,0
22310006560000,9,4,5,547.2
22310006561000,10,5,5,438
22310006564000,8,4,4,370.4
22310006565000,331,178,153,11220.9
22310006566000,61,33,28,2818.2
22310006567000,41,21,20,1681
22310006568000,30,16,14,1305
22310006569000,12,8,4,504
22310006570000,36,22,14,1180.8
22310006571000,41,23,18,1500.6
22310006572000,15,8,7,711
22310006573000,116,56,60,4709.6
22310006574000,1094,498,596,47479.6
22310006575000,17,9,8,474.3
22310006576000,215,119,96,7353
22310006577000,2,1,1,0
22310006578000,23,10,13,892.4
22310006579000,16,9,7,632
22310006580000,32,18,14,1276.8
22310006581000,26,12,14,1240.2
22310006582000,27,14,13,696.6
22310006583000,9,6,3,384.3
22310006584000,9,4,5,231.3
22310006585000,112,59,53,4491.2
22310006586000,70,33,37,2744
22310006587000,18,11,7,644.4
22310006588000,9,5,4,266.4
22310006589000,52,28,24,1856.4
22310006590000,858,426,432,25568.4
22310006591000,285,131,154,15276
22310006592000,14,7,7,586.6
22310006593000,8,3,5,428.8
22310006594000,9,5,4,309.6
22310006595000,40,26,14,1452
22310006596000,114,48,66,6315.6
22310006597000,81,42,39,2721.6
22310006598000,91,48,43,3239.6
22310006599000,33,18,15,1372.8
22310006600000,34,19,15,1502.8
22310006601000,32,18,14,1136
22310006602000,25,12,13,842.5
22310006603000,44,24,20,1870
22310006604000,563,293,270,22013.3
22310006605000,886,452,434,35617.2
22310006606000,112,54,58,4468.8
22310006609000,12,6,6,675.6
22310006610000,61,34,27,2623
22310006611000,11,6,5,500.5
22310006613000,216,108,108,8186.4
22310006614000,754,364,390,29179.8
22310006615000,98,44,54,3439.8
22310006616000,56,27,29,1702.4
22310006617000,111,58,53,3862.8
22310006618000,16,11,5,601.6
22310006619000,36,20,16,1346.4
22310006620000,179,92,87,6605.1
22310006621000,255,129,126,9741
22310006622000,70,36,34,2457
22310006623000,39,20,19,1220.7
22310006624000,24,11,13,888
22310006625000,38,24,14,1778.4
22310006626000,105,56,49,3696
22310006627000,70,35,35,2499
22310006628000,177,87,90,6354.3
22310006629000,4209,2021,2188,143106
22310006630000,2918,1452,1466,108257.8
22310006631000,811,431,380,27979.5
22310006632000,3380,1630,1750,142298
22310006633000,1209,565,644,52470.6
22310006634000,143,75,68,5205.2
22310006635000,87,44,43,3384.3
22310006636000,39,23,16,1493.7
22310006637000,44,26,18,1425.6
22310006638000,29,13,16,1273.1
22310006639000,103,54,49,4006.7
22310006640000,166,79,87,6889
22310006641000,79,36,43,3728.8
22310006642000,33,19,14,1415.7
22310006643000,9,7,2,349.2
22310006644000,64,32,32,2560
22310006645000,71,35,36,2186.8
22310006646000,30,15,15,1173
22310006661000,4,3,1,0
22310006666000,1,1,0,0
22310006667000,21,9,12,777
22310006668000,131,70,61,5672.3
22310006669000,264,135,129,9530.4
22310006670000,153,85,68,6349.5
22310006671000,6,3,3,342
22310006675000,39,20,19,1641.9
22310006676000,146,77,69,6278
22310006682000,21,13,8,735
22310006683000,39,24,15,1474.2
22310006688000,34,19,15,1438.2
22310006689000,14,8,6,655.2
22310006690000,23,10,13,952.2
22310006691000,11,6,5,476.3
22310006692000,4,3,1,0
22310006696000,22,11,11,844.8
22310006697000,42,21,21,1885.8
22310006752000,4,2,2,0
22310006753000,66,32,34,3003
22310006754000,102,46,56,4467.6
22310006755000,463,191,272,24214.9
22310006756000,22,12,10,1425.6
22310006757000,24,14,10,1123.2
22310006758000,2,1,1,0
22310006759000,2,2,0,0
22310006760000,2,1,1,0
22310006761000,25,12,13,1132.5
22310006762000,4,2,2,0
22310006763000,10,5,5,444
22310006764000,36,16,20,1886.4
22310006765000,24,10,14,1070.4
22310006766000,3,3,0,0
22310006769000,1,0,1,0
22310006772000,13,7,6,336.7
22310006773000,24,13,11,1087.2
22310006774000,7,3,4,333.2
22310006775000,6,4,2,264
22310006776000,2,1,1,0
22310006804000,3,1,2,0
22310006805000,14,7,7,683.2
22310006807000,1,1,0,0
22310006816000,2,1,1,0
22310006825000,2,1,1,0
22310006830000,5,1,4,139
22310006831000,13,9,4,536.9
22310006832000,26,15,11,1066
22310006833000,7,4,3,286.3
22310006834000,319,157,162,13015.2
22310006835000,240,113,127,10128
22310006836000,48,23,25,2001.6
22310006837000,32,17,15,1580.8
22310006838000,9,5,4,315.9
22310006839000,24,13,11,890.4
22310006840000,8,5,3,240.8
22310006901000,8,4,4,287.2
22310006902000,4,2,2,0
22310006903000,15,8,7,529.5
22310006904000,33,17,16,1597.2
22310006906000,1,1,0,0
22310006951000,3,2,1,0
22310006952000,9,5,4,307.8
22310006954000,32,16,16,1142.4
22310006955000,4,2,2,0
22310006980000,5,2,3,148
22310006993000,2,1,1,0
22310007000000,20,13,7,854
22310007001000,5,3,2,139
22310007002000,35,16,19,1848
22310007003000,4,2,2,0
22310007008000,18,11,7,649.8
22310007010000,5,4,1,212
22310007011000,283,146,137,10980.4
22310007014000,9,4,5,329.4
22310007018000,3,1,2,0
22310007019000,4,2,2,0
22310007022000,14,9,5,481.6
22310007023000,4,2,2,0
22310007028000,15,8,7,634.5
22310007029000,12,7,5,460.8
22310007030000,6,5,1,375
22310007031000,2,1,1,0
22310007043000,6,4,2,316.8
22310007064000,3,2,1,0
22310007065000,3,1,2,0
22310007069000,26,12,14,920.4
22310007070000,51,32,19,2136.9
22310007071000,19,7,12,727.7
22310007076000,7,3,4,230.3
22310007077000,18,9,9,676.8
22320006563000,11,4,7,546.7
22320006564000,36,19,17,1558.8
22320006565000,18,11,7,842.4
22320006566000,4,2,2,0
22320006567000,12,7,5,390
22320006568000,9,5,4,426.6
22320006569000,50,25,25,1835
22320006570000,95,50,45,3306
22320006571000,29,19,10,974.4
22320006572000,120,57,63,4608
22320006573000,394,178,216,18281.6
22320006574000,458,215,243,22304.6
22320006575000,92,46,46,3919.2
22320006576000,43,17,26,1685.6
22320006577000,53,26,27,1356.8
22320006578000,93,52,41,3143.4
22320006579000,239,110,129,6931
22320006580000,36,21,15,1483.2
22320006581000,55,30,25,2095.5
22320006582000,6,2,4,198
22320006583000,13,6,7,561.6
22320006584000,58,40,18,1844.4
22320006585000,34,20,14,1020
22320006586000,22,13,9,888.8
22320006587000,61,29,32,2623
22320006588000,57,28,29,2376.9
22320006589000,18,9,9,734.4
22320006590000,20,11,9,824
22320006591000,37,22,15,1346.8
22320006592000,25,13,12,737.5
22320006593000,21,12,9,844.2
22320006594000,6,3,3,253.2
22320006595000,716,352,364,26706.8
22320006596000,196,101,95,7957.6
22320006597000,189,98,91,6652.8
22320006598000,19,10,9,564.3
22320006599000,19,11,8,742.9
22320006600000,35,23,12,1547
22320006601000,26,13,13,985.4
22320006602000,13,8,5,409.5
22320006603000,41,20,21,1558
22320006604000,221,107,114,8884.2
22320006605000,117,59,58,3744
22320006606000,2,1,1,0
22320006607000,38,18,20,900.6
22320006608000,13,7,6,560.3
22320006611000,9,3,6,394.2
22320006612000,370,194,176,12839
22320006613000,455,219,236,16516.5
22320006614000,9,6,3,528.3
22320006615000,2,1,1,0
22320006616000,4,3,1,0
22320006618000,18,10,8,635.4
22320006619000,11,6,5,415.8
22320006620000,13,9,4,669.5
22320006621000,53,30,23,1939.8
22320006622000,3,2,1,0
22320006623000,42,23,19,1680
22320006624000,754,391,363,25711.4
22320006625000,338,177,161,11120.2
22320006626000,97,56,41,3783
22320006627000,376,200,176,11468
22320006628000,110,56,54,3630
22320006629000,1,0,1,0
22320006630000,2263,1121,1142,93688.2
22320006631000,29,16,13,1432.6
22320006632000,404,200,204,13574.4
22320006633000,1236,602,634,47338.8
22320006634000,229,105,124,8976.8
22320006635000,239,120,119,9034.2
22320006636000,367,181,186,13505.6
22320006637000,986,492,494,33622.6
22320006638000,77,41,36,2564.1
22320006639000,88,48,40,3678.4
22320006640000,35,17,18,1550.5
22320006641000,25,15,10,965
22320006642000,48,25,23,2116.8
22320006643000,124,69,55,4699.6
22320006644000,160,85,75,5584
22320006645000,303,158,145,11120.1
22320006646000,285,150,135,10545
22320006650000,2,1,1,0
22320006667000,45,25,20,1984.5
22320006668000,73,37,36,3109.8
22320006669000,85,39,46,3434
22320006670000,64,33,31,2259.2
22320006671000,33,17,16,1580.7
22320006672000,6,3,3,294
22320006674000,3,1,2,0
22320006675000,1,0,1,0
22320006676000,46,24,22,1840
22320006677000,43,20,23,1672.7
22320006678000,34,20,14,1162.8
22320006679000,26,11,15,941.2
22320006680000,27,14,13,1285.2
22320006681000,10,5,5,458
22320006682000,13,9,4,496.6
22320006683000,38,18,20,1428.8
22320006686000,19,9,10,908.2
22320006687000,26,14,12,767
22320006688000,26,13,13,1253.2
22320006689000,4,3,1,0
22320006690000,4,2,2,0
22320006691000,20,9,11,872
22320006692000,40,20,20,1028
22320006693000,48,28,20,1713.6
22320006694000,15,8,7,793.5
22320006695000,21,10,11,924
22320006696000,32,15,17,1276.8
22320006697000,15,7,8,573
22320006718000,1,0,1,0
22320006721000,7,4,3,275.1
22320006750000,1,1,0,0
22320006752000,22,11,11,1038.4
22320006753000,204,105,99,9016.8
22320006754000,912,422,490,39580.8
22320006755000,297,144,153,13157.1
22320006756000,28,12,16,1215.2
22320006757000,6,3,3,363
22320006760000,20,12,8,596
22320006761000,17,9,8,734.4
22320006762000,4,3,1,0
22320006763000,3,2,1,0
22320006764000,40,19,21,1796
22320006768000,9,3,6,314.1
22320006769000,13,7,6,656.5
22320006770000,7,2,5,240.8
22320006771000,40,18,22,1432
22320006772000,13,7,6,686.4
22320006776000,10,4,6,307
22320006802000,13,8,5,673.4
22320006803000,39,24,15,1891.5
22320006804000,13,6,7,635.7
22320006829000,2,1,1,0
22320006830000,1,1,0,0
22320006831000,39,18,21,1626.3
22320006832000,45,23,22,2178
22320006833000,23,7,16,848.7
22320006834000,81,40,41,3531.6
22320006835000,46,19,27,2010.2
22320006836000,47,25,22,1626.2
22320006837000,2,1,1,0
22320006844000,3,2,1,0
22320006901000,19,11,8,864.5
22320006902000,8,5,3,431.2
22320006903000,5,3,2,173
22320006904000,10,5,5,313
22320006952000,1,1,0,0
22320006954000,5,3,2,120
22320006955000,53,24,29,2130.6
22320006956000,20,10,10,558
22320006987000,3,2,1,0
22320006988000,9,4,5,443.7
22320006993000,10,5,5,504
22320006994000,15,9,6,786
22320006995000,2,2,0,0
22320006996000,13,6,7,735.8
22320006997000,15,7,8,831
22320006998000,20,12,8,970
22320006999000,37,19,18,1320.9
22320007000000,27,16,11,1331.1
22320007001000,166,75,91,7436.8
22320007002000,299,144,155,12916.8
22320007005000,1,0,1,0
22320007006000,73,39,34,2795.9
22320007007000,95,53,42,4104
22320007008000,159,74,85,7457.1
22320007009000,148,70,78,6985.6
22320007010000,68,39,29,2679.2
22320007011000,4,2,2,0
22320007014000,14,6,8,698.6
22320007024000,18,9,9,799.2
22320007026000,4,1,3,0
22320007027000,2,1,1,0
22320007028000,5,1,4,80
22320007029000,12,9,3,366
22320007030000,5,3,2,262
22320007033000,4,2,2,0
22320007063000,5,2,3,353
22320007064000,3,2,1,0
22320007065000,16,6,10,628.8
22320007071000,28,17,11,1033.2
22320007072000,53,31,22,1902.7
22320007073000,36,18,18,1530
22320007074000,12,6,6,550.8
22320007077000,66,32,34,2488.2
22320007082000,14,9,5,600.6
22320007083000,9,5,4,460.8
22330006565000,2,1,1,0
22330006566000,31,14,17,1410.5
22330006567000,17,7,10,783.7
22330006568000,3,1,2,0
22330006569000,46,26,20,1771
22330006571000,338,171,167,13790.4
22330006572000,217,109,108,8050.7
22330006573000,324,162,162,11178
22330006574000,587,303,284,22540.8
22330006575000,191,95,96,6150.2
22330006577000,2,1,1,0
22330006579000,414,220,194,14572.8
22330006580000,649,335,314,25051.4
22330006581000,24,16,8,936
22330006582000,16,7,9,825.6
22330006583000,49,24,25,1773.8
22330006584000,5,3,2,139
22330006585000,4,3,1,0
22330006586000,79,40,39,2733.4
22330006587000,258,128,130,9597.6
22330006589000,2,1,1,0
22330006590000,38,20,18,1037.4
22330006591000,20,10,10,628
22330006592000,36,20,16,1245.6
22330006593000,69,33,36,2235.6
22330006594000,14,7,7,533.4
22330006595000,22,10,12,888.8
22330006596000,164,72,92,5395.6
22330006597000,35,18,17,1435
22330006598000,24,11,13,914.4
22330006599000,44,22,22,1760
22330006600000,11,6,5,467.5
22330006601000,32,16,16,1404.8
22330006602000,7,5,2,315
22330006603000,236,129,107,8566.8
22330006604000,651,319,332,28383.6
22330006605000,402,202,200,15637.8
22330006606000,898,433,465,33764.8
22330006607000,77,41,36,2995.3
22330006608000,4,2,2,0
22330006610000,39,24,15,1439.1
22330006611000,382,180,202,12415
22330006612000,69,37,32,2277
22330006613000,18,11,7,790.2
22330006621000,8,4,4,310.4
22330006622000,5,3,2,235
22330006623000,5,2,3,104
22330006624000,29,15,14,997.6
22330006625000,52,24,28,2225.6
22330006626000,28,12,16,1313.2
22330006627000,371,190,181,10870.3
22330006628000,1395,696,699,55521
22330006629000,1553,756,797,59014
22330006630000,433,230,203,15068.4
22330006633000,708,341,367,26479.2
22330006634000,294,162,132,11642.4
22330006635000,216,112,104,7840.8
22330006636000,278,143,135,12398.8
22330006637000,1011,481,530,47314.8
22330006638000,88,44,44,2895.2
22330006639000,62,34,28,2486.2
22330006640000,104,57,47,3744
22330006641000,19,10,9,659.3
22330006642000,45,27,18,1854
22330006643000,4,2,2,0
22330006644000,76,37,39,2986.8
22330006645000,41,23,18,1164.4
22330006646000,47,25,22,1847.1
22330006647000,53,28,25,2300.2
22330006648000,92,46,46,3532.8
22330006649000,69,31,38,2615.1
22330006659000,1,1,0,0
22330006660000,5,3,2,131
22330006667000,15,7,8,480
22330006668000,43,20,23,1892
22330006669000,154,73,81,6822.2
22330006670000,55,22,33,2497
22330006671000,55,25,30,2348.5
22330006672000,28,14,14,1162
22330006673000,7,1,6,210
22330006674000,11,5,6,350.9
22330006675000,30,17,13,1536
22330006676000,43,20,23,1599.6
22330006677000,70,37,33,3031
22330006678000,11,6,5,396
22330006680000,141,74,67,5470.8
22330006681000,895,423,472,39738
22330006682000,637,311,326,21339.5
22330006684000,3,1,2,0
22330006685000,44,21,23,1694
22330006686000,4,2,2,0
22330006688000,6,3,3,223.2
22330006689000,39,20,19,1419.6
22330006690000,104,56,48,4201.6
22330006691000,461,229,232,18393.9
22330006692000,54,31,23,1884.6
22330006693000,30,13,17,1392
22330006694000,24,14,10,1010.4
22330006695000,21,13,8,854.7
22330006696000,47,28,19,1865.9
22330006750000,48,24,24,1953.6
22330006751000,18,9,9,844.2
22330006752000,14,7,7,705.6
22330006753000,244,119,125,8125.2
22330006754000,652,311,341,26862.4
22330006755000,78,38,40,2979.6
22330006756000,34,17,17,1387.2
22330006757000,10,6,4,273
22330006761000,8,5,3,288
22330006762000,6,4,2,223.8
22330006764000,45,24,21,1728
22330006765000,35,16,19,1281
22330006766000,8,4,4,456.8
22330006767000,36,20,16,1519.2
22330006768000,15,10,5,895.5
22330006769000,2,1,1,0
22330006770000,3,1,2,0
22330006771000,6,3,3,319.8
22330006772000,7,3,4,398.3
22330006773000,2,1,1,0
22330006776000,3,2,1,0
22330006801000,2,1,1,0
22330006802000,5,1,4,139
22330006803000,21,10,11,919.8
22330006824000,1,1,0,0
22330006825000,2,2,0,0
22330006830000,3,1,2,0
22330006831000,21,11,10,1024.8
22330006832000,141,66,75,6316.8
22330006833000,126,60,66,5216.4
22330006834000,46,23,23,1853.8
22330006835000,29,11,18,1568.9
22330006836000,4,2,2,0
22330006900000,1,1,0,0
22330006954000,1,1,0,0
22330006955000,2,1,1,0
22330006956000,11,6,5,419.1
22330006987000,25,12,13,1025
22330006988000,6,2,4,271.2
22330006993000,7,3,4,301.7
22330006994000,98,49,49,4380.6
22330006995000,99,53,46,4187.7
22330006996000,9,4,5,340.2
22330006997000,9,4,5,425.7
22330006998000,27,11,16,1009.8
22330006999000,13,8,5,436.8
22330007000000,58,30,28,2581
22330007001000,124,48,76,8866
22330007002000,6,2,4,253.8
22330007006000,10,3,7,295
22330007008000,7,3,4,305.9
22330007009000,15,8,7,727.5
22330007010000,242,118,124,9897.8
22330007011000,243,116,127,9549.9
22330007012000,116,64,52,4002
22330007013000,24,13,11,926.4
22330007014000,5,3,2,324
22330007015000,4,2,2,0
22330007018000,9,5,4,420.3
22330007026000,17,9,8,768.4
22330007027000,9,6,3,284.4
22330007063000,23,14,9,788.9
22330007064000,1,1,0,0
22330007065000,10,4,6,492
22330007072000,35,19,16,1316
22330007073000,16,4,12,612.8
22330007074000,5,2,3,333
22330007077000,360,190,170,15552
22330007082000,27,15,12,1347.3
22330007083000,38,16,22,1573.2
22330007084000,6,3,3,210
22340006565000,3,2,1,0
22340006566000,52,31,21,2106
22340006567000,52,25,27,2204.8
22340006572000,17,10,7,805.8
22340006573000,152,80,72,5912.8
22340006574000,180,94,86,4986
22340006575000,134,72,62,4395.2
22340006576000,134,75,59,4582.8
22340006577000,63,36,27,2205
22340006578000,5,4,1,217
22340006579000,79,40,39,2622.8
22340006580000,374,181,193,16007.2
22340006581000,236,115,121,8826.4
22340006582000,16,12,4,662.4
22340006583000,19,11,8,611.8
22340006584000,8,3,5,394.4
22340006585000,29,14,15,1087.5
22340006586000,49,26,23,1597.4
22340006587000,27,16,11,596.7
22340006588000,14,8,6,558.6
22340006589000,2,1,1,0
22340006590000,2,1,1,0
22340006591000,9,5,4,371.7
22340006592000,2,2,0,0
22340006593000,18,9,9,662.4
22340006594000,11,6,5,631.4
22340006595000,15,9,6,472.5
22340006596000,10,4,6,462
22340006597000,21,10,11,928.2
22340006598000,14,6,8,390.6
22340006599000,16,6,10,788.8
22340006600000,5,2,3,269
22340006601000,13,9,4,586.3
22340006602000,498,245,253,20567.4
22340006603000,1716,861,855,69669.6
22340006604000,969,443,526,48546.9
22340006605000,151,69,82,6523.2
22340006609000,18,10,8,957.6
22340006610000,36,21,15,1368
22340006611000,7,4,3,420
22340006613000,3,1,2,0
22340006627000,104,55,49,3598.4
22340006628000,46,25,21,1771
22340006632000,99,51,48,3603.6
22340006633000,142,76,66,4984.2
22340006634000,46,26,20,2033.2
22340006635000,24,13,11,924
22340006636000,67,35,32,2646.5
22340006637000,507,291,216,18505.5
22340006638000,510,246,264,22032
22340006639000,1699,813,886,69319.2
22340006640000,963,468,495,41023.8
22340006641000,119,68,51,5009.9
22340006642000,105,54,51,3727.5
22340006643000,80,39,41,3328
22340006644000,39,23,16,1911
22340006645000,22,12,10,800.8
22340006646000,11,7,4,336.6
22340006647000,63,29,34,1795.5
22340006648000,11,5,6,555.5
22340006649000,35,16,19,1067.5
22340006650000,63,39,24,2186.1
22340006658000,1,1,0,0
22340006659000,7,4,3,312.2
22340006669000,12,7,5,516
22340006670000,86,46,40,3586.2
22340006671000,95,48,47,3353.5
22340006672000,76,45,31,2857.6
22340006673000,13,12,1,510.9
22340006674000,27,16,11,1152.9
22340006675000,15,7,8,715.5
22340006676000,17,9,8,710.6
22340006677000,31,15,16,1271
22340006678000,4,3,1,0
22340006679000,11,6,5,599.5
22340006680000,481,239,242,21212.1
22340006681000,448,209,239,18278.4
22340006682000,1,1,0,0
22340006684000,1,0,1,0
22340006685000,15,6,9,589.5
22340006686000,48,26,22,1934.4
22340006687000,87,45,42,3793.2
22340006688000,25,10,15,1115
22340006689000,5,3,2,284
22340006690000,1,1,0,0
22340006691000,208,101,107,7779.2
22340006692000,92,45,47,2898
22340006693000,4,2,2,0
22340006694000,2,1,1,0
22340006695000,3,1,2,0
22340006696000,20,10,10,842
22340006719000,3,1,2,0
22340006749000,36,17,19,1209.6
22340006750000,102,45,57,4069.8
22340006751000,18,10,8,579.6
22340006752000,18,8,10,775.8
22340006753000,2,1,1,0
22340006754000,4,2,2,0
22340006755000,14,8,6,665
22340006756000,4,2,2,0
22340006769000,13,7,6,617.5
22340006771000,34,16,18,1662.6
22340006772000,33,17,16,1415.7
22340006774000,4,2,2,0
22340006775000,42,19,23,1843.8
22340006776000,4,2,2,0
22340006794000,2,1,1,0
22340006798000,9,6,3,404.1
22340006799000,16,8,8,892.8
22340006800000,10,6,4,493
22340006801000,7,4,3,279.3
22340006825000,2,1,1,0
22340006831000,17,7,10,911.2
22340006832000,58,33,25,2047.4
22340006833000,6,4,2,249
22340006834000,18,7,11,687.6
22340006835000,6,5,1,186
22340006841000,13,8,5,504.4
22340006842000,16,9,7,753.6
22340006843000,31,19,12,998.2
22340006844000,5,3,2,119
22340006845000,16,10,6,590.4
22340006846000,4,1,3,0
22340006847000,10,6,4,373
22340006899000,1,0,1,0
22340006901000,4,1,3,0
22340006954000,4,1,3,0
22340006956000,4,2,2,0
22340006958000,6,4,2,304.8
22340006986000,8,3,5,454.4
22340006987000,17,8,9,1021.7
22340006988000,14,7,7,474.6
22340006989000,12,8,4,513.6
22340006990000,5,3,2,233
22340006991000,9,4,5,342.9
22340006993000,6,3,3,430.2
22340006994000,90,39,51,3438
22340006995000,129,68,61,5482.5
22340006996000,20,10,10,858
22340006997000,8,3,5,524.8
22340006998000,13,6,7,535.6
22340007013000,15,5,10,547.5
22340007014000,15,8,7,708
22340007015000,33,21,12,1554.3
22340007018000,23,12,11,878.6
22340007026000,1,1,0,0
22340007027000,8,5,3,391.2
22340007028000,16,9,7,476.8
22340007063000,13,5,8,478.4
22340007064000,10,3,7,533
22340007065000,89,41,48,3773.6
22340007072000,17,8,9,664.7
22340007075000,10,7,3,318
22340007076000,59,28,31,2460.3
22340007077000,91,46,45,3039.4
22340007081000,17,10,7,810.9
22340007083000,4,1,3,0
22340007084000,25,16,9,950
22340007085000,1,1,0,0
22350006560000,4,2,2,0
22350006561000,10,6,4,406
22350006562000,84,41,43,3343.2
22350006563000,58,27,31,2412.8
22350006564000,1,0,1,0
22350006567000,12,7,5,638.4
22350006568000,118,59,59,4956
22350006569000,84,39,45,3242.4
22350006570000,115,60,55,4623
22350006571000,143,68,75,5505.5
22350006572000,30,17,13,1017
22350006573000,3,1,2,0
22350006574000,239,107,132,5879.4
22350006575000,64,29,35,1971.2
22350006576000,343,177,166,12176.5
22350006577000,827,414,413,26050.5
22350006578000,656,321,335,23419.2
22350006579000,1065,514,551,41109
22350006580000,29,20,9,1310.8
22350006581000,223,121,102,7871.9
22350006582000,115,58,57,3898.5
22350006583000,63,33,30,2790.9
22350006585000,17,11,6,690.2
22350006587000,6,4,2,159
22350006588000,28,17,11,716.8
22350006589000,15,8,7,649.5
22350006590000,190,104,86,5795
22350006591000,20,10,10,864
22350006592000,61,35,26,2238.7
22350006593000,28,14,14,1237.6
22350006594000,16,10,6,740.8
22350006595000,29,15,14,916.4
22350006596000,22,13,9,921.8
22350006597000,12,7,5,357.6
22350006598000,39,22,17,1540.5
22350006599000,52,27,25,1627.6
22350006600000,11,6,5,567.6
22350006601000,119,62,57,4117.4
22350006602000,471,229,242,19829.1
22350006603000,560,262,298,24080
22350006609000,68,33,35,2862.8
22350006610000,13,5,8,692.9
22350006626000,54,29,25,2462.4
22350006627000,28,18,10,1251.6
22350006630000,63,33,30,3024
22350006631000,73,36,37,3752.2
22350006632000,330,161,169,11616
22350006633000,730,354,376,30514
22350006634000,392,208,184,16973.6
22350006635000,502,257,245,19578
22350006636000,135,67,68,5359.5
22350006637000,254,131,123,11049
22350006639000,3,3,0,0
22350006640000,1231,638,593,44685.3
22350006641000,1416,684,732,48993.6
22350006642000,4,3,1,0
22350006643000,40,22,18,1456
22350006644000,32,16,16,1094.4
22350006645000,33,19,14,1504.8
22350006646000,14,12,2,719.6
22350006647000,6,4,2,252
22350006648000,48,21,27,1641.6
22350006649000,81,44,37,3231.9
22350006650000,330,160,170,11946
22350006652000,22,11,11,693
22350006653000,66,33,33,2415.6
22350006654000,12,8,4,445.2
22350006658000,3,1,2,0
22350006666000,9,4,5,336.6
22350006668000,7,3,4,352.8
22350006669000,5,2,3,254
22350006670000,18,10,8,934.2
22350006671000,21,10,11,825.3
22350006673000,226,113,113,6441
22350006674000,238,132,106,7401.8
22350006675000,27,15,12,1136.7
22350006677000,128,56,72,4108.8
22350006678000,362,163,199,14154.2
22350006679000,805,375,430,30992.5
22350006680000,461,234,227,18117.3
22350006681000,165,82,83,5659.5
22350006682000,183,96,87,6441.6
22350006683000,10,9,1,467
22350006684000,18,10,8,741.6
22350006685000,168,88,80,6098.4
22350006686000,37,20,17,1124.8
22350006692000,4,1,3,0
22350006693000,3,2,1,0
22350006748000,13,7,6,504.4
22350006749000,64,33,31,2816
22350006750000,17,11,6,620.5
22350006751000,21,11,10,913.5
22350006752000,4,2,2,0
22350006754000,2,1,1,0
22350006764000,2,1,1,0
22350006765000,15,5,10,547.5
22350006766000,22,12,10,631.4
22350006767000,28,12,16,890.4
22350006768000,70,31,39,3570
22350006769000,68,31,37,3400
22350006770000,11,7,4,512.6
22350006772000,23,10,13,1048.8
22350006774000,17,9,8,826.2
22350006775000,11,7,4,246.4
22350006797000,7,4,3,270.2
22350006798000,36,20,16,1540.8
22350006799000,60,33,27,2508
22350006800000,22,10,12,913
22350006831000,6,4,2,220.2
22350006832000,62,30,32,2424.2
22350006834000,1,1,0,0
22350006835000,17,8,9,603.5
22350006840000,18,9,9,752.4
22350006841000,8,4,4,290.4
22350006843000,2,1,1,0
22350006899000,20,13,7,864
22350006900000,14,5,9,582.4
22350006955000,2,0,2,0
22350006956000,1,0,1,0
22350006958000,1,1,0,0
22350006985000,1,1,0,0
22350006986000,26,15,11,1050.4
22350006987000,2,1,1,0
22350006988000,8,6,2,424
22350006989000,4,3,1,0
22350006990000,6,1,5,169.8
22350006991000,12,9,3,495.6
22350006992000,26,15,11,1032.2
22350006993000,5,4,1,163
22350006994000,66,29,37,2349.6
22350006995000,3,1,2,0
22350007006000,2,1,1,0
22350007008000,9,6,3,378
22350007014000,44,21,23,1491.6
22350007015000,218,118,100,8981.6
22350007016000,26,13,13,954.2
22350007017000,5,3,2,165
22350007018000,35,16,19,1249.5
22350007023000,11,4,7,418
22350007024000,27,16,11,1050.3
22350007026000,2,1,1,0
22350007027000,25,10,15,1105
22350007028000,10,5,5,267
22350007029000,21,11,10,600.6
22350007064000,27,17,10,1287.9
22350007065000,26,14,12,1014
22350007071000,14,8,6,526.4
22350007072000,465,231,234,14740.5
22350007073000,345,162,183,16525.5
22350007074000,148,78,70,5905.2
22350007075000,28,15,13,1019.2
22350007076000,55,29,26,2227.5
22350007077000,26,14,12,1081.6
22350007078000,8,4,4,315.2
22350007081000,23,12,11,1041.9
22350007085000,11,5,6,587.4
22360006555000,4,3,1,0
22360006556000,72,33,39,2944.8
22360006557000,214,106,108,8495.8
22360006558000,29,14,15,1247
22360006559000,6,3,3,337.8
22360006560000,91,46,45,3285.1
22360006561000,518,238,280,23569
22360006562000,829,410,419,34652.2
22360006563000,65,38,27,2522
22360006564000,68,38,30,2611.2
22360006565000,64,35,29,2361.6
22360006566000,113,59,54,5017.2
22360006567000,167,89,78,6930.5
22360006568000,136,67,69,6351.2
22360006569000,222,111,111,9368.4
22360006570000,81,42,39,3078
22360006571000,247,119,128,8472.1
22360006572000,109,58,51,4000.3
22360006573000,30,13,17,1149
22360006574000,34,18,16,1360
22360006575000,333,157,176,16650
22360006576000,119,61,58,4748.1
22360006577000,265,131,134,12057.5
22360006578000,230,120,110,9660
22360006579000,86,40,46,2838
22360006580000,6,4,2,207
22360006581000,2,1,1,0
22360006582000,16,10,6,518.4
22360006583000,27,17,10,1034.1
22360006584000,21,9,12,737.1
22360006586000,30,17,13,1026
22360006587000,24,9,15,907.2
22360006588000,18,12,6,630
22360006589000,19,11,8,457.9
22360006590000,96,53,43,4291.2
22360006591000,72,35,37,2592
22360006592000,56,30,26,1943.2
22360006593000,7,4,3,394.8
22360006594000,43,21,22,1419
22360006595000,23,14,9,956.8
22360006596000,6,3,3,295.2
22360006597000,21,11,10,896.7
22360006598000,7,4,3,361.2
22360006599000,25,13,12,845
22360006600000,37,16,21,1620.6
22360006601000,66,35,31,2983.2
22360006606000,30,13,17,1017
22360006607000,184,91,93,7930.4
22360006608000,46,24,22,1803.2
22360006609000,55,28,27,2310
22360006610000,1,0,1,0
22360006611000,3,2,1,0
22360006612000,2,1,1,0
22360006625000,3,2,1,0
22360006626000,42,24,18,1478.4
22360006629000,86,43,43,4076.4
22360006630000,480,240,240,19488
22360006631000,98,57,41,4312
22360006632000,181,94,87,5755.8
22360006633000,4,1,3,0
22360006639000,86,51,35,3577.6
22360006640000,83,34,49,3320
22360006641000,104,48,56,3619.2
22360006642000,5,4,1,135
22360006645000,5,3,2,142
22360006646000,15,8,7,736.5
22360006647000,17,6,11,637.5
22360006648000,242,123,119,9776.8
22360006649000,211,100,111,8250.1
22360006650000,16,10,6,532.8
22360006651000,8,4,4,280.8
22360006652000,15,7,8,366
22360006653000,13,5,8,565.5
22360006654000,57,31,26,2319.9
22360006655000,7,5,2,296.8
22360006656000,22,11,11,1047.2
22360006660000,30,11,19,1194
22360006661000,80,45,35,3584
22360006662000,36,19,17,1476
22360006663000,37,20,17,1483.7
22360006664000,32,18,14,1270.4
22360006665000,62,33,29,2709.4
22360006668000,10,5,5,487
22360006669000,161,76,85,5763.8
22360006670000,87,38,49,3227.7
22360006671000,19,11,8,929.1
22360006672000,19,10,9,613.7
22360006674000,24,9,15,1267.2
22360006675000,5,3,2,300
22360006676000,24,8,16,768
22360006677000,623,312,311,22490.3
22360006678000,755,361,394,35183
22360006679000,1524,770,754,65684.4
22360006680000,1400,686,714,56840
22360006681000,523,238,285,24581
22360006682000,107,49,58,3745
22360006683000,46,26,20,2106.8
22360006684000,42,22,20,1264.2
22360006685000,4,2,2,0
22360006686000,52,31,21,1965.6
22360006687000,1,1,0,0
22360006719000,3,2,1,0
22360006720000,3,1,2,0
22360006721000,1,1,0,0
22360006749000,19,10,9,577.6
22360006750000,73,38,35,2722.9
22360006754000,8,5,3,348.8
22360006755000,4,2,2,0
22360006756000,4,2,2,0
22360006764000,4,3,1,0
22360006765000,26,13,13,1032.2
22360006766000,31,13,18,1367.1
22360006767000,50,27,23,1515
22360006768000,26,14,12,782.6
22360006769000,3,1,2,0
22360006772000,6,4,2,204
22360006794000,8,2,6,336
22360006796000,4,3,1,0
22360006797000,10,5,5,239
22360006798000,13,6,7,374.4
22360006800000,8,4,4,400.8
22360006807000,5,1,4,187
22360006810000,4,3,1,0
22360006811000,1,0,1,0
22360006832000,5,4,1,287
22360006833000,44,22,22,2024
22360006834000,62,33,29,2399.4
22360006835000,3,2,1,0
22360006837000,3,2,1,0
22360006838000,2,1,1,0
22360006839000,13,6,7,430.3
22360006840000,11,6,5,489.5
22360006843000,3,1,2,0
22360006892000,13,6,7,643.5
22360006895000,3,2,1,0
22360006899000,4,2,2,0
22360006900000,30,18,12,1296
22360006954000,1,1,0,0
22360006957000,2,1,1,0
22360006958000,18,10,8,711
22360006979000,2,1,1,0
22360006980000,6,4,2,249
22360006981000,3,2,1,0
22360006982000,2,2,0,0
22360006983000,4,2,2,0
22360006984000,16,8,8,844.8
22360006985000,37,22,15,1487.4
22360006986000,2,1,1,0
22360006991000,3,2,1,0
22360006992000,5,3,2,143
22360006993000,1,0,1,0
22360007013000,19,8,11,621.3
22360007014000,59,30,29,2124
22360007015000,28,15,13,1201.2
22360007016000,22,11,11,994.4
22360007017000,45,24,21,1845
22360007018000,180,96,84,6858
22360007020000,18,8,10,667.8
22360007021000,23,10,13,828
22360007022000,13,7,6,826.8
22360007023000,18,10,8,556.2
22360007024000,30,18,12,1278
22360007025000,11,7,4,441.1
22360007026000,20,13,7,842
22360007027000,35,17,18,1505
22360007029000,7,3,4,422.8
22360007048000,7,3,4,350.7
22360007064000,24,12,12,1000.8
22360007065000,24,13,11,849.6
22360007066000,4,3,1,0
22360007072000,585,269,316,22581
22360007073000,375,190,185,14962.5
22360007074000,51,26,25,2182.8
22360007075000,41,26,15,1631.8
22360007076000,25,14,11,1022.5
22360007077000,47,24,23,1621.5
22360007078000,37,19,18,1528.1
22360007081000,4,2,2,0
22360007085000,17,7,10,907.8
22360007086000,6,4,2,325.2
22360007088000,12,6,6,609.6
22370006556000,9,3,6,484.2
22370006557000,11,8,3,368.5
22370006558000,31,18,13,1320.6
22370006559000,3,2,1,0
22370006560000,95,45,50,3885.5
22370006561000,399,206,193,15840.3
22370006562000,262,126,136,9012.8
22370006563000,97,56,41,3724.8
22370006564000,296,150,146,11928.8
22370006565000,137,66,71,5671.8
22370006566000,61,33,28,2635.2
22370006567000,138,69,69,5754.6
22370006568000,96,49,47,3907.2
22370006569000,148,74,74,4928.4
22370006570000,111,60,51,3674.1
22370006571000,170,79,91,6460
22370006572000,67,38,29,2485.7
22370006573000,171,87,84,6942.6
22370006574000,239,110,129,10683.3
22370006575000,1029,448,581,49186.2
22370006576000,1928,954,974,73264
22370006577000,591,292,299,22280.7
22370006578000,1081,563,518,44104.8
22370006579000,32,14,18,1763.2
22370006580000,12,7,5,531.6
22370006581000,25,13,12,882.5
22370006582000,2,1,1,0
22370006584000,622,318,304,21210.2
22370006585000,35,16,19,1319.5
22370006586000,4,2,2,0
22370006587000,7,4,3,308
22370006588000,15,8,7,742.5
22370006589000,30,23,7,1143
22370006590000,35,18,17,1421
22370006591000,25,13,12,840
22370006592000,16,11,5,497.6
22370006593000,18,8,10,738
22370006594000,21,9,12,747.6
22370006595000,33,16,17,1046.1
22370006596000,185,89,96,6567.5
22370006597000,25,12,13,810
22370006598000,25,13,12,1025
22370006599000,3,2,1,0
22370006606000,9,5,4,447.3
22370006607000,7,3,4,252.7
22370006608000,48,28,20,2025.6
22370006609000,35,17,18,1312.5
22370006625000,210,106,104,7413
22370006626000,63,36,27,2646
22370006628000,5,2,3,108
22370006629000,3,2,1,0
22370006630000,858,406,452,29686.8
22370006631000,569,285,284,19687.4
22370006632000,176,94,82,6952
22370006633000,13,6,7,626.6
22370006639000,373,194,179,13875.6
22370006640000,599,290,309,17191.3
22370006641000,157,84,73,4961.2
22370006642000,21,14,7,879.9
22370006643000,2,1,1,0
22370006647000,33,14,19,1171.5
22370006648000,58,29,29,2117
22370006649000,70,33,37,2996
22370006651000,2,1,1,0
22370006652000,6,4,2,223.8
22370006653000,22,13,9,902
22370006654000,6,3,3,334.8
22370006655000,8,6,2,340.8
22370006659000,2,1,1,0
22370006660000,46,22,24,1817
22370006666000,118,61,57,4672.8
22370006667000,17,8,9,630.7
22370006668000,44,25,19,1799.6
22370006669000,470,210,260,21667
22370006670000,431,218,213,17024.5
22370006671000,97,49,48,4413.5
22370006672000,19,7,12,609.9
22370006673000,57,33,24,2878.5
22370006674000,79,33,46,3223.2
22370006675000,226,108,118,8881.8
22370006676000,65,34,31,2548
22370006677000,141,65,76,5301.6
22370006678000,446,239,207,18286
22370006679000,1372,626,746,61740
22370006680000,1923,879,1044,87688.8
22370006681000,537,277,260,20352.3
22370006682000,39,19,20,1314.3
22370006683000,88,45,43,4048
22370006684000,83,47,36,3046.1
22370006685000,169,89,80,6979.7
22370006686000,13,5,8,609.7
22370006718000,30,14,16,1401
22370006719000,19,8,11,794.2
22370006745000,2,1,1,0
22370006748000,12,5,7,415.2
22370006749000,2,1,1,0
22370006750000,108,52,56,3769.2
22370006754000,22,9,13,719.4
22370006755000,17,11,6,697
22370006756000,11,5,6,698.5
22370006764000,25,13,12,1020
22370006765000,65,31,34,2606.5
22370006767000,5,3,2,154
22370006772000,6,3,3,229.8
22370006793000,2,0,2,0
22370006794000,28,17,11,1456
22370006795000,15,6,9,549
22370006796000,28,14,14,1103.2
22370006803000,6,3,3,267
22370006810000,27,15,12,1009.8
22370006831000,3,1,2,0
22370006832000,2,1,1,0
22370006833000,17,14,3,681.7
22370006834000,35,19,16,1428
22370006835000,5,3,2,108
22370006836000,19,9,10,657.4
22370006837000,5,2,3,203
22370006838000,43,20,23,1668.4
22370006839000,24,12,12,1094.4
22370006885000,17,11,6,535.5
22370006892000,1,1,0,0
22370006895000,13,8,5,365.3
22370006896000,5,2,3,207
22370006897000,2,1,1,0
22370006899000,9,7,2,311.4
22370006900000,3,2,1,0
22370006957000,44,21,23,1438.8
22370006958000,41,21,20,1533.4
22370006959000,9,6,3,338.4
22370006965000,2,1,1,0
22370006979000,57,32,25,2308.5
22370006980000,37,18,19,1276.5
22370006981000,15,8,7,792
22370006982000,91,42,49,4258.8
22370006983000,50,26,24,2145
22370006984000,3,2,1,0
22370007015000,18,11,7,581.4
22370007016000,5,3,2,223
22370007018000,156,73,83,4851.6
22370007019000,65,31,34,2522
22370007020000,59,28,31,2082.7
22370007021000,45,24,21,1741.5
22370007022000,15,7,8,661.5
22370007023000,36,20,16,1177.2
22370007024000,72,34,38,2908.8
22370007025000,65,31,34,2489.5
22370007026000,19,10,9,716.3
22370007027000,29,17,12,1148.4
22370007030000,5,2,3,176
22370007048000,5,3,2,175
22370007049000,8,3,5,258.4
22370007051000,5,3,2,259
22370007064000,19,12,7,862.6
22370007065000,26,14,12,1014
22370007067000,17,8,9,622.2
22370007074000,4,2,2,0
22370007075000,40,20,20,1680
22370007076000,31,14,17,1512.8
22370007077000,163,85,78,6308.1
22370007078000,85,42,43,3128
22370007079000,18,7,11,756
22370007085000,5,2,3,309
22370007086000,26,14,12,1050.4
22370007087000,65,33,32,2190.5
22370007088000,18,8,10,937.8
22380006556000,28,17,11,1380.4
22380006557000,234,121,113,10459.8
22380006558000,78,39,39,4079.4
22380006559000,31,17,14,1562.4
22380006560000,22,11,11,1124.2
22380006562000,32,17,15,1385.6
22380006563000,13,9,4,725.4
22380006565000,56,27,29,2699.2
22380006566000,8,5,3,258.4
22380006567000,246,121,125,9372.6
22380006568000,313,163,150,12488.7
22380006569000,57,31,26,2074.8
22380006570000,34,14,20,1264.8
22380006571000,65,32,33,2554.5
22380006572000,138,74,64,5533.8
22380006573000,184,74,110,11389.6
22380006574000,342,180,162,13269.6
22380006575000,1019,486,533,38110.6
22380006576000,1779,837,942,67424.1
22380006577000,1772,835,937,69285.2
22380006578000,2243,1141,1102,88598.5
22380006579000,2490,1186,1304,108564
22380006580000,372,186,186,17409.6
22380006581000,83,35,48,3087.6
22380006582000,138,69,69,4857.6
22380006583000,33,18,15,1376.1
22380006584000,671,328,343,24961.2
22380006585000,98,48,50,3655.4
22380006586000,8,5,3,240
22380006588000,2,1,1,0
22380006589000,43,23,20,1440.5
22380006590000,21,11,10,924
22380006591000,357,183,174,11959.5
22380006592000,373,190,183,12532.8
22380006593000,40,22,18,1472
22380006594000,8,3,5,338.4
22380006595000,292,149,143,10599.6
22380006596000,301,140,161,12310.9
22380006597000,59,33,26,2171.2
22380006608000,68,36,32,2407.2
22380006609000,340,168,172,11560
22380006610000,9,5,4,570.6
22380006612000,7,2,5,221.9
22380006624000,86,44,42,3182
22380006625000,575,314,261,22022.5
22380006626000,2,1,1,0
22380006628000,19,10,9,815.1
22380006629000,65,36,29,2418
22380006630000,44,24,20,1526.8
22380006631000,1204,588,616,45992.8
22380006632000,498,241,257,18426
22380006633000,35,23,12,1480.5
22380006634000,2,2,0,0
22380006635000,6,4,2,337.2
22380006639000,16,6,10,707.2
22380006640000,652,345,307,21516
22380006641000,159,86,73,5962.5
22380006642000,13,8,5,535.6
22380006650000,5,3,2,230
22380006658000,14,5,9,670.6
22380006666000,18,9,9,698.4
22380006667000,90,46,44,4671
22380006668000,279,145,134,11383.2
22380006669000,26,14,12,1029.6
22380006670000,138,74,64,4278
22380006671000,396,199,197,13345.2
22380006672000,12,5,7,549.6
22380006673000,38,16,22,1504.8
22380006674000,11,6,5,478.5
22380006675000,133,67,66,5386.5
22380006676000,46,23,23,1508.8
22380006677000,6,4,2,316.2
22380006678000,77,40,37,2764.3
22380006679000,269,132,137,10168.2
22380006680000,360,171,189,17460
22380006681000,98,51,47,3537.8
22380006682000,22,12,10,754.6
22380006685000,21,13,8,963.9
22380006686000,27,15,12,1171.8
22380006712000,7,3,4,394.1
22380006716000,3,2,1,0
22380006747000,2,1,1,0
22380006748000,37,20,17,1805.6
22380006750000,133,69,64,5054
22380006753000,8,3,5,306.4
22380006754000,1,0,1,0
22380006755000,13,7,6,526.5
22380006756000,15,9,6,663
22380006757000,5,3,2,106
22380006764000,4,2,2,0
22380006765000,35,20,15,1263.5
22380006766000,11,7,4,435.6
22380006789000,8,6,2,296
22380006790000,9,5,4,415.8
22380006791000,5,2,3,334
22380006792000,25,13,12,1445
22380006793000,18,11,7,977.4
22380006794000,155,69,86,8385.5
22380006795000,80,40,40,3768
22380006796000,7,2,5,354.9
22380006801000,1,1,0,0
22380006802000,37,20,17,1309.8
22380006803000,31,17,14,1512.8
22380006804000,15,7,8,595.5
22380006809000,2,0,2,0
22380006831000,3,2,1,0
22380006833000,41,21,20,1906.5
22380006834000,87,45,42,3010.2
22380006835000,13,8,5,548.6
22380006836000,9,3,6,313.2
22380006837000,9,3,6,342
22380006840000,7,4,3,256.2
22380006879000,3,1,2,0
22380006885000,2,1,1,0
22380006889000,5,3,2,223
22380006897000,5,1,4,210
22380006899000,214,109,105,9801.2
22380006900000,50,26,24,2115
22380006957000,9,5,4,333.9
22380006958000,7,4,3,235.2
22380006965000,14,7,7,544.6
22380006966000,2,1,1,0
22380006979000,90,43,47,3672
22380006981000,11,7,4,405.9
22380006982000,8,4,4,360.8
22380007006000,1,1,0,0
22380007007000,2,1,1,0
22380007012000,3,1,2,0
22380007017000,21,11,10,852.6
22380007018000,13,9,4,512.2
22380007019000,52,23,29,2002
22380007020000,55,28,27,1914
22380007021000,17,11,6,695.3
22380007023000,80,36,44,2376
22380007024000,88,45,43,2965.6
22380007025000,137,68,69,5110.1
22380007026000,18,10,8,745.2
22380007027000,80,43,37,2776
22380007028000,6,3,3,228
22380007030000,23,11,12,731.4
22380007049000,2,1,1,0
22380007064000,4,2,2,0
22380007065000,42,21,21,2070.6
22380007066000,6,3,3,204
22380007074000,24,14,10,1058.4
22380007075000,148,68,80,5994
22380007076000,78,40,38,2909.4
22380007077000,369,197,172,13874.4
22380007078000,23,11,12,1191.4
22380007079000,83,42,41,2639.4
22380007080000,38,22,16,1390.8
22380007081000,35,19,16,1400
22380007082000,21,11,10,672
22380007085000,5,1,4,125
22380007086000,21,11,10,772.8
22380007087000,22,13,9,1034
22380007088000,18,8,10,550.8
22380007089000,32,13,19,1136
22380007090000,6,3,3,241.2
22390006556000,6,2,4,232.2
22390006557000,117,53,64,5452.2
22390006558000,116,54,62,5568
22390006565000,16,9,7,326.4
22390006566000,46,18,28,1688.2
22390006567000,53,22,31,2538.7
22390006568000,433,217,216,17666.4
22390006569000,297,137,160,9682.2
22390006570000,384,188,196,15436.8
22390006571000,654,309,345,24198
22390006572000,367,190,177,13835.9
22390006573000,480,230,250,18288
22390006574000,304,152,152,11521.6
22390006575000,670,312,358,29547
22390006576000,225,112,113,8932.5
22390006577000,293,144,149,11544.2
22390006578000,1324,623,701,57461.6
22390006579000,1711,781,930,66729
22390006580000,1265,563,702,60720
22390006581000,1587,789,798,63003.9
22390006582000,1770,865,905,65136
22390006583000,649,315,334,20313.7
22390006584000,8,6,2,346.4
22390006585000,121,63,58,5203
22390006586000,84,44,40,3376.8
22390006587000,32,16,16,1433.6
22390006588000,16,9,7,724.8
22390006589000,46,23,23,1605.4
22390006590000,23,14,9,834.9
22390006591000,566,289,277,18904.4
22390006592000,353,181,172,12602.1
22390006593000,33,20,13,1428.9
22390006594000,50,31,19,1945
22390006595000,7,2,5,338.1
22390006597000,14,7,7,649.6
22390006598000,4,3,1,0
22390006608000,5,3,2,232
22390006609000,131,64,67,5488.9
22390006610000,537,266,271,21587.4
22390006611000,134,69,65,5065.2
22390006612000,57,32,25,2644.8
22390006613000,12,6,6,416.4
22390006614000,22,12,10,849.2
22390006616000,3,1,2,0
22390006617000,40,21,19,2052
22390006618000,36,18,18,874.8
22390006619000,4,3,1,0
22390006621000,13,7,6,496.6
22390006622000,85,44,41,3714.5
22390006623000,74,39,35,3344.8
22390006624000,58,30,28,2540.4
22390006625000,22,13,9,712.8
22390006628000,113,62,51,3955
22390006629000,450,219,231,15165
22390006630000,122,62,60,3660
22390006631000,217,109,108,8354.5
22390006632000,108,50,58,4212
22390006633000,3,2,1,0
22390006639000,290,150,140,10875
22390006640000,342,176,166,11970
22390006641000,26,11,15,954.2
22390006642000,12,9,3,555.6
22390006643000,5,2,3,253
22390006651000,7,3,4,305.9
22390006656000,5,3,2,343
22390006657000,32,16,16,1296
22390006665000,2,1,1,0
22390006667000,733,371,362,26461.3
22390006668000,3,1,2,0
22390006672000,3,2,1,0
22390006673000,20,9,11,878
22390006674000,67,36,31,2700.1
22390006675000,42,21,21,1797.6
22390006676000,43,22,21,1737.2
22390006677000,66,38,28,3108.6
22390006678000,77,34,43,3557.4
22390006679000,86,45,41,3431.4
22390006680000,15,10,5,778.5
22390006681000,132,75,57,6019.2
22390006682000,18,14,4,662.4
22390006683000,21,15,6,615.3
22390006712000,6,3,3,298.2
22390006713000,5,3,2,248
22390006714000,7,3,4,296.8
22390006715000,2,0,2,0
22390006716000,20,11,9,804
22390006717000,3,2,1,0
22390006741000,1,1,0,0
22390006744000,4,2,2,0
22390006745000,29,15,14,1244.1
22390006746000,50,23,27,1905
22390006747000,15,9,6,663
22390006748000,3,1,2,0
22390006750000,141,71,70,5541.3
22390006751000,6,4,2,214.8
22390006754000,24,13,11,1000.8
22390006755000,1,1,0,0
22390006756000,10,4,6,194
22390006757000,31,16,15,1432.2
22390006765000,18,8,10,556.2
22390006766000,14,7,7,583.8
22390006767000,3,2,1,0
22390006787000,7,4,3,226.8
22390006788000,11,4,7,564.3
22390006789000,23,10,13,1255.8
22390006790000,16,10,6,681.6
22390006791000,30,16,14,1356
22390006792000,18,8,10,678.6
22390006793000,44,21,23,2059.2
22390006794000,170,84,86,7225
22390006795000,318,152,166,13578.6
22390006796000,7,5,2,356.3
22390006799000,17,7,10,589.9
22390006800000,28,14,14,1229.2
22390006801000,22,12,10,732.6
22390006802000,36,20,16,1634.4
22390006803000,56,33,23,1876
22390006804000,40,15,25,1568
22390006805000,7,3,4,156.1
22390006822000,1,1,0,0
22390006831000,3,2,1,0
22390006832000,10,7,3,466
22390006833000,28,14,14,1346.8
22390006834000,27,16,11,1204.2
22390006842000,2,1,1,0
22390006848000,4,2,2,0
22390006879000,5,3,2,181
22390006880000,6,1,5,228
22390006881000,12,6,6,423.6
22390006882000,2,1,1,0
22390006883000,6,3,3,202.8
22390006884000,8,5,3,271.2
22390006887000,15,7,8,433.5
22390006888000,5,4,1,157
22390006897000,3,1,2,0
22390006898000,17,7,10,516.8
22390006899000,277,123,154,13434.5
22390006900000,16,10,6,680
22390006959000,12,8,4,480
22390006960000,7,3,4,462.7
22390006961000,13,9,4,500.5
22390006962000,6,3,3,151.8
22390006977000,8,4,4,294.4
22390006978000,54,34,20,2214
22390006979000,10,5,5,477
22390007006000,6,2,4,96
22390007011000,4,3,1,0
22390007017000,14,7,7,634.2
22390007018000,38,16,22,1432.6
22390007019000,11,6,5,292.6
22390007023000,18,9,9,642.6
22390007024000,97,50,47,3472.6
22390007025000,295,148,147,11918
22390007026000,49,20,29,1602.3
22390007027000,17,8,9,887.4
22390007028000,6,4,2,244.8
22390007030000,27,16,11,1136.7
22390007031000,29,14,15,928
22390007049000,31,16,15,1209
22390007051000,8,3,5,378.4
22390007052000,2,1,1,0
22390007058000,5,1,4,113
22390007060000,22,12,10,970.2
22390007061000,37,17,20,1291.3
22390007064000,7,2,5,212.8
22390007065000,3,2,1,0
22390007066000,12,7,5,618
22390007068000,6,4,2,226.8
22390007074000,4,2,2,0
22390007075000,34,23,11,1247.8
22390007076000,41,19,22,1779.4
22390007077000,4,2,2,0
22390007078000,43,23,20,1763
22390007079000,94,48,46,3731.8
22390007080000,86,45,41,3130.4
22390007081000,17,7,10,673.2
22390007083000,8,5,3,244.8
22390007084000,1,1,0,0
22390007086000,12,6,6,771.6
22390007087000,45,29,16,1602
22390007089000,30,15,15,1248
22390007090000,23,13,10,1127
22400006568000,103,49,54,5036.7
22400006569000,194,100,94,8633
22400006570000,399,191,208,15401.4
22400006571000,411,205,206,16892.1
22400006572000,718,351,367,29725.2
22400006573000,888,446,442,37651.2
22400006574000,542,265,277,18861.6
22400006575000,783,379,404,32964.3
22400006576000,348,176,172,16669.2
22400006577000,375,191,184,15825
22400006578000,1333,643,690,51987
22400006579000,1334,633,701,60030
22400006580000,546,276,270,24133.2
22400006581000,43,24,19,1655.5
22400006582000,59,32,27,2383.6
22400006583000,313,155,158,9233.5
22400006584000,13,8,5,627.9
22400006585000,44,28,16,1764.4
22400006586000,23,13,10,791.2
22400006587000,120,57,63,4836
22400006588000,112,63,49,4076.8
22400006589000,68,34,34,2373.2
22400006590000,18,10,8,779.4
22400006591000,75,43,32,2272.5
22400006592000,20,9,11,798
22400006593000,55,25,30,1831.5
22400006594000,18,6,12,540
22400006595000,11,6,5,533.5
22400006596000,41,22,19,1332.5
22400006597000,52,27,25,2007.2
22400006598000,10,5,5,402
22400006607000,6,5,1,244.2
22400006608000,7,4,3,315.7
22400006609000,2,1,1,0
22400006611000,23,10,13,768.2
22400006612000,7,3,4,254.1
22400006614000,9,6,3,289.8
22400006615000,84,42,42,3402
22400006616000,678,322,356,30645.6
22400006617000,914,437,477,35097.6
22400006618000,1327,667,660,51487.6
22400006619000,230,126,104,7935
22400006620000,8,4,4,251.2
22400006621000,16,9,7,574.4
22400006622000,46,24,22,1817
22400006626000,53,25,28,2411.5
22400006627000,18,9,9,885.6
22400006628000,29,16,13,1032.4
22400006629000,50,28,22,1800
22400006630000,32,15,17,1308.8
22400006631000,213,97,116,9776.7
22400006632000,95,53,42,3258.5
22400006638000,395,210,185,14378
22400006639000,428,208,220,14552
22400006640000,847,444,403,27188.7
22400006641000,98,55,43,4027.8
22400006642000,13,7,6,725.4
22400006655000,28,15,13,1008
22400006656000,298,195,103,11920
22400006657000,3,1,2,0
22400006660000,5,1,4,117
22400006667000,57,31,26,1698.6
22400006668000,25,14,11,1080
22400006669000,26,15,11,1575.6
22400006674000,46,22,24,1826.2
22400006675000,33,19,14,1491.6
22400006676000,9,4,5,441
22400006677000,6,4,2,252
22400006678000,177,98,79,7097.7
22400006679000,280,131,149,10724
22400006680000,365,181,184,14016
22400006681000,140,77,63,4984
22400006682000,27,15,12,996.3
22400006714000,4,0,4,0
22400006716000,6,2,4,213
22400006718000,17,11,6,732.7
22400006719000,6,3,3,90
22400006740000,21,12,9,791.7
22400006741000,58,37,21,2581
22400006742000,12,5,7,566.4
22400006743000,5,2,3,244
22400006745000,6,4,2,262.2
22400006746000,11,7,4,543.4
22400006747000,8,4,4,332.8
22400006748000,1,1,0,0
22400006749000,42,21,21,1642.2
22400006750000,70,35,35,2443
22400006751000,5,3,2,164
22400006757000,9,4,5,467.1
22400006758000,6,2,4,180
22400006765000,29,15,14,1287.6
22400006766000,7,3,4,305.9
22400006767000,7,5,2,172.9
22400006786000,3,2,1,0
22400006787000,19,10,9,894.9
22400006788000,24,10,14,772.8
22400006789000,3,1,2,0
22400006790000,4,2,2,0
22400006791000,6,3,3,259.2
22400006793000,4,3,1,0
22400006794000,35,16,19,1403.5
22400006795000,5,2,3,119
22400006796000,22,10,12,807.4
22400006797000,5,4,1,126
22400006798000,2,1,1,0
22400006799000,28,15,13,1556.8
22400006800000,46,19,27,1927.4
22400006801000,68,36,32,2169.2
22400006802000,54,31,23,2516.4
22400006803000,25,12,13,1112.5
22400006804000,71,39,32,2818.7
22400006805000,10,5,5,382
22400006817000,2,1,1,0
22400006821000,12,6,6,772.8
22400006822000,2,1,1,0
22400006823000,4,1,3,0
22400006825000,5,2,3,215
22400006830000,9,4,5,205.2
22400006832000,192,94,98,8428.8
22400006833000,26,13,13,964.6
22400006834000,6,4,2,319.8
22400006841000,2,1,1,0
22400006842000,1,0,1,0
22400006844000,5,3,2,144
22400006845000,2,1,1,0
22400006847000,7,3,4,387.8
22400006875000,6,5,1,184.2
22400006891000,1,1,0,0
22400006895000,1,0,1,0
22400006897000,5,4,1,167
22400006898000,39,18,21,1708.2
22400006899000,13,6,7,691.6
22400006900000,5,3,2,310
22400006960000,11,7,4,611.6
22400006961000,6,4,2,346.8
22400006962000,4,2,2,0
22400006963000,7,3,4,280.7
22400006977000,10,5,5,418
22400006978000,37,18,19,1361.6
22400006979000,7,4,3,263.9
22400007015000,3,1,2,0
22400007018000,18,8,10,781.2
22400007023000,4,1,3,0
22400007024000,8,6,2,266.4
22400007025000,766,349,417,34776.4
22400007026000,799,398,401,29802.7
22400007027000,143,74,69,5119.4
22400007028000,58,33,25,2175
22400007029000,2,1,1,0
22400007030000,122,59,63,4111.4
22400007031000,413,208,205,14207.2
22400007032000,6,5,1,193.2
22400007049000,28,15,13,966
22400007050000,24,13,11,1089.6
22400007051000,50,29,21,1700
22400007052000,73,38,35,3073.3
22400007053000,52,30,22,1950
22400007058000,2,1,1,0
22400007059000,2,1,1,0
22400007060000,6,2,4,217.8
22400007074000,7,3,4,205.8
22400007075000,30,19,11,1098
22400007076000,4,2,2,0
22400007077000,1,1,0,0
22400007079000,3,2,1,0
22400007080000,30,12,18,1686
22400007081000,14,7,7,712.6
22400007082000,1,0,1,0
22400007083000,3,1,2,0
22400007087000,2,1,1,0
22400007089000,1,1,0,0
22400007090000,83,37,46,3112.5
22400007091000,36,20,16,1602
22410006571000,8,3,5,276
22410006573000,1,1,0,0
22410006574000,97,43,54,4219.5
22410006575000,767,384,383,30449.9
22410006576000,754,379,375,30537
22410006577000,845,416,429,34222.5
22410006578000,273,118,155,14332.5
22410006579000,2036,983,1053,85715.6
22410006580000,778,388,390,28630.4
22410006581000,164,82,82,6018.8
22410006582000,84,46,38,3242.4
22410006583000,61,33,28,2488.8
22410006584000,34,19,15,1482.4
22410006585000,7,5,2,294.7
22410006586000,7,5,2,223.3
22410006587000,1209,570,639,50173.5
22410006588000,393,181,212,15916.5
22410006589000,7,3,4,366.8
22410006590000,200,99,101,7880
22410006591000,652,314,338,28101.2
22410006593000,6,3,3,234
22410006594000,17,9,8,635.8
22410006595000,261,136,125,9552.6
22410006596000,702,355,347,25903.8
22410006597000,688,337,351,26488
22410006598000,148,74,74,5653.6
22410006607000,7,4,3,153.3
22410006608000,9,5,4,502.2
22410006609000,14,9,5,666.4
22410006610000,61,29,32,2751.1
22410006611000,159,76,83,7791
22410006616000,149,65,84,7077.5
22410006617000,412,200,212,20023.2
22410006618000,158,83,75,6699.2
22410006619000,4,2,2,0
22410006625000,30,17,13,1230
22410006626000,50,25,25,2245
22410006630000,10,5,5,409
22410006631000,648,330,318,23198.4
22410006632000,806,383,423,29902.6
22410006633000,466,242,224,13141.2
22410006635000,8,5,3,363.2
22410006636000,3,1,2,0
22410006637000,9,4,5,341.1
22410006638000,285,145,140,10146
22410006639000,28,10,18,974.4
22410006640000,1538,724,814,55983.2
22410006641000,704,334,370,24006.4
22410006642000,45,28,17,1602
22410006643000,1,1,0,0
22410006646000,1,1,0,0
22410006654000,18,11,7,626.4
22410006655000,66,39,27,2613.6
22410006656000,29,18,11,1003.4
22410006657000,8,3,5,284
22410006669000,10,4,6,398
22410006670000,5,2,3,295
22410006671000,46,24,22,1784.8
22410006672000,21,12,9,991.2
22410006673000,17,9,8,736.1
22410006674000,16,8,8,804.8
22410006675000,92,44,48,3772
22410006676000,25,11,14,795
22410006678000,48,29,19,2385.6
22410006679000,587,301,286,20603.7
22410006680000,876,427,449,33726
22410006681000,91,44,47,3803.8
22410006682000,103,49,54,3563.8
22410006683000,70,33,37,2653
22410006717000,16,5,11,1100.8
22410006718000,46,18,28,2244.8
22410006719000,41,18,23,1877.8
22410006720000,28,15,13,1355.2
22410006721000,8,3,5,395.2
22410006722000,2,2,0,0
22410006723000,12,6,6,436.8
22410006724000,6,3,3,388.2
22410006726000,5,2,3,274
22410006738000,2,1,1,0
22410006739000,22,12,10,873.4
22410006740000,7,3,4,217.7
22410006741000,2,1,1,0
22410006743000,2,1,1,0
22410006744000,17,9,8,858.5
22410006745000,24,15,9,967.2
22410006746000,144,69,75,5155.2
22410006747000,66,31,35,2310
22410006748000,29,18,11,881.6
22410006749000,53,26,27,2411.5
22410006750000,33,14,19,1171.5
22410006754000,11,9,2,460.9
22410006758000,6,4,2,370.8
22410006764000,13,6,7,448.5
22410006765000,19,10,9,1027.9
22410006766000,10,5,5,383
22410006767000,4,2,2,0
22410006786000,7,5,2,210
22410006787000,35,15,20,1417.5
22410006794000,5,3,2,278
22410006795000,4,1,3,0
22410006796000,6,4,2,339
22410006797000,18,10,8,594
22410006798000,32,16,16,1568
22410006799000,10,7,3,537
22410006800000,66,32,34,2356.2
22410006801000,24,13,11,1077.6
22410006802000,35,18,17,1344
22410006803000,8,5,3,226.4
22410006804000,53,30,23,2544
22410006805000,13,6,7,603.2
22410006806000,22,11,11,770
22410006807000,3,3,0,0
22410006818000,12,9,3,428.4
22410006820000,8,3,5,356
22410006821000,12,5,7,360
22410006824000,31,11,20,1007.5
22410006826000,14,7,7,546
22410006827000,1,1,0,0
22410006828000,14,9,5,739.2
22410006829000,14,5,9,497
22410006830000,21,8,13,695.1
22410006831000,534,243,291,24030
22410006832000,319,157,162,13748.9
22410006833000,5,2,3,144
22410006844000,1,0,1,0
22410006897000,17,10,7,613.7
22410006898000,80,40,40,3872
22410006899000,27,12,15,891
22410006961000,1,1,0,0
22410006962000,14,6,8,610.4
22410006963000,4,2,2,0
22410006965000,3,2,1,0
22410006966000,1,0,1,0
22410006977000,15,7,8,643.5
22410006978000,11,4,7,508.2
22410007016000,15,6,9,595.5
22410007024000,56,26,30,2273.6
22410007025000,67,37,30,2217.7
22410007026000,15,7,8,508.5
22410007027000,750,364,386,28350
22410007028000,711,335,376,30857.4
22410007029000,728,360,368,33124
22410007030000,140,74,66,5964
22410007032000,3,2,1,0
22410007036000,2,1,1,0
22410007051000,12,8,4,544.8
22410007052000,51,21,30,2045.1
22410007053000,86,47,39,3844.2
22410007054000,9,6,3,459
22410007058000,5,2,3,297
22410007059000,10,6,4,697
22410007060000,7,4,3,347.2
22410007074000,153,79,74,6456.6
22410007075000,175,91,84,6457.5
22410007076000,15,6,9,481.5
22410007080000,12,8,4,580.8
22410007081000,21,15,6,1075.2
22410007082000,16,6,10,569.6
22410007083000,5,3,2,212
22410007090000,16,8,8,827.2
22410007091000,24,11,13,984
22410007092000,11,6,5,575.3
22420006571000,5,3,2,134
22420006576000,98,47,51,4096.4
22420006577000,456,229,227,18240
22420006578000,1081,535,546,40861.8
22420006579000,2148,1031,1117,85920
22420006580000,634,286,348,22633.8
22420006581000,1050,527,523,33180
22420006582000,85,41,44,3213
22420006583000,57,34,23,2257.2
22420006584000,28,14,14,1220.8
22420006585000,39,21,18,1123.2
22420006586000,74,36,38,2997
22420006587000,673,322,351,29746.6
22420006588000,517,274,243,22851.4
22420006590000,14,8,6,672
22420006591000,142,78,64,5410.2
22420006592000,622,284,338,28301
22420006593000,1424,679,745,54966.4
22420006594000,2472,1189,1283,90722.4
22420006595000,2328,1158,1170,93120
22420006596000,1628,836,792,60398.8
22420006597000,321,147,174,13899.3
22420006598000,2,2,0,0
22420006607000,10,5,5,354
22420006608000,6,3,3,243
22420006609000,22,12,10,888.8
22420006610000,74,39,35,2797.2
22420006611000,90,46,44,3798
22420006612000,9,5,4,261.9
22420006613000,3,1,2,0
22420006615000,1,0,1,0
22420006616000,25,12,13,1095
22420006617000,114,54,60,4822.2
22420006619000,1,0,1,0
22420006620000,1,0,1,0
22420006622000,2,1,1,0
22420006623000,3,3,0,0
22420006625000,54,29,25,1803.6
22420006626000,4,2,2,0
22420006630000,4,1,3,0
22420006631000,705,361,344,29821.5
22420006632000,353,184,169,13943.5
22420006633000,25,12,13,927.5
22420006634000,125,63,62,4425
22420006635000,296,159,137,10508
22420006636000,5,4,1,163
22420006637000,13,9,4,405.6
22420006638000,92,49,43,3091.2
22420006639000,1,1,0,0
22420006640000,174,91,83,6803.4
22420006641000,1245,582,663,46189.5
22420006642000,305,158,147,11071.5
22420006643000,96,43,53,3561.6
22420006644000,6,3,3,186
22420006654000,17,9,8,649.4
22420006672000,47,27,20,1748.4
22420006673000,51,25,26,1871.7
22420006674000,134,64,70,5092
22420006675000,30,14,16,981
22420006678000,21,12,9,936.6
22420006679000,55,32,23,2233
22420006680000,69,36,33,2911.8
22420006681000,53,29,24,2374.4
22420006682000,40,23,17,1596
22420006683000,74,39,35,2627
22420006685000,59,28,31,1746.4
22420006686000,5,2,3,237
22420006687000,2,1,1,0
22420006693000,10,5,5,369
22420006694000,5,3,2,190
22420006695000,31,14,17,1230.7
22420006696000,1,0,1,0
22420006717000,14,6,8,516.6
22420006718000,10,7,3,384
22420006721000,3,2,1,0
22420006724000,2,1,1,0
22420006725000,1,0,1,0
22420006726000,15,9,6,523.5
22420006727000,11,5,6,533.5
22420006728000,7,5,2,161
22420006737000,11,5,6,716.1
22420006738000,61,26,35,2366.8
22420006739000,30,16,14,1293
22420006741000,11,6,5,412.5
22420006742000,12,7,5,423.6
22420006746000,64,29,35,2611.2
22420006747000,17,8,9,753.1
22420006748000,11,6,5,277.2
22420006749000,5,3,2,207
22420006750000,28,15,13,1176
22420006753000,9,6,3,257.4
22420006754000,3,2,1,0
22420006758000,25,14,11,1012.5
22420006761000,1,0,1,0
22420006763000,3,2,1,0
22420006764000,50,25,25,2255
22420006765000,21,9,12,1087.8
22420006766000,12,6,6,434.4
22420006767000,2,1,1,0
22420006786000,14,7,7,495.6
22420006794000,3,2,1,0
22420006795000,18,9,9,846
22420006796000,41,21,20,1480.1
22420006797000,88,45,43,3212
22420006798000,66,35,31,2587.2
22420006799000,52,30,22,2230.8
22420006800000,61,30,31,2147.2
22420006801000,60,29,31,2616
22420006802000,28,15,13,1408.4
22420006804000,47,33,14,1649.7
22420006805000,147,68,79,5762.4
22420006806000,17,10,7,669.8
22420006807000,16,9,7,670.4
22420006819000,5,3,2,219
22420006820000,18,12,6,729
22420006821000,26,14,12,1274
22420006822000,39,18,21,1092
22420006823000,15,6,9,439.5
22420006824000,20,10,10,918
22420006825000,22,11,11,820.6
22420006826000,9,3,6,371.7
22420006828000,2,2,0,0
22420006829000,14,8,6,603.4
22420006830000,151,74,77,6583.6
22420006831000,145,77,68,6148
22420006832000,54,27,27,2187
22420006833000,78,37,41,3432
22420006838000,2,1,1,0
22420006839000,6,3,3,289.2
22420006896000,8,4,4,268
22420006897000,22,13,9,1168.2
22420006898000,17,10,7,783.7
22420006961000,1,1,0,0
22420006962000,4,1,3,0
22420006963000,16,9,7,790.4
22420006966000,3,2,1,0
22420006967000,15,10,5,508.5
22420006968000,6,2,4,289.8
22420006977000,8,4,4,268.8
22420007017000,2,2,0,0
22420007024000,3,2,1,0
22420007027000,72,40,32,2772
22420007028000,117,62,55,4422.6
22420007029000,924,466,458,34834.8
22420007030000,1719,854,865,64978.2
22420007033000,8,5,3,291.2
22420007036000,5,3,2,250
22420007048000,5,3,2,168
22420007049000,6,3,3,316.2
22420007051000,236,117,119,9558
22420007052000,137,53,84,7247.3
22420007053000,16,7,9,574.4
22420007054000,1,0,1,0
22420007056000,17,9,8,885.7
22420007057000,19,10,9,1164.7
22420007074000,38,19,19,1599.8
22420007075000,19,14,5,845.5
22420007079000,13,6,7,613.6
22420007080000,14,6,8,652.4
22420007081000,158,74,84,4992.8
22420007083000,35,19,16,1270.5
22420007090000,34,17,17,1230.8
22420007091000,54,31,23,2106
22420007092000,32,15,17,1225.6
22420007093000,2,1,1,0
22430006577000,174,86,88,5776.8
22430006578000,203,98,105,8160.6
22430006579000,441,227,214,17728.2
22430006580000,674,330,344,24735.8
22430006581000,445,218,227,17132.5
22430006582000,100,50,50,3470
22430006583000,254,126,128,9271
22430006584000,150,85,65,5820
22430006585000,101,53,48,4534.9
22430006586000,174,92,82,7273.2
22430006587000,3,1,2,0
22430006591000,10,5,5,499
22430006592000,5,4,1,111
22430006593000,1675,821,854,67335
22430006594000,3476,1703,1773,143211.2
22430006595000,2597,1273,1324,112709.8
22430006596000,3,1,2,0
22430006609000,29,14,15,936.7
22430006610000,71,32,39,2222.3
22430006611000,58,29,29,2320
22430006612000,17,7,10,654.5
22430006616000,123,54,69,5571.9
22430006617000,466,241,225,18034.2
22430006618000,15,7,8,427.5
22430006620000,12,6,6,481.2
22430006623000,13,9,4,691.6
22430006628000,17,8,9,503.2
22430006629000,14,6,8,432.6
22430006630000,41,22,19,1570.3
22430006631000,40,22,18,1644
22430006632000,30,17,13,831
22430006633000,26,12,14,1123.2
22430006634000,44,25,19,1654.4
22430006635000,419,224,195,14748.8
22430006636000,482,242,240,18219.6
22430006637000,602,298,304,21070
22430006638000,23,17,6,846.4
22430006639000,902,423,479,37884
22430006640000,2609,1291,1318,97576.6
22430006641000,1718,840,878,61160.8
22430006642000,1641,777,864,62686.2
22430006643000,365,195,170,14563.5
22430006644000,22,11,11,728.2
22430006645000,3,1,2,0
22430006646000,3,2,1,0
22430006647000,1,0,1,0
22430006653000,32,15,17,1228.8
22430006654000,29,15,14,1081.7
22430006673000,1,1,0,0
22430006674000,18,8,10,824.4
22430006678000,3,1,2,0
22430006681000,49,21,28,1759.1
22430006682000,86,47,39,3362.6
22430006683000,135,54,81,5170.5
22430006684000,97,47,50,3918.8
22430006685000,662,334,328,23699.6
22430006686000,614,305,309,24253
22430006687000,536,268,268,20421.6
22430006688000,205,103,102,7503
22430006692000,39,17,22,1739.4
22430006693000,18,9,9,835.2
22430006694000,1,0,1,0
22430006695000,1,0,1,0
22430006696000,8,5,3,482.4
22430006697000,19,9,10,1060.2
22430006698000,60,32,28,2622
22430006701000,1,1,0,0
22430006717000,20,11,9,664
22430006719000,7,4,3,387.8
22430006720000,49,28,21,2028.6
22430006721000,20,10,10,876
22430006722000,2,1,1,0
22430006727000,30,17,13,1419
22430006735000,2,1,1,0
22430006736000,4,4,0,0
22430006737000,15,7,8,942
22430006738000,1,0,1,0
22430006740000,24,13,11,1008
22430006741000,12,6,6,547.2
22430006742000,17,11,6,724.2
22430006743000,29,15,14,1133.9
22430006745000,6,3,3,162
22430006746000,12,5,7,357.6
22430006747000,26,10,16,1050.4
22430006748000,4,2,2,0
22430006750000,4,2,2,0
22430006752000,10,5,5,371
22430006753000,45,21,24,1719
22430006759000,19,11,8,570
22430006760000,27,14,13,1004.4
22430006763000,10,6,4,462
22430006764000,11,8,3,303.6
22430006765000,14,7,7,477.4
22430006779000,1,0,1,0
22430006785000,6,4,2,237
22430006786000,22,13,9,1016.4
22430006796000,28,13,15,1290.8
22430006797000,337,163,174,14187.7
22430006798000,330,178,152,12375
22430006799000,37,23,14,1494.8
22430006800000,27,15,12,1012.5
22430006801000,8,5,3,444.8
22430006804000,2,1,1,0
22430006805000,26,13,13,1073.8
22430006806000,16,10,6,742.4
22430006807000,6,3,3,270
22430006812000,3,2,1,0
22430006817000,5,2,3,206
22430006818000,2,1,1,0
22430006819000,30,16,14,1158
22430006820000,78,43,35,2925
22430006821000,46,26,20,1904.4
22430006822000,42,15,27,1810.2
22430006823000,227,116,111,8807.6
22430006824000,6,3,3,252
22430006826000,8,3,5,332.8
22430006827000,43,22,21,1522.2
22430006828000,22,12,10,1161.6
22430006829000,26,11,15,1092
22430006830000,25,11,14,1050
22430006831000,10,4,6,464
22430006834000,2,1,1,0
22430006872000,1,1,0,0
22430006897000,16,8,8,657.6
22430006898000,3,1,2,0
22430006961000,7,3,4,214.2
22430006962000,5,3,2,152
22430006965000,1,1,0,0
22430006966000,22,12,10,1012
22430006967000,19,10,9,961.4
22430006968000,22,11,11,939.4
22430006969000,22,11,11,1122
22430006970000,11,6,5,658.9
22430006971000,6,3,3,288
22430006976000,1,1,0,0
22430007006000,15,7,8,520.5
22430007011000,1,1,0,0
22430007012000,1,0,1,0
22430007030000,8,5,3,291.2
22430007031000,2,2,0,0
22430007033000,6,4,2,259.2
22430007034000,5,2,3,320
22430007036000,11,6,5,491.7
22430007049000,14,8,6,505.4
22430007050000,19,7,12,826.5
22430007051000,75,39,36,2572.5
22430007065000,51,24,27,2346
22430007066000,16,7,9,918.4
22430007070000,3,2,1,0
22430007075000,47,25,22,1983.4
22430007076000,5,2,3,347
22430007078000,11,4,7,495
22430007079000,6,4,2,97.8
22430007080000,64,31,33,2630.4
22430007081000,174,77,97,8073.6
22430007083000,2,1,1,0
22430007088000,4,3,1,0
22430007089000,7,5,2,207.2
22430007090000,64,36,28,2425.6
22430007091000,130,62,68,5538
22440006581000,229,118,111,9205.8
22440006582000,78,33,45,2847
22440006583000,40,16,24,1912
22440006584000,44,23,21,1676.4
22440006594000,35,19,16,1505
22440006595000,72,35,37,3312
22440006596000,170,97,73,6885
22440006608000,3,2,1,0
22440006609000,31,14,17,1171.8
22440006610000,34,17,17,1462
22440006611000,10,5,5,269
22440006612000,2,1,1,0
22440006613000,4,2,2,0
22440006614000,16,8,8,676.8
22440006615000,57,29,28,2148.9
22440006616000,32,17,15,1232
22440006617000,93,49,44,3301.5
22440006618000,56,32,24,2329.6
22440006627000,7,4,3,377.3
22440006628000,21,11,10,1001.7
22440006629000,78,48,30,2940.6
22440006630000,40,17,23,1560
22440006631000,17,9,8,722.5
22440006632000,29,13,16,1206.4
22440006633000,768,391,377,25728
22440006634000,68,33,35,2930.8
22440006635000,709,346,363,25240.4
22440006636000,1340,658,682,50786
22440006637000,492,263,229,18105.6
22440006638000,308,162,146,13090
22440006639000,1307,634,673,46921.3
22440006640000,987,463,524,43822.8
22440006641000,1615,779,836,76712.5
22440006642000,1045,508,537,43681
22440006643000,84,35,49,4132.8
22440006644000,37,18,19,1542.9
22440006647000,46,21,25,1968.8
22440006648000,4,1,3,0
22440006650000,14,9,5,532
22440006651000,5,3,2,284
22440006652000,17,9,8,671.5
22440006653000,11,8,3,421.3
22440006654000,24,11,13,837.6
22440006656000,1,0,1,0
22440006658000,10,5,5,440
22440006678000,1,1,0,0
22440006679000,1,1,0,0
22440006683000,2,1,1,0
22440006684000,68,34,34,2794.8
22440006685000,44,20,24,1267.2
22440006686000,61,33,28,2220.4
22440006687000,714,315,399,34914.6
22440006688000,258,125,133,9829.8
22440006689000,22,10,12,877.8
22440006700000,3,1,2,0
22440006701000,11,7,4,491.7
22440006702000,5,3,2,287
22440006703000,11,6,5,566.5
22440006704000,6,3,3,361.8
22440006710000,1,0,1,0
22440006717000,11,5,6,466.4
22440006718000,12,6,6,489.6
22440006720000,7,4,3,389.9
22440006721000,8,5,3,332
22440006722000,28,15,13,1153.6
22440006723000,79,46,33,3894.7
22440006724000,8,5,3,475.2
22440006725000,6,3,3,376.2
22440006728000,14,7,7,616
22440006729000,5,3,2,313
22440006731000,14,9,5,736.4
22440006732000,22,13,9,1309
22440006733000,14,10,4,641.2
22440006734000,29,16,13,1316.6
22440006735000,9,5,4,528.3
22440006736000,4,3,1,0
22440006739000,3,2,1,0
22440006740000,1,1,0,0
22440006741000,25,14,11,1170
22440006742000,28,17,11,1162
22440006743000,1,0,1,0
22440006744000,5,4,1,333
22440006745000,3,2,1,0
22440006746000,35,17,18,1536.5
22440006747000,42,20,22,1747.2
22440006748000,7,4,3,284.2
22440006753000,87,42,45,3619.2
22440006754000,22,11,11,726
22440006759000,4,2,2,0
22440006760000,3,2,1,0
22440006762000,18,10,8,723.6
22440006763000,18,12,6,658.8
22440006764000,12,7,5,579.6
22440006785000,24,16,8,897.6
22440006786000,13,7,6,366.6
22440006795000,12,3,9,459.6
22440006796000,38,20,18,1592.2
22440006797000,176,94,82,7620.8
22440006798000,10,6,4,340
22440006805000,5,1,4,152
22440006814000,9,5,4,180.9
22440006815000,8,3,5,174.4
22440006816000,19,10,9,771.4
22440006817000,1,1,0,0
22440006818000,5,2,3,193
22440006819000,5,2,3,256
22440006820000,126,56,70,4674.6
22440006821000,75,36,39,2880
22440006822000,292,134,158,15651.2
22440006823000,196,98,98,8839.6
22440006824000,7,5,2,417.2
22440006825000,10,4,6,434
22440006826000,21,10,11,711.9
22440006827000,34,19,15,1397.4
22440006828000,7,5,2,366.1
22440006829000,20,11,9,768
22440006840000,1,1,0,0
22440006871000,11,5,6,496.1
22440006897000,20,13,7,990
22440006898000,9,4,5,435.6
22440006962000,1,0,1,0
22440006963000,9,6,3,385.2
22440006965000,3,1,2,0
22440006966000,13,6,7,608.4
22440006967000,9,3,6,453.6
22440006968000,1,1,0,0
22440006969000,1,1,0,0
22440006971000,7,3,4,125.3
22440006972000,6,4,2,283.2
22440006973000,6,2,4,397.8
22440006976000,11,6,5,407
22440006977000,14,8,6,519.4
22440007005000,3,1,2,0
22440007006000,1,1,0,0
22440007007000,23,14,9,844.1
22440007008000,13,7,6,617.5
22440007009000,11,6,5,269.5
22440007010000,6,3,3,274.8
22440007011000,2,1,1,0
22440007012000,7,4,3,455.7
22440007034000,31,14,17,1593.4
22440007036000,25,13,12,962.5
22440007045000,18,12,6,779.4
22440007063000,5,3,2,327
22440007064000,8,6,2,242.4
22440007065000,123,66,57,4526.4
22440007066000,15,6,9,712.5
22440007067000,11,5,6,576.4
22440007068000,44,21,23,2024
22440007070000,5,3,2,199
22440007071000,14,8,6,740.6
22440007072000,4,1,3,0
22440007075000,5,3,2,96
22440007076000,26,12,14,962
22440007078000,15,9,6,667.5
22440007079000,40,17,23,1380
22440007080000,77,40,37,3049.2
22440007081000,829,373,456,38465.6
22440007082000,94,45,49,3562.6
22440007083000,33,18,15,1211.1
22440007087000,7,4,3,196
22440007088000,3,1,2,0
22440007090000,29,18,11,1345.6
22440007091000,39,18,21,1482
22450006590000,4,4,0,0
22450006608000,1,1,0,0
22450006609000,24,12,12,1178.4
22450006610000,6,3,3,199.8
22450006611000,6,4,2,297
22450006612000,6,3,3,196.2
22450006614000,9,6,3,200.7
22450006615000,2,1,1,0
22450006616000,14,7,7,614.6
22450006617000,17,9,8,584.8
22450006618000,34,17,17,1417.8
22450006619000,7,5,2,354.2
22450006626000,12,7,5,441.6
22450006627000,72,44,28,2829.6
22450006628000,52,27,25,1955.2
22450006629000,14,9,5,631.4
22450006630000,20,8,12,684
22450006631000,2,1,1,0
22450006632000,254,138,116,9296.4
22450006633000,1635,827,808,58369.5
22450006634000,206,103,103,7498.4
22450006635000,362,184,178,12344.2
22450006636000,427,222,205,12724.6
22450006637000,67,36,31,2559.4
22450006638000,404,187,217,13130
22450006639000,1366,680,686,48493
22450006640000,2128,1051,1077,80651.2
22450006641000,2243,1075,1168,85458.3
22450006642000,1738,873,865,64479.8
22450006643000,1256,607,649,51244.8
22450006644000,861,413,448,31082.1
22450006645000,65,39,26,1917.5
22450006646000,36,20,16,1486.8
22450006647000,48,27,21,1732.8
22450006648000,20,8,12,630
22450006650000,8,4,4,348
22450006651000,441,234,207,16272.9
22450006652000,286,165,121,10925.2
22450006653000,36,20,16,1695.6
22450006670000,4,2,2,0
22450006674000,1,1,0,0
22450006686000,356,174,182,13848.4
22450006687000,54,29,25,2149.2
22450006692000,19,9,10,752.4
22450006693000,7,3,4,273.7
22450006694000,15,8,7,708
22450006695000,7,3,4,438.9
22450006696000,51,25,26,2356.2
22450006697000,31,17,14,1317.5
22450006704000,15,8,7,550.5
22450006705000,6,3,3,241.8
22450006706000,11,7,4,477.4
22450006707000,6,2,4,292.2
22450006708000,1,1,0,0
22450006711000,2,1,1,0
22450006715000,8,5,3,214.4
22450006716000,7,4,3,335.3
22450006717000,8,3,5,451.2
22450006718000,6,3,3,388.8
22450006719000,2,1,1,0
22450006725000,14,7,7,571.2
22450006726000,9,5,4,405.9
22450006727000,11,7,4,653.4
22450006728000,6,3,3,175.2
22450006729000,2,1,1,0
22450006730000,2,1,1,0
22450006731000,8,4,4,312.8
22450006732000,2,1,1,0
22450006738000,193,93,100,9881.6
22450006739000,28,15,13,1083.6
22450006740000,42,22,20,1738.8
22450006741000,30,17,13,1392
22450006742000,24,14,10,1024.8
22450006743000,3,1,2,0
22450006746000,19,11,8,955.7
22450006747000,6,3,3,238.8
22450006752000,18,9,9,543.6
22450006753000,23,12,11,1051.1
22450006759000,13,7,6,681.2
22450006760000,8,4,4,396
22450006761000,3,1,2,0
22450006784000,24,13,11,871.2
22450006785000,4,1,3,0
22450006786000,2,1,1,0
22450006793000,1,1,0,0
22450006794000,3,2,1,0
22450006795000,29,15,14,1064.3
22450006796000,20,9,11,668
22450006797000,50,25,25,2010
22450006798000,13,5,8,637
22450006799000,6,1,5,166.8
22450006803000,5,4,1,230
22450006804000,13,9,4,490.1
22450006805000,53,27,26,2130.6
22450006806000,5,3,2,168
22450006813000,11,7,4,490.6
22450006814000,26,13,13,975
22450006815000,22,12,10,990
22450006816000,38,18,20,1865.8
22450006817000,46,20,26,1439.8
22450006818000,36,16,20,1350
22450006819000,64,31,33,2624
22450006820000,8,6,2,484.8
22450006821000,5,2,3,342
22450006822000,13,8,5,626.6
22450006823000,9,3,6,300.6
22450006824000,32,15,17,1414.4
22450006826000,2,2,0,0
22450006871000,1,0,1,0
22450006897000,4,3,1,0
22450006959000,12,6,6,307.2
22450006962000,6,2,4,157.2
22450006963000,32,14,18,1036.8
22450006964000,17,10,7,649.4
22450006967000,5,2,3,90
22450006968000,2,2,0,0
22450006972000,5,2,3,284
22450006973000,1,1,0,0
22450006974000,4,3,1,0
22450006975000,52,25,27,2355.6
22450006976000,287,143,144,13833.4
22450006977000,244,111,133,12126.8
22450007009000,13,6,7,375.7
22450007010000,8,3,5,338.4
22450007023000,2,2,0,0
22450007030000,1,0,1,0
22450007034000,9,5,4,312.3
22450007035000,8,3,5,388
22450007036000,14,8,6,617.4
22450007045000,12,5,7,328.8
22450007046000,18,12,6,653.4
22450007047000,5,2,3,357
22450007048000,27,13,14,1174.5
22450007066000,7,3,4,235.9
22450007067000,4,3,1,0
22450007068000,28,14,14,1209.6
22450007069000,2,1,1,0
22450007070000,5,3,2,244
22450007071000,95,46,49,4161
22450007072000,24,12,12,1200
22450007076000,15,9,6,628.5
22450007077000,14,6,8,753.2
22450007078000,25,12,13,1220
22450007080000,7,5,2,149.1
22450007081000,18,9,9,856.8
22450007082000,10,5,5,260
22450007083000,12,8,4,550.8
22450007084000,11,5,6,315.7
22450007089000,35,21,14,1263.5
22450007090000,12,8,4,411.6
22450007091000,2,1,1,0
22460006607000,8,4,4,320.8
22460006609000,3,1,2,0
22460006610000,8,5,3,358.4
22460006618000,12,8,4,585.6
22460006619000,19,11,8,623.2
22460006620000,8,3,5,316.8
22460006626000,141,68,73,3496.8
22460006627000,190,96,94,7258
22460006628000,55,35,20,2277
22460006629000,9,6,3,491.4
22460006633000,322,164,158,12783.4
22460006634000,1470,735,735,55713
22460006635000,828,416,412,33534
22460006636000,1549,785,764,53440.5
22460006637000,263,140,123,9468
22460006638000,1212,616,596,43389.6
22460006639000,799,388,411,30521.8
22460006640000,349,165,184,14832.5
22460006641000,428,210,218,20929.2
22460006642000,1284,631,653,49690.8
22460006643000,1375,667,708,49500
22460006644000,901,458,443,32976.6
22460006645000,498,233,265,20368.2
22460006646000,790,396,394,31047
22460006647000,236,122,114,9109.6
22460006648000,31,15,16,1091.2
22460006649000,1094,553,541,38727.6
22460006650000,1023,522,501,40510.8
22460006651000,459,236,223,18038.7
22460006652000,1222,607,615,56089.8
22460006653000,27,16,11,953.1
22460006655000,568,292,276,13972.8
22460006656000,202,100,102,4989.4
22460006657000,31,18,13,1097.4
22460006658000,4,3,1,0
22460006659000,2,1,1,0
22460006664000,7,5,2,238.7
22460006685000,1,1,0,0
22460006686000,547,256,291,21387.7
22460006687000,416,203,213,17139.2
22460006688000,4,3,1,0
22460006689000,1,0,1,0
22460006690000,13,8,5,513.5
22460006691000,13,8,5,555.1
22460006692000,84,40,44,3276
22460006693000,25,14,11,1057.5
22460006694000,24,14,10,871.2
22460006695000,2,1,1,0
22460006696000,47,26,21,1964.6
22460006697000,223,123,100,7559.7
22460006698000,93,50,43,4305.9
22460006707000,12,6,6,518.4
22460006708000,2,1,1,0
22460006709000,15,10,5,523.5
22460006712000,5,2,3,364
22460006713000,2,1,1,0
22460006714000,6,4,2,138
22460006715000,10,6,4,363
22460006718000,4,3,1,0
22460006728000,52,27,25,2568.8
22460006729000,17,9,8,766.7
22460006730000,37,20,17,1613.2
22460006731000,47,23,24,1964.6
22460006732000,4,2,2,0
22460006733000,44,19,25,1843.6
22460006734000,247,125,122,11040.9
22460006735000,235,107,128,9846.5
22460006736000,125,57,68,4400
22460006737000,283,142,141,11489.8
22460006738000,543,246,297,25195.2
22460006739000,157,82,75,6248.6
22460006740000,76,40,36,3002
22460006741000,35,19,16,1883
22460006746000,29,13,16,1119.4
22460006752000,33,21,12,1422.3
22460006754000,19,12,7,813.2
22460006759000,2,1,1,0
22460006760000,49,19,30,1881.6
22460006761000,51,25,26,2111.4
22460006762000,1,1,0,0
22460006763000,12,5,7,537.6
22460006784000,37,21,16,1409.7
22460006785000,27,12,15,1134
22460006792000,21,11,10,1045.8
22460006793000,16,10,6,761.6
22460006794000,13,9,4,660.4
22460006795000,560,280,280,22736
22460006796000,316,133,183,14378
22460006797000,91,46,45,3994.9
22460006798000,35,21,14,1477
22460006799000,9,5,4,329.4
22460006802000,1,1,0,0
22460006803000,29,13,16,1244.1
22460006804000,31,14,17,1215.2
22460006805000,62,32,30,2690.8
22460006806000,10,4,6,423
22460006807000,2,1,1,0
22460006809000,5,3,2,145
22460006810000,12,8,4,421.2
22460006811000,8,3,5,447.2
22460006812000,28,15,13,1192.8
22460006813000,18,12,6,939.6
22460006815000,43,24,19,1642.6
22460006816000,13,7,6,393.9
22460006817000,18,10,8,867.6
22460006818000,33,14,19,1273.8
22460006824000,36,17,19,1512
22460006837000,5,3,2,334
22460006898000,2,2,0,0
22460006899000,8,5,3,296
22460006959000,2,1,1,0
22460006961000,3,0,3,0
22460006962000,21,11,10,949.2
22460006963000,49,23,26,1827.7
22460006964000,17,9,8,797.3
22460006966000,2,1,1,0
22460006972000,1,1,0,0
22460006973000,13,6,7,551.2
22460006974000,7,4,3,291.2
22460006975000,212,92,120,8246.8
22460006976000,139,66,73,5268.1
22460006977000,89,48,41,4031.7
22460006978000,1,1,0,0
22460006979000,3,1,2,0
22460006980000,7,3,4,214.2
22460007006000,8,5,3,510.4
22460007007000,13,4,9,371.8
22460007008000,80,43,37,3376
22460007009000,20,8,12,894
22460007010000,16,7,9,436.8
22460007011000,29,15,14,855.5
22460007024000,2,1,1,0
22460007032000,5,3,2,215
22460007035000,8,4,4,454.4
22460007036000,32,17,15,1353.6
22460007044000,14,8,6,480.2
22460007045000,13,6,7,735.8
22460007046000,51,25,26,1887
22460007047000,6,4,2,219
22460007058000,51,49,2,2004.3
22460007059000,4,3,1,0
22460007061000,18,10,8,811.8
22460007067000,21,15,6,1092
22460007068000,8,4,4,284.8
22460007071000,78,42,36,3026.4
22460007072000,6,2,4,103.2
22460007077000,32,15,17,1337.6
22460007078000,34,17,17,1009.8
22460007080000,28,13,15,700
22460007081000,17,10,7,698.7
22460007082000,2,1,1,0
22460007089000,16,10,6,736
22460007090000,5,2,3,131
22460007093000,22,11,11,1053.8
22460007094000,4,3,1,0
22460007095000,3,2,1,0
22470006607000,3,1,2,0
22470006608000,210,106,104,9156
22470006621000,5,3,2,253
22470006622000,36,21,15,1184.4
22470006623000,66,32,34,2250.6
22470006624000,1260,608,652,50778
22470006625000,289,130,159,13351.8
22470006626000,578,298,280,20634.6
22470006627000,694,363,331,25053.4
22470006628000,75,44,31,2670
22470006629000,172,82,90,6828.4
22470006630000,9,4,5,263.7
22470006631000,45,24,21,2295
22470006632000,745,362,383,27267
22470006633000,338,175,163,13148.2
22470006634000,179,81,98,7714.9
22470006635000,753,372,381,32906.1
22470006636000,114,57,57,3944.4
22470006637000,261,144,117,10883.7
22470006638000,43,24,19,1763
22470006639000,1,0,1,0
22470006640000,1,0,1,0
22470006641000,30,13,17,966
22470006642000,110,52,58,4400
22470006643000,268,126,142,10291.2
22470006644000,1693,837,856,68397.2
22470006645000,1122,564,558,45328.8
22470006646000,2708,1332,1376,101820.8
22470006647000,1149,582,567,39525.6
22470006648000,1670,811,859,57782
22470006649000,1555,808,747,52248
22470006650000,554,264,290,19667
22470006651000,3468,1661,1807,138026.4
22470006652000,2453,1145,1308,101063.6
22470006653000,53,27,26,2003.4
22470006654000,670,359,311,24053
22470006655000,1353,683,670,44649
22470006656000,385,198,187,13090
22470006657000,103,54,49,4593.8
22470006658000,75,33,42,3442.5
22470006659000,3,1,2,0
22470006686000,80,32,48,2848
22470006687000,10,5,5,383
22470006688000,68,40,28,2951.2
22470006689000,158,84,74,7520.8
22470006690000,6,4,2,307.2
22470006691000,9,7,2,269.1
22470006693000,7,4,3,186.9
22470006694000,36,16,20,1868.4
22470006695000,13,6,7,587.6
22470006696000,31,17,14,1469.4
22470006697000,2,2,0,0
22470006698000,32,18,14,1238.4
22470006699000,20,10,10,820
22470006700000,18,9,9,788.4
22470006701000,17,8,9,715.7
22470006702000,6,4,2,189
22470006703000,5,3,2,284
22470006717000,28,14,14,823.2
22470006718000,19,10,9,568.1
22470006729000,7,3,4,452.9
22470006730000,17,10,7,717.4
22470006731000,47,26,21,2237.2
22470006732000,8,5,3,210.4
22470006733000,4,1,3,0
22470006734000,31,15,16,1314.4
22470006735000,124,71,53,5332
22470006736000,117,59,58,3884.4
22470006737000,53,30,23,2284.3
22470006738000,21,8,13,676.2
22470006739000,4,3,1,0
22470006740000,4,1,3,0
22470006741000,30,16,14,1476
22470006742000,1,1,0,0
22470006746000,12,7,5,397.2
22470006747000,2,1,1,0
22470006752000,14,7,7,670.6
22470006758000,2,1,1,0
22470006759000,80,42,38,3336
22470006760000,52,26,26,2116.4
22470006761000,18,10,8,923.4
22470006764000,8,5,3,396.8
22470006783000,31,13,18,1311.3
22470006784000,84,47,37,3595.2
22470006788000,1,1,0,0
22470006789000,2,1,1,0
22470006790000,8,7,1,356.8
22470006791000,5,3,2,312
22470006792000,40,20,20,1900
22470006793000,28,14,14,910
22470006794000,59,31,28,2224.3
22470006795000,244,125,119,8125.2
22470006796000,37,17,20,1702
22470006797000,51,22,29,1897.2
22470006798000,10,4,6,539
22470006802000,6,4,2,208.8
22470006803000,18,10,8,532.8
22470006804000,5,3,2,301
22470006805000,46,20,26,1812.4
22470006806000,13,7,6,509.6
22470006807000,20,10,10,670
22470006808000,16,7,9,688
22470006809000,8,5,3,416.8
22470006811000,11,6,5,419.1
22470006814000,37,20,17,1505.9
22470006815000,28,17,11,882
22470006816000,7,3,4,352.1
22470006817000,4,2,2,0
22470006824000,25,14,11,1082.5
22470006862000,8,4,4,311.2
22470006869000,3,1,2,0
22470006899000,11,5,6,506
22470006900000,24,13,11,775.2
22470006901000,10,6,4,272
22470006959000,6,1,5,102
22470006963000,1,1,0,0
22470006973000,7,3,4,210.7
22470006974000,14,7,7,569.8
22470006975000,2,1,1,0
22470006976000,4,2,2,0
22470006977000,1,1,0,0
22470006979000,3,2,1,0
22470006980000,7,4,3,252.7
22470006981000,2,1,1,0
22470007005000,2,1,1,0
22470007006000,23,12,11,897
22470007007000,18,8,10,518.4
22470007008000,55,22,33,2403.5
22470007009000,11,6,5,454.3
22470007010000,2,1,1,0
22470007011000,11,6,5,517
22470007021000,9,4,5,518.4
22470007022000,17,9,8,680
22470007023000,39,21,18,1259.7
22470007024000,56,28,28,2296
22470007030000,2,2,0,0
22470007033000,11,6,5,536.8
22470007037000,12,7,5,601.2
22470007044000,6,3,3,243
22470007054000,8,4,4,256.8
22470007055000,9,6,3,441.9
22470007056000,24,14,10,1036.8
22470007057000,51,27,24,2162.4
22470007058000,188,103,85,7350.8
22470007059000,38,20,18,1470.6
22470007061000,10,5,5,280
22470007068000,3,1,2,0
22470007072000,73,38,35,3248.5
22470007077000,85,38,47,2915.5
22470007078000,13,7,6,613.6
22470007080000,11,8,3,468.6
22470007081000,4,4,0,0
22470007089000,9,5,4,442.8
22470007090000,37,18,19,1605.8
22470007091000,9,4,5,430.2
22470007092000,18,9,9,887.4
22470007093000,29,15,14,843.9
22470007094000,75,33,42,3750
22470007095000,18,9,9,599.4
22480006608000,477,245,232,20606.4
22480006609000,152,69,83,6490.4
22480006622000,79,43,36,1777.5
22480006623000,1149,584,565,40100.1
22480006624000,375,183,192,16987.5
22480006625000,11,6,5,522.5
22480006627000,76,36,40,3754.4
22480006628000,31,15,16,1450.8
22480006629000,33,14,19,1362.9
22480006632000,10,5,5,388
22480006633000,77,37,40,3287.9
22480006641000,69,36,33,2822.1
22480006642000,109,56,53,5297.4
22480006644000,1148,578,570,44772
22480006645000,1577,765,812,61503
22480006646000,1735,863,872,63674.5
22480006647000,1993,987,1006,76531.2
22480006648000,1769,810,959,82435.4
22480006649000,1526,746,780,56919.8
22480006650000,1727,804,923,77715
22480006651000,2584,1239,1345,101292.8
22480006652000,516,277,239,21052.8
22480006653000,2742,1317,1425,95970
22480006654000,744,386,358,26784
22480006655000,339,166,173,11424.3
22480006656000,17,10,7,700.4
22480006661000,7,2,5,210.7
22480006673000,1,1,0,0
22480006688000,122,58,64,4306.6
22480006689000,49,24,25,1950.2
22480006691000,18,9,9,883.8
22480006692000,6,4,2,226.2
22480006693000,20,11,9,714
22480006694000,18,8,10,678.6
22480006695000,8,3,5,390.4
22480006696000,2,1,1,0
22480006697000,16,8,8,553.6
22480006698000,58,28,30,2621.6
22480006699000,38,20,18,1470.6
22480006700000,12,7,5,522
22480006701000,8,4,4,363.2
22480006702000,35,17,18,1592.5
22480006703000,34,17,17,1533.4
22480006704000,25,10,15,910
22480006705000,5,3,2,281
22480006715000,13,4,9,596.7
22480006716000,6,5,1,412.8
22480006717000,1,0,1,0
22480006731000,2,2,0,0
22480006735000,1,0,1,0
22480006736000,5,1,4,83
22480006739000,3,2,1,0
22480006749000,7,2,5,263.2
22480006758000,1,1,0,0
22480006759000,32,17,15,1564.8
22480006760000,3,2,1,0
22480006763000,5,3,2,109
22480006764000,2,1,1,0
22480006780000,3,1,2,0
22480006782000,15,9,6,541.5
22480006783000,20,11,9,824
22480006784000,33,16,17,1237.5
22480006788000,19,8,11,944.3
22480006789000,15,7,8,546
22480006790000,10,5,5,398
22480006791000,23,9,14,807.3
22480006792000,76,40,36,2599.2
22480006793000,85,42,43,3434
22480006794000,36,19,17,1335.6
22480006795000,60,24,36,2268
22480006796000,26,14,12,1058.2
22480006797000,11,6,5,397.1
22480006802000,9,5,4,344.7
22480006803000,10,4,6,450
22480006804000,7,4,3,214.2
22480006805000,22,12,10,1067
22480006806000,376,179,197,16431.2
22480006807000,451,234,217,18581.2
22480006808000,25,17,8,1085
22480006809000,51,25,26,2131.8
22480006810000,56,25,31,2312.8
22480006811000,16,8,8,635.2
22480006812000,16,6,10,652.8
22480006813000,5,3,2,176
22480006815000,4,2,2,0
22480006816000,7,4,3,343
22480006823000,12,6,6,501.6
22480006824000,3,2,1,0
22480006834000,9,5,4,297.9
22480006859000,3,2,1,0
22480006860000,1,1,0,0
22480006861000,2,1,1,0
22480006867000,13,7,6,538.2
22480006868000,5,3,2,162
22480006900000,53,21,32,2072.3
22480006901000,24,15,9,842.4
22480006973000,2,1,1,0
22480006975000,1,0,1,0
22480006980000,23,12,11,913.1
22480006981000,11,6,5,385
22480007004000,7,3,4,249.9
22480007005000,21,13,8,760.2
22480007007000,34,20,14,1479
22480007008000,20,10,10,540
22480007011000,18,8,10,653.4
22480007012000,10,5,5,438
22480007020000,1,0,1,0
22480007021000,33,16,17,950.4
22480007022000,50,23,27,1890
22480007023000,16,8,8,675.2
22480007024000,83,44,39,3461.1
22480007025000,37,22,15,1524.4
22480007031000,29,14,15,1238.3
22480007032000,2,1,1,0
22480007033000,76,38,38,2622
22480007034000,89,44,45,2794.6
22480007039000,2,1,1,0
22480007041000,43,25,18,1720
22480007042000,15,5,10,544.5
22480007043000,2,1,1,0
22480007044000,1,1,0,0
22480007051000,16,9,7,889.6
22480007052000,26,13,13,946.4
22480007053000,17,11,6,579.7
22480007054000,17,9,8,588.2
22480007055000,12,6,6,535.2
22480007056000,74,30,44,2590
22480007057000,69,34,35,2325.3
22480007058000,12,6,6,579.6
22480007059000,40,18,22,1620
22480007060000,123,66,57,4428
22480007061000,121,65,56,4307.6
22480007062000,9,4,5,287.1
22480007072000,5,4,1,203
22480007073000,16,8,8,648
22480007078000,1,1,0,0
22480007089000,3,2,1,0
22480007090000,4,2,2,0
22480007091000,2,1,1,0
22480007092000,11,6,5,653.4
22480007093000,13,7,6,750.1
22480007094000,222,109,113,8813.4
22490006595000,3,2,1,0
22490006608000,67,36,31,3222.7
22490006609000,266,135,131,10347.4
22490006610000,128,67,61,4441.6
22490006611000,22,13,9,864.6
22490006612000,29,14,15,1110.7
22490006623000,271,140,131,9485
22490006624000,1,1,0,0
22490006643000,49,27,22,1793.4
22490006644000,841,413,428,29182.7
22490006645000,993,520,473,37138.2
22490006646000,718,380,338,25417.2
22490006647000,1691,777,914,83873.6
22490006648000,2155,1096,1059,79950.5
22490006649000,2090,1036,1054,79002
22490006650000,915,464,451,34129.5
22490006652000,258,129,129,8410.8
22490006653000,2798,1418,1380,95132
22490006654000,970,479,491,33077
22490006655000,33,15,18,1224.3
22490006657000,4,2,2,0
22490006688000,50,26,24,1905
22490006689000,151,71,80,6040
22490006690000,54,29,25,2235.6
22490006691000,3,2,1,0
22490006692000,29,16,13,1133.9
22490006693000,10,6,4,471
22490006694000,7,2,5,224
22490006695000,2,0,2,0
22490006696000,6,3,3,279
22490006697000,5,2,3,290
22490006698000,49,29,20,2009
22490006699000,43,25,18,1535.1
22490006700000,22,12,10,833.8
22490006701000,11,6,5,552.2
22490006702000,26,13,13,1027
22490006703000,131,72,59,4598.1
22490006704000,43,23,20,1707.1
22490006705000,16,9,7,596.8
22490006706000,2,1,1,0
22490006708000,14,4,10,418.6
22490006713000,11,6,5,482.9
22490006714000,65,31,34,2691
22490006715000,12,7,5,633.6
22490006716000,5,3,2,262
22490006735000,5,3,2,108
22490006736000,1,1,0,0
22490006748000,11,7,4,313.5
22490006749000,18,10,8,838.8
22490006750000,8,4,4,508.8
22490006756000,2,2,0,0
22490006757000,7,4,3,242.2
22490006758000,179,79,100,9576.5
22490006759000,23,11,12,899.3
22490006760000,10,6,4,485
22490006769000,13,7,6,434.2
22490006780000,18,11,7,628.2
22490006783000,1,1,0,0
22490006788000,34,16,18,1179.8
22490006789000,14,8,6,673.4
22490006790000,69,35,34,3022.2
22490006791000,5,1,4,99
22490006792000,75,36,39,3022.5
22490006793000,47,23,24,2157.3
22490006794000,47,27,20,1809.5
22490006795000,1,1,0,0
22490006802000,8,3,5,271.2
22490006804000,5,3,2,245
22490006805000,58,30,28,2360.6
22490006806000,78,41,37,3541.2
22490006807000,41,24,17,1476
22490006808000,38,18,20,1584.6
22490006809000,10,5,5,387
22490006810000,12,6,6,559.2
22490006811000,14,9,5,677.6
22490006812000,24,13,11,984
22490006813000,7,4,3,247.8
22490006816000,3,2,1,0
22490006823000,23,14,9,722.2
22490006864000,11,4,7,513.7
22490006865000,8,2,6,259.2
22490006866000,23,15,8,1129.3
22490006867000,2,1,1,0
22490006900000,2,1,1,0
22490006901000,11,7,4,458.7
22490006902000,7,5,2,247.1
22490006978000,1,1,0,0
22490006979000,7,5,2,235.9
22490006980000,15,7,8,672
22490006981000,5,2,3,127
22490006996000,1,1,0,0
22490007004000,3,1,2,0
22490007005000,8,4,4,216
22490007006000,4,3,1,0
22490007007000,5,2,3,114
22490007010000,5,4,1,180
22490007012000,9,5,4,339.3
22490007013000,13,8,5,517.4
22490007020000,3,2,1,0
22490007021000,3,1,2,0
22490007022000,21,11,10,741.3
22490007024000,32,19,13,1500.8
22490007025000,28,17,11,1237.6
22490007026000,8,4,4,336
22490007031000,1,1,0,0
22490007032000,15,6,9,571.5
22490007033000,205,105,100,7626
22490007034000,43,22,21,1487.8
22490007043000,14,7,7,519.4
22490007044000,4,2,2,0
22490007051000,81,42,39,2349
22490007052000,30,16,14,1203
22490007053000,12,5,7,438
22490007057000,28,14,14,823.2
22490007059000,45,21,24,1354.5
22490007060000,361,148,213,18772
22490007061000,254,132,122,9880.6
22490007062000,50,30,20,1450
22490007073000,4,3,1,0
22490007089000,1,0,1,0
22490007090000,8,4,4,440
22490007092000,3,1,2,0
22490007093000,31,16,15,1060.2
22490007094000,25,16,9,1352.5
22490007110000,1,0,1,0
22500006595000,6,4,2,348
22500006596000,227,100,127,7967.7
22500006597000,25,12,13,1200
22500006609000,131,61,70,5855.7
22500006610000,637,317,320,26435.5
22500006611000,415,206,209,16392.5
22500006612000,86,49,37,3491.6
22500006613000,33,18,15,1326.6
22500006614000,3,2,1,0
22500006619000,1,0,1,0
22500006620000,4,2,2,0
22500006621000,13,9,4,487.5
22500006622000,50,27,23,2060
22500006632000,1,1,0,0
22500006643000,42,19,23,1419.6
22500006644000,149,72,77,5006.4
22500006645000,407,207,200,14367.1
22500006646000,4,2,2,0
22500006647000,219,106,113,8409.6
22500006648000,1732,847,885,66508.8
22500006649000,1573,757,816,60875.1
22500006650000,241,123,118,8435
22500006651000,4,3,1,0
22500006652000,39,21,18,1661.4
22500006653000,7,3,4,233.8
22500006654000,2,1,1,0
22500006688000,55,31,24,1837
22500006689000,101,53,48,4100.6
22500006690000,55,29,26,2095.5
22500006691000,17,10,7,873.8
22500006692000,117,64,53,3825.9
22500006693000,107,54,53,4130.2
22500006694000,32,14,18,1593.6
22500006695000,12,3,9,423.6
22500006696000,26,12,14,1003.6
22500006698000,26,10,16,767
22500006699000,50,22,28,1975
22500006700000,4,2,2,0
22500006701000,23,12,11,862.5
22500006702000,32,16,16,1516.8
22500006703000,120,63,57,4908
22500006704000,63,29,34,2740.5
22500006705000,54,25,29,2440.8
22500006706000,16,7,9,784
22500006707000,11,7,4,434.5
22500006708000,92,44,48,3615.6
22500006709000,24,13,11,758.4
22500006710000,37,16,21,2123.8
22500006711000,8,4,4,456
22500006712000,32,13,19,1068.8
22500006713000,25,12,13,1305
22500006714000,13,6,7,647.4
22500006731000,8,3,5,386.4
22500006732000,4,3,1,0
22500006734000,6,4,2,222
22500006735000,5,2,3,290
22500006736000,10,6,4,323
22500006737000,7,3,4,275.1
22500006738000,4,1,3,0
22500006745000,7,4,3,380.8
22500006749000,3,2,1,0
22500006750000,34,22,12,1271.6
22500006757000,133,71,62,5187
22500006758000,59,33,26,2312.8
22500006759000,12,7,5,620.4
22500006760000,5,3,2,254
22500006769000,25,12,13,1105
22500006777000,11,6,5,451
22500006778000,13,6,7,643.5
22500006779000,43,21,22,1388.9
22500006780000,4,2,2,0
22500006785000,2,1,1,0
22500006787000,49,23,26,1538.6
22500006788000,144,75,69,5875.2
22500006789000,20,10,10,782
22500006790000,28,17,11,1271.2
22500006792000,5,2,3,294
22500006801000,19,10,9,537.7
22500006803000,17,10,7,727.6
22500006806000,8,3,5,327.2
22500006807000,18,6,12,838.8
22500006808000,9,6,3,464.4
22500006816000,6,2,4,201
22500006817000,8,5,3,350.4
22500006822000,4,3,1,0
22500006823000,43,21,22,1548
22500006833000,2,1,1,0
22500006900000,1,1,0,0
22500006901000,7,4,3,303.8
22500006902000,10,5,5,359
22500006944000,1,1,0,0
22500006962000,7,3,4,249.2
22500006979000,23,15,8,754.4
22500006980000,4,2,2,0
22500006981000,19,10,9,763.8
22500007003000,6,2,4,265.2
22500007004000,4,2,2,0
22500007005000,11,4,7,339.9
22500007006000,23,16,7,765.9
22500007008000,3,2,1,0
22500007009000,2,1,1,0
22500007011000,1,1,0,0
22500007013000,1,1,0,0
22500007014000,17,10,7,647.7
22500007019000,15,8,7,610.5
22500007020000,65,37,28,2561
22500007021000,26,14,12,876.2
22500007022000,33,18,15,1353
22500007023000,19,7,12,670.7
22500007024000,4,1,3,0
22500007025000,16,10,6,548.8
22500007026000,10,3,7,444
22500007031000,16,7,9,636.8
22500007032000,27,15,12,904.5
22500007033000,35,18,17,1403.5
22500007049000,23,11,12,862.5
22500007050000,23,9,14,828
22500007051000,55,26,29,1892
22500007052000,227,114,113,7264
22500007053000,45,24,21,1791
22500007054000,2,1,1,0
22500007057000,7,5,2,161.7
22500007058000,39,20,19,1563.9
22500007060000,157,68,89,6798.1
22500007061000,248,125,123,9672
22500007062000,16,9,7,948.8
22500007079000,20,10,10,758
22500007092000,30,17,13,1401
22500007093000,7,4,3,266.7
22500007094000,4,2,2,0
22500007098000,2,1,1,0
22500007108000,2,1,1,0
22500007109000,12,7,5,843.6
22500007110000,10,5,5,386
22510006596000,671,348,323,24692.8
22510006597000,2004,933,1071,90180
22510006598000,300,135,165,15870
22510006610000,5,3,2,173
22510006611000,176,94,82,7145.6
22510006612000,14,9,5,390.6
22510006613000,8,3,5,278.4
22510006614000,11,6,5,506
22510006616000,4,2,2,0
22510006619000,21,12,9,1018.5
22510006620000,32,16,16,1449.6
22510006621000,50,26,24,2155
22510006623000,1,1,0,0
22510006630000,7,2,5,305.9
22510006632000,15,8,7,699
22510006633000,2,1,1,0
22510006644000,2,1,1,0
22510006647000,522,219,303,25525.8
22510006648000,2361,1180,1181,83579.4
22510006649000,2703,1342,1361,96497.1
22510006650000,2436,1229,1207,83554.8
22510006651000,1316,636,680,55403.6
22510006652000,24,11,13,799.2
22510006654000,3,2,1,0
22510006655000,10,5,5,307
22510006656000,2,0,2,0
22510006689000,67,31,36,2237.8
22510006690000,62,31,31,2697
22510006691000,15,7,8,577.5
22510006692000,41,18,23,1623.6
22510006693000,46,24,22,1692.8
22510006694000,28,12,16,926.8
22510006695000,2,1,1,0
22510006696000,19,10,9,796.1
22510006698000,22,11,11,607.2
22510006699000,39,20,19,1138.8
22510006700000,54,28,26,1960.2
22510006701000,47,24,23,1898.8
22510006702000,49,27,22,1773.8
22510006703000,31,13,18,1584.1
22510006704000,47,26,21,2274.8
22510006705000,63,27,36,2192.4
22510006706000,144,79,65,5169.6
22510006707000,91,47,44,3758.3
22510006708000,80,38,42,3392
22510006709000,12,7,5,606
22510006710000,10,6,4,336
22510006711000,81,47,34,3645
22510006712000,11,8,3,429
22510006713000,58,31,27,2470.8
22510006714000,24,9,15,892.8
22510006715000,24,14,10,1137.6
22510006730000,11,8,3,686.4
22510006731000,3,1,2,0
22510006735000,22,14,8,950.4
22510006736000,16,8,8,713.6
22510006737000,35,19,16,1333.5
22510006745000,3,2,1,0
22510006750000,35,15,20,1484
22510006752000,12,6,6,249.6
22510006757000,16,9,7,588.8
22510006758000,22,12,10,882.2
22510006759000,38,16,22,1603.6
22510006768000,14,6,8,499.8
22510006769000,3,2,1,0
22510006776000,1,1,0,0
22510006777000,19,10,9,552.9
22510006778000,38,18,20,1561.8
22510006779000,10,6,4,496
22510006783000,14,9,5,442.4
22510006784000,3,1,2,0
22510006785000,14,7,7,624.4
22510006786000,24,14,10,868.8
22510006787000,228,126,102,6908.4
22510006788000,279,139,140,10602
22510006789000,59,32,27,2236.1
22510006790000,41,20,21,1943.4
22510006791000,7,3,4,408.8
22510006802000,30,15,15,1257
22510006803000,47,24,23,1767.2
22510006822000,27,15,12,1209.6
22510006832000,7,4,3,462
22510006855000,3,2,1,0
22510006903000,8,3,5,204
22510006958000,1,0,1,0
22510006959000,5,3,2,313
22510006961000,4,3,1,0
22510006962000,6,3,3,241.2
22510006970000,2,1,1,0
22510006981000,16,6,10,532.8
22510006982000,16,10,6,614.4
22510006983000,4,3,1,0
22510006984000,1,0,1,0
22510007004000,28,15,13,1145.2
22510007006000,6,3,3,235.8
22510007009000,9,5,4,457.2
22510007010000,2,1,1,0
22510007012000,13,7,6,587.6
22510007013000,4,2,2,0
22510007014000,4,1,3,0
22510007015000,8,6,2,326.4
22510007019000,1,1,0,0
22510007020000,5,2,3,179
22510007021000,23,11,12,1030.4
22510007022000,120,64,56,4548
22510007023000,122,63,59,5551
22510007024000,89,42,47,2687.8
22510007025000,8,5,3,283.2
22510007026000,309,167,142,10475.1
22510007027000,43,24,19,1707.1
22510007028000,10,6,4,227
22510007031000,343,183,160,8712.2
22510007032000,23,11,12,913.1
22510007033000,57,30,27,2086.2
22510007034000,5,2,3,131
22510007050000,67,29,38,2425.4
22510007051000,63,34,29,2765.7
22510007052000,67,29,38,1849.2
22510007053000,42,22,20,1566.6
22510007054000,3,1,2,0
22510007055000,4,2,2,0
22510007058000,26,14,12,904.8
22510007059000,14,8,6,613.2
22510007060000,4,2,2,0
22510007061000,67,33,34,2686.7
22510007062000,37,21,16,1465.2
22510007072000,3,2,1,0
22510007073000,5,3,2,190
22510007074000,17,8,9,754.8
22510007075000,7,4,3,207.9
22510007079000,28,15,13,1240.4
22510007084000,3,2,1,0
22510007091000,2,1,1,0
22510007092000,50,28,22,1840
22510007093000,2,1,1,0
22510007098000,14,7,7,544.6
22510007099000,2,1,1,0
22510007107000,1,0,1,0
22510007109000,9,5,4,577.8
22510007110000,2,1,1,0
22520006592000,1,0,1,0
22520006595000,1131,512,619,54061.8
22520006596000,2664,1327,1337,99900
22520006597000,1810,899,911,70409
22520006598000,116,60,56,5486.8
22520006599000,11,6,5,507.1
22520006600000,2,1,1,0
22520006601000,9,4,5,471.6
22520006611000,139,77,62,6255
22520006612000,208,91,117,10795.2
22520006613000,30,17,13,1188
22520006614000,11,4,7,493.9
22520006615000,2,0,2,0
22520006616000,2,2,0,0
22520006617000,2,1,1,0
22520006618000,4,1,3,0
22520006619000,43,20,23,1474.9
22520006620000,125,64,61,5250
22520006621000,2,0,2,0
22520006622000,15,7,8,768
22520006625000,2,1,1,0
22520006626000,7,3,4,345.1
22520006627000,12,8,4,544.8
22520006628000,34,19,15,1533.4
22520006629000,191,90,101,7735.5
22520006630000,1011,507,504,36092.7
22520006631000,230,119,111,8625
22520006632000,127,62,65,4876.8
22520006633000,88,50,38,3722.4
22520006634000,96,44,52,3926.4
22520006647000,1371,624,747,57170.7
22520006648000,2146,1075,1071,81762.6
22520006649000,2313,1142,1171,88125.3
22520006650000,2146,1021,1125,82191.8
22520006651000,1131,568,563,43543.5
22520006652000,69,43,26,2932.5
22520006653000,15,9,6,529.5
22520006661000,7,4,3,266.7
22520006687000,2,1,1,0
22520006689000,7,3,4,368.9
22520006690000,59,24,35,2212.5
22520006691000,20,12,8,880
22520006692000,11,5,6,435.6
22520006693000,59,30,29,2778.9
22520006694000,10,5,5,382
22520006695000,20,9,11,838
22520006696000,55,29,26,2524.5
22520006697000,1,0,1,0
22520006698000,26,13,13,1045.2
22520006699000,48,25,23,2020.8
22520006700000,61,30,31,1958.1
22520006701000,63,33,30,2387.7
22520006702000,35,15,20,1365
22520006703000,54,30,24,2241
22520006704000,23,10,13,676.2
22520006705000,393,191,202,17842.2
22520006706000,595,277,318,24990
22520006707000,55,24,31,2458.5
22520006708000,71,37,34,2868.4
22520006709000,6,3,3,273
22520006710000,14,6,8,691.6
22520006711000,66,34,32,2871
22520006712000,95,46,49,3524.5
22520006713000,26,13,13,910
22520006730000,24,11,13,1166.4
22520006733000,18,8,10,592.2
22520006736000,3,2,1,0
22520006745000,4,1,3,0
22520006749000,17,9,8,766.7
22520006750000,52,26,26,2059.2
22520006751000,1,1,0,0
22520006752000,13,5,8,569.4
22520006756000,7,4,3,410.2
22520006757000,63,34,29,2110.5
22520006759000,2,1,1,0
22520006760000,10,6,4,260
22520006768000,38,22,16,1732.8
22520006776000,133,67,66,4827.9
22520006777000,223,109,114,8451.7
22520006778000,15,8,7,541.5
22520006779000,43,24,19,1823.2
22520006780000,17,7,10,639.2
22520006781000,12,7,5,446.4
22520006782000,23,8,15,940.7
22520006783000,39,20,19,1595.1
22520006784000,22,13,9,906.4
22520006785000,54,29,25,1927.8
22520006786000,5,1,4,214
22520006787000,9,6,3,335.7
22520006788000,114,59,55,4856.4
22520006789000,219,113,106,8081.1
22520006790000,243,127,116,9647.1
22520006791000,52,29,23,2132
22520006792000,6,3,3,226.2
22520006793000,2,1,1,0
22520006800000,26,10,16,1008.8
22520006801000,56,29,27,2217.6
22520006802000,59,36,23,2271.5
22520006803000,59,28,31,2053.2
22520006819000,1,1,0,0
22520006822000,5,2,3,130
22520006823000,9,7,2,266.4
22520006902000,13,9,4,352.3
22520006903000,18,9,9,684
22520006984000,13,5,8,678.6
22520006985000,11,5,6,467.5
22520006986000,8,5,3,406.4
22520007004000,4,2,2,0
22520007005000,3,2,1,0
22520007009000,40,22,18,1332
22520007010000,25,14,11,710
22520007011000,1,0,1,0
22520007013000,2,1,1,0
22520007014000,2,0,2,0
22520007015000,1,1,0,0
22520007022000,21,12,9,814.8
22520007023000,49,29,20,1901.2
22520007024000,62,31,31,2281.6
22520007025000,36,21,15,1141.2
22520007026000,11,8,3,462
22520007027000,49,25,24,1984.5
22520007028000,32,17,15,1036.8
22520007029000,11,6,5,533.5
22520007030000,36,17,19,1544.4
22520007031000,320,150,170,11648
22520007032000,335,174,161,12160.5
22520007033000,15,6,9,774
22520007050000,53,29,24,2008.7
22520007051000,183,88,95,9095.1
22520007052000,144,81,63,5832
22520007053000,44,24,20,1606
22520007054000,20,12,8,832
22520007055000,14,6,8,469
22520007056000,3,2,1,0
22520007058000,2,1,1,0
22520007059000,16,8,8,574.4
22520007060000,8,4,4,360
22520007061000,19,12,7,951.9
22520007062000,116,53,63,4361.6
22520007063000,20,9,11,656
22520007074000,10,5,5,598
22520007079000,30,16,14,1191
22520007080000,6,3,3,339
22520007082000,6,4,2,339
22520007083000,25,12,13,982.5
22520007095000,1,0,1,0
22520007098000,2,0,2,0
22520007099000,14,10,4,673.4
22520007107000,17,6,11,754.8
22520007109000,6,3,3,249
22520007110000,7,6,1,359.8
22530006584000,206,106,100,8631.4
22530006585000,239,117,122,8675.7
22530006586000,86,47,39,4265.6
22530006587000,2,1,1,0
22530006588000,2,1,1,0
22530006589000,186,94,92,6658.8
22530006590000,80,42,38,3472
22530006591000,334,161,173,14028
22530006592000,199,103,96,8059.5
22530006593000,352,168,184,13974.4
22530006594000,628,310,318,30269.6
22530006595000,392,191,201,16189.6
22530006596000,2364,1233,1131,103306.8
22530006597000,807,392,415,34781.7
22530006598000,50,28,22,1835
22530006599000,15,8,7,820.5
22530006600000,34,21,13,1666
22530006601000,58,29,29,2320
22530006602000,6,4,2,412.8
22530006620000,9,4,5,444.6
22530006621000,604,279,325,27300.8
22530006622000,1008,466,542,46771.2
22530006623000,509,252,257,22548.7
22530006624000,32,17,15,1308.8
22530006625000,4,3,1,0
22530006626000,51,29,22,2407.2
22530006627000,11,5,6,403.7
22530006628000,29,17,12,1467.4
22530006629000,96,44,52,3398.4
22530006630000,265,136,129,9619.5
22530006631000,295,149,146,11180.5
22530006632000,26,13,13,1131
22530006634000,86,42,44,3569
22530006635000,121,53,68,5118.3
22530006636000,383,200,183,14898.7
22530006637000,54,26,28,2241
22530006645000,60,30,30,2382
22530006646000,201,107,94,7617.9
22530006647000,24,11,13,1190.4
22530006648000,1492,749,743,54308.8
22530006649000,1882,908,974,76785.6
22530006650000,2370,1122,1248,110916
22530006651000,2998,1452,1546,114223.8
22530006652000,2307,1116,1191,93433.5
22530006653000,485,244,241,19206
22530006654000,117,67,50,5054.4
22530006655000,2,1,1,0
22530006661000,11,6,5,514.8
22530006662000,47,22,25,1663.8
22530006690000,37,22,15,1561.4
22530006691000,85,45,40,3408.5
22530006692000,7,4,3,174.3
22530006693000,24,15,9,1147.2
22530006694000,47,26,21,1884.7
22530006695000,52,28,24,2314
22530006696000,13,6,7,601.9
22530006697000,95,52,43,3524.5
22530006698000,27,15,12,982.8
22530006699000,25,11,14,890
22530006700000,99,45,54,3851.1
22530006701000,30,16,14,1065
22530006702000,30,14,16,1278
22530006703000,64,32,32,3059.2
22530006704000,12,6,6,523.2
22530006705000,288,143,145,13536
22530006706000,254,127,127,10414
22530006707000,181,93,88,6932.3
22530006708000,96,49,47,3744
22530006709000,13,5,8,481
22530006710000,8,4,4,388.8
22530006711000,35,17,18,1123.5
22530006712000,19,11,8,735.3
22530006713000,6,1,5,244.8
22530006714000,25,15,10,835
22530006715000,15,7,8,595.5
22530006729000,2,1,1,0
22530006730000,7,4,3,300.3
22530006731000,4,2,2,0
22530006749000,9,4,5,354.6
22530006750000,32,15,17,1196.8
22530006751000,7,4,3,380.8
22530006752000,18,11,7,597.6
22530006755000,5,3,2,315
22530006757000,28,12,16,1346.8
22530006758000,44,24,20,1861.2
22530006759000,31,13,18,1512.8
22530006760000,23,14,9,998.2
22530006768000,32,17,15,1152
22530006771000,26,14,12,751.4
22530006774000,13,8,5,417.3
22530006775000,59,28,31,2295.1
22530006776000,276,147,129,8997.6
22530006777000,51,25,26,2754
22530006778000,10,7,3,394
22530006779000,14,9,5,463.4
22530006780000,17,9,8,797.3
22530006781000,96,49,47,3264
22530006782000,594,295,299,21087
22530006783000,200,104,96,8820
22530006784000,65,36,29,2697.5
22530006785000,33,22,11,1438.8
22530006786000,23,10,13,747.5
22530006787000,43,21,22,1707.1
22530006788000,122,58,64,4623.8
22530006789000,72,41,31,2642.4
22530006790000,293,144,149,10635.9
22530006791000,37,18,19,1324.6
22530006792000,30,17,13,1302
22530006793000,42,23,19,1734.6
22530006794000,11,5,6,448.8
22530006799000,13,6,7,500.5
22530006800000,51,28,23,1983.9
22530006801000,16,7,9,496
22530006802000,53,28,25,2199.5
22530006803000,32,17,15,1478.4
22530006804000,7,3,4,347.2
22530006831000,2,1,1,0
22530006866000,2,2,0,0
22530006867000,1,1,0,0
22530006903000,1,1,0,0
22530006904000,1,1,0,0
22530006905000,1,1,0,0
22530006955000,5,3,2,327
22530006956000,3,2,1,0
22530006984000,12,6,6,585.6
22530006985000,14,8,6,554.4
22530006986000,25,11,14,1085
22530007005000,3,2,1,0
22530007009000,14,7,7,575.4
22530007010000,30,16,14,1227
22530007011000,22,13,9,1045
22530007012000,134,61,73,7410.2
22530007013000,340,176,164,11866
22530007014000,3,1,2,0
22530007020000,7,4,3,298.2
22530007023000,5,3,2,183
22530007026000,6,2,4,213
22530007027000,12,6,6,468
22530007028000,20,11,9,802
22530007029000,40,22,18,1732
22530007030000,61,31,30,2287.5
22530007031000,333,148,185,14785.2
22530007032000,88,43,45,4048
22530007036000,7,4,3,289.8
22530007037000,39,20,19,1411.8
22530007038000,17,9,8,659.6
22530007039000,69,41,28,2718.6
22530007040000,2,1,1,0
22530007049000,2,1,1,0
22530007050000,25,15,10,1107.5
22530007051000,49,23,26,1715
22530007052000,27,13,14,1242
22530007053000,48,29,19,1728
22530007054000,24,11,13,876
22530007055000,2,0,2,0
22530007057000,2,0,2,0
22530007058000,3,2,1,0
22530007059000,1,1,0,0
22530007061000,10,4,6,653
22530007062000,36,14,22,1238.4
22530007063000,35,18,17,1186.5
22530007064000,2,0,2,0
22530007074000,10,4,6,409
22530007082000,14,7,7,718.2
22530007096000,14,8,6,715.4
22530007097000,5,3,2,313
22530007101000,12,5,7,471.6
22530007102000,1,0,1,0
22530007108000,5,1,4,175
22530007109000,1,1,0,0
22530007112000,23,15,8,1097.1
22530007113000,9,6,3,375.3
22540006582000,6,2,4,280.8
22540006583000,53,30,23,1918.6
22540006584000,510,251,259,20655
22540006585000,29,13,16,1220.9
22540006586000,18,9,9,687.6
22540006587000,2,2,0,0
22540006588000,23,10,13,931.5
22540006589000,51,26,25,2274.6
22540006590000,163,87,76,6422.2
22540006591000,185,94,91,5513
22540006592000,23,12,11,1087.9
22540006593000,694,284,410,33797.8
22540006594000,1464,727,737,57828
22540006595000,3065,1475,1590,118615.5
22540006596000,2322,1097,1225,102400.2
22540006597000,590,291,299,23541
22540006598000,141,71,70,5992.5
22540006601000,14,8,6,593.6
22540006602000,5,2,3,195
22540006603000,5,4,1,260
22540006604000,1,1,0,0
22540006607000,3,2,1,0
22540006608000,8,2,6,330.4
22540006609000,4,2,2,0
22540006610000,8,4,4,396
22540006612000,1,0,1,0
22540006613000,50,26,24,1900
22540006614000,85,39,46,3876
22540006615000,6,5,1,196.8
22540006616000,4,1,3,0
22540006617000,4,2,2,0
22540006618000,1,1,0,0
22540006619000,149,74,75,5542.8
22540006620000,1238,618,620,45929.8
22540006621000,2218,1075,1143,82509.6
22540006622000,1554,768,786,67443.6
22540006623000,111,55,56,4417.8
22540006624000,31,16,15,1426
22540006625000,1,1,0,0
22540006626000,8,5,3,424
22540006627000,8,5,3,320.8
22540006628000,28,17,11,932.4
22540006629000,3,2,1,0
22540006630000,27,11,16,1117.8
22540006631000,255,124,131,9307.5
22540006632000,14,8,6,376.6
22540006635000,3,2,1,0
22540006636000,350,170,180,13055
22540006637000,299,152,147,10973.3
22540006638000,56,25,31,2077.6
22540006639000,404,206,198,14907.6
22540006645000,414,220,194,15359.4
22540006646000,1347,661,686,50512.5
22540006647000,99,44,55,3069
22540006648000,795,411,384,30528
22540006649000,2954,1436,1518,122000.2
22540006650000,2706,1311,1395,99039.6
22540006651000,2762,1369,1393,101917.8
22540006652000,2926,1400,1526,113528.8
22540006653000,2707,1193,1514,125604.8
22540006654000,890,431,459,45479
22540006655000,5,3,2,205
22540006656000,6,2,4,181.2
22540006660000,6,3,3,283.2
22540006661000,91,41,50,3312.4
22540006662000,26,12,14,1294.8
22540006663000,10,5,5,280
22540006686000,4,2,2,0
22540006687000,12,8,4,405.6
22540006688000,4,2,2,0
22540006690000,16,6,10,593.6
22540006691000,162,78,84,6285.6
22540006692000,39,19,20,1423.5
22540006693000,23,12,11,880.9
22540006694000,54,28,26,2192.4
22540006695000,86,49,37,2898.2
22540006696000,12,6,6,588
22540006697000,43,21,22,1427.6
22540006698000,11,5,6,656.7
22540006699000,57,28,29,2143.2
22540006700000,194,83,111,7604.8
22540006701000,53,25,28,2125.3
22540006702000,18,8,10,653.4
22540006703000,102,54,48,4039.2
22540006704000,348,174,174,12075.6
22540006705000,532,241,291,17875.2
22540006706000,31,12,19,1627.5
22540006707000,5,1,4,247
22540006708000,36,17,19,1317.6
22540006709000,3,1,2,0
22540006712000,1,1,0,0
22540006715000,5,2,3,270
22540006716000,54,27,27,1603.8
22540006717000,3,2,1,0
22540006729000,65,33,32,2346.5
22540006730000,23,13,10,972.9
22540006732000,19,10,9,817
22540006733000,13,6,7,392.6
22540006734000,22,13,9,816.2
22540006735000,24,12,12,727.2
22540006747000,1,1,0,0
22540006749000,13,7,6,374.4
22540006750000,21,9,12,884.1
22540006751000,2,1,1,0
22540006752000,5,3,2,330
22540006753000,3,2,1,0
22540006755000,4,1,3,0
22540006757000,8,3,5,300
22540006758000,21,14,7,959.7
22540006759000,27,15,12,955.8
22540006767000,7,5,2,172.2
22540006768000,52,31,21,1773.2
22540006771000,65,30,35,2567.5
22540006772000,60,33,27,2472
22540006773000,35,23,12,1337
22540006774000,1,1,0,0
22540006782000,363,189,174,13721.4
22540006783000,294,148,146,11495.4
22540006784000,324,144,180,13608
22540006785000,841,418,423,34649.2
22540006786000,531,225,306,26178.3
22540006787000,82,40,42,3804.8
22540006793000,30,17,13,1284
22540006794000,38,25,13,1740.4
22540006795000,13,6,7,681.2
22540006796000,17,11,6,572.9
22540006797000,22,10,12,908.6
22540006798000,110,55,55,3223
22540006799000,37,18,19,965.7
22540006800000,145,70,75,6844
22540006801000,218,102,116,8523.8
22540006802000,73,38,35,2861.6
22540006803000,18,10,8,797.4
22540006856000,2,1,1,0
22540006903000,5,2,3,142
22540006904000,17,7,10,581.4
22540006954000,17,7,10,676.6
22540006955000,3,2,1,0
22540006979000,6,3,3,267
22540006980000,5,3,2,217
22540006986000,2,1,1,0
22540006987000,32,14,18,1104
22540006997000,2,1,1,0
22540007005000,4,1,3,0
22540007006000,12,3,9,603.6
22540007011000,4,2,2,0
22540007013000,15,8,7,361.5
22540007014000,110,56,54,4224
22540007015000,35,18,17,1459.5
22540007019000,10,5,5,296
22540007020000,30,13,17,1056
22540007021000,4,3,1,0
22540007027000,35,15,20,1074.5
22540007030000,28,12,16,1388.8
22540007031000,6,3,3,174
22540007036000,68,38,30,2366.4
22540007037000,22,15,7,996.6
22540007038000,23,11,12,1108.6
22540007039000,12,6,6,481.2
22540007040000,24,14,10,782.4
22540007050000,21,11,10,672
22540007051000,7,4,3,356.3
22540007055000,7,3,4,254.1
22540007058000,5,2,3,78
22540007059000,8,4,4,314.4
22540007060000,2,2,0,0
22540007061000,26,16,10,1307.8
22540007062000,22,12,10,781
22540007063000,8,5,3,236
22540007064000,19,11,8,972.8
22540007076000,2,1,1,0
22540007077000,3,2,1,0
22540007080000,1,1,0,0
22540007097000,6,4,2,361.8
22540007102000,8,5,3,352
22540007103000,14,7,7,698.6
22540007111000,13,10,3,590.2
22540007113000,8,4,4,330.4
22550006582000,6,4,2,346.8
22550006583000,238,119,119,8211
22550006584000,143,71,72,5362.5
22550006586000,22,9,13,686.4
22550006587000,7,2,5,235.9
22550006588000,32,16,16,1500.8
22550006589000,11,3,8,390.5
22550006590000,117,60,57,4247.1
22550006591000,429,226,203,13299
22550006592000,114,57,57,4275
22550006593000,1341,705,636,47471.4
22550006594000,1927,946,981,69372
22550006595000,2166,1052,1114,88372.8
22550006596000,1710,878,832,64809
22550006597000,2029,967,1062,81768.7
22550006598000,1555,764,791,56913
22550006599000,792,411,381,31125.6
22550006600000,150,82,68,5610
22550006601000,10,6,4,314
22550006602000,167,84,83,5811.6
22550006603000,359,185,174,14288.2
22550006604000,274,133,141,12193
22550006605000,284,138,146,13660.4
22550006606000,56,27,29,2620.8
22550006607000,17,7,10,746.3
22550006608000,2,1,1,0
22550006609000,2,1,1,0
22550006610000,2,1,1,0
22550006612000,3,3,0,0
22550006613000,82,47,35,3329.2
22550006614000,85,43,42,3595.5
22550006615000,39,18,21,1423.5
22550006616000,5,3,2,339
22550006617000,11,5,6,490.6
22550006618000,23,13,10,1018.9
22550006619000,25,16,9,792.5
22550006620000,108,54,54,3898.8
22550006621000,897,417,480,31753.8
22550006622000,1575,771,804,52920
22550006623000,1287,642,645,52509.6
22550006624000,1174,576,598,46725.2
22550006625000,20,14,6,770
22550006626000,57,23,34,2274.3
22550006627000,27,14,13,982.8
22550006628000,2,1,1,0
22550006630000,10,6,4,444
22550006631000,55,28,27,2282.5
22550006632000,1,1,0,0
22550006633000,9,6,3,234.9
22550006634000,5,2,3,253
22550006635000,35,19,16,1638
22550006636000,68,35,33,2835.6
22550006638000,4,2,2,0
22550006639000,438,207,231,14322.6
22550006640000,1214,570,644,51837.8
22550006641000,231,104,127,13698.3
22550006646000,488,236,252,19373.6
22550006647000,1082,549,533,40250.4
22550006648000,97,52,45,3201
22550006649000,1448,763,685,50824.8
22550006650000,1830,913,917,66978
22550006651000,2518,1224,1294,90899.8
22550006652000,2272,1121,1151,80883.2
22550006653000,2478,1171,1307,96146.4
22550006654000,507,253,254,18860.4
22550006655000,255,129,126,10276.5
22550006656000,17,7,10,782
22550006657000,28,16,12,977.2
22550006658000,24,13,11,1058.4
22550006659000,21,11,10,850.5
22550006660000,17,9,8,593.3
22550006661000,11,8,3,489.5
22550006662000,25,13,12,1205
22550006687000,8,4,4,424.8
22550006688000,9,4,5,348.3
22550006690000,16,11,5,523.2
22550006691000,164,75,89,8364
22550006692000,246,124,122,10405.8
22550006693000,318,146,172,12688.2
22550006694000,115,51,64,4669
22550006695000,73,35,38,2190
22550006696000,29,15,14,1426.8
22550006697000,41,21,20,1517
22550006698000,76,40,36,2872.8
22550006699000,278,142,136,12788
22550006700000,157,72,85,6798.1
22550006701000,20,10,10,986
22550006702000,81,39,42,3855.6
22550006703000,674,326,348,26488.2
22550006704000,360,183,177,14472
22550006705000,264,139,125,10216.8
22550006706000,106,50,56,4960.8
22550006707000,20,13,7,754
22550006729000,15,9,6,400.5
22550006730000,92,47,45,3302.8
22550006731000,30,18,12,1308
22550006732000,29,19,10,1183.2
22550006733000,50,21,29,2180
22550006749000,3,2,1,0
22550006750000,38,20,18,1523.8
22550006751000,4,2,2,0
22550006752000,15,8,7,703.5
22550006753000,12,5,7,457.2
22550006757000,12,8,4,423.6
22550006758000,109,53,56,4305.5
22550006759000,24,12,12,948
22550006767000,18,8,10,808.2
22550006768000,28,14,14,1016.4
22550006771000,135,68,67,4873.5
22550006772000,54,34,20,2268
22550006775000,12,7,5,534
22550006776000,44,25,19,1408
22550006777000,9,4,5,369.9
22550006778000,35,18,17,1365
22550006779000,25,13,12,1125
22550006780000,26,11,15,1034.8
22550006781000,33,19,14,1643.4
22550006782000,387,174,213,15789.6
22550006783000,1597,731,866,68511.3
22550006784000,2378,1088,1290,105821
22550006785000,2143,1000,1143,96863.6
22550006786000,1849,861,988,70262
22550006787000,170,97,73,6664
22550006794000,5,3,2,170
22550006795000,13,7,6,412.1
22550006796000,19,9,10,600.4
22550006797000,183,96,87,6423.3
22550006798000,949,482,467,36536.5
22550006799000,257,128,129,11359.4
22550006800000,75,40,35,3712.5
22550006801000,42,23,19,1575
22550006802000,8,4,4,359.2
22550006803000,5,3,2,148
22550006856000,2,2,0,0
22550006857000,21,9,12,762.3
22550006866000,2,1,1,0
22550006905000,3,2,1,0
22550006952000,21,9,12,594.3
22550006954000,6,3,3,417
22550006970000,1,1,0,0
22550006971000,6,3,3,213
22550006975000,3,1,2,0
22550006976000,6,4,2,252
22550006977000,3,2,1,0
22550006979000,2,1,1,0
22550006980000,2,1,1,0
22550006987000,28,14,14,1296.4
22550006988000,137,64,73,4712.8
22550006989000,65,27,38,2957.5
22550006990000,51,28,23,2106.3
22550006991000,25,16,9,932.5
22550006997000,3,1,2,0
22550007010000,2,1,1,0
22550007011000,5,2,3,155
22550007012000,4,3,1,0
22550007015000,21,13,8,884.1
22550007016000,8,3,5,232.8
22550007017000,10,5,5,561
22550007018000,2,1,1,0
22550007019000,19,9,10,632.7
22550007020000,53,25,28,2088.2
22550007021000,6,3,3,255
22550007030000,6,4,2,163.8
22550007034000,32,16,16,1273.6
22550007035000,27,14,13,1293.3
22550007036000,31,18,13,1391.9
22550007037000,10,4,6,278
22550007038000,12,8,4,352.8
22550007040000,7,4,3,203
22550007041000,21,12,9,955.5
22550007050000,85,41,44,3383
22550007051000,6,4,2,310.2
22550007056000,17,9,8,717.4
22550007057000,5,4,1,198
22550007058000,15,7,8,511.5
22550007059000,10,6,4,300
22550007060000,36,18,18,1270.8
22550007061000,6,2,4,243
22550007062000,23,13,10,1018.9
22550007063000,5,3,2,189
22550007064000,6,5,1,303
22550007065000,6,3,3,297
22550007074000,3,2,1,0
22550007075000,5,3,2,212
22550007078000,7,4,3,342.3
22550007082000,1,1,0,0
22550007084000,2,1,1,0
22550007097000,5,3,2,338
22550007098000,16,8,8,691.2
22550007103000,42,19,23,1961.4
22550007104000,6,2,4,187.8
22550007105000,7,6,1,273
22550007106000,4,2,2,0
22550007110000,32,19,13,1232
22550007111000,16,10,6,849.6
22560006574000,13,6,7,643.5
22560006575000,68,32,36,3100.8
22560006576000,77,39,38,3157
22560006577000,5,3,2,130
22560006578000,32,16,16,1283.2
22560006584000,38,18,20,1941.8
22560006585000,240,117,123,9552
22560006586000,55,31,24,2255
22560006587000,28,15,13,1125.6
22560006588000,9,4,5,558
22560006589000,30,12,18,1110
22560006590000,30,13,17,1227
22560006591000,19,8,11,657.4
22560006592000,236,127,109,8519.6
22560006593000,15,8,7,496.5
22560006594000,51,26,25,1866.6
22560006595000,334,176,158,11322.6
22560006596000,342,169,173,10499.4
22560006597000,57,31,26,2804.4
22560006598000,614,309,305,24068.8
22560006599000,765,387,378,26622
22560006600000,547,264,283,19746.7
22560006601000,336,185,151,10416
22560006602000,294,136,158,12612.6
22560006603000,492,251,241,17121.6
22560006604000,1280,638,642,42112
22560006605000,646,317,329,23643.6
22560006606000,1077,516,561,44049.3
22560006607000,94,49,45,4361.6
22560006608000,60,31,29,2688
22560006609000,16,9,7,600
22560006610000,20,10,10,774
22560006611000,3,2,1,0
22560006612000,5,3,2,289
22560006613000,33,21,12,1428.9
22560006614000,52,25,27,2002
22560006615000,23,10,13,1016.6
22560006616000,4,2,2,0
22560006617000,9,5,4,259.2
22560006618000,17,8,9,834.7
22560006619000,34,19,15,1149.2
22560006620000,20,10,10,648
22560006621000,41,14,27,1566.2
22560006622000,20,13,7,694
22560006623000,48,30,18,1944
22560006624000,312,152,160,10639.2
22560006626000,9,5,4,407.7
22560006627000,43,24,19,1410.4
22560006628000,19,9,10,632.7
22560006629000,19,12,7,761.9
22560006630000,20,11,9,1134
22560006631000,27,13,14,888.3
22560006632000,49,22,27,1955.1
22560006633000,25,12,13,850
22560006634000,2,1,1,0
22560006635000,13,6,7,427.7
22560006636000,4,2,2,0
22560006637000,32,17,15,1164.8
22560006638000,6,5,1,171
22560006639000,18,11,7,680.4
22560006640000,40,17,23,1828
22560006641000,176,84,92,7462.4
22560006642000,1139,566,573,45901.7
22560006643000,690,327,363,28083
22560006644000,268,133,135,11282.8
22560006648000,19,8,11,786.6
22560006649000,875,442,433,38062.5
22560006650000,3934,1896,2038,150278.8
22560006651000,2929,1381,1548,129461.8
22560006652000,4249,2022,2227,167835.5
22560006653000,3502,1697,1805,135527.4
22560006654000,3029,1474,1555,109346.9
22560006655000,1673,806,867,69262.2
22560006656000,459,220,239,20976.3
22560006657000,24,16,8,996
22560006658000,144,70,74,4896
22560006659000,22,10,12,838.2
22560006660000,17,8,9,540.6
22560006661000,133,59,74,4269.3
22560006672000,2,1,1,0
22560006686000,12,5,7,638.4
22560006687000,3,1,2,0
22560006688000,2,0,2,0
22560006689000,2,1,1,0
22560006690000,17,8,9,1018.3
22560006691000,10,8,2,407
22560006692000,91,45,46,3967.6
22560006693000,159,70,89,7711.5
22560006694000,85,47,38,3816.5
22560006695000,28,14,14,1386
22560006696000,20,9,11,964
22560006697000,55,27,28,2172.5
22560006698000,99,53,46,4128.3
22560006699000,393,171,222,20593.2
22560006700000,494,232,262,21884.2
22560006701000,41,20,21,1660.5
22560006702000,284,141,143,11445.2
22560006703000,245,131,114,9114
22560006704000,126,63,63,5166
22560006705000,97,46,51,4025.5
22560006706000,115,55,60,4485
22560006707000,48,27,21,1953.6
22560006708000,10,5,5,387
22560006710000,11,5,6,513.7
22560006711000,2,1,1,0
22560006721000,2,1,1,0
22560006722000,3,2,1,0
22560006723000,4,2,2,0
22560006724000,2,1,1,0
22560006733000,17,11,6,596.7
22560006735000,7,4,3,153.3
22560006742000,1,0,1,0
22560006749000,24,11,13,888
22560006750000,47,23,24,2298.3
22560006751000,18,9,9,586.8
22560006753000,30,15,15,1095
22560006756000,2,1,1,0
22560006757000,22,10,12,946
22560006758000,22,11,11,836
22560006759000,4,2,2,0
22560006767000,43,20,23,1324.4
22560006768000,6,3,3,274.8
22560006769000,2,1,1,0
22560006770000,52,27,25,2033.2
22560006771000,27,13,14,1090.8
22560006773000,1,1,0,0
22560006774000,13,6,7,516.1
22560006775000,52,30,22,2542.8
22560006776000,73,34,39,2744.8
22560006777000,14,8,6,725.2
22560006779000,15,8,7,639
22560006780000,164,78,86,5904
22560006781000,471,228,243,17474.1
22560006782000,2062,994,1068,83511
22560006783000,1259,599,660,54766.5
22560006784000,950,449,501,39235
22560006785000,680,327,353,29376
22560006786000,592,294,298,24272
22560006787000,137,78,59,6260.9
22560006788000,3,2,1,0
22560006794000,61,32,29,2592.5
22560006795000,72,37,35,2995.2
22560006796000,105,62,43,3738
22560006797000,21,12,9,963.9
22560006798000,79,37,42,2678.1
22560006799000,81,40,41,3466.8
22560006800000,24,12,12,960
22560006812000,1,0,1,0
22560006857000,11,5,6,566.5
22560006865000,1,1,0,0
22560006905000,4,2,2,0
22560006949000,21,11,10,945
22560006950000,10,3,7,332
22560006951000,54,25,29,2014.2
22560006952000,8,4,4,414.4
22560006982000,13,5,8,409.5
22560006985000,11,5,6,574.2
22560006986000,42,21,21,1428
22560006987000,35,20,15,1263.5
22560006988000,88,40,48,3643.2
22560006989000,100,46,54,5030
22560006990000,3,1,2,0
22560006991000,24,11,13,1269.6
22560006992000,10,4,6,417
22560007006000,2,1,1,0
22560007012000,19,9,10,642.2
22560007013000,6,3,3,217.8
22560007017000,2,1,1,0
22560007021000,3,3,0,0
22560007022000,2,2,0,0
22560007028000,380,180,200,12350
22560007029000,143,70,73,3775.2
22560007030000,75,41,34,3000
22560007034000,42,21,21,1570.8
22560007035000,29,15,14,1200.6
22560007036000,16,11,5,587.2
22560007037000,19,10,9,910.1
22560007038000,29,15,14,1191.9
22560007040000,12,7,5,477.6
22560007041000,73,37,36,2701
22560007042000,16,8,8,577.6
22560007050000,31,18,13,806
22560007051000,9,2,7,260.1
22560007053000,4,2,2,0
22560007054000,2,1,1,0
22560007055000,7,5,2,207.2
22560007056000,29,15,14,1168.7
22560007057000,49,25,24,1685.6
22560007058000,5,4,1,161
22560007060000,23,13,10,1023.5
22560007062000,7,5,2,263.9
22560007063000,8,5,3,383.2
22560007065000,14,6,8,666.4
22560007075000,9,7,2,225.9
22560007078000,4,3,1,0
22560007079000,144,69,75,6408
22560007081000,2,1,1,0
22560007083000,4,3,1,0
22560007084000,9,4,5,313.2
22560007099000,1,1,0,0
22560007105000,9,6,3,444.6
22560007107000,19,10,9,653.6
22560007108000,9,6,3,502.2
22560007111000,87,47,40,3549.6
22560007113000,5,3,2,179
22560007114000,7,3,4,385.7
22570006573000,2,1,1,0
22570006574000,40,15,25,1700
22570006575000,505,245,260,20755.5
22570006576000,397,206,191,14411.1
22570006577000,223,109,114,8830.8
22570006578000,191,99,92,8098.4
22570006579000,36,19,17,1684.8
22570006580000,47,28,19,1781.3
22570006582000,19,11,8,1111.5
22570006583000,2,1,1,0
22570006586000,9,2,7,338.4
22570006587000,11,7,4,507.1
22570006588000,43,20,23,1582.4
22570006589000,308,155,153,11426.8
22570006590000,33,17,16,1122
22570006591000,115,64,51,4048
22570006592000,185,98,87,6919
22570006593000,12,6,6,572.4
22570006597000,24,12,12,787.2
22570006599000,3,1,2,0
22570006602000,4,2,2,0
22570006603000,50,29,21,1795
22570006604000,1,1,0,0
22570006605000,206,89,117,7725
22570006606000,733,360,373,26241.4
22570006607000,6,4,2,250.2
22570006608000,18,9,9,813.6
22570006609000,47,23,24,1833
22570006610000,4,2,2,0
22570006611000,7,1,6,175.7
22570006612000,56,30,26,2156
22570006613000,292,148,144,11709.2
22570006614000,1502,761,741,50016.6
22570006615000,23,14,9,874
22570006616000,14,7,7,541.8
22570006617000,9,4,5,497.7
22570006618000,19,12,7,693.5
22570006619000,13,8,5,496.6
22570006620000,49,23,26,2028.6
22570006621000,19,9,10,682.1
22570006622000,48,29,19,1704
22570006623000,15,8,7,570
22570006624000,63,37,26,2381.4
22570006625000,1,1,0,0
22570006626000,5,4,1,181
22570006628000,28,16,12,792.4
22570006629000,19,9,10,780.9
22570006630000,2,1,1,0
22570006631000,9,3,6,397.8
22570006632000,31,15,16,1385.7
22570006633000,20,8,12,860
22570006634000,71,39,32,2669.6
22570006635000,20,10,10,654
22570006636000,4,1,3,0
22570006637000,132,66,66,4950
22570006638000,15,8,7,535.5
22570006639000,33,20,13,1442.1
22570006640000,165,84,81,7062
22570006641000,121,61,60,4198.7
22570006642000,1088,526,562,35577.6
22570006643000,2358,1095,1263,88660.8
22570006644000,597,288,309,23163.6
22570006647000,18,10,8,898.2
22570006648000,23,11,12,662.4
22570006649000,15,9,6,577.5
22570006650000,3375,1623,1752,128925
22570006651000,3366,1521,1845,145074.6
22570006652000,2257,1082,1175,99308
22570006653000,4345,1939,2406,174234.5
22570006654000,3653,1731,1922,143197.6
22570006655000,2068,1011,1057,86442.4
22570006656000,1715,848,867,64827
22570006657000,293,158,135,9229.5
22570006662000,9,5,4,314.1
22570006686000,6,2,4,270
22570006687000,9,5,4,389.7
22570006688000,8,4,4,359.2
22570006689000,29,15,14,1238.3
22570006690000,53,27,26,2045.8
22570006691000,557,285,272,22335.7
22570006692000,248,129,119,9275.2
22570006693000,107,54,53,4344.2
22570006694000,43,19,24,2094.1
22570006695000,39,18,21,1427.4
22570006696000,79,37,42,3270.6
22570006697000,29,15,14,965.7
22570006698000,29,14,15,1177.4
22570006699000,93,46,47,3803.7
22570006700000,238,115,123,9853.2
22570006701000,26,12,14,943.8
22570006702000,97,52,45,3201
22570006703000,108,57,51,4276.8
22570006704000,21,11,10,802.2
22570006705000,45,22,23,1741.5
22570006706000,25,15,10,1005
22570006707000,3,2,1,0
22570006708000,16,7,9,630.4
22570006722000,6,3,3,283.2
22570006723000,7,4,3,448.7
22570006724000,17,9,8,572.9
22570006725000,11,6,5,476.3
22570006730000,12,6,6,468
22570006731000,8,3,5,416.8
22570006733000,5,3,2,341
22570006734000,17,5,12,520.2
22570006735000,24,12,12,912
22570006736000,27,13,14,1196.1
22570006740000,1,1,0,0
22570006743000,6,3,3,397.2
22570006744000,4,2,2,0
22570006745000,10,4,6,392
22570006748000,98,48,50,4086.6
22570006749000,45,26,19,2169
22570006750000,78,40,38,2792.4
22570006751000,9,4,5,486
22570006757000,5,3,2,337
22570006758000,15,8,7,495
22570006759000,10,5,5,252
22570006764000,2,1,1,0
22570006767000,32,17,15,1324.8
22570006768000,6,3,3,291
22570006769000,8,2,6,334.4
22570006770000,27,14,13,1231.2
22570006772000,3,1,2,0
22570006773000,11,5,6,412.5
22570006774000,10,6,4,373
22570006775000,73,34,39,2883.5
22570006776000,8,4,4,274.4
22570006777000,7,4,3,319.2
22570006780000,20,8,12,876
22570006781000,205,110,95,6949.5
22570006782000,1063,542,521,39224.7
22570006783000,37,19,18,1572.5
22570006784000,24,13,11,1020
22570006785000,23,9,14,933.8
22570006786000,103,51,52,3471.1
22570006787000,52,24,28,2282.8
22570006796000,1,1,0,0
22570006798000,7,4,3,324.1
22570006799000,10,5,5,356
22570006858000,6,4,2,192
22570006901000,8,4,4,154.4
22570006904000,5,2,3,335
22570006947000,12,6,6,307.2
22570006948000,7,2,5,165.9
22570006949000,12,8,4,554.4
22570006950000,2,1,1,0
22570006978000,4,2,2,0
22570006979000,7,4,3,230.3
22570006982000,3,1,2,0
22570006983000,7,4,3,401.8
22570006984000,15,12,3,556.5
22570006985000,13,6,7,448.5
22570006986000,24,11,13,727.2
22570006987000,109,60,49,4000.3
22570006988000,23,14,9,1039.6
22570006989000,15,10,5,687
22570006990000,34,15,19,853.4
22570007005000,9,4,5,336.6
22570007006000,48,26,22,1819.2
22570007010000,6,3,3,289.8
22570007011000,20,9,11,812
22570007012000,7,5,2,256.9
22570007016000,12,7,5,350.4
22570007021000,17,9,8,669.8
22570007022000,57,23,34,2240.1
22570007024000,19,8,11,682.1
22570007027000,116,61,55,3514.8
22570007028000,268,140,128,8736.8
22570007029000,375,210,165,13537.5
22570007030000,12,6,6,554.4
22570007033000,25,12,13,1065
22570007034000,57,26,31,1852.5
22570007035000,29,14,15,1093.3
22570007036000,33,18,15,1056
22570007037000,5,1,4,147
22570007038000,10,5,5,375
22570007039000,10,5,5,450
22570007040000,31,16,15,1357.8
22570007041000,282,145,137,9785.4
22570007042000,18,8,10,889.2
22570007050000,3,1,2,0
22570007051000,14,7,7,519.4
22570007054000,2,1,1,0
22570007057000,7,3,4,237.3
22570007062000,2,1,1,0
22570007063000,2,1,1,0
22570007065000,6,4,2,202.2
22570007066000,25,12,13,980
22570007074000,5,1,4,78
22570007076000,3,2,1,0
22570007077000,11,8,3,495
22570007078000,13,6,7,577.2
22570007079000,84,38,46,3595.2
22570007080000,44,19,25,2090
22570007083000,30,12,18,1338
22570007084000,6,2,4,351
22570007097000,8,2,6,396
22570007098000,8,5,3,250.4
22570007099000,6,4,2,354
22570007100000,3,2,1,0
22570007106000,3,2,1,0
22570007107000,13,6,7,626.6
22570007108000,1,1,0,0
22570007109000,2,1,1,0
22570007111000,30,14,16,1674
22570007112000,9,6,3,502.2
22570007113000,8,3,5,510.4
22580006570000,5,4,1,295
22580006574000,3,2,1,0
22580006575000,30,15,15,1284
22580006576000,67,35,32,2673.3
22580006577000,292,141,151,11212.8
22580006578000,57,28,29,2359.8
22580006579000,211,109,102,8503.3
22580006580000,988,502,486,39717.6
22580006581000,81,41,40,3337.2
22580006582000,7,4,3,160.3
22580006583000,14,6,8,691.6
22580006585000,3,2,1,0
22580006586000,12,5,7,457.2
22580006587000,27,12,15,1115.1
22580006588000,26,16,10,865.8
22580006589000,143,64,79,6163.3
22580006590000,910,447,463,38493
22580006591000,29,11,18,1020.8
22580006592000,27,16,11,1069.2
22580006594000,5,2,3,147
22580006597000,7,3,4,282.8
22580006598000,1,1,0,0
22580006599000,4,3,1,0
22580006604000,14,7,7,792.4
22580006605000,12,7,5,538.8
22580006606000,5,4,1,183
22580006607000,97,49,48,3569.6
22580006608000,17,7,10,549.1
22580006609000,9,4,5,414.9
22580006610000,35,19,16,1596
22580006611000,14,8,6,656.6
22580006612000,6,3,3,222
22580006613000,425,203,222,12707.5
22580006614000,218,106,112,8109.6
22580006615000,29,19,10,1104.9
22580006616000,15,8,7,499.5
22580006617000,10,6,4,387
22580006618000,13,8,5,475.8
22580006619000,21,10,11,842.1
22580006620000,9,4,5,309.6
22580006621000,94,40,54,3468.6
22580006622000,17,8,9,547.4
22580006623000,27,13,14,1263.6
22580006624000,112,55,57,4099.2
22580006625000,51,24,27,1800.3
22580006626000,18,7,11,797.4
22580006628000,27,11,16,974.7
22580006629000,43,24,19,1509.3
22580006630000,10,6,4,478
22580006631000,116,59,57,4013.6
22580006632000,24,12,12,847.2
22580006633000,86,37,49,3053
22580006634000,189,95,94,7673.4
22580006635000,94,48,46,3534.4
22580006636000,142,75,67,5935.6
22580006637000,186,95,91,7216.8
22580006638000,182,93,89,7225.4
22580006639000,224,115,109,7526.4
22580006640000,1090,507,583,39458
22580006641000,1484,737,747,49120.4
22580006642000,306,150,156,10893.6
22580006643000,5,3,2,188
22580006647000,378,186,192,15762.6
22580006648000,2280,1116,1164,93024
22580006649000,58,32,26,2383.8
22580006650000,2336,1184,1152,87366.4
22580006651000,5174,2448,2726,205407.8
22580006652000,2473,1162,1311,95210.5
22580006653000,2884,1399,1485,99209.6
22580006654000,2811,1343,1468,118062
22580006655000,295,150,145,10472.5
22580006656000,474,248,226,14314.8
22580006657000,28,17,11,1066.8
22580006659000,3,2,1,0
22580006661000,2,1,1,0
22580006662000,11,4,7,399.3
22580006663000,4,1,3,0
22580006667000,4,3,1,0
22580006674000,2,1,1,0
22580006686000,6,3,3,258
22580006687000,27,15,12,974.7
22580006688000,2,1,1,0
22580006689000,2,0,2,0
22580006690000,49,22,27,2043.3
22580006691000,147,76,71,6644.4
22580006692000,69,38,31,3008.4
22580006693000,65,31,34,2548
22580006694000,39,20,19,1376.7
22580006695000,25,10,15,1062.5
22580006696000,107,60,47,4643.8
22580006697000,43,23,20,1586.7
22580006698000,35,16,19,1379
22580006699000,117,61,56,5054.4
22580006700000,68,29,39,2618
22580006701000,67,36,31,2948
22580006722000,1,1,0,0
22580006724000,5,4,1,169
22580006725000,3,2,1,0
22580006727000,12,7,5,366
22580006728000,160,87,73,5840
22580006729000,182,95,87,7061.6
22580006733000,11,4,7,324.5
22580006735000,64,31,33,2924.8
22580006736000,46,23,23,1863
22580006737000,65,37,28,2996.5
22580006738000,44,22,22,1496
22580006739000,9,5,4,394.2
22580006740000,12,6,6,549.6
22580006741000,16,8,8,585.6
22580006742000,4,2,2,0
22580006743000,36,18,18,1418.4
22580006744000,12,7,5,560.4
22580006745000,8,5,3,326.4
22580006746000,42,22,20,1465.8
22580006747000,20,12,8,928
22580006748000,108,60,48,4935.6
22580006749000,22,12,10,657.8
22580006750000,56,26,30,2794.4
22580006751000,20,8,12,838
22580006753000,9,4,5,406.8
22580006757000,3,2,1,0
22580006758000,35,19,16,1939
22580006759000,28,15,13,865.2
22580006764000,20,11,9,1006
22580006765000,14,6,8,666.4
22580006766000,15,8,7,688.5
22580006767000,11,6,5,449.9
22580006768000,17,8,9,652.8
22580006769000,78,38,40,3120
22580006772000,3,1,2,0
22580006773000,2,1,1,0
22580006774000,6,3,3,183
22580006775000,72,35,37,2491.2
22580006776000,10,5,5,441
22580006779000,6,3,3,328.2
22580006780000,24,12,12,1396.8
22580006781000,689,318,371,20670
22580006782000,999,486,513,34765.2
22580006783000,9,3,6,480.6
22580006786000,31,17,14,1298.9
22580006787000,16,9,7,913.6
22580006795000,3,1,2,0
22580006800000,1,1,0,0
22580006858000,3,2,1,0
22580006904000,3,2,1,0
22580006905000,5,2,3,151
22580006946000,29,11,18,797.5
22580006947000,15,6,9,460.5
22580006972000,2,1,1,0
22580006975000,8,3,5,263.2
22580006976000,4,2,2,0
22580006977000,5,1,4,106
22580006978000,6,4,2,354
22580006979000,7,3,4,217.7
22580006980000,5,3,2,277
22580006981000,13,6,7,393.9
22580006982000,20,8,12,832
22580006983000,24,15,9,813.6
22580006984000,22,12,10,1122
22580006985000,34,16,18,1278.4
22580006986000,11,6,5,555.5
22580006987000,14,8,6,589.4
22580006990000,20,15,5,766
22580006991000,5,3,2,270
22580006992000,8,6,2,476.8
22580006993000,15,7,8,762
22580006994000,22,12,10,763.4
22580007005000,17,10,7,822.8
22580007006000,153,72,81,6104.7
22580007007000,37,18,19,1280.2
22580007008000,12,7,5,375.6
22580007022000,25,13,12,915
22580007023000,39,23,16,1630.2
22580007024000,91,50,41,3558.1
22580007025000,22,10,12,825
22580007026000,60,34,26,2580
22580007027000,12,6,6,676.8
22580007028000,54,25,29,2424.6
22580007029000,296,139,157,12254.4
22580007033000,165,91,74,5643
22580007034000,456,212,244,18285.6
22580007035000,37,22,15,1272.8
22580007036000,79,34,45,2844
22580007037000,87,42,45,3671.4
22580007038000,55,25,30,2090
22580007039000,34,14,20,1067.6
22580007040000,82,40,42,3312.8
22580007041000,21,11,10,982.8
22580007042000,70,39,31,3010
22580007043000,43,24,19,1582.4
22580007051000,8,5,3,396
22580007052000,27,14,13,677.7
22580007053000,2,1,1,0
22580007057000,7,3,4,326.9
22580007060000,1,0,1,0
22580007063000,8,5,3,330.4
22580007065000,16,8,8,526.4
22580007066000,31,15,16,1320.6
22580007067000,5,2,3,239
22580007077000,24,15,9,1250.4
22580007078000,25,14,11,892.5
22580007080000,12,7,5,612
22580007081000,9,5,4,469.8
22580007084000,7,4,3,322
22580007085000,5,2,3,97
22580007098000,27,14,13,1193.4
22580007099000,2,2,0,0
22580007100000,18,10,8,766.8
22580007102000,5,1,4,270
22580007103000,7,4,3,289.1
22580007105000,2,1,1,0
22580007107000,33,18,15,1323.3
22580007108000,6,4,2,256.2
22580007109000,12,8,4,475.2
22580007110000,49,20,29,2562.7
22580007111000,6,3,3,442.8
22580007112000,17,9,8,877.2
22580007113000,1,0,1,0
22580007115000,21,13,8,848.4
22580007126000,2,1,1,0
22590006571000,78,37,41,3455.4
22590006572000,76,42,34,3518.8
22590006575000,36,22,14,1868.4
22590006576000,44,25,19,1927.2
22590006577000,487,236,251,18554.7
22590006578000,433,218,215,16497.3
22590006579000,23,12,11,1186.8
22590006580000,369,188,181,12951.9
22590006581000,527,264,263,18076.1
22590006582000,14,7,7,432.6
22590006585000,35,19,16,1260
22590006586000,5,2,3,239
22590006587000,47,22,25,1739
22590006588000,93,44,49,3534
22590006589000,756,384,372,32961.6
22590006590000,42,23,19,1885.8
22590006591000,54,27,27,2246.4
22590006592000,3,2,1,0
22590006593000,3,2,1,0
22590006598000,16,7,9,622.4
22590006599000,12,6,6,648
22590006600000,5,2,3,128
22590006603000,4,2,2,0
22590006604000,5,1,4,201
22590006605000,32,20,12,1356.8
22590006606000,33,17,16,1574.1
22590006607000,201,94,107,7316.4
22590006608000,286,153,133,9924.2
22590006609000,22,11,11,1117.6
22590006610000,113,58,55,3921.1
22590006611000,30,17,13,1164
22590006612000,26,10,16,1159.6
22590006613000,26,13,13,1133.6
22590006614000,37,15,22,1750.1
22590006615000,232,119,113,10184.8
22590006616000,419,212,207,15922
22590006617000,100,50,50,3020
22590006618000,18,9,9,547.2
22590006619000,8,3,5,468.8
22590006620000,11,5,6,449.9
22590006621000,79,42,37,2954.6
22590006622000,37,23,14,1165.5
22590006623000,42,22,20,1512
22590006624000,40,19,21,1700
22590006625000,16,5,11,702.4
22590006627000,5,4,1,232
22590006628000,50,22,28,2130
22590006629000,31,17,14,1429.1
22590006630000,31,16,15,1091.2
22590006631000,114,54,60,4674
22590006632000,19,9,10,959.5
22590006633000,71,34,37,3017.5
22590006634000,95,48,47,3733.5
22590006635000,13,6,7,513.5
22590006636000,4,1,3,0
22590006637000,14,6,8,484.4
22590006648000,536,253,283,19456.8
22590006649000,921,448,473,41629.2
22590006650000,6893,3265,3628,283302.3
22590006651000,1669,819,850,60584.7
22590006652000,3232,1580,1652,119584
22590006653000,2800,1329,1471,108080
22590006654000,2423,1173,1250,90377.9
22590006655000,293,135,158,10782.4
22590006656000,1,1,0,0
22590006659000,3,1,2,0
22590006662000,4,2,2,0
22590006664000,5,4,1,224
22590006671000,4,3,1,0
22590006687000,898,446,452,30262.6
22590006688000,423,210,213,14805
22590006690000,24,13,11,1032
22590006691000,47,24,23,2143.2
22590006692000,31,19,12,1131.5
22590006693000,63,36,27,2469.6
22590006694000,61,34,27,2433.9
22590006695000,66,33,33,3267
22590006718000,3,1,2,0
22590006719000,8,4,4,247.2
22590006721000,7,3,4,270.9
22590006722000,31,19,12,1218.3
22590006723000,6,3,3,261
22590006724000,11,5,6,382.8
22590006725000,21,9,12,657.3
22590006727000,2,2,0,0
22590006728000,119,54,65,4652.9
22590006729000,264,125,139,12936
22590006730000,37,18,19,1668.7
22590006731000,12,10,2,412.8
22590006732000,73,36,37,2649.9
22590006733000,14,9,5,579.6
22590006734000,1,1,0,0
22590006735000,55,25,30,2315.5
22590006736000,11,7,4,572
22590006737000,79,42,37,2915.1
22590006738000,136,69,67,5766.4
22590006739000,401,199,202,17162.8
22590006740000,94,45,49,3186.6
22590006742000,15,8,7,540
22590006743000,47,22,25,2086.8
22590006744000,42,21,21,1776.6
22590006745000,11,6,5,629.2
22590006746000,8,5,3,276.8
22590006747000,6,4,2,361.2
22590006748000,278,142,136,10397.2
22590006749000,193,102,91,6870.8
22590006750000,55,26,29,2574
22590006751000,28,17,11,1050
22590006752000,4,1,3,0
22590006753000,11,6,5,240.9
22590006757000,4,2,2,0
22590006758000,53,23,30,2459.2
22590006759000,12,5,7,517.2
22590006763000,30,15,15,1176
22590006764000,18,5,13,696.6
22590006765000,20,10,10,624
22590006766000,60,31,29,2484
22590006767000,44,21,23,1874.4
22590006768000,2,1,1,0
22590006769000,54,29,25,1998
22590006771000,2,1,1,0
22590006772000,64,30,34,2105.6
22590006773000,8,4,4,450.4
22590006774000,347,179,168,12249.1
22590006775000,71,39,32,2676.7
22590006778000,7,3,4,315.7
22590006779000,3,2,1,0
22590006780000,18,8,10,799.2
22590006781000,51,25,26,2167.5
22590006782000,42,23,19,1701
22590006783000,2,1,1,0
22590006786000,23,11,12,970.6
22590006787000,7,4,3,256.9
22590006795000,1,1,0,0
22590006800000,3,2,1,0
22590006858000,5,4,1,197
22590006859000,1,0,1,0
22590006904000,1,0,1,0
22590006909000,9,5,4,342.9
22590006945000,53,26,27,2915
22590006946000,7,4,3,364
22590006947000,3,2,1,0
22590006971000,1,0,1,0
22590006973000,5,3,2,122
22590006974000,3,2,1,0
22590006980000,2,1,1,0
22590006981000,24,10,14,1051.2
22590006982000,4,3,1,0
22590006983000,4,2,2,0
22590006991000,6,4,2,93
22590006992000,20,9,11,638
22590006993000,30,19,11,1080
22590006994000,3,2,1,0
22590006995000,14,5,9,480.2
22590006996000,10,6,4,592
22590006997000,21,7,14,609
22590007003000,27,17,10,1017.9
22590007004000,57,31,26,2285.7
22590007005000,85,43,42,3094
22590007006000,299,155,144,10405.2
22590007007000,159,86,73,5771.7
22590007008000,53,28,25,1807.3
22590007009000,69,33,36,2663.4
22590007015000,1,1,0,0
22590007023000,100,59,41,3260
22590007024000,25,13,12,1005
22590007025000,3,2,1,0
22590007026000,19,11,8,609.9
22590007027000,37,16,21,1498.5
22590007028000,76,39,37,3070.4
22590007029000,330,171,159,12276
22590007030000,181,91,90,6497.9
22590007033000,34,18,16,1230.8
22590007034000,35,19,16,1351
22590007035000,38,16,22,1455.4
22590007036000,7,2,5,119.7
22590007041000,8,4,4,375.2
22590007042000,167,86,81,5845
22590007043000,21,13,8,1077.3
22590007044000,2,2,0,0
22590007052000,1,0,1,0
22590007053000,1,0,1,0
22590007057000,3,2,1,0
22590007063000,3,2,1,0
22590007064000,2,1,1,0
22590007066000,28,13,15,865.2
22590007067000,24,13,11,1056
22590007078000,99,51,48,3861
22590007079000,1,1,0,0
22590007084000,16,6,10,596.8
22590007085000,12,6,6,446.4
22590007098000,5,4,1,180
22590007099000,2,1,1,0
22590007100000,7,3,4,368.9
22590007102000,5,3,2,236
22590007103000,26,15,11,1014
22590007107000,1,0,1,0
22590007108000,6,4,2,297
22590007109000,40,23,17,1780
22590007110000,43,25,18,1978
22590007111000,7,4,3,291.9
22590007112000,2,1,1,0
22590007126000,1,1,0,0
22600006569000,70,37,33,2520
22600006570000,150,75,75,6480
22600006571000,27,13,14,1134
22600006572000,61,35,26,2592.5
22600006574000,9,6,3,189.9
22600006575000,22,9,13,873.4
22600006576000,15,9,6,901.5
22600006577000,33,14,19,1567.5
22600006578000,13,5,8,631.8
22600006579000,36,18,18,1335.6
22600006580000,35,21,14,1543.5
22600006581000,17,8,9,749.7
22600006582000,55,25,30,2596
22600006583000,8,3,5,407.2
22600006584000,7,3,4,328.3
22600006585000,21,11,10,1264.2
22600006586000,33,14,19,1455.3
22600006587000,29,15,14,1044
22600006588000,157,74,83,6515.5
22600006589000,119,63,56,5652.5
22600006590000,21,13,8,867.3
22600006591000,11,7,4,556.6
22600006592000,2,2,0,0
22600006593000,2,1,1,0
22600006596000,19,11,8,839.8
22600006598000,3,2,1,0
22600006599000,134,65,69,5306.4
22600006600000,18,10,8,653.4
22600006601000,13,7,6,313.3
22600006604000,8,5,3,394.4
22600006605000,10,5,5,621
22600006606000,14,8,6,494.2
22600006607000,41,22,19,1726.1
22600006608000,29,13,16,1061.4
22600006610000,27,15,12,1279.8
22600006611000,1,1,0,0
22600006612000,16,9,7,617.6
22600006613000,19,11,8,761.9
22600006614000,1590,774,816,61056
22600006615000,828,400,428,31464
22600006616000,556,284,272,22462.4
22600006617000,7,5,2,149.1
22600006618000,18,11,7,540
22600006619000,4,2,2,0
22600006620000,107,60,47,3552.4
22600006621000,233,118,115,8038.5
22600006622000,103,58,45,4120
22600006623000,38,22,16,1193.2
22600006624000,11,6,5,251.9
22600006625000,49,30,19,1876.7
22600006626000,53,28,25,1595.3
22600006627000,3,2,1,0
22600006628000,70,36,34,2401
22600006629000,202,112,90,8120.4
22600006630000,174,82,92,7412.4
22600006631000,139,67,72,5031.8
22600006632000,19,8,11,799.9
22600006633000,7,4,3,338.1
22600006634000,120,62,58,4776
22600006635000,43,21,22,1646.9
22600006636000,8,4,4,382.4
22600006637000,2,1,1,0
22600006648000,349,189,160,13506.3
22600006649000,9675,4930,4745,374422.5
22600006650000,12951,6189,6762,507679.2
22600006651000,8802,4280,4522,345038.4
22600006652000,2058,952,1106,83966.4
22600006653000,1305,643,662,51678
22600006654000,1912,931,981,73994.4
22600006655000,80,39,41,3064
22600006680000,1,0,1,0
22600006681000,9,5,4,396.9
22600006682000,72,35,37,3218.4
22600006683000,31,17,14,1475.6
22600006687000,26,12,14,1180.4
22600006688000,179,90,89,7052.6
22600006689000,62,34,28,2145.2
22600006690000,36,18,18,1209.6
22600006691000,85,45,40,3519
22600006692000,72,34,38,2383.2
22600006693000,64,31,33,2470.4
22600006694000,70,34,36,2863
22600006710000,5,4,1,180
22600006717000,11,5,6,462
22600006718000,15,7,8,549
22600006719000,33,14,19,1346.4
22600006720000,29,17,12,1032.4
22600006721000,50,22,28,1840
22600006722000,19,8,11,919.6
22600006723000,19,9,10,898.7
22600006724000,13,6,7,439.4
22600006726000,10,6,4,403
22600006727000,11,6,5,486.2
22600006728000,14,7,7,372.4
22600006729000,1,0,1,0
22600006730000,2,1,1,0
22600006731000,13,7,6,464.1
22600006732000,19,9,10,710.6
22600006733000,3,2,1,0
22600006734000,176,90,86,7110.4
22600006735000,462,237,225,17925.6
22600006736000,81,43,38,3199.5
22600006737000,44,18,26,1544.4
22600006738000,274,140,134,10987.4
22600006739000,1017,464,553,46476.9
22600006740000,636,322,314,23977.2
22600006741000,14,7,7,432.6
22600006742000,3,1,2,0
22600006743000,4,2,2,0
22600006744000,43,22,21,1797.4
22600006745000,22,12,10,1221
22600006747000,21,11,10,693
22600006748000,281,149,132,9385.4
22600006749000,38,18,20,1497.2
22600006750000,50,26,24,1925
22600006751000,9,3,6,325.8
22600006752000,33,17,16,1353
22600006753000,21,14,7,907.2
22600006758000,99,52,47,4296.6
22600006759000,12,5,7,516
22600006763000,9,4,5,370.8
22600006764000,1,1,0,0
22600006765000,22,12,10,948.2
22600006766000,107,54,53,4162.3
22600006767000,48,25,23,1545.6
22600006768000,27,12,15,888.3
22600006769000,7,3,4,291.9
22600006771000,51,27,24,1708.5
22600006772000,26,11,15,920.4
22600006773000,143,70,73,5662.8
22600006774000,102,49,53,5069.4
22600006775000,52,26,26,2173.6
22600006776000,7,2,5,163.8
22600006778000,23,12,11,954.5
22600006779000,19,10,9,875.9
22600006780000,2,1,1,0
22600006781000,84,48,36,3099.6
22600006782000,28,17,11,966
22600006786000,11,6,5,445.5
22600006796000,1,0,1,0
22600006905000,3,2,1,0
22600006909000,13,8,5,678.6
22600006910000,5,4,1,113
22600006935000,4,2,2,0
22600006942000,5,1,4,125
22600006943000,2,2,0,0
22600006944000,17,7,10,647.7
22600006945000,61,31,30,2433.9
22600006946000,7,3,4,345.8
22600006972000,2,1,1,0
22600006980000,5,3,2,130
22600006981000,3,2,1,0
22600006988000,6,3,3,211.2
22600006989000,30,16,14,1167
22600006990000,11,6,5,294.8
22600006992000,4,1,3,0
22600006993000,41,23,18,1717.9
22600006997000,33,16,17,1204.5
22600006998000,102,54,48,4029
22600007002000,27,13,14,907.2
22600007003000,33,19,14,1455.3
22600007004000,41,19,22,1980.3
22600007005000,17,11,6,634.1
22600007006000,40,21,19,1424
22600007007000,39,20,19,1692.6
22600007008000,39,25,14,1606.8
22600007009000,102,45,57,6334.2
22600007010000,18,10,8,765
22600007016000,3,2,1,0
22600007019000,9,7,2,388.8
22600007020000,10,6,4,417
22600007021000,12,6,6,249.6
22600007022000,3,1,2,0
22600007023000,62,34,28,2126.6
22600007024000,171,87,84,5386.5
22600007025000,54,27,27,1836
22600007026000,15,6,9,595.5
22600007027000,20,10,10,1002
22600007028000,24,13,11,739.2
22600007029000,11,5,6,313.5
22600007030000,33,15,18,1237.5
22600007031000,23,11,12,848.7
22600007033000,30,14,16,1047
22600007042000,2,0,2,0
22600007043000,50,27,23,2190
22600007044000,117,55,62,4609.8
22600007056000,20,10,10,804
22600007058000,13,6,7,435.5
22600007059000,7,1,6,153.3
22600007066000,30,19,11,1023
22600007067000,13,10,3,599.3
22600007068000,3,2,1,0
22600007078000,119,68,51,4807.6
22600007079000,82,46,36,3854
22600007084000,13,5,8,670.8
22600007085000,6,3,3,247.8
22600007099000,12,6,6,637.2
22600007100000,7,4,3,436.1
22600007101000,20,9,11,828
22600007103000,8,4,4,455.2
22600007104000,3,2,1,0
22600007109000,6,3,3,304.2
22600007111000,1,1,0,0
22600007112000,5,3,2,218
22600007128000,5,2,3,120
22610006567000,2,1,1,0
22610006568000,10,5,5,360
22610006569000,501,252,249,19589.1
22610006570000,6,3,3,151.8
22610006571000,8,4,4,183.2
22610006572000,29,19,10,945.4
22610006573000,25,10,15,905
22610006574000,21,9,12,789.6
22610006575000,41,21,20,1906.5
22610006576000,53,26,27,2321.4
22610006577000,21,9,12,804.3
22610006578000,61,31,30,2720.6
22610006579000,19,11,8,665
22610006580000,7,4,3,258.3
22610006582000,50,25,25,2245
22610006583000,231,126,105,8500.8
22610006584000,52,20,32,2002
22610006585000,17,11,6,914.6
22610006586000,10,4,6,471
22610006587000,26,17,9,1326
22610006588000,131,65,66,5423.4
22610006590000,21,14,7,735
22610006591000,3,2,1,0
22610006592000,5,3,2,147
22610006595000,2,1,1,0
22610006596000,15,8,7,625.5
22610006597000,18,12,6,680.4
22610006598000,573,308,265,20857.2
22610006599000,252,127,125,6930
22610006600000,25,12,13,917.5
22610006601000,1,1,0,0
22610006602000,3,1,2,0
22610006603000,4,1,3,0
22610006604000,14,7,7,610.4
22610006605000,10,5,5,307
22610006606000,3,2,1,0
22610006607000,7,5,2,228.9
22610006608000,8,4,4,506.4
22610006609000,29,17,12,1157.1
22610006610000,37,19,18,1757.5
22610006611000,23,11,12,998.2
22610006612000,29,11,18,1177.4
22610006613000,3,0,3,0
22610006614000,49,23,26,1744.4
22610006615000,104,51,53,3078.4
22610006616000,9,4,5,279
22610006617000,21,11,10,724.5
22610006618000,1,1,0,0
22610006619000,34,16,18,1169.6
22610006620000,90,39,51,3528
22610006621000,604,362,242,17334.8
22610006622000,23,15,8,685.4
22610006623000,13,6,7,583.7
22610006624000,39,23,16,1602.9
22610006625000,40,22,18,1564
22610006626000,40,18,22,1736
22610006627000,17,8,9,632.4
22610006628000,350,191,159,12075
22610006629000,1465,733,732,51421.5
22610006630000,338,171,167,10106.2
22610006632000,8,5,3,344.8
22610006634000,67,27,40,2579.5
22610006635000,37,15,22,1480
22610006637000,7,3,4,315.7
22610006638000,4,3,1,0
22610006639000,14,8,6,446.6
22610006646000,1,0,1,0
22610006648000,100,60,40,4050
22610006649000,1058,618,440,38511.2
22610006650000,14884,7648,7236,514986.4
22610006651000,12416,5895,6521,449459.2
22610006652000,3850,1962,1888,129360
22610006653000,2290,1106,1184,80150
22610006654000,2105,1015,1090,73675
22610006655000,1864,942,922,47904.8
22610006660000,5,2,3,137
22610006681000,7,4,3,336.7
22610006682000,140,71,69,4844
22610006685000,8,5,3,296
22610006686000,29,16,13,991.8
22610006690000,21,9,12,741.3
22610006691000,66,33,33,2745.6
22610006692000,12,6,6,573.6
22610006694000,4,3,1,0
22610006715000,2,2,0,0
22610006716000,2,1,1,0
22610006717000,10,6,4,533
22610006718000,12,5,7,486
22610006719000,39,21,18,1368.9
22610006720000,7,5,2,377.3
22610006721000,3,3,0,0
22610006722000,13,6,7,634.4
22610006723000,15,7,8,651
22610006724000,23,12,11,1081
22610006725000,47,24,23,1875.3
22610006726000,39,22,17,1645.8
22610006727000,44,19,25,1927.2
22610006730000,17,8,9,697
22610006731000,26,15,11,1102.4
22610006732000,50,26,24,1750
22610006734000,19,12,7,636.5
22610006735000,329,168,161,13686.4
22610006736000,38,20,18,1273
22610006737000,8,4,4,344
22610006738000,316,172,144,13461.6
22610006739000,1353,644,709,56149.5
22610006740000,1278,635,643,52781.4
22610006741000,802,408,394,31598.8
22610006742000,79,41,38,2828.2
22610006743000,217,121,96,8636.6
22610006744000,73,33,40,3328.8
22610006745000,6,3,3,349.8
22610006746000,18,7,11,644.4
22610006747000,92,55,37,3624.8
22610006748000,96,50,46,2563.2
22610006749000,9,5,4,450
22610006750000,18,9,9,716.4
22610006752000,49,24,25,1788.5
22610006753000,17,12,5,545.7
22610006757000,2,1,1,0
22610006758000,108,53,55,4320
22610006759000,9,3,6,324.9
22610006762000,7,3,4,301.7
22610006763000,30,14,16,1092
22610006764000,13,8,5,608.4
22610006765000,45,25,20,1809
22610006766000,59,29,30,2554.7
22610006767000,8,4,4,390.4
22610006768000,10,3,7,457
22610006770000,36,17,19,1580.4
22610006772000,19,10,9,761.9
22610006773000,37,20,17,1243.2
22610006774000,7,4,3,273
22610006775000,2,1,1,0
22610006776000,12,4,8,466.8
22610006778000,37,15,22,1517
22610006779000,6,3,3,192
22610006780000,3,2,1,0
22610006781000,16,7,9,668.8
22610006782000,7,4,3,202.3
22610006858000,6,3,3,199.2
22610006939000,2,2,0,0
22610006940000,2,0,2,0
22610006943000,6,4,2,202.2
22610006944000,18,8,10,682.2
22610006945000,2,1,1,0
22610006985000,1,0,1,0
22610006987000,4,1,3,0
22610006989000,10,5,5,363
22610006990000,1,1,0,0
22610006991000,4,3,1,0
22610006992000,2,1,1,0
22610006996000,2,1,1,0
22610006997000,79,36,43,3333.8
22610006998000,775,355,420,35572.5
22610006999000,236,123,113,8614
22610007000000,207,101,106,6955.2
22610007001000,27,15,12,955.8
22610007002000,30,16,14,915
22610007004000,2,1,1,0
22610007008000,35,14,21,910
22610007009000,32,13,19,1372.8
22610007010000,155,83,72,6277.5
22610007011000,14,7,7,575.4
22610007012000,8,4,4,287.2
22610007016000,60,29,31,1674
22610007017000,82,38,44,3181.6
22610007018000,74,40,34,3004.4
22610007019000,40,20,20,1512
22610007020000,60,31,29,2388
22610007021000,10,5,5,512
22610007022000,10,6,4,515
22610007023000,38,19,19,1147.6
22610007024000,968,480,488,27588
22610007025000,875,438,437,32725
22610007026000,116,63,53,4118
22610007027000,136,76,60,4868.8
22610007028000,21,10,11,632.1
22610007029000,12,7,5,384
22610007030000,104,77,27,3723.2
22610007031000,32,21,11,985.6
22610007032000,10,6,4,534
22610007033000,34,17,17,1142.4
22610007042000,1,1,0,0
22610007044000,17,9,8,875.5
22610007054000,4,2,2,0
22610007055000,62,26,36,2666
22610007056000,252,121,131,8593.2
22610007059000,7,5,2,382.9
22610007060000,13,7,6,646.1
22610007066000,6,3,3,199.8
22610007067000,9,5,4,258.3
22610007068000,7,5,2,417.2
22610007079000,18,12,6,712.8
22610007084000,6,3,3,189
22610007085000,6,3,3,238.2
22610007097000,1,0,1,0
22610007098000,1,0,1,0
22610007100000,29,15,14,1586.3
22610007102000,12,4,8,523.2
22610007104000,12,5,7,394.8
22620006556000,24,13,11,1269.6
22620006557000,29,15,14,1496.4
22620006558000,36,17,19,1940.4
22620006559000,60,35,25,2988
22620006560000,26,14,12,1102.4
22620006566000,170,90,80,7106
22620006567000,211,107,104,8904.2
22620006568000,121,62,59,4743.2
22620006569000,303,156,147,12726
22620006570000,154,77,77,5759.6
22620006571000,36,16,20,1573.2
22620006572000,4,2,2,0
22620006573000,6,4,2,409.2
22620006574000,16,7,9,486.4
22620006575000,29,16,13,1200.6
22620006576000,27,12,15,1147.5
22620006577000,26,11,15,941.2
22620006579000,15,6,9,609
22620006580000,4,2,2,0
22620006581000,1,1,0,0
22620006582000,7,3,4,161.7
22620006583000,2,1,1,0
22620006584000,27,10,17,1112.4
22620006586000,16,8,8,558.4
22620006587000,80,45,35,3248
22620006588000,138,74,64,5685.6
22620006593000,4,2,2,0
22620006594000,2,1,1,0
22620006595000,6,2,4,178.2
22620006598000,100,56,44,3950
22620006599000,316,152,164,12987.6
22620006602000,2,1,1,0
22620006603000,7,4,3,317.8
22620006604000,54,29,25,1749.6
22620006606000,4,2,2,0
22620006608000,41,22,19,1287.4
22620006609000,20,15,5,942
22620006611000,42,23,19,1583.4
22620006612000,51,25,26,1402.5
22620006613000,17,9,8,635.8
22620006614000,11,6,5,375.1
22620006615000,17,8,9,601.8
22620006616000,20,9,11,836
22620006617000,28,15,13,1047.2
22620006618000,23,12,11,945.3
22620006619000,90,48,42,3240
22620006620000,1039,519,520,41871.7
22620006621000,1032,527,505,39009.6
22620006622000,291,138,153,10126.8
22620006623000,27,12,15,1177.2
22620006624000,20,9,11,716
22620006625000,87,46,41,2818.8
22620006626000,35,19,16,1214.5
22620006627000,91,44,47,3394.3
22620006628000,2,1,1,0
22620006629000,26,12,14,761.8
22620006630000,857,432,425,26567
22620006631000,216,113,103,6220.8
22620006632000,7,3,4,319.2
22620006634000,2,1,1,0
22620006635000,26,12,14,995.8
22620006636000,16,8,8,865.6
22620006637000,2,1,1,0
22620006638000,15,9,6,550.5
22620006639000,21,13,8,653.1
22620006640000,2,1,1,0
22620006643000,178,92,86,5998.6
22620006644000,356,194,162,12780.4
22620006645000,386,196,190,14436.4
22620006647000,73,53,20,2905.4
22620006648000,115,76,39,4036.5
22620006649000,5013,2945,2068,158912.1
22620006650000,14198,7344,6854,479892.4
22620006651000,10219,4873,5346,365840.2
22620006652000,4802,2326,2476,161347.2
22620006653000,3483,1695,1788,132702.3
22620006654000,3068,1520,1548,125788
22620006655000,1390,686,704,53654
22620006657000,1,0,1,0
22620006658000,4,2,2,0
22620006659000,2,1,1,0
22620006676000,10,7,3,497
22620006677000,13,8,5,575.9
22620006678000,18,10,8,867.6
22620006680000,222,109,113,10345.2
22620006681000,626,312,314,25728.6
22620006682000,451,234,217,19212.6
22620006683000,470,218,252,14194
22620006684000,15,8,7,673.5
22620006685000,47,26,21,2063.3
22620006686000,23,14,9,841.8
22620006715000,2,1,1,0
22620006717000,6,3,3,232.8
22620006718000,26,16,10,1323.4
22620006719000,5,2,3,347
22620006720000,6,3,3,336
22620006721000,2,2,0,0
22620006722000,8,3,5,364.8
22620006724000,9,6,3,351
22620006726000,13,4,9,633.1
22620006730000,13,8,5,465.4
22620006731000,79,49,30,3325.9
22620006732000,37,20,17,1398.6
22620006733000,19,10,9,841.7
22620006734000,15,8,7,583.5
22620006735000,94,44,50,3487.4
22620006736000,98,50,48,4429.6
22620006737000,63,34,29,2557.8
22620006738000,64,32,32,2323.2
22620006739000,257,128,129,10768.3
22620006740000,9,4,5,441
22620006741000,76,38,38,3024.8
22620006743000,13,6,7,507
22620006744000,11,8,3,341
22620006745000,137,71,66,5069
22620006746000,1002,501,501,37675.2
22620006747000,779,394,385,31160
22620006748000,344,165,179,10216.8
22620006749000,35,19,16,1225
22620006752000,10,5,5,433
22620006753000,13,8,5,508.3
22620006755000,6,2,4,162
22620006756000,6,4,2,190.2
22620006757000,7,4,3,368.2
22620006758000,65,35,30,3029
22620006759000,8,3,5,418.4
22620006760000,2,2,0,0
22620006761000,6,2,4,289.2
22620006762000,5,2,3,134
22620006763000,16,8,8,580.8
22620006764000,195,107,88,6337.5
22620006765000,605,279,326,27951
22620006766000,166,75,91,6839.2
22620006767000,13,6,7,548.6
22620006769000,14,8,6,539
22620006770000,9,5,4,332.1
22620006771000,7,4,3,347.9
22620006773000,2,1,1,0
22620006778000,21,9,12,714
22620006779000,17,9,8,945.2
22620006780000,13,5,8,335.4
22620006781000,26,13,13,873.6
22620006782000,11,4,7,413.6
22620006783000,11,3,8,247.5
22620006858000,19,10,9,1005.1
22620006859000,4,2,2,0
22620006903000,16,7,9,390.4
22620006904000,7,4,3,237.3
22620006906000,1,1,0,0
22620006930000,4,2,2,0
22620006931000,19,12,7,499.7
22620006932000,1,0,1,0
22620006933000,5,2,3,304
22620006935000,7,4,3,380.1
22620006936000,5,2,3,127
22620006937000,6,4,2,262.8
22620006938000,8,4,4,371.2
22620006975000,4,1,3,0
22620006977000,5,2,3,128
22620006978000,7,4,3,254.1
22620006984000,19,11,8,729.6
22620006985000,7,3,4,277.9
22620006986000,27,14,13,988.2
22620006987000,4,1,3,0
22620006988000,11,5,6,363
22620006997000,37,23,14,1198.8
22620006998000,614,326,288,22533.8
22620006999000,53,26,27,1590
22620007001000,11,4,7,440
22620007008000,2,1,1,0
22620007009000,32,21,11,1158.4
22620007010000,514,258,256,18709.6
22620007011000,172,81,91,8548.4
22620007012000,7,3,4,396.2
22620007013000,28,16,12,1122.8
22620007014000,9,6,3,369.9
22620007016000,49,26,23,1705.2
22620007017000,43,24,19,1715.7
22620007018000,64,29,35,2240
22620007019000,168,82,86,6031.2
22620007020000,40,20,20,1600
22620007021000,32,14,18,1360
22620007022000,14,8,6,516.6
22620007023000,11,7,4,544.5
22620007024000,22,12,10,1064.8
22620007025000,264,127,137,9240
22620007026000,515,259,256,20033.5
22620007027000,225,114,111,8572.5
22620007028000,157,75,82,4600.1
22620007029000,36,20,16,1454.4
22620007030000,44,24,20,1641.2
22620007032000,42,20,22,1818.6
22620007033000,243,125,118,8772.3
22620007034000,171,88,83,5454.9
22620007044000,4,3,1,0
22620007055000,9,5,4,519.3
22620007056000,441,212,229,18389.7
22620007060000,15,8,7,592.5
22620007061000,3,1,2,0
22620007062000,1,1,0,0
22620007068000,9,6,3,394.2
22620007070000,1,1,0,0
22620007078000,2,1,1,0
22620007097000,17,9,8,987.7
22620007098000,7,3,4,279.3
22620007100000,53,30,23,1669.5
22620007102000,3,2,1,0
22620007103000,3,0,3,0
22620007112000,4,2,2,0
22620007113000,8,4,4,420
22620007119000,8,3,5,316.8
22620007120000,1,1,0,0
22630006556000,175,82,93,7542.5
22630006557000,80,38,42,3512
22630006558000,281,140,141,11043.3
22630006559000,103,43,60,4130.3
22630006560000,37,19,18,1883.3
22630006566000,47,22,25,2190.2
22630006567000,3,2,1,0
22630006568000,129,62,67,5031
22630006569000,98,52,46,4037.6
22630006570000,30,14,16,1065
22630006571000,42,21,21,1785
22630006572000,12,6,6,591.6
22630006573000,17,6,11,674.9
22630006574000,37,19,18,1121.1
22630006575000,63,35,28,2400.3
22630006576000,43,18,25,1393.2
22630006577000,33,20,13,1283.7
22630006578000,4,3,1,0
22630006579000,3,2,1,0
22630006582000,5,3,2,229
22630006583000,12,7,5,493.2
22630006584000,9,5,4,381.6
22630006585000,19,9,10,860.7
22630006586000,56,28,28,2553.6
22630006587000,26,17,9,1037.4
22630006588000,8,5,3,292.8
22630006593000,2,1,1,0
22630006594000,4,2,2,0
22630006595000,38,14,24,923.4
22630006596000,14,6,8,583.8
22630006597000,32,20,12,1180.8
22630006598000,9,5,4,360
22630006602000,11,7,4,519.2
22630006603000,11,7,4,346.5
22630006604000,9,4,5,507.6
22630006605000,15,7,8,643.5
22630006607000,7,3,4,181.3
22630006608000,8,4,4,286.4
22630006609000,33,17,16,1131.9
22630006610000,11,7,4,479.6
22630006611000,53,28,25,1733.1
22630006612000,43,19,24,1720
22630006613000,9,6,3,396
22630006615000,4,2,2,0
22630006616000,10,6,4,420
22630006617000,4,2,2,0
22630006618000,5,2,3,283
22630006619000,325,175,150,12382.5
22630006620000,1265,621,644,44275
22630006621000,1205,596,609,51574
22630006622000,709,343,366,30770.6
22630006623000,86,44,42,3044.4
22630006624000,19,10,9,900.6
22630006625000,124,64,60,4265.6
22630006626000,8,4,4,439.2
22630006627000,907,464,443,37821.9
22630006628000,62,32,30,2635
22630006631000,6,4,2,241.8
22630006632000,11,6,5,492.8
22630006633000,83,43,40,2822
22630006634000,382,188,194,12682.4
22630006636000,10,6,4,412
22630006637000,1776,865,911,70329.6
22630006638000,1838,939,899,67454.6
22630006639000,2594,1273,1321,83526.8
22630006640000,2336,1141,1195,85731.2
22630006641000,934,433,501,36519.4
22630006642000,557,271,286,25900.5
22630006643000,70,41,29,2800
22630006644000,1018,501,517,39294.8
22630006645000,1579,808,771,60791.5
22630006646000,1533,750,783,58867.2
22630006647000,953,481,472,35261
22630006648000,6517,3445,3072,205937.2
22630006649000,18441,9714,8727,586423.8
22630006650000,16868,8647,8221,571825.2
22630006651000,13474,6847,6627,454073.8
22630006652000,12562,6165,6397,449719.6
22630006653000,3639,1856,1783,133551.3
22630006654000,3262,1624,1638,119389.2
22630006655000,947,491,456,34849.6
22630006656000,9,6,3,404.1
22630006657000,8,5,3,284.8
22630006658000,17,11,6,676.6
22630006659000,10,5,5,374
22630006670000,2,1,1,0
22630006679000,4,3,1,0
22630006680000,25,12,13,947.5
22630006681000,29,15,14,1545.7
22630006682000,40,20,20,1456
22630006683000,111,54,57,3463.2
22630006684000,5,3,2,179
22630006685000,5,3,2,167
22630006721000,2,1,1,0
22630006726000,33,16,17,1346.4
22630006727000,3,1,2,0
22630006728000,10,5,5,374
22630006730000,5,3,2,318
22630006731000,51,27,24,2075.7
22630006732000,204,106,98,7405.2
22630006733000,439,212,227,19886.7
22630006734000,28,16,12,1002.4
22630006735000,24,12,12,1094.4
22630006736000,18,11,7,1004.4
22630006737000,17,6,11,708.9
22630006738000,11,5,6,419.1
22630006739000,16,7,9,606.4
22630006740000,19,11,8,877.8
22630006741000,14,7,7,903
22630006742000,7,3,4,300.3
22630006743000,4,2,2,0
22630006744000,221,110,111,6099.6
22630006745000,39,22,17,1524.9
22630006746000,492,250,242,17170.8
22630006747000,375,194,181,12600
22630006748000,645,305,340,28896
22630006749000,210,105,105,9345
22630006750000,3,2,1,0
22630006753000,42,19,23,1356.6
22630006755000,37,22,15,1487.4
22630006757000,15,9,6,715.5
22630006758000,22,12,10,776.6
22630006759000,20,10,10,928
22630006760000,40,20,20,1780
22630006761000,31,18,13,1407.4
22630006762000,31,14,17,1085
22630006763000,14,9,5,604.8
22630006764000,236,118,118,10502
22630006765000,217,98,119,11435.9
22630006766000,1,1,0,0
22630006768000,7,5,2,221.2
22630006769000,28,16,12,868
22630006770000,16,11,5,465.6
22630006773000,6,2,4,259.8
22630006777000,19,9,10,570
22630006778000,43,19,24,2150
22630006779000,11,4,7,487.3
22630006781000,4,1,3,0
22630006858000,4,1,3,0
22630006859000,4,2,2,0
22630006892000,1,1,0,0
22630006903000,1,1,0,0
22630006927000,4,1,3,0
22630006928000,6,3,3,133.8
22630006930000,2,1,1,0
22630006933000,3,2,1,0
22630006982000,8,5,3,260
22630006983000,15,9,6,553.5
22630006984000,5,3,2,135
22630006985000,1,0,1,0
22630006987000,14,7,7,648.2
22630006988000,9,4,5,344.7
22630006990000,4,2,2,0
22630006995000,2,1,1,0
22630006996000,19,10,9,697.3
22630006997000,74,39,35,2686.2
22630006998000,1,0,1,0
22630007009000,2,2,0,0
22630007010000,80,42,38,3280
22630007011000,248,124,124,8456.8
22630007012000,75,40,35,2767.5
22630007013000,13,7,6,590.2
22630007014000,9,4,5,329.4
22630007015000,66,35,31,2626.8
22630007016000,123,67,56,4944.6
22630007017000,21,14,7,724.5
22630007018000,22,10,12,723.8
22630007019000,90,49,41,3456
22630007020000,368,189,179,13174.4
22630007021000,6,2,4,168
22630007022000,13,7,6,455
22630007023000,93,53,40,3608.4
22630007024000,106,57,49,4632.2
22630007025000,119,57,62,4319.7
22630007026000,814,352,462,41921
22630007027000,297,159,138,11909.7
22630007028000,43,24,19,1668.4
22630007029000,29,16,13,951.2
22630007030000,16,11,5,624
22630007031000,5,3,2,274
22630007032000,52,29,23,1908.4
22630007033000,76,39,37,3192
22630007034000,19,11,8,742.9
22630007037000,7,4,3,296.1
22630007056000,80,41,39,3520
22630007060000,2,1,1,0
22630007061000,16,12,4,686.4
22630007069000,23,10,13,966
22630007098000,7,3,4,272.3
22630007100000,5,2,3,334
22630007101000,169,87,82,6438.9
22630007103000,10,3,7,474
22630007104000,9,4,5,460.8
22630007112000,3,3,0,0
22630007119000,9,5,4,419.4
22630007121000,2,1,1,0
22640006555000,4,2,2,0
22640006556000,51,28,23,1917.6
22640006557000,44,21,23,1522.4
22640006558000,18,11,7,878.4
22640006559000,47,29,18,1847.1
22640006567000,24,16,8,852
22640006568000,526,266,260,18567.8
22640006569000,1392,692,700,46492.8
22640006570000,59,33,26,2660.9
22640006571000,4,3,1,0
22640006574000,5,4,1,276
22640006575000,40,21,19,2020
22640006576000,8,4,4,340.8
22640006577000,17,10,7,430.1
22640006578000,19,8,11,716.3
22640006579000,3,2,1,0
22640006581000,19,14,5,636.5
22640006582000,13,9,4,390
22640006583000,3,1,2,0
22640006584000,5,3,2,367
22640006585000,11,4,7,446.6
22640006586000,1094,520,574,48792.4
22640006587000,33,17,16,841.5
22640006588000,5,3,2,170
22640006594000,7,5,2,301.7
22640006595000,9,6,3,456.3
22640006596000,28,17,11,1318.8
22640006597000,6,5,1,213
22640006599000,23,14,9,814.2
22640006600000,34,20,14,1390.6
22640006601000,8,5,3,299.2
22640006602000,122,67,55,4538.4
22640006603000,20,9,11,916
22640006604000,31,18,13,923.8
22640006605000,39,18,21,1770.6
22640006606000,9,5,4,437.4
22640006608000,23,10,13,818.8
22640006609000,24,12,12,1202.4
22640006610000,19,8,11,868.3
22640006611000,9,4,5,414
22640006612000,22,12,10,792
22640006613000,28,12,16,1338.4
22640006614000,5,3,2,272
22640006615000,26,14,12,767
22640006616000,18,11,7,660.6
22640006617000,9,4,5,419.4
22640006618000,59,24,35,2413.1
22640006619000,385,198,187,12320
22640006620000,101,56,45,4171.3
22640006621000,773,380,393,32002.2
22640006622000,253,123,130,9209.2
22640006623000,75,33,42,2662.5
22640006624000,20,11,9,632
22640006626000,565,293,272,18814.5
22640006627000,2589,1274,1315,95534.1
22640006628000,1382,690,692,51272.2
22640006629000,1,1,0,0
22640006630000,12,7,5,352.8
22640006631000,41,19,22,1586.7
22640006632000,1258,620,638,46420.2
22640006633000,2285,1082,1203,92999.5
22640006634000,1774,914,860,59429
22640006635000,617,293,324,23939.6
22640006636000,1194,600,594,48237.6
22640006637000,2188,1045,1143,101960.8
22640006638000,1615,790,825,61047
22640006639000,1862,981,881,72618
22640006640000,4924,2412,2512,169385.6
22640006641000,2980,1468,1512,112942
22640006642000,2808,1345,1463,114566.4
22640006643000,2966,1431,1535,123978.8
22640006644000,3923,1782,2141,178104.2
22640006645000,3359,1681,1678,129657.4
22640006646000,1632,783,849,63648
22640006647000,4207,2084,2123,154396.9
22640006648000,7410,3849,3561,255645
22640006649000,6035,2992,3043,217260
22640006650000,6402,3140,3262,218308.2
22640006651000,9435,5091,4344,321733.5
22640006652000,4786,2333,2453,172296
22640006653000,5041,2513,2528,186517
22640006654000,3583,1810,1773,127913.1
22640006655000,1273,654,619,47992.1
22640006656000,4,1,3,0
22640006658000,3,2,1,0
22640006659000,16,7,9,654.4
22640006660000,67,32,35,2793.9
22640006661000,35,21,14,1081.5
22640006662000,2,1,1,0
22640006721000,4,1,3,0
22640006722000,10,6,4,323
22640006724000,4,3,1,0
22640006726000,9,5,4,287.1
22640006727000,4,1,3,0
22640006729000,14,8,6,645.4
22640006730000,48,24,24,1924.8
22640006731000,9,4,5,280.8
22640006732000,7,5,2,364.7
22640006733000,208,98,110,8860.8
22640006734000,44,23,21,1654.4
22640006736000,29,15,14,1093.3
22640006737000,29,15,14,1409.4
22640006738000,21,12,9,1121.4
22640006740000,32,18,14,1417.6
22640006741000,39,21,18,1368.9
22640006742000,44,24,20,1856.8
22640006743000,10,5,5,396
22640006744000,746,352,394,26110
22640006745000,1878,899,979,77937
22640006746000,564,282,282,23067.6
22640006747000,657,331,326,22929.3
22640006748000,1563,775,788,61738.5
22640006749000,646,326,320,26679.8
22640006750000,232,115,117,8352
22640006751000,64,30,34,2118.4
22640006752000,87,47,40,3071.1
22640006753000,28,12,16,1064
22640006754000,50,24,26,2275
22640006755000,21,11,10,999.6
22640006757000,37,20,17,1831.5
22640006758000,105,53,52,3853.5
22640006759000,10,4,6,520
22640006760000,111,59,52,4795.2
22640006761000,59,29,30,2649.1
22640006762000,31,16,15,1240
22640006763000,30,14,16,1047
22640006767000,21,12,9,703.5
22640006768000,19,8,11,803.7
22640006769000,45,23,22,1287
22640006770000,34,16,18,1370.2
22640006772000,2,1,1,0
22640006774000,4,3,1,0
22640006775000,26,11,15,1229.8
22640006776000,14,9,5,589.4
22640006778000,169,81,88,5441.8
22640006779000,36,19,17,1566
22640006781000,27,17,10,1034.1
22640006785000,3,2,1,0
22640006790000,21,10,11,991.2
22640006791000,4,1,3,0
22640006858000,6,2,4,283.2
22640006903000,7,4,3,315.7
22640006925000,12,7,5,576
22640006926000,6,4,2,301.2
22640006927000,2,1,1,0
22640006930000,11,6,5,452.1
22640006944000,3,2,1,0
22640006974000,5,3,2,291
22640006977000,1,1,0,0
22640006978000,7,2,5,280
22640006979000,4,3,1,0
22640006980000,12,6,6,369.6
22640006982000,1,0,1,0
22640006983000,29,15,14,957
22640006984000,10,2,8,340
22640006985000,12,8,4,450
22640006986000,20,9,11,854
22640006987000,20,9,11,836
22640006989000,5,2,3,302
22640006995000,6,3,3,223.2
22640006996000,15,7,8,718.5
22640007008000,4,2,2,0
22640007009000,36,19,17,1364.4
22640007010000,39,23,16,1458.6
22640007012000,57,31,26,1960.8
22640007013000,55,27,28,1947
22640007014000,58,37,21,2175
22640007015000,148,72,76,5772
22640007016000,361,174,187,12779.4
22640007017000,28,15,13,1285.2
22640007018000,55,26,29,2145
22640007019000,16,11,5,644.8
22640007024000,193,100,93,7121.7
22640007025000,445,219,226,15041
22640007026000,142,80,62,4899
22640007027000,72,40,32,2757.6
22640007028000,37,17,20,1550.3
22640007029000,18,10,8,635.4
22640007030000,93,44,49,3496.8
22640007031000,61,31,30,2775.5
22640007032000,25,13,12,947.5
22640007033000,72,40,32,3016.8
22640007034000,23,13,10,899.3
22640007038000,26,14,12,696.8
22640007039000,14,10,4,602
22640007042000,10,6,4,616
22640007043000,5,3,2,141
22640007044000,4,3,1,0
22640007056000,11,4,7,389.4
22640007063000,9,4,5,385.2
22640007066000,4,2,2,0
22640007067000,3,2,1,0
22640007069000,9,3,6,306
22640007070000,27,15,12,791.1
22640007078000,5,3,2,188
22640007080000,1,1,0,0
22640007081000,6,3,3,225
22640007101000,257,129,128,9457.6
22640007104000,19,11,8,955.7
22640007119000,5,2,3,154
22640007121000,20,10,10,824
22640007122000,57,30,27,2097.6
22650006555000,17,6,11,907.8
22650006556000,53,29,24,2660.6
22650006557000,37,24,13,1261.7
22650006558000,100,48,52,4750
22650006559000,140,85,55,5194
22650006560000,11,5,6,493.9
22650006567000,9,4,5,314.1
22650006568000,632,312,320,20919.2
22650006569000,285,134,151,12882
22650006570000,631,321,310,25303.1
22650006571000,647,319,328,26656.4
22650006572000,287,148,139,11939.2
22650006573000,14,5,9,568.4
22650006574000,50,25,25,2095
22650006575000,18,8,10,844.2
22650006576000,27,17,10,1107
22650006577000,5,3,2,367
22650006578000,12,7,5,520.8
22650006579000,25,12,13,1000
22650006580000,13,6,7,449.8
22650006581000,38,16,22,1558
22650006582000,30,17,13,1227
22650006583000,32,17,15,1542.4
22650006584000,38,18,20,1729
22650006585000,23,8,15,933.8
22650006586000,696,344,352,32572.8
22650006587000,38,20,18,1565.6
22650006588000,15,7,8,553.5
22650006596000,15,7,8,393
22650006597000,62,31,31,2659.8
22650006599000,25,11,14,677.5
22650006600000,30,19,11,1122
22650006601000,69,32,37,2608.2
22650006602000,690,343,347,22632
22650006604000,8,5,3,380.8
22650006605000,20,13,7,840
22650006607000,12,5,7,900
22650006608000,71,35,36,3116.9
22650006609000,427,216,211,15243.9
22650006610000,40,23,17,1456
22650006611000,2,1,1,0
22650006612000,2,1,1,0
22650006613000,10,5,5,451
22650006614000,34,20,14,1268.2
22650006616000,2,1,1,0
22650006617000,29,17,12,1162.9
22650006618000,137,72,65,5082.7
22650006619000,250,133,117,8675
22650006620000,106,54,52,2893.8
22650006621000,14,8,6,579.6
22650006622000,13,7,6,349.7
22650006623000,23,13,10,949.9
22650006624000,4,3,1,0
22650006625000,66,37,29,2725.8
22650006626000,1232,621,611,47062.4
22650006627000,2119,991,1128,93024.1
22650006628000,958,470,488,35733.4
22650006629000,20,10,10,1132
22650006630000,592,301,291,20483.2
22650006631000,2258,1152,1106,80384.8
22650006632000,1233,626,607,45374.4
22650006633000,1056,528,528,37488
22650006634000,7,2,5,266
22650006635000,702,337,365,27307.8
22650006636000,2001,972,1029,75637.8
22650006637000,2580,1244,1336,95460
22650006638000,1821,900,921,75025.2
22650006639000,1910,954,956,70479
22650006640000,1433,721,712,51588
22650006641000,3548,1804,1744,122760.8
22650006642000,2873,1456,1417,103140.7
22650006643000,3664,1787,1877,137766.4
22650006644000,5026,2298,2728,195511.4
22650006645000,4003,1895,2108,150112.5
22650006646000,3855,1877,1978,143020.5
22650006647000,4463,1968,2495,189677.5
22650006648000,5025,2477,2548,185925
22650006649000,2887,1396,1491,104220.7
22650006650000,871,432,439,32749.6
22650006651000,3108,1618,1490,112509.6
22650006652000,4536,2246,2290,161935.2
22650006653000,3126,1532,1594,126603
22650006654000,2392,1120,1272,102856
22650006655000,791,408,383,29583.4
22650006658000,16,7,9,532.8
22650006659000,9,8,1,305.1
22650006660000,13,6,7,639.6
22650006661000,26,16,10,759.2
22650006674000,1,1,0,0
22650006675000,2,2,0,0
22650006710000,6,3,3,273
22650006722000,19,8,11,1052.6
22650006723000,31,14,17,1385.7
22650006724000,36,18,18,1256.4
22650006725000,51,24,27,2096.1
22650006726000,29,18,11,1394.9
22650006727000,12,6,6,588
22650006728000,2,1,1,0
22650006729000,20,12,8,718
22650006730000,46,20,26,2304.6
22650006731000,53,26,27,2003.4
22650006732000,5,2,3,275
22650006733000,14,6,8,568.4
22650006734000,54,26,28,2084.4
22650006735000,3,2,1,0
22650006736000,32,17,15,1356.8
22650006737000,37,16,21,1539.2
22650006738000,9,7,2,533.7
22650006740000,26,12,14,1079
22650006741000,27,15,12,1439.1
22650006742000,14,7,7,463.4
22650006743000,48,25,23,2068.8
22650006744000,1035,522,513,40365
22650006745000,1304,629,675,54768
22650006746000,1826,857,969,72309.6
22650006747000,2108,962,1146,102238
22650006748000,1413,649,764,57791.7
22650006749000,202,96,106,7049.8
22650006753000,14,7,7,477.4
22650006754000,55,24,31,1908.5
22650006755000,30,16,14,1230
22650006756000,47,23,24,2166.7
22650006757000,64,38,26,2508.8
22650006758000,21,8,13,756
22650006761000,2,1,1,0
22650006765000,21,13,8,873.6
22650006766000,30,18,12,1413
22650006767000,21,11,10,953.4
22650006768000,51,26,25,2539.8
22650006769000,60,33,27,2352
22650006770000,4,2,2,0
22650006774000,7,3,4,366.1
22650006775000,17,9,8,710.6
22650006777000,19,12,7,784.7
22650006778000,21,11,10,781.2
22650006779000,44,24,20,1293.6
22650006780000,7,2,5,277.9
22650006781000,21,10,11,795.9
22650006784000,34,19,15,1638.8
22650006785000,4,1,3,0
22650006849000,2,1,1,0
22650006858000,6,4,2,262.2
22650006893000,2,2,0,0
22650006902000,4,2,2,0
22650006904000,2,1,1,0
22650006916000,1,1,0,0
22650006926000,9,5,4,385.2
22650006983000,8,5,3,319.2
22650006986000,5,3,2,214
22650006995000,13,9,4,651.3
22650007013000,11,5,6,477.4
22650007014000,20,9,11,942
22650007015000,41,25,16,1656.4
22650007016000,8,4,4,204.8
22650007017000,22,11,11,847
22650007025000,112,53,59,3337.6
22650007026000,573,288,285,18450.6
22650007027000,20,9,11,944
22650007028000,46,26,20,1582.4
22650007029000,26,12,14,1079
22650007030000,496,250,246,15326.4
22650007031000,63,30,33,2230.2
22650007032000,55,28,27,2057
22650007033000,162,82,80,5751
22650007035000,67,36,31,2546
22650007036000,17,9,8,703.8
22650007037000,24,14,10,900
22650007038000,289,149,140,10432.9
22650007039000,48,29,19,1948.8
22650007041000,10,4,6,464
22650007044000,253,136,117,10676.6
22650007056000,7,5,2,291.2
22650007065000,2,1,1,0
22650007066000,16,7,9,707.2
22650007067000,5,2,3,233
22650007070000,18,7,11,788.4
22650007071000,6,2,4,154.8
22650007078000,2,1,1,0
22650007081000,7,5,2,326.2
22650007082000,2,1,1,0
22650007086000,1,1,0,0
22650007087000,4,3,1,0
22650007096000,5,1,4,117
22650007097000,8,5,3,506.4
22650007098000,6,2,4,216
22650007099000,11,5,6,316.8
22650007100000,5,3,2,299
22650007101000,242,115,127,10406
22650007102000,112,62,50,3539.2
22650007103000,6,3,3,223.8
22650007104000,5,2,3,214
22650007105000,7,3,4,212.1
22650007121000,6,2,4,172.8
22650007122000,31,15,16,1131.5
22650007123000,10,6,4,541
22650007124000,12,8,4,361.2
22660006553000,26,14,12,1336.4
22660006554000,4,2,2,0
22660006555000,14,9,5,702.8
22660006556000,26,14,12,1240.2
22660006557000,77,42,35,3742.2
22660006558000,100,52,48,3300
22660006559000,146,80,66,5153.8
22660006562000,5,2,3,198
22660006564000,8,3,5,451.2
22660006565000,10,3,7,311
22660006566000,1,1,0,0
22660006567000,12,9,3,332.4
22660006568000,277,132,145,11606.3
22660006569000,1215,599,616,50787
22660006570000,590,299,291,22715
22660006571000,1629,756,873,68255.1
22660006572000,1682,805,877,76531
22660006573000,192,89,103,8851.2
22660006574000,158,80,78,6067.2
22660006575000,34,21,13,1261.4
22660006576000,101,53,48,4070.3
22660006577000,57,31,26,2770.2
22660006578000,34,15,19,1213.8
22660006579000,40,20,20,1772
22660006580000,27,13,14,1271.7
22660006581000,17,10,7,816
22660006582000,4,2,2,0
22660006583000,29,16,13,887.4
22660006584000,7,5,2,340.2
22660006585000,42,21,21,1688.4
22660006586000,139,72,67,6338.4
22660006587000,11,4,7,457.6
22660006589000,5,2,3,182
22660006596000,2,1,1,0
22660006597000,1,1,0,0
22660006600000,11,5,6,324.5
22660006601000,157,71,86,8164
22660006602000,118,65,53,5475.2
22660006606000,2,2,0,0
22660006607000,2,1,1,0
22660006608000,45,24,21,1633.5
22660006609000,4,3,1,0
22660006610000,48,27,21,1881.6
22660006611000,24,13,11,1058.4
22660006612000,7,1,6,212.8
22660006613000,13,9,4,344.5
22660006614000,2,1,1,0
22660006615000,6,2,4,202.2
22660006616000,10,7,3,283
22660006617000,14,8,6,532
22660006618000,63,36,27,2494.8
22660006619000,2,1,1,0
22660006620000,16,9,7,494.4
22660006621000,12,6,6,560.4
22660006622000,13,9,4,260
22660006623000,6,4,2,288
22660006624000,14,3,11,533.4
22660006625000,413,209,204,14785.4
22660006626000,1091,523,568,44512.8
22660006627000,1503,708,795,64929.6
22660006628000,225,112,113,9720
22660006629000,38,19,19,1516.2
22660006630000,1057,521,536,43337
22660006631000,2438,1159,1279,96544.8
22660006632000,1356,674,682,40273.2
22660006636000,21,14,7,726.6
22660006638000,1898,973,925,60546.2
22660006639000,3717,1844,1873,106306.2
22660006640000,1306,660,646,38788.2
22660006641000,3743,1853,1890,111915.7
22660006642000,2552,1286,1266,88554.4
22660006643000,4171,2021,2150,153075.7
22660006644000,3245,1511,1734,131747
22660006645000,1938,958,980,70155.6
22660006646000,788,374,414,31914
22660006647000,3345,1582,1763,130789.5
22660006648000,1773,882,891,65601
22660006649000,3685,1839,1846,144083.5
22660006650000,683,356,327,23495.2
22660006651000,3814,1942,1872,136541.2
22660006652000,5107,2363,2744,202747.9
22660006653000,3019,1454,1565,109891.6
22660006655000,2,1,1,0
22660006656000,181,89,92,6986.6
22660006659000,7,6,1,286.3
22660006660000,4,1,3,0
22660006661000,92,46,46,3799.6
22660006662000,154,77,77,6437.2
22660006663000,76,39,37,2698
22660006672000,5,3,2,169
22660006673000,54,33,21,2403
22660006674000,27,11,16,885.6
22660006709000,13,6,7,633.1
22660006723000,46,21,25,1688.2
22660006724000,73,38,35,2832.4
22660006725000,80,42,38,3064
22660006726000,55,28,27,2403.5
22660006727000,47,29,18,1955.2
22660006728000,65,31,34,2931.5
22660006729000,96,51,45,4358.4
22660006730000,150,79,71,5760
22660006731000,113,60,53,4972
22660006732000,27,15,12,1031.4
22660006734000,29,12,17,1049.8
22660006735000,9,6,3,250.2
22660006736000,56,26,30,2055.2
22660006737000,31,19,12,1199.7
22660006738000,10,4,6,350
22660006739000,3,1,2,0
22660006740000,6,4,2,333
22660006741000,7,3,4,282.1
22660006742000,8,3,5,282.4
22660006743000,73,37,36,2993
22660006744000,231,113,118,6629.7
22660006745000,361,169,192,13609.7
22660006746000,258,120,138,12719.4
22660006750000,7,5,2,301.7
22660006751000,2,0,2,0
22660006754000,6,4,2,279
22660006755000,52,32,20,2132
22660006756000,70,36,34,2800
22660006757000,7,3,4,338.8
22660006761000,35,16,19,1270.5
22660006762000,441,201,240,21035.7
22660006763000,294,140,154,11936.4
22660006764000,92,47,45,3422.4
22660006765000,76,43,33,3024.8
22660006766000,24,14,10,988.8
22660006767000,34,19,15,1169.6
22660006768000,26,13,13,1040
22660006769000,25,13,12,797.5
22660006770000,7,3,4,212.8
22660006774000,2,1,1,0
22660006775000,3,2,1,0
22660006777000,17,8,9,528.7
22660006778000,42,21,21,1713.6
22660006783000,35,18,17,1123.5
22660006784000,46,25,21,1881.4
22660006838000,1,1,0,0
22660006893000,10,7,3,453
22660006902000,1,1,0,0
22660006916000,1,1,0,0
22660006917000,1,1,0,0
22660006970000,1,1,0,0
22660006983000,19,10,9,921.5
22660006995000,18,9,9,703.8
22660006996000,4,1,3,0
22660007014000,23,13,10,834.9
22660007015000,61,34,27,2122.8
22660007016000,67,37,30,2485.7
22660007017000,19,10,9,570
22660007026000,61,28,33,2122.8
22660007027000,81,46,35,3086.1
22660007028000,85,46,39,2992
22660007029000,40,17,23,1552
22660007030000,95,57,38,3334.5
22660007031000,48,33,15,2049.6
22660007032000,3194,1552,1642,115622.8
22660007033000,2377,1219,1158,84383.5
22660007034000,113,58,55,4621.7
22660007035000,499,249,250,19111.7
22660007036000,1712,860,852,55126.4
22660007037000,1688,868,820,57392
22660007038000,1264,641,623,45251.2
22660007039000,844,438,406,29202.4
22660007043000,3,2,1,0
22660007044000,258,131,127,9468.6
22660007056000,9,7,2,276.3
22660007066000,4,2,2,0
22660007067000,3,2,1,0
22660007071000,31,15,16,1196.6
22660007072000,6,2,4,316.2
22660007081000,2,1,1,0
22660007095000,3,2,1,0
22660007096000,1,1,0,0
22660007099000,3,1,2,0
22660007100000,10,5,5,522
22660007101000,266,133,133,12156.2
22660007102000,137,58,79,6932.2
22660007105000,32,15,17,1203.2
22660007106000,18,11,7,761.4
22660007117000,13,10,3,542.1
22660007121000,5,2,3,230
22660007122000,19,9,10,723.9
22660007123000,13,8,5,703.3
22660007127000,6,2,4,220.8
22670006551000,96,53,43,4915.2
22670006552000,13,7,6,696.8
22670006553000,64,30,34,2227.2
22670006554000,76,40,36,2424.4
22670006555000,497,238,259,18488.4
22670006556000,20,9,11,848
22670006557000,48,24,24,2721.6
22670006558000,67,39,28,2659.9
22670006561000,2,1,1,0
22670006562000,76,39,37,3252.8
22670006563000,238,114,124,9234.4
22670006564000,105,64,41,3496.5
22670006565000,122,63,59,5087.4
22670006566000,470,245,225,14382
22670006567000,502,247,255,15562
22670006568000,382,176,206,16464.2
22670006569000,1137,526,611,49232.1
22670006570000,1036,505,531,41854.4
22670006571000,2132,1043,1089,86346
22670006572000,2518,1234,1284,98202
22670006573000,1443,703,740,57864.3
22670006574000,1315,676,639,40633.5
22670006575000,520,255,265,17212
22670006576000,11,7,4,544.5
22670006577000,7,4,3,238.7
22670006578000,4,1,3,0
22670006580000,8,3,5,290.4
22670006581000,20,11,9,712
22670006582000,31,15,16,1333
22670006583000,28,16,12,1117.2
22670006584000,10,4,6,359
22670006585000,107,59,48,4119.5
22670006586000,1,1,0,0
22670006587000,10,6,4,257
22670006589000,5,1,4,128
22670006593000,1,0,1,0
22670006596000,6,3,3,181.8
22670006597000,7,2,5,326.9
22670006598000,6,2,4,208.2
22670006600000,11,6,5,478.5
22670006601000,33,19,14,1326.6
22670006602000,4,2,2,0
22670006603000,45,18,27,1822.5
22670006608000,11,5,6,382.8
22670006609000,7,2,5,298.2
22670006610000,16,9,7,736
22670006611000,14,5,9,501.2
22670006612000,15,9,6,480
22670006613000,12,5,7,318
22670006615000,15,6,9,796.5
22670006616000,11,5,6,423.5
22670006617000,8,3,5,282.4
22670006618000,4,1,3,0
22670006619000,20,12,8,848
22670006620000,27,14,13,639.9
22670006621000,49,23,26,1568
22670006622000,83,50,33,2929.9
22670006623000,105,44,61,3717
22670006624000,49,23,26,1974.7
22670006625000,21,8,13,854.7
22670006626000,34,22,12,1383.8
22670006627000,525,268,257,18060
22670006628000,106,38,68,7261
22670006629000,27,14,13,1074.6
22670006630000,19,8,11,775.2
22670006631000,686,358,328,23598.4
22670006632000,1851,939,912,53679
22670006634000,4,2,2,0
22670006638000,153,80,73,5202
22670006639000,188,102,86,6185.2
22670006640000,181,91,90,6642.7
22670006641000,1066,562,504,37203.4
22670006642000,447,231,216,17075.4
22670006643000,235,123,112,7355.5
22670006644000,2717,1291,1426,116831
22670006645000,5634,2637,2997,219726
22670006646000,4403,2140,2263,179642.4
22670006647000,8151,3748,4403,315443.7
22670006648000,2997,1440,1557,117782.1
22670006649000,4027,1860,2167,183228.5
22670006650000,392,247,145,14190.4
22670006651000,659,342,317,23460.4
22670006652000,4982,2409,2573,175864.6
22670006653000,568,288,280,22095.2
22670006663000,7,3,4,231.7
22670006667000,4,2,2,0
22670006672000,80,37,43,3432
22670006673000,398,201,197,15442.4
22670006674000,6,3,3,463.8
22670006721000,7,2,5,308.7
22670006722000,5,3,2,329
22670006723000,85,46,39,3238.5
22670006724000,35,19,16,1211
22670006725000,13,8,5,690.3
22670006726000,71,39,32,2953.6
22670006727000,21,11,10,945
22670006728000,28,16,12,1285.2
22670006729000,17,9,8,465.8
22670006730000,186,86,100,6603
22670006731000,446,215,231,17706.2
22670006732000,17,9,8,620.5
22670006733000,1,1,0,0
22670006734000,10,3,7,503
22670006735000,18,10,8,730.8
22670006736000,67,33,34,3155.7
22670006737000,25,14,11,1155
22670006738000,56,27,29,1926.4
22670006739000,10,7,3,430
22670006740000,42,24,18,1726.2
22670006741000,18,8,10,644.4
22670006742000,11,6,5,540.1
22670006743000,93,50,43,3199.2
22670006744000,21,13,8,1266.3
22670006749000,54,27,27,1922.4
22670006750000,24,12,12,1180.8
22670006751000,8,4,4,352
22670006752000,1,1,0,0
22670006759000,32,17,15,1724.8
22670006760000,222,104,118,8724.6
22670006761000,349,182,167,15705
22670006762000,937,434,503,43570.5
22670006763000,1012,506,506,43414.8
22670006764000,150,76,74,5415
22670006765000,47,24,23,1715.5
22670006766000,7,4,3,329.7
22670006767000,5,2,3,215
22670006768000,3,2,1,0
22670006770000,33,15,18,1303.5
22670006774000,22,12,10,770
22670006778000,1,1,0,0
22670006781000,45,23,22,1791
22670006782000,96,44,52,3820.8
22670006783000,19,8,11,904.4
22670006787000,12,6,6,428.4
22670006837000,5,3,2,324
22670006893000,9,5,4,466.2
22670006894000,13,7,6,426.4
22670006895000,48,24,24,2020.8
22670006896000,22,12,10,897.6
22670006897000,3,1,2,0
22670006900000,4,1,3,0
22670006907000,1,1,0,0
22670006916000,19,8,11,649.8
22670006924000,1,0,1,0
22670006925000,1,0,1,0
22670006967000,2,1,1,0
22670006982000,6,4,2,192
22670006983000,9,5,4,351.9
22670006995000,3,2,1,0
22670006996000,9,7,2,441.9
22670007015000,3,2,1,0
22670007016000,39,22,17,1443
22670007017000,86,43,43,2915.4
22670007018000,7,3,4,280
22670007027000,28,18,10,1022
22670007028000,68,39,29,2019.6
22670007029000,52,27,25,1794
22670007030000,34,20,14,1241
22670007031000,141,88,53,5076
22670007032000,1175,570,605,42770
22670007033000,2471,1204,1267,96369
22670007034000,3700,1762,1938,140230
22670007035000,4322,2103,2219,157320.8
22670007036000,1927,942,985,67637.7
22670007037000,2669,1316,1353,95283.3
22670007038000,2735,1357,1378,99007
22670007039000,1177,617,560,40371.1
22670007040000,606,291,315,25270.2
22670007041000,654,307,347,23544
22670007042000,12,8,4,477.6
22670007043000,7,6,1,245
22670007044000,11,6,5,286
22670007056000,4,2,2,0
22670007067000,2,1,1,0
22670007072000,11,8,3,376.2
22670007073000,1,0,1,0
22670007095000,6,2,4,205.8
22670007096000,4,3,1,0
22670007101000,5,4,1,162
22670007103000,2,0,2,0
22670007105000,2,1,1,0
22670007106000,7,3,4,289.1
22670007117000,1,0,1,0
22670007120000,7,2,5,261.8
22670007121000,14,9,5,474.6
22670007122000,1,1,0,0
22670007123000,3,1,2,0
22670007124000,6,3,3,181.2
22670007125000,17,9,8,525.3
22670007126000,44,22,22,1808.4
22670007127000,5,2,3,196
22680006551000,46,23,23,2359.8
22680006552000,6,4,2,394.8
22680006553000,50,29,21,1975
22680006555000,6,2,4,223.2
22680006556000,11,5,6,460.9
22680006561000,2,1,1,0
22680006562000,106,54,52,4208.2
22680006563000,89,45,44,4387.7
22680006564000,84,48,36,2780.4
22680006565000,29,14,15,1148.4
22680006566000,262,130,132,10637.2
22680006567000,254,127,127,10439.4
22680006568000,568,298,270,23060.8
22680006569000,1272,604,668,52915.2
22680006570000,3146,1583,1563,132132
22680006571000,2802,1362,1440,117123.6
22680006572000,1520,776,744,60800
22680006573000,786,380,406,30418.2
22680006574000,155,79,76,6091.5
22680006575000,137,70,67,5795.1
22680006576000,32,17,15,1286.4
22680006578000,23,13,10,1046.5
22680006579000,3,2,1,0
22680006581000,13,7,6,634.4
22680006582000,1,0,1,0
22680006583000,39,20,19,1392.3
22680006584000,22,12,10,904.2
22680006585000,367,188,179,14459.8
22680006586000,39,22,17,1766.7
22680006587000,1,0,1,0
22680006588000,13,5,8,659.1
22680006595000,3,1,2,0
22680006596000,3,1,2,0
22680006598000,3,1,2,0
22680006599000,3,2,1,0
22680006600000,5,2,3,147
22680006601000,43,19,24,1844.7
22680006604000,9,6,3,441
22680006605000,1,1,0,0
22680006612000,4,2,2,0
22680006613000,17,8,9,700.4
22680006614000,1,1,0,0
22680006615000,32,13,19,1379.2
22680006616000,8,4,4,347.2
22680006617000,6,3,3,382.2
22680006618000,6,3,3,250.2
22680006619000,21,10,11,806.4
22680006620000,18,12,6,930.6
22680006621000,19,11,8,634.6
22680006622000,307,150,157,12218.6
22680006623000,651,339,312,21743.4
22680006624000,19,12,7,837.9
22680006625000,13,6,7,621.4
22680006626000,30,17,13,1020
22680006627000,19,12,7,832.2
22680006628000,21,7,14,770.7
22680006629000,26,13,13,858
22680006630000,20,7,13,654
22680006631000,3,1,2,0
22680006632000,147,76,71,5012.7
22680006634000,5,3,2,268
22680006635000,744,380,364,27825.6
22680006636000,4,3,1,0
22680006637000,31,17,14,1661.6
22680006638000,61,34,27,2732.8
22680006639000,27,16,11,1552.5
22680006640000,84,42,42,2696.4
22680006644000,20,11,9,704
22680006645000,775,353,422,30922.5
22680006646000,1526,729,797,63176.4
22680006647000,1048,518,530,33850.4
22680006648000,2134,1051,1083,74903.4
22680006649000,5344,2579,2765,203072
22680006650000,2088,1095,993,76629.6
22680006651000,13,11,2,565.5
22680006652000,4224,2105,2119,139814.4
22680006653000,2748,1348,1400,103874.4
22680006654000,13,8,5,465.4
22680006665000,4,2,2,0
22680006670000,86,41,45,3096
22680006671000,358,183,175,13281.8
22680006672000,42,19,23,1201.2
22680006673000,29,16,13,1154.2
22680006674000,2,2,0,0
22680006722000,1,1,0,0
22680006723000,9,5,4,235.8
22680006724000,15,5,10,748.5
22680006725000,30,18,12,1275
22680006726000,54,27,27,2440.8
22680006727000,95,38,57,5823.5
22680006728000,61,27,34,2379
22680006729000,29,16,13,1128.1
22680006730000,39,21,18,1478.1
22680006731000,24,10,14,1029.6
22680006732000,15,7,8,876
22680006733000,76,38,38,2728.4
22680006734000,5,2,3,129
22680006735000,56,32,24,1926.4
22680006736000,23,11,12,968.3
22680006737000,10,5,5,488
22680006738000,7,4,3,389.9
22680006739000,1,0,1,0
22680006740000,44,24,20,1738
22680006741000,298,143,155,12098.8
22680006742000,234,122,112,7768.8
22680006743000,2,1,1,0
22680006746000,9,4,5,330.3
22680006747000,13,7,6,672.1
22680006748000,21,8,13,919.8
22680006749000,14,7,7,631.4
22680006750000,38,19,19,1360.4
22680006751000,28,16,12,1114.4
22680006752000,1,1,0,0
22680006753000,16,7,9,488
22680006756000,3,2,1,0
22680006758000,43,18,25,1844.7
22680006759000,139,69,70,4656.5
22680006760000,57,26,31,2850
22680006761000,16,8,8,595.2
22680006763000,631,317,314,25113.8
22680006764000,31,15,16,1236.9
22680006765000,31,21,10,1308.2
22680006766000,11,6,5,455.4
22680006767000,3,2,1,0
22680006768000,2,2,0,0
22680006770000,12,6,6,378
22680006772000,11,5,6,397.1
22680006773000,7,4,3,254.1
22680006775000,28,13,15,1178.8
22680006776000,24,14,10,892.8
22680006777000,8,5,3,362.4
22680006781000,177,95,82,6248.1
22680006782000,117,63,54,3919.5
22680006783000,1,1,0,0
22680006785000,6,3,3,208.8
22680006786000,3,2,1,0
22680006787000,24,14,10,972
22680006848000,3,1,2,0
22680006859000,6,2,4,244.2
22680006892000,3,1,2,0
22680006894000,25,11,14,1165
22680006895000,100,55,45,3910
22680006896000,84,51,33,3368.4
22680006897000,4,3,1,0
22680006898000,21,10,11,911.4
22680006899000,5,3,2,330
22680006900000,24,11,13,1051.2
22680006916000,9,5,4,405.9
22680006917000,1,1,0,0
22680006923000,2,1,1,0
22680006973000,8,6,2,306.4
22680006974000,4,2,2,0
22680006975000,10,6,4,422
22680006976000,18,10,8,685.8
22680006977000,13,5,8,416
22680006978000,23,11,12,920
22680006992000,2,1,1,0
22680006995000,19,8,11,999.4
22680006996000,15,9,6,703.5
22680007029000,16,6,10,822.4
22680007030000,31,17,14,1435.3
22680007031000,268,141,127,8924.4
22680007032000,1195,591,604,44095.5
22680007033000,2280,1146,1134,88008
22680007034000,818,387,431,31247.6
22680007035000,1877,948,929,66821.2
22680007036000,1270,637,633,45466
22680007037000,2925,1463,1462,117877.5
22680007038000,2958,1427,1531,112404
22680007039000,3342,1614,1728,139027.2
22680007040000,2428,1147,1281,94206.4
22680007041000,3027,1551,1476,110485.5
22680007042000,775,387,388,33402.5
22680007043000,4,2,2,0
22680007056000,2,1,1,0
22680007067000,9,6,3,343.8
22680007073000,34,17,17,1339.6
22680007102000,1,1,0,0
22680007122000,1,1,0,0
22680007124000,79,37,42,4645.2
22680007125000,70,33,37,3570
22680007126000,6,4,2,103.8
22690006554000,2,1,1,0
22690006568000,554,250,304,21329
22690006569000,1520,680,840,71136
22690006570000,1835,888,947,76886.5
22690006571000,1273,600,673,55884.7
22690006572000,1502,669,833,67740.2
22690006573000,419,206,213,18561.7
22690006574000,19,9,10,853.1
22690006576000,20,12,8,848
22690006578000,6,2,4,171
22690006580000,36,17,19,1501.2
22690006581000,26,16,10,1112.8
22690006582000,28,13,15,1204
22690006583000,29,17,12,1160
22690006584000,24,14,10,1236
22690006585000,327,165,162,9744.6
22690006586000,39,23,16,1212.9
22690006587000,33,20,13,1234.2
22690006588000,7,2,5,140
22690006595000,7,4,3,408.1
22690006596000,4,3,1,0
22690006600000,3,1,2,0
22690006601000,41,21,20,1713.8
22690006602000,1,0,1,0
22690006611000,2,1,1,0
22690006612000,4,2,2,0
22690006613000,15,8,7,601.5
22690006614000,86,46,40,3543.2
22690006615000,17,11,6,493
22690006616000,7,4,3,268.8
22690006617000,11,6,5,295.9
22690006618000,25,15,10,920
22690006619000,16,8,8,532.8
22690006620000,14,9,5,541.8
22690006621000,18,10,8,653.4
22690006622000,28,15,13,1234.8
22690006623000,11,4,7,390.5
22690006624000,29,13,16,983.1
22690006625000,19,11,8,653.6
22690006626000,31,19,12,1109.8
22690006627000,8,4,4,388.8
22690006628000,9,4,5,449.1
22690006629000,5,3,2,264
22690006630000,18,9,9,813.6
22690006631000,4,3,1,0
22690006632000,4,3,1,0
22690006634000,56,30,26,2335.2
22690006635000,534,266,268,20612.4
22690006636000,56,28,28,1668.8
22690006637000,155,80,75,6556.5
22690006638000,85,49,36,3876
22690006639000,16,8,8,580.8
22690006640000,4,2,2,0
22690006644000,2,1,1,0
22690006649000,490,242,248,17199
22690006650000,6651,3306,3345,239436
22690006651000,1397,690,707,48056.8
22690006652000,1348,593,755,52302.4
22690006653000,5061,2381,2680,194848.5
22690006654000,5540,2674,2866,208858
22690006655000,586,306,280,23733
22690006658000,3,1,2,0
22690006663000,9,3,6,333
22690006664000,1281,639,642,49446.6
22690006665000,1559,768,791,56747.6
22690006668000,43,26,17,1539.4
22690006669000,18,10,8,392.4
22690006670000,654,318,336,25963.8
22690006671000,754,371,383,30009.2
22690006672000,336,170,166,10315.2
22690006677000,2,1,1,0
22690006708000,6,4,2,198
22690006709000,2,1,1,0
22690006710000,2,1,1,0
22690006725000,13,8,5,413.4
22690006726000,24,12,12,1262.4
22690006727000,57,29,28,2411.1
22690006728000,50,27,23,2635
22690006729000,44,23,21,1830.4
22690006730000,30,15,15,1263
22690006731000,29,18,11,1273.1
22690006732000,32,16,16,1654.4
22690006733000,174,89,85,6960
22690006734000,29,15,14,1278.9
22690006735000,57,26,31,2439.6
22690006736000,154,84,70,6329.4
22690006738000,38,17,21,1451.6
22690006739000,8,3,5,356
22690006740000,46,22,24,2033.2
22690006741000,113,54,59,4022.8
22690006742000,10,6,4,449
22690006746000,11,7,4,433.4
22690006747000,57,27,30,2479.5
22690006748000,27,14,13,1031.4
22690006749000,17,12,5,749.7
22690006750000,4,3,1,0
22690006751000,16,9,7,579.2
22690006752000,10,5,5,340
22690006753000,5,3,2,98
22690006755000,4,2,2,0
22690006756000,17,10,7,715.7
22690006757000,38,17,21,1812.6
22690006758000,5,1,4,271
22690006759000,43,19,24,1758.7
22690006760000,80,45,35,3080
22690006761000,19,12,7,659.3
22690006762000,8,4,4,288
22690006763000,12,6,6,487.2
22690006764000,77,35,42,3056.9
22690006765000,98,47,51,3292.8
22690006766000,37,20,17,1461.5
22690006767000,24,13,11,720
22690006768000,21,15,6,676.2
22690006769000,6,3,3,190.8
22690006770000,9,4,5,309.6
22690006772000,11,5,6,398.2
22690006774000,4,2,2,0
22690006775000,43,19,24,1986.6
22690006776000,3,2,1,0
22690006777000,6,3,3,241.8
22690006780000,2,1,1,0
22690006781000,18,8,10,696.6
22690006788000,4,2,2,0
22690006849000,2,1,1,0
22690006859000,4,2,2,0
22690006892000,2,1,1,0
22690006894000,19,9,10,1115.3
22690006895000,17,11,6,795.6
22690006896000,116,56,60,4187.6
22690006897000,36,18,18,1404
22690006898000,7,1,6,126
22690006916000,1,1,0,0
22690006923000,6,2,4,165
22690006973000,2,1,1,0
22690006974000,2,1,1,0
22690006977000,6,3,3,250.2
22690006978000,6,3,3,247.2
22690006979000,6,4,2,324
22690006980000,12,6,6,523.2
22690006983000,23,12,11,834.9
22690006984000,6,4,2,205.2
22690006985000,4,1,3,0
22690006986000,2,2,0,0
22690006994000,35,23,12,1701
22690006995000,38,17,21,1561.8
22690006996000,1,1,0,0
22690007017000,14,8,6,518
22690007029000,10,6,4,507
22690007030000,2,1,1,0
22690007031000,4,2,2,0
22690007032000,724,369,355,21285.6
22690007033000,2396,1166,1230,78349.2
22690007034000,3287,1643,1644,123919.9
22690007035000,1202,592,610,46878
22690007036000,1817,926,891,61232.9
22690007037000,1062,549,513,36426.6
22690007038000,1964,974,990,70311.2
22690007039000,1247,662,585,44143.8
22690007040000,1454,757,697,48854.4
22690007041000,3485,1811,1674,140794
22690007042000,139,78,61,4545.3
22690007057000,14,5,9,589.4
22690007073000,7,4,3,172.9
22690007097000,3,2,1,0
22690007104000,24,10,14,638.4
22690007116000,1,1,0,0
22690007118000,16,7,9,622.4
22690007119000,1,1,0,0
22690007125000,8,3,5,402.4
22690007127000,3,2,1,0
22690007130000,1,1,0,0
22700006550000,10,7,3,632
22700006551000,23,13,10,986.7
22700006552000,17,9,8,623.9
22700006553000,7,4,3,459.2
22700006555000,15,9,6,445.5
22700006556000,1,0,1,0
22700006568000,158,75,83,6051.4
22700006569000,76,43,33,2698
22700006570000,1178,552,626,52185.4
22700006571000,871,409,462,35449.7
22700006572000,1927,1004,923,68601.2
22700006573000,1820,857,963,70434
22700006574000,106,53,53,4017.4
22700006578000,5,3,2,212
22700006579000,22,10,12,688.6
22700006580000,174,93,81,5376.6
22700006581000,60,27,33,2286
22700006582000,57,34,23,2433.9
22700006583000,31,20,11,1395
22700006584000,60,35,25,2544
22700006585000,2,1,1,0
22700006587000,4,2,2,0
22700006588000,27,14,13,1039.5
22700006589000,12,7,5,429.6
22700006595000,2,2,0,0
22700006596000,8,3,5,235.2
22700006600000,40,25,15,1436
22700006601000,7,5,2,347.2
22700006602000,4,2,2,0
22700006603000,2,1,1,0
22700006604000,10,6,4,558
22700006605000,7,3,4,230.3
22700006608000,13,8,5,494
22700006613000,19,11,8,678.3
22700006614000,19,9,10,866.4
22700006615000,34,18,16,1567.4
22700006616000,1,1,0,0
22700006617000,13,7,6,591.5
22700006618000,26,15,11,1224.6
22700006619000,14,8,6,462
22700006620000,9,4,5,462.6
22700006621000,29,14,15,1000.5
22700006622000,32,17,15,1075.2
22700006623000,3,2,1,0
22700006624000,18,10,8,730.8
22700006625000,13,7,6,495.3
22700006626000,24,11,13,787.2
22700006627000,17,10,7,591.6
22700006628000,24,14,10,825.6
22700006629000,8,5,3,346.4
22700006630000,15,8,7,457.5
22700006631000,108,59,49,3531.6
22700006632000,106,54,52,3847.8
22700006633000,157,90,67,5871.8
22700006634000,163,79,84,5933.2
22700006637000,28,15,13,932.4
22700006638000,99,59,40,3861
22700006639000,8,6,2,251.2
22700006650000,1222,615,607,40692.6
22700006651000,2325,1148,1177,87420
22700006652000,4644,2340,2304,164397.6
22700006653000,2427,1253,1174,82275.3
22700006654000,5540,2779,2761,206642
22700006655000,514,252,262,18041.4
22700006660000,4,2,2,0
22700006661000,82,43,39,3239
22700006662000,41,21,20,1865.5
22700006663000,711,326,385,34199.1
22700006664000,1173,562,611,43987.5
22700006665000,363,180,183,13503.6
22700006666000,24,12,12,672
22700006667000,89,37,52,3373.1
22700006668000,1210,608,602,42834
22700006669000,105,54,51,3780
22700006670000,102,57,45,3865.8
22700006671000,465,238,227,15856.5
22700006708000,13,6,7,743.6
22700006728000,11,3,8,448.8
22700006729000,81,38,43,3491.1
22700006730000,113,58,55,4678.2
22700006731000,60,30,30,2442
22700006732000,83,38,45,3137.4
22700006733000,48,18,30,1910.4
22700006734000,44,26,18,1962.4
22700006735000,109,66,43,4817.8
22700006736000,26,12,14,1128.4
22700006737000,16,8,8,769.6
22700006738000,14,6,8,649.6
22700006739000,26,14,12,1058.2
22700006740000,13,7,6,538.2
22700006741000,43,21,22,1978
22700006745000,3,3,0,0
22700006746000,18,8,10,918
22700006747000,18,10,8,693
22700006748000,32,17,15,1008
22700006749000,1,0,1,0
22700006750000,14,6,8,655.2
22700006751000,28,14,14,1145.2
22700006752000,152,79,73,6444.8
22700006753000,38,20,18,1527.6
22700006754000,17,10,7,683.4
22700006755000,274,141,133,9973.6
22700006756000,64,31,33,2342.4
22700006757000,23,12,11,738.3
22700006758000,59,30,29,2820.2
22700006759000,24,13,11,1022.4
22700006760000,19,9,10,870.2
22700006761000,26,12,14,1094.6
22700006763000,12,7,5,327.6
22700006764000,106,52,54,4621.6
22700006765000,55,26,29,2370.5
22700006766000,61,33,28,2494.9
22700006767000,32,19,13,1097.6
22700006768000,11,7,4,390.5
22700006769000,14,6,8,523.6
22700006770000,15,7,8,562.5
22700006771000,20,9,11,664
22700006772000,47,25,22,1851.8
22700006773000,189,88,101,6860.7
22700006774000,24,13,11,876
22700006775000,28,13,15,806.4
22700006776000,2,1,1,0
22700006780000,13,6,7,523.9
22700006798000,29,15,14,1078.8
22700006858000,4,1,3,0
22700006892000,2,0,2,0
22700006893000,13,8,5,507
22700006894000,106,51,55,3551
22700006895000,17,7,10,1030.2
22700006896000,88,44,44,2983.2
22700006897000,3,1,2,0
22700006904000,1,1,0,0
22700006905000,1,0,1,0
22700006916000,8,4,4,363.2
22700006974000,7,2,5,242.9
22700006978000,5,3,2,339
22700006979000,31,16,15,1255.5
22700006980000,69,31,38,2339.1
22700006981000,22,11,11,796.4
22700006982000,12,5,7,486
22700006983000,7,3,4,277.9
22700006984000,14,6,8,484.4
22700006985000,6,3,3,279
22700006986000,20,7,13,604
22700006987000,9,4,5,426.6
22700006988000,9,4,5,397.8
22700006990000,10,5,5,421
22700006992000,19,9,10,659.3
22700006993000,11,6,5,558.8
22700006994000,33,21,12,1362.9
22700007019000,57,31,26,1903.8
22700007020000,27,13,14,1169.1
22700007021000,18,11,7,534.6
22700007023000,5,2,3,242
22700007024000,19,9,10,744.8
22700007025000,28,12,16,949.2
22700007026000,4,2,2,0
22700007027000,10,7,3,440
22700007028000,57,30,27,1915.2
22700007029000,35,18,17,1501.5
22700007031000,55,29,26,1996.5
22700007032000,32,18,14,1110.4
22700007033000,91,45,46,2720.9
22700007034000,725,359,366,26317.5
22700007035000,740,384,356,26936
22700007036000,1104,572,532,43718.4
22700007037000,1420,748,672,53392
22700007038000,1477,700,777,59818.5
22700007039000,2302,1132,1170,92080
22700007040000,2895,1523,1372,102483
22700007041000,3589,1825,1764,143560
22700007042000,1248,725,523,42057.6
22700007057000,13,6,7,663
22700007058000,16,4,12,614.4
22700007074000,14,10,4,483
22700007075000,20,11,9,700
22700007076000,5,3,2,145
22700007103000,17,9,8,768.4
22700007104000,4,2,2,0
22700007105000,17,8,9,931.6
22700007119000,4,2,2,0
22700007125000,2,1,1,0
22700007126000,4,3,1,0
22700007127000,2,2,0,0
22710006549000,24,10,14,972
22710006550000,20,10,10,876
22710006551000,5,2,3,290
22710006552000,21,10,11,898.8
22710006553000,20,13,7,690
22710006554000,16,8,8,649.6
22710006555000,8,3,5,454.4
22710006556000,6,3,3,406.8
22710006568000,34,16,18,1479
22710006569000,80,42,38,3336
22710006570000,1081,545,536,43672.4
22710006571000,426,213,213,18190.2
22710006572000,2247,1090,1157,86958.9
22710006573000,304,166,138,11552
22710006574000,1275,618,657,49087.5
22710006575000,1095,487,608,49056
22710006576000,608,309,299,23408
22710006577000,2,1,1,0
22710006578000,6,4,2,264
22710006579000,95,46,49,3600.5
22710006580000,17,8,9,527
22710006581000,22,9,13,1025.2
22710006582000,95,51,44,3524.5
22710006583000,67,35,32,2680
22710006584000,26,14,12,1170
22710006587000,3,2,1,0
22710006589000,2,2,0,0
22710006593000,9,6,3,353.7
22710006594000,5,3,2,258
22710006595000,6,4,2,363
22710006596000,4,3,1,0
22710006597000,16,10,6,646.4
22710006598000,11,6,5,462
22710006599000,14,6,8,564.2
22710006600000,4,2,2,0
22710006601000,2,1,1,0
22710006602000,4,1,3,0
22710006604000,4,2,2,0
22710006605000,1,1,0,0
22710006614000,2,1,1,0
22710006615000,40,20,20,1364
22710006616000,85,44,41,3213
22710006617000,27,13,14,918
22710006618000,19,10,9,729.6
22710006619000,12,7,5,657.6
22710006620000,272,147,125,9030.4
22710006621000,170,83,87,5848
22710006622000,6,4,2,253.8
22710006623000,20,10,10,596
22710006624000,15,14,1,556.5
22710006628000,5,3,2,253
22710006629000,48,26,22,1963.2
22710006630000,53,29,24,2263.1
22710006631000,26,16,10,964.6
22710006632000,77,45,32,2795.1
22710006633000,89,45,44,3230.7
22710006634000,74,43,31,2930.4
22710006636000,22,16,6,1027.4
22710006639000,2,1,1,0
22710006646000,6,2,4,168
22710006648000,19,10,9,596.6
22710006649000,2,1,1,0
22710006650000,929,466,463,30749.9
22710006651000,3824,1918,1906,146459.2
22710006652000,5305,2646,2659,187266.5
22710006653000,2884,1461,1423,99498
22710006654000,1598,828,770,62641.6
22710006655000,1970,949,1021,67177
22710006657000,1383,663,720,48405
22710006658000,440,198,242,15928
22710006660000,450,232,218,13950
22710006661000,451,237,214,15649.7
22710006662000,64,30,34,2528
22710006663000,25,17,8,920
22710006664000,35,18,17,1536.5
22710006665000,40,21,19,1364
22710006666000,71,40,31,2563.1
22710006667000,32,16,16,1280
22710006668000,58,33,25,2163.4
22710006669000,81,40,41,3150.9
22710006670000,87,49,38,3149.4
22710006671000,4,2,2,0
22710006707000,8,5,3,424
22710006708000,25,15,10,920
22710006709000,6,3,3,333
22710006728000,20,11,9,924
22710006729000,79,39,40,3799.9
22710006730000,44,25,19,2068
22710006731000,68,36,32,3162
22710006732000,76,34,42,2910.8
22710006733000,426,181,245,21342.6
22710006734000,218,97,121,11619.4
22710006735000,158,75,83,7331.2
22710006736000,66,28,38,2310
22710006737000,62,36,26,2690.8
22710006738000,48,31,17,1286.4
22710006739000,79,45,34,3855.2
22710006740000,62,29,33,2337.4
22710006741000,18,8,10,678.6
22710006744000,12,7,5,387.6
22710006745000,32,17,15,1356.8
22710006746000,14,6,8,799.4
22710006747000,8,5,3,344.8
22710006748000,11,6,5,303.6
22710006749000,57,28,29,2177.4
22710006750000,14,8,6,488.6
22710006751000,8,3,5,367.2
22710006752000,59,32,27,2230.2
22710006753000,11,6,5,452.1
22710006755000,30,16,14,834
22710006756000,5,1,4,359
22710006757000,13,6,7,386.1
22710006758000,41,19,22,1394
22710006761000,29,14,15,951.2
22710006762000,3,1,2,0
22710006764000,70,37,33,3080
22710006765000,10,5,5,318
22710006766000,78,49,29,2597.4
22710006767000,86,45,41,3500.2
22710006768000,4,3,1,0
22710006770000,10,6,4,364
22710006771000,16,6,10,646.4
22710006772000,27,14,13,1061.1
22710006773000,6,3,3,316.2
22710006775000,8,4,4,388
22710006780000,4,3,1,0
22710006858000,6,2,4,181.2
22710006890000,4,2,2,0
22710006891000,31,19,12,1150.1
22710006892000,39,21,18,1692.6
22710006893000,8,3,5,288.8
22710006894000,103,55,48,3450.5
22710006895000,26,16,10,1242.8
22710006896000,43,19,24,2102.7
22710006897000,6,4,2,288
22710006898000,17,10,7,778.6
22710006900000,15,9,6,367.5
22710006901000,18,9,9,529.2
22710006902000,5,2,3,185
22710006904000,9,4,5,262.8
22710006905000,10,6,4,275
22710006906000,2,1,1,0
22710006915000,4,2,2,0
22710006916000,5,3,2,205
22710006923000,7,4,3,245.7
22710006977000,2,2,0,0
22710006978000,8,3,5,391.2
22710006980000,14,9,5,484.4
22710006985000,1,1,0,0
22710006987000,13,4,9,538.2
22710006988000,11,8,3,435.6
22710006989000,18,9,9,1020.6
22710006990000,4,2,2,0
22710006992000,38,21,17,1542.8
22710007019000,22,10,12,631.4
22710007021000,11,8,3,397.1
22710007022000,77,40,37,2710.4
22710007023000,27,15,12,799.2
22710007024000,47,27,20,2270.1
22710007025000,56,26,30,2301.6
22710007026000,39,22,17,1493.7
22710007027000,245,114,131,7570.5
22710007028000,933,474,459,27057
22710007029000,38,21,17,1269.2
22710007030000,31,18,13,1060.2
22710007031000,28,15,13,1055.6
22710007032000,42,20,22,2213.4
22710007033000,35,19,16,1246
22710007034000,37,22,15,1639.1
22710007035000,112,62,50,4032
22710007036000,848,425,423,29849.6
22710007037000,4027,1956,2071,153428.7
22710007038000,3565,1714,1851,139748
22710007039000,3276,1729,1547,103521.6
22710007040000,3255,1658,1597,122062.5
22710007041000,5242,2691,2551,185042.6
22710007042000,5165,2732,2433,181291.5
22710007043000,113,52,61,4768.6
22710007057000,86,46,40,3336.8
22710007058000,24,12,12,957.6
22710007074000,10,4,6,453
22710007075000,7,3,4,247.8
22710007076000,3,1,2,0
22710007102000,1,1,0,0
22710007105000,4,1,3,0
22710007130000,1,1,0,0
22710007131000,15,7,8,738
22710007132000,1,1,0,0
22720006549000,479,233,246,22513
22720006550000,296,149,147,12520.8
22720006551000,41,22,19,1832.7
22720006552000,27,11,16,1223.1
22720006553000,30,10,20,1341
22720006554000,23,12,11,1044.2
22720006555000,5,3,2,316
22720006556000,16,11,5,718.4
22720006564000,4,1,3,0
22720006565000,2,1,1,0
22720006566000,25,13,12,1017.5
22720006567000,15,8,7,705
22720006568000,17,9,8,744.6
22720006569000,8,3,5,416.8
22720006570000,1146,565,581,44235.6
22720006571000,603,314,289,21708
22720006572000,1310,629,681,47291
22720006573000,870,433,437,37149
22720006574000,555,292,263,19869
22720006575000,423,192,231,18231.3
22720006576000,1074,536,538,39738
22720006577000,114,63,51,4890.6
22720006578000,46,23,23,1886
22720006579000,197,108,89,7623.9
22720006580000,1,0,1,0
22720006581000,57,30,27,2371.2
22720006582000,14,6,8,491.4
22720006583000,17,7,10,523.6
22720006584000,6,4,2,247.8
22720006585000,6,5,1,79.2
22720006587000,18,9,9,549
22720006593000,9,6,3,252.9
22720006594000,5,4,1,140
22720006595000,28,13,15,1103.2
22720006598000,2,1,1,0
22720006599000,2,1,1,0
22720006603000,7,4,3,328.3
22720006604000,1,0,1,0
22720006615000,12,5,7,536.4
22720006616000,25,10,15,1167.5
22720006617000,50,27,23,2130
22720006618000,17,9,8,958.8
22720006619000,4,2,2,0
22720006620000,14,6,8,359.8
22720006621000,2,1,1,0
22720006628000,1,1,0,0
22720006629000,49,23,26,1842.4
22720006630000,3,1,2,0
22720006631000,4,1,3,0
22720006632000,17,9,8,712.3
22720006633000,40,20,20,1580
22720006634000,28,17,11,1178.8
22720006635000,43,22,21,1814.6
22720006648000,1426,718,708,49054.4
22720006649000,1845,961,884,69372
22720006650000,1092,570,522,38110.8
22720006651000,3472,1687,1785,123950.4
22720006652000,3775,1906,1869,147225
22720006653000,4206,2084,2122,153939.6
22720006654000,8217,4134,4083,299098.8
22720006655000,3571,1738,1833,138911.9
22720006656000,514,272,242,17321.8
22720006657000,446,219,227,18286
22720006658000,2101,1043,1058,78787.5
22720006659000,852,395,457,28371.6
22720006660000,155,76,79,4774
22720006661000,14,7,7,694.4
22720006662000,22,11,11,587.4
22720006663000,7,4,3,482.3
22720006665000,101,51,50,3949.1
22720006666000,4,2,2,0
22720006667000,3,1,2,0
22720006707000,19,13,6,505.4
22720006708000,5,3,2,245
22720006728000,9,5,4,488.7
22720006729000,255,129,126,10098
22720006730000,221,101,120,8928.4
22720006731000,35,22,13,1263.5
22720006732000,21,11,10,842.1
22720006733000,26,14,12,915.2
22720006734000,233,104,129,9366.6
22720006735000,45,21,24,1881
22720006736000,59,29,30,2419
22720006737000,28,13,15,1024.8
22720006738000,356,170,186,12887.2
22720006739000,122,62,60,5319.2
22720006740000,23,12,11,788.9
22720006741000,6,3,3,241.2
22720006744000,9,4,5,353.7
22720006745000,34,17,17,1118.6
22720006746000,37,22,15,1272.8
22720006747000,11,3,8,489.5
22720006748000,61,29,32,2427.8
22720006749000,24,11,13,693.6
22720006751000,10,4,6,518
22720006752000,32,16,16,1212.8
22720006753000,28,11,17,1366.4
22720006754000,6,3,3,309
22720006755000,38,17,21,1299.6
22720006756000,26,16,10,946.4
22720006757000,8,4,4,235.2
22720006758000,62,31,31,2356
22720006759000,19,11,8,837.9
22720006760000,12,6,6,584.4
22720006761000,17,10,7,890.8
22720006763000,6,3,3,328.2
22720006764000,28,15,13,1184.4
22720006765000,2,1,1,0
22720006766000,5,3,2,290
22720006767000,6,3,3,327
22720006768000,32,21,11,1427.2
22720006769000,33,19,14,1329.9
22720006770000,35,19,16,1571.5
22720006771000,38,18,20,1573.2
22720006773000,17,10,7,724.2
22720006774000,5,3,2,142
22720006776000,3,2,1,0
22720006779000,3,2,1,0
22720006856000,6,3,3,199.2
22720006890000,53,29,24,1955.7
22720006892000,5,2,3,214
22720006893000,200,94,106,8460
22720006894000,370,161,209,16428
22720006895000,39,14,25,1794
22720006896000,24,14,10,1147.2
22720006897000,4,1,3,0
22720006898000,15,8,7,436.5
22720006899000,3,1,2,0
22720006900000,8,4,4,434.4
22720006901000,13,6,7,565.5
22720006902000,4,2,2,0
22720006903000,37,20,17,1424.5
22720006904000,59,29,30,2495.7
22720006906000,5,1,4,123
22720006915000,10,7,3,437
22720006916000,12,5,7,433.2
22720006922000,17,7,10,797.3
22720006923000,2,1,1,0
22720006973000,4,3,1,0
22720006974000,15,6,9,543
22720006975000,9,6,3,331.2
22720006976000,36,20,16,1321.2
22720006977000,10,5,5,375
22720006989000,5,2,3,155
22720006990000,15,7,8,564
22720006992000,5,2,3,220
22720007021000,2,1,1,0
22720007022000,21,9,12,762.3
22720007024000,28,14,14,1072.4
22720007025000,12,5,7,465.6
22720007026000,659,340,319,20231.3
22720007027000,692,352,340,24081.6
22720007028000,28,14,14,1282.4
22720007029000,35,21,14,1417.5
22720007030000,16,8,8,593.6
22720007031000,32,17,15,979.2
22720007032000,93,47,46,3413.1
22720007033000,32,18,14,1296
22720007034000,23,13,10,959.1
22720007035000,35,21,14,1316
22720007036000,17,7,10,615.4
22720007037000,797,394,403,29807.8
22720007038000,2902,1388,1514,115209.4
22720007039000,3386,1793,1593,126297.8
22720007040000,2882,1331,1551,126231.6
22720007041000,3754,1772,1982,147907.6
22720007042000,3947,2044,1903,142092
22720007043000,2167,1066,1101,83862.9
22720007044000,527,261,266,19604.4
22720007057000,1,1,0,0
22720007058000,26,15,11,988
22720007059000,14,6,8,509.6
22720007097000,4,2,2,0
22720007103000,2,1,1,0
22720007127000,16,8,8,929.6
22720007128000,28,14,14,1400
22720007131000,2,0,2,0
22720007132000,1,1,0,0
22720007137000,6,4,2,397.8
22720007138000,14,10,4,792.4
22730006545000,3,1,2,0
22730006546000,20,11,9,930
22730006547000,4,2,2,0
22730006549000,18,8,10,853.2
22730006550000,27,17,10,1344.6
22730006551000,7,3,4,441
22730006552000,3,1,2,0
22730006553000,8,4,4,356
22730006554000,19,9,10,932.9
22730006562000,6,3,3,202.8
22730006563000,26,16,10,746.2
22730006564000,11,6,5,402.6
22730006565000,118,65,53,4625.6
22730006566000,46,19,27,1752.6
22730006567000,237,112,125,10973.1
22730006568000,213,111,102,8754.3
22730006569000,9,4,5,555.3
22730006570000,4,1,3,0
22730006571000,15,9,6,606
22730006572000,161,74,87,5152
22730006573000,780,390,390,28314
22730006574000,630,309,321,22113
22730006575000,202,102,100,7514.4
22730006576000,709,371,338,26729.3
22730006577000,664,339,325,26161.6
22730006578000,93,48,45,3766.5
22730006579000,15,8,7,883.5
22730006580000,12,4,8,427.2
22730006581000,67,40,27,2807.3
22730006582000,29,17,12,1276
22730006583000,255,123,132,8721
22730006586000,8,3,5,246.4
22730006587000,12,6,6,272.4
22730006592000,5,4,1,284
22730006593000,128,66,62,4838.4
22730006594000,253,116,137,9335.7
22730006595000,40,18,22,1392
22730006596000,4,2,2,0
22730006597000,6,3,3,240
22730006598000,36,16,20,1771.2
22730006599000,9,4,5,435.6
22730006600000,8,2,6,250.4
22730006602000,8,1,7,182.4
22730006604000,2,1,1,0
22730006605000,11,6,5,371.8
22730006608000,2,1,1,0
22730006609000,7,4,3,163.1
22730006613000,3,2,1,0
22730006614000,4,2,2,0
22730006615000,23,12,11,747.5
22730006616000,17,9,8,800.7
22730006617000,22,12,10,913
22730006618000,50,26,24,1875
22730006619000,14,9,5,575.4
22730006620000,15,7,8,586.5
22730006621000,13,9,4,533
22730006622000,13,6,7,513.5
22730006628000,5,3,2,171
22730006629000,4,2,2,0
22730006630000,4,2,2,0
22730006631000,14,8,6,632.8
22730006632000,8,4,4,200
22730006634000,138,71,67,5740.8
22730006635000,2,2,0,0
22730006638000,1,0,1,0
22730006646000,7,4,3,308
22730006647000,21,10,11,745.5
22730006648000,1778,955,823,61341
22730006649000,2771,1349,1422,106406.4
22730006650000,2674,1289,1385,117121.2
22730006651000,1440,759,681,50832
22730006652000,1973,1019,954,71422.6
22730006653000,1434,710,724,59367.6
22730006654000,135,60,75,5778
22730006655000,892,442,450,32558
22730006656000,1264,650,614,45377.6
22730006657000,112,57,55,4860.8
22730006658000,614,310,304,21797
22730006659000,557,289,268,18213.9
22730006660000,28,15,13,1176
22730006661000,3,1,2,0
22730006688000,2,1,1,0
22730006707000,15,8,7,712.5
22730006708000,19,11,8,746.7
22730006717000,1,1,0,0
22730006728000,13,7,6,478.4
22730006729000,55,31,24,2436.5
22730006730000,77,44,33,3018.4
22730006731000,12,8,4,435.6
22730006732000,41,17,24,1496.5
22730006733000,39,17,22,1396.2
22730006734000,172,86,86,7138
22730006735000,28,16,12,943.6
22730006736000,48,23,25,2294.4
22730006737000,249,132,117,9013.8
22730006738000,372,166,206,16888.8
22730006739000,7,4,3,216.3
22730006740000,5,2,3,193
22730006744000,28,15,13,1346.8
22730006745000,47,26,21,1414.7
22730006746000,49,25,24,1969.8
22730006747000,73,33,40,2905.4
22730006748000,158,73,85,7268
22730006749000,73,37,36,2555
22730006751000,3,1,2,0
22730006752000,46,27,19,2056.2
22730006753000,25,16,9,1295
22730006754000,42,20,22,1713.6
22730006755000,24,15,9,864
22730006756000,10,6,4,424
22730006757000,38,20,18,1444
22730006758000,68,36,32,2482
22730006759000,9,6,3,317.7
22730006760000,69,32,37,2628.9
22730006761000,19,10,9,784.7
22730006763000,9,5,4,430.2
22730006764000,9,5,4,293.4
22730006765000,8,4,4,262.4
22730006767000,4,1,3,0
22730006768000,1,1,0,0
22730006769000,9,5,4,325.8
22730006770000,28,16,12,1167.6
22730006771000,3,2,1,0
22730006779000,6,3,3,253.2
22730006891000,10,6,4,375
22730006892000,62,27,35,2554.4
22730006893000,20,12,8,1006
22730006896000,3,1,2,0
22730006903000,17,8,9,805.8
22730006904000,9,6,3,527.4
22730006905000,7,3,4,277.2
22730006906000,14,6,8,642.6
22730006907000,15,8,7,526.5
22730006908000,14,7,7,603.4
22730006911000,13,7,6,534.3
22730006914000,12,6,6,480
22730006915000,12,7,5,477.6
22730006922000,5,4,1,81
22730006923000,5,2,3,167
22730006973000,26,15,11,1219.4
22730006974000,9,5,4,341.1
22730006976000,3,2,1,0
22730006989000,2,2,0,0
22730006990000,6,2,4,169.2
22730006993000,4,3,1,0
22730006994000,3,1,2,0
22730006995000,4,2,2,0
22730007021000,31,17,14,942.4
22730007025000,55,31,24,2090
22730007026000,648,311,337,25531.2
22730007027000,1097,536,561,36968.9
22730007028000,57,35,22,1926.6
22730007029000,70,33,37,2961
22730007030000,35,19,16,1207.5
22730007031000,46,22,24,1633
22730007032000,101,43,58,3504.7
22730007033000,19,12,7,727.7
22730007037000,110,59,51,4257
22730007038000,680,353,327,25840
22730007039000,3108,1527,1581,122144.4
22730007040000,738,357,381,28929.6
22730007041000,2764,1362,1402,104202.8
22730007042000,868,426,442,34286
22730007043000,1834,911,923,71526
22730007044000,438,210,228,19140.6
22730007059000,25,14,11,910
22730007076000,9,5,4,426.6
22730007097000,13,8,5,604.5
22730007103000,12,5,7,358.8
22730007124000,5,2,3,189
22730007132000,104,49,55,4732
22730007133000,7,3,4,487.9
22730007138000,3,2,1,0
22740006547000,16,10,6,622.4
22740006548000,59,30,29,3020.8
22740006549000,1,1,0,0
22740006552000,13,4,9,676
22740006553000,18,10,8,633.6
22740006554000,18,11,7,667.8
22740006555000,5,4,1,207
22740006556000,1,1,0,0
22740006562000,6,2,4,364.8
22740006563000,21,11,10,877.8
22740006564000,22,10,12,893.2
22740006565000,24,13,11,916.8
22740006566000,17,9,8,440.3
22740006567000,287,138,149,9901.5
22740006568000,10,4,6,429
22740006569000,31,18,13,1320.6
22740006570000,412,209,203,15285.2
22740006571000,75,38,37,2917.5
22740006572000,18,9,9,721.8
22740006573000,10,1,9,413
22740006574000,18,8,10,678.6
22740006575000,92,48,44,2649.6
22740006576000,1552,757,795,56337.6
22740006577000,1647,859,788,59786.1
22740006578000,341,169,172,12889.8
22740006579000,163,84,79,7106.8
22740006580000,56,32,24,2587.2
22740006582000,4,2,2,0
22740006583000,23,10,13,529
22740006585000,6,4,2,202.8
22740006587000,15,8,7,655.5
22740006593000,30,15,15,1278
22740006594000,25,12,13,1100
22740006596000,28,14,14,1486.8
22740006597000,15,9,6,535.5
22740006598000,9,5,4,314.1
22740006600000,1,1,0,0
22740006601000,17,8,9,673.2
22740006602000,15,8,7,690
22740006603000,7,4,3,179.2
22740006604000,3,2,1,0
22740006605000,6,3,3,229.8
22740006606000,2,1,1,0
22740006607000,7,4,3,359.8
22740006608000,2,1,1,0
22740006613000,12,7,5,481.2
22740006614000,3,2,1,0
22740006615000,14,6,8,551.6
22740006616000,6,4,2,175.2
22740006617000,14,10,4,530.6
22740006618000,39,20,19,1244.1
22740006619000,75,43,32,2827.5
22740006620000,1215,609,606,44955
22740006621000,55,30,25,2172.5
22740006622000,8,6,2,260
22740006628000,26,12,14,863.2
22740006629000,82,47,35,2722.4
22740006630000,37,21,16,1258
22740006632000,64,42,22,2284.8
22740006633000,9,6,3,345.6
22740006634000,13,5,8,552.5
22740006645000,1,1,0,0
22740006646000,35,18,17,1533
22740006647000,25,12,13,897.5
22740006648000,3017,1449,1568,114042.6
22740006649000,3229,1567,1662,123670.7
22740006650000,1380,638,742,61962
22740006651000,2710,1412,1298,98644
22740006652000,111,63,48,3862.8
22740006655000,101,60,41,3949.1
22740006656000,21,12,9,825.3
22740006657000,24,15,9,801.6
22740006658000,20,10,10,788
22740006659000,85,39,46,3502
22740006660000,2,2,0,0
22740006681000,14,7,7,480.2
22740006682000,11,7,4,326.7
22740006700000,2,1,1,0
22740006709000,1,1,0,0
22740006717000,4,1,3,0
22740006726000,8,3,5,352
22740006727000,57,32,25,2274.3
22740006728000,58,26,32,2227.2
22740006729000,56,31,25,2447.2
22740006730000,2,1,1,0
22740006731000,9,7,2,466.2
22740006732000,34,18,16,1400.8
22740006733000,47,22,25,2138.5
22740006734000,132,65,67,5544
22740006735000,38,21,17,1694.8
22740006736000,56,28,28,2368.8
22740006737000,376,195,181,15528.8
22740006738000,234,96,138,11817
22740006744000,4,3,1,0
22740006745000,80,43,37,3080
22740006746000,19,11,8,539.6
22740006747000,77,36,41,3157
22740006748000,16,11,5,820.8
22740006749000,5,3,2,224
22740006750000,2,1,1,0
22740006752000,2,1,1,0
22740006753000,32,18,14,1353.6
22740006755000,22,12,10,891
22740006756000,30,16,14,906
22740006757000,84,45,39,3763.2
22740006758000,85,47,38,3043
22740006759000,17,8,9,615.4
22740006760000,14,8,6,502.6
22740006761000,25,16,9,1180
22740006762000,16,8,8,745.6
22740006763000,5,2,3,249
22740006764000,5,3,2,127
22740006767000,15,7,8,439.5
22740006768000,11,6,5,476.3
22740006769000,2,1,1,0
22740006770000,18,10,8,529.2
22740006778000,7,5,2,312.9
22740006779000,2,1,1,0
22740006854000,4,2,2,0
22740006890000,14,6,8,550.2
22740006891000,44,24,20,1914
22740006892000,8,4,4,252
22740006897000,1,1,0,0
22740006904000,6,2,4,220.2
22740006905000,13,5,8,512.2
22740006906000,49,27,22,1984.5
22740006907000,3,2,1,0
22740006909000,6,4,2,189
22740006910000,74,34,40,2538.2
22740006911000,101,55,46,3504.7
22740006912000,19,11,8,864.5
22740006913000,13,5,8,504.4
22740006914000,2,1,1,0
22740006922000,12,6,6,568.8
22740006923000,9,5,4,369.9
22740006973000,11,6,5,367.4
22740006989000,2,1,1,0
22740006990000,20,11,9,954
22740006991000,3,2,1,0
22740006992000,13,8,5,724.1
22740007021000,13,7,6,656.5
22740007022000,165,87,78,5263.5
22740007026000,135,71,64,6871.5
22740007027000,32,18,14,1206.4
22740007028000,26,14,12,1037.4
22740007029000,18,10,8,439.2
22740007030000,82,38,44,3066.8
22740007031000,15,7,8,475.5
22740007032000,279,124,155,8007.3
22740007033000,53,26,27,1987.5
22740007034000,18,8,10,752.4
22740007038000,349,179,170,11970.7
22740007039000,1480,743,737,53280
22740007040000,1873,931,942,73421.6
22740007041000,425,210,215,16192.5
22740007042000,24,12,12,924
22740007043000,6,3,3,225
22740007059000,5,2,3,259
22740007077000,25,14,11,760
22740007095000,1,1,0,0
22740007096000,5,3,2,222
22740007097000,5,4,1,323
22740007098000,1,1,0,0
22740007102000,23,12,11,811.9
22740007103000,74,48,26,2886
22740007107000,5,3,2,208
22740007124000,18,9,9,669.6
22740007125000,4,2,2,0
22740007127000,2,1,1,0
22740007133000,42,22,20,1684.2
22740007134000,4,3,1,0
22750006549000,2,1,1,0
22750006553000,6,3,3,270
22750006554000,12,6,6,589.2
22750006555000,5,2,3,334
22750006564000,7,5,2,207.2
22750006565000,5,4,1,152
22750006566000,45,20,25,1858.5
22750006567000,202,104,98,8261.8
22750006568000,2,1,1,0
22750006569000,9,5,4,354.6
22750006570000,211,108,103,7385
22750006571000,58,27,31,2082.2
22750006572000,14,9,5,450.8
22750006573000,4,4,0,0
22750006574000,42,20,22,1310.4
22750006575000,148,76,72,5994
22750006576000,1122,582,540,41177.4
22750006577000,2007,949,1058,85498.2
22750006578000,1465,739,726,57721
22750006579000,745,355,390,28459
22750006580000,215,101,114,8062.5
22750006583000,4,1,3,0
22750006584000,8,5,3,318.4
22750006586000,9,4,5,410.4
22750006587000,4,3,1,0
22750006592000,1,1,0,0
22750006593000,43,21,22,1560.9
22750006594000,16,10,6,524.8
22750006595000,6,2,4,99
22750006597000,3,1,2,0
22750006604000,5,3,2,273
22750006607000,6,4,2,222
22750006608000,13,9,4,630.5
22750006609000,4,3,1,0
22750006610000,2,1,1,0
22750006612000,5,3,2,256
22750006613000,7,2,5,252
22750006615000,56,29,27,1870.4
22750006616000,496,239,257,17459.2
22750006617000,38,18,20,1341.4
22750006618000,16,11,5,700.8
22750006619000,46,22,24,1656
22750006620000,104,61,43,4316
22750006621000,206,105,101,8240
22750006622000,5,2,3,207
22750006627000,8,4,4,366.4
22750006628000,119,55,64,4474.4
22750006629000,355,186,169,11999
22750006630000,162,86,76,6156
22750006631000,46,23,23,1582.4
22750006633000,6,2,4,181.2
22750006644000,10,4,6,346
22750006645000,13,7,6,625.3
22750006646000,18,10,8,671.4
22750006647000,13,6,7,531.7
22750006648000,244,122,122,9003.6
22750006649000,311,156,155,12066.8
22750006650000,229,121,108,9091.3
22750006651000,2303,1190,1113,84750.4
22750006652000,1532,799,733,57143.6
22750006653000,659,332,327,26096.4
22750006654000,62,30,32,2740.4
22750006655000,80,45,35,3128
22750006656000,28,17,11,795.2
22750006657000,7,5,2,366.1
22750006658000,1,1,0,0
22750006659000,73,39,34,2547.7
22750006660000,61,33,28,2470.5
22750006680000,71,34,37,2243.6
22750006681000,177,90,87,6195
22750006682000,31,16,15,1351.6
22750006699000,18,13,5,617.4
22750006700000,7,4,3,224.7
22750006705000,7,3,4,282.1
22750006706000,2,1,1,0
22750006726000,22,19,3,924
22750006727000,95,53,42,3610
22750006728000,143,70,73,5948.8
22750006729000,42,22,20,1583.4
22750006730000,10,5,5,506
22750006731000,21,9,12,804.3
22750006732000,85,42,43,3910
22750006733000,63,28,35,2614.5
22750006734000,35,16,19,1316
22750006735000,113,56,57,4960.7
22750006736000,45,25,20,1800
22750006737000,380,185,195,15124
22750006744000,16,8,8,793.6
22750006745000,50,23,27,1980
22750006746000,91,53,38,3121.3
22750006747000,174,94,80,6037.8
22750006748000,41,21,20,1689.2
22750006749000,24,14,10,1068
22750006750000,26,13,13,943.8
22750006751000,7,5,2,284.2
22750006753000,32,16,16,1027.2
22750006754000,28,17,11,1050
22750006755000,34,20,14,1268.2
22750006756000,25,14,11,1135
22750006757000,14,7,7,588
22750006758000,126,60,66,4498.2
22750006759000,34,18,16,1404.2
22750006760000,71,36,35,2698
22750006761000,5,3,2,321
22750006762000,18,11,7,671.4
22750006763000,5,1,4,107
22750006767000,8,5,3,264
22750006770000,10,5,5,463
22750006771000,7,4,3,305.2
22750006777000,5,1,4,195
22750006778000,9,5,4,369.9
22750006824000,1,1,0,0
22750006852000,2,1,1,0
22750006853000,1,1,0,0
22750006888000,7,3,4,385
22750006889000,16,7,9,588.8
22750006890000,12,7,5,457.2
22750006896000,3,2,1,0
22750006907000,5,3,2,162
22750006908000,1,1,0,0
22750006909000,12,6,6,399.6
22750006910000,63,29,34,1908.9
22750006911000,31,12,19,1382.6
22750006921000,6,3,3,240
22750006922000,11,6,5,352
22750006923000,17,9,8,470.9
22750006987000,3,1,2,0
22750006989000,27,15,12,1177.2
22750006990000,46,22,24,2047
22750006991000,27,12,15,1128.6
22750006992000,5,3,2,123
22750006993000,2,1,1,0
22750006995000,1,0,1,0
22750007022000,26,16,10,969.8
22750007023000,28,16,12,910
22750007029000,77,36,41,2687.3
22750007030000,6,4,2,214.2
22750007031000,22,8,14,695.2
22750007032000,45,25,20,1903.5
22750007033000,30,16,14,1260
22750007034000,74,35,39,2841.6
22750007035000,12,7,5,489.6
22750007036000,57,31,26,2171.7
22750007037000,53,29,24,1955.7
22750007038000,466,241,225,14352.8
22750007039000,581,298,283,19347.3
22750007040000,2831,1415,1416,103897.7
22750007041000,1819,898,921,61300.3
22750007042000,601,281,320,22237
22750007077000,6,3,3,346.8
22750007078000,5,2,3,283
22750007095000,27,14,13,999
22750007096000,21,12,9,588
22750007097000,14,4,10,571.2
22750007102000,55,30,25,1897.5
22750007103000,44,24,20,1848
22750007108000,5,3,2,137
22750007124000,33,14,19,1435.5
22750007127000,8,4,4,472
22750007133000,12,6,6,588
22750007134000,14,6,8,758.8
22750007135000,6,3,3,385.2
22750007136000,1,1,0,0
22760006548000,1,0,1,0
22760006549000,6,2,4,438
22760006550000,1,1,0,0
22760006551000,3,2,1,0
22760006564000,12,8,4,369.6
22760006565000,43,23,20,1892
22760006566000,22,10,12,1097.8
22760006567000,6,3,3,148.8
22760006568000,27,16,11,1044.9
22760006569000,20,8,12,548
22760006570000,435,216,219,15616.5
22760006571000,48,23,25,1598.4
22760006572000,24,13,11,1183.2
22760006573000,25,12,13,1220
22760006574000,36,22,14,1173.6
22760006575000,36,16,20,1573.2
22760006576000,675,353,322,24840
22760006577000,322,153,169,12783.4
22760006578000,274,128,146,10549
22760006579000,217,95,122,12477.5
22760006580000,9,4,5,318.6
22760006584000,7,3,4,319.2
22760006585000,41,21,20,1709.7
22760006586000,1,0,1,0
22760006592000,3,2,1,0
22760006593000,19,9,10,623.2
22760006594000,5,2,3,190
22760006597000,13,8,5,522.6
22760006602000,1,1,0,0
22760006603000,10,6,4,459
22760006609000,33,17,16,1514.7
22760006610000,31,16,15,1199.7
22760006611000,9,4,5,389.7
22760006613000,17,10,7,683.4
22760006614000,19,9,10,522.5
22760006615000,225,110,115,8122.5
22760006616000,467,224,243,19193.7
22760006617000,1,1,0,0
22760006618000,8,4,4,266.4
22760006619000,4,2,2,0
22760006620000,8,4,4,350.4
22760006621000,31,18,13,1236.9
22760006622000,45,27,18,1795.5
22760006623000,31,18,13,1026.1
22760006624000,2,0,2,0
22760006627000,10,6,4,334
22760006628000,645,331,314,24897
22760006629000,428,211,217,13653.2
22760006630000,3,3,0,0
22760006648000,5,3,2,322
22760006649000,77,41,36,3388
22760006650000,1133,507,626,38861.9
22760006651000,2669,1346,1323,97418.5
22760006652000,1645,810,835,68596.5
22760006653000,2136,1096,1040,74546.4
22760006654000,3186,1552,1634,113740.2
22760006655000,827,398,429,29027.7
22760006656000,14,7,7,534.8
22760006657000,41,23,18,1808.1
22760006658000,40,18,22,1436
22760006659000,124,63,61,4426.8
22760006660000,24,11,13,648
22760006667000,151,71,80,4499.8
22760006668000,3,1,2,0
22760006679000,83,48,35,3295.1
22760006680000,32,15,17,1228.8
22760006681000,33,16,17,1240.8
22760006682000,72,39,33,2700
22760006683000,2,1,1,0
22760006713000,5,2,3,129
22760006714000,1,0,1,0
22760006727000,46,27,19,1978
22760006728000,149,72,77,6019.6
22760006729000,46,25,21,1840
22760006730000,12,7,5,609.6
22760006732000,64,33,31,3276.8
22760006733000,132,63,69,5121.6
22760006734000,53,26,27,2003.4
22760006735000,149,73,76,5259.7
22760006736000,61,31,30,2677.9
22760006743000,10,6,4,512
22760006744000,13,6,7,470.6
22760006745000,82,41,41,2886.4
22760006746000,21,9,12,905.1
22760006747000,27,14,13,1034.1
22760006748000,23,10,13,924.6
22760006749000,69,30,39,3015.3
22760006750000,43,25,18,1763
22760006751000,16,7,9,569.6
22760006752000,10,7,3,278
22760006753000,7,3,4,223.3
22760006754000,43,25,18,1315.8
22760006755000,18,11,7,748.8
22760006756000,24,12,12,928.8
22760006757000,22,12,10,816.2
22760006758000,155,75,80,5332
22760006759000,52,22,30,1882.4
22760006760000,24,13,11,844.8
22760006761000,76,39,37,3002
22760006763000,43,19,24,1711.4
22760006764000,7,4,3,210.7
22760006765000,11,6,5,275
22760006766000,13,5,8,453.7
22760006771000,21,11,10,760.2
22760006852000,6,4,2,250.8
22760006886000,14,7,7,455
22760006887000,6,3,3,193.8
22760006910000,10,4,6,479
22760006911000,24,11,13,960
22760006970000,5,3,2,215
22760006987000,7,5,2,186.9
22760006988000,6,3,3,250.8
22760006989000,20,9,11,850
22760006993000,2,1,1,0
22760007023000,29,17,12,1107.8
22760007031000,5,3,2,144
22760007033000,2,1,1,0
22760007034000,20,9,11,904
22760007035000,36,16,20,1346.4
22760007036000,2,1,1,0
22760007037000,143,82,61,6077.5
22760007038000,91,48,43,3276
22760007039000,726,359,367,22433.4
22760007040000,1445,708,737,54332
22760007041000,1127,596,531,39670.4
22760007078000,9,6,3,505.8
22760007087000,3,2,1,0
22760007095000,5,3,2,238
22760007096000,13,7,6,518.7
22760007103000,82,44,38,2853.6
22760007104000,2,1,1,0
22760007109000,8,4,4,216.8
22760007126000,6,4,2,376.2
22760007127000,26,13,13,1320.8
22760007140000,4,2,2,0
22760007142000,2,1,1,0
22770006564000,3,2,1,0
22770006566000,4,2,2,0
22770006567000,40,21,19,1636
22770006568000,31,19,12,1339.2
22770006569000,60,32,28,2688
22770006570000,59,30,29,2047.3
22770006571000,14,7,7,768.6
22770006572000,11,6,5,525.8
22770006573000,25,13,12,837.5
22770006574000,356,184,172,14774
22770006575000,316,166,150,12008
22770006576000,865,458,407,31053.5
22770006577000,2135,1076,1059,81770.5
22770006578000,2334,1129,1205,86824.8
22770006579000,1261,614,647,49683.4
22770006580000,98,46,52,4615.8
22770006582000,8,2,6,290.4
22770006583000,18,8,10,853.2
22770006584000,7,3,4,401.1
22770006586000,15,6,9,660
22770006587000,14,8,6,555.8
22770006588000,1,1,0,0
22770006592000,6,3,3,256.2
22770006593000,13,6,7,518.7
22770006594000,20,13,7,812
22770006595000,3,2,1,0
22770006597000,1,1,0,0
22770006602000,5,2,3,260
22770006603000,4,2,2,0
22770006608000,6,4,2,288
22770006609000,13,7,6,572
22770006610000,5,2,3,163
22770006611000,35,19,16,1074.5
22770006612000,13,6,7,462.8
22770006613000,5,4,1,112
22770006614000,3,2,1,0
22770006615000,172,80,92,5624.4
22770006616000,5,3,2,250
22770006617000,2,0,2,0
22770006618000,7,5,2,280.7
22770006619000,12,8,4,542.4
22770006621000,5,3,2,184
22770006622000,42,20,22,1411.2
22770006623000,30,17,13,1170
22770006624000,20,11,9,978
22770006625000,13,5,8,507
22770006626000,2,1,1,0
22770006627000,969,483,486,39341.4
22770006628000,519,266,253,21227.1
22770006629000,7,4,3,296.8
22770006635000,5,2,3,229
22770006649000,6,3,3,346.2
22770006650000,1793,895,898,71361.4
22770006651000,2807,1398,1409,103297.6
22770006652000,3888,1878,2010,155908.8
22770006653000,2376,1186,1190,89812.8
22770006654000,1245,607,638,47683.5
22770006655000,156,78,78,5865.6
22770006656000,310,167,143,11935
22770006657000,623,310,313,20870.5
22770006658000,161,70,91,5184.2
22770006659000,152,75,77,5198.4
22770006665000,44,25,19,1711.6
22770006666000,1121,586,535,40916.5
22770006667000,923,469,454,28520.7
22770006668000,192,96,96,6048
22770006669000,18,11,7,671.4
22770006670000,20,7,13,572
22770006675000,34,17,17,1414.4
22770006676000,75,40,35,2872.5
22770006677000,351,191,160,12390.3
22770006678000,169,89,80,6726.2
22770006679000,78,42,36,3018.6
22770006681000,6,5,1,199.2
22770006682000,5,3,2,156
22770006683000,13,7,6,608.4
22770006684000,20,9,11,838
22770006685000,15,10,5,613.5
22770006686000,24,12,12,1099.2
22770006687000,72,36,36,2678.4
22770006688000,9,5,4,384.3
22770006705000,20,11,9,868
22770006712000,10,5,5,318
22770006726000,18,12,6,586.8
22770006727000,41,20,21,1808.1
22770006728000,37,18,19,1672.4
22770006729000,123,64,59,5141.4
22770006730000,372,180,192,16405.2
22770006731000,319,150,169,14929.2
22770006732000,239,119,120,10324.8
22770006733000,47,28,19,1532.2
22770006734000,17,9,8,629
22770006735000,9,4,5,369
22770006740000,3,2,1,0
22770006742000,5,3,2,141
22770006743000,37,16,21,1594.7
22770006744000,10,5,5,515
22770006745000,34,17,17,1179.8
22770006746000,27,15,12,1082.7
22770006747000,2,1,1,0
22770006748000,35,14,21,1757
22770006749000,64,31,33,2880
22770006750000,51,26,25,1963.5
22770006751000,12,5,7,333.6
22770006752000,3,2,1,0
22770006753000,8,2,6,260.8
22770006754000,10,5,5,567
22770006755000,60,28,32,2460
22770006756000,36,18,18,1443.6
22770006757000,138,76,62,5161.2
22770006758000,13,8,5,600.6
22770006760000,103,52,51,4748.3
22770006761000,90,46,44,2565
22770006762000,41,21,20,1734.3
22770006763000,22,9,13,880
22770006764000,14,7,7,519.4
22770006765000,4,2,2,0
22770006766000,16,9,7,588.8
22770006767000,20,10,10,712
22770006851000,2,1,1,0
22770006852000,4,2,2,0
22770006885000,6,2,4,253.2
22770006886000,1,1,0,0
22770006910000,3,1,2,0
22770006911000,33,16,17,1372.8
22770006912000,25,14,11,1337.5
22770006913000,5,3,2,163
22770006918000,6,3,3,375
22770006919000,1,1,0,0
22770006967000,3,2,1,0
22770006987000,20,10,10,862
22770006988000,4,2,2,0
22770007023000,3,1,2,0
22770007031000,12,6,6,544.8
22770007033000,3,3,0,0
22770007034000,24,11,13,775.2
22770007035000,12,6,6,284.4
22770007036000,33,15,18,1237.5
22770007037000,40,26,14,1536
22770007038000,150,66,84,3840
22770007039000,1456,721,735,44699.2
22770007040000,885,451,434,29736
22770007041000,489,244,245,17750.7
22770007062000,1,1,0,0
22770007079000,13,6,7,468
22770007103000,34,20,14,1543.6
22770007104000,4,2,2,0
22770007110000,10,6,4,348
22770007111000,2,2,0,0
22770007112000,3,2,1,0
22770007126000,29,14,15,1067.2
22770007135000,4,4,0,0
22770007136000,2,1,1,0
22770007141000,1,1,0,0
22780006558000,1,1,0,0
22780006561000,2,1,1,0
22780006562000,15,7,8,793.5
22780006563000,38,19,19,1748
22780006564000,13,8,5,418.6
22780006565000,8,4,4,340.8
22780006566000,11,9,2,402.6
22780006568000,2,1,1,0
22780006569000,22,11,11,915.2
22780006570000,20,9,11,716
22780006573000,8,4,4,496.8
22780006574000,54,31,23,2322
22780006575000,241,122,119,8435
22780006576000,1,1,0,0
22780006577000,1934,981,953,82968.6
22780006578000,2989,1391,1598,146759.9
22780006579000,2455,1135,1320,104828.5
22780006580000,1227,597,630,50920.5
22780006582000,8,3,5,543.2
22780006583000,12,6,6,459.6
22780006584000,11,6,5,484
22780006587000,4,2,2,0
22780006588000,1,1,0,0
22780006589000,1,1,0,0
22780006590000,6,3,3,388.8
22780006594000,22,15,7,767.8
22780006595000,24,12,12,1008
22780006600000,6,3,3,357
22780006601000,9,6,3,367.2
22780006602000,36,19,17,1371.6
22780006603000,2,1,1,0
22780006607000,14,7,7,550.2
22780006608000,22,10,12,847
22780006609000,60,34,26,2118
22780006610000,3,1,2,0
22780006611000,28,15,13,1094.8
22780006612000,3,2,1,0
22780006613000,614,316,298,19402.4
22780006614000,487,230,257,18213.8
22780006615000,930,432,498,39990
22780006616000,3,2,1,0
22780006617000,7,4,3,242.2
22780006618000,6,3,3,205.8
22780006619000,16,9,7,702.4
22780006620000,10,6,4,345
22780006622000,16,8,8,868.8
22780006625000,2,2,0,0
22780006626000,43,23,20,1324.4
22780006627000,401,187,214,13192.9
22780006628000,198,97,101,5207.4
22780006629000,16,5,11,689.6
22780006637000,1,1,0,0
22780006650000,3146,1534,1612,119233.4
22780006651000,804,400,404,36260.4
22780006652000,1765,869,896,66011
22780006653000,2375,1158,1217,90012.5
22780006654000,335,169,166,13869
22780006655000,298,166,132,8642
22780006656000,1994,993,1001,65403.2
22780006657000,1740,869,871,51852
22780006658000,1892,930,962,80031.6
22780006659000,1621,820,801,61760.1
22780006660000,52,24,28,1892.8
22780006661000,8,3,5,324
22780006663000,9,6,3,334.8
22780006665000,373,184,189,11861.4
22780006666000,465,250,215,15717
22780006667000,37,18,19,1539.2
22780006668000,43,24,19,1539.4
22780006669000,102,56,46,3508.8
22780006670000,6,5,1,153
22780006671000,7,3,4,161
22780006672000,241,121,120,6266
22780006673000,353,179,174,11260.7
22780006674000,50,26,24,2020
22780006675000,64,38,26,2566.4
22780006676000,6,2,4,202.2
22780006677000,18,11,7,671.4
22780006678000,10,5,5,378
22780006679000,15,8,7,645
22780006680000,78,39,39,2433.6
22780006681000,71,39,32,2733.5
22780006682000,10,6,4,319
22780006683000,4,3,1,0
22780006684000,29,18,11,1142.6
22780006685000,63,30,33,2469.6
22780006686000,23,11,12,722.2
22780006687000,89,40,49,3195.1
22780006688000,81,45,36,3037.5
22780006697000,2,1,1,0
22780006698000,9,4,5,286.2
22780006704000,8,3,5,374.4
22780006705000,20,10,10,678
22780006707000,19,8,11,615.6
22780006712000,7,5,2,364.7
22780006728000,15,7,8,598.5
22780006729000,68,31,37,2964.8
22780006730000,166,65,101,8781.4
22780006731000,25,15,10,1290
22780006732000,37,21,16,1624.3
22780006733000,28,13,15,1066.8
22780006734000,17,9,8,703.8
22780006740000,30,15,15,1251
22780006741000,75,42,33,2700
22780006743000,209,100,109,11077
22780006744000,96,52,44,3849.6
22780006745000,42,25,17,1638
22780006746000,33,18,15,1211.1
22780006747000,13,6,7,448.5
22780006748000,13,8,5,369.2
22780006749000,25,13,12,992.5
22780006750000,42,23,19,1352.4
22780006751000,6,3,3,280.8
22780006754000,5,2,3,225
22780006756000,62,27,35,2511
22780006757000,370,186,184,14430
22780006758000,40,23,17,1704
22780006759000,33,17,16,1419
22780006760000,198,106,92,7662.6
22780006761000,54,23,31,1814.4
22780006762000,56,30,26,1724.8
22780006763000,4,1,3,0
22780006765000,5,3,2,291
22780006785000,2,1,1,0
22780006884000,14,7,7,567
22780006885000,12,8,4,525.6
22780006906000,4,2,2,0
22780006909000,25,12,13,1005
22780006910000,59,32,27,2247.9
22780006911000,56,29,27,2318.4
22780006912000,26,13,13,795.6
22780006913000,102,60,42,3825
22780006914000,22,12,10,935
22780006915000,37,20,17,1258
22780006916000,20,10,10,588
22780006917000,13,5,8,387.4
22780006983000,1,0,1,0
22780006986000,8,4,4,252
22780006987000,45,26,19,2025
22780006988000,14,4,10,390.6
22780007030000,6,5,1,244.8
22780007031000,21,10,11,842.1
22780007036000,25,15,10,907.5
22780007037000,19,9,10,687.8
22780007038000,21,10,11,848.4
22780007039000,427,217,210,14945
22780007040000,173,89,84,7283.3
22780007041000,179,85,94,6927.3
22780007062000,13,5,8,631.8
22780007063000,4,2,2,0
22780007070000,5,3,2,289
22780007103000,18,7,11,736.2
22780007104000,6,5,1,328.2
22780007111000,1,1,0,0
22780007123000,6,4,2,228
22780007124000,5,3,2,269
22780007125000,5,2,3,236
22780007135000,6,3,3,358.8
22780007137000,5,3,2,310
22790006562000,34,18,16,1417.8
22790006563000,28,17,11,1159.2
22790006564000,150,77,73,6090
22790006565000,40,20,20,1380
22790006566000,1,1,0,0
22790006567000,25,14,11,1082.5
22790006568000,35,17,18,1323
22790006569000,29,13,16,1122.3
22790006571000,5,2,3,254
22790006572000,2,1,1,0
22790006573000,17,10,7,872.1
22790006574000,110,53,57,4180
22790006575000,954,486,468,36061.2
22790006576000,207,105,102,7410.6
22790006577000,948,477,471,35360.4
22790006578000,601,313,288,21996.6
22790006579000,813,374,439,34064.7
22790006580000,720,369,351,28512
22790006581000,482,233,249,14604.6
22790006582000,14,9,5,495.6
22790006583000,12,8,4,592.8
22790006584000,12,6,6,490.8
22790006585000,6,3,3,244.8
22790006589000,16,9,7,604.8
22790006590000,1,1,0,0
22790006592000,4,2,2,0
22790006593000,11,6,5,532.4
22790006594000,9,5,4,324
22790006595000,42,20,22,1642.2
22790006598000,5,2,3,247
22790006599000,17,11,6,618.8
22790006600000,47,20,27,1757.8
22790006601000,43,23,20,1689.9
22790006602000,27,15,12,1036.8
22790006603000,4,2,2,0
22790006606000,23,13,10,646.3
22790006607000,18,9,9,606.6
22790006608000,46,23,23,1651.4
22790006609000,16,8,8,617.6
22790006610000,4,2,2,0
22790006611000,19,9,10,818.9
22790006612000,34,26,8,1377
22790006613000,17,10,7,630.7
22790006614000,315,152,163,13608
22790006615000,1291,623,668,55771.2
22790006616000,20,12,8,742
22790006617000,20,9,11,682
22790006618000,14,6,8,582.4
22790006619000,6,4,2,154.2
22790006622000,18,11,7,939.6
22790006623000,3,1,2,0
22790006625000,12,5,7,499.2
22790006626000,31,15,16,1106.7
22790006627000,118,60,58,4507.6
22790006628000,13,6,7,657.8
22790006649000,102,51,51,3845.4
22790006650000,930,443,487,33387
22790006651000,1884,928,956,70273.2
22790006652000,1994,982,1012,82950.4
22790006653000,4387,2154,2233,189518.4
22790006654000,1042,519,523,44285
22790006655000,536,277,259,19724.8
22790006656000,1379,693,686,44403.8
22790006657000,159,91,68,5724
22790006658000,613,321,292,23232.7
22790006659000,1933,969,964,72874.1
22790006660000,560,277,283,17136
22790006661000,54,26,28,1803.6
22790006662000,14,8,6,592.2
22790006663000,51,27,24,1759.5
22790006664000,37,19,18,1657.6
22790006665000,675,302,373,29092.5
22790006666000,379,207,172,16600.2
22790006667000,80,41,39,3088
22790006668000,49,27,22,1974.7
22790006669000,56,29,27,1820
22790006670000,79,37,42,2923
22790006671000,47,24,23,1720.2
22790006672000,212,105,107,7144.4
22790006673000,165,77,88,5709
22790006674000,24,11,13,871.2
22790006675000,48,26,22,1670.4
22790006676000,17,9,8,518.5
22790006677000,32,16,16,1273.6
22790006679000,56,30,26,2021.6
22790006680000,26,13,13,1185.6
22790006681000,41,22,19,1795.8
22790006682000,652,288,364,30578.8
22790006683000,825,405,420,26812.5
22790006684000,86,47,39,3861.4
22790006685000,175,92,83,6755
22790006686000,85,46,39,3289.5
22790006687000,80,40,40,3088
22790006688000,6,4,2,216
22790006696000,51,24,27,2055.3
22790006697000,75,44,31,3345
22790006698000,81,42,39,3053.7
22790006699000,29,14,15,968.6
22790006705000,2,1,1,0
22790006712000,11,5,6,315.7
22790006713000,11,7,4,559.9
22790006728000,3,1,2,0
22790006729000,124,66,58,4550.8
22790006730000,149,77,72,6496.4
22790006731000,27,14,13,1077.3
22790006732000,13,9,4,503.1
22790006733000,8,4,4,364.8
22790006739000,48,21,27,1819.2
22790006740000,19,12,7,830.3
22790006741000,44,16,28,2125.2
22790006742000,43,20,23,2747.7
22790006743000,32,18,14,1056
22790006744000,118,61,57,4354.2
22790006745000,27,13,14,1250.1
22790006746000,11,8,3,462
22790006749000,10,4,6,379
22790006753000,3,2,1,0
22790006754000,16,9,7,646.4
22790006755000,177,85,92,6814.5
22790006756000,592,278,314,25396.8
22790006757000,1329,645,684,58608.9
22790006758000,832,419,413,35526.4
22790006759000,197,103,94,7446.6
22790006760000,36,19,17,1303.2
22790006761000,31,17,14,1202.8
22790006762000,6,3,3,205.8
22790006766000,1,1,0,0
22790006837000,1,1,0,0
22790006850000,18,8,10,824.4
22790006851000,70,39,31,3542
22790006884000,46,27,19,1660.6
22790006910000,6,2,4,151.8
22790006911000,103,41,62,4223
22790006912000,53,26,27,1637.7
22790006913000,55,29,26,2194.5
22790006914000,66,27,39,2422.2
22790006915000,31,15,16,1174.9
22790006916000,5,3,2,150
22790006984000,4,2,2,0
22790006985000,25,10,15,892.5
22790006986000,71,34,37,2804.5
22790007031000,2,1,1,0
22790007036000,28,14,14,1201.2
22790007037000,15,10,5,561
22790007038000,22,12,10,715
22790007040000,13,7,6,666.9
22790007041000,678,336,342,25425
22790007042000,43,23,20,1457.7
22790007069000,12,5,7,541.2
22790007080000,2,1,1,0
22790007100000,2,1,1,0
22790007104000,2,1,1,0
22790007123000,4,2,2,0
22790007136000,3,1,2,0
22790007137000,9,6,3,392.4
22800006562000,7,3,4,284.9
22800006564000,37,19,18,1794.5
22800006565000,133,66,67,5572.7
22800006566000,113,54,59,3955
22800006567000,20,8,12,962
22800006568000,24,12,12,854.4
22800006569000,63,30,33,2828.7
22800006570000,19,10,9,841.7
22800006571000,4,3,1,0
22800006572000,35,23,12,1246
22800006573000,43,25,18,1771.6
22800006574000,97,58,39,3589
22800006575000,501,235,266,22745.4
22800006576000,1569,801,768,57896.1
22800006577000,292,146,146,12001.2
22800006578000,1025,509,516,41000
22800006579000,1090,540,550,43273
22800006580000,123,57,66,4993.8
22800006581000,11,5,6,480.7
22800006582000,25,15,10,1255
22800006583000,24,15,9,847.2
22800006584000,37,21,16,1272.8
22800006585000,34,20,14,1346.4
22800006586000,4,2,2,0
22800006588000,9,6,3,163.8
22800006589000,10,4,6,390
22800006590000,12,8,4,319.2
22800006593000,5,1,4,157
22800006595000,5,3,2,332
22800006596000,14,9,5,660.8
22800006597000,5,2,3,232
22800006598000,12,8,4,420
22800006599000,6,2,4,262.8
22800006600000,20,9,11,562
22800006601000,4,1,3,0
22800006602000,4,2,2,0
22800006603000,37,19,18,1280.2
22800006604000,22,12,10,787.6
22800006605000,16,8,8,512
22800006606000,26,15,11,1196
22800006607000,15,8,7,466.5
22800006608000,3,2,1,0
22800006609000,8,4,4,220.8
22800006610000,25,13,12,875
22800006611000,221,107,114,7270.9
22800006612000,278,139,139,9841.2
22800006613000,63,35,28,2293.2
22800006614000,26,15,11,928.2
22800006615000,16,10,6,564.8
22800006616000,18,8,10,532.8
22800006617000,17,11,6,525.3
22800006618000,25,15,10,960
22800006619000,44,26,18,1680.8
22800006620000,36,15,21,1454.4
22800006621000,9,6,3,368.1
22800006622000,19,8,11,604.2
22800006625000,25,16,9,917.5
22800006626000,45,21,24,1624.5
22800006627000,39,22,17,1747.2
22800006628000,5,2,3,186
22800006643000,53,31,22,1680.1
22800006644000,45,20,25,1300.5
22800006648000,109,61,48,3967.6
22800006649000,497,262,235,22365
22800006650000,2089,1036,1053,73115
22800006651000,33,19,14,1805.1
22800006652000,2027,1021,1006,73377.4
22800006653000,1917,951,966,77830.2
22800006654000,467,240,227,18026.2
22800006655000,32,18,14,1542.4
22800006656000,28,18,10,946.4
22800006657000,21,16,5,900.9
22800006658000,4,2,2,0
22800006659000,113,59,54,3909.8
22800006660000,1353,683,670,44919.6
22800006661000,311,154,157,7992.7
22800006662000,115,87,28,4577
22800006663000,80,37,43,3496
22800006664000,4,3,1,0
22800006665000,3,2,1,0
22800006666000,42,21,21,1722
22800006668000,21,13,8,926.1
22800006669000,107,57,50,3852
22800006670000,96,45,51,4118.4
22800006671000,4,3,1,0
22800006673000,472,238,234,18596.8
22800006674000,115,55,60,3921.5
22800006675000,25,12,13,1065
22800006676000,13,6,7,534.3
22800006677000,35,16,19,1260
22800006678000,12,9,3,580.8
22800006679000,16,10,6,684.8
22800006680000,49,26,23,1749.3
22800006681000,18,11,7,640.8
22800006682000,440,219,221,17380
22800006683000,555,286,269,20479.5
22800006685000,266,135,131,7953.4
22800006686000,731,342,389,28362.8
22800006687000,690,353,337,24081
22800006688000,9,5,4,287.1
22800006690000,2,1,1,0
22800006695000,64,35,29,2816
22800006696000,72,37,35,3441.6
22800006698000,5,4,1,221
22800006699000,5,1,4,230
22800006700000,12,8,4,705.6
22800006704000,9,6,3,331.2
22800006711000,68,37,31,3039.6
22800006712000,84,51,33,3393.6
22800006713000,5,2,3,153
22800006728000,30,14,16,1212
22800006729000,129,67,62,5005.2
22800006730000,96,47,49,3465.6
22800006731000,18,9,9,633.6
22800006738000,14,5,9,442.4
22800006739000,31,16,15,1066.4
22800006740000,25,13,12,867.5
22800006741000,42,23,19,1797.6
22800006744000,5,3,2,198
22800006745000,18,10,8,610.2
22800006746000,2,1,1,0
22800006751000,6,4,2,117
22800006752000,5,2,3,227
22800006753000,24,14,10,1089.6
22800006754000,276,137,139,11398.8
22800006755000,1460,740,720,59276
22800006756000,1013,472,541,49738.3
22800006757000,699,323,376,32223.9
22800006758000,1401,684,717,49035
22800006759000,139,78,61,4948.4
22800006760000,12,7,5,531.6
22800006761000,10,6,4,440
22800006762000,5,4,1,209
22800006767000,7,5,2,216.3
22800006849000,15,8,7,774
22800006850000,12,7,5,603.6
22800006851000,10,4,6,523
22800006883000,9,3,6,388.8
22800006884000,5,2,3,211
22800006893000,11,7,4,412.5
22800006894000,20,8,12,974
22800006895000,27,12,15,885.6
22800006896000,52,27,25,2262
22800006897000,18,10,8,660.6
22800006898000,7,4,3,282.8
22800006904000,11,6,5,327.8
22800006910000,607,287,320,22519.7
22800006911000,270,123,147,12636
22800006912000,101,38,63,6161
22800006913000,113,52,61,5051.1
22800006914000,10,7,3,372
22800006918000,3,2,1,0
22800006981000,1,0,1,0
22800006984000,9,3,6,362.7
22800006985000,32,16,16,1353.6
22800006986000,64,30,34,2163.2
22800007035000,7,3,4,196.7
22800007038000,9,5,4,254.7
22800007040000,9,4,5,270.9
22800007041000,1762,870,892,62022.4
22800007042000,579,292,287,20496.6
22800007063000,6,4,2,361.8
22800007064000,16,10,6,436.8
22800007068000,7,4,3,226.1
22800007069000,13,7,6,633.1
22800007081000,8,5,3,320.8
22800007105000,16,9,7,904
22800007106000,10,7,3,455
22800007107000,1,1,0,0
22800007113000,8,4,4,428.8
22800007114000,4,2,2,0
22800007122000,1,1,0,0
22800007123000,19,9,10,767.6
22800007138000,4,3,1,0
22800007139000,34,19,15,1271.6
22800007140000,169,87,82,7605
22800007141000,43,22,21,1603.9
22800007143000,9,4,5,560.7
22810006560000,2,1,1,0
22810006561000,2,1,1,0
22810006562000,3,2,1,0
22810006563000,19,10,9,934.8
22810006564000,3,2,1,0
22810006567000,146,75,71,5664.8
22810006568000,208,106,102,7342.4
22810006569000,42,20,22,1276.8
22810006570000,39,20,19,1392.3
22810006571000,11,6,5,495
22810006572000,7,4,3,249.9
22810006574000,498,237,261,21812.4
22810006575000,1480,716,764,59940
22810006576000,1373,694,679,52997.8
22810006577000,11,7,4,332.2
22810006578000,16,7,9,740.8
22810006579000,102,49,53,3672
22810006580000,199,108,91,7960
22810006581000,505,260,245,20048.5
22810006582000,29,15,14,1481.9
22810006583000,31,17,14,1112.9
22810006584000,33,21,12,851.4
22810006585000,8,4,4,447.2
22810006586000,32,15,17,1286.4
22810006587000,7,3,4,392.7
22810006588000,229,114,115,7648.6
22810006589000,6,3,3,235.2
22810006590000,3,2,1,0
22810006593000,8,5,3,280.8
22810006594000,8,4,4,230.4
22810006595000,23,11,12,1055.7
22810006596000,12,8,4,463.2
22810006597000,58,32,26,2186.6
22810006598000,14,7,7,394.8
22810006599000,21,13,8,1127.7
22810006600000,11,4,7,369.6
22810006601000,3,1,2,0
22810006603000,17,8,9,442
22810006604000,33,21,12,1234.2
22810006605000,19,12,7,598.5
22810006606000,58,30,28,2180.8
22810006607000,7,4,3,230.3
22810006608000,8,6,2,515.2
22810006609000,12,7,5,567.6
22810006610000,41,23,18,1471.9
22810006611000,187,106,81,6638.5
22810006612000,453,225,228,15130.2
22810006613000,354,180,174,12354.6
22810006614000,3,2,1,0
22810006615000,26,11,15,569.4
22810006616000,13,4,9,491.4
22810006617000,27,12,15,880.2
22810006618000,3,2,1,0
22810006619000,16,9,7,633.6
22810006620000,3,1,2,0
22810006621000,6,4,2,289.8
22810006622000,1,1,0,0
22810006625000,16,10,6,676.8
22810006626000,17,10,7,686.8
22810006627000,31,16,15,1630.6
22810006628000,5,2,3,214
22810006629000,1,1,0,0
22810006630000,5,3,2,157
22810006632000,29,14,15,1078.8
22810006641000,121,61,60,5106.2
22810006642000,600,305,295,21780
22810006643000,318,162,156,10939.2
22810006644000,58,31,27,2470.8
22810006645000,51,32,19,1728.9
22810006646000,157,80,77,6091.6
22810006647000,658,323,335,18950.4
22810006648000,216,102,114,8208
22810006649000,18,8,10,693
22810006655000,2,1,1,0
22810006657000,396,211,185,12949.2
22810006658000,114,51,63,3408.6
22810006659000,5,3,2,249
22810006660000,174,104,70,5898.6
22810006661000,772,401,371,21075.6
22810006663000,20,10,10,892
22810006664000,6,3,3,274.2
22810006665000,9,5,4,395.1
22810006666000,108,64,44,4147.2
22810006667000,43,24,19,1225.5
22810006668000,19,8,11,864.5
22810006669000,52,22,30,1970.8
22810006670000,8,3,5,274.4
22810006671000,20,11,9,880
22810006672000,94,51,43,3496.8
22810006673000,21,11,10,928.2
22810006674000,19,11,8,695.4
22810006675000,7,4,3,130.2
22810006676000,11,6,5,375.1
22810006678000,33,17,16,1399.2
22810006679000,50,26,24,2030
22810006680000,3,3,0,0
22810006682000,2,1,1,0
22810006683000,13,7,6,539.5
22810006684000,4,2,2,0
22810006685000,41,23,18,1357.1
22810006686000,467,219,248,15737.9
22810006687000,713,362,351,24455.9
22810006688000,2,1,1,0
22810006689000,5,3,2,158
22810006690000,13,7,6,478.4
22810006691000,7,4,3,249.9
22810006695000,1,1,0,0
22810006700000,17,9,8,909.5
22810006701000,29,17,12,1299.2
22810006703000,44,20,24,1364
22810006704000,128,63,65,5683.2
22810006706000,1,1,0,0
22810006707000,42,20,22,1995
22810006708000,17,8,9,710.6
22810006709000,12,7,5,465.6
22810006710000,62,34,28,2560.6
22810006711000,66,31,35,2765.4
22810006712000,39,23,16,2106
22810006728000,8,5,3,160.8
22810006729000,173,89,84,6279.9
22810006730000,75,38,37,3367.5
22810006737000,1,1,0,0
22810006738000,11,5,6,397.1
22810006739000,12,9,3,426
22810006740000,1,0,1,0
22810006741000,20,9,11,848
22810006742000,12,6,6,340.8
22810006750000,65,33,32,2392
22810006751000,46,21,25,2024
22810006752000,47,25,22,1804.8
22810006753000,43,22,21,1474.9
22810006754000,145,71,74,5365
22810006755000,378,175,203,13948.2
22810006756000,56,43,13,2055.2
22810006757000,122,59,63,4989.8
22810006758000,341,173,168,12480.6
22810006759000,132,68,64,5134.8
22810006760000,37,23,14,939.8
22810006761000,13,8,5,465.4
22810006762000,34,18,16,1251.2
22810006763000,29,12,17,957
22810006764000,46,24,22,1462.8
22810006765000,18,10,8,779.4
22810006766000,15,9,6,483
22810006767000,1,1,0,0
22810006768000,3,1,2,0
22810006769000,5,4,1,270
22810006838000,4,1,3,0
22810006841000,7,4,3,413
22810006849000,8,6,2,175.2
22810006850000,2,1,1,0
22810006859000,2,1,1,0
22810006861000,8,4,4,308
22810006882000,2,1,1,0
22810006883000,9,3,6,348.3
22810006891000,4,2,2,0
22810006892000,25,12,13,830
22810006893000,78,42,36,3135.6
22810006894000,29,14,15,1296.3
22810006895000,32,15,17,1443.2
22810006896000,33,17,16,1310.1
22810006897000,8,2,6,320.8
22810006910000,262,143,119,8279.2
22810006911000,772,375,397,32501.2
22810006912000,262,123,139,11528
22810006913000,74,34,40,2730.6
22810006920000,3,2,1,0
22810006977000,1,1,0,0
22810006980000,10,6,4,485
22810006981000,19,9,10,851.2
22810006982000,20,10,10,824
22810006983000,10,6,4,453
22810006987000,4,2,2,0
22810006988000,12,7,5,393.6
22810007030000,4,2,2,0
22810007031000,2,2,0,0
22810007032000,5,3,2,167
22810007035000,13,6,7,546
22810007037000,11,5,6,425.7
22810007039000,41,20,21,1574.4
22810007040000,20,8,12,690
22810007041000,1189,585,604,46252.1
22810007042000,20,12,8,608
22810007056000,13,6,7,469.3
22810007057000,12,0,12,670.8
22810007066000,16,9,7,611.2
22810007067000,59,33,26,2000.1
22810007068000,33,14,19,1108.8
22810007069000,48,28,20,2126.4
22810007070000,1,1,0,0
22810007081000,17,9,8,559.3
22810007082000,1,1,0,0
22810007097000,12,6,6,468
22810007098000,5,1,4,239
22810007106000,8,5,3,408
22810007107000,25,10,15,1220
22810007122000,1,0,1,0
22810007138000,7,5,2,385.7
22810007139000,5,3,2,223
22810007140000,68,36,32,2223.6
22810007141000,20,10,10,838
22810007142000,9,4,5,395.1
22810007143000,23,13,10,1251.2
22810007144000,11,6,5,456.5
22820006556000,5,2,3,175
22820006559000,2,1,1,0
22820006561000,35,18,17,1641.5
22820006562000,15,8,7,441
22820006563000,74,39,35,3182
22820006564000,8,4,4,184.8
22820006565000,7,3,4,366.1
22820006566000,10,7,3,474
22820006567000,200,97,103,8360
22820006568000,238,113,125,9067.8
22820006569000,867,435,432,31298.7
22820006570000,181,92,89,6516
22820006571000,24,12,12,1063.2
22820006572000,4,2,2,0
22820006573000,453,235,218,19297.8
22820006574000,1127,568,559,44291.1
22820006575000,1066,508,558,39228.8
22820006576000,845,444,401,29152.5
22820006577000,115,52,63,4209
22820006578000,6,2,4,279
22820006583000,17,10,7,715.7
22820006584000,152,75,77,5806.4
22820006585000,106,52,54,5141
22820006586000,42,22,20,1419.6
22820006587000,10,6,4,548
22820006588000,86,42,44,2657.4
22820006589000,10,4,6,471
22820006591000,27,14,13,1158.3
22820006592000,7,3,4,231.7
22820006593000,13,8,5,453.7
22820006594000,32,19,13,1014.4
22820006595000,48,25,23,1862.4
22820006596000,29,15,14,1049.8
22820006597000,46,23,23,1656
22820006598000,1004,485,519,37750.4
22820006599000,490,239,251,20237
22820006600000,18,9,9,694.8
22820006601000,31,18,13,1072.6
22820006602000,13,7,6,650
22820006603000,41,20,21,1373.5
22820006604000,15,8,7,613.5
22820006605000,59,33,26,2277.4
22820006606000,1,1,0,0
22820006607000,24,12,12,943.2
22820006608000,42,21,21,1444.8
22820006609000,23,14,9,956.8
22820006610000,497,249,248,18339.3
22820006611000,1393,705,688,53351.9
22820006612000,279,146,133,10936.8
22820006613000,11,5,6,578.6
22820006614000,7,5,2,245
22820006615000,3,1,2,0
22820006617000,53,30,23,1807.3
22820006618000,18,9,9,792
22820006619000,15,8,7,592.5
22820006620000,14,8,6,499.8
22820006621000,2,2,0,0
22820006625000,5,3,2,210
22820006626000,18,14,4,662.4
22820006627000,11,6,5,348.7
22820006628000,4,2,2,0
22820006630000,13,8,5,366.6
22820006631000,83,44,39,3162.3
22820006632000,225,120,105,7987.5
22820006633000,3,1,2,0
22820006638000,3,0,3,0
22820006639000,199,99,100,6547.1
22820006640000,21,11,10,821.1
22820006641000,8,5,3,280.8
22820006642000,2,1,1,0
22820006644000,8,6,2,319.2
22820006645000,19,9,10,594.7
22820006646000,80,45,35,3072
22820006647000,35,16,19,1197
22820006651000,273,147,126,9691.5
22820006652000,26,14,12,1001
22820006653000,35,15,20,1102.5
22820006654000,16,7,9,609.6
22820006655000,19,9,10,676.4
22820006656000,304,142,162,11643.2
22820006657000,433,207,226,16280.8
22820006658000,87,47,40,3410.4
22820006659000,23,13,10,798.1
22820006660000,706,347,359,28310.6
22820006661000,6,4,2,291
22820006662000,8,6,2,459.2
22820006665000,50,25,25,2000
22820006666000,50,26,24,2400
22820006667000,73,42,31,2985.7
22820006668000,97,54,43,3356.2
22820006669000,55,33,22,2062.5
22820006670000,94,55,39,3102
22820006671000,15,9,6,415.5
22820006672000,18,9,9,779.4
22820006675000,23,11,12,540.5
22820006676000,11,6,5,602.8
22820006677000,7,4,3,268.8
22820006679000,56,40,16,2184
22820006680000,15,5,10,583.5
22820006681000,114,68,46,4240.8
22820006682000,67,36,31,2405.3
22820006683000,81,36,45,3402
22820006685000,22,13,9,699.6
22820006686000,60,29,31,2586
22820006687000,43,21,22,1315.8
22820006688000,8,4,4,391.2
22820006689000,33,17,16,1171.5
22820006690000,4,2,2,0
22820006693000,15,7,8,687
22820006694000,13,8,5,578.5
22820006697000,2,1,1,0
22820006699000,3,2,1,0
22820006701000,5,1,4,194
22820006702000,22,11,11,789.8
22820006703000,59,28,31,2495.7
22820006704000,35,19,16,1491
22820006705000,27,15,12,1053
22820006706000,24,11,13,1478.4
22820006707000,100,54,46,4010
22820006708000,63,32,31,2097.9
22820006709000,12,4,8,537.6
22820006710000,20,12,8,768
22820006711000,4,2,2,0
22820006728000,12,8,4,456
22820006729000,86,40,46,4179.6
22820006730000,24,11,13,840
22820006738000,7,1,6,189
22820006739000,12,7,5,658.8
22820006740000,47,26,21,2321.8
22820006741000,33,16,17,1633.5
22820006749000,160,88,72,5344
22820006750000,43,24,19,1638.3
22820006751000,36,18,18,1216.8
22820006752000,38,18,20,1474.4
22820006753000,103,49,54,3852.2
22820006754000,21,10,11,735
22820006755000,18,8,10,765
22820006756000,6,4,2,297
22820006757000,9,6,3,567
22820006758000,58,28,30,2401.2
22820006759000,101,47,54,3939
22820006760000,43,23,20,1414.7
22820006761000,52,24,28,1840.8
22820006762000,49,24,25,2004.1
22820006763000,56,29,27,2116.8
22820006764000,19,10,9,720.1
22820006766000,10,7,3,514
22820006767000,12,6,6,391.2
22820006780000,1,1,0,0
22820006837000,1,1,0,0
22820006838000,12,7,5,534
22820006839000,5,3,2,261
22820006840000,14,8,6,435.4
22820006841000,1,1,0,0
22820006842000,6,3,3,331.2
22820006843000,2,2,0,0
22820006844000,4,3,1,0
22820006847000,5,2,3,276
22820006848000,1,1,0,0
22820006862000,4,2,2,0
22820006863000,1,1,0,0
22820006881000,2,2,0,0
22820006889000,8,5,3,192.8
22820006890000,11,6,5,409.2
22820006891000,4,3,1,0
22820006892000,14,7,7,616
22820006893000,13,7,6,639.6
22820006911000,14,7,7,403.2
22820006912000,118,63,55,4696.4
22820006913000,27,15,12,1455.3
22820006914000,33,13,20,1435.5
22820006918000,1,1,0,0
22820006919000,2,1,1,0
22820006980000,2,2,0,0
22820006984000,5,4,1,129
22820006987000,27,14,13,1061.1
22820006988000,40,21,19,1644
22820007023000,4,1,3,0
22820007024000,20,12,8,634
22820007030000,2,1,1,0
22820007031000,8,4,4,404.8
22820007036000,42,23,19,1381.8
22820007037000,19,10,9,562.4
22820007038000,43,21,22,1483.5
22820007039000,26,14,12,1209
22820007040000,25,13,12,1067.5
22820007041000,1900,982,918,69540
22820007042000,131,88,43,5908.1
22820007057000,14,8,6,663.6
22820007058000,12,6,6,349.2
22820007066000,11,4,7,291.5
22820007067000,338,178,160,13114.4
22820007068000,78,43,35,3650.4
22820007069000,144,74,70,5659.2
22820007070000,9,4,5,434.7
22820007071000,9,6,3,388.8
22820007072000,26,15,11,1011.4
22820007077000,2,1,1,0
22820007082000,8,6,2,486.4
22820007107000,4,2,2,0
22820007115000,10,6,4,391
22820007116000,16,8,8,624
22820007117000,5,3,2,199
22820007137000,24,12,12,1010.4
22820007138000,27,12,15,1125.9
22820007143000,2,2,0,0
22820007148000,33,15,18,1607.1
22820007149000,21,8,13,970.2
22830006556000,85,40,45,3867.5
22830006557000,14,6,8,705.6
22830006558000,15,7,8,361.5
22830006559000,2,1,1,0
22830006560000,2,1,1,0
22830006561000,11,5,6,568.7
22830006562000,3,2,1,0
22830006565000,17,8,9,771.8
22830006566000,9,5,4,485.1
22830006567000,43,28,15,1431.9
22830006568000,93,45,48,3943.2
22830006569000,116,55,61,4118
22830006570000,5,3,2,141
22830006571000,5,4,1,263
22830006572000,19,10,9,855
22830006573000,161,85,76,7228.9
22830006575000,8,5,3,238.4
22830006576000,302,167,135,9452.6
22830006577000,142,70,72,4174.8
22830006578000,29,14,15,1093.3
22830006579000,13,8,5,457.6
22830006580000,27,13,14,907.2
22830006581000,2,1,1,0
22830006582000,11,5,6,415.8
22830006584000,16,7,9,648
22830006585000,54,31,23,1814.4
22830006586000,4,2,2,0
22830006588000,2,1,1,0
22830006589000,44,20,24,1619.2
22830006590000,27,13,14,847.8
22830006592000,10,7,3,337
22830006594000,47,24,23,1504
22830006595000,39,20,19,1641.9
22830006596000,38,17,21,1075.4
22830006597000,61,32,29,2281.4
22830006598000,112,37,75,6496
22830006599000,49,26,23,2033.5
22830006600000,11,7,4,324.5
22830006601000,4,3,1,0
22830006602000,19,10,9,718.2
22830006603000,16,8,8,769.6
22830006604000,29,14,15,1122.3
22830006605000,43,25,18,1556.6
22830006606000,25,13,12,510
22830006607000,95,49,46,3287
22830006608000,21,13,8,861
22830006609000,85,39,46,3459.5
22830006610000,1048,485,563,45797.6
22830006611000,1561,699,862,72586.5
22830006612000,432,219,213,18187.2
22830006613000,21,10,11,728.7
22830006614000,25,10,15,727.5
22830006615000,46,22,24,1541
22830006616000,58,35,23,1931.4
22830006617000,41,22,19,1476
22830006618000,10,6,4,500
22830006619000,6,2,4,306
22830006620000,33,18,15,1356.3
22830006621000,2,1,1,0
22830006623000,4,1,3,0
22830006624000,6,2,4,196.2
22830006625000,8,4,4,238.4
22830006627000,4,3,1,0
22830006628000,15,6,9,724.5
22830006629000,34,15,19,1295.4
22830006630000,122,66,56,4636
22830006631000,295,138,157,13334
22830006632000,19,10,9,938.6
22830006633000,13,5,8,517.4
22830006638000,770,378,392,24101
22830006639000,1729,893,836,63108.5
22830006640000,4,2,2,0
22830006647000,62,34,28,2635
22830006648000,133,63,70,4468.8
22830006649000,151,77,74,5994.7
22830006650000,332,159,173,13213.6
22830006651000,146,77,69,5475
22830006652000,79,41,38,3523.4
22830006653000,39,22,17,1462.5
22830006654000,3,2,1,0
22830006655000,33,18,15,1247.4
22830006656000,157,78,79,5353.7
22830006657000,10,4,6,417
22830006658000,31,18,13,1243.1
22830006659000,28,12,16,1229.2
22830006660000,475,244,231,17480
22830006661000,121,63,58,4912.6
22830006662000,133,84,49,5280.1
22830006663000,47,29,18,1931.7
22830006664000,12,6,6,420
22830006665000,16,10,6,601.6
22830006666000,28,13,15,826
22830006667000,21,12,9,743.4
22830006668000,2,1,1,0
22830006671000,26,16,10,897
22830006672000,29,14,15,1229.6
22830006673000,25,15,10,990
22830006674000,24,13,11,830.4
22830006675000,6,2,4,160.8
22830006676000,26,17,9,1032.2
22830006677000,2,1,1,0
22830006682000,40,18,22,1172
22830006683000,9,4,5,401.4
22830006684000,26,16,10,860.6
22830006685000,25,15,10,855
22830006686000,19,9,10,932.9
22830006687000,9,5,4,552.6
22830006688000,23,11,12,936.1
22830006689000,45,22,23,1656
22830006690000,14,10,4,518
22830006698000,3,2,1,0
22830006699000,3,2,1,0
22830006700000,17,9,8,780.3
22830006701000,12,6,6,489.6
22830006702000,4,3,1,0
22830006703000,145,71,74,5713
22830006704000,87,42,45,3645.3
22830006705000,109,42,67,6441.9
22830006706000,322,154,168,14168
22830006707000,149,70,79,4827.6
22830006708000,23,15,8,791.2
22830006709000,35,16,19,1494.5
22830006710000,11,7,4,526.9
22830006712000,10,5,5,323
22830006713000,3,0,3,0
22830006728000,16,10,6,577.6
22830006729000,66,30,36,2607
22830006747000,240,107,133,10944
22830006748000,448,217,231,17740.8
22830006749000,70,38,32,3199
22830006750000,74,37,37,3441
22830006751000,65,35,30,2320.5
22830006752000,49,26,23,1945.3
22830006753000,268,132,136,11604.4
22830006754000,41,25,16,1320.2
22830006755000,88,42,46,3555.2
22830006756000,20,9,11,816
22830006757000,24,15,9,808.8
22830006758000,11,4,7,382.8
22830006759000,25,14,11,1002.5
22830006760000,31,20,11,1088.1
22830006761000,43,23,20,1414.7
22830006762000,20,10,10,950
22830006763000,50,22,28,1530
22830006764000,16,6,10,662.4
22830006765000,19,11,8,733.4
22830006838000,2,1,1,0
22830006843000,3,2,1,0
22830006862000,7,5,2,219.1
22830006863000,16,7,9,548.8
22830006880000,2,0,2,0
22830006889000,4,1,3,0
22830006890000,3,2,1,0
22830006912000,5,2,3,190
22830006913000,39,21,18,1462.5
22830006914000,18,10,8,939.6
22830006987000,123,65,58,5289
22830006988000,42,16,26,2272.2
22830006989000,5,3,2,256
22830007023000,8,4,4,390.4
22830007024000,53,24,29,1457.5
22830007025000,4,3,1,0
22830007034000,6,3,3,340.2
22830007036000,13,6,7,560.3
22830007037000,19,9,10,723.9
22830007039000,76,42,34,2751.2
22830007040000,29,13,16,1342.7
22830007041000,334,162,172,12892.4
22830007042000,64,35,29,2432
22830007053000,12,8,4,662.4
22830007054000,3,2,1,0
22830007057000,3,2,1,0
22830007067000,269,116,153,15306.1
22830007068000,245,112,133,9530.5
22830007069000,88,43,45,3687.2
22830007070000,31,16,15,1184.2
22830007071000,17,9,8,741.2
22830007072000,22,13,9,616
22830007082000,2,1,1,0
22830007117000,14,7,7,670.6
22830007118000,6,3,3,136.2
22830007119000,13,8,5,439.4
22830007136000,9,4,5,378.9
22830007137000,90,45,45,3096
22830007138000,89,32,57,5678.2
22830007139000,5,4,1,165
22830007142000,9,7,2,313.2
22830007149000,20,12,8,430
22840006556000,257,125,132,9766
22840006557000,133,75,58,4535.3
22840006558000,18,9,9,644.4
22840006560000,1,1,0,0
22840006561000,4,2,2,0
22840006562000,45,24,21,2155.5
22840006563000,40,22,18,1480
22840006564000,19,13,6,589
22840006565000,23,12,11,742.9
22840006566000,26,14,12,1060.8
22840006567000,9,6,3,432
22840006568000,14,7,7,599.2
22840006569000,32,16,16,1065.6
22840006570000,10,6,4,519
22840006571000,6,4,2,315
22840006572000,11,6,5,542.3
22840006573000,15,6,9,550.5
22840006574000,12,4,8,444
22840006575000,1,1,0,0
22840006577000,2,1,1,0
22840006578000,45,23,22,2034
22840006579000,317,164,153,10461
22840006580000,217,108,109,7963.9
22840006581000,19,12,7,638.4
22840006582000,32,16,16,1148.8
22840006583000,9,4,5,468
22840006584000,6,1,5,232.8
22840006585000,4,1,3,0
22840006586000,61,30,31,2135
22840006587000,3,2,1,0
22840006588000,20,11,9,914
22840006589000,18,11,7,626.4
22840006590000,7,3,4,186.9
22840006591000,7,3,4,343.7
22840006592000,9,4,5,439.2
22840006593000,2,1,1,0
22840006595000,4,2,2,0
22840006596000,25,14,11,1040
22840006597000,27,15,12,1171.8
22840006598000,79,42,37,2385.8
22840006599000,37,20,17,1069.3
22840006600000,26,14,12,1011.4
22840006601000,47,23,24,1800.1
22840006602000,11,6,5,398.2
22840006603000,53,30,23,1966.3
22840006604000,25,9,16,787.5
22840006605000,17,11,6,659.6
22840006606000,15,8,7,501
22840006607000,29,17,12,1090.4
22840006608000,6,3,3,358.8
22840006609000,243,112,131,8893.8
22840006610000,1514,738,776,56169.4
22840006611000,2161,1087,1074,86872.2
22840006612000,1881,933,948,73170.9
22840006613000,241,129,112,8796.5
22840006614000,34,23,11,969
22840006615000,7,4,3,359.1
22840006616000,4,2,2,0
22840006617000,9,4,5,432
22840006619000,2,1,1,0
22840006620000,32,18,14,1024
22840006624000,16,11,5,550.4
22840006625000,11,8,3,346.5
22840006626000,4,1,3,0
22840006627000,16,8,8,598.4
22840006628000,91,41,50,3276
22840006629000,6,2,4,264
22840006630000,67,31,36,2740.3
22840006631000,181,89,92,6878
22840006632000,15,9,6,777
22840006633000,1,1,0,0
22840006636000,6,3,3,307.8
22840006637000,17,11,6,722.5
22840006638000,670,347,323,21507
22840006639000,218,106,112,8458.4
22840006648000,297,148,149,11553.3
22840006649000,1024,487,537,42905.6
22840006650000,599,296,303,22462.5
22840006651000,377,188,189,12403.3
22840006653000,8,4,4,256.8
22840006655000,14,8,6,526.4
22840006656000,16,7,9,830.4
22840006658000,32,16,16,889.6
22840006659000,30,15,15,1221
22840006660000,15,7,8,649.5
22840006661000,735,387,348,23226
22840006662000,54,27,27,2370.6
22840006663000,24,15,9,859.2
22840006664000,599,287,312,22282.8
22840006665000,1344,669,675,46233.6
22840006666000,1384,692,692,51900
22840006667000,229,108,121,8679.1
22840006668000,11,5,6,517
22840006669000,11,5,6,581.9
22840006670000,10,6,4,450
22840006671000,12,7,5,495.6
22840006672000,13,4,9,583.7
22840006673000,34,15,19,1217.2
22840006674000,80,34,46,3704
22840006675000,401,217,184,14315.7
22840006676000,9,4,5,464.4
22840006685000,9,5,4,298.8
22840006686000,9,2,7,367.2
22840006687000,38,22,16,1588.4
22840006688000,2,1,1,0
22840006695000,4,1,3,0
22840006702000,7,3,4,261.1
22840006703000,1,0,1,0
22840006704000,33,15,18,1316.7
22840006705000,50,24,26,2285
22840006710000,12,8,4,592.8
22840006715000,4,3,1,0
22840006716000,1,1,0,0
22840006728000,27,13,14,1341.9
22840006729000,54,29,25,2505.6
22840006746000,645,329,316,26380.5
22840006747000,2717,1167,1550,127155.6
22840006748000,1777,862,915,76944.1
22840006749000,43,19,24,1879.1
22840006750000,28,15,13,1120
22840006751000,49,26,23,1617
22840006752000,317,157,160,10936.5
22840006753000,10,5,5,476
22840006754000,81,37,44,2640.6
22840006755000,121,68,53,4573.8
22840006756000,88,42,46,3344
22840006757000,26,12,14,774.8
22840006758000,15,10,5,508.5
22840006759000,5,1,4,208
22840006760000,37,22,15,1513.3
22840006761000,106,57,49,3985.6
22840006762000,18,12,6,705.6
22840006763000,4,2,2,0
22840006863000,5,3,2,169
22840006866000,13,7,6,547.3
22840006868000,1,0,1,0
22840006875000,4,2,2,0
22840006880000,4,2,2,0
22840006911000,7,5,2,294.7
22840006913000,9,5,4,384.3
22840006914000,52,29,23,2272.4
22840006915000,10,6,4,298
22840006917000,28,15,13,784
22840006927000,14,9,5,499.8
22840006928000,30,15,15,1272
22840006987000,71,35,36,2676.7
22840007026000,2,1,1,0
22840007036000,1,1,0,0
22840007038000,30,19,11,903
22840007039000,25,13,12,897.5
22840007040000,90,49,41,3168
22840007041000,75,41,34,3037.5
22840007053000,31,15,16,1426
22840007054000,57,31,26,1983.6
22840007067000,17,9,8,452.2
22840007068000,174,84,90,6907.8
22840007069000,108,49,59,4568.4
22840007070000,28,17,11,781.2
22840007071000,28,16,12,946.4
22840007072000,60,32,28,2574
22840007073000,3,2,1,0
22840007078000,21,10,11,609
22840007079000,9,5,4,502.2
22840007121000,2,2,0,0
22840007136000,13,6,7,436.8
22840007137000,19,11,8,699.2
22840007149000,6,2,4,334.2
22850006556000,4,2,2,0
22850006557000,17,9,8,829.6
22850006558000,16,8,8,569.6
22850006559000,9,4,5,384.3
22850006560000,13,6,7,625.3
22850006561000,22,14,8,1126.4
22850006562000,28,16,12,949.2
22850006563000,47,24,23,2190.2
22850006564000,3,3,0,0
22850006566000,1,1,0,0
22850006567000,2,2,0,0
22850006568000,9,4,5,344.7
22850006569000,17,8,9,778.6
22850006570000,16,8,8,702.4
22850006571000,8,3,5,308.8
22850006572000,27,12,15,1028.7
22850006573000,14,11,3,488.6
22850006574000,41,22,19,1685.1
22850006576000,3,2,1,0
22850006578000,9,4,5,377.1
22850006579000,54,28,26,2003.4
22850006580000,155,74,81,5719.5
22850006581000,29,17,12,1093.3
22850006582000,2,1,1,0
22850006583000,3,2,1,0
22850006584000,1,1,0,0
22850006586000,19,10,9,708.7
22850006587000,32,16,16,998.4
22850006588000,68,32,36,2584
22850006592000,22,12,10,743.6
22850006593000,2,1,1,0
22850006594000,18,10,8,680.4
22850006595000,1,1,0,0
22850006597000,5,2,3,97
22850006598000,12,7,5,507.6
22850006599000,19,8,11,718.2
22850006600000,13,7,6,453.7
22850006601000,12,5,7,373.2
22850006602000,71,47,24,2690.9
22850006603000,28,14,14,1002.4
22850006604000,10,5,5,377
22850006605000,5,2,3,334
22850006606000,28,18,10,1153.6
22850006607000,12,6,6,356.4
22850006608000,5,3,2,298
22850006609000,20,9,11,1098
22850006610000,29,13,16,1078.8
22850006611000,324,167,157,12150
22850006612000,622,302,320,23076.2
22850006613000,40,20,20,1656
22850006614000,27,11,16,999
22850006615000,49,26,23,2342.2
22850006616000,11,5,6,431.2
22850006617000,3,2,1,0
22850006618000,10,4,6,460
22850006619000,5,3,2,235
22850006620000,8,4,4,406.4
22850006623000,1,1,0,0
22850006624000,14,8,6,599.2
22850006625000,26,11,15,741
22850006626000,14,8,6,597.8
22850006627000,4,3,1,0
22850006628000,28,16,12,1052.8
22850006629000,16,9,7,548.8
22850006630000,47,24,23,1687.3
22850006631000,5,3,2,277
22850006632000,18,9,9,745.2
22850006633000,41,20,21,1730.2
22850006634000,24,14,10,924
22850006635000,53,31,22,2130.6
22850006636000,43,24,19,2193
22850006637000,61,32,29,2824.3
22850006638000,59,33,26,1970.6
22850006646000,5,3,2,112
22850006647000,65,38,27,2268.5
22850006648000,166,84,82,6789.4
22850006649000,664,331,333,31208
22850006650000,1044,515,529,38314.8
22850006651000,467,224,243,15878
22850006652000,12,5,7,512.4
22850006654000,3,3,0,0
22850006655000,17,7,10,824.5
22850006658000,931,465,466,27650.7
22850006659000,233,124,109,7991.9
22850006660000,2,1,1,0
22850006661000,39,19,20,1267.5
22850006662000,15,8,7,639
22850006663000,49,27,22,1911
22850006664000,151,79,72,6417.5
22850006665000,1769,860,909,63507.1
22850006666000,979,489,490,35635.6
22850006667000,367,188,179,13175.3
22850006668000,48,27,21,1828.8
22850006669000,25,12,13,975
22850006670000,41,21,20,1594.9
22850006672000,5,3,2,202
22850006674000,1032,532,500,32817.6
22850006675000,512,275,237,18227.2
22850006676000,12,9,3,474
22850006683000,15,12,3,634.5
22850006687000,7,4,3,256.9
22850006688000,15,8,7,421.5
22850006689000,6,4,2,159
22850006711000,3,1,2,0
22850006716000,2,1,1,0
22850006727000,4,1,3,0
22850006728000,51,24,27,2259.3
22850006729000,4,3,1,0
22850006746000,2049,989,1060,91590.3
22850006747000,2109,1059,1050,80985.6
22850006748000,1383,692,691,56703
22850006749000,514,258,256,20354.4
22850006750000,102,49,53,3590.4
22850006751000,225,113,112,7177.5
22850006752000,102,51,51,3366
22850006753000,51,23,28,1830.9
22850006754000,230,114,116,7889
22850006755000,144,72,72,4651.2
22850006756000,19,11,8,718.2
22850006757000,18,10,8,774
22850006758000,9,4,5,430.2
22850006760000,22,16,6,924
22850006761000,50,28,22,1375
22850006762000,19,11,8,809.4
22850006763000,6,3,3,241.8
22850006832000,5,2,3,185
22850006833000,3,3,0,0
22850006836000,3,1,2,0
22850006840000,1,1,0,0
22850006877000,1,0,1,0
22850006892000,1,1,0,0
22850006915000,15,10,5,822
22850006916000,2,1,1,0
22850006917000,15,9,6,565.5
22850006918000,24,10,14,900
22850006925000,3,2,1,0
22850006926000,15,6,9,361.5
22850006927000,43,26,17,1767.3
22850006928000,15,7,8,594
22850006977000,2,1,1,0
22850006986000,9,6,3,399.6
22850007038000,21,13,8,821.1
22850007039000,34,19,15,1424.6
22850007040000,168,85,83,6300
22850007041000,127,57,70,4927.6
22850007053000,24,12,12,1135.2
22850007054000,41,16,25,1705.6
22850007055000,45,18,27,1444.5
22850007056000,19,9,10,750.5
22850007057000,28,12,16,1044.4
22850007068000,39,21,18,1513.2
22850007069000,29,20,9,1104.9
22850007070000,4,3,1,0
22850007071000,10,5,5,443
22850007072000,34,17,17,1302.2
22850007136000,7,5,2,287
22850007153000,2,1,1,0
22860006556000,1,1,0,0
22860006557000,23,13,10,1041.9
22860006558000,52,26,26,1882.4
22860006560000,7,4,3,338.8
22860006561000,41,24,17,1529.3
22860006562000,20,9,11,760
22860006563000,17,11,6,805.8
22860006564000,13,6,7,517.4
22860006565000,2,1,1,0
22860006569000,23,12,11,1071.8
22860006570000,5,3,2,227
22860006571000,21,11,10,804.3
22860006574000,8,4,4,384
22860006575000,5,2,3,180
22860006576000,1,1,0,0
22860006578000,8,3,5,399.2
22860006580000,6,3,3,235.2
22860006581000,8,6,2,300
22860006582000,10,5,5,338
22860006585000,4,3,1,0
22860006586000,7,3,4,238.7
22860006587000,7,3,4,261.8
22860006588000,13,6,7,698.1
22860006589000,10,3,7,424
22860006590000,10,6,4,503
22860006591000,4,3,1,0
22860006592000,10,4,6,418
22860006593000,8,4,4,366.4
22860006594000,20,11,9,756
22860006595000,11,6,5,614.9
22860006596000,3,2,1,0
22860006597000,18,12,6,518.4
22860006598000,1,0,1,0
22860006599000,9,2,7,237.6
22860006600000,31,14,17,1131.5
22860006601000,13,8,5,513.5
22860006602000,6,1,5,142.8
22860006603000,5,2,3,169
22860006604000,3,2,1,0
22860006605000,25,11,14,850
22860006606000,23,10,13,1007.4
22860006607000,11,7,4,467.5
22860006608000,1,1,0,0
22860006609000,23,12,11,676.2
22860006610000,26,15,11,1092
22860006611000,19,10,9,879.7
22860006612000,3,2,1,0
22860006613000,3,2,1,0
22860006614000,6,2,4,340.2
22860006615000,42,22,20,1953
22860006616000,13,7,6,386.1
22860006617000,4,2,2,0
22860006618000,9,4,5,415.8
22860006619000,4,1,3,0
22860006620000,23,10,13,871.7
22860006621000,4,2,2,0
22860006622000,9,7,2,323.1
22860006623000,7,3,4,266.7
22860006624000,17,9,8,756.5
22860006625000,17,8,9,479.4
22860006626000,16,7,9,548.8
22860006627000,14,7,7,551.6
22860006628000,12,6,6,483.6
22860006629000,8,5,3,304
22860006630000,29,15,14,997.6
22860006632000,4,3,1,0
22860006633000,7,1,6,189.7
22860006634000,30,13,17,1392
22860006635000,30,17,13,873
22860006636000,6,2,4,247.2
22860006637000,5,4,1,173
22860006644000,2,1,1,0
22860006645000,32,21,11,1161.6
22860006646000,51,23,28,1795.2
22860006647000,57,34,23,2439.6
22860006648000,581,289,292,21555.1
22860006649000,382,186,196,14477.8
22860006650000,57,29,28,1789.8
22860006651000,7,4,3,277.9
22860006652000,17,11,6,613.7
22860006653000,1,1,0,0
22860006658000,3,2,1,0
22860006659000,120,57,63,4812
22860006660000,45,21,24,1651.5
22860006661000,14,8,6,701.4
22860006662000,4,2,2,0
22860006663000,6,3,3,250.2
22860006664000,11,7,4,542.3
22860006665000,105,60,45,3790.5
22860006666000,60,32,28,2478
22860006667000,39,19,20,2016.3
22860006668000,38,20,18,942.4
22860006669000,25,13,12,1192.5
22860006671000,24,10,14,823.2
22860006672000,211,103,108,7701.5
22860006673000,429,186,243,23466.3
22860006674000,698,372,326,26244.8
22860006678000,8,4,4,468.8
22860006679000,18,7,11,617.4
22860006680000,32,16,16,1244.8
22860006681000,14,10,4,516.6
22860006682000,51,26,25,2111.4
22860006683000,43,21,22,1449.1
22860006689000,2,0,2,0
22860006690000,12,6,6,278.4
22860006691000,4,2,2,0
22860006712000,1,1,0,0
22860006719000,1,1,0,0
22860006727000,27,15,12,1088.1
22860006728000,5,2,3,245
22860006740000,7,2,5,303.8
22860006742000,12,6,6,423.6
22860006743000,146,72,74,5621
22860006744000,87,39,48,2879.7
22860006745000,188,69,119,10452.8
22860006746000,2287,1142,1145,99027.1
22860006747000,1974,920,1054,81921
22860006748000,665,321,344,29260
22860006749000,392,196,196,16032.8
22860006750000,167,85,82,6095.5
22860006751000,36,20,16,1292.4
22860006752000,21,11,10,720.3
22860006753000,34,19,15,1132.2
22860006754000,75,39,36,3172.5
22860006755000,16,7,9,758.4
22860006756000,35,18,17,1330
22860006762000,1,1,0,0
22860006807000,1,1,0,0
22860006808000,1,1,0,0
22860006821000,4,3,1,0
22860006883000,9,5,4,306
22860006909000,2,1,1,0
22860006917000,18,6,12,475.2
22860006918000,31,19,12,1184.2
22860006919000,6,3,3,274.2
22860006925000,1,1,0,0
22860006926000,45,21,24,1629
22860006927000,90,46,44,3789
22860006928000,3,1,2,0
22860006976000,2,1,1,0
22860006987000,4,3,1,0
22860007039000,11,4,7,414.7
22860007040000,45,20,25,1795.5
22860007041000,9,5,4,191.7
22860007054000,9,6,3,647.1
22860007055000,83,41,42,3212.1
22860007056000,18,9,9,754.2
22860007057000,45,20,25,1836
22860007058000,25,16,9,1165
22860007069000,44,21,23,1535.6
22860007070000,16,6,10,646.4
22860007077000,7,3,4,293.3
22860007099000,3,1,2,0
22860007111000,2,1,1,0
22860007134000,39,24,15,1649.7
22860007135000,10,3,7,411
22860007136000,7,3,4,212.1
22860007153000,1,0,1,0
22870006557000,8,4,4,512.8
22870006559000,40,23,17,1588
22870006560000,21,10,11,791.7
22870006561000,10,7,3,320
22870006562000,12,6,6,601.2
22870006563000,7,3,4,370.3
22870006564000,10,6,4,562
22870006565000,15,8,7,568.5
22870006569000,6,4,2,328.2
22870006570000,12,4,8,410.4
22870006575000,5,3,2,299
22870006576000,5,2,3,205
22870006577000,11,5,6,409.2
22870006578000,13,6,7,491.4
22870006582000,16,9,7,425.6
22870006583000,6,3,3,253.8
22870006584000,19,9,10,754.3
22870006588000,3,2,1,0
22870006589000,9,5,4,433.8
22870006593000,10,7,3,445
22870006594000,4,1,3,0
22870006595000,32,14,18,1180.8
22870006596000,14,9,5,336
22870006597000,18,9,9,531
22870006598000,50,27,23,1775
22870006599000,16,9,7,817.6
22870006600000,51,31,20,1932.9
22870006601000,5,2,3,201
22870006602000,11,6,5,320.1
22870006603000,7,4,3,261.1
22870006604000,16,8,8,774.4
22870006605000,21,12,9,915.6
22870006606000,6,3,3,184.8
22870006607000,9,5,4,459
22870006608000,7,5,2,310.1
22870006609000,7,3,4,322
22870006610000,26,14,12,1073.8
22870006611000,10,5,5,409
22870006612000,2,1,1,0
22870006613000,26,14,12,803.4
22870006614000,10,4,6,386
22870006615000,11,3,8,372.9
22870006616000,39,18,21,1614.6
22870006617000,66,35,31,2824.8
22870006618000,43,24,19,1707.1
22870006619000,3,2,1,0
22870006620000,7,3,4,228.2
22870006621000,5,1,4,170
22870006626000,1,0,1,0
22870006630000,12,5,7,448.8
22870006631000,4,3,1,0
22870006635000,3,1,2,0
22870006643000,7,5,2,377.3
22870006644000,56,26,30,2368.8
22870006645000,57,29,28,2582.1
22870006646000,2,1,1,0
22870006648000,70,35,35,2912
22870006649000,597,309,288,18447.3
22870006650000,349,181,168,13087.5
22870006651000,39,20,19,1934.4
22870006652000,13,6,7,627.9
22870006653000,18,9,9,682.2
22870006655000,4,3,1,0
22870006658000,22,8,14,1038.4
22870006659000,24,13,11,912
22870006660000,76,38,38,4043.2
22870006661000,27,12,15,918
22870006662000,13,8,5,509.6
22870006663000,31,16,15,1181.1
22870006664000,11,5,6,286
22870006665000,12,8,4,703.2
22870006666000,29,16,13,997.6
22870006667000,11,6,5,484
22870006668000,13,6,7,601.9
22870006669000,4,2,2,0
22870006672000,1218,612,606,45309.6
22870006673000,1966,937,1029,85914.2
22870006674000,1755,858,897,64759.5
22870006675000,391,198,193,14427.9
22870006676000,241,134,107,8555.5
22870006677000,29,13,16,936.7
22870006678000,58,35,23,2296.8
22870006679000,12,8,4,454.8
22870006680000,22,14,8,1097.8
22870006681000,27,15,12,1301.4
22870006682000,102,51,51,3743.4
22870006683000,560,287,273,17864
22870006684000,76,37,39,3017.2
22870006685000,1,1,0,0
22870006688000,646,323,323,18346.4
22870006689000,1348,686,662,51224
22870006690000,286,149,137,11954.8
22870006691000,183,94,89,7795.8
22870006692000,56,32,24,1898.4
22870006702000,3,1,2,0
22870006711000,4,1,3,0
22870006712000,30,18,12,1137
22870006713000,3,0,3,0
22870006734000,2,1,1,0
22870006736000,2,2,0,0
22870006737000,3,2,1,0
22870006738000,5,3,2,81
22870006739000,21,8,13,879.9
22870006740000,22,12,10,730.4
22870006741000,11,6,5,379.5
22870006742000,64,31,33,2412.8
22870006743000,748,382,366,29321.6
22870006744000,428,218,210,16092.8
22870006745000,268,122,146,12864
22870006746000,1776,830,946,74947.2
22870006747000,601,273,328,25782.9
22870006748000,916,454,462,35540.8
22870006749000,160,78,82,6272
22870006750000,70,37,33,2947
22870006751000,10,6,4,329
22870006752000,18,11,7,604.8
22870006753000,24,14,10,957.6
22870006754000,33,13,20,1359.6
22870006755000,42,22,20,1617
22870006756000,12,6,6,568.8
22870006757000,6,3,3,204
22870006820000,2,1,1,0
22870006821000,11,4,7,810.7
22870006831000,18,9,9,810
22870006832000,27,12,15,1080
22870006834000,33,17,16,1333.2
22870006835000,1,0,1,0
22870006865000,1,0,1,0
22870006882000,6,2,4,262.8
22870006909000,2,0,2,0
22870006918000,67,32,35,2438.8
22870006919000,22,11,11,726
22870006922000,2,1,1,0
22870006924000,5,4,1,289
22870006926000,38,15,23,1086.8
22870006927000,52,29,23,2064.4
22870006928000,27,15,12,1134
22870006929000,4,1,3,0
22870006930000,3,2,1,0
22870006949000,1,1,0,0
22870006987000,6,4,2,394.2
22870006988000,2,1,1,0
22870007020000,11,8,3,457.6
22870007021000,2,1,1,0
22870007028000,7,4,3,223.3
22870007029000,1,0,1,0
22870007031000,2,1,1,0
22870007033000,1,1,0,0
22870007039000,167,96,71,4542.4
22870007040000,707,372,335,22906.8
22870007055000,17,10,7,640.9
22870007056000,88,45,43,3467.2
22870007057000,48,23,25,2068.8
22870007058000,109,55,54,3640.6
22870007059000,103,48,55,4295.1
22870007060000,6,3,3,400.8
22870007069000,6,3,3,240
22870007070000,34,17,17,1135.6
22870007079000,2,1,1,0
22870007085000,6,3,3,268.2
22870007133000,22,13,9,1146.2
22870007134000,23,11,12,897
22870007153000,5,3,2,349
22880006558000,470,247,223,17061
22880006559000,214,116,98,8281.8
22880006560000,1,1,0,0
22880006561000,11,5,6,261.8
22880006562000,15,9,6,754.5
22880006565000,9,4,5,352.8
22880006566000,6,4,2,292.8
22880006567000,5,2,3,234
22880006568000,5,4,1,124
22880006569000,20,11,9,1002
22880006570000,7,4,3,268.8
22880006577000,15,8,7,649.5
22880006579000,3,2,1,0
22880006584000,12,8,4,452.4
22880006585000,11,7,4,544.5
22880006586000,25,14,11,892.5
22880006587000,23,10,13,851
22880006588000,4,2,2,0
22880006590000,7,5,2,284.9
22880006592000,1,1,0,0
22880006593000,10,6,4,442
22880006594000,7,5,2,349.3
22880006595000,14,7,7,576.8
22880006596000,7,4,3,214.9
22880006597000,4,2,2,0
22880006598000,25,12,13,1112.5
22880006599000,26,15,11,964.6
22880006600000,27,13,14,1163.7
22880006601000,18,10,8,640.8
22880006602000,37,23,14,1272.8
22880006603000,37,19,18,1461.5
22880006604000,10,6,4,360
22880006605000,9,5,4,414
22880006606000,21,12,9,856.8
22880006607000,20,10,10,1138
22880006608000,4,2,2,0
22880006609000,22,13,9,668.8
22880006610000,208,117,91,8132.8
22880006611000,99,47,52,3801.6
22880006612000,42,21,21,1373.4
22880006613000,5,3,2,282
22880006614000,5,4,1,194
22880006615000,3,2,1,0
22880006616000,4,2,2,0
22880006617000,10,4,6,419
22880006620000,2,1,1,0
22880006622000,4,1,3,0
22880006639000,27,17,10,920.7
22880006640000,42,18,24,2049.6
22880006641000,40,19,21,2084
22880006642000,47,24,23,1833
22880006643000,105,55,50,3927
22880006644000,151,78,73,5722.9
22880006648000,6,3,3,214.8
22880006649000,69,36,33,2684.1
22880006650000,93,53,40,3189.9
22880006651000,48,24,24,2136
22880006652000,20,10,10,766
22880006653000,154,86,68,5651.8
22880006654000,9,5,4,431.1
22880006655000,5,2,3,138
22880006656000,5,2,3,266
22880006657000,11,4,7,314.6
22880006658000,26,15,11,1162.2
22880006659000,48,25,23,2011.2
22880006660000,40,23,17,1356
22880006661000,11,5,6,500.5
22880006665000,7,2,5,273
22880006666000,12,7,5,657.6
22880006667000,32,17,15,1241.6
22880006668000,14,8,6,530.6
22880006669000,15,9,6,696
22880006670000,3,3,0,0
22880006672000,1187,613,574,34779.1
22880006673000,1075,519,556,40097.5
22880006674000,727,349,378,26172
22880006675000,1941,951,990,57065.4
22880006678000,6,3,3,228
22880006681000,5,3,2,140
22880006683000,3,2,1,0
22880006684000,143,81,62,5462.6
22880006685000,25,16,9,1000
22880006686000,65,34,31,2626
22880006687000,1054,541,513,34887.4
22880006688000,958,477,481,40331.8
22880006689000,482,246,236,19665.6
22880006690000,35,15,20,1620.5
22880006691000,109,44,65,4425.4
22880006692000,47,26,21,1692
22880006693000,3,1,2,0
22880006695000,3,1,2,0
22880006710000,16,9,7,542.4
22880006711000,206,104,102,8899.2
22880006712000,159,82,77,5898.9
22880006713000,12,7,5,568.8
22880006723000,2,1,1,0
22880006733000,20,9,11,804
22880006734000,24,11,13,988.8
22880006735000,15,7,8,694.5
22880006736000,8,4,4,323.2
22880006737000,38,19,19,1637.8
22880006738000,102,53,49,3570
22880006739000,41,20,21,1439.1
22880006740000,45,21,24,1458
22880006741000,1,1,0,0
22880006742000,44,18,26,1922.8
22880006743000,701,342,359,28741
22880006744000,1423,658,765,62185.1
22880006745000,451,205,246,20475.4
22880006746000,95,51,44,3325
22880006747000,69,38,31,2697.9
22880006748000,51,28,23,1912.5
22880006749000,42,22,20,1268.4
22880006750000,32,16,16,1379.2
22880006751000,3,2,1,0
22880006752000,33,20,13,1369.5
22880006753000,11,7,4,509.3
22880006754000,56,28,28,1741.6
22880006757000,5,2,3,148
22880006818000,3,2,1,0
22880006819000,3,2,1,0
22880006820000,15,7,8,730.5
22880006821000,16,12,4,816
22880006823000,1,0,1,0
22880006828000,4,3,1,0
22880006829000,6,3,3,331.2
22880006830000,46,24,22,2014.8
22880006831000,40,19,21,1984
22880006832000,61,33,28,3074.4
22880006833000,14,10,4,369.6
22880006834000,6,5,1,202.2
22880006835000,7,2,5,219.1
22880006879000,2,1,1,0
22880006920000,15,8,7,553.5
22880006924000,18,10,8,718.2
22880006925000,7,3,4,301
22880006926000,7,3,4,310.1
22880006927000,4,1,3,0
22880006930000,8,5,3,288.8
22880006931000,11,3,8,268.4
22880006988000,5,2,3,163
22880007028000,1,1,0,0
22880007031000,16,7,9,619.2
22880007032000,5,3,2,187
22880007033000,24,13,11,1408.8
22880007034000,30,21,9,1200
22880007035000,11,6,5,635.8
22880007038000,7,4,3,245
22880007039000,560,274,286,16520
22880007040000,339,171,168,9661.5
22880007056000,29,16,13,1383.3
22880007057000,49,22,27,1969.8
22880007058000,302,120,182,13861.8
22880007059000,34,20,14,1761.2
22880007060000,26,9,17,1037.4
22880007061000,10,5,5,342
22880007070000,3,2,1,0
22880007085000,16,7,9,507.2
22880007087000,3,2,1,0
22880007131000,18,8,10,750.6
22880007132000,17,12,5,674.9
22880007133000,3,2,1,0
22880007147000,1,1,0,0
22880007149000,2,1,1,0
22880007152000,8,4,4,223.2
22880007153000,20,11,9,936
22890006558000,41,20,21,1414.5
22890006559000,57,29,28,1881
22890006560000,14,10,4,558.6
22890006561000,5,3,2,244
22890006562000,6,3,3,163.8
22890006563000,21,7,14,772.8
22890006564000,9,4,5,385.2
22890006566000,13,8,5,426.4
22890006567000,25,13,12,1217.5
22890006568000,11,6,5,348.7
22890006569000,5,1,4,196
22890006573000,6,3,3,207
22890006575000,9,5,4,450.9
22890006576000,6,5,1,246
22890006582000,9,6,3,326.7
22890006585000,4,3,1,0
22890006586000,15,10,5,574.5
22890006587000,12,6,6,314.4
22890006588000,24,16,8,984
22890006593000,17,7,10,469.2
22890006594000,19,10,9,744.8
22890006595000,18,11,7,657
22890006596000,14,7,7,515.2
22890006597000,23,15,8,910.8
22890006598000,20,11,9,740
22890006599000,8,5,3,322.4
22890006600000,5,2,3,314
22890006601000,22,9,13,825
22890006602000,18,10,8,1166.4
22890006603000,11,6,5,638
22890006604000,24,13,11,612
22890006605000,23,12,11,844.1
22890006606000,11,6,5,371.8
22890006609000,16,7,9,481.6
22890006610000,160,75,85,6336
22890006611000,300,150,150,11490
22890006612000,23,13,10,1009.7
22890006613000,16,8,8,521.6
22890006614000,4,2,2,0
22890006615000,1,1,0,0
22890006618000,17,9,8,564.4
22890006619000,2,2,0,0
22890006620000,5,1,4,351
22890006621000,13,7,6,304.2
22890006622000,17,6,11,613.7
22890006623000,23,16,7,1023.5
22890006624000,11,7,4,477.4
22890006625000,11,5,6,511.5
22890006626000,6,2,4,148.8
22890006627000,3,2,1,0
22890006629000,4,2,2,0
22890006630000,9,3,6,320.4
22890006631000,11,7,4,336.6
22890006632000,9,7,2,457.2
22890006633000,13,7,6,613.6
22890006634000,21,11,10,861
22890006635000,14,8,6,642.6
22890006638000,14,9,5,499.8
22890006639000,17,7,10,562.7
22890006640000,57,34,23,2200.2
22890006641000,127,69,58,5321.3
22890006642000,13,9,4,656.5
22890006643000,198,103,95,7207.2
22890006644000,231,115,116,7045.5
22890006650000,8,5,3,283.2
22890006651000,16,9,7,721.6
22890006653000,16,7,9,761.6
22890006654000,86,42,44,3259.4
22890006655000,479,244,235,17244
22890006656000,174,83,91,4872
22890006657000,16,9,7,670.4
22890006658000,10,4,6,310
22890006659000,601,318,283,23138.5
22890006660000,123,61,62,4231.2
22890006661000,7,5,2,375.2
22890006662000,9,6,3,365.4
22890006663000,12,5,7,450
22890006664000,6,4,2,382.2
22890006665000,29,18,11,1229.6
22890006666000,10,5,5,469
22890006667000,130,70,60,4706
22890006668000,770,388,382,25256
22890006669000,16,8,8,884.8
22890006671000,37,20,17,1535.5
22890006672000,1272,633,639,40958.4
22890006673000,263,130,133,10257
22890006674000,7,3,4,230.3
22890006675000,1,1,0,0
22890006676000,36,13,23,957.6
22890006677000,10,5,5,327
22890006678000,53,28,25,1881.5
22890006681000,4,2,2,0
22890006683000,22,8,14,948.2
22890006684000,468,237,231,13946.4
22890006685000,650,346,304,22620
22890006686000,550,281,269,17435
22890006687000,1640,840,800,60844
22890006688000,539,259,280,22530.2
22890006689000,237,123,114,9314.1
22890006690000,221,117,104,8707.4
22890006691000,62,32,30,2777.6
22890006692000,74,40,34,2738
22890006693000,290,135,155,11484
22890006694000,122,63,59,4111.4
22890006695000,31,11,20,821.5
22890006696000,5,3,2,188
22890006697000,1,1,0,0
22890006701000,7,4,3,135.8
22890006702000,14,10,4,560
22890006709000,10,7,3,296
22890006710000,25,14,11,1025
22890006711000,11,6,5,412.5
22890006712000,6,2,4,205.2
22890006713000,78,42,36,3393
22890006714000,21,11,10,785.4
22890006718000,13,7,6,341.9
22890006719000,4,3,1,0
22890006722000,3,1,2,0
22890006729000,3,2,1,0
22890006731000,9,5,4,448.2
22890006732000,8,3,5,438.4
22890006733000,25,15,10,1135
22890006734000,8,4,4,287.2
22890006735000,20,11,9,860
22890006736000,85,40,45,2915.5
22890006737000,54,29,25,2322
22890006738000,26,15,11,1092
22890006739000,129,60,69,4218.3
22890006740000,211,98,113,6836.4
22890006741000,18,12,6,811.8
22890006742000,59,30,29,2230.2
22890006743000,1544,741,803,59289.6
22890006744000,280,140,140,12628
22890006745000,22,10,12,862.4
22890006746000,802,381,421,31839.4
22890006747000,1081,516,565,42050.9
22890006748000,58,34,24,2482.4
22890006749000,441,217,224,17154.9
22890006750000,147,80,67,5865.3
22890006751000,34,22,12,1292
22890006752000,21,10,11,676.2
22890006753000,11,4,7,521.4
22890006754000,54,24,30,2003.4
22890006755000,40,20,20,1852
22890006756000,7,5,2,300.3
22890006816000,26,10,16,1021.8
22890006817000,1,1,0,0
22890006818000,8,3,5,262.4
22890006823000,1,1,0,0
22890006824000,39,26,13,1485.9
22890006825000,6,3,3,250.8
22890006826000,1,1,0,0
22890006827000,12,8,4,501.6
22890006828000,28,13,15,1234.8
22890006829000,2,1,1,0
22890006830000,7,5,2,217
22890006831000,32,17,15,1142.4
22890006832000,219,118,101,8650.5
22890006833000,296,159,137,11958.4
22890006834000,61,31,30,2708.4
22890006835000,6,3,3,87
22890006876000,1,1,0,0
22890006917000,4,1,3,0
22890006922000,7,4,3,230.3
22890006923000,12,7,5,482.4
22890006924000,6,3,3,316.8
22890006927000,13,8,5,410.8
22890006942000,4,2,2,0
22890007028000,2,1,1,0
22890007030000,20,10,10,758
22890007032000,73,39,34,2613.4
22890007033000,2,1,1,0
22890007034000,2,1,1,0
22890007035000,8,5,3,452
22890007036000,72,38,34,2728.8
22890007037000,100,52,48,3620
22890007038000,304,153,151,14348.8
22890007039000,464,231,233,15636.8
22890007040000,7,5,2,301.7
22890007047000,5,3,2,169
22890007048000,47,28,19,1668.5
22890007049000,16,10,6,545.6
22890007050000,37,18,19,1295
22890007051000,13,5,8,309.4
22890007055000,7,4,3,499.8
22890007056000,56,29,27,1920.8
22890007057000,84,50,34,3175.2
22890007058000,106,57,49,4250.6
22890007059000,32,18,14,1369.6
22890007060000,4,2,2,0
22890007061000,28,14,14,1136.8
22890007062000,13,8,5,577.2
22890007070000,9,5,4,407.7
22890007071000,10,5,5,377
22890007072000,6,2,4,183
22890007080000,4,2,2,0
22890007086000,7,5,2,282.8
22890007130000,26,15,11,1167.4
22890007131000,2,1,1,0
22890007147000,2,0,2,0
22890007148000,1,0,1,0
22900006559000,25,15,10,905
22900006560000,44,20,24,1856.8
22900006561000,52,28,24,1877.2
22900006562000,7,4,3,328.3
22900006564000,18,10,8,655.2
22900006565000,31,15,16,1116
22900006566000,30,16,14,1170
22900006567000,43,19,24,1569.5
22900006568000,10,5,5,400
22900006569000,5,1,4,226
22900006570000,2,1,1,0
22900006572000,1,1,0,0
22900006575000,5,3,2,142
22900006581000,5,3,2,178
22900006584000,1,0,1,0
22900006585000,11,6,5,512.6
22900006586000,10,4,6,320
22900006587000,24,11,13,861.6
22900006588000,37,19,18,1387.5
22900006589000,8,4,4,454.4
22900006590000,9,6,3,351.9
22900006592000,4,3,1,0
22900006593000,55,30,25,1831.5
22900006594000,21,12,9,795.9
22900006595000,19,11,8,885.4
22900006596000,13,8,5,586.3
22900006597000,1,1,0,0
22900006598000,22,12,10,783.2
22900006599000,6,2,4,243
22900006600000,14,8,6,616
22900006601000,3,2,1,0
22900006602000,70,32,38,2478
22900006603000,97,53,44,3346.5
22900006604000,17,8,9,680
22900006605000,48,29,19,1694.4
22900006606000,58,36,22,2018.4
22900006607000,3,2,1,0
22900006608000,15,8,7,483
22900006609000,96,24,72,7257.6
22900006610000,1,1,0,0
22900006611000,10,4,6,376
22900006612000,8,4,4,252
22900006613000,6,2,4,339
22900006614000,8,6,2,262.4
22900006615000,27,15,12,783
22900006616000,10,5,5,442
22900006617000,17,9,8,668.1
22900006618000,6,3,3,379.8
22900006619000,28,15,13,912.8
22900006620000,18,7,11,554.4
22900006621000,8,4,4,286.4
22900006622000,25,15,10,690
22900006623000,18,9,9,685.8
22900006624000,14,9,5,427
22900006625000,16,10,6,454.4
22900006626000,17,10,7,552.5
22900006627000,9,4,5,428.4
22900006628000,29,18,11,1160
22900006629000,13,8,5,377
22900006630000,7,4,3,331.1
22900006631000,32,18,14,1200
22900006632000,30,14,16,1314
22900006633000,41,21,20,1722
22900006634000,73,36,37,2949.2
22900006635000,18,8,10,815.4
22900006637000,2,1,1,0
22900006638000,2,1,1,0
22900006639000,19,10,9,685.9
22900006640000,13,7,6,596.7
22900006641000,14,7,7,742
22900006642000,28,15,13,957.6
22900006643000,78,40,38,2714.4
22900006644000,13,8,5,401.7
22900006653000,333,165,168,9657
22900006654000,1398,689,709,50747.4
22900006655000,1303,604,699,54856.3
22900006656000,146,71,75,5840
22900006657000,52,23,29,1814.8
22900006658000,49,25,24,1960
22900006659000,260,128,132,11232
22900006660000,45,24,21,1633.5
22900006661000,20,7,13,956
22900006663000,39,23,16,1716
22900006666000,5,1,4,206
22900006667000,27,16,11,923.4
22900006668000,20,10,10,1098
22900006669000,7,4,3,385.7
22900006670000,18,11,7,680.4
22900006671000,20,9,11,756
22900006672000,781,377,404,22102.3
22900006673000,350,180,170,12565
22900006674000,4,2,2,0
22900006676000,30,13,17,1335
22900006677000,84,45,39,3494.4
22900006678000,4,2,2,0
22900006681000,5,2,3,137
22900006682000,2,1,1,0
22900006683000,26,12,14,1021.8
22900006684000,567,268,299,16443
22900006685000,782,391,391,26588
22900006686000,94,50,44,3299.4
22900006687000,48,24,24,1593.6
22900006688000,13,6,7,673.4
22900006689000,33,19,14,1514.7
22900006690000,57,33,24,1983.6
22900006691000,40,27,13,1328
22900006692000,41,22,19,1562.1
22900006693000,432,214,218,18187.2
22900006694000,234,107,127,8213.4
22900006695000,44,20,24,1570.8
22900006696000,25,12,13,957.5
22900006697000,18,12,6,844.2
22900006698000,38,20,18,1668.2
22900006699000,17,11,6,724.2
22900006700000,275,144,131,10037.5
22900006701000,91,45,46,3521.7
22900006702000,81,45,36,3393.9
22900006703000,48,24,24,2054.4
22900006705000,1,0,1,0
22900006706000,23,11,12,910.8
22900006707000,22,12,10,1089
22900006708000,32,14,18,1129.6
22900006709000,5,4,1,179
22900006714000,32,20,12,1484.8
22900006715000,30,14,16,1353
22900006716000,8,5,3,387.2
22900006717000,26,15,11,1453.4
22900006718000,16,7,9,577.6
22900006719000,41,20,21,1914.7
22900006720000,6,3,3,235.2
22900006726000,1,1,0,0
22900006732000,2,0,2,0
22900006733000,22,12,10,785.4
22900006734000,20,9,11,778
22900006735000,63,30,33,2520
22900006736000,24,14,10,1051.2
22900006737000,19,9,10,760
22900006738000,22,8,14,798.6
22900006739000,10,6,4,288
22900006740000,4,1,3,0
22900006741000,63,34,29,2438.1
22900006742000,282,147,135,10490.4
22900006743000,76,37,39,3465.6
22900006744000,96,49,47,3897.6
22900006745000,572,288,284,20592
22900006746000,316,159,157,13461.6
22900006747000,219,122,97,8431.5
22900006748000,281,135,146,13122.7
22900006749000,180,86,94,7578
22900006750000,62,30,32,2405.6
22900006751000,8,4,4,367.2
22900006752000,32,15,17,1468.8
22900006753000,27,15,12,1177.2
22900006754000,10,4,6,663
22900006755000,52,29,23,2048.8
22900006815000,12,5,7,676.8
22900006816000,32,19,13,1056
22900006817000,1,0,1,0
22900006818000,5,2,3,238
22900006824000,12,6,6,600
22900006825000,6,3,3,277.8
22900006826000,6,3,3,337.2
22900006827000,1,1,0,0
22900006828000,2,1,1,0
22900006829000,9,3,6,252
22900006830000,17,10,7,863.6
22900006831000,10,5,5,308
22900006832000,383,172,211,16545.6
22900006833000,246,101,145,13185.6
22900006835000,3,3,0,0
22900006865000,1,1,0,0
22900006875000,1,1,0,0
22900006905000,2,1,1,0
22900006921000,5,2,3,157
22900006922000,9,5,4,340.2
22900006923000,11,4,7,489.5
22900006926000,15,7,8,579
22900006927000,6,5,1,199.2
22900006988000,19,12,7,685.9
22900006989000,7,4,3,226.8
22900007022000,5,2,3,168
22900007028000,17,7,10,515.1
22900007029000,92,49,43,3440.8
22900007032000,2,1,1,0
22900007036000,7,2,5,251.3
22900007037000,545,279,266,22127
22900007038000,468,233,235,19141.2
22900007039000,259,136,123,10411.8
22900007040000,17,7,10,916.3
22900007045000,9,5,4,485.1
22900007046000,45,24,21,2142
22900007047000,57,26,31,2160.3
22900007048000,51,27,24,1499.4
22900007049000,41,20,21,1439.1
22900007050000,56,26,30,1932
22900007051000,18,9,9,745.2
22900007052000,18,12,6,759.6
22900007056000,5,3,2,160
22900007057000,97,52,45,3210.7
22900007058000,35,17,18,1260
22900007059000,5,2,3,350
22900007060000,2,1,1,0
22900007061000,17,5,12,691.9
22900007062000,26,16,10,881.4
22900007063000,9,4,5,223.2
22900007071000,13,6,7,573.3
22900007072000,4,1,3,0
22900007130000,13,7,6,855.4
22900007131000,8,5,3,408.8
22900007144000,1,0,1,0
22900007150000,4,2,2,0
22900007152000,1,1,0,0
22910006558000,135,71,64,5386.5
22910006559000,387,189,198,15518.7
22910006560000,1083,534,549,44836.2
22910006561000,251,126,125,9563.1
22910006562000,2,1,1,0
22910006563000,8,5,3,312.8
22910006564000,8,4,4,219.2
22910006565000,11,7,4,325.6
22910006566000,23,11,12,761.3
22910006567000,15,8,7,591
22910006568000,3,2,1,0
22910006570000,13,6,7,432.9
22910006571000,14,7,7,457.8
22910006572000,4,4,0,0
22910006573000,6,3,3,220.2
22910006574000,4,1,3,0
22910006575000,4,3,1,0
22910006576000,13,6,7,483.6
22910006583000,4,2,2,0
22910006584000,4,2,2,0
22910006585000,9,5,4,360.9
22910006587000,1,1,0,0
22910006589000,9,5,4,324
22910006590000,21,10,11,984.9
22910006591000,4,1,3,0
22910006592000,28,12,16,753.2
22910006593000,204,105,99,6446.4
22910006594000,851,429,422,32082.7
22910006595000,364,170,194,13504.4
22910006596000,18,7,11,797.4
22910006597000,30,20,10,933
22910006598000,14,8,6,565.6
22910006599000,4,3,1,0
22910006600000,10,6,4,306
22910006601000,31,19,12,1181.1
22910006602000,94,48,46,2735.4
22910006603000,13,4,9,286
22910006604000,2,1,1,0
22910006605000,27,11,16,1220.4
22910006606000,427,205,222,16396.8
22910006607000,156,77,79,5538
22910006608000,141,73,68,6006.6
22910006609000,86,45,41,3104.6
22910006611000,2,2,0,0
22910006612000,21,13,8,810.6
22910006613000,16,6,10,724.8
22910006614000,22,13,9,946
22910006615000,24,10,14,818.4
22910006616000,20,12,8,862
22910006617000,79,43,36,2701.8
22910006618000,24,10,14,1010.4
22910006619000,20,11,9,726
22910006620000,46,25,21,1688.2
22910006621000,50,29,21,1635
22910006622000,10,4,6,402
22910006623000,281,146,135,12251.6
22910006624000,333,165,168,13786.2
22910006625000,47,23,24,2157.3
22910006626000,46,24,22,1761.8
22910006627000,31,20,11,1422.9
22910006628000,43,22,21,1930.7
22910006629000,10,6,4,369
22910006630000,59,29,30,2377.7
22910006631000,5,3,2,341
22910006632000,13,6,7,474.5
22910006633000,4,1,3,0
22910006636000,1,0,1,0
22910006637000,3,2,1,0
22910006642000,24,12,12,984
22910006643000,15,8,7,646.5
22910006650000,1,0,1,0
22910006654000,89,52,37,3773.6
22910006655000,268,139,129,11792
22910006656000,244,126,118,9711.2
22910006657000,16,9,7,774.4
22910006658000,5,2,3,128
22910006659000,1,1,0,0
22910006660000,18,8,10,624.6
22910006661000,10,6,4,503
22910006663000,16,8,8,718.4
22910006664000,25,14,11,900
22910006666000,7,4,3,343.7
22910006667000,73,41,32,2985.7
22910006668000,7,2,5,287.7
22910006669000,10,5,5,462
22910006670000,20,10,10,788
22910006671000,21,9,12,816.9
22910006672000,26,10,16,915.2
22910006673000,255,120,135,8211
22910006674000,11,5,6,653.4
22910006677000,27,17,10,915.3
22910006678000,12,6,6,476.4
22910006682000,26,13,13,1144
22910006684000,8,3,5,226.4
22910006685000,27,15,12,864
22910006686000,20,10,10,598
22910006687000,98,48,50,3831.8
22910006688000,11,6,5,544.5
22910006689000,29,21,8,1154.2
22910006690000,3,2,1,0
22910006691000,2,1,1,0
22910006692000,36,20,16,1562.4
22910006693000,157,82,75,5966
22910006694000,188,100,88,6674
22910006695000,30,19,11,1317
22910006696000,19,8,11,959.5
22910006697000,60,31,29,2124
22910006698000,41,20,21,1512.9
22910006699000,16,9,7,657.6
22910006700000,18,9,9,649.8
22910006701000,132,70,62,5412
22910006717000,2,1,1,0
22910006718000,6,2,4,229.8
22910006719000,8,4,4,339.2
22910006725000,6,4,2,256.2
22910006727000,10,6,4,533
22910006728000,7,4,3,415.8
22910006729000,21,12,9,711.9
22910006730000,6,2,4,376.8
22910006731000,5,3,2,241
22910006733000,1,1,0,0
22910006734000,28,14,14,1318.8
22910006735000,64,37,27,2489.6
22910006736000,157,82,75,6813.8
22910006737000,597,239,358,33551.4
22910006738000,31,15,16,988.9
22910006739000,43,23,20,1302.9
22910006740000,68,37,31,2740.4
22910006741000,47,25,22,1673.2
22910006742000,8,4,4,319.2
22910006743000,90,48,42,3303
22910006744000,26,15,11,995.8
22910006745000,8,5,3,350.4
22910006746000,134,77,57,4824
22910006747000,152,79,73,5548
22910006748000,121,65,56,5033.6
22910006749000,38,20,18,1197
22910006750000,38,18,20,1550.4
22910006751000,20,11,9,1214
22910006752000,38,18,20,1721.4
22910006753000,21,11,10,903
22910006754000,35,19,16,1456
22910006755000,45,23,22,1584
22910006814000,2,2,0,0
22910006815000,12,7,5,579.6
22910006816000,12,4,8,555.6
22910006828000,5,3,2,311
22910006832000,14,7,7,548.8
22910006873000,8,3,5,352
22910006900000,2,2,0,0
22910006901000,20,13,7,852
22910006902000,16,8,8,556.8
22910006923000,15,6,9,459
22910006924000,6,4,2,229.8
22910006926000,11,6,5,506
22910006927000,16,10,6,628.8
22910006988000,3,1,2,0
22910006989000,9,6,3,432
22910007029000,14,6,8,585.2
22910007030000,1,1,0,0
22910007038000,171,82,89,5848.2
22910007039000,415,201,214,15189
22910007040000,141,71,70,4681.2
22910007045000,7,3,4,203
22910007046000,15,9,6,657
22910007047000,33,18,15,1201.2
22910007048000,42,22,20,1512
22910007049000,439,219,220,14530.9
22910007050000,35,20,15,1158.5
22910007051000,18,8,10,662.4
22910007052000,19,9,10,788.5
22910007057000,131,61,70,4833.9
22910007058000,1,0,1,0
22910007059000,18,10,8,811.8
22910007060000,3,2,1,0
22910007061000,32,17,15,1113.6
22910007062000,41,21,20,1767.1
22910007063000,4,2,2,0
22910007071000,7,4,3,310.8
22910007072000,6,3,3,196.8
22910007081000,9,6,3,439.2
22910007086000,2,2,0,0
22910007102000,1,1,0,0
22910007151000,7,3,4,301.7
22920006557000,55,33,22,2227.5
22920006558000,127,56,71,7747
22920006559000,1991,943,1048,85413.9
22920006560000,2405,1126,1279,107744
22920006561000,659,332,327,25701
22920006562000,432,228,204,11275.2
22920006563000,23,13,10,1244.3
22920006564000,19,10,9,716.3
22920006565000,18,9,9,765
22920006566000,5,3,2,125
22920006573000,7,4,3,303.8
22920006574000,5,3,2,138
22920006578000,2,1,1,0
22920006579000,1,1,0,0
22920006584000,7,5,2,226.1
22920006585000,16,7,9,483.2
22920006586000,7,2,5,216.3
22920006589000,2,1,1,0
22920006590000,14,8,6,473.2
22920006591000,123,61,62,5190.6
22920006592000,350,161,189,14665
22920006593000,1023,452,571,52479.9
22920006594000,243,106,137,8286.3
22920006595000,23,13,10,641.7
22920006596000,13,9,4,522.6
22920006597000,11,7,4,535.7
22920006598000,53,27,26,1945.1
22920006599000,10,6,4,465
22920006600000,11,8,3,314.6
22920006601000,5,3,2,148
22920006602000,16,9,7,748.8
22920006603000,7,5,2,307.3
22920006604000,2,1,1,0
22920006605000,12,8,4,492
22920006606000,171,88,83,6788.7
22920006607000,1567,750,817,67694.4
22920006608000,1097,535,562,40808.4
22920006609000,409,194,215,16973.5
22920006610000,23,10,13,929.2
22920006611000,2,1,1,0
22920006612000,6,3,3,348
22920006613000,19,10,9,851.2
22920006614000,49,24,25,1984.5
22920006615000,51,30,21,1734
22920006616000,490,245,245,21854
22920006617000,720,317,403,34128
22920006618000,14,9,5,568.4
22920006619000,23,13,10,966
22920006620000,19,8,11,573.8
22920006621000,18,9,9,707.4
22920006622000,18,11,7,516.6
22920006623000,24,14,10,667.2
22920006624000,94,42,52,3355.8
22920006625000,13,6,7,510.9
22920006630000,4,3,1,0
22920006642000,28,18,10,1192.8
22920006643000,4,3,1,0
22920006649000,4,2,2,0
22920006654000,41,22,19,1656.4
22920006655000,72,37,35,2520
22920006656000,6,3,3,225
22920006658000,30,19,11,1089
22920006659000,6,2,4,285
22920006661000,10,4,6,457
22920006662000,14,9,5,670.6
22920006664000,17,7,10,540.6
22920006665000,34,16,18,1530
22920006666000,15,8,7,778.5
22920006667000,10,6,4,534
22920006668000,31,15,16,1224.5
22920006669000,4,3,1,0
22920006670000,6,3,3,208.2
22920006671000,30,14,16,1260
22920006672000,1,0,1,0
22920006673000,283,154,129,9763.5
22920006674000,44,22,22,2050.4
22920006675000,41,24,17,1525.2
22920006676000,142,76,66,5254
22920006677000,260,127,133,9464
22920006678000,461,235,226,15904.5
22920006679000,10,5,5,393
22920006680000,9,7,2,354.6
22920006681000,10,7,3,458
22920006682000,6,3,3,154.2
22920006687000,14,8,6,610.4
22920006688000,30,14,16,1353
22920006689000,72,35,37,3045.6
22920006690000,36,22,14,1191.6
22920006691000,53,26,27,2178.3
22920006692000,31,15,16,1091.2
22920006693000,219,109,110,8190.6
22920006694000,71,38,33,2854.2
22920006695000,14,7,7,697.2
22920006696000,13,7,6,573.3
22920006697000,30,14,16,1473
22920006698000,10,5,5,355
22920006699000,72,39,33,2707.2
22920006700000,89,43,46,3809.2
22920006701000,40,21,19,1368
22920006702000,28,11,17,1117.2
22920006724000,6,5,1,298.8
22920006725000,1,1,0,0
22920006726000,34,17,17,1210.4
22920006727000,8,5,3,456.8
22920006728000,12,6,6,562.8
22920006729000,3,2,1,0
22920006730000,23,13,10,857.9
22920006731000,22,11,11,913
22920006732000,10,6,4,614
22920006733000,60,32,28,2412
22920006734000,24,15,9,940.8
22920006735000,34,19,15,1414.4
22920006736000,720,362,358,27936
22920006737000,748,366,382,30593.2
22920006738000,160,78,82,6992
22920006739000,46,23,23,1812.4
22920006740000,25,11,14,977.5
22920006741000,19,10,9,803.7
22920006742000,10,6,4,476
22920006743000,27,17,10,1120.5
22920006744000,32,18,14,1292.8
22920006745000,23,16,7,938.4
22920006746000,27,14,13,985.5
22920006747000,138,68,70,5271.6
22920006748000,169,79,90,7419.1
22920006749000,61,34,27,2421.7
22920006750000,24,13,11,1020
22920006751000,43,22,21,1900.6
22920006752000,49,29,20,1925.7
22920006753000,6,2,4,250.2
22920006754000,8,4,4,295.2
22920006755000,169,90,79,5746
22920006814000,1,1,0,0
22920006815000,14,6,8,432.6
22920006832000,2,1,1,0
22920006870000,3,2,1,0
22920006871000,2,0,2,0
22920006872000,21,11,10,703.5
22920006873000,8,6,2,338.4
22920006899000,2,2,0,0
22920006900000,28,14,14,1075.2
22920006901000,26,15,11,985.4
22920006902000,5,1,4,246
22920006924000,5,3,2,188
22920006925000,48,24,24,1824
22920006926000,70,38,32,2933
22920006927000,53,28,25,2014
22920006928000,6,4,2,217.8
22920006989000,11,4,7,457.6
22920007008000,2,0,2,0
22920007029000,22,13,9,721.6
22920007040000,340,174,166,10880
22920007044000,8,5,3,238.4
22920007045000,12,6,6,496.8
22920007046000,19,7,12,522.5
22920007047000,49,21,28,1896.3
22920007048000,75,41,34,2587.5
22920007049000,466,222,244,16636.2
22920007051000,92,46,46,2677.2
22920007052000,29,15,14,1244.1
22920007057000,28,12,16,1380.4
22920007058000,8,6,2,402.4
22920007059000,23,13,10,788.9
22920007060000,21,9,12,917.7
22920007061000,54,28,26,1981.8
22920007062000,47,24,23,1865.9
22920007081000,2,2,0,0
22930006553000,3,1,2,0
22930006554000,29,15,14,994.7
22930006555000,92,47,45,3238.4
22930006556000,92,52,40,3477.6
22930006557000,374,195,179,13912.8
22930006558000,1337,650,687,54148.5
22930006559000,2254,1064,1190,102106.2
22930006560000,1984,1005,979,75392
22930006561000,1829,903,926,71148.1
22930006562000,397,200,197,12148.2
22930006564000,19,10,9,906.3
22930006565000,26,13,13,899.6
22930006566000,27,15,12,996.3
22930006571000,4,3,1,0
22930006573000,2,1,1,0
22930006581000,3,2,1,0
22930006582000,2,1,1,0
22930006583000,9,3,6,334.8
22930006584000,4,1,3,0
22930006585000,12,7,5,417.6
22930006586000,8,3,5,184
22930006588000,3,3,0,0
22930006589000,6,4,2,316.8
22930006590000,13,6,7,578.5
22930006591000,194,95,99,9021
22930006592000,802,390,412,33684
22930006593000,63,33,30,2312.1
22930006594000,4,2,2,0
22930006595000,28,17,11,926.8
22930006596000,13,6,7,586.3
22930006597000,5,2,3,212
22930006598000,9,4,5,273.6
22930006599000,10,3,7,450
22930006600000,16,7,9,820.8
22930006601000,21,8,13,1302
22930006602000,144,70,74,4910.4
22930006603000,216,101,115,6285.6
22930006604000,30,15,15,1242
22930006605000,22,13,9,1144
22930006606000,330,164,166,14718
22930006607000,1277,603,674,51463.1
22930006608000,216,110,106,8748
22930006609000,217,115,102,7312.9
22930006610000,11,6,5,415.8
22930006611000,19,9,10,706.8
22930006612000,5,1,4,132
22930006614000,17,8,9,664.7
22930006615000,2,1,1,0
22930006616000,144,68,76,5140.8
22930006617000,550,277,273,20295
22930006618000,3,1,2,0
22930006619000,22,12,10,721.6
22930006620000,8,4,4,368.8
22930006621000,17,7,10,479.4
22930006622000,4,2,2,0
22930006623000,8,4,4,304.8
22930006624000,14,8,6,620.2
22930006625000,36,15,21,1166.4
22930006626000,19,10,9,773.3
22930006627000,4,2,2,0
22930006630000,2,1,1,0
22930006641000,10,5,5,406
22930006650000,2,1,1,0
22930006651000,8,5,3,463.2
22930006654000,8,6,2,316
22930006655000,43,17,26,1702.8
22930006656000,108,55,53,3877.2
22930006657000,222,105,117,10522.8
22930006658000,50,29,21,1815
22930006659000,29,15,14,1212.2
22930006661000,1,1,0,0
22930006662000,26,10,16,936
22930006665000,1,0,1,0
22930006666000,1,1,0,0
22930006667000,34,18,16,1298.8
22930006668000,2,1,1,0
22930006669000,22,9,13,882.2
22930006670000,2,1,1,0
22930006671000,52,31,21,1612
22930006672000,29,18,11,1197.7
22930006673000,10,5,5,465
22930006674000,14,9,5,460.6
22930006675000,15,10,5,466.5
22930006676000,14,7,7,498.4
22930006677000,53,24,29,1802
22930006678000,213,112,101,7753.2
22930006679000,36,22,14,1576.8
22930006688000,23,12,11,754.4
22930006691000,53,27,26,1908
22930006692000,253,131,122,8956.2
22930006693000,422,191,231,19243.2
22930006694000,655,278,377,34911.5
22930006695000,93,48,45,3682.8
22930006696000,9,4,5,395.1
22930006697000,4,2,2,0
22930006698000,15,8,7,718.5
22930006699000,11,6,5,531.3
22930006700000,10,5,5,449
22930006701000,40,24,16,1328
22930006702000,329,158,171,12469.1
22930006703000,21,12,9,714
22930006704000,43,24,19,1814.6
22930006706000,17,9,8,788.8
22930006707000,2,1,1,0
22930006708000,9,3,6,371.7
22930006709000,30,16,14,1125
22930006710000,25,14,11,1145
22930006711000,1,0,1,0
22930006712000,6,3,3,288
22930006713000,10,5,5,411
22930006714000,10,8,2,355
22930006715000,3,1,2,0
22930006723000,6,2,4,283.2
22930006724000,3,2,1,0
22930006725000,2,1,1,0
22930006726000,25,12,13,1085
22930006727000,46,22,24,2014.8
22930006728000,46,17,29,1292.6
22930006729000,13,8,5,578.5
22930006730000,14,6,8,688.8
22930006731000,8,5,3,258.4
22930006732000,19,11,8,636.5
22930006733000,4,2,2,0
22930006734000,66,34,32,2626.8
22930006735000,21,9,12,995.4
22930006736000,201,102,99,7738.5
22930006737000,108,54,54,3780
22930006738000,40,18,22,1620
22930006739000,5,2,3,330
22930006740000,18,8,10,820.8
22930006741000,15,9,6,427.5
22930006742000,54,27,27,1873.8
22930006743000,13,6,7,457.6
22930006744000,75,37,38,2392.5
22930006745000,24,11,13,878.4
22930006746000,29,14,15,1003.4
22930006747000,19,10,9,887.3
22930006748000,73,32,41,2941.9
22930006749000,44,24,20,1597.2
22930006750000,26,11,15,967.2
22930006751000,337,170,167,13614.8
22930006752000,202,103,99,6908.4
22930006753000,5,3,2,76
22930006754000,9,4,5,394.2
22930006755000,33,15,18,1362.9
22930006756000,47,30,17,1659.1
22930006813000,4,2,2,0
22930006814000,13,7,6,577.2
22930006815000,4,1,3,0
22930006831000,3,2,1,0
22930006866000,4,2,2,0
22930006867000,84,42,42,3544.8
22930006868000,110,50,60,5720
22930006869000,20,10,10,1030
22930006870000,6,3,3,357
22930006871000,8,3,5,330.4
22930006872000,35,19,16,1844.5
22930006873000,16,9,7,510.4
22930006888000,5,3,2,84
22930006889000,5,2,3,258
22930006890000,1,1,0,0
22930006891000,17,11,6,571.2
22930006892000,37,17,20,1539.2
22930006919000,2,1,1,0
22930006924000,6,2,4,291
22930006925000,127,57,70,6248.4
22930006926000,360,183,177,14256
22930006927000,26,12,14,1032.2
22930006935000,5,4,1,104
22930006990000,2,1,1,0
22930007020000,7,4,3,240.8
22930007029000,10,5,5,349
22930007030000,49,23,26,1950.2
22930007031000,1,1,0,0
22930007044000,2,1,1,0
22930007045000,35,18,17,1347.5
22930007046000,49,28,21,1489.6
22930007047000,24,10,14,1003.2
22930007048000,54,25,29,2095.2
22930007049000,102,54,48,3488.4
22930007050000,68,35,33,2699.6
22930007051000,66,32,34,2336.4
22930007052000,20,12,8,990
22930007058000,22,9,13,732.6
22930007059000,23,14,9,1101.7
22930007060000,16,10,6,392
22930007061000,1,0,1,0
22930007062000,59,35,24,2029.6
22930007063000,20,9,11,850
22930007072000,2,2,0,0
22930007086000,10,7,3,318
22930007089000,5,2,3,339
22930007156000,45,25,20,2236.5
22930007157000,6,3,3,354
22940006550000,3,2,1,0
22940006551000,1,0,1,0
22940006552000,20,10,10,792
22940006553000,149,84,65,4961.7
22940006554000,13,7,6,605.8
22940006555000,24,9,15,1003.2
22940006556000,13,8,5,666.9
22940006557000,345,174,171,14835
22940006558000,415,218,197,15977.5
22940006559000,203,103,100,9033.5
22940006560000,1257,644,613,47891.7
22940006561000,902,417,485,35629
22940006563000,3,2,1,0
22940006566000,3,2,1,0
22940006573000,1,1,0,0
22940006577000,1,1,0,0
22940006579000,10,7,3,237
22940006580000,16,10,6,620.8
22940006581000,7,4,3,186.2
22940006582000,10,4,6,439
22940006583000,19,7,12,872.1
22940006584000,9,5,4,340.2
22940006585000,51,27,24,1800.3
22940006586000,36,20,16,1173.6
22940006587000,9,3,6,320.4
22940006588000,21,15,6,869.4
22940006589000,14,7,7,429.8
22940006590000,10,7,3,317
22940006591000,34,19,15,1237.6
22940006592000,143,70,73,3617.9
22940006593000,9,4,5,320.4
22940006594000,19,11,8,809.4
22940006595000,20,10,10,640
22940006596000,27,17,10,1050.3
22940006597000,26,15,11,1162.2
22940006598000,31,17,14,868
22940006599000,26,14,12,1214.2
22940006600000,17,6,11,916.3
22940006601000,56,28,28,1870.4
22940006602000,187,76,111,5797
22940006603000,13,7,6,370.5
22940006604000,5,3,2,180
22940006605000,9,4,5,444.6
22940006606000,72,37,35,2959.2
22940006607000,82,47,35,3222.6
22940006608000,35,19,16,1414
22940006609000,1,0,1,0
22940006610000,15,11,4,537
22940006611000,1,1,0,0
22940006613000,2,1,1,0
22940006614000,7,4,3,396.2
22940006616000,10,8,2,351
22940006617000,13,7,6,404.3
22940006618000,5,2,3,125
22940006619000,4,3,1,0
22940006620000,15,11,4,610.5
22940006621000,1,1,0,0
22940006625000,3,2,1,0
22940006626000,2,1,1,0
22940006627000,4,3,1,0
22940006632000,2,1,1,0
22940006641000,4,2,2,0
22940006651000,10,4,6,428
22940006652000,29,13,16,870
22940006653000,45,19,26,1930.5
22940006654000,63,29,34,2551.5
22940006655000,18,6,12,667.8
22940006656000,74,36,38,2775
22940006657000,196,106,90,7879.2
22940006658000,45,18,27,1953
22940006659000,4,3,1,0
22940006660000,12,7,5,537.6
22940006661000,34,18,16,1111.8
22940006662000,4,3,1,0
22940006664000,15,10,5,619.5
22940006665000,3,1,2,0
22940006668000,2,1,1,0
22940006669000,39,20,19,1501.5
22940006670000,15,5,10,598.5
22940006671000,17,10,7,746.3
22940006672000,1,1,0,0
22940006673000,31,17,14,1215.2
22940006675000,12,7,5,507.6
22940006676000,13,8,5,508.3
22940006677000,6,3,3,264
22940006678000,34,16,18,1258
22940006679000,12,7,5,494.4
22940006685000,10,5,5,373
22940006687000,15,7,8,622.5
22940006688000,3,2,1,0
22940006689000,28,19,9,910
22940006690000,19,11,8,809.4
22940006691000,20,11,9,786
22940006692000,86,41,45,3784
22940006693000,450,210,240,16695
22940006694000,203,103,100,8952.3
22940006695000,35,19,16,1008
22940006696000,35,19,16,1347.5
22940006697000,89,45,44,3390.9
22940006698000,95,45,50,4009
22940006699000,76,44,32,2736
22940006700000,55,27,28,2200
22940006701000,6,4,2,198
22940006702000,4,2,2,0
22940006703000,17,10,7,564.4
22940006704000,1,1,0,0
22940006705000,6,4,2,250.2
22940006706000,3,2,1,0
22940006709000,5,3,2,163
22940006713000,57,30,27,2291.4
22940006714000,33,18,15,1508.1
22940006717000,7,5,2,317.1
22940006718000,20,12,8,842
22940006719000,51,21,30,2152.2
22940006720000,13,7,6,790.4
22940006722000,4,1,3,0
22940006723000,16,9,7,420.8
22940006724000,10,6,4,498
22940006725000,23,14,9,966
22940006726000,22,11,11,1119.8
22940006727000,100,52,48,3760
22940006728000,14,8,6,460.6
22940006729000,9,4,5,340.2
22940006730000,3,1,2,0
22940006731000,10,3,7,329
22940006733000,3,1,2,0
22940006734000,8,4,4,439.2
22940006735000,6,3,3,280.2
22940006736000,29,15,14,1287.6
22940006737000,11,8,3,361.9
22940006738000,80,40,40,2784
22940006739000,18,7,11,781.2
22940006740000,16,11,5,588.8
22940006741000,30,14,16,1230
22940006742000,5,2,3,254
22940006743000,605,311,294,22929.5
22940006744000,52,26,26,1991.6
22940006745000,6,3,3,238.8
22940006746000,24,12,12,1209.6
22940006747000,16,5,11,782.4
22940006748000,29,16,13,1061.4
22940006749000,57,31,26,2787.3
22940006750000,35,16,19,1575
22940006751000,42,21,21,1915.2
22940006752000,118,60,58,4130
22940006753000,122,68,54,3623.4
22940006754000,50,26,24,1990
22940006755000,5,1,4,206
22940006756000,3,1,2,0
22940006757000,1,1,0,0
22940006811000,4,3,1,0
22940006812000,8,5,3,476.8
22940006813000,11,4,7,493.9
22940006814000,4,2,2,0
22940006864000,2,1,1,0
22940006865000,17,9,8,744.6
22940006866000,29,13,16,1223.8
22940006867000,37,21,16,1720.5
22940006868000,13,5,8,942.5
22940006869000,32,15,17,1366.4
22940006870000,20,10,10,714
22940006884000,4,2,2,0
22940006926000,90,43,47,3366
22940006927000,17,9,8,775.2
22940006932000,1,0,1,0
22940006936000,3,2,1,0
22940007016000,2,2,0,0
22940007020000,34,19,15,1560.6
22940007029000,3,1,2,0
22940007038000,7,3,4,209.3
22940007039000,2,1,1,0
22940007040000,16,8,8,641.6
22940007041000,68,32,36,2958
22940007045000,49,22,27,1641.5
22940007046000,206,113,93,6818.6
22940007047000,67,36,31,2231.1
22940007048000,73,35,38,2649.9
22940007049000,19,9,10,712.5
22940007050000,21,14,7,699.3
22940007051000,16,11,5,566.4
22940007052000,6,3,3,256.2
22940007055000,1,0,1,0
22940007056000,2,1,1,0
22940007058000,8,5,3,270.4
22940007059000,11,3,8,371.8
22940007060000,6,4,2,183
22940007061000,8,5,3,359.2
22940007062000,23,14,9,736
22940007063000,24,12,12,1279.2
22940007072000,4,1,3,0
22940007087000,1,1,0,0
22940007089000,4,1,3,0
22940007104000,4,2,2,0
22940007105000,1,1,0,0
22940007155000,7,3,4,478.1
22940007156000,9,4,5,466.2
22950006546000,4,2,2,0
22950006547000,24,14,10,775.2
22950006548000,28,18,10,1299.2
22950006549000,69,33,36,2863.5
22950006550000,42,21,21,1797.6
22950006551000,24,12,12,938.4
22950006552000,86,43,43,3345.4
22950006553000,14,8,6,736.4
22950006554000,16,10,6,934.4
22950006555000,41,23,18,1430.9
22950006556000,39,20,19,2055.3
22950006557000,401,195,206,17483.6
22950006558000,821,416,405,31526.4
22950006559000,257,135,122,9020.7
22950006560000,348,153,195,16530
22950006561000,222,116,106,8902.2
22950006562000,11,4,7,270.6
22950006563000,4,3,1,0
22950006566000,5,3,2,207
22950006567000,6,3,3,118.8
22950006576000,2,1,1,0
22950006577000,13,7,6,617.5
22950006578000,20,10,10,704
22950006579000,65,36,29,2450.5
22950006580000,14,6,8,712.6
22950006581000,18,11,7,700.2
22950006582000,6,3,3,213
22950006583000,3,2,1,0
22950006584000,1,1,0,0
22950006585000,31,15,16,1168.7
22950006586000,10,6,4,610
22950006587000,24,14,10,1274.4
22950006588000,22,11,11,721.6
22950006590000,4,2,2,0
22950006591000,13,7,6,617.5
22950006592000,9,4,5,351.9
22950006593000,11,5,6,375.1
22950006594000,31,16,15,957.9
22950006595000,2,1,1,0
22950006598000,21,12,9,846.3
22950006599000,30,16,14,861
22950006600000,40,18,22,1524
22950006601000,23,10,13,1179.9
22950006602000,21,12,9,968.1
22950006603000,44,25,19,1482.8
22950006604000,22,11,11,756.8
22950006605000,10,5,5,475
22950006606000,22,11,11,833.8
22950006607000,34,19,15,843.2
22950006608000,30,15,15,1266
22950006609000,26,17,9,962
22950006610000,5,2,3,94
22950006611000,3,2,1,0
22950006612000,10,6,4,546
22950006613000,19,9,10,670.7
22950006614000,17,8,9,899.3
22950006615000,4,3,1,0
22950006616000,20,10,10,892
22950006617000,31,14,17,1026.1
22950006618000,1,0,1,0
22950006619000,1,1,0,0
22950006620000,17,6,11,894.2
22950006621000,17,10,7,844.9
22950006627000,2,0,2,0
22950006629000,2,1,1,0
22950006630000,11,8,3,448.8
22950006631000,8,4,4,372.8
22950006635000,14,8,6,576.8
22950006636000,26,13,13,1112.8
22950006637000,1,0,1,0
22950006638000,1,0,1,0
22950006639000,4,3,1,0
22950006640000,3,1,2,0
22950006648000,3,1,2,0
22950006649000,3,1,2,0
22950006650000,12,5,7,628.8
22950006651000,30,12,18,1290
22950006652000,10,6,4,475
22950006653000,12,7,5,495.6
22950006654000,2,0,2,0
22950006655000,34,13,21,1390.6
22950006656000,5,2,3,218
22950006657000,65,36,29,2808
22950006658000,9,5,4,584.1
22950006659000,99,47,52,3870.9
22950006660000,328,172,156,11709.6
22950006661000,61,33,28,2629.1
22950006662000,4,3,1,0
22950006663000,18,11,7,667.8
22950006664000,25,14,11,1132.5
22950006665000,3,1,2,0
22950006670000,3,2,1,0
22950006671000,16,9,7,659.2
22950006672000,17,7,10,705.5
22950006673000,24,13,11,907.2
22950006674000,8,5,3,295.2
22950006675000,2,1,1,0
22950006676000,29,17,12,1212.2
22950006677000,12,7,5,474
22950006679000,20,8,12,848
22950006681000,1,1,0,0
22950006682000,7,5,2,233.1
22950006683000,20,10,10,740
22950006684000,28,16,12,1184.4
22950006685000,40,20,20,1680
22950006686000,7,5,2,247.8
22950006687000,17,10,7,562.7
22950006688000,5,2,3,138
22950006690000,3,2,1,0
22950006691000,133,66,67,5306.7
22950006692000,503,256,247,19818.2
22950006693000,180,91,89,8496
22950006694000,475,227,248,20615
22950006695000,62,32,30,2046
22950006696000,15,7,8,678
22950006697000,9,3,6,203.4
22950006701000,3,2,1,0
22950006705000,17,9,8,671.5
22950006708000,9,3,6,264.6
22950006709000,1,1,0,0
22950006712000,3,1,2,0
22950006718000,38,23,15,1645.4
22950006719000,50,23,27,2165
22950006720000,50,28,22,2140
22950006721000,75,37,38,3652.5
22950006722000,3,2,1,0
22950006724000,13,7,6,621.4
22950006725000,345,171,174,15456
22950006726000,79,33,46,2899.3
22950006727000,1,1,0,0
22950006736000,12,5,7,402
22950006737000,166,83,83,6756.2
22950006738000,53,25,28,2215.4
22950006739000,28,13,15,949.2
22950006740000,17,10,7,511.7
22950006741000,27,14,13,1055.7
22950006742000,19,11,8,836
22950006743000,185,89,96,6919
22950006744000,145,69,76,6380
22950006745000,18,9,9,687.6
22950006746000,39,18,21,1310.4
22950006747000,5,4,1,284
22950006748000,2,1,1,0
22950006749000,36,21,15,1558.8
22950006750000,34,18,16,1292
22950006751000,32,21,11,1395.2
22950006752000,30,16,14,987
22950006753000,40,20,20,1636
22950006754000,111,59,52,5083.8
22950006755000,63,34,29,2608.2
22950006756000,11,6,5,517
22950006757000,16,9,7,708.8
22950006784000,4,2,2,0
22950006811000,7,5,2,165.2
22950006857000,2,1,1,0
22950006858000,3,2,1,0
22950006859000,1,1,0,0
22950006860000,7,3,4,354.2
22950006861000,2,2,0,0
22950006862000,2,1,1,0
22950006864000,4,2,2,0
22950006866000,6,4,2,270
22950006867000,29,15,14,1336.9
22950006875000,24,13,11,756
22950006876000,41,21,20,1713.8
22950006877000,15,9,6,799.5
22950006881000,10,4,6,289
22950006882000,18,10,8,635.4
22950006883000,1,1,0,0
22950006884000,5,3,2,256
22950006926000,14,5,9,592.2
22950006937000,1,1,0,0
22950006938000,12,6,6,356.4
22950006987000,8,3,5,279.2
22950006989000,3,2,1,0
22950007013000,4,1,3,0
22950007014000,5,3,2,168
22950007015000,3,1,2,0
22950007016000,5,3,2,269
22950007019000,2,0,2,0
22950007020000,58,31,27,2731.8
22950007038000,22,12,10,827.2
22950007039000,9,4,5,447.3
22950007040000,154,77,77,4435.2
22950007041000,440,224,216,13420
22950007044000,55,29,26,2051.5
22950007045000,327,164,163,10921.8
22950007046000,231,121,110,9840.6
22950007047000,20,11,9,644
22950007048000,30,15,15,1056
22950007052000,31,16,15,1174.9
22950007055000,1,1,0,0
22950007056000,3,1,2,0
22950007057000,5,4,1,219
22950007060000,8,5,3,299.2
22950007062000,12,5,7,580.8
22950007063000,5,4,1,202
22950007064000,8,4,4,311.2
22950007088000,3,2,1,0
22950007090000,7,4,3,342.3
22950007106000,3,2,1,0
22950007153000,4,3,1,0
22950007154000,32,15,17,1363.2
22950007155000,4,3,1,0
22960006546000,14,6,8,427
22960006547000,47,26,21,1837.7
22960006548000,15,8,7,496.5
22960006550000,20,12,8,800
22960006551000,2,1,1,0
22960006552000,41,22,19,1250.5
22960006553000,14,9,5,589.4
22960006554000,58,26,32,2325.8
22960006555000,12,7,5,463.2
22960006556000,47,24,23,1786
22960006557000,197,93,104,8037.6
22960006558000,298,154,144,11562.4
22960006559000,1467,751,716,54719.1
22960006560000,910,470,440,38402
22960006561000,55,31,24,2216.5
22960006562000,28,15,13,926.8
22960006568000,18,9,9,603
22960006569000,4,2,2,0
22960006570000,3,2,1,0
22960006572000,3,1,2,0
22960006573000,3,2,1,0
22960006574000,1,1,0,0
22960006575000,2,2,0,0
22960006576000,10,5,5,410
22960006577000,15,8,7,639
22960006578000,12,6,6,640.8
22960006579000,11,4,7,434.5
22960006580000,6,2,4,250.2
22960006581000,16,5,11,632
22960006582000,57,30,27,1943.7
22960006583000,12,6,6,703.2
22960006584000,86,44,42,2657.4
22960006585000,234,108,126,11372.4
22960006586000,31,17,14,964.1
22960006587000,11,5,6,430.1
22960006589000,8,5,3,255.2
22960006590000,15,8,7,684
22960006591000,30,16,14,1584
22960006592000,14,7,7,558.6
22960006593000,14,5,9,439.6
22960006595000,6,2,4,157.8
22960006596000,1,1,0,0
22960006598000,11,4,7,336.6
22960006599000,15,7,8,660
22960006600000,26,14,12,855.4
22960006601000,2,2,0,0
22960006602000,35,19,16,1575
22960006603000,66,31,35,2857.8
22960006604000,6,3,3,255
22960006605000,26,16,10,1034.8
22960006606000,15,8,7,619.5
22960006607000,43,20,23,1745.8
22960006608000,30,18,12,1065
22960006609000,15,9,6,511.5
22960006610000,15,11,4,582
22960006611000,41,22,19,1357.1
22960006613000,15,7,8,667.5
22960006614000,20,11,9,816
22960006615000,4,1,3,0
22960006616000,1,1,0,0
22960006617000,7,2,5,224
22960006620000,26,13,13,1172.6
22960006627000,5,4,1,116
22960006628000,5,3,2,226
22960006629000,16,9,7,598.4
22960006634000,3,1,2,0
22960006635000,44,20,24,1940.4
22960006636000,31,19,12,833.9
22960006637000,8,4,4,348.8
22960006638000,18,10,8,493.2
22960006639000,6,3,3,247.8
22960006647000,4,3,1,0
22960006648000,9,6,3,201.6
22960006649000,18,8,10,784.8
22960006650000,9,4,5,435.6
22960006651000,36,21,15,1623.6
22960006652000,6,3,3,133.8
22960006653000,106,58,48,3900.8
22960006654000,335,185,150,11892.5
22960006655000,1,1,0,0
22960006657000,20,10,10,972
22960006658000,4,2,2,0
22960006659000,3,2,1,0
22960006660000,411,213,198,15987.9
22960006661000,7,3,4,284.9
22960006662000,13,6,7,483.6
22960006663000,27,14,13,1471.5
22960006664000,16,8,8,889.6
22960006665000,6,2,4,234
22960006670000,1426,741,685,40070.6
22960006671000,45,23,22,1656
22960006672000,13,5,8,479.7
22960006673000,14,8,6,614.6
22960006674000,13,9,4,556.4
22960006676000,7,3,4,254.8
22960006677000,8,6,2,220.8
22960006679000,36,16,20,1591.2
22960006680000,337,166,171,12435.3
22960006681000,50,30,20,2225
22960006682000,32,15,17,1340.8
22960006683000,4,2,2,0
22960006687000,51,24,27,1902.3
22960006688000,13,8,5,601.9
22960006689000,11,7,4,488.4
22960006691000,9,5,4,282.6
22960006692000,6,4,2,325.8
22960006693000,83,40,43,2730.7
22960006694000,216,116,100,6134.4
22960006700000,8,3,5,304
22960006701000,15,8,7,583.5
22960006708000,2,1,1,0
22960006720000,31,13,18,1683.3
22960006721000,33,18,15,1122
22960006722000,3,0,3,0
22960006723000,55,30,25,2040.5
22960006724000,20,10,10,842
22960006725000,77,42,35,2733.5
22960006726000,49,28,21,1945.3
22960006727000,2,1,1,0
22960006736000,2,1,1,0
22960006737000,119,64,55,4914.7
22960006738000,295,159,136,11062.5
22960006739000,17,9,8,589.9
22960006740000,33,18,15,1405.8
22960006741000,22,10,12,789.8
22960006742000,42,24,18,1953
22960006743000,31,19,12,1013.7
22960006744000,13,3,10,435.5
22960006745000,27,14,13,1142.1
22960006746000,19,8,11,934.8
22960006747000,15,5,10,550.5
22960006748000,14,8,6,709.8
22960006749000,27,11,16,1028.7
22960006750000,21,10,11,714
22960006751000,33,19,14,1376.1
22960006752000,21,11,10,816.9
22960006753000,25,12,13,795
22960006754000,25,14,11,1100
22960006755000,11,6,5,335.5
22960006809000,2,2,0,0
22960006843000,2,1,1,0
22960006854000,11,5,6,665.5
22960006855000,11,7,4,589.6
22960006856000,32,16,16,1283.2
22960006857000,62,32,30,3106.2
22960006858000,8,5,3,307.2
22960006859000,7,5,2,261.8
22960006876000,8,4,4,344
22960006877000,46,27,19,2047
22960006878000,2,0,2,0
22960006926000,7,3,4,174.3
22960006927000,12,7,5,650.4
22960006938000,2,1,1,0
22960006939000,1,1,0,0
22960006942000,7,4,3,214.2
22960006943000,7,4,3,238
22960006987000,11,6,5,469.7
22960007004000,3,2,1,0
22960007012000,9,6,3,419.4
22960007013000,26,14,12,1318.2
22960007014000,76,46,30,3100.8
22960007015000,28,12,16,1148
22960007016000,4,2,2,0
22960007019000,33,22,11,1488.3
22960007020000,119,61,58,4498.2
22960007036000,12,6,6,406.8
22960007037000,16,8,8,716.8
22960007038000,34,16,18,1135.6
22960007039000,33,14,19,1369.5
22960007040000,404,218,186,13695.6
22960007041000,372,175,197,12610.8
22960007043000,229,112,117,9686.7
22960007044000,1867,900,967,82521.4
22960007045000,1142,560,582,42825
22960007046000,75,35,40,3202.5
22960007047000,27,16,11,1050.3
22960007048000,2,1,1,0
22960007053000,2,1,1,0
22960007055000,2,0,2,0
22960007056000,18,10,8,709.2
22960007058000,8,5,3,466.4
22960007060000,11,5,6,592.9
22960007061000,4,3,1,0
22960007062000,1,0,1,0
22960007063000,5,2,3,96
22960007090000,14,6,8,595
22960007091000,2,1,1,0
22960007154000,59,30,29,2336.4
22960007155000,57,33,24,2462.4
22960007156000,11,7,4,302.5
22960007157000,12,6,6,430.8
22970006539000,2,2,0,0
22970006545000,1,0,1,0
22970006546000,8,4,4,327.2
22970006549000,8,3,5,250.4
22970006550000,3,2,1,0
22970006551000,1,0,1,0
22970006553000,38,19,19,1466.8
22970006554000,62,30,32,2083.2
22970006555000,3,2,1,0
22970006556000,11,5,6,353.1
22970006557000,3,2,1,0
22970006558000,108,60,48,4006.8
22970006559000,86,47,39,4102.2
22970006560000,25,13,12,1295
22970006561000,41,20,21,1730.2
22970006562000,13,5,8,648.7
22970006568000,4,3,1,0
22970006572000,5,2,3,162
22970006573000,4,2,2,0
22970006574000,15,9,6,571.5
22970006575000,9,5,4,303.3
22970006577000,3,2,1,0
22970006579000,9,7,2,372.6
22970006580000,14,8,6,540.4
22970006581000,13,9,4,466.7
22970006582000,3,2,1,0
22970006583000,16,10,6,876.8
22970006584000,11,6,5,501.6
22970006585000,11,6,5,621.5
22970006586000,3,1,2,0
22970006588000,2,1,1,0
22970006589000,15,7,8,571.5
22970006591000,27,11,16,1082.7
22970006592000,10,4,6,375
22970006593000,13,8,5,295.1
22970006594000,1,1,0,0
22970006605000,9,5,4,260.1
22970006606000,30,16,14,1125
22970006607000,52,22,30,2106
22970006608000,3,1,2,0
22970006610000,14,7,7,442.4
22970006611000,5,2,3,180
22970006612000,13,7,6,512.2
22970006613000,117,59,58,4504.5
22970006614000,97,52,45,3792.7
22970006615000,20,15,5,704
22970006616000,14,11,3,571.2
22970006617000,10,4,6,528
22970006618000,20,9,11,668
22970006619000,18,9,9,718.2
22970006620000,2,1,1,0
22970006622000,6,4,2,148.8
22970006623000,20,10,10,778
22970006624000,27,15,12,1050.3
22970006625000,25,14,11,1245
22970006626000,26,11,15,1089.4
22970006627000,37,21,16,1317.2
22970006628000,4,2,2,0
22970006629000,13,8,5,383.5
22970006633000,3,2,1,0
22970006634000,5,3,2,182
22970006635000,236,118,118,9487.2
22970006636000,13,7,6,509.6
22970006646000,4,2,2,0
22970006647000,33,25,8,1164.9
22970006648000,23,11,12,782
22970006649000,55,29,26,2029.5
22970006650000,13,8,5,501.8
22970006651000,48,25,23,2112
22970006652000,61,29,32,2397.3
22970006653000,64,35,29,2592
22970006654000,211,103,108,6477.7
22970006655000,68,33,35,2584
22970006656000,40,19,21,2116
22970006657000,36,19,17,1530
22970006658000,5,3,2,141
22970006659000,117,53,64,3498.3
22970006660000,1514,766,748,52081.6
22970006661000,328,172,156,11808
22970006662000,31,15,16,992
22970006663000,12,5,7,670.8
22970006664000,26,14,12,1037.4
22970006665000,14,8,6,498.4
22970006666000,10,5,5,632
22970006667000,21,9,12,688.8
22970006668000,32,17,15,1440
22970006669000,71,40,31,2705.1
22970006670000,33,15,18,1346.4
22970006671000,32,18,14,1158.4
22970006672000,36,17,19,1288.8
22970006673000,26,14,12,1211.6
22970006674000,21,10,11,972.3
22970006676000,19,11,8,834.1
22970006677000,10,6,4,441
22970006678000,13,6,7,626.6
22970006679000,51,26,25,1989
22970006680000,97,55,42,3724.8
22970006681000,16,10,6,662.4
22970006682000,10,7,3,265
22970006683000,4,3,1,0
22970006684000,23,13,10,667
22970006685000,17,10,7,867
22970006686000,29,17,12,849.7
22970006687000,23,11,12,855.6
22970006688000,31,16,15,1543.8
22970006689000,9,5,4,284.4
22970006693000,3,1,2,0
22970006694000,52,25,27,2163.2
22970006695000,39,24,15,1361.1
22970006696000,44,21,23,1707.2
22970006697000,14,6,8,470.4
22970006710000,2,1,1,0
22970006711000,5,3,2,190
22970006712000,20,11,9,864
22970006713000,4,2,2,0
22970006723000,77,42,35,3318.7
22970006726000,30,12,18,1104
22970006727000,6,3,3,223.8
22970006728000,3,1,2,0
22970006729000,9,6,3,237.6
22970006730000,21,15,6,879.9
22970006731000,6,3,3,169.2
22970006732000,12,6,6,579.6
22970006733000,12,7,5,501.6
22970006734000,31,16,15,1364
22970006735000,20,9,11,962
22970006736000,30,18,12,1200
22970006737000,12,6,6,424.8
22970006738000,93,37,56,3766.5
22970006739000,111,51,60,3940.5
22970006740000,234,120,114,10272.6
22970006741000,40,24,16,1316
22970006742000,70,38,32,3311
22970006743000,11,4,7,270.6
22970006744000,3,1,2,0
22970006745000,39,20,19,1567.8
22970006746000,24,13,11,904.8
22970006747000,19,10,9,881.6
22970006748000,28,12,16,851.2
22970006749000,46,26,20,2267.8
22970006750000,4,2,2,0
22970006753000,6,4,2,228
22970006754000,2,1,1,0
22970006808000,6,3,3,268.2
22970006810000,2,0,2,0
22970006831000,4,1,3,0
22970006840000,2,1,1,0
22970006841000,2,1,1,0
22970006842000,2,2,0,0
22970006843000,7,5,2,347.2
22970006844000,2,1,1,0
22970006852000,8,4,4,164
22970006853000,85,39,46,3774
22970006854000,10,6,4,361
22970006855000,8,4,4,326.4
22970006856000,7,3,4,328.3
22970006857000,12,6,6,656.4
22970006926000,8,3,5,288.8
22970006927000,18,11,7,678.6
22970006938000,25,11,14,790
22970006939000,20,11,9,824
22970006941000,5,2,3,132
22970006942000,9,4,5,388.8
22970006987000,16,7,9,724.8
22970006996000,3,2,1,0
22970007013000,3,1,2,0
22970007014000,76,40,36,3207.2
22970007015000,67,35,32,2840.8
22970007016000,50,31,19,1590
22970007017000,5,3,2,176
22970007020000,21,13,8,842.1
22970007021000,13,7,6,767
22970007036000,31,18,13,1069.5
22970007037000,71,38,33,3109.8
22970007038000,11,4,7,511.5
22970007039000,31,13,18,1426
22970007040000,141,74,67,5372.1
22970007041000,65,37,28,2392
22970007042000,7,2,5,189
22970007043000,84,42,42,3234
22970007044000,2287,1084,1203,104973.3
22970007045000,1407,688,719,58109.1
22970007046000,252,124,128,9324
22970007054000,16,8,8,540.8
22970007055000,12,6,6,434.4
22970007056000,12,6,6,531.6
22970007057000,6,3,3,325.2
22970007058000,41,20,21,1775.3
22970007059000,3,1,2,0
22970007060000,6,2,4,204
22970007061000,1,1,0,0
22970007064000,2,1,1,0
22970007091000,24,15,9,1015.2
22970007154000,9,5,4,321.3
22970007155000,10,4,6,435
22970007156000,8,5,3,468
22970007157000,6,5,1,336
22970007158000,1,1,0,0
22970007159000,5,3,2,148
22980006533000,2,1,1,0
22980006535000,5,2,3,204
22980006536000,5,3,2,272
22980006541000,3,1,2,0
22980006542000,21,13,8,798
22980006544000,5,2,3,305
22980006545000,18,10,8,653.4
22980006546000,2,1,1,0
22980006547000,5,2,3,321
22980006550000,8,6,2,282.4
22980006551000,55,26,29,2205.5
22980006552000,48,23,25,1665.6
22980006558000,15,7,8,361.5
22980006559000,2,1,1,0
22980006562000,7,3,4,133.7
22980006563000,6,2,4,252
22980006569000,5,3,2,222
22980006570000,33,22,11,1442.1
22980006571000,11,6,5,335.5
22980006573000,2,2,0,0
22980006574000,12,5,7,436.8
22980006575000,17,11,6,720.8
22980006576000,10,5,5,440
22980006577000,2,1,1,0
22980006578000,4,2,2,0
22980006579000,10,5,5,265
22980006580000,2,1,1,0
22980006581000,7,3,4,273.7
22980006583000,5,4,1,55
22980006584000,5,2,3,180
22980006585000,11,7,4,304.7
22980006586000,6,3,3,226.2
22980006587000,9,7,2,225
22980006588000,8,4,4,156
22980006589000,23,12,11,834.9
22980006590000,26,14,12,925.6
22980006591000,10,5,5,264
22980006592000,9,5,4,447.3
22980006593000,26,17,9,951.6
22980006594000,13,6,7,343.2
22980006604000,19,10,9,742.9
22980006605000,26,15,11,728
22980006606000,31,17,14,889.7
22980006607000,16,9,7,518.4
22980006608000,4,4,0,0
22980006611000,5,2,3,177
22980006612000,24,13,11,888
22980006613000,41,21,20,1455.5
22980006614000,9,4,5,293.4
22980006616000,28,16,12,806.4
22980006617000,8,3,5,259.2
22980006618000,18,12,6,975.6
22980006621000,3,2,1,0
22980006622000,17,9,8,729.3
22980006623000,25,11,14,855
22980006624000,2,1,1,0
22980006625000,15,7,8,709.5
22980006626000,36,17,19,1501.2
22980006627000,18,8,10,829.8
22980006629000,6,4,2,148.8
22980006630000,27,12,15,1212.3
22980006631000,11,4,7,445.5
22980006632000,15,6,9,678
22980006633000,15,6,9,700.5
22980006634000,40,21,19,1456
22980006635000,301,152,149,10715.6
22980006636000,4,3,1,0
22980006637000,4,2,2,0
22980006647000,8,4,4,196.8
22980006648000,17,10,7,661.3
22980006649000,69,34,35,2256.3
22980006650000,40,18,22,1512
22980006651000,68,32,36,2230.4
22980006652000,9,5,4,290.7
22980006654000,26,10,16,977.6
22980006655000,11,6,5,447.7
22980006656000,9,6,3,402.3
22980006657000,123,63,60,4735.5
22980006658000,15,6,9,730.5
22980006659000,11,4,7,400.4
22980006661000,25,14,11,1185
22980006662000,155,82,73,5409.5
22980006663000,148,76,72,6216
22980006664000,9,6,3,444.6
22980006665000,2,1,1,0
22980006666000,3,2,1,0
22980006668000,225,114,111,8955
22980006669000,440,216,224,13024
22980006670000,9,5,4,308.7
22980006671000,44,26,18,2006.4
22980006672000,13,5,8,804.7
22980006673000,1,1,0,0
22980006674000,40,23,17,1500
22980006675000,71,38,33,2740.6
22980006676000,16,7,9,729.6
22980006677000,1,1,0,0
22980006678000,11,6,5,492.8
22980006679000,6,3,3,204
22980006680000,17,8,9,826.2
22980006681000,11,6,5,424.6
22980006682000,18,11,7,707.4
22980006683000,9,5,4,555.3
22980006684000,42,22,20,1911
22980006693000,1,1,0,0
22980006694000,10,4,6,423
22980006696000,29,18,11,1084.6
22980006697000,49,26,23,1852.2
22980006698000,29,14,15,1241.2
22980006711000,4,3,1,0
22980006712000,1,0,1,0
22980006723000,7,4,3,186.2
22980006724000,17,8,9,819.4
22980006725000,3,2,1,0
22980006726000,9,5,4,384.3
22980006727000,8,3,5,406.4
22980006728000,2,2,0,0
22980006729000,6,2,4,394.2
22980006730000,29,11,18,1336.9
22980006731000,4,2,2,0
22980006733000,4,2,2,0
22980006734000,4,3,1,0
22980006735000,9,5,4,502.2
22980006736000,5,4,1,135
22980006737000,10,7,3,215
22980006738000,131,52,79,5397.2
22980006739000,143,71,72,6806.8
22980006740000,15,7,8,742.5
22980006741000,46,23,23,1715.8
22980006742000,20,6,14,680
22980006743000,48,25,23,1646.4
22980006744000,27,15,12,1236.6
22980006745000,81,41,40,3458.7
22980006746000,27,14,13,1152.9
22980006747000,16,9,7,619.2
22980006748000,63,34,29,2381.4
22980006749000,116,53,63,5231.6
22980006750000,15,10,5,847.5
22980006751000,51,24,27,1795.2
22980006752000,43,19,24,1582.4
22980006753000,15,6,9,804
22980006754000,16,6,10,776
22980006762000,1,1,0,0
22980006779000,2,1,1,0
22980006806000,1,1,0,0
22980006807000,6,4,2,357
22980006808000,8,5,3,404
22980006844000,3,2,1,0
22980006845000,5,3,2,174
22980006846000,7,4,3,382.9
22980006847000,13,5,8,483.6
22980006848000,30,16,14,1287
22980006849000,19,12,7,777.1
22980006850000,5,3,2,299
22980006851000,6,4,2,322.8
22980006852000,69,33,36,3125.7
22980006853000,170,69,101,8721
22980006854000,18,10,8,835.2
22980006855000,6,3,3,220.2
22980006938000,15,9,6,586.5
22980006939000,12,7,5,352.8
22980006941000,16,8,8,744
22980006942000,11,7,4,342.1
22980006986000,6,4,2,388.2
22980007007000,2,1,1,0
22980007014000,17,8,9,469.2
22980007015000,45,23,22,1881
22980007016000,67,29,38,2613
22980007021000,39,23,16,1563.9
22980007035000,24,11,13,844.8
22980007036000,11,5,6,445.5
22980007037000,22,11,11,741.4
22980007038000,74,40,34,2286.6
22980007039000,91,47,44,3403.4
22980007040000,43,23,20,1818.9
22980007041000,243,121,122,8820.9
22980007042000,82,44,38,3214.4
22980007043000,274,146,128,10823
22980007044000,664,332,332,23173.6
22980007045000,1398,692,706,49349.4
22980007046000,364,195,169,12667.2
22980007047000,56,28,28,2105.6
22980007053000,3,2,1,0
22980007054000,6,2,4,207
22980007055000,6,3,3,256.2
22980007056000,13,7,6,453.7
22980007057000,24,13,11,984
22980007058000,25,13,12,960
22980007059000,32,20,12,1116.8
22980007060000,17,11,6,698.7
22980007068000,6,4,2,196.2
22980007074000,1,1,0,0
22980007091000,6,2,4,307.8
22980007092000,16,9,7,662.4
22980007102000,8,4,4,388
22980007139000,3,3,0,0
22980007144000,17,11,6,977.5
22980007152000,6,3,3,279
22980007155000,6,3,3,265.2
22980007160000,10,4,6,265
22980007162000,2,1,1,0
22980007186000,1,0,1,0
22980007200000,2,1,1,0
22990006531000,2,1,1,0
22990006532000,5,2,3,267
22990006533000,8,4,4,338.4
22990006534000,11,5,6,563.2
22990006535000,37,18,19,1772.3
22990006536000,20,12,8,550
22990006537000,36,17,19,1526.4
22990006538000,11,5,6,468.6
22990006539000,15,7,8,703.5
22990006540000,19,10,9,845.5
22990006541000,10,3,7,434
22990006542000,10,5,5,363
22990006543000,25,10,15,895
22990006546000,15,6,9,787.5
22990006547000,40,21,19,1480
22990006548000,4,2,2,0
22990006549000,2,1,1,0
22990006551000,10,4,6,452
22990006552000,2,0,2,0
22990006564000,2,1,1,0
22990006568000,6,3,3,298.8
22990006571000,11,5,6,324.5
22990006572000,7,4,3,277.2
22990006573000,1,1,0,0
22990006574000,1,1,0,0
22990006576000,4,3,1,0
22990006582000,9,4,5,352.8
22990006583000,15,9,6,454.5
22990006584000,4,3,1,0
22990006585000,19,12,7,832.2
22990006586000,17,11,6,651.1
22990006587000,62,34,28,2368.4
22990006588000,28,16,12,890.4
22990006589000,16,8,8,507.2
22990006590000,5,3,2,198
22990006592000,5,2,3,82
22990006603000,9,6,3,251.1
22990006604000,9,6,3,248.4
22990006605000,32,19,13,1235.2
22990006606000,39,19,20,1255.8
22990006607000,53,32,21,2300.2
22990006608000,21,13,8,690.9
22990006609000,7,4,3,275.8
22990006610000,5,2,3,299
22990006611000,5,2,3,99
22990006612000,10,6,4,398
22990006613000,9,5,4,381.6
22990006616000,36,15,21,1418.4
22990006617000,14,7,7,690.2
22990006618000,9,3,6,250.2
22990006621000,1,1,0,0
22990006623000,5,2,3,167
22990006624000,11,6,5,412.5
22990006625000,45,25,20,1701
22990006626000,17,9,8,875.5
22990006627000,8,4,4,380
22990006628000,23,11,12,956.8
22990006629000,22,8,14,737
22990006630000,11,6,5,460.9
22990006631000,11,6,5,291.5
22990006632000,8,4,4,278.4
22990006635000,38,20,18,1607.4
22990006636000,5,3,2,220
22990006646000,12,8,4,502.8
22990006647000,18,7,11,957.6
22990006648000,8,4,4,416.8
22990006649000,14,7,7,519.4
22990006650000,41,23,18,1672.8
22990006651000,15,7,8,520.5
22990006656000,7,2,5,287.7
22990006657000,36,19,17,1699.2
22990006658000,46,25,21,1968.8
22990006659000,35,19,16,1036
22990006660000,17,10,7,870.4
22990006661000,21,9,12,810.6
22990006662000,24,13,11,902.4
22990006663000,353,181,172,13272.8
22990006664000,54,28,26,1868.4
22990006665000,8,3,5,298.4
22990006666000,7,5,2,317.8
22990006667000,27,13,14,1055.7
22990006668000,93,54,39,4008.3
22990006669000,20,10,10,592
22990006670000,11,6,5,575.3
22990006671000,6,3,3,190.8
22990006672000,41,20,21,1799.9
22990006673000,23,10,13,655.5
22990006674000,46,24,22,1817
22990006675000,6,2,4,258
22990006677000,4,3,1,0
22990006678000,7,2,5,282.8
22990006679000,11,5,6,481.8
22990006680000,129,65,64,5366.4
22990006681000,185,99,86,6475
22990006682000,97,45,52,4064.3
22990006683000,34,20,14,1560.6
22990006684000,4,1,3,0
22990006685000,2,1,1,0
22990006696000,49,28,21,2219.7
22990006697000,20,10,10,936
22990006698000,21,12,9,987
22990006699000,8,6,2,408.8
22990006700000,8,3,5,299.2
22990006713000,2,1,1,0
22990006724000,10,4,6,599
22990006725000,12,6,6,490.8
22990006726000,18,11,7,1002.6
22990006727000,21,13,8,957.6
22990006728000,18,11,7,741.6
22990006729000,9,4,5,432.9
22990006730000,13,7,6,547.3
22990006731000,16,8,8,588.8
22990006732000,18,11,7,914.4
22990006733000,4,3,1,0
22990006734000,38,21,17,1702.4
22990006735000,52,27,25,1638
22990006736000,7,4,3,335.3
22990006737000,38,20,18,1801.2
22990006738000,19,8,11,518.7
22990006739000,5,3,2,310
22990006740000,19,9,10,898.7
22990006744000,187,93,94,7255.6
22990006745000,184,89,95,7102.4
22990006746000,48,21,27,1852.8
22990006747000,31,19,12,1072.6
22990006748000,97,48,49,3889.7
22990006749000,453,227,226,20566.2
22990006750000,22,10,12,1060.4
22990006751000,23,11,12,1087.9
22990006752000,48,21,27,1464
22990006753000,41,23,18,1697.4
22990006754000,44,23,21,1843.6
22990006755000,14,8,6,733.6
22990006756000,10,5,5,559
22990006763000,3,2,1,0
22990006775000,1,1,0,0
22990006779000,8,5,3,304
22990006783000,9,5,4,330.3
22990006784000,3,1,2,0
22990006802000,7,5,2,406
22990006803000,13,5,8,417.3
22990006804000,8,5,3,272.8
22990006805000,11,5,6,432.3
22990006806000,15,10,5,499.5
22990006807000,2,1,1,0
22990006831000,3,2,1,0
22990006837000,1,0,1,0
22990006840000,3,2,1,0
22990006842000,2,2,0,0
22990006843000,12,6,6,594
22990006844000,18,9,9,858.6
22990006845000,76,36,40,2599.2
22990006846000,44,22,22,2512.4
22990006847000,2,1,1,0
22990006848000,7,3,4,235.2
22990006849000,33,15,18,1359.6
22990006850000,24,11,13,1380
22990006851000,19,7,12,824.6
22990006852000,19,9,10,927.2
22990006853000,15,7,8,619.5
22990006854000,12,4,8,454.8
22990006929000,6,3,3,220.8
22990006930000,2,1,1,0
22990006937000,9,5,4,309.6
22990006938000,30,13,17,1053
22990006939000,102,55,47,4120.8
22990006940000,56,32,24,2200.8
22990006941000,32,17,15,1385.6
22990006942000,3,2,1,0
22990006986000,9,5,4,401.4
22990007014000,10,5,5,441
22990007015000,3,2,1,0
22990007021000,21,12,9,886.2
22990007022000,16,9,7,502.4
22990007035000,11,7,4,317.9
22990007038000,1,1,0,0
22990007039000,9,5,4,252
22990007040000,39,21,18,1388.4
22990007041000,94,46,48,3431
22990007042000,241,127,114,8676
22990007043000,137,73,64,4863.5
22990007044000,95,47,48,3315.5
22990007045000,591,311,280,18734.7
22990007046000,32,20,12,1388.8
22990007047000,27,12,15,874.8
22990007048000,1,1,0,0
22990007053000,17,9,8,652.8
22990007056000,15,8,7,478.5
22990007057000,11,5,6,485.1
22990007058000,25,11,14,1015
22990007059000,38,20,18,1599.8
22990007060000,8,6,2,274.4
22990007069000,1,0,1,0
22990007074000,6,3,3,205.2
22990007075000,1,1,0,0
22990007092000,22,12,10,1069.2
22990007102000,20,10,10,682
22990007141000,4,2,2,0
22990007145000,2,1,1,0
22990007155000,3,1,2,0
22990007158000,7,4,3,266
22990007160000,3,1,2,0
22990007200000,6,2,4,253.8
23000006531000,10,4,6,381
23000006532000,5,2,3,225
23000006533000,2,1,1,0
23000006534000,6,4,2,289.2
23000006535000,9,5,4,252
23000006536000,1,1,0,0
23000006537000,4,3,1,0
23000006539000,11,4,7,388.3
23000006540000,15,8,7,523.5
23000006541000,7,5,2,182
23000006542000,6,4,2,259.8
23000006544000,41,23,18,1681
23000006545000,16,6,10,596.8
23000006546000,9,4,5,423
23000006547000,36,15,21,1292.4
23000006548000,3,1,2,0
23000006552000,2,1,1,0
23000006564000,2,1,1,0
23000006565000,16,8,8,577.6
23000006566000,5,2,3,278
23000006582000,11,5,6,444.4
23000006583000,5,3,2,204
23000006584000,17,9,8,533.8
23000006585000,20,9,11,992
23000006586000,10,5,5,422
23000006588000,24,12,12,847.2
23000006605000,26,14,12,1162.2
23000006606000,36,18,18,1533.6
23000006607000,15,9,6,450
23000006608000,11,6,5,612.7
23000006609000,14,6,8,502.6
23000006610000,1,1,0,0
23000006612000,3,1,2,0
23000006616000,12,7,5,315.6
23000006617000,2,1,1,0
23000006619000,14,8,6,348.6
23000006621000,6,2,4,382.8
23000006622000,34,17,17,1686.4
23000006623000,9,4,5,375.3
23000006624000,71,34,37,2974.9
23000006625000,456,212,244,19243.2
23000006626000,9,5,4,378.9
23000006628000,33,17,16,1356.3
23000006629000,71,34,37,3379.6
23000006630000,39,19,20,1357.2
23000006631000,10,5,5,526
23000006632000,17,11,6,737.8
23000006633000,3,1,2,0
23000006634000,238,127,111,10091.2
23000006635000,44,23,21,1936
23000006636000,10,6,4,441
23000006637000,5,3,2,313
23000006638000,1,0,1,0
23000006646000,3,1,2,0
23000006647000,34,17,17,1329.4
23000006648000,217,104,113,8680
23000006649000,39,23,16,1306.5
23000006650000,63,33,30,2772
23000006651000,31,16,15,1404.3
23000006652000,6,3,3,241.8
23000006658000,8,5,3,332.8
23000006659000,20,9,11,732
23000006660000,3,1,2,0
23000006661000,3,2,1,0
23000006662000,34,15,19,1547
23000006663000,89,42,47,3275.2
23000006664000,20,12,8,758
23000006665000,21,10,11,846.3
23000006666000,137,73,64,5260.8
23000006667000,15,5,10,456
23000006668000,23,12,11,627.9
23000006669000,20,10,10,982
23000006670000,18,10,8,752.4
23000006671000,20,10,10,896
23000006672000,21,11,10,970.2
23000006673000,147,67,80,6585.6
23000006674000,33,16,17,1696.2
23000006675000,2,0,2,0
23000006676000,5,3,2,246
23000006677000,2,0,2,0
23000006678000,14,6,8,604.8
23000006679000,30,17,13,1200
23000006680000,188,91,97,6918.4
23000006681000,207,93,114,8466.3
23000006682000,154,81,73,6529.6
23000006683000,44,22,22,1808.4
23000006684000,4,2,2,0
23000006713000,3,2,1,0
23000006725000,5,3,2,266
23000006726000,16,5,11,582.4
23000006727000,5,2,3,155
23000006728000,22,12,10,743.6
23000006729000,28,17,11,1086.4
23000006730000,50,24,26,2230
23000006731000,73,44,29,3007.6
23000006732000,131,74,57,5619.9
23000006733000,399,192,207,16638.3
23000006734000,16,8,8,651.2
23000006735000,61,25,36,2519.3
23000006736000,89,51,38,3595.6
23000006737000,44,20,24,1518
23000006738000,4,2,2,0
23000006739000,29,14,15,1125.2
23000006740000,35,17,18,1379
23000006741000,11,5,6,431.2
23000006742000,20,7,13,792
23000006743000,32,15,17,1187.2
23000006744000,244,125,119,8637.6
23000006745000,136,69,67,4760
23000006746000,36,16,20,1288.8
23000006747000,119,55,64,4260.2
23000006748000,175,82,93,8715
23000006749000,37,21,16,1461.5
23000006750000,40,24,16,1592
23000006751000,36,22,14,1558.8
23000006752000,22,11,11,829.4
23000006753000,37,19,18,1550.3
23000006754000,19,9,10,640.3
23000006755000,66,31,35,2686.2
23000006756000,6,2,4,280.2
23000006757000,6,5,1,175.8
23000006777000,1,1,0,0
23000006781000,33,20,13,1313.4
23000006782000,21,11,10,896.7
23000006783000,20,11,9,836
23000006784000,27,12,15,1034.1
23000006800000,2,1,1,0
23000006801000,16,8,8,660.8
23000006803000,4,0,4,0
23000006804000,12,4,8,770.4
23000006805000,1,0,1,0
23000006830000,2,1,1,0
23000006832000,1,0,1,0
23000006836000,3,2,1,0
23000006843000,4,2,2,0
23000006844000,19,8,11,554.8
23000006845000,13,7,6,530.4
23000006846000,13,7,6,695.5
23000006849000,14,8,6,712.6
23000006850000,19,8,11,955.7
23000006851000,11,6,5,688.6
23000006929000,1,1,0,0
23000006930000,6,3,3,214.8
23000006931000,4,2,2,0
23000006937000,19,7,12,761.9
23000006938000,31,16,15,1336.1
23000006939000,67,27,40,2338.3
23000006940000,13,8,5,561.6
23000006941000,2,2,0,0
23000006942000,1,1,0,0
23000006943000,1,0,1,0
23000006985000,26,12,14,1359.8
23000007013000,1,0,1,0
23000007014000,33,20,13,1234.2
23000007015000,22,10,12,1049.4
23000007016000,560,252,308,26040
23000007017000,216,116,100,9763.2
23000007018000,5,2,3,283
23000007019000,38,21,17,1641.6
23000007021000,2,1,1,0
23000007022000,48,25,23,1752
23000007035000,111,54,57,3130.2
23000007036000,6,4,2,207
23000007040000,49,25,24,1759.1
23000007041000,54,32,22,2052
23000007042000,44,24,20,1452
23000007043000,11,5,6,386.1
23000007045000,25,13,12,815
23000007046000,3,2,1,0
23000007048000,20,12,8,562
23000007052000,12,7,5,492
23000007053000,12,7,5,507.6
23000007055000,6,4,2,250.8
23000007056000,2,1,1,0
23000007057000,10,5,5,408
23000007058000,138,72,66,4885.2
23000007064000,13,5,8,448.5
23000007075000,10,5,5,500
23000007076000,5,2,3,301
23000007081000,20,10,10,446
23000007084000,11,7,4,555.5
23000007089000,7,4,3,282.1
23000007090000,2,1,1,0
23000007093000,16,9,7,606.4
23000007094000,15,8,7,598.5
23000007139000,6,2,4,244.2
23000007140000,2,1,1,0
23000007141000,15,8,7,835.5
23000007156000,1,0,1,0
23000007204000,26,13,13,936
23000007205000,5,3,2,93
23010006541000,5,1,4,314
23010006542000,5,3,2,256
23010006543000,52,31,21,1799.2
23010006544000,49,27,22,2190.3
23010006548000,2,1,1,0
23010006552000,3,1,2,0
23010006561000,6,4,2,288
23010006564000,7,4,3,258.3
23010006565000,13,6,7,613.6
23010006566000,8,6,2,500
23010006582000,5,3,2,119
23010006584000,9,4,5,273.6
23010006585000,11,6,5,490.6
23010006587000,8,4,4,379.2
23010006588000,59,32,27,2224.3
23010006589000,12,5,7,468
23010006591000,3,1,2,0
23010006605000,29,15,14,1023.7
23010006606000,26,12,14,943.8
23010006607000,4,2,2,0
23010006608000,9,4,5,353.7
23010006616000,24,16,8,847.2
23010006620000,22,11,11,864.6
23010006621000,7,3,4,329
23010006622000,6,5,1,166.8
23010006623000,9,4,5,276.3
23010006624000,3,2,1,0
23010006625000,107,57,50,4558.2
23010006626000,22,10,12,1232
23010006627000,8,4,4,470.4
23010006628000,27,16,11,1125.9
23010006629000,28,18,10,996.8
23010006630000,47,24,23,1424.1
23010006631000,111,63,48,4395.6
23010006632000,18,8,10,891
23010006633000,241,109,132,10146.1
23010006634000,149,71,78,6183.5
23010006635000,5,3,2,129
23010006636000,29,15,14,1415.2
23010006646000,6,3,3,234
23010006647000,183,95,88,6862.5
23010006648000,1075,513,562,43107.5
23010006649000,108,51,57,3931.2
23010006650000,61,40,21,2153.3
23010006651000,51,24,27,2284.8
23010006652000,23,11,12,1012
23010006663000,26,13,13,1144
23010006664000,61,35,26,2019.1
23010006665000,20,10,10,1058
23010006666000,56,27,29,1971.2
23010006667000,47,24,23,1696.7
23010006669000,33,16,17,1181.4
23010006670000,68,32,36,2672.4
23010006671000,9,3,6,354.6
23010006672000,22,10,12,1036.2
23010006673000,38,18,20,1523.8
23010006674000,216,106,110,9266.4
23010006675000,49,25,24,1989.4
23010006676000,16,10,6,689.6
23010006677000,38,17,21,1318.6
23010006678000,6,3,3,324
23010006679000,93,49,44,3878.1
23010006680000,53,27,26,1998.1
23010006681000,27,11,16,1055.7
23010006690000,4,2,2,0
23010006712000,18,13,5,696.6
23010006714000,2,2,0,0
23010006727000,4,2,2,0
23010006728000,5,3,2,276
23010006729000,17,7,10,746.3
23010006730000,18,10,8,844.2
23010006731000,83,38,45,2938.2
23010006732000,84,37,47,3124.8
23010006733000,40,24,16,1500
23010006734000,42,18,24,1751.4
23010006735000,41,19,22,2136.1
23010006736000,42,26,16,1831.2
23010006737000,66,34,32,2785.2
23010006738000,44,18,26,1962.4
23010006739000,120,61,59,4752
23010006740000,19,11,8,767.6
23010006742000,6,3,3,199.8
23010006743000,32,19,13,1129.6
23010006744000,54,26,28,1960.2
23010006745000,18,8,10,698.4
23010006746000,158,83,75,5624.8
23010006747000,711,356,355,28013.4
23010006748000,949,426,523,46501
23010006749000,543,268,275,20905.5
23010006750000,29,14,15,1093.3
23010006751000,34,18,16,1115.2
23010006752000,29,19,10,1009.2
23010006753000,52,26,26,2173.6
23010006754000,58,27,31,2030
23010006755000,9,7,2,344.7
23010006782000,26,13,13,1099.8
23010006783000,19,11,8,891.1
23010006784000,20,12,8,628
23010006794000,17,10,7,724.2
23010006798000,13,9,4,406.9
23010006799000,18,10,8,779.4
23010006800000,7,2,5,294
23010006841000,6,2,4,235.2
23010006844000,15,6,9,447
23010006845000,4,2,2,0
23010006846000,13,9,4,704.6
23010006847000,4,3,1,0
23010006930000,2,1,1,0
23010006936000,15,7,8,397.5
23010006937000,46,27,19,1761.8
23010006938000,27,13,14,1120.5
23010006949000,4,3,1,0
23010006984000,14,8,6,610.4
23010006985000,14,5,9,705.6
23010007004000,5,2,3,143
23010007013000,38,24,14,1622.6
23010007014000,21,13,8,1029
23010007015000,56,25,31,2749.6
23010007016000,51,25,26,2295
23010007017000,136,68,68,5616.8
23010007018000,32,17,15,1606.4
23010007019000,3,1,2,0
23010007022000,33,15,18,1313.4
23010007023000,21,11,10,903
23010007035000,10,5,5,396
23010007036000,25,13,12,1017.5
23010007039000,6,3,3,193.2
23010007040000,35,17,18,1256.5
23010007041000,46,20,26,1426
23010007042000,44,22,22,1496
23010007043000,28,12,16,1008
23010007045000,4,3,1,0
23010007048000,13,7,6,491.4
23010007052000,15,9,6,487.5
23010007053000,39,19,20,1665.3
23010007056000,11,6,5,331.1
23010007057000,33,15,18,1405.8
23010007058000,40,19,21,1308
23010007059000,13,7,6,546
23010007064000,6,2,4,327
23010007065000,3,2,1,0
23010007069000,4,2,2,0
23010007077000,5,3,2,106
23010007078000,10,6,4,512
23010007081000,5,3,2,207
23010007082000,22,9,13,820.6
23010007083000,10,6,4,348
23010007084000,9,4,5,483.3
23010007089000,6,4,2,370.2
23010007090000,16,11,5,641.6
23010007091000,1,1,0,0
23010007094000,17,10,7,848.3
23010007103000,1,1,0,0
23010007158000,13,5,8,461.5
23010007159000,14,6,8,565.6
23010007199000,1,0,1,0
23010007201000,2,2,0,0
23010007203000,15,8,7,670.5
23020006540000,2,1,1,0
23020006541000,1,1,0,0
23020006551000,3,2,1,0
23020006552000,1,1,0,0
23020006553000,6,2,4,216
23020006561000,15,9,6,571.5
23020006563000,10,5,5,257
23020006564000,10,5,5,508
23020006584000,11,5,6,350.9
23020006585000,1,1,0,0
23020006593000,2,1,1,0
23020006605000,23,12,11,1290.3
23020006606000,72,37,35,3038.4
23020006607000,64,31,33,2092.8
23020006615000,10,4,6,384
23020006616000,5,3,2,328
23020006617000,7,3,4,268.8
23020006618000,5,3,2,259
23020006619000,21,12,9,1018.5
23020006620000,36,18,18,1332
23020006621000,4,2,2,0
23020006623000,4,2,2,0
23020006624000,3,3,0,0
23020006625000,27,16,11,1096.2
23020006626000,17,9,8,588.2
23020006627000,9,5,4,290.7
23020006628000,19,8,11,680.2
23020006629000,20,10,10,696
23020006630000,28,14,14,1162
23020006631000,27,13,14,907.2
23020006632000,16,8,8,545.6
23020006633000,336,167,169,14078.4
23020006634000,127,63,64,5956.3
23020006635000,181,95,86,6262.6
23020006636000,331,172,159,12544.9
23020006637000,22,14,8,644.6
23020006638000,18,9,9,689.4
23020006646000,15,7,8,598.5
23020006647000,57,28,29,2496.6
23020006648000,815,420,395,29177
23020006649000,127,69,58,4483.1
23020006651000,26,11,15,780
23020006652000,4,2,2,0
23020006653000,7,4,3,343
23020006664000,4,2,2,0
23020006665000,88,46,42,3423.2
23020006666000,30,16,14,1419
23020006667000,23,12,11,752.1
23020006668000,29,15,14,1052.7
23020006669000,6,4,2,375
23020006670000,116,67,49,5278
23020006671000,33,17,16,1240.8
23020006672000,5,4,1,117
23020006673000,3,2,1,0
23020006674000,109,53,56,4469
23020006676000,32,14,18,1228.8
23020006677000,30,16,14,1020
23020006678000,4,3,1,0
23020006679000,6,4,2,216
23020006680000,35,21,14,1305.5
23020006683000,1,0,1,0
23020006712000,2,1,1,0
23020006727000,4,3,1,0
23020006729000,28,15,13,1288
23020006730000,73,39,34,3007.6
23020006731000,77,36,41,3380.3
23020006732000,27,16,11,1347.3
23020006733000,23,11,12,788.9
23020006734000,5,3,2,255
23020006735000,70,40,30,2828
23020006736000,34,21,13,1186.6
23020006737000,13,9,4,526.5
23020006738000,50,26,24,2280
23020006739000,147,78,69,5365.5
23020006740000,7,5,2,317.1
23020006741000,6,4,2,205.2
23020006742000,10,6,4,463
23020006743000,12,5,7,453.6
23020006745000,27,14,13,1215
23020006746000,32,17,15,1459.2
23020006747000,7,5,2,315
23020006748000,46,19,27,1807.8
23020006749000,122,55,67,3599
23020006750000,28,17,11,952
23020006751000,73,40,33,2817.8
23020006752000,28,11,17,1061.2
23020006753000,149,72,77,5855.7
23020006754000,70,38,32,2142
23020006755000,50,25,25,1930
23020006756000,34,19,15,1332.8
23020006775000,15,10,5,576
23020006776000,66,36,30,2798.4
23020006781000,16,8,8,555.2
23020006783000,60,30,30,2196
23020006784000,102,54,48,4202.4
23020006785000,14,6,8,334.6
23020006786000,1,1,0,0
23020006794000,5,4,1,245
23020006795000,4,2,2,0
23020006796000,31,17,14,1401.2
23020006797000,8,5,3,340.8
23020006798000,2,1,1,0
23020006822000,7,3,4,205.1
23020006823000,2,1,1,0
23020006932000,4,2,2,0
23020006933000,10,6,4,518
23020006934000,24,11,13,1192.8
23020006935000,26,17,9,967.2
23020006936000,30,17,13,1476
23020006937000,13,6,7,495.3
23020006983000,1,1,0,0
23020006984000,27,15,12,934.2
23020007002000,2,1,1,0
23020007012000,3,1,2,0
23020007013000,28,14,14,1279.6
23020007014000,73,43,30,2795.9
23020007015000,2,2,0,0
23020007017000,3,2,1,0
23020007018000,32,15,17,1360
23020007019000,15,8,7,673.5
23020007020000,1,1,0,0
23020007022000,25,14,11,957.5
23020007023000,88,40,48,3000.8
23020007024000,30,18,12,1296
23020007033000,16,8,8,566.4
23020007035000,8,4,4,338.4
23020007040000,20,9,11,714
23020007041000,12,7,5,442.8
23020007042000,15,7,8,649.5
23020007043000,32,15,17,1353.6
23020007044000,14,6,8,565.6
23020007048000,6,2,4,141
23020007057000,31,16,15,1624.4
23020007058000,22,13,9,941.6
23020007059000,38,19,19,980.4
23020007061000,10,4,6,294
23020007065000,10,3,7,265
23020007069000,9,6,3,350.1
23020007070000,13,5,8,505.7
23020007075000,1,0,1,0
23020007078000,8,4,4,511.2
23020007079000,13,7,6,468
23020007080000,11,6,5,515.9
23020007081000,52,25,27,1955.2
23020007082000,73,37,36,3029.5
23020007083000,45,24,21,1305
23020007090000,12,6,6,613.2
23020007091000,10,5,5,382
23020007095000,1,0,1,0
23020007157000,6,3,3,199.2
23020007158000,17,12,5,817.7
23020007159000,93,46,47,3794.4
23020007160000,3,2,1,0
23020007203000,10,7,3,374
23030006535000,5,3,2,139
23030006536000,2,1,1,0
23030006540000,6,3,3,147
23030006549000,4,2,2,0
23030006550000,4,3,1,0
23030006551000,5,3,2,274
23030006552000,14,8,6,572.6
23030006554000,5,3,2,190
23030006564000,5,3,2,183
23030006565000,11,7,4,364.1
23030006568000,1,1,0,0
23030006581000,5,2,3,170
23030006582000,16,11,5,772.8
23030006583000,11,5,6,335.5
23030006584000,6,4,2,175.8
23030006585000,2,1,1,0
23030006586000,7,4,3,230.3
23030006587000,2,1,1,0
23030006588000,7,3,4,231.7
23030006589000,9,4,5,357.3
23030006604000,6,3,3,124.8
23030006605000,4,2,2,0
23030006606000,70,40,30,2688
23030006607000,4,3,1,0
23030006610000,2,1,1,0
23030006611000,6,4,2,349.2
23030006612000,6,3,3,156
23030006613000,12,6,6,357.6
23030006614000,13,6,7,613.6
23030006615000,32,19,13,1478.4
23030006616000,34,17,17,1159.4
23030006619000,2,1,1,0
23030006620000,3,2,1,0
23030006622000,2,1,1,0
23030006623000,6,4,2,264
23030006624000,11,5,6,422.4
23030006625000,45,23,22,1782
23030006630000,10,5,5,356
23030006631000,22,11,11,998.8
23030006632000,75,34,41,3255
23030006633000,10,5,5,295
23030006634000,7,3,4,259
23030006635000,4,1,3,0
23030006636000,118,64,54,4248
23030006637000,30,11,19,1461
23030006638000,20,11,9,1064
23030006639000,24,13,11,888
23030006647000,61,30,31,2043.5
23030006648000,247,119,128,9262.5
23030006649000,13,5,8,386.1
23030006650000,10,6,4,286
23030006651000,13,5,8,609.7
23030006652000,3,1,2,0
23030006653000,12,8,4,488.4
23030006661000,1,0,1,0
23030006666000,793,404,389,29578.9
23030006667000,103,58,45,3924.3
23030006668000,32,17,15,1340.8
23030006669000,292,146,146,13402.8
23030006670000,725,314,411,38062.5
23030006671000,11,3,8,423.5
23030006672000,9,2,7,366.3
23030006673000,1,1,0,0
23030006674000,12,7,5,596.4
23030006675000,9,5,4,457.2
23030006676000,30,13,17,936
23030006677000,35,18,17,1673
23030006678000,38,22,16,1474.4
23030006679000,10,4,6,360
23030006712000,2,1,1,0
23030006725000,4,3,1,0
23030006728000,8,4,4,267.2
23030006729000,29,22,7,1296.3
23030006733000,7,3,4,350.7
23030006734000,4,2,2,0
23030006735000,22,13,9,994.4
23030006736000,9,4,5,406.8
23030006738000,21,13,8,684.6
23030006739000,46,21,25,1853.8
23030006741000,10,3,7,461
23030006742000,3,1,2,0
23030006743000,6,3,3,129
23030006745000,19,8,11,619.4
23030006746000,54,31,23,2116.8
23030006747000,48,22,26,1920
23030006748000,79,46,33,3302.2
23030006749000,56,28,28,2245.6
23030006750000,41,23,18,1738.4
23030006751000,11,5,6,412.5
23030006752000,4,2,2,0
23030006753000,59,32,27,2814.3
23030006754000,107,52,55,4611.7
23030006755000,18,9,9,689.4
23030006756000,21,12,9,1045.8
23030006773000,5,1,4,223
23030006774000,18,9,9,855
23030006775000,13,8,5,564.2
23030006776000,15,7,8,591
23030006777000,13,8,5,557.7
23030006778000,7,3,4,275.1
23030006779000,8,4,4,410.4
23030006780000,7,5,2,525.7
23030006781000,58,30,28,1635.6
23030006782000,586,276,310,19220.8
23030006783000,88,42,46,3159.2
23030006784000,104,55,49,4638.4
23030006785000,55,32,23,2035
23030006786000,10,4,6,256
23030006787000,4,1,3,0
23030006788000,5,4,1,127
23030006791000,3,1,2,0
23030006792000,13,8,5,461.5
23030006793000,24,13,11,986.4
23030006794000,30,18,12,1230
23030006795000,25,12,13,1020
23030006796000,5,3,2,177
23030006797000,6,2,4,223.8
23030006820000,1,1,0,0
23030006821000,3,2,1,0
23030006919000,7,4,3,445.2
23030006920000,52,26,26,1924
23030006921000,12,7,5,469.2
23030006933000,3,2,1,0
23030006934000,12,4,8,738
23030006935000,44,22,22,1654.4
23030006936000,24,11,13,943.2
23030006958000,4,1,3,0
23030006982000,6,3,3,355.8
23030006983000,33,17,16,1501.5
23030007012000,9,5,4,278.1
23030007013000,9,6,3,290.7
23030007014000,73,37,36,2949.2
23030007015000,10,6,4,301
23030007017000,3,1,2,0
23030007018000,80,47,33,3032
23030007019000,31,17,14,1109.8
23030007020000,40,19,21,1560
23030007021000,25,10,15,947.5
23030007022000,18,7,11,885.6
23030007023000,56,29,27,2223.2
23030007024000,5,3,2,278
23030007026000,3,1,2,0
23030007033000,23,12,11,1018.9
23030007034000,40,21,19,1164
23030007035000,72,37,35,2620.8
23030007040000,4,3,1,0
23030007041000,36,20,16,1310.4
23030007042000,35,19,16,1270.5
23030007043000,63,30,33,1978.2
23030007044000,29,13,16,1310.8
23030007045000,28,13,15,1265.6
23030007046000,9,5,4,357.3
23030007048000,18,7,11,774
23030007049000,3,2,1,0
23030007050000,21,12,9,602.7
23030007051000,5,3,2,128
23030007057000,2,1,1,0
23030007058000,30,12,18,1122
23030007059000,154,77,77,5420.8
23030007060000,2,1,1,0
23030007066000,6,4,2,219
23030007068000,6,3,3,258
23030007069000,14,8,6,575.4
23030007070000,23,10,13,959.1
23030007071000,21,11,10,676.2
23030007074000,3,1,2,0
23030007075000,10,6,4,539
23030007080000,1,0,1,0
23030007081000,14,8,6,774.2
23030007082000,123,51,72,5879.4
23030007083000,57,31,26,2126.1
23030007090000,8,4,4,350.4
23030007096000,1,0,1,0
23030007104000,3,2,1,0
23030007154000,14,6,8,593.6
23030007155000,15,8,7,559.5
23030007156000,3,2,1,0
23030007157000,11,6,5,403.7
23030007158000,86,41,45,3551.8
23030007159000,180,87,93,7866
23030007170000,6,3,3,325.2
23030007200000,17,8,9,649.4
23030007204000,10,6,4,548
23030007205000,2,1,1,0
23040006538000,3,2,1,0
23040006539000,10,6,4,454
23040006550000,6,2,4,169.8
23040006551000,6,2,4,268.8
23040006553000,1,1,0,0
23040006564000,2,0,2,0
23040006580000,4,2,2,0
23040006581000,9,6,3,460.8
23040006582000,2,1,1,0
23040006589000,3,2,1,0
23040006590000,6,2,4,216
23040006605000,3,3,0,0
23040006610000,4,3,1,0
23040006612000,3,3,0,0
23040006613000,16,10,6,737.6
23040006614000,5,2,3,226
23040006619000,5,4,1,133
23040006620000,7,2,5,184.1
23040006622000,15,7,8,661.5
23040006623000,4,2,2,0
23040006630000,4,2,2,0
23040006631000,40,21,19,1068
23040006632000,30,15,15,1182
23040006633000,2,0,2,0
23040006634000,27,15,12,1179.9
23040006635000,16,8,8,609.6
23040006637000,45,23,22,1971
23040006638000,13,5,8,565.5
23040006639000,17,8,9,601.8
23040006640000,6,3,3,337.2
23040006641000,14,7,7,743.4
23040006646000,11,6,5,308
23040006647000,53,28,25,2337.3
23040006648000,57,32,25,2080.5
23040006649000,7,5,2,242.2
23040006650000,21,9,12,833.7
23040006651000,14,7,7,557.2
23040006652000,36,18,18,1400.4
23040006653000,29,16,13,1479
23040006654000,3,2,1,0
23040006666000,172,81,91,6553.2
23040006667000,72,30,42,3103.2
23040006668000,120,59,61,4548
23040006669000,902,420,482,39327.2
23040006670000,427,209,218,19684.7
23040006671000,862,390,472,34307.6
23040006672000,40,23,17,1356
23040006673000,12,6,6,345.6
23040006674000,8,3,5,320.8
23040006675000,74,42,32,3071
23040006676000,4,2,2,0
23040006677000,10,4,6,258
23040006678000,34,18,16,1506.2
23040006679000,74,36,38,2863.8
23040006702000,3,0,3,0
23040006703000,21,11,10,903
23040006706000,3,2,1,0
23040006707000,11,3,8,412.5
23040006729000,2,1,1,0
23040006735000,2,1,1,0
23040006740000,2,1,1,0
23040006742000,4,2,2,0
23040006743000,2,0,2,0
23040006744000,13,4,9,249.6
23040006745000,18,9,9,630
23040006746000,13,7,6,660.4
23040006748000,12,7,5,594
23040006749000,24,9,15,914.4
23040006750000,16,11,5,734.4
23040006751000,8,3,5,203.2
23040006752000,6,3,3,229.2
23040006754000,2,1,1,0
23040006755000,7,4,3,294
23040006770000,3,1,2,0
23040006771000,5,3,2,200
23040006772000,11,8,3,277.2
23040006773000,4,2,2,0
23040006774000,18,8,10,613.8
23040006775000,32,17,15,1267.2
23040006776000,48,26,22,2011.2
23040006777000,59,32,27,2047.3
23040006778000,19,9,10,915.8
23040006779000,5,3,2,193
23040006780000,22,12,10,1067
23040006781000,55,28,27,1996.5
23040006782000,358,160,198,18616
23040006783000,616,302,314,26980.8
23040006784000,316,171,145,12166
23040006785000,27,17,10,1023.3
23040006786000,35,19,16,1393
23040006787000,20,10,10,790
23040006788000,2,2,0,0
23040006818000,1,1,0,0
23040006819000,17,9,8,1014.9
23040006820000,3,1,2,0
23040006920000,8,3,5,307.2
23040006934000,54,28,26,1868.4
23040006935000,72,38,34,2937.6
23040006936000,25,14,11,1120
23040006963000,1,1,0,0
23040006964000,1,1,0,0
23040006966000,1,0,1,0
23040006967000,4,2,2,0
23040006982000,7,3,4,315
23040006983000,64,31,33,3251.2
23040007012000,67,31,36,2458.9
23040007013000,30,17,13,1005
23040007014000,72,37,35,3672
23040007015000,12,5,7,507.6
23040007017000,2,1,1,0
23040007018000,31,11,20,1314.4
23040007019000,195,105,90,7741.5
23040007020000,64,34,30,2368
23040007021000,9,5,4,340.2
23040007026000,5,1,4,158
23040007033000,35,23,12,959
23040007034000,52,28,24,1939.6
23040007035000,22,11,11,774.4
23040007036000,1,1,0,0
23040007041000,17,10,7,610.3
23040007042000,47,28,19,1861.2
23040007043000,38,22,16,1706.2
23040007044000,32,16,16,1129.6
23040007045000,7,3,4,238
23040007046000,71,45,26,2399.8
23040007047000,45,27,18,1647
23040007048000,24,11,13,811.2
23040007049000,51,24,27,1810.5
23040007050000,21,10,11,745.5
23040007051000,19,9,10,807.5
23040007058000,14,5,9,606.2
23040007059000,420,203,217,17808
23040007060000,16,9,7,563.2
23040007061000,15,8,7,492
23040007062000,27,14,13,977.4
23040007066000,2,1,1,0
23040007067000,13,6,7,379.6
23040007068000,43,16,27,1513.6
23040007069000,184,91,93,7194.4
23040007070000,110,53,57,3861
23040007074000,7,3,4,237.3
23040007075000,13,7,6,587.6
23040007076000,9,5,4,442.8
23040007083000,35,20,15,1508.5
23040007084000,4,2,2,0
23040007088000,4,2,2,0
23040007089000,37,21,16,1827.8
23040007090000,18,8,10,513
23040007096000,1,1,0,0
23040007097000,16,5,11,545.6
23040007153000,1,1,0,0
23040007154000,6,3,3,204
23040007158000,22,13,9,1267.2
23040007159000,43,26,17,1595.3
23040007164000,1,1,0,0
23040007168000,3,2,1,0
23040007197000,1,1,0,0
23040007198000,11,7,4,354.2
23040007199000,3,1,2,0
23040007201000,5,2,3,271
23040007205000,2,1,1,0
23040007206000,9,4,5,479.7
23050006538000,9,5,4,424.8
23050006539000,3,2,1,0
23050006543000,5,2,3,119
23050006560000,4,2,2,0
23050006564000,16,7,9,716.8
23050006565000,6,3,3,367.2
23050006582000,3,1,2,0
23050006605000,2,1,1,0
23050006606000,7,4,3,280
23050006609000,15,9,6,652.5
23050006610000,22,12,10,1126.4
23050006611000,5,2,3,180
23050006612000,12,8,4,529.2
23050006613000,17,9,8,816
23050006614000,3,2,1,0
23050006618000,5,3,2,209
23050006619000,7,3,4,392.7
23050006620000,60,29,31,2298
23050006621000,9,6,3,435.6
23050006622000,6,1,5,211.8
23050006623000,35,19,16,1655.5
23050006624000,4,2,2,0
23050006625000,1,1,0,0
23050006632000,17,9,8,581.4
23050006633000,9,5,4,450
23050006635000,16,8,8,668.8
23050006636000,1,1,0,0
23050006638000,42,26,16,1927.8
23050006640000,58,27,31,2679.6
23050006641000,52,28,24,2168.4
23050006644000,2,0,2,0
23050006647000,57,33,24,2280
23050006648000,20,11,9,850
23050006650000,21,8,13,810.6
23050006651000,3,2,1,0
23050006653000,10,6,4,447
23050006654000,8,4,4,356
23050006655000,9,5,4,444.6
23050006666000,8,4,4,316.8
23050006667000,13,8,5,669.5
23050006668000,208,102,106,7030.4
23050006669000,225,105,120,8932.5
23050006670000,30,14,16,1131
23050006671000,98,50,48,4449.2
23050006672000,27,11,16,985.5
23050006673000,29,17,12,968.6
23050006674000,19,11,8,680.2
23050006675000,30,15,15,1359
23050006676000,25,15,10,970
23050006677000,5,3,2,209
23050006678000,18,7,11,696.6
23050006679000,21,11,10,630
23050006681000,13,8,5,642.2
23050006682000,21,13,8,699.3
23050006683000,13,6,7,724.1
23050006685000,4,3,1,0
23050006687000,4,2,2,0
23050006688000,26,12,14,1055.6
23050006700000,20,12,8,690
23050006701000,6,2,4,274.8
23050006702000,29,15,14,1171.6
23050006703000,9,4,5,392.4
23050006705000,41,20,21,2025.4
23050006706000,78,39,39,3728.4
23050006709000,5,1,4,173
23050006723000,1,1,0,0
23050006735000,4,1,3,0
23050006736000,4,2,2,0
23050006737000,1,1,0,0
23050006743000,6,2,4,229.8
23050006744000,3,2,1,0
23050006745000,41,25,16,1709.7
23050006749000,1,1,0,0
23050006752000,6,4,2,307.2
23050006753000,3,1,2,0
23050006768000,9,4,5,277.2
23050006769000,27,15,12,1031.4
23050006770000,7,4,3,427.7
23050006772000,2,1,1,0
23050006777000,11,6,5,319
23050006778000,11,6,5,376.2
23050006779000,8,5,3,252.8
23050006780000,5,3,2,324
23050006781000,18,7,11,547.2
23050006782000,34,14,20,1513
23050006783000,100,54,46,4280
23050006784000,38,22,16,1128.6
23050006785000,5,2,3,389
23050006786000,24,10,14,842.4
23050006810000,2,0,2,0
23050006813000,1,0,1,0
23050006816000,13,7,6,656.5
23050006820000,3,1,2,0
23050006932000,9,6,3,285.3
23050006933000,4,1,3,0
23050006934000,308,156,152,12289.2
23050006935000,187,92,95,8695.5
23050006936000,10,5,5,530
23050006937000,18,11,7,617.4
23050006938000,1,1,0,0
23050006962000,1,1,0,0
23050006963000,5,2,3,224
23050006964000,7,3,4,329.7
23050006965000,26,12,14,1050.4
23050006967000,4,3,1,0
23050006968000,27,13,14,1233.9
23050006969000,11,5,6,393.8
23050006973000,2,1,1,0
23050006975000,5,3,2,268
23050006976000,12,9,3,518.4
23050006980000,11,5,6,466.4
23050006981000,13,6,7,334.1
23050006982000,136,68,68,5739.2
23050006983000,38,16,22,1527.6
23050007012000,69,33,36,2898
23050007013000,56,35,21,2660
23050007014000,68,37,31,2699.6
23050007015000,16,9,7,697.6
23050007020000,18,12,6,750.6
23050007021000,35,22,13,1298.5
23050007034000,13,5,8,426.4
23050007042000,340,177,163,12274
23050007043000,43,20,23,1694.2
23050007044000,9,5,4,313.2
23050007046000,18,9,9,757.8
23050007047000,27,13,14,999
23050007048000,46,20,26,1628.4
23050007049000,48,21,27,1675.2
23050007050000,9,5,4,345.6
23050007051000,7,4,3,212.8
23050007052000,1,0,1,0
23050007058000,3,3,0,0
23050007059000,23,11,12,936.1
23050007060000,18,10,8,673.2
23050007061000,37,18,19,1624.3
23050007062000,34,17,17,931.6
23050007063000,20,11,9,892
23050007066000,42,23,19,1587.6
23050007067000,22,11,11,888.8
23050007068000,57,29,28,1881
23050007069000,1,1,0,0
23050007076000,23,8,15,862.5
23050007077000,56,23,33,2525.6
23050007078000,34,17,17,1407.6
23050007079000,7,5,2,291.9
23050007080000,4,3,1,0
23050007083000,6,3,3,399
23050007084000,14,8,6,623
23050007087000,1,1,0,0
23050007088000,18,6,12,743.4
23050007089000,23,14,9,1334
23050007153000,2,1,1,0
23050007155000,3,1,2,0
23050007159000,2,1,1,0
23050007165000,6,2,4,136.2
23050007168000,4,2,2,0
23050007206000,25,12,13,700
23060006537000,2,1,1,0
23060006538000,4,1,3,0
23060006561000,5,3,2,97
23060006565000,4,1,3,0
23060006603000,3,1,2,0
23060006604000,3,1,2,0
23060006605000,37,19,18,1768.6
23060006606000,7,5,2,254.8
23060006607000,2,1,1,0
23060006608000,19,10,9,632.7
23060006610000,13,6,7,587.6
23060006611000,11,4,7,353.1
23060006612000,35,15,20,1046.5
23060006613000,21,10,11,1024.8
23060006614000,3,2,1,0
23060006615000,8,4,4,368.8
23060006618000,26,13,13,1245.4
23060006623000,6,2,4,151.2
23060006624000,14,9,5,588
23060006625000,5,3,2,292
23060006633000,23,12,11,1012
23060006635000,2,2,0,0
23060006637000,16,11,5,704
23060006638000,15,9,6,586.5
23060006639000,5,3,2,164
23060006640000,3,3,0,0
23060006641000,51,31,20,2198.1
23060006642000,59,33,26,2489.8
23060006643000,386,192,194,13548.6
23060006644000,72,35,37,1850.4
23060006646000,9,5,4,460.8
23060006647000,77,39,38,3118.5
23060006648000,144,74,70,4852.8
23060006649000,12,7,5,456
23060006650000,14,6,8,702.8
23060006651000,16,8,8,566.4
23060006654000,6,3,3,228
23060006655000,4,3,1,0
23060006656000,7,3,4,151.9
23060006666000,3,3,0,0
23060006668000,23,12,11,811.9
23060006669000,7,4,3,368.2
23060006670000,36,24,12,1360.8
23060006671000,30,15,15,951
23060006672000,11,5,6,474.1
23060006673000,9,6,3,477
23060006674000,24,13,11,1015.2
23060006675000,33,18,15,1204.5
23060006676000,452,224,228,16588.4
23060006677000,10,4,6,455
23060006679000,1,1,0,0
23060006680000,39,21,18,1996.8
23060006681000,90,46,44,3897
23060006682000,44,23,21,1509.2
23060006683000,16,10,6,852.8
23060006684000,13,7,6,549.9
23060006685000,67,35,32,2438.8
23060006686000,19,10,9,649.8
23060006687000,22,11,11,1029.6
23060006700000,12,5,7,588
23060006701000,42,21,21,1848
23060006702000,83,43,40,3037.8
23060006704000,9,4,5,306
23060006705000,50,24,26,2155
23060006706000,40,19,21,1428
23060006707000,3,2,1,0
23060006708000,10,5,5,520
23060006722000,2,2,0,0
23060006724000,2,1,1,0
23060006726000,4,2,2,0
23060006727000,6,4,2,198
23060006738000,4,2,2,0
23060006745000,11,4,7,444.4
23060006753000,7,3,4,499.8
23060006767000,8,5,3,232.8
23060006768000,5,3,2,153
23060006784000,6,3,3,205.2
23060006809000,7,2,5,307.3
23060006810000,2,2,0,0
23060006811000,3,1,2,0
23060006934000,27,12,15,1269
23060006935000,63,34,29,2929.5
23060006936000,5,3,2,263
23060006969000,9,5,4,487.8
23060006970000,12,4,8,513.6
23060006971000,8,4,4,574.4
23060006972000,3,2,1,0
23060006973000,7,3,4,275.1
23060006974000,29,16,13,1061.4
23060006975000,12,9,3,544.8
23060006980000,8,3,5,472
23060006981000,10,6,4,642
23060006982000,23,15,8,1189.1
23060006983000,2,1,1,0
23060007011000,4,2,2,0
23060007012000,38,21,17,1432.6
23060007013000,48,19,29,1728
23060007014000,1,0,1,0
23060007021000,20,10,10,692
23060007035000,10,6,4,523
23060007042000,74,32,42,4114.4
23060007043000,204,108,96,7813.2
23060007044000,264,134,130,7788
23060007045000,50,21,29,1995
23060007046000,83,45,38,2813.7
23060007047000,37,19,18,1605.8
23060007048000,34,15,19,1618.4
23060007049000,24,12,12,1084.8
23060007050000,2,1,1,0
23060007058000,10,5,5,517
23060007059000,16,8,8,457.6
23060007060000,21,9,12,789.6
23060007061000,9,4,5,320.4
23060007062000,7,2,5,454.3
23060007063000,12,5,7,471.6
23060007064000,12,8,4,376.8
23060007066000,18,11,7,745.2
23060007067000,13,7,6,388.7
23060007069000,16,11,5,897.6
23060007070000,15,9,6,585
23060007076000,11,6,5,465.3
23060007077000,18,8,10,1056.6
23060007078000,38,20,18,1508.6
23060007079000,24,13,11,998.4
23060007080000,1,1,0,0
23060007084000,12,7,5,450
23060007085000,3,1,2,0
23060007086000,2,1,1,0
23060007152000,3,1,2,0
23060007153000,18,11,7,822.6
23060007159000,2,1,1,0
23060007161000,10,6,4,328
23060007162000,2,1,1,0
23060007169000,24,12,12,1104
23060007199000,2,0,2,0
23060007200000,15,9,6,556.5
23060007203000,7,4,3,247.8
23060007210000,2,1,1,0
23060007211000,2,2,0,0
23070006538000,39,22,17,1587.3
23070006542000,7,3,4,212.8
23070006544000,1,1,0,0
23070006560000,2,1,1,0
23070006603000,7,3,4,343.7
23070006604000,18,5,13,714.6
23070006605000,27,11,16,993.6
23070006606000,17,10,7,608.6
23070006607000,22,13,9,712.8
23070006608000,2,1,1,0
23070006610000,7,3,4,405.3
23070006611000,2,1,1,0
23070006612000,1,1,0,0
23070006613000,5,3,2,168
23070006614000,2,1,1,0
23070006616000,3,1,2,0
23070006624000,7,4,3,410.2
23070006625000,2,1,1,0
23070006628000,4,2,2,0
23070006638000,37,16,21,1391.2
23070006639000,30,16,14,1428
23070006640000,13,7,6,440.7
23070006641000,17,9,8,775.2
23070006642000,306,153,153,13005
23070006643000,955,456,499,40587.5
23070006644000,165,85,80,5659.5
23070006645000,51,25,26,1912.5
23070006647000,73,45,28,2985.7
23070006648000,34,18,16,1275
23070006649000,17,11,6,906.1
23070006668000,92,48,44,3376.4
23070006669000,27,15,12,1190.7
23070006670000,60,30,30,2076
23070006671000,19,10,9,970.9
23070006672000,13,8,5,530.4
23070006673000,27,12,15,966.6
23070006674000,8,5,3,283.2
23070006675000,70,40,30,2835
23070006676000,59,29,30,2448.5
23070006677000,33,16,17,1207.8
23070006678000,1,1,0,0
23070006679000,37,16,21,1224.7
23070006680000,36,18,18,1155.6
23070006682000,295,151,144,10502
23070006683000,4,3,1,0
23070006684000,8,3,5,331.2
23070006686000,2,1,1,0
23070006700000,44,21,23,1790.8
23070006701000,8,4,4,442.4
23070006702000,16,7,9,745.6
23070006703000,18,9,9,765
23070006704000,32,20,12,1251.2
23070006705000,104,55,49,4149.6
23070006706000,80,39,41,3536
23070006707000,18,10,8,635.4
23070006725000,4,2,2,0
23070006726000,2,1,1,0
23070006739000,1,1,0,0
23070006742000,4,2,2,0
23070006744000,6,3,3,144
23070006745000,21,14,7,919.8
23070006754000,7,4,3,375.2
23070006766000,21,13,8,924
23070006767000,4,3,1,0
23070006778000,1,0,1,0
23070006784000,8,4,4,254.4
23070006785000,16,8,8,604.8
23070006786000,1,1,0,0
23070006805000,1,1,0,0
23070006934000,51,25,26,2182.8
23070006935000,45,24,21,1939.5
23070006936000,28,15,13,963.2
23070006937000,1,1,0,0
23070006939000,1,1,0,0
23070006942000,2,1,1,0
23070006973000,30,18,12,1068
23070006974000,40,15,25,1612
23070006975000,19,11,8,950
23070006976000,16,6,10,446.4
23070006983000,6,3,3,235.8
23070007011000,13,6,7,490.1
23070007012000,6,2,4,291
23070007013000,1,0,1,0
23070007016000,2,1,1,0
23070007035000,12,7,5,382.8
23070007042000,8,6,2,274.4
23070007043000,37,19,18,1598.4
23070007044000,78,37,41,2503.8
23070007045000,4,2,2,0
23070007046000,15,6,9,706.5
23070007047000,114,52,62,4468.8
23070007048000,89,44,45,2678.9
23070007049000,29,16,13,1113.6
23070007052000,2,1,1,0
23070007057000,17,7,10,707.2
23070007059000,10,4,6,239
23070007060000,17,10,7,569.5
23070007061000,18,11,7,651.6
23070007063000,2,1,1,0
23070007064000,19,10,9,872.1
23070007065000,76,37,39,2568.8
23070007066000,10,5,5,482
23070007067000,12,3,9,447.6
23070007068000,4,2,2,0
23070007069000,18,10,8,550.8
23070007077000,21,10,11,667.8
23070007078000,17,6,11,440.3
23070007079000,36,16,20,1119.6
23070007080000,9,5,4,495.9
23070007084000,1,1,0,0
23070007085000,28,14,14,1274
23070007086000,22,11,11,822.8
23070007087000,6,3,3,88.2
23070007088000,4,2,2,0
23070007089000,21,11,10,674.1
23070007090000,11,6,5,425.7
23070007108000,6,4,2,216
23070007151000,2,1,1,0
23070007159000,1,1,0,0
23070007161000,2,1,1,0
23070007162000,5,3,2,223
23070007167000,1,0,1,0
23070007205000,20,7,13,1068
23070007207000,6,4,2,289.2
23070007211000,20,9,11,654
23070007212000,7,3,4,280
23080006537000,62,34,28,3267.4
23080006539000,3,2,1,0
23080006540000,4,2,2,0
23080006541000,10,7,3,336
23080006560000,9,3,6,348.3
23080006561000,2,1,1,0
23080006562000,25,12,13,930
23080006563000,6,3,3,268.2
23080006564000,7,4,3,361.2
23080006565000,17,11,6,632.4
23080006571000,2,2,0,0
23080006572000,2,1,1,0
23080006573000,12,7,5,639.6
23080006574000,7,4,3,228.2
23080006575000,11,6,5,324.5
23080006576000,12,6,6,453.6
23080006578000,1,1,0,0
23080006586000,8,2,6,228
23080006587000,2,1,1,0
23080006588000,4,2,2,0
23080006602000,5,3,2,268
23080006603000,3,2,1,0
23080006604000,2,1,1,0
23080006606000,1,0,1,0
23080006608000,17,6,11,545.7
23080006609000,7,4,3,226.8
23080006610000,9,5,4,377.1
23080006611000,6,4,2,360
23080006612000,14,9,5,603.4
23080006613000,18,10,8,667.8
23080006615000,24,13,11,1046.4
23080006616000,1,1,0,0
23080006626000,1,0,1,0
23080006632000,1,1,0,0
23080006639000,13,6,7,640.9
23080006642000,161,85,76,5232.5
23080006643000,364,174,190,13795.6
23080006646000,13,6,7,453.7
23080006647000,55,31,24,2073.5
23080006648000,17,8,9,734.4
23080006649000,12,6,6,444
23080006660000,2,1,1,0
23080006667000,2,1,1,0
23080006668000,29,13,16,1157.1
23080006669000,14,9,5,509.6
23080006670000,2,1,1,0
23080006673000,20,9,11,826
23080006674000,38,18,20,2021.6
23080006675000,36,18,18,1184.4
23080006676000,32,18,14,1609.6
23080006677000,15,9,6,535.5
23080006679000,32,20,12,1459.2
23080006680000,21,15,6,802.2
23080006682000,52,25,27,1892.8
23080006683000,29,16,13,945.4
23080006684000,11,4,7,350.9
23080006698000,26,17,9,930.8
23080006699000,8,4,4,280
23080006700000,149,78,71,5945.1
23080006701000,68,35,33,3270.8
23080006702000,53,25,28,2305.5
23080006703000,33,17,16,1755.6
23080006704000,20,11,9,1040
23080006705000,10,4,6,513
23080006717000,3,2,1,0
23080006720000,2,1,1,0
23080006737000,10,5,5,357
23080006738000,45,25,20,1890
23080006739000,3,1,2,0
23080006742000,24,12,12,1212
23080006743000,5,3,2,225
23080006744000,17,10,7,867
23080006747000,4,1,3,0
23080006754000,16,9,7,686.4
23080006765000,47,25,22,1677.9
23080006766000,24,11,13,1096.8
23080006767000,4,2,2,0
23080006785000,28,12,16,1313.2
23080006804000,5,2,3,319
23080006805000,1,1,0,0
23080006936000,8,5,3,360.8
23080006937000,19,10,9,756.2
23080006940000,6,2,4,345
23080006941000,34,22,12,1040.4
23080006942000,16,7,9,632
23080006973000,27,16,11,1339.2
23080006974000,54,31,23,2332.8
23080006975000,8,3,5,468
23080007011000,16,8,8,614.4
23080007012000,12,7,5,609.6
23080007023000,1,1,0,0
23080007035000,15,9,6,589.5
23080007042000,25,11,14,625
23080007043000,16,10,6,809.6
23080007044000,2,2,0,0
23080007046000,9,5,4,214.2
23080007047000,15,7,8,367.5
23080007048000,2,2,0,0
23080007049000,25,13,12,825
23080007059000,13,8,5,293.8
23080007061000,8,5,3,271.2
23080007062000,8,5,3,271.2
23080007064000,22,14,8,745.8
23080007065000,22,14,8,675.4
23080007066000,66,33,33,2376
23080007067000,24,14,10,768
23080007068000,40,19,21,1516
23080007069000,5,2,3,252
23080007070000,4,3,1,0
23080007078000,8,4,4,372.8
23080007080000,3,1,2,0
23080007084000,5,3,2,129
23080007085000,45,26,19,1660.5
23080007086000,36,21,15,1728
23080007088000,2,1,1,0
23080007089000,3,3,0,0
23080007090000,4,2,2,0
23080007100000,8,4,4,372.8
23080007167000,23,13,10,685.4
23080007168000,5,1,4,183
23080007200000,19,14,5,710.6
23080007201000,20,8,12,674
23080007203000,9,4,5,478.8
23080007204000,2,1,1,0
23080007205000,19,11,8,710.6
23080007207000,2,1,1,0
23080007208000,3,2,1,0
23090006540000,7,5,2,233.1
23090006541000,8,3,5,264.8
23090006542000,9,4,5,408.6
23090006543000,1,1,0,0
23090006544000,5,2,3,219
23090006561000,1,1,0,0
23090006562000,8,5,3,324.8
23090006563000,13,6,7,642.2
23090006564000,24,15,9,1113.6
23090006565000,47,25,22,1630.9
23090006566000,11,5,6,420.2
23090006570000,1,0,1,0
23090006572000,7,4,3,193.2
23090006574000,5,2,3,248
23090006575000,4,3,1,0
23090006577000,17,9,8,761.6
23090006578000,30,15,15,1335
23090006579000,2,1,1,0
23090006583000,11,6,5,514.8
23090006584000,8,6,2,398.4
23090006586000,7,3,4,259
23090006587000,12,6,6,408
23090006589000,4,2,2,0
23090006590000,9,5,4,298.8
23090006591000,2,1,1,0
23090006592000,7,4,3,284.9
23090006593000,4,2,2,0
23090006595000,1,1,0,0
23090006596000,5,1,4,163
23090006597000,2,1,1,0
23090006599000,22,14,8,818.4
23090006600000,14,6,8,599.2
23090006601000,12,5,7,462
23090006603000,18,9,9,678.6
23090006604000,7,4,3,329
23090006605000,40,20,20,1596
23090006606000,22,11,11,728.2
23090006607000,9,5,4,538.2
23090006610000,6,4,2,259.8
23090006611000,22,11,11,976.8
23090006612000,17,9,8,799
23090006613000,7,3,4,298.2
23090006614000,5,2,3,312
23090006615000,10,5,5,582
23090006625000,4,2,2,0
23090006642000,226,103,123,8678.4
23090006643000,195,93,102,8677.5
23090006644000,17,11,6,732.7
23090006645000,40,28,12,1624
23090006646000,20,10,10,804
23090006647000,39,20,19,1872
23090006648000,16,6,10,486.4
23090006650000,20,8,12,878
23090006651000,3,2,1,0
23090006667000,17,9,8,598.4
23090006674000,51,27,24,1856.4
23090006675000,47,26,21,2246.6
23090006676000,21,12,9,770.7
23090006677000,27,14,13,1144.8
23090006678000,45,22,23,2043
23090006679000,34,18,16,1730.6
23090006680000,52,25,27,2282.8
23090006681000,32,16,16,1203.2
23090006682000,41,18,23,1717.9
23090006683000,72,44,28,3132
23090006684000,14,9,5,590.8
23090006697000,55,32,23,2205.5
23090006698000,54,28,26,2354.4
23090006699000,193,102,91,8530.6
23090006700000,558,260,298,26672.4
23090006701000,184,81,103,7415.2
23090006738000,32,17,15,1443.2
23090006739000,27,15,12,915.3
23090006740000,7,5,2,280.7
23090006742000,5,3,2,272
23090006744000,2,1,1,0
23090006754000,22,11,11,880
23090006761000,6,4,2,250.2
23090006762000,27,15,12,990.9
23090006764000,9,5,4,386.1
23090006765000,5,3,2,267
23090006766000,11,5,6,374
23090006785000,95,57,38,3980.5
23090006796000,2,1,1,0
23090006801000,9,4,5,361.8
23090006802000,27,9,18,1644.3
23090006803000,7,5,2,469.7
23090006805000,4,2,2,0
23090006932000,2,1,1,0
23090006937000,10,6,4,467
23090006940000,21,9,12,882
23090006941000,29,15,14,1325.3
23090006942000,64,30,34,2048
23090006973000,45,24,21,1818
23090006974000,29,16,13,1336.9
23090006985000,3,1,2,0
23090006986000,9,5,4,414
23090007011000,7,4,3,172.9
23090007015000,2,0,2,0
23090007035000,4,2,2,0
23090007036000,1,1,0,0
23090007041000,9,5,4,332.1
23090007042000,2,1,1,0
23090007043000,65,37,28,2281.5
23090007044000,18,8,10,684
23090007053000,4,3,1,0
23090007060000,2,1,1,0
23090007062000,1,1,0,0
23090007064000,14,7,7,672
23090007065000,5,2,3,112
23090007066000,28,16,12,1061.2
23090007067000,12,6,6,331.2
23090007068000,21,10,11,672
23090007069000,11,6,5,375.1
23090007070000,12,6,6,504
23090007079000,13,8,5,578.5
23090007080000,15,6,9,531
23090007084000,1,1,0,0
23090007085000,14,8,6,659.4
23090007086000,22,12,10,1034
23090007088000,5,4,1,268
23090007089000,16,6,10,656
23090007090000,12,6,6,388.8
23090007091000,19,8,11,896.8
23090007100000,20,9,11,636
23090007101000,332,166,166,14906.8
23090007102000,15,7,8,582
23090007105000,5,2,3,272
23090007108000,14,10,4,617.4
23090007128000,4,3,1,0
23090007167000,13,8,5,552.5
23090007204000,11,5,6,457.6
23090007205000,2,1,1,0
23090007207000,7,3,4,308
23090007208000,4,2,2,0
23100006562000,7,3,4,392.7
23100006564000,6,4,2,229.2
23100006565000,15,8,7,565.5
23100006566000,14,7,7,662.2
23100006567000,8,4,4,366.4
23100006568000,13,7,6,624
23100006570000,7,4,3,261.8
23100006571000,5,4,1,300
23100006572000,23,8,15,798.1
23100006573000,4,0,4,0
23100006574000,12,6,6,424.8
23100006575000,4,1,3,0
23100006576000,11,7,4,324.5
23100006577000,20,10,10,862
23100006578000,26,14,12,1099.8
23100006579000,11,4,7,368.5
23100006581000,3,1,2,0
23100006587000,11,5,6,390.5
23100006588000,6,4,2,376.8
23100006589000,19,8,11,908.2
23100006590000,7,5,2,273
23100006591000,5,3,2,72
23100006592000,3,1,2,0
23100006593000,3,1,2,0
23100006594000,5,3,2,255
23100006595000,30,16,14,1341
23100006596000,192,102,90,7564.8
23100006597000,499,238,261,21107.7
23100006598000,403,195,208,17893.2
23100006599000,21,10,11,735
23100006600000,5,2,3,172
23100006601000,17,7,10,841.5
23100006602000,8,3,5,322.4
23100006603000,15,8,7,580.5
23100006604000,35,15,20,1330
23100006605000,9,4,5,437.4
23100006606000,2,1,1,0
23100006607000,2,1,1,0
23100006624000,1,1,0,0
23100006625000,2,1,1,0
23100006627000,3,2,1,0
23100006646000,33,14,19,1250.7
23100006648000,6,1,5,163.2
23100006649000,5,2,3,164
23100006650000,1,0,1,0
23100006651000,1,0,1,0
23100006664000,4,2,2,0
23100006666000,5,3,2,233
23100006667000,7,5,2,322.7
23100006668000,10,6,4,513
23100006675000,46,21,25,1849.2
23100006676000,7,3,4,457.8
23100006678000,46,22,24,1669.8
23100006679000,7,5,2,326.2
23100006680000,1,1,0,0
23100006681000,13,8,5,704.6
23100006682000,20,10,10,796
23100006683000,13,7,6,569.4
23100006684000,10,4,6,529
23100006697000,15,8,7,754.5
23100006698000,30,15,15,1197
23100006699000,75,35,40,3195
23100006700000,18,8,10,766.8
23100006701000,6,2,4,280.8
23100006702000,23,12,11,1028.1
23100006705000,17,8,9,418.2
23100006743000,2,2,0,0
23100006754000,35,18,17,1270.5
23100006755000,32,18,14,934.4
23100006756000,37,19,18,947.2
23100006757000,2,1,1,0
23100006758000,6,3,3,301.2
23100006759000,11,5,6,393.8
23100006760000,21,11,10,1047.9
23100006761000,32,15,17,1168
23100006762000,15,8,7,510
23100006763000,12,6,6,495.6
23100006764000,7,3,4,280.7
23100006765000,33,18,15,1277.1
23100006785000,2,1,1,0
23100006786000,3,2,1,0
23100006787000,6,2,4,249
23100006792000,1,1,0,0
23100006794000,4,2,2,0
23100006795000,9,6,3,239.4
23100006796000,3,2,1,0
23100006800000,41,21,20,1566.2
23100006801000,32,17,15,1155.2
23100006802000,2,2,0,0
23100006843000,4,2,2,0
23100006939000,21,13,8,1012.2
23100006940000,3,2,1,0
23100006942000,24,13,11,664.8
23100006944000,8,3,5,400
23100006973000,108,46,62,4352.4
23100006974000,51,23,28,2080.8
23100006985000,9,3,6,320.4
23100007014000,4,2,2,0
23100007023000,7,5,2,240.1
23100007040000,12,6,6,500.4
23100007041000,5,3,2,314
23100007042000,21,11,10,829.5
23100007043000,18,10,8,536.4
23100007060000,4,3,1,0
23100007061000,10,5,5,475
23100007062000,14,7,7,506.8
23100007063000,10,5,5,379
23100007064000,9,6,3,412.2
23100007065000,16,9,7,718.4
23100007066000,34,18,16,1217.2
23100007067000,45,21,24,2101.5
23100007068000,11,6,5,464.2
23100007069000,119,67,52,4069.8
23100007070000,13,5,8,432.9
23100007080000,13,7,6,633.1
23100007085000,37,21,16,1291.3
23100007086000,42,19,23,1713.6
23100007087000,8,4,4,238.4
23100007088000,36,19,17,1540.8
23100007091000,18,6,12,937.8
23100007101000,53,29,24,2321.4
23100007105000,3,2,1,0
23100007107000,4,2,2,0
23100007108000,14,10,4,616
23100007129000,1,0,1,0
23100007130000,8,3,5,195.2
23100007166000,5,3,2,330
23100007199000,4,3,1,0
23100007204000,7,5,2,307.3
23100007209000,12,6,6,417.6
23110006564000,1,0,1,0
23110006565000,1,1,0,0
23110006566000,2,1,1,0
23110006567000,3,2,1,0
23110006568000,75,35,40,2722.5
23110006569000,157,65,92,7504.6
23110006570000,72,33,39,3117.6
23110006571000,79,40,39,3033.6
23110006572000,27,13,14,1223.1
23110006573000,25,14,11,805
23110006575000,10,6,4,453
23110006576000,10,5,5,314
23110006577000,4,2,2,0
23110006580000,7,3,4,280
23110006581000,7,5,2,298.2
23110006583000,2,1,1,0
23110006585000,12,7,5,682.8
23110006586000,1,1,0,0
23110006587000,19,8,11,674.5
23110006588000,2,1,1,0
23110006589000,20,12,8,1254
23110006591000,9,4,5,277.2
23110006592000,7,3,4,147.7
23110006593000,65,37,28,2125.5
23110006594000,8,5,3,450.4
23110006595000,5,4,1,229
23110006596000,14,7,7,541.8
23110006597000,339,171,168,14678.7
23110006598000,395,192,203,19355
23110006599000,20,10,10,754
23110006600000,8,4,4,483.2
23110006601000,42,20,22,1675.8
23110006602000,11,5,6,500.5
23110006603000,2,2,0,0
23110006604000,9,4,5,510.3
23110006605000,8,3,5,300.8
23110006626000,1,0,1,0
23110006627000,12,7,5,690
23110006628000,2,1,1,0
23110006629000,1,1,0,0
23110006630000,4,2,2,0
23110006631000,5,3,2,270
23110006665000,3,2,1,0
23110006666000,8,5,3,322.4
23110006667000,1,0,1,0
23110006669000,9,5,4,420.3
23110006675000,3,1,2,0
23110006676000,4,2,2,0
23110006678000,2,1,1,0
23110006679000,8,4,4,416
23110006680000,28,15,13,1234.8
23110006681000,67,34,33,2633.1
23110006682000,27,11,16,904.5
23110006683000,6,2,4,310.8
23110006684000,29,13,16,1203.5
23110006689000,5,3,2,187
23110006694000,6,3,3,222
23110006695000,10,4,6,532
23110006696000,7,5,2,238
23110006697000,5,3,2,332
23110006698000,24,12,12,984
23110006699000,30,12,18,1029
23110006700000,4,2,2,0
23110006703000,11,6,5,473
23110006704000,56,28,28,2228.8
23110006705000,6,3,3,340.8
23110006741000,3,1,2,0
23110006742000,6,4,2,192
23110006752000,2,1,1,0
23110006753000,4,1,3,0
23110006754000,9,5,4,496.8
23110006755000,617,323,294,23569.4
23110006756000,207,98,109,6313.5
23110006757000,31,14,17,1240
23110006758000,13,7,6,616.2
23110006759000,32,16,16,1344
23110006760000,63,35,28,2406.6
23110006761000,25,11,14,1130
23110006762000,6,2,4,195
23110006764000,13,7,6,462.8
23110006765000,11,6,5,510.4
23110006767000,1,1,0,0
23110006786000,3,2,1,0
23110006787000,6,2,4,256.8
23110006788000,12,7,5,433.2
23110006789000,19,10,9,803.7
23110006790000,2,1,1,0
23110006791000,4,1,3,0
23110006794000,2,1,1,0
23110006795000,9,6,3,432
23110006800000,12,8,4,541.2
23110006801000,4,2,2,0
23110006939000,21,10,11,861
23110006940000,9,5,4,230.4
23110006943000,14,7,7,509.6
23110006944000,14,6,8,772.8
23110006945000,16,8,8,756.8
23110006946000,21,13,8,865.2
23110006972000,40,19,21,1812
23110006973000,214,91,123,11021
23110006984000,5,3,2,97
23110006985000,24,10,14,1212
23110007003000,12,5,7,512.4
23110007039000,3,2,1,0
23110007040000,14,6,8,484.4
23110007043000,9,5,4,347.4
23110007044000,20,10,10,552
23110007060000,10,6,4,377
23110007061000,25,12,13,977.5
23110007062000,4,2,2,0
23110007063000,7,3,4,268.1
23110007064000,16,10,6,836.8
23110007065000,16,9,7,760
23110007066000,27,16,11,972
23110007067000,9,6,3,380.7
23110007068000,97,43,54,3259.2
23110007069000,1144,567,577,45988.8
23110007070000,423,201,222,16793.1
23110007080000,12,5,7,722.4
23110007081000,5,3,2,194
23110007085000,13,6,7,201.5
23110007086000,11,7,4,515.9
23110007087000,131,57,74,4860.1
23110007088000,24,13,11,873.6
23110007089000,4,3,1,0
23110007090000,6,4,2,193.2
23110007091000,10,5,5,328
23110007092000,9,4,5,380.7
23110007106000,3,2,1,0
23110007108000,14,7,7,536.2
23110007130000,5,3,2,256
23110007150000,5,3,2,126
23110007155000,4,3,1,0
23110007159000,7,3,4,363.3
23110007161000,3,2,1,0
23110007162000,9,5,4,384.3
23110007165000,2,1,1,0
23110007166000,3,2,1,0
23110007173000,12,5,7,308.4
23110007204000,2,2,0,0
23110007209000,3,1,2,0
23120006562000,3,1,2,0
23120006563000,2,1,1,0
23120006564000,4,2,2,0
23120006567000,1,0,1,0
23120006568000,32,16,16,1468.8
23120006569000,120,61,59,4020
23120006571000,12,4,8,465.6
23120006572000,13,6,7,583.7
23120006583000,8,3,5,390.4
23120006584000,6,2,4,132
23120006585000,6,4,2,154.8
23120006586000,8,5,3,362.4
23120006587000,11,6,5,460.9
23120006589000,27,16,11,1179.9
23120006590000,3,1,2,0
23120006592000,12,6,6,373.2
23120006593000,6,5,1,180
23120006594000,22,12,10,855.8
23120006595000,29,15,14,1226.7
23120006596000,16,9,7,641.6
23120006597000,7,4,3,424.9
23120006598000,15,5,10,385.5
23120006599000,22,11,11,963.6
23120006600000,13,5,8,335.4
23120006629000,7,4,3,300.3
23120006635000,10,4,6,581
23120006636000,3,2,1,0
23120006666000,1,1,0,0
23120006670000,6,3,3,330
23120006673000,16,8,8,702.4
23120006674000,33,19,14,1491.6
23120006675000,8,3,5,315.2
23120006676000,33,19,14,1504.8
23120006677000,6,4,2,162
23120006678000,8,4,4,451.2
23120006679000,31,15,16,1311.3
23120006680000,4,1,3,0
23120006681000,69,31,38,2477.1
23120006682000,16,8,8,790.4
23120006690000,4,3,1,0
23120006693000,18,11,7,558
23120006694000,29,16,13,1232.5
23120006695000,31,15,16,1258.6
23120006696000,12,5,7,717.6
23120006698000,42,23,19,1541.4
23120006699000,5,4,1,286
23120006700000,6,4,2,262.8
23120006701000,30,14,16,1275
23120006702000,22,10,12,1157.2
23120006703000,41,21,20,1463.7
23120006704000,29,12,17,1276
23120006706000,5,3,2,216
23120006739000,1,0,1,0
23120006740000,15,8,7,726
23120006741000,6,3,3,310.8
23120006752000,52,29,23,1887.6
23120006753000,132,75,57,4659.6
23120006754000,674,307,367,27499.2
23120006755000,363,189,174,13721.4
23120006756000,5,3,2,291
23120006757000,320,160,160,13536
23120006758000,66,32,34,2197.8
23120006759000,40,19,21,1872
23120006760000,5,3,2,234
23120006780000,11,8,3,423.5
23120006781000,1,1,0,0
23120006789000,3,2,1,0
23120006790000,7,3,4,291.9
23120006795000,1,0,1,0
23120006797000,2,2,0,0
23120006798000,5,4,1,71
23120006904000,12,8,4,489.6
23120006908000,11,7,4,525.8
23120006909000,8,5,3,535.2
23120006910000,1,1,0,0
23120006941000,19,13,6,820.8
23120006942000,37,17,20,1121.1
23120006943000,12,7,5,686.4
23120006945000,1,1,0,0
23120006947000,15,6,9,451.5
23120006949000,6,4,2,286.2
23120006960000,2,1,1,0
23120006961000,2,1,1,0
23120006962000,1,0,1,0
23120006963000,3,2,1,0
23120006964000,6,3,3,331.2
23120006966000,2,1,1,0
23120006969000,2,1,1,0
23120006971000,16,8,8,625.6
23120006972000,126,63,63,4699.8
23120006973000,177,86,91,7522.5
23120006984000,9,6,3,336.6
23120007002000,3,1,2,0
23120007003000,10,6,4,564
23120007039000,6,3,3,267
23120007040000,28,14,14,865.2
23120007044000,1,1,0,0
23120007045000,32,18,14,1088
23120007061000,12,8,4,339.6
23120007062000,5,2,3,125
23120007063000,4,2,2,0
23120007064000,44,17,27,1645.6
23120007065000,19,11,8,807.5
23120007066000,21,11,10,842.1
23120007067000,23,9,14,1051.1
23120007068000,96,42,54,3321.6
23120007069000,94,49,45,3525
23120007070000,127,63,64,5410.2
23120007071000,21,10,11,711.9
23120007073000,6,3,3,244.8
23120007079000,6,3,3,298.2
23120007080000,26,13,13,1027
23120007081000,11,5,6,412.5
23120007086000,23,13,10,1069.5
23120007087000,80,45,35,3328
23120007088000,26,14,12,936
23120007089000,24,13,11,835.2
23120007090000,37,18,19,1620.6
23120007091000,39,20,19,1248
23120007092000,36,17,19,1472.4
23120007102000,2,1,1,0
23120007109000,22,12,10,851.4
23120007131000,4,3,1,0
23120007173000,22,10,12,1117.6
23120007209000,6,4,2,190.8
23130006560000,39,21,18,1548.3
23130006561000,5,3,2,314
23130006562000,7,5,2,266
23130006564000,6,4,2,235.2
23130006565000,13,7,6,501.8
23130006567000,13,3,10,540.8
23130006568000,2,1,1,0
23130006569000,13,8,5,518.7
23130006570000,12,5,7,447.6
23130006573000,5,1,4,96
23130006579000,4,1,3,0
23130006583000,13,6,7,386.1
23130006586000,3,2,1,0
23130006588000,8,3,5,375.2
23130006589000,16,8,8,540.8
23130006590000,20,10,10,718
23130006591000,4,2,2,0
23130006592000,9,4,5,367.2
23130006593000,6,3,3,166.8
23130006598000,3,2,1,0
23130006610000,2,1,1,0
23130006631000,6,2,4,222
23130006632000,6,3,3,238.2
23130006635000,2,1,1,0
23130006638000,3,1,2,0
23130006639000,15,6,9,766.5
23130006640000,19,10,9,756.2
23130006641000,3,2,1,0
23130006656000,2,1,1,0
23130006663000,3,1,2,0
23130006672000,3,1,2,0
23130006673000,12,4,8,351.6
23130006674000,16,9,7,428.8
23130006675000,4,1,3,0
23130006676000,43,22,21,2180.1
23130006677000,30,17,13,1371
23130006678000,158,80,78,6146.2
23130006679000,112,50,62,4144
23130006680000,49,23,26,1925.7
23130006681000,189,93,96,6463.8
23130006682000,28,11,17,1419.6
23130006683000,33,17,16,1184.7
23130006684000,2,1,1,0
23130006688000,10,5,5,452
23130006689000,16,9,7,638.4
23130006690000,49,20,29,1773.8
23130006691000,28,14,14,985.6
23130006692000,14,8,6,715.4
23130006693000,19,8,11,676.4
23130006698000,4,3,1,0
23130006699000,13,7,6,595.4
23130006700000,7,3,4,399.7
23130006701000,4,2,2,0
23130006703000,12,7,5,462
23130006704000,35,19,16,1778
23130006705000,30,16,14,1497
23130006706000,42,22,20,1776.6
23130006707000,4,3,1,0
23130006708000,6,3,3,319.2
23130006709000,35,18,17,1974
23130006710000,13,6,7,556.4
23130006711000,1,1,0,0
23130006738000,3,1,2,0
23130006739000,23,10,13,920
23130006740000,11,5,6,349.8
23130006750000,11,4,7,478.5
23130006751000,291,142,149,8904.6
23130006752000,1163,560,603,43263.6
23130006753000,837,360,477,33898.5
23130006754000,876,405,471,41259.6
23130006755000,1296,587,709,62596.8
23130006756000,880,434,446,37840
23130006757000,1049,506,543,41015.9
23130006758000,6,3,3,417
23130006759000,5,3,2,79
23130006902000,1,0,1,0
23130006909000,8,4,4,336.8
23130006928000,6,3,3,187.8
23130006929000,8,6,2,344.8
23130006931000,5,1,4,329
23130006941000,15,10,5,385.5
23130006942000,500,252,248,17900
23130006943000,492,245,247,20860.8
23130006944000,498,242,256,20119.2
23130006945000,267,133,134,9852.3
23130006947000,20,12,8,822
23130006949000,10,6,4,373
23130006958000,2,1,1,0
23130006964000,3,2,1,0
23130006965000,2,1,1,0
23130006966000,9,4,5,414
23130006967000,15,5,10,577.5
23130006968000,10,4,6,466
23130006969000,20,11,9,792
23130006970000,39,24,15,1521
23130006971000,41,25,16,1799.9
23130006972000,47,20,27,2180.8
23130006973000,6,4,2,271.2
23130007002000,6,3,3,328.8
23130007003000,16,5,11,755.2
23130007037000,4,2,2,0
23130007038000,2,1,1,0
23130007039000,25,13,12,1010
23130007040000,40,23,17,1624
23130007045000,9,5,4,518.4
23130007059000,6,4,2,228
23130007062000,12,6,6,390
23130007063000,2,1,1,0
23130007064000,89,43,46,3444.3
23130007065000,67,38,29,2646.5
23130007066000,46,24,22,1927.4
23130007067000,8,4,4,392.8
23130007068000,40,19,21,1680
23130007069000,11,4,7,442.2
23130007070000,93,42,51,3255
23130007071000,62,31,31,2064.6
23130007072000,36,18,18,1159.2
23130007073000,19,10,9,606.1
23130007074000,16,10,6,550.4
23130007075000,8,4,4,228.8
23130007080000,6,2,4,328.8
23130007081000,14,7,7,694.4
23130007086000,9,8,1,312.3
23130007087000,20,10,10,834
23130007088000,34,17,17,1244.4
23130007090000,14,4,10,417.2
23130007091000,11,5,6,523.6
23130007092000,132,72,60,4567.2
23130007093000,28,11,17,904.4
23130007102000,4,2,2,0
23130007103000,17,8,9,423.3
23130007109000,11,8,3,369.6
23130007110000,3,2,1,0
23130007117000,3,1,2,0
23130007159000,25,14,11,1035
23130007173000,11,7,4,613.8
23130007202000,3,2,1,0
23130007203000,1,1,0,0
23130007208000,8,3,5,320
23140006560000,54,29,25,2386.8
23140006561000,17,9,8,559.3
23140006570000,8,5,3,207.2
23140006571000,1,1,0,0
23140006572000,5,3,2,241
23140006573000,20,11,9,616
23140006583000,4,3,1,0
23140006586000,12,5,7,318
23140006587000,10,7,3,361
23140006588000,15,9,6,493.5
23140006589000,12,7,5,549.6
23140006592000,24,14,10,914.4
23140006593000,2,1,1,0
23140006594000,2,2,0,0
23140006632000,1,1,0,0
23140006633000,1,1,0,0
23140006635000,2,1,1,0
23140006638000,3,1,2,0
23140006639000,36,18,18,1328.4
23140006641000,20,10,10,910
23140006653000,10,5,5,369
23140006671000,1,1,0,0
23140006672000,15,7,8,790.5
23140006673000,17,10,7,746.3
23140006674000,30,15,15,1287
23140006675000,25,13,12,1275
23140006676000,32,18,14,1148.8
23140006677000,16,6,10,484.8
23140006678000,22,11,11,882.2
23140006679000,43,23,20,1664.1
23140006680000,32,19,13,1308.8
23140006681000,5,2,3,228
23140006682000,22,7,15,957
23140006683000,31,17,14,1063.3
23140006685000,11,3,8,535.7
23140006686000,22,9,13,1014.2
23140006687000,27,13,14,1244.7
23140006688000,106,51,55,3964.4
23140006689000,78,42,36,3260.4
23140006690000,34,14,20,1360
23140006691000,40,19,21,1780
23140006692000,16,9,7,568
23140006694000,2,1,1,0
23140006695000,2,1,1,0
23140006701000,19,9,10,482.6
23140006703000,24,13,11,1104
23140006704000,64,34,30,2368
23140006705000,85,47,38,4020.5
23140006706000,106,51,55,3975
23140006707000,67,32,35,2680
23140006708000,214,108,106,8581.4
23140006709000,127,69,58,5219.7
23140006710000,42,22,20,1877.4
23140006711000,2,1,1,0
23140006738000,1,0,1,0
23140006747000,67,32,35,3001.6
23140006748000,6,3,3,186
23140006749000,8,5,3,276.8
23140006750000,67,30,37,2733.6
23140006751000,267,137,130,9051.3
23140006752000,1668,797,871,59047.2
23140006753000,890,445,445,36846
23140006754000,574,280,294,28757.4
23140006755000,606,291,315,22846.2
23140006756000,695,321,374,24742
23140006757000,2,1,1,0
23140006789000,7,4,3,270.2
23140006901000,4,2,2,0
23140006902000,13,6,7,501.8
23140006926000,3,2,1,0
23140006927000,26,13,13,1151.8
23140006928000,25,13,12,857.5
23140006929000,11,5,6,418
23140006930000,1,1,0,0
23140006941000,14,7,7,649.6
23140006942000,265,123,142,10812
23140006943000,1162,530,632,50314.6
23140006944000,396,199,197,18216
23140006948000,7,4,3,235.2
23140006949000,12,6,6,517.2
23140006950000,10,4,6,407
23140006965000,15,6,9,703.5
23140006966000,5,2,3,271
23140006967000,11,7,4,523.6
23140006968000,7,4,3,273
23140006969000,31,20,11,1122.2
23140006970000,7,3,4,307.3
23140006971000,13,6,7,725.4
23140007003000,15,7,8,826.5
23140007033000,1,1,0,0
23140007034000,2,1,1,0
23140007036000,2,1,1,0
23140007039000,2,1,1,0
23140007040000,4,1,3,0
23140007042000,13,7,6,295.1
23140007045000,15,8,7,628.5
23140007057000,4,2,2,0
23140007058000,13,7,6,535.6
23140007060000,1,1,0,0
23140007061000,5,3,2,196
23140007062000,44,25,19,1504.8
23140007064000,12,3,9,584.4
23140007065000,22,14,8,706.2
23140007066000,56,24,32,2083.2
23140007067000,34,18,16,1227.4
23140007068000,17,7,10,715.7
23140007069000,48,25,23,1593.6
23140007070000,38,16,22,1371.8
23140007071000,42,21,21,2238.6
23140007072000,22,11,11,668.8
23140007073000,347,172,175,10063
23140007074000,12,7,5,474
23140007075000,32,15,17,1360
23140007080000,6,2,4,193.2
23140007087000,22,13,9,613.8
23140007088000,33,16,17,1257.3
23140007090000,13,5,8,382.2
23140007092000,5,2,3,156
23140007093000,67,34,33,2479
23140007094000,8,4,4,304.8
23140007095000,2,1,1,0
23140007103000,33,13,20,1079.1
23140007104000,10,4,6,561
23140007107000,27,15,12,1120.5
23140007108000,7,3,4,263.9
23140007109000,5,2,3,343
23140007110000,62,28,34,2411.8
23140007130000,9,5,4,405
23140007151000,19,10,9,1060.2
23140007152000,9,4,5,351.9
23140007157000,49,19,30,1852.2
23140007158000,17,7,10,766.7
23140007173000,4,2,2,0
23140007199000,5,3,2,312
23140007200000,7,5,2,314.3
23140007202000,3,2,1,0
23140007203000,1,1,0,0
23140007205000,6,4,2,258
23140007206000,20,9,11,932
23140007208000,14,5,9,509.6
23140007209000,4,3,1,0
23150006559000,4,2,2,0
23150006560000,6,4,2,265.2
23150006572000,4,2,2,0
23150006573000,3,2,1,0
23150006585000,6,4,2,151.2
23150006589000,2,1,1,0
23150006591000,6,3,3,211.8
23150006633000,26,16,10,962
23150006634000,26,13,13,696.8
23150006635000,17,9,8,533.8
23150006636000,3,1,2,0
23150006637000,8,4,4,360.8
23150006638000,17,6,11,858.5
23150006639000,15,6,9,591
23150006646000,4,3,1,0
23150006648000,4,3,1,0
23150006656000,6,4,2,382.2
23150006657000,2,2,0,0
23150006662000,2,1,1,0
23150006672000,3,2,1,0
23150006676000,16,7,9,670.4
23150006677000,13,7,6,530.4
23150006678000,20,13,7,1024
23150006679000,64,32,32,2566.4
23150006680000,37,22,15,1879.6
23150006681000,16,8,8,790.4
23150006682000,14,9,5,684.6
23150006683000,22,13,9,864.6
23150006684000,433,180,253,21650
23150006685000,76,36,40,2584
23150006686000,38,17,21,1208.4
23150006687000,26,14,12,1159.6
23150006688000,29,15,14,954.1
23150006689000,25,13,12,1050
23150006690000,24,9,15,907.2
23150006691000,34,14,20,1431.4
23150006692000,26,12,14,1250.6
23150006693000,13,7,6,659.1
23150006694000,3,2,1,0
23150006698000,2,2,0,0
23150006700000,20,9,11,784
23150006701000,52,27,25,2428.4
23150006702000,120,53,67,3600
23150006703000,199,78,121,10547
23150006704000,103,55,48,4377.5
23150006705000,43,25,18,1758.7
23150006706000,23,12,11,952.2
23150006707000,56,27,29,2167.2
23150006708000,81,36,45,3742.2
23150006709000,50,27,23,2260
23150006710000,4,2,2,0
23150006745000,4,2,2,0
23150006746000,24,13,11,1065.6
23150006747000,33,17,16,1316.7
23150006748000,46,21,25,1688.2
23150006749000,36,20,16,1609.2
23150006750000,27,16,11,1071.9
23150006751000,2,0,2,0
23150006755000,43,20,23,1621.1
23150006756000,318,152,166,12147.6
23150006757000,28,13,15,1038.8
23150006758000,8,2,6,252
23150006761000,31,13,18,1298.9
23150006762000,25,14,11,1030
23150006763000,2,0,2,0
23150006781000,2,1,1,0
23150006789000,8,4,4,408.8
23150006901000,4,2,2,0
23150006902000,3,1,2,0
23150006926000,2,1,1,0
23150006928000,2,1,1,0
23150006940000,11,3,8,378.4
23150006941000,6,3,3,345
23150006942000,5,2,3,210
23150006943000,99,30,69,7771.5
23150006944000,11,2,9,278.3
23150006945000,1,0,1,0
23150006946000,1,1,0,0
23150006950000,7,3,4,338.1
23150006954000,6,2,4,235.2
23150006955000,12,7,5,420
23150006969000,9,6,3,554.4
23150007001000,5,3,2,291
23150007002000,11,7,4,485.1
23150007003000,2,1,1,0
23150007042000,9,4,5,471.6
23150007044000,12,8,4,501.6
23150007045000,13,7,6,426.4
23150007059000,26,13,13,1034.8
23150007060000,14,7,7,561.4
23150007061000,31,14,17,1295.8
23150007062000,109,57,52,4370.9
23150007070000,43,23,20,1560.9
23150007071000,314,167,147,10016.6
23150007072000,37,18,19,1113.7
23150007073000,334,164,170,13226.4
23150007074000,298,137,161,10847.2
23150007075000,197,96,101,7899.7
23150007087000,70,30,40,3185
23150007088000,152,74,78,4605.6
23150007089000,4,2,2,0
23150007090000,2,1,1,0
23150007091000,4,2,2,0
23150007093000,12,8,4,519.6
23150007094000,13,5,8,474.5
23150007095000,14,5,9,399
23150007096000,3,2,1,0
23150007104000,8,5,3,360.8
23150007105000,10,5,5,413
23150007106000,1,0,1,0
23150007107000,5,2,3,332
23150007108000,48,24,24,3004.8
23150007109000,474,242,232,20950.8
23150007110000,482,228,254,21449
23150007111000,50,22,28,2515
23150007112000,2,1,1,0
23150007113000,9,5,4,162.9
23150007118000,3,1,2,0
23150007123000,21,11,10,827.4
23150007124000,8,5,3,346.4
23150007125000,11,7,4,399.3
23150007126000,5,4,1,301
23150007127000,10,5,5,470
23150007128000,19,11,8,575.7
23150007130000,18,11,7,554.4
23150007131000,10,6,4,411
23150007132000,6,3,3,364.8
23150007133000,22,11,11,987.8
23150007134000,15,6,9,694.5
23150007146000,2,1,1,0
23150007151000,3,1,2,0
23150007152000,13,7,6,574.6
23150007157000,67,33,34,3450.5
23150007158000,7,1,6,513.8
23150007171000,9,5,4,470.7
23150007172000,12,6,6,415.2
23150007197000,9,3,6,189
23150007198000,16,9,7,584
23150007199000,7,5,2,350
23150007200000,22,9,13,710.6
23150007201000,5,3,2,279
23150007202000,5,3,2,60
23150007203000,7,5,2,175.7
23150007205000,3,3,0,0
23150007207000,3,2,1,0
23150007210000,3,2,1,0
23150007211000,9,4,5,572.4
23160006573000,3,2,1,0
23160006574000,3,2,1,0
23160006576000,3,2,1,0
23160006633000,31,20,11,1143.9
23160006634000,107,54,53,3755.7
23160006635000,66,31,35,2613.6
23160006636000,188,91,97,7933.6
23160006637000,23,11,12,1495
23160006638000,22,10,12,869
23160006639000,15,10,5,703.5
23160006654000,8,4,4,443.2
23160006662000,2,1,1,0
23160006672000,8,4,4,202.4
23160006677000,1,1,0,0
23160006679000,10,5,5,377
23160006680000,9,4,5,433.8
23160006681000,13,5,8,438.1
23160006682000,604,305,299,24401.6
23160006683000,564,271,293,23688
23160006684000,528,235,293,24340.8
23160006685000,90,40,50,3753
23160006686000,3,3,0,0
23160006688000,31,17,14,1174.9
23160006689000,11,5,6,327.8
23160006690000,26,14,12,819
23160006697000,5,2,3,211
23160006698000,22,12,10,963.6
23160006699000,26,15,11,1032.2
23160006700000,38,18,20,1436.4
23160006701000,25,13,12,1252.5
23160006702000,28,15,13,1302
23160006703000,30,11,19,1497
23160006704000,15,9,6,679.5
23160006705000,6,3,3,319.2
23160006746000,31,16,15,1159.4
23160006747000,61,30,31,2458.3
23160006748000,214,108,106,8388.8
23160006749000,49,25,24,2263.8
23160006750000,2,1,1,0
23160006755000,3,1,2,0
23160006756000,8,4,4,262.4
23160006757000,158,78,80,5514.2
23160006758000,213,117,96,7497.6
23160006759000,2,1,1,0
23160006760000,13,7,6,678.6
23160006761000,73,38,35,2241.1
23160006762000,53,29,24,2104.1
23160006763000,2,1,1,0
23160006764000,40,21,19,1604
23160006765000,3,2,1,0
23160006776000,4,3,1,0
23160006777000,12,5,7,537.6
23160006779000,2,1,1,0
23160006780000,2,2,0,0
23160006781000,3,2,1,0
23160006901000,5,3,2,118
23160006902000,22,14,8,1300.2
23160006905000,1,1,0,0
23160006918000,6,2,4,219
23160006939000,9,4,5,432.9
23160006940000,7,5,2,350.7
23160006941000,9,5,4,304.2
23160006945000,10,5,5,330
23160006950000,3,3,0,0
23160006952000,16,10,6,692.8
23160006953000,7,4,3,392
23160006954000,130,56,74,5460
23160007002000,1,1,0,0
23160007015000,1,1,0,0
23160007033000,3,1,2,0
23160007041000,6,2,4,222
23160007042000,2,1,1,0
23160007044000,1,0,1,0
23160007045000,7,4,3,212.8
23160007046000,2,1,1,0
23160007059000,6,4,2,229.8
23160007060000,4,2,2,0
23160007061000,17,9,8,574.6
23160007062000,11,6,5,397.1
23160007068000,16,6,10,542.4
23160007069000,9,6,3,380.7
23160007070000,8,5,3,178.4
23160007071000,818,415,403,23885.6
23160007072000,459,231,228,15835.5
23160007073000,137,50,87,6493.8
23160007074000,1418,706,712,58847
23160007075000,732,355,377,29572.8
23160007076000,25,14,11,982.5
23160007087000,60,28,32,2640
23160007088000,183,102,81,6441.6
23160007089000,64,32,32,2291.2
23160007090000,16,8,8,676.8
23160007091000,22,12,10,690.8
23160007092000,6,2,4,241.2
23160007094000,25,14,11,1150
23160007097000,1,0,1,0
23160007105000,10,5,5,533
23160007106000,11,6,5,464.2
23160007107000,10,5,5,350
23160007108000,36,18,18,1116
23160007109000,29,16,13,878.7
23160007110000,30,17,13,1239
23160007111000,241,167,74,10170.2
23160007112000,145,70,75,6684.5
23160007113000,22,13,9,928.4
23160007117000,6,4,2,306
23160007118000,20,11,9,706
23160007122000,37,21,16,1454.1
23160007123000,61,32,29,2440
23160007124000,4,2,2,0
23160007125000,4,3,1,0
23160007126000,85,39,46,3816.5
23160007127000,218,101,117,11423.2
23160007128000,29,15,14,1296.3
23160007129000,54,26,28,1830.6
23160007130000,16,8,8,700.8
23160007132000,15,9,6,453
23160007134000,2,1,1,0
23160007135000,20,10,10,896
23160007136000,5,3,2,290
23160007137000,4,3,1,0
23160007148000,20,10,10,376
23160007149000,8,5,3,462.4
23160007150000,29,15,14,1432.6
23160007151000,2,1,1,0
23160007153000,2,1,1,0
23160007166000,14,9,5,744.8
23160007171000,2,1,1,0
23160007197000,11,6,5,322.3
23160007198000,11,7,4,358.6
23160007199000,16,8,8,536
23160007203000,1,1,0,0
23160007204000,6,5,1,364.2
23160007205000,3,2,1,0
23160007211000,2,1,1,0
23170006573000,3,2,1,0
23170006574000,3,2,1,0
23170006586000,2,1,1,0
23170006626000,2,1,1,0
23170006648000,2,2,0,0
23170006649000,7,2,5,324.1
23170006654000,13,7,6,763.1
23170006655000,2,1,1,0
23170006660000,8,5,3,224.8
23170006661000,3,1,2,0
23170006667000,2,1,1,0
23170006679000,2,1,1,0
23170006682000,25,13,12,1027.5
23170006683000,71,39,32,3053
23170006684000,120,60,60,4620
23170006685000,17,9,8,935
23170006686000,21,9,12,802.2
23170006689000,1,1,0,0
23170006690000,11,5,6,547.8
23170006697000,27,13,14,1458
23170006698000,117,63,54,5276.7
23170006699000,36,20,16,1396.8
23170006700000,16,7,9,646.4
23170006701000,10,4,6,405
23170006703000,2,1,1,0
23170006745000,2,2,0,0
23170006746000,12,7,5,483.6
23170006747000,192,103,89,8467.2
23170006748000,109,56,53,4283.7
23170006749000,25,11,14,842.5
23170006758000,79,42,37,3049.4
23170006759000,46,23,23,2129.8
23170006760000,42,17,25,1869
23170006761000,3,2,1,0
23170006763000,12,5,7,634.8
23170006774000,1,1,0,0
23170006780000,2,1,1,0
23170006901000,4,2,2,0
23170006902000,8,4,4,424
23170006917000,13,7,6,405.6
23170006918000,6,3,3,297
23170006919000,2,1,1,0
23170006938000,9,3,6,315
23170006950000,5,3,2,187
23170006951000,2,1,1,0
23170006953000,17,9,8,700.4
23170006954000,92,49,43,3744.4
23170006968000,2,1,1,0
23170006994000,7,3,4,280.7
23170007033000,2,1,1,0
23170007041000,16,9,7,708.8
23170007042000,8,5,3,402.4
23170007044000,5,3,2,317
23170007045000,7,3,4,205.8
23170007046000,2,1,1,0
23170007060000,18,12,6,444.6
23170007061000,20,9,11,530
23170007062000,2,1,1,0
23170007069000,7,4,3,252.7
23170007070000,33,19,14,1244.1
23170007071000,132,60,72,4712.4
23170007072000,108,57,51,4363.2
23170007073000,1900,929,971,75810
23170007074000,901,405,496,46131.2
23170007087000,237,112,125,11731.5
23170007088000,324,149,175,12733.2
23170007089000,46,21,25,1922.8
23170007090000,27,16,11,769.5
23170007092000,46,20,26,2033.2
23170007093000,35,18,17,1428
23170007094000,20,9,11,740
23170007096000,6,1,5,271.2
23170007097000,12,5,7,322.8
23170007105000,2,1,1,0
23170007108000,2,1,1,0
23170007109000,12,6,6,516
23170007110000,1,1,0,0
23170007111000,12,6,6,565.2
23170007112000,27,13,14,882.9
23170007113000,10,4,6,368
23170007117000,41,21,20,1020.9
23170007118000,16,12,4,536
23170007120000,4,1,3,0
23170007121000,11,6,5,462
23170007122000,44,24,20,1434.4
23170007123000,19,11,8,777.1
23170007124000,23,12,11,1051.1
23170007125000,4,1,3,0
23170007126000,64,36,28,2470.4
23170007127000,43,24,19,1801.7
23170007128000,1,1,0,0
23170007129000,19,13,6,516.8
23170007130000,2,1,1,0
23170007136000,110,60,50,3960
23170007137000,10,6,4,368
23170007138000,8,6,2,252
23170007149000,3,1,2,0
23170007150000,5,3,2,298
23170007166000,21,14,7,522.9
23170007167000,6,4,2,369
23170007173000,15,8,7,526.5
23170007183000,56,25,31,2452.8
23170007197000,6,2,4,304.8
23170007198000,1,0,1,0
23170007203000,8,4,4,244
23170007205000,1,1,0,0
23180006573000,5,3,2,269
23180006625000,6,3,3,211.8
23180006626000,21,11,10,858.9
23180006627000,1,0,1,0
23180006630000,4,2,2,0
23180006640000,1,1,0,0
23180006649000,8,3,5,292.8
23180006650000,6,2,4,214.2
23180006652000,4,2,2,0
23180006655000,2,1,1,0
23180006657000,2,1,1,0
23180006667000,6,3,3,297
23180006681000,5,3,2,312
23180006682000,86,44,42,4007.6
23180006683000,20,11,9,912
23180006684000,13,6,7,690.3
23180006685000,30,15,15,1155
23180006689000,5,3,2,234
23180006693000,14,7,7,474.6
23180006694000,37,21,16,2064.6
23180006695000,9,5,4,282.6
23180006696000,4,2,2,0
23180006697000,23,14,9,901.6
23180006698000,32,16,16,1622.4
23180006699000,2,2,0,0
23180006745000,20,10,10,1144
23180006746000,57,31,26,2268.6
23180006747000,23,12,11,814.2
23180006748000,65,31,34,2184
23180006749000,60,35,25,2394
23180006750000,8,3,5,242.4
23180006753000,2,1,1,0
23180006758000,47,25,22,1842.4
23180006759000,29,16,13,1232.5
23180006760000,34,21,13,1244.4
23180006761000,46,26,20,1899.8
23180006762000,1,1,0,0
23180006763000,11,5,6,555.5
23180006764000,32,17,15,1468.8
23180006765000,5,3,2,223
23180006874000,1,1,0,0
23180006937000,1,1,0,0
23180006945000,5,2,3,175
23180006948000,2,1,1,0
23180006954000,15,7,8,705
23180006999000,5,3,2,130
23180007041000,45,22,23,1633.5
23180007042000,15,8,7,646.5
23180007044000,9,6,3,231.3
23180007045000,19,10,9,881.6
23180007046000,55,31,24,1837
23180007059000,14,6,8,544.6
23180007060000,4,3,1,0
23180007069000,13,7,6,374.4
23180007070000,12,6,6,477.6
23180007071000,32,19,13,1158.4
23180007072000,95,49,46,4284.5
23180007073000,830,408,422,31457
23180007074000,465,217,248,16321.5
23180007075000,1,1,0,0
23180007084000,3,1,2,0
23180007085000,12,6,6,458.4
23180007086000,52,28,24,1721.2
23180007087000,224,113,111,8982.4
23180007088000,296,134,162,15303.2
23180007089000,110,54,56,4807
23180007090000,34,18,16,1152.6
23180007091000,10,7,3,540
23180007092000,4,3,1,0
23180007093000,30,17,13,921
23180007094000,16,8,8,654.4
23180007095000,16,10,6,564.8
23180007096000,4,3,1,0
23180007097000,16,9,7,577.6
23180007098000,60,29,31,1866
23180007099000,9,4,5,299.7
23180007106000,13,8,5,780
23180007109000,3,2,1,0
23180007110000,10,5,5,328
23180007111000,4,2,2,0
23180007113000,20,12,8,734
23180007117000,15,8,7,646.5
23180007118000,15,5,10,606
23180007119000,5,3,2,218
23180007120000,31,15,16,883.5
23180007121000,21,12,9,636.3
23180007122000,13,5,8,431.6
23180007123000,8,3,5,488.8
23180007124000,34,15,19,1295.4
23180007129000,14,7,7,607.6
23180007130000,13,7,6,712.4
23180007138000,4,2,2,0
23180007142000,5,3,2,86
23180007143000,13,6,7,310.7
23180007155000,2,1,1,0
23180007159000,14,7,7,770
23180007165000,2,0,2,0
23180007166000,1,1,0,0
23180007167000,2,2,0,0
23180007168000,2,1,1,0
23180007174000,16,9,7,548.8
23180007175000,6,2,4,178.2
23180007176000,1,0,1,0
23180007177000,11,6,5,327.8
23180007183000,73,32,41,2759.4
23180007184000,21,12,9,657.3
23180007196000,14,6,8,673.4
23180007197000,23,10,13,899.3
23180007202000,2,1,1,0
23180007203000,2,1,1,0
23180007205000,24,14,10,1053.6
23180007206000,5,2,3,187
23180007207000,2,1,1,0
23180007208000,7,5,2,405.3
23180007211000,2,2,0,0
23190006620000,3,1,2,0
23190006623000,7,5,2,235.2
23190006624000,72,40,32,3060
23190006625000,21,12,9,756
23190006631000,3,2,1,0
23190006636000,1,1,0,0
23190006640000,2,1,1,0
23190006651000,3,1,2,0
23190006655000,2,1,1,0
23190006657000,1,1,0,0
23190006658000,3,1,2,0
23190006667000,25,15,10,1035
23190006668000,8,3,5,226.4
23190006681000,20,12,8,1030
23190006682000,23,9,14,1007.4
23190006683000,12,5,7,532.8
23190006688000,26,10,16,1003.6
23190006689000,5,4,1,208
23190006690000,8,4,4,288.8
23190006691000,24,14,10,991.2
23190006692000,47,25,22,2124.4
23190006693000,16,9,7,694.4
23190006694000,11,7,4,484
23190006695000,23,14,9,1242
23190006744000,23,13,10,832.6
23190006745000,8,4,4,483.2
23190006746000,38,21,17,1314.8
23190006747000,3,2,1,0
23190006748000,28,14,14,1120
23190006749000,55,26,29,2733.5
23190006754000,6,3,3,256.2
23190006755000,16,9,7,649.6
23190006758000,37,15,22,1224.7
23190006759000,71,38,33,3159.5
23190006760000,70,38,32,2618
23190006761000,71,35,36,2662.5
23190006762000,2,1,1,0
23190006763000,61,32,29,2385.1
23190006764000,10,3,7,309
23190006773000,3,2,1,0
23190006810000,3,2,1,0
23190006812000,4,2,2,0
23190006936000,10,6,4,497
23190006945000,3,1,2,0
23190006946000,2,2,0,0
23190006956000,6,3,3,268.8
23190006999000,14,8,6,610.4
23190007041000,10,6,4,408
23190007042000,19,9,10,796.1
23190007045000,36,19,17,1166.4
23190007046000,1,1,0,0
23190007047000,14,8,6,382.2
23190007048000,5,4,1,220
23190007058000,2,2,0,0
23190007059000,8,3,5,291.2
23190007060000,2,2,0,0
23190007069000,13,6,7,426.4
23190007070000,15,10,5,472.5
23190007071000,16,9,7,540.8
23190007072000,42,25,17,1738.8
23190007073000,28,11,17,1072.4
23190007074000,109,58,51,3607.9
23190007075000,25,15,10,985
23190007076000,15,10,5,688.5
23190007084000,24,13,11,907.2
23190007085000,7,4,3,347.2
23190007086000,24,15,9,1032
23190007090000,7,5,2,287
23190007091000,25,14,11,1172.5
23190007092000,19,9,10,402.8
23190007093000,24,11,13,775.2
23190007094000,17,7,10,569.5
23190007095000,20,9,11,1020
23190007096000,21,8,13,888.3
23190007097000,113,54,59,3796.8
23190007098000,235,114,121,8319
23190007106000,13,7,6,600.6
23190007108000,4,2,2,0
23190007109000,7,4,3,219.8
23190007110000,25,12,13,735
23190007111000,17,15,2,732.7
23190007113000,15,11,4,441
23190007115000,17,7,10,501.5
23190007116000,6,2,4,138
23190007117000,40,22,18,1864
23190007118000,20,11,9,796
23190007119000,11,6,5,507.1
23190007120000,10,5,5,507
23190007124000,4,3,1,0
23190007130000,12,5,7,530.4
23190007139000,6,3,3,169.8
23190007140000,6,4,2,403.2
23190007159000,20,8,12,826
23190007166000,13,7,6,551.2
23190007167000,5,2,3,163
23190007168000,26,12,14,1081.6
23190007172000,6,2,4,201
23190007173000,5,2,3,255
23190007175000,14,7,7,786.8
23190007176000,10,5,5,258
23190007183000,2,1,1,0
23190007184000,2,1,1,0
23190007196000,20,12,8,618
23190007197000,9,5,4,302.4
23190007198000,14,5,9,385
23190007204000,12,7,5,458.4
23190007205000,17,7,10,683.4
23190007206000,1,1,0,0
23200006622000,1,1,0,0
23200006623000,14,7,7,614.6
23200006624000,18,9,9,856.8
23200006625000,18,7,11,675
23200006626000,30,15,15,1077
23200006627000,163,77,86,7335
23200006628000,5,2,3,341
23200006629000,3,2,1,0
23200006631000,1,1,0,0
23200006641000,7,4,3,235.2
23200006643000,1,1,0,0
23200006654000,1,1,0,0
23200006658000,3,2,1,0
23200006668000,12,6,6,618
23200006669000,17,7,10,790.5
23200006679000,1,1,0,0
23200006680000,18,9,9,655.2
23200006681000,38,20,18,1672
23200006682000,28,16,12,1072.4
23200006683000,16,7,9,1040
23200006684000,18,10,8,777.6
23200006685000,20,8,12,786
23200006686000,16,9,7,550.4
23200006687000,11,6,5,513.7
23200006688000,4,1,3,0
23200006689000,28,15,13,1299.2
23200006690000,17,8,9,833
23200006691000,8,5,3,372.8
23200006692000,3,1,2,0
23200006695000,3,2,1,0
23200006698000,4,3,1,0
23200006723000,1,1,0,0
23200006740000,21,10,11,632.1
23200006741000,11,6,5,390.5
23200006742000,13,8,5,513.5
23200006743000,35,17,18,1344
23200006744000,12,6,6,586.8
23200006745000,103,51,52,3625.6
23200006746000,56,27,29,2172.8
23200006747000,15,7,8,354
23200006755000,9,3,6,442.8
23200006758000,6,4,2,228
23200006759000,25,14,11,752.5
23200006761000,4,3,1,0
23200006762000,34,15,19,1472.2
23200006763000,6,4,2,144
23200006764000,21,10,11,777
23200006765000,25,11,14,1042.5
23200006766000,10,6,4,418
23200006769000,2,1,1,0
23200006771000,1,0,1,0
23200006793000,1,1,0,0
23200006807000,1,1,0,0
23200006808000,4,2,2,0
23200006809000,1,0,1,0
23200006836000,5,2,3,99
23200006945000,4,2,2,0
23200006946000,25,14,11,1080
23200006953000,8,5,3,555.2
23200006955000,1,1,0,0
23200006956000,4,1,3,0
23200006996000,3,2,1,0
23200006997000,48,25,23,1464
23200007041000,24,13,11,643.2
23200007042000,9,4,5,333
23200007045000,8,5,3,307.2
23200007048000,3,2,1,0
23200007069000,5,3,2,83
23200007070000,25,13,12,1250
23200007071000,42,21,21,1302
23200007072000,43,26,17,1436.2
23200007073000,23,13,10,519.8
23200007074000,24,13,11,772.8
23200007075000,71,38,33,2889.7
23200007076000,36,15,21,957.6
23200007084000,14,7,7,452.2
23200007085000,10,7,3,349
23200007093000,8,4,4,420.8
23200007094000,16,8,8,638.4
23200007095000,17,9,8,731
23200007096000,68,36,32,2332.4
23200007097000,216,106,110,8920.8
23200007098000,15,6,9,565.5
23200007106000,93,50,43,3487.5
23200007108000,2,1,1,0
23200007109000,18,10,8,808.2
23200007110000,23,10,13,1014.3
23200007111000,17,11,6,474.3
23200007112000,6,2,4,283.8
23200007114000,15,6,9,393
23200007115000,53,28,25,1945.1
23200007116000,36,19,17,1580.4
23200007117000,7,6,1,200.9
23200007130000,6,3,3,220.2
23200007140000,22,13,9,1042.8
23200007159000,23,13,10,1168.4
23200007160000,10,4,6,512
23200007162000,13,4,9,617.5
23200007163000,36,18,18,1209.6
23200007164000,1,1,0,0
23200007166000,5,2,3,148
23200007167000,10,6,4,543
23200007168000,6,3,3,333
23200007169000,8,6,2,204.8
23200007173000,20,9,11,844
23200007175000,3,2,1,0
23200007185000,16,8,8,694.4
23200007194000,3,1,2,0
23200007195000,14,4,10,453.6
23200007196000,8,3,5,299.2
23200007197000,197,86,111,5772.1
23200007198000,395,206,189,12047.5
23200007204000,10,3,7,378
23210006624000,1,0,1,0
23210006625000,12,7,5,294
23210006626000,14,8,6,540.4
23210006627000,94,53,41,3929.2
23210006628000,82,43,39,4100
23210006629000,26,15,11,1305.2
23210006630000,20,12,8,1026
23210006631000,6,3,3,229.8
23210006639000,7,4,3,375.9
23210006641000,2,1,1,0
23210006649000,5,4,1,297
23210006655000,12,6,6,624
23210006658000,2,1,1,0
23210006662000,1,0,1,0
23210006663000,7,6,1,245
23210006664000,1,1,0,0
23210006668000,3,2,1,0
23210006679000,12,7,5,704.4
23210006680000,36,15,21,1407.6
23210006681000,24,10,14,1123.2
23210006682000,24,11,13,926.4
23210006683000,19,7,12,843.6
23210006684000,7,3,4,259.7
23210006685000,5,2,3,194
23210006686000,181,88,93,5810.1
23210006687000,42,23,19,1864.8
23210006688000,37,17,20,1727.9
23210006690000,4,3,1,0
23210006698000,2,1,1,0
23210006737000,8,5,3,276.8
23210006738000,3,3,0,0
23210006739000,3,2,1,0
23210006741000,1,1,0,0
23210006742000,5,2,3,292
23210006743000,12,7,5,405.6
23210006744000,4,2,2,0
23210006745000,92,45,47,3569.6
23210006746000,53,26,27,2088.2
23210006747000,65,33,32,2548
23210006748000,57,30,27,2012.1
23210006749000,22,12,10,858
23210006750000,5,2,3,266
23210006759000,31,17,14,1069.5
23210006760000,8,4,4,455.2
23210006761000,11,4,7,434.5
23210006763000,5,2,3,220
23210006764000,5,2,3,216
23210006766000,30,19,11,1158
23210006767000,52,27,25,1710.8
23210006768000,22,11,11,1042.8
23210006769000,5,3,2,141
23210006771000,8,3,5,352
23210006806000,4,2,2,0
23210006807000,1,1,0,0
23210006899000,3,2,1,0
23210006944000,5,2,3,249
23210006945000,7,4,3,466.9
23210006953000,13,7,6,465.4
23210006955000,12,4,8,408
23210006996000,46,19,27,2198.8
23210006997000,20,7,13,924
23210007041000,36,20,16,1328.4
23210007043000,12,7,5,369.6
23210007044000,4,3,1,0
23210007045000,3,1,2,0
23210007046000,3,1,2,0
23210007068000,14,9,5,519.4
23210007069000,6,2,4,184.2
23210007070000,13,7,6,533
23210007071000,45,22,23,1948.5
23210007072000,35,20,15,1323
23210007073000,11,4,7,345.4
23210007074000,190,100,90,7163
23210007075000,32,19,13,1196.8
23210007076000,6,3,3,232.8
23210007084000,47,22,25,1804.8
23210007085000,9,6,3,308.7
23210007086000,1,0,1,0
23210007087000,27,16,11,1023.3
23210007088000,14,6,8,484.4
23210007090000,14,8,6,680.4
23210007091000,10,8,2,439
23210007092000,12,4,8,602.4
23210007095000,5,2,3,140
23210007096000,43,21,22,1715.7
23210007098000,24,13,11,1267.2
23210007099000,32,15,17,1123.2
23210007106000,29,15,14,1148.4
23210007107000,18,9,9,635.4
23210007110000,20,12,8,708
23210007111000,19,10,9,520.6
23210007112000,6,3,3,210
23210007114000,18,9,9,563.4
23210007115000,4,2,2,0
23210007116000,29,15,14,945.4
23210007130000,13,9,4,347.1
23210007142000,11,6,5,557.7
23210007151000,1,0,1,0
23210007153000,2,1,1,0
23210007158000,2,2,0,0
23210007159000,48,20,28,2592
23210007160000,21,11,10,1239
23210007161000,15,7,8,406.5
23210007162000,45,25,20,1782
23210007163000,6,2,4,262.8
23210007164000,21,11,10,930.3
23210007165000,1,1,0,0
23210007166000,2,2,0,0
23210007167000,12,8,4,499.2
23210007168000,18,11,7,498.6
23210007171000,2,0,2,0
23210007172000,17,8,9,714
23210007173000,12,7,5,690
23210007174000,36,19,17,1008
23210007175000,88,36,52,4611.2
23210007193000,2,1,1,0
23210007196000,5,4,1,151
23210007197000,148,73,75,5431.6
23210007198000,1299,666,633,54038.4
23210007199000,489,256,233,17799.6
23210007200000,9,6,3,532.8
23210007201000,3,2,1,0
23210007204000,8,5,3,343.2
23210007205000,10,6,4,299
23220006616000,3,2,1,0
23220006617000,1,1,0,0
23220006624000,6,3,3,187.2
23220006643000,4,2,2,0
23220006644000,2,1,1,0
23220006667000,2,1,1,0
23220006668000,19,8,11,1067.8
23220006677000,1,1,0,0
23220006678000,1,1,0,0
23220006679000,4,2,2,0
23220006680000,277,146,131,9972
23220006681000,33,18,15,1287
23220006682000,53,27,26,1982.2
23220006683000,12,4,8,422.4
23220006685000,2,2,0,0
23220006686000,37,18,19,1457.8
23220006687000,5,2,3,266
23220006688000,18,10,8,723.6
23220006689000,2,1,1,0
23220006708000,2,1,1,0
23220006734000,13,8,5,621.4
23220006735000,12,4,8,438
23220006736000,12,7,5,675.6
23220006737000,9,7,2,536.4
23220006738000,17,6,11,763.3
23220006739000,5,3,2,302
23220006740000,3,1,2,0
23220006744000,18,9,9,757.8
23220006745000,24,12,12,1243.2
23220006746000,12,7,5,343.2
23220006747000,6,4,2,181.2
23220006748000,8,6,2,262.4
23220006749000,8,6,2,264.8
23220006750000,1,0,1,0
23220006758000,4,2,2,0
23220006759000,37,16,21,1579.9
23220006760000,78,28,50,4453.8
23220006761000,62,34,28,2821
23220006762000,3,1,2,0
23220006763000,4,1,3,0
23220006764000,19,9,10,549.1
23220006767000,4,2,2,0
23220006768000,2,1,1,0
23220006770000,5,2,3,326
23220006772000,3,2,1,0
23220006773000,5,2,3,295
23220006774000,6,2,4,204
23220006794000,2,1,1,0
23220006805000,2,1,1,0
23220006806000,12,7,5,628.8
23220006915000,9,5,4,398.7
23220006916000,7,3,4,224.7
23220006917000,3,0,3,0
23220006935000,18,11,7,898.2
23220006941000,1,1,0,0
23220006945000,2,1,1,0
23220006946000,6,2,4,276
23220006951000,5,2,3,225
23220006952000,14,6,8,498.4
23220006953000,12,5,7,411.6
23220006954000,2,1,1,0
23220006955000,4,2,2,0
23220007041000,8,3,5,220.8
23220007045000,8,4,4,268.8
23220007046000,12,6,6,496.8
23220007047000,2,2,0,0
23220007063000,2,1,1,0
23220007068000,9,6,3,424.8
23220007071000,4,2,2,0
23220007072000,12,6,6,456
23220007073000,47,21,26,1602.7
23220007074000,141,70,71,5315.7
23220007075000,107,56,51,3680.8
23220007076000,67,36,31,2505.8
23220007077000,6,5,1,186
23220007084000,383,201,182,14094.4
23220007085000,55,23,32,2117.5
23220007086000,120,55,65,3804
23220007087000,55,27,28,1826
23220007088000,21,10,11,961.8
23220007089000,11,6,5,513.7
23220007090000,6,3,3,358.8
23220007091000,3,2,1,0
23220007092000,28,17,11,842.8
23220007093000,26,15,11,956.8
23220007094000,22,13,9,924
23220007095000,9,5,4,447.3
23220007096000,24,11,13,772.8
23220007097000,11,4,7,420.2
23220007098000,31,16,15,1475.6
23220007099000,31,19,12,1218.3
23220007105000,14,6,8,708.4
23220007106000,23,11,12,828
23220007110000,7,3,4,256.2
23220007111000,20,10,10,970
23220007112000,34,17,17,1353.2
23220007114000,33,17,16,1438.8
23220007120000,4,3,1,0
23220007142000,19,9,10,849.3
23220007143000,2,1,1,0
23220007157000,18,7,11,793.8
23220007158000,2,0,2,0
23220007159000,43,19,24,1509.3
23220007160000,26,13,13,806
23220007161000,22,12,10,899.8
23220007162000,17,8,9,860.2
23220007166000,3,2,1,0
23220007171000,4,2,2,0
23220007172000,21,11,10,693
23220007173000,9,6,3,356.4
23220007175000,10,5,5,502
23220007177000,1,1,0,0
23220007185000,15,10,5,582
23220007186000,1,0,1,0
23220007193000,7,4,3,307.3
23220007194000,10,8,2,375
23220007196000,14,6,8,554.4
23220007197000,9,6,3,206.1
23220007198000,347,153,194,14053.5
23220007199000,131,65,66,5646.1
23220007200000,9,4,5,240.3
23220007201000,14,8,6,508.2
23220007202000,39,19,20,1466.4
23220007203000,27,14,13,1123.2
23220007204000,23,10,13,1002.8
23230006616000,5,2,3,165
23230006617000,13,6,7,561.6
23230006622000,5,3,2,183
23230006642000,1,1,0,0
23230006668000,7,4,3,231.7
23230006676000,1,1,0,0
23230006677000,4,3,1,0
23230006678000,5,1,4,106
23230006680000,67,34,33,2499.1
23230006681000,70,33,37,3388
23230006682000,41,20,21,1808.1
23230006683000,18,10,8,711
23230006684000,23,15,8,1191.4
23230006685000,2,1,1,0
23230006730000,3,1,2,0
23230006731000,13,10,3,631.8
23230006732000,8,4,4,416.8
23230006733000,3,1,2,0
23230006734000,60,30,30,2922
23230006735000,72,37,35,3232.8
23230006736000,7,6,1,322
23230006737000,28,14,14,1302
23230006738000,16,8,8,483.2
23230006739000,11,6,5,436.7
23230006754000,5,4,1,246
23230006755000,4,2,2,0
23230006758000,4,1,3,0
23230006760000,32,13,19,1452.8
23230006764000,2,1,1,0
23230006765000,1,1,0,0
23230006766000,19,9,10,636.5
23230006768000,11,7,4,309.1
23230006769000,5,3,2,249
23230006770000,21,11,10,915.6
23230006771000,5,3,2,332
23230006794000,2,1,1,0
23230006795000,3,1,2,0
23230006805000,2,2,0,0
23230006815000,5,3,2,319
23230006816000,4,2,2,0
23230006817000,8,4,4,528
23230006822000,1,1,0,0
23230006894000,7,5,2,312.9
23230006896000,9,5,4,308.7
23230006935000,15,8,7,574.5
23230006946000,12,6,6,427.2
23230006947000,2,2,0,0
23230006951000,7,2,5,301.7
23230006953000,11,5,6,350.9
23230006954000,12,8,4,481.2
23230007042000,2,1,1,0
23230007045000,7,4,3,303.1
23230007070000,11,8,3,302.5
23230007071000,35,21,14,1064
23230007072000,13,9,4,653.9
23230007073000,26,11,15,858
23230007074000,34,19,15,1441.6
23230007075000,92,45,47,3063.6
23230007076000,11,7,4,413.6
23230007081000,113,61,52,3570.8
23230007082000,301,143,158,10956.4
23230007083000,7,3,4,133
23230007084000,2,1,1,0
23230007085000,189,93,96,7673.4
23230007086000,154,78,76,5790.4
23230007087000,69,39,30,2725.5
23230007088000,18,10,8,653.4
23230007089000,19,9,10,752.4
23230007090000,6,3,3,210
23230007092000,31,16,15,1091.2
23230007093000,21,12,9,949.2
23230007094000,5,3,2,160
23230007095000,8,2,6,382.4
23230007096000,25,13,12,745
23230007097000,26,13,13,1053
23230007098000,7,3,4,310.8
23230007099000,23,12,11,782
23230007104000,14,8,6,505.4
23230007105000,85,41,44,2694.5
23230007106000,23,11,12,862.5
23230007111000,31,19,12,1007.5
23230007112000,18,14,4,761.4
23230007113000,13,8,5,452.4
23230007114000,165,81,84,5857.5
23230007115000,8,3,5,376.8
23230007128000,20,11,9,766
23230007129000,2,1,1,0
23230007148000,1,0,1,0
23230007156000,2,1,1,0
23230007160000,10,4,6,420
23230007161000,63,29,34,2173.5
23230007162000,3,2,1,0
23230007169000,15,8,7,733.5
23230007170000,5,2,3,128
23230007173000,6,4,2,214.8
23230007177000,11,4,7,563.2
23230007178000,23,12,11,1055.7
23230007185000,19,13,6,828.4
23230007186000,13,6,7,540.8
23230007190000,9,4,5,486.9
23230007191000,23,9,14,880.9
23230007192000,1,1,0,0
23230007194000,5,2,3,250
23230007195000,9,5,4,306
23230007196000,14,7,7,581
23230007197000,69,34,35,2546.1
23230007198000,1,1,0,0
23230007199000,43,19,24,1496.4
23230007200000,127,66,61,4419.6
23230007201000,11,5,6,458.7
23230007202000,9,5,4,246.6
23240006642000,1,1,0,0
23240006643000,2,1,1,0
23240006644000,4,3,1,0
23240006645000,1,1,0,0
23240006646000,3,2,1,0
23240006676000,11,4,7,574.2
23240006677000,42,24,18,1465.8
23240006678000,7,3,4,189.7
23240006680000,87,45,42,3445.2
23240006681000,25,15,10,970
23240006682000,41,22,19,1861.4
23240006683000,24,13,11,996
23240006685000,6,2,4,262.2
23240006686000,8,3,5,219.2
23240006729000,12,7,5,390
23240006730000,15,6,9,889.5
23240006731000,36,20,16,1735.2
23240006732000,7,3,4,317.8
23240006733000,2,1,1,0
23240006734000,22,11,11,902
23240006735000,18,9,9,959.4
23240006736000,16,6,10,697.6
23240006737000,5,2,3,341
23240006738000,4,1,3,0
23240006755000,41,21,20,1799.9
23240006757000,3,1,2,0
23240006758000,8,5,3,476
23240006760000,6,2,4,127.2
23240006761000,37,20,17,1483.7
23240006762000,2,1,1,0
23240006764000,4,2,2,0
23240006765000,11,7,4,456.5
23240006766000,1,0,1,0
23240006768000,3,1,2,0
23240006769000,3,1,2,0
23240006770000,1,1,0,0
23240006795000,6,4,2,247.2
23240006800000,2,1,1,0
23240006801000,8,5,3,504.8
23240006802000,2,1,1,0
23240006803000,6,3,3,85.2
23240006814000,8,5,3,354.4
23240006893000,1,1,0,0
23240006916000,1,1,0,0
23240006933000,3,2,1,0
23240006934000,5,2,3,148
23240006944000,3,1,2,0
23240006947000,1,1,0,0
23240006949000,10,6,4,384
23240006950000,6,2,4,255
23240006954000,5,2,3,159
23240007068000,6,4,2,256.8
23240007069000,7,5,2,368.9
23240007070000,5,4,1,322
23240007071000,100,47,53,3260
23240007072000,20,11,9,824
23240007074000,32,18,14,1040
23240007075000,58,26,32,1896.6
23240007081000,42,18,24,1570.8
23240007082000,64,32,32,1772.8
23240007083000,47,22,25,1912.9
23240007085000,8,4,4,290.4
23240007088000,10,6,4,455
23240007089000,21,10,11,791.7
23240007090000,26,12,14,785.2
23240007091000,9,4,5,387
23240007092000,47,25,22,1950.5
23240007093000,76,35,41,4248.4
23240007094000,125,65,60,4850
23240007095000,164,82,82,6133.6
23240007096000,23,16,7,890.1
23240007097000,19,9,10,758.1
23240007098000,41,19,22,1771.2
23240007099000,13,7,6,588.9
23240007104000,3,2,1,0
23240007106000,21,9,12,846.3
23240007111000,14,9,5,516.6
23240007112000,14,9,5,677.6
23240007113000,39,25,14,1645.8
23240007114000,190,87,103,8721
23240007115000,116,58,58,4419.6
23240007142000,4,3,1,0
23240007143000,18,8,10,797.4
23240007144000,3,2,1,0
23240007146000,2,1,1,0
23240007156000,8,4,4,316
23240007170000,21,12,9,968.1
23240007171000,18,8,10,889.2
23240007172000,16,9,7,816
23240007173000,4,2,2,0
23240007177000,1,1,0,0
23240007178000,13,7,6,691.6
23240007186000,9,5,4,432.9
23240007190000,21,11,10,812.7
23240007193000,6,4,2,310.8
23240007194000,2,2,0,0
23240007195000,7,3,4,322
23240007196000,22,13,9,882.2
23240007197000,98,51,47,3851.4
23240007198000,67,35,32,2700.1
23240007199000,11,7,4,469.7
23240007200000,3,1,2,0
23240007202000,12,7,5,411.6
23240007203000,22,9,13,664.4
23240007204000,7,4,3,366.8
23240007205000,3,2,1,0
23250006661000,1,1,0,0
23250006675000,1,1,0,0
23250006676000,25,13,12,927.5
23250006677000,19,9,10,986.1
23250006678000,11,6,5,786.5
23250006679000,18,10,8,775.8
23250006680000,23,11,12,1094.8
23250006681000,69,39,30,2394.3
23250006682000,26,11,15,1042.6
23250006683000,29,15,14,1302.1
23250006684000,3,2,1,0
23250006685000,1,1,0,0
23250006726000,9,4,5,460.8
23250006727000,34,19,15,1506.2
23250006728000,27,12,15,888.3
23250006729000,6,5,1,316.2
23250006730000,47,24,23,2147.9
23250006731000,20,13,7,538
23250006732000,8,3,5,444
23250006733000,18,11,7,660.6
23250006734000,8,5,3,407.2
23250006735000,8,3,5,283.2
23250006736000,209,108,101,8610.8
23250006737000,40,20,20,1356
23250006754000,10,4,6,354
23250006755000,9,5,4,428.4
23250006757000,23,13,10,922.3
23250006758000,42,27,15,1260
23250006759000,38,21,17,1964.6
23250006760000,80,39,41,3912
23250006761000,46,23,23,2157.4
23250006764000,1,0,1,0
23250006766000,1,1,0,0
23250006767000,1,1,0,0
23250006768000,5,4,1,113
23250006794000,5,3,2,254
23250006795000,4,2,2,0
23250006798000,4,2,2,0
23250006799000,6,2,4,148.8
23250006800000,6,3,3,217.2
23250006801000,19,9,10,573.8
23250006813000,6,3,3,333
23250006888000,26,15,11,1157
23250006889000,1,0,1,0
23250006914000,8,4,4,220
23250006933000,4,2,2,0
23250006947000,3,2,1,0
23250006954000,9,6,3,450.9
23250006955000,5,3,2,362
23250006996000,5,2,3,202
23250007042000,9,4,5,345.6
23250007067000,13,8,5,439.4
23250007069000,21,10,11,630
23250007070000,21,9,12,709.8
23250007072000,5,4,1,171
23250007073000,2,1,1,0
23250007074000,27,13,14,1104.3
23250007075000,71,38,33,2896.8
23250007076000,85,47,38,3323.5
23250007077000,41,30,11,1512.9
23250007078000,1040,527,513,39520
23250007079000,422,200,222,14643.4
23250007080000,192,92,100,7603.2
23250007081000,76,35,41,2302.8
23250007082000,138,73,65,5754.6
23250007083000,15,9,6,583.5
23250007085000,2,1,1,0
23250007086000,8,5,3,322.4
23250007088000,20,11,9,844
23250007089000,10,6,4,393
23250007090000,26,11,15,946.4
23250007091000,57,28,29,1903.8
23250007092000,279,130,149,10239.3
23250007093000,250,102,148,11250
23250007094000,81,40,41,3426.3
23250007095000,161,75,86,6295.1
23250007096000,28,17,11,1145.2
23250007097000,21,7,14,789.6
23250007099000,26,13,13,1216.8
23250007100000,26,16,10,1320.8
23250007105000,24,12,12,710.4
23250007107000,2,1,1,0
23250007111000,13,6,7,448.5
23250007112000,13,7,6,344.5
23250007113000,18,10,8,628.2
23250007114000,34,15,19,1033.6
23250007115000,33,17,16,1056
23250007116000,27,13,14,785.7
23250007127000,6,4,2,268.8
23250007143000,1,1,0,0
23250007144000,5,1,4,110
23250007145000,18,10,8,932.4
23250007146000,101,56,45,3858.2
23250007155000,2,1,1,0
23250007166000,4,2,2,0
23250007168000,2,1,1,0
23250007171000,2,1,1,0
23250007172000,17,9,8,501.5
23250007173000,17,7,10,826.2
23250007174000,15,7,8,648
23250007175000,7,4,3,378
23250007185000,7,5,2,321.3
23250007190000,2,1,1,0
23250007192000,6,3,3,357
23250007193000,56,30,26,1691.2
23250007194000,19,9,10,486.4
23250007195000,5,2,3,321
23250007196000,4,3,1,0
23250007197000,7,3,4,522.9
23250007198000,5,2,3,119
23250007200000,1,1,0,0
23250007203000,11,5,6,452.1
23250007204000,83,45,38,2888.4
23260006648000,11,6,5,741.4
23260006649000,8,6,2,276
23260006674000,2,2,0,0
23260006675000,37,19,18,1528.1
23260006676000,135,73,62,4522.5
23260006677000,27,16,11,1134
23260006678000,17,9,8,685.1
23260006679000,28,15,13,1176
23260006680000,12,5,7,567.6
23260006681000,3,2,1,0
23260006682000,20,11,9,824
23260006683000,5,2,3,129
23260006695000,1,1,0,0
23260006726000,28,14,14,1248.8
23260006727000,53,28,25,2681.8
23260006728000,24,11,13,909.6
23260006729000,80,36,44,4560
23260006730000,160,82,78,6656
23260006731000,46,18,28,2442.6
23260006732000,24,13,11,972
23260006733000,11,6,5,335.5
23260006735000,52,23,29,2048.8
23260006736000,132,71,61,6111.6
23260006737000,92,45,47,4618.4
23260006738000,26,13,13,1281.8
23260006739000,10,6,4,570
23260006740000,1,0,1,0
23260006755000,3,1,2,0
23260006756000,6,4,2,270
23260006757000,15,9,6,721.5
23260006758000,6,4,2,192
23260006759000,19,11,8,896.8
23260006760000,73,39,34,3124.4
23260006761000,26,10,16,1250.6
23260006762000,16,9,7,836.8
23260006763000,2,1,1,0
23260006765000,4,2,2,0
23260006766000,58,33,25,2807.2
23260006767000,51,27,24,2274.6
23260006768000,20,10,10,878
23260006769000,15,8,7,568.5
23260006770000,11,6,5,497.2
23260006771000,6,1,5,190.8
23260006794000,4,2,2,0
23260006800000,92,49,43,5032.4
23260006801000,18,9,9,991.8
23260006807000,3,2,1,0
23260006808000,1,1,0,0
23260006812000,1,0,1,0
23260006813000,10,5,5,613
23260006844000,2,1,1,0
23260006845000,9,6,3,390.6
23260006856000,8,2,6,430.4
23260006857000,21,10,11,921.9
23260006885000,1,1,0,0
23260006887000,5,3,2,366
23260006890000,2,1,1,0
23260006932000,3,2,1,0
23260006944000,11,6,5,522.5
23260006945000,7,3,4,247.1
23260006946000,2,1,1,0
23260006947000,9,5,4,380.7
23260006955000,2,1,1,0
23260006996000,37,21,16,1779.7
23260007069000,5,3,2,83
23260007070000,10,5,5,334
23260007071000,31,16,15,926.9
23260007072000,25,10,15,820
23260007073000,20,11,9,668
23260007074000,24,10,14,1058.4
23260007075000,238,118,120,8282.4
23260007076000,1046,531,515,39748
23260007077000,457,238,219,16909
23260007078000,1514,690,824,71763.6
23260007079000,1047,527,520,38424.9
23260007080000,321,157,164,13096.8
23260007081000,17,10,7,627.3
23260007082000,36,17,19,1407.6
23260007083000,8,6,2,328
23260007086000,6,2,4,304.8
23260007087000,7,4,3,254.8
23260007089000,7,6,1,207.9
23260007090000,3,0,3,0
23260007091000,42,23,19,1936.2
23260007092000,12,6,6,445.2
23260007093000,52,22,30,2251.6
23260007094000,40,22,18,1464
23260007095000,8,3,5,314.4
23260007096000,6,4,2,219
23260007097000,40,19,21,1644
23260007098000,48,23,25,1747.2
23260007099000,7,4,3,303.1
23260007100000,126,63,63,4347
23260007101000,18,9,9,842.4
23260007103000,709,339,370,31763.2
23260007104000,384,192,192,12825.6
23260007105000,35,18,17,1337
23260007106000,10,6,4,300
23260007107000,2,1,1,0
23260007111000,9,4,5,332.1
23260007112000,72,38,34,2613.6
23260007113000,24,13,11,806.4
23260007114000,33,21,12,1095.6
23260007116000,34,20,14,907.8
23260007121000,1,1,0,0
23260007142000,4,2,2,0
23260007143000,11,5,6,356.4
23260007144000,215,112,103,7998
23260007145000,444,217,227,17804.4
23260007146000,192,101,91,5817.6
23260007150000,4,1,3,0
23260007156000,11,5,6,511.5
23260007164000,7,3,4,317.1
23260007167000,7,3,4,196
23260007168000,11,7,4,478.5
23260007170000,3,1,2,0
23260007171000,13,7,6,613.6
23260007185000,4,3,1,0
23260007191000,6,4,2,217.8
23260007192000,55,27,28,1914
23260007193000,9,6,3,331.2
23260007194000,11,7,4,291.5
23260007195000,10,5,5,418
23260007196000,8,4,4,471.2
23260007197000,1,1,0,0
23260007198000,2,1,1,0
23260007200000,3,2,1,0
23260007201000,12,8,4,613.2
23260007205000,27,15,12,861.3
23270006641000,3,2,1,0
23270006643000,4,3,1,0
23270006647000,1,0,1,0
23270006648000,11,7,4,496.1
23270006655000,3,2,1,0
23270006673000,6,5,1,367.2
23270006674000,2,1,1,0
23270006675000,47,23,24,1739
23270006676000,116,60,56,4732.8
23270006677000,61,31,30,2482.7
23270006678000,29,12,17,1073
23270006679000,25,13,12,1015
23270006680000,5,3,2,246
23270006682000,29,18,11,1119.4
23270006683000,5,3,2,278
23270006694000,3,2,1,0
23270006716000,1,1,0,0
23270006725000,11,7,4,597.3
23270006726000,22,12,10,847
23270006727000,11,4,7,473
23270006728000,51,21,30,2091
23270006729000,214,84,130,12604.6
23270006730000,565,269,296,25651
23270006731000,178,97,81,7689.6
23270006733000,8,4,4,344
23270006734000,8,4,4,467.2
23270006735000,34,17,17,1445
23270006736000,50,29,21,1815
23270006737000,62,30,32,2752.8
23270006738000,11,6,5,448.8
23270006755000,7,3,4,184.1
23270006756000,6,3,3,327
23270006757000,15,7,8,796.5
23270006759000,7,3,4,219.8
23270006760000,17,8,9,780.3
23270006761000,30,15,15,1386
23270006762000,3,1,2,0
23270006763000,2,0,2,0
23270006767000,4,2,2,0
23270006768000,15,9,6,819
23270006769000,12,7,5,367.2
23270006770000,10,5,5,485
23270006793000,1,0,1,0
23270006794000,2,1,1,0
23270006800000,11,5,6,452.1
23270006801000,26,12,14,1224.6
23270006805000,10,6,4,641
23270006806000,9,5,4,363.6
23270006807000,2,1,1,0
23270006811000,4,2,2,0
23270006844000,10,5,5,297
23270006845000,2,1,1,0
23270006857000,2,2,0,0
23270006859000,10,4,6,640
23270006860000,5,1,4,161
23270006884000,12,7,5,511.2
23270006892000,3,1,2,0
23270006944000,2,1,1,0
23270006945000,7,5,2,240.1
23270006946000,5,2,3,216
23270006951000,6,3,3,384
23270006995000,18,9,9,973.8
23270006996000,7,2,5,189
23270007069000,3,2,1,0
23270007070000,39,17,22,1696.5
23270007071000,2,1,1,0
23270007072000,28,14,14,1103.2
23270007074000,13,8,5,547.3
23270007075000,35,16,19,1389.5
23270007076000,254,130,124,9982.2
23270007077000,134,76,58,4877.6
23270007078000,463,202,261,24724.2
23270007079000,578,278,300,23929.2
23270007080000,41,22,19,1804
23270007081000,32,14,18,1244.8
23270007082000,43,25,18,1517.9
23270007083000,9,5,4,426.6
23270007093000,28,18,10,1027.6
23270007094000,5,3,2,278
23270007097000,23,13,10,660.1
23270007098000,8,3,5,288.8
23270007099000,4,3,1,0
23270007100000,7,2,5,170.1
23270007101000,809,397,412,33007.2
23270007103000,452,237,215,17808.8
23270007104000,309,152,157,13225.2
23270007105000,160,82,78,6304
23270007108000,8,5,3,444
23270007110000,10,6,4,443
23270007111000,5,3,2,255
23270007112000,16,8,8,766.4
23270007113000,18,10,8,696.6
23270007114000,35,17,18,1099
23270007116000,8,4,4,180.8
23270007130000,3,1,2,0
23270007142000,6,4,2,241.2
23270007143000,6,3,3,216
23270007146000,5,3,2,273
23270007149000,24,11,13,940.8
23270007150000,21,10,11,894.6
23270007156000,22,10,12,633.6
23270007168000,3,1,2,0
23270007169000,10,7,3,557
23270007187000,12,6,6,489.6
23270007188000,13,5,8,497.9
23270007191000,9,3,6,495.9
23270007192000,23,13,10,1014.3
23270007194000,11,7,4,299.2
23270007195000,6,4,2,219
23270007196000,24,13,11,890.4
23270007197000,25,17,8,702.5
23270007198000,14,7,7,506.8
23270007201000,11,5,6,606.1
23270007202000,6,3,3,237
23270007205000,5,2,3,95
23280006643000,2,2,0,0
23280006646000,1,1,0,0
23280006652000,3,2,1,0
23280006675000,4,2,2,0
23280006676000,34,16,18,1397.4
23280006677000,41,18,23,1853.2
23280006678000,6,2,4,406.8
23280006680000,7,4,3,317.8
23280006681000,58,30,28,1995.2
23280006682000,12,6,6,457.2
23280006694000,6,3,3,237
23280006697000,8,3,5,308.8
23280006714000,4,3,1,0
23280006715000,39,19,20,1657.5
23280006716000,5,4,1,245
23280006723000,9,6,3,253.8
23280006724000,6,4,2,232.8
23280006725000,24,13,11,1106.4
23280006726000,11,5,6,389.4
23280006727000,16,9,7,644.8
23280006728000,83,38,45,2846.9
23280006733000,7,4,3,312.2
23280006734000,14,5,9,565.6
23280006735000,8,3,5,416
23280006736000,2,1,1,0
23280006737000,50,24,26,2025
23280006738000,36,18,18,1627.2
23280006739000,2,1,1,0
23280006747000,1,0,1,0
23280006756000,1,0,1,0
23280006760000,1,1,0,0
23280006761000,35,18,17,1120
23280006762000,16,6,10,688
23280006763000,9,6,3,413.1
23280006768000,2,1,1,0
23280006791000,1,1,0,0
23280006793000,2,2,0,0
23280006794000,3,1,2,0
23280006799000,3,2,1,0
23280006800000,13,7,6,642.2
23280006802000,14,5,9,652.4
23280006803000,13,6,7,505.7
23280006804000,6,2,4,414
23280006844000,2,1,1,0
23280006850000,18,9,9,995.4
23280006860000,11,8,3,548.9
23280006882000,4,3,1,0
23280006892000,17,11,6,555.9
23280006912000,4,1,3,0
23280006913000,1,1,0,0
23280006940000,2,2,0,0
23280006941000,2,1,1,0
23280006946000,24,15,9,1166.4
23280006950000,3,2,1,0
23280006951000,2,1,1,0
23280006954000,11,4,7,396
23280006994000,1,1,0,0
23280006995000,21,13,8,1226.4
23280007068000,2,1,1,0
23280007070000,6,3,3,258
23280007072000,8,4,4,214.4
23280007074000,18,10,8,649.8
23280007075000,34,21,13,1285.2
23280007076000,52,26,26,1908.4
23280007077000,10,7,3,371
23280007078000,299,149,150,10255.7
23280007079000,61,27,34,2659.6
23280007080000,42,21,21,1726.2
23280007081000,11,6,5,412.5
23280007082000,38,22,16,965.2
23280007091000,15,8,7,628.5
23280007092000,7,3,4,331.1
23280007093000,31,18,13,1193.5
23280007094000,40,21,19,1300
23280007095000,10,6,4,280
23280007096000,16,6,10,649.6
23280007097000,15,6,9,453
23280007098000,7,4,3,420.7
23280007099000,23,12,11,823.4
23280007100000,265,139,126,10653
23280007101000,517,259,258,18301.8
23280007102000,433,199,234,25806.8
23280007103000,1489,648,841,81150.5
23280007104000,1240,596,644,52080
23280007105000,796,393,403,30407.2
23280007106000,173,87,86,5224.6
23280007107000,14,7,7,653.8
23280007108000,35,19,16,1270.5
23280007109000,9,4,5,367.2
23280007110000,8,4,4,322.4
23280007112000,21,10,11,735
23280007113000,9,4,5,365.4
23280007114000,12,7,5,412.8
23280007116000,10,6,4,551
23280007146000,1,1,0,0
23280007147000,2,1,1,0
23280007149000,7,4,3,294
23280007154000,92,51,41,2548.4
23280007155000,9,5,4,333.9
23280007157000,4,1,3,0
23280007163000,8,3,5,506.4
23280007186000,3,2,1,0
23280007188000,8,4,4,299.2
23280007189000,7,4,3,247.1
23280007191000,25,15,10,862.5
23280007192000,4,3,1,0
23280007193000,5,4,1,131
23280007194000,14,7,7,526.4
23280007195000,9,5,4,180
23280007196000,8,4,4,506.4
23290006649000,3,2,1,0
23290006650000,3,1,2,0
23290006651000,4,3,1,0
23290006652000,4,2,2,0
23290006653000,1,1,0,0
23290006677000,5,3,2,316
23290006678000,21,12,9,1041.6
23290006679000,25,14,11,1320
23290006680000,14,7,7,565.6
23290006681000,3,2,1,0
23290006693000,4,2,2,0
23290006714000,1,1,0,0
23290006715000,21,11,10,1008
23290006716000,3,2,1,0
23290006717000,3,2,1,0
23290006718000,1,1,0,0
23290006721000,35,14,21,1372
23290006722000,11,6,5,427.9
23290006723000,10,6,4,665
23290006725000,1,1,0,0
23290006726000,4,2,2,0
23290006731000,4,2,2,0
23290006732000,2,1,1,0
23290006733000,11,6,5,456.5
23290006734000,23,12,11,908.5
23290006735000,6,4,2,340.2
23290006736000,13,6,7,505.7
23290006737000,46,23,23,1660.6
23290006738000,38,21,17,1740.4
23290006739000,13,8,5,507
23290006760000,3,2,1,0
23290006761000,40,22,18,1808
23290006762000,18,9,9,817.2
23290006769000,1,1,0,0
23290006791000,4,1,3,0
23290006792000,7,4,3,401.1
23290006793000,7,3,4,420.7
23290006797000,4,3,1,0
23290006798000,1,1,0,0
23290006799000,5,3,2,209
23290006841000,13,7,6,663
23290006842000,2,1,1,0
23290006843000,2,1,1,0
23290006850000,4,2,2,0
23290006860000,1,1,0,0
23290006865000,3,2,1,0
23290006866000,17,9,8,661.3
23290006909000,2,1,1,0
23290006912000,7,3,4,275.1
23290006940000,5,3,2,245
23290006945000,9,6,3,399.6
23290006952000,1,1,0,0
23290006954000,8,5,3,351.2
23290006994000,37,19,18,1376.4
23290006995000,28,12,16,1408.4
23290007070000,36,19,17,1375.2
23290007071000,10,6,4,386
23290007075000,15,8,7,526.5
23290007076000,13,4,9,588.9
23290007077000,4,2,2,0
23290007078000,45,18,27,1809
23290007079000,56,30,26,2010.4
23290007080000,227,115,112,5675
23290007081000,17,10,7,902.7
23290007082000,9,4,5,423.9
23290007089000,2,1,1,0
23290007090000,10,7,3,291
23290007091000,12,8,4,270
23290007092000,3,2,1,0
23290007093000,17,7,10,428.4
23290007094000,5,3,2,245
23290007095000,15,9,6,429
23290007097000,19,7,12,687.8
23290007098000,11,6,5,569.8
23290007100000,55,25,30,1925
23290007101000,16,9,7,758.4
23290007102000,892,448,444,38980.4
23290007103000,1718,804,914,68548.2
23290007104000,298,143,155,10340.6
23290007105000,53,30,23,1881.5
23290007108000,35,18,17,1624
23290007109000,37,18,19,1561.4
23290007110000,22,9,13,510.4
23290007112000,4,2,2,0
23290007113000,11,8,3,375.1
23290007117000,17,8,9,479.4
23290007154000,614,309,305,17806
23290007155000,4,2,2,0
23290007156000,5,4,1,204
23290007157000,20,12,8,978
23290007158000,7,3,4,195.3
23290007162000,11,4,7,526.9
23290007168000,5,2,3,292
23290007169000,3,2,1,0
23290007170000,2,2,0,0
23290007178000,4,1,3,0
23290007179000,2,1,1,0
23290007180000,4,2,2,0
23290007187000,3,2,1,0
23290007188000,7,3,4,252
23290007189000,34,18,16,975.8
23290007190000,17,7,10,792.2
23290007191000,18,6,12,592.2
23290007193000,13,8,5,531.7
23290007194000,3,2,1,0
23290007195000,3,1,2,0
23290007196000,8,4,4,176.8
23290007198000,4,1,3,0
23290007203000,3,2,1,0
23300006646000,2,1,1,0
23300006647000,8,6,2,328.8
23300006650000,9,4,5,351
23300006651000,5,2,3,187
23300006652000,3,1,2,0
23300006653000,7,5,2,440.3
23300006675000,14,6,8,492.8
23300006677000,4,3,1,0
23300006678000,1,0,1,0
23300006679000,16,7,9,704
23300006680000,2,2,0,0
23300006681000,2,1,1,0
23300006693000,1,1,0,0
23300006694000,12,7,5,560.4
23300006713000,4,2,2,0
23300006714000,10,4,6,379
23300006715000,44,25,19,1944.8
23300006716000,39,19,20,1747.2
23300006717000,31,18,13,1199.7
23300006718000,7,3,4,135.8
23300006719000,7,4,3,298.9
23300006720000,8,3,5,496.8
23300006721000,22,12,10,884.4
23300006722000,25,15,10,1145
23300006724000,2,1,1,0
23300006731000,10,2,8,401
23300006732000,12,6,6,349.2
23300006733000,29,15,14,1189
23300006734000,31,17,14,1209
23300006735000,10,4,6,626
23300006736000,41,23,18,1730.2
23300006737000,14,9,5,495.6
23300006738000,11,5,6,465.3
23300006739000,19,9,10,632.7
23300006759000,8,5,3,180.8
23300006760000,23,11,12,1097.1
23300006761000,7,4,3,364
23300006762000,6,4,2,145.8
23300006769000,11,6,5,391.6
23300006770000,4,2,2,0
23300006790000,3,2,1,0
23300006791000,9,4,5,473.4
23300006800000,4,2,2,0
23300006841000,2,1,1,0
23300006859000,5,1,4,257
23300006860000,2,1,1,0
23300006908000,4,2,2,0
23300006909000,16,9,7,785.6
23300006910000,23,10,13,1028.1
23300006911000,6,3,3,232.8
23300006912000,18,8,10,826.2
23300006913000,6,3,3,322.2
23300006940000,4,2,2,0
23300006944000,3,2,1,0
23300006945000,6,4,2,204
23300006952000,7,5,2,373.8
23300006954000,9,5,4,459.9
23300006955000,5,2,3,114
23300006994000,45,20,25,2106
23300006995000,29,14,15,1177.4
23300007039000,22,12,10,1339.8
23300007040000,2,1,1,0
23300007075000,71,38,33,2378.5
23300007076000,9,4,5,333.9
23300007077000,22,15,7,970.2
23300007078000,115,56,59,3921.5
23300007079000,20,9,11,984
23300007080000,527,279,248,17338.3
23300007081000,6,4,2,256.8
23300007082000,3,1,2,0
23300007090000,1,1,0,0
23300007091000,23,10,13,775.1
23300007092000,4,2,2,0
23300007093000,12,8,4,343.2
23300007094000,16,9,7,632
23300007095000,29,17,12,1148.4
23300007096000,10,5,5,404
23300007098000,32,14,18,1494.4
23300007099000,9,3,6,464.4
23300007101000,20,12,8,606
23300007102000,18,9,9,684
23300007103000,314,162,152,12622.8
23300007104000,26,16,10,837.2
23300007105000,11,7,4,368.5
23300007109000,18,9,9,801
23300007110000,12,6,6,542.4
23300007111000,9,6,3,468
23300007113000,14,6,8,802.2
23300007117000,14,5,9,284.2
23300007146000,22,12,10,750.2
23300007147000,93,46,47,3199.2
23300007148000,68,33,35,2454.8
23300007149000,54,30,24,1744.2
23300007150000,16,11,5,705.6
23300007152000,19,11,8,611.8
23300007153000,927,416,511,40695.3
23300007154000,996,512,484,35557.2
23300007155000,13,6,7,647.4
23300007156000,32,17,15,998.4
23300007157000,11,5,6,424.6
23300007158000,10,5,5,277
23300007159000,23,11,12,874
23300007162000,4,2,2,0
23300007165000,5,1,4,186
23300007178000,23,15,8,1046.5
23300007179000,16,7,9,681.6
23300007180000,31,15,16,1187.3
23300007190000,28,17,11,1492.4
23300007191000,8,4,4,168.8
23300007192000,3,1,2,0
23300007196000,5,4,1,196
23300007197000,16,9,7,408
23300007198000,4,2,2,0
23300007199000,11,5,6,370.7
23300007200000,3,2,1,0
23310006644000,13,7,6,410.8
23310006645000,32,21,11,1222.4
23310006646000,20,8,12,920
23310006647000,138,68,70,4885.2
23310006648000,20,8,12,842
23310006649000,22,12,10,745.8
23310006650000,11,6,5,326.7
23310006651000,5,3,2,346
23310006653000,3,1,2,0
23310006672000,2,1,1,0
23310006675000,3,1,2,0
23310006676000,83,45,38,2249.3
23310006677000,28,17,11,1456
23310006678000,47,29,18,1908.2
23310006679000,12,6,6,450
23310006693000,10,5,5,447
23310006694000,43,20,23,1857.6
23310006695000,5,3,2,315
23310006696000,7,5,2,266.7
23310006697000,2,1,1,0
23310006705000,3,1,2,0
23310006709000,6,4,2,225
23310006710000,7,5,2,331.1
23310006711000,10,5,5,527
23310006712000,21,11,10,888.3
23310006713000,17,10,7,459
23310006714000,4,3,1,0
23310006715000,8,3,5,431.2
23310006716000,50,29,21,2120
23310006717000,3,2,1,0
23310006719000,21,12,9,854.7
23310006720000,18,10,8,770.4
23310006721000,18,10,8,1078.2
23310006722000,14,7,7,470.4
23310006723000,4,2,2,0
23310006724000,3,2,1,0
23310006725000,2,1,1,0
23310006727000,16,7,9,664
23310006728000,1,0,1,0
23310006730000,9,5,4,333.9
23310006731000,9,5,4,403.2
23310006732000,13,8,5,439.4
23310006733000,42,23,19,1692.6
23310006734000,32,16,16,1350.4
23310006735000,67,40,27,3048.5
23310006736000,15,7,8,646.5
23310006752000,1,1,0,0
23310006759000,9,4,5,558
23310006760000,8,4,4,335.2
23310006767000,2,1,1,0
23310006772000,5,4,1,163
23310006786000,3,1,2,0
23310006787000,20,12,8,658
23310006788000,1,1,0,0
23310006794000,6,3,3,238.8
23310006795000,1,0,1,0
23310006800000,1,1,0,0
23310006802000,1,0,1,0
23310006840000,3,1,2,0
23310006868000,2,0,2,0
23310006905000,12,7,5,555.6
23310006908000,1,1,0,0
23310006909000,4,2,2,0
23310006910000,3,2,1,0
23310006911000,7,2,5,310.1
23310006993000,9,4,5,494.1
23310006994000,92,49,43,4213.6
23310006995000,135,70,65,5872.5
23310007039000,43,25,18,1685.6
23310007074000,33,18,15,1164.9
23310007075000,29,15,14,1180.3
23310007076000,38,17,21,1349
23310007077000,22,9,13,809.6
23310007078000,28,12,16,977.2
23310007079000,80,38,42,3424
23310007080000,121,65,56,4307.6
23310007082000,15,8,7,547.5
23310007083000,1,1,0,0
23310007090000,8,6,2,323.2
23310007091000,8,5,3,378.4
23310007092000,59,33,26,2124
23310007093000,8,5,3,278.4
23310007094000,6,4,2,340.2
23310007095000,2,1,1,0
23310007097000,14,8,6,372.4
23310007098000,3,2,1,0
23310007102000,6,3,3,363
23310007103000,84,49,35,2814
23310007104000,366,182,184,12883.2
23310007105000,375,203,172,13687.5
23310007106000,49,24,25,1470
23310007112000,23,13,10,770.5
23310007113000,71,37,34,2428.2
23310007114000,31,14,17,1004.4
23310007118000,10,5,5,411
23310007144000,23,11,12,807.3
23310007145000,14,10,4,618.8
23310007147000,2,1,1,0
23310007148000,34,18,16,1411
23310007149000,27,15,12,1406.7
23310007150000,144,76,68,6019.2
23310007151000,118,63,55,5074
23310007153000,965,425,540,46706
23310007154000,883,421,462,32582.7
23310007156000,21,13,8,871.5
23310007158000,15,6,9,502.5
23310007159000,36,20,16,1170
23310007179000,1,1,0,0
23310007189000,3,1,2,0
23310007190000,1,0,1,0
23310007191000,40,19,21,1868
23310007192000,28,12,16,1148
23310007193000,5,1,4,129
23310007196000,10,7,3,206
23310007197000,4,4,0,0
23310007199000,2,1,1,0
23310007204000,11,8,3,167.2
23310007205000,11,7,4,463.1
23310007206000,4,1,3,0
23310007207000,2,1,1,0
23320006646000,5,2,3,180
23320006647000,33,17,16,1481.7
23320006648000,51,25,26,2116.5
23320006649000,22,7,15,675.4
23320006650000,10,5,5,405
23320006651000,2,1,1,0
23320006652000,7,3,4,329
23320006653000,2,1,1,0
23320006665000,3,3,0,0
23320006669000,2,1,1,0
23320006675000,487,217,270,17970.3
23320006676000,638,299,339,23350.8
23320006677000,791,376,415,36386
23320006678000,861,398,463,32804.1
23320006682000,6,3,3,331.2
23320006688000,5,3,2,125
23320006693000,47,25,22,2162
23320006694000,33,20,13,1643.4
23320006695000,9,5,4,412.2
23320006705000,6,2,4,391.2
23320006706000,17,9,8,676.6
23320006707000,9,4,5,281.7
23320006708000,15,7,8,787.5
23320006709000,37,21,16,1491.1
23320006710000,10,6,4,406
23320006711000,12,7,5,506.4
23320006712000,1,1,0,0
23320006713000,1,0,1,0
23320006714000,1,1,0,0
23320006715000,1,1,0,0
23320006716000,7,4,3,378
23320006717000,3,2,1,0
23320006719000,12,9,3,243.6
23320006720000,20,12,8,1040
23320006721000,7,3,4,338.1
23320006722000,5,3,2,71
23320006723000,9,4,5,316.8
23320006724000,15,6,9,747
23320006725000,10,6,4,702
23320006726000,1,1,0,0
23320006727000,6,4,2,277.8
23320006728000,1,1,0,0
23320006729000,14,7,7,645.4
23320006730000,6,4,2,313.2
23320006731000,19,14,5,929.1
23320006732000,22,14,8,743.6
23320006733000,27,15,12,801.9
23320006734000,54,27,27,2338.2
23320006735000,9,6,3,383.4
23320006757000,4,2,2,0
23320006758000,4,3,1,0
23320006759000,4,2,2,0
23320006771000,1,1,0,0
23320006772000,1,1,0,0
23320006784000,7,2,5,282.8
23320006785000,2,2,0,0
23320006788000,18,10,8,777.6
23320006791000,4,2,2,0
23320006792000,11,7,4,553.3
23320006793000,4,2,2,0
23320006804000,6,2,4,411
23320006839000,1,0,1,0
23320006861000,3,2,1,0
23320006895000,7,4,3,263.2
23320006903000,2,1,1,0
23320006904000,1,0,1,0
23320006944000,1,1,0,0
23320006945000,11,6,5,589.6
23320006949000,1,1,0,0
23320006954000,2,1,1,0
23320006955000,2,1,1,0
23320006989000,17,10,7,805.8
23320006990000,7,3,4,294
23320006992000,6,3,3,217.2
23320006993000,45,21,24,1534.5
23320006994000,73,36,37,3168.2
23320006995000,10,6,4,440
23320007039000,22,12,10,1196.8
23320007074000,45,25,20,1840.5
23320007076000,35,21,14,1613.5
23320007077000,93,40,53,3561.9
23320007078000,18,10,8,685.8
23320007079000,42,21,21,1591.8
23320007080000,5,3,2,164
23320007084000,28,16,12,1022
23320007085000,2,1,1,0
23320007088000,13,7,6,460.2
23320007091000,7,3,4,249.9
23320007092000,30,18,12,1371
23320007093000,11,5,6,430.1
23320007095000,27,15,12,920.7
23320007096000,6,3,3,163.2
23320007097000,30,13,17,909
23320007101000,18,10,8,604.8
23320007102000,3,1,2,0
23320007103000,12,8,4,387.6
23320007104000,13,8,5,374.4
23320007106000,28,14,14,1260
23320007107000,1,1,0,0
23320007112000,4,2,2,0
23320007113000,46,23,23,1881.4
23320007114000,12,7,5,270
23320007118000,4,1,3,0
23320007139000,9,4,5,361.8
23320007140000,43,24,19,1711.4
23320007141000,41,21,20,1586.7
23320007144000,2,1,1,0
23320007145000,3,1,2,0
23320007148000,23,9,14,844.1
23320007150000,318,165,153,10907.4
23320007151000,250,126,124,8850
23320007152000,15,9,6,642
23320007153000,648,302,346,26827.2
23320007154000,1195,561,634,45649
23320007155000,22,10,12,798.6
23320007158000,34,17,17,948.6
23320007159000,55,30,25,1716
23320007160000,12,6,6,391.2
23320007161000,7,2,5,179.2
23320007191000,29,15,14,988.9
23320007192000,6,4,2,217.8
23320007205000,48,29,19,2462.4
23320007207000,14,7,7,574
23320007208000,2,1,1,0
23330006645000,2,2,0,0
23330006646000,9,4,5,451.8
23330006647000,16,9,7,740.8
23330006648000,4,2,2,0
23330006649000,22,12,10,891
23330006652000,2,1,1,0
23330006662000,9,4,5,404.1
23330006663000,3,2,1,0
23330006669000,6,2,4,276
23330006674000,3,2,1,0
23330006675000,1068,530,538,44428.8
23330006676000,873,413,460,39896.1
23330006677000,1471,680,791,69284.1
23330006678000,1,0,1,0
23330006681000,4,2,2,0
23330006682000,11,6,5,429
23330006684000,8,5,3,442.4
23330006685000,6,4,2,175.8
23330006686000,14,7,7,719.6
23330006687000,7,3,4,238
23330006688000,26,14,12,1151.8
23330006689000,4,2,2,0
23330006690000,18,12,6,621
23330006691000,8,4,4,319.2
23330006692000,17,7,10,613.7
23330006693000,50,23,27,1930
23330006694000,25,14,11,920
23330006697000,2,1,1,0
23330006698000,6,3,3,246
23330006704000,2,0,2,0
23330006705000,22,14,8,1078
23330006706000,24,11,13,1260
23330006707000,8,4,4,443.2
23330006708000,11,5,6,496.1
23330006709000,7,5,2,399
23330006710000,28,17,11,868
23330006713000,31,16,15,1212.1
23330006714000,18,10,8,1009.8
23330006715000,9,4,5,252.9
23330006717000,27,12,15,1061.1
23330006719000,7,4,3,263.2
23330006720000,30,14,16,1215
23330006721000,20,9,11,1192
23330006722000,12,6,6,542.4
23330006723000,4,3,1,0
23330006724000,14,7,7,523.6
23330006725000,4,1,3,0
23330006729000,10,6,4,449
23330006730000,11,6,5,540.1
23330006731000,3,2,1,0
23330006732000,41,28,13,2127.9
23330006733000,17,6,11,732.7
23330006734000,2,1,1,0
23330006757000,4,2,2,0
23330006758000,2,1,1,0
23330006771000,2,1,1,0
23330006772000,2,1,1,0
23330006783000,2,1,1,0
23330006786000,5,1,4,157
23330006787000,3,1,2,0
23330006791000,1,1,0,0
23330006792000,2,1,1,0
23330006794000,2,1,1,0
23330006812000,4,2,2,0
23330006860000,3,2,1,0
23330006861000,4,2,2,0
23330006871000,5,3,2,275
23330006903000,14,6,8,505.4
23330006930000,18,8,10,648
23330006945000,9,6,3,387
23330006946000,5,2,3,158
23330006947000,3,2,1,0
23330006948000,1,1,0,0
23330006954000,34,10,24,1111.8
23330006955000,9,3,6,306.9
23330006956000,13,6,7,631.8
23330006957000,3,1,2,0
23330007038000,6,3,3,312
23330007039000,27,13,14,1185.3
23330007074000,266,143,123,9709
23330007075000,39,20,19,1536.6
23330007076000,16,8,8,641.6
23330007077000,33,18,15,1168.2
23330007078000,33,16,17,1696.2
23330007079000,23,12,11,1232.8
23330007080000,7,3,4,175
23330007081000,3,1,2,0
23330007086000,12,4,8,398.4
23330007087000,4,3,1,0
23330007088000,2,1,1,0
23330007089000,15,10,5,427.5
23330007090000,7,3,4,399
23330007091000,15,7,8,636
23330007092000,33,22,11,1290.3
23330007093000,9,5,4,413.1
23330007094000,12,6,6,582
23330007095000,27,15,12,1163.7
23330007096000,45,22,23,1516.5
23330007097000,30,17,13,1065
23330007100000,13,5,8,471.9
23330007101000,10,6,4,593
23330007102000,7,3,4,156.8
23330007103000,5,4,1,234
23330007105000,6,2,4,211.2
23330007106000,17,11,6,661.3
23330007107000,16,9,7,825.6
23330007112000,22,13,9,756.8
23330007113000,26,12,14,722.8
23330007114000,35,30,5,1298.5
23330007115000,13,7,6,405.6
23330007118000,4,3,1,0
23330007119000,2,1,1,0
23330007138000,26,15,11,806
23330007139000,44,21,23,1509.2
23330007140000,25,14,11,782.5
23330007151000,112,53,59,4771.2
23330007152000,260,143,117,10062
23330007153000,91,42,49,3357.9
23330007154000,1050,542,508,38115
23330007155000,479,225,254,17435.6
23330007159000,35,16,19,1319.5
23330007160000,33,13,20,1062.6
23330007162000,11,6,5,284.9
23330007163000,5,3,2,334
23330007191000,12,5,7,397.2
23330007192000,8,5,3,324.8
23330007193000,7,3,4,259
23330007195000,1,1,0,0
23330007196000,7,4,3,410.9
23330007204000,2,1,1,0
23330007205000,16,5,11,494.4
23330007206000,42,23,19,2007.6
23340006645000,10,5,5,565
23340006650000,24,12,12,1214.4
23340006652000,15,9,6,550.5
23340006653000,6,2,4,255
23340006658000,11,4,7,620.4
23340006662000,4,0,4,0
23340006664000,16,8,8,478.4
23340006666000,11,7,4,429
23340006668000,4,2,2,0
23340006669000,16,8,8,628.8
23340006670000,10,6,4,545
23340006671000,2,1,1,0
23340006672000,6,4,2,199.2
23340006673000,23,13,10,1214.4
23340006674000,377,187,190,14476.8
23340006675000,1102,517,585,49369.6
23340006676000,695,327,368,28564.5
23340006677000,673,317,356,26718.1
23340006678000,57,28,29,1983.6
23340006679000,17,10,7,661.3
23340006682000,17,8,9,754.8
23340006684000,5,3,2,287
23340006685000,17,11,6,494.7
23340006686000,42,21,21,1822.8
23340006687000,7,4,3,436.8
23340006688000,26,11,15,1094.6
23340006689000,31,10,21,1085
23340006690000,49,27,22,2097.2
23340006691000,34,13,21,1424.6
23340006692000,12,6,6,620.4
23340006693000,30,12,18,1272
23340006694000,12,5,7,591.6
23340006695000,6,2,4,255
23340006696000,1,0,1,0
23340006697000,3,2,1,0
23340006698000,34,15,19,1509.6
23340006699000,11,8,3,378.4
23340006700000,7,3,4,200.2
23340006701000,13,7,6,581.1
23340006702000,20,8,12,884
23340006703000,8,4,4,296.8
23340006704000,1,1,0,0
23340006705000,2,1,1,0
23340006706000,6,3,3,364.2
23340006707000,15,5,10,678
23340006708000,16,8,8,972.8
23340006709000,43,24,19,1913.5
23340006712000,6,3,3,283.2
23340006713000,30,15,15,1164
23340006714000,52,25,27,2256.8
23340006715000,25,14,11,1057.5
23340006716000,44,24,20,2178
23340006717000,72,36,36,3592.8
23340006718000,12,6,6,651.6
23340006719000,30,12,18,1425
23340006720000,45,23,22,1759.5
23340006721000,72,39,33,3038.4
23340006722000,51,24,27,2361.3
23340006723000,36,21,15,1602
23340006724000,16,8,8,720
23340006729000,9,5,4,297.9
23340006730000,16,11,5,710.4
23340006732000,34,17,17,1740.8
23340006733000,4,1,3,0
23340006756000,4,3,1,0
23340006757000,2,2,0,0
23340006769000,1,1,0,0
23340006772000,9,4,5,504.9
23340006785000,4,2,2,0
23340006786000,2,1,1,0
23340006791000,2,1,1,0
23340006792000,4,2,2,0
23340006793000,2,1,1,0
23340006808000,8,5,3,258.4
23340006812000,7,3,4,203
23340006860000,4,2,2,0
23340006943000,3,1,2,0
23340006947000,9,5,4,444.6
23340006952000,8,4,4,332.8
23340006954000,18,12,6,532.8
23340006955000,13,8,5,496.6
23340007034000,4,2,2,0
23340007038000,49,26,23,2263.8
23340007039000,34,19,15,1200.2
23340007070000,3,1,2,0
23340007074000,26,12,14,1027
23340007075000,8,5,3,292.8
23340007076000,21,12,9,854.7
23340007077000,15,10,5,480
23340007078000,30,18,12,1272
23340007080000,22,11,11,741.4
23340007081000,44,20,24,1760
23340007082000,17,10,7,671.5
23340007083000,16,9,7,518.4
23340007084000,7,4,3,296.1
23340007085000,11,6,5,595.1
23340007086000,20,11,9,564
23340007087000,6,4,2,292.8
23340007090000,1,1,0,0
23340007091000,5,3,2,267
23340007092000,7,5,2,375.9
23340007093000,20,11,9,728
23340007094000,14,9,5,428.4
23340007095000,8,5,3,314.4
23340007096000,49,23,26,1832.6
23340007097000,14,7,7,592.2
23340007098000,9,3,6,338.4
23340007099000,16,6,10,582.4
23340007100000,5,4,1,131
23340007101000,14,10,4,484.4
23340007103000,4,3,1,0
23340007104000,5,3,2,170
23340007106000,11,4,7,413.6
23340007107000,17,10,7,652.8
23340007108000,4,2,2,0
23340007109000,9,5,4,350.1
23340007111000,9,5,4,372.6
23340007114000,25,14,11,860
23340007115000,33,20,13,1023
23340007151000,17,9,8,663
23340007152000,141,69,72,4906.8
23340007153000,74,38,36,3189.4
23340007154000,95,48,47,2954.5
23340007155000,161,78,83,5377.4
23340007158000,24,14,10,643.2
23340007159000,22,12,10,756.8
23340007160000,46,23,23,1541
23340007161000,8,5,3,356.8
23340007162000,18,8,10,646.2
23340007182000,7,4,3,251.3
23340007183000,16,9,7,673.6
23340007190000,2,1,1,0
23340007191000,11,5,6,410.3
23340007192000,23,10,13,968.3
23340007193000,20,9,11,898
23340007195000,20,13,7,660
23340007196000,18,9,9,725.4
23340007203000,3,2,1,0
23340007204000,3,1,2,0
23340007205000,19,10,9,617.5
23340007206000,4,2,2,0
23340007207000,2,2,0,0
23350006647000,5,1,4,133
23350006648000,2,2,0,0
23350006649000,18,8,10,644.4
23350006650000,41,19,22,1594.9
23350006651000,38,16,22,1941.8
23350006652000,51,26,25,2238.9
23350006653000,10,5,5,480
23350006654000,28,17,11,1321.6
23350006655000,15,8,7,478.5
23350006656000,12,6,6,424.8
23350006657000,26,14,12,951.6
23350006658000,2,1,1,0
23350006659000,1,0,1,0
23350006660000,2,1,1,0
23350006666000,2,1,1,0
23350006667000,5,2,3,221
23350006668000,13,6,7,566.8
23350006669000,9,3,6,362.7
23350006671000,15,7,8,444
23350006673000,335,156,179,12026.5
23350006674000,1081,503,578,42159
23350006675000,921,440,481,34629.6
23350006676000,5,3,2,215
23350006677000,13,9,4,1077.7
23350006678000,4,2,2,0
23350006679000,6,4,2,226.2
23350006680000,24,13,11,1044
23350006681000,13,9,4,555.1
23350006682000,35,19,16,1718.5
23350006683000,7,3,4,300.3
23350006684000,14,6,8,457.8
23350006685000,35,18,17,1344
23350006686000,30,16,14,1623
23350006687000,2,1,1,0
23350006689000,3,1,2,0
23350006690000,208,104,104,7654.4
23350006691000,9,4,5,416.7
23350006692000,13,8,5,464.1
23350006693000,24,13,11,1056
23350006694000,9,6,3,405
23350006695000,36,18,18,1238.4
23350006696000,7,4,3,420.7
23350006697000,12,8,4,438
23350006698000,11,6,5,683.1
23350006699000,16,8,8,713.6
23350006700000,4,2,2,0
23350006701000,34,18,16,1343
23350006702000,26,14,12,1112.8
23350006703000,6,4,2,367.8
23350006704000,11,6,5,634.7
23350006705000,9,6,3,569.7
23350006706000,14,8,6,547.4
23350006707000,114,51,63,4719.6
23350006708000,16,11,5,737.6
23350006709000,19,10,9,988
23350006710000,1,1,0,0
23350006712000,8,4,4,387.2
23350006713000,17,9,8,591.6
23350006714000,60,26,34,2976
23350006715000,9,5,4,393.3
23350006716000,37,19,18,1635.4
23350006717000,12,5,7,537.6
23350006718000,34,17,17,1329.4
23350006719000,9,4,5,411.3
23350006720000,44,24,20,1971.2
23350006721000,30,15,15,1209
23350006722000,2,2,0,0
23350006723000,72,35,37,2880
23350006724000,22,13,9,906.4
23350006730000,6,4,2,315
23350006732000,38,21,17,2082.4
23350006743000,2,1,1,0
23350006753000,2,1,1,0
23350006756000,14,7,7,427
23350006773000,2,1,1,0
23350006780000,9,5,4,294.3
23350006781000,7,4,3,277.9
23350006782000,2,1,1,0
23350006783000,10,5,5,411
23350006784000,7,3,4,373.8
23350006785000,8,5,3,382.4
23350006790000,3,1,2,0
23350006791000,2,1,1,0
23350006792000,1,1,0,0
23350006808000,4,2,2,0
23350006809000,2,0,2,0
23350006812000,3,2,1,0
23350006814000,2,1,1,0
23350006820000,1,1,0,0
23350006821000,4,3,1,0
23350006870000,1,0,1,0
23350006944000,2,1,1,0
23350006948000,10,6,4,330
23350006953000,2,2,0,0
23350006985000,1,0,1,0
23350006986000,1,0,1,0
23350007031000,5,2,3,182
23350007032000,13,6,7,578.5
23350007033000,16,8,8,625.6
23350007034000,5,1,4,126
23350007035000,5,2,3,271
23350007037000,15,7,8,540
23350007038000,138,67,71,5809.8
23350007039000,23,12,11,1317.9
23350007072000,2,1,1,0
23350007074000,20,8,12,554
23350007076000,29,15,14,974.4
23350007077000,64,32,32,2630.4
23350007078000,23,13,10,995.9
23350007079000,23,12,11,901.6
23350007080000,46,24,22,1504.2
23350007081000,45,25,20,1566
23350007082000,27,14,13,982.8
23350007083000,116,65,51,4106.4
23350007084000,60,32,28,2232
23350007085000,2,1,1,0
23350007095000,26,11,15,1146.6
23350007096000,6,3,3,223.8
23350007098000,19,10,9,625.1
23350007099000,8,4,4,350.4
23350007101000,16,10,6,515.2
23350007102000,15,7,8,462
23350007103000,21,10,11,758.1
23350007104000,34,22,12,1186.6
23350007106000,6,4,2,304.8
23350007107000,12,7,5,422.4
23350007109000,4,2,2,0
23350007110000,83,44,39,2963.1
23350007111000,3,2,1,0
23350007115000,31,20,11,1333
23350007119000,4,2,2,0
23350007153000,18,10,8,831.6
23350007154000,25,12,13,1132.5
23350007157000,9,5,4,294.3
23350007161000,29,13,16,1067.2
23350007162000,10,4,6,474
23350007185000,5,3,2,349
23350007191000,7,5,2,335.3
23350007192000,16,7,9,737.6
23350007193000,3,2,1,0
23350007195000,3,1,2,0
23350007196000,24,10,14,854.4
23350007197000,14,9,5,502.6
23350007200000,4,1,3,0
23350007202000,5,2,3,288
23350007203000,5,3,2,323
23350007204000,7,4,3,422.1
23360006646000,2,1,1,0
23360006647000,7,4,3,231.7
23360006648000,6,2,4,205.8
23360006649000,10,5,5,497
23360006650000,14,7,7,593.6
23360006651000,36,20,16,1497.6
23360006652000,109,57,52,4120.2
23360006653000,154,84,70,6006
23360006654000,15,6,9,589.5
23360006655000,11,4,7,473
23360006656000,5,4,1,177
23360006664000,5,3,2,245
23360006666000,8,5,3,424.8
23360006667000,15,10,5,676.5
23360006668000,9,8,1,358.2
23360006669000,10,5,5,389
23360006670000,27,15,12,899.1
23360006671000,72,40,32,2743.2
23360006672000,20,8,12,1026
23360006675000,2,2,0,0
23360006676000,14,9,5,656.6
23360006677000,44,25,19,1667.6
23360006678000,39,20,19,1591.2
23360006679000,6,3,3,247.2
23360006681000,5,3,2,315
23360006682000,412,200,212,15656
23360006683000,151,72,79,7489.6
23360006684000,23,14,9,885.5
23360006685000,8,5,3,375.2
23360006686000,33,19,14,1095.6
23360006687000,5,3,2,215
23360006688000,15,8,7,436.5
23360006690000,6,3,3,190.2
23360006692000,4,2,2,0
23360006693000,12,6,6,693.6
23360006694000,1,1,0,0
23360006696000,9,6,3,485.1
23360006697000,10,5,5,365
23360006698000,10,5,5,416
23360006699000,3,1,2,0
23360006700000,39,21,18,1602.9
23360006701000,54,28,26,2467.8
23360006702000,5,2,3,258
23360006703000,11,7,4,458.7
23360006704000,17,10,7,795.6
23360006705000,22,9,13,895.4
23360006706000,36,17,19,1202.4
23360006707000,8,5,3,419.2
23360006708000,8,4,4,567.2
23360006709000,17,8,9,872.1
23360006713000,26,12,14,1115.4
23360006714000,33,17,16,1267.2
23360006715000,13,8,5,644.8
23360006716000,95,47,48,3752.5
23360006717000,79,23,56,5150.8
23360006718000,18,10,8,732.6
23360006720000,12,5,7,603.6
23360006721000,49,26,23,1675.8
23360006722000,456,228,228,20520
23360006723000,585,254,331,33813
23360006724000,338,170,168,13553.8
23360006725000,30,17,13,1290
23360006728000,7,3,4,426.3
23360006729000,21,11,10,892.5
23360006731000,12,7,5,429.6
23360006732000,39,22,17,1536.6
23360006733000,2,2,0,0
23360006753000,11,5,6,785.4
23360006755000,6,3,3,496.8
23360006756000,1,1,0,0
23360006775000,2,1,1,0
23360006778000,3,1,2,0
23360006779000,2,1,1,0
23360006780000,18,7,11,840.6
23360006781000,5,4,1,192
23360006782000,7,2,5,319.2
23360006783000,2,1,1,0
23360006804000,5,4,1,122
23360006806000,8,4,4,322.4
23360006807000,6,2,4,213
23360006808000,4,2,2,0
23360006811000,2,1,1,0
23360006812000,1,0,1,0
23360006819000,2,2,0,0
23360006820000,20,8,12,984
23360006821000,3,2,1,0
23360006870000,2,2,0,0
23360006942000,4,3,1,0
23360006943000,7,3,4,343.7
23360006944000,1,1,0,0
23360006951000,6,3,3,384
23360006953000,16,10,6,660.8
23360006958000,2,2,0,0
23360006984000,2,2,0,0
23360007032000,10,5,5,458
23360007033000,10,6,4,488
23360007034000,126,58,68,5166
23360007035000,55,25,30,2376
23360007036000,43,23,20,1505
23360007037000,97,43,54,4403.8
23360007038000,8,2,6,404
23360007072000,4,3,1,0
23360007073000,5,2,3,306
23360007074000,23,12,11,805
23360007075000,18,6,12,712.8
23360007076000,46,26,20,1729.6
23360007077000,25,15,10,790
23360007078000,39,20,19,1443
23360007079000,33,17,16,1112.1
23360007080000,28,15,13,1111.6
23360007081000,22,13,9,897.6
23360007082000,8,4,4,206.4
23360007083000,16,10,6,681.6
23360007084000,6,4,2,363
23360007097000,14,8,6,551.6
23360007098000,5,2,3,79
23360007099000,17,10,7,499.8
23360007100000,10,6,4,486
23360007101000,15,7,8,769.5
23360007103000,4,2,2,0
23360007104000,116,59,57,4152.8
23360007105000,21,12,9,720.3
23360007106000,10,6,4,359
23360007107000,6,4,2,232.2
23360007108000,9,6,3,333.9
23360007109000,1,1,0,0
23360007110000,159,86,73,6201
23360007111000,4,2,2,0
23360007112000,16,10,6,524.8
23360007115000,28,18,10,826
23360007116000,11,6,5,489.5
23360007133000,1,1,0,0
23360007153000,15,8,7,484.5
23360007154000,4,3,1,0
23360007157000,2,1,1,0
23360007162000,4,2,2,0
23360007184000,5,2,3,248
23360007192000,25,13,12,935
23360007193000,2,1,1,0
23360007196000,13,7,6,650
23360007197000,26,10,16,894.4
23360007202000,3,2,1,0
23360007204000,7,4,3,240.1
23370006643000,2,2,0,0
23370006645000,2,1,1,0
23370006646000,7,4,3,315.7
23370006647000,10,5,5,451
23370006648000,2,1,1,0
23370006652000,75,36,39,2497.5
23370006653000,45,24,21,1962
23370006654000,27,13,14,1015.2
23370006655000,59,34,25,2460.3
23370006656000,20,9,11,850
23370006657000,8,3,5,414.4
23370006658000,8,5,3,279.2
23370006659000,15,7,8,534
23370006661000,1,0,1,0
23370006664000,4,2,2,0
23370006665000,9,4,5,392.4
23370006669000,58,27,31,2470.8
23370006670000,36,19,17,1468.8
23370006671000,6,2,4,351
23370006672000,8,4,4,284.8
23370006673000,38,18,20,1508.6
23370006674000,9,6,3,343.8
23370006675000,9,6,3,494.1
23370006676000,10,7,3,457
23370006678000,5,2,3,279
23370006680000,2,1,1,0
23370006682000,31,16,15,948.6
23370006683000,209,114,95,8422.7
23370006684000,35,18,17,1295
23370006685000,16,9,7,713.6
23370006686000,3,2,1,0
23370006688000,9,5,4,266.4
23370006689000,14,7,7,618.8
23370006690000,8,3,5,519.2
23370006693000,35,19,16,1659
23370006694000,41,21,20,1508.8
23370006695000,16,7,9,579.2
23370006696000,5,3,2,208
23370006697000,2,1,1,0
23370006698000,14,7,7,551.6
23370006699000,79,44,35,3373.3
23370006700000,159,78,81,5580.9
23370006701000,4,2,2,0
23370006702000,38,20,18,1706.2
23370006703000,18,10,8,594
23370006704000,28,15,13,1173.2
23370006705000,48,22,26,2016
23370006706000,111,55,56,5050.5
23370006707000,28,13,15,1484
23370006708000,4,1,3,0
23370006709000,25,15,10,1047.5
23370006710000,1,0,1,0
23370006711000,5,3,2,288
23370006712000,5,3,2,280
23370006714000,7,3,4,284.9
23370006716000,7,3,4,275.8
23370006717000,12,9,3,423.6
23370006718000,11,6,5,364.1
23370006719000,78,37,41,3205.8
23370006720000,1,1,0,0
23370006721000,25,12,13,830
23370006722000,23,9,14,1014.3
23370006723000,166,82,84,7204.4
23370006724000,74,32,42,3056.2
23370006725000,59,29,30,2719.9
23370006726000,145,71,74,7061.5
23370006727000,146,68,78,5869.2
23370006728000,77,34,43,3287.9
23370006729000,10,5,5,407
23370006730000,27,14,13,1112.4
23370006731000,25,12,13,1020
23370006733000,2,1,1,0
23370006753000,5,4,1,118
23370006755000,1,1,0,0
23370006756000,2,1,1,0
23370006758000,1,1,0,0
23370006776000,1,0,1,0
23370006778000,48,26,22,2505.6
23370006779000,10,5,5,639
23370006780000,23,12,11,1090.2
23370006781000,11,7,4,592.9
23370006788000,3,3,0,0
23370006804000,4,1,3,0
23370006806000,10,5,5,423
23370006807000,22,8,14,1001
23370006808000,58,28,30,2001
23370006812000,11,6,5,354.2
23370006813000,3,2,1,0
23370006819000,3,2,1,0
23370006820000,5,1,4,84
23370006833000,2,1,1,0
23370006854000,7,4,3,336
23370006855000,5,3,2,278
23370006856000,10,4,6,441
23370006857000,13,7,6,534.3
23370006858000,5,2,3,239
23370006869000,3,1,2,0
23370006903000,8,5,3,388.8
23370006926000,11,6,5,427.9
23370006941000,40,21,19,1632
23370006942000,4,2,2,0
23370006945000,6,4,2,141
23370006948000,4,2,2,0
23370006950000,5,3,2,244
23370006951000,1,1,0,0
23370006953000,1,0,1,0
23370006981000,4,3,1,0
23370007034000,86,45,41,3620.6
23370007035000,273,126,147,13431.6
23370007036000,391,190,201,15053.5
23370007037000,62,30,32,2604
23370007038000,17,10,7,688.5
23370007073000,31,15,16,1112.9
23370007074000,2,2,0,0
23370007075000,31,17,14,1150.1
23370007076000,14,6,8,448
23370007077000,3,3,0,0
23370007083000,8,5,3,363.2
23370007084000,10,5,5,455
23370007100000,28,15,13,1296.4
23370007102000,22,11,11,976.8
23370007103000,11,5,6,457.6
23370007104000,107,57,50,3595.2
23370007105000,14,5,9,519.4
23370007107000,6,4,2,283.8
23370007108000,11,5,6,611.6
23370007109000,31,16,15,1271
23370007110000,5,2,3,241
23370007111000,15,6,9,820.5
23370007112000,8,5,3,356.8
23370007113000,10,4,6,369
23370007115000,14,5,9,634.2
23370007116000,13,7,6,660.4
23370007117000,4,3,1,0
23370007119000,9,4,5,351.9
23370007156000,10,6,4,387
23370007165000,1,1,0,0
23370007166000,4,1,3,0
23370007186000,12,7,5,448.8
23370007193000,46,23,23,1531.8
23370007196000,11,6,5,438.9
23370007197000,13,5,8,369.2
23370007198000,9,4,5,386.1
23370007200000,6,3,3,183
23370007202000,1,1,0,0
23370007204000,10,5,5,386
23370007218000,3,2,1,0
23370007219000,2,1,1,0
23370007221000,2,1,1,0
23380006643000,4,2,2,0
23380006650000,1,1,0,0
23380006651000,15,7,8,430.5
23380006652000,107,56,51,4344.2
23380006653000,25,14,11,1020
23380006654000,40,22,18,1092
23380006655000,24,16,8,1039.2
23380006656000,33,18,15,1188
23380006657000,25,10,15,712.5
23380006658000,3,2,1,0
23380006662000,2,1,1,0
23380006667000,11,8,3,448.8
23380006668000,19,10,9,478.8
23380006669000,99,44,55,3979.8
23380006670000,36,17,19,1551.6
23380006674000,8,5,3,518.4
23380006675000,1,1,0,0
23380006676000,3,1,2,0
23380006678000,7,3,4,471.1
23380006679000,5,3,2,307
23380006680000,20,10,10,846
23380006681000,30,12,18,1092
23380006682000,25,12,13,970
23380006683000,69,38,31,2760
23380006684000,24,10,14,799.2
23380006685000,9,4,5,387
23380006686000,13,8,5,659.1
23380006687000,8,2,6,391.2
23380006688000,21,9,12,800.1
23380006689000,5,3,2,369
23380006690000,6,3,3,363
23380006691000,6,3,3,322.2
23380006692000,22,10,12,871.2
23380006693000,4,3,1,0
23380006698000,35,16,19,1932
23380006699000,8,4,4,442.4
23380006700000,16,9,7,1206.4
23380006702000,35,19,16,1263.5
23380006703000,16,9,7,654.4
23380006704000,398,181,217,16755.8
23380006705000,352,156,196,15734.4
23380006706000,299,139,160,12468.3
23380006707000,54,27,27,2721.6
23380006708000,1,0,1,0
23380006710000,17,7,10,727.6
23380006711000,18,9,9,633.6
23380006712000,30,19,11,1374
23380006713000,27,14,13,1171.8
23380006714000,23,10,13,874
23380006715000,28,13,15,1383.2
23380006716000,6,4,2,172.8
23380006717000,23,14,9,1002.8
23380006718000,73,33,40,3036.8
23380006719000,117,52,65,4715.1
23380006720000,27,13,14,1260.9
23380006721000,37,19,18,1380.1
23380006722000,77,43,34,3518.9
23380006723000,160,84,76,5664
23380006724000,22,14,8,715
23380006725000,70,36,34,2604
23380006726000,81,43,38,3118.5
23380006727000,169,79,90,7148.7
23380006728000,113,56,57,4915.5
23380006729000,38,15,23,1824
23380006730000,5,2,3,240
23380006748000,4,2,2,0
23380006774000,2,1,1,0
23380006778000,1,1,0,0
23380006794000,14,7,7,569.8
23380006807000,11,5,6,555.5
23380006808000,3,1,2,0
23380006811000,5,1,4,140
23380006851000,8,4,4,386.4
23380006852000,14,9,5,701.4
23380006869000,8,3,5,392
23380006924000,1,1,0,0
23380006941000,7,3,4,307.3
23380006945000,2,1,1,0
23380006949000,8,3,5,172
23380006950000,23,11,12,782
23380006953000,3,2,1,0
23380007034000,39,16,23,1813.5
23380007035000,53,30,23,2353.2
23380007036000,208,100,108,8569.6
23380007037000,79,37,42,3373.3
23380007072000,17,7,10,632.4
23380007073000,34,16,18,1343
23380007074000,5,3,2,250
23380007075000,44,22,22,1355.2
23380007076000,39,26,13,1240.2
23380007077000,2,1,1,0
23380007082000,2,1,1,0
23380007083000,13,7,6,582.4
23380007084000,10,6,4,242
23380007100000,1,0,1,0
23380007103000,3,2,1,0
23380007105000,11,5,6,436.7
23380007107000,15,8,7,502.5
23380007108000,4,2,2,0
23380007109000,23,13,10,729.1
23380007110000,26,15,11,873.6
23380007111000,2,1,1,0
23380007112000,10,7,3,510
23380007113000,10,6,4,354
23380007114000,5,4,1,133
23380007115000,5,2,3,247
23380007116000,34,17,17,948.6
23380007117000,10,6,4,352
23380007155000,3,2,1,0
23380007166000,30,15,15,1149
23380007167000,11,6,5,482.9
23380007186000,32,14,18,1459.2
23380007193000,11,7,4,599.5
23380007196000,114,56,58,3556.8
23380007197000,500,257,243,20400
23380007198000,94,36,58,2970.4
23380007200000,2,1,1,0
23380007202000,6,5,1,232.2
23380007203000,2,1,1,0
23380007218000,5,4,1,226
23380007219000,27,16,11,1611.9
23380007221000,6,3,3,228
23390006644000,1,1,0,0
23390006649000,4,2,2,0
23390006650000,54,32,22,2057.4
23390006651000,45,23,22,1755
23390006652000,178,88,90,8027.8
23390006653000,608,237,371,33865.6
23390006654000,48,22,26,1761.6
23390006655000,61,28,33,2354.6
23390006656000,29,17,12,1154.2
23390006657000,122,56,66,4282.2
23390006658000,67,27,40,2445.5
23390006659000,9,2,7,478.8
23390006660000,11,5,6,427.9
23390006661000,24,13,11,782.4
23390006662000,24,14,10,957.6
23390006663000,11,9,2,467.5
23390006664000,3,2,1,0
23390006665000,3,1,2,0
23390006666000,21,13,8,718.2
23390006667000,88,49,39,3933.6
23390006668000,44,24,20,2446.4
23390006669000,16,7,9,630.4
23390006674000,17,11,6,532.1
23390006675000,23,14,9,851
23390006676000,11,4,7,602.8
23390006677000,10,7,3,599
23390006678000,18,9,9,892.8
23390006679000,14,6,8,463.4
23390006680000,9,6,3,447.3
23390006681000,13,8,5,734.5
23390006682000,46,25,21,1955
23390006683000,7,3,4,457.8
23390006685000,35,22,13,1449
23390006686000,13,8,5,561.6
23390006687000,1,0,1,0
23390006689000,11,5,6,420.2
23390006690000,4,2,2,0
23390006698000,24,13,11,1142.4
23390006699000,25,15,10,1125
23390006700000,32,17,15,1433.6
23390006701000,31,13,18,1342.3
23390006702000,18,11,7,752.4
23390006704000,127,38,89,9639.3
23390006705000,32,13,19,1459.2
23390006706000,8,3,5,284
23390006707000,24,12,12,1346.4
23390006708000,40,22,18,1632
23390006709000,117,54,63,5639.4
23390006710000,186,87,99,7607.4
23390006711000,79,39,40,3531.3
23390006712000,8,4,4,480.8
23390006713000,17,9,8,907.8
23390006714000,18,10,8,651.6
23390006715000,49,25,24,2062.9
23390006716000,80,38,42,3712
23390006717000,54,24,30,2208.6
23390006718000,24,11,13,1012.8
23390006719000,27,20,7,1147.5
23390006720000,28,16,12,1114.4
23390006721000,12,5,7,500.4
23390006722000,5,2,3,274
23390006723000,5,3,2,228
23390006724000,3,2,1,0
23390006725000,35,15,20,1431.5
23390006726000,40,17,23,1656
23390006727000,11,4,7,629.2
23390006728000,133,55,78,6756.4
23390006729000,7,4,3,214.2
23390006748000,2,1,1,0
23390006751000,9,5,4,404.1
23390006752000,3,1,2,0
23390006793000,5,2,3,268
23390006794000,3,2,1,0
23390006795000,9,5,4,324
23390006802000,1,1,0,0
23390006803000,2,2,0,0
23390006808000,1,0,1,0
23390006809000,7,4,3,307.3
23390006847000,4,1,3,0
23390006849000,4,2,2,0
23390006850000,78,35,43,3447.6
23390006851000,70,35,35,2772
23390006859000,6,3,3,391.8
23390006860000,7,3,4,287.7
23390006874000,26,16,10,1019.2
23390006875000,3,1,2,0
23390006950000,110,58,52,5027
23390006951000,11,9,2,561
23390006952000,11,5,6,643.5
23390006953000,3,2,1,0
23390006982000,5,2,3,289
23390007019000,1,1,0,0
23390007020000,7,4,3,312.9
23390007021000,4,2,2,0
23390007032000,17,8,9,867
23390007033000,78,41,37,3556.8
23390007034000,36,20,16,1573.2
23390007037000,4,2,2,0
23390007038000,3,1,2,0
23390007070000,10,5,5,412
23390007071000,29,13,16,1328.2
23390007072000,48,25,23,1699.2
23390007074000,3,1,2,0
23390007075000,34,15,19,1451.8
23390007076000,148,74,74,6748.8
23390007077000,6,4,2,115.8
23390007103000,9,5,4,372.6
23390007105000,18,11,7,779.4
23390007108000,3,1,2,0
23390007109000,10,6,4,218
23390007110000,66,39,27,2428.8
23390007111000,150,75,75,7170
23390007113000,4,2,2,0
23390007116000,41,21,20,1582.6
23390007117000,27,14,13,1077.3
23390007118000,6,3,3,256.8
23390007119000,5,2,3,172
23390007120000,1,1,0,0
23390007152000,15,6,9,586.5
23390007154000,22,13,9,1012
23390007155000,45,25,20,1602
23390007156000,6,4,2,265.2
23390007166000,6,3,3,355.8
23390007184000,1,1,0,0
23390007186000,8,6,2,332.8
23390007191000,7,5,2,289.8
23390007192000,8,4,4,304.8
23390007193000,26,12,14,1014
23390007196000,59,29,30,1811.3
23390007197000,717,315,402,32265
23390007198000,93,51,42,3366.6
23390007203000,13,5,8,291.2
23390007204000,2,1,1,0
23390007218000,2,1,1,0
23390007221000,11,6,5,388.3
23390007222000,3,1,2,0
23390007223000,12,6,6,440.4
23400006647000,9,3,6,332.1
23400006648000,23,14,9,936.1
23400006649000,5,1,4,278
23400006650000,43,27,16,1737.2
23400006651000,32,16,16,1056
23400006652000,482,226,256,20485
23400006653000,75,42,33,3120
23400006654000,10,5,5,325
23400006655000,13,5,8,404.3
23400006656000,33,19,14,1125.3
23400006657000,16,9,7,715.2
23400006658000,30,16,14,1398
23400006659000,42,20,22,1541.4
23400006660000,5,2,3,357
23400006661000,8,6,2,252
23400006663000,6,3,3,223.8
23400006664000,5,2,3,173
23400006665000,2,1,1,0
23400006666000,22,10,12,671
23400006667000,7,6,1,272.3
23400006679000,4,2,2,0
23400006681000,4,2,2,0
23400006682000,1,0,1,0
23400006683000,8,7,1,232
23400006684000,80,38,42,3720
23400006685000,82,39,43,3690
23400006686000,120,56,64,5016
23400006687000,45,21,24,1525.5
23400006699000,3,2,1,0
23400006701000,12,8,4,571.2
23400006702000,18,9,9,788.4
23400006703000,109,58,51,4403.6
23400006704000,69,35,34,2835.9
23400006705000,202,110,92,8362.8
23400006706000,3,2,1,0
23400006708000,2,2,0,0
23400006709000,12,5,7,597.6
23400006710000,67,35,32,2592.9
23400006711000,13,6,7,886.6
23400006712000,10,4,6,386
23400006713000,17,9,8,484.5
23400006714000,19,9,10,771.4
23400006715000,17,7,10,608.6
23400006716000,33,18,15,1676.4
23400006717000,4,3,1,0
23400006719000,8,6,2,288
23400006720000,48,24,24,2107.2
23400006721000,74,35,39,3226.4
23400006726000,8,1,7,343.2
23400006727000,28,13,15,1075.2
23400006728000,162,88,74,6868.8
23400006729000,50,25,25,2350
23400006746000,1,1,0,0
23400006748000,15,7,8,871.5
23400006749000,1,1,0,0
23400006750000,4,3,1,0
23400006751000,5,4,1,260
23400006778000,3,1,2,0
23400006783000,2,1,1,0
23400006792000,8,4,4,468
23400006793000,9,5,4,547.2
23400006794000,45,24,21,1602
23400006809000,2,0,2,0
23400006819000,1,1,0,0
23400006843000,2,1,1,0
23400006844000,10,5,5,440
23400006845000,1,1,0,0
23400006847000,3,1,2,0
23400006848000,13,5,8,535.6
23400006849000,16,9,7,777.6
23400006851000,1,1,0,0
23400006854000,1,0,1,0
23400006874000,3,1,2,0
23400006875000,1,0,1,0
23400006895000,11,5,6,709.5
23400006896000,29,13,16,1247
23400006912000,2,1,1,0
23400006949000,18,10,8,784.8
23400006950000,41,24,17,1681
23400006951000,2,1,1,0
23400006952000,4,2,2,0
23400006955000,4,3,1,0
23400006977000,8,5,3,292
23400007022000,2,1,1,0
23400007030000,2,1,1,0
23400007032000,13,6,7,439.4
23400007033000,46,28,18,2033.2
23400007034000,5,3,2,255
23400007070000,9,5,4,324.9
23400007071000,66,38,28,2277
23400007072000,58,31,27,2401.2
23400007074000,11,5,6,339.9
23400007075000,18,7,11,680.4
23400007076000,40,25,15,1540
23400007077000,17,8,9,656.2
23400007101000,2,1,1,0
23400007102000,22,13,9,829.4
23400007106000,10,5,5,500
23400007108000,16,6,10,571.2
23400007109000,14,10,4,761.6
23400007110000,24,14,10,765.6
23400007111000,6,2,4,100.8
23400007112000,58,26,32,2180.8
23400007113000,19,8,11,644.1
23400007114000,42,20,22,1310.4
23400007116000,25,14,11,1072.5
23400007120000,3,2,1,0
23400007152000,3,2,1,0
23400007153000,1,1,0,0
23400007155000,15,9,6,676.5
23400007165000,1,1,0,0
23400007166000,5,2,3,98
23400007187000,3,2,1,0
23400007192000,9,7,2,370.8
23400007196000,4,2,2,0
23400007197000,10,6,4,475
23400007199000,8,5,3,312
23400007205000,26,15,11,824.2
23400007210000,5,2,3,291
23400007211000,13,8,5,486.2
23400007217000,7,4,3,336.7
23400007218000,28,13,15,1604.4
23400007219000,8,5,3,428
23400007223000,1,1,0,0
23410006643000,5,3,2,114
23410006645000,7,5,2,450.1
23410006647000,34,19,15,1523.2
23410006648000,37,20,17,1620.6
23410006649000,3,2,1,0
23410006650000,25,11,14,1107.5
23410006651000,29,13,16,1574.7
23410006652000,33,17,16,1475.1
23410006653000,24,14,10,1156.8
23410006660000,22,12,10,787.6
23410006661000,17,8,9,578
23410006662000,11,5,6,443.3
23410006663000,5,2,3,200
23410006664000,12,7,5,550.8
23410006665000,5,3,2,363
23410006666000,20,13,7,832
23410006668000,2,1,1,0
23410006673000,12,9,3,464.4
23410006676000,4,2,2,0
23410006680000,4,2,2,0
23410006683000,25,14,11,882.5
23410006684000,32,19,13,1561.6
23410006685000,45,22,23,1944
23410006686000,22,11,11,752.4
23410006702000,26,13,13,1232.4
23410006703000,26,15,11,1297.4
23410006704000,7,4,3,361.2
23410006710000,32,16,16,1750.4
23410006711000,8,3,5,515.2
23410006712000,7,4,3,329
23410006714000,3,2,1,0
23410006716000,10,8,2,469
23410006721000,16,10,6,812.8
23410006725000,5,3,2,212
23410006726000,14,7,7,576.8
23410006727000,13,5,8,513.5
23410006728000,10,6,4,494
23410006729000,71,38,33,3521.6
23410006730000,42,19,23,1906.8
23410006731000,30,15,15,1128
23410006732000,24,14,10,1120.8
23410006745000,2,1,1,0
23410006772000,3,1,2,0
23410006779000,17,8,9,877.2
23410006783000,1,1,0,0
23410006789000,1,1,0,0
23410006791000,24,15,9,1099.2
23410006792000,6,2,4,103.8
23410006793000,9,4,5,334.8
23410006794000,42,23,19,1751.4
23410006810000,6,4,2,282
23410006812000,4,2,2,0
23410006813000,1,1,0,0
23410006817000,14,7,7,834.4
23410006840000,3,1,2,0
23410006841000,74,38,36,2723.2
23410006842000,5,4,1,250
23410006860000,7,3,4,293.3
23410006874000,2,1,1,0
23410006896000,15,9,6,531
23410006977000,10,6,4,426
23410006978000,9,4,5,390.6
23410006979000,5,2,3,180
23410006980000,6,4,2,348
23410007022000,13,4,9,546
23410007023000,2,2,0,0
23410007024000,3,2,1,0
23410007025000,5,4,1,230
23410007033000,14,8,6,704.2
23410007034000,26,12,14,985.4
23410007070000,35,23,12,976.5
23410007071000,8,3,5,266.4
23410007072000,3,2,1,0
23410007074000,12,7,5,375.6
23410007075000,7,5,2,207.2
23410007076000,12,8,4,447.6
23410007102000,14,7,7,736.4
23410007103000,6,3,3,211.2
23410007106000,5,4,1,115
23410007107000,23,12,11,1081
23410007108000,6,2,4,250.2
23410007109000,1,1,0,0
23410007110000,13,9,4,378.3
23410007111000,33,19,14,999.9
23410007112000,14,7,7,572.6
23410007113000,42,17,25,1478.4
23410007114000,8,3,5,176
23410007115000,8,5,3,254.4
23410007116000,65,33,32,4023.5
23410007117000,11,6,5,336.6
23410007152000,4,2,2,0
23410007153000,4,2,2,0
23410007154000,2,1,1,0
23410007155000,14,7,7,603.4
23410007156000,4,2,2,0
23410007167000,4,1,3,0
23410007196000,2,2,0,0
23410007197000,1,1,0,0
23410007198000,9,4,5,381.6
23410007199000,2,2,0,0
23410007204000,7,3,4,231.7
23410007205000,3,2,1,0
23410007219000,16,7,9,406.4
23410007224000,1,0,1,0
23420006646000,9,5,4,425.7
23420006647000,27,13,14,923.4
23420006648000,87,40,47,3393
23420006649000,77,37,40,2695
23420006650000,11,5,6,434.5
23420006651000,17,10,7,671.5
23420006652000,28,13,15,1128.4
23420006653000,23,12,11,1002.8
23420006654000,8,4,4,404.8
23420006662000,3,1,2,0
23420006663000,19,9,10,750.5
23420006664000,1,0,1,0
23420006670000,7,4,3,231.7
23420006671000,3,3,0,0
23420006683000,2,2,0,0
23420006685000,19,11,8,630.8
23420006686000,5,2,3,151
23420006710000,41,22,19,1726.1
23420006721000,2,2,0,0
23420006726000,3,2,1,0
23420006727000,14,7,7,679
23420006728000,3,2,1,0
23420006730000,10,6,4,397
23420006778000,1,1,0,0
23420006779000,21,13,8,877.8
23420006780000,25,13,12,1102.5
23420006781000,5,2,3,340
23420006782000,15,5,10,531
23420006783000,3,1,2,0
23420006809000,7,3,4,219.1
23420006811000,5,3,2,336
23420006812000,11,6,5,429
23420006814000,7,4,3,240.8
23420006815000,4,2,2,0
23420006817000,15,9,6,546
23420006832000,4,2,2,0
23420006834000,2,1,1,0
23420006835000,11,5,6,471.9
23420006836000,27,13,14,1104.3
23420006837000,56,30,26,2284.8
23420006838000,11,7,4,453.2
23420006839000,3,1,2,0
23420006859000,1,1,0,0
23420006860000,34,18,16,1526.6
23420006861000,3,1,2,0
23420006866000,40,20,20,1540
23420006911000,2,1,1,0
23420006977000,8,5,3,188
23420006978000,11,6,5,684.2
23420006979000,21,9,12,1104.6
23420006980000,6,2,4,181.8
23420007022000,14,6,8,358.4
23420007024000,9,5,4,286.2
23420007032000,6,3,3,190.8
23420007033000,143,66,77,5762.9
23420007070000,6,4,2,304.8
23420007074000,15,8,7,676.5
23420007075000,6,3,3,192
23420007076000,14,7,7,551.6
23420007077000,33,17,16,1131.9
23420007078000,8,4,4,274.4
23420007079000,15,9,6,555
23420007097000,4,3,1,0
23420007103000,14,6,8,624.4
23420007110000,3,2,1,0
23420007111000,5,3,2,252
23420007112000,14,8,6,460.6
23420007113000,5,3,2,219
23420007114000,29,13,16,913.5
23420007117000,27,15,12,1158.3
23420007118000,6,4,2,310.8
23420007121000,6,3,3,222
23420007152000,2,2,0,0
23420007154000,2,2,0,0
23420007167000,1,0,1,0
23420007192000,1,1,0,0
23420007199000,3,1,2,0
23420007201000,2,1,1,0
23420007205000,2,2,0,0
23420007207000,11,5,6,587.4
23420007208000,3,2,1,0
23420007212000,11,5,6,291.5
23420007213000,2,0,2,0
23420007217000,1,1,0,0
23420007218000,2,1,1,0
23420007224000,1,0,1,0
23430006646000,4,3,1,0
23430006647000,50,23,27,2435
23430006648000,345,168,177,15939
23430006649000,375,177,198,16650
23430006650000,41,23,18,2017.2
23430006651000,4,2,2,0
23430006653000,14,9,5,504
23430006655000,2,1,1,0
23430006664000,1,0,1,0
23430006672000,4,2,2,0
23430006686000,11,6,5,536.8
23430006729000,1,1,0,0
23430006730000,34,17,17,1893.8
23430006776000,13,8,5,643.5
23430006777000,10,5,5,527
23430006778000,2,1,1,0
23430006780000,20,7,13,1060
23430006781000,58,25,33,2517.2
23430006782000,26,14,12,1125.8
23430006793000,2,1,1,0
23430006809000,2,1,1,0
23430006810000,3,1,2,0
23430006811000,21,13,8,921.9
23430006812000,20,12,8,1064
23430006814000,4,2,2,0
23430006815000,5,3,2,160
23430006830000,4,2,2,0
23430006834000,12,7,5,178.8
23430006860000,21,12,9,852.6
23430006861000,28,14,14,935.2
23430006863000,19,11,8,932.9
23430006864000,86,38,48,4317.2
23430006865000,61,33,28,2531.5
23430006866000,15,7,8,687
23430007034000,1,0,1,0
23430007077000,23,15,8,706.1
23430007078000,65,32,33,2600
23430007079000,18,11,7,730.8
23430007113000,6,4,2,232.8
23430007114000,6,5,1,357
23430007115000,3,2,1,0
23430007117000,3,1,2,0
23430007118000,13,5,8,522.6
23430007119000,3,2,1,0
23430007120000,5,2,3,102
23430007121000,2,1,1,0
23430007151000,2,1,1,0
23430007152000,27,15,12,888.3
23430007153000,262,121,141,8724.6
23430007154000,28,16,12,1002.4
23430007166000,2,1,1,0
23430007191000,8,3,5,402.4
23430007197000,1,1,0,0
23430007212000,12,7,5,399.6
23430007218000,1,0,1,0
23430007219000,8,4,4,291.2
23430007220000,32,18,14,1120
23430007221000,7,4,3,261.1
23430007224000,2,1,1,0
23440006646000,31,16,15,1171.8
23440006647000,33,18,15,1273.8
23440006649000,97,48,49,4374.7
23440006650000,28,15,13,1064
23440006651000,37,17,20,1213.6
23440006652000,4,2,2,0
23440006653000,2,1,1,0
23440006654000,14,5,9,572.6
23440006655000,12,8,4,535.2
23440006666000,3,2,1,0
23440006669000,1,0,1,0
23440006673000,1,0,1,0
23440006688000,6,3,3,213
23440006702000,2,0,2,0
23440006718000,1,1,0,0
23440006729000,18,10,8,1054.8
23440006730000,25,14,11,1180
23440006776000,4,2,2,0
23440006780000,2,1,1,0
23440006781000,70,32,38,3297
23440006782000,12,8,4,518.4
23440006811000,13,10,3,356.2
23440006812000,1,1,0,0
23440006813000,16,8,8,624
23440006824000,9,5,4,476.1
23440006825000,2,2,0,0
23440006826000,14,6,8,613.2
23440006827000,23,13,10,742.9
23440006829000,3,1,2,0
23440006864000,43,22,21,1341.6
23440006865000,25,11,14,1037.5
23440006866000,45,23,22,1593
23440006902000,5,3,2,203
23440006948000,4,2,2,0
23440007021000,11,7,4,365.2
23440007022000,3,1,2,0
23440007023000,3,1,2,0
23440007034000,2,1,1,0
23440007069000,2,1,1,0
23440007078000,18,9,9,613.8
23440007079000,30,15,15,1131
23440007100000,1,1,0,0
23440007101000,8,5,3,232.8
23440007103000,5,3,2,272
23440007104000,6,1,5,222
23440007110000,2,2,0,0
23440007113000,1,1,0,0
23440007115000,4,3,1,0
23440007119000,6,3,3,211.2
23440007150000,8,5,3,398.4
23440007151000,9,5,4,403.2
23440007152000,209,106,103,9133.3
23440007153000,215,110,105,7654
23440007191000,1,0,1,0
23440007199000,3,2,1,0
23440007201000,1,1,0,0
23440007202000,3,2,1,0
23440007203000,8,5,3,206.4
23440007207000,2,1,1,0
23440007210000,13,7,6,599.3
23440007212000,7,4,3,270.9
23440007219000,18,9,9,867.6
23440007220000,1,0,1,0
23440007221000,35,14,21,1620.5
23440007222000,1,0,1,0
23440007223000,18,9,9,703.8
23440007224000,8,3,5,340
23450006647000,2,1,1,0
23450006648000,9,4,5,405.9
23450006649000,9,4,5,534.6
23450006650000,21,9,12,846.3
23450006651000,25,14,11,1092.5
23450006652000,14,7,7,432.6
23450006653000,14,9,5,581
23450006654000,35,17,18,1449
23450006655000,2,0,2,0
23450006666000,43,25,18,1565.2
23450006667000,19,10,9,853.1
23450006668000,12,4,8,505.2
23450006669000,3,2,1,0
23450006672000,5,2,3,146
23450006687000,2,1,1,0
23450006688000,5,3,2,286
23450006689000,1,1,0,0
23450006699000,2,1,1,0
23450006700000,5,2,3,238
23450006702000,2,1,1,0
23450006711000,3,1,2,0
23450006718000,15,10,5,487.5
23450006729000,38,18,20,2017.8
23450006779000,8,4,4,236
23450006811000,12,7,5,358.8
23450006812000,2,2,0,0
23450006813000,20,13,7,748
23450006823000,6,2,4,319.2
23450006824000,16,10,6,443.2
23450006864000,18,10,8,943.2
23450007078000,9,6,3,448.2
23450007079000,20,10,10,792
23450007080000,21,12,9,1054.2
23450007099000,4,1,3,0
23450007100000,13,7,6,534.3
23450007101000,17,9,8,698.7
23450007102000,12,5,7,434.4
23450007103000,18,12,6,718.2
23450007104000,6,2,4,187.8
23450007113000,2,1,1,0
23450007119000,6,4,2,232.2
23450007120000,11,6,5,519.2
23450007121000,4,3,1,0
23450007149000,6,4,2,330
23450007150000,4,1,3,0
23450007151000,8,5,3,272
23450007152000,36,21,15,1616.4
23450007153000,7,4,3,268.1
23450007166000,1,1,0,0
23450007191000,2,1,1,0
23450007203000,5,3,2,127
23450007204000,3,0,3,0
23450007207000,2,1,1,0
23450007208000,3,1,2,0
23450007211000,8,5,3,286.4
23450007212000,42,24,18,1764
23450007213000,16,6,10,721.6
23450007221000,10,4,6,547
23450007222000,89,38,51,4102.9
23450007223000,71,40,31,3060.1
23450007224000,21,11,10,669.9
23460006647000,5,4,1,248
23460006649000,4,3,1,0
23460006651000,5,2,3,228
23460006652000,2,1,1,0
23460006653000,5,3,2,205
23460006662000,18,11,7,927
23460006668000,2,1,1,0
23460006669000,12,8,4,705.6
23460006670000,3,2,1,0
23460006671000,6,3,3,208.8
23460006672000,10,7,3,254
23460006679000,2,1,1,0
23460006680000,2,1,1,0
23460006682000,1,1,0,0
23460006686000,3,1,2,0
23460006687000,1,1,0,0
23460006698000,1,1,0,0
23460006699000,10,5,5,513
23460006700000,9,5,4,662.4
23460006729000,58,27,31,2847.8
23460006782000,4,2,2,0
23460006784000,2,1,1,0
23460006785000,28,18,10,1411.2
23460006812000,18,11,7,806.4
23460006815000,8,3,5,334.4
23460006820000,18,7,11,891
23460006821000,22,13,9,1080.2
23460006863000,9,5,4,338.4
23460006882000,3,2,1,0
23460006887000,3,1,2,0
23460006958000,2,1,1,0
23460007051000,3,2,1,0
23460007079000,12,8,4,462
23460007080000,18,7,11,586.8
23460007082000,3,2,1,0
23460007098000,2,1,1,0
23460007099000,13,7,6,386.1
23460007100000,68,34,34,2380
23460007101000,17,10,7,850
23460007102000,17,8,9,557.6
23460007120000,2,1,1,0
23460007149000,8,5,3,330.4
23460007150000,61,29,32,2153.3
23460007151000,1,0,1,0
23460007152000,8,5,3,524
23460007153000,1,1,0,0
23460007154000,34,17,17,1462
23460007155000,24,12,12,967.2
23460007156000,10,7,3,473
23460007157000,12,5,7,531.6
23460007204000,11,6,5,488.4
23460007210000,3,2,1,0
23460007212000,6,2,4,159
23460007222000,19,10,9,862.6
23460007223000,29,13,16,1191.9
23470006655000,6,3,3,180
23470006658000,4,1,3,0
23470006661000,3,2,1,0
23470006669000,8,4,4,454.4
23470006670000,6,3,3,220.8
23470006680000,1,0,1,0
23470006687000,20,10,10,1046
23470006692000,7,3,4,263.9
23470006698000,5,2,3,170
23470006717000,1,0,1,0
23470006727000,4,3,1,0
23470006728000,28,16,12,1282.4
23470006729000,94,48,46,4220.6
23470006731000,5,1,4,154
23470006784000,2,2,0,0
23470006785000,9,4,5,500.4
23470006802000,1,1,0,0
23470006803000,2,1,1,0
23470006809000,7,4,3,307.3
23470006811000,6,3,3,373.8
23470006812000,73,36,37,2635.3
23470006813000,136,64,72,6092.8
23470006814000,1,1,0,0
23470006815000,13,6,7,608.4
23470006816000,2,1,1,0
23470006818000,2,1,1,0
23470006819000,30,13,17,1116
23470006820000,2,1,1,0
23470006886000,6,2,4,205.8
23470006887000,6,3,3,169.2
23470006948000,3,1,2,0
23470006949000,4,1,3,0
23470007079000,7,4,3,294
23470007080000,18,10,8,790.2
23470007081000,20,13,7,614
23470007082000,3,1,2,0
23470007098000,17,9,8,600.1
23470007099000,7,4,3,245
23470007100000,4,4,0,0
23470007101000,6,4,2,291
23470007102000,1,1,0,0
23470007120000,22,11,11,915.2
23470007121000,28,15,13,1002.4
23470007122000,1,1,0,0
23470007149000,19,9,10,739.1
23470007150000,45,22,23,1755
23470007152000,25,14,11,830
23470007153000,17,8,9,584.8
23470007154000,22,10,12,618.2
23470007155000,7,4,3,268.8
23470007190000,7,2,5,217
23470007205000,7,4,3,193.9
23470007206000,9,4,5,324.9
23470007207000,3,1,2,0
23470007210000,17,10,7,819.4
23470007211000,8,5,3,530.4
23470007213000,1,1,0,0
23470007216000,1,1,0,0
23470007222000,6,2,4,184.8
23470007223000,1,1,0,0
23480006658000,7,5,2,331.8
23480006659000,12,7,5,339.6
23480006661000,16,8,8,763.2
23480006667000,2,2,0,0
23480006669000,4,2,2,0
23480006670000,2,1,1,0
23480006672000,2,2,0,0
23480006673000,4,2,2,0
23480006677000,6,5,1,328.8
23480006685000,3,2,1,0
23480006687000,7,3,4,357
23480006688000,24,11,13,799.2
23480006689000,6,3,3,361.8
23480006699000,2,1,1,0
23480006702000,8,5,3,282.4
23480006704000,2,1,1,0
23480006717000,13,7,6,508.3
23480006718000,3,1,2,0
23480006725000,1,1,0,0
23480006726000,17,10,7,657.9
23480006727000,4,3,1,0
23480006728000,12,9,3,754.8
23480006729000,6,2,4,388.8
23480006752000,11,6,5,757.9
23480006803000,2,1,1,0
23480006809000,1,0,1,0
23480006810000,36,16,20,1684.8
23480006811000,13,7,6,579.8
23480006812000,5,3,2,247
23480006813000,13,6,7,399.1
23480006814000,15,6,9,585
23480006886000,1,0,1,0
23480007050000,4,2,2,0
23480007051000,6,2,4,225
23480007079000,6,4,2,171
23480007080000,33,17,16,1247.4
23480007081000,6,4,2,394.2
23480007082000,23,13,10,956.8
23480007097000,4,2,2,0
23480007098000,6,3,3,234
23480007101000,14,8,6,645.4
23480007115000,9,3,6,378
23480007120000,19,9,10,948.1
23480007121000,3,1,2,0
23480007150000,17,8,9,839.8
23480007151000,10,5,5,634
23480007152000,6,4,2,207
23480007153000,24,9,15,1082.4
23480007154000,8,4,4,455.2
23480007155000,6,3,3,177
23480007156000,7,3,4,270.2
23480007202000,14,9,5,519.4
23480007207000,8,4,4,320.8
23480007208000,8,5,3,298.4
23480007214000,2,1,1,0
23490006653000,1,1,0,0
23490006654000,5,2,3,185
23490006655000,18,11,7,759.6
23490006657000,4,1,3,0
23490006661000,12,6,6,458.4
23490006662000,3,1,2,0
23490006663000,1,0,1,0
23490006664000,5,3,2,204
23490006666000,7,3,4,235.2
23490006670000,4,2,2,0
23490006671000,6,5,1,105
23490006674000,2,1,1,0
23490006676000,2,1,1,0
23490006678000,1,1,0,0
23490006687000,65,33,32,2762.5
23490006689000,6,2,4,424.8
23490006690000,11,5,6,566.5
23490006695000,1,1,0,0
23490006702000,7,5,2,417.2
23490006703000,4,2,2,0
23490006712000,1,1,0,0
23490006718000,25,14,11,1097.5
23490006719000,6,3,3,420
23490006722000,7,4,3,289.8
23490006725000,14,7,7,631.4
23490006726000,27,16,11,1101.6
23490006727000,10,5,5,497
23490006752000,4,3,1,0
23490006753000,6,3,3,432
23490006786000,8,5,3,171.2
23490006787000,9,5,4,368.1
23490006791000,6,4,2,265.8
23490006792000,2,1,1,0
23490006805000,14,10,4,614.6
23490006807000,2,2,0,0
23490006809000,2,2,0,0
23490006810000,5,3,2,86
23490006863000,13,5,8,565.5
23490006886000,15,8,7,601.5
23490007030000,9,4,5,519.3
23490007065000,5,3,2,221
23490007079000,16,9,7,761.6
23490007080000,7,5,2,287
23490007081000,3,1,2,0
23490007082000,6,3,3,175.8
23490007097000,6,4,2,100.8
23490007098000,23,12,11,630.2
23490007115000,10,6,4,325
23490007116000,1,1,0,0
23490007121000,42,24,18,1793.4
23490007122000,3,2,1,0
23490007150000,4,1,3,0
23490007151000,2,1,1,0
23490007153000,14,8,6,544.6
23490007154000,37,20,17,1668.7
23490007155000,12,6,6,453.6
23490007189000,38,16,22,2143.2
23490007190000,43,22,21,2532.7
23490007202000,6,3,3,175.2
23490007208000,3,2,1,0
23490007212000,6,5,1,192
23490007220000,2,1,1,0
23500006653000,3,1,2,0
23500006654000,24,13,11,1466.4
23500006663000,8,5,3,256
23500006664000,35,18,17,1939
23500006665000,155,80,75,7548.5
23500006666000,17,7,10,843.2
23500006667000,12,7,5,607.2
23500006668000,10,5,5,613
23500006670000,1,0,1,0
23500006671000,13,7,6,523.9
23500006675000,7,5,2,401.8
23500006676000,5,1,4,209
23500006687000,17,10,7,691.9
23500006689000,3,3,0,0
23500006690000,1,0,1,0
23500006691000,11,5,6,599.5
23500006692000,6,3,3,297
23500006693000,6,3,3,378
23500006719000,2,1,1,0
23500006722000,4,2,2,0
23500006723000,2,0,2,0
23500006724000,8,4,4,500
23500006725000,24,13,11,1149.6
23500006726000,14,6,8,443.8
23500006729000,2,1,1,0
23500006752000,18,10,8,970.2
23500006753000,9,6,3,440.1
23500006774000,6,2,4,172.2
23500006790000,5,3,2,199
23500006791000,17,9,8,963.9
23500006797000,2,1,1,0
23500006798000,1,0,1,0
23500006863000,18,12,6,820.8
23500006864000,2,1,1,0
23500007029000,5,3,2,146
23500007079000,15,6,9,430.5
23500007080000,17,8,9,673.2
23500007116000,6,3,3,289.8
23500007120000,16,10,6,598.4
23500007121000,5,2,3,323
23500007149000,8,3,5,326.4
23500007150000,14,6,8,537.6
23500007151000,13,7,6,309.4
23500007152000,35,17,18,1438.5
23500007153000,52,28,24,1934.4
23500007154000,13,7,6,657.8
23500007155000,8,4,4,294.4
23500007156000,5,2,3,306
23500007189000,52,29,23,2568.8
23500007190000,11,6,5,600.6
23500007202000,3,2,1,0
23500007208000,5,2,3,208
23500007209000,11,7,4,365.2
23500007210000,7,3,4,200.9
23500007214000,2,1,1,0
23500007221000,12,5,7,751.2
23510006650000,4,2,2,0
23510006651000,16,11,5,710.4
23510006652000,21,8,13,1029
23510006653000,17,11,6,768.4
23510006661000,2,1,1,0
23510006662000,7,4,3,286.3
23510006663000,9,5,4,314.1
23510006664000,12,5,7,560.4
23510006665000,79,38,41,3871
23510006666000,31,16,15,1224.5
23510006667000,9,4,5,279.9
23510006668000,4,1,3,0
23510006669000,4,2,2,0
23510006670000,7,3,4,396.2
23510006671000,8,5,3,380.8
23510006672000,18,9,9,729
23510006673000,2,1,1,0
23510006674000,13,7,6,456.3
23510006675000,14,4,10,529.2
23510006687000,11,6,5,521.4
23510006700000,2,1,1,0
23510006701000,5,4,1,149
23510006712000,1,1,0,0
23510006721000,4,2,2,0
23510006722000,5,3,2,273
23510006723000,4,3,1,0
23510006724000,3,2,1,0
23510006725000,11,4,7,536.8
23510006726000,18,10,8,707.4
23510006729000,4,2,2,0
23510006774000,14,7,7,554.4
23510006790000,37,25,12,1653.9
23510006791000,10,5,5,442
23510006797000,2,1,1,0
23510006798000,1,1,0,0
23510006799000,7,3,4,172.9
23510006802000,15,9,6,388.5
23510006803000,34,16,18,1224
23510006804000,20,11,9,950
23510006805000,4,3,1,0
23510006806000,6,4,2,283.8
23510006823000,3,2,1,0
23510006863000,7,4,3,223.3
23510007026000,3,1,2,0
23510007027000,8,5,3,432.8
23510007029000,1,1,0,0
23510007062000,3,1,2,0
23510007063000,14,10,4,789.6
23510007080000,8,4,4,307.2
23510007081000,7,3,4,256.9
23510007117000,3,2,1,0
23510007120000,5,2,3,246
23510007121000,8,5,3,348.8
23510007122000,2,2,0,0
23510007149000,27,15,12,1185.3
23510007150000,28,13,15,1114.4
23510007151000,17,8,9,608.6
23510007152000,51,26,25,2371.5
23510007153000,35,14,21,1547
23510007154000,6,2,4,192
23510007155000,10,3,7,423
23510007156000,8,1,7,212
23510007189000,49,29,20,1342.6
23510007190000,10,6,4,686
23510007191000,3,2,1,0
23510007203000,7,3,4,282.1
23510007214000,5,3,2,231
23510007215000,2,1,1,0
23510007216000,7,4,3,314.3
23510007221000,20,7,13,1174
23510007222000,8,4,4,452
23520006652000,2,1,1,0
23520006654000,2,2,0,0
23520006657000,2,1,1,0
23520006658000,15,9,6,273
23520006659000,1,0,1,0
23520006660000,8,4,4,234.4
23520006661000,4,2,2,0
23520006662000,10,5,5,647
23520006663000,11,6,5,411.4
23520006665000,5,3,2,152
23520006667000,4,3,1,0
23520006670000,4,2,2,0
23520006686000,9,5,4,195.3
23520006687000,16,10,6,572.8
23520006688000,16,8,8,571.2
23520006689000,7,3,4,279.3
23520006693000,8,5,3,362.4
23520006694000,6,4,2,337.2
23520006705000,2,1,1,0
23520006707000,1,1,0,0
23520006719000,5,3,2,230
23520006723000,5,1,4,153
23520006725000,2,1,1,0
23520006726000,13,5,8,431.6
23520006727000,13,6,7,451.1
23520006729000,3,2,1,0
23520006733000,3,2,1,0
23520006749000,3,2,1,0
23520006753000,2,1,1,0
23520006754000,1,1,0,0
23520006774000,17,9,8,875.5
23520006791000,10,4,6,655
23520006792000,5,3,2,254
23520006799000,170,89,81,5950
23520006800000,335,169,166,12797
23520006801000,156,80,76,6271.2
23520006802000,69,37,32,3063.6
23520006803000,10,4,6,363
23520006804000,12,6,6,465.6
23520006805000,91,43,48,2566.2
23520006806000,46,27,19,1895.2
23520006819000,4,2,2,0
23520006820000,2,0,2,0
23520006822000,5,4,1,227
23520006823000,2,1,1,0
23520006885000,5,1,4,294
23520007026000,1,1,0,0
23520007062000,5,3,2,253
23520007063000,17,10,7,605.2
23520007064000,8,4,4,208
23520007081000,10,5,5,405
23520007082000,20,9,11,916
23520007122000,9,5,4,336.6
23520007151000,3,1,2,0
23520007152000,3,2,1,0
23520007153000,17,5,12,669.8
23520007154000,18,10,8,649.8
23520007155000,67,28,39,2036.8
23520007156000,18,6,12,448.2
23520007157000,30,19,11,1104
23520007183000,1,1,0,0
23520007190000,2,1,1,0
23520007191000,4,2,2,0
23520007203000,22,12,10,1111
23520007215000,13,7,6,430.3
23520007217000,1,0,1,0
23520007222000,19,9,10,855
23520007223000,2,1,1,0
23520007224000,2,1,1,0
23520007225000,1,0,1,0
23520007280000,11,5,6,374
23530006653000,4,1,3,0
23530006654000,24,16,8,1190.4
23530006655000,14,8,6,511
23530006656000,3,2,1,0
23530006657000,2,1,1,0
23530006658000,56,28,28,2088.8
23530006659000,25,12,13,1092.5
23530006660000,20,11,9,982
23530006661000,14,8,6,477.4
23530006676000,16,7,9,659.2
23530006682000,1,0,1,0
23530006694000,23,13,10,959.1
23530006695000,10,8,2,325
23530006698000,1,1,0,0
23530006707000,3,2,1,0
23530006719000,7,5,2,298.2
23530006731000,5,3,2,301
23530006733000,7,5,2,160.3
23530006735000,7,3,4,128.1
23530006736000,10,4,6,434
23530006737000,7,4,3,224
23530006749000,2,1,1,0
23530006754000,13,6,7,175.5
23530006792000,1,1,0,0
23530006799000,200,96,104,6560
23530006800000,494,217,277,27713.4
23530006801000,623,306,317,27162.8
23530006802000,85,39,46,3476.5
23530006817000,8,5,3,399.2
23530006818000,8,4,4,360.8
23530006820000,3,2,1,0
23530006822000,5,1,4,163
23530007081000,3,1,2,0
23530007082000,31,14,17,1103.6
23530007083000,4,3,1,0
23530007118000,1,1,0,0
23530007122000,6,2,4,345
23530007149000,1,1,0,0
23530007150000,11,7,4,388.3
23530007154000,23,11,12,860.2
23530007155000,328,150,178,16596.8
23530007156000,157,84,73,5730.5
23530007157000,137,77,60,5589.6
23530007158000,28,14,14,918.4
23530007203000,11,6,5,423.5
23530007204000,4,3,1,0
23530007216000,15,10,5,499.5
23530007217000,8,2,6,275.2
23530007225000,6,2,4,249
23530007287000,6,4,2,321
23540006657000,12,6,6,558
23540006658000,14,6,8,515.2
23540006659000,6,3,3,249
23540006667000,7,3,4,179.9
23540006693000,8,5,3,431.2
23540006694000,15,9,6,745.5
23540006695000,3,1,2,0
23540006697000,3,2,1,0
23540006698000,2,1,1,0
23540006718000,5,3,2,157
23540006719000,10,5,5,323
23540006720000,2,1,1,0
23540006724000,2,1,1,0
23540006731000,3,2,1,0
23540006732000,2,1,1,0
23540006733000,6,4,2,232.2
23540006734000,2,1,1,0
23540006797000,30,15,15,1176
23540006798000,74,35,39,3196.8
23540006799000,234,123,111,8634.6
23540006800000,97,53,44,4074
23540006801000,31,16,15,1252.4
23540006802000,31,20,11,1153.2
23540006803000,3,2,1,0
23540006805000,3,1,2,0
23540006817000,10,4,6,281
23540006824000,10,5,5,354
23540006826000,8,3,5,376.8
23540006885000,1,1,0,0
23540007062000,2,2,0,0
23540007081000,2,1,1,0
23540007082000,1,0,1,0
23540007119000,4,2,2,0
23540007154000,9,5,4,573.3
23540007155000,74,37,37,2745.4
23540007156000,56,33,23,2301.6
23540007157000,2,1,1,0
23540007158000,16,10,6,670.4
23540007159000,17,10,7,504.9
23540007204000,2,1,1,0
23540007205000,9,4,5,492.3
23540007225000,2,1,1,0
23540007280000,29,17,12,1168.7
23540007288000,1,0,1,0
23540007289000,6,3,3,168
23550006660000,1,0,1,0
23550006665000,4,2,2,0
23550006666000,12,5,7,370.8
23550006667000,6,5,1,223.8
23550006674000,7,1,6,233.1
23550006692000,4,4,0,0
23550006693000,5,2,3,145
23550006705000,2,1,1,0
23550006706000,3,1,2,0
23550006707000,5,2,3,94
23550006708000,5,3,2,201
23550006718000,1,1,0,0
23550006723000,6,3,3,405
23550006728000,1,1,0,0
23550006731000,2,1,1,0
23550006732000,30,14,16,1230
23550006733000,1,1,0,0
23550006794000,6,4,2,222
23550006795000,25,16,9,880
23550006796000,58,34,24,2314.2
23550006797000,4,2,2,0
23550006805000,9,5,4,441
23550006806000,19,8,11,780.9
23550006807000,4,2,2,0
23550006808000,2,2,0,0
23550006818000,3,2,1,0
23550006819000,5,4,1,247
23550007123000,1,1,0,0
23550007154000,11,6,5,353.1
23550007156000,52,28,24,1726.4
23550007157000,28,18,10,912.8
23550007158000,16,10,6,489.6
23550007159000,2,1,1,0
23550007206000,11,4,7,420.2
23550007219000,3,2,1,0
23550007279000,3,1,2,0
23550007280000,1,0,1,0
23550007287000,9,6,3,359.1
23550007288000,26,13,13,941.2
23550007289000,2,1,1,0
23550007290000,17,10,7,1132.2
23560006662000,4,2,2,0
23560006666000,19,10,9,834.1
23560006667000,10,6,4,390
23560006668000,3,3,0,0
23560006674000,1,1,0,0
23560006678000,12,7,5,510
23560006699000,2,1,1,0
23560006700000,54,25,29,2511
23560006701000,32,11,21,1472
23560006705000,4,1,3,0
23560006708000,1,0,1,0
23560006710000,1,1,0,0
23560006723000,1,0,1,0
23560006725000,1,1,0,0
23560006731000,12,8,4,609.6
23560006732000,5,3,2,342
23560006733000,3,1,2,0
23560006794000,241,117,124,9784.6
23560006795000,96,45,51,4358.4
23560006806000,4,2,2,0
23560006807000,8,5,3,403.2
23560006819000,5,3,2,171
23560006895000,6,2,4,400.8
23560007123000,10,6,4,479
23560007124000,5,3,2,304
23560007151000,10,4,6,486
23560007152000,3,1,2,0
23560007153000,10,5,5,359
23560007154000,33,20,13,947.1
23560007156000,30,16,14,1590
23560007157000,182,98,84,6078.8
23560007158000,12,5,7,397.2
23560007205000,9,3,6,503.1
23560007206000,17,7,10,938.4
23560007219000,9,4,5,341.1
23560007220000,20,9,11,1030
23560007223000,5,4,1,152
23560007280000,16,9,7,532.8
23560007285000,1,1,0,0
23560007288000,26,12,14,1154.4
23560007289000,14,9,5,687.4
23560007290000,5,2,3,194
23570006657000,4,2,2,0
23570006667000,10,6,4,490
23570006668000,5,4,1,186
23570006676000,4,2,2,0
23570006682000,6,3,3,252
23570006698000,1,1,0,0
23570006699000,8,4,4,291.2
23570006700000,89,45,44,4236.4
23570006701000,25,12,13,1800
23570006710000,2,1,1,0
23570006730000,4,2,2,0
23570006732000,7,4,3,382.9
23570006735000,6,3,3,247.2
23570006791000,2,2,0,0
23570006792000,21,11,10,949.2
23570006793000,30,14,16,1299
23570006794000,20,11,9,826
23570006795000,11,5,6,297
23570006814000,2,0,2,0
23570007080000,4,1,3,0
23570007096000,1,1,0,0
23570007097000,5,3,2,196
23570007101000,2,1,1,0
23570007124000,7,3,4,259
23570007150000,8,5,3,319.2
23570007151000,13,6,7,592.8
23570007152000,18,9,9,669.6
23570007153000,6,3,3,291
23570007154000,18,13,5,783
23570007155000,16,7,9,700.8
23570007156000,30,16,14,1068
23570007157000,36,20,16,1411.2
23570007158000,10,6,4,313
23570007159000,9,4,5,379.8
23570007205000,4,2,2,0
23570007219000,3,2,1,0
23570007220000,7,4,3,335.3
23570007221000,6,3,3,232.8
23570007223000,9,4,5,434.7
23570007278000,1,1,0,0
23570007280000,17,9,8,683.4
23570007281000,22,11,11,910.8
23570007284000,10,4,6,433
23570007285000,23,13,10,816.5
23570007286000,7,1,6,163.8
23580006663000,1,1,0,0
23580006666000,2,1,1,0
23580006667000,5,3,2,202
23580006670000,5,2,3,261
23580006671000,5,2,3,314
23580006674000,1,0,1,0
23580006676000,2,1,1,0
23580006681000,5,3,2,141
23580006682000,2,1,1,0
23580006689000,1,1,0,0
23580006691000,2,1,1,0
23580006695000,1,1,0,0
23580006696000,2,0,2,0
23580006697000,10,4,6,608
23580006698000,3,1,2,0
23580006700000,8,4,4,568.8
23580006701000,2,1,1,0
23580006727000,4,2,2,0
23580006728000,6,2,4,415.8
23580006730000,17,11,6,647.7
23580006731000,7,4,3,405.3
23580006732000,2,1,1,0
23580006790000,1,0,1,0
23580006791000,6,4,2,268.8
23580006792000,3,2,1,0
23580006794000,5,3,2,287
23580007079000,1,1,0,0
23580007095000,4,2,2,0
23580007097000,4,2,2,0
23580007098000,5,3,2,325
23580007119000,7,4,3,266
23580007151000,117,62,55,4457.7
23580007152000,42,24,18,1184.4
23580007158000,8,4,4,304
23580007205000,4,2,2,0
23580007206000,12,7,5,459.6
23580007207000,1,1,0,0
23580007219000,2,1,1,0
23580007220000,8,5,3,450.4
23580007221000,10,4,6,382
23580007223000,24,12,12,950.4
23580007224000,26,14,12,1281.8
23580007235000,2,1,1,0
23580007284000,2,2,0,0
23580007285000,21,9,12,728.7
23580007286000,11,8,3,457.6
23580007288000,15,8,7,502.5
23580007289000,28,11,17,907.2
23580007290000,98,52,46,3969
23580007291000,6,2,4,211.8
23590006665000,4,2,2,0
23590006679000,1,1,0,0
23590006681000,8,5,3,320
23590006682000,17,9,8,797.3
23590006683000,11,7,4,325.6
23590006697000,3,2,1,0
23590006700000,2,1,1,0
23590006701000,1,1,0,0
23590006702000,4,3,1,0
23590006723000,2,1,1,0
23590006724000,2,1,1,0
23590006725000,3,2,1,0
23590006726000,11,7,4,658.9
23590006728000,3,2,1,0
23590006729000,6,4,2,337.8
23590006783000,5,3,2,229
23590006789000,8,4,4,444
23590006790000,12,6,6,499.2
23590006795000,3,2,1,0
23590006813000,1,0,1,0
23590006824000,5,4,1,280
23590006826000,2,1,1,0
23590006830000,3,3,0,0
23590007078000,4,2,2,0
23590007079000,10,4,6,423
23590007119000,6,3,3,190.8
23590007151000,44,26,18,1474
23590007158000,24,11,13,919.2
23590007159000,4,2,2,0
23590007207000,16,8,8,1056
23590007221000,9,4,5,435.6
23590007222000,5,2,3,246
23590007223000,17,6,11,724.2
23590007224000,5,3,2,340
23590007225000,4,2,2,0
23590007226000,3,2,1,0
23590007282000,6,2,4,225
23590007283000,31,18,13,1373.3
23590007284000,1,1,0,0
23590007285000,7,5,2,151.2
23590007287000,43,20,23,1745.8
23590007288000,14,7,7,712.6
23590007289000,7,3,4,471.8
23590007290000,82,40,42,3419.4
23600006663000,1,0,1,0
23600006664000,3,2,1,0
23600006665000,1,0,1,0
23600006681000,4,4,0,0
23600006687000,1,1,0,0
23600006688000,1,1,0,0
23600006692000,2,1,1,0
23600006700000,4,3,1,0
23600006703000,3,2,1,0
23600006723000,5,2,3,273
23600006724000,1,1,0,0
23600006725000,3,2,1,0
23600006729000,1,1,0,0
23600006730000,8,4,4,394.4
23600006782000,1,0,1,0
23600006784000,2,1,1,0
23600006788000,5,2,3,190
23600006789000,2,2,0,0
23600006795000,21,10,11,1136.1
23600006812000,7,4,3,363.3
23600007078000,4,2,2,0
23600007119000,8,4,4,124.8
23600007150000,2,1,1,0
23600007151000,26,11,15,1060.8
23600007152000,5,2,3,264
23600007157000,5,3,2,242
23600007158000,27,13,14,893.7
23600007159000,2,2,0,0
23600007164000,2,1,1,0
23600007208000,5,3,2,169
23600007221000,21,12,9,695.1
23600007226000,4,2,2,0
23600007227000,11,8,3,247.5
23600007228000,6,3,3,226.2
23600007229000,6,4,2,343.2
23600007236000,6,3,3,187.2
23600007237000,10,6,4,601
23600007238000,5,4,1,295
23600007281000,19,10,9,668.8
23600007284000,1,0,1,0
23600007286000,6,5,1,154.8
23600007287000,253,117,136,11536.8
23600007288000,27,15,12,1039.5
23610006680000,1,0,1,0
23610006685000,1,1,0,0
23610006687000,7,3,4,476.7
23610006721000,3,2,1,0
23610006730000,3,1,2,0
23610006787000,2,1,1,0
23610006788000,4,2,2,0
23610006794000,2,1,1,0
23610006795000,5,4,1,162
23610006817000,2,1,1,0
23610007119000,3,2,1,0
23610007120000,2,1,1,0
23610007126000,4,3,1,0
23610007147000,5,3,2,142
23610007151000,2,2,0,0
23610007152000,12,5,7,516
23610007157000,2,1,1,0
23610007161000,11,6,5,401.5
23610007207000,3,2,1,0
23610007208000,18,9,9,786.6
23610007218000,2,1,1,0
23610007235000,16,9,7,633.6
23610007236000,9,2,7,484.2
23610007282000,18,6,12,601.2
23610007284000,13,6,7,431.6
23610007285000,16,10,6,526.4
23610007286000,6,4,2,256.2
23610007287000,5,1,4,233
23610007289000,7,5,2,371.7
23620006678000,5,2,3,88
23620006680000,9,4,5,423.9
23620006683000,1,1,0,0
23620006692000,2,1,1,0
23620006699000,3,1,2,0
23620006703000,5,3,2,245
23620006704000,2,1,1,0
23620006773000,6,3,3,121.8
23620006774000,8,3,5,324.8
23620006775000,2,1,1,0
23620006783000,1,1,0,0
23620006784000,1,0,1,0
23620006786000,1,0,1,0
23620006793000,1,0,1,0
23620006795000,5,2,3,94
23620007061000,7,4,3,217
23620007122000,8,4,4,219.2
23620007126000,3,2,1,0
23620007152000,46,26,20,1807.8
23620007153000,3,1,2,0
23620007159000,13,7,6,444.6
23620007160000,5,3,2,181
23620007162000,10,5,5,451
23620007207000,11,5,6,360.8
23620007208000,13,5,8,462.8
23620007220000,17,11,6,618.8
23620007223000,3,1,2,0
23620007235000,4,3,1,0
23620007284000,15,8,7,718.5
23620007287000,4,3,1,0
23620007288000,9,5,4,482.4
23620007289000,15,10,5,768
23620007290000,1,1,0,0
23620007310000,3,1,2,0
23620007311000,9,5,4,477.9
23630006698000,2,1,1,0
23630006704000,2,0,2,0
23630006722000,3,2,1,0
23630006772000,3,2,1,0
23630006781000,3,2,1,0
23630006788000,3,0,3,0
23630006797000,3,2,1,0
23630007061000,1,1,0,0
23630007121000,7,4,3,301.7
23630007122000,4,3,1,0
23630007127000,4,2,2,0
23630007151000,7,3,4,231.7
23630007152000,42,20,22,1722
23630007153000,11,5,6,550
23630007162000,5,3,2,290
23630007215000,3,3,0,0
23630007216000,2,1,1,0
23630007224000,7,4,3,396.9
23630007237000,2,1,1,0
23630007256000,1,0,1,0
23630007286000,8,3,5,216
23630007288000,10,5,5,599
23630007289000,7,4,3,303.1
23630007290000,11,4,7,355.3
23630007311000,11,5,6,704
23640006697000,5,3,2,272
23640006705000,3,2,1,0
23640006711000,4,2,2,0
23640006716000,1,1,0,0
23640006780000,7,4,3,277.9
23640006781000,1,1,0,0
23640006786000,59,29,30,2714
23640006787000,3,2,1,0
23640006793000,1,1,0,0
23640006794000,8,4,4,328.8
23640006795000,19,9,10,995.6
23640006797000,6,3,3,210
23640006798000,2,1,1,0
23640006799000,2,1,1,0
23640006801000,2,2,0,0
23640007122000,11,5,6,447.7
23640007128000,5,2,3,199
23640007150000,17,7,10,552.5
23640007151000,4,2,2,0
23640007152000,14,9,5,568.4
23640007153000,13,6,7,559
23640007161000,19,9,10,761.9
23640007162000,10,6,4,611
23640007226000,1,1,0,0
23640007231000,2,1,1,0
23640007237000,7,3,4,413.7
23640007238000,25,17,8,797.5
23640007239000,5,4,1,266
23640007257000,25,15,10,892.5
23640007258000,27,17,10,1204.2
23640007259000,24,11,13,957.6
23640007286000,4,3,1,0
23640007329000,1,0,1,0
23650006697000,4,2,2,0
23650006705000,5,3,2,371
23650006779000,5,3,2,292
23650006780000,16,12,4,889.6
23650006786000,4,3,1,0
23650006791000,6,3,3,268.2
23650006793000,7,3,4,151.2
23650006794000,4,1,3,0
23650006796000,1,0,1,0
23650006801000,6,2,4,397.2
23650007122000,34,16,18,1309
23650007123000,33,13,20,1237.5
23650007150000,12,9,3,342
23650007151000,26,14,12,1258.4
23650007152000,79,40,39,3483.9
23650007153000,7,4,3,252
23650007161000,16,10,6,662.4
23650007162000,9,4,5,239.4
23650007164000,9,5,4,339.3
23650007216000,3,2,1,0
23650007217000,3,1,2,0
23650007225000,5,2,3,185
23650007227000,2,2,0,0
23650007229000,4,2,2,0
23650007231000,29,17,12,820.7
23650007232000,14,9,5,520.8
23650007237000,12,6,6,492
23650007238000,15,8,7,535.5
23650007239000,9,6,3,405
23650007241000,9,4,5,108
23650007243000,6,4,2,265.8
23650007245000,6,4,2,309
23650007255000,6,2,4,169.2
23650007256000,2,2,0,0
23650007257000,40,20,20,1688
23650007258000,33,16,17,1290.3
23650007259000,5,3,2,176
23650007264000,1,1,0,0
23650007265000,1,1,0,0
23660006696000,7,4,3,310.1
23660006704000,12,6,6,532.8
23660006708000,5,3,2,143
23660006716000,2,1,1,0
23660006779000,5,3,2,91
23660006783000,4,2,2,0
23660006784000,17,8,9,528.7
23660006785000,23,13,10,892.4
23660006787000,1,0,1,0
23660006791000,7,4,3,263.9
23660006792000,9,6,3,426.6
23660006793000,23,13,10,1170.7
23660006794000,4,2,2,0
23660006821000,1,1,0,0
23660006827000,4,2,2,0
23660007121000,5,2,3,177
23660007122000,83,44,39,3826.3
23660007123000,15,8,7,697.5
23660007124000,12,7,5,375.6
23660007128000,4,2,2,0
23660007150000,13,7,6,669.5
23660007151000,18,7,11,1135.8
23660007152000,152,80,72,5441.6
23660007164000,5,3,2,210
23660007165000,26,15,11,881.4
23660007166000,4,3,1,0
23660007205000,1,1,0,0
23660007206000,11,6,5,613.8
23660007207000,118,62,56,4696.4
23660007216000,8,3,5,560
23660007217000,3,2,1,0
23660007225000,1,0,1,0
23660007232000,16,9,7,641.6
23660007233000,3,1,2,0
23660007240000,8,2,6,284.8
23660007241000,26,12,14,891.8
23660007242000,38,19,19,1489.6
23660007243000,35,16,19,1368.5
23660007244000,1,1,0,0
23660007245000,21,14,7,947.1
23660007246000,23,7,16,1094.8
23660007247000,4,2,2,0
23660007248000,5,4,1,309
23660007257000,6,2,4,238.2
23660007258000,19,9,10,718.2
23660007259000,34,17,17,850
23660007260000,2,1,1,0
23660007266000,6,3,3,235.2
23660007267000,2,1,1,0
23660007286000,10,5,5,527
23660007331000,1,1,0,0
23660007480000,1,0,1,0
23670006776000,5,3,2,245
23670006777000,14,6,8,677.6
23670006781000,1,0,1,0
23670006782000,8,5,3,488
23670006783000,13,8,5,679.9
23670006786000,2,1,1,0
23670006793000,184,93,91,8464
23670006794000,16,11,5,606.4
23670006821000,13,6,7,837.2
23670006822000,6,4,2,327
23670006823000,11,5,6,639.1
23670006824000,3,1,2,0
23670006825000,5,3,2,146
23670006826000,4,2,2,0
23670006827000,12,6,6,441.6
23670007078000,4,2,2,0
23670007119000,2,1,1,0
23670007121000,45,26,19,1593
23670007122000,34,20,14,1390.6
23670007124000,12,6,6,565.2
23670007129000,12,5,7,481.2
23670007150000,5,1,4,201
23670007151000,6,3,3,337.8
23670007152000,6,4,2,171
23670007166000,3,2,1,0
23670007167000,22,11,11,1163.8
23670007203000,4,2,2,0
23670007205000,1,1,0,0
23670007206000,14,10,4,469
23670007207000,13,7,6,616.2
23670007209000,2,1,1,0
23670007211000,2,1,1,0
23670007213000,2,1,1,0
23670007225000,6,2,4,283.8
23670007226000,4,2,2,0
23670007231000,1,0,1,0
23670007232000,14,7,7,694.4
23670007237000,9,3,6,234
23670007238000,8,4,4,292.8
23670007239000,3,1,2,0
23670007241000,8,4,4,279.2
23670007242000,18,9,9,795.6
23670007243000,21,10,11,806.4
23670007244000,45,20,25,1903.5
23670007245000,139,65,74,5407.1
23670007246000,72,33,39,2577.6
23670007252000,1,1,0,0
23670007258000,8,4,4,360.8
23670007261000,27,13,14,828.9
23670007262000,25,13,12,1030
23670007263000,222,122,100,7992
23670007287000,34,17,17,1700
23670007288000,12,4,8,512.4
23680006710000,25,12,13,1090
23680006775000,7,3,4,366.8
23680006776000,2,2,0,0
23680006781000,3,2,1,0
23680006782000,6,2,4,337.8
23680006783000,6,3,3,223.8
23680006784000,1,1,0,0
23680006785000,13,6,7,596.7
23680006793000,16,10,6,518.4
23680006794000,3,2,1,0
23680006802000,1,1,0,0
23680006803000,5,3,2,218
23680006818000,5,3,2,292
23680007076000,1,0,1,0
23680007119000,7,4,3,179.2
23680007121000,21,9,12,854.7
23680007122000,5,1,4,208
23680007123000,16,9,7,537.6
23680007125000,12,7,5,561.6
23680007129000,10,5,5,427
23680007130000,4,3,1,0
23680007150000,42,21,21,1428
23680007151000,2,1,1,0
23680007152000,2,1,1,0
23680007163000,11,7,4,321.2
23680007166000,6,3,3,247.2
23680007167000,63,29,34,2381.4
23680007168000,16,9,7,475.2
23680007205000,5,4,1,145
23680007206000,10,3,7,375
23680007218000,3,2,1,0
23680007224000,4,2,2,0
23680007225000,27,13,14,1177.2
23680007243000,1,1,0,0
23680007244000,7,3,4,483.7
23680007245000,104,37,67,6084
23680007246000,135,68,67,5278.5
23680007247000,15,8,7,537
23680007248000,5,1,4,138
23680007250000,1,1,0,0
23680007251000,14,7,7,439.6
23680007252000,21,10,11,1073.1
23680007254000,89,45,44,2972.6
23680007262000,13,6,7,681.2
23680007263000,249,122,127,8017.8
23680007264000,32,13,19,1065.6
23680007278000,1,1,0,0
23680007287000,22,13,9,998.8
23680007312000,12,7,5,546
23680007313000,29,17,12,1394.9
23680007379000,1,1,0,0
23690006772000,4,3,1,0
23690006774000,11,4,7,522.5
23690006783000,3,1,2,0
23690006795000,4,2,2,0
23690006801000,2,1,1,0
23690006816000,6,3,3,324
23690006817000,4,2,2,0
23690006818000,12,8,4,330
23690007077000,3,2,1,0
23690007120000,32,18,14,1318.4
23690007121000,1,0,1,0
23690007123000,16,8,8,481.6
23690007124000,5,2,3,250
23690007125000,27,16,11,1136.7
23690007129000,15,8,7,475.5
23690007130000,7,3,4,324.1
23690007149000,5,2,3,328
23690007150000,35,17,18,1501.5
23690007151000,16,9,7,820.8
23690007167000,16,8,8,825.6
23690007168000,49,27,22,1964.9
23690007169000,18,9,9,784.8
23690007204000,6,3,3,309
23690007205000,14,7,7,582.4
23690007206000,4,2,2,0
23690007217000,2,1,1,0
23690007225000,66,28,38,3465
23690007226000,37,18,19,1794.5
23690007234000,1,1,0,0
23690007245000,4,3,1,0
23690007246000,14,7,7,620.2
23690007248000,4,2,2,0
23690007249000,49,24,25,1827.7
23690007250000,10,7,3,379
23690007251000,55,27,28,2205.5
23690007252000,360,181,179,14580
23690007253000,44,24,20,1689.6
23690007254000,15,7,8,588
23690007261000,158,88,70,5735.4
23690007262000,49,26,23,2156
23690007263000,218,112,106,7608.2
23690007264000,99,52,47,3217.5
23690007281000,1,0,1,0
23690007282000,24,13,11,1492.8
23690007312000,1,1,0,0
23690007313000,14,7,7,855.4
23700006770000,4,2,2,0
23700006771000,26,16,10,1053
23700006772000,15,7,8,918
23700006792000,8,3,5,298.4
23700006799000,2,0,2,0
23700006815000,2,1,1,0
23700006816000,4,2,2,0
23700007075000,7,3,4,324.8
23700007120000,19,8,11,742.9
23700007121000,14,6,8,555.8
23700007122000,9,6,3,357.3
23700007125000,16,9,7,689.6
23700007126000,30,15,15,1233
23700007143000,1,0,1,0
23700007151000,241,107,134,13737
23700007152000,38,22,16,1390.8
23700007167000,2,1,1,0
23700007168000,54,25,29,1944
23700007169000,309,150,159,12978
23700007170000,77,38,39,3118.5
23700007171000,8,4,4,300
23700007205000,1,1,0,0
23700007217000,3,1,2,0
23700007223000,3,2,1,0
23700007224000,31,16,15,1593.4
23700007225000,134,76,58,5239.4
23700007226000,6,3,3,328.2
23700007229000,1,1,0,0
23700007230000,1,1,0,0
23700007233000,13,7,6,729.3
23700007244000,6,4,2,198
23700007245000,5,3,2,145
23700007247000,24,12,12,936
23700007248000,24,12,12,739.2
23700007249000,40,19,21,1360
23700007250000,10,4,6,411
23700007251000,48,20,28,2390.4
23700007252000,71,37,34,2769
23700007253000,28,17,11,1330
23700007256000,1,1,0,0
23700007257000,16,9,7,636.8
23700007262000,400,186,214,18440
23700007263000,875,409,466,36925
23700007264000,127,57,70,5283.2
23700007282000,4,3,1,0
23700007312000,32,13,19,1561.6
23700007313000,5,2,3,352
23700007378000,284,147,137,10195.6
23700007379000,85,41,44,2856
23710006773000,1,0,1,0
23710006791000,3,2,1,0
23710006798000,1,1,0,0
23710006799000,4,2,2,0
23710006800000,1,1,0,0
23710007077000,6,4,2,262.8
23710007120000,1,1,0,0
23710007122000,23,9,14,897
23710007124000,8,3,5,292.8
23710007125000,11,7,4,453.2
23710007126000,108,47,61,4827.6
23710007127000,5,2,3,336
23710007129000,31,18,13,1457
23710007136000,4,1,3,0
23710007144000,19,10,9,896.8
23710007147000,14,7,7,631.4
23710007148000,16,8,8,648
23710007149000,70,39,31,2905
23710007150000,327,153,174,11314.2
23710007151000,254,122,132,10337.8
23710007152000,1,1,0,0
23710007153000,3,2,1,0
23710007154000,2,1,1,0
23710007169000,35,20,15,1540
23710007170000,34,17,17,1611.6
23710007171000,46,22,24,1757.2
23710007172000,7,3,4,245.7
23710007181000,12,6,6,478.8
23710007203000,7,4,3,399.7
23710007205000,4,2,2,0
23710007225000,23,9,14,830.3
23710007226000,1,1,0,0
23710007231000,8,5,3,370.4
23710007232000,2,1,1,0
23710007233000,10,4,6,465
23710007241000,5,2,3,254
23710007242000,4,2,2,0
23710007244000,5,3,2,96
23710007247000,2,2,0,0
23710007248000,6,3,3,361.8
23710007249000,17,9,8,542.3
23710007250000,27,15,12,1026
23710007251000,7,3,4,359.8
23710007252000,8,4,4,444.8
23710007254000,22,9,13,972.4
23710007258000,3,1,2,0
23710007263000,204,101,103,8200.8
23710007264000,979,445,534,42684.4
23710007265000,629,302,327,23776.2
23710007266000,5,3,2,265
23710007312000,8,2,6,428.8
23710007313000,22,12,10,913
23710007378000,36,20,16,1227.6
23710007379000,15,7,8,940.5
23720006772000,1,1,0,0
23720006773000,7,4,3,331.8
23720006774000,1,0,1,0
23720006791000,21,11,10,1142.4
23720006799000,2,1,1,0
23720006811000,5,1,4,138
23720006813000,5,2,3,284
23720007125000,4,3,1,0
23720007126000,137,67,70,8041.9
23720007127000,295,147,148,13098
23720007128000,11,5,6,524.7
23720007129000,20,11,9,952
23720007143000,1,1,0,0
23720007144000,9,3,6,383.4
23720007145000,8,5,3,188.8
23720007148000,4,2,2,0
23720007149000,143,77,66,5434
23720007150000,30,13,17,1089
23720007153000,7,4,3,252.7
23720007154000,6,3,3,298.2
23720007156000,1,1,0,0
23720007168000,2,1,1,0
23720007169000,16,7,9,513.6
23720007170000,19,10,9,1081.1
23720007171000,4,2,2,0
23720007172000,4,3,1,0
23720007173000,2,1,1,0
23720007174000,15,8,7,595.5
23720007176000,6,2,4,207
23720007177000,10,7,3,184
23720007178000,6,4,2,154.8
23720007179000,5,3,2,220
23720007180000,4,3,1,0
23720007181000,4,2,2,0
23720007183000,8,5,3,352.8
23720007184000,4,1,3,0
23720007205000,5,4,1,149
23720007218000,1,1,0,0
23720007229000,4,2,2,0
23720007231000,13,8,5,520
23720007242000,15,9,6,690
23720007243000,3,0,3,0
23720007249000,4,2,2,0
23720007250000,27,13,14,1080
23720007251000,4,1,3,0
23720007253000,18,12,6,633.6
23720007254000,1,1,0,0
23720007255000,2,1,1,0
23720007259000,9,3,6,290.7
23720007263000,3,1,2,0
23720007264000,4,0,4,0
23720007265000,577,292,285,17310
23720007266000,559,277,282,19565
23720007267000,30,16,14,888
23720007268000,2,1,1,0
23720007314000,5,1,4,155
23720007323000,2,1,1,0
23720007488000,1,0,1,0
23730006788000,9,5,4,298.8
23730006790000,1,1,0,0
23730006791000,19,7,12,1162.8
23730006809000,1,1,0,0
23730006810000,1,1,0,0
23730007124000,10,5,5,309
23730007125000,8,3,5,488
23730007126000,81,42,39,3539.7
23730007127000,99,56,43,3979.8
23730007128000,5,4,1,137
23730007129000,18,8,10,779.4
23730007157000,1,1,0,0
23730007171000,11,7,4,491.7
23730007176000,27,16,11,1061.1
23730007181000,3,1,2,0
23730007182000,17,8,9,465.8
23730007183000,4,2,2,0
23730007184000,11,4,7,371.8
23730007187000,8,3,5,247.2
23730007204000,9,5,4,478.8
23730007236000,1,1,0,0
23730007238000,3,2,1,0
23730007239000,5,3,2,239
23730007247000,8,4,4,290.4
23730007251000,10,6,4,468
23730007253000,12,7,5,417.6
23730007254000,34,21,13,1132.2
23730007255000,20,11,9,714
23730007257000,13,7,6,397.8
23730007259000,6,3,3,298.8
23730007265000,22,10,12,827.2
23730007266000,116,49,67,3770
23730007267000,27,13,14,769.5
23730007269000,21,14,7,791.7
23730007270000,8,3,5,336
23730007271000,19,10,9,826.5
23730007272000,10,5,5,524
23730007304000,11,6,5,667.7
23730007305000,17,10,7,715.7
23730007318000,4,2,2,0
23730007323000,13,8,5,479.7
23730007324000,9,5,4,387
23730007381000,1,0,1,0
23740006773000,1,1,0,0
23740006790000,5,3,2,248
23740006809000,14,11,3,610.4
23740007124000,46,24,22,1485.8
23740007125000,6,4,2,207
23740007126000,52,27,25,1674.4
23740007127000,13,7,6,384.8
23740007130000,3,2,1,0
23740007158000,25,12,13,835
23740007159000,18,9,9,792
23740007180000,14,7,7,603.4
23740007182000,8,4,4,391.2
23740007183000,5,2,3,183
23740007189000,11,6,5,458.7
23740007222000,1,1,0,0
23740007239000,9,5,4,348.3
23740007247000,3,2,1,0
23740007252000,1,1,0,0
23740007253000,4,2,2,0
23740007254000,7,3,4,343.7
23740007255000,20,10,10,550
23740007256000,5,2,3,122
23740007259000,5,4,1,167
23740007260000,26,16,10,995.8
23740007263000,6,3,3,301.2
23740007264000,4,3,1,0
23740007265000,5,2,3,172
23740007269000,10,6,4,651
23740007272000,10,6,4,403
23740007276000,3,1,2,0
23740007305000,22,12,10,908.6
23740007306000,16,7,9,684.8
23740007317000,19,8,11,712.5
23740007318000,5,3,2,337
23740007319000,18,12,6,523.8
23740007321000,40,19,21,1412
23740007322000,53,28,25,2056.4
23740007323000,25,14,11,1100
23740007325000,93,46,47,3840.9
23740007326000,5,2,3,240
23740007490000,13,5,8,409.5
23740007491000,21,12,9,1052.1
23750006806000,6,3,3,208.2
23750006807000,2,1,1,0
23750006808000,52,26,26,2532.4
23750006809000,9,6,3,353.7
23750007116000,1,1,0,0
23750007117000,4,2,2,0
23750007124000,10,5,5,252
23750007125000,6,4,2,274.2
23750007126000,17,8,9,741.2
23750007127000,26,14,12,899.6
23750007130000,8,4,4,344
23750007157000,7,4,3,417.9
23750007158000,50,25,25,1985
23750007159000,11,6,5,503.8
23750007165000,6,2,4,223.8
23750007189000,3,2,1,0
23750007190000,8,3,5,287.2
23750007219000,16,9,7,518.4
23750007220000,204,101,103,7813.2
23750007231000,1,1,0,0
23750007247000,1,0,1,0
23750007253000,5,3,2,274
23750007254000,11,6,5,320.1
23750007256000,3,2,1,0
23750007260000,7,4,3,268.1
23750007261000,7,3,4,242.9
23750007263000,9,5,4,385.2
23750007264000,33,17,16,1237.5
23750007265000,41,22,19,1156.2
23750007266000,28,12,16,918.4
23750007267000,3,1,2,0
23750007268000,10,5,5,275
23750007273000,8,4,4,520
23750007274000,19,10,9,680.2
23750007275000,23,13,10,1028.1
23750007309000,5,3,2,280
23750007317000,26,12,14,1560
23750007318000,40,21,19,1644
23750007320000,4,3,1,0
23750007321000,69,38,31,2960.1
23750007325000,33,17,16,1973.4
23750007326000,2,2,0,0
23750007490000,17,12,5,625.6
23750007491000,60,33,27,2478
23760006807000,79,34,45,3965.8
23760006808000,15,8,7,915
23760007117000,12,8,4,543.6
23760007125000,6,4,2,277.2
23760007126000,14,6,8,526.4
23760007127000,47,24,23,1818.9
23760007128000,15,10,5,580.5
23760007148000,6,3,3,265.2
23760007156000,11,6,5,427.9
23760007157000,10,5,5,526
23760007158000,5,4,1,314
23760007201000,3,2,1,0
23760007220000,288,137,151,14515.2
23760007221000,10,4,6,502
23760007224000,6,4,2,225
23760007225000,1,1,0,0
23760007236000,7,4,3,261.8
23760007247000,4,2,2,0
23760007253000,10,6,4,321
23760007254000,5,3,2,135
23760007260000,14,6,8,511
23760007261000,16,11,5,537.6
23760007262000,4,2,2,0
23760007263000,22,14,8,550
23760007264000,74,38,36,2738
23760007265000,24,12,12,1053.6
23760007266000,32,14,18,1097.6
23760007267000,20,11,9,578
23760007268000,12,6,6,418.8
23760007273000,4,2,2,0
23760007275000,3,2,1,0
23760007285000,4,3,1,0
23760007309000,17,9,8,663
23760007317000,10,5,5,320
23760007318000,24,10,14,1092
23760007319000,163,87,76,5835.4
23760007320000,316,163,153,13430
23760007321000,111,53,58,4084.8
23760007322000,1,0,1,0
23760007325000,2,1,1,0
23760007326000,2,0,2,0
23760007491000,201,98,103,7939.5
23760007492000,37,19,18,1409.7
23770006806000,14,7,7,502.6
23770006807000,20,10,10,808
23770006808000,1,1,0,0
23770007117000,6,4,2,237
23770007125000,11,5,6,489.5
23770007126000,24,12,12,960
23770007128000,15,7,8,487.5
23770007130000,6,4,2,232.2
23770007157000,10,4,6,335
23770007160000,1,1,0,0
23770007194000,16,9,7,713.6
23770007195000,7,4,3,364.7
23770007199000,1,0,1,0
23770007220000,10,5,5,727
23770007221000,49,23,26,2053.1
23770007225000,2,1,1,0
23770007239000,1,1,0,0
23770007247000,8,3,5,411.2
23770007249000,2,1,1,0
23770007262000,26,15,11,1058.2
23770007263000,69,35,34,2049.3
23770007264000,15,9,6,607.5
23770007265000,54,24,30,1809
23770007266000,27,17,10,1163.7
23770007267000,2,1,1,0
23770007268000,2,1,1,0
23770007319000,5,3,2,138
23770007320000,88,38,50,3933.6
23770007321000,117,60,57,4446
23770007322000,65,36,29,2756
23770007325000,3,2,1,0
23770007326000,2,1,1,0
23770007387000,46,25,21,2217.2
23770007388000,17,11,6,878.9
23770007491000,57,29,28,2650.5
23770007492000,179,86,93,6658.8
23770007493000,12,7,5,753.6
23780006784000,9,6,3,630
23780006805000,11,3,8,546.7
23780006806000,10,7,3,453
23780007117000,5,1,4,119
23780007125000,9,4,5,358.2
23780007126000,24,11,13,1207.2
23780007128000,5,2,3,178
23780007129000,9,5,4,492.3
23780007135000,1,1,0,0
23780007160000,15,9,6,657
23780007161000,29,14,15,930.9
23780007194000,8,2,6,287.2
23780007195000,16,7,9,510.4
23780007196000,32,17,15,1542.4
23780007197000,20,13,7,812
23780007221000,19,9,10,754.3
23780007224000,2,1,1,0
23780007263000,8,4,4,178.4
23780007264000,11,7,4,429
23780007267000,1,1,0,0
23780007268000,2,1,1,0
23780007278000,5,3,2,287
23780007281000,12,8,4,350.4
23780007282000,4,3,1,0
23780007287000,4,3,1,0
23780007313000,6,4,2,307.8
23780007314000,6,2,4,406.2
23780007321000,5,3,2,289
23780007322000,59,31,28,2442.6
23780007323000,20,11,9,734
23780007327000,4,2,2,0
23780007338000,11,6,5,426.8
23780007492000,1,1,0,0
23780007493000,4,2,2,0
23790006784000,6,2,4,198
23790006791000,5,2,3,349
23790007126000,11,5,6,506
23790007127000,2,1,1,0
23790007129000,43,24,19,1634
23790007130000,11,6,5,355.3
23790007148000,8,3,5,308.8
23790007161000,52,27,25,2225.6
23790007162000,86,39,47,4136.6
23790007197000,6,2,4,271.2
23790007198000,5,2,3,202
23790007241000,12,7,5,495.6
23790007266000,3,2,1,0
23790007281000,2,0,2,0
23790007282000,12,8,4,570
23790007283000,11,7,4,504.9
23790007287000,1,0,1,0
23790007288000,1,1,0,0
23790007313000,2,1,1,0
23790007314000,20,11,9,932
23790007315000,41,19,22,1562.1
23790007321000,3,2,1,0
23790007322000,6,3,3,310.8
23790007323000,8,6,2,392.8
23790007338000,3,1,2,0
23790007341000,5,2,3,244
23800006791000,2,1,1,0
23800006798000,1,1,0,0
23800007127000,6,2,4,246
23800007130000,52,29,23,1991.6
23800007162000,53,25,28,2506.9
23800007163000,5,4,1,97
23800007168000,5,3,2,270
23800007198000,2,1,1,0
23800007217000,5,3,2,115
23800007218000,6,2,4,112.8
23800007219000,4,2,2,0
23800007258000,2,1,1,0
23800007259000,22,13,9,1185.8
23800007265000,2,1,1,0
23800007266000,1,0,1,0
23800007267000,2,1,1,0
23800007284000,3,2,1,0
23800007285000,12,5,7,344.4
23800007286000,6,3,3,262.2
23800007287000,10,5,5,591
23800007288000,2,1,1,0
23800007314000,6,3,3,277.2
23800007315000,6,4,2,162
23800007323000,23,14,9,915.4
23800007325000,9,6,3,259.2
23800007331000,24,9,15,1154.4
23800007332000,15,7,8,838.5
23800007339000,1,0,1,0
23800007340000,2,1,1,0
23800007341000,10,5,5,573
23810006795000,5,3,2,153
23810007127000,2,1,1,0
23810007128000,22,11,11,950.4
23810007129000,6,2,4,225
23810007130000,6,4,2,316.2
23810007131000,8,5,3,300
23810007134000,1,1,0,0
23810007147000,2,1,1,0
23810007162000,3,2,1,0
23810007163000,12,4,8,579.6
23810007217000,9,6,3,483.3
23810007252000,2,1,1,0
23810007254000,2,2,0,0
23810007257000,2,1,1,0
23810007258000,13,8,5,644.8
23810007259000,13,5,8,842.4
23810007264000,9,5,4,414.9
23810007265000,8,4,4,343.2
23810007286000,11,6,5,633.6
23810007287000,48,23,25,1756.8
23810007288000,17,8,9,603.5
23810007289000,7,5,2,336
23810007295000,7,4,3,321.3
23810007296000,7,4,3,312.9
23810007302000,8,5,3,523.2
23810007310000,9,4,5,324
23810007311000,10,6,4,497
23810007331000,5,2,3,120
23810007332000,4,2,2,0
23810007362000,31,17,14,737.8
23810007363000,271,143,128,8590.7
23810007364000,2,1,1,0
23820006793000,22,13,9,1069.2
23820006794000,2,1,1,0
23820007128000,21,8,13,968.1
23820007130000,10,5,5,606
23820007131000,2,1,1,0
23820007132000,8,2,6,320
23820007133000,1,1,0,0
23820007163000,32,15,17,1212.8
23820007216000,6,3,3,184.2
23820007217000,4,2,2,0
23820007223000,49,25,24,2156
23820007248000,2,1,1,0
23820007256000,5,2,3,265
23820007287000,6,1,5,216
23820007288000,119,50,69,5485.9
23820007289000,36,16,20,1209.6
23820007291000,9,6,3,257.4
23820007296000,10,4,6,446
23820007301000,9,2,7,223.2
23820007302000,199,102,97,9173.9
23820007311000,2,1,1,0
23820007312000,9,5,4,345.6
23820007313000,15,8,7,739.5
23820007329000,3,2,1,0
23820007339000,2,1,1,0
23820007362000,4,3,1,0
23820007363000,111,57,54,3552
23830006793000,4,2,2,0
23830007130000,16,9,7,486.4
23830007136000,6,2,4,201
23830007149000,4,2,2,0
23830007162000,4,2,2,0
23830007164000,21,11,10,751.8
23830007165000,2,1,1,0
23830007216000,10,6,4,452
23830007217000,5,3,2,214
23830007223000,17,9,8,639.2
23830007224000,13,8,5,507
23830007248000,16,8,8,372.8
23830007254000,2,1,1,0
23830007255000,6,4,2,169.2
23830007258000,4,2,2,0
23830007261000,2,1,1,0
23830007289000,13,7,6,643.5
23830007290000,31,17,14,1249.3
23830007296000,1,1,0,0
23830007298000,9,4,5,540
23830007299000,3,1,2,0
23830007303000,5,3,2,272
23830007307000,5,2,3,326
23830007313000,186,86,100,6696
23830007314000,6,3,3,151.2
23830007326000,1,1,0,0
23840007162000,1,1,0,0
23840007167000,13,6,7,574.6
23840007168000,18,10,8,696.6
23840007214000,20,8,12,768
23840007215000,22,10,12,919.6
23840007217000,10,6,4,350
23840007224000,4,2,2,0
23840007249000,2,1,1,0
23840007250000,8,4,4,332
23840007255000,2,2,0,0
23840007258000,4,2,2,0
23840007290000,15,8,7,571.5
23840007291000,10,7,3,324
23840007296000,2,1,1,0
23840007297000,15,6,9,625.5
23840007298000,15,7,8,582
23840007304000,3,2,1,0
23840007307000,19,8,11,1081.1
23840007308000,5,3,2,253
23840007310000,2,1,1,0
23840007313000,11,9,2,331.1
23840007314000,34,19,15,1676.2
23840007315000,33,19,14,1296.9
23840007316000,39,21,18,1774.5
23840007317000,3,1,2,0
23840007326000,10,6,4,486
23840007330000,2,1,1,0
23840007331000,6,2,4,271.2
23840007332000,20,9,11,610
23850007149000,1,0,1,0
23850007168000,7,4,3,357
23850007169000,3,2,1,0
23850007170000,2,1,1,0
23850007251000,2,2,0,0
23850007254000,1,0,1,0
23850007255000,5,3,2,288
23850007256000,38,16,22,1390.8
23850007260000,2,1,1,0
23850007291000,6,3,3,264
23850007292000,12,5,7,340.8
23850007298000,3,2,1,0
23850007305000,2,1,1,0
23850007307000,7,5,2,324.1
23850007308000,9,4,5,366.3
23850007311000,8,6,2,398.4
23850007314000,36,17,19,1252.8
23850007315000,5,2,3,300
23850007316000,5,3,2,203
23850007317000,5,4,1,252
23850007318000,7,3,4,200.9
23850007331000,2,2,0,0
23850007332000,4,1,3,0
23850007333000,17,6,11,637.5
23850007334000,30,16,14,1233
23860007101000,2,1,1,0
23860007149000,1,1,0,0
23860007254000,6,3,3,294
23860007255000,143,66,77,5977.4
23860007256000,115,52,63,4692
23860007257000,9,4,5,343.8
23860007259000,3,2,1,0
23860007260000,3,2,1,0
23860007292000,2,1,1,0
23860007298000,2,1,1,0
23860007299000,6,2,4,271.8
23860007306000,2,2,0,0
23860007308000,4,2,2,0
23860007309000,2,1,1,0
23860007311000,3,1,2,0
23860007315000,5,2,3,237
23860007316000,20,10,10,620
23860007317000,17,7,10,569.5
23860007318000,3,1,2,0
23860007319000,2,1,1,0
23860007320000,6,4,2,273
23860007327000,10,7,3,471
23860007333000,18,9,9,766.8
23860007334000,175,87,88,6317.5
23860007335000,7,4,3,177.8
23860007336000,1,0,1,0
23860007343000,4,2,2,0
23870007172000,4,2,2,0
23870007245000,3,2,1,0
23870007255000,2,2,0,0
23870007258000,2,1,1,0
23870007259000,25,13,12,1012.5
23870007267000,1,1,0,0
23870007294000,1,1,0,0
23870007299000,12,5,7,561.6
23870007300000,4,1,3,0
23870007301000,1,0,1,0
23870007310000,4,3,1,0
23870007311000,2,1,1,0
23870007317000,7,4,3,394.1
23870007318000,22,12,10,930.6
23870007319000,40,18,22,1744
23870007320000,11,6,5,432.3
23870007321000,4,2,2,0
23870007327000,2,1,1,0
23870007328000,6,4,2,370.2
23870007333000,17,9,8,710.6
23870007334000,31,14,17,1004.4
23870007335000,4,2,2,0
23870007336000,1,0,1,0
23870007337000,27,15,12,947.7
23870007342000,7,5,2,223.3
23880007163000,2,1,1,0
23880007173000,6,3,3,190.8
23880007239000,1,1,0,0
23880007254000,21,13,8,1012.2
23880007259000,27,16,11,1215
23880007269000,1,1,0,0
23880007294000,2,1,1,0
23880007295000,17,8,9,831.3
23880007299000,1,1,0,0
23880007311000,16,11,5,528
23880007319000,6,4,2,133.2
23880007320000,18,9,9,619.2
23880007321000,195,85,110,5713.5
23880007322000,185,90,95,6105
23880007328000,1,0,1,0
23880007333000,7,3,4,237.3
23880007337000,14,8,6,721
23880007341000,5,4,1,85
23880007344000,1,1,0,0
23880007406000,11,8,3,332.2
23890007173000,1,1,0,0
23890007242000,2,1,1,0
23890007245000,4,1,3,0
23890007253000,3,2,1,0
23890007254000,7,3,4,375.9
23890007256000,4,2,2,0
23890007257000,1,1,0,0
23890007288000,5,3,2,323
23890007291000,35,23,12,1487.5
23890007294000,2,1,1,0
23890007295000,3,2,1,0
23890007296000,2,1,1,0
23890007319000,22,10,12,1005.4
23890007320000,11,5,6,621.5
23890007321000,56,25,31,1780.8
23890007322000,740,382,358,27232
23890007323000,17,6,11,683.4
23890007329000,6,2,4,339
23890007333000,1,1,0,0
23890007334000,2,2,0,0
23890007336000,16,8,8,521.6
23890007337000,27,14,13,1217.7
23890007340000,31,13,18,1661.6
23890007341000,56,25,31,2419.2
23890007342000,4,2,2,0
23890007344000,5,2,3,226
23890007345000,2,1,1,0
23890007407000,13,7,6,708.5
23900007184000,6,3,3,214.2
23900007185000,4,3,1,0
23900007239000,2,1,1,0
23900007241000,3,2,1,0
23900007243000,15,6,9,567
23900007244000,2,1,1,0
23900007245000,15,10,5,505.5
23900007246000,29,14,15,1180.3
23900007250000,1,1,0,0
23900007251000,2,1,1,0
23900007291000,7,3,4,266
23900007319000,3,1,2,0
23900007320000,17,10,7,659.6
23900007321000,47,21,26,1574.5
23900007322000,280,132,148,11396
23900007323000,896,453,443,38169.6
23900007329000,4,1,3,0
23900007330000,10,6,4,376
23900007331000,105,53,52,3696
23900007332000,2,1,1,0
23900007338000,9,4,5,459
23900007340000,13,4,9,848.9
23900007341000,91,47,44,3039.4
23900007345000,29,17,12,1197.7
23900007346000,2,1,1,0
23900007361000,4,1,3,0
23900007364000,1,1,0,0
23910007175000,8,3,5,402.4
23910007176000,2,2,0,0
23910007240000,6,3,3,301.8
23910007241000,6,4,2,271.2
23910007246000,22,8,14,627
23910007248000,17,8,9,474.3
23910007249000,1,1,0,0
23910007251000,11,5,6,297
23910007252000,7,4,3,142.8
23910007306000,5,3,2,339
23910007307000,1,1,0,0
23910007319000,5,2,3,86
23910007320000,4,2,2,0
23910007321000,15,8,7,613.5
23910007322000,143,71,72,5634.2
23910007323000,1061,490,571,42440
23910007324000,233,112,121,9156.9
23910007331000,6,4,2,315
23910007332000,29,19,10,951.2
23910007334000,8,3,5,280
23910007336000,5,3,2,184
23910007338000,3,2,1,0
23910007343000,3,1,2,0
23910007344000,27,15,12,720.9
23910007345000,24,11,13,1039.2
23910007346000,16,10,6,998.4
23910007361000,6,3,3,211.2
23910007362000,105,46,59,4284
23920007238000,2,1,1,0
23920007243000,13,7,6,500.5
23920007246000,1,1,0,0
23920007248000,10,3,7,617
23920007249000,4,2,2,0
23920007252000,4,3,1,0
23920007320000,4,3,1,0
23920007321000,8,5,3,350.4
23920007322000,148,82,66,5416.8
23920007323000,929,484,445,34187.2
23920007324000,697,331,366,31155.9
23920007332000,6,3,3,244.8
23920007335000,4,2,2,0
23920007336000,13,8,5,583.7
23920007337000,2,2,0,0
23920007339000,64,30,34,2611.2
23920007340000,7,4,3,363.3
23920007341000,12,6,6,513.6
23920007342000,3,2,1,0
23920007343000,30,17,13,1272
23920007344000,14,7,7,306.6
23920007345000,26,12,14,1385.8
23920007346000,2,0,2,0
23920007362000,154,75,79,6883.8
23920007363000,24,11,13,1101.6
23930007176000,15,7,8,723
23930007239000,2,1,1,0
23930007248000,4,3,1,0
23930007302000,1,1,0,0
23930007303000,1,1,0,0
23930007323000,310,165,145,10726
23930007324000,53,25,28,2178.3
23930007342000,1,1,0,0
23930007343000,3,1,2,0
23930007362000,49,25,24,2425.5
23930007363000,1,1,0,0
23940007177000,2,1,1,0
23940007178000,13,9,4,531.7
23940007179000,4,1,3,0
23940007239000,3,1,2,0
23940007304000,1,1,0,0
23940007305000,1,0,1,0
23940007324000,13,7,6,613.6
23940007325000,2,1,1,0
23940007326000,2,1,1,0
23940007328000,5,1,4,178
23940007360000,2,2,0,0
23940007362000,2,2,0,0
23940007363000,5,3,2,276
23940007385000,8,3,5,295.2
23940007386000,11,5,6,437.8
23950007175000,3,2,1,0
23950007176000,5,2,3,204
23950007179000,6,4,2,259.2
23950007180000,2,1,1,0
23950007314000,4,3,1,0
23950007326000,76,37,39,2500.4
23950007327000,14,8,6,589.4
23950007328000,47,24,23,2335.9
23950007329000,12,6,6,357.6
23950007383000,3,1,2,0
23950007385000,18,11,7,833.4
23950007387000,41,21,20,1361.2
23950007388000,12,7,5,444
23960007174000,9,3,6,443.7
23960007180000,10,6,4,391
23960007238000,9,5,4,549.9
23960007239000,1,0,1,0
23960007280000,1,1,0,0
23960007282000,4,3,1,0
23960007314000,2,1,1,0
23960007326000,16,9,7,614.4
23960007327000,50,26,24,2175
23960007328000,15,8,7,400.5
23960007329000,4,2,2,0
23960007330000,7,4,3,242.9
23960007331000,1,1,0,0
23960007337000,6,3,3,175.2
23960007338000,7,4,3,380.8
23960007339000,7,3,4,336
23960007341000,6,4,2,210
23960007385000,1,1,0,0
23960007387000,15,8,7,733.5
23960007388000,2,1,1,0
23970007176000,2,2,0,0
23970007181000,55,26,29,2975.5
23970007182000,54,24,30,2154.6
23970007239000,2,1,1,0
23970007310000,5,2,3,190
23970007311000,2,1,1,0
23970007312000,6,3,3,150
23970007327000,14,9,5,404.6
23970007328000,7,4,3,289.8
23970007329000,4,2,2,0
23970007330000,8,3,5,200.8
23970007331000,7,3,4,368.9
23970007337000,5,2,3,126
23970007338000,39,22,17,1349.4
23970007340000,5,2,3,327
23970007341000,19,13,6,771.4
23970007342000,4,3,1,0
23970007350000,3,2,1,0
23970007351000,8,4,4,470.4
23970007385000,5,2,3,240
23970007386000,5,4,1,319
23980007182000,8,4,4,475.2
23980007184000,4,2,2,0
23980007318000,1,0,1,0
23980007327000,26,14,12,1081.6
23980007328000,72,39,33,2772
23980007338000,2,1,1,0
23990007185000,6,3,3,193.2
23990007195000,9,5,4,288.9
23990007310000,1,1,0,0
23990007319000,34,17,17,1445
23990007327000,22,10,12,1069.2
23990007328000,19,12,7,737.2
23990007329000,7,5,2,270.9
23990007333000,12,7,5,442.8
23990007339000,21,10,11,634.2
23990007346000,46,23,23,1688.2
23990007349000,6,2,4,267
24000007310000,7,3,4,392
24000007317000,3,2,1,0
24000007319000,14,10,4,537.6
24000007327000,3,2,1,0
24000007328000,8,5,3,356.8
24000007329000,27,16,11,1266.3
24000007338000,7,2,5,384.3
24000007339000,21,9,12,863.1
24000007346000,13,6,7,353.6
24000007347000,1,0,1,0
24000007508000,5,3,2,148
24010007184000,2,1,1,0
24010007187000,2,2,0,0
24010007320000,1,0,1,0
24010007327000,11,5,6,539
24010007328000,4,1,3,0
24010007329000,7,3,4,389.2
24010007334000,4,3,1,0
24010007345000,2,1,1,0
24010007346000,3,2,1,0
24010007354000,2,1,1,0
24010007506000,36,14,22,1436.4
24010007507000,92,38,54,4222.8
24010007508000,47,26,21,1767.2
24010007510000,2,0,2,0
24020007172000,2,1,1,0
24020007173000,4,2,2,0
24020007245000,3,2,1,0
24020007317000,2,1,1,0
24020007318000,2,1,1,0
24020007320000,15,9,6,565.5
24020007327000,7,5,2,403.2
24020007329000,50,30,20,1760
24020007335000,9,5,4,629.1
24020007346000,5,2,3,180
24020007347000,1,0,1,0
24020007365000,8,4,4,202.4
24020007505000,13,5,8,530.4
24020007506000,113,54,59,4700.8
24020007507000,227,113,114,9465.9
24020007508000,1,0,1,0
24020007510000,27,16,11,1171.8
24030007246000,4,2,2,0
24030007328000,9,3,6,125.1
24030007329000,36,22,14,1260
24030007340000,2,2,0,0
24030007347000,2,1,1,0
24030007348000,6,3,3,405
24030007354000,1,1,0,0
24030007365000,105,55,50,4767
24030007366000,5,2,3,98
24030007367000,9,4,5,293.4
24030007368000,37,17,20,1406
24030007370000,4,2,2,0
24030007371000,5,2,3,152
24030007379000,2,1,1,0
24030007380000,6,3,3,303
24030007382000,2,1,1,0
24030007383000,1,1,0,0
24030007506000,147,68,79,5527.2
24030007510000,12,6,6,621.6
24040007246000,9,5,4,501.3
24040007311000,5,2,3,166
24040007319000,1,1,0,0
24040007321000,5,3,2,265
24040007323000,20,10,10,980
24040007327000,1,1,0,0
24040007328000,3,1,2,0
24040007329000,32,17,15,1577.6
24040007340000,2,1,1,0
24040007341000,2,1,1,0
24040007349000,3,1,2,0
24040007350000,1,1,0,0
24040007365000,59,27,32,2383.6
24040007366000,101,56,45,4191.5
24040007367000,23,14,9,1000.5
24040007368000,7,3,4,259
24040007379000,2,1,1,0
24040007382000,23,12,11,763.6
24040007383000,4,3,1,0
24040007384000,2,0,2,0
24050007192000,107,52,55,4098.1
24050007246000,9,4,5,527.4
24050007311000,6,3,3,373.2
24050007312000,1,1,0,0
24050007322000,7,4,3,382.9
24050007323000,22,10,12,1038.4
24050007327000,9,5,4,385.2
24050007328000,12,8,4,625.2
24050007329000,21,11,10,701.4
24050007330000,22,15,7,809.6
24050007351000,1,1,0,0
24050007366000,39,19,20,1758.9
24050007380000,1,0,1,0
24050007382000,1,0,1,0
24050007383000,3,1,2,0
24060007110000,3,2,1,0
24060007192000,10,6,4,419
24060007193000,12,5,7,528
24060007313000,4,1,3,0
24060007317000,1,1,0,0
24060007322000,4,2,2,0
24060007323000,2,1,1,0
24060007324000,5,1,4,302
24060007328000,305,144,161,12840.5
24060007329000,143,68,75,5133.7
24060007330000,13,5,8,487.5
24060007340000,4,2,2,0
24060007346000,3,2,1,0
24060007347000,2,1,1,0
24070007192000,2,1,1,0
24070007313000,1,1,0,0
24070007322000,9,4,5,477
24070007323000,13,6,7,374.4
24070007324000,31,17,14,1054
24070007325000,24,15,9,1046.4
24070007328000,197,93,104,8017.9
24070007329000,2,1,1,0
24070007341000,20,11,9,1022
24070007342000,29,13,16,1212.2
24070007343000,2,1,1,0
24070007346000,1,1,0,0
24070007347000,8,5,3,316
24080007190000,7,4,3,294.7
24080007192000,8,4,4,311.2
24080007193000,6,4,2,286.8
24080007195000,2,1,1,0
24080007196000,4,2,2,0
24080007199000,11,5,6,411.4
24080007200000,6,2,4,150
24080007323000,4,3,1,0
24080007324000,6,3,3,145.8
24080007325000,18,11,7,538.2
24080007326000,13,10,3,332.8
24080007328000,1,0,1,0
24080007329000,19,11,8,744.8
24080007341000,1,0,1,0
24080007342000,4,1,3,0
24080007343000,2,1,1,0
24080007344000,12,4,8,411.6
24080007349000,5,2,3,285
24080007366000,1,1,0,0
24080007372000,1,1,0,0
24080007386000,3,2,1,0
24080007387000,3,2,1,0
24090007169000,13,6,7,492.7
24090007170000,26,13,13,1120.6
24090007199000,12,6,6,535.2
24090007200000,7,5,2,256.2
24090007326000,30,18,12,1131
24090007327000,25,12,13,1265
24090007329000,21,11,10,997.5
24090007338000,8,5,3,312.8
24090007347000,4,3,1,0
24090007351000,2,1,1,0
24090007375000,45,24,21,1953
24090007376000,29,13,16,817.8
24100007169000,5,3,2,324
24100007170000,2,1,1,0
24100007194000,2,1,1,0
24100007195000,4,2,2,0
24100007196000,2,1,1,0
24100007201000,2,1,1,0
24100007327000,4,3,1,0
24100007329000,29,14,15,1464.5
24100007330000,16,8,8,542.4
24100007342000,88,46,42,3168
24100007343000,522,246,276,23072.4
24100007347000,3,2,1,0
24100007351000,7,4,3,291.9
24100007358000,19,9,10,750.5
24100007385000,11,7,4,476.3
24110007195000,2,1,1,0
24110007196000,10,5,5,560
24110007315000,1,1,0,0
24110007328000,2,1,1,0
24110007329000,21,12,9,854.7
24110007330000,24,12,12,1087.2
24110007331000,4,2,2,0
24110007341000,9,4,5,423.9
24110007342000,198,107,91,6652.8
24110007343000,543,277,266,19385.1
24110007348000,4,2,2,0
24110007358000,22,11,11,1119.8
24110007359000,5,2,3,308
24110007378000,57,31,26,2918.4
24110007379000,2,1,1,0
24110007380000,4,2,2,0
24110007384000,19,10,9,777.1
24110007385000,8,4,4,232
24110007389000,21,10,11,693
24110007390000,20,11,9,738
24120007171000,13,7,6,404.3
24120007172000,4,2,2,0
24120007173000,2,1,1,0
24120007197000,11,4,7,587.4
24120007198000,10,7,3,374
24120007200000,5,3,2,110
24120007201000,145,71,74,6264
24120007202000,34,19,15,1618.4
24120007313000,6,2,4,328.8
24120007329000,4,3,1,0
24120007330000,15,7,8,430.5
24120007332000,16,9,7,688
24120007333000,4,2,2,0
24120007338000,10,5,5,402
24120007341000,4,2,2,0
24120007343000,6,3,3,126
24120007344000,7,5,2,443.8
24120007345000,6,3,3,223.8
24120007348000,6,4,2,277.2
24120007362000,2,1,1,0
24120007368000,1,1,0,0
24120007369000,4,3,1,0
24120007377000,21,11,10,1041.6
24120007378000,21,13,8,1031.1
24120007388000,2,1,1,0
24120007389000,8,6,2,228
24120007390000,18,10,8,538.2
24120007391000,8,5,3,288
24130007171000,17,7,10,763.3
24130007197000,8,4,4,246.4
24130007198000,2,1,1,0
24130007199000,17,10,7,725.9
24130007200000,8,3,5,204
24130007201000,43,23,20,1689.9
24130007202000,13,6,7,803.4
24130007203000,1,1,0,0
24130007308000,4,4,0,0
24130007313000,1,1,0,0
24130007314000,2,2,0,0
24130007330000,1,0,1,0
24130007332000,5,1,4,132
24130007333000,21,9,12,924
24130007338000,22,13,9,908.6
24130007341000,12,4,8,542.4
24130007345000,7,5,2,235.2
24130007349000,8,4,4,396.8
24130007362000,3,2,1,0
24130007369000,1,1,0,0
24130007376000,5,3,2,264
24130007392000,2,1,1,0
24140007201000,8,3,5,212.8
24140007202000,19,8,11,714.4
24140007203000,4,2,2,0
24140007204000,7,4,3,431.2
24140007279000,2,1,1,0
24140007314000,6,4,2,181.8
24140007315000,24,12,12,768
24140007330000,1,1,0,0
24140007331000,7,4,3,284.2
24140007333000,9,5,4,385.2
24140007338000,46,26,20,1959.6
24140007339000,7,3,4,298.9
24140007342000,28,16,12,1033.2
24140007345000,4,2,2,0
24140007346000,6,4,2,346.2
24140007347000,4,1,3,0
24140007349000,6,2,4,249
24140007350000,8,4,4,506.4
24140007356000,5,2,3,263
24140007363000,22,10,12,985.6
24140007376000,23,10,13,1041.9
24140007381000,1,1,0,0
24140007394000,46,24,22,2520.8
24140007395000,50,26,24,2370
24140007530000,4,2,2,0
24140007531000,2,2,0,0
24150007206000,7,5,2,226.1
24150007279000,10,7,3,438
24150007284000,3,1,2,0
24150007286000,2,1,1,0
24150007311000,23,11,12,1009.7
24150007312000,47,24,23,2288.9
24150007313000,24,14,10,991.2
24150007314000,26,13,13,1523.6
24150007315000,85,48,37,3782.5
24150007316000,3,2,1,0
24150007339000,8,4,4,392
24150007342000,1,1,0,0
24150007347000,8,6,2,342.4
24150007348000,1,1,0,0
24150007349000,11,5,6,404.8
24150007350000,3,2,1,0
24150007357000,7,3,4,188.3
24150007363000,2,1,1,0
24150007364000,23,10,13,1143.1
24150007365000,15,7,8,511.5
24150007366000,2,1,1,0
24150007371000,4,3,1,0
24150007374000,3,1,2,0
24150007375000,3,2,1,0
24150007376000,52,27,25,2220.4
24150007377000,57,29,28,2736
24150007378000,2,1,1,0
24150007394000,20,8,12,718
24150007395000,61,31,30,2049.6
24150007530000,84,51,33,3259.2
24150007531000,41,22,19,1808.1
24150007540000,2,0,2,0
24160007180000,3,2,1,0
24160007297000,9,5,4,351
24160007306000,23,14,9,662.4
24160007307000,38,21,17,1079.2
24160007310000,61,36,25,2787.7
24160007311000,43,26,17,1754.4
24160007315000,22,11,11,935
24160007316000,35,18,17,1676.5
24160007317000,3,2,1,0
24160007348000,19,11,8,744.8
24160007358000,3,1,2,0
24160007359000,1,1,0,0
24160007364000,47,26,21,2434.6
24160007365000,9,7,2,593.1
24160007376000,31,15,16,1007.5
24160007531000,147,71,76,6585.6
24160007532000,12,8,4,525.6
24160007539000,1,0,1,0
24160007542000,1,0,1,0
24160007543000,1,1,0,0
24170007209000,4,3,1,0
24170007210000,14,8,6,350
24170007211000,16,8,8,616
24170007298000,18,11,7,842.4
24170007299000,5,3,2,327
24170007300000,26,15,11,793
24170007301000,38,20,18,1497.2
24170007302000,978,443,535,48900
24170007303000,1030,504,526,44187
24170007304000,619,318,301,23212.5
24170007305000,616,336,280,25933.6
24170007306000,1542,781,761,54278.4
24170007307000,287,145,142,8007.3
24170007308000,34,17,17,1271.6
24170007309000,1,1,0,0
24170007310000,35,23,12,1144.5
24170007311000,3,1,2,0
24170007316000,37,17,20,1387.5
24170007317000,25,13,12,1160
24170007318000,5,3,2,153
24170007340000,7,4,3,335.3
24170007349000,14,7,7,614.6
24170007350000,5,2,3,337
24170007358000,10,6,4,275
24170007359000,1,1,0,0
24170007365000,33,18,15,1518
24170007366000,16,9,7,844.8
24170007368000,5,3,2,177
24170007369000,5,3,2,133
24170007370000,3,1,2,0
24170007373000,6,4,2,403.8
24170007531000,52,28,24,2574
24170007532000,205,107,98,8999.5
24170007533000,34,18,16,1747.6
24170007543000,2,2,0,0
24180007151000,7,3,4,268.1
24180007213000,17,10,7,615.4
24180007288000,2,1,1,0
24180007289000,2,2,0,0
24180007290000,17,9,8,656.2
24180007291000,22,13,9,717.2
24180007292000,50,25,25,1870
24180007293000,2,1,1,0
24180007294000,3,1,2,0
24180007295000,30,11,19,1380
24180007296000,26,14,12,1016.6
24180007297000,24,13,11,974.4
24180007298000,10,6,4,413
24180007299000,14,6,8,529.2
24180007300000,229,129,100,8976.8
24180007301000,1433,720,713,62908.7
24180007302000,861,428,433,38917.2
24180007303000,761,348,413,29983.4
24180007304000,186,89,97,7905
24180007305000,196,100,96,8016.4
24180007306000,152,77,75,5365.6
24180007307000,14,7,7,578.2
24180007315000,20,9,11,808
24180007316000,23,11,12,979.8
24180007317000,26,16,10,1060.8
24180007318000,170,83,87,5508
24180007349000,12,4,8,548.4
24180007350000,5,4,1,201
24180007351000,22,13,9,561
24180007364000,6,4,2,267
24180007366000,1,1,0,0
24180007372000,4,2,2,0
24180007373000,34,20,14,1737.4
24180007533000,32,19,13,1161.6
24180007539000,1,1,0,0
24190007213000,1,1,0,0
24190007214000,2,1,1,0
24190007285000,8,6,2,444.8
24190007286000,5,2,3,310
24190007288000,3,2,1,0
24190007293000,10,5,5,262
24190007294000,37,19,18,1276.5
24190007295000,15,7,8,517.5
24190007296000,20,10,10,520
24190007298000,3,2,1,0
24190007299000,6,4,2,250.2
24190007301000,787,376,411,32109.6
24190007302000,87,47,40,3192.9
24190007305000,13,6,7,364
24190007306000,6,4,2,349.8
24190007307000,16,8,8,460.8
24190007308000,26,14,12,819
24190007317000,48,26,22,1372.8
24190007318000,16,7,9,684.8
24190007319000,7,5,2,370.3
24190007320000,2,1,1,0
24190007351000,5,2,3,304
24190007384000,7,3,4,196
24190007535000,1,1,0,0
24190007536000,223,118,105,10904.7
24190007537000,111,63,48,4584.3
24200007154000,3,3,0,0
24200007216000,4,2,2,0
24200007217000,2,1,1,0
24200007218000,13,4,9,587.6
24200007279000,5,3,2,343
24200007280000,4,2,2,0
24200007282000,2,1,1,0
24200007284000,9,6,3,507.6
24200007285000,5,3,2,235
24200007287000,2,1,1,0
24200007288000,2,1,1,0
24200007293000,10,6,4,352
24200007296000,3,1,2,0
24200007297000,12,6,6,506.4
24200007298000,11,4,7,559.9
24200007299000,19,10,9,651.7
24200007300000,8,4,4,299.2
24200007301000,65,38,27,2697.5
24200007302000,4,3,1,0
24200007303000,8,3,5,436.8
24200007304000,6,3,3,193.8
24200007305000,44,25,19,1359.6
24200007308000,18,13,5,628.2
24200007309000,17,11,6,812.6
24200007311000,7,5,2,156.8
24200007312000,2,1,1,0
24200007318000,21,12,9,762.3
24200007319000,3,1,2,0
24200007320000,24,13,11,921.6
24200007341000,7,4,3,373.1
24200007351000,2,1,1,0
24200007372000,25,14,11,1415
24200007375000,18,11,7,653.4
24200007376000,41,21,20,1254.6
24200007377000,39,22,17,1290.9
24200007378000,6,2,4,282
24200007393000,6,2,4,240
24200007536000,24,12,12,1000.8
24200007537000,95,48,47,3287
24210007153000,11,7,4,477.4
24210007178000,6,4,2,343.2
24210007181000,4,2,2,0
24210007218000,5,2,3,320
24210007219000,12,6,6,873.6
24210007221000,4,3,1,0
24210007278000,5,3,2,360
24210007279000,7,6,1,172.9
24210007288000,6,3,3,178.2
24210007289000,5,3,2,290
24210007290000,18,8,10,464.4
24210007293000,6,4,2,205.2
24210007294000,11,7,4,416.9
24210007296000,4,4,0,0
24210007300000,5,2,3,203
24210007301000,85,46,39,3060
24210007302000,24,12,12,972
24210007303000,38,16,22,1394.6
24210007304000,56,29,27,2312.8
24210007305000,6,4,2,309
24210007309000,54,29,25,2311.2
24210007311000,44,23,21,1465.2
24210007312000,15,9,6,625.5
24210007319000,4,3,1,0
24210007321000,2,1,1,0
24210007322000,7,2,5,284.2
24210007370000,1,1,0,0
24210007372000,10,4,6,582
24210007375000,2,0,2,0
24210007389000,4,2,2,0
24210007392000,2,1,1,0
24210007396000,29,15,14,925.1
24210007410000,31,17,14,1525.2
24210007537000,8,3,5,432
24210007538000,27,15,12,1366.2
24210007549000,2,1,1,0
24220007153000,6,3,3,417
24220007224000,5,2,3,319
24220007225000,3,2,1,0
24220007248000,4,2,2,0
24220007276000,1,0,1,0
24220007277000,9,5,4,350.1
24220007278000,2,1,1,0
24220007300000,28,15,13,907.2
24220007301000,24,13,11,1065.6
24220007302000,30,22,8,747
24220007303000,10,5,5,345
24220007304000,38,22,16,1219.8
24220007309000,13,8,5,444.6
24220007310000,52,29,23,2246.4
24220007311000,38,22,16,1508.6
24220007312000,22,9,13,957
24220007319000,2,1,1,0
24220007320000,2,1,1,0
24220007321000,1,0,1,0
24220007322000,1,1,0,0
24220007323000,10,5,5,393
24220007387000,2,1,1,0
24220007390000,3,2,1,0
24220007395000,20,11,9,966
24220007410000,78,44,34,3533.4
24220007549000,1,0,1,0
24220007550000,4,2,2,0
24220007551000,1,1,0,0
24220007552000,2,1,1,0
24220007553000,11,5,6,308
24220007554000,29,14,15,1015
24220007555000,1,1,0,0
24230007151000,4,1,3,0
24230007152000,6,3,3,298.8
24230007153000,4,3,1,0
24230007186000,18,10,8,624.6
24230007226000,2,1,1,0
24230007227000,23,10,13,931.5
24230007228000,21,11,10,959.7
24230007229000,10,5,5,541
24230007234000,1,0,1,0
24230007275000,7,4,3,310.8
24230007276000,3,2,1,0
24230007297000,8,4,4,228
24230007298000,7,5,2,217.7
24230007299000,4,2,2,0
24230007300000,11,5,6,463.1
24230007309000,3,2,1,0
24230007310000,32,17,15,1436.8
24230007312000,14,9,5,474.6
24230007319000,6,3,3,201
24230007320000,2,1,1,0
24230007322000,9,6,3,407.7
24230007323000,9,5,4,378
24230007324000,7,4,3,224
24230007325000,5,4,1,179
24230007341000,6,4,2,256.8
24230007374000,8,5,3,402.4
24230007375000,3,1,2,0
24230007389000,6,5,1,121.8
24230007391000,1,1,0,0
24230007392000,5,3,2,299
24230007399000,5,2,3,114
24230007400000,4,3,1,0
24230007401000,17,9,8,630.7
24230007402000,9,4,5,169.2
24230007404000,19,9,10,687.8
24230007543000,7,4,3,405.3
24230007544000,19,7,12,925.3
24230007545000,12,4,8,621.6
24230007546000,35,20,15,1347.5
24230007548000,1,0,1,0
24230007550000,5,2,3,290
24230007552000,33,16,17,1508.1
24230007553000,95,44,51,4218
24230007554000,19,11,8,904.4
24240007152000,6,3,3,237
24240007193000,15,10,5,639
24240007224000,2,2,0,0
24240007252000,1,0,1,0
24240007255000,3,2,1,0
24240007269000,2,1,1,0
24240007273000,4,3,1,0
24240007299000,6,3,3,190.2
24240007300000,5,3,2,264
24240007301000,20,9,11,820
24240007310000,8,3,5,398.4
24240007312000,3,2,1,0
24240007319000,1,0,1,0
24240007324000,11,5,6,381.7
24240007325000,14,5,9,575.4
24240007342000,2,1,1,0
24240007375000,6,3,3,379.8
24240007376000,7,3,4,307.3
24240007377000,4,2,2,0
24240007389000,31,19,12,1066.4
24240007390000,101,53,48,3423.9
24240007392000,6,3,3,415.2
24240007398000,7,3,4,240.8
24240007399000,29,16,13,957
24240007400000,35,18,17,1316
24240007401000,5,2,3,185
24240007404000,2,1,1,0
24240007544000,12,8,4,465.6
24240007545000,8,4,4,192.8
24240007546000,39,19,20,1310.4
24240007555000,2,1,1,0
24250007146000,6,3,3,292.8
24250007152000,9,6,3,399.6
24250007183000,15,6,9,553.5
24250007193000,3,1,2,0
24250007219000,1,1,0,0
24250007229000,2,1,1,0
24250007255000,7,3,4,322
24250007256000,6,3,3,298.8
24250007257000,15,6,9,630
24250007258000,51,26,25,2289.9
24250007259000,2,0,2,0
24250007260000,12,6,6,549.6
24250007261000,15,10,5,559.5
24250007265000,1,1,0,0
24250007266000,1,1,0,0
24250007267000,20,11,9,1150
24250007268000,26,13,13,1692.6
24250007269000,284,142,142,13007.2
24250007270000,31,16,15,1466.3
24250007271000,9,4,5,449.1
24250007274000,17,8,9,812.6
24250007275000,32,16,16,1414.4
24250007276000,1,0,1,0
24250007300000,10,5,5,386
24250007301000,15,8,7,499.5
24250007302000,1,1,0,0
24250007303000,23,10,13,738.3
24250007309000,12,2,10,378
24250007310000,3,2,1,0
24250007311000,1,1,0,0
24250007312000,8,5,3,404.8
24250007319000,15,9,6,649.5
24250007325000,9,4,5,375.3
24250007326000,22,10,12,682
24250007343000,15,8,7,535.5
24250007371000,1,1,0,0
24250007377000,2,0,2,0
24250007391000,10,4,6,343
24250007398000,15,9,6,693
24250007399000,10,6,4,244
24250007402000,1,1,0,0
24250007404000,2,1,1,0
24250007405000,1,0,1,0
24250007544000,60,31,29,2526
24250007545000,12,9,3,535.2
24260007148000,3,2,1,0
24260007149000,9,4,5,320.4
24260007152000,10,3,7,517
24260007229000,2,1,1,0
24260007236000,1,1,0,0
24260007237000,6,3,3,139.8
24260007258000,8,7,1,260.8
24260007260000,15,8,7,774
24260007268000,311,163,148,12471.1
24260007269000,179,101,78,6318.7
24260007271000,8,2,6,239.2
24260007272000,11,6,5,467.5
24260007273000,12,7,5,429.6
24260007274000,33,16,17,1323.3
24260007275000,2,0,2,0
24260007303000,12,6,6,438
24260007309000,32,14,18,1283.2
24260007312000,5,3,2,333
24260007319000,1,0,1,0
24260007320000,7,3,4,244.3
24260007327000,1,0,1,0
24260007328000,1,1,0,0
24260007343000,5,3,2,252
24260007344000,47,23,24,1969.3
24260007345000,9,5,4,563.4
24260007357000,4,2,2,0
24260007358000,7,3,4,508.9
24260007391000,15,5,10,667.5
24260007398000,2,1,1,0
24260007399000,5,3,2,78
24260007404000,8,3,5,272
24260007549000,14,6,8,597.8
24260007550000,35,19,16,1291.5
24260007551000,8,5,3,379.2
24260007553000,64,29,35,2880
24260007554000,118,54,64,5463.4
24260007555000,41,21,20,1775.3
24270007147000,8,5,3,364.8
24270007152000,13,7,6,534.3
24270007172000,4,2,2,0
24270007179000,4,2,2,0
24270007239000,2,2,0,0
24270007268000,3,2,1,0
24270007277000,1,1,0,0
24270007278000,4,2,2,0
24270007303000,4,2,2,0
24270007309000,33,17,16,1115.4
24270007311000,2,1,1,0
24270007312000,18,9,9,896.4
24270007313000,2,2,0,0
24270007314000,41,21,20,1738.4
24270007315000,8,3,5,334.4
24270007320000,1,1,0,0
24270007328000,13,8,5,439.4
24270007343000,6,4,2,316.8
24270007344000,15,9,6,679.5
24270007345000,6,4,2,283.2
24270007358000,6,3,3,406.2
24270007391000,2,1,1,0
24270007392000,5,3,2,217
24270007399000,2,2,0,0
24270007404000,7,4,3,272.3
24270007408000,24,14,10,823.2
24270007412000,22,12,10,1410.2
24270007548000,19,13,6,889.2
24270007549000,25,16,9,1125
24270007554000,11,4,7,555.5
24270007555000,17,7,10,946.9
24280007147000,4,1,3,0
24280007150000,5,1,4,105
24280007158000,5,2,3,247
24280007170000,2,1,1,0
24280007171000,1,1,0,0
24280007172000,3,1,2,0
24280007258000,4,1,3,0
24280007259000,4,2,2,0
24280007260000,1,1,0,0
24280007268000,2,1,1,0
24280007279000,6,3,3,196.8
24280007307000,15,6,9,312
24280007308000,31,16,15,1398.1
24280007309000,2,2,0,0
24280007310000,14,7,7,557.2
24280007311000,10,5,5,250
24280007314000,10,5,5,420
24280007315000,2,1,1,0
24280007316000,5,2,3,173
24280007317000,8,4,4,228.8
24280007321000,27,14,13,885.6
24280007328000,9,5,4,336.6
24280007344000,3,2,1,0
24280007345000,5,2,3,161
24280007358000,2,1,1,0
24280007391000,1,0,1,0
24280007397000,2,1,1,0
24280007398000,11,4,7,591.8
24280007401000,5,3,2,143
24280007402000,4,2,2,0
24280007407000,1,1,0,0
24280007408000,16,11,5,544
24280007413000,4,1,3,0
24280007544000,1,0,1,0
24290007150000,9,4,5,254.7
24290007156000,3,1,2,0
24290007196000,3,2,1,0
24290007268000,9,4,5,367.2
24290007305000,2,1,1,0
24290007306000,1,0,1,0
24290007307000,5,2,3,115
24290007308000,9,5,4,286.2
24290007309000,4,2,2,0
24290007318000,3,2,1,0
24290007319000,19,9,10,737.2
24290007320000,2,1,1,0
24290007321000,6,3,3,265.8
24290007322000,6,3,3,376.8
24290007323000,6,3,3,145.2
24290007327000,30,13,17,1482
24290007328000,41,24,17,1836.8
24290007354000,3,2,1,0
24290007357000,5,4,1,316
24290007359000,6,2,4,153
24290007393000,5,2,3,161
24290007397000,5,3,2,280
24290007398000,25,16,9,1082.5
24290007399000,15,8,7,855
24290007402000,11,6,5,368.5
24290007412000,39,19,20,1583.4
24290007413000,21,8,13,758.1
24290007553000,18,8,10,788.4
24290007555000,5,3,2,282
24290007558000,8,2,6,268
24290007559000,21,11,10,1249.5
24300007150000,19,10,9,754.3
24300007156000,4,2,2,0
24300007169000,5,3,2,186
24300007304000,8,5,3,290.4
24300007305000,23,12,11,690
24300007307000,7,3,4,228.9
24300007322000,3,2,1,0
24300007323000,12,5,7,378
24300007324000,8,4,4,459.2
24300007328000,12,8,4,540
24300007329000,11,6,5,489.5
24300007330000,10,5,5,401
24300007341000,2,1,1,0
24300007342000,3,2,1,0
24300007354000,6,2,4,223.8
24300007357000,2,1,1,0
24300007359000,25,14,11,1140
24300007397000,21,10,11,699.3
24300007398000,82,41,41,3583.4
24300007399000,5,3,2,115
24300007401000,1,1,0,0
24300007407000,7,3,4,399
24300007408000,2,1,1,0
24300007409000,19,8,11,767.6
24300007411000,6,4,2,172.8
24300007412000,43,24,19,2012.4
24300007413000,15,8,7,480
24300007414000,6,3,3,208.2
24300007547000,18,10,8,693
24300007552000,13,6,7,313.3
24300007553000,9,5,4,336.6
24300007555000,11,6,5,420.2
24300007557000,5,3,2,231
24300007559000,55,32,23,1820.5
24310007121000,12,7,5,441.6
24310007134000,2,1,1,0
24310007149000,26,13,13,915.2
24310007194000,4,1,3,0
24310007196000,172,78,94,7069.2
24310007197000,50,29,21,2365
24310007201000,4,2,2,0
24310007205000,6,3,3,205.2
24310007245000,5,3,2,146
24310007267000,3,1,2,0
24310007303000,5,3,2,167
24310007305000,4,2,2,0
24310007323000,1,1,0,0
24310007324000,1,1,0,0
24310007330000,2,1,1,0
24310007331000,3,2,1,0
24310007341000,3,1,2,0
24310007354000,12,6,6,496.8
24310007356000,16,8,8,404.8
24310007359000,4,2,2,0
24310007390000,4,2,2,0
24310007396000,2,2,0,0
24310007397000,35,19,16,1470
24310007401000,21,10,11,907.2
24310007402000,1,1,0,0
24310007407000,2,0,2,0
24310007408000,32,14,18,777.6
24310007409000,91,51,40,3367
24310007412000,6,4,2,358.8
24310007423000,8,5,3,487.2
24310007424000,9,6,3,611.1
24310007547000,12,6,6,554.4
24310007556000,39,19,20,1587.3
24310007557000,22,12,10,1150.6
24310007562000,3,2,1,0
24320007121000,12,7,5,578.4
24320007134000,4,2,2,0
24320007148000,42,24,18,2070.6
24320007149000,180,81,99,8946
24320007155000,4,2,2,0
24320007176000,3,2,1,0
24320007196000,14,8,6,315
24320007243000,6,4,2,135
24320007246000,1,0,1,0
24320007267000,25,14,11,917.5
24320007303000,1,1,0,0
24320007323000,9,5,4,351.9
24320007324000,6,4,2,250.2
24320007325000,11,4,7,423.5
24320007332000,2,1,1,0
24320007354000,50,26,24,1770
24320007356000,8,3,5,375.2
24320007396000,2,1,1,0
24320007397000,24,11,13,1118.4
24320007399000,2,1,1,0
24320007400000,41,21,20,2156.6
24320007401000,8,4,4,411.2
24320007405000,2,1,1,0
24320007407000,4,2,2,0
24320007408000,1,1,0,0
24320007413000,5,3,2,185
24320007422000,4,2,2,0
24320007423000,8,4,4,440
24320007424000,2,1,1,0
24320007557000,1,0,1,0
24320007558000,11,7,4,438.9
24320007561000,11,6,5,732.6
24330007120000,1,0,1,0
24330007139000,1,1,0,0
24330007146000,2,1,1,0
24330007147000,13,8,5,587.6
24330007169000,5,2,3,227
24330007192000,1,0,1,0
24330007202000,2,1,1,0
24330007207000,24,14,10,1060.8
24330007243000,2,2,0,0
24330007266000,2,1,1,0
24330007267000,11,3,8,207.9
24330007325000,9,3,6,492.3
24330007347000,2,1,1,0
24330007349000,4,1,3,0
24330007353000,18,10,8,693
24330007354000,11,6,5,353.1
24330007356000,18,7,11,604.8
24330007400000,12,7,5,499.2
24330007403000,24,10,14,986.4
24330007408000,4,1,3,0
24330007409000,3,1,2,0
24330007412000,4,2,2,0
24330007413000,2,1,1,0
24330007558000,57,27,30,2171.7
24340007120000,12,7,5,339.6
24340007126000,2,2,0,0
24340007129000,14,5,9,691.6
24340007130000,20,12,8,954
24340007146000,21,11,10,779.1
24340007147000,1,1,0,0
24340007155000,11,7,4,495
24340007170000,1,1,0,0
24340007186000,4,3,1,0
24340007189000,8,5,3,252
24340007190000,6,2,4,208.8
24340007197000,2,1,1,0
24340007250000,1,1,0,0
24340007266000,5,2,3,94
24340007267000,2,1,1,0
24340007299000,5,4,1,244
24340007326000,6,3,3,259.2
24340007327000,6,4,2,364.8
24340007328000,5,3,2,120
24340007329000,9,4,5,372.6
24340007330000,10,5,5,581
24340007331000,14,6,8,456.4
24340007332000,38,21,17,1960.8
24340007350000,9,5,4,386.1
24340007353000,51,27,24,2040
24340007354000,5,3,2,233
24340007355000,7,5,2,366.8
24340007395000,2,1,1,0
24340007402000,1,0,1,0
24340007403000,46,22,24,1978
24340007407000,1,0,1,0
24340007408000,67,35,32,2546
24340007409000,42,19,23,2394
24340007410000,31,13,18,1488
24340007412000,8,4,4,450.4
24340007413000,2,1,1,0
24340007558000,78,35,43,3143.4
24340007560000,5,2,3,179
24340007561000,8,5,3,252.8
24350007128000,6,4,2,241.8
24350007129000,3,2,1,0
24350007141000,8,5,3,368
24350007143000,1,1,0,0
24350007147000,11,7,4,444.4
24350007173000,4,3,1,0
24350007185000,18,10,8,687.6
24350007186000,7,3,4,296.1
24350007248000,5,4,1,125
24350007251000,3,2,1,0
24350007260000,6,3,3,159
24350007266000,1,1,0,0
24350007324000,4,2,2,0
24350007326000,5,1,4,75
24350007327000,3,2,1,0
24350007334000,4,0,4,0
24350007344000,3,2,1,0
24350007350000,2,1,1,0
24350007351000,1,1,0,0
24350007352000,5,1,4,224
24350007353000,120,53,67,3984
24350007354000,14,8,6,639.8
24350007355000,11,7,4,555.5
24350007379000,2,1,1,0
24350007395000,15,5,10,541.5
24350007403000,28,17,11,1041.6
24350007406000,9,5,4,513.9
24350007407000,168,84,84,7341.6
24350007408000,17,7,10,693.6
24350007409000,33,15,18,1115.4
24350007410000,29,15,14,1064.3
24350007425000,8,4,4,328
24350007558000,123,62,61,4858.5
24350007559000,26,13,13,1084.2
24360007127000,3,2,1,0
24360007128000,1,1,0,0
24360007147000,13,7,6,505.7
24360007154000,5,2,3,229
24360007155000,14,9,5,516.6
24360007157000,1,1,0,0
24360007169000,2,1,1,0
24360007170000,7,5,2,214.2
24360007172000,7,2,5,282.8
24360007251000,2,1,1,0
24360007255000,2,1,1,0
24360007260000,4,2,2,0
24360007261000,8,5,3,272
24360007267000,2,2,0,0
24360007322000,6,5,1,256.2
24360007324000,1,1,0,0
24360007326000,3,2,1,0
24360007334000,5,2,3,190
24360007335000,6,3,3,466.8
24360007349000,1,1,0,0
24360007350000,1,1,0,0
24360007352000,6,3,3,231
24360007353000,151,81,70,6085.3
24360007354000,10,5,5,365
24360007392000,5,3,2,293
24360007393000,2,1,1,0
24360007401000,4,2,2,0
24360007402000,90,47,43,3186
24360007403000,179,82,97,7589.6
24360007404000,60,36,24,2034
24360007406000,56,29,27,1775.2
24360007407000,14,8,6,586.6
24360007410000,2,1,1,0
24360007413000,17,8,9,688.5
24360007424000,19,11,8,856.9
24360007553000,4,2,2,0
24360007554000,2,0,2,0
24360007555000,37,21,16,1461.5
24360007556000,17,12,5,552.5
24360007557000,4,3,1,0
24370007117000,12,6,6,402
24370007124000,8,2,6,272
24370007126000,25,14,11,927.5
24370007147000,8,5,3,344
24370007148000,5,3,2,246
24370007154000,4,2,2,0
24370007155000,11,5,6,467.5
24370007156000,8,3,5,568
24370007167000,8,4,4,366.4
24370007168000,7,2,5,385
24370007169000,23,12,11,947.6
24370007184000,6,2,4,201
24370007196000,8,3,5,496
24370007197000,6,4,2,376.2
24370007254000,1,1,0,0
24370007255000,7,5,2,221.2
24370007256000,11,8,3,458.7
24370007261000,2,1,1,0
24370007262000,7,4,3,349.3
24370007274000,2,1,1,0
24370007322000,5,3,2,252
24370007325000,6,3,3,232.2
24370007345000,546,270,276,24733.8
24370007353000,15,8,7,676.5
24370007393000,4,3,1,0
24370007401000,4,1,3,0
24370007402000,21,12,9,1169.7
24370007403000,156,76,80,5382
24370007404000,13,3,10,422.5
24370007406000,38,20,18,1360.4
24370007410000,9,5,4,502.2
24370007421000,17,9,8,724.2
24370007424000,2,1,1,0
24370007425000,2,1,1,0
24370007555000,2,2,0,0
24370007556000,10,5,5,401
24370007557000,36,21,15,1526.4
24370007558000,14,7,7,628.6
24370007563000,2,1,1,0
24380007117000,5,3,2,105
24380007118000,2,1,1,0
24380007125000,22,11,11,1042.8
24380007126000,2,2,0,0
24380007147000,22,12,10,842.6
24380007155000,4,1,3,0
24380007168000,1,1,0,0
24380007169000,2,1,1,0
24380007196000,7,2,5,310.8
24380007255000,2,1,1,0
24380007257000,8,3,5,374.4
24380007258000,4,2,2,0
24380007259000,1,1,0,0
24380007260000,7,3,4,259
24380007261000,2,1,1,0
24380007269000,1,1,0,0
24380007343000,12,5,7,520.8
24380007345000,619,301,318,25131.4
24380007346000,133,64,69,4814.6
24380007352000,11,5,6,739.2
24380007353000,7,4,3,182.7
24380007400000,2,1,1,0
24380007403000,11,7,4,368.5
24380007406000,8,3,5,262.4
24380007410000,34,16,18,1713.6
24380007421000,10,5,5,444
24380007422000,63,35,28,2148.3
24380007551000,63,29,34,2268
24380007552000,59,30,29,2277.4
24380007553000,6,4,2,198
24380007556000,106,50,56,4038.6
24380007557000,174,87,87,5689.8
24380007558000,35,16,19,1550.5
24380007559000,19,9,10,418
24380007560000,6,2,4,175.2
24380007562000,9,4,5,297
24380007567000,21,7,14,812.7
24390007117000,2,2,0,0
24390007124000,5,3,2,170
24390007125000,42,19,23,1541.4
24390007154000,7,4,3,216.3
24390007174000,3,0,3,0
24390007176000,2,2,0,0
24390007181000,2,2,0,0
24390007195000,10,5,5,374
24390007261000,3,2,1,0
24390007266000,7,3,4,207.9
24390007267000,2,2,0,0
24390007268000,6,2,4,309
24390007343000,35,18,17,1438.5
24390007344000,14,7,7,796.6
24390007345000,13,6,7,608.4
24390007346000,9,6,3,546.3
24390007353000,16,6,10,635.2
24390007400000,3,3,0,0
24390007403000,8,4,4,252
24390007404000,5,3,2,300
24390007406000,4,2,2,0
24390007410000,4,2,2,0
24390007419000,3,2,1,0
24390007421000,53,26,27,1812.6
24390007422000,107,56,51,3638
24390007423000,42,19,23,1705.2
24390007424000,7,4,3,268.8
24390007551000,322,166,156,11753
24390007552000,357,181,176,13601.7
24390007553000,112,57,55,3841.6
24390007554000,107,54,53,3712.9
24390007555000,93,50,43,3431.7
24390007556000,522,262,260,21349.8
24390007557000,537,255,282,19761.6
24390007558000,92,51,41,3956
24390007559000,56,24,32,2139.2
24390007560000,29,13,16,1067.2
24390007561000,8,3,5,607.2
24390007563000,7,3,4,294.7
24390007565000,11,8,3,431.2
24400007124000,45,26,19,1773
24400007154000,11,6,5,398.2
24400007176000,9,6,3,279
24400007195000,9,5,4,466.2
24400007264000,2,1,1,0
24400007267000,1,0,1,0
24400007269000,4,1,3,0
24400007341000,2,0,2,0
24400007345000,2,1,1,0
24400007346000,5,4,1,289
24400007347000,3,2,1,0
24400007353000,16,7,9,579.2
24400007400000,1,1,0,0
24400007404000,3,2,1,0
24400007405000,2,2,0,0
24400007406000,13,4,9,418.6
24400007416000,1,0,1,0
24400007419000,5,3,2,222
24400007420000,10,6,4,605
24400007421000,116,55,61,4790.8
24400007422000,86,40,46,3190.6
24400007423000,1,1,0,0
24400007552000,1,1,0,0
24400007553000,7,5,2,310.1
24400007554000,3,2,1,0
24400007555000,30,17,13,1419
24400007556000,216,104,112,8445.6
24400007558000,32,19,13,1433.6
24400007559000,5,3,2,213
24400007562000,7,3,4,370.3
24400007563000,8,4,4,475.2
24410007123000,2,1,1,0
24410007195000,3,2,1,0
24410007340000,3,2,1,0
24410007347000,9,4,5,352.8
24410007353000,10,5,5,432
24410007378000,7,4,3,252.7
24410007400000,1,1,0,0
24410007404000,17,8,9,523.6
24410007405000,11,6,5,561
24410007406000,17,7,10,943.5
24410007414000,4,2,2,0
24410007415000,4,2,2,0
24410007418000,24,12,12,1080
24410007419000,3,1,2,0
24410007421000,34,15,19,1071
24410007422000,22,12,10,924
24410007558000,112,49,63,3617.6
24410007559000,471,206,265,20818.2
24410007560000,21,8,13,1125.6
24410007561000,23,12,11,920
24410007563000,9,3,6,210.6
24410007564000,43,20,23,1634
24410007565000,7,5,2,217
24410007570000,3,2,1,0
24410007573000,23,12,11,1283.4
24420007122000,15,7,8,652.5
24420007123000,17,10,7,440.3
24420007145000,3,2,1,0
24420007154000,7,4,3,251.3
24420007272000,2,1,1,0
24420007306000,1,1,0,0
24420007340000,8,5,3,364
24420007341000,5,3,2,152
24420007349000,5,3,2,181
24420007351000,3,1,2,0
24420007353000,32,15,17,1200
24420007399000,3,2,1,0
24420007401000,8,5,3,540
24420007404000,5,2,3,248
24420007405000,1,1,0,0
24420007410000,1,1,0,0
24420007415000,18,9,9,759.6
24420007416000,2,1,1,0
24420007417000,7,3,4,156.1
24420007418000,111,54,57,4306.8
24420007421000,18,10,8,770.4
24420007422000,22,13,9,1194.6
24420007424000,1,1,0,0
24420007425000,5,3,2,326
24420007426000,5,3,2,125
24420007558000,67,40,27,2747
24420007559000,621,287,334,27324
24420007560000,563,296,267,19873.9
24420007561000,25,15,10,1427.5
24420007562000,28,19,9,1033.2
24420007563000,14,7,7,600.6
24420007564000,12,6,6,567.6
24420007565000,1,0,1,0
24420007571000,15,8,7,703.5
24430007116000,5,3,2,315
24430007117000,13,5,8,656.5
24430007118000,7,4,3,496.3
24430007121000,7,4,3,338.1
24430007122000,102,48,54,4192.2
24430007128000,1,0,1,0
24430007148000,2,1,1,0
24430007154000,19,9,10,606.1
24430007196000,8,2,6,284.8
24430007308000,4,2,2,0
24430007309000,7,6,1,375.2
24430007341000,7,5,2,305.2
24430007347000,1,0,1,0
24430007349000,9,4,5,459.9
24430007351000,10,6,4,587
24430007352000,23,13,10,782
24430007353000,10,6,4,466
24430007399000,3,2,1,0
24430007404000,2,2,0,0
24430007410000,2,1,1,0
24430007414000,59,30,29,2767.1
24430007415000,250,132,118,9950
24430007416000,167,82,85,6663.3
24430007417000,417,201,216,19348.8
24430007418000,463,225,238,18520
24430007421000,2,1,1,0
24430007422000,23,12,11,696.9
24430007425000,30,16,14,984
24430007426000,2,1,1,0
24430007552000,13,4,9,458.9
24430007553000,8,5,3,398.4
24430007554000,9,5,4,406.8
24430007555000,42,25,17,1617
24430007556000,26,11,15,1016.6
24430007557000,91,40,51,3266.9
24430007558000,31,19,12,1209
24430007559000,593,307,286,23542.1
24430007560000,421,196,225,14019.3
24430007561000,224,117,107,7392
24430007562000,60,26,34,2364
24430007563000,46,24,22,1591.6
24430007564000,19,12,7,750.5
24430007566000,5,3,2,78
24430007570000,46,19,27,1472
24430007571000,34,19,15,1060.8
24440007116000,79,40,39,3223.2
24440007195000,5,3,2,105
24440007283000,4,2,2,0
24440007306000,12,7,5,549.6
24440007316000,3,2,1,0
24440007317000,1,1,0,0
24440007326000,3,1,2,0
24440007339000,1,0,1,0
24440007341000,24,12,12,818.4
24440007349000,2,1,1,0
24440007353000,24,12,12,1303.2
24440007404000,25,15,10,857.5
24440007414000,155,81,74,6246.5
24440007415000,95,52,43,3391.5
24440007416000,212,114,98,7928.8
24440007417000,10,4,6,484
24440007418000,24,10,14,748.8
24440007421000,4,2,2,0
24440007422000,18,9,9,738
24440007425000,42,22,20,1793.4
24440007426000,8,4,4,183.2
24440007428000,4,1,3,0
24440007554000,15,7,8,658.5
24440007555000,23,9,14,807.3
24440007556000,43,24,19,1625.4
24440007558000,75,39,36,2145
24440007559000,35,17,18,1312.5
24440007560000,37,18,19,1790.8
24440007561000,11,6,5,402.6
24440007564000,102,53,49,3386.4
24440007565000,28,16,12,1002.4
24440007566000,38,19,19,1345.2
24440007567000,6,4,2,262.8
24440007569000,1,1,0,0
24440007570000,58,28,30,1977.8
24440007571000,12,7,5,441.6
24450007111000,10,6,4,446
24450007112000,2,1,1,0
24450007115000,34,17,17,1411
24450007116000,5,1,4,209
24450007195000,11,7,4,522.5
24450007274000,12,5,7,366
24450007283000,4,2,2,0
24450007284000,6,3,3,253.8
24450007307000,2,2,0,0
24450007308000,48,25,23,1608
24450007309000,31,16,15,1388.8
24450007310000,63,34,29,2803.5
24450007311000,5,3,2,152
24450007312000,1,1,0,0
24450007313000,2,1,1,0
24450007314000,2,1,1,0
24450007325000,4,3,1,0
24450007326000,77,42,35,1978.9
24450007327000,17,8,9,782
24450007328000,172,91,81,7120.8
24450007329000,100,54,46,3900
24450007330000,16,10,6,750.4
24450007331000,7,3,4,305.9
24450007332000,20,8,12,690
24450007333000,13,6,7,533
24450007334000,16,11,5,849.6
24450007335000,13,9,4,682.5
24450007336000,11,6,5,422.4
24450007337000,8,6,2,468.8
24450007338000,10,6,4,367
24450007340000,52,26,26,1788.8
24450007341000,278,145,133,10925.4
24450007342000,40,19,21,1100
24450007344000,4,3,1,0
24450007350000,3,1,2,0
24450007352000,12,6,6,534
24450007353000,15,7,8,571.5
24450007402000,4,2,2,0
24450007404000,21,12,9,709.8
24450007405000,7,3,4,310.8
24450007408000,1,0,1,0
24450007413000,133,64,69,5586
24450007414000,154,81,73,5713.4
24450007415000,18,9,9,662.4
24450007416000,44,20,24,1474
24450007417000,2,2,0,0
24450007422000,9,3,6,350.1
24450007425000,7,4,3,363.3
24450007426000,39,21,18,1524.9
24450007465000,17,8,9,649.4
24450007555000,16,7,9,833.6
24450007556000,4,2,2,0
24450007560000,16,9,7,617.6
24450007561000,2,1,1,0
24450007564000,5,3,2,149
24450007565000,52,29,23,1752.4
24450007566000,53,30,23,2072.3
24450007567000,37,19,18,1184
24450007568000,7,5,2,168
24450007570000,52,22,30,1944.8
24450007571000,18,10,8,707.4
24450007577000,59,31,28,2920.5
24460007111000,2,1,1,0
24460007150000,6,3,3,310.8
24460007273000,10,5,5,399
24460007309000,6,4,2,390
24460007310000,64,33,31,2969.6
24460007311000,11,7,4,488.4
24460007324000,5,2,3,169
24460007325000,4,3,1,0
24460007326000,7,4,3,340.2
24460007327000,3,3,0,0
24460007328000,188,98,90,7595.2
24460007329000,210,95,115,9912
24460007330000,10,6,4,382
24460007331000,19,9,10,442.7
24460007333000,7,4,3,328.3
24460007334000,5,2,3,205
24460007335000,36,19,17,1432.8
24460007336000,25,12,13,927.5
24460007340000,17,10,7,603.5
24460007343000,2,1,1,0
24460007344000,2,1,1,0
24460007346000,1,0,1,0
24460007351000,4,2,2,0
24460007352000,7,3,4,282.8
24460007353000,6,4,2,199.2
24460007401000,2,1,1,0
24460007402000,14,9,5,597.8
24460007404000,4,2,2,0
24460007412000,1,1,0,0
24460007413000,162,88,74,6706.8
24460007414000,2,1,1,0
24460007417000,5,2,3,181
24460007449000,2,2,0,0
24460007450000,3,1,2,0
24460007553000,8,5,3,422.4
24460007554000,3,0,3,0
24460007555000,52,25,27,2808
24460007556000,45,23,22,2155.5
24460007566000,21,11,10,743.4
24460007567000,29,17,12,1046.9
24460007569000,6,3,3,184.8
24460007570000,34,19,15,1268.2
24460007571000,35,18,17,1253
24460007577000,18,11,7,700.2
24470007109000,4,3,1,0
24470007152000,5,3,2,236
24470007196000,3,2,1,0
24470007273000,3,2,1,0
24470007285000,12,5,7,276
24470007308000,6,3,3,235.8
24470007309000,5,3,2,207
24470007310000,2,1,1,0
24470007311000,2,1,1,0
24470007316000,2,2,0,0
24470007320000,5,2,3,306
24470007321000,5,4,1,151
24470007322000,8,6,2,208.8
24470007323000,52,30,22,2184
24470007324000,14,8,6,659.4
24470007325000,5,3,2,261
24470007327000,12,7,5,458.4
24470007328000,10,4,6,288
24470007329000,209,99,110,10115.6
24470007330000,40,21,19,1664
24470007331000,12,4,8,566.4
24470007333000,5,2,3,187
24470007335000,27,15,12,1296
24470007336000,313,159,154,10391.6
24470007337000,142,69,73,6205.4
24470007338000,20,10,10,628
24470007344000,8,4,4,250.4
24470007351000,15,7,8,612
24470007353000,1,1,0,0
24470007401000,4,3,1,0
24470007402000,6,3,3,124.8
24470007411000,70,40,30,2737
24470007417000,3,1,2,0
24470007427000,5,2,3,384
24470007428000,14,7,7,814.8
24470007450000,18,12,6,748.8
24470007451000,2,1,1,0
24470007554000,7,4,3,289.8
24470007555000,10,4,6,356
24470007556000,2,1,1,0
24470007558000,13,6,7,458.9
24470007559000,9,3,6,366.3
24470007560000,37,22,15,1905.5
24470007566000,21,7,14,1031.1
24470007567000,35,17,18,1540
24470007568000,68,35,33,2740.4
24470007569000,51,33,18,1841.1
24470007573000,14,7,7,620.2
24470007574000,14,6,8,791
24470007575000,6,5,1,397.8
24480007108000,1,0,1,0
24480007152000,4,3,1,0
24480007283000,7,3,4,266
24480007286000,3,1,2,0
24480007302000,5,1,4,208
24480007306000,6,4,2,304.2
24480007307000,1,1,0,0
24480007308000,1,1,0,0
24480007311000,68,39,29,3032.8
24480007312000,3,1,2,0
24480007322000,18,10,8,721.8
24480007323000,9,4,5,375.3
24480007329000,54,32,22,1868.4
24480007330000,2,1,1,0
24480007336000,15,9,6,418.5
24480007337000,23,12,11,1044.2
24480007338000,13,5,8,365.3
24480007344000,1,1,0,0
24480007345000,4,2,2,0
24480007401000,6,3,3,361.8
24480007427000,25,13,12,1260
24480007558000,14,7,7,484.4
24480007559000,32,15,17,1299.2
24480007560000,37,18,19,1476.3
24480007561000,13,6,7,477.1
24480007569000,55,28,27,2392.5
24480007570000,149,82,67,6109
24480007571000,42,19,23,1806
24490007107000,2,1,1,0
24490007110000,3,2,1,0
24490007113000,3,2,1,0
24490007275000,10,7,3,367
24490007276000,10,6,4,208
24490007277000,5,2,3,243
24490007278000,5,3,2,162
24490007301000,3,2,1,0
24490007313000,5,2,3,195
24490007321000,9,5,4,302.4
24490007328000,1,0,1,0
24490007329000,27,13,14,1331.1
24490007337000,4,2,2,0
24490007346000,3,2,1,0
24490007368000,3,3,0,0
24490007371000,3,2,1,0
24490007372000,2,1,1,0
24490007402000,4,2,2,0
24490007417000,2,1,1,0
24490007556000,34,16,18,1819
24490007557000,9,5,4,507.6
24490007558000,6,2,4,264
24490007559000,2,1,1,0
24490007560000,49,29,20,1881.6
24490007561000,16,9,7,537.6
24490007569000,9,5,4,444.6
24490007570000,11,4,7,398.2
24490007571000,85,37,48,3459.5
24490007572000,53,23,30,2125.3
24490007574000,6,3,3,219
24500007109000,16,11,5,521.6
24500007277000,2,1,1,0
24500007278000,7,3,4,266
24500007294000,1,1,0,0
24500007306000,8,6,2,310.4
24500007307000,5,2,3,269
24500007321000,11,7,4,463.1
24500007328000,8,5,3,247.2
24500007329000,4,1,3,0
24500007337000,2,0,2,0
24500007346000,27,18,9,891
24500007350000,14,8,6,677.6
24500007367000,2,1,1,0
24500007370000,1,1,0,0
24500007402000,1,1,0,0
24500007560000,4,2,2,0
24500007561000,14,8,6,596.4
24500007569000,10,7,3,404
24500007572000,11,3,8,257.4
24500007573000,18,7,11,957.6
24510007108000,10,4,6,526
24510007196000,4,2,2,0
24510007255000,4,3,1,0
24510007275000,2,1,1,0
24510007276000,3,1,2,0
24510007278000,2,1,1,0
24510007288000,13,7,6,755.3
24510007289000,2,2,0,0
24510007305000,4,2,2,0
24510007321000,7,4,3,352.8
24510007328000,12,6,6,343.2
24510007337000,11,5,6,378.4
24510007346000,2,1,1,0
24510007353000,10,4,6,402
24510007369000,1,1,0,0
24510007401000,1,1,0,0
24510007402000,2,1,1,0
24510007556000,13,8,5,603.2
24510007557000,203,107,96,7429.8
24510007558000,480,219,261,21120
24510007559000,86,43,43,3336.8
24510007560000,12,6,6,406.8
24510007562000,1,1,0,0
24510007564000,1,0,1,0
24510007565000,2,1,1,0
24510007570000,1,0,1,0
24510007571000,4,1,3,0
24510007572000,44,26,18,2142.8
24510007573000,1,1,0,0
24520007104000,2,1,1,0
24520007108000,3,2,1,0
24520007114000,22,9,13,631.4
24520007253000,12,6,6,519.6
24520007254000,20,9,11,768
24520007255000,18,10,8,396
24520007256000,6,2,4,181.2
24520007275000,6,3,3,289.2
24520007297000,11,5,6,365.2
24520007306000,2,2,0,0
24520007327000,4,1,3,0
24520007328000,1,1,0,0
24520007337000,6,4,2,357
24520007338000,7,3,4,315.7
24520007346000,6,3,3,253.2
24520007347000,1,1,0,0
24520007354000,35,19,16,1375.5
24520007402000,1,1,0,0
24520007432000,2,0,2,0
24520007476000,57,30,27,2314.2
24520007477000,20,8,12,874
24520007556000,3,0,3,0
24520007557000,184,90,94,7488.8
24520007558000,80,42,38,3496
24520007559000,35,17,18,1484
24520007560000,19,12,7,834.1
24520007564000,4,2,2,0
24520007569000,13,7,6,809.9
24520007570000,5,2,3,234
24520007571000,34,17,17,1360
24520007572000,1,0,1,0
24520007574000,2,1,1,0
24520007576000,2,1,1,0
24520007577000,3,2,1,0
24530007108000,7,4,3,224.7
24530007114000,1,1,0,0
24530007115000,5,2,3,131
24530007151000,5,3,2,232
24530007251000,10,5,5,400
24530007252000,5,2,3,276
24530007253000,15,8,7,595.5
24530007254000,3,1,2,0
24530007256000,7,4,3,247.8
24530007257000,3,1,2,0
24530007267000,4,2,2,0
24530007273000,3,2,1,0
24530007274000,10,4,6,328
24530007275000,267,123,144,12762.6
24530007276000,5,2,3,341
24530007306000,20,10,10,670
24530007327000,8,3,5,348.8
24530007328000,8,3,5,376
24530007338000,19,11,8,777.1
24530007347000,25,15,10,1110
24530007348000,18,10,8,777.6
24530007349000,142,76,66,6106
24530007350000,1,0,1,0
24530007354000,72,40,32,2491.2
24530007356000,4,2,2,0
24530007357000,31,15,16,1277.2
24530007367000,12,8,4,567.6
24530007410000,31,15,16,1085
24530007411000,340,165,175,14314
24530007425000,1,0,1,0
24530007476000,5,2,3,61
24530007477000,1,1,0,0
24530007564000,4,1,3,0
24530007565000,2,2,0,0
24530007566000,16,8,8,622.4
24530007569000,3,2,1,0
24530007575000,7,3,4,396.2
24530007576000,6,3,3,295.2
24530007577000,39,21,18,1353.3
24530007578000,27,15,12,1609.2
24530007579000,1,1,0,0
24530007580000,1,1,0,0
24540007114000,7,3,4,389.2
24540007251000,4,2,2,0
24540007252000,2,1,1,0
24540007259000,2,1,1,0
24540007260000,7,4,3,424.9
24540007261000,4,3,1,0
24540007263000,5,3,2,298
24540007264000,7,3,4,272.3
24540007265000,4,3,1,0
24540007266000,2,1,1,0
24540007268000,7,4,3,282.1
24540007272000,4,2,2,0
24540007273000,12,6,6,844.8
24540007274000,272,139,133,11152
24540007275000,99,46,53,4316.4
24540007276000,1,1,0,0
24540007277000,4,3,1,0
24540007298000,5,3,2,194
24540007306000,9,4,5,518.4
24540007307000,5,5,0,281
24540007327000,8,3,5,392
24540007347000,88,46,42,2895.2
24540007348000,185,93,92,7067
24540007349000,2,1,1,0
24540007350000,35,19,16,1358
24540007354000,14,8,6,786.8
24540007355000,32,17,15,1203.2
24540007357000,23,11,12,627.9
24540007363000,2,0,2,0
24540007410000,221,110,111,8243.3
24540007411000,469,250,219,17259.2
24540007427000,16,8,8,638.4
24540007432000,7,4,3,282.1
24540007446000,29,16,13,1038.2
24540007447000,2,1,1,0
24540007478000,3,2,1,0
24540007565000,9,5,4,369.9
24540007566000,2,2,0,0
24540007570000,14,5,9,428.4
24540007574000,5,2,3,329
24540007575000,4,2,2,0
24540007577000,1,1,0,0
24540007578000,6,3,3,220.8
24540007580000,1,1,0,0
24550007112000,4,2,2,0
24550007249000,1,1,0,0
24550007250000,4,3,1,0
24550007251000,2,1,1,0
24550007258000,9,4,5,396
24550007262000,5,3,2,164
24550007263000,6,3,3,286.8
24550007267000,19,10,9,573.8
24550007274000,2,1,1,0
24550007275000,5,3,2,166
24550007276000,7,4,3,275.8
24550007277000,23,10,13,1014.3
24550007278000,3,2,1,0
24550007279000,5,1,4,214
24550007306000,2,1,1,0
24550007326000,9,6,3,489.6
24550007337000,1,0,1,0
24550007347000,37,23,14,1846.3
24550007348000,17,8,9,858.5
24550007350000,2,1,1,0
24550007354000,85,49,36,2660.5
24550007355000,32,17,15,1072
24550007359000,7,2,5,282.8
24550007363000,12,8,4,235.2
24550007365000,4,2,2,0
24550007410000,119,62,57,3653.3
24550007411000,13,5,8,642.2
24550007427000,21,10,11,669.9
24550007428000,11,6,5,588.5
24550007429000,21,11,10,997.5
24550007432000,11,6,5,629.2
24550007446000,49,26,23,2288.3
24550007447000,125,66,59,4850
24550007448000,5,1,4,90
24550007564000,12,9,3,717.6
24550007569000,3,1,2,0
24550007571000,2,1,1,0
24550007572000,10,4,6,387
24550007573000,16,5,11,908.8
24550007574000,22,6,16,1469.6
24550007576000,2,1,1,0
24550007578000,1,1,0,0
24550007579000,9,4,5,482.4
24550007581000,2,1,1,0
24560007114000,2,1,1,0
24560007249000,7,5,2,293.3
24560007259000,2,1,1,0
24560007267000,4,2,2,0
24560007274000,27,15,12,974.7
24560007275000,2,1,1,0
24560007277000,9,4,5,251.1
24560007278000,4,2,2,0
24560007280000,1,1,0,0
24560007325000,10,4,6,392
24560007326000,8,2,6,314.4
24560007338000,1,1,0,0
24560007346000,11,6,5,402.6
24560007347000,92,48,44,3624.8
24560007350000,1,1,0,0
24560007351000,41,22,19,1988.5
24560007354000,135,72,63,4077
24560007355000,10,6,4,388
24560007362000,2,1,1,0
24560007363000,4,3,1,0
24560007428000,1,1,0,0
24560007429000,7,5,2,469.7
24560007448000,21,11,10,1203.3
24560007449000,11,5,6,772.2
24560007462000,1,1,0,0
24560007463000,1,1,0,0
24560007478000,3,2,1,0
24560007480000,7,5,2,420.7
24560007564000,14,5,9,571.2
24560007565000,35,17,18,1421
24560007572000,2,1,1,0
24560007573000,28,15,13,1341.2
24570007249000,3,2,1,0
24570007267000,2,1,1,0
24570007274000,8,3,5,340.8
24570007276000,17,11,6,447.1
24570007277000,8,6,2,248
24570007279000,7,4,3,261.8
24570007280000,1,1,0,0
24570007281000,6,5,1,244.2
24570007291000,2,1,1,0
24570007292000,6,1,5,172.8
24570007325000,11,5,6,304.7
24570007335000,2,1,1,0
24570007346000,8,5,3,504.8
24570007347000,52,25,27,1877.2
24570007351000,296,149,147,11218.4
24570007352000,393,188,205,16113
24570007355000,61,31,30,2220.4
24570007359000,2,1,1,0
24570007368000,6,4,2,331.8
24570007434000,137,68,69,5795.1
24570007435000,301,139,162,12551.7
24570007436000,6,3,3,321
24570007442000,5,1,4,331
24570007443000,35,19,16,1221.5
24570007564000,3,1,2,0
24570007565000,6,3,3,276
24570007573000,14,6,8,609
24570007574000,5,3,2,256
24570007581000,12,8,4,693.6
24580007249000,11,4,7,423.5
24580007258000,8,4,4,310.4
24580007276000,19,13,6,790.4
24580007279000,1,1,0,0
24580007281000,1,1,0,0
24580007283000,1,1,0,0
24580007307000,1,0,1,0
24580007325000,15,8,7,454.5
24580007339000,6,2,4,151.2
24580007347000,22,13,9,785.4
24580007352000,974,492,482,35258.8
24580007355000,2,1,1,0
24580007356000,62,30,32,2225.8
24580007359000,4,1,3,0
24580007362000,4,2,2,0
24580007430000,4,1,3,0
24580007433000,15,7,8,321
24580007435000,105,54,51,4399.5
24580007436000,105,50,55,4200
24580007438000,6,4,2,267
24580007439000,25,8,17,1255
24580007440000,21,10,11,854.7
24580007442000,11,5,6,651.2
24580007443000,9,4,5,200.7
24580007444000,17,7,10,758.2
24580007445000,3,2,1,0
24580007446000,3,2,1,0
24580007564000,2,1,1,0
24580007565000,8,5,3,427.2
24580007571000,8,5,3,394.4
24580007572000,6,4,2,298.8
24580007573000,1,1,0,0
24580007574000,18,8,10,730.8
24580007575000,11,3,8,730.4
24580007576000,9,4,5,462.6
24580007579000,5,2,3,315
24580007580000,9,6,3,522.9
24590007249000,12,7,5,333.6
24590007258000,2,1,1,0
24590007269000,1,1,0,0
24590007274000,2,1,1,0
24590007279000,2,2,0,0
24590007281000,6,4,2,219
24590007282000,4,2,2,0
24590007300000,1,0,1,0
24590007306000,1,1,0,0
24590007308000,4,3,1,0
24590007351000,4,2,2,0
24590007352000,322,176,146,12042.8
24590007356000,70,34,36,2793
24590007357000,1004,524,480,37449.2
24590007358000,244,122,122,7149.2
24590007363000,2,1,1,0
24590007430000,14,9,5,585.2
24590007431000,2,1,1,0
24590007439000,6,4,2,376.8
24590007440000,3,2,1,0
24590007445000,19,10,9,870.2
24590007446000,41,20,21,1508.8
24590007571000,8,4,4,480.8
24590007572000,4,3,1,0
24590007574000,2,1,1,0
24590007577000,15,7,8,651
24590007578000,14,4,10,641.2
24600007249000,7,3,4,210
24600007268000,5,3,2,161
24600007271000,9,4,5,268.2
24600007282000,18,9,9,727.2
24600007283000,5,1,4,215
24600007301000,3,2,1,0
24600007303000,2,1,1,0
24600007306000,7,4,3,434.7
24600007308000,7,4,3,490
24600007346000,1,1,0,0
24600007353000,454,233,221,18614
24600007354000,382,163,219,22996.4
24600007355000,20,10,10,938
24600007357000,831,438,393,29916
24600007358000,1094,578,516,39055.8
24600007359000,111,51,60,3751.8
24600007360000,11,8,3,279.4
24600007362000,2,1,1,0
24600007446000,16,9,7,772.8
24600007447000,40,14,26,2084
24600007448000,25,11,14,1102.5
24600007565000,3,0,3,0
24600007566000,13,8,5,687.7
24600007567000,7,3,4,312.9
24600007572000,10,4,6,721
24600007573000,19,10,9,813.2
24610007249000,1,1,0,0
24610007255000,5,2,3,186
24610007256000,2,1,1,0
24610007284000,2,1,1,0
24610007285000,8,4,4,288
24610007350000,2,1,1,0
24610007353000,147,79,68,6806.1
24610007354000,1509,709,800,73790.1
24610007355000,1417,692,725,59514
24610007356000,5,4,1,121
24610007357000,311,161,150,10822.8
24610007358000,1291,617,674,52414.6
24610007359000,82,41,41,3214.4
24610007365000,2,1,1,0
24610007434000,1,1,0,0
24610007435000,4,2,2,0
24610007436000,11,5,6,564.3
24610007447000,19,9,10,830.3
24610007448000,6,3,3,133.2
24610007567000,11,6,5,372.9
24610007568000,2,2,0,0
24610007573000,17,9,8,970.7
24610007574000,9,4,5,500.4
24620007249000,7,4,3,452.9
24620007255000,2,1,1,0
24620007263000,4,2,2,0
24620007272000,5,4,1,267
24620007300000,13,7,6,365.3
24620007305000,1,1,0,0
24620007350000,12,7,5,506.4
24620007354000,84,52,32,3183.6
24620007355000,1659,803,856,65862.3
24620007356000,472,230,242,20862.4
24620007357000,461,224,237,18301.7
24620007358000,194,96,98,7294.4
24620007365000,2,1,1,0
24620007427000,2,1,1,0
24620007568000,4,3,1,0
24620007574000,4,3,1,0
24620007575000,1,1,0,0
24620007576000,4,3,1,0
24620007577000,3,2,1,0
24620007578000,1,1,0,0
24620007580000,2,2,0,0
24620007581000,4,2,2,0
24630007249000,5,3,2,214
24630007265000,6,4,2,246
24630007267000,4,2,2,0
24630007272000,8,5,3,328.8
24630007297000,4,2,2,0
24630007300000,10,4,6,587
24630007303000,8,4,4,482.4
24630007355000,1222,563,659,47047
24630007356000,1577,738,839,68441.8
24630007357000,94,51,43,3910.4
24630007361000,2,1,1,0
24630007428000,16,9,7,916.8
24630007445000,18,8,10,892.8
24630007569000,19,7,12,784.7
24630007570000,1,0,1,0
24630007577000,7,4,3,343.7
24630007579000,6,2,4,189
24630007580000,5,2,3,328
24630007581000,1,1,0,0
24640007249000,12,5,7,358.8
24640007267000,6,4,2,427.2
24640007283000,3,2,1,0
24640007297000,6,3,3,228
24640007304000,2,1,1,0
24640007354000,380,194,186,13528
24640007355000,948,474,474,37351.2
24640007356000,81,45,36,2916
24640007431000,8,5,3,436
24640007580000,10,5,5,339
24650007248000,1,1,0,0
24650007249000,8,5,3,208.8
24650007283000,6,4,2,244.8
24650007354000,300,157,143,10980
24650007355000,1461,728,733,59462.7
24650007356000,55,29,26,1996.5
24650007363000,14,8,6,470.4
24650007366000,5,4,1,248
24650007367000,1,1,0,0
24650007368000,1,1,0,0
24650007373000,3,2,1,0
24650007435000,2,1,1,0
24650007436000,9,4,5,363.6
24650007439000,3,1,2,0
24650007440000,18,11,7,973.8
24650007441000,4,3,1,0
24650007442000,1,0,1,0
24650007447000,9,3,6,446.4
24650007573000,2,1,1,0
24650007579000,5,3,2,107
24650007580000,29,13,16,930.9
24660007310000,2,2,0,0
24660007353000,7,2,5,301.7
24660007354000,167,88,79,6329.3
24660007355000,83,42,41,2822
24660007356000,20,13,7,866
24660007361000,14,5,9,415.8
24660007363000,4,2,2,0
24660007364000,14,5,9,681.8
24660007365000,3,2,1,0
24660007367000,6,5,1,148.2
24660007368000,10,5,5,414
24660007370000,4,3,1,0
24660007371000,6,3,3,300
24660007431000,8,4,4,212
24660007432000,2,1,1,0
24660007437000,8,4,4,520
24660007443000,3,1,2,0
24660007444000,1,1,0,0
24660007559000,104,49,55,4160
24660007560000,224,109,115,8400
24660007575000,4,3,1,0
24660007578000,23,12,11,972.9
24660007579000,25,17,8,865
24670007262000,5,4,1,203
24670007354000,180,96,84,6750
24670007356000,37,19,18,1161.8
24670007357000,12,4,8,514.8
24670007360000,13,8,5,503.1
24670007361000,5,2,3,175
24670007363000,9,5,4,367.2
24670007366000,1,0,1,0
24670007369000,4,3,1,0
24670007434000,5,2,3,157
24670007435000,4,2,2,0
24670007438000,2,1,1,0
24670007439000,23,10,13,940.7
24670007445000,1,0,1,0
24670007446000,2,0,2,0
24670007452000,10,6,4,684
24670007474000,17,9,8,1011.5
24670007559000,20,9,11,790
24670007560000,102,55,47,4243.2
24670007568000,6,4,2,231
24670007574000,5,3,2,187
24670007578000,23,9,14,844.1
24670007579000,4,2,2,0
24680007245000,1,1,0,0
24680007262000,5,4,1,267
24680007272000,4,3,1,0
24680007354000,27,14,13,1096.2
24680007355000,2,0,2,0
24680007356000,44,24,20,1768.8
24680007357000,26,12,14,982.8
24680007360000,12,7,5,387.6
24680007369000,4,3,1,0
24680007370000,10,6,4,433
24680007371000,2,1,1,0
24680007435000,3,2,1,0
24680007443000,24,11,13,948
24680007473000,1,1,0,0
24680007474000,19,10,9,665
24680007565000,3,1,2,0
24680007566000,7,4,3,396.9
24680007569000,5,5,0,282
24680007578000,27,14,13,1174.5
24690007272000,1,0,1,0
24690007309000,1,1,0,0
24690007354000,25,14,11,905
24690007355000,35,21,14,1088.5
24690007356000,10,6,4,359
24690007357000,20,12,8,782
24690007358000,44,22,22,1430
24690007359000,99,49,50,3870.9
24690007360000,30,14,16,1023
24690007361000,7,3,4,249.9
24690007362000,9,5,4,327.6
24690007371000,8,4,4,355.2
24690007439000,17,7,10,880.6
24690007441000,12,7,5,477.6
24690007442000,32,18,14,1139.2
24690007443000,24,9,15,1651.2
24690007444000,12,8,4,364.8
24690007452000,2,0,2,0
24690007569000,22,11,11,807.4
24690007571000,8,3,5,346.4
24690007574000,5,2,3,189
24690007575000,3,1,2,0
24700007309000,4,1,3,0
24700007353000,9,5,4,290.7
24700007354000,48,26,22,1742.4
24700007355000,31,19,12,1444.6
24700007356000,27,12,15,920.7
24700007357000,2,1,1,0
24700007358000,5,4,1,89
24700007359000,128,67,61,4672
24700007360000,143,73,70,5090.8
24700007361000,1,0,1,0
24700007438000,1,0,1,0
24700007439000,23,11,12,1269.6
24700007441000,8,3,5,388.8
24700007442000,15,8,7,718.5
24700007443000,13,7,6,487.5
24700007444000,49,24,25,1876.7
24700007445000,44,21,23,2059.2
24700007569000,10,3,7,537
24700007570000,8,5,3,280.8
24700007571000,6,2,4,234
24710007249000,1,1,0,0
24710007260000,1,0,1,0
24710007299000,8,5,3,260.8
24710007353000,2,1,1,0
24710007354000,3,2,1,0
24710007355000,41,19,22,1947.5
24710007357000,17,10,7,639.2
24710007358000,31,18,13,1125.3
24710007359000,37,17,20,1198.8
24710007360000,35,17,18,1123.5
24710007361000,20,9,11,726
24710007439000,3,1,2,0
24710007445000,4,3,1,0
24710007450000,1,1,0,0
24710007461000,15,13,2,667.5
24710007569000,2,1,1,0
24710007570000,13,7,6,400.4
24710007571000,9,6,3,444.6
24710007573000,36,17,19,1522.8
24710007574000,13,7,6,504.4
24710007575000,23,11,12,864.8
24710007576000,49,27,22,2136.4
24710007577000,2,1,1,0
24720007245000,3,2,1,0
24720007310000,2,1,1,0
24720007354000,5,3,2,224
24720007356000,7,4,3,466.9
24720007357000,1,1,0,0
24720007359000,50,28,22,1565
24720007361000,11,7,4,298.1
24720007362000,8,5,3,318.4
24720007450000,2,0,2,0
24720007454000,21,12,9,816.9
24720007455000,8,4,4,222.4
24720007461000,36,20,16,1335.6
24720007462000,2092,1009,1083,84516.8
24720007463000,25,13,12,1415
24720007563000,1,0,1,0
24720007564000,31,17,14,1162.5
24720007565000,2,1,1,0
24720007571000,3,1,2,0
24720007573000,7,4,3,443.1
24720007574000,14,9,5,469
24720007575000,70,34,36,2513
24720007576000,7,4,3,291.9
24720007579000,23,11,12,1087.9
24730007298000,6,4,2,199.2
24730007356000,9,5,4,505.8
24730007359000,41,19,22,1435
24730007360000,3,2,1,0
24730007361000,13,6,7,478.4
24730007362000,20,13,7,678
24730007440000,9,6,3,447.3
24730007441000,4,3,1,0
24730007452000,9,4,5,458.1
24730007453000,13,8,5,475.8
24730007454000,9,3,6,459.9
24730007455000,16,8,8,518.4
24730007461000,19,10,9,714.4
24730007462000,3204,1514,1690,131364
24730007463000,1641,874,767,66624.6
24730007464000,102,53,49,4090.2
24730007465000,73,35,38,2321.4
24730007475000,12,5,7,480
24730007478000,1,1,0,0
24730007564000,2,1,1,0
24730007565000,96,51,45,2995.2
24730007566000,9,6,3,363.6
24730007575000,9,5,4,348.3
24740007308000,1,1,0,0
24740007309000,1,0,1,0
24740007356000,1,1,0,0
24740007357000,1,1,0,0
24740007358000,8,5,3,404
24740007359000,20,13,7,684
24740007364000,4,1,3,0
24740007453000,5,4,1,206
24740007461000,6,5,1,214.8
24740007462000,3022,1472,1550,126924
24740007463000,2573,1235,1338,99060.5
24740007464000,2045,976,1069,89366.5
24740007465000,115,57,58,4669
24740007564000,7,4,3,147
24740007565000,112,63,49,4345.6
24740007566000,133,69,64,5293.4
24750007258000,4,2,2,0
24750007358000,20,10,10,830
24750007359000,6,4,2,145.8
24750007365000,5,3,2,206
24750007452000,12,4,8,285.6
24750007453000,1,1,0,0
24750007454000,5,3,2,147
24750007461000,502,238,264,18323
24750007462000,145,77,68,4785
24750007463000,2071,1001,1070,76627
24750007464000,2439,1185,1254,102681.9
24750007465000,1119,576,543,39165
24750007565000,46,20,26,1324.8
24750007566000,97,43,54,3074.9
24750007586000,15,8,7,645
24750007619000,8,3,5,312.8
24760007297000,3,2,1,0
24760007358000,7,5,2,361.2
24760007359000,12,8,4,304.8
24760007365000,45,23,22,1836
24760007453000,12,7,5,663.6
24760007461000,646,312,334,23191.4
24760007462000,2188,1120,1068,68046.8
24760007463000,718,344,374,25058.2
24760007464000,536,288,248,19671.2
24760007465000,16,9,7,622.4
24760007466000,1094,551,543,35336.2
24760007467000,33,20,13,841.5
24760007566000,201,100,101,6190.8
24760007567000,22,10,12,748
24760007586000,190,94,96,7714
24760007612000,3,2,1,0
24760007614000,9,5,4,428.4
24760007615000,1,0,1,0
24760007617000,20,13,7,960
24760007618000,8,4,4,404.8
24760007619000,1,1,0,0
24770007365000,8,3,5,315.2
24770007366000,8,4,4,300
24770007367000,11,7,4,367.4
24770007451000,4,1,3,0
24770007452000,8,5,3,358.4
24770007453000,11,5,6,627
24770007456000,3,1,2,0
24770007457000,1,1,0,0
24770007461000,50,29,21,1510
24770007462000,2424,1260,1164,79507.2
24770007467000,20,9,11,710
24770007565000,73,41,32,2576.9
24770007566000,387,206,181,14435.1
24770007567000,106,53,53,3678.2
24770007582000,10,6,4,471
24770007586000,50,28,22,2070
24770007610000,2,1,1,0
24770007611000,127,56,71,5308.6
24770007612000,235,116,119,10645.5
24770007613000,19,9,10,942.4
24770007614000,68,23,45,3264
24770007615000,49,26,23,2469.6
24770007616000,21,9,12,1022.7
24770007618000,16,8,8,544
24770007619000,30,17,13,1296
24780007351000,3,1,2,0
24780007356000,6,4,2,114
24780007358000,3,2,1,0
24780007364000,184,96,88,6219.2
24780007365000,388,191,197,13657.6
24780007366000,7,4,3,256.9
24780007451000,3,2,1,0
24780007456000,9,3,6,387.9
24780007457000,15,8,7,727.5
24780007462000,1779,906,873,64399.8
24780007467000,12,8,4,598.8
24780007468000,17,8,9,800.7
24780007565000,27,15,12,1196.1
24780007566000,1030,492,538,43981
24780007567000,77,38,39,2987.6
24780007586000,67,34,33,3169.1
24780007587000,5,4,1,206
24780007610000,20,10,10,900
24780007611000,260,139,121,10972
24780007612000,99,55,44,4009.5
24780007614000,1,1,0,0
24780007616000,9,6,3,599.4
24780007617000,15,6,9,651
24780007618000,100,31,69,7230
24780007619000,121,62,59,5154.6
24780007620000,62,29,33,2139
24780007629000,48,23,25,2496
24790007357000,9,4,5,302.4
24790007358000,12,8,4,340.8
24790007364000,99,49,50,4603.5
24790007366000,7,3,4,107.8
24790007432000,8,4,4,374.4
24790007451000,29,14,15,1293.4
24790007462000,1611,808,803,54290.7
24790007463000,402,212,190,16160.4
24790007464000,2,1,1,0
24790007465000,7,4,3,357.7
24790007466000,6,2,4,177
24790007467000,5,4,1,238
24790007469000,32,16,16,982.4
24790007567000,43,26,17,1810.3
24790007579000,2,1,1,0
24790007580000,25,14,11,1025
24790007586000,6,3,3,180
24790007587000,13,7,6,533
24790007610000,45,22,23,1908
24790007611000,55,24,31,2458.5
24790007617000,25,15,10,1095
24790007618000,7,4,3,238
24790007619000,177,74,103,6602.1
24790007620000,25,12,13,930
24790007629000,28,17,11,1302
24800007293000,3,1,2,0
24800007346000,8,4,4,260.8
24800007358000,2,1,1,0
24800007359000,3,1,2,0
24800007361000,3,1,2,0
24800007362000,31,16,15,871.1
24800007364000,18,9,9,615.6
24800007365000,13,7,6,523.9
24800007404000,5,3,2,139
24800007432000,15,8,7,550.5
24800007433000,50,25,25,2345
24800007434000,5,2,3,209
24800007435000,5,3,2,292
24800007436000,1,0,1,0
24800007451000,3,2,1,0
24800007454000,24,14,10,1159.2
24800007457000,35,19,16,1400
24800007462000,650,330,320,19695
24800007463000,1406,717,689,50053.6
24800007464000,134,74,60,5547.6
24800007466000,11,7,4,451
24800007469000,5,2,3,176
24800007470000,58,28,30,1995.2
24800007567000,1,0,1,0
24800007568000,108,56,52,3499.2
24800007569000,399,203,196,15361.5
24800007570000,7,5,2,301
24800007578000,2,1,1,0
24800007579000,2,1,1,0
24800007587000,9,5,4,489.6
24800007610000,7,5,2,349.3
24800007611000,4,1,3,0
24800007618000,6,3,3,418.2
24800007619000,10,4,6,593
24800007620000,2,1,1,0
24800007621000,12,6,6,608.4
24800007626000,13,5,8,799.5
24810007338000,4,2,2,0
24810007357000,4,2,2,0
24810007362000,6,2,4,279
24810007404000,6,2,4,199.8
24810007405000,11,8,3,433.4
24810007406000,4,3,1,0
24810007431000,4,2,2,0
24810007432000,57,28,29,2656.2
24810007433000,5,4,1,231
24810007434000,1,1,0,0
24810007435000,10,6,4,570
24810007436000,6,4,2,304.2
24810007439000,2,2,0,0
24810007455000,12,7,5,380.4
24810007457000,53,29,24,2019.3
24810007462000,182,92,90,5514.6
24810007463000,1454,714,740,53652.6
24810007464000,970,506,464,33174
24810007467000,8,5,3,424.8
24810007470000,13,7,6,499.2
24810007471000,32,12,20,1302.4
24810007472000,43,23,20,1444.8
24810007568000,625,282,343,29125
24810007569000,1131,561,570,45579.3
24810007570000,571,306,265,19699.5
24810007588000,1,1,0,0
24810007589000,11,3,8,436.7
24810007611000,22,11,11,1040.6
24810007612000,3,1,2,0
24810007618000,23,11,12,1122.4
24810007622000,10,5,5,585
24810007623000,17,8,9,710.6
24810007632000,4,1,3,0
24810007633000,15,7,8,1033.5
24820007355000,8,5,3,236
24820007357000,5,3,2,235
24820007362000,10,5,5,474
24820007364000,2,1,1,0
24820007365000,6,4,2,127.2
24820007407000,22,14,8,926.2
24820007431000,6,4,2,420
24820007432000,94,48,46,3722.4
24820007452000,12,6,6,475.2
24820007454000,14,8,6,628.6
24820007457000,65,33,32,2814.5
24820007462000,56,26,30,1920.8
24820007463000,1167,593,574,37694.1
24820007464000,1208,603,605,37568.8
24820007467000,12,8,4,541.2
24820007472000,12,7,5,393.6
24820007473000,9,4,5,340.2
24820007568000,143,68,75,7135.7
24820007569000,917,466,451,35763
24820007570000,461,219,242,19961.3
24820007589000,1,1,0,0
24820007611000,3,2,1,0
24820007612000,36,19,17,1342.8
24820007618000,19,9,10,767.6
24820007622000,1,1,0,0
24820007623000,16,10,6,774.4
24820007624000,2,1,1,0
24820007625000,6,3,3,334.8
24820007626000,6,2,4,339
24820007632000,3,1,2,0
24820007633000,6,3,3,406.8
24830007355000,8,4,4,395.2
24830007359000,10,7,3,320
24830007360000,1,1,0,0
24830007362000,24,14,10,607.2
24830007363000,3,2,1,0
24830007408000,4,1,3,0
24830007409000,17,8,9,404.6
24830007415000,3,1,2,0
24830007431000,19,9,10,782.8
24830007432000,2,0,2,0
24830007454000,17,5,12,520.2
24830007455000,69,32,37,2242.5
24830007456000,76,41,35,2986.8
24830007457000,185,97,88,7363
24830007458000,34,14,20,1336.2
24830007463000,412,225,187,11742
24830007464000,9,3,6,252
24830007467000,20,9,11,818
24830007473000,137,79,58,5274.5
24830007474000,1,1,0,0
24830007476000,7,4,3,189
24830007477000,14,6,8,518
24830007569000,13,6,7,531.7
24830007578000,1,1,0,0
24830007585000,2,1,1,0
24830007586000,1,0,1,0
24830007590000,1,1,0,0
24830007612000,42,23,19,2163
24830007616000,22,10,12,1106.6
24830007617000,7,5,2,412.3
24830007618000,12,7,5,588
24830007619000,5,3,2,254
24830007620000,14,6,8,684.6
24830007621000,21,14,7,682.5
24830007623000,87,46,41,3053.7
24830007624000,58,30,28,2488.2
24830007625000,83,45,38,3436.2
24830007626000,5,2,3,327
24830007627000,1,1,0,0
24840007355000,6,3,3,222
24840007360000,19,9,10,520.6
24840007364000,2,1,1,0
24840007411000,2,1,1,0
24840007415000,2,1,1,0
24840007416000,3,3,0,0
24840007417000,7,4,3,298.2
24840007430000,12,7,5,518.4
24840007431000,14,6,8,637
24840007455000,11,5,6,350.9
24840007456000,14,9,5,593.6
24840007457000,19,11,8,767.6
24840007458000,12,9,3,369.6
24840007463000,76,35,41,2644.8
24840007464000,99,52,47,4128.3
24840007465000,13,5,8,527.8
24840007466000,33,18,15,1227.6
24840007467000,9,5,4,426.6
24840007473000,4,3,1,0
24840007474000,155,79,76,5146
24840007475000,43,22,21,1694.2
24840007476000,52,26,26,1924
24840007477000,1,1,0,0
24840007590000,1,0,1,0
24840007591000,16,10,6,726.4
24840007605000,3,2,1,0
24840007612000,37,20,17,1772.3
24840007613000,26,14,12,1281.8
24840007614000,10,8,2,440
24840007615000,2,1,1,0
24840007616000,15,6,9,675
24840007617000,5,3,2,193
24840007618000,2,0,2,0
24840007620000,5,3,2,321
24840007623000,12,8,4,517.2
24840007624000,19,9,10,881.6
24840007625000,15,8,7,877.5
24850007354000,5,1,4,288
24850007355000,2,2,0,0
24850007360000,7,6,1,266
24850007364000,22,14,8,811.8
24850007411000,2,2,0,0
24850007412000,9,5,4,493.2
24850007413000,6,5,1,190.2
24850007414000,5,3,2,292
24850007415000,2,1,1,0
24850007417000,5,3,2,98
24850007418000,2,2,0,0
24850007430000,14,6,8,618.8
24850007431000,29,15,14,1363
24850007453000,13,7,6,464.1
24850007454000,20,7,13,838
24850007455000,2,1,1,0
24850007464000,42,20,22,1638
24850007467000,7,3,4,310.8
24850007474000,7,3,4,242.9
24850007475000,24,11,13,964.8
24850007476000,15,10,5,450
24850007561000,131,66,65,5908.1
24850007569000,4,0,4,0
24850007578000,3,2,1,0
24850007590000,1,1,0,0
24850007591000,11,5,6,539
24850007603000,11,7,4,512.6
24850007606000,6,4,2,274.2
24850007607000,10,5,5,392
24850007613000,3,0,3,0
24850007614000,6,3,3,108
24850007615000,19,11,8,818.9
24850007616000,22,10,12,972.4
24850007620000,1,1,0,0
24850007621000,2,0,2,0
24850007623000,8,5,3,404.8
24850007624000,22,11,11,1034
24850007625000,50,25,25,2175
24850007626000,19,9,10,1035.5
24850007631000,2,2,0,0
24860007358000,14,7,7,449.4
24860007360000,10,7,3,379
24860007414000,2,1,1,0
24860007415000,1,1,0,0
24860007417000,8,4,4,356
24860007418000,4,3,1,0
24860007430000,4,2,2,0
24860007431000,20,9,11,872
24860007453000,4,2,2,0
24860007454000,12,7,5,519.6
24860007457000,17,9,8,644.3
24860007458000,6,3,3,244.8
24860007561000,75,38,37,3187.5
24860007570000,13,8,5,395.2
24860007571000,15,8,7,612
24860007574000,5,4,1,213
24860007579000,1,1,0,0
24860007590000,9,5,4,568.8
24860007602000,20,11,9,954
24860007603000,2,1,1,0
24860007607000,14,6,8,796.6
24860007608000,1,0,1,0
24860007616000,9,4,5,375.3
24860007622000,8,3,5,251.2
24860007627000,5,3,2,323
24870007351000,5,3,2,231
24870007358000,5,2,3,86
24870007417000,7,3,4,483
24870007418000,12,6,6,528
24870007430000,13,7,6,620.1
24870007431000,9,2,7,452.7
24870007457000,44,23,21,1474
24870007458000,7,4,3,329.7
24870007459000,23,9,14,784.3
24870007463000,16,8,8,534.4
24870007464000,25,13,12,877.5
24870007465000,14,14,0,470.4
24870007482000,5,3,2,194
24870007486000,6,3,3,277.8
24870007487000,8,5,3,299.2
24870007522000,2,1,1,0
24870007574000,6,4,2,222
24870007578000,5,3,2,304
24870007579000,33,20,13,1725.9
24870007589000,4,2,2,0
24870007590000,1,1,0,0
24870007601000,5,4,1,321
24870007602000,4,3,1,0
24870007607000,13,7,6,392.6
24870007608000,16,9,7,760
24870007620000,5,2,3,403
24870007622000,8,4,4,403.2
24870007626000,9,4,5,604.8
24870007627000,16,7,9,945.6
24870007628000,6,4,2,315
24870007629000,2,0,2,0
24880007357000,15,10,5,511.5
24880007366000,6,2,4,153
24880007419000,1,1,0,0
24880007420000,3,1,2,0
24880007421000,9,2,7,361.8
24880007430000,19,10,9,790.4
24880007431000,23,10,13,1311
24880007458000,6,4,2,391.8
24880007460000,59,26,33,2419
24880007461000,115,58,57,4404.5
24880007462000,72,39,33,2656.8
24880007463000,887,446,441,27674.4
24880007464000,1703,840,863,61137.7
24880007465000,199,106,93,6368
24880007466000,124,63,61,4290.4
24880007476000,2,1,1,0
24880007486000,21,9,12,1066.8
24880007487000,49,24,25,1847.3
24880007578000,2,1,1,0
24880007580000,16,9,7,737.6
24880007582000,50,29,21,2100
24880007586000,1,1,0,0
24880007590000,5,2,3,141
24880007591000,11,8,3,369.6
24880007599000,4,2,2,0
24880007600000,47,28,19,1729.6
24880007606000,1,0,1,0
24880007607000,26,13,13,1209
24880007617000,4,1,3,0
24880007618000,4,2,2,0
24880007619000,30,17,13,1401
24880007620000,3,2,1,0
24880007621000,6,3,3,342
24880007626000,4,0,4,0
24880007627000,4,2,2,0
24890007419000,1,1,0,0
24890007420000,1,0,1,0
24890007421000,5,2,3,163
24890007422000,72,35,37,3333.6
24890007429000,15,5,10,651
24890007430000,32,16,16,1686.4
24890007431000,12,8,4,423.6
24890007452000,12,7,5,606
24890007460000,40,22,18,1616
24890007461000,19,12,7,526.3
24890007464000,237,113,124,9171.9
24890007465000,34,20,14,1373.6
24890007467000,7,3,4,168
24890007468000,1,1,0,0
24890007469000,4,1,3,0
24890007479000,24,10,14,933.6
24890007480000,10,4,6,349
24890007486000,2,1,1,0
24890007487000,1,0,1,0
24890007488000,9,6,3,288
24890007489000,31,13,18,1233.8
24890007580000,39,21,18,1864.2
24890007581000,37,21,16,1650.2
24890007582000,46,26,20,2065.4
24890007583000,11,5,6,341
24890007591000,54,32,22,2532.6
24890007598000,4,2,2,0
24890007599000,35,20,15,1340.5
24890007600000,1,1,0,0
24890007605000,10,5,5,714
24890007606000,3,2,1,0
24890007607000,17,8,9,858.5
24890007617000,7,3,4,447.3
24890007618000,7,4,3,433.3
24890007619000,15,7,8,531
24890007628000,3,1,2,0
24900007355000,9,6,3,325.8
24900007367000,2,1,1,0
24900007419000,2,0,2,0
24900007421000,39,23,16,1489.8
24900007422000,25,14,11,1245
24900007423000,22,13,9,961.4
24900007424000,13,6,7,611
24900007426000,4,2,2,0
24900007428000,11,5,6,376.2
24900007429000,50,22,28,2475
24900007430000,62,30,32,2473.8
24900007457000,6,3,3,265.2
24900007470000,15,11,4,645
24900007479000,53,29,24,2226
24900007480000,17,10,7,557.6
24900007489000,127,58,69,6350
24900007505000,1,0,1,0
24900007512000,87,46,41,3688.8
24900007513000,33,10,23,1798.5
24900007579000,10,5,5,415
24900007580000,4,3,1,0
24900007583000,6,4,2,223.8
24900007591000,4,2,2,0
24900007598000,235,119,116,8601
24900007607000,11,6,5,402.6
24900007611000,2,1,1,0
24900007616000,5,2,3,270
24900007617000,4,2,2,0
24900007633000,1,1,0,0
24900007635000,1,0,1,0
24910007354000,9,5,4,486.9
24910007355000,4,3,1,0
24910007425000,4,2,2,0
24910007426000,4,3,1,0
24910007428000,15,7,8,663
24910007429000,14,6,8,732.2
24910007453000,1,1,0,0
24910007463000,1,1,0,0
24910007464000,1,1,0,0
24910007480000,2,2,0,0
24910007489000,12,7,5,741.6
24910007490000,17,11,6,996.2
24910007512000,5,3,2,237
24910007513000,109,51,58,4610.7
24910007521000,5,4,1,215
24910007523000,17,12,5,516.8
24910007524000,64,34,30,3097.6
24910007569000,4,3,1,0
24910007585000,2,1,1,0
24910007589000,1,0,1,0
24910007591000,1,1,0,0
24910007598000,663,322,341,26387.4
24910007599000,77,40,37,3295.6
24910007607000,5,2,3,305
24910007613000,2,1,1,0
24920007353000,9,5,4,381.6
24920007354000,1,1,0,0
24920007355000,3,2,1,0
24920007368000,2,1,1,0
24920007369000,30,17,13,1368
24920007370000,8,5,3,384.8
24920007420000,6,2,4,427.8
24920007426000,3,2,1,0
24920007427000,4,2,2,0
24920007428000,28,15,13,1128.4
24920007429000,1,0,1,0
24920007454000,4,2,2,0
24920007457000,5,3,2,200
24920007461000,8,5,3,240.8
24920007462000,22,14,8,825
24920007463000,9,5,4,497.7
24920007464000,12,7,5,583.2
24920007490000,6,3,3,328.8
24920007491000,1,1,0,0
24920007511000,6,2,4,462
24920007513000,31,13,18,1165.6
24920007518000,5,2,3,166
24920007521000,5,2,3,358
24920007524000,6,2,4,306
24920007585000,3,2,1,0
24920007586000,1,0,1,0
24920007590000,15,9,6,613.5
24920007591000,32,16,16,1161.6
24920007598000,272,139,133,13246.4
24920007599000,728,379,349,28028
24920007606000,10,5,5,533
24920007607000,5,2,3,140
24920007611000,16,6,10,489.6
24920007612000,24,16,8,1029.6
24920007613000,9,5,4,516.6
24920007614000,25,11,14,882.5
24920007633000,1,1,0,0
24930007353000,2,1,1,0
24930007355000,1,1,0,0
24930007371000,13,7,6,605.8
24930007372000,4,4,0,0
24930007419000,3,1,2,0
24930007425000,5,4,1,265
24930007430000,3,2,1,0
24930007431000,1,0,1,0
24930007461000,15,7,8,580.5
24930007462000,53,28,25,1717.2
24930007463000,2,1,1,0
24930007464000,10,5,5,486
24930007470000,2,1,1,0
24930007471000,2,1,1,0
24930007491000,10,5,5,576
24930007511000,2,0,2,0
24930007513000,53,23,30,1759.6
24930007518000,1,1,0,0
24930007521000,11,8,3,455.4
24930007527000,3,1,2,0
24930007568000,9,6,3,308.7
24930007569000,3,0,3,0
24930007598000,79,39,40,3112.6
24930007599000,130,60,70,4940
24930007605000,1,0,1,0
24930007606000,29,16,13,1383.3
24930007608000,2,1,1,0
24930007611000,39,19,20,1524.9
24930007614000,2,2,0,0
24930007632000,1,1,0,0
24940007418000,6,3,3,232.8
24940007463000,3,1,2,0
24940007486000,3,0,3,0
24940007491000,2,1,1,0
24940007492000,6,2,4,256.2
24940007513000,39,19,20,1723.8
24940007527000,4,1,3,0
24940007568000,7,5,2,233.1
24940007598000,17,7,10,875.5
24940007599000,17,8,9,693.6
24940007605000,107,50,57,3028.1
24940007606000,347,171,176,12387.9
24940007608000,53,30,23,1923.9
24940007609000,10,6,4,269
24940007611000,37,16,21,1524.4
24940007612000,1,1,0,0
24940007615000,3,2,1,0
24950007376000,5,1,4,208
24950007448000,15,6,9,895.5
24950007451000,7,3,4,210.7
24950007456000,13,9,4,664.3
24950007464000,1,1,0,0
24950007511000,4,1,3,0
24950007512000,49,29,20,2121.7
24950007513000,15,8,7,487.5
24950007519000,9,6,3,470.7
24950007529000,32,18,14,1142.4
24950007533000,2,1,1,0
24950007576000,1,0,1,0
24950007593000,12,6,6,502.8
24950007598000,10,5,5,461
24950007599000,44,21,23,2358.4
24950007605000,258,116,142,9313.8
24950007606000,551,282,269,22315.5
24950007608000,199,103,96,7721.2
24950007610000,2,1,1,0
24950007615000,1,1,0,0
24950007633000,1,0,1,0
24950007640000,5,3,2,301
24960007376000,19,9,10,822.7
24960007437000,2,1,1,0
24960007447000,1,0,1,0
24960007448000,4,3,1,0
24960007452000,6,3,3,445.2
24960007453000,9,3,6,396.9
24960007456000,7,3,4,270.2
24960007457000,7,5,2,210.7
24960007463000,1,1,0,0
24960007464000,1,0,1,0
24960007486000,2,1,1,0
24960007527000,6,3,3,165
24960007529000,1,0,1,0
24960007577000,2,1,1,0
24960007599000,32,17,15,1446.4
24960007604000,222,110,112,8635.8
24960007605000,624,294,330,27393.6
24960007606000,294,146,148,13053.6
24960007607000,13,6,7,462.8
24960007608000,156,78,78,6442.8
24960007615000,12,4,8,519.6
24960007616000,13,7,6,625.3
24960007640000,18,9,9,1135.8
24970007375000,22,11,11,963.6
24970007376000,13,5,8,474.5
24970007418000,1,1,0,0
24970007445000,4,2,2,0
24970007446000,4,1,3,0
24970007447000,3,2,1,0
24970007453000,15,8,7,699
24970007454000,10,7,3,422
24970007457000,7,3,4,170.1
24970007458000,3,1,2,0
24970007463000,2,1,1,0
24970007464000,6,3,3,249
24970007505000,4,3,1,0
24970007506000,1,0,1,0
24970007527000,2,0,2,0
24970007533000,4,3,1,0
24970007534000,6,2,4,232.8
24970007574000,15,8,7,957
24970007599000,1,0,1,0
24970007600000,1,1,0,0
24970007601000,30,16,14,1227
24970007604000,105,58,47,3927
24970007605000,118,58,60,3752.4
24970007606000,465,248,217,20367
24970007608000,25,15,10,1085
24970007616000,6,4,2,186
24970007617000,8,4,4,436
24970007630000,2,1,1,0
24970007631000,9,2,7,563.4
24970007632000,3,1,2,0
24970007640000,2,1,1,0
24980007375000,1,1,0,0
24980007439000,12,6,6,637.2
24980007441000,8,4,4,252
24980007442000,24,13,11,950.4
24980007447000,6,3,3,325.2
24980007453000,36,16,20,1407.6
24980007458000,31,18,13,1243.1
24980007459000,4,2,2,0
24980007506000,11,4,7,610.5
24980007515000,2,1,1,0
24980007519000,6,4,2,307.8
24980007534000,1,1,0,0
24980007535000,3,1,2,0
24980007536000,35,14,21,1323
24980007601000,30,16,14,1560
24980007602000,20,9,11,876
24980007603000,4,2,2,0
24980007604000,4,2,2,0
24980007605000,6,3,3,298.2
24980007606000,186,89,97,6975
24980007608000,42,28,14,1650.6
24980007611000,1,1,0,0
24980007616000,1,1,0,0
24980007617000,11,5,6,554.4
24980007629000,1,1,0,0
24980007630000,2,1,1,0
24990007374000,1,1,0,0
24990007435000,2,2,0,0
24990007436000,7,3,4,461.3
24990007437000,10,4,6,464
24990007439000,11,7,4,701.8
24990007440000,7,3,4,294
24990007441000,4,2,2,0
24990007444000,78,37,41,3166.8
24990007445000,14,7,7,459.2
24990007446000,2,2,0,0
24990007453000,12,9,3,422.4
24990007454000,6,4,2,270
24990007457000,2,1,1,0
24990007464000,8,3,5,339.2
24990007465000,8,5,3,392.8
24990007486000,3,1,2,0
24990007495000,1,1,0,0
24990007514000,12,6,6,621.6
24990007519000,8,4,4,380.8
24990007520000,5,2,3,105
24990007527000,3,2,1,0
24990007528000,3,2,1,0
24990007534000,22,13,9,961.4
24990007535000,37,17,20,1298.7
24990007577000,58,27,31,2528.8
24990007578000,5,2,3,55
24990007602000,22,11,11,1029.6
24990007603000,15,6,9,853.5
24990007604000,41,24,17,1676.9
24990007608000,29,18,11,1322.4
24990007617000,2,1,1,0
24990007628000,2,1,1,0
24990007629000,1,0,1,0
24990007638000,1,1,0,0
25000007435000,16,10,6,758.4
25000007436000,5,4,1,178
25000007439000,7,4,3,270.9
25000007440000,15,8,7,739.5
25000007443000,3,1,2,0
25000007444000,167,74,93,8450.2
25000007445000,33,16,17,1452
25000007455000,2,1,1,0
25000007456000,2,1,1,0
25000007457000,107,55,52,4205.1
25000007464000,2,1,1,0
25000007487000,4,2,2,0
25000007507000,14,7,7,617.4
25000007514000,5,2,3,325
25000007517000,199,89,110,9512.2
25000007518000,8,7,1,354.4
25000007519000,11,6,5,487.3
25000007528000,4,3,1,0
25000007534000,56,33,23,1965.6
25000007537000,6,2,4,124.2
25000007538000,10,4,6,262
25000007539000,23,9,14,699.2
25000007572000,18,8,10,714.6
25000007576000,17,10,7,717.4
25000007608000,8,5,3,324.8
25000007609000,1,1,0,0
25000007628000,1,1,0,0
25000007631000,11,5,6,476.3
25000007632000,1,1,0,0
25000007633000,4,2,2,0
25000007634000,19,10,9,701.1
25000007635000,7,5,2,182
25000007653000,16,9,7,518.4
25000007654000,2,1,1,0
25010007373000,4,2,2,0
25010007435000,3,1,2,0
25010007444000,9,4,5,338.4
25010007456000,8,3,5,348.8
25010007457000,30,15,15,1221
25010007467000,4,3,1,0
25010007486000,1,1,0,0
25010007507000,26,15,11,975
25010007513000,7,5,2,366.1
25010007514000,25,13,12,1210
25010007516000,73,36,37,2861.6
25010007517000,63,30,33,2482.2
25010007519000,20,11,9,728
25010007528000,3,2,1,0
25010007530000,3,1,2,0
25010007533000,8,6,2,318.4
25010007534000,39,21,18,1497.6
25010007538000,32,16,16,1689.6
25010007539000,5,3,2,313
25010007576000,2,1,1,0
25010007592000,5,3,2,227
25010007594000,1,0,1,0
25010007607000,17,10,7,690.2
25010007609000,18,7,11,630
25010007618000,2,1,1,0
25010007628000,3,2,1,0
25010007630000,31,15,16,1100.5
25010007631000,26,8,18,920.4
25010007643000,16,8,8,512
25010007646000,29,13,16,1078.8
25010007653000,3,1,2,0
25020007467000,2,1,1,0
25020007508000,9,4,5,541.8
25020007509000,5,3,2,236
25020007514000,3,2,1,0
25020007519000,23,13,10,1018.9
25020007520000,9,4,5,288.9
25020007529000,4,2,2,0
25020007531000,4,2,2,0
25020007533000,21,10,11,825.3
25020007534000,2,1,1,0
25020007538000,5,1,4,201
25020007575000,4,2,2,0
25020007576000,9,4,5,423
25020007577000,5,1,4,341
25020007581000,2,1,1,0
25020007582000,1,1,0,0
25020007607000,3,2,1,0
25020007608000,6,3,3,181.2
25020007609000,11,6,5,454.3
25020007618000,9,4,5,293.4
25020007619000,4,2,2,0
25020007627000,6,2,4,148.2
25020007628000,13,8,5,449.8
25020007642000,34,16,18,1169.6
25020007643000,238,128,110,8782.2
25020007644000,251,129,122,10014.9
25020007645000,290,143,147,11020
25020007646000,21,9,12,835.8
25030007371000,1,0,1,0
25030007372000,1,1,0,0
25030007436000,1,0,1,0
25030007467000,4,0,4,0
25030007509000,9,5,4,468.9
25030007516000,9,4,5,305.1
25030007520000,1,0,1,0
25030007528000,2,1,1,0
25030007529000,2,1,1,0
25030007530000,2,1,1,0
25030007531000,12,6,6,492
25030007532000,5,3,2,157
25030007533000,10,6,4,551
25030007534000,30,13,17,1047
25030007575000,6,3,3,403.2
25030007576000,17,12,5,853.4
25030007609000,16,8,8,724.8
25030007610000,11,4,7,358.6
25030007620000,3,1,2,0
25030007627000,11,6,5,423.5
25030007641000,19,9,10,758.1
25030007642000,50,31,19,1720
25030007643000,148,75,73,5239.2
25030007644000,516,226,290,23787.6
25030007645000,596,304,292,24018.8
25040007369000,1,1,0,0
25040007371000,7,4,3,422.1
25040007442000,3,0,3,0
25040007462000,21,8,13,926.1
25040007467000,1,1,0,0
25040007494000,3,2,1,0
25040007509000,5,1,4,188
25040007510000,10,6,4,548
25040007515000,1,1,0,0
25040007516000,1,0,1,0
25040007527000,6,2,4,231
25040007531000,13,7,6,536.9
25040007534000,19,13,6,788.5
25040007539000,2,2,0,0
25040007540000,7,5,2,135.8
25040007542000,2,1,1,0
25040007586000,7,2,5,259.7
25040007610000,62,32,30,2721.8
25040007611000,58,32,26,2180.8
25040007621000,27,15,12,1255.5
25040007622000,8,4,4,290.4
25040007627000,29,14,15,1455.8
25040007638000,33,16,17,1145.1
25040007639000,9,6,3,331.2
25040007641000,1,0,1,0
25040007642000,9,4,5,347.4
25040007643000,34,18,16,1383.8
25040007644000,56,32,24,2206.4
25040007645000,25,10,15,985
25040007646000,47,25,22,1804.8
25040007647000,56,33,23,2609.6
25040007649000,3,2,1,0
25040007656000,24,13,11,1226.4
25050007369000,5,3,2,195
25050007454000,4,4,0,0
25050007455000,6,3,3,280.8
25050007461000,12,7,5,291.6
25050007462000,25,13,12,1112.5
25050007463000,30,15,15,1092
25050007494000,3,2,1,0
25050007510000,7,5,2,308
25050007515000,4,2,2,0
25050007516000,16,9,7,497.6
25050007522000,4,2,2,0
25050007523000,1,1,0,0
25050007528000,1,0,1,0
25050007531000,1,0,1,0
25050007533000,8,4,4,359.2
25050007534000,15,10,5,534
25050007538000,15,6,9,448.5
25050007542000,7,5,2,139.3
25050007573000,4,2,2,0
25050007587000,16,10,6,832
25050007596000,6,2,4,340.2
25050007610000,6,3,3,313.8
25050007611000,51,24,27,1999.2
25050007620000,4,2,2,0
25050007621000,35,19,16,1666
25050007622000,22,11,11,644.6
25050007623000,34,20,14,1302.2
25050007624000,112,49,63,3987.2
25050007625000,39,19,20,1306.5
25050007626000,46,21,25,1660.6
25050007627000,43,26,17,1758.7
25050007628000,5,2,3,203
25050007637000,26,12,14,1157
25050007642000,32,18,14,1254.4
25050007643000,79,40,39,2891.4
25050007644000,32,17,15,1273.6
25050007647000,5,4,1,226
25050007648000,13,7,6,470.6
25050007651000,1,0,1,0
25050007655000,5,3,2,269
25050007656000,111,62,49,4262.4
25060007369000,3,1,2,0
25060007454000,54,30,24,2392.2
25060007460000,23,15,8,972.9
25060007461000,11,7,4,520.3
25060007462000,26,13,13,1099.8
25060007463000,62,33,29,2312.6
25060007464000,51,26,25,1866.6
25060007468000,1,0,1,0
25060007511000,14,7,7,644
25060007512000,3,2,1,0
25060007515000,2,1,1,0
25060007516000,12,6,6,472.8
25060007517000,20,10,10,554
25060007518000,3,2,1,0
25060007524000,5,2,3,274
25060007525000,7,3,4,200.2
25060007530000,2,2,0,0
25060007531000,4,1,3,0
25060007533000,47,27,20,1767.2
25060007534000,14,7,7,733.6
25060007537000,13,6,7,327.6
25060007589000,3,1,2,0
25060007590000,6,4,2,166.8
25060007591000,1,0,1,0
25060007592000,2,2,0,0
25060007611000,73,35,38,3270.4
25060007618000,4,2,2,0
25060007620000,11,6,5,543.4
25060007621000,11,5,6,617.1
25060007622000,102,59,43,3294.6
25060007623000,58,34,24,1827
25060007624000,21,12,9,848.4
25060007626000,29,14,15,901.9
25060007627000,13,7,6,574.6
25060007633000,60,31,29,2448
25060007634000,25,12,13,890
25060007637000,2,1,1,0
25060007643000,14,5,9,641.2
25060007644000,23,12,11,708.4
25060007649000,76,35,41,3397.2
25060007651000,12,4,8,417.6
25060007652000,26,14,12,1107.6
25060007654000,4,2,2,0
25060007655000,17,8,9,647.7
25060007656000,8,5,3,459.2
25070007435000,1,0,1,0
25070007453000,10,5,5,369
25070007454000,51,26,25,2346
25070007459000,23,9,14,910.8
25070007460000,23,11,12,959.1
25070007463000,23,12,11,821.1
25070007464000,171,95,76,6617.7
25070007465000,244,118,126,8784
25070007467000,26,15,11,928.2
25070007468000,25,13,12,890
25070007511000,2,1,1,0
25070007512000,6,3,3,394.2
25070007514000,8,4,4,532.8
25070007515000,3,3,0,0
25070007517000,20,10,10,622
25070007525000,4,3,1,0
25070007526000,5,3,2,268
25070007528000,2,1,1,0
25070007531000,30,14,16,1173
25070007533000,35,18,17,1704.5
25070007534000,29,13,16,948.3
25070007537000,4,3,1,0
25070007579000,3,1,2,0
25070007591000,2,1,1,0
25070007595000,2,1,1,0
25070007602000,13,9,4,720.2
25070007603000,4,2,2,0
25070007611000,4,2,2,0
25070007612000,27,14,13,1028.7
25070007619000,2,1,1,0
25070007620000,41,19,22,1849.1
25070007621000,27,15,12,1163.7
25070007622000,21,11,10,724.5
25070007623000,6,4,2,208.2
25070007627000,20,15,5,564
25070007633000,12,6,6,476.4
25070007642000,1,1,0,0
25070007644000,18,10,8,680.4
25070007645000,6,4,2,246
25070007649000,92,39,53,3238.4
25070007650000,30,16,14,1512
25070007651000,18,9,9,955.8
25070007652000,36,19,17,1310.4
25070007653000,7,4,3,476.7
25070007655000,1,1,0,0
25080007434000,1,1,0,0
25080007460000,12,7,5,619.2
25080007464000,49,24,25,2930.2
25080007465000,67,34,33,2251.2
25080007467000,6,3,3,190.8
25080007468000,4,3,1,0
25080007513000,11,7,4,556.6
25080007515000,10,6,4,388
25080007526000,4,2,2,0
25080007527000,1,1,0,0
25080007529000,7,3,4,326.2
25080007530000,20,8,12,1136
25080007531000,110,53,57,4444
25080007535000,18,9,9,631.8
25080007537000,2,1,1,0
25080007589000,1,1,0,0
25080007590000,8,7,1,442.4
25080007591000,3,2,1,0
25080007602000,36,22,14,2091.6
25080007603000,23,12,11,825.7
25080007604000,57,28,29,2610.6
25080007605000,5,3,2,323
25080007606000,3,2,1,0
25080007612000,1,1,0,0
25080007613000,48,24,24,2179.2
25080007621000,5,2,3,261
25080007622000,14,7,7,589.4
25080007626000,10,4,6,510
25080007627000,6,2,4,360
25080007633000,11,8,3,346.5
25080007643000,5,2,3,292
25080007644000,35,15,20,1312.5
25080007645000,16,9,7,617.6
25090007460000,33,17,16,1412.4
25090007461000,19,11,8,665
25090007465000,34,19,15,1173
25090007469000,5,4,1,284
25090007470000,20,11,9,718
25090007484000,9,4,5,271.8
25090007497000,1,1,0,0
25090007516000,118,59,59,4554.8
25090007526000,2,1,1,0
25090007535000,5,3,2,171
25090007536000,13,6,7,440.7
25090007537000,6,3,3,283.8
25090007598000,10,4,6,384
25090007599000,1,1,0,0
25090007602000,47,20,27,2458.1
25090007605000,2,1,1,0
25090007606000,23,7,16,1223.6
25090007607000,8,4,4,264.8
25090007613000,47,23,24,1880
25090007614000,3,2,1,0
25090007618000,5,2,3,161
25090007621000,3,2,1,0
25090007622000,17,9,8,775.2
25090007626000,1,1,0,0
25090007627000,12,7,5,207.6
25090007634000,4,3,1,0
25090007643000,5,3,2,183
25090007644000,63,30,33,2331
25090007645000,36,18,18,1249.2
25100007461000,31,17,14,1137.7
25100007465000,61,33,28,2751.1
25100007469000,9,6,3,438.3
25100007470000,13,9,4,431.6
25100007471000,19,10,9,737.2
25100007472000,3,1,2,0
25100007507000,2,2,0,0
25100007516000,26,14,12,1521
25100007517000,39,20,19,2094.3
25100007528000,1,1,0,0
25100007529000,3,2,1,0
25100007530000,3,2,1,0
25100007534000,2,1,1,0
25100007535000,24,12,12,998.4
25100007584000,2,0,2,0
25100007598000,1,0,1,0
25100007600000,1,0,1,0
25100007601000,10,4,6,535
25100007602000,38,23,15,1877.2
25100007613000,12,8,4,562.8
25100007614000,75,39,36,2662.5
25100007621000,11,5,6,565.4
25100007622000,6,3,3,181.2
25100007626000,6,3,3,256.8
25100007627000,23,12,11,556.6
25100007634000,1,0,1,0
25100007638000,6,3,3,169.8
25100007642000,16,9,7,782.4
25100007643000,84,43,41,3133.2
25100007644000,14,7,7,572.6
25100007645000,17,6,11,676.6
25100007646000,11,7,4,522.5
25100007647000,51,22,29,1999.2
25110007438000,5,4,1,186
25110007440000,2,1,1,0
25110007457000,13,7,6,500.5
25110007461000,8,5,3,354.4
25110007466000,6,3,3,235.2
25110007467000,26,14,12,847.6
25110007468000,47,27,20,1621.5
25110007469000,51,25,26,1861.5
25110007470000,41,23,18,1365.3
25110007472000,2,1,1,0
25110007473000,10,6,4,466
25110007517000,12,5,7,616.8
25110007529000,1,0,1,0
25110007530000,25,9,16,987.5
25110007531000,8,3,5,371.2
25110007534000,2,1,1,0
25110007535000,5,3,2,330
25110007601000,32,19,13,1430.4
25110007602000,1,1,0,0
25110007606000,24,10,14,1082.4
25110007607000,6,4,2,307.8
25110007614000,105,55,50,3580.5
25110007615000,59,35,24,1947
25110007621000,8,4,4,228.8
25110007622000,8,4,4,271.2
25110007626000,17,10,7,700.4
25110007627000,31,11,20,1267.9
25110007628000,10,6,4,518
25110007629000,1,1,0,0
25110007638000,1,1,0,0
25110007639000,27,12,15,1233.9
25110007640000,41,19,22,1738.4
25110007641000,34,17,17,1421.2
25110007642000,98,47,51,4272.8
25110007643000,265,120,145,10494
25110007644000,34,17,17,1237.6
25110007645000,25,13,12,1015
25110007646000,5,3,2,142
25110007647000,9,6,3,458.1
25110007648000,1,1,0,0
25120007415000,2,1,1,0
25120007417000,5,2,3,311
25120007418000,3,2,1,0
25120007419000,10,5,5,714
25120007425000,17,9,8,731
25120007453000,1,1,0,0
25120007460000,6,3,3,211.2
25120007461000,7,2,5,193.2
25120007466000,1,0,1,0
25120007469000,2,1,1,0
25120007470000,16,10,6,449.6
25120007471000,15,8,7,585
25120007472000,10,8,2,330
25120007473000,1,1,0,0
25120007512000,1,0,1,0
25120007519000,17,9,8,810.9
25120007520000,12,5,7,446.4
25120007595000,1,1,0,0
25120007606000,8,3,5,420.8
25120007615000,35,14,21,1515.5
25120007616000,43,27,16,1393.2
25120007626000,40,15,25,1432
25120007628000,10,5,5,286
25120007629000,3,2,1,0
25120007631000,5,2,3,265
25120007632000,13,5,8,419.9
25120007642000,2,1,1,0
25120007643000,12,8,4,321.6
25130007414000,3,2,1,0
25130007417000,2,1,1,0
25130007419000,16,7,9,692.8
25130007420000,21,10,11,945
25130007421000,10,7,3,336
25130007422000,10,5,5,467
25130007423000,18,8,10,765
25130007424000,41,20,21,1861.4
25130007425000,49,29,20,2200.1
25130007426000,46,24,22,1895.2
25130007427000,24,11,13,1020
25130007428000,19,10,9,765.7
25130007429000,190,100,90,7752
25130007430000,86,47,39,4093.6
25130007431000,25,14,11,937.5
25130007443000,3,0,3,0
25130007457000,5,4,1,175
25130007458000,2,1,1,0
25130007461000,33,18,15,1564.2
25130007472000,7,6,1,280.7
25130007473000,7,5,2,277.9
25130007474000,1,1,0,0
25130007477000,2,1,1,0
25130007519000,20,13,7,972
25130007531000,3,1,2,0
25130007533000,2,2,0,0
25130007544000,163,78,85,7009
25130007545000,27,14,13,1404
25130007615000,16,8,8,790.4
25130007616000,98,53,45,3655.4
25130007625000,17,9,8,589.9
25130007626000,80,41,39,3216
25130007631000,11,6,5,484
25130007639000,8,6,2,336
25140007414000,1,1,0,0
25140007421000,1,1,0,0
25140007422000,11,5,6,522.5
25140007423000,37,15,22,1443
25140007424000,2,1,1,0
25140007428000,12,6,6,530.4
25140007429000,61,36,25,2836.5
25140007430000,93,44,49,3980.4
25140007431000,76,38,38,3093.2
25140007432000,54,28,26,1944
25140007433000,55,32,23,2205.5
25140007458000,38,19,19,1535.2
25140007459000,4,3,1,0
25140007460000,2,1,1,0
25140007461000,59,30,29,2277.4
25140007473000,2,1,1,0
25140007475000,10,4,6,363
25140007520000,1,1,0,0
25140007533000,17,8,9,928.2
25140007544000,2,1,1,0
25140007545000,2,1,1,0
25140007546000,13,9,4,449.8
25140007582000,4,2,2,0
25140007587000,5,2,3,368
25140007588000,4,2,2,0
25140007606000,1,1,0,0
25140007609000,6,3,3,238.8
25140007616000,33,18,15,1069.2
25140007617000,95,41,54,3724
25140007618000,3,1,2,0
25140007625000,37,16,21,1583.6
25140007632000,12,7,5,414
25150007413000,3,2,1,0
25150007423000,8,4,4,264.8
25150007428000,3,1,2,0
25150007429000,12,7,5,459.6
25150007432000,9,5,4,405.9
25150007433000,10,6,4,454
25150007434000,40,20,20,1380
25150007435000,18,10,8,739.8
25150007438000,3,1,2,0
25150007440000,337,172,165,12570.1
25150007441000,31,16,15,1233.8
25150007443000,2,2,0,0
25150007444000,8,5,3,491.2
25150007456000,8,3,5,291.2
25150007459000,514,250,264,22461.8
25150007460000,914,447,467,37474
25150007461000,54,29,25,2224.8
25150007462000,3,1,2,0
25150007474000,11,7,4,452.1
25150007520000,4,3,1,0
25150007545000,3,1,2,0
25150007581000,4,2,2,0
25150007582000,6,4,2,291
25150007585000,3,2,1,0
25150007586000,2,1,1,0
25150007589000,1,0,1,0
25150007609000,44,22,22,2310
25150007610000,20,9,11,1004
25150007617000,31,18,13,961
25150007618000,518,259,259,18492.6
25150007619000,515,244,271,16995
25150007620000,730,377,353,25331
25150007621000,99,55,44,3296.7
25150007622000,42,22,20,1894.2
25150007623000,60,30,30,2388
25150007625000,27,12,15,982.8
25150007635000,2,1,1,0
25160007410000,1,1,0,0
25160007412000,2,1,1,0
25160007426000,6,2,4,301.8
25160007427000,11,4,7,507.1
25160007428000,5,2,3,202
25160007434000,3,2,1,0
25160007435000,40,20,20,1496
25160007436000,63,35,28,3112.2
25160007437000,50,26,24,2135
25160007438000,105,54,51,4620
25160007439000,114,59,55,4662.6
25160007440000,31,15,16,1091.2
25160007441000,295,166,129,11682
25160007442000,551,248,303,23417.5
25160007444000,64,33,31,2598.4
25160007445000,51,25,26,2305.2
25160007451000,2,2,0,0
25160007455000,2,1,1,0
25160007456000,68,33,35,2434.4
25160007457000,6,3,3,235.8
25160007459000,145,79,66,5988.5
25160007460000,974,471,503,40128.8
25160007461000,514,245,269,21742.2
25160007462000,1,1,0,0
25160007463000,19,9,10,579.5
25160007464000,10,6,4,514
25160007487000,1,1,0,0
25160007491000,1,1,0,0
25160007523000,1,1,0,0
25160007533000,7,4,3,380.1
25160007543000,8,3,5,414.4
25160007546000,10,5,5,411
25160007547000,20,7,13,922
25160007550000,6,1,5,295.8
25160007582000,18,7,11,912.6
25160007586000,1,0,1,0
25160007610000,17,11,6,882.3
25160007618000,53,21,32,1547.6
25160007619000,1022,516,506,43946
25160007620000,1171,541,630,51641.1
25160007621000,819,397,422,30221.1
25160007622000,83,42,41,3328.3
25160007623000,43,18,25,2154.3
25160007624000,23,12,11,1064.9
25160007625000,4,2,2,0
25160007643000,1,0,1,0
25170007411000,12,8,4,620.4
25170007424000,4,2,2,0
25170007425000,1,1,0,0
25170007436000,1,1,0,0
25170007437000,8,3,5,319.2
25170007440000,5,3,2,281
25170007441000,82,43,39,3509.6
25170007442000,789,360,429,34558.2
25170007444000,25,13,12,865
25170007447000,19,11,8,811.3
25170007449000,3,1,2,0
25170007455000,3,1,2,0
25170007456000,78,42,36,2979.6
25170007457000,148,74,74,4721.2
25170007458000,7,3,4,354.2
25170007460000,998,462,536,48902
25170007461000,321,159,162,13738.8
25170007463000,17,9,8,557.6
25170007464000,32,16,16,1372.8
25170007465000,32,16,16,1382.4
25170007466000,2,1,1,0
25170007543000,13,6,7,603.2
25170007544000,5,3,2,272
25170007547000,10,5,5,369
25170007548000,24,9,15,945.6
25170007549000,8,3,5,347.2
25170007557000,3,2,1,0
25170007581000,3,1,2,0
25170007582000,21,10,11,915.6
25170007583000,2,1,1,0
25170007587000,2,1,1,0
25170007611000,9,5,4,556.2
25170007620000,28,15,13,1831.2
25170007621000,16,6,10,729.6
25170007622000,26,14,12,943.8
25170007641000,1,0,1,0
25170007651000,12,6,6,555.6
25170007652000,7,4,3,324.1
25170007653000,3,2,1,0
25180007393000,1,1,0,0
25180007424000,2,0,2,0
25180007425000,1,1,0,0
25180007428000,9,3,6,389.7
25180007441000,5,2,3,113
25180007442000,440,226,214,15840
25180007443000,5,3,2,321
25180007458000,23,11,12,1255.8
25180007459000,281,139,142,10959
25180007460000,554,276,278,20664.2
25180007461000,733,365,368,26388
25180007463000,21,12,9,791.7
25180007464000,42,21,21,1810.2
25180007465000,2,1,1,0
25180007466000,23,13,10,816.5
25180007467000,1,1,0,0
25180007548000,2,1,1,0
25180007550000,7,6,1,238.7
25180007558000,16,9,7,697.6
25180007581000,5,3,2,327
25180007582000,6,3,3,415.8
25180007619000,73,41,32,2379.8
25180007620000,548,282,266,17810
25180007621000,30,16,14,1461
25180007623000,29,15,14,1035.3
25180007626000,3,2,1,0
25180007627000,26,12,14,949
25180007633000,6,5,1,166.8
25180007640000,3,1,2,0
25190007423000,6,4,2,313.8
25190007429000,16,9,7,1017.6
25190007441000,3,2,1,0
25190007442000,2,1,1,0
25190007443000,4,2,2,0
25190007446000,33,19,14,1504.8
25190007447000,14,5,9,757.4
25190007448000,4,3,1,0
25190007458000,20,12,8,742
25190007459000,75,41,34,2422.5
25190007460000,32,16,16,1001.6
25190007463000,7,4,3,291.9
25190007464000,6,5,1,289.2
25190007465000,15,8,7,684
25190007466000,1,1,0,0
25190007467000,8,4,4,384.8
25190007468000,10,5,5,312
25190007482000,5,3,2,132
25190007484000,77,46,31,3210.9
25190007485000,46,20,26,1973.4
25190007491000,1,0,1,0
25190007509000,1,1,0,0
25190007522000,1,1,0,0
25190007534000,3,1,2,0
25190007535000,7,4,3,490.7
25190007541000,6,3,3,256.8
25190007550000,17,9,8,754.8
25190007558000,4,2,2,0
25190007559000,4,3,1,0
25190007581000,5,2,3,254
25190007582000,1,1,0,0
25190007615000,7,4,3,289.1
25190007616000,90,38,52,3465
25190007617000,37,16,21,1409.7
25190007618000,25,16,9,932.5
25190007619000,9,7,2,305.1
25190007623000,8,5,3,440.8
25190007626000,118,65,53,4625.6
25190007627000,2,1,1,0
25190007629000,27,15,12,801.9
25190007630000,18,8,10,480.6
25190007633000,3,2,1,0
25190007640000,8,3,5,576.8
25190007641000,3,2,1,0
25200007400000,10,4,6,369
25200007401000,2,2,0,0
25200007423000,2,1,1,0
25200007430000,2,1,1,0
25200007441000,7,2,5,499.1
25200007442000,9,6,3,449.1
25200007443000,32,17,15,1251.2
25200007444000,4,3,1,0
25200007450000,3,1,2,0
25200007458000,6,4,2,390
25200007459000,39,22,17,1548.3
25200007464000,10,4,6,429
25200007465000,5,3,2,255
25200007467000,6,4,2,220.8
25200007469000,24,14,10,924
25200007470000,17,8,9,588.2
25200007480000,17,9,8,659.6
25200007481000,33,19,14,1336.5
25200007482000,13,9,4,633.1
25200007483000,1,1,0,0
25200007484000,58,26,32,2412.8
25200007485000,4,1,3,0
25200007491000,3,1,2,0
25200007543000,5,3,2,84
25200007551000,28,17,11,688.8
25200007555000,9,6,3,440.1
25200007556000,2,2,0,0
25200007559000,1,1,0,0
25200007581000,39,18,21,1778.4
25200007582000,11,6,5,685.3
25200007583000,11,4,7,508.2
25200007614000,146,80,66,5475
25200007615000,361,186,175,13284.8
25200007616000,70,42,28,2261
25200007619000,5,2,3,206
25200007623000,6,4,2,165
25200007625000,72,29,43,2779.2
25200007626000,48,25,23,1843.2
25200007629000,2,0,2,0
25200007641000,18,9,9,1022.4
25200007642000,2,1,1,0
25200007658000,21,13,8,865.2
25200007659000,45,22,23,1656
25200007660000,3,1,2,0
25210007428000,3,2,1,0
25210007429000,5,3,2,299
25210007430000,13,7,6,536.9
25210007449000,50,26,24,2245
25210007450000,25,17,8,795
25210007452000,1,1,0,0
25210007457000,34,16,18,1407.6
25210007458000,46,20,26,1462.8
25210007459000,16,6,10,598.4
25210007465000,13,8,5,582.4
25210007466000,8,6,2,298.4
25210007467000,5,3,2,155
25210007469000,17,10,7,474.3
25210007470000,36,20,16,1742.4
25210007471000,2,1,1,0
25210007478000,8,3,5,240
25210007479000,42,21,21,1625.4
25210007480000,12,5,7,350.4
25210007488000,4,3,1,0
25210007489000,18,11,7,885.6
25210007490000,4,1,3,0
25210007536000,5,1,4,370
25210007542000,10,4,6,298
25210007551000,8,6,2,244
25210007554000,24,10,14,852
25210007555000,2,1,1,0
25210007559000,2,1,1,0
25210007580000,1,0,1,0
25210007581000,5,2,3,315
25210007582000,2,2,0,0
25210007613000,1,1,0,0
25210007614000,150,75,75,6075
25210007616000,11,6,5,229.9
25210007623000,41,14,27,1422.7
25210007624000,104,60,44,3286.4
25210007625000,34,19,15,1081.2
25210007632000,2,1,1,0
25210007633000,3,1,2,0
25210007634000,5,3,2,122
25210007642000,6,4,2,310.2
25210007643000,5,3,2,302
25210007658000,1,0,1,0
25210007662000,1,0,1,0
25220007411000,11,5,6,393.8
25220007422000,1,1,0,0
25220007423000,11,7,4,313.5
25220007430000,1,1,0,0
25220007458000,31,14,17,1311.3
25220007466000,8,5,3,342.4
25220007467000,28,15,13,960.4
25220007469000,2,0,2,0
25220007470000,11,5,6,409.2
25220007471000,11,6,5,326.7
25220007472000,14,7,7,739.2
25220007477000,4,1,3,0
25220007481000,2,1,1,0
25220007484000,5,2,3,181
25220007488000,16,9,7,788.8
25220007489000,33,19,14,1996.5
25220007542000,9,6,3,234.9
25220007554000,3,2,1,0
25220007580000,11,5,6,641.3
25220007613000,12,4,8,745.2
25220007614000,48,26,22,1838.4
25220007620000,3,1,2,0
25220007625000,31,18,13,1342.3
25220007638000,22,13,9,935
25220007639000,23,10,13,890.1
25220007640000,4,2,2,0
25220007645000,9,4,5,539.1
25220007646000,1,0,1,0
25220007647000,2,0,2,0
25220007652000,1,1,0,0
25220007662000,5,3,2,299
25220007663000,28,17,11,1461.6
25230007411000,4,2,2,0
25230007468000,15,8,7,526.5
25230007469000,9,5,4,210.6
25230007470000,13,8,5,592.8
25230007472000,7,4,3,249.2
25230007473000,23,15,8,1152.3
25230007474000,7,4,3,322
25230007476000,1,1,0,0
25230007480000,7,3,4,244.3
25230007481000,24,15,9,986.4
25230007482000,10,7,3,471
25230007483000,13,8,5,705.9
25230007484000,11,4,7,629.2
25230007534000,6,3,3,268.8
25230007535000,4,2,2,0
25230007542000,9,5,4,444.6
25230007552000,6,2,4,298.8
25230007553000,7,3,4,231
25230007578000,1,1,0,0
25230007580000,7,4,3,352.1
25230007612000,1,0,1,0
25230007613000,8,5,3,438.4
25230007614000,2,1,1,0
25230007625000,72,39,33,2390.4
25230007634000,5,2,3,115
25230007637000,17,10,7,612
25230007641000,5,2,3,214
25230007650000,2,1,1,0
25230007662000,1,0,1,0
25240007410000,3,2,1,0
25240007454000,2,1,1,0
25240007455000,3,1,2,0
25240007468000,16,7,9,636.8
25240007469000,14,9,5,425.6
25240007470000,8,3,5,430.4
25240007471000,4,2,2,0
25240007472000,8,5,3,456.8
25240007483000,46,22,24,1886
25240007487000,1,1,0,0
25240007542000,3,1,2,0
25240007552000,25,12,13,1197.5
25240007554000,4,1,3,0
25240007555000,7,4,3,427.7
25240007578000,8,6,2,263.2
25240007579000,7,4,3,363.3
25240007580000,8,4,4,594.4
25240007612000,5,3,2,245
25240007616000,5,2,3,327
25240007625000,13,9,4,627.9
25240007626000,20,9,11,696
25240007633000,4,1,3,0
25240007634000,3,2,1,0
25240007636000,9,5,4,646.2
25240007643000,6,2,4,193.2
25240007645000,11,5,6,306.9
25240007654000,7,3,4,300.3
25240007663000,2,1,1,0
25250007409000,18,8,10,837
25250007410000,11,7,4,665.5
25250007456000,13,6,7,494
25250007469000,313,153,160,11831.4
25250007470000,490,258,232,18816
25250007475000,9,4,5,448.2
25250007485000,2,2,0,0
25250007489000,2,0,2,0
25250007542000,6,3,3,387
25250007551000,42,20,22,919.8
25250007552000,208,108,100,9339.2
25250007554000,1,0,1,0
25250007556000,2,0,2,0
25250007558000,6,3,3,373.8
25250007578000,13,9,4,405.6
25250007579000,21,11,10,896.7
25250007612000,19,9,10,602.3
25250007615000,4,2,2,0
25250007626000,23,12,11,982.1
25250007635000,2,1,1,0
25250007636000,16,7,9,664
25250007647000,2,1,1,0
25250007648000,9,6,3,576.9
25250007649000,16,7,9,600
25250007650000,6,3,3,175.2
25250007651000,176,84,92,7304
25250007652000,34,18,16,1268.2
25250007654000,43,18,25,1827.5
25250007664000,2,1,1,0
25260007408000,3,2,1,0
25260007470000,11,5,6,327.8
25260007471000,20,9,11,988
25260007472000,4,2,2,0
25260007473000,5,3,2,173
25260007474000,5,2,3,134
25260007542000,3,1,2,0
25260007551000,19,13,6,446.5
25260007552000,213,113,100,8882.1
25260007558000,7,4,3,461.3
25260007560000,4,2,2,0
25260007563000,2,1,1,0
25260007577000,15,7,8,799.5
25260007578000,9,5,4,482.4
25260007579000,2,0,2,0
25260007580000,2,2,0,0
25260007625000,15,11,4,535.5
25260007626000,4,2,2,0
25260007635000,22,13,9,855.8
25260007648000,8,4,4,268.8
25260007649000,29,15,14,1296.3
25260007653000,3,3,0,0
25260007656000,2,1,1,0
25260007665000,6,3,3,193.8
25260007667000,6,3,3,156
25260007669000,67,38,29,3289.7
25270007472000,1,1,0,0
25270007473000,16,7,9,630.4
25270007476000,1,1,0,0
25270007477000,11,6,5,577.5
25270007478000,3,1,2,0
25270007491000,1,0,1,0
25270007552000,25,14,11,1080
25270007556000,9,6,3,387.9
25270007559000,4,3,1,0
25270007560000,31,15,16,1063.3
25270007562000,4,2,2,0
25270007563000,48,25,23,2256
25270007578000,2,2,0,0
25270007580000,21,12,9,1358.7
25270007584000,1,0,1,0
25270007612000,5,3,2,363
25270007625000,13,7,6,464.1
25270007626000,2,0,2,0
25270007636000,15,8,7,723
25270007649000,6,4,2,175.2
25270007653000,7,4,3,231.7
25270007654000,4,3,1,0
25270007663000,1,0,1,0
25270007669000,37,19,18,1295
25280007474000,8,3,5,331.2
25280007475000,5,2,3,274
25280007476000,40,17,23,1688
25280007477000,9,5,4,432.9
25280007478000,2,1,1,0
25280007492000,2,1,1,0
25280007543000,7,2,5,221.2
25280007556000,5,2,3,103
25280007558000,2,0,2,0
25280007578000,7,3,4,147.7
25280007581000,2,1,1,0
25280007625000,4,2,2,0
25280007626000,1,0,1,0
25280007645000,1,0,1,0
25280007649000,1,1,0,0
25280007650000,6,3,3,337.8
25280007653000,2,1,1,0
25280007654000,4,2,2,0
25280007655000,4,1,3,0
25290007475000,21,13,8,1102.5
25290007476000,23,12,11,1127
25290007503000,2,2,0,0
25290007543000,1,0,1,0
25290007556000,3,2,1,0
25290007557000,9,6,3,534.6
25290007561000,10,4,6,477
25290007583000,8,5,3,492
25290007584000,2,1,1,0
25290007585000,10,6,4,471
25290007588000,1,1,0,0
25290007649000,1,1,0,0
25290007650000,7,3,4,559.3
25290007655000,1,0,1,0
25290007659000,4,2,2,0
25290007665000,9,4,5,369.9
25300007408000,22,9,13,895.4
25300007475000,8,4,4,547.2
25300007478000,1,1,0,0
25300007480000,8,4,4,376
25300007495000,1,0,1,0
25300007497000,7,1,6,303.8
25300007498000,5,1,4,387
25300007499000,2,1,1,0
25300007547000,2,1,1,0
25300007548000,1,1,0,0
25300007584000,10,4,6,504
25300007587000,4,2,2,0
25300007602000,6,3,3,262.2
25300007603000,3,2,1,0
25300007611000,15,9,6,739.5
25300007655000,50,25,25,2315
25300007661000,1,1,0,0
25300007666000,2,2,0,0
25310007407000,2,1,1,0
25310007451000,1,1,0,0
25310007452000,1,0,1,0
25310007480000,13,5,8,624
25310007495000,6,3,3,334.2
25310007496000,6,3,3,399
25310007501000,3,1,2,0
25310007543000,2,1,1,0
25310007547000,1,0,1,0
25310007584000,7,2,5,434
25310007585000,4,2,2,0
25310007587000,6,1,5,136.2
25310007610000,7,3,4,426.3
25310007611000,2,2,0,0
25310007612000,6,3,3,355.8
25310007655000,28,13,15,1226.4
25310007656000,88,39,49,3379.2
25310007660000,2,1,1,0
25310007672000,1,1,0,0
25320007402000,4,2,2,0
25320007451000,1,1,0,0
25320007482000,4,2,2,0
25320007495000,2,2,0,0
25320007496000,1,0,1,0
25320007542000,2,2,0,0
25320007543000,6,3,3,421.2
25320007549000,1,1,0,0
25320007592000,1,0,1,0
25320007604000,2,1,1,0
25320007606000,11,6,5,680.9
25320007607000,12,6,6,536.4
25320007608000,7,3,4,317.1
25320007647000,1,1,0,0
25320007656000,123,61,62,6027
25320007657000,11,7,4,465.3
25320007672000,3,2,1,0
25320007675000,1,1,0,0
25320007676000,2,1,1,0
25330007403000,2,1,1,0
25330007482000,1,0,1,0
25330007496000,1,1,0,0
25330007508000,3,0,3,0
25330007509000,3,2,1,0
25330007555000,1,1,0,0
25330007605000,4,2,2,0
25330007606000,15,9,6,750
25330007607000,4,1,3,0
25330007608000,7,4,3,235.2
25330007609000,11,5,6,734.8
25330007625000,4,2,2,0
25330007627000,2,1,1,0
25330007628000,7,5,2,422.1
25330007657000,6,3,3,238.2
25330007658000,4,3,1,0
25330007660000,2,1,1,0
25330007678000,20,8,12,984
25340007402000,1,1,0,0
25340007496000,9,3,6,556.2
25340007508000,21,10,11,1012.2
25340007555000,2,1,1,0
25340007556000,3,1,2,0
25340007588000,1,1,0,0
25340007589000,5,2,3,347
25340007615000,8,4,4,400.8
25340007616000,3,2,1,0
25340007627000,2,1,1,0
25340007629000,3,1,2,0
25340007660000,20,12,8,712
25340007677000,5,4,1,294
25340007678000,8,5,3,294.4
25350007496000,22,9,13,1221
25350007497000,10,5,5,251
25350007508000,42,23,19,1864.8
25350007509000,7,5,2,149.8
25350007510000,25,11,14,1080
25350007528000,2,2,0,0
25350007532000,4,2,2,0
25350007552000,3,1,2,0
25350007553000,6,4,2,181.2
25350007555000,45,23,22,2079
25350007556000,20,12,8,680
25350007587000,3,2,1,0
25350007590000,1,1,0,0
25350007616000,12,6,6,583.2
25350007627000,5,3,2,356
25350007628000,7,5,2,315
25350007630000,2,1,1,0
25350007632000,9,5,4,354.6
25350007633000,3,2,1,0
25350007660000,13,6,7,552.5
25350007661000,2,1,1,0
25360007510000,25,14,11,980
25360007511000,1,0,1,0
25360007531000,3,2,1,0
25360007532000,8,4,4,459.2
25360007533000,1,1,0,0
25360007534000,6,2,4,168
25360007535000,3,1,2,0
25360007552000,4,3,1,0
25360007553000,2,2,0,0
25360007555000,24,15,9,1125.6
25360007556000,132,54,78,4989.6
25360007557000,2,1,1,0
25360007558000,9,5,4,516.6
25360007559000,1,1,0,0
25360007588000,1,1,0,0
25360007593000,5,3,2,258
25360007594000,3,1,2,0
25360007595000,3,1,2,0
25360007616000,5,3,2,345
25360007617000,43,22,21,1629.7
25360007618000,2,1,1,0
25360007662000,2,1,1,0
25360007663000,28,13,15,1257.2
25360007664000,13,6,7,566.8
25360007675000,3,2,1,0
25370007495000,19,9,10,687.8
25370007496000,6,3,3,457.2
25370007497000,22,9,13,1333.2
25370007533000,3,1,2,0
25370007537000,20,11,9,754
25370007540000,4,3,1,0
25370007541000,8,5,3,508
25370007551000,1,1,0,0
25370007552000,10,4,6,405
25370007557000,9,7,2,297.9
25370007558000,13,7,6,897
25370007559000,5,3,2,197
25370007560000,6,4,2,271.8
25370007562000,3,2,1,0
25370007587000,9,5,4,451.8
25370007617000,13,8,5,763.1
25370007618000,12,6,6,615.6
25370007619000,3,2,1,0
25370007629000,10,5,5,557
25370007665000,9,6,3,345.6
25370007666000,29,17,12,1470.3
25370007668000,3,1,2,0
25370007671000,2,1,1,0
25370007684000,223,114,109,8875.4
25370007685000,120,56,64,5580
25380007477000,2,1,1,0
25380007496000,4,2,2,0
25380007513000,2,1,1,0
25380007527000,1,0,1,0
25380007538000,29,14,15,1212.2
25380007539000,44,21,23,1852.4
25380007551000,1,1,0,0
25380007552000,3,2,1,0
25380007560000,3,1,2,0
25380007619000,8,4,4,476.8
25380007620000,23,14,9,943
25380007630000,11,7,4,581.9
25380007631000,2,1,1,0
25380007665000,4,3,1,0
25380007666000,142,62,80,7242
25380007667000,26,14,12,1045.2
25380007668000,25,17,8,830
25380007684000,39,21,18,1618.5
25380007685000,74,39,35,3137.6
25390007497000,5,3,2,224
25390007501000,11,7,4,443.3
25390007502000,5,2,3,195
25390007512000,2,1,1,0
25390007527000,3,2,1,0
25390007528000,1,1,0,0
25390007538000,14,9,5,663.6
25390007539000,66,28,38,3187.8
25390007542000,1,1,0,0
25390007549000,6,3,3,103.8
25390007572000,1,0,1,0
25390007587000,220,125,95,8734
25390007588000,153,61,92,6257.7
25390007620000,3,2,1,0
25390007667000,7,3,4,261.8
25390007668000,13,5,8,678.6
25390007669000,7,5,2,254.1
25400007497000,12,7,5,524.4
25400007502000,2,1,1,0
25400007514000,1,1,0,0
25400007527000,1,0,1,0
25400007548000,13,7,6,444.6
25400007588000,673,320,353,31025.3
25400007589000,626,313,313,25853.8
25400007590000,16,8,8,657.6
25400007669000,16,10,6,638.4
25400007678000,4,3,1,0
25410007502000,2,2,0,0
25410007521000,1,0,1,0
25410007524000,1,1,0,0
25410007527000,1,1,0,0
25410007539000,3,1,2,0
25410007540000,3,1,2,0
25410007546000,15,5,10,445.5
25410007547000,2,1,1,0
25410007559000,2,2,0,0
25410007589000,73,35,38,3000.3
25410007591000,3,1,2,0
25410007592000,4,2,2,0
25410007593000,2,1,1,0
25410007619000,12,7,5,326.4
25410007669000,5,3,2,90
25410007670000,56,26,30,2055.2
25410007671000,17,9,8,591.6
25410007688000,196,102,94,6820.8
25420007448000,6,4,2,253.8
25420007449000,168,88,80,6720
25420007501000,2,1,1,0
25420007525000,2,2,0,0
25420007547000,27,15,12,1147.5
25420007548000,1,0,1,0
25420007562000,2,2,0,0
25420007563000,7,4,3,350.7
25420007564000,35,20,15,1960
25420007565000,12,7,5,525.6
25420007594000,25,15,10,1080
25420007617000,4,2,2,0
25420007618000,10,6,4,481
25420007619000,10,5,5,518
25420007621000,2,1,1,0
25420007622000,6,3,3,241.2
25420007623000,9,4,5,414.9
25420007624000,9,4,5,414
25420007625000,9,8,1,366.3
25420007671000,10,6,4,481
25420007672000,16,7,9,876.8
25420007674000,4,3,1,0
25420007675000,3,1,2,0
25420007676000,6,4,2,271.2
25420007688000,429,218,211,16430.7
25420007689000,351,186,165,11618.1
25430007442000,9,4,5,443.7
25430007447000,37,22,15,1487.4
25430007448000,47,24,23,2298.3
25430007547000,22,13,9,866.8
25430007548000,30,17,13,1263
25430007562000,17,8,9,542.3
25430007564000,5,1,4,357
25430007565000,7,3,4,410.2
25430007567000,4,2,2,0
25430007568000,9,2,7,573.3
25430007569000,9,2,7,342.9
25430007570000,2,1,1,0
25430007571000,56,32,24,2676.8
25430007595000,7,3,4,240.8
25430007614000,2,1,1,0
25430007615000,1,0,1,0
25430007617000,22,10,12,853.6
25430007618000,45,22,23,1741.5
25430007624000,8,4,4,331.2
25430007625000,19,12,7,613.7
25430007626000,11,6,5,392.7
25430007628000,1,0,1,0
25430007630000,2,1,1,0
25430007673000,8,5,3,356.8
25430007676000,6,3,3,295.8
25430007677000,15,6,9,868.5
25430007678000,22,12,10,1023
25430007679000,7,4,3,457.8
25430007680000,11,3,8,530.2
25430007681000,13,5,8,458.9
25430007689000,360,183,177,15948
25430007690000,140,66,74,5180
25440007447000,121,60,61,5190.9
25440007547000,32,15,17,1241.6
25440007548000,48,28,20,2020.8
25440007549000,8,5,3,555.2
25440007565000,21,11,10,781.2
25440007566000,7,3,4,280
25440007567000,4,2,2,0
25440007568000,6,4,2,334.8
25440007569000,1,0,1,0
25440007617000,1,0,1,0
25440007627000,23,12,11,897
25440007628000,7,4,3,476
25440007631000,4,2,2,0
25440007632000,9,5,4,396.9
25440007633000,50,24,26,1850
25440007634000,167,89,78,6563.1
25440007635000,26,13,13,1211.6
25440007681000,17,8,9,897.6
25440007682000,34,20,14,1764.6
25440007689000,379,197,182,16069.6
25440007690000,791,370,421,35199.5
25450007446000,50,23,27,2780
25450007447000,42,19,23,1890
25450007546000,4,1,3,0
25450007547000,123,70,53,4464.9
25450007548000,171,93,78,6788.7
25450007562000,1,0,1,0
25450007563000,4,2,2,0
25450007564000,1,0,1,0
25450007590000,12,5,7,644.4
25450007600000,6,4,2,250.2
25450007604000,1,1,0,0
25450007605000,1,1,0,0
25450007627000,30,17,13,1011
25450007630000,70,36,34,2674
25450007631000,27,14,13,1285.2
25450007636000,2,1,1,0
25450007637000,2,1,1,0
25450007682000,5,2,3,208
25450007683000,15,10,5,730.5
25450007684000,9,5,4,361.8
25460007442000,5,3,2,208
25460007446000,123,64,59,4920
25460007546000,93,46,47,3320.1
25460007547000,28,16,12,1083.6
25460007558000,3,2,1,0
25460007560000,2,1,1,0
25460007591000,1,1,0,0
25460007592000,3,1,2,0
25460007593000,30,12,18,1302
25460007626000,2,1,1,0
25460007627000,29,18,11,780.1
25460007629000,27,14,13,1312.2
25460007630000,198,109,89,7345.8
25460007637000,18,10,8,612
25460007683000,4,2,2,0
25460007684000,9,5,4,475.2
25470007445000,20,12,8,1314
25470007446000,25,11,14,1457.5
25470007593000,12,6,6,699.6
25470007603000,2,1,1,0
25470007626000,16,9,7,889.6
25470007627000,16,9,7,518.4
25470007629000,1044,484,560,41133.6
25470007630000,89,44,45,3426.5
25470007637000,6,4,2,253.2
25470007638000,16,8,8,630.4
25470007639000,14,7,7,687.4
25480007536000,1,1,0,0
25480007544000,55,27,28,1930.5
25480007545000,49,24,25,2229.5
25480007546000,7,3,4,205.8
25480007601000,3,2,1,0
25480007625000,4,1,3,0
25480007628000,21,11,10,810.6
25480007629000,73,33,40,2963.8
25480007639000,49,24,25,1969.8
25490007600000,1,0,1,0
25490007610000,2,2,0,0
25490007625000,7,4,3,237.3
25490007628000,66,36,30,3016.2
25500007530000,1,1,0,0
25500007531000,25,16,9,1382.5
25500007532000,6,4,2,258
25500007533000,3,1,2,0
25500007605000,13,9,4,382.2
25500007606000,86,40,46,3113.2
25500007625000,53,29,24,2210.1
25500007626000,3,2,1,0
25500007627000,49,21,28,1989.4
25500007628000,51,29,22,2182.8
25500007645000,3,2,1,0
25500007650000,50,27,23,2545
25500007651000,20,11,9,970
25510007530000,2,1,1,0
25510007531000,6,4,2,175.8
25510007567000,1,1,0,0
25510007589000,1,0,1,0
25510007605000,21,10,11,737.1
25510007606000,140,67,73,6104
25510007625000,208,107,101,7321.6
25510007626000,45,24,21,2200.5
25510007637000,11,7,4,716.1
25510007638000,2,1,1,0
25510007649000,22,12,10,1214.4
25510007650000,7,2,5,296.8
25520007559000,8,4,4,455.2
25520007582000,2,1,1,0
25520007583000,4,2,2,0
25520007584000,20,12,8,1076
25520007590000,3,1,2,0
25520007606000,8,4,4,275.2
25520007622000,12,7,5,415.2
25520007623000,12,8,4,483.6
25520007624000,21,11,10,756
25520007625000,7,3,4,240.1
25520007626000,8,5,3,388.8
25520007636000,4,2,2,0
25520007642000,23,8,15,931.5
25530007567000,1,1,0,0
25530007590000,1,0,1,0
25530007604000,16,7,9,745.6
25530007605000,5,3,2,357
25530007606000,10,5,5,601
25530007619000,1,0,1,0
25530007620000,4,3,1,0
25530007635000,25,14,11,692.5
25530007636000,30,17,13,921
25530007637000,34,17,17,1513
25530007641000,24,11,13,856.8
25530007642000,7,3,4,294
25540007557000,14,9,5,666.4
25540007568000,3,2,1,0
25540007590000,26,12,14,1188.2
25540007591000,8,4,4,507.2
25540007605000,19,9,10,1155.2
25540007606000,12,8,4,561.6
25540007618000,3,1,2,0
25540007619000,12,5,7,655.2
25540007630000,2,1,1,0
25540007635000,5,2,3,121
25540007636000,164,85,79,6904.4
25540007637000,18,13,5,703.8
25540007641000,35,18,17,1767.5
25540007648000,5,3,2,231
25550007554000,19,12,7,782.8
25550007559000,2,1,1,0
25550007568000,1,1,0,0
25550007570000,4,2,2,0
25550007573000,8,6,2,504
25550007580000,10,6,4,404
25550007585000,1,1,0,0
25550007590000,15,8,7,691.5
25550007602000,6,3,3,240
25550007605000,18,9,9,689.4
25550007606000,16,8,8,819.2
25550007618000,9,5,4,257.4
25550007629000,54,31,23,2138.4
25550007630000,21,12,9,751.8
25550007631000,2,1,1,0
25550007635000,64,31,33,2656
25550007636000,6,3,3,348
25560007539000,1,1,0,0
25560007548000,1,0,1,0
25560007553000,73,39,34,3650
25560007554000,237,121,116,10428
25560007570000,2,1,1,0
25560007571000,2,1,1,0
25560007579000,4,2,2,0
25560007580000,9,4,5,424.8
25560007586000,2,1,1,0
25560007604000,11,6,5,717.2
25560007605000,5,3,2,315
25560007606000,12,6,6,650.4
25560007624000,7,4,3,251.3
25560007628000,24,15,9,787.2
25560007631000,24,12,12,1056
25560007632000,4,2,2,0
25560007634000,5,3,2,136
25560007635000,41,18,23,1402.2
25560007636000,37,18,19,1383.8
25570007539000,1,1,0,0
25570007540000,1,1,0,0
25570007548000,1,1,0,0
25570007550000,2,1,1,0
25570007551000,11,7,4,713.9
25570007553000,7,3,4,445.2
25570007554000,567,292,275,24607.8
25570007555000,2,1,1,0
25570007560000,1,1,0,0
25570007579000,2,1,1,0
25570007586000,5,3,2,239
25570007603000,2,1,1,0
25570007604000,12,5,7,618
25570007606000,11,6,5,522.5
25570007615000,3,1,2,0
25570007616000,2,1,1,0
25570007625000,28,19,9,1108.8
25570007626000,6,2,4,174
25570007629000,1,1,0,0
25570007631000,16,7,9,676.8
25570007635000,41,18,23,1685.1
25570007636000,4,2,2,0
25570007642000,3,1,2,0
25580007566000,2,2,0,0
25580007568000,1,1,0,0
25580007578000,12,7,5,561.6
25580007591000,2,1,1,0
25580007603000,2,1,1,0
25580007606000,15,9,6,639
25580007612000,1,0,1,0
25580007615000,10,6,4,628
25580007616000,12,7,5,546
25580007632000,185,85,100,6179
25580007634000,2,1,1,0
25580007635000,88,51,37,3414.4
25580007642000,33,19,14,1207.8
25580007653000,7,4,3,300.3
25580007655000,3,2,1,0
25580007656000,14,7,7,714
25590007554000,1,1,0,0
25590007578000,1,1,0,0
25590007593000,4,2,2,0
25590007601000,3,1,2,0
25590007602000,1,1,0,0
25590007603000,6,3,3,187.8
25590007632000,105,51,54,4210.5
25590007633000,9,3,6,299.7
25590007634000,51,23,28,1647.3
25590007635000,157,76,81,6437
25590007636000,25,8,17,810
25590007638000,98,51,47,4272.8
25590007641000,2,1,1,0
25590007642000,8,3,5,398.4
25590007653000,6,4,2,316.2
25590007655000,2,0,2,0
25590007656000,16,8,8,880
25590007659000,1,1,0,0
25590007663000,1,0,1,0
25600007564000,3,2,1,0
25600007576000,5,4,1,207
25600007599000,29,15,14,1531.2
25600007603000,65,34,31,2704
25600007604000,8,4,4,496
25600007606000,3,2,1,0
25600007610000,8,5,3,383.2
25600007611000,10,5,5,667
25600007617000,87,43,44,3166.8
25600007618000,44,21,23,2090
25600007632000,486,241,245,18225
25600007633000,666,316,350,27505.8
25600007634000,709,354,355,24602.3
25600007635000,53,26,27,1658.9
25600007636000,11,8,3,301.4
25600007637000,48,25,23,1857.6
25600007638000,1,1,0,0
25600007641000,2,1,1,0
25600007642000,15,8,7,522
25600007653000,6,2,4,214.2
25600007654000,21,10,11,779.1
25600007656000,3,2,1,0
25600007657000,4,2,2,0
25600007661000,1,0,1,0
25610007527000,1,1,0,0
25610007598000,23,14,9,890.1
25610007599000,33,14,19,1254
25610007604000,43,22,21,2003.8
25610007605000,7,5,2,333.2
25610007606000,23,13,10,1014.3
25610007607000,64,30,34,2361.6
25610007608000,107,62,45,3531
25610007609000,11,3,8,591.8
25610007610000,29,11,18,1290.5
25610007611000,61,27,34,2598.6
25610007612000,44,23,21,1993.2
25610007617000,3,2,1,0
25610007618000,21,11,10,882
25610007619000,34,17,17,1210.4
25610007620000,8,5,3,368.8
25610007622000,7,4,3,317.1
25610007623000,118,62,56,5085.8
25610007630000,956,494,462,34989.6
25610007631000,1455,730,725,57181.5
25610007632000,1705,824,881,69393.5
25610007633000,1260,625,635,50904
25610007634000,350,174,176,12670
25610007641000,18,9,9,815.4
25610007653000,1,1,0,0
25610007654000,153,73,80,6426
25610007655000,10,5,5,659
25610007656000,2,2,0,0
25610007661000,1,1,0,0
25620007577000,3,1,2,0
25620007588000,1,0,1,0
25620007596000,1,1,0,0
25620007597000,35,18,17,1634.5
25620007598000,205,100,105,8589.5
25620007604000,9,6,3,585.9
25620007605000,262,130,132,12104.4
25620007606000,3,2,1,0
25620007612000,19,12,7,1050.7
25620007619000,119,55,64,4855.2
25620007620000,129,62,67,5921.1
25620007621000,26,13,13,865.8
25620007623000,191,93,98,8136.6
25620007624000,275,142,133,10395
25620007626000,683,356,327,24792.9
25620007627000,207,103,104,7203.6
25620007628000,908,449,459,30599.6
25620007629000,993,505,488,35648.7
25620007630000,880,437,443,34408
25620007631000,922,461,461,36326.8
25620007632000,562,290,272,22817.2
25620007633000,1296,616,680,58190.4
25620007634000,852,421,431,32716.8
25620007635000,75,43,32,2287.5
25620007636000,26,18,8,988
25620007641000,49,24,25,2450
25620007653000,13,7,6,643.5
25620007654000,35,18,17,1676.5
25620007655000,4,2,2,0
25630007581000,2,1,1,0
25630007583000,3,3,0,0
25630007605000,15,6,9,838.5
25630007608000,18,9,9,851.4
25630007609000,31,17,14,1215.2
25630007610000,31,16,15,1336.1
25630007611000,11,5,6,607.2
25630007613000,1,0,1,0
25630007614000,4,2,2,0
25630007617000,8,5,3,568.8
25630007618000,51,27,24,2208.3
25630007619000,41,24,17,1886
25630007620000,5,3,2,253
25630007621000,76,41,35,3214.8
25630007624000,27,15,12,926.1
25630007625000,159,85,74,5883
25630007626000,698,358,340,22754.8
25630007627000,708,350,358,26550
25630007628000,306,151,155,11169
25630007629000,50,29,21,2330
25630007630000,896,397,499,41036.8
25630007631000,787,397,390,35257.6
25630007632000,116,57,59,4431.2
25630007641000,30,14,16,1206
25630007642000,20,9,11,592
25640007575000,5,3,2,275
25640007581000,2,0,2,0
25640007582000,3,2,1,0
25640007584000,9,5,4,573.3
25640007589000,6,3,3,258
25640007594000,10,5,5,325
25640007598000,2,1,1,0
25640007603000,14,5,9,732.2
25640007604000,4,2,2,0
25640007607000,1,0,1,0
25640007608000,292,145,147,10920.8
25640007609000,358,173,185,14176.8
25640007610000,28,12,16,1223.6
25640007611000,3,2,1,0
25640007612000,50,24,26,1910
25640007613000,14,9,5,499.8
25640007614000,6,4,2,135
25640007615000,33,17,16,1686.3
25640007616000,49,25,24,1994.3
25640007617000,93,45,48,3710.7
25640007618000,71,34,37,2960.7
25640007621000,1,0,1,0
25640007622000,7,4,3,210.7
25640007631000,743,350,393,30463
25640007642000,59,32,27,2702.2
25640007643000,45,20,25,1764
25640007644000,8,3,5,404
25640007645000,14,8,6,548.8
25640007646000,5,3,2,225
25650007575000,2,1,1,0
25650007582000,14,5,9,523.6
25650007583000,2,1,1,0
25650007584000,21,10,11,903
25650007587000,4,2,2,0
25650007590000,3,1,2,0
25650007594000,21,8,13,724.5
25650007595000,8,4,4,347.2
25650007597000,4,2,2,0
25650007603000,4,2,2,0
25650007607000,74,36,38,2745.4
25650007614000,3,2,1,0
25650007618000,7,2,5,361.9
25650007643000,7,4,3,189
25650007646000,4,2,2,0
25650007647000,38,17,21,1105.8
25650007648000,4,2,2,0
25660007564000,2,2,0,0
25660007570000,1,1,0,0
25660007575000,1,0,1,0
25660007579000,15,9,6,784.5
25660007580000,1,1,0,0
25660007585000,2,0,2,0
25660007589000,2,1,1,0
25660007590000,22,11,11,734.8
25660007594000,28,12,16,1030.4
25660007595000,27,14,13,1107
25660007602000,2,1,1,0
25660007603000,154,76,78,6036.8
25660007604000,24,14,10,1339.2
25660007605000,36,16,20,1422
25660007606000,20,11,9,808
25660007607000,22,10,12,1192.4
25660007608000,7,3,4,431.9
25660007648000,5,2,3,87
25660007649000,38,18,20,2261
25660007650000,15,9,6,801
25670007572000,3,1,2,0
25670007573000,12,6,6,758.4
25670007574000,1,1,0,0
25670007575000,1,1,0,0
25670007577000,2,1,1,0
25670007578000,4,2,2,0
25670007579000,1,0,1,0
25670007586000,5,2,3,189
25670007587000,6,3,3,372
25670007588000,49,22,27,2371.6
25670007589000,28,12,16,1164.8
25670007590000,12,6,6,512.4
25670007594000,7,3,4,221.2
25670007595000,39,17,22,1606.8
25670007599000,4,2,2,0
25670007600000,3,1,2,0
25670007601000,5,3,2,212
25670007602000,2,1,1,0
25670007603000,9,5,4,302.4
25670007605000,4,2,2,0
25670007606000,30,17,13,1461
25670007607000,31,18,13,1023
25670007608000,6,4,2,301.8
25670007611000,2,1,1,0
25670007641000,2,1,1,0
25670007648000,21,11,10,1383.9
25670007649000,6,2,4,202.2
25680007587000,2,1,1,0
25680007588000,53,32,21,2363.8
25680007589000,27,9,18,1512
25680007601000,4,3,1,0
25680007602000,8,5,3,396.8
25680007603000,14,8,6,453.6
25680007609000,34,19,15,1574.2
25680007610000,5,2,3,192
25680007611000,25,11,14,1150
25680007641000,8,5,3,392.8
25680007649000,3,1,2,0
25690007575000,2,1,1,0
25690007579000,17,7,10,761.6
25690007580000,3,3,0,0
25690007589000,11,7,4,705.1
25690007590000,4,3,1,0
25690007594000,9,4,5,208.8
25690007595000,25,13,12,960
25690007596000,6,1,5,181.8
25690007597000,3,0,3,0
25690007599000,1,0,1,0
25690007600000,1,1,0,0
25690007601000,16,8,8,836.8
25690007602000,47,26,21,2303
25690007603000,64,31,33,2470.4
25690007608000,14,9,5,743.4
25690007609000,11,5,6,498.3
25690007616000,16,10,6,670.4
25690007617000,12,6,6,649.2
25690007650000,8,4,4,226.4
25700007571000,10,5,5,364
25700007572000,1,1,0,0
25700007573000,2,1,1,0
25700007576000,6,2,4,216
25700007577000,21,11,10,928.2
25700007578000,17,8,9,530.4
25700007579000,8,6,2,484.8
25700007580000,15,9,6,573
25700007590000,1,1,0,0
25700007594000,6,3,3,343.2
25700007598000,19,12,7,714.4
25700007599000,7,3,4,319.2
25700007601000,16,8,8,804.8
25700007603000,14,8,6,749
25700007604000,1,1,0,0
25700007605000,21,11,10,877.8
25700007606000,6,2,4,169.2
25700007607000,21,12,9,890.4
25700007608000,5,2,3,222
25700007618000,14,8,6,896
25710007572000,1,1,0,0
25710007573000,1,1,0,0
25710007574000,2,1,1,0
25710007576000,1,1,0,0
25710007577000,2,1,1,0
25710007578000,4,2,2,0
25710007579000,23,12,11,793.5
25710007580000,12,8,4,477.6
25710007581000,20,11,9,802
25710007595000,8,4,4,444.8
25710007598000,8,4,4,344.8
25710007599000,46,24,22,2120.6
25710007600000,27,13,14,982.8
25710007601000,18,10,8,889.2
25710007603000,23,12,11,1014.3
25710007604000,13,6,7,522.6
25710007605000,13,7,6,625.3
25710007606000,44,29,15,2059.2
25710007607000,11,7,4,486.2
25710007618000,3,2,1,0
25710007619000,10,5,5,532
25710007663000,2,2,0,0
25710007664000,1,0,1,0
25720007571000,4,2,2,0
25720007579000,5,4,1,144
25720007580000,36,19,17,1677.6
25720007581000,21,12,9,1113
25720007582000,12,7,5,342
25720007588000,12,6,6,483.6
25720007589000,14,7,7,371
25720007590000,8,4,4,347.2
25720007595000,10,4,6,402
25720007598000,3,2,1,0
25720007599000,3,1,2,0
25720007602000,19,11,8,932.9
25720007603000,25,13,12,1105
25720007604000,15,6,9,430.5
25720007605000,12,5,7,303.6
25720007606000,7,5,2,366.1
25720007607000,3,1,2,0
25720007613000,1,1,0,0
25720007617000,3,2,1,0
25720007618000,1,1,0,0
25720007619000,135,65,70,6169.5
25720007662000,88,44,44,3792.8
25720007663000,9,5,4,515.7
25730007578000,2,1,1,0
25730007579000,2,1,1,0
25730007580000,144,77,67,5155.2
25730007581000,2,0,2,0
25730007582000,7,5,2,384.3
25730007595000,1,1,0,0
25730007596000,2,1,1,0
25730007613000,1,1,0,0
25730007619000,32,13,19,1465.6
25730007620000,56,26,30,2480.8
25730007661000,8,4,4,436.8
25740007578000,2,1,1,0
25740007579000,5,2,3,158
25740007580000,259,129,130,8650.6
25740007581000,200,90,110,7880
25740007582000,69,38,31,2587.5
25740007583000,11,5,6,456.5
25740007588000,14,7,7,548.8
25740007599000,2,1,1,0
25740007615000,1,1,0,0
25740007616000,5,3,2,243
25740007617000,1,1,0,0
25740007618000,5,2,3,226
25740007620000,20,12,8,1076
25740007624000,3,1,2,0
25740007625000,45,21,24,2515.5
25740007661000,7,5,2,196.7
25750007580000,21,11,10,804.3
25750007581000,164,79,85,7626
25750007582000,285,127,158,12996
25750007583000,10,5,5,465
25750007584000,2,1,1,0
25750007588000,12,7,5,817.2
25750007619000,46,20,26,1656
25750007620000,24,12,12,1135.2
25750007625000,2,1,1,0
25750007661000,3,1,2,0
25750007662000,1,1,0,0
25760007581000,34,19,15,1428
25760007582000,25,11,14,1092.5
25760007583000,105,57,48,4084.5
25760007584000,12,4,8,586.8
25760007587000,59,33,26,2714
25760007596000,16,8,8,932.8
25760007597000,4,2,2,0
25760007619000,20,12,8,1008
25760007620000,2,1,1,0
25760007662000,9,5,4,654.3
25760007688000,9,5,4,476.1
25770007581000,3,1,2,0
25770007582000,11,6,5,411.4
25770007583000,11,8,3,464.2
25770007584000,31,13,18,1463.2
25770007585000,29,14,15,1412.3
25770007586000,38,21,17,1330
25770007587000,22,10,12,1152.8
25770007596000,1,1,0,0
25770007597000,176,89,87,7233.6
25770007598000,130,60,70,6539
25770007599000,5,2,3,295
25770007620000,50,23,27,2025
25770007621000,10,6,4,329
25770007662000,2,1,1,0
25770007663000,8,5,3,611.2
25770007688000,5,3,2,259
25770007689000,41,21,20,2337
25780007582000,25,13,12,1302.5
25780007585000,2,2,0,0
25780007586000,13,8,5,380.9
25780007598000,13,6,7,648.7
25780007599000,24,10,14,979.2
25780007600000,33,16,17,1666.5
25780007601000,8,4,4,264.8
25780007621000,19,11,8,758.1
25780007622000,22,11,11,844.8
25780007664000,6,3,3,340.8
25780007686000,4,2,2,0
25780007687000,6,4,2,169.2
25780007689000,4,2,2,0
25790007580000,1,0,1,0
25790007582000,84,40,44,2856
25790007583000,19,10,9,1083
25790007600000,2,1,1,0
25790007601000,5,2,3,340
25790007620000,4,1,3,0
25790007622000,17,8,9,732.7
25790007623000,11,6,5,414.7
25790007626000,1,0,1,0
25790007664000,23,13,10,1267.3
25790007687000,2,1,1,0
25790007689000,19,13,6,604.2
25790007696000,1,1,0,0
25800007583000,50,24,26,2325
25800007602000,5,3,2,282
25800007623000,4,2,2,0
25800007626000,2,1,1,0
25800007627000,1,0,1,0
25800007663000,4,2,2,0
25800007664000,6,1,5,295.8
25800007665000,16,8,8,812.8
25800007666000,8,2,6,408.8
25800007667000,2,1,1,0
25800007670000,58,26,32,2511.4
25800007671000,2,1,1,0
25800007676000,1,1,0,0
25800007677000,24,13,11,1092
25800007686000,3,1,2,0
25800007687000,16,9,7,803.2
25800007690000,2,1,1,0
25800007695000,14,5,9,449.4
25800007696000,305,153,152,14213
25810007583000,2,1,1,0
25810007601000,109,53,56,4556.2
25810007602000,125,58,67,5800
25810007603000,44,22,22,2134
25810007640000,13,7,6,881.4
25810007659000,1,0,1,0
25810007660000,15,5,10,558
25810007663000,5,4,1,283
25810007664000,31,17,14,1475.6
25810007668000,5,2,3,369
25810007670000,3,2,1,0
25810007676000,3,1,2,0
25810007677000,11,5,6,215.6
25810007686000,6,3,3,187.2
25810007687000,90,43,47,3843
25810007695000,18,11,7,691.2
25810007696000,52,25,27,2241.2
25820007583000,7,3,4,322.7
25820007584000,6,3,3,418.2
25820007595000,2,1,1,0
25820007601000,64,33,31,2771.2
25820007602000,42,25,17,1743
25820007603000,4,3,1,0
25820007620000,1,0,1,0
25820007623000,1,1,0,0
25820007629000,1,0,1,0
25820007637000,28,12,16,1271.2
25820007638000,22,12,10,1238.6
25820007639000,10,5,5,530
25820007640000,9,5,4,585.9
25820007660000,1,0,1,0
25820007664000,1,1,0,0
25820007668000,1,0,1,0
25820007687000,17,9,8,615.4
25820007693000,56,32,24,2525.6
25820007698000,1,0,1,0
25830007581000,1,1,0,0
25830007583000,2,1,1,0
25830007584000,14,8,6,791
25830007585000,2,1,1,0
25830007586000,3,1,2,0
25830007595000,8,3,5,368.8
25830007596000,6,4,2,403.2
25830007601000,12,7,5,742.8
25830007620000,11,6,5,313.5
25830007635000,10,3,7,531
25830007636000,23,12,11,1039.6
25830007637000,37,20,17,1924
25830007661000,2,1,1,0
25830007686000,6,3,3,474
25830007693000,98,42,56,3831.8
25830007698000,1,1,0,0
25840007585000,5,5,0,329
25840007586000,7,4,3,350.7
25840007597000,3,1,2,0
25840007600000,27,14,13,926.1
25840007601000,16,10,6,931.2
25840007633000,5,3,2,179
25840007634000,27,12,15,1320.3
25840007635000,6,5,1,325.2
25840007657000,2,1,1,0
25840007686000,3,1,2,0
25840007687000,89,49,40,4636.9
25840007702000,10,8,2,281
25850007578000,1,1,0,0
25850007586000,6,3,3,339
25850007596000,1,1,0,0
25850007599000,2,2,0,0
25850007600000,13,8,5,669.5
25850007619000,33,18,15,1230.9
25850007620000,65,43,22,2502.5
25850007622000,6,2,4,390
25850007623000,1,0,1,0
25850007627000,21,10,11,1146.6
25850007628000,5,2,3,325
25850007630000,2,1,1,0
25850007633000,24,11,13,957.6
25850007641000,7,2,5,252.7
25850007646000,5,3,2,148
25850007647000,55,29,26,2332
25850007657000,17,7,10,844.9
25850007663000,1,0,1,0
25850007665000,37,20,17,1391.2
25850007687000,4,2,2,0
25850007701000,2,1,1,0
25850007702000,4,1,3,0
25860007597000,1,1,0,0
25860007598000,3,2,1,0
25860007616000,19,11,8,1107.7
25860007619000,221,102,119,10254.4
25860007620000,45,24,21,2250
25860007628000,54,27,27,2689.2
25860007629000,9,4,5,332.1
25860007632000,49,28,21,1509.2
25860007633000,9,6,3,414.9
25860007640000,3,2,1,0
25860007641000,17,10,7,868.7
25860007646000,39,15,24,1591.2
25860007647000,3,2,1,0
25860007660000,15,5,10,478.5
25860007661000,14,8,6,666.4
25860007662000,2,1,1,0
25860007663000,1,1,0,0
25860007664000,32,16,16,1395.2
25860007665000,90,43,47,3987
25870007586000,3,2,1,0
25870007587000,22,12,10,847
25870007588000,2,1,1,0
25870007601000,2,1,1,0
25870007602000,6,1,5,373.8
25870007618000,6,3,3,232.8
25870007619000,15,6,9,877.5
25870007629000,15,7,8,787.5
25870007630000,31,14,17,1587.2
25870007631000,370,181,189,16983
25870007632000,32,21,11,1408
25870007635000,11,7,4,559.9
25870007636000,42,21,21,1780.8
25870007637000,27,14,13,861.3
25870007639000,1,1,0,0
25870007645000,4,2,2,0
25870007646000,18,8,10,1112.4
25870007658000,8,4,4,267.2
25870007660000,4,2,2,0
25870007663000,2,1,1,0
25870007664000,8,3,5,476.8
25870007665000,51,28,23,2065.5
25870007707000,6,4,2,283.8
25870007708000,4,2,2,0
25880007587000,9,4,5,330.3
25880007588000,5,1,4,272
25880007595000,7,4,3,158.2
25880007602000,1,1,0,0
25880007603000,4,2,2,0
25880007615000,6,3,3,397.2
25880007618000,15,5,10,679.5
25880007630000,6,4,2,241.8
25880007631000,3,3,0,0
25880007633000,9,5,4,504
25880007634000,37,20,17,1861.1
25880007636000,24,12,12,1034.4
25880007637000,36,19,17,1832.4
25880007644000,3,1,2,0
25880007645000,5,3,2,311
25880007646000,45,23,22,2146.5
25880007658000,12,5,7,639.6
25880007701000,5,2,3,220
25880007707000,1,1,0,0
25890007587000,9,6,3,406.8
25890007588000,5,2,3,368
25890007595000,3,0,3,0
25890007603000,6,3,3,322.2
25890007604000,3,2,1,0
25890007615000,1,0,1,0
25890007617000,10,8,2,525
25890007618000,9,6,3,441.9
25890007633000,22,9,13,1243
25890007643000,4,2,2,0
25890007668000,1,1,0,0
25890007701000,1,1,0,0
25890007702000,1,1,0,0
25890007705000,74,33,41,2834.2
25890007706000,35,17,18,1470
25900007587000,3,2,1,0
25900007615000,7,5,2,496.3
25900007617000,13,7,6,955.5
25900007633000,1,1,0,0
25900007642000,1,0,1,0
25900007643000,4,4,0,0
25900007647000,7,3,4,485.8
25900007648000,6,3,3,393
25900007668000,6,4,2,253.8
25900007705000,57,24,33,3442.8
25910007586000,2,1,1,0
25910007596000,2,2,0,0
25910007615000,3,2,1,0
25910007626000,11,5,6,484
25910007628000,11,7,4,643.5
25910007629000,26,12,14,995.8
25910007630000,34,17,17,1628.6
25910007641000,3,2,1,0
25910007644000,2,1,1,0
25910007647000,7,5,2,275.1
25910007705000,27,13,14,1001.7
25910007706000,1,1,0,0
25910007707000,3,1,2,0
25920007586000,7,3,4,322
25920007588000,18,7,11,711
25920007596000,6,5,1,111
25920007604000,1,1,0,0
25920007610000,6,2,4,214.8
25920007613000,1,1,0,0
25920007614000,15,8,7,676.5
25920007615000,6,4,2,355.2
25920007626000,9,4,5,639
25920007630000,11,6,5,345.4
25920007644000,9,7,2,237.6
25920007671000,6,3,3,403.8
25920007704000,4,2,2,0
25920007705000,21,12,9,1203.3
25920007707000,18,8,10,1202.4
25930007580000,2,1,1,0
25930007581000,7,4,3,126
25930007582000,3,2,1,0
25930007588000,4,2,2,0
25930007589000,77,36,41,2787.4
25930007612000,1,1,0,0
25930007627000,8,4,4,280
25930007631000,5,3,2,356
25930007647000,5,3,2,213
25930007699000,9,4,5,539.1
25940007579000,4,3,1,0
25940007580000,5,3,2,259
25940007581000,16,10,6,345.6
25940007588000,15,10,5,319.5
25940007589000,148,81,67,5446.4
25940007590000,67,30,37,2398.6
25940007591000,184,95,89,6918.4
25940007627000,2,1,1,0
25940007631000,1,1,0,0
25940007632000,34,17,17,1271.6
25940007647000,8,3,5,356
25940007657000,5,2,3,231
25940007697000,10,5,5,337
25940007698000,3,2,1,0
25940007699000,12,5,7,582
25940007704000,4,2,2,0
25940007705000,4,3,1,0
25940007709000,5,3,2,293
25940007710000,37,17,20,1687.2
25950007565000,2,1,1,0
25950007578000,4,1,3,0
25950007579000,2,1,1,0
25950007589000,391,193,198,11886.4
25950007590000,157,77,80,5934.6
25950007591000,576,287,289,20966.4
25950007632000,4,1,3,0
25950007633000,15,8,7,991.5
25950007637000,10,9,1,468
25950007657000,2,1,1,0
25950007705000,7,5,2,450.1
25950007713000,95,55,40,3790.5
25950007714000,78,37,41,3244.8
25960007565000,4,4,0,0
25960007566000,3,1,2,0
25960007570000,3,2,1,0
25960007589000,7,3,4,364
25960007591000,550,260,290,22825
25960007592000,73,37,36,3007.6
25960007633000,15,8,7,858
25960007634000,20,11,9,800
25960007637000,2,1,1,0
25960007638000,25,12,13,1580
25960007655000,1,1,0,0
25960007656000,1,1,0,0
25960007676000,7,5,2,280.7
25960007678000,3,1,2,0
25960007705000,29,13,16,1328.2
25960007710000,5,3,2,311
25960007711000,32,18,14,1299.2
25970007577000,4,2,2,0
25970007586000,1,1,0,0
25970007591000,783,386,397,30458.7
25970007625000,1,1,0,0
25970007627000,3,2,1,0
25970007635000,12,6,6,666
25970007639000,3,2,1,0
25970007657000,11,4,7,713.9
25970007658000,7,3,4,483
25970007678000,7,3,4,494.9
25970007710000,56,27,29,2133.6
25970007711000,145,76,69,5611.5
25970007712000,85,48,37,3451
25980007586000,13,8,5,490.1
25980007590000,480,249,231,16512
25980007591000,392,214,178,14778.4
25980007593000,1493,708,785,61063.7
25980007594000,584,301,283,23243.2
25980007621000,56,32,24,2066.4
25980007622000,12,3,9,711.6
25980007623000,16,10,6,769.6
25980007625000,11,6,5,403.7
25980007627000,18,8,10,905.4
25980007659000,13,5,8,539.5
25980007660000,10,5,5,423
25980007673000,2,1,1,0
25980007681000,4,3,1,0
25990007571000,21,8,13,724.5
25990007572000,51,25,26,2488.8
25990007573000,129,70,59,5843.7
25990007574000,8,4,4,510.4
25990007575000,2,1,1,0
25990007586000,13,6,7,517.4
25990007590000,187,92,95,6844.2
25990007591000,266,141,125,9815.4
25990007592000,204,106,98,7976.4
25990007593000,2679,1299,1380,126448.8
25990007594000,2022,980,1042,78858
25990007603000,6,3,3,220.8
25990007620000,10,6,4,458
25990007626000,26,14,12,1229.8
25990007627000,10,8,2,493
25990007637000,4,1,3,0
25990007641000,13,7,6,865.8
25990007654000,17,6,11,761.6
25990007655000,24,13,11,1034.4
25990007660000,10,4,6,496
25990007665000,5,2,3,313
25990007676000,3,1,2,0
25990007679000,7,4,3,354.2
25990007680000,4,2,2,0
26000007572000,4,2,2,0
26000007585000,5,3,2,155
26000007590000,466,243,223,17801.2
26000007592000,31,17,14,914.5
26000007593000,1693,847,846,68227.9
26000007594000,1289,655,634,51560
26000007603000,38,22,16,1641.6
26000007604000,24,8,16,1029.6
26000007620000,26,13,13,941.2
26000007622000,9,4,5,360.9
26000007623000,21,9,12,669.9
26000007624000,9,4,5,343.8
26000007625000,15,7,8,652.5
26000007626000,4,1,3,0
26000007637000,4,3,1,0
26000007654000,3,2,1,0
26000007661000,11,7,4,523.6
26000007662000,2,1,1,0
26000007665000,11,7,4,247.5
26000007679000,5,4,1,308
26010007570000,2,1,1,0
26010007585000,5,2,3,114
26010007589000,15,9,6,787.5
26010007590000,7,3,4,189
26010007593000,14,6,8,270.2
26010007594000,30,10,20,1140
26010007597000,1,1,0,0
26010007603000,1,0,1,0
26010007604000,35,19,16,1585.5
26010007619000,5,3,2,142
26010007620000,60,36,24,2148
26010007622000,2,1,1,0
26010007627000,1,1,0,0
26010007654000,5,2,3,283
26010007658000,2,2,0,0
26010007659000,6,5,1,397.8
26010007662000,11,5,6,597.3
26010007663000,31,17,14,1286.5
26010007664000,3,1,2,0
26010007665000,16,8,8,894.4
26010007666000,6,5,1,234
26010007679000,9,5,4,344.7
26010007684000,3,2,1,0
26020007584000,7,3,4,310.1
26020007589000,4,3,1,0
26020007597000,85,44,41,3655
26020007598000,15,8,7,618
26020007599000,23,10,13,871.7
26020007605000,19,10,9,741
26020007606000,17,9,8,865.3
26020007619000,7,5,2,254.8
26020007621000,5,3,2,303
26020007622000,116,59,57,5765.2
26020007634000,2,1,1,0
26020007651000,11,5,6,381.7
26020007654000,3,2,1,0
26020007660000,7,4,3,326.9
26020007674000,5,1,4,325
26020007679000,1,0,1,0
26020007682000,17,7,10,710.6
26020007685000,22,12,10,869
26020007712000,28,14,14,1316
26020007713000,159,86,73,6741.6
26030007568000,10,5,5,331
26030007569000,10,5,5,456
26030007583000,4,1,3,0
26030007597000,1,1,0,0
26030007598000,2,2,0,0
26030007599000,2,1,1,0
26030007600000,6,5,1,340.2
26030007605000,9,3,6,290.7
26030007606000,378,187,191,16254
26030007607000,71,31,40,2946.5
26030007620000,7,3,4,364.7
26030007621000,40,19,21,1940
26030007622000,8,4,4,472
26030007633000,3,2,1,0
26030007661000,18,10,8,988.2
26030007674000,21,9,12,1089.9
26030007679000,2,1,1,0
26030007680000,3,1,2,0
26030007681000,2,1,1,0
26030007682000,10,3,7,567
26030007683000,26,12,14,1154.4
26030007685000,21,12,9,743.4
26030007686000,2,1,1,0
26030007716000,22,12,10,1095.6
26030007717000,217,117,100,7920.5
26040007567000,4,2,2,0
26040007568000,14,6,8,651
26040007588000,1,1,0,0
26040007598000,13,7,6,587.6
26040007602000,18,10,8,675
26040007603000,12,7,5,404.4
26040007605000,32,13,19,1260.8
26040007606000,552,277,275,23294.4
26040007607000,187,94,93,6844.2
26040007608000,17,11,6,654.5
26040007621000,5,3,2,366
26040007632000,2,1,1,0
26040007633000,4,2,2,0
26040007642000,2,2,0,0
26040007661000,3,1,2,0
26040007662000,27,13,14,1530.9
26040007663000,2,0,2,0
26040007667000,6,4,2,403.8
26040007679000,2,1,1,0
26040007686000,16,8,8,718.4
26040007716000,12,6,6,303.6
26050007565000,9,6,3,461.7
26050007566000,4,2,2,0
26050007567000,6,5,1,459
26050007587000,3,2,1,0
26050007598000,5,2,3,380
26050007602000,2,1,1,0
26050007604000,14,6,8,484.4
26050007605000,30,17,13,1482
26050007606000,17,12,5,518.5
26050007607000,8,4,4,284
26050007608000,27,12,15,1109.7
26050007621000,7,3,4,263.9
26050007632000,10,4,6,543
26050007663000,18,9,9,885.6
26050007664000,24,12,12,804
26050007667000,11,6,5,500.5
26050007678000,9,6,3,450
26050007679000,54,24,30,3002.4
26050007686000,6,3,3,196.2
26050007687000,4,1,3,0
26050007709000,1,1,0,0
26060007562000,2,1,1,0
26060007563000,1,1,0,0
26060007564000,4,2,2,0
26060007565000,4,2,2,0
26060007585000,4,3,1,0
26060007586000,271,142,129,9159.8
26060007587000,197,98,99,6382.8
26060007606000,17,7,10,520.2
26060007607000,42,21,21,1369.2
26060007609000,3,3,0,0
26060007615000,3,1,2,0
26060007620000,5,3,2,247
26060007632000,3,2,1,0
26060007648000,18,10,8,813.6
26060007664000,37,19,18,1509.6
26060007665000,54,27,27,2284.2
26060007666000,23,14,9,917.7
26060007667000,22,11,11,748
26060007678000,19,10,9,722
26060007679000,20,12,8,896
26060007682000,18,12,6,754.2
26060007684000,7,4,3,196.7
26060007685000,5,2,3,93
26060007687000,21,12,9,821.1
26070007585000,94,46,48,3196
26070007586000,110,53,57,4367
26070007587000,93,45,48,3171.3
26070007594000,134,61,73,4770.4
26070007598000,17,7,10,986
26070007607000,22,13,9,1115.4
26070007614000,4,4,0,0
26070007615000,4,1,3,0
26070007616000,3,1,2,0
26070007619000,27,16,11,1382.4
26070007620000,10,7,3,634
26070007632000,9,5,4,374.4
26070007643000,3,2,1,0
26070007644000,11,6,5,595.1
26070007654000,7,3,4,333.9
26070007665000,86,42,44,3371.2
26070007666000,184,84,100,8850.4
26070007667000,17,6,11,470.9
26070007669000,2,1,1,0
26070007675000,23,13,10,1053.4
26070007682000,3,1,2,0
26070007684000,21,11,10,1064.7
26070007685000,1,0,1,0
26070007686000,25,9,16,747.5
26070007687000,19,10,9,663.1
26070007688000,18,7,11,595.8
26070007689000,2,1,1,0
26080007593000,9,3,6,359.1
26080007594000,46,20,26,1591.6
26080007597000,11,6,5,557.7
26080007598000,3,1,2,0
26080007607000,5,4,1,253
26080007619000,105,59,46,4210.5
26080007632000,5,4,1,293
26080007643000,11,6,5,640.2
26080007646000,3,2,1,0
26080007647000,47,25,22,1804.8
26080007649000,28,14,14,1173.2
26080007661000,37,16,21,1443
26080007662000,16,10,6,537.6
26080007663000,1,0,1,0
26080007668000,3,1,2,0
26080007669000,16,8,8,534.4
26080007675000,114,57,57,5073
26080007676000,61,28,33,2433.9
26080007677000,6,3,3,202.8
26080007682000,3,2,1,0
26080007683000,4,2,2,0
26080007684000,7,5,2,240.8
26080007686000,14,5,9,436.8
26080007687000,1,1,0,0
26080007689000,2,1,1,0
26080007690000,8,5,3,512
26090007593000,77,44,33,2918.3
26090007594000,2,1,1,0
26090007596000,4,3,1,0
26090007597000,13,5,8,754
26090007607000,6,3,3,300
26090007618000,12,5,7,409.2
26090007619000,19,9,10,843.6
26090007620000,77,38,39,2641.1
26090007631000,10,4,6,397
26090007632000,1,1,0,0
26090007633000,3,1,2,0
26090007646000,36,20,16,1148.4
26090007647000,97,48,49,3957.6
26090007648000,31,16,15,1571.7
26090007649000,38,22,16,1869.6
26090007650000,27,15,12,1320.3
26090007653000,3,2,1,0
26090007660000,7,4,3,471.8
26090007661000,11,4,7,423.5
26090007663000,26,10,16,1344.2
26090007664000,7,3,4,371.7
26090007665000,2,2,0,0
26090007667000,32,18,14,1113.6
26090007668000,12,7,5,327.6
26090007669000,42,18,24,1549.8
26090007675000,91,50,41,3339.7
26090007678000,9,3,6,279
26090007682000,5,2,3,217
26090007683000,42,23,19,1478.4
26090007687000,5,3,2,205
26090007689000,23,12,11,823.4
26090007717000,10,4,6,460
26100007593000,8,4,4,356.8
26100007596000,40,21,19,1848
26100007597000,4,2,2,0
26100007606000,3,3,0,0
26100007607000,41,21,20,2103.3
26100007616000,15,7,8,799.5
26100007617000,9,5,4,387.9
26100007618000,5,2,3,257
26100007619000,31,18,13,1261.7
26100007620000,1,1,0,0
26100007631000,21,11,10,1224.3
26100007633000,8,5,3,452.8
26100007642000,6,3,3,384
26100007646000,51,26,25,1693.2
26100007647000,16,6,10,724.8
26100007652000,24,13,11,832.8
26100007653000,7,3,4,322
26100007663000,5,3,2,302
26100007666000,6,4,2,333
26100007669000,48,21,27,1704
26100007675000,23,11,12,1005.1
26100007678000,82,46,36,2714.2
26100007679000,60,30,30,2550
26100007683000,41,23,18,1709.7
26100007687000,35,18,17,1127
26100007689000,7,5,2,401.1
26100007708000,5,3,2,367
26110007593000,2,1,1,0
26110007594000,1,1,0,0
26110007595000,14,9,5,684.6
26110007607000,26,19,7,1609.4
26110007616000,6,3,3,139.2
26110007617000,3,1,2,0
26110007619000,38,18,20,1873.4
26110007629000,1,1,0,0
26110007630000,36,20,16,1684.8
26110007631000,19,12,7,830.3
26110007633000,16,8,8,723.2
26110007641000,20,12,8,1078
26110007642000,5,3,2,252
26110007645000,17,8,9,552.5
26110007646000,9,5,4,534.6
26110007654000,1,0,1,0
26110007662000,1,0,1,0
26110007663000,8,5,3,264.8
26110007669000,45,23,22,1984.5
26110007670000,11,6,5,591.8
26110007675000,28,11,17,1386
26110007678000,27,15,12,804.6
26110007679000,21,12,9,1180.2
26110007681000,33,18,15,924
26110007682000,4,2,2,0
26110007683000,29,14,15,1392
26110007689000,13,9,4,561.6
26110007698000,10,5,5,442
26110007699000,1,1,0,0
26110007701000,1,0,1,0
26110007708000,27,14,13,1398.6
26110007709000,3,3,0,0
26110007710000,20,8,12,712
26110007711000,30,17,13,1344
26110007712000,33,15,18,1455.3
26120007607000,3,2,1,0
26120007628000,54,29,25,1782
26120007629000,40,23,17,1252
26120007631000,7,4,3,263.2
26120007632000,61,32,29,2464.4
26120007633000,15,7,8,801
26120007640000,14,8,6,397.6
26120007641000,25,14,11,892.5
26120007642000,5,3,2,246
26120007644000,46,24,22,1784.8
26120007645000,145,76,69,5510
26120007670000,14,6,8,603.4
26120007671000,3,3,0,0
26120007681000,10,5,5,442
26120007682000,44,22,22,1584
26120007683000,46,20,26,2010.2
26120007689000,1,1,0,0
26120007690000,7,3,4,287.7
26120007703000,4,2,2,0
26120007707000,1,1,0,0
26120007712000,43,20,23,1754.4
26120007713000,18,9,9,568.8
26130007599000,2,1,1,0
26130007627000,36,16,20,1350
26130007628000,231,109,122,9216.9
26130007629000,44,20,24,2890.8
26130007630000,44,19,25,1614.8
26130007631000,59,29,30,2519.3
26130007632000,8,4,4,411.2
26130007640000,14,6,8,567
26130007641000,154,67,87,4866.4
26130007643000,142,71,71,5807.8
26130007644000,2,1,1,0
26130007661000,2,1,1,0
26130007670000,2,1,1,0
26130007671000,16,10,6,782.4
26130007681000,19,10,9,583.3
26130007682000,57,33,24,1875.3
26130007683000,93,45,48,2910.9
26130007684000,22,10,12,807.4
26130007686000,21,12,9,682.5
26130007687000,33,13,20,1178.1
26130007691000,47,26,21,1875.3
26130007692000,12,6,6,591.6
26130007696000,2,2,0,0
26130007707000,10,6,4,514
26130007708000,2,1,1,0
26130007713000,96,46,50,3475.2
26130007714000,32,16,16,2076.8
26130007715000,4,1,3,0
26130007716000,13,7,6,754
26130007717000,6,3,3,261
26130007718000,2,1,1,0
26130007719000,3,2,1,0
26140007625000,1,1,0,0
26140007626000,22,11,11,807.4
26140007627000,11,6,5,270.6
26140007641000,3,2,1,0
26140007642000,269,128,141,11217.3
26140007643000,294,159,135,10848.6
26140007646000,23,13,10,977.5
26140007671000,13,7,6,614.9
26140007675000,1,1,0,0
26140007680000,24,11,13,835.2
26140007681000,1,1,0,0
26140007683000,83,41,42,3012.9
26140007686000,8,5,3,320
26140007687000,63,36,27,2394
26140007688000,68,31,37,2441.2
26140007689000,5,2,3,309
26140007690000,24,14,10,936
26140007692000,8,6,2,320.8
26140007693000,36,17,19,1353.6
26140007694000,9,5,4,233.1
26140007706000,1,0,1,0
26150007625000,18,12,6,873
26150007626000,18,8,10,889.2
26150007637000,5,3,2,256
26150007639000,7,4,3,375.9
26150007641000,6,3,3,124.8
26150007642000,22,13,9,1128.6
26150007643000,7,3,4,154
26150007645000,2,1,1,0
26150007646000,50,24,26,2545
26150007672000,7,4,3,464.8
26150007676000,17,11,6,890.8
26150007677000,3,1,2,0
26150007679000,6,3,3,277.2
26150007680000,6,2,4,418.2
26150007683000,344,172,172,10767.2
26150007686000,44,20,24,1469.6
26150007687000,41,23,18,1648.2
26150007688000,5,3,2,309
26150007689000,4,2,2,0
26150007694000,15,8,7,621
26150007695000,19,6,13,904.4
26150007696000,2,2,0,0
26150007703000,12,6,6,771.6
26150007704000,10,4,6,614
26150007705000,1,0,1,0
26150007727000,25,14,11,890
26150007728000,39,20,19,1458.6
26160007625000,30,21,9,1599
26160007638000,2,1,1,0
26160007643000,1,1,0,0
26160007646000,11,6,5,605
26160007647000,1,0,1,0
26160007659000,9,4,5,322.2
26160007660000,9,6,3,278.1
26160007661000,4,2,2,0
26160007673000,3,2,1,0
26160007676000,2,1,1,0
26160007678000,42,20,22,1890
26160007679000,31,18,13,1249.3
26160007683000,329,162,167,10100.3
26160007684000,570,297,273,20121
26160007685000,194,97,97,6382.6
26160007686000,39,20,19,1700.4
26160007687000,2,1,1,0
26160007695000,20,8,12,864
26160007705000,23,11,12,1048.8
26160007706000,13,4,9,599.3
26160007727000,83,45,38,3162.3
26160007728000,77,43,34,3164.7
26170007642000,5,3,2,218
26170007643000,18,10,8,804.6
26170007646000,2,1,1,0
26170007662000,10,5,5,600
26170007673000,2,1,1,0
26170007682000,176,81,95,7779.2
26170007683000,570,288,282,24339
26170007684000,40,21,19,1612
26170007685000,71,40,31,2321.7
26170007687000,20,9,11,764
26170007688000,23,9,14,1018.9
26170007695000,3,2,1,0
26170007696000,6,3,3,277.8
26170007702000,6,2,4,409.8
26170007703000,8,3,5,548.8
26170007704000,6,3,3,384
26170007705000,1,1,0,0
26170007706000,39,16,23,1653.6
26170007707000,7,3,4,385.7
26170007708000,9,3,6,601.2
26170007709000,18,12,6,698.4
26170007710000,12,6,6,418.8
26170007723000,15,9,6,405
26170007724000,39,21,18,1329.9
26170007727000,115,61,54,4094
26170007728000,5,3,2,260
26180007621000,9,4,5,205.2
26180007641000,3,2,1,0
26180007646000,2,2,0,0
26180007662000,1,0,1,0
26180007674000,10,4,6,389
26180007682000,181,77,104,8362.2
26180007683000,821,415,406,29802.3
26180007684000,124,65,59,5022
26180007685000,116,58,58,4280.4
26180007686000,162,70,92,5443.2
26180007687000,167,90,77,5694.7
26180007688000,61,29,32,2183.8
26180007689000,96,44,52,3072
26180007690000,41,25,16,1623.6
26180007691000,76,36,40,3397.2
26180007696000,17,7,10,899.3
26180007710000,8,3,5,319.2
26180007723000,16,8,8,771.2
26180007724000,82,42,40,3944.2
26180007725000,29,9,20,2076.4
26190007640000,15,9,6,568.5
26190007667000,4,2,2,0
26190007668000,8,4,4,298.4
26190007669000,20,12,8,926
26190007670000,2,2,0,0
26190007673000,8,4,4,312
26190007683000,701,348,353,26357.6
26190007691000,1,1,0,0
26190007692000,47,26,21,1842.4
26190007696000,37,17,20,2157.1
26190007698000,2,2,0,0
26190007700000,6,2,4,178.8
26190007702000,11,5,6,293.7
26190007706000,5,3,2,254
26190007724000,1,1,0,0
26190007725000,33,15,18,828.3
26200007622000,37,22,15,1369
26200007623000,18,8,10,518.4
26200007641000,11,6,5,552.2
26200007642000,36,20,16,1584
26200007647000,2,1,1,0
26200007648000,1,1,0,0
26200007661000,1,0,1,0
26200007667000,1,0,1,0
26200007668000,11,5,6,530.2
26200007669000,22,14,8,981.2
26200007670000,37,16,21,1454.1
26200007671000,30,14,16,1077
26200007673000,1,1,0,0
26200007674000,22,11,11,783.2
26200007683000,551,282,269,19450.3
26200007692000,40,19,21,1336
26200007693000,23,11,12,1163.8
26200007694000,2,1,1,0
26200007696000,73,47,26,3022.2
26200007697000,69,32,37,3919.2
26200007699000,5,3,2,308
26200007729000,1,1,0,0
26200007743000,1,1,0,0
26210007622000,40,19,21,1428
26210007623000,14,9,5,660.8
26210007640000,16,8,8,588.8
26210007641000,2,1,1,0
26210007642000,42,27,15,1596
26210007643000,15,9,6,535.5
26210007646000,5,4,1,313
26210007647000,2,2,0,0
26210007648000,3,1,2,0
26210007671000,89,43,46,3337.5
26210007672000,66,31,35,2349.6
26210007673000,56,30,26,2497.6
26210007674000,3,1,2,0
26210007677000,77,47,30,2964.5
26210007678000,39,14,25,1458.6
26210007679000,141,70,71,5513.1
26210007680000,64,31,33,2425.6
26210007681000,26,11,15,1027
26210007683000,458,244,214,16991.8
26210007694000,15,10,5,501
26210007695000,52,26,26,2168.4
26210007696000,13,8,5,547.3
26210007697000,199,100,99,7641.6
26210007699000,5,2,3,331
26210007718000,1,1,0,0
26210007719000,10,4,6,550
26210007729000,8,4,4,408.8
26220007641000,7,3,4,144.9
26220007642000,10,4,6,468
26220007643000,28,13,15,1089.2
26220007648000,3,2,1,0
26220007649000,4,2,2,0
26220007650000,5,2,3,235
26220007671000,8,4,4,234.4
26220007672000,103,51,52,4181.8
26220007675000,33,16,17,1323.3
26220007676000,37,19,18,1291.3
26220007677000,21,10,11,779.1
26220007678000,2,1,1,0
26220007679000,9,4,5,415.8
26220007681000,56,31,25,2139.2
26220007682000,92,55,37,3431.6
26220007683000,175,83,92,7157.5
26220007684000,5,2,3,262
26220007695000,13,7,6,357.5
26220007696000,25,16,9,1237.5
26220007697000,18,9,9,894.6
26220007698000,29,11,18,893.2
26220007716000,5,3,2,157
26220007717000,1,0,1,0
26220007718000,3,1,2,0
26220007727000,3,1,2,0
26230007638000,1,0,1,0
26230007640000,7,5,2,392.7
26230007641000,1,0,1,0
26230007643000,39,22,17,1411.8
26230007645000,4,2,2,0
26230007672000,35,15,20,1396.5
26230007673000,72,37,35,3088.8
26230007675000,48,24,24,2452.8
26230007676000,121,60,61,4900.5
26230007677000,2,0,2,0
26230007684000,32,18,14,1072
26230007685000,1,0,1,0
26230007694000,6,3,3,205.2
26230007700000,1,0,1,0
26230007701000,1,0,1,0
26230007702000,6,3,3,385.2
26230007706000,2,2,0,0
26230007707000,8,4,4,588.8
26230007716000,15,11,4,655.5
26230007727000,5,3,2,300
26240007595000,1,1,0,0
26240007640000,13,7,6,358.8
26240007641000,7,4,3,359.1
26240007642000,13,8,5,546
26240007643000,29,12,17,1038.2
26240007644000,4,3,1,0
26240007672000,12,8,4,308.4
26240007673000,250,134,116,8725
26240007674000,8,4,4,352
26240007675000,67,35,32,2780.5
26240007677000,4,3,1,0
26240007685000,70,38,32,2436
26240007693000,3,2,1,0
26240007694000,2,1,1,0
26240007700000,40,22,18,1564
26240007701000,93,49,44,3459.6
26240007702000,15,8,7,568.5
26240007705000,9,3,6,410.4
26240007726000,43,22,21,1505
26240007727000,7,2,5,212.1
26250007623000,11,6,5,357.5
26250007624000,5,3,2,281
26250007625000,3,2,1,0
26250007626000,17,7,10,693.6
26250007627000,5,3,2,285
26250007628000,6,3,3,123
26250007641000,4,3,1,0
26250007671000,3,1,2,0
26250007672000,153,88,65,5752.8
26250007673000,461,219,242,18117.3
26250007674000,435,212,223,17835
26250007675000,67,35,32,2753.7
26250007683000,24,12,12,1159.2
26250007684000,17,8,9,460.7
26250007685000,90,42,48,3924
26250007686000,67,33,34,2847.5
26250007687000,31,20,11,1289.6
26250007693000,13,7,6,453.7
26250007701000,26,10,16,629.2
26250007709000,9,6,3,348.3
26250007715000,2,1,1,0
26250007726000,1,0,1,0
26250007727000,8,5,3,403.2
26250007730000,8,6,2,368.8
26260007623000,3,1,2,0
26260007624000,11,8,3,459.8
26260007639000,9,4,5,243.9
26260007666000,15,8,7,465
26260007668000,10,5,5,184
26260007670000,11,5,6,254.1
26260007671000,9,2,7,329.4
26260007672000,38,18,20,1482
26260007673000,59,24,35,2389.5
26260007674000,143,77,66,5190.9
26260007681000,2,1,1,0
26260007682000,11,4,7,342.1
26260007683000,28,14,14,1008
26260007686000,15,9,6,709.5
26260007687000,61,33,28,2311.9
26260007688000,18,11,7,599.4
26260007689000,5,3,2,248
26260007690000,11,8,3,338.8
26260007692000,16,10,6,659.2
26260007695000,1,1,0,0
26260007701000,12,8,4,409.2
26260007709000,15,9,6,699
26260007716000,1,1,0,0
26260007727000,2,1,1,0
26270007621000,5,3,2,319
26270007630000,2,1,1,0
26270007631000,6,3,3,283.8
26270007632000,11,4,7,394.9
26270007633000,9,5,4,374.4
26270007636000,7,3,4,298.9
26270007637000,4,3,1,0
26270007638000,30,19,11,1143
26270007639000,16,8,8,777.6
26270007664000,9,5,4,435.6
26270007666000,30,16,14,1020
26270007669000,18,8,10,685.8
26270007670000,69,33,36,2863.5
26270007671000,35,17,18,1708
26270007672000,29,16,13,1078.8
26270007674000,5,3,2,177
26270007680000,3,2,1,0
26270007682000,22,12,10,794.2
26270007688000,6,4,2,151.2
26270007689000,36,17,19,1533.6
26270007691000,3,1,2,0
26270007692000,50,25,25,1855
26270007693000,19,12,7,919.6
26270007694000,12,4,8,576
26270007695000,1,0,1,0
26270007716000,33,20,13,1617
26270007722000,54,31,23,2025
26270007723000,44,22,22,1478.4
26270007724000,25,16,9,1075
26270007725000,5,3,2,108
26270007727000,11,8,3,400.4
26280007620000,2,1,1,0
26280007631000,2,0,2,0
26280007632000,2,1,1,0
26280007633000,9,3,6,455.4
26280007636000,5,3,2,362
26280007638000,24,15,9,1185.6
26280007666000,5,1,4,67
26280007667000,2,1,1,0
26280007670000,12,6,6,582
26280007671000,7,2,5,205.1
26280007680000,39,18,21,1509.3
26280007681000,6,3,3,222
26280007682000,70,39,31,3248
26280007690000,11,4,7,542.3
26280007691000,6,4,2,244.8
26280007695000,26,16,10,910
26280007696000,28,14,14,1072.4
26280007697000,12,6,6,399.6
26280007710000,10,5,5,622
26280007711000,6,2,4,240
26280007716000,23,11,12,922.3
26280007717000,3,1,2,0
26280007723000,3,1,2,0
26280007724000,24,14,10,914.4
26280007727000,5,2,3,147
26280007739000,3,2,1,0
26290007666000,6,3,3,252
26290007667000,5,1,4,145
26290007680000,7,4,3,307.3
26290007681000,49,23,26,1822.8
26290007682000,31,16,15,1255.5
26290007683000,1,0,1,0
26290007691000,16,9,7,414.4
26290007692000,27,12,15,1104.3
26290007693000,54,27,27,2068.2
26290007694000,17,6,11,608.6
26290007695000,19,6,13,657.4
26290007696000,8,4,4,352
26290007697000,48,27,21,1747.2
26290007698000,48,21,27,1828.8
26290007710000,7,4,3,459.2
26290007711000,3,1,2,0
26290007716000,6,4,2,294
26290007717000,19,9,10,868.3
26290007725000,2,1,1,0
26290007726000,3,1,2,0
26290007727000,18,10,8,673.2
26300007619000,30,16,14,1038
26300007639000,13,6,7,297.7
26300007640000,4,2,2,0
26300007681000,3,2,1,0
26300007682000,31,17,14,1174.9
26300007683000,23,14,9,1041.9
26300007697000,18,9,9,547.2
26300007698000,227,99,128,10714.4
26300007699000,26,11,15,998.4
26300007700000,18,11,7,768.6
26300007708000,1,0,1,0
26300007709000,3,3,0,0
26300007710000,1,1,0,0
26300007717000,15,8,7,802.5
26300007727000,4,1,3,0
26300007728000,5,2,3,221
26300007743000,20,9,11,834
26300007744000,22,9,13,1273.8
26300007745000,1,1,0,0
26310007617000,7,3,4,280.7
26310007618000,28,18,10,915.6
26310007640000,27,13,14,1053
26310007667000,11,8,3,354.2
26310007668000,15,9,6,841.5
26310007682000,12,8,4,525.6
26310007683000,5,3,2,225
26310007684000,15,6,9,454.5
26310007698000,4,3,1,0
26310007699000,25,16,9,910
26310007700000,12,9,3,523.2
26310007701000,19,7,12,623.2
26310007702000,5,3,2,209
26310007703000,25,12,13,955
26310007704000,8,4,4,374.4
26310007705000,4,3,1,0
26310007708000,8,4,4,494.4
26310007709000,1,0,1,0
26310007717000,4,2,2,0
26310007727000,6,4,2,316.8
26310007729000,3,2,1,0
26310007744000,34,15,19,1414.4
26310007745000,41,23,18,2136.1
26310007750000,2,1,1,0
26320007640000,3,1,2,0
26320007641000,16,9,7,590.4
26320007642000,7,4,3,298.2
26320007668000,10,4,6,455
26320007682000,12,6,6,398.4
26320007683000,15,6,9,441
26320007684000,10,5,5,639
26320007685000,12,5,7,519.6
26320007700000,21,11,10,701.4
26320007701000,19,12,7,771.4
26320007717000,11,5,6,433.4
26320007729000,6,4,2,303
26320007744000,18,9,9,682.2
26330007642000,459,229,230,18681.3
26330007645000,1,0,1,0
26330007667000,7,5,2,252
26330007668000,11,7,4,376.2
26330007677000,4,2,2,0
26330007683000,15,7,8,706.5
26330007685000,6,4,2,130.8
26330007701000,7,3,4,333.2
26330007702000,5,2,3,384
26330007717000,5,2,3,169
26330007718000,25,13,12,1010
26340007642000,803,414,389,27061.1
26340007643000,904,444,460,35888.8
26340007644000,66,32,34,2217.6
26340007645000,12,6,6,774
26340007666000,5,2,3,247
26340007667000,1,1,0,0
26340007676000,1,1,0,0
26340007682000,2,1,1,0
26340007713000,5,4,1,299
26340007718000,14,9,5,575.4
26340007744000,2,2,0,0
26340007750000,10,4,6,508
26350007641000,1,1,0,0
26350007642000,24,22,2,624
26350007643000,127,63,64,5702.3
26350007644000,34,20,14,1173
26350007645000,19,7,12,682.1
26350007646000,9,3,6,486
26350007660000,3,1,2,0
26350007666000,2,1,1,0
26350007677000,15,8,7,742.5
26350007686000,2,1,1,0
26350007700000,4,1,3,0
26350007707000,1,0,1,0
26350007710000,7,4,3,338.8
26350007713000,11,5,6,293.7
26350007718000,4,2,2,0
26350007719000,24,12,12,847.2
26350007742000,1,1,0,0
26350007750000,3,2,1,0
26350007773000,2,2,0,0
26360007639000,18,8,10,687.6
26360007640000,9,4,5,389.7
26360007641000,13,9,4,513.5
26360007642000,19,11,8,704.9
26360007646000,23,13,10,795.8
26360007647000,9,6,3,431.1
26360007677000,7,4,3,284.9
26360007678000,17,7,10,647.7
26360007681000,4,2,2,0
26360007682000,15,7,8,748.5
26360007683000,3,0,3,0
26360007684000,6,3,3,250.2
26360007700000,11,6,5,504.9
26360007707000,7,5,2,210
26360007708000,14,7,7,560
26360007711000,4,2,2,0
26360007719000,2,1,1,0
26360007744000,12,6,6,759.6
26360007745000,30,17,13,1401
26360007750000,1,1,0,0
26360007774000,1,1,0,0
26370007638000,18,10,8,831.6
26370007639000,29,16,13,1360.1
26370007640000,4,2,2,0
26370007645000,5,3,2,193
26370007646000,14,7,7,645.4
26370007647000,10,6,4,469
26370007648000,29,14,15,1122.3
26370007649000,15,7,8,694.5
26370007658000,11,5,6,533.5
26370007677000,5,2,3,303
26370007678000,10,5,5,195
26370007679000,6,3,3,249
26370007680000,21,12,9,917.7
26370007681000,31,16,15,1320.6
26370007682000,59,30,29,2790.7
26370007683000,47,27,20,1739
26370007684000,28,13,15,1579.2
26370007685000,7,3,4,321.3
26370007686000,30,18,12,918
26370007687000,2,1,1,0
26370007693000,2,2,0,0
26370007694000,3,1,2,0
26370007695000,6,3,3,253.2
26370007696000,1,1,0,0
26370007697000,3,2,1,0
26370007698000,6,2,4,414
26370007699000,5,3,2,330
26370007707000,2,1,1,0
26370007716000,2,1,1,0
26370007719000,5,2,3,214
26370007751000,33,17,16,1191.3
26370007752000,18,9,9,993.6
26370007757000,6,4,2,132
26380007637000,4,2,2,0
26380007638000,6,3,3,253.2
26380007639000,33,18,15,1161.6
26380007649000,11,5,6,264
26380007650000,32,19,13,1516.8
26380007651000,1,0,1,0
26380007652000,4,2,2,0
26380007658000,62,35,27,2597.8
26380007659000,51,29,22,1647.3
26380007664000,1,1,0,0
26380007679000,91,48,43,3703.7
26380007680000,24,14,10,753.6
26380007681000,10,5,5,491
26380007682000,8,3,5,334.4
26380007683000,16,8,8,577.6
26380007684000,15,6,9,819
26380007685000,2,1,1,0
26380007687000,7,2,5,261.8
26380007688000,9,4,5,504.9
26380007706000,18,10,8,644.4
26380007707000,1,1,0,0
26380007716000,14,8,6,588
26380007719000,3,1,2,0
26380007751000,10,5,5,530
26390007637000,10,4,6,439
26390007638000,34,15,19,1417.8
26390007639000,1,1,0,0
26390007653000,7,4,3,368.9
26390007654000,19,12,7,771.4
26390007655000,5,3,2,273
26390007659000,67,31,36,2291.4
26390007660000,22,12,10,946
26390007661000,55,27,28,2106.5
26390007662000,53,26,27,1770.2
26390007663000,475,251,224,16862.5
26390007664000,45,21,24,2002.5
26390007665000,43,21,22,1651.2
26390007672000,1,1,0,0
26390007676000,17,7,10,775.2
26390007677000,19,9,10,454.1
26390007678000,10,6,4,232
26390007679000,38,20,18,1523.8
26390007680000,8,5,3,240
26390007685000,26,14,12,1034.8
26390007686000,2,0,2,0
26390007687000,7,5,2,307.3
26390007688000,2,1,1,0
26390007689000,2,1,1,0
26390007691000,4,3,1,0
26390007692000,5,3,2,255
26390007693000,7,3,4,289.1
26390007694000,27,15,12,1109.7
26390007695000,2,1,1,0
26390007697000,2,1,1,0
26390007705000,15,7,8,940.5
26390007706000,2,1,1,0
26390007719000,3,2,1,0
26390007720000,9,5,4,345.6
26390007735000,125,65,60,4212.5
26390007736000,4,3,1,0
26390007773000,4,2,2,0
26400007637000,5,2,3,237
26400007638000,28,12,16,996.8
26400007639000,1,1,0,0
26400007654000,1,1,0,0
26400007655000,7,4,3,406.7
26400007656000,2,1,1,0
26400007658000,18,8,10,770.4
26400007659000,73,35,38,3328.8
26400007662000,148,71,77,5224.4
26400007663000,184,103,81,4618.4
26400007665000,200,98,102,10100
26400007666000,413,220,193,14702.8
26400007667000,62,29,33,1878.6
26400007675000,4,2,2,0
26400007676000,1,0,1,0
26400007678000,13,7,6,405.6
26400007679000,37,19,18,1357.9
26400007686000,4,3,1,0
26400007693000,8,3,5,252.8
26400007694000,14,10,4,687.4
26400007695000,10,6,4,637
26400007704000,21,14,7,882
26400007717000,9,6,3,336.6
26400007721000,7,5,2,280.7
26400007722000,53,32,21,1722.5
26400007734000,3,2,1,0
26400007735000,167,78,89,4909.8
26400007736000,142,62,80,5041
26400007739000,12,5,7,459.6
26400007740000,2,1,1,0
26400007752000,1,0,1,0
26400007769000,4,2,2,0
26400007773000,5,4,1,313
26410007635000,7,5,2,184.1
26410007637000,17,6,11,708.9
26410007639000,23,11,12,814.2
26410007655000,4,3,1,0
26410007657000,13,6,7,525.2
26410007658000,29,13,16,959.9
26410007659000,12,4,8,620.4
26410007661000,23,13,10,972.9
26410007665000,35,18,17,1347.5
26410007666000,9,3,6,506.7
26410007667000,164,80,84,5231.6
26410007674000,12,5,7,363.6
26410007675000,6,3,3,400.8
26410007676000,2,1,1,0
26410007677000,22,12,10,1056
26410007678000,7,3,4,359.8
26410007679000,23,9,14,828
26410007695000,1,0,1,0
26410007701000,6,2,4,366
26410007702000,84,41,43,3141.6
26410007703000,9,3,6,549.9
26410007718000,3,2,1,0
26410007722000,38,18,20,1869.6
26410007723000,13,4,9,448.5
26410007734000,41,19,22,1648.2
26410007735000,41,16,25,1599
26410007736000,16,9,7,657.6
26410007737000,31,15,16,1032.3
26410007738000,1,0,1,0
26410007769000,3,2,1,0
26410007773000,2,1,1,0
26420007630000,4,2,2,0
26420007632000,5,3,2,238
26420007633000,4,3,1,0
26420007636000,23,12,11,908.5
26420007637000,19,12,7,552.9
26420007661000,7,3,4,293.3
26420007665000,10,5,5,388
26420007667000,129,65,64,4850.4
26420007668000,417,211,206,15762.6
26420007669000,2,1,1,0
26420007671000,9,3,6,378.9
26420007673000,8,4,4,331.2
26420007674000,108,50,58,4525.2
26420007675000,166,76,90,6938.8
26420007676000,8,3,5,348
26420007677000,3,2,1,0
26420007678000,5,2,3,287
26420007679000,25,12,13,872.5
26420007680000,10,5,5,444
26420007681000,6,4,2,211.2
26420007700000,12,6,6,408
26420007702000,9,4,5,406.8
26420007718000,5,2,3,375
26420007721000,32,16,16,1065.6
26420007722000,31,14,17,1441.5
26420007734000,8,2,6,288.8
26420007735000,24,13,11,967.2
26420007736000,18,8,10,585
26420007770000,4,1,3,0
26420007771000,19,10,9,646
26430007621000,2,1,1,0
26430007623000,6,2,4,190.2
26430007625000,7,3,4,233.8
26430007626000,7,4,3,226.1
26430007627000,1,1,0,0
26430007628000,15,7,8,501
26430007629000,6,4,2,157.8
26430007630000,1,0,1,0
26430007633000,18,9,9,570.6
26430007634000,1,0,1,0
26430007635000,4,2,2,0
26430007661000,8,4,4,296
26430007662000,4,1,3,0
26430007663000,51,28,23,1871.7
26430007668000,20,12,8,708
26430007669000,24,16,8,950.4
26430007670000,52,23,29,1960.4
26430007671000,52,31,21,2324.4
26430007672000,121,70,51,5130.4
26430007673000,98,53,45,3733.8
26430007674000,211,117,94,7553.8
26430007675000,5,3,2,116
26430007676000,5,3,2,249
26430007681000,26,13,13,1209
26430007692000,3,2,1,0
26430007693000,7,5,2,343
26430007699000,6,3,3,286.8
26430007702000,2,2,0,0
26430007704000,8,5,3,314.4
26430007718000,26,14,12,1203.8
26430007721000,36,19,17,1576.8
26430007734000,106,51,55,3317.8
26430007735000,57,31,26,1960.8
26430007738000,3,2,1,0
26430007765000,1,1,0,0
26430007772000,3,2,1,0
26440007620000,6,4,2,259.2
26440007621000,9,3,6,329.4
26440007623000,14,6,8,543.2
26440007624000,3,1,2,0
26440007625000,5,2,3,323
26440007630000,6,3,3,202.2
26440007631000,20,10,10,982
26440007663000,1,0,1,0
26440007665000,4,3,1,0
26440007669000,2,1,1,0
26440007670000,16,7,9,550.4
26440007671000,91,35,56,5651.1
26440007672000,50,29,21,1580
26440007674000,13,8,5,578.5
26440007675000,13,6,7,699.4
26440007681000,8,6,2,408.8
26440007682000,10,6,4,513
26440007684000,3,2,1,0
26440007692000,9,7,2,502.2
26440007698000,1,1,0,0
26440007702000,5,3,2,108
26440007703000,15,8,7,552
26440007704000,18,12,6,808.2
26440007718000,1,1,0,0
26440007719000,4,2,2,0
26440007721000,31,14,17,1308.2
26440007728000,12,8,4,608.4
26440007729000,39,24,15,1329.9
26440007730000,106,57,49,3837.2
26440007731000,20,9,11,742
26440007734000,133,70,63,4947.6
26440007735000,312,161,151,10888.8
26440007745000,4,2,2,0
26440007746000,14,7,7,449.4
26440007748000,60,27,33,2106
26440007755000,3,1,2,0
26450007660000,6,2,4,259.2
26450007663000,11,8,3,381.7
26450007664000,5,1,4,114
26450007666000,5,2,3,272
26450007667000,13,7,6,591.5
26450007674000,15,8,7,609
26450007681000,3,1,2,0
26450007682000,35,21,14,1522.5
26450007683000,11,5,6,352
26450007684000,2,2,0,0
26450007685000,9,6,3,421.2
26450007686000,16,9,7,654.4
26450007687000,22,14,8,996.6
26450007688000,11,4,7,366.3
26450007689000,20,9,11,968
26450007690000,4,2,2,0
26450007698000,1,0,1,0
26450007701000,12,7,5,614.4
26450007702000,27,15,12,1250.1
26450007703000,17,5,12,593.3
26450007704000,4,2,2,0
26450007719000,14,9,5,485.8
26450007721000,12,7,5,416.4
26450007729000,8,5,3,295.2
26450007731000,25,14,11,1047.5
26450007732000,31,14,17,1131.5
26450007733000,49,20,29,1661.1
26450007734000,746,364,382,22156.2
26450007735000,188,97,91,6542.4
26450007745000,2,1,1,0
26450007746000,9,6,3,412.2
26450007748000,64,31,33,2214.4
26450007752000,14,6,8,333.2
26450007753000,15,8,7,546
26450007759000,1,1,0,0
26450007775000,4,3,1,0
26460007630000,31,14,17,957.9
26460007660000,3,2,1,0
26460007664000,12,9,3,471.6
26460007665000,2,2,0,0
26460007666000,4,3,1,0
26460007667000,20,12,8,896
26460007673000,7,5,2,266
26460007674000,6,4,2,214.8
26460007686000,7,2,5,287
26460007688000,6,3,3,306
26460007689000,18,9,9,763.2
26460007697000,1,1,0,0
26460007698000,1,1,0,0
26460007699000,3,2,1,0
26460007700000,1,0,1,0
26460007701000,6,2,4,232.2
26460007719000,16,6,10,921.6
26460007721000,31,16,15,1091.2
26460007722000,99,47,52,3514.5
26460007728000,16,11,5,489.6
26460007729000,4,1,3,0
26460007731000,36,19,17,1324.8
26460007732000,43,23,20,1500.7
26460007734000,909,462,447,24815.7
26460007735000,198,95,103,5286.6
26460007752000,43,22,21,1191.1
26460007753000,30,22,8,1116
26460007754000,14,8,6,474.6
26460007756000,1,1,0,0
26460007775000,3,1,2,0
26460007791000,1,1,0,0
26470007629000,8,2,6,300
26470007661000,4,2,2,0
26470007662000,9,6,3,414
26470007664000,1,1,0,0
26470007665000,5,4,1,174
26470007694000,23,11,12,949.9
26470007695000,2,1,1,0
26470007697000,11,6,5,468.6
26470007699000,4,1,3,0
26470007700000,1,0,1,0
26470007701000,4,2,2,0
26470007719000,59,31,28,2041.4
26470007722000,8,4,4,320.8
26470007723000,38,22,16,1603.6
26470007724000,52,26,26,2012.4
26470007725000,24,13,11,1315.2
26470007726000,27,16,11,831.6
26470007727000,29,13,16,1116.5
26470007728000,23,10,13,791.2
26470007729000,3,2,1,0
26470007731000,93,40,53,2771.4
26470007735000,793,408,385,22759.1
26470007752000,4,3,1,0
26470007753000,33,16,17,1455.3
26470007757000,7,3,4,273
26470007758000,2,1,1,0
26470007775000,2,1,1,0
26480007661000,3,2,1,0
26480007662000,9,4,5,318.6
26480007664000,3,2,1,0
26480007665000,3,2,1,0
26480007672000,4,3,1,0
26480007688000,6,3,3,403.8
26480007694000,5,2,3,273
26480007695000,15,9,6,594
26480007697000,1,1,0,0
26480007699000,3,3,0,0
26480007701000,10,5,5,414
26480007719000,14,7,7,271.6
26480007720000,21,10,11,669.9
26480007725000,9,5,4,260.1
26480007726000,26,11,15,735.8
26480007727000,9,4,5,534.6
26480007731000,11,5,6,227.7
26480007732000,21,9,12,663.6
26480007733000,8,4,4,280.8
26480007735000,868,455,413,30380
26480007752000,27,15,12,1215
26480007775000,4,2,2,0
26490007660000,2,2,0,0
26490007661000,1,1,0,0
26490007662000,2,1,1,0
26490007663000,3,2,1,0
26490007664000,4,3,1,0
26490007671000,4,2,2,0
26490007672000,15,7,8,687
26490007688000,5,3,2,333
26490007694000,13,5,8,626.6
26490007695000,14,5,9,575.4
26490007696000,13,5,8,564.2
26490007697000,1,1,0,0
26490007699000,4,1,3,0
26490007720000,10,6,4,267
26490007725000,2,1,1,0
26490007726000,12,7,5,448.8
26490007735000,237,116,121,9219.3
26490007736000,1100,546,554,40480
26490007737000,113,55,58,3853.3
26490007752000,17,12,5,476
26490007776000,8,6,2,452
26500007660000,13,7,6,594.1
26500007663000,18,9,9,721.8
26500007671000,3,2,1,0
26500007672000,4,3,1,0
26500007688000,13,6,7,344.5
26500007694000,15,10,5,442.5
26500007696000,58,25,33,2592.6
26500007699000,5,2,3,133
26500007712000,2,0,2,0
26500007714000,2,2,0,0
26500007715000,3,2,1,0
26500007716000,17,6,11,618.8
26500007717000,23,11,12,864.8
26500007718000,5,2,3,346
26500007719000,16,9,7,716.8
26500007720000,5,2,3,298
26500007736000,138,75,63,5395.8
26500007737000,1559,804,755,53941.4
26500007738000,16,7,9,534.4
26500007741000,1,1,0,0
26500007751000,2,1,1,0
26500007755000,7,5,2,128.8
26500007756000,23,10,13,899.3
26500007777000,4,2,2,0
26500007778000,3,2,1,0
26510007661000,13,7,6,578.5
26510007662000,8,3,5,471.2
26510007663000,14,8,6,687.4
26510007688000,8,3,5,284.8
26510007693000,12,7,5,516
26510007694000,8,3,5,215.2
26510007696000,16,7,9,988.8
26510007697000,3,2,1,0
26510007699000,3,1,2,0
26510007729000,349,165,184,12843.2
26510007730000,1358,652,706,54184.2
26510007731000,1345,647,698,48554.5
26510007732000,170,90,80,5185
26510007733000,332,174,158,11520.4
26510007734000,6,4,2,348
26510007735000,8,5,3,262.4
26510007736000,5,3,2,108
26510007737000,387,209,178,13119.3
26510007738000,26,13,13,746.2
26510007751000,9,5,4,387
26510007754000,4,1,3,0
26510007779000,2,1,1,0
26520007623000,2,1,1,0
26520007656000,4,2,2,0
26520007660000,1,1,0,0
26520007661000,20,11,9,808
26520007662000,24,12,12,871.2
26520007665000,1,0,1,0
26520007671000,7,2,5,382.9
26520007688000,9,4,5,309.6
26520007694000,2,1,1,0
26520007696000,39,20,19,1614.6
26520007697000,3,1,2,0
26520007699000,3,1,2,0
26520007709000,17,10,7,936.7
26520007710000,23,12,11,906.2
26520007711000,2,0,2,0
26520007712000,8,5,3,490.4
26520007713000,3,2,1,0
26520007726000,7,3,4,445.9
26520007727000,3,1,2,0
26520007729000,1165,610,555,39843
26520007730000,2755,1416,1339,99455.5
26520007731000,2791,1402,1389,106337.1
26520007732000,1836,914,922,66830.4
26520007733000,2043,1005,1038,69870.6
26520007734000,1695,777,918,64749
26520007735000,1969,921,1048,74034.4
26520007736000,155,71,84,5735
26520007737000,22,11,11,618.2
26520007738000,22,11,11,1078
26520007739000,60,33,27,2922
26520007740000,16,9,7,697.6
26520007753000,15,8,7,619.5
26530007659000,4,2,2,0
26530007660000,7,4,3,238
26530007661000,41,19,22,1980.3
26530007662000,31,17,14,1323.7
26530007671000,17,8,9,829.6
26530007672000,6,2,4,237
26530007694000,4,2,2,0
26530007695000,2,1,1,0
26530007696000,62,29,33,2703.2
26530007697000,5,3,2,207
26530007708000,22,15,7,928.4
26530007709000,5,4,1,296
26530007721000,32,12,20,1238.4
26530007722000,129,71,58,3741
26530007723000,33,20,13,1494.9
26530007724000,16,9,7,537.6
26530007725000,48,23,25,1876.8
26530007726000,279,139,140,10434.6
26530007727000,332,176,156,12483.2
26530007728000,570,292,278,18468
26530007729000,1405,701,704,52125.5
26530007730000,271,131,140,9078.5
26530007731000,1507,754,753,63444.7
26530007732000,3651,1861,1790,136547.4
26530007733000,2144,1095,1049,76755.2
26530007734000,1396,737,659,48999.6
26530007735000,572,286,286,21850.4
26530007736000,760,389,371,21052
26530007737000,1401,686,715,39788.4
26530007738000,47,26,21,1424.1
26530007740000,34,18,16,1285.2
26530007750000,10,6,4,572
26530007753000,2,1,1,0
26530007776000,1,1,0,0
26530007777000,3,0,3,0
26530007778000,2,1,1,0
26540007621000,17,8,9,596.7
26540007661000,82,42,40,2919.2
26540007662000,1,1,0,0
26540007671000,44,23,21,1782
26540007672000,2,1,1,0
26540007692000,1,0,1,0
26540007695000,25,12,13,1357.5
26540007696000,62,28,34,2033.6
26540007700000,6,2,4,199.2
26540007707000,16,6,10,793.6
26540007708000,13,6,7,436.8
26540007719000,121,57,64,4017.2
26540007720000,104,53,51,3764.8
26540007721000,67,28,39,1922.9
26540007730000,577,297,280,20656.6
26540007731000,1589,789,800,61653.2
26540007734000,77,32,45,2856.7
26540007735000,704,365,339,26892.8
26540007736000,1972,970,1002,73358.4
26540007737000,1138,572,566,37440.2
26540007738000,1023,519,504,34270.5
26540007741000,16,10,6,838.4
26540007742000,12,7,5,493.2
26540007748000,56,29,27,1965.6
26540007749000,12,7,5,488.4
26540007750000,18,7,11,579.6
26540007751000,2,1,1,0
26540007752000,9,6,3,296.1
26540007772000,7,4,3,441
26540007785000,2,1,1,0
26550007660000,14,10,4,509.6
26550007661000,109,54,55,4828.7
26550007664000,1,1,0,0
26550007671000,13,8,5,481
26550007672000,3,2,1,0
26550007687000,5,3,2,283
26550007691000,10,5,5,702
26550007692000,15,10,5,631.5
26550007694000,24,13,11,1147.2
26550007695000,10,5,5,666
26550007700000,2,1,1,0
26550007701000,3,2,1,0
26550007702000,18,9,9,727.2
26550007707000,12,4,8,309.6
26550007710000,19,11,8,699.2
26550007711000,10,4,6,519
26550007712000,5,3,2,154
26550007718000,2,1,1,0
26550007719000,70,42,28,2590
26550007720000,5,3,2,299
26550007730000,103,62,41,3275.4
26550007731000,2077,1026,1051,72902.7
26550007732000,1038,518,520,41312.4
26550007733000,1303,662,641,45474.7
26550007735000,52,34,18,1570.4
26550007736000,276,163,113,9604.8
26550007737000,680,346,334,20876
26550007738000,2,2,0,0
26550007742000,2,1,1,0
26550007743000,59,30,29,1752.3
26550007744000,10,4,6,350
26550007746000,7,5,2,219.1
26550007747000,28,12,16,1086.4
26550007748000,3,2,1,0
26550007750000,3,2,1,0
26550007772000,1,1,0,0
26550007773000,7,4,3,499.1
26550007774000,9,6,3,332.1
26550007775000,1,1,0,0
26560007653000,2,1,1,0
26560007655000,2,1,1,0
26560007656000,3,1,2,0
26560007659000,1,0,1,0
26560007660000,17,8,9,829.6
26560007661000,31,19,12,1150.1
26560007671000,5,3,2,103
26560007690000,1,0,1,0
26560007691000,18,12,6,617.4
26560007692000,11,3,8,426.8
26560007693000,1,1,0,0
26560007694000,26,9,17,702
26560007695000,1,0,1,0
26560007702000,55,32,23,2095.5
26560007703000,35,17,18,1137.5
26560007704000,2,2,0,0
26560007705000,3,1,2,0
26560007706000,10,6,4,454
26560007708000,2,1,1,0
26560007709000,14,7,7,588
26560007710000,1,1,0,0
26560007713000,8,4,4,458.4
26560007715000,13,4,9,643.5
26560007716000,31,16,15,1165.6
26560007717000,10,5,5,276
26560007718000,30,13,17,996
26560007720000,47,22,25,1818.9
26560007732000,5,2,3,136
26560007733000,853,421,432,34546.5
26560007734000,1983,947,1036,75750.6
26560007735000,35,18,17,1263.5
26560007744000,16,9,7,622.4
26560007745000,38,17,21,1341.4
26560007746000,11,6,5,434.5
26560007748000,15,9,6,525
26560007749000,1,1,0,0
26560007769000,1,1,0,0
26560007772000,1,1,0,0
26570007653000,2,1,1,0
26570007654000,9,6,3,434.7
26570007655000,4,1,3,0
26570007657000,6,3,3,226.8
26570007658000,1,0,1,0
26570007660000,24,12,12,960
26570007687000,6,2,4,273
26570007691000,6,2,4,318
26570007693000,3,1,2,0
26570007694000,7,3,4,170.8
26570007701000,9,5,4,439.2
26570007702000,7,4,3,459.2
26570007708000,6,4,2,391.8
26570007717000,5,3,2,263
26570007718000,2,1,1,0
26570007720000,27,17,10,972
26570007734000,32,16,16,1164.8
26570007735000,1697,808,889,66692.1
26570007736000,1225,580,645,41282.5
26570007737000,45,22,23,1786.5
26570007747000,4,3,1,0
26570007768000,23,10,13,906.2
26580007652000,7,4,3,475.3
26580007653000,2,1,1,0
26580007658000,4,2,2,0
26580007659000,7,2,5,336
26580007660000,6,2,4,289.8
26580007661000,3,2,1,0
26580007672000,6,3,3,261
26580007673000,7,2,5,280.7
26580007687000,9,5,4,378.9
26580007690000,2,1,1,0
26580007691000,12,6,6,638.4
26580007708000,7,3,4,175.7
26580007713000,15,7,8,751.5
26580007719000,12,7,5,501.6
26580007721000,18,7,11,662.4
26580007727000,1,1,0,0
26580007735000,435,213,222,17922
26580007736000,236,124,112,7976.8
26580007737000,168,93,75,5796
26580007738000,52,23,29,2371.2
26580007739000,199,98,101,7701.3
26580007740000,137,69,68,4411.4
26580007741000,102,51,51,3763.8
26580007747000,13,10,3,522.6
26580007767000,12,6,6,756
26590007650000,1,1,0,0
26590007651000,5,3,2,196
26590007660000,4,2,2,0
26590007673000,1,1,0,0
26590007679000,13,8,5,481
26590007687000,4,2,2,0
26590007703000,13,7,6,426.4
26590007704000,4,2,2,0
26590007705000,3,1,2,0
26590007706000,6,3,3,279
26590007707000,2,2,0,0
26590007713000,1,1,0,0
26590007720000,2,1,1,0
26590007721000,20,8,12,486
26590007722000,60,31,29,2028
26590007741000,19,9,10,872.1
26590007742000,33,24,9,1663.2
26590007747000,7,4,3,301
26590007766000,5,3,2,233
26590007767000,4,0,4,0
26600007649000,4,3,1,0
26600007650000,2,1,1,0
26600007660000,19,14,5,535.8
26600007678000,8,3,5,250.4
26600007679000,23,12,11,531.3
26600007680000,15,9,6,742.5
26600007690000,1,1,0,0
26600007698000,4,2,2,0
26600007702000,5,3,2,325
26600007703000,3,2,1,0
26600007721000,4,3,1,0
26600007722000,37,18,19,1513.3
26600007742000,244,135,109,8198.4
26600007766000,1,1,0,0
26600007767000,2,1,1,0
26610007648000,8,3,5,380
26610007659000,20,10,10,788
26610007674000,1,0,1,0
26610007678000,12,8,4,484.8
26610007679000,1,0,1,0
26610007680000,25,15,10,825
26610007681000,17,8,9,841.5
26610007682000,10,6,4,406
26610007688000,3,2,1,0
26610007690000,24,13,11,804
26610007698000,3,2,1,0
26610007701000,11,8,3,541.2
26610007702000,2,1,1,0
26610007721000,13,8,5,587.6
26610007722000,36,21,15,1238.4
26610007723000,104,56,48,3317.6
26610007742000,84,44,40,2352
26610007743000,58,27,31,1931.4
26610007744000,28,14,14,1106
26610007748000,1,0,1,0
26610007766000,1,1,0,0
26620007646000,2,1,1,0
26620007647000,3,2,1,0
26620007648000,4,2,2,0
26620007673000,6,3,3,298.8
26620007679000,6,2,4,225
26620007680000,11,4,7,407
26620007681000,4,3,1,0
26620007683000,6,3,3,190.2
26620007688000,18,8,10,716.4
26620007689000,2,1,1,0
26620007690000,22,11,11,750.2
26620007698000,6,3,3,382.2
26620007701000,4,3,1,0
26620007720000,21,11,10,1159.2
26620007721000,29,16,13,1038.2
26620007722000,56,30,26,2335.2
26620007723000,55,28,27,2524.5
26620007744000,7,3,4,198.1
26620007745000,41,19,22,1426.8
26620007748000,2,1,1,0
26620007775000,8,4,4,308.8
26620007776000,15,9,6,453
26630007645000,11,8,3,392.7
26630007646000,20,11,9,966
26630007647000,6,4,2,342
26630007659000,7,5,2,319.9
26630007660000,2,1,1,0
26630007673000,4,2,2,0
26630007679000,2,2,0,0
26630007680000,18,11,7,829.8
26630007681000,5,3,2,234
26630007682000,2,1,1,0
26630007683000,29,16,13,1464.5
26630007684000,25,14,11,1085
26630007688000,17,8,9,605.2
26630007689000,37,19,18,1354.2
26630007690000,26,14,12,995.8
26630007698000,18,8,10,880.2
26630007701000,7,3,4,329
26630007719000,27,12,15,891
26630007720000,16,10,6,769.6
26630007721000,51,24,27,2040
26630007722000,88,49,39,3379.2
26630007723000,79,39,40,2591.2
26630007746000,6,5,1,345
26630007773000,11,6,5,487.3
26640007659000,1,0,1,0
26640007660000,10,4,6,287
26640007673000,4,2,2,0
26640007684000,19,7,12,583.3
26640007688000,3,1,2,0
26640007690000,23,12,11,966
26640007698000,1,0,1,0
26640007701000,1,1,0,0
26640007702000,4,2,2,0
26640007717000,2,1,1,0
26640007719000,55,26,29,2519
26640007720000,31,16,15,1351.6
26640007723000,13,5,8,405.6
26640007724000,24,14,10,751.2
26640007746000,24,13,11,921.6
26640007772000,3,2,1,0
26650007659000,8,3,5,275.2
26650007670000,2,1,1,0
26650007672000,2,1,1,0
26650007677000,3,2,1,0
26650007678000,5,2,3,207
26650007679000,7,4,3,406
26650007681000,4,1,3,0
26650007684000,1,1,0,0
26650007685000,17,9,8,742.9
26650007688000,13,6,7,574.6
26650007690000,11,6,5,431.2
26650007691000,1,0,1,0
26650007698000,3,2,1,0
26650007702000,5,2,3,347
26650007715000,9,5,4,356.4
26650007716000,13,8,5,451.1
26650007717000,95,48,47,3135
26650007718000,29,14,15,852.6
26650007719000,17,10,7,688.5
26650007724000,8,3,5,336.8
26650007725000,3,2,1,0
26650007746000,34,16,18,1220.6
26650007750000,4,3,1,0
26660007658000,4,3,1,0
26660007659000,5,2,3,287
26660007670000,2,1,1,0
26660007678000,1,0,1,0
26660007686000,387,185,202,16602.3
26660007687000,172,91,81,7396
26660007688000,85,43,42,3145
26660007690000,17,11,6,632.4
26660007691000,2,1,1,0
26660007702000,5,5,0,331
26660007713000,6,4,2,127.8
26660007714000,6,2,4,175.8
26660007717000,8,6,2,224.8
26660007725000,1,0,1,0
26660007726000,4,3,1,0
26660007746000,60,33,27,2496
26660007747000,1,1,0,0
26660007770000,20,11,9,966
26670007658000,1,0,1,0
26670007659000,2,1,1,0
26670007668000,4,2,2,0
26670007680000,1,0,1,0
26670007681000,9,5,4,349.2
26670007682000,12,8,4,429.6
26670007684000,31,18,13,1295.8
26670007685000,113,49,64,4531.3
26670007686000,163,77,86,7041.6
26670007687000,161,83,78,6826.4
26670007688000,96,48,48,3283.2
26670007689000,10,5,5,251
26670007698000,14,7,7,813.4
26670007702000,23,16,7,851
26670007703000,1,1,0,0
26670007704000,3,2,1,0
26670007726000,26,16,10,1110.2
26670007746000,17,9,8,965.6
26670007770000,17,9,8,899.3
26670007771000,30,13,17,1611
26670007772000,14,9,5,344.4
26670007773000,2,1,1,0
26680007659000,6,3,3,186
26680007670000,3,2,1,0
26680007681000,6,4,2,315
26680007683000,6,3,3,262.2
26680007684000,77,37,40,3210.9
26680007685000,5,2,3,294
26680007689000,1,0,1,0
26680007690000,22,11,11,884.4
26680007691000,39,20,19,1396.2
26680007698000,7,3,4,221.2
26680007702000,29,17,12,1421
26680007703000,3,1,2,0
26680007727000,5,3,2,277
26680007746000,47,27,20,1710.8
26680007747000,3,0,3,0
26680007756000,2,1,1,0
26680007770000,12,5,7,422.4
26680007771000,10,5,5,406
26690007669000,5,3,2,262
26690007670000,3,2,1,0
26690007681000,20,12,8,814
26690007682000,23,11,12,947.6
26690007683000,58,35,23,1763.2
26690007684000,37,19,18,1642.8
26690007691000,27,15,12,901.8
26690007692000,27,18,9,1217.7
26690007696000,6,3,3,409.2
26690007697000,14,8,6,404.6
26690007698000,3,1,2,0
26690007702000,29,17,12,1345.6
26690007728000,7,3,4,385
26690007747000,26,13,13,1263.6
26690007758000,4,1,3,0
26690007759000,5,2,3,232
26690007799000,4,2,2,0
26700007659000,8,5,3,264
26700007661000,20,14,6,864
26700007662000,10,6,4,454
26700007663000,33,15,18,1468.5
26700007667000,1,1,0,0
26700007669000,2,2,0,0
26700007670000,3,3,0,0
26700007678000,2,1,1,0
26700007681000,8,5,3,450.4
26700007684000,25,12,13,1082.5
26700007685000,14,8,6,723.8
26700007686000,14,6,8,641.2
26700007692000,18,8,10,761.4
26700007693000,25,12,13,1410
26700007694000,9,5,4,524.7
26700007695000,2,1,1,0
26700007702000,19,9,10,864.5
26700007729000,10,8,2,388
26700007747000,22,10,12,765.6
26700007748000,10,5,5,441
26700007753000,9,4,5,479.7
26700007754000,6,4,2,210
26700007756000,2,0,2,0
26700007757000,1,1,0,0
26700007758000,8,6,2,399.2
26700007760000,21,10,11,911.4
26700007765000,3,3,0,0
26700007766000,31,21,10,1209
26700007796000,4,3,1,0
26700007797000,1,1,0,0
26700007798000,8,5,3,367.2
26700007799000,5,3,2,304
26710007661000,11,5,6,385
26710007662000,97,61,36,2686.9
26710007663000,147,86,61,4101.3
26710007664000,9,5,4,455.4
26710007665000,10,5,5,444
26710007667000,15,6,9,670.5
26710007668000,7,2,5,235.9
26710007669000,1,1,0,0
26710007684000,6,2,4,159
26710007686000,13,6,7,494
26710007693000,1,0,1,0
26710007694000,29,13,16,1296.3
26710007699000,1,0,1,0
26710007700000,21,9,12,890.4
26710007701000,12,8,4,506.4
26710007702000,126,70,56,4699.8
26710007731000,3,2,1,0
26710007753000,1,0,1,0
26710007754000,2,2,0,0
26710007758000,4,3,1,0
26710007760000,18,9,9,637.2
26710007761000,40,21,19,1852
26710007762000,104,55,49,3390.4
26710007763000,14,8,6,876.4
26710007764000,17,9,8,649.4
26710007765000,2,2,0,0
26710007766000,24,13,11,1080
26720007662000,10,4,6,646
26720007663000,7,3,4,501.2
26720007686000,7,4,3,322.7
26720007698000,8,4,4,320
26720007699000,41,24,17,1775.3
26720007748000,20,10,10,750
26720007749000,4,3,1,0
26720007761000,4,2,2,0
26720007762000,9,6,3,539.1
26720007766000,4,2,2,0
26720007795000,17,8,9,744.6
26730007657000,1,1,0,0
26730007662000,7,3,4,375.2
26730007686000,19,9,10,940.5
26730007692000,10,3,7,311
26730007693000,1,1,0,0
26730007696000,23,10,13,816.5
26730007697000,28,15,13,1164.8
26730007698000,3,2,1,0
26730007703000,1,0,1,0
26730007704000,3,2,1,0
26730007749000,25,12,13,1055
26730007754000,1,1,0,0
26730007755000,1,1,0,0
26730007756000,1,1,0,0
26730007762000,3,2,1,0
26730007763000,8,5,3,295.2
26730007767000,6,4,2,336
26730007770000,1,1,0,0
26730007771000,5,1,4,196
26730007772000,2,1,1,0
26730007773000,1,1,0,0
26730007794000,5,3,2,330
26730007795000,29,18,11,1122.3
26740007686000,20,10,10,956
26740007688000,4,1,3,0
26740007689000,9,4,5,479.7
26740007690000,49,26,23,2141.3
26740007691000,17,10,7,787.1
26740007692000,10,7,3,449
26740007693000,3,1,2,0
26740007694000,5,1,4,188
26740007695000,32,19,13,1376
26740007696000,4,1,3,0
26740007704000,13,7,6,789.1
26740007732000,8,5,3,268
26740007749000,6,3,3,324
26740007750000,6,4,2,255
26740007755000,4,1,3,0
26740007764000,1,1,0,0
26740007767000,17,7,10,955.4
26740007771000,3,2,1,0
26740007773000,20,11,9,876
26740007774000,15,10,5,540
26740007793000,14,9,5,735
26740007794000,61,34,27,2629.1
26750007661000,14,7,7,625.8
26750007662000,61,27,34,2647.4
26750007685000,8,7,1,448.8
26750007686000,10,4,6,376
26750007687000,13,7,6,490.1
26750007688000,19,8,11,784.7
26750007690000,1,1,0,0
26750007704000,7,4,3,314.3
26750007732000,13,7,6,483.6
26750007733000,10,5,5,346
26750007749000,1,1,0,0
26750007765000,5,2,3,271
26750007767000,16,7,9,761.6
26750007768000,33,16,17,1600.5
26750007792000,45,24,21,1926
26750007793000,26,15,11,1136.2
26760007661000,7,3,4,426.3
26760007662000,79,34,45,4044.8
26760007685000,30,21,9,1308
26760007687000,4,2,2,0
26760007704000,10,5,5,387
26760007733000,16,10,6,668.8
26760007734000,2,1,1,0
26760007746000,5,2,3,320
26760007765000,6,3,3,304.8
26760007768000,284,152,132,10025.2
26760007769000,114,56,58,5802.6
26760007774000,2,1,1,0
26760007788000,4,2,2,0
26760007789000,13,6,7,611
26760007790000,10,6,4,435
26760007791000,17,9,8,763.3
26760007792000,4,2,2,0
26770007658000,6,3,3,265.2
26770007659000,5,3,2,191
26770007662000,25,12,13,1135
26770007663000,35,17,18,1211
26770007664000,2,2,0,0
26770007666000,5,3,2,106
26770007667000,1,1,0,0
26770007684000,2,1,1,0
26770007685000,7,5,2,373.8
26770007686000,11,5,6,588.5
26770007694000,2,1,1,0
26770007704000,3,2,1,0
26770007705000,10,5,5,419
26770007723000,3,2,1,0
26770007726000,1,1,0,0
26770007732000,2,1,1,0
26770007733000,10,7,3,518
26770007734000,16,8,8,569.6
26770007746000,19,10,9,463.6
26770007756000,8,4,4,486.4
26770007765000,9,4,5,477.9
26770007766000,36,20,16,1216.8
26770007767000,3,1,2,0
26770007769000,26,16,10,816.4
26770007787000,3,1,2,0
26770007788000,33,14,19,1009.8
26770007789000,22,12,10,704
26780007658000,3,2,1,0
26780007662000,3,2,1,0
26780007663000,4,2,2,0
26780007667000,13,6,7,483.6
26780007683000,4,2,2,0
26780007684000,11,8,3,412.5
26780007685000,8,4,4,426.4
26780007695000,17,7,10,756.5
26780007696000,7,4,3,247.8
26780007706000,9,4,5,327.6
26780007707000,2,2,0,0
26780007709000,15,8,7,999
26780007722000,4,3,1,0
26780007734000,3,2,1,0
26780007735000,2,1,1,0
26780007756000,6,1,5,294
26780007767000,72,35,37,3261.6
26780007768000,4,3,1,0
26780007770000,22,13,9,1060.4
26780007771000,2,1,1,0
26780007781000,2,1,1,0
26780007782000,8,3,5,388
26780007783000,4,2,2,0
26780007784000,1,1,0,0
26780007786000,8,3,5,491.2
26780007787000,11,5,6,622.6
26780007797000,20,11,9,1196
26780007798000,22,12,10,1049.4
26790007654000,6,3,3,226.2
26790007655000,9,4,5,505.8
26790007656000,5,3,2,168
26790007657000,16,7,9,548.8
26790007663000,2,1,1,0
26790007667000,6,3,3,301.8
26790007668000,5,3,2,304
26790007684000,1,1,0,0
26790007685000,47,26,21,1922.3
26790007696000,8,2,6,520.8
26790007697000,6,4,2,166.2
26790007710000,6,4,2,334.8
26790007721000,3,2,1,0
26790007722000,3,2,1,0
26790007734000,8,4,4,416.8
26790007735000,9,5,4,488.7
26790007745000,8,3,5,320.8
26790007768000,15,7,8,723
26790007784000,8,6,2,340
26800007653000,3,2,1,0
26800007654000,15,9,6,597
26800007655000,2,1,1,0
26800007664000,1,1,0,0
26800007667000,3,1,2,0
26800007669000,3,1,2,0
26800007684000,26,10,16,930.8
26800007685000,253,129,124,10145.3
26800007717000,2,0,2,0
26800007718000,11,3,8,522.5
26800007719000,9,4,5,207.9
26800007720000,27,13,14,1331.1
26800007721000,36,21,15,1591.2
26800007722000,2,1,1,0
26800007735000,1,1,0,0
26800007744000,2,1,1,0
26800007745000,76,44,32,3199.6
26800007746000,5,4,1,159
26800007769000,13,6,7,640.9
26800007771000,3,1,2,0
26810007649000,2,1,1,0
26810007652000,1,1,0,0
26810007653000,1,1,0,0
26810007663000,3,1,2,0
26810007664000,1,0,1,0
26810007669000,2,1,1,0
26810007670000,9,5,4,349.2
26810007684000,15,8,7,670.5
26810007685000,135,62,73,5062.5
26810007699000,5,3,2,243
26810007701000,6,1,5,163.8
26810007702000,26,13,13,923
26810007703000,15,8,7,654
26810007704000,4,2,2,0
26810007705000,14,10,4,624.4
26810007706000,17,8,9,605.2
26810007707000,14,5,9,691.6
26810007708000,7,3,4,263.2
26810007709000,16,10,6,718.4
26810007710000,3,2,1,0
26810007712000,3,2,1,0
26810007715000,5,2,3,299
26810007716000,14,8,6,733.6
26810007722000,5,2,3,363
26810007723000,31,17,14,1484.9
26810007747000,1,1,0,0
26820007646000,2,1,1,0
26820007661000,9,6,3,335.7
26820007663000,11,6,5,617.1
26820007670000,3,2,1,0
26820007671000,3,2,1,0
26820007684000,6,4,2,421.8
26820007685000,114,64,50,3522.6
26820007700000,2,1,1,0
26820007705000,8,4,4,458.4
26820007706000,13,9,4,523.9
26820007707000,11,5,6,498.3
26820007708000,11,5,6,761.2
26820007709000,53,22,31,2332
26820007710000,14,9,5,672
26820007711000,4,1,3,0
26820007712000,10,6,4,578
26820007713000,6,3,3,292.2
26820007715000,4,3,1,0
26820007723000,8,4,4,334.4
26820007724000,7,4,3,452.9
26820007725000,29,14,15,1345.6
26820007726000,2,1,1,0
26820007727000,8,5,3,430.4
26820007728000,1,1,0,0
26820007762000,3,1,2,0
26820007764000,14,7,7,616
26820007779000,5,4,1,278
26830007645000,5,1,4,151
26830007660000,12,8,4,327.6
26830007663000,3,2,1,0
26830007670000,6,3,3,262.2
26830007671000,5,2,3,264
26830007683000,3,1,2,0
26830007684000,5,1,4,163
26830007685000,40,23,17,1996
26830007713000,14,9,5,819
26830007714000,1,1,0,0
26830007717000,1,0,1,0
26830007718000,6,4,2,250.2
26830007722000,2,1,1,0
26830007723000,7,4,3,361.9
26830007728000,5,3,2,300
26830007729000,8,4,4,340.8
26830007764000,8,3,5,402.4
26830007765000,7,3,4,244.3
26840007671000,10,5,5,470
26840007683000,12,5,7,429.6
26840007684000,16,11,5,561.6
26840007713000,6,4,2,172.8
26840007717000,11,6,5,420.2
26840007718000,4,2,2,0
26840007719000,2,1,1,0
26840007722000,5,1,4,155
26840007723000,4,2,2,0
26840007724000,14,8,6,799.4
26840007725000,4,3,1,0
26840007728000,4,2,2,0
26840007737000,3,1,2,0
26840007773000,1,0,1,0
26840007779000,1,1,0,0
26850007671000,2,1,1,0
26850007672000,6,2,4,265.8
26850007682000,21,13,8,961.8
26850007683000,5,2,3,200
26850007726000,2,1,1,0
26850007727000,2,1,1,0
26850007729000,6,2,4,421.2
26850007736000,11,5,6,460.9
26850007738000,3,2,1,0
26850007739000,6,3,3,382.8
26850007741000,2,1,1,0
26850007768000,1,1,0,0
26850007771000,2,1,1,0
26850007778000,7,3,4,210
26850007779000,7,4,3,202.3
26850007793000,2,1,1,0
26860007658000,4,3,1,0
26860007660000,4,3,1,0
26860007672000,9,5,4,477.9
26860007682000,19,9,10,758.1
26860007683000,2,1,1,0
26860007729000,12,7,5,728.4
26860007733000,4,3,1,0
26860007734000,17,9,8,775.2
26860007735000,11,4,7,352
26860007736000,9,5,4,387.9
26860007742000,4,2,2,0
26860007745000,17,10,7,598.4
26860007746000,11,7,4,311.3
26860007747000,2,1,1,0
26860007771000,1,1,0,0
26860007773000,23,16,7,1140.8
26860007774000,8,4,4,331.2
26860007778000,13,6,7,683.8
26860007779000,3,1,2,0
26870007657000,2,1,1,0
26870007658000,2,2,0,0
26870007672000,1,0,1,0
26870007674000,1,1,0,0
26870007682000,11,6,5,550
26870007683000,10,7,3,475
26870007729000,4,2,2,0
26870007731000,7,4,3,378.7
26870007732000,5,3,2,191
26870007733000,2,1,1,0
26870007743000,23,13,10,995.9
26870007744000,24,10,14,763.2
26870007745000,1,1,0,0
26870007772000,2,1,1,0
26870007773000,14,6,8,564.2
26870007779000,21,11,10,947.1
26880007657000,1,1,0,0
26880007683000,12,6,6,675.6
26880007728000,6,4,2,336
26880007730000,22,11,11,985.6
26880007731000,14,7,7,687.4
26880007743000,5,2,3,358
26880007748000,2,1,1,0
26880007779000,5,3,2,158
26880007787000,29,15,14,1148.4
26880007788000,2,1,1,0
26890007675000,2,1,1,0
26890007684000,2,1,1,0
26890007685000,10,6,4,502
26890007728000,7,6,1,342.3
26890007730000,31,16,15,1140.8
26890007749000,26,11,15,1274
26890007781000,169,87,82,7064.2
26890007782000,18,8,10,714.6
26890007783000,42,23,19,1591.8
26890007784000,9,7,2,258.3
26890007786000,3,0,3,0
26890007787000,5,3,2,137
26890007788000,56,32,24,2318.4
26900007636000,3,1,2,0
26900007637000,7,5,2,205.8
26900007657000,1,0,1,0
26900007686000,5,3,2,129
26900007687000,8,4,4,492.8
26900007688000,7,3,4,254.8
26900007728000,4,3,1,0
26900007729000,1,1,0,0
26900007730000,19,9,10,784.7
26900007749000,2,1,1,0
26900007750000,2,1,1,0
26900007754000,8,6,2,352.8
26900007781000,8,4,4,432.8
26900007783000,28,13,15,1310.4
26900007786000,7,3,4,378.7
26900007787000,2,1,1,0
26900007790000,1,1,0,0
26910007688000,6,2,4,340.8
26910007689000,24,12,12,1020
26910007690000,19,11,8,632.7
26910007750000,7,4,3,244.3
26910007751000,25,11,14,1015
26910007752000,37,19,18,1694.6
26910007753000,62,29,33,2517.2
26910007754000,24,11,13,1072.8
26910007755000,6,4,2,178.8
26910007783000,4,3,1,0
26910007786000,3,2,1,0
26920007690000,92,44,48,3404
26920007691000,7,5,2,368.9
26920007747000,4,2,2,0
26920007783000,12,8,4,505.2
26930007690000,50,24,26,2100
26930007691000,21,7,14,1104.6
26930007692000,19,10,9,860.7
26930007693000,6,3,3,301.8
26930007694000,22,11,11,858
26930007752000,18,11,7,824.4
26930007753000,34,18,16,1237.6
26930007754000,9,6,3,462.6
26930007755000,5,2,3,340
26930007756000,13,8,5,713.7
26930007784000,4,3,1,0
26940007691000,13,5,8,595.4
26940007696000,20,13,7,634
26940007697000,10,7,3,524
26940007700000,2,1,1,0
26940007756000,1,1,0,0
26940007757000,15,7,8,577.5
26940007758000,2,1,1,0
26940007759000,19,11,8,828.4
26940007760000,8,4,4,488.8
26940007785000,4,3,1,0
26950007691000,116,65,51,4025.2
26950007692000,128,59,69,4608
26950007693000,1,1,0,0
26950007694000,5,2,3,185
26950007697000,6,4,2,391.8
26950007698000,32,20,12,1440
26950007699000,21,12,9,812.7
26950007700000,30,14,16,1317
26950007728000,9,4,5,601.2
26950007760000,3,1,2,0
26950007761000,6,3,3,397.8
26950007762000,19,9,10,682.1
26960007683000,3,1,2,0
26960007684000,1,0,1,0
26960007686000,6,4,2,217.2
26960007687000,8,6,2,170.4
26960007690000,2,1,1,0
26960007691000,70,35,35,2261
26960007692000,28,13,15,845.6
26960007695000,3,2,1,0
26960007702000,3,2,1,0
26960007727000,2,2,0,0
26960007762000,12,6,6,674.4
26960007763000,15,10,5,808.5
26970007682000,1,1,0,0
26970007683000,7,3,4,347.9
26970007684000,8,4,4,300.8
26970007685000,5,3,2,267
26970007686000,12,6,6,519.6
26970007687000,3,2,1,0
26970007690000,29,15,14,1229.6
26970007691000,9,6,3,243.9
26970007697000,8,3,5,354.4
26970007698000,4,2,2,0
26970007699000,7,4,3,345.1
26970007702000,2,2,0,0
26970007703000,27,17,10,999
26970007704000,2,1,1,0
26970007728000,5,3,2,173
26970007761000,57,31,26,2063.4
26970007763000,15,9,6,838.5
26970007764000,76,38,38,3564.4
26970007765000,4,2,2,0
26970007766000,3,1,2,0
26980007682000,8,5,3,260.8
26980007689000,1,0,1,0
26980007690000,17,10,7,827.9
26980007699000,11,6,5,599.5
26980007700000,19,9,10,741
26980007704000,17,6,11,1089.7
26980007761000,12,5,7,588
26980007762000,76,37,39,2439.6
26980007763000,30,20,10,1257
26980007764000,8,4,4,435.2
26980007765000,36,18,18,1735.2
26980007766000,24,8,16,1000.8
26980007767000,29,14,15,904.8
26990007680000,6,5,1,115.2
26990007681000,11,5,6,716.1
26990007689000,20,10,10,720
26990007690000,15,7,8,681
26990007705000,11,5,6,602.8
26990007728000,6,3,3,385.8
26990007767000,14,7,7,621.6
26990007768000,20,10,10,1016
27000007679000,11,5,6,482.9
27000007688000,2,1,1,0
27000007689000,31,20,11,976.5
27000007702000,2,1,1,0
27000007703000,1,0,1,0
27000007705000,8,4,4,440
27000007706000,11,8,3,541.2
27000007727000,20,12,8,958
27010007677000,4,3,1,0
27010007679000,2,1,1,0
27010007688000,6,3,3,258
27010007689000,15,8,7,543
27010007706000,10,7,3,427
27010007707000,13,6,7,733.2
27010007710000,5,4,1,313
27010007711000,181,95,86,7493.4
27010007712000,82,44,38,3591.6
27010007719000,1,1,0,0
27010007727000,11,8,3,356.4
27020007676000,4,3,1,0
27020007716000,11,7,4,481.8
27020007717000,7,5,2,235.9
27020007718000,12,6,6,361.2
27020007719000,33,16,17,1478.4
27020007721000,11,5,6,471.9
27020007726000,123,66,57,4514.1
27020007727000,204,96,108,8996.4
27030007706000,2,1,1,0
27030007714000,13,6,7,569.4
27030007715000,2,1,1,0
27030007716000,5,3,2,372
27030007717000,40,24,16,1180
27030007718000,64,35,29,2681.6
27030007719000,80,42,38,3360
27030007720000,48,21,27,1920
27030007721000,106,53,53,4038.6
27030007722000,90,49,41,3393
27030007723000,34,17,17,1332.8
27030007724000,14,7,7,546
27030007725000,128,65,63,5120
27030007726000,227,112,115,8921.1
27030007727000,128,61,67,5862.4
27030007738000,12,5,7,666
27030007739000,1,1,0,0
27030007763000,3,2,1,0
27040007718000,8,5,3,438.4
27040007723000,30,16,14,1131
27040007724000,5,2,3,97
27040007727000,39,23,16,1563.9
27040007728000,35,19,16,1529.5
27040007735000,4,3,1,0
27040007736000,11,6,5,496.1
27040007737000,2,1,1,0
27050007724000,3,2,1,0
27050007728000,3,2,1,0
27050007729000,54,25,29,2197.8
27050007730000,4,2,2,0
27050007733000,1,0,1,0
27050007734000,4,3,1,0
27050007735000,17,11,6,819.4
27060007704000,41,25,16,1984.4
27060007705000,12,6,6,468
27060007706000,74,39,35,3167.2
27060007707000,149,81,68,6421.9
27060007728000,4,2,2,0
27060007729000,20,10,10,952
27060007730000,2,1,1,0
27060007734000,6,3,3,277.8
27060007735000,9,6,3,448.2
27070007703000,3,2,1,0
27070007704000,10,6,4,620
27070007705000,116,62,54,4489.2
27070007706000,239,125,114,8460.6
27070007707000,27,15,12,1166.4
27070007731000,13,6,7,417.3
27070007732000,5,3,2,310
27070007733000,16,8,8,659.2
27080007703000,9,3,6,435.6
27080007704000,6,4,2,375
27080007705000,19,9,10,1035.5
27080007781000,2,2,0,0
27080007782000,3,3,0,0
27080007783000,4,3,1,0
27080007796000,58,29,29,3033.4
27080007797000,75,39,36,2805
27090007722000,4,3,1,0
27090007723000,5,2,3,178
27090007780000,1,0,1,0
27100007728000,7,2,5,268.8
27100007729000,8,4,4,215.2
27100007748000,6,4,2,258
27110007747000,36,17,19,1497.6
27110007748000,15,10,5,508.5
27110007749000,7,4,3,368.9
27110007758000,1,1,0,0
27110007779000,7,4,3,357.7
27110007781000,9,6,3,478.8
27120007732000,1,1,0,0
27120007733000,2,2,0,0
27120007734000,5,2,3,191
27120007738000,8,4,4,327.2
27120007739000,8,4,4,524
27120007746000,16,9,7,782.4
27120007747000,25,15,10,1247.5
27120007754000,4,2,2,0
27120007755000,7,4,3,511
27120007756000,2,1,1,0
27120007757000,1,1,0,0
27120007779000,2,1,1,0
27130007732000,30,12,18,1674
27130007739000,7,3,4,483.7
27130007740000,6,3,3,337.8
27130007741000,10,7,3,662
27130007742000,2,1,1,0
27130007743000,1,0,1,0
27130007744000,17,8,9,763.3
27130007745000,17,9,8,1147.5
27130007746000,8,3,5,291.2
27130007748000,10,5,5,496
27130007780000,15,7,8,510
27140007719000,25,14,11,1185
27140007720000,19,10,9,687.8
27140007721000,36,20,16,1623.6
27140007731000,221,109,112,9282
27140007732000,8,3,5,188
27140007750000,26,13,13,1430
27140007752000,25,16,9,1305
27140007780000,14,6,8,617.4
27140007781000,45,25,20,1660.5
27140007782000,40,21,19,1664
27150007717000,10,5,5,291
27150007718000,6,3,3,436.2
27150007719000,31,20,11,1181.1
27150007720000,33,18,15,1046.1
27150007721000,50,24,26,1505
27150007722000,102,52,50,3743.4
27150007723000,26,10,16,1294.8
27150007724000,59,29,30,2637.3
27150007725000,31,21,10,1639.9
27150007726000,3,1,2,0
27150007730000,32,17,15,1798.4
27150007731000,60,35,25,2430
27150007750000,20,11,9,1004
27150007751000,29,13,16,1365.9
27150007752000,3,1,2,0
27150007773000,2,1,1,0
27150007774000,2,1,1,0
27150007781000,10,6,4,393
27160007715000,3,1,2,0
27160007716000,11,6,5,563.2
27160007720000,9,5,4,291.6
27160007721000,21,12,9,938.7
27160007722000,71,35,36,3045.9
27160007723000,60,34,26,2394
27160007724000,107,51,56,4269.3
27160007729000,29,14,15,1154.2
27160007730000,17,10,7,603.5
27160007751000,41,20,21,1562.1
27160007752000,2,1,1,0
27160007773000,1,0,1,0
27170007712000,5,3,2,119
27170007713000,1,1,0,0
27170007714000,6,4,2,241.8
27170007726000,2,1,1,0
27170007727000,9,3,6,633.6
27170007728000,28,12,16,1125.6
27170007729000,17,10,7,720.8
27170007752000,20,7,13,1078
27170007787000,2,1,1,0
27170007788000,7,3,4,492.1
27170007789000,8,4,4,323.2
27180007711000,1,1,0,0
27180007726000,2,1,1,0
27180007752000,30,18,12,1359
27180007760000,5,3,2,351
27180007761000,5,2,3,348
27180007762000,1,0,1,0
27180007786000,14,10,4,529.2
27180007787000,2,1,1,0
27180007788000,3,3,0,0
27180007789000,5,1,4,169
27180007790000,9,5,4,424.8
27180007791000,13,7,6,712.4
27180007792000,13,7,6,643.5
27190007722000,20,12,8,1192
27190007724000,11,7,4,632.5
27190007725000,4,3,1,0
27190007751000,1,1,0,0
27190007752000,13,6,7,634.4
27190007765000,4,2,2,0
27200007723000,15,8,7,624
27200007724000,4,2,2,0
27200007750000,35,18,17,924
27200007751000,19,11,8,761.9
27200007752000,19,13,6,754.3
27200007753000,5,2,3,372
27200007754000,18,5,13,799.2
27200007782000,1,1,0,0
27200007784000,3,1,2,0
27200007785000,4,2,2,0
27210007723000,2,2,0,0
27210007748000,1,1,0,0
27210007749000,1,1,0,0
27210007754000,3,1,2,0
27210007755000,17,6,11,586.5
27210007756000,2,1,1,0
27210007760000,15,9,6,502.5
27210007783000,1,1,0,0
27210007784000,4,2,2,0
27220007723000,12,6,6,411.6
27220007756000,13,8,5,721.5
27220007757000,18,13,5,732.6
27220007758000,1,0,1,0
27220007759000,12,7,5,595.2
27230007723000,10,4,6,380
27230007760000,7,2,5,217
27230007768000,1,0,1,0
27240007723000,43,24,19,1780.2
27240007759000,12,8,4,574.8
27240007760000,23,10,13,722.2
27240007768000,5,2,3,319
27250007722000,17,12,5,865.3
27250007723000,14,7,7,544.6
27250007759000,13,8,5,683.8
27250007761000,18,10,8,990
27250007769000,11,6,5,467.5
27260007720000,1,0,1,0
27260007721000,18,9,9,721.8
27260007760000,2,1,1,0
27260007761000,2,1,1,0
27260007762000,1,0,1,0
27260007768000,5,3,2,322
27260007769000,4,2,2,0
27260007774000,3,1,2,0
27260007780000,601,310,291,21816.3
27270007719000,5,3,2,341
27270007720000,94,50,44,3995
27270007721000,10,6,4,339
27270007754000,1,0,1,0
27270007755000,7,3,4,394.1
27270007768000,24,12,12,900
27270007774000,7,3,4,235.9
27270007775000,13,7,6,603.2
27270007778000,91,47,44,2047.5
27270007779000,400,204,196,15000
27270007780000,844,427,417,35532.4
27270007781000,402,201,201,16964.4
27280007718000,1,0,1,0
27280007719000,66,25,41,2349.6
27280007720000,74,41,33,2449.4
27280007752000,17,7,10,501.5
27280007753000,281,151,130,10874.7
27280007754000,1,0,1,0
27280007767000,11,7,4,376.2
27280007768000,16,10,6,918.4
27280007770000,2,1,1,0
27280007774000,1,1,0,0
27280007775000,14,6,8,659.4
27280007781000,87,44,43,2349
27290007677000,7,4,3,231
27290007718000,62,33,29,2610.2
27290007719000,31,17,14,1522.1
27290007752000,488,247,241,18641.6
27290007753000,77,42,35,3287.9
27290007768000,8,5,3,404
27290007775000,1,0,1,0
27290007777000,4,2,2,0
27300007718000,39,22,17,1805.7
27300007751000,58,34,24,2198.2
27300007752000,14,6,8,522.2
27300007776000,1,1,0,0
27310007716000,5,3,2,253
27310007717000,134,67,67,5386.8
27310007718000,31,14,17,1466.3
27310007751000,163,87,76,6960.1
27310007752000,12,6,6,576
27310007755000,19,9,10,790.4
27310007758000,3,1,2,0
27310007763000,4,2,2,0
27320007716000,51,25,26,2346
27320007717000,7,4,3,504
27320007748000,20,9,11,408
27320007749000,53,26,27,1982.2
27320007750000,80,38,42,3520
27320007751000,761,349,412,32190.3
27320007752000,339,171,168,13051.5
27320007753000,29,16,13,1276
27320007754000,26,14,12,941.2
27320007758000,22,10,12,803
27320007759000,28,16,12,996.8
27320007760000,15,7,8,835.5
27320007761000,12,5,7,501.6
27320007762000,3,2,1,0
27320007763000,6,4,2,378
27330007745000,5,4,1,243
27330007746000,15,8,7,666
27330007747000,19,11,8,638.4
27330007748000,14,7,7,539
27330007749000,60,30,30,1980
27330007751000,377,180,197,10556
27330007754000,22,11,11,822.8
27330007763000,3,1,2,0
27340007745000,6,2,4,211.8
27340007746000,5,4,1,328
27340007749000,33,18,15,1336.5
27340007754000,6,4,2,310.8
27340007755000,24,14,10,816
27340007763000,13,6,7,397.8
27340007764000,6,3,3,247.8
27340007800000,1,1,0,0
27340007801000,4,2,2,0
27340007803000,2,1,1,0
27350007742000,14,6,8,525
27350007749000,54,31,23,2068.2
27350007754000,5,2,3,181
27350007755000,20,10,10,716
27350007758000,3,2,1,0
27350007759000,3,2,1,0
27350007760000,1,1,0,0
27350007764000,11,5,6,267.3
27350007803000,1,1,0,0
27350007804000,1,1,0,0
27360007748000,1,1,0,0
27360007749000,6,4,2,271.2
27360007759000,4,2,2,0
27360007760000,8,4,4,354.4
27370007748000,4,3,1,0
27370007749000,33,17,16,1438.8
27370007757000,2,2,0,0
27370007761000,3,2,1,0
27370007762000,5,3,2,272
27370007763000,15,7,8,676.5
27370007764000,11,6,5,465.3
27370007765000,1,1,0,0
27370007766000,3,2,1,0
27370007767000,6,4,2,142.2
27370007769000,5,2,3,353
27370007770000,9,5,4,480.6
27380007747000,2,1,1,0
27380007748000,34,20,14,1319.2
27380007749000,2,1,1,0
27380007759000,2,2,0,0
27380007760000,12,7,5,705.6
27380007761000,3,2,1,0
27380007762000,26,10,16,1107.6
27380007763000,43,21,22,1410.4
27380007769000,25,12,13,1197.5
27390007747000,18,12,6,820.8
27390007748000,18,9,9,628.2
27390007761000,4,3,1,0
27390007762000,9,3,6,383.4
27390007769000,9,6,3,575.1
27400007743000,1,1,0,0
27400007744000,6,4,2,304.8
27400007746000,21,9,12,907.2
27400007747000,11,5,6,456.5
27400007767000,7,5,2,275.1
27400007769000,33,17,16,1386
27410007742000,21,11,10,789.6
27410007743000,34,14,20,1489.2
27410007744000,15,7,8,790.5
27410007745000,27,14,13,1107
27410007746000,27,14,13,915.3
27410007766000,6,1,5,241.8
27410007768000,16,8,8,580.8
27410007769000,16,9,7,537.6
27410007804000,1,1,0,0
27410007815000,2,2,0,0
27410007816000,2,2,0,0
27410007817000,1,1,0,0
27410007818000,1,1,0,0
27420007731000,1,1,0,0
27420007734000,8,3,5,275.2
27420007742000,18,12,6,682.2
27420007766000,5,3,2,121
27420007768000,91,44,47,3549
27430007731000,1,1,0,0
27430007733000,1,0,1,0
27430007734000,3,2,1,0
27430007737000,6,3,3,163.8
27430007740000,4,1,3,0
27430007741000,8,4,4,531.2
27430007766000,3,2,1,0
27430007767000,8,6,2,547.2
27430007768000,2,1,1,0
27440007729000,33,16,17,1197.9
27440007730000,1,1,0,0
27440007734000,6,4,2,247.8
27440007736000,7,4,3,364
27440007737000,2,1,1,0
27440007738000,5,2,3,256
27440007739000,10,6,4,385
27440007740000,9,6,3,371.7
27440007741000,6,4,2,214.2
27440007767000,9,6,3,516.6
27450007728000,5,3,2,167
27450007729000,12,5,7,319.2
27450007736000,5,3,2,183
27450007763000,13,9,4,616.2
27450007764000,4,3,1,0
27450007802000,1,1,0,0
27460007727000,11,7,4,489.5
27460007763000,3,2,1,0
27460007764000,5,3,2,293
27460007765000,15,8,7,880.5
27460007766000,15,8,7,681
27460007810000,2,1,1,0
27460007811000,3,2,1,0
27460007813000,1,0,1,0
27470007759000,6,3,3,184.2
27470007764000,7,4,3,256.9
27470007765000,1,1,0,0
27470007809000,18,9,9,851.4
27470007810000,4,2,2,0
27480007775000,2,1,1,0
27480007776000,2,1,1,0
27480007808000,19,12,7,1014.6
27480007809000,8,3,5,371.2
27490007725000,9,4,5,269.1
27490007775000,3,2,1,0
27500007724000,1,1,0,0
27500007725000,6,4,2,268.8
27500007790000,12,7,5,664.8
27520007721000,4,1,3,0
27520007723000,3,3,0,0
27520007804000,5,4,1,344
27530007803000,6,5,1,315
27530007804000,7,4,3,441
27540007779000,31,17,14,1267.9
27540007782000,1,0,1,0
27550007718000,4,3,1,0
27550007766000,2,2,0,0
27550007779000,1,1,0,0
27550007807000,74,39,35,3692.6
27550007808000,54,33,21,1506.6
27550007809000,3,3,0,0
27570007850000,49,27,22,1950.2
27570007851000,52,31,21,2574
27580007766000,1,1,0,0
27580007785000,2,1,1,0
27580007850000,11,8,3,478.5
27580007851000,58,31,27,2447.6
27590007766000,1,0,1,0
27590007785000,13,7,6,790.4
27590007796000,3,2,1,0
27590007851000,25,19,6,1040
27600007764000,5,3,2,142
27600007765000,1,0,1,0
27600007786000,1,1,0,0
27600007787000,8,4,4,440
27600007849000,2,1,1,0
27610007763000,10,6,4,516
27610007764000,2,1,1,0
27610007787000,10,4,6,494
27620007763000,16,7,9,827.2
27620007787000,2,1,1,0
27620007848000,5,3,2,261
27630007761000,4,4,0,0
27630007762000,20,11,9,982
27630007763000,18,8,10,698.4
27630007774000,5,2,3,104
27630007847000,1,1,0,0
27630007848000,3,2,1,0
27640007762000,6,3,3,273
27640007763000,3,2,1,0
27640007766000,4,2,2,0
27640007767000,7,3,4,111.3
27640007768000,17,7,10,727.6
27640007774000,8,5,3,280
27640007775000,4,2,2,0
27640007788000,1,1,0,0
27650007755000,5,4,1,277
27650007758000,1,0,1,0
27650007761000,6,3,3,225
27650007762000,13,7,6,494
27650007766000,25,12,13,1080
27650007788000,7,5,2,298.9
27650007789000,10,7,3,463
27650007790000,1,1,0,0
27650007835000,31,18,13,1450.8
27650007836000,36,19,17,1659.6
27650007837000,15,9,6,681
27650007838000,3,2,1,0
27660007754000,3,2,1,0
27660007756000,1,1,0,0
27660007760000,10,5,5,293
27660007762000,3,2,1,0
27660007763000,9,4,5,379.8
27660007766000,18,9,9,705.6
27660007774000,2,1,1,0
27660007775000,8,5,3,484.8
27660007783000,2,1,1,0
27660007788000,2,1,1,0
27660007789000,4,2,2,0
27660007807000,12,6,6,764.4
27660007808000,2,2,0,0
27660007834000,3,2,1,0
27660007835000,213,95,118,8775.6
27660007836000,103,55,48,3625.6
27670007752000,5,3,2,123
27670007760000,1,1,0,0
27670007761000,19,10,9,972.8
27670007762000,3,1,2,0
27670007763000,10,4,6,354
27670007766000,34,14,20,1492.6
27670007774000,13,7,6,617.5
27670007775000,10,5,5,568
27670007776000,16,10,6,768
27670007777000,4,2,2,0
27670007778000,4,3,1,0
27670007779000,3,1,2,0
27670007781000,7,4,3,436.1
27670007782000,10,6,4,581
27670007808000,3,2,1,0
27670007809000,2,1,1,0
27670007810000,26,14,12,1071.2
27670007811000,61,32,29,2409.5
27670007835000,26,14,12,1032.2
27670007836000,10,6,4,604
27680007752000,3,1,2,0
27680007763000,3,1,2,0
27680007765000,4,1,3,0
27680007766000,16,8,8,678.4
27680007773000,61,30,31,2244.8
27680007774000,38,19,19,1288.2
27680007775000,2,1,1,0
27680007776000,10,6,4,391
27680007777000,3,2,1,0
27680007778000,15,10,5,550.5
27680007779000,2,1,1,0
27680007780000,4,1,3,0
27680007781000,7,4,3,258.3
27680007782000,6,4,2,235.2
27680007811000,34,17,17,1570.8
27680007812000,6,4,2,324
27680007813000,8,6,2,550.4
27680007842000,2,1,1,0
27690007763000,5,3,2,103
27690007764000,40,21,19,1768
27690007765000,11,5,6,473
27690007773000,53,33,20,1574.1
27690007774000,246,128,118,10430.4
27690007775000,31,14,17,1537.6
27690007784000,21,13,8,816.9
27690007785000,16,9,7,846.4
27690007839000,8,4,4,311.2
27690007847000,221,120,101,9392.5
27700007752000,4,2,2,0
27700007758000,4,2,2,0
27700007764000,14,8,6,425.6
27700007772000,18,9,9,804.6
27700007784000,2,1,1,0
27700007785000,12,7,5,432
27700007847000,14,9,5,812
27700007848000,76,40,36,3306
27700007849000,5,4,1,293
27710007752000,14,5,9,555.8
27710007758000,3,1,2,0
27710007771000,9,6,3,305.1
27710007772000,15,8,7,498
27710007785000,7,3,4,272.3
27720007751000,13,9,4,747.5
27720007752000,2,1,1,0
27720007755000,7,5,2,280.7
27720007757000,23,11,12,1046.5
27720007786000,11,4,7,550
27720007806000,7,4,3,259
27720007807000,6,6,0,348
27730007751000,4,2,2,0
27730007754000,2,1,1,0
27730007756000,1,0,1,0
27730007757000,2,1,1,0
27730007808000,3,1,2,0
27730007811000,1,1,0,0
27740007752000,4,2,2,0
27740007754000,4,2,2,0
27740007786000,3,2,1,0
27750007750000,2,1,1,0
27750007752000,6,2,4,238.2
27750007753000,3,2,1,0
27750007786000,6,3,3,171
27750007800000,3,2,1,0
27760007786000,10,4,6,371
27760007787000,19,8,11,729.6
27760007801000,5,3,2,303
27760007802000,7,6,1,371
27760007804000,2,1,1,0
27760007805000,4,3,1,0
27760007808000,6,4,2,369
27760007809000,190,94,96,9557
27760007810000,168,82,86,6736.8
27760007811000,133,72,61,4881.1
27770007784000,4,3,1,0
27770007785000,3,2,1,0
27770007787000,2,1,1,0
27770007808000,128,71,57,5324.8
27780007783000,11,7,4,488.4
27780007784000,17,8,9,494.7
27780007785000,11,5,6,619.3
27780007788000,24,13,11,657.6
27790007783000,7,5,2,328.3
27790007789000,2,1,1,0
27810007791000,6,2,4,424.2
27810007799000,2,1,1,0
27820007799000,2,1,1,0
27830007789000,4,3,1,0
27830007792000,10,7,3,662
27840007792000,10,7,3,319
27840007795000,2,1,1,0
27840007796000,6,5,1,220.8
27840007797000,4,2,2,0
27840007798000,2,1,1,0
27850007795000,4,3,1,0
27850007796000,6,4,2,240
27860007792000,2,1,1,0
27870007792000,2,1,1,0
27880007865000,3,2,1,0
27890007794000,5,3,2,347
27910007792000,2,2,0,0
27920007859000,2,1,1,0
27930007822000,20,10,10,544
27940007820000,18,10,8,687.6
27940007822000,4,2,2,0
27940007860000,1,1,0,0
27940007861000,5,4,1,122
27950007795000,1,0,1,0
27950007819000,2,1,1,0
27950007820000,38,18,20,1546.6
27960007795000,1,1,0,0
27960007862000,2,2,0,0
27970007870000,5,4,1,350
27980007783000,7,2,5,207.2
27980007796000,2,1,1,0
27980007797000,8,4,4,472
27980007798000,1,1,0,0
27990007797000,11,6,5,347.6
27990007798000,1,1,0,0
28000007788000,1,1,0,0
28000007863000,1,1,0,0
28010007788000,1,0,1,0
28010007789000,30,15,15,1164
28010007790000,68,36,32,2441.2
28010007822000,9,5,4,297
28010007823000,1,0,1,0
28010007846000,4,1,3,0
28010007862000,2,1,1,0
28020007767000,5,2,3,104
28020007789000,166,80,86,5345.2
28020007790000,106,54,52,4897.2
28020007794000,5,2,3,363
28020007795000,4,1,3,0
28020007797000,2,1,1,0
28020007798000,14,7,7,449.4
28020007799000,15,9,6,516
28020007800000,16,7,9,680
28020007818000,4,2,2,0
28020007820000,1,1,0,0
28020007846000,34,18,16,1557.2
28020007847000,6,4,2,349.8
28030007768000,2,1,1,0
28030007788000,2,2,0,0
28030007789000,17,9,8,695.3
28030007792000,3,3,0,0
28030007793000,1,1,0,0
28030007818000,3,2,1,0
28030007864000,4,2,2,0
28030007878000,4,3,1,0
28040007770000,3,2,1,0
28040007817000,3,2,1,0
28040007866000,1,1,0,0
28050007770000,4,2,2,0
28050007771000,8,4,4,232
28050007787000,16,11,5,718.4
28050007817000,4,2,2,0
28050007868000,2,1,1,0
28060007773000,8,5,3,328
28060007774000,9,4,5,410.4
28060007775000,21,13,8,716.1
28060007776000,13,4,9,430.3
28060007777000,11,7,4,198
28060007778000,37,13,24,1657.6
28060007779000,12,7,5,590.4
28060007789000,6,4,2,151.8
28070007776000,3,1,2,0
28070007779000,23,11,12,777.4
28070007780000,10,5,5,383
28070007868000,2,1,1,0
28070007874000,1,0,1,0
28070007875000,17,11,6,783.7
28070007876000,2,1,1,0
28080007775000,3,3,0,0
28080007780000,1,1,0,0
28080007781000,24,11,13,1029.6
28080007782000,1,1,0,0
28080007785000,4,2,2,0
28080007786000,1,0,1,0
28080007810000,1,0,1,0
28080007875000,38,19,19,1729
28090007778000,80,46,34,3040
28090007779000,24,12,12,804
28090007780000,69,34,35,2221.8
28090007782000,18,10,8,741.6
28090007783000,1,0,1,0
28090007802000,4,2,2,0
28090007809000,4,2,2,0
28090007810000,25,17,8,1272.5
28090007811000,4,1,3,0
28100007778000,13,8,5,517.4
28100007802000,2,1,1,0
28100007811000,2,1,1,0
28100007848000,8,4,4,452.8
28110007781000,19,10,9,796.1
28110007802000,9,6,3,341.1
28110007846000,15,9,6,463.5
28110007847000,16,9,7,1083.2
28120007682000,10,5,5,400
28120007780000,107,59,48,4066
28120007781000,238,117,121,7782.6
28120007803000,13,9,4,613.6
28120007806000,6,2,4,126
28120007846000,4,2,2,0
28120007847000,3,2,1,0
28130007682000,5,3,2,264
28130007772000,3,1,2,0
28130007773000,123,79,44,4292.7
28130007774000,21,12,9,604.8
28130007775000,2,1,1,0
28130007780000,16,8,8,379.2
28130007781000,1755,863,892,58441.5
28130007782000,900,450,450,35820
28130007798000,3,2,1,0
28130007812000,1,0,1,0
28130007814000,8,4,4,288
28130007816000,8,6,2,368.8
28130007817000,1,0,1,0
28130007849000,4,2,2,0
28140007774000,31,15,16,1326.8
28140007775000,43,21,22,1926.4
28140007777000,10,8,2,436
28140007778000,68,36,32,2339.2
28140007779000,62,31,31,1661.6
28140007780000,30,16,14,1218
28140007781000,628,333,295,17898
28140007782000,916,446,470,34075.2
28140007783000,1100,543,557,42460
28140007784000,317,158,159,11443.7
28140007803000,1,0,1,0
28140007812000,2,1,1,0
28140007814000,5,2,3,287
28140007815000,4,4,0,0
28140007817000,6,5,1,351
28140007851000,4,3,1,0
28150007664000,1,1,0,0
28150007774000,18,8,10,610.2
28150007775000,11,6,5,568.7
28150007776000,80,40,40,2496
28150007777000,7,3,4,214.9
28150007778000,69,38,31,2449.5
28150007779000,95,51,44,3059
28150007780000,9,5,4,287.1
28150007781000,119,54,65,3700.9
28150007782000,73,38,35,2642.6
28150007783000,623,299,324,26539.8
28150007784000,871,420,451,34491.6
28150007785000,115,51,64,4209
28150007786000,279,147,132,7839.9
28150007798000,3,2,1,0
28150007802000,1,1,0,0
28150007812000,23,13,10,1478.9
28150007814000,6,4,2,154.2
28150007815000,15,9,6,673.5
28150007816000,2,1,1,0
28150007817000,10,8,2,358
28150007847000,18,12,6,644.4
28160007667000,48,23,25,1804.8
28160007679000,40,23,17,1624
28160007680000,1,1,0,0
28160007681000,2,1,1,0
28160007772000,4,2,2,0
28160007774000,5,3,2,126
28160007775000,2,1,1,0
28160007776000,29,15,14,980.2
28160007778000,90,47,43,3240
28160007779000,6,4,2,367.8
28160007780000,28,16,12,1066.8
28160007781000,15,5,10,327
28160007782000,36,18,18,1526.4
28160007783000,25,11,14,1067.5
28160007784000,490,260,230,18130
28160007785000,77,41,36,3380.3
28160007786000,105,53,52,3559.5
28160007798000,9,3,6,293.4
28160007801000,2,1,1,0
28160007812000,7,5,2,452.9
28160007813000,8,4,4,316
28160007815000,11,7,4,581.9
28160007816000,9,4,5,476.1
28160007817000,10,6,4,494
28160007849000,2,1,1,0
28160007850000,5,2,3,199
28160007851000,1,1,0,0
28170007668000,29,17,12,957
28170007771000,8,3,5,308.8
28170007772000,5,2,3,115
28170007773000,18,10,8,698.4
28170007779000,1,1,0,0
28170007780000,15,9,6,747
28170007781000,26,14,12,1170
28170007782000,12,7,5,627.6
28170007783000,585,312,273,17550
28170007784000,785,392,393,27396.5
28170007800000,42,21,21,1528.8
28170007801000,43,22,21,2021
28170007845000,3,2,1,0
28170007850000,8,4,4,412
28170007852000,4,2,2,0
28180007772000,12,7,5,465.6
28180007779000,2,1,1,0
28180007782000,43,24,19,1586.7
28180007783000,68,35,33,2509.2
28180007784000,413,198,215,16478.7
28180007785000,14,11,3,534.8
28180007790000,5,4,1,294
28180007800000,9,6,3,396.9
28180007801000,8,4,4,479.2
28180007822000,3,2,1,0
28180007823000,3,1,2,0
28180007824000,3,2,1,0
28180007855000,14,8,6,607.6
28180007856000,3,1,2,0
28180007863000,291,142,149,12949.5
28180007864000,44,24,20,1874.4
28190007675000,6,4,2,115.8
28190007676000,13,6,7,470.6
28190007677000,5,0,5,219
28190007782000,435,217,218,12528
28190007783000,1800,918,882,59940
28190007784000,516,278,238,18885.6
28190007790000,11,6,5,486.2
28190007791000,35,15,20,1326.5
28190007800000,5,3,2,222
28190007824000,16,11,5,785.6
28190007856000,60,31,29,1890
28190007857000,23,11,12,1055.7
28190007858000,14,10,4,476
28190007859000,90,49,41,3492
28190007860000,650,348,302,25675
28190007861000,43,20,23,1763
28190007862000,680,354,326,30600
28190007863000,885,450,435,34338
28190007864000,843,414,429,29673.6
28190007865000,599,292,307,20126.4
28200007674000,111,60,51,4517.7
28200007675000,180,103,77,7308
28200007676000,243,117,126,8796.6
28200007677000,362,174,188,12670
28200007678000,69,32,37,2822.1
28200007780000,15,10,5,585
28200007781000,36,20,16,1666.8
28200007782000,74,38,36,2368
28200007783000,716,364,352,21909.6
28200007784000,40,21,19,1264
28200007791000,4,2,2,0
28200007819000,8,5,3,451.2
28200007820000,4,2,2,0
28200007821000,1,1,0,0
28200007824000,3,2,1,0
28200007830000,2,1,1,0
28200007831000,7,2,5,434
28200007859000,723,366,357,25305
28200007860000,310,168,142,11718
28200007861000,314,156,158,10173.6
28200007862000,1497,759,738,56886
28200007863000,842,428,414,32332.8
28200007864000,153,83,70,4498.2
28200007865000,532,269,263,16651.6
28200007866000,53,21,32,1743.7
28210007673000,5,4,1,254
28210007674000,41,26,15,1451.4
28210007675000,246,103,143,8142.6
28210007676000,18,7,11,676.8
28210007677000,160,87,73,5952
28210007678000,306,156,150,11781
28210007679000,125,58,67,3937.5
28210007780000,66,32,34,2244
28210007781000,30,16,14,1026
28210007782000,50,26,24,1360
28210007783000,377,196,181,9349.6
28210007784000,242,134,108,7816.6
28210007785000,9,4,5,494.1
28210007791000,34,21,13,1421.2
28210007832000,2,1,1,0
28210007833000,6,3,3,274.2
28210007862000,527,251,276,19288.2
28210007863000,225,113,112,8190
28220007671000,7,2,5,137.9
28220007672000,56,34,22,2021.6
28220007673000,7,3,4,202.3
28220007679000,9,7,2,362.7
28220007680000,62,31,31,2492.4
28220007681000,7,5,2,273.7
28220007770000,8,4,4,380
28220007780000,51,24,27,2050.2
28220007785000,56,27,29,1960
28220007786000,10,5,5,417
28220007791000,3,1,2,0
28220007821000,4,1,3,0
28220007833000,1,0,1,0
28220007834000,8,4,4,304.8
28220007901000,17,12,5,603.5
28230007670000,2,2,0,0
28230007671000,1,1,0,0
28230007778000,3,2,1,0
28230007779000,72,36,36,2642.4
28230007780000,48,25,23,1660.8
28230007781000,8,5,3,344.8
28230007785000,11,7,4,393.8
28230007786000,98,55,43,2822.4
28230007787000,7,3,4,387.8
28230007788000,8,5,3,354.4
28230007789000,8,4,4,311.2
28230007791000,69,39,30,2373.6
28230007835000,6,2,4,328.8
28230007836000,1,1,0,0
28230007849000,5,2,3,171
28230007850000,15,9,6,493.5
28230007866000,1,0,1,0
28230007869000,241,136,105,8531.4
28230007870000,7,3,4,368.9
28230007901000,8,4,4,438.4
28240007769000,3,1,2,0
28240007770000,3,1,2,0
28240007773000,1,1,0,0
28240007779000,136,72,64,4705.6
28240007780000,117,59,58,4446
28240007781000,5,3,2,152
28240007790000,125,64,61,4375
28240007791000,269,134,135,8500.4
28240007792000,1,1,0,0
28240007800000,4,1,3,0
28240007869000,4,2,2,0
28250007767000,19,9,10,524.4
28250007768000,8,4,4,238.4
28250007779000,130,67,63,3393
28250007780000,16,10,6,625.6
28250007790000,22,11,11,1113.2
28250007901000,1,1,0,0
28260007661000,2,1,1,0
28260007662000,1,0,1,0
28260007684000,2,2,0,0
28260007689000,1,0,1,0
28260007766000,3,1,2,0
28260007767000,10,5,5,429
28260007779000,2,1,1,0
28260007840000,19,9,10,613.7
28260007841000,8,4,4,322.4
28260007900000,7,4,3,396.9
28260007909000,1,1,0,0
28260007910000,5,4,1,270
28260007911000,22,15,7,1058.2
28270007676000,6,2,4,211.2
28270007678000,10,3,7,299
28270007679000,5,3,2,245
28270007687000,16,7,9,702.4
28270007688000,27,16,11,1001.7
28270007689000,20,10,10,1072
28270007838000,34,17,17,1370.2
28270007839000,16,9,7,745.6
28270007840000,8,3,5,172
28270007841000,2,1,1,0
28270007842000,9,4,5,246.6
28270007910000,1,1,0,0
28280007677000,5,4,1,189
28280007678000,24,14,10,878.4
28280007679000,24,15,9,871.2
28280007690000,10,5,5,448
28280007846000,7,4,3,350
28280007898000,1,1,0,0
28280007901000,1,1,0,0
28280007907000,1,1,0,0
28290007691000,2,1,1,0
28290007747000,4,2,2,0
28290007901000,5,3,2,224
28290007902000,4,3,1,0
28300007902000,18,10,8,880.2
28310007743000,2,0,2,0
28320007693000,41,28,13,1312
28320007737000,2,1,1,0
28320007845000,3,1,2,0
28320007848000,50,25,25,2275
28320007901000,1,1,0,0
28320007902000,1,1,0,0
28330007694000,3,3,0,0
28330007695000,1,0,1,0
28330007845000,14,6,8,628.6
28330007846000,244,128,116,10662.8
28330007847000,27,15,12,1393.2
28330007848000,26,13,13,1071.2
28330007849000,12,8,4,451.2
28330007850000,8,4,4,408
28330007851000,2,1,1,0
28340007649000,18,11,7,984.6
28340007696000,51,33,18,1851.3
28340007847000,32,17,15,1990.4
28350007697000,65,29,36,2249
28350007847000,43,21,22,2033.9
28360007697000,20,11,9,644
28360007770000,1,1,0,0
28360007846000,6,4,2,243
28360007847000,23,9,14,1062.6
28370007725000,88,48,40,3212
28370007726000,12,7,5,632.4
28370007846000,16,11,5,678.4
28370007850000,4,2,2,0
28370007851000,14,7,7,935.2
28370007854000,2,1,1,0
28380007698000,7,5,2,317.1
28380007727000,20,13,7,980
28380007728000,71,38,33,2492.1
28380007846000,8,4,4,426.4
28380007850000,14,7,7,760.2
28380007851000,10,6,4,422
28380007854000,2,1,1,0
28380007855000,3,2,1,0
28390007728000,56,31,25,2262.4
28390007729000,25,12,13,805
28390007730000,10,4,6,261
28390007846000,2,1,1,0
28400007732000,2,1,1,0
28400007850000,2,1,1,0
28410007845000,6,4,2,339
28420007845000,16,13,3,1033.6
28420007868000,2,2,0,0
28430007702000,1,1,0,0
28430007763000,1,0,1,0
28430007845000,2,1,1,0
28430007848000,2,0,2,0
28430007868000,5,4,1,285
28440007650000,4,1,3,0
28440007844000,8,4,4,223.2
28440007845000,2,1,1,0
28450007702000,14,7,7,658
28450007842000,2,2,0,0
28450007846000,4,2,2,0
28460007702000,5,3,2,325
28460007703000,27,16,11,1144.8
28460007842000,20,11,9,712
28460007843000,3,1,2,0
28460007844000,14,9,5,751.8
28460007868000,1,1,0,0
28470007707000,1,1,0,0
28470007713000,7,6,1,298.9
28470007714000,2,1,1,0
28470007842000,3,1,2,0
28470007843000,1,0,1,0
28480007876000,3,2,1,0
28480007904000,39,21,18,2016.3
28490007876000,4,2,2,0
28490007877000,4,2,2,0
28490007882000,2,1,1,0
28490007904000,212,107,105,8861.6
28490007905000,558,287,271,22822.2
28500007881000,12,6,6,801.6
28500007882000,3,2,1,0
28500007904000,99,48,51,4128.3
28500007905000,118,62,56,5522.4
28510007653000,1,1,0,0
28510007834000,1,1,0,0
28510007880000,4,2,2,0
28510007881000,9,5,4,623.7
28510007882000,2,2,0,0
28510007883000,3,1,2,0
28510007905000,1,0,1,0
28520007717000,8,3,5,220.8
28520007718000,2,2,0,0
28520007842000,16,10,6,745.6
28520007882000,6,3,3,321
28530007718000,4,3,1,0
28530007841000,1,1,0,0
28530007842000,1,0,1,0
28530007863000,1,1,0,0
28530007871000,6,3,3,402
28540007760000,1,1,0,0
28540007841000,17,10,7,586.5
28540007842000,7,3,4,165.2
28540007862000,26,11,15,956.8
28540007871000,6,3,3,445.2
28550007723000,1,1,0,0
28550007861000,4,2,2,0
28550007862000,32,16,16,1660.8
28560007862000,62,32,30,2622.6
28570007863000,9,4,5,488.7
28570007864000,2,2,0,0
28570007865000,4,2,2,0
28580007734000,1,1,0,0
28580007863000,1,0,1,0
28600007722000,4,3,1,0
28600007723000,25,14,11,1217.5
28600007908000,1,1,0,0
28610007908000,33,19,14,1785.3
28620007908000,9,6,3,342.9
28650007741000,7,4,3,216.3
28680007812000,1,1,0,0
28680007823000,2,1,1,0
28690007723000,1,1,0,0
28690007724000,1,0,1,0
28710007852000,2,1,1,0
28710007853000,1,1,0,0
28720007815000,7,5,2,294
28720007851000,2,1,1,0
28720007852000,3,2,1,0
28720007853000,2,0,2,0
28730007815000,10,5,5,550
28730007816000,7,2,5,424.2
28730007817000,4,1,3,0
28730007818000,1,0,1,0
28730007819000,8,6,2,408.8
28730007820000,19,9,10,750.5
28730007821000,20,8,12,772
28730007822000,2,2,0,0
28730007849000,16,9,7,707.2
28730007850000,32,17,15,1689.6
28730007851000,4,3,1,0
28730007852000,5,3,2,241
28730007853000,4,3,1,0
28730007854000,8,3,5,556.8
28730007855000,20,11,9,1076
28730007856000,3,1,2,0
28730007920000,129,71,58,5495.4
28740007849000,15,8,7,1026
28740007850000,8,3,5,432
28740007855000,10,7,3,469
28740007856000,2,1,1,0
28740007920000,20,9,11,902
28750007804000,1,1,0,0
28750007807000,1,0,1,0
28750007824000,8,4,4,246.4
28750007831000,17,9,8,617.1
28750007832000,12,6,6,553.2
28750007835000,1,1,0,0
28750007836000,12,8,4,500.4
28750007837000,7,4,3,450.8
28750007849000,6,3,3,319.8
28760007799000,22,10,12,556.6
28760007800000,11,8,3,286
28760007801000,4,2,2,0
28760007802000,167,92,75,6713.4
28760007803000,249,115,134,9113.4
28760007804000,7,5,2,331.1
28760007825000,3,2,1,0
28760007826000,11,6,5,401.5
28760007827000,11,7,4,517
28760007828000,3,1,2,0
28760007831000,59,34,25,2619.6
28760007832000,36,18,18,1969.2
28760007833000,16,9,7,524.8
28760007835000,2,1,1,0
28760007838000,2,1,1,0
28760007839000,1,1,0,0
28760007850000,3,1,2,0
28770007728000,10,4,6,357
28770007729000,11,7,4,599.5
28770007795000,5,3,2,191
28770007797000,13,9,4,638.3
28770007798000,2,0,2,0
28770007799000,23,13,10,770.5
28770007800000,37,18,19,1224.7
28770007801000,311,154,157,11475.9
28770007802000,441,204,237,19007.1
28770007803000,228,120,108,7182
28770007827000,14,6,8,453.6
28770007828000,7,4,3,212.1
28770007829000,5,3,2,295
28770007830000,7,3,4,380.8
28770007831000,7,5,2,380.8
28770007832000,11,3,8,546.7
28780007793000,3,2,1,0
28780007794000,9,6,3,376.2
28780007795000,18,11,7,1004.4
28780007797000,5,2,3,303
28780007798000,6,3,3,171
28780007799000,4,2,2,0
28780007800000,78,40,38,2745.6
28780007801000,486,241,245,19391.4
28780007802000,330,154,176,12606
28780007803000,8,4,4,251.2
28780007804000,1,1,0,0
28780007808000,4,2,2,0
28780007827000,1,1,0,0
28780007829000,23,11,12,920
28780007830000,6,4,2,241.2
28780007832000,1,1,0,0
28780007862000,4,2,2,0
28790007793000,5,2,3,206
28790007794000,4,3,1,0
28790007800000,6,3,3,195
28790007802000,79,49,30,2899.3
28790007803000,2,0,2,0
28790007807000,13,8,5,423.8
28790007829000,1,1,0,0
28790007830000,3,1,2,0
28790007833000,5,2,3,346
28790007842000,1,1,0,0
28790007843000,1,1,0,0
28790007845000,2,1,1,0
28790007846000,5,3,2,230
28790007847000,3,2,1,0
28790007848000,6,3,3,219
28790007851000,2,1,1,0
28800007802000,72,35,37,2376
28800007803000,82,44,38,3239
28800007804000,40,15,25,1528
28800007805000,8,4,4,220
28800007806000,30,16,14,1449
28800007807000,1,1,0,0
28800007831000,4,2,2,0
28800007847000,2,1,1,0
28800007848000,13,7,6,639.6
28800007849000,3,2,1,0
28810007786000,9,8,1,302.4
28810007801000,8,4,4,391.2
28810007802000,18,12,6,786.6
28810007803000,37,24,13,1657.6
28810007806000,6,4,2,306
28810007807000,3,2,1,0
28820007802000,33,16,17,1270.5
28820007803000,12,7,5,522
28830007801000,9,4,5,492.3
28830007802000,3,1,2,0
28830007803000,19,9,10,725.8
28830007804000,70,37,33,2499
28830007805000,4,3,1,0
28840007804000,9,3,6,198.9
28850007778000,3,1,2,0
28850007779000,5,3,2,298
28850007805000,19,8,11,822.7
28860007772000,4,2,2,0
28860007779000,28,13,15,1394.4
28860007780000,9,2,7,504.9
28860007807000,5,2,3,283
28860007907000,2,1,1,0
28870007744000,1,0,1,0
28870007779000,8,4,4,252.8
28880007777000,2,1,1,0
28880007779000,4,3,1,0
28880007883000,4,3,1,0
28880007884000,3,1,2,0
28880007924000,3,2,1,0
28890007836000,2,1,1,0
28890007909000,2,1,1,0
28890007924000,73,42,31,3343.4
28890007925000,4,3,1,0
28900007882000,3,1,2,0
28900007883000,7,4,3,455
28900007909000,12,8,4,507.6
28910007772000,2,1,1,0
28910007834000,4,2,2,0
28910007841000,2,1,1,0
28910007842000,6,5,1,352.2
28910007883000,6,2,4,207
28910007897000,2,2,0,0
28910007900000,1,1,0,0
28920007772000,2,1,1,0
28920007900000,2,1,1,0
28930007828000,1,1,0,0
28930007830000,2,1,1,0
28930007835000,21,7,14,1381.8
28930007836000,3,2,1,0
28930007844000,6,4,2,364.8
28930007845000,4,2,2,0
28930007914000,1,1,0,0
28930007917000,37,18,19,1369
28930007918000,66,38,28,2574
28940007831000,4,2,2,0
28940007832000,4,3,1,0
28940007833000,3,2,1,0
28940007834000,8,6,2,406.4
28940007835000,21,14,7,1054.2
28940007836000,22,13,9,1060.4
28950007834000,3,1,2,0
28950007835000,31,14,17,1652.3
28950007836000,26,11,15,1076.4
28950007837000,14,7,7,586.6
28960007724000,3,3,0,0
28960007730000,8,6,2,390.4
28960007731000,6,3,3,360
28960007732000,2,1,1,0
28960007835000,3,1,2,0
28960007836000,19,12,7,830.3
28960007837000,21,13,8,970.2
28960007910000,32,19,13,1270.4
28960007911000,58,32,26,2447.6
28960007912000,279,148,131,11187.9
28960007913000,361,196,165,14728.8
28960007914000,6,4,2,355.2
28970007731000,2,1,1,0
28970007758000,1,1,0,0
28970007838000,3,2,1,0
28970007857000,9,7,2,522
28970007910000,732,373,359,29938.8
28970007911000,730,364,366,31682
28970007912000,214,111,103,7254.6
28980007857000,5,2,3,338
28980007858000,4,3,1,0
28980007859000,4,3,1,0
28980007910000,13,7,6,392.6
28990007737000,2,1,1,0
28990007911000,237,124,113,8603.1
28990007912000,181,91,90,6624.6
29000007862000,6,5,1,361.2
29010007736000,1,1,0,0
29010007737000,2,1,1,0
29010007753000,3,1,2,0
29020007737000,26,15,11,1037.4
29030007737000,2,1,1,0
29030007738000,13,8,5,470.6
29030007751000,3,2,1,0
29030007867000,1,1,0,0
29040007737000,3,2,1,0
29040007738000,13,7,6,431.6
29040007869000,1,1,0,0
29050007738000,39,24,15,1361.1
29050007739000,23,13,10,949.9
29050007870000,2,1,1,0
29060007738000,85,43,42,3230
29060007739000,31,18,13,1159.4
29060007740000,8,6,2,238.4
29060007741000,7,4,3,235.9
29070007739000,31,18,13,1190.4
29070007740000,99,57,42,4395.6
29070007741000,3,1,2,0
29080007739000,5,3,2,137
29080007740000,39,24,15,1571.7
29080007741000,54,26,28,1906.2
29080007742000,54,24,30,1555.2
29090007737000,4,1,3,0
29090007740000,361,175,186,11154.9
29090007741000,305,151,154,12230.5
29090007742000,538,284,254,20713
29090007743000,90,53,37,3204
29100007740000,85,50,35,3357.5
29100007741000,157,72,85,6405.6
29100007742000,372,190,182,15921.6
29100007743000,11,7,4,398.2
29110007741000,22,10,12,629.2
29110007742000,10,5,5,309
29120007740000,6,3,3,225
29120007741000,8,4,4,316.8
29130007740000,15,7,8,529.5
29130007741000,5,3,2,218
29140007740000,3,1,2,0
29170007739000,4,2,2,0
29170007740000,8,3,5,256
29180007739000,4,3,1,0
29180007740000,3,2,1,0
29190007739000,10,4,6,340
29190007740000,4,1,3,0
29200007719000,1,1,0,0
29200007739000,11,5,6,302.5
29200007740000,5,3,2,249
29200007753000,1,0,1,0
29200007769000,1,1,0,0
29210007713000,2,1,1,0
29210007714000,3,1,2,0
29210007718000,4,2,2,0
29210007724000,1,1,0,0
29210007737000,3,2,1,0
29210007738000,10,4,6,362
29210007739000,5,2,3,314
29210007741000,4,2,2,0
29210007747000,1,1,0,0
29210007768000,1,0,1,0
29210007769000,11,6,5,597.3
29220007736000,17,14,3,826.2
29220007737000,23,14,9,874
29220007746000,7,2,5,210.7
29220007750000,2,1,1,0
29220007751000,2,1,1,0
29230007736000,10,5,5,398
29230007756000,4,2,2,0
29230007764000,3,1,2,0
29240007880000,11,9,2,667.7
29250007880000,9,4,5,477.9
29260007878000,3,1,2,0
29260007879000,3,2,1,0
29260007880000,3,1,2,0
29260007881000,3,2,1,0
29270007879000,3,2,1,0
29280007776000,2,1,1,0
29280007777000,5,4,1,246
29290007778000,2,1,1,0
29290007844000,6,4,2,340.8
29290007845000,26,11,15,1190.8
29290007846000,2,1,1,0
29290007859000,1,1,0,0
29300007844000,5,3,2,144
29300007845000,10,4,6,480
29310007785000,4,3,1,0
29340007847000,2,1,1,0
29340007854000,1,1,0,0
29350007795000,3,1,2,0
29350007853000,1,1,0,0
29360007798000,1,1,0,0
29360007799000,1,1,0,0
29380007861000,1,1,0,0
29410007862000,4,2,2,0
29420007860000,7,4,3,392.7
29420007861000,3,1,2,0
29420007873000,42,19,23,1990.8
29420007874000,13,7,6,642.2
29430007860000,1,1,0,0
29430007867000,2,2,0,0
29430007871000,2,1,1,0
29430007873000,32,18,14,1436.8
29430007874000,4,2,2,0
29430007910000,10,7,3,566
29430007911000,14,9,5,834.4
29440007860000,2,2,0,0
29440007868000,2,1,1,0
29440007871000,8,4,4,178.4
29440007878000,1,0,1,0
29440007911000,29,13,16,893.2
29440007916000,24,11,13,602.4
29450007866000,6,4,2,340.8
29450007916000,40,20,20,1156
29460007864000,4,2,2,0
29460007885000,1,0,1,0
29460007911000,1,1,0,0
29460007916000,186,101,85,6937.8
29460007917000,197,110,87,8352.8
29470007865000,2,1,1,0
29470007916000,159,91,68,6344.1
29470007917000,388,198,190,16761.6
29480007864000,2,1,1,0
29490007861000,3,1,2,0
29490007862000,2,1,1,0
29490007914000,9,4,5,332.1
29500007910000,1,0,1,0
29510007876000,29,16,13,899
29510007877000,1,1,0,0
29510007895000,5,3,2,123
29520007877000,9,6,3,306
29590007801000,1,1,0,0
29610007803000,1,1,0,0
29610007804000,2,2,0,0
29620007929000,11,7,4,585.2
29620007930000,202,102,100,8261.8
29620007931000,205,106,99,8712.5
29630007882000,1,1,0,0
29630007930000,186,87,99,8314.2
29630007931000,90,41,49,3807
29640007883000,2,1,1,0
29650007806000,1,1,0,0
29650007807000,10,5,5,646
29650007884000,2,1,1,0
29670007808000,5,3,2,269
29670007812000,7,5,2,268.1
29680007812000,2,1,1,0
29680007905000,1,1,0,0
29690007813000,3,2,1,0
29690007814000,8,5,3,538.4
29690007815000,10,5,5,505
29690007816000,24,10,14,672
29690007905000,1,1,0,0
29690007933000,2,1,1,0
29700007815000,14,9,5,732.2
29700007816000,40,16,24,1620
29710007890000,17,11,6,858.5
29710007905000,2,1,1,0
29720007890000,13,6,7,379.6
29720007906000,1,1,0,0
29720007907000,8,3,5,422.4
29730007907000,5,2,3,244
29740007818000,4,2,2,0
29740007819000,2,1,1,0
29740007821000,7,3,4,242.9
29740007822000,2,2,0,0
29740007846000,1,1,0,0
29750007865000,2,0,2,0
29750007937000,4,2,2,0
29760007865000,1,0,1,0
29760007906000,1,1,0,0
29760007907000,8,5,3,232
29760007936000,133,78,55,6556.9
29760007937000,4,2,2,0
29770007824000,2,2,0,0
29770007864000,3,2,1,0
29770007865000,10,8,2,500
29770007866000,1,0,1,0
29770007867000,1,1,0,0
29770007906000,48,27,21,1603.2
29770007907000,19,7,12,796.1
29780007863000,5,4,1,306
29780007864000,1,1,0,0
29780007897000,6,3,3,436.8
29780007898000,2,1,1,0
29780007906000,9,5,4,414
29790007870000,3,2,1,0
29800007824000,1,1,0,0
29800007870000,2,1,1,0
29800007871000,4,3,1,0
29810007824000,9,3,6,429.3
29810007870000,14,5,9,638.4
29810007871000,2,1,1,0
29820007824000,3,2,1,0
29820007871000,1,1,0,0
29830007867000,1,1,0,0
29830007868000,2,1,1,0
29840007826000,39,21,18,2016.3
29840007865000,6,3,3,306
29840007866000,3,2,1,0
29840007867000,17,8,9,929.9
29840007869000,1,1,0,0
29850007826000,24,14,10,984
29850007866000,3,2,1,0
29860007827000,10,6,4,432
29860007865000,3,2,1,0
29870007827000,5,2,3,270
29870007828000,6,2,4,235.2
29880007828000,24,11,13,914.4
29880007849000,6,2,4,202.8
29880007850000,5,3,2,147
29880007864000,2,1,1,0
29890007827000,3,2,1,0
29890007828000,5,3,2,317
29890007850000,15,8,7,544.5
29890007851000,2,1,1,0
29890007863000,14,5,9,730.8
29890007864000,2,0,2,0
29900007827000,15,9,6,535.5
29900007850000,16,8,8,582.4
29900007851000,5,4,1,253
29900007858000,9,7,2,272.7
29900007859000,11,7,4,446.6
29900007860000,8,4,4,467.2
29900007861000,45,21,24,1561.5
29900007862000,21,10,11,999.6
29900007863000,33,15,18,1419
29900007864000,77,42,35,3157
29900007865000,17,11,6,856.8
29900007866000,3,1,2,0
29910007826000,36,14,22,1486.8
29910007827000,5,3,2,342
29910007845000,4,2,2,0
29910007848000,8,5,3,383.2
29910007849000,12,6,6,465.6
29910007850000,10,6,4,662
29910007851000,9,5,4,457.2
29910007852000,16,7,9,358.4
29910007854000,7,3,4,224
29910007855000,12,7,5,580.8
29910007856000,24,14,10,984
29910007857000,25,8,17,1027.5
29910007858000,17,8,9,618.8
29910007859000,1,1,0,0
29910007863000,1,0,1,0
29910007866000,12,7,5,614.4
29910007867000,46,21,25,1679
29910007868000,39,21,18,1524.9
29910007869000,12,5,7,620.4
29920007821000,3,1,2,0
29920007825000,8,4,4,186.4
29920007826000,19,8,11,1086.8
29920007827000,2,1,1,0
29920007846000,9,5,4,360
29920007847000,5,3,2,301
29920007851000,2,1,1,0
29920007852000,8,5,3,352
29920007854000,4,2,2,0
29920007855000,4,1,3,0
29920007859000,2,1,1,0
29920007860000,8,4,4,456.8
29920007861000,5,3,2,183
29920007863000,1,1,0,0
29920007864000,8,6,2,264.8
29920007865000,13,6,7,469.3
29920007870000,1,0,1,0
29920007871000,1,0,1,0
29920007872000,2,1,1,0
29930007826000,7,5,2,422.8
29930007827000,10,3,7,432
29930007828000,9,7,2,644.4
29930007843000,4,3,1,0
29930007844000,6,3,3,130.8
29930007845000,50,25,25,2145
29930007848000,4,2,2,0
29930007855000,10,5,5,212
29930007856000,6,4,2,303
29930007857000,6,3,3,163.8
29930007859000,2,2,0,0
29930007875000,1,1,0,0
29940007826000,4,2,2,0
29940007827000,9,6,3,430.2
29940007828000,25,15,10,987.5
29940007829000,20,9,11,728
29940007830000,30,16,14,1332
29940007831000,7,4,3,289.1
29940007841000,250,119,131,10850
29940007842000,150,79,71,5355
29940007843000,32,12,20,1164.8
29940007844000,12,5,7,688.8
29940007845000,108,59,49,4298.4
29940007846000,48,23,25,1771.2
29940007847000,19,9,10,900.6
29940007871000,10,5,5,384
29940007872000,14,7,7,575.4
29950007829000,17,7,10,873.8
29950007831000,11,7,4,419.1
29950007832000,11,6,5,375.1
29950007833000,25,14,11,935
29950007834000,5,1,4,304
29950007835000,4,2,2,0
29950007838000,2,0,2,0
29950007839000,2,0,2,0
29950007840000,21,11,10,703.5
29950007841000,204,101,103,7323.6
29950007842000,4,2,2,0
29950007843000,13,7,6,466.7
29950007845000,4,1,3,0
29950007846000,33,18,15,1016.4
29950007847000,12,4,8,300
29950007872000,3,1,2,0
29950007873000,8,7,1,388
29960007830000,2,1,1,0
29960007832000,12,7,5,321.6
29960007833000,12,6,6,403.2
29960007836000,10,5,5,434
29960007837000,1,1,0,0
29960007838000,31,16,15,1125.3
29960007839000,27,14,13,1182.6
29960007840000,34,16,18,1305.6
29960007846000,10,6,4,292
29960007849000,3,2,1,0
29960007874000,6,4,2,280.2
29960007875000,3,1,2,0
29970007835000,6,3,3,271.2
29970007836000,1,1,0,0
29970007837000,12,7,5,418.8
29970007838000,133,70,63,5891.9
29970007839000,30,16,14,1230
29970007849000,8,4,4,334.4
29970007878000,2,2,0,0
29980007849000,7,2,5,207.2
29980007872000,4,1,3,0
29980007874000,1,1,0,0
29990007871000,6,2,4,264
30000007869000,11,6,5,459.8
30000007870000,13,7,6,634.4
30000007871000,15,8,7,592.5
30000007873000,1,1,0,0
30010007869000,13,9,4,538.2
30010007870000,26,15,11,855.4
30010007871000,55,25,30,2035
30010007872000,6,4,2,385.8
30020007869000,25,13,12,1087.5
30030007869000,3,2,1,0
30030007870000,16,9,7,568
30040007870000,26,16,10,912.6
30050007871000,12,9,3,444
30070007841000,2,1,1,0
30080007827000,1,1,0,0
30080007837000,4,2,2,0
30080007841000,3,3,0,0
30090007837000,10,5,5,643
30090007838000,4,2,2,0
30090007839000,15,8,7,691.5
30090007841000,16,10,6,606.4
30090007842000,107,52,55,3627.3
30090007843000,2,1,1,0
30100007836000,13,7,6,579.8
30100007840000,21,13,8,1155
30100007841000,109,52,57,4207.4
30100007842000,4,2,2,0
30100007843000,9,5,4,417.6
30110007835000,3,1,2,0
30110007836000,62,36,26,2529.6
30110007837000,1,0,1,0
30110007843000,52,20,32,2813.2
30110007920000,124,68,56,4984.8
30110007921000,626,330,296,26980.6
30110007922000,234,112,122,9711
30120007835000,17,10,7,844.9
30120007837000,2,1,1,0
30120007843000,17,11,6,652.8
30120007921000,2,2,0,0
30130007843000,8,5,3,396
30140007834000,2,2,0,0
30140007843000,1,0,1,0
30150007834000,6,4,2,220.2
30150007843000,15,7,8,507
30150007844000,8,4,4,148.8
30160007843000,9,5,4,636.3
30160007844000,1,0,1,0
30170007834000,2,1,1,0
30170007843000,33,18,15,1465.2
30170007844000,4,2,2,0
30180007833000,1,0,1,0
30180007834000,8,4,4,544.8
30180007843000,10,7,3,462
30190007833000,1,0,1,0
30190007842000,5,3,2,350
30190007843000,24,11,13,880.8
30200007833000,4,3,1,0
30200007842000,25,12,13,1005
30200007843000,11,4,7,617.1
30210007833000,4,2,2,0
30210007841000,10,4,6,479
30210007842000,135,69,66,5589
30220007833000,11,7,4,515.9
30220007842000,24,15,9,1068
30230007833000,6,3,3,262.2
30230007842000,19,12,7,944.3
30230007908000,36,18,18,1807.2
30240007841000,1,0,1,0
30240007842000,1,1,0,0
30240007909000,9,5,4,440.1
30250007833000,1,1,0,0
30250007843000,1,1,0,0
30260007841000,7,3,4,256.2
30270007841000,11,5,6,710.6
30300007833000,3,2,1,0
30300007842000,6,3,3,274.2
30360007842000,1,1,0,0
30370007842000,1,0,1,0
30380007830000,1,1,0,0
30380007842000,11,5,6,781
30380007899000,1,1,0,0
30380007901000,2,1,1,0
30390007841000,8,4,4,274.4
30390007842000,166,75,91,6806
30390007843000,274,140,134,10001
30390007844000,2,1,1,0
30390007900000,116,60,56,5069.2
30390007901000,577,309,268,21868.3
30390007902000,332,171,161,14940
30390007903000,85,41,44,2558.5
30400007841000,29,15,14,1241.2
30400007842000,76,36,40,2834.8
30400007900000,15,8,7,340.5
30400007901000,73,38,35,3321.5
30400007902000,162,82,80,6415.2
30400007903000,702,357,345,26886.6
30410007841000,57,33,24,2405.4
30410007842000,5,3,2,212
30420007796000,2,2,0,0
30420007841000,22,11,11,761.2
30420007842000,2,1,1,0
30430007842000,1,1,0,0
30440007841000,3,1,2,0
30440007842000,5,4,1,153
30450007842000,14,9,5,421.4
30460007796000,9,5,4,457.2
30460007797000,2,2,0,0
30460007815000,17,9,8,1042.1
30460007816000,5,2,3,337
30460007842000,3,2,1,0
30470007796000,18,11,7,743.4
30470007797000,12,6,6,499.2
30470007813000,2,2,0,0
30470007814000,7,4,3,431.2
30470007815000,3,1,2,0
30470007817000,1,1,0,0
30470007842000,3,2,1,0
30480007797000,2,1,1,0
30480007813000,6,3,3,343.2
30480007815000,1,1,0,0
30480007818000,7,4,3,282.1
30480007830000,1,1,0,0
30480007842000,2,1,1,0
30490007797000,4,2,2,0
30490007798000,1,1,0,0
30490007799000,1,1,0,0
30490007807000,1,0,1,0
30490007815000,6,4,2,315
30490007842000,16,10,6,532.8
30500007797000,11,5,6,599.5
30500007815000,1,1,0,0
30500007842000,7,3,4,328.3
30510007797000,3,2,1,0
30510007842000,28,15,13,1092
30520007796000,10,7,3,436
30520007797000,42,23,19,1902.6
30520007798000,4,2,2,0
30520007842000,17,12,5,739.5
30520007843000,8,4,4,224
30520007894000,1,1,0,0
30530007796000,14,7,7,596.4
30530007797000,13,7,6,535.6
30530007798000,6,4,2,370.2
30530007829000,75,43,32,2902.5
30530007842000,8,4,4,230.4
30540007798000,3,2,1,0
30540007829000,137,80,57,6493.8
30540007830000,2,1,1,0
30540007842000,751,362,389,27862.1
30540007843000,421,225,196,13724.6
30550007798000,9,4,5,250.2
30550007829000,19,7,12,856.9
30550007841000,132,75,57,5319.6
30550007842000,1382,686,696,55141.8
30550007843000,212,102,110,7886.4
30550007896000,3,2,1,0
30560007741000,1,1,0,0
30560007742000,17,10,7,948.6
30560007743000,1,1,0,0
30560007744000,3,2,1,0
30560007792000,1,1,0,0
30560007793000,6,2,4,153
30560007798000,5,3,2,296
30560007799000,10,7,3,416
30560007841000,248,138,110,9424
30560007842000,861,447,414,30048.9
30560007843000,3,1,2,0
30560007895000,1,0,1,0
30570007793000,1,0,1,0
30570007798000,1,1,0,0
30570007799000,2,1,1,0
30570007841000,2,1,1,0
30570007842000,929,458,471,36138.1
30570007843000,11,7,4,343.2
30580007794000,2,1,1,0
30580007806000,1,1,0,0
30580007842000,130,67,63,4654
30590007755000,1,1,0,0
30590007806000,1,1,0,0
30600007756000,2,1,1,0
30600007807000,1,1,0,0
30600007841000,30,17,13,1497
30610007801000,8,5,3,424.8
30620007803000,4,2,2,0
30620007812000,1,1,0,0
30630007842000,3,0,3,0
30640007805000,1,0,1,0
30640007843000,12,9,3,646.8
30650007806000,2,1,1,0
30650007843000,12,8,4,351.6
30660007760000,8,4,4,324.8
30660007806000,10,6,4,401
30660007844000,66,39,27,2666.4
30680007758000,1,1,0,0
30680007760000,1,0,1,0
30680007773000,2,1,1,0
30680007845000,10,7,3,577
30680007846000,7,5,2,254.8
30680007847000,4,3,1,0
30690007760000,1,1,0,0
30690007844000,9,7,2,642.6
30690007845000,22,7,15,968
30700007761000,9,5,4,416.7
30700007762000,6,4,2,340.2
30700007805000,22,16,6,565.4
30700007806000,2,1,1,0
30700007845000,1,1,0,0
30700007849000,5,2,3,336
30710007762000,3,2,1,0
30710007763000,1,1,0,0
30710007803000,3,1,2,0
30710007804000,31,24,7,775
30710007849000,36,22,14,1645.2
30720007763000,3,1,2,0
30720007764000,4,1,3,0
30720007765000,17,6,11,627.3
30720007766000,9,5,4,414.9
30720007767000,22,11,11,660
30720007800000,1,1,0,0
30720007804000,17,10,7,435.2
30730007765000,11,6,5,407
30730007767000,3,2,1,0
30730007768000,22,12,10,913
30730007769000,4,2,2,0
30730007799000,4,2,2,0
30730007802000,1,1,0,0
30730007803000,1,1,0,0
30740007799000,378,191,187,15498
30740007800000,345,165,180,12006
30740007859000,13,7,6,785.2
30740007860000,4,1,3,0
30750007769000,12,6,6,325.2
30750007770000,7,2,5,244.3
30750007798000,23,13,10,956.8
30750007799000,399,193,206,17795.4
30750007800000,511,254,257,19980.1
30750007801000,96,49,47,3590.4
30750007802000,886,421,465,30744.2
30750007803000,292,147,145,8584.8
30750007807000,1,1,0,0
30750007859000,3,2,1,0
30760007769000,2,1,1,0
30760007770000,8,3,5,464.8
30760007771000,16,9,7,571.2
30760007772000,16,9,7,993.6
30760007790000,8,5,3,350.4
30760007791000,16,8,8,563.2
30760007794000,2,1,1,0
30760007795000,2,1,1,0
30760007796000,2,1,1,0
30760007798000,7,4,3,161
30760007799000,599,296,303,22043.2
30760007800000,256,130,126,9523.2
30760007801000,142,70,72,5055.2
30760007802000,44,27,17,1698.4
30760007803000,279,134,145,9318.6
30760007806000,1016,474,542,43688
30760007807000,451,217,234,17589
30770007772000,12,5,7,444
30770007773000,4,1,3,0
30770007774000,4,3,1,0
30770007790000,10,5,5,275
30770007791000,14,8,6,428.4
30770007806000,1289,632,657,49368.7
30770007807000,233,124,109,8854
30780007784000,2,1,1,0
30780007785000,4,2,2,0
30780007791000,4,1,3,0
30780007801000,4,2,2,0
30780007802000,1,1,0,0
30780007805000,5,3,2,255
30780007806000,122,62,60,4575
30780007807000,330,155,175,13299
30780007808000,5,3,2,274
30790007783000,14,8,6,687.4
30790007784000,10,4,6,458
30790007801000,9,5,4,446.4
30790007802000,40,21,19,1272
30790007805000,1,1,0,0
30790007807000,76,39,37,2546
30790007808000,150,81,69,4890
30790007815000,2,1,1,0
30790007867000,4,3,1,0
30800007772000,1,1,0,0
30800007776000,5,2,3,205
30800007782000,11,6,5,268.4
30800007783000,14,7,7,487.2
30800007801000,1,0,1,0
30800007802000,95,50,45,3990
30800007804000,4,2,2,0
30800007805000,2,1,1,0
30800007806000,23,13,10,968.3
30800007807000,4,2,2,0
30800007808000,14,8,6,561.4
30800007812000,8,5,3,416
30800007867000,1,1,0,0
30810007776000,3,2,1,0
30810007779000,6,3,3,199.2
30810007780000,2,1,1,0
30810007782000,4,1,3,0
30810007790000,1,1,0,0
30810007801000,1,1,0,0
30810007802000,22,10,12,1038.4
30810007812000,7,4,3,438.9
30820007772000,1,1,0,0
30820007773000,22,12,10,985.6
30820007774000,2,1,1,0
30820007775000,8,3,5,303.2
30820007778000,19,9,10,442.7
30820007779000,12,6,6,366
30820007780000,4,2,2,0
30820007781000,2,1,1,0
30820007782000,7,4,3,256.9
30820007788000,6,4,2,271.2
30820007789000,9,5,4,344.7
30820007802000,24,9,15,818.4
30830007774000,1,0,1,0
30830007777000,51,24,27,2147.1
30830007778000,39,24,15,1907.1
30830007782000,5,3,2,147
30830007783000,11,5,6,399.3
30830007787000,23,14,9,690
30830007790000,5,3,2,189
30830007801000,8,3,5,267.2
30830007802000,5,3,2,153
30840007776000,6,3,3,219
30840007777000,47,16,31,1457
30840007778000,13,10,3,370.5
30840007779000,5,1,4,86
30840007783000,23,10,13,876.3
30840007784000,5,2,3,109
30840007785000,1,0,1,0
30840007786000,6,2,4,199.8
30840007801000,4,2,2,0
30850007779000,9,2,7,456.3
30850007780000,4,2,2,0
30850007782000,1,1,0,0
30850007783000,4,3,1,0
30860007787000,6,4,2,264
30860007802000,8,5,3,231.2
30870007801000,5,3,2,214
30870007802000,16,9,7,438.4
30870007804000,9,3,6,288.9
30880007803000,22,10,12,932.8
30880007804000,9,6,3,377.1
30890007803000,20,15,5,866
30890007804000,15,8,7,631.5
30900007803000,23,11,12,1106.3
30900007804000,4,1,3,0
30900007805000,4,1,3,0
30910007803000,21,8,13,795.9
30910007804000,10,6,4,459
30910007805000,1,1,0,0
30910007811000,2,1,1,0
30910007873000,1,0,1,0
30920007802000,10,5,5,255
30920007803000,5,2,3,254
30920007804000,18,9,9,795.6
30920007805000,2,1,1,0
30920007811000,3,2,1,0
30920007812000,12,8,4,646.8
30930007802000,6,2,4,238.2
30930007804000,8,5,3,467.2
30930007805000,12,5,7,462
30930007806000,26,14,12,1170
30930007807000,1,0,1,0
30930007808000,2,1,1,0
30930007874000,3,2,1,0
30940007807000,8,4,4,284.8
30940007874000,10,5,5,486
30940007887000,1,1,0,0
30940007888000,5,4,1,298
30950007875000,1,1,0,0
30950007876000,24,13,11,1108.8
30960007876000,184,101,83,8795.2
30960007887000,411,213,198,16933.2
30970007886000,334,165,169,14261.8
30970007887000,824,420,404,36585.6
30980007886000,173,89,84,7733.1
30980007887000,135,65,70,5076