SSBID1000M,p,m,f,ta
19250006616000,10,6,4,409
19250006617000,140,77,63,5502
19250006618000,29,15,14,1621.1
19260006617000,21,12,9,814.8
19380006630000,11,6,5,281.6
19380006806000,4,2,2,0
19390006630000,71,32,39,2825.8
19390006631000,11,6,5,488.4
19390006808000,1,1,0,0
19400006598000,8,4,4,436
19400006599000,5,3,2,251
19400006600000,103,60,43,4274.5
19400006601000,166,87,79,6623.4
19400006602000,112,56,56,5275.2
19400006603000,90,48,42,3456
19400006604000,122,61,61,4623.8
19400006605000,38,22,16,1531.4
19400006606000,108,61,47,4438.8
19400006607000,11,5,6,184.8
19400006781000,4,1,3,0
19400006782000,67,36,31,3195.9
19410006597000,49,27,22,2033.5
19410006598000,78,42,36,2831.4
19410006599000,18,12,6,698.4
19410006600000,111,58,53,4417.8
19410006602000,8,4,4,472
19410006603000,44,27,17,1971.2
19410006604000,44,23,21,1962.4
19410006605000,293,149,144,11954.4
19410006606000,350,187,163,13125
19410006607000,124,64,60,4699.6
19410006608000,60,34,26,2346
19410006609000,662,338,324,24957.4
19410006610000,995,475,520,38506.5
19410006611000,8,4,4,239.2
19410006623000,21,9,12,896.7
19410006771000,13,9,4,777.4
19410006779000,13,4,9,629.2
19410006781000,34,17,17,1254.6
19410006782000,240,121,119,10896
19410006783000,1,1,0,0
19420006596000,5,3,2,195
19420006597000,50,24,26,2035
19420006598000,244,133,111,10077.2
19420006599000,14,7,7,789.6
19420006606000,93,49,44,3329.4
19420006607000,94,51,43,4267.6
19420006608000,681,318,363,23290.2
19420006609000,1754,849,905,68055.2
19420006610000,1384,689,695,54529.6
19420006611000,967,481,486,35972.4
19420006612000,171,95,76,6686.1
19420006614000,22,10,12,693
19420006623000,17,8,9,703.8
19420006624000,7,4,3,270.2
19420006757000,1,0,1,0
19420006760000,2,1,1,0
19420006761000,15,7,8,565.5
19420006779000,40,21,19,1816
19420006781000,129,60,69,5185.8
19420006782000,48,18,30,1651.2
19420006807000,7,4,3,475.3
19420006811000,3,2,1,0
19430006596000,83,40,43,3328.3
19430006597000,1329,647,682,56216.7
19430006598000,120,70,50,4044
19430006607000,5,3,2,303
19430006609000,356,183,173,11000.4
19430006610000,538,283,255,14795
19430006611000,356,177,179,14097.6
19430006612000,53,29,24,1696
19430006613000,363,183,180,13140.6
19430006614000,328,173,155,12956
19430006616000,58,31,27,2586.8
19430006617000,137,74,63,3973
19430006618000,28,16,12,1069.6
19430006619000,3,2,1,0
19430006757000,35,18,17,1641.5
19430006758000,10,6,4,565
19430006759000,5,3,2,329
19430006760000,27,12,15,1090.8
19430006761000,60,29,31,3114
19430006762000,4,1,3,0
19430006763000,19,8,11,708.7
19430006764000,106,53,53,4621.6
19430006765000,36,19,17,1623.6
19430006766000,57,35,22,2747.4
19430006767000,49,24,25,2366.7
19430006768000,159,82,77,7075.5
19430006807000,3,1,2,0
19430006808000,2,2,0,0
19430006810000,3,1,2,0
19430006811000,38,20,18,1835.4
19430006812000,4,2,2,0
19430006839000,2,1,1,0
19440006596000,51,24,27,2177.7
19440006597000,1279,641,638,50904.2
19440006598000,150,77,73,6015
19440006599000,4,3,1,0
19440006611000,89,48,41,3898.2
19440006612000,206,112,94,7374.8
19440006613000,1156,587,569,43928
19440006614000,403,205,198,14548.3
19440006616000,112,62,50,4491.2
19440006617000,5,2,3,65
19440006618000,3,1,2,0
19440006620000,4,2,2,0
19440006646000,22,13,9,1144
19440006647000,11,4,7,355.3
19440006756000,13,13,0,483.6
19440006757000,22,12,10,1130.8
19440006759000,142,73,69,4899
19440006760000,111,55,56,4761.9
19440006761000,2,1,1,0
19440006762000,2,1,1,0
19440006763000,36,14,22,1825.2
19440006764000,22,12,10,833.8
19440006765000,8,4,4,410.4
19440006766000,9,3,6,530.1
19440006768000,22,13,9,1267.2
19440006806000,2,1,1,0
19440006807000,7,3,4,329
19440006808000,4,2,2,0
19450006596000,10,7,3,415
19450006597000,65,33,32,2840.5
19450006598000,36,18,18,1263.6
19450006599000,24,10,14,952.8
19450006600000,3,1,2,0
19450006601000,2,1,1,0
19450006610000,52,27,25,1435.2
19450006611000,169,88,81,5002.4
19450006612000,464,233,231,15636.8
19450006613000,185,95,90,6604.5
19450006614000,48,24,24,1627.2
19450006615000,13,9,4,538.2
19450006616000,3,1,2,0
19450006617000,6,3,3,279
19450006619000,10,5,5,540
19450006620000,204,102,102,7792.8
19450006621000,6,3,3,256.8
19450006622000,6,3,3,264
19450006623000,20,10,10,822
19450006624000,10,5,5,431
19450006625000,4,3,1,0
19450006646000,16,10,6,625.6
19450006647000,47,23,24,2411.1
19450006658000,1,1,0,0
19450006676000,1,1,0,0
19450006678000,2,1,1,0
19450006728000,1,1,0,0
19450006752000,53,29,24,2300.2
19450006753000,253,131,122,9032.1
19450006754000,42,21,21,1503.6
19450006756000,198,101,97,6534
19450006757000,162,80,82,5848.2
19450006758000,9,3,6,470.7
19450006759000,7,5,2,254.8
19450006760000,106,58,48,3975
19450006761000,76,42,34,3093.2
19450006762000,1,0,1,0
19450006763000,26,9,17,943.8
19450006766000,8,4,4,526.4
19450006806000,19,8,11,657.4
19450006814000,3,2,1,0
19450006815000,51,30,21,2442.9
19450006816000,10,6,4,525
19450006838000,145,75,70,6191.5
19450006839000,77,38,39,3272.5
19460006597000,4,3,1,0
19460006598000,9,5,4,533.7
19460006599000,10,6,4,592
19460006600000,24,11,13,1056
19460006601000,7,3,4,375.9
19460006611000,217,119,98,8419.6
19460006612000,499,253,246,18063.8
19460006613000,5,2,3,283
19460006618000,27,15,12,1260.9
19460006619000,37,20,17,1409.7
19460006620000,364,196,168,13795.6
19460006621000,7,3,4,231.7
19460006622000,60,31,29,2796
19460006623000,111,57,54,4340.1
19460006624000,103,51,52,4006.7
19460006625000,76,37,39,3564.4
19460006626000,6,2,4,282
19460006646000,20,11,9,684
19460006653000,8,5,3,608
19460006655000,2,1,1,0
19460006662000,29,18,11,1389.1
19460006663000,6,2,4,175.2
19460006666000,56,32,24,2592.8
19460006667000,53,26,27,2151.8
19460006668000,122,61,61,4819
19460006669000,40,22,18,1352
19460006674000,6,1,5,159
19460006675000,2,1,1,0
19460006678000,6,4,2,234
19460006681000,11,6,5,621.5
19460006722000,260,134,126,10894
19460006723000,16,10,6,316.8
19460006729000,47,26,21,1649.7
19460006733000,41,19,22,1697.4
19460006743000,75,39,36,2422.5
19460006744000,23,10,13,828
19460006750000,70,43,27,2625
19460006751000,87,41,46,3871.5
19460006753000,217,119,98,9048.9
19460006754000,32,15,17,1187.2
19460006757000,4,3,1,0
19460006758000,6,3,3,211.2
19460006784000,6,2,4,406.2
19460006808000,1,1,0,0
19460006817000,2,1,1,0
19460006838000,2,2,0,0
19470006599000,1,1,0,0
19470006600000,1,0,1,0
19470006601000,5,3,2,155
19470006602000,8,3,5,412
19470006611000,655,328,327,18733
19470006612000,155,81,74,6773.5
19470006614000,14,5,9,708.4
19470006615000,4,2,2,0
19470006616000,4,2,2,0
19470006617000,11,4,7,408.1
19470006618000,119,62,57,4426.8
19470006619000,104,57,47,4388.8
19470006620000,101,48,53,3343.1
19470006621000,64,37,27,2656
19470006622000,148,71,77,5594.4
19470006623000,16,6,10,561.6
19470006624000,63,33,30,2576.7
19470006625000,516,264,252,18782.4
19470006626000,205,107,98,7318.5
19470006629000,223,109,114,7225.2
19470006646000,44,23,21,1997.6
19470006647000,108,58,50,3726
19470006650000,16,9,7,870.4
19470006651000,7,4,3,497
19470006654000,11,4,7,625.9
19470006655000,4,2,2,0
19470006656000,18,10,8,943.2
19470006662000,12,9,3,333.6
19470006663000,7,6,1,261.8
19470006667000,94,44,50,2848.2
19470006668000,91,46,45,4004
19470006669000,213,118,95,7561.5
19470006670000,98,53,45,3782.8
19470006672000,21,10,11,907.2
19470006677000,6,2,4,243
19470006678000,17,9,8,630.7
19470006679000,8,5,3,360
19470006680000,15,7,8,715.5
19470006681000,33,14,19,1702.8
19470006691000,63,37,26,2942.1
19470006692000,1,0,1,0
19470006712000,1,1,0,0
19470006717000,38,23,15,1934.2
19470006721000,96,45,51,3628.8
19470006722000,284,141,143,10934
19470006723000,22,14,8,866.8
19470006727000,5,2,3,184
19470006728000,56,26,30,2251.2
19470006729000,65,33,32,2749.5
19470006730000,28,15,13,1050
19470006732000,57,26,31,1675.8
19470006733000,123,63,60,4428
19470006743000,38,21,17,1383.2
19470006744000,19,9,10,1073.5
19470006749000,281,140,141,9722.6
19470006750000,347,183,164,11763.3
19470006751000,229,109,120,10808.8
19470006752000,10,6,4,398
19470006753000,29,16,13,1180.3
19470006783000,18,10,8,1029.6
19470006784000,13,5,8,357.5
19470006785000,5,4,1,390
19470006807000,2,1,1,0
19470006808000,11,7,4,564.3
19470006815000,3,1,2,0
19470006819000,1,1,0,0
19470006826000,12,8,4,512.4
19470006839000,3,1,2,0
19470006840000,5,3,2,186
19480006602000,2,1,1,0
19480006603000,11,8,3,465.3
19480006604000,2,1,1,0
19480006605000,5,2,3,181
19480006606000,10,7,3,404
19480006609000,29,18,11,1049.8
19480006610000,294,146,148,12671.4
19480006611000,1597,809,788,61963.6
19480006612000,1297,673,624,52787.9
19480006613000,166,79,87,7270.8
19480006614000,258,131,127,10603.8
19480006615000,250,138,112,7275
19480006616000,462,227,235,18988.2
19480006617000,144,77,67,5961.6
19480006618000,530,277,253,20829
19480006619000,759,393,366,29297.4
19480006620000,456,226,230,20565.6
19480006621000,168,89,79,7358.4
19480006622000,47,24,23,2021
19480006623000,609,306,303,24908.1
19480006624000,761,403,358,27852.6
19480006625000,195,109,86,7566
19480006626000,2314,1366,948,96725.2
19480006627000,1862,944,918,72804.2
19480006628000,1189,583,606,49343.5
19480006629000,452,233,219,15684.4
19480006630000,2,0,2,0
19480006632000,3,1,2,0
19480006633000,39,21,18,1653.6
19480006634000,22,12,10,917.4
19480006646000,22,14,8,809.6
19480006647000,228,112,116,9621.6
19480006648000,139,61,78,6658.1
19480006651000,5,3,2,333
19480006652000,7,4,3,244.3
19480006656000,2,1,1,0
19480006658000,87,45,42,3001.5
19480006659000,40,23,17,1844
19480006665000,34,18,16,1173
19480006666000,86,49,37,2777.8
19480006667000,76,39,37,2401.6
19480006668000,15,5,10,304.5
19480006669000,178,94,84,5535.8
19480006670000,86,45,41,3551.8
19480006672000,13,8,5,712.4
19480006673000,10,7,3,427
19480006676000,9,3,6,394.2
19480006677000,7,3,4,312.2
19480006680000,19,13,6,828.4
19480006691000,13,7,6,569.4
19480006692000,66,34,32,2442
19480006693000,24,13,11,1195.2
19480006694000,29,13,16,1467.4
19480006706000,21,10,11,648.9
19480006711000,26,14,12,1112.8
19480006716000,60,28,32,2802
19480006717000,8,5,3,283.2
19480006721000,20,11,9,674
19480006727000,30,18,12,1014
19480006728000,41,26,15,1713.8
19480006730000,99,50,49,3267
19480006731000,166,85,81,6175.2
19480006732000,147,83,64,5380.2
19480006733000,129,70,59,4153.8
19480006734000,30,16,14,1167
19480006736000,1,0,1,0
19480006738000,28,16,12,1265.6
19480006739000,11,6,5,390.5
19480006740000,139,75,64,5129.1
19480006741000,35,19,16,1365
19480006743000,3,1,2,0
19480006746000,203,103,100,6699
19480006747000,241,120,121,8820.6
19480006748000,340,184,156,12002
19480006749000,257,124,133,8044.1
19480006750000,40,20,20,1156
19480006784000,14,7,7,691.6
19480006812000,6,3,3,231
19480006813000,13,6,7,847.6
19480006814000,2,1,1,0
19480006816000,7,2,5,273
19480006820000,1,1,0,0
19480006838000,1,1,0,0
19480006839000,5,2,3,304
19490006605000,3,2,1,0
19490006606000,82,46,36,2960.2
19490006607000,63,32,31,2866.5
19490006608000,186,88,98,7235.4
19490006609000,296,149,147,12076.8
19490006610000,1028,516,512,37624.8
19490006611000,1099,548,551,46048.1
19490006612000,757,383,374,29220.2
19490006613000,7,5,2,287.7
19490006614000,11,6,5,370.7
19490006616000,27,15,12,1190.7
19490006617000,3,1,2,0
19490006618000,5,5,0,198
19490006619000,146,66,80,4423.8
19490006621000,132,65,67,5227.2
19490006622000,143,74,69,6120.4
19490006623000,249,130,119,10756.8
19490006624000,1157,613,544,46048.6
19490006625000,2142,1107,1035,91249.2
19490006626000,3274,1741,1533,126376.4
19490006627000,2228,1162,1066,87337.6
19490006628000,2008,987,1021,78111.2
19490006629000,1902,947,955,65428.8
19490006630000,103,54,49,3635.9
19490006631000,37,20,17,1391.2
19490006632000,26,11,15,1170
19490006633000,26,16,10,769.6
19490006634000,42,22,20,1537.2
19490006635000,25,12,13,910
19490006636000,1,1,0,0
19490006638000,11,8,3,357.5
19490006646000,16,10,6,670.4
19490006647000,306,152,154,11230.2
19490006648000,98,49,49,4155.2
19490006649000,14,9,5,688.8
19490006659000,40,20,20,1532
19490006661000,4,2,2,0
19490006665000,102,52,50,4029
19490006666000,338,174,164,12979.2
19490006667000,67,32,35,2432.1
19490006668000,261,127,134,9630.9
19490006669000,431,204,227,16119.4
19490006670000,482,263,219,17207.4
19490006671000,61,31,30,2049.6
19490006672000,1,1,0,0
19490006674000,50,24,26,1200
19490006675000,14,6,8,446.6
19490006676000,3,2,1,0
19490006692000,2,1,1,0
19490006697000,11,7,4,446.6
19490006699000,1,0,1,0
19490006700000,15,9,6,609
19490006706000,8,4,4,539.2
19490006707000,9,5,4,450.9
19490006711000,14,7,7,656.6
19490006712000,80,43,37,3488
19490006713000,129,67,62,3689.4
19490006714000,28,14,14,1425.2
19490006715000,112,60,52,3998.4
19490006716000,303,151,152,11180.7
19490006717000,8,3,5,516.8
19490006718000,42,22,20,1843.8
19490006720000,10,5,5,544
19490006724000,4,2,2,0
19490006728000,184,87,97,6605.6
19490006729000,336,172,164,12398.4
19490006730000,32,19,13,1148.8
19490006731000,120,66,54,4356
19490006732000,135,69,66,4279.5
19490006733000,37,18,19,1635.4
19490006734000,120,66,54,4404
19490006735000,107,56,51,4055.3
19490006736000,277,142,135,9916.6
19490006737000,76,40,36,2363.6
19490006738000,655,323,332,19977.5
19490006739000,372,197,175,12276
19490006740000,121,58,63,3884.1
19490006741000,293,139,154,10635.9
19490006742000,185,102,83,6604.5
19490006743000,245,116,129,9016
19490006744000,107,57,50,3969.7
19490006745000,319,163,156,10782.2
19490006746000,127,67,60,3975.1
19490006747000,1,1,0,0
19490006748000,2,1,1,0
19490006772000,56,29,27,2396.8
19490006773000,7,3,4,287.7
19490006780000,4,2,2,0
19490006781000,37,22,15,1794.5
19490006782000,55,26,29,2040.5
19490006793000,48,27,21,2164.8
19490006794000,40,20,20,1692
19490006795000,2,1,1,0
19490006796000,2,1,1,0
19490006797000,2,1,1,0
19490006798000,3,2,1,0
19490006800000,2,0,2,0
19490006801000,3,2,1,0
19490006808000,1,1,0,0
19490006840000,18,10,8,723.6
19490006841000,3,1,2,0
19500006586000,177,89,88,8159.7
19500006587000,9,4,5,269.1
19500006610000,2,1,1,0
19500006617000,10,5,5,413
19500006618000,66,34,32,2626.8
19500006619000,533,259,274,17642.3
19500006620000,886,458,428,31010
19500006621000,504,248,256,22075.2
19500006622000,1099,558,541,45608.5
19500006623000,1411,706,705,63071.7
19500006624000,2498,1188,1310,93425.2
19500006625000,2109,1021,1088,87523.5
19500006626000,1826,890,936,77422.4
19500006627000,1257,592,665,52794
19500006628000,1169,610,559,44305.1
19500006629000,1402,698,704,53276
19500006630000,6,4,2,223.2
19500006631000,28,17,11,1128.4
19500006632000,53,28,25,2125.3
19500006633000,48,24,24,1555.2
19500006634000,5,3,2,85
19500006635000,32,15,17,1161.6
19500006638000,45,31,14,1656
19500006641000,25,13,12,1117.5
19500006647000,4,2,2,0
19500006648000,4,2,2,0
19500006650000,2,1,1,0
19500006651000,25,16,9,1045
19500006662000,21,10,11,749.7
19500006663000,12,8,4,447.6
19500006664000,23,11,12,448.5
19500006665000,17,10,7,836.4
19500006666000,117,60,57,3767.4
19500006667000,23,13,10,848.7
19500006668000,46,28,18,1265
19500006669000,797,374,423,33872.5
19500006670000,268,143,125,9326.4
19500006671000,5,3,2,319
19500006677000,147,85,62,5292
19500006678000,21,10,11,1341.9
19500006692000,84,38,46,3276
19500006699000,11,5,6,706.2
19500006700000,27,16,11,993.6
19500006706000,58,28,30,1867.6
19500006707000,97,52,45,4180.7
19500006708000,4,2,2,0
19500006711000,29,21,8,1090.4
19500006712000,3,1,2,0
19500006714000,21,9,12,1033.2
19500006715000,111,57,54,4539.9
19500006717000,29,17,12,1212.2
19500006718000,159,87,72,5406
19500006719000,70,39,31,2121
19500006720000,237,120,117,6351.6
19500006723000,7,4,3,205.1
19500006724000,109,56,53,4752.4
19500006725000,70,34,36,2919
19500006726000,153,88,65,6303.6
19500006727000,59,29,30,2849.7
19500006728000,34,20,14,1635.4
19500006729000,482,246,236,15472.2
19500006736000,13,5,8,413.4
19500006737000,260,140,120,7644
19500006738000,583,261,322,23028.5
19500006740000,484,237,247,15826.8
19500006741000,17,6,11,674.9
19500006756000,75,37,38,2790
19500006757000,21,12,9,1127.7
19500006770000,5,4,1,176
19500006771000,10,5,5,291
19500006772000,19,8,11,849.3
19500006773000,2,1,1,0
19500006776000,2,1,1,0
19500006778000,66,35,31,2791.8
19500006779000,5,3,2,285
19500006780000,1,1,0,0
19500006781000,10,8,2,349
19500006782000,17,10,7,421.6
19500006783000,10,5,5,371
19500006793000,67,34,33,2371.8
19500006794000,155,71,84,7099
19500006795000,13,8,5,782.6
19500006797000,3,3,0,0
19500006803000,4,2,2,0
19500006840000,34,19,15,1513
19500006841000,13,8,5,894.4
19510006552000,3,3,0,0
19510006585000,2,1,1,0
19510006586000,225,116,109,9315
19510006587000,29,15,14,1119.4
19510006598000,5,2,3,112
19510006599000,12,6,6,505.2
19510006600000,1,1,0,0
19510006612000,7,5,2,275.1
19510006613000,13,8,5,587.6
19510006615000,10,5,5,654
19510006616000,16,8,8,508.8
19510006617000,20,8,12,912
19510006618000,16,8,8,657.6
19510006619000,989,486,503,32538.1
19510006620000,411,207,204,13480.8
19510006621000,64,31,33,2950.4
19510006622000,732,352,380,28474.8
19510006623000,1120,548,572,44128
19510006624000,1448,742,706,54879.2
19510006625000,434,226,208,14148.4
19510006626000,956,494,462,28010.8
19510006628000,24,12,12,952.8
19510006630000,18,11,7,833.4
19510006631000,14,7,7,435.4
19510006632000,30,16,14,894
19510006633000,127,58,69,4419.6
19510006634000,76,39,37,2713.2
19510006635000,106,56,50,3943.2
19510006636000,16,8,8,940.8
19510006637000,12,7,5,423.6
19510006638000,32,17,15,1404.8
19510006639000,7,4,3,371
19510006640000,10,5,5,520
19510006641000,26,16,10,915.2
19510006642000,3,2,1,0
19510006651000,3,2,1,0
19510006660000,75,33,42,3135
19510006661000,21,11,10,974.4
19510006662000,64,31,33,2432
19510006663000,4,2,2,0
19510006664000,11,7,4,503.8
19510006665000,39,19,20,1240.2
19510006666000,10,6,4,402
19510006669000,224,122,102,6854.4
19510006670000,37,23,14,1309.8
19510006671000,1,1,0,0
19510006680000,2,1,1,0
19510006692000,78,43,35,3049.8
19510006693000,76,41,35,2865.2
19510006695000,2,1,1,0
19510006707000,10,6,4,269
19510006712000,2,1,1,0
19510006713000,5,3,2,162
19510006715000,253,137,116,9841.7
19510006716000,169,86,83,6286.8
19510006717000,56,28,28,2637.6
19510006718000,68,35,33,2461.6
19510006719000,33,15,18,1788.6
19510006720000,86,48,38,4059.2
19510006721000,419,208,211,14539.3
19510006722000,168,83,85,4452
19510006723000,77,31,46,2833.6
19510006724000,1,1,0,0
19510006725000,41,25,16,1422.7
19510006726000,22,12,10,825
19510006727000,134,68,66,4462.2
19510006728000,24,10,14,830.4
19510006729000,134,71,63,5628
19510006734000,86,47,39,3250.8
19510006737000,212,103,109,7123.2
19510006738000,469,230,239,15477
19510006740000,68,33,35,2176
19510006741000,1,0,1,0
19510006752000,23,10,13,975.2
19510006753000,13,9,4,455
19510006754000,68,32,36,3413.6
19510006755000,215,114,101,8944
19510006756000,19,10,9,1223.6
19510006760000,16,8,8,835.2
19510006768000,2,1,1,0
19510006769000,12,6,6,459.6
19510006770000,96,51,45,4041.6
19510006771000,279,131,148,9960.3
19510006772000,43,26,17,1767.3
19510006773000,61,30,31,2757.2
19510006774000,59,37,22,2531.1
19510006775000,8,4,4,516
19510006777000,29,19,10,1429.7
19510006778000,138,74,64,6085.8
19510006779000,193,97,96,6774.3
19510006781000,1,1,0,0
19510006790000,3,2,1,0
19510006798000,4,1,3,0
19510006813000,11,7,4,555.5
19510006818000,1,1,0,0
19510006821000,6,3,3,334.8
19510006838000,2,1,1,0
19510006839000,8,4,4,406.4
19510006840000,88,46,42,3150.4
19510006841000,12,7,5,692.4
19520006546000,53,28,25,2226
19520006547000,33,15,18,1372.8
19520006548000,37,21,16,1665
19520006549000,6,4,2,162
19520006550000,4,1,3,0
19520006551000,3,3,0,0
19520006552000,10,7,3,570
19520006553000,24,12,12,784.8
19520006586000,64,36,28,2156.8
19520006587000,17,9,8,809.2
19520006598000,6,2,4,261
19520006599000,5,2,3,221
19520006600000,14,8,6,343
19520006602000,2,1,1,0
19520006603000,3,2,1,0
19520006610000,1,1,0,0
19520006611000,25,11,14,1175
19520006612000,31,15,16,1054
19520006613000,12,8,4,554.4
19520006614000,23,19,4,880.9
19520006615000,47,25,22,2382.9
19520006616000,149,76,73,6109
19520006617000,53,32,21,1945.1
19520006619000,16,7,9,812.8
19520006621000,2,1,1,0
19520006622000,287,145,142,8265.6
19520006623000,337,162,175,11323.2
19520006624000,308,150,158,10318
19520006625000,1011,510,501,27195.9
19520006626000,204,103,101,5365.2
19520006632000,1,1,0,0
19520006633000,47,25,22,1753.1
19520006634000,321,162,159,8089.2
19520006635000,52,33,19,1908.4
19520006642000,37,18,19,1620.6
19520006643000,18,9,9,909
19520006644000,4,1,3,0
19520006658000,1,1,0,0
19520006660000,14,6,8,695.8
19520006661000,9,2,7,476.1
19520006662000,213,100,113,6496.5
19520006663000,191,103,88,8308.5
19520006665000,41,20,21,1279.2
19520006666000,13,7,6,434.2
19520006669000,44,21,23,1535.6
19520006670000,2,1,1,0
19520006674000,4,2,2,0
19520006675000,18,9,9,689.4
19520006692000,36,16,20,1641.6
19520006693000,84,40,44,3528
19520006712000,134,71,63,4274.6
19520006713000,383,200,183,11758.1
19520006714000,143,79,64,4032.6
19520006715000,6,3,3,270
19520006721000,3,2,1,0
19520006722000,248,122,126,10515.2
19520006723000,124,65,59,4426.8
19520006724000,49,26,23,2214.8
19520006725000,6,3,3,397.8
19520006727000,2,1,1,0
19520006729000,210,104,106,7140
19520006731000,23,11,12,959.1
19520006732000,76,40,36,2401.6
19520006734000,52,26,26,1846
19520006735000,117,67,50,3966.3
19520006736000,488,249,239,15957.6
19520006737000,27,14,13,666.9
19520006751000,23,13,10,857.9
19520006752000,223,109,114,7626.6
19520006759000,16,8,8,656
19520006760000,14,7,7,827.4
19520006764000,33,16,17,1425.6
19520006765000,29,13,16,1049.8
19520006768000,111,59,52,3862.8
19520006769000,28,17,11,1313.2
19520006770000,45,24,21,1539
19520006771000,50,30,20,1550
19520006772000,25,14,11,1342.5
19520006777000,21,10,11,680.4
19520006778000,64,36,28,2822.4
19520006779000,59,35,24,2029.6
19520006780000,377,192,185,14740.7
19520006781000,50,26,24,2010
19520006782000,26,13,13,1203.8
19520006783000,71,36,35,3116.9
19520006784000,10,5,5,480
19520006789000,5,2,3,316
19520006812000,28,15,13,809.2
19520006813000,18,10,8,802.8
19530006539000,2,1,1,0
19530006540000,23,12,11,772.8
19530006541000,30,15,15,1104
19530006542000,27,14,13,1212.3
19530006543000,237,171,66,8200.2
19530006544000,26,15,11,1079
19530006545000,36,20,16,1749.6
19530006546000,16,10,6,561.6
19530006547000,37,18,19,1639.1
19530006548000,47,23,24,1616.8
19530006549000,15,8,7,453
19530006553000,31,17,14,1246.2
19530006600000,3,2,1,0
19530006601000,15,9,6,637.5
19530006602000,5,3,2,175
19530006603000,10,6,4,455
19530006613000,2,1,1,0
19530006614000,15,8,7,718.5
19530006615000,25,14,11,752.5
19530006616000,17,9,8,892.5
19530006617000,36,20,16,1605.6
19530006618000,26,13,13,1157
19530006619000,47,25,22,1974
19530006620000,80,42,38,3256
19530006621000,78,43,35,3081
19530006622000,62,30,32,2238.2
19530006623000,27,16,11,928.8
19530006624000,83,40,43,2755.6
19530006625000,30,16,14,1296
19530006626000,8,3,5,244.8
19530006631000,4,2,2,0
19530006632000,11,6,5,586.3
19530006634000,24,11,13,765.6
19530006635000,23,12,11,1005.1
19530006636000,59,30,29,2354.1
19530006637000,22,12,10,459.8
19530006642000,14,7,7,603.4
19530006644000,2,1,1,0
19530006645000,33,17,16,1194.6
19530006657000,2,1,1,0
19530006658000,6,5,1,369
19530006663000,3,1,2,0
19530006664000,6,3,3,211.8
19530006665000,35,19,16,1228.5
19530006666000,23,14,9,943
19530006669000,146,85,61,4964
19530006670000,8,5,3,334.4
19530006671000,3,2,1,0
19530006672000,2,1,1,0
19530006673000,2,1,1,0
19530006674000,14,9,5,459.2
19530006675000,25,14,11,1615
19530006683000,1,1,0,0
19530006689000,2,1,1,0
19530006690000,8,3,5,559.2
19530006693000,42,23,19,1726.2
19530006703000,10,6,4,368
19530006704000,63,30,33,2690.1
19530006705000,114,63,51,5244
19530006706000,11,7,4,305.8
19530006707000,1,1,0,0
19530006712000,15,8,7,351
19530006713000,210,109,101,5817
19530006719000,15,9,6,682.5
19530006720000,40,18,22,1628
19530006721000,143,78,65,4862
19530006722000,28,18,10,1122.8
19530006723000,187,94,93,6806.8
19530006724000,103,46,57,4284.8
19530006725000,33,17,16,1386
19530006726000,2,1,1,0
19530006727000,13,7,6,611
19530006728000,41,19,22,1734.3
19530006729000,338,181,157,12506
19530006730000,91,42,49,2611.7
19530006732000,259,133,126,8935.5
19530006733000,243,125,118,8650.8
19530006734000,378,184,194,12096
19530006735000,388,203,185,13851.6
19530006736000,192,95,97,5932.8
19530006741000,139,78,61,5615.6
19530006750000,97,55,42,3724.8
19530006751000,5,3,2,263
19530006752000,106,51,55,3826.6
19530006753000,14,8,6,691.6
19530006754000,2,1,1,0
19530006759000,61,32,29,2440
19530006760000,36,18,18,1400.4
19530006764000,2,1,1,0
19530006766000,89,45,44,3462.1
19530006767000,44,21,23,1900.8
19530006768000,10,5,5,457
19530006770000,19,11,8,661.2
19530006777000,9,5,4,295.2
19530006778000,45,22,23,1876.5
19530006779000,52,25,27,2449.2
19530006780000,133,57,76,7541.1
19530006781000,133,69,64,5812.1
19530006782000,36,19,17,1432.8
19530006783000,28,14,14,1134
19530006795000,4,2,2,0
19530006796000,8,3,5,372.8
19530006813000,210,108,102,8484
19530006814000,52,23,29,2158
19530006815000,8,5,3,292.8
19530006817000,10,3,7,253
19530006821000,3,2,1,0
19530006822000,5,3,2,266
19530006826000,4,3,1,0
19530006827000,2,1,1,0
19530006840000,5,3,2,348
19540006538000,11,5,6,392.7
19540006539000,24,12,12,924
19540006540000,28,15,13,1075.2
19540006541000,52,31,21,2293.2
19540006542000,45,22,23,1516.5
19540006543000,33,19,14,1069.2
19540006544000,14,8,6,533.4
19540006545000,54,30,24,2127.6
19540006546000,77,45,32,3287.9
19540006547000,145,76,69,5133
19540006548000,66,39,27,2831.4
19540006549000,26,13,13,899.6
19540006550000,2,1,1,0
19540006553000,13,7,6,608.4
19540006554000,4,3,1,0
19540006569000,2,1,1,0
19540006598000,5,2,3,193
19540006601000,12,6,6,710.4
19540006602000,3,2,1,0
19540006612000,2,1,1,0
19540006613000,13,7,6,461.5
19540006614000,11,6,5,414.7
19540006615000,6,2,4,183
19540006619000,10,6,4,375
19540006620000,183,93,90,5654.7
19540006621000,3,2,1,0
19540006622000,112,55,57,4278.4
19540006623000,628,310,318,19844.8
19540006624000,546,273,273,17526.6
19540006625000,323,169,154,12661.6
19540006626000,80,37,43,2872
19540006635000,8,4,4,122.4
19540006636000,7,4,3,322
19540006637000,1,0,1,0
19540006638000,31,16,15,1193.5
19540006639000,231,120,111,7553.7
19540006640000,130,67,63,4771
19540006642000,20,13,7,708
19540006646000,58,29,29,2093.8
19540006661000,8,4,4,366.4
19540006663000,36,18,18,1400.4
19540006665000,16,10,6,659.2
19540006668000,88,51,37,3432
19540006669000,92,41,51,3026.8
19540006670000,41,18,23,1258.7
19540006671000,422,217,205,14770
19540006672000,5,3,2,308
19540006673000,13,6,7,512.2
19540006674000,38,20,18,1729
19540006689000,34,17,17,1451.8
19540006690000,25,14,11,790
19540006691000,8,4,4,412
19540006692000,197,104,93,7407.2
19540006693000,252,128,124,9097.2
19540006697000,7,2,5,385.7
19540006699000,16,9,7,756.8
19540006703000,145,82,63,4335.5
19540006704000,79,39,40,2907.2
19540006705000,83,44,39,2066.7
19540006707000,14,10,4,338.8
19540006712000,176,83,93,5139.2
19540006713000,169,85,84,6810.7
19540006714000,8,5,3,384.8
19540006715000,16,9,7,665.6
19540006716000,32,16,16,1638.4
19540006717000,7,2,5,170.8
19540006720000,29,18,11,988.9
19540006721000,173,84,89,6764.3
19540006722000,32,17,15,1040
19540006723000,283,150,133,9112.6
19540006724000,19,10,9,716.3
19540006730000,7,3,4,182.7
19540006731000,398,198,200,13611.6
19540006732000,449,219,230,15535.4
19540006736000,6,5,1,352.8
19540006741000,90,52,38,4059
19540006748000,25,15,10,1115
19540006749000,103,47,56,3646.2
19540006750000,52,26,26,2152.8
19540006751000,176,92,84,5473.6
19540006752000,47,23,24,2021
19540006754000,20,11,9,802
19540006755000,126,68,58,4611.6
19540006759000,5,2,3,159
19540006764000,5,2,3,123
19540006766000,54,33,21,2408.4
19540006767000,7,4,3,478.8
19540006768000,48,26,22,1848
19540006769000,7,4,3,324.8
19540006771000,13,7,6,668.2
19540006772000,88,47,41,4382.4
19540006773000,28,17,11,851.2
19540006774000,7,4,3,506.8
19540006776000,44,21,23,1654.4
19540006777000,2,1,1,0
19540006778000,107,55,52,4033.9
19540006780000,7,4,3,298.2
19540006781000,18,10,8,1006.2
19540006782000,11,5,6,657.8
19540006795000,37,20,17,1513.3
19540006796000,4,2,2,0
19540006813000,17,9,8,785.4
19540006814000,1,0,1,0
19540006820000,2,1,1,0
19540006821000,1,0,1,0
19540006828000,3,1,2,0
19550006534000,1,0,1,0
19550006535000,20,9,11,540
19550006536000,11,6,5,525.8
19550006537000,11,6,5,409.2
19550006538000,33,18,15,1323.3
19550006539000,28,16,12,1125.6
19550006540000,65,40,25,1859
19550006541000,49,26,23,1886.5
19550006542000,164,88,76,5871.2
19550006543000,138,73,65,5064.6
19550006544000,49,28,21,1842.4
19550006545000,44,24,20,1496
19550006546000,108,57,51,3564
19550006547000,456,243,213,14637.6
19550006548000,41,24,17,1693.3
19550006549000,15,9,6,373.5
19550006550000,67,33,34,2713.5
19550006551000,17,10,7,601.8
19550006552000,30,17,13,1104
19550006554000,48,26,22,1483.2
19550006556000,34,20,14,1074.4
19550006557000,45,22,23,1773
19550006558000,11,4,7,495
19550006559000,20,12,8,738
19550006569000,4,2,2,0
19550006598000,5,2,3,374
19550006599000,4,3,1,0
19550006600000,5,3,2,263
19550006601000,7,2,5,223.3
19550006602000,11,5,6,466.4
19550006603000,32,12,20,1120
19550006604000,194,88,106,8710.6
19550006605000,60,30,30,2436
19550006611000,14,8,6,380.8
19550006612000,44,20,24,2191.2
19550006613000,1,1,0,0
19550006619000,17,9,8,826.2
19550006620000,34,19,15,1618.4
19550006621000,50,25,25,1780
19550006622000,20,7,13,802
19550006623000,20,10,10,670
19550006624000,4,2,2,0
19550006625000,254,128,126,7975.6
19550006626000,909,461,448,34814.7
19550006627000,272,130,142,9955.2
19550006628000,47,30,17,1635.6
19550006629000,23,8,15,554.3
19550006630000,1,1,0,0
19550006631000,3,2,1,0
19550006635000,14,7,7,537.6
19550006636000,17,7,10,491.3
19550006637000,18,10,8,833.4
19550006638000,6,3,3,133.8
19550006639000,150,80,70,4665
19550006640000,358,175,183,16539.6
19550006641000,43,23,20,1586.7
19550006642000,25,11,14,882.5
19550006643000,16,10,6,464
19550006644000,9,3,6,423.9
19550006645000,12,5,7,618
19550006646000,32,17,15,1209.6
19550006647000,12,6,6,249.6
19550006648000,8,6,2,328
19550006649000,12,7,5,531.6
19550006661000,24,12,12,988.8
19550006668000,67,38,29,2586.2
19550006669000,7,4,3,205.8
19550006670000,576,296,280,22752
19550006671000,201,110,91,7738.5
19550006690000,8,1,7,308
19550006691000,3,2,1,0
19550006692000,116,60,56,4790.8
19550006693000,53,31,22,1722.5
19550006694000,10,6,4,332
19550006695000,46,22,24,1173
19550006696000,193,103,90,7391.9
19550006697000,48,30,18,1344
19550006699000,18,9,9,703.8
19550006700000,15,8,7,633
19550006703000,131,68,63,4257.5
19550006704000,11,5,6,344.3
19550006713000,30,18,12,1155
19550006714000,116,65,51,4477.6
19550006715000,159,82,77,5898.9
19550006716000,320,173,147,12544
19550006717000,335,168,167,13869
19550006718000,26,17,9,949
19550006724000,14,7,7,446.6
19550006725000,140,76,64,5376
19550006726000,171,90,81,5574.6
19550006729000,117,65,52,4680
19550006730000,208,107,101,8486.4
19550006731000,429,221,208,16130.4
19550006732000,15,10,5,757.5
19550006733000,38,23,15,1231.2
19550006734000,377,187,190,12855.7
19550006741000,119,61,58,4593.4
19550006742000,197,98,99,6540.4
19550006744000,126,66,60,5153.4
19550006748000,98,51,47,4390.4
19550006750000,26,16,10,1263.6
19550006751000,64,33,31,2880
19550006752000,7,4,3,231
19550006753000,25,12,13,772.5
19550006754000,165,76,89,5610
19550006755000,115,63,52,5083
19550006756000,71,37,34,2634.1
19550006759000,10,6,4,395
19550006760000,7,4,3,298.2
19550006763000,174,89,85,5202.6
19550006764000,18,9,9,543.6
19550006765000,50,21,29,2000
19550006766000,20,10,10,718
19550006767000,54,27,27,2214
19550006768000,21,10,11,890.4
19550006769000,4,2,2,0
19550006771000,62,31,31,2548.2
19550006776000,18,10,8,653.4
19550006777000,6,2,4,247.2
19550006779000,30,18,12,951
19550006780000,19,12,7,689.7
19550006781000,34,17,17,1091.4
19550006782000,93,46,47,3747.9
19550006783000,7,4,3,289.8
19550006794000,1,1,0,0
19550006814000,8,3,5,360.8
19550006827000,4,3,1,0
19550006828000,9,4,5,442.8
19560006532000,4,3,1,0
19560006533000,7,3,4,382.2
19560006534000,49,24,25,1533.7
19560006535000,57,29,28,2103.3
19560006536000,24,13,11,957.6
19560006537000,10,7,3,358
19560006538000,12,6,6,360
19560006539000,8,3,5,228
19560006540000,108,58,50,3574.8
19560006541000,25,13,12,880
19560006542000,47,23,24,1555.7
19560006543000,8,6,2,479.2
19560006544000,78,48,30,3463.2
19560006545000,80,42,38,2872
19560006546000,44,27,17,1293.6
19560006547000,55,32,23,2145
19560006548000,67,36,31,2793.9
19560006549000,32,17,15,1155.2
19560006550000,29,15,14,1107.8
19560006551000,44,21,23,1808.4
19560006552000,44,23,21,1619.2
19560006553000,36,22,14,1299.6
19560006554000,69,34,35,2829
19560006555000,33,18,15,1145.1
19560006556000,32,18,14,1465.6
19560006557000,46,22,24,1840
19560006558000,114,59,55,3944.4
19560006559000,11,6,5,554.4
19560006560000,19,11,8,710.6
19560006561000,35,21,14,1473.5
19560006562000,39,18,21,1583.4
19560006563000,9,5,4,357.3
19560006602000,74,47,27,2405
19560006603000,165,82,83,6963
19560006604000,21,11,10,865.2
19560006605000,32,17,15,1206.4
19560006606000,4,3,1,0
19560006611000,23,13,10,696.9
19560006612000,42,23,19,1940.4
19560006616000,19,11,8,813.2
19560006621000,42,21,21,1524.6
19560006622000,41,28,13,1582.6
19560006623000,13,6,7,448.5
19560006624000,10,6,4,388
19560006625000,755,386,369,24160
19560006626000,917,460,457,29710.8
19560006627000,77,45,32,2802.8
19560006628000,16,7,9,638.4
19560006629000,69,38,31,2746.2
19560006630000,5,3,2,142
19560006633000,1,1,0,0
19560006634000,4,2,2,0
19560006635000,9,4,5,353.7
19560006639000,20,12,8,714
19560006640000,488,239,249,15713.6
19560006641000,151,78,73,3850.5
19560006643000,3,1,2,0
19560006644000,2,1,1,0
19560006645000,9,5,4,297
19560006648000,3,1,2,0
19560006649000,42,22,20,1801.8
19560006662000,52,25,27,2428.4
19560006668000,82,43,39,2788
19560006669000,8,5,3,315.2
19560006675000,3,2,1,0
19560006682000,2,0,2,0
19560006692000,11,7,4,498.3
19560006693000,41,19,22,1640
19560006695000,29,14,15,1226.7
19560006696000,10,6,4,456
19560006697000,18,10,8,1024.2
19560006699000,8,4,4,312.8
19560006700000,65,36,29,2093
19560006701000,4,1,3,0
19560006704000,1,0,1,0
19560006705000,18,8,10,628.2
19560006716000,71,33,38,2754.8
19560006717000,1,1,0,0
19560006718000,4,3,1,0
19560006726000,123,60,63,4182
19560006727000,117,56,61,4457.7
19560006728000,159,85,74,5660.4
19560006729000,57,31,26,2166
19560006730000,24,15,9,676.8
19560006731000,661,337,324,25845.1
19560006732000,970,464,506,44135
19560006733000,1209,608,601,44853.9
19560006734000,663,350,313,23072.4
19560006735000,178,98,80,5767.2
19560006736000,129,69,60,4411.8
19560006741000,1,1,0,0
19560006742000,275,139,136,10725
19560006743000,248,127,121,7762.4
19560006744000,285,143,142,9804
19560006747000,56,27,29,1892.8
19560006748000,377,182,195,14589.9
19560006749000,268,131,137,8870.8
19560006750000,3,2,1,0
19560006752000,84,38,46,2192.4
19560006753000,12,6,6,580.8
19560006754000,75,40,35,3060
19560006755000,148,75,73,5135.6
19560006756000,22,10,12,836
19560006759000,23,13,10,897
19560006760000,5,3,2,168
19560006762000,5,2,3,346
19560006763000,338,160,178,16562
19560006764000,324,163,161,10594.8
19560006765000,6,3,3,96
19560006766000,69,36,33,2587.5
19560006767000,79,37,42,2686
19560006768000,3,2,1,0
19560006769000,7,7,0,273
19560006770000,34,21,13,1638.8
19560006771000,19,8,11,632.7
19560006776000,25,14,11,855
19560006777000,13,8,5,591.5
19560006778000,28,12,16,1344
19560006779000,1,0,1,0
19560006780000,4,3,1,0
19560006781000,34,17,17,1196.8
19560006782000,277,137,140,10913.8
19560006783000,57,32,25,2513.7
19560006793000,10,2,8,253
19560006812000,1,0,1,0
19560006815000,4,2,2,0
19560006817000,2,1,1,0
19560006821000,8,6,2,396.8
19560006824000,1,0,1,0
19560006828000,10,4,6,406
19570006528000,40,24,16,1368
19570006529000,3,3,0,0
19570006530000,5,2,3,241
19570006531000,48,24,24,1804.8
19570006532000,23,10,13,690
19570006533000,41,20,21,1422.7
19570006534000,94,57,37,3186.6
19570006535000,1506,764,742,50601.6
19570006536000,84,41,43,3007.2
19570006537000,27,11,16,982.8
19570006539000,23,12,11,1009.7
19570006540000,666,339,327,29104.2
19570006541000,272,137,135,9356.8
19570006542000,28,12,16,1080.8
19570006543000,24,15,9,734.4
19570006544000,36,17,19,1447.2
19570006545000,29,14,15,1151.3
19570006546000,55,30,25,2002
19570006547000,40,24,16,1620
19570006548000,32,18,14,1459.2
19570006549000,87,48,39,3314.7
19570006550000,39,19,20,1571.7
19570006551000,27,15,12,942.3
19570006552000,54,25,29,2111.4
19570006553000,24,14,10,976.8
19570006554000,451,235,216,16236
19570006555000,33,20,13,1092.3
19570006556000,41,21,20,2111.5
19570006557000,35,16,19,1242.5
19570006558000,115,57,58,4703.5
19570006559000,79,43,36,2804.5
19570006560000,71,37,34,2705.1
19570006561000,830,427,403,23821
19570006562000,225,108,117,6165
19570006563000,124,60,64,4811.2
19570006564000,6,4,2,355.8
19570006602000,4,2,2,0
19570006603000,84,47,37,2654.4
19570006605000,4,1,3,0
19570006606000,8,4,4,388.8
19570006607000,10,5,5,315
19570006611000,17,11,6,821.1
19570006612000,34,16,18,1091.4
19570006613000,14,6,8,533.4
19570006614000,114,59,55,3727.8
19570006615000,2,1,1,0
19570006616000,12,6,6,586.8
19570006617000,18,7,11,759.6
19570006623000,7,4,3,490
19570006625000,543,273,270,16615.8
19570006626000,72,42,30,2908.8
19570006627000,16,9,7,657.6
19570006634000,17,9,8,705.5
19570006638000,1,1,0,0
19570006640000,29,16,13,1084.6
19570006641000,12,9,3,606
19570006644000,10,5,5,304
19570006645000,19,12,7,758.1
19570006646000,2,1,1,0
19570006647000,4,2,2,0
19570006648000,13,8,5,388.7
19570006649000,31,15,16,973.4
19570006650000,3,2,1,0
19570006656000,112,51,61,4088
19570006657000,66,37,29,2428.8
19570006658000,21,12,9,688.8
19570006659000,169,85,84,5239
19570006660000,62,29,33,1711.2
19570006661000,164,83,81,5756.4
19570006662000,27,14,13,1625.4
19570006663000,34,20,14,1149.2
19570006664000,20,11,9,768
19570006665000,44,26,18,2138.4
19570006666000,7,3,4,352.8
19570006667000,79,49,30,2978.3
19570006668000,252,129,123,10483.2
19570006675000,26,18,8,1060.8
19570006676000,23,13,10,765.9
19570006679000,3,2,1,0
19570006680000,2,1,1,0
19570006682000,5,2,3,217
19570006691000,24,14,10,1111.2
19570006692000,145,71,74,5307
19570006693000,4,2,2,0
19570006700000,10,6,4,591
19570006701000,114,57,57,3568.2
19570006702000,496,252,244,17112
19570006703000,245,130,115,8697.5
19570006704000,17,8,9,748
19570006717000,8,5,3,412.8
19570006718000,16,9,7,1043.2
19570006724000,4,2,2,0
19570006725000,166,85,81,5428.2
19570006726000,3,1,2,0
19570006727000,57,25,32,2069.1
19570006728000,2,1,1,0
19570006729000,53,28,25,2300.2
19570006730000,257,140,117,8789.4
19570006731000,865,454,411,30794
19570006732000,967,480,487,33458.2
19570006733000,9,4,5,329.4
19570006735000,80,41,39,2728
19570006736000,18,12,6,523.8
19570006741000,5,3,2,289
19570006742000,182,92,90,5933.2
19570006743000,255,125,130,7038
19570006744000,214,117,97,6976.4
19570006745000,8,5,3,299.2
19570006747000,9,6,3,381.6
19570006748000,48,22,26,2126.4
19570006749000,208,111,97,5948.8
19570006750000,37,14,23,1457.8
19570006752000,44,22,22,1751.2
19570006753000,44,19,25,1522.4
19570006754000,7,2,5,294.7
19570006755000,24,11,13,943.2
19570006756000,6,3,3,388.2
19570006758000,1,0,1,0
19570006759000,37,20,17,1605.8
19570006760000,2,1,1,0
19570006762000,26,16,10,845
19570006763000,199,96,103,8974.9
19570006764000,142,79,63,5736.8
19570006766000,7,4,3,324.8
19570006768000,25,12,13,1115
19570006769000,102,51,51,4253.4
19570006770000,23,12,11,798.1
19570006771000,57,36,21,2627.7
19570006772000,6,4,2,234
19570006778000,8,4,4,288.8
19570006779000,18,10,8,822.6
19570006780000,78,43,35,2901.6
19570006781000,68,33,35,2325.6
19570006782000,46,22,24,1711.2
19570006783000,38,17,21,1637.8
19570006787000,3,2,1,0
19570006791000,17,8,9,732.7
19570006792000,40,22,18,1860
19570006793000,3,2,1,0
19570006794000,5,3,2,139
19570006798000,3,2,1,0
19570006802000,2,1,1,0
19570006811000,3,2,1,0
19570006815000,26,11,15,1162.2
19570006816000,12,5,7,560.4
19570006817000,1,1,0,0
19570006818000,7,5,2,417.2
19570006820000,1,1,0,0
19570006823000,2,1,1,0
19570006824000,2,1,1,0
19580006526000,4,2,2,0
19580006527000,14,8,6,656.6
19580006528000,18,10,8,601.2
19580006529000,48,26,22,1963.2
19580006530000,47,24,23,1720.2
19580006531000,34,15,19,1224
19580006532000,20,11,9,950
19580006533000,62,31,31,2473.8
19580006534000,354,188,166,13912.2
19580006535000,1279,649,630,46299.8
19580006536000,38,24,14,1482
19580006537000,25,13,12,1060
19580006538000,26,17,9,920.4
19580006539000,1776,893,883,51326.4
19580006540000,2819,1407,1412,107122
19580006541000,543,288,255,19059.3
19580006542000,36,17,19,1476
19580006543000,47,27,20,1974
19580006544000,23,13,10,756.7
19580006545000,41,20,21,1369.4
19580006546000,27,13,14,888.3
19580006547000,132,68,64,5319.6
19580006548000,476,239,237,16184
19580006549000,367,190,177,12441.3
19580006550000,37,24,13,1776
19580006551000,83,39,44,3104.2
19580006552000,665,323,342,23940
19580006553000,1027,525,502,30296.5
19580006554000,1792,899,893,63616
19580006555000,59,31,28,2088.6
19580006556000,162,94,68,5475.6
19580006557000,29,15,14,1276
19580006558000,8,3,5,494.4
19580006559000,117,57,60,3872.7
19580006560000,956,474,482,30687.6
19580006561000,119,66,53,3855.6
19580006562000,81,41,40,3539.7
19580006563000,67,34,33,2452.2
19580006564000,5,2,3,310
19580006566000,11,6,5,377.3
19580006567000,45,17,28,1890
19580006568000,32,17,15,1001.6
19580006570000,100,48,52,4960
19580006571000,1200,618,582,47880
19580006572000,588,278,310,18404.4
19580006602000,8,6,2,330.4
19580006603000,25,14,11,1165
19580006607000,3,1,2,0
19580006609000,10,5,5,435
19580006610000,164,82,82,6051.6
19580006611000,51,28,23,2249.1
19580006612000,21,12,9,638.4
19580006613000,283,150,133,8773
19580006614000,7,3,4,193.2
19580006617000,9,4,5,468.9
19580006619000,9,3,6,340.2
19580006620000,5,3,2,125
19580006624000,3,1,2,0
19580006626000,252,118,134,15019.2
19580006635000,3,2,1,0
19580006637000,5,4,1,201
19580006638000,28,15,13,921.2
19580006640000,69,40,29,2760
19580006641000,25,13,12,880
19580006642000,6,4,2,159
19580006646000,8,3,5,252
19580006649000,30,14,16,1506
19580006650000,99,51,48,4266.9
19580006651000,17,10,7,739.5
19580006656000,325,164,161,11472.5
19580006657000,308,151,157,12474
19580006658000,73,38,35,2350.6
19580006659000,64,36,28,2451.2
19580006660000,38,22,16,988
19580006661000,6,3,3,237
19580006670000,22,12,10,510.4
19580006671000,23,12,11,947.6
19580006672000,6,4,2,226.2
19580006674000,15,7,8,487.5
19580006675000,101,53,48,3686.5
19580006676000,19,10,9,533.9
19580006677000,1,1,0,0
19580006678000,14,6,8,631.4
19580006679000,10,5,5,617
19580006680000,35,17,18,1459.5
19580006681000,516,275,241,17337.6
19580006682000,64,37,27,2112
19580006683000,4,2,2,0
19580006684000,3,2,1,0
19580006691000,20,13,7,834
19580006692000,50,25,25,2145
19580006693000,9,4,5,264.6
19580006696000,12,6,6,429.6
19580006697000,13,6,7,617.5
19580006698000,59,33,26,2601.9
19580006699000,17,9,8,622.2
19580006700000,203,104,99,7308
19580006701000,413,203,210,15074.5
19580006702000,43,18,25,1427.6
19580006703000,56,27,29,1881.6
19580006704000,4,3,1,0
19580006725000,63,31,32,1915.2
19580006726000,68,38,30,2332.4
19580006727000,199,103,96,6606.8
19580006728000,270,131,139,8802
19580006729000,6,4,2,343.2
19580006730000,320,163,157,10720
19580006731000,283,133,150,10640.8
19580006732000,683,351,332,25475.9
19580006733000,227,120,107,8353.6
19580006734000,1142,603,539,42939.2
19580006735000,442,225,217,16398.2
19580006737000,125,69,56,4362.5
19580006738000,330,174,156,13629
19580006739000,571,295,276,19242.7
19580006741000,325,172,153,9100
19580006742000,1050,528,522,30030
19580006743000,429,223,206,11754.6
19580006744000,76,40,36,3488.4
19580006745000,4,1,3,0
19580006747000,2,1,1,0
19580006750000,11,7,4,471.9
19580006752000,113,57,56,4147.1
19580006754000,6,5,1,204
19580006760000,14,8,6,649.6
19580006761000,25,15,10,1247.5
19580006762000,66,37,29,2930.4
19580006763000,24,13,11,1440
19580006764000,23,11,12,1127
19580006765000,20,12,8,922
19580006766000,25,13,12,1140
19580006767000,23,13,10,715.3
19580006768000,79,38,41,3412.8
19580006769000,42,22,20,1386
19580006770000,4,2,2,0
19580006778000,8,6,2,571.2
19580006779000,8,4,4,231.2
19580006780000,29,15,14,1041.1
19580006781000,90,59,31,3132
19580006783000,2,2,0,0
19580006787000,31,17,14,1255.5
19580006794000,2,1,1,0
19580006796000,5,3,2,69
19580006797000,5,3,2,164
19580006798000,2,1,1,0
19580006804000,3,2,1,0
19580006805000,10,6,4,418
19580006818000,6,3,3,267
19580006820000,1,0,1,0
19580006823000,1,0,1,0
19580006824000,12,6,6,669.6
19580006828000,22,11,11,822.8
19580006867000,2,1,1,0
19580006868000,8,5,3,266.4
19590006526000,29,18,11,1180.3
19590006527000,17,8,9,508.3
19590006528000,24,18,6,1020
19590006529000,1697,863,834,61092
19590006530000,120,53,67,4140
19590006531000,18,10,8,667.8
19590006532000,1,1,0,0
19590006533000,23,12,11,818.8
19590006534000,47,29,18,1842.4
19590006535000,38,24,14,1265.4
19590006536000,33,18,15,963.6
19590006537000,22,12,10,708.4
19590006538000,15,5,10,673.5
19590006539000,881,441,440,26077.6
19590006540000,142,77,65,5055.2
19590006541000,39,21,18,1657.5
19590006542000,4,1,3,0
19590006543000,23,13,10,1058
19590006544000,106,59,47,3434.4
19590006545000,117,61,56,2948.4
19590006546000,79,44,35,2741.3
19590006547000,1899,949,950,74250.9
19590006548000,2784,1418,1366,111916.8
19590006549000,1296,651,645,40046.4
19590006550000,57,30,27,2023.5
19590006551000,11,5,6,447.7
19590006552000,3035,1523,1512,116847.5
19590006553000,1200,616,584,44040
19590006554000,543,268,275,13846.5
19590006555000,29,16,13,1206.4
19590006556000,54,30,24,1674
19590006557000,48,26,22,1828.8
19590006558000,27,14,13,1088.1
19590006559000,16,7,9,657.6
19590006560000,91,44,47,3458
19590006561000,124,71,53,5022
19590006562000,144,74,70,4579.2
19590006563000,42,25,17,1743
19590006564000,16,11,5,632
19590006565000,77,39,38,3234
19590006566000,74,38,36,2797.2
19590006567000,160,79,81,5472
19590006568000,87,57,30,3123.3
19590006570000,402,209,193,15075
19590006571000,2790,1436,1354,104904
19590006572000,121,66,55,4803.7
19590006573000,37,16,21,1598.4
19590006576000,65,34,31,2665
19590006577000,78,35,43,3057.6
19590006578000,44,22,22,1553.2
19590006579000,77,34,43,3295.6
19590006612000,9,3,6,331.2
19590006613000,2,2,0,0
19590006614000,101,57,44,3595.6
19590006615000,8,4,4,375.2
19590006616000,24,12,12,775.2
19590006617000,50,24,26,1560
19590006618000,11,6,5,457.6
19590006619000,29,15,14,1096.2
19590006620000,42,19,23,1776.6
19590006621000,151,86,65,4741.4
19590006622000,15,7,8,612
19590006623000,13,5,8,660.4
19590006624000,1,0,1,0
19590006625000,137,70,67,5630.7
19590006626000,353,164,189,16767.5
19590006627000,10,7,3,351
19590006633000,3,1,2,0
19590006638000,13,7,6,543.4
19590006639000,54,29,25,1625.4
19590006640000,39,18,21,1747.2
19590006641000,24,11,13,684
19590006642000,74,40,34,3211.6
19590006645000,13,4,9,403
19590006650000,81,45,36,3191.4
19590006651000,35,16,19,1568
19590006656000,105,48,57,3580.5
19590006657000,260,124,136,12194
19590006658000,11,7,4,368.5
19590006659000,16,7,9,430.4
19590006660000,12,4,8,500.4
19590006666000,18,14,4,741.6
19590006667000,15,5,10,510
19590006670000,171,84,87,5472
19590006671000,10,5,5,267
19590006675000,8,3,5,367.2
19590006676000,145,75,70,5785.5
19590006677000,76,37,39,2804.4
19590006678000,27,12,15,936.9
19590006679000,6,4,2,264
19590006680000,22,12,10,789.8
19590006681000,224,98,126,9363.2
19590006682000,62,42,20,3385.2
19590006683000,10,5,5,254
19590006686000,18,12,6,882
19590006693000,75,33,42,2977.5
19590006699000,72,34,38,3038.4
19590006700000,82,38,44,2788
19590006718000,24,13,11,1080
19590006721000,4,1,3,0
19590006722000,59,31,28,2501.6
19590006723000,56,35,21,2055.2
19590006724000,5,3,2,169
19590006726000,4,3,1,0
19590006727000,171,82,89,6241.5
19590006728000,55,29,26,2161.5
19590006729000,223,121,102,8496.3
19590006730000,482,242,240,18267.8
19590006731000,272,131,141,10200
19590006732000,850,414,436,26435
19590006733000,667,334,333,24078.7
19590006735000,654,345,309,22497.6
19590006736000,161,90,71,5618.9
19590006737000,921,483,438,32142.9
19590006738000,90,48,42,3942
19590006739000,313,154,159,10266.4
19590006741000,148,74,74,6038.4
19590006742000,426,189,237,16699.2
19590006743000,433,192,241,18532.4
19590006744000,5,3,2,133
19590006746000,75,39,36,2940
19590006747000,30,18,12,1410
19590006748000,68,38,30,2257.6
19590006750000,3,1,2,0
19590006751000,122,59,63,4440.8
19590006752000,87,47,40,2801.4
19590006754000,17,10,7,741.2
19590006760000,13,5,8,586.3
19590006761000,11,5,6,425.7
19590006762000,42,25,17,2247
19590006763000,14,7,7,520.8
19590006764000,49,22,27,1754.2
19590006765000,12,7,5,573.6
19590006773000,3,1,2,0
19590006775000,6,3,3,96
19590006776000,111,61,50,3696.3
19590006777000,9,5,4,532.8
19590006779000,86,37,49,2451
19590006780000,14,8,6,631.4
19590006787000,4,3,1,0
19590006814000,3,1,2,0
19590006815000,3,2,1,0
19590006828000,2,1,1,0
19590006867000,26,15,11,1310.4
19590006868000,30,20,10,1494
19590006870000,3,2,1,0
19600006526000,23,15,8,1007.4
19600006527000,7,4,3,156.8
19600006528000,44,24,20,1698.4
19600006529000,251,125,126,9010.9
19600006530000,74,37,37,3248.6
19600006531000,12,8,4,474
19600006532000,39,20,19,1209
19600006533000,9,4,5,425.7
19600006534000,8,3,5,368.8
19600006535000,3,2,1,0
19600006536000,14,10,4,460.6
19600006537000,23,13,10,752.1
19600006538000,18,11,7,720
19600006539000,26,14,12,889.2
19600006540000,15,9,6,751.5
19600006541000,37,24,13,1065.6
19600006542000,27,15,12,842.4
19600006543000,27,17,10,1109.7
19600006544000,52,31,21,1814.8
19600006545000,16,11,5,550.4
19600006546000,193,96,97,7314.7
19600006547000,2612,1333,1279,86718.4
19600006548000,1348,649,699,52976.4
19600006549000,124,62,62,4774
19600006550000,55,23,32,2073.5
19600006551000,101,59,42,3110.8
19600006552000,328,172,156,12332.8
19600006553000,49,25,24,1759.1
19600006554000,65,36,29,2782
19600006555000,14,9,5,523.6
19600006556000,35,20,15,1571.5
19600006557000,38,20,18,1257.8
19600006558000,30,17,13,1257
19600006559000,47,32,15,1818.9
19600006560000,9,4,5,385.2
19600006561000,77,44,33,2556.4
19600006562000,67,34,33,2659.9
19600006563000,26,19,7,1029.6
19600006564000,2,1,1,0
19600006565000,263,125,138,9047.2
19600006566000,149,80,69,5066
19600006567000,19,9,10,906.3
19600006568000,124,66,58,4178.8
19600006569000,1046,537,509,35459.4
19600006570000,336,168,168,12566.4
19600006571000,55,30,25,2013
19600006572000,286,143,143,9867
19600006573000,569,300,269,19402.9
19600006574000,2358,1155,1203,83473.2
19600006575000,31,17,14,1047.8
19600006576000,76,35,41,3078
19600006577000,94,49,45,3543.8
19600006578000,113,62,51,4486.1
19600006579000,123,64,59,4169.7
19600006580000,31,18,13,939.3
19600006581000,37,16,21,1609.5
19600006589000,2,1,1,0
19600006610000,4,1,3,0
19600006612000,1,1,0,0
19600006613000,3,2,1,0
19600006614000,2,1,1,0
19600006615000,77,39,38,3080
19600006616000,40,23,17,1520
19600006617000,3,2,1,0
19600006619000,3,2,1,0
19600006620000,43,24,19,1732.9
19600006621000,75,43,32,2707.5
19600006622000,80,40,40,2440
19600006623000,101,48,53,3201.7
19600006625000,588,296,292,14582.4
19600006626000,291,148,143,10563.3
19600006627000,39,17,22,1669.2
19600006628000,1,0,1,0
19600006629000,36,13,23,1393.2
19600006630000,57,30,27,2223
19600006631000,8,5,3,268
19600006632000,7,4,3,489.3
19600006635000,26,15,11,936
19600006636000,32,16,16,1136
19600006637000,50,25,25,2295
19600006638000,11,4,7,397.1
19600006639000,13,8,5,717.6
19600006640000,12,6,6,465.6
19600006641000,8,3,5,371.2
19600006642000,2,1,1,0
19600006643000,4,2,2,0
19600006644000,15,9,6,627
19600006647000,27,12,15,963.9
19600006648000,85,48,37,3111
19600006649000,32,15,17,1123.2
19600006650000,5,2,3,214
19600006656000,18,10,8,811.8
19600006657000,206,111,95,7869.2
19600006659000,8,5,3,156
19600006665000,277,135,142,10027.4
19600006666000,166,88,78,5660.6
19600006667000,68,38,30,2713.2
19600006669000,14,8,6,935.2
19600006675000,54,22,32,1981.8
19600006676000,52,31,21,2126.8
19600006677000,2,1,1,0
19600006678000,45,17,28,2052
19600006679000,109,54,55,4490.8
19600006680000,52,26,26,2147.6
19600006681000,172,86,86,6054.4
19600006682000,580,300,280,22968
19600006683000,3,1,2,0
19600006685000,11,4,7,511.5
19600006686000,47,26,21,2077.4
19600006687000,6,3,3,265.8
19600006688000,6,3,3,169.8
19600006693000,1,1,0,0
19600006694000,12,6,6,681.6
19600006696000,14,9,5,656.6
19600006698000,2,1,1,0
19600006699000,23,10,13,777.4
19600006700000,38,18,20,1204.6
19600006719000,77,41,36,3018.4
19600006721000,232,115,117,8398.4
19600006722000,108,57,51,4395.6
19600006723000,62,39,23,2343.6
19600006724000,291,154,137,12163.8
19600006725000,6,3,3,274.2
19600006726000,122,66,56,4733.6
19600006727000,6,4,2,337.8
19600006728000,966,494,472,36997.8
19600006729000,1023,513,510,38567.1
19600006730000,314,167,147,11052.8
19600006731000,64,28,36,2329.6
19600006732000,545,280,265,18257.5
19600006733000,1760,894,866,61952
19600006734000,28,12,16,1022
19600006735000,162,84,78,5767.2
19600006736000,893,457,436,30629.9
19600006737000,422,185,237,16669
19600006738000,98,49,49,4292.4
19600006739000,1238,632,606,37759
19600006740000,325,161,164,13390
19600006741000,550,278,272,19195
19600006742000,197,98,99,6796.5
19600006743000,73,37,36,2686.4
19600006746000,7,4,3,336.7
19600006747000,81,38,43,3418.2
19600006748000,9,6,3,188.1
19600006750000,271,137,134,8536.5
19600006751000,41,18,23,2050
19600006752000,48,21,27,1881.6
19600006753000,15,9,6,459
19600006754000,48,25,23,1632
19600006755000,2,1,1,0
19600006757000,57,30,27,2023.5
19600006758000,2,1,1,0
19600006761000,10,5,5,550
19600006763000,63,30,33,2041.2
19600006764000,32,18,14,1472
19600006773000,4,3,1,0
19600006775000,9,6,3,192.6
19600006776000,66,33,33,2752.2
19600006777000,25,15,10,1170
19600006779000,16,6,10,817.6
19600006794000,46,23,23,1610
19600006796000,11,5,6,388.3
19600006804000,4,3,1,0
19600006818000,2,1,1,0
19600006819000,3,2,1,0
19600006820000,5,3,2,237
19600006843000,15,8,7,604.5
19600006844000,30,17,13,993
19600006867000,12,6,6,570
19600006868000,9,5,4,424.8
19600006870000,18,9,9,891
19610006526000,215,107,108,7353
19610006527000,12,8,4,652.8
19610006528000,259,141,118,7614.6
19610006529000,42,23,19,1520.4
19610006530000,13,6,7,559
19610006532000,8,3,5,454.4
19610006533000,6,5,1,253.2
19610006534000,14,7,7,271.6
19610006535000,9,4,5,279.9
19610006536000,32,15,17,998.4
19610006537000,15,8,7,349.5
19610006540000,8,4,4,220.8
19610006541000,22,9,13,717.2
19610006542000,15,7,8,880.5
19610006543000,2,1,1,0
19610006544000,38,18,20,1599.8
19610006545000,33,18,15,996.6
19610006546000,16,9,7,568
19610006547000,630,325,305,17199
19610006548000,83,38,45,2514.9
19610006550000,16,8,8,640
19610006551000,186,94,92,5617.2
19610006552000,739,382,357,25347.7
19610006553000,35,17,18,1459.5
19610006554000,42,23,19,1671.6
19610006555000,30,17,13,1065
19610006556000,43,20,23,1376
19610006557000,46,22,24,1821.6
19610006558000,111,62,49,3441
19610006559000,79,37,42,2480.6
19610006560000,37,22,15,1798.2
19610006561000,51,28,23,1708.5
19610006562000,30,17,13,1440
19610006563000,18,10,8,700.2
19610006564000,9,8,1,324
19610006565000,27,8,19,1776.6
19610006566000,124,67,57,3645.6
19610006568000,4,3,1,0
19610006569000,59,35,24,2094.5
19610006570000,26,15,11,975
19610006571000,30,14,16,1602
19610006572000,65,28,37,3302
19610006573000,2314,1157,1157,88394.8
19610006574000,1377,673,704,52326
19610006575000,1108,579,529,42325.6
19610006576000,1103,543,560,38605
19610006577000,1121,568,553,40692.3
19610006578000,532,280,252,18513.6
19610006579000,74,44,30,2863.8
19610006580000,99,52,47,4148.1
19610006581000,13,7,6,595.4
19610006588000,30,18,12,1335
19610006589000,12,7,5,302.4
19610006591000,2,1,1,0
19610006609000,13,8,5,452.4
19610006610000,22,10,12,1023
19610006611000,36,15,21,1411.2
19610006612000,16,9,7,617.6
19610006616000,16,8,8,632
19610006622000,57,28,29,2143.2
19610006623000,5,3,2,105
19610006624000,4,3,1,0
19610006626000,63,35,28,2066.4
19610006630000,10,5,5,466
19610006632000,3,2,1,0
19610006636000,10,4,6,311
19610006637000,7,3,4,228.2
19610006638000,2,1,1,0
19610006639000,81,39,42,2535.3
19610006642000,7,4,3,398.3
19610006643000,24,12,12,993.6
19610006644000,10,5,5,590
19610006645000,5,2,3,110
19610006647000,10,6,4,420
19610006651000,4,2,2,0
19610006664000,321,165,156,9951
19610006665000,522,281,241,20097
19610006666000,431,228,203,15300.5
19610006668000,3,1,2,0
19610006675000,7,1,6,254.8
19610006676000,4,4,0,0
19610006679000,6,3,3,96
19610006681000,41,23,18,1160.3
19610006682000,63,30,33,3112.2
19610006683000,2,1,1,0
19610006684000,7,3,4,419.3
19610006685000,14,6,8,814.8
19610006686000,10,6,4,389
19610006687000,24,10,14,1135.2
19610006696000,17,8,9,637.5
19610006697000,5,2,3,359
19610006718000,67,37,30,2599.6
19610006719000,340,174,166,12512
19610006720000,941,477,464,34534.7
19610006721000,273,137,136,9937.2
19610006722000,119,63,56,4641
19610006723000,54,27,27,2381.4
19610006726000,260,140,120,9048
19610006727000,98,48,50,3665.2
19610006728000,128,69,59,4864
19610006729000,209,114,95,7085.1
19610006730000,510,250,260,20451
19610006731000,689,343,346,24459.5
19610006732000,148,73,75,6837.6
19610006733000,985,500,485,34672
19610006734000,1501,752,749,61390.9
19610006735000,103,51,52,3955.2
19610006736000,1037,513,524,32561.8
19610006737000,348,171,177,9952.8
19610006738000,540,274,266,19764
19610006739000,506,276,230,16293.2
19610006740000,5,4,1,166
19610006747000,91,47,44,3822
19610006750000,515,261,254,15604.5
19610006751000,29,13,16,1418.1
19610006752000,98,50,48,3773
19610006753000,10,7,3,152
19610006757000,40,24,16,1924
19610006758000,2,1,1,0
19610006759000,4,2,2,0
19610006760000,6,2,4,273
19610006761000,27,12,15,1266.3
19610006762000,107,58,49,4023.2
19610006763000,75,39,36,2707.5
19610006765000,17,8,9,634.1
19610006766000,9,6,3,264.6
19610006767000,5,2,3,105
19610006768000,14,8,6,698.6
19610006769000,11,9,2,328.9
19610006772000,4,3,1,0
19610006773000,6,4,2,340.2
19610006774000,8,4,4,394.4
19610006775000,14,6,8,721
19610006776000,30,15,15,1365
19610006778000,13,5,8,592.8
19610006779000,38,19,19,1607.4
19610006791000,1,0,1,0
19610006794000,9,6,3,302.4
19610006795000,1,1,0,0
19610006796000,1,1,0,0
19610006804000,5,2,3,198
19610006823000,1,1,0,0
19610006842000,8,6,2,566.4
19610006843000,34,18,16,1611.6
19610006844000,10,6,4,480
19610006868000,5,2,3,273
19610006873000,7,4,3,364.7
19610006874000,64,29,35,2809.6
19610006876000,5,3,2,344
19620006525000,37,20,17,1413.4
19620006526000,225,114,111,9135
19620006527000,7,4,3,258.3
19620006528000,384,197,187,9139.2
19620006529000,24,14,10,897.6
19620006530000,2,1,1,0
19620006531000,3,1,2,0
19620006532000,12,9,3,390
19620006533000,21,10,11,663.6
19620006534000,15,8,7,519
19620006535000,29,16,13,1174.5
19620006536000,16,9,7,459.2
19620006537000,20,8,12,782
19620006539000,11,5,6,353.1
19620006540000,8,4,4,282.4
19620006541000,13,7,6,523.9
19620006542000,26,14,12,1066
19620006543000,14,8,6,660.8
19620006544000,56,28,28,2273.6
19620006545000,23,10,13,1163.8
19620006546000,68,33,35,2658.8
19620006547000,39,17,22,1833
19620006548000,40,20,20,1712
19620006549000,16,9,7,611.2
19620006551000,5,2,3,161
19620006552000,737,375,362,24468.4
19620006553000,347,183,164,10791.7
19620006554000,32,16,16,1091.2
19620006555000,102,61,41,3651.6
19620006556000,32,15,17,1366.4
19620006557000,42,19,23,1759.8
19620006558000,93,45,48,2864.4
19620006559000,101,55,46,3918.8
19620006560000,6,3,3,342
19620006561000,65,33,32,2626
19620006562000,54,27,27,1593
19620006563000,58,35,23,2291
19620006564000,2361,1204,1157,84996
19620006565000,2075,1011,1064,95035
19620006566000,620,312,308,22258
19620006567000,470,241,229,16074
19620006570000,1046,548,498,40166.4
19620006571000,633,321,312,24940.2
19620006572000,1380,700,680,46092
19620006573000,1328,655,673,44753.6
19620006574000,46,26,20,1775.6
19620006575000,44,21,23,1764.4
19620006576000,111,59,52,4972.8
19620006577000,1547,740,807,60333
19620006578000,632,309,323,24205.6
19620006579000,82,45,37,3239
19620006580000,10,5,5,568
19620006588000,121,60,61,4319.7
19620006589000,16,8,8,689.6
19620006591000,36,18,18,1422
19620006592000,11,4,7,445.5
19620006608000,2,1,1,0
19620006609000,10,6,4,460
19620006610000,4,2,2,0
19620006614000,4,2,2,0
19620006615000,8,4,4,455.2
19620006616000,20,11,9,796
19620006622000,58,32,26,2198.2
19620006623000,3,2,1,0
19620006624000,5,3,2,104
19620006626000,16,8,8,777.6
19620006628000,1,1,0,0
19620006629000,5,3,2,153
19620006635000,3,2,1,0
19620006637000,8,4,4,296
19620006638000,2,1,1,0
19620006639000,9,4,5,384.3
19620006645000,30,16,14,1527
19620006646000,38,18,20,1178
19620006650000,8,2,6,292
19620006651000,53,30,23,2157.1
19620006652000,7,3,4,322.7
19620006653000,1,0,1,0
19620006661000,32,15,17,1462.4
19620006662000,5,3,2,360
19620006664000,244,116,128,8393.6
19620006665000,493,253,240,20163.7
19620006666000,811,397,414,27574
19620006686000,12,9,3,428.4
19620006715000,4,2,2,0
19620006718000,111,50,61,4573.2
19620006719000,421,216,205,17345.2
19620006720000,715,358,357,25811.5
19620006721000,429,214,215,15272.4
19620006722000,394,200,194,15760
19620006723000,330,176,154,12639
19620006725000,4,2,2,0
19620006726000,539,279,260,20266.4
19620006727000,52,27,25,1996.8
19620006728000,463,225,238,18288.5
19620006729000,847,411,436,33371.8
19620006730000,2053,1025,1028,76371.6
19620006731000,3106,1527,1579,121134
19620006732000,2124,1040,1084,87296.4
19620006733000,2694,1287,1407,108837.6
19620006734000,2909,1435,1474,114323.7
19620006735000,292,153,139,13957.6
19620006736000,688,341,347,27244.8
19620006737000,1669,849,820,67427.6
19620006738000,588,275,313,24343.2
19620006740000,61,35,26,2806
19620006741000,928,482,446,31459.2
19620006742000,11,5,6,358.6
19620006743000,17,10,7,700.4
19620006744000,65,30,35,2652
19620006745000,120,55,65,4332
19620006746000,171,87,84,6412.5
19620006747000,32,16,16,1059.2
19620006748000,128,68,60,3673.6
19620006749000,25,12,13,815
19620006750000,28,15,13,1159.2
19620006751000,67,35,32,2432.1
19620006752000,37,15,22,1309.8
19620006753000,24,11,13,984
19620006754000,9,4,5,477
19620006755000,23,13,10,1007.4
19620006756000,10,6,4,252
19620006759000,28,19,9,996.8
19620006760000,152,75,77,5304.8
19620006761000,47,26,21,2025.7
19620006762000,7,4,3,310.1
19620006764000,12,5,7,614.4
19620006765000,28,16,12,1313.2
19620006766000,39,15,24,1790.1
19620006767000,24,12,12,528
19620006768000,31,14,17,1019.9
19620006771000,3,2,1,0
19620006773000,2,1,1,0
19620006774000,20,12,8,1008
19620006776000,4,2,2,0
19620006777000,39,22,17,1860.3
19620006791000,6,3,3,397.2
19620006795000,2,1,1,0
19620006799000,1,1,0,0
19620006801000,16,9,7,540.8
19620006804000,1,0,1,0
19620006823000,4,2,2,0
19620006824000,1,0,1,0
19620006834000,14,9,5,628.6
19620006867000,11,7,4,474.1
19620006873000,2,1,1,0
19630006525000,5,2,3,289
19630006526000,26,14,12,951.6
19630006527000,26,16,10,923
19630006529000,27,14,13,955.8
19630006535000,19,9,10,845.5
19630006536000,4,2,2,0
19630006538000,6,1,5,210
19630006539000,13,8,5,652.6
19630006541000,51,27,24,1973.7
19630006542000,28,14,14,1005.2
19630006543000,23,12,11,1124.7
19630006544000,11,4,7,412.5
19630006545000,30,13,17,906
19630006546000,6,2,4,204
19630006547000,53,29,24,2125.3
19630006548000,26,13,13,1058.2
19630006549000,17,8,9,768.4
19630006550000,40,18,22,1252
19630006551000,19,12,7,644.1
19630006552000,4,2,2,0
19630006553000,172,83,89,7000.4
19630006554000,25,14,11,1165
19630006555000,86,46,40,2915.4
19630006556000,116,63,53,4535.6
19630006557000,145,72,73,5292.5
19630006558000,41,20,21,1898.3
19630006559000,140,75,65,5684
19630006560000,9,4,5,470.7
19630006561000,62,37,25,2418
19630006562000,50,23,27,1935
19630006563000,26,14,12,1079
19630006564000,2963,1486,1477,83852.9
19630006565000,639,349,290,23067.9
19630006566000,201,105,96,7195.8
19630006567000,1845,935,910,67711.5
19630006568000,26,13,13,967.2
19630006570000,138,71,67,5671.8
19630006571000,833,449,384,30571.1
19630006572000,995,497,498,38904.5
19630006573000,40,18,22,1896
19630006574000,438,227,211,14235
19630006575000,186,106,80,7867.8
19630006576000,112,59,53,3920
19630006577000,608,296,312,19577.6
19630006578000,824,416,408,28922.4
19630006579000,223,122,101,7805
19630006588000,98,53,45,4057.2
19630006589000,3,1,2,0
19630006591000,254,131,123,7594.6
19630006592000,71,36,35,3102.7
19630006609000,1,1,0,0
19630006612000,8,5,3,308.8
19630006613000,4,2,2,0
19630006615000,20,8,12,700
19630006617000,9,4,5,249.3
19630006618000,19,9,10,703
19630006619000,3,1,2,0
19630006620000,5,3,2,247
19630006621000,8,4,4,527.2
19630006622000,11,6,5,577.5
19630006623000,29,17,12,1183.2
19630006624000,5,3,2,238
19630006625000,11,6,5,487.3
19630006626000,2,2,0,0
19630006628000,4,2,2,0
19630006630000,42,21,21,1449
19630006632000,13,6,7,440.7
19630006634000,3,1,2,0
19630006635000,14,8,6,497
19630006639000,5,3,2,339
19630006644000,14,8,6,373.8
19630006646000,268,135,133,10452
19630006647000,183,94,89,5471.7
19630006649000,15,9,6,657
19630006650000,15,7,8,717
19630006651000,5,4,1,226
19630006652000,52,31,21,1991.6
19630006653000,57,29,28,2399.7
19630006654000,2,0,2,0
19630006663000,160,77,83,4192
19630006664000,347,170,177,11832.7
19630006665000,3,2,1,0
19630006666000,243,133,110,9039.6
19630006667000,40,25,15,1160
19630006686000,17,9,8,639.2
19630006692000,35,17,18,1491
19630006715000,71,41,30,2840
19630006716000,312,163,149,12792
19630006717000,87,51,36,3549.6
19630006720000,73,37,36,3146.3
19630006721000,253,133,120,9436.9
19630006722000,421,217,204,14524.5
19630006723000,865,440,425,34859.5
19630006724000,818,440,378,29693.4
19630006725000,1602,792,810,55589.4
19630006726000,713,347,366,27878.3
19630006727000,623,310,313,24234.7
19630006728000,1639,822,817,61790.3
19630006729000,834,392,442,35111.4
19630006730000,437,224,213,16387.5
19630006731000,159,82,77,5898.9
19630006733000,2,0,2,0
19630006734000,31,16,15,1202.8
19630006735000,35,32,3,1624
19630006736000,152,72,80,6824.8
19630006737000,1033,517,516,41113.4
19630006738000,788,406,382,29156
19630006739000,726,364,362,28604.4
19630006740000,809,417,392,28395.9
19630006741000,1179,593,586,39378.6
19630006742000,139,71,68,6282.8
19630006743000,175,98,77,7122.5
19630006744000,577,293,284,23830.1
19630006745000,417,202,215,14595
19630006746000,6,2,4,301.2
19630006748000,118,62,56,4448.6
19630006749000,63,37,26,2709
19630006750000,86,46,40,4153.8
19630006751000,69,38,31,2435.7
19630006752000,20,13,7,826
19630006753000,12,6,6,270
19630006754000,68,43,25,2176
19630006755000,6,5,1,222
19630006756000,12,6,6,534
19630006757000,86,48,38,3637.8
19630006758000,65,30,35,2366
19630006759000,40,24,16,1800
19630006760000,355,184,171,12212
19630006761000,8,8,0,352
19630006766000,13,4,9,526.5
19630006770000,4,2,2,0
19630006773000,14,6,8,742
19630006774000,2,0,2,0
19630006775000,17,8,9,1057.4
19630006776000,29,15,14,1455.8
19630006785000,2,1,1,0
19630006786000,44,19,25,1592.8
19630006791000,15,6,9,510
19630006792000,2,1,1,0
19630006800000,1,0,1,0
19630006801000,143,70,73,5105.1
19630006806000,15,7,8,603
19630006807000,8,4,4,364.8
19630006809000,7,4,3,462.7
19630006818000,7,4,3,387.1
19630006822000,2,1,1,0
19630006839000,20,12,8,1106
19630006840000,8,2,6,260
19630006868000,1,1,0,0
19630006874000,1,1,0,0
19640006520000,21,12,9,1188.6
19640006521000,331,171,160,13240
19640006523000,2,1,1,0
19640006524000,10,4,6,385
19640006525000,10,4,6,329
19640006526000,25,12,13,1055
19640006527000,28,12,16,1150.8
19640006528000,28,18,10,876.4
19640006529000,12,4,8,361.2
19640006536000,5,2,3,91
19640006539000,4,2,2,0
19640006541000,18,11,7,869.4
19640006542000,22,12,10,957
19640006544000,13,4,9,347.1
19640006545000,7,5,2,251.3
19640006546000,14,8,6,655.2
19640006547000,995,529,466,35919.5
19640006548000,354,184,170,10797
19640006550000,42,22,20,1633.8
19640006551000,265,140,125,9142.5
19640006552000,1136,581,555,37488
19640006553000,1808,914,894,65268.8
19640006554000,398,211,187,12218.6
19640006555000,23,11,12,883.2
19640006556000,240,130,110,6624
19640006557000,2684,1352,1332,85619.6
19640006558000,1015,491,524,36032.5
19640006559000,1336,686,650,47962.4
19640006560000,1187,583,604,36203.5
19640006561000,107,56,51,3755.7
19640006562000,87,46,41,3784.5
19640006563000,37,22,15,1394.9
19640006564000,32,15,17,1372.8
19640006565000,13,7,6,682.5
19640006566000,39,23,16,1517.1
19640006567000,715,381,334,25954.5
19640006568000,382,206,176,13026.2
19640006569000,71,37,34,2974.9
19640006570000,815,399,416,33089
19640006571000,2532,1289,1243,92418
19640006572000,923,447,476,41442.7
19640006574000,28,16,12,1120
19640006575000,132,73,59,5187.6
19640006576000,355,169,186,11821.5
19640006577000,862,443,419,27584
19640006578000,1113,586,527,41181
19640006579000,5,2,3,133
19640006581000,208,112,96,6988.8
19640006582000,9,4,5,372.6
19640006586000,52,29,23,2293.2
19640006587000,13,7,6,627.9
19640006588000,44,21,23,1936
19640006589000,1,0,1,0
19640006591000,49,27,22,1754.2
19640006612000,1,1,0,0
19640006613000,2,1,1,0
19640006614000,6,3,3,181.8
19640006615000,8,4,4,203.2
19640006616000,2,1,1,0
19640006617000,3,1,2,0
19640006620000,6,3,3,235.8
19640006621000,5,2,3,83
19640006626000,56,30,26,2228.8
19640006627000,8,4,4,344
19640006628000,5,3,2,261
19640006630000,17,9,8,790.5
19640006631000,34,14,20,1057.4
19640006632000,16,10,6,564.8
19640006634000,23,13,10,832.6
19640006635000,14,10,4,630
19640006640000,12,7,5,686.4
19640006641000,4,3,1,0
19640006646000,19,11,8,824.6
19640006647000,11,8,3,328.9
19640006648000,5,3,2,159
19640006650000,7,4,3,217.7
19640006651000,1,1,0,0
19640006652000,16,10,6,712
19640006653000,36,22,14,1533.6
19640006654000,20,10,10,1016
19640006655000,32,18,14,1558.4
19640006656000,26,14,12,1245.4
19640006662000,617,319,298,17522.8
19640006663000,311,158,153,8676.9
19640006664000,177,102,75,5221.5
19640006665000,10,4,6,400
19640006666000,42,22,20,1121.4
19640006667000,23,12,11,966
19640006684000,12,6,6,759.6
19640006685000,22,13,9,998.8
19640006686000,4,3,1,0
19640006690000,1,1,0,0
19640006692000,5,2,3,338
19640006696000,7,4,3,424.2
19640006698000,5,2,3,315
19640006708000,59,31,28,2383.6
19640006709000,56,30,26,2396.8
19640006710000,1,1,0,0
19640006715000,4,2,2,0
19640006716000,17,8,9,712.3
19640006717000,110,63,47,4103
19640006718000,132,65,67,5200.8
19640006719000,133,67,66,4934.3
19640006720000,118,60,58,4613.8
19640006721000,42,19,23,1491
19640006722000,102,54,48,4722.6
19640006723000,281,151,130,10228.4
19640006724000,1637,816,821,57786.1
19640006725000,3337,1622,1715,113791.7
19640006726000,1143,545,598,40462.2
19640006727000,1296,665,631,49507.2
19640006728000,1306,668,638,50934
19640006729000,1819,897,922,73851.4
19640006730000,296,141,155,14356
19640006732000,1253,628,625,47614
19640006733000,1019,518,501,38314.4
19640006734000,929,472,457,34744.6
19640006736000,9,5,4,266.4
19640006737000,247,127,120,9904.7
19640006738000,17,7,10,991.1
19640006742000,114,54,60,4708.2
19640006747000,243,125,118,9063.9
19640006748000,801,423,378,25151.4
19640006749000,275,137,138,8167.5
19640006750000,64,38,26,2540.8
19640006751000,21,13,8,672
19640006752000,426,214,212,12013.2
19640006753000,184,96,88,5354.4
19640006755000,44,24,20,1425.6
19640006756000,36,17,19,1443.6
19640006757000,60,32,28,2064
19640006758000,104,55,49,3879.2
19640006759000,9,5,4,637.2
19640006760000,66,31,35,2560.8
19640006761000,18,11,7,837
19640006762000,20,12,8,716
19640006763000,16,8,8,718.4
19640006764000,64,31,33,2598.4
19640006765000,45,23,22,1944
19640006766000,8,5,3,371.2
19640006769000,21,14,7,913.5
19640006770000,15,8,7,703.5
19640006772000,23,12,11,1081
19640006773000,346,198,148,12559.8
19640006774000,832,414,418,29536
19640006775000,7,4,3,219.1
19640006777000,13,8,5,410.8
19640006785000,14,7,7,499.8
19640006786000,11,7,4,311.3
19640006787000,18,8,10,684
19640006788000,50,25,25,1545
19640006789000,28,9,19,935.2
19640006790000,2,1,1,0
19640006791000,6,4,2,367.2
19640006800000,1,1,0,0
19640006801000,153,67,86,7665.3
19640006806000,9,4,5,306
19640006809000,2,1,1,0
19640006831000,3,1,2,0
19640006832000,16,10,6,918.4
19640006839000,26,13,13,1115.4
19640006840000,5,1,4,234
19640006888000,8,4,4,311.2
19650006519000,14,6,8,477.4
19650006520000,16,10,6,636.8
19650006521000,324,177,147,12960
19650006522000,17,8,9,596.7
19650006523000,369,179,190,13616.1
19650006524000,6,2,4,205.8
19650006527000,2,1,1,0
19650006528000,11,6,5,394.9
19650006529000,5,3,2,94
19650006530000,7,4,3,287.7
19650006535000,2,1,1,0
19650006536000,5,4,1,187
19650006539000,10,3,7,329
19650006541000,309,175,134,10691.4
19650006542000,96,48,48,3523.2
19650006543000,10,6,4,316
19650006544000,46,28,18,1941.2
19650006545000,25,14,11,962.5
19650006546000,31,18,13,1150.1
19650006547000,583,300,283,19822
19650006548000,364,178,186,9427.6
19650006551000,819,402,417,26126.1
19650006552000,418,225,193,13083.4
19650006553000,392,227,165,14151.2
19650006554000,44,28,16,1672
19650006555000,35,19,16,1547
19650006556000,192,109,83,6412.8
19650006557000,2129,1097,1032,77069.8
19650006558000,2714,1328,1386,100418
19650006559000,1974,986,988,70669.2
19650006560000,3154,1612,1542,116698
19650006561000,2232,1121,1111,77004
19650006562000,1801,900,901,57271.8
19650006563000,35,17,18,1648.5
19650006564000,76,37,39,3078
19650006565000,263,132,131,8231.9
19650006566000,759,400,359,26109.6
19650006567000,104,56,48,4284.8
19650006568000,65,34,31,3289
19650006569000,884,455,429,29614
19650006570000,1475,741,734,57820
19650006571000,4411,2064,2347,179086.6
19650006572000,3080,1488,1592,121352
19650006573000,2077,1025,1052,83080
19650006574000,417,200,217,17597.4
19650006575000,2446,1193,1253,85854.6
19650006576000,3990,2006,1984,140847
19650006577000,518,268,250,20616.4
19650006581000,46,23,23,1817
19650006582000,131,72,59,4493.3
19650006583000,103,44,59,3460.8
19650006585000,20,11,9,904
19650006586000,51,27,24,2157.3
19650006587000,22,14,8,950.4
19650006589000,5,2,3,107
19650006590000,6,3,3,265.2
19650006591000,52,27,25,2132
19650006592000,3,1,2,0
19650006613000,46,25,21,2185
19650006614000,45,24,21,1431
19650006624000,4,3,1,0
19650006625000,5,1,4,82
19650006626000,59,28,31,2548.8
19650006627000,25,14,11,982.5
19650006628000,3,1,2,0
19650006631000,42,21,21,1369.2
19650006632000,40,19,21,1480
19650006633000,17,10,7,773.5
19650006634000,20,12,8,768
19650006635000,13,4,9,495.3
19650006637000,8,5,3,212
19650006641000,1,1,0,0
19650006642000,6,3,3,250.8
19650006643000,4,2,2,0
19650006644000,12,7,5,471.6
19650006654000,7,3,4,242.2
19650006655000,36,16,20,1494
19650006656000,104,57,47,4617.6
19650006657000,10,5,5,461
19650006662000,815,423,392,26243
19650006663000,841,434,407,30612.4
19650006665000,19,8,11,691.6
19650006666000,44,24,20,1848
19650006667000,6,4,2,192
19650006684000,20,11,9,950
19650006687000,5,2,3,351
19650006689000,8,5,3,331.2
19650006690000,2,1,1,0
19650006692000,18,10,8,1119.6
19650006693000,18,10,8,799.2
19650006697000,2,1,1,0
19650006705000,147,85,62,4498.2
19650006706000,36,20,16,698.4
19650006708000,17,10,7,800.7
19650006709000,190,92,98,6631
19650006710000,17,8,9,897.6
19650006711000,23,10,13,823.4
19650006718000,125,64,61,5200
19650006719000,25,13,12,1112.5
19650006720000,159,82,77,7425.3
19650006721000,4,2,2,0
19650006722000,940,460,480,28764
19650006723000,1132,565,567,35431.6
19650006724000,3189,1527,1662,120225.3
19650006725000,819,411,408,28337.4
19650006726000,84,41,43,3040.8
19650006727000,2779,1359,1420,110048.4
19650006728000,3283,1624,1659,130335.1
19650006729000,3876,1806,2070,163567.2
19650006730000,3230,1544,1686,134368
19650006731000,785,358,427,35560.5
19650006733000,946,477,469,37556.2
19650006734000,2384,1235,1149,91068.8
19650006743000,27,13,14,1055.7
19650006744000,656,326,330,27945.6
19650006745000,44,25,19,1628
19650006747000,36,18,18,939.6
19650006748000,1077,549,528,44264.7
19650006749000,330,156,174,13596
19650006750000,98,56,42,3939.6
19650006751000,134,55,79,4891
19650006752000,22,12,10,862.4
19650006754000,662,312,350,21051.6
19650006755000,452,234,218,15910.4
19650006756000,59,33,26,2118.1
19650006757000,142,72,70,5254
19650006758000,72,31,41,3175.2
19650006759000,60,33,27,2400
19650006760000,47,23,24,1833
19650006761000,20,12,8,704
19650006762000,40,22,18,1332
19650006763000,29,15,14,1107.8
19650006764000,1,1,0,0
19650006767000,23,14,9,788.9
19650006770000,8,2,6,300
19650006772000,31,16,15,1751.5
19650006773000,42,23,19,1927.8
19650006774000,211,99,112,9917
19650006775000,12,7,5,432
19650006777000,2,1,1,0
19650006785000,25,13,12,977.5
19650006789000,10,5,5,498
19650006790000,1,1,0,0
19650006791000,4,2,2,0
19650006800000,12,5,7,445.2
19650006801000,35,17,18,1386
19650006802000,20,9,11,778
19650006809000,1,1,0,0
19650006810000,2,1,1,0
19650006828000,6,5,1,268.2
19650006829000,6,4,2,214.8
19650006831000,7,3,4,245
19650006832000,12,7,5,501.6
19650006833000,17,10,7,878.9
19650006835000,15,9,6,603
19650006839000,19,10,9,731.5
19650006840000,7,2,5,242.2
19650006844000,7,5,2,385.7
19650006845000,6,4,2,175.8
19650006861000,3,1,2,0
19650006862000,16,12,4,724.8
19650006878000,10,5,5,656
19650006882000,1,0,1,0
19650006883000,7,2,5,307.3
19650006889000,1,0,1,0
19660006519000,29,15,14,1383.3
19660006521000,7,4,3,191.8
19660006522000,18,7,11,581.4
19660006523000,41,21,20,1410.4
19660006527000,21,13,8,1062.6
19660006529000,7,2,5,170.8
19660006530000,19,13,6,644.1
19660006536000,1,1,0,0
19660006537000,11,7,4,448.8
19660006539000,25,15,10,1045
19660006540000,8,5,3,404.8
19660006541000,164,84,80,5428.4
19660006542000,48,26,22,2188.8
19660006543000,17,6,11,569.5
19660006545000,10,6,4,449
19660006546000,5,3,2,118
19660006547000,2,1,1,0
19660006548000,4,1,3,0
19660006550000,3,2,1,0
19660006551000,4,1,3,0
19660006552000,10,7,3,549
19660006553000,16,9,7,699.2
19660006554000,15,8,7,615
19660006555000,13,9,4,405.6
19660006556000,1991,994,997,50173.2
19660006557000,942,500,442,30709.2
19660006558000,978,542,436,33545.4
19660006559000,1883,949,934,73813.6
19660006560000,3228,1636,1592,143646
19660006561000,3510,1764,1746,131976
19660006562000,2840,1440,1400,104228
19660006563000,2394,1260,1134,88099.2
19660006564000,1254,659,595,43263
19660006565000,2332,1170,1162,87216.8
19660006566000,3175,1574,1601,105410
19660006567000,985,498,487,30535
19660006568000,2688,1338,1350,102144
19660006569000,213,105,108,7966.2
19660006570000,281,135,146,10734.2
19660006571000,3387,1679,1708,128367.3
19660006572000,1202,601,601,48801.2
19660006573000,3586,1747,1839,149536.2
19660006574000,3504,1708,1796,134553.6
19660006575000,2967,1517,1450,110372.4
19660006576000,1501,734,767,57788.5
19660006581000,38,22,16,1546.6
19660006582000,167,84,83,6045.4
19660006583000,33,16,17,1287
19660006584000,63,29,34,2469.6
19660006585000,25,12,13,852.5
19660006586000,55,30,25,1683
19660006587000,32,15,17,899.2
19660006588000,12,7,5,765.6
19660006591000,8,3,5,336
19660006613000,12,7,5,669.6
19660006614000,12,4,8,447.6
19660006615000,11,5,6,456.5
19660006617000,2,1,1,0
19660006618000,3,2,1,0
19660006624000,1,0,1,0
19660006626000,3,1,2,0
19660006628000,16,9,7,396.8
19660006629000,24,12,12,751.2
19660006631000,3,1,2,0
19660006632000,39,21,18,1376.7
19660006633000,18,8,10,702
19660006634000,4,3,1,0
19660006635000,16,11,5,654.4
19660006636000,13,6,7,635.7
19660006637000,39,21,18,1540.5
19660006638000,10,3,7,371
19660006642000,14,7,7,655.2
19660006643000,8,4,4,374.4
19660006644000,3,2,1,0
19660006647000,6,5,1,229.2
19660006648000,3,1,2,0
19660006650000,1,1,0,0
19660006657000,7,4,3,417.9
19660006662000,88,45,43,3845.6
19660006663000,595,299,296,21836.5
19660006664000,202,101,101,8524.4
19660006665000,92,53,39,3569.6
19660006666000,16,7,9,884.8
19660006667000,10,4,6,316
19660006668000,12,8,4,487.2
19660006683000,3,1,2,0
19660006684000,8,5,3,268.8
19660006686000,7,3,4,254.8
19660006687000,48,19,29,1876.8
19660006692000,9,5,4,433.8
19660006693000,6,3,3,241.8
19660006698000,1,0,1,0
19660006705000,132,65,67,4857.6
19660006706000,504,257,247,17740.8
19660006707000,25,14,11,1155
19660006708000,105,51,54,3696
19660006710000,82,42,40,3329.2
19660006711000,74,40,34,2930.4
19660006712000,131,67,64,5069.7
19660006713000,45,23,22,1926
19660006715000,12,9,3,678
19660006716000,12,8,4,735.6
19660006718000,134,70,64,5775.4
19660006719000,1077,554,523,43833.9
19660006720000,268,134,134,12167.2
19660006721000,33,23,10,1343.1
19660006722000,720,349,371,23688
19660006723000,1777,870,907,70546.9
19660006724000,2163,1054,1109,84357
19660006725000,568,287,281,21129.6
19660006727000,1643,816,827,59312.3
19660006728000,1482,695,787,57353.4
19660006729000,875,408,467,40075
19660006730000,2272,1123,1149,105420.8
19660006731000,691,358,333,26879.9
19660006732000,2473,1281,1192,95705.1
19660006733000,3515,1899,1616,131109.5
19660006734000,364,207,157,12594.4
19660006737000,17,7,10,731
19660006738000,688,340,348,29308.8
19660006739000,1857,847,1010,89507.4
19660006740000,985,502,483,35657
19660006741000,460,231,229,19228
19660006742000,1298,650,648,51141.2
19660006743000,1295,614,681,54908
19660006744000,1978,975,1003,73186
19660006745000,1614,788,826,69240.6
19660006746000,303,156,147,11483.7
19660006747000,501,255,246,17384.7
19660006749000,17,8,9,635.8
19660006750000,237,118,119,8816.4
19660006751000,15,8,7,856.5
19660006753000,1038,526,512,38509.8
19660006754000,201,105,96,7075.2
19660006755000,195,105,90,6786
19660006756000,119,61,58,5247.9
19660006757000,9,6,3,289.8
19660006761000,59,27,32,1917.5
19660006762000,6,4,2,339
19660006765000,4,3,1,0
19660006766000,21,9,12,768.6
19660006767000,183,91,92,5014.2
19660006768000,20,13,7,742
19660006769000,3,3,0,0
19660006770000,28,16,12,960.4
19660006772000,55,30,25,2398
19660006773000,2,1,1,0
19660006774000,15,7,8,634.5
19660006775000,61,27,34,2543.7
19660006776000,4,3,1,0
19660006785000,78,43,35,2956.2
19660006786000,17,8,9,656.2
19660006792000,17,11,6,513.4
19660006793000,5,4,1,173
19660006795000,67,29,38,2680
19660006797000,1,1,0,0
19660006798000,9,6,3,414
19660006799000,4,3,1,0
19660006800000,2,1,1,0
19660006809000,4,2,2,0
19660006828000,8,5,3,267.2
19660006830000,3,3,0,0
19660006831000,4,3,1,0
19660006832000,13,6,7,924.3
19660006833000,21,7,14,688.8
19660006834000,20,9,11,792
19660006835000,19,11,8,803.7
19660006839000,12,7,5,397.2
19660006840000,54,27,27,2386.8
19660006844000,23,13,10,1030.4
19660006845000,28,11,17,862.4
19660006850000,1,1,0,0
19660006859000,1,1,0,0
19660006860000,15,10,5,850.5
19660006863000,2,1,1,0
19660006868000,12,5,7,459.6
19660006870000,2,1,1,0
19660006878000,11,8,3,633.6
19660006881000,5,3,2,287
19660006888000,13,6,7,601.9
19660006889000,107,57,50,4344.2
19660006890000,8,6,2,262.4
19660006894000,1,1,0,0
19670006518000,27,15,12,953.1
19670006519000,2,1,1,0
19670006523000,3,2,1,0
19670006529000,3,2,1,0
19670006530000,12,6,6,476.4
19670006531000,3,1,2,0
19670006536000,8,4,4,398.4
19670006537000,10,5,5,431
19670006539000,3,1,2,0
19670006540000,12,7,5,621.6
19670006541000,2,1,1,0
19670006542000,38,21,17,1185.6
19670006543000,27,12,15,1177.2
19670006545000,8,3,5,326.4
19670006548000,8,4,4,404.8
19670006550000,9,6,3,378.9
19670006551000,10,6,4,372
19670006555000,16,8,8,470.4
19670006556000,1901,957,944,51327
19670006557000,1633,846,787,48500.1
19670006558000,100,49,51,3560
19670006559000,1984,998,986,70233.6
19670006560000,2965,1532,1433,121861.5
19670006561000,1725,899,826,72105
19670006562000,906,488,418,32706.6
19670006563000,1532,779,753,54845.6
19670006564000,893,462,431,30629.9
19670006565000,1631,809,822,54638.5
19670006566000,1690,845,845,61009
19670006567000,1722,854,868,70602
19670006568000,1890,950,940,66150
19670006569000,3280,1626,1654,124312
19670006570000,1712,845,867,65227.2
19670006571000,4256,2020,2236,148534.4
19670006572000,3153,1626,1527,110039.7
19670006573000,4586,2351,2235,178395.4
19670006574000,3773,2015,1758,140355.6
19670006575000,274,148,126,10686
19670006576000,469,240,229,17962.7
19670006577000,1121,542,579,39795.5
19670006580000,1,1,0,0
19670006581000,109,60,49,3531.6
19670006582000,4,3,1,0
19670006583000,237,127,110,6233.1
19670006584000,268,142,126,10050
19670006585000,21,10,11,604.8
19670006587000,7,5,2,256.2
19670006588000,104,43,61,5595.2
19670006589000,22,12,10,1012
19670006590000,8,4,4,488.8
19670006591000,11,6,5,201.3
19670006614000,4,2,2,0
19670006615000,2,1,1,0
19670006616000,13,6,7,510.9
19670006617000,21,11,10,585.9
19670006618000,4,1,3,0
19670006619000,31,16,15,1556.2
19670006620000,5,2,3,326
19670006622000,9,5,4,333.9
19670006624000,12,6,6,445.2
19670006625000,24,11,13,1003.2
19670006626000,1,0,1,0
19670006629000,35,22,13,1249.5
19670006630000,9,4,5,468
19670006633000,240,114,126,9192
19670006634000,138,67,71,4926.6
19670006635000,37,23,14,1387.5
19670006638000,10,6,4,657
19670006639000,31,17,14,1333
19670006652000,1,1,0,0
19670006657000,60,29,31,2760
19670006658000,74,41,33,3507.6
19670006663000,353,187,166,12849.2
19670006664000,1503,822,681,59067.9
19670006665000,1742,836,906,76299.6
19670006666000,116,61,55,4234
19670006667000,50,28,22,1655
19670006669000,32,13,19,1241.6
19670006682000,28,16,12,1139.6
19670006686000,1,1,0,0
19670006687000,5,2,3,122
19670006688000,13,4,9,564.2
19670006692000,13,6,7,700.7
19670006694000,5,3,2,287
19670006695000,6,2,4,282
19670006696000,2,2,0,0
19670006697000,7,5,2,385.7
19670006698000,1,1,0,0
19670006706000,71,38,33,2506.3
19670006707000,146,73,73,5694
19670006709000,110,68,42,4422
19670006710000,137,72,65,5562.2
19670006712000,63,33,30,2009.7
19670006713000,74,43,31,2849
19670006714000,2,1,1,0
19670006715000,180,86,94,6714
19670006716000,153,79,74,6165.9
19670006718000,3,2,1,0
19670006719000,382,180,202,13943
19670006720000,1130,575,555,40002
19670006721000,427,236,191,15073.1
19670006722000,487,249,238,16704.1
19670006723000,1931,959,972,68743.6
19670006724000,2529,1219,1310,104700.6
19670006725000,2272,1116,1156,84064
19670006726000,1569,759,810,61191
19670006727000,323,177,146,12952.3
19670006728000,349,197,152,12808.3
19670006729000,628,332,296,21980
19670006730000,200,84,116,10060
19670006732000,2493,1396,1097,92988.9
19670006733000,5804,3229,2575,203140
19670006734000,6594,3466,3128,238043.4
19670006735000,1430,772,658,58201
19670006737000,2139,1120,1019,80640.3
19670006738000,2136,1035,1101,84799.2
19670006739000,1260,622,638,47250
19670006740000,747,376,371,29058.3
19670006741000,1548,801,747,62074.8
19670006742000,2584,1271,1313,103618.4
19670006743000,557,279,278,20664.7
19670006744000,78,43,35,3291.6
19670006745000,56,30,26,2340.8
19670006747000,193,103,90,7141
19670006748000,286,144,142,11554.4
19670006750000,237,113,124,8911.2
19670006751000,115,54,61,4761
19670006752000,331,152,179,11452.6
19670006753000,232,114,118,8676.8
19670006754000,2,1,1,0
19670006755000,46,19,27,1278.8
19670006758000,9,3,6,281.7
19670006759000,28,14,14,1134
19670006760000,21,9,12,785.4
19670006761000,21,10,11,1047.9
19670006762000,44,25,19,1878.8
19670006763000,21,12,9,594.3
19670006765000,2,1,1,0
19670006766000,32,19,13,1395.2
19670006767000,38,18,20,1478.2
19670006768000,18,9,9,678.6
19670006769000,56,28,28,2094.4
19670006770000,34,19,15,1251.2
19670006771000,22,14,8,822.8
19670006772000,8,5,3,512
19670006781000,2,1,1,0
19670006785000,10,4,6,637
19670006786000,1,1,0,0
19670006787000,11,6,5,691.9
19670006795000,40,20,20,1688
19670006796000,15,7,8,729
19670006797000,4,2,2,0
19670006798000,4,1,3,0
19670006817000,4,2,2,0
19670006830000,3,2,1,0
19670006832000,37,20,17,1846.3
19670006834000,10,6,4,591
19670006835000,36,18,18,1540.8
19670006836000,4,3,1,0
19670006839000,36,22,14,817.2
19670006840000,68,36,32,2951.2
19670006841000,28,12,16,1089.2
19670006842000,25,10,15,1210
19670006845000,1,1,0,0
19670006850000,2,1,1,0
19670006859000,32,16,16,1347.2
19670006860000,9,6,3,467.1
19670006861000,6,3,3,306
19670006862000,2,1,1,0
19670006889000,247,131,116,10596.3
19670006890000,38,19,19,1580.8
19680006517000,55,28,27,2090
19680006518000,76,42,34,3207.2
19680006530000,12,5,7,349.2
19680006531000,8,2,6,275.2
19680006532000,13,4,9,292.5
19680006533000,2,1,1,0
19680006535000,13,8,5,382.2
19680006536000,5,2,3,122
19680006537000,1,1,0,0
19680006539000,10,4,6,412
19680006540000,22,12,10,838.2
19680006545000,14,6,8,806.4
19680006546000,20,9,11,1118
19680006549000,9,4,5,320.4
19680006550000,3,2,1,0
19680006551000,11,7,4,469.7
19680006552000,26,13,13,876.2
19680006553000,18,8,10,637.2
19680006554000,48,26,22,2169.6
19680006555000,141,61,80,5372.1
19680006556000,28,13,15,1052.8
19680006557000,10,5,5,306
19680006558000,788,371,417,24743.2
19680006559000,1392,697,695,53313.6
19680006560000,1492,761,731,51921.6
19680006561000,1530,768,762,65025
19680006562000,1112,549,563,43368
19680006563000,28,17,11,1288
19680006564000,7,3,4,391.3
19680006565000,2,1,1,0
19680006567000,2,1,1,0
19680006568000,311,168,143,12129
19680006569000,2606,1257,1349,115706.4
19680006570000,2886,1448,1438,110533.8
19680006571000,1757,854,903,69225.8
19680006572000,4048,2051,1997,142489.6
19680006573000,4822,2598,2224,174074.2
19680006574000,386,220,166,14976.8
19680006575000,1478,786,692,50843.2
19680006576000,2176,1086,1090,82252.8
19680006577000,2497,1248,1249,92139.3
19680006578000,11,5,6,533.5
19680006584000,57,28,29,2034.9
19680006587000,64,26,38,2604.8
19680006588000,775,393,382,24257.5
19680006589000,123,63,60,4341.9
19680006590000,41,20,21,1566.2
19680006607000,14,6,8,665
19680006608000,3,2,1,0
19680006609000,6,4,2,451.2
19680006610000,8,4,4,223.2
19680006611000,12,6,6,471.6
19680006616000,11,5,6,590.7
19680006620000,14,8,6,680.4
19680006621000,2,1,1,0
19680006622000,4,2,2,0
19680006623000,4,2,2,0
19680006624000,16,9,7,628.8
19680006625000,89,49,40,3880.4
19680006626000,42,24,18,1209.6
19680006627000,4,2,2,0
19680006633000,118,58,60,4578.4
19680006634000,319,160,159,10654.6
19680006641000,2,1,1,0
19680006642000,12,7,5,541.2
19680006643000,8,6,2,363.2
19680006644000,8,5,3,286.4
19680006646000,1,0,1,0
19680006648000,8,4,4,395.2
19680006654000,3,1,2,0
19680006657000,7,3,4,196.7
19680006664000,561,274,287,23898.6
19680006665000,435,199,236,21445.5
19680006666000,1266,625,641,48994.2
19680006667000,362,191,171,11403
19680006668000,15,9,6,595.5
19680006669000,40,18,22,1440
19680006670000,30,15,15,1281
19680006672000,1,1,0,0
19680006681000,14,8,6,655.2
19680006682000,2,1,1,0
19680006683000,5,3,2,139
19680006686000,3,3,0,0
19680006688000,11,5,6,565.4
19680006692000,3,2,1,0
19680006693000,6,4,2,303
19680006694000,3,2,1,0
19680006695000,5,4,1,165
19680006696000,3,2,1,0
19680006697000,4,2,2,0
19680006698000,1,1,0,0
19680006706000,2,1,1,0
19680006707000,55,26,29,2711.5
19680006708000,89,47,42,2643.3
19680006709000,338,185,153,11863.8
19680006710000,327,175,152,11052.6
19680006712000,2,1,1,0
19680006713000,298,140,158,11324
19680006714000,556,278,278,20516.4
19680006715000,322,166,156,10851.4
19680006716000,8,4,4,232.8
19680006717000,5,3,2,173
19680006718000,3,2,1,0
19680006720000,120,60,60,4668
19680006721000,7,3,4,459.9
19680006722000,46,25,21,1909
19680006723000,251,127,124,9061.1
19680006724000,1914,957,957,69861
19680006725000,1990,945,1045,79799
19680006726000,1687,808,879,69504.4
19680006727000,1352,689,663,51105.6
19680006728000,2489,1238,1251,90101.8
19680006729000,1847,910,937,70924.8
19680006730000,3077,1714,1363,110156.6
19680006731000,3016,1673,1343,103750.4
19680006732000,5839,3138,2701,206700.6
19680006733000,3109,1658,1451,110680.4
19680006734000,4737,2545,2192,181427.1
19680006735000,7368,3785,3583,276300
19680006736000,2169,1034,1135,94568.4
19680006737000,111,57,54,3929.4
19680006738000,79,38,41,2528
19680006739000,489,259,230,19119.9
19680006740000,671,340,331,31469.9
19680006741000,1083,557,526,41912.1
19680006742000,2552,1152,1400,119178.4
19680006743000,408,216,192,14524.8
19680006745000,11,6,5,315.7
19680006746000,6,3,3,262.2
19680006747000,134,73,61,4180.8
19680006748000,876,464,412,31448.4
19680006751000,1084,510,574,50189.2
19680006752000,519,240,279,19514.4
19680006753000,4,2,2,0
19680006754000,16,9,7,499.2
19680006755000,11,8,3,380.6
19680006756000,21,10,11,1077.3
19680006757000,10,4,6,316
19680006758000,9,4,5,519.3
19680006759000,226,118,108,7819.6
19680006760000,191,102,89,6092.9
19680006761000,54,28,26,2235.6
19680006765000,11,5,6,519.2
19680006766000,4,2,2,0
19680006767000,2,1,1,0
19680006768000,14,8,6,541.8
19680006769000,2,1,1,0
19680006771000,12,5,7,416.4
19680006772000,27,13,14,1109.7
19680006773000,73,34,39,2452.8
19680006774000,39,17,22,1400.1
19680006778000,1,0,1,0
19680006783000,1,1,0,0
19680006784000,12,7,5,620.4
19680006785000,18,8,10,828
19680006786000,6,3,3,177
19680006794000,15,9,6,918
19680006795000,17,12,5,819.4
19680006799000,6,3,3,147
19680006824000,2,2,0,0
19680006827000,4,3,1,0
19680006829000,2,1,1,0
19680006830000,11,7,4,456.5
19680006835000,11,6,5,600.6
19680006836000,7,2,5,308
19680006845000,8,3,5,587.2
19680006846000,4,2,2,0
19680006868000,14,9,5,365.4
19680006869000,12,5,7,416.4
19680006873000,2,1,1,0
19680006890000,69,33,36,2884.2
19680006891000,20,9,11,1062
19680006892000,1,1,0,0
19690006513000,75,40,35,2880
19690006514000,54,26,28,2208.6
19690006515000,6,3,3,268.8
19690006517000,98,53,45,2695
19690006518000,585,290,295,21996
19690006533000,10,5,5,486
19690006535000,10,5,5,461
19690006536000,1,1,0,0
19690006539000,6,4,2,91.8
19690006540000,2,1,1,0
19690006541000,6,2,4,331.2
19690006545000,12,5,7,345.6
19690006546000,19,9,10,693.5
19690006547000,21,10,11,1010.1
19690006548000,4,2,2,0
19690006549000,32,16,16,1040
19690006550000,1,1,0,0
19690006551000,10,7,3,483
19690006552000,376,179,197,13874.4
19690006553000,32,16,16,1209.6
19690006555000,19,9,10,611.8
19690006556000,12,6,6,435.6
19690006557000,17,10,7,601.8
19690006559000,17,9,8,737.8
19690006560000,102,53,49,3865.8
19690006561000,286,143,143,9180.6
19690006563000,424,215,209,14331.2
19690006565000,42,21,21,1297.8
19690006569000,5,2,3,163
19690006570000,21,9,12,991.2
19690006571000,359,164,195,15580.6
19690006572000,4692,2400,2292,170319.6
19690006573000,3984,2208,1776,135057.6
19690006574000,401,219,182,17844.5
19690006575000,937,463,474,32420.2
19690006576000,2342,1149,1193,82906.8
19690006577000,511,245,266,18753.7
19690006581000,4,2,2,0
19690006582000,12,8,4,442.8
19690006586000,34,18,16,1152.6
19690006587000,12,8,4,553.2
19690006589000,14,9,5,513.8
19690006590000,93,45,48,3143.4
19690006607000,2,1,1,0
19690006609000,1,1,0,0
19690006610000,21,12,9,882
19690006613000,3,1,2,0
19690006618000,4,3,1,0
19690006622000,12,6,6,490.8
19690006623000,14,8,6,502.6
19690006624000,209,111,98,6667.1
19690006625000,112,57,55,4155.2
19690006626000,14,7,7,590.8
19690006627000,8,5,3,268.8
19690006629000,3,2,1,0
19690006633000,3,2,1,0
19690006634000,73,40,33,2657.2
19690006638000,5,3,2,280
19690006642000,3,1,2,0
19690006643000,103,45,58,3697.7
19690006644000,158,77,81,5956.6
19690006645000,26,13,13,1151.8
19690006646000,6,3,3,417
19690006648000,1,0,1,0
19690006649000,1,1,0,0
19690006650000,7,4,3,350.7
19690006665000,171,92,79,6737.4
19690006666000,1019,490,529,39333.4
19690006667000,1300,672,628,49920
19690006668000,851,419,432,31912.5
19690006669000,130,65,65,4238
19690006670000,51,26,25,2427.6
19690006671000,27,15,12,920.7
19690006673000,9,6,3,322.2
19690006679000,11,6,5,509.3
19690006680000,17,10,7,496.4
19690006683000,36,17,19,1508.4
19690006684000,18,10,8,716.4
19690006686000,26,13,13,852.8
19690006688000,11,6,5,523.6
19690006705000,181,93,88,5556.7
19690006706000,203,95,108,8302.7
19690006707000,109,64,45,3869.5
19690006708000,411,220,191,13686.3
19690006709000,1110,552,558,33522
19690006710000,130,62,68,4823
19690006713000,58,31,27,2169.2
19690006714000,6,3,3,334.2
19690006715000,15,10,5,682.5
19690006719000,6,2,4,199.2
19690006720000,53,25,28,1987.5
19690006721000,65,33,32,3061.5
19690006722000,1634,847,787,55065.8
19690006723000,913,469,444,31224.6
19690006724000,1777,874,903,62728.1
19690006725000,1760,895,865,74448
19690006726000,1877,939,938,73953.8
19690006727000,1477,738,739,48150.2
19690006728000,3343,1631,1712,125028.2
19690006729000,3996,1834,2162,167032.8
19690006730000,6902,3256,3646,253993.6
19690006731000,4676,2379,2297,166933.2
19690006732000,2667,1309,1358,101079.3
19690006733000,2849,1422,1427,115954.3
19690006734000,3,2,1,0
19690006738000,9,3,6,227.7
19690006739000,219,111,108,7949.7
19690006740000,304,150,154,9241.6
19690006741000,1800,869,931,75780
19690006742000,1875,922,953,81937.5
19690006743000,631,296,335,28142.6
19690006744000,68,31,37,2509.2
19690006747000,7,5,2,371
19690006748000,937,485,452,28953.3
19690006749000,4,2,2,0
19690006751000,733,367,366,29833.1
19690006752000,165,79,86,8134.5
19690006754000,10,4,6,466
19690006755000,3,2,1,0
19690006756000,25,12,13,1010
19690006757000,43,22,21,1694.2
19690006758000,92,45,47,3762.8
19690006759000,33,17,16,1534.5
19690006760000,16,8,8,939.2
19690006762000,2,0,2,0
19690006763000,12,8,4,481.2
19690006764000,12,7,5,591.6
19690006765000,31,14,17,1292.7
19690006767000,9,4,5,340.2
19690006768000,30,18,12,1251
19690006770000,36,19,17,723.6
19690006771000,5,3,2,133
19690006772000,11,7,4,473
19690006773000,16,8,8,753.6
19690006785000,20,7,13,848
19690006786000,18,11,7,622.8
19690006787000,38,19,19,2014
19690006788000,7,4,3,322.7
19690006795000,2,2,0,0
19690006796000,8,6,2,463.2
19690006810000,14,6,8,508.2
19690006828000,16,9,7,1030.4
19690006829000,5,3,2,140
19690006830000,2,1,1,0
19690006835000,6,4,2,202.2
19690006836000,10,7,3,463
19690006841000,99,45,54,4613.4
19690006842000,121,57,64,4973.1
19690006845000,4,2,2,0
19690006846000,9,5,4,302.4
19690006849000,3,2,1,0
19690006873000,10,5,5,419
19690006889000,3,2,1,0
19690006890000,24,13,11,996
19690006893000,13,8,5,522.6
19690006894000,16,10,6,457.6
19690006897000,9,5,4,530.1
19690006898000,1,1,0,0
19700006513000,69,32,37,2484
19700006514000,10,4,6,461
19700006515000,50,29,21,1990
19700006518000,29,15,14,1351.4
19700006519000,19,8,11,894.9
19700006531000,1,0,1,0
19700006539000,7,3,4,240.1
19700006540000,5,2,3,183
19700006547000,7,5,2,240.8
19700006548000,20,10,10,716
19700006549000,39,21,18,994.5
19700006550000,883,449,434,25077.2
19700006551000,1754,884,870,55952.6
19700006552000,941,521,420,31805.8
19700006553000,23,12,11,800.4
19700006555000,10,7,3,228
19700006556000,21,10,11,783.3
19700006557000,311,158,153,10045.3
19700006558000,9,4,5,381.6
19700006559000,44,26,18,1672
19700006561000,616,323,293,22915.2
19700006563000,13,6,7,579.8
19700006565000,1,0,1,0
19700006572000,15,7,8,954
19700006573000,318,155,163,12020.4
19700006575000,647,331,316,24003.7
19700006576000,405,204,201,15592.5
19700006577000,22,10,12,1188
19700006581000,218,116,102,8240.4
19700006587000,24,15,9,811.2
19700006588000,2,2,0,0
19700006590000,3,2,1,0
19700006610000,13,8,5,548.6
19700006611000,17,9,8,550.8
19700006613000,2,1,1,0
19700006614000,36,21,15,993.6
19700006615000,4,3,1,0
19700006616000,9,3,6,401.4
19700006617000,6,2,4,258
19700006618000,1,1,0,0
19700006620000,6,2,4,259.2
19700006622000,20,12,8,670
19700006624000,7,5,2,193.9
19700006625000,10,6,4,450
19700006630000,6,4,2,223.2
19700006631000,13,9,4,478.4
19700006632000,12,7,5,406.8
19700006633000,9,5,4,429.3
19700006634000,12,7,5,606
19700006635000,5,2,3,219
19700006643000,38,19,19,1466.8
19700006644000,30,17,13,1500
19700006647000,19,12,7,822.7
19700006648000,4,2,2,0
19700006649000,3,1,2,0
19700006650000,20,11,9,684
19700006652000,9,4,5,467.1
19700006667000,31,13,18,1066.4
19700006668000,155,78,77,6572
19700006670000,4,2,2,0
19700006671000,59,26,33,2371.8
19700006672000,58,30,28,2111.2
19700006673000,24,13,11,861.6
19700006674000,15,9,6,568.5
19700006675000,7,4,3,223.3
19700006677000,22,11,11,822.8
19700006678000,3,1,2,0
19700006679000,3,2,1,0
19700006684000,6,3,3,213
19700006686000,28,13,15,1257.2
19700006687000,10,6,4,612
19700006688000,45,20,25,2070
19700006689000,92,43,49,3174
19700006691000,8,4,4,504.8
19700006692000,1,1,0,0
19700006693000,1,0,1,0
19700006694000,1,0,1,0
19700006705000,545,278,267,17167.5
19700006706000,507,265,242,16883.1
19700006707000,530,260,270,19292
19700006708000,309,152,157,11371.2
19700006709000,10,6,4,306
19700006713000,6,2,4,85.8
19700006715000,31,15,16,936.2
19700006719000,36,20,16,1807.2
19700006720000,7,4,3,247.8
19700006721000,122,67,55,5477.8
19700006722000,247,122,125,12448.8
19700006723000,8,4,4,307.2
19700006724000,260,137,123,10972
19700006725000,66,37,29,3055.8
19700006726000,93,47,46,3571.2
19700006727000,831,425,406,27090.6
19700006728000,2289,1139,1150,69127.8
19700006729000,528,270,258,20539.2
19700006730000,1844,833,1011,77816.8
19700006731000,1657,792,865,57663.6
19700006732000,351,177,174,12565.8
19700006733000,56,27,29,1573.6
19700006737000,19,8,11,862.6
19700006738000,89,47,42,2928.1
19700006739000,31,18,13,1329.9
19700006741000,1129,549,580,39853.7
19700006742000,2030,966,1064,89117
19700006743000,889,436,453,32270.7
19700006744000,63,36,27,2362.5
19700006745000,15,8,7,700.5
19700006746000,9,4,5,260.1
19700006747000,317,166,151,10429.3
19700006748000,127,63,64,4889.5
19700006752000,53,26,27,2199.5
19700006753000,15,9,6,702
19700006758000,6,2,4,237
19700006759000,14,6,8,502.6
19700006760000,1,0,1,0
19700006761000,13,6,7,370.5
19700006763000,10,4,6,493
19700006765000,4,3,1,0
19700006768000,25,12,13,967.5
19700006769000,33,20,13,1135.2
19700006770000,29,15,14,1336.9
19700006771000,23,13,10,1150
19700006772000,33,13,20,1706.1
19700006782000,25,15,10,870
19700006783000,21,14,7,489.3
19700006787000,5,3,2,154
19700006789000,33,19,14,1435.5
19700006790000,20,13,7,772
19700006800000,22,14,8,1082.4
19700006802000,34,17,17,1016.6
19700006803000,2,1,1,0
19700006810000,1,1,0,0
19700006811000,4,2,2,0
19700006827000,5,3,2,272
19700006828000,2,1,1,0
19700006829000,3,2,1,0
19700006830000,2,1,1,0
19700006831000,11,5,6,578.6
19700006832000,4,1,3,0
19700006835000,10,4,6,507
19700006836000,16,8,8,801.6
19700006839000,16,8,8,1056
19700006840000,21,8,13,865.2
19700006841000,161,77,84,9273.6
19700006842000,274,138,136,11973.8
19700006847000,5,2,3,252
19700006849000,1,0,1,0
19700006852000,1,1,0,0
19700006868000,63,35,28,1808.1
19700006869000,412,216,196,15903.2
19700006870000,48,26,22,1579.2
19700006878000,2,1,1,0
19700006889000,6,4,2,286.2
19700006891000,2,1,1,0
19700006893000,5,2,3,352
19700006897000,57,28,29,2992.5
19710006515000,99,50,49,4158
19710006516000,46,24,22,1582.4
19710006517000,1,1,0,0
19710006519000,17,8,9,936.7
19710006520000,16,6,10,520
19710006521000,15,7,8,514.5
19710006524000,2,1,1,0
19710006532000,1,0,1,0
19710006533000,6,3,3,282
19710006536000,6,3,3,420
19710006540000,2,1,1,0
19710006541000,2,2,0,0
19710006549000,723,380,343,24654.3
19710006550000,2414,1217,1197,83283
19710006551000,456,231,225,16188
19710006552000,18,10,8,631.8
19710006553000,16,9,7,620.8
19710006554000,29,12,17,1191.9
19710006556000,42,21,21,1587.6
19710006557000,188,94,94,6034.8
19710006558000,73,43,30,2255.7
19710006559000,52,28,24,1788.8
19710006561000,32,18,14,1276.8
19710006562000,3,2,1,0
19710006564000,2,1,1,0
19710006567000,4,2,2,0
19710006568000,21,12,9,1127.7
19710006575000,282,145,137,9221.4
19710006576000,420,214,206,15792
19710006581000,34,17,17,1312.4
19710006584000,3,2,1,0
19710006585000,31,17,14,1199.7
19710006586000,207,107,100,7534.8
19710006587000,51,24,27,2070.6
19710006590000,8,3,5,419.2
19710006610000,11,5,6,445.5
19710006611000,4,2,2,0
19710006613000,13,5,8,289.9
19710006614000,15,9,6,402
19710006615000,2,1,1,0
19710006621000,40,20,20,1392
19710006622000,23,12,11,800.4
19710006632000,11,3,8,459.8
19710006633000,1,1,0,0
19710006634000,6,3,3,171
19710006635000,49,28,21,1661.1
19710006636000,11,5,6,272.8
19710006652000,4,2,2,0
19710006653000,28,17,11,1262.8
19710006678000,2,1,1,0
19710006679000,3,2,1,0
19710006680000,3,2,1,0
19710006682000,29,14,15,1676.2
19710006683000,40,18,22,1412
19710006684000,8,3,5,302.4
19710006685000,6,3,3,390
19710006686000,7,5,2,277.2
19710006687000,7,3,4,485.8
19710006688000,33,14,19,1204.5
19710006689000,98,50,48,4243.4
19710006690000,105,49,56,6142.5
19710006691000,10,6,4,254
19710006705000,10,7,3,392
19710006707000,47,24,23,1569.8
19710006708000,795,412,383,27109.5
19710006709000,1366,687,679,44804.8
19710006710000,81,43,38,3094.2
19710006711000,438,216,222,16950.6
19710006712000,674,350,324,25140.2
19710006713000,62,35,27,2684.6
19710006714000,13,6,7,708.5
19710006715000,57,31,26,1898.1
19710006716000,273,139,134,9991.8
19710006717000,21,12,9,1035.3
19710006718000,68,38,30,2652
19710006719000,170,86,84,6987
19710006720000,82,39,43,3239
19710006721000,37,20,17,1531.8
19710006723000,61,35,26,2299.7
19710006724000,35,18,17,1190
19710006726000,6,3,3,232.8
19710006727000,83,47,36,2938.2
19710006728000,725,365,360,23200
19710006729000,4,1,3,0
19710006738000,2,2,0,0
19710006740000,23,11,12,1101.7
19710006741000,2768,1378,1390,96326.4
19710006742000,1353,661,692,46678.5
19710006743000,247,129,118,8225.1
19710006744000,335,178,157,11758.5
19710006745000,82,42,40,3181.6
19710006746000,554,290,264,20941.2
19710006747000,545,276,269,16513.5
19710006749000,13,6,7,721.5
19710006750000,167,80,87,5761.5
19710006752000,8,5,3,426.4
19710006754000,4,2,2,0
19710006755000,2,2,0,0
19710006757000,6,2,4,214.8
19710006759000,23,11,12,650.9
19710006761000,8,4,4,308.8
19710006768000,26,18,8,954.2
19710006770000,7,3,4,210
19710006771000,39,19,20,1739.4
19710006772000,9,5,4,585
19710006775000,6,3,3,226.2
19710006776000,3,2,1,0
19710006777000,3,1,2,0
19710006779000,6,3,3,363
19710006780000,14,6,8,610.4
19710006783000,31,17,14,1540.7
19710006784000,12,5,7,529.2
19710006789000,24,13,11,1137.6
19710006790000,4,2,2,0
19710006798000,8,3,5,420
19710006802000,3,2,1,0
19710006803000,58,27,31,2465
19710006808000,1,0,1,0
19710006810000,18,11,7,921.6
19710006827000,3,2,1,0
19710006829000,2,0,2,0
19710006835000,28,16,12,854
19710006836000,1,0,1,0
19710006839000,37,19,18,2194.1
19710006840000,46,22,24,1734.2
19710006841000,66,34,32,2422.2
19710006842000,6,2,4,301.8
19710006843000,2,2,0,0
19710006847000,3,2,1,0
19710006849000,1,0,1,0
19710006850000,14,5,9,513.8
19710006852000,12,5,7,483.6
19710006868000,370,198,172,12136
19710006869000,1151,612,539,45464.5
19710006870000,620,316,304,23002
19710006874000,6,2,4,306
19710006875000,12,8,4,355.2
19710006876000,1,1,0,0
19710006877000,2,1,1,0
19710006880000,1,0,1,0
19710006883000,6,3,3,265.8
19710006884000,10,4,6,337
19710006890000,7,4,3,193.2
19710006894000,26,12,14,865.8
19710006895000,9,5,4,370.8
19710006897000,40,20,20,2528
19720006512000,2,1,1,0
19720006515000,61,36,25,1640.9
19720006516000,75,44,31,2955
19720006520000,16,9,7,593.6
19720006521000,14,10,4,599.2
19720006541000,6,3,3,238.8
19720006542000,13,5,8,530.4
19720006548000,14,8,6,719.6
19720006549000,28,12,16,823.2
19720006550000,1525,737,788,54595
19720006551000,382,189,193,8977
19720006553000,16,7,9,748.8
19720006556000,8,4,4,264.8
19720006557000,3,1,2,0
19720006558000,34,16,18,1434.8
19720006560000,2,1,1,0
19720006561000,20,8,12,876
19720006562000,15,10,5,765
19720006563000,7,5,2,307.3
19720006565000,28,14,14,1170.4
19720006566000,67,38,29,2063.6
19720006567000,138,79,59,5244
19720006568000,26,12,14,982.8
19720006575000,2,2,0,0
19720006585000,41,19,22,1603.1
19720006586000,332,170,162,10690.4
19720006587000,135,72,63,4171.5
19720006588000,46,26,20,1651.4
19720006589000,41,20,21,1558
19720006611000,3,2,1,0
19720006613000,10,5,5,279
19720006614000,7,4,3,277.2
19720006615000,16,7,9,801.6
19720006621000,2,1,1,0
19720006622000,2,1,1,0
19720006630000,22,11,11,787.6
19720006631000,1,0,1,0
19720006633000,2,2,0,0
19720006635000,4,1,3,0
19720006636000,3,1,2,0
19720006647000,1,1,0,0
19720006652000,23,12,11,929.2
19720006653000,24,11,13,1108.8
19720006669000,12,8,4,446.4
19720006670000,14,5,9,616
19720006671000,19,11,8,756.2
19720006672000,3,2,1,0
19720006673000,29,15,14,1012.1
19720006674000,7,3,4,443.1
19720006677000,1,1,0,0
19720006682000,2,1,1,0
19720006685000,5,3,2,261
19720006689000,7,5,2,242.2
19720006690000,16,6,10,564.8
19720006692000,13,8,5,458.9
19720006693000,21,10,11,989.1
19720006694000,36,20,16,1605.6
19720006695000,48,26,22,2169.6
19720006709000,540,272,268,25488
19720006710000,1333,685,648,53986.5
19720006711000,566,289,277,23658.8
19720006712000,927,441,486,37636.2
19720006713000,25,15,10,1005
19720006714000,130,58,72,4446
19720006715000,452,231,221,14825.6
19720006716000,757,385,372,28311.8
19720006717000,65,37,28,2632.5
19720006718000,86,42,44,3594.8
19720006719000,14,4,10,751.8
19720006720000,2,1,1,0
19720006721000,27,14,13,1196.1
19720006722000,88,44,44,3625.6
19720006723000,15,8,7,594
19720006724000,103,55,48,3934.6
19720006728000,142,87,55,4728.6
19720006729000,15,8,7,465
19720006739000,4,3,1,0
19720006740000,108,59,49,3931.2
19720006741000,70,38,32,3409
19720006742000,75,39,36,2400
19720006743000,30,18,12,1470
19720006744000,125,80,45,4787.5
19720006745000,162,114,48,6091.2
19720006746000,86,46,40,3173.4
19720006747000,33,16,17,930.6
19720006748000,37,19,18,1065.6
19720006749000,17,8,9,715.7
19720006750000,36,22,14,1501.2
19720006751000,34,18,16,1346.4
19720006753000,42,18,24,1705.2
19720006754000,20,11,9,924
19720006755000,58,30,28,2314.2
19720006756000,7,5,2,350.7
19720006757000,12,6,6,373.2
19720006758000,4,1,3,0
19720006759000,28,15,13,954.8
19720006760000,23,10,13,1016.6
19720006761000,2,1,1,0
19720006762000,45,23,22,2011.5
19720006763000,72,37,35,2973.6
19720006764000,9,5,4,216.9
19720006765000,11,6,5,506
19720006766000,9,5,4,263.7
19720006767000,22,9,13,825
19720006768000,25,10,15,900
19720006769000,23,12,11,959.1
19720006770000,8,3,5,354.4
19720006771000,16,7,9,896
19720006772000,12,6,6,590.4
19720006774000,1,0,1,0
19720006775000,4,3,1,0
19720006777000,4,3,1,0
19720006778000,42,23,19,1659
19720006781000,1,1,0,0
19720006782000,1,1,0,0
19720006783000,39,20,19,1290.9
19720006784000,3,2,1,0
19720006787000,6,3,3,372
19720006788000,2,1,1,0
19720006796000,5,2,3,166
19720006797000,9,6,3,424.8
19720006798000,21,9,12,913.5
19720006799000,2,1,1,0
19720006803000,1,1,0,0
19720006810000,13,6,7,552.5
19720006811000,10,4,6,329
19720006819000,11,6,5,552.2
19720006827000,27,15,12,1085.4
19720006829000,7,2,5,389.9
19720006835000,12,8,4,517.2
19720006836000,2,1,1,0
19720006837000,6,4,2,138
19720006839000,24,12,12,1135.2
19720006840000,13,7,6,512.2
19720006841000,48,27,21,2208
19720006842000,3,1,2,0
19720006843000,17,9,8,615.4
19720006844000,4,2,2,0
19720006845000,3,2,1,0
19720006850000,5,2,3,223
19720006852000,1,1,0,0
19720006858000,2,1,1,0
19720006868000,577,284,293,19906.5
19720006869000,923,435,488,39504.4
19720006870000,498,252,246,22310.4
19720006875000,3,1,2,0
19720006883000,10,5,5,333
19720006884000,20,7,13,722
19720006891000,2,2,0,0
19720006893000,22,9,13,838.2
19720006894000,26,12,14,1484.6
19720006895000,31,17,14,1649.2
19720006897000,107,59,48,4066
19730006510000,7,3,4,340.9
19730006511000,3,2,1,0
19730006512000,69,34,35,3622.5
19730006514000,280,147,133,7392
19730006515000,150,77,73,5325
19730006516000,20,9,11,1048
19730006520000,10,4,6,373
19730006526000,12,7,5,379.2
19730006527000,9,5,4,314.1
19730006536000,1,1,0,0
19730006537000,6,2,4,154.8
19730006542000,3,2,1,0
19730006545000,2,1,1,0
19730006548000,26,15,11,1006.2
19730006549000,12,5,7,507.6
19730006550000,1715,898,817,57109.5
19730006551000,5,4,1,154
19730006555000,12,8,4,440.4
19730006556000,11,7,4,414.7
19730006557000,12,9,3,406.8
19730006558000,51,26,25,2070.6
19730006560000,6,2,4,241.8
19730006561000,13,10,3,570.7
19730006563000,22,13,9,798.6
19730006564000,62,33,29,2424.2
19730006565000,85,42,43,3017.5
19730006566000,365,195,170,11972
19730006567000,1922,994,928,62272.8
19730006568000,649,325,324,20897.8
19730006569000,10,6,4,531
19730006573000,1,1,0,0
19730006574000,20,9,11,1160
19730006585000,1,1,0,0
19730006588000,4,2,2,0
19730006593000,47,22,25,1391.2
19730006613000,8,4,4,436
19730006614000,15,7,8,465
19730006621000,2,1,1,0
19730006629000,9,4,5,291.6
19730006630000,9,6,3,293.4
19730006635000,15,6,9,495
19730006636000,11,6,5,418
19730006638000,1,0,1,0
19730006647000,8,3,5,215.2
19730006648000,6,3,3,259.8
19730006649000,16,6,10,481.6
19730006651000,126,64,62,5569.2
19730006670000,5,3,2,352
19730006671000,2,2,0,0
19730006672000,6,4,2,178.8
19730006673000,2,1,1,0
19730006676000,19,11,8,752.4
19730006677000,2,1,1,0
19730006683000,12,6,6,502.8
19730006684000,2,1,1,0
19730006685000,6,3,3,217.2
19730006687000,6,2,4,141
19730006688000,8,4,4,347.2
19730006689000,5,3,2,253
19730006690000,7,4,3,258.3
19730006691000,22,12,10,763.4
19730006692000,2,1,1,0
19730006693000,289,145,144,10577.4
19730006694000,306,148,158,13525.2
19730006695000,12,7,5,450
19730006709000,82,35,47,4018
19730006710000,605,262,343,30189.5
19730006711000,659,337,322,22603.7
19730006712000,290,129,161,8381
19730006713000,15,9,6,867
19730006715000,2,0,2,0
19730006716000,8,6,2,348
19730006719000,2,2,0,0
19730006720000,61,36,25,2171.6
19730006721000,9,5,4,414
19730006722000,2,1,1,0
19730006723000,23,13,10,998.2
19730006724000,71,35,36,2286.2
19730006725000,33,17,16,1069.2
19730006728000,48,26,22,1771.2
19730006729000,76,38,38,3199.6
19730006730000,3,2,1,0
19730006732000,3,2,1,0
19730006733000,16,8,8,756.8
19730006739000,87,50,37,3671.4
19730006740000,204,107,97,7384.8
19730006741000,11,4,7,302.5
19730006742000,146,77,69,4861.8
19730006743000,164,76,88,5576
19730006744000,469,248,221,15617.7
19730006745000,118,70,48,4047.4
19730006747000,47,26,21,1485.2
19730006748000,2,1,1,0
19730006750000,21,14,7,1089.9
19730006753000,331,166,165,12247
19730006754000,258,121,137,7559.4
19730006755000,272,155,117,8105.6
19730006756000,45,25,20,1948.5
19730006757000,44,22,22,1416.8
19730006758000,15,10,5,337.5
19730006759000,13,6,7,599.3
19730006760000,29,13,16,907.7
19730006761000,23,14,9,901.6
19730006762000,60,33,27,2922
19730006763000,116,59,57,4976.4
19730006764000,45,23,22,1512
19730006765000,30,13,17,1110
19730006766000,28,13,15,1290.8
19730006767000,26,16,10,842.4
19730006768000,127,63,64,4737.1
19730006769000,5,3,2,100
19730006773000,4,2,2,0
19730006774000,28,13,15,1075.2
19730006778000,29,18,11,1383.3
19730006779000,75,33,42,2535
19730006780000,21,10,11,861
19730006781000,16,8,8,684.8
19730006783000,45,17,28,2506.5
19730006787000,11,6,5,579.7
19730006796000,2,1,1,0
19730006809000,4,2,2,0
19730006820000,19,10,9,794.2
19730006827000,79,34,45,4913.8
19730006835000,15,9,6,564
19730006836000,3,2,1,0
19730006837000,14,8,6,911.4
19730006839000,43,22,21,2180.1
19730006840000,4,3,1,0
19730006843000,17,6,11,731
19730006848000,9,4,5,327.6
19730006850000,4,2,2,0
19730006856000,5,4,1,183
19730006858000,4,2,2,0
19730006865000,3,2,1,0
19730006866000,2,1,1,0
19730006868000,24,10,14,871.2
19730006869000,1314,651,663,51903
19730006870000,289,149,140,11502.2
19730006883000,5,4,1,324
19730006895000,22,13,9,792
19730006896000,24,13,11,794.4
19730006897000,200,103,97,8820
19740006511000,25,14,11,970
19740006512000,229,119,110,9732.5
19740006513000,174,93,81,6403.2
19740006514000,828,440,388,27241.2
19740006515000,208,104,104,7966.4
19740006520000,2,1,1,0
19740006521000,1,0,1,0
19740006536000,5,3,2,193
19740006541000,6,3,3,162
19740006546000,14,8,6,519.4
19740006547000,2,1,1,0
19740006548000,11,6,5,564.3
19740006549000,8,4,4,444.8
19740006550000,25,12,13,1190
19740006556000,17,9,8,712.3
19740006558000,61,40,21,2092.3
19740006561000,15,9,6,529.5
19740006562000,26,14,12,829.4
19740006563000,10,4,6,384
19740006565000,6,3,3,145.8
19740006566000,102,54,48,3253.8
19740006567000,1580,825,755,49928
19740006568000,758,364,394,32973
19740006571000,19,9,10,1014.6
19740006572000,1,1,0,0
19740006573000,3,2,1,0
19740006581000,6,4,2,298.2
19740006582000,4,4,0,0
19740006585000,12,6,6,354
19740006588000,5,3,2,96
19740006592000,5,2,3,194
19740006593000,12,9,3,357.6
19740006594000,23,14,9,1244.3
19740006614000,5,4,1,187
19740006615000,12,7,5,537.6
19740006630000,5,2,3,193
19740006634000,8,4,4,376.8
19740006635000,78,36,42,2722.2
19740006636000,73,37,36,2642.6
19740006637000,37,18,19,1609.5
19740006638000,18,8,10,829.8
19740006639000,10,7,3,224
19740006646000,1,1,0,0
19740006647000,11,5,6,587.4
19740006649000,9,7,2,357.3
19740006650000,37,22,15,1376.4
19740006651000,49,23,26,2190.3
19740006671000,12,7,5,555.6
19740006678000,2,1,1,0
19740006683000,5,3,2,237
19740006684000,2,2,0,0
19740006690000,7,3,4,308.7
19740006693000,46,24,22,2148.2
19740006694000,37,20,17,1750.1
19740006695000,4,3,1,0
19740006710000,47,26,21,2241.9
19740006711000,107,47,60,3702.2
19740006712000,68,33,35,2087.6
19740006717000,9,5,4,294.3
19740006718000,48,26,22,1732.8
19740006721000,31,17,14,1280.3
19740006722000,8,3,5,456
19740006728000,2,1,1,0
19740006729000,638,327,311,24626.8
19740006730000,133,61,72,5838.7
19740006731000,189,100,89,7503.3
19740006732000,141,72,69,5428.5
19740006733000,106,61,45,3911.4
19740006737000,6,3,3,411
19740006738000,28,14,14,1442
19740006739000,2,1,1,0
19740006740000,461,229,232,18025.1
19740006741000,420,217,203,15918
19740006742000,24,10,14,1087.2
19740006743000,92,50,42,3707.6
19740006745000,10,6,4,577
19740006746000,29,13,16,1177.4
19740006747000,34,20,14,1275
19740006748000,2,1,1,0
19740006749000,29,18,11,785.9
19740006750000,37,18,19,1609.5
19740006751000,34,17,17,1370.2
19740006753000,161,80,81,4298.7
19740006755000,35,16,19,1043
19740006756000,15,10,5,469.5
19740006757000,11,5,6,336.6
19740006758000,83,40,43,2988
19740006759000,19,9,10,727.7
19740006760000,32,18,14,1459.2
19740006762000,10,5,5,590
19740006763000,53,26,27,2045.8
19740006764000,1,1,0,0
19740006774000,15,10,5,649.5
19740006775000,2,2,0,0
19740006781000,10,5,5,453
19740006783000,12,6,6,531.6
19740006784000,19,10,9,674.5
19740006785000,1,0,1,0
19740006789000,6,4,2,411
19740006791000,7,4,3,461.3
19740006809000,11,4,7,631.4
19740006814000,1,1,0,0
19740006815000,2,1,1,0
19740006816000,6,3,3,339
19740006820000,9,3,6,359.1
19740006827000,53,27,26,2554.6
19740006828000,22,10,12,1064.8
19740006829000,9,4,5,323.1
19740006836000,33,17,16,1161.6
19740006839000,25,10,15,1160
19740006840000,13,6,7,608.4
19740006842000,5,1,4,244
19740006843000,7,4,3,436.8
19740006850000,21,16,5,1108.8
19740006858000,5,3,2,269
19740006865000,9,3,6,243.9
19740006869000,1641,821,820,54645.3
19740006870000,526,271,255,18778.2
19740006896000,95,51,44,4427
19740006897000,32,17,15,1740.8
19740006898000,27,14,13,1120.5
19750006509000,2,1,1,0
19750006510000,265,144,121,9884.5
19750006511000,357,180,177,11602.5
19750006512000,1645,853,792,59713.5
19750006513000,1957,967,990,75735.9
19750006514000,637,329,308,28537.6
19750006515000,273,135,138,11029.2
19750006516000,12,8,4,358.8
19750006517000,122,71,51,5233.8
19750006520000,4,3,1,0
19750006521000,34,15,19,1421.2
19750006537000,5,2,3,160
19750006547000,6,6,0,214.8
19750006549000,5,2,3,332
19750006550000,10,5,5,524
19750006551000,6,4,2,297
19750006552000,11,7,4,333.3
19750006555000,26,13,13,1279.2
19750006556000,15,8,7,541.5
19750006558000,22,9,13,886.6
19750006559000,19,9,10,663.1
19750006563000,6,4,2,238.8
19750006566000,428,230,198,15450.8
19750006567000,580,285,295,19372
19750006568000,138,75,63,5464.8
19750006569000,42,23,19,1617
19750006570000,32,17,15,1190.4
19750006588000,112,62,50,3561.6
19750006592000,65,37,28,2619.5
19750006593000,12,5,7,519.6
19750006594000,89,46,43,2981.5
19750006595000,85,42,43,2915.5
19750006596000,18,11,7,741.6
19750006615000,4,2,2,0
19750006616000,7,4,3,287.7
19750006626000,15,9,6,723
19750006627000,39,21,18,1478.1
19750006628000,10,5,5,538
19750006629000,43,21,22,1780.2
19750006630000,44,22,22,1531.2
19750006631000,143,65,78,7078.5
19750006632000,7,3,4,329
19750006633000,14,8,6,936.6
19750006634000,18,11,7,734.4
19750006635000,8,4,4,324.8
19750006636000,3,2,1,0
19750006637000,53,30,23,2342.6
19750006638000,75,42,33,2287.5
19750006639000,14,7,7,788.2
19750006640000,17,6,11,669.8
19750006645000,3,2,1,0
19750006650000,65,34,31,2567.5
19750006651000,26,13,13,1307.8
19750006658000,15,8,7,846
19750006674000,2,1,1,0
19750006678000,2,1,1,0
19750006679000,6,4,2,261
19750006680000,14,8,6,596.4
19750006693000,30,14,16,1125
19750006694000,21,11,10,1131.9
19750006710000,63,26,37,2337.3
19750006711000,60,32,28,1848
19750006712000,48,28,20,1516.8
19750006713000,69,39,30,2283.9
19750006717000,2,1,1,0
19750006721000,4,1,3,0
19750006722000,41,23,18,1722
19750006723000,28,11,17,940.8
19750006724000,18,11,7,797.4
19750006725000,24,10,14,1036.8
19750006729000,64,34,30,3123.2
19750006730000,34,16,18,1700
19750006731000,559,291,268,19788.6
19750006732000,663,352,311,23868
19750006733000,75,37,38,3060
19750006734000,37,16,21,1461.5
19750006735000,100,52,48,4490
19750006736000,186,96,90,7179.6
19750006737000,26,12,14,1331.2
19750006738000,23,16,7,1140.8
19750006739000,247,126,121,9657.7
19750006740000,972,528,444,37130.4
19750006741000,521,283,238,19485.4
19750006744000,32,15,17,1401.6
19750006745000,558,288,270,20199.6
19750006746000,405,205,200,14782.5
19750006747000,15,8,7,741
19750006748000,19,10,9,836
19750006749000,35,18,17,1340.5
19750006750000,45,25,20,1975.5
19750006751000,98,52,46,2891
19750006755000,80,39,41,2904
19750006756000,64,30,34,2854.4
19750006757000,146,84,62,5007.8
19750006758000,72,36,36,2138.4
19750006759000,6,5,1,196.2
19750006761000,2,1,1,0
19750006762000,26,16,10,878.8
19750006763000,28,12,16,1131.2
19750006764000,40,16,24,1468
19750006766000,24,12,12,1051.2
19750006775000,16,8,8,804.8
19750006780000,6,4,2,157.2
19750006782000,18,9,9,280.8
19750006783000,33,21,12,1554.3
19750006788000,6,3,3,265.2
19750006789000,6,2,4,307.2
19750006791000,12,5,7,704.4
19750006809000,9,3,6,279
19750006816000,11,6,5,603.9
19750006819000,7,4,3,412.3
19750006820000,37,18,19,1272.8
19750006826000,12,7,5,663.6
19750006827000,27,16,11,1269
19750006833000,1,0,1,0
19750006834000,14,8,6,704.2
19750006836000,18,8,10,883.8
19750006839000,7,2,5,196.7
19750006840000,66,34,32,2659.8
19750006841000,26,15,11,1034.8
19750006842000,16,7,9,700.8
19750006843000,12,8,4,584.4
19750006849000,12,5,7,728.4
19750006850000,27,13,14,1317.6
19750006857000,24,11,13,818.4
19750006858000,16,8,8,520
19750006869000,479,247,232,17675.1
19750006870000,24,13,11,868.8
19750006872000,1,1,0,0
19750006873000,1,0,1,0
19750006896000,78,39,39,3494.4
19750006898000,17,8,9,727.6
19750006899000,2,1,1,0
19760006506000,2,1,1,0
19760006507000,23,9,14,1039.6
19760006508000,29,14,15,1070.1
19760006509000,53,22,31,2093.5
19760006510000,47,26,21,2147.9
19760006511000,19,13,6,832.2
19760006512000,97,44,53,4316.5
19760006513000,382,176,206,16846.2
19760006514000,2072,995,1077,88681.6
19760006515000,939,464,475,36902.7
19760006516000,660,329,331,18348
19760006517000,4,2,2,0
19760006518000,35,15,20,1571.5
19760006521000,4,2,2,0
19760006524000,21,10,11,606.9
19760006528000,24,15,9,931.2
19760006529000,2,1,1,0
19760006544000,1,1,0,0
19760006546000,31,16,15,1140.8
19760006551000,21,12,9,737.1
19760006552000,18,11,7,523.8
19760006555000,27,15,12,1098.9
19760006556000,5,3,2,333
19760006559000,18,11,7,615.6
19760006560000,8,6,2,344
19760006561000,2,1,1,0
19760006562000,2,1,1,0
19760006563000,18,9,9,658.8
19760006565000,9,7,2,205.2
19760006567000,21,14,7,1121.4
19760006568000,5,2,3,243
19760006569000,98,53,45,4018
19760006570000,4,1,3,0
19760006587000,64,35,29,2227.2
19760006588000,7,4,3,160.3
19760006592000,158,76,82,5387.8
19760006594000,54,28,26,1836
19760006595000,57,31,26,2599.2
19760006596000,76,37,39,2622
19760006597000,59,32,27,2029.6
19760006603000,10,4,6,431
19760006614000,7,3,4,273
19760006615000,18,8,10,795.6
19760006616000,1,0,1,0
19760006622000,4,3,1,0
19760006625000,7,4,3,188.3
19760006626000,16,9,7,420.8
19760006627000,2,2,0,0
19760006628000,42,18,24,1751.4
19760006629000,55,32,23,2090
19760006630000,66,30,36,2904
19760006631000,41,21,20,1353
19760006632000,14,5,9,306.6
19760006634000,19,9,10,535.8
19760006635000,47,28,19,1941.1
19760006636000,25,10,15,765
19760006637000,2,1,1,0
19760006638000,28,15,13,1092
19760006639000,6,3,3,199.2
19760006640000,13,6,7,421.2
19760006641000,54,28,26,2381.4
19760006642000,17,8,9,629
19760006650000,5,3,2,242
19760006651000,1,1,0,0
19760006656000,23,13,10,1147.7
19760006665000,7,4,3,282.1
19760006666000,59,27,32,2590.1
19760006677000,6,3,3,391.8
19760006679000,5,3,2,244
19760006680000,5,4,1,215
19760006681000,21,11,10,936.6
19760006687000,15,8,7,733.5
19760006693000,3,2,1,0
19760006694000,3,1,2,0
19760006697000,7,5,2,319.9
19760006711000,8,5,3,342.4
19760006712000,138,63,75,4402.2
19760006713000,114,55,59,3477
19760006714000,14,7,7,736.4
19760006723000,35,17,18,1526
19760006724000,18,10,8,930.6
19760006726000,55,27,28,2068
19760006729000,24,13,11,931.2
19760006730000,40,18,22,1620
19760006731000,181,87,94,4615.5
19760006732000,1,1,0,0
19760006733000,38,18,20,1512.4
19760006734000,1379,698,681,51574.6
19760006735000,1387,661,726,56728.3
19760006736000,964,451,513,45500.8
19760006737000,1109,573,536,44360
19760006738000,1006,510,496,37624.4
19760006739000,499,255,244,18013.9
19760006741000,50,33,17,1850
19760006744000,39,20,19,1540.5
19760006745000,198,100,98,7246.8
19760006746000,273,132,141,9445.8
19760006747000,83,44,39,3054.4
19760006748000,7,4,3,263.9
19760006749000,25,11,14,1045
19760006750000,10,6,4,411
19760006751000,118,69,49,4637.4
19760006752000,1,1,0,0
19760006756000,54,33,21,2073.6
19760006757000,47,22,25,2143.2
19760006759000,11,8,3,391.6
19760006763000,9,7,2,204.3
19760006764000,14,6,8,527.8
19760006765000,94,53,41,3468.6
19760006766000,44,21,23,1817.2
19760006772000,3,1,2,0
19760006773000,40,17,23,1816
19760006774000,5,3,2,319
19760006784000,1,1,0,0
19760006786000,1,1,0,0
19760006800000,5,3,2,183
19760006809000,22,11,11,1060.4
19760006820000,7,4,3,231.7
19760006825000,1,1,0,0
19760006826000,8,5,3,474.4
19760006831000,2,1,1,0
19760006833000,1,1,0,0
19760006835000,4,2,2,0
19760006837000,1,1,0,0
19760006839000,9,6,3,524.7
19760006841000,40,19,21,2124
19760006842000,99,48,51,4445.1
19760006843000,7,3,4,293.3
19760006849000,25,10,15,990
19760006850000,33,19,14,1214.4
19760006857000,12,6,6,686.4
19760006864000,17,8,9,657.9
19760006869000,115,58,57,3726
19760006896000,5,3,2,104
19760006898000,12,6,6,409.2
19760006899000,6,3,3,259.8
19770006505000,2,2,0,0
19770006506000,35,20,15,1704.5
19770006507000,34,16,18,1145.8
19770006508000,13,5,8,380.9
19770006509000,22,9,13,781
19770006511000,7,4,3,280
19770006512000,25,14,11,902.5
19770006513000,13,5,8,643.5
19770006514000,9,5,4,324
19770006515000,347,181,166,15233.3
19770006516000,83,46,37,3311.7
19770006517000,2,1,1,0
19770006520000,2,1,1,0
19770006521000,16,8,8,712
19770006522000,4,2,2,0
19770006523000,5,3,2,100
19770006526000,6,4,2,228
19770006527000,9,5,4,224.1
19770006528000,12,7,5,477.6
19770006529000,15,7,8,607.5
19770006530000,15,6,9,382.5
19770006531000,3,2,1,0
19770006537000,7,4,3,216.3
19770006538000,12,7,5,367.2
19770006539000,4,1,3,0
19770006540000,2,1,1,0
19770006543000,5,3,2,108
19770006545000,13,7,6,477.1
19770006549000,41,22,19,1471.9
19770006550000,4,2,2,0
19770006551000,21,12,9,846.3
19770006552000,7,3,4,231
19770006555000,18,7,11,711
19770006557000,2,1,1,0
19770006558000,16,12,4,481.6
19770006560000,29,14,15,1331.1
19770006563000,24,10,14,1020
19770006564000,30,16,14,1005
19770006565000,11,5,6,313.5
19770006567000,15,6,9,445.5
19770006568000,2,2,0,0
19770006569000,14,7,7,641.2
19770006570000,4,2,2,0
19770006571000,18,9,9,964.8
19770006587000,58,27,31,2296.8
19770006592000,71,42,29,2847.1
19770006593000,45,19,26,1917
19770006594000,35,22,13,1403.5
19770006595000,25,14,11,825
19770006597000,29,14,15,794.6
19770006598000,9,6,3,288
19770006600000,4,2,2,0
19770006601000,64,33,31,1894.4
19770006603000,8,3,5,283.2
19770006604000,86,48,38,3422.8
19770006605000,13,8,5,808.6
19770006614000,37,17,20,1513.3
19770006615000,131,59,72,5803.3
19770006617000,7,4,3,270.9
19770006618000,2,1,1,0
19770006621000,7,5,2,326.9
19770006622000,4,1,3,0
19770006627000,41,23,18,1496.5
19770006628000,10,5,5,477
19770006631000,6,4,2,243
19770006632000,1,1,0,0
19770006640000,13,7,6,413.4
19770006641000,7,4,3,277.2
19770006642000,34,19,15,1492.6
19770006643000,6,3,3,352.2
19770006649000,16,6,10,740.8
19770006650000,16,10,6,686.4
19770006656000,5,3,2,280
19770006657000,21,13,8,966
19770006658000,15,8,7,847.5
19770006664000,70,34,36,3157
19770006665000,87,43,44,3662.7
19770006666000,1,0,1,0
19770006678000,6,4,2,288
19770006680000,2,1,1,0
19770006681000,4,2,2,0
19770006682000,35,21,14,1676.5
19770006683000,77,44,33,3018.4
19770006693000,2,2,0,0
19770006694000,13,7,6,477.1
19770006695000,3,1,2,0
19770006714000,33,19,14,1296.9
19770006715000,33,17,16,1280.4
19770006718000,3,2,1,0
19770006719000,4,3,1,0
19770006724000,16,8,8,798.4
19770006725000,22,14,8,754.6
19770006726000,2,1,1,0
19770006727000,4,2,2,0
19770006730000,32,19,13,1129.6
19770006731000,28,11,17,912.8
19770006737000,38,20,18,1527.6
19770006738000,405,212,193,15309
19770006740000,58,30,28,2117
19770006741000,156,82,74,5506.8
19770006742000,21,13,8,966
19770006743000,8,4,4,262.4
19770006744000,19,10,9,691.6
19770006745000,82,45,37,4026.2
19770006746000,105,45,60,5764.5
19770006747000,7,5,2,275.1
19770006748000,14,9,5,791
19770006749000,17,7,10,554.2
19770006752000,39,18,21,1692.6
19770006753000,1,1,0,0
19770006756000,4,1,3,0
19770006757000,15,6,9,642
19770006758000,23,13,10,1030.4
19770006759000,14,8,6,810.6
19770006760000,29,12,17,994.7
19770006761000,4,2,2,0
19770006763000,38,18,20,1808.8
19770006764000,18,12,6,784.8
19770006765000,2,1,1,0
19770006766000,6,4,2,373.2
19770006767000,8,5,3,436.8
19770006769000,9,4,5,203.4
19770006770000,2,1,1,0
19770006771000,20,9,11,822
19770006772000,57,29,28,2656.2
19770006773000,6,3,3,352.2
19770006775000,8,3,5,374.4
19770006780000,31,14,17,1199.7
19770006781000,2,0,2,0
19770006782000,7,4,3,256.9
19770006793000,6,4,2,169.8
19770006800000,24,12,12,1154.4
19770006806000,7,3,4,228.9
19770006808000,1,0,1,0
19770006814000,10,7,3,468
19770006815000,1,0,1,0
19770006824000,10,4,6,454
19770006825000,26,14,12,1019.2
19770006831000,8,4,4,395.2
19770006832000,5,4,1,231
19770006835000,7,5,2,375.2
19770006838000,3,2,1,0
19770006839000,57,29,28,2718.9
19770006840000,33,17,16,1762.2
19770006841000,22,13,9,770
19770006842000,15,8,7,754.5
19770006843000,3,1,2,0
19770006845000,1,0,1,0
19770006849000,9,6,3,356.4
19770006850000,5,1,4,134
19770006852000,8,3,5,411.2
19770006853000,3,2,1,0
19770006857000,3,1,2,0
19770006863000,6,3,3,355.8
19770006869000,278,146,132,9368.6
19770006870000,18,10,8,712.8
19770006873000,3,2,1,0
19770006898000,7,4,3,366.1
19770006917000,5,3,2,296
19780006505000,22,13,9,807.4
19780006506000,17,7,10,712.3
19780006509000,17,10,7,646
19780006511000,6,3,3,148.2
19780006513000,42,20,22,1201.2
19780006515000,14,5,9,547.4
19780006516000,18,9,9,898.2
19780006518000,6,4,2,241.2
19780006519000,11,8,3,414.7
19780006520000,15,10,5,418.5
19780006522000,91,41,50,3212.3
19780006523000,22,10,12,957
19780006524000,19,12,7,737.2
19780006530000,26,16,10,930.8
19780006531000,29,18,11,1139.7
19780006532000,20,9,11,546
19780006536000,5,3,2,243
19780006537000,25,15,10,755
19780006538000,11,5,6,457.6
19780006539000,27,15,12,947.7
19780006540000,21,12,9,764.4
19780006541000,3,2,1,0
19780006543000,1,0,1,0
19780006544000,36,19,17,1497.6
19780006545000,11,7,4,416.9
19780006549000,8,4,4,455.2
19780006552000,2,1,1,0
19780006560000,27,15,12,1158.3
19780006562000,7,5,2,273
19780006563000,2,1,1,0
19780006564000,10,4,6,311
19780006565000,12,8,4,571.2
19780006566000,1,1,0,0
19780006569000,7,5,2,331.8
19780006578000,2,1,1,0
19780006593000,13,8,5,756.6
19780006594000,101,50,51,4332.9
19780006595000,14,8,6,550.2
19780006596000,46,25,21,1472
19780006597000,25,11,14,1095
19780006600000,11,6,5,403.7
19780006601000,17,11,6,870.4
19780006603000,2,1,1,0
19780006604000,18,9,9,925.2
19780006605000,36,17,19,1576.8
19780006614000,7,2,5,228.9
19780006615000,18,12,6,815.4
19780006628000,6,4,2,235.8
19780006631000,10,7,3,435
19780006632000,17,9,8,795.6
19780006633000,10,5,5,346
19780006642000,331,171,160,10757.5
19780006643000,128,64,64,5286.4
19780006649000,8,4,4,334.4
19780006655000,6,1,5,247.8
19780006656000,6,3,3,178.8
19780006658000,1,1,0,0
19780006659000,10,5,5,519
19780006664000,123,62,61,4870.8
19780006665000,291,152,139,10970.7
19780006679000,3,2,1,0
19780006680000,4,2,2,0
19780006683000,27,17,10,645.3
19780006684000,25,14,11,1262.5
19780006685000,7,4,3,350
19780006692000,4,2,2,0
19780006693000,9,5,4,561.6
19780006694000,11,6,5,513.7
19780006705000,55,29,26,2557.5
19780006706000,165,80,85,6402
19780006707000,6,3,3,238.8
19780006714000,32,17,15,1248
19780006715000,37,23,14,1528.1
19780006716000,11,2,9,372.9
19780006718000,29,14,15,1119.4
19780006720000,4,2,2,0
19780006725000,2,2,0,0
19780006726000,9,3,6,415.8
19780006731000,14,8,6,722.4
19780006736000,46,28,18,2010.2
19780006737000,69,35,34,2725.5
19780006738000,131,71,60,4847
19780006739000,405,208,197,16362
19780006740000,68,33,35,3277.6
19780006744000,19,12,7,752.4
19780006745000,215,123,92,7675.5
19780006746000,22,12,10,1320
19780006747000,10,6,4,394
19780006749000,24,14,10,938.4
19780006750000,63,29,34,2664.9
19780006751000,83,36,47,3112.5
19780006752000,33,15,18,1026.3
19780006753000,29,15,14,1148.4
19780006754000,22,14,8,783.2
19780006756000,103,49,54,4356.9
19780006757000,49,26,23,2121.7
19780006760000,5,3,2,124
19780006761000,6,3,3,289.2
19780006762000,32,18,14,1254.4
19780006763000,9,5,4,318.6
19780006768000,2,1,1,0
19780006769000,3,1,2,0
19780006780000,38,18,20,1755.6
19780006781000,27,15,12,1282.5
19780006800000,5,2,3,251
19780006804000,8,4,4,383.2
19780006805000,11,4,7,418
19780006814000,13,6,7,808.6
19780006816000,6,3,3,211.8
19780006817000,5,3,2,173
19780006818000,1,0,1,0
19780006822000,3,1,2,0
19780006824000,15,8,7,613.5
19780006829000,15,8,7,655.5
19780006834000,8,2,6,350.4
19780006836000,9,5,4,349.2
19780006840000,4,2,2,0
19780006842000,6,5,1,195
19780006859000,6,3,3,244.2
19780006861000,2,1,1,0
19780006863000,2,1,1,0
19780006866000,2,1,1,0
19780006869000,254,132,122,9372.6
19780006880000,3,2,1,0
19780006881000,9,5,4,540.9
19780006882000,10,5,5,447
19780006883000,1,0,1,0
19780006887000,1,1,0,0
19780006898000,6,1,5,310.2
19780006904000,22,11,11,891
19780006905000,12,6,6,506.4
19780006907000,2,1,1,0
19780006917000,5,3,2,329
19790006516000,26,13,13,1188.2
19790006518000,22,12,10,935
19790006519000,12,6,6,326.4
19790006520000,21,11,10,888.3
19790006522000,8,4,4,312.8
19790006523000,19,11,8,604.2
19790006524000,35,22,13,1326.5
19790006525000,24,15,9,871.2
19790006526000,2,1,1,0
19790006529000,12,8,4,506.4
19790006531000,12,6,6,321.6
19790006537000,3,1,2,0
19790006541000,4,1,3,0
19790006542000,1,0,1,0
19790006548000,8,4,4,314.4
19790006549000,24,16,8,840
19790006550000,9,5,4,299.7
19790006553000,20,13,7,710
19790006556000,9,5,4,372.6
19790006557000,8,4,4,286.4
19790006560000,28,14,14,943.6
19790006564000,2,1,1,0
19790006569000,1,1,0,0
19790006581000,150,74,76,6525
19790006582000,309,150,159,11834.7
19790006589000,9,5,4,449.1
19790006593000,9,4,5,198
19790006594000,470,237,233,19740
19790006595000,232,117,115,8189.6
19790006596000,35,16,19,1225
19790006601000,8,3,5,364.8
19790006603000,7,3,4,333.2
19790006604000,10,4,6,532
19790006605000,4,3,1,0
19790006614000,29,17,12,1189
19790006615000,5,4,1,292
19790006629000,9,5,4,397.8
19790006633000,4,1,3,0
19790006642000,27,13,14,1009.8
19790006643000,89,44,45,3008.2
19790006644000,14,8,6,494.2
19790006648000,1,1,0,0
19790006659000,4,2,2,0
19790006664000,62,32,30,2808.6
19790006665000,147,74,73,6409.2
19790006669000,68,35,33,2679.2
19790006670000,13,7,6,460.2
19790006685000,3,2,1,0
19790006693000,13,6,7,523.9
19790006694000,89,45,44,3862.6
19790006695000,50,28,22,1810
19790006704000,4,2,2,0
19790006705000,12,5,7,496.8
19790006706000,16,6,10,732.8
19790006707000,14,7,7,446.6
19790006708000,37,18,19,1598.4
19790006717000,4,2,2,0
19790006718000,11,6,5,550
19790006720000,1,1,0,0
19790006721000,3,0,3,0
19790006735000,94,50,44,3600.2
19790006736000,9,4,5,568.8
19790006737000,28,16,12,814.8
19790006738000,24,9,15,578.4
19790006739000,70,34,36,2639
19790006743000,23,14,9,970.6
19790006744000,25,14,11,1160
19790006745000,55,24,31,2062.5
19790006747000,303,153,150,12241.2
19790006748000,4,2,2,0
19790006749000,33,16,17,1326.6
19790006750000,8,3,5,348
19790006751000,18,11,7,761.4
19790006752000,56,27,29,1876
19790006753000,130,69,61,5629
19790006754000,17,9,8,933.3
19790006755000,5,1,4,217
19790006757000,28,15,13,1195.6
19790006758000,60,23,37,3024
19790006759000,34,17,17,1421.2
19790006760000,25,15,10,697.5
19790006766000,1,0,1,0
19790006787000,6,3,3,253.2
19790006789000,5,2,3,108
19790006795000,1,0,1,0
19790006804000,3,2,1,0
19790006815000,10,7,3,365
19790006819000,7,3,4,135.8
19790006820000,82,40,42,3181.6
19790006821000,67,33,34,2820.7
19790006822000,1,1,0,0
19790006823000,5,3,2,213
19790006836000,2,1,1,0
19790006837000,4,1,3,0
19790006842000,1,1,0,0
19790006843000,13,7,6,478.4
19790006850000,3,2,1,0
19790006852000,6,2,4,208.2
19790006859000,11,8,3,597.3
19790006860000,4,2,2,0
19790006861000,63,35,28,2885.4
19790006862000,9,4,5,507.6
19790006869000,7,4,3,224
19790006870000,5,4,1,157
19790006885000,4,2,2,0
19790006887000,5,2,3,148
19790006900000,5,2,3,344
19790006906000,16,9,7,884.8
19790006907000,200,98,102,7420
19790006908000,12,5,7,609.6
19790006909000,10,4,6,623
19790006912000,3,1,2,0
19790006913000,21,10,11,875.7
19800006503000,8,5,3,348
19800006504000,11,6,5,623.7
19800006508000,2,1,1,0
19800006516000,2,1,1,0
19800006517000,4,1,3,0
19800006520000,7,5,2,245
19800006525000,17,8,9,841.5
19800006526000,60,29,31,1926
19800006527000,4,2,2,0
19800006529000,10,5,5,508
19800006532000,21,11,10,837.9
19800006542000,9,4,5,268.2
19800006547000,9,5,4,253.8
19800006548000,4,3,1,0
19800006550000,9,4,5,456.3
19800006552000,26,14,12,917.8
19800006553000,2,1,1,0
19800006554000,2,0,2,0
19800006556000,9,5,4,313.2
19800006557000,1,1,0,0
19800006564000,51,25,26,2147.1
19800006566000,27,16,11,1050.3
19800006567000,69,34,35,2725.5
19800006572000,3,1,2,0
19800006573000,19,12,7,699.2
19800006574000,7,3,4,261.1
19800006580000,123,60,63,5190.6
19800006581000,1361,707,654,45593.5
19800006582000,649,315,334,27258
19800006583000,208,114,94,6281.6
19800006589000,20,10,10,840
19800006590000,62,31,31,2008.8
19800006591000,69,36,33,2973.9
19800006601000,4,2,2,0
19800006603000,17,8,9,695.3
19800006605000,5,3,2,89
19800006606000,13,8,5,659.1
19800006614000,169,84,85,6388.2
19800006615000,5,2,3,134
19800006616000,1,1,0,0
19800006629000,1,1,0,0
19800006633000,29,18,11,1307.9
19800006642000,3,1,2,0
19800006643000,36,19,17,961.2
19800006644000,58,35,23,1786.4
19800006647000,32,23,9,1126.4
19800006648000,14,8,6,476
19800006658000,18,9,9,925.2
19800006659000,12,6,6,423.6
19800006663000,118,53,65,3575.4
19800006664000,120,54,66,5532
19800006665000,173,81,92,7802.3
19800006669000,551,282,269,20827.8
19800006670000,78,46,32,3471
19800006671000,80,43,37,3704
19800006672000,30,17,13,1068
19800006686000,42,20,22,1734.6
19800006687000,2,2,0,0
19800006694000,54,26,28,1744.2
19800006695000,53,23,30,2029.9
19800006704000,29,16,13,1139.7
19800006705000,73,32,41,2328.7
19800006707000,1,1,0,0
19800006708000,11,5,6,446.6
19800006709000,44,24,20,2046
19800006710000,177,87,90,8018.1
19800006711000,79,44,35,1951.3
19800006714000,8,3,5,236.8
19800006715000,17,10,7,691.9
19800006716000,41,22,19,1414.5
19800006718000,36,23,13,1065.6
19800006719000,18,9,9,550.8
19800006735000,71,31,40,2435.3
19800006736000,18,8,10,671.4
19800006737000,8,3,5,510.4
19800006739000,60,31,29,2658
19800006741000,49,24,25,2053.1
19800006742000,8,3,5,336.8
19800006743000,39,20,19,1244.1
19800006744000,6,3,3,187.2
19800006745000,74,36,38,3263.4
19800006746000,223,111,112,7537.4
19800006747000,348,175,173,12632.4
19800006748000,2,1,1,0
19800006749000,13,8,5,657.8
19800006752000,25,13,12,797.5
19800006753000,8,5,3,376.8
19800006755000,47,24,23,2331.2
19800006758000,178,84,94,6194.4
19800006759000,58,31,27,2285.2
19800006760000,5,2,3,268
19800006762000,10,6,4,529
19800006763000,7,4,3,168.7
19800006794000,4,3,1,0
19800006795000,4,2,2,0
19800006804000,13,6,7,300.3
19800006814000,10,3,7,460
19800006815000,36,26,10,1814.4
19800006816000,5,3,2,151
19800006818000,1,0,1,0
19800006819000,12,7,5,444
19800006821000,1,1,0,0
19800006822000,16,6,10,905.6
19800006836000,3,1,2,0
19800006837000,1,1,0,0
19800006839000,5,4,1,245
19800006840000,15,9,6,796.5
19800006841000,3,1,2,0
19800006842000,49,29,20,1886.5
19800006843000,16,7,9,627.2
19800006852000,16,10,6,678.4
19800006861000,2,1,1,0
19800006872000,8,4,4,303.2
19800006882000,4,2,2,0
19800006887000,14,8,6,982.8
19800006894000,28,15,13,1643.6
19800006895000,11,6,5,544.5
19800006900000,3,2,1,0
19800006902000,2,1,1,0
19800006904000,7,4,3,259.7
19800006905000,63,31,32,2646
19800006906000,266,130,136,10267.6
19800006910000,9,6,3,388.8
19800006912000,61,32,29,2098.4
19800006913000,18,10,8,671.4
19810006504000,2,1,1,0
19810006505000,5,3,2,298
19810006510000,10,5,5,431
19810006511000,10,6,4,414
19810006520000,8,5,3,407.2
19810006521000,4,3,1,0
19810006522000,12,6,6,435.6
19810006524000,13,6,7,279.5
19810006525000,4,2,2,0
19810006526000,13,9,4,444.6
19810006527000,26,15,11,1073.8
19810006528000,381,193,188,14097
19810006529000,13,8,5,258.7
19810006532000,23,12,11,853.3
19810006535000,11,5,6,310.2
19810006540000,3,2,1,0
19810006547000,3,1,2,0
19810006548000,5,3,2,240
19810006553000,9,4,5,369
19810006556000,4,1,3,0
19810006557000,7,4,3,214.2
19810006560000,5,4,1,141
19810006563000,2,1,1,0
19810006567000,34,18,16,1220.6
19810006568000,11,8,3,352
19810006572000,32,17,15,1513.6
19810006573000,31,19,12,1525.2
19810006577000,15,6,9,445.5
19810006578000,40,24,16,1552
19810006579000,184,92,92,7378.4
19810006581000,301,149,152,11468.1
19810006582000,199,109,90,6606.8
19810006585000,9,5,4,359.1
19810006586000,21,9,12,938.7
19810006589000,7,4,3,329.7
19810006590000,26,11,15,967.2
19810006591000,37,21,16,1239.5
19810006592000,77,41,36,3418.8
19810006601000,13,8,5,660.4
19810006602000,7,5,2,216.3
19810006604000,19,11,8,940.5
19810006605000,5,3,2,259
19810006606000,2,1,1,0
19810006614000,121,60,61,5820.1
19810006615000,11,3,8,524.7
19810006631000,5,2,3,198
19810006633000,11,5,6,398.2
19810006634000,17,11,6,928.2
19810006637000,5,2,3,84
19810006638000,57,28,29,2251.5
19810006639000,44,29,15,1364
19810006640000,14,7,7,530.6
19810006641000,6,2,4,364.8
19810006642000,48,26,22,2006.4
19810006643000,119,59,60,4605.3
19810006644000,14,8,6,523.6
19810006645000,13,8,5,696.8
19810006646000,35,22,13,1277.5
19810006647000,7,3,4,233.8
19810006658000,3,2,1,0
19810006659000,31,16,15,1314.4
19810006660000,24,13,11,1159.2
19810006663000,80,44,36,3000
19810006664000,73,37,36,3117.1
19810006665000,38,18,20,1637.8
19810006668000,14,7,7,768.6
19810006669000,305,159,146,10797
19810006670000,278,123,155,8145.4
19810006671000,210,112,98,7791
19810006672000,89,52,37,4094
19810006679000,1,0,1,0
19810006686000,2,1,1,0
19810006687000,73,32,41,2810.5
19810006692000,10,4,6,327
19810006695000,18,8,10,896.4
19810006696000,40,17,23,1956
19810006704000,13,8,5,626.6
19810006705000,111,54,57,4140.3
19810006707000,4,2,2,0
19810006710000,80,43,37,3224
19810006711000,71,39,32,2882.6
19810006715000,12,6,6,663.6
19810006716000,78,47,31,2472.6
19810006719000,13,8,5,676
19810006737000,14,6,8,495.6
19810006739000,30,15,15,1311
19810006740000,23,10,13,671.6
19810006741000,15,7,8,819
19810006742000,83,41,42,2855.2
19810006743000,28,14,14,988.4
19810006744000,40,20,20,1712
19810006745000,60,35,25,2322
19810006746000,26,15,11,811.2
19810006747000,83,44,39,3195.5
19810006748000,14,9,5,491.4
19810006749000,7,3,4,338.1
19810006750000,11,6,5,345.4
19810006754000,22,10,12,895.4
19810006755000,122,54,68,5209.4
19810006756000,122,71,51,4453
19810006758000,7,5,2,214.9
19810006759000,37,21,16,1831.5
19810006788000,4,2,2,0
19810006803000,11,7,4,557.7
19810006804000,10,6,4,464
19810006813000,11,4,7,509.3
19810006814000,6,3,3,288
19810006815000,130,60,70,5291
19810006816000,39,18,21,1704.3
19810006817000,3,2,1,0
19810006819000,8,7,1,380.8
19810006839000,3,1,2,0
19810006840000,2,2,0,0
19810006842000,3,1,2,0
19810006843000,19,9,10,910.1
19810006852000,24,13,11,1176
19810006853000,13,6,7,457.6
19810006854000,6,3,3,301.2
19810006857000,4,2,2,0
19810006858000,32,19,13,1481.6
19810006867000,2,1,1,0
19810006868000,20,11,9,654
19810006869000,7,3,4,140
19810006882000,12,8,4,526.8
19810006884000,11,5,6,551.1
19810006887000,4,1,3,0
19810006894000,7,2,5,406
19810006895000,40,20,20,1856
19810006900000,1,1,0,0
19810006902000,2,1,1,0
19810006905000,51,27,24,2244
19810006912000,42,19,23,1381.8
19810006913000,9,5,4,151.2
19810006914000,7,3,4,275.8
19820006520000,4,2,2,0
19820006521000,28,15,13,1041.6
19820006522000,22,11,11,574.2
19820006524000,1,1,0,0
19820006527000,3,1,2,0
19820006528000,81,44,37,3523.5
19820006529000,7,4,3,212.8
19820006530000,1,1,0,0
19820006533000,119,58,61,5247.9
19820006534000,8,5,3,316.8
19820006540000,39,20,19,1205.1
19820006541000,11,5,6,359.7
19820006549000,10,4,6,359
19820006550000,5,2,3,177
19820006551000,17,10,7,853.4
19820006554000,5,4,1,217
19820006555000,105,61,44,3391.5
19820006557000,6,2,4,184.2
19820006558000,7,5,2,175
19820006560000,31,15,16,1019.9
19820006561000,10,6,4,426
19820006562000,29,16,13,959.9
19820006563000,202,102,100,7797.2
19820006567000,3,1,2,0
19820006572000,2,1,1,0
19820006577000,49,25,24,1832.6
19820006578000,54,30,24,2111.4
19820006579000,29,14,15,1142.6
19820006581000,48,24,24,1752
19820006582000,29,14,15,1212.2
19820006583000,4,3,1,0
19820006585000,41,22,19,1656.4
19820006586000,48,28,20,1958.4
19820006587000,63,34,29,2765.7
19820006589000,2,1,1,0
19820006590000,29,17,12,1191.9
19820006591000,7,4,3,249.2
19820006592000,1,1,0,0
19820006593000,1,1,0,0
19820006614000,15,9,6,574.5
19820006615000,28,18,10,988.4
19820006619000,3,1,2,0
19820006634000,10,3,7,383
19820006636000,5,3,2,226
19820006637000,18,8,10,783
19820006638000,1,0,1,0
19820006639000,1,1,0,0
19820006640000,73,43,30,2642.6
19820006641000,25,11,14,892.5
19820006642000,53,29,24,2257.8
19820006643000,492,257,235,19188
19820006644000,60,34,26,2502
19820006645000,47,21,26,2021
19820006647000,2,1,1,0
19820006648000,15,9,6,711
19820006649000,16,10,6,792
19820006650000,17,11,6,593.3
19820006651000,5,3,2,289
19820006652000,1,1,0,0
19820006663000,6,4,2,217.8
19820006668000,63,34,29,2179.8
19820006669000,229,116,113,8450.1
19820006670000,101,48,53,3615.8
19820006671000,710,367,343,29323
19820006672000,611,293,318,24745.5
19820006673000,38,17,21,1504.8
19820006687000,4,2,2,0
19820006688000,12,6,6,648
19820006689000,34,19,15,1880.2
19820006690000,3,2,1,0
19820006696000,51,26,25,1963.5
19820006705000,106,51,55,4176.4
19820006706000,61,33,28,2513.2
19820006711000,22,8,14,686.4
19820006712000,12,8,4,547.2
19820006716000,12,7,5,489.6
19820006717000,23,9,14,846.4
19820006718000,5,3,2,173
19820006720000,8,4,4,490.4
19820006721000,5,3,2,205
19820006722000,5,3,2,275
19820006723000,3,1,2,0
19820006724000,9,4,5,227.7
19820006735000,2,1,1,0
19820006736000,45,22,23,1804.5
19820006737000,19,11,8,775.2
19820006740000,16,7,9,462.4
19820006741000,27,17,10,1301.4
19820006742000,51,25,26,2096.1
19820006743000,17,8,9,593.3
19820006744000,44,26,18,1513.6
19820006745000,27,14,13,899.1
19820006746000,2,1,1,0
19820006747000,43,22,21,1664.1
19820006748000,23,12,11,742.9
19820006749000,40,19,21,1556
19820006750000,19,8,11,923.4
19820006753000,18,11,7,543.6
19820006754000,192,101,91,7564.8
19820006755000,52,28,24,2111.2
19820006756000,12,7,5,525.6
19820006795000,3,1,2,0
19820006796000,8,6,2,304
19820006803000,15,6,9,639
19820006809000,5,4,1,225
19820006815000,41,22,19,1348.9
19820006817000,4,2,2,0
19820006818000,2,2,0,0
19820006819000,5,3,2,179
19820006820000,39,17,22,1634.1
19820006821000,2,1,1,0
19820006823000,3,2,1,0
19820006825000,9,6,3,374.4
19820006826000,20,7,13,776
19820006831000,9,6,3,410.4
19820006838000,6,2,4,115.2
19820006839000,4,1,3,0
19820006842000,3,2,1,0
19820006853000,5,3,2,205
19820006854000,21,11,10,930.3
19820006857000,17,7,10,1040.4
19820006858000,7,3,4,424.2
19820006868000,4,2,2,0
19820006869000,34,18,16,1193.4
19820006870000,19,12,7,676.4
19820006882000,17,7,10,719.1
19820006884000,32,15,17,1801.6
19820006888000,6,5,1,208.2
19820006894000,1,1,0,0
19820006895000,3,1,2,0
19820006896000,1,1,0,0
19820006901000,2,1,1,0
19820006904000,30,17,13,828
19820006905000,125,61,64,5062.5
19820006906000,1194,604,590,49312.2
19820006907000,449,218,231,17017.1
19820006913000,53,28,25,2385
19820006914000,36,19,17,1504.8
19820006915000,53,30,23,1976.9
19830006502000,8,3,5,364.8
19830006504000,3,2,1,0
19830006513000,10,6,4,256
19830006514000,2,1,1,0
19830006516000,2,1,1,0
19830006521000,115,57,58,4140
19830006522000,4,3,1,0
19830006525000,2,1,1,0
19830006528000,31,13,18,892.8
19830006529000,14,7,7,501.2
19830006530000,45,21,24,1885.5
19830006531000,18,10,8,595.8
19830006533000,215,95,120,9610.5
19830006534000,280,142,138,9044
19830006535000,3,2,1,0
19830006536000,20,10,10,864
19830006541000,16,11,5,808
19830006551000,17,10,7,615.4
19830006554000,1,1,0,0
19830006555000,557,286,271,18715.2
19830006562000,8,5,3,206.4
19830006563000,277,144,133,9113.3
19830006570000,22,13,9,677.6
19830006571000,4,2,2,0
19830006572000,13,9,4,585
19830006577000,221,118,103,8729.5
19830006578000,28,14,14,1075.2
19830006579000,2,1,1,0
19830006581000,27,13,14,796.5
19830006584000,15,8,7,454.5
19830006585000,1,1,0,0
19830006586000,9,5,4,298.8
19830006587000,84,48,36,3242.4
19830006588000,3,2,1,0
19830006593000,6,4,2,382.8
19830006594000,2,1,1,0
19830006597000,14,7,7,520.8
19830006598000,21,9,12,711.9
19830006601000,16,8,8,540.8
19830006602000,10,6,4,330
19830006615000,22,10,12,864.6
19830006616000,7,4,3,466.9
19830006617000,3,2,1,0
19830006636000,160,77,83,6016
19830006637000,8,6,2,443.2
19830006639000,2,1,1,0
19830006643000,462,235,227,17325
19830006644000,145,82,63,4567.5
19830006652000,43,25,18,1569.5
19830006660000,23,11,12,855.6
19830006661000,13,5,8,630.5
19830006663000,44,22,22,1452
19830006664000,62,30,32,2492.4
19830006668000,100,51,49,4330
19830006669000,182,103,79,6970.6
19830006670000,139,72,67,4642.6
19830006671000,126,64,62,4347
19830006672000,437,198,239,20407.9
19830006673000,4,2,2,0
19830006690000,2,1,1,0
19830006692000,2,1,1,0
19830006693000,3,2,1,0
19830006695000,2,1,1,0
19830006696000,1,1,0,0
19830006705000,83,40,43,3004.6
19830006706000,23,12,11,1262.7
19830006717000,12,5,7,471.6
19830006718000,7,3,4,242.9
19830006722000,3,2,1,0
19830006723000,50,25,25,1740
19830006724000,20,11,9,802
19830006725000,14,7,7,742
19830006735000,4,4,0,0
19830006736000,68,33,35,2420.8
19830006737000,2,1,1,0
19830006743000,4,1,3,0
19830006747000,18,11,7,531
19830006748000,5,3,2,198
19830006749000,25,14,11,1307.5
19830006750000,2,1,1,0
19830006752000,7,3,4,254.8
19830006753000,18,11,7,577.8
19830006754000,15,7,8,798
19830006755000,46,25,21,1642.2
19830006787000,9,4,5,313.2
19830006788000,7,6,1,314.3
19830006790000,5,3,2,207
19830006800000,17,7,10,642.6
19830006809000,5,3,2,241
19830006810000,4,2,2,0
19830006815000,8,4,4,378.4
19830006816000,7,2,5,492.1
19830006818000,5,4,1,258
19830006821000,2,1,1,0
19830006822000,4,1,3,0
19830006824000,2,1,1,0
19830006825000,7,3,4,235.9
19830006826000,10,8,2,263
19830006827000,1,1,0,0
19830006828000,1,1,0,0
19830006829000,2,1,1,0
19830006831000,5,3,2,143
19830006833000,9,4,5,351.9
19830006836000,2,2,0,0
19830006837000,25,12,13,880
19830006838000,22,13,9,1056
19830006853000,3,2,1,0
19830006856000,9,4,5,252
19830006858000,16,8,8,545.6
19830006861000,2,0,2,0
19830006866000,12,4,8,438
19830006868000,4,2,2,0
19830006869000,8,5,3,280.8
19830006882000,9,4,5,270.9
19830006883000,24,14,10,1207.2
19830006884000,11,7,4,544.5
19830006887000,9,7,2,420.3
19830006888000,1,1,0,0
19830006895000,2,1,1,0
19830006901000,1,1,0,0
19830006904000,91,45,46,3421.6
19830006905000,421,215,206,16924.2
19830006906000,7,6,1,315
19830006907000,341,178,163,14697.1
19830006908000,1,1,0,0
19830006912000,13,6,7,395.2
19830006914000,24,11,13,842.4
19830006915000,64,41,23,2873.6
19840006501000,16,8,8,646.4
19840006509000,2,1,1,0
19840006512000,2,1,1,0
19840006518000,1,0,1,0
19840006519000,4,2,2,0
19840006521000,71,42,29,2996.2
19840006522000,56,31,25,1405.6
19840006523000,13,7,6,513.5
19840006531000,4,2,2,0
19840006533000,17,9,8,698.7
19840006534000,382,199,183,11154.4
19840006536000,17,9,8,588.2
19840006537000,2,1,1,0
19840006541000,3,2,1,0
19840006549000,12,6,6,266.4
19840006550000,12,8,4,429.6
19840006555000,315,163,152,10206
19840006556000,42,21,21,1554
19840006561000,2,1,1,0
19840006562000,17,8,9,799
19840006567000,37,20,17,1102.6
19840006568000,49,26,23,1940.4
19840006571000,2,2,0,0
19840006572000,2,1,1,0
19840006577000,303,149,154,11817
19840006578000,2,1,1,0
19840006579000,7,4,3,298.9
19840006580000,4,3,1,0
19840006582000,20,8,12,574
19840006583000,45,25,20,1377
19840006584000,35,21,14,1099
19840006585000,4,3,1,0
19840006587000,7,3,4,485.1
19840006588000,23,12,11,1177.6
19840006593000,7,4,3,371
19840006595000,4,1,3,0
19840006596000,26,15,11,988
19840006597000,37,17,20,1417.1
19840006598000,12,7,5,448.8
19840006600000,5,2,3,147
19840006601000,23,13,10,986.7
19840006602000,11,6,5,550
19840006603000,5,2,3,217
19840006604000,3,2,1,0
19840006630000,3,2,1,0
19840006633000,8,5,3,376
19840006634000,215,114,101,6966
19840006635000,176,95,81,8641.6
19840006636000,192,90,102,8025.6
19840006637000,43,24,19,1874.8
19840006639000,5,2,3,252
19840006642000,21,12,9,833.7
19840006643000,85,44,41,3179
19840006644000,1,0,1,0
19840006648000,9,5,4,359.1
19840006653000,9,5,4,349.2
19840006654000,5,2,3,341
19840006662000,45,24,21,1786.5
19840006663000,150,81,69,7545
19840006667000,10,4,6,536
19840006668000,355,173,182,13170.5
19840006669000,21,10,11,657.3
19840006671000,19,10,9,877.8
19840006672000,10,4,6,434
19840006673000,13,6,7,708.5
19840006674000,44,26,18,1988.8
19840006675000,12,6,6,798
19840006676000,30,16,14,1347
19840006688000,13,6,7,783.9
19840006689000,2,1,1,0
19840006690000,15,7,8,706.5
19840006691000,10,3,7,411
19840006693000,2,1,1,0
19840006705000,2,2,0,0
19840006706000,9,4,5,378
19840006707000,6,2,4,304.2
19840006708000,4,2,2,0
19840006713000,3,1,2,0
19840006717000,1,1,0,0
19840006718000,41,22,19,1660.5
19840006719000,13,8,5,648.7
19840006720000,32,17,15,956.8
19840006721000,14,5,9,603.4
19840006725000,12,5,7,381.6
19840006726000,41,20,21,1607.2
19840006728000,8,4,4,395.2
19840006735000,21,12,9,697.2
19840006737000,12,6,6,382.8
19840006738000,40,20,20,1908
19840006747000,7,3,4,303.1
19840006752000,12,6,6,552
19840006753000,9,6,3,431.1
19840006756000,7,3,4,438.2
19840006757000,6,3,3,369
19840006758000,7,3,4,382.9
19840006759000,6,4,2,253.2
19840006767000,1,1,0,0
19840006787000,19,10,9,805.6
19840006788000,16,7,9,820.8
19840006790000,13,6,7,743.6
19840006800000,4,3,1,0
19840006801000,35,15,20,2110.5
19840006803000,9,4,5,376.2
19840006808000,3,1,2,0
19840006818000,19,9,10,676.4
19840006819000,32,20,12,1299.2
19840006820000,37,20,17,1591
19840006821000,26,14,12,1196
19840006822000,36,16,20,1299.6
19840006823000,3,1,2,0
19840006826000,3,2,1,0
19840006829000,6,3,3,429
19840006830000,5,3,2,317
19840006831000,4,2,2,0
19840006832000,6,4,2,256.2
19840006834000,21,8,13,911.4
19840006835000,13,9,4,530.4
19840006836000,15,8,7,541.5
19840006837000,142,58,84,3038.8
19840006838000,55,26,29,1512.5
19840006849000,9,3,6,532.8
19840006856000,15,11,4,658.5
19840006857000,6,2,4,217.8
19840006858000,19,11,8,940.5
19840006861000,2,2,0,0
19840006865000,15,7,8,660
19840006867000,5,2,3,138
19840006868000,6,4,2,207
19840006872000,7,2,5,242.9
19840006883000,14,8,6,653.8
19840006886000,2,1,1,0
19840006900000,1,0,1,0
19840006902000,3,1,2,0
19840006903000,3,1,2,0
19840006904000,379,192,187,14894.7
19840006905000,109,56,53,4229.2
19840006906000,1,1,0,0
19840006907000,9,5,4,631.8
19840006908000,21,12,9,938.7
19840006910000,100,51,49,4250
19840006911000,347,183,164,15198.6
19840006912000,105,55,50,4221
19840006914000,19,12,7,697.3
19840006915000,8,5,3,304
19850006499000,7,3,4,371
19850006500000,43,25,18,1677
19850006501000,1,1,0,0
19850006502000,3,2,1,0
19850006505000,2,1,1,0
19850006511000,5,3,2,236
19850006512000,3,2,1,0
19850006519000,3,1,2,0
19850006521000,10,5,5,332
19850006522000,80,49,31,3760
19850006528000,2,1,1,0
19850006534000,38,19,19,1626.4
19850006537000,1,1,0,0
19850006550000,8,4,4,295.2
19850006556000,13,7,6,546
19850006562000,17,9,8,746.3
19850006567000,11,6,5,480.7
19850006571000,6,4,2,84
19850006574000,2,1,1,0
19850006577000,700,344,356,27160
19850006578000,232,123,109,7099.2
19850006581000,20,11,9,878
19850006582000,37,19,18,1801.9
19850006583000,3,2,1,0
19850006584000,28,14,14,1075.2
19850006585000,62,28,34,2337.4
19850006586000,25,16,9,1122.5
19850006587000,120,63,57,4560
19850006588000,9,6,3,405.9
19850006596000,24,12,12,828
19850006604000,5,3,2,326
19850006605000,12,5,7,524.4
19850006606000,8,4,4,519.2
19850006620000,10,4,6,423
19850006621000,2,1,1,0
19850006622000,3,2,1,0
19850006623000,3,2,1,0
19850006629000,44,24,20,1315.6
19850006630000,83,38,45,3934.2
19850006631000,2,1,1,0
19850006635000,7,3,4,224
19850006636000,19,9,10,733.4
19850006637000,5,3,2,278
19850006638000,11,7,4,623.7
19850006639000,25,14,11,747.5
19850006643000,19,12,7,1005.1
19850006644000,24,12,12,1003.2
19850006647000,26,13,13,1086.8
19850006649000,6,2,4,274.8
19850006653000,9,4,5,501.3
19850006654000,15,5,10,583.5
19850006662000,22,11,11,717.2
19850006664000,49,29,20,1862
19850006665000,129,62,67,5637.3
19850006666000,29,16,13,1464.5
19850006667000,45,24,21,1908
19850006668000,30,14,16,687
19850006677000,42,21,21,1869
19850006678000,7,3,4,441
19850006687000,8,4,4,251.2
19850006688000,9,5,4,303.3
19850006692000,1,1,0,0
19850006698000,2,2,0,0
19850006699000,14,8,6,415.8
19850006709000,7,4,3,342.3
19850006712000,23,10,13,920
19850006713000,49,29,20,2445.1
19850006715000,19,11,8,993.7
19850006718000,41,20,21,1369.4
19850006719000,49,25,24,2136.4
19850006720000,40,19,21,1664
19850006721000,42,23,19,1642.2
19850006722000,6,4,2,199.8
19850006725000,33,19,14,1287
19850006728000,4,2,2,0
19850006729000,30,12,18,1035
19850006730000,26,17,9,1029.6
19850006733000,2,1,1,0
19850006734000,2,1,1,0
19850006735000,166,82,84,6357.8
19850006736000,44,24,20,1878.8
19850006737000,1,1,0,0
19850006738000,18,11,7,658.8
19850006739000,3,2,1,0
19850006757000,85,45,40,3952.5
19850006766000,1,1,0,0
19850006768000,1,0,1,0
19850006781000,8,5,3,411.2
19850006782000,2,0,2,0
19850006783000,14,8,6,673.4
19850006784000,2,1,1,0
19850006790000,20,12,8,744
19850006801000,21,13,8,865.2
19850006802000,66,36,30,2376
19850006803000,67,37,30,2552.7
19850006809000,6,3,3,292.8
19850006817000,1,1,0,0
19850006818000,6,3,3,253.8
19850006819000,9,3,6,313.2
19850006828000,2,1,1,0
19850006829000,1,0,1,0
19850006830000,2,1,1,0
19850006835000,5,3,2,262
19850006836000,115,63,52,4174.5
19850006837000,4,3,1,0
19850006840000,2,2,0,0
19850006849000,1,1,0,0
19850006851000,2,1,1,0
19850006852000,5,2,3,208
19850006856000,35,22,13,1638
19850006858000,1,1,0,0
19850006861000,34,19,15,1322.6
19850006864000,22,13,9,895.4
19850006865000,32,16,16,1081.6
19850006886000,11,7,4,401.5
19850006900000,1,1,0,0
19850006903000,71,42,29,2122.9
19850006904000,64,28,36,2611.2
19850006908000,15,7,8,540
19850006909000,10,4,6,550
19850006910000,32,17,15,1414.4
19850006911000,62,30,32,2356
19850006912000,46,25,21,1596.2
19850006913000,69,36,33,2663.4
19850006914000,34,18,16,1717
19860006499000,2,1,1,0
19860006504000,5,3,2,184
19860006519000,3,1,2,0
19860006520000,11,5,6,531.3
19860006521000,27,12,15,969.3
19860006522000,39,24,15,1513.2
19860006523000,7,5,2,219.8
19860006529000,8,4,4,260.8
19860006536000,1,1,0,0
19860006538000,10,6,4,357
19860006563000,7,3,4,347.2
19860006564000,9,3,6,361.8
19860006565000,3,2,1,0
19860006566000,17,10,7,440.3
19860006574000,2,1,1,0
19860006575000,100,52,48,4030
19860006576000,699,353,346,31944.3
19860006577000,1619,791,828,59417.3
19860006578000,1042,524,518,31260
19860006581000,2,1,1,0
19860006582000,80,38,42,2936
19860006583000,54,31,23,1609.2
19860006584000,16,9,7,748.8
19860006586000,33,16,17,1372.8
19860006587000,67,31,36,2331.6
19860006589000,6,1,5,97.2
19860006590000,6,1,5,87
19860006595000,3,2,1,0
19860006601000,5,3,2,295
19860006605000,21,11,10,777
19860006606000,1,1,0,0
19860006607000,5,3,2,334
19860006612000,3,2,1,0
19860006614000,12,5,7,529.2
19860006615000,15,7,8,658.5
19860006616000,13,6,7,702
19860006628000,28,10,18,1036
19860006629000,33,16,17,716.1
19860006630000,281,147,134,11549.1
19860006631000,63,34,29,2658.6
19860006632000,15,8,7,394.5
19860006636000,14,8,6,336
19860006643000,10,6,4,488
19860006644000,18,7,11,799.2
19860006646000,54,30,24,2019.6
19860006647000,14,9,5,698.6
19860006654000,6,3,3,169.8
19860006661000,1,1,0,0
19860006664000,110,56,54,4598
19860006665000,95,49,46,3515
19860006666000,13,7,6,608.4
19860006677000,36,21,15,1263.6
19860006678000,433,228,205,16150.9
19860006679000,13,6,7,254.8
19860006686000,16,10,6,939.2
19860006687000,21,12,9,1056.3
19860006688000,9,4,5,315.9
19860006693000,1,0,1,0
19860006695000,4,2,2,0
19860006697000,30,17,13,1632
19860006698000,22,9,13,1243
19860006699000,23,9,14,1138.5
19860006700000,4,2,2,0
19860006703000,2,1,1,0
19860006704000,54,30,24,3186
19860006705000,1,1,0,0
19860006706000,25,14,11,1177.5
19860006713000,14,5,9,533.4
19860006714000,4,2,2,0
19860006719000,12,5,7,375.6
19860006720000,2,1,1,0
19860006726000,2,1,1,0
19860006728000,7,5,2,469.7
19860006729000,1,1,0,0
19860006730000,9,5,4,523.8
19860006731000,11,5,6,490.6
19860006735000,4,3,1,0
19860006736000,6,2,4,222
19860006738000,6,3,3,232.8
19860006740000,28,15,13,1380.4
19860006746000,8,5,3,336
19860006748000,7,4,3,301.7
19860006756000,18,6,12,520.2
19860006757000,34,19,15,1740.8
19860006766000,28,15,13,1204
19860006781000,8,5,3,242.4
19860006784000,8,2,6,596.8
19860006785000,1,0,1,0
19860006788000,43,22,21,1195.4
19860006789000,11,4,7,588.5
19860006792000,2,1,1,0
19860006793000,9,4,5,431.1
19860006798000,7,3,4,392.7
19860006801000,1,1,0,0
19860006803000,26,14,12,975
19860006809000,6,2,4,301.8
19860006816000,4,2,2,0
19860006817000,2,2,0,0
19860006828000,5,3,2,340
19860006829000,2,1,1,0
19860006840000,102,50,52,3825
19860006841000,14,7,7,467.6
19860006850000,3,2,1,0
19860006853000,4,3,1,0
19860006861000,1,1,0,0
19860006864000,18,13,5,802.8
19860006865000,3,2,1,0
19860006869000,2,1,1,0
19860006886000,133,63,70,5931.8
19860006891000,1,1,0,0
19860006898000,10,6,4,551
19860006902000,11,7,4,440
19860006903000,16,9,7,339.2
19860006911000,6,3,3,273
19860006931000,36,18,18,1508.4
19860006932000,9,2,7,224.1
19870006499000,11,6,5,468.6
19870006502000,1,1,0,0
19870006519000,2,1,1,0
19870006520000,18,10,8,975.6
19870006521000,6,3,3,315
19870006522000,2,1,1,0
19870006523000,5,2,3,251
19870006528000,10,5,5,317
19870006533000,4,3,1,0
19870006535000,2,2,0,0
19870006536000,8,5,3,482.4
19870006537000,11,5,6,474.1
19870006562000,5,2,3,272
19870006563000,100,54,46,4880
19870006565000,13,5,8,538.2
19870006574000,71,31,40,2165.5
19870006575000,259,134,125,8883.7
19870006576000,341,171,170,12071.4
19870006577000,1279,644,635,47195.1
19870006578000,302,153,149,9815
19870006582000,42,20,22,1289.4
19870006583000,33,18,15,1263.9
19870006584000,12,5,7,651.6
19870006587000,7,3,4,212.8
19870006589000,22,8,14,605
19870006595000,8,4,4,252
19870006597000,12,7,5,661.2
19870006598000,1,1,0,0
19870006606000,3,2,1,0
19870006612000,18,10,8,1031.4
19870006614000,33,14,19,1339.8
19870006628000,12,7,5,463.2
19870006629000,6,3,3,403.8
19870006630000,1,1,0,0
19870006631000,17,9,8,678.3
19870006632000,32,17,15,1065.6
19870006646000,132,67,65,5227.2
19870006647000,5,3,2,252
19870006649000,5,4,1,304
19870006654000,4,2,2,0
19870006655000,16,9,7,448
19870006656000,78,41,37,2932.8
19870006678000,56,25,31,2072
19870006679000,12,6,6,444
19870006686000,31,10,21,1385.7
19870006687000,18,9,9,799.2
19870006693000,2,1,1,0
19870006694000,1,1,0,0
19870006701000,3,2,1,0
19870006702000,7,3,4,420
19870006703000,95,48,47,4009
19870006704000,29,18,11,1267.3
19870006706000,5,2,3,128
19870006707000,4,2,2,0
19870006708000,37,19,18,1176.6
19870006713000,17,7,10,819.4
19870006714000,120,58,62,4932
19870006715000,75,43,32,2812.5
19870006720000,6,3,3,172.8
19870006724000,7,5,2,252.7
19870006726000,20,12,8,914
19870006727000,14,8,6,666.4
19870006728000,27,14,13,1061.1
19870006729000,26,13,13,1237.6
19870006731000,42,19,23,1734.6
19870006732000,18,11,7,664.2
19870006739000,27,13,14,1069.2
19870006740000,53,25,28,2390.3
19870006744000,2,2,0,0
19870006745000,4,2,2,0
19870006759000,5,3,2,329
19870006760000,5,3,2,268
19870006762000,2,1,1,0
19870006765000,4,3,1,0
19870006766000,3,3,0,0
19870006781000,4,2,2,0
19870006785000,2,1,1,0
19870006788000,11,6,5,752.4
19870006789000,69,39,30,3408.6
19870006790000,13,6,7,460.2
19870006801000,15,7,8,834
19870006802000,20,9,11,856
19870006803000,22,14,8,789.8
19870006810000,13,6,7,513.5
19870006814000,7,3,4,226.1
19870006816000,27,13,14,1412.1
19870006817000,2,1,1,0
19870006825000,2,2,0,0
19870006826000,16,8,8,809.6
19870006829000,1,1,0,0
19870006836000,7,4,3,263.9
19870006837000,2,1,1,0
19870006838000,10,7,3,415
19870006839000,46,20,26,2198.8
19870006840000,367,187,180,14276.3
19870006841000,272,130,142,10064
19870006852000,14,9,5,512.4
19870006853000,26,10,16,777.4
19870006855000,7,4,3,429.1
19870006861000,12,6,6,519.6
19870006862000,2,1,1,0
19870006863000,6,3,3,447
19870006864000,2,1,1,0
19870006869000,7,3,4,273.7
19870006886000,314,161,153,12999.6
19870006898000,2,1,1,0
19870006899000,5,3,2,230
19870006902000,2,1,1,0
19870006903000,10,6,4,431
19870006907000,3,2,1,0
19870006911000,41,22,19,2234.5
19870006914000,2,1,1,0
19870006931000,46,24,22,1577.8
19880006499000,33,15,18,1551
19880006500000,5,3,2,192
19880006503000,3,2,1,0
19880006504000,1,0,1,0
19880006508000,2,1,1,0
19880006519000,8,5,3,318.4
19880006520000,3,2,1,0
19880006522000,14,6,8,709.8
19880006523000,22,11,11,862.4
19880006524000,8,5,3,204.8
19880006534000,6,3,3,243
19880006535000,14,6,8,547.4
19880006536000,16,9,7,544
19880006537000,7,4,3,329.7
19880006539000,26,14,12,1128.4
19880006556000,2,1,1,0
19880006557000,1,1,0,0
19880006562000,21,11,10,984.9
19880006563000,311,153,158,11444.8
19880006564000,83,40,43,3876.1
19880006566000,7,4,3,261.8
19880006567000,11,5,6,379.5
19880006572000,3,2,1,0
19880006573000,34,18,16,1210.4
19880006574000,54,31,23,2494.8
19880006576000,2,1,1,0
19880006582000,11,7,4,337.7
19880006587000,5,3,2,208
19880006590000,11,6,5,511.5
19880006591000,30,15,15,930
19880006592000,38,16,22,1455.4
19880006596000,6,3,3,261
19880006597000,16,9,7,552
19880006598000,4,2,2,0
19880006601000,7,6,1,363.3
19880006604000,6,3,3,316.8
19880006605000,3,2,1,0
19880006606000,9,5,4,565.2
19880006612000,2,1,1,0
19880006632000,19,11,8,837.9
19880006633000,38,20,18,1318.6
19880006646000,98,57,41,3792.6
19880006647000,59,30,29,1899.8
19880006648000,7,4,3,394.8
19880006649000,1,0,1,0
19880006650000,33,15,18,1320
19880006656000,53,31,22,2008.7
19880006661000,41,20,21,1549.8
19880006678000,14,7,7,561.4
19880006679000,28,12,16,1321.6
19880006687000,15,8,7,664.5
19880006688000,156,77,79,7300.8
19880006689000,5,1,4,348
19880006692000,7,1,6,175.7
19880006693000,5,3,2,377
19880006694000,3,1,2,0
19880006700000,1,1,0,0
19880006701000,2,1,1,0
19880006702000,2,1,1,0
19880006703000,8,4,4,291.2
19880006706000,2,1,1,0
19880006707000,27,15,12,1250.1
19880006708000,49,27,22,2288.3
19880006713000,29,17,12,1247
19880006714000,256,120,136,11238.4
19880006715000,138,75,63,5340.6
19880006728000,2,1,1,0
19880006729000,9,5,4,344.7
19880006731000,43,21,22,2446.7
19880006738000,40,24,16,1836
19880006741000,69,39,30,2649.6
19880006743000,2,1,1,0
19880006748000,1,1,0,0
19880006749000,2,2,0,0
19880006761000,4,1,3,0
19880006766000,6,2,4,241.2
19880006780000,2,1,1,0
19880006785000,7,3,4,588
19880006786000,8,4,4,200.8
19880006791000,15,6,9,643.5
19880006805000,6,3,3,283.8
19880006806000,3,2,1,0
19880006811000,7,5,2,308
19880006812000,12,4,8,547.2
19880006815000,4,1,3,0
19880006816000,18,8,10,687.6
19880006817000,2,1,1,0
19880006827000,2,0,2,0
19880006830000,3,2,1,0
19880006836000,3,2,1,0
19880006837000,15,7,8,568.5
19880006838000,97,54,43,3986.7
19880006839000,64,35,29,2304
19880006840000,183,90,93,7082.1
19880006841000,204,90,114,9975.6
19880006851000,21,10,11,489.3
19880006852000,12,7,5,456
19880006855000,23,16,7,644
19880006856000,8,5,3,470.4
19880006864000,1,0,1,0
19880006865000,9,7,2,423
19880006866000,9,4,5,357.3
19880006867000,1,1,0,0
19880006869000,9,5,4,434.7
19880006871000,1,1,0,0
19880006886000,295,150,145,12508
19880006887000,315,164,151,12946.5
19880006898000,11,7,4,628.1
19880006902000,33,18,15,1564.2
19880006903000,70,39,31,2870
19880006905000,9,5,4,416.7
19880006909000,19,10,9,856.9
19880006910000,24,11,13,1382.4
19880006914000,13,6,7,880.1
19880006924000,5,3,2,368
19880006926000,13,7,6,854.1
19880006927000,4,2,2,0
19880006931000,9,6,3,565.2
19890006498000,14,8,6,722.4
19890006499000,90,48,42,3852
19890006500000,35,20,15,976.5
19890006502000,12,6,6,398.4
19890006503000,8,3,5,364.8
19890006522000,15,7,8,654
19890006523000,8,4,4,256.8
19890006524000,17,10,7,741.2
19890006525000,6,4,2,181.2
19890006542000,11,8,3,317.9
19890006559000,22,12,10,906.4
19890006560000,22,9,13,770
19890006562000,3,1,2,0
19890006563000,33,19,14,755.7
19890006566000,2,1,1,0
19890006568000,6,3,3,379.2
19890006572000,1,1,0,0
19890006573000,8,5,3,292
19890006574000,1,0,1,0
19890006587000,4,3,1,0
19890006588000,31,15,16,1391.9
19890006591000,5,3,2,178
19890006592000,6,4,2,190.8
19890006593000,58,31,27,1943
19890006594000,9,7,2,390.6
19890006596000,10,4,6,568
19890006597000,13,5,8,465.4
19890006598000,7,4,3,340.9
19890006601000,12,8,4,296.4
19890006604000,5,2,3,71
19890006605000,1,1,0,0
19890006616000,4,2,2,0
19890006617000,13,6,7,569.4
19890006618000,2,2,0,0
19890006628000,13,5,8,299
19890006629000,27,12,15,1004.4
19890006632000,6,4,2,346.2
19890006633000,38,20,18,1504.8
19890006634000,52,28,24,1877.2
19890006635000,9,6,3,320.4
19890006646000,10,6,4,552
19890006647000,6,4,2,247.8
19890006648000,251,123,128,10516.9
19890006650000,34,21,13,1315.8
19890006656000,16,8,8,769.6
19890006657000,1,0,1,0
19890006661000,7,3,4,380.1
19890006662000,7,4,3,350.7
19890006678000,90,42,48,4185
19890006679000,5,4,1,229
19890006681000,5,4,1,180
19890006688000,20,10,10,1068
19890006693000,3,1,2,0
19890006696000,1,1,0,0
19890006697000,18,9,9,604.8
19890006706000,9,5,4,455.4
19890006707000,8,5,3,475.2
19890006708000,48,27,21,2366.4
19890006709000,2,1,1,0
19890006713000,6,4,2,306
19890006714000,142,67,75,5168.8
19890006728000,23,10,13,1023.5
19890006731000,21,10,11,917.7
19890006732000,92,45,47,3643.2
19890006737000,3,2,1,0
19890006738000,1,1,0,0
19890006740000,25,14,11,1052.5
19890006741000,91,45,46,3712.8
19890006765000,1,1,0,0
19890006767000,2,1,1,0
19890006772000,2,1,1,0
19890006781000,7,3,4,326.2
19890006785000,108,52,56,3985.2
19890006805000,6,3,3,274.8
19890006806000,32,13,19,1164.8
19890006811000,117,46,71,5499
19890006815000,23,14,9,1005.1
19890006817000,5,2,3,199
19890006820000,2,1,1,0
19890006836000,13,8,5,488.8
19890006838000,11,6,5,583
19890006839000,6,2,4,202.8
19890006842000,7,4,3,294.7
19890006850000,2,2,0,0
19890006851000,3,2,1,0
19890006852000,6,2,4,229.2
19890006855000,31,15,16,1441.5
19890006864000,6,2,4,388.8
19890006865000,3,2,1,0
19890006868000,20,10,10,1068
19890006872000,7,5,2,282.1
19890006886000,165,84,81,6253.5
19890006892000,2,1,1,0
19890006898000,1,0,1,0
19890006909000,226,103,123,9017.4
19890006910000,50,22,28,2145
19890006925000,1,0,1,0
19890006926000,2,2,0,0
19890006930000,9,5,4,270.9
19890006931000,15,11,4,598.5
19890006932000,5,2,3,251
19890006933000,34,17,17,1713.6
19900006497000,136,73,63,5086.4
19900006498000,178,90,88,6283.4
19900006499000,515,253,262,19106.5
19900006500000,519,275,244,18995.4
19900006502000,28,16,12,1313.2
19900006503000,5,2,3,107
19900006505000,26,13,13,798.2
19900006506000,11,6,5,469.7
19900006507000,2,0,2,0
19900006513000,4,2,2,0
19900006514000,12,5,7,558
19900006515000,11,6,5,299.2
19900006517000,10,5,5,338
19900006519000,4,2,2,0
19900006521000,1,0,1,0
19900006522000,2,1,1,0
19900006523000,12,7,5,501.6
19900006524000,2,1,1,0
19900006525000,7,5,2,273.7
19900006539000,17,9,8,644.3
19900006542000,5,2,3,301
19900006557000,9,4,5,467.1
19900006558000,66,31,35,2626.8
19900006562000,33,20,13,920.7
19900006567000,5,3,2,245
19900006578000,12,7,5,534
19900006579000,6,3,3,291
19900006588000,25,17,8,1027.5
19900006590000,6,2,4,189
19900006593000,119,65,54,4712.4
19900006594000,56,29,27,1657.6
19900006596000,9,4,5,288.9
19900006597000,3,1,2,0
19900006598000,2,2,0,0
19900006599000,1,1,0,0
19900006601000,11,4,7,389.4
19900006602000,7,3,4,196.7
19900006606000,4,3,1,0
19900006611000,10,4,6,593
19900006612000,95,40,55,4797.5
19900006618000,10,5,5,476
19900006619000,9,4,5,352.8
19900006620000,9,5,4,261.9
19900006621000,7,3,4,179.9
19900006627000,8,3,5,508
19900006628000,35,13,22,1494.5
19900006629000,42,26,16,1759.8
19900006630000,12,5,7,297.6
19900006633000,16,7,9,595.2
19900006634000,20,9,11,814
19900006648000,214,89,125,9437.4
19900006649000,235,122,113,9658.5
19900006650000,39,19,20,1501.5
19900006656000,293,151,142,11837.2
19900006657000,4,2,2,0
19900006662000,66,31,35,2686.2
19900006663000,21,12,9,877.8
19900006678000,116,61,55,4558.8
19900006679000,355,177,178,14626
19900006685000,10,5,5,351
19900006687000,13,7,6,535.6
19900006688000,6,3,3,279
19900006689000,9,5,4,407.7
19900006693000,2,1,1,0
19900006708000,21,9,12,865.2
19900006713000,2,1,1,0
19900006714000,17,7,10,579.7
19900006728000,23,12,11,906.2
19900006731000,75,36,39,2820
19900006732000,236,128,108,10006.4
19900006733000,59,38,21,2407.2
19900006737000,29,14,15,1426.8
19900006740000,12,6,6,578.4
19900006764000,2,1,1,0
19900006767000,2,1,1,0
19900006768000,44,22,22,1900.8
19900006769000,10,5,5,454
19900006770000,2,2,0,0
19900006771000,2,1,1,0
19900006774000,1,1,0,0
19900006775000,2,1,1,0
19900006785000,32,15,17,1004.8
19900006811000,58,30,28,2291
19900006817000,13,6,7,522.6
19900006818000,8,3,5,302.4
19900006819000,1,1,0,0
19900006820000,1,0,1,0
19900006827000,9,4,5,294.3
19900006835000,14,6,8,418.6
19900006836000,22,13,9,998.8
19900006838000,11,6,5,614.9
19900006841000,5,2,3,148
19900006851000,77,39,38,2872.1
19900006852000,32,12,20,1299.2
19900006853000,8,4,4,515.2
19900006855000,34,17,17,1424.6
19900006864000,4,2,2,0
19900006866000,3,3,0,0
19900006868000,21,12,9,1003.8
19900006871000,12,6,6,285.6
19900006872000,2,0,2,0
19900006908000,12,5,7,261.6
19900006909000,4,2,2,0
19900006911000,9,5,4,248.4
19900006929000,3,1,2,0
19900006930000,2,2,0,0
19900006934000,5,1,4,159
19900006935000,4,2,2,0
19910006498000,40,22,18,2012
19910006499000,288,138,150,11808
19910006500000,686,322,364,30252.6
19910006503000,7,5,2,128.8
19910006506000,1,0,1,0
19910006507000,5,3,2,255
19910006508000,2,2,0,0
19910006509000,2,1,1,0
19910006510000,7,3,4,314.3
19910006511000,8,4,4,268.8
19910006513000,3,2,1,0
19910006515000,17,9,8,691.9
19910006516000,2,1,1,0
19910006522000,1,1,0,0
19910006524000,9,5,4,442.8
19910006525000,4,3,1,0
19910006531000,5,3,2,312
19910006540000,2,1,1,0
19910006541000,10,5,5,508
19910006542000,14,9,5,547.4
19910006544000,7,4,3,249.9
19910006554000,10,6,4,187
19910006555000,66,37,29,2494.8
19910006558000,41,23,18,1476
19910006562000,107,51,56,3188.6
19910006588000,41,22,19,1631.8
19910006595000,1,1,0,0
19910006599000,28,15,13,1103.2
19910006601000,3,2,1,0
19910006602000,8,5,3,411.2
19910006605000,4,1,3,0
19910006611000,5,2,3,271
19910006612000,74,42,32,2849
19910006614000,8,5,3,243.2
19910006615000,1,0,1,0
19910006619000,2,1,1,0
19910006620000,43,26,17,1216.9
19910006621000,19,10,9,786.6
19910006623000,1,1,0,0
19910006629000,15,6,9,805.5
19910006630000,16,8,8,689.6
19910006631000,7,3,4,324.8
19910006632000,6,4,2,250.8
19910006634000,3,1,2,0
19910006636000,3,1,2,0
19910006647000,36,16,20,1220.4
19910006648000,73,39,34,2861.6
19910006649000,335,171,164,12462
19910006650000,255,127,128,8772
19910006655000,24,15,9,1128
19910006656000,265,134,131,12190
19910006657000,38,21,17,1459.2
19910006663000,42,23,19,1785
19910006664000,1,1,0,0
19910006677000,1,0,1,0
19910006678000,43,25,18,1797.4
19910006679000,47,22,25,1254.9
19910006680000,233,120,113,8667.6
19910006687000,18,11,7,653.4
19910006690000,2,1,1,0
19910006697000,10,5,5,597
19910006709000,13,7,6,400.4
19910006713000,41,20,21,1705.6
19910006714000,32,17,15,1321.6
19910006715000,29,13,16,687.3
19910006728000,94,50,44,3816.4
19910006729000,191,96,95,7506.3
19910006731000,100,53,47,3850
19910006732000,9,4,5,304.2
19910006733000,2,1,1,0
19910006738000,32,15,17,1001.6
19910006739000,1,1,0,0
19910006740000,290,156,134,10556
19910006742000,1,1,0,0
19910006744000,2,1,1,0
19910006745000,9,4,5,426.6
19910006750000,1,1,0,0
19910006763000,7,2,5,284.2
19910006768000,9,5,4,219.6
19910006769000,1,1,0,0
19910006775000,2,1,1,0
19910006776000,3,2,1,0
19910006805000,8,4,4,442.4
19910006806000,54,27,27,1852.2
19910006812000,15,8,7,541.5
19910006813000,2,1,1,0
19910006814000,5,3,2,315
19910006817000,10,5,5,494
19910006818000,21,11,10,829.5
19910006827000,9,4,5,453.6
19910006828000,5,2,3,105
19910006836000,7,3,4,363.3
19910006842000,21,13,8,802.2
19910006850000,4,3,1,0
19910006851000,19,9,10,657.4
19910006853000,5,3,2,128
19910006854000,2,1,1,0
19910006855000,8,4,4,288
19910006861000,2,1,1,0
19910006864000,3,1,2,0
19910006868000,6,4,2,124.8
19910006871000,12,8,4,588
19910006872000,3,2,1,0
19910006896000,44,21,23,1914
19910006897000,38,23,15,1181.8
19910006898000,3,1,2,0
19910006902000,7,3,4,468.3
19910006907000,25,13,12,930
19910006910000,8,4,4,223.2
19910006911000,4,2,2,0
19910006913000,3,2,1,0
19910006924000,14,4,10,498.4
19910006928000,2,1,1,0
19910006929000,6,4,2,367.2
19910006934000,31,17,14,1571.7
19920006495000,2,2,0,0
19920006498000,2,1,1,0
19920006499000,54,30,24,2300.4
19920006500000,59,29,30,2212.5
19920006501000,24,12,12,1032
19920006502000,7,5,2,420
19920006503000,4,2,2,0
19920006511000,7,3,4,298.2
19920006512000,3,2,1,0
19920006522000,9,5,4,419.4
19920006525000,3,3,0,0
19920006544000,3,2,1,0
19920006545000,33,16,17,1191.3
19920006553000,9,3,6,341.1
19920006554000,23,11,12,991.3
19920006555000,1,1,0,0
19920006559000,11,7,4,660
19920006563000,5,3,2,236
19920006564000,15,9,6,667.5
19920006580000,2,1,1,0
19920006590000,19,11,8,972.8
19920006591000,25,13,12,857.5
19920006592000,19,12,7,625.1
19920006594000,4,2,2,0
19920006596000,1,1,0,0
19920006597000,11,7,4,522.5
19920006598000,20,10,10,1022
19920006599000,71,40,31,2683.8
19920006601000,5,3,2,298
19920006621000,12,6,6,626.4
19920006624000,5,3,2,177
19920006627000,10,6,4,513
19920006630000,21,9,12,781.2
19920006631000,10,6,4,401
19920006647000,36,20,16,1573.2
19920006648000,39,18,21,1544.4
19920006649000,62,35,27,2591.6
19920006650000,39,20,19,1439.1
19920006655000,5,3,2,178
19920006656000,3,2,1,0
19920006657000,33,17,16,1719.3
19920006658000,10,4,6,355
19920006676000,4,2,2,0
19920006677000,37,20,17,1750.1
19920006678000,4,2,2,0
19920006680000,15,9,6,567
19920006690000,6,2,4,439.8
19920006691000,6,2,4,286.2
19920006710000,1,1,0,0
19920006713000,66,32,34,2204.4
19920006714000,1,1,0,0
19920006728000,2,1,1,0
19920006729000,57,29,28,2502.3
19920006730000,360,172,188,16344
19920006731000,309,153,156,11216.7
19920006732000,6,2,4,337.8
19920006738000,46,23,23,2079.2
19920006739000,52,28,24,2475.2
19920006740000,668,334,334,28122.8
19920006741000,31,16,15,1562.4
19920006742000,5,2,3,158
19920006745000,7,4,3,464.1
19920006748000,58,35,23,2505.6
19920006749000,8,3,5,340.8
19920006761000,9,5,4,531.9
19920006763000,2,1,1,0
19920006764000,3,2,1,0
19920006812000,3,1,2,0
19920006817000,20,17,3,922
19920006818000,2,1,1,0
19920006827000,13,7,6,557.7
19920006834000,1,0,1,0
19920006836000,11,5,6,481.8
19920006838000,2,1,1,0
19920006841000,12,8,4,543.6
19920006842000,13,6,7,594.1
19920006849000,24,13,11,1173.6
19920006850000,9,6,3,442.8
19920006852000,7,5,2,280.7
19920006854000,4,2,2,0
19920006864000,4,2,2,0
19920006867000,13,9,4,486.2
19920006869000,2,1,1,0
19920006872000,2,2,0,0
19920006895000,2,1,1,0
19920006896000,17,8,9,712.3
19920006898000,28,14,14,1738.8
19920006899000,7,5,2,293.3
19920006906000,20,11,9,862
19920006907000,36,22,14,1598.4
19920006908000,29,15,14,1487.7
19920006910000,9,6,3,297
19920006912000,18,10,8,867.6
19920006913000,4,2,2,0
19920006924000,13,6,7,812.5
19920006933000,5,2,3,358
19930006495000,1,0,1,0
19930006496000,6,6,0,331.2
19930006500000,25,9,16,972.5
19930006502000,3,1,2,0
19930006503000,7,4,3,382.2
19930006504000,3,2,1,0
19930006514000,4,3,1,0
19930006516000,3,1,2,0
19930006522000,8,4,4,298.4
19930006523000,2,1,1,0
19930006552000,9,5,4,390.6
19930006553000,9,5,4,371.7
19930006559000,2,1,1,0
19930006560000,18,10,8,797.4
19930006563000,5,2,3,163
19930006568000,3,1,2,0
19930006591000,4,2,2,0
19930006592000,10,6,4,491
19930006593000,19,8,11,575.7
19930006596000,17,7,10,822.8
19930006597000,19,12,7,841.7
19930006598000,6,5,1,229.8
19930006599000,6,2,4,235.8
19930006602000,5,2,3,166
19930006603000,2,1,1,0
19930006604000,10,6,4,432
19930006611000,1,1,0,0
19930006612000,4,2,2,0
19930006613000,3,2,1,0
19930006618000,6,2,4,207
19930006620000,2,1,1,0
19930006621000,29,12,17,887.4
19930006622000,6,4,2,304.8
19930006624000,1,1,0,0
19930006627000,7,4,3,305.2
19930006628000,6,2,4,277.8
19930006636000,5,4,1,277
19930006646000,1,1,0,0
19930006647000,74,40,34,2893.4
19930006648000,95,47,48,3572
19930006649000,85,54,31,3043
19930006650000,7,5,2,196
19930006656000,2,1,1,0
19930006657000,2,1,1,0
19930006663000,5,3,2,333
19930006680000,21,11,10,1281
19930006681000,2,2,0,0
19930006689000,5,3,2,343
19930006709000,5,3,2,202
19930006710000,8,4,4,256.8
19930006713000,75,38,37,2782.5
19930006715000,15,10,5,535.5
19930006729000,32,19,13,1136
19930006730000,10,6,4,201
19930006731000,61,30,31,2623
19930006732000,5,3,2,170
19930006733000,1,1,0,0
19930006740000,16,10,6,609.6
19930006741000,28,14,14,1030.4
19930006748000,340,161,179,13532
19930006749000,327,166,161,12589.5
19930006757000,1,1,0,0
19930006758000,1,1,0,0
19930006789000,4,2,2,0
19930006812000,2,1,1,0
19930006827000,15,8,7,628.5
19930006828000,16,7,9,499.2
19930006834000,4,3,1,0
19930006837000,3,2,1,0
19930006842000,17,11,6,839.8
19930006850000,2,1,1,0
19930006851000,2,1,1,0
19930006854000,5,3,2,198
19930006859000,12,8,4,459.6
19930006866000,85,42,43,2805
19930006872000,6,3,3,280.2
19930006898000,13,8,5,565.5
19930006899000,38,20,18,1413.6
19930006909000,4,2,2,0
19930006910000,2,1,1,0
19930006911000,1,0,1,0
19930006912000,4,2,2,0
19930006914000,5,2,3,129
19930006933000,4,2,2,0
19940006502000,7,3,4,364
19940006503000,5,3,2,277
19940006506000,10,5,5,239
19940006509000,2,1,1,0
19940006510000,4,2,2,0
19940006514000,8,5,3,156.8
19940006516000,1,0,1,0
19940006521000,19,10,9,689.7
19940006522000,12,5,7,500.4
19940006523000,4,1,3,0
19940006552000,31,16,15,1491.1
19940006560000,18,8,10,507.6
19940006561000,6,4,2,373.2
19940006568000,9,5,4,329.4
19940006590000,31,16,15,1506.6
19940006592000,5,3,2,194
19940006593000,21,12,9,722.4
19940006594000,2,1,1,0
19940006595000,4,2,2,0
19940006596000,22,9,13,545.6
19940006597000,8,3,5,302.4
19940006598000,41,21,20,1734.3
19940006609000,6,3,3,165
19940006610000,8,4,4,460
19940006611000,2,1,1,0
19940006612000,1,1,0,0
19940006613000,4,3,1,0
19940006616000,5,2,3,302
19940006617000,21,10,11,869.4
19940006618000,1,0,1,0
19940006619000,31,21,10,1289.6
19940006620000,3,1,2,0
19940006621000,4,3,1,0
19940006622000,10,5,5,600
19940006627000,6,4,2,265.8
19940006628000,2,1,1,0
19940006636000,8,3,5,444.8
19940006646000,44,26,18,1394.8
19940006647000,27,16,11,1066.5
19940006648000,28,13,15,1332.8
19940006649000,44,19,25,1760
19940006650000,34,15,19,1128.8
19940006651000,8,3,5,230.4
19940006656000,8,5,3,210.4
19940006659000,8,5,3,544
19940006660000,3,2,1,0
19940006661000,5,3,2,144
19940006674000,16,8,8,537.6
19940006675000,6,4,2,253.2
19940006681000,3,2,1,0
19940006689000,6,2,4,397.8
19940006690000,24,12,12,1408.8
19940006691000,46,26,20,2300
19940006692000,30,13,17,1314
19940006693000,2,2,0,0
19940006708000,5,2,3,280
19940006709000,6,3,3,454.8
19940006711000,14,8,6,600.6
19940006713000,26,16,10,808.6
19940006715000,4,2,2,0
19940006727000,4,2,2,0
19940006728000,53,25,28,2183.6
19940006729000,42,26,16,1793.4
19940006741000,8,4,4,352
19940006749000,57,30,27,1932.3
19940006750000,9,4,5,264.6
19940006759000,2,1,1,0
19940006761000,10,6,4,361
19940006762000,11,6,5,389.4
19940006763000,33,15,18,864.6
19940006766000,1,1,0,0
19940006772000,7,4,3,175
19940006807000,8,4,4,278.4
19940006808000,1,1,0,0
19940006814000,8,5,3,390.4
19940006826000,1,0,1,0
19940006827000,3,3,0,0
19940006840000,2,1,1,0
19940006848000,10,5,5,505
19940006849000,2,1,1,0
19940006851000,16,10,6,760
19940006859000,5,1,4,185
19940006863000,19,12,7,879.7
19940006864000,181,98,83,6353.1
19940006865000,147,70,77,6365.1
19940006866000,21,11,10,1031.1
19940006872000,5,2,3,358
19940006896000,8,4,4,275.2
19940006911000,28,12,16,1178.8
19940006912000,4,3,1,0
19940006916000,5,2,3,216
19940006917000,10,5,5,639
19940006927000,2,1,1,0
19950006492000,3,2,1,0
19950006504000,7,4,3,207.2
19950006513000,11,6,5,423.5
19950006521000,26,14,12,1032.2
19950006551000,203,114,89,7815.5
19950006561000,3,2,1,0
19950006585000,5,3,2,288
19950006590000,118,63,55,4578.4
19950006591000,5,2,3,152
19950006592000,3,2,1,0
19950006593000,5,3,2,90
19950006594000,10,5,5,417
19950006595000,26,15,11,897
19950006597000,8,5,3,288
19950006598000,30,14,16,1065
19950006599000,4,2,2,0
19950006604000,17,9,8,642.6
19950006605000,29,18,11,1374.6
19950006609000,12,7,5,582
19950006610000,4,3,1,0
19950006612000,4,2,2,0
19950006613000,7,4,3,235.9
19950006615000,5,2,3,162
19950006618000,4,2,2,0
19950006620000,16,6,10,609.6
19950006627000,10,4,6,563
19950006637000,1,1,0,0
19950006646000,14,7,7,767.2
19950006647000,14,9,5,421.4
19950006650000,29,14,15,1148.4
19950006651000,9,6,3,441
19950006656000,3,3,0,0
19950006659000,14,7,7,722.4
19950006660000,4,2,2,0
19950006666000,4,2,2,0
19950006668000,1,0,1,0
19950006673000,16,6,10,473.6
19950006684000,4,3,1,0
19950006691000,2,1,1,0
19950006692000,106,58,48,3296.6
19950006693000,136,68,68,6038.4
19950006694000,20,12,8,1032
19950006695000,13,6,7,694.2
19950006696000,9,5,4,614.7
19950006700000,5,2,3,219
19950006701000,22,11,11,1212.2
19950006702000,2,1,1,0
19950006703000,2,2,0,0
19950006707000,3,2,1,0
19950006708000,5,3,2,108
19950006709000,8,6,2,436
19950006711000,8,3,5,368.8
19950006712000,16,9,7,726.4
19950006714000,7,4,3,419.3
19950006715000,28,18,10,1190
19950006734000,5,2,3,180
19950006751000,4,1,3,0
19950006760000,12,9,3,512.4
19950006761000,90,43,47,4329
19950006762000,16,7,9,718.4
19950006763000,14,9,5,875
19950006771000,1,1,0,0
19950006814000,14,7,7,653.8
19950006822000,11,7,4,503.8
19950006824000,1,0,1,0
19950006825000,2,1,1,0
19950006826000,4,2,2,0
19950006827000,1,1,0,0
19950006834000,1,1,0,0
19950006839000,8,3,5,244.8
19950006840000,7,4,3,501.9
19950006841000,14,8,6,639.8
19950006850000,2,1,1,0
19950006851000,6,2,4,169.2
19950006853000,14,7,7,558.6
19950006854000,31,17,14,1726.7
19950006858000,10,5,5,435
19950006861000,2,1,1,0
19950006862000,1,0,1,0
19950006863000,16,8,8,723.2
19950006865000,110,62,48,4565
19950006872000,7,5,2,286.3
19950006894000,5,3,2,287
19950006896000,9,4,5,360.9
19950006903000,3,2,1,0
19950006904000,11,5,6,298.1
19950006911000,26,13,13,1422.2
19950006912000,5,2,3,110
19950006920000,3,1,2,0
19950006924000,4,2,2,0
19950006925000,141,72,69,5033.7
19950006926000,31,16,15,1463.2
19950006928000,6,4,2,376.2
19950006929000,14,6,8,555.8
19960006491000,2,1,1,0
19960006492000,20,8,12,1160
19960006504000,21,11,10,1089.9
19960006513000,17,8,9,690.2
19960006514000,14,6,8,561.4
19960006515000,7,4,3,198.1
19960006516000,4,2,2,0
19960006518000,8,6,2,248
19960006519000,16,10,6,401.6
19960006520000,123,60,63,4833.9
19960006521000,3,1,2,0
19960006522000,10,4,6,447
19960006550000,21,12,9,678.3
19960006551000,246,126,120,6420.6
19960006570000,1,1,0,0
19960006585000,1,0,1,0
19960006588000,1,1,0,0
19960006589000,5,4,1,246
19960006590000,137,76,61,5301.9
19960006591000,4,3,1,0
19960006592000,15,8,7,634.5
19960006593000,1,1,0,0
19960006598000,4,2,2,0
19960006599000,158,84,74,6320
19960006602000,8,4,4,460.8
19960006603000,16,10,6,812.8
19960006604000,20,11,9,812
19960006605000,22,12,10,1238.6
19960006619000,3,1,2,0
19960006627000,8,5,3,426.4
19960006646000,1,1,0,0
19960006647000,12,7,5,489.6
19960006650000,6,3,3,321
19960006651000,13,7,6,492.7
19960006652000,7,3,4,291.9
19960006656000,7,4,3,214.9
19960006666000,10,5,5,612
19960006668000,1,1,0,0
19960006670000,3,2,1,0
19960006679000,39,17,22,1322.1
19960006680000,34,17,17,1288.6
19960006683000,5,3,2,336
19960006684000,1,1,0,0
19960006704000,45,27,18,1899
19960006705000,2,1,1,0
19960006706000,8,3,5,474.4
19960006707000,11,6,5,409.2
19960006709000,1,1,0,0
19960006712000,13,6,7,621.4
19960006713000,2,1,1,0
19960006714000,9,3,6,293.4
19960006731000,4,2,2,0
19960006732000,14,9,5,673.4
19960006733000,5,2,3,258
19960006734000,3,2,1,0
19960006751000,19,10,9,1183.7
19960006760000,12,6,6,513.6
19960006761000,72,37,35,2973.6
19960006804000,3,2,1,0
19960006805000,39,22,17,1400.1
19960006815000,9,5,4,495
19960006816000,2,1,1,0
19960006824000,7,2,5,263.2
19960006825000,14,10,4,511
19960006839000,2,0,2,0
19960006840000,14,9,5,541.8
19960006841000,11,6,5,409.2
19960006850000,21,12,9,814.8
19960006851000,10,6,4,414
19960006854000,5,3,2,161
19960006858000,7,3,4,319.9
19960006862000,13,9,4,458.9
19960006864000,57,27,30,2513.7
19960006872000,35,16,19,1743
19960006901000,5,3,2,308
19960006903000,32,14,18,1065.6
19960006914000,48,21,27,2193.6
19960006915000,45,23,22,1894.5
19960006916000,505,256,249,22068.5
19960006917000,36,19,17,1670.4
19960006918000,38,20,18,1485.8
19960006923000,14,7,7,519.4
19960006924000,169,90,79,7554.3
19960006925000,142,67,75,5964
19960006926000,13,7,6,572
19960006927000,4,2,2,0
19960006929000,26,14,12,1034.8
19970006492000,7,2,5,373.1
19970006505000,50,24,26,1225
19970006506000,2,1,1,0
19970006513000,15,10,5,652.5
19970006514000,7,4,3,424.9
19970006515000,8,3,5,312.8
19970006516000,7,3,4,354.9
19970006517000,16,7,9,558.4
19970006518000,29,16,13,1229.6
19970006519000,29,15,14,1055.6
19970006520000,13,6,7,503.1
19970006521000,1,1,0,0
19970006522000,2,2,0,0
19970006527000,6,3,3,409.8
19970006555000,11,6,5,297
19970006570000,8,4,4,300
19970006585000,2,2,0,0
19970006589000,4,3,1,0
19970006590000,106,51,55,4579.2
19970006598000,24,13,11,1029.6
19970006599000,353,167,186,14190.6
19970006600000,48,21,27,2064
19970006602000,7,4,3,261.1
19970006604000,16,8,8,561.6
19970006620000,1,1,0,0
19970006621000,4,3,1,0
19970006627000,6,4,2,355.2
19970006628000,8,4,4,291.2
19970006648000,11,7,4,603.9
19970006650000,3,1,2,0
19970006651000,4,2,2,0
19970006655000,4,3,1,0
19970006658000,19,9,10,765.7
19970006659000,7,4,3,317.1
19970006666000,18,10,8,516.6
19970006669000,32,17,15,985.6
19970006670000,7,5,2,245
19970006677000,13,7,6,630.5
19970006678000,41,21,20,1820.4
19970006679000,227,125,102,7400.2
19970006680000,228,113,115,8367.6
19970006681000,1,0,1,0
19970006697000,13,6,7,669.5
19970006698000,5,1,4,214
19970006703000,13,8,5,553.8
19970006704000,24,13,11,933.6
19970006712000,8,4,4,268.8
19970006713000,10,6,4,560
19970006735000,1,1,0,0
19970006751000,160,83,77,6256
19970006760000,34,18,16,1560.6
19970006761000,6,3,3,217.8
19970006763000,22,12,10,798.6
19970006805000,2,1,1,0
19970006810000,3,2,1,0
19970006814000,4,1,3,0
19970006815000,3,2,1,0
19970006825000,8,4,4,184.8
19970006839000,28,14,14,1257.2
19970006848000,19,7,12,758.1
19970006851000,40,21,19,1560
19970006854000,17,10,7,800.7
19970006862000,13,7,6,451.1
19970006863000,9,5,4,359.1
19970006903000,2,1,1,0
19970006904000,48,29,19,2472
19970006905000,22,11,11,1144
19970006906000,10,5,5,735
19970006914000,13,6,7,579.8
19970006915000,18,7,11,844.2
19970006916000,149,77,72,5319.3
19970006922000,10,4,6,550
19970006923000,22,14,8,985.6
19970006924000,51,26,25,1989
19970006929000,5,3,2,263
19980006492000,20,8,12,714
19980006493000,61,30,31,2982.9
19980006505000,25,12,13,857.5
19980006506000,5,2,3,224
19980006527000,1,1,0,0
19980006540000,1,1,0,0
19980006545000,19,8,11,737.2
19980006548000,14,8,6,637
19980006555000,41,20,21,1504.7
19980006563000,51,31,20,1846.2
19980006586000,8,4,4,244.8
19980006588000,13,6,7,374.4
19980006589000,5,2,3,308
19980006590000,78,42,36,2644.2
19980006598000,7,4,3,350.7
19980006599000,49,25,24,1783.6
19980006608000,5,4,1,126
19980006627000,5,4,1,175
19980006628000,2,1,1,0
19980006651000,19,11,8,689.7
19980006652000,11,6,5,390.5
19980006658000,4,2,2,0
19980006659000,3,2,1,0
19980006676000,17,8,9,708.9
19980006677000,13,7,6,520
19980006678000,30,14,16,1182
19980006679000,14,7,7,708.4
19980006680000,151,73,78,5964.5
19980006681000,199,100,99,8915.2
19980006682000,150,71,79,6330
19980006683000,2,1,1,0
19980006684000,90,40,50,4365
19980006685000,210,95,115,8799
19980006686000,20,9,11,1026
19980006693000,4,3,1,0
19980006695000,23,14,9,1350.1
19980006696000,11,6,5,588.5
19980006703000,12,5,7,627.6
19980006705000,3,1,2,0
19980006714000,3,1,2,0
19980006728000,1,1,0,0
19980006735000,1,1,0,0
19980006751000,160,77,83,6656
19980006752000,809,376,433,35029.7
19980006753000,65,33,32,2554.5
19980006756000,3,2,1,0
19980006757000,2,1,1,0
19980006759000,67,34,33,3041.8
19980006762000,13,8,5,543.4
19980006793000,1,0,1,0
19980006805000,14,7,7,735
19980006815000,4,2,2,0
19980006839000,40,24,16,1416
19980006851000,11,5,6,412.5
19980006862000,10,6,4,462
19980006863000,5,3,2,337
19980006872000,42,23,19,1642.2
19980006873000,10,4,6,445
19980006904000,70,35,35,3003
19980006906000,7,2,5,336
19980006912000,2,1,1,0
19980006913000,36,15,21,1321.2
19980006914000,24,9,15,1144.8
19980006915000,46,22,24,1936.6
19980006921000,18,6,12,828
19980006922000,9,4,5,405
19990006492000,4,2,2,0
19990006493000,84,39,45,3108
19990006504000,38,21,17,1474.4
19990006505000,8,2,6,323.2
19990006535000,26,13,13,1019.2
19990006540000,3,2,1,0
19990006545000,4,2,2,0
19990006546000,9,5,4,266.4
19990006548000,22,11,11,963.6
19990006555000,26,12,14,1240.2
19990006588000,10,5,5,398
19990006589000,26,12,14,930.8
19990006590000,3,1,2,0
19990006597000,12,8,4,348
19990006598000,29,13,16,1119.4
19990006599000,5,3,2,193
19990006601000,6,2,4,339
19990006609000,17,7,10,741.2
19990006610000,15,8,7,472.5
19990006611000,31,20,11,1233.8
19990006614000,17,10,7,598.4
19990006627000,21,11,10,913.5
19990006628000,4,3,1,0
19990006647000,1,1,0,0
19990006652000,15,9,6,751.5
19990006653000,14,7,7,533.4
19990006658000,1,1,0,0
19990006660000,2,1,1,0
19990006680000,12,7,5,657.6
19990006681000,61,32,29,2519.3
19990006682000,69,39,30,2801.4
19990006683000,149,71,78,7181.8
19990006684000,352,172,180,15875.2
19990006685000,14,7,7,604.8
19990006686000,9,2,7,276.3
19990006687000,47,27,20,2392.3
19990006688000,61,29,32,2580.3
19990006694000,1,1,0,0
19990006695000,22,11,11,1278.2
19990006696000,58,26,32,2859.4
19990006707000,5,3,2,162
19990006708000,8,5,3,364.8
19990006714000,6,4,2,141
19990006715000,10,4,6,501
19990006716000,11,5,6,402.6
19990006717000,11,7,4,430.1
19990006718000,2,0,2,0
19990006729000,32,18,14,1321.6
19990006754000,15,9,6,826.5
19990006758000,1,1,0,0
19990006767000,12,8,4,558
19990006768000,53,26,27,2787.8
19990006777000,12,8,4,628.8
19990006814000,6,4,2,238.8
19990006815000,7,5,2,272.3
19990006825000,3,2,1,0
19990006826000,7,3,4,242.2
19990006829000,4,3,1,0
19990006839000,18,10,8,820.8
19990006842000,15,9,6,654
19990006847000,2,1,1,0
19990006848000,4,3,1,0
19990006849000,2,1,1,0
19990006862000,3,1,2,0
19990006863000,33,20,13,1141.8
19990006864000,26,12,14,1201.2
19990006872000,13,5,8,569.4
19990006873000,10,4,6,216
19990006904000,132,59,73,6586.8
19990006907000,2,2,0,0
19990006912000,18,8,10,921.6
19990006914000,6,3,3,198
19990006915000,10,3,7,485
19990006920000,4,2,2,0
19990006921000,16,7,9,705.6
19990006934000,5,4,1,234
20000006491000,2,1,1,0
20000006504000,3,2,1,0
20000006507000,2,2,0,0
20000006535000,7,2,5,216.3
20000006536000,9,6,3,380.7
20000006545000,13,6,7,635.7
20000006546000,24,9,15,873.6
20000006587000,10,6,4,417
20000006588000,7,2,5,275.1
20000006596000,9,6,3,296.1
20000006597000,3,1,2,0
20000006610000,1,1,0,0
20000006611000,123,55,68,4698.6
20000006613000,9,5,4,531
20000006614000,3,1,2,0
20000006615000,6,3,3,157.2
20000006618000,5,1,4,86
20000006627000,3,1,2,0
20000006653000,24,13,11,1032
20000006659000,2,1,1,0
20000006660000,7,4,3,251.3
20000006661000,5,3,2,183
20000006662000,30,17,13,1191
20000006680000,5,3,2,146
20000006683000,15,10,5,648
20000006684000,43,22,21,1883.4
20000006685000,13,8,5,666.9
20000006688000,6,2,4,427.2
20000006689000,6,3,3,325.8
20000006690000,4,2,2,0
20000006695000,27,15,12,1282.5
20000006696000,2,1,1,0
20000006703000,2,1,1,0
20000006708000,12,6,6,658.8
20000006709000,126,65,61,5342.4
20000006710000,55,31,24,2040.5
20000006729000,1,1,0,0
20000006730000,1,1,0,0
20000006737000,1,1,0,0
20000006755000,1,0,1,0
20000006768000,21,7,14,976.5
20000006769000,4,3,1,0
20000006770000,6,3,3,394.2
20000006777000,110,48,62,3795
20000006809000,4,1,3,0
20000006814000,3,2,1,0
20000006821000,6,4,2,321
20000006839000,19,8,11,672.6
20000006840000,33,19,14,1240.8
20000006841000,43,20,23,1883.4
20000006842000,10,5,5,239
20000006849000,5,2,3,329
20000006851000,19,10,9,811.3
20000006862000,31,15,16,1202.8
20000006866000,15,8,7,466.5
20000006867000,11,6,5,444.4
20000006872000,1,1,0,0
20000006900000,5,3,2,172
20000006903000,2,2,0,0
20000006904000,122,59,63,5429
20000006905000,22,12,10,1265
20000006913000,7,4,3,254.8
20000006914000,2,1,1,0
20000006919000,9,5,4,384.3
20000006934000,26,15,11,1229.8
20000006935000,4,1,3,0
20010006490000,6,3,3,385.2
20010006491000,7,4,3,315.7
20010006535000,4,2,2,0
20010006536000,3,2,1,0
20010006555000,8,5,3,276
20010006586000,1,1,0,0
20010006587000,5,4,1,198
20010006599000,7,4,3,275.1
20010006600000,7,4,3,289.1
20010006610000,71,35,36,2726.4
20010006611000,28,13,15,1380.4
20010006612000,16,8,8,592
20010006617000,4,3,1,0
20010006625000,1,1,0,0
20010006629000,5,1,4,171
20010006653000,8,4,4,368
20010006654000,7,3,4,382.9
20010006655000,76,42,34,2500.4
20010006656000,24,11,13,974.4
20010006661000,49,26,23,1974.7
20010006662000,8,5,3,494.4
20010006683000,3,2,1,0
20010006690000,2,1,1,0
20010006691000,14,9,5,562.8
20010006692000,2,1,1,0
20010006696000,3,1,2,0
20010006697000,14,8,6,716.8
20010006709000,8,3,5,344
20010006710000,84,38,46,3780
20010006711000,1,0,1,0
20010006729000,2,2,0,0
20010006750000,11,5,6,558.8
20010006754000,1,1,0,0
20010006771000,3,2,1,0
20010006777000,60,32,28,2568
20010006809000,1,1,0,0
20010006815000,10,7,3,521
20010006816000,23,11,12,1409.9
20010006822000,10,6,4,401
20010006838000,3,2,1,0
20010006840000,123,66,57,5387.4
20010006841000,108,52,56,3780
20010006846000,7,3,4,273.7
20010006847000,1,1,0,0
20010006849000,1,1,0,0
20010006851000,6,4,2,201
20010006852000,12,6,6,543.6
20010006853000,6,1,5,217.8
20010006860000,1,1,0,0
20010006862000,23,8,15,943
20010006867000,15,8,7,708
20010006868000,2,1,1,0
20010006900000,21,10,11,722.4
20010006904000,14,9,5,646.8
20010006905000,29,15,14,1467.4
20010006911000,31,17,14,1869.3
20010006912000,11,5,6,489.5
20010006916000,6,1,5,153
20010006917000,36,19,17,1418.4
20010006918000,22,12,10,1034
20010006925000,16,8,8,817.6
20010006926000,12,6,6,385.2
20010006930000,6,4,2,235.8
20010006933000,20,9,11,1144
20010006935000,33,11,22,900.9
20010006936000,7,4,3,242.2
20020006495000,1,1,0,0
20020006503000,1,1,0,0
20020006504000,3,2,1,0
20020006509000,2,2,0,0
20020006528000,1,1,0,0
20020006536000,7,3,4,221.2
20020006550000,16,9,7,612.8
20020006554000,11,6,5,412.5
20020006555000,6,2,4,279
20020006587000,2,1,1,0
20020006598000,11,5,6,381.7
20020006599000,9,3,6,290.7
20020006609000,11,6,5,540.1
20020006610000,7,2,5,237.3
20020006611000,37,21,16,1905.5
20020006612000,3,2,1,0
20020006616000,2,1,1,0
20020006617000,2,1,1,0
20020006627000,4,2,2,0
20020006631000,6,3,3,129
20020006652000,9,8,1,151.2
20020006653000,8,4,4,271.2
20020006654000,2,1,1,0
20020006655000,3,2,1,0
20020006660000,13,3,10,533
20020006661000,15,7,8,693
20020006692000,13,7,6,643.5
20020006696000,3,2,1,0
20020006697000,3,1,2,0
20020006710000,4,1,3,0
20020006711000,20,11,9,942
20020006712000,34,19,15,1873.4
20020006713000,28,13,15,1047.2
20020006756000,4,2,2,0
20020006816000,3,2,1,0
20020006838000,6,3,3,253.8
20020006839000,31,15,16,1252.4
20020006840000,30,14,16,1494
20020006841000,20,10,10,826
20020006847000,31,17,14,1112.9
20020006848000,17,8,9,727.6
20020006849000,6,4,2,204
20020006852000,19,8,11,775.2
20020006853000,1,0,1,0
20020006862000,5,2,3,110
20020006867000,2,1,1,0
20020006876000,1,1,0,0
20020006898000,24,10,14,931.2
20020006899000,4,2,2,0
20020006900000,8,4,4,308
20020006902000,1,1,0,0
20020006903000,21,13,8,882
20020006906000,15,8,7,691.5
20020006911000,8,5,3,299.2
20020006912000,16,7,9,817.6
20020006916000,7,4,3,431.2
20020006917000,14,9,5,838.6
20020006922000,14,7,7,501.2
20020006923000,11,4,7,563.2
20020006927000,24,14,10,1324.8
20020006928000,4,2,2,0
20020006932000,24,10,14,1032
20020006933000,66,40,26,3036
20020006934000,19,8,11,1037.4
20020006935000,13,6,7,525.2
20030006485000,98,51,47,4664.8
20030006486000,105,55,50,4179
20030006490000,12,8,4,506.4
20030006491000,1,0,1,0
20030006495000,1,0,1,0
20030006536000,12,6,6,381.6
20030006554000,2,2,0,0
20030006555000,8,5,3,222.4
20030006575000,1,1,0,0
20030006587000,5,4,1,136
20030006588000,9,6,3,558.9
20030006599000,1,1,0,0
20030006609000,9,5,4,320.4
20030006612000,15,10,5,415.5
20030006621000,4,2,2,0
20030006631000,15,7,8,424.5
20030006654000,20,10,10,860
20030006693000,3,2,1,0
20030006699000,3,2,1,0
20030006712000,18,10,8,820.8
20030006713000,84,44,40,4393.2
20030006714000,154,80,74,6622
20030006715000,99,46,53,3880.8
20030006716000,7,5,2,371
20030006749000,6,4,2,259.2
20030006772000,5,3,2,105
20030006773000,17,11,6,642.6
20030006777000,1,1,0,0
20030006778000,11,6,5,526.9
20030006816000,2,1,1,0
20030006838000,7,3,4,301.7
20030006839000,12,6,6,492
20030006840000,90,52,38,4158
20030006841000,9,5,4,317.7
20030006846000,8,4,4,296
20030006847000,5,3,2,327
20030006848000,6,2,4,171
20030006849000,16,6,10,1137.6
20030006852000,6,3,3,298.2
20030006853000,2,1,1,0
20030006873000,9,4,5,621.9
20030006897000,49,22,27,2474.5
20030006898000,46,21,25,2254
20030006899000,9,5,4,486.9
20030006902000,23,14,9,1129.3
20030006903000,12,6,6,531.6
20030006912000,23,11,12,1039.6
20030006913000,8,3,5,256.8
20030006914000,10,6,4,390
20030006915000,9,5,4,432.9
20030006916000,5,2,3,331
20030006917000,1,1,0,0
20030006922000,41,24,17,1635.9
20030006928000,35,17,18,1368.5
20030006929000,31,19,12,1847.6
20030006930000,38,22,16,1751.8
20030006931000,5,3,2,151
20030006938000,12,5,7,590.4
20040006470000,166,92,74,7287.4
20040006471000,281,139,142,11324.3
20040006484000,6,4,2,276
20040006485000,43,19,24,2334.9
20040006486000,24,11,13,962.4
20040006490000,1,0,1,0
20040006491000,41,23,18,1656.4
20040006494000,3,2,1,0
20040006500000,2,1,1,0
20040006514000,1,1,0,0
20040006519000,22,9,13,752.4
20040006520000,15,12,3,447
20040006529000,3,3,0,0
20040006551000,6,3,3,331.2
20040006574000,1,1,0,0
20040006588000,15,6,9,511.5
20040006598000,5,2,3,247
20040006599000,1,1,0,0
20040006600000,7,3,4,338.1
20040006605000,6,4,2,343.8
20040006608000,1,1,0,0
20040006623000,8,3,5,258.4
20040006654000,17,11,6,606.9
20040006699000,10,3,7,369
20040006715000,27,11,16,1350
20040006716000,3,2,1,0
20040006717000,8,5,3,354.4
20040006718000,6,3,3,205.2
20040006727000,1,1,0,0
20040006749000,13,6,7,647.4
20040006759000,1,1,0,0
20040006773000,7,5,2,191.1
20040006778000,13,4,9,457.6
20040006779000,22,15,7,576.4
20040006802000,6,3,3,273
20040006803000,7,4,3,391.3
20040006805000,26,10,16,1320.8
20040006806000,9,4,5,385.2
20040006810000,6,2,4,259.8
20040006815000,3,1,2,0
20040006816000,2,1,1,0
20040006820000,3,1,2,0
20040006822000,1,1,0,0
20040006833000,7,5,2,415.8
20040006834000,6,3,3,223.2
20040006835000,23,14,9,926.9
20040006836000,14,6,8,555.8
20040006837000,7,3,4,307.3
20040006838000,12,8,4,574.8
20040006839000,5,4,1,276
20040006840000,26,14,12,1058.2
20040006846000,13,8,5,366.6
20040006849000,5,2,3,151
20040006853000,51,28,23,2187.9
20040006854000,5,2,3,305
20040006861000,16,6,10,512
20040006897000,98,48,50,3841.6
20040006898000,5,3,2,223
20040006899000,3,0,3,0
20040006913000,4,2,2,0
20040006922000,27,15,12,1179.9
20040006931000,34,13,21,1737.4
20040006937000,18,7,11,1076.4
20040006938000,10,6,4,371
20040006939000,7,4,3,212.1
20040006940000,4,2,2,0
20050006469000,282,152,130,10631.4
20050006470000,378,204,174,15724.8
20050006471000,16,8,8,856
20050006472000,38,18,20,1390.8
20050006473000,21,12,9,781.2
20050006483000,4,3,1,0
20050006484000,19,12,7,991.8
20050006485000,48,24,24,2001.6
20050006486000,33,17,16,1943.7
20050006491000,12,7,5,493.2
20050006514000,3,3,0,0
20050006516000,9,6,3,505.8
20050006517000,12,3,9,488.4
20050006518000,84,44,40,3150
20050006519000,119,68,51,4343.5
20050006520000,24,16,8,693.6
20050006521000,13,7,6,426.4
20050006575000,3,3,0,0
20050006607000,7,3,4,235.2
20050006612000,5,4,1,179
20050006613000,5,2,3,148
20050006626000,650,321,329,28990
20050006627000,391,185,206,13176.7
20050006630000,1,0,1,0
20050006660000,1,1,0,0
20050006714000,6,2,4,354
20050006715000,76,39,37,3708.8
20050006716000,6,4,2,277.2
20050006717000,10,4,6,557
20050006718000,10,5,5,459
20050006726000,4,2,2,0
20050006749000,5,3,2,170
20050006805000,8,5,3,343.2
20050006806000,5,2,3,265
20050006811000,6,3,3,303
20050006815000,2,1,1,0
20050006835000,28,15,13,1170.4
20050006836000,19,9,10,801.8
20050006838000,6,4,2,375
20050006839000,3,1,2,0
20050006840000,14,7,7,614.6
20050006841000,10,4,6,366
20050006845000,13,7,6,713.7
20050006849000,4,2,2,0
20050006853000,54,27,27,1366.2
20050006854000,91,42,49,3303.3
20050006861000,3,2,1,0
20050006862000,11,6,5,458.7
20050006891000,1,0,1,0
20050006897000,2,2,0,0
20050006902000,2,1,1,0
20050006912000,7,2,5,268.1
20050006913000,64,32,32,2668.8
20050006914000,181,90,91,8018.3
20050006915000,42,24,18,1801.8
20050006916000,2,1,1,0
20050006921000,5,4,1,306
20050006922000,6,2,4,261
20050006931000,12,4,8,645.6
20050006932000,4,2,2,0
20050006934000,28,15,13,1184.4
20050006935000,2,1,1,0
20050006937000,19,11,8,849.3
20050006938000,7,4,3,490
20050006939000,4,3,1,0
20050006940000,17,10,7,975.8
20060006469000,15,9,6,544.5
20060006472000,77,55,22,2556.4
20060006473000,91,54,37,3876.6
20060006474000,32,15,17,1363.2
20060006475000,3,1,2,0
20060006483000,124,54,70,5505.6
20060006484000,6,2,4,255
20060006497000,4,2,2,0
20060006500000,8,4,4,251.2
20060006506000,14,7,7,659.4
20060006510000,4,1,3,0
20060006511000,186,90,96,5821.8
20060006512000,34,14,20,1387.2
20060006514000,2,1,1,0
20060006516000,53,27,26,2040.5
20060006517000,42,25,17,2318.4
20060006518000,41,27,14,1275.1
20060006523000,7,3,4,270.2
20060006524000,28,18,10,1100.4
20060006529000,1,1,0,0
20060006572000,2,1,1,0
20060006613000,4,1,3,0
20060006614000,15,7,8,532.5
20060006615000,7,4,3,251.3
20060006616000,8,5,3,258.4
20060006625000,16,6,10,510.4
20060006626000,142,70,72,4387.8
20060006632000,2,1,1,0
20060006653000,1,1,0,0
20060006655000,5,3,2,95
20060006656000,6,3,3,202.2
20060006694000,28,16,12,1456
20060006695000,13,7,6,436.8
20060006705000,6,1,5,187.8
20060006706000,11,4,7,518.1
20060006713000,9,4,5,381.6
20060006714000,8,5,3,332.8
20060006756000,116,59,57,4222.4
20060006757000,20,12,8,934
20060006760000,3,2,1,0
20060006772000,2,2,0,0
20060006779000,5,2,3,270
20060006804000,8,2,6,291.2
20060006805000,29,18,11,1354.3
20060006806000,5,3,2,154
20060006810000,2,0,2,0
20060006815000,7,4,3,259
20060006820000,6,4,2,261
20060006833000,10,5,5,290
20060006835000,16,9,7,609.6
20060006836000,9,5,4,380.7
20060006837000,4,1,3,0
20060006838000,6,4,2,235.8
20060006839000,22,13,9,932.8
20060006840000,30,16,14,1164
20060006845000,9,4,5,260.1
20060006852000,18,9,9,779.4
20060006854000,109,62,47,4588.9
20060006855000,21,11,10,821.1
20060006861000,8,4,4,344
20060006901000,16,9,7,790.4
20060006902000,5,1,4,149
20060006909000,3,2,1,0
20060006910000,4,2,2,0
20060006911000,4,3,1,0
20060006912000,20,10,10,734
20060006913000,30,12,18,1362
20060006914000,57,30,27,2194.5
20060006915000,64,37,27,2656
20060006918000,42,24,18,1570.8
20060006921000,8,4,4,516
20060006931000,5,2,3,294
20060006932000,9,5,4,569.7
20060006935000,2,1,1,0
20060006937000,24,13,11,1329.6
20060006938000,82,40,42,3886.8
20060006939000,16,8,8,827.2
20070006467000,8,5,3,448
20070006468000,37,21,16,1261.7
20070006469000,48,28,20,1560
20070006471000,45,21,24,1728
20070006472000,39,23,16,1610.7
20070006473000,46,22,24,1591.6
20070006474000,20,9,11,828
20070006475000,6,2,4,180
20070006476000,1,0,1,0
20070006485000,17,10,7,860.2
20070006486000,3,2,1,0
20070006495000,3,2,1,0
20070006506000,1,0,1,0
20070006507000,28,14,14,1346.8
20070006508000,55,27,28,3008.5
20070006509000,382,192,190,13981.2
20070006510000,542,264,278,20162.4
20070006511000,623,300,323,24982.3
20070006517000,27,16,11,845.1
20070006530000,5,3,2,189
20070006552000,10,4,6,363
20070006588000,1,1,0,0
20070006599000,9,3,6,306
20070006614000,1,1,0,0
20070006616000,4,1,3,0
20070006625000,76,42,34,2865.2
20070006626000,12,6,6,513.6
20070006635000,3,1,2,0
20070006642000,6,3,3,175.8
20070006694000,33,18,15,1168.2
20070006695000,11,6,5,664.4
20070006702000,2,1,1,0
20070006703000,7,4,3,202.3
20070006704000,4,3,1,0
20070006705000,11,6,5,337.7
20070006706000,12,6,6,370.8
20070006712000,2,1,1,0
20070006713000,9,5,4,412.2
20070006724000,44,24,20,1460.8
20070006725000,2,2,0,0
20070006747000,10,6,4,533
20070006748000,2,1,1,0
20070006756000,7,3,4,410.2
20070006757000,25,12,13,1115
20070006761000,3,1,2,0
20070006762000,4,2,2,0
20070006778000,8,4,4,440.8
20070006815000,17,10,7,765
20070006818000,7,2,5,310.1
20070006819000,2,1,1,0
20070006820000,50,25,25,2535
20070006831000,14,5,9,585.2
20070006832000,3,1,2,0
20070006833000,158,83,75,6351.6
20070006836000,1,1,0,0
20070006837000,34,17,17,1638.8
20070006838000,52,31,21,2080
20070006840000,77,41,36,2671.9
20070006841000,3,2,1,0
20070006854000,369,195,174,15830.1
20070006855000,490,253,237,17787
20070006861000,4,3,1,0
20070006889000,19,9,10,872.1
20070006901000,47,20,27,1767.2
20070006908000,6,2,4,207
20070006909000,6,4,2,373.2
20070006910000,13,6,7,626.6
20070006912000,5,2,3,307
20070006917000,13,6,7,495.3
20070006918000,73,35,38,3219.3
20070006921000,31,11,20,1190.4
20070006930000,5,3,2,243
20070006931000,9,4,5,387
20070006937000,5,2,3,307
20070006938000,2,1,1,0
20080006467000,22,12,10,935
20080006468000,45,21,24,1885.5
20080006470000,20,12,8,1152
20080006471000,105,56,49,4042.5
20080006472000,186,101,85,6882
20080006473000,9,6,3,390.6
20080006474000,6,4,2,151.2
20080006487000,3,1,2,0
20080006491000,12,9,3,369.6
20080006492000,24,11,13,1286.4
20080006501000,3,2,1,0
20080006503000,1,1,0,0
20080006504000,17,8,9,673.2
20080006505000,32,19,13,1596.8
20080006509000,154,82,72,6052.2
20080006510000,125,60,65,4550
20080006517000,13,7,6,533
20080006530000,7,3,4,275.8
20080006536000,2,1,1,0
20080006573000,2,1,1,0
20080006584000,4,2,2,0
20080006598000,4,2,2,0
20080006599000,39,20,19,1540.5
20080006600000,15,7,8,697.5
20080006615000,7,2,5,235.9
20080006616000,15,8,7,586.5
20080006623000,1,1,0,0
20080006624000,27,14,13,1001.7
20080006625000,21,11,10,690.9
20080006631000,24,15,9,1092
20080006632000,6,4,2,241.2
20080006638000,1,1,0,0
20080006642000,32,19,13,1577.6
20080006662000,46,21,25,1761.8
20080006700000,2,1,1,0
20080006702000,1,1,0,0
20080006707000,47,25,22,1997.5
20080006708000,17,8,9,928.2
20080006712000,13,6,7,522.6
20080006724000,19,8,11,915.8
20080006725000,107,56,51,4590.3
20080006746000,5,3,2,333
20080006747000,2,1,1,0
20080006756000,2,1,1,0
20080006757000,41,23,18,1722
20080006758000,1,1,0,0
20080006772000,19,9,10,891.1
20080006778000,17,7,10,712.3
20080006815000,28,13,15,1176
20080006820000,176,80,96,8272
20080006821000,14,6,8,718.2
20080006822000,6,4,2,288
20080006825000,2,1,1,0
20080006831000,2,2,0,0
20080006832000,108,57,51,2732.4
20080006833000,445,218,227,14240
20080006834000,100,47,53,5400
20080006837000,14,9,5,571.2
20080006838000,19,9,10,1027.9
20080006839000,7,4,3,303.8
20080006840000,41,20,21,1377.6
20080006854000,50,29,21,1965
20080006855000,247,134,113,9311.9
20080006856000,13,5,8,600.6
20080006861000,2,1,1,0
20080006867000,20,9,11,844
20080006868000,7,3,4,352.8
20080006889000,4,2,2,0
20080006900000,19,9,10,767.6
20080006901000,4,1,3,0
20080006902000,7,3,4,184.8
20080006904000,1,0,1,0
20080006911000,8,3,5,290.4
20080006919000,3,1,2,0
20080006920000,53,31,22,1923.9
20080006921000,342,169,173,15526.8
20080006929000,1,1,0,0
20080006930000,5,3,2,295
20090006468000,32,16,16,1408
20090006469000,18,11,7,768.6
20090006470000,42,22,20,1709.4
20090006471000,22,10,12,924
20090006474000,9,7,2,306.9
20090006475000,24,13,11,880.8
20090006476000,10,7,3,280
20090006477000,7,3,4,480.2
20090006485000,1,0,1,0
20090006486000,10,4,6,491
20090006487000,12,7,5,620.4
20090006501000,4,2,2,0
20090006508000,14,8,6,628.6
20090006509000,19,10,9,1052.6
20090006518000,10,6,4,265
20090006598000,1,1,0,0
20090006599000,7,3,4,305.9
20090006600000,8,2,6,374.4
20090006615000,14,6,8,446.6
20090006624000,16,11,5,526.4
20090006625000,10,5,5,410
20090006631000,10,6,4,360
20090006642000,18,11,7,873
20090006643000,29,14,15,1168.7
20090006645000,1,0,1,0
20090006663000,13,7,6,722.8
20090006664000,4,2,2,0
20090006698000,2,2,0,0
20090006700000,10,5,5,398
20090006708000,18,8,10,743.4
20090006712000,29,20,9,1464.5
20090006713000,12,5,7,385.2
20090006724000,1,1,0,0
20090006725000,97,46,51,3676.3
20090006726000,19,10,9,978.5
20090006745000,12,4,8,567.6
20090006756000,12,6,6,333.6
20090006772000,2,2,0,0
20090006778000,8,4,4,396
20090006807000,30,16,14,1740
20090006808000,28,10,18,963.2
20090006815000,7,3,4,450.1
20090006821000,44,22,22,1984.4
20090006822000,6,1,5,192
20090006824000,1,1,0,0
20090006826000,12,6,6,331.2
20090006830000,30,15,15,1287
20090006833000,10,6,4,414
20090006834000,50,27,23,1880
20090006839000,30,17,13,1077
20090006840000,40,21,19,1160
20090006851000,3,1,2,0
20090006852000,4,3,1,0
20090006855000,3,2,1,0
20090006856000,50,24,26,2095
20090006857000,33,18,15,1494.9
20090006868000,29,16,13,1064.3
20090006890000,39,20,19,1407.9
20090006891000,32,14,18,1417.6
20090006897000,39,22,17,1778.4
20090006900000,119,63,56,4200.7
20090006901000,48,24,24,1766.4
20090006902000,3,2,1,0
20090006904000,7,4,3,275.8
20090006909000,1,0,1,0
20090006911000,1,0,1,0
20090006915000,15,10,5,765
20090006916000,17,9,8,678.3
20090006917000,21,10,11,625.8
20090006919000,59,31,28,2259.7
20090006920000,59,35,24,1823.1
20090006921000,93,44,49,4352.4
20090006928000,45,20,25,1773
20090006934000,20,13,7,968
20090006935000,18,10,8,574.2
20090006937000,19,8,11,896.8
20100006467000,33,20,13,1494.9
20100006468000,9,4,5,514.8
20100006469000,480,232,248,19056
20100006470000,187,98,89,7049.9
20100006471000,35,18,17,1116.5
20100006472000,35,22,13,1179.5
20100006473000,6,3,3,199.2
20100006474000,1,1,0,0
20100006477000,5,2,3,282
20100006484000,1,1,0,0
20100006485000,83,45,38,3245.3
20100006486000,12,7,5,618
20100006488000,1,1,0,0
20100006489000,41,26,15,2205.8
20100006490000,30,15,15,1041
20100006491000,31,17,14,1212.1
20100006492000,643,328,315,25655.7
20100006493000,29,14,15,1067.2
20100006496000,1,1,0,0
20100006498000,3,2,1,0
20100006499000,1,1,0,0
20100006508000,23,8,15,862.5
20100006521000,2,1,1,0
20100006532000,2,1,1,0
20100006622000,3,2,1,0
20100006632000,3,2,1,0
20100006633000,11,5,6,365.2
20100006642000,201,102,99,8321.4
20100006643000,376,183,193,16882.4
20100006644000,42,21,21,1785
20100006664000,2,1,1,0
20100006695000,5,4,1,143
20100006711000,4,2,2,0
20100006713000,49,22,27,2239.3
20100006714000,2,1,1,0
20100006725000,128,72,56,4441.6
20100006726000,15,10,5,610.5
20100006745000,1,0,1,0
20100006755000,1,1,0,0
20100006756000,2,0,2,0
20100006780000,50,22,28,1925
20100006781000,13,6,7,435.5
20100006804000,8,3,5,308.8
20100006810000,8,3,5,336
20100006814000,3,2,1,0
20100006815000,1,0,1,0
20100006829000,20,10,10,818
20100006830000,4,2,2,0
20100006833000,16,9,7,510.4
20100006834000,8,5,3,394.4
20100006839000,11,6,5,561
20100006840000,33,20,13,1326.6
20100006841000,8,4,4,307.2
20100006843000,4,3,1,0
20100006849000,46,26,20,1784.8
20100006850000,213,108,105,6837.3
20100006851000,30,16,14,975
20100006852000,11,4,7,497.2
20100006854000,3,1,2,0
20100006856000,25,11,14,880
20100006857000,67,38,29,2405.3
20100006858000,9,5,4,287.1
20100006859000,13,8,5,640.9
20100006861000,1,0,1,0
20100006891000,54,27,27,2084.4
20100006899000,1,1,0,0
20100006900000,27,11,16,885.6
20100006901000,12,5,7,570
20100006902000,42,20,22,1625.4
20100006903000,6,3,3,391.8
20100006908000,12,9,3,430.8
20100006909000,19,9,10,809.4
20100006910000,25,12,13,1310
20100006915000,33,15,18,1267.2
20100006916000,26,16,10,1154.4
20100006918000,20,11,9,952
20100006919000,3,2,1,0
20100006920000,7,4,3,210
20100006921000,42,18,24,1680
20100006928000,2,0,2,0
20100006932000,119,52,67,5902.4
20100006933000,188,102,86,5658.8
20100006934000,12,5,7,681.6
20100006936000,37,22,15,1735.3
20100006937000,6,3,3,223.2
20100006938000,9,4,5,461.7
20100006940000,49,22,27,1886.5
20110006466000,6,3,3,277.2
20110006467000,30,15,15,1062
20110006468000,121,56,65,4307.6
20110006469000,700,319,381,32060
20110006470000,251,119,132,10366.3
20110006471000,7,3,4,212.1
20110006472000,34,15,19,1526.6
20110006473000,39,20,19,1513.2
20110006477000,2,1,1,0
20110006478000,40,18,22,1400
20110006484000,87,45,42,3697.5
20110006489000,11,7,4,475.2
20110006490000,57,25,32,2610.6
20110006491000,504,258,246,23032.8
20110006492000,921,462,459,39603
20110006493000,83,42,41,3477.7
20110006495000,24,12,12,1212
20110006496000,21,12,9,915.6
20110006498000,9,5,4,531
20110006499000,16,12,4,980.8
20110006500000,20,11,9,902
20110006501000,1,1,0,0
20110006504000,50,25,25,2215
20110006531000,2,1,1,0
20110006532000,5,3,2,180
20110006593000,3,1,2,0
20110006608000,1,0,1,0
20110006622000,4,3,1,0
20110006633000,10,6,4,487
20110006636000,6,4,2,345
20110006643000,160,80,80,5120
20110006644000,122,59,63,4758
20110006645000,15,9,6,933
20110006695000,9,5,4,340.2
20110006711000,8,4,4,399.2
20110006713000,43,25,18,1462
20110006714000,1,0,1,0
20110006715000,21,10,11,789.6
20110006717000,15,10,5,853.5
20110006718000,30,13,17,1170
20110006725000,186,93,93,6435.6
20110006726000,20,9,11,684
20110006771000,10,6,4,554
20110006780000,5,2,3,148
20110006781000,21,9,12,1136.1
20110006782000,13,11,2,508.3
20110006789000,3,2,1,0
20110006804000,13,8,5,531.7
20110006814000,21,12,9,1008
20110006815000,146,77,69,6789
20110006825000,3,2,1,0
20110006833000,3,2,1,0
20110006834000,24,12,12,878.4
20110006846000,19,13,6,858.8
20110006847000,748,398,350,27002.8
20110006848000,117,56,61,4785.3
20110006849000,41,18,23,1586.7
20110006850000,4,2,2,0
20110006851000,9,3,6,332.1
20110006852000,16,10,6,625.6
20110006853000,11,7,4,496.1
20110006854000,1,1,0,0
20110006855000,10,6,4,331
20110006856000,7,4,3,462.7
20110006857000,57,31,26,2593.5
20110006858000,64,39,25,2291.2
20110006859000,62,27,35,2331.2
20110006860000,22,8,14,950.4
20110006861000,31,18,13,1007.5
20110006869000,6,4,2,286.2
20110006891000,22,11,11,635.8
20110006899000,23,12,11,1058
20110006900000,25,13,12,1035
20110006909000,6,3,3,403.8
20110006914000,7,5,2,296.1
20110006915000,42,20,22,1659
20110006916000,2,1,1,0
20110006917000,26,14,12,1305.2
20110006921000,31,20,11,1658.5
20110006931000,132,68,64,6111.6
20110006932000,201,97,104,9467.1
20110006933000,70,32,38,2534
20110006935000,14,9,5,624.4
20110006936000,130,72,58,5967
20110006938000,49,29,20,1911
20110006939000,83,42,41,3328.3
20110006940000,4,2,2,0
20110006941000,9,5,4,377.1
20110006950000,90,49,41,4068
20120006466000,30,17,13,1314
20120006467000,43,22,21,1677
20120006468000,36,17,19,1605.6
20120006469000,55,25,30,1743.5
20120006470000,348,180,168,11449.2
20120006471000,12,8,4,411.6
20120006473000,20,10,10,624
20120006477000,1,0,1,0
20120006478000,5,3,2,136
20120006484000,6,4,2,298.2
20120006488000,5,2,3,265
20120006489000,47,23,24,1870.6
20120006490000,535,274,261,15194
20120006491000,1025,520,505,44075
20120006492000,1295,639,656,51670.5
20120006493000,487,247,240,19626.1
20120006494000,62,37,25,2969.8
20120006495000,97,49,48,4132.2
20120006497000,40,24,16,1744
20120006498000,31,16,15,1416.7
20120006501000,1,0,1,0
20120006504000,68,41,27,2692.8
20120006505000,16,9,7,665.6
20120006603000,4,2,2,0
20120006622000,17,8,9,826.2
20120006632000,20,9,11,858
20120006633000,1,1,0,0
20120006643000,106,57,49,5172.8
20120006644000,118,53,65,5498.8
20120006667000,3,2,1,0
20120006668000,1,1,0,0
20120006714000,3,2,1,0
20120006715000,31,15,16,1243.1
20120006716000,71,38,33,3053
20120006717000,120,63,57,5316
20120006718000,105,59,46,4609.5
20120006719000,34,16,18,1278.4
20120006720000,1,1,0,0
20120006724000,32,13,19,902.4
20120006725000,557,274,283,21221.7
20120006726000,220,114,106,9108
20120006727000,4,2,2,0
20120006771000,15,6,9,594
20120006772000,6,2,4,288
20120006810000,2,1,1,0
20120006814000,13,8,5,418.6
20120006815000,88,50,38,3687.2
20120006833000,8,3,5,520.8
20120006834000,18,7,11,865.8
20120006835000,16,10,6,640
20120006846000,240,123,117,7368
20120006847000,1861,954,907,66623.8
20120006848000,567,276,291,21999.6
20120006849000,298,153,145,10102.2
20120006851000,35,20,15,1354.5
20120006855000,14,9,5,442.4
20120006859000,4,1,3,0
20120006860000,39,19,20,1544.4
20120006869000,8,3,5,290.4
20120006891000,17,8,9,630.7
20120006892000,4,2,2,0
20120006895000,23,11,12,1044.2
20120006913000,12,4,8,375.6
20120006921000,17,9,8,931.6
20120006928000,4,2,2,0
20120006930000,14,8,6,616
20120006934000,17,10,7,809.2
20120006935000,45,23,22,2119.5
20120006936000,33,16,17,1155
20120006938000,176,93,83,8043.2
20120006942000,4,2,2,0
20120006947000,65,29,36,2034.5
20120006950000,145,77,68,6365.5
20130006466000,5,3,2,159
20130006468000,35,18,17,1365
20130006469000,149,74,75,4708.4
20130006470000,116,60,56,3862.8
20130006471000,27,12,15,1058.4
20130006472000,17,10,7,578
20130006473000,16,8,8,633.6
20130006478000,1,1,0,0
20130006491000,139,71,68,5240.3
20130006492000,231,119,112,9124.5
20130006493000,98,49,49,4537.4
20130006494000,17,8,9,722.5
20130006497000,16,6,10,515.2
20130006499000,5,2,3,153
20130006504000,40,23,17,1436
20130006505000,308,153,155,11981.2
20130006506000,184,102,82,6955.2
20130006508000,4,3,1,0
20130006604000,1,0,1,0
20130006607000,25,12,13,987.5
20130006622000,40,18,22,1712
20130006629000,3,1,2,0
20130006632000,2,1,1,0
20130006639000,10,6,4,238
20130006642000,6,3,3,292.2
20130006643000,17,9,8,945.2
20130006644000,813,399,414,38129.7
20130006645000,78,48,30,3190.2
20130006646000,119,66,53,4855.2
20130006647000,2,1,1,0
20130006698000,2,1,1,0
20130006708000,7,3,4,315.7
20130006709000,4,1,3,0
20130006710000,48,23,25,1992
20130006711000,4,2,2,0
20130006715000,13,6,7,469.3
20130006716000,8,5,3,324.8
20130006717000,65,35,30,1937
20130006718000,1,1,0,0
20130006722000,140,81,59,5670
20130006723000,38,21,17,1706.2
20130006724000,142,73,69,6162.8
20130006725000,908,435,473,42403.6
20130006726000,101,52,49,3928.9
20130006727000,14,7,7,604.8
20130006756000,23,10,13,1186.8
20130006757000,18,11,7,761.4
20130006759000,1,1,0,0
20130006773000,5,3,2,213
20130006814000,143,74,69,6149
20130006815000,33,18,15,1762.2
20130006833000,10,6,4,300
20130006841000,16,10,6,440
20130006843000,9,5,4,249.3
20130006846000,119,57,62,3998.4
20130006847000,990,474,516,46233
20130006848000,669,340,329,26224.8
20130006851000,2,1,1,0
20130006855000,4,3,1,0
20130006860000,9,4,5,426.6
20130006861000,52,27,25,1939.6
20130006870000,1,1,0,0
20130006872000,7,4,3,391.3
20130006893000,6,5,1,157.8
20130006894000,7,2,5,350.7
20130006895000,1,1,0,0
20130006899000,13,8,5,722.8
20130006921000,5,2,3,162
20130006927000,1,1,0,0
20130006928000,12,5,7,639.6
20130006930000,51,21,30,2320.5
20130006933000,17,7,10,724.2
20130006934000,80,38,42,3040
20130006935000,48,29,19,2356.8
20130006942000,25,13,12,1115
20130006947000,211,102,109,8587.7
20130006948000,19,11,8,655.5
20140006465000,1,0,1,0
20140006466000,39,17,22,1653.6
20140006467000,39,22,17,1501.5
20140006468000,66,33,33,2164.8
20140006469000,57,33,24,2154.6
20140006470000,10,6,4,446
20140006471000,37,22,15,1176.6
20140006480000,4,2,2,0
20140006490000,17,11,6,858.5
20140006491000,29,16,13,1055.6
20140006493000,1,0,1,0
20140006494000,14,3,11,670.6
20140006495000,10,5,5,531
20140006499000,21,10,11,1045.8
20140006505000,14,5,9,470.4
20140006506000,94,48,46,3083.2
20140006509000,4,2,2,0
20140006510000,5,3,2,338
20140006512000,5,4,1,103
20140006514000,2,1,1,0
20140006533000,1,0,1,0
20140006607000,41,23,18,1521.1
20140006608000,26,14,12,1159.6
20140006609000,4,1,3,0
20140006610000,1,1,0,0
20140006612000,8,5,3,288.8
20140006613000,10,5,5,528
20140006622000,15,10,5,568.5
20140006623000,17,10,7,712.3
20140006626000,4,3,1,0
20140006629000,4,1,3,0
20140006632000,6,3,3,193.8
20140006643000,233,116,117,9902.5
20140006644000,905,449,456,36109.5
20140006645000,169,85,84,6641.7
20140006646000,33,20,13,1072.5
20140006648000,1,1,0,0
20140006649000,2,1,1,0
20140006699000,14,9,5,518
20140006711000,33,14,19,1250.7
20140006712000,12,5,7,390
20140006720000,21,11,10,909.3
20140006722000,218,108,110,8131.4
20140006723000,5,3,2,163
20140006724000,80,41,39,3272
20140006725000,29,18,11,1305
20140006726000,24,11,13,837.6
20140006727000,60,29,31,2040
20140006755000,3,2,1,0
20140006756000,88,47,41,4136
20140006757000,14,8,6,439.6
20140006758000,4,2,2,0
20140006759000,3,2,1,0
20140006760000,2,1,1,0
20140006770000,2,1,1,0
20140006772000,6,4,2,346.8
20140006773000,1,1,0,0
20140006784000,1,1,0,0
20140006814000,33,16,17,1593.9
20140006815000,175,95,80,7332.5
20140006832000,1,0,1,0
20140006833000,4,3,1,0
20140006834000,8,4,4,364.8
20140006840000,1,0,1,0
20140006842000,33,19,14,881.1
20140006846000,163,83,80,4955.2
20140006847000,642,310,332,24973.8
20140006848000,100,60,40,4030
20140006856000,2,1,1,0
20140006861000,32,16,16,1273.6
20140006868000,11,5,6,498.3
20140006869000,28,17,11,1162
20140006872000,10,5,5,430
20140006873000,5,2,3,359
20140006896000,1,0,1,0
20140006897000,4,2,2,0
20140006899000,8,4,4,304.8
20140006904000,4,1,3,0
20140006914000,8,5,3,471.2
20140006921000,47,25,22,2006.9
20140006922000,38,16,22,1850.6
20140006923000,31,16,15,1534.5
20140006924000,25,10,15,1072.5
20140006925000,24,12,12,1466.4
20140006926000,7,4,3,457.1
20140006927000,1,1,0,0
20140006930000,17,10,7,793.9
20140006931000,17,12,5,720.8
20140006933000,54,30,24,2365.2
20140006934000,140,70,70,5390
20140006941000,88,48,40,3687.2
20140006942000,166,84,82,6955.4
20140006945000,4,3,1,0
20140006946000,13,7,6,586.3
20140006947000,160,81,79,6464
20140006948000,189,100,89,7578.9
20150006467000,71,37,34,2513.4
20150006468000,780,401,379,30264
20150006469000,256,130,126,10956.8
20150006470000,36,22,14,1450.8
20150006482000,4,2,2,0
20150006486000,4,3,1,0
20150006488000,6,3,3,283.8
20150006489000,25,14,11,922.5
20150006490000,2,1,1,0
20150006491000,3,1,2,0
20150006495000,24,14,10,1305.6
20150006499000,22,10,12,783.2
20150006500000,2,1,1,0
20150006507000,1,0,1,0
20150006515000,6,4,2,298.8
20150006613000,13,7,6,702
20150006622000,22,9,13,767.8
20150006623000,36,17,19,2008.8
20150006624000,1,1,0,0
20150006633000,8,4,4,299.2
20150006643000,4,4,0,0
20150006644000,359,173,186,13857.4
20150006645000,541,271,270,21261.3
20150006696000,68,31,37,2570.4
20150006712000,1,0,1,0
20150006720000,31,16,15,1246.2
20150006721000,24,13,11,1080
20150006722000,34,14,20,1373.6
20150006724000,26,13,13,985.4
20150006725000,287,151,136,11250.4
20150006726000,477,247,230,19795.5
20150006727000,437,220,217,18310.3
20150006728000,43,24,19,1328.7
20150006756000,135,72,63,4860
20150006759000,1,0,1,0
20150006760000,1,1,0,0
20150006762000,1,1,0,0
20150006770000,1,1,0,0
20150006771000,2,1,1,0
20150006815000,8,3,5,531.2
20150006832000,6,4,2,154.8
20150006833000,14,6,8,600.6
20150006842000,53,27,26,2241.9
20150006844000,112,52,60,3494.4
20150006845000,176,95,81,6617.6
20150006846000,67,36,31,2606.3
20150006847000,1395,664,731,45477
20150006848000,538,256,282,20605.4
20150006858000,5,3,2,107
20150006861000,48,25,23,1920
20150006873000,13,9,4,691.6
20150006874000,2,1,1,0
20150006894000,10,5,5,463
20150006897000,3,2,1,0
20150006899000,71,39,32,3074.3
20150006900000,15,7,8,615
20150006915000,20,10,10,596
20150006920000,9,6,3,514.8
20150006921000,25,13,12,1155
20150006923000,6,4,2,258
20150006928000,4,3,1,0
20150006930000,1,1,0,0
20150006931000,2,1,1,0
20150006933000,54,26,28,2467.8
20150006934000,40,26,14,1580
20150006941000,39,22,17,1556.1
20150006942000,139,75,64,5490.5
20150006945000,478,238,240,16299.8
20150006946000,168,84,84,6518.4
20150006947000,401,209,192,15759.3
20150006949000,5,2,3,129
20160006467000,183,93,90,7594.5
20160006468000,829,403,426,35978.6
20160006469000,85,38,47,2873
20160006470000,22,11,11,759
20160006471000,8,5,3,314.4
20160006479000,1,1,0,0
20160006481000,2,1,1,0
20160006482000,2,1,1,0
20160006490000,3,2,1,0
20160006491000,8,5,3,164.8
20160006492000,20,9,11,878
20160006495000,2,1,1,0
20160006498000,2,1,1,0
20160006499000,9,2,7,297.9
20160006502000,13,4,9,374.4
20160006507000,2,1,1,0
20160006510000,2,1,1,0
20160006511000,1,1,0,0
20160006517000,1,1,0,0
20160006522000,5,4,1,160
20160006523000,11,7,4,481.8
20160006526000,2,1,1,0
20160006532000,5,1,4,78
20160006533000,13,4,9,444.6
20160006618000,1,1,0,0
20160006624000,7,4,3,268.1
20160006625000,42,19,23,1398.6
20160006644000,12,8,4,597.6
20160006645000,78,35,43,3057.6
20160006646000,2,1,1,0
20160006667000,4,3,1,0
20160006696000,2,1,1,0
20160006713000,91,43,48,3494.4
20160006714000,55,22,33,2706
20160006715000,49,24,25,2548
20160006720000,7,4,3,249.9
20160006721000,17,7,10,674.9
20160006726000,220,111,109,8646
20160006727000,323,156,167,14761.1
20160006728000,8,5,3,300.8
20160006729000,56,31,25,1965.6
20160006752000,2,1,1,0
20160006753000,2,1,1,0
20160006756000,19,11,8,678.3
20160006764000,2,1,1,0
20160006765000,2,2,0,0
20160006808000,7,4,3,389.2
20160006815000,9,5,4,381.6
20160006816000,23,11,12,938.4
20160006832000,17,7,10,596.7
20160006833000,5,3,2,368
20160006842000,36,22,14,1339.2
20160006843000,2,1,1,0
20160006844000,36,22,14,1375.2
20160006845000,27,12,15,1279.8
20160006846000,133,65,68,5014.1
20160006847000,861,416,445,32373.6
20160006848000,478,234,244,15726.2
20160006860000,25,12,13,855
20160006861000,5,2,3,228
20160006894000,3,2,1,0
20160006896000,2,2,0,0
20160006897000,9,4,5,375.3
20160006899000,56,31,25,2290.4
20160006900000,38,23,15,1390.8
20160006901000,14,6,8,583.8
20160006902000,15,11,4,439.5
20160006918000,40,23,17,2180
20160006919000,23,12,11,1058
20160006920000,2,1,1,0
20160006921000,9,4,5,500.4
20160006923000,13,8,5,739.7
20160006924000,1,0,1,0
20160006925000,1,1,0,0
20160006927000,10,3,7,493
20160006928000,6,3,3,313.2
20160006931000,4,2,2,0
20160006932000,8,4,4,338.4
20160006933000,41,24,17,1763
20160006942000,63,33,30,2494.8
20160006944000,5,2,3,232
20160006945000,711,342,369,33772.5
20160006946000,391,190,201,14779.8
20160006947000,427,237,190,17976.7
20160006949000,127,64,63,5613.4
20160006952000,12,7,5,451.2
20160006954000,19,9,10,1111.5
20170006465000,15,8,7,1029
20170006466000,12,6,6,493.2
20170006467000,128,73,55,5632
20170006468000,993,501,492,42599.7
20170006471000,7,3,4,154.7
20170006475000,13,7,6,442
20170006478000,3,1,2,0
20170006491000,5,3,2,237
20170006500000,11,5,6,394.9
20170006501000,3,2,1,0
20170006503000,2,1,1,0
20170006504000,14,9,5,515.2
20170006523000,3,2,1,0
20170006624000,51,23,28,1978.8
20170006625000,14,6,8,546
20170006631000,5,2,3,233
20170006645000,9,5,4,376.2
20170006700000,1,1,0,0
20170006701000,29,18,11,1322.4
20170006714000,217,105,112,9895.2
20170006715000,2,1,1,0
20170006725000,13,6,7,431.6
20170006726000,300,146,154,10680
20170006727000,7,3,4,273
20170006729000,43,19,24,1582.4
20170006730000,6,4,2,217.8
20170006737000,1,1,0,0
20170006751000,12,7,5,529.2
20170006753000,2,1,1,0
20170006754000,3,2,1,0
20170006755000,2,1,1,0
20170006756000,2,2,0,0
20170006765000,6,4,2,238.2
20170006771000,7,4,3,272.3
20170006772000,4,2,2,0
20170006832000,9,4,5,434.7
20170006842000,3,2,1,0
20170006843000,31,18,13,1187.3
20170006844000,445,233,212,11837
20170006848000,28,14,14,1251.6
20170006849000,9,5,4,417.6
20170006860000,23,12,11,848.7
20170006893000,4,2,2,0
20170006894000,7,4,3,277.9
20170006897000,18,10,8,752.4
20170006899000,218,112,106,8109.6
20170006915000,3,2,1,0
20170006917000,48,26,22,2241.6
20170006918000,166,76,90,8665.2
20170006919000,13,6,7,605.8
20170006920000,35,19,16,2009
20170006921000,3,2,1,0
20170006927000,18,9,9,941.4
20170006933000,11,7,4,495
20170006942000,26,11,15,764.4
20170006943000,8,4,4,354.4
20170006945000,115,59,56,4370
20170006946000,746,360,386,28198.8
20170006947000,2,1,1,0
20170006949000,83,44,39,3992.3
20170006950000,9,4,5,257.4
20170006952000,23,12,11,1182.2
20170006953000,20,8,12,1014
20180006468000,31,18,13,1345.4
20180006475000,22,8,14,957
20180006478000,18,6,12,842.4
20180006479000,23,12,11,717.6
20180006480000,1,1,0,0
20180006481000,14,7,7,576.8
20180006483000,3,2,1,0
20180006488000,8,4,4,282.4
20180006497000,7,4,3,228.2
20180006500000,6,4,2,346.2
20180006506000,26,13,13,1006.2
20180006624000,18,10,8,633.6
20180006625000,255,124,131,9868.5
20180006642000,2,2,0,0
20180006645000,13,5,8,487.5
20180006646000,7,4,3,266
20180006668000,8,2,6,584
20180006697000,19,9,10,780.9
20180006717000,13,8,5,496.6
20180006725000,76,45,31,3085.6
20180006726000,24,12,12,811.2
20180006729000,17,9,8,771.8
20180006730000,29,13,16,1041.1
20180006750000,5,4,1,124
20180006751000,14,6,8,383.6
20180006752000,19,11,8,940.5
20180006754000,8,2,6,308.8
20180006757000,3,1,2,0
20180006765000,42,23,19,1747.2
20180006766000,9,5,4,475.2
20180006807000,2,1,1,0
20180006832000,3,2,1,0
20180006842000,30,15,15,768
20180006843000,10,7,3,354
20180006844000,290,153,137,8555
20180006845000,4,2,2,0
20180006848000,10,4,6,240
20180006849000,35,21,14,1599.5
20180006850000,1,0,1,0
20180006860000,30,19,11,1236
20180006861000,14,6,8,530.6
20180006878000,22,12,10,825
20180006898000,16,8,8,609.6
20180006899000,59,36,23,2637.3
20180006900000,4,2,2,0
20180006918000,28,15,13,1276.8
20180006919000,159,84,75,6725.7
20180006927000,12,7,5,673.2
20180006928000,8,4,4,380.8
20180006931000,5,2,3,197
20180006933000,14,8,6,600.6
20180006943000,53,26,27,2300.2
20180006944000,14,9,5,541.8
20180006945000,44,24,20,1958
20180006946000,226,119,107,7480.6
20180006947000,158,76,82,6509.6
20180006948000,114,61,53,4902
20180006949000,79,34,45,3594.5
20180006950000,86,47,39,3698
20180006953000,41,20,21,1898.3
20180006954000,1,1,0,0
20190006468000,89,44,45,3310.8
20190006469000,10,5,5,717
20190006472000,10,6,4,494
20190006473000,2,2,0,0
20190006474000,2,1,1,0
20190006478000,6,2,4,205.2
20190006480000,4,1,3,0
20190006484000,5,4,1,282
20190006487000,3,2,1,0
20190006488000,9,5,4,605.7
20190006489000,8,4,4,460.8
20190006493000,4,1,3,0
20190006497000,1,1,0,0
20190006499000,6,3,3,204
20190006500000,2,1,1,0
20190006502000,9,6,3,393.3
20190006503000,4,3,1,0
20190006515000,3,1,2,0
20190006518000,24,15,9,768
20190006519000,26,12,14,910
20190006520000,12,4,8,408
20190006523000,33,16,17,1508.1
20190006524000,16,9,7,428.8
20190006525000,3,1,2,0
20190006532000,153,73,80,5125.5
20190006533000,6,4,2,154.2
20190006613000,3,2,1,0
20190006624000,5,3,2,102
20190006625000,87,41,46,4376.1
20190006633000,8,4,4,334.4
20190006668000,7,2,5,340.2
20190006669000,7,3,4,207.2
20190006697000,7,2,5,217.7
20190006714000,14,8,6,660.8
20190006716000,15,8,7,757.5
20190006717000,41,23,18,1722
20190006723000,1,0,1,0
20190006725000,41,21,20,1836.8
20190006726000,22,12,10,990
20190006727000,56,29,27,2273.6
20190006728000,32,16,16,1331.2
20190006729000,38,23,15,1033.6
20190006752000,5,3,2,137
20190006753000,26,14,12,1024.4
20190006754000,3,1,2,0
20190006757000,4,2,2,0
20190006765000,6,3,3,193.2
20190006772000,14,9,5,326.2
20190006773000,8,6,2,340.8
20190006807000,1,0,1,0
20190006808000,3,1,2,0
20190006831000,4,2,2,0
20190006841000,3,2,1,0
20190006842000,5,2,3,123
20190006843000,20,12,8,918
20190006844000,24,15,9,1032
20190006845000,19,9,10,830.3
20190006847000,1,1,0,0
20190006849000,4,2,2,0
20190006850000,25,13,12,1032.5
20190006860000,19,9,10,706.8
20190006870000,20,10,10,710
20190006878000,11,7,4,452.1
20190006898000,16,7,9,532.8
20190006899000,4,2,2,0
20190006900000,10,5,5,466
20190006901000,25,11,14,1127.5
20190006918000,20,12,8,1100
20190006927000,13,7,6,707.2
20190006928000,86,42,44,3680.8
20190006941000,56,29,27,1965.6
20190006942000,16,9,7,678.4
20190006943000,7,5,2,263.9
20190006944000,60,28,32,2214
20190006945000,213,112,101,7305.9
20190006946000,22,14,8,963.6
20190006947000,227,117,110,8762.2
20190006949000,10,3,7,319
20200006467000,38,22,16,1615
20200006468000,5,2,3,277
20200006469000,6,2,4,402
20200006471000,2,1,1,0
20200006472000,1,1,0,0
20200006473000,17,10,7,450.5
20200006479000,3,2,1,0
20200006484000,2,1,1,0
20200006486000,27,15,12,869.4
20200006487000,259,134,125,10463.6
20200006488000,205,106,99,8466.5
20200006489000,13,6,7,471.9
20200006494000,3,1,2,0
20200006497000,10,6,4,408
20200006501000,5,3,2,93
20200006514000,1,1,0,0
20200006515000,14,10,4,659.4
20200006524000,49,26,23,1817.9
20200006525000,6,3,3,423
20200006531000,66,37,29,2072.4
20200006532000,537,275,262,22876.2
20200006533000,90,40,50,3627
20200006534000,5,4,1,136
20200006535000,2,1,1,0
20200006624000,12,6,6,482.4
20200006625000,166,80,86,7104.8
20200006668000,21,11,10,942.9
20200006714000,10,8,2,449
20200006717000,7,4,3,291.9
20200006725000,4,3,1,0
20200006726000,8,5,3,328.8
20200006727000,58,30,28,2256.2
20200006752000,40,21,19,1380
20200006753000,13,5,8,434.2
20200006754000,4,2,2,0
20200006755000,5,3,2,154
20200006774000,6,2,4,300
20200006812000,1,1,0,0
20200006819000,75,40,35,2790
20200006831000,2,1,1,0
20200006843000,23,14,9,959.1
20200006844000,4,3,1,0
20200006849000,2,1,1,0
20200006850000,32,19,13,931.2
20200006851000,102,56,46,3274.2
20200006852000,2,1,1,0
20200006860000,18,8,10,628.2
20200006861000,15,7,8,778.5
20200006862000,1,1,0,0
20200006869000,7,4,3,224
20200006870000,11,4,7,347.6
20200006872000,29,14,15,1229.6
20200006873000,11,6,5,457.6
20200006896000,4,3,1,0
20200006898000,39,21,18,1669.2
20200006899000,4,2,2,0
20200006900000,6,4,2,274.2
20200006901000,23,10,13,940.7
20200006908000,11,6,5,533.5
20200006916000,1,1,0,0
20200006917000,6,3,3,391.8
20200006918000,4,1,3,0
20200006927000,4,2,2,0
20200006928000,25,12,13,1300
20200006933000,1,1,0,0
20200006935000,8,4,4,256
20200006939000,86,47,39,3766.8
20200006940000,134,67,67,5641.4
20200006941000,168,86,82,6938.4
20200006942000,154,92,62,5605.6
20200006944000,104,61,43,3764.8
20200006945000,69,33,36,2773.8
20200006946000,34,17,17,1322.6
20200006948000,61,36,25,2482.7
20210006464000,2,1,1,0
20210006466000,11,5,6,375.1
20210006467000,11,6,5,382.8
20210006468000,37,22,15,1309.8
20210006469000,17,8,9,622.2
20210006472000,6,3,3,249
20210006480000,2,1,1,0
20210006483000,8,6,2,364
20210006485000,11,5,6,348.7
20210006486000,1,1,0,0
20210006488000,62,28,34,2002.6
20210006489000,16,8,8,716.8
20210006490000,1,1,0,0
20210006492000,10,5,5,263
20210006494000,8,5,3,318.4
20210006495000,4,3,1,0
20210006496000,15,8,7,585
20210006498000,19,12,7,837.9
20210006499000,2,2,0,0
20210006500000,2,1,1,0
20210006501000,2,1,1,0
20210006502000,7,3,4,329.7
20210006504000,17,7,10,666.4
20210006507000,4,2,2,0
20210006508000,3,1,2,0
20210006509000,10,6,4,217
20210006510000,11,5,6,468.6
20210006512000,5,3,2,210
20210006532000,10,4,6,204
20210006533000,46,24,22,1660.6
20210006534000,9,6,3,224.1
20210006535000,27,15,12,982.8
20210006536000,8,2,6,336.8
20210006538000,17,10,7,790.5
20210006576000,3,2,1,0
20210006624000,4,2,2,0
20210006625000,12,5,7,597.6
20210006626000,6,2,4,352.2
20210006668000,8,6,2,330.4
20210006714000,14,7,7,491.4
20210006715000,10,7,3,386
20210006717000,15,7,8,544.5
20210006718000,5,2,3,329
20210006726000,2,1,1,0
20210006753000,26,13,13,884
20210006754000,28,15,13,1422.4
20210006755000,10,6,4,387
20210006775000,2,2,0,0
20210006813000,2,1,1,0
20210006819000,529,257,272,21265.8
20210006820000,670,344,326,26800
20210006831000,5,3,2,205
20210006843000,15,7,8,952.5
20210006844000,3,2,1,0
20210006845000,23,13,10,1021.2
20210006850000,4,3,1,0
20210006851000,24,14,10,736.8
20210006852000,9,6,3,401.4
20210006853000,11,5,6,338.8
20210006859000,2,1,1,0
20210006860000,3,2,1,0
20210006861000,17,10,7,671.5
20210006869000,14,8,6,571.2
20210006877000,28,18,10,1232
20210006878000,88,49,39,4540.8
20210006896000,32,17,15,1273.6
20210006898000,70,36,34,2275
20210006899000,62,28,34,2790
20210006900000,6,4,2,109.2
20210006908000,15,9,6,895.5
20210006909000,11,7,4,610.5
20210006915000,3,2,1,0
20210006916000,13,7,6,729.3
20210006928000,32,18,14,1561.6
20210006934000,56,27,29,1691.2
20210006935000,59,29,30,1988.3
20210006939000,14,8,6,533.4
20210006940000,12,8,4,679.2
20210006942000,20,12,8,856
20210006944000,7,6,1,345.8
20210006946000,31,14,17,1264.8
20210006947000,111,51,60,4373.4
20210006948000,69,34,35,3256.8
20220006466000,11,5,6,724.9
20220006467000,6,4,2,385.2
20220006468000,62,30,32,2281.6
20220006469000,20,12,8,1146
20220006470000,9,5,4,317.7
20220006479000,5,3,2,267
20220006483000,8,5,3,419.2
20220006485000,2,1,1,0
20220006488000,8,4,4,366.4
20220006489000,14,8,6,754.6
20220006495000,1,1,0,0
20220006499000,1,1,0,0
20220006504000,10,4,6,404
20220006505000,7,3,4,445.2
20220006507000,5,1,4,103
20220006508000,5,2,3,153
20220006510000,1,1,0,0
20220006526000,2,1,1,0
20220006529000,14,7,7,544.6
20220006534000,57,23,34,2411.1
20220006538000,10,4,6,301
20220006549000,9,4,5,471.6
20220006576000,1,1,0,0
20220006577000,1,1,0,0
20220006626000,1,1,0,0
20220006647000,27,12,15,1182.6
20220006713000,2,1,1,0
20220006714000,3,2,1,0
20220006753000,17,10,7,805.8
20220006754000,51,27,24,1667.7
20220006755000,5,3,2,76
20220006806000,20,11,9,922
20220006807000,6,4,2,390
20220006819000,19,12,7,571.9
20220006820000,423,217,206,17469.9
20220006821000,2,0,2,0
20220006831000,3,1,2,0
20220006832000,13,6,7,455
20220006846000,17,10,7,715.7
20220006847000,35,17,18,1445.5
20220006853000,4,3,1,0
20220006860000,7,4,3,240.1
20220006861000,23,10,13,880.9
20220006862000,2,1,1,0
20220006863000,6,3,3,178.8
20220006869000,6,4,2,193.8
20220006879000,36,19,17,1605.6
20220006894000,3,1,2,0
20220006896000,8,4,4,252
20220006898000,116,60,56,4976.4
20220006899000,116,59,57,4060
20220006900000,65,27,38,2138.5
20220006901000,47,25,22,1762.5
20220006907000,1,0,1,0
20220006908000,32,14,18,1523.2
20220006910000,2,1,1,0
20220006915000,10,7,3,355
20220006928000,30,14,16,1281
20220006929000,13,6,7,500.5
20220006930000,1,1,0,0
20220006932000,44,21,23,1861.2
20220006933000,32,16,16,1292.8
20220006934000,50,28,22,2325
20220006935000,165,87,78,6105
20220006936000,75,40,35,3150
20220006938000,12,7,5,307.2
20220006939000,51,25,26,2111.4
20220006940000,23,8,15,954.5
20220006948000,5,3,2,135
20230006467000,16,9,7,460.8
20230006468000,10,7,3,455
20230006469000,15,9,6,556.5
20230006470000,15,9,6,444
20230006479000,21,10,11,768.6
20230006485000,4,2,2,0
20230006488000,4,3,1,0
20230006489000,1,0,1,0
20230006499000,90,42,48,2799
20230006500000,45,23,22,2061
20230006502000,40,24,16,1524
20230006503000,15,7,8,589.5
20230006504000,28,14,14,1444.8
20230006505000,2,1,1,0
20230006509000,2,1,1,0
20230006510000,3,1,2,0
20230006534000,19,9,10,687.8
20230006539000,14,8,6,554.4
20230006542000,4,3,1,0
20230006576000,5,3,2,324
20230006626000,6,1,5,292.8
20230006647000,22,9,13,1139.6
20230006648000,4,1,3,0
20230006669000,1,0,1,0
20230006670000,1,1,0,0
20230006713000,7,4,3,256.9
20230006714000,7,3,4,191.8
20230006720000,5,3,2,182
20230006751000,7,4,3,345.1
20230006752000,143,69,74,4618.9
20230006753000,50,27,23,1895
20230006806000,6,3,3,265.8
20230006807000,7,4,3,398.3
20230006808000,4,3,1,0
20230006820000,280,152,128,10332
20230006821000,175,87,88,6247.5
20230006833000,11,5,6,390.5
20230006842000,9,4,5,334.8
20230006843000,56,28,28,1528.8
20230006844000,3,1,2,0
20230006847000,35,21,14,1179.5
20230006853000,2,2,0,0
20230006854000,34,20,14,1557.2
20230006861000,13,6,7,504.4
20230006862000,3,2,1,0
20230006869000,2,1,1,0
20230006891000,3,1,2,0
20230006894000,5,0,5,255
20230006896000,2,1,1,0
20230006898000,78,46,32,3252.6
20230006899000,31,19,12,1001.3
20230006900000,6,3,3,196.8
20230006901000,37,17,20,1683.5
20230006902000,18,9,9,1094.4
20230006929000,11,5,6,434.5
20230006933000,45,25,20,1453.5
20230006934000,57,29,28,2291.4
20230006935000,5,3,2,249
20230006936000,28,12,16,1282.4
20230006937000,80,48,32,3048
20230006938000,8,5,3,514.4
20230006939000,207,91,116,9791.1
20230006940000,11,6,5,456.5
20230006941000,4,2,2,0
20230006943000,20,12,8,818
20230006944000,13,6,7,494
20230006946000,1,0,1,0
20240006466000,2,1,1,0
20240006468000,5,3,2,188
20240006469000,40,21,19,1200
20240006470000,18,9,9,874.8
20240006473000,2,1,1,0
20240006478000,2,1,1,0
20240006480000,2,2,0,0
20240006482000,11,4,7,245.3
20240006483000,4,2,2,0
20240006485000,2,2,0,0
20240006487000,9,4,5,399.6
20240006488000,6,3,3,274.2
20240006499000,14,8,6,497
20240006503000,4,3,1,0
20240006504000,6,3,3,258
20240006505000,32,16,16,1164.8
20240006540000,16,7,9,564.8
20240006541000,6,5,1,234
20240006547000,13,6,7,444.6
20240006548000,5,3,2,290
20240006550000,3,2,1,0
20240006551000,9,4,5,358.2
20240006626000,5,2,3,335
20240006713000,38,22,16,1512.4
20240006720000,48,28,20,2208
20240006721000,8,5,3,236
20240006722000,5,4,1,135
20240006751000,35,18,17,1375.5
20240006752000,3,2,1,0
20240006753000,18,10,8,840.6
20240006775000,3,1,2,0
20240006821000,26,14,12,769.6
20240006832000,4,3,1,0
20240006833000,30,15,15,1242
20240006842000,16,7,9,620.8
20240006843000,6,4,2,208.8
20240006847000,19,10,9,661.2
20240006848000,128,71,57,4416
20240006849000,84,36,48,3460.8
20240006850000,8,5,3,407.2
20240006854000,38,20,18,1314.8
20240006855000,12,5,7,363.6
20240006896000,17,8,9,771.8
20240006898000,14,7,7,715.4
20240006902000,28,16,12,1061.2
20240006911000,4,1,3,0
20240006929000,4,1,3,0
20240006937000,18,8,10,698.4
20240006938000,21,14,7,848.4
20240006939000,158,89,69,6114.6
20240006941000,29,15,14,1107.8
20240006942000,4,2,2,0
20240006943000,31,19,12,1305.1
20240006944000,210,101,109,6489
20240006946000,2,1,1,0
20250006463000,5,3,2,202
20250006464000,6,2,4,265.2
20250006465000,2,1,1,0
20250006466000,11,6,5,610.5
20250006467000,8,4,4,560
20250006468000,6,2,4,258
20250006469000,64,38,26,2131.2
20250006470000,10,7,3,228
20250006488000,83,48,35,3253.6
20250006489000,99,48,51,3425.4
20250006540000,1,1,0,0
20250006541000,4,3,1,0
20250006548000,3,3,0,0
20250006551000,10,7,3,483
20250006552000,13,9,4,470.6
20250006671000,5,1,4,110
20250006687000,5,2,3,104
20250006720000,88,45,43,4488
20250006721000,31,16,15,1466.3
20250006728000,13,7,6,702
20250006729000,8,3,5,236
20250006751000,23,14,9,1143.1
20250006752000,65,32,33,2112.5
20250006753000,64,31,33,2515.2
20250006754000,10,4,6,358
20250006775000,10,5,5,460
20250006833000,29,16,13,1461.6
20250006834000,21,11,10,1178.1
20250006841000,7,4,3,476.7
20250006842000,29,14,15,1238.3
20250006848000,16,9,7,710.4
20250006849000,512,252,260,15667.2
20250006850000,24,12,12,806.4
20250006854000,13,6,7,370.5
20250006855000,13,6,7,470.6
20250006882000,3,1,2,0
20250006883000,4,3,1,0
20250006895000,7,3,4,168.7
20250006896000,21,14,7,913.5
20250006897000,13,7,6,546
20250006902000,1,1,0,0
20250006912000,6,4,2,231
20250006914000,1,1,0,0
20250006915000,3,1,2,0
20250006927000,2,1,1,0
20250006929000,23,11,12,841.8
20250006935000,2,1,1,0
20250006938000,4,2,2,0
20250006939000,81,41,40,3240
20250006942000,386,204,182,13124
20250006943000,8,5,3,340
20250006944000,56,27,29,2116.8
20250006946000,17,11,6,508.3
20250006948000,5,3,2,106
20260006463000,6,2,4,214.2
20260006464000,5,3,2,273
20260006465000,18,8,10,991.8
20260006466000,19,11,8,649.8
20260006467000,5,2,3,161
20260006468000,25,12,13,1030
20260006469000,44,17,27,1799.6
20260006470000,7,5,2,282.8
20260006473000,10,5,5,230
20260006475000,7,4,3,261.8
20260006477000,5,2,3,108
20260006481000,6,3,3,97.2
20260006488000,39,17,22,1957.8
20260006489000,127,59,68,5232.4
20260006513000,1,1,0,0
20260006549000,7,3,4,216.3
20260006551000,4,3,1,0
20260006552000,6,3,3,246
20260006553000,3,2,1,0
20260006632000,1,1,0,0
20260006671000,15,7,8,550.5
20260006686000,2,1,1,0
20260006720000,11,3,8,403.7
20260006721000,31,13,18,1112.9
20260006723000,2,1,1,0
20260006728000,28,17,11,1408.4
20260006729000,14,8,6,446.6
20260006750000,11,5,6,415.8
20260006751000,21,9,12,800.1
20260006752000,59,36,23,2525.2
20260006753000,64,31,33,2572.8
20260006754000,23,14,9,947.6
20260006775000,14,7,7,645.4
20260006812000,3,2,1,0
20260006832000,9,5,4,368.1
20260006834000,30,16,14,1071
20260006841000,23,11,12,1081
20260006842000,6,4,2,193.2
20260006848000,4,3,1,0
20260006849000,52,30,22,2038.4
20260006888000,8,4,4,304
20260006890000,2,1,1,0
20260006895000,18,8,10,754.2
20260006897000,239,124,115,8556.2
20260006898000,6,3,3,282
20260006913000,7,4,3,408.8
20260006914000,24,12,12,1200
20260006916000,21,8,13,852.6
20260006928000,1,1,0,0
20260006929000,22,8,14,939.4
20260006933000,2,1,1,0
20260006935000,30,14,16,1134
20260006936000,30,19,11,1113
20260006939000,10,5,5,411
20260006940000,32,16,16,1177.6
20260006941000,38,25,13,1326.2
20260006942000,390,214,176,12792
20260006943000,246,184,62,9692.4
20260006944000,108,58,50,3790.8
20260006945000,67,33,34,3524.2
20260006946000,765,410,355,28381.5
20260006947000,268,144,124,10666.4
20260006948000,214,105,109,7104.8
20260006949000,32,22,10,1068.8
20270006461000,15,7,8,409.5
20270006464000,6,3,3,187.2
20270006465000,3,1,2,0
20270006466000,1,1,0,0
20270006467000,3,2,1,0
20270006468000,7,3,4,249.2
20270006469000,34,16,18,1186.6
20270006470000,12,6,6,511.2
20270006473000,26,15,11,865.8
20270006475000,1,1,0,0
20270006480000,4,4,0,0
20270006481000,3,1,2,0
20270006488000,8,4,4,420
20270006489000,64,38,26,2227.2
20270006490000,82,43,39,3271.8
20270006491000,12,6,6,483.6
20270006518000,1,1,0,0
20270006536000,4,2,2,0
20270006549000,2,1,1,0
20270006550000,14,9,5,532
20270006553000,2,1,1,0
20270006554000,4,3,1,0
20270006625000,10,6,4,299
20270006626000,4,1,3,0
20270006627000,44,21,23,1557.6
20270006628000,4,1,3,0
20270006723000,9,3,6,435.6
20270006729000,27,12,15,1269
20270006730000,48,24,24,2140.8
20270006749000,5,3,2,276
20270006750000,14,5,9,771.4
20270006751000,3,3,0,0
20270006814000,4,2,2,0
20270006831000,9,5,4,443.7
20270006832000,15,8,7,526.5
20270006833000,3,1,2,0
20270006835000,2,2,0,0
20270006837000,1,0,1,0
20270006841000,4,3,1,0
20270006842000,16,10,6,702.4
20270006848000,8,4,4,328.8
20270006849000,191,103,88,8270.3
20270006850000,183,105,78,5691.3
20270006888000,28,14,14,946.4
20270006889000,37,24,13,1439.3
20270006895000,30,15,15,1230
20270006896000,491,250,241,20229.2
20270006897000,910,455,455,34398
20270006898000,81,37,44,3061.8
20270006913000,29,14,15,1510.9
20270006914000,16,8,8,755.2
20270006918000,21,10,11,1113
20270006919000,21,9,12,905.1
20270006924000,8,5,3,262.4
20270006925000,10,6,4,380
20270006935000,85,42,43,3876
20270006938000,150,81,69,6165
20270006939000,202,104,98,7433.6
20270006941000,45,20,25,1350
20270006942000,55,28,27,2035
20270006943000,102,57,45,4284
20270006944000,186,94,92,6789
20270006945000,1174,559,615,53299.6
20270006946000,1390,702,688,48789
20270006951000,19,8,11,596.6
20280006458000,3,2,1,0
20280006459000,109,56,53,4905
20280006460000,5,2,3,124
20280006461000,17,8,9,583.1
20280006462000,1,1,0,0
20280006466000,2,1,1,0
20280006467000,4,2,2,0
20280006469000,9,4,5,317.7
20280006470000,3,2,1,0
20280006472000,1,1,0,0
20280006473000,4,2,2,0
20280006479000,17,10,7,620.5
20280006480000,5,3,2,74
20280006487000,5,3,2,156
20280006488000,5,2,3,130
20280006489000,34,17,17,1057.4
20280006490000,48,23,25,2155.2
20280006491000,46,25,21,1646.8
20280006501000,9,4,5,317.7
20280006502000,9,5,4,354.6
20280006503000,16,8,8,678.4
20280006506000,12,5,7,415.2
20280006514000,1,1,0,0
20280006517000,1,1,0,0
20280006521000,27,14,13,1082.7
20280006522000,2,1,1,0
20280006554000,4,2,2,0
20280006624000,13,6,7,449.8
20280006723000,5,3,2,302
20280006730000,27,12,15,1063.8
20280006749000,3,2,1,0
20280006751000,58,34,24,2175
20280006812000,4,1,3,0
20280006814000,6,2,4,132
20280006815000,3,2,1,0
20280006831000,14,9,5,512.4
20280006834000,6,3,3,280.2
20280006839000,6,3,3,250.8
20280006841000,23,11,12,777.4
20280006842000,10,5,5,399
20280006849000,74,43,31,3315.2
20280006850000,2,1,1,0
20280006887000,4,1,3,0
20280006889000,22,11,11,895.4
20280006895000,1,1,0,0
20280006896000,493,243,250,19867.9
20280006897000,647,294,353,26527
20280006898000,13,8,5,491.4
20280006918000,4,2,2,0
20280006919000,29,14,15,1142.6
20280006920000,83,43,40,3286.8
20280006921000,42,18,24,1860.6
20280006923000,10,5,5,441
20280006924000,7,4,3,438.9
20280006925000,52,30,22,2272.4
20280006926000,27,12,15,1206.9
20280006927000,1,1,0,0
20280006934000,2,1,1,0
20280006935000,113,59,54,4395.7
20280006939000,7,5,2,420.7
20280006945000,919,466,453,33635.4
20280006946000,106,58,48,3572.2
20280006951000,34,18,16,1387.2
20280006952000,104,53,51,4076.8
20280006953000,5,3,2,194
20290006459000,6,2,4,352.8
20290006460000,7,2,5,270.2
20290006461000,26,14,12,1159.6
20290006463000,44,22,22,1601.6
20290006464000,3,2,1,0
20290006465000,2,1,1,0
20290006467000,3,1,2,0
20290006468000,11,7,4,396
20290006469000,22,11,11,798.6
20290006470000,15,12,3,478.5
20290006472000,5,3,2,155
20290006474000,4,1,3,0
20290006476000,11,5,6,466.4
20290006483000,1,1,0,0
20290006489000,2,1,1,0
20290006490000,30,16,14,1080
20290006491000,905,418,487,36833.5
20290006492000,312,165,147,14383.2
20290006493000,12,8,4,482.4
20290006498000,16,9,7,564.8
20290006499000,15,10,5,480
20290006500000,7,4,3,193.9
20290006501000,12,4,8,511.2
20290006502000,4,2,2,0
20290006503000,6,3,3,301.2
20290006505000,5,2,3,288
20290006506000,2,1,1,0
20290006509000,29,13,16,878.7
20290006510000,1,1,0,0
20290006513000,9,6,3,272.7
20290006514000,23,10,13,931.5
20290006517000,4,2,2,0
20290006522000,1,0,1,0
20290006523000,5,4,1,260
20290006539000,2,1,1,0
20290006633000,6,3,3,196.2
20290006682000,32,13,19,963.2
20290006684000,20,9,11,550
20290006685000,11,4,7,540.1
20290006686000,102,51,51,3957.6
20290006687000,394,199,195,15287.2
20290006688000,431,222,209,17929.6
20290006689000,285,157,128,11343
20290006690000,188,105,83,7557.6
20290006691000,307,171,136,11543.2
20290006692000,314,156,158,13188
20290006723000,16,9,7,702.4
20290006730000,354,165,189,15434.4
20290006749000,15,8,7,673.5
20290006750000,3,0,3,0
20290006751000,145,75,70,4915.5
20290006752000,322,161,161,14554.4
20290006815000,8,4,4,286.4
20290006830000,3,2,1,0
20290006831000,8,3,5,408.8
20290006832000,18,9,9,646.2
20290006834000,21,13,8,953.4
20290006840000,45,23,22,2052
20290006841000,17,11,6,722.5
20290006849000,9,5,4,407.7
20290006850000,10,6,4,457
20290006851000,17,11,6,683.4
20290006887000,12,6,6,578.4
20290006889000,1,1,0,0
20290006896000,37,19,18,1587.3
20290006897000,75,41,34,2362.5
20290006917000,10,5,5,572
20290006923000,6,4,2,231
20290006924000,88,39,49,3660.8
20290006925000,72,33,39,3304.8
20290006931000,21,13,8,888.3
20290006935000,21,11,10,1075.2
20290006936000,25,13,12,955
20290006939000,9,6,3,287.1
20290006940000,33,17,16,1316.7
20290006942000,4,4,0,0
20290006945000,429,222,207,14457.3
20290006953000,19,10,9,777.1
20300006455000,2,1,1,0
20300006457000,3,2,1,0
20300006463000,12,8,4,531.6
20300006464000,24,13,11,1128
20300006465000,1,0,1,0
20300006466000,5,4,1,284
20300006468000,117,59,58,3112.2
20300006469000,183,86,97,6203.7
20300006472000,36,17,19,1188
20300006473000,6,4,2,231
20300006474000,22,10,12,921.8
20300006475000,14,6,8,309.4
20300006476000,25,15,10,1002.5
20300006477000,5,3,2,159
20300006478000,5,4,1,252
20300006480000,5,2,3,216
20300006481000,3,2,1,0
20300006484000,5,3,2,150
20300006485000,4,2,2,0
20300006491000,104,51,53,4877.6
20300006492000,498,249,249,19272.6
20300006493000,164,81,83,5822
20300006494000,36,20,16,1386
20300006495000,74,44,30,2878.6
20300006496000,24,11,13,1279.2
20300006497000,29,14,15,986
20300006498000,47,26,21,1861.2
20300006499000,139,69,70,5768.5
20300006500000,58,33,25,2238.8
20300006501000,7,5,2,322
20300006503000,10,5,5,471
20300006505000,1,1,0,0
20300006508000,5,3,2,97
20300006509000,18,9,9,660.6
20300006510000,8,3,5,191.2
20300006512000,12,7,5,442.8
20300006513000,6,3,3,141
20300006514000,35,17,18,1162
20300006515000,18,7,11,844.2
20300006517000,10,7,3,340
20300006520000,3,2,1,0
20300006524000,2,2,0,0
20300006525000,1,1,0,0
20300006526000,7,4,3,298.2
20300006532000,6,3,3,232.8
20300006555000,47,20,27,1734.3
20300006556000,19,10,9,782.8
20300006634000,2,1,1,0
20300006673000,60,33,27,2898
20300006674000,12,7,5,536.4
20300006675000,14,7,7,474.6
20300006676000,5,2,3,189
20300006677000,3,2,1,0
20300006678000,5,3,2,227
20300006679000,4,2,2,0
20300006680000,51,26,25,1943.1
20300006681000,5,3,2,355
20300006682000,9,5,4,399.6
20300006687000,730,329,401,36500
20300006688000,1254,595,659,56304.6
20300006689000,1029,523,506,47951.4
20300006690000,33,13,20,1419
20300006696000,4,2,2,0
20300006730000,111,60,51,5605.5
20300006749000,27,14,13,1026
20300006750000,11,8,3,631.4
20300006751000,1,1,0,0
20300006752000,844,389,455,36629.6
20300006809000,7,2,5,354.2
20300006829000,7,3,4,224
20300006830000,25,14,11,1067.5
20300006834000,20,12,8,844
20300006839000,9,6,3,394.2
20300006850000,10,6,4,378
20300006851000,21,8,13,869.4
20300006852000,36,19,17,1645.2
20300006884000,6,3,3,286.8
20300006896000,28,14,14,1528.8
20300006897000,28,18,10,1153.6
20300006921000,12,7,5,391.2
20300006922000,14,5,9,422.8
20300006930000,72,34,38,2750.4
20300006931000,46,25,21,1863
20300006940000,5,3,2,185
20300006942000,3,2,1,0
20310006455000,18,9,9,923.4
20310006458000,2,1,1,0
20310006463000,4,2,2,0
20310006465000,12,7,5,326.4
20310006466000,149,77,72,4738.2
20310006469000,61,29,32,2580.3
20310006470000,28,14,14,1324.4
20310006471000,30,13,17,1254
20310006472000,171,90,81,6395.4
20310006473000,32,14,18,1318.4
20310006474000,12,6,6,358.8
20310006475000,38,18,20,1197
20310006476000,15,8,7,532.5
20310006479000,1,1,0,0
20310006481000,1,1,0,0
20310006485000,4,1,3,0
20310006486000,7,4,3,175
20310006487000,2,1,1,0
20310006491000,20,11,9,550
20310006492000,156,78,78,6489.6
20310006493000,365,193,172,13614.5
20310006496000,26,14,12,975
20310006497000,12,5,7,549.6
20310006498000,71,35,36,2591.5
20310006499000,32,19,13,1017.6
20310006500000,1,1,0,0
20310006501000,11,6,5,410.3
20310006502000,5,3,2,98
20310006503000,7,4,3,210
20310006504000,7,3,4,226.8
20310006510000,4,1,3,0
20310006511000,2,1,1,0
20310006514000,21,8,13,1778.7
20310006515000,28,12,16,893.2
20310006516000,13,3,10,448.5
20310006517000,2,1,1,0
20310006518000,8,6,2,436.8
20310006526000,20,13,7,708
20310006556000,30,21,9,1497
20310006557000,1,0,1,0
20310006558000,36,20,16,1328.4
20310006634000,4,3,1,0
20310006673000,250,121,129,9375
20310006674000,49,23,26,2062.9
20310006675000,32,17,15,1536
20310006676000,10,6,4,484
20310006677000,4,2,2,0
20310006689000,11,6,5,537.9
20310006694000,365,190,175,15366.5
20310006697000,1,1,0,0
20310006698000,12,6,6,703.2
20310006699000,20,9,11,924
20310006700000,7,5,2,258.3
20310006730000,12,8,4,374.4
20310006747000,10,6,4,339
20310006748000,14,8,6,583.8
20310006749000,29,14,15,1122.3
20310006750000,330,176,154,12771
20310006751000,332,142,190,17629.2
20310006752000,1598,771,827,71750.2
20310006753000,22,11,11,1364
20310006754000,5,3,2,187
20310006755000,94,46,48,4267.6
20310006799000,2,2,0,0
20310006804000,6,4,2,406.2
20310006809000,61,29,32,2720.6
20310006811000,2,1,1,0
20310006829000,5,2,3,361
20310006830000,1,1,0,0
20310006834000,18,9,9,797.4
20310006850000,6,3,3,271.8
20310006852000,9,4,5,566.1
20310006881000,22,8,14,1104.4
20310006882000,63,34,29,3162.6
20310006891000,41,20,21,1808.1
20310006892000,21,12,9,909.3
20310006897000,50,24,26,1995
20310006906000,3,2,1,0
20310006907000,9,3,6,403.2
20310006920000,3,1,2,0
20310006929000,18,8,10,612
20310006930000,41,23,18,1779.4
20310006932000,13,6,7,419.9
20310006934000,3,2,1,0
20310006946000,35,21,14,1505
20320006455000,22,11,11,1289.2
20320006456000,7,4,3,350
20320006458000,10,4,6,480
20320006459000,4,3,1,0
20320006462000,6,2,4,268.8
20320006463000,2,1,1,0
20320006466000,6,3,3,186
20320006467000,15,8,7,529.5
20320006468000,248,130,118,7688
20320006469000,43,22,21,1831.8
20320006470000,763,371,392,25942
20320006471000,198,107,91,6474.6
20320006472000,247,132,115,9707.1
20320006477000,6,3,3,160.8
20320006478000,7,4,3,333.9
20320006479000,15,7,8,643.5
20320006485000,8,5,3,406.4
20320006491000,6,2,4,306
20320006492000,4,2,2,0
20320006493000,20,14,6,750
20320006503000,8,5,3,183.2
20320006507000,3,1,2,0
20320006511000,12,7,5,416.4
20320006512000,2,1,1,0
20320006515000,16,7,9,488
20320006516000,3,1,2,0
20320006517000,5,3,2,213
20320006527000,1,1,0,0
20320006528000,4,2,2,0
20320006529000,7,2,5,261.8
20320006555000,3,2,1,0
20320006558000,35,18,17,1197
20320006559000,20,10,10,876
20320006635000,7,4,3,280
20320006636000,12,8,4,463.2
20320006669000,2,1,1,0
20320006670000,5,3,2,335
20320006671000,6,3,3,238.8
20320006676000,11,6,5,456.5
20320006694000,255,128,127,10123.5
20320006696000,12,6,6,415.2
20320006697000,3,2,1,0
20320006701000,20,11,9,822
20320006702000,2,0,2,0
20320006703000,18,8,10,646.2
20320006724000,24,13,11,1329.6
20320006725000,23,10,13,841.8
20320006726000,7,3,4,212.1
20320006730000,8,5,3,430.4
20320006731000,6,4,2,382.2
20320006739000,6,4,2,186
20320006742000,6,3,3,202.8
20320006743000,1,1,0,0
20320006744000,11,7,4,465.3
20320006745000,22,10,12,864.6
20320006746000,11,5,6,498.3
20320006747000,23,9,14,1021.2
20320006748000,65,34,31,2567.5
20320006749000,23,14,9,729.1
20320006750000,122,56,66,5099.6
20320006751000,845,405,440,33546.5
20320006752000,1127,511,616,53757.9
20320006753000,171,73,98,7267.5
20320006754000,406,197,209,17701.6
20320006755000,782,401,381,29481.4
20320006756000,50,31,19,1910
20320006765000,5,2,3,77
20320006803000,1,1,0,0
20320006808000,10,5,5,538
20320006829000,10,6,4,321
20320006830000,6,3,3,217.8
20320006834000,9,3,6,500.4
20320006835000,7,3,4,307.3
20320006836000,1,0,1,0
20320006837000,5,2,3,105
20320006838000,4,2,2,0
20320006850000,3,1,2,0
20320006852000,20,11,9,996
20320006879000,6,2,4,313.2
20320006880000,73,34,39,2810.5
20320006881000,61,29,32,3159.8
20320006882000,25,12,13,1170
20320006886000,10,5,5,366
20320006887000,18,9,9,919.8
20320006890000,8,3,5,426.4
20320006891000,10,6,4,425
20320006896000,54,25,29,1744.2
20320006897000,260,135,125,9776
20320006898000,10,4,6,505
20320006906000,13,7,6,578.5
20320006907000,23,13,10,1124.7
20320006911000,14,6,8,625.8
20320006919000,138,65,73,6499.8
20320006920000,53,26,27,2294.9
20320006921000,7,5,2,315.7
20320006925000,26,14,12,1068.6
20320006926000,9,5,4,405
20320006929000,12,7,5,642
20320006930000,1,1,0,0
20320006932000,1,0,1,0
20320006934000,67,39,28,2706.8
20320006946000,244,125,119,8418
20330006456000,11,4,7,652.3
20330006457000,7,3,4,254.1
20330006459000,6,2,4,228
20330006463000,5,2,3,153
20330006464000,5,1,4,103
20330006465000,4,2,2,0
20330006466000,5,3,2,231
20330006467000,30,13,17,942
20330006468000,34,19,15,897.6
20330006470000,407,191,216,13471.7
20330006471000,915,431,484,41724
20330006472000,76,39,37,2751.2
20330006473000,28,13,15,1176
20330006474000,60,33,27,2088
20330006475000,44,23,21,1570.8
20330006476000,9,4,5,348.3
20330006477000,13,7,6,574.6
20330006479000,13,7,6,279.5
20330006493000,39,21,18,1357.2
20330006494000,11,8,3,430.1
20330006495000,40,20,20,1340
20330006497000,17,8,9,469.2
20330006500000,6,4,2,238.2
20330006502000,21,10,11,735
20330006503000,36,19,17,1087.2
20330006504000,2,1,1,0
20330006507000,8,3,5,470.4
20330006508000,7,4,3,392.7
20330006513000,11,6,5,473
20330006514000,5,4,1,142
20330006515000,13,9,4,530.4
20330006517000,8,3,5,283.2
20330006518000,2,1,1,0
20330006529000,11,7,4,533.5
20330006555000,2,1,1,0
20330006557000,6,4,2,310.2
20330006558000,23,13,10,887.8
20330006559000,12,4,8,478.8
20330006668000,2,1,1,0
20330006669000,1,0,1,0
20330006670000,15,8,7,582
20330006696000,2,1,1,0
20330006698000,1,1,0,0
20330006699000,5,2,3,354
20330006703000,14,8,6,772.8
20330006704000,33,15,18,1785.3
20330006705000,10,6,4,440
20330006707000,6,5,1,186
20330006708000,40,21,19,1748
20330006709000,60,28,32,2388
20330006726000,4,3,1,0
20330006727000,2,2,0,0
20330006739000,3,3,0,0
20330006742000,19,8,11,932.9
20330006743000,1,0,1,0
20330006744000,13,7,6,523.9
20330006745000,5,3,2,323
20330006746000,6,2,4,148.8
20330006747000,134,66,68,4314.8
20330006751000,39,18,21,1899.3
20330006752000,283,140,143,11065.3
20330006753000,22,11,11,693
20330006754000,123,58,65,5055.3
20330006755000,94,50,44,3760
20330006756000,88,44,44,3608
20330006757000,6,3,3,256.8
20330006768000,2,1,1,0
20330006793000,1,0,1,0
20330006808000,4,2,2,0
20330006830000,20,11,9,712
20330006835000,7,3,4,389.9
20330006836000,6,3,3,255
20330006838000,8,4,4,263.2
20330006852000,4,2,2,0
20330006853000,7,3,4,161
20330006879000,21,8,13,619.5
20330006880000,58,32,26,2882.6
20330006881000,8,2,6,178.4
20330006884000,8,4,4,178.4
20330006885000,62,35,27,1915.8
20330006886000,3,2,1,0
20330006890000,5,2,3,196
20330006896000,39,20,19,1493.7
20330006897000,78,42,36,2636.4
20330006898000,10,5,5,443
20330006905000,40,18,22,1384
20330006906000,3,1,2,0
20330006907000,5,3,2,242
20330006908000,23,12,11,956.8
20330006912000,7,5,2,371
20330006913000,14,5,9,684.6
20330006918000,9,4,5,353.7
20330006919000,36,19,17,2008.8
20330006920000,16,11,5,702.4
20330006924000,55,28,27,2260.5
20330006925000,134,73,61,5185.8
20330006926000,45,26,19,2025
20330006929000,4,3,1,0
20330006930000,11,5,6,817.3
20330006932000,22,12,10,1005.4
20330006933000,123,64,59,5067.6
20330006934000,24,10,14,1221.6
20330006936000,2,1,1,0
20330006940000,4,3,1,0
20330006941000,11,4,7,583
20330006942000,34,19,15,1414.4
20330006943000,43,21,22,1186.8
20330006944000,50,23,27,2395
20330006945000,65,32,33,2522
20330006946000,242,125,117,10478.6
20340006456000,7,4,3,279.3
20340006459000,27,15,12,947.7
20340006460000,27,13,14,936.9
20340006461000,6,3,3,217.2
20340006462000,2,1,1,0
20340006463000,6,3,3,409.8
20340006464000,4,2,2,0
20340006465000,3,2,1,0
20340006466000,11,4,7,396
20340006467000,2,1,1,0
20340006470000,14,7,7,477.4
20340006471000,310,149,161,11284
20340006472000,394,208,186,14499.2
20340006473000,102,50,52,3763.8
20340006475000,5,3,2,291
20340006488000,1,0,1,0
20340006489000,4,1,3,0
20340006493000,11,5,6,416.9
20340006494000,74,41,33,2797.2
20340006495000,41,26,15,1857.3
20340006496000,80,41,39,2704
20340006497000,10,5,5,319
20340006498000,31,18,13,1156.3
20340006499000,20,8,12,880
20340006500000,3,1,2,0
20340006503000,1,0,1,0
20340006507000,5,3,2,395
20340006510000,13,4,9,482.3
20340006512000,2,1,1,0
20340006514000,6,3,3,219
20340006515000,29,14,15,1113.6
20340006559000,22,10,12,1034
20340006701000,19,9,10,763.8
20340006702000,4,2,2,0
20340006703000,3,1,2,0
20340006708000,4,3,1,0
20340006709000,56,28,28,2704.8
20340006710000,60,29,31,2892
20340006711000,42,25,17,2028.6
20340006727000,18,9,9,997.2
20340006728000,9,4,5,401.4
20340006751000,42,23,19,1864.8
20340006752000,300,150,150,10980
20340006753000,29,13,16,1281.8
20340006755000,40,23,17,1456
20340006757000,45,22,23,2065.5
20340006758000,29,13,16,1307.9
20340006767000,15,6,9,840
20340006768000,11,8,3,441.1
20340006793000,23,9,14,1012
20340006794000,7,2,5,452.2
20340006795000,22,9,13,818.4
20340006807000,1,1,0,0
20340006830000,2,1,1,0
20340006831000,18,8,10,673.2
20340006837000,8,5,3,451.2
20340006839000,5,2,3,157
20340006851000,3,2,1,0
20340006853000,51,27,24,2106.3
20340006873000,7,4,3,289.1
20340006879000,62,29,33,2759
20340006880000,68,31,37,2461.6
20340006883000,29,15,14,1096.2
20340006884000,125,60,65,5075
20340006885000,19,11,8,862.6
20340006889000,3,2,1,0
20340006895000,15,6,9,594
20340006896000,13,9,4,556.4
20340006897000,13,7,6,505.7
20340006898000,9,6,3,263.7
20340006905000,9,3,6,266.4
20340006906000,9,4,5,469.8
20340006912000,16,7,9,552
20340006913000,38,20,18,1531.4
20340006914000,8,4,4,400
20340006918000,5,4,1,323
20340006923000,166,75,91,6540.4
20340006924000,166,83,83,6507.2
20340006925000,157,84,73,5385.1
20340006926000,25,14,11,935
20340006928000,6,3,3,265.2
20340006930000,33,14,19,1755.6
20340006937000,5,4,1,275
20340006940000,11,5,6,347.6
20340006942000,14,8,6,561.4
20340006944000,50,30,20,2030
20340006945000,42,24,18,1654.8
20340006946000,33,17,16,1425.6
20340006947000,308,160,148,12381.6
20350006460000,13,5,8,474.5
20350006461000,54,27,27,1755
20350006465000,11,6,5,429
20350006467000,17,9,8,566.1
20350006468000,4,3,1,0
20350006470000,17,10,7,756.5
20350006471000,5,2,3,163
20350006472000,327,156,171,10692.9
20350006473000,994,491,503,39461.8
20350006474000,10,6,4,500
20350006475000,24,12,12,715.2
20350006476000,8,2,6,278.4
20350006477000,1,1,0,0
20350006478000,4,3,1,0
20350006479000,3,1,2,0
20350006482000,2,2,0,0
20350006485000,3,1,2,0
20350006489000,1,1,0,0
20350006494000,21,9,12,743.4
20350006496000,44,21,23,1531.2
20350006497000,29,17,12,736.6
20350006498000,8,4,4,308
20350006500000,17,12,5,431.8
20350006501000,13,6,7,348.4
20350006506000,2,2,0,0
20350006508000,27,17,10,880.2
20350006509000,13,8,5,561.6
20350006510000,8,4,4,439.2
20350006511000,2,0,2,0
20350006512000,18,9,9,700.2
20350006513000,9,3,6,414.9
20350006514000,7,5,2,266.7
20350006515000,1,0,1,0
20350006530000,13,7,6,505.7
20350006531000,2,1,1,0
20350006559000,3,1,2,0
20350006561000,14,9,5,606.2
20350006562000,8,4,4,280
20350006568000,3,2,1,0
20350006569000,4,3,1,0
20350006648000,4,3,1,0
20350006695000,15,7,8,520.5
20350006703000,32,20,12,1084.8
20350006704000,42,19,23,1764
20350006705000,13,5,8,630.5
20350006711000,1,1,0,0
20350006712000,20,11,9,664
20350006713000,1,1,0,0
20350006728000,20,11,9,992
20350006729000,7,4,3,382.2
20350006732000,5,3,2,336
20350006749000,17,11,6,554.2
20350006750000,25,12,13,1102.5
20350006751000,80,41,39,2776
20350006752000,12,6,6,430.8
20350006753000,131,66,65,5357.9
20350006754000,12,8,4,310.8
20350006755000,3,2,1,0
20350006756000,17,9,8,967.3
20350006757000,36,20,16,1382.4
20350006758000,12,8,4,687.6
20350006759000,9,4,5,353.7
20350006760000,4,2,2,0
20350006762000,5,4,1,311
20350006766000,11,7,4,555.5
20350006767000,14,8,6,490
20350006770000,3,2,1,0
20350006773000,4,2,2,0
20350006774000,20,11,9,950
20350006795000,13,8,5,577.2
20350006796000,4,2,2,0
20350006801000,1,1,0,0
20350006806000,1,1,0,0
20350006839000,22,10,12,836
20350006850000,19,9,10,587.1
20350006851000,1,0,1,0
20350006852000,2,1,1,0
20350006853000,93,56,37,3115.5
20350006854000,19,11,8,936.7
20350006878000,19,9,10,723.9
20350006879000,45,22,23,1791
20350006881000,18,10,8,973.8
20350006882000,99,49,50,3910.5
20350006883000,40,22,18,1544
20350006884000,34,18,16,1394
20350006885000,20,8,12,656
20350006886000,8,4,4,419.2
20350006895000,22,12,10,902
20350006914000,7,5,2,468.3
20350006916000,26,14,12,1084.2
20350006917000,2,1,1,0
20350006920000,4,1,3,0
20350006921000,185,94,91,7381.5
20350006922000,1280,632,648,52864
20350006923000,1009,503,506,38543.8
20350006925000,4,3,1,0
20350006926000,38,21,17,1516.2
20350006927000,22,11,11,963.6
20350006928000,56,35,21,2329.6
20350006930000,24,14,10,974.4
20350006934000,1,1,0,0
20350006937000,4,2,2,0
20350006941000,14,8,6,422.8
20350006942000,4,3,1,0
20350006947000,173,88,85,6383.7
20350006948000,7,3,4,350.7
20350006950000,26,14,12,1024.4
20350006951000,3,3,0,0
20350006958000,24,13,11,938.4
20350006960000,53,28,25,2215.4
20350006961000,109,53,56,4883.2
20360006460000,378,188,190,15044.4
20360006461000,77,46,31,3264.8
20360006463000,11,7,4,744.7
20360006464000,14,9,5,715.4
20360006466000,8,5,3,178.4
20360006467000,7,3,4,228.9
20360006468000,3,2,1,0
20360006469000,2,1,1,0
20360006470000,5,2,3,138
20360006471000,2,0,2,0
20360006472000,23,12,11,724.5
20360006473000,615,310,305,21340.5
20360006474000,16,9,7,401.6
20360006475000,18,9,9,624.6
20360006477000,5,2,3,275
20360006478000,2,1,1,0
20360006480000,3,1,2,0
20360006481000,2,1,1,0
20360006483000,5,3,2,168
20360006486000,2,1,1,0
20360006489000,4,2,2,0
20360006494000,2,1,1,0
20360006500000,11,7,4,246.4
20360006512000,3,2,1,0
20360006513000,5,3,2,167
20360006563000,24,11,13,991.2
20360006570000,6,3,3,214.8
20360006643000,5,3,2,207
20360006645000,3,2,1,0
20360006706000,84,45,39,3259.2
20360006707000,68,33,35,2788
20360006708000,5,3,2,181
20360006709000,19,8,11,655.5
20360006712000,10,5,5,455
20360006713000,150,78,72,6000
20360006714000,51,27,24,2070.6
20360006729000,14,8,6,845.6
20360006749000,19,8,11,786.6
20360006750000,30,16,14,1281
20360006751000,9,5,4,299.7
20360006753000,74,36,38,2893.4
20360006754000,11,6,5,481.8
20360006755000,13,6,7,423.8
20360006756000,84,47,37,3049.2
20360006757000,36,16,20,1515.6
20360006758000,33,15,18,1108.8
20360006759000,11,7,4,476.3
20360006760000,19,10,9,746.7
20360006761000,22,14,8,825
20360006762000,9,6,3,473.4
20360006766000,33,16,17,1303.5
20360006767000,54,24,30,2106
20360006768000,55,27,28,2238.5
20360006769000,3,1,2,0
20360006772000,28,16,12,1122.8
20360006773000,5,2,3,342
20360006774000,71,35,36,2804.5
20360006775000,21,12,9,1163.4
20360006793000,45,21,24,1827
20360006794000,8,6,2,367.2
20360006796000,2,1,1,0
20360006798000,4,2,2,0
20360006805000,8,4,4,483.2
20360006831000,3,2,1,0
20360006850000,33,19,14,1468.5
20360006854000,18,10,8,759.6
20360006855000,2,1,1,0
20360006878000,39,19,20,1443
20360006879000,283,142,141,11574.7
20360006880000,136,56,80,5916
20360006881000,155,80,75,6680.5
20360006882000,61,37,24,2702.3
20360006883000,32,16,16,1366.4
20360006886000,33,21,12,1171.5
20360006895000,4,1,3,0
20360006899000,1,1,0,0
20360006914000,13,7,6,461.5
20360006919000,10,5,5,537
20360006921000,107,51,56,3894.8
20360006922000,1189,581,608,43636.3
20360006923000,530,276,254,20193
20360006926000,327,158,169,11379.6
20360006927000,282,147,135,11308.2
20360006929000,36,19,17,1749.6
20360006930000,2,1,1,0
20360006938000,1,1,0,0
20360006942000,6,3,3,262.8
20360006943000,41,21,20,1619.5
20360006944000,1,0,1,0
20360006946000,135,72,63,4765.5
20360006947000,876,454,422,33112.8
20360006948000,640,301,339,27520
20360006950000,160,87,73,5504
20360006951000,166,87,79,6606.8
20360006952000,12,8,4,565.2
20360006958000,175,78,97,6527.5
20360006960000,23,12,11,1044.2
20370006460000,164,79,85,5625.2
20370006461000,38,18,20,1379.4
20370006463000,27,15,12,945
20370006466000,16,9,7,646.4
20370006469000,4,1,3,0
20370006470000,3,2,1,0
20370006471000,5,3,2,191
20370006472000,10,6,4,270
20370006473000,22,11,11,1016.4
20370006477000,45,23,22,1233
20370006480000,2,1,1,0
20370006482000,4,2,2,0
20370006483000,2,1,1,0
20370006484000,1,1,0,0
20370006485000,1,1,0,0
20370006511000,4,2,2,0
20370006512000,15,9,6,717
20370006518000,10,5,5,356
20370006563000,3,2,1,0
20370006568000,3,2,1,0
20370006569000,5,3,2,165
20370006570000,10,3,7,274
20370006634000,12,5,7,435.6
20370006635000,3,2,1,0
20370006636000,1,1,0,0
20370006650000,5,3,2,103
20370006651000,5,4,1,179
20370006707000,9,5,4,366.3
20370006708000,33,18,15,1333.2
20370006709000,81,38,43,3402
20370006710000,33,16,17,1551
20370006711000,43,22,21,1939.3
20370006712000,4,2,2,0
20370006714000,9,3,6,356.4
20370006717000,9,3,6,432.9
20370006718000,3,1,2,0
20370006728000,5,2,3,310
20370006731000,1,1,0,0
20370006748000,121,65,56,4803.7
20370006749000,493,262,231,14543.5
20370006750000,220,115,105,7392
20370006751000,118,61,57,5050.4
20370006752000,17,6,11,936.7
20370006753000,65,34,31,2359.5
20370006754000,9,6,3,406.8
20370006755000,96,50,46,3561.6
20370006756000,132,66,66,5068.8
20370006760000,5,3,2,334
20370006761000,13,7,6,601.9
20370006762000,7,5,2,391.3
20370006764000,2,1,1,0
20370006765000,9,5,4,468
20370006766000,39,19,20,1552.2
20370006767000,11,5,6,579.7
20370006768000,99,51,48,3623.4
20370006769000,18,9,9,601.2
20370006771000,5,3,2,180
20370006772000,1,0,1,0
20370006775000,43,24,19,1806
20370006776000,12,8,4,423.6
20370006791000,11,7,4,588.5
20370006792000,1,1,0,0
20370006793000,1,0,1,0
20370006806000,5,3,2,277
20370006850000,5,2,3,284
20370006878000,48,23,25,1593.6
20370006879000,697,345,352,30319.5
20370006880000,428,207,221,17120
20370006881000,296,148,148,11040.8
20370006882000,53,31,22,1950.4
20370006896000,10,5,5,395
20370006902000,1,0,1,0
20370006917000,4,2,2,0
20370006918000,6,3,3,247.2
20370006922000,959,476,483,34332.2
20370006923000,167,78,89,8016
20370006926000,505,270,235,20200
20370006927000,2,1,1,0
20370006928000,12,8,4,381.6
20370006929000,220,118,102,7524
20370006939000,3,2,1,0
20370006943000,22,12,10,913
20370006944000,102,53,49,4294.2
20370006946000,301,162,139,11137
20370006947000,136,61,75,6120
20370006948000,397,206,191,16356.4
20370006949000,1,1,0,0
20370006958000,60,33,27,2286
20370006959000,19,11,8,891.1
20380006460000,3,2,1,0
20380006463000,2,1,1,0
20380006466000,2,1,1,0
20380006468000,12,6,6,338.4
20380006469000,1,0,1,0
20380006471000,7,4,3,284.2
20380006472000,15,8,7,354
20380006478000,4,2,2,0
20380006479000,21,10,11,942.9
20380006480000,3,2,1,0
20380006481000,8,5,3,196.8
20380006484000,13,8,5,556.4
20380006511000,5,3,2,137
20380006569000,1,1,0,0
20380006633000,1,1,0,0
20380006634000,8,4,4,332
20380006640000,75,41,34,3300
20380006656000,2,1,1,0
20380006659000,11,5,6,372.9
20380006677000,1,1,0,0
20380006718000,24,13,11,1236
20380006719000,51,25,26,2116.5
20380006720000,29,14,15,1684.9
20380006728000,3,2,1,0
20380006747000,18,11,7,876.6
20380006748000,82,33,49,3017.6
20380006749000,115,53,62,4186
20380006750000,28,16,12,1052.8
20380006753000,1,1,0,0
20380006754000,10,5,5,459
20380006755000,32,17,15,1254.4
20380006768000,4,2,2,0
20380006769000,119,69,50,3677.1
20380006770000,4,2,2,0
20380006776000,21,12,9,909.3
20380006777000,6,3,3,208.2
20380006806000,1,1,0,0
20380006839000,2,2,0,0
20380006852000,7,4,3,373.8
20380006878000,52,28,24,2423.2
20380006879000,337,167,170,13480
20380006880000,3,1,2,0
20380006889000,36,17,19,1396.8
20380006916000,5,3,2,154
20380006917000,24,12,12,1008
20380006920000,2,1,1,0
20380006921000,38,25,13,1531.4
20380006922000,750,372,378,26400
20380006926000,492,254,238,18450
20380006927000,38,17,21,1542.8
20380006928000,627,323,304,25895.1
20380006929000,32,16,16,1443.2
20380006938000,42,22,20,2205
20380006939000,165,82,83,6897
20380006943000,1,1,0,0
20380006944000,161,81,80,5779.9
20380006945000,360,194,166,13284
20380006946000,54,25,29,2149.2
20380006958000,115,51,64,4818.5
20380006959000,400,196,204,15160
20390006461000,93,51,42,3124.8
20390006462000,7,4,3,378.7
20390006464000,7,4,3,329.7
20390006465000,8,3,5,424.8
20390006468000,1,1,0,0
20390006471000,8,5,3,380
20390006472000,11,5,6,258.5
20390006479000,12,7,5,302.4
20390006480000,15,6,9,472.5
20390006481000,6,3,3,300
20390006483000,2,1,1,0
20390006569000,2,1,1,0
20390006640000,36,18,18,1555.2
20390006641000,17,9,8,960.5
20390006659000,33,13,20,1402.5
20390006676000,1,1,0,0
20390006714000,28,14,14,1050
20390006715000,105,51,54,3958.5
20390006716000,74,34,40,3196.8
20390006717000,3,2,1,0
20390006721000,42,22,20,1919.4
20390006722000,48,28,20,2112
20390006723000,5,4,1,205
20390006727000,54,17,37,2041.2
20390006728000,90,29,61,4914
20390006733000,24,11,13,1351.2
20390006747000,7,3,4,287.7
20390006748000,22,13,9,1128.6
20390006749000,10,5,5,265
20390006769000,60,34,26,2094
20390006776000,13,6,7,562.9
20390006777000,2,1,1,0
20390006778000,1,1,0,0
20390006840000,7,3,4,345.1
20390006850000,5,2,3,165
20390006851000,2,1,1,0
20390006852000,2,1,1,0
20390006853000,2,1,1,0
20390006877000,4,2,2,0
20390006878000,1,1,0,0
20390006889000,21,11,10,758.1
20390006890000,15,9,6,799.5
20390006896000,2,1,1,0
20390006897000,11,6,5,511.5
20390006916000,23,11,12,846.4
20390006917000,10,5,5,383
20390006922000,52,25,27,2173.6
20390006926000,238,106,132,8972.6
20390006927000,433,216,217,18489.1
20390006928000,1668,812,856,70389.6
20390006929000,106,51,55,3975
20390006938000,36,18,18,1504.8
20390006939000,197,100,97,7860.3
20390006940000,32,18,14,1622.4
20390006944000,28,11,17,1072.4
20390006945000,157,74,83,5526.4
20390006946000,2,1,1,0
20390006958000,11,7,4,563.2
20390006959000,134,68,66,4743.6
20390006960000,8,4,4,374.4
20390006961000,42,19,23,1558.2
20390006962000,418,226,192,14880.8
20390006966000,35,16,19,1333.5
20390006967000,3,2,1,0
20400006460000,278,156,122,9535.4
20400006461000,27,13,14,1090.8
20400006462000,7,2,5,300.3
20400006466000,20,11,9,730
20400006467000,7,4,3,251.3
20400006468000,8,4,4,464
20400006470000,12,6,6,501.6
20400006471000,6,5,1,220.2
20400006473000,16,6,10,513.6
20400006474000,5,3,2,272
20400006480000,18,6,12,367.2
20400006481000,27,11,16,1120.5
20400006482000,1,1,0,0
20400006489000,1,1,0,0
20400006513000,1,1,0,0
20400006516000,1,1,0,0
20400006529000,1,1,0,0
20400006640000,8,5,3,364
20400006658000,12,3,9,430.8
20400006660000,5,3,2,104
20400006716000,279,148,131,11215.8
20400006717000,148,73,75,5594.4
20400006718000,75,39,36,3180
20400006719000,5,3,2,138
20400006720000,2,1,1,0
20400006722000,22,13,9,985.6
20400006723000,36,19,17,1839.6
20400006724000,16,7,9,568
20400006725000,2,1,1,0
20400006726000,3,1,2,0
20400006727000,6,3,3,175.2
20400006730000,8,3,5,407.2
20400006744000,2,1,1,0
20400006747000,8,4,4,400
20400006748000,37,17,20,1446.7
20400006755000,3,1,2,0
20400006756000,8,4,4,510.4
20400006757000,1,0,1,0
20400006769000,5,4,1,109
20400006801000,8,4,4,182.4
20400006805000,2,2,0,0
20400006839000,16,7,9,614.4
20400006840000,18,8,10,651.6
20400006850000,2,1,1,0
20400006851000,10,4,6,624
20400006853000,11,7,4,524.7
20400006854000,16,9,7,680
20400006855000,27,15,12,1223.1
20400006877000,22,10,12,877.8
20400006889000,3,1,2,0
20400006897000,4,3,1,0
20400006898000,11,7,4,440
20400006914000,7,6,1,336
20400006916000,42,20,22,1965.6
20400006922000,14,9,5,512.4
20400006925000,16,9,7,644.8
20400006926000,69,35,34,2877.3
20400006927000,1032,536,496,33127.2
20400006928000,981,481,500,39141.9
20400006937000,8,5,3,488.8
20400006938000,20,13,7,916
20400006944000,6,4,2,367.8
20400006945000,1,0,1,0
20400006961000,65,35,30,2834
20400006962000,252,114,138,9702
20400006963000,11,6,5,360.8
20400006966000,76,43,33,2287.6
20400006967000,255,136,119,8823
20400006968000,61,33,28,2793.8
20410006458000,18,8,10,1152
20410006459000,57,31,26,2331.3
20410006460000,26,15,11,928.2
20410006461000,8,4,4,504.8
20410006462000,9,4,5,210.6
20410006463000,1,1,0,0
20410006464000,2,1,1,0
20410006467000,11,7,4,467.5
20410006470000,2,1,1,0
20410006473000,10,6,4,418
20410006474000,6,4,2,204
20410006475000,1,1,0,0
20410006478000,3,2,1,0
20410006481000,26,14,12,657.8
20410006482000,150,80,70,5145
20410006483000,7,5,2,287
20410006512000,35,16,19,1375.5
20410006513000,39,22,17,1700.4
20410006515000,16,7,9,761.6
20410006516000,19,12,7,649.8
20410006658000,14,7,7,400.4
20410006659000,9,3,6,384.3
20410006660000,47,23,24,1945.8
20410006661000,10,5,5,295
20410006720000,39,22,17,1829.1
20410006721000,17,8,9,928.2
20410006724000,1,1,0,0
20410006725000,19,10,9,1143.8
20410006730000,3,1,2,0
20410006734000,27,14,13,1131.3
20410006735000,28,13,15,1372
20410006736000,13,8,5,452.4
20410006756000,67,36,31,2244.5
20410006758000,4,2,2,0
20410006767000,14,8,6,574
20410006768000,124,58,66,6088.4
20410006769000,53,27,26,2045.8
20410006801000,1,0,1,0
20410006806000,14,7,7,744.8
20410006807000,9,4,5,432
20410006839000,16,6,10,617.6
20410006851000,8,4,4,440.8
20410006852000,7,4,3,315
20410006854000,59,32,27,2637.3
20410006855000,38,19,19,1789.8
20410006876000,11,6,5,338.8
20410006897000,22,10,12,985.6
20410006898000,11,5,6,424.6
20410006912000,10,5,5,372
20410006913000,29,16,13,1128.1
20410006924000,12,6,6,381.6
20410006925000,19,10,9,737.2
20410006926000,35,14,21,1281
20410006927000,55,34,21,1435.5
20410006928000,63,32,31,2179.8
20410006929000,2,1,1,0
20410006936000,10,6,4,403
20410006937000,42,23,19,1843.8
20410006941000,86,38,48,4635.4
20410006956000,92,49,43,3450
20410006962000,35,17,18,1942.5
20410006966000,46,25,21,1955
20410006967000,75,36,39,3120
20410006968000,64,31,33,2624
20420006460000,11,7,4,442.2
20420006461000,17,10,7,535.5
20420006463000,6,4,2,156
20420006466000,3,2,1,0
20420006467000,13,6,7,379.6
20420006468000,5,2,3,188
20420006471000,4,2,2,0
20420006472000,8,5,3,215.2
20420006474000,7,2,5,184.1
20420006475000,14,5,9,348.6
20420006480000,1,0,1,0
20420006482000,8,4,4,212
20420006483000,8,6,2,308
20420006484000,27,12,15,1217.7
20420006486000,14,7,7,512.4
20420006487000,13,7,6,611
20420006511000,23,10,13,740.6
20420006512000,5,3,2,172
20420006640000,6,3,3,343.2
20420006641000,2,0,2,0
20420006660000,58,24,34,2784
20420006661000,257,129,128,12079
20420006721000,34,16,18,1305.6
20420006722000,83,42,41,3842.9
20420006723000,28,14,14,940.8
20420006733000,10,6,4,427
20420006734000,7,4,3,380.1
20420006735000,2,1,1,0
20420006746000,12,7,5,475.2
20420006755000,3,2,1,0
20420006756000,29,15,14,1383.3
20420006767000,3,2,1,0
20420006768000,3,3,0,0
20420006769000,42,24,18,1873.2
20420006790000,4,2,2,0
20420006806000,2,1,1,0
20420006807000,11,5,6,489.5
20420006839000,8,3,5,288
20420006855000,34,19,15,1649
20420006877000,4,2,2,0
20420006897000,5,2,3,307
20420006913000,22,12,10,1016.4
20420006915000,4,3,1,0
20420006922000,3,1,2,0
20420006924000,13,7,6,796.9
20420006925000,105,56,49,4000.5
20420006926000,28,13,15,1162
20420006936000,8,4,4,427.2
20420006940000,15,9,6,550.5
20420006941000,85,45,40,3910
20420006949000,16,8,8,766.4
20420006956000,630,310,320,24318
20420006957000,1152,570,582,47692.8
20420006958000,212,115,97,8946.4
20420006961000,447,222,225,15600.3
20420006962000,104,54,50,3848
20420006967000,52,32,20,1856.4
20420006968000,155,73,82,7006
20420006969000,22,12,10,541.2
20420006970000,17,7,10,734.4
20430006458000,1,1,0,0
20430006459000,5,2,3,294
20430006460000,26,13,13,1086.8
20430006466000,25,15,10,1092.5
20430006468000,2,1,1,0
20430006481000,2,1,1,0
20430006482000,3,2,1,0
20430006484000,32,19,13,1232
20430006487000,4,2,2,0
20430006498000,1,1,0,0
20430006499000,14,9,5,592.2
20430006500000,17,13,4,625.6
20430006501000,16,11,5,628.8
20430006502000,2,1,1,0
20430006509000,2,1,1,0
20430006511000,31,15,16,1171.8
20430006512000,2,1,1,0
20430006514000,2,1,1,0
20430006661000,22,12,10,937.2
20430006721000,8,8,0,212
20430006722000,5,4,1,370
20430006728000,4,2,2,0
20430006735000,1,0,1,0
20430006745000,13,7,6,535.6
20430006746000,3,1,2,0
20430006756000,47,28,19,1757.8
20430006768000,15,9,6,652.5
20430006769000,20,9,11,946
20430006797000,6,3,3,319.8
20430006798000,20,12,8,1052
20430006799000,14,7,7,723.8
20430006802000,1,0,1,0
20430006816000,10,6,4,597
20430006839000,9,5,4,416.7
20430006851000,4,3,1,0
20430006855000,10,5,5,737
20430006863000,8,3,5,276
20430006889000,11,6,5,689.7
20430006890000,6,4,2,256.8
20430006895000,5,1,4,167
20430006898000,8,5,3,448
20430006915000,2,1,1,0
20430006922000,43,25,18,1887.7
20430006923000,85,46,39,4003.5
20430006924000,76,42,34,3199.6
20430006925000,57,29,28,1732.8
20430006926000,27,13,14,788.4
20430006949000,19,10,9,839.8
20430006950000,1,1,0,0
20430006956000,530,262,268,18762
20430006957000,961,517,444,37575.1
20430006958000,419,203,216,17514.2
20430006960000,241,123,118,7977.1
20430006961000,963,469,494,39097.8
20430006962000,423,211,212,15397.2
20430006964000,81,41,40,3369.6
20430006968000,83,49,34,2855.2
20430006970000,165,86,79,7062
20440006460000,77,43,34,3003
20440006461000,26,14,12,1216.8
20440006462000,14,7,7,585.2
20440006463000,8,5,3,234.4
20440006464000,4,3,1,0
20440006465000,19,8,11,843.6
20440006466000,9,4,5,384.3
20440006489000,11,6,5,346.5
20440006490000,1,0,1,0
20440006491000,58,27,31,2198.2
20440006492000,67,32,35,3122.2
20440006493000,17,8,9,564.4
20440006494000,8,5,3,363.2
20440006497000,5,3,2,189
20440006498000,18,11,7,592.2
20440006499000,8,4,4,215.2
20440006500000,16,9,7,904
20440006501000,7,4,3,121.8
20440006502000,1,1,0,0
20440006503000,4,2,2,0
20440006510000,67,36,31,2747
20440006511000,36,19,17,1159.2
20440006661000,2,1,1,0
20440006720000,9,6,3,156.6
20440006721000,509,239,270,20970.8
20440006722000,6,3,3,171
20440006739000,2,1,1,0
20440006743000,3,2,1,0
20440006744000,17,10,7,851.7
20440006745000,25,13,12,1177.5
20440006746000,2,1,1,0
20440006756000,2,1,1,0
20440006768000,17,7,10,562.7
20440006769000,9,5,4,448.2
20440006770000,4,2,2,0
20440006798000,17,10,7,737.8
20440006799000,48,27,21,2366.4
20440006800000,20,13,7,842
20440006803000,8,3,5,355.2
20440006807000,7,4,3,230.3
20440006813000,1,0,1,0
20440006816000,12,6,6,492
20440006817000,4,2,2,0
20440006840000,8,4,4,471.2
20440006851000,2,1,1,0
20440006853000,11,4,7,346.5
20440006855000,29,15,14,1389.1
20440006867000,45,20,25,1804.5
20440006868000,1,0,1,0
20440006869000,4,2,2,0
20440006870000,31,18,13,1323.7
20440006877000,2,1,1,0
20440006889000,74,43,31,3145
20440006890000,52,29,23,1903.2
20440006895000,7,4,3,294.7
20440006898000,8,6,2,356.8
20440006901000,2,1,1,0
20440006912000,12,6,6,614.4
20440006920000,3,2,1,0
20440006921000,58,28,30,2894.2
20440006922000,3,2,1,0
20440006923000,55,27,28,1776.5
20440006925000,5,2,3,280
20440006926000,49,26,23,2126.6
20440006927000,20,7,13,498
20440006930000,2,1,1,0
20440006949000,11,6,5,544.5
20440006954000,76,38,38,2690.4
20440006956000,909,464,445,31996.8
20440006957000,1027,566,461,44263.7
20440006958000,1320,725,595,51348
20440006960000,18,7,11,412.2
20440006961000,343,179,164,13068.3
20440006962000,871,439,432,27436.5
20440006963000,557,280,277,19662.1
20440006964000,15,10,5,646.5
20440006965000,43,24,19,1879.1
20440006966000,5,3,2,281
20440006967000,47,24,23,1786
20440006968000,51,27,24,2366.4
20440006969000,72,40,32,3096
20440006970000,496,255,241,18699.2
20440006971000,67,29,38,1768.8
20450006458000,21,10,11,858.9
20450006460000,78,37,41,2511.6
20450006461000,26,13,13,998.4
20450006462000,106,55,51,4399
20450006463000,1,0,1,0
20450006464000,30,16,14,1005
20450006465000,5,3,2,122
20450006468000,6,3,3,360
20450006478000,3,1,2,0
20450006492000,4,2,2,0
20450006494000,9,4,5,240.3
20450006495000,45,23,22,1921.5
20450006496000,110,60,50,4378
20450006497000,80,44,36,3048
20450006506000,3,0,3,0
20450006507000,49,26,23,1862
20450006508000,46,23,23,1508.8
20450006509000,70,36,34,2583
20450006510000,4,2,2,0
20450006639000,6,3,3,115.2
20450006640000,11,7,4,462
20450006663000,3,2,1,0
20450006721000,33,16,17,1204.5
20450006725000,9,7,2,288
20450006726000,1,0,1,0
20450006737000,2,1,1,0
20450006738000,27,14,13,999
20450006739000,8,5,3,486.4
20450006740000,6,3,3,349.2
20450006741000,2,1,1,0
20450006742000,12,8,4,435.6
20450006743000,33,19,14,1280.4
20450006744000,20,11,9,992
20450006746000,4,3,1,0
20450006756000,2,1,1,0
20450006769000,7,4,3,457.8
20450006770000,16,11,5,547.2
20450006794000,1,1,0,0
20450006795000,19,10,9,917.7
20450006796000,7,4,3,317.8
20450006799000,61,37,24,2549.8
20450006800000,72,32,40,3412.8
20450006801000,33,17,16,1584
20450006803000,4,2,2,0
20450006807000,1,1,0,0
20450006808000,3,1,2,0
20450006809000,6,4,2,244.8
20450006810000,4,3,1,0
20450006811000,12,6,6,703.2
20450006812000,12,8,4,710.4
20450006813000,120,69,51,4476
20450006814000,375,187,188,15712.5
20450006815000,288,131,157,11721.6
20450006816000,10,6,4,439
20450006822000,14,7,7,505.4
20450006823000,9,4,5,403.2
20450006851000,2,1,1,0
20450006853000,18,11,7,745.2
20450006876000,18,10,8,622.8
20450006877000,4,3,1,0
20450006885000,4,3,1,0
20450006889000,13,7,6,520
20450006899000,2,1,1,0
20450006912000,13,9,4,635.7
20450006913000,2,1,1,0
20450006914000,1,1,0,0
20450006920000,45,25,20,1737
20450006921000,30,18,12,1332
20450006926000,24,17,7,984
20450006927000,34,21,13,1431.4
20450006928000,11,8,3,480.7
20450006929000,11,5,6,328.9
20450006942000,2,0,2,0
20450006943000,28,14,14,1226.4
20450006953000,503,268,235,18661.3
20450006954000,197,99,98,8136.1
20450006956000,340,184,156,12852
20450006957000,1593,895,698,61330.5
20450006958000,1526,842,684,59056.2
20450006970000,160,86,74,6048
20460006458000,17,9,8,737.8
20460006459000,11,5,6,510.4
20460006461000,3,2,1,0
20460006462000,25,14,11,1065
20460006463000,454,206,248,19295
20460006464000,666,321,345,26506.8
20460006465000,2,1,1,0
20460006467000,8,5,3,260
20460006470000,2,1,1,0
20460006493000,4,1,3,0
20460006496000,28,15,13,842.8
20460006497000,3,2,1,0
20460006498000,8,4,4,408
20460006499000,11,5,6,364.1
20460006500000,1,1,0,0
20460006506000,1,1,0,0
20460006507000,9,5,4,219.6
20460006508000,169,90,79,5323.5
20460006726000,1,1,0,0
20460006727000,25,14,11,872.5
20460006731000,2,1,1,0
20460006737000,30,15,15,1311
20460006738000,341,159,182,15140.4
20460006739000,6,3,3,226.8
20460006740000,12,8,4,417.6
20460006742000,23,11,12,1035
20460006755000,7,4,3,473.9
20460006756000,14,8,6,492.8
20460006769000,38,19,19,1596
20460006770000,31,14,17,1131.5
20460006795000,7,6,1,350.7
20460006796000,3,1,2,0
20460006799000,15,7,8,763.5
20460006800000,271,135,136,10596.1
20460006801000,739,357,382,33476.7
20460006802000,12,4,8,477.6
20460006815000,56,22,34,2340.8
20460006816000,11,5,6,511.5
20460006821000,1,1,0,0
20460006822000,14,9,5,522.2
20460006853000,17,8,9,924.8
20460006855000,17,10,7,865.3
20460006867000,5,4,1,198
20460006873000,7,4,3,438.2
20460006874000,20,10,10,722
20460006875000,271,133,138,10054.1
20460006883000,8,2,6,282.4
20460006884000,25,13,12,1390
20460006889000,5,2,3,196
20460006891000,8,3,5,328
20460006910000,8,4,4,427.2
20460006911000,8,4,4,432.8
20460006913000,3,2,1,0
20460006914000,8,6,2,220
20460006915000,1,1,0,0
20460006920000,24,15,9,1267.2
20460006928000,9,5,4,480.6
20460006929000,30,19,11,1413
20460006930000,7,2,5,160.3
20460006944000,2,1,1,0
20460006949000,2,1,1,0
20460006953000,610,312,298,21472
20460006954000,1119,550,569,49795.5
20460006957000,1897,939,958,84606.2
20460006958000,304,143,161,10822.4
20460006959000,6,1,5,115.8
20470006461000,7,3,4,130.9
20470006462000,2,1,1,0
20470006463000,123,62,61,4440.3
20470006464000,298,153,145,12992.8
20470006465000,67,36,31,2820.7
20470006466000,12,5,7,627.6
20470006471000,2,2,0,0
20470006473000,3,2,1,0
20470006475000,4,2,2,0
20470006476000,8,3,5,467.2
20470006486000,2,1,1,0
20470006487000,2,1,1,0
20470006498000,51,25,26,1769.7
20470006499000,6,3,3,226.2
20470006502000,10,6,4,384
20470006504000,14,6,8,701.4
20470006505000,11,6,5,488.4
20470006506000,180,88,92,8532
20470006507000,43,18,25,1793.1
20470006508000,10,4,6,280
20470006730000,2,1,1,0
20470006731000,37,20,17,1332
20470006732000,4,2,2,0
20470006738000,30,13,17,1314
20470006739000,39,23,16,1622.4
20470006740000,14,6,8,646.8
20470006741000,17,9,8,821.1
20470006742000,74,42,32,2989.6
20470006743000,7,3,4,252.7
20470006755000,1,0,1,0
20470006769000,5,3,2,204
20470006770000,52,31,21,1913.6
20470006796000,10,4,6,480
20470006797000,15,6,9,418.5
20470006798000,1,0,1,0
20470006799000,52,22,30,1976
20470006800000,146,72,74,6555.4
20470006801000,60,28,32,2586
20470006802000,1,1,0,0
20470006815000,2,1,1,0
20470006816000,48,23,25,2323.2
20470006820000,9,5,4,392.4
20470006821000,3,2,1,0
20470006822000,9,4,5,478.8
20470006823000,4,1,3,0
20470006852000,15,10,5,478.5
20470006853000,14,7,7,604.8
20470006854000,10,7,3,352
20470006855000,14,8,6,631.4
20470006861000,20,8,12,844
20470006867000,49,22,27,2190.3
20470006873000,8,2,6,267.2
20470006874000,95,45,50,4427
20470006875000,60,31,29,2670
20470006886000,6,2,4,196.8
20470006887000,5,3,2,199
20470006896000,6,3,3,265.8
20470006898000,4,2,2,0
20470006909000,2,2,0,0
20470006910000,18,7,11,802.8
20470006911000,67,36,31,3075.3
20470006919000,40,22,18,1360
20470006920000,8,3,5,232
20470006921000,1,1,0,0
20470006929000,7,3,4,119
20470006930000,22,12,10,932.8
20470006949000,5,2,3,170
20470006953000,196,105,91,7291.2
20470006954000,1076,539,537,39812
20470006955000,112,57,55,4054.4
20470006957000,1201,575,626,53204.3
20470006958000,10,6,4,254
20470006959000,105,53,52,3412.5
20470006960000,435,221,214,14572.5
20470006973000,15,8,7,865.5
20480006456000,4,3,1,0
20480006458000,61,28,33,2000.8
20480006461000,33,19,14,1267.2
20480006462000,48,23,25,1646.4
20480006464000,5,3,2,69
20480006465000,64,34,30,2444.8
20480006466000,14,7,7,579.6
20480006467000,3,1,2,0
20480006469000,1,0,1,0
20480006470000,3,1,2,0
20480006473000,10,5,5,269
20480006477000,6,3,3,175.8
20480006478000,1,1,0,0
20480006480000,14,5,9,460.6
20480006485000,10,5,5,310
20480006493000,9,4,5,370.8
20480006497000,11,4,7,393.8
20480006498000,5,2,3,212
20480006500000,5,4,1,303
20480006503000,4,3,1,0
20480006504000,39,20,19,1181.7
20480006505000,4,2,2,0
20480006728000,23,9,14,922.3
20480006732000,10,6,4,417
20480006739000,6,3,3,91.8
20480006741000,3,2,1,0
20480006768000,13,9,4,789.1
20480006770000,6,4,2,388.2
20480006771000,5,2,3,297
20480006772000,13,6,7,461.5
20480006773000,9,6,3,284.4
20480006797000,39,22,17,2078.7
20480006798000,5,3,2,235
20480006805000,9,3,6,335.7
20480006806000,4,3,1,0
20480006820000,6,3,3,85.2
20480006825000,16,8,8,500.8
20480006826000,2,1,1,0
20480006851000,8,4,4,276.8
20480006855000,286,141,145,10953.8
20480006856000,199,107,92,8736.1
20480006861000,6,1,5,231
20480006873000,2,1,1,0
20480006874000,28,15,13,1495.2
20480006875000,34,19,15,1101.6
20480006877000,3,2,1,0
20480006883000,4,2,2,0
20480006885000,6,3,3,270
20480006886000,15,11,4,474
20480006903000,15,10,5,456
20480006910000,7,5,2,350.7
20480006911000,2,1,1,0
20480006920000,3,1,2,0
20480006921000,15,8,7,481.5
20480006922000,11,4,7,467.5
20480006930000,2,2,0,0
20480006932000,2,1,1,0
20480006942000,1,1,0,0
20480006943000,14,8,6,772.8
20480006944000,108,56,52,4806
20480006949000,19,11,8,898.7
20480006950000,46,24,22,1798.6
20480006953000,207,108,99,8838.9
20480006954000,559,284,275,19788.6
20480006956000,40,17,23,2156
20480006957000,1238,625,613,49643.8
20480006960000,254,120,134,7823.2
20480006963000,10,5,5,531
20480006972000,7,3,4,431.2
20480006975000,7,2,5,445.2
20480006978000,2,1,1,0
20490006454000,1,1,0,0
20490006457000,8,5,3,366.4
20490006458000,66,32,34,2560.8
20490006459000,24,11,13,1080
20490006460000,5,3,2,158
20490006461000,23,10,13,786.6
20490006462000,23,13,10,986.7
20490006465000,21,13,8,575.4
20490006466000,43,22,21,1677
20490006467000,98,54,44,3724
20490006468000,81,36,45,3183.3
20490006471000,4,3,1,0
20490006476000,2,1,1,0
20490006479000,6,4,2,394.2
20490006480000,2,1,1,0
20490006481000,8,4,4,420
20490006484000,10,6,4,231
20490006491000,3,1,2,0
20490006492000,8,5,3,276
20490006493000,17,9,8,538.9
20490006496000,5,2,3,113
20490006501000,2,2,0,0
20490006503000,8,6,2,343.2
20490006504000,1,0,1,0
20490006729000,31,14,17,1391.9
20490006755000,14,5,9,730.8
20490006771000,8,5,3,532
20490006773000,11,7,4,389.4
20490006796000,9,4,5,560.7
20490006806000,17,10,7,802.4
20490006807000,10,3,7,388
20490006815000,2,1,1,0
20490006820000,4,2,2,0
20490006825000,3,1,2,0
20490006826000,5,2,3,182
20490006827000,13,6,7,642.2
20490006828000,20,9,11,830
20490006829000,11,5,6,609.4
20490006856000,8,4,4,542.4
20490006857000,36,21,15,1267.2
20490006858000,8,4,4,392
20490006873000,9,5,4,316.8
20490006874000,31,19,12,1398.1
20490006875000,28,14,14,1120
20490006885000,8,5,3,420.8
20490006896000,3,2,1,0
20490006900000,16,9,7,486.4
20490006911000,3,1,2,0
20490006921000,6,4,2,226.2
20490006922000,35,14,21,1151.5
20490006942000,5,3,2,96
20490006943000,28,17,11,1223.6
20490006944000,84,44,40,3696
20490006949000,12,7,5,523.2
20490006950000,187,103,84,5853.1
20490006951000,151,85,66,6009.8
20490006953000,217,116,101,8962.1
20490006955000,294,129,165,12318.6
20490006956000,621,328,293,22356
20490006957000,1503,740,763,62675.1
20490006958000,56,32,24,1708
20490006960000,35,20,15,1410.5
20490006961000,30,12,18,825
20490006972000,98,59,39,5007.8
20490006973000,59,29,30,2985.4
20490006974000,16,6,10,566.4
20490006975000,13,6,7,708.5
20490006978000,27,14,13,1212.3
20490006980000,9,4,5,322.2
20500006456000,31,15,16,1215.2
20500006457000,9,5,4,353.7
20500006458000,39,20,19,1099.8
20500006459000,37,19,18,1295
20500006461000,3,2,1,0
20500006463000,2,1,1,0
20500006465000,8,4,4,239.2
20500006466000,1,1,0,0
20500006468000,38,19,19,1189.4
20500006472000,5,2,3,258
20500006473000,21,7,14,651
20500006474000,6,4,2,331.8
20500006475000,23,13,10,878.6
20500006476000,139,73,66,4489.7
20500006477000,2,1,1,0
20500006478000,51,25,26,2366.4
20500006479000,11,6,5,365.2
20500006482000,2,1,1,0
20500006483000,8,4,4,367.2
20500006486000,3,2,1,0
20500006499000,1,1,0,0
20500006744000,2,2,0,0
20500006754000,1,1,0,0
20500006755000,4,2,2,0
20500006795000,11,7,4,326.7
20500006808000,51,27,24,1907.4
20500006809000,73,38,35,3044.1
20500006810000,35,18,17,1662.5
20500006814000,3,1,2,0
20500006817000,2,1,1,0
20500006858000,24,12,12,960
20500006859000,12,10,2,568.8
20500006873000,13,6,7,588.9
20500006874000,37,23,14,1365.3
20500006875000,16,6,10,462.4
20500006885000,4,1,3,0
20500006896000,11,8,3,585.2
20500006897000,2,1,1,0
20500006900000,2,1,1,0
20500006907000,12,7,5,685.2
20500006908000,4,3,1,0
20500006909000,5,3,2,236
20500006910000,17,10,7,901
20500006911000,2,1,1,0
20500006921000,5,3,2,288
20500006922000,35,20,15,1477
20500006923000,9,6,3,532.8
20500006931000,1,1,0,0
20500006951000,261,137,124,9604.8
20500006952000,756,400,356,26460
20500006953000,569,309,260,21792.7
20500006954000,29,14,15,1226.7
20500006955000,779,360,419,34977.1
20500006956000,1266,653,613,42917.4
20500006957000,361,192,169,12996
20500006959000,143,71,72,5562.7
20500006960000,12,6,6,412.8
20500006961000,69,33,36,2670.3
20500006967000,4,1,3,0
20500006972000,6,5,1,283.2
20500006973000,83,43,40,4033.8
20500006974000,8,6,2,447.2
20500006977000,35,21,14,1820
20500006980000,19,8,11,834.1
20510006455000,28,14,14,904.4
20510006456000,105,54,51,3895.5
20510006457000,7,3,4,324.1
20510006459000,49,25,24,1960
20510006460000,17,7,10,741.2
20510006461000,86,53,33,2881
20510006463000,12,6,6,501.6
20510006464000,1,1,0,0
20510006466000,5,2,3,196
20510006469000,5,3,2,159
20510006471000,14,8,6,736.4
20510006472000,25,12,13,950
20510006473000,22,8,14,946
20510006474000,2,1,1,0
20510006475000,20,13,7,884
20510006480000,1,1,0,0
20510006481000,2,1,1,0
20510006482000,47,24,23,1823.6
20510006483000,18,9,9,790.2
20510006491000,3,3,0,0
20510006493000,21,12,9,963.9
20510006499000,4,3,1,0
20510006731000,9,4,5,420.3
20510006733000,3,1,2,0
20510006744000,1,0,1,0
20510006745000,5,3,2,136
20510006754000,5,3,2,255
20510006777000,19,9,10,807.5
20510006778000,4,2,2,0
20510006780000,2,1,1,0
20510006809000,55,25,30,2673
20510006810000,101,53,48,3363.3
20510006811000,3,1,2,0
20510006814000,1,1,0,0
20510006815000,1,1,0,0
20510006859000,37,18,19,1535.5
20510006860000,16,8,8,620.8
20510006873000,27,12,15,1123.2
20510006874000,33,15,18,1329.9
20510006875000,25,13,12,1142.5
20510006876000,3,2,1,0
20510006881000,3,2,1,0
20510006885000,78,36,42,3330.6
20510006886000,35,17,18,1456
20510006896000,10,4,6,617
20510006897000,8,4,4,235.2
20510006907000,4,2,2,0
20510006908000,20,9,11,1014
20510006909000,7,5,2,307.3
20510006923000,15,10,5,583.5
20510006924000,27,16,11,936.9
20510006951000,413,194,219,13298.6
20510006952000,107,52,55,3809.2
20510006953000,109,60,49,3847.7
20510006954000,27,8,19,1166.4
20510006955000,957,478,479,36461.7
20510006956000,753,400,353,26882.1
20510006959000,70,42,28,2905
20510006961000,2,2,0,0
20510006963000,32,17,15,1526.4
20510006964000,8,5,3,360
20510006966000,245,143,102,7448
20510006967000,1,0,1,0
20510006976000,21,13,8,1012.2
20510006977000,12,6,6,645.6
20520006455000,39,18,21,1649.7
20520006456000,423,218,205,16793.1
20520006457000,422,215,207,17386.4
20520006458000,185,96,89,5494.5
20520006459000,57,25,32,2086.2
20520006460000,3,2,1,0
20520006462000,16,8,8,441.6
20520006464000,8,4,4,451.2
20520006465000,2,1,1,0
20520006466000,8,5,3,295.2
20520006467000,5,3,2,221
20520006469000,5,3,2,275
20520006473000,8,4,4,264
20520006478000,3,2,1,0
20520006480000,9,5,4,370.8
20520006481000,3,1,2,0
20520006482000,13,7,6,474.5
20520006484000,23,13,10,837.2
20520006485000,192,91,101,7584
20520006486000,25,10,15,1285
20520006487000,152,78,74,5350.4
20520006488000,18,7,11,667.8
20520006494000,13,9,4,425.1
20520006505000,9,5,4,431.1
20520006506000,22,11,11,684.2
20520006508000,1,1,0,0
20520006731000,13,8,5,617.5
20520006733000,6,4,2,352.2
20520006780000,11,6,5,343.2
20520006859000,3,1,2,0
20520006868000,27,15,12,999
20520006869000,21,13,8,814.8
20520006870000,6,2,4,172.8
20520006871000,25,11,14,1107.5
20520006872000,30,15,15,948
20520006873000,207,100,107,9459.9
20520006874000,125,63,62,5300
20520006875000,10,5,5,579
20520006881000,43,19,24,2076.9
20520006885000,5,2,3,114
20520006896000,1,0,1,0
20520006901000,15,10,5,523.5
20520006909000,8,2,6,279.2
20520006923000,5,4,1,270
20520006924000,29,15,14,1180.3
20520006925000,5,3,2,87
20520006950000,233,120,113,8574.4
20520006951000,390,196,194,12636
20520006952000,205,108,97,7400.5
20520006953000,69,37,32,2470.2
20520006954000,2,1,1,0
20520006955000,431,228,203,16852.1
20520006956000,1450,735,715,53650
20520006957000,2,1,1,0
20520006958000,2,1,1,0
20520006959000,225,116,109,8865
20520006961000,6,3,3,225
20520006963000,73,38,35,3343.4
20520006964000,6,3,3,366
20520006965000,396,204,192,15483.6
20520006966000,182,87,95,7079.8
20520006967000,83,47,36,3502.6
20520006968000,24,15,9,1089.6
20520006969000,17,9,8,1021.7
20520006974000,22,12,10,987.8
20520006975000,11,4,7,444.4
20520006976000,55,26,29,2167
20520006977000,17,9,8,586.5
20520006978000,5,3,2,198
20520006980000,24,14,10,1233.6
20520006981000,20,12,8,908
20530006455000,3,1,2,0
20530006456000,556,264,292,24297.2
20530006457000,772,349,423,36052.4
20530006458000,190,106,84,7524
20530006459000,61,30,31,2214.3
20530006460000,27,11,16,850.5
20530006461000,23,10,13,834.9
20530006463000,15,10,5,613.5
20530006464000,17,10,7,552.5
20530006466000,3,2,1,0
20530006467000,15,8,7,612
20530006469000,1,0,1,0
20530006470000,1,0,1,0
20530006472000,13,8,5,406.9
20530006474000,17,7,10,870.4
20530006475000,5,3,2,87
20530006481000,11,7,4,289.3
20530006482000,7,4,3,161.7
20530006483000,15,7,8,592.5
20530006485000,1,1,0,0
20530006487000,32,14,18,848
20530006488000,93,45,48,3980.4
20530006489000,39,22,17,1696.5
20530006490000,2,2,0,0
20530006491000,5,2,3,214
20530006495000,12,2,10,429.6
20530006499000,2,1,1,0
20530006505000,4,2,2,0
20530006509000,4,3,1,0
20530006510000,5,3,2,221
20530006731000,31,19,12,1416.7
20530006733000,12,6,6,738
20530006734000,6,2,4,142.2
20530006775000,3,1,2,0
20530006849000,8,1,7,390.4
20530006859000,7,4,3,363.3
20530006869000,13,7,6,469.3
20530006870000,6,2,4,117
20530006871000,6,3,3,237
20530006880000,2,1,1,0
20530006881000,74,33,41,3559.4
20530006885000,56,29,27,2324
20530006896000,13,7,6,449.8
20530006897000,11,5,6,503.8
20530006898000,5,4,1,198
20530006924000,21,11,10,982.8
20530006925000,11,6,5,423.5
20530006942000,1,0,1,0
20530006943000,2,2,0,0
20530006944000,1,1,0,0
20530006950000,228,113,115,8641.2
20530006951000,261,138,123,9578.7
20530006952000,72,38,34,2268
20530006953000,77,36,41,2833.6
20530006955000,791,395,396,31877.3
20530006956000,1513,755,758,60973.9
20530006959000,56,27,29,2268
20530006960000,8,5,3,327.2
20530006961000,60,32,28,2604
20530006963000,15,7,8,703.5
20530006964000,18,11,7,1170
20530006965000,82,43,39,3608
20530006969000,9,5,4,342
20530006970000,42,22,20,1936.2
20530006974000,6,3,3,241.8
20530006975000,262,134,128,12235.4
20530006976000,67,38,29,2720.2
20530006978000,31,18,13,1150.1
20530006979000,116,60,56,4326.8
20530006980000,138,74,64,5892.6
20540006455000,8,4,4,488.8
20540006456000,1622,778,844,72665.6
20540006457000,1233,552,681,54252
20540006458000,702,361,341,23376.6
20540006459000,48,26,22,1766.4
20540006460000,41,19,22,1152.1
20540006461000,6,5,1,301.2
20540006462000,10,5,5,477
20540006463000,12,6,6,351.6
20540006465000,4,2,2,0
20540006466000,2,1,1,0
20540006467000,4,2,2,0
20540006470000,13,5,8,247
20540006473000,8,3,5,262.4
20540006478000,1,1,0,0
20540006480000,2,1,1,0
20540006481000,4,2,2,0
20540006483000,3,1,2,0
20540006484000,8,5,3,196.8
20540006485000,1,0,1,0
20540006491000,4,1,3,0
20540006492000,38,21,17,969
20540006493000,23,15,8,867.1
20540006494000,5,3,2,217
20540006495000,29,15,14,1044
20540006496000,4,1,3,0
20540006498000,15,10,5,541.5
20540006499000,67,35,32,2123.9
20540006500000,2,1,1,0
20540006501000,1,1,0,0
20540006502000,6,4,2,178.2
20540006503000,11,4,7,356.4
20540006733000,2,1,1,0
20540006774000,2,2,0,0
20540006813000,13,8,5,523.9
20540006849000,5,3,2,270
20540006859000,4,2,2,0
20540006874000,5,4,1,244
20540006881000,111,59,52,4961.7
20540006882000,26,15,11,1352
20540006886000,57,32,25,2223
20540006887000,18,12,6,883.8
20540006888000,8,4,4,440
20540006896000,20,11,9,878
20540006897000,4,3,1,0
20540006924000,9,5,4,383.4
20540006925000,57,27,30,2844.3
20540006926000,6,2,4,229.2
20540006940000,4,1,3,0
20540006941000,5,1,4,84
20540006950000,35,14,21,1428
20540006951000,108,65,43,4071.6
20540006952000,1049,526,523,36295.4
20540006953000,257,134,123,8609.5
20540006954000,597,284,313,19581.6
20540006955000,1048,516,532,43177.6
20540006956000,822,395,427,34852.8
20540006957000,7,3,4,125.3
20540006959000,105,55,50,4725
20540006960000,2,1,1,0
20540006963000,25,15,10,1245
20540006970000,52,28,24,2147.6
20540006971000,3,2,1,0
20540006977000,10,6,4,475
20540006978000,76,40,36,3701.2
20540006979000,11,5,6,421.3
20550006455000,107,59,48,4440.5
20550006456000,1601,775,826,70604.1
20550006457000,1214,633,581,41761.6
20550006458000,241,129,112,8676
20550006461000,18,11,7,693
20550006462000,18,8,10,590.4
20550006463000,3,2,1,0
20550006464000,14,6,8,364
20550006468000,9,4,5,253.8
20550006471000,2,1,1,0
20550006475000,6,4,2,283.8
20550006479000,12,5,7,320.4
20550006482000,23,12,11,588.8
20550006484000,2,1,1,0
20550006485000,2,1,1,0
20550006486000,6,3,3,225
20550006487000,3,2,1,0
20550006489000,5,3,2,143
20550006490000,16,8,8,484.8
20550006492000,7,3,4,140.7
20550006493000,22,7,15,693
20550006500000,60,28,32,1902
20550006501000,3,2,1,0
20550006512000,12,6,6,372
20550006513000,2,0,2,0
20550006514000,16,10,6,590.4
20550006731000,5,3,2,304
20550006741000,2,1,1,0
20550006743000,5,3,2,209
20550006756000,5,4,1,286
20550006774000,20,9,11,698
20550006804000,11,4,7,504.9
20550006811000,7,3,4,322
20550006827000,2,0,2,0
20550006849000,5,2,3,185
20550006859000,4,2,2,0
20550006874000,29,14,15,1012.1
20550006879000,5,2,3,224
20550006882000,9,5,4,500.4
20550006887000,60,31,29,2184
20550006888000,56,31,25,2245.6
20550006894000,4,2,2,0
20550006895000,16,7,9,716.8
20550006896000,10,6,4,598
20550006899000,15,6,9,646.5
20550006900000,22,12,10,794.2
20550006901000,11,6,5,521.4
20550006902000,9,6,3,398.7
20550006911000,21,10,11,831.6
20550006925000,15,7,8,508.5
20550006926000,36,19,17,1062
20550006932000,19,12,7,879.7
20550006933000,6,3,3,343.8
20550006935000,4,2,2,0
20550006936000,3,1,2,0
20550006937000,1,1,0,0
20550006939000,2,1,1,0
20550006951000,86,40,46,2881
20550006952000,1088,564,524,40364.8
20550006953000,1210,594,616,46464
20550006954000,1168,576,592,40412.8
20550006955000,1815,855,960,82038
20550006956000,1230,587,643,57564
20550006959000,178,97,81,5660.4
20550006963000,114,62,52,4525.8
20550006971000,81,43,38,3790.8
20550006977000,5,3,2,343
20560006455000,51,29,22,2233.8
20560006456000,784,396,388,25323.2
20560006457000,237,117,120,9906.6
20560006458000,19,12,7,695.4
20560006460000,10,6,4,231
20560006461000,28,16,12,784
20560006465000,4,1,3,0
20560006466000,7,2,5,191.8
20560006468000,6,3,3,336
20560006471000,11,5,6,288.2
20560006473000,18,12,6,745.2
20560006475000,1,1,0,0
20560006478000,2,1,1,0
20560006479000,5,1,4,117
20560006480000,2,1,1,0
20560006481000,9,6,3,431.1
20560006483000,12,8,4,302.4
20560006485000,6,3,3,216
20560006486000,3,3,0,0
20560006490000,2,1,1,0
20560006491000,13,7,6,505.7
20560006493000,11,5,6,500.5
20560006494000,6,2,4,226.8
20560006495000,1,0,1,0
20560006499000,25,11,14,1015
20560006500000,218,106,112,8567.4
20560006501000,3,1,2,0
20560006505000,15,7,8,622.5
20560006507000,8,5,3,446.4
20560006513000,6,4,2,153
20560006514000,8,2,6,368
20560006738000,6,2,4,217.2
20560006739000,8,4,4,412
20560006740000,3,2,1,0
20560006741000,44,22,22,1892
20560006742000,20,10,10,866
20560006743000,6,3,3,238.2
20560006775000,2,1,1,0
20560006804000,4,2,2,0
20560006805000,33,19,14,1280.4
20560006806000,48,24,24,1857.6
20560006807000,30,15,15,1230
20560006811000,34,16,18,1445
20560006828000,1,1,0,0
20560006859000,33,17,16,1709.4
20560006874000,10,7,3,459
20560006889000,3,2,1,0
20560006890000,4,2,2,0
20560006894000,19,11,8,649.8
20560006895000,2,1,1,0
20560006899000,276,136,140,12254.4
20560006900000,201,104,97,6733.5
20560006901000,44,23,21,1909.6
20560006902000,62,27,35,2461.4
20560006925000,13,6,7,669.5
20560006926000,25,14,11,1192.5
20560006943000,16,6,10,608
20560006944000,19,9,10,910.1
20560006945000,2,1,1,0
20560006946000,58,27,31,2441.8
20560006950000,48,25,23,1473.6
20560006951000,842,422,420,25765.2
20560006952000,588,300,288,21932.4
20560006953000,210,106,104,8148
20560006955000,979,518,461,36418.8
20560006956000,576,291,285,21888
20560006957000,585,309,276,18310.5
20560006959000,102,51,51,3661.8
20560006963000,34,14,20,1383.8
20560006970000,20,10,10,884
20560006971000,125,63,62,4812.5
20560006972000,7,5,2,252.7
20560006977000,25,11,14,965
20560006978000,11,4,7,500.5
20570006452000,155,75,80,6014
20570006454000,14,10,4,541.8
20570006456000,733,367,366,25801.6
20570006457000,255,139,116,9511.5
20570006458000,73,42,31,2920
20570006459000,2,1,1,0
20570006461000,7,3,4,175
20570006464000,26,13,13,881.4
20570006465000,4,2,2,0
20570006466000,4,2,2,0
20570006467000,16,6,10,712
20570006468000,5,3,2,157
20570006469000,6,4,2,309
20570006472000,7,3,4,146.3
20570006473000,4,2,2,0
20570006480000,3,2,1,0
20570006481000,1,1,0,0
20570006483000,14,6,8,554.4
20570006484000,1,1,0,0
20570006485000,5,4,1,246
20570006495000,7,4,3,198.8
20570006496000,1,1,0,0
20570006499000,21,13,8,877.8
20570006500000,32,18,14,1523.2
20570006501000,22,11,11,798.6
20570006502000,21,10,11,762.3
20570006507000,2,1,1,0
20570006514000,10,3,7,308
20570006515000,18,10,8,662.4
20570006516000,1,1,0,0
20570006540000,1,1,0,0
20570006541000,3,1,2,0
20570006739000,6,3,3,238.8
20570006740000,39,19,20,1333.8
20570006741000,157,83,74,7614.5
20570006742000,234,111,123,9711
20570006756000,1,1,0,0
20570006776000,33,16,17,1673.1
20570006803000,6,3,3,312
20570006804000,31,14,17,1069.5
20570006805000,3,2,1,0
20570006806000,13,5,8,445.9
20570006807000,34,17,17,1992.4
20570006811000,45,22,23,2043
20570006856000,5,3,2,116
20570006859000,18,8,10,673.2
20570006860000,16,6,10,712
20570006870000,41,21,20,1697.4
20570006871000,13,6,7,625.3
20570006884000,3,1,2,0
20570006890000,14,8,6,481.6
20570006893000,12,7,5,433.2
20570006894000,5,3,2,312
20570006898000,8,4,4,223.2
20570006901000,29,10,19,1322.4
20570006902000,104,56,48,4024.8
20570006903000,1,1,0,0
20570006911000,8,5,3,308
20570006912000,8,3,5,318.4
20570006926000,175,83,92,9205
20570006927000,4,2,2,0
20570006944000,55,30,25,2282.5
20570006945000,201,101,100,7617.9
20570006946000,12,6,6,692.4
20570006950000,2,1,1,0
20570006951000,1177,620,557,42018.9
20570006952000,79,38,41,2883.5
20570006955000,14,12,2,505.4
20570006956000,177,93,84,6637.5
20570006957000,11,7,4,398.2
20570006958000,1,0,1,0
20570006959000,225,116,109,8887.5
20570006963000,57,24,33,2490.9
20570006970000,3,1,2,0
20570006971000,79,38,41,3436.5
20570006977000,14,9,5,554.4
20570006978000,19,8,11,1096.3
20580006451000,162,87,75,6091.2
20580006452000,28,13,15,1117.2
20580006453000,14,7,7,737.8
20580006454000,47,18,29,1847.1
20580006455000,8,3,5,188
20580006456000,64,32,32,2060.8
20580006457000,73,41,32,2657.2
20580006458000,10,6,4,591
20580006459000,51,25,26,1591.2
20580006460000,37,17,20,1557.7
20580006461000,4,1,3,0
20580006462000,5,1,4,87
20580006463000,1,0,1,0
20580006464000,12,5,7,378
20580006468000,1,1,0,0
20580006471000,8,4,4,312
20580006472000,11,6,5,298.1
20580006478000,14,8,6,578.2
20580006480000,8,4,4,351.2
20580006482000,6,4,2,193.8
20580006483000,11,6,5,325.6
20580006484000,1,1,0,0
20580006487000,4,1,3,0
20580006488000,6,4,2,192
20580006492000,12,5,7,343.2
20580006494000,11,4,7,353.1
20580006495000,3,3,0,0
20580006504000,12,6,6,433.2
20580006506000,16,8,8,665.6
20580006509000,4,3,1,0
20580006510000,4,3,1,0
20580006516000,4,3,1,0
20580006541000,21,9,12,772.8
20580006542000,2,1,1,0
20580006739000,19,8,11,780.9
20580006740000,12,7,5,382.8
20580006741000,124,62,62,4984.8
20580006742000,149,82,67,7315.9
20580006743000,13,7,6,556.4
20580006776000,1,1,0,0
20580006777000,3,2,1,0
20580006810000,18,8,10,887.4
20580006811000,28,17,11,1282.4
20580006830000,1,1,0,0
20580006832000,2,2,0,0
20580006835000,7,3,4,280.7
20580006859000,3,1,2,0
20580006884000,39,24,15,1688.7
20580006885000,38,17,21,1603.6
20580006887000,37,16,21,1576.2
20580006890000,36,22,14,1378.8
20580006892000,13,6,7,501.8
20580006894000,18,10,8,833.4
20580006895000,14,7,7,845.6
20580006898000,8,5,3,363.2
20580006902000,42,27,15,1604.4
20580006912000,1,1,0,0
20580006913000,9,4,5,395.1
20580006926000,6,3,3,199.2
20580006927000,55,29,26,2398
20580006933000,1,1,0,0
20580006945000,1,0,1,0
20580006946000,15,7,8,708
20580006947000,51,22,29,1958.4
20580006951000,355,189,166,14910
20580006952000,59,33,26,2442.6
20580006955000,5,4,1,311
20580006956000,27,16,11,839.7
20580006957000,5,2,3,337
20580006958000,10,6,4,257
20580006959000,124,71,53,4538.4
20580006960000,5,3,2,315
20580006963000,28,17,11,1288
20580006970000,41,24,17,1279.2
20580006971000,12,6,6,676.8
20580006981000,1,1,0,0
20580006982000,7,4,3,497.7
20590006451000,23,12,11,1113.2
20590006452000,49,22,27,2160.9
20590006453000,42,19,23,1226.4
20590006454000,115,59,56,4209
20590006455000,47,26,21,2011.6
20590006457000,46,28,18,2065.4
20590006458000,24,12,12,1228.8
20590006459000,5,3,2,140
20590006461000,56,27,29,2419.2
20590006462000,96,44,52,3628.8
20590006463000,454,220,234,15799.2
20590006464000,31,13,18,1283.4
20590006466000,10,5,5,524
20590006468000,5,3,2,227
20590006469000,9,5,4,263.7
20590006471000,5,4,1,223
20590006472000,8,3,5,300
20590006477000,1,0,1,0
20590006478000,17,8,9,746.3
20590006479000,7,3,4,221.9
20590006482000,20,13,7,558
20590006486000,2,2,0,0
20590006487000,2,0,2,0
20590006488000,17,12,5,702.1
20590006491000,10,4,6,392
20590006492000,5,2,3,199
20590006494000,10,6,4,248
20590006509000,10,6,4,534
20590006510000,2,1,1,0
20590006512000,6,4,2,211.2
20590006513000,33,15,18,1244.1
20590006520000,2,0,2,0
20590006521000,64,36,28,2585.6
20590006522000,81,37,44,3523.5
20590006523000,24,13,11,626.4
20590006740000,6,3,3,186
20590006741000,57,24,33,2211.6
20590006742000,78,39,39,3166.8
20590006743000,13,6,7,548.6
20590006780000,8,7,1,471.2
20590006781000,4,2,2,0
20590006806000,2,1,1,0
20590006810000,86,43,43,3792.6
20590006811000,23,13,10,1069.5
20590006833000,5,4,1,311
20590006835000,79,37,42,3641.9
20590006836000,2,1,1,0
20590006859000,11,8,3,338.8
20590006883000,7,2,5,286.3
20590006885000,131,76,55,5279.3
20590006886000,225,111,114,10372.5
20590006890000,13,5,8,349.7
20590006892000,5,2,3,190
20590006893000,1,1,0,0
20590006894000,15,9,6,660
20590006901000,7,3,4,252
20590006902000,27,13,14,1017.9
20590006903000,2,2,0,0
20590006905000,1,1,0,0
20590006913000,6,3,3,283.8
20590006914000,3,1,2,0
20590006916000,7,3,4,256.9
20590006930000,1,0,1,0
20590006931000,2,2,0,0
20590006932000,5,3,2,200
20590006946000,74,37,37,2767.6
20590006947000,49,28,21,1822.8
20590006951000,702,372,330,23657.4
20590006952000,130,71,59,5772
20590006956000,35,24,11,1211
20590006958000,10,6,4,309
20590006959000,43,30,13,1221.2
20590006960000,239,124,115,7767.5
20590006962000,50,26,24,1435
20590006963000,21,12,9,1144.5
20590006970000,9,4,5,397.8
20590006971000,25,14,11,1402.5
20590006980000,4,3,1,0
20590006981000,24,13,11,1353.6
20590006982000,24,10,14,1536
20600006453000,1,0,1,0
20600006454000,139,69,70,4878.9
20600006455000,6,2,4,255
20600006457000,81,48,33,3264.3
20600006458000,8,4,4,272
20600006459000,9,6,3,318.6
20600006463000,91,43,48,4668.3
20600006464000,87,49,38,3097.2
20600006465000,16,7,9,585.6
20600006466000,108,50,58,3380.4
20600006467000,33,17,16,1257.3
20600006473000,4,1,3,0
20600006474000,2,1,1,0
20600006475000,66,38,28,2343
20600006476000,76,26,50,4263.6
20600006477000,58,26,32,1444.2
20600006478000,31,20,11,995.1
20600006479000,35,18,17,1449
20600006480000,171,85,86,6942.6
20600006481000,12,5,7,286.8
20600006482000,18,8,10,576
20600006486000,18,8,10,676.8
20600006487000,6,4,2,325.8
20600006489000,1,1,0,0
20600006490000,9,3,6,253.8
20600006494000,9,5,4,349.2
20600006495000,17,10,7,610.3
20600006501000,25,15,10,1090
20600006505000,17,8,9,700.4
20600006506000,2,0,2,0
20600006507000,8,5,3,436.8
20600006511000,5,3,2,225
20600006512000,7,6,1,280
20600006515000,2,2,0,0
20600006521000,107,55,52,3755.7
20600006522000,115,46,69,4853
20600006527000,5,3,2,198
20600006535000,1,1,0,0
20600006593000,2,1,1,0
20600006731000,6,4,2,340.8
20600006740000,9,6,3,295.2
20600006741000,30,18,12,1530
20600006756000,1,1,0,0
20600006806000,13,7,6,621.4
20600006810000,21,12,9,1018.5
20600006811000,435,206,229,17139
20600006832000,4,2,2,0
20600006836000,20,13,7,812
20600006837000,16,7,9,435.2
20600006838000,9,4,5,339.3
20600006839000,2,1,1,0
20600006840000,4,1,3,0
20600006859000,12,6,6,494.4
20600006884000,11,7,4,478.5
20600006885000,69,37,32,2325.3
20600006886000,12,7,5,519.6
20600006888000,9,4,5,375.3
20600006890000,46,25,21,1660.6
20600006891000,15,9,6,541.5
20600006892000,2,2,0,0
20600006893000,2,2,0,0
20600006894000,3,2,1,0
20600006902000,38,21,17,1748
20600006914000,28,12,16,1590.4
20600006916000,2,1,1,0
20600006923000,2,1,1,0
20600006925000,9,5,4,568.8
20600006947000,31,14,17,1295.8
20600006951000,318,155,163,10176
20600006952000,47,25,22,2011.6
20600006956000,24,12,12,1092
20600006958000,9,8,1,347.4
20600006960000,20,11,9,808
20600006962000,38,15,23,1694.8
20600006969000,35,18,17,1305.5
20600006971000,48,20,28,1833.6
20600006980000,18,9,9,887.4
20600006982000,7,3,4,303.8
20610006453000,6,3,3,232.2
20610006459000,20,10,10,626
20610006460000,18,10,8,563.4
20610006464000,5,3,2,137
20610006465000,17,9,8,685.1
20610006467000,29,15,14,1151.3
20610006468000,14,6,8,413
20610006473000,18,11,7,660.6
20610006474000,24,11,13,1291.2
20610006475000,110,54,56,4323
20610006476000,23,10,13,1021.2
20610006477000,22,14,8,657.8
20610006478000,7,3,4,272.3
20610006479000,4,2,2,0
20610006481000,1,1,0,0
20610006482000,5,2,3,232
20610006483000,2,1,1,0
20610006485000,2,2,0,0
20610006486000,12,7,5,360
20610006487000,5,4,1,87
20610006489000,2,1,1,0
20610006501000,17,6,11,601.8
20610006503000,3,1,2,0
20610006506000,5,3,2,282
20610006507000,44,17,27,1790.8
20610006508000,27,15,12,958.5
20610006511000,7,3,4,184.1
20610006512000,19,10,9,564.3
20610006515000,19,10,9,885.4
20610006524000,2,1,1,0
20610006806000,8,4,4,264
20610006810000,61,32,29,2049.6
20610006811000,145,70,75,5945
20610006836000,1,1,0,0
20610006837000,33,13,20,1036.2
20610006838000,18,7,11,808.2
20610006839000,33,20,13,1108.8
20610006840000,2,1,1,0
20610006859000,17,8,9,748
20610006890000,37,16,21,1568.8
20610006901000,9,6,3,577.8
20610006902000,35,17,18,1232
20610006916000,9,4,5,527.4
20610006947000,37,15,22,1443
20610006951000,73,40,33,2803.2
20610006956000,2,1,1,0
20610006957000,46,26,20,1490.4
20610006958000,3,1,2,0
20610006959000,21,11,10,846.3
20610006960000,11,7,4,476.3
20610006962000,27,13,14,1053
20610006965000,11,5,6,357.5
20610006967000,120,63,57,4944
20610006968000,494,263,231,18574.4
20610006969000,764,392,372,31629.6
20610006970000,605,300,305,28556
20610006971000,407,217,190,11721.6
20610006980000,2,1,1,0
20610006981000,3,2,1,0
20610006982000,38,20,18,2238.2
20620006453000,70,35,35,3031
20620006457000,22,14,8,781
20620006458000,99,48,51,3118.5
20620006459000,61,32,29,2836.5
20620006460000,7,4,3,371.7
20620006461000,12,6,6,472.8
20620006462000,28,15,13,828.8
20620006463000,9,5,4,568.8
20620006470000,23,12,11,908.5
20620006471000,179,90,89,7142.1
20620006472000,179,97,82,7070.5
20620006473000,20,9,11,848
20620006476000,4,3,1,0
20620006480000,4,2,2,0
20620006485000,7,2,5,387.1
20620006488000,3,2,1,0
20620006489000,2,1,1,0
20620006490000,9,5,4,352.8
20620006492000,4,2,2,0
20620006507000,5,3,2,259
20620006508000,1,1,0,0
20620006515000,6,3,3,151.8
20620006516000,15,8,7,348
20620006524000,1,1,0,0
20620006525000,16,9,7,641.6
20620006526000,23,11,12,800.4
20620006527000,15,9,6,541.5
20620006657000,5,4,1,159
20620006809000,4,2,2,0
20620006810000,505,226,279,21311
20620006811000,508,261,247,19659.6
20620006837000,1,1,0,0
20620006838000,2,1,1,0
20620006839000,4,2,2,0
20620006857000,9,4,5,249.3
20620006858000,2,2,0,0
20620006887000,6,3,3,247.8
20620006889000,8,7,1,358.4
20620006890000,2,1,1,0
20620006901000,5,2,3,199
20620006902000,37,23,14,1665
20620006915000,7,3,4,261.8
20620006926000,50,24,26,2565
20620006951000,23,12,11,1016.6
20620006956000,9,5,4,315.9
20620006957000,29,17,12,1133.9
20620006959000,10,6,4,393
20620006962000,13,7,6,549.9
20620006963000,37,16,21,1687.2
20620006964000,25,14,11,1280
20620006965000,4,3,1,0
20620006966000,23,13,10,1159.2
20620006968000,4,2,2,0
20620006969000,67,37,30,2994.9
20620006970000,3,2,1,0
20620006971000,29,18,11,1493.5
20620006980000,1,0,1,0
20620006981000,2,1,1,0
20620006982000,2,1,1,0
20620006988000,66,40,26,2857.8
20630006454000,30,14,16,1227
20630006457000,40,23,17,1772
20630006458000,6,3,3,102
20630006459000,21,10,11,804.3
20630006461000,5,3,2,233
20630006463000,5,3,2,96
20630006465000,6,4,2,319.2
20630006469000,23,13,10,703.8
20630006471000,83,50,33,2689.2
20630006472000,45,23,22,1413
20630006481000,1,1,0,0
20630006486000,5,3,2,236
20630006487000,2,1,1,0
20630006489000,3,2,1,0
20630006492000,15,8,7,498
20630006493000,5,4,1,242
20630006495000,79,34,45,3468.1
20630006496000,15,5,10,846
20630006497000,4,3,1,0
20630006498000,2,1,1,0
20630006500000,20,9,11,760
20630006502000,13,5,8,470.6
20630006503000,8,2,6,340.8
20630006516000,4,2,2,0
20630006527000,17,9,8,669.8
20630006529000,4,2,2,0
20630006530000,3,2,1,0
20630006600000,3,1,2,0
20630006602000,5,2,3,151
20630006657000,1,0,1,0
20630006783000,2,1,1,0
20630006785000,1,1,0,0
20630006795000,4,2,2,0
20630006809000,45,24,21,1818
20630006810000,86,46,40,3457.2
20630006811000,226,126,100,8859.2
20630006839000,7,3,4,284.9
20630006840000,6,3,3,214.2
20630006889000,123,61,62,4022.1
20630006890000,104,60,44,3099.2
20630006893000,6,4,2,226.8
20630006901000,40,18,22,1612
20630006902000,25,15,10,1190
20630006917000,2,1,1,0
20630006918000,11,7,4,706.2
20630006925000,3,3,0,0
20630006943000,14,6,8,491.4
20630006944000,110,63,47,4675
20630006945000,401,197,204,15077.6
20630006946000,218,119,99,8654.6
20630006951000,18,10,8,529.2
20630006956000,30,16,14,1188
20630006957000,7,4,3,296.1
20630006958000,55,29,26,1875.5
20630006959000,14,7,7,568.4
20630006960000,13,8,5,647.4
20630006963000,19,8,11,699.2
20630006970000,124,64,60,4749.2
20630006971000,9,4,5,492.3
20630006984000,93,44,49,4510.5
20630006985000,36,19,17,1616.4
20630006986000,55,28,27,1853.5
20630006987000,4,2,2,0
20630006988000,26,13,13,962
20630006989000,41,23,18,1615.4
20640006455000,6,3,3,280.2
20640006456000,28,13,15,1122.8
20640006457000,38,22,16,1573.2
20640006461000,33,20,13,1296.9
20640006463000,22,11,11,825
20640006465000,13,7,6,466.7
20640006467000,2,1,1,0
20640006471000,39,18,21,1435.2
20640006474000,5,4,1,111
20640006479000,13,7,6,466.7
20640006482000,4,1,3,0
20640006483000,13,7,6,417.3
20640006485000,1,1,0,0
20640006486000,5,3,2,192
20640006487000,1,1,0,0
20640006492000,1,1,0,0
20640006493000,3,1,2,0
20640006498000,3,2,1,0
20640006500000,8,5,3,284
20640006501000,20,10,10,702
20640006502000,2,2,0,0
20640006530000,28,13,15,884.8
20640006531000,2,2,0,0
20640006534000,6,2,4,321
20640006535000,1,1,0,0
20640006536000,10,4,6,333
20640006600000,7,3,4,195.3
20640006603000,3,1,2,0
20640006604000,20,10,10,870
20640006629000,3,1,2,0
20640006725000,1,1,0,0
20640006728000,69,27,42,2594.4
20640006729000,280,123,157,12236
20640006743000,35,18,17,1589
20640006744000,2,1,1,0
20640006795000,12,7,5,754.8
20640006796000,31,18,13,1134.6
20640006840000,6,3,3,274.2
20640006887000,5,3,2,107
20640006889000,1,0,1,0
20640006890000,22,12,10,809.6
20640006891000,218,105,113,8066
20640006893000,1,1,0,0
20640006894000,1,0,1,0
20640006918000,1,1,0,0
20640006925000,1,0,1,0
20640006939000,6,3,3,250.2
20640006940000,51,26,25,2208.3
20640006941000,38,20,18,1512.4
20640006942000,37,23,14,2083.1
20640006943000,46,25,21,1692.8
20640006944000,55,29,26,2436.5
20640006945000,73,38,35,2701
20640006946000,58,27,31,2163.4
20640006948000,328,161,167,13808.8
20640006956000,32,18,14,1184
20640006957000,20,10,10,610
20640006958000,23,13,10,991.3
20640006963000,68,33,35,2339.2
20640006984000,99,52,47,4029.3
20640006985000,6,3,3,256.8
20640006987000,30,15,15,1083
20640006988000,2,2,0,0
20640006989000,17,9,8,783.7
20650006454000,23,13,10,1016.6
20650006455000,4,3,1,0
20650006456000,8,5,3,462.4
20650006457000,16,8,8,472
20650006458000,7,3,4,254.1
20650006462000,17,8,9,1072.7
20650006465000,3,2,1,0
20650006466000,11,5,6,492.8
20650006467000,4,2,2,0
20650006470000,5,3,2,304
20650006473000,4,1,3,0
20650006475000,2,1,1,0
20650006478000,5,2,3,189
20650006479000,1,1,0,0
20650006481000,7,3,4,286.3
20650006482000,51,27,24,1621.8
20650006483000,30,12,18,1335
20650006484000,6,4,2,247.2
20650006485000,21,11,10,745.5
20650006490000,1,1,0,0
20650006495000,5,1,4,166
20650006517000,3,2,1,0
20650006534000,1,1,0,0
20650006535000,4,2,2,0
20650006536000,10,5,5,566
20650006544000,1,0,1,0
20650006599000,1,1,0,0
20650006600000,20,8,12,918
20650006601000,6,2,4,127.2
20650006604000,117,59,58,4223.7
20650006629000,14,7,7,589.4
20650006726000,3,1,2,0
20650006728000,42,21,21,1961.4
20650006729000,115,63,52,4749.5
20650006730000,131,70,61,4820.8
20650006795000,4,2,2,0
20650006796000,12,6,6,549.6
20650006797000,130,65,65,5902
20650006798000,3,2,1,0
20650006807000,5,2,3,333
20650006886000,5,2,3,175
20650006887000,1,1,0,0
20650006890000,390,187,203,15444
20650006891000,929,457,472,38739.3
20650006892000,199,101,98,5094.4
20650006903000,20,11,9,684
20650006938000,7,4,3,207.9
20650006939000,283,152,131,11970.9
20650006940000,243,127,116,9379.8
20650006941000,41,25,16,2037.7
20650006942000,34,17,17,1441.6
20650006943000,78,32,46,2776.8
20650006944000,761,385,376,29679
20650006945000,604,296,308,25126.4
20650006946000,561,255,306,29172
20650006947000,464,233,231,17910.4
20650006948000,4,1,3,0
20650006956000,2,1,1,0
20650006960000,13,6,7,663
20650006963000,25,12,13,1107.5
20650006985000,1,0,1,0
20650006986000,2,1,1,0
20650006987000,17,9,8,574.6
20650006988000,72,38,34,3067.2
20650006989000,139,68,71,6672
20650006990000,353,183,170,15073.1
20660006454000,8,5,3,240.8
20660006455000,2,1,1,0
20660006457000,23,13,10,1186.8
20660006458000,36,16,20,1544.4
20660006460000,4,3,1,0
20660006461000,4,2,2,0
20660006464000,6,3,3,375
20660006465000,12,6,6,418.8
20660006467000,7,3,4,132.3
20660006468000,1,1,0,0
20660006470000,18,9,9,772.2
20660006474000,14,8,6,354.2
20660006475000,7,3,4,485.1
20660006476000,17,8,9,552.5
20660006481000,1,0,1,0
20660006482000,1,0,1,0
20660006483000,16,8,8,790.4
20660006484000,14,8,6,477.4
20660006485000,20,8,12,614
20660006486000,8,5,3,254.4
20660006487000,20,7,13,728
20660006488000,15,8,7,609
20660006489000,9,6,3,374.4
20660006490000,6,5,1,279
20660006491000,7,4,3,338.1
20660006495000,6,3,3,364.8
20660006496000,11,6,5,442.2
20660006516000,9,6,3,266.4
20660006517000,13,7,6,375.7
20660006532000,2,1,1,0
20660006535000,2,1,1,0
20660006541000,11,6,5,286
20660006604000,135,66,69,5386.5
20660006605000,5,3,2,214
20660006723000,38,17,21,1751.8
20660006724000,22,9,13,1177
20660006727000,1,1,0,0
20660006807000,33,16,17,1541.1
20660006870000,1,0,1,0
20660006886000,6,1,5,181.2
20660006890000,23,13,10,791.2
20660006891000,529,283,246,19308.5
20660006892000,127,60,67,4140.2
20660006904000,7,3,4,273.7
20660006923000,34,16,18,1635.4
20660006934000,2,1,1,0
20660006935000,44,21,23,1936
20660006936000,60,33,27,2688
20660006944000,207,103,104,7431.3
20660006945000,223,113,110,8094.9
20660006946000,588,286,302,21050.4
20660006947000,494,240,254,18129.8
20660006952000,5,3,2,309
20660006953000,4,2,2,0
20660006957000,9,3,6,385.2
20660006958000,16,9,7,494.4
20660006961000,1,0,1,0
20660006963000,32,17,15,1625.6
20660006971000,7,3,4,189.7
20660006991000,12,6,6,278.4
20670006455000,19,12,7,847.4
20670006456000,11,5,6,577.5
20670006457000,27,16,11,1071.9
20670006458000,8,4,4,316
20670006459000,25,14,11,947.5
20670006460000,9,3,6,471.6
20670006461000,7,4,3,195.3
20670006463000,15,5,10,370.5
20670006464000,6,3,3,223.8
20670006465000,1,1,0,0
20670006470000,10,7,3,325
20670006474000,1,0,1,0
20670006475000,5,3,2,260
20670006478000,3,2,1,0
20670006481000,9,5,4,320.4
20670006483000,10,6,4,405
20670006484000,10,4,6,464
20670006485000,7,5,2,317.8
20670006488000,4,2,2,0
20670006489000,13,8,5,570.7
20670006490000,16,7,9,526.4
20670006491000,15,10,5,453
20670006493000,10,4,6,286
20670006495000,20,8,12,544
20670006497000,6,3,3,282
20670006498000,6,4,2,181.2
20670006516000,2,1,1,0
20670006535000,3,1,2,0
20670006536000,33,14,19,1217.7
20670006537000,4,2,2,0
20670006575000,3,3,0,0
20670006597000,2,1,1,0
20670006604000,3,2,1,0
20670006606000,1,0,1,0
20670006626000,66,32,34,2270.4
20670006627000,8,5,3,259.2
20670006628000,4,2,2,0
20670006723000,43,20,23,2248.9
20670006724000,80,42,38,3216
20670006794000,3,2,1,0
20670006806000,3,2,1,0
20670006807000,38,17,21,1713.8
20670006863000,8,3,5,211.2
20670006865000,13,4,9,653.9
20670006866000,4,2,2,0
20670006867000,54,27,27,1911.6
20670006868000,24,15,9,1180.8
20670006870000,5,3,2,289
20670006873000,5,2,3,173
20670006885000,3,1,2,0
20670006886000,9,4,5,367.2
20670006888000,3,1,2,0
20670006891000,47,23,24,1729.6
20670006892000,43,23,20,1535.1
20670006904000,13,9,4,470.6
20670006905000,6,3,3,235.2
20670006922000,10,5,5,409
20670006934000,47,26,21,1823.6
20670006945000,6,3,3,373.2
20670006946000,113,61,52,4339.2
20670006947000,39,22,17,1524.9
20670006953000,28,16,12,1428
20670006954000,2,1,1,0
20670006957000,9,4,5,401.4
20670006958000,2,1,1,0
20670006960000,26,14,12,858
20670006961000,2,1,1,0
20670006962000,551,274,277,17466.7
20670006963000,186,91,95,7328.4
20670006967000,3,1,2,0
20670006968000,4,2,2,0
20670006971000,3,1,2,0
20670006974000,7,4,3,300.3
20670006975000,1,1,0,0
20670006991000,113,63,50,4418.3
20670006992000,11,6,5,557.7
20680006455000,5,2,3,305
20680006456000,6,3,3,328.8
20680006457000,36,16,20,1220.4
20680006458000,17,11,6,700.4
20680006462000,22,13,9,1159.4
20680006463000,24,12,12,950.4
20680006465000,5,4,1,178
20680006471000,6,4,2,342
20680006475000,18,4,14,597.6
20680006477000,9,5,4,320.4
20680006479000,8,3,5,288
20680006480000,4,0,4,0
20680006482000,17,7,10,690.2
20680006483000,5,3,2,310
20680006485000,13,5,8,457.6
20680006486000,16,7,9,492.8
20680006487000,3,2,1,0
20680006488000,9,7,2,241.2
20680006494000,3,2,1,0
20680006495000,12,6,6,391.2
20680006498000,7,2,5,221.9
20680006499000,4,1,3,0
20680006500000,2,1,1,0
20680006519000,5,3,2,309
20680006536000,21,10,11,638.4
20680006537000,3,2,1,0
20680006575000,4,3,1,0
20680006608000,5,2,3,118
20680006612000,5,4,1,123
20680006616000,3,2,1,0
20680006617000,4,2,2,0
20680006624000,1,0,1,0
20680006626000,53,34,19,1812.6
20680006627000,139,78,61,5573.9
20680006628000,9,5,4,318.6
20680006733000,1,0,1,0
20680006805000,5,2,3,174
20680006806000,31,13,18,1156.3
20680006807000,13,7,6,439.4
20680006815000,2,1,1,0
20680006825000,8,3,5,196.8
20680006827000,6,2,4,283.2
20680006867000,4,2,2,0
20680006868000,12,8,4,651.6
20680006874000,40,16,24,1380
20680006882000,11,3,8,662.2
20680006883000,13,8,5,572
20680006884000,33,15,18,1551
20680006885000,17,12,5,787.1
20680006887000,22,14,8,1128.6
20680006891000,31,17,14,1140.8
20680006892000,42,23,19,1743
20680006922000,8,6,2,387.2
20680006934000,122,61,61,4721.4
20680006945000,28,17,11,985.6
20680006946000,75,39,36,3315
20680006947000,6,4,2,184.2
20680006953000,48,28,20,1824
20680006954000,75,38,37,3060
20680006957000,3,1,2,0
20680006960000,45,22,23,1521
20680006961000,43,22,21,1801.7
20680006962000,349,180,169,11691.5
20680006963000,232,125,107,9419.2
20680006967000,4,1,3,0
20680006968000,3,1,2,0
20680006971000,1,0,1,0
20680006974000,8,7,1,376.8
20680006975000,17,9,8,776.9
20690006457000,16,9,7,684.8
20690006458000,32,18,14,1353.6
20690006459000,24,11,13,976.8
20690006460000,25,13,12,1035
20690006461000,3,2,1,0
20690006462000,4,2,2,0
20690006463000,6,3,3,367.2
20690006464000,11,6,5,519.2
20690006467000,4,3,1,0
20690006468000,5,3,2,275
20690006469000,1,0,1,0
20690006471000,6,4,2,190.8
20690006472000,3,1,2,0
20690006480000,6,4,2,255
20690006481000,205,115,90,6457.5
20690006482000,104,49,55,3910.4
20690006483000,6,4,2,124.8
20690006486000,10,6,4,242
20690006487000,1,1,0,0
20690006488000,7,3,4,275.8
20690006489000,6,4,2,112.8
20690006495000,7,2,5,175
20690006500000,6,3,3,181.8
20690006501000,8,3,5,302.4
20690006505000,3,3,0,0
20690006506000,4,2,2,0
20690006536000,18,9,9,547.2
20690006537000,6,5,1,201
20690006576000,3,2,1,0
20690006600000,2,1,1,0
20690006610000,2,2,0,0
20690006612000,7,3,4,359.8
20690006613000,4,2,2,0
20690006615000,6,4,2,307.2
20690006619000,6,3,3,205.2
20690006626000,146,71,75,4788.8
20690006627000,61,31,30,2092.3
20690006628000,1,1,0,0
20690006732000,3,2,1,0
20690006795000,4,3,1,0
20690006805000,1,0,1,0
20690006806000,29,15,14,1334
20690006807000,171,96,75,6446.7
20690006808000,7,4,3,238
20690006813000,17,11,6,824.5
20690006826000,29,19,10,1394.9
20690006874000,31,15,16,1131.5
20690006877000,15,9,6,594
20690006878000,21,10,11,869.4
20690006879000,43,20,23,1664.1
20690006880000,35,23,12,1473.5
20690006881000,35,17,18,1823.5
20690006882000,106,56,50,4558
20690006883000,203,99,104,8546.3
20690006884000,87,48,39,2688.3
20690006886000,20,12,8,830
20690006887000,91,48,43,3913
20690006891000,3,2,1,0
20690006892000,48,25,23,1977.6
20690006903000,16,10,6,772.8
20690006913000,10,3,7,320
20690006933000,2,1,1,0
20690006934000,45,25,20,1908
20690006935000,20,11,9,834
20690006946000,53,26,27,1717.2
20690006947000,12,6,6,608.4
20690006953000,5,3,2,279
20690006955000,10,5,5,206
20690006956000,29,19,10,1577.6
20690006957000,10,5,5,449
20690006958000,24,14,10,996
20690006960000,327,163,164,9744.6
20690006961000,32,15,17,1264
20690006962000,15,6,9,448.5
20690006963000,73,38,35,2920
20690006964000,296,139,157,13083.2
20690006965000,4,2,2,0
20690006966000,6,3,3,144
20690006975000,24,11,13,1080
20690006976000,33,21,12,1366.2
20700006457000,5,3,2,147
20700006458000,133,77,56,5971.7
20700006459000,8,5,3,320
20700006460000,11,6,5,496.1
20700006462000,12,5,7,441.6
20700006463000,47,28,19,1786
20700006464000,3,1,2,0
20700006466000,2,1,1,0
20700006469000,7,5,2,254.8
20700006470000,1,1,0,0
20700006474000,7,4,3,345.8
20700006475000,3,3,0,0
20700006476000,5,4,1,102
20700006477000,8,5,3,176
20700006480000,17,9,8,567.8
20700006482000,31,15,16,1215.2
20700006483000,7,4,3,238.7
20700006484000,13,6,7,236.6
20700006485000,1,1,0,0
20700006486000,7,5,2,203.7
20700006487000,3,2,1,0
20700006488000,8,5,3,276
20700006490000,3,2,1,0
20700006494000,1,1,0,0
20700006504000,1,1,0,0
20700006529000,7,4,3,230.3
20700006530000,2,0,2,0
20700006543000,1,1,0,0
20700006575000,9,5,4,532.8
20700006576000,50,29,21,2235
20700006577000,5,3,2,126
20700006591000,12,6,6,483.6
20700006593000,25,15,10,860
20700006610000,1,1,0,0
20700006614000,15,9,6,562.5
20700006616000,1,1,0,0
20700006650000,2,1,1,0
20700006651000,1,1,0,0
20700006732000,2,1,1,0
20700006758000,3,2,1,0
20700006765000,3,0,3,0
20700006792000,1,1,0,0
20700006806000,1,1,0,0
20700006808000,30,13,17,1263
20700006812000,29,15,14,1041.1
20700006813000,17,9,8,766.7
20700006825000,8,3,5,322.4
20700006826000,2,1,1,0
20700006876000,10,6,4,359
20700006877000,2,1,1,0
20700006884000,148,83,65,6334.4
20700006885000,36,20,16,1886.4
20700006887000,21,13,8,1008
20700006892000,22,14,8,1029.6
20700006905000,4,1,3,0
20700006912000,18,10,8,696.6
20700006913000,10,6,4,396
20700006935000,90,45,45,3690
20700006953000,45,24,21,1831.5
20700006954000,7,5,2,244.3
20700006955000,140,65,75,5362
20700006958000,173,80,93,5830.1
20700006960000,18,8,10,684
20700006961000,7,3,4,324.1
20700006963000,12,6,6,512.4
20700006964000,376,191,185,15228
20700006965000,10,8,2,386
20700006966000,15,8,7,565.5
20700006967000,2,1,1,0
20700006969000,2,1,1,0
20700006970000,2,1,1,0
20700006972000,1,0,1,0
20700006975000,46,26,20,1913.6
20700006976000,38,17,21,1208.4
20700006998000,18,10,8,1164.6
20710006458000,20,10,10,812
20710006459000,21,13,8,1054.2
20710006460000,45,23,22,1768.5
20710006462000,3,1,2,0
20710006466000,4,2,2,0
20710006474000,29,11,18,1064.3
20710006478000,5,3,2,170
20710006479000,19,12,7,685.9
20710006482000,12,9,3,398.4
20710006483000,25,17,8,1100
20710006484000,12,7,5,594
20710006485000,14,8,6,467.6
20710006490000,4,3,1,0
20710006494000,8,3,5,380
20710006495000,11,7,4,394.9
20710006524000,6,5,1,226.8
20710006529000,7,3,4,128.1
20710006557000,1,1,0,0
20710006562000,17,7,10,851.7
20710006567000,1,1,0,0
20710006574000,5,2,3,129
20710006575000,16,8,8,593.6
20710006576000,21,10,11,1083.6
20710006577000,18,7,11,716.4
20710006587000,1,1,0,0
20710006589000,2,1,1,0
20710006590000,4,3,1,0
20710006591000,8,5,3,504.8
20710006592000,28,14,14,1363.6
20710006593000,4,2,2,0
20710006610000,10,5,5,369
20710006614000,6,4,2,412.2
20710006618000,5,4,1,305
20710006619000,5,4,1,270
20710006620000,2,1,1,0
20710006632000,2,1,1,0
20710006650000,5,3,2,140
20710006759000,6,2,4,183
20710006765000,6,4,2,198
20710006767000,3,2,1,0
20710006769000,2,1,1,0
20710006772000,23,12,11,878.6
20710006783000,2,1,1,0
20710006809000,32,14,18,1331.2
20710006810000,29,19,10,1392
20710006811000,51,20,31,1912.5
20710006812000,10,3,7,313
20710006817000,5,2,3,312
20710006818000,4,3,1,0
20710006819000,5,2,3,335
20710006820000,16,9,7,681.6
20710006821000,3,1,2,0
20710006825000,8,3,5,362.4
20710006886000,4,1,3,0
20710006887000,49,26,23,1901.2
20710006892000,2,1,1,0
20710006905000,6,4,2,247.8
20710006906000,19,9,10,718.2
20710006907000,9,4,5,323.1
20710006908000,2,1,1,0
20710006935000,8,6,2,456.8
20710006936000,14,5,9,443.8
20710006954000,55,29,26,1853.5
20710006955000,393,202,191,13086.9
20710006958000,198,101,97,6435
20710006960000,7,4,3,487.9
20710006961000,36,19,17,1519.2
20710006962000,13,8,5,595.4
20710006963000,5,4,1,277
20710006964000,70,33,37,2464
20710006968000,45,20,25,1759.5
20710006969000,74,38,36,2486.4
20710006970000,2,1,1,0
20710006975000,45,23,22,1705.5
20710006993000,19,10,9,1172.3
20720006459000,33,16,17,1504.8
20720006460000,44,24,20,1443.2
20720006462000,76,39,37,3290.8
20720006464000,7,2,5,195.3
20720006467000,4,2,2,0
20720006468000,11,7,4,424.6
20720006469000,3,2,1,0
20720006473000,5,2,3,61
20720006474000,40,24,16,1516
20720006478000,8,4,4,316.8
20720006485000,6,5,1,178.8
20720006486000,10,6,4,463
20720006487000,9,5,4,351
20720006488000,3,1,2,0
20720006489000,5,2,3,211
20720006490000,3,2,1,0
20720006491000,4,2,2,0
20720006492000,3,2,1,0
20720006521000,2,1,1,0
20720006522000,4,3,1,0
20720006561000,2,1,1,0
20720006562000,2,1,1,0
20720006568000,3,1,2,0
20720006573000,38,18,20,1390.8
20720006574000,45,19,26,2002.5
20720006575000,32,16,16,1331.2
20720006576000,41,19,22,2004.9
20720006577000,3,1,2,0
20720006578000,4,1,3,0
20720006579000,10,6,4,621
20720006585000,5,3,2,366
20720006589000,8,5,3,232
20720006592000,5,3,2,208
20720006593000,9,4,5,357.3
20720006597000,1,0,1,0
20720006650000,3,1,2,0
20720006732000,6,5,1,306
20720006767000,9,5,4,386.1
20720006768000,2,0,2,0
20720006770000,46,22,24,2060.8
20720006771000,36,19,17,1533.6
20720006772000,163,72,91,6291.8
20720006773000,61,32,29,2385.1
20720006782000,14,7,7,694.4
20720006783000,38,20,18,1767
20720006810000,21,12,9,945
20720006811000,16,9,7,699.2
20720006815000,24,10,14,864
20720006816000,6,2,4,270
20720006817000,39,24,15,1244.1
20720006818000,9,4,5,347.4
20720006819000,9,5,4,393.3
20720006820000,10,7,3,409
20720006821000,1,1,0,0
20720006822000,12,7,5,399.6
20720006824000,16,11,5,548.8
20720006885000,45,26,19,1593
20720006886000,293,176,117,11163.3
20720006887000,12,6,6,321.6
20720006892000,35,21,14,1452.5
20720006893000,35,19,16,1473.5
20720006909000,16,9,7,857.6
20720006936000,14,10,4,597.8
20720006948000,14,7,7,534.8
20720006949000,5,1,4,178
20720006955000,30,18,12,981
20720006956000,5,4,1,223
20720006957000,189,99,90,6974.1
20720006958000,639,301,338,28052.1
20720006960000,8,4,4,200.8
20720006961000,63,35,28,2872.8
20720006962000,32,17,15,1232
20720006964000,4,3,1,0
20720006970000,3,3,0,0
20720006971000,6,3,3,142.2
20720006976000,21,12,9,707.7
20720006977000,29,13,16,907.7
20720006978000,34,19,15,1417.8
20720006979000,22,16,6,972.4
20720006992000,1,1,0,0
20720006993000,18,8,10,1038.6
20730006457000,3,1,2,0
20730006459000,134,63,71,5145.6
20730006460000,141,69,72,4300.5
20730006462000,265,140,125,9169
20730006463000,612,321,291,17197.2
20730006464000,31,16,15,1140.8
20730006465000,22,9,13,792
20730006467000,2,1,1,0
20730006468000,1,1,0,0
20730006471000,2,1,1,0
20730006473000,4,3,1,0
20730006476000,11,5,6,335.5
20730006477000,5,3,2,159
20730006481000,14,9,5,375.2
20730006482000,21,9,12,789.6
20730006484000,3,1,2,0
20730006487000,5,2,3,144
20730006491000,3,2,1,0
20730006492000,23,13,10,929.2
20730006493000,11,6,5,514.8
20730006511000,2,1,1,0
20730006512000,3,2,1,0
20730006560000,2,1,1,0
20730006567000,9,4,5,546.3
20730006568000,3,0,3,0
20730006569000,3,2,1,0
20730006573000,95,47,48,4180
20730006574000,35,21,14,1606.5
20730006575000,1,1,0,0
20730006579000,13,7,6,452.4
20730006581000,4,3,1,0
20730006582000,1,1,0,0
20730006583000,11,8,3,333.3
20730006584000,13,7,6,397.8
20730006585000,34,20,14,1414.4
20730006586000,4,3,1,0
20730006587000,9,4,5,648
20730006635000,5,2,3,200
20730006650000,4,2,2,0
20730006723000,2,0,2,0
20730006770000,19,10,9,649.8
20730006773000,18,8,10,567
20730006782000,2,1,1,0
20730006783000,17,8,9,778.6
20730006799000,4,2,2,0
20730006809000,1,1,0,0
20730006810000,1,1,0,0
20730006811000,22,14,8,985.6
20730006812000,13,8,5,296.4
20730006814000,14,8,6,648.2
20730006815000,82,44,38,2706
20730006816000,34,21,13,1343
20730006817000,59,33,26,2342.3
20730006818000,31,13,18,1286.5
20730006819000,9,5,4,278.1
20730006885000,48,24,24,2174.4
20730006886000,26,14,12,1102.4
20730006892000,8,6,2,292.8
20730006893000,33,19,14,1257.3
20730006909000,16,9,7,608
20730006949000,12,6,6,498
20730006954000,31,15,16,1267.9
20730006955000,9,3,6,189
20730006956000,9,7,2,417.6
20730006957000,655,324,331,22925
20730006958000,87,50,37,3149.4
20730006961000,48,29,19,1670.4
20730006962000,12,8,4,578.4
20730006968000,32,14,18,1558.4
20730006969000,24,12,12,1140
20730006970000,14,7,7,754.6
20730006971000,29,15,14,1336.9
20730006975000,33,16,17,1445.4
20730006976000,64,30,34,2515.2
20730006979000,10,5,5,406
20730006981000,2,2,0,0
20740006457000,10,6,4,446
20740006458000,2,1,1,0
20740006459000,99,52,47,3524.4
20740006460000,206,105,101,6571.4
20740006461000,249,133,116,8341.5
20740006462000,237,114,123,10001.4
20740006463000,375,189,186,10125
20740006467000,2,1,1,0
20740006469000,2,2,0,0
20740006470000,5,3,2,333
20740006471000,6,2,4,213
20740006476000,6,2,4,84
20740006477000,2,1,1,0
20740006480000,7,4,3,408.8
20740006481000,14,7,7,380.8
20740006482000,17,10,7,756.5
20740006484000,29,12,17,849.7
20740006485000,3,2,1,0
20740006487000,8,4,4,316.8
20740006506000,3,1,2,0
20740006511000,26,13,13,998.4
20740006518000,24,11,13,926.4
20740006519000,1,1,0,0
20740006561000,5,4,1,214
20740006569000,4,1,3,0
20740006570000,15,8,7,628.5
20740006571000,48,25,23,1824
20740006585000,9,3,6,376.2
20740006586000,60,31,29,2562
20740006587000,222,115,107,9301.8
20740006588000,30,10,20,1131
20740006589000,6,5,1,235.2
20740006590000,28,16,12,1472.8
20740006635000,7,2,5,466.9
20740006649000,1,0,1,0
20740006650000,8,3,5,246.4
20740006723000,7,5,2,401.8
20740006724000,1,1,0,0
20740006774000,27,12,15,1395.9
20740006775000,2,1,1,0
20740006811000,2,1,1,0
20740006812000,5,2,3,362
20740006813000,7,4,3,205.1
20740006814000,131,64,67,5515.1
20740006815000,7,3,4,308.7
20740006843000,16,6,10,460.8
20740006844000,16,12,4,568
20740006845000,2,1,1,0
20740006849000,2,1,1,0
20740006884000,25,20,5,797.5
20740006885000,24,12,12,876
20740006893000,36,20,16,1328.4
20740006894000,2,0,2,0
20740006910000,2,1,1,0
20740006949000,42,21,21,1810.2
20740006955000,6,3,3,250.8
20740006956000,16,8,8,657.6
20740006957000,525,257,268,18952.5
20740006959000,32,17,15,1484.8
20740006960000,8,2,6,291.2
20740006961000,39,20,19,1294.8
20740006976000,254,116,138,12039.6
20740006977000,271,129,142,11002.6
20740006978000,44,24,20,1324.4
20740006981000,12,8,4,622.8
20740006989000,1,1,0,0
20750006459000,27,10,17,1020.6
20750006460000,233,120,113,9413.2
20750006461000,847,435,412,30153.2
20750006462000,109,46,63,5559
20750006474000,6,3,3,319.2
20750006475000,4,2,2,0
20750006476000,1,0,1,0
20750006477000,19,9,10,953.8
20750006478000,17,6,11,544
20750006479000,28,13,15,1554
20750006480000,5,2,3,289
20750006482000,4,2,2,0
20750006485000,4,2,2,0
20750006486000,24,10,14,816
20750006487000,17,11,6,477.7
20750006494000,114,57,57,5209.8
20750006495000,7,4,3,231
20750006506000,12,6,6,442.8
20750006507000,3,1,2,0
20750006508000,5,4,1,120
20750006512000,2,1,1,0
20750006561000,19,10,9,900.6
20750006588000,39,20,19,1435.2
20750006589000,63,31,32,2425.5
20750006590000,49,25,24,1754.2
20750006635000,7,4,3,275.1
20750006645000,1,1,0,0
20750006646000,2,1,1,0
20750006649000,2,1,1,0
20750006650000,8,4,4,280
20750006721000,3,2,1,0
20750006722000,10,5,5,445
20750006723000,8,5,3,454.4
20750006724000,3,2,1,0
20750006774000,5,3,2,190
20750006776000,34,20,14,1649
20750006777000,7,4,3,385.7
20750006798000,4,3,1,0
20750006799000,3,2,1,0
20750006813000,160,79,81,5184
20750006814000,930,466,464,30783
20750006842000,4,2,2,0
20750006843000,12,7,5,508.8
20750006884000,20,12,8,720
20750006892000,5,2,3,154
20750006893000,15,6,9,643.5
20750006894000,1,1,0,0
20750006910000,181,96,85,7783
20750006911000,11,4,7,434.5
20750006949000,12,5,7,505.2
20750006954000,43,24,19,1466.3
20750006956000,16,6,10,590.4
20750006957000,3,1,2,0
20750006959000,23,13,10,1060.3
20750006960000,4,3,1,0
20750006961000,2,1,1,0
20750006964000,26,14,12,998.4
20750006978000,42,24,18,1663.2
20750006979000,79,40,39,2970.4
20750006980000,59,32,27,1445.5
20750006988000,2,1,1,0
20750006989000,8,2,6,266.4
20760006457000,2,1,1,0
20760006458000,5,3,2,77
20760006459000,153,82,71,5492.7
20760006460000,1414,699,715,56984.2
20760006461000,445,220,225,18200.5
20760006462000,269,119,150,15306.1
20760006469000,3,2,1,0
20760006473000,33,14,19,1409.1
20760006474000,30,15,15,1065
20760006479000,16,8,8,596.8
20760006480000,2,1,1,0
20760006483000,13,5,8,379.6
20760006485000,42,24,18,1465.8
20760006492000,16,7,9,576
20760006493000,60,31,29,2076
20760006494000,217,95,122,8549.8
20760006495000,21,11,10,1115.1
20760006499000,2,1,1,0
20760006500000,7,4,3,238
20760006506000,3,1,2,0
20760006509000,6,2,4,214.8
20760006510000,1,0,1,0
20760006516000,6,4,2,193.8
20760006517000,14,5,9,537.6
20760006589000,6,3,3,364.8
20760006722000,2,1,1,0
20760006777000,133,64,69,5812.1
20760006813000,895,451,444,31325
20760006814000,1430,711,719,59345
20760006815000,30,16,14,1020
20760006817000,4,2,2,0
20760006841000,18,10,8,810
20760006842000,35,22,13,1872.5
20760006892000,24,12,12,880.8
20760006893000,4,1,3,0
20760006894000,1,1,0,0
20760006909000,2,1,1,0
20760006910000,57,30,27,3636.6
20760006946000,23,14,9,1012
20760006947000,54,33,21,2073.6
20760006948000,39,22,17,1794
20760006949000,17,9,8,593.3
20760006954000,49,24,25,2121.7
20760006959000,3,2,1,0
20760006961000,7,6,1,345.1
20760006964000,6,5,1,277.8
20760006973000,19,13,6,708.7
20760006976000,7,4,3,401.8
20760006979000,118,62,56,4165.4
20760006980000,22,10,12,1045
20760006983000,15,9,6,595.5
20770006457000,10,7,3,586
20770006459000,539,283,256,19457.9
20770006460000,888,425,463,34454.4
20770006461000,333,163,170,13220.1
20770006462000,418,193,225,17723.2
20770006463000,32,14,18,1267.2
20770006468000,15,6,9,691.5
20770006470000,17,10,7,491.3
20770006471000,111,55,56,4317.9
20770006472000,91,47,44,3276
20770006473000,31,15,16,1122.2
20770006475000,20,12,8,810
20770006479000,5,4,1,138
20770006480000,2,1,1,0
20770006481000,5,2,3,77
20770006483000,10,3,7,486
20770006484000,16,6,10,504
20770006485000,2,1,1,0
20770006486000,13,7,6,449.8
20770006487000,1,1,0,0
20770006488000,7,3,4,324.8
20770006489000,5,1,4,121
20770006493000,4,2,2,0
20770006496000,44,21,23,1619.2
20770006497000,62,33,29,2418
20770006507000,4,3,1,0
20770006509000,11,6,5,316.8
20770006515000,3,2,1,0
20770006516000,4,2,2,0
20770006602000,1,1,0,0
20770006637000,1,1,0,0
20770006645000,6,2,4,202.8
20770006776000,10,6,4,448
20770006777000,283,133,150,10952.1
20770006778000,237,119,118,9645.9
20770006779000,185,91,94,8047.5
20770006780000,2,1,1,0
20770006782000,17,9,8,727.6
20770006811000,162,78,84,6528.6
20770006812000,177,94,83,6071.1
20770006813000,42,18,24,1789.2
20770006814000,398,192,206,15721
20770006815000,32,15,17,1420.8
20770006816000,29,15,14,1354.3
20770006840000,4,2,2,0
20770006892000,4,3,1,0
20770006893000,11,5,6,492.8
20770006894000,14,9,5,421.4
20770006908000,1,1,0,0
20770006909000,9,4,5,306.9
20770006930000,11,5,6,511.5
20770006933000,1,1,0,0
20770006948000,2,2,0,0
20770006952000,6,4,2,310.8
20770006954000,160,78,82,5584
20770006973000,20,10,10,952
20770006976000,14,9,5,666.4
20770006980000,42,19,23,2011.8
20770006981000,85,43,42,3425.5
20770006982000,50,24,26,2335
20770006983000,36,21,15,1616.4
20780006457000,10,5,5,495
20780006458000,1,1,0,0
20780006459000,92,44,48,3312
20780006460000,844,424,420,30637.2
20780006461000,60,31,29,2082
20780006462000,2,1,1,0
20780006463000,31,16,15,1162.5
20780006464000,24,11,13,1068
20780006467000,373,183,190,14994.6
20780006468000,816,351,465,39412.8
20780006469000,185,97,88,6567.5
20780006470000,674,333,341,24601
20780006471000,3,2,1,0
20780006473000,10,7,3,415
20780006475000,1,1,0,0
20780006477000,10,6,4,397
20780006479000,1,1,0,0
20780006480000,13,6,7,650
20780006481000,12,7,5,493.2
20780006483000,12,6,6,428.4
20780006484000,31,14,17,1212.1
20780006485000,19,12,7,727.7
20780006486000,13,8,5,513.5
20780006487000,1,0,1,0
20780006489000,4,1,3,0
20780006491000,3,1,2,0
20780006492000,1,0,1,0
20780006497000,24,12,12,943.2
20780006508000,4,1,3,0
20780006511000,2,1,1,0
20780006512000,39,17,22,1641.9
20780006514000,2,1,1,0
20780006515000,32,13,19,1465.6
20780006558000,4,2,2,0
20780006559000,4,4,0,0
20780006561000,4,1,3,0
20780006721000,3,1,2,0
20780006749000,1,1,0,0
20780006775000,14,6,8,484.4
20780006776000,34,16,18,1659.2
20780006779000,8,5,3,492
20780006801000,2,1,1,0
20780006811000,276,132,144,8418
20780006812000,32,17,15,899.2
20780006814000,10,4,6,614
20780006815000,80,38,42,3024
20780006816000,74,43,31,2701
20780006880000,12,6,6,535.2
20780006893000,7,4,3,294
20780006894000,10,4,6,415
20780006902000,3,2,1,0
20780006908000,3,2,1,0
20780006913000,3,2,1,0
20780006930000,53,29,24,1653.6
20780006931000,27,13,14,1304.1
20780006933000,2,1,1,0
20780006952000,7,3,4,392.7
20780006953000,45,29,16,1908
20780006954000,483,261,222,19223.4
20780006955000,76,43,33,3100.8
20780006956000,20,10,10,890
20780006973000,53,33,20,2374.4
20780006974000,5,4,1,183
20780006979000,2,1,1,0
20780006980000,118,58,60,4979.6
20780006981000,20,8,12,674
20780006982000,28,19,9,879.2
20790006458000,47,21,26,2143.2
20790006459000,901,458,443,31895.4
20790006460000,34,20,14,1346.4
20790006461000,10,5,5,177
20790006464000,517,271,246,19904.5
20790006465000,94,52,42,3731.8
20790006466000,316,161,155,11028.4
20790006467000,119,61,58,4605.3
20790006468000,27,16,11,1277.1
20790006469000,484,266,218,16601.2
20790006470000,130,76,54,4095
20790006471000,4,1,3,0
20790006473000,15,10,5,321
20790006474000,8,4,4,276.8
20790006475000,6,4,2,357
20790006478000,5,3,2,240
20790006479000,27,13,14,961.2
20790006480000,239,126,113,8078.2
20790006481000,91,49,42,2830.1
20790006483000,5,3,2,130
20790006484000,14,9,5,481.6
20790006485000,21,14,7,1005.9
20790006487000,3,0,3,0
20790006488000,11,7,4,376.2
20790006489000,5,2,3,198
20790006490000,5,3,2,260
20790006491000,4,2,2,0
20790006495000,5,2,3,128
20790006499000,14,8,6,365.4
20790006500000,4,2,2,0
20790006502000,1,0,1,0
20790006503000,5,3,2,283
20790006504000,15,9,6,484.5
20790006505000,13,6,7,572
20790006506000,68,33,35,1788.4
20790006507000,56,30,26,2564.8
20790006508000,17,10,7,744.6
20790006509000,5,2,3,180
20790006511000,9,5,4,389.7
20790006512000,28,20,8,1022
20790006513000,252,140,112,7585.2
20790006514000,117,58,59,5019.3
20790006515000,19,14,5,541.5
20790006548000,14,9,5,407.4
20790006549000,10,7,3,435
20790006556000,7,7,0,209.3
20790006557000,16,10,6,742.4
20790006558000,18,11,7,919.8
20790006559000,3,2,1,0
20790006560000,7,4,3,296.8
20790006561000,9,5,4,281.7
20790006774000,28,12,16,1330
20790006775000,35,17,18,1914.5
20790006777000,1,1,0,0
20790006778000,6,3,3,138
20790006811000,12,4,8,483.6
20790006815000,1,1,0,0
20790006816000,3,2,1,0
20790006817000,28,15,13,1478.4
20790006822000,2,1,1,0
20790006837000,2,1,1,0
20790006877000,15,8,7,498
20790006893000,3,1,2,0
20790006904000,11,7,4,478.5
20790006905000,10,5,5,382
20790006906000,44,21,23,1584
20790006907000,8,4,4,398.4
20790006908000,12,5,7,435.6
20790006913000,5,3,2,266
20790006925000,10,6,4,423
20790006926000,2,1,1,0
20790006927000,2,1,1,0
20790006928000,44,23,21,1812.8
20790006929000,48,26,22,1785.6
20790006930000,61,30,31,2799.9
20790006931000,7,3,4,373.1
20790006932000,24,12,12,1164
20790006940000,2,1,1,0
20790006952000,67,35,32,3323.2
20790006953000,38,19,19,1056.4
20790006954000,413,201,212,18874.1
20790006955000,175,89,86,6860
20790006956000,15,9,6,760.5
20790006957000,3,2,1,0
20790006973000,40,21,19,2056
20790006977000,75,38,37,2715
20790006979000,2,0,2,0
20790006981000,12,5,7,399.6
20800006458000,2,2,0,0
20800006459000,81,46,35,3750.3
20800006465000,182,84,98,4877.6
20800006466000,33,18,15,1194.6
20800006467000,64,33,31,2112
20800006468000,1,0,1,0
20800006469000,186,99,87,6658.8
20800006470000,638,338,300,17736.4
20800006471000,14,10,4,582.4
20800006476000,1,1,0,0
20800006479000,38,24,14,1683.4
20800006480000,152,78,74,3876
20800006481000,88,41,47,2226.4
20800006482000,25,12,13,1147.5
20800006483000,59,29,30,2059.1
20800006484000,96,50,46,3580.8
20800006485000,8,2,6,410.4
20800006488000,4,2,2,0
20800006503000,2,1,1,0
20800006504000,13,6,7,473.2
20800006509000,12,8,4,376.8
20800006510000,7,4,3,331.8
20800006513000,62,41,21,2635
20800006514000,108,55,53,5097.6
20800006515000,40,22,18,1488
20800006516000,14,8,6,729.4
20800006547000,1,1,0,0
20800006553000,10,6,4,534
20800006773000,30,14,16,1383
20800006774000,16,7,9,515.2
20800006810000,60,34,26,2706
20800006811000,2,1,1,0
20800006817000,33,14,19,1511.4
20800006818000,20,8,12,878
20800006819000,7,4,3,314.3
20800006820000,1,1,0,0
20800006822000,33,17,16,1617
20800006823000,1,1,0,0
20800006891000,3,2,1,0
20800006892000,3,2,1,0
20800006904000,28,14,14,1145.2
20800006920000,2,1,1,0
20800006921000,1,1,0,0
20800006923000,6,2,4,249
20800006924000,3,1,2,0
20800006925000,30,19,11,1341
20800006926000,5,2,3,203
20800006927000,20,9,11,896
20800006928000,24,8,16,1000.8
20800006932000,25,13,12,1510
20800006933000,56,28,28,2346.4
20800006934000,219,108,111,8519.1
20800006940000,8,5,3,214.4
20800006952000,114,61,53,4423.2
20800006953000,24,11,13,1084.8
20800006954000,166,86,80,6374.4
20800006955000,7,3,4,182
20800006973000,11,7,4,507.1
20800006977000,29,16,13,1244.1
20800006982000,4,2,2,0
20810006458000,1,1,0,0
20810006459000,1,1,0,0
20810006466000,74,40,34,2730.6
20810006467000,14,8,6,389.2
20810006468000,3,2,1,0
20810006470000,17,9,8,447.1
20810006471000,16,7,9,753.6
20810006473000,4,2,2,0
20810006476000,10,3,7,260
20810006477000,1,0,1,0
20810006478000,10,5,5,621
20810006479000,27,15,12,1293.3
20810006483000,237,124,113,8437.2
20810006484000,196,93,103,6526.8
20810006487000,1,1,0,0
20810006493000,1,1,0,0
20810006497000,12,6,6,561.6
20810006501000,4,2,2,0
20810006512000,11,6,5,372.9
20810006515000,32,17,15,1532.8
20810006516000,241,117,124,10073.8
20810006517000,22,13,9,849.2
20810006522000,11,7,4,504.9
20810006525000,9,5,4,323.1
20810006527000,9,3,6,483.3
20810006550000,13,6,7,716.3
20810006551000,2,0,2,0
20810006645000,45,26,19,1656
20810006646000,2,1,1,0
20810006810000,59,28,31,2129.9
20810006822000,109,55,54,5046.7
20810006823000,38,20,18,1751.8
20810006890000,9,5,4,361.8
20810006891000,23,16,7,788.9
20810006933000,5,3,2,260
20810006934000,691,356,335,27018.1
20810006935000,323,172,151,12338.6
20810006951000,38,21,17,1508.6
20810006952000,35,18,17,1452.5
20810006953000,18,9,9,448.2
20810006954000,69,30,39,2628.9
20810006968000,40,20,20,1532
20810006969000,10,7,3,416
20810006972000,16,9,7,668.8
20810006977000,5,3,2,349
20810006982000,7,3,4,263.2
20810006995000,20,9,11,1010
20820006459000,43,19,24,1543.7
20820006460000,8,4,4,356.8
20820006466000,31,16,15,1038.5
20820006473000,23,11,12,945.3
20820006474000,3,1,2,0
20820006477000,8,4,4,404.8
20820006478000,10,4,6,496
20820006482000,42,24,18,1646.4
20820006483000,49,28,21,1651.3
20820006484000,6,3,3,193.8
20820006486000,1,1,0,0
20820006487000,11,4,7,349.8
20820006496000,5,2,3,231
20820006497000,3,1,2,0
20820006515000,14,6,8,488.6
20820006516000,1005,485,520,42712.5
20820006517000,99,51,48,3623.4
20820006518000,11,6,5,392.7
20820006519000,3,2,1,0
20820006521000,10,5,5,434
20820006523000,2,1,1,0
20820006524000,12,5,7,406.8
20820006525000,47,21,26,2011.6
20820006533000,3,2,1,0
20820006534000,2,1,1,0
20820006547000,1,0,1,0
20820006553000,29,16,13,1165.8
20820006554000,4,3,1,0
20820006643000,2,2,0,0
20820006645000,76,35,41,3724
20820006646000,13,6,7,664.3
20820006807000,30,10,20,1206
20820006808000,453,212,241,18935.4
20820006809000,383,218,165,12753.9
20820006810000,67,36,31,2546
20820006811000,1,0,1,0
20820006820000,55,32,23,1287
20820006821000,194,96,98,4694.8
20820006822000,90,46,44,3825
20820006823000,82,38,44,3386.6
20820006889000,15,9,6,433.5
20820006890000,8,4,4,224
20820006893000,9,3,6,253.8
20820006894000,65,32,33,2177.5
20820006902000,2,1,1,0
20820006903000,7,4,3,240.1
20820006904000,23,8,15,1069.5
20820006933000,130,65,65,4784
20820006934000,614,285,329,27875.6
20820006935000,158,78,80,6746.6
20820006950000,25,15,10,1185
20820006951000,33,20,13,1102.2
20820006968000,21,11,10,693
20820006969000,206,108,98,8240
20820006970000,20,9,11,1080
20820006977000,28,15,13,1005.2
20820006990000,9,4,5,352.8
20820006991000,7,3,4,205.1
20820006994000,13,6,7,613.6
20830006460000,6,3,3,421.8
20830006461000,5,3,2,247
20830006464000,23,11,12,1028.1
20830006466000,483,253,230,16422
20830006467000,715,361,354,23666.5
20830006471000,3,1,2,0
20830006473000,24,11,13,736.8
20830006474000,80,44,36,2904
20830006475000,171,94,77,5916.6
20830006485000,17,10,7,540.6
20830006486000,1,0,1,0
20830006487000,14,9,5,470.4
20830006488000,33,21,12,1313.4
20830006492000,3,2,1,0
20830006496000,7,3,4,116.9
20830006501000,5,3,2,274
20830006504000,3,1,2,0
20830006505000,9,3,6,191.7
20830006507000,5,3,2,156
20830006508000,3,2,1,0
20830006509000,4,3,1,0
20830006512000,12,7,5,393.6
20830006513000,6,3,3,256.2
20830006514000,8,2,6,451.2
20830006515000,1,0,1,0
20830006516000,274,124,150,10220.2
20830006517000,243,116,127,9477
20830006518000,13,8,5,451.1
20830006521000,26,15,11,956.8
20830006523000,4,2,2,0
20830006524000,8,3,5,343.2
20830006525000,361,189,172,15306.4
20830006526000,4,2,2,0
20830006527000,6,3,3,216
20830006543000,1,1,0,0
20830006544000,3,1,2,0
20830006545000,16,7,9,396.8
20830006553000,2,1,1,0
20830006554000,7,5,2,420.7
20830006555000,1,1,0,0
20830006565000,5,2,3,122
20830006644000,7,4,3,308
20830006645000,72,37,35,3074.4
20830006646000,85,42,43,3442.5
20830006773000,22,10,12,877.8
20830006807000,17,13,4,943.5
20830006808000,156,78,78,5569.2
20830006809000,31,16,15,1391.9
20830006810000,76,44,32,2789.2
20830006821000,230,122,108,7912
20830006822000,138,60,78,6762
20830006823000,165,86,79,6600
20830006824000,22,10,12,919.6
20830006889000,53,23,30,2369.1
20830006902000,7,4,3,345.1
20830006931000,4,2,2,0
20830006932000,130,68,62,6084
20830006933000,245,133,112,10094
20830006934000,398,201,197,16716
20830006935000,90,44,46,3708
20830006950000,9,6,3,568.8
20830006951000,76,46,30,3404.8
20830006968000,29,15,14,1403.6
20830006969000,18,9,9,835.2
20830006977000,22,12,10,1067
20830006982000,26,13,13,1297.4
20830006983000,2,1,1,0
20830006990000,65,34,31,2476.5
20830006991000,197,97,100,8274
20830006993000,31,16,15,1522.1
20840006461000,218,103,115,8872.6
20840006462000,1019,520,499,37397.3
20840006463000,1544,813,731,52032.8
20840006464000,2164,1033,1131,86776.4
20840006465000,1853,948,905,65040.3
20840006466000,1203,605,598,42947.1
20840006467000,1012,514,498,30258.8
20840006470000,1,0,1,0
20840006471000,539,264,275,22745.8
20840006472000,118,64,54,3681.6
20840006473000,304,165,139,10944
20840006474000,515,266,249,19570
20840006475000,610,312,298,21289
20840006488000,44,21,23,1364
20840006489000,12,5,7,513.6
20840006492000,4,3,1,0
20840006493000,7,3,4,254.8
20840006501000,3,1,2,0
20840006508000,4,2,2,0
20840006513000,6,4,2,241.8
20840006514000,5,4,1,350
20840006515000,8,5,3,420.8
20840006517000,67,35,32,2318.2
20840006524000,9,4,5,371.7
20840006525000,4,2,2,0
20840006528000,10,5,5,399
20840006529000,48,26,22,2059.2
20840006530000,1,1,0,0
20840006531000,2,1,1,0
20840006535000,1,1,0,0
20840006538000,5,2,3,123
20840006542000,107,50,57,4868.5
20840006543000,65,28,37,2912
20840006544000,29,17,12,1339.8
20840006555000,10,4,6,407
20840006645000,114,59,55,4491.6
20840006650000,1,0,1,0
20840006773000,59,38,21,2885.1
20840006806000,12,8,4,495.6
20840006807000,82,45,37,3517.8
20840006820000,24,13,11,849.6
20840006821000,101,46,55,3817.8
20840006822000,116,60,56,4361.6
20840006823000,89,43,46,3373.1
20840006824000,3,1,2,0
20840006825000,2,1,1,0
20840006887000,2,1,1,0
20840006888000,21,9,12,1115.1
20840006931000,60,34,26,3042
20840006932000,5,3,2,169
20840006946000,31,16,15,1081.9
20840006947000,32,15,17,1318.4
20840006950000,3,1,2,0
20840006951000,40,20,20,1824
20840006958000,4,2,2,0
20840006964000,13,7,6,698.1
20840006967000,31,16,15,1159.4
20840006968000,10,5,5,489
20840006977000,3,2,1,0
20840006982000,20,10,10,840
20840006983000,4,2,2,0
20840006989000,17,10,7,821.1
20840006990000,56,29,27,2424.8
20840006991000,75,35,40,3135
20840006992000,65,35,30,1982.5
20840006993000,4,2,2,0
20850006461000,1120,563,557,42560
20850006462000,1832,913,919,65952
20850006463000,1758,915,843,65573.4
20850006464000,2725,1300,1425,120990
20850006465000,2168,1067,1101,81733.6
20850006466000,2058,1011,1047,84583.8
20850006467000,1142,532,610,42825
20850006468000,151,76,75,5602.1
20850006469000,12,6,6,453.6
20850006471000,674,335,339,22309.4
20850006472000,156,78,78,5194.8
20850006473000,46,24,22,2290.8
20850006474000,95,50,45,3648
20850006475000,735,374,361,25945.5
20850006476000,283,144,139,10216.3
20850006477000,51,24,27,2121.6
20850006488000,55,30,25,2535.5
20850006489000,29,13,16,835.2
20850006490000,14,5,9,401.8
20850006493000,39,22,17,1524.9
20850006494000,35,14,21,1242.5
20850006495000,10,5,5,303
20850006499000,3,2,1,0
20850006501000,47,24,23,1612.1
20850006502000,8,5,3,338.4
20850006503000,5,2,3,168
20850006504000,1,1,0,0
20850006505000,1,1,0,0
20850006513000,9,5,4,374.4
20850006514000,23,11,12,897
20850006515000,38,19,19,1375.6
20850006517000,7,5,2,301
20850006518000,9,5,4,387.9
20850006528000,5,3,2,204
20850006529000,35,16,19,1599.5
20850006539000,29,13,16,1162.9
20850006540000,7,4,3,233.8
20850006543000,44,20,24,1641.2
20850006555000,5,3,2,294
20850006644000,2,1,1,0
20850006645000,27,11,16,815.4
20850006775000,3,1,2,0
20850006806000,1,1,0,0
20850006807000,18,6,12,840.6
20850006820000,43,16,27,1990.9
20850006821000,51,22,29,2034.9
20850006822000,7,4,3,133.7
20850006825000,17,9,8,921.4
20850006826000,6,4,2,184.2
20850006840000,19,10,9,845.5
20850006859000,7,2,5,314.3
20850006886000,5,4,1,337
20850006887000,24,13,11,1120.8
20850006888000,1,1,0,0
20850006890000,8,6,2,343.2
20850006929000,7,5,2,308
20850006942000,31,17,14,1388.8
20850006946000,9,6,3,388.8
20850006947000,30,16,14,1110
20850006950000,4,2,2,0
20850006964000,84,49,35,3343.2
20850006965000,99,77,22,4158
20850006967000,7,3,4,245
20850006977000,5,3,2,318
20850006978000,8,5,3,312.8
20850006982000,3,1,2,0
20850006987000,2,1,1,0
20850006988000,24,10,14,1068
20850006989000,5,3,2,118
20850006990000,20,10,10,1040
20850006991000,5,4,1,133
20850006992000,2,2,0,0
20850006993000,10,7,3,361
20850006994000,38,21,17,1516.2
20860006457000,7,5,2,280
20860006458000,556,283,273,17792
20860006459000,5,3,2,110
20860006460000,30,13,17,1209
20860006461000,561,277,284,24796.2
20860006462000,1459,706,753,59235.4
20860006463000,226,122,104,8339.4
20860006464000,420,228,192,17094
20860006465000,558,288,270,20255.4
20860006466000,1916,916,1000,75107.2
20860006467000,1363,718,645,50022.1
20860006470000,4,3,1,0
20860006471000,26,14,12,933.4
20860006476000,29,16,13,977.3
20860006477000,513,261,252,18827.1
20860006478000,232,124,108,8723.2
20860006479000,277,146,131,7395.9
20860006480000,46,21,25,1840
20860006492000,5,2,3,311
20860006493000,2,0,2,0
20860006494000,41,24,17,1599
20860006495000,137,68,69,4164.8
20860006496000,2,1,1,0
20860006497000,13,7,6,461.5
20860006499000,7,5,2,202.3
20860006500000,4,2,2,0
20860006501000,70,33,37,2002
20860006502000,102,54,48,4182
20860006503000,6,3,3,199.8
20860006504000,4,3,1,0
20860006508000,10,5,5,286
20860006517000,29,12,17,809.1
20860006518000,91,52,39,3640
20860006529000,15,11,4,624
20860006533000,11,4,7,448.8
20860006534000,25,13,12,1130
20860006544000,7,4,3,273.7
20860006545000,43,19,24,2119.9
20860006546000,13,6,7,739.7
20860006548000,7,3,4,312.2
20860006644000,9,4,5,251.1
20860006821000,4,3,1,0
20860006822000,6,3,3,207
20860006825000,25,14,11,1270
20860006826000,75,38,37,3082.5
20860006827000,97,48,49,3424.1
20860006828000,9,3,6,521.1
20860006858000,8,5,3,319.2
20860006884000,11,5,6,421.3
20860006885000,16,9,7,660.8
20860006886000,3,2,1,0
20860006889000,47,23,24,1739
20860006890000,2,1,1,0
20860006941000,3,0,3,0
20860006942000,497,243,254,19383
20860006964000,137,78,59,6315.7
20860006965000,137,70,67,5617
20860006966000,277,154,123,10775.3
20860006967000,290,154,136,11745
20860006968000,113,61,52,4011.5
20860006970000,39,22,17,1392.3
20860006971000,109,50,59,3509.8
20860006972000,34,16,18,1581
20860006978000,30,16,14,1518
20860006986000,2,1,1,0
20860006987000,42,22,20,1848
20860006988000,12,9,3,414
20860006989000,29,15,14,1302.1
20860006990000,5,3,2,372
20860006991000,18,10,8,606.6
20860006992000,19,12,7,851.2
20860006993000,28,13,15,1016.4
20870006457000,59,22,37,1952.9
20870006458000,1045,509,536,42322.5
20870006459000,847,428,419,26765.2
20870006461000,1,1,0,0
20870006462000,562,284,278,19220.4
20870006466000,1624,845,779,66421.6
20870006467000,1262,600,662,48460.8
20870006468000,105,51,54,3034.5
20870006469000,540,288,252,20466
20870006477000,409,212,197,15133
20870006478000,666,328,338,25174.8
20870006479000,1316,669,647,45533.6
20870006480000,1037,494,543,40857.8
20870006481000,106,49,57,3773.6
20870006482000,21,10,11,861
20870006490000,11,6,5,393.8
20870006498000,12,7,5,516
20870006500000,32,12,20,896
20870006501000,61,30,31,3037.8
20870006502000,64,32,32,2560
20870006503000,1,1,0,0
20870006504000,7,5,2,214.9
20870006505000,3,2,1,0
20870006506000,5,4,1,273
20870006507000,1,1,0,0
20870006508000,5,1,4,143
20870006509000,3,1,2,0
20870006514000,1,1,0,0
20870006515000,8,5,3,360
20870006517000,8,5,3,443.2
20870006518000,7,5,2,231
20870006534000,6,2,4,307.8
20870006535000,3,1,2,0
20870006545000,7,4,3,188.3
20870006546000,3,2,1,0
20870006644000,18,11,7,905.4
20870006649000,9,4,5,345.6
20870006800000,2,2,0,0
20870006822000,1,1,0,0
20870006823000,7,3,4,394.1
20870006825000,7,4,3,245.7
20870006826000,9,3,6,425.7
20870006827000,25,13,12,1130
20870006828000,27,13,14,1328.4
20870006829000,8,5,3,400
20870006833000,34,17,17,1482.4
20870006835000,10,6,4,379
20870006839000,1,0,1,0
20870006858000,2,2,0,0
20870006889000,6,4,2,216
20870006904000,5,3,2,196
20870006942000,130,61,69,6942
20870006943000,7,3,4,275.1
20870006949000,1,1,0,0
20870006960000,2,1,1,0
20870006967000,52,29,23,1830.4
20870006968000,181,94,87,7312.4
20870006969000,18,11,7,730.8
20870006970000,20,9,11,540
20870006971000,59,29,30,2206.6
20870006972000,17,9,8,654.5
20870006978000,13,9,4,314.6
20870006983000,2,1,1,0
20870006986000,81,40,41,3223.8
20870006987000,14,8,6,576.8
20870006988000,119,60,59,4343.5
20870006989000,178,78,100,9131.4
20870006990000,337,165,172,12704.9
20870006991000,110,49,61,3949
20870006992000,70,37,33,2849
20870006993000,87,42,45,4080.3
20870006994000,11,6,5,434.5
20880006458000,113,53,60,4316.6
20880006459000,805,416,389,25438
20880006465000,24,11,13,1574.4
20880006466000,5466,2736,2730,259635
20880006467000,2417,1172,1245,96438.3
20880006468000,1208,600,608,38897.6
20880006469000,121,65,56,3968.8
20880006478000,979,528,451,30642.7
20880006479000,620,312,308,24676
20880006480000,1644,741,903,79734
20880006481000,971,483,488,39034.2
20880006482000,62,36,26,2963.6
20880006483000,161,84,77,5651.1
20880006485000,1,1,0,0
20880006486000,2,1,1,0
20880006488000,6,3,3,246
20880006489000,3,1,2,0
20880006492000,2,1,1,0
20880006494000,3,1,2,0
20880006504000,17,12,5,545.7
20880006505000,1,0,1,0
20880006508000,4,2,2,0
20880006509000,2,1,1,0
20880006515000,12,6,6,429.6
20880006517000,9,6,3,407.7
20880006820000,1,0,1,0
20880006823000,6,5,1,322.2
20880006824000,3,1,2,0
20880006826000,2,1,1,0
20880006827000,13,7,6,618.8
20880006828000,38,18,20,1679.6
20880006829000,33,18,15,1174.8
20880006831000,2,1,1,0
20880006832000,396,194,202,14810.4
20880006833000,128,65,63,5248
20880006841000,11,6,5,531.3
20880006858000,12,7,5,490.8
20880006889000,5,3,2,153
20880006890000,17,9,8,756.5
20880006934000,34,14,20,1666
20880006942000,124,58,66,4687.2
20880006968000,3,2,1,0
20880006969000,27,16,11,1301.4
20880006970000,9,5,4,531
20880006972000,4,3,1,0
20880006979000,7,4,3,340.9
20880006980000,14,6,8,575.4
20880006981000,2,1,1,0
20880006986000,21,12,9,913.5
20880006987000,221,114,107,7204.6
20880006988000,155,76,79,7269.5
20880006989000,2,1,1,0
20880006990000,37,19,18,1239.5
20880006991000,86,46,40,4403.2
20880006992000,10,6,4,463
20880006993000,9,5,4,591.3
20880006994000,41,25,16,2066.4
20890006465000,129,62,67,5082.6
20890006466000,3611,1763,1848,152023.1
20890006467000,3539,1689,1850,143329.5
20890006468000,1063,533,530,46240.5
20890006469000,489,245,244,16870.5
20890006470000,20,9,11,876
20890006471000,4,2,2,0
20890006472000,14,10,4,582.4
20890006473000,6,4,2,274.8
20890006477000,1,1,0,0
20890006478000,180,87,93,6354
20890006479000,3,2,1,0
20890006481000,829,442,387,24704.2
20890006482000,311,165,146,11227.1
20890006483000,52,28,24,2142.4
20890006484000,16,9,7,438.4
20890006487000,22,11,11,950.4
20890006488000,40,21,19,1692
20890006496000,6,3,3,189
20890006497000,15,7,8,727.5
20890006504000,7,6,1,357
20890006509000,12,8,4,283.2
20890006510000,5,4,1,125
20890006518000,1,1,0,0
20890006643000,5,3,2,265
20890006649000,3,2,1,0
20890006742000,4,4,0,0
20890006819000,11,6,5,509.3
20890006820000,26,10,16,985.4
20890006829000,55,29,26,2293.5
20890006830000,1,1,0,0
20890006831000,394,196,198,14184
20890006832000,280,129,151,13748
20890006845000,29,16,13,1490.6
20890006857000,21,10,11,749.7
20890006858000,1,0,1,0
20890006889000,21,10,11,989.1
20890006890000,13,7,6,591.5
20890006933000,47,23,24,2119.7
20890006934000,66,34,32,3003
20890006935000,6,3,3,316.8
20890006936000,7,2,5,249.2
20890006941000,20,13,7,768
20890006942000,13,6,7,431.6
20890006962000,2,1,1,0
20890006968000,15,7,8,649.5
20890006969000,28,13,15,994
20890006972000,15,6,9,646.5
20890006990000,47,28,19,1630.9
20890006991000,19,10,9,541.5
20890006992000,22,14,8,862.4
20890006993000,9,5,4,262.8
20890006994000,15,7,8,718.5
20890007000000,92,37,55,4903.6
20890007001000,276,138,138,11067.6
20900006466000,239,117,122,8054.3
20900006467000,225,128,97,7245
20900006468000,1592,761,831,67978.4
20900006469000,1568,771,797,52057.6
20900006470000,1009,519,490,29866.4
20900006471000,442,216,226,14276.6
20900006472000,596,314,282,21277.2
20900006473000,27,14,13,1015.2
20900006474000,46,24,22,1692.8
20900006475000,101,57,44,3615.8
20900006476000,6,3,3,127.2
20900006479000,7,4,3,450.8
20900006482000,35,20,15,1235.5
20900006483000,12,5,7,325.2
20900006484000,14,8,6,526.4
20900006485000,124,63,61,4315.2
20900006486000,46,27,19,1587
20900006491000,11,4,7,359.7
20900006504000,6,3,3,279
20900006508000,8,5,3,386.4
20900006514000,5,3,2,268
20900006642000,6,5,1,135
20900006643000,2,2,0,0
20900006649000,5,4,1,329
20900006741000,4,2,2,0
20900006795000,4,3,1,0
20900006796000,3,2,1,0
20900006803000,1,0,1,0
20900006828000,16,10,6,729.6
20900006829000,1,1,0,0
20900006831000,2,1,1,0
20900006843000,1,1,0,0
20900006844000,5,3,2,162
20900006845000,3,1,2,0
20900006846000,6,3,3,219
20900006847000,10,7,3,339
20900006851000,5,2,3,385
20900006853000,8,4,4,276
20900006857000,79,33,46,3175.8
20900006889000,5,4,1,113
20900006890000,20,6,14,992
20900006933000,54,27,27,2273.4
20900006940000,9,3,6,450.9
20900006941000,9,3,6,387
20900006967000,10,6,4,349
20900006968000,39,17,22,1571.7
20900006969000,20,11,9,700
20900006972000,4,2,2,0
20900006991000,51,23,28,1810.5
20900006992000,35,19,16,1893.5
20900006993000,10,3,7,600
20900007000000,231,111,120,9748.2
20900007001000,189,90,99,7352.1
20910006463000,36,19,17,1324.8
20910006465000,578,293,285,23293.4
20910006466000,1049,539,510,41435.5
20910006467000,213,104,109,9840.6
20910006468000,173,87,86,6608.6
20910006469000,363,194,169,12850.2
20910006470000,559,295,264,14869.4
20910006471000,114,57,57,3043.8
20910006472000,952,470,482,31130.4
20910006473000,7,3,4,165.9
20910006475000,2,2,0,0
20910006476000,61,28,33,2403.4
20910006479000,7,3,4,207.9
20910006481000,19,9,10,953.8
20910006482000,59,28,31,1746.4
20910006483000,4,2,2,0
20910006484000,4,2,2,0
20910006485000,2,1,1,0
20910006486000,3,2,1,0
20910006492000,3,1,2,0
20910006494000,2,1,1,0
20910006498000,11,5,6,506
20910006499000,8,4,4,352.8
20910006500000,9,7,2,226.8
20910006509000,6,4,2,336
20910006511000,4,1,3,0
20910006517000,10,4,6,432
20910006518000,4,2,2,0
20910006522000,3,2,1,0
20910006612000,2,1,1,0
20910006642000,10,3,7,460
20910006649000,14,8,6,638.4
20910006796000,11,7,4,313.5
20910006797000,19,10,9,780.9
20910006798000,2,1,1,0
20910006803000,1,1,0,0
20910006817000,1,1,0,0
20910006825000,10,6,4,551
20910006827000,2,1,1,0
20910006844000,7,4,3,308.7
20910006848000,35,19,16,1914.5
20910006849000,30,16,14,1449
20910006850000,11,4,7,537.9
20910006851000,2,1,1,0
20910006852000,13,6,7,526.5
20910006853000,17,9,8,627.3
20910006854000,19,12,7,701.1
20910006855000,19,10,9,923.4
20910006856000,15,8,7,454.5
20910006859000,3,1,2,0
20910006860000,11,6,5,403.7
20910006921000,9,5,4,547.2
20910006922000,10,7,3,358
20910006924000,3,0,3,0
20910006932000,2,1,1,0
20910006933000,4,2,2,0
20910006937000,10,5,5,361
20910006939000,8,3,5,368.8
20910006940000,25,13,12,1055
20910006968000,26,9,17,980.2
20910006969000,10,4,6,497
20910006970000,4,3,1,0
20910006981000,24,13,11,1281.6
20910006982000,6,2,4,232.2
20910006983000,115,57,58,4531
20910006985000,216,110,106,6307.2
20910006986000,313,162,151,10078.6
20910006987000,9,4,5,475.2
20910006988000,11,4,7,396
20910006999000,27,14,13,1387.8
20910007000000,43,21,22,1947.9
20910007002000,33,18,15,1465.2
20910007003000,6,3,3,184.8
20920006462000,9,5,4,317.7
20920006463000,309,153,156,7385.1
20920006464000,1326,662,664,41371.2
20920006465000,1324,668,656,49252.8
20920006466000,1764,875,889,61034.4
20920006467000,1459,698,761,52086.3
20920006472000,1,0,1,0
20920006476000,4,3,1,0
20920006477000,34,21,13,1329.4
20920006478000,5,3,2,146
20920006479000,7,3,4,249.9
20920006480000,4,2,2,0
20920006483000,45,28,17,1413
20920006485000,51,33,18,1718.7
20920006488000,26,18,8,722.8
20920006489000,17,8,9,710.6
20920006498000,34,15,19,1322.6
20920006503000,4,2,2,0
20920006506000,2,2,0,0
20920006509000,6,2,4,181.8
20920006514000,12,7,5,384
20920006523000,1,0,1,0
20920006612000,9,6,3,198.9
20920006613000,4,3,1,0
20920006641000,25,12,13,1317.5
20920006648000,19,10,9,1073.5
20920006649000,2,1,1,0
20920006766000,1,1,0,0
20920006797000,18,9,9,631.8
20920006803000,3,2,1,0
20920006816000,2,1,1,0
20920006829000,111,56,55,3441
20920006830000,2,1,1,0
20920006854000,2,1,1,0
20920006855000,15,8,7,955.5
20920006860000,1,1,0,0
20920006890000,4,1,3,0
20920006891000,11,5,6,554.4
20920006910000,3,2,1,0
20920006911000,2,1,1,0
20920006912000,7,4,3,389.9
20920006913000,1,0,1,0
20920006918000,5,4,1,254
20920006919000,21,11,10,588
20920006920000,28,17,11,1450.4
20920006921000,4,3,1,0
20920006922000,9,3,6,335.7
20920006923000,13,7,6,608.4
20920006924000,9,5,4,240.3
20920006925000,28,14,14,1198.4
20920006927000,2,1,1,0
20920006940000,8,5,3,463.2
20920006966000,1,0,1,0
20920006967000,6,3,3,304.8
20920006968000,3,1,2,0
20920006969000,46,25,21,1651.4
20920006970000,4,2,2,0
20920006980000,20,10,10,726
20920006981000,18,11,7,799.2
20920006983000,41,24,17,1353
20920006984000,38,20,18,2124.2
20920006985000,112,50,62,4188.8
20920006986000,160,81,79,4560
20920006987000,178,93,85,4895
20920006988000,49,25,24,1572.9
20920006989000,5,2,3,67
20920006997000,25,12,13,767.5
20920006998000,36,23,13,1623.6
20920006999000,94,48,46,3910.4
20920007000000,44,22,22,2028.4
20920007001000,13,6,7,396.5
20920007002000,121,68,53,4803.7
20920007003000,33,18,15,1448.7
20930006462000,8,4,4,311.2
20930006463000,1757,884,873,62022.1
20930006464000,942,453,489,27412.2
20930006465000,264,142,122,7207.2
20930006466000,315,156,159,10930.5
20930006467000,461,233,228,17103.1
20930006468000,716,336,380,33866.8
20930006469000,822,402,420,31153.8
20930006470000,178,88,90,6959.8
20930006471000,202,96,106,12625
20930006472000,1,1,0,0
20930006478000,15,10,5,775.5
20930006479000,4,1,3,0
20930006480000,22,10,12,930.6
20930006483000,3,2,1,0
20930006485000,9,2,7,441.9
20930006488000,1,0,1,0
20930006489000,21,9,12,900.9
20930006490000,3,2,1,0
20930006491000,2,1,1,0
20930006492000,10,5,5,391
20930006493000,4,3,1,0
20930006495000,4,2,2,0
20930006496000,6,3,3,289.2
20930006497000,3,2,1,0
20930006520000,1,1,0,0
20930006521000,1,0,1,0
20930006624000,18,10,8,831.6
20930006630000,2,1,1,0
20930006632000,2,1,1,0
20930006641000,40,24,16,1820
20930006647000,10,7,3,374
20930006648000,2,1,1,0
20930006798000,1,1,0,0
20930006803000,13,7,6,449.8
20930006818000,2,1,1,0
20930006824000,3,2,1,0
20930006825000,5,4,1,187
20930006830000,16,7,9,692.8
20930006909000,126,62,64,5140.8
20930006925000,10,6,4,463
20930006926000,30,16,14,1761
20930006927000,30,14,16,1386
20930006940000,2,1,1,0
20930006962000,14,9,5,785.4
20930006967000,3,1,2,0
20930006969000,358,193,165,12386.8
20930006970000,2,1,1,0
20930006980000,11,4,7,726
20930006981000,3,2,1,0
20930006986000,8,4,4,235.2
20930006987000,158,84,74,5909.2
20930006992000,54,28,26,1927.8
20930006993000,4,2,2,0
20930006995000,5,2,3,180
20930006996000,28,12,16,1136.8
20930006997000,78,40,38,2737.8
20930006998000,28,13,15,1290.8
20930006999000,25,14,11,1142.5
20930007000000,5,3,2,202
20930007001000,17,10,7,770.1
20930007002000,7,4,3,429.1
20930007003000,54,26,28,2629.8
20940006460000,6,2,4,159
20940006461000,46,24,22,1665.2
20940006462000,152,72,80,5289.6
20940006463000,62,32,30,2269.2
20940006464000,66,32,34,2646.6
20940006465000,32,16,16,1212.8
20940006466000,39,18,21,1560
20940006467000,16,8,8,539.2
20940006468000,1488,738,750,54312
20940006469000,1423,728,695,47670.5
20940006470000,714,379,335,26275.2
20940006471000,83,41,42,3261.9
20940006472000,32,14,18,1587.2
20940006473000,30,15,15,1170
20940006474000,119,59,60,3831.8
20940006478000,2,1,1,0
20940006479000,24,9,15,1152
20940006480000,18,8,10,727.2
20940006481000,12,7,5,579.6
20940006482000,18,9,9,559.8
20940006485000,36,20,16,1375.2
20940006488000,2,1,1,0
20940006489000,24,13,11,684
20940006490000,13,7,6,356.2
20940006491000,5,2,3,256
20940006493000,4,3,1,0
20940006494000,12,8,4,424.8
20940006495000,5,1,4,167
20940006496000,10,6,4,454
20940006504000,5,2,3,329
20940006507000,3,2,1,0
20940006568000,3,2,1,0
20940006611000,1,1,0,0
20940006613000,2,1,1,0
20940006614000,15,6,9,594
20940006615000,3,2,1,0
20940006616000,8,5,3,250.4
20940006621000,1,1,0,0
20940006622000,21,13,8,957.6
20940006623000,3,1,2,0
20940006624000,22,10,12,1029.6
20940006625000,23,10,13,998.2
20940006626000,2,1,1,0
20940006627000,6,3,3,274.2
20940006628000,4,2,2,0
20940006629000,3,1,2,0
20940006630000,6,4,2,220.8
20940006631000,12,6,6,414
20940006632000,8,5,3,480.8
20940006633000,18,8,10,876.6
20940006634000,22,11,11,1124.2
20940006640000,19,10,9,799.9
20940006641000,5,2,3,90
20940006647000,6,4,2,337.8
20940006797000,23,10,13,1094.8
20940006824000,3,2,1,0
20940006825000,4,2,2,0
20940006826000,4,3,1,0
20940006830000,15,10,5,738
20940006831000,86,46,40,3147.6
20940006861000,8,5,3,227.2
20940006907000,4,3,1,0
20940006908000,21,9,12,1029
20940006909000,66,36,30,2184.6
20940006926000,6,3,3,205.8
20940006927000,109,56,53,4861.4
20940006928000,1,1,0,0
20940006941000,5,3,2,173
20940006954000,22,13,9,974.6
20940006955000,48,21,27,2241.6
20940006957000,47,24,23,1612.1
20940006962000,3,2,1,0
20940006963000,35,18,17,1354.5
20940006966000,3,2,1,0
20940006967000,650,315,335,24245
20940006968000,277,131,146,15068.8
20940006969000,349,181,168,13890.2
20940006970000,213,106,107,7625.4
20940006971000,10,4,6,414
20940006980000,188,91,97,7125.2
20940006985000,9,6,3,307.8
20940006986000,8,5,3,266.4
20940006987000,22,13,9,778.8
20940006990000,22,12,10,583
20940006991000,20,10,10,590
20940006992000,12,3,9,417.6
20940006993000,115,57,58,4347
20940006994000,21,9,12,879.9
20940006995000,43,22,21,1930.7
20940006996000,47,23,24,1673.2
20940006997000,7,4,3,338.1
20940007002000,2,1,1,0
20940007003000,6,3,3,177
20940007004000,4,3,1,0
20950006461000,7,4,3,366.8
20950006462000,52,30,22,1981.2
20950006463000,37,23,14,1276.5
20950006464000,72,40,32,2988
20950006465000,46,21,25,2065.4
20950006466000,29,15,14,1162.9
20950006472000,103,55,48,4068.5
20950006473000,127,63,64,4851.4
20950006474000,667,339,328,22944.8
20950006475000,57,30,27,1920.9
20950006479000,9,5,4,372.6
20950006481000,4,2,2,0
20950006484000,11,4,7,264
20950006489000,12,6,6,399.6
20950006492000,4,2,2,0
20950006495000,21,16,5,655.2
20950006496000,103,49,54,3965.5
20950006501000,18,7,11,570.6
20950006503000,2,1,1,0
20950006508000,14,7,7,350
20950006580000,1,1,0,0
20950006588000,9,5,4,421.2
20950006611000,2,1,1,0
20950006612000,1,0,1,0
20950006613000,2,1,1,0
20950006614000,5,4,1,147
20950006615000,30,18,12,1155
20950006630000,5,3,2,297
20950006631000,7,4,3,354.2
20950006635000,12,8,4,466.8
20950006636000,7,5,2,412.3
20950006637000,7,4,3,282.1
20950006638000,12,6,6,624
20950006646000,5,3,2,192
20950006793000,8,6,2,496.8
20950006794000,7,3,4,196
20950006796000,195,98,97,8560.5
20950006797000,345,170,175,14938.5
20950006805000,1,0,1,0
20950006828000,1,1,0,0
20950006829000,1,1,0,0
20950006831000,37,19,18,1509.6
20950006906000,14,7,7,414.4
20950006907000,2,1,1,0
20950006926000,3,2,1,0
20950006941000,1,0,1,0
20950006954000,41,21,20,1881.9
20950006955000,28,15,13,1033.2
20950006956000,60,31,29,2610
20950006957000,151,74,77,7051.7
20950006958000,25,13,12,1430
20950006959000,39,18,21,1306.5
20950006960000,14,8,6,838.6
20950006961000,20,10,10,894
20950006962000,29,15,14,1168.7
20950006963000,161,92,69,6729.8
20950006964000,31,17,14,1376.4
20950006965000,48,24,24,1737.6
20950006966000,44,22,22,2081.2
20950006967000,132,63,69,5095.2
20950006968000,274,123,151,14385
20950006969000,124,62,62,5406.4
20950006970000,15,9,6,547.5
20950006980000,46,24,22,2401.2
20950006981000,154,89,65,7007
20950006985000,28,13,15,739.2
20950006986000,37,17,20,1661.3
20950006990000,21,13,8,921.9
20950006992000,200,101,99,7680
20950006993000,83,38,45,3818
20950006994000,1,1,0,0
20950007004000,101,54,47,4474.3
20950007005000,9,5,4,537.3
20960006461000,59,34,25,2324.6
20960006462000,26,16,10,1125.8
20960006463000,17,9,8,579.7
20960006464000,6,3,3,303
20960006465000,10,5,5,474
20960006466000,27,14,13,1115.1
20960006468000,1,1,0,0
20960006472000,5,3,2,190
20960006473000,32,17,15,1171.2
20960006474000,162,74,88,7565.4
20960006475000,416,219,197,14019.2
20960006480000,4,2,2,0
20960006484000,31,15,16,1060.2
20960006490000,8,5,3,240
20960006495000,32,15,17,1232
20960006496000,2,1,1,0
20960006497000,13,6,7,647.4
20960006498000,5,2,3,216
20960006499000,13,7,6,344.5
20960006502000,1,1,0,0
20960006509000,2,2,0,0
20960006514000,10,7,3,473
20960006611000,3,2,1,0
20960006615000,7,4,3,305.2
20960006616000,3,2,1,0
20960006630000,20,13,7,736
20960006631000,12,6,6,498
20960006638000,6,4,2,396
20960006639000,14,7,7,770
20960006640000,1,0,1,0
20960006791000,2,1,1,0
20960006792000,71,42,29,2875.5
20960006793000,10,4,6,431
20960006794000,27,15,12,1050.3
20960006795000,13,8,5,621.4
20960006797000,418,197,221,18977.2
20960006829000,2,1,1,0
20960006831000,29,15,14,817.8
20960006832000,35,17,18,1270.5
20960006833000,3,2,1,0
20960006835000,1,1,0,0
20960006925000,1,0,1,0
20960006926000,3,3,0,0
20960006930000,5,1,4,252
20960006941000,3,1,2,0
20960006952000,6,3,3,238.8
20960006953000,32,18,14,902.4
20960006954000,25,13,12,1142.5
20960006955000,24,13,11,1267.2
20960006956000,18,11,7,730.8
20960006957000,7,3,4,223.3
20960006959000,11,6,5,755.7
20960006960000,13,8,5,626.6
20960006961000,19,11,8,767.6
20960006964000,3,2,1,0
20960006965000,18,11,7,813.6
20960006966000,20,10,10,736
20960006980000,511,236,275,21666.4
20960006981000,694,358,336,28315.2
20960006986000,19,10,9,720.1
20960006987000,8,5,3,400.8
20960006988000,12,5,7,393.6
20960006990000,71,35,36,2811.6
20960006991000,6,3,3,409.2
20960006992000,197,99,98,5988.8
20960006994000,10,5,5,595
20960006996000,1,1,0,0
20960006997000,9,6,3,290.7
20960007004000,7,3,4,385
20960007005000,34,21,13,1271.6
20970006461000,4,2,2,0
20970006463000,13,6,7,609.7
20970006464000,22,13,9,972.4
20970006465000,12,6,6,447.6
20970006466000,1,1,0,0
20970006467000,3,1,2,0
20970006468000,9,5,4,345.6
20970006469000,2,2,0,0
20970006474000,11,5,6,408.1
20970006475000,33,19,14,1240.8
20970006476000,159,77,82,5898.9
20970006480000,1,1,0,0
20970006484000,26,12,14,748.8
20970006485000,16,8,8,321.6
20970006490000,1,1,0,0
20970006491000,4,1,3,0
20970006493000,6,3,3,199.8
20970006494000,10,5,5,518
20970006497000,6,3,3,363
20970006498000,5,2,3,188
20970006499000,4,1,3,0
20970006506000,7,5,2,298.9
20970006509000,13,7,6,288.6
20970006514000,12,5,7,469.2
20970006567000,10,6,4,467
20970006588000,14,10,4,575.4
20970006594000,5,3,2,155
20970006597000,1,1,0,0
20970006614000,3,2,1,0
20970006630000,26,10,16,1310.4
20970006631000,22,13,9,728.2
20970006645000,6,3,3,330
20970006791000,36,21,15,1760.4
20970006792000,4,3,1,0
20970006795000,26,14,12,1261
20970006796000,30,17,13,1266
20970006797000,156,82,74,5616
20970006832000,11,6,5,581.9
20970006833000,21,10,11,871.5
20970006834000,56,30,26,2660
20970006835000,18,8,10,678.6
20970006840000,3,2,1,0
20970006925000,42,21,21,1423.8
20970006926000,74,34,40,3330
20970006927000,1,0,1,0
20970006930000,43,21,22,1689.9
20970006931000,10,5,5,524
20970006941000,3,2,1,0
20970006942000,1,1,0,0
20970006952000,25,12,13,912.5
20970006959000,15,7,8,574.5
20970006960000,59,30,29,2360
20970006961000,71,32,39,3514.5
20970006962000,46,25,21,1840
20970006963000,25,12,13,1105
20970006964000,9,3,6,325.8
20970006965000,23,10,13,568.1
20970006966000,82,47,35,3936
20970006967000,95,52,43,4294
20970006968000,9,6,3,344.7
20970006980000,393,200,193,17095.5
20970006981000,164,79,85,6150
20970006988000,28,12,16,907.2
20970006989000,146,70,76,5767
20970006990000,9,6,3,288
20970006992000,5,2,3,165
20970006993000,83,40,43,3386.4
20970006994000,27,16,11,1112.4
20970006995000,6,1,5,241.8
20970006997000,5,4,1,125
20970006998000,14,8,6,551.6
20970007000000,1,1,0,0
20970007002000,11,7,4,346.5
20970007005000,2,1,1,0
20970007006000,35,19,16,1494.5
20980006463000,21,10,11,987
20980006464000,30,14,16,948
20980006465000,4,2,2,0
20980006466000,2,1,1,0
20980006467000,14,6,8,614.6
20980006469000,4,1,3,0
20980006470000,1,1,0,0
20980006476000,52,26,26,2100.8
20980006477000,52,31,21,1695.2
20980006478000,8,2,6,236.8
20980006494000,13,6,7,456.3
20980006497000,2,1,1,0
20980006498000,15,9,6,739.5
20980006499000,3,2,1,0
20980006500000,7,4,3,385.7
20980006503000,2,1,1,0
20980006504000,4,2,2,0
20980006508000,2,1,1,0
20980006509000,3,2,1,0
20980006514000,7,3,4,354.2
20980006578000,3,3,0,0
20980006587000,2,2,0,0
20980006613000,1,1,0,0
20980006614000,10,3,7,198
20980006628000,5,3,2,291
20980006630000,43,24,19,1788.8
20980006631000,1,1,0,0
20980006644000,20,8,12,696
20980006645000,7,4,3,287
20980006659000,1,0,1,0
20980006791000,28,14,14,1201.2
20980006830000,3,2,1,0
20980006835000,187,86,101,10285
20980006836000,35,18,17,1319.5
20980006837000,19,9,10,672.6
20980006838000,6,3,3,286.2
20980006924000,12,4,8,729.6
20980006925000,14,5,9,798
20980006931000,176,77,99,6512
20980006932000,50,23,27,2320
20980006940000,3,2,1,0
20980006943000,4,2,2,0
20980006967000,76,38,38,3716.4
20980006968000,53,23,30,1759.6
20980006980000,718,341,377,31017.6
20980006981000,892,424,468,39158.8
20980006989000,71,37,34,3266
20980006993000,40,18,22,1792
20980006999000,19,10,9,1084.9
20980007000000,9,5,4,312.3
20980007001000,8,5,3,267.2
20980007002000,4,3,1,0
20980007005000,10,4,6,382
20980007006000,61,30,31,1799.5
20990006465000,15,10,5,574.5
20990006466000,37,18,19,1868.5
20990006467000,27,14,13,1463.4
20990006468000,4,2,2,0
20990006476000,34,17,17,1037
20990006477000,103,52,51,3934.6
20990006478000,110,57,53,3927
20990006479000,8,4,4,231.2
20990006480000,18,9,9,655.2
20990006500000,7,3,4,191.8
20990006501000,4,3,1,0
20990006504000,2,1,1,0
20990006505000,2,2,0,0
20990006507000,17,8,9,722.5
20990006508000,49,28,21,1759.1
20990006546000,5,1,4,179
20990006575000,1,1,0,0
20990006576000,1,1,0,0
20990006577000,3,1,2,0
20990006587000,4,2,2,0
20990006610000,2,1,1,0
20990006611000,8,5,3,376.8
20990006621000,2,1,1,0
20990006627000,3,2,1,0
20990006628000,7,5,2,361.9
20990006629000,33,18,15,1643.4
20990006630000,32,19,13,1216
20990006637000,14,8,6,779.8
20990006790000,17,9,8,693.6
20990006791000,35,21,14,1435
20990006811000,1,0,1,0
20990006831000,1,0,1,0
20990006832000,11,5,6,401.5
20990006835000,23,14,9,959.1
20990006836000,4,3,1,0
20990006929000,6,4,2,213
20990006931000,157,71,86,8462.3
20990006932000,19,8,11,799.9
20990006933000,12,8,4,423.6
20990006967000,2,1,1,0
20990006980000,1317,668,649,57026.1
20990006981000,999,496,503,39960
20990006989000,29,17,12,974.4
20990006993000,177,99,78,7062.3
20990006995000,4,2,2,0
20990007000000,16,6,10,652.8
20990007001000,28,14,14,904.4
20990007002000,18,11,7,502.2
20990007004000,39,21,18,1376.7
20990007005000,98,56,42,3978.8
20990007006000,3,1,2,0
21000006461000,13,6,7,773.5
21000006462000,52,26,26,2371.2
21000006463000,86,41,45,3603.4
21000006464000,65,30,35,2067
21000006465000,36,18,18,1828.8
21000006466000,1,0,1,0
21000006467000,14,7,7,712.6
21000006468000,6,3,3,220.8
21000006469000,20,13,7,596
21000006470000,2,1,1,0
21000006472000,2,1,1,0
21000006479000,32,16,16,960
21000006480000,61,30,31,2525.4
21000006481000,105,58,47,3706.5
21000006483000,19,13,6,554.8
21000006489000,1,1,0,0
21000006491000,9,6,3,217.8
21000006500000,1,1,0,0
21000006501000,7,4,3,203.7
21000006502000,7,4,3,279.3
21000006506000,9,4,5,374.4
21000006507000,22,10,12,611.6
21000006508000,5,2,3,99
21000006515000,5,3,2,154
21000006587000,1,1,0,0
21000006594000,2,1,1,0
21000006606000,1,0,1,0
21000006610000,3,2,1,0
21000006611000,11,5,6,368.5
21000006613000,7,4,3,312.9
21000006614000,9,5,4,434.7
21000006622000,2,1,1,0
21000006626000,22,8,14,1027.4
21000006627000,7,3,4,338.1
21000006637000,8,4,4,362.4
21000006640000,1,0,1,0
21000006790000,40,22,18,1804
21000006791000,14,8,6,568.4
21000006809000,2,1,1,0
21000006810000,1,1,0,0
21000006832000,1,1,0,0
21000006833000,5,2,3,358
21000006836000,6,3,3,340.8
21000006930000,28,15,13,1310.4
21000006931000,6,4,2,280.8
21000006932000,13,9,4,734.5
21000006933000,19,7,12,674.5
21000006966000,3,2,1,0
21000006967000,2,1,1,0
21000006980000,1147,574,573,47829.9
21000006981000,2284,1128,1156,96613.2
21000006986000,7,3,4,205.1
21000006987000,3,1,2,0
21000006988000,86,46,40,3749.6
21000006989000,25,12,13,897.5
21000006993000,371,181,190,14914.2
21000006994000,38,20,18,1645.4
21000007001000,2,1,1,0
21000007003000,9,6,3,234
21000007004000,13,6,7,313.3
21000007005000,140,79,61,5362
21000007006000,66,35,31,2613.6
21000007007000,34,17,17,1329.4
21000007008000,9,6,3,317.7
21010006462000,17,9,8,691.9
21010006463000,27,12,15,1320.3
21010006464000,66,32,34,2712.6
21010006465000,129,63,66,4953.6
21010006466000,93,48,45,3171.3
21010006467000,67,36,31,2860.9
21010006468000,5,2,3,133
21010006469000,4,0,4,0
21010006470000,15,8,7,504
21010006471000,8,4,4,380
21010006477000,1,1,0,0
21010006478000,1,0,1,0
21010006479000,6,5,1,244.2
21010006481000,11,6,5,627
21010006482000,8,4,4,448
21010006483000,115,61,54,3864
21010006484000,93,48,45,2883
21010006485000,13,6,7,449.8
21010006490000,2,1,1,0
21010006491000,4,2,2,0
21010006513000,7,5,2,312.2
21010006515000,2,2,0,0
21010006523000,12,6,6,405.6
21010006542000,1,1,0,0
21010006575000,11,7,4,324.5
21010006576000,1,1,0,0
21010006586000,7,4,3,181.3
21010006592000,3,1,2,0
21010006593000,3,2,1,0
21010006606000,2,1,1,0
21010006607000,1,0,1,0
21010006608000,4,2,2,0
21010006610000,28,14,14,1330
21010006611000,66,35,31,2587.2
21010006615000,5,3,2,88
21010006620000,6,4,2,225
21010006625000,5,2,3,265
21010006640000,15,7,8,415.5
21010006789000,16,9,7,904
21010006790000,55,34,21,2260.5
21010006812000,3,2,1,0
21010006835000,3,2,1,0
21010006836000,3,1,2,0
21010006930000,11,7,4,401.5
21010006931000,11,7,4,608.3
21010006932000,26,13,13,1157
21010006933000,33,18,15,1293.6
21010006966000,17,6,11,807.5
21010006980000,482,250,232,21208
21010006981000,2069,1041,1028,79863.4
21010006982000,606,301,305,16665
21010006987000,40,21,19,1596
21010006988000,6,4,2,322.2
21010006993000,498,225,273,22410
21010006994000,2,1,1,0
21010006995000,7,3,4,272.3
21010006996000,6,3,3,330
21010006997000,2,1,1,0
21010006998000,1,1,0,0
21010007003000,6,3,3,133.2
21010007004000,24,13,11,756
21010007005000,12,7,5,297.6
21010007007000,7,4,3,389.9
21020006463000,50,26,24,1670
21020006464000,32,16,16,1910.4
21020006465000,37,18,19,1783.4
21020006466000,7,4,3,412.3
21020006467000,185,98,87,6512
21020006468000,49,27,22,2195.2
21020006469000,20,6,14,842
21020006470000,21,15,6,686.7
21020006476000,13,7,6,423.8
21020006478000,9,5,4,389.7
21020006484000,17,7,10,642.6
21020006485000,43,23,20,1277.1
21020006486000,39,21,18,1146.6
21020006490000,1,1,0,0
21020006491000,2,1,1,0
21020006493000,19,9,10,689.7
21020006494000,6,3,3,283.2
21020006513000,9,5,4,287.1
21020006514000,5,3,2,139
21020006515000,7,3,4,216.3
21020006523000,10,5,5,343
21020006532000,7,3,4,328.3
21020006541000,11,5,6,402.6
21020006542000,14,6,8,684.6
21020006543000,11,5,6,368.5
21020006576000,23,14,9,839.5
21020006578000,5,3,2,119
21020006579000,2,2,0,0
21020006580000,3,2,1,0
21020006587000,6,4,2,324
21020006588000,8,2,6,292
21020006603000,1,0,1,0
21020006604000,2,1,1,0
21020006606000,6,2,4,405
21020006608000,23,13,10,1110.9
21020006609000,1,1,0,0
21020006610000,182,96,86,7043.4
21020006611000,91,42,49,3103.1
21020006614000,5,2,3,153
21020006615000,2,1,1,0
21020006616000,9,4,5,326.7
21020006617000,9,6,3,394.2
21020006619000,3,1,2,0
21020006620000,5,2,3,222
21020006622000,4,2,2,0
21020006623000,16,6,10,548.8
21020006624000,2,1,1,0
21020006625000,29,16,13,899
21020006640000,8,4,4,144.8
21020006789000,44,24,20,1619.2
21020006790000,140,70,70,5432
21020006836000,6,5,1,418.8
21020006930000,75,36,39,3037.5
21020006931000,15,8,7,742.5
21020006932000,1,1,0,0
21020006933000,40,19,21,1820
21020006964000,9,6,3,344.7
21020006965000,22,10,12,1064.8
21020006966000,40,24,16,1532
21020006971000,1,1,0,0
21020006980000,434,231,203,17403.4
21020006981000,1760,886,874,74272
21020006982000,489,244,245,16381.5
21020006987000,28,14,14,1153.6
21020006989000,14,7,7,498.4
21020006990000,2,1,1,0
21020006991000,13,7,6,483.6
21020006992000,43,20,23,1264.2
21020006993000,267,132,135,11614.5
21020006994000,1060,523,537,39220
21020006998000,11,8,3,360.8
21020007002000,12,7,5,481.2
21020007003000,18,12,6,716.4
21020007004000,3,1,2,0
21020007006000,36,19,17,1371.6
21020007007000,28,12,16,1094.8
21030006464000,3,2,1,0
21030006466000,52,28,24,2147.6
21030006467000,166,84,82,7038.4
21030006468000,42,20,22,1541.4
21030006469000,19,14,5,799.9
21030006470000,15,7,8,675
21030006471000,44,24,20,1984.4
21030006472000,59,31,28,2118.1
21030006475000,5,3,2,209
21030006482000,43,18,25,1496.4
21030006483000,8,2,6,202.4
21030006484000,140,68,72,5040
21030006485000,499,249,250,19760.4
21030006486000,52,29,23,1877.2
21030006490000,19,11,8,647.9
21030006491000,5,3,2,202
21030006502000,3,1,2,0
21030006515000,1,1,0,0
21030006522000,7,3,4,382.9
21030006523000,36,21,15,1551.6
21030006524000,3,2,1,0
21030006573000,8,3,5,296.8
21030006574000,5,2,3,131
21030006575000,8,5,3,376.8
21030006576000,1,1,0,0
21030006577000,9,6,3,262.8
21030006580000,1,1,0,0
21030006587000,10,4,6,432
21030006588000,12,5,7,523.2
21030006603000,5,3,2,152
21030006605000,12,7,5,500.4
21030006606000,5,4,1,156
21030006608000,28,16,12,1220.8
21030006609000,21,9,12,955.5
21030006610000,361,172,189,17075.3
21030006611000,5,2,3,314
21030006612000,5,2,3,108
21030006618000,3,2,1,0
21030006619000,8,5,3,415.2
21030006621000,3,2,1,0
21030006622000,9,6,3,351.9
21030006623000,16,9,7,689.6
21030006624000,75,40,35,2632.5
21030006625000,28,12,16,996.8
21030006640000,6,3,3,184.2
21030006675000,3,1,2,0
21030006789000,18,9,9,779.4
21030006790000,5,2,3,199
21030006806000,67,38,29,2988.2
21030006931000,3,2,1,0
21030006933000,9,3,6,361.8
21030006934000,34,21,13,1251.2
21030006964000,3,2,1,0
21030006965000,17,8,9,598.4
21030006966000,4,2,2,0
21030006967000,1,1,0,0
21030006980000,242,126,116,9849.4
21030006981000,2070,976,1094,96048
21030006982000,724,360,364,25340
21030006987000,12,4,8,540
21030006988000,32,14,18,1440
21030006989000,33,20,13,1402.5
21030006990000,14,6,8,526.4
21030006991000,57,29,28,2188.8
21030006993000,89,44,45,3551.1
21030006994000,80,41,39,1968
21030006998000,15,8,7,531
21030006999000,5,2,3,104
21030007002000,7,5,2,401.8
21030007003000,9,2,7,268.2
21030007004000,9,5,4,383.4
21030007005000,25,16,9,1012.5
21030007006000,92,51,41,3385.6
21030007007000,191,91,100,10027.5
21030007008000,43,22,21,1818.9
21030007009000,6,5,1,298.2
21040006466000,17,7,10,788.8
21040006468000,23,14,9,1035
21040006469000,6,2,4,277.2
21040006470000,11,7,4,539
21040006471000,11,5,6,381.7
21040006472000,8,4,4,262.4
21040006482000,48,21,27,1603.2
21040006483000,225,109,116,5467.5
21040006484000,629,325,304,20631.2
21040006485000,1177,589,588,48374.7
21040006486000,147,74,73,5409.6
21040006487000,21,9,12,743.4
21040006492000,2,1,1,0
21040006500000,1,1,0,0
21040006504000,13,6,7,461.5
21040006515000,9,5,4,261.9
21040006526000,1,1,0,0
21040006573000,18,10,8,718.2
21040006577000,5,3,2,150
21040006578000,19,11,8,623.2
21040006583000,8,6,2,335.2
21040006586000,12,7,5,360
21040006587000,5,1,4,147
21040006589000,4,1,3,0
21040006590000,5,3,2,204
21040006591000,4,2,2,0
21040006592000,3,2,1,0
21040006593000,13,6,7,504.4
21040006601000,8,4,4,352.8
21040006602000,109,55,54,4676.1
21040006604000,9,6,3,515.7
21040006605000,7,3,4,380.8
21040006606000,37,23,14,1602.1
21040006607000,31,14,17,1066.4
21040006609000,6,4,2,223.2
21040006610000,124,65,59,5220.4
21040006611000,13,8,5,631.8
21040006612000,13,7,6,526.5
21040006613000,4,4,0,0
21040006619000,4,2,2,0
21040006620000,1,0,1,0
21040006621000,5,3,2,103
21040006623000,12,6,6,405.6
21040006624000,320,136,184,15104
21040006625000,245,133,112,9800
21040006629000,6,3,3,232.2
21040006632000,8,6,2,336
21040006633000,3,1,2,0
21040006634000,1,1,0,0
21040006635000,6,2,4,244.2
21040006636000,4,2,2,0
21040006637000,4,3,1,0
21040006640000,11,5,6,405.9
21040006674000,2,1,1,0
21040006791000,8,5,3,390.4
21040006806000,25,15,10,855
21040006839000,8,5,3,396.8
21040006934000,108,54,54,3801.6
21040006935000,15,9,6,415.5
21040006964000,8,5,3,254.4
21040006965000,70,41,29,2793
21040006966000,7,3,4,342.3
21040006970000,3,2,1,0
21040006980000,51,30,21,2412.3
21040006981000,508,241,267,19913.6
21040006982000,726,355,371,26353.8
21040006986000,21,12,9,833.7
21040006987000,64,31,33,2220.8
21040006988000,21,10,11,913.5
21040006989000,31,17,14,1395
21040006990000,23,12,11,1248.9
21040006991000,52,23,29,1955.2
21040006992000,23,13,10,1025.8
21040006993000,51,26,25,2340.9
21040006998000,3,1,2,0
21040006999000,6,3,3,265.8
21040007000000,2,1,1,0
21040007001000,2,2,0,0
21040007002000,8,4,4,432.8
21040007003000,37,22,15,1206.2
21040007004000,31,12,19,1057.1
21040007005000,23,12,11,1246.6
21040007008000,11,7,4,474.1
21050006468000,9,6,3,368.1
21050006469000,80,42,38,2608
21050006470000,1,1,0,0
21050006471000,13,7,6,438.1
21050006472000,56,32,24,2212
21050006477000,5,3,2,138
21050006482000,2,1,1,0
21050006483000,1,1,0,0
21050006484000,2,2,0,0
21050006485000,2,1,1,0
21050006487000,24,12,12,746.4
21050006488000,12,7,5,442.8
21050006489000,2,1,1,0
21050006492000,5,3,2,111
21050006498000,4,3,1,0
21050006506000,5,2,3,223
21050006578000,13,5,8,653.9
21050006579000,102,49,53,3855.6
21050006580000,93,40,53,3664.2
21050006581000,169,75,94,7081.1
21050006582000,58,32,26,3103
21050006583000,5,3,2,134
21050006584000,3,2,1,0
21050006586000,10,4,6,293
21050006587000,13,6,7,435.5
21050006588000,6,2,4,255
21050006589000,5,2,3,256
21050006590000,9,5,4,378
21050006592000,16,6,10,604.8
21050006602000,12,5,7,637.2
21050006603000,2,1,1,0
21050006604000,2,1,1,0
21050006611000,2,1,1,0
21050006612000,34,17,17,1370.2
21050006620000,2,1,1,0
21050006623000,35,20,15,1543.5
21050006624000,50,24,26,1560
21050006625000,54,27,27,1917
21050006626000,5,2,3,348
21050006629000,12,7,5,598.8
21050006630000,2,1,1,0
21050006634000,1,1,0,0
21050006635000,11,6,5,634.7
21050006640000,12,9,3,267.6
21050006674000,1,1,0,0
21050006790000,3,2,1,0
21050006791000,6,4,2,213
21050006812000,37,19,18,1705.7
21050006934000,39,20,19,1669.2
21050006964000,8,5,3,304.8
21050006965000,66,33,33,3088.8
21050006970000,11,8,3,390.5
21050006972000,2,1,1,0
21050006973000,9,4,5,386.1
21050006979000,5,2,3,257
21050006981000,417,215,202,14469.9
21050006982000,11,6,5,518.1
21050006986000,39,22,17,1657.5
21050006987000,42,21,21,1722
21050006988000,263,136,127,9941.4
21050006989000,191,96,95,6322.1
21050006990000,37,22,15,1472.6
21050006991000,329,167,162,12765.2
21050006992000,46,24,22,1389.2
21050006993000,18,10,8,743.4
21050006999000,19,12,7,813.2
21050007000000,8,4,4,292
21050007001000,3,2,1,0
21050007002000,28,17,11,1066.8
21050007003000,5,3,2,92
21050007008000,27,14,13,1169.1
21060006468000,14,9,5,623
21060006469000,22,10,12,814
21060006470000,3,1,2,0
21060006472000,17,9,8,1023.4
21060006473000,15,7,8,541.5
21060006474000,4,2,2,0
21060006478000,4,2,2,0
21060006480000,25,12,13,812.5
21060006481000,3,2,1,0
21060006485000,4,2,2,0
21060006486000,32,14,18,1196.8
21060006487000,28,14,14,1024.8
21060006488000,13,8,5,564.2
21060006490000,5,3,2,270
21060006491000,36,20,16,1598.4
21060006493000,4,2,2,0
21060006499000,2,0,2,0
21060006506000,5,3,2,198
21060006507000,3,2,1,0
21060006508000,5,4,1,193
21060006515000,2,1,1,0
21060006519000,9,5,4,228.6
21060006538000,18,12,6,675
21060006572000,5,4,1,81
21060006575000,9,6,3,307.8
21060006579000,3,1,2,0
21060006580000,6,3,3,358.2
21060006581000,150,78,72,5910
21060006582000,7,5,2,249.2
21060006583000,10,6,4,439
21060006584000,17,8,9,603.5
21060006585000,15,8,7,592.5
21060006586000,38,22,16,1398.4
21060006587000,16,11,5,406.4
21060006588000,3,2,1,0
21060006590000,4,2,2,0
21060006591000,11,6,5,581.9
21060006592000,26,12,14,1242.8
21060006602000,13,8,5,611
21060006603000,3,2,1,0
21060006604000,2,1,1,0
21060006628000,11,6,5,420.2
21060006630000,14,6,8,586.6
21060006631000,8,5,3,404
21060006635000,1,1,0,0
21060006640000,16,11,5,616
21060006641000,16,6,10,572.8
21060006790000,3,2,1,0
21060006811000,72,35,37,3463.2
21060006812000,335,179,156,12395
21060006813000,26,16,10,923
21060006838000,5,3,2,191
21060006839000,65,37,28,2925
21060006840000,51,31,20,2080.8
21060006922000,65,34,31,3159
21060006923000,24,12,12,1240.8
21060006934000,17,11,6,669.8
21060006935000,23,14,9,770.5
21060006953000,11,6,5,482.9
21060006954000,6,2,4,283.2
21060006964000,32,19,13,1571.2
21060006965000,106,56,50,3625.2
21060006970000,6,4,2,394.2
21060006972000,20,9,11,1048
21060006973000,4,2,2,0
21060006978000,85,41,44,2890
21060006979000,20,13,7,874
21060006981000,744,388,356,23064
21060006982000,256,129,127,6348.8
21060006983000,7,3,4,209.3
21060006986000,5,2,3,232
21060006990000,15,8,7,426
21060006992000,10,5,5,319
21060006993000,13,6,7,465.4
21060006999000,3,3,0,0
21060007000000,7,4,3,366.1
21060007001000,4,3,1,0
21060007008000,56,31,25,2296
21060007009000,12,7,5,691.2
21070006468000,14,7,7,863.8
21070006469000,16,10,6,788.8
21070006472000,73,35,38,3642.7
21070006473000,6,3,3,256.2
21070006478000,31,16,15,871.1
21070006479000,27,16,11,807.3
21070006480000,9,3,6,452.7
21070006483000,8,3,5,300.8
21070006485000,11,5,6,282.7
21070006486000,13,6,7,457.6
21070006488000,6,4,2,162
21070006489000,1,0,1,0
21070006496000,1,0,1,0
21070006499000,17,7,10,632.4
21070006500000,1,1,0,0
21070006502000,12,5,7,362.4
21070006504000,2,2,0,0
21070006536000,6,3,3,370.8
21070006574000,8,4,4,354.4
21070006575000,2,1,1,0
21070006592000,9,5,4,543.6
21070006593000,4,2,2,0
21070006594000,4,3,1,0
21070006621000,3,1,2,0
21070006631000,2,0,2,0
21070006632000,3,3,0,0
21070006634000,3,2,1,0
21070006636000,4,2,2,0
21070006637000,13,7,6,529.1
21070006640000,37,21,16,1598.4
21070006641000,49,28,21,2116.8
21070006839000,12,6,6,837.6
21070006840000,78,41,37,3346.2
21070006841000,7,4,3,261.8
21070006842000,5,3,2,178
21070006844000,12,5,7,345.6
21070006919000,1,1,0,0
21070006920000,2,1,1,0
21070006953000,2,1,1,0
21070006954000,22,14,8,1091.2
21070006963000,16,10,6,662.4
21070006964000,5,3,2,271
21070006969000,12,6,6,486
21070006970000,66,35,31,2178
21070006978000,254,125,129,7442.2
21070006979000,25,14,11,932.5
21070006981000,57,31,26,2205.9
21070006982000,8,4,4,162.4
21070006984000,1,1,0,0
21070006990000,15,6,9,640.5
21070006992000,19,8,11,693.5
21070006993000,14,8,6,639.8
21070007007000,21,13,8,1031.1
21070007008000,27,16,11,1263.6
21070007009000,14,9,5,554.4
21080006469000,3,2,1,0
21080006474000,45,18,27,1764
21080006475000,53,27,26,2040.5
21080006476000,2,1,1,0
21080006478000,8,4,4,339.2
21080006479000,17,10,7,557.6
21080006485000,1,1,0,0
21080006487000,4,2,2,0
21080006488000,8,4,4,254.4
21080006489000,4,3,1,0
21080006490000,5,1,4,199
21080006494000,15,9,6,469.5
21080006495000,17,11,6,598.4
21080006500000,11,7,4,477.4
21080006501000,8,3,5,218.4
21080006510000,2,1,1,0
21080006522000,15,9,6,715.5
21080006536000,3,1,2,0
21080006537000,11,5,6,591.8
21080006591000,2,2,0,0
21080006592000,13,6,7,487.5
21080006593000,3,2,1,0
21080006594000,1,0,1,0
21080006596000,4,1,3,0
21080006634000,15,7,8,609
21080006635000,29,16,13,1299.2
21080006636000,31,16,15,1252.4
21080006637000,18,8,10,748.8
21080006638000,48,24,24,1771.2
21080006639000,59,33,26,2318.7
21080006640000,14,7,7,848.4
21080006659000,7,4,3,350.7
21080006671000,4,2,2,0
21080006729000,8,4,4,267.2
21080006791000,1,1,0,0
21080006810000,32,19,13,1718.4
21080006811000,386,205,181,15787.4
21080006845000,9,3,6,361.8
21080006934000,3,2,1,0
21080006935000,29,12,17,875.8
21080006954000,17,8,9,644.3
21080006955000,16,5,11,724.8
21080006961000,6,2,4,165
21080006962000,12,8,4,537.6
21080006970000,6,3,3,310.2
21080006971000,6,4,2,226.8
21080006978000,60,33,27,2028
21080006979000,34,21,13,1295.4
21080006981000,110,53,57,3960
21080006982000,58,31,27,1658.8
21080006990000,13,7,6,444.6
21080006999000,3,1,2,0
21080007000000,5,3,2,104
21080007003000,2,1,1,0
21080007007000,15,7,8,418.5
21080007008000,7,4,3,207.2
21090006469000,63,27,36,2564.1
21090006470000,50,30,20,2375
21090006471000,5,3,2,173
21090006472000,38,18,20,1041.2
21090006473000,16,7,9,617.6
21090006474000,182,89,93,5569.2
21090006475000,24,10,14,945.6
21090006477000,6,2,4,225
21090006478000,1,1,0,0
21090006481000,3,2,1,0
21090006483000,2,1,1,0
21090006485000,1,1,0,0
21090006486000,10,6,4,302
21090006490000,5,3,2,114
21090006495000,10,7,3,416
21090006496000,4,2,2,0
21090006499000,5,3,2,92
21090006503000,5,2,3,75
21090006518000,1,1,0,0
21090006522000,4,3,1,0
21090006536000,8,4,4,510.4
21090006537000,2,2,0,0
21090006553000,13,7,6,448.5
21090006554000,3,2,1,0
21090006594000,10,5,5,255
21090006595000,36,18,18,1868.4
21090006596000,1,0,1,0
21090006601000,6,3,3,217.2
21090006613000,3,2,1,0
21090006634000,4,2,2,0
21090006636000,9,5,4,416.7
21090006637000,254,117,137,9220.2
21090006638000,177,83,94,7469.4
21090006639000,9,6,3,189
21090006789000,3,1,2,0
21090006810000,52,27,25,2636.4
21090006811000,851,441,410,38124.8
21090006919000,2,2,0,0
21090006934000,9,4,5,370.8
21090006955000,59,29,30,2129.9
21090006970000,11,5,6,536.8
21090006974000,5,3,2,339
21090006975000,2,1,1,0
21090006978000,6,4,2,211.8
21090006981000,54,30,24,2057.4
21090006982000,8,4,4,390.4
21090006985000,5,4,1,258
21090006986000,10,6,4,396
21090007000000,21,12,9,766.5
21090007002000,5,3,2,101
21090007008000,9,4,5,378
21090007009000,128,63,65,4800
21100006470000,22,13,9,1111
21100006471000,85,38,47,3026
21100006472000,81,43,38,3142.8
21100006473000,14,7,7,707
21100006474000,1050,519,531,38850
21100006475000,907,477,430,31926.4
21100006476000,104,59,45,4212
21100006477000,39,25,14,1435.2
21100006483000,10,6,4,396
21100006487000,1,1,0,0
21100006498000,1,0,1,0
21100006499000,6,3,3,112.8
21100006503000,1,0,1,0
21100006518000,45,27,18,1840.5
21100006524000,2,1,1,0
21100006533000,11,5,6,492.8
21100006546000,4,2,2,0
21100006595000,28,14,14,1226.4
21100006596000,32,16,16,1577.6
21100006599000,7,5,2,275.1
21100006602000,6,2,4,157.2
21100006606000,11,6,5,391.6
21100006609000,4,2,2,0
21100006610000,4,2,2,0
21100006613000,10,5,5,288
21100006614000,12,6,6,519.6
21100006634000,3,1,2,0
21100006637000,53,22,31,2268.4
21100006638000,28,15,13,1456
21100006653000,6,1,5,127.2
21100006751000,2,1,1,0
21100006789000,13,7,6,639.6
21100006811000,100,50,50,4410
21100006839000,21,12,9,1005.9
21100006933000,8,3,5,338.4
21100006934000,7,4,3,408.8
21100006955000,209,108,101,8130.1
21100006956000,29,17,12,771.4
21100006959000,1,1,0,0
21100006970000,10,5,5,510
21100006974000,35,17,18,1550.5
21100006975000,14,7,7,590.8
21100006979000,4,1,3,0
21100006981000,71,42,29,2797.4
21100006982000,62,33,29,2858.2
21100006999000,1,0,1,0
21100007000000,17,12,5,550.8
21100007001000,45,19,26,1377
21100007004000,4,1,3,0
21100007005000,65,33,32,2132
21100007006000,20,13,7,764
21100007007000,39,20,19,1454.7
21100007008000,52,28,24,2662.4
21100007009000,106,56,50,3551
21110006470000,1,1,0,0
21110006471000,7,3,4,464.8
21110006472000,15,9,6,580.5
21110006473000,1,1,0,0
21110006474000,566,281,285,23319.2
21110006475000,1845,914,931,81918
21110006476000,960,462,498,39264
21110006477000,30,16,14,1173
21110006481000,1,0,1,0
21110006486000,20,11,9,778
21110006487000,14,10,4,567
21110006489000,2,2,0,0
21110006498000,28,11,17,781.2
21110006499000,14,8,6,485.8
21110006500000,2,1,1,0
21110006507000,1,0,1,0
21110006518000,3,2,1,0
21110006519000,7,4,3,287
21110006520000,8,4,4,210.4
21110006546000,8,4,4,400.8
21110006547000,4,2,2,0
21110006548000,5,3,2,223
21110006599000,18,8,10,795.6
21110006600000,21,12,9,930.3
21110006602000,34,19,15,1278.4
21110006603000,5,2,3,343
21110006604000,9,4,5,350.1
21110006609000,1,0,1,0
21110006610000,3,2,1,0
21110006613000,3,1,2,0
21110006614000,5,4,1,262
21110006637000,39,21,18,1677
21110006638000,3,2,1,0
21110006663000,7,3,4,328.3
21110006789000,2,1,1,0
21110006839000,13,6,7,838.5
21110006840000,35,19,16,1445.5
21110006841000,4,2,2,0
21110006955000,103,53,50,4738
21110006956000,184,91,93,8611.2
21110006957000,3,1,2,0
21110006974000,11,5,6,592.9
21110006978000,21,11,10,959.7
21110006979000,18,9,9,808.2
21110006981000,9,4,5,330.3
21110006982000,35,21,14,1298.5
21110006995000,7,2,5,231.7
21110006996000,7,5,2,175
21110006999000,6,2,4,147
21110007000000,3,2,1,0
21110007001000,25,17,8,1047.5
21110007002000,31,18,13,1016.8
21110007005000,29,17,12,1226.7
21110007006000,10,3,7,385
21110007007000,25,14,11,997.5
21110007008000,19,11,8,803.7
21110007009000,10,4,6,410
21120006475000,272,137,135,11288
21120006476000,664,337,327,24634.4
21120006477000,104,46,58,3494.4
21120006486000,2,1,1,0
21120006489000,2,1,1,0
21120006496000,3,2,1,0
21120006498000,2,1,1,0
21120006500000,2,2,0,0
21120006502000,8,6,2,315.2
21120006504000,6,3,3,160.8
21120006505000,61,32,29,2110.6
21120006506000,13,5,8,643.5
21120006513000,11,8,3,478.5
21120006519000,2,1,1,0
21120006520000,2,2,0,0
21120006527000,5,3,2,159
21120006547000,3,2,1,0
21120006548000,1,1,0,0
21120006559000,3,2,1,0
21120006568000,5,2,3,156
21120006600000,23,16,7,1359.3
21120006603000,4,3,1,0
21120006609000,6,4,2,274.2
21120006610000,30,14,16,1173
21120006612000,3,2,1,0
21120006625000,13,7,6,465.4
21120006635000,2,1,1,0
21120006636000,7,5,2,354.2
21120006637000,52,29,23,2199.6
21120006638000,6,3,3,211.8
21120006788000,13,6,7,660.4
21120006789000,18,12,6,939.6
21120006790000,19,11,8,752.4
21120006791000,6,3,3,201
21120006840000,7,5,2,378
21120006842000,2,1,1,0
21120006843000,1,1,0,0
21120006933000,4,2,2,0
21120006956000,13,7,6,678.6
21120006974000,321,146,175,13000.5
21120006977000,142,77,65,4416.2
21120006978000,19,10,9,1060.2
21120006979000,22,14,8,1034
21120006982000,35,17,18,1270.5
21120006995000,1,1,0,0
21120006996000,20,10,10,758
21120006997000,15,7,8,579
21120006999000,41,24,17,1627.7
21120007000000,5,3,2,256
21120007001000,4,2,2,0
21120007002000,15,9,6,607.5
21120007003000,38,19,19,1542.8
21120007004000,40,23,17,1392
21120007005000,19,12,7,803.7
21130006474000,1,1,0,0
21130006475000,9,4,5,456.3
21130006476000,233,122,111,7456
21130006477000,265,138,127,9195.5
21130006478000,49,22,27,1489.6
21130006481000,19,8,11,535.8
21130006486000,6,3,3,159
21130006493000,8,3,5,388.8
21130006494000,3,2,1,0
21130006499000,4,3,1,0
21130006505000,35,22,13,1127
21130006506000,100,49,51,4140
21130006507000,21,12,9,882
21130006513000,9,4,5,324
21130006518000,2,1,1,0
21130006519000,7,3,4,345.8
21130006522000,4,2,2,0
21130006526000,11,4,7,490.6
21130006543000,1,1,0,0
21130006545000,1,0,1,0
21130006560000,5,4,1,304
21130006567000,1,1,0,0
21130006568000,2,1,1,0
21130006599000,4,2,2,0
21130006604000,1,0,1,0
21130006605000,2,1,1,0
21130006607000,72,33,39,3391.2
21130006608000,44,21,23,1927.2
21130006609000,27,14,13,1163.7
21130006613000,1,1,0,0
21130006614000,23,11,12,807.3
21130006615000,6,4,2,264
21130006616000,1,0,1,0
21130006617000,12,7,5,513.6
21130006618000,2,1,1,0
21130006620000,6,4,2,360
21130006621000,15,10,5,367.5
21130006625000,8,4,4,259.2
21130006635000,6,2,4,208.2
21130006636000,5,3,2,164
21130006650000,4,2,2,0
21130006656000,2,0,2,0
21130006657000,1,1,0,0
21130006664000,3,1,2,0
21130006791000,4,3,1,0
21130006792000,4,1,3,0
21130006818000,26,13,13,1092
21130006820000,9,6,3,443.7
21130006821000,10,4,6,441
21130006843000,7,5,2,116.2
21130006844000,11,5,6,393.8
21130006946000,15,6,9,505.5
21130006947000,2,1,1,0
21130006955000,3,2,1,0
21130006956000,14,10,4,666.4
21130006962000,6,2,4,291
21130006965000,2,1,1,0
21130006966000,4,3,1,0
21130006973000,20,11,9,738
21130006974000,245,122,123,9089.5
21130006976000,106,62,44,4218.8
21130006977000,304,146,158,10275.2
21130006978000,140,71,69,5138
21130006982000,32,17,15,1292.8
21130006995000,14,7,7,541.8
21130006996000,88,47,41,3273.6
21130006997000,11,7,4,365.2
21130006999000,13,6,7,462.8
21130007003000,15,8,7,580.5
21130007004000,142,74,68,5594.8
21130007005000,6,4,2,223.8
21130007006000,4,2,2,0
21130007007000,4,3,1,0
21140006475000,19,9,10,712.5
21140006476000,33,18,15,1016.4
21140006477000,60,28,32,2058
21140006478000,324,160,164,8650.8
21140006479000,17,9,8,567.8
21140006480000,14,8,6,603.4
21140006489000,4,3,1,0
21140006492000,3,2,1,0
21140006495000,4,1,3,0
21140006526000,4,2,2,0
21140006527000,55,27,28,2013
21140006544000,18,9,9,730.8
21140006545000,13,7,6,630.5
21140006559000,5,2,3,205
21140006560000,23,14,9,1058
21140006561000,3,1,2,0
21140006566000,6,4,2,319.2
21140006598000,3,2,1,0
21140006599000,1,1,0,0
21140006604000,5,4,1,190
21140006608000,11,6,5,350.9
21140006609000,3,2,1,0
21140006613000,1,1,0,0
21140006615000,115,58,57,4876
21140006616000,12,6,6,723.6
21140006620000,2,1,1,0
21140006621000,6,4,2,121.8
21140006622000,8,4,4,207.2
21140006623000,25,15,10,825
21140006624000,13,7,6,443.3
21140006625000,13,8,5,751.4
21140006639000,1,1,0,0
21140006642000,4,2,2,0
21140006651000,2,1,1,0
21140006652000,2,1,1,0
21140006653000,1,1,0,0
21140006792000,37,18,19,1483.7
21140006811000,2,1,1,0
21140006817000,18,10,8,799.2
21140006818000,1665,808,857,75424.5
21140006819000,2,1,1,0
21140006839000,1,0,1,0
21140006844000,8,5,3,424.8
21140006897000,2,1,1,0
21140006934000,6,5,1,201
21140006955000,7,3,4,265.3
21140006956000,24,15,9,943.2
21140006961000,5,3,2,275
21140006962000,34,16,18,1173
21140006965000,5,3,2,351
21140006966000,20,10,10,710
21140006967000,12,8,4,657.6
21140006973000,77,37,40,3080
21140006974000,31,15,16,1013.7
21140006977000,2,2,0,0
21140006980000,14,7,7,561.4
21140006982000,23,12,11,894.7
21140006995000,34,17,17,1230.8
21140006996000,189,99,90,6407.1
21140006998000,9,5,4,380.7
21140006999000,4,3,1,0
21140007003000,45,23,22,2070
21140007004000,6,4,2,288
21140007005000,9,5,4,295.2
21140007006000,1,1,0,0
21140007007000,6,4,2,364.8
21140007008000,7,3,4,205.8
21150006476000,9,4,5,316.8
21150006477000,12,6,6,421.2
21150006478000,6,4,2,211.2
21150006479000,17,9,8,617.1
21150006480000,14,9,5,511
21150006485000,5,2,3,141
21150006491000,8,3,5,243.2
21150006493000,1,1,0,0
21150006495000,3,1,2,0
21150006496000,2,1,1,0
21150006497000,4,2,2,0
21150006502000,1,1,0,0
21150006511000,14,9,5,708.4
21150006517000,24,14,10,996
21150006523000,2,1,1,0
21150006525000,11,5,6,437.8
21150006526000,5,3,2,243
21150006527000,26,12,14,920.4
21150006528000,14,8,6,428.4
21150006542000,1,1,0,0
21150006543000,14,7,7,694.4
21150006544000,4,2,2,0
21150006558000,2,1,1,0
21150006559000,5,4,1,216
21150006598000,4,2,2,0
21150006599000,4,2,2,0
21150006606000,5,2,3,250
21150006607000,3,1,2,0
21150006615000,53,21,32,2597
21150006616000,4,3,1,0
21150006617000,2,1,1,0
21150006618000,3,2,1,0
21150006621000,4,2,2,0
21150006622000,19,10,9,602.3
21150006623000,37,17,20,1457.8
21150006624000,19,10,9,841.7
21150006625000,5,3,2,277
21150006629000,7,3,4,291.2
21150006635000,2,1,1,0
21150006636000,10,6,4,373
21150006644000,3,2,1,0
21150006647000,1,0,1,0
21150006648000,5,3,2,207
21150006650000,3,1,2,0
21150006657000,1,0,1,0
21150006792000,9,3,6,243.9
21150006793000,17,12,5,708.9
21150006794000,8,6,2,262.4
21150006818000,869,454,415,36932.5
21150006819000,29,17,12,1270.2
21150006846000,9,4,5,353.7
21150006897000,2,1,1,0
21150006933000,5,3,2,237
21150006936000,2,1,1,0
21150006949000,3,2,1,0
21150006955000,16,8,8,601.6
21150006956000,18,10,8,912.6
21150006961000,46,23,23,1485.8
21150006962000,39,22,17,1731.6
21150006963000,5,3,2,207
21150006965000,7,3,4,219.1
21150006966000,42,23,19,2020.2
21150006967000,44,20,24,1658.8
21150006973000,25,13,12,940
21150006974000,17,12,5,555.9
21150006982000,61,31,30,2385.1
21150006983000,5,2,3,114
21150006990000,3,1,2,0
21150006994000,3,1,2,0
21150006995000,2,1,1,0
21150006996000,16,9,7,720
21150006997000,25,14,11,1200
21150006998000,32,16,16,1321.6
21150006999000,25,9,16,880
21150007002000,17,4,13,598.4
21150007003000,96,46,50,3782.4
21150007005000,12,4,8,342
21150007007000,14,8,6,632.8
21150007008000,68,34,34,2522.8
21150007010000,5,2,3,121
21160006476000,8,4,4,551.2
21160006477000,4,2,2,0
21160006478000,43,26,17,1612.5
21160006479000,5,3,2,89
21160006483000,14,7,7,463.4
21160006484000,47,25,22,1767.2
21160006485000,45,23,22,1624.5
21160006487000,1,0,1,0
21160006492000,8,5,3,192
21160006494000,8,3,5,328
21160006497000,11,7,4,438.9
21160006498000,8,6,2,200.8
21160006502000,2,1,1,0
21160006505000,1,0,1,0
21160006515000,2,1,1,0
21160006516000,19,11,8,761.9
21160006521000,16,6,10,582.4
21160006522000,3,3,0,0
21160006523000,12,4,8,285.6
21160006525000,3,2,1,0
21160006526000,2,2,0,0
21160006527000,4,1,3,0
21160006528000,1,1,0,0
21160006541000,13,8,5,648.7
21160006542000,20,10,10,718
21160006543000,5,3,2,236
21160006544000,4,2,2,0
21160006598000,2,1,1,0
21160006605000,1,0,1,0
21160006614000,5,3,2,215
21160006620000,2,2,0,0
21160006623000,16,7,9,465.6
21160006624000,3,1,2,0
21160006628000,11,6,5,496.1
21160006629000,25,13,12,800
21160006631000,2,2,0,0
21160006632000,8,6,2,192
21160006633000,5,3,2,179
21160006635000,3,2,1,0
21160006642000,4,1,3,0
21160006647000,7,3,4,275.8
21160006792000,7,5,2,373.8
21160006793000,13,9,4,683.8
21160006794000,27,11,16,1377
21160006818000,122,77,45,5343.6
21160006819000,320,164,156,13920
21160006897000,3,2,1,0
21160006949000,26,17,9,1081.6
21160006950000,7,3,4,303.8
21160006951000,19,10,9,792.3
21160006952000,12,7,5,494.4
21160006953000,2,1,1,0
21160006961000,7,2,5,300.3
21160006962000,5,4,1,289
21160006966000,6,3,3,309
21160006967000,8,4,4,342.4
21160006968000,26,14,12,1294.8
21160006969000,34,16,18,1091.4
21160006970000,147,70,77,5777.1
21160006973000,21,10,11,619.5
21160006982000,12,8,4,360
21160006983000,38,24,14,1793.6
21160006994000,35,19,16,1169
21160006995000,11,6,5,502.7
21160006996000,21,15,6,798
21160006997000,32,18,14,1033.6
21160006998000,567,287,280,26989.2
21160006999000,469,227,242,16884
21160007000000,16,7,9,644.8
21160007001000,70,38,32,2898
21160007002000,33,17,16,1161.6
21160007004000,10,7,3,402
21160007005000,33,19,14,1494.9
21160007008000,198,107,91,7326
21160007009000,11,6,5,462
21160007011000,6,3,3,307.8
21160007012000,11,7,4,424.6
21160007013000,69,37,32,3201.6
21170006476000,35,16,19,1442
21170006477000,44,20,24,1808.4
21170006478000,31,13,18,1202.8
21170006482000,1,0,1,0
21170006483000,8,6,2,304
21170006484000,36,21,15,1429.2
21170006485000,92,44,48,3404
21170006486000,11,4,7,361.9
21170006490000,13,7,6,344.5
21170006491000,1,1,0,0
21170006492000,1,1,0,0
21170006501000,4,2,2,0
21170006503000,7,4,3,380.1
21170006504000,2,0,2,0
21170006505000,11,8,3,438.9
21170006507000,15,6,9,622.5
21170006514000,44,26,18,1909.6
21170006515000,3,2,1,0
21170006519000,8,4,4,344
21170006520000,1,1,0,0
21170006523000,10,5,5,332
21170006528000,1,1,0,0
21170006541000,7,4,3,301.7
21170006551000,1,1,0,0
21170006597000,4,1,3,0
21170006614000,9,3,6,437.4
21170006624000,3,1,2,0
21170006627000,3,1,2,0
21170006628000,2,1,1,0
21170006629000,1,1,0,0
21170006630000,14,9,5,512.4
21170006633000,5,2,3,307
21170006634000,3,2,1,0
21170006643000,8,2,6,272
21170006656000,2,1,1,0
21170006657000,2,1,1,0
21170006727000,1,0,1,0
21170006745000,1,0,1,0
21170006746000,5,3,2,294
21170006791000,18,12,6,801
21170006792000,11,6,5,497.2
21170006819000,122,64,58,4770.2
21170006820000,2,2,0,0
21170006950000,11,8,3,462
21170006951000,213,112,101,9031.2
21170006952000,73,41,32,2452.8
21170006953000,3,1,2,0
21170006958000,8,5,3,418.4
21170006959000,2,1,1,0
21170006960000,9,4,5,387
21170006961000,25,10,15,1175
21170006962000,9,6,3,339.3
21170006964000,8,4,4,299.2
21170006965000,12,8,4,615.6
21170006966000,31,17,14,1525.2
21170006970000,6,3,3,442.8
21170006979000,6,2,4,256.2
21170006980000,8,5,3,340.8
21170006981000,3,2,1,0
21170006983000,124,60,64,5406.4
21170006995000,6,3,3,231
21170006996000,11,6,5,539
21170006998000,59,27,32,3191.9
21170006999000,224,105,119,8131.2
21170007000000,26,13,13,988
21170007004000,41,19,22,1553.9
21170007005000,16,10,6,780.8
21170007008000,14,7,7,543.2
21170007009000,188,93,95,7557.6
21170007011000,47,24,23,2091.5
21170007013000,22,11,11,921.8
21180006476000,7,4,3,270.2
21180006477000,18,10,8,941.4
21180006478000,12,9,3,459.6
21180006479000,10,5,5,388
21180006481000,10,3,7,450
21180006482000,26,10,16,1157
21180006483000,13,7,6,529.1
21180006484000,11,7,4,511.5
21180006485000,32,16,16,1222.4
21180006486000,8,5,3,132
21180006490000,4,2,2,0
21180006492000,5,2,3,184
21180006499000,1,1,0,0
21180006500000,1,1,0,0
21180006502000,2,1,1,0
21180006504000,4,2,2,0
21180006505000,15,8,7,516
21180006506000,6,3,3,118.8
21180006514000,2,1,1,0
21180006519000,1,1,0,0
21180006520000,2,1,1,0
21180006523000,6,3,3,313.8
21180006525000,2,1,1,0
21180006527000,8,4,4,252
21180006537000,1,1,0,0
21180006539000,4,3,1,0
21180006551000,5,3,2,176
21180006596000,2,2,0,0
21180006597000,2,1,1,0
21180006598000,6,3,3,75
21180006599000,2,1,1,0
21180006614000,18,9,9,766.8
21180006615000,11,7,4,425.7
21180006626000,8,3,5,427.2
21180006627000,17,6,11,426.7
21180006643000,15,6,9,624
21180006646000,4,1,3,0
21180006653000,5,3,2,148
21180006726000,2,2,0,0
21180006727000,19,9,10,955.7
21180006744000,15,8,7,474
21180006745000,7,4,3,263.9
21180006791000,5,4,1,160
21180006820000,161,83,78,4813.9
21180006951000,1,1,0,0
21180006952000,25,13,12,977.5
21180006958000,41,23,18,1681
21180006959000,1,1,0,0
21180006960000,28,13,15,977.2
21180006961000,6,2,4,114
21180006963000,3,2,1,0
21180006964000,12,5,7,699.6
21180006965000,4,3,1,0
21180006970000,5,2,3,247
21180006971000,14,6,8,372.4
21180006973000,2,1,1,0
21180006980000,82,33,49,3427.6
21180006981000,48,29,19,1435.2
21180006983000,175,98,77,7507.5
21180006984000,111,64,47,4728.6
21180006995000,10,6,4,520
21180006996000,21,12,9,768.6
21180006997000,2,1,1,0
21180007003000,29,14,15,1296.3
21180007004000,2,1,1,0
21180007007000,12,8,4,630
21180007008000,39,21,18,1692.6
21180007009000,199,109,90,8159
21180007010000,13,9,4,366.6
21180007011000,8,2,6,287.2
21180007012000,4,1,3,0
21180007014000,41,19,22,1619.5
21190006476000,210,104,106,8442
21190006477000,392,204,188,13955.2
21190006478000,80,46,34,2624
21190006479000,26,14,12,1016.6
21190006480000,13,8,5,495.3
21190006481000,2,1,1,0
21190006482000,4,1,3,0
21190006483000,12,7,5,536.4
21190006484000,10,7,3,488
21190006490000,6,3,3,184.8
21190006498000,6,4,2,189
21190006501000,4,2,2,0
21190006503000,2,1,1,0
21190006505000,5,3,2,245
21190006506000,20,9,11,950
21190006507000,1,1,0,0
21190006538000,5,2,3,255
21190006540000,7,6,1,249.2
21190006598000,6,4,2,136.2
21190006614000,5,2,3,192
21190006615000,1,0,1,0
21190006616000,4,4,0,0
21190006626000,10,5,5,482
21190006629000,2,1,1,0
21190006645000,16,8,8,609.6
21190006652000,4,3,1,0
21190006726000,4,2,2,0
21190006744000,34,14,20,1417.8
21190006791000,6,2,4,276
21190006821000,2,1,1,0
21190006958000,15,5,10,541.5
21190006959000,54,30,24,1873.8
21190006960000,2,1,1,0
21190006971000,10,5,5,423
21190006974000,3,1,2,0
21190006980000,3,1,2,0
21190006981000,21,10,11,905.1
21190006982000,15,9,6,765
21190006983000,564,302,262,21714
21190006984000,30,16,14,1320
21190007001000,9,5,4,219.6
21190007002000,13,6,7,698.1
21190007003000,30,19,11,1431
21190007007000,30,15,15,1347
21190007008000,32,16,16,1513.6
21190007009000,57,30,27,1841.1
21190007014000,17,11,6,710.6
21200006476000,7,2,5,254.1
21200006477000,65,34,31,2301
21200006478000,8,2,6,458.4
21200006479000,3,2,1,0
21200006480000,12,6,6,307.2
21200006481000,6,3,3,282
21200006482000,59,29,30,2360
21200006483000,4,2,2,0
21200006484000,29,15,14,1026.6
21200006485000,10,5,5,402
21200006486000,15,8,7,553.5
21200006487000,4,2,2,0
21200006490000,25,15,10,920
21200006491000,14,6,8,547.4
21200006496000,2,1,1,0
21200006497000,11,4,7,427.9
21200006498000,9,5,4,381.6
21200006506000,6,4,2,301.2
21200006507000,8,5,3,464.8
21200006508000,5,3,2,201
21200006510000,14,9,5,427
21200006511000,5,2,3,118
21200006512000,2,1,1,0
21200006513000,7,4,3,226.8
21200006514000,3,2,1,0
21200006528000,6,3,3,273
21200006529000,16,9,7,664
21200006536000,3,2,1,0
21200006609000,3,2,1,0
21200006610000,11,7,4,367.4
21200006613000,1,1,0,0
21200006625000,4,1,3,0
21200006642000,7,5,2,296.8
21200006645000,2,1,1,0
21200006742000,3,2,1,0
21200006744000,3,2,1,0
21200006790000,1,0,1,0
21200006791000,5,2,3,189
21200006959000,10,3,7,321
21200006971000,22,14,8,800.8
21200006974000,7,3,4,230.3
21200006982000,10,6,4,407
21200006983000,128,66,62,3468.8
21200006985000,53,26,27,2035.2
21200006997000,38,19,19,1314.8
21200007000000,7,3,4,336
21200007001000,21,12,9,756
21200007002000,9,5,4,233.1
21200007003000,50,22,28,2170
21200007012000,5,3,2,181
21200007013000,23,11,12,936.1
21200007014000,22,11,11,998.8
21200007015000,14,7,7,471.8
21210006479000,5,1,4,153
21210006480000,129,72,57,4076.4
21210006481000,209,118,91,6311.8
21210006482000,24,14,10,828
21210006483000,13,7,6,356.2
21210006484000,847,421,426,21598.5
21210006485000,249,130,119,9611.4
21210006486000,117,62,55,3861
21210006487000,9,5,4,467.1
21210006488000,3,1,2,0
21210006489000,6,3,3,243
21210006490000,1,0,1,0
21210006491000,79,43,36,2520.1
21210006495000,7,5,2,406.7
21210006506000,36,22,14,806.4
21210006507000,27,14,13,1152.9
21210006508000,11,5,6,441.1
21210006509000,4,2,2,0
21210006510000,22,15,7,831.6
21210006511000,2,1,1,0
21210006515000,1,1,0,0
21210006527000,4,3,1,0
21210006529000,5,2,3,194
21210006530000,6,3,3,343.2
21210006531000,4,2,2,0
21210006553000,4,1,3,0
21210006575000,5,2,3,156
21210006594000,17,10,7,622.2
21210006595000,1,1,0,0
21210006609000,11,5,6,511.5
21210006611000,2,2,0,0
21210006612000,3,2,1,0
21210006613000,9,7,2,433.8
21210006615000,3,2,1,0
21210006626000,2,2,0,0
21210006627000,4,3,1,0
21210006631000,3,2,1,0
21210006636000,1,1,0,0
21210006642000,2,1,1,0
21210006644000,2,1,1,0
21210006728000,2,1,1,0
21210006740000,2,1,1,0
21210006791000,2,1,1,0
21210006959000,2,1,1,0
21210006971000,3,1,2,0
21210006974000,9,6,3,277.2
21210006982000,14,8,6,634.2
21210006983000,23,7,16,1012
21210006985000,30,17,13,1461
21210006997000,63,35,28,2564.1
21210006998000,1,0,1,0
21210007001000,32,14,18,1142.4
21210007002000,14,8,6,726.6
21210007003000,2,1,1,0
21210007008000,5,3,2,57
21210007009000,17,9,8,773.5
21210007010000,8,3,5,300.8
21210007012000,4,2,2,0
21210007013000,117,59,58,4656.6
21210007014000,197,102,95,8924.1
21210007015000,109,60,49,4403.6
21220006481000,41,19,22,1184.9
21220006482000,135,68,67,5400
21220006483000,46,24,22,1867.6
21220006484000,677,347,330,23762.7
21220006485000,785,395,390,27710.5
21220006486000,78,37,41,2737.8
21220006488000,4,2,2,0
21220006490000,14,9,5,784
21220006494000,3,1,2,0
21220006498000,1,0,1,0
21220006531000,36,22,14,1306.8
21220006532000,10,4,6,442
21220006575000,2,1,1,0
21220006576000,8,4,4,282.4
21220006577000,3,2,1,0
21220006594000,3,3,0,0
21220006609000,8,6,2,208
21220006611000,1,1,0,0
21220006625000,1,1,0,0
21220006729000,14,8,6,555.8
21220006787000,3,1,2,0
21220006792000,3,2,1,0
21220006896000,1,1,0,0
21220006959000,10,7,3,428
21220006969000,2,2,0,0
21220006971000,8,4,4,248.8
21220006972000,6,4,2,345
21220006975000,2,1,1,0
21220006982000,24,14,10,878.4
21220006983000,12,7,5,429.6
21220006985000,18,10,8,820.8
21220006990000,10,6,4,386
21220006991000,23,12,11,869.4
21220006997000,14,6,8,467.6
21220006998000,4,1,3,0
21220007001000,33,17,16,1376.1
21220007002000,25,11,14,877.5
21220007008000,30,13,17,1347
21220007009000,23,12,11,1051.1
21220007010000,2,2,0,0
21220007011000,1,1,0,0
21220007012000,15,8,7,661.5
21220007013000,15,8,7,649.5
21220007014000,21,16,5,730.8
21220007015000,59,31,28,2778.9
21220007016000,8,6,2,291.2
21230006481000,133,71,62,5280.1
21230006482000,1414,716,698,52600.8
21230006483000,542,278,264,19349.4
21230006484000,236,121,115,8779.2
21230006485000,657,325,332,23914.8
21230006486000,209,111,98,6876.1
21230006495000,9,2,7,219.6
21230006502000,5,2,3,117
21230006504000,7,4,3,357.7
21230006507000,17,10,7,550.8
21230006508000,6,3,3,255
21230006510000,4,3,1,0
21230006511000,11,5,6,408.1
21230006517000,1,1,0,0
21230006528000,15,7,8,418.5
21230006529000,3,2,1,0
21230006531000,285,134,151,11058
21230006532000,268,128,140,11658
21230006533000,26,14,12,915.2
21230006535000,3,2,1,0
21230006537000,4,3,1,0
21230006575000,2,1,1,0
21230006576000,8,4,4,268.8
21230006577000,2,1,1,0
21230006580000,4,1,3,0
21230006593000,8,3,5,247.2
21230006595000,6,3,3,268.8
21230006607000,3,2,1,0
21230006608000,7,3,4,259.7
21230006609000,6,4,2,337.2
21230006612000,4,2,2,0
21230006729000,14,8,6,656.6
21230006740000,18,9,9,763.2
21230006741000,2,1,1,0
21230006792000,5,3,2,179
21230006953000,8,5,3,539.2
21230006956000,35,11,24,1585.5
21230006957000,249,129,120,10258.8
21230006958000,20,10,10,1004
21230006959000,8,5,3,448
21230006972000,8,3,5,172
21230006973000,2,1,1,0
21230006975000,8,4,4,276
21230006982000,50,30,20,2215
21230006983000,18,11,7,466.2
21230006984000,9,5,4,416.7
21230006990000,4,2,2,0
21230006991000,27,14,13,1139.4
21230006998000,26,12,14,920.4
21230006999000,1,1,0,0
21230007001000,3,2,1,0
21230007002000,70,32,38,2520
21230007008000,42,21,21,1583.4
21230007009000,5,4,1,239
21230007010000,10,7,3,451
21230007011000,59,32,27,1899.8
21230007012000,15,7,8,553.5
21240006482000,138,72,66,6417
21240006483000,1078,559,519,44198
21240006484000,1528,738,790,62953.6
21240006485000,685,335,350,27331.5
21240006486000,81,48,33,2859.3
21240006495000,11,7,4,443.3
21240006503000,7,4,3,457.8
21240006504000,2,1,1,0
21240006507000,3,1,2,0
21240006508000,23,12,11,1002.8
21240006509000,17,9,8,521.9
21240006510000,15,8,7,693
21240006511000,2,1,1,0
21240006512000,3,1,2,0
21240006516000,30,19,11,1005
21240006517000,4,3,1,0
21240006530000,10,5,5,405
21240006531000,3,2,1,0
21240006532000,56,28,28,2094.4
21240006533000,41,23,18,1447.3
21240006535000,3,1,2,0
21240006550000,1,1,0,0
21240006551000,1,0,1,0
21240006553000,11,5,6,416.9
21240006555000,2,1,1,0
21240006593000,5,2,3,227
21240006595000,3,1,2,0
21240006607000,1,0,1,0
21240006608000,3,1,2,0
21240006609000,8,4,4,386.4
21240006611000,2,1,1,0
21240006612000,6,3,3,255
21240006637000,1,1,0,0
21240006729000,32,17,15,1731.2
21240006730000,19,7,12,794.2
21240006740000,33,16,17,1567.5
21240006741000,6,4,2,184.8
21240006785000,2,1,1,0
21240006883000,6,2,4,247.8
21240006952000,2,1,1,0
21240006953000,12,3,9,506.4
21240006954000,119,61,58,4652.9
21240006955000,142,75,67,5694.2
21240006956000,7,5,2,286.3
21240006957000,319,164,155,11962.5
21240006958000,895,440,455,41438.5
21240006959000,4,1,3,0
21240006960000,12,6,6,526.8
21240006973000,8,3,5,374.4
21240006982000,60,33,27,2364
21240006984000,219,113,106,9395.1
21240006991000,5,3,2,271
21240006992000,7,4,3,287
21240006998000,8,5,3,394.4
21240006999000,15,9,6,598.5
21240007002000,31,15,16,1453.9
21240007006000,6,4,2,211.8
21240007007000,54,25,29,2181.6
21240007008000,81,40,41,3369.6
21240007009000,20,13,7,1188
21240007010000,8,4,4,382.4
21240007012000,10,5,5,373
21240007016000,9,8,1,384.3
21250006483000,269,128,141,15682.7
21250006484000,1366,688,678,58055
21250006485000,971,490,481,37286.4
21250006486000,425,210,215,16787.5
21250006487000,81,40,41,3240
21250006490000,28,16,12,893.2
21250006491000,8,4,4,290.4
21250006492000,7,3,4,188.3
21250006493000,4,3,1,0
21250006494000,7,6,1,354.9
21250006495000,69,38,31,2580.6
21250006496000,22,11,11,693
21250006497000,1,1,0,0
21250006502000,4,2,2,0
21250006511000,6,3,3,415.2
21250006512000,1,1,0,0
21250006516000,17,11,6,873.8
21250006528000,3,2,1,0
21250006531000,41,21,20,1607.2
21250006532000,1,1,0,0
21250006533000,2,1,1,0
21250006534000,18,8,10,824.4
21250006535000,2,1,1,0
21250006537000,5,2,3,222
21250006554000,3,2,1,0
21250006564000,3,2,1,0
21250006572000,3,0,3,0
21250006575000,5,3,2,289
21250006576000,4,2,2,0
21250006577000,4,3,1,0
21250006592000,2,1,1,0
21250006595000,9,4,5,498.6
21250006603000,2,1,1,0
21250006607000,3,1,2,0
21250006612000,12,5,7,463.2
21250006623000,4,2,2,0
21250006626000,1,1,0,0
21250006630000,24,16,8,799.2
21250006631000,6,4,2,165
21250006632000,6,6,0,277.8
21250006649000,6,3,3,399
21250006729000,144,74,70,6264
21250006730000,26,16,10,1300
21250006740000,133,64,69,5625.9
21250006741000,6,4,2,417
21250006794000,7,5,2,209.3
21250006795000,3,2,1,0
21250006883000,4,2,2,0
21250006884000,10,6,4,414
21250006954000,22,12,10,1025.2
21250006955000,5,3,2,302
21250006956000,75,35,40,3465
21250006957000,597,310,287,24536.7
21250006958000,111,56,55,4606.5
21250006960000,28,14,14,1083.6
21250006982000,24,11,13,945.6
21250006984000,237,111,126,10593.9
21250006991000,1,1,0,0
21250006992000,12,5,7,566.4
21250006993000,18,11,7,585
21250006999000,35,20,15,1519
21250007000000,14,7,7,579.6
21250007002000,2,1,1,0
21250007003000,42,21,21,1856.4
21250007006000,17,10,7,518.5
21250007007000,14,11,3,513.8
21250007008000,148,68,80,5490.8
21250007009000,13,7,6,455
21250007010000,12,6,6,487.2
21250007012000,38,21,17,1204.6
21250007013000,29,10,19,893.2
21250007016000,10,7,3,363
21250007018000,10,4,6,439
21260006483000,14,7,7,690.2
21260006484000,54,27,27,2230.2
21260006485000,48,24,24,1617.6
21260006486000,75,42,33,3097.5
21260006487000,190,93,97,6954
21260006488000,7,3,4,219.8
21260006491000,69,30,39,2622
21260006492000,34,14,20,1370.2
21260006493000,29,15,14,875.8
21260006494000,21,12,9,903
21260006495000,40,20,20,1576
21260006496000,8,6,2,324
21260006500000,9,4,5,344.7
21260006501000,25,12,13,897.5
21260006502000,170,88,82,6392
21260006503000,10,4,6,659
21260006509000,6,3,3,195
21260006516000,11,6,5,356.4
21260006530000,10,4,6,434
21260006531000,30,16,14,1104
21260006532000,19,12,7,856.9
21260006536000,11,7,4,511.5
21260006537000,10,5,5,577
21260006551000,31,13,18,1429.1
21260006552000,17,8,9,635.8
21260006570000,2,1,1,0
21260006571000,17,8,9,525.3
21260006572000,6,3,3,351
21260006573000,29,13,16,1197.7
21260006575000,4,2,2,0
21260006576000,23,15,8,839.5
21260006593000,5,2,3,258
21260006594000,1,1,0,0
21260006606000,2,1,1,0
21260006607000,1,1,0,0
21260006611000,3,1,2,0
21260006612000,30,15,15,1212
21260006613000,19,5,14,826.5
21260006623000,5,3,2,315
21260006624000,32,13,19,1350.4
21260006630000,33,19,14,1395.9
21260006631000,7,4,3,319.9
21260006632000,6,3,3,217.2
21260006723000,4,2,2,0
21260006729000,231,112,119,9655.8
21260006730000,33,19,14,1534.5
21260006740000,100,54,46,4600
21260006884000,13,6,7,578.5
21260006954000,41,25,16,2082.8
21260006955000,83,46,37,3403
21260006956000,27,14,13,1185.3
21260006958000,5,3,2,247
21260006960000,9,5,4,542.7
21260006972000,13,6,7,826.8
21260006973000,20,11,9,1086
21260006983000,2,2,0,0
21260006984000,70,35,35,2919
21260006992000,10,5,5,560
21260006993000,20,10,10,800
21260006994000,31,13,18,1224.5
21260007000000,15,6,9,780
21260007001000,11,4,7,333.3
21260007003000,42,23,19,1894.2
21260007004000,11,7,4,528
21260007006000,15,11,4,621
21260007007000,32,18,14,1033.6
21260007009000,5,2,3,118
21260007010000,19,8,11,932.9
21260007012000,23,12,11,897
21260007013000,3,2,1,0
21260007014000,68,37,31,2754
21260007015000,63,28,35,2702.7
21260007016000,51,28,23,1841.1
21260007018000,117,55,62,4410.9
21260007019000,14,8,6,775.6
21270006484000,95,50,45,3657.5
21270006485000,63,33,30,2595.6
21270006486000,73,36,37,3233.9
21270006487000,674,345,329,22713.8
21270006488000,61,29,32,2196
21270006489000,17,12,5,583.1
21270006490000,21,12,9,919.8
21270006491000,43,22,21,1763
21270006492000,95,52,43,3059
21270006493000,51,23,28,1953.3
21270006494000,1,1,0,0
21270006495000,29,14,15,1302.1
21270006496000,53,28,25,1886.8
21270006497000,26,11,15,1253.2
21270006498000,33,15,18,1293.6
21270006500000,41,24,17,1279.2
21270006501000,4,2,2,0
21270006502000,91,49,42,3266.9
21270006503000,6,3,3,199.2
21270006504000,24,11,13,820.8
21270006505000,19,12,7,562.4
21270006509000,1,1,0,0
21270006510000,2,1,1,0
21270006514000,18,8,10,592.2
21270006515000,7,5,2,275.8
21270006516000,7,4,3,167.3
21270006518000,9,6,3,225.9
21270006525000,8,5,3,380
21270006531000,1,1,0,0
21270006532000,1,1,0,0
21270006533000,4,2,2,0
21270006536000,1,1,0,0
21270006537000,2,1,1,0
21270006538000,2,1,1,0
21270006550000,2,1,1,0
21270006551000,3,1,2,0
21270006552000,13,7,6,552.5
21270006553000,20,13,7,1072
21270006554000,18,11,7,838.8
21270006555000,18,5,13,808.2
21270006561000,80,40,40,3808
21270006562000,7,4,3,270.9
21270006568000,10,6,4,498
21270006577000,1,0,1,0
21270006593000,6,3,3,300
21270006594000,28,15,13,907.2
21270006603000,11,6,5,526.9
21270006604000,1,1,0,0
21270006605000,9,5,4,520.2
21270006606000,6,3,3,379.8
21270006608000,5,3,2,258
21270006609000,10,5,5,491
21270006610000,1,0,1,0
21270006611000,76,42,34,3351.6
21270006612000,18,8,10,676.8
21270006613000,10,5,5,564
21270006628000,4,3,1,0
21270006629000,15,8,7,691.5
21270006630000,7,5,2,489.3
21270006651000,1,0,1,0
21270006722000,6,3,3,270
21270006723000,3,2,1,0
21270006726000,1,0,1,0
21270006728000,10,6,4,464
21270006729000,203,90,113,10637.2
21270006730000,141,68,73,7064.1
21270006731000,32,17,15,1257.6
21270006739000,6,1,5,157.8
21270006740000,47,24,23,2133.8
21270006882000,3,1,2,0
21270006884000,3,2,1,0
21270006950000,3,3,0,0
21270006951000,5,2,3,175
21270006952000,16,9,7,742.4
21270006953000,15,9,6,678
21270006959000,3,2,1,0
21270006960000,40,24,16,1200
21270006971000,2,1,1,0
21270006972000,41,21,20,1422.7
21270006973000,23,11,12,1055.7
21270006974000,3,3,0,0
21270006976000,3,2,1,0
21270006983000,3,2,1,0
21270006984000,1,1,0,0
21270006985000,18,10,8,572.4
21270006993000,48,21,27,1766.4
21270006994000,48,24,24,1886.4
21270006995000,98,53,45,3557.4
21270006996000,24,15,9,1000.8
21270007001000,26,13,13,1107.6
21270007004000,29,14,15,1154.2
21270007006000,20,8,12,964
21270007012000,41,20,21,1635.9
21270007013000,136,65,71,5576
21270007015000,34,15,19,1346.4
21270007018000,127,61,66,4851.4
21270007019000,81,43,38,3005.1
21280006483000,6,4,2,400.8
21280006484000,20,9,11,930
21280006485000,65,30,35,2457
21280006486000,40,25,15,1352
21280006487000,635,317,318,21145.5
21280006488000,47,25,22,1706.1
21280006489000,69,34,35,2428.8
21280006490000,82,42,40,3214.4
21280006491000,142,76,66,4970
21280006492000,467,226,241,16578.5
21280006493000,47,29,18,1767.2
21280006494000,69,38,31,2939.4
21280006495000,83,45,38,3237
21280006496000,124,55,69,3844
21280006497000,40,24,16,1400
21280006498000,90,46,44,3303
21280006499000,56,32,24,2156
21280006500000,68,33,35,2618
21280006501000,282,142,140,7275.6
21280006502000,491,249,242,16301.2
21280006503000,47,27,20,1574.5
21280006504000,6,3,3,174
21280006505000,12,6,6,285.6
21280006506000,21,12,9,793.8
21280006507000,2,1,1,0
21280006508000,76,38,38,2644.8
21280006509000,6,5,1,150
21280006513000,18,9,9,574.2
21280006514000,26,12,14,650
21280006515000,6,4,2,219
21280006516000,1,1,0,0
21280006524000,9,4,5,207.9
21280006525000,8,5,3,626.4
21280006539000,1,1,0,0
21280006540000,1,0,1,0
21280006555000,7,3,4,305.2
21280006559000,70,39,31,2877
21280006560000,117,56,61,4399.2
21280006561000,256,132,124,9216
21280006562000,6,2,4,237
21280006563000,4,1,3,0
21280006564000,10,6,4,459
21280006570000,1,1,0,0
21280006571000,3,0,3,0
21280006573000,1,1,0,0
21280006576000,86,42,44,3904.4
21280006578000,2,2,0,0
21280006593000,3,2,1,0
21280006594000,58,28,30,2905.8
21280006601000,20,12,8,942
21280006602000,21,10,11,955.5
21280006603000,16,10,6,852.8
21280006604000,4,2,2,0
21280006605000,38,21,17,1527.6
21280006606000,10,6,4,371
21280006607000,15,7,8,384
21280006608000,4,3,1,0
21280006609000,7,4,3,375.9
21280006610000,24,10,14,1036.8
21280006611000,8,3,5,302.4
21280006621000,1,1,0,0
21280006622000,5,4,1,300
21280006627000,9,3,6,259.2
21280006628000,32,14,18,1564.8
21280006629000,27,12,15,1012.5
21280006726000,3,1,2,0
21280006727000,4,3,1,0
21280006728000,44,24,20,1606
21280006729000,506,248,258,18823.2
21280006730000,425,220,205,17425
21280006731000,149,77,72,6153.7
21280006739000,29,16,13,1458.7
21280006740000,23,12,11,926.9
21280006883000,1,1,0,0
21280006884000,15,8,7,807
21280006889000,1,1,0,0
21280006890000,2,1,1,0
21280006947000,6,2,4,256.2
21280006951000,8,5,3,252
21280006952000,14,8,6,690.2
21280006959000,108,56,52,4212
21280006960000,16,11,5,604.8
21280006970000,14,8,6,446.6
21280006971000,21,11,10,798
21280006974000,2,1,1,0
21280006976000,1,0,1,0
21280006982000,4,2,2,0
21280006983000,14,6,8,656.6
21280006985000,49,27,22,2038.4
21280006994000,242,111,131,11591.8
21280006995000,127,65,62,5461
21280006996000,21,10,11,1239
21280007001000,3,1,2,0
21280007002000,18,8,10,856.8
21280007004000,33,15,18,1874.4
21280007011000,48,27,21,1987.2
21280007012000,129,69,60,4889.1
21280007013000,153,83,70,5324.4
21280007014000,61,35,26,2305.8
21280007015000,26,15,11,1138.8
21280007016000,15,6,9,700.5
21280007017000,4,2,2,0
21280007019000,75,36,39,2647.5
21290006486000,56,31,25,2139.2
21290006487000,892,444,448,31666
21290006488000,166,78,88,6357.8
21290006489000,54,29,25,2705.4
21290006490000,91,47,44,3594.5
21290006491000,58,31,27,2412.8
21290006492000,82,43,39,2960.2
21290006493000,43,22,21,1294.3
21290006494000,6,3,3,210
21290006495000,22,10,12,748
21290006497000,21,11,10,646.8
21290006498000,23,13,10,993.6
21290006500000,15,8,7,799.5
21290006501000,32,17,15,1376
21290006502000,693,321,372,32363.1
21290006503000,206,100,106,8343
21290006504000,40,19,21,1880
21290006505000,9,4,5,313.2
21290006506000,34,17,17,1261.4
21290006507000,31,15,16,995.1
21290006508000,32,18,14,1008
21290006510000,1,0,1,0
21290006512000,21,11,10,804.3
21290006513000,50,25,25,1820
21290006524000,2,1,1,0
21290006525000,11,5,6,660
21290006539000,3,2,1,0
21290006540000,6,3,3,240
21290006545000,15,9,6,496.5
21290006547000,22,12,10,739.2
21290006555000,1,1,0,0
21290006558000,21,10,11,987
21290006559000,70,34,36,3150
21290006560000,4,2,2,0
21290006561000,26,13,13,985.4
21290006571000,4,2,2,0
21290006574000,16,9,7,875.2
21290006575000,6,2,4,216
21290006576000,18,8,10,914.4
21290006577000,19,7,12,1172.3
21290006578000,7,5,2,315.7
21290006579000,20,10,10,908
21290006580000,18,9,9,763.2
21290006582000,5,2,3,115
21290006592000,4,3,1,0
21290006593000,12,6,6,418.8
21290006594000,110,59,51,5313
21290006601000,1,1,0,0
21290006602000,14,6,8,446.6
21290006603000,114,62,52,4856.4
21290006604000,122,61,61,5697.4
21290006605000,17,10,7,668.1
21290006607000,18,9,9,644.4
21290006609000,5,2,3,180
21290006610000,3,1,2,0
21290006613000,1,0,1,0
21290006621000,4,2,2,0
21290006622000,7,4,3,380.8
21290006627000,18,12,6,635.4
21290006724000,6,2,4,265.8
21290006725000,7,5,2,254.1
21290006729000,26,15,11,1047.8
21290006730000,405,196,209,16848
21290006731000,186,94,92,7198.2
21290006732000,11,5,6,508.2
21290006739000,35,18,17,1634.5
21290006883000,1,1,0,0
21290006884000,13,5,8,452.4
21290006946000,4,3,1,0
21290006947000,5,2,3,246
21290006958000,8,4,4,460
21290006959000,371,169,202,15730.4
21290006974000,6,2,4,304.8
21290006976000,3,2,1,0
21290006977000,9,5,4,285.3
21290006983000,11,5,6,478.5
21290006984000,1,1,0,0
21290006985000,56,32,24,2256.8
21290006995000,51,23,28,1953.3
21290006996000,36,17,19,1036.8
21290006997000,17,8,9,921.4
21290007002000,18,8,10,736.2
21290007004000,17,6,11,841.5
21290007005000,27,14,13,1206.9
21290007008000,1,1,0,0
21290007009000,26,13,13,1391
21290007010000,12,7,5,590.4
21290007011000,42,19,23,1982.4
21290007012000,30,17,13,1176
21290007013000,62,30,32,1822.8
21290007014000,195,98,97,7800
21290007015000,307,154,153,13968.5
21290007016000,119,38,81,6997.2
21290007017000,62,33,29,2473.8
21290007018000,43,20,23,1707.1
21290007019000,40,19,21,1272
21300006487000,532,259,273,21546
21300006488000,1057,509,548,43865.5
21300006489000,100,53,47,3740
21300006490000,4,2,2,0
21300006491000,79,40,39,3294.3
21300006492000,168,82,86,6115.2
21300006493000,32,16,16,1456
21300006495000,3,1,2,0
21300006496000,24,13,11,909.6
21300006497000,41,19,22,1615.4
21300006498000,25,14,11,620
21300006499000,3,2,1,0
21300006500000,43,26,17,2137.1
21300006501000,219,105,114,7730.7
21300006502000,925,476,449,28397.5
21300006503000,157,85,72,6484.1
21300006504000,73,34,39,2715.6
21300006505000,43,18,25,1595.3
21300006506000,53,28,25,1839.1
21300006507000,1,0,1,0
21300006508000,9,4,5,273.6
21300006510000,44,25,19,1764.4
21300006511000,19,8,11,429.4
21300006512000,34,20,14,1037
21300006513000,10,4,6,429
21300006519000,40,24,16,1680
21300006520000,1,1,0,0
21300006524000,2,1,1,0
21300006525000,11,6,5,511.5
21300006538000,8,3,5,424
21300006539000,1,1,0,0
21300006542000,3,2,1,0
21300006544000,5,2,3,151
21300006545000,3,3,0,0
21300006558000,2,1,1,0
21300006559000,18,7,11,784.8
21300006575000,10,5,5,573
21300006576000,3,1,2,0
21300006579000,21,11,10,762.3
21300006580000,15,8,7,667.5
21300006581000,8,3,5,384.8
21300006587000,4,1,3,0
21300006592000,7,4,3,370.3
21300006593000,15,5,10,720
21300006594000,55,29,26,2497
21300006595000,2,1,1,0
21300006599000,3,2,1,0
21300006601000,3,1,2,0
21300006602000,134,69,65,6606.2
21300006603000,224,108,116,9833.6
21300006604000,46,23,23,2166.6
21300006605000,11,5,6,467.5
21300006606000,35,19,16,1585.5
21300006607000,16,6,10,808
21300006608000,4,2,2,0
21300006611000,15,8,7,451.5
21300006612000,12,6,6,459.6
21300006622000,2,1,1,0
21300006625000,20,10,10,1068
21300006723000,2,1,1,0
21300006724000,45,22,23,1980
21300006731000,49,27,22,2273.6
21300006732000,27,12,15,974.7
21300006739000,2,1,1,0
21300006762000,1,0,1,0
21300006812000,1,0,1,0
21300006884000,5,2,3,237
21300006944000,25,12,13,1262.5
21300006945000,3,2,1,0
21300006946000,4,1,3,0
21300006958000,28,13,15,1218
21300006959000,716,349,367,29857.2
21300006960000,2,1,1,0
21300006975000,4,2,2,0
21300006977000,42,21,21,1524.6
21300006984000,9,5,4,504
21300006985000,30,17,13,1203
21300006986000,31,18,13,1348.5
21300006996000,5,2,3,352
21300006997000,3,2,1,0
21300006998000,29,13,16,1128.1
21300007002000,10,5,5,517
21300007005000,33,22,11,1369.5
21300007006000,2,1,1,0
21300007008000,36,21,15,1760.4
21300007014000,7,4,3,343
21300007015000,5,2,3,165
21300007016000,86,42,44,3250.8
21300007017000,80,43,37,3072
21300007018000,1,1,0,0
21310006488000,913,453,460,32776.7
21310006489000,94,46,48,3656.6
21310006490000,775,379,396,25342.5
21310006491000,383,197,186,15511.5
21310006492000,23,10,13,1228.2
21310006493000,200,95,105,9000
21310006494000,19,10,9,790.4
21310006495000,35,19,16,1498
21310006496000,30,14,16,1443
21310006497000,24,12,12,1065.6
21310006498000,8,3,5,523.2
21310006499000,125,67,58,5325
21310006500000,20,10,10,772
21310006502000,24,9,15,777.6
21310006503000,38,19,19,1599.8
21310006504000,17,8,9,608.6
21310006505000,40,20,20,1864
21310006506000,29,14,15,1052.7
21310006519000,88,50,38,3678.4
21310006522000,4,3,1,0
21310006524000,3,1,2,0
21310006525000,10,6,4,260
21310006544000,2,1,1,0
21310006545000,8,5,3,364.8
21310006557000,29,18,11,1432.6
21310006558000,11,6,5,599.5
21310006575000,3,1,2,0
21310006576000,5,3,2,158
21310006587000,3,2,1,0
21310006588000,13,6,7,660.4
21310006591000,6,3,3,244.2
21310006592000,22,14,8,1040.6
21310006593000,3,2,1,0
21310006598000,3,2,1,0
21310006600000,4,2,2,0
21310006601000,75,37,38,3120
21310006602000,185,85,100,8325
21310006607000,6,5,1,336
21310006609000,3,1,2,0
21310006610000,10,6,4,399
21310006611000,21,10,11,774.9
21310006623000,4,4,0,0
21310006723000,15,7,8,585
21310006724000,19,11,8,872.1
21310006732000,28,14,14,904.4
21310006738000,3,2,1,0
21310006739000,3,1,2,0
21310006774000,4,3,1,0
21310006884000,13,8,5,318.5
21310006943000,12,6,6,486
21310006944000,4,2,2,0
21310006956000,11,6,5,652.3
21310006957000,15,7,8,546
21310006958000,54,24,30,2208.6
21310006959000,114,60,54,4639.8
21310006975000,5,3,2,90
21310006977000,26,15,11,990.6
21310006978000,1,0,1,0
21310006984000,8,3,5,390.4
21310006985000,13,7,6,387.4
21310006986000,14,8,6,614.6
21310006996000,7,4,3,265.3
21310006997000,2,1,1,0
21310006998000,7,4,3,408.8
21310006999000,7,4,3,221.9
21310007002000,3,3,0,0
21310007003000,4,2,2,0
21310007005000,7,4,3,228.2
21310007006000,71,33,38,3471.9
21310007007000,22,14,8,616
21310007008000,24,13,11,900
21310007010000,1,1,0,0
21310007011000,29,17,12,1139.7
21310007012000,19,9,10,651.7
21310007013000,33,19,14,1405.8
21320006487000,5,4,1,109
21320006488000,601,299,302,24941.5
21320006489000,143,73,70,5476.9
21320006490000,48,23,25,1742.4
21320006491000,978,500,478,39413.4
21320006492000,319,136,183,14833.5
21320006493000,895,447,448,35531.5
21320006494000,698,341,357,29455.6
21320006495000,66,33,33,2699.4
21320006496000,1,0,1,0
21320006497000,25,14,11,1195
21320006498000,9,4,5,550.8
21320006499000,38,21,17,1516.2
21320006500000,3,2,1,0
21320006503000,22,12,10,1106.6
21320006504000,15,6,9,472.5
21320006505000,10,5,5,549
21320006506000,23,13,10,989
21320006508000,8,6,2,320
21320006515000,5,3,2,300
21320006519000,1,0,1,0
21320006522000,2,1,1,0
21320006526000,3,2,1,0
21320006557000,6,3,3,295.8
21320006559000,1,0,1,0
21320006597000,4,3,1,0
21320006598000,12,5,7,615.6
21320006599000,13,7,6,676
21320006600000,68,32,36,2162.4
21320006601000,35,15,20,1526
21320006606000,2,2,0,0
21320006607000,23,11,12,1028.1
21320006608000,17,10,7,960.5
21320006609000,7,2,5,205.1
21320006622000,9,4,5,555.3
21320006722000,17,9,8,542.3
21320006723000,18,9,9,973.8
21320006732000,17,11,6,819.4
21320006733000,22,12,10,1067
21320006738000,51,21,30,1779.9
21320006739000,23,12,11,860.2
21320006749000,9,4,5,322.2
21320006801000,2,1,1,0
21320006884000,4,1,3,0
21320006888000,4,2,2,0
21320006942000,6,3,3,373.2
21320006956000,14,6,8,537.6
21320006957000,7,4,3,287.7
21320006958000,28,13,15,1338.4
21320006959000,61,32,29,2427.8
21320006978000,1,1,0,0
21320006984000,4,2,2,0
21320006985000,9,4,5,315.9
21320006986000,5,3,2,325
21320006987000,7,5,2,228.9
21320006994000,8,5,3,268.8
21320006996000,11,6,5,346.5
21320006997000,48,24,24,1876.8
21320006999000,18,10,8,669.6
21320007000000,22,11,11,743.6
21320007002000,6,3,3,151.8
21320007006000,7,3,4,184.8
21320007007000,2,1,1,0
21320007010000,35,21,14,1137.5
21320007011000,129,64,65,5018.1
21320007012000,28,16,12,1108.8
21320007013000,14,6,8,806.4
21320007014000,64,35,29,2700.8
21320007015000,7,4,3,277.9
21320007018000,31,18,13,1643
21320007019000,718,360,358,30658.6
21320007020000,896,442,454,39513.6
21330006489000,4,3,1,0
21330006491000,16,9,7,700.8
21330006492000,601,300,301,22657.7
21330006493000,312,157,155,11294.4
21330006494000,584,291,293,21900
21330006495000,548,282,266,17371.6
21330006496000,21,10,11,989.1
21330006497000,50,25,25,1935
21330006498000,554,285,269,16398.4
21330006499000,26,14,12,917.8
21330006501000,11,6,5,458.7
21330006504000,8,3,5,190.4
21330006505000,11,8,3,611.6
21330006506000,3,2,1,0
21330006507000,3,2,1,0
21330006516000,2,1,1,0
21330006517000,12,8,4,496.8
21330006519000,1,1,0,0
21330006522000,5,2,3,220
21330006526000,7,6,1,238.7
21330006527000,7,4,3,405.3
21330006560000,1,1,0,0
21330006606000,7,4,3,242.9
21330006607000,17,9,8,482.8
21330006722000,15,8,7,762
21330006723000,2,1,1,0
21330006732000,1,0,1,0
21330006733000,31,15,16,1339.2
21330006734000,22,13,9,730.4
21330006735000,5,2,3,317
21330006737000,4,2,2,0
21330006738000,239,110,129,11782.7
21330006739000,23,13,10,1202.9
21330006745000,6,4,2,265.2
21330006746000,5,3,2,278
21330006884000,4,2,2,0
21330006956000,13,7,6,578.5
21330006957000,16,7,9,731.2
21330006958000,38,20,18,1634
21330006959000,42,24,18,1848
21330006975000,2,1,1,0
21330006983000,2,1,1,0
21330006985000,5,1,4,126
21330006987000,5,3,2,295
21330006995000,18,11,7,831.6
21330006996000,12,5,7,396
21330006997000,13,7,6,388.7
21330006998000,6,3,3,322.2
21330007000000,6,3,3,378
21330007002000,13,5,8,721.5
21330007008000,24,12,12,952.8
21330007009000,81,39,42,3790.8
21330007010000,18,10,8,473.4
21330007015000,15,8,7,466.5
21330007017000,715,371,344,29458
21330007018000,2710,1341,1369,123576
21330007019000,2878,1432,1446,118861.4
21330007020000,1661,796,865,69429.8
21340006492000,47,23,24,1739
21340006493000,322,175,147,13169.8
21340006494000,297,155,142,12087.9
21340006495000,921,454,467,35366.4
21340006496000,25,12,13,1182.5
21340006497000,173,92,81,7110.3
21340006498000,156,80,76,4758
21340006499000,492,247,245,16285.2
21340006500000,28,14,14,1106
21340006501000,16,9,7,809.6
21340006502000,4,2,2,0
21340006503000,2,1,1,0
21340006506000,2,1,1,0
21340006507000,1,0,1,0
21340006509000,12,5,7,440.4
21340006510000,42,21,21,1533
21340006512000,5,2,3,97
21340006514000,2,1,1,0
21340006519000,6,4,2,256.2
21340006522000,34,19,15,1411
21340006529000,15,5,10,484.5
21340006540000,10,6,4,433
21340006548000,6,3,3,235.8
21340006607000,6,3,3,387
21340006620000,12,6,6,298.8
21340006621000,10,5,5,514
21340006624000,2,1,1,0
21340006625000,13,6,7,403
21340006626000,10,5,5,362
21340006627000,3,1,2,0
21340006654000,5,3,2,253
21340006721000,5,5,0,244
21340006734000,21,12,9,753.9
21340006735000,10,4,6,491
21340006737000,69,36,33,2442.6
21340006738000,62,30,32,2759
21340006745000,11,5,6,568.7
21340006746000,20,11,9,816
21340006749000,1,1,0,0
21340006883000,1,1,0,0
21340006954000,9,5,4,491.4
21340006955000,16,11,5,561.6
21340006958000,4,2,2,0
21340006959000,13,8,5,523.9
21340006975000,4,2,2,0
21340006983000,1,1,0,0
21340006984000,6,4,2,265.8
21340006985000,5,2,3,286
21340006987000,13,6,7,543.4
21340006988000,3,2,1,0
21340006994000,10,7,3,491
21340006998000,13,6,7,456.3
21340007001000,20,12,8,830
21340007002000,2,1,1,0
21340007008000,102,58,44,4161.6
21340007009000,90,44,46,4077
21340007015000,14,7,7,617.4
21340007016000,9,5,4,261.9
21340007017000,109,59,50,5101.2
21340007018000,1876,959,917,80480.4
21340007019000,1908,969,939,82234.8
21340007020000,66,32,34,3062.4
21350006493000,168,93,75,6820.8
21350006494000,1093,515,578,49731.5
21350006495000,1326,647,679,52377
21350006496000,1508,729,779,65145.6
21350006497000,870,453,417,30624
21350006498000,271,136,135,10054.1
21350006499000,386,197,189,13008.2
21350006500000,24,14,10,787.2
21350006501000,29,16,13,1290.5
21350006502000,8,2,6,486.4
21350006505000,1,1,0,0
21350006508000,4,2,2,0
21350006509000,8,6,2,214.4
21350006512000,42,22,20,1402.8
21350006517000,1,0,1,0
21350006520000,3,2,1,0
21350006521000,7,3,4,361.2
21350006522000,21,12,9,1062.6
21350006523000,2,1,1,0
21350006531000,5,2,3,78
21350006532000,3,1,2,0
21350006606000,13,8,5,526.5
21350006607000,20,9,11,920
21350006608000,45,21,24,1935
21350006609000,8,5,3,439.2
21350006620000,1,1,0,0
21350006621000,8,5,3,268.8
21350006623000,10,5,5,477
21350006624000,27,14,13,920.7
21350006720000,6,3,3,358.8
21350006721000,10,5,5,563
21350006734000,5,2,3,340
21350006735000,33,22,11,1422.3
21350006736000,17,7,10,904.4
21350006737000,33,15,18,1366.2
21350006746000,10,6,4,445
21350006812000,1,1,0,0
21350006883000,4,2,2,0
21350006884000,29,15,14,1287.6
21350006941000,4,2,2,0
21350006942000,5,3,2,337
21350006954000,17,10,7,569.5
21350006976000,14,8,6,438.2
21350006982000,2,1,1,0
21350006984000,47,25,22,1875.3
21350006985000,3,2,1,0
21350006999000,5,3,2,274
21350007002000,14,3,11,554.4
21350007003000,57,30,27,1795.5
21350007004000,8,2,6,338.4
21350007008000,40,18,22,1796
21350007009000,296,147,149,9442.4
21350007010000,389,200,189,15793.4
21350007011000,5,2,3,83
21350007014000,37,20,17,1705.7
21350007015000,118,60,58,4507.6
21350007016000,1,1,0,0
21350007018000,1396,704,692,56538
21350007019000,527,269,258,22344.8
21350007020000,97,50,47,3918.8
21360006492000,5,3,2,195
21360006493000,50,25,25,1455
21360006494000,489,244,245,17750.7
21360006495000,808,396,412,33208.8
21360006496000,1663,818,845,71176.4
21360006497000,2137,1101,1036,86762.2
21360006498000,1735,838,897,65583
21360006499000,632,321,311,23320.8
21360006500000,15,7,8,838.5
21360006501000,27,14,13,945
21360006502000,15,7,8,826.5
21360006503000,5,2,3,160
21360006504000,7,4,3,317.8
21360006505000,16,8,8,609.6
21360006506000,1,1,0,0
21360006514000,5,3,2,328
21360006520000,3,2,1,0
21360006522000,17,7,10,856.8
21360006531000,2,1,1,0
21360006533000,1,1,0,0
21360006534000,4,2,2,0
21360006545000,6,3,3,222
21360006546000,1,1,0,0
21360006574000,1,1,0,0
21360006604000,1,1,0,0
21360006606000,13,6,7,751.4
21360006607000,5,4,1,299
21360006608000,9,5,4,343.8
21360006609000,69,40,29,3194.7
21360006610000,6,3,3,199.2
21360006619000,5,3,2,337
21360006620000,53,30,23,1833.8
21360006621000,62,32,30,2734.2
21360006622000,27,14,13,1152.9
21360006623000,23,11,12,1205.2
21360006655000,49,24,25,1661.1
21360006703000,1,1,0,0
21360006714000,1,0,1,0
21360006717000,1,0,1,0
21360006720000,3,2,1,0
21360006733000,1,1,0,0
21360006734000,19,11,8,714.4
21360006735000,2,1,1,0
21360006736000,43,27,16,1625.4
21360006737000,9,5,4,360
21360006746000,7,6,1,364
21360006747000,8,3,5,496
21360006803000,10,5,5,402
21360006804000,17,9,8,700.4
21360006883000,29,16,13,1186.1
21360006884000,15,9,6,628.5
21360006941000,2,1,1,0
21360006959000,11,8,3,390.5
21360006976000,4,3,1,0
21360006982000,7,4,3,294.7
21360006983000,2,1,1,0
21360006988000,2,0,2,0
21360006989000,13,7,6,492.7
21360006999000,25,12,13,837.5
21360007002000,26,14,12,795.6
21360007008000,42,23,19,1247.4
21360007009000,39,24,15,2063.1
21360007014000,5,3,2,162
21360007015000,213,96,117,7412.4
21360007016000,8,3,5,355.2
21360007018000,229,117,112,9595.1
21360007019000,784,411,373,29635.2
21370006493000,5,3,2,125
21370006494000,444,226,218,19180.8
21370006495000,645,322,323,24703.5
21370006496000,319,159,160,12791.9
21370006497000,2194,1008,1186,104215
21370006498000,1418,682,736,61683
21370006499000,292,144,148,12118
21370006500000,36,20,16,1090.8
21370006501000,92,50,42,3799.6
21370006502000,240,117,123,8136
21370006503000,27,13,14,715.5
21370006504000,7,4,3,205.8
21370006513000,2,1,1,0
21370006522000,18,10,8,734.4
21370006523000,23,12,11,1030.4
21370006524000,7,3,4,403.2
21370006525000,7,4,3,191.8
21370006529000,4,2,2,0
21370006530000,5,2,3,313
21370006532000,2,1,1,0
21370006606000,11,4,7,501.6
21370006610000,62,35,27,2058.4
21370006611000,31,16,15,1054
21370006613000,11,7,4,554.4
21370006619000,81,38,43,3288.6
21370006620000,70,28,42,2814
21370006621000,27,17,10,1096.2
21370006623000,6,3,3,160.8
21370006655000,6,3,3,295.2
21370006714000,6,4,2,361.2
21370006715000,2,1,1,0
21370006721000,4,1,3,0
21370006734000,7,4,3,319.9
21370006735000,17,7,10,739.5
21370006746000,25,12,13,877.5
21370006747000,3,2,1,0
21370006803000,3,2,1,0
21370006804000,18,12,6,615.6
21370006882000,2,1,1,0
21370006883000,33,16,17,1376.1
21370006884000,2,1,1,0
21370006941000,1,1,0,0
21370006979000,17,9,8,958.8
21370006990000,39,21,18,1532.7
21370006991000,10,6,4,405
21370006997000,7,3,4,168.7
21370006998000,18,11,7,750.6
21370006999000,70,37,33,2905
21370007000000,8,4,4,332.8
21370007002000,2,1,1,0
21370007003000,6,1,5,112.2
21370007005000,4,3,1,0
21370007008000,2,2,0,0
21370007009000,62,32,30,2703.2
21370007010000,17,7,10,627.3
21370007015000,199,101,98,7542.1
21370007016000,965,476,489,34257.5
21370007017000,86,48,38,3620.6
21370007018000,5,2,3,311
21370007019000,1247,641,606,38781.7
21370007020000,224,111,113,5980.8
21380006493000,5,3,2,201
21380006494000,261,128,133,11118.6
21380006495000,64,28,36,2995.2
21380006496000,203,104,99,7998.2
21380006497000,725,364,361,32045
21380006498000,944,459,485,39270.4
21380006499000,9,6,3,363.6
21380006500000,1,0,1,0
21380006502000,19,8,11,594.7
21380006503000,69,36,33,2973.9
21380006504000,11,9,2,436.7
21380006506000,6,3,3,331.8
21380006507000,4,1,3,0
21380006512000,2,1,1,0
21380006514000,7,3,4,237.3
21380006515000,2,1,1,0
21380006522000,15,8,7,733.5
21380006526000,13,7,6,569.4
21380006527000,25,10,15,937.5
21380006528000,33,17,16,1141.8
21380006529000,2,2,0,0
21380006532000,14,7,7,476
21380006582000,2,1,1,0
21380006583000,3,2,1,0
21380006610000,109,49,60,4327.3
21380006611000,422,217,205,18103.8
21380006612000,14,8,6,446.6
21380006613000,3,2,1,0
21380006618000,35,20,15,1487.5
21380006619000,23,12,11,607.2
21380006620000,4,2,2,0
21380006621000,1,1,0,0
21380006623000,5,2,3,163
21380006683000,5,1,4,183
21380006714000,10,4,6,344
21380006715000,14,9,5,439.6
21380006733000,5,4,1,251
21380006734000,11,5,6,619.3
21380006746000,18,10,8,741.6
21380006747000,35,15,20,1452.5
21380006882000,7,5,2,273.7
21380006883000,29,19,10,1307.9
21380006884000,25,13,12,1267.5
21380006958000,5,2,3,117
21380006959000,5,3,2,205
21380006973000,10,5,5,432
21380006974000,20,11,9,964
21380006975000,3,3,0,0
21380006979000,3,2,1,0
21380006990000,41,19,22,1484.2
21380006991000,26,12,14,1211.6
21380006997000,4,2,2,0
21380006998000,4,3,1,0
21380006999000,198,99,99,7999.2
21380007000000,2,1,1,0
21380007002000,13,8,5,569.4
21380007003000,16,10,6,889.6
21380007004000,16,9,7,686.4
21380007005000,6,3,3,418.2
21380007010000,23,14,9,1184.5
21380007015000,17,9,8,749.7
21380007016000,344,164,180,13656.8
21380007017000,113,64,49,4859
21380007018000,23,14,9,706.1
21380007019000,61,32,29,2006.9
21380007020000,234,119,115,5920.2
21390006494000,2,1,1,0
21390006495000,137,66,71,6014.3
21390006496000,491,229,262,22389.6
21390006497000,381,186,195,15354.3
21390006498000,278,145,133,9507.6
21390006502000,11,4,7,528
21390006503000,55,30,25,2084.5
21390006504000,41,23,18,1455.5
21390006505000,36,19,17,1450.8
21390006506000,63,33,30,2375.1
21390006507000,24,14,10,1233.6
21390006508000,5,3,2,106
21390006512000,1,1,0,0
21390006514000,3,2,1,0
21390006515000,6,2,4,322.2
21390006522000,6,3,3,181.2
21390006523000,14,7,7,564.2
21390006525000,8,5,3,392
21390006526000,4,3,1,0
21390006527000,2,1,1,0
21390006546000,32,20,12,1270.4
21390006582000,6,5,1,229.2
21390006583000,2,1,1,0
21390006604000,2,1,1,0
21390006605000,4,3,1,0
21390006606000,2,1,1,0
21390006609000,6,4,2,181.2
21390006610000,127,55,72,5562.6
21390006611000,505,220,285,23179.5
21390006612000,64,31,33,2835.2
21390006613000,19,8,11,710.6
21390006617000,14,8,6,480.2
21390006618000,9,4,5,439.2
21390006623000,4,2,2,0
21390006625000,19,9,10,934.8
21390006655000,87,45,42,3732.3
21390006656000,1,1,0,0
21390006715000,71,37,34,3187.9
21390006733000,12,6,6,577.2
21390006734000,19,10,9,674.5
21390006746000,5,4,1,312
21390006747000,27,16,11,1185.3
21390006882000,7,3,4,294
21390006883000,18,8,10,860.4
21390006884000,36,18,18,1825.2
21390006971000,2,0,2,0
21390006972000,23,13,10,1081
21390006973000,15,7,8,675
21390006974000,50,25,25,2100
21390006975000,2,1,1,0
21390006989000,12,4,8,511.2
21390006990000,1,1,0,0
21390006991000,1,0,1,0
21390006992000,3,1,2,0
21390006994000,11,6,5,419.1
21390006995000,5,1,4,220
21390006999000,3,3,0,0
21390007000000,14,8,6,764.4
21390007003000,2,1,1,0
21390007010000,43,28,15,1806
21390007011000,131,72,59,4951.8
21390007012000,11,7,4,303.6
21390007013000,21,10,11,714
21390007015000,13,7,6,522.6
21390007016000,542,293,249,15447
21390007017000,113,60,53,4802.5
21390007018000,21,13,8,1039.5
21390007019000,15,9,6,624
21390007020000,2,1,1,0
21390007046000,14,3,11,341.6
21390007047000,1,1,0,0
21400006494000,4,2,2,0
21400006495000,68,37,31,3046.4
21400006496000,246,120,126,9717
21400006497000,87,44,43,3784.5
21400006498000,166,87,79,7171.2
21400006499000,109,52,57,4065.7
21400006500000,200,112,88,6840
21400006501000,43,23,20,1689.9
21400006502000,16,7,9,513.6
21400006503000,5,3,2,84
21400006504000,50,27,23,2055
21400006505000,29,15,14,1229.6
21400006506000,50,27,23,2035
21400006507000,14,7,7,737.8
21400006508000,4,3,1,0
21400006509000,6,2,4,234
21400006510000,5,3,2,91
21400006513000,6,4,2,175.8
21400006519000,8,5,3,224
21400006522000,15,9,6,792
21400006523000,2,1,1,0
21400006524000,2,1,1,0
21400006525000,12,4,8,750
21400006546000,39,21,18,1571.7
21400006547000,21,13,8,827.4
21400006556000,2,1,1,0
21400006563000,1,1,0,0
21400006580000,7,3,4,308.7
21400006582000,8,4,4,184.8
21400006592000,6,3,3,304.2
21400006604000,3,2,1,0
21400006605000,7,1,6,137.2
21400006610000,15,10,5,577.5
21400006611000,124,58,66,5964.4
21400006612000,140,67,73,6020
21400006613000,18,9,9,658.8
21400006614000,2,1,1,0
21400006623000,15,8,7,535.5
21400006624000,73,33,40,2795.9
21400006625000,9,4,5,527.4
21400006655000,227,111,116,9624.8
21400006704000,11,6,5,431.2
21400006715000,19,10,9,822.7
21400006722000,3,2,1,0
21400006734000,9,4,5,360.9
21400006746000,5,2,3,309
21400006882000,37,18,19,1731.6
21400006883000,18,8,10,786.6
21400006923000,3,2,1,0
21400006931000,5,3,2,328
21400006932000,8,5,3,419.2
21400006933000,1,0,1,0
21400006934000,3,2,1,0
21400006935000,4,2,2,0
21400006971000,25,12,13,1132.5
21400006979000,21,13,8,1005.9
21400006991000,4,3,1,0
21400006992000,15,8,7,591
21400007004000,5,3,2,242
21400007005000,20,8,12,516
21400007006000,6,2,4,241.8
21400007007000,2,1,1,0
21400007008000,11,7,4,369.6
21400007011000,23,13,10,940.7
21400007012000,198,102,96,6949.8
21400007013000,110,57,53,4257
21400007014000,98,49,49,3988.6
21400007015000,247,123,124,8595.6
21400007016000,171,96,75,6891.3
21400007017000,29,16,13,1209.3
21400007018000,1,1,0,0
21400007046000,30,14,16,1137
21400007047000,17,7,10,606.9
21400007048000,23,11,12,878.6
21410006494000,66,37,29,2673
21410006495000,84,38,46,3444
21410006497000,47,25,22,1504
21410006498000,222,108,114,9435
21410006499000,549,286,263,22344.3
21410006500000,922,447,475,38078.6
21410006501000,662,350,312,25089.8
21410006502000,12,8,4,501.6
21410006503000,23,11,12,1113.2
21410006504000,16,8,8,852.8
21410006505000,6,3,3,229.2
21410006506000,44,23,21,1755.6
21410006507000,2,1,1,0
21410006508000,7,5,2,289.1
21410006509000,8,3,5,406.4
21410006510000,4,2,2,0
21410006513000,8,3,5,316
21410006518000,11,6,5,492.8
21410006519000,34,19,15,1455.2
21410006520000,15,8,7,567
21410006521000,10,6,4,517
21410006526000,10,7,3,456
21410006533000,12,4,8,490.8
21410006545000,17,10,7,606.9
21410006546000,4,2,2,0
21410006564000,8,5,3,476.8
21410006580000,16,9,7,612.8
21410006581000,8,5,3,248.8
21410006590000,29,15,14,1267.3
21410006591000,17,8,9,753.1
21410006604000,6,3,3,259.8
21410006609000,32,17,15,1158.4
21410006610000,2,1,1,0
21410006611000,2,1,1,0
21410006613000,11,5,6,443.3
21410006614000,10,6,4,402
21410006615000,8,4,4,310.4
21410006623000,14,8,6,562.8
21410006624000,40,22,18,1600
21410006625000,22,12,10,1014.2
21410006648000,2,1,1,0
21410006655000,495,240,255,23017.5
21410006704000,31,13,18,1209
21410006705000,7,4,3,200.9
21410006710000,2,1,1,0
21410006715000,12,5,7,588
21410006733000,1,1,0,0
21410006734000,15,9,6,559.5
21410006735000,17,8,9,785.4
21410006740000,1,1,0,0
21410006741000,19,9,10,714.4
21410006746000,8,4,4,424.8
21410006763000,1,1,0,0
21410006766000,22,15,7,651.2
21410006804000,9,5,4,325.8
21410006857000,3,1,2,0
21410006881000,1,0,1,0
21410006882000,37,23,14,1846.3
21410006883000,2,2,0,0
21410006930000,6,3,3,427.8
21410006931000,27,12,15,1652.4
21410006932000,1,1,0,0
21410006968000,2,1,1,0
21410006970000,30,17,13,1341
21410006971000,4,2,2,0
21410006979000,71,36,35,2932.3
21410006992000,2,0,2,0
21410007001000,23,10,13,878.6
21410007004000,6,2,4,175.2
21410007005000,3,1,2,0
21410007006000,24,9,15,955.2
21410007007000,51,28,23,2351.1
21410007008000,8,4,4,338.4
21410007009000,4,2,2,0
21410007012000,18,8,10,802.8
21410007013000,55,31,24,2057
21410007014000,213,108,105,10053.6
21410007015000,157,87,70,5777.6
21410007016000,86,47,39,2984.2
21410007045000,10,6,4,473
21410007046000,10,5,5,557
21410007047000,8,4,4,332
21410007048000,3,2,1,0
21410007049000,6,3,3,372
21410007050000,3,1,2,0
21410007052000,4,1,3,0
21420006494000,1,1,0,0
21420006495000,128,67,61,5043.2
21420006496000,14,7,7,551.6
21420006497000,17,10,7,652.8
21420006498000,582,268,314,20602.8
21420006499000,380,199,181,13300
21420006500000,807,404,403,32522.1
21420006501000,387,174,213,16602.3
21420006502000,4,3,1,0
21420006504000,34,22,12,1621.8
21420006505000,18,9,9,916.2
21420006506000,13,5,8,633.1
21420006509000,31,17,14,1116
21420006510000,38,18,20,1729
21420006511000,3,1,2,0
21420006514000,1,0,1,0
21420006519000,9,3,6,365.4
21420006520000,159,82,77,5453.7
21420006521000,36,18,18,1465.2
21420006524000,2,1,1,0
21420006527000,2,1,1,0
21420006532000,4,2,2,0
21420006533000,13,6,7,494
21420006565000,2,1,1,0
21420006573000,5,2,3,69
21420006580000,5,3,2,322
21420006589000,5,1,4,176
21420006591000,4,2,2,0
21420006601000,2,0,2,0
21420006603000,4,2,2,0
21420006604000,4,2,2,0
21420006613000,7,3,4,382.2
21420006614000,2,1,1,0
21420006623000,20,10,10,796
21420006624000,61,32,29,2379
21420006647000,5,3,2,273
21420006654000,2,1,1,0
21420006655000,471,234,237,20347.2
21420006703000,12,7,5,536.4
21420006704000,5,2,3,250
21420006713000,1,1,0,0
21420006715000,2,2,0,0
21420006716000,9,6,3,280.8
21420006735000,29,15,14,1603.7
21420006740000,18,9,9,727.2
21420006741000,1,0,1,0
21420006747000,19,12,7,796.1
21420006766000,21,11,10,928.2
21420006773000,4,3,1,0
21420006774000,2,2,0,0
21420006804000,17,10,7,680
21420006822000,1,0,1,0
21420006857000,12,5,7,596.4
21420006881000,21,5,16,758.1
21420006882000,33,19,14,1527.9
21420006927000,9,4,5,464.4
21420006928000,4,2,2,0
21420006968000,1,1,0,0
21420006969000,13,7,6,764.4
21420006970000,8,4,4,256.8
21420006979000,76,41,35,3693.6
21420006988000,1,1,0,0
21420006990000,5,2,3,374
21420006991000,2,0,2,0
21420006992000,3,2,1,0
21420007000000,4,3,1,0
21420007005000,16,10,6,633.6
21420007007000,4,2,2,0
21420007009000,1,1,0,0
21420007023000,16,6,10,608
21420007045000,5,2,3,204
21420007046000,12,9,3,418.8
21420007047000,1,1,0,0
21420007049000,4,2,2,0
21420007051000,28,11,17,1671.6
21420007052000,81,45,36,3831.3
21430006495000,29,16,13,1278.9
21430006496000,10,7,3,427
21430006497000,82,38,44,3140.6
21430006498000,117,60,57,4247.1
21430006499000,176,87,89,6793.6
21430006500000,232,131,101,8676.8
21430006501000,151,70,81,6145.7
21430006502000,79,37,42,3017.8
21430006503000,66,37,29,2409
21430006504000,13,7,6,494
21430006505000,6,4,2,190.8
21430006507000,3,1,2,0
21430006509000,2,1,1,0
21430006510000,25,9,16,1195
21430006511000,11,6,5,620.4
21430006514000,131,63,68,4467.1
21430006515000,143,64,79,4418.7
21430006516000,21,10,11,1045.8
21430006517000,11,6,5,665.5
21430006518000,8,3,5,416
21430006519000,2,1,1,0
21430006523000,8,5,3,367.2
21430006524000,3,2,1,0
21430006526000,17,9,8,423.3
21430006528000,2,2,0,0
21430006530000,6,3,3,145.8
21430006532000,34,18,16,1390.6
21430006533000,17,5,12,414.8
21430006564000,6,4,2,423
21430006580000,3,1,2,0
21430006589000,5,3,2,203
21430006590000,5,2,3,162
21430006601000,1,1,0,0
21430006602000,6,2,4,334.2
21430006604000,13,7,6,504.4
21430006605000,12,7,5,363.6
21430006608000,6,3,3,370.8
21430006609000,6,3,3,174
21430006624000,53,23,30,2093.5
21430006625000,13,6,7,444.6
21430006647000,3,1,2,0
21430006654000,1,0,1,0
21430006655000,984,494,490,39163.2
21430006690000,1,0,1,0
21430006701000,2,1,1,0
21430006702000,35,20,15,1473.5
21430006703000,16,9,7,494.4
21430006723000,1,0,1,0
21430006735000,6,2,4,370.8
21430006736000,17,10,7,600.1
21430006740000,23,11,12,782
21430006747000,28,18,10,1201.2
21430006748000,11,4,7,555.5
21430006766000,9,6,3,401.4
21430006772000,6,3,3,252
21430006773000,9,6,3,387
21430006802000,5,3,2,107
21430006803000,29,15,14,1438.4
21430006804000,10,5,5,455
21430006857000,1,1,0,0
21430006861000,7,3,4,230.3
21430006881000,30,17,13,1011
21430006882000,17,7,10,788.8
21430006927000,4,2,2,0
21430006979000,44,20,24,1738
21430006980000,4,2,2,0
21430006989000,1,1,0,0
21430006991000,15,8,7,526.5
21430006992000,10,7,3,438
21430007001000,5,3,2,301
21430007005000,14,7,7,553
21430007007000,22,10,12,803
21430007023000,9,5,4,488.7
21430007024000,2,1,1,0
21430007046000,2,1,1,0
21430007052000,59,32,27,2708.1
21430007053000,41,21,20,2111.5
21440006497000,1,1,0,0
21440006498000,191,100,91,7200.7
21440006499000,132,69,63,4765.2
21440006500000,64,30,34,2854.4
21440006501000,4,2,2,0
21440006502000,71,36,35,2605.7
21440006503000,181,91,90,6244.5
21440006507000,10,3,7,284
21440006508000,23,10,13,802.7
21440006509000,19,14,5,642.2
21440006510000,42,22,20,1495.2
21440006511000,59,32,27,2814.3
21440006512000,50,26,24,2150
21440006513000,108,61,47,4892.4
21440006514000,89,49,40,3702.4
21440006515000,18,10,8,799.2
21440006516000,21,10,11,760.2
21440006517000,8,5,3,427.2
21440006518000,3,3,0,0
21440006519000,5,1,4,238
21440006524000,2,2,0,0
21440006525000,8,6,2,367.2
21440006526000,32,14,18,1299.2
21440006527000,172,91,81,5710.4
21440006528000,149,75,74,5393.8
21440006529000,12,6,6,494.4
21440006530000,4,2,2,0
21440006531000,19,9,10,716.3
21440006533000,20,9,11,922
21440006534000,11,8,3,283.8
21440006563000,4,2,2,0
21440006564000,6,3,3,241.2
21440006573000,5,3,2,340
21440006580000,34,20,14,1557.2
21440006581000,22,13,9,851.4
21440006590000,5,2,3,232
21440006602000,2,1,1,0
21440006603000,1,1,0,0
21440006604000,7,3,4,331.1
21440006605000,13,3,10,461.5
21440006607000,10,4,6,265
21440006623000,24,11,13,775.2
21440006624000,55,25,30,2590.5
21440006625000,18,8,10,907.2
21440006626000,1,0,1,0
21440006654000,78,40,38,3003
21440006655000,429,203,226,20077.2
21440006699000,1,0,1,0
21440006701000,34,15,19,1482.4
21440006702000,6,4,2,271.8
21440006714000,3,2,1,0
21440006723000,1,0,1,0
21440006736000,19,10,9,875.9
21440006737000,9,5,4,491.4
21440006739000,9,5,4,446.4
21440006740000,1,1,0,0
21440006746000,33,17,16,1115.4
21440006747000,108,48,60,3974.4
21440006748000,13,8,5,343.2
21440006766000,24,12,12,849.6
21440006767000,2,1,1,0
21440006769000,2,1,1,0
21440006770000,1,0,1,0
21440006771000,4,2,2,0
21440006772000,13,7,6,698.1
21440006799000,9,5,4,248.4
21440006800000,15,6,9,562.5
21440006801000,4,2,2,0
21440006802000,10,4,6,515
21440006803000,25,13,12,927.5
21440006861000,5,2,3,130
21440006879000,3,2,1,0
21440006880000,12,4,8,460.8
21440006881000,37,20,17,2012.8
21440006919000,8,4,4,372
21440006924000,2,1,1,0
21440006976000,1,1,0,0
21440006977000,7,7,0,305.2
21440006979000,156,77,79,6692.4
21440006984000,2,2,0,0
21440006993000,3,2,1,0
21440007001000,13,8,5,659.1
21440007005000,1,1,0,0
21440007006000,82,39,43,2771.6
21440007007000,8,4,4,223.2
21440007008000,3,2,1,0
21440007009000,25,9,16,890
21440007022000,11,7,4,578.6
21440007023000,11,5,6,513.7
21440007024000,38,23,15,1520
21440007044000,4,2,2,0
21440007052000,45,25,20,1872
21440007053000,11,7,4,501.6
21450006498000,19,10,9,953.8
21450006499000,26,12,14,1094.6
21450006500000,85,45,40,3434
21450006501000,16,8,8,748.8
21450006502000,22,13,9,1016.4
21450006503000,118,61,57,5451.6
21450006504000,4,2,2,0
21450006505000,21,11,10,1062.6
21450006506000,20,9,11,852
21450006507000,51,28,23,2157.3
21450006508000,13,7,6,561.6
21450006514000,44,27,17,1764.4
21450006515000,32,14,18,972.8
21450006519000,1,1,0,0
21450006524000,6,4,2,183
21450006525000,7,5,2,354.2
21450006527000,4,2,2,0
21450006528000,280,116,164,13440
21450006529000,57,29,28,1920.9
21450006530000,29,15,14,1197.7
21450006531000,6,2,4,153
21450006532000,6,3,3,190.2
21450006533000,23,11,12,696.9
21450006534000,21,14,7,1029
21450006535000,2,1,1,0
21450006538000,5,2,3,194
21450006563000,2,1,1,0
21450006564000,10,5,5,405
21450006572000,11,7,4,400.4
21450006573000,5,2,3,274
21450006574000,7,3,4,452.9
21450006579000,6,5,1,363
21450006581000,19,10,9,649.8
21450006582000,7,4,3,391.3
21450006583000,14,8,6,691.6
21450006584000,5,3,2,110
21450006585000,8,6,2,356.8
21450006591000,1,1,0,0
21450006592000,1,1,0,0
21450006601000,2,1,1,0
21450006604000,6,5,1,313.2
21450006605000,4,3,1,0
21450006607000,9,5,4,398.7
21450006624000,31,15,16,1571.7
21450006654000,1,0,1,0
21450006655000,162,86,76,7565.4
21450006669000,3,2,1,0
21450006670000,3,2,1,0
21450006696000,2,0,2,0
21450006697000,3,2,1,0
21450006699000,10,7,3,416
21450006700000,5,4,1,272
21450006723000,4,3,1,0
21450006737000,229,103,126,8175.3
21450006738000,179,88,91,6300.8
21450006739000,2,0,2,0
21450006745000,7,2,5,322.7
21450006746000,28,14,14,1310.4
21450006747000,37,18,19,1676.1
21450006763000,2,1,1,0
21450006766000,28,13,15,1041.6
21450006767000,20,11,9,838
21450006768000,1,0,1,0
21450006799000,37,22,15,1709.4
21450006800000,19,9,10,640.3
21450006802000,2,1,1,0
21450006858000,2,1,1,0
21450006859000,3,2,1,0
21450006861000,7,4,3,420.7
21450006862000,6,4,2,225
21450006878000,2,1,1,0
21450006879000,26,11,15,1185.6
21450006880000,48,26,22,2193.6
21450006881000,24,11,13,996
21450006919000,8,2,6,399.2
21450006923000,6,3,3,214.2
21450006924000,3,1,2,0
21450006975000,10,4,6,287
21450006978000,12,6,6,548.4
21450006979000,315,153,162,12726
21450006980000,19,11,8,902.5
21450006992000,8,5,3,463.2
21450006994000,5,2,3,368
21450006995000,3,1,2,0
21450007001000,7,2,5,384.3
21450007005000,4,1,3,0
21450007006000,33,10,23,1940.4
21450007007000,9,4,5,420.3
21450007009000,29,16,13,1223.8
21450007010000,2,1,1,0
21450007012000,34,16,18,1336.2
21450007013000,14,7,7,575.4
21450007015000,6,4,2,169.2
21450007021000,9,4,5,371.7
21450007022000,140,70,70,5768
21450007023000,28,16,12,1332.8
21450007024000,2,1,1,0
21450007025000,7,3,4,284.9
21450007044000,1,1,0,0
21450007045000,19,9,10,744.8
21450007053000,42,22,20,1940.4
21460006500000,16,9,7,558.4
21460006501000,35,16,19,1512
21460006502000,71,34,37,3003.3
21460006503000,42,20,22,1827
21460006504000,27,13,14,1255.5
21460006505000,19,9,10,761.9
21460006506000,2,1,1,0
21460006508000,2,1,1,0
21460006513000,32,18,14,825.6
21460006514000,241,125,116,9399
21460006515000,35,20,15,1305.5
21460006516000,44,20,24,1808.4
21460006517000,3,2,1,0
21460006523000,3,2,1,0
21460006528000,160,84,76,6080
21460006531000,2,2,0,0
21460006535000,10,6,4,454
21460006536000,13,4,9,544.7
21460006537000,1,0,1,0
21460006565000,5,2,3,146
21460006566000,6,3,3,180
21460006572000,17,7,10,724.2
21460006573000,74,42,32,3463.2
21460006574000,51,25,26,2687.7
21460006575000,9,4,5,326.7
21460006577000,14,7,7,634.2
21460006578000,4,3,1,0
21460006579000,5,4,1,140
21460006581000,4,2,2,0
21460006594000,6,3,3,289.8
21460006607000,6,4,2,250.8
21460006624000,20,11,9,864
21460006644000,8,5,3,363.2
21460006655000,230,120,110,10626
21460006668000,5,4,1,175
21460006669000,18,11,7,619.2
21460006697000,18,8,10,817.2
21460006698000,15,8,7,469.5
21460006737000,288,145,143,11721.6
21460006738000,276,139,137,12309.6
21460006739000,79,43,36,3049.4
21460006742000,1,0,1,0
21460006743000,21,13,8,766.5
21460006744000,27,12,15,853.2
21460006745000,47,24,23,1588.6
21460006746000,12,6,6,508.8
21460006751000,2,1,1,0
21460006763000,1,0,1,0
21460006764000,1,1,0,0
21460006766000,221,117,104,7580.3
21460006767000,58,36,22,2430.2
21460006799000,7,5,2,233.8
21460006859000,5,3,2,194
21460006860000,23,13,10,1255.8
21460006861000,9,4,5,390.6
21460006878000,84,44,40,3040.8
21460006879000,461,236,225,21206
21460006880000,87,29,58,4793.7
21460006919000,18,9,9,784.8
21460006922000,11,6,5,425.7
21460006964000,21,10,11,873.6
21460006975000,21,10,11,938.7
21460006978000,30,13,17,1047
21460006979000,257,133,124,12130.4
21460006980000,76,37,39,3298.4
21460006992000,8,4,4,559.2
21460006995000,13,9,4,643.5
21460006999000,6,3,3,391.8
21460007000000,1,0,1,0
21460007004000,6,4,2,255
21460007005000,23,10,13,860.2
21460007006000,28,16,12,996.8
21460007007000,16,9,7,924.8
21460007008000,14,7,7,698.6
21460007009000,10,4,6,328
21460007011000,18,11,7,838.8
21460007012000,99,48,51,4583.7
21460007013000,10,4,6,487
21460007014000,10,4,6,515
21460007015000,3,2,1,0
21460007021000,12,8,4,624
21460007022000,18,9,9,984.6
21460007027000,3,1,2,0
21460007053000,5,3,2,178
21470006501000,4,2,2,0
21470006502000,9,5,4,551.7
21470006503000,56,26,30,2704.8
21470006505000,78,44,34,3182.4
21470006506000,25,14,11,1197.5
21470006507000,8,5,3,284
21470006508000,23,12,11,908.5
21470006509000,30,17,13,1251
21470006510000,20,10,10,776
21470006511000,16,8,8,627.2
21470006512000,173,84,89,5726.3
21470006513000,668,333,335,27187.6
21470006514000,905,404,501,44435.5
21470006515000,7,3,4,307.3
21470006516000,31,22,9,1326.8
21470006517000,14,5,9,589.4
21470006518000,10,5,5,484
21470006528000,27,10,17,764.1
21470006530000,3,1,2,0
21470006534000,9,5,4,429.3
21470006537000,14,6,8,653.8
21470006565000,1,1,0,0
21470006566000,7,4,3,410.2
21470006567000,2,1,1,0
21470006570000,1,1,0,0
21470006572000,9,4,5,297
21470006573000,12,6,6,495.6
21470006575000,2,1,1,0
21470006593000,2,1,1,0
21470006594000,1,1,0,0
21470006603000,4,2,2,0
21470006605000,2,1,1,0
21470006624000,9,4,5,457.2
21470006640000,4,3,1,0
21470006655000,121,57,64,4017.2
21470006656000,45,24,21,2052
21470006665000,5,4,1,116
21470006668000,20,12,8,1032
21470006683000,11,6,5,349.8
21470006697000,21,11,10,840
21470006737000,63,27,36,2205
21470006738000,464,242,222,19905.6
21470006739000,62,28,34,2548.2
21470006740000,5,2,3,182
21470006742000,11,8,3,436.7
21470006743000,57,29,28,2405.4
21470006744000,21,9,12,930.3
21470006745000,7,4,3,198.1
21470006746000,1,0,1,0
21470006765000,10,4,6,536
21470006766000,39,22,17,1665.3
21470006767000,11,6,5,489.5
21470006798000,15,6,9,364.5
21470006860000,49,29,20,2092.3
21470006861000,3,2,1,0
21470006877000,23,10,13,855.6
21470006878000,28,17,11,1240.4
21470006879000,2,1,1,0
21470006919000,2,1,1,0
21470006921000,18,7,11,486
21470006922000,18,9,9,968.4
21470006961000,1,0,1,0
21470006963000,35,20,15,1501.5
21470006964000,12,4,8,596.4
21470006965000,11,6,5,544.5
21470006966000,30,17,13,1317
21470006967000,19,13,6,972.8
21470006968000,30,12,18,1389
21470006969000,25,11,14,1110
21470006974000,2,1,1,0
21470006975000,35,23,12,1442
21470006979000,144,67,77,5198.4
21470006980000,100,45,55,4340
21470006981000,11,4,7,388.3
21470006992000,9,7,2,381.6
21470006993000,8,4,4,211.2
21470006999000,4,3,1,0
21470007000000,4,2,2,0
21470007003000,6,2,4,253.8
21470007004000,29,17,12,933.8
21470007005000,6,3,3,181.2
21470007007000,2,1,1,0
21470007008000,11,7,4,625.9
21470007010000,21,13,8,970.2
21470007011000,18,7,11,948.6
21470007012000,4,2,2,0
21470007015000,28,14,14,1450.4
21470007020000,5,2,3,242
21470007021000,16,10,6,652.8
21470007026000,25,17,8,1015
21470007027000,10,6,4,233
21470007052000,4,1,3,0
21470007053000,4,1,3,0
21480006504000,18,8,10,792
21480006505000,20,10,10,1216
21480006506000,48,18,30,3110.4
21480006507000,77,45,32,2956.8
21480006508000,3,1,2,0
21480006510000,8,4,4,394.4
21480006511000,44,20,24,1588.4
21480006512000,18,9,9,824.4
21480006513000,32,14,18,1500.8
21480006514000,327,169,158,12589.5
21480006516000,15,8,7,454.5
21480006517000,82,38,44,3017.6
21480006518000,6,2,4,292.8
21480006524000,2,1,1,0
21480006525000,1,1,0,0
21480006526000,25,11,14,852.5
21480006528000,8,4,4,204.8
21480006529000,18,12,6,655.2
21480006531000,9,5,4,279.9
21480006532000,3,2,1,0
21480006541000,5,2,3,202
21480006569000,5,2,3,170
21480006570000,8,5,3,420
21480006571000,3,1,2,0
21480006592000,2,2,0,0
21480006593000,5,2,3,281
21480006603000,2,2,0,0
21480006623000,1,1,0,0
21480006640000,5,2,3,320
21480006642000,2,1,1,0
21480006652000,1,1,0,0
21480006653000,1,1,0,0
21480006656000,18,13,5,714.6
21480006657000,38,20,18,1489.6
21480006658000,1,0,1,0
21480006667000,21,10,11,1039.5
21480006668000,5,2,3,239
21480006676000,3,2,1,0
21480006682000,12,6,6,799.2
21480006683000,2,1,1,0
21480006697000,23,10,13,1044.2
21480006737000,18,8,10,981
21480006738000,363,170,193,18186.3
21480006739000,382,176,206,17610.2
21480006740000,3,1,2,0
21480006741000,8,6,2,366.4
21480006742000,29,13,16,1226.7
21480006743000,3,3,0,0
21480006752000,1,1,0,0
21480006764000,8,7,1,324.8
21480006765000,24,16,8,1248
21480006766000,18,9,9,619.2
21480006797000,1,1,0,0
21480006860000,19,10,9,904.4
21480006861000,23,10,13,1044.2
21480006877000,14,8,6,495.6
21480006878000,75,41,34,3195
21480006879000,9,4,5,448.2
21480006919000,6,3,3,292.8
21480006920000,2,1,1,0
21480006921000,23,13,10,936.1
21480006922000,13,7,6,478.4
21480006945000,11,6,5,588.5
21480006965000,19,12,7,815.1
21480006966000,18,9,9,1011.6
21480006967000,55,29,26,2425.5
21480006968000,35,19,16,1438.5
21480006969000,40,20,20,1272
21480006975000,9,4,5,333
21480006980000,47,28,19,2147.9
21480006981000,12,7,5,579.6
21480006992000,36,20,16,1450.8
21480006993000,52,24,28,1866.8
21480006996000,3,1,2,0
21480006997000,89,53,36,3835.9
21480006998000,5,4,1,268
21480007001000,2,1,1,0
21480007008000,35,18,17,1477
21480007009000,44,22,22,1914
21480007010000,15,7,8,685.5
21480007011000,40,28,12,1556
21480007015000,11,4,7,361.9
21480007016000,2,0,2,0
21480007020000,1,1,0,0
21480007026000,46,22,24,2051.6
21480007027000,1,1,0,0
21480007053000,5,4,1,204
21490006504000,59,34,25,2531.1
21490006505000,152,69,83,6520.8
21490006506000,336,170,166,15019.2
21490006507000,32,18,14,1235.2
21490006508000,18,10,8,878.4
21490006509000,1,0,1,0
21490006511000,78,39,39,3494.4
21490006512000,38,19,19,1751.8
21490006513000,13,5,8,618.8
21490006514000,91,45,46,3485.3
21490006516000,3,1,2,0
21490006517000,44,21,23,1729.2
21490006524000,1,0,1,0
21490006525000,3,2,1,0
21490006526000,1,0,1,0
21490006527000,2,1,1,0
21490006528000,12,5,7,495.6
21490006530000,2,1,1,0
21490006540000,13,6,7,778.7
21490006541000,2,1,1,0
21490006567000,24,12,12,936
21490006568000,17,6,11,977.5
21490006569000,25,15,10,757.5
21490006605000,7,3,4,256.2
21490006624000,8,4,4,444.8
21490006625000,1,1,0,0
21490006640000,12,6,6,531.6
21490006644000,1,1,0,0
21490006645000,4,3,1,0
21490006654000,27,11,16,963.9
21490006658000,25,13,12,1242.5
21490006659000,4,3,1,0
21490006665000,5,3,2,229
21490006666000,24,12,12,777.6
21490006667000,20,9,11,964
21490006681000,6,5,1,213
21490006682000,38,19,19,1603.6
21490006697000,5,3,2,147
21490006737000,6,3,3,307.8
21490006738000,3,2,1,0
21490006739000,83,32,51,3934.2
21490006740000,9,5,4,536.4
21490006741000,58,30,28,2407
21490006742000,1,1,0,0
21490006764000,20,9,11,700
21490006765000,274,138,136,9453
21490006860000,1,1,0,0
21490006861000,30,20,10,1101
21490006878000,71,33,38,3074.3
21490006879000,32,17,15,1475.2
21490006919000,3,1,2,0
21490006921000,1,1,0,0
21490006944000,15,8,7,810
21490006945000,15,7,8,555
21490006946000,3,2,1,0
21490006953000,1,1,0,0
21490006954000,3,1,2,0
21490006956000,8,4,4,384.8
21490006980000,21,9,12,1026.9
21490006981000,41,24,17,1935.2
21490006984000,36,19,17,1447.2
21490006985000,83,47,36,3494.3
21490006988000,13,8,5,482.3
21490006989000,7,7,0,282.8
21490006991000,1,1,0,0
21490006992000,38,20,18,1645.4
21490006993000,76,41,35,3055.2
21490006995000,5,3,2,295
21490006996000,14,8,6,537.6
21490006997000,19,10,9,771.4
21490007008000,2,1,1,0
21490007009000,19,8,11,727.7
21490007015000,2,1,1,0
21490007020000,10,7,3,478
21490007024000,3,2,1,0
21490007026000,31,13,18,1128.4
21490007027000,81,42,39,3442.5
21490007041000,2,2,0,0
21490007043000,4,0,4,0
21490007054000,16,10,6,561.6
21490007061000,2,1,1,0
21490007062000,126,65,61,5934.6
21500006505000,33,15,18,1461.9
21500006506000,155,72,83,5828
21500006507000,50,25,25,2050
21500006508000,20,13,7,666
21500006510000,5,3,2,144
21500006511000,23,11,12,1150
21500006512000,1,1,0,0
21500006515000,3,3,0,0
21500006517000,10,4,6,373
21500006518000,9,3,6,413.1
21500006519000,3,1,2,0
21500006524000,4,3,1,0
21500006527000,12,5,7,517.2
21500006528000,28,17,11,750.4
21500006532000,5,4,1,190
21500006533000,4,2,2,0
21500006534000,24,9,15,890.4
21500006542000,6,2,4,264
21500006567000,15,6,9,751.5
21500006568000,92,50,42,3413.2
21500006569000,3,2,1,0
21500006605000,13,7,6,544.7
21500006624000,1,1,0,0
21500006625000,6,2,4,382.8
21500006639000,2,1,1,0
21500006640000,9,3,6,396
21500006641000,4,3,1,0
21500006654000,1,0,1,0
21500006659000,134,68,66,5882.6
21500006660000,15,9,6,723
21500006665000,1,0,1,0
21500006666000,136,63,73,6596
21500006667000,22,12,10,862.4
21500006673000,1,0,1,0
21500006674000,1,1,0,0
21500006675000,4,2,2,0
21500006676000,2,0,2,0
21500006681000,6,3,3,349.2
21500006682000,12,6,6,459.6
21500006697000,6,2,4,265.2
21500006740000,107,55,52,3905.5
21500006741000,84,45,39,3032.4
21500006763000,19,9,10,729.6
21500006764000,360,173,187,14760
21500006765000,166,88,78,6490.6
21500006796000,2,1,1,0
21500006850000,5,4,1,111
21500006861000,2,1,1,0
21500006862000,3,2,1,0
21500006878000,41,19,22,1914.7
21500006879000,116,53,63,4976.4
21500006918000,7,5,2,419.3
21500006919000,1,0,1,0
21500006980000,2,1,1,0
21500006981000,59,33,26,2466.2
21500006983000,12,6,6,597.6
21500006984000,14,8,6,656.6
21500006985000,128,65,63,5452.8
21500006986000,22,13,9,957
21500006994000,6,4,2,286.2
21500006995000,2,0,2,0
21500006996000,5,2,3,328
21500007009000,11,5,6,500.5
21500007026000,15,10,5,481.5
21500007027000,95,45,50,4997
21500007028000,1,1,0,0
21500007039000,2,1,1,0
21500007043000,9,3,6,323.1
21500007061000,100,45,55,4080
21500007062000,78,35,43,3939
21510006507000,28,13,15,1450.4
21510006508000,59,28,31,2607.8
21510006509000,74,33,41,2656.6
21510006510000,19,10,9,1007
21510006511000,21,9,12,1064.7
21510006512000,15,7,8,727.5
21510006518000,13,8,5,582.4
21510006519000,116,59,57,4396.4
21510006522000,4,3,1,0
21510006523000,1,0,1,0
21510006524000,5,3,2,100
21510006528000,2,1,1,0
21510006529000,3,0,3,0
21510006530000,6,2,4,93
21510006536000,2,1,1,0
21510006542000,28,16,12,932.4
21510006543000,40,23,17,1916
21510006546000,3,1,2,0
21510006547000,10,6,4,417
21510006567000,19,7,12,682.1
21510006568000,1,0,1,0
21510006569000,7,3,4,315
21510006604000,10,5,5,600
21510006605000,16,8,8,740.8
21510006625000,19,9,10,661.2
21510006627000,1,1,0,0
21510006637000,7,5,2,189.7
21510006639000,1,0,1,0
21510006640000,66,36,30,2706
21510006641000,4,2,2,0
21510006659000,225,106,119,9562.5
21510006660000,10,4,6,561
21510006665000,8,3,5,547.2
21510006666000,42,21,21,1726.2
21510006667000,29,14,15,1104.9
21510006668000,30,18,12,1278
21510006669000,22,13,9,1056
21510006670000,9,6,3,291.6
21510006671000,6,4,2,304.8
21510006672000,23,14,9,949.9
21510006673000,9,6,3,420.3
21510006674000,19,11,8,929.1
21510006681000,8,3,5,504
21510006697000,9,6,3,385.2
21510006739000,9,5,4,334.8
21510006740000,10,4,6,329
21510006741000,47,23,24,1677.9
21510006742000,12,6,6,427.2
21510006762000,31,14,17,1103.6
21510006763000,12,6,6,504
21510006764000,57,32,25,2148.9
21510006794000,8,4,4,374.4
21510006795000,8,4,4,343.2
21510006860000,3,2,1,0
21510006863000,9,3,6,468
21510006864000,12,7,5,612
21510006878000,41,21,20,1640
21510006879000,48,23,25,2395.2
21510006880000,4,4,0,0
21510006918000,15,6,9,802.5
21510006978000,1,0,1,0
21510006981000,72,43,29,2102.4
21510006982000,5,3,2,135
21510006998000,1,0,1,0
21510006999000,29,18,11,1061.4
21510007003000,3,1,2,0
21510007007000,15,8,7,447
21510007009000,5,2,3,107
21510007010000,7,4,3,399
21510007016000,9,4,5,457.2
21510007020000,11,6,5,522.5
21510007021000,3,2,1,0
21510007028000,11,6,5,503.8
21510007039000,23,10,13,1053.4
21510007041000,4,2,2,0
21510007043000,7,4,3,219.8
21510007056000,36,16,20,1562.4
21520006507000,5,3,2,318
21520006508000,31,17,14,1559.3
21520006509000,24,12,12,820.8
21520006511000,1,1,0,0
21520006512000,11,5,6,471.9
21520006513000,9,6,3,489.6
21520006519000,15,9,6,874.5
21520006520000,132,67,65,6006
21520006521000,64,31,33,2297.6
21520006526000,20,12,8,766
21520006530000,3,1,2,0
21520006536000,1,1,0,0
21520006542000,4,1,3,0
21520006543000,39,24,15,1852.5
21520006544000,45,21,24,1840.5
21520006545000,6,1,5,219
21520006546000,6,5,1,126
21520006567000,12,8,4,519.6
21520006568000,1,1,0,0
21520006569000,2,1,1,0
21520006603000,14,8,6,610.4
21520006604000,58,33,25,2708.6
21520006605000,43,26,17,1818.9
21520006606000,4,2,2,0
21520006625000,11,7,4,563.2
21520006627000,2,1,1,0
21520006636000,4,2,2,0
21520006637000,2,1,1,0
21520006638000,4,2,2,0
21520006639000,22,11,11,1421.2
21520006641000,7,4,3,473.9
21520006659000,17,8,9,1111.8
21520006665000,28,13,15,831.6
21520006666000,44,26,18,1843.6
21520006667000,12,7,5,457.2
21520006672000,7,3,4,282.8
21520006679000,6,3,3,241.2
21520006680000,11,6,5,473
21520006697000,5,3,2,379
21520006740000,11,7,4,515.9
21520006741000,69,34,35,2960.1
21520006742000,10,4,6,390
21520006761000,42,22,20,1717.8
21520006762000,1,1,0,0
21520006763000,16,10,6,740.8
21520006764000,18,9,9,936
21520006793000,20,11,9,984
21520006794000,78,36,42,3346.2
21520006797000,6,3,3,343.8
21520006865000,15,4,11,499.5
21520006877000,21,10,11,972.3
21520006878000,57,30,27,2741.7
21520006879000,39,21,18,1626.3
21520006918000,9,5,4,511.2
21520006968000,1,1,0,0
21520006981000,38,17,21,1945.6
21520006982000,5,1,4,146
21520006987000,1,0,1,0
21520006989000,2,1,1,0
21520006990000,7,4,3,219.8
21520006991000,10,5,5,302
21520006995000,1,0,1,0
21520006997000,22,11,11,943.8
21520006998000,33,17,16,1676.4
21520006999000,25,13,12,1095
21520007007000,3,1,2,0
21520007008000,11,8,3,486.2
21520007009000,12,5,7,436.8
21520007010000,21,11,10,1224.3
21520007014000,19,11,8,811.3
21520007015000,8,3,5,391.2
21520007020000,6,3,3,331.8
21520007028000,10,4,6,260
21520007040000,29,15,14,1249.9
21520007041000,10,7,3,575
21520007042000,1,1,0,0
21520007050000,10,5,5,292
21520007051000,11,6,5,415.8
21520007052000,9,4,5,187.2
21520007055000,24,12,12,792
21520007056000,136,69,67,5807.2
21530006508000,19,11,8,604.2
21530006509000,55,25,30,2260.5
21530006512000,1,1,0,0
21530006513000,49,22,27,2347.1
21530006514000,1,0,1,0
21530006516000,2,1,1,0
21530006519000,52,26,26,1367.6
21530006520000,74,35,39,2664
21530006521000,54,35,19,2300.4
21530006522000,37,20,17,1550.3
21530006523000,11,6,5,694.1
21530006525000,4,3,1,0
21530006528000,2,1,1,0
21530006531000,2,1,1,0
21530006534000,16,6,10,657.6
21530006535000,1,0,1,0
21530006536000,1,1,0,0
21530006542000,3,1,2,0
21530006543000,61,33,28,2379
21530006544000,21,13,8,804.3
21530006567000,5,4,1,228
21530006576000,2,0,2,0
21530006581000,5,3,2,210
21530006590000,5,3,2,311
21530006601000,3,2,1,0
21530006602000,19,9,10,524.4
21530006605000,4,2,2,0
21530006624000,2,1,1,0
21530006625000,18,10,8,912.6
21530006635000,5,3,2,146
21530006637000,2,0,2,0
21530006638000,6,4,2,400.8
21530006639000,25,12,13,1245
21530006658000,2,1,1,0
21530006659000,101,50,51,3777.4
21530006660000,1,1,0,0
21530006664000,10,3,7,486
21530006666000,4,3,1,0
21530006674000,2,1,1,0
21530006675000,21,9,12,1001.7
21530006676000,2,1,1,0
21530006677000,1,1,0,0
21530006678000,7,5,2,226.1
21530006697000,8,6,2,475.2
21530006698000,9,5,4,415.8
21530006718000,17,8,9,617.1
21530006739000,1,1,0,0
21530006740000,38,17,21,1421.2
21530006741000,9,4,5,450.9
21530006742000,8,2,6,335.2
21530006759000,2,0,2,0
21530006760000,7,6,1,244.3
21530006761000,110,58,52,4312
21530006762000,100,51,49,3720
21530006763000,38,19,19,1668.2
21530006793000,173,108,65,6141.5
21530006794000,2,2,0,0
21530006796000,19,9,10,921.5
21530006797000,3,1,2,0
21530006865000,7,3,4,254.8
21530006877000,33,16,17,1425.6
21530006878000,43,17,26,1522.2
21530006879000,5,3,2,375
21530006918000,10,7,3,273
21530006919000,2,1,1,0
21530006941000,7,5,2,270.2
21530006980000,7,3,4,266.7
21530006981000,11,4,7,566.5
21530006992000,10,6,4,483
21530006994000,3,2,1,0
21530006995000,10,6,4,303
21530006996000,2,1,1,0
21530006997000,4,1,3,0
21530007007000,12,7,5,466.8
21530007011000,2,1,1,0
21530007012000,9,5,4,560.7
21530007013000,6,4,2,313.2
21530007014000,1,1,0,0
21530007021000,2,1,1,0
21530007030000,1,1,0,0
21530007037000,2,1,1,0
21530007038000,5,4,1,244
21530007041000,77,30,47,4573.8
21530007049000,4,2,2,0
21530007051000,19,11,8,925.3
21530007052000,9,3,6,495.9
21530007055000,12,6,6,562.8
21540006509000,6,4,2,271.8
21540006510000,9,4,5,306
21540006512000,18,10,8,745.2
21540006513000,118,62,56,4318.8
21540006514000,20,9,11,860
21540006515000,13,6,7,514.8
21540006516000,10,4,6,208
21540006517000,1,1,0,0
21540006519000,12,6,6,684
21540006521000,12,6,6,326.4
21540006522000,13,7,6,553.8
21540006523000,2,1,1,0
21540006524000,3,2,1,0
21540006525000,26,15,11,1175.2
21540006526000,6,3,3,241.8
21540006527000,6,2,4,163.2
21540006535000,5,2,3,189
21540006541000,22,13,9,884.4
21540006542000,31,18,13,1199.7
21540006543000,103,60,43,4686.5
21540006544000,18,10,8,892.8
21540006566000,6,3,3,240
21540006567000,4,2,2,0
21540006575000,6,4,2,333
21540006576000,3,1,2,0
21540006577000,4,2,2,0
21540006578000,8,3,5,318.4
21540006601000,15,8,7,571.5
21540006602000,76,37,39,3283.2
21540006603000,49,26,23,1489.6
21540006624000,11,6,5,443.3
21540006625000,21,10,11,1012.2
21540006634000,2,1,1,0
21540006635000,15,8,7,537
21540006636000,16,10,6,724.8
21540006637000,2,1,1,0
21540006638000,39,20,19,1618.5
21540006639000,20,10,10,690
21540006659000,24,10,14,1120.8
21540006660000,2,2,0,0
21540006661000,1,0,1,0
21540006663000,4,2,2,0
21540006664000,4,1,3,0
21540006674000,30,18,12,1041
21540006675000,5,4,1,153
21540006697000,19,9,10,965.2
21540006698000,13,7,6,633.1
21540006740000,17,10,7,962.2
21540006742000,47,24,23,2213.7
21540006743000,30,15,15,1179
21540006758000,12,11,1,265.2
21540006760000,7,4,3,405.3
21540006761000,264,131,133,8104.8
21540006762000,54,20,34,1949.4
21540006793000,89,37,52,4752.6
21540006795000,3,1,2,0
21540006867000,3,2,1,0
21540006868000,9,5,4,246.6
21540006869000,11,4,7,331.1
21540006877000,25,14,11,1115
21540006878000,26,17,9,1138.8
21540006917000,13,7,6,644.8
21540006918000,5,3,2,225
21540006980000,49,22,27,2307.9
21540006988000,6,4,2,181.2
21540006990000,5,3,2,172
21540006991000,1,1,0,0
21540006992000,141,71,70,6020.7
21540006993000,176,90,86,6934.4
21540006994000,309,151,158,14244.9
21540006998000,1,1,0,0
21540007029000,5,2,3,261
21540007030000,6,3,3,249
21540007038000,2,0,2,0
21540007041000,33,17,16,1138.5
21540007048000,6,5,1,319.2
21540007049000,5,1,4,220
21540007050000,12,4,8,408
21540007051000,11,6,5,426.8
21540007052000,22,11,11,822.8
21540007053000,16,11,5,561.6
21540007054000,2,2,0,0
21540007055000,46,24,22,1987.2
21550006509000,5,2,3,259
21550006510000,97,47,50,4384.4
21550006513000,19,9,10,1149.5
21550006514000,5,3,2,279
21550006515000,3,1,2,0
21550006518000,2,1,1,0
21550006519000,31,17,14,1475.6
21550006520000,2,1,1,0
21550006522000,7,4,3,242.9
21550006523000,7,4,3,144.9
21550006524000,43,18,25,1711.4
21550006525000,137,73,64,5534.8
21550006526000,26,15,11,1073.8
21550006527000,1,0,1,0
21550006532000,6,3,3,297
21550006536000,4,2,2,0
21550006540000,11,6,5,550
21550006541000,150,78,72,6705
21550006542000,172,90,82,8015.2
21550006543000,46,23,23,1886
21550006544000,22,12,10,673.2
21550006549000,1,1,0,0
21550006558000,4,1,3,0
21550006565000,2,1,1,0
21550006566000,7,3,4,263.2
21550006570000,3,3,0,0
21550006571000,2,1,1,0
21550006579000,8,5,3,384
21550006590000,2,2,0,0
21550006591000,1,1,0,0
21550006597000,3,2,1,0
21550006598000,1,0,1,0
21550006601000,30,17,13,1167
21550006602000,11,6,5,425.7
21550006625000,4,2,2,0
21550006631000,3,1,2,0
21550006632000,8,3,5,308
21550006633000,2,1,1,0
21550006636000,2,1,1,0
21550006639000,2,1,1,0
21550006660000,7,3,4,406
21550006661000,1,1,0,0
21550006662000,11,6,5,568.7
21550006663000,3,1,2,0
21550006666000,132,53,79,7761.6
21550006667000,114,55,59,5038.8
21550006671000,9,5,4,358.2
21550006672000,25,10,15,782.5
21550006673000,13,6,7,435.5
21550006674000,35,16,19,1431.5
21550006696000,3,2,1,0
21550006697000,69,37,32,2891.1
21550006698000,24,15,9,1142.4
21550006716000,1,1,0,0
21550006719000,7,4,3,254.1
21550006740000,22,9,13,851.4
21550006741000,12,7,5,366
21550006742000,62,28,34,2678.4
21550006743000,19,10,9,655.5
21550006746000,5,1,4,162
21550006758000,18,11,7,685.8
21550006759000,3,0,3,0
21550006760000,2,1,1,0
21550006761000,34,21,13,1730.6
21550006793000,46,25,21,2074.6
21550006794000,36,16,20,1339.2
21550006869000,9,5,4,390.6
21550006870000,6,3,3,250.2
21550006876000,1,1,0,0
21550006877000,16,8,8,729.6
21550006878000,18,11,7,883.8
21550006917000,108,56,52,4795.2
21550006918000,19,10,9,845.5
21550006938000,15,7,8,451.5
21550006979000,5,4,1,238
21550006980000,11,4,7,580.8
21550006984000,8,3,5,278.4
21550006990000,11,3,8,588.5
21550006991000,15,9,6,489
21550006993000,162,77,85,7533
21550006994000,205,103,102,9143
21550006995000,25,15,10,1145
21550006998000,2,2,0,0
21550007015000,2,1,1,0
21550007017000,5,2,3,237
21550007026000,6,3,3,424.8
21550007027000,13,6,7,656.5
21550007028000,9,6,3,494.1
21550007029000,8,5,3,424.8
21550007035000,14,11,3,575.4
21550007041000,4,3,1,0
21550007045000,4,3,1,0
21550007050000,5,4,1,136
21550007052000,16,9,7,561.6
21550007055000,30,14,16,1269
21560006510000,3,2,1,0
21560006513000,13,6,7,730.6
21560006514000,7,4,3,513.8
21560006516000,2,1,1,0
21560006518000,9,5,4,403.2
21560006519000,46,21,25,2189.6
21560006520000,55,31,24,2183.5
21560006523000,7,4,3,457.1
21560006524000,116,59,57,4616.8
21560006525000,16,9,7,716.8
21560006527000,29,17,12,1380.4
21560006535000,5,2,3,257
21560006536000,35,19,16,1424.5
21560006539000,3,2,1,0
21560006540000,25,9,16,862.5
21560006541000,38,19,19,1520
21560006542000,108,50,58,4341.6
21560006543000,46,22,24,1311
21560006544000,6,3,3,337.2
21560006565000,23,13,10,975.2
21560006566000,10,6,4,515
21560006569000,5,2,3,315
21560006571000,27,15,12,1263.6
21560006572000,16,7,9,555.2
21560006573000,4,2,2,0
21560006574000,10,5,5,344
21560006590000,2,1,1,0
21560006591000,12,6,6,544.8
21560006597000,4,2,2,0
21560006600000,30,20,10,1260
21560006601000,58,30,28,2314.2
21560006625000,18,11,7,948.6
21560006632000,3,1,2,0
21560006634000,1,0,1,0
21560006660000,6,3,3,234
21560006665000,55,25,30,1831.5
21560006666000,172,79,93,7550.8
21560006667000,36,16,20,1602
21560006668000,12,5,7,448.8
21560006669000,4,3,1,0
21560006670000,38,19,19,2002.6
21560006671000,72,34,38,2534.4
21560006672000,40,18,22,1816
21560006673000,5,4,1,198
21560006696000,4,2,2,0
21560006697000,61,29,32,2409.5
21560006698000,24,13,11,765.6
21560006718000,8,6,2,420.8
21560006719000,40,23,17,2004
21560006741000,77,34,43,3249.4
21560006742000,19,9,10,908.2
21560006743000,2,1,1,0
21560006758000,15,6,9,573
21560006759000,5,3,2,185
21560006760000,12,8,4,465.6
21560006793000,17,8,9,601.8
21560006794000,44,19,25,1953.6
21560006796000,11,7,4,434.5
21560006870000,15,9,6,688.5
21560006876000,15,7,8,529.5
21560006877000,8,4,4,411.2
21560006878000,36,24,12,1314
21560006917000,12,7,5,471.6
21560006918000,5,4,1,332
21560006979000,3,1,2,0
21560006982000,7,4,3,261.1
21560006983000,4,2,2,0
21560006987000,10,5,5,547
21560006994000,22,12,10,948.2
21560006995000,3,1,2,0
21560006999000,7,4,3,443.1
21560007012000,1,1,0,0
21560007013000,8,4,4,344.8
21560007015000,12,5,7,670.8
21560007018000,1,0,1,0
21560007021000,22,12,10,888.8
21560007022000,2,1,1,0
21560007023000,5,4,1,226
21560007025000,4,3,1,0
21560007026000,24,12,12,924
21560007027000,21,11,10,1589.7
21560007036000,25,13,12,777.5
21560007041000,21,11,10,808.5
21560007045000,8,3,5,252.8
21560007055000,56,21,35,2525.6
21560007056000,44,22,22,1940.4
21570006512000,6,3,3,298.8
21570006514000,1,0,1,0
21570006515000,21,16,5,663.6
21570006516000,38,23,15,1653
21570006517000,5,3,2,175
21570006519000,5,2,3,357
21570006520000,46,24,22,2350.6
21570006522000,2,1,1,0
21570006523000,17,8,9,673.2
21570006524000,103,54,49,4120
21570006526000,6,4,2,312
21570006527000,100,53,47,3700
21570006528000,168,76,92,7106.4
21570006529000,3,1,2,0
21570006531000,7,5,2,296.1
21570006532000,110,56,54,4345
21570006533000,112,61,51,4144
21570006534000,2,1,1,0
21570006535000,58,18,40,3549.6
21570006536000,24,13,11,945.6
21570006538000,8,5,3,271.2
21570006539000,34,19,15,1407.6
21570006542000,13,7,6,639.6
21570006543000,17,9,8,899.3
21570006565000,31,16,15,1007.5
21570006566000,3,2,1,0
21570006572000,46,27,19,1840
21570006573000,31,17,14,1063.3
21570006587000,1,1,0,0
21570006590000,7,5,2,303.8
21570006591000,35,17,18,1260
21570006598000,3,2,1,0
21570006600000,40,16,24,1244
21570006601000,30,20,10,903
21570006602000,9,4,5,277.2
21570006623000,19,9,10,953.8
21570006624000,100,48,52,4800
21570006625000,13,7,6,413.4
21570006664000,2,1,1,0
21570006667000,6,4,2,172.8
21570006668000,19,10,9,822.7
21570006669000,6,4,2,192
21570006670000,15,8,7,949.5
21570006696000,23,9,14,1064.9
21570006697000,163,88,75,6357
21570006698000,2,0,2,0
21570006718000,19,10,9,845.5
21570006719000,29,15,14,1336.9
21570006727000,1,1,0,0
21570006741000,173,84,89,7888.8
21570006742000,41,22,19,1914.7
21570006751000,2,2,0,0
21570006758000,8,3,5,335.2
21570006759000,3,1,2,0
21570006794000,11,6,5,359.7
21570006795000,11,5,6,610.5
21570006796000,9,4,5,366.3
21570006797000,9,3,6,497.7
21570006870000,12,6,6,507.6
21570006871000,14,6,8,526.4
21570006875000,3,2,1,0
21570006876000,9,3,6,426.6
21570006877000,8,6,2,276
21570006878000,7,4,3,322.7
21570006917000,4,3,1,0
21570006918000,20,6,14,762
21570006962000,5,2,3,145
21570006982000,12,6,6,519.6
21570006987000,12,7,5,537.6
21570006994000,7,3,4,506.8
21570006995000,28,14,14,1226.4
21570006999000,7,3,4,389.2
21570007000000,43,21,22,2132.8
21570007001000,22,11,11,1163.8
21570007011000,29,15,14,1064.3
21570007012000,4,3,1,0
21570007021000,4,3,1,0
21570007024000,5,4,1,332
21570007026000,11,7,4,437.8
21570007027000,7,4,3,448
21570007029000,1,0,1,0
21570007031000,1,0,1,0
21570007036000,4,1,3,0
21570007042000,3,1,2,0
21570007043000,41,22,19,1984.4
21570007045000,3,1,2,0
21570007050000,2,1,1,0
21570007051000,1,0,1,0
21570007052000,4,1,3,0
21570007053000,2,1,1,0
21570007054000,58,33,25,2969.6
21570007055000,20,9,11,816
21580006515000,70,39,31,2632
21580006516000,42,19,23,2100
21580006519000,7,4,3,226.1
21580006520000,11,6,5,575.3
21580006521000,6,3,3,297
21580006522000,2,1,1,0
21580006523000,60,35,25,2346
21580006524000,3,2,1,0
21580006526000,7,3,4,266.7
21580006527000,6,3,3,357
21580006528000,23,11,12,901.6
21580006529000,17,11,6,663
21580006530000,41,22,19,1619.5
21580006531000,23,11,12,848.7
21580006532000,23,14,9,1071.8
21580006533000,136,68,68,5929.6
21580006534000,212,99,113,8034.8
21580006535000,30,10,20,2178
21580006536000,50,30,20,2210
21580006537000,40,23,17,1880
21580006538000,54,29,25,2165.4
21580006539000,20,11,9,928
21580006553000,6,3,3,156
21580006565000,17,7,10,647.7
21580006566000,19,10,9,839.8
21580006567000,1,1,0,0
21580006571000,21,11,10,942.9
21580006572000,8,5,3,362.4
21580006590000,2,1,1,0
21580006591000,43,22,21,1672.7
21580006598000,11,5,6,390.5
21580006600000,4,2,2,0
21580006601000,4,2,2,0
21580006602000,44,23,21,1518
21580006623000,43,22,21,1560.9
21580006624000,114,57,57,4856.4
21580006625000,91,42,49,3075.8
21580006696000,21,14,7,791.7
21580006697000,44,26,18,2059.2
21580006718000,11,8,3,471.9
21580006741000,76,45,31,2842.4
21580006742000,72,40,32,2865.6
21580006756000,4,3,1,0
21580006758000,15,9,6,664.5
21580006759000,8,4,4,384.8
21580006797000,22,11,11,902
21580006870000,14,7,7,890.4
21580006871000,35,17,18,1484
21580006875000,30,17,13,1341
21580006876000,7,4,3,466.2
21580006877000,2,1,1,0
21580006916000,8,6,2,280.8
21580006917000,22,12,10,897.6
21580006964000,2,1,1,0
21580006976000,13,6,7,743.6
21580006982000,2,2,0,0
21580006984000,16,8,8,672
21580006985000,18,10,8,792
21580006986000,22,12,10,1089
21580006987000,46,24,22,1665.2
21580006995000,31,14,17,1178
21580007000000,37,21,16,1502.2
21580007001000,7,5,2,417.9
21580007002000,11,6,5,479.6
21580007008000,2,1,1,0
21580007009000,36,16,20,1724.4
21580007010000,15,5,10,504
21580007011000,84,42,42,3679.2
21580007026000,23,12,11,1071.8
21580007027000,7,4,3,214.2
21580007029000,7,5,2,165.9
21580007037000,5,2,3,355
21580007038000,1,1,0,0
21580007043000,30,17,13,1221
21580007047000,10,5,5,255
21580007048000,7,4,3,478.8
21580007049000,12,5,7,346.8
21580007050000,27,16,11,1244.7
21580007051000,45,26,19,2200.5
21580007052000,63,32,31,2469.6
21580007053000,25,13,12,1265
21590006513000,12,5,7,643.2
21590006514000,56,28,28,3029.6
21590006515000,136,77,59,5875.2
21590006516000,22,12,10,842.6
21590006517000,1,1,0,0
21590006520000,22,11,11,1029.6
21590006521000,6,2,4,283.2
21590006523000,45,26,19,1876.5
21590006524000,10,4,6,333
21590006526000,4,3,1,0
21590006527000,16,8,8,665.6
21590006530000,6,3,3,352.8
21590006531000,7,2,5,315
21590006532000,5,1,4,246
21590006533000,62,28,34,2529.6
21590006534000,5,2,3,239
21590006535000,13,8,5,568.1
21590006536000,16,11,5,620.8
21590006537000,124,60,64,4947.6
21590006538000,11,6,5,544.5
21590006562000,7,4,3,349.3
21590006563000,5,3,2,358
21590006564000,8,5,3,222.4
21590006565000,369,181,188,16199.1
21590006566000,501,240,261,20541
21590006567000,26,12,14,837.2
21590006571000,17,8,9,792.2
21590006572000,15,9,6,808.5
21590006590000,2,1,1,0
21590006591000,32,14,18,1417.6
21590006597000,9,2,7,308.7
21590006598000,10,5,5,422
21590006601000,67,36,31,2740.3
21590006602000,34,17,17,1050.6
21590006603000,7,4,3,350
21590006623000,119,58,61,4914.7
21590006624000,16,7,9,1182.4
21590006625000,9,7,2,242.1
21590006630000,2,1,1,0
21590006631000,4,3,1,0
21590006659000,9,7,2,516.6
21590006660000,1,0,1,0
21590006696000,41,20,21,1890.1
21590006697000,19,11,8,725.8
21590006727000,1,1,0,0
21590006741000,22,15,7,693
21590006742000,27,15,12,1287.9
21590006743000,10,4,6,393
21590006757000,22,15,7,1040.6
21590006758000,5,2,3,226
21590006796000,10,6,4,620
21590006797000,14,7,7,701.4
21590006798000,13,7,6,613.6
21590006870000,4,2,2,0
21590006871000,43,21,22,2180.1
21590006874000,10,5,5,507
21590006876000,5,2,3,339
21590006915000,8,4,4,240.8
21590006964000,7,4,3,300.3
21590006965000,14,4,10,568.4
21590006975000,1,1,0,0
21590006976000,12,5,7,525.6
21590006977000,19,9,10,704.9
21590006984000,35,20,15,1424.5
21590006985000,11,6,5,363
21590006986000,14,7,7,609
21590006987000,19,9,10,982.3
21590006988000,66,36,30,3201
21590006994000,27,14,13,1128.6
21590006995000,11,7,4,587.4
21590006996000,14,8,6,407.4
21590007011000,39,21,18,1450.8
21590007012000,18,9,9,1031.4
21590007016000,2,1,1,0
21590007017000,7,2,5,396.9
21590007018000,4,1,3,0
21590007019000,5,2,3,318
21590007025000,3,2,1,0
21590007028000,30,15,15,1566
21590007029000,2,1,1,0
21590007044000,58,34,24,2012.6
21590007046000,6,4,2,295.2
21590007048000,11,5,6,290.4
21590007051000,11,4,7,602.8
21600006515000,10,6,4,396
21600006516000,28,15,13,795.2
21600006517000,9,4,5,459.9
21600006518000,28,14,14,1156.4
21600006519000,31,17,14,1013.7
21600006520000,45,23,22,1881
21600006521000,4,1,3,0
21600006523000,12,7,5,567.6
21600006524000,2,1,1,0
21600006526000,7,1,6,224
21600006527000,11,8,3,467.5
21600006530000,6,4,2,175.2
21600006531000,3,0,3,0
21600006532000,2,2,0,0
21600006533000,2,1,1,0
21600006535000,5,2,3,173
21600006536000,23,12,11,931.5
21600006537000,85,44,41,3459.5
21600006538000,10,6,4,382
21600006546000,2,1,1,0
21600006549000,31,18,13,1252.4
21600006559000,1,0,1,0
21600006561000,29,16,13,841
21600006562000,44,21,23,1804
21600006563000,16,8,8,742.4
21600006564000,20,9,11,822
21600006565000,195,101,94,6825
21600006566000,198,79,119,9741.6
21600006567000,6,3,3,204
21600006570000,1,0,1,0
21600006571000,6,3,3,433.8
21600006572000,4,3,1,0
21600006587000,15,9,6,558
21600006588000,40,23,17,1544
21600006590000,16,10,6,616
21600006591000,4,2,2,0
21600006597000,26,14,12,1222
21600006598000,9,5,4,368.1
21600006600000,10,5,5,366
21600006601000,60,29,31,2358
21600006602000,42,19,23,1743
21600006603000,79,38,41,3555
21600006604000,5,2,3,219
21600006608000,2,1,1,0
21600006623000,9,3,6,393.3
21600006624000,1,1,0,0
21600006626000,4,3,1,0
21600006629000,5,2,3,191
21600006633000,2,1,1,0
21600006650000,9,5,4,521.1
21600006651000,4,2,2,0
21600006659000,3,2,1,0
21600006695000,1,1,0,0
21600006696000,33,16,17,1306.8
21600006697000,8,6,2,335.2
21600006699000,1,1,0,0
21600006721000,2,1,1,0
21600006727000,2,1,1,0
21600006741000,11,8,3,414.7
21600006742000,18,10,8,824.4
21600006743000,2,1,1,0
21600006752000,7,3,4,284.9
21600006753000,2,2,0,0
21600006754000,7,5,2,338.1
21600006757000,18,10,8,1062
21600006797000,30,14,16,1491
21600006798000,39,23,16,1719.9
21600006871000,11,8,3,623.7
21600006872000,162,90,72,6220.8
21600006873000,247,118,129,10176.4
21600006874000,4,2,2,0
21600006914000,19,9,10,674.5
21600006915000,14,8,6,614.6
21600006965000,13,5,8,561.6
21600006966000,8,4,4,316
21600006976000,2,1,1,0
21600006982000,6,4,2,166.2
21600006983000,2,1,1,0
21600006987000,3,3,0,0
21600006988000,9,5,4,194.4
21600006989000,20,8,12,630
21600006990000,1,0,1,0
21600006992000,3,1,2,0
21600006993000,3,2,1,0
21600006996000,15,8,7,829.5
21600006997000,30,15,15,1110
21600007011000,7,4,3,252.7
21600007012000,27,13,14,982.8
21600007013000,13,5,8,621.4
21600007014000,19,7,12,811.3
21600007015000,33,18,15,1689.6
21600007016000,3,1,2,0
21600007017000,31,17,14,1267.9
21600007018000,12,6,6,417.6
21600007026000,7,3,4,184.8
21600007038000,1,0,1,0
21600007039000,6,3,3,390
21600007044000,1,0,1,0
21600007045000,8,3,5,538.4
21600007046000,17,9,8,751.4
21610006519000,2,2,0,0
21610006520000,55,22,33,2519
21610006521000,2,1,1,0
21610006523000,45,22,23,1782
21610006524000,4,1,3,0
21610006525000,11,5,6,456.5
21610006526000,5,3,2,322
21610006527000,3,2,1,0
21610006531000,22,11,11,990
21610006537000,12,11,1,510
21610006538000,7,2,5,252.7
21610006539000,2,1,1,0
21610006548000,2,0,2,0
21610006549000,43,22,21,1947.9
21610006559000,5,3,2,288
21610006560000,1,1,0,0
21610006561000,12,7,5,490.8
21610006562000,2,1,1,0
21610006566000,41,22,19,1627.7
21610006569000,14,9,5,637
21610006570000,23,13,10,915.4
21610006587000,34,15,19,1309
21610006588000,12,7,5,589.2
21610006594000,5,2,3,160
21610006596000,8,3,5,452
21610006597000,57,30,27,2530.8
21610006598000,12,7,5,780
21610006599000,22,11,11,794.2
21610006600000,158,80,78,5577.4
21610006601000,94,46,48,3205.4
21610006602000,43,25,18,1677
21610006603000,56,29,27,2144.8
21610006604000,98,52,46,3812.2
21610006605000,44,20,24,1421.2
21610006606000,11,6,5,397.1
21610006608000,3,2,1,0
21610006621000,16,9,7,547.2
21610006622000,14,9,5,582.4
21610006623000,56,30,26,2402.4
21610006629000,9,6,3,452.7
21610006630000,1,1,0,0
21610006633000,13,6,7,470.6
21610006636000,2,1,1,0
21610006637000,6,4,2,361.8
21610006649000,4,3,1,0
21610006659000,5,4,1,146
21610006696000,20,9,11,1228
21610006699000,26,13,13,967.2
21610006715000,2,1,1,0
21610006726000,3,1,2,0
21610006727000,1,0,1,0
21610006741000,20,9,11,770
21610006742000,14,7,7,631.4
21610006744000,1,1,0,0
21610006751000,3,2,1,0
21610006752000,16,7,9,505.6
21610006756000,4,1,3,0
21610006795000,1,1,0,0
21610006797000,2,1,1,0
21610006798000,62,30,32,2610.2
21610006799000,16,6,10,694.4
21610006872000,325,161,164,15112.5
21610006873000,79,44,35,3175.8
21610006913000,16,8,8,606.4
21610006914000,16,9,7,686.4
21610006915000,6,4,2,324
21610006965000,1,0,1,0
21610006966000,13,9,4,631.8
21610006975000,1,0,1,0
21610006983000,7,4,3,406.7
21610006988000,12,6,6,487.2
21610006989000,1,0,1,0
21610006990000,7,2,5,293.3
21610006991000,5,3,2,194
21610006992000,6,4,2,316.8
21610006993000,6,1,5,112.8
21610006997000,4,2,2,0
21610006998000,1,1,0,0
21610007004000,18,11,7,696.6
21610007011000,4,3,1,0
21610007013000,10,5,5,543
21610007016000,32,13,19,1379.2
21610007019000,7,3,4,310.1
21610007025000,10,7,3,423
21610007028000,3,2,1,0
21620006517000,1,1,0,0
21620006519000,9,5,4,372.6
21620006520000,104,52,52,3910.4
21620006521000,11,5,6,743.6
21620006522000,4,2,2,0
21620006523000,16,10,6,584
21620006527000,15,8,7,520.5
21620006528000,5,2,3,238
21620006543000,31,16,15,1035.4
21620006544000,8,4,4,368
21620006545000,1,0,1,0
21620006546000,21,11,10,772.8
21620006547000,25,11,14,660
21620006548000,69,29,40,2967
21620006549000,64,35,29,2444.8
21620006550000,14,8,6,800.8
21620006554000,4,2,2,0
21620006559000,10,4,6,523
21620006561000,9,5,4,510.3
21620006567000,17,10,7,783.7
21620006568000,20,11,9,862
21620006569000,29,11,18,1017.9
21620006575000,2,1,1,0
21620006587000,65,32,33,2424.5
21620006588000,10,4,6,578
21620006589000,1,1,0,0
21620006593000,17,9,8,746.3
21620006594000,52,28,24,2147.6
21620006595000,11,7,4,522.5
21620006596000,16,8,8,819.2
21620006597000,21,9,12,772.8
21620006598000,54,27,27,2089.8
21620006599000,79,41,38,3389.1
21620006600000,42,20,22,1499.4
21620006601000,287,143,144,11020.8
21620006602000,189,97,92,7692.3
21620006603000,108,53,55,3963.6
21620006604000,3,2,1,0
21620006605000,43,22,21,1599.6
21620006606000,8,4,4,226.4
21620006621000,28,12,16,1083.6
21620006622000,18,12,6,568.8
21620006623000,43,24,19,1861.9
21620006627000,3,1,2,0
21620006629000,1,1,0,0
21620006630000,5,3,2,196
21620006633000,6,3,3,196.2
21620006636000,2,1,1,0
21620006637000,7,3,4,326.9
21620006644000,1,1,0,0
21620006645000,1,0,1,0
21620006647000,2,1,1,0
21620006658000,2,1,1,0
21620006695000,5,3,2,99
21620006696000,5,3,2,272
21620006698000,11,6,5,628.1
21620006741000,4,2,2,0
21620006742000,11,4,7,359.7
21620006743000,1,0,1,0
21620006750000,1,0,1,0
21620006751000,15,7,8,730.5
21620006756000,1,1,0,0
21620006795000,21,13,8,791.7
21620006796000,19,9,10,997.5
21620006797000,22,11,11,1016.4
21620006798000,5,2,3,220
21620006799000,15,8,7,757.5
21620006872000,72,31,41,2721.6
21620006873000,33,13,20,1039.5
21620006912000,1,1,0,0
21620006913000,5,2,3,111
21620006966000,12,7,5,483.6
21620006975000,10,6,4,609
21620006984000,2,1,1,0
21620006989000,13,7,6,406.9
21620007002000,7,4,3,280.7
21620007004000,20,10,10,850
21620007005000,8,4,4,240
21620007011000,4,3,1,0
21620007016000,110,49,61,5456
21620007019000,9,5,4,482.4
21620007028000,7,3,4,300.3
21620007031000,5,3,2,328
21620007032000,6,3,3,234
21630006519000,11,5,6,300.3
21630006520000,8,2,6,368.8
21630006521000,132,67,65,4989.6
21630006522000,130,67,63,4927
21630006523000,22,13,9,930.6
21630006524000,2,1,1,0
21630006527000,30,14,16,900
21630006529000,5,3,2,179
21630006541000,3,2,1,0
21630006542000,1,1,0,0
21630006544000,11,6,5,667.7
21630006545000,31,13,18,1404.3
21630006546000,34,19,15,1377
21630006547000,41,24,17,1422.7
21630006548000,1,1,0,0
21630006549000,1,1,0,0
21630006550000,46,24,22,2070
21630006551000,1,0,1,0
21630006552000,24,9,15,1065.6
21630006560000,10,6,4,483
21630006561000,16,9,7,531.2
21630006586000,21,12,9,709.8
21630006587000,118,56,62,4389.6
21630006588000,138,66,72,5658
21630006589000,41,22,19,2025.4
21630006590000,18,8,10,644.4
21630006591000,20,9,11,730
21630006592000,29,15,14,1331.1
21630006593000,23,13,10,1046.5
21630006594000,27,17,10,1055.7
21630006595000,20,10,10,1044
21630006596000,1,0,1,0
21630006598000,2,1,1,0
21630006599000,706,366,340,21886
21630006600000,670,321,349,26599
21630006601000,573,263,310,28306.2
21630006602000,85,47,38,3196
21630006603000,42,16,26,1877.4
21630006604000,75,36,39,2415
21630006605000,16,9,7,609.6
21630006610000,1,1,0,0
21630006621000,44,27,17,1795.2
21630006622000,10,5,5,431
21630006623000,6,3,3,337.2
21630006624000,4,1,3,0
21630006628000,6,3,3,217.2
21630006630000,23,14,9,880.9
21630006631000,15,7,8,664.5
21630006632000,24,13,11,1017.6
21630006633000,12,6,6,394.8
21630006634000,6,3,3,285
21630006635000,47,27,20,2185.5
21630006636000,12,6,6,378
21630006645000,8,5,3,456
21630006646000,1,1,0,0
21630006649000,5,3,2,165
21630006657000,4,3,1,0
21630006695000,3,2,1,0
21630006697000,12,6,6,429.6
21630006698000,10,5,5,373
21630006705000,1,1,0,0
21630006707000,14,7,7,484.4
21630006708000,2,1,1,0
21630006716000,2,0,2,0
21630006726000,3,3,0,0
21630006743000,50,28,22,2555
21630006744000,1,1,0,0
21630006750000,18,10,8,734.4
21630006751000,3,1,2,0
21630006752000,2,2,0,0
21630006755000,2,1,1,0
21630006763000,1,1,0,0
21630006765000,1,0,1,0
21630006795000,1,1,0,0
21630006797000,5,3,2,299
21630006798000,7,3,4,317.8
21630006873000,49,26,23,2058
21630006874000,6,4,2,178.8
21630006875000,2,2,0,0
21630006912000,15,8,7,712.5
21630006913000,9,5,4,414
21630006967000,31,16,15,1413.6
21630006968000,60,30,30,2106
21630006969000,26,15,11,884
21630006970000,6,3,3,223.8
21630006971000,38,19,19,1903.8
21630006972000,3,2,1,0
21630006990000,9,6,3,325.8
21630007003000,36,20,16,1515.6
21630007005000,14,6,8,957.6
21630007011000,2,1,1,0
21630007012000,9,5,4,424.8
21630007013000,6,3,3,379.2
21630007015000,2,1,1,0
21630007016000,99,47,52,4534.2
21630007022000,1,1,0,0
21630007030000,10,6,4,478
21630007033000,6,3,3,225
21640006518000,25,10,15,1195
21640006519000,30,18,12,1434
21640006520000,37,23,14,1468.9
21640006521000,154,79,75,5513.2
21640006522000,853,414,439,33608.2
21640006523000,238,124,114,9829.4
21640006524000,13,8,5,466.7
21640006526000,19,10,9,868.3
21640006527000,10,8,2,357
21640006528000,3,2,1,0
21640006529000,5,4,1,232
21640006530000,1,1,0,0
21640006542000,3,2,1,0
21640006543000,22,12,10,781
21640006544000,47,23,24,2194.9
21640006545000,22,10,12,820.6
21640006546000,4,1,3,0
21640006548000,4,3,1,0
21640006549000,6,2,4,250.8
21640006550000,31,14,17,1069.5
21640006551000,249,101,148,11902.2
21640006552000,36,16,20,1245.6
21640006559000,2,1,1,0
21640006560000,5,4,1,346
21640006561000,4,2,2,0
21640006585000,13,5,8,523.9
21640006586000,97,45,52,4044.9
21640006587000,559,277,282,24260.6
21640006588000,611,284,327,29511.3
21640006589000,85,45,40,3689
21640006590000,28,16,12,1327.2
21640006591000,41,23,18,1861.4
21640006592000,72,35,37,3074.4
21640006593000,24,15,9,998.4
21640006594000,4,2,2,0
21640006599000,62,33,29,2759
21640006600000,464,239,225,17585.6
21640006601000,197,98,99,7486
21640006602000,38,21,17,1702.4
21640006603000,78,38,40,3455.4
21640006604000,324,164,160,11664
21640006606000,2,1,1,0
21640006607000,10,6,4,442
21640006608000,7,2,5,217.7
21640006609000,7,5,2,326.9
21640006619000,1,0,1,0
21640006620000,15,8,7,607.5
21640006621000,17,10,7,970.7
21640006622000,24,12,12,1224
21640006630000,23,11,12,1007.4
21640006631000,69,35,34,2580.6
21640006632000,87,35,52,4941.6
21640006633000,7,5,2,329.7
21640006634000,17,12,5,748
21640006635000,32,16,16,1232
21640006636000,24,15,9,1183.2
21640006637000,8,5,3,460.8
21640006638000,6,4,2,310.8
21640006639000,6,4,2,276
21640006649000,6,4,2,360
21640006650000,3,2,1,0
21640006651000,18,10,8,705.6
21640006683000,2,1,1,0
21640006695000,9,4,5,320.4
21640006696000,162,81,81,6334.2
21640006697000,30,13,17,1425
21640006702000,46,20,26,1757.2
21640006721000,2,1,1,0
21640006743000,41,22,19,1963.9
21640006744000,5,3,2,135
21640006750000,24,13,11,1032
21640006751000,5,2,3,107
21640006752000,11,6,5,683.1
21640006753000,2,1,1,0
21640006795000,20,13,7,1058
21640006796000,12,5,7,579.6
21640006797000,7,3,4,240.8
21640006873000,47,21,26,1856.5
21640006874000,19,11,8,1024.1
21640006875000,17,10,7,710.6
21640006912000,40,17,23,2004
21640006969000,11,5,6,311.3
21640006970000,18,11,7,874.8
21640006971000,46,24,22,1789.4
21640007003000,62,33,29,3118.6
21640007005000,16,10,6,889.6
21640007012000,79,42,37,3618.2
21640007013000,25,14,11,1272.5
21640007014000,2,1,1,0
21640007016000,27,17,10,685.8
21640007017000,10,7,3,205
21640007018000,4,2,2,0
21640007019000,6,3,3,382.8
21640007021000,1,1,0,0
21640007023000,8,3,5,442.4
21640007024000,5,3,2,291
21640007030000,5,4,1,134
21640007031000,23,8,15,1104
21650006519000,4,2,2,0
21650006522000,847,389,458,39046.7
21650006523000,898,455,443,38793.6
21650006526000,16,7,9,588.8
21650006527000,7,3,4,268.8
21650006528000,7,3,4,214.9
21650006530000,2,1,1,0
21650006540000,2,1,1,0
21650006543000,16,9,7,705.6
21650006544000,13,7,6,555.1
21650006550000,5,1,4,197
21650006551000,35,19,16,1200.5
21650006552000,35,18,17,1074.5
21650006559000,5,4,1,253
21650006560000,6,4,2,301.2
21650006584000,15,9,6,708
21650006585000,20,12,8,986
21650006586000,11,3,8,534.6
21650006587000,42,21,21,1633.8
21650006588000,48,23,25,2049.6
21650006589000,26,13,13,1193.4
21650006590000,23,15,8,857.9
21650006591000,16,9,7,758.4
21650006592000,9,4,5,248.4
21650006600000,54,29,25,2035.8
21650006601000,40,14,26,1340
21650006602000,24,12,12,823.2
21650006603000,10,6,4,550
21650006608000,1,1,0,0
21650006609000,9,4,5,385.2
21650006610000,16,10,6,614.4
21650006620000,49,26,23,2126.6
21650006621000,54,29,25,2435.4
21650006622000,4,3,1,0
21650006630000,16,7,9,577.6
21650006631000,29,17,12,1513.8
21650006632000,40,20,20,1464
21650006635000,4,2,2,0
21650006646000,2,0,2,0
21650006649000,16,9,7,577.6
21650006650000,19,9,10,856.9
21650006651000,6,3,3,402
21650006654000,1,1,0,0
21650006655000,4,2,2,0
21650006683000,2,1,1,0
21650006695000,2,1,1,0
21650006696000,261,129,132,11353.5
21650006697000,17,7,10,814.3
21650006698000,2,2,0,0
21650006702000,23,15,8,696.9
21650006708000,1,1,0,0
21650006725000,9,5,4,425.7
21650006743000,46,23,23,1780.2
21650006744000,11,6,5,464.2
21650006749000,19,7,12,780.9
21650006750000,29,16,13,1461.6
21650006751000,21,9,12,900.9
21650006752000,10,5,5,559
21650006755000,1,1,0,0
21650006765000,25,12,13,907.5
21650006793000,4,2,2,0
21650006794000,1,1,0,0
21650006796000,8,4,4,368.8
21650006798000,6,3,3,319.8
21650006874000,13,6,7,666.9
21650006875000,9,4,5,306.9
21650006911000,9,6,3,360.9
21650006912000,6,2,4,261
21650006975000,9,7,2,366.3
21650006991000,1,1,0,0
21650006992000,8,5,3,320
21650007003000,14,7,7,582.4
21650007004000,45,23,22,2070
21650007005000,22,11,11,794.2
21650007012000,14,8,6,715.4
21650007016000,8,4,4,314.4
21650007017000,5,4,1,213
21650007030000,1,1,0,0
21650007031000,33,16,17,1485
21660006522000,227,110,117,10827.9
21660006523000,1019,505,514,46975.9
21660006524000,147,79,68,6423.9
21660006526000,3,2,1,0
21660006529000,7,4,3,417.2
21660006530000,2,1,1,0
21660006532000,5,2,3,295
21660006537000,2,1,1,0
21660006539000,3,2,1,0
21660006550000,4,2,2,0
21660006551000,1,0,1,0
21660006552000,35,20,15,1445.5
21660006553000,15,8,7,607.5
21660006554000,3,2,1,0
21660006555000,6,3,3,181.8
21660006556000,3,2,1,0
21660006557000,12,6,6,520.8
21660006558000,5,3,2,344
21660006559000,7,4,3,436.1
21660006560000,7,4,3,405.3
21660006582000,4,3,1,0
21660006583000,10,5,5,473
21660006584000,4,2,2,0
21660006587000,5,3,2,368
21660006588000,33,16,17,1577.4
21660006589000,12,6,6,591.6
21660006590000,6,3,3,271.2
21660006599000,20,8,12,672
21660006600000,100,52,48,4210
21660006601000,48,23,25,1910.4
21660006602000,34,19,15,1645.6
21660006603000,17,10,7,751.4
21660006604000,9,5,4,434.7
21660006605000,4,3,1,0
21660006609000,7,3,4,356.3
21660006615000,1,0,1,0
21660006620000,36,21,15,1764
21660006621000,59,30,29,2171.2
21660006622000,10,4,6,363
21660006632000,7,5,2,301
21660006640000,3,2,1,0
21660006648000,4,3,1,0
21660006649000,7,3,4,417.9
21660006650000,11,8,3,555.5
21660006651000,2,1,1,0
21660006652000,11,7,4,247.5
21660006653000,10,4,6,405
21660006672000,1,0,1,0
21660006683000,1,1,0,0
21660006694000,2,1,1,0
21660006695000,27,13,14,1123.2
21660006696000,68,31,37,2801.6
21660006697000,19,12,7,809.4
21660006699000,1,0,1,0
21660006700000,18,11,7,946.8
21660006701000,8,7,1,435.2
21660006702000,22,13,9,1038.4
21660006725000,10,7,3,302
21660006726000,3,2,1,0
21660006743000,13,6,7,713.7
21660006744000,64,33,31,2944
21660006747000,10,5,5,401
21660006748000,23,13,10,1228.2
21660006749000,67,35,32,2914.5
21660006750000,69,43,26,2891.1
21660006751000,4,2,2,0
21660006755000,4,2,2,0
21660006765000,19,11,8,851.2
21660006792000,9,4,5,357.3
21660006793000,13,6,7,730.6
21660006794000,22,11,11,1344.2
21660006795000,15,6,9,652.5
21660006796000,39,23,16,1552.2
21660006807000,18,10,8,757.8
21660006874000,12,7,5,519.6
21660006875000,12,7,5,564
21660006911000,10,6,4,271
21660006975000,6,3,3,405
21660006985000,9,4,5,393.3
21660006986000,16,10,6,763.2
21660006990000,11,5,6,261.8
21660006991000,10,4,6,393
21660006996000,4,2,2,0
21660007012000,25,13,12,790
21660007017000,8,4,4,315.2
21660007031000,24,15,9,976.8
21660007057000,1,0,1,0
21670006525000,1,1,0,0
21670006526000,8,4,4,506.4
21670006528000,1,1,0,0
21670006529000,1,0,1,0
21670006542000,4,1,3,0
21670006553000,6,3,3,259.8
21670006554000,13,7,6,559
21670006555000,4,2,2,0
21670006557000,12,8,4,450
21670006558000,5,3,2,150
21670006559000,4,2,2,0
21670006560000,25,11,14,1267.5
21670006561000,31,15,16,1041.6
21670006580000,9,3,6,347.4
21670006581000,14,8,6,722.4
21670006582000,6,3,3,151.2
21670006586000,7,4,3,242.2
21670006587000,1,0,1,0
21670006588000,6,3,3,190.2
21670006589000,4,2,2,0
21670006598000,8,3,5,406.4
21670006599000,29,15,14,1258.6
21670006600000,35,17,18,1589
21670006601000,166,83,83,7005.2
21670006602000,70,38,32,2310
21670006603000,8,5,3,275.2
21670006611000,3,2,1,0
21670006612000,1,0,1,0
21670006620000,48,24,24,2208
21670006621000,50,25,25,2120
21670006622000,11,4,7,555.5
21670006631000,4,2,2,0
21670006632000,6,4,2,187.8
21670006640000,1,1,0,0
21670006644000,7,3,4,319.2
21670006646000,13,7,6,601.9
21670006647000,10,5,5,384
21670006648000,3,2,1,0
21670006649000,4,2,2,0
21670006650000,2,1,1,0
21670006652000,10,6,4,551
21670006653000,2,1,1,0
21670006654000,4,3,1,0
21670006681000,3,2,1,0
21670006682000,22,11,11,1155
21670006683000,3,0,3,0
21670006684000,11,6,5,393.8
21670006685000,36,22,14,1807.2
21670006686000,3,2,1,0
21670006687000,4,2,2,0
21670006688000,14,7,7,659.4
21670006689000,21,9,12,1075.2
21670006692000,1,0,1,0
21670006694000,24,14,10,1344
21670006695000,44,17,27,1931.6
21670006696000,4,2,2,0
21670006699000,3,2,1,0
21670006700000,3,2,1,0
21670006701000,4,2,2,0
21670006723000,2,1,1,0
21670006726000,10,5,5,475
21670006727000,7,2,5,289.1
21670006743000,17,8,9,644.3
21670006744000,226,115,111,9062.6
21670006745000,31,15,16,1075.7
21670006746000,32,19,13,1289.6
21670006747000,76,38,38,3268
21670006748000,22,11,11,1122
21670006749000,1,0,1,0
21670006750000,6,3,3,228
21670006792000,32,17,15,1433.6
21670006793000,109,57,52,4392.7
21670006794000,40,23,17,1596
21670006795000,18,11,7,1024.2
21670006807000,3,2,1,0
21670006875000,58,30,28,2349
21670006876000,8,6,2,344
21670006910000,5,2,3,246
21670006911000,5,2,3,108
21670006968000,7,2,5,196
21670006969000,44,21,23,1628
21670006989000,1,1,0,0
21670006994000,21,12,9,764.4
21670006995000,7,3,4,382.2
21670007006000,4,2,2,0
21670007010000,4,2,2,0
21670007011000,11,5,6,381.7
21670007012000,16,8,8,806.4
21670007017000,10,4,6,583
21670007027000,15,6,9,550.5
21670007030000,4,2,2,0
21670007031000,13,7,6,509.6
21670007032000,37,21,16,1309.8
21670007033000,1,0,1,0
21670007054000,6,3,3,439.8
21680006525000,4,2,2,0
21680006526000,10,4,6,535
21680006527000,18,9,9,689.4
21680006528000,2,1,1,0
21680006529000,13,5,8,379.6
21680006533000,3,1,2,0
21680006534000,10,5,5,563
21680006538000,2,1,1,0
21680006539000,9,4,5,354.6
21680006542000,36,22,14,946.8
21680006552000,7,4,3,261.1
21680006561000,54,28,26,2527.2
21680006562000,5,3,2,267
21680006563000,10,7,3,602
21680006578000,5,3,2,273
21680006586000,19,8,11,845.5
21680006587000,8,3,5,427.2
21680006588000,19,11,8,1202.7
21680006589000,6,3,3,286.8
21680006590000,12,5,7,288
21680006594000,7,5,2,349.3
21680006595000,18,9,9,831.6
21680006596000,1,1,0,0
21680006597000,236,117,119,9180.4
21680006598000,242,113,129,7719.8
21680006599000,6,2,4,214.2
21680006600000,21,9,12,819
21680006601000,45,20,25,1606.5
21680006602000,9,4,5,332.1
21680006609000,2,1,1,0
21680006610000,21,9,12,984.9
21680006611000,2,1,1,0
21680006612000,6,3,3,268.8
21680006619000,22,9,13,774.4
21680006620000,54,25,29,2197.8
21680006621000,142,77,65,5594.8
21680006622000,30,12,18,1332
21680006631000,9,5,4,326.7
21680006632000,24,12,12,1092
21680006641000,2,2,0,0
21680006646000,8,3,5,236
21680006647000,8,3,5,248
21680006652000,6,4,2,429
21680006654000,7,4,3,371
21680006678000,1,1,0,0
21680006679000,1,1,0,0
21680006681000,7,3,4,228.9
21680006682000,12,6,6,523.2
21680006683000,19,11,8,644.1
21680006684000,35,19,16,1820
21680006685000,63,30,33,2570.4
21680006687000,4,3,1,0
21680006688000,4,2,2,0
21680006689000,1,0,1,0
21680006690000,10,5,5,280
21680006691000,10,6,4,376
21680006692000,34,17,17,1689.8
21680006693000,56,31,25,2430.4
21680006694000,6,2,4,321
21680006695000,14,6,8,477.4
21680006696000,32,15,17,1104
21680006697000,22,14,8,908.6
21680006698000,11,7,4,379.5
21680006727000,13,9,4,651.3
21680006728000,25,12,13,1095
21680006743000,8,7,1,334.4
21680006744000,758,363,395,29486.2
21680006745000,142,66,76,6390
21680006746000,29,16,13,1328.2
21680006747000,5,2,3,319
21680006749000,2,1,1,0
21680006761000,4,1,3,0
21680006765000,1,1,0,0
21680006768000,1,1,0,0
21680006791000,2,1,1,0
21680006792000,20,10,10,980
21680006793000,43,22,21,1758.7
21680006794000,39,24,15,1458.6
21680006795000,15,7,8,663
21680006806000,5,4,1,233
21680006807000,4,3,1,0
21680006815000,1,0,1,0
21680006873000,19,6,13,644.1
21680006874000,27,14,13,1120.5
21680006875000,43,23,20,1715.7
21680006876000,5,2,3,193
21680006909000,3,1,2,0
21680006910000,8,3,5,283.2
21680006958000,2,1,1,0
21680006960000,4,2,2,0
21680006962000,2,1,1,0
21680006963000,13,7,6,634.4
21680006964000,145,66,79,5408.5
21680006965000,23,10,13,648.6
21680006966000,7,3,4,291.9
21680006973000,80,39,41,3656
21680006978000,1,0,1,0
21680006979000,13,6,7,626.6
21680006980000,8,4,4,247.2
21680006988000,10,5,5,335
21680006992000,35,19,16,1225
21680006993000,34,21,13,1564
21680006994000,13,2,11,1162.2
21680007001000,6,2,4,279
21680007006000,21,12,9,1089.9
21680007007000,8,4,4,272
21680007017000,11,5,6,509.3
21680007018000,2,1,1,0
21680007020000,6,2,4,172.2
21680007025000,8,4,4,342.4
21680007029000,6,2,4,360
21680007030000,26,13,13,1237.6
21680007031000,51,27,24,1999.2
21680007032000,9,3,6,351
21680007053000,2,1,1,0
21680007056000,6,3,3,336
21680007058000,6,3,3,240
21680007077000,9,4,5,572.4
21690006525000,13,5,8,608.4
21690006526000,22,10,12,809.6
21690006528000,10,4,6,480
21690006529000,8,5,3,344
21690006533000,3,2,1,0
21690006534000,3,2,1,0
21690006535000,18,9,9,914.4
21690006541000,11,5,6,312.4
21690006542000,50,26,24,2070
21690006543000,3,2,1,0
21690006551000,4,3,1,0
21690006552000,20,9,11,776
21690006559000,5,3,2,274
21690006577000,3,2,1,0
21690006586000,17,10,7,683.4
21690006587000,38,21,17,1102
21690006588000,9,5,4,352.8
21690006589000,10,5,5,628
21690006590000,5,3,2,245
21690006591000,4,3,1,0
21690006593000,15,9,6,850.5
21690006594000,54,29,25,2062.8
21690006595000,65,35,30,2866.5
21690006596000,22,11,11,1113.2
21690006597000,532,235,297,25216.8
21690006598000,98,48,50,3871
21690006599000,49,22,27,1945.3
21690006600000,18,9,9,698.4
21690006601000,6,2,4,211.2
21690006608000,14,7,7,659.4
21690006609000,13,7,6,509.6
21690006618000,7,4,3,408.1
21690006619000,4,2,2,0
21690006620000,161,77,84,5924.8
21690006621000,83,39,44,3228.7
21690006622000,31,16,15,1460.1
21690006630000,2,2,0,0
21690006631000,2,1,1,0
21690006632000,2,1,1,0
21690006641000,1,1,0,0
21690006642000,11,4,7,333.3
21690006643000,1,0,1,0
21690006649000,1,1,0,0
21690006677000,12,7,5,604.8
21690006678000,4,2,2,0
21690006679000,2,1,1,0
21690006680000,11,5,6,789.8
21690006681000,17,11,6,559.3
21690006688000,9,6,3,387.9
21690006689000,6,5,1,211.2
21690006690000,12,6,6,523.2
21690006692000,2,1,1,0
21690006693000,1,1,0,0
21690006696000,9,6,3,502.2
21690006697000,30,18,12,1203
21690006728000,3,2,1,0
21690006744000,282,149,133,11759.4
21690006745000,384,184,200,16166.4
21690006746000,32,16,16,1536
21690006747000,20,10,10,898
21690006791000,24,12,12,1135.2
21690006792000,14,9,5,698.6
21690006793000,5,2,3,282
21690006794000,33,19,14,1310.1
21690006805000,12,7,5,657.6
21690006873000,37,23,14,1524.4
21690006875000,36,19,17,1404
21690006876000,20,11,9,914
21690006908000,11,6,5,562.1
21690006909000,16,9,7,659.2
21690006910000,6,3,3,168
21690006963000,8,5,3,323.2
21690006964000,287,137,150,10532.9
21690006965000,291,150,141,12629.4
21690006972000,19,9,10,807.5
21690006973000,43,26,17,1698.5
21690006974000,2,1,1,0
21690006977000,45,23,22,2214
21690006978000,13,8,5,616.2
21690006980000,6,3,3,250.8
21690006981000,2,1,1,0
21690006983000,49,23,26,1778.7
21690006986000,22,11,11,697.4
21690006988000,12,5,7,372
21690006991000,23,11,12,1131.6
21690006993000,8,6,2,352
21690006997000,7,3,4,403.9
21690006999000,2,1,1,0
21690007000000,5,2,3,192
21690007001000,2,2,0,0
21690007003000,2,1,1,0
21690007008000,11,5,6,715
21690007017000,26,15,11,1261
21690007018000,6,4,2,207
21690007020000,8,5,3,296
21690007021000,1,1,0,0
21690007023000,6,3,3,234
21690007024000,18,9,9,649.8
21690007025000,8,6,2,420.8
21690007026000,6,4,2,325.8
21690007027000,10,7,3,385
21690007029000,2,1,1,0
21690007030000,4,1,3,0
21690007031000,34,20,14,1288.6
21690007032000,8,5,3,532.8
21690007052000,2,1,1,0
21690007076000,1,0,1,0
21690007077000,73,43,30,3540.5
21700006525000,2,1,1,0
21700006526000,9,4,5,216.9
21700006528000,6,2,4,241.2
21700006529000,2,1,1,0
21700006534000,14,7,7,638.4
21700006535000,18,8,10,838.8
21700006536000,7,4,3,462.7
21700006537000,40,20,20,1700
21700006541000,19,8,11,674.5
21700006542000,143,73,70,6106.1
21700006543000,7,5,2,322.7
21700006550000,5,4,1,141
21700006552000,4,2,2,0
21700006586000,89,53,36,3462.1
21700006587000,46,26,20,1734.2
21700006588000,7,4,3,329.7
21700006590000,5,3,2,139
21700006591000,14,6,8,446.6
21700006592000,12,7,5,472.8
21700006593000,25,12,13,1210
21700006594000,6,4,2,301.2
21700006595000,11,6,5,429
21700006596000,18,9,9,750.6
21700006597000,75,45,30,3630
21700006598000,58,29,29,2430.2
21700006599000,25,15,10,1145
21700006608000,1,0,1,0
21700006616000,10,6,4,314
21700006617000,18,9,9,682.2
21700006618000,29,15,14,1078.8
21700006619000,128,66,62,6016
21700006620000,115,62,53,4082.5
21700006621000,57,26,31,2188.8
21700006622000,22,11,11,646.8
21700006630000,18,11,7,622.8
21700006631000,2,1,1,0
21700006675000,4,1,3,0
21700006677000,6,4,2,291
21700006691000,3,2,1,0
21700006692000,4,2,2,0
21700006693000,5,2,3,246
21700006726000,10,6,4,368
21700006727000,8,3,5,387.2
21700006728000,11,5,6,338.8
21700006744000,524,249,275,24575.6
21700006745000,331,156,175,13206.9
21700006746000,45,23,22,2007
21700006747000,35,19,16,1575
21700006791000,12,9,3,603.6
21700006792000,2,1,1,0
21700006793000,24,14,10,1087.2
21700006794000,22,11,11,1078
21700006797000,4,1,3,0
21700006805000,19,11,8,991.8
21700006873000,30,14,16,1401
21700006875000,12,7,5,741.6
21700006876000,3,1,2,0
21700006906000,9,4,5,254.7
21700006907000,31,16,15,1202.8
21700006908000,6,3,3,151.8
21700006964000,54,26,28,1998
21700006965000,1500,762,738,66000
21700006966000,82,44,38,2738.8
21700006974000,6,2,4,229.8
21700006975000,69,37,32,3532.8
21700006976000,101,48,53,4130.9
21700006977000,40,22,18,1452
21700006982000,7,3,4,347.9
21700006983000,28,16,12,1027.6
21700006984000,19,12,7,644.1
21700006985000,182,89,93,7462
21700006986000,36,19,17,1188
21700006987000,8,5,3,506.4
21700006989000,13,6,7,283.4
21700006990000,15,7,8,577.5
21700006997000,22,10,12,987.8
21700006998000,17,9,8,771.8
21700007002000,9,5,4,233.1
21700007004000,43,25,18,1715.7
21700007009000,4,1,3,0
21700007017000,13,8,5,565.5
21700007020000,12,6,6,728.4
21700007021000,8,4,4,432.8
21700007036000,12,4,8,572.4
21700007039000,3,2,1,0
21700007050000,2,1,1,0
21700007051000,3,3,0,0
21700007052000,3,2,1,0
21700007058000,2,1,1,0
21700007059000,1,1,0,0
21700007060000,2,1,1,0
21700007061000,1,0,1,0
21700007077000,11,6,5,415.8
21700007078000,5,3,2,118
21710006526000,6,3,3,267
21710006527000,6,2,4,253.8
21710006528000,1,1,0,0
21710006530000,3,1,2,0
21710006534000,7,3,4,441.7
21710006535000,11,4,7,297
21710006536000,1,1,0,0
21710006537000,2,1,1,0
21710006539000,5,3,2,256
21710006540000,4,2,2,0
21710006541000,166,78,88,6457.4
21710006542000,583,280,303,25185.6
21710006543000,25,14,11,930
21710006551000,6,3,3,289.2
21710006557000,1,0,1,0
21710006570000,1,0,1,0
21710006579000,3,2,1,0
21710006584000,9,5,4,423.9
21710006585000,152,78,74,6034.4
21710006586000,81,37,44,2802.6
21710006590000,3,2,1,0
21710006591000,8,5,3,307.2
21710006592000,11,6,5,515.9
21710006593000,3,2,1,0
21710006594000,8,3,5,362.4
21710006595000,23,15,8,1161.5
21710006596000,52,21,31,2371.2
21710006597000,11,5,6,672.1
21710006598000,36,18,18,1692
21710006599000,13,7,6,371.8
21710006616000,49,29,20,2013.9
21710006617000,45,23,22,1854
21710006618000,101,49,52,3716.8
21710006619000,50,25,25,1890
21710006620000,30,16,14,1104
21710006621000,41,23,18,1578.5
21710006627000,2,1,1,0
21710006629000,2,1,1,0
21710006630000,6,4,2,115.8
21710006631000,1,1,0,0
21710006669000,7,4,3,317.8
21710006674000,4,2,2,0
21710006675000,11,6,5,506
21710006682000,4,3,1,0
21710006728000,2,1,1,0
21710006729000,46,28,18,2111.4
21710006730000,2,1,1,0
21710006744000,159,73,86,5978.4
21710006746000,33,22,11,1590.6
21710006747000,33,17,16,1389.3
21710006748000,1,1,0,0
21710006756000,1,1,0,0
21710006760000,5,3,2,230
21710006791000,17,9,8,856.8
21710006792000,4,1,3,0
21710006793000,64,36,28,2579.2
21710006794000,3,3,0,0
21710006796000,1,1,0,0
21710006804000,13,5,8,549.9
21710006805000,58,26,32,2024.2
21710006806000,4,3,1,0
21710006872000,6,2,4,199.2
21710006873000,18,10,8,696.6
21710006875000,12,8,4,555.6
21710006902000,1,1,0,0
21710006905000,25,14,11,1067.5
21710006906000,42,22,20,1856.4
21710006907000,14,5,9,823.2
21710006964000,287,160,127,11910.5
21710006965000,892,413,479,42459.2
21710006975000,9,5,4,342
21710006976000,46,25,21,1812.4
21710006989000,109,49,60,4022.1
21710006991000,1,0,1,0
21710006998000,29,15,14,1293.4
21710006999000,1,0,1,0
21710007002000,2,1,1,0
21710007004000,15,8,7,709.5
21710007036000,10,6,4,488
21710007039000,26,9,17,1001
21710007050000,3,1,2,0
21710007051000,3,2,1,0
21710007061000,72,40,32,3967.2
21710007062000,12,5,7,498
21710007077000,10,8,2,414
21720006526000,1,1,0,0
21720006527000,21,8,13,1127.7
21720006528000,6,3,3,289.2
21720006531000,1,1,0,0
21720006535000,1,0,1,0
21720006541000,42,24,18,1331.4
21720006542000,138,72,66,5658
21720006543000,23,15,8,954.5
21720006544000,8,5,3,364.8
21720006545000,37,21,16,1435.6
21720006546000,31,17,14,1677.1
21720006550000,3,1,2,0
21720006557000,11,6,5,500.5
21720006568000,1,1,0,0
21720006570000,5,4,1,292
21720006582000,1,1,0,0
21720006583000,88,46,42,4127.2
21720006584000,357,170,187,15708
21720006585000,217,107,110,8463
21720006586000,47,28,19,2223.1
21720006587000,6,1,5,159
21720006588000,9,6,3,501.3
21720006589000,15,9,6,433.5
21720006595000,8,5,3,244.8
21720006596000,15,8,7,661.5
21720006597000,35,15,20,1288
21720006598000,9,6,3,466.2
21720006614000,26,17,9,1063.4
21720006615000,61,33,28,2562
21720006616000,245,132,113,10314.5
21720006617000,42,26,16,1793.4
21720006618000,794,369,425,39779.4
21720006619000,50,23,27,1975
21720006628000,1,0,1,0
21720006630000,1,0,1,0
21720006633000,2,1,1,0
21720006669000,1,1,0,0
21720006672000,14,8,6,515.2
21720006673000,10,5,5,417
21720006674000,22,11,11,910.8
21720006675000,21,12,9,1173.9
21720006681000,2,1,1,0
21720006724000,3,2,1,0
21720006725000,1,1,0,0
21720006728000,40,21,19,2076
21720006729000,78,44,34,3673.8
21720006730000,10,6,4,440
21720006743000,1,1,0,0
21720006744000,145,66,79,5756.5
21720006746000,6,3,3,196.2
21720006747000,6,3,3,213
21720006748000,1,1,0,0
21720006754000,2,1,1,0
21720006755000,5,2,3,196
21720006779000,2,1,1,0
21720006782000,3,1,2,0
21720006789000,11,6,5,566.5
21720006790000,29,17,12,1319.5
21720006791000,12,6,6,400.8
21720006792000,13,6,7,572
21720006793000,7,3,4,466.9
21720006796000,10,6,4,382
21720006797000,2,1,1,0
21720006802000,10,6,4,355
21720006803000,32,16,16,921.6
21720006804000,41,22,19,1365.3
21720006805000,18,7,11,936
21720006872000,8,5,3,358.4
21720006873000,20,10,10,1106
21720006875000,20,12,8,904
21720006904000,52,29,23,1742
21720006905000,22,9,13,970.2
21720006964000,492,257,235,19138.8
21720006989000,45,27,18,2034
21720006990000,27,16,11,888.3
21720006991000,29,16,13,959.9
21720006999000,7,2,5,373.8
21720007003000,31,21,10,1193.5
21720007004000,2,1,1,0
21720007016000,1,0,1,0
21720007017000,24,14,10,1372.8
21720007020000,6,2,4,238.8
21720007029000,7,4,3,300.3
21720007030000,18,9,9,932.4
21720007032000,10,5,5,399
21720007038000,5,3,2,278
21720007039000,16,10,6,776
21720007050000,9,3,6,533.7
21720007061000,2,1,1,0
21720007062000,45,26,19,2367
21720007077000,5,4,1,266
21730006528000,6,3,3,331.2
21730006529000,4,0,4,0
21730006530000,29,14,15,1070.1
21730006531000,15,8,7,696
21730006536000,11,6,5,478.5
21730006539000,2,1,1,0
21730006541000,27,17,10,1314.9
21730006542000,110,64,46,4202
21730006543000,20,10,10,886
21730006545000,36,20,16,1393.2
21730006546000,57,28,29,1795.5
21730006547000,7,4,3,277.2
21730006548000,13,8,5,548.6
21730006549000,17,8,9,579.7
21730006550000,22,12,10,1119.8
21730006583000,29,17,12,1046.9
21730006584000,608,306,302,26144
21730006585000,454,217,237,20293.8
21730006586000,144,76,68,6076.8
21730006587000,44,23,21,1878.8
21730006588000,2,1,1,0
21730006589000,9,5,4,452.7
21730006590000,10,5,5,529
21730006593000,6,2,4,217.8
21730006596000,20,10,10,798
21730006597000,124,65,59,4947.6
21730006598000,149,74,75,7092.4
21730006599000,6,4,2,190.2
21730006614000,24,12,12,880.8
21730006615000,50,27,23,2100
21730006616000,1,1,0,0
21730006617000,101,56,45,4322.8
21730006618000,60,33,27,2580
21730006627000,18,11,7,741.6
21730006630000,10,5,5,352
21730006669000,12,6,6,609.6
21730006670000,51,23,28,1999.2
21730006671000,39,20,19,1454.7
21730006672000,13,7,6,691.6
21730006673000,31,18,13,1267.9
21730006674000,6,1,5,225
21730006675000,1,0,1,0
21730006728000,39,25,14,1731.6
21730006729000,35,17,18,1529.5
21730006730000,3,1,2,0
21730006736000,2,1,1,0
21730006737000,19,9,10,961.4
21730006738000,3,2,1,0
21730006741000,5,2,3,138
21730006742000,12,6,6,522
21730006743000,165,84,81,7078.5
21730006744000,59,30,29,2548.8
21730006752000,5,2,3,213
21730006753000,1,1,0,0
21730006758000,16,10,6,425.6
21730006759000,8,5,3,220
21730006776000,4,2,2,0
21730006780000,4,1,3,0
21730006789000,18,6,12,705.6
21730006790000,18,11,7,730.8
21730006792000,36,17,19,1623.6
21730006797000,9,6,3,267.3
21730006801000,7,3,4,401.1
21730006802000,9,3,6,325.8
21730006804000,16,8,8,689.6
21730006805000,131,65,66,5095.9
21730006835000,4,2,2,0
21730006872000,22,10,12,961.4
21730006873000,100,47,53,4190
21730006875000,9,5,4,567.9
21730006903000,33,21,12,1211.1
21730006904000,26,16,10,1261
21730006963000,56,32,24,2100
21730006964000,164,85,79,5969.6
21730006975000,9,4,5,377.1
21730006986000,3,1,2,0
21730006989000,3,2,1,0
21730006990000,18,9,9,750.6
21730006991000,2,2,0,0
21730007000000,16,8,8,638.4
21730007003000,11,4,7,343.2
21730007016000,26,17,9,1336.4
21730007017000,1,1,0,0
21730007018000,22,10,12,781
21730007020000,4,3,1,0
21730007027000,93,51,42,4082.7
21730007028000,30,19,11,1122
21730007029000,12,7,5,510
21730007030000,9,5,4,330.3
21730007031000,5,4,1,236
21730007032000,3,1,2,0
21730007037000,12,7,5,496.8
21730007038000,15,10,5,627
21730007039000,28,14,14,957.6
21730007040000,12,6,6,495.6
21730007058000,1,1,0,0
21730007060000,7,5,2,340.2
21730007061000,5,1,4,114
21730007062000,1,1,0,0
21730007063000,5,3,2,346
21730007077000,10,4,6,423
21730007078000,37,20,17,1172.9
21740006528000,6,2,4,322.2
21740006529000,5,3,2,225
21740006530000,21,10,11,636.3
21740006534000,1,1,0,0
21740006536000,2,1,1,0
21740006539000,17,9,8,989.4
21740006540000,65,40,25,2697.5
21740006541000,156,81,75,6162
21740006542000,24,10,14,813.6
21740006544000,11,4,7,523.6
21740006545000,20,10,10,858
21740006546000,8,4,4,296
21740006547000,36,23,13,1166.4
21740006548000,21,13,8,819
21740006560000,5,3,2,226
21740006561000,16,8,8,572.8
21740006583000,41,24,17,1894.2
21740006584000,265,135,130,10918
21740006585000,74,42,32,2686.2
21740006587000,3,2,1,0
21740006594000,1,1,0,0
21740006595000,37,20,17,1465.2
21740006596000,38,21,17,1185.6
21740006597000,160,90,70,5888
21740006598000,7,4,3,382.2
21740006599000,23,14,9,1179.9
21740006600000,11,8,3,707.3
21740006614000,16,9,7,521.6
21740006615000,43,25,18,1849
21740006616000,155,76,79,6572
21740006617000,31,11,20,855.6
21740006623000,5,4,1,148
21740006625000,12,6,6,468
21740006626000,15,7,8,616.5
21740006627000,34,18,16,1543.6
21740006636000,5,2,3,344
21740006637000,1,1,0,0
21740006660000,1,0,1,0
21740006668000,5,3,2,204
21740006669000,8,5,3,380
21740006670000,234,106,128,11302.2
21740006671000,27,13,14,1301.4
21740006673000,3,1,2,0
21740006674000,7,3,4,273.7
21740006675000,4,1,3,0
21740006728000,13,7,6,586.3
21740006729000,20,12,8,890
21740006735000,1,1,0,0
21740006736000,8,4,4,380
21740006737000,6,2,4,280.8
21740006738000,35,19,16,1830.5
21740006739000,21,10,11,980.7
21740006740000,13,5,8,413.4
21740006741000,34,19,15,1475.6
21740006742000,24,14,10,1092
21740006743000,57,27,30,2348.4
21740006744000,18,11,7,725.4
21740006745000,3,3,0,0
21740006757000,1,0,1,0
21740006766000,1,1,0,0
21740006776000,22,8,14,1141.8
21740006777000,3,1,2,0
21740006778000,2,2,0,0
21740006786000,14,6,8,628.6
21740006787000,13,8,5,648.7
21740006788000,3,2,1,0
21740006789000,21,9,12,831.6
21740006790000,36,21,15,1706.4
21740006791000,36,17,19,1576.8
21740006792000,11,5,6,488.4
21740006795000,2,1,1,0
21740006796000,4,2,2,0
21740006797000,24,14,10,955.2
21740006800000,4,3,1,0
21740006801000,14,8,6,648.2
21740006802000,2,1,1,0
21740006803000,30,11,19,1296
21740006804000,167,80,87,6863.7
21740006805000,50,30,20,1905
21740006872000,35,18,17,1571.5
21740006873000,73,38,35,3445.6
21740006874000,19,9,10,657.4
21740006903000,45,28,17,2070
21740006904000,23,13,10,989
21740006962000,1,0,1,0
21740006963000,363,180,183,13975.5
21740006974000,10,5,5,463
21740006984000,1,1,0,0
21740006985000,6,3,3,405
21740006986000,2,1,1,0
21740006989000,1,1,0,0
21740006990000,20,9,11,872
21740006991000,51,23,28,1927.8
21740006997000,9,3,6,475.2
21740007000000,13,7,6,660.4
21740007004000,4,2,2,0
21740007016000,20,10,10,918
21740007017000,1,0,1,0
21740007018000,11,6,5,302.5
21740007020000,7,2,5,172.2
21740007021000,2,1,1,0
21740007026000,3,1,2,0
21740007027000,13,6,7,683.8
21740007029000,3,3,0,0
21740007030000,4,1,3,0
21740007031000,18,7,11,588.6
21740007032000,3,1,2,0
21740007038000,17,10,7,933.3
21740007039000,4,2,2,0
21740007040000,2,1,1,0
21740007049000,3,1,2,0
21740007060000,5,1,4,155
21740007063000,8,4,4,460
21750006530000,25,13,12,1040
21750006531000,22,11,11,1067
21750006532000,31,17,14,1469.4
21750006533000,37,20,17,1431.9
21750006534000,9,4,5,509.4
21750006535000,1,1,0,0
21750006536000,4,2,2,0
21750006537000,1,1,0,0
21750006538000,52,28,24,2558.4
21750006539000,270,146,124,10746
21750006540000,31,16,15,1125.3
21750006541000,193,109,84,7121.7
21750006542000,587,292,295,21190.7
21750006544000,2,1,1,0
21750006545000,6,3,3,265.8
21750006546000,4,2,2,0
21750006583000,111,53,58,4306.8
21750006584000,132,71,61,5689.2
21750006585000,2,1,1,0
21750006597000,17,8,9,741.2
21750006598000,17,9,8,810.9
21750006599000,9,4,5,576.9
21750006600000,62,32,30,2486.2
21750006601000,14,6,8,522.2
21750006605000,1,1,0,0
21750006612000,3,1,2,0
21750006613000,15,8,7,771
21750006614000,27,12,15,1069.2
21750006615000,8,5,3,268.8
21750006616000,941,489,452,40839.4
21750006617000,506,276,230,19885.8
21750006618000,300,160,140,12120
21750006622000,4,4,0,0
21750006623000,16,11,5,592
21750006625000,4,1,3,0
21750006635000,1,0,1,0
21750006636000,28,16,12,1439.2
21750006668000,12,5,7,555.6
21750006669000,38,20,18,2048.2
21750006670000,37,16,21,1616.9
21750006671000,30,18,12,1584
21750006672000,2,1,1,0
21750006728000,7,4,3,256.2
21750006732000,13,6,7,475.8
21750006733000,11,6,5,481.8
21750006734000,18,6,12,649.8
21750006735000,34,17,17,1642.2
21750006736000,23,13,10,1012
21750006737000,27,12,15,1269
21750006738000,14,9,5,522.2
21750006739000,7,4,3,494.2
21750006743000,5,4,1,288
21750006744000,17,9,8,606.9
21750006753000,3,1,2,0
21750006777000,7,4,3,455
21750006778000,2,1,1,0
21750006783000,17,9,8,899.3
21750006784000,8,6,2,343.2
21750006785000,24,11,13,1082.4
21750006786000,11,6,5,499.4
21750006787000,77,32,45,2926
21750006788000,57,25,32,2302.8
21750006789000,22,13,9,965.8
21750006790000,4,3,1,0
21750006796000,35,16,19,1232
21750006797000,5,2,3,146
21750006798000,5,4,1,138
21750006799000,2,1,1,0
21750006800000,23,11,12,779.7
21750006801000,36,18,18,1616.4
21750006872000,52,32,20,2392
21750006873000,2,1,1,0
21750006874000,2,2,0,0
21750006902000,2,1,1,0
21750006903000,46,28,18,2093
21750006904000,4,2,2,0
21750006962000,15,9,6,459
21750006963000,7,4,3,303.1
21750006973000,14,10,4,476
21750006987000,26,12,14,1068.6
21750006988000,53,27,26,1876.2
21750006989000,4,2,2,0
21750006991000,36,19,17,1447.2
21750006997000,4,3,1,0
21750007000000,4,2,2,0
21750007004000,27,15,12,1393.2
21750007015000,32,16,16,1344
21750007016000,25,15,10,1327.5
21750007017000,13,6,7,673.4
21750007018000,12,7,5,474
21750007025000,15,9,6,726
21750007026000,5,4,1,174
21750007030000,16,10,6,550.4
21750007031000,154,65,89,7530.6
21750007032000,83,40,43,4332.6
21750007033000,4,3,1,0
21750007050000,16,10,6,513.6
21750007063000,1,1,0,0
21750007077000,4,3,1,0
21750007078000,8,6,2,296
21760006530000,7,4,3,466.9
21760006531000,11,7,4,323.4
21760006533000,18,10,8,759.6
21760006534000,5,2,3,97
21760006536000,29,15,14,1191.9
21760006537000,61,32,29,2476.6
21760006538000,632,313,319,26796.8
21760006539000,796,385,411,32795.2
21760006540000,66,34,32,2613.6
21760006541000,5,3,2,150
21760006542000,505,238,267,22220
21760006543000,133,71,62,5306.7
21760006547000,1,1,0,0
21760006552000,11,6,5,455.4
21760006553000,1,1,0,0
21760006555000,2,1,1,0
21760006567000,4,2,2,0
21760006568000,31,16,15,930
21760006573000,6,4,2,252
21760006583000,33,16,17,1455.3
21760006584000,37,19,18,1609.5
21760006587000,2,0,2,0
21760006588000,9,5,4,403.2
21760006589000,5,4,1,283
21760006597000,30,17,13,1125
21760006598000,52,26,26,1799.2
21760006599000,30,16,14,1080
21760006600000,21,10,11,785.4
21760006601000,27,12,15,1177.2
21760006605000,11,6,5,523.6
21760006606000,11,4,7,545.6
21760006607000,2,1,1,0
21760006608000,7,3,4,326.9
21760006609000,8,4,4,423.2
21760006610000,2,1,1,0
21760006611000,23,11,12,1168.4
21760006612000,19,11,8,1079.2
21760006615000,231,114,117,9078.3
21760006616000,1633,799,834,66789.7
21760006617000,1136,567,569,44872
21760006618000,765,367,398,31059
21760006619000,100,52,48,3860
21760006620000,118,63,55,4531.2
21760006621000,10,4,6,367
21760006622000,6,2,4,304.8
21760006623000,8,4,4,338.4
21760006635000,1,1,0,0
21760006636000,2,1,1,0
21760006668000,14,5,9,414.4
21760006669000,29,14,15,1351.4
21760006670000,5,2,3,338
21760006728000,29,16,13,1151.3
21760006729000,394,182,212,17730
21760006730000,86,44,42,3371.2
21760006731000,60,35,25,2196
21760006732000,8,5,3,344.8
21760006736000,1,1,0,0
21760006753000,14,8,6,754.6
21760006777000,8,5,3,447.2
21760006781000,3,2,1,0
21760006782000,23,13,10,972.9
21760006783000,10,6,4,504
21760006784000,15,8,7,757.5
21760006785000,22,12,10,866.8
21760006786000,48,27,21,1848
21760006787000,245,106,139,12005
21760006788000,22,12,10,794.2
21760006795000,3,1,2,0
21760006796000,2,2,0,0
21760006797000,5,3,2,188
21760006798000,23,13,10,910.8
21760006799000,39,18,21,1755
21760006800000,25,15,10,1117.5
21760006872000,31,14,17,1382.6
21760006902000,5,2,3,232
21760006903000,49,26,23,1773.8
21760006962000,18,8,10,772.2
21760006983000,4,3,1,0
21760006984000,15,7,8,481.5
21760006987000,16,7,9,668.8
21760006991000,18,11,7,955.8
21760006998000,20,10,10,802
21760007000000,11,6,5,524.7
21760007003000,5,4,1,184
21760007004000,62,37,25,2870.6
21760007014000,4,2,2,0
21760007015000,87,44,43,3610.5
21760007016000,4,2,2,0
21760007017000,7,3,4,272.3
21760007018000,13,6,7,521.3
21760007022000,6,5,1,349.2
21760007023000,6,2,4,232.2
21760007024000,3,1,2,0
21760007028000,6,3,3,310.2
21760007029000,5,2,3,243
21760007030000,18,10,8,1045.8
21760007031000,66,33,33,3115.2
21760007032000,381,176,205,15163.8
21760007033000,38,17,21,1523.8
21760007034000,50,26,24,1680
21760007035000,49,23,26,1881.6
21760007037000,2,1,1,0
21760007041000,4,2,2,0
21760007042000,3,1,2,0
21760007063000,5,2,3,225
21760007064000,5,3,2,183
21760007077000,3,1,2,0
21760007078000,13,7,6,617.5
21760007079000,39,23,16,1435.2
21760007080000,3,2,1,0
21770006530000,4,3,1,0
21770006531000,3,1,2,0
21770006535000,21,11,10,588
21770006536000,72,37,35,3578.4
21770006537000,90,47,43,3906
21770006538000,1411,695,716,67869.1
21770006539000,1212,572,640,53085.6
21770006540000,189,89,100,8599.5
21770006541000,22,9,13,946
21770006542000,80,41,39,3416
21770006543000,110,61,49,4213
21770006544000,15,6,9,630
21770006545000,12,7,5,636
21770006552000,1,0,1,0
21770006553000,17,9,8,593.3
21770006554000,8,4,4,432.8
21770006561000,1,1,0,0
21770006563000,2,1,1,0
21770006567000,31,18,13,1298.9
21770006572000,1,1,0,0
21770006573000,6,3,3,283.2
21770006582000,7,4,3,506.8
21770006583000,37,21,16,1476.3
21770006584000,25,16,9,1007.5
21770006587000,1,1,0,0
21770006588000,64,39,25,3065.6
21770006589000,41,26,15,1906.5
21770006596000,3,2,1,0
21770006597000,13,9,4,731.9
21770006598000,16,7,9,491.2
21770006599000,40,21,19,1628
21770006600000,134,69,65,4569.4
21770006601000,33,18,15,1590.6
21770006602000,22,10,12,965.8
21770006603000,3,2,1,0
21770006604000,9,3,6,338.4
21770006605000,23,9,14,943
21770006606000,8,5,3,416
21770006607000,9,7,2,324.9
21770006608000,16,9,7,699.2
21770006609000,2,1,1,0
21770006610000,5,3,2,170
21770006613000,40,20,20,1604
21770006614000,23,12,11,1101.7
21770006615000,437,205,232,17654.8
21770006616000,741,367,374,30603.3
21770006617000,401,182,219,16801.9
21770006618000,1,0,1,0
21770006619000,8,6,2,327.2
21770006620000,5,3,2,127
21770006621000,72,34,38,2750.4
21770006622000,88,39,49,3696
21770006623000,16,6,10,678.4
21770006629000,2,1,1,0
21770006630000,1,0,1,0
21770006634000,1,1,0,0
21770006635000,11,8,3,430.1
21770006668000,8,4,4,320
21770006669000,41,22,19,1812.2
21770006670000,17,10,7,698.7
21770006671000,6,3,3,276
21770006727000,2,1,1,0
21770006728000,152,69,83,6703.2
21770006729000,496,249,247,23312
21770006730000,360,167,193,15120
21770006731000,2,2,0,0
21770006754000,4,2,2,0
21770006768000,2,1,1,0
21770006777000,6,2,4,202.8
21770006778000,16,7,9,931.2
21770006781000,19,11,8,714.4
21770006782000,21,10,11,919.8
21770006783000,14,6,8,553
21770006784000,12,4,8,523.2
21770006785000,36,18,18,1558.8
21770006786000,8,4,4,534.4
21770006787000,9,5,4,363.6
21770006795000,19,8,11,722
21770006796000,22,9,13,840.4
21770006797000,24,17,7,1051.2
21770006798000,39,19,20,1443
21770006799000,18,11,7,588.6
21770006873000,8,2,6,308
21770006902000,32,18,14,1145.6
21770006903000,25,14,11,1110
21770006961000,14,10,4,466.2
21770006962000,147,75,72,7011.9
21770006963000,6,1,5,237
21770006982000,2,2,0,0
21770006983000,2,1,1,0
21770006991000,3,2,1,0
21770006992000,7,3,4,275.1
21770006998000,39,23,16,1766.7
21770007000000,133,64,69,4987.5
21770007004000,3,2,1,0
21770007005000,8,4,4,307.2
21770007012000,35,16,19,1879.5
21770007013000,14,7,7,730.8
21770007015000,3,1,2,0
21770007020000,8,3,5,215.2
21770007026000,4,2,2,0
21770007027000,14,7,7,715.4
21770007028000,19,11,8,756.2
21770007029000,2,0,2,0
21770007030000,7,4,3,317.1
21770007031000,19,7,12,659.3
21770007033000,4,2,2,0
21770007036000,4,2,2,0
21770007064000,1,1,0,0
21770007065000,7,4,3,217
21770007079000,3,3,0,0
21780006531000,12,9,3,532.8
21780006532000,4,3,1,0
21780006533000,21,12,9,1008
21780006534000,38,20,18,1713.8
21780006535000,23,11,12,917.7
21780006536000,4,2,2,0
21780006538000,283,145,138,14348.1
21780006539000,542,261,281,26124.4
21780006540000,3,1,2,0
21780006542000,18,10,8,786.6
21780006543000,47,23,24,2199.6
21780006544000,14,7,7,667.8
21780006545000,5,2,3,179
21780006548000,1,0,1,0
21780006552000,16,10,6,614.4
21780006553000,12,6,6,664.8
21780006562000,18,10,8,849.6
21780006565000,4,2,2,0
21780006567000,11,6,5,336.6
21780006571000,2,1,1,0
21780006572000,28,15,13,1321.6
21780006575000,2,1,1,0
21780006577000,1,1,0,0
21780006581000,26,14,12,1266.2
21780006582000,125,69,56,4775
21780006583000,32,13,19,1523.2
21780006584000,35,19,16,1732.5
21780006588000,3,1,2,0
21780006591000,6,3,3,301.2
21780006596000,5,2,3,339
21780006597000,3,1,2,0
21780006598000,3,2,1,0
21780006599000,63,34,29,2671.2
21780006600000,143,68,75,5834.4
21780006602000,6,2,4,361.8
21780006603000,44,29,15,1641.2
21780006604000,18,10,8,696.6
21780006605000,24,12,12,1228.8
21780006606000,9,6,3,448.2
21780006607000,33,16,17,1303.5
21780006608000,4,2,2,0
21780006609000,8,3,5,464
21780006610000,221,112,109,8972.6
21780006611000,72,35,37,3902.4
21780006612000,14,8,6,907.2
21780006613000,20,13,7,794
21780006614000,6,4,2,289.2
21780006616000,455,221,234,18018
21780006617000,134,68,66,6056.8
21780006621000,2,1,1,0
21780006633000,3,2,1,0
21780006634000,47,28,19,2115
21780006667000,6,3,3,100.2
21780006668000,8,6,2,402.4
21780006669000,12,6,6,662.4
21780006670000,2,1,1,0
21780006722000,9,5,4,341.1
21780006726000,2,1,1,0
21780006727000,37,20,17,1476.3
21780006728000,227,115,112,9238.9
21780006729000,468,232,236,20077.2
21780006730000,22,9,13,844.8
21780006777000,25,13,12,747.5
21780006778000,15,8,7,682.5
21780006779000,16,7,9,670.4
21780006780000,52,25,27,1986.4
21780006781000,26,12,14,1021.8
21780006782000,16,8,8,529.6
21780006783000,19,12,7,798
21780006784000,28,15,13,977.2
21780006785000,23,13,10,947.6
21780006790000,9,3,6,324.9
21780006791000,1,1,0,0
21780006794000,5,3,2,270
21780006795000,38,18,20,1337.6
21780006798000,4,2,2,0
21780006871000,18,10,8,802.8
21780006873000,5,2,3,167
21780006901000,3,2,1,0
21780006902000,28,12,16,747.6
21780006961000,121,63,58,5166.7
21780006962000,188,101,87,7275.6
21780006980000,11,7,4,563.2
21780006981000,22,9,13,957
21780006992000,21,9,12,783.3
21780006998000,84,51,33,3763.2
21780006999000,12,6,6,536.4
21780007000000,101,52,49,4343
21780007005000,3,2,1,0
21780007011000,14,9,5,687.4
21780007012000,34,18,16,1740.8
21780007014000,1,1,0,0
21780007015000,38,17,21,1911.4
21780007020000,2,1,1,0
21780007024000,5,2,3,166
21780007031000,10,6,4,484
21780007032000,6,3,3,385.8
21780007036000,8,4,4,388
21780007037000,6,3,3,442.8
21780007038000,5,3,2,347
21780007044000,3,2,1,0
21780007063000,12,8,4,607.2
21780007076000,6,4,2,298.2
21780007080000,2,1,1,0
21780007095000,8,3,5,542.4
21780007096000,48,28,20,3235.2
21790006535000,12,6,6,603.6
21790006536000,4,2,2,0
21790006537000,7,4,3,326.2
21790006539000,2,0,2,0
21790006542000,2,1,1,0
21790006543000,10,5,5,449
21790006545000,3,2,1,0
21790006547000,6,2,4,250.8
21790006548000,2,2,0,0
21790006549000,5,3,2,194
21790006550000,3,2,1,0
21790006551000,5,3,2,196
21790006562000,2,0,2,0
21790006564000,10,4,6,381
21790006566000,1,1,0,0
21790006567000,26,12,14,1219.4
21790006570000,4,2,2,0
21790006571000,24,10,14,1195.2
21790006572000,24,11,13,993.6
21790006573000,10,6,4,467
21790006574000,10,3,7,432
21790006575000,12,6,6,324
21790006578000,21,11,10,770.7
21790006579000,22,12,10,948.2
21790006580000,33,16,17,1141.8
21790006581000,20,10,10,752
21790006582000,20,12,8,1018
21790006583000,2,1,1,0
21790006584000,5,3,2,275
21790006603000,11,7,4,539
21790006604000,44,23,21,1892
21790006605000,9,5,4,563.4
21790006607000,4,3,1,0
21790006608000,31,21,10,1264.8
21790006609000,51,26,25,2417.4
21790006610000,53,23,30,2347.9
21790006611000,14,8,6,540.4
21790006666000,10,5,5,424
21790006667000,5,3,2,264
21790006668000,3,1,2,0
21790006669000,63,32,31,2406.6
21790006691000,1,0,1,0
21790006701000,1,1,0,0
21790006702000,1,1,0,0
21790006703000,11,6,5,383.9
21790006704000,4,2,2,0
21790006720000,10,6,4,323
21790006721000,9,6,3,492.3
21790006722000,4,3,1,0
21790006723000,10,6,4,467
21790006725000,15,10,5,676.5
21790006726000,18,7,11,954
21790006727000,14,6,8,606.2
21790006728000,10,5,5,439
21790006729000,2,1,1,0
21790006777000,74,40,34,2863.8
21790006778000,49,28,21,1641.5
21790006779000,24,14,10,1000.8
21790006780000,46,23,23,1568.6
21790006781000,215,104,111,9180.5
21790006782000,59,26,33,2342.3
21790006783000,23,10,13,1166.1
21790006784000,10,6,4,338
21790006789000,9,3,6,359.1
21790006790000,51,26,25,2177.7
21790006791000,34,17,17,1536.8
21790006794000,85,48,37,3417
21790006795000,40,21,19,1400
21790006867000,2,1,1,0
21790006871000,20,9,11,760
21790006872000,6,4,2,207
21790006873000,2,1,1,0
21790006901000,10,5,5,407
21790006902000,204,88,116,10138.8
21790006961000,121,60,61,4767.4
21790006962000,45,24,21,1908
21790006971000,5,3,2,182
21790006972000,4,1,3,0
21790006979000,11,6,5,519.2
21790006980000,30,19,11,1407
21790006981000,72,39,33,3520.8
21790006992000,7,4,3,189
21790006993000,27,14,13,1031.4
21790006997000,30,15,15,729
21790006998000,176,86,90,7779.2
21790006999000,34,20,14,1771.4
21790007000000,90,41,49,3744
21790007006000,15,5,10,637.5
21790007012000,5,4,1,127
21790007020000,2,0,2,0
21790007022000,4,3,1,0
21790007024000,7,3,4,252.7
21790007032000,6,2,4,310.2
21790007036000,18,11,7,772.2
21790007037000,14,7,7,427
21790007044000,5,3,2,298
21790007045000,3,2,1,0
21790007062000,3,1,2,0
21790007063000,10,4,6,682
21790007064000,16,7,9,513.6
21790007065000,16,10,6,553.6
21790007076000,4,2,2,0
21790007080000,31,18,13,1367.1
21800006536000,12,9,3,543.6
21800006537000,39,21,18,1774.5
21800006539000,5,3,2,326
21800006541000,12,9,3,682.8
21800006542000,14,8,6,791
21800006543000,14,5,9,501.2
21800006546000,5,3,2,197
21800006547000,4,2,2,0
21800006548000,7,6,1,230.3
21800006549000,21,11,10,800.1
21800006550000,1,1,0,0
21800006561000,8,4,4,420
21800006563000,10,6,4,403
21800006564000,19,9,10,824.6
21800006566000,6,3,3,378
21800006571000,3,1,2,0
21800006572000,4,2,2,0
21800006573000,1,1,0,0
21800006574000,8,5,3,303.2
21800006575000,18,9,9,1038.6
21800006576000,45,24,21,1719
21800006577000,14,9,5,442.4
21800006578000,24,11,13,991.2
21800006579000,31,16,15,1509.7
21800006580000,12,6,6,481.2
21800006581000,20,11,9,940
21800006582000,5,2,3,239
21800006585000,15,8,7,712.5
21800006586000,7,4,3,478.1
21800006602000,3,2,1,0
21800006662000,1,1,0,0
21800006663000,5,3,2,201
21800006664000,7,4,3,289.1
21800006665000,12,4,8,466.8
21800006666000,21,13,8,802.2
21800006667000,3,1,2,0
21800006668000,18,9,9,851.4
21800006702000,1,0,1,0
21800006703000,2,1,1,0
21800006715000,6,3,3,294
21800006717000,5,2,3,145
21800006718000,37,18,19,1591
21800006719000,17,8,9,831.3
21800006720000,12,7,5,604.8
21800006721000,9,4,5,302.4
21800006722000,35,14,21,1323
21800006723000,18,9,9,768.6
21800006724000,12,5,7,510
21800006726000,9,3,6,248.4
21800006758000,1,0,1,0
21800006776000,31,16,15,1373.3
21800006777000,27,14,13,1209.6
21800006778000,4,1,3,0
21800006779000,30,15,15,1335
21800006780000,36,20,16,1382.4
21800006781000,42,20,22,1818.6
21800006782000,13,9,4,419.9
21800006788000,10,5,5,274
21800006789000,11,4,7,539
21800006790000,94,38,56,3656.6
21800006791000,3,2,1,0
21800006792000,15,9,6,709.5
21800006793000,103,42,61,6355.1
21800006794000,8,5,3,228.8
21800006795000,28,16,12,1030.4
21800006796000,5,2,3,223
21800006846000,2,1,1,0
21800006871000,10,4,6,415
21800006872000,4,1,3,0
21800006873000,2,1,1,0
21800006900000,10,6,4,375
21800006901000,15,9,6,495
21800006902000,67,32,35,2700.1
21800006961000,1,1,0,0
21800006979000,63,35,28,2608.2
21800006980000,32,18,14,1571.2
21800006992000,17,8,9,583.1
21800006993000,11,7,4,478.5
21800006994000,24,10,14,868.8
21800006995000,20,14,6,872
21800006996000,242,118,124,7816.6
21800006997000,769,395,374,30298.6
21800006998000,39,19,20,1903.2
21800006999000,131,69,62,5266.2
21800007000000,42,22,20,1541.4
21800007001000,9,6,3,330.3
21800007006000,24,14,10,1214.4
21800007020000,19,11,8,1005.1
21800007032000,3,2,1,0
21800007036000,9,6,3,455.4
21800007037000,19,9,10,866.4
21800007043000,6,2,4,280.8
21800007044000,14,7,7,596.4
21800007076000,2,1,1,0
21800007080000,59,30,29,2466.2
21810006537000,53,27,26,2173
21810006538000,3,2,1,0
21810006541000,3,1,2,0
21810006543000,4,3,1,0
21810006544000,21,13,8,789.6
21810006545000,16,11,5,878.4
21810006546000,1,1,0,0
21810006547000,2,1,1,0
21810006548000,15,5,10,705
21810006560000,1,0,1,0
21810006563000,3,1,2,0
21810006564000,9,3,6,360
21810006565000,86,42,44,3586.2
21810006566000,9,5,4,299.7
21810006567000,16,7,9,652.8
21810006574000,6,3,3,298.2
21810006575000,3,3,0,0
21810006576000,105,57,48,4032
21810006577000,91,41,50,4713.8
21810006578000,17,7,10,763.3
21810006619000,3,2,1,0
21810006635000,2,1,1,0
21810006646000,1,1,0,0
21810006660000,10,5,5,392
21810006661000,11,5,6,584.1
21810006662000,10,6,4,628
21810006663000,47,27,20,2223.1
21810006664000,6,4,2,303
21810006665000,14,8,6,478.8
21810006666000,16,8,8,876.8
21810006667000,16,10,6,524.8
21810006668000,8,3,5,347.2
21810006692000,9,3,6,290.7
21810006716000,22,11,11,994.4
21810006717000,34,19,15,1329.4
21810006718000,1,1,0,0
21810006719000,36,19,17,1508.4
21810006721000,6,3,3,301.8
21810006722000,9,5,4,478.8
21810006723000,7,5,2,427
21810006724000,14,7,7,561.4
21810006725000,8,4,4,371.2
21810006753000,2,1,1,0
21810006757000,9,6,3,489.6
21810006774000,16,9,7,494.4
21810006775000,24,12,12,768
21810006776000,20,9,11,934
21810006777000,120,61,59,4872
21810006778000,30,16,14,1359
21810006779000,33,19,14,1465.2
21810006780000,23,11,12,920
21810006781000,4,2,2,0
21810006783000,3,1,2,0
21810006784000,5,3,2,233
21810006785000,30,14,16,1356
21810006786000,42,23,19,2020.2
21810006787000,6,4,2,330
21810006789000,4,2,2,0
21810006790000,29,15,14,954.1
21810006791000,33,16,17,1669.8
21810006792000,97,44,53,4171
21810006793000,106,47,59,5649.8
21810006794000,1,1,0,0
21810006795000,25,13,12,1047.5
21810006796000,12,8,4,489.6
21810006867000,1,1,0,0
21810006869000,3,1,2,0
21810006871000,25,13,12,1212.5
21810006873000,5,4,1,121
21810006902000,30,16,14,1224
21810006960000,12,6,6,489.6
21810006961000,11,5,6,601.7
21810006979000,11,6,5,524.7
21810006993000,24,14,10,1029.6
21810006994000,6,3,3,295.2
21810006996000,44,23,21,1403.6
21810006997000,527,261,266,21659.7
21810006998000,41,20,21,2074.6
21810006999000,92,43,49,3818
21810007000000,52,29,23,2761.2
21810007001000,1,1,0,0
21810007006000,11,7,4,563.2
21810007007000,5,3,2,103
21810007020000,10,6,4,543
21810007036000,5,3,2,180
21810007037000,1,1,0,0
21810007043000,28,15,13,898.8
21810007044000,5,3,2,267
21810007052000,1,1,0,0
21810007067000,3,2,1,0
21810007076000,23,14,9,1110.9
21810007080000,55,32,23,2150.5
21820006536000,2,1,1,0
21820006537000,28,16,12,1215.2
21820006538000,4,3,1,0
21820006539000,1,1,0,0
21820006540000,1,1,0,0
21820006541000,5,1,4,140
21820006542000,10,4,6,499
21820006543000,2,1,1,0
21820006544000,4,2,2,0
21820006545000,19,8,11,837.9
21820006546000,11,5,6,462
21820006548000,2,2,0,0
21820006549000,18,12,6,966.6
21820006563000,4,2,2,0
21820006566000,9,6,3,277.2
21820006574000,10,6,4,535
21820006575000,13,8,5,617.5
21820006577000,10,5,5,322
21820006580000,2,1,1,0
21820006633000,5,3,2,194
21820006634000,7,4,3,378
21820006635000,4,1,3,0
21820006656000,4,1,3,0
21820006658000,9,5,4,369
21820006659000,13,7,6,638.3
21820006660000,4,2,2,0
21820006661000,15,5,10,768
21820006662000,12,7,5,604.8
21820006663000,120,57,63,4812
21820006665000,5,2,3,298
21820006666000,1,1,0,0
21820006691000,4,1,3,0
21820006692000,15,10,5,547.5
21820006695000,14,5,9,715.4
21820006696000,11,6,5,423.5
21820006697000,14,7,7,494.2
21820006717000,8,5,3,387.2
21820006718000,6,3,3,345
21820006726000,1,1,0,0
21820006728000,6,5,1,232.8
21820006757000,1,0,1,0
21820006758000,3,1,2,0
21820006773000,3,2,1,0
21820006774000,35,18,17,1484
21820006775000,32,21,11,1273.6
21820006776000,90,43,47,3150
21820006777000,3,1,2,0
21820006783000,7,5,2,301
21820006784000,6,2,4,258
21820006785000,14,5,9,550.2
21820006787000,6,5,1,163.8
21820006788000,35,18,17,1760.5
21820006789000,39,20,19,1602.9
21820006790000,120,56,64,5268
21820006791000,151,75,76,7248
21820006794000,11,6,5,432.3
21820006795000,35,19,16,1466.5
21820006796000,4,2,2,0
21820006869000,20,10,10,816
21820006870000,1,1,0,0
21820006871000,54,29,25,2062.8
21820006872000,24,13,11,1264.8
21820006880000,3,2,1,0
21820006881000,3,1,2,0
21820006900000,13,8,5,336.7
21820006901000,2,1,1,0
21820006902000,35,18,17,1431.5
21820006960000,13,9,4,575.9
21820006961000,2,1,1,0
21820006969000,2,1,1,0
21820006978000,22,10,12,836
21820006993000,4,2,2,0
21820006997000,34,14,20,1822.4
21820006998000,359,159,200,19888.6
21820006999000,172,84,88,6398.4
21820007007000,8,5,3,242.4
21820007023000,11,4,7,486.2
21820007036000,11,5,6,445.5
21820007037000,8,3,5,348
21820007043000,14,6,8,667.8
21820007063000,2,1,1,0
21820007066000,8,4,4,372
21820007067000,5,3,2,158
21820007076000,50,30,20,2220
21820007079000,29,17,12,1296.3
21820007080000,59,30,29,2590.1
21830006535000,2,1,1,0
21830006536000,34,18,16,1533.4
21830006537000,15,10,5,439.5
21830006538000,8,5,3,414.4
21830006539000,4,3,1,0
21830006540000,8,4,4,474.4
21830006541000,5,4,1,276
21830006542000,7,4,3,340.9
21830006543000,1,1,0,0
21830006546000,12,8,4,472.8
21830006547000,22,11,11,996.6
21830006549000,4,2,2,0
21830006566000,1,1,0,0
21830006574000,60,31,29,1836
21830006575000,99,51,48,2633.4
21830006580000,2,1,1,0
21830006633000,13,7,6,682.5
21830006634000,1,1,0,0
21830006635000,10,5,5,525
21830006651000,6,3,3,295.8
21830006653000,8,2,6,402.4
21830006655000,6,3,3,301.2
21830006656000,19,9,10,801.8
21830006657000,12,6,6,414
21830006658000,18,11,7,829.8
21830006659000,14,7,7,630
21830006660000,2,2,0,0
21830006661000,4,2,2,0
21830006664000,17,9,8,804.1
21830006692000,12,6,6,556.8
21830006694000,29,15,14,1539.9
21830006695000,13,7,6,695.5
21830006696000,8,5,3,451.2
21830006717000,12,8,4,723.6
21830006718000,11,7,4,634.7
21830006760000,6,4,2,382.2
21830006773000,5,2,3,92
21830006774000,9,7,2,506.7
21830006775000,18,9,9,880.2
21830006776000,1,0,1,0
21830006784000,5,2,3,256
21830006785000,86,47,39,2657.4
21830006786000,63,34,29,3036.6
21830006787000,79,39,40,3104.7
21830006788000,42,19,23,1516.2
21830006789000,37,25,12,1476.3
21830006790000,1,0,1,0
21830006869000,24,12,12,1168.8
21830006871000,18,7,11,766.8
21830006872000,4,2,2,0
21830006873000,44,21,23,1430
21830006874000,5,2,3,165
21830006880000,13,8,5,669.5
21830006899000,6,5,1,304.8
21830006900000,17,10,7,737.8
21830006901000,1,1,0,0
21830006902000,54,24,30,2640.6
21830006959000,6,4,2,349.2
21830006960000,21,11,10,978.6
21830006977000,4,2,2,0
21830006993000,2,1,1,0
21830006994000,5,3,2,300
21830006998000,15,9,6,658.5
21830006999000,65,31,34,2964
21830007023000,10,6,4,536
21830007036000,11,7,4,553.3
21830007037000,49,26,23,1920.8
21830007038000,6,3,3,213
21830007041000,7,5,2,119
21830007044000,19,8,11,885.4
21830007053000,7,4,3,492.1
21830007066000,21,13,8,688.8
21830007069000,2,1,1,0
21830007076000,26,14,12,1281.8
21830007078000,2,1,1,0
21830007080000,10,7,3,427
21830007081000,21,12,9,747.6
21830007098000,21,12,9,808.5
21840006536000,22,9,13,1097.8
21840006538000,9,4,5,325.8
21840006540000,5,2,3,175
21840006541000,2,1,1,0
21840006542000,5,3,2,149
21840006543000,1,1,0,0
21840006546000,6,3,3,226.2
21840006547000,18,9,9,649.8
21840006548000,3,2,1,0
21840006566000,1,0,1,0
21840006567000,5,3,2,299
21840006573000,21,8,13,1083.6
21840006574000,48,26,22,1982.4
21840006575000,12,5,7,500.4
21840006579000,45,23,22,1638
21840006633000,5,4,1,207
21840006635000,12,7,5,453.6
21840006650000,10,4,6,571
21840006651000,4,3,1,0
21840006652000,4,2,2,0
21840006653000,5,3,2,310
21840006654000,7,2,5,417.2
21840006655000,4,2,2,0
21840006656000,12,6,6,464.4
21840006657000,7,4,3,431.2
21840006658000,6,4,2,259.2
21840006659000,8,4,4,300
21840006663000,14,8,6,604.8
21840006664000,2,2,0,0
21840006690000,4,2,2,0
21840006691000,1,1,0,0
21840006692000,3,2,1,0
21840006693000,4,3,1,0
21840006694000,7,4,3,326.9
21840006716000,11,3,8,401.5
21840006718000,9,5,4,459.9
21840006758000,3,2,1,0
21840006760000,9,5,4,352.8
21840006761000,1,1,0,0
21840006772000,18,9,9,768.6
21840006773000,13,7,6,345.8
21840006774000,16,9,7,793.6
21840006775000,20,11,9,688
21840006780000,25,15,10,857.5
21840006783000,6,4,2,319.8
21840006784000,69,36,33,2801.4
21840006785000,101,51,50,4060.2
21840006787000,44,22,22,1795.2
21840006788000,4,3,1,0
21840006867000,3,2,1,0
21840006868000,5,3,2,211
21840006869000,3,2,1,0
21840006871000,1,1,0,0
21840006872000,17,9,8,596.7
21840006873000,32,21,11,1228.8
21840006874000,22,13,9,1091.2
21840006878000,10,6,4,436
21840006879000,18,9,9,1053
21840006880000,24,13,11,1041.6
21840006881000,19,10,9,579.5
21840006899000,15,7,8,658.5
21840006900000,2,1,1,0
21840006901000,28,15,13,1318.8
21840006902000,4,2,2,0
21840006959000,18,10,8,741.6
21840006960000,6,3,3,253.2
21840006998000,70,34,36,2786
21840006999000,13,7,6,549.9
21840007007000,1,1,0,0
21840007008000,4,3,1,0
21840007021000,6,3,3,256.8
21840007037000,15,9,6,685.5
21840007038000,3,1,2,0
21840007039000,15,8,7,570
21840007040000,41,18,23,1644.1
21840007041000,14,6,8,533.4
21840007042000,13,6,7,646.1
21840007043000,3,1,2,0
21840007044000,42,23,19,1386
21840007053000,3,1,2,0
21840007065000,4,2,2,0
21840007068000,8,5,3,414.4
21840007069000,4,2,2,0
21840007076000,22,10,12,919.6
21840007077000,22,12,10,642.4
21840007081000,75,42,33,2647.5
21850006540000,1,1,0,0
21850006547000,19,8,11,583.3
21850006548000,15,8,7,544.5
21850006549000,2,1,1,0
21850006550000,4,3,1,0
21850006556000,2,0,2,0
21850006557000,3,1,2,0
21850006559000,1,0,1,0
21850006566000,16,8,8,492.8
21850006567000,41,17,24,1537.5
21850006568000,4,2,2,0
21850006569000,8,5,3,303.2
21850006570000,5,3,2,280
21850006573000,6,4,2,358.8
21850006574000,20,8,12,710
21850006575000,12,6,6,350.4
21850006576000,1,1,0,0
21850006577000,9,3,6,330.3
21850006578000,53,30,23,2210.1
21850006579000,5,3,2,144
21850006618000,4,3,1,0
21850006631000,1,1,0,0
21850006632000,26,16,10,1107.6
21850006633000,3,2,1,0
21850006634000,3,2,1,0
21850006643000,1,0,1,0
21850006648000,3,1,2,0
21850006649000,13,7,6,499.2
21850006651000,5,1,4,220
21850006653000,3,2,1,0
21850006654000,8,3,5,403.2
21850006656000,8,4,4,419.2
21850006692000,10,5,5,703
21850006693000,30,14,16,1560
21850006694000,5,2,3,207
21850006760000,2,1,1,0
21850006761000,25,15,10,900
21850006772000,11,5,6,474.1
21850006773000,31,16,15,1391.9
21850006774000,43,22,21,1754.4
21850006775000,8,4,4,294.4
21850006779000,5,4,1,141
21850006780000,40,20,20,1648
21850006781000,23,13,10,880.9
21850006782000,2,1,1,0
21850006783000,86,40,46,3508.8
21850006784000,127,65,62,5511.8
21850006785000,25,11,14,1127.5
21850006798000,2,1,1,0
21850006857000,2,1,1,0
21850006866000,3,2,1,0
21850006873000,22,13,9,987.8
21850006874000,4,2,2,0
21850006877000,12,8,4,559.2
21850006878000,9,5,4,352.8
21850006879000,6,4,2,273
21850006880000,22,10,12,858
21850006899000,15,6,9,706.5
21850006900000,5,4,1,251
21850006901000,12,5,7,429.6
21850006958000,10,4,6,388
21850006959000,12,6,6,561.6
21850006998000,14,7,7,649.6
21850007008000,2,2,0,0
21850007020000,17,7,10,748
21850007021000,10,6,4,351
21850007036000,3,2,1,0
21850007037000,9,3,6,545.4
21850007038000,1,1,0,0
21850007041000,4,2,2,0
21850007042000,23,15,8,920
21850007044000,5,4,1,134
21850007053000,12,4,8,500.4
21850007064000,2,0,2,0
21850007065000,14,6,8,572.6
21850007066000,18,10,8,797.4
21850007069000,3,2,1,0
21850007070000,3,2,1,0
21850007076000,4,3,1,0
21850007081000,10,6,4,431
21850007082000,7,4,3,312.2
21860006545000,48,27,21,2520
21860006546000,8,5,3,347.2
21860006547000,3,2,1,0
21860006548000,6,3,3,181.2
21860006549000,53,24,29,2236.6
21860006550000,23,13,10,696.9
21860006555000,3,1,2,0
21860006556000,8,5,3,256
21860006560000,1,0,1,0
21860006563000,15,9,6,756
21860006566000,9,5,4,228.6
21860006567000,139,71,68,6713.7
21860006568000,2,0,2,0
21860006570000,13,7,6,609.7
21860006571000,15,10,5,625.5
21860006572000,24,14,10,1010.4
21860006573000,42,22,20,1772.4
21860006574000,11,7,4,465.3
21860006575000,2,1,1,0
21860006576000,96,51,45,4416
21860006577000,282,145,137,10546.8
21860006578000,8,4,4,324.8
21860006586000,5,4,1,285
21860006631000,8,4,4,216
21860006632000,2,0,2,0
21860006633000,2,1,1,0
21860006641000,1,1,0,0
21860006647000,1,1,0,0
21860006648000,13,4,9,474.5
21860006649000,14,7,7,690.2
21860006650000,9,5,4,430.2
21860006651000,6,3,3,247.2
21860006654000,1,1,0,0
21860006655000,10,5,5,276
21860006656000,6,3,3,343.8
21860006691000,2,1,1,0
21860006692000,24,14,10,772.8
21860006693000,19,12,7,720.1
21860006714000,4,3,1,0
21860006761000,7,3,4,340.2
21860006762000,14,8,6,582.4
21860006772000,5,2,3,311
21860006774000,28,11,17,795.2
21860006778000,2,1,1,0
21860006779000,21,11,10,1001.7
21860006780000,51,26,25,2034.9
21860006781000,47,27,20,1969.3
21860006782000,23,11,12,936.1
21860006783000,7,4,3,294.7
21860006784000,23,12,11,952.2
21860006857000,5,3,2,319
21860006858000,10,5,5,439
21860006872000,8,6,2,390.4
21860006874000,50,21,29,2040
21860006876000,16,8,8,662.4
21860006877000,11,5,6,513.7
21860006897000,3,2,1,0
21860006899000,12,9,3,436.8
21860006900000,12,9,3,410.4
21860006958000,13,6,7,429
21860006998000,13,5,8,553.8
21860006999000,1,1,0,0
21860007037000,14,7,7,555.8
21860007045000,15,7,8,622.5
21860007046000,60,30,30,1908
21860007047000,3,3,0,0
21860007064000,3,1,2,0
21860007070000,2,1,1,0
21860007076000,8,3,5,463.2
21860007077000,2,0,2,0
21860007082000,25,9,16,817.5
21860007083000,20,10,10,1064
21860007089000,1,1,0,0
21870006536000,39,22,17,1606.8
21870006537000,17,5,12,528.7
21870006539000,1,1,0,0
21870006544000,15,8,7,846
21870006545000,102,52,50,4783.8
21870006546000,9,4,5,438.3
21870006548000,69,41,28,2822.1
21870006549000,224,125,99,8176
21870006552000,2,1,1,0
21870006553000,1,1,0,0
21870006554000,24,14,10,871.2
21870006563000,62,30,32,2393.2
21870006564000,135,79,56,4887
21870006565000,23,12,11,1170.7
21870006566000,2,1,1,0
21870006567000,12,4,8,673.2
21870006568000,9,5,4,394.2
21870006569000,21,11,10,917.7
21870006570000,5,2,3,265
21870006571000,26,13,13,1076.4
21870006572000,4,2,2,0
21870006573000,66,33,33,2831.4
21870006574000,194,104,90,8555.4
21870006575000,103,51,52,4223
21870006576000,716,373,343,28568.4
21870006577000,193,100,93,7237.5
21870006620000,1,1,0,0
21870006621000,5,2,3,318
21870006622000,5,2,3,77
21870006631000,9,5,4,387
21870006632000,24,13,11,1048.8
21870006633000,22,9,13,833.8
21870006634000,3,1,2,0
21870006648000,26,13,13,954.2
21870006649000,65,37,28,2294.5
21870006654000,12,6,6,595.2
21870006655000,12,7,5,590.4
21870006656000,3,2,1,0
21870006687000,5,3,2,215
21870006689000,18,8,10,765
21870006690000,2,2,0,0
21870006691000,68,24,44,3304.8
21870006692000,92,43,49,4241.2
21870006693000,6,3,3,279
21870006712000,16,9,7,499.2
21870006713000,2,1,1,0
21870006714000,10,5,5,644
21870006761000,10,3,7,449
21870006762000,3,2,1,0
21870006772000,24,12,12,892.8
21870006773000,3,3,0,0
21870006774000,316,146,170,14409.6
21870006775000,123,61,62,4870.8
21870006776000,70,38,32,3325
21870006777000,10,4,6,484
21870006778000,10,5,5,446
21870006779000,53,28,25,2003.4
21870006780000,116,59,57,4837.2
21870006781000,8,4,4,410.4
21870006793000,4,1,3,0
21870006857000,21,14,7,779.1
21870006858000,24,11,13,892.8
21870006861000,9,4,5,228.6
21870006872000,18,8,10,700.2
21870006873000,6,3,3,294
21870006874000,41,21,20,1767.1
21870006876000,20,8,12,946
21870006877000,8,5,3,320
21870006897000,3,1,2,0
21870006898000,8,3,5,384.8
21870006899000,14,6,8,611.8
21870006900000,2,0,2,0
21870006904000,3,2,1,0
21870006957000,3,2,1,0
21870006958000,2,1,1,0
21870006976000,5,2,3,145
21870006998000,4,1,3,0
21870006999000,47,26,21,1776.6
21870007008000,4,3,1,0
21870007021000,2,1,1,0
21870007037000,1,1,0,0
21870007038000,8,4,4,348
21870007046000,32,19,13,1555.2
21870007053000,4,3,1,0
21870007054000,3,1,2,0
21870007068000,3,3,0,0
21870007070000,12,6,6,642
21870007077000,10,7,3,354
21870007083000,22,12,10,880
21870007084000,10,6,4,369
21870007088000,40,20,20,1932
21870007089000,20,10,10,726
21870007097000,5,4,1,212
21870007098000,19,8,11,1088.7
21880006537000,13,7,6,839.8
21880006538000,3,2,1,0
21880006544000,13,8,5,595.4
21880006545000,5,3,2,346
21880006546000,46,26,20,2185
21880006547000,16,8,8,596.8
21880006548000,26,15,11,1110.2
21880006549000,8,3,5,303.2
21880006550000,3,0,3,0
21880006554000,16,9,7,777.6
21880006560000,4,2,2,0
21880006564000,579,291,288,22812.6
21880006565000,192,98,94,9465.6
21880006567000,12,8,4,493.2
21880006568000,18,9,9,727.2
21880006569000,16,7,9,633.6
21880006570000,11,6,5,493.9
21880006571000,8,5,3,370.4
21880006572000,29,17,12,1339.8
21880006573000,40,20,20,1772
21880006574000,1071,563,508,42518.7
21880006575000,798,429,369,26094.6
21880006576000,248,128,120,10589.6
21880006577000,200,106,94,9120
21880006584000,13,9,4,523.9
21880006586000,18,9,9,770.4
21880006600000,2,1,1,0
21880006601000,2,1,1,0
21880006622000,28,13,15,1086.4
21880006623000,4,2,2,0
21880006631000,30,10,20,1032
21880006648000,5,3,2,125
21880006649000,167,85,82,7314.6
21880006650000,7,4,3,261.1
21880006655000,16,11,5,656
21880006682000,3,2,1,0
21880006683000,17,9,8,629
21880006685000,7,4,3,347.9
21880006687000,7,3,4,335.3
21880006688000,17,11,6,727.6
21880006689000,4,2,2,0
21880006690000,7,2,5,263.2
21880006691000,40,22,18,1724
21880006692000,74,32,42,3603.8
21880006693000,5,3,2,185
21880006711000,4,2,2,0
21880006712000,43,23,20,1784.5
21880006763000,6,3,3,226.8
21880006772000,9,4,5,425.7
21880006773000,3,1,2,0
21880006774000,251,118,133,12148.4
21880006775000,408,201,207,19380
21880006776000,76,33,43,3222.4
21880006777000,59,30,29,2318.7
21880006778000,93,42,51,3757.2
21880006779000,34,17,17,1771.4
21880006780000,36,21,15,1638
21880006860000,1,1,0,0
21880006872000,14,5,9,596.4
21880006873000,3,2,1,0
21880006874000,4,3,1,0
21880006875000,32,18,14,1401.6
21880006876000,36,14,22,1702.8
21880006897000,9,4,5,532.8
21880006898000,37,18,19,1487.4
21880006899000,26,10,16,967.2
21880006956000,5,3,2,160
21880006957000,5,3,2,215
21880006975000,1,1,0,0
21880006999000,20,8,12,866
21880007009000,6,4,2,322.8
21880007038000,24,16,8,1005.6
21880007046000,3,2,1,0
21880007053000,4,2,2,0
21880007063000,5,3,2,252
21880007070000,17,8,9,790.5
21880007072000,22,11,11,794.2
21880007077000,3,2,1,0
21880007078000,3,2,1,0
21880007083000,23,13,10,860.2
21880007084000,137,71,66,4658
21880007086000,51,25,26,1642.2
21880007087000,7,3,4,366.1
21880007088000,6,3,3,415.8
21880007089000,50,22,28,1850
21880007090000,37,21,16,1106.3
21880007096000,5,3,2,230
21880007097000,114,58,56,5358
21880007098000,8,3,5,540
21890006545000,6,3,3,204
21890006546000,1,1,0,0
21890006547000,54,30,24,2473.2
21890006548000,4,3,1,0
21890006549000,20,9,11,1046
21890006550000,120,51,69,6840
21890006551000,17,8,9,793.9
21890006554000,13,5,8,496.6
21890006560000,5,2,3,204
21890006561000,1,1,0,0
21890006563000,179,96,83,7231.6
21890006564000,158,80,78,6288.4
21890006568000,11,5,6,470.8
21890006569000,1,1,0,0
21890006570000,11,7,4,639.1
21890006571000,4,2,2,0
21890006573000,27,13,14,1085.4
21890006574000,172,83,89,5951.2
21890006575000,942,471,471,37680
21890006576000,1636,766,870,73292.8
21890006577000,2665,1244,1421,101003.5
21890006578000,173,88,85,7681.2
21890006579000,29,14,15,1203.5
21890006580000,10,7,3,292
21890006581000,43,24,19,1500.7
21890006582000,71,39,32,2967.8
21890006583000,25,14,11,1040
21890006584000,28,14,14,994
21890006585000,5,4,1,215
21890006586000,3,1,2,0
21890006597000,11,8,3,348.7
21890006598000,2,1,1,0
21890006599000,2,1,1,0
21890006602000,2,1,1,0
21890006622000,2,2,0,0
21890006623000,12,4,8,295.2
21890006630000,4,2,2,0
21890006631000,9,4,5,395.1
21890006646000,3,2,1,0
21890006647000,9,5,4,305.1
21890006648000,19,9,10,748.6
21890006653000,3,1,2,0
21890006655000,10,6,4,504
21890006656000,8,5,3,291.2
21890006683000,36,20,16,1346.4
21890006684000,34,16,18,1220.6
21890006685000,17,10,7,829.6
21890006686000,10,5,5,513
21890006687000,6,3,3,334.2
21890006691000,3,2,1,0
21890006692000,13,6,7,419.9
21890006712000,15,10,5,862.5
21890006762000,2,2,0,0
21890006771000,3,2,1,0
21890006772000,18,10,8,745.2
21890006773000,3,1,2,0
21890006774000,452,222,230,19797.6
21890006775000,86,40,46,3964.6
21890006776000,2,1,1,0
21890006778000,17,6,11,523.6
21890006795000,1,1,0,0
21890006858000,2,1,1,0
21890006872000,7,4,3,317.1
21890006873000,113,51,62,5118.9
21890006874000,701,338,363,34208.8
21890006875000,110,62,48,4081
21890006897000,17,11,6,717.4
21890006898000,37,19,18,1409.7
21890006899000,4,2,2,0
21890006944000,5,1,4,162
21890006955000,1,1,0,0
21890006956000,6,2,4,228
21890006999000,27,13,14,1128.6
21890007009000,7,3,4,282.8
21890007021000,10,6,4,413
21890007038000,3,1,2,0
21890007054000,4,2,2,0
21890007063000,21,9,12,695.1
21890007070000,153,75,78,5829.3
21890007072000,31,16,15,1261.7
21890007084000,16,10,6,686.4
21890007085000,36,23,13,1267.2
21890007086000,9,5,4,423.9
21890007087000,22,15,7,899.8
21890007088000,50,24,26,2345
21890007089000,62,25,37,2926.4
21890007090000,16,9,7,608
21890007097000,63,37,26,3446.1
21890007098000,2,1,1,0
21900006545000,34,20,14,1499.4
21900006546000,34,17,17,1710.2
21900006547000,51,29,22,2560.2
21900006548000,2,1,1,0
21900006549000,24,11,13,919.2
21900006550000,31,16,15,1050.9
21900006551000,4,2,2,0
21900006554000,23,11,12,929.2
21900006556000,5,2,3,151
21900006557000,9,5,4,363.6
21900006558000,1,0,1,0
21900006559000,33,18,15,1230.9
21900006560000,37,22,15,1579.9
21900006561000,10,5,5,481
21900006566000,120,68,52,5508
21900006567000,16,9,7,745.6
21900006568000,13,6,7,627.9
21900006572000,27,15,12,1063.8
21900006573000,540,272,268,21384
21900006574000,1198,583,615,44565.6
21900006575000,1094,573,521,43103.6
21900006576000,1210,592,618,49610
21900006577000,327,166,161,12131.7
21900006578000,147,68,79,5821.2
21900006579000,329,166,163,10297.7
21900006580000,368,197,171,12217.6
21900006581000,83,40,43,3602.2
21900006582000,134,66,68,4609.6
21900006583000,130,66,64,5447
21900006584000,38,20,18,1679.6
21900006585000,34,19,15,1584.4
21900006586000,13,6,7,565.5
21900006587000,6,1,5,160.2
21900006596000,3,3,0,0
21900006597000,6,4,2,216
21900006602000,6,4,2,240
21900006603000,4,2,2,0
21900006623000,1,1,0,0
21900006631000,3,1,2,0
21900006646000,25,13,12,810
21900006647000,5,2,3,230
21900006650000,35,20,15,1519
21900006658000,3,2,1,0
21900006659000,6,4,2,172.8
21900006660000,8,3,5,260
21900006661000,1,0,1,0
21900006678000,8,3,5,252.8
21900006679000,21,13,8,854.7
21900006680000,19,10,9,630.8
21900006681000,8,4,4,338.4
21900006683000,14,7,7,448
21900006684000,3,2,1,0
21900006686000,2,2,0,0
21900006690000,4,2,2,0
21900006694000,2,1,1,0
21900006711000,15,7,8,768
21900006712000,17,9,8,882.3
21900006767000,14,8,6,415.8
21900006768000,6,3,3,177
21900006771000,5,3,2,194
21900006772000,107,57,50,3777.1
21900006773000,174,93,81,6925.2
21900006774000,336,160,176,14918.4
21900006775000,33,14,19,1584
21900006872000,13,6,7,595.4
21900006873000,51,26,25,2810.1
21900006874000,359,166,193,15149.8
21900006875000,76,40,36,3860.8
21900006895000,13,6,7,473.2
21900006896000,1,1,0,0
21900006897000,1,1,0,0
21900006898000,18,10,8,838.8
21900006945000,2,1,1,0
21900006946000,3,1,2,0
21900006954000,8,6,2,299.2
21900006955000,4,1,3,0
21900006999000,18,11,7,648
21900007009000,2,1,1,0
21900007021000,10,6,4,449
21900007022000,4,1,3,0
21900007038000,14,6,8,806.4
21900007047000,1,1,0,0
21900007063000,4,1,3,0
21900007070000,40,26,14,1512
21900007071000,1,0,1,0
21900007072000,21,12,9,924
21900007073000,11,4,7,575.3
21900007085000,24,12,12,1029.6
21900007088000,42,22,20,1478.4
21900007089000,3,1,2,0
21910006546000,3,2,1,0
21910006547000,2,1,1,0
21910006548000,66,29,37,2567.4
21910006549000,13,6,7,444.6
21910006550000,16,7,9,577.6
21910006551000,23,9,14,729.1
21910006553000,9,4,5,299.7
21910006554000,9,6,3,387
21910006555000,5,3,2,306
21910006557000,17,7,10,576.3
21910006558000,9,6,3,377.1
21910006559000,73,35,38,3190.1
21910006560000,13,8,5,383.5
21910006566000,32,20,12,1408
21910006567000,29,18,11,1244.1
21910006568000,118,64,54,4873.4
21910006569000,561,274,287,22103.4
21910006570000,10,5,5,447
21910006571000,15,11,4,517.5
21910006572000,336,165,171,13574.4
21910006573000,993,487,506,39720
21910006574000,589,246,343,25562.6
21910006575000,2169,1100,1069,88278.3
21910006576000,2563,1223,1340,117385.4
21910006577000,727,352,375,28643.8
21910006578000,926,446,480,33521.2
21910006579000,492,238,254,19138.8
21910006580000,89,42,47,3996.1
21910006581000,36,18,18,1447.2
21910006582000,9,3,6,257.4
21910006584000,4,4,0,0
21910006595000,1,1,0,0
21910006596000,2,1,1,0
21910006630000,19,12,7,879.7
21910006631000,68,38,30,2570.4
21910006646000,21,8,13,852.6
21910006647000,10,2,8,416
21910006649000,9,4,5,397.8
21910006650000,4,3,1,0
21910006651000,9,4,5,387
21910006657000,5,3,2,228
21910006658000,16,9,7,513.6
21910006659000,13,7,6,595.4
21910006673000,2,1,1,0
21910006674000,10,3,7,295
21910006675000,15,10,5,694.5
21910006676000,13,5,8,442
21910006677000,6,6,0,355.2
21910006678000,22,10,12,990
21910006679000,89,42,47,3542.2
21910006680000,130,57,73,5070
21910006691000,2,1,1,0
21910006711000,6,3,3,211.2
21910006766000,7,4,3,450.8
21910006767000,19,13,6,931
21910006768000,78,39,39,3112.2
21910006769000,21,12,9,850.5
21910006770000,9,6,3,353.7
21910006772000,141,65,76,6232.2
21910006773000,422,215,207,16964.4
21910006774000,2,2,0,0
21910006775000,6,2,4,241.8
21910006780000,2,1,1,0
21910006853000,3,2,1,0
21910006856000,5,2,3,340
21910006857000,25,14,11,1127.5
21910006858000,9,7,2,555.3
21910006859000,3,2,1,0
21910006861000,1,1,0,0
21910006872000,6,3,3,97.8
21910006873000,41,22,19,1689.2
21910006874000,189,94,95,7560
21910006875000,17,9,8,756.5
21910006894000,4,2,2,0
21910006895000,19,9,10,594.7
21910006896000,1,1,0,0
21910006897000,34,16,18,1638.8
21910006898000,79,41,38,3491.8
21910006954000,9,5,4,452.7
21910006999000,43,20,23,1732.9
21910007021000,44,21,23,1865.6
21910007035000,5,3,2,142
21910007038000,3,2,1,0
21910007039000,17,10,7,601.8
21910007047000,16,7,9,859.2
21910007054000,3,2,1,0
21910007063000,4,1,3,0
21910007071000,14,8,6,610.4
21910007072000,38,20,18,1732.8
21910007073000,24,14,10,1250.4
21910007077000,97,54,43,3307.7
21910007085000,13,8,5,403
21910007086000,42,25,17,1827
21910007087000,2,1,1,0
21910007088000,1,0,1,0
21910007089000,1,0,1,0
21920006548000,2,1,1,0
21920006549000,59,28,31,2702.2
21920006550000,11,5,6,457.6
21920006551000,37,22,15,1439.3
21920006552000,7,5,2,328.3
21920006553000,3,3,0,0
21920006555000,30,17,13,1191
21920006556000,19,11,8,414.2
21920006557000,116,50,66,3422
21920006558000,16,10,6,670.4
21920006559000,48,26,22,1838.4
21920006560000,29,14,15,1189
21920006566000,12,5,7,444
21920006567000,428,223,205,16649.2
21920006568000,959,497,462,40661.6
21920006569000,1717,813,904,60610.1
21920006570000,245,118,127,12029.5
21920006571000,140,59,81,7280
21920006572000,1521,744,777,57950.1
21920006573000,2227,1116,1111,88411.9
21920006574000,1594,766,828,70614.2
21920006575000,2345,1192,1153,98959
21920006576000,2218,1093,1125,92268.8
21920006577000,518,254,264,22999.2
21920006578000,170,86,84,6069
21920006579000,37,19,18,1579.9
21920006580000,64,34,30,2323.2
21920006581000,40,24,16,1816
21920006582000,36,18,18,1162.8
21920006623000,9,5,4,366.3
21920006627000,2,1,1,0
21920006630000,15,7,8,540
21920006631000,35,18,17,1456
21920006645000,4,3,1,0
21920006646000,16,9,7,734.4
21920006647000,2,1,1,0
21920006648000,3,2,1,0
21920006651000,12,5,7,254.4
21920006652000,1,0,1,0
21920006653000,2,1,1,0
21920006654000,4,3,1,0
21920006655000,5,2,3,206
21920006656000,1,1,0,0
21920006657000,1,1,0,0
21920006658000,17,9,8,785.4
21920006659000,1,0,1,0
21920006660000,7,4,3,469.7
21920006661000,19,11,8,657.4
21920006662000,1,1,0,0
21920006671000,8,4,4,264
21920006672000,16,5,11,737.6
21920006673000,20,10,10,1002
21920006674000,47,30,17,1922.3
21920006675000,12,6,6,600
21920006676000,19,9,10,974.7
21920006677000,27,13,14,1325.7
21920006678000,14,9,5,672
21920006679000,8,5,3,379.2
21920006711000,5,3,2,208
21920006712000,3,1,2,0
21920006713000,19,11,8,659.3
21920006761000,7,2,5,142.8
21920006766000,26,11,15,1014
21920006767000,38,19,19,1888.6
21920006768000,28,15,13,980
21920006769000,7,5,2,247.1
21920006771000,30,17,13,1275
21920006772000,115,59,56,5232.5
21920006773000,8,6,2,268.8
21920006776000,1,1,0,0
21920006852000,3,2,1,0
21920006857000,2,1,1,0
21920006858000,38,22,16,1854.4
21920006859000,6,4,2,199.2
21920006872000,29,14,15,1218
21920006873000,11,6,5,532.4
21920006874000,30,17,13,1422
21920006875000,3,2,1,0
21920006893000,12,5,7,367.2
21920006894000,7,4,3,305.2
21920006895000,20,6,14,802
21920006896000,57,34,23,2348.4
21920006897000,7,4,3,426.3
21920006898000,31,18,13,1708.1
21920006953000,10,3,7,481
21920006954000,7,3,4,282.8
21920006998000,6,3,3,256.2
21920006999000,79,43,36,3144.2
21920007000000,6,2,4,276
21920007021000,29,13,16,1226.7
21920007038000,8,3,5,198.4
21920007039000,18,10,8,1036.8
21920007048000,1,1,0,0
21920007054000,4,1,3,0
21920007064000,12,6,6,570
21920007070000,1,0,1,0
21920007071000,19,11,8,917.7
21920007072000,23,15,8,818.8
21920007073000,73,46,27,2788.6
21920007077000,166,82,84,6092.2
21920007078000,19,11,8,693.5
21920007086000,12,5,7,440.4
21920007088000,10,6,4,381
21930006549000,67,31,36,2485.7
21930006550000,1,1,0,0
21930006551000,9,5,4,343.8
21930006552000,44,21,23,1707.2
21930006553000,44,26,18,1826
21930006554000,6,5,1,180
21930006555000,38,16,22,1269.2
21930006556000,39,21,18,1766.7
21930006557000,504,280,224,16581.6
21930006560000,16,8,8,625.6
21930006561000,38,21,17,1569.4
21930006562000,51,24,27,1994.1
21930006563000,54,30,24,2224.8
21930006564000,1044,531,513,39358.8
21930006565000,191,100,91,6494
21930006566000,1295,677,618,50116.5
21930006567000,1860,922,938,84444
21930006568000,2178,1025,1153,93218.4
21930006569000,1580,783,797,63516
21930006570000,1217,608,609,48193.2
21930006571000,431,216,215,16938.3
21930006572000,1095,551,544,42486
21930006573000,748,363,385,30069.6
21930006574000,1392,672,720,55540.8
21930006575000,1042,526,516,38033
21930006576000,332,170,162,11686.4
21930006577000,58,31,27,2401.2
21930006578000,132,70,62,6349.2
21930006579000,13,6,7,683.8
21930006580000,9,4,5,453.6
21930006581000,26,10,16,683.8
21930006630000,12,7,5,441.6
21930006631000,30,18,12,1071
21930006645000,12,6,6,442.8
21930006646000,15,11,4,775.5
21930006651000,2,1,1,0
21930006652000,1,1,0,0
21930006653000,21,11,10,1066.8
21930006654000,20,9,11,832
21930006655000,18,11,7,932.4
21930006658000,7,5,2,198.8
21930006665000,8,5,3,267.2
21930006670000,1,1,0,0
21930006671000,23,11,12,1014.3
21930006673000,19,9,10,807.5
21930006674000,25,15,10,1115
21930006712000,1,1,0,0
21930006713000,22,13,9,1009.8
21930006714000,11,3,8,452.1
21930006767000,55,27,28,2271.5
21930006768000,14,8,6,456.4
21930006770000,20,10,10,668
21930006771000,20,11,9,872
21930006772000,11,6,5,598.4
21930006849000,10,7,3,465
21930006850000,32,17,15,1504
21930006851000,13,7,6,787.8
21930006855000,3,2,1,0
21930006857000,5,4,1,137
21930006858000,3,2,1,0
21930006859000,11,7,4,613.8
21930006871000,15,8,7,646.5
21930006872000,44,23,21,1592.8
21930006873000,4,3,1,0
21930006874000,6,3,3,229.8
21930006891000,9,5,4,379.8
21930006892000,25,13,12,980
21930006893000,1,1,0,0
21930006894000,15,8,7,565.5
21930006895000,91,40,51,3685.5
21930006896000,470,260,210,20257
21930006897000,449,217,232,18678.4
21930006945000,1,1,0,0
21930006952000,1,1,0,0
21930006999000,39,20,19,1669.2
21930007039000,4,2,2,0
21930007047000,10,7,3,206
21930007053000,4,1,3,0
21930007054000,1,0,1,0
21930007064000,2,1,1,0
21930007071000,55,31,24,2343
21930007072000,42,17,25,1688.4
21930007073000,55,29,26,2161.5
21930007077000,20,10,10,886
21930007078000,72,40,32,2332.8
21930007084000,3,1,2,0
21930007087000,44,22,22,1610.4
21930007089000,16,15,1,590.4
21940006550000,6,4,2,217.2
21940006551000,15,8,7,655.5
21940006552000,1,0,1,0
21940006553000,29,17,12,1278.9
21940006554000,5,2,3,176
21940006555000,39,20,19,1790.1
21940006556000,259,141,118,10489.5
21940006557000,601,299,302,21515.8
21940006558000,18,11,7,640.8
21940006560000,134,69,65,5239.4
21940006561000,616,308,308,21067.2
21940006562000,90,40,50,3231
21940006563000,800,419,381,30560
21940006564000,1576,759,817,63985.6
21940006565000,1377,642,735,51912.9
21940006566000,1268,600,668,50846.8
21940006567000,2134,1036,1098,94536.2
21940006568000,1991,980,1011,86807.6
21940006569000,1503,743,760,66432.6
21940006570000,941,474,467,36981.3
21940006571000,1452,684,768,62290.8
21940006572000,241,117,124,9977.4
21940006573000,28,9,19,1061.2
21940006574000,4,1,3,0
21940006575000,27,12,15,1115.1
21940006576000,261,138,123,10492.2
21940006577000,23,14,9,830.3
21940006578000,106,58,48,3985.6
21940006579000,48,25,23,1747.2
21940006580000,20,9,11,954
21940006581000,21,15,6,917.7
21940006586000,5,2,3,176
21940006587000,15,8,7,435
21940006613000,11,6,5,371.8
21940006630000,26,15,11,1110.2
21940006631000,31,17,14,1410.5
21940006632000,13,8,5,578.5
21940006639000,4,2,2,0
21940006642000,4,2,2,0
21940006644000,25,12,13,1012.5
21940006645000,11,6,5,401.5
21940006646000,14,6,8,631.4
21940006649000,4,1,3,0
21940006651000,4,2,2,0
21940006653000,43,16,27,1990.9
21940006654000,54,23,31,2440.8
21940006656000,4,2,2,0
21940006657000,2,2,0,0
21940006658000,1,1,0,0
21940006659000,5,3,2,172
21940006665000,5,3,2,323
21940006670000,12,6,6,762
21940006671000,2,1,1,0
21940006672000,5,3,2,323
21940006673000,7,3,4,282.8
21940006711000,9,5,4,422.1
21940006712000,19,11,8,934.8
21940006713000,38,20,18,1896.2
21940006714000,9,6,3,410.4
21940006746000,2,1,1,0
21940006766000,7,3,4,294.7
21940006767000,34,21,13,1346.4
21940006769000,23,10,13,798.1
21940006770000,2,1,1,0
21940006849000,12,7,5,445.2
21940006850000,2,1,1,0
21940006858000,4,2,2,0
21940006859000,33,19,14,1204.5
21940006864000,2,1,1,0
21940006865000,1,1,0,0
21940006871000,37,15,22,1809.3
21940006872000,50,26,24,1865
21940006873000,4,2,2,0
21940006891000,27,15,12,1053
21940006892000,45,27,18,2250
21940006893000,18,10,8,910.8
21940006896000,132,65,67,6309.6
21940006897000,87,45,42,3384.3
21940006943000,1,1,0,0
21940006944000,12,5,7,555.6
21940006945000,3,2,1,0
21940006951000,11,6,5,277.2
21940006952000,3,1,2,0
21940006999000,35,21,14,1092
21940007000000,4,3,1,0
21940007021000,5,4,1,223
21940007047000,4,4,0,0
21940007065000,4,2,2,0
21940007066000,3,2,1,0
21940007071000,34,18,16,1094.8
21940007072000,16,8,8,742.4
21940007073000,19,9,10,687.8
21940007077000,29,14,15,771.4
21940007078000,354,176,178,12071.4
21940007079000,22,11,11,701.8
21940007081000,1,1,0,0
21940007085000,14,7,7,317.8
21940007087000,2,1,1,0
21940007088000,71,38,33,2648.3
21940007089000,46,24,22,1844.6
21950006551000,6,3,3,157.2
21950006552000,24,12,12,1072.8
21950006553000,60,32,28,2268
21950006554000,26,15,11,1008.8
21950006555000,25,11,14,935
21950006556000,871,416,455,37627.2
21950006557000,964,479,485,43090.8
21950006558000,735,368,367,27121.5
21950006559000,122,66,56,4953.2
21950006560000,855,433,422,33174
21950006561000,1466,735,731,54975
21950006562000,1116,569,547,47653.2
21950006563000,984,495,489,40836
21950006564000,1138,554,584,49503
21950006565000,272,132,140,12892.8
21950006566000,350,172,178,13545
21950006567000,422,211,211,15782.8
21950006568000,1251,613,638,51666.3
21950006569000,825,399,426,32010
21950006570000,850,389,461,44710
21950006571000,48,23,25,1670.4
21950006572000,19,10,9,843.6
21950006573000,16,7,9,643.2
21950006574000,62,36,26,2411.8
21950006575000,13,8,5,239.2
21950006577000,7,5,2,391.3
21950006578000,14,8,6,695.8
21950006579000,67,44,23,2854.2
21950006580000,27,16,11,1107
21950006581000,11,6,5,435.6
21950006586000,13,6,7,529.1
21950006587000,85,44,41,3017.5
21950006588000,12,6,6,324
21950006613000,16,10,6,486.4
21950006614000,37,24,13,1291.3
21950006615000,8,5,3,348
21950006620000,10,5,5,445
21950006621000,28,17,11,1159.2
21950006622000,285,145,140,11200.5
21950006623000,29,13,16,980.2
21950006631000,21,11,10,1136.1
21950006632000,7,5,2,221.9
21950006635000,4,3,1,0
21950006637000,7,4,3,359.1
21950006638000,9,4,5,417.6
21950006639000,35,21,14,1207.5
21950006640000,55,28,27,2557.5
21950006641000,17,10,7,691.9
21950006642000,2,1,1,0
21950006643000,13,6,7,427.7
21950006644000,3,1,2,0
21950006645000,15,9,6,666
21950006646000,12,5,7,561.6
21950006649000,6,4,2,301.2
21950006650000,5,4,1,108
21950006653000,8,6,2,392.8
21950006656000,4,3,1,0
21950006657000,6,2,4,211.2
21950006658000,1,0,1,0
21950006663000,1,0,1,0
21950006664000,8,3,5,184.8
21950006665000,2,2,0,0
21950006670000,12,7,5,331.2
21950006672000,30,17,13,1314
21950006673000,30,14,16,1215
21950006674000,19,9,10,900.6
21950006675000,3,2,1,0
21950006711000,56,26,30,2234.4
21950006712000,172,82,90,7688.4
21950006713000,120,61,59,4656
21950006753000,1,1,0,0
21950006757000,20,12,8,816
21950006766000,60,29,31,2070
21950006768000,36,16,20,1526.4
21950006769000,2,1,1,0
21950006779000,7,3,4,256.2
21950006846000,2,1,1,0
21950006858000,15,8,7,619.5
21950006859000,21,13,8,905.1
21950006860000,3,2,1,0
21950006865000,2,1,1,0
21950006870000,50,25,25,2070
21950006871000,54,30,24,2527.2
21950006872000,32,17,15,1552
21950006873000,16,9,7,761.6
21950006889000,6,3,3,274.2
21950006890000,26,12,14,1105
21950006891000,17,6,11,873.8
21950006892000,2,2,0,0
21950006946000,8,3,5,358.4
21950006950000,7,3,4,293.3
21950006951000,19,10,9,685.9
21950006999000,14,7,7,634.2
21950007000000,11,6,5,435.6
21950007021000,11,6,5,500.5
21950007022000,2,1,1,0
21950007065000,6,2,4,283.8
21950007066000,6,1,5,265.8
21950007067000,9,5,4,425.7
21950007068000,25,14,11,1017.5
21950007069000,81,47,34,3061.8
21950007070000,16,7,9,744
21950007071000,8,4,4,224
21950007072000,2,2,0,0
21950007073000,52,28,24,1846
21950007078000,224,99,125,8332.8
21950007079000,21,14,7,657.3
21950007080000,222,98,124,7770
21950007081000,477,228,249,21369.6
21950007082000,149,80,69,6258
21950007083000,43,25,18,1943.6
21950007084000,170,81,89,5627
21950007085000,127,75,52,5130.8
21950007086000,102,52,50,3580.2
21950007087000,18,7,11,696.6
21950007088000,8,4,4,539.2
21950007089000,24,14,10,1022.4
21950007090000,2,1,1,0
21960006553000,14,6,8,501.2
21960006554000,906,442,464,32978.4
21960006555000,951,475,476,38040
21960006556000,720,346,374,32832
21960006557000,361,186,175,16389.4
21960006558000,851,433,418,37273.8
21960006560000,174,77,97,7482
21960006561000,380,196,184,12996
21960006562000,311,142,169,11538.1
21960006563000,489,230,259,23569.8
21960006564000,977,493,484,36344.4
21960006565000,849,389,460,31582.8
21960006566000,422,212,210,14432.4
21960006567000,15,7,8,537
21960006568000,63,23,40,2299.5
21960006569000,270,136,134,10287
21960006570000,57,30,27,1898.1
21960006571000,43,24,19,1698.5
21960006572000,60,29,31,2514
21960006573000,23,10,13,1179.9
21960006574000,22,12,10,937.2
21960006580000,2,1,1,0
21960006586000,26,15,11,1253.2
21960006587000,58,34,24,2337.4
21960006588000,20,12,8,732
21960006591000,4,0,4,0
21960006592000,7,3,4,301
21960006614000,26,13,13,930.8
21960006615000,14,8,6,506.8
21960006616000,40,23,17,1696
21960006617000,1,1,0,0
21960006620000,8,5,3,356
21960006621000,51,24,27,2045.1
21960006622000,166,77,89,8333.2
21960006629000,3,2,1,0
21960006630000,18,5,13,743.4
21960006631000,14,7,7,593.6
21960006632000,33,20,13,1659.9
21960006633000,30,19,11,966
21960006634000,8,4,4,223.2
21960006635000,20,12,8,904
21960006636000,16,9,7,572.8
21960006637000,21,13,8,1138.2
21960006638000,20,11,9,1232
21960006639000,33,15,18,1194.6
21960006640000,247,135,112,9781.2
21960006641000,129,63,66,4656.9
21960006642000,60,41,19,2340
21960006643000,23,9,14,915.4
21960006644000,20,8,12,660
21960006645000,324,140,184,12927.6
21960006646000,245,127,118,8820
21960006648000,11,6,5,662.2
21960006651000,5,2,3,159
21960006652000,2,1,1,0
21960006654000,1,1,0,0
21960006655000,4,2,2,0
21960006657000,9,5,4,295.2
21960006664000,8,5,3,335.2
21960006665000,11,9,2,392.7
21960006668000,11,7,4,556.6
21960006669000,9,4,5,354.6
21960006670000,9,6,3,190.8
21960006671000,1,1,0,0
21960006672000,6,4,2,411
21960006688000,1,0,1,0
21960006689000,18,10,8,581.4
21960006708000,8,5,3,288
21960006709000,15,7,8,732
21960006710000,7,3,4,263.9
21960006711000,10,5,5,473
21960006712000,71,32,39,3038.8
21960006757000,10,4,6,420
21960006758000,9,5,4,551.7
21960006766000,85,39,46,3009
21960006767000,123,50,73,5891.7
21960006768000,70,40,30,3017
21960006769000,4,2,2,0
21960006782000,4,1,3,0
21960006859000,13,7,6,735.8
21960006860000,28,13,15,1366.4
21960006869000,14,8,6,663.6
21960006870000,23,13,10,1143.1
21960006871000,9,5,4,333
21960006872000,13,6,7,470.6
21960006881000,4,3,1,0
21960006887000,2,1,1,0
21960006888000,9,3,6,334.8
21960006889000,11,5,6,398.2
21960006890000,23,14,9,1051.1
21960006891000,9,4,5,290.7
21960006947000,3,2,1,0
21960006949000,13,6,7,526.5
21960006950000,4,2,2,0
21960006999000,17,9,8,698.7
21960007000000,21,11,10,1010.1
21960007022000,6,4,2,262.8
21960007031000,5,4,1,190
21960007045000,3,1,2,0
21960007067000,5,2,3,135
21960007068000,6,3,3,175.2
21960007070000,8,4,4,363.2
21960007071000,4,2,2,0
21960007080000,20,11,9,872
21960007082000,19,13,6,837.9
21960007083000,41,22,19,1271
21960007084000,3,1,2,0
21960007085000,23,11,12,763.6
21960007086000,9,5,4,387.9
21970006552000,540,286,254,22680
21970006553000,722,351,371,29024.4
21970006554000,327,169,158,14878.5
21970006555000,505,248,257,21614
21970006557000,194,104,90,8691.2
21970006559000,3,2,1,0
21970006560000,20,12,8,730
21970006561000,183,97,86,6222
21970006562000,104,58,46,4336.8
21970006563000,143,69,74,6220.5
21970006564000,175,80,95,6982.5
21970006565000,37,17,20,1861.1
21970006566000,18,13,5,637.2
21970006568000,6,2,4,226.2
21970006569000,42,18,24,1701
21970006570000,51,29,22,2106.3
21970006571000,31,15,16,1565.5
21970006572000,5,4,1,254
21970006574000,9,4,5,361.8
21970006575000,18,10,8,680.4
21970006580000,8,4,4,400.8
21970006581000,100,52,48,3580
21970006584000,41,18,23,1980.3
21970006585000,23,11,12,1083.3
21970006614000,11,7,4,655.6
21970006615000,3,2,1,0
21970006616000,41,21,20,1578.5
21970006617000,12,8,4,474
21970006619000,12,7,5,632.4
21970006620000,58,29,29,2325.8
21970006621000,76,39,37,2903.2
21970006622000,101,54,47,3726.9
21970006623000,187,85,102,6414.1
21970006624000,689,357,332,25424.1
21970006625000,527,271,256,20711.1
21970006626000,13,7,6,637
21970006627000,461,227,234,21436.5
21970006628000,739,393,346,27416.9
21970006629000,57,31,26,2143.2
21970006630000,61,35,26,2555.9
21970006631000,34,18,16,1390.6
21970006632000,47,21,26,1729.6
21970006634000,4,3,1,0
21970006636000,6,3,3,222
21970006637000,14,5,9,484.4
21970006638000,6,1,5,252
21970006639000,17,10,7,567.8
21970006640000,4,1,3,0
21970006641000,4,3,1,0
21970006642000,13,7,6,470.6
21970006648000,5,2,3,208
21970006649000,4,3,1,0
21970006654000,2,1,1,0
21970006655000,2,1,1,0
21970006656000,7,4,3,349.3
21970006661000,7,5,2,137.2
21970006666000,2,1,1,0
21970006668000,13,5,8,500.5
21970006669000,2,2,0,0
21970006670000,9,4,5,181.8
21970006685000,2,1,1,0
21970006707000,11,7,4,537.9
21970006708000,12,8,4,724.8
21970006709000,2,1,1,0
21970006710000,31,15,16,1215.2
21970006747000,1,0,1,0
21970006756000,14,8,6,733.6
21970006757000,1,1,0,0
21970006762000,1,0,1,0
21970006766000,231,115,116,9494.1
21970006767000,216,112,104,9223.2
21970006768000,40,22,18,1780
21970006769000,1,1,0,0
21970006770000,1,1,0,0
21970006782000,41,23,18,1652.3
21970006859000,17,8,9,729.3
21970006860000,19,8,11,704.9
21970006861000,24,10,14,1087.2
21970006867000,25,16,9,670
21970006868000,15,7,8,838.5
21970006869000,14,6,8,709.8
21970006870000,6,2,4,232.8
21970006871000,1,0,1,0
21970006885000,7,4,3,373.1
21970006887000,10,4,6,446
21970006888000,30,14,16,1440
21970006889000,30,17,13,1083
21970006890000,22,10,12,649
21970006948000,44,24,20,2169.2
21970006949000,38,18,20,1280.6
21970006965000,3,1,2,0
21970007000000,14,8,6,583.8
21970007001000,1,0,1,0
21970007021000,2,1,1,0
21970007022000,48,27,21,2121.6
21970007041000,6,3,3,184.8
21970007044000,3,1,2,0
21970007045000,6,4,2,268.2
21970007046000,2,1,1,0
21970007054000,9,5,4,286.2
21970007069000,5,2,3,235
21970007070000,36,18,18,1454.4
21970007071000,4,3,1,0
21970007085000,44,21,23,1694
21970007086000,11,4,7,434.5
21980006551000,687,338,349,32907.3
21980006552000,826,420,406,35352.8
21980006553000,653,315,338,25075.2
21980006554000,6,4,2,249
21980006556000,5,3,2,300
21980006557000,128,68,60,5875.2
21980006559000,1,1,0,0
21980006560000,13,7,6,569.4
21980006561000,25,13,12,880
21980006562000,4,3,1,0
21980006564000,3,2,1,0
21980006565000,20,10,10,730
21980006566000,115,63,52,3990.5
21980006567000,35,18,17,1578.5
21980006568000,38,19,19,1311
21980006569000,9,5,4,396.9
21980006570000,7,3,4,251.3
21980006571000,4,2,2,0
21980006572000,5,3,2,201
21980006573000,16,7,9,614.4
21980006574000,3,1,2,0
21980006575000,4,2,2,0
21980006581000,45,25,20,1651.5
21980006582000,654,330,324,26356.2
21980006583000,48,26,22,1843.2
21980006584000,225,115,110,8167.5
21980006614000,4,2,2,0
21980006617000,73,42,31,2774
21980006618000,48,27,21,1814.4
21980006619000,98,46,52,3616.2
21980006620000,77,40,37,3357.2
21980006621000,284,139,145,12354
21980006622000,279,139,140,11299.5
21980006623000,772,408,364,30030.8
21980006624000,656,333,323,25780.8
21980006625000,1154,580,574,48583.4
21980006626000,1419,714,705,63287.4
21980006627000,1802,883,919,81450.4
21980006628000,1222,606,616,44114.2
21980006629000,140,75,65,6216
21980006630000,32,16,16,1212.8
21980006631000,7,2,5,333.9
21980006638000,7,4,3,366.8
21980006639000,2,1,1,0
21980006657000,5,4,1,162
21980006658000,1,1,0,0
21980006659000,8,3,5,319.2
21980006660000,4,2,2,0
21980006661000,2,1,1,0
21980006662000,6,4,2,177
21980006667000,34,16,18,1506.2
21980006668000,21,13,8,1159.2
21980006669000,5,4,1,143
21980006681000,8,5,3,314.4
21980006682000,23,14,9,892.4
21980006683000,14,7,7,814.8
21980006685000,3,1,2,0
21980006708000,8,4,4,303.2
21980006756000,23,15,8,910.8
21980006760000,3,2,1,0
21980006761000,23,11,12,759
21980006762000,12,5,7,396
21980006764000,18,9,9,694.8
21980006765000,30,18,12,1356
21980006766000,41,23,18,1726.1
21980006767000,20,12,8,1152
21980006769000,3,2,1,0
21980006782000,20,14,6,738
21980006783000,2,1,1,0
21980006859000,20,12,8,1072
21980006860000,82,40,42,3476.8
21980006861000,3,1,2,0
21980006865000,4,2,2,0
21980006866000,107,60,47,4012.5
21980006867000,188,85,103,8290.8
21980006868000,9,6,3,470.7
21980006869000,25,13,12,1135
21980006870000,1,1,0,0
21980006871000,4,2,2,0
21980006881000,9,3,6,248.4
21980006883000,15,8,7,645
21980006884000,12,6,6,705.6
21980006885000,181,86,95,9068.1
21980006886000,126,62,64,5544
21980006887000,84,33,51,5670
21980006888000,19,12,7,851.2
21980006889000,4,3,1,0
21980006951000,3,2,1,0
21980006965000,6,3,3,409.8
21980007000000,10,6,4,498
21980007001000,12,9,3,550.8
21980007022000,97,49,48,3559.9
21980007023000,56,26,30,2553.6
21980007028000,1,1,0,0
21980007029000,2,1,1,0
21980007034000,7,5,2,310.1
21980007044000,10,7,3,302
21980007045000,3,1,2,0
21980007055000,1,0,1,0
21980007063000,1,1,0,0
21980007069000,1,0,1,0
21980007070000,23,12,11,717.6
21980007085000,70,37,33,2604
21980007086000,14,10,4,380.8
21990006552000,1,1,0,0
21990006558000,8,5,3,292.8
21990006559000,8,4,4,208
21990006560000,4,3,1,0
21990006561000,9,6,3,397.8
21990006562000,3,2,1,0
21990006563000,8,4,4,304
21990006567000,12,9,3,391.2
21990006568000,20,11,9,972
21990006569000,16,10,6,833.6
21990006570000,11,5,6,361.9
21990006571000,2,1,1,0
21990006573000,1,1,0,0
21990006582000,256,119,137,11801.6
21990006583000,59,29,30,2973.6
21990006584000,115,58,57,4013.5
21990006596000,3,2,1,0
21990006598000,1,0,1,0
21990006615000,4,3,1,0
21990006616000,5,4,1,333
21990006617000,34,17,17,999.6
21990006618000,91,45,46,3658.2
21990006619000,166,82,84,5610.8
21990006620000,21,13,8,966
21990006621000,76,32,44,2622
21990006622000,6,2,4,340.2
21990006623000,1466,699,767,42807.2
21990006624000,1394,737,657,53808.4
21990006625000,1584,813,771,63360
21990006626000,2177,1072,1105,91651.7
21990006627000,1497,742,755,62874
21990006628000,327,163,164,12066.3
21990006637000,2,1,1,0
21990006657000,2,1,1,0
21990006659000,4,3,1,0
21990006667000,33,18,15,1329.9
21990006668000,41,18,23,1771.2
21990006669000,16,10,6,788.8
21990006678000,2,1,1,0
21990006682000,1,1,0,0
21990006683000,1,1,0,0
21990006688000,6,2,4,196.2
21990006707000,2,1,1,0
21990006756000,60,29,31,2352
21990006757000,3,2,1,0
21990006760000,19,8,11,659.3
21990006761000,5,2,3,170
21990006763000,18,10,8,775.8
21990006764000,18,10,8,959.4
21990006768000,1,1,0,0
21990006781000,7,4,3,240.8
21990006782000,15,8,7,730.5
21990006829000,2,1,1,0
21990006859000,71,40,31,2974.9
21990006860000,259,118,141,12095.3
21990006865000,37,20,17,1272.8
21990006866000,76,43,33,2629.6
21990006867000,24,10,14,765.6
21990006868000,33,15,18,1204.5
21990006869000,26,17,9,1097.2
21990006871000,2,1,1,0
21990006880000,4,3,1,0
21990006881000,16,9,7,702.4
21990006882000,32,16,16,1449.6
21990006883000,19,9,10,961.4
21990006884000,15,7,8,823.5
21990006885000,35,19,16,1543.5
21990006886000,56,30,26,2368.8
21990006887000,28,14,14,1237.6
21990006951000,5,3,2,371
21990007001000,31,17,14,1286.5
21990007013000,4,2,2,0
21990007021000,6,3,3,154.2
21990007022000,4,2,2,0
21990007023000,7,2,5,137.9
21990007024000,18,9,9,604.8
21990007027000,8,4,4,334.4
21990007028000,13,6,7,522.6
21990007029000,40,18,22,1668
21990007043000,35,17,18,1361.5
21990007044000,98,50,48,4076.8
21990007046000,6,3,3,295.2
21990007055000,12,5,7,669.6
21990007068000,5,4,1,195
21990007069000,23,15,8,857.9
22000006553000,4,2,2,0
22000006557000,8,2,6,366.4
22000006558000,2,1,1,0
22000006562000,16,9,7,540.8
22000006569000,2,1,1,0
22000006570000,15,9,6,879
22000006571000,5,3,2,265
22000006581000,57,29,28,2314.2
22000006582000,38,20,18,1903.8
22000006583000,118,60,58,4767.2
22000006617000,3,2,1,0
22000006618000,84,47,37,2839.2
22000006619000,17,10,7,557.6
22000006620000,14,6,8,522.2
22000006621000,320,174,146,12704
22000006622000,7,5,2,277.2
22000006624000,43,23,20,1892
22000006625000,356,184,172,13955.2
22000006626000,895,462,433,32220
22000006627000,660,333,327,23760
22000006628000,7,4,3,270.9
22000006629000,10,8,2,465
22000006633000,4,2,2,0
22000006635000,8,3,5,300.8
22000006636000,3,0,3,0
22000006646000,6,3,3,271.8
22000006647000,3,2,1,0
22000006659000,4,1,3,0
22000006667000,88,46,42,3317.6
22000006668000,74,38,36,3404
22000006669000,3,1,2,0
22000006678000,6,4,2,291
22000006682000,5,2,3,192
22000006683000,26,12,14,1131
22000006685000,9,5,4,372.6
22000006687000,12,6,6,349.2
22000006688000,2,1,1,0
22000006705000,32,15,17,1324.8
22000006706000,19,8,11,813.2
22000006707000,13,10,3,508.3
22000006755000,2,0,2,0
22000006756000,90,49,41,4131
22000006757000,17,9,8,503.2
22000006758000,12,4,8,436.8
22000006759000,17,7,10,746.3
22000006760000,3,2,1,0
22000006761000,3,0,3,0
22000006762000,3,1,2,0
22000006763000,74,29,45,3500.2
22000006764000,6,4,2,213
22000006781000,31,19,12,1444.6
22000006829000,2,1,1,0
22000006830000,7,2,5,389.2
22000006858000,25,12,13,912.5
22000006859000,64,30,34,2560
22000006860000,8,5,3,348.8
22000006864000,2,2,0,0
22000006865000,15,6,9,457.5
22000006880000,16,7,9,592
22000006881000,7,2,5,296.1
22000006882000,12,3,9,447.6
22000006884000,2,0,2,0
22000006885000,10,5,5,467
22000006886000,7,4,3,427
22000006952000,3,2,1,0
22000006963000,6,4,2,319.8
22000007001000,58,31,27,2534.6
22000007002000,9,7,2,492.3
22000007014000,1,1,0,0
22000007023000,25,15,10,765
22000007024000,15,9,6,646.5
22000007025000,48,27,21,2112
22000007026000,3,2,1,0
22000007030000,23,10,13,706.1
22000007036000,6,3,3,328.8
22000007037000,5,2,3,158
22000007038000,11,8,3,491.7
22000007040000,3,2,1,0
22000007041000,24,12,12,868.8
22000007042000,6,4,2,184.8
22000007043000,19,11,8,870.2
22000007044000,13,3,10,526.5
22000007046000,4,2,2,0
22000007047000,2,1,1,0
22000007048000,4,2,2,0
22000007055000,62,27,35,2976
22000007056000,10,5,5,353
22000007064000,5,2,3,259
22000007065000,2,1,1,0
22000007066000,143,58,85,4304.3
22000007067000,13,7,6,566.8
22000007068000,3,2,1,0
22010006552000,8,4,4,352.8
22010006553000,2,2,0,0
22010006557000,1,1,0,0
22010006559000,2,1,1,0
22010006560000,2,1,1,0
22010006561000,53,28,25,2422.1
22010006562000,7,6,1,408.1
22010006566000,5,2,3,145
22010006571000,6,3,3,283.2
22010006572000,4,2,2,0
22010006579000,49,26,23,2004.1
22010006580000,23,13,10,1202.9
22010006581000,14,7,7,645.4
22010006583000,5,3,2,273
22010006618000,43,28,15,2115.6
22010006619000,11,7,4,468.6
22010006620000,11,7,4,407
22010006621000,64,35,29,2432
22010006625000,11,5,6,612.7
22010006626000,22,14,8,952.6
22010006627000,67,34,33,2592.9
22010006628000,4,3,1,0
22010006629000,6,4,2,297
22010006630000,23,13,10,1087.9
22010006631000,6,3,3,358.2
22010006632000,2,0,2,0
22010006635000,8,3,5,295.2
22010006636000,10,6,4,294
22010006637000,17,9,8,589.9
22010006638000,8,5,3,262.4
22010006647000,4,2,2,0
22010006658000,8,5,3,335.2
22010006660000,2,1,1,0
22010006667000,41,23,18,1644.1
22010006668000,327,138,189,16644.3
22010006669000,42,22,20,1633.8
22010006680000,5,3,2,223
22010006681000,28,13,15,991.2
22010006682000,28,16,12,1024.8
22010006683000,30,13,17,1224
22010006684000,87,32,55,4402.2
22010006685000,1,1,0,0
22010006686000,30,15,15,1275
22010006687000,33,20,13,1267.2
22010006688000,39,20,19,1446.9
22010006689000,16,9,7,899.2
22010006690000,16,7,9,779.2
22010006691000,6,2,4,159
22010006693000,1,1,0,0
22010006705000,6,2,4,297
22010006706000,1,0,1,0
22010006731000,3,1,2,0
22010006755000,24,12,12,1020
22010006756000,69,37,32,3056.7
22010006758000,2,1,1,0
22010006759000,8,3,5,208
22010006760000,3,1,2,0
22010006761000,7,3,4,331.1
22010006762000,8,4,4,294.4
22010006779000,16,10,6,836.8
22010006780000,13,8,5,565.5
22010006781000,8,5,3,487.2
22010006830000,3,2,1,0
22010006831000,9,6,3,388.8
22010006832000,10,4,6,368
22010006833000,34,16,18,1377
22010006857000,12,8,4,741.6
22010006858000,37,22,15,1520.7
22010006859000,34,14,20,1037
22010006864000,22,11,11,809.6
22010006870000,3,1,2,0
22010006878000,6,2,4,183
22010006879000,22,15,7,959.2
22010006880000,9,6,3,405
22010006881000,6,4,2,316.8
22010006952000,2,1,1,0
22010007001000,28,14,14,1024.8
22010007002000,42,19,23,1902.6
22010007003000,2,1,1,0
22010007022000,11,6,5,522.5
22010007023000,7,2,5,287.7
22010007024000,1,0,1,0
22010007025000,9,4,5,349.2
22010007026000,7,4,3,394.1
22010007030000,19,10,9,868.3
22010007031000,39,17,22,1563.9
22010007032000,11,5,6,534.6
22010007039000,35,18,17,1071
22010007040000,5,3,2,99
22010007044000,1,1,0,0
22010007045000,4,3,1,0
22010007047000,2,1,1,0
22010007048000,3,2,1,0
22010007049000,12,6,6,711.6
22010007056000,14,9,5,831.6
22010007057000,1,1,0,0
22010007063000,7,4,3,219.8
22010007064000,7,4,3,412.3
22010007065000,136,63,73,5290.4
22010007066000,509,245,264,22701.4
22010007067000,224,103,121,9520
22010007068000,1,1,0,0
22010007069000,16,8,8,580.8
22010007070000,2,1,1,0
22010007103000,4,2,2,0
22020006548000,1,1,0,0
22020006555000,7,3,4,352.1
22020006558000,1,1,0,0
22020006560000,152,81,71,6323.2
22020006561000,274,140,134,11946.4
22020006562000,28,17,11,1248.8
22020006563000,22,10,12,1031.8
22020006564000,12,7,5,306
22020006565000,11,5,6,476.3
22020006566000,7,4,3,364
22020006567000,13,6,7,561.6
22020006568000,5,3,2,230
22020006569000,4,1,3,0
22020006572000,5,2,3,267
22020006578000,42,21,21,1751.4
22020006579000,9,5,4,542.7
22020006580000,5,3,2,266
22020006583000,7,5,2,314.3
22020006617000,22,13,9,875.6
22020006618000,30,14,16,1005
22020006619000,13,8,5,483.6
22020006620000,25,16,9,1132.5
22020006621000,47,23,24,1800.1
22020006622000,40,21,19,1796
22020006623000,12,6,6,423.6
22020006624000,7,1,6,268.8
22020006626000,18,7,11,694.8
22020006627000,25,15,10,1165
22020006628000,10,7,3,354
22020006630000,4,2,2,0
22020006632000,4,2,2,0
22020006634000,5,2,3,102
22020006665000,1,1,0,0
22020006666000,16,9,7,782.4
22020006667000,21,10,11,1016.4
22020006668000,21,9,12,966
22020006680000,16,5,11,670.4
22020006681000,8,5,3,327.2
22020006682000,51,24,27,2458.2
22020006683000,251,128,123,9763.9
22020006684000,12,6,6,520.8
22020006686000,3,2,1,0
22020006687000,7,3,4,345.1
22020006688000,34,16,18,1533.4
22020006689000,9,5,4,415.8
22020006691000,8,4,4,284
22020006692000,3,1,2,0
22020006702000,2,1,1,0
22020006703000,2,1,1,0
22020006704000,6,3,3,241.8
22020006705000,7,5,2,219.8
22020006706000,49,30,19,2156
22020006752000,2,1,1,0
22020006753000,1,1,0,0
22020006754000,17,8,9,771.8
22020006755000,8,4,4,404.8
22020006756000,26,15,11,1079
22020006757000,4,2,2,0
22020006758000,10,4,6,417
22020006759000,4,2,2,0
22020006761000,5,1,4,345
22020006778000,7,6,1,284.2
22020006832000,9,5,4,585.9
22020006833000,51,30,21,2085.9
22020006834000,56,27,29,2833.6
22020006856000,13,7,6,568.1
22020006857000,40,21,19,1488
22020006858000,2,1,1,0
22020006859000,1,1,0,0
22020006863000,3,2,1,0
22020006864000,1,1,0,0
22020006877000,8,4,4,412.8
22020006878000,55,26,29,2464
22020006879000,20,9,11,894
22020006880000,7,2,5,245
22020006900000,3,2,1,0
22020006952000,7,3,4,258.3
22020007002000,14,9,5,376.6
22020007003000,29,16,13,1334
22020007014000,3,2,1,0
22020007015000,4,2,2,0
22020007025000,11,6,5,543.4
22020007026000,13,7,6,587.6
22020007030000,16,8,8,678.4
22020007031000,436,204,232,19838
22020007032000,269,137,132,10275.8
22020007045000,22,11,11,921.8
22020007048000,2,1,1,0
22020007049000,3,1,2,0
22020007056000,33,19,14,1191.3
22020007063000,1,1,0,0
22020007064000,5,2,3,178
22020007066000,7,3,4,378.7
22020007067000,7,2,5,161
22020007069000,35,15,20,983.5
22020007070000,180,105,75,6660
22020007071000,46,30,16,1987.2
22030006548000,29,17,12,1258.6
22030006555000,2,1,1,0
22030006558000,7,5,2,261.8
22030006559000,7,4,3,228.2
22030006560000,84,38,46,3418.8
22030006563000,2,1,1,0
22030006564000,6,2,4,208.2
22030006568000,1,1,0,0
22030006569000,6,2,4,241.8
22030006570000,43,24,19,1728.6
22030006571000,57,33,24,2262.9
22030006572000,14,10,4,336
22030006578000,18,9,9,891
22030006579000,8,4,4,176
22030006589000,1,1,0,0
22030006617000,31,14,17,1106.7
22030006618000,14,8,6,757.4
22030006619000,30,17,13,1272
22030006620000,3,2,1,0
22030006623000,33,14,19,1326.6
22030006624000,41,23,18,1410.4
22030006625000,5,3,2,245
22030006627000,5,2,3,257
22030006628000,37,23,14,1213.6
22030006647000,5,2,3,178
22030006651000,4,3,1,0
22030006654000,4,3,1,0
22030006665000,10,7,3,330
22030006666000,31,16,15,1370.2
22030006667000,19,13,6,653.6
22030006668000,4,1,3,0
22030006669000,37,16,21,1657.6
22030006680000,22,12,10,924
22030006682000,57,25,32,2274.3
22030006688000,10,7,3,495
22030006689000,13,6,7,425.1
22030006690000,5,2,3,132
22030006692000,2,2,0,0
22030006702000,2,1,1,0
22030006705000,26,12,14,1183
22030006706000,20,11,9,850
22030006751000,3,2,1,0
22030006752000,12,6,6,416.4
22030006753000,27,17,10,918
22030006754000,111,59,52,4717.5
22030006755000,278,135,143,13510.8
22030006756000,3,1,2,0
22030006759000,3,2,1,0
22030006760000,6,4,2,333
22030006761000,2,1,1,0
22030006776000,3,2,1,0
22030006777000,5,1,4,164
22030006778000,6,4,2,256.8
22030006833000,15,9,6,654
22030006834000,36,18,18,1929.6
22030006855000,27,14,13,1017.9
22030006856000,3,2,1,0
22030006857000,8,4,4,336
22030006863000,4,1,3,0
22030006869000,10,5,5,491
22030006877000,52,26,26,2589.6
22030006878000,15,9,6,625.5
22030006879000,2,1,1,0
22030006961000,5,3,2,134
22030006962000,3,1,2,0
22030007003000,16,8,8,734.4
22030007004000,19,8,11,748.6
22030007030000,53,26,27,1913.3
22030007031000,586,284,302,26370
22030007032000,777,400,377,32634
22030007033000,339,169,170,12644.7
22030007034000,17,7,10,697
22030007046000,3,1,2,0
22030007049000,1,1,0,0
22030007056000,9,3,6,380.7
22030007064000,7,3,4,368.2
22030007065000,8,3,5,220.8
22030007066000,7,3,4,137.2
22030007071000,16,5,11,481.6
22040006547000,89,46,43,4058.4
22040006548000,354,183,171,16284
22040006549000,183,98,85,8125.2
22040006550000,243,115,128,12295.8
22040006551000,8,4,4,375.2
22040006552000,5,2,3,251
22040006554000,48,26,22,1891.2
22040006555000,9,6,3,352.8
22040006556000,2,1,1,0
22040006557000,4,2,2,0
22040006560000,27,13,14,1104.3
22040006561000,2,2,0,0
22040006569000,5,2,3,105
22040006570000,28,14,14,1036
22040006575000,6,3,3,319.2
22040006576000,3,2,1,0
22040006577000,4,2,2,0
22040006578000,47,21,26,1875.3
22040006579000,10,5,5,286
22040006617000,51,31,20,1764.6
22040006618000,57,30,27,2433.9
22040006619000,33,15,18,1574.1
22040006620000,13,7,6,665.6
22040006624000,29,15,14,1229.6
22040006625000,40,23,17,1292
22040006626000,12,4,8,390
22040006627000,8,4,4,280
22040006628000,15,5,10,583.5
22040006649000,2,1,1,0
22040006654000,9,5,4,342
22040006657000,1,1,0,0
22040006658000,5,3,2,168
22040006664000,9,6,3,275.4
22040006665000,13,5,8,591.5
22040006666000,24,10,14,1092
22040006667000,15,10,5,597
22040006668000,18,9,9,658.8
22040006669000,11,4,7,605
22040006680000,14,6,8,526.4
22040006682000,21,8,13,772.8
22040006691000,6,2,4,228
22040006692000,4,3,1,0
22040006693000,1,1,0,0
22040006697000,6,4,2,193.8
22040006699000,3,2,1,0
22040006701000,2,1,1,0
22040006702000,11,5,6,567.6
22040006703000,4,2,2,0
22040006704000,16,8,8,521.6
22040006705000,35,19,16,1708
22040006734000,6,2,4,406.8
22040006750000,4,2,2,0
22040006751000,2,1,1,0
22040006752000,4,2,2,0
22040006753000,4,3,1,0
22040006754000,188,93,95,7238
22040006755000,237,118,119,9811.8
22040006777000,1,1,0,0
22040006827000,9,5,4,457.2
22040006828000,2,2,0,0
22040006833000,15,10,5,951
22040006834000,2,1,1,0
22040006835000,42,20,22,2041.2
22040006853000,1,1,0,0
22040006854000,9,5,4,453.6
22040006855000,19,8,11,1075.4
22040006856000,4,1,3,0
22040006857000,1,1,0,0
22040006862000,8,5,3,299.2
22040006863000,5,4,1,243
22040006867000,10,5,5,396
22040006868000,27,15,12,1328.4
22040006869000,38,17,21,1425
22040006875000,6,2,4,151.2
22040006876000,11,6,5,647.9
22040006877000,2,1,1,0
22040006952000,1,1,0,0
22040006961000,2,1,1,0
22040007003000,13,5,8,396.5
22040007004000,37,19,18,1705.7
22040007030000,49,27,22,2273.6
22040007031000,147,72,75,5806.5
22040007033000,10,4,6,394
22040007034000,37,19,18,1132.2
22040007035000,7,5,2,308.7
22040007045000,4,3,1,0
22040007046000,7,3,4,198.8
22040007056000,8,4,4,418.4
22040007065000,1,1,0,0
22040007066000,3,1,2,0
22040007067000,5,3,2,279
22040007068000,4,3,1,0
22040007069000,7,2,5,455.7
22050006547000,37,17,20,1938.8
22050006548000,14,10,4,581
22050006549000,249,117,132,11130.3
22050006550000,478,230,248,19789.2
22050006551000,234,108,126,6177.6
22050006554000,57,29,28,2679
22050006556000,8,4,4,252
22050006558000,1,0,1,0
22050006570000,16,8,8,601.6
22050006575000,3,1,2,0
22050006576000,1,1,0,0
22050006577000,13,7,6,403
22050006584000,3,2,1,0
22050006605000,2,1,1,0
22050006606000,1,0,1,0
22050006612000,7,3,4,254.1
22050006613000,12,7,5,626.4
22050006614000,11,6,5,356.4
22050006615000,17,8,9,734.4
22050006616000,40,18,22,1232
22050006617000,35,19,16,1351
22050006618000,16,9,7,472
22050006619000,50,28,22,2190
22050006620000,31,17,14,1143.9
22050006625000,12,7,5,519.6
22050006626000,42,18,24,1936.2
22050006627000,13,6,7,471.9
22050006628000,12,7,5,453.6
22050006629000,13,5,8,457.6
22050006630000,12,7,5,288
22050006650000,2,1,1,0
22050006651000,22,13,9,814
22050006652000,5,3,2,263
22050006659000,1,0,1,0
22050006660000,16,8,8,544
22050006664000,11,9,2,524.7
22050006665000,29,16,13,1278.9
22050006667000,12,5,7,642
22050006677000,2,1,1,0
22050006678000,17,10,7,753.1
22050006679000,33,15,18,1673.1
22050006680000,22,10,12,642.4
22050006682000,11,5,6,583
22050006685000,1,0,1,0
22050006692000,21,9,12,898.8
22050006702000,1,1,0,0
22050006703000,5,4,1,269
22050006704000,19,9,10,805.6
22050006733000,1,1,0,0
22050006734000,17,6,11,759.9
22050006749000,2,1,1,0
22050006750000,6,2,4,223.8
22050006751000,9,5,4,289.8
22050006752000,17,6,11,555.9
22050006753000,3,2,1,0
22050006754000,47,25,22,1659.1
22050006755000,8,4,4,406.4
22050006775000,6,4,2,190.8
22050006777000,2,1,1,0
22050006779000,3,1,2,0
22050006780000,3,1,2,0
22050006781000,1,1,0,0
22050006782000,2,1,1,0
22050006827000,3,2,1,0
22050006833000,6,1,5,202.2
22050006835000,15,8,7,706.5
22050006836000,11,6,5,618.2
22050006837000,2,1,1,0
22050006838000,3,2,1,0
22050006853000,30,16,14,1287
22050006854000,62,32,30,3031.8
22050006855000,10,6,4,478
22050006862000,13,6,7,504.4
22050006863000,17,7,10,703.8
22050006867000,12,5,7,477.6
22050006868000,85,40,45,3978
22050006869000,131,65,66,6117.7
22050006871000,2,1,1,0
22050006872000,9,5,4,392.4
22050006873000,4,1,3,0
22050006874000,24,12,12,1281.6
22050006875000,16,9,7,670.4
22050006876000,5,3,2,252
22050006952000,5,2,3,369
22050007003000,18,8,10,734.4
22050007004000,100,54,46,3940
22050007005000,6,3,3,229.2
22050007026000,3,2,1,0
22050007031000,11,5,6,443.3
22050007032000,7,3,4,280
22050007035000,17,8,9,547.4
22050007036000,5,2,3,288
22050007037000,22,12,10,767.8
22050007038000,12,6,6,307.2
22050007045000,8,5,3,264.8
22050007046000,39,20,19,1548.3
22050007047000,1,1,0,0
22050007055000,1,1,0,0
22050007057000,1,1,0,0
22050007069000,5,3,2,331
22050007070000,12,9,3,412.8
22050007071000,22,13,9,800.8
22050007073000,20,11,9,1062
22050007074000,38,22,16,1596
22060006548000,15,7,8,529.5
22060006549000,71,38,33,3124
22060006550000,14,7,7,618.8
22060006551000,6,4,2,268.2
22060006552000,28,12,16,879.2
22060006555000,1,0,1,0
22060006559000,8,4,4,414.4
22060006563000,2,2,0,0
22060006565000,19,10,9,836
22060006566000,14,6,8,651
22060006569000,4,1,3,0
22060006570000,6,3,3,279
22060006571000,3,2,1,0
22060006575000,2,1,1,0
22060006576000,2,0,2,0
22060006577000,11,5,6,487.3
22060006603000,4,2,2,0
22060006604000,1,1,0,0
22060006607000,10,5,5,333
22060006608000,14,9,5,529.2
22060006609000,14,8,6,764.4
22060006610000,5,4,1,169
22060006611000,5,3,2,227
22060006612000,11,7,4,463.1
22060006613000,35,15,20,1326.5
22060006614000,24,10,14,1032
22060006615000,20,12,8,542
22060006616000,13,7,6,510.9
22060006617000,27,13,14,1252.8
22060006618000,35,19,16,1221.5
22060006619000,14,7,7,529.2
22060006626000,5,4,1,344
22060006627000,22,13,9,1201.2
22060006628000,2,1,1,0
22060006629000,167,86,81,6262.5
22060006630000,12,6,6,578.4
22060006650000,32,17,15,1289.6
22060006651000,6,4,2,361.2
22060006659000,14,8,6,574
22060006660000,5,3,2,308
22060006661000,33,16,17,1488.3
22060006662000,20,9,11,892
22060006663000,127,66,61,4940.3
22060006664000,22,11,11,899.8
22060006665000,45,20,25,2115
22060006679000,53,26,27,2056.4
22060006687000,3,1,2,0
22060006688000,11,6,5,458.7
22060006689000,11,7,4,522.5
22060006692000,31,19,12,1571.7
22060006693000,10,4,6,532
22060006694000,7,3,4,263.2
22060006695000,9,5,4,505.8
22060006734000,2,1,1,0
22060006750000,13,6,7,458.9
22060006751000,4,2,2,0
22060006752000,13,9,4,400.4
22060006759000,2,1,1,0
22060006760000,3,2,1,0
22060006761000,1,1,0,0
22060006762000,6,4,2,229.2
22060006763000,8,6,2,308
22060006774000,2,1,1,0
22060006775000,7,4,3,203
22060006778000,7,2,5,315.7
22060006779000,15,9,6,583.5
22060006780000,19,8,11,636.5
22060006781000,2,1,1,0
22060006824000,2,1,1,0
22060006835000,4,3,1,0
22060006836000,5,3,2,204
22060006837000,10,7,3,479
22060006838000,9,5,4,473.4
22060006852000,2,1,1,0
22060006853000,47,29,18,2298.3
22060006854000,22,12,10,968
22060006855000,16,9,7,536
22060006863000,10,5,5,569
22060006866000,3,2,1,0
22060006868000,35,17,18,1442
22060006869000,203,101,102,9053.8
22060006870000,137,71,66,5411.5
22060006872000,1,1,0,0
22060006873000,1,1,0,0
22060006903000,5,4,1,122
22060006951000,1,1,0,0
22060007003000,88,46,42,3291.2
22060007004000,72,37,35,3225.6
22060007005000,87,40,47,3619.2
22060007006000,5,3,2,358
22060007032000,15,8,7,535.5
22060007033000,93,54,39,3441
22060007036000,17,8,9,540.6
22060007037000,4,2,2,0
22060007038000,13,9,4,600.6
22060007056000,2,1,1,0
22060007057000,82,46,36,3575.2
22060007065000,4,1,3,0
22060007071000,24,12,12,684
22060007072000,25,13,12,865
22060007073000,41,26,15,1783.5
22070006547000,2,1,1,0
22070006548000,4,2,2,0
22070006549000,26,15,11,1349.4
22070006550000,57,28,29,2297.1
22070006551000,28,14,14,1383.2
22070006552000,71,40,31,2485
22070006553000,4,3,1,0
22070006559000,7,5,2,326.2
22070006563000,4,3,1,0
22070006565000,21,13,8,894.6
22070006566000,12,8,4,458.4
22070006573000,2,1,1,0
22070006574000,1,0,1,0
22070006576000,13,7,6,505.7
22070006584000,5,2,3,158
22070006585000,29,17,12,1220.9
22070006586000,22,11,11,596.2
22070006607000,12,7,5,494.4
22070006608000,96,55,41,3849.6
22070006609000,2,1,1,0
22070006610000,17,10,7,846.6
22070006611000,25,10,15,1032.5
22070006612000,27,12,15,769.5
22070006613000,12,7,5,688.8
22070006614000,4,3,1,0
22070006615000,21,13,8,623.7
22070006616000,3,2,1,0
22070006617000,8,4,4,319.2
22070006627000,11,5,6,405.9
22070006628000,58,31,27,2563.6
22070006629000,375,197,178,15262.5
22070006630000,20,13,7,648
22070006649000,13,7,6,517.4
22070006650000,34,20,14,1533.4
22070006651000,5,2,3,214
22070006658000,23,13,10,1127
22070006659000,18,11,7,594
22070006660000,87,43,44,3401.7
22070006661000,42,27,15,1318.8
22070006662000,49,26,23,1783.6
22070006663000,54,31,23,2268
22070006664000,47,26,21,1936.4
22070006665000,15,8,7,717
22070006671000,4,3,1,0
22070006676000,20,11,9,994
22070006677000,12,6,6,556.8
22070006678000,15,7,8,663
22070006679000,40,18,22,2228
22070006681000,32,14,18,1260.8
22070006686000,1,1,0,0
22070006687000,7,2,5,333.9
22070006688000,4,1,3,0
22070006689000,2,2,0,0
22070006732000,4,2,2,0
22070006734000,25,15,10,1402.5
22070006749000,12,7,5,386.4
22070006750000,35,17,18,1669.5
22070006751000,14,7,7,362.6
22070006752000,8,5,3,451.2
22070006756000,4,2,2,0
22070006757000,7,6,1,247.1
22070006760000,4,1,3,0
22070006761000,4,2,2,0
22070006762000,14,7,7,730.8
22070006763000,1,1,0,0
22070006765000,5,3,2,193
22070006766000,2,1,1,0
22070006772000,7,4,3,319.9
22070006775000,5,2,3,207
22070006776000,2,2,0,0
22070006777000,5,3,2,285
22070006778000,5,5,0,310
22070006784000,1,1,0,0
22070006835000,2,1,1,0
22070006836000,15,9,6,835.5
22070006837000,5,4,1,78
22070006838000,5,3,2,157
22070006852000,31,14,17,1745.3
22070006853000,24,16,8,1077.6
22070006854000,3,2,1,0
22070006861000,7,4,3,121.1
22070006863000,58,30,28,2128.6
22070006868000,12,4,8,529.2
22070006869000,8,5,3,414.4
22070006956000,9,6,3,343.8
22070006960000,11,4,7,360.8
22070007002000,4,3,1,0
22070007003000,21,11,10,630
22070007004000,246,108,138,12029.4
22070007005000,303,149,154,12726
22070007006000,43,24,19,1659.8
22070007007000,7,3,4,329
22070007008000,5,1,4,125
22070007032000,2,1,1,0
22070007033000,29,16,13,1084.6
22070007034000,8,3,5,208
22070007039000,6,5,1,268.8
22070007040000,28,15,13,1150.8
22070007053000,3,1,2,0
22070007054000,40,21,19,1488
22070007057000,84,47,37,3872.4
22070007058000,48,26,22,2150.4
22070007065000,28,15,13,968.8
22070007068000,2,1,1,0
22070007072000,48,26,22,1910.4
22070007073000,140,73,67,5474
22080006548000,60,35,25,2316
22080006549000,36,19,17,1778.4
22080006550000,40,19,21,1644
22080006551000,10,6,4,572
22080006552000,10,5,5,534
22080006553000,58,27,31,2615.8
22080006557000,6,2,4,265.2
22080006559000,2,0,2,0
22080006562000,4,1,3,0
22080006563000,64,31,33,2233.6
22080006564000,31,17,14,1364
22080006565000,7,3,4,272.3
22080006566000,3,2,1,0
22080006567000,12,8,4,597.6
22080006568000,1,1,0,0
22080006569000,6,3,3,382.2
22080006570000,7,3,4,184.8
22080006571000,11,7,4,460.9
22080006583000,14,7,7,459.2
22080006584000,22,12,10,974.6
22080006585000,118,63,55,4330.6
22080006586000,83,38,45,3975.7
22080006587000,30,18,12,1032
22080006596000,1,1,0,0
22080006607000,17,8,9,799
22080006608000,19,8,11,851.2
22080006609000,6,4,2,364.8
22080006610000,30,13,17,1146
22080006628000,21,13,8,919.8
22080006629000,3,1,2,0
22080006630000,15,8,7,634.5
22080006631000,8,3,5,252
22080006635000,75,44,31,2122.5
22080006648000,5,3,2,91
22080006649000,2,1,1,0
22080006650000,28,17,11,1097.6
22080006651000,4,2,2,0
22080006658000,26,11,15,1424.8
22080006659000,33,14,19,1250.7
22080006661000,5,2,3,315
22080006662000,15,8,7,622.5
22080006663000,2,2,0,0
22080006671000,16,6,10,697.6
22080006673000,1,0,1,0
22080006676000,73,32,41,3080.6
22080006678000,13,6,7,536.9
22080006679000,5,3,2,76
22080006680000,28,19,9,1036
22080006681000,19,9,10,912
22080006682000,3,3,0,0
22080006686000,9,6,3,342
22080006732000,1,0,1,0
22080006733000,52,28,24,2173.6
22080006734000,7,5,2,319.2
22080006746000,5,3,2,233
22080006748000,5,4,1,214
22080006749000,39,20,19,1641.9
22080006750000,13,8,5,591.5
22080006751000,19,10,9,649.8
22080006752000,3,1,2,0
22080006753000,3,2,1,0
22080006757000,2,1,1,0
22080006758000,3,1,2,0
22080006760000,23,12,11,1292.6
22080006761000,5,2,3,187
22080006762000,23,9,14,673.9
22080006765000,21,11,10,1071
22080006766000,31,15,16,1143.9
22080006768000,9,6,3,414.9
22080006769000,4,2,2,0
22080006770000,6,2,4,400.2
22080006771000,19,9,10,817
22080006772000,4,1,3,0
22080006773000,1,1,0,0
22080006774000,17,11,6,652.8
22080006775000,5,5,0,263
22080006780000,5,3,2,153
22080006783000,3,2,1,0
22080006821000,3,2,1,0
22080006837000,20,8,12,816
22080006838000,4,2,2,0
22080006851000,4,2,2,0
22080006852000,4,2,2,0
22080006861000,43,23,20,2064
22080006862000,16,9,7,648
22080006863000,4,3,1,0
22080006867000,7,2,5,224.7
22080006869000,3,2,1,0
22080006954000,3,1,2,0
22080006955000,3,2,1,0
22080006956000,3,3,0,0
22080006958000,2,1,1,0
22080007003000,16,11,5,675.2
22080007004000,66,25,41,3531
22080007005000,42,19,23,1675.8
22080007006000,17,5,12,566.1
22080007007000,7,5,2,359.1
22080007008000,4,2,2,0
22080007009000,13,6,7,544.7
22080007032000,17,9,8,873.8
22080007033000,2,1,1,0
22080007040000,4,3,1,0
22080007042000,1,0,1,0
22080007051000,5,3,2,182
22080007053000,6,4,2,343.8
22080007054000,22,13,9,902
22080007058000,83,42,41,3527.5
22080007059000,17,7,10,746.3
22080007060000,11,5,6,495
22080007061000,31,18,13,1258.6
22080007062000,14,6,8,565.6
22080007063000,14,6,8,708.4
22080007065000,3,2,1,0
22080007068000,10,5,5,372
22080007069000,5,3,2,207
22080007070000,2,1,1,0
22080007071000,11,6,5,533.5
22080007072000,1,1,0,0
22080007073000,50,25,25,1665
22080007074000,13,6,7,313.3
22090006547000,10,5,5,658
22090006548000,48,24,24,1723.2
22090006549000,11,7,4,414.7
22090006550000,24,11,13,919.2
22090006551000,13,5,8,665.6
22090006552000,32,21,11,1129.6
22090006553000,35,21,14,1319.5
22090006554000,29,14,15,1206.4
22090006557000,2,1,1,0
22090006558000,6,5,1,355.2
22090006559000,1,1,0,0
22090006561000,20,10,10,570
22090006562000,25,14,11,882.5
22090006563000,16,8,8,710.4
22090006571000,7,4,3,235.2
22090006572000,1,0,1,0
22090006573000,10,3,7,254
22090006582000,16,9,7,628.8
22090006583000,37,18,19,1509.6
22090006584000,52,28,24,2220.4
22090006585000,31,13,18,1134.6
22090006586000,8,4,4,544.8
22090006587000,96,56,40,3235.2
22090006588000,29,16,13,1287.6
22090006589000,6,3,3,295.8
22090006596000,1,1,0,0
22090006597000,5,4,1,222
22090006598000,8,4,4,348.8
22090006599000,7,5,2,172.9
22090006600000,9,4,5,284.4
22090006607000,29,16,13,1212.2
22090006608000,24,12,12,1068
22090006609000,11,5,6,577.5
22090006627000,9,5,4,496.8
22090006628000,30,19,11,1245
22090006631000,8,4,4,370.4
22090006632000,26,14,12,1222
22090006633000,5,2,3,159
22090006635000,689,369,320,23081.5
22090006636000,497,240,257,13170.5
22090006638000,1,1,0,0
22090006639000,24,14,10,950.4
22090006640000,9,6,3,462.6
22090006647000,15,8,7,658.5
22090006648000,19,11,8,826.5
22090006649000,6,4,2,415.8
22090006650000,11,6,5,601.7
22090006656000,10,4,6,515
22090006657000,16,6,10,744
22090006658000,37,18,19,1376.4
22090006659000,8,3,5,376.8
22090006676000,97,42,55,3812.1
22090006677000,32,17,15,1094.4
22090006678000,35,17,18,1417.5
22090006679000,35,15,20,1407
22090006680000,1,1,0,0
22090006695000,6,3,3,382.2
22090006697000,5,4,1,208
22090006732000,18,7,11,874.8
22090006733000,23,11,12,880.9
22090006734000,2,2,0,0
22090006735000,1,0,1,0
22090006745000,3,2,1,0
22090006746000,5,2,3,346
22090006747000,26,17,9,1073.8
22090006748000,14,8,6,693
22090006749000,1,1,0,0
22090006750000,2,1,1,0
22090006751000,6,2,4,367.2
22090006752000,19,9,10,885.4
22090006760000,15,9,6,784.5
22090006761000,11,5,6,550
22090006762000,204,94,110,9710.4
22090006763000,31,15,16,1063.3
22090006764000,32,13,19,1388.8
22090006765000,23,12,11,1048.8
22090006766000,69,31,38,3084.3
22090006767000,23,13,10,1327.1
22090006768000,13,7,6,702
22090006769000,12,6,6,687.6
22090006770000,2,1,1,0
22090006771000,6,3,3,271.2
22090006772000,12,4,8,357.6
22090006773000,13,5,8,611
22090006774000,5,3,2,145
22090006781000,1,0,1,0
22090006820000,2,1,1,0
22090006821000,4,2,2,0
22090006838000,25,12,13,960
22090006839000,21,11,10,989.1
22090006840000,5,3,2,157
22090006860000,4,3,1,0
22090006861000,486,245,241,19926
22090006862000,51,26,25,1983.9
22090006867000,4,2,2,0
22090006868000,2,1,1,0
22090006873000,1,1,0,0
22090006874000,11,5,6,468.6
22090006875000,1,0,1,0
22090006950000,11,6,5,478.5
22090006951000,10,7,3,461
22090006952000,61,28,33,2281.4
22090006953000,19,8,11,847.4
22090007002000,1,0,1,0
22090007003000,46,24,22,1683.6
22090007008000,7,3,4,242.9
22090007009000,38,19,19,1421.2
22090007032000,11,6,5,489.5
22090007033000,10,7,3,471
22090007053000,14,8,6,693
22090007054000,23,16,7,1117.8
22090007058000,8,4,4,312.8
22090007059000,32,16,16,1008
22090007060000,7,5,2,387.1
22090007061000,1,1,0,0
22090007062000,16,6,10,480
22090007063000,15,10,5,664.5
22090007064000,3,2,1,0
22090007068000,1,1,0,0
22090007069000,9,5,4,388.8
22090007070000,27,17,10,1377
22090007071000,47,24,23,2063.3
22090007072000,4,1,3,0
22090007107000,2,2,0,0
22100006548000,52,26,26,2043.6
22100006549000,11,5,6,409.2
22100006550000,44,24,20,1931.6
22100006551000,7,5,2,289.8
22100006552000,6,3,3,387
22100006553000,37,22,15,1206.2
22100006554000,45,28,17,1534.5
22100006557000,1,0,1,0
22100006558000,5,3,2,326
22100006567000,12,7,5,285.6
22100006579000,18,11,7,732.6
22100006580000,17,10,7,620.5
22100006582000,12,5,7,403.2
22100006583000,40,18,22,1536
22100006584000,17,9,8,436.9
22100006586000,2,1,1,0
22100006587000,7,4,3,252.7
22100006588000,23,13,10,765.9
22100006589000,13,8,5,621.4
22100006590000,15,8,7,658.5
22100006596000,2,1,1,0
22100006597000,72,39,33,2649.6
22100006598000,25,12,13,927.5
22100006599000,2,1,1,0
22100006600000,1,1,0,0
22100006606000,2,2,0,0
22100006607000,12,4,8,505.2
22100006608000,12,7,5,542.4
22100006627000,23,11,12,869.4
22100006628000,3,1,2,0
22100006629000,33,21,12,1333.2
22100006630000,191,88,103,7449
22100006631000,106,58,48,4420.2
22100006632000,375,183,192,13762.5
22100006633000,111,60,51,4773
22100006634000,5,2,3,264
22100006635000,52,25,27,1965.6
22100006636000,131,63,68,3864.5
22100006637000,24,12,12,1161.6
22100006638000,19,8,11,765.7
22100006639000,18,12,6,984.6
22100006640000,22,11,11,1045
22100006641000,23,14,9,811.9
22100006646000,16,8,8,609.6
22100006647000,42,19,23,1402.8
22100006648000,29,13,16,1168.7
22100006654000,2,1,1,0
22100006655000,29,16,13,1574.7
22100006656000,38,18,20,1782.2
22100006657000,35,18,17,1452.5
22100006658000,38,20,18,1660.6
22100006659000,2,1,1,0
22100006675000,22,12,10,836
22100006676000,269,129,140,11244.2
22100006677000,143,81,62,6535.1
22100006678000,30,17,13,1155
22100006686000,5,2,3,297
22100006694000,8,4,4,332.8
22100006695000,4,3,1,0
22100006697000,2,1,1,0
22100006725000,1,1,0,0
22100006726000,23,14,9,1106.3
22100006727000,10,5,5,401
22100006728000,1,1,0,0
22100006731000,4,1,3,0
22100006732000,55,29,26,2332
22100006743000,19,10,9,562.4
22100006744000,2,1,1,0
22100006747000,19,9,10,748.6
22100006750000,1,1,0,0
22100006751000,3,2,1,0
22100006752000,10,5,5,437
22100006759000,15,6,9,618
22100006760000,2,1,1,0
22100006761000,9,6,3,549.9
22100006762000,17,10,7,584.8
22100006764000,6,4,2,381
22100006774000,9,5,4,504.9
22100006776000,1,0,1,0
22100006819000,2,0,2,0
22100006820000,1,1,0,0
22100006839000,7,4,3,231.7
22100006849000,2,1,1,0
22100006850000,15,9,6,891
22100006851000,16,10,6,568
22100006852000,6,3,3,340.2
22100006860000,27,12,15,1344.6
22100006861000,155,77,78,6649.5
22100006862000,5,1,4,219
22100006866000,6,3,3,334.8
22100006867000,11,6,5,442.2
22100006874000,14,6,8,687.4
22100006906000,2,1,1,0
22100006949000,6,2,4,235.2
22100006950000,7,4,3,282.8
22100006951000,10,6,4,624
22100006952000,5,3,2,146
22100007002000,8,4,4,503.2
22100007003000,7,4,3,277.9
22100007006000,21,10,11,907.2
22100007008000,23,12,11,667
22100007009000,31,16,15,1261.7
22100007023000,2,1,1,0
22100007035000,10,4,6,306
22100007053000,11,5,6,600.6
22100007054000,57,30,27,2325.6
22100007059000,5,3,2,355
22100007060000,10,5,5,551
22100007061000,4,2,2,0
22100007069000,26,15,11,1289.6
22100007070000,11,7,4,359.7
22100007071000,3,1,2,0
22100007073000,1,1,0,0
22100007107000,19,11,8,647.9
22100007108000,13,8,5,561.6
22110006549000,45,25,20,1791
22110006550000,89,44,45,3862.6
22110006551000,44,20,24,2015.2
22110006552000,70,34,36,2905
22110006553000,48,26,22,2361.6
22110006554000,83,44,39,3585.6
22110006555000,14,5,9,744.8
22110006556000,6,4,2,151.2
22110006557000,28,16,12,904.4
22110006558000,8,5,3,255.2
22110006567000,3,2,1,0
22110006568000,3,1,2,0
22110006569000,4,1,3,0
22110006572000,31,16,15,1184.2
22110006573000,6,4,2,202.2
22110006577000,32,14,18,1446.4
22110006578000,22,7,15,814
22110006579000,13,8,5,833.3
22110006580000,14,6,8,579.6
22110006581000,36,18,18,1580.4
22110006582000,124,64,60,5108.8
22110006583000,88,51,37,3009.6
22110006584000,5,3,2,133
22110006589000,28,16,12,1013.6
22110006590000,14,8,6,673.4
22110006591000,37,18,19,1461.5
22110006592000,14,9,5,610.4
22110006596000,9,5,4,437.4
22110006597000,26,15,11,785.2
22110006606000,19,10,9,963.3
22110006607000,18,10,8,943.2
22110006608000,2,2,0,0
22110006625000,2,1,1,0
22110006626000,14,9,5,558.6
22110006628000,4,1,3,0
22110006629000,14,9,5,525
22110006630000,11,6,5,510.4
22110006631000,337,165,172,14221.4
22110006632000,624,329,295,27580.8
22110006633000,700,352,348,28490
22110006634000,15,6,9,619.5
22110006635000,34,19,15,1424.6
22110006636000,23,13,10,931.5
22110006637000,77,44,33,3172.4
22110006638000,16,10,6,667.2
22110006639000,36,20,16,1440
22110006640000,39,22,17,1392.3
22110006641000,9,5,4,376.2
22110006642000,3,2,1,0
22110006643000,4,1,3,0
22110006644000,15,8,7,499.5
22110006645000,42,20,22,1491
22110006646000,38,18,20,1687.2
22110006647000,37,20,17,1776
22110006648000,16,9,7,561.6
22110006653000,27,15,12,1231.2
22110006654000,35,16,19,1351
22110006655000,28,14,14,1500.8
22110006656000,24,13,11,967.2
22110006657000,24,15,9,770.4
22110006658000,18,11,7,777.6
22110006673000,1,1,0,0
22110006675000,4,4,0,0
22110006676000,8,8,0,280
22110006690000,4,2,2,0
22110006692000,2,1,1,0
22110006725000,9,5,4,533.7
22110006726000,23,11,12,874
22110006727000,16,10,6,648
22110006728000,2,1,1,0
22110006730000,5,2,3,177
22110006731000,28,14,14,1184.4
22110006732000,24,14,10,1106.4
22110006740000,3,1,2,0
22110006741000,20,10,10,1022
22110006742000,12,8,4,435.6
22110006743000,8,3,5,246.4
22110006744000,9,5,4,205.2
22110006745000,3,2,1,0
22110006746000,6,2,4,163.8
22110006747000,8,4,4,308
22110006751000,13,9,4,468
22110006752000,10,5,5,421
22110006761000,4,3,1,0
22110006762000,3,1,2,0
22110006764000,17,11,6,620.5
22110006772000,1,1,0,0
22110006775000,7,3,4,207.9
22110006777000,2,1,1,0
22110006838000,5,3,2,83
22110006839000,10,6,4,401
22110006849000,3,2,1,0
22110006850000,119,61,58,4736.2
22110006851000,7,5,2,347.2
22110006852000,14,7,7,754.6
22110006853000,15,7,8,792
22110006854000,1,1,0,0
22110006855000,45,24,21,1975.5
22110006856000,13,8,5,542.1
22110006857000,7,4,3,350
22110006858000,2,1,1,0
22110006859000,39,22,17,1482
22110006860000,657,305,352,29039.4
22110006861000,231,113,118,9979.2
22110006862000,7,4,3,212.1
22110006865000,6,3,3,340.2
22110006866000,20,12,8,654
22110006867000,7,4,3,242.2
22110006949000,7,4,3,247.8
22110006951000,3,2,1,0
22110007001000,18,8,10,819
22110007002000,2,1,1,0
22110007006000,10,5,5,506
22110007007000,3,1,2,0
22110007008000,1,0,1,0
22110007009000,30,18,12,1164
22110007034000,4,2,2,0
22110007035000,6,2,4,228
22110007042000,1,0,1,0
22110007049000,1,1,0,0
22110007054000,4,4,0,0
22110007060000,117,68,49,3790.8
22110007061000,102,58,44,3825
22110007062000,53,26,27,2385
22110007069000,3,2,1,0
22110007070000,12,9,3,487.2
22120006548000,15,6,9,532.5
22120006549000,116,53,63,4640
22120006550000,6,4,2,283.8
22120006551000,24,14,10,804
22120006552000,1,1,0,0
22120006553000,5,4,1,100
22120006554000,608,286,322,19516.8
22120006555000,260,135,125,7956
22120006556000,566,284,282,20659
22120006557000,10,5,5,454
22120006558000,24,14,10,1022.4
22120006566000,33,15,18,1029.6
22120006569000,17,8,9,770.1
22120006571000,58,33,25,2308.4
22120006572000,223,98,125,11506.8
22120006573000,39,19,20,1614.6
22120006574000,14,7,7,338.8
22120006575000,22,12,10,759
22120006576000,13,7,6,565.5
22120006578000,15,10,5,637.5
22120006579000,8,3,5,247.2
22120006580000,14,7,7,816.2
22120006582000,30,17,13,855
22120006583000,7,4,3,284.9
22120006584000,25,14,11,945
22120006585000,3,2,1,0
22120006589000,13,7,6,331.5
22120006590000,53,29,24,1855
22120006591000,3,2,1,0
22120006592000,11,6,5,568.7
22120006593000,21,11,10,955.5
22120006594000,15,8,7,597
22120006595000,57,31,26,2194.5
22120006596000,76,41,35,2994.4
22120006597000,43,25,18,1629.7
22120006605000,4,2,2,0
22120006606000,6,3,3,157.2
22120006607000,25,11,14,927.5
22120006608000,6,3,3,171
22120006627000,11,5,6,350.9
22120006631000,7,3,4,291.9
22120006632000,726,366,360,27297.6
22120006633000,46,27,19,1899.8
22120006634000,51,30,21,2080.8
22120006635000,25,16,9,1065
22120006636000,681,343,338,25469.4
22120006637000,1023,502,521,39692.4
22120006638000,211,112,99,7490.5
22120006639000,41,20,21,1836.8
22120006640000,14,7,7,551.6
22120006641000,44,22,22,2103.2
22120006642000,14,4,10,568.4
22120006643000,48,23,25,1977.6
22120006644000,121,66,55,4561.7
22120006645000,87,47,40,3567
22120006646000,39,16,23,1443
22120006647000,6,3,3,298.2
22120006648000,5,3,2,222
22120006649000,8,2,6,319.2
22120006653000,42,21,21,1617
22120006654000,11,5,6,506
22120006655000,10,4,6,434
22120006663000,2,1,1,0
22120006664000,11,6,5,550
22120006665000,7,4,3,263.2
22120006666000,2,1,1,0
22120006667000,27,13,14,720.9
22120006668000,9,4,5,424.8
22120006670000,7,6,1,146.3
22120006671000,6,5,1,175.2
22120006672000,45,19,26,1710
22120006673000,7,7,0,371.7
22120006689000,3,2,1,0
22120006691000,1,1,0,0
22120006692000,2,1,1,0
22120006693000,1,1,0,0
22120006724000,41,20,21,1320.2
22120006725000,11,4,7,443.3
22120006726000,7,3,4,314.3
22120006727000,28,12,16,1209.6
22120006728000,35,20,15,1414
22120006729000,32,20,12,1443.2
22120006730000,75,32,43,4222.5
22120006731000,26,17,9,1094.6
22120006736000,15,10,5,616.5
22120006737000,5,3,2,337
22120006738000,8,3,5,299.2
22120006740000,11,6,5,543.4
22120006741000,6,3,3,267
22120006744000,2,1,1,0
22120006751000,25,13,12,1125
22120006752000,7,4,3,443.8
22120006759000,10,4,6,403
22120006760000,16,8,8,500.8
22120006761000,5,2,3,264
22120006764000,4,4,0,0
22120006774000,1,1,0,0
22120006775000,5,3,2,170
22120006777000,15,7,8,618
22120006778000,2,1,1,0
22120006838000,9,5,4,503.1
22120006839000,6,1,5,219
22120006849000,39,17,22,1567.8
22120006850000,6,3,3,295.2
22120006852000,3,2,1,0
22120006853000,45,26,19,1539
22120006854000,15,10,5,505.5
22120006855000,216,108,108,7711.2
22120006856000,69,27,42,3815.7
22120006857000,22,13,9,1194.6
22120006858000,17,7,10,822.8
22120006859000,108,55,53,4384.8
22120006860000,404,186,218,19917.2
22120006861000,192,104,88,8025.6
22120006862000,127,74,53,4965.7
22120006863000,68,36,32,2468.4
22120006864000,13,8,5,730.6
22120006865000,13,4,9,443.3
22120006866000,9,6,3,314.1
22120006950000,20,10,10,720
22120006951000,12,6,6,601.2
22120006952000,6,3,3,265.2
22120007000000,3,2,1,0
22120007001000,28,10,18,954.8
22120007006000,6,3,3,130.2
22120007007000,9,4,5,414
22120007009000,17,10,7,703.8
22120007010000,1,1,0,0
22120007034000,6,3,3,189
22120007035000,4,2,2,0
22120007036000,7,5,2,168.7
22120007037000,2,1,1,0
22120007039000,1,1,0,0
22120007040000,7,4,3,347.9
22120007041000,7,4,3,417.9
22120007042000,2,1,1,0
22120007043000,3,2,1,0
22120007045000,4,3,1,0
22120007046000,2,1,1,0
22120007047000,1,0,1,0
22120007049000,2,1,1,0
22120007061000,36,22,14,1332
22120007062000,12,7,5,405.6
22120007108000,2,1,1,0
22130006548000,16,7,9,619.2
22130006549000,40,21,19,1672
22130006550000,280,132,148,11368
22130006551000,22,15,7,792
22130006552000,750,387,363,26700
22130006553000,64,33,31,2278.4
22130006554000,132,67,65,3722.4
22130006555000,17,9,8,506.6
22130006556000,1397,692,705,54203.6
22130006557000,11,5,6,531.3
22130006558000,37,19,18,1679.8
22130006567000,3,1,2,0
22130006569000,19,9,10,889.2
22130006570000,61,33,28,2476.6
22130006571000,113,58,55,5028.5
22130006572000,634,326,308,22633.8
22130006573000,34,18,16,1281.8
22130006574000,12,7,5,633.6
22130006575000,43,22,21,1505
22130006576000,4,2,2,0
22130006577000,2,1,1,0
22130006579000,8,3,5,375.2
22130006590000,2,1,1,0
22130006591000,15,7,8,670.5
22130006592000,23,14,9,968.3
22130006593000,9,5,4,252
22130006594000,35,16,19,1239
22130006595000,260,121,139,13832
22130006596000,53,24,29,2538.7
22130006597000,30,18,12,1326
22130006598000,1,1,0,0
22130006605000,14,5,9,656.6
22130006606000,18,9,9,750.6
22130006607000,4,2,2,0
22130006624000,2,1,1,0
22130006627000,16,8,8,481.6
22130006631000,9,6,3,468
22130006632000,265,145,120,9195.5
22130006633000,126,67,59,4737.6
22130006634000,30,14,16,1215
22130006635000,468,232,236,20077.2
22130006636000,569,269,300,24865.3
22130006637000,621,310,311,24467.4
22130006638000,103,49,54,3223.9
22130006639000,52,28,24,1939.6
22130006640000,61,33,28,2037.4
22130006641000,78,42,36,3018.6
22130006642000,4,1,3,0
22130006643000,7,3,4,333.9
22130006644000,110,63,47,4235
22130006645000,467,234,233,17419.1
22130006646000,58,28,30,2343.2
22130006647000,5,3,2,227
22130006648000,15,8,7,798
22130006649000,36,19,17,1526.4
22130006650000,35,21,14,1326.5
22130006651000,12,7,5,400.8
22130006652000,164,85,79,5805.6
22130006653000,34,18,16,1431.4
22130006662000,16,10,6,760
22130006663000,20,10,10,672
22130006664000,10,4,6,489
22130006665000,30,17,13,1311
22130006666000,14,8,6,610.4
22130006667000,2,0,2,0
22130006668000,3,1,2,0
22130006669000,6,3,3,264
22130006670000,8,5,3,255.2
22130006671000,8,2,6,312
22130006672000,10,3,7,257
22130006673000,6,4,2,351
22130006686000,9,3,6,381.6
22130006687000,7,5,2,359.8
22130006723000,7,4,3,398.3
22130006724000,4,3,1,0
22130006728000,1,1,0,0
22130006735000,30,16,14,1050
22130006736000,7,4,3,247.8
22130006737000,5,2,3,237
22130006738000,6,3,3,219
22130006739000,2,1,1,0
22130006740000,6,3,3,250.2
22130006751000,6,4,2,214.2
22130006754000,3,1,2,0
22130006756000,4,2,2,0
22130006758000,7,3,4,427.7
22130006759000,6,2,4,328.8
22130006766000,1,1,0,0
22130006771000,1,1,0,0
22130006777000,7,5,2,237.3
22130006778000,8,7,1,358.4
22130006816000,6,3,3,435
22130006837000,9,5,4,501.3
22130006838000,23,12,11,1060.3
22130006847000,7,2,5,331.8
22130006848000,14,8,6,582.4
22130006849000,9,3,6,491.4
22130006857000,8,5,3,347.2
22130006858000,6,3,3,352.8
22130006861000,13,6,7,469.3
22130006862000,19,11,8,495.9
22130006863000,82,45,37,3345.6
22130006864000,58,31,27,1931.4
22130006865000,10,6,4,411
22130006949000,2,1,1,0
22130006950000,15,9,6,753
22130006952000,13,6,7,614.9
22130007000000,7,4,3,371
22130007001000,1,1,0,0
22130007006000,5,2,3,86
22130007009000,25,15,10,1030
22130007010000,5,3,2,330
22130007013000,4,3,1,0
22130007036000,7,5,2,280.7
22130007037000,72,36,36,3124.8
22130007055000,10,4,6,473
22140006548000,13,8,5,564.2
22140006549000,341,146,195,16368
22140006550000,1853,918,935,88017.5
22140006551000,1269,652,617,53171.1
22140006552000,209,99,110,7524
22140006553000,306,162,144,12454.2
22140006554000,283,146,137,12225.6
22140006555000,178,92,86,8010
22140006556000,1745,856,889,74860.5
22140006560000,6,2,4,199.2
22140006561000,1,0,1,0
22140006568000,10,6,4,413
22140006569000,3,2,1,0
22140006570000,5,2,3,205
22140006571000,74,40,34,2997
22140006572000,49,28,21,1960
22140006573000,52,26,26,2059.2
22140006574000,14,9,5,491.4
22140006575000,17,10,7,814.3
22140006592000,13,6,7,548.6
22140006593000,52,29,23,2225.6
22140006594000,34,18,16,1343
22140006595000,346,168,178,15051
22140006596000,26,14,12,1177.8
22140006597000,13,7,6,555.1
22140006598000,8,4,4,302.4
22140006599000,10,4,6,262
22140006605000,27,13,14,1528.2
22140006606000,26,17,9,1094.6
22140006621000,10,5,5,405
22140006622000,14,7,7,527.8
22140006626000,2,1,1,0
22140006632000,39,19,20,1380.6
22140006633000,24,11,13,828
22140006634000,11,5,6,440
22140006635000,126,58,68,4876.2
22140006636000,1486,745,741,68058.8
22140006637000,1216,583,633,49248
22140006638000,617,306,311,25420.4
22140006639000,285,149,136,11713.5
22140006640000,46,22,24,2019.4
22140006641000,68,38,30,2618
22140006642000,46,20,26,1817
22140006643000,11,6,5,514.8
22140006644000,125,63,62,5275
22140006645000,112,61,51,4412.8
22140006646000,26,12,14,1172.6
22140006647000,11,5,6,426.8
22140006648000,5,4,1,107
22140006649000,44,24,20,1386
22140006650000,255,134,121,10251
22140006651000,71,41,30,2712.2
22140006652000,71,43,28,2648.3
22140006653000,7,3,4,279.3
22140006654000,4,2,2,0
22140006655000,9,6,3,404.1
22140006659000,5,3,2,304
22140006660000,18,8,10,898.2
22140006661000,27,13,14,1082.7
22140006662000,6,3,3,337.8
22140006663000,8,5,3,220.8
22140006664000,74,42,32,3167.2
22140006665000,58,32,26,2041.6
22140006666000,25,11,14,1015
22140006667000,29,18,11,1186.1
22140006668000,4,2,2,0
22140006669000,3,2,1,0
22140006670000,2,1,1,0
22140006687000,32,20,12,1836.8
22140006688000,16,10,6,601.6
22140006702000,10,6,4,459
22140006703000,7,4,3,406.7
22140006704000,18,10,8,721.8
22140006705000,4,3,1,0
22140006723000,32,15,17,1376
22140006734000,15,11,4,460.5
22140006735000,17,7,10,1072.7
22140006753000,7,5,2,324.8
22140006755000,42,20,22,1499.4
22140006756000,7,4,3,349.3
22140006757000,9,6,3,369
22140006758000,6,4,2,132
22140006760000,1,1,0,0
22140006767000,3,1,2,0
22140006769000,5,2,3,252
22140006772000,2,1,1,0
22140006778000,5,3,2,357
22140006786000,2,1,1,0
22140006815000,6,2,4,159
22140006837000,1,1,0,0
22140006838000,22,9,13,864.6
22140006847000,43,23,20,1939.3
22140006848000,25,14,11,1340
22140006864000,2,1,1,0
22140006952000,7,4,3,349.3
22140006953000,16,8,8,598.4
22140006954000,3,1,2,0
22140007000000,16,12,4,686.4
22140007001000,10,6,4,493
22140007009000,35,18,17,1340.5
22140007010000,3,1,2,0
22140007011000,7,4,3,347.9
22140007012000,30,16,14,1395
22140007013000,13,6,7,366.6
22140007023000,1,0,1,0
22140007035000,1,1,0,0
22140007037000,27,16,11,1293.3
22140007038000,10,5,5,233
22140007046000,1,1,0,0
22140007047000,6,4,2,286.8
22140007048000,2,2,0,0
22140007050000,18,9,9,705.6
22140007053000,2,1,1,0
22140007054000,2,1,1,0
22150006550000,469,208,261,27108.2
22150006551000,144,69,75,8928
22150006552000,3,1,2,0
22150006555000,1222,602,620,56945.2
22150006556000,2937,1369,1568,135395.7
22150006557000,2058,992,1066,92198.4
22150006558000,508,255,253,18034
22150006559000,4,3,1,0
22150006560000,9,7,2,243.9
22150006561000,33,16,17,1128.6
22150006562000,3,2,1,0
22150006567000,28,17,11,952
22150006568000,11,5,6,438.9
22150006569000,38,19,19,1599.8
22150006570000,28,13,15,994
22150006571000,29,17,12,1447.1
22150006572000,5,3,2,94
22150006593000,4,2,2,0
22150006594000,33,17,16,1303.5
22150006595000,21,13,8,642.6
22150006596000,17,10,7,647.7
22150006597000,25,13,12,1025
22150006598000,3,1,2,0
22150006599000,17,11,6,576.3
22150006600000,9,3,6,320.4
22150006604000,17,8,9,656.2
22150006605000,54,28,26,2149.2
22150006606000,32,17,15,1315.2
22150006620000,33,21,12,1313.4
22150006621000,2,1,1,0
22150006624000,5,3,2,115
22150006632000,49,23,26,1911
22150006633000,17,9,8,669.8
22150006634000,45,26,19,2119.5
22150006635000,556,277,279,22684.8
22150006636000,400,217,183,14600
22150006637000,97,47,50,4258.3
22150006638000,27,11,16,780.3
22150006643000,7,5,2,312.2
22150006644000,71,37,34,2556
22150006645000,25,14,11,992.5
22150006646000,69,37,32,2504.7
22150006647000,64,31,33,2432
22150006648000,75,41,34,3045
22150006649000,109,57,52,4294.6
22150006650000,387,202,185,15170.4
22150006651000,441,213,228,16449.3
22150006652000,75,42,33,2790
22150006653000,9,5,4,388.8
22150006654000,23,11,12,908.5
22150006655000,46,23,23,1904.4
22150006656000,5,2,3,249
22150006658000,10,4,6,249
22150006659000,25,13,12,990
22150006660000,27,14,13,1177.2
22150006661000,35,21,14,1599.5
22150006662000,44,26,18,1914
22150006663000,53,28,25,1992.8
22150006664000,2,2,0,0
22150006687000,2,1,1,0
22150006688000,5,2,3,190
22150006689000,21,12,9,865.2
22150006696000,1,1,0,0
22150006699000,3,2,1,0
22150006700000,35,19,16,1022
22150006701000,2,1,1,0
22150006702000,1,0,1,0
22150006703000,9,5,4,478.8
22150006723000,20,10,10,1082
22150006724000,5,3,2,275
22150006734000,10,4,6,355
22150006735000,10,6,4,325
22150006753000,8,5,3,524
22150006754000,15,7,8,739.5
22150006755000,45,24,21,1903.5
22150006756000,5,2,3,140
22150006772000,1,1,0,0
22150006838000,21,12,9,907.2
22150006839000,3,1,2,0
22150006847000,9,5,4,466.2
22150006848000,20,10,10,690
22150006862000,56,34,22,1545.6
22150006873000,3,2,1,0
22150006911000,2,1,1,0
22150006954000,20,11,9,732
22150006955000,3,1,2,0
22150006999000,8,4,4,284
22150007000000,1,1,0,0
22150007009000,14,8,6,554.4
22150007012000,5,2,3,196
22150007013000,20,10,10,664
22150007021000,5,3,2,343
22150007037000,4,3,1,0
22150007038000,26,13,13,1008.8
22150007048000,15,6,9,745.5
22150007053000,3,3,0,0
22150007054000,1,1,0,0
22150007055000,6,3,3,142.2
22150007056000,5,2,3,254
22150007109000,2,1,1,0
22160006553000,2,1,1,0
22160006554000,683,350,333,25680.8
22160006555000,761,401,360,29831.2
22160006556000,2094,1026,1068,82713
22160006557000,2364,1096,1268,106143.6
22160006558000,906,467,439,39229.8
22160006559000,803,404,399,28827.7
22160006561000,5,3,2,272
22160006563000,8,5,3,254.4
22160006564000,4,3,1,0
22160006565000,14,8,6,583.8
22160006566000,23,11,12,756.7
22160006567000,26,12,14,1068.6
22160006568000,74,37,37,2849
22160006569000,25,11,14,967.5
22160006570000,6,4,2,165
22160006579000,2,1,1,0
22160006581000,5,4,1,125
22160006582000,2,1,1,0
22160006584000,4,3,1,0
22160006595000,13,7,6,527.8
22160006596000,6,2,4,280.8
22160006597000,4,2,2,0
22160006598000,25,13,12,852.5
22160006599000,28,14,14,1262.8
22160006600000,8,4,4,322.4
22160006601000,15,8,7,574.5
22160006602000,2,1,1,0
22160006603000,2,1,1,0
22160006604000,102,48,54,4202.4
22160006605000,128,64,64,5043.2
22160006606000,9,4,5,150.3
22160006632000,28,14,14,1274
22160006633000,63,35,28,3042.9
22160006634000,43,23,20,2068.3
22160006635000,760,407,353,28956
22160006636000,96,53,43,3830.4
22160006637000,17,9,8,588.2
22160006649000,354,184,170,16000.8
22160006650000,879,409,470,41049.3
22160006651000,201,93,108,7999.8
22160006653000,25,12,13,1087.5
22160006654000,58,31,27,2441.8
22160006655000,43,22,21,1823.2
22160006656000,8,5,3,371.2
22160006657000,9,7,2,315
22160006660000,214,106,108,7597
22160006661000,78,40,38,3471
22160006662000,4,2,2,0
22160006688000,21,12,9,816.9
22160006689000,16,7,9,724.8
22160006690000,7,5,2,296.8
22160006691000,2,1,1,0
22160006697000,5,3,2,264
22160006699000,18,9,9,700.2
22160006700000,16,10,6,816
22160006701000,4,3,1,0
22160006723000,2,2,0,0
22160006735000,15,7,8,766.5
22160006754000,6,3,3,412.2
22160006755000,22,11,11,970.2
22160006770000,4,2,2,0
22160006833000,1,1,0,0
22160006834000,1,1,0,0
22160006838000,43,23,20,1952.2
22160006839000,10,5,5,426
22160006843000,6,3,3,250.8
22160006847000,12,7,5,542.4
22160006848000,7,3,4,289.1
22160006910000,6,4,2,289.2
22160006951000,10,6,4,547
22160006954000,31,17,14,1292.7
22160006955000,28,14,14,974.4
22160007009000,27,16,11,980.1
22160007011000,8,4,4,500.8
22160007022000,3,2,1,0
22160007023000,6,2,4,247.2
22160007040000,1,0,1,0
22160007047000,12,8,4,400.8
22160007048000,9,5,4,380.7
22160007055000,25,17,8,785
22170006552000,99,53,46,4385.7
22170006553000,1351,664,687,54310.2
22170006554000,1009,488,521,43992.4
22170006555000,651,321,330,26951.4
22170006556000,9,5,4,376.2
22170006557000,185,85,100,9694
22170006558000,14,9,5,582.4
22170006559000,256,145,111,8601.6
22170006560000,144,78,66,5140.8
22170006561000,14,7,7,770
22170006562000,37,21,16,1069.3
22170006563000,16,10,6,692.8
22170006564000,26,14,12,1118
22170006565000,14,8,6,508.2
22170006566000,39,24,15,1404
22170006567000,36,22,14,1386
22170006568000,6,4,2,259.8
22170006573000,5,3,2,199
22170006574000,16,8,8,747.2
22170006575000,2,1,1,0
22170006576000,4,2,2,0
22170006578000,3,1,2,0
22170006597000,6,3,3,303
22170006598000,39,19,20,1708.2
22170006599000,3,2,1,0
22170006600000,6,3,3,265.2
22170006601000,9,7,2,344.7
22170006602000,108,54,54,4676.4
22170006603000,173,95,78,7594.7
22170006604000,487,237,250,22694.2
22170006605000,249,128,121,10184.1
22170006606000,5,3,2,170
22170006620000,4,3,1,0
22170006621000,6,2,4,151.2
22170006622000,3,2,1,0
22170006630000,3,2,1,0
22170006632000,35,18,17,1435
22170006633000,7,4,3,359.8
22170006634000,86,41,45,3930.2
22170006635000,840,424,416,30324
22170006636000,112,64,48,5208
22170006649000,10,5,5,524
22170006650000,58,34,24,1577.6
22170006651000,612,307,305,22644
22170006652000,488,250,238,21423.2
22170006653000,11,5,6,470.8
22170006654000,185,92,93,6549
22170006655000,59,31,28,2578.3
22170006657000,3,2,1,0
22170006658000,20,10,10,810
22170006659000,13,7,6,505.7
22170006660000,22,9,13,946
22170006661000,20,12,8,716
22170006662000,9,6,3,455.4
22170006688000,10,7,3,649
22170006689000,8,2,6,175.2
22170006690000,7,4,3,161
22170006700000,1,1,0,0
22170006723000,7,2,5,366.8
22170006724000,5,4,1,218
22170006735000,18,10,8,712.8
22170006754000,8,4,4,203.2
22170006764000,2,2,0,0
22170006773000,3,2,1,0
22170006813000,2,1,1,0
22170006838000,12,7,5,573.6
22170006847000,1,0,1,0
22170006848000,33,20,13,1197.9
22170006849000,10,7,3,362
22170006850000,1,1,0,0
22170006910000,4,2,2,0
22170006951000,1,1,0,0
22170006952000,3,2,1,0
22170006954000,69,36,33,3353.4
22170006955000,18,10,8,1018.8
22170006956000,1,0,1,0
22170006999000,8,3,5,360
22170007009000,26,17,9,1034.8
22170007011000,7,4,3,265.3
22170007012000,8,4,4,442.4
22170007013000,2,1,1,0
22170007014000,15,7,8,706.5
22170007023000,2,1,1,0
22170007056000,10,5,5,381
22180006552000,2,1,1,0
22180006553000,232,121,111,9001.6
22180006554000,175,87,88,7157.5
22180006555000,1028,515,513,37727.6
22180006556000,373,195,178,15069.2
22180006557000,9,7,2,392.4
22180006558000,18,11,7,750.6
22180006559000,21,12,9,800.1
22180006560000,340,176,164,11934
22180006561000,55,27,28,2194.5
22180006562000,5,3,2,240
22180006563000,3,2,1,0
22180006564000,27,16,11,891
22180006565000,38,18,20,1542.8
22180006566000,10,4,6,325
22180006568000,6,3,3,373.8
22180006569000,26,14,12,1073.8
22180006570000,21,13,8,711.9
22180006571000,7,4,3,454.3
22180006572000,14,8,6,639.8
22180006573000,27,13,14,963.9
22180006574000,19,11,8,706.8
22180006575000,56,30,26,1859.2
22180006576000,29,15,14,1206.4
22180006577000,3,2,1,0
22180006583000,5,4,1,228
22180006584000,11,4,7,347.6
22180006585000,7,4,3,420.7
22180006586000,17,8,9,455.6
22180006587000,26,11,15,969.8
22180006599000,11,5,6,392.7
22180006600000,19,11,8,634.6
22180006601000,29,14,15,1342.7
22180006602000,10,4,6,430
22180006603000,29,15,14,1218
22180006604000,47,23,24,1997.5
22180006605000,15,8,7,589.5
22180006616000,12,6,6,284.4
22180006617000,14,7,7,600.6
22180006618000,1,1,0,0
22180006619000,9,3,6,403.2
22180006620000,30,17,13,1308
22180006621000,1,1,0,0
22180006632000,127,66,61,4343.4
22180006633000,811,408,403,30818
22180006634000,219,112,107,8957.1
22180006635000,573,272,301,22862.7
22180006636000,155,83,72,6680.5
22180006652000,345,178,167,13800
22180006653000,546,272,274,20693.4
22180006654000,350,200,150,13475
22180006655000,83,42,41,3436.2
22180006656000,8,4,4,338.4
22180006657000,15,7,8,670.5
22180006658000,120,60,60,4536
22180006659000,22,12,10,987.8
22180006660000,32,16,16,1641.6
22180006667000,7,2,5,291.9
22180006687000,12,7,5,397.2
22180006688000,88,47,41,3000.8
22180006689000,47,23,24,1997.5
22180006690000,1,1,0,0
22180006724000,6,2,4,256.8
22180006734000,45,25,20,2016
22180006735000,16,9,7,844.8
22180006754000,1,1,0,0
22180006755000,3,2,1,0
22180006813000,7,3,4,317.1
22180006814000,4,3,1,0
22180006836000,2,1,1,0
22180006837000,84,42,42,3595.2
22180006838000,30,18,12,1404
22180006839000,8,5,3,330.4
22180006847000,17,9,8,622.2
22180006848000,584,278,306,24995.2
22180006849000,31,16,15,1453.9
22180006850000,18,8,10,817.2
22180006851000,6,3,3,250.8
22180006910000,9,4,5,288.9
22180006938000,5,3,2,161
22180006951000,9,6,3,357.3
22180006952000,3,2,1,0
22180006953000,5,2,3,240
22180006954000,36,17,19,1573.2
22180006955000,7,4,3,207.2
22180006957000,4,1,3,0
22180006999000,17,10,7,724.2
22180007008000,14,7,7,716.8
22180007009000,5,3,2,271
22180007012000,12,7,5,531.6
22180007014000,13,4,9,440.7
22180007015000,6,4,2,244.8
22180007023000,5,2,3,186
22180007038000,4,2,2,0
22180007049000,2,2,0,0
22180007056000,6,4,2,286.2
22180007057000,2,1,1,0
22180007061000,4,2,2,0
22180007062000,11,7,4,566.5
22190006553000,8,4,4,400
22190006554000,65,34,31,3139.5
22190006555000,137,74,63,5219.7
22190006556000,87,46,41,3105.9
22190006557000,14,8,6,599.2
22190006558000,10,7,3,321
22190006559000,27,15,12,658.8
22190006560000,588,295,293,21344.4
22190006561000,54,33,21,2316.6
22190006564000,15,9,6,624
22190006565000,20,11,9,558
22190006567000,7,3,4,209.3
22190006568000,17,8,9,729.3
22190006569000,17,10,7,601.8
22190006570000,9,6,3,323.1
22190006571000,11,5,6,529.1
22190006572000,33,17,16,1188
22190006573000,66,39,27,2541
22190006574000,67,35,32,2807.3
22190006576000,3,1,2,0
22190006580000,10,6,4,370
22190006581000,18,7,11,586.8
22190006582000,53,25,28,2003.4
22190006583000,40,23,17,1544
22190006584000,13,6,7,617.5
22190006585000,12,8,4,525.6
22190006586000,7,5,2,403.9
22190006587000,5,2,3,255
22190006614000,3,2,1,0
22190006616000,29,15,14,1073
22190006617000,98,53,45,3920
22190006618000,11,6,5,314.6
22190006632000,33,18,15,1148.4
22190006633000,1550,779,771,58900
22190006634000,1365,621,744,63199.5
22190006635000,2051,1018,1033,78553.3
22190006636000,1032,527,505,35500.8
22190006651000,3,0,3,0
22190006652000,22,13,9,952.6
22190006653000,133,72,61,5266.8
22190006654000,506,259,247,20796.6
22190006655000,459,229,230,19553.4
22190006656000,59,32,27,2442.6
22190006657000,375,191,184,13012.5
22190006658000,74,42,32,2937.8
22190006659000,20,10,10,848
22190006660000,28,14,14,1134
22190006661000,23,13,10,1018.9
22190006662000,27,14,13,1034.1
22190006665000,1,1,0,0
22190006666000,4,3,1,0
22190006667000,5,3,2,205
22190006668000,6,4,2,309
22190006687000,11,4,7,561
22190006688000,195,97,98,9457.5
22190006689000,236,122,114,11115.6
22190006690000,83,35,48,4199.8
22190006733000,9,6,3,359.1
22190006734000,115,59,56,5439.5
22190006755000,4,2,2,0
22190006777000,2,1,1,0
22190006810000,3,1,2,0
22190006812000,11,7,4,657.8
22190006813000,20,11,9,912
22190006814000,3,2,1,0
22190006837000,31,16,15,1450.8
22190006838000,31,19,12,1047.8
22190006839000,144,75,69,5486.4
22190006840000,28,17,11,946.4
22190006841000,115,54,61,4542.5
22190006842000,11,7,4,591.8
22190006843000,19,10,9,828.4
22190006844000,21,11,10,785.4
22190006845000,5,3,2,189
22190006848000,157,84,73,6798.1
22190006849000,14,7,7,443.8
22190006850000,7,4,3,205.1
22190006853000,14,7,7,686
22190006864000,6,2,4,181.2
22190006939000,6,2,4,211.8
22190006951000,12,6,6,418.8
22190006954000,45,27,18,2146.5
22190006998000,7,4,3,277.9
22190006999000,2,1,1,0
22190007008000,10,4,6,382
22190007013000,8,5,3,351.2
22190007015000,8,4,4,296.8
22190007016000,3,2,1,0
22190007038000,24,10,14,1046.4
22190007058000,2,1,1,0
22190007069000,34,17,17,1305.6
22190007070000,5,2,3,157
22190007071000,8,3,5,306.4
22200006551000,5,2,3,104
22200006552000,4,2,2,0
22200006553000,2,1,1,0
22200006554000,104,51,53,5376.8
22200006555000,110,59,51,4862
22200006556000,912,411,501,36024
22200006557000,22,10,12,770
22200006558000,7,3,4,413.7
22200006559000,42,21,21,1650.6
22200006560000,37,18,19,1217.3
22200006561000,41,19,22,1377.6
22200006562000,127,72,55,4724.4
22200006563000,38,17,21,1523.8
22200006565000,4,2,2,0
22200006566000,24,13,11,1075.2
22200006567000,31,20,11,1596.5
22200006568000,2,1,1,0
22200006569000,13,6,7,465.4
22200006570000,9,6,3,267.3
22200006572000,18,9,9,723.6
22200006573000,30,15,15,1050
22200006575000,27,14,13,799.2
22200006576000,3,1,2,0
22200006577000,6,3,3,175.8
22200006578000,15,10,5,541.5
22200006579000,8,5,3,354.4
22200006580000,13,8,5,474.5
22200006581000,59,22,37,2377.7
22200006582000,49,25,24,2087.4
22200006583000,88,41,47,3317.6
22200006584000,28,12,16,968.8
22200006585000,8,3,5,302.4
22200006586000,12,6,6,345.6
22200006587000,37,21,16,1472.6
22200006588000,30,13,17,1125
22200006589000,3,1,2,0
22200006603000,4,2,2,0
22200006605000,22,12,10,1192.4
22200006606000,17,9,8,695.3
22200006608000,6,3,3,250.8
22200006614000,15,6,9,504
22200006615000,68,39,29,2237.2
22200006616000,54,28,26,2295
22200006617000,65,35,30,2951
22200006631000,92,54,38,2898
22200006632000,1524,754,770,52273.2
22200006633000,1326,664,662,54498.6
22200006634000,1072,541,531,43094.4
22200006635000,1221,612,609,48595.8
22200006636000,17,8,9,605.2
22200006653000,9,6,3,451.8
22200006654000,78,39,39,3081
22200006655000,71,30,41,3337
22200006656000,99,51,48,4167.9
22200006657000,466,236,230,19805
22200006658000,990,441,549,48906
22200006659000,412,187,225,17015.6
22200006660000,38,21,17,1835.4
22200006661000,10,6,4,506
22200006662000,23,14,9,897
22200006664000,20,10,10,776
22200006665000,10,6,4,316
22200006666000,4,3,1,0
22200006667000,2,1,1,0
22200006668000,4,3,1,0
22200006685000,2,1,1,0
22200006686000,8,4,4,308.8
22200006687000,129,61,68,5121.3
22200006688000,8,4,4,403.2
22200006689000,2,1,1,0
22200006690000,9,4,5,326.7
22200006691000,5,1,4,128
22200006723000,10,6,4,537
22200006724000,1,1,0,0
22200006732000,3,2,1,0
22200006733000,26,16,10,1047.8
22200006734000,2,1,1,0
22200006755000,4,2,2,0
22200006756000,19,10,9,790.4
22200006757000,16,7,9,675.2
22200006758000,2,1,1,0
22200006760000,2,1,1,0
22200006776000,2,1,1,0
22200006777000,3,3,0,0
22200006778000,1,1,0,0
22200006810000,5,3,2,198
22200006811000,29,15,14,1371.7
22200006812000,38,20,18,1436.4
22200006813000,3,1,2,0
22200006837000,19,11,8,974.7
22200006838000,71,38,33,2769
22200006839000,18,7,11,829.8
22200006840000,208,97,111,9235.2
22200006841000,594,278,316,30294
22200006842000,23,13,10,913.1
22200006843000,17,8,9,600.1
22200006844000,26,13,13,1378
22200006845000,21,12,9,1115.1
22200006846000,14,7,7,467.6
22200006847000,5,2,3,173
22200006848000,48,27,21,2016
22200006852000,4,1,3,0
22200006919000,3,1,2,0
22200006937000,7,4,3,217.7
22200006939000,27,15,12,1336.5
22200006940000,30,12,18,1140
22200006941000,2,1,1,0
22200006950000,1,0,1,0
22200006951000,6,4,2,292.2
22200006952000,13,8,5,553.8
22200006953000,5,2,3,315
22200006954000,29,16,13,1035.3
22200006955000,38,22,16,1550.4
22200006956000,5,3,2,200
22200007008000,7,3,4,261.8
22200007013000,6,4,2,210
22200007016000,11,4,7,545.6
22200007023000,4,1,3,0
22200007036000,13,8,5,612.3
22200007038000,1,0,1,0
22200007039000,2,1,1,0
22200007047000,3,2,1,0
22210006552000,29,15,14,1345.6
22210006553000,35,14,21,1442
22210006554000,1,0,1,0
22210006555000,93,47,46,3627
22210006556000,337,182,155,13109.3
22210006557000,131,66,65,5606.8
22210006558000,38,21,17,1398.4
22210006559000,20,10,10,856
22210006560000,32,18,14,1235.2
22210006561000,31,16,15,1168.7
22210006562000,16,9,7,700.8
22210006563000,117,71,46,5393.7
22210006564000,18,9,9,745.2
22210006565000,5,3,2,180
22210006567000,6,3,3,417
22210006568000,19,8,11,790.4
22210006569000,31,19,12,1236.9
22210006572000,6,3,3,222
22210006573000,42,23,19,1591.8
22210006574000,4,2,2,0
22210006575000,27,16,11,1142.1
22210006576000,6,4,2,264
22210006577000,1,1,0,0
22210006580000,2,1,1,0
22210006583000,92,46,46,3293.6
22210006584000,12,7,5,627.6
22210006586000,3,2,1,0
22210006587000,11,4,7,312.4
22210006588000,36,21,15,1108.8
22210006589000,22,12,10,789.8
22210006590000,22,10,12,913
22210006599000,10,5,5,264
22210006600000,10,6,4,342
22210006601000,4,3,1,0
22210006602000,20,7,13,710
22210006603000,2,1,1,0
22210006604000,15,7,8,603
22210006605000,35,19,16,1288
22210006606000,76,43,33,2986.8
22210006607000,4,3,1,0
22210006608000,29,14,15,1122.3
22210006609000,362,169,193,14914.4
22210006610000,62,30,32,2839.6
22210006611000,69,32,37,2394.3
22210006612000,26,13,13,1107.6
22210006613000,61,31,30,2397.3
22210006614000,33,18,15,1521.3
22210006615000,35,18,17,1312.5
22210006616000,1,1,0,0
22210006617000,5,2,3,243
22210006630000,8,4,4,372.8
22210006631000,33,17,16,1656.6
22210006632000,62,33,29,2132.8
22210006633000,129,71,58,4966.5
22210006634000,1483,738,745,56057.4
22210006635000,1692,818,874,58035.6
22210006656000,20,9,11,704
22210006657000,155,71,84,6820
22210006658000,143,67,76,5891.6
22210006659000,547,269,278,21934.7
22210006660000,77,42,35,2525.6
22210006661000,16,9,7,700.8
22210006662000,48,23,25,2184
22210006663000,44,18,26,1729.2
22210006664000,57,26,31,2143.2
22210006665000,60,25,35,2376
22210006666000,24,12,12,732
22210006667000,21,11,10,1001.7
22210006684000,9,4,5,314.1
22210006685000,34,18,16,1455.2
22210006686000,15,9,6,594
22210006687000,36,19,17,1724.4
22210006688000,19,6,13,826.5
22210006689000,10,5,5,470
22210006690000,4,1,3,0
22210006731000,28,17,11,1562.4
22210006732000,13,7,6,704.6
22210006733000,10,4,6,383
22210006734000,4,3,1,0
22210006755000,10,3,7,364
22210006756000,32,14,18,1446.4
22210006757000,10,3,7,475
22210006770000,1,1,0,0
22210006775000,1,0,1,0
22210006777000,12,4,8,439.2
22210006810000,8,7,1,484
22210006811000,14,8,6,652.4
22210006812000,9,7,2,356.4
22210006827000,4,2,2,0
22210006831000,2,0,2,0
22210006832000,2,2,0,0
22210006833000,2,1,1,0
22210006837000,8,5,3,291.2
22210006838000,74,35,39,3100.6
22210006839000,39,17,22,2160.6
22210006840000,734,363,371,32149.2
22210006841000,200,100,100,8680
22210006842000,16,9,7,553.6
22210006844000,4,3,1,0
22210006845000,11,4,7,491.7
22210006846000,26,13,13,1118
22210006847000,33,19,14,1359.6
22210006848000,30,14,16,1443
22210006854000,2,1,1,0
22210006855000,2,1,1,0
22210006856000,2,1,1,0
22210006857000,5,4,1,270
22210006858000,4,3,1,0
22210006907000,4,1,3,0
22210006934000,2,1,1,0
22210006940000,11,8,3,519.2
22210006941000,12,6,6,505.2
22210006942000,8,5,3,364.8
22210006944000,10,5,5,297
22210006945000,3,2,1,0
22210006952000,17,7,10,474.3
22210006954000,71,35,36,2534.7
22210006955000,47,24,23,2185.5
22210006956000,12,7,5,481.2
22210006957000,6,3,3,88.2
22210006967000,3,2,1,0
22210007008000,1,1,0,0
22210007009000,2,1,1,0
22210007017000,6,2,4,238.2
22210007018000,3,3,0,0
22210007023000,1,1,0,0
22210007035000,10,5,5,434
22210007036000,21,15,6,722.4
22210007049000,12,6,6,490.8
22210007052000,2,1,1,0
22210007053000,5,4,1,211
22210007059000,5,3,2,230
22210007070000,8,5,3,402.4
22210007071000,4,2,2,0
22220006553000,17,7,10,783.7
22220006555000,2,2,0,0
22220006556000,45,25,20,1557
22220006557000,287,151,136,10819.9
22220006558000,17,12,5,935
22220006559000,32,16,16,1152
22220006560000,1,1,0,0
22220006561000,15,7,8,600
22220006562000,15,11,4,760.5
22220006563000,20,10,10,740
22220006564000,94,54,40,3149
22220006565000,37,16,21,1531.8
22220006566000,5,4,1,177
22220006567000,5,4,1,304
22220006571000,5,3,2,319
22220006572000,27,15,12,1225.8
22220006573000,512,251,261,19046.4
22220006574000,432,219,213,15379.2
22220006575000,115,59,56,4462
22220006576000,18,10,8,541.8
22220006579000,5,4,1,232
22220006581000,4,2,2,0
22220006582000,35,16,19,920.5
22220006583000,29,15,14,1354.3
22220006584000,2,1,1,0
22220006586000,7,5,2,291.9
22220006589000,5,3,2,251
22220006590000,324,176,148,12538.8
22220006591000,26,13,13,832
22220006592000,11,6,5,490.6
22220006593000,43,20,23,1870.5
22220006594000,9,4,5,519.3
22220006595000,5,3,2,178
22220006596000,4,3,1,0
22220006597000,13,4,9,492.7
22220006598000,9,6,3,387.9
22220006599000,22,14,8,787.6
22220006600000,6,5,1,187.2
22220006601000,12,7,5,492
22220006602000,59,29,30,2165.3
22220006603000,34,19,15,1159.4
22220006604000,42,21,21,1680
22220006605000,11,6,5,589.6
22220006606000,18,10,8,696.6
22220006607000,23,12,11,871.7
22220006608000,30,13,17,1422
22220006609000,408,191,217,18604.8
22220006610000,231,115,116,9124.5
22220006611000,32,15,17,1174.4
22220006612000,13,7,6,704.6
22220006613000,11,6,5,551.1
22220006614000,25,10,15,917.5
22220006615000,14,10,4,551.6
22220006616000,1,0,1,0
22220006630000,11,7,4,369.6
22220006631000,7,4,3,268.1
22220006633000,2,2,0,0
22220006634000,510,264,246,20196
22220006635000,1653,814,839,66781.2
22220006657000,5,2,3,165
22220006658000,18,8,10,808.2
22220006659000,18,8,10,937.8
22220006660000,26,11,15,1320.8
22220006661000,8,4,4,367.2
22220006662000,41,24,17,1529.3
22220006663000,62,30,32,2715.6
22220006664000,25,13,12,1010
22220006665000,30,15,15,1245
22220006666000,20,12,8,748
22220006667000,30,15,15,1497
22220006668000,12,5,7,303.6
22220006669000,2,2,0,0
22220006684000,20,10,10,580
22220006685000,19,8,11,549.1
22220006687000,4,2,2,0
22220006723000,7,1,6,305.9
22220006724000,8,5,3,408.8
22220006730000,4,2,2,0
22220006755000,13,8,5,526.5
22220006756000,30,18,12,1116
22220006757000,6,5,1,259.2
22220006774000,6,3,3,291
22220006775000,8,4,4,419.2
22220006776000,10,6,4,570
22220006777000,8,3,5,368
22220006808000,5,4,1,313
22220006809000,10,5,5,361
22220006812000,5,2,3,225
22220006829000,13,6,7,613.6
22220006830000,6,5,1,295.2
22220006831000,15,9,6,685.5
22220006836000,17,9,8,748
22220006837000,49,26,23,1955.1
22220006838000,28,16,12,1282.4
22220006839000,183,86,97,8106.9
22220006840000,473,244,229,17217.2
22220006841000,15,9,6,703.5
22220006846000,1,1,0,0
22220006908000,1,0,1,0
22220006933000,9,4,5,340.2
22220006942000,11,7,4,304.7
22220006943000,19,10,9,887.3
22220006944000,29,12,17,1296.3
22220006945000,16,8,8,670.4
22220006946000,8,5,3,255.2
22220006947000,6,2,4,169.8
22220006948000,2,1,1,0
22220006952000,21,10,11,768.6
22220006953000,14,8,6,554.4
22220006954000,194,93,101,6596
22220006955000,17,8,9,613.7
22220006971000,5,2,3,328
22220007008000,4,2,2,0
22220007016000,2,1,1,0
22220007017000,4,2,2,0
22220007018000,1,1,0,0
22220007048000,3,1,2,0
22220007049000,16,9,7,611.2
22220007053000,13,9,4,627.9
22220007056000,1,0,1,0
22220007063000,3,2,1,0
22220007064000,2,1,1,0
22220007070000,6,3,3,345
22220007071000,16,9,7,1011.2
22230006552000,38,21,17,1953.2
22230006553000,115,56,59,5508.5
22230006554000,45,25,20,2245.5
22230006555000,48,29,19,2140.8
22230006556000,64,29,35,3020.8
22230006557000,10,7,3,501
22230006558000,24,15,9,1003.2
22230006559000,19,9,10,843.6
22230006560000,26,16,10,1055.6
22230006561000,64,32,32,3014.4
22230006562000,58,33,25,2702.8
22230006563000,15,7,8,442.5
22230006564000,306,156,150,11597.4
22230006565000,350,183,167,13580
22230006566000,37,21,16,1491.1
22230006567000,41,19,22,1488.3
22230006568000,30,16,14,1404
22230006570000,14,6,8,575.4
22230006571000,5,3,2,314
22230006572000,31,15,16,1047.8
22230006573000,19,11,8,773.3
22230006574000,49,25,24,1460.2
22230006575000,13,8,5,387.4
22230006576000,30,16,14,1032
22230006579000,14,6,8,523.6
22230006580000,45,23,22,1854
22230006581000,4,3,1,0
22230006582000,9,4,5,422.1
22230006583000,65,33,32,2853.5
22230006584000,14,7,7,467.6
22230006585000,2,1,1,0
22230006587000,7,3,4,300.3
22230006589000,28,11,17,856.8
22230006590000,126,61,65,4876.2
22230006591000,76,40,36,3222.4
22230006592000,16,10,6,590.4
22230006593000,13,9,4,551.2
22230006594000,30,18,12,1095
22230006595000,20,9,11,916
22230006596000,24,11,13,1106.4
22230006597000,113,63,50,4192.3
22230006598000,6,4,2,265.2
22230006599000,10,6,4,672
22230006601000,9,3,6,307.8
22230006606000,11,5,6,266.2
22230006607000,61,33,28,2470.5
22230006608000,40,20,20,1820
22230006609000,23,13,10,742.9
22230006610000,22,13,9,664.4
22230006611000,11,4,7,474.1
22230006612000,40,23,17,1292
22230006613000,11,4,7,552.2
22230006614000,6,4,2,241.2
22230006615000,2,2,0,0
22230006630000,28,17,11,772.8
22230006631000,37,19,18,1539.2
22230006633000,49,26,23,1930.6
22230006634000,127,66,61,4838.7
22230006635000,1685,817,868,66894.5
22230006636000,210,96,114,6573
22230006660000,42,19,23,1654.8
22230006661000,16,9,7,664
22230006663000,6,5,1,256.8
22230006664000,13,8,5,613.6
22230006665000,35,20,15,1372
22230006666000,46,27,19,1734.2
22230006667000,27,15,12,1177.2
22230006668000,15,7,8,879
22230006669000,21,11,10,743.4
22230006684000,11,6,5,444.4
22230006685000,9,7,2,359.1
22230006723000,3,1,2,0
22230006724000,15,9,6,412.5
22230006729000,1,0,1,0
22230006730000,8,5,3,524
22230006754000,20,12,8,674
22230006755000,10,6,4,343
22230006756000,46,26,20,1531.8
22230006757000,2,2,0,0
22230006776000,17,7,10,673.2
22230006788000,9,6,3,362.7
22230006809000,7,4,3,350
22230006829000,5,2,3,283
22230006831000,1,1,0,0
22230006835000,2,1,1,0
22230006836000,11,7,4,437.8
22230006837000,66,40,26,3207.6
22230006838000,1,0,1,0
22230006839000,158,80,78,6762.4
22230006840000,51,30,21,1866.6
22230006841000,10,3,7,317
22230006842000,6,3,3,132
22230006907000,1,1,0,0
22230006943000,8,6,2,244.8
22230006944000,29,12,17,1136.8
22230006945000,90,48,42,3222
22230006946000,1,0,1,0
22230006947000,22,12,10,972.4
22230006948000,44,20,24,1795.2
22230006949000,11,6,5,366.3
22230006951000,13,7,6,586.3
22230006952000,8,3,5,279.2
22230006953000,73,38,35,3146.3
22230006954000,8,4,4,251.2
22230006971000,25,14,11,1185
22230006972000,10,6,4,323
22230007049000,3,1,2,0
22230007057000,2,1,1,0
22230007070000,1,0,1,0
22230007071000,18,11,7,923.4
22230007072000,21,11,10,850.5
22230007073000,9,3,6,368.1
22240006553000,5,4,1,268
22240006554000,6,3,3,259.8
22240006555000,13,7,6,457.6
22240006556000,26,13,13,1326
22240006557000,112,58,54,4648
22240006558000,453,234,219,15492.6
22240006559000,7,4,3,247.1
22240006560000,2,1,1,0
22240006561000,31,18,13,1193.5
22240006562000,37,22,15,1561.4
22240006563000,384,203,181,15091.2
22240006564000,2351,1120,1231,89338
22240006565000,1300,624,676,50960
22240006566000,1090,546,544,41529
22240006567000,44,20,24,1518
22240006568000,66,32,34,2758.8
22240006569000,15,10,5,462
22240006570000,6,2,4,358.8
22240006571000,7,6,1,156.1
22240006572000,17,10,7,690.2
22240006575000,2,1,1,0
22240006576000,9,4,5,439.2
22240006577000,24,13,11,873.6
22240006578000,11,9,2,435.6
22240006579000,34,19,15,1445
22240006580000,16,10,6,617.6
22240006581000,6,3,3,280.2
22240006582000,22,13,9,756.8
22240006583000,93,45,48,3096.9
22240006584000,31,16,15,998.2
22240006585000,301,163,138,10384.5
22240006586000,15,8,7,571.5
22240006587000,8,2,6,152
22240006588000,43,26,17,1874.8
22240006589000,50,23,27,1640
22240006590000,13,7,6,453.7
22240006591000,11,5,6,486.2
22240006592000,8,5,3,266.4
22240006595000,15,8,7,519
22240006596000,17,7,10,698.7
22240006597000,4,2,2,0
22240006598000,18,10,8,743.4
22240006600000,4,2,2,0
22240006601000,3,1,2,0
22240006602000,1,1,0,0
22240006603000,8,4,4,248
22240006604000,2,1,1,0
22240006606000,98,50,48,4439.4
22240006607000,437,223,214,17785.9
22240006609000,11,6,5,555.5
22240006610000,15,9,6,586.5
22240006611000,18,10,8,723.6
22240006612000,4,1,3,0
22240006613000,7,4,3,139.3
22240006630000,2,1,1,0
22240006631000,98,54,44,4214
22240006633000,144,83,61,6091.2
22240006634000,101,62,39,3676.4
22240006635000,770,398,372,28490
22240006661000,47,28,19,2025.7
22240006662000,25,12,13,992.5
22240006665000,9,4,5,336.6
22240006666000,191,92,99,7429.9
22240006667000,212,104,108,10176
22240006668000,12,7,5,435.6
22240006669000,16,9,7,665.6
22240006673000,1,1,0,0
22240006684000,10,4,6,429
22240006685000,36,20,16,1162.8
22240006722000,1,0,1,0
22240006723000,2,2,0,0
22240006724000,15,8,7,663
22240006725000,1,1,0,0
22240006726000,5,2,3,224
22240006728000,2,1,1,0
22240006729000,10,5,5,445
22240006730000,2,1,1,0
22240006752000,3,2,1,0
22240006753000,4,3,1,0
22240006754000,26,16,10,699.4
22240006755000,17,12,5,737.8
22240006756000,14,8,6,378
22240006757000,5,2,3,197
22240006758000,1,1,0,0
22240006775000,22,12,10,1427.8
22240006776000,1,1,0,0
22240006788000,2,2,0,0
22240006809000,19,9,10,1128.6
22240006810000,7,2,5,202.3
22240006835000,17,11,6,615.4
22240006836000,36,21,15,1569.6
22240006837000,104,54,50,3931.2
22240006839000,24,12,12,948
22240006840000,46,19,27,1955
22240006841000,35,23,12,959
22240006842000,1,1,0,0
22240006905000,3,2,1,0
22240006907000,3,1,2,0
22240006944000,15,9,6,417
22240006945000,23,9,14,722.2
22240006946000,7,3,4,410.9
22240006947000,10,4,6,422
22240006948000,24,12,12,1120.8
22240006949000,18,10,8,552.6
22240006950000,22,9,13,897.6
22240006951000,14,7,7,289.8
22240006952000,1,0,1,0
22240006953000,40,19,21,1528
22240006971000,13,7,6,570.7
22240006972000,29,19,10,1293.4
22240007008000,3,2,1,0
22240007014000,4,2,2,0
22240007015000,10,5,5,510
22240007016000,4,2,2,0
22240007041000,7,5,2,228.2
22240007070000,5,3,2,295
22240007071000,7,3,4,371
22240007072000,23,11,12,821.1
22240007073000,6,4,2,214.2
22250006554000,56,30,26,2570.4
22250006555000,43,27,16,1767.3
22250006556000,85,49,36,3774
22250006557000,31,16,15,1422.9
22250006558000,161,82,79,6472.2
22250006559000,723,350,373,29353.8
22250006560000,632,309,323,24079.2
22250006561000,222,116,106,8680.2
22250006562000,505,236,269,19998
22250006563000,779,387,392,28199.8
22250006564000,1347,638,709,56439.3
22250006565000,2385,1153,1232,99454.5
22250006566000,1106,559,547,39926.6
22250006567000,124,72,52,4302.8
22250006568000,133,73,60,5000.8
22250006569000,6,4,2,246
22250006571000,4,2,2,0
22250006572000,20,10,10,690
22250006573000,6,3,3,289.2
22250006574000,22,11,11,862.4
22250006575000,50,27,23,1985
22250006576000,1,1,0,0
22250006577000,45,20,25,1944
22250006578000,29,20,9,1183.2
22250006580000,3,2,1,0
22250006581000,15,10,5,555
22250006582000,13,6,7,447.2
22250006583000,499,242,257,21906.1
22250006584000,589,273,316,26799.5
22250006585000,47,25,22,1724.9
22250006586000,26,12,14,1081.6
22250006587000,8,4,4,263.2
22250006589000,21,10,11,919.8
22250006590000,3,2,1,0
22250006591000,37,21,16,1472.6
22250006592000,37,23,14,1650.2
22250006601000,2,1,1,0
22250006602000,5,2,3,211
22250006603000,6,2,4,198
22250006604000,10,5,5,342
22250006606000,20,12,8,902
22250006607000,16,9,7,676.8
22250006612000,36,19,17,1260
22250006616000,3,2,1,0
22250006617000,2,2,0,0
22250006626000,26,15,11,897
22250006627000,4,2,2,0
22250006629000,19,12,7,642.2
22250006630000,42,21,21,1730.4
22250006631000,120,61,59,4740
22250006633000,254,129,125,9804.4
22250006634000,1314,635,679,56502
22250006635000,569,278,291,22703.1
22250006662000,22,10,12,1115.4
22250006666000,14,5,9,585.2
22250006667000,43,24,19,1646.9
22250006668000,37,18,19,1313.5
22250006670000,6,4,2,169.2
22250006672000,23,10,13,975.2
22250006673000,33,18,15,1524.6
22250006674000,7,4,3,256.9
22250006684000,16,8,8,556.8
22250006685000,80,36,44,3120
22250006686000,9,6,3,552.6
22250006687000,1,1,0,0
22250006715000,8,5,3,330.4
22250006723000,7,6,1,242.2
22250006724000,162,73,89,8537.4
22250006725000,57,29,28,3123.6
22250006726000,31,19,12,1450.8
22250006727000,5,4,1,283
22250006728000,11,5,6,541.2
22250006729000,6,4,2,427.8
22250006752000,1,1,0,0
22250006754000,31,16,15,1227.6
22250006755000,17,11,6,574.6
22250006756000,8,3,5,426.4
22250006771000,1,1,0,0
22250006772000,3,2,1,0
22250006774000,11,7,4,531.3
22250006775000,20,12,8,536
22250006808000,8,5,3,362.4
22250006809000,20,11,9,918
22250006810000,4,2,2,0
22250006836000,57,28,29,2262.9
22250006837000,27,14,13,1023.3
22250006838000,13,7,6,595.4
22250006839000,10,6,4,417
22250006840000,3,1,2,0
22250006841000,4,2,2,0
22250006905000,2,1,1,0
22250006906000,4,2,2,0
22250006947000,10,5,5,334
22250006948000,17,11,6,666.4
22250006949000,34,21,13,1343
22250006950000,18,9,9,885.6
22250006951000,54,32,22,2181.6
22250006952000,83,42,41,3552.4
22250006953000,49,26,23,2067.8
22250006972000,1,1,0,0
22250006973000,22,12,10,1047.2
22250007007000,1,1,0,0
22250007008000,7,3,4,315
22250007015000,9,5,4,425.7
22250007017000,13,6,7,548.6
22250007041000,125,64,61,6112.5
22250007042000,16,8,8,628.8
22250007048000,5,3,2,213
22250007049000,1,0,1,0
22250007051000,4,3,1,0
22250007055000,1,1,0,0
22250007059000,8,3,5,391.2
22250007070000,4,2,2,0
22250007086000,5,3,2,303
22250007087000,5,3,2,138
22250007089000,4,3,1,0
22260006554000,123,62,61,5116.8
22260006555000,25,13,12,1277.5
22260006556000,3,3,0,0
22260006557000,3,1,2,0
22260006558000,4,2,2,0
22260006559000,78,39,39,3744
22260006560000,913,458,455,35333.1
22260006561000,937,480,457,36917.8
22260006562000,1128,530,598,58092
22260006563000,820,397,423,32472
22260006564000,3970,1860,2110,198897
22260006565000,1473,720,753,61866
22260006566000,2173,1058,1115,81922.1
22260006567000,569,288,281,20427.1
22260006568000,533,263,270,19667.7
22260006569000,377,202,175,12441
22260006570000,99,57,42,3554.1
22260006571000,10,5,5,262
22260006572000,4,2,2,0
22260006574000,27,15,12,1031.4
22260006575000,38,17,21,1387
22260006576000,4,2,2,0
22260006578000,15,6,9,592.5
22260006579000,15,7,8,565.5
22260006580000,14,7,7,487.2
22260006581000,18,13,5,1029.6
22260006582000,30,19,11,960
22260006583000,496,251,245,17459.2
22260006584000,80,44,36,2872
22260006585000,11,5,6,467.5
22260006589000,8,3,5,240
22260006590000,31,16,15,1019.9
22260006591000,18,14,4,592.2
22260006592000,59,26,33,1781.8
22260006598000,6,3,3,304.2
22260006599000,15,8,7,619.5
22260006600000,1,1,0,0
22260006601000,2,1,1,0
22260006602000,10,4,6,647
22260006603000,11,5,6,513.7
22260006604000,21,15,6,714
22260006605000,15,8,7,601.5
22260006606000,56,30,26,2581.6
22260006607000,7,6,1,298.9
22260006608000,12,5,7,302.4
22260006609000,16,8,8,774.4
22260006610000,27,18,9,1023.3
22260006611000,7,3,4,282.8
22260006612000,17,9,8,596.7
22260006616000,20,11,9,924
22260006617000,15,10,5,733.5
22260006626000,39,21,18,1563.9
22260006627000,45,25,20,1683
22260006629000,421,204,217,14819.2
22260006630000,1438,724,714,52343.2
22260006631000,1473,713,760,49345.5
22260006632000,53,28,25,1886.8
22260006633000,1521,701,820,72855.9
22260006634000,3175,1470,1705,136842.5
22260006635000,239,118,121,13264.5
22260006641000,9,2,7,294.3
22260006662000,10,6,4,535
22260006663000,8,5,3,347.2
22260006667000,1,0,1,0
22260006668000,10,7,3,418
22260006669000,32,15,17,1270.4
22260006670000,125,64,61,4912.5
22260006671000,173,84,89,6504.8
22260006672000,102,52,50,3794.4
22260006673000,58,29,29,2175
22260006674000,6,3,3,205.2
22260006684000,26,13,13,936
22260006685000,42,22,20,1818.6
22260006711000,2,2,0,0
22260006712000,10,6,4,503
22260006713000,9,4,5,390.6
22260006714000,6,4,2,319.2
22260006723000,7,3,4,336
22260006724000,7,1,6,338.1
22260006725000,10,6,4,361
22260006726000,8,5,3,348
22260006727000,3,1,2,0
22260006754000,41,19,22,1922.9
22260006755000,33,17,16,1217.7
22260006756000,1,1,0,0
22260006757000,1,0,1,0
22260006758000,2,1,1,0
22260006767000,10,4,6,525
22260006772000,9,3,6,311.4
22260006773000,15,6,9,903
22260006774000,15,8,7,586.5
22260006775000,3,2,1,0
22260006807000,3,2,1,0
22260006808000,34,23,11,1819
22260006824000,1,0,1,0
22260006835000,4,3,1,0
22260006836000,60,28,32,2346
22260006837000,46,23,23,1936.6
22260006838000,10,4,6,363
22260006906000,3,2,1,0
22260006949000,29,18,11,1122.3
22260006950000,571,292,279,20384.7
22260006951000,1040,517,523,45448
22260006952000,277,138,139,10609.1
22260006953000,10,4,6,246
22260006973000,22,11,11,827.2
22260007007000,6,3,3,259.8
22260007008000,18,9,9,714.6
22260007015000,11,6,5,491.7
22260007016000,2,1,1,0
22260007019000,4,2,2,0
22260007020000,9,4,5,450
22260007021000,2,1,1,0
22260007023000,3,2,1,0
22260007041000,21,14,7,1014.3
22260007042000,1,0,1,0
22260007043000,2,1,1,0
22260007049000,1,1,0,0
22260007051000,1,0,1,0
22260007060000,5,3,2,206
22260007087000,2,1,1,0
22270006560000,223,111,112,9678.2
22270006561000,475,239,236,19237.5
22270006562000,1592,780,812,64635.2
22270006563000,1456,715,741,65956.8
22270006564000,1825,935,890,78292.5
22270006565000,1228,603,625,49120
22270006566000,813,413,400,33251.7
22270006567000,14,7,7,624.4
22270006568000,21,11,10,617.4
22270006569000,25,13,12,1075
22270006570000,94,54,40,3449.8
22270006571000,255,130,125,8772
22270006572000,68,33,35,2679.2
22270006573000,13,9,4,669.5
22270006575000,35,20,15,1669.5
22270006576000,27,11,16,1015.2
22270006577000,47,24,23,2115
22270006578000,24,13,11,1048.8
22270006579000,81,45,36,2851.2
22270006580000,13,7,6,439.4
22270006581000,68,37,31,2434.4
22270006582000,58,30,28,2157.6
22270006583000,166,83,83,5527.8
22270006584000,2,1,1,0
22270006588000,4,3,1,0
22270006589000,5,3,2,171
22270006590000,4,2,2,0
22270006591000,12,6,6,558
22270006592000,20,8,12,848
22270006593000,62,35,27,2424.2
22270006594000,11,6,5,364.1
22270006595000,10,4,6,220
22270006596000,5,2,3,92
22270006597000,35,18,17,1214.5
22270006598000,109,57,52,3706
22270006599000,15,7,8,840
22270006600000,32,18,14,1206.4
22270006601000,19,9,10,756.2
22270006602000,62,31,31,2337.4
22270006603000,21,12,9,747.6
22270006604000,27,13,14,1131.3
22270006605000,48,27,21,1948.8
22270006606000,147,71,76,5394.9
22270006607000,20,11,9,900
22270006608000,14,9,5,532
22270006609000,2,1,1,0
22270006610000,2,1,1,0
22270006611000,4,1,3,0
22270006614000,5,3,2,298
22270006615000,26,13,13,1094.6
22270006616000,13,7,6,525.2
22270006617000,13,5,8,461.5
22270006618000,6,4,2,225
22270006625000,3,1,2,0
22270006626000,4,2,2,0
22270006627000,173,85,88,6176.1
22270006628000,1626,806,820,56910
22270006629000,1218,561,657,56515.2
22270006630000,2128,1058,1070,80864
22270006631000,1195,606,589,44454
22270006632000,1049,495,554,37449.3
22270006633000,1544,768,776,56510.4
22270006634000,3528,1646,1882,150998.4
22270006635000,43,21,22,2696.1
22270006662000,3,1,2,0
22270006663000,27,13,14,1371.6
22270006669000,32,18,14,1574.4
22270006670000,320,169,151,11264
22270006671000,229,119,110,9869.9
22270006672000,25,12,13,967.5
22270006673000,13,8,5,600.6
22270006674000,7,4,3,431.2
22270006684000,28,16,12,1369.2
22270006685000,13,6,7,490.1
22270006701000,4,2,2,0
22270006703000,8,3,5,167.2
22270006704000,6,3,3,234
22270006705000,3,2,1,0
22270006707000,7,3,4,256.9
22270006708000,48,27,21,1704
22270006710000,5,3,2,301
22270006711000,20,13,7,1038
22270006712000,11,6,5,434.5
22270006755000,20,10,10,912
22270006756000,29,12,17,948.3
22270006757000,8,2,6,268
22270006758000,1,1,0,0
22270006767000,42,25,17,1768.2
22270006772000,3,1,2,0
22270006773000,20,7,13,896
22270006774000,3,2,1,0
22270006806000,3,1,2,0
22270006835000,29,16,13,1241.2
22270006836000,44,22,22,1865.6
22270006837000,228,119,109,9370.8
22270006838000,87,47,40,3619.2
22270006905000,3,1,2,0
22270006906000,16,9,7,832
22270006907000,5,4,1,250
22270006908000,1,1,0,0
22270006950000,11,7,4,359.7
22270006951000,842,407,435,37216.4
22270006952000,688,320,368,33505.6
22270006973000,2,1,1,0
22270006974000,8,4,4,347.2
22270007004000,15,9,6,574.5
22270007005000,31,11,20,1413.6
22270007006000,33,16,17,1389.3
22270007007000,312,162,150,13572
22270007008000,24,15,9,1171.2
22270007009000,27,14,13,675
22270007010000,8,4,4,280
22270007015000,3,2,1,0
22270007016000,5,3,2,155
22270007017000,9,4,5,325.8
22270007018000,34,21,13,1047.2
22270007019000,17,9,8,790.5
22270007021000,10,6,4,428
22270007022000,4,1,3,0
22270007026000,2,1,1,0
22270007027000,12,7,5,531.6
22270007041000,5,3,2,127
22270007042000,3,2,1,0
22270007043000,21,11,10,810.6
22270007059000,3,2,1,0
22270007062000,7,4,3,429.1
22280006556000,9,4,5,469.8
22280006557000,70,32,38,3318
22280006558000,35,16,19,1760.5
22280006559000,134,72,62,5949.6
22280006560000,591,304,287,22694.4
22280006561000,163,75,88,7025.3
22280006562000,918,432,486,35802
22280006563000,1399,708,691,54561
22280006564000,1337,661,676,52677.8
22280006565000,515,251,264,18694.5
22280006566000,532,271,261,19311.6
22280006567000,39,22,17,1353.3
22280006569000,47,23,24,1823.6
22280006570000,33,22,11,1184.7
22280006572000,80,46,34,3112
22280006573000,45,27,18,1710
22280006574000,11,7,4,411.4
22280006576000,6,3,3,148.2
22280006577000,3,2,1,0
22280006578000,5,2,3,177
22280006579000,44,28,16,1878.8
22280006580000,13,6,7,494
22280006581000,9,5,4,261.9
22280006582000,27,13,14,1088.1
22280006583000,10,6,4,419
22280006585000,15,8,7,288
22280006587000,2,1,1,0
22280006588000,37,17,20,1365.3
22280006589000,14,5,9,460.6
22280006590000,8,6,2,359.2
22280006592000,29,17,12,991.8
22280006593000,17,6,11,749.7
22280006594000,8,4,4,250.4
22280006595000,131,69,62,5122.1
22280006596000,96,46,50,2976
22280006597000,21,10,11,726.6
22280006598000,28,15,13,823.2
22280006599000,22,12,10,1060.4
22280006600000,29,14,15,878.7
22280006601000,31,19,12,1069.5
22280006602000,6,4,2,261
22280006604000,4,2,2,0
22280006605000,73,38,35,2452.8
22280006606000,151,80,71,4711.2
22280006607000,1,1,0,0
22280006613000,80,43,37,3072
22280006614000,22,14,8,968
22280006615000,140,72,68,5152
22280006616000,37,19,18,1431.9
22280006617000,11,5,6,583
22280006618000,6,3,3,279
22280006625000,4,1,3,0
22280006626000,18,10,8,687.6
22280006627000,32,17,15,1219.2
22280006628000,67,39,28,2184.2
22280006629000,422,207,215,15782.8
22280006630000,170,79,91,6443
22280006631000,279,150,129,9569.7
22280006632000,1382,724,658,48370
22280006633000,2590,1290,1300,97902
22280006634000,1057,550,507,40377.4
22280006635000,1,1,0,0
22280006643000,9,6,3,375.3
22280006662000,4,3,1,0
22280006663000,31,17,14,1463.2
22280006670000,13,7,6,621.4
22280006671000,186,92,94,7793.4
22280006672000,196,103,93,7820.4
22280006683000,18,9,9,700.2
22280006684000,119,66,53,4391.1
22280006685000,19,11,8,760
22280006698000,2,1,1,0
22280006700000,9,4,5,385.2
22280006701000,7,4,3,287.7
22280006704000,22,15,7,1009.8
22280006705000,20,9,11,954
22280006706000,4,2,2,0
22280006708000,10,6,4,524
22280006709000,7,3,4,272.3
22280006710000,6,3,3,223.2
22280006712000,1,1,0,0
22280006713000,4,1,3,0
22280006714000,7,3,4,195.3
22280006753000,3,2,1,0
22280006754000,5,4,1,315
22280006755000,43,27,16,2141.4
22280006756000,64,32,32,2694.4
22280006757000,33,19,14,1412.4
22280006758000,12,7,5,393.6
22280006765000,1,1,0,0
22280006766000,26,13,13,1040
22280006767000,36,19,17,1681.2
22280006768000,3,2,1,0
22280006772000,7,3,4,322
22280006773000,36,17,19,1476
22280006775000,9,2,7,315.9
22280006776000,1,1,0,0
22280006778000,2,1,1,0
22280006805000,5,4,1,178
22280006806000,6,3,3,379.8
22280006835000,50,25,25,1910
22280006836000,25,11,14,892.5
22280006837000,189,97,92,6161.4
22280006905000,2,1,1,0
22280006906000,9,7,2,396.9
22280006907000,6,3,3,243
22280006908000,8,5,3,422.4
22280006951000,272,134,138,9764.8
22280006952000,531,269,262,21080.7
22280006953000,13,6,7,435.5
22280007003000,22,12,10,893.2
22280007004000,10,7,3,490
22280007005000,41,18,23,1750.7
22280007006000,15,8,7,621
22280007007000,18,8,10,559.8
22280007009000,28,12,16,921.2
22280007010000,70,31,39,3045
22280007011000,19,9,10,834.1
22280007017000,11,6,5,508.2
22280007018000,28,15,13,994
22280007019000,15,8,7,556.5
22280007021000,8,6,2,292
22280007023000,11,7,4,407
22280007024000,6,3,3,349.2
22280007027000,8,5,3,370.4
22280007036000,4,2,2,0
22280007037000,12,7,5,507.6
22280007041000,5,1,4,117
22280007043000,16,11,5,676.8
22280007062000,2,1,1,0
22280007063000,2,1,1,0
22280007068000,102,49,53,4743
22290006557000,1,1,0,0
22290006558000,11,6,5,510.4
22290006559000,37,16,21,1861.1
22290006560000,9,3,6,311.4
22290006561000,2,1,1,0
22290006562000,24,11,13,883.2
22290006563000,1005,497,508,36280.5
22290006564000,965,475,490,36670
22290006565000,181,87,94,7421
22290006566000,34,17,17,1513
22290006567000,61,35,26,2818.2
22290006568000,103,55,48,4120
22290006569000,19,9,10,741
22290006572000,19,11,8,767.6
22290006573000,44,21,23,1548.8
22290006574000,74,44,30,2604.8
22290006575000,29,16,13,1267.3
22290006576000,1,0,1,0
22290006577000,3,2,1,0
22290006578000,28,13,15,1268.4
22290006579000,61,26,35,2098.4
22290006580000,485,265,220,16053.5
22290006581000,51,31,20,1739.1
22290006582000,91,48,43,3103.1
22290006583000,15,8,7,637.5
22290006584000,25,17,8,805
22290006585000,1,1,0,0
22290006587000,14,7,7,540.4
22290006588000,172,83,89,6295.2
22290006589000,107,56,51,4033.9
22290006590000,122,60,62,4233.4
22290006591000,50,25,25,2360
22290006592000,45,19,26,1800
22290006593000,11,5,6,425.7
22290006594000,24,13,11,892.8
22290006595000,31,15,16,1212.1
22290006596000,118,62,56,4885.2
22290006597000,15,9,6,645
22290006598000,25,14,11,827.5
22290006599000,30,13,17,927
22290006605000,33,17,16,1415.7
22290006606000,124,57,67,4724.4
22290006607000,3,2,1,0
22290006612000,5,4,1,223
22290006613000,26,18,8,720.2
22290006614000,450,210,240,23985
22290006615000,594,247,347,31660.2
22290006616000,423,226,197,13197.6
22290006617000,114,56,58,4047
22290006618000,104,53,51,3868.8
22290006619000,64,31,33,2144
22290006620000,3,3,0,0
22290006621000,18,10,8,716.4
22290006622000,82,42,40,3206.2
22290006623000,35,21,14,1379
22290006624000,5,4,1,161
22290006625000,18,8,10,527.4
22290006626000,39,24,15,1466.4
22290006627000,9,4,5,459
22290006631000,2038,1038,1000,71737.6
22290006632000,1832,923,909,65219.2
22290006633000,2738,1310,1428,123210
22290006634000,520,268,252,19916
22290006637000,4,2,2,0
22290006643000,4,2,2,0
22290006644000,3,2,1,0
22290006662000,13,5,8,608.4
22290006671000,8,3,5,347.2
22290006672000,6,3,3,217.2
22290006673000,15,8,7,802.5
22290006674000,7,5,2,336.7
22290006683000,36,18,18,1346.4
22290006684000,41,22,19,1935.2
22290006685000,16,8,8,742.4
22290006686000,3,2,1,0
22290006697000,8,3,5,440
22290006698000,5,3,2,238
22290006699000,13,7,6,595.4
22290006700000,12,8,4,616.8
22290006701000,108,60,48,4352.4
22290006702000,2,2,0,0
22290006703000,3,3,0,0
22290006704000,2,1,1,0
22290006706000,8,4,4,314.4
22290006707000,5,2,3,168
22290006708000,1,0,1,0
22290006710000,7,4,3,396.9
22290006711000,2,1,1,0
22290006714000,8,3,5,316
22290006715000,23,14,9,1028.1
22290006716000,15,7,8,870
22290006717000,7,3,4,457.8
22290006753000,9,4,5,336.6
22290006754000,32,17,15,1289.6
22290006755000,55,32,23,2024
22290006756000,41,18,23,1320.2
22290006757000,34,18,16,1502.8
22290006758000,9,2,7,348.3
22290006766000,59,35,24,2655
22290006767000,10,7,3,427
22290006768000,20,11,9,842
22290006769000,2,1,1,0
22290006773000,21,12,9,741.3
22290006774000,29,13,16,1423.9
22290006775000,1,1,0,0
22290006805000,6,4,2,358.8
22290006806000,1,1,0,0
22290006819000,4,2,2,0
22290006834000,13,7,6,374.4
22290006835000,12,7,5,482.4
22290006836000,13,9,4,608.4
22290006837000,57,28,29,2262.9
22290006838000,19,11,8,1026
22290006839000,4,2,2,0
22290006903000,4,2,2,0
22290006904000,18,10,8,871.2
22290006905000,21,13,8,1073.1
22290006906000,8,5,3,356.8
22290006952000,35,20,15,1221.5
22290006953000,44,20,24,2147.2
22290007003000,28,14,14,1369.2
22290007004000,6,5,1,187.8
22290007006000,7,5,2,398.3
22290007008000,3,1,2,0
22290007010000,2,1,1,0
22290007011000,15,10,5,640.5
22290007012000,7,3,4,265.3
22290007019000,27,16,11,764.1
22290007023000,1,1,0,0
22290007024000,3,1,2,0
22290007025000,7,5,2,217
22290007027000,6,3,3,205.8
22290007028000,27,16,11,869.4
22290007029000,6,3,3,316.2
22290007030000,4,2,2,0
22290007037000,6,4,2,304.8
22290007038000,6,3,3,192
22290007040000,7,3,4,345.1
22290007043000,2,1,1,0
22290007062000,2,1,1,0
22290007063000,6,2,4,319.8
22290007068000,67,32,35,2720.2
22290007069000,4,2,2,0
22300006557000,5,3,2,297
22300006558000,24,10,14,945.6
22300006559000,34,22,12,1332.8
22300006560000,34,19,15,1305.6
22300006561000,33,21,12,1293.6
22300006562000,20,7,13,868
22300006563000,131,64,67,5187.6
22300006564000,264,139,125,10876.8
22300006565000,402,206,196,16321.2
22300006566000,152,67,85,6323.2
22300006568000,10,6,4,503
22300006569000,20,12,8,890
22300006570000,18,9,9,673.2
22300006572000,45,24,21,2034
22300006573000,63,36,27,2520
22300006574000,722,377,345,29024.4
22300006575000,188,101,87,7050
22300006576000,31,17,14,1277.2
22300006577000,30,16,14,1065
22300006578000,15,8,7,664.5
22300006579000,12,7,5,469.2
22300006580000,37,20,17,1465.2
22300006581000,38,18,20,1637.8
22300006582000,19,10,9,853.1
22300006583000,2,1,1,0
22300006584000,13,4,9,681.2
22300006585000,26,18,8,946.4
22300006586000,10,5,5,555
22300006587000,71,35,36,2605.7
22300006588000,38,24,14,1398.4
22300006589000,77,35,42,3033.8
22300006590000,598,287,311,26431.6
22300006591000,87,45,42,4045.5
22300006592000,104,54,50,3754.4
22300006593000,31,14,17,1010.6
22300006594000,10,5,5,397
22300006595000,27,13,14,1242
22300006596000,33,19,14,1435.5
22300006597000,31,18,13,1159.4
22300006598000,18,11,7,741.6
22300006599000,15,9,6,685.5
22300006600000,21,11,10,816.9
22300006601000,20,12,8,740
22300006602000,15,8,7,624
22300006603000,14,10,4,414.4
22300006604000,8,5,3,450.4
22300006605000,82,48,34,3001.2
22300006606000,76,40,36,3192
22300006611000,130,69,61,4706
22300006612000,46,23,23,2088.4
22300006613000,33,16,17,1204.5
22300006614000,251,122,129,8810.1
22300006615000,383,207,176,13519.9
22300006616000,66,37,29,2362.8
22300006617000,22,10,12,860.2
22300006618000,114,53,61,4548.6
22300006619000,345,176,169,12144
22300006620000,157,77,80,5604.9
22300006621000,243,122,121,8189.1
22300006622000,205,107,98,8056.5
22300006623000,80,41,39,2736
22300006624000,23,12,11,786.6
22300006625000,45,27,18,1750.5
22300006626000,37,18,19,1528.1
22300006627000,64,36,28,2470.4
22300006629000,393,208,185,13951.5
22300006630000,2034,1037,997,81970.2
22300006631000,2889,1486,1403,111226.5
22300006632000,3738,1835,1903,172695.6
22300006633000,661,336,325,25382.4
22300006635000,4,1,3,0
22300006636000,34,18,16,1336.2
22300006637000,16,11,5,793.6
22300006638000,24,12,12,756
22300006639000,22,10,12,985.6
22300006640000,154,76,78,5143.6
22300006641000,276,126,150,12806.4
22300006642000,11,4,7,545.6
22300006643000,6,3,3,366
22300006644000,9,4,5,315
22300006645000,4,2,2,0
22300006662000,12,6,6,487.2
22300006674000,24,14,10,835.2
22300006675000,45,23,22,2088
22300006676000,4,2,2,0
22300006683000,58,32,26,2082.2
22300006684000,30,16,14,1077
22300006696000,2,1,1,0
22300006697000,28,13,15,968.8
22300006698000,11,6,5,424.6
22300006699000,6,4,2,337.2
22300006700000,6,4,2,156
22300006708000,10,3,7,402
22300006709000,13,10,3,678.6
22300006710000,1,0,1,0
22300006716000,2,1,1,0
22300006718000,8,4,4,512.8
22300006753000,28,16,12,938
22300006754000,39,19,20,1524.9
22300006755000,38,18,20,1280.6
22300006756000,21,11,10,737.1
22300006757000,17,8,9,895.9
22300006758000,8,3,5,291.2
22300006759000,3,1,2,0
22300006760000,3,2,1,0
22300006761000,5,3,2,151
22300006764000,12,5,7,420
22300006765000,6,3,3,277.2
22300006766000,33,16,17,1194.6
22300006768000,9,5,4,384.3
22300006769000,13,6,7,613.6
22300006772000,4,3,1,0
22300006773000,83,50,33,3461.1
22300006774000,34,20,14,1645.6
22300006775000,5,3,2,233
22300006805000,45,21,24,2092.5
22300006806000,6,3,3,277.8
22300006807000,2,2,0,0
22300006833000,10,7,3,226
22300006834000,26,9,17,1099.8
22300006835000,39,23,16,1688.7
22300006836000,180,79,101,10548
22300006837000,38,20,18,1865.8
22300006838000,9,3,6,437.4
22300006839000,1,1,0,0
22300006840000,4,3,1,0
22300006901000,4,2,2,0
22300006902000,18,9,9,732.6
22300006903000,1,1,0,0
22300006904000,23,11,12,1244.3
22300006905000,6,3,3,181.8
22300006906000,14,9,5,554.4
22300006907000,1,1,0,0
22300006952000,12,7,5,417.6
22300006953000,32,15,17,1337.6
22300006954000,28,15,13,1405.6
22300006993000,1,0,1,0
22300007002000,9,4,5,248.4
22300007011000,7,4,3,214.2
22300007012000,1,1,0,0
22300007013000,7,4,3,373.1
22300007014000,19,9,10,1012.7
22300007019000,25,13,12,895
22300007021000,23,11,12,715.3
22300007023000,2,2,0,0
22300007028000,4,1,3,0
22300007029000,15,10,5,786
22300007040000,9,4,5,453.6
22300007043000,2,1,1,0
22300007057000,7,4,3,291.2
22300007058000,2,1,1,0
22300007060000,2,1,1,0
22300007061000,1,0,1,0
22300007063000,1,0,1,0
22300007064000,9,4,5,503.1
22300007069000,40,18,22,1804
22300007070000,5,2,3,241
22300007076000,2,1,1,0
22310006559000,1,1,0,0
22310006560000,7,2,5,422.1
22310006561000,11,6,5,599.5
22310006564000,18,8,10,615.6
22310006565000,326,170,156,11670.8
22310006566000,68,37,31,3026
22310006567000,39,21,18,1680.9
22310006568000,27,13,14,1242
22310006569000,12,6,6,414
22310006570000,33,19,14,1221
22310006571000,38,21,17,1478.2
22310006572000,15,7,8,697.5
22310006573000,264,120,144,9900
22310006574000,1190,543,647,51408
22310006575000,19,14,5,676.4
22310006576000,218,123,95,7433.8
22310006577000,2,1,1,0
22310006578000,28,13,15,1136.8
22310006579000,17,11,6,656.2
22310006580000,32,20,12,1395.2
22310006581000,26,12,14,1151.8
22310006582000,29,13,16,806.2
22310006583000,9,6,3,429.3
22310006584000,14,7,7,403.2
22310006585000,136,75,61,4923.2
22310006586000,64,32,32,2668.8
22310006587000,17,10,7,712.3
22310006588000,5,2,3,207
22310006589000,51,28,23,1953.3
22310006590000,975,475,500,37245
22310006591000,309,141,168,15697.2
22310006592000,15,7,8,661.5
22310006593000,6,3,3,390
22310006594000,12,6,6,386.4
22310006595000,49,28,21,1715
22310006596000,78,40,38,3354
22310006597000,84,53,31,2906.4
22310006598000,92,46,46,3275.2
22310006599000,65,35,30,2054
22310006600000,35,20,15,1589
22310006601000,27,15,12,1053
22310006602000,30,15,15,1122
22310006603000,51,29,22,2116.5
22310006604000,598,299,299,23082.8
22310006605000,898,463,435,36009.8
22310006606000,107,54,53,4697.3
22310006609000,15,9,6,778.5
22310006610000,66,43,23,2607
22310006611000,12,7,5,604.8
22310006612000,2,1,1,0
22310006613000,225,122,103,8505
22310006614000,735,354,381,30208.5
22310006615000,99,48,51,3425.4
22310006616000,64,31,33,2220.8
22310006617000,139,73,66,5184.7
22310006618000,14,8,6,621.6
22310006619000,43,26,17,1470.6
22310006620000,173,89,84,7196.8
22310006621000,284,150,134,10536.4
22310006622000,45,27,18,1930.5
22310006623000,34,19,15,1125.4
22310006624000,27,15,12,866.7
22310006625000,33,19,14,1366.2
22310006626000,127,65,62,4508.5
22310006627000,54,28,26,2122.2
22310006628000,319,153,166,10941.7
22310006629000,4141,1991,2150,147419.6
22310006630000,3098,1587,1511,113386.8
22310006631000,892,470,422,30774
22310006632000,3741,1858,1883,163107.6
22310006633000,1212,570,642,53570.4
22310006634000,640,324,316,19968
22310006635000,209,109,100,6353.6
22310006636000,44,26,18,1694
22310006637000,47,24,23,1776.6
22310006638000,34,15,19,1247.8
22310006639000,92,47,45,3615.6
22310006640000,175,84,91,7297.5
22310006641000,100,43,57,4190
22310006642000,30,16,14,1143
22310006643000,9,4,5,312.3
22310006644000,77,41,36,3072.3
22310006645000,66,35,31,2402.4
22310006646000,29,14,15,971.5
22310006661000,4,3,1,0
22310006666000,1,1,0,0
22310006667000,23,10,13,805
22310006668000,138,74,64,6016.8
22310006669000,256,134,122,9958.4
22310006670000,163,86,77,6797.1
22310006671000,6,3,3,372
22310006675000,35,18,17,1540
22310006676000,151,79,72,6402.4
22310006682000,20,13,7,830
22310006683000,36,23,13,1422
22310006688000,29,16,13,1365.9
22310006689000,16,8,8,604.8
22310006690000,18,9,9,835.2
22310006691000,15,11,4,670.5
22310006692000,9,4,5,350.1
22310006696000,20,10,10,782
22310006697000,39,19,20,1731.6
22310006752000,4,2,2,0
22310006753000,75,35,40,3375
22310006754000,130,59,71,5590
22310006755000,462,200,262,23515.8
22310006756000,24,13,11,1346.4
22310006757000,22,12,10,1119.8
22310006758000,1,1,0,0
22310006759000,3,2,1,0
22310006760000,2,1,1,0
22310006761000,26,13,13,1222
22310006762000,5,3,2,124
22310006763000,15,8,7,580.5
22310006764000,35,17,18,1708
22310006765000,26,11,15,1258.4
22310006766000,3,3,0,0
22310006769000,2,1,1,0
22310006772000,14,7,7,379.4
22310006773000,25,13,12,1065
22310006774000,6,3,3,280.2
22310006775000,8,4,4,330.4
22310006776000,1,1,0,0
22310006804000,2,1,1,0
22310006805000,14,8,6,662.2
22310006807000,1,1,0,0
22310006830000,10,4,6,316
22310006831000,10,6,4,487
22310006832000,27,14,13,1193.4
22310006833000,6,3,3,201
22310006834000,311,158,153,12937.6
22310006835000,224,110,114,10281.6
22310006836000,44,21,23,2085.6
22310006837000,35,22,13,1596
22310006838000,7,5,2,291.2
22310006839000,29,15,14,1148.4
22310006840000,7,4,3,294
22310006901000,8,5,3,376.8
22310006902000,3,2,1,0
22310006903000,7,4,3,347.2
22310006904000,25,13,12,1315
22310006906000,3,2,1,0
22310006951000,5,3,2,153
22310006952000,9,5,4,352.8
22310006953000,1,1,0,0
22310006954000,29,14,15,1220.9
22310006955000,7,5,2,312.2
22310006980000,6,4,2,100.8
22310006993000,2,1,1,0
22310007000000,19,13,6,913.9
22310007001000,5,3,2,164
22310007002000,39,20,19,1680.9
22310007003000,6,2,4,217.2
22310007008000,14,9,5,565.6
22310007010000,12,5,7,338.4
22310007011000,305,159,146,11285
22310007014000,9,5,4,434.7
22310007018000,2,1,1,0
22310007019000,4,2,2,0
22310007022000,14,9,5,413
22310007023000,9,5,4,260.1
22310007028000,12,7,5,519.6
22310007029000,12,6,6,600
22310007030000,7,5,2,448
22310007031000,2,1,1,0
22310007043000,6,4,2,346.8
22310007058000,1,1,0,0
22310007064000,3,2,1,0
22310007065000,4,2,2,0
22310007069000,17,8,9,635.8
22310007070000,62,40,22,2498.6
22310007071000,15,7,8,718.5
22310007076000,6,2,4,193.8
22310007077000,13,6,7,599.3
22320006563000,19,8,11,976.6
22320006564000,44,23,21,1619.2
22320006565000,18,12,6,851.4
22320006566000,4,2,2,0
22320006567000,7,4,3,298.2
22320006568000,17,7,10,562.7
22320006569000,51,27,24,2172.6
22320006570000,106,59,47,3911.4
22320006571000,20,16,4,902
22320006572000,140,70,70,5138
22320006573000,400,192,208,17880
22320006574000,543,248,295,27693
22320006575000,212,100,112,7610.8
22320006576000,44,18,26,1698.4
22320006577000,52,25,27,1320.8
22320006578000,94,53,41,3290
22320006579000,250,122,128,8025
22320006580000,39,22,17,1801.8
22320006581000,49,27,22,2053.1
22320006582000,7,2,5,231
22320006583000,11,6,5,478.5
22320006584000,57,37,20,1972.2
22320006585000,34,20,14,1162.8
22320006586000,19,10,9,919.6
22320006587000,61,28,33,2476.6
22320006588000,55,25,30,2304.5
22320006589000,214,114,100,6184.6
22320006590000,17,9,8,792.2
22320006591000,42,27,15,1348.2
22320006592000,28,12,16,910
22320006593000,17,10,7,792.2
22320006594000,5,2,3,253
22320006595000,688,346,342,26488
22320006596000,177,89,88,7292.4
22320006597000,174,95,79,6455.4
22320006598000,19,10,9,653.6
22320006599000,21,12,9,812.7
22320006600000,32,18,14,1468.8
22320006601000,30,18,12,1206
22320006602000,5,2,3,197
22320006603000,41,22,19,1828.6
22320006604000,233,115,118,9250.1
22320006605000,130,60,70,4472
22320006606000,22,11,11,796.4
22320006607000,79,41,38,2077.7
22320006608000,12,7,5,607.2
22320006611000,59,26,33,2660.9
22320006612000,512,263,249,21555.2
22320006613000,484,230,254,17036.8
22320006614000,6,3,3,444
22320006615000,1,1,0,0
22320006616000,4,2,2,0
22320006618000,15,8,7,534
22320006619000,11,7,4,438.9
22320006620000,23,12,11,828
22320006621000,59,33,26,2407.2
22320006622000,5,2,3,200
22320006623000,56,32,24,2212
22320006624000,776,403,373,27548
22320006625000,347,180,167,11832.7
22320006626000,94,57,37,3666
22320006627000,378,196,182,12171.6
22320006628000,140,89,51,4200
22320006630000,2338,1170,1168,96559.4
22320006631000,27,18,9,1239.3
22320006632000,414,197,217,13744.8
22320006633000,1304,650,654,49030.4
22320006634000,363,190,173,12450.9
22320006635000,245,130,115,9677.5
22320006636000,374,186,188,14025
22320006637000,1013,514,499,36164.1
22320006638000,101,55,46,3565.3
22320006639000,77,45,32,3395.7
22320006640000,51,28,23,2024.7
22320006641000,24,15,9,840
22320006642000,53,28,25,2427.4
22320006643000,146,75,71,5153.8
22320006644000,161,87,74,6037.5
22320006645000,306,153,153,11934
22320006646000,288,155,133,10108.8
22320006660000,1,1,0,0
22320006667000,51,28,23,2539.8
22320006668000,78,41,37,3299.4
22320006669000,101,49,52,4029.9
22320006670000,58,29,29,2175
22320006671000,31,14,17,1326.8
22320006672000,4,2,2,0
22320006674000,1,0,1,0
22320006676000,47,23,24,1950.5
22320006677000,38,22,16,1478.2
22320006678000,36,20,16,1324.8
22320006679000,20,9,11,876
22320006680000,19,11,8,826.5
22320006681000,20,11,9,856
22320006682000,10,6,4,389
22320006683000,31,14,17,1357.8
22320006686000,30,16,14,1017
22320006687000,40,19,21,1400
22320006688000,21,10,11,1239
22320006689000,4,2,2,0
22320006690000,4,2,2,0
22320006691000,22,11,11,792
22320006692000,36,18,18,1080
22320006693000,56,31,25,1960
22320006694000,18,10,8,738
22320006695000,18,9,9,916.2
22320006696000,25,12,13,1170
22320006697000,19,12,7,613.7
22320006718000,7,3,4,389.2
22320006721000,9,3,6,270.9
22320006750000,1,1,0,0
22320006752000,25,14,11,1110
22320006753000,200,98,102,9060
22320006754000,969,480,489,41860.8
22320006755000,306,138,168,14259.6
22320006756000,28,11,17,1251.6
22320006757000,2,1,1,0
22320006760000,22,12,10,754.6
22320006761000,15,9,6,762
22320006762000,4,3,1,0
22320006763000,5,3,2,196
22320006764000,31,17,14,1283.4
22320006768000,10,3,7,284
22320006769000,11,6,5,526.9
22320006770000,2,2,0,0
22320006771000,35,18,17,1221.5
22320006772000,13,6,7,648.7
22320006776000,6,3,3,201
22320006802000,10,7,3,669
22320006803000,31,18,13,1556.2
22320006804000,18,9,9,712.8
22320006829000,2,1,1,0
22320006830000,1,1,0,0
22320006831000,33,18,15,1168.2
22320006832000,35,17,18,1785
22320006833000,31,17,14,948.6
22320006834000,72,32,40,3268.8
22320006835000,44,16,28,2098.8
22320006836000,45,23,22,1800
22320006837000,5,3,2,208
22320006901000,20,13,7,780
22320006902000,14,7,7,471.8
22320006903000,10,6,4,294
22320006904000,2,1,1,0
22320006952000,1,1,0,0
22320006954000,6,4,2,148.8
22320006955000,45,20,25,1845
22320006956000,25,12,13,707.5
22320006987000,3,2,1,0
22320006988000,5,1,4,213
22320006993000,7,4,3,329
22320006994000,16,9,7,886.4
22320006995000,2,1,1,0
22320006996000,9,4,5,482.4
22320006997000,14,6,8,723.8
22320006998000,22,12,10,1089
22320006999000,37,18,19,1317.2
22320007000000,29,17,12,1087.5
22320007001000,169,77,92,7588.1
22320007002000,311,152,159,13621.8
22320007003000,4,2,2,0
22320007005000,6,3,3,174
22320007006000,78,41,37,2823.6
22320007007000,90,47,43,3753
22320007008000,165,81,84,7870.5
22320007009000,142,68,74,6617.2
22320007010000,85,46,39,3034.5
22320007011000,3,2,1,0
22320007014000,10,4,6,422
22320007024000,14,8,6,680.4
22320007026000,4,1,3,0
22320007027000,4,2,2,0
22320007028000,1,1,0,0
22320007029000,12,7,5,398.4
22320007030000,4,2,2,0
22320007033000,2,1,1,0
22320007063000,5,1,4,341
22320007064000,2,1,1,0
22320007065000,8,3,5,508
22320007071000,22,13,9,814
22320007072000,40,23,17,1688
22320007073000,21,14,7,888.3
22320007074000,9,4,5,493.2
22320007076000,1,1,0,0
22320007077000,57,26,31,1960.8
22320007082000,11,8,3,646.8
22320007083000,5,3,2,305
22330006565000,6,2,4,258
22330006566000,42,21,21,2024.4
22330006567000,10,3,7,533
22330006568000,6,3,3,261
22330006569000,36,18,18,1609.2
22330006571000,344,184,160,13966.4
22330006572000,234,121,113,9149.4
22330006573000,346,182,164,13217.2
22330006574000,596,316,280,23184.4
22330006575000,198,106,92,6791.4
22330006577000,1,1,0,0
22330006579000,431,226,205,15688.4
22330006580000,730,375,355,28105
22330006581000,25,17,8,915
22330006582000,14,6,8,725.2
22330006583000,50,25,25,1955
22330006584000,2,1,1,0
22330006585000,5,3,2,197
22330006586000,78,42,36,3018.6
22330006587000,261,133,128,9891.9
22330006589000,3,1,2,0
22330006590000,35,18,17,1011.5
22330006591000,25,12,13,727.5
22330006592000,38,22,16,1292
22330006593000,79,38,41,2504.3
22330006594000,16,10,6,710.4
22330006595000,20,8,12,910
22330006596000,169,82,87,5779.8
22330006597000,30,16,14,1371
22330006598000,22,11,11,783.2
22330006599000,39,21,18,1727.7
22330006600000,14,8,6,624.4
22330006601000,38,19,19,1531.4
22330006602000,11,8,3,382.8
22330006603000,268,141,127,9728.4
22330006604000,692,330,362,31555.2
22330006605000,391,191,200,15913.7
22330006606000,921,444,477,36103.2
22330006607000,81,47,34,3547.8
22330006608000,4,2,2,0
22330006610000,42,25,17,1583.4
22330006611000,409,197,212,14028.7
22330006612000,84,40,44,2872.8
22330006613000,22,12,10,741.4
22330006621000,8,4,4,332
22330006622000,6,3,3,292.8
22330006623000,5,2,3,129
22330006624000,28,15,13,1142.4
22330006625000,45,23,22,2223
22330006626000,25,11,14,1220
22330006627000,692,343,349,22420.8
22330006628000,1470,752,718,57183
22330006629000,1567,759,808,62209.9
22330006630000,429,222,207,15529.8
22330006633000,811,408,403,29439.3
22330006634000,329,193,136,12600.7
22330006635000,229,125,104,8427.2
22330006636000,323,172,151,13533.7
22330006637000,1067,498,569,48761.9
22330006638000,105,56,49,3633
22330006639000,62,33,29,2306.4
22330006640000,102,55,47,3825
22330006641000,19,10,9,697.3
22330006642000,51,28,23,2070.6
22330006643000,1,0,1,0
22330006644000,68,35,33,3060
22330006645000,44,24,20,1346.4
22330006646000,46,22,24,1702
22330006647000,62,33,29,2480
22330006648000,123,68,55,4095.9
22330006649000,64,33,31,2681.6
22330006660000,5,3,2,148
22330006667000,27,14,13,823.5
22330006668000,52,27,25,1996.8
22330006669000,139,67,72,6421.8
22330006670000,66,29,37,2739
22330006671000,49,22,27,2102.1
22330006672000,23,10,13,1035
22330006673000,6,1,5,220.2
22330006674000,15,8,7,601.5
22330006675000,26,14,12,1482
22330006676000,40,20,20,1460
22330006677000,80,42,38,3496
22330006678000,12,6,6,462
22330006680000,139,75,64,5824.1
22330006681000,890,424,466,41474
22330006682000,655,322,333,23580
22330006684000,5,2,3,112
22330006685000,36,18,18,1555.2
22330006686000,6,3,3,237
22330006688000,3,1,2,0
22330006689000,39,21,18,1645.8
22330006690000,104,59,45,4212
22330006691000,479,223,256,20022.2
22330006692000,53,31,22,1961
22330006693000,29,14,15,1339.8
22330006694000,25,13,12,890
22330006695000,21,13,8,991.2
22330006696000,44,26,18,1843.6
22330006750000,43,24,19,1548
22330006751000,17,8,9,906.1
22330006752000,14,7,7,736.4
22330006753000,236,112,124,8283.6
22330006754000,615,305,310,25768.5
22330006755000,73,33,40,3117.1
22330006756000,32,16,16,1289.6
22330006757000,9,6,3,298.8
22330006761000,5,3,2,244
22330006762000,4,2,2,0
22330006764000,43,24,19,1900.6
22330006765000,28,13,15,1106
22330006766000,7,2,5,385
22330006767000,37,16,21,1594.7
22330006768000,15,9,6,853.5
22330006769000,2,1,1,0
22330006770000,3,1,2,0
22330006771000,6,3,3,219
22330006772000,6,3,3,403.2
22330006773000,2,1,1,0
22330006776000,3,2,1,0
22330006801000,2,1,1,0
22330006802000,5,2,3,135
22330006803000,23,12,11,1025.8
22330006825000,1,1,0,0
22330006830000,2,1,1,0
22330006831000,14,8,6,625.8
22330006832000,142,68,74,6645.6
22330006833000,133,69,64,5306.7
22330006834000,35,14,21,1477
22330006835000,26,12,14,1378
22330006836000,6,3,3,118.8
22330006900000,5,4,1,100
22330006954000,1,1,0,0
22330006955000,2,1,1,0
22330006956000,13,7,6,504.4
22330006987000,20,10,10,1036
22330006988000,7,3,4,300.3
22330006993000,4,2,2,0
22330006994000,106,55,51,4515.6
22330006995000,103,58,45,4161.2
22330006996000,11,5,6,390.5
22330006997000,12,6,6,492
22330006998000,30,11,19,1116
22330006999000,13,8,5,460.2
22330007000000,67,33,34,2740.3
22330007001000,144,59,85,8697.6
22330007002000,6,2,4,237
22330007006000,11,3,8,347.6
22330007008000,6,3,3,252
22330007009000,14,6,8,642.6
22330007010000,222,110,112,9102
22330007011000,238,121,117,9758
22330007012000,114,61,53,4229.4
22330007013000,24,13,11,931.2
22330007014000,7,4,3,447.3
22330007015000,2,1,1,0
22330007018000,6,3,3,258
22330007026000,26,14,12,1001
22330007027000,9,6,3,312.3
22330007063000,20,12,8,824
22330007064000,1,1,0,0
22330007065000,11,5,6,634.7
22330007072000,24,12,12,1209.6
22330007073000,12,4,8,548.4
22330007077000,360,189,171,16344
22330007082000,37,22,15,1498.5
22330007083000,27,14,13,1317.6
22330007084000,7,3,4,219.8
22340006565000,4,2,2,0
22340006566000,45,26,19,2088
22340006567000,34,16,18,1764.6
22340006572000,21,11,10,928.2
22340006573000,138,71,67,5920.2
22340006574000,204,94,110,5916
22340006575000,133,68,65,5027.4
22340006576000,128,66,62,4736
22340006577000,75,45,30,2565
22340006578000,27,16,11,780.3
22340006579000,57,25,32,1995
22340006580000,403,205,198,16523
22340006581000,275,133,142,10010
22340006582000,16,10,6,641.6
22340006583000,16,10,6,660.8
22340006584000,6,3,3,220.2
22340006585000,28,13,15,1229.2
22340006586000,47,29,18,1405.3
22340006587000,31,16,15,976.5
22340006588000,20,9,11,804
22340006590000,4,1,3,0
22340006591000,11,6,5,410.3
22340006592000,2,2,0,0
22340006593000,17,8,9,690.2
22340006594000,15,9,6,540
22340006595000,18,11,7,615.6
22340006596000,8,4,4,340
22340006597000,24,12,12,1080
22340006598000,10,5,5,381
22340006599000,18,7,11,711
22340006600000,8,3,5,320
22340006601000,12,9,3,576
22340006602000,524,269,255,21955.6
22340006603000,1859,912,947,77892.1
22340006604000,1024,494,530,50585.6
22340006605000,146,59,87,6686.8
22340006609000,23,12,11,1053.4
22340006610000,30,18,12,1269
22340006611000,15,8,7,783
22340006627000,208,99,109,6801.6
22340006628000,53,31,22,1939.8
22340006632000,99,48,51,3484.8
22340006633000,148,82,66,5254
22340006634000,54,37,17,2224.8
22340006635000,33,17,16,1273.8
22340006636000,81,46,35,2980.8
22340006637000,551,318,233,21654.3
22340006638000,522,249,273,23385.6
22340006639000,1695,818,877,71529
22340006640000,941,454,487,40557.1
22340006641000,125,72,53,5312.5
22340006642000,166,85,81,5295.4
22340006643000,104,56,48,4035.2
22340006644000,37,23,14,1801.9
22340006645000,27,13,14,1096.2
22340006646000,6,2,4,249
22340006647000,61,32,29,2208.2
22340006648000,13,5,8,565.5
22340006649000,40,22,18,1404
22340006650000,74,44,30,2530.8
22340006658000,1,1,0,0
22340006659000,12,10,2,528
22340006669000,6,4,2,334.2
22340006670000,131,66,65,4938.7
22340006671000,94,52,42,3844.6
22340006672000,82,46,36,3271.8
22340006673000,25,21,4,1015
22340006674000,30,14,16,1323
22340006675000,19,8,11,678.3
22340006676000,15,8,7,670.5
22340006677000,32,15,17,1481.6
22340006678000,4,3,1,0
22340006679000,15,8,7,579
22340006680000,481,234,247,20538.7
22340006681000,423,188,235,18231.3
22340006682000,1,1,0,0
22340006684000,3,1,2,0
22340006685000,8,6,2,331.2
22340006686000,47,26,21,2138.5
22340006687000,81,38,43,3936.6
22340006688000,25,14,11,992.5
22340006689000,4,2,2,0
22340006690000,1,0,1,0
22340006691000,217,104,113,8419.6
22340006692000,106,55,51,3307.2
22340006693000,7,4,3,263.9
22340006695000,6,4,2,256.8
22340006696000,17,9,8,768.4
22340006719000,2,1,1,0
22340006749000,38,20,18,1390.8
22340006750000,103,48,55,3914
22340006751000,19,11,8,475
22340006752000,17,8,9,819.4
22340006753000,5,3,2,241
22340006754000,4,2,2,0
22340006755000,17,9,8,812.6
22340006756000,5,2,3,297
22340006769000,15,9,6,612
22340006771000,31,17,14,1639.9
22340006772000,33,15,18,1432.2
22340006774000,3,2,1,0
22340006775000,42,21,21,2070.6
22340006776000,3,2,1,0
22340006794000,1,1,0,0
22340006798000,9,5,4,393.3
22340006799000,13,8,5,660.4
22340006800000,7,5,2,392
22340006801000,8,5,3,315.2
22340006831000,21,9,12,844.2
22340006832000,50,27,23,1660
22340006833000,8,6,2,331.2
22340006834000,17,8,9,680
22340006835000,11,6,5,347.6
22340006841000,19,11,8,807.5
22340006842000,15,8,7,571.5
22340006843000,26,19,7,1006.2
22340006844000,1,1,0,0
22340006845000,18,11,7,648
22340006846000,4,1,3,0
22340006847000,9,5,4,394.2
22340006901000,3,2,1,0
22340006954000,5,2,3,132
22340006956000,8,3,5,248
22340006958000,6,4,2,274.8
22340006986000,7,2,5,368.2
22340006987000,16,8,8,862.4
22340006988000,16,8,8,606.4
22340006989000,13,7,6,598
22340006990000,3,2,1,0
22340006991000,10,6,4,291
22340006993000,5,3,2,371
22340006994000,79,38,41,3349.6
22340006995000,129,63,66,5843.7
22340006996000,21,12,9,909.3
22340006997000,8,3,5,564.8
22340006998000,13,7,6,504.4
22340007013000,17,6,11,693.6
22340007014000,12,7,5,499.2
22340007015000,45,24,21,1876.5
22340007018000,20,11,9,850
22340007026000,6,2,4,211.2
22340007027000,10,7,3,506
22340007028000,19,14,5,446.5
22340007063000,5,2,3,241
22340007064000,13,5,8,552.5
22340007065000,97,47,50,4335.9
22340007072000,11,9,2,445.5
22340007075000,11,7,4,348.7
22340007076000,60,25,35,2460
22340007077000,98,52,46,3439.8
22340007081000,16,9,7,929.6
22340007083000,5,2,3,94
22340007084000,24,15,9,986.4
22340007085000,3,2,1,0
22350006560000,3,2,1,0
22350006561000,11,5,6,371.8
22350006562000,78,39,39,3720.6
22350006563000,70,35,35,3122
22350006564000,3,2,1,0
22350006567000,11,5,6,654.5
22350006568000,106,56,50,5013.8
22350006569000,96,43,53,3878.4
22350006570000,120,66,54,5280
22350006571000,135,65,70,5373
22350006572000,26,16,10,943.8
22350006573000,1,1,0,0
22350006574000,105,57,48,2992.5
22350006575000,78,32,46,2386.8
22350006576000,348,172,176,12841.2
22350006577000,808,407,401,27552.8
22350006578000,694,346,348,26302.6
22350006579000,1117,552,565,43227.9
22350006580000,30,18,12,1356
22350006581000,189,106,83,6936.3
22350006582000,125,59,66,4187.5
22350006583000,69,36,33,2987.7
22350006585000,17,7,10,690.2
22350006587000,6,4,2,189
22350006588000,41,24,17,1435
22350006589000,14,8,6,604.8
22350006590000,197,108,89,6047.9
22350006591000,26,15,11,1105
22350006592000,57,31,26,2468.1
22350006593000,28,13,15,1013.6
22350006594000,17,10,7,736.1
22350006595000,29,15,14,962.8
22350006596000,25,11,14,990
22350006597000,13,8,5,451.1
22350006598000,41,22,19,1763
22350006599000,51,25,26,1953.3
22350006600000,14,10,4,530.6
22350006601000,149,80,69,4842.5
22350006602000,498,237,261,20716.8
22350006603000,615,297,318,26322
22350006608000,2,1,1,0
22350006609000,66,36,30,2560.8
22350006610000,12,5,7,649.2
22350006611000,1,1,0,0
22350006626000,58,33,25,2447.6
22350006627000,31,18,13,1261.7
22350006630000,90,45,45,4914
22350006631000,71,36,35,4224.5
22350006632000,337,162,175,12570.1
22350006633000,732,360,372,31402.8
22350006634000,412,209,203,16933.2
22350006635000,513,275,238,20930.4
22350006636000,148,74,74,5283.6
22350006637000,387,192,195,15247.8
22350006639000,7,7,0,310.8
22350006640000,1160,608,552,45356
22350006641000,1329,650,679,50502
22350006642000,5,4,1,291
22350006643000,42,21,21,1478.4
22350006644000,26,14,12,1019.2
22350006645000,32,18,14,1670.4
22350006646000,14,11,3,590.8
22350006647000,11,8,3,392.7
22350006648000,51,25,26,1841.1
22350006649000,90,47,43,3771
22350006650000,339,176,163,12102.3
22350006652000,23,12,11,752.1
22350006653000,57,29,28,2394
22350006654000,10,7,3,405
22350006658000,3,1,2,0
22350006666000,11,6,5,456.5
22350006668000,8,4,4,400
22350006669000,5,2,3,279
22350006670000,28,17,11,1106
22350006671000,24,9,15,972
22350006673000,244,127,117,7588.4
22350006674000,254,138,116,8585.2
22350006675000,26,14,12,1047.8
22350006677000,124,64,60,4550.8
22350006678000,409,184,225,15378.4
22350006679000,894,420,474,34687.2
22350006680000,480,245,235,18528
22350006681000,169,84,85,5881.2
22350006682000,175,89,86,6545
22350006683000,7,6,1,354.2
22350006684000,17,10,7,702.1
22350006685000,158,82,76,5672.2
22350006686000,35,19,16,1186.5
22350006692000,3,1,2,0
22350006693000,3,2,1,0
22350006748000,21,9,12,554.4
22350006749000,62,34,28,2604
22350006750000,16,10,6,673.6
22350006751000,22,12,10,836
22350006752000,4,2,2,0
22350006754000,2,1,1,0
22350006764000,3,1,2,0
22350006765000,18,7,11,617.4
22350006766000,26,17,9,754
22350006767000,29,13,16,1090.4
22350006768000,79,41,38,3902.6
22350006769000,72,31,41,3218.4
22350006770000,17,8,9,579.7
22350006772000,21,10,11,1016.4
22350006774000,17,9,8,911.2
22350006775000,11,7,4,336.6
22350006797000,7,5,2,198.1
22350006798000,36,19,17,1695.6
22350006799000,60,31,29,2328
22350006800000,20,11,9,934
22350006809000,1,1,0,0
22350006831000,7,5,2,273
22350006832000,55,28,27,2216.5
22350006834000,6,4,2,258
22350006835000,15,7,8,576
22350006840000,15,8,7,682.5
22350006841000,8,4,4,388
22350006899000,18,12,6,959.4
22350006900000,11,4,7,507.1
22350006955000,2,0,2,0
22350006956000,1,0,1,0
22350006958000,1,1,0,0
22350006985000,1,1,0,0
22350006986000,17,10,7,748
22350006987000,2,1,1,0
22350006988000,6,5,1,274.2
22350006989000,3,2,1,0
22350006990000,8,4,4,367.2
22350006991000,10,7,3,445
22350006992000,27,18,9,1090.8
22350006993000,2,2,0,0
22350006994000,64,30,34,2342.4
22350006995000,3,1,2,0
22350007005000,1,0,1,0
22350007008000,5,3,2,203
22350007014000,49,27,22,1842.4
22350007015000,250,123,127,9625
22350007016000,26,13,13,1006.2
22350007017000,4,3,1,0
22350007018000,41,21,20,1484.2
22350007023000,17,10,7,652.8
22350007024000,23,14,9,788.9
22350007026000,3,2,1,0
22350007027000,20,8,12,920
22350007028000,8,4,4,287.2
22350007029000,15,9,6,489
22350007063000,7,3,4,144.9
22350007064000,27,14,13,1328.4
22350007065000,35,19,16,1316
22350007071000,23,12,11,759
22350007072000,588,284,304,19874.4
22350007073000,308,155,153,14168
22350007074000,107,55,52,4793.6
22350007075000,24,14,10,751.2
22350007076000,53,32,21,2114.7
22350007077000,28,15,13,1232
22350007078000,7,3,4,315.7
22350007081000,16,9,7,779.2
22350007085000,8,4,4,491.2
22360006555000,7,5,2,223.3
22360006556000,74,36,38,3322.6
22360006557000,206,99,107,9002.2
22360006558000,31,16,15,1382.6
22360006559000,4,2,2,0
22360006560000,126,64,62,4737.6
22360006561000,569,268,301,25548.1
22360006562000,859,405,454,37280.6
22360006563000,72,41,31,2872.8
22360006564000,67,38,29,2874.3
22360006565000,65,40,25,2359.5
22360006566000,151,81,70,6689.3
22360006567000,163,84,79,7286.1
22360006568000,138,64,74,6389.4
22360006569000,190,95,95,8227
22360006570000,78,38,40,3096.6
22360006571000,269,132,137,8930.8
22360006572000,107,56,51,4247.9
22360006573000,27,14,13,1128.6
22360006574000,28,13,15,1274
22360006575000,334,164,170,17100.8
22360006576000,120,59,61,4992
22360006577000,269,131,138,12669.9
22360006578000,249,134,115,9960
22360006579000,101,51,50,3504.7
22360006580000,4,2,2,0
22360006581000,2,1,1,0
22360006582000,13,8,5,553.8
22360006583000,23,13,10,874
22360006584000,23,10,13,851
22360006586000,25,15,10,810
22360006587000,24,12,12,976.8
22360006588000,17,9,8,515.1
22360006589000,147,79,68,4542.3
22360006590000,105,56,49,4599
22360006591000,79,36,43,2875.6
22360006592000,55,34,21,2079
22360006593000,6,3,3,390
22360006594000,44,21,23,1368.4
22360006595000,26,16,10,1068.6
22360006596000,13,8,5,439.4
22360006597000,26,17,9,943.8
22360006598000,7,5,2,305.9
22360006599000,28,20,8,1178.8
22360006600000,43,22,21,1831.8
22360006601000,64,36,28,3091.2
22360006606000,36,13,23,1274.4
22360006607000,194,89,105,7992.8
22360006608000,44,21,23,1636.8
22360006609000,53,26,27,2390.3
22360006612000,4,2,2,0
22360006625000,7,5,2,226.8
22360006626000,45,27,18,1710
22360006629000,100,46,54,4460
22360006630000,571,282,289,23982
22360006631000,180,90,90,8514
22360006632000,177,90,87,6088.8
22360006633000,5,3,2,215
22360006639000,78,43,35,3595.8
22360006640000,71,31,40,3124
22360006641000,105,48,57,3832.5
22360006642000,5,4,1,160
22360006645000,4,3,1,0
22360006646000,13,7,6,626.6
22360006647000,21,11,10,745.5
22360006648000,321,154,167,12133.8
22360006649000,242,119,123,9341.2
22360006650000,21,12,9,653.1
22360006651000,11,6,5,356.4
22360006652000,16,8,8,547.2
22360006653000,14,7,7,625.8
22360006654000,56,27,29,2368.8
22360006655000,13,9,4,443.3
22360006656000,16,9,7,841.6
22360006660000,28,11,17,1313.2
22360006661000,70,36,34,3374
22360006662000,42,24,18,1633.8
22360006663000,47,23,24,1974
22360006664000,31,16,15,1122.2
22360006665000,60,32,28,2796
22360006668000,9,4,5,507.6
22360006669000,166,78,88,6208.4
22360006670000,81,36,45,3393.9
22360006671000,18,10,8,981
22360006672000,17,12,5,678.3
22360006674000,32,13,19,1497.6
22360006675000,4,1,3,0
22360006676000,27,7,20,850.5
22360006677000,636,320,316,23913.6
22360006678000,765,374,391,35955
22360006679000,1652,823,829,71696.8
22360006680000,1392,699,693,59577.6
22360006681000,555,246,309,25474.5
22360006682000,119,54,65,4307.8
22360006683000,47,26,21,2331.2
22360006684000,44,25,19,1390.4
22360006685000,4,2,2,0
22360006686000,44,23,21,1764.4
22360006687000,1,1,0,0
22360006719000,4,1,3,0
22360006720000,5,3,2,149
22360006749000,19,10,9,589
22360006750000,77,43,34,2887.5
22360006754000,6,3,3,214.2
22360006755000,4,2,2,0
22360006756000,4,2,2,0
22360006764000,2,1,1,0
22360006765000,26,13,13,982.8
22360006766000,41,21,20,1480.1
22360006767000,50,24,26,1605
22360006768000,22,11,11,864.6
22360006769000,3,1,2,0
22360006772000,6,4,2,234
22360006794000,7,3,4,293.3
22360006796000,6,3,3,154.2
22360006797000,10,5,5,238
22360006798000,13,7,6,392.6
22360006800000,8,3,5,415.2
22360006807000,1,0,1,0
22360006810000,3,2,1,0
22360006832000,6,4,2,369
22360006833000,33,17,16,1749
22360006834000,53,28,25,2146.5
22360006835000,7,5,2,315.7
22360006838000,2,1,1,0
22360006839000,7,3,4,308
22360006840000,8,4,4,396
22360006892000,17,9,8,700.4
22360006895000,2,1,1,0
22360006899000,4,2,2,0
22360006900000,25,13,12,1162.5
22360006954000,1,1,0,0
22360006957000,2,1,1,0
22360006958000,19,10,9,672.6
22360006979000,2,1,1,0
22360006980000,8,5,3,291.2
22360006981000,3,2,1,0
22360006982000,1,1,0,0
22360006983000,5,2,3,213
22360006984000,16,8,8,844.8
22360006985000,29,15,14,1197.7
22360006986000,1,1,0,0
22360006991000,4,2,2,0
22360006992000,5,3,2,204
22360006993000,1,0,1,0
22360007007000,2,1,1,0
22360007013000,18,8,10,558
22360007014000,56,28,28,1993.6
22360007015000,34,17,17,1224
22360007016000,41,22,19,1447.3
22360007017000,42,20,22,1600.2
22360007018000,178,91,87,7191.2
22360007020000,31,13,18,936.2
22360007021000,19,11,8,577.6
22360007022000,26,13,13,933.4
22360007023000,19,9,10,632.7
22360007024000,31,14,17,1395
22360007025000,8,5,3,360.8
22360007026000,19,11,8,915.8
22360007027000,33,15,18,1386
22360007029000,3,1,2,0
22360007048000,6,4,2,319.2
22360007064000,18,10,8,892.8
22360007065000,18,11,7,664.2
22360007066000,3,2,1,0
22360007071000,12,4,8,368.4
22360007072000,543,248,295,22588.8
22360007073000,421,214,207,18060.9
22360007074000,46,25,21,2024
22360007075000,56,28,28,2144.8
22360007076000,27,17,10,1198.8
22360007077000,39,22,17,1357.2
22360007078000,36,17,19,1684.8
22360007081000,4,2,2,0
22360007085000,20,8,12,790
22360007086000,8,4,4,280.8
22360007087000,5,5,0,202
22360007088000,12,8,4,428.4
22370006556000,11,5,6,533.5
22370006557000,13,10,3,500.5
22370006558000,30,20,10,1128
22370006559000,4,2,2,0
22370006560000,88,46,42,3916
22370006561000,378,196,182,16178.4
22370006562000,268,134,134,10210.8
22370006563000,98,52,46,4116
22370006564000,321,159,162,13128.9
22370006565000,141,65,76,6175.8
22370006566000,69,34,35,2884.2
22370006567000,150,73,77,6330
22370006568000,89,43,46,3844.8
22370006569000,139,69,70,4962.3
22370006570000,120,63,57,4152
22370006571000,189,102,87,7030.8
22370006572000,67,35,32,2485.7
22370006573000,177,92,85,7115.4
22370006574000,278,128,150,11870.6
22370006575000,1054,454,600,50381.2
22370006576000,1923,937,986,73650.9
22370006577000,620,308,312,24614
22370006578000,1256,663,593,52752
22370006579000,34,18,16,1876.8
22370006580000,27,14,13,850.5
22370006581000,25,12,13,940
22370006582000,1,0,1,0
22370006584000,697,357,340,24395
22370006585000,33,19,14,1372.8
22370006586000,17,11,6,669.8
22370006587000,2,1,1,0
22370006588000,20,9,11,672
22370006589000,34,22,12,1479
22370006590000,30,16,14,1179
22370006591000,22,14,8,818.4
22370006592000,11,6,5,443.3
22370006593000,18,9,9,793.8
22370006594000,28,14,14,786.8
22370006595000,30,18,12,1104
22370006596000,183,85,98,6917.4
22370006597000,25,12,13,670
22370006598000,29,14,15,1168.7
22370006599000,7,3,4,289.1
22370006606000,9,5,4,492.3
22370006607000,8,3,5,392
22370006608000,50,29,21,1900
22370006609000,38,20,18,1573.2
22370006625000,232,117,115,8166.4
22370006626000,77,42,35,3418.8
22370006628000,4,2,2,0
22370006629000,4,4,0,0
22370006630000,828,403,425,30056.4
22370006631000,544,291,253,20019.2
22370006632000,500,238,262,22000
22370006633000,9,4,5,533.7
22370006639000,396,205,191,15325.2
22370006640000,743,370,373,21992.8
22370006641000,162,93,69,5718.6
22370006642000,22,13,9,893.2
22370006643000,2,1,1,0
22370006647000,31,16,15,1336.1
22370006648000,66,35,31,2343
22370006649000,132,69,63,5464.8
22370006651000,2,1,1,0
22370006652000,12,7,5,417.6
22370006653000,18,12,6,721.8
22370006654000,8,4,4,394.4
22370006655000,12,5,7,346.8
22370006659000,2,1,1,0
22370006660000,52,27,25,2137.2
22370006666000,299,156,143,9837.1
22370006667000,18,9,9,815.4
22370006668000,39,19,20,1552.2
22370006669000,457,194,263,22484.4
22370006670000,443,213,230,18163
22370006671000,93,44,49,4287.3
22370006672000,17,6,11,542.3
22370006673000,83,52,31,3394.7
22370006674000,67,37,30,3149
22370006675000,228,115,113,9416.4
22370006676000,55,30,25,2403.5
22370006677000,153,77,76,6732
22370006678000,486,246,240,19197
22370006679000,1464,705,759,65587.2
22370006680000,1950,908,1042,86190
22370006681000,625,325,300,23937.5
22370006682000,155,75,80,4216
22370006683000,79,44,35,3618.2
22370006684000,85,46,39,3255.5
22370006685000,161,81,80,6923
22370006686000,11,3,8,584.1
22370006718000,31,13,18,1460.1
22370006719000,10,5,5,540
22370006748000,16,7,9,484.8
22370006749000,6,5,1,186
22370006750000,104,50,54,3577.6
22370006754000,28,13,15,778.4
22370006755000,14,9,5,602
22370006756000,16,7,9,686.4
22370006764000,25,14,11,1137.5
22370006765000,57,30,27,2502.3
22370006767000,4,2,2,0
22370006772000,7,3,4,300.3
22370006793000,7,3,4,231.7
22370006794000,25,15,10,1472.5
22370006795000,16,8,8,612.8
22370006796000,26,14,12,1136.2
22370006797000,2,0,2,0
22370006803000,5,3,2,275
22370006809000,1,1,0,0
22370006810000,21,14,7,745.5
22370006832000,2,1,1,0
22370006833000,16,13,3,710.4
22370006834000,34,14,20,1594.6
22370006835000,4,3,1,0
22370006836000,18,10,8,745.2
22370006837000,10,6,4,273
22370006838000,39,22,17,1361.1
22370006839000,29,13,16,1191.9
22370006885000,18,11,7,608.4
22370006892000,1,1,0,0
22370006895000,12,7,5,354
22370006896000,5,2,3,232
22370006897000,3,2,1,0
22370006899000,9,7,2,356.4
22370006900000,4,2,2,0
22370006957000,49,25,24,1514.1
22370006958000,34,17,17,1526.6
22370006959000,4,3,1,0
22370006965000,2,1,1,0
22370006979000,49,27,22,2366.7
22370006980000,46,24,22,1619.2
22370006981000,14,7,7,795.2
22370006982000,101,49,52,5029.8
22370006983000,54,28,26,2219.4
22370006984000,7,3,4,238
22370007015000,16,10,6,606.4
22370007016000,4,4,0,0
22370007018000,179,90,89,5781.7
22370007019000,62,33,29,2542
22370007020000,64,35,29,2163.2
22370007021000,52,29,23,1898
22370007022000,15,6,9,694.5
22370007023000,31,18,13,1227.6
22370007024000,74,36,38,3026.6
22370007025000,68,30,38,2754
22370007026000,17,9,8,627.3
22370007027000,31,16,15,1320.6
22370007030000,6,2,4,187.8
22370007048000,4,2,2,0
22370007049000,10,3,7,306
22370007051000,1,0,1,0
22370007064000,23,11,12,860.2
22370007065000,34,16,18,1203.6
22370007067000,21,14,7,791.7
22370007074000,3,1,2,0
22370007075000,60,30,30,1776
22370007076000,25,12,13,1175
22370007077000,185,92,93,6863.5
22370007078000,90,41,49,3384
22370007079000,16,9,7,811.2
22370007085000,7,3,4,438.2
22370007086000,29,15,14,1249.9
22370007087000,59,33,26,2613.7
22370007088000,21,9,12,856.8
22370007089000,1,0,1,0
22380006556000,21,14,7,1148.7
22380006557000,256,129,127,11417.6
22380006558000,75,37,38,4110
22380006559000,33,18,15,1785.3
22380006560000,33,16,17,1709.4
22380006562000,28,16,12,1229.2
22380006563000,19,10,9,870.2
22380006565000,70,36,34,3234
22380006566000,7,4,3,226.1
22380006567000,259,124,135,10075.1
22380006568000,330,164,166,13299
22380006569000,65,36,29,2190.5
22380006570000,29,14,15,1307.9
22380006571000,58,29,29,2436
22380006572000,190,83,107,8113
22380006573000,184,84,100,9273.6
22380006574000,395,205,190,15326
22380006575000,1082,540,542,41765.2
22380006576000,1826,864,962,68657.6
22380006577000,1797,841,956,70981.5
22380006578000,2640,1352,1288,105864
22380006579000,2591,1273,1318,113744.9
22380006580000,351,172,179,16883.1
22380006581000,83,38,45,3220.4
22380006582000,138,65,73,4636.8
22380006583000,32,20,12,1241.6
22380006584000,786,401,385,28767.6
22380006585000,107,54,53,3916.2
22380006586000,3,2,1,0
22380006589000,32,19,13,1472
22380006590000,19,11,8,849.3
22380006591000,461,239,222,14337.1
22380006592000,377,192,185,12968.8
22380006593000,36,15,21,1422
22380006594000,6,1,5,271.8
22380006595000,304,144,160,11764.8
22380006596000,306,143,163,13005
22380006597000,62,30,32,2362.2
22380006598000,2,0,2,0
22380006608000,87,42,45,3523.5
22380006609000,369,183,186,13579.2
22380006610000,13,8,5,544.7
22380006612000,7,2,5,256.9
22380006624000,77,39,38,3210.9
22380006625000,579,301,278,22349.4
22380006626000,2,1,1,0
22380006628000,14,7,7,662.2
22380006629000,96,59,37,3475.2
22380006630000,46,26,20,1702
22380006631000,1266,612,654,47348.4
22380006632000,695,321,374,25715
22380006633000,34,22,12,1526.6
22380006634000,2,2,0,0
22380006635000,1,1,0,0
22380006639000,18,8,10,838.8
22380006640000,669,348,321,23816.4
22380006641000,155,83,72,6231
22380006642000,14,8,6,630
22380006650000,4,2,2,0
22380006658000,14,6,8,681.8
22380006666000,20,12,8,760
22380006667000,91,49,42,4750.2
22380006668000,319,160,159,13461.8
22380006669000,30,19,11,1176
22380006670000,374,194,180,10696.4
22380006671000,410,197,213,14473
22380006672000,10,5,5,493
22380006673000,28,12,16,1321.6
22380006674000,9,5,4,513
22380006675000,124,62,62,5059.2
22380006676000,44,20,24,1720.4
22380006677000,8,5,3,380.8
22380006678000,71,35,36,3017.5
22380006679000,279,135,144,10797.3
22380006680000,366,182,184,17677.8
22380006681000,115,63,52,4450.5
22380006682000,59,28,31,1734.6
22380006685000,19,10,9,921.5
22380006686000,22,14,8,1177
22380006712000,9,5,4,323.1
22380006716000,2,1,1,0
22380006747000,2,1,1,0
22380006748000,36,20,16,1846.8
22380006750000,129,72,57,4966.5
22380006753000,6,2,4,223.2
22380006754000,4,3,1,0
22380006755000,24,11,13,890.4
22380006756000,13,8,5,660.4
22380006757000,3,1,2,0
22380006758000,2,1,1,0
22380006764000,6,1,5,190.2
22380006765000,37,19,18,1472.6
22380006766000,10,6,4,450
22380006789000,9,6,3,341.1
22380006790000,6,4,2,364.2
22380006791000,4,2,2,0
22380006792000,26,13,13,1287
22380006793000,23,14,9,887.8
22380006794000,156,74,82,8283.6
22380006795000,71,35,36,3351.2
22380006796000,9,4,5,466.2
22380006801000,1,1,0,0
22380006802000,38,22,16,1368
22380006803000,20,12,8,1034
22380006804000,12,5,7,405.6
22380006809000,4,0,4,0
22380006831000,2,1,1,0
22380006833000,49,24,25,2067.8
22380006834000,86,42,44,3311
22380006835000,6,5,1,283.2
22380006836000,7,3,4,308
22380006837000,4,1,3,0
22380006840000,2,1,1,0
22380006879000,2,1,1,0
22380006885000,1,0,1,0
22380006889000,6,3,3,240
22380006896000,1,1,0,0
22380006897000,4,1,3,0
22380006899000,199,101,98,9432.6
22380006900000,66,37,29,2514.6
22380006957000,11,6,5,393.8
22380006958000,7,4,3,270.2
22380006965000,11,6,5,510.4
22380006979000,80,43,37,3544
22380006981000,12,8,4,464.4
22380006982000,8,3,5,314.4
22380007007000,2,1,1,0
22380007012000,3,1,2,0
22380007017000,22,13,9,774.4
22380007018000,17,12,5,593.3
22380007019000,53,26,27,1934.5
22380007020000,49,28,21,1773.8
22380007021000,15,10,5,658.5
22380007023000,62,30,32,2256.8
22380007024000,96,47,49,3100.8
22380007025000,139,66,73,5351.5
22380007026000,14,8,6,777
22380007027000,68,37,31,2890
22380007028000,6,3,3,271.2
22380007030000,22,10,12,803
22380007049000,4,2,2,0
22380007050000,3,2,1,0
22380007064000,5,3,2,269
22380007065000,40,22,18,2156
22380007066000,7,3,4,305.2
22380007074000,20,11,9,946
22380007075000,172,91,81,7189.6
22380007076000,68,31,37,2760.8
22380007077000,362,184,178,14299
22380007078000,19,9,10,986.1
22380007079000,77,40,37,2879.8
22380007080000,37,20,17,1298.7
22380007081000,36,18,18,1447.2
22380007082000,13,7,6,496.6
22380007085000,8,5,3,216.8
22380007086000,18,10,8,711
22380007087000,34,21,13,1370.2
22380007088000,10,7,3,387
22380007089000,32,15,17,1177.6
22380007090000,4,1,3,0
22390006556000,5,1,4,234
22390006557000,109,53,56,5428.2
22390006558000,108,50,58,5292
22390006565000,13,10,3,314.6
22390006566000,45,22,23,1746
22390006567000,59,27,32,2944.1
22390006568000,450,222,228,18450
22390006569000,335,161,174,11423.5
22390006570000,381,188,193,15697.2
22390006571000,667,312,355,26946.8
22390006572000,427,214,213,17635.1
22390006573000,459,217,242,18268.2
22390006574000,301,152,149,11829.3
22390006575000,687,327,360,30571.5
22390006576000,218,110,108,9177.8
22390006577000,416,195,221,19302.4
22390006578000,1377,662,715,59486.4
22390006579000,1803,805,998,69595.8
22390006580000,1301,591,710,60626.6
22390006581000,1609,832,777,64681.8
22390006582000,1860,910,950,70308
22390006583000,666,319,347,21911.4
22390006584000,8,6,2,434.4
22390006585000,110,68,42,5038
22390006586000,98,49,49,3910.2
22390006587000,26,12,14,1370.2
22390006588000,16,10,6,729.6
22390006589000,49,26,23,1803.2
22390006590000,31,16,15,1178
22390006591000,582,299,283,19497
22390006592000,364,186,178,13104
22390006593000,32,17,15,1513.6
22390006594000,51,31,20,1815.6
22390006595000,15,7,8,448.5
22390006597000,14,6,8,674.8
22390006598000,4,3,1,0
22390006608000,4,2,2,0
22390006609000,130,65,65,5668
22390006610000,518,271,247,22066.8
22390006611000,157,76,81,5667.7
22390006612000,73,38,35,3051.4
22390006613000,11,6,5,423.5
22390006614000,17,10,7,579.7
22390006616000,4,2,2,0
22390006617000,40,21,19,2136
22390006618000,32,17,15,921.6
22390006619000,3,2,1,0
22390006621000,10,5,5,522
22390006622000,78,40,38,3993.6
22390006623000,71,38,33,3471.9
22390006624000,62,28,34,2690.8
22390006625000,15,9,6,541.5
22390006628000,130,75,55,4888
22390006629000,526,262,264,17989.2
22390006630000,181,87,94,5411.9
22390006631000,226,120,106,9266
22390006632000,107,49,58,4526.1
22390006633000,2,1,1,0
22390006639000,277,138,139,10886.1
22390006640000,322,162,160,12686.8
22390006641000,26,12,14,1097.2
22390006642000,12,10,2,536.4
22390006643000,13,7,6,509.6
22390006651000,8,3,5,371.2
22390006656000,5,3,2,333
22390006657000,25,14,11,1235
22390006665000,6,3,3,199.2
22390006667000,755,374,381,28539
22390006668000,4,3,1,0
22390006672000,1,1,0,0
22390006673000,14,8,6,705.6
22390006674000,65,33,32,2736.5
22390006675000,54,29,25,2111.4
22390006676000,39,19,20,1856.4
22390006677000,84,46,38,3410.4
22390006678000,77,35,42,3472.7
22390006679000,84,47,37,3368.4
22390006680000,13,9,4,644.8
22390006681000,141,75,66,5879.7
22390006682000,41,32,9,1340.7
22390006683000,33,18,15,1521.3
22390006711000,1,0,1,0
22390006712000,5,2,3,298
22390006713000,4,2,2,0
22390006714000,7,3,4,331.8
22390006715000,3,0,3,0
22390006716000,15,9,6,751.5
22390006717000,4,3,1,0
22390006741000,1,1,0,0
22390006744000,2,1,1,0
22390006745000,29,15,14,1392
22390006746000,52,25,27,2189.2
22390006747000,15,6,9,658.5
22390006748000,2,1,1,0
22390006750000,139,67,72,5434.9
22390006751000,2,2,0,0
22390006754000,25,14,11,1167.5
22390006755000,2,1,1,0
22390006756000,7,4,3,275.8
22390006757000,25,15,10,1002.5
22390006765000,12,6,6,477.6
22390006766000,16,9,7,584
22390006767000,6,4,2,166.8
22390006787000,5,2,3,258
22390006788000,12,6,6,528
22390006789000,26,11,15,1086.8
22390006790000,14,9,5,656.6
22390006791000,30,16,14,1263
22390006792000,22,11,11,844.8
22390006793000,46,22,24,2088.4
22390006794000,185,87,98,8935.5
22390006795000,298,141,157,13082.2
22390006796000,7,4,3,203
22390006799000,14,8,6,504
22390006800000,29,13,16,1215.1
22390006801000,24,13,11,996
22390006802000,32,16,16,1568
22390006803000,65,33,32,2424.5
22390006804000,37,15,22,1520.7
22390006805000,4,2,2,0
22390006822000,16,16,0,553.6
22390006831000,2,1,1,0
22390006832000,11,5,6,487.3
22390006833000,26,14,12,1183
22390006834000,24,15,9,1173.6
22390006879000,5,2,3,240
22390006880000,5,1,4,237
22390006881000,10,5,5,379
22390006882000,4,1,3,0
22390006883000,7,4,3,237.3
22390006884000,11,7,4,433.4
22390006887000,15,5,10,412.5
22390006888000,5,4,1,182
22390006897000,7,3,4,207.9
22390006898000,16,7,9,748.8
22390006899000,289,138,151,14334.4
22390006900000,24,15,9,1137.6
22390006959000,7,3,4,263.2
22390006960000,5,4,1,324
22390006961000,4,3,1,0
22390006962000,6,2,4,216
22390006966000,2,1,1,0
22390006977000,9,5,4,214.2
22390006978000,42,25,17,1827
22390006979000,14,6,8,553
22390007006000,3,1,2,0
22390007011000,6,3,3,159
22390007015000,1,1,0,0
22390007017000,15,8,7,579
22390007018000,46,26,20,1545.6
22390007019000,10,5,5,323
22390007023000,16,7,9,633.6
22390007024000,110,61,49,3828
22390007025000,300,146,154,12180
22390007026000,50,23,27,1775
22390007027000,22,12,10,877.8
22390007028000,6,3,3,268.2
22390007030000,23,11,12,899.3
22390007031000,32,15,17,1148.8
22390007049000,36,22,14,1256.4
22390007051000,11,6,5,521.4
22390007052000,2,1,1,0
22390007058000,5,1,4,138
22390007060000,13,8,5,699.4
22390007061000,33,15,18,1313.4
22390007064000,1,0,1,0
22390007065000,2,2,0,0
22390007066000,11,6,5,588.5
22390007068000,3,2,1,0
22390007074000,11,5,6,319
22390007075000,30,19,11,1116
22390007076000,45,22,23,2011.5
22390007077000,4,2,2,0
22390007078000,43,24,19,1763
22390007079000,106,52,54,3784.2
22390007080000,105,52,53,3412.5
22390007081000,18,9,9,669.6
22390007083000,8,4,4,294.4
22390007084000,1,1,0,0
22390007086000,16,8,8,824
22390007087000,42,28,14,1566.6
22390007089000,24,12,12,1264.8
22390007090000,28,15,13,1106
22400006568000,97,51,46,5257.4
22400006569000,187,102,85,8863.8
22400006570000,380,184,196,15466
22400006571000,458,220,238,19510.8
22400006572000,717,351,366,29540.4
22400006573000,929,462,467,40039.9
22400006574000,540,265,275,19926
22400006575000,815,398,417,36267.5
22400006576000,347,169,178,16343.7
22400006577000,387,195,192,16524.9
22400006578000,1378,648,730,54568.8
22400006579000,1399,677,722,64354
22400006580000,595,294,301,26239.5
22400006581000,43,22,21,1836.1
22400006582000,70,39,31,2520
22400006583000,316,163,153,10017.2
22400006584000,16,8,8,763.2
22400006585000,44,26,18,1746.8
22400006586000,27,14,13,853.2
22400006587000,120,54,66,4992
22400006588000,124,73,51,4377.2
22400006589000,128,82,46,4019.2
22400006590000,22,13,9,840.4
22400006591000,101,56,45,2959.3
22400006592000,20,8,12,840
22400006593000,46,21,25,1798.6
22400006594000,17,9,8,559.3
22400006595000,15,8,7,703.5
22400006596000,36,23,13,1425.6
22400006597000,45,27,18,1791
22400006598000,9,5,4,422.1
22400006607000,4,3,1,0
22400006608000,12,6,6,541.2
22400006609000,2,1,1,0
22400006611000,22,8,14,805.2
22400006614000,7,5,2,298.2
22400006615000,87,48,39,3410.4
22400006616000,703,343,360,32759.8
22400006617000,967,458,509,39647
22400006618000,1278,639,639,52142.4
22400006619000,219,113,106,8059.2
22400006620000,7,4,3,251.3
22400006621000,19,11,8,746.7
22400006622000,48,27,21,2116.8
22400006626000,45,20,25,2223
22400006627000,16,9,7,718.4
22400006628000,31,17,14,1165.6
22400006629000,52,28,24,1695.2
22400006630000,40,18,22,1500
22400006631000,239,115,124,11472
22400006632000,80,46,34,3128
22400006638000,480,243,237,17040
22400006639000,435,224,211,16095
22400006640000,834,423,411,28773
22400006641000,106,56,50,4155.2
22400006642000,18,10,8,685.8
22400006655000,29,14,15,1107.8
22400006656000,251,147,104,10491.8
22400006657000,5,2,3,227
22400006660000,4,2,2,0
22400006667000,62,32,30,1891
22400006668000,26,14,12,1201.2
22400006669000,33,20,13,1485
22400006670000,2,1,1,0
22400006674000,45,24,21,1944
22400006675000,29,16,13,1528.3
22400006676000,9,5,4,339.3
22400006677000,8,4,4,284
22400006678000,163,85,78,6927.5
22400006679000,265,122,143,10573.5
22400006680000,469,226,243,18619.3
22400006681000,142,72,70,5367.6
22400006682000,27,15,12,1026
22400006683000,2,2,0,0
22400006714000,2,0,2,0
22400006716000,6,2,4,243
22400006718000,20,13,7,826
22400006740000,19,12,7,853.1
22400006741000,57,34,23,2559.3
22400006742000,17,10,7,664.7
22400006743000,8,3,5,336
22400006745000,8,4,4,292
22400006746000,10,5,5,382
22400006747000,6,3,3,258
22400006748000,2,1,1,0
22400006749000,50,26,24,1940
22400006750000,80,42,38,2808
22400006751000,7,4,3,293.3
22400006757000,9,4,5,516.6
22400006758000,3,2,1,0
22400006765000,29,15,14,1104.9
22400006766000,5,2,3,295
22400006767000,4,1,3,0
22400006779000,1,0,1,0
22400006786000,2,1,1,0
22400006787000,17,8,9,836.4
22400006788000,27,12,15,936.9
22400006789000,2,1,1,0
22400006790000,1,0,1,0
22400006791000,8,5,3,347.2
22400006793000,9,4,5,288
22400006794000,33,17,16,1379.4
22400006795000,4,2,2,0
22400006796000,19,10,9,594.7
22400006797000,6,4,2,288
22400006798000,2,1,1,0
22400006799000,24,12,12,1569.6
22400006800000,37,16,21,1676.1
22400006801000,73,40,33,2416.3
22400006802000,54,26,28,2629.8
22400006803000,30,14,16,1176
22400006804000,67,33,34,2800.6
22400006805000,7,3,4,280.7
22400006821000,11,5,6,562.1
22400006822000,7,3,4,298.2
22400006825000,8,5,3,419.2
22400006830000,10,4,6,251
22400006832000,175,88,87,8137.5
22400006833000,30,15,15,1134
22400006834000,7,4,3,326.2
22400006841000,2,2,0,0
22400006842000,2,1,1,0
22400006844000,7,1,6,277.2
22400006845000,4,2,2,0
22400006847000,10,2,8,450
22400006875000,5,3,2,206
22400006891000,1,1,0,0
22400006897000,4,3,1,0
22400006898000,29,14,15,1313.7
22400006899000,8,3,5,363.2
22400006900000,2,1,1,0
22400006960000,12,6,6,549.6
22400006961000,6,4,2,376.8
22400006962000,8,4,4,404
22400006963000,4,1,3,0
22400006977000,9,5,4,404.1
22400006978000,29,14,15,1113.6
22400006979000,9,4,5,372.6
22400007015000,2,0,2,0
22400007018000,14,6,8,536.2
22400007023000,4,1,3,0
22400007024000,13,9,4,443.3
22400007025000,775,337,438,36425
22400007026000,844,427,417,32240.8
22400007027000,137,70,67,5480
22400007028000,53,28,25,2019.3
22400007029000,2,2,0,0
22400007030000,159,84,75,5199.3
22400007031000,451,220,231,16236
22400007032000,7,6,1,254.1
22400007049000,31,18,13,1119.1
22400007050000,22,11,11,1012
22400007051000,48,25,23,1824
22400007052000,80,40,40,3392
22400007053000,44,23,21,1830.4
22400007058000,6,3,3,348
22400007059000,2,1,1,0
22400007060000,1,1,0,0
22400007074000,10,4,6,348
22400007075000,28,16,12,1134
22400007076000,4,2,2,0
22400007077000,2,1,1,0
22400007079000,2,1,1,0
22400007080000,33,15,18,1676.4
22400007081000,10,5,5,682
22400007082000,2,1,1,0
22400007083000,8,1,7,224.8
22400007087000,2,1,1,0
22400007089000,18,9,9,766.8
22400007090000,65,29,36,2561
22400007091000,49,28,21,1979.6
22410006571000,6,3,3,270
22410006573000,1,1,0,0
22410006574000,99,46,53,4860.9
22410006575000,797,383,414,32437.9
22410006576000,854,429,425,37746.8
22410006577000,1057,511,546,43125.6
22410006578000,283,128,155,14404.7
22410006579000,2061,983,1078,85943.7
22410006580000,787,398,389,29827.3
22410006581000,181,101,80,6425.5
22410006582000,107,56,51,4012.5
22410006583000,61,31,30,2257
22410006584000,38,21,17,1573.2
22410006585000,7,5,2,329.7
22410006586000,6,3,3,268.8
22410006587000,1259,619,640,52878
22410006588000,395,193,202,16708.5
22410006589000,26,13,13,881.4
22410006590000,177,92,85,6938.4
22410006591000,775,387,388,31697.5
22410006593000,12,9,3,458.4
22410006594000,16,9,7,539.2
22410006595000,270,136,134,10314
22410006596000,639,313,326,25815.6
22410006597000,647,321,326,27497.5
22410006598000,138,69,69,6099.6
22410006607000,5,4,1,121
22410006608000,8,5,3,500
22410006609000,15,10,5,693
22410006610000,47,23,24,2223.1
22410006611000,174,88,86,8630.4
22410006616000,152,72,80,6992
22410006617000,434,222,212,20615
22410006618000,178,91,87,7298
22410006619000,3,1,2,0
22410006625000,29,17,12,1276
22410006626000,69,36,33,2622
22410006630000,13,6,7,556.4
22410006631000,694,355,339,24706.4
22410006632000,853,409,444,32755.2
22410006633000,509,261,248,16288
22410006634000,24,11,13,660
22410006635000,6,4,2,246
22410006636000,1,1,0,0
22410006637000,6,4,2,303
22410006638000,260,140,120,9854
22410006639000,26,10,16,1060.8
22410006640000,1576,761,815,59888
22410006641000,763,352,411,25942
22410006642000,55,35,20,2051.5
22410006643000,1,1,0,0
22410006646000,1,1,0,0
22410006654000,15,9,6,577.5
22410006655000,52,28,24,2303.6
22410006656000,30,19,11,1104
22410006657000,3,1,2,0
22410006669000,9,4,5,423
22410006670000,6,2,4,321
22410006671000,43,23,20,1818.9
22410006672000,17,11,6,727.6
22410006673000,25,11,14,895
22410006674000,22,12,10,979
22410006675000,92,51,41,3882.4
22410006676000,30,12,18,939
22410006678000,43,27,16,2395.1
22410006679000,587,301,286,22482.1
22410006680000,866,439,427,35592.6
22410006681000,86,46,40,3956
22410006682000,107,56,51,3595.2
22410006683000,71,31,40,2811.6
22410006717000,18,6,12,1101.6
22410006718000,43,17,26,1939.3
22410006719000,50,26,24,2000
22410006720000,21,11,10,1100.4
22410006721000,17,9,8,504.9
22410006722000,1,1,0,0
22410006723000,10,6,4,351
22410006724000,7,4,3,394.1
22410006726000,6,4,2,262.8
22410006738000,2,1,1,0
22410006739000,22,13,9,1038.4
22410006740000,6,4,2,211.8
22410006741000,1,1,0,0
22410006743000,3,1,2,0
22410006744000,15,8,7,813
22410006745000,26,15,11,1006.2
22410006746000,146,66,80,5518.8
22410006747000,62,32,30,2380.8
22410006748000,23,14,9,966
22410006749000,55,28,27,2359.5
22410006750000,31,16,15,1249.3
22410006754000,9,5,4,430.2
22410006758000,6,5,1,253.2
22410006764000,13,6,7,513.5
22410006765000,19,9,10,847.4
22410006766000,9,4,5,396.9
22410006767000,4,2,2,0
22410006786000,5,3,2,173
22410006787000,27,14,13,839.7
22410006794000,5,3,2,262
22410006795000,2,1,1,0
22410006796000,6,4,2,307.8
22410006797000,18,9,9,653.4
22410006798000,28,15,13,1470
22410006799000,8,4,4,391.2
22410006800000,96,59,37,3628.8
22410006801000,25,14,11,787.5
22410006802000,31,18,13,1271
22410006803000,8,4,4,252.8
22410006804000,53,27,26,2485.7
22410006805000,12,6,6,609.6
22410006806000,23,13,10,892.4
22410006807000,9,5,4,272.7
22410006820000,8,3,5,396
22410006821000,12,5,7,354
22410006824000,12,7,5,429.6
22410006825000,1,1,0,0
22410006826000,14,6,8,550.2
22410006827000,3,2,1,0
22410006828000,12,8,4,760.8
22410006829000,16,7,9,494.4
22410006830000,13,6,7,530.4
22410006831000,588,278,310,26518.8
22410006832000,364,179,185,15979.6
22410006833000,2,1,1,0
22410006844000,2,0,2,0
22410006897000,16,8,8,616
22410006898000,81,38,43,3693.6
22410006899000,27,14,13,934.2
22410006961000,1,1,0,0
22410006962000,15,8,7,607.5
22410006963000,4,2,2,0
22410006965000,5,2,3,182
22410006966000,1,0,1,0
22410006977000,19,8,11,733.4
22410006978000,11,4,7,563.2
22410007004000,1,1,0,0
22410007016000,12,6,6,450
22410007024000,68,33,35,2502.4
22410007025000,70,41,29,2429
22410007026000,14,8,6,422.8
22410007027000,754,364,390,29330.6
22410007028000,743,357,386,32246.2
22410007029000,786,375,411,37335
22410007030000,128,70,58,5619.2
22410007032000,3,2,1,0
22410007036000,2,1,1,0
22410007051000,10,5,5,582
22410007052000,52,23,29,2002
22410007053000,83,42,41,3851.2
22410007054000,9,6,3,547.2
22410007058000,4,1,3,0
22410007059000,9,4,5,513.9
22410007060000,6,4,2,273
22410007074000,140,70,70,6188
22410007075000,210,108,102,7644
22410007076000,22,9,13,600.6
22410007080000,12,8,4,585.6
22410007081000,21,13,8,1117.2
22410007082000,11,4,7,337.7
22410007083000,9,6,3,339.3
22410007090000,12,6,6,615.6
22410007091000,26,14,12,876.2
22410007092000,10,5,5,616
22420006571000,5,3,2,159
22420006575000,68,36,32,3379.6
22420006576000,109,54,55,4763.3
22420006577000,479,239,240,19639
22420006578000,1131,579,552,43769.7
22420006579000,2179,1075,1104,87813.7
22420006580000,655,319,336,22990.5
22420006581000,1219,607,612,39251.8
22420006582000,75,39,36,3315
22420006583000,53,28,25,2236.6
22420006584000,31,14,17,1252.4
22420006585000,42,26,16,1428
22420006586000,66,33,33,2659.8
22420006587000,685,329,356,31510
22420006588000,569,286,283,24808.4
22420006590000,14,8,6,723.8
22420006591000,184,101,83,6624
22420006592000,616,273,343,28644
22420006593000,1501,745,756,57488.3
22420006594000,2481,1214,1267,94278
22420006595000,2443,1206,1237,99430.1
22420006596000,1610,832,778,61502
22420006597000,319,142,177,15024.9
22420006598000,1,1,0,0
22420006607000,11,6,5,407
22420006608000,6,3,3,273
22420006609000,16,8,8,790.4
22420006610000,65,36,29,2626
22420006611000,73,36,37,3606.2
22420006612000,7,4,3,277.2
22420006613000,2,1,1,0
22420006615000,1,0,1,0
22420006616000,26,15,11,1034.8
22420006617000,105,50,55,4578
22420006619000,3,1,2,0
22420006620000,1,0,1,0
22420006623000,3,3,0,0
22420006625000,64,32,32,2092.8
22420006626000,4,1,3,0
22420006630000,8,4,4,139.2
22420006631000,764,390,374,30942
22420006632000,374,196,178,14698.2
22420006633000,36,20,16,1026
22420006634000,127,70,57,4533.9
22420006635000,369,187,182,13025.7
22420006636000,7,5,2,249.2
22420006637000,11,7,4,424.6
22420006638000,103,49,54,3378.4
22420006639000,1,1,0,0
22420006640000,245,128,117,8305.5
22420006641000,1331,638,693,50711.1
22420006642000,315,158,157,11781
22420006643000,92,41,51,3827.2
22420006644000,8,3,5,207.2
22420006654000,20,10,10,710
22420006672000,41,21,20,1705.6
22420006673000,43,22,21,1634
22420006674000,117,59,58,4715.1
22420006675000,23,13,10,837.2
22420006676000,1,1,0,0
22420006678000,16,8,8,889.6
22420006679000,65,33,32,2535
22420006680000,77,41,36,3234
22420006681000,56,29,27,2413.6
22420006682000,47,28,19,1795.4
22420006683000,70,38,32,2695
22420006685000,65,28,37,2281.5
22420006686000,5,2,3,262
22420006687000,77,38,39,2402.4
22420006693000,11,6,5,324.5
22420006694000,5,3,2,215
22420006695000,32,16,16,1324.8
22420006696000,2,1,1,0
22420006697000,4,2,2,0
22420006717000,15,7,8,550.5
22420006718000,11,7,4,523.6
22420006721000,3,2,1,0
22420006725000,2,1,1,0
22420006726000,17,12,5,545.7
22420006727000,9,4,5,431.1
22420006728000,2,1,1,0
22420006737000,14,7,7,722.4
22420006738000,59,24,35,2708.1
22420006739000,32,16,16,1494.4
22420006741000,12,6,6,500.4
22420006742000,14,7,7,523.6
22420006746000,61,32,29,2781.6
22420006747000,18,8,10,745.2
22420006748000,10,7,3,361
22420006749000,5,3,2,232
22420006750000,36,16,20,1263.6
22420006753000,10,5,5,211
22420006754000,2,2,0,0
22420006758000,33,17,16,1234.2
22420006763000,6,2,4,211.2
22420006764000,51,24,27,2029.8
22420006765000,19,8,11,1069.7
22420006766000,6,4,2,321
22420006767000,3,1,2,0
22420006786000,12,6,6,399.6
22420006794000,3,2,1,0
22420006795000,14,7,7,719.6
22420006796000,46,24,22,1725
22420006797000,79,39,40,3049.4
22420006798000,66,38,28,2877.6
22420006799000,48,28,20,1886.4
22420006800000,60,31,29,2154
22420006801000,49,27,22,2283.4
22420006802000,26,12,14,1214.2
22420006804000,43,26,17,1453.4
22420006805000,129,59,70,5469.6
22420006806000,18,8,10,714.6
22420006807000,11,6,5,558.8
22420006819000,3,3,0,0
22420006820000,12,9,3,472.8
22420006821000,31,17,14,1543.8
22420006822000,41,19,22,1201.3
22420006823000,16,7,9,534.4
22420006824000,22,12,10,972.4
22420006825000,29,16,13,1029.5
22420006826000,7,2,5,249.9
22420006828000,2,2,0,0
22420006829000,9,4,5,537.3
22420006830000,146,73,73,6949.6
22420006831000,158,78,80,6778.2
22420006832000,50,26,24,2120
22420006833000,70,32,38,3381
22420006896000,10,4,6,362
22420006897000,23,11,12,1225.9
22420006898000,17,10,7,659.6
22420006961000,1,1,0,0
22420006962000,2,1,1,0
22420006963000,19,10,9,868.3
22420006967000,16,11,5,569.6
22420006968000,3,1,2,0
22420006977000,8,4,4,308.8
22420007016000,3,1,2,0
22420007017000,2,2,0,0
22420007024000,8,4,4,222.4
22420007027000,71,38,33,2456.6
22420007028000,117,62,55,4492.8
22420007029000,972,510,462,39074.4
22420007030000,1757,870,887,69577.2
22420007033000,8,4,4,316
22420007036000,3,2,1,0
22420007048000,5,3,2,193
22420007049000,7,3,4,345.8
22420007051000,264,138,126,10348.8
22420007052000,149,67,82,7494.7
22420007053000,15,6,9,688.5
22420007054000,1,0,1,0
22420007056000,11,6,5,702.9
22420007057000,17,9,8,1074.4
22420007074000,36,20,16,1605.6
22420007075000,20,12,8,968
22420007076000,2,1,1,0
22420007079000,10,4,6,398
22420007080000,16,8,8,720
22420007081000,164,88,76,5510.4
22420007082000,65,30,35,1482
22420007083000,32,15,17,1129.6
22420007090000,40,20,20,1384
22420007091000,46,25,21,2148.2
22420007092000,29,16,13,852.6
22420007093000,2,1,1,0
22430006577000,187,91,96,6470.2
22430006578000,182,93,89,8990.8
22430006579000,489,246,243,20195.7
22430006580000,695,326,369,26340.5
22430006581000,416,201,215,17222.4
22430006582000,114,60,54,3819
22430006583000,304,145,159,10822.4
22430006584000,188,105,83,6993.6
22430006585000,97,49,48,4471.7
22430006586000,197,101,96,8254.3
22430006591000,16,8,8,691.2
22430006592000,4,3,1,0
22430006593000,1718,849,869,71812.4
22430006594000,3741,1846,1895,157870.2
22430006595000,2837,1422,1415,126813.9
22430006596000,3,2,1,0
22430006609000,36,17,19,1274.4
22430006610000,79,37,42,2788.7
22430006611000,55,26,29,2392.5
22430006612000,16,8,8,502.4
22430006616000,135,59,76,6129
22430006617000,477,241,236,18841.5
22430006618000,13,7,6,397.8
22430006620000,10,4,6,367
22430006623000,12,6,6,642
22430006628000,16,8,8,566.4
22430006629000,13,5,8,483.6
22430006630000,67,40,27,2351.7
22430006631000,44,23,21,1874.4
22430006632000,24,15,9,736.8
22430006633000,20,8,12,870
22430006634000,40,23,17,1580
22430006635000,557,290,267,18993.7
22430006636000,667,306,361,28681
22430006637000,647,335,312,23356.7
22430006638000,29,19,10,1049.8
22430006639000,931,439,492,39753.7
22430006640000,2780,1398,1382,105362
22430006641000,1812,872,940,66500.4
22430006642000,1941,931,1010,75893.1
22430006643000,417,217,200,16096.2
22430006644000,20,12,8,874
22430006645000,6,4,2,223.2
22430006646000,1,1,0,0
22430006647000,1,0,1,0
22430006653000,30,17,13,1098
22430006654000,28,13,15,1103.2
22430006674000,14,6,8,838.6
22430006678000,3,2,1,0
22430006681000,55,23,32,1930.5
22430006682000,86,44,42,3663.6
22430006683000,134,57,77,5038.4
22430006684000,84,44,40,3771.6
22430006685000,675,328,347,25380
22430006686000,588,296,292,23931.6
22430006687000,570,291,279,22059
22430006688000,223,110,113,8518.6
22430006692000,30,13,17,1455
22430006693000,19,8,11,925.3
22430006694000,1,0,1,0
22430006695000,1,0,1,0
22430006696000,8,4,4,466.4
22430006697000,14,7,7,798
22430006698000,57,36,21,2348.4
22430006701000,1,1,0,0
22430006717000,16,9,7,531.2
22430006719000,4,3,1,0
22430006720000,43,26,17,1900.6
22430006721000,24,13,11,919.2
22430006722000,4,2,2,0
22430006727000,22,13,9,1181.4
22430006735000,2,1,1,0
22430006736000,3,3,0,0
22430006737000,13,6,7,634.4
22430006738000,1,0,1,0
22430006740000,24,13,11,1068
22430006741000,11,5,6,578.6
22430006742000,16,9,7,718.4
22430006743000,31,16,15,1230.7
22430006745000,6,3,3,192
22430006746000,12,5,7,445.2
22430006747000,25,11,14,1000
22430006748000,4,2,2,0
22430006750000,2,1,1,0
22430006752000,14,8,6,519.4
22430006753000,38,17,21,1478.2
22430006759000,22,15,7,743.6
22430006760000,27,12,15,915.3
22430006763000,9,5,4,483.3
22430006764000,7,6,1,207.2
22430006765000,10,7,3,463
22430006785000,7,5,2,291.2
22430006786000,23,15,8,1060.3
22430006796000,32,17,15,1353.6
22430006797000,383,185,198,17120.1
22430006798000,352,187,165,13692.8
22430006799000,34,16,18,1373.6
22430006800000,27,19,8,1090.8
22430006801000,5,3,2,273
22430006804000,2,1,1,0
22430006805000,18,7,11,916.2
22430006806000,18,8,10,784.8
22430006812000,1,1,0,0
22430006817000,7,4,3,261.1
22430006818000,1,0,1,0
22430006819000,19,9,10,934.8
22430006820000,91,51,40,3439.8
22430006821000,53,29,24,2178.3
22430006822000,45,22,23,1606.5
22430006823000,220,108,112,9746
22430006824000,6,4,2,289.8
22430006826000,7,4,3,366.8
22430006827000,41,22,19,1484.2
22430006828000,13,6,7,673.4
22430006829000,31,17,14,1271
22430006830000,39,20,19,1544.4
22430006831000,8,3,5,403.2
22430006834000,2,1,1,0
22430006872000,1,1,0,0
22430006897000,8,5,3,506.4
22430006898000,3,2,1,0
22430006961000,10,4,6,325
22430006962000,8,5,3,251.2
22430006965000,1,1,0,0
22430006966000,25,14,11,1302.5
22430006967000,32,15,17,1129.6
22430006968000,25,10,15,985
22430006969000,21,10,11,1026.9
22430006970000,11,6,5,630.3
22430006971000,4,2,2,0
22430006976000,1,1,0,0
22430007006000,15,9,6,634.5
22430007011000,2,2,0,0
22430007012000,1,0,1,0
22430007030000,11,6,5,386.1
22430007033000,8,5,3,252.8
22430007034000,6,3,3,183
22430007036000,10,6,4,536
22430007049000,15,8,7,625.5
22430007050000,13,6,7,737.1
22430007051000,77,43,34,3056.9
22430007056000,2,1,1,0
22430007065000,40,21,19,2008
22430007066000,18,9,9,862.2
22430007070000,3,2,1,0
22430007075000,44,25,19,1834.8
22430007076000,5,2,3,372
22430007078000,11,4,7,550
22430007079000,5,3,2,95
22430007080000,57,25,32,2553.6
22430007081000,203,96,107,9744
22430007083000,3,1,2,0
22430007088000,3,3,0,0
22430007089000,5,3,2,200
22430007090000,53,27,26,2109.4
22430007091000,134,66,68,5842.4
22440006581000,265,137,128,10335
22440006582000,79,31,48,3262.7
22440006583000,46,21,25,2019.4
22440006584000,42,19,23,1877.4
22440006594000,30,18,12,1353
22440006595000,67,30,37,3309.8
22440006596000,158,78,80,7094.2
22440006608000,5,3,2,206
22440006609000,40,21,19,1308
22440006610000,37,23,14,1661.3
22440006611000,9,5,4,261
22440006612000,2,1,1,0
22440006613000,4,2,2,0
22440006614000,14,7,7,669.2
22440006615000,57,26,31,2177.4
22440006616000,51,28,23,1861.5
22440006617000,101,60,41,3474.4
22440006618000,67,36,31,2271.3
22440006627000,7,4,3,412.3
22440006628000,20,10,10,1056
22440006629000,86,52,34,2941.2
22440006630000,49,23,26,1798.3
22440006631000,15,8,7,682.5
22440006632000,29,11,18,1049.8
22440006633000,715,370,345,25025
22440006634000,73,39,34,3182.8
22440006635000,734,367,367,25616.6
22440006636000,1446,714,732,55092.6
22440006637000,477,238,239,18650.7
22440006638000,341,171,170,14424.3
22440006639000,1451,685,766,52090.9
22440006640000,1595,755,840,74008
22440006641000,1634,816,818,78105.2
22440006642000,1122,551,571,46787.4
22440006643000,92,37,55,4278
22440006644000,36,18,18,1828.8
22440006647000,44,21,23,2191.2
22440006648000,4,1,3,0
22440006650000,19,9,10,780.9
22440006651000,6,3,3,295.8
22440006652000,14,5,9,446.6
22440006653000,11,7,4,490.6
22440006654000,20,8,12,734
22440006656000,1,0,1,0
22440006658000,14,5,9,540.4
22440006660000,4,2,2,0
22440006679000,1,1,0,0
22440006683000,7,3,4,245
22440006684000,69,35,34,2822.1
22440006685000,35,20,15,1263.5
22440006686000,51,29,22,2203.2
22440006687000,805,356,449,40974.5
22440006688000,256,124,132,10214.4
22440006689000,27,14,13,1196.1
22440006698000,1,0,1,0
22440006700000,3,1,2,0
22440006701000,8,5,3,404
22440006702000,3,2,1,0
22440006703000,8,4,4,495.2
22440006704000,4,2,2,0
22440006710000,1,0,1,0
22440006717000,13,6,7,634.4
22440006718000,10,5,5,257
22440006720000,6,4,2,379.2
22440006721000,7,4,3,300.3
22440006722000,27,14,13,1212.3
22440006723000,82,51,31,3452.2
22440006724000,11,6,5,592.9
22440006725000,9,5,4,450.9
22440006728000,11,5,6,645.7
22440006729000,2,1,1,0
22440006731000,23,14,9,694.6
22440006732000,23,14,9,943
22440006733000,14,9,5,702.8
22440006734000,29,17,12,1319.5
22440006735000,8,5,3,498.4
22440006736000,1,1,0,0
22440006739000,3,2,1,0
22440006740000,1,1,0,0
22440006741000,27,13,14,1306.8
22440006742000,30,16,14,1269
22440006743000,1,0,1,0
22440006744000,4,3,1,0
22440006745000,3,2,1,0
22440006746000,33,16,17,1518
22440006747000,36,17,19,1425.6
22440006748000,7,4,3,319.2
22440006753000,81,37,44,3369.6
22440006754000,20,9,11,768
22440006759000,6,3,3,193.8
22440006760000,4,3,1,0
22440006762000,20,13,7,742
22440006763000,17,11,6,722.5
22440006764000,12,6,6,543.6
22440006785000,24,16,8,1089.6
22440006786000,14,9,5,422.8
22440006795000,13,5,8,608.4
22440006796000,42,24,18,1759.8
22440006797000,174,89,85,7812.6
22440006798000,10,6,4,390
22440006805000,4,1,3,0
22440006806000,1,1,0,0
22440006814000,7,3,4,195.3
22440006815000,4,2,2,0
22440006816000,14,8,6,610.4
22440006817000,1,1,0,0
22440006818000,10,5,5,233
22440006819000,5,1,4,201
22440006820000,129,60,69,4889.1
22440006821000,72,37,35,2937.6
22440006822000,281,129,152,15117.8
22440006823000,197,94,103,8707.4
22440006824000,10,5,5,520
22440006825000,11,5,6,486.2
22440006826000,15,7,8,565.5
22440006827000,30,14,16,1164
22440006828000,5,3,2,283
22440006829000,20,10,10,748
22440006871000,9,4,5,541.8
22440006897000,16,9,7,926.4
22440006898000,8,4,4,370.4
22440006962000,3,1,2,0
22440006963000,8,5,3,343.2
22440006966000,15,8,7,640.5
22440006967000,9,4,5,457.2
22440006968000,1,1,0,0
22440006969000,1,1,0,0
22440006971000,5,2,3,153
22440006972000,7,5,2,382.9
22440006973000,5,2,3,187
22440006976000,17,10,7,411.4
22440006977000,17,8,9,673.2
22440007005000,2,1,1,0
22440007006000,1,1,0,0
22440007007000,16,10,6,505.6
22440007008000,12,7,5,612
22440007009000,11,6,5,324.5
22440007010000,5,2,3,280
22440007011000,2,1,1,0
22440007012000,5,4,1,315
22440007034000,26,13,13,1552.2
22440007036000,25,13,12,952.5
22440007045000,15,7,8,703.5
22440007063000,5,3,2,352
22440007064000,10,6,4,222
22440007065000,120,69,51,5112
22440007066000,20,8,12,852
22440007067000,4,2,2,0
22440007068000,38,20,18,1554.2
22440007070000,3,1,2,0
22440007071000,11,6,5,674.3
22440007072000,3,1,2,0
22440007075000,18,10,8,457.2
22440007076000,34,18,16,1081.2
22440007078000,26,13,13,1058.2
22440007079000,37,16,21,1439.3
22440007080000,65,29,36,2821
22440007081000,847,401,446,39893.7
22440007082000,144,77,67,4939.2
22440007083000,32,16,16,1260.8
22440007087000,11,5,6,288.2
22440007088000,8,4,4,316.8
22440007089000,1,1,0,0
22440007090000,30,17,13,1281
22440007091000,34,16,18,1560.6
22450006590000,3,3,0,0
22450006608000,1,1,0,0
22450006609000,23,9,14,1152.3
22450006610000,6,3,3,295.2
22450006611000,3,2,1,0
22450006612000,3,2,1,0
22450006614000,6,4,2,144
22450006615000,1,1,0,0
22450006616000,23,12,11,910.8
22450006617000,11,5,6,306.9
22450006618000,21,9,12,1041.6
22450006619000,9,5,4,429.3
22450006626000,13,7,6,442
22450006627000,81,49,32,3126.6
22450006628000,53,28,25,2019.3
22450006629000,11,7,4,522.5
22450006630000,20,8,12,784
22450006631000,2,1,1,0
22450006632000,270,145,125,9747
22450006633000,1762,904,858,63608.2
22450006634000,210,110,100,7644
22450006635000,388,201,187,13463.6
22450006636000,429,206,223,13599.3
22450006637000,68,36,32,2713.2
22450006638000,530,261,269,17225
22450006639000,1340,667,673,48910
22450006640000,2090,1045,1045,80674
22450006641000,2273,1116,1157,88647
22450006642000,1830,912,918,67710
22450006643000,1352,672,680,53944.8
22450006644000,891,427,464,32076
22450006645000,70,37,33,2079
22450006646000,37,20,17,1480
22450006647000,58,34,24,1925.6
22450006648000,15,6,9,622.5
22450006650000,8,4,4,388
22450006651000,454,237,217,17342.8
22450006652000,375,210,165,13087.5
22450006653000,29,16,13,1380.4
22450006670000,4,2,2,0
22450006674000,1,1,0,0
22450006686000,326,161,165,13594.2
22450006687000,61,29,32,2196
22450006692000,15,7,8,589.5
22450006693000,4,2,2,0
22450006694000,13,6,7,673.4
22450006695000,5,2,3,272
22450006696000,56,27,29,2385.6
22450006697000,33,17,16,1422.3
22450006704000,20,12,8,704
22450006705000,8,5,3,322.4
22450006706000,11,7,4,479.6
22450006707000,4,2,2,0
22450006711000,2,1,1,0
22450006715000,7,4,3,231.7
22450006716000,6,4,2,316.2
22450006717000,7,4,3,312.9
22450006718000,5,3,2,333
22450006719000,5,4,1,153
22450006725000,17,7,10,763.3
22450006726000,11,7,4,421.3
22450006727000,7,3,4,518
22450006728000,6,3,3,205.2
22450006729000,2,1,1,0
22450006730000,2,1,1,0
22450006731000,8,4,4,330.4
22450006732000,2,1,1,0
22450006738000,181,90,91,8470.8
22450006739000,27,15,12,1152.9
22450006740000,40,22,18,1904
22450006741000,31,16,15,1497.3
22450006742000,22,15,7,932.8
22450006743000,8,5,3,216.8
22450006746000,20,10,10,1020
22450006747000,4,2,2,0
22450006752000,19,9,10,670.7
22450006753000,26,14,12,1216.8
22450006759000,12,5,7,508.8
22450006760000,10,4,6,316
22450006761000,5,2,3,113
22450006762000,5,3,2,77
22450006784000,22,11,11,794.2
22450006785000,4,2,2,0
22450006786000,3,2,1,0
22450006793000,3,2,1,0
22450006794000,6,4,2,226.2
22450006795000,36,19,17,1530
22450006796000,20,9,11,616
22450006797000,38,21,17,1710
22450006798000,18,11,7,777.6
22450006799000,5,1,4,165
22450006803000,6,5,1,298.2
22450006804000,11,8,3,555.5
22450006805000,43,23,20,1763
22450006806000,6,5,1,238.2
22450006813000,10,6,4,460
22450006814000,22,14,8,1009.8
22450006815000,17,9,8,771.8
22450006816000,50,27,23,2195
22450006817000,40,18,22,1564
22450006818000,46,23,23,1702
22450006819000,61,28,33,2665.7
22450006820000,4,3,1,0
22450006821000,3,1,2,0
22450006822000,12,7,5,706.8
22450006823000,1,0,1,0
22450006824000,27,15,12,1269
22450006826000,1,1,0,0
22450006897000,4,3,1,0
22450006959000,11,5,6,336.6
22450006962000,7,4,3,340.9
22450006963000,25,10,15,752.5
22450006964000,15,10,5,676.5
22450006967000,5,2,3,115
22450006968000,1,1,0,0
22450006972000,3,1,2,0
22450006973000,1,1,0,0
22450006975000,59,30,29,2472.1
22450006976000,286,151,135,14157
22450006977000,211,96,115,10761
22450007009000,13,6,7,416
22450007010000,4,2,2,0
22450007023000,4,2,2,0
22450007034000,9,5,4,357.3
22450007035000,6,3,3,384
22450007036000,18,8,10,732.6
22450007045000,8,5,3,331.2
22450007046000,17,8,9,848.3
22450007047000,5,1,4,319
22450007048000,23,12,11,1120.1
22450007066000,7,3,4,270.9
22450007067000,15,9,6,676.5
22450007068000,27,11,16,1398.6
22450007069000,2,1,1,0
22450007070000,11,6,5,506
22450007071000,74,37,37,3537.2
22450007072000,31,14,17,1550
22450007076000,9,6,3,540.9
22450007077000,14,7,7,652.4
22450007078000,22,12,10,1075.8
22450007079000,1,1,0,0
22450007080000,4,3,1,0
22450007081000,20,11,9,936
22450007082000,11,5,6,333.3
22450007083000,13,8,5,613.6
22450007084000,7,4,3,217.7
22450007089000,23,14,9,959.1
22450007090000,17,10,7,508.3
22450007091000,3,2,1,0
22460006607000,4,3,1,0
22460006609000,4,2,2,0
22460006610000,11,8,3,481.8
22460006618000,18,10,8,680.4
22460006619000,18,11,7,657
22460006620000,10,4,6,438
22460006626000,198,92,106,5128.2
22460006627000,211,108,103,7743.7
22460006628000,66,37,29,2620.2
22460006629000,10,6,4,514
22460006633000,327,163,164,13439.7
22460006634000,1639,815,824,62445.9
22460006635000,991,498,493,41027.4
22460006636000,1583,820,763,57304.6
22460006637000,272,138,134,10200
22460006638000,1556,788,768,57260.8
22460006639000,912,440,472,34838.4
22460006640000,371,182,189,15878.8
22460006641000,506,243,263,23427.8
22460006642000,1353,686,667,52631.7
22460006643000,1511,732,779,55302.6
22460006644000,932,474,458,34018
22460006645000,665,317,348,27398
22460006646000,778,398,380,31586.8
22460006647000,219,109,110,9198
22460006648000,34,19,15,1302.2
22460006649000,1106,568,538,39926.6
22460006650000,1034,524,510,41049.8
22460006651000,490,259,231,19306
22460006652000,1224,608,616,57528
22460006653000,21,14,7,879.9
22460006655000,623,325,298,17942.4
22460006656000,250,131,119,6775
22460006657000,35,19,16,1382.5
22460006658000,7,4,3,254.1
22460006659000,3,2,1,0
22460006664000,7,5,2,273.7
22460006685000,1,1,0,0
22460006686000,539,262,277,21506.1
22460006687000,432,220,212,17236.8
22460006690000,14,9,5,582.4
22460006691000,14,9,5,551.6
22460006692000,79,42,37,3112.6
22460006693000,24,14,10,1099.2
22460006694000,21,11,10,823.2
22460006695000,1,1,0,0
22460006696000,36,20,16,1742.4
22460006697000,225,117,108,7942.5
22460006698000,101,53,48,4524.8
22460006707000,9,4,5,430.2
22460006708000,2,2,0,0
22460006709000,11,6,5,413.6
22460006712000,4,1,3,0
22460006713000,2,1,1,0
22460006714000,10,6,4,254
22460006715000,4,3,1,0
22460006718000,4,3,1,0
22460006728000,48,27,21,2563.2
22460006729000,24,12,12,921.6
22460006730000,32,15,17,1529.6
22460006731000,33,17,16,1547.7
22460006732000,6,3,3,346.2
22460006733000,49,24,25,1832.6
22460006734000,247,125,122,11090.3
22460006735000,227,113,114,9579.4
22460006736000,117,53,64,4680
22460006737000,245,124,121,11196.5
22460006738000,583,258,325,27692.5
22460006739000,151,78,73,6009.8
22460006740000,90,45,45,3663
22460006741000,27,15,12,1495.8
22460006746000,19,11,8,771.4
22460006752000,32,23,9,1411.2
22460006754000,23,13,10,1009.7
22460006759000,2,1,1,0
22460006760000,52,18,34,1924
22460006761000,45,21,24,1903.5
22460006762000,1,1,0,0
22460006763000,12,6,6,618
22460006784000,32,18,14,1520
22460006785000,27,14,13,1231.2
22460006792000,20,11,9,964
22460006793000,18,10,8,882
22460006794000,12,8,4,655.2
22460006795000,541,278,263,22343.3
22460006796000,290,140,150,12905
22460006797000,118,59,59,4460.4
22460006798000,35,19,16,1529.5
22460006799000,11,6,5,364.1
22460006802000,1,1,0,0
22460006803000,26,14,12,1107.6
22460006804000,29,16,13,1058.5
22460006805000,57,32,25,2433.9
22460006806000,9,4,5,447.3
22460006807000,2,1,1,0
22460006809000,5,3,2,170
22460006810000,11,8,3,455.4
22460006811000,8,3,5,443.2
22460006812000,28,10,18,1136.8
22460006813000,23,12,11,841.8
22460006815000,46,24,22,1941.2
22460006816000,17,9,8,537.2
22460006817000,19,10,9,552.9
22460006818000,18,5,13,804.6
22460006824000,37,22,15,1417.1
22460006898000,2,2,0,0
22460006899000,6,3,3,259.8
22460006900000,1,1,0,0
22460006959000,2,1,1,0
22460006961000,3,0,3,0
22460006962000,15,9,6,742.5
22460006963000,55,27,28,2029.5
22460006964000,15,8,7,820.5
22460006972000,2,2,0,0
22460006973000,8,4,4,472
22460006974000,9,4,5,440.1
22460006975000,214,98,116,7960.8
22460006976000,147,73,74,6262.2
22460006977000,78,41,37,3868.8
22460006978000,1,1,0,0
22460006979000,3,1,2,0
22460006980000,4,2,2,0
22460007006000,10,5,5,518
22460007007000,13,5,8,408.2
22460007008000,81,42,39,3474.9
22460007009000,23,11,12,977.5
22460007010000,13,4,9,422.5
22460007011000,32,20,12,1020.8
22460007024000,6,2,4,237
22460007032000,4,2,2,0
22460007035000,6,3,3,418.2
22460007036000,37,20,17,1494.8
22460007044000,11,6,5,273.9
22460007045000,12,5,7,651.6
22460007046000,33,19,14,1630.2
22460007047000,6,3,3,117
22460007058000,5,5,0,193
22460007059000,4,3,1,0
22460007061000,16,9,7,801.6
22460007067000,17,11,6,972.4
22460007068000,7,4,3,335.3
22460007071000,72,37,35,2880
22460007072000,11,5,6,236.5
22460007077000,57,34,23,2183.1
22460007078000,31,15,16,917.6
22460007080000,29,13,16,1064.3
22460007081000,24,11,13,763.2
22460007082000,3,2,1,0
22460007089000,32,13,19,1062.4
22460007090000,5,3,2,145
22460007093000,24,13,11,1039.2
22460007094000,6,4,2,319.8
22460007095000,3,1,2,0
22470006607000,3,2,1,0
22470006608000,204,106,98,9526.8
22470006621000,3,1,2,0
22470006622000,40,24,16,1476
22470006623000,75,37,38,2677.5
22470006624000,1261,638,623,53592.5
22470006625000,309,137,172,14646.6
22470006626000,658,349,309,24543.4
22470006627000,825,430,395,30360
22470006628000,148,82,66,4898.8
22470006629000,207,109,98,8135.1
22470006630000,7,3,4,161.7
22470006631000,49,25,24,2347.1
22470006632000,853,432,421,31731.6
22470006633000,346,170,176,13874.6
22470006634000,188,92,96,8234.4
22470006635000,869,415,454,40321.6
22470006636000,130,71,59,4797
22470006637000,258,148,110,11248.8
22470006638000,109,55,54,5526.3
22470006639000,3,1,2,0
22470006641000,23,13,10,811.9
22470006642000,139,68,71,5421
22470006643000,301,142,159,11979.8
22470006644000,1769,862,907,71290.7
22470006645000,1155,581,574,46200
22470006646000,2857,1411,1446,108566
22470006647000,1186,605,581,41747.2
22470006648000,1757,868,889,61143.6
22470006649000,1478,764,714,52616.8
22470006650000,515,257,258,20033.5
22470006651000,3553,1722,1831,143896.5
22470006652000,2419,1130,1289,104500.8
22470006653000,48,27,21,2236.8
22470006654000,683,347,336,25407.6
22470006655000,1592,822,770,53013.6
22470006656000,401,205,196,14436
22470006657000,100,48,52,4340
22470006658000,73,32,41,3533.2
22470006686000,83,37,46,3245.3
22470006687000,100,54,46,2870
22470006688000,78,39,39,2971.8
22470006689000,156,79,77,7456.8
22470006690000,4,2,2,0
22470006691000,12,8,4,354
22470006692000,1,0,1,0
22470006693000,13,5,8,391.3
22470006694000,37,17,20,1768.6
22470006695000,16,9,7,780.8
22470006696000,28,15,13,1279.6
22470006697000,4,2,2,0
22470006698000,30,16,14,1335
22470006699000,17,8,9,775.2
22470006700000,17,8,9,741.2
22470006701000,15,9,6,726
22470006702000,7,4,3,273
22470006703000,4,2,2,0
22470006717000,25,10,15,987.5
22470006718000,13,7,6,357.5
22470006729000,7,3,4,443.1
22470006730000,15,10,5,658.5
22470006731000,34,19,15,1615
22470006732000,9,3,6,210.6
22470006734000,26,12,14,1279.2
22470006735000,134,77,57,5815.6
22470006736000,109,52,57,3945.8
22470006737000,45,23,22,2142
22470006738000,22,8,14,774.4
22470006739000,8,6,2,318.4
22470006740000,4,1,3,0
22470006741000,27,16,11,1452.6
22470006742000,4,1,3,0
22470006746000,9,7,2,334.8
22470006747000,1,1,0,0
22470006752000,12,4,8,471.6
22470006759000,72,38,34,3434.4
22470006760000,53,24,29,2146.5
22470006761000,18,8,10,783
22470006764000,12,7,5,550.8
22470006783000,33,14,19,1316.7
22470006784000,107,54,53,3670.1
22470006788000,1,1,0,0
22470006789000,1,1,0,0
22470006790000,5,4,1,282
22470006791000,7,4,3,296.8
22470006792000,32,16,16,1660.8
22470006793000,28,15,13,938
22470006794000,52,28,24,2121.6
22470006795000,360,191,169,12312
22470006796000,37,17,20,1635.4
22470006797000,49,24,25,1891.4
22470006798000,12,4,8,645.6
22470006802000,5,3,2,146
22470006803000,11,4,7,430.1
22470006804000,6,4,2,250.2
22470006805000,39,19,20,1661.4
22470006806000,11,5,6,530.2
22470006807000,16,7,9,625.6
22470006808000,14,5,9,652.4
22470006809000,5,2,3,265
22470006811000,9,4,5,326.7
22470006814000,27,14,13,1185.3
22470006815000,23,16,7,1009.7
22470006816000,8,4,4,424
22470006817000,6,3,3,367.2
22470006824000,22,13,9,1210
22470006862000,8,4,4,378.4
22470006869000,2,0,2,0
22470006898000,2,1,1,0
22470006899000,10,5,5,477
22470006900000,6,3,3,226.8
22470006901000,10,5,5,318
22470006959000,6,1,5,132
22470006963000,4,2,2,0
22470006973000,2,1,1,0
22470006974000,17,8,9,666.4
22470006975000,4,3,1,0
22470006976000,2,1,1,0
22470006979000,3,2,1,0
22470006980000,6,3,3,262.2
22470006981000,1,0,1,0
22470007005000,4,2,2,0
22470007006000,26,13,13,1037.4
22470007007000,13,8,5,452.4
22470007008000,57,26,31,2673.3
22470007009000,10,5,5,480
22470007010000,1,1,0,0
22470007011000,14,8,6,592.2
22470007021000,11,5,6,470.8
22470007022000,17,8,9,690.2
22470007023000,30,17,13,1053
22470007024000,67,35,32,2505.8
22470007030000,2,1,1,0
22470007033000,13,7,6,536.9
22470007037000,14,10,4,567
22470007044000,6,3,3,273
22470007054000,7,3,4,196.7
22470007055000,9,5,4,456.3
22470007056000,26,13,13,1032.2
22470007057000,48,23,25,1987.2
22470007058000,208,114,94,7571.2
22470007059000,38,21,17,1508.6
22470007061000,11,6,5,295.9
22470007068000,4,2,2,0
22470007072000,62,37,25,2994.6
22470007077000,74,34,40,2841.6
22470007078000,8,3,5,522.4
22470007080000,3,2,1,0
22470007081000,7,5,2,140
22470007089000,9,6,3,333.9
22470007090000,25,12,13,1290
22470007091000,6,3,3,358.2
22470007092000,19,8,11,967.1
22470007093000,26,14,12,803.4
22470007094000,68,36,32,3454.4
22470007095000,21,10,11,676.2
22480006608000,467,231,236,21108.4
22480006609000,148,75,73,6423.2
22480006622000,99,56,43,2583.9
22480006623000,1235,605,630,46312.5
22480006624000,373,176,197,17195.3
22480006625000,14,8,6,693
22480006627000,79,40,39,4289.7
22480006628000,39,19,20,1716
22480006629000,54,26,28,1981.8
22480006632000,9,5,4,420.3
22480006633000,71,33,38,2989.1
22480006641000,107,55,52,3894.8
22480006642000,129,69,60,5676
22480006644000,1162,592,570,47525.8
22480006645000,1639,806,833,65068.3
22480006646000,2050,1034,1016,77900
22480006647000,2184,1071,1113,85831.2
22480006648000,1725,791,934,82627.5
22480006649000,1510,723,787,58437
22480006650000,1770,838,932,80181
22480006651000,2604,1259,1345,102858
22480006652000,499,269,230,21057.8
22480006653000,2726,1303,1423,100589.4
22480006654000,732,377,355,28621.2
22480006655000,428,209,219,15022.8
22480006656000,13,7,6,542.1
22480006661000,7,2,5,245.7
22480006673000,2,1,1,0
22480006686000,2,1,1,0
22480006688000,133,69,64,4907.7
22480006689000,44,22,22,1870
22480006691000,21,12,9,823.2
22480006692000,7,5,2,261.1
22480006693000,12,7,5,567.6
22480006694000,13,5,8,664.3
22480006695000,5,2,3,268
22480006696000,3,2,1,0
22480006697000,15,7,8,640.5
22480006698000,55,29,26,2392.5
22480006699000,33,18,15,1511.4
22480006700000,13,7,6,643.5
22480006701000,16,7,9,454.4
22480006702000,37,15,22,1565.1
22480006703000,31,17,14,1531.4
22480006704000,22,9,13,904.2
22480006705000,9,5,4,377.1
22480006714000,2,1,1,0
22480006715000,15,5,10,591
22480006716000,9,6,3,528.3
22480006717000,4,1,3,0
22480006731000,6,4,2,169.2
22480006735000,5,3,2,127
22480006736000,5,1,4,108
22480006739000,7,3,4,226.8
22480006749000,9,4,5,311.4
22480006759000,45,23,22,1827
22480006760000,3,2,1,0
22480006763000,6,4,2,244.8
22480006764000,11,6,5,319
22480006782000,17,10,7,603.5
22480006783000,25,14,11,922.5
22480006784000,35,16,19,1309
22480006788000,18,8,10,919.8
22480006789000,18,7,11,703.8
22480006790000,11,7,4,532.4
22480006791000,23,13,10,949.9
22480006792000,70,36,34,2506
22480006793000,89,42,47,3230.7
22480006794000,35,19,16,1431.5
22480006795000,56,22,34,2156
22480006796000,21,10,11,758.1
22480006797000,13,7,6,626.6
22480006802000,10,5,5,529
22480006803000,13,5,8,561.6
22480006804000,8,5,3,304
22480006805000,23,14,9,1085.6
22480006806000,368,181,187,16449.6
22480006807000,427,218,209,18617.2
22480006808000,38,23,15,1337.6
22480006809000,44,24,20,2112
22480006810000,45,21,24,2214
22480006811000,16,6,10,601.6
22480006812000,16,7,9,724.8
22480006813000,7,2,5,179.2
22480006815000,6,2,4,202.8
22480006816000,7,3,4,373.8
22480006823000,17,7,10,640.9
22480006824000,7,5,2,312.9
22480006834000,8,5,3,248
22480006859000,3,2,1,0
22480006860000,1,1,0,0
22480006861000,2,1,1,0
22480006867000,12,7,5,572.4
22480006868000,4,3,1,0
22480006900000,63,29,34,2438.1
22480006901000,18,11,7,765
22480006973000,6,4,2,121.2
22480006975000,1,0,1,0
22480006980000,19,10,9,653.6
22480006981000,10,5,5,407
22480007004000,6,3,3,184.2
22480007005000,22,12,10,807.4
22480007007000,32,20,12,1376
22480007008000,18,8,10,669.6
22480007011000,14,8,6,480.2
22480007012000,11,7,4,479.6
22480007021000,36,19,17,1033.2
22480007022000,49,22,27,1715
22480007023000,19,10,9,722
22480007024000,99,52,47,4098.6
22480007025000,35,21,14,1487.5
22480007031000,26,12,14,1073.8
22480007032000,1,1,0,0
22480007033000,69,34,35,2504.7
22480007034000,98,47,51,3292.8
22480007041000,37,21,16,1472.6
22480007042000,13,5,8,542.1
22480007043000,5,2,3,189
22480007051000,16,9,7,726.4
22480007052000,25,13,12,980
22480007053000,11,6,5,544.5
22480007054000,27,16,11,758.7
22480007055000,17,10,7,618.8
22480007056000,75,34,41,2812.5
22480007057000,67,36,31,2351.7
22480007058000,11,6,5,546.7
22480007059000,41,24,17,1685.1
22480007060000,110,56,54,4246
22480007061000,145,77,68,6322
22480007062000,14,6,8,439.6
22480007072000,3,2,1,0
22480007073000,8,5,3,412.8
22480007078000,1,1,0,0
22480007089000,4,3,1,0
22480007090000,5,3,2,186
22480007091000,3,2,1,0
22480007092000,16,10,6,636.8
22480007093000,18,9,9,988.2
22480007094000,227,112,115,9011.9
22490006595000,3,2,1,0
22490006608000,93,48,45,5012.7
22490006609000,255,135,120,10735.5
22490006610000,154,82,72,5066.6
22490006611000,21,12,9,892.5
22490006612000,25,11,14,972.5
22490006623000,283,151,132,10131.4
22490006624000,2,2,0,0
22490006643000,40,24,16,1620
22490006644000,994,477,517,38766
22490006645000,1052,549,503,39765.6
22490006646000,795,413,382,27745.5
22490006647000,2185,1000,1185,106628
22490006648000,2301,1180,1121,86517.6
22490006649000,2130,1060,1070,83709
22490006650000,980,497,483,36162
22490006652000,235,114,121,8413
22490006653000,2803,1390,1413,100347.4
22490006654000,943,484,459,34608.1
22490006655000,37,19,18,1202.5
22490006657000,3,1,2,0
22490006688000,47,26,21,2021
22490006689000,152,73,79,6596.8
22490006690000,47,22,25,2382.9
22490006691000,3,2,1,0
22490006692000,29,15,14,1255.7
22490006693000,8,4,4,430.4
22490006694000,7,3,4,198.1
22490006695000,4,1,3,0
22490006696000,10,6,4,295
22490006697000,3,2,1,0
22490006698000,44,27,17,1852.4
22490006699000,47,26,21,1710.8
22490006700000,25,16,9,920
22490006701000,13,9,4,462.8
22490006702000,24,13,11,979.2
22490006703000,142,73,69,5041
22490006704000,38,21,17,1622.6
22490006705000,19,8,11,733.4
22490006706000,2,1,1,0
22490006708000,13,5,8,474.5
22490006713000,11,5,6,491.7
22490006714000,58,26,32,2731.8
22490006715000,16,9,7,795.2
22490006716000,3,2,1,0
22490006735000,6,3,3,189
22490006748000,9,6,3,316.8
22490006749000,22,12,10,858
22490006750000,11,5,6,466.4
22490006756000,2,2,0,0
22490006757000,12,6,6,363.6
22490006758000,191,81,110,9893.8
22490006759000,19,10,9,849.3
22490006760000,9,7,2,494.1
22490006769000,13,6,7,301.6
22490006780000,16,10,6,492.8
22490006783000,1,1,0,0
22490006788000,30,14,16,1182
22490006789000,18,12,6,819
22490006790000,69,34,35,2746.2
22490006791000,6,2,4,181.2
22490006792000,73,38,35,2825.1
22490006793000,45,23,22,1876.5
22490006794000,39,22,17,1567.8
22490006795000,2,1,1,0
22490006802000,6,1,5,162
22490006804000,5,3,2,270
22490006805000,51,23,28,2142
22490006806000,64,35,29,3372.8
22490006807000,41,20,21,1492.4
22490006808000,35,17,18,1501.5
22490006809000,8,4,4,398.4
22490006810000,11,6,5,520.3
22490006811000,22,12,10,737
22490006812000,18,12,6,781.2
22490006813000,11,6,5,486.2
22490006823000,19,11,8,678.3
22490006864000,2,1,1,0
22490006865000,3,1,2,0
22490006866000,27,14,13,990.9
22490006901000,12,8,4,543.6
22490006902000,10,5,5,359
22490006973000,1,1,0,0
22490006979000,9,6,3,347.4
22490006980000,14,5,9,548.8
22490006981000,4,2,2,0
22490007004000,2,1,1,0
22490007005000,5,3,2,189
22490007006000,8,4,4,152
22490007007000,6,4,2,181.2
22490007008000,4,3,1,0
22490007010000,7,3,4,235.9
22490007012000,14,6,8,418.6
22490007013000,11,6,5,474.1
22490007020000,3,2,1,0
22490007021000,5,2,3,222
22490007022000,25,16,9,875
22490007024000,31,18,13,1413.6
22490007025000,29,16,13,1339.8
22490007026000,3,2,1,0
22490007031000,3,2,1,0
22490007032000,17,9,8,722.5
22490007033000,219,115,104,8037.3
22490007034000,39,18,21,1513.2
22490007043000,15,9,6,669
22490007044000,10,5,5,408
22490007051000,86,49,37,2726.2
22490007052000,27,16,11,1147.5
22490007053000,17,5,12,691.9
22490007057000,21,11,10,711.9
22490007059000,44,21,23,1504.8
22490007060000,370,163,207,20424
22490007061000,361,187,174,13032.1
22490007062000,31,12,19,1060.2
22490007073000,5,4,1,196
22490007089000,1,0,1,0
22490007090000,11,6,5,473
22490007092000,6,3,3,286.8
22490007093000,22,9,13,739.2
22490007094000,23,13,10,1317.9
22490007110000,1,0,1,0
22500006595000,6,1,5,220.8
22500006596000,236,109,127,8637.6
22500006597000,31,15,16,1401.2
22500006609000,101,48,53,4726.8
22500006610000,692,355,337,28372
22500006611000,426,213,213,17125.2
22500006612000,95,51,44,3847.5
22500006613000,31,14,17,1333
22500006614000,3,2,1,0
22500006619000,1,0,1,0
22500006620000,4,2,2,0
22500006621000,10,4,6,434
22500006622000,50,28,22,2145
22500006623000,8,5,3,235.2
22500006643000,43,20,23,1763
22500006644000,188,88,100,6072.4
22500006645000,466,244,222,16822.6
22500006646000,1,0,1,0
22500006647000,254,130,124,9728.2
22500006648000,1863,950,913,69862.5
22500006649000,1579,758,821,63317.9
22500006650000,249,123,126,8739.9
22500006651000,8,4,4,308
22500006652000,30,14,16,1140
22500006653000,6,3,3,178.2
22500006654000,1,1,0,0
22500006688000,43,24,19,1642.6
22500006689000,97,51,46,4277.7
22500006690000,50,22,28,1995
22500006691000,18,12,6,797.4
22500006692000,111,57,54,4162.5
22500006693000,112,54,58,4323.2
22500006694000,35,16,19,1620.5
22500006695000,5,2,3,209
22500006696000,23,15,8,855.6
22500006697000,2,2,0,0
22500006698000,21,10,11,665.7
22500006699000,59,30,29,2247.9
22500006700000,10,5,5,433
22500006701000,19,10,9,856.9
22500006702000,36,13,23,1684.8
22500006703000,137,70,67,5726.6
22500006704000,63,33,30,2885.4
22500006705000,54,30,24,2386.8
22500006706000,16,8,8,729.6
22500006707000,10,6,4,475
22500006708000,98,49,49,3508.4
22500006709000,22,13,9,829.4
22500006710000,39,15,24,2059.2
22500006711000,6,3,3,372
22500006712000,34,18,16,1122
22500006713000,25,13,12,1500
22500006714000,13,6,7,721.5
22500006731000,6,3,3,385.2
22500006732000,3,2,1,0
22500006734000,4,2,2,0
22500006735000,8,4,4,336.8
22500006736000,14,8,6,502.6
22500006737000,8,4,4,478.4
22500006738000,3,1,2,0
22500006745000,7,3,4,319.9
22500006749000,2,2,0,0
22500006750000,37,21,16,1435.6
22500006757000,133,66,67,5359.9
22500006758000,53,31,22,2263.1
22500006759000,13,8,5,715
22500006760000,8,5,3,360.8
22500006769000,23,12,11,1094.8
22500006777000,8,4,4,344
22500006778000,15,7,8,753
22500006779000,52,26,26,1575.6
22500006780000,1,1,0,0
22500006785000,3,1,2,0
22500006787000,40,23,17,1276
22500006788000,158,83,75,6399
22500006789000,22,10,12,946
22500006790000,29,17,12,1212.2
22500006792000,8,4,4,351.2
22500006801000,18,12,6,597.6
22500006803000,13,9,4,730.6
22500006806000,6,2,4,297
22500006807000,18,6,12,907.2
22500006808000,9,6,3,509.4
22500006822000,4,3,1,0
22500006823000,32,16,16,1264
22500006900000,3,2,1,0
22500006901000,6,3,3,313.2
22500006902000,9,4,5,383.4
22500006944000,1,1,0,0
22500006962000,5,2,3,240
22500006979000,18,12,6,678.6
22500006980000,3,2,1,0
22500006981000,18,9,9,822.6
22500007003000,6,3,3,211.8
22500007004000,4,3,1,0
22500007005000,15,5,10,489
22500007006000,23,15,8,977.5
22500007008000,3,2,1,0
22500007009000,2,1,1,0
22500007011000,2,2,0,0
22500007013000,2,1,1,0
22500007014000,17,10,7,627.3
22500007019000,17,9,8,618.8
22500007020000,62,35,27,2399.4
22500007021000,24,12,12,784.8
22500007022000,29,15,14,1061.4
22500007023000,29,15,14,901.9
22500007024000,2,1,1,0
22500007025000,15,9,6,634.5
22500007026000,9,4,5,449.1
22500007031000,21,12,9,625.8
22500007032000,25,13,12,972.5
22500007033000,39,21,18,1462.5
22500007049000,26,15,11,1045.2
22500007050000,29,13,16,1084.6
22500007051000,48,22,26,1963.2
22500007052000,252,125,127,8114.4
22500007053000,38,20,18,1421.2
22500007054000,4,1,3,0
22500007057000,7,5,2,196.7
22500007058000,43,21,22,1552.3
22500007060000,199,84,115,10109.2
22500007061000,255,124,131,9715.5
22500007062000,15,6,9,730.5
22500007079000,22,10,12,930.6
22500007092000,28,14,14,1192.8
22500007093000,5,3,2,194
22500007094000,7,3,4,352.1
22500007098000,1,1,0,0
22500007106000,3,1,2,0
22500007108000,1,1,0,0
22500007109000,9,5,4,646.2
22500007110000,8,4,4,334.4
22510006596000,686,359,327,26342.4
22510006597000,2027,942,1085,91620.4
22510006598000,292,129,163,15972.4
22510006610000,1,0,1,0
22510006611000,188,104,84,7708
22510006612000,7,5,2,228.9
22510006613000,7,4,3,265.3
22510006614000,11,5,6,456.5
22510006616000,1,1,0,0
22510006619000,32,18,14,1433.6
22510006620000,32,16,16,1481.6
22510006621000,45,22,23,1912.5
22510006623000,1,1,0,0
22510006625000,1,0,1,0
22510006630000,9,5,4,339.3
22510006631000,2,1,1,0
22510006632000,15,8,7,808.5
22510006633000,2,1,1,0
22510006644000,2,1,1,0
22510006647000,594,261,333,28571.4
22510006648000,2438,1247,1191,86792.8
22510006649000,2735,1384,1351,99280.5
22510006650000,2488,1225,1263,86582.4
22510006651000,1507,736,771,63746.1
22510006652000,26,13,13,1068.6
22510006654000,4,3,1,0
22510006655000,1,1,0,0
22510006656000,3,1,2,0
22510006689000,81,43,38,2664.9
22510006690000,65,29,36,2827.5
22510006691000,18,10,8,658.8
22510006692000,46,23,23,1973.4
22510006693000,38,21,17,1672
22510006694000,28,17,11,1002.4
22510006695000,3,2,1,0
22510006696000,17,9,8,773.5
22510006698000,20,12,8,714
22510006699000,33,17,16,1263.9
22510006700000,48,24,24,1809.6
22510006701000,43,23,20,1892
22510006702000,45,25,20,1795.5
22510006703000,26,13,13,1526.2
22510006704000,47,24,23,2401.7
22510006705000,62,32,30,2157.6
22510006706000,146,78,68,5489.6
22510006707000,94,47,47,4295.8
22510006708000,91,45,46,3922.1
22510006709000,12,6,6,524.4
22510006710000,12,6,6,434.4
22510006711000,86,50,36,3749.6
22510006712000,14,7,7,551.6
22510006713000,53,26,27,2475.1
22510006714000,19,11,8,900.6
22510006715000,16,8,8,851.2
22510006730000,7,5,2,452.9
22510006731000,3,1,2,0
22510006733000,4,2,2,0
22510006735000,17,10,7,831.3
22510006736000,17,8,9,778.6
22510006737000,28,16,12,1019.2
22510006745000,2,1,1,0
22510006750000,31,15,16,1426
22510006752000,7,5,2,144.2
22510006757000,18,11,7,626.4
22510006758000,22,12,10,935
22510006759000,33,14,19,1537.8
22510006768000,13,5,8,543.4
22510006769000,2,2,0,0
22510006776000,1,1,0,0
22510006777000,15,7,8,630
22510006778000,43,25,18,1629.7
22510006779000,10,6,4,546
22510006783000,12,8,4,488.4
22510006784000,3,1,2,0
22510006785000,18,9,9,599.4
22510006786000,21,12,9,856.8
22510006787000,212,115,97,7186.8
22510006788000,301,151,150,11588.5
22510006789000,47,27,20,2068
22510006790000,39,21,18,1957.8
22510006791000,6,4,2,394.8
22510006802000,23,14,9,1113.2
22510006803000,41,22,19,1758.9
22510006822000,27,15,12,1036.8
22510006832000,1,0,1,0
22510006855000,3,3,0,0
22510006903000,5,3,2,93
22510006959000,9,4,5,279
22510006961000,2,1,1,0
22510006962000,5,2,3,241
22510006981000,15,6,9,526.5
22510006982000,18,11,7,817.2
22510006983000,4,2,2,0
22510006984000,1,0,1,0
22510007004000,28,12,16,1108.8
22510007006000,7,4,3,186.9
22510007008000,1,1,0,0
22510007009000,11,6,5,305.8
22510007010000,3,2,1,0
22510007012000,8,6,2,379.2
22510007013000,5,2,3,167
22510007014000,8,2,6,210.4
22510007015000,8,6,2,387.2
22510007019000,3,2,1,0
22510007020000,6,3,3,205.8
22510007021000,20,9,11,954
22510007022000,125,64,61,4950
22510007023000,107,57,50,5082.5
22510007024000,84,41,43,2839.2
22510007025000,11,7,4,312.4
22510007026000,276,154,122,10515.6
22510007027000,50,21,29,2020
22510007028000,10,6,4,268
22510007031000,435,232,203,12223.5
22510007032000,17,9,8,783.7
22510007033000,56,32,24,2105.6
22510007034000,4,1,3,0
22510007050000,68,35,33,2509.2
22510007051000,62,34,28,2678.4
22510007052000,75,35,40,2287.5
22510007053000,46,26,20,1559.4
22510007054000,2,1,1,0
22510007055000,6,3,3,178.2
22510007058000,26,15,11,1032.2
22510007059000,16,9,7,732.8
22510007060000,3,1,2,0
22510007061000,68,36,32,2645.2
22510007062000,38,23,15,1409.8
22510007072000,4,2,2,0
22510007073000,6,4,2,256.8
22510007074000,16,7,9,776
22510007075000,6,3,3,205.8
22510007079000,27,16,11,1142.1
22510007084000,6,2,4,106.2
22510007091000,2,1,1,0
22510007092000,48,26,22,2011.2
22510007093000,3,1,2,0
22510007098000,10,6,4,455
22510007099000,5,2,3,310
22510007109000,7,4,3,501.9
22510007110000,2,1,1,0
22520006591000,7,4,3,224
22520006595000,1223,561,662,58704
22520006596000,2800,1384,1416,106400
22520006597000,1889,941,948,71593.1
22520006598000,109,61,48,5133.9
22520006599000,10,5,5,479
22520006600000,1,1,0,0
22520006601000,10,4,6,529
22520006611000,135,68,67,6642
22520006612000,204,92,112,10444.8
22520006613000,30,15,15,1290
22520006614000,9,3,6,466.2
22520006615000,1,0,1,0
22520006616000,2,2,0,0
22520006617000,1,1,0,0
22520006618000,1,1,0,0
22520006619000,48,22,26,1732.8
22520006620000,132,64,68,5214
22520006621000,6,3,3,322.2
22520006622000,11,6,5,580.8
22520006625000,4,2,2,0
22520006626000,15,8,7,670.5
22520006627000,14,8,6,660.8
22520006628000,39,23,16,1680.9
22520006629000,203,97,106,7977.9
22520006630000,1126,558,568,40873.8
22520006631000,236,119,117,9086
22520006632000,124,63,61,4935.2
22520006633000,67,39,28,3463.9
22520006634000,94,46,48,4136
22520006647000,1485,662,823,65934
22520006648000,2395,1246,1149,90291.5
22520006649000,2588,1299,1289,96014.8
22520006650000,2389,1177,1212,95082.2
22520006651000,1180,610,570,45784
22520006652000,66,38,28,2871
22520006653000,22,11,11,671
22520006661000,7,4,3,338.1
22520006687000,1,0,1,0
22520006689000,10,5,5,366
22520006690000,65,32,33,2704
22520006691000,24,12,12,868.8
22520006692000,12,4,8,489.6
22520006693000,53,28,25,2581.1
22520006694000,11,5,6,491.7
22520006695000,19,9,10,913.9
22520006696000,50,24,26,2315
22520006697000,4,3,1,0
22520006698000,22,10,12,924
22520006699000,45,25,20,2029.5
22520006700000,71,34,37,2130
22520006701000,58,30,28,2204
22520006702000,41,16,25,1558
22520006703000,54,30,24,2322
22520006704000,25,10,15,807.5
22520006705000,367,180,187,16588.4
22520006706000,686,321,365,29223.6
22520006707000,45,21,24,2070
22520006708000,63,29,34,2772
22520006709000,6,3,3,303
22520006710000,10,5,5,502
22520006711000,67,33,34,2773.8
22520006712000,107,57,50,4023.2
22520006713000,24,12,12,890.4
22520006723000,1,1,0,0
22520006730000,19,9,10,1145.7
22520006733000,14,7,7,599.2
22520006736000,4,2,2,0
22520006745000,4,2,2,0
22520006749000,17,10,7,690.2
22520006750000,52,27,25,2225.6
22520006751000,1,1,0,0
22520006752000,10,6,4,617
22520006756000,7,2,5,305.2
22520006757000,65,33,32,2294.5
22520006759000,1,0,1,0
22520006760000,10,6,4,310
22520006768000,30,18,12,1386
22520006776000,182,94,88,6406.4
22520006777000,220,110,110,8360
22520006778000,15,8,7,616.5
22520006779000,37,25,12,1668.7
22520006780000,11,5,6,580.8
22520006781000,12,7,5,441.6
22520006782000,23,8,15,1046.5
22520006783000,38,21,17,1675.8
22520006784000,23,12,11,991.3
22520006785000,40,20,20,1680
22520006786000,10,4,6,225
22520006787000,11,5,6,376.2
22520006788000,104,55,49,4659.2
22520006789000,244,133,111,8588.8
22520006790000,246,125,121,9594
22520006791000,49,30,19,2190.3
22520006792000,5,3,2,233
22520006793000,2,1,1,0
22520006800000,23,9,14,1012
22520006801000,49,25,24,2028.6
22520006802000,69,44,25,2608.2
22520006803000,47,22,25,2039.8
22520006822000,4,2,2,0
22520006823000,7,5,2,266
22520006902000,7,5,2,294
22520006903000,19,10,9,849.3
22520006984000,22,10,12,926.2
22520006985000,9,4,5,378.9
22520006986000,3,2,1,0
22520007004000,4,2,2,0
22520007005000,3,2,1,0
22520007009000,46,24,22,1462.8
22520007010000,23,16,7,802.7
22520007013000,1,1,0,0
22520007014000,3,1,2,0
22520007015000,4,1,3,0
22520007022000,27,18,9,831.6
22520007023000,63,31,32,2526.3
22520007024000,72,35,37,2678.4
22520007025000,36,19,17,1170
22520007026000,14,7,7,428.4
22520007027000,43,24,19,1892
22520007028000,36,21,15,1306.8
22520007029000,8,4,4,460.8
22520007030000,39,24,15,1649.7
22520007031000,315,148,167,11623.5
22520007032000,428,227,201,15921.6
22520007033000,30,13,17,969
22520007050000,57,31,26,2211.6
22520007051000,195,97,98,8677.5
22520007052000,139,73,66,6032.6
22520007053000,32,18,14,1395.2
22520007054000,15,8,7,760.5
22520007055000,14,6,8,512.4
22520007056000,4,3,1,0
22520007058000,1,1,0,0
22520007059000,19,9,10,661.2
22520007060000,13,7,6,462.8
22520007061000,22,12,10,1018.6
22520007062000,111,58,53,4073.7
22520007063000,23,12,11,913.1
22520007074000,6,2,4,292.8
22520007079000,28,15,13,1120
22520007080000,7,4,3,382.9
22520007082000,6,3,3,205.8
22520007083000,24,10,14,1058.4
22520007084000,1,1,0,0
22520007098000,2,0,2,0
22520007099000,10,7,3,575
22520007107000,17,8,9,814.3
22520007109000,5,2,3,271
22520007110000,6,5,1,346.8
22530006584000,223,121,102,9589
22530006585000,248,124,124,9771.2
22530006586000,81,42,39,4293
22530006587000,2,1,1,0
22530006588000,2,1,1,0
22530006589000,194,100,94,7372
22530006590000,72,34,38,3391.2
22530006591000,401,202,199,17724.2
22530006592000,215,108,107,8922.5
22530006593000,423,213,210,16200.9
22530006594000,695,355,340,33290.5
22530006595000,401,209,192,16481.1
22530006596000,2820,1448,1372,130848
22530006597000,888,441,447,37917.6
22530006598000,57,28,29,1949.4
22530006599000,13,7,6,621.4
22530006600000,32,17,15,1504
22530006601000,52,24,28,2236
22530006602000,8,5,3,436
22530006620000,8,4,4,492
22530006621000,590,284,306,28615
22530006622000,1001,460,541,49049
22530006623000,521,268,253,24278.6
22530006624000,48,21,27,2020.8
22530006625000,5,3,2,250
22530006626000,59,34,25,2938.2
22530006627000,14,7,7,431.2
22530006628000,43,25,18,1982.3
22530006629000,95,46,49,3448.5
22530006630000,292,143,149,10424.4
22530006631000,288,149,139,12009.6
22530006632000,38,17,21,1425
22530006634000,88,42,46,3863.2
22530006635000,146,68,78,5664.8
22530006636000,384,201,183,15782.4
22530006637000,51,22,29,2238.9
22530006639000,4,3,1,0
22530006645000,65,32,33,2268.5
22530006646000,277,147,130,9999.7
22530006647000,64,34,30,3302.4
22530006648000,1551,769,782,58317.6
22530006649000,2025,970,1055,81202.5
22530006650000,2803,1337,1466,131741
22530006651000,3210,1572,1638,118128
22530006652000,2360,1159,1201,92984
22530006653000,544,270,274,21216
22530006654000,108,63,45,5065.2
22530006655000,2,1,1,0
22530006661000,20,10,10,916
22530006662000,48,26,22,1819.2
22530006690000,32,16,16,1452.8
22530006691000,84,47,37,3284.4
22530006692000,8,4,4,182.4
22530006693000,25,12,13,1172.5
22530006694000,49,26,23,1901.2
22530006695000,52,28,24,2371.2
22530006696000,17,10,7,729.3
22530006697000,106,56,50,4081
22530006698000,23,12,11,903.9
22530006699000,21,10,11,903
22530006700000,100,45,55,4040
22530006701000,36,19,17,1281.6
22530006702000,31,17,14,1298.9
22530006703000,71,34,37,3216.3
22530006704000,10,6,4,529
22530006705000,349,162,187,15216.4
22530006706000,284,152,132,10366
22530006707000,172,82,90,6811.2
22530006708000,95,49,46,3980.5
22530006709000,15,7,8,502.5
22530006710000,7,4,3,415.1
22530006711000,35,14,21,1316
22530006712000,17,10,7,724.2
22530006713000,3,1,2,0
22530006714000,29,17,12,1133.9
22530006715000,16,7,9,622.4
22530006729000,2,1,1,0
22530006730000,7,5,2,314.3
22530006731000,3,2,1,0
22530006749000,6,3,3,234
22530006750000,39,19,20,1419.6
22530006751000,6,3,3,328.8
22530006752000,12,8,4,609.6
22530006755000,4,2,2,0
22530006757000,25,9,16,1260
22530006758000,44,20,24,1887.6
22530006759000,36,18,18,1792.8
22530006760000,24,15,9,960
22530006768000,31,19,12,1205.9
22530006771000,21,11,10,714
22530006774000,14,7,7,435.4
22530006775000,58,27,31,2482.4
22530006776000,281,151,130,9666.4
22530006777000,55,28,27,2607
22530006778000,8,5,3,388
22530006779000,18,11,7,586.8
22530006780000,17,9,8,867
22530006781000,83,40,43,3178.9
22530006782000,613,309,304,22068
22530006783000,198,101,97,8316
22530006784000,72,39,33,2872.8
22530006785000,34,23,11,1611.6
22530006786000,24,14,10,775.2
22530006787000,57,28,29,1943.7
22530006788000,113,61,52,4610.4
22530006789000,63,36,27,2658.6
22530006790000,281,148,133,11268.1
22530006791000,34,16,18,1190
22530006792000,36,20,16,1695.6
22530006793000,45,22,23,1926
22530006794000,14,6,8,558.6
22530006799000,9,5,4,399.6
22530006800000,51,26,25,1978.8
22530006801000,37,18,19,1224.7
22530006802000,49,26,23,2258.9
22530006803000,35,19,16,1403.5
22530006804000,10,6,4,341
22530006866000,2,2,0,0
22530006867000,1,1,0,0
22530006903000,4,2,2,0
22530006904000,1,1,0,0
22530006955000,8,4,4,348.8
22530006956000,2,1,1,0
22530006984000,26,14,12,832
22530006985000,13,7,6,601.9
22530006986000,35,18,17,1386
22530007005000,5,3,2,324
22530007009000,12,6,6,537.6
22530007010000,30,16,14,1107
22530007011000,20,12,8,1030
22530007012000,152,75,77,8071.2
22530007013000,350,184,166,12810
22530007014000,6,3,3,220.8
22530007020000,4,2,2,0
22530007023000,5,2,3,175
22530007026000,6,2,4,243
22530007027000,11,5,6,498.3
22530007028000,20,11,9,764
22530007029000,40,22,18,1700
22530007030000,64,31,33,2572.8
22530007031000,350,159,191,17255
22530007032000,109,60,49,4621.6
22530007036000,7,4,3,328.3
22530007037000,39,22,17,1739.4
22530007038000,14,8,6,603.4
22530007039000,78,41,37,3003
22530007040000,2,1,1,0
22530007049000,2,1,1,0
22530007050000,35,17,18,1137.5
22530007051000,32,15,17,1356.8
22530007052000,31,19,12,1565.5
22530007053000,43,21,22,1530.8
22530007054000,31,17,14,1013.7
22530007055000,6,4,2,100.8
22530007057000,2,0,2,0
22530007059000,1,1,0,0
22530007061000,7,3,4,471.1
22530007062000,32,12,20,1040
22530007063000,23,12,11,986.7
22530007064000,1,0,1,0
22530007074000,9,4,5,422.1
22530007082000,23,12,11,779.7
22530007084000,2,1,1,0
22530007096000,12,7,5,637.2
22530007097000,7,3,4,462
22530007101000,12,5,7,451.2
22530007108000,10,2,8,309
22530007109000,1,1,0,0
22530007111000,6,3,3,175.2
22530007112000,38,24,14,1592.2
22530007113000,10,6,4,283
22540006582000,12,7,5,531.6
22540006583000,115,63,52,4094
22540006584000,564,287,277,23744.4
22540006585000,36,20,16,1486.8
22540006586000,25,16,9,775
22540006587000,4,2,2,0
22540006588000,25,14,11,977.5
22540006589000,63,31,32,2677.5
22540006590000,165,93,72,6633
22540006591000,183,93,90,6075.6
22540006592000,29,17,12,1244.1
22540006593000,686,300,386,32242
22540006594000,1629,826,803,66951.9
22540006595000,3219,1575,1644,124253.4
22540006596000,2572,1260,1312,115482.8
22540006597000,627,310,317,27337.2
22540006598000,156,77,79,5475.6
22540006601000,15,8,7,643.5
22540006602000,7,3,4,277.9
22540006603000,9,6,3,360
22540006604000,1,1,0,0
22540006607000,6,3,3,310.2
22540006608000,6,1,5,252
22540006609000,4,2,2,0
22540006610000,8,5,3,440
22540006612000,1,1,0,0
22540006613000,49,21,28,2038.4
22540006614000,98,48,50,4263
22540006615000,3,3,0,0
22540006616000,8,3,5,362.4
22540006617000,4,4,0,0
22540006618000,5,2,3,321
22540006619000,140,67,73,5810
22540006620000,1350,678,672,51435
22540006621000,2643,1276,1367,103605.6
22540006622000,1565,750,815,71677
22540006623000,117,56,61,4668.3
22540006624000,34,20,14,1465.4
22540006625000,6,4,2,364.8
22540006626000,18,11,7,916.2
22540006627000,6,3,3,304.2
22540006628000,29,19,10,887.4
22540006629000,5,3,2,247
22540006630000,24,10,14,1044
22540006631000,250,127,123,9550
22540006632000,9,4,5,246.6
22540006633000,3,1,2,0
22540006635000,2,1,1,0
22540006636000,428,209,219,14851.6
22540006637000,358,179,179,12709
22540006638000,52,25,27,2194.4
22540006639000,430,223,207,17243
22540006645000,468,239,229,17596.8
22540006646000,1544,774,770,57591.2
22540006647000,1235,596,639,43842.5
22540006648000,808,398,410,29411.2
22540006649000,3304,1648,1656,136455.2
22540006650000,2860,1401,1459,104104
22540006651000,3046,1534,1512,112702
22540006652000,3066,1498,1568,116814.6
22540006653000,2825,1237,1588,128537.5
22540006654000,883,425,458,47593.7
22540006655000,8,4,4,326.4
22540006656000,6,2,4,211.2
22540006660000,6,3,3,220.2
22540006661000,89,45,44,3471
22540006662000,19,9,10,950
22540006663000,12,6,6,345.6
22540006686000,5,2,3,196
22540006687000,13,9,4,522.6
22540006688000,6,3,3,244.2
22540006690000,14,4,10,526.4
22540006691000,189,91,98,7314.3
22540006692000,42,20,22,1402.8
22540006693000,28,13,15,996.8
22540006694000,54,30,24,2116.8
22540006695000,86,48,38,3259.4
22540006696000,13,6,7,630.5
22540006697000,41,22,19,1340.7
22540006698000,11,6,5,557.7
22540006699000,58,28,30,2244.6
22540006700000,221,96,125,8950.5
22540006701000,42,19,23,1797.6
22540006702000,21,10,11,810.6
22540006703000,79,43,36,3278.5
22540006704000,341,170,171,12582.9
22540006705000,534,263,271,19651.2
22540006706000,36,16,20,1843.2
22540006707000,5,3,2,175
22540006708000,33,16,17,1356.3
22540006709000,3,1,2,0
22540006712000,1,1,0,0
22540006715000,4,1,3,0
22540006716000,44,22,22,1518
22540006717000,3,2,1,0
22540006729000,57,29,28,2217.3
22540006730000,53,40,13,1775.5
22540006732000,17,9,8,802.4
22540006733000,13,6,7,457.6
22540006734000,17,10,7,748
22540006735000,28,15,13,862.4
22540006747000,1,1,0,0
22540006749000,11,5,6,295.9
22540006750000,22,13,9,761.2
22540006751000,2,1,1,0
22540006752000,4,3,1,0
22540006753000,2,2,0,0
22540006755000,5,3,2,90
22540006757000,6,3,3,243
22540006758000,19,12,7,915.8
22540006759000,21,14,7,766.5
22540006767000,9,6,3,203.4
22540006768000,57,31,26,1909.5
22540006771000,58,28,30,2331.6
22540006772000,66,37,29,2719.2
22540006773000,37,19,18,1332
22540006774000,3,2,1,0
22540006782000,368,189,179,14388.8
22540006783000,306,147,159,11750.4
22540006784000,338,158,180,13553.8
22540006785000,855,399,456,35910
22540006786000,656,273,383,32931.2
22540006787000,93,51,42,3980.4
22540006793000,29,16,13,1281.8
22540006794000,34,23,11,1547
22540006795000,19,8,11,693.5
22540006796000,12,8,4,474
22540006797000,27,14,13,947.7
22540006798000,135,66,69,4252.5
22540006799000,34,16,18,1084.6
22540006800000,134,67,67,5547.6
22540006801000,240,113,127,10800
22540006802000,78,38,40,3018.6
22540006803000,22,11,11,1012
22540006856000,2,1,1,0
22540006866000,1,0,1,0
22540006903000,8,4,4,196
22540006904000,10,4,6,469
22540006954000,13,6,7,600.6
22540006955000,2,1,1,0
22540006980000,4,2,2,0
22540006986000,2,1,1,0
22540006987000,35,13,22,1200.5
22540007005000,4,1,3,0
22540007006000,10,3,7,572
22540007011000,3,1,2,0
22540007013000,12,7,5,364.8
22540007014000,101,54,47,4130.9
22540007015000,40,20,20,1704
22540007019000,9,4,5,358.2
22540007020000,35,16,19,1067.5
22540007021000,4,3,1,0
22540007027000,45,23,22,1476
22540007030000,36,18,18,1468.8
22540007031000,6,3,3,204
22540007036000,70,37,33,2688
22540007037000,16,9,7,819.2
22540007038000,21,11,10,1092
22540007039000,14,6,8,562.8
22540007040000,23,14,9,841.8
22540007050000,20,10,10,580
22540007051000,18,10,8,590.4
22540007055000,2,1,1,0
22540007058000,5,2,3,103
22540007059000,7,3,4,331.8
22540007060000,2,2,0,0
22540007061000,25,15,10,1170
22540007062000,24,13,11,840
22540007063000,9,5,4,357.3
22540007064000,22,13,9,1071.4
22540007076000,1,1,0,0
22540007077000,3,2,1,0
22540007097000,4,3,1,0
22540007102000,10,4,6,340
22540007103000,16,8,8,798.4
22540007111000,8,6,2,376
22540007113000,7,3,4,343.7
22550006582000,4,2,2,0
22550006583000,220,116,104,8602
22550006584000,153,78,75,5829.3
22550006586000,24,12,12,734.4
22550006587000,9,4,5,347.4
22550006588000,31,16,15,1379.5
22550006589000,8,2,6,374.4
22550006590000,126,59,67,4573.8
22550006591000,419,208,211,14246
22550006592000,129,63,66,4811.7
22550006593000,1591,805,786,58389.7
22550006594000,1984,981,1003,74201.6
22550006595000,2181,1081,1100,92256.3
22550006596000,1812,932,880,70849.2
22550006597000,2034,995,1039,83597.4
22550006598000,1560,763,797,58344
22550006599000,769,408,361,31913.5
22550006600000,167,90,77,6045.4
22550006601000,6,4,2,204
22550006602000,190,97,93,7106
22550006603000,407,202,205,16402.1
22550006604000,300,144,156,13500
22550006605000,313,149,164,15681.3
22550006606000,46,23,23,2608.2
22550006607000,49,27,22,2371.6
22550006608000,7,4,3,368.9
22550006609000,2,1,1,0
22550006610000,8,5,3,294.4
22550006612000,3,2,1,0
22550006613000,87,45,42,3384.3
22550006614000,92,50,42,4094
22550006615000,49,29,20,1974.7
22550006616000,7,4,3,445.2
22550006617000,6,2,4,385.8
22550006618000,17,8,9,931.6
22550006619000,36,20,16,1274.4
22550006620000,119,70,49,4414.9
22550006621000,878,406,472,33276.2
22550006622000,1641,792,849,60224.7
22550006623000,1361,679,682,58795.2
22550006624000,1243,615,628,49222.8
22550006625000,17,13,4,656.2
22550006626000,53,24,29,2358.5
22550006627000,27,18,9,1104.3
22550006628000,2,1,1,0
22550006630000,16,9,7,601.6
22550006631000,47,26,21,2256
22550006632000,4,3,1,0
22550006633000,6,4,2,213
22550006634000,7,3,4,284.9
22550006635000,34,19,15,1615
22550006636000,72,40,32,3160.8
22550006638000,3,2,1,0
22550006639000,421,196,225,14987.6
22550006640000,1219,590,629,53514.1
22550006641000,274,96,178,17974.4
22550006645000,6,4,2,304.2
22550006646000,543,261,282,21448.5
22550006647000,2407,1208,1199,87374.1
22550006648000,526,283,243,17831.4
22550006649000,1933,1019,914,69008.1
22550006650000,2073,1031,1042,74420.7
22550006651000,2652,1310,1342,98124
22550006652000,2391,1208,1183,86315.1
22550006653000,2548,1229,1319,98098
22550006654000,532,261,271,20694.8
22550006655000,246,124,122,9889.2
22550006656000,13,7,6,663
22550006657000,29,12,17,1133.9
22550006658000,17,10,7,899.3
22550006659000,10,5,5,339
22550006660000,24,12,12,936
22550006661000,41,27,14,2189.4
22550006662000,29,15,14,1513.8
22550006687000,7,4,3,373.1
22550006688000,5,3,2,251
22550006690000,22,14,8,796.4
22550006691000,169,76,93,9295
22550006692000,248,133,115,10639.2
22550006693000,316,141,175,13114
22550006694000,160,85,75,5472
22550006695000,68,33,35,2264.4
22550006696000,24,14,10,1192.8
22550006697000,42,23,19,1629.6
22550006698000,56,26,30,2256.8
22550006699000,303,137,166,13816.8
22550006700000,129,60,69,6166.2
22550006701000,17,9,8,884
22550006702000,90,45,45,3888
22550006703000,726,351,375,28531.8
22550006704000,339,165,174,14271.9
22550006705000,258,130,128,10010.4
22550006706000,97,48,49,4927.6
22550006707000,23,13,10,798.1
22550006729000,17,9,8,472.6
22550006730000,73,37,36,3219.3
22550006731000,32,21,11,1299.2
22550006732000,36,18,18,1407.6
22550006733000,51,21,30,2504.1
22550006749000,3,2,1,0
22550006750000,42,22,20,1688.4
22550006751000,8,3,5,390.4
22550006752000,17,10,7,622.2
22550006753000,12,6,6,432
22550006757000,14,7,7,512.4
22550006758000,116,54,62,4616.8
22550006759000,30,18,12,1041
22550006767000,17,7,10,727.6
22550006768000,27,14,13,1131.3
22550006771000,129,69,60,4876.2
22550006772000,83,63,20,3436.2
22550006775000,8,5,3,378.4
22550006776000,36,21,15,1184.4
22550006777000,7,3,4,277.2
22550006778000,37,17,20,1639.1
22550006779000,30,13,17,1134
22550006780000,35,15,20,1102.5
22550006781000,35,20,15,1659
22550006782000,414,195,219,16642.8
22550006783000,1654,777,877,69468
22550006784000,2464,1169,1295,110880
22550006785000,2129,988,1141,99637.2
22550006786000,1883,900,983,75508.3
22550006787000,161,87,74,6488.3
22550006788000,2,1,1,0
22550006794000,4,3,1,0
22550006795000,18,10,8,554.4
22550006796000,29,17,12,875.8
22550006797000,157,78,79,6123
22550006798000,986,496,490,39637.2
22550006799000,246,124,122,11143.8
22550006800000,82,39,43,3591.6
22550006801000,41,21,20,1664.6
22550006802000,6,3,3,306
22550006856000,2,2,0,0
22550006857000,11,5,6,517
22550006866000,2,1,1,0
22550006905000,3,2,1,0
22550006952000,12,6,6,496.8
22550006954000,7,3,4,415.1
22550006971000,6,3,3,243
22550006973000,1,1,0,0
22550006977000,3,2,1,0
22550006980000,2,1,1,0
22550006981000,3,2,1,0
22550006987000,36,18,18,1465.2
22550006988000,129,65,64,4656.9
22550006989000,70,33,37,2989
22550006990000,39,22,17,1805.7
22550006991000,24,14,10,897.6
22550006997000,2,1,1,0
22550007010000,2,1,1,0
22550007011000,6,4,2,166.8
22550007012000,4,4,0,0
22550007015000,20,11,9,946
22550007016000,7,3,4,205.8
22550007017000,10,5,5,560
22550007018000,4,2,2,0
22550007019000,17,8,9,639.2
22550007020000,55,28,27,2183.5
22550007021000,6,3,3,285
22550007030000,4,3,1,0
22550007034000,35,14,21,1470
22550007035000,30,16,14,1476
22550007036000,39,21,18,1509.3
22550007037000,10,6,4,212
22550007038000,14,9,5,474.6
22550007039000,2,2,0,0
22550007041000,26,15,11,1198.6
22550007050000,87,49,38,3184.2
22550007051000,5,4,1,255
22550007056000,15,8,7,688.5
22550007057000,3,2,1,0
22550007058000,11,5,6,473
22550007059000,10,5,5,404
22550007060000,26,17,9,1014
22550007061000,4,1,3,0
22550007062000,25,13,12,1087.5
22550007063000,12,7,5,349.2
22550007064000,5,2,3,246
22550007065000,18,12,6,507.6
22550007074000,5,3,2,248
22550007075000,4,2,2,0
22550007078000,8,2,6,336.8
22550007082000,1,1,0,0
22550007084000,1,1,0,0
22550007097000,4,2,2,0
22550007098000,16,9,7,798.4
22550007103000,42,18,24,1818.6
22550007104000,5,1,4,197
22550007105000,9,7,2,410.4
22550007106000,3,2,1,0
22550007110000,29,18,11,1276
22550007111000,20,9,11,1040
22560006574000,18,8,10,678.6
22560006575000,81,41,40,3588.3
22560006576000,82,39,43,3370.2
22560006577000,5,3,2,155
22560006578000,27,16,11,1155.6
22560006582000,1,0,1,0
22560006583000,2,1,1,0
22560006584000,31,16,15,1847.6
22560006585000,244,121,123,10516.4
22560006586000,57,30,27,2411.1
22560006587000,24,15,9,1080
22560006588000,6,3,3,441
22560006589000,28,12,16,1122.8
22560006590000,25,13,12,1200
22560006591000,19,9,10,680.2
22560006592000,241,134,107,9037.5
22560006593000,20,9,11,638
22560006594000,57,31,26,2217.3
22560006595000,334,173,161,11756.8
22560006596000,348,173,175,11797.2
22560006597000,57,30,27,2228.7
22560006598000,661,319,342,26043.4
22560006599000,769,390,379,27760.9
22560006600000,601,304,297,21996.6
22560006601000,457,238,219,14852.5
22560006602000,363,163,200,15536.4
22560006603000,586,300,286,21037.4
22560006604000,1359,670,689,46613.7
22560006605000,656,324,332,25649.6
22560006606000,1189,571,618,50889.2
22560006607000,121,64,57,5432.9
22560006608000,53,24,29,2708.3
22560006609000,26,12,14,860.6
22560006610000,24,13,11,926.4
22560006611000,3,2,1,0
22560006612000,5,4,1,253
22560006613000,33,20,13,1491.6
22560006614000,46,24,22,1945.8
22560006615000,17,6,11,863.6
22560006616000,3,2,1,0
22560006617000,8,5,3,272.8
22560006618000,18,10,8,806.4
22560006619000,28,17,11,1234.8
22560006620000,22,11,11,829.4
22560006621000,42,19,23,1650.6
22560006622000,24,12,12,847.2
22560006623000,30,15,15,1326
22560006624000,323,160,163,11240.4
22560006626000,4,3,1,0
22560006627000,46,28,18,1596.2
22560006628000,19,10,9,718.2
22560006629000,15,10,5,706.5
22560006630000,22,12,10,1251.8
22560006631000,39,18,21,1259.7
22560006632000,64,30,34,2412.8
22560006633000,27,15,12,999
22560006634000,7,4,3,356.3
22560006635000,15,6,9,418.5
22560006636000,4,2,2,0
22560006637000,37,20,17,1191.4
22560006638000,2,2,0,0
22560006639000,19,12,7,632.7
22560006640000,44,19,25,2006.4
22560006641000,224,109,115,10281.6
22560006642000,1205,607,598,47959
22560006643000,730,359,371,29930
22560006644000,272,141,131,11696
22560006648000,36,16,20,1252.8
22560006649000,880,440,440,40392
22560006650000,4270,2082,2188,163541
22560006651000,3278,1600,1678,141937.4
22560006652000,4371,2139,2232,173091.6
22560006653000,3805,1839,1966,151439
22560006654000,3244,1582,1662,117432.8
22560006655000,1653,794,859,71574.9
22560006656000,477,225,252,21846.6
22560006657000,19,13,6,950
22560006658000,131,60,71,4807.7
22560006659000,20,8,12,810
22560006660000,18,8,10,702
22560006661000,117,59,58,3931.2
22560006662000,10,6,4,524
22560006672000,2,1,1,0
22560006686000,10,6,4,563
22560006687000,8,3,5,336
22560006688000,4,2,2,0
22560006689000,1,0,1,0
22560006690000,16,9,7,814.4
22560006691000,8,6,2,404.8
22560006692000,93,44,49,3803.7
22560006693000,161,78,83,7792.4
22560006694000,91,45,46,3876.6
22560006695000,25,13,12,1255
22560006696000,18,8,10,1020.6
22560006697000,62,33,29,2362.2
22560006698000,122,61,61,5075.2
22560006699000,453,178,275,23827.8
22560006700000,507,238,269,23119.2
22560006701000,42,20,22,1776.6
22560006702000,294,151,143,12054
22560006703000,255,127,128,9639
22560006704000,135,69,66,5251.5
22560006705000,109,58,51,4447.2
22560006706000,110,55,55,4488
22560006707000,49,29,20,2053.1
22560006708000,11,6,5,470.8
22560006710000,10,5,5,483
22560006711000,3,2,1,0
22560006722000,3,2,1,0
22560006723000,1,0,1,0
22560006724000,1,1,0,0
22560006733000,14,8,6,645.4
22560006735000,9,4,5,206.1
22560006742000,1,0,1,0
22560006749000,22,12,10,869
22560006750000,53,24,29,2369.1
22560006751000,15,8,7,640.5
22560006753000,26,15,11,912.6
22560006756000,2,1,1,0
22560006757000,18,9,9,925.2
22560006758000,23,10,13,828
22560006759000,4,2,2,0
22560006767000,44,22,22,1412.4
22560006768000,6,3,3,304.8
22560006769000,2,1,1,0
22560006770000,54,32,22,1965.6
22560006771000,28,15,13,1240.4
22560006773000,1,1,0,0
22560006774000,14,6,8,491.4
22560006775000,50,29,21,2470
22560006776000,67,32,35,2606.3
22560006777000,17,9,8,756.5
22560006779000,11,4,7,541.2
22560006780000,343,174,169,10804.5
22560006781000,532,263,269,19950
22560006782000,2038,986,1052,83965.6
22560006783000,1260,608,652,55188
22560006784000,987,467,520,40763.1
22560006785000,757,373,384,32399.6
22560006786000,681,326,355,28397.7
22560006787000,138,74,64,6237.6
22560006788000,10,5,5,366
22560006794000,61,28,33,2488.8
22560006795000,73,36,37,3212
22560006796000,76,37,39,3009.6
22560006797000,39,20,19,1552.2
22560006798000,80,39,41,2824
22560006799000,76,39,37,3526.4
22560006800000,28,13,15,1066.8
22560006857000,8,4,4,424.8
22560006865000,1,1,0,0
22560006905000,3,2,1,0
22560006949000,27,14,13,1090.8
22560006950000,5,2,3,270
22560006951000,59,29,30,2377.7
22560006952000,9,4,5,447.3
22560006982000,14,6,8,536.2
22560006985000,20,10,10,992
22560006986000,53,26,27,1966.3
22560006987000,42,23,19,1596
22560006988000,101,53,48,4130.9
22560006989000,111,50,61,5139.3
22560006990000,8,5,3,384.8
22560006991000,23,10,13,1062.6
22560006992000,25,13,12,755
22560007006000,4,2,2,0
22560007012000,20,8,12,766
22560007013000,6,2,4,277.8
22560007017000,2,1,1,0
22560007021000,4,3,1,0
22560007028000,409,216,193,13128.9
22560007029000,187,92,95,5572.6
22560007030000,101,52,49,3737
22560007034000,48,24,24,1804.8
22560007035000,26,15,11,1118
22560007036000,22,11,11,708.4
22560007037000,17,9,8,822.8
22560007038000,29,16,13,1220.9
22560007040000,14,9,5,568.4
22560007041000,75,42,33,2835
22560007042000,17,8,9,659.6
22560007050000,39,17,22,978.9
22560007051000,11,4,7,346.5
22560007053000,4,2,2,0
22560007054000,2,1,1,0
22560007055000,7,5,2,242.2
22560007056000,32,16,16,1251.2
22560007057000,46,22,24,1683.6
22560007058000,5,4,1,186
22560007060000,24,14,10,847.2
22560007062000,5,3,2,303
22560007063000,8,5,3,423.2
22560007065000,10,6,4,466
22560007075000,7,5,2,221.9
22560007076000,4,3,1,0
22560007078000,2,1,1,0
22560007079000,166,83,83,7387
22560007081000,2,1,1,0
22560007083000,3,2,1,0
22560007084000,8,4,4,339.2
22560007098000,3,2,1,0
22560007099000,2,1,1,0
22560007105000,9,5,4,504.9
22560007107000,16,8,8,553.6
22560007108000,7,6,1,366.1
22560007111000,73,39,34,3598.9
22560007113000,4,3,1,0
22560007114000,6,3,3,390
22570006573000,2,1,1,0
22570006574000,44,19,25,1997.6
22570006575000,562,276,286,24390.8
22570006576000,385,192,193,15015
22570006577000,247,120,127,9880
22570006578000,196,106,90,8957.2
22570006579000,41,21,20,2009
22570006580000,47,23,24,1884.7
22570006582000,17,12,5,861.9
22570006586000,6,3,3,250.8
22570006587000,19,11,8,547.2
22570006588000,40,20,20,1788
22570006589000,347,180,167,12804.3
22570006590000,37,20,17,1498.5
22570006591000,135,74,61,4779
22570006592000,188,97,91,6880.8
22570006593000,12,5,7,597.6
22570006597000,26,12,14,839.8
22570006599000,5,3,2,155
22570006602000,2,1,1,0
22570006603000,53,31,22,1966.3
22570006604000,1,1,0,0
22570006605000,278,134,144,12120.8
22570006606000,717,342,375,26887.5
22570006607000,11,7,4,423.5
22570006608000,20,11,9,982
22570006609000,56,34,22,2167.2
22570006610000,5,3,2,252
22570006611000,11,6,5,413.6
22570006612000,55,32,23,2403.5
22570006613000,290,149,141,12064
22570006614000,1717,852,865,56832.7
22570006615000,28,15,13,1176
22570006616000,11,6,5,457.6
22570006617000,8,4,4,519.2
22570006618000,16,10,6,545.6
22570006619000,14,8,6,589.4
22570006620000,45,24,21,1971
22570006621000,16,8,8,659.2
22570006622000,44,26,18,1707.2
22570006623000,20,10,10,632
22570006624000,69,40,29,2318.4
22570006626000,3,2,1,0
22570006628000,34,16,18,1026.8
22570006629000,14,6,8,596.4
22570006630000,2,1,1,0
22570006631000,7,4,3,427
22570006632000,28,14,14,1411.2
22570006633000,20,8,12,942
22570006634000,64,34,30,2528
22570006635000,19,10,9,708.7
22570006636000,3,2,1,0
22570006637000,141,69,72,5781
22570006638000,15,6,9,571.5
22570006639000,38,19,19,1364.2
22570006640000,180,82,98,8316
22570006641000,134,72,62,4797.2
22570006642000,1121,542,579,38674.5
22570006643000,2589,1231,1358,97864.2
22570006644000,617,294,323,24926.8
22570006647000,12,6,6,759.6
22570006648000,26,16,10,813.8
22570006649000,13,8,5,505.7
22570006650000,3606,1774,1832,138831
22570006651000,3470,1620,1850,148516
22570006652000,2423,1183,1240,107338.9
22570006653000,4538,2091,2447,171082.6
22570006654000,3815,1833,1982,150311
22570006655000,2195,1078,1117,91531.5
22570006656000,1910,953,957,74872
22570006657000,473,248,225,14615.7
22570006660000,2,1,1,0
22570006662000,10,5,5,385
22570006686000,8,5,3,364.8
22570006687000,7,5,2,149.1
22570006688000,6,3,3,343.8
22570006689000,29,15,14,1377.5
22570006690000,51,28,23,2320.5
22570006691000,596,306,290,23124.8
22570006692000,257,133,124,10177.2
22570006693000,81,41,40,3701.7
22570006694000,40,19,21,2100
22570006695000,34,18,16,1322.6
22570006696000,79,40,39,3420.7
22570006697000,29,14,15,951.2
22570006698000,28,16,12,1153.6
22570006699000,94,50,44,3656.6
22570006700000,238,111,127,10591
22570006701000,35,17,18,1064
22570006702000,85,45,40,3315
22570006703000,109,59,50,4414.5
22570006704000,24,13,11,943.2
22570006705000,51,25,26,2019.6
22570006706000,24,14,10,907.2
22570006707000,2,1,1,0
22570006708000,22,10,12,816.2
22570006722000,5,2,3,272
22570006723000,8,4,4,428
22570006724000,25,13,12,930
22570006725000,14,7,7,596.4
22570006730000,13,8,5,473.2
22570006731000,6,2,4,330
22570006733000,3,2,1,0
22570006734000,18,6,12,630
22570006735000,26,15,11,969.8
22570006736000,29,13,16,1392
22570006743000,3,1,2,0
22570006744000,3,1,2,0
22570006745000,9,4,5,416.7
22570006748000,100,50,50,4300
22570006749000,54,26,28,2413.8
22570006750000,84,45,39,3024
22570006751000,12,6,6,480
22570006757000,4,3,1,0
22570006758000,11,5,6,464.2
22570006759000,3,3,0,0
22570006764000,4,2,2,0
22570006767000,32,17,15,1388.8
22570006768000,6,3,3,321
22570006769000,8,3,5,242.4
22570006770000,34,13,21,1244.4
22570006772000,3,1,2,0
22570006773000,10,5,5,410
22570006774000,22,17,5,855.8
22570006775000,71,34,37,2903.9
22570006776000,7,4,3,254.1
22570006777000,5,3,2,301
22570006780000,24,11,13,1020
22570006781000,209,110,99,7419.5
22570006782000,1070,523,547,41088
22570006783000,45,22,23,1971
22570006784000,33,15,18,1277.1
22570006785000,16,8,8,672
22570006786000,116,57,59,4106.4
22570006787000,51,24,27,2371.5
22570006795000,1,1,0,0
22570006798000,14,8,6,670.6
22570006799000,14,6,8,509.6
22570006858000,3,2,1,0
22570006904000,7,2,5,329
22570006947000,12,6,6,367.2
22570006948000,8,3,5,211.2
22570006949000,10,7,3,432
22570006950000,2,1,1,0
22570006977000,1,1,0,0
22570006978000,4,2,2,0
22570006979000,7,4,3,265.3
22570006982000,4,1,3,0
22570006983000,12,5,7,326.4
22570006984000,4,2,2,0
22570006985000,16,9,7,542.4
22570006986000,23,13,10,811.9
22570006987000,93,52,41,3887.4
22570006988000,27,16,11,1017.9
22570006989000,17,10,7,771.8
22570006990000,37,16,21,1080.4
22570006992000,1,1,0,0
22570007005000,9,4,5,381.6
22570007006000,38,20,18,1356.6
22570007010000,6,3,3,319.8
22570007011000,20,8,12,846
22570007012000,6,4,2,244.2
22570007016000,12,7,5,410.4
22570007021000,33,15,18,1122
22570007022000,61,28,33,2616.9
22570007023000,3,2,1,0
22570007024000,13,5,8,456.3
22570007027000,106,54,52,3551
22570007028000,400,203,197,11840
22570007029000,556,290,266,18014.4
22570007030000,19,8,11,672.6
22570007033000,35,22,13,1459.5
22570007034000,74,36,38,2353.2
22570007035000,35,18,17,1305.5
22570007036000,33,18,15,1188
22570007037000,8,5,3,264
22570007038000,6,2,4,229.2
22570007039000,7,4,3,364
22570007040000,35,15,20,1484
22570007041000,339,176,163,11763.3
22570007042000,17,10,7,782
22570007051000,15,9,6,670.5
22570007057000,11,3,8,419.1
22570007062000,5,2,3,128
22570007063000,1,0,1,0
22570007065000,6,4,2,232.2
22570007066000,30,13,17,1296
22570007074000,5,0,5,128
22570007076000,3,2,1,0
22570007077000,13,7,6,556.4
22570007078000,13,5,8,657.8
22570007079000,60,30,30,2694
22570007080000,38,21,17,2010.2
22570007083000,24,9,15,1257.6
22570007084000,6,2,4,381
22570007097000,6,2,4,385.2
22570007098000,10,5,5,290
22570007099000,7,4,3,440.3
22570007100000,3,2,1,0
22570007106000,8,4,4,331.2
22570007107000,10,6,4,616
22570007108000,2,1,1,0
22570007109000,1,1,0,0
22570007111000,25,12,13,1425
22570007112000,11,6,5,522.5
22570007113000,7,3,4,489.3
22580006570000,1,1,0,0
22580006575000,33,16,17,1138.5
22580006576000,76,39,37,2827.2
22580006577000,290,147,143,11513
22580006578000,56,27,29,2391.2
22580006579000,258,129,129,10732.8
22580006580000,1027,502,525,42107
22580006581000,75,38,37,3112.5
22580006582000,3,1,2,0
22580006583000,11,6,5,445.5
22580006585000,3,2,1,0
22580006586000,9,4,5,415.8
22580006587000,24,13,11,878.4
22580006588000,28,15,13,1052.8
22580006589000,154,73,81,7700
22580006590000,944,476,468,41724.8
22580006591000,30,13,17,1122
22580006592000,22,14,8,1062.6
22580006594000,3,2,1,0
22580006597000,8,4,4,343.2
22580006598000,1,1,0,0
22580006599000,4,3,1,0
22580006604000,13,6,7,594.1
22580006605000,12,8,4,679.2
22580006606000,3,2,1,0
22580006607000,117,62,55,4048.2
22580006608000,25,13,12,745
22580006609000,9,4,5,461.7
22580006610000,35,21,14,1431.5
22580006611000,12,7,5,603.6
22580006612000,8,4,4,340
22580006613000,461,221,240,14383.2
22580006614000,239,122,117,8890.8
22580006615000,33,17,16,1290.3
22580006616000,16,9,7,436.8
22580006617000,10,6,4,369
22580006618000,19,6,13,469.3
22580006619000,24,11,13,945.6
22580006620000,5,4,1,168
22580006621000,105,51,54,3864
22580006622000,18,9,9,689.4
22580006623000,30,14,16,1221
22580006624000,159,88,71,5628.6
22580006625000,40,22,18,1532
22580006626000,16,6,10,723.2
22580006628000,26,11,15,990.6
22580006629000,44,22,22,1738
22580006630000,7,3,4,420
22580006631000,117,65,52,4469.4
22580006632000,23,12,11,940.7
22580006633000,87,37,50,3314.7
22580006634000,191,98,93,8041.1
22580006635000,88,48,40,3678.4
22580006636000,143,75,68,6063.2
22580006637000,192,103,89,7200
22580006638000,153,82,71,6487.2
22580006639000,247,135,112,8842.6
22580006640000,1230,587,643,45141
22580006641000,1546,760,786,54728.4
22580006642000,372,176,196,13652.4
22580006643000,2,2,0,0
22580006647000,403,198,205,16885.7
22580006648000,2413,1172,1241,98933
22580006649000,45,27,18,2394
22580006650000,2363,1158,1205,92629.6
22580006651000,5620,2648,2972,227048
22580006652000,2700,1291,1409,103410
22580006653000,3094,1513,1581,107052.4
22580006654000,2968,1443,1525,124952.8
22580006655000,305,156,149,10644.5
22580006656000,589,298,291,18553.5
22580006657000,52,29,23,1632.8
22580006659000,3,1,2,0
22580006661000,1,1,0,0
22580006662000,7,4,3,371.7
22580006667000,4,3,1,0
22580006674000,1,1,0,0
22580006686000,7,4,3,291.2
22580006687000,34,16,18,1251.2
22580006688000,2,1,1,0
22580006689000,1,0,1,0
22580006690000,59,25,34,2395.4
22580006691000,150,76,74,6540
22580006692000,62,32,30,2932.6
22580006693000,64,29,35,2438.4
22580006694000,34,17,17,1414.4
22580006695000,26,13,13,1144
22580006696000,94,52,42,4079.6
22580006697000,42,24,18,1478.4
22580006698000,34,15,19,1370.2
22580006699000,126,60,66,5430.6
22580006700000,58,25,33,2586.8
22580006701000,64,32,32,2777.6
22580006722000,2,1,1,0
22580006724000,14,8,6,411.6
22580006725000,5,2,3,101
22580006727000,5,3,2,304
22580006728000,165,81,84,6253.5
22580006729000,189,100,89,7560
22580006733000,7,3,4,322.7
22580006735000,72,39,33,3196.8
22580006736000,47,23,24,2133.8
22580006737000,58,32,26,2998.6
22580006738000,44,23,21,1619.2
22580006739000,10,4,6,327
22580006740000,12,5,7,513.6
22580006741000,18,8,10,766.8
22580006742000,4,2,2,0
22580006743000,43,22,21,1814.6
22580006744000,9,4,5,407.7
22580006745000,5,3,2,284
22580006746000,34,17,17,1356.6
22580006747000,22,11,11,860.2
22580006748000,121,69,52,5057.8
22580006749000,21,10,11,711.9
22580006750000,49,25,24,2528.4
22580006751000,19,8,11,729.6
22580006753000,8,3,5,424.8
22580006757000,2,2,0,0
22580006758000,33,16,17,1620.3
22580006759000,26,12,14,928.2
22580006764000,27,19,8,1142.1
22580006765000,12,6,6,538.8
22580006766000,13,8,5,669.5
22580006767000,11,7,4,399.3
22580006768000,15,7,8,685.5
22580006769000,91,42,49,3703.7
22580006772000,4,1,3,0
22580006773000,6,3,3,184.2
22580006774000,6,3,3,213
22580006775000,76,37,39,2758.8
22580006776000,9,5,4,386.1
22580006778000,4,3,1,0
22580006779000,12,6,6,464.4
22580006780000,26,13,13,1300
22580006781000,655,306,349,21484
22580006782000,968,475,493,35622.4
22580006783000,9,3,6,390.6
22580006786000,33,16,17,1353
22580006787000,17,8,9,928.2
22580006795000,4,2,2,0
22580006800000,4,2,2,0
22580006858000,3,2,1,0
22580006904000,8,3,5,302.4
22580006905000,1,1,0,0
22580006946000,28,11,17,890.4
22580006947000,17,7,10,572.9
22580006972000,2,1,1,0
22580006975000,8,3,5,303.2
22580006976000,4,2,2,0
22580006977000,5,1,4,131
22580006978000,6,4,2,384
22580006979000,5,3,2,167
22580006980000,4,2,2,0
22580006981000,14,6,8,474.6
22580006982000,20,9,11,874
22580006983000,38,21,17,1257.8
22580006984000,23,10,13,1124.7
22580006985000,24,10,14,1104
22580006986000,16,8,8,691.2
22580006987000,13,8,5,634.4
22580006990000,14,11,3,628.6
22580006991000,7,4,3,366.1
22580006992000,6,4,2,349.2
22580006993000,22,10,12,796.4
22580006994000,17,8,9,717.4
22580006995000,5,3,2,144
22580007005000,23,12,11,949.9
22580007006000,164,86,78,6625.6
22580007007000,40,22,18,1248
22580007008000,14,8,6,481.6
22580007022000,18,9,9,687.6
22580007023000,43,25,18,1440.5
22580007024000,105,56,49,4032
22580007025000,29,14,15,1200.6
22580007026000,55,31,24,2601.5
22580007027000,16,8,8,948.8
22580007028000,37,16,21,1635.4
22580007029000,574,284,290,21926.8
22580007033000,155,84,71,5843.5
22580007034000,490,221,269,19894
22580007035000,37,20,17,1476.3
22580007036000,89,38,51,3123.9
22580007037000,88,41,47,3977.6
22580007038000,49,24,25,1881.6
22580007039000,22,12,10,948.2
22580007040000,80,42,38,3392
22580007041000,27,16,11,1225.8
22580007042000,69,35,34,3160.2
22580007043000,49,27,22,1969.8
22580007051000,6,3,3,367.8
22580007052000,29,12,17,962.8
22580007053000,7,2,5,237.3
22580007057000,7,3,4,361.9
22580007060000,1,0,1,0
22580007063000,6,4,2,298.2
22580007065000,11,6,5,404.8
22580007066000,28,16,12,1229.2
22580007067000,4,2,2,0
22580007077000,26,13,13,1245.4
22580007078000,22,15,7,774.4
22580007080000,14,5,9,606.2
22580007081000,12,6,6,500.4
22580007084000,7,4,3,354.2
22580007085000,10,4,6,269
22580007098000,25,14,11,1227.5
22580007100000,15,8,7,688.5
22580007102000,4,1,3,0
22580007103000,7,3,4,300.3
22580007105000,1,0,1,0
22580007107000,32,17,15,1484.8
22580007108000,7,5,2,259.7
22580007109000,2,1,1,0
22580007110000,45,21,24,2308.5
22580007111000,8,5,3,383.2
22580007112000,16,7,9,880
22580007113000,1,1,0,0
22580007115000,38,21,17,1402.2
22580007126000,2,1,1,0
22590006571000,80,39,41,3664
22590006572000,89,52,37,3862.6
22590006575000,36,21,15,1972.8
22590006576000,53,28,25,2374.4
22590006577000,611,297,314,21812.7
22590006578000,456,227,229,17008.8
22590006579000,28,15,13,1332.8
22590006580000,371,191,180,13838.3
22590006581000,555,282,273,20368.5
22590006582000,14,7,7,502.6
22590006583000,1,1,0,0
22590006585000,44,24,20,1746.8
22590006586000,4,2,2,0
22590006587000,61,29,32,2104.5
22590006588000,110,49,61,4752
22590006589000,889,436,453,39204.9
22590006590000,53,27,26,2538.7
22590006591000,59,30,29,2590.1
22590006592000,3,2,1,0
22590006593000,3,2,1,0
22590006598000,11,5,6,453.2
22590006599000,12,6,6,550.8
22590006600000,8,5,3,212.8
22590006603000,4,2,2,0
22590006604000,4,1,3,0
22590006605000,32,20,12,1481.6
22590006606000,51,27,24,1999.2
22590006607000,239,119,120,8866.9
22590006608000,489,257,232,16479.3
22590006609000,19,12,7,784.7
22590006610000,118,63,55,4472.2
22590006611000,158,90,68,4202.8
22590006612000,19,9,10,809.4
22590006613000,29,16,13,1316.6
22590006614000,25,13,12,1167.5
22590006615000,329,170,159,13390.3
22590006616000,408,216,192,15667.2
22590006617000,106,58,48,3731.2
22590006618000,11,7,4,423.5
22590006619000,10,7,3,540
22590006620000,16,7,9,489.6
22590006621000,108,58,50,3834
22590006622000,36,23,13,1278
22590006623000,67,36,31,1943
22590006624000,57,29,28,2297.1
22590006625000,17,7,10,761.6
22590006627000,10,7,3,496
22590006628000,54,26,28,2235.6
22590006629000,27,14,13,1228.5
22590006630000,37,22,15,1406
22590006631000,105,49,56,4725
22590006632000,21,9,12,1066.8
22590006633000,62,30,32,3019.4
22590006634000,94,44,50,4408.6
22590006635000,19,7,12,720.1
22590006636000,5,1,4,97
22590006637000,17,7,10,588.2
22590006648000,625,294,331,22125
22590006649000,965,462,503,44100.5
22590006650000,7446,3595,3851,306030.6
22590006651000,1840,902,938,66792
22590006652000,3653,1800,1853,138083.4
22590006653000,3139,1511,1628,118968.1
22590006654000,2624,1260,1364,98137.6
22590006655000,298,147,151,11443.2
22590006659000,4,1,3,0
22590006664000,3,3,0,0
22590006671000,2,2,0,0
22590006687000,882,437,445,30958.2
22590006688000,446,223,223,17037.2
22590006690000,26,14,12,1196
22590006691000,61,30,31,2555.9
22590006692000,21,12,9,844.2
22590006693000,55,30,25,2425.5
22590006694000,71,39,32,2754.8
22590006695000,66,30,36,2877.6
22590006718000,3,3,0,0
22590006719000,9,5,4,321.3
22590006721000,11,5,6,506
22590006722000,26,16,10,1144
22590006723000,5,2,3,211
22590006724000,11,5,6,397.1
22590006725000,12,5,7,374.4
22590006726000,2,1,1,0
22590006727000,3,2,1,0
22590006728000,123,59,64,5006.1
22590006729000,273,134,139,13568.1
22590006730000,35,17,18,1470
22590006731000,6,5,1,256.2
22590006732000,61,30,31,2720.6
22590006733000,22,12,10,869
22590006734000,2,2,0,0
22590006735000,53,28,25,2204.8
22590006736000,15,11,4,739.5
22590006737000,71,36,35,3060.1
22590006738000,137,71,66,5247.1
22590006739000,419,211,208,17933.2
22590006740000,94,49,45,3515.6
22590006742000,15,9,6,577.5
22590006743000,55,25,30,2315.5
22590006744000,38,20,18,1691
22590006745000,11,6,5,684.2
22590006746000,9,5,4,333.9
22590006747000,8,3,5,428.8
22590006748000,339,163,176,11797.2
22590006749000,204,103,101,7854
22590006750000,52,25,27,2314
22590006751000,29,19,10,1041.1
22590006752000,3,1,2,0
22590006753000,20,11,9,478
22590006757000,4,1,3,0
22590006758000,50,23,27,2435
22590006759000,11,4,7,440
22590006763000,32,17,15,1347.2
22590006764000,17,8,9,669.8
22590006765000,18,10,8,568.8
22590006766000,57,29,28,2519.4
22590006767000,41,19,22,1824.5
22590006768000,2,1,1,0
22590006769000,50,28,22,2065
22590006771000,3,3,0,0
22590006772000,69,32,37,2484
22590006773000,9,6,3,532.8
22590006774000,331,166,165,12578
22590006775000,77,44,33,2818.2
22590006778000,6,2,4,315
22590006779000,6,3,3,226.2
22590006780000,22,13,9,904.2
22590006781000,84,43,41,2780.4
22590006782000,53,30,23,1717.2
22590006783000,2,0,2,0
22590006786000,19,9,10,948.1
22590006787000,9,6,3,297
22590006795000,1,1,0,0
22590006796000,4,3,1,0
22590006800000,3,2,1,0
22590006858000,1,1,0,0
22590006859000,3,1,2,0
22590006904000,2,1,1,0
22590006909000,10,4,6,316
22590006945000,44,21,23,2411.2
22590006946000,10,6,4,552
22590006947000,3,2,1,0
22590006971000,2,1,1,0
22590006973000,5,3,2,147
22590006974000,2,2,0,0
22590006976000,1,0,1,0
22590006980000,4,3,1,0
22590006981000,23,11,12,1110.9
22590006982000,4,3,1,0
22590006983000,4,2,2,0
22590006991000,7,5,2,126.7
22590006992000,18,10,8,667.8
22590006993000,36,23,13,1256.4
22590006994000,5,4,1,256
22590006995000,12,2,10,436.8
22590006996000,16,10,6,688
22590006997000,22,6,16,798.6
22590007003000,24,16,8,1034.4
22590007004000,64,31,33,2579.2
22590007005000,94,45,49,3515.6
22590007006000,470,241,229,15416
22590007007000,148,79,69,5786.8
22590007008000,49,26,23,1911
22590007009000,61,31,30,2525.4
22590007015000,1,1,0,0
22590007023000,109,60,49,3640.6
22590007024000,26,15,11,1159.6
22590007025000,6,3,3,151.2
22590007026000,23,11,12,752.1
22590007027000,36,18,18,1598.4
22590007028000,90,46,44,3528
22590007029000,330,177,153,13893
22590007030000,181,90,91,6823.7
22590007033000,34,21,13,1485.8
22590007034000,47,23,24,1621.5
22590007035000,37,17,20,1598.4
22590007036000,9,3,6,228.6
22590007041000,1,1,0,0
22590007042000,196,99,97,6899.2
22590007043000,23,15,8,1207.5
22590007044000,8,6,2,218.4
22590007052000,1,0,1,0
22590007053000,3,1,2,0
22590007057000,2,0,2,0
22590007063000,3,2,1,0
22590007064000,3,2,1,0
22590007066000,17,7,10,627.3
22590007067000,20,10,10,646
22590007078000,77,38,39,3357.2
22590007084000,23,12,11,823.4
22590007085000,1,1,0,0
22590007098000,12,8,4,560.4
22590007099000,1,0,1,0
22590007100000,7,3,4,427
22590007102000,3,1,2,0
22590007103000,18,10,8,808.2
22590007107000,1,0,1,0
22590007108000,4,3,1,0
22590007109000,46,25,21,1959.6
22590007110000,56,34,22,2436
22590007111000,7,3,4,424.9
22590007112000,2,1,1,0
22590007126000,1,1,0,0
22600006569000,66,36,30,2758.8
22600006570000,151,75,76,6840.3
22600006571000,24,13,11,1212
22600006572000,54,31,23,2376
22600006574000,9,6,3,234.9
22600006575000,26,11,15,910
22600006576000,13,8,5,777.4
22600006577000,37,15,22,1376.4
22600006578000,10,4,6,517
22600006579000,24,13,11,1094.4
22600006580000,31,17,14,1404.3
22600006581000,19,9,10,792.3
22600006582000,54,21,33,2473.2
22600006583000,10,4,6,517
22600006584000,5,3,2,222
22600006585000,21,10,11,1136.1
22600006586000,33,19,14,1316.7
22600006587000,31,14,17,1072.6
22600006588000,170,83,87,6817
22600006589000,113,59,54,5051.1
22600006590000,19,13,6,858.8
22600006591000,13,6,7,591.5
22600006592000,3,2,1,0
22600006593000,2,1,1,0
22600006596000,31,20,11,1246.2
22600006598000,5,4,1,269
22600006599000,225,111,114,8122.5
22600006600000,26,11,15,1001
22600006601000,13,7,6,378.3
22600006604000,10,7,3,450
22600006605000,9,5,4,519.3
22600006606000,13,7,6,496.6
22600006607000,34,19,15,1445
22600006608000,26,15,11,980.2
22600006610000,31,16,15,1342.3
22600006611000,1,1,0,0
22600006612000,10,5,5,409
22600006613000,22,15,7,759
22600006614000,1970,950,1020,82346
22600006615000,982,484,498,36432.2
22600006616000,598,298,300,23979.8
22600006617000,17,11,6,447.1
22600006618000,7,4,3,317.1
22600006619000,20,13,7,616
22600006620000,119,65,54,3760.4
22600006621000,241,131,110,8627.8
22600006622000,107,64,43,4440.5
22600006623000,50,27,23,1520
22600006624000,9,5,4,215.1
22600006625000,56,30,26,2228.8
22600006626000,57,29,28,1972.2
22600006627000,10,7,3,410
22600006628000,215,106,109,6729.5
22600006629000,246,133,113,10209
22600006630000,192,92,100,7968
22600006631000,173,90,83,6331.8
22600006632000,18,9,9,891
22600006633000,6,4,2,313.8
22600006634000,123,71,52,5473.5
22600006635000,48,23,25,1838.4
22600006636000,5,3,2,370
22600006637000,2,1,1,0
22600006648000,997,550,447,41275.8
22600006649000,11159,5634,5525,426273.8
22600006650000,14162,6898,7264,556566.6
22600006651000,9621,4731,4890,380029.5
22600006652000,2258,1055,1203,90997.4
22600006653000,1456,692,764,56347.2
22600006654000,1959,953,1006,77968.2
22600006655000,71,37,34,2761.9
22600006680000,2,1,1,0
22600006681000,14,6,8,687.4
22600006682000,79,42,37,3270.6
22600006683000,30,14,16,1410
22600006687000,34,12,22,1448.4
22600006688000,197,94,103,7466.3
22600006689000,59,31,28,2188.9
22600006690000,34,16,18,1230.8
22600006691000,83,41,42,3452.8
22600006692000,79,36,43,2836.1
22600006693000,94,51,43,3308.8
22600006694000,61,26,35,2635.2
22600006710000,5,4,1,205
22600006717000,12,5,7,462
22600006718000,11,6,5,525.8
22600006719000,26,12,14,1102.4
22600006720000,34,19,15,1200.2
22600006721000,37,15,22,1498.5
22600006722000,22,9,13,983.4
22600006723000,16,7,9,774.4
22600006724000,13,6,7,442
22600006726000,12,6,6,507.6
22600006727000,12,6,6,434.4
22600006728000,8,5,3,302.4
22600006729000,7,4,3,170.1
22600006730000,2,1,1,0
22600006731000,13,7,6,529.1
22600006732000,19,12,7,596.6
22600006733000,6,3,3,325.8
22600006734000,182,84,98,7698.6
22600006735000,446,231,215,18375.2
22600006736000,65,33,32,2990
22600006737000,42,17,25,1528.8
22600006738000,452,216,236,15865.2
22600006739000,1089,515,574,47916
22600006740000,700,356,344,26810
22600006741000,11,5,6,434.5
22600006742000,3,1,2,0
22600006743000,2,1,1,0
22600006744000,40,25,15,1544
22600006745000,20,11,9,1024
22600006747000,17,9,8,550.8
22600006748000,353,182,171,12213.8
22600006749000,35,19,16,1505
22600006750000,52,26,26,1929.2
22600006751000,6,2,4,202.8
22600006752000,36,17,19,1522.8
22600006753000,18,11,7,646.2
22600006758000,93,49,44,3906
22600006759000,13,6,7,513.5
22600006763000,8,4,4,372
22600006764000,2,1,1,0
22600006765000,18,10,8,786.6
22600006766000,99,50,49,4039.2
22600006767000,42,20,22,1646.4
22600006768000,13,6,7,621.4
22600006769000,5,2,3,207
22600006771000,46,25,21,1504.2
22600006772000,31,14,17,1196.6
22600006773000,175,84,91,7490
22600006774000,101,46,55,4949
22600006775000,45,23,22,1782
22600006776000,9,4,5,222.3
22600006778000,24,13,11,880.8
22600006779000,21,11,10,921.9
22600006780000,3,1,2,0
22600006781000,92,48,44,3330.4
22600006782000,22,10,12,869
22600006786000,10,6,4,474
22600006905000,4,2,2,0
22600006909000,8,6,2,510.4
22600006910000,5,4,1,138
22600006935000,4,2,2,0
22600006942000,4,1,3,0
22600006943000,1,1,0,0
22600006944000,18,9,9,754.2
22600006945000,68,30,38,2842.4
22600006946000,6,3,3,358.8
22600006980000,6,2,4,139.2
22600006981000,2,1,1,0
22600006988000,8,3,5,204
22600006989000,29,14,15,1244.1
22600006990000,7,4,3,200.9
22600006993000,38,19,19,1489.6
22600006997000,34,18,16,1438.2
22600006998000,135,70,65,5386.5
22600007002000,27,13,14,982.8
22600007003000,28,16,12,1187.2
22600007004000,44,22,22,2072.4
22600007005000,12,8,4,486
22600007006000,53,26,27,1701.3
22600007007000,30,19,11,1200
22600007008000,39,25,14,1766.7
22600007009000,99,33,66,6652.8
22600007010000,19,10,9,723.9
22600007016000,2,1,1,0
22600007019000,12,5,7,348
22600007020000,19,10,9,628.9
22600007021000,15,7,8,367.5
22600007022000,7,3,4,266
22600007023000,78,41,37,2558.4
22600007024000,199,97,102,6387.9
22600007025000,49,26,23,1974.7
22600007026000,13,7,6,527.8
22600007027000,16,9,7,860.8
22600007028000,25,16,9,855
22600007029000,12,6,6,337.2
22600007030000,29,14,15,1186.1
22600007031000,15,6,9,658.5
22600007033000,32,17,15,1152
22600007042000,2,0,2,0
22600007043000,61,30,31,2568.1
22600007044000,124,60,64,4600.4
22600007056000,17,9,8,703.8
22600007058000,14,6,8,501.2
22600007059000,9,2,7,217.8
22600007066000,25,16,9,977.5
22600007067000,11,7,4,520.3
22600007068000,5,3,2,185
22600007078000,102,56,46,4426.8
22600007079000,75,39,36,3652.5
22600007084000,8,3,5,378.4
22600007085000,5,2,3,213
22600007099000,11,4,7,436.7
22600007100000,10,5,5,657
22600007101000,19,8,11,896.8
22600007103000,11,6,5,426.8
22600007104000,1,0,1,0
22600007109000,14,6,8,432.6
22600007112000,4,2,2,0
22600007128000,5,2,3,145
22610006567000,1,1,0,0
22610006568000,9,5,4,419.4
22610006569000,532,260,272,20960.8
22610006570000,6,3,3,271.2
22610006571000,8,4,4,223.2
22610006572000,28,18,10,904.4
22610006573000,20,9,11,966
22610006574000,21,8,13,802.2
22610006575000,41,20,21,1840.9
22610006576000,50,27,23,2340
22610006577000,21,13,8,1050
22610006578000,64,32,32,2956.8
22610006579000,14,8,6,596.4
22610006580000,4,3,1,0
22610006582000,49,25,24,2205
22610006583000,227,124,103,9420.5
22610006584000,52,19,33,1939.6
22610006585000,17,10,7,892.5
22610006586000,14,7,7,677.6
22610006587000,23,14,9,970.6
22610006588000,124,60,64,5617.2
22610006590000,17,14,3,681.7
22610006591000,2,1,1,0
22610006592000,2,2,0,0
22610006595000,3,2,1,0
22610006596000,20,12,8,742
22610006597000,22,13,9,770
22610006598000,544,291,253,21216
22610006599000,535,260,275,15301
22610006600000,31,16,15,1106.7
22610006601000,3,3,0,0
22610006602000,4,2,2,0
22610006604000,9,4,5,362.7
22610006605000,16,7,9,633.6
22610006606000,5,2,3,136
22610006607000,17,9,8,482.8
22610006608000,5,4,1,299
22610006609000,24,17,7,964.8
22610006610000,39,23,16,1696.5
22610006611000,24,12,12,1137.6
22610006612000,21,10,11,768.6
22610006613000,7,4,3,161.7
22610006614000,52,22,30,1731.6
22610006615000,102,44,58,3080.4
22610006616000,8,4,4,302.4
22610006617000,21,11,10,812.7
22610006618000,2,2,0,0
22610006619000,42,19,23,1680
22610006620000,105,44,61,4074
22610006621000,601,318,283,17969.9
22610006622000,14,8,6,498.4
22610006623000,16,7,9,585.6
22610006624000,49,27,22,1940.4
22610006625000,42,25,17,1629.6
22610006626000,56,29,27,2217.6
22610006627000,15,7,8,684
22610006628000,358,197,161,13818.8
22610006629000,1577,790,787,58191.3
22610006630000,415,213,202,12118
22610006632000,11,6,5,359.7
22610006634000,75,32,43,3022.5
22610006635000,33,14,19,1359.6
22610006637000,8,3,5,331.2
22610006638000,11,6,5,471.9
22610006639000,7,4,3,317.1
22610006646000,1,0,1,0
22610006648000,43,22,21,2145.7
22610006649000,1120,594,526,42448
22610006650000,16841,8760,8081,584382.7
22610006651000,13601,6509,7092,490996.1
22610006652000,4275,2216,2059,145777.5
22610006653000,2484,1206,1278,85698
22610006654000,2196,1081,1115,79934.4
22610006655000,1800,929,871,45900
22610006660000,4,1,3,0
22610006681000,11,6,5,339.9
22610006682000,133,69,64,5014.1
22610006685000,9,5,4,343.8
22610006686000,27,16,11,1055.7
22610006690000,20,9,11,856
22610006691000,61,33,28,2860.9
22610006692000,10,6,4,554
22610006715000,1,1,0,0
22610006716000,3,2,1,0
22610006717000,10,6,4,467
22610006718000,11,5,6,468.6
22610006719000,31,19,12,1407.4
22610006720000,9,6,3,384.3
22610006721000,1,1,0,0
22610006722000,16,8,8,574.4
22610006723000,24,13,11,1010.4
22610006724000,18,11,7,705.6
22610006725000,43,19,24,1904.9
22610006726000,42,24,18,1881.6
22610006727000,36,14,22,1839.6
22610006730000,14,7,7,595
22610006731000,23,14,9,936.1
22610006732000,50,26,24,1655
22610006734000,22,10,12,686.4
22610006735000,338,168,170,14770.6
22610006736000,33,18,15,1128.6
22610006737000,9,4,5,362.7
22610006738000,344,184,160,15032.8
22610006739000,1435,686,749,59983
22610006740000,1299,656,643,55207.5
22610006741000,794,403,391,31839.4
22610006742000,70,36,34,2730
22610006743000,234,122,112,9149.4
22610006744000,69,35,34,2973.9
22610006745000,5,2,3,319
22610006746000,21,9,12,783.3
22610006747000,88,49,39,3616.8
22610006748000,83,43,40,2689.2
22610006749000,9,4,5,372.6
22610006750000,18,10,8,766.8
22610006752000,46,27,19,1830.8
22610006753000,12,9,3,495.6
22610006758000,105,50,55,4462.5
22610006759000,5,2,3,292
22610006762000,7,3,4,336.7
22610006763000,33,15,18,1201.2
22610006764000,18,12,6,725.4
22610006765000,41,22,19,1910.6
22610006766000,60,32,28,2628
22610006767000,18,6,12,588.6
22610006768000,2,1,1,0
22610006770000,28,16,12,1282.4
22610006772000,16,8,8,777.6
22610006773000,31,17,14,1119.1
22610006774000,6,3,3,264
22610006775000,2,1,1,0
22610006776000,12,4,8,526.8
22610006778000,28,13,15,1293.6
22610006779000,5,3,2,201
22610006780000,4,2,2,0
22610006781000,20,9,11,702
22610006782000,6,4,2,211.2
22610006858000,7,4,3,317.1
22610006939000,2,2,0,0
22610006940000,1,0,1,0
22610006942000,1,1,0,0
22610006943000,10,5,5,279
22610006944000,16,8,8,617.6
22610006945000,2,1,1,0
22610006985000,4,1,3,0
22610006987000,5,2,3,89
22610006989000,12,5,7,456
22610006990000,2,1,1,0
22610006991000,4,3,1,0
22610006992000,1,0,1,0
22610006996000,2,2,0,0
22610006997000,92,45,47,3919.2
22610006998000,846,392,454,37054.8
22610006999000,261,129,132,9448.2
22610007000000,212,100,112,7886.4
22610007001000,27,13,14,885.6
22610007002000,29,15,14,1067.2
22610007004000,2,0,2,0
22610007008000,33,13,20,933.9
22610007009000,51,28,23,2136.9
22610007010000,138,70,68,5823.6
22610007011000,14,8,6,516.6
22610007012000,4,2,2,0
22610007016000,60,26,34,1890
22610007017000,106,52,54,3646.4
22610007018000,76,39,37,3085.6
22610007019000,33,17,16,1366.2
22610007020000,54,29,25,2214
22610007021000,10,6,4,586
22610007022000,12,7,5,658.8
22610007023000,45,20,25,1296
22610007024000,1007,501,506,30411.4
22610007025000,947,482,465,35701.9
22610007026000,116,60,56,4268.8
22610007027000,139,79,60,5254.2
22610007028000,54,28,26,1555.2
22610007029000,8,4,4,326.4
22610007030000,77,53,24,2910.6
22610007031000,29,16,13,974.4
22610007032000,16,9,7,884.8
22610007033000,36,17,19,1177.2
22610007044000,20,10,10,1204
22610007054000,4,2,2,0
22610007055000,76,34,42,2872.8
22610007056000,240,120,120,9048
22610007059000,10,6,4,446
22610007060000,13,5,8,594.1
22610007064000,1,1,0,0
22610007066000,10,5,5,275
22610007067000,5,2,3,172
22610007068000,6,4,2,316.2
22610007079000,17,9,8,771.8
22610007084000,6,3,3,219
22610007085000,9,4,5,349.2
22610007097000,1,0,1,0
22610007098000,6,3,3,241.8
22610007100000,30,16,14,1599
22610007102000,5,4,1,297
22610007104000,13,4,9,569.4
22620006556000,24,12,12,1226.4
22620006557000,34,18,16,1815.6
22620006558000,34,17,17,2012.8
22620006559000,62,35,27,3304.6
22620006560000,21,11,10,1083.6
22620006566000,181,87,94,7819.2
22620006567000,212,113,99,9264.4
22620006568000,119,56,63,4712.4
22620006569000,298,153,145,13261
22620006570000,147,80,67,5733
22620006571000,36,16,20,1569.6
22620006572000,5,2,3,230
22620006573000,7,4,3,329.7
22620006574000,16,7,9,566.4
22620006575000,33,16,17,1343.1
22620006576000,30,12,18,1383
22620006577000,21,11,10,835.8
22620006579000,14,5,9,499.8
22620006580000,2,1,1,0
22620006581000,4,2,2,0
22620006582000,7,2,5,191.1
22620006583000,2,1,1,0
22620006584000,29,11,18,1107.8
22620006586000,19,10,9,628.9
22620006587000,81,47,34,3402
22620006588000,131,69,62,5633
22620006593000,5,2,3,141
22620006594000,4,2,2,0
22620006595000,3,2,1,0
22620006598000,104,57,47,4451.2
22620006599000,296,137,159,12876
22620006600000,1,0,1,0
22620006602000,6,5,1,160.2
22620006603000,6,5,1,289.2
22620006604000,48,27,21,1675.2
22620006606000,6,4,2,250.8
22620006608000,40,22,18,1416
22620006609000,13,8,5,809.9
22620006611000,39,20,19,1560
22620006612000,134,70,64,3390.2
22620006613000,15,10,5,609
22620006614000,8,5,3,219.2
22620006615000,15,6,9,612
22620006616000,22,12,10,921.8
22620006617000,35,17,18,1179.5
22620006618000,28,15,13,901.6
22620006619000,127,65,62,4191
22620006620000,1137,559,578,44684.1
22620006621000,1143,571,572,43776.9
22620006622000,297,139,158,10335.6
22620006623000,24,12,12,1166.4
22620006624000,17,8,9,622.2
22620006625000,130,76,54,4199
22620006626000,32,15,17,1123.2
22620006627000,105,56,49,4000.5
22620006628000,2,1,1,0
22620006629000,30,17,13,870
22620006630000,917,467,450,30536.1
22620006631000,336,178,158,9744
22620006632000,8,4,4,412.8
22620006634000,2,1,1,0
22620006635000,25,13,12,862.5
22620006636000,21,11,10,1178.1
22620006638000,11,6,5,437.8
22620006639000,17,8,9,647.7
22620006640000,1,1,0,0
22620006643000,177,87,90,6265.8
22620006644000,362,195,167,13611.2
22620006645000,398,193,205,14805.6
22620006647000,35,29,6,1557.5
22620006648000,1227,684,543,46380.6
22620006649000,6456,3718,2738,205300.8
22620006650000,15884,8174,7710,538467.6
22620006651000,10923,5172,5751,389951.1
22620006652000,4970,2400,2570,166495
22620006653000,3589,1791,1798,133151.9
22620006654000,3214,1619,1595,131774
22620006655000,1422,689,733,54889.2
22620006657000,1,0,1,0
22620006658000,3,1,2,0
22620006659000,2,1,1,0
22620006673000,1,1,0,0
22620006676000,12,9,3,564
22620006677000,13,9,4,553.8
22620006678000,15,9,6,799.5
22620006680000,234,110,124,10693.8
22620006681000,604,300,304,25609.6
22620006682000,456,246,210,20018.4
22620006683000,685,319,366,21235
22620006684000,13,6,7,660.4
22620006685000,38,18,20,1884.8
22620006686000,26,16,10,902.2
22620006694000,4,3,1,0
22620006695000,2,1,1,0
22620006696000,2,1,1,0
22620006715000,4,1,3,0
22620006717000,7,3,4,298.9
22620006718000,19,11,8,1166.6
22620006719000,5,3,2,150
22620006720000,8,6,2,231.2
22620006721000,6,5,1,304.8
22620006722000,5,2,3,228
22620006723000,2,1,1,0
22620006724000,7,6,1,286.3
22620006726000,14,8,6,681.8
22620006730000,15,11,4,601.5
22620006731000,52,31,21,2454.4
22620006732000,34,20,14,1506.2
22620006733000,17,9,8,834.7
22620006734000,18,7,11,464.4
22620006735000,91,46,45,3603.6
22620006736000,89,46,43,3880.4
22620006737000,64,32,32,2617.6
22620006738000,58,26,32,2221.4
22620006739000,268,130,138,11872.4
22620006740000,10,5,5,527
22620006741000,69,39,30,2904.9
22620006742000,7,4,3,172.9
22620006743000,11,5,6,456.5
22620006744000,11,8,3,309.1
22620006745000,155,82,73,5487
22620006746000,1048,530,518,39824
22620006747000,808,422,386,32724
22620006748000,340,173,167,11084
22620006749000,24,11,13,1087.2
22620006752000,11,7,4,322.3
22620006753000,10,6,4,325
22620006755000,6,3,3,304.8
22620006756000,6,4,2,220.2
22620006757000,7,4,3,403.2
22620006758000,59,33,26,2961.8
22620006759000,11,4,7,449.9
22620006760000,2,2,0,0
22620006761000,4,1,3,0
22620006762000,6,2,4,205.2
22620006763000,22,12,10,796.4
22620006764000,218,120,98,7412
22620006765000,614,287,327,29656.2
22620006766000,167,81,86,7231.1
22620006767000,15,6,9,511.5
22620006769000,22,14,8,792
22620006770000,10,5,5,420
22620006771000,7,4,3,382.9
22620006773000,2,1,1,0
22620006778000,17,7,10,708.9
22620006779000,18,9,9,928.8
22620006780000,8,4,4,262.4
22620006781000,24,12,12,801.6
22620006782000,13,6,7,568.1
22620006783000,4,2,2,0
22620006858000,16,8,8,926.4
22620006859000,4,2,2,0
22620006903000,17,7,10,474.3
22620006904000,7,4,3,272.3
22620006926000,2,1,1,0
22620006930000,2,0,2,0
22620006931000,13,9,4,460.2
22620006932000,1,0,1,0
22620006933000,4,2,2,0
22620006935000,6,4,2,369
22620006936000,5,2,3,152
22620006937000,5,3,2,267
22620006938000,9,5,4,411.3
22620006984000,24,14,10,885.6
22620006985000,10,5,5,358
22620006986000,32,14,18,1132.8
22620006987000,3,1,2,0
22620006988000,15,8,7,585
22620006997000,49,28,21,1572.9
22620006998000,678,347,331,24950.4
22620006999000,44,22,22,1557.6
22620007001000,9,4,5,398.7
22620007009000,32,20,12,1004.8
22620007010000,510,279,231,19482
22620007011000,174,81,93,8508.6
22620007012000,16,8,8,569.6
22620007013000,31,16,15,1348.5
22620007014000,9,6,3,394.2
22620007016000,52,31,21,1710.8
22620007017000,35,19,16,1557.5
22620007018000,72,32,40,2512.8
22620007019000,173,85,88,5778.2
22620007020000,45,27,18,1854
22620007021000,31,14,17,1267.9
22620007022000,17,9,8,571.2
22620007023000,11,6,5,524.7
22620007024000,34,16,18,1336.2
22620007025000,294,146,148,9996
22620007026000,607,310,297,24037.2
22620007027000,231,119,112,8916.6
22620007028000,145,70,75,4393.5
22620007029000,48,26,22,1910.4
22620007030000,43,22,21,1853.3
22620007032000,54,26,28,1992.6
22620007033000,275,136,139,10642.5
22620007034000,163,83,80,5851.7
22620007044000,1,1,0,0
22620007055000,7,4,3,450.1
22620007056000,454,234,220,19340.4
22620007060000,14,8,6,569.8
22620007061000,2,1,1,0
22620007068000,9,6,3,426.6
22620007078000,3,2,1,0
22620007097000,17,10,7,994.5
22620007098000,2,2,0,0
22620007100000,54,25,29,1814.4
22620007102000,3,2,1,0
22620007103000,3,2,1,0
22620007112000,5,3,2,161
22620007113000,7,3,4,438.9
22620007119000,10,5,5,474
22620007120000,1,1,0,0
22630006556000,158,69,89,7204.8
22630006557000,86,47,39,4179.6
22630006558000,297,150,147,12533.4
22630006559000,134,58,76,5333.2
22630006560000,43,22,21,2248.9
22630006566000,41,20,21,2013.1
22630006567000,5,4,1,235
22630006568000,131,67,64,5200.7
22630006569000,109,60,49,4872.3
22630006570000,25,11,14,1027.5
22630006571000,35,18,17,1669.5
22630006572000,10,6,4,620
22630006573000,12,6,6,590.4
22630006574000,35,18,17,1274
22630006575000,60,32,28,1992
22630006576000,50,21,29,1585
22630006577000,33,20,13,1303.5
22630006578000,4,3,1,0
22630006579000,3,2,1,0
22630006582000,4,3,1,0
22630006583000,9,5,4,329.4
22630006584000,9,4,5,257.4
22630006585000,15,9,6,684
22630006586000,56,29,27,2805.6
22630006587000,22,13,9,719.4
22630006588000,8,4,4,276.8
22630006594000,3,2,1,0
22630006595000,33,11,22,960.3
22630006596000,24,11,13,897.6
22630006597000,31,18,13,1209
22630006598000,8,4,4,342.4
22630006599000,1,1,0,0
22630006602000,16,11,5,649.6
22630006603000,22,13,9,829.4
22630006604000,7,4,3,224
22630006605000,12,6,6,537.6
22630006607000,4,2,2,0
22630006608000,12,6,6,440.4
22630006609000,33,17,16,1270.5
22630006610000,14,7,7,547.4
22630006611000,61,33,28,2098.4
22630006612000,41,18,23,1656.4
22630006613000,13,5,8,436.8
22630006615000,4,2,2,0
22630006616000,10,6,4,401
22630006617000,1,1,0,0
22630006618000,5,2,3,249
22630006619000,321,168,153,13000.5
22630006620000,1602,801,801,56230.2
22630006621000,1557,777,780,67418.1
22630006622000,794,394,400,31204.2
22630006623000,83,45,38,3046.1
22630006624000,21,11,10,1096.2
22630006625000,126,68,58,4372.2
22630006626000,8,4,4,479.2
22630006627000,958,471,487,40140.2
22630006628000,97,57,40,3424.1
22630006630000,1,1,0,0
22630006631000,4,2,2,0
22630006632000,13,7,6,542.1
22630006633000,75,40,35,2662.5
22630006634000,414,208,206,13951.8
22630006636000,10,6,4,454
22630006637000,1807,893,914,73183.5
22630006638000,1765,886,879,68305.5
22630006639000,2475,1201,1274,85387.5
22630006640000,2264,1080,1184,87616.8
22630006641000,1017,494,523,39357.9
22630006642000,613,302,311,28381.9
22630006643000,88,45,43,3132.8
22630006644000,1089,551,538,43015.5
22630006645000,1589,799,790,62765.5
22630006646000,1665,836,829,62937
22630006647000,1006,520,486,38127.4
22630006648000,7742,4008,3734,250066.6
22630006649000,19737,10675,9062,643426.2
22630006650000,19950,10330,9620,670320
22630006651000,14955,7540,7415,500992.5
22630006652000,15563,7600,7963,549373.9
22630006653000,3938,1951,1987,143343.2
22630006654000,3334,1642,1692,122691.2
22630006655000,1005,502,503,36783
22630006656000,8,5,3,370.4
22630006657000,6,4,2,177
22630006658000,20,9,11,704
22630006659000,12,5,7,414
22630006679000,4,3,1,0
22630006680000,28,16,12,1083.6
22630006681000,31,13,18,1630.6
22630006682000,33,14,19,1369.5
22630006683000,125,66,59,4212.5
22630006684000,7,5,2,266.7
22630006685000,5,4,1,151
22630006721000,2,1,1,0
22630006726000,36,17,19,1522.8
22630006727000,3,1,2,0
22630006728000,8,5,3,344
22630006730000,5,3,2,343
22630006731000,49,29,20,2249.1
22630006732000,190,99,91,7372
22630006733000,437,207,230,19927.2
22630006734000,33,14,19,910.8
22630006735000,20,10,10,982
22630006736000,25,14,11,1325
22630006737000,17,6,11,710.6
22630006738000,10,5,5,355
22630006739000,15,8,7,691.5
22630006740000,21,10,11,921.9
22630006741000,15,9,6,730.5
22630006742000,8,4,4,358.4
22630006743000,9,5,4,239.4
22630006744000,303,149,154,9362.7
22630006745000,47,25,22,1696.7
22630006746000,499,258,241,18113.7
22630006747000,392,195,197,13484.8
22630006748000,694,343,351,29772.6
22630006749000,222,113,109,9412.8
22630006750000,3,2,1,0
22630006753000,45,21,24,1521
22630006755000,40,22,18,1652
22630006757000,18,10,8,658.8
22630006758000,17,8,9,754.8
22630006759000,19,12,7,807.5
22630006760000,38,21,17,1592.2
22630006761000,30,16,14,1425
22630006762000,26,13,13,956.8
22630006763000,7,4,3,261.1
22630006764000,235,121,114,9823
22630006765000,252,123,129,13154.4
22630006766000,4,3,1,0
22630006768000,6,4,2,232.8
22630006769000,33,22,11,933.9
22630006770000,17,10,7,499.8
22630006773000,6,2,4,289.8
22630006777000,22,11,11,675.4
22630006778000,64,29,35,2643.2
22630006779000,9,3,6,435.6
22630006781000,5,1,4,228
22630006858000,4,2,2,0
22630006859000,3,2,1,0
22630006903000,2,1,1,0
22630006904000,2,1,1,0
22630006927000,2,0,2,0
22630006928000,6,3,3,163.8
22630006930000,3,2,1,0
22630006933000,4,3,1,0
22630006982000,10,7,3,204
22630006983000,2,1,1,0
22630006984000,5,3,2,160
22630006985000,4,3,1,0
22630006987000,23,16,7,791.2
22630006988000,8,3,5,312.8
22630006990000,9,5,4,272.7
22630006995000,1,1,0,0
22630006996000,24,12,12,813.6
22630006997000,83,45,38,2971.4
22630006998000,5,3,2,192
22630007009000,4,2,2,0
22630007010000,69,36,33,3318.9
22630007011000,245,123,122,8820
22630007012000,71,41,30,2705.1
22630007013000,13,6,7,483.6
22630007014000,8,4,4,343.2
22630007015000,59,30,29,2454.4
22630007016000,159,79,80,5755.8
22630007017000,16,10,6,692.8
22630007018000,27,12,15,1080
22630007019000,75,44,31,3435
22630007020000,361,183,178,13718
22630007021000,12,7,5,333.6
22630007022000,12,7,5,471.6
22630007023000,158,74,84,5798.6
22630007024000,120,55,65,4932
22630007025000,161,77,84,7245
22630007026000,908,383,525,51574.4
22630007027000,341,174,167,13094.4
22630007028000,38,21,17,1603.6
22630007029000,31,16,15,812.2
22630007030000,14,10,4,596.4
22630007031000,12,6,6,397.2
22630007032000,59,35,24,2212.5
22630007033000,78,43,35,3393
22630007034000,18,10,8,862.2
22630007037000,5,2,3,228
22630007056000,87,41,46,3601.8
22630007060000,2,1,1,0
22630007061000,14,9,5,705.6
22630007069000,18,8,10,788.4
22630007098000,8,3,5,368.8
22630007100000,6,3,3,240
22630007101000,181,88,93,6805.6
22630007103000,10,3,7,524
22630007104000,7,3,4,392.7
22630007112000,2,2,0,0
22630007119000,12,7,5,603.6
22630007121000,5,2,3,154
22640006555000,2,1,1,0
22640006556000,44,22,22,1914
22640006557000,48,22,26,1684.8
22640006558000,25,13,12,1132.5
22640006559000,59,33,26,2306.9
22640006567000,23,14,9,823.4
22640006568000,492,249,243,18794.4
22640006569000,1376,699,677,48572.8
22640006570000,51,26,25,2361.3
22640006571000,40,18,22,1076
22640006574000,7,5,2,382.2
22640006575000,43,20,23,1909.2
22640006576000,8,4,4,380.8
22640006577000,13,7,6,439.4
22640006578000,14,6,8,560
22640006579000,3,2,1,0
22640006581000,19,14,5,666.9
22640006582000,14,9,5,516.6
22640006583000,3,1,2,0
22640006584000,7,4,3,394.8
22640006585000,12,5,7,570
22640006586000,1134,569,565,50803.2
22640006587000,33,18,15,884.4
22640006588000,5,3,2,195
22640006594000,9,7,2,484.2
22640006595000,8,5,3,490.4
22640006596000,22,13,9,1082.4
22640006597000,8,8,0,340.8
22640006599000,25,15,10,997.5
22640006600000,28,15,13,1439.2
22640006601000,1,1,0,0
22640006602000,113,64,49,3853.3
22640006603000,24,12,12,1000.8
22640006604000,26,15,11,681.2
22640006605000,58,28,30,2117
22640006606000,12,6,6,602.4
22640006608000,24,15,9,1010.4
22640006609000,23,13,10,1193.7
22640006610000,18,10,8,878.4
22640006611000,9,5,4,455.4
22640006612000,21,12,9,846.3
22640006613000,25,11,14,1165
22640006614000,7,4,3,375.2
22640006615000,18,10,8,716.4
22640006616000,16,8,8,608
22640006617000,7,4,3,289.8
22640006618000,73,32,41,2898.1
22640006619000,364,178,186,12849.2
22640006620000,158,83,75,5277.2
22640006621000,848,417,431,34004.8
22640006622000,259,124,135,9764.3
22640006623000,76,34,42,2690.4
22640006624000,12,7,5,381.6
22640006626000,963,488,475,30141.9
22640006627000,2697,1327,1370,101137.5
22640006628000,1553,748,805,57926.9
22640006629000,2,1,1,0
22640006630000,12,7,5,405.6
22640006631000,102,44,58,3845.4
22640006632000,1516,772,744,53969.6
22640006633000,2334,1129,1205,96627.6
22640006634000,1826,951,875,63727.4
22640006635000,625,293,332,24187.5
22640006636000,1278,629,649,50992.2
22640006637000,2575,1246,1329,128750
22640006638000,1699,849,850,63372.7
22640006639000,1903,1033,870,75549.1
22640006640000,5122,2504,2618,181318.8
22640006641000,3075,1503,1572,118695
22640006642000,2991,1448,1543,124425.6
22640006643000,3197,1564,1633,131077
22640006644000,4154,1910,2244,186930
22640006645000,3787,1916,1871,149586.5
22640006646000,1862,901,961,71314.6
22640006647000,4646,2306,2340,169579
22640006648000,9294,4746,4548,325290
22640006649000,8370,4160,4210,299646
22640006650000,7946,3937,4009,266191
22640006651000,11533,6212,5321,385202.2
22640006652000,6166,3057,3109,212727
22640006653000,5420,2700,2720,202708
22640006654000,3780,1911,1869,137970
22640006655000,1488,758,730,58180.8
22640006656000,4,1,3,0
22640006658000,2,2,0,0
22640006659000,16,7,9,729.6
22640006660000,68,37,31,2747.2
22640006661000,39,22,17,1431.3
22640006662000,6,4,2,223.8
22640006708000,3,1,2,0
22640006721000,1,1,0,0
22640006722000,10,5,5,358
22640006724000,3,2,1,0
22640006726000,4,3,1,0
22640006729000,17,7,10,520.2
22640006730000,52,23,29,2158
22640006731000,8,3,5,254.4
22640006732000,10,6,4,515
22640006733000,197,91,106,9062
22640006734000,44,21,23,1812.8
22640006736000,41,21,20,1410.4
22640006737000,30,15,15,1428
22640006738000,26,15,11,1365
22640006740000,31,15,16,1491.1
22640006741000,46,27,19,1568.6
22640006742000,41,21,20,1771.2
22640006743000,11,5,6,423.5
22640006744000,830,397,433,29133
22640006745000,1907,901,1006,79331.2
22640006746000,591,306,285,24467.4
22640006747000,633,307,326,23294.4
22640006748000,1590,797,793,62805
22640006749000,681,336,345,28193.4
22640006750000,243,120,123,8553.6
22640006751000,87,41,46,2757.9
22640006752000,132,71,61,4474.8
22640006753000,24,12,12,955.2
22640006754000,58,27,31,2592.6
22640006755000,23,12,11,1106.3
22640006757000,37,18,19,1872.2
22640006758000,106,58,48,4006.8
22640006759000,11,6,5,491.7
22640006760000,122,65,57,4989.8
22640006761000,53,28,25,2522.8
22640006762000,33,17,16,1405.8
22640006763000,24,12,12,931.2
22640006767000,20,10,10,770
22640006768000,18,8,10,592.2
22640006769000,40,23,17,1308
22640006770000,31,16,15,1432.2
22640006772000,2,1,1,0
22640006774000,3,2,1,0
22640006775000,26,12,14,1279.2
22640006776000,11,7,4,500.5
22640006778000,162,72,90,5459.4
22640006779000,39,22,17,1630.2
22640006781000,19,12,7,788.5
22640006785000,2,1,1,0
22640006789000,3,2,1,0
22640006790000,22,11,11,800.8
22640006791000,1,1,0,0
22640006858000,5,2,3,217
22640006903000,5,2,3,165
22640006925000,10,5,5,520
22640006926000,4,3,1,0
22640006927000,2,1,1,0
22640006930000,12,7,5,511.2
22640006944000,3,1,2,0
22640006974000,2,1,1,0
22640006978000,6,2,4,289.2
22640006979000,3,2,1,0
22640006980000,10,5,5,305
22640006982000,2,1,1,0
22640006983000,31,17,14,1147
22640006984000,5,1,4,259
22640006985000,16,10,6,476.8
22640006986000,22,8,14,864.6
22640006987000,18,8,10,910.8
22640006989000,5,2,3,327
22640006995000,6,3,3,253.2
22640006996000,11,7,4,668.8
22640007008000,4,2,2,0
22640007009000,25,14,11,1190
22640007010000,41,22,19,1648.2
22640007012000,51,27,24,1785
22640007013000,55,25,30,1848
22640007014000,66,35,31,2508
22640007015000,135,67,68,5454
22640007016000,355,173,182,13454.5
22640007017000,32,18,14,1248
22640007018000,47,25,22,2039.8
22640007019000,16,11,5,684.8
22640007024000,188,95,93,7219.2
22640007025000,433,206,227,15284.9
22640007026000,136,69,67,5181.6
22640007027000,65,36,29,2483
22640007028000,42,20,22,1772.4
22640007029000,20,12,8,812
22640007030000,107,53,54,4108.8
22640007031000,75,37,38,3915
22640007032000,29,13,16,1107.8
22640007033000,91,48,43,3594.5
22640007034000,23,14,9,1007.4
22640007038000,21,11,10,751.8
22640007039000,12,7,5,573.6
22640007042000,12,5,7,705.6
22640007043000,5,3,2,166
22640007044000,1,1,0,0
22640007056000,19,8,11,615.6
22640007063000,12,5,7,481.2
22640007066000,12,6,6,356.4
22640007067000,3,2,1,0
22640007069000,10,6,4,310
22640007070000,21,10,11,676.2
22640007078000,4,2,2,0
22640007080000,1,1,0,0
22640007081000,4,2,2,0
22640007097000,2,1,1,0
22640007101000,271,135,136,10514.8
22640007104000,17,9,8,948.6
22640007119000,5,2,3,179
22640007120000,2,1,1,0
22640007121000,21,11,10,1035.3
22640007122000,64,31,33,2387.2
22650006554000,3,1,2,0
22650006555000,14,5,9,669.2
22650006556000,54,31,23,2926.8
22650006557000,41,24,17,1627.7
22650006558000,100,43,57,4450
22650006559000,146,80,66,6029.8
22650006560000,16,9,7,675.2
22650006567000,11,6,5,441.1
22650006568000,695,335,360,25506.5
22650006569000,316,151,165,13904
22650006570000,645,337,308,25606.5
22650006571000,725,365,360,29362.5
22650006572000,294,150,144,12730.2
22650006573000,15,7,8,669
22650006574000,55,27,28,2233
22650006575000,17,8,9,824.5
22650006576000,33,18,15,1214.4
22650006577000,9,5,4,378.9
22650006578000,11,4,7,555.5
22650006579000,28,16,12,1212.4
22650006580000,12,6,6,488.4
22650006581000,34,19,15,1683
22650006582000,32,14,18,1155.2
22650006583000,35,20,15,1673
22650006584000,44,21,23,1667.6
22650006585000,23,10,13,966
22650006586000,860,432,428,40334
22650006587000,47,27,20,1790.7
22650006588000,10,4,6,527
22650006596000,19,9,10,590.9
22650006597000,67,31,36,3068.6
22650006599000,23,11,12,772.8
22650006600000,109,59,50,3379
22650006601000,78,42,36,2652
22650006602000,786,392,394,25387.8
22650006604000,6,3,3,337.8
22650006605000,20,14,6,986
22650006607000,20,9,11,902
22650006608000,67,32,35,2981.5
22650006609000,451,240,211,17138
22650006610000,36,20,16,1357.2
22650006611000,1,0,1,0
22650006612000,2,1,1,0
22650006613000,8,4,4,310.4
22650006614000,37,20,17,1494.8
22650006615000,2,1,1,0
22650006616000,7,4,3,224.7
22650006617000,27,17,10,1293.3
22650006618000,155,80,75,5719.5
22650006619000,251,147,104,8835.2
22650006620000,130,64,66,3978
22650006621000,6,3,3,265.8
22650006622000,8,5,3,308
22650006623000,29,15,14,1084.6
22650006624000,10,7,3,428
22650006625000,63,32,31,2589.3
22650006626000,1566,771,795,60134.4
22650006627000,2138,990,1148,93644.4
22650006628000,950,481,469,36765
22650006629000,31,19,12,1333
22650006630000,563,277,286,20662.1
22650006631000,2397,1234,1163,88928.7
22650006632000,1284,646,638,48021.6
22650006633000,1176,584,592,41865.6
22650006634000,7,2,5,301
22650006635000,729,353,376,28722.6
22650006636000,2055,1015,1040,76857
22650006637000,2649,1287,1362,98277.9
22650006638000,2349,1150,1199,97013.7
22650006639000,1995,988,1007,75012
22650006640000,1540,770,770,56518
22650006641000,4098,2041,2057,149167.2
22650006642000,3203,1611,1592,112425.3
22650006643000,3912,1932,1980,146700
22650006644000,5330,2510,2820,202007
22650006645000,4217,1958,2259,161089.4
22650006646000,4207,2113,2094,153134.8
22650006647000,4501,2079,2422,183190.7
22650006648000,5245,2624,2621,196163
22650006649000,2975,1475,1500,105315
22650006650000,879,416,463,30852.9
22650006651000,4354,2260,2094,158485.6
22650006652000,5176,2565,2611,185300.8
22650006653000,3429,1702,1727,139560.3
22650006654000,2499,1187,1312,106457.4
22650006655000,808,407,401,30784.8
22650006658000,17,8,9,617.1
22650006659000,8,7,1,264
22650006660000,13,7,6,621.4
22650006661000,13,7,6,461.5
22650006675000,1,1,0,0
22650006710000,6,3,3,324
22650006722000,17,8,9,1030.2
22650006723000,28,15,13,1285.2
22650006724000,39,20,19,1517.1
22650006725000,52,23,29,2241.2
22650006726000,26,15,11,1136.2
22650006727000,12,7,5,639.6
22650006728000,2,1,1,0
22650006729000,22,12,10,895.4
22650006730000,46,20,26,2497.8
22650006731000,53,27,26,2109.4
22650006732000,7,5,2,249.9
22650006733000,18,9,9,754.2
22650006734000,43,22,21,1754.4
22650006735000,3,2,1,0
22650006736000,32,17,15,1328
22650006737000,37,19,18,1698.3
22650006738000,13,7,6,544.7
22650006740000,22,10,12,1036.2
22650006741000,28,15,13,1612.8
22650006742000,20,11,9,556
22650006743000,38,19,19,1782.2
22650006744000,1016,526,490,41452.8
22650006745000,1390,696,694,58241
22650006746000,1890,924,966,75222
22650006747000,2274,1108,1166,110743.8
22650006748000,1432,678,754,59571.2
22650006749000,209,101,108,7816.6
22650006750000,1,1,0,0
22650006753000,12,6,6,457.2
22650006754000,62,29,33,2052.2
22650006755000,31,16,15,1153.2
22650006756000,42,21,21,2091.6
22650006757000,64,39,25,2476.8
22650006758000,23,9,14,830.3
22650006761000,2,1,1,0
22650006765000,29,17,12,1276
22650006766000,25,15,10,1200
22650006767000,22,11,11,981.2
22650006768000,55,30,25,2700.5
22650006769000,56,28,28,2324
22650006770000,4,2,2,0
22650006774000,4,3,1,0
22650006775000,16,8,8,769.6
22650006777000,20,11,9,746
22650006778000,23,14,9,901.6
22650006779000,41,21,20,1254.6
22650006780000,7,3,4,259.7
22650006781000,23,10,13,998.2
22650006784000,28,17,11,1358
22650006785000,2,0,2,0
22650006849000,1,1,0,0
22650006858000,4,3,1,0
22650006893000,1,1,0,0
22650006902000,4,2,2,0
22650006916000,2,1,1,0
22650006926000,16,9,7,609.6
22650006980000,3,1,2,0
22650006983000,12,7,5,423.6
22650006986000,4,2,2,0
22650006995000,13,7,6,520
22650007009000,4,3,1,0
22650007013000,10,5,5,532
22650007014000,11,6,5,547.8
22650007015000,42,24,18,1545.6
22650007016000,8,4,4,234.4
22650007017000,25,12,13,937.5
22650007025000,97,47,50,3356.2
22650007026000,638,316,322,20671.2
22650007027000,22,11,11,957
22650007028000,44,25,19,1394.8
22650007029000,25,14,11,1085
22650007030000,510,248,262,16728
22650007031000,180,89,91,5058
22650007032000,25,11,14,952.5
22650007033000,174,91,83,6316.2
22650007035000,66,33,33,2686.2
22650007036000,17,11,6,683.4
22650007037000,20,9,11,810
22650007038000,301,147,154,11377.8
22650007039000,55,31,24,2255
22650007041000,8,3,5,404.8
22650007044000,265,140,125,10865
22650007056000,9,4,5,362.7
22650007065000,2,1,1,0
22650007066000,12,7,5,726
22650007067000,7,3,4,286.3
22650007070000,23,12,11,936.1
22650007071000,5,3,2,155
22650007078000,2,1,1,0
22650007081000,8,5,3,428.8
22650007082000,2,1,1,0
22650007086000,1,1,0,0
22650007087000,9,5,4,226.8
22650007096000,5,1,4,142
22650007097000,8,5,3,510.4
22650007098000,5,2,3,146
22650007099000,13,8,5,321.1
22650007100000,4,3,1,0
22650007101000,234,113,121,10436.4
22650007102000,121,62,59,3847.8
22650007103000,6,3,3,258
22650007104000,3,1,2,0
22650007105000,8,4,4,268.8
22650007121000,4,1,3,0
22650007122000,24,12,12,859.2
22650007123000,11,6,5,588.5
22650007124000,12,8,4,422.4
22660006553000,50,30,20,2345
22660006554000,3,2,1,0
22660006555000,16,8,8,726.4
22660006556000,32,18,14,1484.8
22660006557000,96,49,47,4483.2
22660006558000,149,81,68,5200.1
22660006559000,140,71,69,5404
22660006560000,1,1,0,0
22660006562000,1,1,0,0
22660006564000,8,3,5,491.2
22660006565000,11,2,9,345.4
22660006566000,3,1,2,0
22660006567000,12,9,3,392.4
22660006568000,434,216,218,15103.2
22660006569000,1244,614,630,52248
22660006570000,573,284,289,23321.1
22660006571000,1731,817,914,73048.2
22660006572000,1764,849,915,78321.6
22660006573000,192,89,103,8620.8
22660006574000,185,101,84,7048.5
22660006575000,42,23,19,1314.6
22660006576000,97,52,45,3928.5
22660006577000,62,34,28,3044.2
22660006578000,39,20,19,1154.4
22660006579000,37,18,19,1587.3
22660006580000,25,12,13,1242.5
22660006581000,17,9,8,714
22660006582000,2,1,1,0
22660006583000,25,12,13,805
22660006584000,6,4,2,294
22660006585000,39,19,20,1758.9
22660006586000,143,80,63,6620.9
22660006587000,8,3,5,404.8
22660006589000,6,3,3,259.2
22660006596000,2,1,1,0
22660006597000,1,1,0,0
22660006600000,32,18,14,1078.4
22660006601000,142,62,80,7171
22660006602000,124,68,56,5294.8
22660006606000,1,1,0,0
22660006607000,2,1,1,0
22660006608000,44,23,21,1949.2
22660006609000,6,4,2,226.2
22660006610000,52,32,20,2168.4
22660006611000,22,12,10,1106.6
22660006612000,5,2,3,336
22660006613000,11,7,4,390.5
22660006614000,2,1,1,0
22660006615000,5,2,3,147
22660006616000,14,10,4,453.6
22660006617000,18,8,10,545.4
22660006618000,55,32,23,2260.5
22660006619000,2,1,1,0
22660006620000,23,13,10,733.7
22660006621000,14,8,6,483
22660006622000,8,5,3,218.4
22660006623000,7,4,3,284.9
22660006624000,16,5,11,644.8
22660006625000,417,207,210,15512.4
22660006626000,1226,605,621,50633.8
22660006627000,1601,776,825,70283.9
22660006628000,299,151,148,11810.5
22660006629000,34,15,19,1523.2
22660006630000,1093,568,525,46233.9
22660006631000,2405,1153,1252,97402.5
22660006632000,1294,626,668,41149.2
22660006636000,21,15,6,812.7
22660006638000,1905,971,934,64770
22660006639000,4450,2232,2218,132165
22660006640000,1539,769,770,48016.8
22660006641000,4020,1998,2022,127836
22660006642000,2743,1367,1376,99570.9
22660006643000,4274,2062,2212,159847.6
22660006644000,3396,1562,1834,140934
22660006645000,2047,1027,1020,74101.4
22660006646000,916,445,471,33708.8
22660006647000,3567,1713,1854,136616.1
22660006648000,2053,1039,1014,78219.3
22660006649000,3894,1979,1915,145635.6
22660006650000,673,359,314,24362.6
22660006651000,4066,2060,2006,144749.6
22660006652000,5444,2680,2764,205783.2
22660006653000,3270,1579,1691,117720
22660006655000,2,1,1,0
22660006656000,180,88,92,7182
22660006659000,3,3,0,0
22660006660000,3,1,2,0
22660006661000,90,50,40,3771
22660006662000,161,79,82,6955.2
22660006663000,67,38,29,2720.2
22660006672000,5,3,2,194
22660006673000,53,29,24,2485.7
22660006674000,27,11,16,947.7
22660006709000,7,5,2,294
22660006723000,49,23,26,1837.5
22660006724000,65,34,31,2541.5
22660006725000,92,50,42,3661.6
22660006726000,59,32,27,2637.3
22660006727000,50,30,20,1925
22660006728000,75,38,37,2842.5
22660006729000,96,53,43,4406.4
22660006730000,165,89,76,6402
22660006731000,114,59,55,5266.8
22660006732000,28,16,12,1100.4
22660006734000,28,12,16,1008
22660006735000,1,1,0,0
22660006736000,54,24,30,2203.2
22660006737000,30,18,12,1311
22660006738000,13,6,7,383.5
22660006739000,3,1,2,0
22660006740000,10,5,5,468
22660006741000,6,3,3,292.2
22660006742000,5,2,3,225
22660006743000,76,40,36,3169.2
22660006744000,251,123,128,7479.8
22660006745000,446,203,243,17215.6
22660006746000,274,136,138,14220.6
22660006750000,9,5,4,324
22660006751000,6,3,3,231
22660006754000,2,2,0,0
22660006755000,56,29,27,2049.6
22660006756000,65,33,32,2788.5
22660006757000,7,3,4,373.8
22660006761000,24,14,10,907.2
22660006762000,455,211,244,22113
22660006763000,307,155,152,12740.5
22660006764000,88,45,43,3775.2
22660006765000,69,43,26,3111.9
22660006766000,38,21,17,1368
22660006767000,24,13,11,1068
22660006768000,24,11,13,1027.2
22660006769000,21,11,10,747.6
22660006770000,5,3,2,223
22660006774000,12,6,6,300
22660006775000,4,3,1,0
22660006777000,19,9,10,613.7
22660006778000,35,20,15,1543.5
22660006783000,34,18,16,1003
22660006784000,51,24,27,1887
22660006786000,2,1,1,0
22660006838000,1,1,0,0
22660006893000,9,6,3,415.8
22660006902000,4,3,1,0
22660006916000,1,1,0,0
22660006983000,24,13,11,1084.8
22660006995000,11,5,6,535.7
22660006996000,4,3,1,0
22660007014000,26,15,11,1016.6
22660007015000,73,44,29,2540.4
22660007016000,78,42,36,2683.2
22660007017000,22,12,10,679.8
22660007026000,233,120,113,6244.4
22660007027000,108,58,50,3758.4
22660007028000,74,36,38,2671.4
22660007029000,47,23,24,1861.2
22660007030000,107,60,47,3798.5
22660007031000,29,15,14,1476.1
22660007032000,3367,1591,1776,126935.9
22660007033000,2783,1428,1355,102414.4
22660007034000,111,57,54,4528.8
22660007035000,523,270,253,20030.9
22660007036000,1766,900,866,60220.6
22660007037000,1618,815,803,57762.6
22660007038000,1423,730,693,49378.1
22660007039000,886,466,420,31187.2
22660007043000,5,2,3,110
22660007044000,233,129,104,9133.6
22660007056000,10,7,3,331
22660007066000,7,3,4,223.3
22660007067000,2,1,1,0
22660007071000,33,20,13,1333.2
22660007072000,6,2,4,346.2
22660007081000,3,2,1,0
22660007095000,2,1,1,0
22660007096000,1,1,0,0
22660007099000,2,1,1,0
22660007100000,8,4,4,410.4
22660007101000,294,157,137,13612.2
22660007102000,130,52,78,6136
22660007105000,34,18,16,1373.6
22660007106000,14,10,4,621.6
22660007117000,10,8,2,429
22660007121000,2,1,1,0
22660007122000,15,10,5,601.5
22660007123000,18,9,9,810
22660007127000,7,2,5,280.7
22670006551000,102,53,49,5038.8
22670006552000,15,9,6,913.5
22670006553000,66,36,30,2171.4
22670006554000,126,66,60,3868.2
22670006555000,526,253,273,21145.2
22670006556000,19,9,10,855
22670006557000,48,26,22,2529.6
22670006558000,59,32,27,2708.1
22670006561000,2,1,1,0
22670006562000,82,42,40,3870.4
22670006563000,234,118,116,9430.2
22670006564000,121,66,55,4089.8
22670006565000,244,122,122,7808
22670006566000,450,240,210,15525
22670006567000,482,241,241,16870
22670006568000,384,173,211,16972.8
22670006569000,1112,517,595,48816.8
22670006570000,1154,583,571,46621.6
22670006571000,2468,1240,1228,102175.2
22670006572000,2565,1245,1320,102343.5
22670006573000,1578,776,802,61857.6
22670006574000,1354,686,668,44005
22670006575000,593,302,291,20043.4
22670006576000,14,9,5,722.4
22670006577000,9,5,4,320.4
22670006578000,5,2,3,211
22670006580000,6,2,4,252
22670006581000,19,9,10,680.2
22670006582000,37,19,18,1461.5
22670006583000,29,17,12,1133.9
22670006584000,9,3,6,352.8
22670006585000,104,56,48,4139.2
22670006586000,1,1,0,0
22670006587000,10,7,3,339
22670006589000,5,2,3,172
22670006593000,1,0,1,0
22670006594000,1,1,0,0
22670006596000,1,1,0,0
22670006597000,5,4,1,156
22670006598000,7,2,5,273
22670006599000,5,3,2,157
22670006600000,15,7,8,567
22670006601000,31,18,13,1181.1
22670006602000,9,5,4,282.6
22670006603000,41,18,23,1881.9
22670006608000,12,5,7,504
22670006609000,8,3,5,284
22670006610000,25,15,10,1142.5
22670006611000,17,7,10,615.4
22670006612000,14,8,6,572.6
22670006613000,11,4,7,303.6
22670006615000,17,7,10,926.5
22670006616000,17,10,7,545.7
22670006617000,10,5,5,254
22670006618000,3,1,2,0
22670006619000,24,15,9,1041.6
22670006620000,28,14,14,778.4
22670006621000,41,20,21,1480.1
22670006622000,86,52,34,2915.4
22670006623000,104,47,57,3660.8
22670006624000,46,26,20,1876.8
22670006625000,25,11,14,1017.5
22670006626000,24,15,9,1094.4
22670006627000,495,258,237,17523
22670006628000,141,60,81,8403.6
22670006629000,27,15,12,1080
22670006630000,19,9,10,801.8
22670006631000,697,363,334,24673.8
22670006632000,1889,954,935,58936.8
22670006634000,5,3,2,192
22670006638000,135,72,63,4927.5
22670006639000,192,96,96,6662.4
22670006640000,351,197,154,11618.1
22670006641000,1088,562,526,39603.2
22670006642000,475,257,218,17907.5
22670006643000,563,273,290,20436.9
22670006644000,2862,1359,1503,121062.6
22670006645000,5982,2814,3168,226717.8
22670006646000,4789,2336,2453,191560
22670006647000,8736,4051,4685,334588.8
22670006648000,3217,1607,1610,123854.5
22670006649000,4314,1990,2324,186364.8
22670006650000,394,247,147,15366
22670006651000,682,341,341,25029.4
22670006652000,5175,2526,2649,182677.5
22670006653000,629,299,330,23273
22670006663000,8,3,5,311.2
22670006667000,2,1,1,0
22670006672000,73,35,38,3336.1
22670006673000,408,194,214,15912
22670006674000,6,3,3,475.8
22670006721000,7,4,3,310.1
22670006722000,6,3,3,414
22670006723000,77,41,36,3303.3
22670006724000,35,21,14,1347.5
22670006725000,11,7,4,639.1
22670006726000,63,39,24,2709
22670006727000,21,10,11,1071
22670006728000,31,19,12,1283.4
22670006729000,17,9,8,530.4
22670006730000,177,78,99,6584.4
22670006731000,457,227,230,18965.5
22670006732000,17,11,6,574.6
22670006733000,1,1,0,0
22670006734000,7,2,5,287.7
22670006735000,23,13,10,821.1
22670006736000,64,29,35,3116.8
22670006737000,23,11,12,954.5
22670006738000,56,30,26,2004.8
22670006739000,8,6,2,470.4
22670006740000,33,22,11,1343.1
22670006741000,29,17,12,1012.1
22670006742000,11,6,5,595.1
22670006743000,96,49,47,3417.6
22670006744000,27,14,13,1244.7
22670006749000,51,22,29,1978.8
22670006750000,23,13,10,1150
22670006751000,11,4,7,430.1
22670006752000,1,1,0,0
22670006759000,30,15,15,1710
22670006760000,223,112,111,8875.4
22670006761000,331,173,158,16252.1
22670006762000,980,458,522,48902
22670006763000,1020,517,503,44472
22670006764000,221,106,115,7381.4
22670006765000,50,26,24,1650
22670006766000,5,3,2,225
22670006767000,4,2,2,0
22670006768000,2,2,0,0
22670006770000,28,15,13,1209.6
22670006774000,19,10,9,767.6
22670006778000,1,0,1,0
22670006781000,39,19,20,1653.6
22670006782000,94,45,49,3816.4
22670006783000,14,7,7,838.6
22670006784000,1,0,1,0
22670006785000,1,0,1,0
22670006786000,1,1,0,0
22670006787000,17,9,8,634.1
22670006837000,1,0,1,0
22670006893000,14,8,6,508.2
22670006894000,20,12,8,554
22670006895000,46,25,21,1913.6
22670006896000,26,14,12,1112.8
22670006897000,3,1,2,0
22670006900000,4,1,3,0
22670006916000,7,5,2,254.1
22670006917000,1,0,1,0
22670006924000,1,0,1,0
22670006925000,1,0,1,0
22670006976000,1,0,1,0
22670006982000,2,1,1,0
22670006983000,8,3,5,368.8
22670006984000,3,1,2,0
22670006995000,3,2,1,0
22670006996000,10,5,5,361
22670007015000,9,6,3,357.3
22670007016000,41,25,16,1517
22670007017000,89,46,43,3168.4
22670007018000,6,3,3,292.2
22670007027000,30,17,13,1188
22670007028000,50,28,22,1755
22670007029000,81,40,41,2332.8
22670007030000,103,56,47,3357.8
22670007031000,105,62,43,3664.5
22670007032000,1284,654,630,49434
22670007033000,2566,1260,1306,101357
22670007034000,3800,1797,2003,144780
22670007035000,4435,2166,2269,168086.5
22670007036000,1974,982,992,70866.6
22670007037000,2690,1342,1348,99530
22670007038000,2855,1449,1406,103636.5
22670007039000,1206,623,583,42571.8
22670007040000,599,290,309,25038.2
22670007041000,681,334,347,25333.2
22670007042000,17,11,6,557.6
22670007043000,1,1,0,0
22670007044000,11,6,5,341
22670007056000,4,2,2,0
22670007067000,2,1,1,0
22670007072000,13,9,4,435.5
22670007073000,2,1,1,0
22670007095000,9,5,4,242.1
22670007096000,4,3,1,0
22670007101000,5,4,1,187
22670007103000,2,1,1,0
22670007105000,2,1,1,0
22670007106000,10,5,5,392
22670007117000,4,2,2,0
22670007120000,7,2,5,296.8
22670007121000,11,7,4,405.9
22670007122000,1,1,0,0
22670007123000,3,1,2,0
22670007124000,12,6,6,381.6
22670007125000,12,6,6,439.2
22670007126000,45,26,19,1759.5
22670007127000,4,2,2,0
22680006551000,49,23,26,2577.4
22680006552000,9,6,3,389.7
22680006553000,53,29,24,2305.5
22680006555000,7,3,4,363.3
22680006556000,9,4,5,470.7
22680006561000,3,1,2,0
22680006562000,96,44,52,3772.8
22680006563000,94,46,48,4709.4
22680006564000,78,43,35,2745.6
22680006565000,31,16,15,1249.3
22680006566000,254,129,125,10185.4
22680006567000,273,135,138,11274.9
22680006568000,560,291,269,22624
22680006569000,1372,658,714,57761.2
22680006570000,3462,1694,1768,153712.8
22680006571000,3020,1505,1515,123820
22680006572000,1621,833,788,63543.2
22680006573000,825,422,403,32257.5
22680006574000,165,91,74,6451.5
22680006575000,133,72,61,5373.2
22680006576000,30,15,15,1359
22680006578000,20,9,11,1004
22680006579000,1,1,0,0
22680006581000,13,7,6,655.2
22680006582000,1,0,1,0
22680006583000,52,27,25,1622.4
22680006584000,31,19,12,1174.9
22680006585000,391,209,182,16187.4
22680006586000,43,26,17,1965.1
22680006587000,1,1,0,0
22680006588000,10,5,5,563
22680006595000,2,1,1,0
22680006596000,2,1,1,0
22680006598000,3,1,2,0
22680006599000,3,2,1,0
22680006600000,8,4,4,264.8
22680006601000,55,31,24,2095.5
22680006604000,9,6,3,424.8
22680006605000,1,1,0,0
22680006612000,2,1,1,0
22680006613000,17,9,8,754.8
22680006614000,1,1,0,0
22680006615000,31,14,17,1494.2
22680006616000,7,3,4,280
22680006617000,5,3,2,309
22680006618000,4,3,1,0
22680006619000,20,13,7,784
22680006620000,13,8,5,718.9
22680006621000,18,8,10,601.2
22680006622000,319,172,147,13812.7
22680006623000,726,374,352,23377.2
22680006624000,19,12,7,813.2
22680006625000,13,8,5,581.1
22680006626000,37,22,15,1250.6
22680006627000,17,11,6,749.7
22680006628000,21,9,12,1075.2
22680006629000,21,9,12,741.3
22680006630000,21,13,8,852.6
22680006631000,3,1,2,0
22680006632000,125,59,66,4875
22680006634000,6,3,3,343.2
22680006635000,775,375,400,28365
22680006636000,4,2,2,0
22680006637000,32,18,14,1715.2
22680006638000,62,33,29,2740.4
22680006639000,27,17,10,1476.9
22680006640000,100,63,37,3820
22680006644000,20,10,10,826
22680006645000,785,359,426,31243
22680006646000,1562,750,812,65604
22680006647000,1190,590,600,37366
22680006648000,2286,1137,1149,81610.2
22680006649000,5687,2800,2887,218380.8
22680006650000,1997,1015,982,75286.9
22680006651000,13,10,3,520
22680006652000,4387,2205,2182,147841.9
22680006653000,2857,1389,1468,107994.6
22680006654000,12,8,4,458.4
22680006661000,1,0,1,0
22680006665000,4,2,2,0
22680006666000,1,1,0,0
22680006670000,85,37,48,3085.5
22680006671000,357,182,175,12852
22680006672000,45,20,25,1363.5
22680006673000,23,11,12,926.9
22680006674000,2,2,0,0
22680006722000,1,1,0,0
22680006723000,7,3,4,230.3
22680006724000,17,8,9,739.5
22680006725000,28,14,14,1321.6
22680006726000,54,27,27,2565
22680006727000,92,32,60,5796
22680006728000,73,37,36,2722.9
22680006729000,37,22,15,1480
22680006730000,38,21,17,1474.4
22680006731000,22,11,11,1082.4
22680006732000,13,6,7,813.8
22680006733000,78,41,37,2706.6
22680006734000,7,3,4,158.2
22680006735000,40,25,15,1528
22680006736000,21,12,9,1001.7
22680006737000,10,6,4,424
22680006738000,6,3,3,396
22680006739000,2,1,1,0
22680006740000,41,21,20,1775.3
22680006741000,285,142,143,12454.5
22680006742000,225,115,110,8077.5
22680006743000,2,1,1,0
22680006746000,6,4,2,256.2
22680006747000,15,7,8,790.5
22680006748000,8,2,6,348.8
22680006749000,17,8,9,708.9
22680006750000,33,19,14,1254
22680006751000,36,23,13,1339.2
22680006752000,2,1,1,0
22680006753000,15,6,9,544.5
22680006756000,5,3,2,259
22680006758000,34,15,19,1676.2
22680006759000,138,73,65,4968
22680006760000,60,28,32,2940
22680006761000,16,8,8,636.8
22680006763000,650,316,334,25220
22680006764000,25,11,14,1037.5
22680006765000,33,21,12,1402.5
22680006766000,6,4,2,382.2
22680006767000,3,2,1,0
22680006768000,2,1,1,0
22680006770000,12,5,7,409.2
22680006772000,8,3,5,351.2
22680006773000,7,4,3,289.1
22680006775000,26,12,14,1073.8
22680006776000,21,12,9,802.2
22680006777000,9,4,5,432
22680006781000,146,73,73,5986
22680006782000,136,68,68,4705.6
22680006785000,2,1,1,0
22680006786000,10,5,5,411
22680006787000,29,17,12,1174.5
22680006849000,1,0,1,0
22680006859000,6,2,4,241.8
22680006892000,2,1,1,0
22680006894000,24,10,14,1132.8
22680006895000,85,45,40,3740
22680006896000,99,56,43,3643.2
22680006897000,2,2,0,0
22680006898000,24,9,15,933.6
22680006899000,4,2,2,0
22680006900000,22,10,12,937.2
22680006916000,22,13,9,946
22680006917000,2,1,1,0
22680006923000,3,2,1,0
22680006973000,8,6,2,231.2
22680006974000,1,1,0,0
22680006975000,8,5,3,456
22680006976000,16,9,7,652.8
22680006977000,14,5,9,484.4
22680006978000,20,9,11,846
22680006992000,3,2,1,0
22680006995000,18,9,9,919.8
22680006996000,18,9,9,923.4
22680007029000,18,7,11,988.2
22680007030000,26,14,12,1245.4
22680007031000,250,128,122,8825
22680007032000,1248,648,600,47299.2
22680007033000,2359,1185,1174,88226.6
22680007034000,877,425,452,33150.6
22680007035000,1926,952,974,67987.8
22680007036000,1270,639,631,46228
22680007037000,2954,1448,1506,120227.8
22680007038000,3374,1650,1724,130236.4
22680007039000,3522,1697,1825,143697.6
22680007040000,2589,1266,1323,97346.4
22680007041000,3087,1577,1510,115145.1
22680007042000,1071,535,536,46695.6
22680007043000,3,2,1,0
22680007056000,1,0,1,0
22680007067000,8,5,3,360
22680007073000,33,18,15,1415.7
22680007102000,6,4,2,196.8
22680007122000,2,2,0,0
22680007124000,43,24,19,2102.7
22680007125000,84,35,49,5031.6
22690006554000,2,1,1,0
22690006568000,604,280,324,22046
22690006569000,1551,704,847,75068.4
22690006570000,2058,966,1092,89728.8
22690006571000,1392,678,714,63892.8
22690006572000,1580,733,847,70626
22690006573000,450,224,226,19395
22690006574000,21,10,11,808.5
22690006576000,22,13,9,943.8
22690006578000,6,2,4,201
22690006580000,34,16,18,1448.4
22690006581000,29,17,12,1284.7
22690006582000,27,14,13,1215
22690006583000,25,12,13,962.5
22690006584000,41,24,17,1717.9
22690006585000,362,194,168,11439.2
22690006586000,57,32,25,1550.4
22690006587000,30,19,11,1278
22690006588000,8,3,5,222.4
22690006595000,5,3,2,348
22690006596000,2,1,1,0
22690006600000,3,1,2,0
22690006601000,47,24,23,1781.3
22690006602000,1,0,1,0
22690006608000,5,2,3,98
22690006609000,4,2,2,0
22690006611000,4,2,2,0
22690006612000,2,1,1,0
22690006613000,14,7,7,579.6
22690006614000,94,50,44,3863.4
22690006615000,23,14,9,782
22690006616000,6,4,2,258
22690006617000,8,5,3,196.8
22690006618000,24,14,10,952.8
22690006619000,15,7,8,601.5
22690006620000,13,8,5,616.2
22690006621000,18,10,8,727.2
22690006622000,35,20,15,1361.5
22690006623000,12,6,6,496.8
22690006624000,39,26,13,1170
22690006625000,13,8,5,582.4
22690006626000,28,17,11,940.8
22690006627000,12,7,5,488.4
22690006628000,13,7,6,635.7
22690006629000,4,2,2,0
22690006630000,19,10,9,908.2
22690006631000,4,2,2,0
22690006632000,1,1,0,0
22690006634000,63,32,31,2627.1
22690006635000,523,270,253,20920
22690006636000,58,29,29,1960.4
22690006637000,143,72,71,6120.4
22690006638000,90,51,39,3825
22690006639000,18,9,9,694.8
22690006640000,3,1,2,0
22690006644000,2,1,1,0
22690006649000,569,287,282,18833.9
22690006650000,6894,3486,3408,252320.4
22690006651000,1456,689,767,49504
22690006652000,1410,639,771,54003
22690006653000,5390,2583,2807,204281
22690006654000,5843,2885,2958,222618.3
22690006655000,597,303,294,24954.6
22690006658000,3,1,2,0
22690006663000,51,26,25,1581
22690006664000,2018,1013,1005,71033.6
22690006665000,1573,818,755,60245.9
22690006668000,40,25,15,1644
22690006669000,15,7,8,483
22690006670000,752,353,399,29854.4
22690006671000,743,368,375,31057.4
22690006672000,320,153,167,10368
22690006677000,2,1,1,0
22690006708000,9,5,4,235.8
22690006709000,2,1,1,0
22690006710000,2,1,1,0
22690006725000,12,8,4,428.4
22690006726000,30,17,13,1284
22690006727000,57,32,25,2234.4
22690006728000,61,34,27,2787.7
22690006729000,43,22,21,1806
22690006730000,27,14,13,1109.7
22690006731000,30,20,10,1326
22690006732000,34,17,17,1479
22690006733000,171,94,77,7404.3
22690006734000,37,21,16,1254.3
22690006735000,61,30,31,2964.6
22690006736000,164,86,78,6642
22690006738000,36,17,19,1551.6
22690006739000,12,6,6,447.6
22690006740000,46,23,23,2047
22690006741000,125,62,63,4450
22690006742000,12,7,5,550.8
22690006746000,8,3,5,419.2
22690006747000,62,29,33,2548.2
22690006748000,25,12,13,1150
22690006749000,23,16,7,993.6
22690006750000,5,4,1,176
22690006751000,27,16,11,988.2
22690006752000,15,7,8,535.5
22690006753000,5,3,2,123
22690006755000,5,4,1,61
22690006756000,17,10,7,805.8
22690006757000,43,19,24,1642.6
22690006758000,4,1,3,0
22690006759000,36,16,20,1821.6
22690006760000,65,31,34,2899
22690006761000,18,12,6,730.8
22690006762000,8,4,4,328
22690006763000,9,4,5,405
22690006764000,73,35,38,2971.1
22690006765000,84,43,41,3242.4
22690006766000,35,18,17,1501.5
22690006767000,18,10,8,736.2
22690006768000,21,13,8,699.3
22690006769000,6,3,3,220.8
22690006770000,9,4,5,354.6
22690006772000,9,4,5,441
22690006774000,6,2,4,198
22690006775000,37,14,23,1835.2
22690006776000,10,4,6,412
22690006777000,4,3,1,0
22690006780000,2,1,1,0
22690006781000,14,6,8,609
22690006785000,1,1,0,0
22690006786000,2,1,1,0
22690006788000,4,3,1,0
22690006849000,2,1,1,0
22690006859000,3,1,2,0
22690006892000,1,0,1,0
22690006894000,16,9,7,1032
22690006895000,21,13,8,858.9
22690006896000,150,73,77,5250
22690006897000,37,17,20,1287.6
22690006898000,6,1,5,117
22690006916000,2,2,0,0
22690006923000,5,2,3,171
22690006973000,2,1,1,0
22690006974000,2,1,1,0
22690006977000,5,2,3,202
22690006978000,6,3,3,277.2
22690006979000,8,4,4,462.4
22690006980000,13,6,7,601.9
22690006983000,20,10,10,840
22690006984000,7,5,2,238.7
22690006985000,5,1,4,167
22690006986000,1,1,0,0
22690006994000,29,16,13,1606.6
22690006995000,31,15,16,1457
22690006996000,3,2,1,0
22690007017000,15,7,8,562.5
22690007029000,10,6,4,557
22690007030000,1,0,1,0
22690007031000,4,2,2,0
22690007032000,791,409,382,24441.9
22690007033000,2634,1315,1319,91136.4
22690007034000,3286,1651,1635,127496.8
22690007035000,1294,644,650,51501.2
22690007036000,1971,1028,943,68985
22690007037000,1043,565,478,37235.1
22690007038000,2103,1069,1034,74235.9
22690007039000,1267,694,573,44978.5
22690007040000,1466,784,682,50870.2
22690007041000,3603,1841,1762,147002.4
22690007042000,160,87,73,5424
22690007057000,13,4,9,543.4
22690007073000,5,3,2,157
22690007097000,4,2,2,0
22690007104000,31,15,16,874.2
22690007116000,1,1,0,0
22690007118000,9,4,5,523.8
22690007119000,2,2,0,0
22690007124000,2,0,2,0
22690007125000,5,1,4,306
22690007127000,3,2,1,0
22690007130000,1,1,0,0
22700006550000,11,7,4,742.5
22700006551000,17,10,7,746.3
22700006552000,15,7,8,549
22700006553000,11,7,4,751.3
22700006554000,2,1,1,0
22700006555000,16,10,6,539.2
22700006556000,1,0,1,0
22700006568000,178,85,93,6550.4
22700006569000,73,39,34,2795.9
22700006570000,1291,575,716,56287.6
22700006571000,935,449,486,37493.5
22700006572000,2024,1070,954,73471.2
22700006573000,1859,879,980,72129.2
22700006574000,99,53,46,4098.6
22700006578000,7,4,3,188.3
22700006579000,24,13,11,816
22700006580000,167,83,84,5577.8
22700006581000,59,26,33,2342.3
22700006582000,73,38,35,2993
22700006583000,23,14,9,1016.6
22700006584000,56,32,24,2385.6
22700006585000,3,2,1,0
22700006587000,6,3,3,273
22700006588000,24,13,11,1022.4
22700006589000,13,8,5,487.5
22700006595000,4,4,0,0
22700006596000,13,6,7,516.1
22700006600000,40,20,20,1372
22700006601000,3,3,0,0
22700006602000,4,2,2,0
22700006603000,2,1,1,0
22700006604000,11,6,5,544.5
22700006605000,6,2,4,240
22700006608000,4,2,2,0
22700006613000,12,7,5,561.6
22700006614000,22,12,10,1001
22700006615000,35,18,17,1659
22700006616000,1,1,0,0
22700006617000,9,4,5,479.7
22700006618000,12,8,4,536.4
22700006619000,14,9,5,498.4
22700006620000,9,4,5,507.6
22700006621000,19,9,10,889.2
22700006622000,27,19,8,1063.8
22700006623000,2,1,1,0
22700006624000,16,9,7,721.6
22700006625000,16,7,9,622.4
22700006626000,15,8,7,621
22700006627000,16,7,9,569.6
22700006628000,25,14,11,810
22700006629000,9,7,2,422.1
22700006630000,13,8,5,470.6
22700006631000,121,62,59,4235
22700006632000,114,56,58,4320.6
22700006633000,186,111,75,6826.2
22700006634000,184,93,91,6752.8
22700006637000,30,19,11,1251
22700006638000,87,48,39,3706.2
22700006639000,7,5,2,322.7
22700006650000,1152,569,583,40665.6
22700006651000,2514,1290,1224,96789
22700006652000,4947,2447,2500,181060.2
22700006653000,2629,1388,1241,92015
22700006654000,5731,2888,2843,223509
22700006655000,497,239,258,18090.8
22700006659000,1,1,0,0
22700006660000,2,0,2,0
22700006661000,92,52,40,3542
22700006662000,39,20,19,1817.4
22700006663000,672,284,388,34742.4
22700006664000,1279,645,634,48602
22700006665000,398,191,207,15163.8
22700006666000,23,14,9,885.5
22700006667000,107,45,62,3916.2
22700006668000,1233,623,610,45621
22700006669000,125,70,55,3937.5
22700006670000,106,61,45,4568.6
22700006671000,460,231,229,16514
22700006708000,25,14,11,907.5
22700006728000,13,5,8,474.5
22700006729000,75,37,38,3247.5
22700006730000,99,52,47,4247.1
22700006731000,53,23,30,2146.5
22700006732000,74,34,40,2856.4
22700006733000,48,23,25,2174.4
22700006734000,42,23,19,1843.8
22700006735000,112,67,45,4883.2
22700006736000,44,26,18,1672
22700006737000,9,4,5,522.9
22700006738000,18,6,12,849.6
22700006739000,26,14,12,1138.8
22700006740000,18,11,7,709.2
22700006741000,39,20,19,1981.2
22700006745000,3,2,1,0
22700006746000,16,10,6,846.4
22700006747000,20,10,10,824
22700006748000,31,17,14,1171.8
22700006750000,14,5,9,750.4
22700006751000,24,14,10,996
22700006752000,152,78,74,6703.2
22700006753000,37,19,18,1713.1
22700006754000,20,10,10,892
22700006755000,296,153,143,11100
22700006756000,70,33,37,2520
22700006757000,18,10,8,604.8
22700006758000,50,25,25,2225
22700006759000,28,15,13,1209.6
22700006760000,15,8,7,685.5
22700006761000,21,10,11,890.4
22700006763000,12,7,5,387.6
22700006764000,102,52,50,4110.6
22700006765000,54,28,26,2538
22700006766000,56,32,24,2234.4
22700006767000,22,15,7,919.6
22700006768000,8,4,4,316.8
22700006769000,12,6,6,549.6
22700006770000,15,7,8,475.5
22700006771000,20,10,10,652
22700006772000,48,26,22,1867.2
22700006773000,204,99,105,7588.8
22700006774000,27,16,11,826.2
22700006775000,30,15,15,1002
22700006776000,2,1,1,0
22700006780000,15,9,6,541.5
22700006791000,2,1,1,0
22700006798000,63,37,26,2173.5
22700006858000,5,1,4,95
22700006892000,1,0,1,0
22700006893000,17,9,8,564.4
22700006894000,112,51,61,3707.2
22700006895000,21,12,9,1041.6
22700006896000,80,41,39,3040
22700006897000,2,0,2,0
22700006904000,1,1,0,0
22700006916000,8,4,4,403.2
22700006974000,6,1,5,205.2
22700006978000,2,1,1,0
22700006979000,42,22,20,1667.4
22700006980000,74,31,43,2856.4
22700006981000,20,12,8,842
22700006982000,15,6,9,687
22700006983000,6,3,3,220.2
22700006984000,18,8,10,671.4
22700006985000,3,2,1,0
22700006986000,18,9,9,676.8
22700006987000,9,4,5,412.2
22700006988000,8,4,4,416.8
22700006990000,7,3,4,387.1
22700006992000,20,10,10,730
22700006993000,11,5,6,501.6
22700006994000,34,21,13,1448.4
22700007019000,53,30,23,1637.7
22700007020000,39,19,20,1443
22700007021000,19,13,6,634.6
22700007022000,8,3,5,267.2
22700007023000,7,3,4,312.2
22700007024000,19,9,10,866.4
22700007025000,30,15,15,1053
22700007026000,10,4,6,206
22700007027000,11,6,5,440
22700007028000,63,38,25,2097.9
22700007029000,35,19,16,1428
22700007031000,56,29,27,1792
22700007032000,26,12,14,977.6
22700007033000,297,141,156,9801
22700007034000,745,380,365,27118
22700007035000,756,392,364,26762.4
22700007036000,1129,589,540,44821.3
22700007037000,1789,958,831,68518.7
22700007038000,1529,769,760,60548.4
22700007039000,2635,1377,1258,99076
22700007040000,3247,1773,1474,108774.5
22700007041000,3884,2013,1871,155748.4
22700007042000,1484,856,628,50456
22700007057000,11,5,6,646.8
22700007058000,16,4,12,667.2
22700007074000,12,8,4,478.8
22700007075000,17,7,10,674.9
22700007076000,6,3,3,208.8
22700007103000,17,9,8,756.5
22700007104000,4,2,2,0
22700007105000,17,10,7,834.7
22700007119000,5,2,3,304
22700007125000,2,1,1,0
22700007126000,1,1,0,0
22700007127000,2,2,0,0
22710006549000,20,9,11,1028
22710006550000,31,17,14,1336.1
22710006551000,6,4,2,295.2
22710006552000,21,9,12,806.4
22710006553000,18,10,8,712.8
22710006554000,16,8,8,548.8
22710006555000,13,6,7,670.8
22710006556000,6,3,3,436.8
22710006568000,39,22,17,1719.9
22710006569000,93,49,44,3664.2
22710006570000,1096,542,554,45703.2
22710006571000,556,267,289,26410
22710006572000,2360,1181,1179,93692
22710006573000,355,197,158,14590.5
22710006574000,1286,644,642,51182.8
22710006575000,1147,513,634,53450.2
22710006576000,574,280,294,23247
22710006577000,2,1,1,0
22710006578000,3,2,1,0
22710006579000,95,50,45,3790.5
22710006580000,16,9,7,540.8
22710006581000,25,10,15,1152.5
22710006582000,116,65,51,4674.8
22710006583000,77,41,36,3157
22710006584000,32,15,17,1446.4
22710006587000,3,2,1,0
22710006589000,4,3,1,0
22710006593000,5,3,2,258
22710006594000,2,1,1,0
22710006595000,10,5,5,378
22710006596000,3,2,1,0
22710006597000,15,9,6,607.5
22710006598000,13,6,7,531.7
22710006599000,13,6,7,578.5
22710006600000,1,1,0,0
22710006601000,1,0,1,0
22710006602000,3,2,1,0
22710006603000,5,3,2,137
22710006604000,5,2,3,135
22710006605000,1,1,0,0
22710006614000,2,1,1,0
22710006615000,30,15,15,1179
22710006616000,102,66,36,3631.2
22710006617000,29,16,13,1096.2
22710006618000,17,10,7,746.3
22710006619000,17,10,7,788.8
22710006620000,395,196,199,12877
22710006621000,152,78,74,5882.4
22710006622000,7,5,2,282.1
22710006623000,22,13,9,693
22710006624000,7,6,1,172.9
22710006628000,9,4,5,290.7
22710006629000,54,30,24,2262.6
22710006630000,52,25,27,2350.4
22710006631000,24,13,11,1029.6
22710006632000,80,45,35,3192
22710006633000,106,52,54,3879.6
22710006634000,98,55,43,3469.2
22710006636000,13,9,4,634.4
22710006639000,1,0,1,0
22710006646000,6,2,4,198
22710006648000,19,10,9,685.9
22710006649000,2,1,1,0
22710006650000,962,483,479,31746
22710006651000,3936,1986,1950,154291.2
22710006652000,5686,2864,2822,202421.6
22710006653000,3012,1517,1495,106323.6
22710006654000,1588,803,785,64790.4
22710006655000,1957,924,1033,71234.8
22710006657000,1395,673,722,51196.5
22710006658000,544,268,276,19747.2
22710006659000,19,8,11,488.3
22710006660000,489,259,230,16332.6
22710006661000,476,246,230,16898
22710006662000,51,24,27,2320.5
22710006663000,30,20,10,1176
22710006664000,41,21,20,1734.3
22710006665000,37,20,17,1498.5
22710006666000,64,35,29,2476.8
22710006667000,38,22,16,1444
22710006668000,63,36,27,2299.5
22710006669000,105,52,53,3864
22710006670000,75,40,35,3142.5
22710006671000,3,2,1,0
22710006707000,9,5,4,385.2
22710006708000,22,11,11,1060.4
22710006709000,12,6,6,474
22710006728000,23,13,10,901.6
22710006729000,67,33,34,3490.7
22710006730000,53,27,26,2045.8
22710006731000,70,37,33,2954
22710006732000,73,36,37,2920
22710006733000,529,232,297,25709.4
22710006734000,220,101,119,10758
22710006735000,150,75,75,6900
22710006736000,62,34,28,2548.2
22710006737000,57,34,23,2656.2
22710006738000,38,20,18,1242.6
22710006739000,88,44,44,3933.6
22710006740000,64,30,34,2566.4
22710006741000,15,5,10,724.5
22710006744000,10,3,7,318
22710006745000,32,16,16,1497.6
22710006746000,18,12,6,599.4
22710006747000,5,3,2,161
22710006748000,11,6,5,358.6
22710006749000,58,30,28,2146
22710006750000,14,6,8,428.4
22710006751000,9,4,5,379.8
22710006752000,62,33,29,2163.8
22710006753000,14,9,5,476
22710006755000,31,17,14,1047.8
22710006756000,7,3,4,314.3
22710006757000,6,3,3,319.2
22710006758000,40,22,18,1512
22710006761000,22,10,12,979
22710006762000,2,1,1,0
22710006764000,68,33,35,3114.4
22710006765000,12,7,5,436.8
22710006766000,74,41,33,2590
22710006767000,87,43,44,3471.3
22710006768000,1,0,1,0
22710006770000,6,2,4,220.2
22710006771000,18,8,10,673.2
22710006772000,23,12,11,1074.1
22710006773000,7,5,2,331.1
22710006775000,10,5,5,415
22710006780000,4,3,1,0
22710006858000,4,1,3,0
22710006890000,4,2,2,0
22710006891000,26,14,12,1073.8
22710006892000,47,25,22,1776.6
22710006893000,5,2,3,253
22710006894000,69,37,32,2842.8
22710006895000,23,13,10,1179.9
22710006896000,33,15,18,1656.6
22710006897000,5,4,1,216
22710006898000,18,12,6,775.8
22710006900000,16,10,6,446.4
22710006901000,9,4,5,358.2
22710006902000,4,1,3,0
22710006904000,11,6,5,202.4
22710006905000,10,7,3,263
22710006906000,3,1,2,0
22710006915000,2,1,1,0
22710006916000,6,2,4,207
22710006923000,7,4,3,280.7
22710006977000,3,1,2,0
22710006978000,7,2,5,342.3
22710006980000,11,6,5,397.1
22710006985000,6,2,4,88.8
22710006987000,10,5,5,360
22710006988000,5,3,2,153
22710006989000,12,5,7,717.6
22710006990000,2,1,1,0
22710006992000,38,21,17,1337.6
22710007019000,18,8,10,603
22710007021000,8,5,3,380.8
22710007022000,67,34,33,2298.1
22710007023000,24,15,9,885.6
22710007024000,39,22,17,1762.8
22710007025000,58,32,26,2157.6
22710007026000,36,20,16,1364.4
22710007027000,226,110,116,7503.2
22710007028000,992,495,497,30156.8
22710007029000,32,16,16,1168
22710007030000,33,19,14,1016.4
22710007031000,30,19,11,1353
22710007032000,43,22,21,1900.6
22710007033000,42,26,16,1768.2
22710007034000,41,21,20,1681
22710007035000,122,62,60,4501.8
22710007036000,842,425,417,31069.8
22710007037000,4192,2054,2138,159296
22710007038000,3675,1785,1890,141120
22710007039000,3402,1863,1539,108183.6
22710007040000,3350,1691,1659,125960
22710007041000,5594,2926,2668,201384
22710007042000,5538,2940,2598,199368
22710007043000,110,53,57,4818
22710007057000,85,45,40,3400
22710007058000,21,10,11,966
22710007074000,9,4,5,478.8
22710007075000,6,3,3,262.8
22710007076000,4,2,2,0
22710007102000,1,1,0,0
22710007105000,9,3,6,290.7
22710007131000,14,4,10,596.4
22710007132000,1,1,0,0
22720006549000,526,249,277,25931.8
22720006550000,304,147,157,13923.2
22720006551000,35,15,20,1501.5
22720006552000,25,10,15,1162.5
22720006553000,34,15,19,1417.8
22720006554000,23,10,13,1104
22720006555000,4,2,2,0
22720006556000,14,9,5,617.4
22720006564000,3,1,2,0
22720006565000,4,2,2,0
22720006566000,27,15,12,1204.2
22720006567000,21,9,12,648.9
22720006568000,19,10,9,697.3
22720006569000,8,3,5,350.4
22720006570000,1377,677,700,53014.5
22720006571000,723,379,344,25377.3
22720006572000,1298,636,662,48804.8
22720006573000,899,458,441,35600.4
22720006574000,555,297,258,20479.5
22720006575000,413,192,221,18295.9
22720006576000,1200,588,612,44040
22720006577000,135,69,66,5440.5
22720006578000,44,20,24,1971.2
22720006579000,186,102,84,7737.6
22720006580000,2,1,1,0
22720006581000,69,32,37,2884.2
22720006582000,23,10,13,733.7
22720006583000,16,5,11,625.6
22720006584000,6,4,2,241.2
22720006585000,7,5,2,112
22720006587000,20,9,11,670
22720006593000,11,7,4,376.2
22720006594000,2,2,0,0
22720006595000,30,15,15,1092
22720006598000,2,1,1,0
22720006599000,2,1,1,0
22720006602000,5,2,3,148
22720006603000,4,2,2,0
22720006604000,1,0,1,0
22720006614000,3,1,2,0
22720006615000,13,4,9,561.6
22720006616000,11,5,6,529.1
22720006617000,38,15,23,1729
22720006618000,24,15,9,1032
22720006619000,4,2,2,0
22720006620000,14,8,6,421.4
22720006621000,8,3,5,248.8
22720006628000,1,1,0,0
22720006629000,49,23,26,1940.4
22720006630000,1,1,0,0
22720006631000,2,1,1,0
22720006632000,17,9,8,846.6
22720006633000,48,21,27,1809.6
22720006634000,22,13,9,1141.8
22720006635000,55,28,27,2299
22720006648000,1418,722,696,51048
22720006649000,1861,990,871,71648.5
22720006650000,1196,607,589,42218.8
22720006651000,3724,1830,1894,134064
22720006652000,4050,2028,2022,158355
22720006653000,4471,2231,2240,163638.6
22720006654000,8909,4555,4354,329633
22720006655000,3724,1865,1859,145608.4
22720006656000,535,280,255,19741.5
22720006657000,509,251,258,21937.9
22720006658000,2175,1089,1086,85477.5
22720006659000,1032,496,536,33849.6
22720006660000,182,94,88,5532.8
22720006661000,14,8,6,662.2
22720006662000,21,10,11,617.4
22720006663000,7,4,3,517.3
22720006665000,109,59,50,4414.5
22720006666000,4,2,2,0
22720006667000,1,1,0,0
22720006707000,14,9,5,387.8
22720006708000,3,2,1,0
22720006727000,2,2,0,0
22720006728000,8,4,4,516
22720006729000,259,131,128,10670.8
22720006730000,234,111,123,9266.4
22720006731000,36,22,14,1551.6
22720006732000,17,11,6,690.2
22720006733000,34,22,12,1482.4
22720006734000,230,111,119,9338
22720006735000,50,26,24,1965
22720006736000,65,34,31,2606.5
22720006737000,33,15,18,1188
22720006738000,334,178,156,12925.8
22720006739000,115,59,56,5117.5
22720006740000,19,9,10,799.9
22720006741000,3,0,3,0
22720006744000,11,6,5,364.1
22720006745000,29,15,14,991.8
22720006746000,32,17,15,1353.6
22720006747000,11,5,6,361.9
22720006748000,59,28,31,2531.1
22720006749000,23,10,13,756.7
22720006751000,12,6,6,496.8
22720006752000,29,14,15,1200.6
22720006753000,23,9,14,1166.1
22720006754000,9,6,3,350.1
22720006755000,37,17,20,1261.7
22720006756000,27,17,10,982.8
22720006757000,8,4,4,260
22720006758000,58,28,30,2233
22720006759000,20,12,8,926
22720006760000,12,7,5,631.2
22720006761000,20,12,8,992
22720006763000,6,3,3,358.2
22720006764000,24,14,10,1072.8
22720006765000,7,3,4,277.9
22720006766000,5,3,2,245
22720006767000,6,3,3,357
22720006768000,30,17,13,1458
22720006769000,42,20,22,1633.8
22720006770000,33,18,15,1409.1
22720006771000,37,18,19,1605.8
22720006773000,16,10,6,681.6
22720006774000,2,1,1,0
22720006776000,5,4,1,94
22720006779000,2,2,0,0
22720006856000,1,0,1,0
22720006890000,55,33,22,1974.5
22720006892000,11,6,5,502.7
22720006893000,238,110,128,9615.2
22720006894000,322,152,170,14747.6
22720006895000,42,21,21,1684.2
22720006896000,32,15,17,1196.8
22720006897000,6,2,4,244.8
22720006898000,11,5,6,355.3
22720006899000,3,1,2,0
22720006900000,7,4,3,310.8
22720006901000,13,6,7,630.5
22720006902000,4,2,2,0
22720006903000,24,13,11,1221.6
22720006904000,60,28,32,2544
22720006906000,5,1,4,148
22720006915000,7,5,2,370.3
22720006916000,10,3,7,446
22720006922000,13,6,7,631.8
22720006923000,5,3,2,188
22720006973000,4,3,1,0
22720006974000,12,4,8,441.6
22720006975000,19,12,7,568.1
22720006976000,23,12,11,1064.9
22720006977000,15,7,8,529.5
22720006989000,4,1,3,0
22720006990000,10,5,5,430
22720006992000,8,6,2,291.2
22720007021000,2,1,1,0
22720007022000,25,9,16,945
22720007024000,28,15,13,943.6
22720007025000,11,6,5,424.6
22720007026000,626,335,291,20532.8
22720007027000,738,386,352,26715.6
22720007028000,27,13,14,1266.3
22720007029000,42,21,21,1625.4
22720007030000,42,24,18,1201.2
22720007031000,34,19,15,1071
22720007032000,100,57,43,3510
22720007033000,35,22,13,1288
22720007034000,39,21,18,1485.9
22720007035000,31,15,16,1305.1
22720007036000,17,7,10,630.7
22720007037000,1085,528,557,40687.5
22720007038000,2930,1445,1485,117493
22720007039000,3587,1902,1685,133077.7
22720007040000,2968,1445,1523,128217.6
22720007041000,4364,2117,2247,170196
22720007042000,4102,2137,1965,147261.8
22720007043000,2316,1126,1190,91018.8
22720007044000,532,276,256,19950
22720007057000,2,1,1,0
22720007058000,30,15,15,1008
22720007059000,10,6,4,398
22720007097000,3,2,1,0
22720007103000,2,1,1,0
22720007127000,17,9,8,894.2
22720007128000,27,13,14,1352.7
22720007131000,1,0,1,0
22720007132000,1,1,0,0
22720007137000,4,3,1,0
22720007138000,13,10,3,808.6
22730006545000,4,2,2,0
22730006546000,20,10,10,1040
22730006547000,4,2,2,0
22730006549000,17,10,7,904.4
22730006550000,23,11,12,1357
22730006551000,7,3,4,476
22730006552000,5,1,4,136
22730006553000,16,9,7,582.4
22730006554000,25,14,11,970
22730006562000,7,3,4,254.8
22730006563000,28,16,12,982.8
22730006564000,14,7,7,607.6
22730006565000,119,63,56,4879
22730006566000,39,16,23,1474.2
22730006567000,236,113,123,10879.6
22730006568000,209,115,94,8715.3
22730006569000,6,3,3,358.2
22730006570000,2,0,2,0
22730006571000,15,7,8,552
22730006572000,157,78,79,5573.5
22730006573000,797,408,389,27974.7
22730006574000,658,324,334,23293.2
22730006575000,211,97,114,7701.5
22730006576000,750,386,364,27600
22730006577000,730,376,354,28397
22730006578000,91,42,49,3976.7
22730006579000,14,8,6,747.6
22730006580000,13,6,7,447.2
22730006581000,77,49,28,2926
22730006582000,28,17,11,1094.8
22730006583000,233,115,118,8947.2
22730006586000,8,3,5,286.4
22730006587000,13,7,6,334.1
22730006592000,2,1,1,0
22730006593000,123,68,55,4907.7
22730006594000,273,130,143,10483.2
22730006595000,54,22,32,1830.6
22730006596000,4,2,2,0
22730006597000,4,2,2,0
22730006598000,45,24,21,1845
22730006599000,13,7,6,439.4
22730006600000,6,2,4,232.8
22730006602000,8,2,6,258.4
22730006604000,1,1,0,0
22730006605000,7,4,3,298.2
22730006608000,2,1,1,0
22730006609000,8,4,4,154.4
22730006613000,2,1,1,0
22730006614000,2,2,0,0
22730006615000,22,12,10,776.6
22730006616000,13,8,5,603.2
22730006617000,23,13,10,1055.7
22730006618000,41,20,21,1713.8
22730006619000,20,10,10,682
22730006620000,13,6,7,608.4
22730006621000,14,9,5,567
22730006622000,13,7,6,643.5
22730006628000,3,1,2,0
22730006629000,5,3,2,200
22730006630000,4,2,2,0
22730006631000,19,10,9,756.2
22730006632000,2,2,0,0
22730006634000,139,78,61,6018.7
22730006635000,1,1,0,0
22730006638000,1,0,1,0
22730006646000,7,4,3,343
22730006647000,17,8,9,591.6
22730006648000,1658,857,801,59688
22730006649000,3931,1927,2004,153702.1
22730006650000,2873,1416,1457,129859.6
22730006651000,1573,817,756,56785.3
22730006652000,2151,1153,998,80232.3
22730006653000,1504,778,726,64822.4
22730006654000,148,65,83,5875.6
22730006655000,887,448,439,34149.5
22730006656000,1292,663,629,49096
22730006657000,187,102,85,7124.7
22730006658000,628,313,315,23236
22730006659000,537,277,260,19224.6
22730006660000,27,15,12,1015.2
22730006661000,8,3,5,259.2
22730006662000,3,2,1,0
22730006688000,2,1,1,0
22730006707000,13,7,6,617.5
22730006708000,29,20,9,974.4
22730006717000,1,1,0,0
22730006728000,17,8,9,576.3
22730006729000,58,31,27,2488.2
22730006730000,84,47,37,3166.8
22730006731000,15,7,8,474
22730006732000,32,13,19,1328
22730006733000,25,12,13,1132.5
22730006734000,178,84,94,7600.6
22730006735000,23,13,10,890.1
22730006736000,48,26,22,2284.8
22730006737000,255,129,126,9282
22730006738000,395,174,221,18091
22730006739000,9,5,4,299.7
22730006740000,5,2,3,218
22730006744000,23,14,9,1048.8
22730006745000,37,19,18,1250.6
22730006746000,52,26,26,2022.8
22730006747000,81,33,48,3353.4
22730006748000,154,70,84,6960.8
22730006749000,71,38,33,2598.6
22730006751000,3,1,2,0
22730006752000,40,20,20,1756
22730006753000,24,14,10,1207.2
22730006754000,40,20,20,1620
22730006755000,28,17,11,1097.6
22730006756000,15,12,3,675
22730006757000,34,15,19,1346.4
22730006758000,74,40,34,3122.8
22730006759000,9,6,3,268.2
22730006760000,70,33,37,3024
22730006761000,14,7,7,614.6
22730006763000,8,5,3,446.4
22730006764000,11,6,5,341
22730006765000,6,3,3,247.2
22730006767000,5,3,2,112
22730006768000,2,2,0,0
22730006769000,9,7,2,320.4
22730006770000,32,17,15,1331.2
22730006771000,5,3,2,228
22730006779000,11,6,5,376.2
22730006891000,7,4,3,280.7
22730006892000,69,36,33,3049.8
22730006893000,21,11,10,953.4
22730006896000,6,2,4,241.8
22730006903000,20,10,10,896
22730006904000,12,6,6,543.6
22730006905000,7,4,3,244.3
22730006906000,13,5,8,643.5
22730006907000,16,9,7,628.8
22730006908000,8,3,5,395.2
22730006911000,22,13,9,836
22730006914000,10,6,4,445
22730006915000,9,6,3,332.1
22730006922000,9,5,4,192.6
22730006923000,2,1,1,0
22730006973000,24,14,10,1329.6
22730006974000,8,4,4,355.2
22730006976000,2,1,1,0
22730006989000,1,1,0,0
22730006990000,6,2,4,199.2
22730006993000,5,3,2,144
22730006994000,3,1,2,0
22730007021000,31,18,13,917.6
22730007025000,54,30,24,2219.4
22730007026000,714,342,372,28774.2
22730007027000,1129,558,571,39627.9
22730007028000,59,36,23,1905.7
22730007029000,61,29,32,2921.9
22730007030000,39,18,21,1556.1
22730007031000,46,24,22,1720.4
22730007032000,88,37,51,3432
22730007033000,23,14,9,834.9
22730007037000,108,53,55,3952.8
22730007038000,740,381,359,27306
22730007039000,3354,1629,1725,137849.4
22730007040000,786,391,395,30182.4
22730007041000,2983,1475,1508,116933.6
22730007042000,1199,578,621,49278.9
22730007043000,1902,935,967,75129
22730007044000,407,197,210,19576.7
22730007059000,27,15,12,1163.7
22730007076000,11,7,4,449.9
22730007097000,12,7,5,508.8
22730007103000,16,8,8,486.4
22730007124000,6,3,3,217.2
22730007132000,101,51,50,4575.3
22730007133000,8,3,5,399.2
22730007138000,3,2,1,0
22740006547000,19,12,7,822.7
22740006548000,71,37,34,3897.9
22740006549000,1,1,0,0
22740006552000,16,6,10,889.6
22740006553000,26,15,11,1016.6
22740006554000,15,9,6,681
22740006555000,4,2,2,0
22740006562000,5,2,3,371
22740006563000,23,12,11,963.7
22740006564000,20,10,10,950
22740006565000,24,13,11,1029.6
22740006566000,17,9,8,525.3
22740006567000,283,141,142,10555.9
22740006568000,9,4,5,399.6
22740006569000,28,16,12,1344
22740006570000,395,200,195,15484
22740006571000,76,40,36,2956.4
22740006572000,21,12,9,638.4
22740006573000,11,2,9,413.6
22740006574000,21,9,12,898.8
22740006575000,83,44,39,2929.9
22740006576000,1626,816,810,60975
22740006577000,1639,860,779,62773.7
22740006578000,348,183,165,13398
22740006579000,184,99,85,7709.6
22740006580000,52,28,24,2787.2
22740006582000,4,2,2,0
22740006583000,16,7,9,449.6
22740006585000,7,6,1,175
22740006587000,21,12,9,825.3
22740006592000,1,1,0,0
22740006593000,33,16,17,1230.9
22740006594000,25,10,15,1055
22740006596000,36,16,20,1803.6
22740006597000,20,12,8,788
22740006598000,6,3,3,229.2
22740006600000,1,1,0,0
22740006601000,16,7,9,708.8
22740006602000,18,8,10,689.4
22740006603000,1,1,0,0
22740006604000,3,2,1,0
22740006605000,15,12,3,313.5
22740006606000,4,2,2,0
22740006607000,4,1,3,0
22740006608000,4,2,2,0
22740006613000,9,5,4,334.8
22740006614000,5,3,2,335
22740006615000,20,10,10,710
22740006616000,7,4,3,217
22740006617000,12,9,3,547.2
22740006618000,47,27,20,1438.2
22740006619000,106,57,49,3826.6
22740006620000,1299,649,650,48712.5
22740006621000,59,26,33,2242
22740006622000,12,7,5,378
22740006628000,24,13,11,1017.6
22740006629000,78,44,34,3120
22740006630000,36,21,15,1162.8
22740006632000,114,79,35,3967.2
22740006633000,18,11,7,610.2
22740006634000,12,4,8,631.2
22740006645000,1,1,0,0
22740006646000,38,19,19,1474.4
22740006647000,26,10,16,1045.2
22740006648000,3060,1514,1546,119952
22740006649000,3273,1598,1675,130265.4
22740006650000,1829,858,971,82122.1
22740006651000,2819,1464,1355,104303
22740006652000,274,143,131,8357
22740006655000,124,75,49,4538.4
22740006656000,20,14,6,720
22740006657000,25,12,13,832.5
22740006658000,21,14,7,882
22740006659000,74,36,38,3241.2
22740006660000,2,2,0,0
22740006681000,9,5,4,462.6
22740006682000,9,6,3,357.3
22740006700000,5,3,2,292
22740006709000,1,1,0,0
22740006717000,4,1,3,0
22740006726000,9,3,6,339.3
22740006727000,47,29,18,2077.4
22740006728000,60,28,32,2328
22740006729000,51,28,23,2478.6
22740006730000,2,2,0,0
22740006731000,7,6,1,427
22740006732000,32,16,16,1273.6
22740006733000,43,24,19,1668.4
22740006734000,129,67,62,5663.1
22740006735000,40,24,16,1584
22740006736000,54,26,28,2197.8
22740006737000,379,192,187,15918
22740006738000,243,104,139,12101.4
22740006744000,6,5,1,187.8
22740006745000,86,49,37,3474.4
22740006746000,19,12,7,646
22740006747000,78,38,40,3252.6
22740006748000,18,12,6,842.4
22740006749000,7,4,3,282.1
22740006750000,5,4,1,163
22740006752000,2,1,1,0
22740006753000,27,14,13,1134
22740006755000,22,13,9,957
22740006756000,33,16,17,1075.8
22740006757000,88,47,41,3819.2
22740006758000,83,47,36,3195.5
22740006759000,18,8,10,657
22740006760000,17,13,4,646
22740006761000,19,12,7,1022.2
22740006762000,23,10,13,922.3
22740006763000,6,3,3,282
22740006764000,7,5,2,272.3
22740006767000,14,7,7,471.8
22740006768000,10,5,5,421
22740006769000,2,1,1,0
22740006770000,15,8,7,567
22740006778000,8,4,4,390.4
22740006854000,2,1,1,0
22740006890000,11,7,4,447.7
22740006891000,39,21,18,1864.2
22740006892000,9,4,5,438.3
22740006897000,2,1,1,0
22740006904000,6,3,3,220.8
22740006905000,14,6,8,579.6
22740006906000,52,28,24,1846
22740006907000,3,2,1,0
22740006909000,3,2,1,0
22740006910000,74,34,40,2715.8
22740006911000,93,52,41,3654.9
22740006912000,19,10,9,872.1
22740006913000,15,7,8,675
22740006914000,2,1,1,0
22740006922000,8,4,4,480
22740006923000,9,5,4,399.6
22740006973000,8,5,3,324
22740006990000,16,10,6,740.8
22740006991000,3,3,0,0
22740006992000,10,6,4,579
22740007021000,15,8,7,807
22740007022000,157,83,74,5416.5
22740007026000,142,81,61,7313
22740007027000,33,17,16,1303.5
22740007028000,27,16,11,1212.3
22740007029000,16,9,7,449.6
22740007030000,74,29,45,2619.6
22740007031000,16,8,8,611.2
22740007032000,337,147,190,9840.4
22740007033000,48,24,24,1771.2
22740007034000,20,10,10,768
22740007038000,353,187,166,12425.6
22740007039000,2165,1087,1078,79239
22740007040000,2138,1065,1073,83382
22740007041000,425,204,221,16532.5
22740007042000,18,10,8,718.2
22740007043000,8,4,4,320
22740007059000,5,1,4,163
22740007060000,2,1,1,0
22740007077000,20,10,10,676
22740007095000,1,1,0,0
22740007096000,7,4,3,408.1
22740007097000,9,5,4,351
22740007098000,2,2,0,0
22740007102000,16,9,7,691.2
22740007103000,85,53,32,3306.5
22740007107000,4,2,2,0
22740007124000,21,10,11,777
22740007125000,4,2,2,0
22740007127000,2,1,1,0
22740007133000,42,24,18,1705.2
22740007134000,3,2,1,0
22750006549000,3,2,1,0
22750006550000,1,1,0,0
22750006553000,6,4,2,340.8
22750006554000,15,7,8,631.5
22750006555000,5,2,3,359
22750006564000,9,6,3,280.8
22750006565000,4,3,1,0
22750006566000,52,23,29,2204.8
22750006567000,195,106,89,8268
22750006568000,4,3,1,0
22750006569000,8,5,3,343.2
22750006570000,219,110,109,8146.8
22750006571000,54,24,30,2100.6
22750006572000,14,9,5,453.6
22750006573000,2,1,1,0
22750006574000,34,16,18,1346.4
22750006575000,143,77,66,6091.8
22750006576000,1313,687,626,48449.7
22750006577000,2001,937,1064,87643.8
22750006578000,1536,783,753,59596.8
22750006579000,779,387,392,30225.2
22750006580000,229,106,123,8473
22750006583000,4,1,3,0
22750006584000,6,4,2,307.8
22750006586000,10,4,6,488
22750006587000,3,2,1,0
22750006593000,43,22,21,1608.2
22750006594000,12,7,5,411.6
22750006595000,4,1,3,0
22750006597000,2,0,2,0
22750006604000,6,3,3,318
22750006607000,7,5,2,357.7
22750006608000,13,8,5,640.9
22750006609000,5,3,2,163
22750006610000,5,3,2,123
22750006611000,1,1,0,0
22750006612000,5,2,3,168
22750006613000,6,2,4,259.2
22750006615000,107,46,61,5328.6
22750006616000,611,294,317,20407.4
22750006617000,65,34,31,2086.5
22750006618000,20,13,7,712
22750006619000,50,30,20,1480
22750006620000,106,53,53,4187
22750006621000,207,109,98,9025.2
22750006622000,4,2,2,0
22750006627000,9,4,5,317.7
22750006628000,106,47,59,4462.6
22750006629000,345,180,165,12523.5
22750006630000,163,95,68,6748.2
22750006631000,40,18,22,1648
22750006633000,5,2,3,173
22750006635000,5,2,3,90
22750006637000,1,1,0,0
22750006644000,11,4,7,380.6
22750006645000,18,11,7,849.6
22750006646000,18,10,8,741.6
22750006647000,12,5,7,567.6
22750006648000,243,121,122,9477
22750006649000,315,158,157,12631.5
22750006650000,242,129,113,9510.6
22750006651000,2447,1248,1199,91028.4
22750006652000,1635,838,797,60985.5
22750006653000,803,379,424,30674.6
22750006654000,62,33,29,2752.8
22750006655000,100,60,40,3770
22750006656000,35,23,12,1141
22750006657000,11,7,4,515.9
22750006658000,3,2,1,0
22750006659000,66,34,32,2448.6
22750006660000,57,29,28,2519.4
22750006680000,72,34,38,2347.2
22750006681000,209,118,91,7774.8
22750006682000,27,12,15,1188
22750006699000,18,11,7,671.4
22750006700000,5,3,2,146
22750006705000,7,4,3,333.2
22750006706000,1,1,0,0
22750006726000,18,15,3,858.6
22750006727000,89,49,40,3488.8
22750006728000,138,68,70,5796
22750006729000,47,31,16,1616.8
22750006730000,10,5,5,556
22750006731000,20,8,12,812
22750006732000,78,39,39,3517.8
22750006733000,66,31,35,2640
22750006734000,46,25,21,1605.4
22750006735000,115,58,57,4956.5
22750006736000,45,23,22,1809
22750006737000,364,174,190,15433.6
22750006744000,15,8,7,805.5
22750006745000,47,24,23,2162
22750006746000,82,47,35,3050.4
22750006747000,196,106,90,6781.6
22750006748000,36,19,17,1522.8
22750006749000,28,17,11,1271.2
22750006750000,23,11,12,917.7
22750006751000,9,4,5,359.1
22750006753000,29,13,16,1102
22750006754000,28,15,13,1019.2
22750006755000,36,23,13,1314
22750006756000,24,14,10,1094.4
22750006757000,17,9,8,630.7
22750006758000,115,64,51,4542.5
22750006759000,30,18,12,1125
22750006760000,78,40,38,3127.8
22750006761000,5,3,2,346
22750006762000,15,7,8,586.5
22750006763000,3,2,1,0
22750006767000,5,3,2,247
22750006770000,8,5,3,456.8
22750006771000,6,4,2,270
22750006777000,3,1,2,0
22750006778000,6,3,3,313.2
22750006852000,2,1,1,0
22750006853000,1,1,0,0
22750006888000,5,3,2,275
22750006889000,16,9,7,548.8
22750006890000,18,9,9,500.4
22750006907000,5,3,2,187
22750006908000,1,1,0,0
22750006909000,12,6,6,459.6
22750006910000,65,31,34,2184
22750006911000,26,11,15,1224.6
22750006921000,5,3,2,249
22750006922000,14,10,4,376.6
22750006923000,18,10,8,577.8
22750006989000,25,14,11,1005
22750006990000,51,22,29,2040
22750006991000,19,8,11,896.8
22750006992000,5,3,2,148
22750006993000,2,1,1,0
22750007022000,26,14,12,943.8
22750007023000,27,15,12,1004.4
22750007029000,64,29,35,2579.2
22750007030000,10,4,6,382
22750007031000,17,7,10,491.3
22750007032000,43,21,22,1909.2
22750007033000,24,15,9,1152
22750007034000,77,32,45,3026.1
22750007035000,11,5,6,568.7
22750007036000,64,40,24,2150.4
22750007037000,56,30,26,1881.6
22750007038000,458,244,214,15572
22750007039000,611,310,301,20835.1
22750007040000,2889,1468,1421,108337.5
22750007041000,2815,1403,1412,99651
22750007042000,723,320,403,28341.6
22750007077000,6,5,1,289.8
22750007078000,5,2,3,308
22750007095000,25,11,14,992.5
22750007096000,17,8,9,646
22750007097000,8,2,6,450.4
22750007102000,47,23,24,1880
22750007103000,43,21,22,1874.8
22750007108000,6,4,2,253.2
22750007124000,26,12,14,1318.2
22750007127000,8,3,5,254.4
22750007133000,8,4,4,355.2
22750007134000,21,9,12,966
22750007135000,6,3,3,415.2
22760006548000,1,0,1,0
22760006549000,4,2,2,0
22760006551000,3,2,1,0
22760006564000,11,7,4,408.1
22760006565000,47,26,21,1978.7
22760006566000,29,12,17,1165.8
22760006567000,3,1,2,0
22760006568000,27,16,11,1001.7
22760006569000,21,8,13,651
22760006570000,412,223,189,16562.4
22760006571000,39,19,20,1345.5
22760006572000,23,14,9,949.9
22760006573000,21,10,11,1047.9
22760006574000,36,22,14,1335.6
22760006575000,31,15,16,1416.7
22760006576000,694,345,349,24914.6
22760006577000,323,164,159,13081.5
22760006578000,265,132,133,10653
22760006579000,217,96,121,11848.2
22760006580000,21,9,12,413.7
22760006584000,10,4,6,296
22760006585000,48,26,22,1761.6
22760006586000,1,0,1,0
22760006592000,3,2,1,0
22760006593000,20,11,9,646
22760006594000,10,5,5,412
22760006595000,4,2,2,0
22760006597000,9,5,4,505.8
22760006600000,2,2,0,0
22760006601000,1,1,0,0
22760006603000,10,6,4,578
22760006609000,39,24,15,1552.2
22760006610000,27,14,13,1201.5
22760006611000,6,4,2,349.2
22760006613000,15,9,6,732
22760006614000,18,9,9,554.4
22760006615000,303,158,145,12210.9
22760006616000,551,267,284,21654.3
22760006618000,8,3,5,383.2
22760006619000,2,1,1,0
22760006620000,10,5,5,506
22760006621000,28,15,13,1206.8
22760006622000,74,43,31,2752.8
22760006623000,26,14,12,975
22760006624000,2,0,2,0
22760006627000,16,11,5,590.4
22760006628000,707,359,348,27078.1
22760006629000,388,189,199,12959.2
22760006630000,4,4,0,0
22760006648000,2,1,1,0
22760006649000,79,43,36,3570.8
22760006650000,1175,574,601,41477.5
22760006651000,2985,1488,1497,106863
22760006652000,1875,948,927,75375
22760006653000,2310,1167,1143,82929
22760006654000,3303,1610,1693,119568.6
22760006655000,849,420,429,30224.4
22760006656000,13,6,7,486.2
22760006657000,39,22,17,1879.8
22760006658000,47,25,22,1781.3
22760006659000,120,67,53,4476
22760006660000,21,11,10,848.4
22760006667000,144,70,74,4536
22760006668000,3,1,2,0
22760006678000,1,1,0,0
22760006679000,80,45,35,3128
22760006680000,29,13,16,1226.7
22760006681000,26,12,14,1157
22760006682000,77,40,37,2987.6
22760006683000,2,1,1,0
22760006713000,5,2,3,154
22760006714000,1,0,1,0
22760006727000,45,24,21,1944
22760006728000,180,93,87,6678
22760006729000,37,20,17,1713.1
22760006730000,8,4,4,370.4
22760006732000,67,36,31,3155.7
22760006733000,143,75,68,5148
22760006734000,45,26,19,1818
22760006735000,168,88,80,6384
22760006736000,67,33,34,2726.9
22760006743000,6,3,3,342
22760006744000,18,9,9,475.2
22760006745000,76,41,35,2591.6
22760006746000,23,12,11,1005.1
22760006747000,28,12,16,1027.6
22760006748000,23,10,13,1005.1
22760006749000,64,36,28,2835.2
22760006750000,50,34,16,2000
22760006751000,13,6,7,562.9
22760006752000,12,9,3,324
22760006753000,3,2,1,0
22760006754000,39,23,16,1368.9
22760006755000,21,13,8,837.9
22760006756000,24,9,15,981.6
22760006757000,21,12,9,705.6
22760006758000,174,91,83,5916
22760006759000,62,27,35,2033.6
22760006760000,25,15,10,965
22760006761000,75,38,37,3255
22760006763000,40,18,22,1504
22760006764000,8,3,5,224.8
22760006765000,11,6,5,330
22760006766000,15,7,8,429
22760006771000,17,8,9,797.3
22760006852000,6,3,3,261
22760006886000,9,6,3,343.8
22760006887000,10,4,6,313
22760006910000,8,3,5,400
22760006911000,24,11,13,919.2
22760006967000,1,1,0,0
22760006970000,2,1,1,0
22760006987000,7,5,2,221.9
22760006988000,6,3,3,280.8
22760006989000,13,6,7,601.9
22760006993000,2,1,1,0
22760006995000,1,1,0,0
22760007023000,22,13,9,1020.8
22760007031000,9,4,5,294.3
22760007033000,2,1,1,0
22760007034000,15,7,8,838.5
22760007035000,39,23,16,1345.5
22760007036000,2,1,1,0
22760007037000,136,73,63,5943.2
22760007038000,78,38,40,2971.8
22760007039000,769,381,388,24223.5
22760007040000,1737,854,883,63921.6
22760007041000,1878,979,899,69861.6
22760007078000,7,5,2,406
22760007087000,2,1,1,0
22760007095000,3,2,1,0
22760007096000,18,10,8,590.4
22760007103000,78,39,39,2589.6
22760007104000,3,1,2,0
22760007109000,4,1,3,0
22760007126000,5,3,2,342
22760007127000,28,13,15,1332.8
22760007140000,3,2,1,0
22770006566000,4,2,2,0
22770006567000,54,30,24,2025
22770006568000,26,15,11,1219.4
22770006569000,59,31,28,2672.7
22770006570000,51,29,22,1825.8
22770006571000,18,11,7,882
22770006572000,10,6,4,542
22770006573000,24,14,10,832.8
22770006574000,365,185,180,14709.5
22770006575000,356,183,173,13278.8
22770006576000,899,473,426,33352.9
22770006577000,2074,1037,1037,81508.2
22770006578000,2427,1199,1228,90527.1
22770006579000,1370,642,728,56444
22770006580000,120,59,61,4980
22770006582000,4,2,2,0
22770006583000,22,10,12,996.6
22770006584000,8,4,4,476.8
22770006586000,13,5,8,631.8
22770006587000,13,8,5,475.8
22770006588000,1,1,0,0
22770006592000,1,0,1,0
22770006593000,13,7,6,561.6
22770006594000,20,13,7,684
22770006595000,3,2,1,0
22770006597000,3,3,0,0
22770006602000,6,3,3,205.2
22770006603000,7,4,3,182.7
22770006608000,5,3,2,292
22770006609000,17,8,9,669.8
22770006610000,7,3,4,303.8
22770006611000,39,23,16,1232.4
22770006612000,12,6,6,439.2
22770006613000,6,5,1,177
22770006614000,3,2,1,0
22770006615000,213,105,108,7412.4
22770006616000,5,2,3,211
22770006617000,4,0,4,0
22770006618000,35,30,5,728
22770006619000,18,13,5,718.2
22770006621000,7,4,3,182.7
22770006622000,44,26,18,1478.4
22770006623000,28,16,12,1260
22770006624000,17,10,7,901
22770006625000,13,5,8,565.5
22770006626000,4,1,3,0
22770006627000,1039,500,539,43430.2
22770006628000,530,276,254,21730
22770006629000,6,3,3,265.2
22770006635000,5,2,3,254
22770006649000,6,3,3,376.2
22770006650000,1778,902,876,72720.2
22770006651000,2915,1453,1462,109604
22770006652000,4550,2204,2346,185185
22770006653000,2716,1395,1321,100492
22770006654000,1257,582,675,50531.4
22770006655000,152,79,73,6110.4
22770006656000,381,203,178,14287.5
22770006657000,616,293,323,22360.8
22770006658000,186,87,99,6658.8
22770006659000,145,75,70,5104
22770006665000,37,21,16,1583.6
22770006666000,1145,595,550,43395.5
22770006667000,898,467,431,30262.6
22770006668000,193,96,97,6253.2
22770006669000,28,15,13,929.6
22770006670000,21,12,9,665.7
22770006675000,35,20,15,1445.5
22770006676000,139,76,63,4406.3
22770006677000,436,229,207,15042
22770006678000,181,97,84,7077.1
22770006679000,80,48,32,3128
22770006681000,1,1,0,0
22770006682000,6,4,2,184.2
22770006683000,10,6,4,582
22770006684000,19,8,11,851.2
22770006685000,12,8,4,565.2
22770006686000,25,14,11,1142.5
22770006687000,70,32,38,2443
22770006688000,12,6,6,433.2
22770006705000,19,10,9,898.7
22770006712000,9,3,6,239.4
22770006725000,4,3,1,0
22770006726000,19,12,7,568.1
22770006727000,37,19,18,1790.8
22770006728000,41,19,22,1836.8
22770006729000,122,61,61,5392.4
22770006730000,387,187,200,17956.8
22770006731000,328,152,176,16301.6
22770006732000,256,129,127,10931.2
22770006733000,36,20,16,1436.4
22770006734000,18,11,7,579.6
22770006735000,10,4,6,467
22770006740000,2,1,1,0
22770006742000,5,3,2,166
22770006743000,37,17,20,1746.4
22770006744000,14,7,7,659.4
22770006745000,34,21,13,986
22770006746000,35,19,16,1400
22770006747000,1,1,0,0
22770006748000,37,16,21,1587.3
22770006749000,62,31,31,2814.8
22770006750000,52,29,23,2230.8
22770006751000,10,4,6,343
22770006752000,3,2,1,0
22770006753000,8,2,6,300.8
22770006754000,11,6,5,610.5
22770006755000,58,29,29,2169.2
22770006756000,60,28,32,2118
22770006757000,128,70,58,5043.2
22770006758000,18,9,9,822.6
22770006760000,105,53,52,4809
22770006761000,87,45,42,2670.9
22770006762000,41,25,16,1812.2
22770006763000,27,13,14,928.8
22770006764000,14,7,7,548.8
22770006765000,5,4,1,277
22770006766000,19,11,8,590.9
22770006767000,23,14,9,883.2
22770006785000,1,1,0,0
22770006851000,1,0,1,0
22770006852000,4,2,2,0
22770006885000,7,3,4,293.3
22770006886000,1,1,0,0
22770006910000,2,0,2,0
22770006911000,27,12,15,1109.7
22770006912000,34,17,17,1516.4
22770006913000,6,3,3,214.8
22770006918000,8,5,3,327.2
22770006919000,3,0,3,0
22770006966000,1,0,1,0
22770006967000,1,0,1,0
22770006987000,30,12,18,936
22770006988000,4,2,2,0
22770007023000,1,1,0,0
22770007031000,9,6,3,465.3
22770007033000,8,8,0,344
22770007034000,17,10,7,438.6
22770007035000,10,7,3,268
22770007036000,30,14,16,1338
22770007037000,43,29,14,1814.6
22770007038000,133,60,73,3790.5
22770007039000,1436,693,743,46239.2
22770007040000,1293,648,645,46806.6
22770007041000,610,307,303,21533
22770007062000,2,1,1,0
22770007079000,14,6,8,512.4
22770007103000,25,13,12,1205
22770007104000,6,3,3,366
22770007110000,5,3,2,330
22770007111000,1,1,0,0
22770007112000,5,2,3,184
22770007126000,31,15,16,1218.3
22770007135000,4,4,0,0
22770007136000,2,1,1,0
22770007141000,1,1,0,0
22780006558000,1,1,0,0
22780006561000,6,3,3,222
22780006562000,17,8,9,1006.4
22780006563000,50,30,20,2195
22780006564000,13,8,5,483.6
22780006565000,9,6,3,360
22780006566000,5,3,2,178
22780006568000,2,1,1,0
22780006569000,27,11,16,1115.1
22780006570000,13,6,7,604.5
22780006573000,6,3,3,426
22780006574000,61,31,30,2318
22780006575000,250,119,131,8400
22780006576000,5,2,3,110
22780006577000,2021,1046,975,87913.5
22780006578000,3241,1468,1773,161077.7
22780006579000,2602,1213,1389,108503.4
22780006580000,1235,594,641,53722.5
22780006582000,8,3,5,583.2
22780006583000,9,5,4,412.2
22780006584000,9,4,5,483.3
22780006587000,6,4,2,153
22780006588000,2,2,0,0
22780006589000,1,1,0,0
22780006590000,7,3,4,462
22780006594000,19,9,10,849.3
22780006595000,16,8,8,857.6
22780006600000,7,4,3,371.7
22780006601000,12,6,6,391.2
22780006602000,40,22,18,1560
22780006603000,2,1,1,0
22780006607000,14,7,7,575.4
22780006608000,23,11,12,947.6
22780006609000,60,36,24,2382
22780006610000,4,3,1,0
22780006611000,31,17,14,988.9
22780006612000,2,1,1,0
22780006613000,823,434,389,27241.3
22780006614000,503,247,256,19315.2
22780006615000,1017,480,537,45256.5
22780006616000,7,5,2,142.1
22780006617000,4,3,1,0
22780006618000,4,2,2,0
22780006619000,15,9,6,687
22780006620000,10,6,4,376
22780006622000,23,11,12,1156.9
22780006625000,3,2,1,0
22780006626000,50,27,23,1570
22780006627000,518,245,273,17353
22780006628000,311,149,162,9454.4
22780006629000,19,11,8,684
22780006650000,3071,1501,1570,124068.4
22780006651000,827,394,433,35726.4
22780006652000,1827,907,920,70522.2
22780006653000,2468,1219,1249,98720
22780006654000,345,173,172,14628
22780006655000,459,239,220,14779.8
22780006656000,2008,1006,1002,67870.4
22780006657000,1823,897,926,58700.6
22780006658000,2256,1110,1146,98136
22780006659000,1640,838,802,63304
22780006660000,53,27,26,2109.4
22780006661000,9,4,5,401.4
22780006663000,10,6,4,416
22780006665000,505,248,257,17069
22780006666000,478,242,236,16634.4
22780006667000,39,22,17,1552.2
22780006668000,39,21,18,1376.7
22780006669000,103,54,49,3975.8
22780006670000,8,5,3,191.2
22780006671000,5,2,3,161
22780006672000,254,129,125,7518.4
22780006673000,433,217,216,14375.6
22780006674000,67,38,29,2371.8
22780006675000,70,42,28,2905
22780006676000,10,6,4,368
22780006677000,21,16,5,827.4
22780006678000,11,6,5,393.8
22780006679000,22,14,8,785.4
22780006680000,82,44,38,3001.2
22780006681000,71,40,31,2889.7
22780006682000,12,7,5,398.4
22780006683000,4,3,1,0
22780006684000,34,21,13,1346.4
22780006685000,64,30,34,2457.6
22780006686000,30,14,16,1005
22780006687000,88,44,44,3326.4
22780006688000,80,42,38,3264
22780006698000,6,5,1,280.8
22780006704000,8,3,5,372
22780006705000,22,12,10,864.6
22780006707000,18,8,10,664.2
22780006712000,7,4,3,373.8
22780006713000,1,1,0,0
22780006715000,1,1,0,0
22780006721000,2,1,1,0
22780006728000,16,8,8,584
22780006729000,63,31,32,2929.5
22780006730000,183,77,106,9680.7
22780006731000,23,13,10,915.4
22780006732000,54,30,24,1760.4
22780006733000,25,12,13,1170
22780006734000,17,9,8,788.8
22780006740000,26,12,14,1253.2
22780006741000,75,37,38,2917.5
22780006743000,192,91,101,10771.2
22780006744000,106,54,52,3943.2
22780006745000,41,20,21,1783.5
22780006746000,30,14,16,1098
22780006747000,14,7,7,572.6
22780006748000,11,6,5,379.5
22780006749000,22,10,12,873.4
22780006750000,43,24,19,1462
22780006751000,6,3,3,310.8
22780006754000,3,2,1,0
22780006756000,65,26,39,2613
22780006757000,370,191,179,14578
22780006758000,42,25,17,1932
22780006759000,35,17,18,1519
22780006760000,192,102,90,7641.6
22780006761000,54,27,27,1836
22780006762000,47,24,23,1626.2
22780006763000,6,2,4,105
22780006765000,7,4,3,429.1
22780006884000,13,6,7,481
22780006885000,7,5,2,357
22780006906000,1,0,1,0
22780006909000,23,11,12,1018.9
22780006910000,45,24,21,1971
22780006911000,52,28,24,2064.4
22780006912000,27,15,12,947.7
22780006913000,113,65,48,3672.5
22780006914000,29,15,14,1255.7
22780006915000,33,17,16,1263.9
22780006916000,23,13,10,782
22780006917000,19,8,11,549.1
22780006983000,1,0,1,0
22780006986000,4,2,2,0
22780006987000,42,21,21,1990.8
22780006988000,14,6,8,386.4
22780007030000,3,2,1,0
22780007031000,27,13,14,1093.5
22780007036000,25,14,11,940
22780007037000,20,9,11,654
22780007038000,23,12,11,1046.5
22780007039000,432,225,207,15249.6
22780007040000,190,105,85,7790
22780007041000,186,88,98,7254
22780007062000,14,7,7,714
22780007063000,4,2,2,0
22780007070000,7,5,2,254.8
22780007103000,19,11,8,687.8
22780007104000,11,7,4,490.6
22780007111000,1,1,0,0
22780007124000,8,5,3,282.4
22780007125000,4,2,2,0
22780007135000,7,3,4,391.3
22780007137000,3,3,0,0
22790006562000,29,15,14,1310.8
22790006563000,33,16,17,1445.4
22790006564000,143,72,71,6263.4
22790006565000,32,12,20,1328
22790006566000,1,1,0,0
22790006567000,23,14,9,1110.9
22790006568000,29,13,16,1142.6
22790006569000,30,13,17,1209
22790006571000,5,2,3,279
22790006572000,2,1,1,0
22790006573000,21,12,9,932.4
22790006574000,118,65,53,4448.6
22790006575000,980,506,474,37240
22790006576000,207,103,104,8031.6
22790006577000,920,479,441,35144
22790006578000,583,303,280,22037.4
22790006579000,861,395,466,34784.4
22790006580000,716,359,357,29642.4
22790006581000,470,227,243,15322
22790006582000,11,6,5,422.4
22790006583000,13,7,6,568.1
22790006584000,11,4,7,434.5
22790006585000,6,4,2,291
22790006589000,13,7,6,529.1
22790006590000,1,1,0,0
22790006592000,4,2,2,0
22790006593000,12,7,5,420
22790006594000,12,6,6,393.6
22790006595000,48,21,27,1987.2
22790006598000,6,3,3,334.8
22790006599000,12,8,4,548.4
22790006600000,36,19,17,1512
22790006601000,37,21,16,1568.8
22790006602000,29,16,13,1049.8
22790006603000,2,1,1,0
22790006604000,7,3,4,146.3
22790006606000,21,12,9,676.2
22790006607000,15,7,8,610.5
22790006608000,45,25,20,1741.5
22790006609000,10,5,5,509
22790006610000,4,2,2,0
22790006611000,19,8,11,860.7
22790006612000,24,15,9,1048.8
22790006613000,15,10,5,526.5
22790006614000,319,161,158,13621.3
22790006615000,1305,628,677,56245.5
22790006616000,19,9,10,718.2
22790006617000,16,7,9,790.4
22790006618000,14,8,6,659.4
22790006619000,7,4,3,231
22790006622000,26,15,11,1058.2
22790006623000,2,1,1,0
22790006625000,9,4,5,446.4
22790006626000,30,14,16,1239
22790006627000,125,59,66,4975
22790006628000,15,8,7,630
22790006649000,113,58,55,4271.4
22790006650000,957,465,492,35983.2
22790006651000,2031,1035,996,75147
22790006652000,2143,1053,1090,93220.5
22790006653000,4460,2221,2239,198470
22790006654000,1155,582,573,49434
22790006655000,756,385,371,25326
22790006656000,1416,731,685,47011.2
22790006657000,191,111,80,7334.4
22790006658000,659,346,313,24844.3
22790006659000,1930,965,965,75656
22790006660000,562,270,292,18770.8
22790006661000,51,28,23,2029.8
22790006662000,14,9,5,607.6
22790006663000,57,28,29,2097.6
22790006664000,44,23,21,1680.8
22790006665000,824,384,440,39964
22790006666000,395,214,181,17775
22790006667000,91,49,42,3458
22790006668000,50,26,24,2060
22790006669000,65,35,30,2002
22790006670000,97,46,51,3967.3
22790006671000,38,21,17,1641.6
22790006672000,248,124,124,8630.4
22790006673000,204,91,113,7180.8
22790006674000,21,10,11,877.8
22790006675000,81,51,30,2924.1
22790006676000,11,5,6,497.2
22790006677000,34,17,17,1448.4
22790006679000,59,32,27,2306.9
22790006680000,17,9,8,873.8
22790006681000,40,20,20,1872
22790006682000,791,371,420,37097.9
22790006683000,906,457,449,30713.4
22790006684000,113,65,48,4305.3
22790006685000,208,106,102,7342.4
22790006686000,98,56,42,3763.2
22790006687000,67,34,33,2854.2
22790006688000,11,9,2,454.3
22790006696000,64,28,36,2630.4
22790006697000,92,52,40,4075.6
22790006698000,89,47,42,3026
22790006699000,29,16,13,1044
22790006705000,5,2,3,182
22790006712000,11,5,6,370.7
22790006713000,21,12,9,646.8
22790006728000,3,1,2,0
22790006729000,115,57,58,4669
22790006730000,153,81,72,6747.3
22790006731000,23,10,13,943
22790006732000,15,10,5,718.5
22790006733000,8,4,4,366.4
22790006739000,42,19,23,1709.4
22790006740000,16,8,8,848
22790006741000,50,20,30,2330
22790006742000,62,38,24,3912.2
22790006743000,38,17,21,1440.2
22790006744000,122,64,58,3989.4
22790006745000,33,15,18,1481.7
22790006746000,8,6,2,328.8
22790006749000,10,5,5,429
22790006753000,5,3,2,216
22790006754000,15,10,5,526.5
22790006755000,165,73,92,7441.5
22790006756000,638,292,346,29220.4
22790006757000,1440,696,744,65808
22790006758000,864,437,427,37756.8
22790006759000,214,111,103,8388.8
22790006760000,33,15,18,1283.7
22790006761000,30,16,14,1254
22790006762000,7,3,4,235.9
22790006766000,1,1,0,0
22790006837000,1,1,0,0
22790006850000,13,7,6,712.4
22790006851000,66,44,22,3623.4
22790006884000,41,22,19,1545.7
22790006910000,10,3,7,374
22790006911000,188,93,95,6692.8
22790006912000,49,24,25,1749.3
22790006913000,48,28,20,2097.6
22790006914000,69,28,41,2697.9
22790006915000,25,13,12,1132.5
22790006916000,1,1,0,0
22790006984000,11,6,5,431.2
22790006985000,22,11,11,880
22790006986000,78,40,38,3237
22790007031000,2,1,1,0
22790007036000,30,14,16,1125
22790007037000,12,8,4,566.4
22790007038000,26,17,9,878.8
22790007040000,14,7,7,764.4
22790007041000,751,373,378,29439.2
22790007042000,39,21,18,1322.1
22790007069000,12,6,6,540
22790007080000,2,1,1,0
22790007104000,2,1,1,0
22790007123000,4,2,2,0
22790007136000,4,1,3,0
22790007137000,6,4,2,310.8
22800006562000,10,6,4,458
22800006563000,1,0,1,0
22800006564000,36,20,16,1587.6
22800006565000,146,72,74,5986
22800006566000,108,53,55,4168.8
22800006567000,13,7,6,647.4
22800006568000,26,11,15,858
22800006569000,56,29,27,2531.2
22800006570000,19,7,12,908.2
22800006571000,4,3,1,0
22800006572000,32,21,11,1248
22800006573000,38,22,16,1827.8
22800006574000,99,57,42,3742.2
22800006575000,521,241,280,23757.6
22800006576000,1665,853,812,61771.5
22800006577000,322,164,158,13041
22800006578000,1072,540,532,43308.8
22800006579000,1115,566,549,44711.5
22800006580000,139,65,74,5365.4
22800006581000,11,6,5,566.5
22800006582000,22,12,10,1003.2
22800006583000,20,13,7,708
22800006584000,38,23,15,1284.4
22800006585000,29,15,14,1406.5
22800006586000,3,1,2,0
22800006588000,9,6,3,208.8
22800006589000,7,4,3,342.3
22800006590000,14,8,6,455
22800006592000,3,1,2,0
22800006593000,6,4,2,202.2
22800006595000,5,3,2,357
22800006596000,13,8,5,625.3
22800006597000,2,2,0,0
22800006598000,9,6,3,405
22800006599000,9,5,4,306.9
22800006600000,15,9,6,499.5
22800006601000,5,1,4,180
22800006602000,3,2,1,0
22800006603000,40,17,23,1372
22800006604000,23,11,12,922.3
22800006605000,13,7,6,507
22800006606000,22,13,9,1093.4
22800006607000,19,11,8,556.7
22800006608000,3,2,1,0
22800006609000,5,2,3,218
22800006610000,25,12,13,1067.5
22800006611000,231,122,109,8015.7
22800006612000,329,181,148,11745.3
22800006613000,56,31,25,2256.8
22800006614000,32,14,18,979.2
22800006615000,17,9,8,700.4
22800006616000,16,9,7,492.8
22800006617000,20,11,9,552
22800006618000,21,12,9,693
22800006619000,44,24,20,1755.6
22800006620000,28,13,15,963.2
22800006621000,6,3,3,250.8
22800006622000,13,5,8,539.5
22800006623000,6,3,3,136.8
22800006625000,34,22,12,1271.6
22800006626000,37,17,20,1483.7
22800006627000,30,17,13,1527
22800006628000,5,2,3,238
22800006643000,64,35,29,2124.8
22800006644000,29,13,16,1078.8
22800006648000,151,80,71,5254.8
22800006649000,501,255,246,21893.7
22800006650000,2128,1078,1050,76395.2
22800006651000,48,26,22,2179.2
22800006652000,2104,1079,1025,77427.2
22800006653000,2139,1060,1079,82565.4
22800006654000,530,269,261,19398
22800006655000,33,14,19,1600.5
22800006656000,26,18,8,995.8
22800006657000,36,21,15,1177.2
22800006658000,6,4,2,214.8
22800006659000,112,63,49,4020.8
22800006660000,1336,678,658,45824.8
22800006661000,391,192,199,10713.4
22800006662000,55,32,23,2233
22800006663000,98,47,51,3645.6
22800006664000,3,2,1,0
22800006665000,10,5,5,409
22800006666000,46,22,24,1968.8
22800006668000,22,12,10,1020.8
22800006669000,113,62,51,4090.6
22800006670000,90,45,45,3915
22800006671000,5,4,1,112
22800006673000,515,259,256,19621.5
22800006674000,102,53,49,4059.6
22800006675000,28,15,13,1176
22800006676000,16,10,6,588.8
22800006677000,45,23,22,1408.5
22800006678000,7,6,1,357.7
22800006679000,15,11,4,646.5
22800006680000,49,25,24,1773.8
22800006681000,15,9,6,543
22800006682000,473,242,231,18210.5
22800006683000,562,284,278,21131.2
22800006685000,295,146,149,9794
22800006686000,865,411,454,33648.5
22800006687000,715,377,338,26669.5
22800006688000,14,10,4,474.6
22800006690000,1,1,0,0
22800006695000,79,42,37,3602.4
22800006696000,83,38,45,3718.4
22800006698000,4,2,2,0
22800006699000,4,1,3,0
22800006700000,11,6,5,657.8
22800006704000,15,9,6,433.5
22800006711000,59,32,27,2619.6
22800006712000,88,50,38,3599.2
22800006713000,2,1,1,0
22800006728000,37,18,19,1087.8
22800006729000,159,83,76,5930.7
22800006730000,91,45,46,3876.6
22800006731000,18,9,9,723.6
22800006738000,15,7,8,438
22800006739000,32,16,16,1289.6
22800006740000,20,13,7,760
22800006741000,43,21,22,2098.4
22800006744000,6,4,2,291
22800006745000,15,7,8,579
22800006746000,2,1,1,0
22800006747000,4,3,1,0
22800006751000,7,4,3,151.2
22800006752000,5,2,3,252
22800006753000,27,15,12,1301.4
22800006754000,287,140,147,11365.2
22800006755000,1502,739,763,61732.2
22800006756000,1021,473,548,50743.7
22800006757000,845,390,455,39377
22800006758000,1350,666,684,49410
22800006759000,191,109,82,6169.3
22800006760000,9,4,5,468
22800006761000,10,5,5,505
22800006762000,5,3,2,236
22800006764000,2,0,2,0
22800006767000,8,6,2,294.4
22800006849000,12,7,5,650.4
22800006850000,11,8,3,467.5
22800006851000,12,6,6,694.8
22800006883000,9,3,6,365.4
22800006884000,6,2,4,240
22800006893000,6,3,3,292.2
22800006894000,11,6,5,577.5
22800006895000,38,19,19,1238.8
22800006896000,45,22,23,2011.5
22800006897000,14,9,5,533.4
22800006898000,5,3,2,230
22800006904000,11,6,5,520.3
22800006910000,579,279,300,23217.9
22800006911000,240,106,134,11568
22800006912000,114,47,67,6384
22800006913000,107,47,60,4718.7
22800006914000,8,5,3,290.4
22800006918000,6,3,3,250.8
22800006984000,7,3,4,333.2
22800006985000,32,16,16,1392
22800006986000,52,25,27,1939.6
22800007034000,1,1,0,0
22800007035000,9,3,6,196.2
22800007037000,1,1,0,0
22800007038000,6,3,3,180
22800007040000,10,3,7,272
22800007041000,1816,930,886,67010.4
22800007042000,630,321,309,22806
22800007063000,10,6,4,556
22800007064000,18,10,8,446.4
22800007068000,9,5,4,286.2
22800007069000,15,8,7,747
22800007081000,13,8,5,549.9
22800007105000,18,10,8,847.8
22800007106000,7,5,2,298.2
22800007107000,2,1,1,0
22800007113000,7,4,3,443.8
22800007114000,6,3,3,108
22800007123000,20,9,11,714
22800007124000,3,2,1,0
22800007138000,4,2,2,0
22800007139000,26,12,14,1354.6
22800007140000,164,82,82,7675.2
22800007141000,40,21,19,1828
22800007143000,10,5,5,457
22810006560000,2,1,1,0
22810006561000,2,1,1,0
22810006562000,4,3,1,0
22810006563000,16,9,7,680
22810006564000,2,1,1,0
22810006567000,165,88,77,6732
22810006568000,191,97,94,7563.6
22810006569000,37,21,16,1361.6
22810006570000,31,15,16,1463.2
22810006571000,12,6,6,570
22810006572000,3,1,2,0
22810006574000,534,264,270,22908.6
22810006575000,1460,712,748,60882
22810006576000,1430,692,738,56485
22810006577000,8,5,3,340
22810006578000,15,7,8,768
22810006579000,103,51,52,4058.2
22810006580000,200,107,93,8320
22810006581000,491,239,252,20376.5
22810006582000,35,18,17,1281
22810006583000,31,15,16,1112.9
22810006584000,30,17,13,996
22810006585000,10,6,4,545
22810006586000,38,19,19,1276.8
22810006587000,4,2,2,0
22810006588000,240,118,122,8064
22810006589000,7,4,3,268.1
22810006590000,4,2,2,0
22810006593000,11,5,6,372.9
22810006594000,7,3,4,184.8
22810006595000,24,14,10,1017.6
22810006596000,13,8,5,521.3
22810006597000,58,32,26,2308.4
22810006598000,12,6,6,393.6
22810006599000,23,14,9,979.8
22810006600000,21,13,8,634.2
22810006601000,7,4,3,284.9
22810006603000,13,6,7,417.3
22810006604000,36,17,19,1224
22810006605000,12,9,3,478.8
22810006606000,54,30,24,2230.2
22810006607000,4,3,1,0
22810006608000,8,4,4,467.2
22810006609000,14,8,6,585.2
22810006610000,42,22,20,1617
22810006611000,291,156,135,9864.9
22810006612000,460,238,222,15962
22810006613000,342,166,176,12414.6
22810006614000,4,2,2,0
22810006615000,24,11,13,559.2
22810006616000,16,7,9,441.6
22810006617000,26,15,11,1097.2
22810006618000,3,2,1,0
22810006619000,19,11,8,830.3
22810006620000,2,1,1,0
22810006621000,6,3,3,316.2
22810006622000,2,1,1,0
22810006624000,2,1,1,0
22810006625000,11,6,5,497.2
22810006626000,23,14,9,920
22810006627000,36,21,15,1645.2
22810006628000,10,5,5,536
22810006630000,4,3,1,0
22810006632000,26,12,14,1107.6
22810006633000,2,1,1,0
22810006641000,134,76,58,5802.2
22810006642000,632,333,299,22815.2
22810006643000,298,150,148,10638.6
22810006644000,68,37,31,2760.8
22810006645000,46,29,17,1766.4
22810006646000,703,350,353,22144.5
22810006647000,1104,559,545,30801.6
22810006648000,262,133,129,9851.2
22810006649000,13,7,6,668.2
22810006655000,4,3,1,0
22810006657000,406,205,201,13763.4
22810006658000,97,48,49,3356.2
22810006659000,7,5,2,291.2
22810006660000,193,106,87,6523.4
22810006661000,1174,588,586,34633
22810006662000,4,1,3,0
22810006663000,22,10,12,1014.2
22810006664000,9,4,5,352.8
22810006665000,12,8,4,387.6
22810006666000,90,53,37,3906
22810006667000,57,33,24,1829.7
22810006668000,19,9,10,912
22810006669000,47,23,24,1922.3
22810006670000,9,5,4,315.9
22810006671000,19,10,9,822.7
22810006672000,108,63,45,3963.6
22810006673000,24,14,10,1034.4
22810006674000,21,13,8,728.7
22810006675000,3,2,1,0
22810006676000,13,7,6,397.8
22810006678000,41,18,23,1582.6
22810006679000,35,22,13,1596
22810006680000,7,4,3,184.8
22810006682000,2,1,1,0
22810006683000,18,10,8,550.8
22810006684000,4,2,2,0
22810006685000,40,21,19,1460
22810006686000,570,271,299,20463
22810006687000,738,374,364,27306
22810006688000,1,0,1,0
22810006689000,6,3,3,184.8
22810006690000,16,10,6,547.2
22810006691000,11,5,6,422.4
22810006695000,1,1,0,0
22810006700000,17,11,6,928.2
22810006701000,27,13,14,1204.2
22810006703000,48,25,23,1608
22810006704000,134,71,63,5896
22810006706000,1,0,1,0
22810006707000,36,19,17,1886.4
22810006708000,11,6,5,462
22810006709000,12,7,5,489.6
22810006710000,67,32,35,2358.4
22810006711000,69,36,33,3049.8
22810006712000,43,23,20,2309.1
22810006728000,10,6,4,335
22810006729000,231,114,117,8061.9
22810006730000,72,34,38,3067.2
22810006738000,14,7,7,470.4
22810006739000,11,8,3,458.7
22810006740000,1,0,1,0
22810006741000,21,12,9,630
22810006742000,13,5,8,431.6
22810006750000,63,30,33,2223.9
22810006751000,47,21,26,2068
22810006752000,54,30,24,1890
22810006753000,41,25,16,1504.7
22810006754000,194,93,101,7061.6
22810006755000,338,154,184,14365
22810006756000,57,43,14,2109
22810006757000,174,99,75,6020.4
22810006758000,344,175,169,13140.8
22810006759000,139,66,73,5254.2
22810006760000,37,24,13,1128.5
22810006761000,9,6,3,422.1
22810006762000,33,17,16,1194.6
22810006763000,25,14,11,980
22810006764000,45,24,21,1539
22810006765000,17,9,8,887.4
22810006766000,16,8,8,497.6
22810006768000,2,1,1,0
22810006769000,5,4,1,238
22810006838000,2,1,1,0
22810006841000,10,7,3,633
22810006849000,4,2,2,0
22810006859000,2,1,1,0
22810006861000,2,1,1,0
22810006882000,5,3,2,100
22810006883000,12,3,9,243.6
22810006891000,1,1,0,0
22810006892000,25,12,13,837.5
22810006893000,68,33,35,2856
22810006894000,29,15,14,1432.6
22810006895000,44,23,21,1720.4
22810006896000,26,14,12,1237.6
22810006897000,3,1,2,0
22810006910000,261,137,124,8639.1
22810006911000,798,382,416,33755.4
22810006912000,321,154,167,13674.6
22810006913000,66,31,35,2725.8
22810006920000,3,2,1,0
22810006977000,1,1,0,0
22810006980000,13,7,6,507
22810006981000,18,9,9,849.6
22810006982000,30,14,16,1083
22810006983000,7,4,3,345.8
22810006987000,2,2,0,0
22810006988000,13,8,5,374.4
22810007030000,4,2,2,0
22810007031000,2,2,0,0
22810007032000,4,2,2,0
22810007035000,9,4,5,468
22810007037000,12,6,6,483.6
22810007039000,42,23,19,1680
22810007040000,23,12,11,825.7
22810007041000,1206,583,623,47998.8
22810007042000,16,9,7,500.8
22810007056000,4,2,2,0
22810007057000,19,3,16,929.1
22810007066000,20,11,9,798
22810007067000,54,28,26,1760.4
22810007068000,32,13,19,1260.8
22810007069000,42,24,18,1751.4
22810007070000,1,1,0,0
22810007081000,9,6,3,406.8
22810007082000,4,3,1,0
22810007097000,10,5,5,417
22810007098000,2,1,1,0
22810007106000,8,5,3,448
22810007107000,22,9,13,1007.6
22810007115000,3,2,1,0
22810007122000,3,1,2,0
22810007138000,6,3,3,229.8
22810007139000,7,3,4,249.9
22810007140000,69,37,32,2352.9
22810007141000,16,8,8,729.6
22810007142000,3,1,2,0
22810007143000,15,9,6,940.5
22810007144000,11,7,4,460.9
22820006556000,1,0,1,0
22820006559000,2,1,1,0
22820006561000,35,17,18,1603
22820006562000,15,8,7,562.5
22820006563000,93,49,44,3813
22820006564000,8,4,4,224.8
22820006565000,6,2,4,310.2
22820006566000,6,5,1,253.2
22820006567000,223,108,115,9856.6
22820006568000,284,157,127,10735.2
22820006569000,879,448,431,34368.9
22820006570000,178,93,85,6550.4
22820006571000,26,14,12,1112.8
22820006572000,3,2,1,0
22820006573000,450,232,218,19440
22820006574000,1180,587,593,45902
22820006575000,996,475,521,40138.8
22820006576000,937,487,450,32795
22820006577000,125,57,68,4962.5
22820006578000,4,1,3,0
22820006583000,22,12,10,849.2
22820006584000,142,71,71,5623.2
22820006585000,87,42,45,3932.4
22820006586000,45,25,20,1440
22820006587000,11,5,6,465.3
22820006588000,85,41,44,2958
22820006589000,11,5,6,513.7
22820006591000,22,15,7,968
22820006592000,11,3,8,393.8
22820006593000,8,6,2,344.8
22820006594000,21,12,9,871.5
22820006595000,48,25,23,2078.4
22820006596000,31,16,15,1100.5
22820006597000,36,20,16,1296
22820006598000,1054,495,559,41843.8
22820006599000,530,265,265,21465
22820006600000,15,9,6,561
22820006601000,42,23,19,1407
22820006602000,15,8,7,787.5
22820006603000,34,16,18,1213.8
22820006604000,23,15,8,726.8
22820006605000,59,28,31,2271.5
22820006606000,1,1,0,0
22820006607000,24,11,13,1017.6
22820006608000,54,31,23,1868.4
22820006609000,16,10,6,857.6
22820006610000,564,292,272,21657.6
22820006611000,1487,764,723,57249.5
22820006612000,268,138,130,11256
22820006613000,12,5,7,619.2
22820006614000,10,6,4,346
22820006615000,3,1,2,0
22820006617000,41,23,18,1533.4
22820006618000,18,9,9,799.2
22820006619000,17,9,8,499.8
22820006620000,14,7,7,448
22820006621000,2,2,0,0
22820006625000,5,3,2,235
22820006626000,14,8,6,593.6
22820006627000,13,6,7,401.7
22820006628000,2,1,1,0
22820006630000,14,8,6,471.8
22820006631000,89,45,44,3373.1
22820006632000,221,107,114,8331.7
22820006633000,3,1,2,0
22820006639000,217,106,111,7204.4
22820006640000,20,10,10,742
22820006641000,9,5,4,324.9
22820006644000,6,4,2,307.8
22820006645000,27,14,13,720.9
22820006646000,157,89,68,5306.6
22820006647000,41,18,23,1279.2
22820006651000,290,164,126,10933
22820006652000,30,18,12,1293
22820006653000,43,22,21,1247
22820006654000,13,6,7,390
22820006655000,26,14,12,798.2
22820006656000,333,169,164,12687.3
22820006657000,445,216,229,17310.5
22820006658000,98,54,44,3616.2
22820006659000,19,11,8,771.4
22820006660000,720,345,375,29232
22820006661000,4,2,2,0
22820006662000,7,5,2,331.1
22820006665000,54,28,26,2197.8
22820006666000,57,27,30,2285.7
22820006667000,80,48,32,2976
22820006668000,95,59,36,3135
22820006669000,61,37,24,2403.4
22820006670000,87,50,37,2966.7
22820006671000,15,8,7,421.5
22820006672000,24,11,13,950.4
22820006675000,23,12,11,588.8
22820006676000,8,3,5,446.4
22820006677000,15,9,6,790.5
22820006679000,106,81,25,4112.8
22820006680000,13,4,9,555.1
22820006681000,132,78,54,4804.8
22820006682000,60,34,26,2490
22820006683000,86,42,44,3723.8
22820006685000,22,12,10,737
22820006686000,52,25,27,1986.4
22820006687000,39,21,18,1439.1
22820006688000,8,4,4,400
22820006689000,28,14,14,1036
22820006690000,1,0,1,0
22820006693000,15,7,8,646.5
22820006694000,20,11,9,724
22820006697000,4,2,2,0
22820006699000,4,2,2,0
22820006701000,5,1,4,219
22820006702000,34,18,16,1366.8
22820006703000,41,18,23,1922.9
22820006704000,112,48,64,4468.8
22820006705000,28,17,11,1262.8
22820006706000,29,16,13,1186.1
22820006707000,107,56,51,4183.7
22820006708000,79,41,38,2401.6
22820006709000,18,7,11,826.2
22820006710000,17,10,7,744.6
22820006711000,2,1,1,0
22820006728000,16,9,7,540.8
22820006729000,95,47,48,4113.5
22820006730000,20,7,13,770
22820006738000,8,3,5,256
22820006739000,10,5,5,633
22820006740000,37,20,17,1809.3
22820006741000,34,19,15,1604.8
22820006749000,215,114,101,7568
22820006750000,51,28,23,1825.8
22820006751000,41,19,22,1324.3
22820006752000,34,14,20,1441.6
22820006753000,94,44,50,3421.6
22820006754000,25,13,12,850
22820006755000,16,7,9,670.4
22820006756000,8,4,4,406.4
22820006757000,14,8,6,499.8
22820006758000,53,23,30,2125.3
22820006759000,104,45,59,4014.4
22820006760000,41,22,19,1303.8
22820006761000,51,25,26,1948.2
22820006762000,65,30,35,2216.5
22820006763000,64,31,33,2348.8
22820006764000,16,7,9,545.6
22820006766000,12,8,4,511.2
22820006767000,11,6,5,399.3
22820006837000,1,1,0,0
22820006838000,11,7,4,476.3
22820006839000,6,3,3,256.2
22820006840000,14,9,5,425.6
22820006842000,8,4,4,364
22820006843000,2,2,0,0
22820006844000,5,2,3,158
22820006847000,4,1,3,0
22820006862000,6,3,3,384
22820006881000,1,1,0,0
22820006889000,5,2,3,151
22820006890000,4,2,2,0
22820006891000,14,7,7,415.8
22820006892000,15,8,7,691.5
22820006893000,15,9,6,598.5
22820006911000,60,28,32,1584
22820006912000,116,65,51,4454.4
22820006913000,28,15,13,1114.4
22820006914000,28,14,14,1411.2
22820006984000,6,5,1,181.8
22820006987000,21,12,9,930.3
22820006988000,41,20,21,1877.8
22820007023000,4,1,3,0
22820007024000,29,18,11,904.8
22820007030000,2,1,1,0
22820007031000,8,4,4,444.8
22820007036000,38,23,15,1193.2
22820007037000,15,8,7,559.5
22820007038000,38,20,18,1314.8
22820007039000,34,19,15,1322.6
22820007040000,19,13,6,864.5
22820007041000,1940,977,963,72944
22820007042000,129,71,58,5482.5
22820007057000,19,10,9,837.9
22820007058000,8,5,3,320
22820007066000,17,9,8,409.7
22820007067000,331,168,163,14001.3
22820007068000,82,42,40,3706.4
22820007069000,142,69,73,5665.8
22820007070000,8,4,4,459.2
22820007071000,6,3,3,273
22820007072000,25,15,10,1037.5
22820007077000,2,1,1,0
22820007082000,10,9,1,562
22820007107000,5,3,2,168
22820007115000,12,9,3,459.6
22820007116000,11,4,7,683.1
22820007117000,10,3,7,437
22820007137000,32,15,17,1459.2
22820007138000,20,11,9,1016
22820007143000,2,2,0,0
22820007148000,38,17,21,1485.8
22820007149000,17,9,8,873.8
22830006556000,77,36,41,3865.4
22830006557000,17,6,11,873.8
22830006558000,12,6,6,345.6
22830006559000,2,1,1,0
22830006560000,2,1,1,0
22830006561000,15,8,7,748.5
22830006562000,3,2,1,0
22830006565000,18,9,9,831.6
22830006566000,6,2,4,388.2
22830006567000,57,34,23,1892.4
22830006568000,97,49,48,3821.8
22830006569000,165,78,87,5478
22830006570000,4,3,1,0
22830006571000,4,3,1,0
22830006572000,23,12,11,998.2
22830006573000,167,94,73,7481.6
22830006575000,7,4,3,231
22830006576000,320,167,153,10592
22830006577000,151,80,71,4696.1
22830006578000,29,16,13,1122.3
22830006579000,15,9,6,570
22830006580000,31,14,17,1134.6
22830006581000,2,1,1,0
22830006582000,10,4,6,422
22830006584000,13,6,7,604.5
22830006585000,62,32,30,1977.8
22830006586000,4,2,2,0
22830006588000,5,2,3,202
22830006589000,36,18,18,1346.4
22830006590000,26,13,13,899.6
22830006591000,4,2,2,0
22830006592000,28,16,12,834.4
22830006594000,34,15,19,1390.6
22830006595000,47,27,20,1649.7
22830006596000,33,15,18,1052.7
22830006597000,69,36,33,2435.7
22830006598000,106,40,66,5755.8
22830006599000,52,26,26,2100.8
22830006600000,10,5,5,333
22830006601000,17,7,10,482.8
22830006602000,28,13,15,1033.2
22830006603000,14,6,8,637
22830006604000,32,16,16,1254.4
22830006605000,49,29,20,1871.8
22830006606000,25,11,14,555
22830006607000,97,51,46,3559.9
22830006608000,21,13,8,980.7
22830006609000,84,43,41,3234
22830006610000,1184,552,632,51267.2
22830006611000,1705,786,919,82863
22830006612000,450,221,229,18045
22830006613000,22,9,13,763.4
22830006614000,16,6,10,606.4
22830006615000,43,21,22,1440.5
22830006616000,65,33,32,1930.5
22830006617000,43,21,22,1582.4
22830006618000,15,10,5,538.5
22830006619000,12,6,6,520.8
22830006620000,34,20,14,1373.6
22830006621000,1,1,0,0
22830006623000,4,1,3,0
22830006624000,6,2,4,226.2
22830006625000,7,4,3,235.9
22830006627000,3,3,0,0
22830006628000,15,7,8,718.5
22830006629000,37,15,22,1413.4
22830006630000,126,63,63,4536
22830006631000,292,138,154,14337.2
22830006632000,25,12,13,922.5
22830006633000,13,6,7,595.4
22830006638000,808,384,424,26421.6
22830006639000,1745,914,831,64739.5
22830006640000,5,1,4,212
22830006647000,65,37,28,2821
22830006648000,135,70,65,4819.5
22830006649000,165,83,82,6583.5
22830006650000,343,164,179,13960.1
22830006651000,149,76,73,5662
22830006652000,86,43,43,3766.8
22830006653000,36,20,16,1468.8
22830006655000,32,14,18,1468.8
22830006656000,144,68,76,5500.8
22830006657000,9,4,5,412.2
22830006658000,29,17,12,1249.9
22830006659000,28,16,12,1299.2
22830006660000,489,249,240,18435.3
22830006661000,147,77,70,5306.7
22830006662000,130,76,54,5304
22830006663000,48,32,16,2107.2
22830006664000,10,4,6,400
22830006665000,10,8,2,479
22830006666000,33,18,15,924
22830006667000,18,8,10,770.4
22830006668000,2,1,1,0
22830006671000,19,9,10,676.4
22830006672000,30,15,15,1359
22830006673000,41,31,10,1607.2
22830006674000,26,11,15,962
22830006675000,7,3,4,193.2
22830006676000,10,6,4,461
22830006677000,6,2,4,262.2
22830006682000,32,15,17,1027.2
22830006683000,14,8,6,649.6
22830006684000,27,14,13,874.8
22830006685000,22,15,7,891
22830006686000,14,7,7,767.2
22830006687000,10,4,6,547
22830006688000,30,15,15,1173
22830006689000,54,25,29,2030.4
22830006690000,9,7,2,450.9
22830006698000,2,1,1,0
22830006699000,3,2,1,0
22830006700000,23,13,10,943
22830006701000,10,4,6,440
22830006702000,5,3,2,275
22830006703000,141,73,68,5865.6
22830006704000,71,33,38,2982
22830006705000,104,47,57,5917.6
22830006706000,361,173,188,16136.7
22830006707000,170,79,91,5644
22830006708000,23,14,9,713
22830006709000,35,16,19,1277.5
22830006710000,11,8,3,628.1
22830006712000,9,5,4,280.8
22830006713000,7,2,5,193.2
22830006728000,15,8,7,678
22830006729000,55,27,28,2552
22830006746000,17,6,11,926.5
22830006747000,268,127,141,11604.4
22830006748000,432,202,230,18187.2
22830006749000,75,43,32,3060
22830006750000,81,40,41,3936.6
22830006751000,56,30,26,2184
22830006752000,28,14,14,1265.6
22830006753000,276,136,140,13220.4
22830006754000,45,29,16,1588.5
22830006755000,86,39,47,3379.8
22830006756000,22,9,13,992.2
22830006757000,26,16,10,928.2
22830006758000,10,4,6,366
22830006759000,24,13,11,924
22830006760000,24,13,11,1039.2
22830006761000,40,22,18,1528
22830006762000,27,9,18,1053
22830006763000,53,28,25,1696
22830006764000,17,8,9,739.5
22830006765000,20,10,10,764
22830006766000,2,1,1,0
22830006837000,2,1,1,0
22830006838000,2,1,1,0
22830006843000,2,1,1,0
22830006862000,11,7,4,223.3
22830006863000,5,3,2,341
22830006880000,2,0,2,0
22830006889000,6,2,4,321
22830006890000,4,3,1,0
22830006912000,5,3,2,206
22830006913000,37,21,16,1483.7
22830006914000,13,7,6,751.4
22830006987000,122,64,58,5380.2
22830006988000,43,15,28,2429.5
22830006989000,5,3,2,281
22830007023000,6,3,3,334.2
22830007024000,63,32,31,1789.2
22830007025000,10,6,4,219
22830007034000,7,3,4,391.3
22830007036000,10,4,6,537
22830007037000,22,11,11,937.2
22830007039000,93,46,47,3301.5
22830007040000,36,18,18,1443.6
22830007041000,353,184,169,13978.8
22830007042000,57,35,22,2627.7
22830007053000,15,9,6,757.5
22830007054000,3,2,1,0
22830007057000,8,3,5,264.8
22830007058000,7,2,5,137.2
22830007067000,247,105,142,13832
22830007068000,241,112,129,9881
22830007069000,98,45,53,3969
22830007070000,20,12,8,720
22830007071000,24,13,11,976.8
22830007072000,18,10,8,525.6
22830007077000,2,0,2,0
22830007082000,2,1,1,0
22830007116000,6,2,4,117
22830007117000,13,7,6,642.2
22830007118000,9,4,5,272.7
22830007119000,11,8,3,489.5
22830007136000,9,4,5,423.9
22830007137000,104,52,52,4191.2
22830007138000,75,34,41,4650
22830007139000,6,3,3,208.8
22830007142000,5,4,1,238
22830007149000,16,8,8,396.8
22840006556000,258,129,129,11016.6
22840006557000,202,112,90,6181.2
22840006558000,16,8,8,539.2
22840006560000,3,2,1,0
22840006561000,6,5,1,354
22840006562000,57,32,25,2280
22840006563000,30,19,11,1197
22840006564000,13,7,6,508.3
22840006565000,22,10,12,825
22840006566000,27,13,14,1034.1
22840006567000,9,6,3,456.3
22840006568000,7,3,4,245
22840006569000,31,17,14,1122.2
22840006570000,8,5,3,428
22840006571000,6,4,2,345
22840006572000,8,3,5,406.4
22840006573000,17,7,10,686.8
22840006574000,22,9,13,776.6
22840006575000,1,1,0,0
22840006577000,2,1,1,0
22840006578000,60,33,27,2346
22840006579000,328,177,151,11414.4
22840006580000,223,116,107,8384.8
22840006581000,19,11,8,670.7
22840006582000,25,12,13,1072.5
22840006583000,10,5,5,532
22840006584000,5,2,3,197
22840006585000,8,4,4,300
22840006586000,55,31,24,2134
22840006587000,3,2,1,0
22840006588000,21,11,10,720.3
22840006589000,21,12,9,651
22840006590000,4,3,1,0
22840006591000,11,4,7,500.5
22840006592000,9,4,5,366.3
22840006593000,2,1,1,0
22840006595000,4,3,1,0
22840006596000,29,17,12,1160
22840006597000,34,17,17,1169.6
22840006598000,70,30,40,2142
22840006599000,40,18,22,1228
22840006600000,33,16,17,1287
22840006601000,50,25,25,1830
22840006602000,17,10,7,535.5
22840006603000,58,28,30,2117
22840006604000,27,9,18,1007.1
22840006605000,16,11,5,502.4
22840006606000,12,8,4,504
22840006607000,35,21,14,1533
22840006608000,2,1,1,0
22840006609000,226,102,124,8723.6
22840006610000,1541,745,796,58095.7
22840006611000,2230,1073,1157,91207
22840006612000,1906,971,935,75668.2
22840006613000,231,121,110,9540.3
22840006614000,20,11,9,634
22840006615000,6,3,3,367.2
22840006616000,6,4,2,304.8
22840006617000,10,6,4,460
22840006619000,5,3,2,209
22840006620000,35,19,16,1148
22840006624000,20,11,9,752
22840006625000,10,7,3,328
22840006626000,4,1,3,0
22840006627000,14,7,7,677.6
22840006628000,79,43,36,3160
22840006629000,11,8,3,441.1
22840006630000,79,42,37,3128.4
22840006631000,207,101,106,7928.1
22840006632000,22,12,10,858
22840006633000,5,3,2,118
22840006636000,9,6,3,307.8
22840006637000,13,7,6,630.5
22840006638000,704,358,346,24217.6
22840006639000,251,127,124,9312.1
22840006648000,302,152,150,11234.4
22840006649000,1059,509,550,44795.7
22840006650000,605,307,298,23776.5
22840006651000,350,177,173,12600
22840006653000,8,4,4,296.8
22840006655000,15,8,7,667.5
22840006656000,16,8,8,686.4
22840006658000,37,19,18,1235.8
22840006659000,42,21,21,1516.2
22840006660000,18,9,9,754.2
22840006661000,860,455,405,27520
22840006662000,69,33,36,2773.8
22840006663000,25,15,10,992.5
22840006664000,645,322,323,24832.5
22840006665000,1514,756,758,50719
22840006666000,1524,770,754,57759.6
22840006667000,269,138,131,10114.4
22840006668000,17,8,9,661.3
22840006669000,13,5,8,601.9
22840006670000,21,15,6,852.6
22840006671000,8,5,3,326.4
22840006672000,11,3,8,528
22840006673000,43,14,29,1474.9
22840006674000,100,47,53,4020
22840006675000,438,239,199,16118.4
22840006676000,13,6,7,491.4
22840006685000,6,3,3,303
22840006686000,9,3,6,343.8
22840006687000,33,17,16,1547.7
22840006688000,1,1,0,0
22840006695000,3,1,2,0
22840006702000,8,5,3,308
22840006703000,2,1,1,0
22840006704000,22,12,10,1082.4
22840006705000,52,22,30,2158
22840006706000,7,3,4,193.9
22840006710000,13,9,4,588.9
22840006716000,1,1,0,0
22840006728000,20,9,11,1116
22840006729000,46,24,22,2392
22840006746000,834,416,418,35695.2
22840006747000,2767,1201,1566,130049
22840006748000,1769,853,916,78543.6
22840006749000,40,22,18,1548
22840006750000,25,12,13,1117.5
22840006751000,50,27,23,1695
22840006752000,363,191,172,12378.3
22840006753000,11,5,6,578.6
22840006754000,74,37,37,2656.6
22840006755000,137,73,64,4671.7
22840006756000,84,38,46,3460.8
22840006757000,28,13,15,963.2
22840006758000,18,11,7,561.6
22840006759000,4,1,3,0
22840006760000,36,20,16,1623.6
22840006761000,106,59,47,4006.8
22840006762000,18,12,6,781.2
22840006763000,4,2,2,0
22840006863000,1,0,1,0
22840006865000,5,3,2,229
22840006866000,12,7,5,494.4
22840006867000,1,1,0,0
22840006868000,1,0,1,0
22840006875000,2,2,0,0
22840006880000,4,2,2,0
22840006902000,4,3,1,0
22840006911000,6,4,2,256.2
22840006913000,11,7,4,463.1
22840006914000,61,32,29,2580.3
22840006915000,4,3,1,0
22840006916000,4,2,2,0
22840006917000,26,18,8,917.8
22840006927000,12,7,5,457.2
22840006928000,31,14,17,1066.4
22840006987000,86,43,43,3259.4
22840007026000,2,1,1,0
22840007036000,1,1,0,0
22840007038000,43,24,19,1135.2
22840007039000,25,14,11,1082.5
22840007040000,105,55,50,3748.5
22840007041000,67,37,30,2673.3
22840007053000,34,16,18,1703.4
22840007054000,46,26,20,1692.8
22840007067000,11,8,3,368.5
22840007068000,169,84,85,7114.9
22840007069000,129,61,68,5018.1
22840007070000,24,14,10,777.6
22840007071000,30,15,15,1053
22840007072000,56,29,27,2553.6
22840007073000,3,2,1,0
22840007078000,19,9,10,634.6
22840007079000,7,4,3,380.1
22840007121000,2,2,0,0
22840007136000,11,6,5,313.5
22840007137000,16,9,7,849.6
22840007149000,4,1,3,0
22850006556000,6,3,3,307.2
22850006557000,14,7,7,831.6
22850006558000,11,7,4,447.7
22850006559000,8,3,5,340.8
22850006560000,14,7,7,743.4
22850006561000,30,16,14,1122
22850006562000,19,9,10,695.4
22850006563000,47,21,26,1997.5
22850006564000,3,2,1,0
22850006566000,1,1,0,0
22850006567000,1,1,0,0
22850006568000,12,5,7,327.6
22850006569000,17,8,9,751.4
22850006570000,18,10,8,705.6
22850006571000,12,5,7,433.2
22850006572000,26,15,11,941.2
22850006573000,14,12,2,439.6
22850006574000,42,18,24,1705.2
22850006576000,4,3,1,0
22850006579000,50,26,24,1855
22850006580000,174,82,92,5985.6
22850006581000,32,18,14,1200
22850006582000,2,1,1,0
22850006583000,3,2,1,0
22850006584000,1,1,0,0
22850006586000,17,9,8,521.9
22850006587000,25,14,11,1092.5
22850006588000,68,33,35,2801.6
22850006591000,1,1,0,0
22850006592000,26,11,15,1063.4
22850006593000,2,1,1,0
22850006594000,20,12,8,752
22850006595000,2,1,1,0
22850006597000,5,2,3,122
22850006598000,8,5,3,420
22850006599000,23,11,12,742.9
22850006600000,15,6,9,540
22850006601000,14,5,9,434
22850006602000,81,50,31,2843.1
22850006603000,28,16,12,1047.2
22850006604000,5,3,2,204
22850006605000,5,3,2,302
22850006606000,28,17,11,1265.6
22850006607000,11,6,5,363
22850006608000,9,4,5,416.7
22850006609000,18,8,10,943.2
22850006610000,25,13,12,952.5
22850006611000,337,172,165,13075.6
22850006612000,620,305,315,23684
22850006613000,41,21,20,1849.1
22850006614000,31,18,13,1122.2
22850006615000,53,26,27,2067
22850006616000,12,5,7,489.6
22850006617000,4,2,2,0
22850006618000,10,5,5,378
22850006619000,10,6,4,313
22850006620000,15,8,7,616.5
22850006623000,1,1,0,0
22850006624000,15,11,4,667.5
22850006625000,30,14,16,717
22850006626000,20,10,10,854
22850006627000,7,4,3,280.7
22850006628000,28,15,13,1064
22850006629000,18,10,8,552.6
22850006630000,49,26,23,1945.3
22850006631000,3,2,1,0
22850006632000,25,13,12,925
22850006633000,54,34,20,2035.8
22850006634000,23,14,9,961.4
22850006635000,52,29,23,2230.8
22850006636000,46,27,19,2240.2
22850006637000,63,31,32,2879.1
22850006638000,62,32,30,2188.6
22850006646000,8,5,3,256.8
22850006647000,63,36,27,2419.2
22850006648000,177,90,87,7434
22850006649000,772,399,373,36592.8
22850006650000,1050,522,528,39690
22850006651000,813,420,393,26259.9
22850006652000,15,7,8,672
22850006654000,3,2,1,0
22850006655000,14,8,6,644
22850006656000,2,1,1,0
22850006658000,1044,534,510,32155.2
22850006659000,230,126,104,8303
22850006660000,1,1,0,0
22850006661000,35,18,17,1169
22850006662000,11,7,4,568.7
22850006663000,55,31,24,2095.5
22850006664000,150,73,77,6615
22850006665000,1774,844,930,66347.6
22850006666000,1037,513,524,38783.8
22850006667000,374,191,183,13838
22850006668000,52,29,23,2324.4
22850006669000,38,22,16,1261.6
22850006670000,43,27,16,1707.1
22850006671000,3,1,2,0
22850006672000,3,2,1,0
22850006674000,1120,571,549,36960
22850006675000,656,337,319,21910.4
22850006676000,8,7,1,366.4
22850006681000,3,2,1,0
22850006687000,5,3,2,265
22850006688000,14,6,8,410.2
22850006689000,6,4,2,189
22850006716000,1,1,0,0
22850006727000,5,1,4,102
22850006728000,53,26,27,2215.4
22850006729000,2,1,1,0
22850006746000,2294,1102,1192,106441.6
22850006747000,2189,1093,1096,85152.1
22850006748000,1409,707,702,58473.5
22850006749000,554,274,280,22270.8
22850006750000,93,49,44,3403.8
22850006751000,232,116,116,7702.4
22850006752000,134,76,58,4288
22850006753000,44,20,24,1834.8
22850006754000,245,121,124,9187.5
22850006755000,150,75,75,4710
22850006756000,16,10,6,459.2
22850006757000,13,7,6,699.4
22850006758000,14,7,7,618.8
22850006760000,20,12,8,696
22850006761000,50,28,22,1465
22850006762000,18,10,8,716.4
22850006763000,6,3,3,271.8
22850006840000,1,1,0,0
22850006877000,1,0,1,0
22850006915000,14,9,5,834.4
22850006916000,3,1,2,0
22850006917000,9,5,4,422.1
22850006918000,24,10,14,895.2
22850006925000,8,4,4,219.2
22850006926000,18,7,11,477
22850006927000,41,24,17,1894.2
22850006928000,15,8,7,661.5
22850006977000,3,2,1,0
22850006986000,9,7,2,405.9
22850007038000,32,18,14,1232
22850007039000,24,15,9,1063.2
22850007040000,207,115,92,8052.3
22850007041000,128,61,67,4723.2
22850007053000,24,12,12,1204.8
22850007054000,40,18,22,1720
22850007055000,59,30,29,2065
22850007056000,30,13,17,1098
22850007057000,29,13,16,1223.8
22850007068000,38,21,17,1683.4
22850007069000,30,20,10,1077
22850007070000,1,1,0,0
22850007071000,13,7,6,556.4
22850007072000,34,17,17,1312.4
22850007135000,3,1,2,0
22850007136000,9,5,4,305.1
22850007153000,2,1,1,0
22860006556000,4,3,1,0
22860006557000,23,14,9,1127
22860006558000,50,27,23,1815
22860006560000,4,2,2,0
22860006561000,38,23,15,1508.6
22860006562000,20,12,8,904
22860006563000,16,8,8,782.4
22860006564000,7,4,3,322.7
22860006565000,2,1,1,0
22860006569000,20,9,11,958
22860006570000,4,2,2,0
22860006571000,17,9,8,707.2
22860006574000,9,5,4,369
22860006575000,6,3,3,208.8
22860006576000,1,1,0,0
22860006578000,10,4,6,453
22860006580000,2,0,2,0
22860006581000,9,6,3,356.4
22860006582000,10,5,5,388
22860006585000,7,4,3,130.2
22860006586000,5,2,3,257
22860006587000,9,6,3,407.7
22860006588000,15,6,9,735
22860006589000,9,3,6,430.2
22860006590000,11,5,6,448.8
22860006591000,4,2,2,0
22860006592000,15,8,7,550.5
22860006593000,15,8,7,463.5
22860006594000,24,13,11,1092
22860006595000,17,10,7,768.4
22860006597000,14,9,5,487.2
22860006598000,1,0,1,0
22860006599000,8,2,6,256.8
22860006600000,40,21,19,1560
22860006601000,11,7,4,514.8
22860006602000,5,1,4,148
22860006603000,5,2,3,194
22860006604000,6,4,2,379.8
22860006605000,32,17,15,1155.2
22860006606000,16,9,7,848
22860006607000,10,4,6,431
22860006608000,1,1,0,0
22860006609000,21,11,10,737.1
22860006610000,32,20,12,1152
22860006611000,14,8,6,726.6
22860006612000,4,2,2,0
22860006613000,1,0,1,0
22860006614000,7,4,3,392
22860006615000,42,24,18,1743
22860006616000,10,5,5,426
22860006617000,7,3,4,338.1
22860006618000,18,8,10,556.2
22860006619000,3,1,2,0
22860006620000,25,14,11,1157.5
22860006621000,4,2,2,0
22860006622000,11,8,3,460.9
22860006623000,4,3,1,0
22860006624000,23,12,11,952.2
22860006625000,17,7,10,532.1
22860006626000,18,8,10,696.6
22860006627000,8,3,5,310.4
22860006628000,12,6,6,543.6
22860006629000,7,6,1,371
22860006630000,25,10,15,895
22860006632000,4,3,1,0
22860006633000,7,1,6,224.7
22860006634000,31,16,15,1354.7
22860006635000,33,21,12,1204.5
22860006636000,11,5,6,500.5
22860006637000,4,3,1,0
22860006644000,5,3,2,231
22860006645000,21,11,10,867.3
22860006646000,50,22,28,1895
22860006647000,50,31,19,2215
22860006648000,641,323,318,23781.1
22860006649000,387,201,186,15247.8
22860006650000,45,23,22,1624.5
22860006651000,7,4,3,277.2
22860006652000,15,9,6,661.5
22860006653000,1,1,0,0
22860006658000,4,1,3,0
22860006659000,127,60,67,5232.4
22860006660000,57,35,22,2017.8
22860006661000,15,10,5,624
22860006662000,8,3,5,268.8
22860006663000,4,1,3,0
22860006664000,12,8,4,588
22860006665000,101,58,43,4130.9
22860006666000,80,42,38,3152
22860006667000,39,18,21,1969.5
22860006668000,34,16,18,969
22860006669000,22,11,11,1089
22860006671000,17,7,10,647.7
22860006672000,219,104,115,8168.7
22860006673000,694,287,407,36365.6
22860006674000,850,459,391,32130
22860006678000,8,3,5,432
22860006679000,18,6,12,757.8
22860006680000,28,11,17,1064
22860006681000,17,10,7,623.9
22860006682000,65,39,26,2704
22860006683000,81,49,32,2648.7
22860006689000,2,0,2,0
22860006690000,12,9,3,307.2
22860006691000,7,4,3,415.1
22860006712000,3,1,2,0
22860006727000,25,13,12,1022.5
22860006728000,5,3,2,336
22860006740000,8,4,4,292.8
22860006741000,1,1,0,0
22860006742000,15,9,6,544.5
22860006743000,171,85,86,6771.6
22860006744000,96,46,50,3792
22860006745000,188,76,112,10302.4
22860006746000,2620,1313,1307,113184
22860006747000,2153,1030,1123,90426
22860006748000,703,340,363,30299.3
22860006749000,387,196,191,16099.2
22860006750000,156,78,78,6162
22860006751000,33,20,13,1290.3
22860006752000,25,12,13,990
22860006753000,42,22,20,1465.8
22860006754000,74,36,38,3344.8
22860006755000,14,7,7,676.2
22860006756000,36,20,16,1623.6
22860006762000,1,1,0,0
22860006821000,4,3,1,0
22860006883000,9,5,4,351.9
22860006909000,2,1,1,0
22860006917000,17,6,11,452.2
22860006918000,30,19,11,1086
22860006919000,2,2,0,0
22860006925000,1,1,0,0
22860006926000,45,22,23,1687.5
22860006927000,97,47,50,3705.4
22860006928000,6,2,4,295.2
22860006987000,5,3,2,283
22860007039000,9,4,5,342.9
22860007040000,42,20,22,1806
22860007041000,10,5,5,196
22860007054000,8,4,4,388.8
22860007055000,66,35,31,2712.6
22860007056000,29,14,15,1174.5
22860007057000,34,18,16,1598
22860007058000,22,12,10,1001
22860007069000,41,20,21,1566.2
22860007070000,19,7,12,813.2
22860007077000,5,2,3,163
22860007099000,3,1,2,0
22860007134000,39,24,15,1474.2
22860007135000,5,2,3,356
22860007136000,5,3,2,221
22870006557000,9,4,5,567
22870006558000,2,1,1,0
22870006559000,44,26,18,1834.8
22870006560000,18,7,11,545.4
22870006561000,17,11,6,612
22870006562000,11,5,6,546.7
22870006563000,7,4,3,399.7
22870006564000,8,4,4,544.8
22870006565000,17,8,9,528.7
22870006569000,6,5,1,331.2
22870006570000,12,4,8,402
22870006575000,4,3,1,0
22870006576000,7,5,2,189
22870006577000,6,4,2,312
22870006578000,13,7,6,492.7
22870006582000,14,7,7,462
22870006583000,6,3,3,241.2
22870006584000,20,10,10,672
22870006588000,4,2,2,0
22870006589000,11,4,7,445.5
22870006592000,1,1,0,0
22870006593000,8,5,3,404.8
22870006594000,3,2,1,0
22870006595000,33,13,20,1095.6
22870006596000,20,12,8,608
22870006597000,13,9,4,405.6
22870006598000,50,26,24,2065
22870006599000,17,10,7,744.6
22870006600000,55,31,24,2282.5
22870006601000,6,2,4,229.2
22870006602000,16,7,9,425.6
22870006603000,7,4,3,296.1
22870006604000,15,9,6,643.5
22870006605000,27,15,12,1360.8
22870006606000,8,4,4,355.2
22870006607000,5,2,3,306
22870006608000,7,5,2,345.1
22870006609000,8,5,3,272.8
22870006610000,35,17,18,1246
22870006611000,5,3,2,311
22870006613000,27,13,14,945
22870006614000,9,4,5,321.3
22870006615000,7,4,3,308
22870006616000,44,19,25,1883.2
22870006617000,56,31,25,2889.6
22870006618000,51,31,20,1698.3
22870006619000,2,1,1,0
22870006620000,8,3,5,316.8
22870006621000,2,1,1,0
22870006626000,4,2,2,0
22870006630000,8,2,6,291.2
22870006631000,5,2,3,147
22870006642000,1,1,0,0
22870006643000,7,3,4,457.8
22870006644000,51,21,30,2152.2
22870006645000,57,30,27,2627.7
22870006646000,2,1,1,0
22870006648000,68,33,35,3168.8
22870006649000,731,355,376,23172.7
22870006650000,330,179,151,13629
22870006651000,35,19,16,1879.5
22870006652000,18,8,10,790.2
22870006653000,17,10,7,671.5
22870006655000,3,2,1,0
22870006658000,24,12,12,1144.8
22870006659000,24,13,11,897.6
22870006660000,70,41,29,3297
22870006661000,26,16,10,1037.4
22870006662000,15,9,6,580.5
22870006663000,24,16,8,945.6
22870006664000,1,0,1,0
22870006665000,9,6,3,552.6
22870006666000,30,17,13,1020
22870006667000,8,6,2,432
22870006668000,18,10,8,601.2
22870006669000,7,4,3,196
22870006672000,1445,726,719,53176
22870006673000,2228,1102,1126,101374
22870006674000,2236,1122,1114,84968
22870006675000,388,188,200,15403.6
22870006676000,228,122,106,8550
22870006677000,11,9,2,434.5
22870006678000,62,35,27,2752.8
22870006679000,14,10,4,485.8
22870006680000,27,16,11,1009.8
22870006681000,33,17,16,1376.1
22870006682000,111,57,54,4184.7
22870006683000,788,390,398,23955.2
22870006684000,72,37,35,2858.4
22870006685000,1,1,0,0
22870006688000,669,340,329,20538.3
22870006689000,1661,847,814,63118
22870006690000,294,144,150,12789
22870006691000,201,108,93,8361.6
22870006692000,55,26,29,1980
22870006702000,3,1,2,0
22870006711000,11,6,5,536.8
22870006712000,27,16,11,915.3
22870006713000,15,8,7,439.5
22870006734000,2,1,1,0
22870006736000,3,3,0,0
22870006737000,2,2,0,0
22870006739000,17,8,9,785.4
22870006740000,19,12,7,706.8
22870006741000,13,7,6,436.8
22870006742000,71,36,35,2875.5
22870006743000,858,430,428,34920.6
22870006744000,542,272,270,19566.2
22870006745000,265,123,142,12587.5
22870006746000,1782,860,922,74665.8
22870006747000,636,307,329,25948.8
22870006748000,955,486,469,37436
22870006749000,158,77,81,6288.4
22870006750000,73,39,34,3124.4
22870006751000,11,6,5,424.6
22870006752000,16,10,6,644.8
22870006753000,26,16,10,1092
22870006754000,32,13,19,1449.6
22870006755000,37,19,18,1783.4
22870006756000,14,8,6,638.4
22870006757000,6,2,4,244.8
22870006820000,2,1,1,0
22870006821000,9,4,5,648.9
22870006831000,26,13,13,1097.2
22870006832000,22,11,11,1152.8
22870006833000,2,1,1,0
22870006834000,37,26,11,1505.9
22870006882000,2,0,2,0
22870006909000,2,0,2,0
22870006918000,67,33,34,2559.4
22870006919000,24,12,12,876
22870006922000,2,1,1,0
22870006924000,2,2,0,0
22870006926000,30,14,16,1002
22870006927000,43,23,20,1818.9
22870006928000,32,17,15,1363.2
22870006929000,3,1,2,0
22870006930000,1,0,1,0
22870006987000,5,4,1,354
22870006988000,2,1,1,0
22870007020000,9,6,3,442.8
22870007028000,7,4,3,258.3
22870007029000,7,3,4,314.3
22870007031000,2,1,1,0
22870007039000,152,87,65,4651.2
22870007040000,672,342,330,23318.4
22870007055000,12,6,6,526.8
22870007056000,72,35,37,3362.4
22870007057000,62,31,31,2604
22870007058000,143,74,69,4747.6
22870007059000,76,38,38,3442.8
22870007060000,5,3,2,360
22870007069000,5,2,3,258
22870007070000,31,17,14,1329.9
22870007079000,5,3,2,264
22870007085000,7,3,4,331.8
22870007133000,24,14,10,1147.2
22870007134000,22,12,10,825
22870007153000,4,2,2,0
22880006558000,473,255,218,18399.7
22880006559000,248,130,118,9771.2
22880006560000,1,1,0,0
22880006561000,11,6,5,297
22880006562000,20,11,9,736
22880006565000,7,2,5,329.7
22880006566000,4,2,2,0
22880006567000,4,1,3,0
22880006568000,5,3,2,283
22880006569000,31,19,12,911.4
22880006570000,8,5,3,272.8
22880006577000,14,8,6,589.4
22880006579000,5,2,3,214
22880006584000,13,8,5,557.7
22880006585000,8,5,3,436
22880006586000,19,9,10,809.4
22880006587000,19,9,10,518.7
22880006588000,3,2,1,0
22880006589000,1,1,0,0
22880006590000,7,5,2,188.3
22880006592000,1,1,0,0
22880006593000,12,6,6,453.6
22880006594000,18,9,9,399.6
22880006595000,22,11,11,891
22880006596000,6,3,3,225
22880006597000,5,2,3,290
22880006598000,30,16,14,1179
22880006599000,23,13,10,855.6
22880006600000,24,12,12,931.2
22880006601000,22,13,9,750.2
22880006602000,26,15,11,1099.8
22880006603000,36,18,18,1522.8
22880006604000,9,4,5,347.4
22880006605000,8,4,4,432.8
22880006606000,21,12,9,873.6
22880006607000,22,11,11,1095.6
22880006608000,5,3,2,127
22880006609000,25,16,9,785
22880006610000,214,111,103,8260.4
22880006611000,145,78,67,5684
22880006612000,30,16,14,1029
22880006613000,4,2,2,0
22880006614000,6,5,1,291
22880006615000,3,2,1,0
22880006616000,4,2,2,0
22880006617000,10,4,6,472
22880006620000,2,1,1,0
22880006622000,4,1,3,0
22880006639000,22,15,7,816.2
22880006640000,43,18,25,1978
22880006641000,39,16,23,2020.2
22880006642000,48,24,24,1771.2
22880006643000,119,72,47,4474.4
22880006644000,172,91,81,6622
22880006648000,6,5,1,223.2
22880006649000,64,38,26,2931.2
22880006650000,101,53,48,3777.4
22880006651000,70,40,30,2723
22880006652000,20,11,9,850
22880006653000,171,92,79,6156
22880006654000,9,5,4,476.1
22880006655000,3,1,2,0
22880006656000,8,5,3,328
22880006657000,10,4,6,338
22880006658000,28,15,13,1428
22880006659000,45,22,23,2011.5
22880006660000,42,22,20,1402.8
22880006661000,10,6,4,332
22880006665000,7,3,4,338.1
22880006666000,16,9,7,737.6
22880006667000,26,12,14,1060.8
22880006668000,14,8,6,495.6
22880006669000,12,4,8,573.6
22880006670000,3,2,1,0
22880006672000,1466,725,741,44713
22880006673000,1370,672,698,52745
22880006674000,779,381,398,28044
22880006675000,2049,1015,1034,64133.7
22880006678000,2,1,1,0
22880006679000,4,3,1,0
22880006681000,3,2,1,0
22880006683000,5,4,1,256
22880006684000,143,87,56,5448.3
22880006685000,35,22,13,1414
22880006686000,77,44,33,3272.5
22880006687000,1350,673,677,45630
22880006688000,1044,520,524,42282
22880006689000,686,333,353,31556
22880006690000,53,29,24,2024.6
22880006691000,98,41,57,4527.6
22880006692000,46,26,20,1665.2
22880006693000,4,2,2,0
22880006694000,3,1,2,0
22880006695000,1,1,0,0
22880006710000,31,17,14,1047.8
22880006711000,242,121,121,10309.2
22880006712000,159,80,79,6185.1
22880006713000,17,8,9,725.9
22880006723000,2,1,1,0
22880006733000,16,8,8,787.2
22880006734000,20,10,10,932
22880006735000,17,8,9,652.8
22880006736000,9,4,5,268.2
22880006737000,33,14,19,1524.6
22880006738000,131,64,67,4323
22880006739000,45,21,24,1570.5
22880006740000,40,18,22,1516
22880006741000,7,4,3,203
22880006742000,38,19,19,1641.6
22880006743000,777,383,394,30769.2
22880006744000,1419,656,763,63287.4
22880006745000,488,224,264,20935.2
22880006746000,92,47,45,3238.4
22880006747000,80,40,40,3184
22880006748000,44,22,22,1861.2
22880006749000,38,24,14,1155.2
22880006750000,45,25,20,1575
22880006751000,7,4,3,286.3
22880006752000,26,15,11,1242.8
22880006753000,9,6,3,380.7
22880006754000,49,23,26,1832.6
22880006757000,4,2,2,0
22880006818000,6,3,3,151.8
22880006819000,6,3,3,327
22880006820000,17,8,9,802.4
22880006821000,17,13,4,792.2
22880006823000,1,0,1,0
22880006828000,3,2,1,0
22880006829000,9,5,4,511.2
22880006830000,43,21,22,2248.9
22880006831000,49,31,18,2464.7
22880006832000,52,29,23,2823.6
22880006833000,11,11,0,359.7
22880006834000,3,2,1,0
22880006835000,8,3,5,312
22880006879000,1,1,0,0
22880006920000,16,9,7,630.4
22880006924000,17,9,8,622.2
22880006925000,10,3,7,261
22880006926000,7,3,4,275.8
22880006927000,4,1,3,0
22880006930000,8,5,3,328.8
22880006931000,6,3,3,228
22880006988000,7,4,3,235.9
22880007028000,2,2,0,0
22880007031000,14,6,8,666.4
22880007032000,6,4,2,214.8
22880007033000,26,15,11,1375.4
22880007034000,35,20,15,1330
22880007035000,15,8,7,745.5
22880007038000,7,4,3,280
22880007039000,743,369,374,22215.7
22880007040000,525,271,254,15015
22880007049000,1,1,0,0
22880007056000,28,14,14,1290.8
22880007057000,50,23,27,2260
22880007058000,340,151,189,15504
22880007059000,42,24,18,2011.8
22880007060000,28,10,18,1139.6
22880007061000,9,4,5,317.7
22880007070000,3,2,1,0
22880007085000,11,4,7,386.1
22880007087000,1,1,0,0
22880007131000,19,11,8,822.7
22880007132000,26,18,8,936
22880007133000,2,1,1,0
22880007147000,3,2,1,0
22880007149000,2,1,1,0
22880007152000,8,4,4,263.2
22880007153000,19,10,9,1012.7
22890006558000,47,24,23,1626.2
22890006559000,61,29,32,2153.3
22890006560000,15,11,4,604.5
22890006561000,6,3,3,346.2
22890006562000,6,3,3,193.8
22890006563000,18,7,11,763.2
22890006564000,6,3,3,346.8
22890006566000,15,9,6,421.5
22890006567000,30,16,14,1350
22890006568000,10,5,5,355
22890006569000,8,3,5,299.2
22890006573000,6,3,3,130.8
22890006575000,9,5,4,464.4
22890006576000,6,4,2,262.2
22890006582000,7,2,5,347.2
22890006585000,4,3,1,0
22890006586000,18,8,10,631.8
22890006587000,7,4,3,312.2
22890006588000,18,12,6,811.8
22890006593000,13,6,7,438.1
22890006594000,17,11,6,656.2
22890006595000,21,11,10,642.6
22890006596000,14,5,9,505.4
22890006597000,14,9,5,582.4
22890006598000,23,11,12,837.2
22890006599000,8,5,3,388.8
22890006600000,11,6,5,454.3
22890006601000,20,10,10,706
22890006602000,16,8,8,905.6
22890006603000,13,6,7,391.3
22890006604000,26,13,13,826.8
22890006605000,16,10,6,774.4
22890006606000,17,12,5,598.4
22890006609000,12,4,8,402
22890006610000,151,69,82,6432.6
22890006611000,306,158,148,12056.4
22890006612000,22,13,9,926.2
22890006613000,18,9,9,718.2
22890006614000,5,3,2,195
22890006615000,2,1,1,0
22890006618000,22,14,8,677.6
22890006619000,1,1,0,0
22890006620000,6,2,4,342
22890006621000,14,8,6,390.6
22890006622000,19,6,13,693.5
22890006623000,25,18,7,955
22890006624000,17,11,6,630.7
22890006625000,11,4,7,486.2
22890006626000,7,3,4,249.2
22890006627000,5,3,2,116
22890006629000,5,3,2,127
22890006630000,9,3,6,365.4
22890006631000,11,7,4,391.6
22890006632000,12,9,3,496.8
22890006633000,14,8,6,638.4
22890006634000,18,10,8,761.4
22890006635000,13,9,4,466.7
22890006637000,2,1,1,0
22890006638000,14,8,6,473.2
22890006639000,16,9,7,652.8
22890006640000,62,37,25,2783.8
22890006641000,122,66,56,5002
22890006642000,20,11,9,876
22890006643000,248,122,126,9002.4
22890006644000,315,168,147,9544.5
22890006650000,8,5,3,284
22890006651000,15,8,7,711
22890006653000,19,9,10,951.9
22890006654000,87,43,44,3645.3
22890006655000,806,399,407,27887.6
22890006656000,177,81,96,5610.9
22890006657000,9,5,4,500.4
22890006658000,13,5,8,378.3
22890006659000,655,338,317,25152
22890006660000,110,59,51,4114
22890006661000,23,16,7,772.8
22890006662000,11,6,5,437.8
22890006663000,11,4,7,486.2
22890006664000,5,3,2,336
22890006665000,34,22,12,1285.2
22890006666000,14,7,7,582.4
22890006667000,133,81,52,5226.9
22890006668000,846,419,427,28848.6
22890006669000,26,15,11,1349.4
22890006671000,40,22,18,1544
22890006672000,1271,630,641,42070.1
22890006673000,316,168,148,12166
22890006674000,6,3,3,243
22890006675000,2,1,1,0
22890006676000,26,9,17,915.2
22890006677000,11,6,5,403.7
22890006678000,56,29,27,1937.6
22890006683000,21,9,12,919.8
22890006684000,500,261,239,16000
22890006685000,1132,603,529,36450.4
22890006686000,747,377,370,24352.2
22890006687000,1765,893,872,65658
22890006688000,552,264,288,23239.2
22890006689000,253,135,118,9386.3
22890006690000,222,126,96,8880
22890006691000,68,38,30,2856
22890006692000,80,48,32,2880
22890006693000,266,123,143,11358.2
22890006694000,200,94,106,6340
22890006695000,28,11,17,840
22890006696000,7,5,2,382.2
22890006697000,1,1,0,0
22890006701000,5,3,2,123
22890006702000,11,7,4,456.5
22890006703000,1,1,0,0
22890006709000,7,5,2,389.9
22890006710000,33,18,15,1164.9
22890006711000,12,7,5,450
22890006712000,6,2,4,243
22890006713000,83,44,39,3652
22890006714000,27,14,13,1055.7
22890006718000,8,6,2,260.8
22890006719000,7,5,2,259.7
22890006722000,4,1,3,0
22890006729000,3,2,1,0
22890006731000,8,4,4,400
22890006732000,7,3,4,380.1
22890006733000,20,12,8,904
22890006734000,13,7,6,490.1
22890006735000,21,12,9,850.5
22890006736000,95,45,50,3154
22890006737000,42,20,22,1932
22890006738000,22,14,8,1130.8
22890006739000,147,78,69,4733.4
22890006740000,212,91,121,7483.6
22890006741000,25,13,12,907.5
22890006742000,51,24,27,2136.9
22890006743000,1605,798,807,61953
22890006744000,288,144,144,12643.2
22890006745000,23,10,13,972.9
22890006746000,838,407,431,32430.6
22890006747000,1158,538,620,47709.6
22890006748000,60,37,23,2568
22890006749000,435,221,214,17139
22890006750000,152,83,69,6110.4
22890006751000,37,24,13,1339.4
22890006752000,23,12,11,834.9
22890006753000,11,6,5,474.1
22890006754000,54,28,26,2057.4
22890006755000,52,27,25,2017.6
22890006756000,6,3,3,270
22890006816000,18,9,9,941.4
22890006818000,7,2,5,270.9
22890006823000,2,0,2,0
22890006824000,46,32,14,1807.8
22890006825000,4,2,2,0
22890006826000,3,2,1,0
22890006827000,10,5,5,320
22890006828000,27,14,13,969.3
22890006829000,3,1,2,0
22890006830000,5,3,2,159
22890006831000,35,18,17,1603
22890006832000,210,113,97,8715
22890006833000,318,154,164,12974.4
22890006834000,60,32,28,2598
22890006835000,6,3,3,117
22890006876000,1,1,0,0
22890006917000,6,2,4,213
22890006922000,5,4,1,199
22890006923000,15,8,7,582
22890006924000,6,3,3,346.8
22890006926000,1,0,1,0
22890006927000,10,6,4,327
22890007028000,10,6,4,228
22890007030000,22,14,8,888.8
22890007032000,65,33,32,2561
22890007033000,1,1,0,0
22890007034000,2,0,2,0
22890007035000,14,8,6,551.6
22890007036000,78,39,39,3120
22890007037000,107,53,54,3691.5
22890007038000,259,131,128,9893.8
22890007039000,476,247,229,16326.8
22890007040000,9,7,2,313.2
22890007047000,8,5,3,360
22890007048000,36,21,15,1414.8
22890007049000,21,12,9,751.8
22890007050000,44,20,24,1456.4
22890007051000,18,6,12,428.4
22890007055000,11,5,6,502.7
22890007056000,62,30,32,1990.2
22890007057000,84,49,35,3351.6
22890007058000,117,59,58,4761.9
22890007059000,45,19,26,1570.5
22890007060000,2,1,1,0
22890007061000,25,11,14,1150
22890007062000,16,8,8,707.2
22890007070000,15,9,6,565.5
22890007071000,8,4,4,339.2
22890007072000,1,1,0,0
22890007080000,4,2,2,0
22890007086000,5,3,2,269
22890007130000,22,11,11,932.8
22890007131000,1,1,0,0
22890007147000,3,1,2,0
22900006559000,23,15,8,943
22900006560000,48,28,20,1915.2
22900006561000,48,29,19,1843.2
22900006562000,8,4,4,364
22900006563000,3,2,1,0
22900006564000,16,9,7,644.8
22900006565000,29,14,15,1160
22900006566000,27,16,11,1139.4
22900006567000,37,16,21,1494.8
22900006568000,11,5,6,458.7
22900006569000,3,1,2,0
22900006570000,3,2,1,0
22900006572000,1,1,0,0
22900006575000,5,3,2,167
22900006581000,8,4,4,290.4
22900006584000,1,0,1,0
22900006585000,10,7,3,374
22900006586000,12,7,5,399.6
22900006587000,24,12,12,902.4
22900006588000,40,22,18,1424
22900006589000,13,7,6,673.4
22900006590000,4,3,1,0
22900006592000,6,4,2,223.2
22900006593000,58,31,27,2140.2
22900006594000,18,10,8,828
22900006595000,19,11,8,841.7
22900006596000,8,5,3,412
22900006597000,6,5,1,253.8
22900006598000,18,10,8,779.4
22900006599000,6,2,4,273
22900006600000,10,6,4,501
22900006601000,4,3,1,0
22900006602000,69,28,41,2697.9
22900006603000,103,50,53,3677.1
22900006604000,16,9,7,774.4
22900006605000,44,24,20,1416.8
22900006606000,59,35,24,2301
22900006607000,2,1,1,0
22900006608000,16,8,8,518.4
22900006609000,108,31,77,8370
22900006610000,1,0,1,0
22900006611000,12,7,5,436.8
22900006612000,7,4,3,268.8
22900006613000,7,3,4,335.3
22900006614000,8,5,3,292
22900006615000,26,16,10,917.8
22900006616000,10,5,5,408
22900006617000,23,14,9,915.4
22900006618000,17,8,9,652.8
22900006619000,26,13,13,923
22900006620000,16,8,8,572.8
22900006621000,7,4,3,212.8
22900006622000,26,14,12,863.2
22900006623000,13,8,5,562.9
22900006624000,18,10,8,500.4
22900006625000,18,10,8,511.2
22900006626000,12,6,6,507.6
22900006627000,7,3,4,350.7
22900006628000,27,14,13,1063.8
22900006629000,12,8,4,393.6
22900006630000,6,4,2,340.2
22900006631000,26,16,10,1157
22900006632000,35,12,23,1389.5
22900006633000,45,27,18,1908
22900006634000,71,40,31,2982
22900006635000,24,12,12,960
22900006637000,2,1,1,0
22900006638000,2,1,1,0
22900006639000,20,10,10,694
22900006640000,10,4,6,546
22900006641000,13,7,6,660.4
22900006642000,28,17,11,1024.8
22900006643000,81,44,37,3013.2
22900006644000,11,7,4,412.5
22900006653000,366,176,190,11163
22900006654000,1398,683,715,52844.4
22900006655000,1430,678,752,62348
22900006656000,156,72,84,6099.6
22900006657000,46,25,21,1807.8
22900006658000,52,26,26,2132
22900006659000,274,148,126,11398.4
22900006660000,39,21,18,1770.6
22900006661000,16,7,9,816
22900006663000,38,23,15,1782.2
22900006666000,5,1,4,231
22900006667000,26,16,10,1019.2
22900006668000,17,10,7,1052.3
22900006669000,6,3,3,391.2
22900006670000,16,9,7,632
22900006671000,23,11,12,786.6
22900006672000,1277,629,648,39842.4
22900006673000,394,203,191,13987
22900006674000,7,4,3,147
22900006676000,38,18,20,1535.2
22900006677000,88,47,41,3845.6
22900006681000,7,4,3,217.7
22900006682000,2,1,1,0
22900006683000,20,10,10,892
22900006684000,575,272,303,17997.5
22900006685000,780,399,381,28002
22900006686000,102,55,47,3794.4
22900006687000,47,24,23,1781.3
22900006688000,15,7,8,703.5
22900006689000,36,18,18,1756.8
22900006690000,61,28,33,2220.4
22900006691000,25,17,8,1170
22900006692000,36,17,19,1710
22900006693000,487,240,247,19967
22900006694000,361,177,184,11913
22900006695000,47,21,26,1851.8
22900006696000,20,10,10,692
22900006697000,23,10,13,936.1
22900006698000,37,20,17,1650.2
22900006699000,15,9,6,708
22900006700000,260,130,130,10348
22900006701000,104,54,50,4409.6
22900006702000,79,44,35,3318
22900006703000,43,24,19,1999.5
22900006705000,1,1,0,0
22900006706000,27,14,13,1082.7
22900006707000,19,10,9,860.7
22900006708000,27,15,12,1131.3
22900006709000,9,7,2,420.3
22900006714000,28,14,14,1481.2
22900006715000,23,12,11,1184.5
22900006716000,6,4,2,355.2
22900006717000,36,14,22,1807.2
22900006718000,16,8,8,500.8
22900006719000,36,19,17,1677.6
22900006720000,4,2,2,0
22900006726000,1,1,0,0
22900006732000,2,0,2,0
22900006733000,19,11,8,784.7
22900006734000,18,8,10,675
22900006735000,72,42,30,2613.6
22900006736000,26,14,12,1071.2
22900006737000,19,10,9,710.6
22900006738000,18,9,9,774
22900006739000,8,5,3,271.2
22900006740000,9,4,5,295.2
22900006741000,64,37,27,2649.6
22900006742000,292,157,135,10512
22900006743000,191,96,95,6494
22900006744000,104,59,45,3723.2
22900006745000,581,307,274,21555.1
22900006746000,314,169,145,13439.2
22900006747000,237,124,113,8840.1
22900006748000,247,112,135,12374.7
22900006749000,221,99,122,8817.9
22900006750000,63,31,32,2620.8
22900006751000,6,3,3,291
22900006752000,29,15,14,1322.4
22900006753000,27,12,15,1112.4
22900006754000,9,2,7,440.1
22900006755000,72,38,34,2541.6
22900006815000,9,5,4,613.8
22900006816000,48,28,20,1478.4
22900006817000,1,0,1,0
22900006818000,1,1,0,0
22900006824000,11,5,6,500.5
22900006825000,7,3,4,189
22900006826000,6,3,3,367.2
22900006827000,1,1,0,0
22900006828000,3,2,1,0
22900006829000,10,5,5,225
22900006830000,17,9,8,836.4
22900006831000,11,6,5,337.7
22900006832000,412,199,213,18045.6
22900006833000,216,96,120,11793.6
22900006835000,9,5,4,271.8
22900006905000,1,0,1,0
22900006921000,6,2,4,205.8
22900006922000,9,5,4,385.2
22900006923000,11,4,7,544.5
22900006926000,15,6,9,631.5
22900006927000,7,6,1,261.1
22900006988000,15,8,7,628.5
22900006989000,8,5,3,280.8
22900007022000,3,1,2,0
22900007028000,15,7,8,613.5
22900007029000,77,40,37,3287.9
22900007032000,2,1,1,0
22900007036000,9,5,4,277.2
22900007037000,584,296,288,24294.4
22900007038000,796,385,411,35103.6
22900007039000,327,163,164,11706.6
22900007040000,16,6,10,913.6
22900007045000,9,5,4,530.1
22900007046000,55,30,25,2315.5
22900007047000,55,27,28,2128.5
22900007048000,58,28,30,1861.8
22900007049000,42,22,20,1558.2
22900007050000,50,22,28,2055
22900007051000,18,10,8,837
22900007052000,14,8,6,721
22900007056000,8,4,4,298.4
22900007057000,115,53,62,3783.5
22900007058000,32,16,16,1161.6
22900007059000,6,3,3,397.8
22900007060000,5,4,1,125
22900007061000,17,6,11,792.2
22900007062000,27,16,11,858.6
22900007071000,10,3,7,444
22900007072000,2,1,1,0
22900007130000,15,9,6,1000.5
22900007131000,7,4,3,359.8
22900007150000,3,2,1,0
22900007151000,4,2,2,0
22900007152000,1,1,0,0
22910006558000,123,65,58,5953.2
22910006559000,396,200,196,15879.6
22910006560000,1181,582,599,47830.5
22910006561000,213,105,108,9350.7
22910006562000,2,1,1,0
22910006563000,16,8,8,489.6
22910006564000,8,4,4,394.4
22910006565000,9,6,3,291.6
22910006566000,16,9,7,614.4
22910006567000,11,7,4,485.1
22910006568000,4,2,2,0
22910006570000,9,5,4,362.7
22910006571000,9,4,5,389.7
22910006572000,5,3,2,165
22910006573000,5,3,2,174
22910006574000,2,1,1,0
22910006575000,4,3,1,0
22910006576000,12,5,7,506.4
22910006583000,4,2,2,0
22910006584000,1,1,0,0
22910006585000,7,4,3,340.2
22910006587000,6,1,5,102
22910006589000,9,5,4,369
22910006590000,21,10,11,871.5
22910006591000,12,3,9,307.2
22910006592000,28,14,14,949.2
22910006593000,220,115,105,7370
22910006594000,824,400,424,32465.6
22910006595000,327,156,171,13439.7
22910006596000,25,13,12,985
22910006597000,25,15,10,940
22910006598000,17,11,6,741.2
22910006599000,6,3,3,190.8
22910006600000,4,3,1,0
22910006601000,27,14,13,1279.8
22910006602000,98,50,48,2753.8
22910006603000,14,2,12,343
22910006604000,1,0,1,0
22910006605000,39,17,22,1653.6
22910006606000,433,212,221,17406.6
22910006607000,156,83,73,5616
22910006608000,134,72,62,6003.2
22910006609000,93,52,41,3366.6
22910006611000,2,2,0,0
22910006612000,19,12,7,809.4
22910006613000,16,8,8,713.6
22910006614000,22,14,8,1053.8
22910006615000,27,13,14,826.2
22910006616000,15,9,6,691.5
22910006617000,64,35,29,2630.4
22910006618000,20,11,9,958
22910006619000,20,11,9,782
22910006620000,44,22,22,1790.8
22910006621000,43,24,19,1526.5
22910006622000,7,4,3,310.8
22910006623000,320,160,160,13984
22910006624000,380,191,189,16112
22910006625000,51,29,22,2091
22910006626000,40,18,22,1660
22910006627000,23,15,8,1124.7
22910006628000,59,35,24,2495.7
22910006629000,9,4,5,307.8
22910006630000,63,30,33,2551.5
22910006631000,3,2,1,0
22910006632000,10,4,6,421
22910006633000,6,3,3,204
22910006636000,2,1,1,0
22910006637000,2,1,1,0
22910006642000,28,12,16,1268.4
22910006643000,13,6,7,523.9
22910006654000,91,48,43,3658.2
22910006655000,267,138,129,11934.9
22910006656000,255,134,121,9766.5
22910006657000,14,7,7,792.4
22910006658000,6,2,4,196.8
22910006659000,2,2,0,0
22910006660000,16,8,8,611.2
22910006661000,10,4,6,323
22910006663000,17,8,9,651.1
22910006664000,37,24,13,1302.4
22910006666000,7,4,3,275.8
22910006667000,88,45,43,3194.4
22910006668000,10,5,5,395
22910006669000,12,7,5,567.6
22910006670000,30,12,18,1056
22910006671000,18,9,9,914.4
22910006672000,25,10,15,1020
22910006673000,266,132,134,8884.4
22910006674000,13,7,6,702
22910006677000,22,12,10,880
22910006678000,12,8,4,460.8
22910006682000,20,11,9,1032
22910006684000,6,3,3,232.2
22910006685000,30,19,11,906
22910006686000,20,11,9,520
22910006687000,91,46,45,3676.4
22910006688000,9,6,3,426.6
22910006689000,26,16,10,1068.6
22910006690000,7,4,3,230.3
22910006691000,2,1,1,0
22910006692000,35,18,17,1498
22910006693000,207,95,112,9708.3
22910006694000,202,108,94,7635.6
22910006695000,43,22,21,1616.8
22910006696000,20,8,12,1094
22910006697000,68,29,39,2624.8
22910006698000,39,18,21,1579.5
22910006699000,20,10,10,656
22910006700000,20,9,11,768
22910006701000,153,88,65,5737.5
22910006717000,2,1,1,0
22910006718000,5,2,3,193
22910006719000,10,4,6,430
22910006725000,8,4,4,287.2
22910006727000,8,5,3,452
22910006728000,8,5,3,504.8
22910006729000,15,7,8,625.5
22910006730000,6,2,4,406.8
22910006731000,5,3,2,235
22910006733000,2,2,0,0
22910006734000,24,12,12,988.8
22910006735000,71,40,31,2932.3
22910006736000,177,88,89,7416.3
22910006737000,614,249,365,34629.6
22910006738000,30,17,13,1098
22910006739000,49,27,22,1504.3
22910006740000,57,29,28,2690.4
22910006741000,39,22,17,1524.9
22910006742000,11,6,5,416.9
22910006743000,82,42,40,3329.2
22910006744000,27,14,13,1007.1
22910006745000,12,7,5,462
22910006746000,128,72,56,5030.4
22910006747000,143,74,69,5348.2
22910006748000,127,75,52,5245.1
22910006749000,33,17,16,1254
22910006750000,40,21,19,1792
22910006751000,22,12,10,1304.6
22910006752000,33,15,18,1659.9
22910006753000,23,12,11,1030.4
22910006754000,37,22,15,1394.9
22910006755000,40,21,19,1572
22910006814000,1,1,0,0
22910006815000,6,3,3,355.8
22910006816000,11,4,7,523.6
22910006828000,4,3,1,0
22910006832000,16,9,7,569.6
22910006873000,8,4,4,396.8
22910006900000,6,5,1,184.8
22910006901000,20,11,9,770
22910006902000,9,5,4,311.4
22910006923000,11,5,6,448.8
22910006924000,6,4,2,259.8
22910006926000,12,6,6,592.8
22910006927000,23,13,10,913.1
22910006988000,2,0,2,0
22910006989000,9,6,3,477
22910007029000,9,4,5,480.6
22910007030000,4,2,2,0
22910007038000,186,89,97,6472.8
22910007039000,459,223,236,17166.6
22910007040000,144,72,72,5068.8
22910007045000,6,3,3,244.8
22910007046000,17,9,8,741.2
22910007047000,36,20,16,1458
22910007048000,35,17,18,1340.5
22910007049000,431,216,215,15214.3
22910007050000,32,18,14,1206.4
22910007051000,18,8,10,730.8
22910007052000,26,14,12,826.8
22910007057000,110,53,57,4334
22910007058000,1,0,1,0
22910007059000,19,10,9,921.5
22910007060000,6,5,1,244.8
22910007061000,40,24,16,1340
22910007062000,41,21,20,1783.5
22910007063000,3,2,1,0
22910007071000,15,7,8,454.5
22910007072000,1,1,0,0
22910007081000,8,6,2,276.8
22910007086000,2,2,0,0
22910007102000,2,2,0,0
22910007151000,1,0,1,0
22920006557000,50,31,19,2105
22920006558000,117,49,68,7616.7
22920006559000,2073,1014,1059,87273.3
22920006560000,2487,1165,1322,110422.8
22920006561000,689,336,353,26871
22920006562000,900,454,446,27270
22920006563000,21,12,9,1215.9
22920006564000,20,9,11,826
22920006565000,18,7,11,644.4
22920006566000,8,5,3,248.8
22920006573000,4,2,2,0
22920006574000,5,2,3,165
22920006578000,3,2,1,0
22920006579000,1,1,0,0
22920006584000,5,3,2,221
22920006585000,17,8,9,532.1
22920006586000,9,4,5,255.6
22920006589000,1,1,0,0
22920006590000,21,10,11,672
22920006591000,133,69,64,5665.8
22920006592000,391,191,200,17243.1
22920006593000,1124,507,617,56874.4
22920006594000,254,119,135,10134.6
22920006595000,22,12,10,710.6
22920006596000,12,7,5,562.8
22920006597000,13,7,6,656.5
22920006598000,57,29,28,2086.2
22920006599000,9,6,3,453.6
22920006600000,9,6,3,309.6
22920006601000,5,3,2,177
22920006602000,15,8,7,745.5
22920006603000,7,5,2,342.3
22920006604000,1,1,0,0
22920006605000,12,8,4,531.6
22920006606000,176,92,84,6916.8
22920006607000,1615,770,845,72675
22920006608000,1267,619,648,45738.7
22920006609000,449,216,233,18274.3
22920006610000,16,8,8,731.2
22920006611000,9,4,5,254.7
22920006612000,12,7,5,318
22920006613000,24,13,11,1084.8
22920006614000,50,23,27,1975
22920006615000,49,28,21,1695.4
22920006616000,507,243,264,22409.4
22920006617000,723,331,392,36077.7
22920006618000,17,10,7,625.6
22920006619000,26,14,12,1073.8
22920006620000,21,9,12,648.9
22920006621000,25,17,8,722.5
22920006622000,15,7,8,639
22920006623000,27,14,13,828.9
22920006624000,102,53,49,3845.4
22920006625000,19,10,9,799.9
22920006630000,4,3,1,0
22920006642000,25,15,10,1035
22920006643000,7,4,3,294
22920006649000,6,4,2,358.8
22920006654000,36,20,16,1425.6
22920006655000,64,38,26,2310.4
22920006656000,5,2,3,205
22920006658000,38,25,13,1444
22920006659000,6,2,4,315
22920006661000,14,6,8,477.4
22920006662000,13,8,5,652.6
22920006664000,16,8,8,606.4
22920006665000,35,17,18,1564.5
22920006666000,14,6,8,883.4
22920006667000,7,4,3,398.3
22920006668000,29,16,13,1261.5
22920006669000,4,2,2,0
22920006670000,2,1,1,0
22920006671000,30,18,12,1005
22920006672000,1,0,1,0
22920006673000,291,156,135,10330.5
22920006674000,37,23,14,1820.4
22920006675000,48,24,24,1857.6
22920006676000,145,79,66,5626
22920006677000,271,133,138,9810.2
22920006678000,490,244,246,17934
22920006679000,16,8,8,632
22920006680000,14,11,3,561.4
22920006681000,17,11,6,724.2
22920006682000,6,3,3,184.2
22920006686000,3,1,2,0
22920006687000,13,8,5,618.8
22920006688000,35,17,18,1410.5
22920006689000,102,54,48,4171.8
22920006690000,37,20,17,1261.7
22920006691000,57,30,27,2331.3
22920006692000,26,16,10,943.8
22920006693000,239,121,118,9010.3
22920006694000,77,45,32,2926
22920006695000,13,6,7,683.8
22920006696000,13,7,6,617.5
22920006697000,34,17,17,1543.6
22920006698000,12,7,5,501.6
22920006699000,79,44,35,3041.5
22920006700000,87,38,49,3619.2
22920006701000,48,25,23,1612.8
22920006702000,36,16,20,1220.4
22920006704000,2,1,1,0
22920006724000,10,5,5,268
22920006725000,1,1,0,0
22920006726000,20,9,11,742
22920006727000,10,5,5,534
22920006728000,11,6,5,486.2
22920006729000,3,0,3,0
22920006730000,21,12,9,894.6
22920006731000,20,11,9,872
22920006732000,7,4,3,445.2
22920006733000,55,28,27,2409
22920006734000,30,19,11,1032
22920006735000,33,19,14,1442.1
22920006736000,764,388,376,29948.8
22920006737000,839,417,422,36328.7
22920006738000,160,77,83,7360
22920006739000,57,26,31,2205.9
22920006740000,34,10,24,975.8
22920006741000,17,8,9,669.8
22920006742000,7,5,2,319.9
22920006743000,25,14,11,1075
22920006744000,31,19,12,1348.5
22920006745000,21,13,8,846.3
22920006746000,24,13,11,890.4
22920006747000,117,59,58,4890.6
22920006748000,211,99,112,9009.7
22920006749000,58,34,24,2221.4
22920006750000,22,11,11,1012
22920006751000,42,20,22,1953
22920006752000,58,29,29,2099.6
22920006753000,3,1,2,0
22920006754000,2,1,1,0
22920006755000,193,102,91,6465.5
22920006814000,3,2,1,0
22920006815000,13,7,6,395.2
22920006831000,1,1,0,0
22920006832000,2,1,1,0
22920006871000,2,1,1,0
22920006872000,19,10,9,765.7
22920006873000,8,5,3,350.4
22920006899000,2,2,0,0
22920006900000,25,13,12,957.5
22920006901000,24,11,13,1046.4
22920006902000,4,1,3,0
22920006924000,7,4,3,217
22920006925000,43,22,21,1732.9
22920006926000,64,33,31,2656
22920006927000,48,25,23,2049.6
22920006928000,9,6,3,260.1
22920006989000,8,3,5,435.2
22920007007000,1,0,1,0
22920007029000,20,10,10,734
22920007040000,335,168,167,10653
22920007044000,10,5,5,355
22920007045000,18,10,8,673.2
22920007046000,21,7,14,680.4
22920007047000,38,19,19,1679.6
22920007048000,77,43,34,2918.3
22920007049000,475,218,257,17527.5
22920007051000,92,49,43,2953.2
22920007052000,25,13,12,1240
22920007057000,35,18,17,1858.5
22920007058000,13,8,5,525.2
22920007059000,22,13,9,809.6
22920007060000,19,9,10,891.1
22920007061000,42,19,23,1755.6
22920007062000,44,22,22,1650
22920007081000,6,2,4,163.8
22930006553000,2,1,1,0
22930006554000,33,17,16,1346.4
22930006555000,80,36,44,3232
22930006556000,208,109,99,7155.2
22930006557000,368,196,172,14462.4
22930006558000,1391,701,690,57726.5
22930006559000,2518,1241,1277,113310
22930006560000,1970,990,980,76042
22930006561000,1832,913,919,73829.6
22930006562000,390,196,194,13455
22930006564000,12,6,6,645.6
22930006565000,30,16,14,1209
22930006566000,25,14,11,1017.5
22930006571000,6,4,2,355.8
22930006573000,4,2,2,0
22930006581000,3,2,1,0
22930006582000,1,0,1,0
22930006583000,7,4,3,245
22930006584000,5,2,3,69
22930006585000,7,4,3,371
22930006586000,8,3,5,224
22930006588000,3,2,1,0
22930006589000,10,6,4,413
22930006590000,8,3,5,396
22930006591000,212,97,115,9094.8
22930006592000,822,419,403,34277.4
22930006593000,102,69,33,3366
22930006594000,5,2,3,112
22930006595000,30,15,15,1089
22930006596000,12,7,5,522
22930006597000,6,3,3,238.2
22930006598000,9,4,5,318.6
22930006599000,6,1,5,244.2
22930006600000,12,6,6,562.8
22930006601000,15,7,8,603
22930006602000,138,68,70,5147.4
22930006603000,231,119,112,7091.7
22930006604000,37,20,17,1369
22930006605000,22,12,10,1075.8
22930006606000,392,192,200,17953.6
22930006607000,1221,595,626,52869.3
22930006608000,225,107,118,9855
22930006609000,214,112,102,7918
22930006610000,21,16,5,814.8
22930006611000,17,11,6,698.7
22930006612000,5,1,4,157
22930006614000,17,8,9,695.3
22930006615000,2,1,1,0
22930006616000,181,83,98,6389.3
22930006617000,545,283,262,20601
22930006618000,7,5,2,282.8
22930006619000,24,13,11,770.4
22930006620000,6,3,3,358.2
22930006621000,23,12,11,685.4
22930006622000,1,1,0,0
22930006623000,8,4,4,344.8
22930006624000,19,9,10,864.5
22930006625000,27,14,13,1007.1
22930006626000,16,7,9,691.2
22930006627000,4,2,2,0
22930006630000,4,2,2,0
22930006641000,9,5,4,423
22930006650000,3,1,2,0
22930006651000,9,5,4,529.2
22930006654000,9,6,3,279.9
22930006655000,47,21,26,2044.5
22930006656000,106,55,51,4303.6
22930006657000,229,112,117,9961.5
22930006658000,52,29,23,1835.6
22930006659000,32,15,17,1270.4
22930006661000,1,1,0,0
22930006662000,34,15,19,1196.8
22930006665000,2,1,1,0
22930006666000,1,1,0,0
22930006667000,38,24,14,1520
22930006668000,2,1,1,0
22930006669000,26,11,15,1019.2
22930006670000,2,1,1,0
22930006671000,73,44,29,2263
22930006672000,22,13,9,1038.4
22930006673000,13,7,6,555.1
22930006674000,17,13,4,567.8
22930006675000,17,11,6,588.2
22930006676000,13,7,6,522.6
22930006677000,46,21,25,1605.4
22930006678000,209,111,98,7649.4
22930006679000,39,23,16,1583.4
22930006688000,21,11,10,669.9
22930006691000,54,30,24,2127.6
22930006692000,253,132,121,8602
22930006693000,486,237,249,23376.6
22930006694000,663,292,371,33481.5
22930006695000,89,42,47,3479.9
22930006696000,9,5,4,282.6
22930006697000,2,1,1,0
22930006698000,16,8,8,779.2
22930006699000,13,7,6,624
22930006700000,10,6,4,434
22930006701000,37,21,16,1335.7
22930006702000,356,169,187,14560.4
22930006703000,21,12,9,825.3
22930006704000,38,16,22,1558
22930006706000,18,10,8,842.4
22930006708000,7,2,5,370.3
22930006709000,28,16,12,1050
22930006710000,31,15,16,1311.3
22930006711000,1,0,1,0
22930006712000,4,2,2,0
22930006713000,6,3,3,252
22930006714000,12,7,5,441.6
22930006723000,4,1,3,0
22930006724000,3,1,2,0
22930006726000,22,10,12,979
22930006727000,42,23,19,2125.2
22930006728000,40,14,26,1308
22930006729000,10,7,3,479
22930006730000,15,8,7,658.5
22930006731000,15,9,6,415.5
22930006732000,17,10,7,681.7
22930006733000,7,4,3,167.3
22930006734000,71,38,33,2627
22930006735000,21,10,11,882
22930006736000,356,180,176,12602.4
22930006737000,109,55,54,4392.7
22930006738000,30,15,15,1380
22930006739000,8,5,3,276.8
22930006740000,21,9,12,892.5
22930006741000,15,6,9,481.5
22930006742000,53,26,27,2008.7
22930006743000,13,6,7,487.5
22930006744000,96,56,40,2841.6
22930006745000,24,12,12,832.8
22930006746000,27,18,9,963.9
22930006747000,19,10,9,904.4
22930006748000,71,35,36,2776.1
22930006749000,53,28,25,1870.9
22930006750000,26,12,14,933.4
22930006751000,365,184,181,14490.5
22930006752000,204,102,102,6976.8
22930006753000,5,3,2,101
22930006754000,9,3,6,448.2
22930006755000,24,12,12,1173.6
22930006756000,57,38,19,2342.7
22930006813000,4,2,2,0
22930006814000,7,4,3,447.3
22930006815000,2,1,1,0
22930006831000,4,2,2,0
22930006866000,6,4,2,283.2
22930006867000,62,29,33,2876.8
22930006868000,123,57,66,6285.3
22930006869000,19,13,6,915.8
22930006870000,5,3,2,345
22930006871000,13,7,6,578.5
22930006872000,41,22,19,1808.1
22930006873000,10,5,5,432
22930006888000,1,1,0,0
22930006889000,4,2,2,0
22930006890000,1,0,1,0
22930006891000,16,10,6,689.6
22930006892000,34,13,21,1513
22930006924000,8,4,4,260
22930006925000,123,63,60,5707.2
22930006926000,349,183,166,14309
22930006927000,21,9,12,903
22930006935000,6,3,3,148.8
22930006990000,6,3,3,213
22930007020000,6,4,2,232.2
22930007029000,12,7,5,444
22930007030000,40,19,21,1772
22930007044000,1,1,0,0
22930007045000,58,35,23,2378
22930007046000,50,31,19,1600
22930007047000,31,11,20,1119.1
22930007048000,57,27,30,2331.3
22930007049000,116,58,58,3932.4
22930007050000,77,36,41,3133.9
22930007051000,80,43,37,2720
22930007052000,21,12,9,1039.5
22930007058000,26,11,15,956.8
22930007059000,22,12,10,1062.6
22930007060000,14,9,5,448
22930007061000,1,0,1,0
22930007062000,63,32,31,2368.8
22930007063000,16,8,8,660.8
22930007072000,2,2,0,0
22930007086000,6,5,1,213
22930007089000,6,2,4,400.8
22930007154000,1,1,0,0
22930007156000,40,21,19,2360
22930007157000,3,1,2,0
22940006550000,5,4,1,289
22940006552000,20,7,13,836
22940006553000,169,90,79,6371.3
22940006554000,16,10,6,651.2
22940006555000,20,7,13,1058
22940006556000,14,6,8,596.4
22940006557000,348,170,178,14964
22940006558000,426,213,213,16060.2
22940006559000,206,105,101,9208.2
22940006560000,1255,648,607,49196
22940006561000,876,417,459,36441.6
22940006562000,6,3,3,171
22940006563000,2,2,0,0
22940006566000,3,2,1,0
22940006573000,2,1,1,0
22940006577000,2,1,1,0
22940006579000,13,8,5,508.3
22940006580000,13,9,4,477.1
22940006581000,13,4,9,426.4
22940006582000,13,5,8,620.1
22940006583000,21,9,12,777
22940006584000,9,5,4,306
22940006585000,56,31,25,2083.2
22940006586000,38,23,15,1337.6
22940006587000,11,5,6,346.5
22940006588000,19,13,6,868.3
22940006589000,15,8,7,442.5
22940006590000,8,6,2,300.8
22940006591000,37,19,18,1461.5
22940006592000,278,140,138,8979.4
22940006593000,4,1,3,0
22940006594000,25,11,14,1042.5
22940006595000,23,14,9,848.7
22940006596000,28,17,11,1022
22940006597000,21,11,10,1050
22940006598000,32,17,15,908.8
22940006599000,39,22,17,1618.5
22940006600000,32,14,18,1305.6
22940006601000,69,29,40,2249.4
22940006602000,189,99,90,6029.1
22940006603000,11,5,6,466.4
22940006604000,2,2,0,0
22940006605000,5,2,3,139
22940006606000,71,35,36,2761.9
22940006607000,116,73,43,4141.2
22940006608000,34,17,17,1550.4
22940006609000,9,4,5,173.7
22940006610000,17,10,7,564.4
22940006611000,4,3,1,0
22940006613000,2,1,1,0
22940006614000,10,5,5,600
22940006616000,15,8,7,490.5
22940006617000,14,9,5,376.6
22940006618000,8,3,5,199.2
22940006619000,9,4,5,224.1
22940006620000,15,10,5,559.5
22940006621000,1,1,0,0
22940006625000,4,3,1,0
22940006627000,6,3,3,312
22940006632000,2,1,1,0
22940006641000,4,1,3,0
22940006651000,11,5,6,478.5
22940006652000,27,13,14,780.3
22940006653000,40,20,20,1848
22940006654000,61,28,33,2653.5
22940006655000,19,6,13,763.8
22940006656000,58,28,30,2169.2
22940006657000,195,113,82,7858.5
22940006658000,40,21,19,1764
22940006659000,3,2,1,0
22940006660000,14,8,6,656.6
22940006661000,31,17,14,1162.5
22940006662000,7,3,4,301.7
22940006664000,14,9,5,634.2
22940006665000,2,1,1,0
22940006668000,2,1,1,0
22940006669000,30,15,15,1467
22940006670000,13,4,9,621.4
22940006671000,19,11,8,723.9
22940006672000,1,1,0,0
22940006673000,32,15,17,1164.8
22940006675000,13,8,5,724.1
22940006676000,9,6,3,348.3
22940006677000,5,3,2,279
22940006678000,31,14,17,1271
22940006679000,23,9,14,740.6
22940006685000,9,4,5,441.9
22940006687000,16,8,8,672
22940006688000,3,2,1,0
22940006689000,28,17,11,1106
22940006690000,18,11,7,802.8
22940006691000,18,7,11,792
22940006692000,86,40,46,4067.8
22940006693000,591,262,329,21394.2
22940006694000,198,103,95,8969.4
22940006695000,39,20,19,1185.6
22940006696000,32,16,16,1244.8
22940006697000,98,52,46,3449.6
22940006698000,94,46,48,4089
22940006699000,89,50,39,3230.7
22940006700000,59,30,29,2572.4
22940006701000,9,7,2,203.4
22940006702000,4,2,2,0
22940006703000,11,7,4,279.4
22940006704000,8,3,5,202.4
22940006705000,4,3,1,0
22940006706000,5,2,3,79
22940006709000,3,1,2,0
22940006713000,63,37,26,2331
22940006714000,28,16,12,1374.8
22940006717000,11,8,3,367.4
22940006718000,31,18,13,1190.4
22940006719000,64,34,30,2668.8
22940006720000,10,6,4,542
22940006722000,2,1,1,0
22940006723000,9,5,4,322.2
22940006724000,13,8,5,582.4
22940006725000,22,11,11,1067
22940006726000,27,11,16,1015.2
22940006727000,83,41,42,3635.4
22940006728000,11,4,7,499.4
22940006729000,6,4,2,246
22940006730000,1,0,1,0
22940006731000,7,3,4,189
22940006733000,4,1,3,0
22940006734000,10,5,5,521
22940006735000,6,3,3,310.2
22940006736000,30,15,15,1371
22940006737000,18,11,7,680.4
22940006738000,67,35,32,2773.8
22940006739000,21,9,12,892.5
22940006740000,21,14,7,764.4
22940006741000,45,23,22,1426.5
22940006742000,5,2,3,228
22940006743000,604,315,289,23374.8
22940006744000,60,32,28,2112
22940006745000,7,3,4,256.9
22940006746000,22,11,11,1161.6
22940006747000,15,6,9,858
22940006748000,23,15,8,993.6
22940006749000,58,31,27,2488.2
22940006750000,34,17,17,1421.2
22940006751000,43,22,21,2111.3
22940006752000,110,57,53,4059
22940006753000,106,58,48,3635.8
22940006754000,45,23,22,1899
22940006755000,8,2,6,252
22940006756000,2,1,1,0
22940006757000,4,2,2,0
22940006811000,4,3,1,0
22940006812000,5,3,2,292
22940006813000,15,9,6,733.5
22940006814000,2,1,1,0
22940006864000,2,1,1,0
22940006865000,17,8,9,766.7
22940006866000,24,13,11,1209.6
22940006867000,36,21,15,1774.8
22940006868000,7,3,4,384.3
22940006869000,31,16,15,1398.1
22940006870000,23,12,11,779.7
22940006884000,4,2,2,0
22940006926000,93,46,47,3933.9
22940006927000,16,8,8,796.8
22940006936000,2,2,0,0
22940007016000,1,1,0,0
22940007020000,29,16,13,1365.9
22940007029000,3,2,1,0
22940007038000,2,1,1,0
22940007039000,3,1,2,0
22940007040000,10,6,4,501
22940007041000,72,39,33,3009.6
22940007045000,48,26,22,1742.4
22940007046000,195,101,94,6571.5
22940007047000,67,33,34,2418.7
22940007048000,65,34,31,2580.5
22940007049000,24,11,13,859.2
22940007050000,22,14,8,822.8
22940007051000,15,10,5,655.5
22940007052000,5,3,2,264
22940007055000,1,0,1,0
22940007056000,1,1,0,0
22940007058000,13,8,5,427.7
22940007059000,12,4,8,447.6
22940007060000,4,3,1,0
22940007061000,8,5,3,399.2
22940007062000,20,13,7,682
22940007063000,28,13,15,1363.6
22940007072000,3,1,2,0
22940007089000,4,2,2,0
22940007104000,3,1,2,0
22940007155000,6,3,3,424.8
22940007156000,10,6,4,549
22950006546000,4,2,2,0
22950006547000,32,20,12,1152
22950006548000,34,19,15,1669.4
22950006549000,79,37,42,3373.3
22950006550000,42,20,22,1587.6
22950006551000,23,11,12,931.5
22950006552000,82,42,40,3370.2
22950006553000,16,7,9,688
22950006554000,14,9,5,757.4
22950006555000,34,17,17,1404.2
22950006556000,46,22,24,2355.2
22950006557000,387,199,188,16292.7
22950006558000,845,420,425,32701.5
22950006559000,240,125,115,8952
22950006560000,337,153,184,15805.3
22950006561000,240,121,119,9360
22950006562000,12,6,6,421.2
22950006563000,9,5,4,398.7
22950006566000,4,2,2,0
22950006567000,9,4,5,188.1
22950006576000,2,1,1,0
22950006577000,15,8,7,592.5
22950006578000,12,5,7,717.6
22950006579000,70,37,33,2464
22950006580000,11,6,5,601.7
22950006581000,18,11,7,730.8
22950006582000,12,4,8,474
22950006583000,5,3,2,140
22950006584000,2,2,0,0
22950006585000,26,13,13,1146.6
22950006586000,9,6,3,588.6
22950006587000,16,11,5,902.4
22950006588000,16,9,7,636.8
22950006590000,5,3,2,125
22950006591000,16,8,8,721.6
22950006592000,4,2,2,0
22950006593000,13,7,6,432.9
22950006594000,25,14,11,842.5
22950006595000,2,1,1,0
22950006598000,24,14,10,852
22950006599000,29,17,12,893.2
22950006600000,39,19,20,1563.9
22950006601000,14,6,8,936.6
22950006602000,19,11,8,1005.1
22950006603000,51,30,21,1856.4
22950006604000,33,15,18,1102.2
22950006605000,10,5,5,481
22950006606000,22,11,11,719.4
22950006607000,21,13,8,728.7
22950006608000,17,8,9,678.3
22950006609000,29,17,12,1064.3
22950006610000,5,2,3,119
22950006611000,3,2,1,0
22950006612000,9,4,5,500.4
22950006613000,19,9,10,733.4
22950006614000,19,10,9,938.6
22950006615000,6,4,2,156
22950006616000,20,10,10,908
22950006617000,30,14,16,1032
22950006618000,1,0,1,0
22950006619000,1,1,0,0
22950006620000,14,6,8,792.4
22950006621000,13,8,5,656.5
22950006629000,4,3,1,0
22950006630000,11,7,4,361.9
22950006631000,8,5,3,376
22950006635000,13,7,6,626.6
22950006636000,25,13,12,1052.5
22950006637000,1,0,1,0
22950006638000,1,0,1,0
22950006639000,5,3,2,186
22950006640000,3,1,2,0
22950006648000,3,1,2,0
22950006649000,3,1,2,0
22950006650000,10,4,6,504
22950006651000,34,17,17,1530
22950006652000,15,6,9,583.5
22950006653000,16,8,8,580.8
22950006654000,3,0,3,0
22950006655000,35,17,18,1463
22950006656000,3,1,2,0
22950006657000,76,38,38,3032.4
22950006658000,10,6,4,595
22950006659000,109,57,52,4098.4
22950006660000,329,164,165,12798.1
22950006661000,78,45,33,2886
22950006662000,7,6,1,200.9
22950006663000,21,13,8,714
22950006664000,14,6,8,785.4
22950006665000,2,1,1,0
22950006669000,8,4,4,372.8
22950006670000,3,2,1,0
22950006671000,18,11,7,700.2
22950006672000,16,7,9,691.2
22950006673000,27,14,13,893.7
22950006674000,10,5,5,388
22950006675000,2,1,1,0
22950006676000,35,19,16,1256.5
22950006677000,12,8,4,537.6
22950006679000,15,6,9,787.5
22950006681000,2,1,1,0
22950006682000,8,3,5,339.2
22950006683000,17,9,8,654.5
22950006684000,26,14,12,1128.4
22950006685000,40,23,17,1636
22950006686000,13,8,5,442
22950006687000,13,8,5,530.4
22950006688000,8,4,4,280
22950006690000,7,6,1,275.8
22950006691000,137,73,64,5904.7
22950006692000,540,279,261,21654
22950006693000,188,100,88,9024
22950006694000,501,239,262,21943.8
22950006695000,60,33,27,2172
22950006696000,21,11,10,770.7
22950006697000,8,4,4,216.8
22950006701000,3,2,1,0
22950006705000,16,9,7,796.8
22950006708000,13,4,9,439.4
22950006709000,1,1,0,0
22950006712000,3,1,2,0
22950006718000,39,22,17,1708.2
22950006719000,54,25,29,2057.4
22950006720000,52,28,24,2246.4
22950006721000,73,37,36,3460.2
22950006722000,6,2,4,193.2
22950006724000,13,7,6,630.5
22950006725000,341,172,169,14560.7
22950006726000,97,45,52,3501.7
22950006727000,1,1,0,0
22950006736000,12,6,6,418.8
22950006737000,166,85,81,6855.8
22950006738000,54,26,28,2224.8
22950006739000,25,15,10,735
22950006740000,16,9,7,526.4
22950006741000,24,11,13,1116
22950006742000,18,10,8,847.8
22950006743000,200,97,103,7700
22950006744000,149,79,70,6466.6
22950006745000,19,13,6,714.4
22950006746000,46,21,25,1449
22950006747000,4,3,1,0
22950006748000,2,1,1,0
22950006749000,41,23,18,1599
22950006750000,30,18,12,1401
22950006751000,28,18,10,1243.2
22950006752000,31,14,17,1019.9
22950006753000,38,20,18,1546.6
22950006754000,110,59,51,5060
22950006755000,62,33,29,2721.8
22950006756000,11,6,5,572
22950006757000,14,8,6,701.4
22950006783000,2,1,1,0
22950006810000,2,1,1,0
22950006811000,7,5,2,200.2
22950006857000,2,1,1,0
22950006858000,6,3,3,310.2
22950006859000,1,1,0,0
22950006860000,9,3,6,411.3
22950006861000,2,2,0,0
22950006862000,2,1,1,0
22950006864000,3,2,1,0
22950006866000,1,0,1,0
22950006867000,33,20,13,1392.6
22950006875000,23,15,8,952.2
22950006876000,41,21,20,1652.3
22950006877000,18,11,7,865.8
22950006881000,12,7,5,534
22950006882000,16,9,7,542.4
22950006883000,2,1,1,0
22950006884000,6,3,3,220.8
22950006926000,17,6,11,652.8
22950006937000,1,1,0,0
22950006938000,9,5,4,345.6
22950006987000,8,3,5,319.2
22950006989000,3,2,1,0
22950007013000,7,2,5,322
22950007014000,9,6,3,332.1
22950007015000,7,4,3,147
22950007016000,8,3,5,328.8
22950007019000,7,4,3,305.9
22950007020000,55,28,27,2502.5
22950007038000,14,7,7,505.4
22950007039000,8,3,5,324.8
22950007040000,216,107,109,6112.8
22950007041000,585,297,288,17257.5
22950007044000,128,63,65,6003.2
22950007045000,354,172,182,12637.8
22950007046000,260,135,125,10608
22950007047000,21,11,10,722.4
22950007048000,20,10,10,802
22950007052000,27,13,14,1096.2
22950007055000,1,1,0,0
22950007056000,1,0,1,0
22950007057000,5,4,1,244
22950007059000,2,1,1,0
22950007060000,8,5,3,339.2
22950007062000,10,5,5,567
22950007063000,5,4,1,227
22950007064000,11,6,5,477.4
22950007088000,3,2,1,0
22950007090000,7,4,3,342.3
22950007106000,2,2,0,0
22950007153000,4,3,1,0
22950007154000,25,12,13,1330
22950007155000,4,3,1,0
22960006545000,1,0,1,0
22960006546000,10,4,6,497
22960006547000,51,27,24,2014.5
22960006548000,12,7,5,511.2
22960006550000,11,7,4,497.2
22960006551000,2,1,1,0
22960006552000,40,20,20,1260
22960006553000,15,9,6,552
22960006554000,62,29,33,2498.6
22960006555000,13,8,5,481
22960006556000,47,24,23,1569.8
22960006557000,194,84,110,8497.2
22960006558000,324,160,164,12895.2
22960006559000,1521,756,765,58254.3
22960006560000,921,478,443,38497.8
22960006561000,71,34,37,2442.4
22960006562000,119,58,61,3819.9
22960006568000,19,9,10,649.8
22960006569000,4,2,2,0
22960006570000,3,2,1,0
22960006571000,1,0,1,0
22960006572000,3,1,2,0
22960006573000,3,2,1,0
22960006575000,6,6,0,199.8
22960006576000,11,5,6,379.5
22960006577000,12,6,6,567.6
22960006578000,9,4,5,545.4
22960006579000,11,5,6,490.6
22960006580000,5,1,4,191
22960006581000,18,6,12,743.4
22960006582000,63,30,33,2236.5
22960006583000,12,5,7,631.2
22960006584000,92,49,43,3164.8
22960006585000,253,119,134,11891
22960006586000,36,20,16,1231.2
22960006587000,12,6,6,489.6
22960006589000,8,5,3,364
22960006590000,15,7,8,699
22960006591000,40,22,18,1812
22960006592000,26,11,15,746.2
22960006593000,13,5,8,470.6
22960006595000,7,2,5,195.3
22960006596000,2,1,1,0
22960006598000,10,5,5,429
22960006599000,22,10,12,888.8
22960006600000,21,11,10,819
22960006602000,35,23,12,1900.5
22960006603000,80,40,40,3128
22960006604000,6,3,3,226.2
22960006605000,25,18,7,860
22960006606000,17,9,8,700.4
22960006607000,44,18,26,1874.4
22960006608000,27,13,14,1134
22960006609000,15,9,6,625.5
22960006610000,12,10,2,501.6
22960006611000,39,19,20,1259.7
22960006612000,2,1,1,0
22960006613000,13,6,7,474.5
22960006614000,11,6,5,555.5
22960006615000,3,1,2,0
22960006616000,1,1,0,0
22960006617000,7,2,5,259
22960006620000,25,15,10,1202.5
22960006627000,4,3,1,0
22960006628000,5,3,2,272
22960006629000,16,8,8,700.8
22960006630000,1,1,0,0
22960006634000,4,2,2,0
22960006635000,48,21,27,2025.6
22960006636000,34,22,12,1081.2
22960006637000,10,4,6,337
22960006638000,22,11,11,726
22960006639000,10,6,4,195
22960006647000,5,2,3,150
22960006648000,8,4,4,274.4
22960006649000,16,7,9,657.6
22960006650000,11,4,7,415.8
22960006651000,38,20,18,1725.2
22960006652000,6,4,2,163.2
22960006653000,103,55,48,3914
22960006654000,478,249,229,16252
22960006655000,33,15,18,947.1
22960006656000,4,3,1,0
22960006657000,17,11,6,967.3
22960006658000,4,2,2,0
22960006659000,2,1,1,0
22960006660000,429,222,207,17074.2
22960006661000,7,2,5,252.7
22960006662000,13,5,8,491.4
22960006663000,25,13,12,1400
22960006664000,16,9,7,888
22960006665000,5,2,3,234
22960006669000,94,51,43,2472.2
22960006670000,1948,982,966,57466
22960006671000,59,34,25,2053.2
22960006672000,14,6,8,478.8
22960006673000,18,8,10,657
22960006674000,12,6,6,661.2
22960006676000,8,4,4,322.4
22960006677000,12,8,4,324
22960006679000,32,15,17,1539.2
22960006680000,323,163,160,12177.1
22960006681000,47,30,17,1865.9
22960006682000,22,12,10,1012
22960006683000,6,4,2,235.8
22960006685000,3,1,2,0
22960006686000,1,0,1,0
22960006687000,45,26,19,1935
22960006688000,14,7,7,595
22960006689000,9,5,4,443.7
22960006691000,12,6,6,315.6
22960006692000,7,3,4,317.1
22960006693000,78,40,38,2613
22960006694000,206,107,99,6180
22960006700000,13,7,6,386.1
22960006701000,9,6,3,345.6
22960006708000,2,1,1,0
22960006720000,30,15,15,1476
22960006721000,27,15,12,990.9
22960006722000,2,0,2,0
22960006723000,49,29,20,1994.3
22960006724000,16,8,8,740.8
22960006725000,84,43,41,3276
22960006726000,51,32,19,2101.2
22960006727000,2,1,1,0
22960006736000,2,1,1,0
22960006737000,122,63,59,4867.8
22960006738000,307,160,147,11021.3
22960006739000,11,4,7,488.4
22960006740000,35,21,14,1557.5
22960006741000,21,9,12,743.4
22960006742000,34,20,14,1669.4
22960006743000,25,15,10,1035
22960006744000,15,6,9,480
22960006745000,22,12,10,1016.4
22960006746000,18,9,9,851.4
22960006747000,12,2,10,470.4
22960006748000,11,5,6,553.3
22960006749000,31,18,13,1081.9
22960006750000,19,9,10,780.9
22960006751000,30,17,13,1233
22960006752000,22,10,12,877.8
22960006753000,28,14,14,1069.6
22960006754000,24,13,11,1190.4
22960006755000,9,4,5,342
22960006809000,2,1,1,0
22960006843000,2,1,1,0
22960006854000,15,7,8,507
22960006855000,11,7,4,686.4
22960006856000,29,14,15,1136.8
22960006857000,64,35,29,3104
22960006858000,4,1,3,0
22960006859000,4,3,1,0
22960006876000,10,6,4,394
22960006877000,42,20,22,1566.6
22960006878000,1,0,1,0
22960006926000,2,1,1,0
22960006927000,12,7,5,380.4
22960006938000,4,2,2,0
22960006939000,1,1,0,0
22960006942000,7,4,3,249.2
22960006943000,4,2,2,0
22960006987000,20,11,9,798
22960007012000,10,7,3,535
22960007013000,19,9,10,932.9
22960007014000,77,42,35,3257.1
22960007015000,25,12,13,995
22960007016000,3,2,1,0
22960007019000,29,19,10,1371.7
22960007020000,138,73,65,5326.8
22960007036000,10,4,6,402
22960007037000,15,8,7,709.5
22960007038000,32,17,15,1142.4
22960007039000,43,24,19,1638.3
22960007040000,426,220,206,15165.6
22960007041000,398,189,209,13810.6
22960007043000,228,109,119,10032
22960007044000,2130,1017,1113,97767
22960007045000,1164,581,583,45279.6
22960007046000,71,36,35,3209.2
22960007047000,27,15,12,1155.6
22960007048000,4,1,3,0
22960007053000,12,7,5,516
22960007055000,1,1,0,0
22960007056000,23,14,9,798.1
22960007058000,7,4,3,429.1
22960007060000,9,5,4,548.1
22960007061000,3,3,0,0
22960007062000,1,0,1,0
22960007063000,5,2,3,121
22960007066000,1,1,0,0
22960007090000,14,6,8,611.8
22960007091000,2,1,1,0
22960007154000,71,35,36,2655.4
22960007155000,59,33,26,2637.3
22960007156000,10,7,3,303
22960007157000,6,3,3,361.2
22970006539000,3,2,1,0
22970006541000,3,1,2,0
22970006546000,5,3,2,155
22970006549000,6,2,4,249
22970006550000,4,2,2,0
22970006551000,1,0,1,0
22970006553000,47,24,23,1635.6
22970006554000,57,29,28,2211.6
22970006555000,3,2,1,0
22970006556000,9,6,3,303.3
22970006557000,3,2,1,0
22970006558000,93,55,38,3692.1
22970006559000,95,55,40,4056.5
22970006560000,22,11,11,1291.4
22970006561000,40,20,20,1844
22970006562000,14,7,7,553
22970006568000,4,3,1,0
22970006572000,6,3,3,190.8
22970006573000,3,2,1,0
22970006574000,13,7,6,552.5
22970006575000,11,5,6,350.9
22970006577000,2,2,0,0
22970006579000,16,10,6,662.4
22970006580000,15,8,7,583.5
22970006581000,11,8,3,445.5
22970006582000,4,3,1,0
22970006583000,12,8,4,717.6
22970006584000,17,8,9,533.8
22970006585000,11,6,5,607.2
22970006586000,1,1,0,0
22970006588000,2,1,1,0
22970006589000,12,6,6,489.6
22970006591000,30,12,18,1056
22970006592000,9,3,6,254.7
22970006593000,9,5,4,239.4
22970006594000,1,1,0,0
22970006605000,12,6,6,336
22970006606000,40,26,14,1344
22970006607000,54,24,30,2235.6
22970006608000,3,1,2,0
22970006610000,21,10,11,623.7
22970006611000,6,2,4,208.8
22970006612000,12,7,5,507.6
22970006613000,125,68,57,4475
22970006614000,108,56,52,4406.4
22970006615000,24,15,9,902.4
22970006616000,16,9,7,489.6
22970006617000,9,5,4,407.7
22970006618000,19,9,10,505.4
22970006619000,9,6,3,473.4
22970006620000,2,1,1,0
22970006622000,7,5,2,226.8
22970006623000,27,15,12,1198.8
22970006624000,30,18,12,1176
22970006625000,29,16,13,1458.7
22970006626000,20,11,9,948
22970006627000,32,17,15,1184
22970006628000,3,2,1,0
22970006629000,10,7,3,440
22970006633000,3,2,1,0
22970006634000,5,3,2,173
22970006635000,235,117,118,9588
22970006636000,11,7,4,349.8
22970006646000,2,1,1,0
22970006647000,28,21,7,1190
22970006648000,19,9,10,640.3
22970006649000,46,25,21,2028.6
22970006650000,21,14,7,697.2
22970006651000,51,22,29,2295
22970006652000,67,31,36,2365.1
22970006653000,73,37,36,2956.5
22970006654000,229,108,121,7854.7
22970006655000,80,45,35,2936
22970006656000,44,18,26,2635.6
22970006657000,38,19,19,1630.2
22970006658000,1,1,0,0
22970006659000,108,56,52,3402
22970006660000,1545,770,775,55156.5
22970006661000,309,158,151,11896.5
22970006662000,28,12,16,1072.4
22970006663000,33,28,5,1366.2
22970006664000,22,12,10,957
22970006665000,19,10,9,666.9
22970006666000,10,5,5,518
22970006667000,25,13,12,995
22970006668000,27,15,12,1312.2
22970006669000,108,54,54,4179.6
22970006670000,41,19,22,1435
22970006671000,26,13,13,1058.2
22970006672000,36,20,16,1407.6
22970006673000,27,14,13,1250.1
22970006674000,20,10,10,872
22970006676000,18,12,6,748.8
22970006677000,16,9,7,732.8
22970006678000,13,7,6,705.9
22970006679000,48,24,24,1972.8
22970006680000,109,61,48,4054.8
22970006681000,11,5,6,577.5
22970006682000,10,7,3,265
22970006683000,10,5,5,485
22970006684000,16,10,6,553.6
22970006685000,23,13,10,1179.9
22970006686000,31,17,14,1019.9
22970006687000,35,15,20,1326.5
22970006688000,32,15,17,1584
22970006689000,6,3,3,232.8
22970006693000,4,2,2,0
22970006694000,53,26,27,2098.8
22970006695000,38,20,18,1322.4
22970006696000,42,18,24,1776.6
22970006697000,16,5,11,492.8
22970006710000,2,1,1,0
22970006711000,8,4,4,290.4
22970006712000,14,8,6,764.4
22970006713000,3,1,2,0
22970006723000,70,40,30,3136
22970006726000,28,15,13,1125.6
22970006727000,3,2,1,0
22970006728000,4,2,2,0
22970006729000,8,5,3,258.4
22970006730000,17,12,5,744.6
22970006731000,7,4,3,191.8
22970006732000,14,7,7,698.6
22970006733000,12,6,6,538.8
22970006734000,28,16,12,1332.8
22970006735000,22,10,12,1027.4
22970006736000,34,18,16,1292
22970006737000,13,8,5,479.7
22970006738000,86,38,48,3680.8
22970006739000,121,60,61,4549.6
22970006740000,217,110,107,9743.3
22970006741000,32,18,14,1241.6
22970006742000,65,33,32,3003
22970006743000,13,6,7,399.1
22970006744000,7,4,3,261.8
22970006745000,43,22,21,1612.5
22970006746000,24,13,11,1154.4
22970006747000,18,10,8,844.2
22970006748000,27,13,14,882.9
22970006749000,54,32,22,2338.2
22970006750000,3,1,2,0
22970006753000,8,4,4,242.4
22970006754000,2,1,1,0
22970006808000,5,3,2,279
22970006810000,1,0,1,0
22970006831000,12,5,7,351.6
22970006840000,1,1,0,0
22970006841000,2,1,1,0
22970006842000,3,2,1,0
22970006843000,8,5,3,431.2
22970006844000,2,1,1,0
22970006852000,9,5,4,250.2
22970006853000,63,34,29,3439.8
22970006854000,11,6,5,394.9
22970006855000,7,3,4,338.1
22970006856000,6,3,3,340.2
22970006857000,6,2,4,406.8
22970006926000,6,3,3,258
22970006927000,15,8,7,703.5
22970006938000,24,11,13,820.8
22970006939000,25,15,10,1047.5
22970006941000,5,2,3,157
22970006942000,9,4,5,330.3
22970006987000,9,4,5,558
22970007013000,6,3,3,219
22970007014000,83,39,44,3610.5
22970007015000,61,33,28,2806
22970007016000,60,36,24,1980
22970007017000,3,2,1,0
22970007020000,25,14,11,1035
22970007021000,12,7,5,772.8
22970007036000,32,17,15,1254.4
22970007037000,81,41,40,3061.8
22970007038000,5,3,2,197
22970007039000,31,13,18,1463.2
22970007040000,157,80,77,5793.3
22970007041000,61,35,26,2391.2
22970007042000,5,3,2,193
22970007043000,98,51,47,3508.4
22970007044000,2402,1165,1237,111693
22970007045000,1648,823,825,66579.2
22970007046000,301,143,158,11377.8
22970007047000,1,0,1,0
22970007054000,18,9,9,615.6
22970007055000,15,5,10,474
22970007056000,16,7,9,769.6
22970007057000,13,6,7,523.9
22970007058000,36,15,21,1742.4
22970007059000,3,1,2,0
22970007060000,3,1,2,0
22970007061000,1,1,0,0
22970007062000,1,1,0,0
22970007091000,17,10,7,861.9
22970007154000,9,5,4,366.3
22970007155000,10,4,6,418
22970007156000,7,4,3,480.2
22970007157000,5,4,1,282
22970007159000,6,3,3,190.2
22980006533000,2,1,1,0
22980006535000,7,4,3,233.8
22980006536000,4,2,2,0
22980006537000,2,1,1,0
22980006541000,10,5,5,429
22980006542000,10,5,5,448
22980006544000,4,2,2,0
22980006545000,19,12,7,720.1
22980006546000,3,2,1,0
22980006547000,3,1,2,0
22980006550000,8,5,3,228
22980006551000,50,21,29,2040
22980006552000,45,24,21,1674
22980006558000,12,8,4,435.6
22980006559000,2,1,1,0
22980006562000,11,4,7,542.3
22980006563000,7,5,2,303.8
22980006569000,5,3,2,247
22980006570000,15,9,6,565.5
22980006571000,12,8,4,408
22980006573000,1,1,0,0
22980006574000,10,6,4,413
22980006575000,22,14,8,697.4
22980006576000,7,4,3,371.7
22980006577000,2,1,1,0
22980006578000,5,3,2,240
22980006579000,9,4,5,297.9
22980006580000,2,1,1,0
22980006581000,7,3,4,240.1
22980006583000,6,3,3,232.2
22980006585000,7,3,4,287
22980006586000,5,3,2,261
22980006587000,10,7,3,301
22980006588000,11,6,5,300.3
22980006589000,32,17,15,867.2
22980006590000,24,13,11,1005.6
22980006591000,14,7,7,453.6
22980006592000,12,6,6,531.6
22980006593000,30,18,12,1023
22980006594000,6,1,5,225
22980006604000,18,9,9,797.4
22980006605000,24,11,13,775.2
22980006606000,34,20,14,897.6
22980006607000,15,8,7,571.5
22980006608000,4,2,2,0
22980006611000,4,2,2,0
22980006612000,21,13,8,905.1
22980006613000,38,22,16,1413.6
22980006614000,8,5,3,295.2
22980006616000,16,10,6,515.2
22980006617000,8,3,5,299.2
22980006618000,18,11,7,743.4
22980006621000,3,2,1,0
22980006622000,18,10,8,882
22980006623000,19,7,12,710.6
22980006624000,2,0,2,0
22980006625000,15,8,7,643.5
22980006626000,44,20,24,1694
22980006627000,24,11,13,950.4
22980006629000,2,1,1,0
22980006630000,25,12,13,1042.5
22980006631000,13,7,6,483.6
22980006632000,29,14,15,899
22980006633000,12,7,5,526.8
22980006634000,47,21,26,1814.2
22980006635000,298,158,140,11800.8
22980006636000,3,2,1,0
22980006637000,2,1,1,0
22980006647000,12,6,6,316.8
22980006648000,13,7,6,720.2
22980006649000,65,38,27,2132
22980006650000,36,17,19,1389.6
22980006651000,75,32,43,2625
22980006652000,11,6,5,390.5
22980006654000,23,11,12,892.4
22980006655000,11,5,6,500.5
22980006656000,9,6,3,447.3
22980006657000,139,71,68,5268.1
22980006658000,13,5,8,747.5
22980006659000,10,4,6,434
22980006661000,23,14,9,1046.5
22980006662000,157,82,75,5510.7
22980006663000,162,82,80,6820.2
22980006664000,8,5,3,407.2
22980006665000,2,1,1,0
22980006666000,3,2,1,0
22980006668000,222,111,111,9235.2
22980006669000,494,240,254,15709.2
22980006670000,10,6,4,356
22980006671000,53,31,22,2369.1
22980006672000,13,6,7,860.6
22980006673000,1,1,0,0
22980006674000,40,24,16,1564
22980006675000,94,49,45,3055
22980006676000,14,6,8,606.2
22980006677000,1,1,0,0
22980006678000,9,4,5,421.2
22980006679000,6,3,3,225
22980006680000,17,7,10,902.7
22980006681000,11,5,6,460.9
22980006682000,16,10,6,750.4
22980006683000,16,9,7,636.8
22980006684000,45,24,21,1899
22980006693000,4,2,2,0
22980006694000,10,5,5,481
22980006696000,25,15,10,1075
22980006697000,55,28,27,2035
22980006698000,37,13,24,1465.2
22980006711000,5,4,1,79
22980006712000,1,0,1,0
22980006723000,13,5,8,365.3
22980006724000,22,10,12,891
22980006725000,3,2,1,0
22980006726000,4,3,1,0
22980006727000,13,6,7,439.4
22980006728000,3,2,1,0
22980006729000,5,3,2,307
22980006730000,29,14,15,1215.1
22980006731000,4,2,2,0
22980006733000,4,2,2,0
22980006734000,5,4,1,147
22980006735000,10,5,5,437
22980006736000,8,5,3,187.2
22980006737000,7,6,1,212.1
22980006738000,142,58,84,6631.4
22980006739000,156,77,79,7472.4
22980006740000,13,6,7,734.5
22980006741000,45,21,24,1620
22980006742000,16,6,10,684.8
22980006743000,48,25,23,1795.2
22980006744000,27,13,14,1269
22980006745000,80,41,39,3224
22980006746000,21,10,11,982.8
22980006747000,16,9,7,603.2
22980006748000,56,30,26,2178.4
22980006749000,113,53,60,5096.3
22980006750000,19,12,7,763.8
22980006751000,52,21,31,1695.2
22980006752000,39,22,17,1645.8
22980006753000,14,6,8,722.4
22980006754000,14,6,8,631.4
22980006779000,2,1,1,0
22980006806000,1,1,0,0
22980006807000,6,4,2,387
22980006808000,8,4,4,427.2
22980006844000,1,1,0,0
22980006845000,4,3,1,0
22980006846000,10,7,3,475
22980006847000,18,11,7,678.6
22980006848000,28,15,13,1195.6
22980006849000,20,9,11,972
22980006850000,4,2,2,0
22980006851000,4,3,1,0
22980006852000,65,31,34,3146
22980006853000,154,63,91,8685.6
22980006854000,20,11,9,924
22980006855000,6,3,3,264
22980006938000,12,7,5,566.4
22980006939000,16,8,8,494.4
22980006941000,16,7,9,880
22980006942000,10,6,4,319
22980006986000,8,4,4,375.2
22980007007000,1,0,1,0
22980007014000,11,5,6,347.6
22980007015000,45,25,20,1899
22980007016000,74,32,42,2708.4
22980007021000,54,29,25,1992.6
22980007035000,24,9,15,830.4
22980007036000,18,8,10,549
22980007037000,22,12,10,858
22980007038000,65,37,28,2184
22980007039000,83,44,39,3427.9
22980007040000,39,21,18,1673.1
22980007041000,228,112,116,8914.8
22980007042000,76,37,39,3359.2
22980007043000,270,142,128,10881
22980007044000,750,377,373,27675
22980007045000,1586,813,773,58682
22980007046000,420,225,195,14784
22980007047000,62,28,34,2368.4
22980007053000,3,2,1,0
22980007054000,5,3,2,155
22980007055000,4,3,1,0
22980007056000,12,6,6,487.2
22980007057000,23,14,9,880.9
22980007058000,18,11,7,916.2
22980007059000,14,7,7,525
22980007060000,17,11,6,659.6
22980007068000,6,4,2,226.2
22980007074000,1,1,0,0
22980007091000,5,2,3,315
22980007092000,13,7,6,561.6
22980007102000,4,2,2,0
22980007144000,16,10,6,945.6
22980007152000,4,2,2,0
22980007155000,2,2,0,0
22980007158000,2,1,1,0
22980007160000,13,6,7,379.6
22980007162000,1,0,1,0
22980007186000,1,0,1,0
22980007200000,5,2,3,114
22990006531000,5,4,1,153
22990006532000,4,2,2,0
22990006533000,6,4,2,292.2
22990006534000,16,10,6,580.8
22990006535000,33,14,19,1643.4
22990006536000,19,11,8,566.2
22990006537000,31,14,17,1320.6
22990006538000,9,4,5,342
22990006539000,12,5,7,618
22990006540000,13,8,5,487.5
22990006541000,6,3,3,295.2
22990006542000,11,5,6,468.6
22990006543000,20,8,12,742
22990006546000,16,8,8,484.8
22990006547000,25,14,11,1115
22990006548000,2,1,1,0
22990006549000,4,2,2,0
22990006551000,10,4,6,502
22990006552000,4,2,2,0
22990006563000,1,0,1,0
22990006564000,2,1,1,0
22990006568000,8,5,3,176.8
22990006570000,2,1,1,0
22990006571000,9,5,4,462.6
22990006572000,6,3,3,316.2
22990006573000,1,1,0,0
22990006574000,1,1,0,0
22990006576000,8,6,2,200
22990006582000,6,3,3,328.2
22990006583000,23,14,9,558.9
22990006584000,11,5,6,474.1
22990006585000,22,13,9,1029.6
22990006586000,16,9,7,630.4
22990006587000,64,35,29,2508.8
22990006588000,33,21,12,986.7
22990006589000,19,10,9,606.1
22990006590000,5,4,1,171
22990006592000,5,2,3,107
22990006603000,7,5,2,221.9
22990006604000,11,7,4,297
22990006605000,50,25,25,1605
22990006606000,36,19,17,1296
22990006607000,54,31,23,2478.6
22990006608000,20,13,7,814
22990006609000,3,2,1,0
22990006610000,4,2,2,0
22990006611000,6,2,4,175.2
22990006612000,12,7,5,458.4
22990006613000,14,7,7,551.6
22990006616000,31,15,16,1289.6
22990006617000,10,5,5,608
22990006618000,14,10,4,464.8
22990006621000,1,1,0,0
22990006623000,9,5,4,198.9
22990006624000,9,5,4,288.9
22990006625000,44,25,19,1790.8
22990006626000,20,10,10,1000
22990006627000,13,6,7,582.4
22990006628000,29,14,15,1374.6
22990006629000,21,8,13,779.1
22990006630000,12,7,5,469.2
22990006631000,16,10,6,348.8
22990006632000,11,5,6,323.4
22990006635000,34,20,14,1288.6
22990006636000,3,2,1,0
22990006646000,12,7,5,632.4
22990006647000,18,8,10,804.6
22990006648000,9,4,5,523.8
22990006649000,14,7,7,589.4
22990006650000,46,25,21,1725
22990006651000,12,6,6,507.6
22990006656000,7,3,4,266
22990006657000,34,18,16,1655.8
22990006658000,49,29,20,2160.9
22990006659000,33,16,17,1141.8
22990006660000,20,11,9,1000
22990006661000,22,10,12,787.6
22990006662000,37,20,17,1184
22990006663000,360,179,181,14220
22990006664000,55,30,25,2073.5
22990006665000,12,5,7,435.6
22990006666000,8,5,3,266.4
22990006667000,26,14,12,1076.4
22990006668000,84,48,36,3620.4
22990006669000,17,6,11,639.2
22990006670000,14,7,7,456.4
22990006671000,6,3,3,220.8
22990006672000,51,29,22,2085.9
22990006673000,24,9,15,727.2
22990006674000,46,24,22,1807.8
22990006675000,9,3,6,410.4
22990006677000,2,1,1,0
22990006678000,2,1,1,0
22990006679000,8,4,4,384
22990006680000,147,73,74,5350.8
22990006681000,214,111,103,7169
22990006682000,113,54,59,4520
22990006683000,41,21,20,1767.1
22990006684000,4,1,3,0
22990006696000,53,27,26,2448.6
22990006697000,23,12,11,1124.7
22990006698000,29,16,13,1235.4
22990006699000,6,5,1,264
22990006700000,8,3,5,339.2
22990006713000,7,3,4,191.8
22990006714000,1,0,1,0
22990006724000,13,7,6,705.9
22990006725000,7,4,3,478.1
22990006726000,18,10,8,1044
22990006727000,9,4,5,455.4
22990006728000,19,8,11,752.4
22990006729000,10,5,5,517
22990006730000,10,3,7,459
22990006731000,15,7,8,604.5
22990006732000,18,10,8,592.2
22990006733000,5,3,2,289
22990006734000,48,26,22,1900.8
22990006735000,44,27,17,1724.8
22990006736000,15,10,5,598.5
22990006737000,37,19,18,1750.1
22990006738000,21,7,14,749.7
22990006739000,5,3,2,335
22990006740000,19,8,11,995.6
22990006744000,210,110,100,7749
22990006745000,185,89,96,7733
22990006746000,48,21,27,1939.2
22990006747000,28,18,10,1153.6
22990006748000,99,48,51,4118.4
22990006749000,505,251,254,21614
22990006750000,29,17,12,1209.3
22990006751000,23,12,11,959.1
22990006752000,53,20,33,1881.5
22990006753000,36,20,16,1346.4
22990006754000,45,23,22,1944
22990006755000,14,10,4,663.6
22990006756000,10,5,5,401
22990006757000,2,1,1,0
22990006779000,5,4,1,271
22990006780000,5,3,2,75
22990006783000,10,5,5,362
22990006784000,5,1,4,200
22990006802000,6,4,2,363
22990006803000,10,5,5,517
22990006804000,6,4,2,247.2
22990006805000,13,5,8,548.6
22990006806000,12,6,6,645.6
22990006807000,1,0,1,0
22990006831000,3,2,1,0
22990006837000,1,0,1,0
22990006840000,4,2,2,0
22990006842000,4,3,1,0
22990006843000,9,4,5,432.9
22990006844000,24,10,14,1116
22990006845000,75,36,39,3037.5
22990006846000,57,27,30,2838.6
22990006848000,6,2,4,234
22990006849000,35,17,18,1592.5
22990006850000,19,9,10,984.2
22990006851000,14,6,8,576.8
22990006852000,22,13,9,979
22990006853000,12,7,5,613.2
22990006854000,11,3,8,463.1
22990006929000,4,2,2,0
22990006930000,2,1,1,0
22990006937000,9,5,4,354.6
22990006938000,22,11,11,952.6
22990006939000,104,53,51,4399.2
22990006940000,54,32,22,2305.8
22990006941000,33,15,18,1346.4
22990006942000,4,2,2,0
22990006986000,10,5,5,465
22990007014000,10,5,5,491
22990007015000,3,2,1,0
22990007016000,3,1,2,0
22990007021000,18,12,6,957.6
22990007022000,39,15,24,1185.6
22990007035000,13,8,5,351
22990007038000,1,1,0,0
22990007039000,9,6,3,302.4
22990007040000,67,39,28,2070.3
22990007041000,89,47,42,3239.6
22990007042000,295,148,147,10649.5
22990007043000,128,73,55,5094.4
22990007044000,110,55,55,3817
22990007045000,607,315,292,19606.1
22990007046000,32,19,13,1446.4
22990007047000,22,11,11,774.4
22990007048000,1,1,0,0
22990007053000,22,15,7,825
22990007056000,16,8,8,563.2
22990007057000,19,9,10,691.6
22990007058000,27,14,13,1004.4
22990007059000,49,25,24,2356.9
22990007060000,19,12,7,592.8
22990007069000,4,2,2,0
22990007074000,5,3,2,235
22990007075000,1,1,0,0
22990007092000,20,10,10,1170
22990007102000,17,9,8,654.5
22990007141000,3,1,2,0
22990007145000,3,1,2,0
22990007155000,4,1,3,0
22990007156000,4,2,2,0
22990007158000,5,3,2,184
22990007159000,3,2,1,0
22990007160000,4,3,1,0
22990007200000,6,2,4,283.8
23000006531000,2,1,1,0
23000006532000,3,1,2,0
23000006533000,2,1,1,0
23000006534000,6,4,2,361.8
23000006535000,12,7,5,397.2
23000006536000,1,1,0,0
23000006537000,3,2,1,0
23000006538000,1,0,1,0
23000006539000,14,6,8,441
23000006540000,9,5,4,441
23000006541000,5,3,2,244
23000006542000,6,4,2,289.8
23000006544000,34,18,16,1499.4
23000006545000,16,8,8,572.8
23000006546000,9,5,4,396
23000006547000,34,18,16,1162.8
23000006548000,1,1,0,0
23000006551000,6,2,4,195
23000006564000,5,3,2,281
23000006565000,15,8,7,664.5
23000006566000,11,7,4,457.6
23000006582000,14,8,6,572.6
23000006583000,3,2,1,0
23000006584000,19,9,10,526.3
23000006585000,24,10,14,991.2
23000006586000,11,5,6,548.9
23000006588000,21,8,13,667.8
23000006605000,25,15,10,1195
23000006606000,37,19,18,1550.3
23000006607000,18,11,7,597.6
23000006608000,8,5,3,492.8
23000006609000,13,6,7,551.2
23000006612000,3,1,2,0
23000006616000,13,6,7,357.5
23000006617000,2,1,1,0
23000006618000,3,1,2,0
23000006619000,10,7,3,258
23000006621000,7,4,3,322.7
23000006622000,36,18,18,1677.6
23000006623000,7,3,4,291.2
23000006624000,68,33,35,3005.6
23000006625000,513,241,272,22161.6
23000006626000,12,8,4,411.6
23000006627000,3,1,2,0
23000006628000,31,17,14,1243.1
23000006629000,67,34,33,3236.1
23000006630000,44,19,25,1350.8
23000006631000,3,1,2,0
23000006632000,24,15,9,864
23000006633000,4,1,3,0
23000006634000,226,123,103,9876.2
23000006635000,50,30,20,1910
23000006636000,12,7,5,540
23000006637000,6,4,2,312
23000006638000,2,1,1,0
23000006646000,2,1,1,0
23000006647000,34,17,17,1339.6
23000006648000,318,157,161,12783.6
23000006649000,178,92,86,5927.4
23000006650000,71,40,31,2761.9
23000006651000,26,13,13,1128.4
23000006652000,6,4,2,235.8
23000006659000,48,25,23,1440
23000006660000,6,3,3,268.8
23000006661000,2,1,1,0
23000006662000,28,13,15,1302
23000006663000,99,57,42,3554.1
23000006664000,15,9,6,637.5
23000006665000,17,8,9,766.7
23000006666000,149,79,70,6019.6
23000006667000,15,5,10,424.5
23000006668000,24,11,13,664.8
23000006669000,16,9,7,798.4
23000006670000,17,10,7,793.9
23000006671000,22,10,12,847
23000006672000,21,12,9,837.9
23000006673000,133,61,72,6104.7
23000006674000,38,19,19,1865.8
23000006675000,4,2,2,0
23000006676000,7,3,4,352.8
23000006678000,12,7,5,504
23000006679000,34,15,19,1315.8
23000006680000,194,93,101,7507.8
23000006681000,220,104,116,8910
23000006682000,147,78,69,6482.7
23000006683000,40,20,20,1764
23000006684000,4,2,2,0
23000006713000,5,3,2,304
23000006725000,8,3,5,388.8
23000006726000,13,6,7,457.6
23000006727000,1,1,0,0
23000006728000,25,13,12,810
23000006729000,27,14,13,1096.2
23000006730000,56,26,30,2329.6
23000006731000,68,41,27,2917.2
23000006732000,143,77,66,5948.8
23000006733000,416,195,221,18262.4
23000006734000,19,6,13,581.4
23000006735000,54,24,30,2300.4
23000006736000,77,43,34,3388
23000006737000,45,21,24,1696.5
23000006738000,5,2,3,194
23000006739000,21,10,11,989.1
23000006740000,34,18,16,1244.4
23000006741000,8,4,4,408
23000006742000,22,9,13,862.4
23000006743000,30,14,16,1236
23000006744000,269,137,132,9657.1
23000006745000,140,74,66,5236
23000006746000,35,17,18,1372
23000006747000,121,54,67,4961
23000006748000,177,78,99,8336.7
23000006749000,41,24,17,1660.5
23000006750000,36,22,14,1486.8
23000006751000,40,22,18,1788
23000006752000,23,12,11,880.9
23000006753000,44,21,23,1606
23000006754000,21,11,10,760.2
23000006755000,62,31,31,2883
23000006756000,5,3,2,282
23000006757000,7,6,1,263.2
23000006777000,1,1,0,0
23000006781000,26,16,10,1151.8
23000006782000,26,10,16,1102.4
23000006783000,17,11,6,855.1
23000006784000,23,10,13,961.4
23000006800000,2,1,1,0
23000006801000,15,6,9,637.5
23000006802000,1,1,0,0
23000006803000,2,0,2,0
23000006804000,12,5,7,661.2
23000006805000,1,0,1,0
23000006830000,2,1,1,0
23000006836000,3,2,1,0
23000006843000,4,2,2,0
23000006844000,16,6,10,566.4
23000006845000,8,4,4,395.2
23000006846000,13,9,4,691.6
23000006849000,15,9,6,655.5
23000006850000,20,10,10,968
23000006851000,11,6,5,643.5
23000006929000,1,1,0,0
23000006930000,8,4,4,314.4
23000006931000,2,2,0,0
23000006937000,25,10,15,957.5
23000006938000,41,25,16,1742.5
23000006939000,48,24,24,2203.2
23000006940000,10,6,4,512
23000006942000,1,1,0,0
23000006943000,1,0,1,0
23000006985000,25,14,11,1315
23000007013000,1,0,1,0
23000007014000,46,25,21,1715.8
23000007015000,38,17,21,2432
23000007016000,573,262,311,26415.3
23000007017000,228,117,111,9644.4
23000007018000,3,1,2,0
23000007019000,40,22,18,1636
23000007021000,2,1,1,0
23000007022000,52,29,23,2028
23000007035000,130,65,65,3913
23000007036000,2,1,1,0
23000007040000,43,19,24,1573.8
23000007041000,64,36,28,2240
23000007042000,40,25,15,1448
23000007043000,11,6,5,388.3
23000007045000,27,11,16,888.3
23000007046000,5,3,2,214
23000007048000,19,10,9,554.8
23000007052000,14,7,7,536.2
23000007053000,10,6,4,521
23000007055000,5,4,1,207
23000007056000,2,1,1,0
23000007057000,8,3,5,392
23000007058000,144,79,65,5241.6
23000007064000,9,4,5,309.6
23000007075000,9,7,2,335.7
23000007076000,5,2,3,326
23000007081000,19,9,10,461.7
23000007084000,12,7,5,548.4
23000007089000,6,3,3,226.8
23000007090000,2,1,1,0
23000007093000,16,10,6,667.2
23000007094000,12,5,7,573.6
23000007139000,12,7,5,523.2
23000007140000,2,1,1,0
23000007141000,17,9,8,848.3
23000007204000,23,12,11,894.7
23000007205000,10,7,3,233
23010006541000,5,1,4,339
23010006542000,5,3,2,281
23010006543000,45,28,17,1831.5
23010006544000,48,24,24,2006.4
23010006552000,1,1,0,0
23010006561000,5,3,2,178
23010006564000,4,3,1,0
23010006565000,11,6,5,543.4
23010006566000,9,6,3,412.2
23010006582000,5,3,2,144
23010006584000,7,3,4,247.1
23010006585000,9,4,5,410.4
23010006586000,1,1,0,0
23010006587000,6,3,3,367.2
23010006588000,55,32,23,2024
23010006589000,12,6,6,402
23010006591000,5,3,2,241
23010006605000,31,12,19,1174.9
23010006606000,27,12,15,1074.6
23010006607000,9,5,4,366.3
23010006608000,9,4,5,326.7
23010006616000,22,13,9,809.6
23010006617000,3,1,2,0
23010006620000,24,13,11,876
23010006621000,11,6,5,563.2
23010006622000,7,5,2,282.8
23010006623000,7,4,3,263.9
23010006624000,3,2,1,0
23010006625000,130,63,67,6058
23010006626000,23,11,12,1122.4
23010006627000,12,5,7,584.4
23010006628000,30,16,14,1278
23010006629000,29,19,10,1119.4
23010006630000,47,23,24,1419.4
23010006631000,126,72,54,5040
23010006632000,19,9,10,765.7
23010006633000,267,123,144,12442.2
23010006634000,179,88,91,7679.1
23010006635000,7,4,3,189.7
23010006636000,28,15,13,1358
23010006646000,8,4,4,272
23010006647000,185,89,96,7400
23010006648000,1335,656,679,55269
23010006649000,105,48,57,4263
23010006650000,59,33,26,2076.8
23010006651000,51,24,27,2361.3
23010006652000,22,11,11,1091.2
23010006663000,31,16,15,1373.3
23010006664000,51,29,22,2055.3
23010006665000,20,12,8,946
23010006666000,59,31,28,1799.5
23010006667000,50,25,25,1765
23010006669000,41,22,19,1467.8
23010006670000,70,33,37,2765
23010006671000,8,3,5,311.2
23010006672000,22,10,12,1122
23010006673000,58,34,24,2175
23010006674000,283,145,138,13329.3
23010006675000,59,33,26,2088.6
23010006676000,32,18,14,1414.4
23010006677000,27,14,13,1069.2
23010006678000,4,2,2,0
23010006679000,92,49,43,4213.6
23010006680000,63,34,29,2305.8
23010006681000,26,11,15,1045.2
23010006682000,2,1,1,0
23010006712000,16,11,5,569.6
23010006714000,1,1,0,0
23010006727000,2,1,1,0
23010006728000,8,4,4,391.2
23010006729000,14,6,8,702.8
23010006730000,20,11,9,946
23010006731000,85,41,44,3060
23010006732000,99,41,58,3474.9
23010006733000,50,26,24,1635
23010006734000,37,16,21,1709.4
23010006735000,42,19,23,2406.6
23010006736000,41,22,19,1676.9
23010006737000,69,36,33,2925.6
23010006738000,42,19,23,2167.2
23010006739000,117,56,61,4984.2
23010006740000,16,10,6,662.4
23010006742000,6,3,3,229.8
23010006743000,26,15,11,1133.6
23010006744000,55,26,29,2057
23010006745000,21,9,12,756
23010006746000,180,94,86,6408
23010006747000,770,378,392,30646
23010006748000,1022,482,540,48136.2
23010006749000,550,267,283,21450
23010006750000,19,10,9,993.7
23010006751000,31,16,15,1147
23010006752000,34,17,17,1428
23010006753000,54,30,24,2489.4
23010006754000,71,37,34,2236.5
23010006755000,9,7,2,383.4
23010006782000,23,12,11,1106.3
23010006783000,32,14,18,1340.8
23010006784000,17,12,5,693.6
23010006794000,14,9,5,632.8
23010006798000,13,9,4,448.5
23010006799000,19,11,8,735.3
23010006800000,7,2,5,305.2
23010006841000,8,3,5,283.2
23010006844000,18,11,7,597.6
23010006845000,4,2,2,0
23010006846000,14,8,6,754.6
23010006847000,1,1,0,0
23010006848000,1,1,0,0
23010006930000,2,1,1,0
23010006936000,23,9,14,814.2
23010006937000,30,17,13,1284
23010006938000,26,13,13,1053
23010006984000,13,7,6,617.5
23010006985000,10,4,6,552
23010007013000,35,20,15,1592.5
23010007014000,20,14,6,1004
23010007015000,42,24,18,1806
23010007016000,60,27,33,3180
23010007017000,138,68,70,5920.2
23010007018000,32,16,16,1628.8
23010007019000,1,0,1,0
23010007022000,33,15,18,1161.6
23010007023000,22,13,9,941.6
23010007035000,10,5,5,446
23010007036000,24,13,11,938.4
23010007039000,10,4,6,271
23010007040000,34,16,18,1339.6
23010007041000,39,18,21,1489.8
23010007042000,41,20,21,1693.3
23010007043000,21,11,10,825.3
23010007045000,2,1,1,0
23010007048000,11,6,5,508.2
23010007052000,17,11,6,576.3
23010007053000,33,15,18,1650
23010007056000,14,9,5,421.4
23010007057000,35,16,19,1368.5
23010007058000,39,19,20,1294.8
23010007059000,13,6,7,503.1
23010007064000,3,1,2,0
23010007065000,5,3,2,269
23010007069000,4,2,2,0
23010007077000,6,4,2,190.2
23010007078000,7,4,3,345.8
23010007081000,6,5,1,201
23010007082000,19,10,9,891.1
23010007083000,8,5,3,343.2
23010007084000,7,4,3,345.8
23010007089000,5,3,2,309
23010007090000,15,9,6,525
23010007091000,1,1,0,0
23010007094000,17,8,9,591.6
23010007103000,1,1,0,0
23010007158000,14,6,8,478.8
23010007159000,14,5,9,637
23010007199000,2,2,0,0
23010007201000,2,2,0,0
23010007203000,17,9,8,771.8
23020006541000,2,1,1,0
23020006551000,2,2,0,0
23020006553000,8,3,5,287.2
23020006561000,13,8,5,569.4
23020006563000,12,6,6,345.6
23020006564000,7,3,4,427
23020006584000,9,4,5,371.7
23020006585000,9,9,0,343.8
23020006589000,1,1,0,0
23020006593000,3,2,1,0
23020006605000,22,12,10,1236.4
23020006606000,70,36,34,2863
23020006607000,56,28,28,2021.6
23020006615000,10,6,4,390
23020006616000,5,3,2,353
23020006617000,13,7,6,405.6
23020006618000,9,4,5,343.8
23020006619000,20,12,8,978
23020006620000,41,22,19,1385.8
23020006621000,4,2,2,0
23020006623000,3,1,2,0
23020006624000,5,3,2,153
23020006625000,29,17,12,1096.2
23020006626000,21,11,10,745.5
23020006627000,11,8,3,390.5
23020006628000,16,9,7,641.6
23020006629000,18,7,11,678.6
23020006630000,33,19,14,1448.7
23020006631000,31,13,18,1078.8
23020006632000,15,7,8,595.5
23020006633000,356,184,172,14987.6
23020006634000,127,61,66,5829.3
23020006635000,182,99,83,6988.8
23020006636000,335,170,165,12830.5
23020006637000,20,14,6,690
23020006638000,18,10,8,567
23020006646000,13,5,8,577.2
23020006647000,46,21,25,2111.4
23020006648000,883,444,439,32052.9
23020006649000,124,68,56,4674.8
23020006651000,26,11,15,873.6
23020006652000,8,5,3,199.2
23020006653000,10,6,4,345
23020006664000,2,1,1,0
23020006665000,87,43,44,3836.7
23020006666000,35,18,17,1519
23020006667000,25,13,12,890
23020006668000,31,18,13,1202.8
23020006669000,3,3,0,0
23020006670000,99,59,40,4266.9
23020006671000,24,10,14,1041.6
23020006672000,6,3,3,142.8
23020006673000,3,2,1,0
23020006674000,122,57,65,4367.6
23020006676000,32,13,19,1264
23020006677000,33,18,15,1214.4
23020006678000,2,1,1,0
23020006679000,3,1,2,0
23020006680000,38,21,17,1349
23020006712000,2,1,1,0
23020006727000,3,2,1,0
23020006729000,20,11,9,1138
23020006730000,84,45,39,3746.4
23020006731000,75,37,38,3442.5
23020006732000,24,14,10,1166.4
23020006733000,17,9,8,656.2
23020006734000,6,5,1,321
23020006735000,68,36,32,3060
23020006736000,32,19,13,1222.4
23020006737000,16,10,6,572.8
23020006738000,54,29,25,2343.6
23020006739000,137,69,68,5260.8
23020006740000,8,5,3,356
23020006741000,8,6,2,270.4
23020006742000,12,7,5,541.2
23020006743000,8,5,3,364.8
23020006745000,27,13,14,1161
23020006746000,38,18,20,1782.2
23020006747000,12,8,4,520.8
23020006748000,39,19,20,1700.4
23020006749000,117,62,55,4235.4
23020006750000,32,18,14,1193.6
23020006751000,70,41,29,2681
23020006752000,30,16,14,1188
23020006753000,147,70,77,6115.2
23020006754000,63,32,31,2249.1
23020006755000,45,24,21,1845
23020006756000,32,18,14,1363.2
23020006773000,2,1,1,0
23020006775000,18,9,9,766.8
23020006776000,70,40,30,2940
23020006781000,21,10,11,672
23020006783000,67,36,31,2666.6
23020006784000,100,52,48,4130
23020006785000,19,8,11,486.4
23020006786000,1,1,0,0
23020006794000,2,1,1,0
23020006795000,5,2,3,304
23020006796000,33,20,13,1402.5
23020006797000,4,3,1,0
23020006822000,4,1,3,0
23020006823000,5,3,2,209
23020006932000,4,3,1,0
23020006933000,5,3,2,269
23020006934000,23,11,12,959.1
23020006935000,21,13,8,863.1
23020006936000,26,14,12,1281.8
23020006937000,12,5,7,496.8
23020006983000,1,1,0,0
23020006984000,26,15,11,985.4
23020007012000,7,3,4,263.2
23020007013000,23,14,9,995.9
23020007014000,75,41,34,3007.5
23020007015000,6,3,3,142.8
23020007017000,2,1,1,0
23020007018000,30,14,16,1353
23020007019000,15,8,7,769.5
23020007020000,3,2,1,0
23020007022000,27,14,13,1128.6
23020007023000,98,45,53,3243.8
23020007024000,28,19,9,1271.2
23020007033000,19,10,9,583.3
23020007035000,14,6,8,435.4
23020007040000,31,16,15,1174.9
23020007041000,12,7,5,538.8
23020007042000,18,9,9,700.2
23020007043000,31,15,16,1438.4
23020007044000,13,6,7,612.3
23020007048000,6,3,3,178.2
23020007056000,2,1,1,0
23020007057000,33,16,17,1613.7
23020007058000,24,17,7,976.8
23020007059000,35,20,15,903
23020007061000,9,4,5,318.6
23020007065000,8,4,4,239.2
23020007069000,10,6,4,464
23020007070000,11,3,8,421.3
23020007078000,10,3,7,549
23020007079000,10,6,4,538
23020007080000,10,5,5,441
23020007081000,46,22,24,1876.8
23020007082000,89,46,43,3346.4
23020007083000,33,20,13,1128.6
23020007090000,8,4,4,440.8
23020007091000,5,3,2,300
23020007095000,1,1,0,0
23020007157000,2,2,0,0
23020007158000,21,13,8,1008
23020007159000,122,64,58,5270.4
23020007160000,3,2,1,0
23020007203000,16,6,10,491.2
23030006536000,2,1,1,0
23030006540000,11,7,4,308
23030006548000,1,1,0,0
23030006549000,4,2,2,0
23030006550000,4,3,1,0
23030006551000,4,2,2,0
23030006552000,17,8,9,656.2
23030006554000,4,2,2,0
23030006561000,4,2,2,0
23030006564000,4,2,2,0
23030006565000,11,7,4,425.7
23030006581000,4,2,2,0
23030006582000,20,11,9,950
23030006583000,6,2,4,228
23030006584000,3,2,1,0
23030006585000,6,4,2,202.8
23030006586000,4,2,2,0
23030006587000,1,1,0,0
23030006588000,6,3,3,235.8
23030006589000,11,5,6,372.9
23030006604000,9,3,6,171.9
23030006605000,4,1,3,0
23030006606000,57,32,25,2513.7
23030006607000,5,2,3,205
23030006610000,2,1,1,0
23030006611000,4,3,1,0
23030006612000,8,4,4,190.4
23030006613000,9,5,4,343.8
23030006614000,20,6,14,862
23030006615000,32,18,14,1536
23030006616000,36,16,20,1472.4
23030006619000,4,2,2,0
23030006620000,2,1,1,0
23030006622000,2,1,1,0
23030006623000,10,5,5,366
23030006624000,11,4,7,424.6
23030006625000,43,21,22,1780.2
23030006630000,11,6,5,454.3
23030006631000,29,13,16,1186.1
23030006632000,66,31,35,3095.4
23030006633000,8,6,2,184
23030006634000,5,2,3,158
23030006635000,3,1,2,0
23030006636000,118,71,47,4330.6
23030006637000,32,13,19,1196.8
23030006638000,20,11,9,1048
23030006639000,28,15,13,1103.2
23030006647000,57,31,26,2006.4
23030006648000,255,120,135,9996
23030006649000,12,4,8,402
23030006650000,5,4,1,235
23030006651000,14,8,6,701.4
23030006652000,2,0,2,0
23030006653000,9,5,4,387.9
23030006666000,888,448,440,33477.6
23030006667000,152,79,73,5411.2
23030006668000,41,19,22,1594.9
23030006669000,435,196,239,21097.5
23030006670000,792,340,452,43797.6
23030006671000,12,3,9,514.8
23030006672000,7,2,5,375.2
23030006673000,1,1,0,0
23030006674000,15,9,6,613.5
23030006675000,9,5,4,502.2
23030006676000,17,8,9,632.4
23030006677000,37,20,17,1801.9
23030006678000,35,19,16,1473.5
23030006679000,17,8,9,549.1
23030006712000,2,1,1,0
23030006725000,6,3,3,136.2
23030006728000,10,5,5,414
23030006729000,26,16,10,1162.2
23030006730000,4,2,2,0
23030006733000,5,2,3,237
23030006734000,4,2,2,0
23030006735000,25,11,14,1177.5
23030006736000,9,5,4,378
23030006738000,26,12,14,748.8
23030006739000,45,23,22,1944
23030006741000,8,2,6,404.8
23030006742000,2,1,1,0
23030006743000,4,2,2,0
23030006745000,28,11,17,826
23030006746000,51,28,23,2070.6
23030006747000,38,19,19,1907.6
23030006748000,65,36,29,3003
23030006749000,61,32,29,2324.1
23030006750000,39,21,18,1591.2
23030006751000,15,7,8,487.5
23030006752000,8,5,3,496
23030006753000,69,41,28,3077.4
23030006754000,90,42,48,4311
23030006755000,18,10,8,725.4
23030006756000,26,13,13,912.6
23030006773000,5,2,3,273
23030006774000,11,7,4,390.5
23030006775000,13,8,5,562.9
23030006776000,14,6,8,673.4
23030006777000,13,9,4,587.6
23030006778000,8,4,4,314.4
23030006779000,6,3,3,393
23030006780000,7,6,1,296.8
23030006781000,62,32,30,1791.8
23030006782000,647,308,339,22062.7
23030006783000,88,42,46,3168
23030006784000,110,63,47,4334
23030006785000,55,32,23,2018.5
23030006786000,10,3,7,288
23030006787000,4,1,3,0
23030006788000,2,2,0,0
23030006789000,1,1,0,0
23030006792000,13,8,5,491.4
23030006793000,27,12,15,1193.4
23030006794000,36,19,17,1468.8
23030006795000,25,13,12,1140
23030006796000,3,1,2,0
23030006797000,4,2,2,0
23030006820000,1,1,0,0
23030006821000,4,3,1,0
23030006919000,7,4,3,480.2
23030006920000,54,28,26,2122.2
23030006921000,6,3,3,297
23030006933000,1,0,1,0
23030006934000,13,6,7,743.6
23030006935000,41,24,17,1570.3
23030006936000,23,10,13,931.5
23030006982000,4,3,1,0
23030006983000,43,21,22,1763
23030007012000,12,7,5,434.4
23030007013000,9,5,4,284.4
23030007014000,64,31,33,2566.4
23030007015000,9,7,2,372.6
23030007017000,5,2,3,374
23030007018000,84,49,35,3452.4
23030007019000,33,17,16,1214.4
23030007020000,31,15,16,1391.9
23030007021000,27,13,14,1039.5
23030007022000,26,12,14,1183
23030007023000,62,36,26,2393.2
23030007024000,5,3,2,303
23030007033000,21,12,9,1071
23030007034000,46,24,22,1472
23030007035000,70,40,30,2625
23030007040000,3,2,1,0
23030007041000,31,18,13,1305.1
23030007042000,37,20,17,1502.2
23030007043000,70,34,36,2205
23030007044000,28,15,13,1388.8
23030007045000,22,10,12,1003.2
23030007046000,5,3,2,205
23030007048000,27,8,19,923.4
23030007049000,13,6,7,361.4
23030007050000,20,9,11,624
23030007051000,5,3,2,153
23030007057000,2,1,1,0
23030007058000,37,13,24,1498.5
23030007059000,160,80,80,5472
23030007060000,3,2,1,0
23030007066000,7,5,2,252.7
23030007068000,14,6,8,256.2
23030007069000,8,5,3,362.4
23030007070000,26,14,12,1066
23030007071000,18,10,8,637.2
23030007074000,3,1,2,0
23030007075000,18,11,7,743.4
23030007081000,12,6,6,598.8
23030007082000,177,85,92,8265.9
23030007083000,48,26,22,2040
23030007090000,9,5,4,432.9
23030007096000,1,0,1,0
23030007104000,2,1,1,0
23030007154000,13,6,7,564.2
23030007155000,12,7,5,566.4
23030007156000,2,1,1,0
23030007157000,12,4,8,424.8
23030007158000,97,49,48,4044.9
23030007159000,164,84,80,6642
23030007170000,5,2,3,305
23030007198000,2,1,1,0
23030007200000,19,12,7,763.8
23030007204000,11,5,6,511.5
23030007205000,5,2,3,164
23040006538000,3,2,1,0
23040006539000,10,5,5,518
23040006550000,10,4,6,326
23040006551000,7,4,3,279.3
23040006553000,3,2,1,0
23040006564000,2,0,2,0
23040006580000,3,2,1,0
23040006581000,9,5,4,370.8
23040006589000,3,2,1,0
23040006590000,6,2,4,244.2
23040006605000,3,2,1,0
23040006612000,5,3,2,172
23040006613000,10,6,4,454
23040006614000,7,4,3,427.7
23040006619000,6,4,2,211.2
23040006620000,6,1,5,175.8
23040006622000,21,11,10,823.2
23040006623000,4,2,2,0
23040006630000,4,2,2,0
23040006631000,41,22,19,1271
23040006632000,24,13,11,1024.8
23040006633000,4,2,2,0
23040006634000,18,10,8,923.4
23040006635000,19,10,9,826.5
23040006637000,43,20,23,1831.8
23040006638000,8,3,5,428.8
23040006639000,22,9,13,838.2
23040006640000,10,6,4,490
23040006641000,17,8,9,822.8
23040006646000,7,5,2,279.3
23040006647000,72,35,37,2181.6
23040006648000,55,29,26,2167
23040006649000,7,5,2,277.2
23040006650000,16,6,10,649.6
23040006651000,15,7,8,714
23040006652000,27,13,14,1247.4
23040006653000,23,14,9,1260.4
23040006654000,3,2,1,0
23040006666000,154,77,77,6206.2
23040006667000,75,32,43,3300
23040006668000,127,59,68,5143.5
23040006669000,966,452,514,44146.2
23040006670000,457,216,241,20565
23040006671000,868,404,464,35674.8
23040006672000,39,20,19,1318.2
23040006673000,18,9,9,491.4
23040006674000,7,4,3,322
23040006675000,78,44,34,3400.8
23040006676000,10,6,4,406
23040006677000,9,4,5,297
23040006678000,35,16,19,1774.5
23040006679000,67,34,33,2834.1
23040006702000,6,2,4,91.2
23040006703000,20,10,10,920
23040006706000,3,2,1,0
23040006707000,9,5,4,347.4
23040006729000,2,1,1,0
23040006735000,2,1,1,0
23040006740000,1,1,0,0
23040006742000,1,0,1,0
23040006743000,1,0,1,0
23040006744000,12,3,9,278.4
23040006745000,12,5,7,572.4
23040006746000,15,8,7,823.5
23040006748000,12,7,5,555.6
23040006749000,21,10,11,921.9
23040006750000,18,11,7,756
23040006751000,3,1,2,0
23040006752000,5,3,2,232
23040006754000,3,1,2,0
23040006755000,3,3,0,0
23040006770000,4,1,3,0
23040006771000,4,3,1,0
23040006772000,10,7,3,292
23040006773000,7,4,3,219.8
23040006774000,15,6,9,568.5
23040006775000,34,19,15,1421.2
23040006776000,51,24,27,2106.3
23040006777000,55,31,24,2183.5
23040006778000,21,11,10,907.2
23040006779000,6,4,2,220.2
23040006780000,17,11,6,863.6
23040006781000,57,30,27,2000.7
23040006782000,394,197,197,19266.6
23040006783000,642,325,317,27670.2
23040006784000,287,161,126,12082.7
23040006785000,24,13,11,1032
23040006786000,37,18,19,1613.2
23040006787000,17,7,10,659.6
23040006788000,1,1,0,0
23040006818000,1,1,0,0
23040006819000,18,10,8,1051.2
23040006820000,3,1,2,0
23040006920000,5,1,4,227
23040006934000,52,25,27,2043.6
23040006935000,67,33,34,3021.7
23040006936000,24,13,11,1240.8
23040006963000,2,2,0,0
23040006964000,5,1,4,158
23040006967000,5,3,2,267
23040006982000,10,7,3,378
23040006983000,63,29,34,2803.5
23040007012000,67,31,36,2887.7
23040007013000,28,17,11,924
23040007014000,72,34,38,3124.8
23040007015000,15,9,6,549
23040007017000,2,1,1,0
23040007018000,39,18,21,1521
23040007019000,227,123,104,9261.6
23040007020000,67,33,34,2385.2
23040007021000,8,5,3,359.2
23040007033000,41,25,16,1217.7
23040007034000,46,25,21,2005.6
23040007035000,23,9,14,890.1
23040007041000,11,7,4,441.1
23040007042000,57,31,26,1732.8
23040007043000,41,19,22,1615.4
23040007044000,39,22,17,1337.7
23040007045000,7,3,4,273
23040007046000,66,40,26,2343
23040007047000,48,26,22,1872
23040007048000,19,9,10,742.9
23040007049000,66,33,33,2197.8
23040007050000,19,10,9,818.9
23040007051000,20,11,9,904
23040007052000,5,3,2,78
23040007058000,14,6,8,667.8
23040007059000,433,211,222,18315.9
23040007060000,21,11,10,730.8
23040007061000,9,5,4,339.3
23040007062000,30,16,14,1236
23040007066000,2,1,1,0
23040007067000,9,5,4,322.2
23040007068000,32,14,18,1139.2
23040007069000,175,91,84,6965
23040007070000,112,58,54,4009.6
23040007074000,6,4,2,289.2
23040007075000,15,7,8,529.5
23040007076000,11,5,6,546.7
23040007079000,3,1,2,0
23040007083000,32,17,15,1494.4
23040007084000,4,2,2,0
23040007088000,2,1,1,0
23040007089000,30,18,12,1689
23040007090000,19,7,12,703
23040007096000,1,1,0,0
23040007097000,16,7,9,771.2
23040007153000,1,1,0,0
23040007154000,7,3,4,249.9
23040007158000,17,10,7,1118.6
23040007159000,40,22,18,1644
23040007164000,1,1,0,0
23040007168000,5,3,2,93
23040007197000,1,1,0,0
23040007198000,9,7,2,218.7
23040007199000,3,1,2,0
23040007201000,3,2,1,0
23040007205000,2,1,1,0
23040007206000,12,6,6,488.4
23050006538000,12,7,5,566.4
23050006539000,4,2,2,0
23050006543000,4,2,2,0
23050006560000,7,3,4,205.1
23050006564000,10,6,4,457
23050006565000,10,7,3,392
23050006582000,3,1,2,0
23050006588000,2,1,1,0
23050006605000,5,3,2,187
23050006606000,6,4,2,190.8
23050006609000,12,9,3,333.6
23050006610000,22,12,10,1302.4
23050006611000,4,2,2,0
23050006612000,7,4,3,476.7
23050006613000,11,6,5,651.2
23050006614000,2,1,1,0
23050006618000,4,3,1,0
23050006619000,4,2,2,0
23050006620000,50,24,26,2260
23050006621000,7,5,2,349.3
23050006622000,6,2,4,238.8
23050006623000,43,19,24,1840.4
23050006624000,3,2,1,0
23050006625000,1,1,0,0
23050006632000,17,10,7,593.3
23050006633000,16,11,5,724.8
23050006635000,14,8,6,652.4
23050006637000,2,1,1,0
23050006638000,48,23,25,2155.2
23050006640000,55,27,28,2337.5
23050006641000,56,32,24,2480.8
23050006647000,57,37,20,2422.5
23050006648000,18,11,7,694.8
23050006650000,29,10,19,884.5
23050006651000,3,2,1,0
23050006653000,9,5,4,412.2
23050006654000,27,14,13,791.1
23050006655000,10,6,4,432
23050006666000,5,2,3,275
23050006667000,13,6,7,517.4
23050006668000,211,110,101,7553.8
23050006669000,216,109,107,9136.8
23050006670000,29,14,15,1139.7
23050006671000,107,56,51,4665.2
23050006672000,29,13,16,1052.7
23050006673000,32,16,16,1289.6
23050006674000,20,12,8,720
23050006675000,29,15,14,1122.3
23050006676000,15,9,6,658.5
23050006677000,6,4,2,235.8
23050006678000,30,14,16,975
23050006679000,11,7,4,465.3
23050006681000,14,8,6,700
23050006682000,23,15,8,841.8
23050006683000,10,3,7,563
23050006685000,4,3,1,0
23050006687000,6,3,3,184.8
23050006688000,22,12,10,871.2
23050006700000,16,8,8,483.2
23050006701000,3,3,0,0
23050006702000,28,13,15,1248.8
23050006703000,9,4,5,437.4
23050006705000,42,21,21,1999.2
23050006706000,78,41,37,3588
23050006709000,2,1,1,0
23050006735000,1,1,0,0
23050006736000,3,2,1,0
23050006737000,1,1,0,0
23050006743000,4,1,3,0
23050006744000,3,2,1,0
23050006745000,38,24,14,1755.6
23050006749000,1,1,0,0
23050006752000,2,1,1,0
23050006753000,4,2,2,0
23050006768000,9,6,3,243.9
23050006769000,31,18,13,1286.5
23050006770000,9,4,5,415.8
23050006772000,2,1,1,0
23050006777000,16,9,7,520
23050006778000,12,7,5,459.6
23050006779000,4,3,1,0
23050006780000,7,4,3,273.7
23050006781000,16,9,7,561.6
23050006782000,36,16,20,1738.8
23050006783000,94,47,47,3694.2
23050006784000,48,33,15,1296
23050006785000,8,4,4,451.2
23050006786000,18,8,10,786.6
23050006810000,4,1,3,0
23050006813000,1,0,1,0
23050006814000,1,1,0,0
23050006815000,1,1,0,0
23050006816000,9,5,4,342.9
23050006820000,2,1,1,0
23050006932000,9,5,4,522
23050006933000,1,0,1,0
23050006934000,310,163,147,12431
23050006935000,196,92,104,10113.6
23050006936000,12,6,6,610.8
23050006937000,11,8,3,500.5
23050006938000,1,1,0,0
23050006962000,1,1,0,0
23050006963000,4,1,3,0
23050006964000,6,3,3,340.8
23050006965000,30,13,17,1050
23050006967000,5,4,1,203
23050006968000,21,12,9,1184.4
23050006969000,11,6,5,488.4
23050006973000,3,2,1,0
23050006975000,3,2,1,0
23050006976000,14,10,4,616
23050006980000,8,4,4,380
23050006981000,15,6,9,496.5
23050006982000,129,65,64,5637.3
23050006983000,31,13,18,1419.8
23050007012000,63,30,33,2601.9
23050007013000,55,29,26,2491.5
23050007014000,59,33,26,2407.2
23050007015000,10,6,4,508
23050007020000,19,11,8,786.6
23050007021000,33,18,15,1296.9
23050007034000,18,8,10,520.2
23050007042000,318,165,153,11193.6
23050007043000,42,23,19,1881.6
23050007044000,16,8,8,513.6
23050007045000,2,1,1,0
23050007046000,16,10,6,745.6
23050007047000,22,11,11,957
23050007048000,42,17,25,1591.8
23050007049000,50,24,26,1510
23050007050000,8,4,4,308
23050007051000,6,3,3,220.8
23050007058000,6,3,3,238.2
23050007059000,30,16,14,1017
23050007060000,14,7,7,546
23050007061000,35,16,19,1603
23050007062000,37,20,17,1250.6
23050007063000,17,9,8,793.9
23050007066000,51,27,24,1922.7
23050007067000,19,9,10,820.8
23050007068000,52,26,26,1955.2
23050007069000,6,4,2,205.8
23050007076000,26,11,15,1175.2
23050007077000,62,29,33,2808.6
23050007078000,38,21,17,1371.8
23050007079000,6,4,2,282
23050007080000,6,2,4,265.2
23050007083000,5,2,3,347
23050007084000,11,5,6,519.2
23050007087000,1,1,0,0
23050007088000,19,7,12,853.1
23050007089000,21,13,8,888.3
23050007153000,2,1,1,0
23050007155000,1,0,1,0
23050007159000,4,2,2,0
23050007165000,7,2,5,184.8
23050007168000,4,1,3,0
23050007200000,1,1,0,0
23050007206000,29,15,14,1023.7
23060006537000,2,1,1,0
23060006538000,5,2,3,193
23060006560000,1,0,1,0
23060006561000,5,3,2,122
23060006565000,2,1,1,0
23060006603000,2,0,2,0
23060006604000,2,1,1,0
23060006605000,37,22,15,1653.9
23060006606000,11,7,4,495
23060006607000,4,1,3,0
23060006608000,22,12,10,734.8
23060006609000,1,1,0,0
23060006610000,12,6,6,511.2
23060006611000,10,4,6,384
23060006612000,30,16,14,1074
23060006613000,21,10,11,1079.4
23060006614000,4,2,2,0
23060006615000,3,1,2,0
23060006618000,27,14,13,1109.7
23060006624000,21,13,8,942.9
23060006625000,5,3,2,317
23060006633000,21,10,11,1026.9
23060006637000,20,12,8,926
23060006638000,16,8,8,668.8
23060006639000,8,6,2,256.8
23060006640000,3,3,0,0
23060006641000,44,23,21,1944.8
23060006642000,76,39,37,2918.4
23060006643000,383,196,187,13788
23060006644000,69,37,32,2097.6
23060006646000,8,4,4,438.4
23060006647000,83,42,41,3444.5
23060006648000,126,68,58,4599
23060006649000,12,6,6,495.6
23060006650000,11,5,6,529.1
23060006651000,13,7,6,499.2
23060006654000,2,1,1,0
23060006655000,5,3,2,303
23060006656000,8,4,4,204.8
23060006666000,2,2,0,0
23060006668000,25,15,10,890
23060006669000,6,4,2,385.2
23060006670000,30,17,13,1071
23060006671000,36,17,19,1166.4
23060006672000,9,4,5,392.4
23060006673000,9,6,3,522
23060006674000,21,13,8,926.1
23060006675000,41,27,14,1623.6
23060006676000,511,263,248,18600.4
23060006677000,14,5,9,582.4
23060006680000,42,21,21,2062.2
23060006681000,95,48,47,4294
23060006682000,43,22,21,1423.3
23060006683000,16,10,6,766.4
23060006684000,16,10,6,652.8
23060006685000,65,36,29,2522
23060006686000,22,10,12,809.6
23060006687000,16,8,8,875.2
23060006700000,13,7,6,647.4
23060006701000,43,20,23,1904.9
23060006702000,78,38,40,3166.8
23060006703000,1,1,0,0
23060006704000,12,5,7,423.6
23060006705000,55,21,34,2337.5
23060006706000,37,19,18,1620.6
23060006707000,3,2,1,0
23060006708000,8,5,3,456.8
23060006722000,2,1,1,0
23060006724000,2,1,1,0
23060006726000,3,1,2,0
23060006727000,6,4,2,228
23060006738000,6,2,4,175.8
23060006745000,14,7,7,627.2
23060006753000,10,4,6,438
23060006767000,7,5,2,240.8
23060006768000,6,3,3,181.2
23060006784000,5,3,2,159
23060006809000,6,2,4,255
23060006810000,4,1,3,0
23060006811000,4,2,2,0
23060006812000,2,1,1,0
23060006934000,20,11,9,1138
23060006935000,84,42,42,3292.8
23060006936000,5,3,2,264
23060006968000,2,1,1,0
23060006969000,18,11,7,844.2
23060006970000,11,3,8,435.6
23060006971000,8,4,4,614.4
23060006973000,6,2,4,229.8
23060006974000,29,17,12,1189
23060006975000,9,6,3,444.6
23060006980000,8,3,5,512
23060006981000,13,9,4,575.9
23060006982000,25,13,12,1155
23060006983000,12,6,6,418.8
23060007011000,4,2,2,0
23060007012000,34,18,16,1390.6
23060007013000,43,17,26,1616.8
23060007014000,1,0,1,0
23060007021000,15,7,8,538.5
23060007035000,11,6,5,445.5
23060007042000,73,25,48,4146.4
23060007043000,244,124,120,9808.8
23060007044000,272,141,131,8513.6
23060007045000,46,22,24,1978
23060007046000,89,48,41,3061.6
23060007047000,47,25,22,1748.4
23060007048000,35,17,18,1799
23060007049000,23,10,13,989
23060007050000,2,1,1,0
23060007058000,11,6,5,568.7
23060007059000,22,12,10,679.8
23060007060000,27,14,13,793.8
23060007061000,14,5,9,448
23060007062000,7,3,4,326.2
23060007063000,11,5,6,503.8
23060007064000,10,6,4,400
23060007066000,16,9,7,760
23060007067000,17,11,6,504.9
23060007069000,17,9,8,608.6
23060007070000,16,10,6,724.8
23060007076000,29,16,13,899
23060007077000,14,6,8,940.8
23060007078000,28,14,14,1453.2
23060007079000,40,21,19,1356
23060007084000,12,6,6,571.2
23060007085000,3,1,2,0
23060007086000,2,1,1,0
23060007152000,3,2,1,0
23060007153000,12,7,5,562.8
23060007159000,1,1,0,0
23060007161000,6,4,2,205.2
23060007162000,2,1,1,0
23060007168000,2,1,1,0
23060007169000,23,12,11,1251.2
23060007199000,1,0,1,0
23060007200000,6,3,3,318
23060007201000,1,1,0,0
23060007203000,3,2,1,0
23060007210000,1,0,1,0
23060007211000,4,3,1,0
23070006538000,30,17,13,1332
23070006542000,7,3,4,247.8
23070006543000,3,2,1,0
23070006544000,3,2,1,0
23070006560000,2,1,1,0
23070006579000,4,2,2,0
23070006603000,5,3,2,225
23070006604000,14,7,7,512.4
23070006605000,30,13,17,1053
23070006606000,17,11,6,593.3
23070006607000,22,12,10,809.6
23070006608000,4,2,2,0
23070006610000,9,4,5,377.1
23070006611000,3,1,2,0
23070006613000,11,7,4,424.6
23070006614000,1,1,0,0
23070006616000,4,1,3,0
23070006624000,7,4,3,387.8
23070006625000,1,1,0,0
23070006638000,31,15,16,1286.5
23070006639000,35,17,18,1435
23070006640000,11,6,5,383.9
23070006641000,14,7,7,547.4
23070006642000,390,187,203,16029
23070006643000,1103,540,563,49635
23070006644000,154,76,78,5990.6
23070006645000,44,20,24,1755.6
23070006647000,74,43,31,3056.2
23070006648000,37,19,18,1224.7
23070006649000,14,9,5,834.4
23070006656000,1,1,0,0
23070006662000,3,2,1,0
23070006668000,99,52,47,3395.7
23070006669000,20,9,11,970
23070006670000,77,36,41,2764.3
23070006671000,29,15,14,1566
23070006672000,11,6,5,526.9
23070006673000,28,11,17,1134
23070006674000,11,6,5,364.1
23070006675000,58,32,26,2296.8
23070006676000,75,38,37,3075
23070006677000,32,13,19,1283.2
23070006678000,2,2,0,0
23070006679000,37,18,19,1258
23070006680000,37,21,16,1346.8
23070006682000,280,145,135,11116
23070006683000,5,3,2,210
23070006684000,2,1,1,0
23070006686000,2,1,1,0
23070006700000,46,23,23,2051.6
23070006701000,10,5,5,414
23070006702000,13,6,7,755.3
23070006703000,17,9,8,807.5
23070006704000,33,19,14,1544.4
23070006705000,97,53,44,3695.7
23070006706000,77,39,38,3280.2
23070006707000,20,10,10,730
23070006725000,5,3,2,170
23070006726000,3,1,2,0
23070006739000,3,3,0,0
23070006742000,5,3,2,147
23070006744000,5,2,3,140
23070006745000,21,14,7,1060.5
23070006754000,5,3,2,243
23070006766000,16,9,7,641.6
23070006767000,3,3,0,0
23070006784000,4,3,1,0
23070006785000,8,3,5,344.8
23070006805000,2,1,1,0
23070006934000,44,19,25,1988.8
23070006935000,45,22,23,2079
23070006936000,19,11,8,843.6
23070006937000,4,2,2,0
23070006939000,1,1,0,0
23070006973000,36,19,17,1357.2
23070006974000,40,18,22,1620
23070006975000,17,8,9,984.3
23070006976000,17,7,10,579.7
23070006983000,6,3,3,265.8
23070007011000,13,7,6,536.9
23070007012000,5,2,3,301
23070007013000,3,1,2,0
23070007016000,1,1,0,0
23070007035000,13,8,5,470.6
23070007042000,11,9,2,292.6
23070007043000,43,21,22,1935
23070007044000,68,32,36,2441.2
23070007045000,4,1,3,0
23070007046000,14,7,7,621.6
23070007047000,115,59,56,4197.5
23070007048000,80,41,39,2648
23070007049000,32,20,12,1206.4
23070007052000,1,1,0,0
23070007057000,16,6,10,691.2
23070007059000,8,4,4,248
23070007060000,16,9,7,593.6
23070007061000,14,9,5,418.6
23070007063000,6,4,2,124.2
23070007064000,21,9,12,896.7
23070007065000,69,34,35,2587.5
23070007066000,13,8,5,540.8
23070007067000,13,3,10,412.1
23070007068000,4,2,2,0
23070007069000,15,8,7,733.5
23070007077000,23,11,12,685.4
23070007078000,14,6,8,415.8
23070007079000,32,17,15,1097.6
23070007080000,8,4,4,480.8
23070007085000,23,13,10,1251.2
23070007086000,25,14,11,875
23070007087000,6,3,3,118.2
23070007088000,2,2,0,0
23070007089000,26,11,15,842.4
23070007090000,10,6,4,455
23070007108000,6,4,2,246
23070007151000,1,1,0,0
23070007159000,1,1,0,0
23070007161000,2,1,1,0
23070007162000,5,3,2,248
23070007167000,1,0,1,0
23070007205000,17,5,12,953.7
23070007211000,16,8,8,534.4
23070007212000,2,1,1,0
23080006537000,61,32,29,3226.9
23080006538000,10,6,4,262
23080006539000,2,1,1,0
23080006540000,2,1,1,0
23080006541000,6,5,1,298.2
23080006560000,7,2,5,303.8
23080006561000,3,0,3,0
23080006562000,28,14,14,982.8
23080006563000,4,2,2,0
23080006564000,5,3,2,251
23080006565000,18,10,8,698.4
23080006571000,2,2,0,0
23080006572000,1,1,0,0
23080006573000,12,6,6,584.4
23080006574000,7,4,3,263.2
23080006575000,13,7,6,382.2
23080006576000,12,5,7,486
23080006578000,2,1,1,0
23080006586000,6,2,4,226.8
23080006587000,2,1,1,0
23080006588000,2,1,1,0
23080006602000,5,3,2,312
23080006603000,4,1,3,0
23080006604000,4,2,2,0
23080006606000,1,0,1,0
23080006608000,16,6,10,556.8
23080006609000,7,4,3,261.8
23080006610000,2,1,1,0
23080006611000,4,2,2,0
23080006612000,22,13,9,893.2
23080006613000,14,6,8,609
23080006615000,27,16,11,1277.1
23080006616000,1,1,0,0
23080006626000,1,0,1,0
23080006639000,14,5,9,410.2
23080006642000,428,223,205,13867.2
23080006643000,369,182,187,14833.8
23080006646000,15,7,8,547.5
23080006647000,41,23,18,1824.5
23080006648000,19,9,10,710.6
23080006649000,8,5,3,440.8
23080006660000,2,1,1,0
23080006668000,29,16,13,1104.9
23080006669000,25,13,12,765
23080006670000,2,1,1,0
23080006673000,19,8,11,750.5
23080006674000,33,18,15,1722.6
23080006675000,199,104,95,6169
23080006676000,29,18,11,1339.8
23080006677000,16,8,8,524.8
23080006679000,34,20,14,1621.8
23080006680000,22,14,8,926.2
23080006682000,57,31,26,2285.7
23080006683000,37,21,16,1221
23080006684000,10,3,7,494
23080006698000,26,14,12,891.8
23080006699000,7,3,4,249.9
23080006700000,142,77,65,5651.6
23080006701000,59,31,28,3026.7
23080006702000,65,30,35,2593.5
23080006703000,33,16,17,1788.6
23080006704000,22,11,11,902
23080006705000,15,7,8,681
23080006717000,1,1,0,0
23080006737000,7,3,4,420
23080006738000,39,21,18,1758.9
23080006739000,2,1,1,0
23080006742000,24,15,9,1188
23080006743000,4,2,2,0
23080006744000,17,11,6,710.6
23080006754000,20,11,9,892
23080006765000,47,25,22,1551
23080006766000,26,12,14,1201.2
23080006767000,7,3,4,336
23080006785000,38,16,22,1748
23080006804000,6,3,3,367.8
23080006934000,3,2,1,0
23080006936000,11,5,6,438.9
23080006937000,13,8,5,479.7
23080006940000,13,6,7,527.8
23080006941000,35,24,11,1361.5
23080006942000,9,5,4,415.8
23080006973000,22,12,10,1053.8
23080006974000,51,30,21,1973.7
23080006975000,10,6,4,481
23080007011000,22,13,9,948.2
23080007012000,12,6,6,606
23080007016000,1,0,1,0
23080007023000,1,1,0,0
23080007035000,10,6,4,524
23080007042000,19,10,9,543.4
23080007043000,18,11,7,905.4
23080007044000,2,2,0,0
23080007046000,14,8,6,341.6
23080007047000,16,6,10,420.8
23080007048000,2,1,1,0
23080007049000,14,6,8,467.6
23080007059000,12,7,5,319.2
23080007061000,6,3,3,207
23080007062000,2,2,0,0
23080007064000,18,10,8,563.4
23080007065000,41,25,16,955.3
23080007066000,78,37,41,2667.6
23080007067000,19,8,11,678.3
23080007068000,46,23,23,1651.4
23080007069000,3,2,1,0
23080007070000,6,4,2,210
23080007078000,23,13,10,614.1
23080007080000,2,1,1,0
23080007084000,4,2,2,0
23080007085000,42,22,20,1600.2
23080007086000,33,17,16,1461.9
23080007089000,3,3,0,0
23080007090000,4,2,2,0
23080007100000,7,2,5,198.8
23080007167000,27,16,11,761.4
23080007168000,5,1,4,208
23080007200000,19,12,7,742.9
23080007201000,13,5,8,560.3
23080007203000,15,9,6,661.5
23080007204000,2,1,1,0
23080007205000,25,15,10,915
23080007207000,2,1,1,0
23080007208000,3,2,1,0
23090006540000,6,4,2,189
23090006541000,5,2,3,162
23090006542000,12,5,7,493.2
23090006543000,11,5,6,313.5
23090006544000,5,1,4,196
23090006560000,2,2,0,0
23090006561000,2,1,1,0
23090006562000,7,4,3,345.1
23090006563000,13,6,7,656.5
23090006564000,25,16,9,1427.5
23090006565000,48,26,22,1819.2
23090006566000,10,6,4,483
23090006570000,1,0,1,0
23090006572000,7,4,3,228.2
23090006574000,5,2,3,273
23090006575000,4,3,1,0
23090006577000,15,8,7,670.5
23090006578000,38,18,20,1721.4
23090006579000,3,2,1,0
23090006583000,8,4,4,394.4
23090006584000,5,4,1,206
23090006586000,5,3,2,173
23090006587000,15,8,7,570
23090006589000,5,2,3,199
23090006590000,9,5,4,275.4
23090006591000,2,1,1,0
23090006592000,9,5,4,287.1
23090006593000,4,2,2,0
23090006595000,1,0,1,0
23090006596000,7,4,3,272.3
23090006597000,2,1,1,0
23090006599000,19,13,6,989.9
23090006600000,15,6,9,718.5
23090006601000,11,5,6,498.3
23090006603000,15,7,8,726
23090006604000,7,4,3,361.2
23090006605000,36,18,18,1702.8
23090006606000,22,12,10,800.8
23090006607000,15,8,7,475.5
23090006610000,8,5,3,311.2
23090006611000,20,10,10,992
23090006612000,19,11,8,976.6
23090006613000,6,4,2,322.2
23090006614000,7,2,5,368.9
23090006615000,14,8,6,663.6
23090006625000,1,1,0,0
23090006642000,225,108,117,9382.5
23090006643000,181,93,88,8307.9
23090006644000,26,16,10,863.2
23090006645000,27,16,11,1077.3
23090006646000,18,8,10,703.8
23090006647000,40,22,18,1816
23090006648000,17,6,11,555.9
23090006650000,21,9,12,812.7
23090006651000,3,2,1,0
23090006667000,16,9,7,588.8
23090006674000,57,30,27,2177.4
23090006675000,54,27,27,2278.8
23090006676000,21,12,9,856.8
23090006677000,29,15,14,1247
23090006678000,40,20,20,1728
23090006679000,40,24,16,2172
23090006680000,52,26,26,2340
23090006681000,25,12,13,1142.5
23090006682000,48,25,23,2006.4
23090006683000,58,32,26,2865.2
23090006684000,10,5,5,469
23090006696000,1,1,0,0
23090006697000,56,36,20,2352
23090006698000,60,35,25,2886
23090006699000,182,89,93,8317.4
23090006700000,549,262,287,27450
23090006701000,174,84,90,7412.4
23090006738000,29,18,11,1249.9
23090006739000,34,19,15,1200.2
23090006740000,7,5,2,315.7
23090006742000,7,4,3,354.9
23090006744000,2,1,1,0
23090006754000,22,11,11,983.4
23090006761000,7,4,3,240.1
23090006762000,41,22,19,1406.3
23090006764000,12,6,6,472.8
23090006765000,7,4,3,424.2
23090006766000,19,9,10,478.8
23090006785000,90,53,37,4338
23090006796000,2,1,1,0
23090006801000,8,3,5,330.4
23090006802000,34,17,17,1496
23090006803000,5,4,1,355
23090006805000,10,7,3,217
23090006932000,1,1,0,0
23090006937000,8,5,3,460.8
23090006940000,16,6,10,745.6
23090006941000,31,15,16,1447.7
23090006942000,58,30,28,2186.6
23090006973000,43,25,18,1625.4
23090006974000,34,21,13,1560.6
23090006985000,2,0,2,0
23090006986000,8,4,4,330.4
23090007011000,9,5,4,236.7
23090007015000,2,1,1,0
23090007035000,4,2,2,0
23090007041000,10,6,4,399
23090007042000,12,6,6,519.6
23090007043000,48,26,22,1790.4
23090007044000,17,10,7,707.2
23090007049000,2,0,2,0
23090007053000,6,4,2,201
23090007060000,3,2,1,0
23090007062000,1,1,0,0
23090007064000,15,8,7,724.5
23090007065000,7,3,4,154.7
23090007066000,29,17,12,1302.1
23090007067000,13,7,6,369.2
23090007068000,21,8,13,762.3
23090007069000,7,3,4,326.2
23090007070000,10,4,6,466
23090007079000,14,10,4,617.4
23090007080000,9,3,6,431.1
23090007084000,1,1,0,0
23090007085000,17,9,8,710.6
23090007086000,27,13,14,1104.3
23090007088000,4,3,1,0
23090007089000,14,7,7,544.6
23090007090000,16,8,8,406.4
23090007091000,17,7,10,717.4
23090007100000,17,9,8,596.7
23090007101000,311,152,159,14741.4
23090007102000,12,6,6,650.4
23090007105000,5,2,3,297
23090007108000,11,8,3,509.3
23090007128000,4,3,1,0
23090007167000,15,9,6,511.5
23090007204000,11,5,6,512.6
23090007205000,4,2,2,0
23090007207000,4,1,3,0
23090007208000,4,2,2,0
23100006562000,7,3,4,387.8
23100006564000,5,3,2,345
23100006565000,12,4,8,542.4
23100006566000,13,7,6,484.9
23100006567000,12,5,7,501.6
23100006568000,12,6,6,528
23100006570000,5,3,2,212
23100006571000,12,7,5,360
23100006572000,26,11,15,826.8
23100006573000,3,0,3,0
23100006574000,9,5,4,403.2
23100006575000,9,4,5,379.8
23100006576000,19,10,9,503.5
23100006577000,19,10,9,963.3
23100006578000,20,13,7,1116
23100006579000,12,5,7,362.4
23100006581000,2,1,1,0
23100006587000,14,9,5,519.4
23100006588000,5,2,3,207
23100006589000,18,8,10,900
23100006590000,7,5,2,308
23100006591000,5,3,2,97
23100006592000,3,1,2,0
23100006593000,3,1,2,0
23100006594000,7,5,2,245.7
23100006595000,34,17,17,1380.4
23100006596000,204,109,95,8078.4
23100006597000,473,231,242,21143.1
23100006598000,453,219,234,19705.5
23100006599000,85,41,44,3145
23100006600000,5,2,3,176
23100006601000,21,12,9,821.1
23100006602000,5,2,3,275
23100006603000,20,11,9,1036
23100006604000,28,13,15,1170.4
23100006605000,10,5,5,542
23100006606000,2,1,1,0
23100006607000,2,1,1,0
23100006624000,1,1,0,0
23100006625000,2,1,1,0
23100006626000,2,1,1,0
23100006627000,1,1,0,0
23100006646000,37,19,18,1335.7
23100006648000,5,1,4,125
23100006649000,9,4,5,280.8
23100006650000,2,1,1,0
23100006651000,1,0,1,0
23100006664000,5,2,3,206
23100006666000,7,2,5,226.8
23100006667000,4,2,2,0
23100006668000,9,5,4,568.8
23100006675000,56,29,27,2133.6
23100006676000,7,2,5,410.9
23100006678000,40,22,18,1592
23100006679000,7,4,3,303.8
23100006680000,3,0,3,0
23100006681000,14,7,7,642.6
23100006682000,18,9,9,748.8
23100006683000,23,13,10,1039.6
23100006684000,4,2,2,0
23100006697000,14,7,7,760.2
23100006698000,27,11,16,950.4
23100006699000,87,41,46,3845.4
23100006700000,20,9,11,730
23100006701000,3,1,2,0
23100006702000,19,9,10,828.4
23100006705000,8,5,3,266.4
23100006743000,1,1,0,0
23100006754000,25,14,11,1085
23100006755000,26,15,11,936
23100006756000,76,42,34,2044.4
23100006757000,2,1,1,0
23100006758000,6,2,4,351
23100006759000,10,5,5,445
23100006760000,17,9,8,843.2
23100006761000,28,18,10,1008
23100006762000,18,10,8,682.2
23100006763000,16,9,7,724.8
23100006764000,8,3,5,300.8
23100006765000,28,15,13,1218
23100006785000,2,1,1,0
23100006786000,1,0,1,0
23100006787000,6,2,4,279
23100006792000,2,2,0,0
23100006794000,3,1,2,0
23100006795000,8,6,2,239.2
23100006796000,2,1,1,0
23100006800000,30,14,16,1632
23100006801000,38,17,21,1295.8
23100006802000,2,2,0,0
23100006939000,17,9,8,909.5
23100006940000,2,1,1,0
23100006942000,25,13,12,895
23100006944000,8,3,5,275.2
23100006945000,3,2,1,0
23100006973000,115,46,69,5037
23100006974000,69,30,39,2435.7
23100006985000,11,3,8,463.1
23100007040000,12,5,7,459.6
23100007041000,8,6,2,376.8
23100007042000,11,5,6,491.7
23100007043000,19,10,9,640.3
23100007060000,3,2,1,0
23100007061000,10,4,6,413
23100007062000,11,5,6,455.4
23100007063000,5,4,1,246
23100007064000,7,4,3,319.2
23100007065000,20,9,11,784
23100007066000,33,15,18,1131.9
23100007067000,40,21,19,1796
23100007068000,8,3,5,416
23100007069000,119,65,54,4248.3
23100007070000,8,4,4,395.2
23100007080000,9,5,4,404.1
23100007085000,52,27,25,1554.8
23100007086000,37,15,22,1354.2
23100007087000,10,6,4,296
23100007088000,38,23,15,1664.4
23100007091000,25,11,14,965
23100007101000,61,34,27,2476.6
23100007105000,2,1,1,0
23100007107000,5,3,2,353
23100007108000,14,5,9,536.2
23100007130000,5,2,3,263
23100007166000,2,2,0,0
23100007199000,3,2,1,0
23100007204000,5,4,1,190
23100007209000,7,3,4,333.2
23110006565000,1,1,0,0
23110006566000,2,1,1,0
23110006567000,6,3,3,238.8
23110006568000,90,45,45,3537
23110006569000,160,72,88,8000
23110006570000,69,38,31,2766.9
23110006571000,62,35,27,2746.6
23110006572000,25,13,12,1232.5
23110006573000,19,10,9,592.8
23110006575000,7,4,3,298.9
23110006576000,6,3,3,286.2
23110006577000,3,2,1,0
23110006580000,4,2,2,0
23110006581000,12,7,5,427.2
23110006583000,3,2,1,0
23110006585000,12,6,6,717.6
23110006586000,4,2,2,0
23110006587000,19,8,11,750.5
23110006588000,2,1,1,0
23110006589000,20,11,9,1316
23110006591000,11,5,6,326.7
23110006592000,5,2,3,104
23110006593000,56,33,23,2251.2
23110006594000,14,8,6,540.4
23110006595000,6,4,2,322.2
23110006596000,14,7,7,526.4
23110006597000,343,172,171,15640.8
23110006598000,416,194,222,21340.8
23110006599000,19,9,10,756.2
23110006600000,11,5,6,561
23110006601000,41,21,20,1734.3
23110006602000,11,5,6,476.3
23110006603000,1,1,0,0
23110006604000,8,5,3,432.8
23110006605000,9,3,6,421.2
23110006626000,1,0,1,0
23110006627000,14,9,5,754.6
23110006628000,5,3,2,220
23110006630000,2,1,1,0
23110006631000,5,2,3,213
23110006664000,4,1,3,0
23110006665000,2,1,1,0
23110006666000,7,3,4,345.1
23110006669000,6,4,2,376.8
23110006675000,7,2,5,359.1
23110006676000,3,1,2,0
23110006678000,4,2,2,0
23110006679000,9,4,5,483.3
23110006680000,30,17,13,1395
23110006681000,59,29,30,2625.5
23110006682000,28,14,14,929.6
23110006683000,4,3,1,0
23110006684000,29,15,14,1426.8
23110006694000,6,3,3,252
23110006695000,8,3,5,552.8
23110006696000,7,5,2,273
23110006697000,8,4,4,372
23110006698000,23,11,12,1018.9
23110006699000,25,10,15,800
23110006700000,6,3,3,376.2
23110006703000,11,8,3,421.3
23110006704000,54,26,28,2457
23110006705000,13,5,8,483.6
23110006741000,3,1,2,0
23110006742000,5,5,0,152
23110006752000,4,3,1,0
23110006753000,4,1,3,0
23110006754000,8,4,4,326.4
23110006755000,609,315,294,24238.2
23110006756000,337,165,172,9638.2
23110006757000,40,24,16,1488
23110006758000,13,5,8,631.8
23110006759000,41,19,22,1635.9
23110006760000,61,34,27,2354.6
23110006761000,22,13,9,902
23110006762000,4,1,3,0
23110006764000,14,6,8,379.4
23110006765000,10,5,5,466
23110006767000,1,1,0,0
23110006786000,5,3,2,306
23110006787000,6,2,4,295.8
23110006788000,16,9,7,564.8
23110006789000,21,10,11,762.3
23110006790000,4,2,2,0
23110006791000,4,1,3,0
23110006794000,5,3,2,186
23110006795000,12,6,6,382.8
23110006800000,10,7,3,488
23110006939000,26,13,13,899.6
23110006940000,12,5,7,327.6
23110006943000,14,8,6,635.6
23110006944000,9,4,5,412.2
23110006945000,16,8,8,849.6
23110006946000,30,19,11,1050
23110006972000,36,17,19,1807.2
23110006973000,216,88,128,11167.2
23110006974000,1,1,0,0
23110006984000,5,3,2,122
23110006985000,19,10,9,984.2
23110007003000,9,4,5,362.7
23110007020000,1,1,0,0
23110007039000,3,2,1,0
23110007040000,15,6,9,568.5
23110007043000,14,9,5,441
23110007044000,19,9,10,568.1
23110007060000,12,6,6,402
23110007061000,17,9,8,770.1
23110007062000,4,3,1,0
23110007063000,8,4,4,426.4
23110007064000,24,14,10,1108.8
23110007065000,24,12,12,993.6
23110007066000,23,15,8,943
23110007067000,10,5,5,409
23110007068000,94,43,51,3487.4
23110007069000,1171,572,599,48128.1
23110007070000,436,210,226,17134.8
23110007080000,24,13,11,993.6
23110007081000,5,3,2,219
23110007085000,14,7,7,214.2
23110007086000,16,9,7,574.4
23110007087000,127,57,70,5143.5
23110007088000,26,15,11,910
23110007089000,5,4,1,187
23110007090000,3,3,0,0
23110007091000,8,5,3,307.2
23110007092000,4,2,2,0
23110007106000,5,4,1,112
23110007107000,1,1,0,0
23110007108000,17,10,7,595
23110007130000,5,3,2,281
23110007150000,1,1,0,0
23110007159000,4,2,2,0
23110007160000,1,0,1,0
23110007161000,5,3,2,211
23110007162000,8,4,4,354.4
23110007165000,2,1,1,0
23110007166000,1,1,0,0
23110007173000,14,6,8,348.6
23110007205000,2,2,0,0
23120006562000,2,1,1,0
23120006563000,7,4,3,434
23120006564000,4,2,2,0
23120006567000,3,1,2,0
23120006568000,26,16,10,1248
23120006569000,103,54,49,4212.7
23120006571000,12,4,8,525.6
23120006572000,8,4,4,571.2
23120006576000,1,0,1,0
23120006583000,9,4,5,429.3
23120006584000,5,2,3,137
23120006585000,5,3,2,223
23120006586000,11,8,3,492.8
23120006587000,12,6,6,368.4
23120006588000,5,3,2,88
23120006589000,37,20,17,1339.4
23120006590000,4,2,2,0
23120006592000,13,6,7,483.6
23120006593000,6,4,2,169.2
23120006594000,21,12,9,924
23120006595000,24,13,11,1020
23120006596000,11,7,4,430.1
23120006597000,7,4,3,230.3
23120006598000,20,10,10,576
23120006599000,22,12,10,968
23120006600000,14,3,11,359.8
23120006635000,7,3,4,455.7
23120006636000,3,2,1,0
23120006670000,4,2,2,0
23120006673000,14,7,7,732.2
23120006674000,33,17,16,1501.5
23120006675000,9,3,6,425.7
23120006676000,25,14,11,1170
23120006677000,7,5,2,193.2
23120006678000,13,8,5,604.5
23120006679000,28,13,15,1254.4
23120006680000,4,2,2,0
23120006681000,77,37,40,2725.8
23120006682000,27,12,15,912.6
23120006690000,6,2,4,259.8
23120006693000,24,14,10,760.8
23120006694000,32,17,15,1500.8
23120006695000,38,20,18,1413.6
23120006696000,11,6,5,687.5
23120006698000,43,22,21,1560.9
23120006699000,16,11,5,580.8
23120006700000,4,2,2,0
23120006701000,24,11,13,1303.2
23120006702000,27,12,15,1414.8
23120006703000,42,23,19,1541.4
23120006704000,28,12,16,1442
23120006740000,10,5,5,498
23120006741000,5,3,2,313
23120006752000,53,30,23,2035.2
23120006753000,167,93,74,5627.9
23120006754000,692,307,385,27749.2
23120006755000,387,195,192,13932
23120006756000,4,2,2,0
23120006757000,313,152,161,14116.3
23120006758000,68,31,37,2536.4
23120006759000,35,20,15,1774.5
23120006760000,4,2,2,0
23120006780000,7,5,2,378
23120006789000,2,1,1,0
23120006790000,3,2,1,0
23120006795000,1,0,1,0
23120006797000,2,2,0,0
23120006798000,6,4,2,99
23120006904000,9,6,3,443.7
23120006908000,6,3,3,327
23120006909000,6,4,2,385.8
23120006941000,23,13,10,936.1
23120006942000,38,18,20,1265.4
23120006943000,13,7,6,748.8
23120006947000,24,11,13,811.2
23120006960000,3,2,1,0
23120006961000,2,1,1,0
23120006962000,2,1,1,0
23120006963000,4,2,2,0
23120006964000,2,1,1,0
23120006966000,3,2,1,0
23120006969000,2,1,1,0
23120006971000,15,8,7,531
23120006972000,125,68,57,5100
23120006973000,161,79,82,7019.6
23120006984000,2,1,1,0
23120007002000,3,1,2,0
23120007003000,6,4,2,394.8
23120007039000,5,3,2,216
23120007040000,17,8,9,688.5
23120007045000,38,20,18,1280.6
23120007061000,12,7,5,450
23120007062000,3,1,2,0
23120007063000,3,2,1,0
23120007064000,41,19,22,1426.8
23120007065000,18,11,7,831.6
23120007066000,22,11,11,1016.4
23120007067000,23,12,11,1018.9
23120007068000,119,51,68,4081.7
23120007069000,92,46,46,3468.4
23120007070000,122,53,69,5416.8
23120007071000,23,10,13,765.9
23120007073000,5,2,3,129
23120007079000,3,1,2,0
23120007080000,29,14,15,1055.6
23120007081000,12,5,7,552
23120007085000,6,2,4,76.8
23120007086000,20,10,10,914
23120007087000,90,46,44,3537
23120007088000,21,10,11,894.6
23120007089000,19,10,9,832.2
23120007090000,30,16,14,1413
23120007091000,37,20,17,1224.7
23120007092000,36,21,15,1540.8
23120007102000,3,2,1,0
23120007109000,24,12,12,900
23120007131000,2,1,1,0
23120007173000,17,8,9,880.6
23120007200000,2,1,1,0
23120007209000,8,6,2,227.2
23130006560000,35,19,16,1480.5
23130006561000,8,5,3,398.4
23130006562000,2,1,1,0
23130006564000,8,5,3,262.4
23130006565000,14,7,7,562.8
23130006567000,11,3,8,478.5
23130006568000,1,1,0,0
23130006569000,11,6,5,393.8
23130006570000,14,5,9,582.4
23130006573000,5,1,4,121
23130006579000,3,2,1,0
23130006583000,14,6,8,492.8
23130006586000,3,2,1,0
23130006588000,8,5,3,404.8
23130006589000,10,7,3,401
23130006590000,16,10,6,624
23130006591000,4,2,2,0
23130006592000,8,5,3,363.2
23130006593000,12,6,6,285.6
23130006597000,3,1,2,0
23130006598000,1,1,0,0
23130006610000,2,1,1,0
23130006631000,6,2,4,256.2
23130006632000,2,1,1,0
23130006635000,3,1,2,0
23130006638000,1,0,1,0
23130006639000,12,5,7,645.6
23130006640000,24,12,12,1068
23130006641000,4,3,1,0
23130006663000,6,1,5,274.8
23130006672000,2,1,1,0
23130006673000,11,5,6,295.9
23130006674000,15,9,6,499.5
23130006675000,3,2,1,0
23130006676000,38,20,18,1938
23130006677000,30,19,11,1212
23130006678000,161,87,74,6407.8
23130006679000,109,46,63,4185.6
23130006680000,44,21,23,1993.2
23130006681000,196,93,103,7487.2
23130006682000,33,18,15,1392.6
23130006683000,45,20,25,1579.5
23130006684000,2,1,1,0
23130006688000,7,3,4,405.3
23130006689000,13,8,5,634.4
23130006690000,49,24,25,1803.2
23130006691000,29,14,15,1212.2
23130006692000,13,8,5,608.4
23130006693000,13,6,7,575.9
23130006694000,5,1,4,118
23130006698000,4,3,1,0
23130006699000,15,9,6,747
23130006700000,5,2,3,254
23130006701000,2,1,1,0
23130006703000,11,6,5,414.7
23130006704000,40,19,21,1896
23130006705000,44,25,19,1870
23130006706000,40,20,20,1600
23130006707000,7,3,4,182
23130006708000,5,3,2,327
23130006709000,27,14,13,1379.7
23130006710000,21,9,12,909.3
23130006738000,3,1,2,0
23130006739000,19,9,10,701.1
23130006740000,19,9,10,541.5
23130006750000,6,2,4,346.8
23130006751000,318,152,166,9730.8
23130006752000,1232,591,641,47308.8
23130006753000,821,369,452,34482
23130006754000,1055,494,561,51906
23130006755000,1357,628,729,62964.8
23130006756000,971,488,483,39422.6
23130006757000,1191,565,626,45853.5
23130006758000,5,3,2,379
23130006759000,4,2,2,0
23130006778000,2,1,1,0
23130006902000,1,0,1,0
23130006909000,6,3,3,309
23130006910000,3,1,2,0
23130006928000,5,3,2,85
23130006929000,9,6,3,387.9
23130006931000,4,1,3,0
23130006941000,14,9,5,527.8
23130006942000,586,299,287,21857.8
23130006943000,523,251,272,22175.2
23130006944000,450,210,240,19980
23130006945000,266,140,126,10347.4
23130006947000,22,12,10,937.2
23130006949000,2,1,1,0
23130006958000,3,1,2,0
23130006964000,6,4,2,306
23130006965000,1,1,0,0
23130006966000,7,4,3,305.2
23130006967000,15,5,10,652.5
23130006968000,9,6,3,415.8
23130006969000,17,9,8,727.6
23130006970000,39,24,15,1634.1
23130006971000,37,20,17,1768.6
23130006972000,39,15,24,1981.2
23130006973000,8,6,2,306.4
23130007002000,6,4,2,334.2
23130007003000,17,8,9,700.4
23130007037000,5,2,3,112
23130007038000,2,1,1,0
23130007039000,29,15,14,1035.3
23130007040000,44,25,19,1826
23130007045000,13,6,7,687.7
23130007059000,6,4,2,258
23130007062000,6,2,4,289.2
23130007063000,2,1,1,0
23130007064000,94,49,45,3703.6
23130007065000,67,37,30,2706.8
23130007066000,44,22,22,1909.6
23130007067000,11,4,7,343.2
23130007068000,46,21,25,1702
23130007069000,9,3,6,360.9
23130007070000,95,45,50,3410.5
23130007071000,60,32,28,2388
23130007072000,36,18,18,1191.6
23130007073000,21,11,10,812.7
23130007074000,14,8,6,525
23130007075000,11,7,4,302.5
23130007080000,3,2,1,0
23130007081000,25,11,14,862.5
23130007086000,12,9,3,381.6
23130007087000,19,9,10,997.5
23130007088000,30,15,15,1314
23130007090000,18,7,11,577.8
23130007091000,7,3,4,427
23130007092000,127,66,61,4991.1
23130007093000,40,20,20,1284
23130007102000,4,2,2,0
23130007103000,15,6,9,463.5
23130007109000,7,6,1,242.9
23130007110000,4,1,3,0
23130007117000,1,1,0,0
23130007159000,26,13,13,1003.6
23130007173000,8,4,4,500.8
23130007202000,3,2,1,0
23130007208000,6,3,3,304.2
23140006560000,61,31,30,2525.4
23140006561000,14,6,8,371
23140006570000,8,5,3,247.2
23140006571000,3,1,2,0
23140006572000,4,2,2,0
23140006573000,17,11,6,642.6
23140006582000,1,1,0,0
23140006583000,4,3,1,0
23140006586000,13,5,8,395.2
23140006587000,12,7,5,433.2
23140006588000,11,6,5,437.8
23140006589000,15,8,7,448.5
23140006590000,5,3,2,104
23140006592000,21,11,10,720.3
23140006593000,3,2,1,0
23140006594000,2,2,0,0
23140006632000,10,5,5,473
23140006633000,1,1,0,0
23140006635000,5,2,3,307
23140006638000,2,1,1,0
23140006639000,32,16,16,1190.4
23140006641000,19,10,9,794.2
23140006653000,12,7,5,394.8
23140006671000,1,1,0,0
23140006672000,22,12,10,935
23140006673000,16,10,6,587.2
23140006674000,25,11,14,1057.5
23140006675000,25,14,11,1220
23140006676000,36,17,19,1472.4
23140006677000,13,6,7,513.5
23140006678000,17,9,8,758.2
23140006679000,33,17,16,1438.8
23140006680000,38,21,17,1637.8
23140006681000,7,2,5,203
23140006682000,31,13,18,1243.1
23140006683000,24,14,10,876
23140006685000,15,4,11,790.5
23140006686000,27,12,15,1282.5
23140006687000,24,13,11,1048.8
23140006688000,99,51,48,3811.5
23140006689000,89,46,43,3862.6
23140006690000,32,16,16,1260.8
23140006691000,42,21,21,1927.8
23140006692000,16,11,5,558.4
23140006693000,4,2,2,0
23140006694000,2,1,1,0
23140006701000,9,4,5,258.3
23140006703000,29,13,16,1597.9
23140006704000,63,35,28,2425.5
23140006705000,98,52,46,4478.6
23140006706000,121,57,64,4210.8
23140006707000,77,39,38,3234
23140006708000,204,112,92,9343.2
23140006709000,134,70,64,5654.8
23140006710000,34,20,14,1533.4
23140006711000,1,0,1,0
23140006738000,2,1,1,0
23140006747000,70,35,35,3066
23140006748000,4,3,1,0
23140006749000,8,5,3,316.8
23140006750000,61,26,35,2751.1
23140006751000,258,132,126,9623.4
23140006752000,1692,795,897,63280.8
23140006753000,866,423,443,36718.4
23140006754000,612,294,318,29743.2
23140006755000,636,311,325,24931.2
23140006756000,799,377,422,28764
23140006757000,3,1,2,0
23140006789000,8,4,4,276.8
23140006901000,5,4,1,187
23140006902000,10,7,3,324
23140006926000,3,2,1,0
23140006927000,24,12,12,1029.6
23140006928000,26,14,12,941.2
23140006929000,11,4,7,479.6
23140006941000,21,10,11,728.7
23140006942000,263,121,142,11256.4
23140006943000,1229,588,641,54444.7
23140006944000,376,185,191,18386.4
23140006948000,6,3,3,220.2
23140006949000,31,17,14,1326.8
23140006950000,9,3,6,331.2
23140006956000,3,0,3,0
23140006965000,17,9,8,715.7
23140006966000,2,1,1,0
23140006967000,10,6,4,519
23140006968000,8,4,4,338.4
23140006969000,30,17,13,1203
23140006970000,10,5,5,431
23140006971000,11,6,5,474.1
23140007003000,19,9,10,974.7
23140007033000,1,1,0,0
23140007034000,2,1,1,0
23140007036000,5,3,2,234
23140007039000,2,1,1,0
23140007040000,6,1,5,163.2
23140007042000,14,8,6,338.8
23140007045000,19,13,6,750.5
23140007057000,2,1,1,0
23140007058000,12,7,5,486
23140007060000,1,1,0,0
23140007061000,6,3,3,190.8
23140007062000,43,26,17,1509.3
23140007064000,11,4,7,433.4
23140007065000,35,19,16,910
23140007066000,52,23,29,1887.6
23140007067000,25,13,12,1102.5
23140007068000,15,6,9,747
23140007069000,47,26,21,1762.5
23140007070000,31,17,14,1171.8
23140007071000,43,22,21,1960.8
23140007072000,17,8,9,647.7
23140007073000,360,168,192,10980
23140007074000,13,6,7,471.9
23140007075000,31,12,19,1379.5
23140007080000,8,4,4,242.4
23140007087000,16,10,6,577.6
23140007088000,40,19,21,1580
23140007090000,13,5,8,413.4
23140007092000,7,3,4,168
23140007093000,88,43,45,3194.4
23140007094000,8,4,4,336.8
23140007095000,2,1,1,0
23140007103000,35,15,20,1158.5
23140007104000,3,2,1,0
23140007107000,26,13,13,1073.8
23140007108000,9,4,5,333.9
23140007109000,10,6,4,529
23140007110000,63,28,35,2753.1
23140007130000,11,6,5,506
23140007151000,14,8,6,841.4
23140007152000,8,3,5,371.2
23140007157000,44,20,24,1892
23140007158000,13,5,8,665.6
23140007173000,5,3,2,268
23140007199000,6,3,3,385.2
23140007200000,7,5,2,256.2
23140007202000,2,1,1,0
23140007205000,2,1,1,0
23140007206000,18,10,8,1033.2
23140007208000,12,4,8,531.6
23140007209000,3,2,1,0
23150006559000,4,2,2,0
23150006560000,7,5,2,317.1
23150006572000,11,7,4,332.2
23150006573000,1,1,0,0
23150006585000,3,1,2,0
23150006589000,2,1,1,0
23150006591000,5,3,2,273
23150006598000,3,2,1,0
23150006633000,24,11,13,996
23150006634000,22,12,10,671
23150006635000,23,10,13,713
23150006636000,4,2,2,0
23150006637000,7,3,4,319.9
23150006638000,33,15,18,1118.7
23150006639000,10,4,6,481
23150006648000,3,2,1,0
23150006656000,7,4,3,457.8
23150006657000,3,1,2,0
23150006662000,2,1,1,0
23150006672000,4,2,2,0
23150006676000,18,8,10,777.6
23150006677000,15,9,6,478.5
23150006678000,20,12,8,1020
23150006679000,57,29,28,2337
23150006680000,42,23,19,1906.8
23150006681000,15,9,6,705
23150006682000,13,9,4,703.3
23150006683000,22,10,12,796.4
23150006684000,461,192,269,22681.2
23150006685000,87,44,43,3245.1
23150006686000,31,16,15,1165.6
23150006687000,29,16,13,1412.3
23150006688000,36,18,18,1292.4
23150006689000,27,12,15,1131.3
23150006690000,18,6,12,779.4
23150006691000,30,14,16,1356
23150006692000,28,16,12,1400
23150006693000,7,5,2,412.3
23150006694000,2,1,1,0
23150006698000,3,2,1,0
23150006700000,23,11,12,839.5
23150006701000,59,28,31,2601.9
23150006702000,111,52,59,3885
23150006703000,185,75,110,10101
23150006704000,92,48,44,4140
23150006705000,43,21,22,1745.8
23150006706000,24,14,10,909.6
23150006707000,53,28,25,2008.7
23150006708000,80,40,40,3680
23150006709000,45,26,19,2016
23150006710000,4,2,2,0
23150006745000,3,1,2,0
23150006746000,29,15,14,1273.1
23150006747000,36,16,20,1544.4
23150006748000,49,28,21,1935.5
23150006749000,45,21,24,1732.5
23150006750000,31,19,12,1140.8
23150006751000,1,0,1,0
23150006755000,41,21,20,1586.7
23150006756000,375,182,193,14287.5
23150006757000,28,15,13,1036
23150006758000,6,3,3,267
23150006761000,29,17,12,1220.9
23150006762000,23,13,10,1113.2
23150006763000,2,1,1,0
23150006781000,2,1,1,0
23150006789000,5,2,3,344
23150006901000,3,1,2,0
23150006902000,1,1,0,0
23150006926000,2,1,1,0
23150006928000,2,1,1,0
23150006939000,2,1,1,0
23150006940000,14,4,10,533.4
23150006941000,10,4,6,496
23150006942000,4,2,2,0
23150006943000,83,23,60,6208.4
23150006944000,11,4,7,313.5
23150006946000,1,1,0,0
23150006949000,1,1,0,0
23150006950000,8,4,4,400.8
23150006954000,8,3,5,288
23150006955000,14,8,6,532
23150006969000,5,3,2,268
23150007001000,5,3,2,316
23150007002000,10,7,3,588
23150007003000,1,1,0,0
23150007041000,1,1,0,0
23150007042000,7,3,4,284.9
23150007044000,17,10,7,606.9
23150007045000,12,9,3,511.2
23150007059000,27,13,14,982.8
23150007060000,14,6,8,495.6
23150007061000,41,18,23,1459.6
23150007062000,106,55,51,4558
23150007070000,33,18,15,1389.3
23150007071000,373,198,175,12532.8
23150007072000,34,18,16,1094.8
23150007073000,387,188,199,15363.9
23150007074000,301,147,154,11227.3
23150007075000,436,214,222,14649.6
23150007087000,80,42,38,3392
23150007088000,133,61,72,4668.3
23150007089000,3,1,2,0
23150007090000,1,1,0,0
23150007091000,3,1,2,0
23150007093000,11,7,4,453.2
23150007094000,17,5,12,508.3
23150007095000,11,5,6,321.2
23150007096000,6,4,2,225
23150007104000,14,7,7,602
23150007105000,12,6,6,595.2
23150007106000,1,0,1,0
23150007107000,5,2,3,357
23150007108000,54,27,27,2829.6
23150007109000,457,238,219,20290.8
23150007110000,495,248,247,22374
23150007111000,46,19,27,2162
23150007112000,1,1,0,0
23150007113000,9,5,4,207.9
23150007118000,4,1,3,0
23150007123000,21,9,12,890.4
23150007124000,8,5,3,386.4
23150007125000,8,5,3,304.8
23150007126000,7,5,2,366.1
23150007127000,7,4,3,312.2
23150007128000,19,9,10,520.6
23150007130000,20,13,7,654
23150007131000,10,6,4,462
23150007132000,5,3,2,302
23150007133000,17,8,9,884
23150007134000,10,4,6,491
23150007152000,14,8,6,711.2
23150007157000,71,32,39,3280.2
23150007158000,4,0,4,0
23150007171000,12,7,5,529.2
23150007172000,10,6,4,437
23150007197000,5,2,3,138
23150007198000,23,13,10,943
23150007199000,3,1,2,0
23150007200000,26,12,14,964.6
23150007201000,4,2,2,0
23150007202000,7,3,4,93.8
23150007203000,8,5,3,200
23150007205000,6,3,3,142.8
23150007207000,3,2,1,0
23150007210000,2,1,1,0
23150007211000,11,4,7,540.1
23160006573000,4,3,1,0
23160006576000,3,2,1,0
23160006633000,25,14,11,1010
23160006634000,99,51,48,3861
23160006635000,60,33,27,2736
23160006636000,181,89,92,8072.6
23160006637000,19,10,9,1195.1
23160006638000,32,13,19,1100.8
23160006639000,15,10,5,778.5
23160006654000,8,4,4,475.2
23160006662000,2,1,1,0
23160006672000,9,5,4,324.9
23160006677000,1,1,0,0
23160006679000,10,5,5,422
23160006680000,10,5,5,501
23160006681000,12,3,9,472.8
23160006682000,629,318,311,26229.3
23160006683000,583,281,302,25127.3
23160006684000,548,261,287,26030
23160006685000,95,41,54,4094.5
23160006686000,3,3,0,0
23160006688000,27,14,13,1198.8
23160006689000,15,6,9,535.5
23160006690000,17,9,8,511.7
23160006697000,4,2,2,0
23160006698000,23,11,12,1030.4
23160006699000,25,14,11,1135
23160006700000,39,18,21,1407.9
23160006701000,26,14,12,1206.4
23160006702000,33,19,14,1508.1
23160006703000,34,13,21,1404.2
23160006704000,15,7,8,654
23160006705000,5,2,3,203
23160006746000,36,18,18,1407.6
23160006747000,65,32,33,2444
23160006748000,189,98,91,8108.1
23160006749000,58,30,28,2511.4
23160006750000,2,1,1,0
23160006755000,6,3,3,157.2
23160006756000,4,2,2,0
23160006757000,152,79,73,5745.6
23160006758000,247,138,109,8669.7
23160006759000,5,2,3,294
23160006760000,15,8,7,729
23160006761000,81,43,38,2762.1
23160006762000,54,26,28,2224.8
23160006763000,3,1,2,0
23160006764000,38,20,18,1478.2
23160006776000,4,3,1,0
23160006777000,7,4,3,359.8
23160006780000,3,3,0,0
23160006781000,3,2,1,0
23160006901000,6,4,2,168
23160006902000,21,13,8,1365
23160006905000,1,1,0,0
23160006918000,5,2,3,228
23160006939000,8,4,4,455.2
23160006940000,7,3,4,254.8
23160006941000,9,6,3,326.7
23160006945000,10,5,5,380
23160006949000,1,1,0,0
23160006950000,5,3,2,203
23160006952000,8,5,3,487.2
23160006953000,5,3,2,318
23160006954000,141,60,81,5837.4
23160007002000,1,1,0,0
23160007015000,1,1,0,0
23160007033000,3,1,2,0
23160007041000,8,5,3,248.8
23160007042000,1,1,0,0
23160007044000,2,1,1,0
23160007045000,6,4,2,220.8
23160007046000,5,2,3,195
23160007059000,4,3,1,0
23160007060000,8,4,4,258.4
23160007061000,19,9,10,703
23160007062000,10,6,4,384
23160007068000,12,4,8,510
23160007069000,10,7,3,412
23160007070000,5,4,1,125
23160007071000,819,434,385,26617.5
23160007072000,467,221,246,18913.5
23160007073000,127,45,82,5753.1
23160007074000,1518,743,775,62541.6
23160007075000,728,343,385,29920.8
23160007076000,26,11,15,1086.8
23160007087000,51,28,23,2391.9
23160007088000,191,106,85,6723.2
23160007089000,55,28,27,2145
23160007090000,14,7,7,558.6
23160007091000,21,11,10,758.1
23160007092000,10,4,6,276
23160007094000,31,18,13,1140.8
23160007105000,13,5,8,500.5
23160007106000,6,3,3,348
23160007107000,8,4,4,355.2
23160007108000,36,20,16,1328.4
23160007109000,30,16,14,1011
23160007110000,41,21,20,1812.2
23160007111000,154,77,77,6560.4
23160007112000,150,75,75,6240
23160007113000,19,12,7,984.2
23160007117000,5,3,2,283
23160007118000,21,10,11,756
23160007122000,38,21,17,1664.4
23160007123000,68,32,36,2849.2
23160007124000,9,5,4,378
23160007126000,84,44,40,3628.8
23160007127000,223,98,125,12064.3
23160007128000,30,17,13,1395
23160007129000,49,25,24,1617
23160007130000,14,8,6,547.4
23160007132000,14,8,6,481.6
23160007134000,2,1,1,0
23160007135000,22,13,9,906.4
23160007136000,5,2,3,267
23160007137000,3,2,1,0
23160007148000,18,10,8,563.4
23160007149000,11,6,5,511.5
23160007150000,29,15,14,1600.8
23160007151000,1,0,1,0
23160007152000,3,1,2,0
23160007153000,4,2,2,0
23160007166000,19,8,11,699.2
23160007171000,1,0,1,0
23160007197000,9,5,4,271.8
23160007198000,6,4,2,256.8
23160007199000,13,7,6,470.6
23160007203000,1,1,0,0
23160007204000,5,4,1,349
23160007205000,4,2,2,0
23160007211000,3,2,1,0
23170006573000,6,2,4,292.2
23170006574000,2,1,1,0
23170006648000,1,1,0,0
23170006649000,7,4,3,368.9
23170006654000,14,8,6,809.2
23170006655000,2,1,1,0
23170006660000,8,5,3,195.2
23170006661000,6,2,4,133.2
23170006679000,2,1,1,0
23170006682000,28,16,12,1164.8
23170006683000,95,49,46,3914
23170006684000,111,54,57,4750.8
23170006685000,18,5,13,883.8
23170006686000,16,7,9,676.8
23170006689000,2,2,0,0
23170006690000,19,8,11,805.6
23170006697000,28,15,13,1582
23170006698000,139,75,64,5851.9
23170006699000,39,19,20,1739.4
23170006700000,12,7,5,523.2
23170006701000,10,6,4,407
23170006703000,2,1,1,0
23170006745000,2,2,0,0
23170006746000,11,6,5,434.5
23170006747000,227,114,113,9284.3
23170006748000,117,62,55,4785.3
23170006749000,26,12,14,990.6
23170006758000,90,49,41,3105
23170006759000,55,25,30,2161.5
23170006760000,45,19,26,1800
23170006761000,3,2,1,0
23170006763000,11,6,5,467.5
23170006774000,1,1,0,0
23170006780000,1,1,0,0
23170006813000,1,1,0,0
23170006901000,4,2,2,0
23170006902000,8,5,3,556
23170006917000,2,1,1,0
23170006918000,14,8,6,572.6
23170006919000,1,1,0,0
23170006938000,13,5,8,460.2
23170006950000,5,3,2,212
23170006953000,15,9,6,730.5
23170006954000,82,40,42,3665.4
23170007033000,2,1,1,0
23170007041000,16,9,7,696
23170007042000,5,3,2,269
23170007044000,4,2,2,0
23170007045000,6,4,2,213
23170007046000,2,1,1,0
23170007060000,11,6,5,328.9
23170007061000,21,8,13,573.3
23170007062000,2,1,1,0
23170007069000,7,4,3,287.7
23170007070000,24,12,12,986.4
23170007071000,141,68,73,5259.3
23170007072000,95,47,48,3885.5
23170007073000,1869,900,969,76068.3
23170007074000,1029,482,547,51655.8
23170007087000,241,117,124,12001.8
23170007088000,381,176,205,14211.3
23170007089000,41,19,22,1869.6
23170007090000,36,19,17,1141.2
23170007092000,45,19,26,1962
23170007093000,35,19,16,1589
23170007094000,19,10,9,735.3
23170007096000,5,2,3,255
23170007097000,15,7,8,450
23170007105000,1,0,1,0
23170007108000,2,1,1,0
23170007109000,15,6,9,661.5
23170007110000,4,2,2,0
23170007111000,12,6,6,441.6
23170007112000,27,12,15,950.4
23170007113000,15,8,7,466.5
23170007117000,22,12,10,712.8
23170007118000,16,10,6,492.8
23170007120000,1,0,1,0
23170007121000,14,7,7,569.8
23170007122000,39,23,16,1435.2
23170007123000,20,12,8,836
23170007124000,24,14,10,1096.8
23170007125000,4,2,2,0
23170007126000,48,24,24,1982.4
23170007127000,35,18,17,1599.5
23170007129000,25,16,9,730
23170007130000,2,1,1,0
23170007136000,111,54,57,4306.8
23170007137000,8,6,2,352
23170007138000,6,4,2,217.8
23170007149000,2,1,1,0
23170007150000,3,2,1,0
23170007166000,20,13,7,686
23170007167000,11,6,5,477.4
23170007173000,18,8,10,642.6
23170007183000,40,18,22,1900
23170007195000,4,3,1,0
23170007197000,6,2,4,256.8
23170007198000,1,0,1,0
23170007202000,5,3,2,96
23170007203000,8,5,3,282.4
23180006572000,4,2,2,0
23180006573000,2,1,1,0
23180006625000,5,3,2,143
23180006626000,23,14,9,989
23180006630000,2,1,1,0
23180006640000,2,2,0,0
23180006649000,8,3,5,276.8
23180006650000,6,2,4,244.2
23180006652000,2,1,1,0
23180006655000,2,1,1,0
23180006657000,2,1,1,0
23180006667000,4,2,2,0
23180006681000,8,4,4,334.4
23180006682000,84,42,42,3847.2
23180006683000,19,9,10,976.6
23180006684000,10,4,6,542
23180006685000,37,22,15,1413.4
23180006688000,2,0,2,0
23180006689000,3,3,0,0
23180006693000,13,6,7,426.4
23180006694000,27,16,11,1541.7
23180006695000,12,6,6,363.6
23180006696000,4,2,2,0
23180006697000,19,10,9,767.6
23180006698000,28,14,14,1453.2
23180006699000,6,4,2,210
23180006745000,22,11,11,992.2
23180006746000,50,28,22,2105
23180006747000,21,13,8,655.2
23180006748000,54,24,30,1846.8
23180006749000,56,33,23,2441.6
23180006750000,6,2,4,196.2
23180006753000,1,0,1,0
23180006758000,52,27,25,2204.8
23180006759000,31,16,15,1354.7
23180006760000,34,21,13,1390.6
23180006761000,52,26,26,2277.6
23180006762000,3,1,2,0
23180006763000,13,6,7,696.8
23180006764000,32,18,14,1337.6
23180006765000,7,5,2,287.7
23180006937000,1,1,0,0
23180006945000,2,1,1,0
23180006948000,2,1,1,0
23180006954000,15,6,9,735
23180006999000,11,6,5,448.8
23180007041000,47,25,22,1748.4
23180007042000,21,12,9,779.1
23180007044000,6,3,3,172.8
23180007045000,31,19,12,1069.5
23180007046000,60,32,28,1998
23180007059000,10,4,6,516
23180007060000,9,5,4,381.6
23180007069000,9,4,5,344.7
23180007070000,20,8,12,574
23180007071000,23,13,10,949.9
23180007072000,94,47,47,4333.4
23180007073000,923,458,465,33966.4
23180007074000,546,266,280,19929
23180007075000,1,1,0,0
23180007084000,3,1,2,0
23180007085000,9,5,4,444.6
23180007086000,49,24,25,1587.6
23180007087000,231,113,118,10418.1
23180007088000,351,150,201,18427.5
23180007089000,91,46,45,4686.5
23180007090000,28,14,14,980
23180007091000,7,5,2,378.7
23180007092000,8,5,3,310.4
23180007093000,27,15,12,915.3
23180007094000,14,6,8,478.8
23180007095000,19,11,8,712.5
23180007096000,5,3,2,124
23180007097000,26,13,13,811.2
23180007098000,50,29,21,1845
23180007099000,8,4,4,319.2
23180007106000,14,8,6,889
23180007109000,2,1,1,0
23180007110000,6,4,2,220.8
23180007111000,4,2,2,0
23180007113000,16,10,6,649.6
23180007117000,9,7,2,424.8
23180007118000,13,8,5,582.4
23180007119000,6,4,2,339
23180007120000,19,8,11,583.3
23180007121000,20,12,8,500
23180007122000,12,6,6,340.8
23180007123000,11,5,6,546.7
23180007124000,26,16,10,1313
23180007129000,13,7,6,562.9
23180007130000,15,7,8,753
23180007138000,6,4,2,364.8
23180007142000,6,3,3,114
23180007143000,16,8,8,302.4
23180007155000,2,1,1,0
23180007156000,1,1,0,0
23180007159000,13,6,7,847.6
23180007165000,3,1,2,0
23180007166000,2,1,1,0
23180007167000,2,2,0,0
23180007168000,3,2,1,0
23180007174000,19,11,8,691.6
23180007175000,4,2,2,0
23180007176000,1,0,1,0
23180007177000,11,7,4,341
23180007183000,57,29,28,2422.5
23180007184000,19,13,6,733.4
23180007196000,14,6,8,686
23180007197000,21,10,11,890.4
23180007202000,2,1,1,0
23180007203000,2,1,1,0
23180007205000,31,19,12,1143.9
23180007206000,5,1,4,88
23180007207000,2,1,1,0
23180007208000,7,5,2,440.3
23180007211000,1,1,0,0
23190006620000,2,1,1,0
23190006623000,9,6,3,214.2
23190006624000,65,35,30,2860
23190006625000,20,12,8,814
23190006631000,3,2,1,0
23190006636000,5,2,3,187
23190006640000,4,1,3,0
23190006651000,3,1,2,0
23190006655000,5,1,4,159
23190006658000,5,2,3,132
23190006667000,19,10,9,1003.2
23190006668000,8,3,5,267.2
23190006681000,19,13,6,989.9
23190006682000,21,9,12,951.3
23190006683000,8,5,3,350.4
23190006688000,21,9,12,863.1
23190006689000,2,1,1,0
23190006690000,5,4,1,190
23190006691000,19,9,10,834.1
23190006692000,43,25,18,1861.9
23190006693000,12,7,5,454.8
23190006694000,13,8,5,621.4
23190006695000,18,10,8,1049.4
23190006744000,21,11,10,879.9
23190006745000,8,3,5,419.2
23190006746000,30,17,13,1110
23190006747000,5,4,1,202
23190006748000,25,14,11,1115
23190006749000,54,25,29,2597.4
23190006754000,5,3,2,275
23190006755000,17,11,6,734.4
23190006758000,29,13,16,1102
23190006759000,71,35,36,2818.7
23190006760000,74,39,35,2701
23190006761000,71,34,37,2619.9
23190006762000,4,2,2,0
23190006763000,60,29,31,2544
23190006764000,6,2,4,255
23190006773000,5,3,2,110
23190006807000,2,2,0,0
23190006810000,3,2,1,0
23190006812000,3,2,1,0
23190006936000,11,6,5,575.3
23190006945000,6,2,4,234
23190006946000,3,2,1,0
23190006954000,1,0,1,0
23190006956000,5,2,3,271
23190006999000,14,8,6,533.4
23190007000000,1,1,0,0
23190007034000,1,0,1,0
23190007041000,9,6,3,387
23190007042000,18,10,8,813.6
23190007045000,33,19,14,1240.8
23190007046000,1,1,0,0
23190007047000,11,7,4,346.5
23190007048000,6,4,2,265.2
23190007059000,6,3,3,162
23190007060000,1,1,0,0
23190007069000,13,6,7,478.4
23190007070000,22,11,11,745.8
23190007071000,17,9,8,686.8
23190007072000,35,19,16,1466.5
23190007073000,54,30,24,1798.2
23190007074000,93,51,42,3524.7
23190007075000,23,13,10,1041.9
23190007076000,15,9,6,784.5
23190007084000,18,8,10,876.6
23190007085000,13,4,9,523.9
23190007086000,22,16,6,1069.2
23190007090000,8,4,4,332.8
23190007091000,25,12,13,1177.5
23190007092000,14,7,7,352.8
23190007093000,23,9,14,724.5
23190007094000,18,6,12,606.6
23190007095000,18,11,7,815.4
23190007096000,26,13,13,1227.2
23190007097000,105,49,56,3696
23190007098000,223,108,115,8251
23190007106000,14,7,7,600.6
23190007108000,3,1,2,0
23190007109000,6,4,2,231
23190007110000,17,9,8,639.2
23190007111000,4,2,2,0
23190007113000,18,11,7,667.8
23190007115000,19,6,13,627
23190007116000,6,2,4,208.2
23190007117000,35,19,16,1809.5
23190007118000,21,12,9,976.5
23190007119000,11,6,5,482.9
23190007120000,11,5,6,588.5
23190007124000,3,2,1,0
23190007130000,12,6,6,504
23190007139000,6,3,3,192
23190007140000,3,3,0,0
23190007159000,20,9,11,710
23190007166000,17,9,8,572.9
23190007167000,3,1,2,0
23190007168000,21,11,10,1062.6
23190007172000,4,2,2,0
23190007173000,5,3,2,321
23190007175000,15,8,7,814.5
23190007176000,12,8,4,279.6
23190007183000,2,1,1,0
23190007184000,2,1,1,0
23190007196000,19,12,7,668.8
23190007197000,9,6,3,318.6
23190007198000,11,5,6,359.7
23190007204000,10,7,3,414
23190007205000,16,8,8,806.4
23190007206000,1,1,0,0
23200006620000,3,2,1,0
23200006622000,1,1,0,0
23200006623000,12,6,6,578.4
23200006624000,25,15,10,1080
23200006625000,19,10,9,742.9
23200006626000,31,13,18,1143.9
23200006627000,154,68,86,7007
23200006628000,5,2,3,385
23200006629000,3,2,1,0
23200006631000,1,1,0,0
23200006641000,10,5,5,332
23200006643000,1,1,0,0
23200006654000,10,5,5,503
23200006658000,1,1,0,0
23200006668000,9,6,3,567.9
23200006669000,24,8,16,969.6
23200006679000,4,1,3,0
23200006680000,16,8,8,697.6
23200006681000,32,17,15,1529.6
23200006682000,30,16,14,936
23200006683000,15,6,9,828
23200006684000,19,11,8,784.7
23200006685000,18,7,11,853.2
23200006686000,15,7,8,504
23200006687000,11,6,5,441.1
23200006688000,3,3,0,0
23200006689000,29,17,12,1429.7
23200006690000,24,11,13,924
23200006691000,6,4,2,349.2
23200006692000,2,1,1,0
23200006695000,3,2,1,0
23200006697000,1,1,0,0
23200006698000,4,3,1,0
23200006740000,18,7,11,639
23200006741000,11,6,5,353.1
23200006742000,13,5,8,440.7
23200006743000,42,21,21,1650.6
23200006744000,15,10,5,732
23200006745000,118,59,59,4141.8
23200006746000,50,26,24,2005
23200006747000,8,5,3,304
23200006755000,7,2,5,268.1
23200006758000,5,3,2,217
23200006759000,18,10,8,487.8
23200006761000,4,2,2,0
23200006762000,36,16,20,1515.6
23200006763000,6,4,2,174
23200006764000,19,8,11,756.2
23200006765000,26,13,13,1125.8
23200006766000,11,7,4,477.4
23200006769000,4,1,3,0
23200006771000,1,0,1,0
23200006807000,1,1,0,0
23200006808000,4,1,3,0
23200006945000,8,3,5,274.4
23200006946000,18,9,9,898.2
23200006953000,10,6,4,551
23200006955000,1,1,0,0
23200006956000,4,1,3,0
23200006996000,4,2,2,0
23200006997000,37,20,17,1361.6
23200007041000,21,10,11,657.3
23200007042000,9,3,6,449.1
23200007045000,8,5,3,347.2
23200007048000,3,2,1,0
23200007069000,5,3,2,108
23200007070000,26,15,11,1118
23200007071000,49,25,24,1621.9
23200007072000,46,25,21,1426
23200007073000,29,16,13,835.2
23200007074000,15,10,5,588
23200007075000,66,32,34,3253.8
23200007076000,30,13,17,912
23200007084000,11,7,4,481.8
23200007085000,9,6,3,378
23200007093000,8,6,2,406.4
23200007094000,17,9,8,588.2
23200007095000,14,8,6,641.2
23200007096000,61,35,26,2311.9
23200007097000,225,110,115,8910
23200007098000,15,6,9,667.5
23200007106000,94,50,44,3534.4
23200007108000,5,2,3,100
23200007109000,19,10,9,976.6
23200007110000,20,11,9,808
23200007111000,22,13,9,699.6
23200007112000,6,2,4,313.8
23200007114000,7,4,3,287.7
23200007115000,47,23,24,1743.7
23200007116000,39,21,18,1739.4
23200007117000,6,4,2,150
23200007130000,6,3,3,250.2
23200007139000,3,2,1,0
23200007140000,14,7,7,743.4
23200007159000,19,8,11,1102
23200007160000,10,4,6,501
23200007162000,12,5,7,663.6
23200007163000,38,18,20,1307.2
23200007164000,2,1,1,0
23200007167000,16,9,7,764.8
23200007168000,7,3,4,415.8
23200007169000,8,6,2,244.8
23200007173000,19,13,6,836
23200007175000,3,2,1,0
23200007185000,14,8,6,677.6
23200007194000,3,1,2,0
23200007195000,14,7,7,620.2
23200007196000,16,6,10,425.6
23200007197000,196,87,109,6311.2
23200007198000,446,230,216,13870.6
23200007204000,8,2,6,299.2
23200007205000,2,1,1,0
23210006618000,2,1,1,0
23210006624000,1,0,1,0
23210006625000,3,2,1,0
23210006626000,18,11,7,712.8
23210006627000,99,56,43,4019.4
23210006628000,90,47,43,4455
23210006629000,26,12,14,1284.4
23210006630000,20,13,7,852
23210006631000,5,3,2,237
23210006639000,7,4,3,384.3
23210006641000,2,1,1,0
23210006648000,2,1,1,0
23210006649000,4,3,1,0
23210006658000,2,1,1,0
23210006663000,8,6,2,350.4
23210006668000,2,1,1,0
23210006679000,14,8,6,709.8
23210006680000,30,14,16,1206
23210006681000,23,10,13,1058
23210006682000,20,10,10,1004
23210006683000,19,11,8,896.8
23210006684000,12,5,7,381.6
23210006685000,3,3,0,0
23210006686000,193,95,98,6812.9
23210006687000,42,19,23,1848
23210006688000,35,15,20,1515.5
23210006690000,4,1,3,0
23210006698000,2,1,1,0
23210006737000,8,6,2,266.4
23210006738000,3,2,1,0
23210006739000,2,1,1,0
23210006741000,1,0,1,0
23210006742000,4,3,1,0
23210006743000,9,5,4,294.3
23210006744000,3,2,1,0
23210006745000,89,42,47,3444.3
23210006746000,56,28,28,2273.6
23210006747000,50,26,24,2415
23210006748000,60,30,30,2220
23210006749000,17,11,6,714
23210006750000,4,2,2,0
23210006759000,36,20,16,1360.8
23210006760000,7,3,4,350.7
23210006761000,8,4,4,404
23210006763000,12,8,4,199.2
23210006764000,3,1,2,0
23210006766000,27,12,15,961.2
23210006767000,39,22,17,1396.2
23210006768000,21,8,13,816.9
23210006769000,8,3,5,172
23210006771000,4,2,2,0
23210006804000,1,1,0,0
23210006806000,2,1,1,0
23210006929000,1,1,0,0
23210006944000,4,2,2,0
23210006945000,4,2,2,0
23210006951000,1,0,1,0
23210006952000,7,5,2,284.2
23210006953000,4,1,3,0
23210006955000,12,5,7,482.4
23210006996000,42,16,26,1978.2
23210006997000,17,6,11,741.2
23210007041000,41,20,21,1578.5
23210007043000,10,7,3,393
23210007044000,3,2,1,0
23210007045000,4,3,1,0
23210007046000,2,0,2,0
23210007068000,12,7,5,540
23210007069000,5,2,3,178
23210007070000,13,7,6,634.4
23210007071000,50,26,24,2145
23210007072000,55,30,25,1749
23210007073000,11,4,7,400.4
23210007074000,165,90,75,6930
23210007075000,29,18,11,1293.4
23210007076000,6,3,3,262.8
23210007084000,38,18,20,1679.6
23210007085000,9,6,3,313.2
23210007086000,1,0,1,0
23210007087000,25,12,13,1005
23210007088000,12,6,6,462
23210007090000,13,7,6,643.5
23210007091000,10,6,4,504
23210007092000,15,6,9,615
23210007095000,3,3,0,0
23210007096000,44,22,22,1755.6
23210007098000,25,13,12,1252.5
23210007099000,28,13,15,1150.8
23210007106000,29,16,13,1090.4
23210007107000,18,9,9,631.8
23210007110000,12,9,3,332.4
23210007111000,19,8,11,476.9
23210007112000,7,3,4,244.3
23210007114000,22,10,12,693
23210007115000,3,1,2,0
23210007116000,32,17,15,1110.4
23210007130000,11,8,3,328.9
23210007142000,9,5,4,522.9
23210007158000,2,2,0,0
23210007159000,40,22,18,1936
23210007160000,18,9,9,1051.2
23210007161000,16,8,8,436.8
23210007162000,50,27,23,1840
23210007163000,7,4,3,212.8
23210007164000,20,11,9,902
23210007165000,2,1,1,0
23210007166000,6,4,2,226.2
23210007167000,12,7,5,508.8
23210007168000,17,9,8,472.6
23210007171000,2,1,1,0
23210007172000,18,8,10,671.4
23210007173000,8,5,3,492
23210007174000,37,18,19,1191.4
23210007175000,84,33,51,4536
23210007193000,2,1,1,0
23210007196000,10,6,4,335
23210007197000,175,88,87,6440
23210007198000,1320,668,652,56760
23210007199000,586,300,286,20568.6
23210007200000,11,6,5,611.6
23210007201000,1,1,0,0
23210007204000,10,6,4,381
23210007205000,9,6,3,245.7
23210007206000,3,2,1,0
23220006616000,3,2,1,0
23220006624000,3,2,1,0
23220006643000,7,5,2,321.3
23220006644000,2,1,1,0
23220006667000,3,1,2,0
23220006668000,17,8,9,1122
23220006678000,3,3,0,0
23220006679000,7,5,2,212.8
23220006680000,264,141,123,9820.8
23220006681000,43,24,19,1436.2
23220006682000,43,26,17,1634
23220006683000,15,5,10,534
23220006685000,3,3,0,0
23220006686000,30,14,16,1344
23220006687000,4,2,2,0
23220006688000,16,9,7,822.4
23220006689000,1,1,0,0
23220006690000,1,1,0,0
23220006734000,13,7,6,660.4
23220006735000,9,3,6,291.6
23220006736000,12,7,5,699.6
23220006737000,10,8,2,564
23220006738000,21,5,16,842.1
23220006739000,5,3,2,348
23220006740000,2,1,1,0
23220006744000,12,7,5,637.2
23220006745000,24,10,14,1036.8
23220006746000,8,6,2,324
23220006747000,3,2,1,0
23220006748000,8,4,4,410.4
23220006749000,7,5,2,282.8
23220006750000,2,0,2,0
23220006758000,2,1,1,0
23220006759000,40,20,20,1668
23220006760000,89,26,63,4895
23220006761000,58,31,27,2859.4
23220006762000,2,1,1,0
23220006763000,8,4,4,416.8
23220006764000,18,7,11,599.4
23220006767000,4,1,3,0
23220006768000,2,1,1,0
23220006770000,4,2,2,0
23220006772000,4,2,2,0
23220006773000,7,3,4,328.3
23220006774000,4,3,1,0
23220006794000,2,1,1,0
23220006805000,2,1,1,0
23220006806000,13,7,6,660.4
23220006915000,15,7,8,673.5
23220006917000,2,0,2,0
23220006935000,22,13,9,1082.4
23220006941000,2,1,1,0
23220006945000,2,1,1,0
23220006946000,5,1,4,228
23220006951000,3,1,2,0
23220006952000,15,7,8,616.5
23220006953000,13,6,7,587.6
23220006954000,2,1,1,0
23220006955000,2,1,1,0
23220007041000,10,6,4,346
23220007045000,8,4,4,308.8
23220007046000,10,4,6,494
23220007047000,2,2,0,0
23220007068000,11,7,4,486.2
23220007071000,4,2,2,0
23220007072000,8,4,4,412.8
23220007073000,32,16,16,1232
23220007074000,128,62,66,5299.2
23220007075000,111,59,52,3951.6
23220007076000,64,33,31,2668.8
23220007077000,6,5,1,216
23220007084000,347,177,170,13880
23220007085000,53,23,30,2104.1
23220007086000,128,65,63,4032
23220007087000,41,20,21,1549.8
23220007088000,24,13,11,825.6
23220007089000,8,5,3,459.2
23220007090000,6,3,3,388.8
23220007091000,2,1,1,0
23220007092000,34,20,14,952
23220007093000,22,12,10,950.4
23220007094000,20,11,9,852
23220007095000,7,4,3,361.2
23220007096000,23,13,10,763.6
23220007097000,11,5,6,422.4
23220007098000,28,14,14,1397.2
23220007099000,18,12,6,925.2
23220007105000,16,8,8,755.2
23220007106000,21,9,12,898.8
23220007110000,7,3,4,291.2
23220007111000,29,12,17,1119.4
23220007112000,41,26,15,1324.3
23220007114000,37,20,17,1591
23220007120000,3,2,1,0
23220007142000,27,13,14,1077.3
23220007143000,1,0,1,0
23220007157000,20,9,11,916
23220007158000,1,0,1,0
23220007159000,30,12,18,1263
23220007160000,28,14,14,842.8
23220007161000,19,9,10,699.2
23220007162000,11,4,7,509.3
23220007166000,4,2,2,0
23220007171000,4,2,2,0
23220007172000,32,14,18,864
23220007173000,10,6,4,330
23220007175000,10,5,5,552
23220007177000,3,2,1,0
23220007178000,1,1,0,0
23220007185000,11,7,4,511.5
23220007186000,1,0,1,0
23220007193000,4,2,2,0
23220007194000,9,7,2,348.3
23220007196000,15,7,8,529.5
23220007197000,13,7,6,499.2
23220007198000,331,156,175,14266.1
23220007199000,189,89,100,7200.9
23220007200000,9,4,5,312.3
23220007201000,20,11,9,590
23220007202000,52,25,27,1783.6
23220007203000,32,17,15,1449.6
23220007204000,31,15,16,1029.2
23230006616000,2,1,1,0
23230006617000,13,8,5,678.6
23230006622000,5,3,2,208
23230006668000,3,2,1,0
23230006676000,3,2,1,0
23230006677000,3,2,1,0
23230006678000,6,2,4,139.8
23230006680000,60,31,29,2472
23230006681000,63,32,31,3105.9
23230006682000,35,18,17,1582
23230006683000,19,9,10,653.6
23230006684000,24,13,11,926.4
23230006685000,2,1,1,0
23230006730000,6,4,2,376.2
23230006731000,13,8,5,704.6
23230006732000,7,4,3,336.7
23230006733000,3,1,2,0
23230006734000,59,31,28,2855.6
23230006735000,74,44,30,3159.8
23230006736000,7,6,1,357
23230006737000,26,14,12,1370.2
23230006738000,16,10,6,820.8
23230006739000,11,7,4,531.3
23230006754000,3,2,1,0
23230006755000,4,2,2,0
23230006758000,3,1,2,0
23230006760000,31,13,18,1221.4
23230006764000,1,0,1,0
23230006765000,2,2,0,0
23230006766000,21,11,10,751.8
23230006768000,3,2,1,0
23230006769000,8,5,3,404.8
23230006770000,20,10,10,778
23230006771000,5,3,2,357
23230006772000,2,1,1,0
23230006794000,2,1,1,0
23230006795000,3,2,1,0
23230006805000,2,2,0,0
23230006815000,5,3,2,344
23230006817000,4,2,2,0
23230006822000,1,1,0,0
23230006894000,9,6,3,376.2
23230006896000,9,5,4,353.7
23230006935000,14,7,7,670.6
23230006946000,10,5,5,375
23230006947000,3,2,1,0
23230006951000,7,2,5,336.7
23230006953000,9,4,5,351
23230006954000,13,8,5,655.2
23230007042000,2,1,1,0
23230007045000,3,2,1,0
23230007070000,9,7,2,306
23230007071000,40,23,17,1308
23230007072000,20,11,9,924
23230007073000,26,11,15,1055.6
23230007074000,36,23,13,1630.8
23230007075000,81,44,37,2835
23230007076000,15,10,5,481.5
23230007081000,101,52,49,3605.7
23230007082000,286,143,143,10896.6
23230007083000,5,5,0,194
23230007085000,197,96,101,8077
23230007086000,163,86,77,6585.2
23230007087000,75,37,38,2880
23230007088000,16,8,8,627.2
23230007089000,20,10,10,890
23230007090000,6,3,3,240
23230007092000,26,13,13,1066
23230007093000,24,12,12,1092
23230007094000,7,5,2,200.2
23230007095000,12,7,5,339.6
23230007096000,25,13,12,740
23230007097000,29,14,15,1218
23230007098000,6,2,4,273
23230007099000,29,14,15,997.6
23230007104000,8,5,3,420.8
23230007105000,75,36,39,2610
23230007106000,21,9,12,928.2
23230007111000,26,14,12,839.8
23230007112000,30,19,11,984
23230007113000,9,4,5,360
23230007114000,191,96,95,6532.2
23230007115000,6,3,3,292.8
23230007128000,20,12,8,758
23230007129000,2,1,1,0
23230007156000,2,1,1,0
23230007160000,6,3,3,244.8
23230007161000,66,31,35,2197.8
23230007162000,3,2,1,0
23230007169000,15,8,7,808.5
23230007170000,5,2,3,153
23230007173000,6,4,2,244.8
23230007177000,10,5,5,523
23230007178000,17,8,9,802.4
23230007185000,13,9,4,647.4
23230007186000,11,6,5,529.1
23230007189000,5,3,2,141
23230007190000,10,5,5,443
23230007191000,25,12,13,930
23230007192000,1,1,0,0
23230007194000,4,1,3,0
23230007195000,7,4,3,308.7
23230007196000,15,9,6,640.5
23230007197000,79,45,34,2535.9
23230007198000,1,1,0,0
23230007199000,49,21,28,1788.5
23230007200000,125,64,61,4587.5
23230007201000,17,7,10,606.9
23230007202000,13,7,6,351
23240006643000,4,2,2,0
23240006644000,3,2,1,0
23240006645000,2,2,0,0
23240006646000,1,1,0,0
23240006676000,13,7,6,590.2
23240006677000,46,26,20,1564
23240006678000,4,1,3,0
23240006680000,83,41,42,3336.6
23240006681000,22,12,10,864.6
23240006682000,41,22,19,1927
23240006683000,33,17,16,1237.5
23240006684000,1,1,0,0
23240006685000,4,2,2,0
23240006686000,4,2,2,0
23240006728000,4,3,1,0
23240006729000,6,2,4,145.2
23240006730000,12,5,7,742.8
23240006731000,29,16,13,1441.3
23240006732000,6,2,4,324
23240006733000,1,1,0,0
23240006734000,19,10,9,900.6
23240006735000,21,11,10,1083.6
23240006736000,15,9,6,609
23240006737000,3,1,2,0
23240006738000,4,1,3,0
23240006755000,32,19,13,1465.6
23240006757000,5,2,3,222
23240006758000,14,7,7,565.6
23240006760000,4,3,1,0
23240006761000,27,16,11,1331.1
23240006762000,2,1,1,0
23240006764000,5,3,2,247
23240006765000,9,6,3,405
23240006766000,1,0,1,0
23240006768000,1,1,0,0
23240006769000,2,1,1,0
23240006770000,3,2,1,0
23240006795000,5,3,2,200
23240006800000,2,1,1,0
23240006801000,12,7,5,746.4
23240006802000,1,0,1,0
23240006803000,8,5,3,172.8
23240006814000,8,5,3,404
23240006893000,1,1,0,0
23240006916000,1,1,0,0
23240006933000,3,2,1,0
23240006934000,4,1,3,0
23240006944000,3,1,2,0
23240006947000,7,4,3,128.1
23240006949000,11,6,5,455.4
23240006950000,8,3,5,296
23240006954000,5,2,3,184
23240006955000,1,1,0,0
23240007068000,4,3,1,0
23240007069000,6,4,2,343.8
23240007070000,7,6,1,280
23240007071000,103,53,50,3543.2
23240007072000,22,12,10,660
23240007074000,32,16,16,1116.8
23240007075000,56,27,29,2027.2
23240007081000,39,18,21,1404
23240007082000,69,34,35,2063.1
23240007083000,46,23,23,1821.6
23240007085000,14,8,6,463.4
23240007088000,15,8,7,631.5
23240007089000,19,9,10,862.6
23240007090000,26,13,13,824.2
23240007091000,10,4,6,436
23240007092000,42,22,20,1625.4
23240007093000,88,43,45,4188.8
23240007094000,143,71,72,5319.6
23240007095000,166,85,81,5561
23240007096000,21,13,8,718.2
23240007097000,18,8,10,768.6
23240007098000,31,14,17,1664.7
23240007099000,12,7,5,571.2
23240007104000,3,1,2,0
23240007106000,18,8,10,770.4
23240007111000,7,2,5,294.7
23240007112000,13,9,4,445.9
23240007113000,39,24,15,1653.6
23240007114000,200,89,111,8960
23240007115000,116,54,62,4315.2
23240007142000,3,2,1,0
23240007143000,12,7,5,582
23240007146000,2,1,1,0
23240007155000,4,3,1,0
23240007156000,5,3,2,303
23240007170000,17,9,8,812.6
23240007171000,15,7,8,843
23240007172000,16,9,7,862.4
23240007173000,4,2,2,0
23240007177000,1,1,0,0
23240007178000,12,5,7,758.4
23240007186000,9,5,4,305.1
23240007190000,19,11,8,647.9
23240007193000,8,5,3,327.2
23240007194000,1,1,0,0
23240007195000,3,1,2,0
23240007196000,24,13,11,907.2
23240007197000,95,53,42,3781
23240007198000,73,38,35,2941.9
23240007199000,11,6,5,555.5
23240007200000,2,1,1,0
23240007202000,18,9,9,500.4
23240007203000,28,15,13,772.8
23240007204000,5,3,2,314
23250006661000,1,1,0,0
23250006675000,1,1,0,0
23250006676000,26,12,14,936
23250006677000,18,10,8,977.4
23250006678000,9,5,4,665.1
23250006679000,20,11,9,874
23250006680000,27,14,13,1293.3
23250006681000,55,32,23,2172.5
23250006682000,26,12,14,972.4
23250006683000,28,12,16,1369.2
23250006684000,6,4,2,222
23250006685000,1,1,0,0
23250006726000,7,3,4,447.3
23250006727000,29,17,12,1368.8
23250006728000,21,13,8,837.9
23250006729000,6,4,2,334.8
23250006730000,45,22,23,2164.5
23250006731000,24,15,9,602.4
23250006732000,7,4,3,272.3
23250006733000,12,5,7,548.4
23250006734000,7,3,4,326.2
23250006735000,7,3,4,235.9
23250006736000,196,105,91,8526
23250006737000,44,22,22,1548.8
23250006739000,1,1,0,0
23250006754000,10,4,6,333
23250006755000,6,2,4,348
23250006757000,28,14,14,1064
23250006758000,45,24,21,1471.5
23250006759000,32,18,14,1712
23250006760000,101,51,50,4393.5
23250006761000,46,23,23,1968.8
23250006763000,1,0,1,0
23250006764000,1,0,1,0
23250006766000,1,1,0,0
23250006767000,3,2,1,0
23250006768000,2,2,0,0
23250006794000,5,3,2,279
23250006795000,4,3,1,0
23250006798000,3,2,1,0
23250006799000,5,2,3,167
23250006800000,6,3,3,247.2
23250006801000,22,10,12,787.6
23250006813000,4,2,2,0
23250006888000,24,14,10,955.2
23250006889000,1,0,1,0
23250006890000,1,0,1,0
23250006914000,11,5,6,403.7
23250006933000,4,2,2,0
23250006947000,3,2,1,0
23250006954000,2,1,1,0
23250006955000,4,3,1,0
23250006996000,4,1,3,0
23250007042000,4,2,2,0
23250007067000,9,4,5,324.9
23250007069000,17,8,9,627.3
23250007070000,20,12,8,568
23250007072000,6,4,2,261
23250007073000,1,1,0,0
23250007074000,27,14,13,1301.4
23250007075000,76,44,32,2736
23250007076000,70,40,30,2877
23250007077000,41,29,12,1582.6
23250007078000,1033,508,525,39770.5
23250007079000,409,194,215,14315
23250007080000,175,88,87,7262.5
23250007081000,73,36,37,2284.9
23250007082000,194,96,98,7100.4
23250007083000,10,6,4,406
23250007085000,6,3,3,208.2
23250007086000,8,5,3,231.2
23250007088000,17,8,9,744.6
23250007089000,17,9,8,770.1
23250007090000,21,8,13,705.6
23250007091000,65,33,32,2008.5
23250007092000,259,128,131,10152.8
23250007093000,284,125,159,11956.4
23250007094000,89,46,43,3479.9
23250007095000,163,80,83,6291.8
23250007096000,28,13,15,1044.4
23250007097000,13,5,8,598
23250007099000,28,11,17,1296.4
23250007100000,25,15,10,1235
23250007105000,23,13,10,763.6
23250007107000,2,1,1,0
23250007111000,15,8,7,423
23250007112000,16,8,8,438.4
23250007113000,17,11,6,622.2
23250007114000,34,16,18,1050.6
23250007115000,27,12,15,820.8
23250007116000,24,13,11,784.8
23250007127000,8,5,3,236
23250007143000,1,1,0,0
23250007145000,19,9,10,1020.3
23250007146000,106,57,49,4123.4
23250007155000,2,1,1,0
23250007166000,3,2,1,0
23250007168000,2,1,1,0
23250007171000,4,2,2,0
23250007172000,10,5,5,369
23250007173000,20,10,10,1098
23250007174000,12,6,6,621.6
23250007175000,5,3,2,246
23250007185000,3,1,2,0
23250007186000,2,1,1,0
23250007190000,2,1,1,0
23250007192000,5,3,2,270
23250007193000,71,40,31,2279.1
23250007194000,12,7,5,370.8
23250007195000,4,2,2,0
23250007196000,6,4,2,259.2
23250007197000,8,3,5,515.2
23250007198000,7,3,4,298.2
23250007203000,10,5,5,438
23250007204000,73,37,36,2861.6
23260006648000,13,7,6,647.4
23260006649000,6,5,1,246
23260006674000,4,2,2,0
23260006675000,31,18,13,1553.1
23260006676000,140,71,69,4858
23260006677000,26,13,13,1047.8
23260006678000,14,9,5,760.2
23260006679000,24,12,12,1000.8
23260006680000,19,10,9,748.6
23260006681000,3,2,1,0
23260006682000,16,10,6,809.6
23260006683000,30,15,15,924
23260006726000,25,12,13,1115
23260006727000,54,29,25,2548.8
23260006728000,18,9,9,887.4
23260006729000,87,39,48,4236.9
23260006730000,181,92,89,7421
23260006731000,46,20,26,2635.8
23260006732000,24,11,13,931.2
23260006733000,11,6,5,416.9
23260006734000,2,2,0,0
23260006735000,52,25,27,2178.8
23260006736000,116,62,54,5614.4
23260006737000,80,38,42,4352
23260006738000,22,12,10,963.6
23260006739000,11,6,5,544.5
23260006740000,1,0,1,0
23260006755000,8,3,5,228
23260006756000,6,4,2,262.2
23260006757000,15,8,7,691.5
23260006758000,11,5,6,309.1
23260006759000,19,11,8,754.3
23260006760000,69,38,31,2898
23260006761000,28,12,16,1279.6
23260006762000,15,7,8,796.5
23260006763000,2,1,1,0
23260006765000,3,2,1,0
23260006766000,55,29,26,2596
23260006767000,42,22,20,2175.6
23260006768000,20,10,10,824
23260006769000,14,6,8,561.4
23260006770000,8,5,3,419.2
23260006771000,5,1,4,196
23260006794000,2,1,1,0
23260006800000,106,55,51,5586.2
23260006801000,22,10,12,1214.4
23260006807000,3,2,1,0
23260006808000,2,1,1,0
23260006812000,8,3,5,318.4
23260006813000,9,5,4,532.8
23260006844000,2,1,1,0
23260006845000,8,6,2,344
23260006856000,5,1,4,248
23260006857000,21,11,10,942.9
23260006858000,3,0,3,0
23260006884000,1,1,0,0
23260006887000,8,4,4,392
23260006890000,1,1,0,0
23260006944000,13,6,7,549.9
23260006945000,2,1,1,0
23260006946000,4,2,2,0
23260006947000,5,3,2,231
23260006955000,1,1,0,0
23260006996000,37,22,15,1650.2
23260007070000,18,10,8,637.2
23260007071000,25,16,9,910
23260007072000,27,14,13,893.7
23260007073000,22,10,12,783.2
23260007074000,26,12,14,1050.4
23260007075000,211,107,104,8186.8
23260007076000,1065,544,521,41428.5
23260007077000,431,236,195,17067.6
23260007078000,1661,776,885,81555.1
23260007079000,1100,564,536,40590
23260007080000,350,164,186,13440
23260007081000,23,10,13,795.8
23260007082000,33,17,16,1197.9
23260007083000,12,7,5,428.4
23260007086000,6,2,4,247.2
23260007087000,6,3,3,273
23260007089000,7,5,2,240.8
23260007090000,4,1,3,0
23260007091000,48,29,19,1896
23260007092000,11,6,5,474.1
23260007093000,50,23,27,2630
23260007094000,40,19,21,1508
23260007095000,4,2,2,0
23260007096000,6,3,3,82.2
23260007097000,33,20,13,1478.4
23260007098000,41,20,21,1676.9
23260007099000,8,4,4,342.4
23260007100000,176,88,88,5948.8
23260007101000,15,8,7,688.5
23260007103000,696,321,375,32155.2
23260007104000,378,189,189,13419
23260007105000,35,15,20,1330
23260007106000,10,6,4,350
23260007107000,2,1,1,0
23260007111000,8,4,4,288
23260007112000,73,39,34,2664.5
23260007113000,25,14,11,862.5
23260007114000,33,20,13,1006.5
23260007115000,4,1,3,0
23260007116000,23,10,13,876.3
23260007142000,3,2,1,0
23260007143000,11,7,4,388.3
23260007144000,201,109,92,7356.6
23260007145000,441,216,225,17860.5
23260007146000,175,98,77,5880
23260007150000,4,1,3,0
23260007156000,7,4,3,471.8
23260007164000,5,1,4,169
23260007167000,8,5,3,347.2
23260007168000,11,6,5,555.5
23260007170000,3,1,2,0
23260007171000,9,6,3,446.4
23260007185000,3,2,1,0
23260007191000,8,6,2,226.4
23260007192000,50,25,25,1725
23260007193000,8,5,3,271.2
23260007194000,10,6,4,274
23260007195000,11,7,4,584.1
23260007196000,8,4,4,511.2
23260007197000,1,1,0,0
23260007198000,2,1,1,0
23260007200000,2,1,1,0
23260007201000,12,7,5,610.8
23260007205000,32,15,17,1040
23270006641000,2,1,1,0
23270006643000,4,3,1,0
23270006647000,1,0,1,0
23270006648000,5,3,2,369
23270006655000,6,4,2,280.2
23270006673000,12,7,5,406.8
23270006674000,2,1,1,0
23270006675000,46,23,23,1890.6
23270006676000,112,49,63,5387.2
23270006677000,80,42,38,2368
23270006678000,30,15,15,1110
23270006679000,27,15,12,1098.9
23270006680000,8,3,5,356
23270006682000,7,4,3,389.9
23270006683000,9,5,4,387.9
23270006694000,3,1,2,0
23270006716000,1,1,0,0
23270006725000,9,5,4,518.4
23270006726000,17,10,7,778.6
23270006727000,8,3,5,496.8
23270006728000,59,27,32,2430.8
23270006729000,191,78,113,11307.2
23270006730000,537,243,294,25185.3
23270006731000,184,97,87,7709.6
23270006733000,8,4,4,363.2
23270006734000,8,4,4,430.4
23270006735000,40,22,18,1528
23270006736000,48,26,22,1848
23270006737000,53,26,27,2374.4
23270006738000,8,4,4,492.8
23270006755000,7,3,4,219.1
23270006756000,5,3,2,184
23270006757000,14,7,7,774.2
23270006759000,6,3,3,235.8
23270006760000,18,10,8,808.2
23270006761000,34,18,16,1509.6
23270006762000,1,0,1,0
23270006763000,5,2,3,226
23270006767000,4,2,2,0
23270006768000,14,9,5,666.4
23270006769000,15,9,6,412.5
23270006770000,7,4,3,359.1
23270006793000,1,0,1,0
23270006794000,1,0,1,0
23270006800000,7,4,3,361.9
23270006801000,26,11,15,1053
23270006805000,6,3,3,439.2
23270006806000,7,4,3,263.2
23270006807000,3,1,2,0
23270006811000,2,1,1,0
23270006844000,11,5,6,338.8
23270006845000,2,1,1,0
23270006857000,2,2,0,0
23270006859000,9,6,3,560.7
23270006860000,6,2,4,262.2
23270006884000,12,8,4,391.2
23270006892000,3,1,2,0
23270006932000,2,1,1,0
23270006944000,2,1,1,0
23270006945000,6,4,2,250.2
23270006946000,6,2,4,316.8
23270006951000,4,3,1,0
23270006995000,12,5,7,646.8
23270006996000,7,1,6,207.9
23270007069000,6,3,3,282
23270007070000,41,18,23,1730.2
23270007071000,2,1,1,0
23270007072000,27,14,13,1134
23270007074000,13,8,5,657.8
23270007075000,41,22,19,1484.2
23270007076000,270,144,126,10557
23270007077000,148,82,66,5239.2
23270007078000,730,343,387,38252
23270007079000,545,271,274,22944.5
23270007080000,40,19,21,1472
23270007081000,25,12,13,835
23270007082000,47,27,20,1532.2
23270007083000,9,5,4,471.6
23270007093000,29,16,13,1142.6
23270007094000,7,4,3,357.7
23270007097000,18,10,8,637.2
23270007098000,10,5,5,330
23270007099000,6,4,2,157.8
23270007100000,5,4,1,211
23270007101000,810,400,410,33696
23270007103000,455,240,215,18564
23270007104000,314,153,161,13690.4
23270007105000,155,77,78,6076
23270007108000,5,4,1,255
23270007110000,6,3,3,340.2
23270007111000,5,3,2,280
23270007112000,14,7,7,686
23270007113000,17,8,9,654.5
23270007114000,39,18,21,1396.2
23270007116000,10,5,5,279
23270007142000,7,4,3,273.7
23270007143000,6,3,3,214.8
23270007146000,5,3,2,298
23270007149000,28,14,14,1094.8
23270007150000,19,10,9,718.2
23270007156000,21,9,12,722.4
23270007168000,2,1,1,0
23270007169000,14,8,6,611.8
23270007187000,12,6,6,542.4
23270007188000,9,4,5,442.8
23270007191000,8,3,5,343.2
23270007192000,21,13,8,934.5
23270007194000,9,6,3,288
23270007195000,3,3,0,0
23270007196000,19,12,7,820.8
23270007197000,21,13,8,659.4
23270007198000,13,6,7,438.1
23270007201000,14,6,8,579.6
23270007202000,8,5,3,220.8
23270007205000,4,1,3,0
23280006643000,3,2,1,0
23280006652000,3,2,1,0
23280006675000,3,1,2,0
23280006676000,31,17,14,1407.4
23280006677000,51,24,27,2228.7
23280006678000,7,3,4,475.3
23280006680000,4,3,1,0
23280006681000,57,31,26,2154.6
23280006682000,12,5,7,423.6
23280006694000,4,1,3,0
23280006697000,2,1,1,0
23280006714000,1,1,0,0
23280006715000,34,18,16,1686.4
23280006716000,4,3,1,0
23280006722000,4,2,2,0
23280006723000,7,4,3,287.7
23280006724000,6,4,2,262.8
23280006725000,29,14,15,1276
23280006726000,9,4,5,293.4
23280006727000,22,12,10,767.8
23280006728000,72,32,40,2772
23280006733000,10,6,4,396
23280006734000,13,5,8,539.5
23280006735000,8,5,3,414.4
23280006736000,2,1,1,0
23280006737000,56,30,26,2234.4
23280006738000,46,24,22,2056.2
23280006739000,2,1,1,0
23280006756000,2,1,1,0
23280006761000,29,17,12,977.3
23280006762000,15,5,10,760.5
23280006763000,8,5,3,371.2
23280006768000,2,1,1,0
23280006791000,1,1,0,0
23280006793000,2,1,1,0
23280006794000,3,1,2,0
23280006799000,8,3,5,352
23280006800000,10,4,6,480
23280006802000,12,6,6,570
23280006803000,5,3,2,231
23280006804000,4,2,2,0
23280006805000,1,1,0,0
23280006844000,3,2,1,0
23280006850000,19,9,10,1134.3
23280006860000,8,5,3,426.4
23280006882000,4,2,2,0
23280006892000,13,7,6,609.7
23280006912000,4,1,3,0
23280006913000,1,1,0,0
23280006940000,2,2,0,0
23280006941000,1,1,0,0
23280006945000,5,4,1,175
23280006946000,15,10,5,940.5
23280006950000,2,1,1,0
23280006951000,1,1,0,0
23280006954000,9,3,6,272.7
23280006994000,1,1,0,0
23280006995000,12,6,6,855.6
23280007068000,2,1,1,0
23280007069000,2,1,1,0
23280007070000,4,2,2,0
23280007071000,2,1,1,0
23280007072000,8,4,4,254.4
23280007074000,17,9,8,576.3
23280007075000,29,18,11,1223.8
23280007076000,51,28,23,1943.1
23280007077000,10,5,5,280
23280007078000,305,154,151,10766.5
23280007079000,63,32,31,2709
23280007080000,42,22,20,1692.6
23280007081000,18,9,9,606.6
23280007082000,41,25,16,1205.4
23280007091000,19,12,7,653.6
23280007092000,8,4,4,451.2
23280007093000,22,13,9,1141.8
23280007094000,41,21,20,1525.2
23280007095000,15,8,7,330
23280007096000,15,6,9,597
23280007097000,16,6,10,529.6
23280007098000,5,3,2,340
23280007099000,26,13,13,741
23280007100000,255,133,122,10633.5
23280007101000,603,318,285,20562.3
23280007102000,520,241,279,32916
23280007103000,1543,727,816,78847.3
23280007104000,1303,637,666,53162.4
23280007105000,799,397,402,31880.1
23280007106000,164,88,76,5166
23280007107000,15,9,6,573
23280007108000,39,21,18,1181.7
23280007109000,9,5,4,411.3
23280007110000,7,4,3,268.8
23280007112000,22,11,11,860.2
23280007113000,7,3,4,303.1
23280007114000,16,8,8,422.4
23280007116000,15,7,8,570
23280007117000,7,6,1,130.9
23280007146000,3,2,1,0
23280007149000,8,5,3,430.4
23280007154000,81,44,37,2551.5
23280007155000,9,5,4,374.4
23280007157000,3,1,2,0
23280007163000,12,5,7,590.4
23280007186000,2,1,1,0
23280007188000,8,4,4,307.2
23280007189000,1,1,0,0
23280007191000,27,15,12,985.5
23280007192000,4,3,1,0
23280007193000,5,4,1,156
23280007194000,18,10,8,633.6
23280007195000,9,4,5,204.3
23280007196000,7,3,4,527.1
23290006649000,1,1,0,0
23290006650000,1,1,0,0
23290006651000,4,3,1,0
23290006652000,4,2,2,0
23290006677000,5,3,2,341
23290006678000,19,12,7,967.1
23290006679000,35,18,17,1806
23290006680000,12,7,5,531.6
23290006681000,6,4,2,196.2
23290006693000,9,4,5,242.1
23290006694000,2,1,1,0
23290006715000,20,10,10,972
23290006716000,7,3,4,223.3
23290006717000,2,2,0,0
23290006718000,1,1,0,0
23290006721000,31,16,15,1209
23290006722000,13,6,7,276.9
23290006723000,8,5,3,556.8
23290006725000,2,1,1,0
23290006726000,4,2,2,0
23290006731000,9,7,2,291.6
23290006732000,2,1,1,0
23290006733000,15,8,7,598.5
23290006734000,27,13,14,1107
23290006735000,9,6,3,423.9
23290006736000,8,4,4,368
23290006737000,46,28,18,1863
23290006738000,36,20,16,1648.8
23290006739000,11,7,4,533.5
23290006760000,3,2,1,0
23290006761000,34,18,16,1451.8
23290006762000,18,9,9,880.2
23290006769000,6,3,3,252
23290006791000,3,1,2,0
23290006792000,7,2,5,347.9
23290006793000,7,3,4,385.7
23290006797000,5,2,3,234
23290006798000,1,1,0,0
23290006799000,4,2,2,0
23290006841000,5,2,3,297
23290006842000,2,1,1,0
23290006843000,2,1,1,0
23290006850000,6,3,3,214.8
23290006865000,2,0,2,0
23290006866000,9,4,5,539.1
23290006909000,2,1,1,0
23290006912000,7,3,4,310.1
23290006940000,3,1,2,0
23290006945000,8,5,3,420.8
23290006952000,3,2,1,0
23290006954000,6,4,2,241.8
23290006994000,42,23,19,1688.4
23290006995000,21,11,10,1136.1
23290007070000,39,20,19,1466.4
23290007071000,9,4,5,333
23290007075000,17,9,8,623.9
23290007076000,13,8,5,444.6
23290007077000,5,0,5,195
23290007078000,45,16,29,1764
23290007079000,68,39,29,2373.2
23290007080000,300,160,140,7620
23290007081000,16,8,8,883.2
23290007082000,9,5,4,479.7
23290007089000,2,1,1,0
23290007090000,14,8,6,473.2
23290007091000,13,9,4,334.1
23290007092000,3,2,1,0
23290007093000,16,8,8,451.2
23290007094000,7,3,4,196
23290007095000,8,6,2,423.2
23290007097000,24,11,13,717.6
23290007098000,10,4,6,511
23290007100000,54,27,27,2008.8
23290007101000,24,13,11,1125.6
23290007102000,1083,520,563,52742.1
23290007103000,1696,821,875,68518.4
23290007104000,319,167,152,10877.9
23290007105000,55,28,27,1842.5
23290007108000,41,25,16,1627.7
23290007109000,42,18,24,1982.4
23290007110000,19,7,12,505.4
23290007113000,9,6,3,309.6
23290007117000,17,11,6,533.8
23290007154000,604,313,291,19026
23290007155000,4,2,2,0
23290007156000,3,2,1,0
23290007157000,19,11,8,963.3
23290007158000,6,3,3,208.2
23290007162000,16,7,9,710.4
23290007168000,5,2,3,317
23290007169000,4,2,2,0
23290007170000,2,2,0,0
23290007178000,3,1,2,0
23290007179000,2,1,1,0
23290007180000,4,2,2,0
23290007187000,6,4,2,192
23290007188000,5,3,2,173
23290007189000,44,24,20,1227.6
23290007190000,22,10,12,1067
23290007191000,23,9,14,644
23290007193000,9,6,3,442.8
23290007194000,3,2,1,0
23290007195000,1,1,0,0
23290007196000,14,9,5,274.4
23290007198000,5,1,4,125
23290007203000,1,1,0,0
23300006646000,2,1,1,0
23300006647000,7,6,1,396.2
23300006650000,2,2,0,0
23300006651000,8,4,4,315.2
23300006652000,2,1,1,0
23300006653000,10,7,3,556
23300006675000,10,4,6,451
23300006677000,4,3,1,0
23300006678000,3,1,2,0
23300006679000,14,6,8,565.6
23300006680000,2,2,0,0
23300006681000,2,1,1,0
23300006693000,1,1,0,0
23300006694000,10,6,4,547
23300006713000,3,2,1,0
23300006714000,18,6,12,453.6
23300006715000,37,21,16,1613.2
23300006716000,47,25,22,2063.3
23300006717000,27,13,14,1077.3
23300006718000,7,3,4,198.1
23300006719000,5,3,2,234
23300006720000,3,0,3,0
23300006721000,24,13,11,873.6
23300006722000,32,16,16,1216
23300006724000,2,1,1,0
23300006731000,6,2,4,280.8
23300006732000,11,4,7,331.1
23300006733000,24,12,12,1118.4
23300006734000,27,14,13,1347.3
23300006735000,8,3,5,499.2
23300006736000,48,25,23,2035.2
23300006737000,10,6,4,468
23300006738000,9,5,4,468.9
23300006739000,18,8,10,612
23300006759000,6,2,4,229.8
23300006760000,23,11,12,901.6
23300006761000,8,5,3,500.8
23300006762000,5,3,2,117
23300006769000,5,3,2,261
23300006770000,2,1,1,0
23300006790000,2,1,1,0
23300006791000,8,4,4,428
23300006800000,6,3,3,259.2
23300006841000,2,1,1,0
23300006859000,2,1,1,0
23300006860000,3,2,1,0
23300006908000,5,3,2,194
23300006909000,13,8,5,696.8
23300006910000,12,4,8,657.6
23300006911000,5,2,3,163
23300006912000,19,11,8,942.4
23300006913000,6,3,3,352.2
23300006944000,2,1,1,0
23300006945000,4,2,2,0
23300006952000,5,4,1,278
23300006954000,7,4,3,174.3
23300006955000,5,2,3,139
23300006994000,43,23,20,1922.1
23300006995000,29,12,17,1186.1
23300007039000,18,10,8,1132.2
23300007040000,2,1,1,0
23300007075000,73,40,33,2562.3
23300007076000,9,4,5,378.9
23300007077000,27,17,10,774.9
23300007078000,92,46,46,3634
23300007079000,27,16,11,1266.3
23300007080000,539,272,267,18379.9
23300007081000,6,4,2,240
23300007082000,4,1,3,0
23300007090000,1,1,0,0
23300007091000,23,11,12,1074.1
23300007092000,5,2,3,89
23300007093000,16,11,5,436.8
23300007094000,18,8,10,644.4
23300007095000,37,21,16,1387.5
23300007096000,10,5,5,454
23300007098000,36,16,20,1537.2
23300007099000,14,6,8,589.4
23300007101000,18,8,10,642.6
23300007102000,21,9,12,716.1
23300007103000,318,163,155,12688.2
23300007104000,49,26,23,1808.1
23300007105000,10,6,4,322
23300007109000,16,8,8,614.4
23300007110000,15,8,7,583.5
23300007111000,12,7,5,520.8
23300007113000,20,11,9,922
23300007117000,8,3,5,218.4
23300007118000,3,1,2,0
23300007146000,18,8,10,685.8
23300007147000,107,55,52,3755.7
23300007148000,79,35,44,2693.9
23300007149000,54,27,27,1603.8
23300007150000,20,11,9,712
23300007152000,17,9,8,578
23300007153000,895,395,500,42602
23300007154000,985,512,473,36642
23300007155000,12,6,6,691.2
23300007156000,26,15,11,897
23300007157000,8,4,4,394.4
23300007158000,15,8,7,426
23300007159000,24,10,14,792
23300007162000,3,2,1,0
23300007178000,30,18,12,1446
23300007179000,10,4,6,441
23300007180000,28,13,15,1150.8
23300007190000,30,16,14,1407
23300007191000,9,4,5,203.4
23300007192000,12,6,6,386.4
23300007196000,4,3,1,0
23300007197000,11,7,4,398.2
23300007198000,3,2,1,0
23300007199000,10,5,5,332
23300007200000,3,2,1,0
23310006644000,16,9,7,569.6
23310006645000,34,22,12,1326
23310006646000,28,13,15,873.6
23310006647000,123,65,58,5178.3
23310006648000,20,8,12,896
23310006649000,19,13,6,731.5
23310006650000,11,7,4,357.5
23310006651000,4,2,2,0
23310006653000,2,1,1,0
23310006672000,1,0,1,0
23310006675000,9,3,6,178.2
23310006676000,179,91,88,5226.8
23310006677000,28,14,14,1467.2
23310006678000,45,22,23,1719
23310006679000,16,6,10,617.6
23310006693000,12,7,5,496.8
23310006694000,34,20,14,1615
23310006695000,8,5,3,427.2
23310006696000,7,5,2,301.7
23310006697000,4,2,2,0
23310006705000,3,1,2,0
23310006709000,2,2,0,0
23310006710000,4,3,1,0
23310006711000,6,4,2,382.2
23310006712000,21,10,11,858.9
23310006713000,14,10,4,443.8
23310006714000,5,3,2,242
23310006715000,7,4,3,368.9
23310006716000,45,24,21,2115
23310006717000,4,2,2,0
23310006719000,70,57,13,2338
23310006720000,21,11,10,938.7
23310006721000,20,10,10,858
23310006722000,17,11,6,584.8
23310006723000,5,2,3,308
23310006724000,6,4,2,354
23310006725000,2,1,1,0
23310006727000,15,5,10,562.5
23310006730000,10,7,3,219
23310006731000,13,7,6,703.3
23310006732000,11,7,4,426.8
23310006733000,39,21,18,1977.3
23310006734000,29,13,16,1261.5
23310006735000,64,38,26,2988.8
23310006736000,14,5,9,595
23310006759000,10,4,6,607
23310006760000,9,5,4,376.2
23310006767000,1,1,0,0
23310006772000,4,3,1,0
23310006786000,1,0,1,0
23310006787000,19,11,8,739.1
23310006788000,1,1,0,0
23310006794000,6,3,3,268.8
23310006795000,1,0,1,0
23310006800000,4,2,2,0
23310006802000,4,2,2,0
23310006840000,2,1,1,0
23310006868000,1,0,1,0
23310006905000,13,8,5,648.7
23310006908000,2,2,0,0
23310006909000,3,1,2,0
23310006910000,3,3,0,0
23310006911000,4,1,3,0
23310006993000,11,5,6,503.8
23310006994000,95,49,46,4626.5
23310006995000,146,76,70,6394.8
23310007039000,39,23,16,1778.4
23310007074000,32,18,14,1356.8
23310007075000,30,15,15,1272
23310007076000,33,15,18,1356.3
23310007077000,19,11,8,642.2
23310007078000,30,13,17,1020
23310007079000,77,34,43,3164.7
23310007080000,115,63,52,4186
23310007082000,13,7,6,522.6
23310007083000,2,1,1,0
23310007090000,5,3,2,236
23310007091000,14,9,5,606.2
23310007092000,48,26,22,2059.2
23310007093000,9,5,4,218.7
23310007094000,9,4,5,351
23310007095000,2,1,1,0
23310007097000,14,8,6,357
23310007098000,3,2,1,0
23310007102000,5,3,2,331
23310007103000,80,38,42,2872
23310007104000,354,169,185,13239.6
23310007105000,377,195,182,13911.3
23310007106000,41,21,20,1447.3
23310007112000,24,13,11,852
23310007113000,56,25,31,2240
23310007114000,36,17,19,1270.8
23310007118000,13,7,6,431.6
23310007144000,24,14,10,816
23310007145000,17,12,5,673.2
23310007147000,1,1,0,0
23310007148000,47,25,22,1692
23310007149000,28,16,12,1282.4
23310007150000,148,77,71,6586
23310007151000,132,64,68,5029.2
23310007153000,1096,498,598,53704
23310007154000,848,402,446,33156.8
23310007156000,15,9,6,712.5
23310007158000,46,22,24,1150
23310007159000,39,24,15,1322.1
23310007189000,1,0,1,0
23310007191000,38,17,21,1607.4
23310007192000,26,12,14,1190.8
23310007193000,5,1,4,154
23310007196000,5,4,1,104
23310007197000,2,2,0,0
23310007199000,1,1,0,0
23310007204000,10,5,5,218
23310007205000,14,8,6,464.8
23310007206000,3,1,2,0
23310007207000,9,6,3,395.1
23320006646000,5,2,3,205
23320006647000,36,19,17,1558.8
23320006648000,53,22,31,2422.1
23320006649000,13,5,8,408.2
23320006650000,15,7,8,598.5
23320006651000,2,1,1,0
23320006652000,11,5,6,441.1
23320006653000,3,1,2,0
23320006665000,3,2,1,0
23320006669000,2,1,1,0
23320006675000,558,271,287,22208.4
23320006676000,657,306,351,26082.9
23320006677000,822,389,433,37318.8
23320006678000,899,442,457,37218.6
23320006682000,5,3,2,299
23320006688000,4,3,1,0
23320006693000,46,23,23,1955
23320006694000,36,22,14,1605.6
23320006695000,6,4,2,285
23320006705000,5,3,2,307
23320006706000,13,6,7,739.7
23320006707000,4,1,3,0
23320006708000,13,6,7,800.8
23320006709000,46,24,22,1720.4
23320006710000,10,5,5,485
23320006711000,11,4,7,382.8
23320006712000,1,1,0,0
23320006713000,1,0,1,0
23320006714000,4,2,2,0
23320006715000,1,1,0,0
23320006716000,5,2,3,315
23320006717000,6,3,3,177
23320006719000,8,5,3,154.4
23320006720000,20,11,9,996
23320006721000,7,3,4,303.1
23320006722000,2,1,1,0
23320006723000,8,3,5,330.4
23320006724000,18,6,12,831.6
23320006725000,12,7,5,694.8
23320006726000,1,1,0,0
23320006727000,3,1,2,0
23320006728000,1,1,0,0
23320006729000,16,10,6,670.4
23320006730000,5,3,2,280
23320006731000,19,13,6,989.9
23320006732000,16,10,6,636.8
23320006733000,23,13,10,724.5
23320006734000,55,27,28,2326.5
23320006735000,12,9,3,567.6
23320006757000,4,2,2,0
23320006758000,6,4,2,235.8
23320006759000,7,3,4,188.3
23320006760000,4,2,2,0
23320006771000,1,1,0,0
23320006772000,5,3,2,193
23320006784000,5,2,3,214
23320006785000,2,2,0,0
23320006788000,18,11,7,811.8
23320006791000,4,1,3,0
23320006792000,5,2,3,355
23320006793000,3,1,2,0
23320006804000,8,3,5,391.2
23320006808000,3,1,2,0
23320006839000,1,0,1,0
23320006861000,1,1,0,0
23320006895000,7,4,3,265.3
23320006903000,2,1,1,0
23320006904000,2,1,1,0
23320006944000,4,1,3,0
23320006945000,12,8,4,684
23320006954000,1,0,1,0
23320006955000,2,1,1,0
23320006989000,19,10,9,845.5
23320006990000,10,4,6,422
23320006991000,1,0,1,0
23320006992000,7,3,4,249.2
23320006993000,39,17,22,1368.9
23320006994000,66,33,33,3260.4
23320006995000,17,10,7,554.2
23320007038000,1,0,1,0
23320007039000,18,10,8,1072.8
23320007074000,49,25,24,1631.7
23320007076000,33,17,16,1623.6
23320007077000,92,41,51,3661.6
23320007078000,17,8,9,579.7
23320007079000,45,23,22,1764
23320007080000,4,2,2,0
23320007084000,27,14,13,1109.7
23320007085000,2,1,1,0
23320007088000,12,7,5,387.6
23320007091000,2,1,1,0
23320007092000,35,20,15,1386
23320007093000,17,8,9,656.2
23320007095000,29,15,14,965.7
23320007096000,4,2,2,0
23320007097000,31,15,16,1029.2
23320007101000,15,7,8,555
23320007102000,6,2,4,298.8
23320007103000,13,7,6,486.2
23320007104000,14,8,6,463.4
23320007106000,29,17,12,1290.5
23320007107000,1,1,0,0
23320007112000,6,2,4,250.8
23320007113000,51,24,27,2024.7
23320007114000,12,7,5,333.6
23320007118000,8,4,4,239.2
23320007139000,11,6,5,504.9
23320007140000,34,19,15,1271.6
23320007141000,43,24,19,1423.3
23320007144000,6,4,2,139.8
23320007145000,7,3,4,247.8
23320007148000,15,5,10,664.5
23320007150000,337,172,165,11491.7
23320007151000,242,124,118,9050.8
23320007152000,21,11,10,829.5
23320007153000,675,302,373,29092.5
23320007154000,1227,566,661,46135.2
23320007155000,22,12,10,873.4
23320007158000,29,14,15,901.9
23320007159000,54,29,25,1981.8
23320007160000,10,4,6,335
23320007161000,7,3,4,196.7
23320007191000,20,10,10,748
23320007192000,9,5,4,287.1
23320007205000,52,29,23,2256.8
23320007207000,9,5,4,534.6
23330006645000,6,3,3,121.2
23330006646000,7,2,5,357.7
23330006647000,18,10,8,822.6
23330006648000,3,1,2,0
23330006649000,19,10,9,818.9
23330006652000,2,1,1,0
23330006662000,5,3,2,254
23330006663000,3,2,1,0
23330006669000,5,2,3,282
23330006674000,3,2,1,0
23330006675000,1140,567,573,47196
23330006676000,990,493,497,44352
23330006677000,1523,711,812,74017.8
23330006681000,4,3,1,0
23330006682000,14,8,6,502.6
23330006684000,6,4,2,352.2
23330006685000,3,1,2,0
23330006686000,13,7,6,698.1
23330006687000,6,2,4,256.8
23330006688000,28,14,14,1276.8
23330006689000,3,2,1,0
23330006690000,15,10,5,652.5
23330006691000,6,4,2,310.2
23330006692000,24,13,11,840
23330006693000,61,27,34,2275.3
23330006694000,29,15,14,1110.7
23330006697000,2,1,1,0
23330006698000,5,3,2,269
23330006704000,2,0,2,0
23330006705000,23,15,8,1101.7
23330006706000,26,12,14,1203.8
23330006707000,7,4,3,434
23330006708000,11,4,7,451
23330006709000,6,3,3,369
23330006710000,24,13,11,760.8
23330006713000,27,14,13,1287.9
23330006714000,19,9,10,951.9
23330006715000,8,3,5,222.4
23330006717000,29,14,15,1255.7
23330006719000,3,2,1,0
23330006720000,31,14,17,1252.4
23330006721000,25,13,12,1442.5
23330006722000,11,5,6,514.8
23330006723000,5,3,2,178
23330006724000,11,6,5,424.6
23330006725000,8,5,3,348
23330006729000,8,4,4,452.8
23330006730000,16,7,9,609.6
23330006731000,6,4,2,208.8
23330006732000,33,19,14,1623.6
23330006733000,17,7,10,741.2
23330006734000,2,1,1,0
23330006757000,6,4,2,309
23330006758000,3,2,1,0
23330006771000,2,1,1,0
23330006772000,2,1,1,0
23330006783000,1,1,0,0
23330006786000,1,1,0,0
23330006787000,6,3,3,363
23330006788000,10,9,1,397
23330006791000,2,2,0,0
23330006792000,3,2,1,0
23330006794000,2,1,1,0
23330006812000,3,1,2,0
23330006860000,3,2,1,0
23330006861000,4,2,2,0
23330006870000,4,2,2,0
23330006903000,10,6,4,420
23330006930000,16,8,8,692.8
23330006945000,8,5,3,404.8
23330006946000,3,2,1,0
23330006947000,3,2,1,0
23330006948000,1,1,0,0
23330006954000,26,7,19,923
23330006955000,11,5,6,424.6
23330006956000,15,6,9,724.5
23330006957000,3,1,2,0
23330007038000,5,2,3,315
23330007039000,29,16,13,1429.7
23330007074000,238,128,110,9615.2
23330007075000,34,20,14,1407.6
23330007076000,12,6,6,547.2
23330007077000,34,19,15,1084.6
23330007078000,32,15,17,1542.4
23330007079000,31,15,16,1463.2
23330007080000,7,4,3,209.3
23330007081000,2,1,1,0
23330007086000,14,6,8,490
23330007087000,7,4,3,156.8
23330007088000,2,1,1,0
23330007089000,13,8,5,448.5
23330007090000,14,8,6,404.6
23330007091000,20,10,10,676
23330007092000,29,19,10,1261.5
23330007093000,8,5,3,368.8
23330007094000,12,6,6,418.8
23330007095000,20,11,9,920
23330007096000,51,24,27,1570.8
23330007097000,32,20,12,1273.6
23330007100000,16,7,9,580.8
23330007101000,12,6,6,512.4
23330007102000,9,5,4,226.8
23330007103000,5,4,1,226
23330007104000,6,2,4,241.2
23330007106000,24,14,10,820.8
23330007107000,13,8,5,764.4
23330007112000,15,9,6,582
23330007113000,37,17,20,1032.3
23330007114000,26,16,10,876.2
23330007115000,10,6,4,419
23330007118000,4,2,2,0
23330007119000,1,1,0,0
23330007138000,26,14,12,1006.2
23330007139000,45,24,21,1435.5
23330007140000,20,11,9,730
23330007151000,109,57,52,4697.9
23330007152000,248,133,115,10267.2
23330007153000,95,46,49,3610
23330007154000,1073,560,513,38520.7
23330007155000,450,217,233,17325
23330007159000,22,10,12,1029.6
23330007160000,33,14,19,1148.4
23330007162000,3,3,0,0
23330007163000,4,2,2,0
23330007191000,10,4,6,295
23330007192000,7,4,3,336.7
23330007193000,7,4,3,293.3
23330007196000,12,4,8,496.8
23330007204000,2,1,1,0
23330007205000,17,6,11,508.3
23330007206000,37,18,19,1875.9
23340006645000,10,6,4,625
23340006650000,34,18,16,1383.8
23340006652000,15,9,6,529.5
23340006653000,10,4,6,335
23340006658000,9,3,6,456.3
23340006662000,3,0,3,0
23340006664000,11,7,4,613.8
23340006666000,9,5,4,374.4
23340006668000,3,2,1,0
23340006669000,18,10,8,750.6
23340006670000,11,7,4,504.9
23340006672000,6,4,2,229.2
23340006673000,21,10,11,1102.5
23340006674000,384,192,192,15206.4
23340006675000,1114,521,593,50130
23340006676000,703,341,362,29736.9
23340006677000,680,326,354,28900
23340006678000,58,29,29,2192.4
23340006679000,13,7,6,587.6
23340006682000,14,7,7,740.6
23340006684000,5,3,2,284
23340006685000,16,10,6,534.4
23340006686000,37,21,16,1631.7
23340006687000,9,4,5,505.8
23340006688000,24,10,14,1116
23340006689000,28,10,18,1215.2
23340006690000,45,25,20,1714.5
23340006691000,36,19,17,1382.4
23340006692000,18,11,7,757.8
23340006693000,22,11,11,1073.6
23340006694000,8,4,4,508
23340006695000,8,3,5,315.2
23340006697000,1,1,0,0
23340006698000,28,13,15,1299.2
23340006699000,12,9,3,438
23340006700000,11,6,5,291.5
23340006701000,15,9,6,802.5
23340006702000,11,5,6,554.4
23340006703000,9,4,5,339.3
23340006704000,1,1,0,0
23340006705000,2,1,1,0
23340006706000,5,2,3,296
23340006707000,9,2,7,581.4
23340006708000,15,7,8,817.5
23340006709000,29,14,15,1316.6
23340006712000,4,2,2,0
23340006713000,28,18,10,1383.2
23340006714000,51,24,27,2254.2
23340006715000,25,14,11,1017.5
23340006716000,38,17,21,1641.6
23340006717000,87,43,44,3828
23340006718000,19,10,9,811.3
23340006719000,33,13,20,1501.5
23340006720000,43,23,20,1535.1
23340006721000,83,40,43,3535.8
23340006722000,44,22,22,2147.2
23340006723000,35,18,17,1718.5
23340006724000,7,4,3,181.3
23340006729000,9,5,4,333.9
23340006730000,23,14,9,1092.5
23340006732000,31,16,15,1798
23340006733000,3,1,2,0
23340006756000,6,5,1,97.8
23340006757000,2,2,0,0
23340006769000,4,1,3,0
23340006772000,7,3,4,436.8
23340006785000,3,1,2,0
23340006786000,3,2,1,0
23340006792000,6,3,3,207
23340006793000,2,1,1,0
23340006808000,8,4,4,344.8
23340006812000,5,2,3,132
23340006860000,5,2,3,279
23340006943000,3,1,2,0
23340006947000,9,6,3,473.4
23340006948000,1,0,1,0
23340006952000,6,2,4,259.8
23340006954000,12,7,5,489.6
23340006955000,14,8,6,628.6
23340007038000,58,28,30,2308.4
23340007039000,27,15,12,1163.7
23340007070000,8,4,4,219.2
23340007074000,25,10,15,1025
23340007075000,11,5,6,396
23340007076000,18,10,8,691.2
23340007077000,16,10,6,569.6
23340007078000,26,15,11,1222
23340007080000,22,14,8,732.6
23340007081000,42,20,22,1885.8
23340007082000,19,11,8,638.4
23340007083000,11,5,6,370.7
23340007084000,11,7,4,478.5
23340007085000,13,7,6,734.5
23340007086000,21,11,10,514.5
23340007087000,13,8,5,475.8
23340007090000,1,1,0,0
23340007091000,7,4,3,298.2
23340007092000,5,3,2,326
23340007093000,20,11,9,790
23340007094000,15,9,6,526.5
23340007095000,11,7,4,481.8
23340007096000,66,31,35,2178
23340007097000,14,6,8,667.8
23340007098000,11,5,6,445.5
23340007099000,19,9,10,634.6
23340007100000,2,2,0,0
23340007101000,14,10,4,645.4
23340007103000,6,3,3,151.8
23340007104000,4,2,2,0
23340007106000,14,6,8,561.4
23340007107000,14,10,4,589.4
23340007108000,10,5,5,296
23340007109000,12,5,7,339.6
23340007111000,16,11,5,372.8
23340007114000,22,11,11,737
23340007115000,30,18,12,1137
23340007151000,18,9,9,770.4
23340007152000,154,76,78,5482.4
23340007153000,63,33,30,2412.9
23340007154000,114,60,54,3659.4
23340007155000,158,81,77,5419.4
23340007158000,27,14,13,815.4
23340007159000,33,19,14,1135.2
23340007160000,47,23,24,1724.9
23340007161000,5,3,2,293
23340007162000,17,8,9,608.6
23340007182000,2,1,1,0
23340007183000,15,8,7,786
23340007190000,1,0,1,0
23340007191000,10,5,5,444
23340007192000,16,7,9,892.8
23340007193000,18,9,9,905.4
23340007194000,1,1,0,0
23340007195000,14,8,6,540.4
23340007196000,23,13,10,825.7
23340007203000,5,2,3,215
23340007204000,2,1,1,0
23340007205000,19,8,11,756.2
23340007206000,4,2,2,0
23350006647000,5,1,4,158
23350006648000,2,2,0,0
23350006649000,15,5,10,657
23350006650000,37,16,21,1598.4
23350006651000,44,20,24,1839.2
23350006652000,46,24,22,2175.8
23350006653000,8,4,4,388.8
23350006654000,20,14,6,954
23350006655000,16,8,8,689.6
23350006656000,9,4,5,432
23350006657000,20,10,10,820
23350006658000,4,2,2,0
23350006659000,3,2,1,0
23350006660000,2,1,1,0
23350006664000,2,0,2,0
23350006666000,1,0,1,0
23350006667000,6,3,3,202.8
23350006668000,17,7,10,788.8
23350006669000,7,4,3,424.9
23350006671000,12,7,5,481.2
23350006673000,315,149,166,12096
23350006674000,1061,497,564,44349.8
23350006675000,874,417,457,35309.6
23350006676000,3,1,2,0
23350006677000,18,6,12,1508.4
23350006678000,2,2,0,0
23350006679000,3,3,0,0
23350006680000,21,11,10,1043.7
23350006681000,21,11,10,846.3
23350006682000,40,25,15,1852
23350006683000,8,4,4,488.8
23350006684000,12,6,6,435.6
23350006685000,31,17,14,1329.9
23350006686000,23,13,10,1281.1
23350006687000,2,1,1,0
23350006689000,5,2,3,156
23350006690000,224,113,111,8243.2
23350006691000,8,3,5,398.4
23350006692000,16,9,7,588.8
23350006693000,21,13,8,1136.1
23350006694000,9,4,5,389.7
23350006695000,39,24,15,1345.5
23350006696000,7,4,3,455.7
23350006697000,9,5,4,323.1
23350006698000,11,7,4,688.6
23350006699000,14,7,7,621.6
23350006700000,7,3,4,247.8
23350006701000,31,18,13,1209
23350006702000,27,12,15,1190.7
23350006703000,6,3,3,355.8
23350006704000,13,7,6,721.5
23350006705000,11,6,5,574.2
23350006706000,14,8,6,617.4
23350006707000,113,55,58,4610.4
23350006708000,21,12,9,789.6
23350006709000,18,9,9,874.8
23350006710000,1,1,0,0
23350006712000,9,5,4,421.2
23350006713000,17,7,10,681.7
23350006714000,53,27,26,2602.3
23350006715000,8,5,3,387.2
23350006716000,34,17,17,1621.8
23350006717000,8,3,5,355.2
23350006718000,38,17,21,1326.2
23350006719000,2,1,1,0
23350006720000,38,20,18,1717.6
23350006721000,25,13,12,945
23350006722000,2,2,0,0
23350006723000,107,53,54,4087.4
23350006724000,20,13,7,898
23350006730000,10,8,2,393
23350006732000,37,18,19,2027.6
23350006753000,2,1,1,0
23350006756000,14,8,6,554.4
23350006773000,1,0,1,0
23350006780000,10,6,4,459
23350006781000,7,3,4,242.9
23350006782000,2,1,1,0
23350006783000,5,2,3,135
23350006784000,7,3,4,408.8
23350006785000,6,4,2,249
23350006790000,3,1,2,0
23350006791000,2,1,1,0
23350006792000,2,1,1,0
23350006808000,4,2,2,0
23350006809000,2,1,1,0
23350006812000,1,0,1,0
23350006814000,2,1,1,0
23350006944000,2,1,1,0
23350006948000,6,4,2,219
23350006953000,1,1,0,0
23350006986000,3,1,2,0
23350007031000,4,2,2,0
23350007032000,13,5,8,609.7
23350007033000,15,6,9,492
23350007034000,7,3,4,202.3
23350007035000,6,3,3,243
23350007037000,16,9,7,681.6
23350007038000,137,68,69,5658.1
23350007039000,21,11,10,1037.4
23350007040000,1,0,1,0
23350007072000,2,1,1,0
23350007074000,20,9,11,656
23350007076000,32,14,18,1184
23350007077000,77,41,36,2864.4
23350007078000,27,13,14,996.3
23350007079000,27,14,13,877.5
23350007080000,40,20,20,1484
23350007081000,36,23,13,1382.4
23350007082000,18,7,11,784.8
23350007083000,116,63,53,4257.2
23350007084000,59,30,29,2478
23350007085000,2,1,1,0
23350007095000,23,12,11,922.3
23350007096000,4,2,2,0
23350007098000,17,9,8,680
23350007099000,8,4,4,390.4
23350007101000,12,8,4,412.8
23350007102000,13,6,7,253.5
23350007103000,20,8,12,718
23350007104000,33,20,13,1118.7
23350007106000,5,3,2,291
23350007107000,12,7,5,482.4
23350007109000,5,2,3,312
23350007110000,90,51,39,3096
23350007111000,1,0,1,0
23350007115000,32,19,13,1270.4
23350007119000,3,1,2,0
23350007153000,18,8,10,781.2
23350007154000,30,14,16,1143
23350007157000,4,3,1,0
23350007161000,28,15,13,1164.8
23350007162000,8,3,5,435.2
23350007185000,7,4,3,518
23350007191000,6,3,3,243
23350007192000,12,6,6,519.6
23350007193000,3,1,2,0
23350007195000,5,2,3,130
23350007196000,24,10,14,888
23350007197000,20,12,8,624
23350007200000,3,1,2,0
23350007202000,7,4,3,235.2
23350007203000,5,3,2,348
23350007204000,8,4,4,292.8
23360006646000,2,1,1,0
23360006647000,5,2,3,165
23360006648000,10,4,6,345
23360006649000,12,5,7,556.8
23360006650000,14,6,8,648.2
23360006651000,41,24,17,1791.7
23360006652000,110,56,54,4114
23360006653000,153,82,71,5814
23360006654000,15,9,6,693
23360006655000,12,6,6,528
23360006656000,4,3,1,0
23360006664000,5,3,2,313
23360006666000,9,5,4,496.8
23360006667000,18,10,8,772.2
23360006668000,9,5,4,447.3
23360006669000,20,7,13,636
23360006670000,27,15,12,1053
23360006671000,73,40,33,2752.1
23360006672000,18,7,11,945
23360006675000,1,1,0,0
23360006676000,14,8,6,683.2
23360006677000,51,31,20,1876.8
23360006678000,42,21,21,1638
23360006679000,5,2,3,252
23360006681000,6,3,3,367.8
23360006682000,399,200,199,16518.6
23360006683000,138,64,74,7327.8
23360006684000,18,10,8,786.6
23360006685000,8,5,3,415.2
23360006686000,29,15,14,1055.6
23360006688000,17,8,9,372.3
23360006690000,6,3,3,220.2
23360006692000,6,3,3,259.2
23360006693000,9,5,4,452.7
23360006694000,4,2,2,0
23360006696000,4,2,2,0
23360006697000,8,4,4,251.2
23360006698000,8,4,4,358.4
23360006699000,1,0,1,0
23360006700000,23,12,11,1235.1
23360006701000,45,24,21,2376
23360006702000,4,2,2,0
23360006703000,10,6,4,388
23360006704000,24,13,11,967.2
23360006705000,13,6,7,682.5
23360006706000,30,17,13,1083
23360006707000,5,4,1,333
23360006708000,5,1,4,329
23360006709000,15,6,9,676.5
23360006713000,24,14,10,1207.2
23360006714000,26,17,9,1110.2
23360006715000,10,8,2,366
23360006716000,100,48,52,4240
23360006717000,64,30,34,3328
23360006718000,18,9,9,709.2
23360006720000,13,6,7,733.2
23360006721000,45,23,22,1669.5
23360006722000,442,210,232,20995
23360006723000,616,273,343,34742.4
23360006724000,338,172,166,14601.6
23360006725000,40,16,24,1468
23360006728000,9,4,5,411.3
23360006729000,17,9,8,644.3
23360006731000,7,4,3,357
23360006732000,39,21,18,1739.4
23360006733000,1,1,0,0
23360006753000,7,4,3,389.2
23360006755000,4,3,1,0
23360006756000,1,1,0,0
23360006775000,1,1,0,0
23360006778000,4,2,2,0
23360006779000,2,1,1,0
23360006780000,15,6,9,637.5
23360006781000,4,3,1,0
23360006782000,6,2,4,295.2
23360006783000,4,2,2,0
23360006804000,3,2,1,0
23360006806000,13,5,8,325
23360006807000,7,1,6,210.7
23360006808000,3,2,1,0
23360006811000,2,1,1,0
23360006812000,2,1,1,0
23360006819000,6,3,3,175.8
23360006820000,14,6,8,809.2
23360006821000,2,1,1,0
23360006870000,1,1,0,0
23360006942000,3,2,1,0
23360006943000,10,5,5,511
23360006944000,1,1,0,0
23360006951000,6,3,3,414
23360006953000,15,9,6,510
23360006958000,2,2,0,0
23360006980000,1,0,1,0
23360006984000,2,2,0,0
23360006985000,2,1,1,0
23360007032000,8,4,4,384
23360007033000,11,8,3,533.5
23360007034000,114,56,58,4845
23360007035000,56,27,29,2587.2
23360007036000,37,21,16,1409.7
23360007037000,90,42,48,3933
23360007038000,9,2,7,466.2
23360007072000,6,3,3,286.2
23360007073000,5,2,3,331
23360007074000,23,11,12,798.1
23360007075000,22,9,13,737
23360007076000,41,25,16,1836.8
23360007077000,24,13,11,777.6
23360007078000,32,17,15,1344
23360007079000,37,18,19,1306.1
23360007080000,30,18,12,1059
23360007081000,20,8,12,868
23360007082000,13,8,5,334.1
23360007083000,16,9,7,600
23360007084000,9,6,3,398.7
23360007097000,13,8,5,475.8
23360007098000,3,1,2,0
23360007099000,12,6,6,367.2
23360007100000,9,5,4,494.1
23360007101000,17,7,10,836.4
23360007103000,4,2,2,0
23360007104000,117,59,58,4176.9
23360007105000,22,12,10,930.6
23360007106000,11,7,4,426.8
23360007107000,5,4,1,241
23360007108000,9,6,3,378.9
23360007110000,149,84,65,5855.7
23360007111000,4,2,2,0
23360007112000,17,10,7,576.3
23360007115000,28,18,10,898.8
23360007116000,11,5,6,500.5
23360007119000,1,1,0,0
23360007133000,1,1,0,0
23360007153000,15,7,8,529.5
23360007154000,4,3,1,0
23360007157000,2,1,1,0
23360007162000,4,2,2,0
23360007184000,4,1,3,0
23360007192000,23,13,10,1087.9
23360007193000,1,1,0,0
23360007196000,10,5,5,573
23360007197000,29,12,17,1049.8
23360007202000,2,1,1,0
23360007203000,1,1,0,0
23360007204000,6,3,3,231
23370006643000,1,1,0,0
23370006645000,1,1,0,0
23370006646000,6,4,2,259.2
23370006647000,12,4,8,481.2
23370006648000,2,1,1,0
23370006652000,70,33,37,2618
23370006653000,48,23,25,1972.8
23370006654000,34,17,17,1387.2
23370006655000,59,34,25,2601.9
23370006656000,24,13,11,952.8
23370006657000,7,4,3,419.3
23370006658000,8,6,2,240
23370006659000,14,6,8,582.4
23370006661000,1,0,1,0
23370006663000,2,1,1,0
23370006664000,3,2,1,0
23370006665000,6,3,3,361.8
23370006669000,60,27,33,2754
23370006670000,44,22,22,1676.4
23370006671000,2,1,1,0
23370006672000,15,7,8,591
23370006673000,21,11,10,1127.7
23370006674000,6,3,3,367.2
23370006675000,25,14,11,675
23370006676000,5,3,2,345
23370006678000,5,3,2,321
23370006680000,2,1,1,0
23370006682000,31,15,16,1057.1
23370006683000,232,117,115,9001.6
23370006684000,31,14,17,1360.9
23370006685000,12,8,4,621.6
23370006688000,9,5,4,311.4
23370006689000,13,6,7,681.2
23370006690000,7,2,5,317.1
23370006693000,37,21,16,1790.8
23370006694000,38,20,18,1523.8
23370006695000,14,6,8,628.6
23370006696000,4,3,1,0
23370006697000,2,1,1,0
23370006698000,15,7,8,795
23370006699000,77,37,40,3426.5
23370006700000,160,80,80,6192
23370006701000,2,2,0,0
23370006702000,34,19,15,1574.2
23370006703000,15,9,6,529.5
23370006704000,22,13,9,1106.6
23370006705000,66,31,35,3102
23370006706000,116,53,63,4860.4
23370006707000,22,9,13,1194.6
23370006708000,4,1,3,0
23370006709000,25,15,10,1055
23370006710000,1,0,1,0
23370006711000,5,3,2,313
23370006712000,4,3,1,0
23370006714000,7,3,4,319.9
23370006716000,6,2,4,235.8
23370006717000,16,12,4,643.2
23370006718000,12,6,6,472.8
23370006719000,60,33,27,2880
23370006721000,24,13,11,871.2
23370006722000,24,8,16,1267.2
23370006723000,184,93,91,8114.4
23370006724000,64,30,34,2944
23370006725000,53,27,26,2512.2
23370006726000,147,68,79,6997.2
23370006727000,140,69,71,5880
23370006728000,74,37,37,3293
23370006729000,6,3,3,333
23370006730000,22,11,11,919.6
23370006731000,26,15,11,995.8
23370006733000,3,1,2,0
23370006745000,1,1,0,0
23370006753000,1,1,0,0
23370006756000,1,0,1,0
23370006758000,1,1,0,0
23370006776000,4,2,2,0
23370006778000,52,25,27,2756
23370006779000,8,5,3,522.4
23370006780000,22,12,10,1023
23370006781000,6,5,1,238.2
23370006788000,3,3,0,0
23370006804000,6,2,4,241.8
23370006805000,3,2,1,0
23370006806000,10,5,5,473
23370006807000,16,6,10,872
23370006808000,53,29,24,1966.3
23370006811000,2,1,1,0
23370006812000,5,3,2,267
23370006813000,5,3,2,155
23370006819000,6,3,3,361.2
23370006820000,7,2,5,189
23370006833000,2,1,1,0
23370006854000,6,2,4,393
23370006855000,5,3,2,303
23370006856000,15,7,8,613.5
23370006857000,12,6,6,513.6
23370006858000,4,2,2,0
23370006869000,1,1,0,0
23370006903000,6,3,3,316.2
23370006926000,6,4,2,352.8
23370006941000,45,24,21,1876.5
23370006942000,3,2,1,0
23370006945000,6,4,2,171
23370006948000,3,1,2,0
23370006950000,3,1,2,0
23370006951000,1,1,0,0
23370006953000,5,1,4,137
23370007034000,109,67,42,3858.6
23370007035000,294,130,164,14847
23370007036000,398,212,186,15522
23370007037000,58,29,29,2552
23370007038000,22,12,10,899.8
23370007073000,31,14,17,1159.4
23370007074000,2,2,0,0
23370007075000,25,15,10,962.5
23370007076000,10,4,6,425
23370007077000,7,4,3,203
23370007083000,8,5,3,422.4
23370007084000,7,4,3,282.1
23370007093000,4,1,3,0
23370007097000,2,1,1,0
23370007100000,31,16,15,1233.8
23370007102000,16,7,9,748.8
23370007103000,14,8,6,498.4
23370007104000,83,47,36,3502.6
23370007105000,12,5,7,548.4
23370007107000,6,4,2,313.8
23370007108000,20,10,10,830
23370007109000,29,14,15,986
23370007110000,8,5,3,302.4
23370007111000,16,6,10,748.8
23370007112000,13,8,5,466.7
23370007113000,9,5,4,456.3
23370007115000,13,5,8,676
23370007116000,10,7,3,576
23370007117000,4,3,1,0
23370007119000,9,4,5,351.9
23370007156000,6,3,3,261
23370007165000,1,1,0,0
23370007166000,4,1,3,0
23370007186000,8,4,4,294.4
23370007193000,39,20,19,1618.5
23370007196000,16,9,7,593.6
23370007197000,9,4,5,316.8
23370007198000,7,3,4,284.9
23370007200000,4,2,2,0
23370007204000,7,3,4,350
23370007218000,2,1,1,0
23370007219000,3,2,1,0
23370007221000,2,1,1,0
23380006643000,4,2,2,0
23380006650000,1,1,0,0
23380006651000,15,5,10,367.5
23380006652000,97,52,45,4297.1
23380006653000,28,13,15,1178.8
23380006654000,31,17,14,1134.6
23380006655000,26,14,12,975
23380006656000,34,17,17,1210.4
23380006657000,30,13,17,1011
23380006658000,6,3,3,253.2
23380006662000,2,1,1,0
23380006663000,5,3,2,110
23380006667000,5,3,2,281
23380006668000,24,12,12,640.8
23380006669000,104,50,54,3983.2
23380006670000,33,18,15,1392.6
23380006674000,5,3,2,360
23380006675000,1,1,0,0
23380006676000,4,1,3,0
23380006678000,7,3,4,506.1
23380006679000,5,3,2,332
23380006680000,18,10,8,820.8
23380006681000,27,9,18,1036.8
23380006682000,22,11,11,1047.2
23380006683000,66,36,30,2673
23380006684000,23,10,13,710.7
23380006685000,11,7,4,408.1
23380006686000,15,8,7,681
23380006687000,9,4,5,340.2
23380006688000,22,10,12,838.2
23380006689000,4,3,1,0
23380006690000,6,3,3,396
23380006691000,12,4,8,430.8
23380006692000,23,9,14,855.6
23380006693000,4,3,1,0
23380006698000,32,16,16,2009.6
23380006699000,10,4,6,495
23380006700000,13,7,6,913.9
23380006702000,34,18,16,1227.4
23380006703000,11,6,5,565.4
23380006704000,379,165,214,16865.5
23380006705000,361,167,194,16678.2
23380006706000,269,127,142,12643
23380006707000,44,23,21,2156
23380006710000,22,9,13,952.6
23380006711000,17,9,8,671.5
23380006712000,18,11,7,882
23380006713000,27,12,15,1120.5
23380006714000,19,8,11,1117.2
23380006715000,25,11,14,1207.5
23380006716000,7,4,3,223.3
23380006717000,22,11,11,1122
23380006718000,69,35,34,3291.3
23380006719000,102,45,57,4314.6
23380006720000,30,16,14,1515
23380006721000,41,22,19,1697.4
23380006722000,82,44,38,4018
23380006723000,168,85,83,5745.6
23380006724000,19,12,7,655.5
23380006725000,69,36,33,2566.8
23380006726000,85,42,43,3272.5
23380006727000,167,79,88,7197.7
23380006728000,108,53,55,4860
23380006729000,41,16,25,2074.6
23380006730000,3,1,2,0
23380006748000,4,2,2,0
23380006774000,2,1,1,0
23380006794000,14,6,8,589.4
23380006807000,11,5,6,504.9
23380006808000,2,1,1,0
23380006811000,1,1,0,0
23380006851000,3,1,2,0
23380006852000,17,12,5,773.5
23380006869000,8,5,3,424
23380006924000,1,1,0,0
23380006941000,8,4,4,378.4
23380006945000,2,1,1,0
23380006949000,3,1,2,0
23380006950000,19,10,9,794.2
23380006953000,3,2,1,0
23380007034000,43,19,24,2141.4
23380007035000,50,26,24,2365
23380007036000,226,115,111,8904.4
23380007037000,79,36,43,3539.2
23380007072000,17,7,10,749.7
23380007073000,33,16,17,1382.7
23380007074000,4,2,2,0
23380007075000,38,21,17,1299.6
23380007076000,56,31,25,1842.4
23380007077000,3,2,1,0
23380007082000,3,2,1,0
23380007083000,16,10,6,644.8
23380007084000,5,3,2,277
23380007100000,1,1,0,0
23380007103000,5,3,2,170
23380007105000,11,5,6,343.2
23380007107000,19,9,10,663.1
23380007108000,6,4,2,133.2
23380007109000,22,13,9,809.6
23380007110000,24,13,11,900
23380007111000,2,1,1,0
23380007112000,14,10,4,484.4
23380007113000,10,6,4,404
23380007114000,6,4,2,180
23380007115000,2,1,1,0
23380007116000,35,17,18,1207.5
23380007155000,4,1,3,0
23380007166000,22,11,11,1012
23380007167000,14,9,5,520.8
23380007186000,31,15,16,1481.8
23380007193000,16,8,8,785.6
23380007196000,112,57,55,3998.4
23380007197000,523,269,254,20187.8
23380007198000,103,49,54,3553.5
23380007200000,2,1,1,0
23380007202000,4,4,0,0
23380007203000,1,1,0,0
23380007204000,2,1,1,0
23380007217000,2,1,1,0
23380007218000,4,3,1,0
23380007219000,30,16,14,1437
23380007221000,4,2,2,0
23380007222000,1,0,1,0
23390006649000,6,2,4,256.2
23390006650000,46,26,20,2060.8
23390006651000,46,24,22,1660.6
23390006652000,178,90,88,7921
23390006653000,573,227,346,32661
23390006654000,60,29,31,2088
23390006655000,55,25,30,2304.5
23390006656000,25,15,10,1015
23390006657000,116,58,58,4860.4
23390006658000,65,28,37,2424.5
23390006659000,7,1,6,436.8
23390006660000,14,8,6,526.4
23390006661000,27,17,10,926.1
23390006662000,20,10,10,910
23390006663000,10,7,3,516
23390006664000,4,3,1,0
23390006665000,3,1,2,0
23390006666000,13,9,4,573.3
23390006667000,85,47,38,3876
23390006668000,40,19,21,1884
23390006669000,17,6,11,576.3
23390006674000,14,8,6,414.4
23390006675000,18,12,6,806.4
23390006676000,9,3,6,470.7
23390006677000,12,7,5,652.8
23390006678000,18,9,9,910.8
23390006679000,12,4,8,465.6
23390006680000,7,4,3,331.8
23390006681000,19,10,9,1001.3
23390006682000,47,26,21,1936.4
23390006683000,7,4,3,361.2
23390006685000,34,19,15,1455.2
23390006686000,15,8,7,565.5
23390006687000,8,3,5,282.4
23390006689000,13,5,8,517.4
23390006690000,4,2,2,0
23390006698000,24,12,12,1202.4
23390006699000,26,12,14,1206.4
23390006700000,32,18,14,1372.8
23390006701000,28,13,15,1220.8
23390006702000,23,13,10,952.2
23390006703000,5,3,2,174
23390006704000,29,13,16,1345.6
23390006705000,152,57,95,10731.2
23390006706000,6,2,4,222
23390006707000,25,13,12,1387.5
23390006708000,50,28,22,1815
23390006709000,111,56,55,5094.9
23390006710000,205,95,110,8487
23390006711000,73,36,37,3365.3
23390006712000,8,4,4,478.4
23390006713000,13,6,7,752.7
23390006714000,16,10,6,696
23390006715000,40,21,19,1476
23390006716000,89,41,48,3924.9
23390006717000,62,31,31,2430.4
23390006718000,27,10,17,1090.8
23390006719000,31,20,11,1236.9
23390006720000,25,15,10,1025
23390006721000,5,2,3,299
23390006722000,2,1,1,0
23390006723000,4,2,2,0
23390006724000,5,3,2,127
23390006725000,36,15,21,1386
23390006726000,33,16,17,1422.3
23390006727000,8,3,5,488.8
23390006728000,109,50,59,5460.9
23390006729000,7,4,3,249.2
23390006748000,2,1,1,0
23390006751000,9,4,5,452.7
23390006752000,7,4,3,356.3
23390006793000,3,2,1,0
23390006794000,3,2,1,0
23390006795000,11,6,5,381.7
23390006801000,1,0,1,0
23390006802000,1,1,0,0
23390006803000,1,1,0,0
23390006807000,1,0,1,0
23390006809000,7,3,4,238.7
23390006847000,3,0,3,0
23390006849000,5,2,3,114
23390006850000,77,37,40,3495.8
23390006851000,66,34,32,2937
23390006854000,2,2,0,0
23390006859000,9,4,5,530.1
23390006860000,7,2,5,336
23390006868000,3,2,1,0
23390006874000,15,9,6,876
23390006875000,8,4,4,396.8
23390006949000,4,2,2,0
23390006950000,111,58,53,5172.6
23390006951000,10,7,3,486
23390006952000,6,3,3,310.2
23390006953000,3,2,1,0
23390006982000,5,2,3,174
23390007019000,1,1,0,0
23390007020000,5,2,3,265
23390007021000,4,2,2,0
23390007032000,12,6,6,698.4
23390007033000,77,45,32,3534.3
23390007034000,26,14,12,1268.8
23390007037000,3,1,2,0
23390007038000,3,1,2,0
23390007070000,9,7,2,356.4
23390007071000,25,13,12,1200
23390007072000,47,23,24,1588.6
23390007074000,5,3,2,71
23390007075000,21,15,6,1062.6
23390007076000,148,72,76,6364
23390007077000,5,3,2,125
23390007103000,16,7,9,433.6
23390007104000,1,1,0,0
23390007105000,19,12,7,706.8
23390007108000,2,1,1,0
23390007109000,15,9,6,297
23390007110000,64,37,27,2508.8
23390007111000,149,73,76,7092.4
23390007113000,9,4,5,246.6
23390007116000,36,18,18,1324.8
23390007117000,36,17,19,1486.8
23390007118000,8,5,3,196
23390007119000,3,1,2,0
23390007152000,14,5,9,540.4
23390007154000,25,14,11,977.5
23390007155000,44,23,21,1663.2
23390007156000,8,3,5,240.8
23390007166000,4,2,2,0
23390007184000,1,1,0,0
23390007186000,9,6,3,384.3
23390007191000,3,2,1,0
23390007192000,6,2,4,235.2
23390007193000,24,11,13,1060.8
23390007196000,94,49,45,2951.6
23390007197000,819,385,434,36199.8
23390007198000,102,50,52,4304.4
23390007203000,11,5,6,346.5
23390007204000,2,1,1,0
23390007218000,2,1,1,0
23390007221000,10,5,5,362
23390007222000,7,4,3,240.8
23390007223000,9,5,4,365.4
23400006647000,7,3,4,265.3
23400006648000,24,13,11,976.8
23400006649000,10,3,7,312
23400006650000,48,30,18,1939.2
23400006651000,27,14,13,942.3
23400006652000,459,217,242,20930.4
23400006653000,68,34,34,3223.2
23400006654000,10,5,5,375
23400006655000,16,6,10,601.6
23400006656000,43,26,17,1457.7
23400006657000,21,12,9,783.3
23400006658000,23,12,11,1363.9
23400006659000,36,17,19,1454.4
23400006660000,12,7,5,583.2
23400006661000,16,9,7,569.6
23400006663000,6,3,3,253.8
23400006664000,4,1,3,0
23400006665000,1,1,0,0
23400006666000,22,12,10,814
23400006667000,13,7,6,496.6
23400006679000,10,5,5,263
23400006681000,3,1,2,0
23400006682000,1,0,1,0
23400006683000,10,7,3,345
23400006684000,91,45,46,3876.6
23400006685000,69,35,34,3132.6
23400006686000,118,58,60,4991.4
23400006687000,38,21,17,1561.8
23400006699000,3,2,1,0
23400006701000,9,6,3,519.3
23400006702000,19,8,11,799.9
23400006703000,97,49,48,4500.8
23400006704000,64,31,33,2816
23400006705000,192,100,92,8620.8
23400006706000,2,2,0,0
23400006708000,3,3,0,0
23400006709000,8,3,5,518.4
23400006710000,82,45,37,3460.4
23400006711000,13,6,7,772.2
23400006712000,12,6,6,471.6
23400006713000,16,9,7,523.2
23400006714000,14,6,8,673.4
23400006715000,25,11,14,767.5
23400006716000,34,18,16,1713.6
23400006717000,4,3,1,0
23400006719000,8,6,2,328
23400006720000,42,21,21,1986.6
23400006721000,63,32,31,2961
23400006725000,3,2,1,0
23400006726000,7,2,5,303.8
23400006727000,23,12,11,926.9
23400006728000,151,78,73,6870.5
23400006729000,46,23,23,2047
23400006746000,1,1,0,0
23400006748000,15,7,8,777
23400006750000,4,3,1,0
23400006751000,5,4,1,285
23400006792000,9,4,5,385.2
23400006793000,9,5,4,586.8
23400006794000,48,28,20,1891.2
23400006809000,1,0,1,0
23400006819000,3,2,1,0
23400006843000,2,0,2,0
23400006844000,8,4,4,382.4
23400006845000,1,1,0,0
23400006847000,2,1,1,0
23400006848000,13,5,8,569.4
23400006849000,21,10,11,1014.3
23400006851000,1,0,1,0
23400006874000,1,1,0,0
23400006875000,1,0,1,0
23400006895000,10,4,6,657
23400006896000,17,7,10,851.7
23400006912000,4,2,2,0
23400006949000,16,9,7,790.4
23400006950000,31,18,13,1379.5
23400006951000,2,1,1,0
23400006952000,6,3,3,369
23400006955000,4,3,1,0
23400006977000,6,3,3,280.2
23400006978000,2,1,1,0
23400006981000,1,0,1,0
23400006982000,1,0,1,0
23400007022000,2,1,1,0
23400007030000,2,1,1,0
23400007032000,11,6,5,455.4
23400007033000,36,22,14,1940.4
23400007034000,3,2,1,0
23400007070000,9,5,4,369.9
23400007071000,70,39,31,2464
23400007072000,58,29,29,2308.4
23400007074000,10,6,4,337
23400007075000,24,13,11,780
23400007076000,43,23,20,1638.3
23400007077000,17,9,8,771.8
23400007079000,2,1,1,0
23400007081000,1,1,0,0
23400007101000,3,1,2,0
23400007102000,23,14,9,830.3
23400007106000,15,9,6,574.5
23400007108000,15,5,10,577.5
23400007109000,16,9,7,612.8
23400007110000,24,11,13,955.2
23400007111000,6,1,5,133.8
23400007112000,57,30,27,2468.1
23400007113000,24,12,12,895.2
23400007114000,45,23,22,1165.5
23400007115000,2,1,1,0
23400007116000,24,12,12,1190.4
23400007120000,8,5,3,212
23400007152000,4,2,2,0
23400007153000,1,1,0,0
23400007155000,13,7,6,556.4
23400007165000,1,1,0,0
23400007166000,5,2,3,123
23400007187000,2,1,1,0
23400007192000,10,8,2,464
23400007196000,4,2,2,0
23400007197000,11,7,4,511.5
23400007199000,7,5,2,328.3
23400007205000,23,14,9,807.3
23400007210000,6,3,3,306
23400007211000,11,7,4,489.5
23400007217000,9,6,3,339.3
23400007218000,24,12,12,1442.4
23400007219000,7,4,3,443.1
23400007223000,1,1,0,0
23410006643000,4,3,1,0
23410006645000,8,5,3,528.8
23410006646000,4,3,1,0
23410006647000,31,18,13,1429.1
23410006648000,35,17,18,1634.5
23410006649000,5,2,3,302
23410006650000,22,9,13,968
23410006651000,26,12,14,1479.4
23410006652000,28,13,15,1285.2
23410006653000,21,13,8,1171.8
23410006660000,16,9,7,713.6
23410006661000,17,10,7,717.4
23410006662000,14,8,6,582.4
23410006663000,5,2,3,225
23410006664000,14,9,5,518
23410006665000,4,3,1,0
23410006666000,18,11,7,840.6
23410006668000,4,2,2,0
23410006673000,7,4,3,387.8
23410006676000,4,2,2,0
23410006680000,3,2,1,0
23410006683000,18,8,10,682.2
23410006684000,25,13,12,1177.5
23410006685000,31,17,14,1649.2
23410006686000,26,13,13,920.4
23410006702000,24,14,10,1149.6
23410006703000,22,14,8,1093.4
23410006704000,3,1,2,0
23410006709000,1,0,1,0
23410006710000,28,14,14,1425.2
23410006711000,7,3,4,468.3
23410006712000,5,3,2,191
23410006714000,4,2,2,0
23410006716000,13,9,4,469.3
23410006721000,15,9,6,868.5
23410006725000,4,2,2,0
23410006726000,11,7,4,668.8
23410006727000,12,4,8,390
23410006728000,9,4,5,423.9
23410006729000,70,35,35,3521
23410006730000,37,14,23,1694.6
23410006731000,25,12,13,1000
23410006732000,20,10,10,742
23410006745000,2,1,1,0
23410006772000,3,1,2,0
23410006779000,15,7,8,946.5
23410006791000,22,12,10,1001
23410006793000,11,5,6,467.5
23410006794000,33,16,17,1640.1
23410006810000,4,3,1,0
23410006812000,3,1,2,0
23410006813000,2,1,1,0
23410006815000,1,1,0,0
23410006817000,10,3,7,508
23410006840000,3,1,2,0
23410006841000,79,40,39,3049.4
23410006842000,9,5,4,414.9
23410006860000,6,2,4,261
23410006874000,2,1,1,0
23410006896000,21,11,10,730.8
23410006977000,10,6,4,559
23410006978000,13,7,6,598
23410006979000,2,0,2,0
23410006980000,7,4,3,434
23410007022000,15,6,9,649.5
23410007023000,6,3,3,235.8
23410007024000,3,2,1,0
23410007025000,5,4,1,255
23410007033000,12,6,6,670.8
23410007034000,19,10,9,714.4
23410007070000,42,25,17,1365
23410007071000,9,3,6,253.8
23410007072000,3,2,1,0
23410007074000,9,5,4,300.6
23410007075000,10,6,4,298
23410007076000,7,4,3,263.9
23410007102000,14,7,7,715.4
23410007106000,6,5,1,178.2
23410007107000,18,12,6,912.6
23410007108000,4,1,3,0
23410007109000,1,1,0,0
23410007110000,12,8,4,423.6
23410007111000,33,17,16,993.3
23410007112000,10,6,4,492
23410007113000,32,16,16,1280
23410007114000,5,3,2,257
23410007115000,7,4,3,275.8
23410007116000,68,31,37,4039.2
23410007117000,8,4,4,252
23410007152000,4,2,2,0
23410007153000,4,2,2,0
23410007154000,2,1,1,0
23410007155000,13,6,7,652.6
23410007156000,5,3,2,188
23410007167000,3,1,2,0
23410007196000,2,2,0,0
23410007197000,1,1,0,0
23410007198000,7,3,4,296.1
23410007199000,7,5,2,289.8
23410007204000,6,2,4,190.2
23410007205000,7,5,2,196
23410007219000,16,8,8,497.6
23410007224000,1,0,1,0
23420006646000,5,3,2,202
23420006647000,21,11,10,871.5
23420006648000,78,35,43,3549
23420006649000,88,46,42,3300
23420006650000,13,6,7,526.5
23420006651000,15,9,6,571.5
23420006652000,20,10,10,1072
23420006653000,22,12,10,1093.4
23420006654000,11,4,7,459.8
23420006662000,3,2,1,0
23420006663000,11,6,5,544.5
23420006664000,1,0,1,0
23420006670000,7,4,3,266.7
23420006671000,3,2,1,0
23420006675000,2,1,1,0
23420006683000,2,2,0,0
23420006685000,18,8,10,633.6
23420006686000,3,1,2,0
23420006710000,40,24,16,1784
23420006721000,3,2,1,0
23420006726000,3,2,1,0
23420006727000,16,9,7,795.2
23420006728000,2,1,1,0
23420006730000,11,7,4,456.5
23420006777000,5,4,1,100
23420006778000,1,1,0,0
23420006779000,23,11,12,972.9
23420006780000,28,18,10,1176
23420006781000,3,1,2,0
23420006782000,16,6,10,638.4
23420006783000,1,1,0,0
23420006809000,7,3,4,254.1
23420006811000,2,1,1,0
23420006812000,7,3,4,282.1
23420006814000,12,6,6,448.8
23420006815000,4,2,2,0
23420006817000,4,4,0,0
23420006832000,6,3,3,135
23420006834000,2,1,1,0
23420006835000,7,4,3,314.3
23420006836000,21,10,11,1018.5
23420006837000,60,31,29,2718
23420006838000,11,7,4,508.2
23420006839000,1,1,0,0
23420006859000,1,1,0,0
23420006860000,32,17,15,1504
23420006861000,2,1,1,0
23420006866000,37,20,17,1698.3
23420006911000,2,1,1,0
23420006977000,6,4,2,253.8
23420006978000,9,5,4,441
23420006979000,21,9,12,1115.1
23420006980000,5,2,3,223
23420007022000,9,4,5,300.6
23420007024000,8,5,3,175.2
23420007032000,3,2,1,0
23420007033000,170,90,80,6443
23420007070000,6,4,2,247.8
23420007074000,15,8,7,678
23420007075000,5,3,2,193
23420007076000,16,8,8,566.4
23420007077000,40,21,19,1164
23420007078000,7,3,4,231
23420007079000,12,7,5,459.6
23420007103000,16,9,7,836.8
23420007107000,2,1,1,0
23420007110000,3,2,1,0
23420007111000,7,4,3,291.2
23420007112000,9,5,4,422.1
23420007113000,6,1,5,219
23420007114000,28,11,17,851.2
23420007117000,34,18,16,1285.2
23420007118000,9,5,4,478.8
23420007121000,5,3,2,228
23420007152000,1,1,0,0
23420007154000,2,2,0,0
23420007155000,4,2,2,0
23420007167000,3,2,1,0
23420007197000,3,2,1,0
23420007199000,3,1,2,0
23420007201000,2,1,1,0
23420007202000,4,2,2,0
23420007205000,10,5,5,228
23420007207000,9,4,5,586.8
23420007208000,6,2,4,301.8
23420007212000,12,5,7,373.2
23420007213000,5,2,3,304
23420007217000,1,1,0,0
23420007218000,2,1,1,0
23430006646000,5,2,3,356
23430006647000,49,23,26,2361.8
23430006648000,335,153,182,16080
23430006649000,368,166,202,16302.4
23430006650000,36,20,16,1609.2
23430006651000,8,4,4,300
23430006653000,14,7,7,610.4
23430006654000,4,3,1,0
23430006655000,2,1,1,0
23430006664000,1,0,1,0
23430006669000,1,0,1,0
23430006672000,6,3,3,211.2
23430006686000,9,5,4,456.3
23430006729000,1,1,0,0
23430006730000,32,19,13,1769.6
23430006776000,13,7,6,672.1
23430006777000,8,5,3,487.2
23430006778000,2,1,1,0
23430006780000,14,4,10,768.6
23430006781000,46,21,25,2254
23430006782000,29,15,14,1264.4
23430006793000,2,1,1,0
23430006809000,1,0,1,0
23430006810000,2,1,1,0
23430006811000,15,8,7,870
23430006812000,20,11,9,870
23430006814000,6,3,3,414
23430006815000,4,2,2,0
23430006830000,6,3,3,208.2
23430006834000,12,9,3,344.4
23430006860000,21,12,9,928.2
23430006861000,23,12,11,890.1
23430006863000,11,6,5,675.4
23430006864000,97,40,57,4597.8
23430006865000,52,25,27,2329.6
23430006866000,13,7,6,543.4
23430006978000,8,2,6,214.4
23430007034000,1,0,1,0
23430007049000,1,1,0,0
23430007077000,21,13,8,743.4
23430007078000,58,29,29,2407
23430007079000,18,10,8,730.8
23430007113000,2,0,2,0
23430007114000,5,4,1,354
23430007115000,3,2,1,0
23430007117000,3,1,2,0
23430007118000,11,6,5,491.7
23430007119000,2,1,1,0
23430007120000,5,2,3,127
23430007121000,2,1,1,0
23430007151000,7,4,3,172.2
23430007152000,22,13,9,866.8
23430007153000,251,112,139,8559.1
23430007154000,21,13,8,871.5
23430007166000,2,1,1,0
23430007191000,7,4,3,238
23430007212000,14,9,5,491.4
23430007218000,1,0,1,0
23430007219000,3,0,3,0
23430007220000,40,20,20,1528
23430007221000,5,3,2,194
23430007224000,2,1,1,0
23440006646000,35,17,18,1326.5
23440006647000,28,18,10,1195.6
23440006648000,2,1,1,0
23440006649000,96,49,47,4387.2
23440006650000,25,12,13,1157.5
23440006651000,39,19,20,1318.2
23440006652000,4,2,2,0
23440006653000,1,0,1,0
23440006654000,15,6,9,655.5
23440006655000,8,4,4,475.2
23440006666000,7,4,3,235.2
23440006673000,1,0,1,0
23440006688000,4,1,3,0
23440006729000,13,7,6,772.2
23440006730000,28,15,13,1430.8
23440006776000,5,3,2,217
23440006780000,2,1,1,0
23440006781000,64,31,33,3200
23440006782000,11,7,4,520.3
23440006811000,7,5,2,205.8
23440006812000,1,1,0,0
23440006813000,19,8,11,879.7
23440006824000,10,5,5,496
23440006825000,2,2,0,0
23440006826000,12,7,5,564
23440006827000,17,11,6,673.2
23440006829000,3,1,2,0
23440006864000,31,17,14,1274.1
23440006865000,20,11,9,966
23440006866000,32,17,15,1305.6
23440006902000,3,2,1,0
23440006948000,5,2,3,90
23440007021000,11,5,6,324.5
23440007022000,4,2,2,0
23440007023000,4,1,3,0
23440007034000,3,1,2,0
23440007069000,2,1,1,0
23440007078000,14,6,8,554.4
23440007079000,27,13,14,1017.9
23440007100000,1,1,0,0
23440007101000,5,3,2,101
23440007103000,9,6,3,367.2
23440007104000,5,1,4,256
23440007110000,2,2,0,0
23440007113000,1,1,0,0
23440007115000,4,3,1,0
23440007119000,7,3,4,245
23440007150000,9,4,5,493.2
23440007151000,9,5,4,448.2
23440007152000,253,136,117,10195.9
23440007153000,280,141,139,8736
23440007199000,3,2,1,0
23440007201000,2,1,1,0
23440007202000,2,1,1,0
23440007203000,5,4,1,142
23440007207000,1,0,1,0
23440007210000,7,5,2,399
23440007212000,1,1,0,0
23440007219000,14,8,6,749
23440007221000,37,20,17,1750.1
23440007222000,1,0,1,0
23440007223000,16,9,7,654.4
23440007224000,8,1,7,326.4
23450006647000,3,2,1,0
23450006648000,10,4,6,457
23450006649000,9,4,5,579.6
23450006650000,15,9,6,751.5
23450006651000,22,12,10,946
23450006652000,21,13,8,879.9
23450006653000,13,6,7,496.6
23450006654000,26,13,13,1274
23450006655000,3,0,3,0
23450006662000,4,2,2,0
23450006666000,46,28,18,1876.8
23450006667000,13,7,6,695.5
23450006668000,14,4,10,497
23450006669000,2,1,1,0
23450006672000,3,1,2,0
23450006687000,1,0,1,0
23450006688000,4,2,2,0
23450006689000,2,1,1,0
23450006699000,3,2,1,0
23450006700000,1,1,0,0
23450006702000,2,1,1,0
23450006718000,10,8,2,453
23450006729000,38,20,18,1770.8
23450006779000,3,1,2,0
23450006781000,1,0,1,0
23450006782000,5,2,3,104
23450006811000,9,4,5,368.1
23450006812000,8,2,6,260.8
23450006813000,19,12,7,851.2
23450006823000,5,0,5,268
23450006824000,11,8,3,382.8
23450006864000,11,5,6,652.3
23450007078000,8,6,2,400
23450007079000,17,8,9,690.2
23450007080000,25,12,13,910
23450007099000,4,3,1,0
23450007100000,10,6,4,315
23450007101000,18,10,8,775.8
23450007102000,11,5,6,369.6
23450007103000,27,16,11,745.2
23450007104000,7,2,5,266
23450007113000,1,1,0,0
23450007119000,7,5,2,286.3
23450007120000,14,8,6,478.8
23450007121000,3,2,1,0
23450007149000,6,4,2,337.8
23450007150000,4,1,3,0
23450007151000,7,5,2,287.7
23450007152000,31,16,15,1435.3
23450007153000,7,4,3,303.1
23450007166000,1,1,0,0
23450007191000,1,0,1,0
23450007203000,5,3,2,135
23450007204000,3,0,3,0
23450007207000,1,0,1,0
23450007208000,4,2,2,0
23450007210000,2,1,1,0
23450007211000,16,10,6,494.4
23450007212000,44,23,21,1909.6
23450007213000,14,5,9,705.6
23450007221000,9,4,5,417.6
23450007222000,93,45,48,4147.8
23450007223000,66,34,32,3042.6
23450007224000,19,10,9,687.8
23460006647000,6,4,2,301.8
23460006649000,1,1,0,0
23460006651000,4,2,2,0
23460006652000,1,0,1,0
23460006653000,7,4,3,298.9
23460006662000,14,9,5,693
23460006668000,2,1,1,0
23460006669000,14,9,5,680.4
23460006670000,2,2,0,0
23460006671000,4,2,2,0
23460006672000,8,5,3,240.8
23460006679000,2,1,1,0
23460006680000,2,1,1,0
23460006686000,2,1,1,0
23460006687000,1,1,0,0
23460006698000,3,2,1,0
23460006699000,9,5,4,469.8
23460006700000,11,6,5,742.5
23460006729000,49,25,24,2474.5
23460006782000,4,2,2,0
23460006784000,2,1,1,0
23460006785000,21,13,8,1209.6
23460006786000,1,0,1,0
23460006812000,25,16,9,965
23460006815000,8,3,5,348
23460006820000,13,5,8,702
23460006821000,23,13,10,1237.4
23460006863000,2,2,0,0
23460006882000,3,2,1,0
23460006887000,3,1,2,0
23460007051000,3,2,1,0
23460007079000,10,6,4,435
23460007080000,21,9,12,585.9
23460007082000,3,2,1,0
23460007098000,2,1,1,0
23460007099000,14,7,7,355.6
23460007100000,54,30,24,2095.2
23460007101000,14,7,7,533.4
23460007102000,11,6,5,588.5
23460007116000,1,0,1,0
23460007120000,5,3,2,142
23460007149000,11,7,4,420.2
23460007150000,71,34,37,2449.5
23460007151000,3,1,2,0
23460007152000,9,5,4,504
23460007153000,1,1,0,0
23460007154000,35,16,19,1648.5
23460007155000,18,10,8,759.6
23460007156000,15,9,6,637.5
23460007157000,5,2,3,244
23460007166000,2,1,1,0
23460007204000,7,3,4,412.3
23460007210000,1,0,1,0
23460007212000,6,2,4,189
23460007222000,20,10,10,1044
23460007223000,19,9,10,1054.5
23470006655000,4,2,2,0
23470006658000,3,1,2,0
23470006661000,4,2,2,0
23470006669000,5,3,2,284
23470006670000,3,2,1,0
23470006687000,19,11,8,877.8
23470006691000,2,1,1,0
23470006692000,2,1,1,0
23470006695000,1,1,0,0
23470006698000,1,0,1,0
23470006714000,1,1,0,0
23470006717000,1,0,1,0
23470006727000,3,2,1,0
23470006728000,20,12,8,1180
23470006729000,80,43,37,4056
23470006731000,7,3,4,172.9
23470006784000,1,1,0,0
23470006785000,8,4,4,524.8
23470006796000,2,1,1,0
23470006802000,1,1,0,0
23470006809000,8,4,4,364
23470006811000,5,3,2,308
23470006812000,95,49,46,3068.5
23470006813000,138,72,66,6265.2
23470006814000,1,1,0,0
23470006815000,8,3,5,444
23470006816000,2,1,1,0
23470006818000,1,0,1,0
23470006819000,23,10,13,1058
23470006820000,2,1,1,0
23470006886000,4,2,2,0
23470006887000,8,5,3,216.8
23470006948000,2,1,1,0
23470006949000,4,2,2,0
23470007079000,3,2,1,0
23470007080000,13,9,4,496.6
23470007081000,19,12,7,716.3
23470007082000,1,0,1,0
23470007098000,19,10,9,604.2
23470007099000,6,2,4,253.2
23470007100000,6,2,4,139.8
23470007101000,8,4,4,450.4
23470007102000,4,3,1,0
23470007120000,22,11,11,941.6
23470007121000,23,11,12,899.3
23470007122000,1,1,0,0
23470007139000,4,2,2,0
23470007149000,15,8,7,664.5
23470007150000,35,21,14,1452.5
23470007152000,31,18,13,1019.9
23470007153000,9,4,5,277.2
23470007154000,19,11,8,587.1
23470007155000,8,5,3,396.8
23470007190000,6,2,4,168
23470007205000,2,1,1,0
23470007206000,11,6,5,382.8
23470007207000,2,1,1,0
23470007210000,12,7,5,663.6
23470007211000,9,6,3,584.1
23470007213000,1,1,0,0
23470007216000,1,1,0,0
23470007222000,6,2,4,214.8
23470007223000,1,1,0,0
23480006658000,7,4,3,375.2
23480006659000,13,8,5,405.6
23480006661000,16,7,9,923.2
23480006667000,2,2,0,0
23480006669000,6,3,3,190.2
23480006670000,2,1,1,0
23480006672000,2,2,0,0
23480006673000,4,2,2,0
23480006677000,4,3,1,0
23480006685000,1,1,0,0
23480006687000,7,4,3,401.1
23480006688000,28,12,16,952
23480006689000,4,2,2,0
23480006699000,2,1,1,0
23480006702000,3,2,1,0
23480006704000,1,0,1,0
23480006717000,13,6,7,494
23480006718000,2,0,2,0
23480006726000,7,5,2,424.9
23480006727000,9,5,4,155.7
23480006728000,14,10,4,749
23480006729000,7,2,5,464.8
23480006752000,11,5,6,773.3
23480006802000,1,0,1,0
23480006803000,2,1,1,0
23480006809000,1,0,1,0
23480006810000,39,19,20,1844.7
23480006811000,11,5,6,590.7
23480006812000,5,3,2,272
23480006813000,13,8,5,477.1
23480006814000,7,3,4,310.1
23480006886000,5,2,3,130
23480007050000,3,1,2,0
23480007051000,6,2,4,255
23480007079000,6,4,2,130.8
23480007080000,29,14,15,1249.9
23480007081000,5,3,2,332
23480007082000,21,12,9,1005.9
23480007097000,6,3,3,255
23480007098000,3,1,2,0
23480007101000,14,8,6,589.4
23480007115000,6,2,4,202.2
23480007120000,11,4,7,586.3
23480007121000,8,3,5,232
23480007150000,25,12,13,1115
23480007151000,6,3,3,289.8
23480007152000,6,4,2,237
23480007153000,34,15,19,1421.2
23480007154000,6,3,3,331.8
23480007155000,10,6,4,365
23480007156000,5,3,2,316
23480007202000,14,8,6,379.4
23480007206000,3,1,2,0
23480007207000,5,2,3,313
23480007208000,8,4,4,315.2
23480007214000,2,1,1,0
23490006653000,1,1,0,0
23490006654000,6,3,3,241.2
23490006655000,15,10,5,714
23490006657000,3,1,2,0
23490006661000,8,4,4,359.2
23490006662000,3,1,2,0
23490006663000,1,0,1,0
23490006664000,5,4,1,171
23490006666000,7,3,4,310.8
23490006670000,3,1,2,0
23490006671000,6,5,1,135
23490006674000,2,1,1,0
23490006676000,2,1,1,0
23490006678000,1,1,0,0
23490006687000,60,27,33,2574
23490006689000,8,3,5,508
23490006690000,10,4,6,575
23490006695000,1,1,0,0
23490006702000,10,5,5,537
23490006703000,5,3,2,306
23490006712000,1,1,0,0
23490006718000,18,7,11,714.6
23490006719000,4,2,2,0
23490006722000,4,2,2,0
23490006725000,11,5,6,580.8
23490006726000,26,14,12,1071.2
23490006727000,10,5,5,547
23490006752000,1,1,0,0
23490006753000,10,8,2,488
23490006786000,4,3,1,0
23490006787000,9,5,4,413.1
23490006791000,6,5,1,172.2
23490006792000,2,1,1,0
23490006805000,14,8,6,599.2
23490006807000,4,3,1,0
23490006809000,3,2,1,0
23490006810000,4,1,3,0
23490006863000,11,3,8,479.6
23490006886000,10,5,5,506
23490006949000,2,1,1,0
23490007030000,4,2,2,0
23490007065000,5,3,2,248
23490007079000,14,9,5,544.6
23490007080000,5,3,2,160
23490007081000,2,1,1,0
23490007082000,6,3,3,205.8
23490007097000,1,1,0,0
23490007098000,23,12,11,598
23490007115000,6,5,1,193.8
23490007116000,3,2,1,0
23490007121000,44,25,19,1830.4
23490007122000,2,1,1,0
23490007150000,3,1,2,0
23490007151000,8,5,3,283.2
23490007153000,11,6,5,531.3
23490007154000,39,20,19,1345.5
23490007155000,10,4,6,430
23490007189000,30,15,15,1647
23490007190000,41,22,19,2574.8
23490007202000,10,6,4,276
23490007208000,3,2,1,0
23490007212000,6,5,1,247.8
23490007213000,3,2,1,0
23490007220000,2,1,1,0
23500006653000,3,1,2,0
23500006654000,28,14,14,1764
23500006663000,4,2,2,0
23500006664000,28,17,11,1640.8
23500006665000,150,79,71,6870
23500006666000,16,8,8,984
23500006667000,17,8,9,686.8
23500006668000,13,8,5,625.3
23500006671000,12,6,6,453.6
23500006675000,6,4,2,376.8
23500006676000,5,2,3,209
23500006687000,16,9,7,776
23500006689000,1,0,1,0
23500006690000,1,0,1,0
23500006691000,12,5,7,645.6
23500006692000,7,4,3,378.7
23500006693000,6,3,3,408
23500006719000,3,1,2,0
23500006721000,4,2,2,0
23500006722000,5,3,2,265
23500006723000,1,0,1,0
23500006724000,9,6,3,502.2
23500006725000,22,11,11,1124.2
23500006726000,5,2,3,228
23500006729000,2,1,1,0
23500006752000,15,7,8,943.5
23500006753000,7,5,2,266.7
23500006774000,7,3,4,191.1
23500006790000,4,3,1,0
23500006791000,20,10,10,1004
23500006797000,2,1,1,0
23500006798000,1,0,1,0
23500006799000,2,1,1,0
23500006863000,16,10,6,601.6
23500006864000,2,1,1,0
23500007029000,4,2,2,0
23500007079000,16,7,9,574.4
23500007080000,14,7,7,467.6
23500007116000,6,3,3,319.8
23500007120000,15,9,6,645
23500007121000,8,3,5,306.4
23500007149000,12,4,8,518.4
23500007150000,11,4,7,512.6
23500007151000,9,5,4,214.2
23500007152000,36,18,18,1486.8
23500007153000,42,20,22,1663.2
23500007154000,17,11,6,695.3
23500007155000,9,4,5,425.7
23500007156000,5,2,3,174
23500007189000,43,24,19,2227.4
23500007190000,10,5,5,570
23500007208000,4,2,2,0
23500007209000,10,6,4,391
23500007210000,8,4,4,240
23500007214000,1,1,0,0
23500007221000,11,5,6,776.6
23510006650000,2,2,0,0
23510006651000,18,12,6,685.8
23510006652000,16,5,11,788.8
23510006653000,19,10,9,818.9
23510006661000,1,1,0,0
23510006662000,7,4,3,321.3
23510006663000,6,3,3,271.8
23510006664000,15,10,5,576
23510006665000,94,40,54,4596.6
23510006666000,35,18,17,1337
23510006667000,13,7,6,322.4
23510006668000,3,2,1,0
23510006669000,3,2,1,0
23510006670000,4,2,2,0
23510006671000,13,6,7,548.6
23510006672000,15,7,8,693
23510006673000,1,0,1,0
23510006674000,7,2,5,247.8
23510006675000,6,3,3,316.8
23510006687000,8,4,4,374.4
23510006700000,2,1,1,0
23510006701000,2,1,1,0
23510006712000,1,1,0,0
23510006721000,1,0,1,0
23510006722000,4,3,1,0
23510006723000,8,5,3,502.4
23510006724000,4,3,1,0
23510006725000,11,4,7,580.8
23510006726000,26,16,10,1042.6
23510006729000,6,3,3,235.2
23510006774000,12,7,5,567.6
23510006790000,25,17,8,1345
23510006791000,17,8,9,547.4
23510006796000,2,1,1,0
23510006797000,1,0,1,0
23510006798000,2,2,0,0
23510006799000,5,3,2,167
23510006802000,15,8,7,559.5
23510006803000,26,13,13,1222
23510006804000,15,7,8,649.5
23510006805000,3,2,1,0
23510006806000,4,2,2,0
23510006823000,3,2,1,0
23510006863000,8,5,3,328.8
23510007026000,3,1,2,0
23510007027000,12,7,5,543.6
23510007029000,1,1,0,0
23510007062000,3,1,2,0
23510007063000,14,11,3,785.4
23510007080000,8,4,4,347.2
23510007081000,9,4,5,322.2
23510007117000,3,2,1,0
23510007120000,3,2,1,0
23510007121000,11,6,5,470.8
23510007122000,3,2,1,0
23510007149000,32,17,15,1238.4
23510007150000,21,10,11,875.7
23510007151000,19,8,11,651.7
23510007152000,50,25,25,2500
23510007153000,52,25,27,2225.6
23510007154000,8,4,4,222.4
23510007155000,12,5,7,489.6
23510007156000,5,1,4,169
23510007189000,42,27,15,1360.8
23510007190000,8,5,3,570.4
23510007191000,3,2,1,0
23510007203000,7,3,4,317.1
23510007214000,4,3,1,0
23510007215000,2,1,1,0
23510007216000,6,4,2,253.8
23510007221000,20,7,13,1196
23510007222000,8,3,5,395.2
23520006652000,3,2,1,0
23520006653000,4,2,2,0
23520006654000,1,1,0,0
23520006657000,2,1,1,0
23520006658000,10,5,5,246
23520006659000,1,0,1,0
23520006660000,6,3,3,222
23520006661000,4,3,1,0
23520006662000,12,5,7,666
23520006663000,12,6,6,612
23520006665000,6,4,2,150
23520006667000,4,3,1,0
23520006670000,4,2,2,0
23520006672000,1,1,0,0
23520006686000,11,5,6,253
23520006687000,15,8,7,562.5
23520006688000,18,9,9,628.2
23520006689000,10,4,6,362
23520006693000,6,4,2,337.8
23520006694000,5,3,2,275
23520006705000,2,1,1,0
23520006707000,1,1,0,0
23520006719000,3,2,1,0
23520006723000,7,3,4,210
23520006725000,5,2,3,282
23520006726000,11,6,5,446.6
23520006727000,8,4,4,360.8
23520006729000,5,3,2,248
23520006733000,2,1,1,0
23520006749000,6,3,3,255
23520006753000,2,2,0,0
23520006774000,20,11,9,924
23520006791000,10,5,5,664
23520006792000,6,3,3,319.8
23520006799000,166,88,78,6009.2
23520006800000,313,165,148,13333.8
23520006801000,167,83,84,6763.5
23520006802000,59,27,32,2501.6
23520006803000,11,7,4,432.3
23520006804000,17,9,8,552.5
23520006805000,104,54,50,3255.2
23520006806000,36,18,18,1418.4
23520006819000,2,1,1,0
23520006820000,2,0,2,0
23520006822000,5,3,2,246
23520006823000,1,1,0,0
23520006885000,10,2,8,430
23520007026000,1,1,0,0
23520007062000,5,3,2,278
23520007063000,16,9,7,616
23520007064000,9,5,4,251.1
23520007081000,9,5,4,432.9
23520007082000,17,8,9,729.3
23520007122000,9,5,4,381.6
23520007151000,2,1,1,0
23520007152000,5,3,2,190
23520007153000,18,8,10,788.4
23520007154000,18,11,7,676.8
23520007155000,66,26,40,2184.6
23520007156000,25,8,17,650
23520007157000,28,15,13,1066.8
23520007183000,1,1,0,0
23520007190000,2,1,1,0
23520007191000,4,2,2,0
23520007203000,27,17,10,1142.1
23520007204000,1,0,1,0
23520007215000,10,7,3,426
23520007222000,11,7,4,651.2
23520007223000,4,2,2,0
23520007224000,2,1,1,0
23530006653000,6,3,3,331.2
23530006654000,18,11,7,990
23530006655000,14,8,6,600.6
23530006656000,6,4,2,178.2
23530006658000,55,29,26,2150.5
23530006659000,32,17,15,1539.2
23530006660000,25,12,13,1155
23530006661000,10,6,4,431
23530006676000,16,7,9,761.6
23530006682000,1,0,1,0
23530006694000,26,14,12,1055.6
23530006695000,8,6,2,330.4
23530006707000,3,2,1,0
23530006719000,7,5,2,333.2
23530006731000,5,3,2,326
23530006733000,7,4,3,161
23530006735000,5,2,3,114
23530006736000,12,4,8,501.6
23530006737000,7,5,2,214.9
23530006749000,3,1,2,0
23530006792000,5,2,3,136
23530006799000,187,94,93,6975.1
23530006800000,456,202,254,25992
23530006801000,656,311,345,28273.6
23530006802000,82,40,42,3460.4
23530006817000,7,2,5,361.9
23530006818000,4,2,2,0
23530006820000,4,2,2,0
23530006822000,1,0,1,0
23530007081000,3,1,2,0
23530007082000,21,10,11,804.3
23530007083000,4,1,3,0
23530007118000,1,1,0,0
23530007122000,9,4,5,528.3
23530007150000,10,7,3,447
23530007154000,21,11,10,863.1
23530007155000,393,187,206,18353.1
23530007156000,179,99,80,6103.9
23530007157000,127,70,57,5613.4
23530007158000,25,14,11,830
23530007203000,8,5,3,386.4
23530007204000,3,2,1,0
23530007216000,12,8,4,435.6
23530007217000,6,2,4,297
23530007225000,4,1,3,0
23530007287000,5,3,2,315
23540006657000,12,5,7,495.6
23540006658000,13,6,7,526.5
23540006659000,4,2,2,0
23540006667000,7,3,4,214.9
23540006693000,8,4,4,372
23540006694000,15,8,7,787.5
23540006695000,5,3,2,299
23540006697000,2,1,1,0
23540006698000,2,1,1,0
23540006718000,5,3,2,182
23540006719000,8,3,5,340.8
23540006720000,2,1,1,0
23540006724000,1,1,0,0
23540006731000,2,2,0,0
23540006732000,2,1,1,0
23540006733000,2,1,1,0
23540006734000,2,1,1,0
23540006797000,26,12,14,964.6
23540006798000,83,43,40,3386.4
23540006799000,213,112,101,8562.6
23540006800000,94,48,46,4305.2
23540006801000,34,20,14,1312.4
23540006802000,26,16,10,1172.6
23540006803000,1,0,1,0
23540006805000,3,1,2,0
23540006817000,6,3,3,238.8
23540006824000,6,2,4,277.2
23540006826000,8,4,4,392
23540006885000,3,2,1,0
23540007062000,1,1,0,0
23540007082000,3,2,1,0
23540007119000,2,1,1,0
23540007154000,12,7,5,753.6
23540007155000,79,34,45,2883.5
23540007156000,52,28,24,2137.2
23540007157000,1,1,0,0
23540007158000,18,9,9,811.8
23540007159000,18,10,8,628.2
23540007204000,3,2,1,0
23540007205000,15,8,7,643.5
23540007225000,3,2,1,0
23540007280000,35,21,14,1463
23540007289000,8,3,5,282.4
23550006660000,4,2,2,0
23550006666000,13,5,8,491.4
23550006667000,2,1,1,0
23550006674000,6,2,4,280.8
23550006692000,1,1,0,0
23550006693000,3,2,1,0
23550006705000,2,1,1,0
23550006706000,3,1,2,0
23550006707000,4,2,2,0
23550006708000,4,2,2,0
23550006718000,2,2,0,0
23550006723000,7,3,4,406
23550006728000,1,1,0,0
23550006731000,2,1,1,0
23550006732000,28,13,15,1201.2
23550006794000,6,4,2,256.8
23550006795000,23,12,11,906.2
23550006796000,55,30,25,2073.5
23550006797000,5,2,3,183
23550006805000,12,6,6,537.6
23550006806000,15,9,6,729
23550006807000,2,1,1,0
23550006808000,2,1,1,0
23550006818000,3,2,1,0
23550006819000,5,4,1,272
23550007123000,1,1,0,0
23550007154000,7,5,2,284.2
23550007156000,48,25,23,1747.2
23550007157000,25,15,10,985
23550007158000,18,13,5,588.6
23550007159000,4,2,2,0
23550007206000,10,4,6,452
23550007219000,2,1,1,0
23550007279000,1,0,1,0
23550007280000,2,1,1,0
23550007287000,8,5,3,364
23550007288000,20,11,9,784
23550007289000,2,1,1,0
23550007290000,14,10,4,880.6
23560006662000,4,2,2,0
23560006666000,17,9,8,868.7
23560006667000,7,3,4,301.7
23560006668000,5,3,2,112
23560006674000,4,2,2,0
23560006678000,13,7,6,591.5
23560006699000,2,1,1,0
23560006700000,42,21,21,2184
23560006701000,32,16,16,1737.6
23560006705000,3,1,2,0
23560006710000,3,2,1,0
23560006731000,16,9,7,718.4
23560006732000,4,2,2,0
23560006733000,5,3,2,300
23560006794000,255,137,118,10378.5
23560006795000,115,58,57,4634.5
23560006806000,3,2,1,0
23560006807000,12,8,4,423.6
23560006818000,2,1,1,0
23560006819000,4,2,2,0
23560006895000,5,2,3,282
23560007123000,9,5,4,467.1
23560007124000,4,2,2,0
23560007151000,6,3,3,382.8
23560007152000,2,1,1,0
23560007153000,12,5,7,315.6
23560007154000,35,19,16,906.5
23560007156000,33,18,15,1369.5
23560007157000,195,104,91,6961.5
23560007158000,9,4,5,378.9
23560007205000,12,4,8,627.6
23560007206000,18,10,8,946.8
23560007219000,8,4,4,362.4
23560007220000,18,8,10,712.8
23560007223000,5,4,1,177
23560007280000,22,10,12,820.6
23560007288000,27,12,15,1271.7
23560007289000,32,17,15,1289.6
23560007290000,8,4,4,412
23570006657000,3,1,2,0
23570006667000,9,5,4,546.3
23570006668000,4,3,1,0
23570006676000,2,1,1,0
23570006682000,6,3,3,282
23570006698000,1,1,0,0
23570006699000,12,6,6,441.6
23570006700000,82,38,44,4231.2
23570006701000,27,10,17,1738.8
23570006730000,2,1,1,0
23570006732000,17,10,7,736.1
23570006735000,2,1,1,0
23570006791000,3,2,1,0
23570006792000,24,13,11,931.2
23570006793000,21,11,10,1066.8
23570006794000,33,17,16,1320
23570006795000,11,5,6,352
23570006814000,2,1,1,0
23570007080000,11,4,7,441.1
23570007097000,3,2,1,0
23570007101000,1,1,0,0
23570007124000,6,2,4,268.8
23570007150000,7,4,3,277.9
23570007151000,12,6,6,601.2
23570007152000,18,11,7,568.8
23570007153000,6,3,3,190.2
23570007154000,16,8,8,641.6
23570007155000,11,6,5,598.4
23570007156000,30,16,14,1182
23570007157000,44,25,19,1636.8
23570007158000,9,6,3,250.2
23570007159000,9,5,4,260.1
23570007205000,4,2,2,0
23570007219000,5,3,2,308
23570007220000,5,3,2,271
23570007221000,6,3,3,310.2
23570007223000,6,2,4,349.2
23570007280000,21,10,11,749.7
23570007281000,24,14,10,1077.6
23570007284000,11,4,7,512.6
23570007285000,24,15,9,957.6
23570007286000,11,4,7,346.5
23580006663000,1,1,0,0
23580006666000,2,1,1,0
23580006667000,8,5,3,342.4
23580006670000,3,2,1,0
23580006671000,6,3,3,367.8
23580006676000,3,2,1,0
23580006681000,6,3,3,204
23580006682000,4,2,2,0
23580006689000,1,1,0,0
23580006691000,2,1,1,0
23580006695000,1,1,0,0
23580006696000,7,3,4,298.9
23580006697000,4,2,2,0
23580006698000,3,2,1,0
23580006700000,7,2,5,457.1
23580006701000,2,1,1,0
23580006728000,5,2,3,365
23580006730000,11,4,7,416.9
23580006731000,5,2,3,353
23580006732000,2,1,1,0
23580006790000,1,0,1,0
23580006791000,4,3,1,0
23580006792000,2,2,0,0
23580006794000,1,1,0,0
23580007079000,1,1,0,0
23580007095000,3,1,2,0
23580007097000,10,6,4,375
23580007098000,8,3,5,344
23580007119000,7,4,3,301
23580007151000,110,63,47,4026
23580007152000,37,19,18,1217.3
23580007158000,9,5,4,423
23580007206000,10,8,2,497
23580007220000,7,5,2,408.1
23580007221000,9,3,6,390.6
23580007223000,24,11,13,1135.2
23580007224000,24,13,11,1142.4
23580007235000,1,1,0,0
23580007284000,2,2,0,0
23580007285000,15,7,8,582
23580007286000,14,10,4,638.4
23580007288000,19,11,8,623.2
23580007289000,25,10,15,1060
23580007290000,107,58,49,4643.8
23580007291000,6,4,2,304.8
23590006665000,4,1,3,0
23590006679000,1,0,1,0
23590006681000,10,6,4,288
23590006682000,14,8,6,700
23590006683000,7,5,2,265.3
23590006697000,3,2,1,0
23590006700000,2,1,1,0
23590006702000,2,1,1,0
23590006721000,1,1,0,0
23590006723000,2,1,1,0
23590006724000,2,1,1,0
23590006725000,1,0,1,0
23590006726000,9,7,2,578.7
23590006727000,2,1,1,0
23590006728000,3,2,1,0
23590006729000,3,3,0,0
23590006783000,5,3,2,254
23590006789000,6,3,3,310.2
23590006790000,4,2,2,0
23590006795000,5,3,2,318
23590006813000,4,3,1,0
23590006824000,1,1,0,0
23590006826000,2,1,1,0
23590006830000,2,2,0,0
23590007078000,7,4,3,359.1
23590007079000,5,3,2,298
23590007119000,5,2,3,201
23590007124000,1,1,0,0
23590007151000,42,25,17,1562.4
23590007158000,26,13,13,1014
23590007159000,7,4,3,174.3
23590007206000,4,2,2,0
23590007207000,22,12,10,1045
23590007221000,9,6,3,441
23590007222000,2,1,1,0
23590007223000,11,3,8,590.7
23590007224000,3,2,1,0
23590007225000,3,2,1,0
23590007226000,5,3,2,118
23590007238000,3,2,1,0
23590007282000,4,3,1,0
23590007283000,28,15,13,1254.4
23590007284000,4,2,2,0
23590007285000,3,2,1,0
23590007286000,2,1,1,0
23590007287000,61,29,32,2690.1
23590007288000,29,14,15,1200.6
23590007289000,17,9,8,629
23590007290000,84,40,44,3805.2
23600006664000,2,1,1,0
23600006681000,3,2,1,0
23600006687000,1,1,0,0
23600006688000,1,1,0,0
23600006692000,3,1,2,0
23600006700000,2,1,1,0
23600006701000,1,0,1,0
23600006703000,2,1,1,0
23600006723000,3,1,2,0
23600006724000,1,1,0,0
23600006725000,2,1,1,0
23600006728000,1,1,0,0
23600006730000,2,2,0,0
23600006782000,1,0,1,0
23600006784000,1,0,1,0
23600006788000,4,1,3,0
23600006789000,5,4,1,296
23600006795000,21,11,10,1010.1
23600006812000,5,3,2,294
23600006824000,4,1,3,0
23600007078000,4,2,2,0
23600007119000,6,3,3,163.2
23600007150000,1,1,0,0
23600007151000,24,11,13,996
23600007152000,7,3,4,245.7
23600007157000,5,4,1,269
23600007158000,29,15,14,954.1
23600007159000,1,0,1,0
23600007208000,5,3,2,194
23600007221000,21,12,9,743.4
23600007226000,4,2,2,0
23600007227000,16,11,5,473.6
23600007228000,2,1,1,0
23600007229000,9,4,5,343.8
23600007236000,7,3,4,261.1
23600007237000,14,9,5,599.2
23600007238000,2,1,1,0
23600007281000,14,7,7,683.2
23600007284000,4,2,2,0
23600007286000,9,6,3,316.8
23600007287000,256,127,129,11008
23600007288000,12,6,6,670.8
23610006680000,4,1,3,0
23610006687000,9,6,3,558.9
23610006721000,3,2,1,0
23610006730000,2,1,1,0
23610006787000,2,1,1,0
23610006788000,4,2,2,0
23610006794000,2,1,1,0
23610006795000,6,4,2,226.8
23610006817000,2,1,1,0
23610007119000,2,1,1,0
23610007120000,2,1,1,0
23610007126000,4,3,1,0
23610007151000,2,2,0,0
23610007152000,9,4,5,433.8
23610007157000,5,3,2,248
23610007161000,11,6,5,430.1
23610007207000,1,1,0,0
23610007208000,16,7,9,801.6
23610007235000,14,8,6,728
23610007236000,13,7,6,591.5
23610007282000,14,5,9,630
23610007284000,5,3,2,297
23610007285000,6,4,2,370.8
23610007286000,5,3,2,238
23610007287000,6,2,4,421.2
23610007289000,8,3,5,435.2
23620006670000,2,1,1,0
23620006678000,2,2,0,0
23620006680000,9,4,5,468.9
23620006683000,1,1,0,0
23620006699000,7,3,4,317.1
23620006703000,3,2,1,0
23620006773000,6,3,3,151.8
23620006774000,11,5,6,411.4
23620006775000,2,1,1,0
23620006783000,1,1,0,0
23620006784000,1,0,1,0
23620006786000,3,2,1,0
23620006793000,1,0,1,0
23620006795000,1,1,0,0
23620007061000,6,4,2,189
23620007122000,7,3,4,175
23620007126000,4,3,1,0
23620007152000,52,26,26,2090.4
23620007153000,3,2,1,0
23620007159000,10,5,5,453
23620007160000,5,3,2,206
23620007162000,9,5,4,404.1
23620007207000,11,6,5,381.7
23620007208000,15,6,9,544.5
23620007220000,14,9,5,463.4
23620007223000,2,1,1,0
23620007235000,3,3,0,0
23620007236000,4,2,2,0
23620007284000,18,9,9,937.8
23620007287000,6,5,1,219
23620007288000,5,3,2,241
23620007289000,21,12,9,951.3
23620007290000,6,3,3,223.8
23620007301000,2,2,0,0
23620007310000,2,1,1,0
23620007311000,5,2,3,270
23630006698000,1,1,0,0
23630006712000,1,0,1,0
23630006722000,2,1,1,0
23630006772000,3,2,1,0
23630006781000,4,3,1,0
23630006788000,2,0,2,0
23630006797000,2,1,1,0
23630007061000,1,1,0,0
23630007121000,8,4,4,335.2
23630007122000,8,5,3,154.4
23630007127000,2,1,1,0
23630007151000,12,5,7,370.8
23630007152000,42,22,20,1932
23630007153000,11,5,6,597.3
23630007162000,4,2,2,0
23630007169000,5,3,2,87
23630007215000,1,1,0,0
23630007216000,2,1,1,0
23630007218000,2,1,1,0
23630007223000,1,1,0,0
23630007224000,11,5,6,563.2
23630007237000,3,1,2,0
23630007286000,8,3,5,256
23630007287000,4,2,2,0
23630007288000,12,5,7,530.4
23630007289000,6,3,3,315
23630007290000,11,4,7,410.3
23630007310000,1,0,1,0
23630007311000,10,5,5,646
23640006697000,5,3,2,297
23640006702000,2,1,1,0
23640006711000,1,0,1,0
23640006712000,2,1,1,0
23640006780000,5,3,2,195
23640006781000,1,1,0,0
23640006786000,58,30,28,2685.4
23640006787000,6,4,2,370.8
23640006793000,1,1,0,0
23640006794000,5,2,3,241
23640006795000,14,7,7,778.4
23640006797000,6,3,3,240
23640006798000,2,0,2,0
23640006799000,2,1,1,0
23640006801000,2,2,0,0
23640007122000,10,4,6,396
23640007128000,3,1,2,0
23640007129000,2,1,1,0
23640007150000,19,7,12,668.8
23640007151000,6,4,2,180
23640007152000,14,6,8,443.8
23640007153000,10,5,5,417
23640007161000,17,9,8,758.2
23640007162000,9,5,4,581.4
23640007226000,1,1,0,0
23640007231000,2,1,1,0
23640007232000,4,2,2,0
23640007237000,6,3,3,403.8
23640007238000,22,13,9,827.2
23640007239000,5,3,2,269
23640007257000,21,11,10,795.9
23640007258000,25,15,10,1187.5
23640007259000,14,7,7,726.6
23640007286000,3,2,1,0
23640007287000,1,1,0,0
23650006697000,2,1,1,0
23650006703000,1,0,1,0
23650006704000,9,4,5,441.9
23650006705000,1,1,0,0
23650006779000,7,5,2,235.9
23650006780000,21,11,10,884.1
23650006786000,4,3,1,0
23650006791000,4,2,2,0
23650006793000,8,3,5,190.4
23650006794000,3,1,2,0
23650006795000,2,1,1,0
23650006796000,3,1,2,0
23650006801000,7,3,4,494.2
23650007122000,32,17,15,1350.4
23650007123000,36,17,19,1490.4
23650007150000,12,7,5,334.8
23650007151000,23,12,11,1166.1
23650007152000,80,41,39,3640
23650007153000,5,3,2,231
23650007161000,19,11,8,777.1
23650007162000,7,4,3,249.2
23650007164000,11,7,4,445.5
23650007216000,2,1,1,0
23650007217000,3,1,2,0
23650007225000,5,2,3,210
23650007227000,2,2,0,0
23650007229000,8,4,4,315.2
23650007231000,20,11,9,780
23650007232000,14,11,3,474.6
23650007237000,4,2,2,0
23650007238000,13,9,4,397.8
23650007239000,14,9,5,567
23650007241000,15,7,8,301.5
23650007243000,5,4,1,262
23650007245000,6,4,2,292.2
23650007255000,3,1,2,0
23650007256000,2,2,0,0
23650007257000,50,24,26,1880
23650007258000,33,17,16,1428.9
23650007259000,4,2,2,0
23650007265000,1,1,0,0
23660006696000,8,6,2,376
23660006704000,5,3,2,369
23660006708000,3,2,1,0
23660006716000,2,1,1,0
23660006779000,5,3,2,116
23660006783000,2,1,1,0
23660006784000,17,9,8,586.5
23660006785000,15,8,7,829.5
23660006787000,1,0,1,0
23660006791000,3,1,2,0
23660006792000,5,3,2,298
23660006793000,23,12,11,1230.5
23660006794000,4,2,2,0
23660006821000,1,1,0,0
23660006827000,3,2,1,0
23660007121000,3,1,2,0
23660007122000,100,54,46,4140
23660007123000,15,7,8,640.5
23660007124000,12,7,5,435.6
23660007128000,5,3,2,327
23660007150000,15,7,8,682.5
23660007151000,20,11,9,926
23660007152000,184,94,90,6716
23660007164000,5,3,2,235
23660007165000,24,14,10,964.8
23660007166000,4,3,1,0
23660007205000,2,1,1,0
23660007206000,14,8,6,659.4
23660007207000,129,69,60,5160
23660007216000,8,4,4,575.2
23660007217000,3,2,1,0
23660007225000,2,1,1,0
23660007232000,19,9,10,801.8
23660007233000,2,1,1,0
23660007240000,11,5,6,366.3
23660007241000,25,11,14,945
23660007242000,34,20,14,1438.2
23660007243000,31,12,19,1159.4
23660007244000,2,1,1,0
23660007245000,17,9,8,1006.4
23660007246000,16,6,10,649.6
23660007247000,2,1,1,0
23660007248000,6,4,2,384
23660007257000,6,2,4,268.2
23660007258000,12,7,5,550.8
23660007259000,32,19,13,867.2
23660007260000,2,1,1,0
23660007266000,2,1,1,0
23660007286000,11,4,7,569.8
23660007331000,1,1,0,0
23670006698000,2,0,2,0
23670006776000,5,3,2,270
23670006777000,11,5,6,588.5
23670006781000,1,0,1,0
23670006782000,6,3,3,367.2
23670006783000,9,6,3,504
23670006786000,2,1,1,0
23670006793000,181,95,86,7873.5
23670006794000,15,10,5,637.5
23670006821000,9,4,5,674.1
23670006822000,6,4,2,357
23670006823000,7,3,4,468.3
23670006824000,3,1,2,0
23670006825000,4,3,1,0
23670006826000,4,2,2,0
23670006827000,12,6,6,501.6
23670007078000,1,1,0,0
23670007119000,2,1,1,0
23670007121000,37,20,17,1369
23670007122000,34,20,14,1472.2
23670007123000,2,1,1,0
23670007124000,7,4,3,287.7
23670007129000,13,6,7,490.1
23670007150000,12,6,6,392.4
23670007151000,4,2,2,0
23670007152000,1,1,0,0
23670007166000,2,1,1,0
23670007167000,21,12,9,1062.6
23670007203000,6,3,3,343.8
23670007206000,11,8,3,354.2
23670007207000,14,8,6,684.6
23670007209000,2,1,1,0
23670007211000,1,1,0,0
23670007213000,1,0,1,0
23670007225000,4,2,2,0
23670007226000,1,1,0,0
23670007231000,2,0,2,0
23670007232000,11,7,4,452.1
23670007237000,4,1,3,0
23670007238000,10,4,6,429
23670007239000,4,1,3,0
23670007241000,7,3,4,298.9
23670007242000,23,12,11,1048.8
23670007243000,20,10,10,682
23670007244000,42,19,23,1856.4
23670007245000,136,64,72,5072.8
23670007246000,80,44,36,3128
23670007258000,10,4,6,317
23670007261000,24,14,10,832.8
23670007262000,25,13,12,1042.5
23670007263000,238,127,111,8377.6
23670007264000,3,1,2,0
23670007286000,3,1,2,0
23670007287000,26,15,11,1287
23670007288000,12,2,10,535.2
23680006710000,11,5,6,416.9
23680006773000,5,1,4,139
23680006775000,5,1,4,141
23680006776000,2,2,0,0
23680006781000,2,1,1,0
23680006782000,8,4,4,479.2
23680006783000,5,2,3,229
23680006785000,13,8,5,656.5
23680006793000,8,4,4,392
23680006794000,3,2,1,0
23680006802000,1,1,0,0
23680006803000,5,2,3,223
23680006818000,4,2,2,0
23680007119000,9,5,4,228.6
23680007121000,16,9,7,710.4
23680007122000,4,1,3,0
23680007123000,9,4,5,376.2
23680007124000,1,1,0,0
23680007125000,7,3,4,434
23680007129000,11,5,6,467.5
23680007130000,3,2,1,0
23680007150000,36,21,15,1440
23680007151000,2,1,1,0
23680007152000,2,2,0,0
23680007163000,10,4,6,326
23680007167000,69,28,41,2663.4
23680007168000,17,10,7,605.2
23680007205000,5,4,1,170
23680007206000,8,3,5,259.2
23680007218000,2,2,0,0
23680007224000,2,1,1,0
23680007225000,16,8,8,814.4
23680007244000,8,4,4,540.8
23680007245000,132,52,80,6375.6
23680007246000,106,51,55,4695.8
23680007247000,10,6,4,359
23680007248000,3,1,2,0
23680007250000,1,1,0,0
23680007251000,15,7,8,514.5
23680007252000,21,11,10,1068.9
23680007253000,6,3,3,247.2
23680007254000,79,47,32,2772.9
23680007262000,11,7,4,655.6
23680007263000,258,126,132,8385
23680007264000,23,12,11,885.5
23680007278000,1,1,0,0
23680007287000,25,13,12,1130
23680007304000,1,1,0,0
23680007312000,13,7,6,673.4
23680007313000,26,16,10,1448.2
23680007379000,1,1,0,0
23680007485000,1,1,0,0
23690006772000,1,0,1,0
23690006773000,1,1,0,0
23690006774000,12,7,5,344.4
23690006783000,3,1,2,0
23690006795000,3,2,1,0
23690006801000,2,1,1,0
23690006816000,6,4,2,327
23690006817000,4,2,2,0
23690006818000,11,6,5,377.3
23690007120000,24,14,10,1101.6
23690007121000,1,0,1,0
23690007123000,32,16,16,937.6
23690007125000,26,13,13,1086.8
23690007129000,19,9,10,545.3
23690007130000,6,2,4,328.8
23690007149000,10,4,6,498
23690007150000,32,19,13,1494.4
23690007151000,27,16,11,853.2
23690007167000,16,8,8,878.4
23690007168000,42,24,18,1604.4
23690007169000,15,8,7,751.5
23690007204000,10,5,5,364
23690007205000,10,4,6,493
23690007206000,13,7,6,462.8
23690007217000,4,2,2,0
23690007225000,59,26,33,3062.1
23690007226000,34,18,16,1757.8
23690007234000,1,1,0,0
23690007245000,3,2,1,0
23690007246000,16,7,9,635.2
23690007248000,6,3,3,175.8
23690007249000,46,23,23,1729.6
23690007250000,11,7,4,448.8
23690007251000,52,24,28,2059.2
23690007252000,424,211,213,16832.8
23690007253000,35,19,16,1410.5
23690007254000,12,6,6,523.2
23690007261000,137,77,60,5411.5
23690007262000,46,23,23,2065.4
23690007263000,262,134,128,9117.6
23690007264000,111,58,53,3496.5
23690007281000,1,0,1,0
23690007282000,20,11,9,1162
23690007312000,1,1,0,0
23690007313000,10,5,5,666
23700006771000,19,14,5,868.3
23700006772000,20,8,12,1044
23700006792000,8,3,5,338.4
23700006799000,2,1,1,0
23700006801000,2,1,1,0
23700006815000,3,2,1,0
23700006816000,6,3,3,391.8
23700007075000,9,4,5,363.6
23700007120000,21,8,13,913.5
23700007121000,15,8,7,628.5
23700007122000,13,8,5,561.6
23700007125000,16,8,8,726.4
23700007126000,27,13,14,1096.2
23700007151000,250,116,134,14775
23700007152000,39,22,17,1466.4
23700007167000,2,1,1,0
23700007168000,58,27,31,2041.6
23700007169000,302,151,151,12955.8
23700007170000,80,40,40,3112
23700007171000,8,4,4,340
23700007205000,1,1,0,0
23700007217000,2,1,1,0
23700007223000,3,2,1,0
23700007224000,44,23,21,1474
23700007225000,124,61,63,5195.6
23700007226000,4,2,2,0
23700007229000,1,1,0,0
23700007230000,4,3,1,0
23700007233000,13,8,5,739.7
23700007244000,6,4,2,271.8
23700007245000,7,4,3,210.7
23700007247000,21,10,11,863.1
23700007248000,27,15,12,888.3
23700007249000,36,20,16,1573.2
23700007250000,6,2,4,334.8
23700007251000,48,21,27,2486.4
23700007252000,66,36,30,2864.4
23700007253000,27,14,13,1155.6
23700007256000,2,1,1,0
23700007257000,19,11,8,786.6
23700007262000,412,198,214,18746
23700007263000,968,442,526,42495.2
23700007264000,150,68,82,5655
23700007282000,2,1,1,0
23700007312000,22,9,13,1331
23700007313000,14,5,9,768.6
23700007378000,284,149,135,10564.8
23700007379000,84,42,42,3150
23710006791000,3,1,2,0
23710006798000,3,2,1,0
23710006799000,8,2,6,234.4
23710007077000,3,2,1,0
23710007120000,1,1,0,0
23710007122000,23,9,14,945.3
23710007124000,8,3,5,332.8
23710007125000,9,5,4,456.3
23710007126000,118,53,65,4861.6
23710007127000,8,4,4,463.2
23710007129000,30,17,13,1272
23710007136000,4,1,3,0
23710007144000,22,10,12,1003.2
23710007147000,13,8,5,548.6
23710007148000,15,9,6,658.5
23710007149000,75,44,31,3165
23710007150000,373,189,184,12458.2
23710007151000,272,138,134,11152
23710007152000,14,9,5,264.6
23710007153000,3,2,1,0
23710007154000,2,1,1,0
23710007169000,45,23,22,1741.5
23710007170000,28,14,14,1475.6
23710007171000,47,23,24,1851.8
23710007172000,6,2,4,247.2
23710007181000,19,8,11,592.8
23710007203000,8,3,5,507.2
23710007205000,3,2,1,0
23710007225000,24,14,10,1116
23710007226000,1,0,1,0
23710007231000,10,7,3,467
23710007232000,2,1,1,0
23710007233000,8,5,3,479.2
23710007241000,3,1,2,0
23710007242000,4,2,2,0
23710007244000,7,4,3,163.8
23710007245000,1,0,1,0
23710007247000,4,3,1,0
23710007248000,11,4,7,507.1
23710007249000,20,11,9,682
23710007250000,28,18,10,1131.2
23710007251000,4,1,3,0
23710007252000,9,3,6,485.1
23710007254000,31,16,15,1435.3
23710007258000,3,1,2,0
23710007263000,198,94,104,8375.4
23710007264000,1010,481,529,43026
23710007265000,636,304,332,25376.4
23710007266000,3,1,2,0
23710007312000,5,2,3,282
23710007313000,15,9,6,697.5
23710007378000,30,18,12,1080
23710007379000,8,4,4,475.2
23720006772000,1,1,0,0
23720006773000,6,3,3,313.8
23720006791000,18,10,8,1018.8
23720006799000,3,2,1,0
23720006811000,5,2,3,183
23720006813000,3,1,2,0
23720006814000,2,1,1,0
23720007125000,2,1,1,0
23720007126000,138,60,78,7162.2
23720007127000,277,135,142,12658.9
23720007128000,14,6,8,617.4
23720007129000,22,12,10,1161.6
23720007143000,1,1,0,0
23720007144000,16,8,8,537.6
23720007145000,6,4,2,255
23720007148000,2,1,1,0
23720007149000,125,60,65,5200
23720007150000,29,13,16,1026.6
23720007153000,5,3,2,194
23720007154000,6,3,3,328.2
23720007156000,1,1,0,0
23720007168000,2,1,1,0
23720007169000,15,6,9,570
23720007170000,17,9,8,860.2
23720007171000,4,2,2,0
23720007172000,3,2,1,0
23720007173000,2,1,1,0
23720007174000,18,8,10,691.2
23720007176000,11,6,5,357.5
23720007177000,5,3,2,114
23720007178000,5,4,1,157
23720007179000,4,2,2,0
23720007180000,3,2,1,0
23720007181000,3,1,2,0
23720007183000,8,5,3,392.8
23720007184000,7,2,5,280
23720007205000,5,4,1,174
23720007218000,1,1,0,0
23720007229000,12,6,6,396
23720007231000,13,10,3,526.5
23720007242000,20,9,11,908
23720007243000,1,0,1,0
23720007249000,5,3,2,233
23720007250000,28,15,13,1114.4
23720007251000,8,2,6,236.8
23720007252000,1,1,0,0
23720007253000,11,6,5,416.9
23720007254000,5,3,2,92
23720007255000,2,1,1,0
23720007259000,11,5,6,455.4
23720007263000,3,1,2,0
23720007264000,5,1,4,137
23720007265000,634,311,323,20731.8
23720007266000,587,285,302,20721.1
23720007267000,28,15,13,1030.4
23720007268000,2,1,1,0
23720007314000,4,1,3,0
23720007323000,2,1,1,0
23730006788000,12,7,5,427.2
23730006790000,1,1,0,0
23730006791000,16,7,9,1057.6
23730006809000,1,1,0,0
23730006810000,1,1,0,0
23730007124000,10,6,4,362
23730007125000,5,3,2,304
23730007126000,79,43,36,3681.4
23730007127000,114,64,50,4081.2
23730007128000,10,8,2,284
23730007129000,17,7,10,754.8
23730007156000,2,0,2,0
23730007157000,1,1,0,0
23730007171000,9,5,4,389.7
23730007176000,25,14,11,1090
23730007180000,1,0,1,0
23730007181000,2,0,2,0
23730007182000,17,8,9,498.1
23730007183000,3,1,2,0
23730007184000,9,3,6,270.9
23730007186000,2,2,0,0
23730007187000,6,2,4,202.8
23730007204000,9,5,4,523.8
23730007239000,5,2,3,251
23730007247000,7,4,3,301.7
23730007251000,12,6,6,582
23730007253000,10,5,5,331
23730007254000,26,14,12,852.8
23730007255000,24,16,8,890.4
23730007259000,2,1,1,0
23730007265000,28,18,10,1330
23730007266000,112,56,56,4256
23730007267000,30,15,15,885
23730007269000,25,14,11,910
23730007270000,9,3,6,394.2
23730007271000,29,17,12,1206.4
23730007272000,6,3,3,301.8
23730007304000,10,5,5,689
23730007305000,14,8,6,609
23730007318000,2,1,1,0
23730007323000,9,6,3,360
23730007324000,8,4,4,423.2
23730007380000,4,3,1,0
23730007381000,1,0,1,0
23740006773000,2,1,1,0
23740006790000,3,2,1,0
23740006809000,13,9,4,560.3
23740007077000,4,2,2,0
23740007124000,41,22,19,1377.6
23740007125000,5,3,2,154
23740007126000,56,27,29,2032.8
23740007127000,12,7,5,427.2
23740007130000,2,2,0,0
23740007158000,28,14,14,999.6
23740007159000,17,8,9,804.1
23740007180000,15,9,6,595.5
23740007182000,7,5,2,382.2
23740007183000,2,1,1,0
23740007189000,9,5,4,378.9
23740007239000,4,3,1,0
23740007252000,1,1,0,0
23740007253000,8,5,3,311.2
23740007254000,12,7,5,669.6
23740007255000,20,11,9,556
23740007256000,5,2,3,147
23740007259000,7,4,3,245.7
23740007260000,24,12,12,1000.8
23740007263000,2,1,1,0
23740007264000,3,2,1,0
23740007265000,3,3,0,0
23740007269000,12,7,5,705.6
23740007272000,4,3,1,0
23740007276000,3,1,2,0
23740007305000,20,8,12,786
23740007306000,12,6,6,630
23740007317000,18,10,8,732.6
23740007318000,5,3,2,289
23740007319000,18,11,7,631.8
23740007321000,36,16,20,1404
23740007322000,56,30,26,1937.6
23740007323000,25,14,11,1060
23740007325000,91,47,44,4222.4
23740007326000,4,2,2,0
23740007490000,12,5,7,426
23740007491000,18,10,8,1042.2
23750006806000,2,1,1,0
23750006807000,1,1,0,0
23750006808000,53,26,27,2660.6
23750006809000,8,5,3,266.4
23750007116000,1,1,0,0
23750007117000,3,2,1,0
23750007124000,8,5,3,234.4
23750007125000,9,5,4,236.7
23750007126000,15,7,8,685.5
23750007127000,19,9,10,832.2
23750007130000,7,3,4,359.1
23750007157000,12,6,6,556.8
23750007158000,48,23,25,1924.8
23750007159000,10,5,5,511
23750007165000,4,1,3,0
23750007189000,2,1,1,0
23750007190000,7,3,4,237.3
23750007219000,12,6,6,506.4
23750007220000,184,90,94,7525.6
23750007231000,1,1,0,0
23750007253000,5,3,2,208
23750007254000,12,7,5,411.6
23750007256000,3,2,1,0
23750007260000,7,4,3,303.1
23750007261000,5,1,4,203
23750007263000,8,5,3,404
23750007264000,28,17,11,1156.4
23750007265000,36,22,14,1051.2
23750007266000,28,8,20,926.8
23750007267000,6,3,3,370.2
23750007268000,9,4,5,201.6
23750007273000,16,8,8,577.6
23750007274000,22,12,10,686.4
23750007275000,17,9,8,904.4
23750007309000,4,2,2,0
23750007317000,24,12,12,1437.6
23750007318000,40,19,21,1632
23750007320000,4,3,1,0
23750007321000,64,33,31,2745.6
23750007325000,37,18,19,1990.6
23750007326000,9,5,4,279
23750007490000,31,17,14,1168.7
23750007491000,52,29,23,2116.4
23760006807000,71,28,43,3564.2
23760006808000,19,11,8,1141.9
23760007117000,11,7,4,578.6
23760007125000,4,3,1,0
23760007126000,13,6,7,513.5
23760007127000,50,27,23,1815
23760007128000,13,8,5,608.4
23760007156000,11,6,5,482.9
23760007157000,8,4,4,354.4
23760007158000,5,3,2,287
23760007201000,3,2,1,0
23760007220000,249,120,129,12997.8
23760007221000,9,4,5,533.7
23760007224000,7,4,3,300.3
23760007236000,6,3,3,271.2
23760007247000,2,2,0,0
23760007248000,4,3,1,0
23760007253000,4,2,2,0
23760007254000,7,3,4,179.9
23760007260000,11,6,5,512.6
23760007261000,13,8,5,443.3
23760007262000,4,2,2,0
23760007263000,20,15,5,636
23760007264000,77,40,37,3049.2
23760007265000,32,20,12,1072
23760007266000,25,12,13,1025
23760007267000,21,12,9,609
23760007268000,10,6,4,448
23760007273000,5,3,2,287
23760007275000,8,4,4,246.4
23760007285000,4,3,1,0
23760007309000,13,8,5,587.6
23760007317000,6,3,3,268.2
23760007318000,34,12,22,1482.4
23760007319000,160,88,72,5712
23760007320000,337,169,168,13513.7
23760007321000,148,84,64,5786.8
23760007322000,8,5,3,427.2
23760007325000,2,1,1,0
23760007326000,2,0,2,0
23760007491000,172,87,85,7894.8
23760007492000,43,19,24,1595.3
23770006790000,1,1,0,0
23770006806000,7,4,3,294
23770006807000,16,7,9,729.6
23770007117000,6,4,2,195
23770007125000,14,8,6,429.8
23770007126000,20,9,11,592
23770007128000,11,7,4,356.4
23770007130000,6,4,2,262.2
23770007157000,8,5,3,363.2
23770007160000,1,1,0,0
23770007194000,15,8,7,571.5
23770007195000,17,8,9,605.2
23770007199000,1,0,1,0
23770007220000,15,8,7,921
23770007221000,46,21,25,1996.4
23770007247000,8,4,4,359.2
23770007249000,2,1,1,0
23770007262000,25,14,11,1120
23770007263000,66,37,29,2098.8
23770007264000,7,5,2,371
23770007265000,63,27,36,2160.9
23770007266000,31,15,16,1240
23770007267000,2,1,1,0
23770007268000,2,1,1,0
23770007319000,6,3,3,165
23770007320000,120,55,65,5196
23770007321000,118,64,54,4755.4
23770007322000,58,32,26,2772.4
23770007325000,4,3,1,0
23770007326000,6,3,3,345
23770007337000,1,1,0,0
23770007387000,40,21,19,2324
23770007388000,16,11,5,870.4
23770007491000,49,25,24,2557.8
23770007492000,154,76,78,6221.6
23770007493000,16,10,6,796.8
23780006784000,11,7,4,753.5
23780006805000,9,3,6,452.7
23780006806000,12,6,6,558
23780007117000,5,1,4,144
23780007125000,8,4,4,444
23780007126000,23,12,11,1306.4
23780007128000,5,3,2,246
23780007129000,19,9,10,815.1
23780007135000,1,1,0,0
23780007147000,2,1,1,0
23780007160000,16,10,6,593.6
23780007161000,22,11,11,836
23780007194000,9,2,7,331.2
23780007195000,5,3,2,282
23780007196000,38,20,18,1797.4
23780007197000,14,9,5,711.2
23780007221000,15,5,10,664.5
23780007263000,2,1,1,0
23780007264000,15,8,7,580.5
23780007268000,2,1,1,0
23780007278000,5,3,2,303
23780007281000,9,6,3,363.6
23780007282000,3,2,1,0
23780007287000,7,6,1,324.1
23780007313000,16,10,6,681.6
23780007314000,8,4,4,542.4
23780007321000,8,5,3,340
23780007322000,69,37,32,2849.7
23780007323000,20,12,8,844
23780007325000,1,1,0,0
23780007336000,2,1,1,0
23780007338000,6,4,2,384
23780007492000,1,1,0,0
23780007493000,2,2,0,0
23790006784000,6,2,4,228
23790006791000,4,2,2,0
23790007126000,11,6,5,496.1
23790007127000,2,1,1,0
23790007129000,38,22,16,1569.4
23790007130000,9,5,4,368.1
23790007148000,8,3,5,348.8
23790007161000,50,29,21,2110
23790007162000,88,42,46,4347.2
23790007197000,5,1,4,220
23790007198000,4,2,2,0
23790007224000,4,2,2,0
23790007241000,6,4,2,334.2
23790007258000,2,1,1,0
23790007266000,2,1,1,0
23790007281000,2,1,1,0
23790007282000,14,10,4,604.8
23790007283000,10,7,3,496
23790007288000,2,0,2,0
23790007313000,2,1,1,0
23790007314000,21,13,8,1047.9
23790007315000,22,11,11,1100
23790007321000,2,1,1,0
23790007322000,3,2,1,0
23790007323000,7,4,3,441.7
23790007338000,2,1,1,0
23790007341000,5,2,3,269
23800006791000,2,1,1,0
23800006798000,1,1,0,0
23800007127000,6,2,4,276
23800007130000,50,28,22,2160
23800007161000,1,1,0,0
23800007162000,51,26,25,2427.6
23800007198000,2,1,1,0
23800007217000,1,0,1,0
23800007218000,4,1,3,0
23800007219000,4,2,2,0
23800007241000,6,4,2,256.8
23800007258000,2,1,1,0
23800007259000,24,13,11,1353.6
23800007265000,6,3,3,238.8
23800007266000,1,0,1,0
23800007267000,1,0,1,0
23800007284000,7,3,4,186.9
23800007285000,10,5,5,284
23800007286000,7,4,3,214.9
23800007287000,7,3,4,424.9
23800007288000,2,1,1,0
23800007295000,2,1,1,0
23800007314000,7,4,3,333.9
23800007323000,20,14,6,1014
23800007325000,5,3,2,206
23800007331000,25,13,12,930
23800007332000,10,3,7,502
23800007340000,2,1,1,0
23800007341000,13,6,7,669.5
23810006795000,6,4,2,249
23810007127000,2,1,1,0
23810007128000,22,11,11,1084.6
23810007129000,8,3,5,399.2
23810007130000,3,2,1,0
23810007131000,8,5,3,340
23810007134000,1,1,0,0
23810007162000,5,4,1,160
23810007163000,11,3,8,489.5
23810007164000,5,4,1,223
23810007217000,11,5,6,580.8
23810007222000,4,3,1,0
23810007252000,2,1,1,0
23810007254000,4,3,1,0
23810007257000,2,1,1,0
23810007258000,9,4,5,483.3
23810007259000,12,6,6,804
23810007264000,6,5,1,337.2
23810007265000,9,4,5,329.4
23810007286000,12,6,6,694.8
23810007287000,63,32,31,1978.2
23810007288000,28,14,14,1019.2
23810007289000,4,3,1,0
23810007295000,1,1,0,0
23810007296000,12,7,5,640.8
23810007302000,9,5,4,618.3
23810007310000,5,2,3,175
23810007311000,15,8,7,655.5
23810007331000,5,2,3,145
23810007332000,4,2,2,0
23810007362000,36,19,17,1004.4
23810007363000,309,168,141,9640.8
23820006793000,17,10,7,895.9
23820006794000,2,1,1,0
23820007128000,19,7,12,902.5
23820007130000,8,6,2,479.2
23820007131000,3,1,2,0
23820007132000,7,2,5,265.3
23820007133000,1,1,0,0
23820007163000,32,17,15,1171.2
23820007216000,6,3,3,214.2
23820007217000,4,2,2,0
23820007223000,54,29,25,1981.8
23820007248000,2,1,1,0
23820007256000,5,3,2,321
23820007287000,14,6,8,628.6
23820007288000,102,47,55,4875.6
23820007289000,37,18,19,1398.6
23820007291000,8,5,3,282.4
23820007296000,12,6,6,478.8
23820007301000,6,1,5,199.8
23820007302000,200,107,93,9620
23820007311000,3,2,1,0
23820007312000,4,3,1,0
23820007313000,19,10,9,754.3
23820007329000,3,2,1,0
23820007339000,1,1,0,0
23820007362000,8,4,4,312.8
23820007363000,123,69,54,4477.2
23830006793000,3,1,2,0
23830007130000,11,5,6,346.5
23830007149000,8,4,4,370.4
23830007162000,5,3,2,101
23830007164000,30,16,14,1191
23830007216000,8,5,3,436
23830007217000,5,3,2,239
23830007223000,8,3,5,356.8
23830007224000,15,8,7,604.5
23830007248000,19,10,9,416.1
23830007255000,4,2,2,0
23830007258000,3,2,1,0
23830007289000,11,5,6,592.9
23830007290000,23,13,10,1196
23830007296000,6,4,2,262.8
23830007298000,7,5,2,146.3
23830007299000,8,4,4,348
23830007303000,8,5,3,368.8
23830007307000,5,2,3,351
23830007313000,191,98,93,7296.2
23830007314000,1,1,0,0
23830007326000,5,4,1,135
23840007162000,1,1,0,0
23840007167000,10,6,4,356
23840007168000,16,9,7,702.4
23840007214000,23,11,12,903.9
23840007215000,15,7,8,841.5
23840007217000,15,9,6,466.5
23840007224000,3,2,1,0
23840007250000,8,5,3,356.8
23840007255000,1,1,0,0
23840007258000,3,1,2,0
23840007290000,9,5,4,369
23840007291000,8,5,3,319.2
23840007296000,2,1,1,0
23840007297000,15,9,6,601.5
23840007298000,14,4,10,627.2
23840007304000,1,0,1,0
23840007307000,27,13,14,1258.2
23840007308000,7,3,4,345.8
23840007310000,2,1,1,0
23840007313000,2,1,1,0
23840007314000,29,18,11,1574.7
23840007315000,23,12,11,1177.6
23840007316000,46,23,23,2125.2
23840007326000,11,8,3,623.7
23840007330000,2,1,1,0
23840007331000,15,10,5,490.5
23840007332000,19,10,9,763.8
23850007149000,1,0,1,0
23850007167000,3,2,1,0
23850007168000,5,2,3,339
23850007169000,1,1,0,0
23850007170000,2,1,1,0
23850007251000,5,3,2,71
23850007254000,1,0,1,0
23850007255000,6,2,4,228
23850007256000,52,19,33,1679.6
23850007260000,2,1,1,0
23850007291000,4,3,1,0
23850007292000,15,7,8,490.5
23850007298000,3,2,1,0
23850007307000,8,6,2,362.4
23850007308000,9,5,4,420.3
23850007311000,7,5,2,382.2
23850007314000,30,15,15,933
23850007315000,7,3,4,265.3
23850007316000,4,2,2,0
23850007317000,8,4,4,323.2
23850007318000,8,3,5,316.8
23850007331000,2,2,0,0
23850007332000,4,1,3,0
23850007333000,14,6,8,558.6
23850007334000,23,12,11,1120.1
23860007101000,1,1,0,0
23860007149000,1,1,0,0
23860007254000,9,4,5,444.6
23860007255000,148,66,82,6837.6
23860007256000,129,65,64,4760.1
23860007257000,7,3,4,217.7
23860007259000,3,2,1,0
23860007260000,2,1,1,0
23860007292000,2,1,1,0
23860007298000,2,1,1,0
23860007299000,5,2,3,272
23860007306000,6,3,3,301.2
23860007308000,3,2,1,0
23860007309000,2,1,1,0
23860007311000,3,1,2,0
23860007315000,2,1,1,0
23860007316000,20,9,11,718
23860007317000,17,8,9,557.6
23860007318000,4,2,2,0
23860007319000,3,2,1,0
23860007320000,5,3,2,283
23860007327000,13,7,6,444.6
23860007333000,13,9,4,640.9
23860007334000,215,109,106,7697
23860007335000,7,3,4,247.1
23860007336000,1,0,1,0
23860007343000,1,1,0,0
23870007172000,2,1,1,0
23870007255000,2,1,1,0
23870007258000,4,2,2,0
23870007259000,20,13,7,870
23870007267000,1,1,0,0
23870007294000,1,1,0,0
23870007299000,11,4,7,541.2
23870007300000,3,1,2,0
23870007301000,1,0,1,0
23870007310000,3,2,1,0
23870007311000,13,9,4,522.6
23870007317000,10,6,4,500
23870007318000,28,16,12,1184.4
23870007319000,30,15,15,1275
23870007320000,9,5,4,416.7
23870007321000,3,2,1,0
23870007327000,2,1,1,0
23870007328000,7,4,3,483.7
23870007333000,19,10,9,963.3
23870007334000,33,17,16,1250.7
23870007335000,5,3,2,192
23870007336000,1,0,1,0
23870007337000,14,9,5,707
23870007342000,11,7,4,416.9
23880007173000,7,3,4,224
23880007239000,2,2,0,0
23880007254000,22,14,8,924
23880007259000,35,15,20,1550.5
23880007269000,1,1,0,0
23880007294000,5,3,2,171
23880007295000,17,7,10,831.3
23880007311000,7,4,3,217.7
23880007319000,4,2,2,0
23880007320000,27,14,13,837
23880007321000,240,115,125,7608
23880007322000,200,96,104,7060
23880007328000,1,0,1,0
23880007333000,3,0,3,0
23880007337000,10,5,5,540
23880007341000,9,6,3,318.6
23880007344000,1,1,0,0
23880007406000,1,1,0,0
23890007173000,2,1,1,0
23890007245000,2,2,0,0
23890007253000,1,1,0,0
23890007254000,4,2,2,0
23890007256000,4,2,2,0
23890007257000,6,3,3,261
23890007288000,6,3,3,388.2
23890007291000,29,15,14,1363
23890007294000,2,1,1,0
23890007295000,1,0,1,0
23890007296000,2,1,1,0
23890007319000,17,9,8,926.5
23890007320000,13,6,7,834.6
23890007321000,48,28,20,1507.2
23890007322000,758,391,367,29183
23890007323000,18,6,12,736.2
23890007329000,6,2,4,378
23890007333000,2,1,1,0
23890007334000,1,1,0,0
23890007336000,15,7,8,619.5
23890007337000,28,16,12,1484
23890007340000,34,12,22,1703.4
23890007341000,59,29,30,2708.1
23890007342000,4,2,2,0
23890007344000,3,2,1,0
23890007345000,1,1,0,0
23890007407000,7,4,3,452.9
23900007184000,6,3,3,244.2
23900007185000,3,2,1,0
23900007241000,4,2,2,0
23900007243000,10,4,6,427
23900007244000,2,1,1,0
23900007245000,24,11,13,597.6
23900007246000,23,13,10,1048.8
23900007250000,2,1,1,0
23900007251000,2,1,1,0
23900007291000,5,1,4,212
23900007319000,3,1,2,0
23900007320000,20,10,10,706
23900007321000,32,12,20,1113.6
23900007322000,274,130,144,11782
23900007323000,890,446,444,38804
23900007329000,5,3,2,254
23900007330000,5,2,3,228
23900007331000,128,74,54,4710.4
23900007332000,3,1,2,0
23900007334000,1,1,0,0
23900007338000,8,5,3,472.8
23900007340000,15,8,7,832.5
23900007341000,91,43,48,3157.7
23900007345000,27,17,10,1258.2
23900007346000,1,1,0,0
23900007361000,1,0,1,0
23910007175000,6,3,3,369
23910007176000,4,3,1,0
23910007240000,5,2,3,309
23910007241000,4,2,2,0
23910007246000,22,9,13,638
23910007247000,7,3,4,181.3
23910007248000,13,7,6,418.6
23910007249000,3,2,1,0
23910007251000,7,4,3,266.7
23910007252000,1,1,0,0
23910007306000,5,3,2,364
23910007319000,5,1,4,107
23910007320000,2,1,1,0
23910007321000,17,8,9,720.8
23910007322000,146,74,72,5694
23910007323000,1054,497,557,44057.2
23910007324000,220,105,115,8976
23910007331000,1,1,0,0
23910007332000,17,10,7,899.3
23910007334000,8,4,4,318.4
23910007336000,6,3,3,187.2
23910007338000,2,1,1,0
23910007343000,1,1,0,0
23910007344000,25,15,10,855
23910007345000,19,10,9,1079.2
23910007346000,26,13,13,1292.2
23910007361000,2,1,1,0
23910007362000,94,41,53,4418
23920007238000,3,1,2,0
23920007239000,2,1,1,0
23920007243000,8,5,3,379.2
23920007246000,2,0,2,0
23920007248000,6,1,5,333
23920007249000,2,1,1,0
23920007252000,3,2,1,0
23920007320000,2,1,1,0
23920007321000,14,8,6,380.8
23920007322000,183,105,78,6588
23920007323000,939,488,451,35682
23920007324000,750,364,386,32850
23920007332000,6,3,3,274.8
23920007335000,4,2,2,0
23920007336000,14,8,6,578.2
23920007337000,1,1,0,0
23920007339000,68,25,43,3570
23920007340000,7,3,4,441.7
23920007341000,9,4,5,313.2
23920007342000,3,2,1,0
23920007343000,30,14,16,1299
23920007344000,11,7,4,357.5
23920007345000,21,11,10,1230.6
23920007346000,2,1,1,0
23920007362000,131,60,71,6288
23920007363000,31,18,13,1215.2
23930007176000,14,8,6,824.6
23930007239000,2,1,1,0
23930007248000,2,1,1,0
23930007302000,1,1,0,0
23930007303000,1,1,0,0
23930007323000,344,189,155,12384
23930007324000,87,45,42,2984.1
23930007342000,1,1,0,0
23930007343000,3,1,2,0
23930007362000,42,20,22,2226
23930007363000,3,2,1,0
23940007178000,16,9,7,566.4
23940007179000,2,1,1,0
23940007239000,5,2,3,350
23940007304000,1,1,0,0
23940007324000,8,5,3,332.8
23940007325000,5,3,2,282
23940007326000,4,3,1,0
23940007328000,7,2,5,170.8
23940007360000,2,2,0,0
23940007362000,1,1,0,0
23940007363000,4,2,2,0
23940007385000,10,5,5,408
23940007386000,11,5,6,492.8
23950007175000,3,2,1,0
23950007176000,1,0,1,0
23950007179000,7,3,4,335.3
23950007180000,2,1,1,0
23950007314000,3,2,1,0
23950007326000,119,58,61,3855.6
23950007327000,13,5,8,590.2
23950007328000,70,35,35,3227
23950007329000,15,7,8,454.5
23950007383000,2,1,1,0
23950007385000,21,12,9,896.7
23950007387000,44,24,20,1522.4
23950007388000,12,7,5,506.4
23960007174000,8,2,6,464
23960007180000,12,8,4,418.8
23960007238000,8,4,4,544
23960007239000,1,0,1,0
23960007280000,6,5,1,163.2
23960007282000,4,3,1,0
23960007314000,6,4,2,262.8
23960007326000,26,17,9,863.2
23960007327000,61,30,31,2610.8
23960007328000,19,11,8,444.6
23960007329000,2,1,1,0
23960007330000,4,2,2,0
23960007331000,1,1,0,0
23960007337000,6,3,3,205.2
23960007338000,4,2,2,0
23960007339000,7,3,4,363.3
23960007341000,6,4,2,240
23960007385000,1,1,0,0
23960007387000,16,8,8,748.8
23960007388000,2,1,1,0
23970007181000,53,25,28,2782.5
23970007182000,39,21,18,1875.9
23970007310000,4,2,2,0
23970007312000,2,1,1,0
23970007327000,12,6,6,346.8
23970007328000,10,6,4,527
23970007329000,4,2,2,0
23970007330000,2,0,2,0
23970007331000,9,5,4,345.6
23970007337000,4,2,2,0
23970007338000,36,17,19,1371.6
23970007340000,5,2,3,352
23970007341000,25,16,9,1120
23970007342000,1,1,0,0
23970007349000,2,1,1,0
23970007350000,1,1,0,0
23970007351000,2,1,1,0
23970007385000,3,1,2,0
23970007386000,4,3,1,0
23980007182000,11,5,6,481.8
23980007184000,4,2,2,0
23980007318000,1,0,1,0
23980007327000,25,13,12,1057.5
23980007328000,60,33,27,2616
23980007338000,2,1,1,0
23980007349000,2,1,1,0
23990007185000,6,4,2,205.2
23990007195000,8,4,4,312
23990007310000,6,3,3,223.2
23990007319000,20,10,10,1104
23990007327000,29,15,14,1061.4
23990007328000,16,9,7,668.8
23990007329000,5,3,2,210
23990007333000,9,4,5,405
23990007339000,18,7,11,628.2
23990007346000,44,25,19,1839.2
23990007348000,1,1,0,0
23990007349000,4,1,3,0
24000007310000,3,2,1,0
24000007317000,2,1,1,0
24000007319000,8,4,4,444
24000007327000,1,0,1,0
24000007328000,12,7,5,500.4
24000007329000,21,13,8,1066.8
24000007338000,3,2,1,0
24000007339000,17,7,10,941.8
24000007346000,5,4,1,172
24000007508000,2,1,1,0
24010007187000,1,1,0,0
24010007190000,1,0,1,0
24010007327000,11,5,6,594
24010007328000,2,1,1,0
24010007329000,9,4,5,367.2
24010007334000,4,3,1,0
24010007345000,2,1,1,0
24010007346000,7,3,4,326.9
24010007354000,2,1,1,0
24010007506000,36,16,20,1602
24010007507000,107,54,53,4376.3
24010007508000,41,25,16,1644.1
24010007510000,1,1,0,0
24020007172000,2,1,1,0
24020007173000,4,2,2,0
24020007245000,3,2,1,0
24020007246000,3,2,1,0
24020007317000,2,1,1,0
24020007318000,4,2,2,0
24020007320000,19,11,8,879.7
24020007327000,6,5,1,367.8
24020007329000,47,25,22,1847.1
24020007335000,7,4,3,518
24020007346000,3,1,2,0
24020007354000,1,1,0,0
24020007365000,9,5,4,234
24020007505000,14,6,8,565.6
24020007506000,132,68,64,5728.8
24020007507000,245,124,121,10069.5
24020007508000,1,1,0,0
24020007510000,24,12,12,1065.6
24030007172000,1,1,0,0
24030007328000,9,4,5,171
24030007329000,41,25,16,1373.5
24030007340000,4,3,1,0
24030007348000,5,2,3,362
24030007365000,104,51,53,4940
24030007367000,11,7,4,323.4
24030007368000,43,19,24,1668.4
24030007370000,4,2,2,0
24030007371000,2,1,1,0
24030007379000,2,1,1,0
24030007380000,4,2,2,0
24030007382000,1,1,0,0
24030007383000,1,1,0,0
24030007506000,140,71,69,5502
24030007510000,13,6,7,692.9
24040007246000,7,4,3,427.7
24040007311000,5,2,3,191
24040007319000,1,1,0,0
24040007321000,2,2,0,0
24040007323000,15,8,7,783
24040007327000,1,1,0,0
24040007328000,4,2,2,0
24040007329000,33,17,16,1640.1
24040007330000,1,1,0,0
24040007341000,6,4,2,250.8
24040007348000,2,1,1,0
24040007349000,2,1,1,0
24040007350000,1,1,0,0
24040007351000,1,0,1,0
24040007365000,47,23,24,2162
24040007366000,111,57,54,5083.8
24040007367000,30,17,13,1353
24040007368000,7,2,5,268.8
24040007379000,2,2,0,0
24040007382000,8,6,2,440.8
24040007383000,4,3,1,0
24040007384000,1,0,1,0
24050007192000,99,46,53,4197.6
24050007246000,12,7,5,678
24050007311000,5,3,2,319
24050007312000,1,1,0,0
24050007322000,6,4,2,285
24050007323000,25,12,13,1302.5
24050007327000,7,3,4,259
24050007328000,14,8,6,614.6
24050007329000,26,15,11,956.8
24050007330000,18,11,7,660.6
24050007365000,2,0,2,0
24050007366000,48,25,23,1862.4
24050007382000,1,0,1,0
24050007383000,2,1,1,0
24060007110000,2,2,0,0
24060007192000,14,7,7,571.2
24060007193000,15,7,8,516
24060007313000,3,1,2,0
24060007317000,1,1,0,0
24060007322000,2,1,1,0
24060007323000,6,2,4,106.8
24060007324000,5,1,4,240
24060007328000,331,163,168,13471.7
24060007329000,166,87,79,5627.4
24060007330000,18,8,10,554.4
24060007340000,4,2,2,0
24060007346000,4,2,2,0
24060007347000,2,1,1,0
24070007192000,5,3,2,127
24070007313000,1,1,0,0
24070007322000,9,4,5,522
24070007323000,12,5,7,397.2
24070007324000,34,17,17,1139
24070007325000,26,14,12,1092
24070007326000,1,1,0,0
24070007328000,210,106,104,8190
24070007329000,3,2,1,0
24070007341000,20,12,8,1092
24070007342000,23,10,13,1189.1
24070007343000,2,1,1,0
24070007347000,8,5,3,272
24080007190000,4,2,2,0
24080007192000,9,5,4,268.2
24080007195000,2,1,1,0
24080007196000,7,4,3,284.9
24080007199000,13,5,8,496.6
24080007200000,6,2,4,180
24080007323000,4,3,1,0
24080007324000,4,1,3,0
24080007325000,12,5,7,387.6
24080007326000,13,10,3,384.8
24080007328000,7,5,2,237.3
24080007329000,16,10,6,521.6
24080007342000,1,1,0,0
24080007343000,2,1,1,0
24080007344000,11,6,5,379.5
24080007349000,5,2,3,310
24080007366000,1,1,0,0
24080007372000,1,1,0,0
24080007386000,3,2,1,0
24080007387000,2,1,1,0
24090007169000,9,6,3,394.2
24090007170000,11,6,5,633.6
24090007199000,10,4,6,485
24090007200000,6,4,2,235.2
24090007326000,23,11,12,952.2
24090007327000,20,9,11,934
24090007329000,23,11,12,982.1
24090007338000,8,5,3,336.8
24090007347000,4,3,1,0
24090007375000,36,19,17,1425.6
24090007376000,24,12,12,672
24100007169000,5,3,2,319
24100007170000,2,1,1,0
24100007194000,2,1,1,0
24100007195000,5,3,2,85
24100007327000,5,3,2,214
24100007329000,20,12,8,1082
24100007330000,15,9,6,540
24100007342000,90,46,44,2988
24100007343000,561,272,289,23001
24100007347000,4,3,1,0
24100007351000,5,3,2,274
24100007358000,18,8,10,714.6
24100007359000,1,0,1,0
24100007385000,10,6,4,519
24110007195000,2,1,1,0
24110007196000,10,4,6,409
24110007315000,1,1,0,0
24110007328000,1,0,1,0
24110007329000,19,9,10,799.9
24110007330000,27,12,15,1171.8
24110007331000,4,2,2,0
24110007341000,9,4,5,468.9
24110007342000,191,100,91,6933.3
24110007343000,569,292,277,20427.1
24110007348000,5,2,3,316
24110007358000,29,14,15,1363
24110007359000,4,1,3,0
24110007378000,55,30,25,2898.5
24110007380000,4,2,2,0
24110007384000,14,6,8,673.4
24110007385000,8,4,4,272
24110007388000,2,2,0,0
24110007389000,29,16,13,983.1
24110007390000,22,9,13,787.6
24120007171000,5,3,2,162
24120007172000,2,1,1,0
24120007197000,7,3,4,391.3
24120007198000,10,7,3,404
24120007200000,6,3,3,162
24120007201000,131,66,65,6812
24120007202000,38,21,17,1546.6
24120007313000,6,3,3,375
24120007329000,4,2,2,0
24120007330000,17,8,9,579.7
24120007332000,12,6,6,506.4
24120007333000,5,2,3,305
24120007338000,8,4,4,380
24120007341000,4,2,2,0
24120007343000,6,4,2,151.8
24120007344000,4,4,0,0
24120007345000,8,4,4,420
24120007348000,6,4,2,307.2
24120007362000,3,2,1,0
24120007368000,2,2,0,0
24120007369000,2,1,1,0
24120007377000,20,10,10,980
24120007378000,19,11,8,927.2
24120007388000,2,1,1,0
24120007389000,8,5,3,263.2
24120007390000,17,10,7,605.2
24120007391000,5,2,3,217
24130007171000,19,8,11,919.6
24130007172000,2,1,1,0
24130007197000,8,4,4,286.4
24130007198000,7,3,4,301
24130007199000,22,13,9,968
24130007200000,6,3,3,202.2
24130007201000,47,24,23,2133.8
24130007202000,16,7,9,908.8
24130007203000,1,1,0,0
24130007308000,2,2,0,0
24130007313000,2,1,1,0
24130007314000,1,1,0,0
24130007330000,1,0,1,0
24130007332000,1,1,0,0
24130007333000,21,8,13,934.5
24130007338000,15,7,8,630
24130007341000,14,5,9,617.4
24130007345000,5,4,1,210
24130007349000,6,2,4,382.8
24130007362000,2,1,1,0
24130007369000,1,1,0,0
24130007376000,7,5,2,377.3
24130007392000,2,1,1,0
24140007200000,3,2,1,0
24140007201000,4,1,3,0
24140007202000,21,8,13,678.3
24140007203000,5,3,2,218
24140007204000,9,5,4,570.6
24140007277000,1,1,0,0
24140007279000,1,1,0,0
24140007314000,5,2,3,182
24140007315000,23,9,14,763.6
24140007331000,8,5,3,410.4
24140007333000,8,4,4,347.2
24140007338000,38,21,17,1767
24140007339000,6,3,3,312
24140007342000,27,15,12,1150.2
24140007345000,7,4,3,191.1
24140007346000,4,3,1,0
24140007347000,4,2,2,0
24140007349000,6,3,3,307.2
24140007350000,8,4,4,491.2
24140007356000,5,2,3,288
24140007363000,20,9,11,832
24140007376000,25,13,12,1112.5
24140007377000,2,1,1,0
24140007381000,1,1,0,0
24140007394000,36,15,21,1594.8
24140007395000,47,23,24,2265.4
24140007530000,4,2,2,0
24140007531000,4,4,0,0
24150007206000,6,4,2,240
24150007279000,9,6,3,449.1
24150007284000,3,1,2,0
24150007286000,2,1,1,0
24150007311000,20,11,9,912
24150007312000,39,20,19,1805.7
24150007313000,23,15,8,1000.5
24150007314000,25,12,13,1552.5
24150007315000,78,44,34,3619.2
24150007316000,5,2,3,217
24150007339000,6,3,3,283.8
24150007347000,7,6,1,342.3
24150007348000,1,1,0,0
24150007349000,12,6,6,476.4
24150007351000,2,1,1,0
24150007357000,5,2,3,174
24150007363000,2,1,1,0
24150007364000,25,11,14,1257.5
24150007365000,14,7,7,491.4
24150007366000,2,1,1,0
24150007371000,3,0,3,0
24150007374000,2,1,1,0
24150007375000,6,3,3,217.2
24150007376000,44,20,24,1993.2
24150007377000,58,27,31,2801.4
24150007378000,1,0,1,0
24150007394000,20,8,12,768
24150007395000,50,21,29,1835
24150007530000,68,42,26,2917.2
24150007531000,37,21,16,1909.2
24150007540000,2,1,1,0
24160007179000,2,2,0,0
24160007297000,12,8,4,450
24160007298000,1,1,0,0
24160007306000,24,13,11,787.2
24160007307000,40,21,19,1288
24160007310000,95,50,45,3847.5
24160007311000,41,23,18,1685.1
24160007315000,21,15,6,798
24160007316000,36,18,18,1767.6
24160007317000,4,3,1,0
24160007348000,18,9,9,725.4
24160007358000,3,1,2,0
24160007359000,1,1,0,0
24160007364000,46,24,22,2456.4
24160007365000,11,9,2,536.8
24160007376000,24,14,10,1032
24160007531000,129,64,65,5856.6
24160007532000,11,9,2,531.3
24160007539000,2,1,1,0
24160007542000,1,0,1,0
24160007543000,3,1,2,0
24170007209000,4,3,1,0
24170007210000,11,6,5,302.5
24170007211000,9,4,5,493.2
24170007288000,1,0,1,0
24170007298000,14,7,7,694.4
24170007299000,10,5,5,285
24170007300000,25,15,10,885
24170007301000,43,25,18,1535.1
24170007302000,1070,527,543,54142
24170007303000,1040,538,502,46904
24170007304000,622,327,295,23760.4
24170007305000,604,331,273,26153.2
24170007306000,1459,749,710,53837.1
24170007307000,280,139,141,8316
24170007308000,35,15,20,1386
24170007309000,3,2,1,0
24170007310000,28,19,9,884.8
24170007311000,3,1,2,0
24170007316000,34,15,19,1462
24170007317000,23,12,11,1225.9
24170007318000,5,3,2,178
24170007340000,10,5,5,410
24170007349000,22,11,11,816.2
24170007350000,6,3,3,262.8
24170007358000,15,10,5,439.5
24170007359000,1,1,0,0
24170007365000,29,17,12,1397.8
24170007366000,18,11,7,1033.2
24170007368000,9,5,4,294.3
24170007369000,3,2,1,0
24170007370000,4,1,3,0
24170007372000,1,1,0,0
24170007373000,4,3,1,0
24170007531000,42,21,21,1890
24170007532000,213,108,105,9755.4
24170007533000,27,14,13,1593
24170007543000,1,1,0,0
24180007151000,5,2,3,248
24180007213000,16,9,7,550.4
24180007288000,2,1,1,0
24180007289000,2,2,0,0
24180007290000,14,6,8,666.4
24180007291000,20,12,8,664
24180007292000,46,21,25,1853.8
24180007293000,2,1,1,0
24180007294000,3,1,2,0
24180007295000,28,14,14,1324.4
24180007296000,26,14,12,1229.8
24180007297000,11,6,5,530.2
24180007298000,13,7,6,531.7
24180007299000,15,7,8,558
24180007300000,234,129,105,9196.2
24180007301000,1453,727,726,62188.4
24180007302000,812,390,422,39382
24180007303000,744,362,382,30504
24180007304000,191,93,98,8060.2
24180007305000,202,101,101,8484
24180007306000,141,73,68,5527.2
24180007307000,11,5,6,597.3
24180007315000,29,12,17,1081.7
24180007316000,23,13,10,1127
24180007317000,26,13,13,1006.2
24180007318000,165,83,82,5692.5
24180007349000,8,3,5,435.2
24180007350000,6,5,1,262.8
24180007351000,17,10,7,452.2
24180007364000,6,4,2,297
24180007366000,2,1,1,0
24180007372000,4,2,2,0
24180007373000,39,22,17,1903.2
24180007532000,1,0,1,0
24180007533000,27,16,11,1117.8
24180007539000,1,1,0,0
24180007540000,2,1,1,0
24190007151000,6,4,2,217.8
24190007213000,1,1,0,0
24190007214000,3,2,1,0
24190007285000,7,6,1,422.8
24190007286000,5,2,3,335
24190007288000,3,2,1,0
24190007293000,12,7,5,366
24190007294000,39,18,21,1482
24190007295000,14,6,8,555.8
24190007296000,33,19,14,752.4
24190007298000,2,2,0,0
24190007299000,4,3,1,0
24190007301000,807,375,432,33087
24190007302000,234,119,115,7113.6
24190007305000,13,5,8,425.1
24190007306000,6,4,2,379.8
24190007307000,17,9,8,436.9
24190007308000,35,20,15,1022
24190007315000,1,1,0,0
24190007317000,55,30,25,1435.5
24190007318000,17,8,9,596.7
24190007319000,9,5,4,318.6
24190007320000,2,1,1,0
24190007351000,7,4,3,431.9
24190007384000,9,3,6,234
24190007535000,2,2,0,0
24190007536000,185,96,89,8954
24190007537000,121,65,56,5203
24190007548000,1,1,0,0
24200007154000,3,2,1,0
24200007215000,1,1,0,0
24200007216000,5,2,3,308
24200007217000,2,1,1,0
24200007218000,13,4,9,652.6
24200007279000,2,2,0,0
24200007280000,2,2,0,0
24200007282000,1,0,1,0
24200007284000,10,7,3,581
24200007285000,5,3,2,260
24200007287000,3,1,2,0
24200007288000,6,3,3,148.2
24200007293000,7,4,3,245.7
24200007296000,3,1,2,0
24200007297000,11,5,6,466.4
24200007298000,9,4,5,491.4
24200007299000,17,7,10,566.1
24200007300000,12,6,6,387.6
24200007301000,68,37,31,2760.8
24200007302000,5,3,2,191
24200007303000,9,4,5,528.3
24200007304000,9,5,4,339.3
24200007305000,35,21,14,1288
24200007308000,19,13,6,575.7
24200007309000,16,11,5,862.4
24200007311000,7,5,2,179.9
24200007312000,2,1,1,0
24200007318000,31,17,14,914.5
24200007319000,5,2,3,114
24200007320000,22,12,10,930.6
24200007341000,8,5,3,448
24200007351000,2,1,1,0
24200007371000,2,1,1,0
24200007372000,22,12,10,1218.8
24200007375000,18,11,7,721.8
24200007376000,41,19,22,1365.3
24200007377000,27,13,14,1169.1
24200007378000,5,1,4,256
24200007393000,5,1,4,241
24200007536000,25,14,11,930
24200007537000,94,47,47,3647.2
24210007153000,18,9,9,743.4
24210007178000,6,4,2,373.2
24210007181000,4,2,2,0
24210007218000,3,1,2,0
24210007219000,8,5,3,563.2
24210007221000,4,3,1,0
24210007278000,7,4,3,324.8
24210007279000,6,5,1,186
24210007288000,2,1,1,0
24210007289000,4,2,2,0
24210007290000,20,11,9,592
24210007293000,7,4,3,238
24210007294000,10,7,3,408
24210007296000,3,3,0,0
24210007300000,7,3,4,212.1
24210007301000,78,39,39,3065.4
24210007302000,22,11,11,996.6
24210007303000,39,19,20,1517.1
24210007304000,61,30,31,2580.3
24210007305000,7,5,2,352.1
24210007309000,55,31,24,2431
24210007311000,50,26,24,1635
24210007312000,14,8,6,680.4
24210007319000,4,3,1,0
24210007321000,3,2,1,0
24210007322000,10,5,5,265
24210007372000,8,5,3,422.4
24210007375000,6,1,5,249
24210007387000,2,2,0,0
24210007389000,5,3,2,178
24210007392000,2,1,1,0
24210007396000,14,9,5,680.4
24210007410000,27,12,15,1320.3
24210007537000,8,4,4,356.8
24210007538000,37,17,20,1535.5
24210007549000,1,1,0,0
24220007153000,5,2,3,381
24220007224000,1,0,1,0
24220007225000,1,1,0,0
24220007248000,2,1,1,0
24220007276000,1,0,1,0
24220007277000,5,3,2,312
24220007278000,1,1,0,0
24220007300000,23,13,10,890.1
24220007301000,34,19,15,1329.4
24220007302000,24,17,7,823.2
24220007303000,16,9,7,609.6
24220007304000,36,21,15,1191.6
24220007309000,16,8,8,528
24220007310000,63,33,30,2646
24220007311000,40,20,20,1512
24220007312000,29,14,15,925.1
24220007319000,2,1,1,0
24220007320000,2,1,1,0
24220007321000,2,1,1,0
24220007322000,2,1,1,0
24220007323000,6,2,4,282
24220007387000,2,1,1,0
24220007390000,4,2,2,0
24220007395000,26,13,13,1136.2
24220007410000,80,42,38,3424
24220007549000,4,2,2,0
24220007550000,1,0,1,0
24220007551000,1,1,0,0
24220007552000,8,6,2,346.4
24220007553000,11,5,6,290.4
24220007554000,32,13,19,1225.6
24220007555000,1,1,0,0
24230007147000,2,1,1,0
24230007151000,5,2,3,191
24230007152000,8,4,4,448.8
24230007153000,3,3,0,0
24230007186000,15,7,8,664.5
24230007226000,2,1,1,0
24230007227000,12,5,7,638.4
24230007228000,16,8,8,881.6
24230007229000,9,3,6,500.4
24230007234000,1,0,1,0
24230007251000,2,1,1,0
24230007275000,12,6,6,434.4
24230007276000,2,2,0,0
24230007297000,6,3,3,166.2
24230007298000,9,6,3,258.3
24230007299000,4,2,2,0
24230007300000,10,5,5,397
24230007309000,6,4,2,234
24230007310000,38,20,18,1425
24230007312000,12,9,3,483.6
24230007319000,11,8,3,320.1
24230007320000,2,1,1,0
24230007321000,4,1,3,0
24230007322000,10,6,4,426
24230007323000,11,5,6,466.4
24230007324000,8,4,4,284.8
24230007325000,6,4,2,208.2
24230007341000,5,3,2,202
24230007373000,2,1,1,0
24230007374000,2,1,1,0
24230007375000,4,2,2,0
24230007389000,6,5,1,151.8
24230007390000,17,7,10,379.1
24230007391000,1,1,0,0
24230007392000,4,1,3,0
24230007399000,5,2,3,139
24230007400000,2,1,1,0
24230007401000,14,6,8,523.6
24230007402000,8,3,5,232
24230007404000,16,8,8,622.4
24230007405000,5,2,3,99
24230007543000,7,5,2,387.1
24230007544000,16,7,9,905.6
24230007545000,15,8,7,841.5
24230007546000,27,14,13,1317.6
24230007548000,4,1,3,0
24230007550000,3,1,2,0
24230007552000,32,16,16,1596.8
24230007553000,96,47,49,4272
24230007554000,22,12,10,853.6
24240007152000,10,5,5,450
24240007183000,4,2,2,0
24240007193000,15,10,5,714
24240007224000,2,2,0,0
24240007252000,1,0,1,0
24240007255000,4,2,2,0
24240007299000,2,1,1,0
24240007300000,5,2,3,259
24240007301000,19,10,9,921.5
24240007310000,7,4,3,392
24240007312000,4,2,2,0
24240007319000,1,0,1,0
24240007324000,8,3,5,294.4
24240007325000,13,6,7,435.5
24240007342000,1,0,1,0
24240007375000,3,1,2,0
24240007376000,6,3,3,273
24240007377000,6,2,4,361.8
24240007389000,36,21,15,1306.8
24240007390000,103,55,48,3512.3
24240007392000,9,3,6,402.3
24240007398000,5,3,2,228
24240007399000,31,15,16,1193.5
24240007400000,38,17,21,1489.6
24240007401000,6,2,4,219
24240007404000,1,1,0,0
24240007544000,13,9,4,510.9
24240007545000,8,4,4,239.2
24240007546000,30,17,13,1104
24240007553000,3,1,2,0
24240007555000,2,1,1,0
24250007146000,4,2,2,0
24250007149000,4,2,2,0
24250007152000,11,6,5,478.5
24250007172000,2,1,1,0
24250007183000,16,5,11,612.8
24250007193000,3,1,2,0
24250007229000,2,1,1,0
24250007255000,5,2,3,185
24250007256000,6,3,3,340.2
24250007257000,12,7,5,565.2
24250007258000,49,27,22,2396.1
24250007259000,7,2,5,207.2
24250007260000,16,6,10,699.2
24250007261000,16,9,7,628.8
24250007265000,3,1,2,0
24250007266000,1,1,0,0
24250007267000,20,10,10,1162
24250007268000,23,11,12,1400.7
24250007269000,305,159,146,14091
24250007270000,27,15,12,1368.9
24250007271000,14,9,5,572.6
24250007274000,17,7,10,894.2
24250007275000,33,18,15,1491.6
24250007276000,1,0,1,0
24250007300000,10,6,4,421
24250007301000,15,9,6,559.5
24250007302000,3,2,1,0
24250007303000,27,13,14,766.8
24250007309000,7,1,6,273
24250007310000,3,1,2,0
24250007312000,6,3,3,313.8
24250007319000,10,5,5,433
24250007325000,8,4,4,322.4
24250007326000,16,9,7,593.6
24250007343000,11,6,5,445.5
24250007390000,4,2,2,0
24250007391000,2,1,1,0
24250007398000,18,10,8,752.4
24250007399000,11,7,4,293.7
24250007402000,3,2,1,0
24250007404000,2,1,1,0
24250007405000,1,0,1,0
24250007544000,46,22,24,2189.6
24250007545000,22,12,10,743.6
24260007148000,3,2,1,0
24260007149000,5,2,3,167
24260007152000,5,2,3,247
24260007229000,2,1,1,0
24260007236000,1,1,0,0
24260007237000,4,1,3,0
24260007258000,11,7,4,352
24260007260000,14,7,7,694.4
24260007268000,297,155,142,12444.3
24260007269000,167,96,71,6429.5
24260007270000,4,2,2,0
24260007271000,7,2,5,254.1
24260007272000,11,8,3,515.9
24260007273000,17,11,6,552.5
24260007274000,30,15,15,1431
24260007275000,1,0,1,0
24260007276000,1,1,0,0
24260007303000,11,6,5,407
24260007308000,3,1,2,0
24260007309000,33,15,18,1478.4
24260007312000,2,1,1,0
24260007320000,7,3,4,259
24260007327000,5,1,4,162
24260007328000,1,1,0,0
24260007343000,8,5,3,350.4
24260007344000,42,21,21,1575
24260007345000,5,3,2,278
24260007357000,4,2,2,0
24260007358000,5,3,2,363
24260007391000,15,5,10,643.5
24260007398000,8,4,4,276
24260007399000,8,5,3,204
24260007404000,7,2,5,258.3
24260007549000,9,4,5,438.3
24260007550000,40,19,21,1640
24260007551000,7,3,4,259
24260007553000,83,42,41,3519.2
24260007554000,124,52,72,5270
24260007555000,48,22,26,2184
24270007147000,9,6,3,431.1
24270007152000,12,6,6,540
24270007171000,1,1,0,0
24270007172000,6,4,2,178.2
24270007179000,4,2,2,0
24270007239000,1,1,0,0
24270007268000,29,17,12,640.9
24270007277000,4,2,2,0
24270007278000,4,2,2,0
24270007303000,1,0,1,0
24270007309000,34,16,18,1135.6
24270007311000,1,1,0,0
24270007312000,22,11,11,1045
24270007313000,1,1,0,0
24270007314000,47,30,17,2143.2
24270007315000,14,5,9,649.6
24270007320000,1,1,0,0
24270007328000,6,3,3,397.2
24270007343000,5,3,2,341
24270007344000,16,10,6,726.4
24270007345000,6,4,2,307.8
24270007358000,2,2,0,0
24270007391000,2,1,1,0
24270007392000,4,3,1,0
24270007399000,1,1,0,0
24270007404000,9,4,5,394.2
24270007407000,1,1,0,0
24270007408000,26,17,9,790.4
24270007412000,23,13,10,1492.7
24270007548000,17,10,7,899.3
24270007549000,27,19,8,1225.8
24270007554000,12,5,7,536.4
24270007555000,21,7,14,1184.4
24280007147000,4,1,3,0
24280007150000,5,1,4,130
24280007158000,2,1,1,0
24280007171000,1,1,0,0
24280007172000,3,1,2,0
24280007258000,4,1,3,0
24280007259000,4,2,2,0
24280007260000,3,2,1,0
24280007268000,3,2,1,0
24280007279000,5,2,3,204
24280007307000,13,6,7,318.5
24280007308000,52,25,27,1934.4
24280007309000,5,2,3,171
24280007310000,9,4,5,456.3
24280007311000,11,5,6,297
24280007313000,2,0,2,0
24280007316000,5,2,3,123
24280007317000,6,4,2,217.8
24280007320000,3,1,2,0
24280007321000,22,11,11,748
24280007328000,8,5,3,379.2
24280007344000,2,2,0,0
24280007345000,2,1,1,0
24280007358000,4,2,2,0
24280007391000,1,0,1,0
24280007397000,7,3,4,251.3
24280007398000,10,4,6,559
24280007401000,4,3,1,0
24280007402000,4,2,2,0
24280007407000,1,1,0,0
24280007408000,22,14,8,717.2
24280007413000,1,1,0,0
24290007150000,8,4,4,270.4
24290007156000,1,0,1,0
24290007196000,1,1,0,0
24290007268000,9,4,5,412.2
24290007306000,1,0,1,0
24290007307000,4,2,2,0
24290007308000,9,5,4,381.6
24290007309000,4,2,2,0
24290007318000,4,3,1,0
24290007319000,17,9,8,795.6
24290007320000,1,1,0,0
24290007321000,7,3,4,406
24290007322000,5,3,2,317
24290007323000,6,3,3,175.2
24290007327000,25,11,14,1427.5
24290007328000,39,18,21,1716
24290007354000,3,2,1,0
24290007357000,8,5,3,412
24290007359000,3,2,1,0
24290007393000,3,1,2,0
24290007397000,4,3,1,0
24290007398000,25,15,10,960
24290007399000,18,10,8,889.2
24290007402000,8,6,2,334.4
24290007412000,45,25,20,1678.5
24290007413000,19,7,12,948.1
24290007553000,18,8,10,916.2
24290007555000,4,2,2,0
24290007558000,7,2,5,214.9
24290007559000,20,9,11,1298
24300007150000,20,11,9,838
24300007156000,4,2,2,0
24300007169000,4,3,1,0
24300007304000,3,2,1,0
24300007305000,28,15,13,1024.8
24300007307000,6,3,3,243
24300007322000,2,1,1,0
24300007323000,16,6,10,523.2
24300007324000,6,3,3,364.8
24300007328000,19,11,8,718.2
24300007329000,12,7,5,609.6
24300007330000,9,5,4,421.2
24300007341000,1,0,1,0
24300007342000,2,1,1,0
24300007353000,1,1,0,0
24300007354000,6,2,4,243
24300007357000,2,1,1,0
24300007359000,20,11,9,1114
24300007397000,28,15,13,868
24300007398000,99,51,48,4009.5
24300007399000,5,3,2,140
24300007401000,2,2,0,0
24300007407000,7,3,4,434
24300007408000,2,1,1,0
24300007409000,21,10,11,812.7
24300007411000,16,10,6,374.4
24300007412000,45,23,22,1831.5
24300007413000,14,7,7,533.4
24300007414000,4,2,2,0
24300007547000,16,7,9,718.4
24300007552000,10,4,6,278
24300007553000,5,3,2,280
24300007555000,8,4,4,352
24300007557000,2,1,1,0
24300007559000,54,30,24,1706.4
24310007121000,12,6,6,526.8
24310007134000,2,1,1,0
24310007149000,29,14,15,1241.2
24310007194000,4,1,3,0
24310007196000,158,77,81,6730.8
24310007197000,56,32,24,2514.4
24310007205000,6,3,3,235.2
24310007245000,3,2,1,0
24310007267000,4,2,2,0
24310007303000,4,2,2,0
24310007305000,5,2,3,120
24310007324000,4,3,1,0
24310007330000,1,1,0,0
24310007331000,1,0,1,0
24310007341000,2,1,1,0
24310007354000,7,2,5,336.7
24310007356000,9,3,6,316.8
24310007359000,3,2,1,0
24310007390000,3,1,2,0
24310007396000,1,1,0,0
24310007397000,39,19,20,1602.9
24310007401000,20,10,10,992
24310007402000,1,1,0,0
24310007407000,7,4,3,151.9
24310007408000,26,12,14,728
24310007409000,88,48,40,3370.4
24310007412000,5,2,3,281
24310007423000,9,3,6,413.1
24310007424000,10,5,5,665
24310007547000,15,7,8,684
24310007552000,2,2,0,0
24310007556000,33,17,16,1554.3
24310007557000,16,8,8,784
24310007562000,1,1,0,0
24320007121000,12,6,6,559.2
24320007134000,3,2,1,0
24320007148000,43,19,24,2025.3
24320007149000,176,81,95,8870.4
24320007155000,4,2,2,0
24320007176000,4,2,2,0
24320007196000,24,10,14,900
24320007199000,5,3,2,253
24320007243000,5,3,2,101
24320007246000,1,0,1,0
24320007267000,22,11,11,937.2
24320007303000,1,1,0,0
24320007323000,4,2,2,0
24320007324000,3,2,1,0
24320007325000,10,3,7,281
24320007354000,47,22,25,1720.2
24320007356000,8,3,5,415.2
24320007396000,2,1,1,0
24320007397000,27,13,14,1285.2
24320007399000,2,1,1,0
24320007400000,33,17,16,1900.8
24320007401000,8,5,3,428
24320007405000,2,1,1,0
24320007407000,5,2,3,262
24320007408000,1,1,0,0
24320007413000,4,2,2,0
24320007422000,3,1,2,0
24320007423000,5,2,3,352
24320007424000,1,0,1,0
24320007557000,1,0,1,0
24320007558000,15,9,6,478.5
24320007561000,11,6,5,744.7
24330007120000,1,0,1,0
24330007139000,1,1,0,0
24330007146000,2,1,1,0
24330007147000,13,8,5,621.4
24330007155000,4,3,1,0
24330007169000,3,1,2,0
24330007192000,1,0,1,0
24330007197000,3,1,2,0
24330007202000,1,1,0,0
24330007207000,21,10,11,926.1
24330007243000,4,1,3,0
24330007266000,2,1,1,0
24330007267000,9,3,6,236.7
24330007325000,10,5,5,726
24330007347000,2,1,1,0
24330007349000,4,1,3,0
24330007353000,21,11,10,802.2
24330007354000,18,8,10,523.8
24330007355000,2,1,1,0
24330007356000,12,5,7,553.2
24330007400000,9,6,3,482.4
24330007403000,9,4,5,374.4
24330007408000,6,4,2,142.8
24330007409000,3,1,2,0
24330007412000,2,0,2,0
24330007413000,4,2,2,0
24330007558000,58,26,32,2221.4
24340007120000,12,7,5,363.6
24340007129000,14,7,7,590.8
24340007130000,22,13,9,919.6
24340007146000,14,6,8,565.6
24340007147000,1,1,0,0
24340007155000,10,6,4,529
24340007170000,1,1,0,0
24340007186000,5,4,1,256
24340007189000,8,5,3,292
24340007190000,5,2,3,218
24340007250000,3,2,1,0
24340007266000,5,2,3,119
24340007267000,2,1,1,0
24340007299000,5,3,2,228
24340007326000,5,2,3,235
24340007327000,5,3,2,354
24340007328000,1,1,0,0
24340007329000,8,4,4,306.4
24340007330000,17,9,8,807.5
24340007331000,5,3,2,229
24340007332000,43,20,23,2085.5
24340007350000,8,4,4,408
24340007353000,43,24,19,1844.7
24340007354000,5,3,2,258
24340007355000,7,5,2,352.1
24340007402000,1,0,1,0
24340007403000,44,19,25,1958
24340007408000,66,36,30,2494.8
24340007409000,42,18,24,2226
24340007410000,33,16,17,1541.1
24340007412000,8,4,4,298.4
24340007413000,2,1,1,0
24340007558000,80,41,39,3408
24340007560000,4,2,2,0
24340007561000,10,7,3,331
24350007128000,5,4,1,169
24350007129000,5,4,1,128
24350007141000,9,5,4,361.8
24350007143000,1,1,0,0
24350007147000,19,9,10,752.4
24350007173000,8,3,5,266.4
24350007174000,5,3,2,111
24350007185000,18,11,7,786.6
24350007186000,7,3,4,331.1
24350007248000,2,2,0,0
24350007251000,2,1,1,0
24350007260000,3,3,0,0
24350007266000,1,1,0,0
24350007324000,3,2,1,0
24350007326000,6,2,4,160.8
24350007327000,6,4,2,226.8
24350007333000,1,1,0,0
24350007334000,2,0,2,0
24350007344000,3,2,1,0
24350007351000,7,3,4,266
24350007352000,12,6,6,471.6
24350007353000,103,49,54,3749.2
24350007354000,22,10,12,794.2
24350007355000,11,8,3,445.5
24350007379000,2,1,1,0
24350007395000,12,3,9,421.2
24350007403000,25,14,11,1125
24350007406000,9,4,5,597.6
24350007407000,187,89,98,7966.2
24350007408000,19,7,12,784.7
24350007409000,26,13,13,1045.2
24350007410000,21,8,13,911.4
24350007425000,13,6,7,300.3
24350007558000,118,57,61,5085.8
24350007559000,25,11,14,1015
24360007127000,3,2,1,0
24360007147000,12,7,5,548.4
24360007154000,4,1,3,0
24360007155000,14,10,4,547.4
24360007169000,2,1,1,0
24360007170000,11,7,4,367.4
24360007172000,10,4,6,397
24360007260000,2,1,1,0
24360007261000,13,8,5,530.4
24360007266000,2,2,0,0
24360007322000,9,6,3,370.8
24360007324000,1,1,0,0
24360007326000,3,2,1,0
24360007334000,5,3,2,218
24360007335000,8,6,2,546.4
24360007349000,1,1,0,0
24360007350000,1,1,0,0
24360007352000,4,2,2,0
24360007353000,144,80,64,6192
24360007354000,8,3,5,226.4
24360007392000,4,3,1,0
24360007393000,3,1,2,0
24360007401000,3,2,1,0
24360007402000,73,42,31,2971.1
24360007403000,200,101,99,8220
24360007404000,56,34,22,2100
24360007406000,42,21,21,1537.2
24360007407000,12,7,5,421.2
24360007410000,2,1,1,0
24360007413000,13,7,6,481
24360007424000,14,7,7,652.4
24360007425000,1,1,0,0
24360007553000,2,2,0,0
24360007554000,2,0,2,0
24360007555000,37,23,14,1572.5
24360007556000,11,6,5,451
24360007557000,3,2,1,0
24370007117000,9,4,5,353.7
24370007124000,7,2,5,289.8
24370007126000,33,19,14,1224.3
24370007147000,3,2,1,0
24370007154000,5,3,2,186
24370007155000,12,5,7,526.8
24370007156000,7,3,4,408.1
24370007167000,3,1,2,0
24370007168000,5,3,2,254
24370007169000,25,13,12,1227.5
24370007184000,5,1,4,205
24370007196000,12,6,6,777.6
24370007197000,2,1,1,0
24370007254000,1,1,0,0
24370007255000,3,3,0,0
24370007256000,10,7,3,426
24370007257000,1,0,1,0
24370007261000,2,1,1,0
24370007262000,6,5,1,327
24370007267000,1,1,0,0
24370007274000,2,1,1,0
24370007325000,6,4,2,295.8
24370007345000,512,257,255,23705.6
24370007353000,15,8,7,555
24370007393000,2,2,0,0
24370007401000,4,3,1,0
24370007402000,29,14,15,1191.9
24370007403000,153,67,86,5446.8
24370007404000,12,3,9,460.8
24370007406000,38,20,18,1387
24370007410000,5,2,3,357
24370007421000,17,9,8,984.3
24370007424000,2,1,1,0
24370007425000,1,1,0,0
24370007555000,1,1,0,0
24370007556000,8,4,4,428.8
24370007557000,28,15,13,1218
24370007558000,20,10,10,812
24370007563000,2,1,1,0
24380007117000,5,3,2,95
24380007125000,12,7,5,618
24380007126000,2,2,0,0
24380007147000,22,12,10,908.6
24380007155000,2,1,1,0
24380007169000,1,0,1,0
24380007196000,5,2,3,229
24380007255000,4,2,2,0
24380007257000,4,2,2,0
24380007258000,3,2,1,0
24380007260000,5,3,2,227
24380007261000,3,2,1,0
24380007269000,2,2,0,0
24380007343000,10,5,5,465
24380007345000,586,288,298,24963.6
24380007346000,139,72,67,5143
24380007352000,11,5,6,451
24380007353000,7,4,3,203.7
24380007400000,2,1,1,0
24380007403000,10,6,4,397
24380007404000,5,2,3,136
24380007406000,5,3,2,197
24380007410000,26,13,13,1599
24380007421000,10,4,6,424
24380007422000,71,37,34,2556
24380007550000,2,2,0,0
24380007551000,68,32,36,2522.8
24380007552000,67,35,32,2432.1
24380007553000,6,4,2,228
24380007556000,97,44,53,4054.6
24380007557000,169,78,91,6050.2
24380007558000,35,15,20,1771
24380007559000,16,6,10,462.4
24380007560000,7,3,4,205.8
24380007562000,6,3,3,271.8
24380007566000,1,0,1,0
24380007567000,21,7,14,829.5
24390007117000,2,2,0,0
24390007124000,4,2,2,0
24390007125000,39,16,23,1532.7
24390007154000,4,3,1,0
24390007174000,2,0,2,0
24390007176000,3,2,1,0
24390007181000,1,1,0,0
24390007195000,2,1,1,0
24390007261000,1,1,0,0
24390007266000,7,3,4,242.9
24390007267000,2,2,0,0
24390007268000,5,2,3,295
24390007343000,43,23,20,1388.9
24390007344000,9,5,4,572.4
24390007345000,13,5,8,704.6
24390007346000,7,4,3,405.3
24390007353000,13,5,8,669.5
24390007403000,9,3,6,272.7
24390007404000,3,2,1,0
24390007406000,9,4,5,399.6
24390007410000,4,3,1,0
24390007419000,2,1,1,0
24390007421000,57,27,30,1898.1
24390007422000,90,48,42,3420
24390007423000,45,21,24,1962
24390007424000,6,4,2,283.8
24390007551000,338,175,163,12776.4
24390007552000,355,185,170,13596.5
24390007553000,119,65,54,3474.8
24390007554000,101,56,45,3989.5
24390007555000,91,52,39,3685.5
24390007556000,517,252,265,19387.5
24390007557000,550,256,294,21230
24390007558000,105,55,50,4221
24390007559000,56,25,31,2240
24390007560000,36,16,20,1242
24390007561000,11,5,6,590.7
24390007563000,5,2,3,261
24390007565000,16,11,5,582.4
24400007124000,43,25,18,1917.8
24400007154000,11,6,5,453.2
24400007176000,8,5,3,284
24400007195000,10,6,4,454
24400007264000,1,0,1,0
24400007267000,1,0,1,0
24400007269000,4,1,3,0
24400007340000,1,1,0,0
24400007341000,4,1,3,0
24400007345000,1,1,0,0
24400007346000,5,4,1,314
24400007347000,3,2,1,0
24400007353000,19,8,11,720.1
24400007378000,2,1,1,0
24400007400000,1,1,0,0
24400007404000,2,1,1,0
24400007405000,5,3,2,152
24400007406000,16,7,9,454.4
24400007416000,1,0,1,0
24400007418000,2,1,1,0
24400007419000,4,2,2,0
24400007420000,11,7,4,640.2
24400007421000,120,60,60,5196
24400007422000,86,40,46,3285.2
24400007423000,3,2,1,0
24400007552000,1,1,0,0
24400007553000,7,4,3,368.2
24400007554000,3,2,1,0
24400007555000,26,15,11,1292.2
24400007556000,234,116,118,9406.8
24400007558000,38,22,16,1668.2
24400007559000,5,3,2,238
24400007562000,7,3,4,405.3
24400007563000,5,4,1,249
24410007123000,7,4,3,252.7
24410007195000,3,2,1,0
24410007340000,1,1,0,0
24410007346000,1,0,1,0
24410007347000,9,4,5,378.9
24410007353000,7,3,4,345.1
24410007378000,2,2,0,0
24410007404000,12,8,4,439.2
24410007405000,15,8,7,726
24410007406000,16,7,9,899.2
24410007414000,2,2,0,0
24410007415000,4,2,2,0
24410007418000,27,13,14,1007.1
24410007419000,3,1,2,0
24410007421000,26,12,14,785.2
24410007422000,20,12,8,970
24410007558000,141,56,85,4751.7
24410007559000,595,264,331,25704
24410007560000,18,9,9,997.2
24410007561000,25,11,14,845
24410007563000,9,4,5,282.6
24410007564000,38,16,22,1626.4
24410007565000,5,4,1,187
24410007570000,6,4,2,192
24410007573000,20,14,6,1090
24420007122000,17,8,9,829.6
24420007123000,14,9,5,427
24420007145000,2,1,1,0
24420007146000,1,1,0,0
24420007154000,7,4,3,252
24420007272000,2,1,1,0
24420007306000,1,1,0,0
24420007340000,7,3,4,254.8
24420007341000,4,3,1,0
24420007349000,3,2,1,0
24420007351000,4,2,2,0
24420007353000,25,14,11,1095
24420007401000,4,3,1,0
24420007404000,5,2,3,273
24420007410000,1,1,0,0
24420007415000,12,7,5,535.2
24420007416000,2,1,1,0
24420007417000,7,3,4,191.1
24420007418000,111,50,61,4739.7
24420007421000,22,13,9,851.4
24420007422000,24,15,9,1255.2
24420007425000,3,2,1,0
24420007426000,1,1,0,0
24420007558000,74,44,30,2937.8
24420007559000,664,326,338,28751.2
24420007560000,568,298,270,20902.4
24420007561000,38,22,16,1535.2
24420007562000,19,12,7,885.4
24420007563000,11,7,4,534.6
24420007564000,9,6,3,524.7
24420007565000,4,0,4,0
24420007571000,15,8,7,688.5
24430007116000,6,2,4,394.2
24430007117000,9,4,5,456.3
24430007118000,6,4,2,355.8
24430007120000,10,5,5,287
24430007121000,6,3,3,345
24430007122000,105,47,58,4515
24430007148000,2,1,1,0
24430007154000,16,9,7,606.4
24430007196000,1,1,0,0
24430007308000,3,1,2,0
24430007309000,6,5,1,363
24430007341000,8,5,3,400
24430007347000,1,0,1,0
24430007349000,12,4,8,465.6
24430007351000,10,5,5,513
24430007352000,21,9,12,737.1
24430007353000,15,9,6,615
24430007399000,2,1,1,0
24430007404000,2,2,0,0
24430007410000,2,1,1,0
24430007414000,59,29,30,2802.5
24430007415000,227,113,114,9624.8
24430007416000,161,80,81,6762
24430007417000,446,229,217,21541.8
24430007418000,477,238,239,19604.7
24430007421000,1,1,0,0
24430007422000,20,10,10,670
24430007425000,29,14,15,925.1
24430007426000,1,0,1,0
24430007552000,12,3,9,435.6
24430007553000,9,5,4,380.7
24430007554000,10,5,5,370
24430007555000,40,23,17,1808
24430007556000,30,13,17,1233
24430007557000,94,47,47,3600.2
24430007558000,32,19,13,1139.2
24430007559000,604,305,299,23978.8
24430007560000,482,220,262,16195.2
24430007561000,281,151,130,9441.6
24430007562000,76,37,39,2720.8
24430007563000,38,21,17,1428.8
24430007564000,19,11,8,741
24430007566000,6,3,3,103.8
24430007570000,50,21,29,1665
24430007571000,33,17,16,1135.2
24440007116000,59,31,28,2672.7
24440007195000,4,2,2,0
24440007283000,4,2,2,0
24440007306000,10,6,4,544
24440007316000,3,2,1,0
24440007317000,1,1,0,0
24440007326000,2,1,1,0
24440007339000,4,1,3,0
24440007341000,21,11,10,756
24440007349000,2,1,1,0
24440007351000,2,1,1,0
24440007353000,21,11,10,1257.9
24440007404000,27,15,12,982.8
24440007414000,154,85,69,6098.4
24440007415000,86,46,40,3250.8
24440007416000,182,92,90,7389.2
24440007417000,7,3,4,466.2
24440007418000,21,9,12,705.6
24440007421000,6,3,3,145.2
24440007422000,15,7,8,606
24440007425000,32,18,14,1564.8
24440007426000,4,2,2,0
24440007428000,2,0,2,0
24440007554000,14,6,8,707
24440007555000,32,16,16,1171.2
24440007556000,42,21,21,1743
24440007558000,62,34,28,2008.8
24440007559000,52,22,30,1804.4
24440007560000,33,17,16,1564.2
24440007561000,18,11,7,567
24440007564000,106,58,48,3349.6
24440007565000,37,21,16,1246.9
24440007566000,36,15,21,1375.2
24440007567000,6,5,1,286.2
24440007570000,53,24,29,1680.1
24440007571000,16,9,7,580.8
24450007111000,6,1,5,240
24450007112000,2,1,1,0
24450007115000,35,20,15,1403.5
24450007116000,7,3,4,319.2
24450007195000,7,4,3,436.1
24450007274000,7,3,4,303.8
24450007283000,3,2,1,0
24450007284000,6,3,3,283.8
24450007307000,2,2,0,0
24450007308000,27,15,12,1169.1
24450007309000,27,13,14,1258.2
24450007310000,59,31,28,2684.5
24450007311000,5,3,2,177
24450007312000,1,1,0,0
24450007313000,2,1,1,0
24450007314000,2,1,1,0
24450007325000,4,3,1,0
24450007326000,76,43,33,2112.8
24450007327000,12,6,6,639.6
24450007328000,150,78,72,6510
24450007329000,91,48,43,3913
24450007330000,20,12,8,832
24450007331000,9,4,5,450.9
24450007332000,26,13,13,826.8
24450007333000,12,5,7,439.2
24450007334000,13,8,5,650
24450007335000,10,7,3,390
24450007336000,13,8,5,534.3
24450007337000,7,5,2,434.7
24450007338000,9,6,3,388.8
24450007340000,35,17,18,1484
24450007341000,276,145,131,10736.4
24450007342000,59,31,28,2076.8
24450007344000,3,2,1,0
24450007350000,3,1,2,0
24450007352000,14,6,8,579.6
24450007353000,12,6,6,504
24450007402000,3,1,2,0
24450007404000,15,9,6,640.5
24450007405000,4,2,2,0
24450007408000,1,0,1,0
24450007413000,139,68,71,5573.9
24450007414000,155,81,74,5812.5
24450007415000,16,7,9,728
24450007416000,48,24,24,1713.6
24450007417000,5,2,3,146
24450007422000,5,2,3,213
24450007425000,5,2,3,313
24450007426000,36,20,16,1616.4
24450007465000,20,10,10,720
24450007555000,17,8,9,788.8
24450007556000,3,1,2,0
24450007560000,12,7,5,513.6
24450007561000,3,2,1,0
24450007564000,1,0,1,0
24450007565000,39,19,20,1388.4
24450007566000,60,34,26,2142
24450007567000,27,16,11,1115.1
24450007568000,6,4,2,124.8
24450007570000,68,29,39,2250.8
24450007571000,26,11,15,891.8
24450007577000,59,29,30,2820.2
24460007111000,2,1,1,0
24460007150000,5,2,3,279
24460007273000,9,5,4,428.4
24460007274000,2,2,0,0
24460007309000,2,1,1,0
24460007310000,62,33,29,3044.2
24460007311000,8,4,4,467.2
24460007324000,1,1,0,0
24460007325000,4,3,1,0
24460007326000,7,4,3,375.2
24460007327000,5,4,1,350
24460007328000,206,110,96,8281.2
24460007329000,231,107,124,11434.5
24460007330000,17,10,7,525.3
24460007331000,21,9,12,546
24460007333000,5,3,2,313
24460007334000,7,4,3,266.7
24460007335000,34,19,15,1455.2
24460007336000,22,11,11,954.8
24460007340000,13,7,6,591.5
24460007341000,9,5,4,177.3
24460007343000,2,1,1,0
24460007344000,4,2,2,0
24460007351000,4,2,2,0
24460007352000,11,6,5,412.5
24460007353000,5,3,2,197
24460007401000,2,1,1,0
24460007402000,14,9,5,589.4
24460007404000,4,2,2,0
24460007413000,140,70,70,6384
24460007414000,2,1,1,0
24460007417000,5,2,3,173
24460007449000,1,1,0,0
24460007450000,3,2,1,0
24460007553000,5,3,2,234
24460007554000,3,2,1,0
24460007555000,57,26,31,2952.6
24460007556000,47,23,24,2373.5
24460007566000,26,13,13,873.6
24460007567000,29,15,14,1238.3
24460007569000,4,1,3,0
24460007570000,38,17,21,1402.2
24460007571000,38,21,17,1402.2
24460007577000,14,8,6,625.8
24470007109000,4,3,1,0
24470007152000,4,3,1,0
24470007196000,2,1,1,0
24470007273000,3,2,1,0
24470007274000,2,1,1,0
24470007285000,9,4,5,251.1
24470007307000,2,1,1,0
24470007308000,4,2,2,0
24470007309000,8,4,4,272
24470007310000,4,2,2,0
24470007311000,2,1,1,0
24470007316000,2,2,0,0
24470007320000,4,2,2,0
24470007321000,3,2,1,0
24470007322000,7,5,2,226.8
24470007323000,46,24,22,1959.6
24470007324000,10,6,4,513
24470007325000,7,4,3,256.9
24470007327000,18,9,9,622.8
24470007328000,10,4,6,373
24470007329000,176,89,87,8659.2
24470007330000,45,20,25,1944
24470007331000,9,3,6,518.4
24470007333000,4,2,2,0
24470007335000,28,15,13,1212.4
24470007336000,349,181,168,12145.2
24470007337000,122,63,59,5782.8
24470007338000,25,11,14,835
24470007344000,5,3,2,263
24470007351000,13,7,6,531.7
24470007353000,2,1,1,0
24470007401000,10,6,4,343
24470007402000,5,2,3,112
24470007404000,1,1,0,0
24470007411000,67,38,29,2733.6
24470007417000,2,1,1,0
24470007427000,5,1,4,324
24470007428000,18,9,9,829.8
24470007450000,5,3,2,345
24470007451000,1,1,0,0
24470007554000,8,5,3,247.2
24470007555000,12,5,7,373.2
24470007556000,1,0,1,0
24470007558000,7,4,3,270.9
24470007559000,9,4,5,459
24470007560000,41,20,21,1845
24470007566000,14,7,7,866.6
24470007567000,44,22,22,1628
24470007568000,64,35,29,2752
24470007569000,49,30,19,1724.8
24470007573000,17,9,8,792.2
24470007574000,9,4,5,531
24470007575000,3,2,1,0
24480007108000,1,0,1,0
24480007152000,2,1,1,0
24480007283000,7,3,4,301
24480007286000,8,3,5,244.8
24480007302000,4,1,3,0
24480007306000,5,3,2,196
24480007307000,1,1,0,0
24480007308000,1,1,0,0
24480007310000,1,1,0,0
24480007311000,80,47,33,3328
24480007312000,3,2,1,0
24480007313000,1,0,1,0
24480007322000,20,12,8,846
24480007323000,13,7,6,530.4
24480007329000,49,26,23,1700.3
24480007330000,2,1,1,0
24480007336000,13,7,6,314.6
24480007337000,21,8,13,1064.7
24480007338000,8,4,4,326.4
24480007344000,2,1,1,0
24480007345000,6,2,4,214.2
24480007401000,6,3,3,391.8
24480007427000,31,16,15,1351.6
24480007558000,13,6,7,484.9
24480007559000,32,19,13,1526.4
24480007560000,42,19,23,1650.6
24480007561000,14,8,6,449.4
24480007569000,54,26,28,2289.6
24480007570000,164,83,81,6609.2
24480007571000,40,18,22,1716
24490007107000,2,1,1,0
24490007110000,3,2,1,0
24490007113000,3,2,1,0
24490007275000,10,7,3,423
24490007276000,5,3,2,104
24490007277000,4,2,2,0
24490007278000,4,3,1,0
24490007301000,2,2,0,0
24490007313000,4,2,2,0
24490007321000,9,4,5,335.7
24490007329000,28,18,10,1223.6
24490007337000,7,3,4,193.2
24490007346000,4,2,2,0
24490007368000,4,4,0,0
24490007371000,3,2,1,0
24490007372000,2,1,1,0
24490007402000,5,2,3,260
24490007417000,1,1,0,0
24490007556000,36,18,18,1933.2
24490007557000,10,5,5,517
24490007558000,5,1,4,230
24490007559000,2,1,1,0
24490007560000,54,33,21,2133
24490007561000,22,10,12,712.8
24490007569000,10,6,4,510
24490007570000,9,4,5,398.7
24490007571000,86,37,49,3414.2
24490007572000,64,30,34,2432
24490007574000,4,2,2,0
24490007575000,1,1,0,0
24500007109000,24,16,8,667.2
24500007277000,2,1,1,0
24500007278000,6,3,3,189
24500007294000,1,1,0,0
24500007306000,7,5,2,280
24500007307000,4,2,2,0
24500007321000,12,8,4,580.8
24500007328000,4,3,1,0
24500007329000,2,1,1,0
24500007337000,2,0,2,0
24500007346000,23,14,9,784.3
24500007350000,9,5,4,461.7
24500007367000,1,1,0,0
24500007370000,4,3,1,0
24500007402000,1,1,0,0
24500007560000,3,2,1,0
24500007561000,14,7,7,583.8
24500007569000,5,5,0,232
24500007572000,11,4,7,313.5
24500007573000,18,7,11,860.4
24500007575000,1,1,0,0
24510007108000,8,4,4,472
24510007196000,4,2,2,0
24510007255000,4,3,1,0
24510007275000,2,1,1,0
24510007276000,4,2,2,0
24510007278000,2,1,1,0
24510007288000,12,7,5,513.6
24510007289000,1,1,0,0
24510007305000,4,2,2,0
24510007321000,6,4,2,319.2
24510007328000,12,6,6,403.2
24510007337000,13,6,7,405.6
24510007346000,2,1,1,0
24510007351000,1,0,1,0
24510007353000,7,3,4,340.9
24510007368000,1,1,0,0
24510007401000,1,0,1,0
24510007402000,2,1,1,0
24510007556000,15,9,6,694.5
24510007557000,186,101,85,6789
24510007558000,495,230,265,21829.5
24510007559000,101,50,51,4040
24510007560000,19,7,12,642.2
24510007562000,2,2,0,0
24510007564000,2,2,0,0
24510007565000,3,1,2,0
24510007570000,1,0,1,0
24510007571000,4,1,3,0
24510007572000,45,24,21,2340
24510007573000,1,1,0,0
24520007104000,2,1,1,0
24520007108000,3,2,1,0
24520007114000,17,8,9,579.7
24520007253000,17,10,7,722.5
24520007254000,21,12,9,802.2
24520007255000,20,10,10,380
24520007256000,3,2,1,0
24520007275000,4,1,3,0
24520007297000,14,8,6,483
24520007306000,5,4,1,120
24520007327000,3,1,2,0
24520007328000,4,2,2,0
24520007337000,6,4,2,387
24520007338000,8,4,4,438.4
24520007346000,4,2,2,0
24520007347000,1,1,0,0
24520007354000,30,15,15,1248
24520007368000,1,0,1,0
24520007402000,1,1,0,0
24520007432000,2,0,2,0
24520007476000,77,37,40,2864.4
24520007478000,3,2,1,0
24520007556000,4,1,3,0
24520007557000,213,114,99,9009.9
24520007558000,74,38,36,3463.2
24520007559000,34,16,18,1482.4
24520007560000,25,15,10,1100
24520007563000,1,1,0,0
24520007564000,2,1,1,0
24520007569000,12,5,7,654
24520007570000,6,3,3,274.2
24520007571000,33,17,16,1501.5
24520007572000,3,2,1,0
24520007574000,2,2,0,0
24520007577000,3,1,2,0
24530007108000,3,2,1,0
24530007114000,1,1,0,0
24530007115000,6,3,3,163.2
24530007151000,7,5,2,275.8
24530007251000,11,5,6,500.5
24530007252000,4,2,2,0
24530007253000,21,11,10,779.1
24530007254000,2,1,1,0
24530007256000,6,4,2,253.8
24530007257000,2,1,1,0
24530007267000,4,2,2,0
24530007273000,4,1,3,0
24530007274000,5,3,2,252
24530007275000,289,143,146,13409.6
24530007276000,8,3,5,396
24530007306000,18,9,9,655.2
24530007327000,9,4,5,414
24530007328000,4,3,1,0
24530007338000,15,8,7,628.5
24530007347000,23,14,9,1069.5
24530007348000,18,9,9,736.2
24530007349000,126,69,57,5770.8
24530007350000,1,0,1,0
24530007354000,66,36,30,2541
24530007356000,4,2,2,0
24530007357000,37,20,17,1509.6
24530007367000,12,7,5,541.2
24530007410000,30,17,13,1110
24530007411000,327,159,168,13930.2
24530007476000,1,1,0,0
24530007477000,1,1,0,0
24530007564000,3,1,2,0
24530007565000,1,1,0,0
24530007566000,19,12,7,708.7
24530007569000,3,2,1,0
24530007575000,12,4,8,601.2
24530007576000,4,4,0,0
24530007577000,35,19,16,1361.5
24530007578000,25,11,14,1395
24530007579000,1,1,0,0
24530007580000,1,1,0,0
24540007114000,5,2,3,338
24540007251000,5,2,3,266
24540007252000,1,1,0,0
24540007259000,1,0,1,0
24540007260000,5,4,1,337
24540007261000,4,3,1,0
24540007263000,5,3,2,323
24540007264000,7,3,4,307.3
24540007265000,3,2,1,0
24540007266000,2,1,1,0
24540007268000,5,3,2,262
24540007272000,8,5,3,358.4
24540007273000,11,5,6,810.7
24540007274000,251,132,119,10441.6
24540007275000,95,46,49,4560
24540007276000,7,6,1,244.3
24540007277000,4,3,1,0
24540007298000,2,1,1,0
24540007306000,5,2,3,329
24540007307000,5,5,0,306
24540007327000,7,3,4,268.1
24540007347000,90,45,45,2979
24540007348000,182,92,90,7443.8
24540007349000,2,1,1,0
24540007350000,35,15,20,1354.5
24540007354000,20,11,9,1006
24540007355000,34,17,17,1380.4
24540007357000,20,10,10,620
24540007363000,2,0,2,0
24540007410000,205,105,100,7810.5
24540007411000,455,231,224,15788.5
24540007427000,11,7,4,543.4
24540007432000,3,2,1,0
24540007446000,31,17,14,1150.1
24540007447000,2,1,1,0
24540007479000,3,2,1,0
24540007565000,8,3,5,272.8
24540007566000,4,3,1,0
24540007570000,13,6,7,340.6
24540007574000,3,2,1,0
24540007575000,4,2,2,0
24540007577000,1,1,0,0
24540007578000,3,1,2,0
24540007580000,1,1,0,0
24550007112000,4,2,2,0
24550007249000,1,1,0,0
24550007251000,2,1,1,0
24550007258000,8,4,4,414.4
24550007262000,4,2,2,0
24550007263000,7,4,3,319.9
24550007267000,21,11,10,672
24550007274000,2,1,1,0
24550007275000,10,6,4,309
24550007276000,11,7,4,514.8
24550007277000,24,11,13,988.8
24550007278000,1,1,0,0
24550007279000,6,2,4,286.8
24550007306000,8,3,5,148
24550007326000,9,5,4,551.7
24550007337000,1,0,1,0
24550007347000,47,28,19,1739
24550007348000,13,8,5,605.8
24550007350000,6,3,3,304.8
24550007354000,97,60,37,3288.3
24550007355000,33,18,15,1155
24550007359000,7,2,5,317.8
24550007363000,13,8,5,297.7
24550007365000,3,1,2,0
24550007410000,99,53,46,3603.6
24550007411000,15,6,9,649.5
24550007427000,18,13,5,644.4
24550007428000,14,8,6,588
24550007429000,24,13,11,1044
24550007432000,9,5,4,429.3
24550007446000,48,23,25,2064
24550007447000,124,66,58,5059.2
24550007448000,13,7,6,382.2
24550007449000,1,1,0,0
24550007564000,10,7,3,701
24550007565000,1,1,0,0
24550007569000,4,2,2,0
24550007572000,10,5,5,449
24550007573000,13,4,9,600.6
24550007574000,8,2,6,372
24550007576000,2,1,1,0
24550007578000,1,1,0,0
24550007579000,6,4,2,159
24550007581000,6,2,4,292.8
24560007114000,2,1,1,0
24560007249000,6,4,2,301.8
24560007259000,3,2,1,0
24560007267000,4,2,2,0
24560007274000,26,15,11,1089.4
24560007275000,2,1,1,0
24560007277000,3,2,1,0
24560007280000,1,1,0,0
24560007325000,9,4,5,390.6
24560007326000,6,2,4,238.8
24560007338000,1,1,0,0
24560007346000,10,6,4,429
24560007347000,79,41,38,3444.4
24560007350000,2,2,0,0
24560007351000,35,19,16,1841
24560007354000,130,68,62,4368
24560007355000,12,8,4,370.8
24560007362000,2,1,1,0
24560007363000,4,2,2,0
24560007428000,1,1,0,0
24560007429000,8,5,3,479.2
24560007448000,21,13,8,921.9
24560007449000,7,4,3,469.7
24560007462000,2,1,1,0
24560007463000,1,1,0,0
24560007478000,2,1,1,0
24560007480000,11,7,4,589.6
24560007564000,16,6,10,694.4
24560007565000,22,11,11,1188
24560007572000,2,1,1,0
24560007573000,26,16,10,1359.8
24570007249000,3,2,1,0
24570007267000,2,1,1,0
24570007274000,8,3,5,380.8
24570007276000,17,12,5,489.6
24570007277000,8,6,2,288
24570007279000,7,4,3,296.8
24570007280000,1,1,0,0
24570007281000,9,6,3,315
24570007290000,3,2,1,0
24570007291000,2,1,1,0
24570007292000,5,1,4,179
24570007307000,1,1,0,0
24570007325000,11,5,6,359.7
24570007335000,2,1,1,0
24570007346000,6,4,2,367.8
24570007347000,42,20,22,1747.2
24570007351000,330,170,160,12309
24570007352000,429,209,220,16731
24570007355000,68,33,35,2427.6
24570007359000,10,4,6,216
24570007368000,4,3,1,0
24570007434000,123,64,59,5571.9
24570007435000,373,170,203,14211.3
24570007436000,7,4,3,287
24570007442000,4,1,3,0
24570007443000,28,17,11,1274
24570007449000,12,11,1,435.6
24570007564000,4,2,2,0
24570007565000,6,4,2,322.8
24570007573000,11,6,5,509.3
24570007574000,2,1,1,0
24570007581000,15,7,8,820.5
24580007249000,9,3,6,351
24580007258000,9,5,4,352.8
24580007276000,19,12,7,788.5
24580007279000,1,1,0,0
24580007281000,1,1,0,0
24580007307000,2,1,1,0
24580007308000,4,2,2,0
24580007325000,13,7,6,488.8
24580007339000,6,2,4,181.2
24580007347000,22,12,10,838.2
24580007351000,25,14,11,555
24580007352000,1011,520,491,37811.4
24580007355000,2,1,1,0
24580007356000,66,34,32,2461.8
24580007359000,4,1,3,0
24580007362000,4,2,2,0
24580007430000,2,1,1,0
24580007431000,1,1,0,0
24580007433000,12,6,6,429.6
24580007435000,100,55,45,4220
24580007436000,111,59,52,4340.1
24580007437000,1,1,0,0
24580007438000,6,3,3,328.8
24580007439000,23,8,15,1147.7
24580007440000,23,12,11,933.8
24580007442000,12,6,6,771.6
24580007443000,10,4,6,249
24580007444000,20,8,12,986
24580007445000,3,2,1,0
24580007446000,3,2,1,0
24580007564000,1,1,0,0
24580007565000,8,5,3,467.2
24580007571000,7,3,4,235.9
24580007572000,4,2,2,0
24580007573000,1,1,0,0
24580007574000,10,2,8,589
24580007575000,5,2,3,249
24580007576000,6,3,3,198
24580007579000,5,2,3,340
24580007580000,5,3,2,277
24580007581000,1,1,0,0
24590007249000,11,6,5,475.2
24590007258000,1,1,0,0
24590007267000,1,1,0,0
24590007269000,3,2,1,0
24590007274000,2,1,1,0
24590007279000,2,2,0,0
24590007281000,6,4,2,249
24590007282000,4,2,2,0
24590007306000,1,1,0,0
24590007308000,3,2,1,0
24590007347000,1,1,0,0
24590007351000,4,2,2,0
24590007352000,349,180,169,13122.4
24590007356000,68,32,36,2747.2
24590007357000,1016,510,506,38709.6
24590007358000,224,107,117,7257.6
24590007363000,2,1,1,0
24590007430000,7,2,5,282.8
24590007431000,1,0,1,0
24590007439000,3,2,1,0
24590007440000,3,2,1,0
24590007445000,21,9,12,1014.3
24590007446000,41,22,19,1779.4
24590007447000,1,0,1,0
24590007571000,4,2,2,0
24590007572000,3,2,1,0
24590007574000,1,0,1,0
24590007576000,1,0,1,0
24590007577000,13,6,7,552.5
24590007578000,9,3,6,372.6
24600007249000,8,5,3,226.4
24600007268000,3,2,1,0
24600007270000,1,1,0,0
24600007271000,13,6,7,349.7
24600007282000,15,7,8,571.5
24600007283000,4,1,3,0
24600007301000,2,1,1,0
24600007303000,2,1,1,0
24600007306000,6,4,2,379.8
24600007308000,7,4,3,525
24600007353000,475,245,230,18477.5
24600007354000,382,157,225,22843.6
24600007355000,48,21,27,2913.6
24600007357000,786,419,367,30575.4
24600007358000,1096,582,514,39456
24600007359000,107,52,55,3670.1
24600007360000,9,7,2,321.3
24600007362000,2,1,1,0
24600007446000,18,10,8,959.4
24600007447000,47,20,27,2256
24600007448000,24,8,16,1171.2
24600007565000,3,0,3,0
24600007566000,12,7,5,651.6
24600007567000,5,3,2,296
24600007572000,8,2,6,600
24600007573000,9,6,3,462.6
24610007249000,2,1,1,0
24610007255000,6,3,3,214.8
24610007256000,2,1,1,0
24610007284000,2,1,1,0
24610007285000,11,5,6,334.4
24610007347000,1,1,0,0
24610007350000,2,1,1,0
24610007353000,222,123,99,11299.8
24610007354000,1677,825,852,81334.5
24610007355000,1495,762,733,64584
24610007356000,3,2,1,0
24610007357000,283,149,134,10386.1
24610007358000,1302,637,665,53251.8
24610007359000,80,38,42,3232
24610007365000,4,2,2,0
24610007434000,4,1,3,0
24610007435000,3,2,1,0
24610007436000,14,7,7,655.2
24610007447000,20,10,10,852
24610007448000,6,4,2,252
24610007567000,10,5,5,366
24610007568000,4,3,1,0
24610007573000,18,9,9,896.4
24610007574000,14,7,7,722.4
24620007249000,6,3,3,400.2
24620007255000,2,1,1,0
24620007263000,3,1,2,0
24620007272000,6,4,2,258
24620007300000,8,4,4,280
24620007305000,1,1,0,0
24620007350000,10,5,5,432
24620007354000,66,36,30,2547.6
24620007355000,1705,836,869,69564
24620007356000,491,238,253,21505.8
24620007357000,489,238,251,18875.4
24620007358000,222,114,108,8103
24620007365000,2,1,1,0
24620007427000,1,1,0,0
24620007568000,4,3,1,0
24620007574000,2,1,1,0
24620007575000,1,1,0,0
24620007576000,6,5,1,111
24620007577000,5,3,2,217
24620007578000,1,0,1,0
24620007580000,2,1,1,0
24620007581000,4,2,2,0
24630007249000,4,2,2,0
24630007265000,5,3,2,193
24630007267000,2,2,0,0
24630007272000,7,4,3,347.2
24630007297000,9,3,6,357.3
24630007300000,15,7,8,652.5
24630007302000,7,3,4,228.2
24630007303000,7,3,4,464.1
24630007304000,1,1,0,0
24630007355000,1243,596,647,48104.1
24630007356000,1571,763,808,69438.2
24630007357000,101,55,46,4080.4
24630007428000,13,7,6,747.5
24630007445000,17,8,9,851.7
24630007569000,14,7,7,701.4
24630007577000,8,4,4,412
24630007579000,3,2,1,0
24630007580000,4,2,2,0
24630007581000,1,1,0,0
24640007249000,7,2,5,310.8
24640007267000,4,2,2,0
24640007283000,3,2,1,0
24640007297000,6,4,2,217.2
24640007304000,2,1,1,0
24640007354000,381,197,184,13982.7
24640007355000,907,457,450,36370.7
24640007356000,100,53,47,3550
24640007431000,5,3,2,298
24640007580000,4,3,1,0
24650007248000,1,1,0,0
24650007249000,10,6,4,253
24650007283000,7,4,3,200.2
24650007354000,294,149,145,11407.2
24650007355000,1489,770,719,61942.4
24650007356000,56,27,29,2200.8
24650007363000,13,6,7,434.2
24650007366000,6,4,2,343.8
24650007367000,2,0,2,0
24650007368000,1,1,0,0
24650007373000,2,2,0,0
24650007435000,2,1,1,0
24650007436000,7,3,4,359.8
24650007439000,2,1,1,0
24650007440000,18,12,6,1000.8
24650007441000,2,1,1,0
24650007442000,1,0,1,0
24650007447000,6,2,4,343.8
24650007572000,1,1,0,0
24650007573000,2,1,1,0
24650007580000,30,13,17,996
24660007310000,2,2,0,0
24660007353000,6,2,4,262.2
24660007354000,193,108,85,6890.1
24660007355000,73,38,35,2774
24660007356000,18,12,6,840.6
24660007361000,12,7,5,362.4
24660007363000,2,1,1,0
24660007364000,18,7,11,712.8
24660007365000,1,1,0,0
24660007367000,3,2,1,0
24660007368000,11,5,6,455.4
24660007370000,4,3,1,0
24660007371000,6,3,3,169.2
24660007431000,8,5,3,360.8
24660007437000,8,3,5,567.2
24660007444000,1,1,0,0
24660007559000,97,47,50,4326.2
24660007560000,251,125,126,9814.1
24660007572000,1,1,0,0
24660007575000,4,4,0,0
24660007578000,25,11,14,1230
24660007579000,34,17,17,1193.4
24670007262000,7,4,3,210.7
24670007354000,180,95,85,6822
24670007356000,31,14,17,1202.8
24670007357000,16,9,7,536
24670007360000,14,8,6,595
24670007361000,5,3,2,176
24670007363000,11,6,5,467.5
24670007366000,1,0,1,0
24670007369000,4,3,1,0
24670007434000,6,3,3,184.8
24670007435000,4,2,2,0
24670007438000,2,1,1,0
24670007439000,18,8,10,847.8
24670007445000,1,0,1,0
24670007446000,1,0,1,0
24670007452000,18,11,7,894.6
24670007474000,18,7,11,1067.4
24670007559000,23,8,15,922.3
24670007560000,95,55,40,4341.5
24670007568000,7,4,3,352.8
24670007574000,3,1,2,0
24670007578000,18,7,11,873
24670007579000,4,2,2,0
24680007262000,5,4,1,292
24680007272000,4,3,1,0
24680007354000,26,13,13,1123.2
24680007355000,1,0,1,0
24680007356000,43,23,20,1788.8
24680007357000,26,10,16,1027
24680007360000,9,5,4,308.7
24680007369000,6,4,2,282
24680007370000,7,4,3,310.1
24680007371000,2,1,1,0
24680007435000,3,2,1,0
24680007443000,19,9,10,1031.7
24680007448000,2,1,1,0
24680007473000,1,1,0,0
24680007474000,26,13,13,855.4
24680007565000,3,2,1,0
24680007566000,6,3,3,400.8
24680007569000,4,4,0,0
24680007578000,16,8,8,721.6
24690007272000,1,0,1,0
24690007354000,27,15,12,901.8
24690007355000,33,17,16,1174.8
24690007356000,9,5,4,360
24690007357000,22,13,9,849.2
24690007358000,41,22,19,1652.3
24690007359000,92,46,46,3459.2
24690007360000,38,18,20,1371.8
24690007361000,6,3,3,262.8
24690007362000,9,5,4,372.6
24690007371000,10,6,4,463
24690007439000,16,8,8,888
24690007441000,9,4,5,460.8
24690007442000,32,17,15,1142.4
24690007443000,22,8,14,1315.6
24690007444000,19,9,10,402.8
24690007452000,1,0,1,0
24690007569000,17,9,8,926.5
24690007571000,17,8,9,759.9
24690007573000,3,1,2,0
24690007574000,3,2,1,0
24700007243000,1,1,0,0
24700007309000,3,1,2,0
24700007353000,15,8,7,418.5
24700007354000,60,31,29,1848
24700007355000,41,22,19,1381.7
24700007356000,23,11,12,731.4
24700007357000,2,1,1,0
24700007358000,5,4,1,114
24700007359000,126,63,63,4825.8
24700007360000,152,82,70,5304.8
24700007361000,2,1,1,0
24700007438000,1,0,1,0
24700007439000,24,10,14,1344
24700007441000,9,5,4,387.9
24700007442000,15,9,6,691.5
24700007443000,14,9,5,519.4
24700007444000,56,24,32,2296
24700007445000,47,23,24,2256
24700007569000,6,2,4,363
24700007570000,10,6,4,443
24700007571000,1,1,0,0
24710007260000,1,0,1,0
24710007299000,8,5,3,179.2
24710007354000,2,2,0,0
24710007355000,43,22,21,2033.9
24710007356000,2,1,1,0
24710007357000,12,7,5,434.4
24710007358000,41,22,19,1611.3
24710007359000,35,18,17,1333.5
24710007360000,31,17,14,1050.9
24710007361000,19,7,12,682.1
24710007439000,2,1,1,0
24710007445000,5,4,1,334
24710007451000,5,1,4,198
24710007461000,10,9,1,389
24710007569000,2,0,2,0
24710007570000,9,4,5,261.9
24710007571000,13,8,5,669.5
24710007573000,38,18,20,1702.4
24710007574000,13,6,7,484.9
24710007575000,12,6,6,507.6
24710007576000,42,22,20,2049.6
24710007577000,2,1,1,0
24720007310000,2,1,1,0
24720007354000,5,3,2,249
24720007356000,3,2,1,0
24720007359000,39,24,15,1376.7
24720007361000,12,8,4,303.6
24720007362000,10,6,4,270
24720007452000,3,1,2,0
24720007454000,24,14,10,1020
24720007455000,7,3,4,228.2
24720007461000,46,24,22,1596.2
24720007462000,2418,1183,1235,104215.8
24720007463000,20,9,11,1106
24720007563000,2,1,1,0
24720007564000,32,20,12,1273.6
24720007565000,3,2,1,0
24720007569000,1,1,0,0
24720007571000,4,2,2,0
24720007573000,7,4,3,478.1
24720007574000,13,7,6,339.3
24720007575000,82,46,36,3025.8
24720007576000,4,3,1,0
24720007579000,25,12,13,1122.5
24730007298000,6,4,2,229.2
24730007356000,10,5,5,573
24730007357000,4,2,2,0
24730007359000,29,15,14,1180.3
24730007360000,3,2,1,0
24730007361000,10,5,5,448
24730007362000,18,11,7,694.8
24730007440000,13,8,5,570.7
24730007441000,2,1,1,0
24730007452000,4,2,2,0
24730007453000,10,7,3,422
24730007454000,3,2,1,0
24730007455000,17,8,9,695.3
24730007461000,18,10,8,754.2
24730007462000,3396,1639,1757,137877.6
24730007463000,1739,917,822,76863.8
24730007464000,89,48,41,3809.2
24730007465000,71,34,37,2364.3
24730007475000,6,4,2,370.8
24730007564000,1,0,1,0
24730007565000,113,55,58,3536.9
24730007566000,5,2,3,224
24730007574000,3,2,1,0
24730007575000,9,5,4,370.8
24740007308000,1,1,0,0
24740007309000,1,0,1,0
24740007356000,3,1,2,0
24740007358000,9,5,4,437.4
24740007359000,23,13,10,841.8
24740007364000,4,1,3,0
24740007452000,1,1,0,0
24740007453000,4,3,1,0
24740007461000,7,4,3,277.2
24740007462000,3181,1569,1612,133283.9
24740007463000,2631,1302,1329,105766.2
24740007464000,2078,995,1083,92886.6
24740007465000,112,60,52,4771.2
24740007564000,9,5,4,194.4
24740007565000,98,53,45,4096.4
24740007566000,142,73,69,5651.6
24750007258000,5,3,2,174
24750007358000,23,14,9,890.1
24750007365000,9,4,5,163.8
24750007452000,4,1,3,0
24750007453000,1,1,0,0
24750007454000,3,2,1,0
24750007461000,562,281,281,20456.8
24750007462000,169,88,81,5965.7
24750007463000,2141,1045,1096,81143.9
24750007464000,2505,1196,1309,105460.5
24750007465000,1114,568,546,40772.4
24750007565000,47,21,26,1485.2
24750007566000,82,38,44,2952
24750007586000,21,14,7,1020.6
24750007619000,6,2,4,321
24760007258000,1,0,1,0
24760007297000,3,2,1,0
24760007358000,4,3,1,0
24760007359000,11,6,5,327.8
24760007365000,44,22,22,1905.2
24760007453000,8,2,6,438.4
24760007461000,1025,502,523,37515
24760007462000,2245,1147,1098,73187
24760007463000,731,345,386,27485.6
24760007464000,564,294,270,20473.2
24760007465000,14,8,6,652.4
24760007466000,1098,549,549,38430
24760007467000,56,33,23,2083.2
24760007565000,6,4,2,190.2
24760007566000,200,95,105,6840
24760007567000,23,11,12,699.2
24760007586000,192,95,97,8256
24760007612000,3,1,2,0
24760007614000,9,5,4,439.2
24760007617000,22,12,10,1091.2
24760007618000,6,3,3,376.2
24760007619000,3,2,1,0
24770007365000,9,4,5,410.4
24770007366000,11,4,7,267.3
24770007367000,9,6,3,433.8
24770007451000,3,1,2,0
24770007452000,15,10,5,577.5
24770007453000,19,9,10,1016.5
24770007456000,6,2,4,315
24770007457000,1,1,0,0
24770007461000,57,32,25,1812.6
24770007462000,2448,1251,1197,83966.4
24770007467000,63,37,26,2047.5
24770007565000,75,43,32,2557.5
24770007566000,425,210,215,15980
24770007567000,98,47,51,3381
24770007582000,12,7,5,489.6
24770007586000,53,31,22,2353.2
24770007610000,8,2,6,228.8
24770007611000,132,66,66,5742
24770007612000,213,95,118,10309.2
24770007613000,22,14,8,1005.4
24770007614000,54,25,29,2527.2
24770007615000,44,21,23,2437.6
24770007616000,19,8,11,967.1
24770007618000,15,6,9,408
24770007619000,29,14,15,1168.7
24780007356000,8,5,3,148
24780007358000,6,3,3,178.2
24780007364000,185,89,96,6123.5
24780007365000,361,181,180,12923.8
24780007366000,10,6,4,386
24780007451000,3,2,1,0
24780007456000,13,4,9,556.4
24780007457000,20,10,10,862
24780007462000,1784,901,883,66186.4
24780007467000,8,5,3,468.8
24780007468000,11,6,5,629.2
24780007565000,29,15,14,1345.6
24780007566000,1087,540,547,46958.4
24780007567000,82,40,42,3148.8
24780007586000,59,29,30,2489.8
24780007587000,6,4,2,274.8
24780007610000,26,15,11,1102.4
24780007611000,219,116,103,10249.2
24780007612000,96,53,43,4166.4
24780007614000,1,1,0,0
24780007616000,12,5,7,608.4
24780007617000,14,6,8,579.6
24780007618000,94,25,69,6749.2
24780007619000,125,66,59,5500
24780007620000,58,32,26,2331.6
24780007629000,35,18,17,1977.5
24790007357000,11,4,7,283.8
24790007358000,10,6,4,324
24790007364000,100,48,52,4700
24790007366000,6,3,3,256.2
24790007432000,5,2,3,287
24790007451000,28,13,15,1302
24790007462000,1733,869,864,58922
24790007463000,380,198,182,15960
24790007464000,2,1,1,0
24790007465000,8,5,3,328
24790007466000,8,7,1,184
24790007467000,2,1,1,0
24790007469000,27,12,15,901.8
24790007567000,41,25,16,1644.1
24790007579000,8,6,2,428
24790007580000,22,12,10,996.6
24790007586000,3,1,2,0
24790007587000,16,9,7,600
24790007610000,41,19,22,1845
24790007611000,57,24,33,2553.6
24790007617000,18,9,9,797.4
24790007618000,6,3,3,246
24790007619000,202,93,109,7756.8
24790007620000,25,15,10,855
24790007629000,27,16,11,1347.3
24800007293000,2,0,2,0
24800007346000,8,4,4,300.8
24800007357000,1,1,0,0
24800007358000,7,3,4,343
24800007361000,2,0,2,0
24800007362000,26,15,11,925.6
24800007364000,25,10,15,702.5
24800007365000,19,10,9,746.7
24800007404000,3,2,1,0
24800007432000,9,6,3,399.6
24800007433000,36,19,17,1900.8
24800007434000,4,1,3,0
24800007435000,8,4,4,450.4
24800007451000,2,1,1,0
24800007454000,26,14,12,1284.4
24800007457000,41,20,21,1886
24800007462000,827,411,416,25058.1
24800007463000,1438,738,700,52487
24800007464000,134,73,61,5869.2
24800007466000,10,6,4,468
24800007469000,9,4,5,207
24800007470000,62,33,29,2213.4
24800007568000,136,76,60,4991.2
24800007569000,402,198,204,15678
24800007570000,5,4,1,234
24800007579000,2,1,1,0
24800007587000,9,6,3,446.4
24800007610000,8,5,3,358.4
24800007611000,1,0,1,0
24800007618000,6,3,3,420
24800007619000,8,3,5,502.4
24800007620000,4,2,2,0
24800007621000,10,4,6,525
24800007626000,10,4,6,608
24810007338000,2,2,0,0
24810007357000,5,3,2,207
24810007362000,5,1,4,217
24810007404000,7,3,4,266
24810007405000,8,6,2,374.4
24810007406000,3,2,1,0
24810007431000,8,3,5,347.2
24810007432000,65,32,33,2730
24810007433000,5,4,1,278
24810007434000,1,1,0,0
24810007435000,9,6,3,532.8
24810007436000,4,3,1,0
24810007439000,2,2,0,0
24810007455000,9,6,3,363.6
24810007457000,53,31,22,2098.8
24810007462000,216,108,108,6501.6
24810007463000,1497,737,760,56586.6
24810007464000,997,505,492,35493.2
24810007467000,9,6,3,492.3
24810007470000,13,7,6,468
24810007471000,32,11,21,1280
24810007472000,57,29,28,1806.9
24810007568000,584,258,326,27681.6
24810007569000,1175,597,578,48645
24810007570000,613,316,297,21455
24810007588000,1,1,0,0
24810007589000,5,2,3,266
24810007611000,19,9,10,1022.2
24810007612000,1,1,0,0
24810007618000,26,13,13,1326
24810007622000,10,4,6,580
24810007623000,12,6,6,524.4
24810007632000,6,2,4,234
24810007633000,12,6,6,739.2
24820007355000,10,7,3,283
24820007357000,2,2,0,0
24820007361000,5,2,3,165
24820007362000,10,6,4,514
24820007364000,2,1,1,0
24820007365000,4,2,2,0
24820007407000,21,13,8,976.5
24820007431000,6,2,4,337.2
24820007432000,97,49,48,4141.9
24820007452000,12,7,5,333.6
24820007453000,3,2,1,0
24820007454000,19,11,8,841.7
24820007457000,68,35,33,2631.6
24820007462000,53,25,28,1839.1
24820007463000,1231,662,569,42469.5
24820007464000,1129,552,577,38837.6
24820007467000,12,7,5,618
24820007472000,10,5,5,410
24820007473000,9,3,6,340.2
24820007568000,140,68,72,7280
24820007569000,1054,537,517,41738.4
24820007570000,485,242,243,19836.5
24820007587000,1,1,0,0
24820007589000,2,1,1,0
24820007611000,1,1,0,0
24820007612000,35,18,17,1228.5
24820007618000,21,11,10,844.2
24820007621000,1,0,1,0
24820007622000,3,3,0,0
24820007623000,10,5,5,604
24820007624000,5,3,2,192
24820007625000,7,3,4,422.1
24820007626000,4,2,2,0
24820007632000,2,1,1,0
24820007633000,3,2,1,0
24830007355000,6,2,4,328.8
24830007359000,12,6,6,435.6
24830007362000,24,14,10,554.4
24830007363000,3,2,1,0
24830007408000,2,1,1,0
24830007409000,14,7,7,403.2
24830007415000,2,1,1,0
24830007431000,15,8,7,730.5
24830007432000,2,0,2,0
24830007454000,13,5,8,503.1
24830007455000,81,42,39,2681.1
24830007456000,92,46,46,3965.2
24830007457000,174,90,84,7377.6
24830007458000,59,29,30,1834.9
24830007463000,563,306,257,16721.1
24830007464000,30,14,16,855
24830007467000,23,12,11,818.8
24830007473000,146,83,63,5694
24830007474000,11,4,7,302.5
24830007476000,11,6,5,256.3
24830007477000,17,7,10,549.1
24830007569000,26,13,13,928.2
24830007578000,1,0,1,0
24830007585000,3,1,2,0
24830007590000,1,1,0,0
24830007611000,1,1,0,0
24830007612000,35,19,16,2208.5
24830007616000,18,9,9,934.2
24830007617000,9,5,4,442.8
24830007618000,11,7,4,614.9
24830007619000,6,4,2,283.2
24830007620000,15,7,8,757.5
24830007621000,18,12,6,608.4
24830007622000,1,0,1,0
24830007623000,75,39,36,2970
24830007624000,58,30,28,2581
24830007625000,89,48,41,3711.3
24830007626000,3,1,2,0
24840007354000,1,1,0,0
24840007355000,3,1,2,0
24840007356000,8,2,6,195.2
24840007360000,20,9,11,688
24840007364000,2,1,1,0
24840007411000,2,1,1,0
24840007415000,2,1,1,0
24840007416000,1,1,0,0
24840007417000,6,2,4,246
24840007430000,13,7,6,578.5
24840007431000,11,5,6,570.9
24840007455000,17,8,9,698.7
24840007456000,17,10,7,528.7
24840007457000,19,10,9,853.1
24840007458000,9,6,3,360
24840007463000,92,45,47,3082
24840007464000,86,43,43,3680.8
24840007465000,10,3,7,468
24840007466000,28,13,15,924
24840007467000,8,3,5,419.2
24840007473000,7,4,3,261.1
24840007474000,177,90,87,5734.8
24840007475000,40,25,15,1856
24840007476000,56,28,28,2228.8
24840007477000,1,1,0,0
24840007590000,1,0,1,0
24840007591000,20,12,8,944
24840007605000,2,1,1,0
24840007612000,46,22,24,2010.2
24840007613000,23,10,13,1053.4
24840007614000,7,6,1,357
24840007615000,1,1,0,0
24840007616000,14,5,9,642.6
24840007617000,4,2,2,0
24840007620000,4,2,2,0
24840007623000,10,5,5,491
24840007624000,17,8,9,863.6
24840007625000,14,9,5,834.4
24850007354000,4,1,3,0
24850007355000,5,3,2,180
24850007360000,5,4,1,211
24850007364000,11,6,5,544.5
24850007411000,2,2,0,0
24850007412000,9,5,4,511.2
24850007413000,3,2,1,0
24850007414000,5,3,2,320
24850007415000,4,2,2,0
24850007418000,2,2,0,0
24850007430000,10,6,4,471
24850007431000,27,15,12,1290.6
24850007453000,9,4,5,192.6
24850007454000,19,7,12,830.3
24850007455000,6,3,3,384
24850007457000,1,1,0,0
24850007464000,48,25,23,1790.4
24850007467000,6,2,4,321
24850007474000,5,3,2,232
24850007475000,27,13,14,1009.8
24850007476000,10,5,5,416
24850007561000,126,62,64,5657.4
24850007569000,4,0,4,0
24850007578000,3,2,1,0
24850007579000,4,4,0,0
24850007590000,6,4,2,178.2
24850007591000,10,6,4,514
24850007603000,10,6,4,539
24850007606000,4,2,2,0
24850007607000,8,3,5,394.4
24850007613000,2,0,2,0
24850007614000,4,3,1,0
24850007615000,20,11,9,872
24850007616000,19,7,12,811.3
24850007621000,1,0,1,0
24850007623000,10,5,5,557
24850007624000,22,13,9,937.2
24850007625000,47,26,21,2166.7
24850007626000,16,8,8,748.8
24850007630000,2,1,1,0
24850007631000,1,1,0,0
24850007632000,1,0,1,0
24860007358000,17,9,8,491.3
24860007360000,7,4,3,282.1
24860007414000,2,1,1,0
24860007415000,2,1,1,0
24860007417000,8,4,4,396
24860007418000,4,3,1,0
24860007430000,4,2,2,0
24860007431000,28,11,17,1178.8
24860007453000,4,2,2,0
24860007454000,11,6,5,531.3
24860007457000,14,9,5,683.2
24860007458000,6,3,3,274.8
24860007561000,66,33,33,3181.2
24860007570000,18,10,8,540
24860007571000,11,5,6,502.7
24860007574000,6,3,3,277.8
24860007579000,3,1,2,0
24860007590000,10,6,4,389
24860007602000,12,6,6,505.2
24860007603000,5,3,2,212
24860007607000,14,6,8,914.2
24860007608000,1,0,1,0
24860007616000,8,5,3,412
24860007622000,9,4,5,333.9
24860007626000,1,0,1,0
24860007627000,3,1,2,0
24860007628000,2,2,0,0
24870007351000,4,2,2,0
24870007358000,6,2,4,115.2
24870007417000,5,2,3,360
24870007418000,15,7,8,700.5
24870007430000,12,7,5,550.8
24870007431000,10,5,5,499
24870007457000,44,24,20,1548.8
24870007458000,6,2,4,390
24870007459000,21,9,12,821.1
24870007463000,16,9,7,595.2
24870007464000,27,15,12,999
24870007465000,1,1,0,0
24870007482000,4,1,3,0
24870007486000,7,3,4,308.7
24870007487000,6,3,3,252
24870007522000,2,1,1,0
24870007574000,6,4,2,252
24870007578000,5,3,2,329
24870007579000,35,17,18,1932
24870007587000,2,1,1,0
24870007589000,5,2,3,306
24870007590000,3,2,1,0
24870007601000,12,6,6,381.6
24870007602000,5,3,2,305
24870007607000,5,4,1,172
24870007608000,11,7,4,636.9
24870007622000,6,2,4,424.2
24870007623000,3,1,2,0
24870007626000,9,3,6,612.9
24870007627000,20,10,10,1054
24870007628000,8,6,2,436.8
24870007629000,2,0,2,0
24880007357000,24,14,10,727.2
24880007366000,5,2,3,157
24880007419000,1,1,0,0
24880007420000,2,1,1,0
24880007421000,4,1,3,0
24880007430000,15,7,8,808.5
24880007431000,23,13,10,1200.6
24880007458000,9,3,6,386.1
24880007460000,70,34,36,2807
24880007461000,114,61,53,4491.6
24880007462000,63,37,26,2570.4
24880007463000,920,476,444,30636
24880007464000,1775,874,901,64787.5
24880007465000,216,110,106,7192.8
24880007466000,130,71,59,4511
24880007486000,25,13,12,1412.5
24880007487000,47,24,23,2115
24880007488000,2,1,1,0
24880007578000,2,1,1,0
24880007580000,14,9,5,651
24880007582000,43,23,20,2145.7
24880007590000,5,2,3,166
24880007591000,9,6,3,430.2
24880007599000,3,2,1,0
24880007600000,48,27,21,1948.8
24880007606000,1,0,1,0
24880007607000,20,11,9,790
24880007617000,4,2,2,0
24880007618000,3,1,2,0
24880007619000,20,9,11,1170
24880007620000,11,7,4,423.5
24880007621000,4,2,2,0
24880007626000,2,2,0,0
24880007627000,4,2,2,0
24890007356000,7,4,3,244.3
24890007419000,4,2,2,0
24890007420000,1,0,1,0
24890007421000,16,10,6,659.2
24890007422000,54,29,25,2521.8
24890007429000,10,4,6,662
24890007430000,39,19,20,1875.9
24890007431000,13,8,5,543.4
24890007452000,12,6,6,570
24890007460000,33,17,16,1221
24890007461000,21,12,9,770.7
24890007464000,248,133,115,9399.2
24890007465000,73,37,36,2270.3
24890007467000,3,1,2,0
24890007469000,3,1,2,0
24890007479000,24,11,13,931.2
24890007480000,11,4,7,500.5
24890007486000,2,1,1,0
24890007487000,2,1,1,0
24890007488000,3,2,1,0
24890007489000,34,16,18,1462
24890007580000,43,24,19,2085.5
24890007581000,27,15,12,1474.2
24890007582000,68,36,32,2713.2
24890007583000,9,5,4,363.6
24890007591000,57,31,26,2804.4
24890007598000,3,2,1,0
24890007599000,34,18,16,1343
24890007600000,2,1,1,0
24890007605000,16,8,8,964.8
24890007606000,11,7,4,469.7
24890007607000,18,9,9,887.4
24890007617000,1,0,1,0
24890007618000,7,4,3,468.3
24890007619000,6,3,3,376.8
24890007628000,3,1,2,0
24900007355000,19,11,8,533.9
24900007367000,2,1,1,0
24900007419000,3,1,2,0
24900007421000,34,17,17,1275
24900007422000,28,16,12,1411.2
24900007423000,13,9,4,713.7
24900007424000,18,9,9,847.8
24900007426000,4,2,2,0
24900007428000,13,7,6,517.4
24900007429000,47,21,26,2256
24900007430000,58,29,29,2424.4
24900007457000,6,4,2,348
24900007470000,18,13,5,833.4
24900007479000,71,37,34,2712.2
24900007480000,10,5,5,506
24900007489000,127,62,65,6426.2
24900007505000,1,0,1,0
24900007512000,86,44,42,3818.4
24900007513000,51,23,28,1759.5
24900007524000,6,3,3,159
24900007579000,11,7,4,479.6
24900007580000,3,2,1,0
24900007583000,4,3,1,0
24900007591000,5,2,3,261
24900007598000,221,109,112,8840
24900007599000,3,2,1,0
24900007607000,9,5,4,298.8
24900007611000,2,1,1,0
24900007616000,1,1,0,0
24900007617000,1,1,0,0
24900007636000,1,0,1,0
24910007354000,9,6,3,484.2
24910007355000,4,3,1,0
24910007425000,5,2,3,296
24910007426000,3,2,1,0
24910007428000,12,6,6,609.6
24910007429000,13,5,8,694.2
24910007463000,1,1,0,0
24910007464000,1,1,0,0
24910007480000,3,2,1,0
24910007489000,15,7,8,633
24910007490000,26,13,13,1339
24910007513000,112,53,59,4726.4
24910007521000,4,3,1,0
24910007523000,15,10,5,429
24910007524000,64,31,33,3187.2
24910007569000,6,4,2,262.2
24910007585000,1,0,1,0
24910007591000,2,1,1,0
24910007598000,767,395,372,29606.2
24910007599000,76,39,37,3655.6
24910007607000,7,4,3,249.9
24910007613000,2,1,1,0
24920007353000,4,3,1,0
24920007354000,1,1,0,0
24920007355000,5,3,2,121
24920007368000,1,1,0,0
24920007369000,29,18,11,1397.8
24920007370000,4,3,1,0
24920007419000,6,2,4,283.8
24920007420000,3,1,2,0
24920007426000,3,2,1,0
24920007427000,4,2,2,0
24920007428000,29,16,13,1331.1
24920007454000,3,1,2,0
24920007457000,3,1,2,0
24920007461000,4,2,2,0
24920007462000,22,14,8,862.4
24920007463000,14,8,6,637
24920007464000,25,12,13,1175
24920007490000,5,3,2,337
24920007511000,5,2,3,393
24920007513000,28,12,16,1187.2
24920007518000,4,2,2,0
24920007520000,1,1,0,0
24920007521000,7,3,4,469.7
24920007524000,6,3,3,363
24920007585000,2,1,1,0
24920007586000,1,0,1,0
24920007590000,13,8,5,592.8
24920007591000,30,18,12,1152
24920007598000,290,153,137,13427
24920007599000,737,380,357,28890.4
24920007606000,10,3,7,512
24920007607000,13,9,4,386.1
24920007611000,11,6,5,443.3
24920007612000,25,17,8,1130
24920007613000,5,2,3,329
24920007614000,30,12,18,1098
24920007633000,1,1,0,0
24930007355000,4,1,3,0
24930007371000,7,4,3,389.2
24930007372000,7,4,3,345.1
24930007419000,5,2,3,175
24930007425000,4,3,1,0
24930007461000,13,6,7,652.6
24930007462000,71,36,35,2335.9
24930007463000,3,1,2,0
24930007464000,10,4,6,591
24930007470000,2,1,1,0
24930007471000,6,2,4,196.8
24930007491000,18,9,9,676.8
24930007511000,1,0,1,0
24930007513000,53,24,29,2056.4
24930007518000,2,1,1,0
24930007521000,3,2,1,0
24930007527000,1,1,0,0
24930007568000,11,4,7,467.5
24930007569000,2,0,2,0
24930007598000,73,38,35,3212
24930007599000,129,64,65,4850.4
24930007605000,2,0,2,0
24930007606000,34,20,14,1438.2
24930007608000,1,0,1,0
24930007611000,30,16,14,1386
24930007614000,2,2,0,0
24930007632000,1,1,0,0
24940007418000,4,2,2,0
24940007462000,2,0,2,0
24940007463000,4,3,1,0
24940007486000,4,1,3,0
24940007491000,4,2,2,0
24940007492000,7,3,4,203
24940007513000,45,22,23,2047.5
24940007527000,2,1,1,0
24940007568000,3,2,1,0
24940007575000,2,1,1,0
24940007598000,20,10,10,1056
24940007599000,28,17,11,991.2
24940007605000,101,47,54,3383.5
24940007606000,343,169,174,12759.6
24940007608000,57,30,27,2074.8
24940007609000,22,14,8,633.6
24940007611000,40,20,20,1516
24940007612000,6,4,2,108
24940007615000,2,1,1,0
24950007376000,3,1,2,0
24950007448000,12,5,7,792
24950007451000,6,3,3,168
24950007456000,13,8,5,634.4
24950007486000,5,2,3,180
24950007511000,4,2,2,0
24950007512000,36,20,16,1882.8
24950007513000,18,8,10,536.4
24950007519000,4,2,2,0
24950007529000,15,7,8,768
24950007576000,1,0,1,0
24950007593000,7,2,5,433.3
24950007598000,10,6,4,583
24950007599000,42,20,22,2528.4
24950007605000,275,129,146,10037.5
24950007606000,536,273,263,22833.6
24950007608000,222,107,115,8591.4
24950007609000,1,0,1,0
24950007610000,3,1,2,0
24950007615000,1,1,0,0
24950007640000,4,2,2,0
24960007376000,16,9,7,822.4
24960007437000,2,1,1,0
24960007447000,1,0,1,0
24960007448000,6,3,3,295.2
24960007452000,6,3,3,475.2
24960007453000,16,8,8,636.8
24960007456000,7,3,4,305.2
24960007457000,6,5,1,189
24960007463000,2,1,1,0
24960007464000,1,0,1,0
24960007486000,7,4,3,230.3
24960007527000,7,3,4,266
24960007529000,1,0,1,0
24960007577000,2,1,1,0
24960007593000,6,4,2,123
24960007599000,29,14,15,1464.5
24960007604000,209,99,110,9070.6
24960007605000,669,312,357,28098
24960007606000,292,145,147,13344.4
24960007607000,10,5,5,382
24960007608000,162,79,83,6723
24960007615000,10,4,6,521
24960007616000,17,9,8,739.5
24960007633000,2,1,1,0
24960007640000,15,7,8,987
24970007375000,20,9,11,860
24970007376000,14,7,7,526.4
24970007418000,1,1,0,0
24970007445000,3,2,1,0
24970007446000,3,1,2,0
24970007447000,2,1,1,0
24970007453000,17,11,6,649.4
24970007454000,10,6,4,461
24970007457000,8,5,3,248
24970007458000,3,1,2,0
24970007463000,2,1,1,0
24970007464000,6,4,2,210
24970007486000,2,2,0,0
24970007505000,4,3,1,0
24970007506000,1,0,1,0
24970007527000,2,0,2,0
24970007533000,3,3,0,0
24970007534000,5,2,3,197
24970007535000,1,0,1,0
24970007574000,14,8,6,960.4
24970007576000,1,0,1,0
24970007599000,1,0,1,0
24970007600000,1,1,0,0
24970007601000,23,12,11,894.7
24970007604000,106,53,53,4102.2
24970007605000,112,50,62,3472
24970007606000,534,274,260,22908.6
24970007608000,27,14,13,1296
24970007616000,3,2,1,0
24970007617000,5,3,2,282
24970007630000,2,1,1,0
24970007631000,11,5,6,613.8
24970007632000,2,1,1,0
24970007640000,2,1,1,0
24980007375000,2,2,0,0
24980007439000,13,7,6,715
24980007441000,1,1,0,0
24980007442000,20,11,9,916
24980007447000,6,3,3,408
24980007453000,26,13,13,1151.8
24980007458000,39,25,14,1337.7
24980007459000,3,2,1,0
24980007506000,10,4,6,506
24980007515000,2,1,1,0
24980007519000,6,4,2,280.2
24980007534000,1,1,0,0
24980007535000,7,3,4,196.7
24980007536000,34,14,20,1448.4
24980007601000,34,17,17,1652.4
24980007602000,15,8,7,718.5
24980007603000,1,1,0,0
24980007604000,4,2,2,0
24980007605000,8,3,5,368.8
24980007606000,171,82,89,7062.3
24980007608000,42,25,17,1743
24980007616000,1,1,0,0
24980007617000,17,9,8,651.1
24980007629000,1,1,0,0
24980007630000,1,1,0,0
24990007374000,1,1,0,0
24990007435000,4,2,2,0
24990007436000,11,5,6,458.7
24990007437000,10,4,6,445
24990007439000,14,7,7,725.2
24990007440000,7,4,3,287
24990007441000,3,1,2,0
24990007444000,69,34,35,3450
24990007445000,9,3,6,405.9
24990007446000,2,2,0,0
24990007453000,8,5,3,344
24990007454000,6,4,2,300
24990007457000,1,1,0,0
24990007464000,13,5,8,444.6
24990007465000,10,6,4,521
24990007486000,2,1,1,0
24990007495000,3,2,1,0
24990007496000,3,1,2,0
24990007507000,1,1,0,0
24990007514000,13,7,6,747.5
24990007519000,10,6,4,410
24990007520000,5,2,3,130
24990007527000,2,1,1,0
24990007528000,2,1,1,0
24990007534000,17,10,7,680
24990007535000,41,18,23,1389.9
24990007577000,61,31,30,2519.3
24990007578000,8,4,4,344
24990007602000,23,11,12,1129.3
24990007603000,24,11,13,1147.2
24990007604000,43,24,19,1784.5
24990007608000,32,20,12,1315.2
24990007617000,2,1,1,0
24990007628000,2,1,1,0
24990007629000,1,0,1,0
24990007638000,1,1,0,0
25000007429000,3,2,1,0
25000007435000,16,11,5,795.2
25000007436000,5,4,1,242
25000007439000,6,3,3,214.8
25000007440000,11,6,5,577.5
25000007443000,7,3,4,207.9
25000007444000,183,81,102,8912.1
25000007445000,31,17,14,1457
25000007455000,1,0,1,0
25000007456000,5,3,2,257
25000007457000,102,53,49,4212.6
25000007464000,3,1,2,0
25000007487000,4,2,2,0
25000007507000,11,6,5,600.6
25000007514000,9,5,4,455.4
25000007517000,201,92,109,9286.2
25000007518000,5,4,1,257
25000007519000,16,9,7,588.8
25000007528000,3,2,1,0
25000007534000,60,32,28,2670
25000007537000,6,2,4,156
25000007538000,8,5,3,240
25000007539000,17,7,10,622.2
25000007572000,14,7,7,677.6
25000007576000,12,6,6,514.8
25000007608000,6,4,2,276
25000007609000,1,1,0,0
25000007628000,2,1,1,0
25000007631000,9,6,3,426.6
25000007632000,1,1,0,0
25000007633000,4,2,2,0
25000007634000,17,10,7,809.2
25000007635000,5,3,2,122
25000007653000,15,11,4,559.5
25000007654000,3,1,2,0
25010007373000,2,1,1,0
25010007435000,2,1,1,0
25010007438000,1,0,1,0
25010007444000,6,4,2,322.2
25010007456000,7,3,4,300.3
25010007457000,26,15,11,1149.2
25010007467000,1,1,0,0
25010007486000,2,1,1,0
25010007507000,25,13,12,1032.5
25010007513000,5,3,2,336
25010007514000,21,10,11,1142.4
25010007516000,75,45,30,3202.5
25010007517000,61,29,32,2598.6
25010007519000,13,7,6,663
25010007528000,3,2,1,0
25010007530000,1,0,1,0
25010007533000,6,5,1,226.8
25010007534000,34,19,15,1397.4
25010007538000,38,18,20,1824
25010007539000,6,3,3,330
25010007576000,6,3,3,267
25010007592000,5,3,2,260
25010007593000,1,1,0,0
25010007594000,1,0,1,0
25010007607000,19,11,8,754.3
25010007609000,26,11,15,787.8
25010007618000,2,1,1,0
25010007628000,2,1,1,0
25010007630000,28,13,15,1128.4
25010007631000,29,11,18,1009.2
25010007643000,11,6,5,425.7
25010007646000,31,15,16,1112.9
25010007653000,2,1,1,0
25020007508000,6,1,5,354
25020007509000,5,3,2,261
25020007514000,3,2,1,0
25020007519000,22,14,8,1058.2
25020007520000,8,4,4,318.4
25020007529000,2,1,1,0
25020007531000,8,3,5,198.4
25020007533000,15,6,9,685.5
25020007534000,1,0,1,0
25020007538000,3,1,2,0
25020007575000,5,4,1,158
25020007576000,15,8,7,703.5
25020007577000,4,1,3,0
25020007581000,2,1,1,0
25020007582000,1,1,0,0
25020007593000,2,1,1,0
25020007607000,2,1,1,0
25020007608000,4,1,3,0
25020007609000,12,6,6,559.2
25020007618000,9,4,5,338.4
25020007619000,12,6,6,525.6
25020007627000,3,1,2,0
25020007628000,14,8,6,525
25020007629000,2,1,1,0
25020007642000,29,16,13,1061.4
25020007643000,247,137,110,9608.3
25020007644000,290,140,150,11513
25020007645000,298,147,151,11711.4
25020007646000,26,13,13,936
25030007467000,10,5,5,258
25030007509000,13,7,6,482.3
25030007516000,6,1,5,276
25030007520000,3,1,2,0
25030007528000,2,1,1,0
25030007529000,2,1,1,0
25030007530000,2,1,1,0
25030007531000,12,7,5,494.4
25030007532000,4,3,1,0
25030007533000,11,7,4,508.2
25030007534000,38,14,24,1656.8
25030007575000,4,3,1,0
25030007576000,4,2,2,0
25030007609000,13,7,6,650
25030007610000,12,4,8,434.4
25030007627000,13,8,5,431.6
25030007641000,23,15,8,885.5
25030007642000,49,27,22,1768.9
25030007643000,167,93,74,6179
25030007644000,558,263,295,25221.6
25030007645000,589,304,285,25091.4
25040007369000,1,1,0,0
25040007371000,2,1,1,0
25040007442000,1,0,1,0
25040007462000,23,9,14,995.9
25040007467000,1,0,1,0
25040007488000,1,1,0,0
25040007494000,2,2,0,0
25040007509000,2,0,2,0
25040007510000,10,5,5,579
25040007515000,3,1,2,0
25040007516000,1,0,1,0
25040007527000,10,5,5,370
25040007530000,2,1,1,0
25040007531000,10,5,5,525
25040007534000,14,8,6,712.6
25040007539000,1,1,0,0
25040007540000,5,4,1,182
25040007542000,2,1,1,0
25040007572000,2,0,2,0
25040007586000,5,2,3,244
25040007610000,61,33,28,2989
25040007611000,56,27,29,2038.4
25040007621000,23,13,10,1078.7
25040007622000,7,4,3,308.7
25040007627000,33,14,19,1567.5
25040007638000,30,14,16,1269
25040007639000,9,7,2,377.1
25040007641000,3,2,1,0
25040007642000,4,1,3,0
25040007643000,33,17,16,1541.1
25040007644000,74,37,37,2701
25040007645000,20,10,10,890
25040007646000,34,19,15,1315.8
25040007647000,59,35,24,2513.4
25040007656000,35,18,17,1557.5
25050007369000,3,1,2,0
25050007454000,4,3,1,0
25050007455000,3,2,1,0
25050007461000,14,7,7,379.4
25050007462000,22,12,10,748
25050007463000,36,18,18,1324.8
25050007494000,7,4,3,361.9
25050007510000,6,3,3,282
25050007511000,1,1,0,0
25050007515000,4,2,2,0
25050007516000,16,9,7,486.4
25050007522000,5,3,2,208
25050007523000,2,0,2,0
25050007528000,1,1,0,0
25050007531000,1,0,1,0
25050007533000,3,2,1,0
25050007534000,17,9,8,513.4
25050007538000,14,8,6,642.6
25050007542000,2,1,1,0
25050007587000,15,7,8,714
25050007596000,6,2,4,370.2
25050007610000,5,3,2,279
25050007611000,46,25,21,2005.6
25050007620000,4,2,2,0
25050007621000,34,19,15,1689.8
25050007622000,12,5,7,466.8
25050007623000,29,17,12,1258.6
25050007624000,125,64,61,4437.5
25050007625000,33,13,20,1320
25050007626000,39,18,21,1485.9
25050007627000,49,33,16,2214.8
25050007628000,8,4,4,278.4
25050007637000,22,8,14,1034
25050007642000,38,20,18,1493.4
25050007643000,69,32,37,2718.6
25050007644000,29,18,11,1160
25050007647000,4,3,1,0
25050007648000,11,6,5,437.8
25050007655000,5,3,2,294
25050007656000,106,51,55,4134
25060007369000,6,3,3,364.8
25060007454000,56,27,29,2581.6
25060007460000,20,12,8,982
25060007461000,16,8,8,721.6
25060007462000,24,13,11,998.4
25060007463000,59,29,30,2560.6
25060007464000,51,25,26,2111.4
25060007511000,11,7,4,652.3
25060007512000,2,1,1,0
25060007516000,14,8,6,551.6
25060007517000,16,7,9,641.6
25060007518000,2,1,1,0
25060007524000,8,6,2,384.8
25060007525000,7,4,3,263.2
25060007530000,2,2,0,0
25060007533000,42,26,16,1566.6
25060007534000,13,8,5,748.8
25060007537000,8,6,2,316.8
25060007589000,2,0,2,0
25060007590000,6,4,2,196.8
25060007591000,1,0,1,0
25060007596000,1,1,0,0
25060007611000,75,38,37,3742.5
25060007618000,4,2,2,0
25060007620000,14,8,6,596.4
25060007621000,10,5,5,443
25060007622000,112,60,52,3819.2
25060007623000,54,28,26,1776.6
25060007624000,22,11,11,596.2
25060007626000,26,10,16,1060.8
25060007627000,10,6,4,580
25060007633000,65,34,31,2801.5
25060007634000,23,12,11,917.7
25060007637000,2,1,1,0
25060007643000,16,8,8,668.8
25060007644000,16,9,7,620.8
25060007649000,73,35,38,3270.4
25060007651000,9,2,7,423.9
25060007652000,26,15,11,1115.4
25060007654000,4,2,2,0
25060007655000,14,6,8,530.6
25060007656000,7,4,3,468.3
25070007435000,1,0,1,0
25070007453000,3,2,1,0
25070007454000,45,25,20,2205
25070007459000,22,12,10,1102.2
25070007460000,19,9,10,894.9
25070007463000,38,19,19,1132.4
25070007464000,167,92,75,6563.1
25070007465000,225,113,112,8910
25070007467000,30,17,13,1086
25070007468000,30,16,14,1176
25070007511000,2,1,1,0
25070007512000,6,3,3,424.2
25070007513000,1,1,0,0
25070007514000,6,3,3,465
25070007515000,4,3,1,0
25070007517000,18,10,8,669.6
25070007525000,7,5,2,259.7
25070007526000,4,3,1,0
25070007528000,2,1,1,0
25070007531000,35,15,20,1249.5
25070007533000,41,21,20,1853.2
25070007534000,21,8,13,791.7
25070007537000,5,4,1,104
25070007579000,4,2,2,0
25070007591000,1,1,0,0
25070007595000,4,4,0,0
25070007602000,11,6,5,618.2
25070007603000,4,2,2,0
25070007611000,4,2,2,0
25070007612000,25,14,11,1030
25070007619000,1,1,0,0
25070007620000,29,15,14,1351.4
25070007621000,25,13,12,1152.5
25070007622000,23,13,10,710.7
25070007623000,5,3,2,154
25070007627000,20,15,5,700
25070007633000,13,7,6,612.3
25070007642000,1,1,0,0
25070007644000,25,14,11,865
25070007645000,3,2,1,0
25070007649000,98,45,53,3518.2
25070007650000,33,17,16,1587.3
25070007651000,19,10,9,891.1
25070007652000,48,25,23,1704
25070007653000,9,4,5,367.2
25070007655000,1,1,0,0
25080007434000,1,1,0,0
25080007460000,14,8,6,656.6
25080007464000,45,25,20,2808
25080007465000,83,38,45,2722.4
25080007467000,6,3,3,220.8
25080007468000,3,2,1,0
25080007513000,21,12,9,852.6
25080007515000,15,7,8,544.5
25080007526000,3,1,2,0
25080007529000,8,4,4,396
25080007530000,20,8,12,1106
25080007531000,93,48,45,4398.9
25080007534000,1,0,1,0
25080007535000,8,4,4,292.8
25080007537000,2,1,1,0
25080007590000,8,6,2,400
25080007591000,3,2,1,0
25080007602000,40,21,19,2196
25080007603000,31,18,13,1240
25080007604000,54,27,27,2667.6
25080007605000,8,5,3,512
25080007606000,6,4,2,130.2
25080007612000,1,1,0,0
25080007613000,51,25,26,2142
25080007621000,5,2,3,268
25080007622000,12,6,6,619.2
25080007626000,9,4,5,471.6
25080007627000,5,3,2,236
25080007633000,14,10,4,484.4
25080007643000,8,3,5,220.8
25080007644000,54,25,29,1879.2
25080007645000,17,8,9,715.7
25090007460000,33,18,15,1468.5
25090007461000,18,11,7,617.4
25090007465000,35,18,17,1172.5
25090007469000,3,2,1,0
25090007470000,18,8,10,698.4
25090007484000,8,4,4,306.4
25090007497000,1,1,0,0
25090007516000,123,62,61,4981.5
25090007526000,1,0,1,0
25090007535000,8,4,4,320
25090007536000,11,4,7,430.1
25090007537000,6,3,3,355.2
25090007584000,1,0,1,0
25090007598000,4,2,2,0
25090007599000,2,2,0,0
25090007602000,52,18,34,2698.8
25090007605000,5,3,2,163
25090007606000,24,11,13,1312.8
25090007607000,5,2,3,241
25090007613000,43,19,24,1797.4
25090007614000,3,2,1,0
25090007618000,4,2,2,0
25090007621000,4,3,1,0
25090007622000,18,10,8,763.2
25090007626000,1,1,0,0
25090007627000,20,13,7,542
25090007634000,9,3,6,341.1
25090007643000,4,2,2,0
25090007644000,46,21,25,1849.2
25090007645000,32,16,16,1267.2
25100007457000,4,3,1,0
25100007461000,23,12,11,954.5
25100007465000,66,33,33,2904
25100007467000,2,1,1,0
25100007469000,7,4,3,422.8
25100007470000,11,7,4,469.7
25100007471000,16,8,8,667.2
25100007472000,4,2,2,0
25100007507000,1,1,0,0
25100007516000,33,14,19,1428.9
25100007517000,36,21,15,2102.4
25100007528000,1,1,0,0
25100007529000,3,2,1,0
25100007530000,5,3,2,274
25100007534000,6,3,3,178.8
25100007535000,25,13,12,1040
25100007600000,1,0,1,0
25100007601000,9,3,6,528.3
25100007602000,38,22,16,2040.6
25100007607000,3,2,1,0
25100007613000,13,9,4,587.6
25100007614000,68,36,32,2862.8
25100007621000,10,3,7,511
25100007622000,9,5,4,260.1
25100007626000,3,1,2,0
25100007627000,14,9,5,449.4
25100007634000,1,0,1,0
25100007638000,5,3,2,172
25100007642000,16,9,7,862.4
25100007643000,88,51,37,3256
25100007644000,17,7,10,691.9
25100007645000,17,6,11,712.3
25100007646000,12,7,5,638.4
25100007647000,43,23,20,1818.9
25110007438000,4,3,1,0
25110007440000,1,0,1,0
25110007457000,4,2,2,0
25110007461000,7,4,3,354.9
25110007466000,6,4,2,241.2
25110007467000,18,10,8,759.6
25110007468000,54,29,25,1938.6
25110007469000,52,24,28,2017.6
25110007470000,34,19,15,1411
25110007472000,4,1,3,0
25110007473000,6,4,2,399
25110007517000,14,5,9,715.4
25110007529000,1,0,1,0
25110007530000,21,8,13,924
25110007531000,7,3,4,328.3
25110007534000,2,1,1,0
25110007535000,6,3,3,396
25110007600000,1,1,0,0
25110007601000,34,20,14,1839.4
25110007602000,1,1,0,0
25110007606000,27,12,15,1231.2
25110007607000,4,2,2,0
25110007614000,106,54,52,3635.8
25110007615000,60,38,22,2160
25110007621000,5,2,3,218
25110007622000,4,2,2,0
25110007626000,22,12,10,873.4
25110007627000,34,12,22,1438.2
25110007628000,22,11,11,770
25110007629000,1,0,1,0
25110007638000,1,1,0,0
25110007639000,34,16,18,1567.4
25110007640000,41,20,21,1676.9
25110007641000,39,21,18,1630.2
25110007642000,80,37,43,3800
25110007643000,234,104,130,10132.2
25110007644000,32,15,17,1305.6
25110007645000,23,12,11,1046.5
25110007646000,5,3,2,167
25110007647000,9,7,2,466.2
25110007648000,1,1,0,0
25120007415000,2,1,1,0
25120007417000,6,2,4,337.8
25120007418000,4,3,1,0
25120007419000,10,5,5,764
25120007425000,21,10,11,896.7
25120007453000,1,1,0,0
25120007460000,5,4,1,189
25120007461000,5,2,3,240
25120007469000,2,1,1,0
25120007470000,21,13,8,615.3
25120007471000,13,8,5,572
25120007472000,15,11,4,670.5
25120007473000,1,1,0,0
25120007508000,2,1,1,0
25120007512000,1,0,1,0
25120007519000,15,8,7,796.5
25120007520000,14,6,8,544.6
25120007606000,6,3,3,291
25120007615000,39,18,21,1544.4
25120007616000,51,33,18,1632
25120007626000,43,20,23,1449.1
25120007628000,5,4,1,246
25120007629000,3,2,1,0
25120007631000,4,2,2,0
25120007632000,16,8,8,432
25120007642000,4,3,1,0
25120007643000,10,7,3,341
25130007414000,2,2,0,0
25130007415000,1,0,1,0
25130007417000,2,1,1,0
25130007419000,13,5,8,652.6
25130007420000,22,12,10,1060.4
25130007421000,13,9,4,569.4
25130007422000,11,5,6,535.7
25130007423000,20,11,9,754
25130007424000,39,18,21,1630.2
25130007425000,57,31,26,2171.7
25130007426000,48,23,25,1857.6
25130007427000,24,14,10,1046.4
25130007428000,18,10,8,739.8
25130007429000,180,100,80,7812
25130007430000,81,42,39,3993.3
25130007431000,24,14,10,993.6
25130007443000,6,1,5,133.8
25130007457000,5,3,2,200
25130007458000,4,1,3,0
25130007461000,43,24,19,2068.3
25130007472000,4,3,1,0
25130007473000,3,2,1,0
25130007474000,1,1,0,0
25130007477000,1,1,0,0
25130007519000,15,9,6,859.5
25130007531000,4,1,3,0
25130007533000,1,1,0,0
25130007544000,144,72,72,6480
25130007545000,36,20,16,1695.6
25130007615000,26,16,10,1097.2
25130007616000,82,43,39,3025.8
25130007625000,17,10,7,627.3
25130007626000,66,37,29,2772
25130007631000,10,5,5,460
25130007639000,9,7,2,398.7
25140007414000,1,1,0,0
25140007421000,1,1,0,0
25140007422000,10,5,5,550
25140007423000,31,14,17,1416.7
25140007424000,3,2,1,0
25140007428000,12,6,6,465.6
25140007429000,58,31,27,2888.4
25140007430000,91,47,44,3867.5
25140007431000,74,42,32,3137.6
25140007432000,54,28,26,1976.4
25140007433000,52,29,23,2402.4
25140007458000,34,16,18,1516.4
25140007459000,11,6,5,418
25140007460000,2,1,1,0
25140007461000,57,32,25,2223
25140007473000,2,1,1,0
25140007474000,3,1,2,0
25140007475000,10,4,6,413
25140007520000,1,1,0,0
25140007533000,17,10,7,899.3
25140007544000,14,9,5,441
25140007546000,7,3,4,387.1
25140007582000,4,3,1,0
25140007587000,5,2,3,393
25140007588000,4,2,2,0
25140007606000,1,1,0,0
25140007609000,2,1,1,0
25140007616000,38,19,19,1151.4
25140007617000,101,48,53,3807.7
25140007618000,4,1,3,0
25140007625000,34,16,18,1587.8
25140007632000,13,8,5,522.6
25150007413000,2,1,1,0
25150007423000,5,3,2,216
25150007428000,2,2,0,0
25150007429000,12,5,7,595.2
25150007432000,7,3,4,347.2
25150007433000,14,8,6,596.4
25150007434000,45,22,23,1579.5
25150007435000,17,10,7,809.2
25150007438000,3,1,2,0
25150007439000,2,1,1,0
25150007440000,312,163,149,12604.8
25150007441000,38,19,19,1645.4
25150007443000,2,2,0,0
25150007444000,5,2,3,335
25150007456000,7,3,4,298.9
25150007459000,557,272,285,23059.8
25150007460000,946,466,480,40488.8
25150007461000,46,24,22,2189.6
25150007462000,2,1,1,0
25150007474000,15,6,9,502.5
25150007520000,4,2,2,0
25150007545000,7,3,4,231.7
25150007581000,2,1,1,0
25150007582000,4,3,1,0
25150007585000,2,1,1,0
25150007586000,2,1,1,0
25150007609000,38,20,18,2295.2
25150007610000,20,8,12,994
25150007617000,34,21,13,1298.8
25150007618000,561,270,291,21149.7
25150007619000,562,269,293,18939.4
25150007620000,699,369,330,26142.6
25150007621000,97,51,46,3016.7
25150007622000,39,21,18,1778.4
25150007623000,67,33,34,2592.9
25150007625000,32,14,18,1260.8
25150007635000,5,4,1,261
25160007412000,2,1,1,0
25160007424000,2,1,1,0
25160007426000,6,3,3,343.8
25160007427000,7,3,4,380.8
25160007428000,6,3,3,261
25160007434000,4,3,1,0
25160007435000,43,21,22,1720
25160007436000,62,34,28,3199.2
25160007437000,59,28,31,2454.4
25160007438000,101,48,53,4050.1
25160007439000,107,55,52,4718.7
25160007440000,27,15,12,1136.7
25160007441000,295,172,123,12036
25160007442000,550,260,290,23155
25160007444000,66,35,31,2409
25160007445000,51,24,27,2330.7
25160007451000,2,2,0,0
25160007455000,2,1,1,0
25160007456000,67,37,30,2800.6
25160007457000,2,1,1,0
25160007459000,153,83,70,6548.4
25160007460000,993,487,506,42003.9
25160007461000,500,249,251,20750
25160007462000,1,1,0,0
25160007463000,23,12,11,768.2
25160007464000,20,12,8,790
25160007487000,1,1,0,0
25160007491000,1,1,0,0
25160007523000,1,1,0,0
25160007533000,9,6,3,354.6
25160007543000,15,8,7,577.5
25160007546000,5,2,3,275
25160007547000,18,5,13,849.6
25160007548000,2,1,1,0
25160007550000,7,2,5,389.2
25160007582000,14,6,8,733.6
25160007610000,19,11,8,1018.4
25160007618000,49,19,30,1435.7
25160007619000,1080,516,564,45468
25160007620000,1341,640,701,59674.5
25160007621000,794,388,406,30807.2
25160007622000,81,40,41,3175.2
25160007623000,40,21,19,1964
25160007624000,23,13,10,1150
25160007643000,1,0,1,0
25170007411000,11,7,4,643.5
25170007424000,4,2,2,0
25170007425000,1,1,0,0
25170007436000,3,2,1,0
25170007437000,5,3,2,235
25170007440000,5,3,2,306
25170007441000,88,46,42,3432
25170007442000,823,389,434,36047.4
25170007444000,29,14,15,1093.3
25170007447000,18,10,8,846
25170007449000,1,1,0,0
25170007455000,3,2,1,0
25170007456000,78,41,37,2901.6
25170007457000,140,62,78,5348
25170007458000,4,3,1,0
25170007460000,1004,467,537,49196
25170007461000,354,163,191,16567.2
25170007462000,2,1,1,0
25170007463000,20,12,8,670
25170007464000,29,14,15,1270.2
25170007465000,32,18,14,1388.8
25170007466000,2,1,1,0
25170007543000,14,6,8,659.4
25170007544000,5,3,2,220
25170007547000,9,5,4,383.4
25170007548000,33,16,17,1244.1
25170007549000,10,5,5,343
25170007557000,2,1,1,0
25170007582000,20,10,10,1052
25170007583000,2,1,1,0
25170007587000,2,1,1,0
25170007611000,11,5,6,641.3
25170007620000,28,14,14,1870.4
25170007621000,14,6,8,719.6
25170007622000,24,12,12,998.4
25170007641000,1,0,1,0
25170007651000,8,3,5,496
25170007652000,8,3,5,351.2
25170007653000,2,1,1,0
25180007393000,2,1,1,0
25180007424000,6,3,3,157.8
25180007425000,5,3,2,137
25180007427000,1,1,0,0
25180007428000,7,3,4,382.2
25180007429000,1,1,0,0
25180007441000,5,2,3,138
25180007442000,460,235,225,17572
25180007443000,8,5,3,547.2
25180007458000,33,16,17,1623.6
25180007459000,251,125,126,10793
25180007460000,524,271,253,20645.6
25180007461000,719,372,347,28400.5
25180007463000,17,11,6,676.6
25180007464000,55,28,27,2392.5
25180007465000,7,3,4,380.8
25180007466000,17,9,8,731
25180007548000,2,1,1,0
25180007550000,6,5,1,301.2
25180007558000,12,7,5,703.2
25180007581000,4,2,2,0
25180007582000,5,3,2,324
25180007619000,81,44,37,2745.9
25180007620000,583,297,286,20405
25180007621000,46,26,20,1729.6
25180007622000,1,0,1,0
25180007623000,36,20,16,1288.8
25180007626000,8,5,3,212.8
25180007627000,32,16,16,1097.6
25180007633000,6,5,1,196.8
25190007423000,13,4,9,413.4
25190007429000,16,9,7,819.2
25190007431000,3,2,1,0
25190007441000,1,1,0,0
25190007442000,2,1,1,0
25190007443000,7,3,4,287
25190007446000,33,17,16,1524.6
25190007447000,18,9,9,734.4
25190007448000,5,3,2,292
25190007458000,20,11,9,830
25190007459000,61,36,25,2287.5
25190007460000,66,35,31,1933.8
25190007461000,12,7,5,342
25190007463000,13,5,8,586.3
25190007464000,12,5,7,445.2
25190007465000,18,8,10,741.6
25190007466000,3,2,1,0
25190007467000,12,7,5,453.6
25190007468000,13,7,6,301.6
25190007482000,4,3,1,0
25190007484000,95,56,39,3847.5
25190007485000,46,19,27,1968.8
25190007491000,1,0,1,0
25190007522000,1,1,0,0
25190007534000,2,1,1,0
25190007535000,6,3,3,430.2
25190007541000,2,1,1,0
25190007548000,1,1,0,0
25190007550000,16,6,10,681.6
25190007557000,3,2,1,0
25190007558000,3,2,1,0
25190007559000,3,2,1,0
25190007581000,4,2,2,0
25190007582000,1,1,0,0
25190007615000,9,5,4,389.7
25190007616000,106,50,56,3996.2
25190007617000,45,21,24,1449
25190007618000,22,14,8,946
25190007619000,8,6,2,340
25190007623000,6,3,3,373.8
25190007626000,108,60,48,4536
25190007627000,3,1,2,0
25190007628000,1,0,1,0
25190007629000,22,11,11,741.4
25190007630000,20,9,11,552
25190007633000,2,1,1,0
25190007640000,7,3,4,548.1
25190007641000,4,2,2,0
25200007400000,12,5,7,492
25200007401000,2,2,0,0
25200007402000,5,2,3,192
25200007423000,2,1,1,0
25200007430000,6,2,4,196.2
25200007441000,7,2,5,501.2
25200007442000,8,3,5,451.2
25200007443000,27,16,11,1255.5
25200007444000,5,3,2,182
25200007450000,2,1,1,0
25200007458000,6,4,2,406.2
25200007459000,38,19,19,1565.6
25200007464000,11,4,7,511.5
25200007465000,6,3,3,318
25200007467000,1,1,0,0
25200007469000,23,13,10,926.9
25200007470000,12,4,8,469.2
25200007480000,15,8,7,604.5
25200007481000,30,16,14,1434
25200007482000,13,9,4,721.5
25200007483000,3,2,1,0
25200007484000,60,23,37,2550
25200007485000,3,1,2,0
25200007491000,4,2,2,0
25200007543000,5,3,2,109
25200007551000,19,11,8,566.2
25200007555000,17,11,6,629
25200007556000,3,3,0,0
25200007559000,1,1,0,0
25200007581000,42,21,21,1936.2
25200007582000,11,6,5,676.5
25200007583000,10,4,6,480
25200007614000,176,95,81,6283.2
25200007615000,360,184,176,13536
25200007616000,67,34,33,2438.8
25200007618000,2,1,1,0
25200007619000,3,1,2,0
25200007623000,12,7,5,436.8
25200007625000,80,34,46,3064
25200007626000,33,20,13,1478.4
25200007641000,15,7,8,889.5
25200007642000,2,1,1,0
25200007658000,19,12,7,813.2
25200007659000,35,16,19,1508.5
25210007428000,4,3,1,0
25210007429000,4,2,2,0
25210007430000,7,4,3,412.3
25210007449000,51,26,25,2050.2
25210007450000,24,15,9,1051.2
25210007452000,1,1,0,0
25210007457000,42,19,23,1717.8
25210007458000,36,16,20,1522.8
25210007459000,19,10,9,799.9
25210007465000,24,12,12,703.2
25210007466000,10,6,4,296
25210007467000,9,4,5,273.6
25210007469000,22,11,11,638
25210007470000,43,23,20,1926.4
25210007471000,1,1,0,0
25210007478000,5,2,3,186
25210007479000,43,22,21,1715.7
25210007480000,10,4,6,329
25210007488000,6,4,2,238.2
25210007489000,17,10,7,799
25210007490000,4,1,3,0
25210007536000,5,2,3,356
25210007542000,12,4,8,451.2
25210007551000,12,6,6,394.8
25210007554000,14,8,6,589.4
25210007555000,7,5,2,252.7
25210007559000,2,1,1,0
25210007581000,5,2,3,340
25210007582000,1,1,0,0
25210007608000,2,1,1,0
25210007613000,1,1,0,0
25210007614000,125,62,63,5175
25210007616000,18,13,5,432
25210007623000,38,17,21,1398.4
25210007624000,85,48,37,3247
25210007625000,36,21,15,1209.6
25210007632000,2,1,1,0
25210007633000,6,3,3,154.2
25210007634000,5,3,2,147
25210007642000,5,3,2,315
25210007643000,3,2,1,0
25210007658000,1,1,0,0
25210007662000,1,1,0,0
25220007411000,9,6,3,419.4
25220007422000,1,1,0,0
25220007423000,7,3,4,282.1
25220007430000,5,2,3,107
25220007440000,2,1,1,0
25220007458000,25,13,12,1162.5
25220007466000,10,7,3,451
25220007467000,32,18,14,1049.6
25220007470000,23,8,15,678.5
25220007471000,13,7,6,283.4
25220007472000,16,8,8,779.2
25220007477000,6,3,3,334.8
25220007484000,5,2,3,206
25220007488000,13,5,8,639.6
25220007489000,22,12,10,1427.8
25220007542000,10,7,3,307
25220007552000,1,0,1,0
25220007553000,6,3,3,180
25220007580000,11,6,5,660
25220007613000,12,5,7,805.2
25220007614000,37,18,19,1657.6
25220007620000,3,1,2,0
25220007625000,38,20,18,1542.8
25220007638000,21,12,9,957.6
25220007639000,15,9,6,817.5
25220007640000,2,1,1,0
25220007645000,9,5,4,510.3
25220007647000,3,2,1,0
25220007652000,1,1,0,0
25220007662000,6,4,2,385.8
25220007663000,27,15,12,1317.6
25230007411000,4,2,2,0
25230007468000,13,7,6,555.1
25230007469000,4,3,1,0
25230007470000,14,8,6,660.8
25230007472000,6,3,3,328.2
25230007473000,19,11,8,1024.1
25230007474000,6,4,2,289.2
25230007476000,2,1,1,0
25230007480000,6,2,4,208.2
25230007481000,26,14,12,980.2
25230007482000,11,9,2,432.3
25230007483000,8,5,3,380.8
25230007484000,7,2,5,401.1
25230007534000,5,2,3,276
25230007535000,1,0,1,0
25230007542000,7,3,4,361.2
25230007552000,6,3,3,283.2
25230007553000,7,4,3,266
25230007557000,2,0,2,0
25230007580000,5,3,2,270
25230007613000,10,5,5,438
25230007614000,3,3,0,0
25230007625000,90,51,39,2718
25230007634000,11,6,5,355.3
25230007637000,17,10,7,676.6
25230007647000,1,1,0,0
25230007650000,2,1,1,0
25230007662000,1,0,1,0
25240007410000,3,2,1,0
25240007455000,3,1,2,0
25240007468000,17,9,8,705.5
25240007469000,14,8,6,537.6
25240007470000,6,2,4,271.8
25240007471000,4,2,2,0
25240007472000,11,7,4,495
25240007482000,1,1,0,0
25240007483000,45,21,24,1908
25240007487000,1,1,0,0
25240007542000,6,4,2,183
25240007552000,23,10,13,1161.5
25240007554000,2,0,2,0
25240007555000,6,4,2,367.8
25240007563000,1,0,1,0
25240007578000,7,6,1,163.8
25240007579000,6,4,2,391.2
25240007580000,5,3,2,397
25240007612000,11,5,6,316.8
25240007616000,2,1,1,0
25240007625000,19,11,8,761.9
25240007626000,18,8,10,718.2
25240007634000,8,3,5,359.2
25240007636000,14,9,5,581
25240007641000,5,3,2,185
25240007643000,5,2,3,200
25240007645000,5,2,3,222
25240007654000,5,3,2,264
25240007663000,1,0,1,0
25250007409000,16,7,9,843.2
25250007410000,11,7,4,672.1
25250007456000,16,7,9,624
25250007469000,320,165,155,12480
25250007470000,516,261,255,21001.2
25250007471000,6,3,3,166.2
25250007475000,17,8,9,736.1
25250007476000,2,1,1,0
25250007485000,1,1,0,0
25250007489000,1,0,1,0
25250007542000,5,1,4,387
25250007551000,28,18,10,691.6
25250007552000,218,114,104,9635.6
25250007554000,1,0,1,0
25250007558000,10,5,5,432
25250007578000,11,6,5,498.3
25250007579000,21,10,11,1010.1
25250007612000,16,7,9,601.6
25250007615000,3,2,1,0
25250007626000,20,11,9,876
25250007635000,2,1,1,0
25250007636000,11,6,5,541.2
25250007647000,2,1,1,0
25250007648000,11,7,4,666.6
25250007649000,19,9,10,898.7
25250007650000,6,3,3,205.2
25250007651000,170,84,86,6970
25250007652000,33,18,15,1534.5
25250007653000,2,0,2,0
25250007654000,41,19,22,1726.1
25250007664000,2,1,1,0
25260007408000,2,1,1,0
25260007470000,18,9,9,644.4
25260007471000,21,9,12,873.6
25260007472000,4,2,2,0
25260007473000,6,3,3,261
25260007542000,1,1,0,0
25260007551000,37,25,12,1047.1
25260007552000,215,105,110,9352.5
25260007558000,5,2,3,337
25260007560000,3,1,2,0
25260007563000,1,0,1,0
25260007577000,19,8,11,931
25260007578000,9,5,4,527.4
25260007579000,2,1,1,0
25260007580000,4,2,2,0
25260007625000,14,10,4,504
25260007626000,3,2,1,0
25260007635000,21,12,9,819
25260007648000,5,2,3,157
25260007649000,36,17,19,1573.2
25260007652000,1,1,0,0
25260007653000,1,1,0,0
25260007665000,7,5,2,322.7
25260007667000,2,2,0,0
25260007669000,73,40,33,3124.4
25270007472000,3,2,1,0
25270007473000,20,11,9,766
25270007476000,4,2,2,0
25270007477000,9,5,4,584.1
25270007478000,1,0,1,0
25270007552000,25,13,12,1000
25270007556000,7,3,4,391.3
25270007559000,7,3,4,212.8
25270007560000,25,11,14,1065
25270007561000,4,2,2,0
25270007562000,10,7,3,432
25270007563000,48,28,20,2140.8
25270007578000,2,2,0,0
25270007580000,16,10,6,1068.8
25270007612000,4,3,1,0
25270007625000,11,5,6,347.6
25270007626000,6,3,3,169.2
25270007635000,3,2,1,0
25270007636000,12,7,5,598.8
25270007649000,4,3,1,0
25270007653000,7,4,3,266.7
25270007654000,3,2,1,0
25270007663000,1,0,1,0
25270007669000,37,19,18,1465.2
25270007670000,4,2,2,0
25280007474000,6,2,4,358.2
25280007475000,4,2,2,0
25280007476000,41,20,21,1750.7
25280007477000,9,5,4,592.2
25280007478000,2,1,1,0
25280007492000,2,1,1,0
25280007543000,10,3,7,343
25280007556000,1,0,1,0
25280007558000,1,0,1,0
25280007578000,8,3,5,204
25280007581000,7,2,5,235.9
25280007625000,4,2,2,0
25280007626000,1,0,1,0
25280007650000,6,3,3,337.2
25280007653000,2,1,1,0
25280007654000,4,2,2,0
25280007655000,7,4,3,252.7
25290007475000,19,9,10,963.3
25290007476000,24,13,11,1291.2
25290007503000,2,2,0,0
25290007543000,1,0,1,0
25290007552000,2,1,1,0
25290007556000,3,2,1,0
25290007557000,5,3,2,368
25290007561000,13,6,7,677.3
25290007583000,7,4,3,436.8
25290007584000,1,0,1,0
25290007585000,9,5,4,541.8
25290007588000,1,1,0,0
25290007649000,2,2,0,0
25290007650000,8,3,5,652.8
25290007655000,2,1,1,0
25290007665000,9,4,5,388.8
25300007408000,16,7,9,745.6
25300007453000,2,0,2,0
25300007475000,12,6,6,517.2
25300007478000,1,1,0,0
25300007480000,4,2,2,0
25300007497000,6,1,5,249
25300007498000,4,2,2,0
25300007499000,1,1,0,0
25300007547000,2,1,1,0
25300007548000,1,1,0,0
25300007584000,6,2,4,232.2
25300007602000,6,4,2,229.8
25300007603000,5,4,1,79
25300007611000,16,9,7,875.2
25300007655000,53,30,23,2565.2
25300007661000,1,1,0,0
25300007666000,3,2,1,0
25310007407000,2,1,1,0
25310007451000,2,2,0,0
25310007452000,2,1,1,0
25310007480000,16,7,9,915.2
25310007495000,5,3,2,271
25310007496000,5,2,3,348
25310007501000,2,0,2,0
25310007543000,3,2,1,0
25310007547000,1,0,1,0
25310007584000,4,1,3,0
25310007585000,6,4,2,384
25310007587000,7,2,5,175
25310007603000,4,2,2,0
25310007610000,11,4,7,462
25310007611000,1,1,0,0
25310007612000,4,1,3,0
25310007655000,17,10,7,858.5
25310007656000,80,36,44,2904
25310007660000,2,1,1,0
25320007402000,5,2,3,255
25320007482000,2,1,1,0
25320007495000,1,1,0,0
25320007542000,1,1,0,0
25320007543000,7,4,3,478.1
25320007549000,1,1,0,0
25320007604000,2,1,1,0
25320007606000,9,5,4,576
25320007607000,11,6,5,566.5
25320007608000,4,2,2,0
25320007656000,134,67,67,6566
25320007657000,16,9,7,593.6
25320007660000,4,2,2,0
25320007672000,3,2,1,0
25320007675000,2,1,1,0
25330007403000,2,1,1,0
25330007482000,1,0,1,0
25330007496000,2,1,1,0
25330007508000,3,0,3,0
25330007509000,3,2,1,0
25330007554000,2,1,1,0
25330007555000,1,1,0,0
25330007605000,3,1,2,0
25330007606000,14,9,5,631.4
25330007607000,3,1,2,0
25330007608000,7,4,3,270.2
25330007609000,8,3,5,596.8
25330007625000,2,1,1,0
25330007627000,3,1,2,0
25330007628000,7,5,2,457.1
25330007657000,5,2,3,188
25330007658000,3,2,1,0
25330007660000,2,1,1,0
25330007678000,21,9,12,1087.8
25340007496000,7,3,4,429.1
25340007508000,18,9,9,936
25340007510000,3,2,1,0
25340007555000,2,1,1,0
25340007556000,2,1,1,0
25340007588000,1,1,0,0
25340007589000,7,3,4,403.2
25340007591000,3,0,3,0
25340007615000,6,3,3,318
25340007616000,3,2,1,0
25340007627000,4,2,2,0
25340007629000,4,2,2,0
25340007660000,11,7,4,507.1
25340007677000,3,2,1,0
25340007678000,10,4,6,438
25350007496000,16,6,10,958.4
25350007497000,7,2,5,228.9
25350007508000,35,20,15,1883
25350007509000,4,3,1,0
25350007510000,16,6,10,968
25350007528000,2,2,0,0
25350007532000,4,2,2,0
25350007552000,2,0,2,0
25350007553000,6,4,2,211.2
25350007555000,47,24,23,2068
25350007556000,19,13,6,737.2
25350007587000,4,3,1,0
25350007590000,1,1,0,0
25350007616000,16,9,7,612.8
25350007627000,4,2,2,0
25350007628000,6,4,2,324
25350007630000,3,1,2,0
25350007631000,5,4,1,105
25350007632000,4,3,1,0
25350007633000,3,2,1,0
25350007660000,20,11,9,770
25350007661000,1,1,0,0
25360007510000,20,12,8,864
25360007511000,1,0,1,0
25360007531000,5,3,2,311
25360007532000,4,4,0,0
25360007534000,4,1,3,0
25360007552000,4,2,2,0
25360007555000,20,12,8,950
25360007556000,140,57,83,5544
25360007557000,1,1,0,0
25360007558000,9,5,4,576.9
25360007559000,1,1,0,0
25360007588000,1,1,0,0
25360007593000,7,4,3,340.2
25360007594000,3,2,1,0
25360007595000,3,1,2,0
25360007616000,2,1,1,0
25360007617000,45,24,21,1818
25360007618000,10,4,6,312
25360007662000,4,3,1,0
25360007663000,24,12,12,1221.6
25360007664000,13,5,8,626.6
25360007667000,3,2,1,0
25360007675000,2,1,1,0
25370007495000,19,11,8,875.9
25370007496000,4,2,2,0
25370007497000,22,11,11,1229.8
25370007533000,1,0,1,0
25370007537000,25,13,12,955
25370007540000,3,2,1,0
25370007541000,11,6,5,669.9
25370007551000,1,1,0,0
25370007552000,9,5,4,468.9
25370007557000,10,7,3,415
25370007558000,12,6,6,867.6
25370007559000,5,3,2,222
25370007560000,3,2,1,0
25370007562000,3,2,1,0
25370007587000,4,3,1,0
25370007617000,12,7,5,757.2
25370007618000,9,5,4,610.2
25370007619000,6,2,4,235.8
25370007629000,12,5,7,609.6
25370007665000,8,4,4,223.2
25370007666000,31,19,12,1577.9
25370007668000,5,3,2,259
25370007671000,2,1,1,0
25370007684000,213,108,105,9435.9
25370007685000,122,59,63,5233.8
25380007477000,2,1,1,0
25380007496000,14,7,7,539
25380007513000,2,1,1,0
25380007527000,1,0,1,0
25380007538000,31,17,14,1466.3
25380007539000,48,26,22,1900.8
25380007551000,1,1,0,0
25380007552000,2,1,1,0
25380007560000,3,1,2,0
25380007592000,4,3,1,0
25380007619000,12,8,4,591.6
25380007620000,20,12,8,908
25380007630000,18,10,8,808.2
25380007631000,1,0,1,0
25380007665000,2,1,1,0
25380007666000,158,65,93,8579.4
25380007667000,24,13,11,974.4
25380007668000,19,12,7,716.3
25380007684000,42,21,21,1810.2
25380007685000,80,38,42,3240
25390007497000,7,3,4,261.8
25390007501000,7,5,2,331.8
25390007502000,4,2,2,0
25390007512000,1,0,1,0
25390007527000,2,2,0,0
25390007528000,1,0,1,0
25390007538000,11,7,4,524.7
25390007539000,103,50,53,3955.2
25390007572000,1,0,1,0
25390007587000,204,114,90,9282
25390007588000,146,65,81,6759.8
25390007620000,3,2,1,0
25390007667000,9,4,5,311.4
25390007668000,8,5,3,435.2
25390007669000,4,3,1,0
25400007497000,8,5,3,451.2
25400007502000,1,0,1,0
25400007548000,19,12,7,522.5
25400007588000,635,307,328,29908.5
25400007589000,657,332,325,26542.8
25400007590000,13,5,8,665.6
25400007669000,16,8,8,696
25410007502000,2,2,0,0
25410007521000,3,1,2,0
25410007524000,1,1,0,0
25410007540000,3,2,1,0
25410007546000,12,4,8,363.6
25410007547000,1,1,0,0
25410007559000,2,2,0,0
25410007589000,83,45,38,3154
25410007591000,1,1,0,0
25410007592000,4,2,2,0
25410007593000,2,1,1,0
25410007619000,12,8,4,348
25410007670000,42,19,23,1957.2
25410007671000,13,7,6,543.4
25410007680000,4,2,2,0
25410007688000,169,92,77,6658.6
25420007448000,6,4,2,283.8
25420007449000,168,87,81,6921.6
25420007501000,2,1,1,0
25420007525000,1,1,0,0
25420007547000,22,11,11,1265
25420007548000,1,0,1,0
25420007562000,8,4,4,170.4
25420007563000,9,7,2,447.3
25420007564000,40,21,19,2168
25420007565000,15,9,6,577.5
25420007594000,28,17,11,1369.2
25420007617000,2,1,1,0
25420007618000,14,7,7,599.2
25420007619000,12,8,4,406.8
25420007621000,2,1,1,0
25420007622000,6,3,3,271.2
25420007623000,10,5,5,384
25420007624000,7,4,3,448.7
25420007625000,10,9,1,473
25420007671000,18,9,9,795.6
25420007672000,19,8,11,917.7
25420007674000,4,3,1,0
25420007675000,4,2,2,0
25420007676000,4,2,2,0
25420007688000,439,226,213,17603.9
25420007689000,335,177,158,12026.5
25430007447000,31,17,14,1484.9
25430007448000,37,20,17,2072
25430007547000,18,11,7,750.6
25430007548000,25,13,12,1140
25430007562000,13,6,7,681.2
25430007564000,4,0,4,0
25430007565000,11,7,4,485.1
25430007567000,2,1,1,0
25430007568000,9,3,6,639.9
25430007569000,7,2,5,347.2
25430007570000,2,1,1,0
25430007571000,49,27,22,2454.9
25430007595000,9,4,5,407.7
25430007614000,2,1,1,0
25430007615000,1,0,1,0
25430007617000,24,11,13,1036.8
25430007618000,36,20,16,1652.4
25430007624000,9,6,3,435.6
25430007625000,17,9,8,608.6
25430007626000,12,6,6,438
25430007628000,1,0,1,0
25430007630000,2,1,1,0
25430007673000,8,5,3,402.4
25430007676000,5,2,3,211
25430007677000,10,3,7,498
25430007678000,16,8,8,942.4
25430007679000,5,3,2,222
25430007680000,7,3,4,412.3
25430007681000,12,6,6,542.4
25430007689000,369,179,190,16272.9
25430007690000,159,69,90,5724
25440007447000,116,60,56,5289.6
25440007547000,36,16,20,1490.4
25440007548000,71,40,31,2818.7
25440007549000,10,5,5,607
25440007565000,27,15,12,990.9
25440007566000,4,3,1,0
25440007567000,10,5,5,361
25440007568000,5,3,2,297
25440007617000,1,0,1,0
25440007627000,20,10,10,846
25440007628000,7,5,2,490.7
25440007631000,3,1,2,0
25440007632000,13,6,7,453.7
25440007633000,57,30,27,2274.3
25440007634000,153,75,78,6502.5
25440007635000,18,10,8,1044
25440007681000,17,9,8,1021.7
25440007682000,35,20,15,2061.5
25440007689000,426,212,214,17380.8
25440007690000,830,416,414,35192
25450007446000,48,26,22,2376
25450007447000,54,24,30,2100.6
25450007546000,1,0,1,0
25450007547000,139,76,63,5115.2
25450007548000,180,96,84,7326
25450007562000,1,0,1,0
25450007563000,8,3,5,396
25450007564000,1,0,1,0
25450007590000,8,4,4,542.4
25450007600000,3,1,2,0
25450007604000,1,0,1,0
25450007605000,1,1,0,0
25450007627000,39,24,15,1283.1
25450007630000,62,28,34,2697
25450007631000,26,14,12,1255.8
25450007636000,2,1,1,0
25450007682000,3,2,1,0
25450007683000,11,6,5,638
25450007684000,5,3,2,279
25460007446000,104,49,55,4409.6
25460007546000,118,66,52,4012
25460007547000,23,13,10,1000.5
25460007558000,3,2,1,0
25460007560000,2,1,1,0
25460007591000,2,1,1,0
25460007592000,2,1,1,0
25460007593000,16,7,9,740.8
25460007626000,2,1,1,0
25460007627000,27,15,12,842.4
25460007629000,26,14,12,1310.4
25460007630000,220,143,77,8382
25460007637000,19,10,9,623.2
25460007684000,12,6,6,614.4
25470007445000,21,12,9,1331.4
25470007446000,27,13,14,1611.9
25470007593000,9,5,4,678.6
25470007603000,2,1,1,0
25470007626000,19,11,8,1043.1
25470007627000,15,7,8,531
25470007629000,1009,456,553,41772.6
25470007630000,88,39,49,3810.4
25470007637000,4,3,1,0
25470007638000,12,5,7,559.2
25470007639000,10,5,5,442
25480007544000,27,13,14,1215
25480007545000,63,29,34,2627.1
25480007546000,2,1,1,0
25480007601000,2,1,1,0
25480007625000,5,1,4,175
25480007628000,20,10,10,826
25480007629000,75,39,36,2970
25480007639000,56,28,28,2189.6
25490007625000,6,4,2,196.8
25490007628000,69,34,35,3201.6
25500007530000,1,1,0,0
25500007531000,15,11,4,925.5
25500007532000,6,4,2,288
25500007533000,3,1,2,0
25500007605000,4,4,0,0
25500007606000,77,39,38,3049.2
25500007625000,56,23,33,2363.2
25500007626000,2,1,1,0
25500007627000,50,28,22,1995
25500007628000,56,30,26,2430.4
25500007645000,4,2,2,0
25500007650000,51,26,25,2427.6
25500007651000,22,11,11,1075.8
25510007530000,1,1,0,0
25510007531000,6,4,2,205.8
25510007589000,1,0,1,0
25510007605000,19,9,10,706.8
25510007606000,114,54,60,5494.8
25510007624000,3,2,1,0
25510007625000,212,113,99,7695.6
25510007626000,43,22,21,2300.5
25510007636000,1,1,0,0
25510007637000,8,6,2,520
25510007638000,3,1,2,0
25510007649000,24,13,11,1152
25510007650000,6,2,4,307.8
25520007559000,9,5,4,541.8
25520007582000,2,1,1,0
25520007583000,6,2,4,388.2
25520007584000,21,11,10,1262.1
25520007590000,4,1,3,0
25520007606000,8,4,4,354.4
25520007622000,8,4,4,364.8
25520007623000,12,9,3,484.8
25520007624000,18,10,8,795.6
25520007625000,6,2,4,226.8
25520007626000,8,5,3,388
25520007636000,6,4,2,183
25520007642000,15,6,9,699
25530007567000,1,1,0,0
25530007590000,2,1,1,0
25530007604000,12,5,7,717.6
25530007605000,7,3,4,305.2
25530007606000,10,5,5,672
25530007619000,1,0,1,0
25530007620000,5,3,2,340
25530007635000,28,15,13,904.4
25530007636000,25,13,12,880
25530007637000,22,9,13,1075.8
25530007641000,17,8,9,732.7
25530007642000,8,3,5,408.8
25540007548000,1,1,0,0
25540007557000,12,6,6,685.2
25540007568000,2,2,0,0
25540007590000,16,6,10,779.2
25540007591000,17,8,9,848.3
25540007605000,19,11,8,1202.7
25540007606000,14,9,5,656.6
25540007618000,4,2,2,0
25540007619000,9,6,3,502.2
25540007630000,5,1,4,171
25540007635000,7,2,5,170.1
25540007636000,149,80,69,6690.1
25540007637000,15,10,5,642
25540007641000,36,15,21,1652.4
25540007648000,5,4,1,292
25550007545000,1,0,1,0
25550007554000,23,10,13,977.5
25550007559000,2,1,1,0
25550007570000,7,3,4,447.3
25550007573000,6,4,2,399
25550007579000,2,1,1,0
25550007580000,10,6,4,435
25550007590000,20,11,9,796
25550007602000,6,3,3,270
25550007605000,14,7,7,730.8
25550007606000,23,13,10,880.9
25550007618000,10,5,5,307
25550007629000,53,27,26,2061.7
25550007630000,20,11,9,644
25550007631000,2,1,1,0
25550007635000,74,38,36,2878.6
25550007636000,10,5,5,274
25560007539000,1,1,0,0
25560007553000,75,38,37,3562.5
25560007554000,228,123,105,10533.6
25560007570000,2,1,1,0
25560007579000,7,4,3,483.7
25560007580000,9,3,6,470.7
25560007586000,2,1,1,0
25560007604000,5,2,3,264
25560007605000,13,6,7,488.8
25560007606000,13,7,6,747.5
25560007625000,7,4,3,286.3
25560007628000,26,16,10,850.2
25560007631000,20,11,9,978
25560007632000,4,2,2,0
25560007634000,4,2,2,0
25560007635000,45,18,27,1390.5
25560007636000,36,18,18,1342.8
25570007539000,1,1,0,0
25570007540000,1,1,0,0
25570007548000,1,1,0,0
25570007550000,2,1,1,0
25570007551000,7,5,2,492.8
25570007553000,6,3,3,412.2
25570007554000,533,278,255,22919
25570007555000,3,2,1,0
25570007560000,1,1,0,0
25570007579000,2,1,1,0
25570007586000,2,1,1,0
25570007603000,4,2,2,0
25570007604000,8,3,5,323.2
25570007606000,10,6,4,557
25570007615000,3,1,2,0
25570007616000,2,1,1,0
25570007625000,30,20,10,1113
25570007626000,13,6,7,418.6
25570007631000,18,11,7,707.4
25570007635000,37,15,22,1531.8
25570007636000,3,1,2,0
25570007642000,3,1,2,0
25580007566000,2,2,0,0
25580007568000,1,1,0,0
25580007578000,13,7,6,586.3
25580007591000,4,3,1,0
25580007603000,1,0,1,0
25580007606000,20,12,8,798
25580007615000,9,5,4,601.2
25580007616000,13,7,6,595.4
25580007632000,175,87,88,6457.5
25580007634000,2,1,1,0
25580007635000,89,50,39,3577.8
25580007642000,29,17,12,1110.7
25580007653000,7,4,3,247.1
25580007655000,3,2,1,0
25580007656000,14,6,8,739.2
25590007554000,1,1,0,0
25590007578000,2,2,0,0
25590007593000,3,2,1,0
25590007601000,3,1,2,0
25590007602000,1,1,0,0
25590007603000,7,4,3,259.7
25590007632000,115,60,55,4197.5
25590007633000,17,8,9,445.4
25590007634000,55,26,29,1963.5
25590007635000,182,86,96,6788.6
25590007636000,17,6,11,661.3
25590007638000,112,55,57,4793.6
25590007641000,3,2,1,0
25590007642000,6,3,3,382.8
25590007653000,5,4,1,255
25590007655000,2,0,2,0
25590007656000,16,11,5,849.6
25590007659000,1,1,0,0
25590007663000,4,2,2,0
25600007564000,1,1,0,0
25600007576000,5,2,3,106
25600007599000,37,20,17,1768.6
25600007603000,59,29,30,2690.4
25600007604000,8,4,4,471.2
25600007606000,3,2,1,0
25600007610000,7,5,2,331.1
25600007611000,9,4,5,610.2
25600007617000,83,42,41,3095.9
25600007618000,45,23,22,2349
25600007632000,448,218,230,18054.4
25600007633000,700,342,358,27930
25600007634000,766,390,376,27882.4
25600007635000,59,28,31,2006
25600007636000,10,7,3,329
25600007637000,37,21,16,1731.6
25600007638000,2,1,1,0
25600007641000,1,1,0,0
25600007642000,14,8,6,497
25600007653000,5,2,3,222
25600007654000,12,9,3,589.2
25600007656000,2,1,1,0
25600007657000,4,2,2,0
25600007661000,1,0,1,0
25610007527000,1,1,0,0
25610007598000,35,20,15,1337
25610007599000,34,16,18,1305.6
25610007604000,47,21,26,2350
25610007605000,12,7,5,526.8
25610007606000,21,13,8,850.5
25610007607000,72,35,37,2448
25610007608000,104,54,50,3879.2
25610007609000,9,2,7,462.6
25610007610000,35,17,18,1578.5
25610007611000,57,28,29,2570.7
25610007612000,41,22,19,1795.8
25610007617000,2,2,0,0
25610007618000,24,13,11,864
25610007619000,39,22,17,1384.5
25610007620000,6,3,3,355.8
25610007622000,3,1,2,0
25610007623000,114,62,52,5187
25610007630000,976,506,470,36697.6
25610007631000,1553,770,783,59635.2
25610007632000,1776,898,878,71928
25610007633000,1255,648,607,49070.5
25610007634000,360,181,179,13140
25610007635000,41,14,27,3567
25610007641000,18,10,8,844.2
25610007654000,145,68,77,6902
25610007655000,8,6,2,482.4
25610007656000,1,1,0,0
25610007661000,1,1,0,0
25620007577000,3,1,2,0
25620007588000,1,0,1,0
25620007596000,1,1,0,0
25620007597000,33,18,15,1630.2
25620007598000,203,103,100,8546.3
25620007604000,8,5,3,523.2
25620007605000,258,128,130,11790.6
25620007606000,3,2,1,0
25620007612000,18,10,8,1024.2
25620007619000,119,60,59,5247.9
25620007620000,132,62,70,6058.8
25620007621000,27,13,14,818.1
25620007623000,199,103,96,8397.8
25620007624000,267,133,134,10199.4
25620007626000,715,368,347,25811.5
25620007627000,331,177,154,10558.9
25620007628000,870,442,428,31320
25620007629000,1017,516,501,37629
25620007630000,880,426,454,34848
25620007631000,933,455,478,38719.5
25620007632000,618,315,303,25461.6
25620007633000,1532,751,781,69706
25620007634000,878,431,447,35120
25620007635000,72,36,36,2232
25620007636000,31,15,16,1010.6
25620007641000,39,17,22,2156.7
25620007653000,10,4,6,572
25620007654000,40,19,21,1752
25620007655000,9,5,4,444.6
25630007581000,2,1,1,0
25630007583000,1,0,1,0
25630007605000,19,11,8,851.2
25630007608000,32,19,13,1414.4
25630007609000,45,21,24,1908
25630007610000,39,19,20,1474.2
25630007611000,9,6,3,579.6
25630007612000,1,1,0,0
25630007613000,1,0,1,0
25630007614000,5,3,2,284
25630007617000,9,4,5,584.1
25630007618000,49,28,21,2092.3
25630007619000,43,22,21,1849
25630007620000,5,3,2,278
25630007621000,71,36,35,3379.6
25630007622000,2,1,1,0
25630007624000,27,14,13,1109.7
25630007625000,155,82,73,6014
25630007626000,746,374,372,25811.6
25630007627000,720,350,370,28512
25630007628000,318,161,157,11829.6
25630007629000,60,37,23,2412
25630007630000,866,384,482,42174.2
25630007631000,777,390,387,35042.7
25630007632000,106,49,57,4377.8
25630007641000,30,16,14,1407
25630007642000,26,14,12,842.4
25640007575000,2,0,2,0
25640007581000,3,1,2,0
25640007582000,3,2,1,0
25640007584000,4,2,2,0
25640007585000,1,1,0,0
25640007589000,9,3,6,384.3
25640007594000,6,4,2,247.2
25640007603000,11,3,8,721.6
25640007604000,4,2,2,0
25640007607000,5,4,1,182
25640007608000,319,164,155,12441
25640007609000,365,158,207,15111
25640007610000,49,22,27,1871.8
25640007611000,3,2,1,0
25640007612000,68,32,36,2747.2
25640007613000,13,8,5,517.4
25640007614000,3,2,1,0
25640007615000,29,17,12,1571.8
25640007616000,48,28,20,1992
25640007617000,90,43,47,3708
25640007618000,89,45,44,3880.4
25640007622000,5,4,1,204
25640007631000,724,350,374,30842.4
25640007642000,52,28,24,2626
25640007643000,45,19,26,1980
25640007644000,5,2,3,297
25640007645000,10,5,5,457
25640007646000,6,4,2,360
25650007582000,13,6,7,517.4
25650007583000,5,3,2,331
25650007584000,20,11,9,866
25650007587000,2,1,1,0
25650007589000,3,2,1,0
25650007590000,2,1,1,0
25650007594000,21,9,12,1064.7
25650007595000,7,5,2,378.7
25650007603000,4,2,2,0
25650007607000,82,38,44,3107.8
25650007608000,6,4,2,238.8
25650007614000,3,2,1,0
25650007618000,12,5,7,573.6
25650007643000,10,4,6,255
25650007646000,2,1,1,0
25650007647000,38,18,20,1318.6
25650007648000,2,1,1,0
25660007564000,1,1,0,0
25660007570000,3,2,1,0
25660007579000,14,9,5,757.4
25660007584000,2,1,1,0
25660007585000,2,0,2,0
25660007589000,1,0,1,0
25660007590000,23,11,12,782
25660007594000,38,17,21,1174.2
25660007595000,25,11,14,1157.5
25660007602000,2,1,1,0
25660007603000,147,72,75,6174
25660007604000,29,15,14,1415.2
25660007605000,40,18,22,1792
25660007606000,20,9,11,988
25660007607000,58,37,21,1827
25660007608000,7,2,5,525
25660007648000,7,3,4,179.2
25660007649000,25,11,14,1595
25660007650000,15,6,9,717
25670007573000,5,3,2,322
25670007574000,1,1,0,0
25670007575000,1,1,0,0
25670007578000,4,3,1,0
25670007579000,2,0,2,0
25670007587000,6,3,3,402
25670007588000,55,25,30,2882
25670007589000,32,16,16,1452.8
25670007590000,24,12,12,1053.6
25670007594000,6,3,3,193.2
25670007595000,36,16,20,1717.2
25670007598000,1,0,1,0
25670007599000,4,2,2,0
25670007600000,3,1,2,0
25670007601000,1,0,1,0
25670007602000,1,0,1,0
25670007603000,7,4,3,205.8
25670007605000,4,2,2,0
25670007606000,34,19,15,1329.4
25670007607000,38,24,14,1269.2
25670007608000,7,5,2,273.7
25670007641000,2,1,1,0
25670007648000,20,11,9,1268
25670007649000,8,3,5,394.4
25680007587000,2,1,1,0
25680007588000,58,32,26,2749.2
25680007589000,23,11,12,1435.2
25680007595000,4,1,3,0
25680007596000,4,1,3,0
25680007601000,2,1,1,0
25680007602000,11,5,6,426.8
25680007603000,11,7,4,436.7
25680007609000,34,18,16,1887
25680007610000,15,8,7,489
25680007611000,21,8,13,1075.2
25680007641000,9,5,4,520.2
25680007649000,4,2,2,0
25690007575000,2,1,1,0
25690007579000,20,10,10,674
25690007580000,1,1,0,0
25690007589000,11,5,6,620.4
25690007590000,6,3,3,297
25690007594000,5,5,0,251
25690007595000,29,17,12,1096.2
25690007596000,5,2,3,280
25690007597000,2,0,2,0
25690007599000,1,0,1,0
25690007600000,2,1,1,0
25690007601000,13,6,7,799.5
25690007602000,42,21,21,2205
25690007603000,65,33,32,2463.5
25690007606000,1,1,0,0
25690007608000,8,5,3,416
25690007609000,14,9,5,543.2
25690007616000,17,10,7,843.2
25690007617000,12,4,8,651.6
25690007618000,1,0,1,0
25690007650000,15,6,9,628.5
25700007571000,6,2,4,298.2
25700007572000,1,1,0,0
25700007573000,3,2,1,0
25700007574000,2,1,1,0
25700007575000,1,0,1,0
25700007576000,5,2,3,152
25700007577000,16,10,6,739.2
25700007578000,13,6,7,384.8
25700007579000,7,6,1,410.2
25700007580000,19,10,9,720.1
25700007590000,6,4,2,231
25700007594000,7,4,3,314.3
25700007598000,21,12,9,867.3
25700007599000,8,3,5,362.4
25700007601000,14,7,7,736.4
25700007602000,2,1,1,0
25700007603000,18,11,7,851.4
25700007604000,5,1,4,158
25700007605000,24,11,13,1099.2
25700007606000,6,5,1,268.8
25700007607000,17,11,6,894.2
25700007608000,4,2,2,0
25700007615000,1,1,0,0
25700007618000,9,6,3,594.9
25710007572000,1,1,0,0
25710007573000,1,1,0,0
25710007574000,2,1,1,0
25710007576000,2,0,2,0
25710007577000,4,2,2,0
25710007578000,4,2,2,0
25710007579000,22,12,10,849.2
25710007580000,7,4,3,326.2
25710007581000,22,13,9,838.2
25710007595000,6,3,3,354
25710007598000,7,3,4,359.8
25710007599000,58,27,31,2412.8
25710007600000,25,9,16,865
25710007601000,17,8,9,838.1
25710007603000,23,13,10,1113.2
25710007604000,13,6,7,560.3
25710007605000,24,13,11,928.8
25710007606000,45,23,22,1993.5
25710007607000,12,5,7,483.6
25710007618000,3,1,2,0
25710007619000,16,8,8,606.4
25710007663000,1,1,0,0
25720007571000,2,1,1,0
25720007579000,4,3,1,0
25720007580000,35,19,16,1809.5
25720007581000,20,10,10,1166
25720007582000,9,5,4,214.2
25720007588000,10,5,5,492
25720007589000,7,4,3,235.2
25720007590000,6,3,3,258
25720007595000,11,5,6,474.1
25720007598000,3,2,1,0
25720007599000,2,0,2,0
25720007602000,16,9,7,798.4
25720007603000,28,12,16,1192.8
25720007604000,11,4,7,325.6
25720007605000,5,2,3,95
25720007606000,4,3,1,0
25720007617000,3,2,1,0
25720007618000,1,1,0,0
25720007619000,137,63,74,5808.8
25720007662000,83,42,41,3660.3
25720007663000,20,9,11,782
25730007578000,2,1,1,0
25730007579000,2,1,1,0
25730007580000,151,75,76,5632.3
25730007581000,11,7,4,548.9
25730007582000,8,5,3,344.8
25730007584000,4,1,3,0
25730007588000,2,1,1,0
25730007595000,1,1,0,0
25730007596000,4,2,2,0
25730007613000,1,1,0,0
25730007619000,33,15,18,1673.1
25730007620000,53,24,29,2411.5
25730007661000,6,4,2,372
25740007579000,5,2,3,183
25740007580000,259,130,129,8650.6
25740007581000,175,78,97,7262.5
25740007582000,60,29,31,2304
25740007583000,10,5,5,390
25740007588000,18,9,9,871.2
25740007599000,2,1,1,0
25740007615000,3,2,1,0
25740007616000,1,1,0,0
25740007620000,21,12,9,1159.2
25740007624000,4,2,2,0
25740007625000,46,24,22,2396.6
25740007661000,8,6,2,356.8
25750007580000,32,15,17,1056
25750007581000,148,76,72,6822.8
25750007582000,334,160,174,13994.6
25750007583000,9,6,3,363.6
25750007588000,13,8,5,789.1
25750007619000,52,23,29,2142.4
25750007620000,22,10,12,1095.6
25750007625000,2,1,1,0
25750007661000,3,1,2,0
25750007662000,1,1,0,0
25760007581000,38,17,21,1535.2
25760007582000,25,11,14,1157.5
25760007583000,100,56,44,4110
25760007584000,7,3,4,490
25760007587000,63,35,28,3061.8
25760007596000,16,8,8,876.8
25760007597000,6,3,3,193.8
25760007619000,21,12,9,1110.9
25760007620000,2,1,1,0
25760007662000,5,3,2,379
25760007688000,10,5,5,565
25770007581000,3,1,2,0
25770007582000,11,6,5,466.4
25770007583000,10,7,3,492
25770007584000,29,12,17,1566
25770007585000,26,17,9,988
25770007586000,41,23,18,1631.8
25770007587000,29,12,17,1493.5
25770007596000,1,1,0,0
25770007597000,190,101,89,7258
25770007598000,137,60,77,7110.3
25770007599000,6,3,3,384
25770007620000,44,20,24,1865.6
25770007621000,9,7,2,315
25770007662000,2,1,1,0
25770007663000,4,2,2,0
25770007688000,5,3,2,284
25770007689000,48,24,24,2601.6
25780007582000,22,12,10,1174.8
25780007585000,1,1,0,0
25780007586000,13,7,6,427.7
25780007598000,15,8,7,763.5
25780007599000,22,8,14,1038.4
25780007600000,31,14,17,1618.2
25780007601000,11,6,5,376.2
25780007620000,1,1,0,0
25780007621000,18,8,10,916.2
25780007622000,23,10,13,1025.8
25780007663000,1,1,0,0
25780007664000,4,2,2,0
25780007686000,4,2,2,0
25780007687000,1,0,1,0
25780007689000,7,6,1,293.3
25790007580000,1,0,1,0
25790007582000,81,39,42,3167.1
25790007583000,14,8,6,859.6
25790007600000,2,1,1,0
25790007601000,4,3,1,0
25790007622000,15,8,7,763.5
25790007623000,10,6,4,429
25790007626000,1,0,1,0
25790007664000,21,9,12,1283.1
25790007665000,1,1,0,0
25790007687000,2,1,1,0
25790007689000,16,11,5,617.6
25790007696000,1,1,0,0
25800007583000,47,20,27,2458.1
25800007602000,5,3,2,307
25800007618000,2,2,0,0
25800007623000,4,2,2,0
25800007663000,8,4,4,292
25800007664000,7,3,4,352.8
25800007665000,11,6,5,682
25800007666000,7,2,5,361.9
25800007670000,53,24,29,2300.2
25800007671000,2,1,1,0
25800007676000,1,1,0,0
25800007677000,21,12,9,1043.7
25800007686000,3,1,2,0
25800007687000,20,10,10,1034
25800007690000,2,1,1,0
25800007695000,12,6,6,441.6
25800007696000,275,139,136,13035
25810007583000,4,2,2,0
25810007601000,121,61,60,4900.5
25810007602000,152,81,71,6444.8
25810007603000,43,21,22,1797.4
25810007627000,3,3,0,0
25810007640000,14,8,6,985.6
25810007659000,1,0,1,0
25810007660000,14,4,10,478.8
25810007663000,4,3,1,0
25810007664000,30,17,13,1620
25810007668000,5,2,3,394
25810007670000,6,3,3,261
25810007676000,2,1,1,0
25810007677000,8,3,5,252.8
25810007686000,4,2,2,0
25810007687000,71,35,36,3344.1
25810007695000,35,19,16,1151.5
25810007696000,58,28,30,2378
25820007583000,7,3,4,357.7
25820007584000,2,2,0,0
25820007601000,65,32,33,2918.5
25820007602000,34,21,13,1390.6
25820007603000,6,3,3,280.2
25820007620000,1,0,1,0
25820007637000,29,14,15,1499.3
25820007638000,22,13,9,1260.6
25820007639000,9,4,5,516.6
25820007640000,12,6,6,708
25820007660000,1,1,0,0
25820007664000,1,1,0,0
25820007687000,16,9,7,574.4
25820007693000,93,50,43,3413.1
25820007698000,1,0,1,0
25830007581000,2,1,1,0
25830007582000,2,1,1,0
25830007583000,2,1,1,0
25830007584000,12,8,4,693.6
25830007585000,2,1,1,0
25830007586000,3,1,2,0
25830007595000,8,3,5,440
25830007596000,6,5,1,420
25830007600000,2,1,1,0
25830007601000,15,7,8,762
25830007620000,11,6,5,355.3
25830007635000,10,3,7,564
25830007636000,21,11,10,1008
25830007637000,38,19,19,1941.8
25830007661000,2,1,1,0
25830007686000,9,6,3,515.7
25830007693000,94,48,46,3844.6
25840007579000,1,0,1,0
25840007581000,1,1,0,0
25840007585000,4,4,0,0
25840007586000,9,6,3,584.1
25840007597000,7,3,4,410.9
25840007600000,26,14,12,910
25840007601000,14,8,6,810.6
25840007629000,1,0,1,0
25840007633000,5,3,2,204
25840007634000,21,9,12,1008
25840007635000,10,5,5,475
25840007657000,5,3,2,240
25840007686000,2,1,1,0
25840007687000,88,49,39,4259.2
25840007702000,5,3,2,119
25850007578000,2,1,1,0
25850007579000,1,1,0,0
25850007586000,5,3,2,335
25850007596000,1,1,0,0
25850007599000,1,1,0,0
25850007600000,13,8,5,734.5
25850007619000,29,15,14,1290.5
25850007620000,125,104,21,5175
25850007622000,1,0,1,0
25850007623000,2,1,1,0
25850007627000,17,8,9,982.6
25850007628000,8,3,5,459.2
25850007633000,28,14,14,1134
25850007641000,2,0,2,0
25850007646000,13,6,7,321.1
25850007647000,62,35,27,2870.6
25850007657000,14,5,9,695.8
25850007664000,1,1,0,0
25850007665000,33,18,15,1389.3
25850007687000,4,2,2,0
25850007702000,9,3,6,479.7
25860007597000,1,1,0,0
25860007598000,2,1,1,0
25860007616000,18,9,9,1202.4
25860007619000,235,105,130,10880.5
25860007620000,57,31,26,2456.7
25860007628000,55,30,25,2722.5
25860007629000,11,5,6,445.5
25860007632000,34,16,18,1060.8
25860007633000,7,3,4,329
25860007640000,8,4,4,379.2
25860007641000,14,9,5,739.2
25860007646000,18,9,9,883.8
25860007647000,2,1,1,0
25860007660000,10,5,5,450
25860007661000,10,7,3,494
25860007662000,1,0,1,0
25860007663000,1,1,0,0
25860007664000,38,16,22,1740.4
25860007665000,147,73,74,5615.4
25870007586000,4,2,2,0
25870007587000,19,10,9,841.7
25870007588000,2,1,1,0
25870007601000,2,1,1,0
25870007602000,3,1,2,0
25870007618000,4,1,3,0
25870007619000,17,8,9,700.4
25870007629000,18,9,9,1038.6
25870007630000,40,18,22,1944
25870007631000,406,205,201,17579.8
25870007632000,31,20,11,1224.5
25870007635000,8,4,4,448.8
25870007636000,46,24,22,2037.8
25870007637000,18,9,9,694.8
25870007638000,1,1,0,0
25870007639000,2,1,1,0
25870007645000,8,4,4,368.8
25870007646000,23,9,14,1336.3
25870007658000,8,3,5,276.8
25870007660000,4,2,2,0
25870007663000,2,1,1,0
25870007664000,7,2,5,457.1
25870007665000,35,18,17,1767.5
25870007707000,6,4,2,280.2
25870007708000,1,0,1,0
25880007587000,10,5,5,480
25880007588000,4,2,2,0
25880007603000,4,2,2,0
25880007615000,3,2,1,0
25880007618000,12,4,8,468
25880007630000,6,3,3,187.2
25880007631000,14,9,5,368.2
25880007633000,9,5,4,549
25880007634000,37,19,18,1820.4
25880007636000,18,8,10,883.8
25880007637000,32,17,15,1536
25880007644000,2,1,1,0
25880007645000,5,3,2,319
25880007646000,38,18,20,1843
25880007647000,2,0,2,0
25880007658000,11,5,6,674.3
25880007701000,7,3,4,350.7
25880007707000,1,1,0,0
25890007587000,8,6,2,319.2
25890007588000,13,8,5,386.1
25890007595000,1,0,1,0
25890007603000,7,4,3,396.9
25890007617000,10,6,4,655
25890007618000,2,2,0,0
25890007633000,20,12,8,974
25890007643000,1,0,1,0
25890007705000,77,30,47,3272.5
25890007706000,40,18,22,1700
25900007587000,3,2,1,0
25900007596000,1,0,1,0
25900007615000,6,4,2,379.2
25900007617000,13,8,5,951.6
25900007618000,1,1,0,0
25900007633000,4,2,2,0
25900007643000,4,4,0,0
25900007647000,9,5,4,557.1
25900007648000,5,3,2,328
25900007668000,2,2,0,0
25900007705000,51,24,27,2279.7
25910007586000,2,1,1,0
25910007596000,1,1,0,0
25910007613000,2,1,1,0
25910007615000,2,2,0,0
25910007626000,13,5,8,445.9
25910007628000,11,6,5,654.5
25910007629000,19,8,11,955.7
25910007630000,32,16,16,1500.8
25910007641000,4,2,2,0
25910007644000,2,1,1,0
25910007647000,2,2,0,0
25910007705000,27,14,13,1061.1
25910007706000,2,1,1,0
25910007707000,2,1,1,0
25920007586000,6,3,3,292.8
25920007588000,17,8,9,732.7
25920007604000,5,4,1,145
25920007610000,2,1,1,0
25920007614000,12,6,6,580.8
25920007615000,6,4,2,385.2
25920007626000,4,1,3,0
25920007630000,8,5,3,368
25920007644000,4,3,1,0
25920007671000,5,2,3,362
25920007704000,4,2,2,0
25920007705000,16,10,6,929.6
25920007707000,23,10,13,1628.4
25930007580000,2,1,1,0
25930007581000,7,4,3,161
25930007582000,3,2,1,0
25930007585000,3,3,0,0
25930007588000,7,3,4,338.8
25930007589000,72,30,42,2829.6
25930007612000,1,1,0,0
25930007627000,8,4,4,282.4
25930007631000,3,1,2,0
25930007647000,1,0,1,0
25930007699000,6,4,2,394.8
25930007704000,3,2,1,0
25940007579000,8,5,3,502.4
25940007580000,6,3,3,279
25940007581000,17,10,7,357
25940007588000,18,10,8,430.2
25940007589000,164,92,72,5822
25940007590000,77,35,42,2695
25940007591000,185,88,97,6697
25940007627000,2,1,1,0
25940007631000,1,1,0,0
25940007632000,25,14,11,1082.5
25940007647000,9,5,4,402.3
25940007657000,7,4,3,361.9
25940007697000,5,3,2,210
25940007699000,8,4,4,454.4
25940007704000,3,2,1,0
25940007705000,2,1,1,0
25940007709000,3,1,2,0
25940007710000,36,18,18,1551.6
25950007565000,2,1,1,0
25950007578000,2,1,1,0
25950007588000,2,2,0,0
25950007589000,394,198,196,13120.2
25950007590000,197,95,102,6973.8
25950007591000,558,290,268,21538.8
25950007632000,9,2,7,422.1
25950007633000,19,10,9,986.1
25950007637000,7,6,1,326.2
25950007657000,2,1,1,0
25950007694000,3,2,1,0
25950007705000,5,4,1,266
25950007713000,107,60,47,4376.3
25950007714000,68,36,32,3073.6
25960007565000,4,4,0,0
25960007566000,4,2,2,0
25960007570000,3,2,1,0
25960007589000,10,6,4,409
25960007591000,562,258,304,24109.8
25960007592000,73,37,36,3087.9
25960007633000,16,8,8,912
25960007634000,13,9,4,605.8
25960007637000,2,1,1,0
25960007638000,15,9,6,949.5
25960007655000,4,3,1,0
25960007656000,1,1,0,0
25960007676000,7,5,2,315.7
25960007678000,2,1,1,0
25960007705000,30,14,16,1599
25960007710000,10,6,4,457
25960007711000,40,20,20,1520
25970007577000,6,4,2,262.8
25970007591000,769,389,380,29991
25970007627000,3,2,1,0
25970007635000,13,6,7,754
25970007638000,2,1,1,0
25970007639000,2,1,1,0
25970007657000,19,8,11,921.5
25970007658000,10,6,4,512
25970007678000,7,3,4,494.2
25970007710000,42,24,18,1999.2
25970007711000,170,90,80,6001
25970007712000,90,50,40,3672
25980007586000,11,7,4,478.5
25980007590000,512,261,251,17203.2
25980007591000,387,199,188,14783.4
25980007593000,1459,706,753,61423.9
25980007594000,584,297,287,23476.8
25980007621000,64,34,30,2432
25980007622000,24,9,15,1104
25980007623000,9,7,2,513
25980007625000,10,6,4,438
25980007627000,14,5,9,876.4
25980007659000,12,6,6,453.6
25980007660000,11,5,6,425.7
25980007680000,1,1,0,0
25980007681000,3,3,0,0
25990007571000,25,10,15,922.5
25990007572000,49,19,30,2601.9
25990007573000,123,67,56,6088.5
25990007574000,8,4,4,510.4
25990007575000,2,1,1,0
25990007586000,13,8,5,527.8
25990007590000,181,96,85,5846.3
25990007591000,273,137,136,10237.5
25990007592000,234,122,112,9898.2
25990007593000,2859,1409,1450,133801.2
25990007594000,2099,1083,1016,81651.1
25990007603000,5,3,2,175
25990007620000,8,3,5,444
25990007626000,25,15,10,1310
25990007627000,16,10,6,555.2
25990007637000,12,6,6,321.6
25990007641000,13,7,6,930.8
25990007654000,17,9,8,710.6
25990007655000,21,12,9,930.3
25990007660000,7,2,5,340.9
25990007665000,6,3,3,390
25990007676000,1,1,0,0
25990007679000,7,3,4,436.1
25990007680000,5,3,2,249
26000007572000,3,1,2,0
26000007585000,2,1,1,0
26000007590000,454,245,209,17706
26000007592000,30,21,9,960
26000007593000,1741,904,837,69988.2
26000007594000,1288,652,636,53452
26000007603000,32,18,14,1644.8
26000007604000,26,15,11,980.2
26000007620000,25,14,11,955
26000007622000,10,4,6,423
26000007623000,22,9,13,974.6
26000007624000,7,2,5,319.9
26000007625000,10,5,5,474
26000007626000,6,3,3,190.8
26000007637000,5,4,1,352
26000007654000,3,2,1,0
26000007661000,14,6,8,684.6
26000007662000,2,1,1,0
26000007665000,7,4,3,200.9
26000007679000,5,4,1,333
26010007570000,2,1,1,0
26010007585000,2,1,1,0
26010007589000,16,6,10,873.6
26010007590000,4,3,1,0
26010007593000,17,9,8,554.2
26010007594000,26,8,18,1115.4
26010007597000,8,3,5,232
26010007603000,1,0,1,0
26010007604000,33,17,16,1676.4
26010007619000,5,3,2,167
26010007620000,66,43,23,2686.2
26010007622000,2,1,1,0
26010007627000,1,1,0,0
26010007636000,1,1,0,0
26010007654000,6,3,3,412.2
26010007658000,3,3,0,0
26010007659000,9,6,3,576
26010007662000,8,3,5,418.4
26010007663000,39,21,18,1579.5
26010007664000,6,3,3,220.2
26010007665000,11,7,4,662.2
26010007666000,3,2,1,0
26010007679000,10,6,4,489
26010007684000,3,2,1,0
26020007583000,2,1,1,0
26020007584000,7,3,4,345.1
26020007589000,6,4,2,114
26020007597000,71,36,35,3124
26020007598000,18,11,7,822.6
26020007599000,24,13,11,979.2
26020007605000,18,9,9,777.6
26020007606000,18,8,10,847.8
26020007619000,8,6,2,292.8
26020007621000,7,4,3,398.3
26020007622000,148,70,78,6408.4
26020007651000,8,4,4,268
26020007654000,5,3,2,347
26020007660000,9,5,4,453.6
26020007674000,5,1,4,350
26020007679000,5,3,2,58
26020007682000,20,8,12,974
26020007685000,21,13,8,781.2
26020007712000,28,15,13,1472.8
26020007713000,148,75,73,6304.8
26030007568000,8,4,4,342.4
26030007569000,10,4,6,527
26030007583000,2,1,1,0
26030007597000,1,1,0,0
26030007598000,1,1,0,0
26030007599000,2,1,1,0
26030007600000,6,5,1,370.2
26030007601000,3,2,1,0
26030007605000,26,9,17,574.6
26030007606000,376,178,198,17446.4
26030007607000,60,24,36,2664
26030007620000,6,2,4,360
26030007621000,48,21,27,2112
26030007622000,8,4,4,496.8
26030007633000,4,3,1,0
26030007660000,2,1,1,0
26030007661000,14,7,7,841.4
26030007674000,19,8,11,1043.1
26030007679000,2,1,1,0
26030007680000,7,4,3,259.7
26030007681000,2,1,1,0
26030007682000,9,4,5,413.1
26030007683000,24,13,11,1164
26030007685000,22,13,9,776.6
26030007686000,2,1,1,0
26030007716000,20,10,10,1052
26030007717000,272,155,117,10091.2
26040007567000,5,4,1,238
26040007568000,8,3,5,315.2
26040007588000,3,1,2,0
26040007598000,10,7,3,578
26040007602000,15,9,6,610.5
26040007603000,10,6,4,415
26040007605000,37,19,18,1443
26040007606000,566,286,280,25413.4
26040007607000,173,87,86,6868.1
26040007608000,14,8,6,453.6
26040007621000,4,2,2,0
26040007632000,2,1,1,0
26040007633000,6,4,2,388.8
26040007642000,2,2,0,0
26040007661000,6,2,4,252
26040007662000,28,13,15,1240.4
26040007667000,6,3,3,424.2
26040007679000,2,1,1,0
26040007686000,19,9,10,839.8
26040007716000,8,4,4,130.4
26050007565000,14,10,4,700
26050007566000,3,1,2,0
26050007567000,5,4,1,306
26050007587000,3,2,1,0
26050007602000,3,1,2,0
26050007604000,12,5,7,477.6
26050007605000,28,14,14,1436.4
26050007606000,15,11,4,633
26050007607000,10,6,4,406
26050007608000,23,16,7,910.8
26050007621000,5,2,3,184
26050007632000,7,3,4,420
26050007663000,19,9,10,1098.2
26050007664000,20,8,12,620
26050007667000,19,12,7,649.8
26050007678000,12,6,6,501.6
26050007679000,51,24,27,2550
26050007686000,11,4,7,309.1
26050007709000,1,1,0,0
26060007564000,4,2,2,0
26060007565000,4,2,2,0
26060007585000,3,2,1,0
26060007586000,282,145,137,9954.6
26060007587000,209,110,99,6876.1
26060007606000,16,6,10,596.8
26060007607000,45,25,20,1453.5
26060007609000,2,2,0,0
26060007615000,3,2,1,0
26060007620000,6,5,1,289.8
26060007632000,4,2,2,0
26060007648000,19,11,8,891.1
26060007664000,29,16,13,1447.1
26060007665000,54,30,24,2538
26060007666000,16,10,6,947.2
26060007667000,20,10,10,734
26060007678000,21,11,10,760.2
26060007679000,33,19,14,1415.7
26060007682000,15,10,5,702
26060007684000,9,5,4,272.7
26060007685000,2,1,1,0
26060007687000,23,13,10,1046.5
26060007714000,2,2,0,0
26070007585000,95,50,45,3553
26070007586000,127,66,61,4800.6
26070007587000,103,45,58,3450.5
26070007594000,119,52,67,4676.7
26070007598000,21,11,10,1058.4
26070007607000,19,11,8,1060.2
26070007614000,3,3,0,0
26070007619000,26,14,12,1362.4
26070007620000,12,6,6,703.2
26070007632000,12,7,5,568.8
26070007643000,4,2,2,0
26070007644000,15,9,6,745.5
26070007654000,7,2,5,319.9
26070007665000,103,46,57,3965.5
26070007666000,174,86,88,8508.6
26070007667000,13,4,9,445.9
26070007669000,2,1,1,0
26070007675000,27,16,11,1071.9
26070007682000,2,1,1,0
26070007684000,24,14,10,1176
26070007685000,4,2,2,0
26070007686000,22,9,13,756.8
26070007687000,12,6,6,534
26070007688000,15,6,9,682.5
26070007689000,3,2,1,0
26080007593000,8,4,4,180
26080007594000,44,22,22,1672
26080007597000,10,6,4,273
26080007598000,5,2,3,295
26080007607000,1,1,0,0
26080007619000,97,55,42,3812.1
26080007632000,5,4,1,318
26080007643000,12,5,7,448.8
26080007646000,5,2,3,123
26080007647000,40,18,22,1564
26080007649000,21,12,9,940.8
26080007658000,1,0,1,0
26080007661000,28,14,14,1254.4
26080007662000,14,6,8,516.6
26080007663000,1,0,1,0
26080007668000,4,1,3,0
26080007669000,12,7,5,409.2
26080007675000,117,59,58,5159.7
26080007676000,49,22,27,2131.5
26080007677000,6,3,3,190.2
26080007682000,3,2,1,0
26080007683000,6,3,3,211.2
26080007684000,7,5,2,275.8
26080007686000,13,5,8,409.5
26080007688000,1,1,0,0
26080007689000,2,1,1,0
26080007690000,7,4,3,469
26090007593000,78,40,38,3260.4
26090007594000,1,0,1,0
26090007596000,5,3,2,265
26090007597000,12,5,7,687.6
26090007607000,4,2,2,0
26090007618000,14,7,7,607.6
26090007619000,14,7,7,771.4
26090007620000,91,47,44,3130.4
26090007631000,8,3,5,355.2
26090007632000,1,1,0,0
26090007633000,3,1,2,0
26090007646000,33,20,13,1267.2
26090007647000,102,50,52,4263.6
26090007648000,40,20,20,2004
26090007649000,32,16,16,1680
26090007650000,22,10,12,1287
26090007653000,4,2,2,0
26090007660000,6,4,2,385.2
26090007661000,8,3,5,364.8
26090007662000,1,0,1,0
26090007663000,30,12,18,1407
26090007664000,7,4,3,315.7
26090007665000,4,4,0,0
26090007667000,33,19,14,1188
26090007668000,12,7,5,362.4
26090007669000,40,19,21,1348
26090007675000,97,47,50,3686
26090007678000,7,4,3,249.2
26090007682000,3,2,1,0
26090007683000,48,24,24,1737.6
26090007686000,1,1,0,0
26090007687000,6,4,2,283.2
26090007689000,21,10,11,884.1
26090007717000,8,3,5,464
26100007593000,9,5,4,394.2
26100007596000,38,19,19,1729
26100007597000,3,2,1,0
26100007606000,9,5,4,334.8
26100007607000,32,15,17,1683.2
26100007616000,18,8,10,990
26100007617000,9,6,3,392.4
26100007618000,4,2,2,0
26100007619000,33,18,15,1722.6
26100007631000,21,9,12,1173.9
26100007633000,7,4,3,406
26100007642000,7,3,4,454.3
26100007646000,55,26,29,2189
26100007647000,13,5,8,677.3
26100007652000,31,17,14,1085
26100007653000,5,3,2,239
26100007663000,3,2,1,0
26100007666000,6,4,2,363
26100007669000,57,28,29,2280
26100007675000,29,12,17,1087.5
26100007678000,86,45,41,3035.8
26100007679000,52,27,25,2464.8
26100007683000,40,23,17,1808
26100007687000,26,14,12,985.4
26100007689000,15,8,7,589.5
26100007708000,4,3,1,0
26110007593000,2,1,1,0
26110007594000,1,1,0,0
26110007595000,10,6,4,556
26110007607000,22,15,7,1403.6
26110007616000,8,4,4,196
26110007617000,2,1,1,0
26110007619000,37,20,17,1764.9
26110007629000,1,1,0,0
26110007630000,34,16,18,1744.2
26110007631000,21,13,8,1039.5
26110007633000,14,7,7,607.6
26110007641000,15,10,5,862.5
26110007642000,9,5,4,342
26110007645000,20,10,10,710
26110007646000,9,6,3,590.4
26110007654000,1,0,1,0
26110007662000,1,0,1,0
26110007663000,7,4,3,242.9
26110007669000,31,15,16,1534.5
26110007670000,13,7,6,564.2
26110007675000,26,12,14,1430
26110007678000,23,11,12,864.8
26110007679000,23,14,9,1104
26110007681000,32,19,13,953.6
26110007682000,6,2,4,289.2
26110007683000,32,16,16,1369.6
26110007689000,13,9,4,643.5
26110007697000,3,2,1,0
26110007698000,6,3,3,307.2
26110007699000,1,1,0,0
26110007708000,21,11,10,1167.6
26110007709000,1,1,0,0
26110007710000,21,9,12,802.2
26110007711000,31,16,15,1233.8
26110007712000,35,18,17,1592.5
26120007607000,4,1,3,0
26120007619000,1,1,0,0
26120007628000,108,60,48,2797.2
26120007629000,48,25,23,1569.6
26120007630000,1,1,0,0
26120007631000,5,3,2,228
26120007632000,53,29,24,2162.4
26120007633000,16,8,8,897.6
26120007640000,14,8,6,467.6
26120007641000,25,13,12,1027.5
26120007642000,6,4,2,271.2
26120007644000,40,24,16,1668
26120007645000,137,71,66,5397.8
26120007670000,9,4,5,387.9
26120007671000,3,3,0,0
26120007681000,10,5,5,378
26120007682000,39,19,20,1466.4
26120007683000,43,16,27,1990.9
26120007689000,1,1,0,0
26120007690000,6,3,3,279
26120007703000,4,2,2,0
26120007707000,1,1,0,0
26120007712000,41,20,21,1795.8
26120007713000,25,13,12,835
26130007599000,2,1,1,0
26130007626000,3,2,1,0
26130007627000,33,17,16,1280.4
26130007628000,219,111,108,9263.7
26130007629000,45,21,24,2722.5
26130007630000,58,29,29,2273.6
26130007631000,65,31,34,3003
26130007632000,12,5,7,535.2
26130007640000,13,7,6,618.8
26130007641000,181,84,97,6135.9
26130007643000,156,82,74,7363.2
26130007661000,4,2,2,0
26130007670000,1,0,1,0
26130007671000,14,7,7,667.8
26130007675000,2,1,1,0
26130007681000,22,10,12,679.8
26130007682000,58,34,24,1873.4
26130007683000,85,43,42,3000.5
26130007684000,29,15,14,1078.8
26130007686000,30,14,16,1077
26130007687000,25,11,14,910
26130007691000,56,30,26,1898.4
26130007692000,8,3,5,320
26130007696000,2,2,0,0
26130007707000,12,8,4,657.6
26130007708000,2,1,1,0
26130007713000,88,47,41,2983.2
26130007714000,35,19,16,2012.5
26130007715000,6,2,4,328.2
26130007716000,13,6,7,647.4
26130007717000,2,2,0,0
26130007718000,2,1,1,0
26130007719000,2,1,1,0
26140007626000,28,14,14,1050
26140007627000,18,9,9,432
26140007641000,2,1,1,0
26140007642000,328,173,155,12398.4
26140007643000,305,164,141,11651
26140007646000,21,10,11,1039.5
26140007671000,13,7,6,552.5
26140007675000,3,2,1,0
26140007680000,25,8,17,795
26140007681000,1,1,0,0
26140007683000,103,48,55,3574.1
26140007686000,6,3,3,163.8
26140007687000,51,28,23,2111.4
26140007688000,51,22,29,2172.6
26140007689000,4,2,2,0
26140007690000,20,12,8,926
26140007692000,11,8,3,437.8
26140007693000,29,10,19,1064.3
26140007694000,6,3,3,238.2
26140007696000,2,1,1,0
26150007625000,23,12,11,880.9
26150007626000,17,8,9,868.7
26150007637000,5,3,2,281
26150007639000,8,5,3,451.2
26150007641000,4,4,0,0
26150007642000,21,10,11,905.1
26150007643000,2,1,1,0
26150007645000,1,1,0,0
26150007646000,47,21,26,2448.7
26150007672000,3,2,1,0
26150007676000,28,14,14,1226.4
26150007677000,2,1,1,0
26150007679000,5,3,2,284
26150007680000,14,4,10,700
26150007683000,373,182,191,12234.4
26150007686000,29,16,13,1003.4
26150007687000,48,28,20,1785.6
26150007688000,5,3,2,274
26150007689000,11,7,4,366.3
26150007693000,5,3,2,136
26150007694000,18,9,9,754.2
26150007695000,18,5,13,869.4
26150007696000,1,1,0,0
26150007703000,11,5,6,755.7
26150007704000,12,4,8,580.8
26150007705000,1,0,1,0
26150007727000,26,14,12,1055.6
26150007728000,49,26,23,1764
26160007625000,35,24,11,1953
26160007638000,6,1,5,118.2
26160007643000,1,1,0,0
26160007646000,9,5,4,613.8
26160007647000,4,3,1,0
26160007659000,6,3,3,235.8
26160007660000,8,5,3,296
26160007661000,2,1,1,0
26160007673000,3,2,1,0
26160007676000,1,0,1,0
26160007678000,47,22,25,1865.9
26160007679000,30,16,14,1185
26160007683000,320,161,159,10432
26160007684000,610,326,284,21289
26160007685000,212,102,110,6932.4
26160007686000,36,17,19,1803.6
26160007695000,19,7,12,862.6
26160007705000,22,9,13,1047.2
26160007706000,13,4,9,639.6
26160007727000,66,34,32,2844.6
26160007728000,70,38,32,3269
26170007642000,5,3,2,243
26170007643000,18,9,9,761.4
26170007646000,2,1,1,0
26170007662000,8,3,5,420
26170007673000,2,1,1,0
26170007682000,220,109,111,10428
26170007683000,600,307,293,26160
26170007684000,29,15,14,1252.8
26170007685000,69,36,33,2546.1
26170007687000,32,17,15,1184
26170007688000,26,12,14,1162.2
26170007695000,2,1,1,0
26170007696000,6,3,3,307.8
26170007702000,6,2,4,439.8
26170007703000,5,2,3,363
26170007704000,6,3,3,414
26170007705000,1,1,0,0
26170007706000,29,13,16,1287.6
26170007707000,12,5,7,544.8
26170007708000,8,2,6,578.4
26170007709000,15,8,7,439.5
26170007710000,12,6,6,478.8
26170007723000,19,12,7,503.5
26170007724000,38,22,16,1542.8
26170007727000,133,74,59,5253.5
26170007728000,3,2,1,0
26180007621000,5,4,1,173
26180007641000,2,1,1,0
26180007646000,2,2,0,0
26180007662000,1,0,1,0
26180007674000,12,6,6,466.8
26180007682000,199,89,110,8875.4
26180007683000,864,427,437,33350.4
26180007684000,134,71,63,5078.6
26180007685000,112,56,56,4513.6
26180007686000,183,82,101,6240.3
26180007687000,162,81,81,6172.2
26180007688000,67,34,33,2385.2
26180007689000,80,37,43,3224
26180007690000,50,28,22,1880
26180007691000,85,43,42,3527.5
26180007696000,26,13,13,1196
26180007710000,14,5,9,487.2
26180007723000,17,8,9,853.4
26180007724000,86,40,46,3921.6
26180007725000,23,12,11,1593.9
26190007640000,12,6,6,495.6
26190007667000,3,2,1,0
26190007668000,7,3,4,301
26190007669000,17,10,7,753.1
26190007670000,2,2,0,0
26190007673000,7,4,3,282.8
26190007683000,794,389,405,33189.2
26190007691000,1,1,0,0
26190007692000,45,25,20,1881
26190007696000,64,45,19,2073.6
26190007698000,1,1,0,0
26190007700000,2,1,1,0
26190007702000,12,7,5,375.6
26190007706000,4,3,1,0
26190007724000,1,1,0,0
26190007725000,33,15,18,914.1
26200007622000,41,23,18,1672.8
26200007623000,20,10,10,566
26200007641000,14,9,5,638.4
26200007642000,34,20,14,1703.4
26200007647000,2,1,1,0
26200007648000,1,1,0,0
26200007661000,1,0,1,0
26200007667000,1,0,1,0
26200007668000,11,5,6,607.2
26200007669000,22,14,8,719.4
26200007670000,35,19,16,1340.5
26200007671000,35,23,12,1375.5
26200007673000,1,1,0,0
26200007674000,19,9,10,815.1
26200007683000,547,274,273,19746.7
26200007692000,32,13,19,1072
26200007693000,22,12,10,1056
26200007694000,2,1,1,0
26200007696000,71,41,30,2996.2
26200007697000,66,36,30,3557.4
26200007699000,5,3,2,333
26200007729000,1,1,0,0
26210007622000,36,20,16,1256.4
26210007623000,12,8,4,656.4
26210007640000,15,8,7,642
26210007641000,2,1,1,0
26210007642000,43,27,16,1870.5
26210007643000,16,10,6,531.2
26210007646000,5,4,1,338
26210007647000,1,1,0,0
26210007648000,3,1,2,0
26210007650000,2,1,1,0
26210007671000,96,51,45,4041.6
26210007672000,75,37,38,2587.5
26210007673000,64,35,29,2617.6
26210007674000,5,2,3,305
26210007677000,91,50,41,3649.1
26210007678000,37,13,24,1705.7
26210007679000,139,69,70,5851.9
26210007680000,75,32,43,2692.5
26210007681000,19,8,11,980.4
26210007683000,468,249,219,16941.6
26210007694000,16,10,6,580.8
26210007695000,47,25,22,2082.1
26210007696000,16,9,7,454.4
26210007697000,185,100,85,7474
26210007699000,6,3,3,385.8
26210007718000,5,4,1,272
26210007719000,12,5,7,639.6
26210007729000,8,4,4,479.2
26220007641000,8,4,4,260.8
26220007642000,8,4,4,267.2
26220007643000,31,15,16,1367.1
26220007648000,3,2,1,0
26220007649000,4,2,2,0
26220007650000,5,2,3,260
26220007671000,6,3,3,220.2
26220007672000,116,59,57,4663.2
26220007675000,35,18,17,1256.5
26220007676000,28,14,14,1170.4
26220007677000,24,13,11,919.2
26220007679000,10,5,5,485
26220007681000,45,26,19,2043
26220007682000,97,55,42,3530.8
26220007683000,180,87,93,6948
26220007684000,4,2,2,0
26220007695000,17,10,7,511.7
26220007696000,31,16,15,1460.1
26220007697000,23,12,11,1044.2
26220007698000,27,11,16,788.4
26220007716000,4,2,2,0
26220007718000,2,0,2,0
26220007727000,2,1,1,0
26230007640000,13,8,5,544.7
26230007641000,1,0,1,0
26230007643000,40,25,15,1600
26230007645000,4,2,2,0
26230007672000,26,13,13,1323.4
26230007673000,76,43,33,3237.6
26230007675000,56,27,29,2480.8
26230007676000,117,51,66,5007.6
26230007677000,2,0,2,0
26230007684000,32,19,13,1577.6
26230007685000,1,0,1,0
26230007694000,7,2,5,251.3
26230007700000,1,1,0,0
26230007701000,1,0,1,0
26230007702000,3,2,1,0
26230007706000,5,3,2,130
26230007707000,8,4,4,583.2
26230007716000,15,9,6,610.5
26230007727000,5,3,2,325
26240007640000,13,7,6,423.8
26240007641000,10,6,4,527
26240007642000,12,7,5,427.2
26240007643000,30,14,16,1272
26240007644000,4,3,1,0
26240007672000,15,11,4,588
26240007673000,230,134,96,8671
26240007674000,8,4,4,392
26240007675000,71,38,33,2832.9
26240007677000,3,2,1,0
26240007685000,80,46,34,2776
26240007693000,3,1,2,0
26240007700000,44,23,21,1531.2
26240007701000,89,44,45,3471
26240007702000,10,7,3,540
26240007705000,8,3,5,354.4
26240007715000,3,2,1,0
26240007726000,38,20,18,1470.6
26240007727000,9,3,6,350.1
26250007623000,11,5,6,383.9
26250007624000,4,3,1,0
26250007625000,3,2,1,0
26250007626000,14,5,9,635.6
26250007627000,4,2,2,0
26250007628000,7,3,4,156.8
26250007641000,4,2,2,0
26250007671000,3,1,2,0
26250007672000,152,83,69,5973.6
26250007673000,498,239,259,19571.4
26250007674000,429,207,222,18275.4
26250007675000,63,32,31,2658.6
26250007683000,24,12,12,1044
26250007684000,13,9,4,434.2
26250007685000,72,32,40,3276
26250007686000,72,38,34,2793.6
26250007687000,35,21,14,1365
26250007693000,13,7,6,469.3
26250007701000,28,15,13,778.4
26250007709000,12,5,7,423.6
26250007715000,5,3,2,235
26250007726000,1,0,1,0
26250007727000,13,9,4,522.6
26250007730000,8,6,2,408.8
26260007623000,5,3,2,327
26260007624000,6,4,2,370.8
26260007639000,12,6,6,286.8
26260007666000,13,7,6,495.3
26260007668000,16,8,8,500.8
26260007670000,5,3,2,151
26260007671000,6,2,4,301.2
26260007672000,47,24,23,1804.8
26260007673000,59,25,34,2448.5
26260007674000,145,73,72,5336
26260007675000,1,1,0,0
26260007682000,8,6,2,196
26260007683000,22,11,11,882.2
26260007686000,21,12,9,888.3
26260007687000,51,29,22,2274.6
26260007688000,17,9,8,586.5
26260007689000,5,3,2,280
26260007690000,11,7,4,390.5
26260007692000,18,11,7,489.6
26260007701000,11,7,4,430.1
26260007709000,13,7,6,670.8
26260007716000,2,1,1,0
26260007727000,2,1,1,0
26270007621000,5,2,3,294
26270007630000,4,2,2,0
26270007631000,3,2,1,0
26270007632000,10,3,7,430
26270007633000,7,5,2,249.9
26270007636000,6,3,3,310.8
26270007637000,3,2,1,0
26270007638000,27,15,12,1198.8
26270007639000,14,6,8,701.4
26270007664000,7,5,2,357
26270007666000,33,16,17,1247.4
26270007668000,1,1,0,0
26270007669000,24,10,14,974.4
26270007670000,72,32,40,2829.6
26270007671000,36,18,18,1749.6
26270007672000,24,12,12,1058.4
26270007674000,8,4,4,255.2
26270007680000,5,3,2,369
26270007682000,17,10,7,640.9
26270007688000,6,4,2,181.2
26270007689000,41,19,22,1717.9
26270007690000,1,0,1,0
26270007691000,2,1,1,0
26270007692000,49,26,23,1920.8
26270007693000,29,15,14,1026.6
26270007694000,11,4,7,631.4
26270007695000,1,0,1,0
26270007716000,34,19,15,1808.8
26270007722000,46,26,20,1973.4
26270007723000,46,25,21,1780.2
26270007724000,35,22,13,1487.5
26270007725000,5,3,2,133
26270007727000,9,6,3,253.8
26280007620000,2,1,1,0
26280007631000,2,0,2,0
26280007632000,1,1,0,0
26280007633000,10,4,6,442
26280007636000,7,4,3,361.9
26280007637000,1,0,1,0
26280007638000,24,11,13,1051.2
26280007666000,2,1,1,0
26280007667000,2,1,1,0
26280007670000,5,2,3,352
26280007671000,12,6,6,320.4
26280007680000,38,18,20,1694.8
26280007681000,12,7,5,349.2
26280007682000,70,40,30,3248
26280007690000,9,4,5,460.8
26280007691000,9,6,3,425.7
26280007695000,25,11,14,1030
26280007696000,24,12,12,967.2
26280007697000,8,5,3,272
26280007710000,8,4,4,542.4
26280007711000,10,5,5,290
26280007716000,21,11,10,949.2
26280007717000,2,1,1,0
26280007723000,3,1,2,0
26280007724000,31,15,16,1171.8
26280007726000,2,1,1,0
26280007727000,5,3,2,169
26280007739000,2,1,1,0
26290007619000,3,2,1,0
26290007666000,6,3,3,282
26290007667000,3,0,3,0
26290007680000,9,4,5,333
26290007681000,51,22,29,2024.7
26290007682000,33,16,17,1422.3
26290007683000,1,1,0,0
26290007691000,8,4,4,250.4
26290007692000,32,15,17,1283.2
26290007693000,60,31,29,2220
26290007694000,21,9,12,779.1
26290007695000,15,4,11,603
26290007696000,8,3,5,432.8
26290007697000,50,26,24,1865
26290007698000,50,25,25,1750
26290007701000,2,1,1,0
26290007710000,8,4,4,436.8
26290007711000,2,0,2,0
26290007716000,2,1,1,0
26290007717000,26,10,16,928.2
26290007725000,2,1,1,0
26290007726000,2,1,1,0
26290007727000,13,8,5,492.7
26300007619000,38,20,18,1360.4
26300007639000,13,6,7,362.7
26300007640000,3,2,1,0
26300007681000,2,1,1,0
26300007682000,33,16,17,1346.4
26300007683000,18,6,12,864
26300007697000,21,10,11,667.8
26300007698000,204,91,113,10098
26300007699000,24,13,11,1063.2
26300007700000,15,10,5,631.5
26300007709000,4,3,1,0
26300007710000,1,1,0,0
26300007717000,22,13,9,979
26300007727000,8,3,5,307.2
26300007728000,4,2,2,0
26300007743000,18,9,9,820.8
26300007744000,21,10,11,1239
26300007745000,1,1,0,0
26310007617000,10,4,6,389
26310007618000,18,11,7,736.2
26310007640000,25,15,10,1057.5
26310007667000,11,8,3,409.2
26310007668000,15,9,6,723
26310007682000,16,10,6,704
26310007683000,5,3,2,250
26310007684000,16,7,9,577.6
26310007698000,5,4,1,112
26310007699000,24,15,9,1051.2
26310007700000,18,9,9,775.8
26310007701000,14,5,9,568.4
26310007702000,5,3,2,242
26310007703000,18,11,7,745.2
26310007704000,11,7,4,431.2
26310007705000,2,1,1,0
26310007708000,8,4,4,524.8
26310007709000,1,0,1,0
26310007717000,4,2,2,0
26310007727000,6,4,2,346.8
26310007729000,3,1,2,0
26310007744000,34,15,19,1553.8
26310007745000,49,26,23,2239.3
26320007640000,2,1,1,0
26320007641000,17,8,9,676.6
26320007642000,6,3,3,285
26320007668000,18,9,9,682.2
26320007682000,9,5,4,167.4
26320007683000,24,11,13,566.4
26320007684000,11,6,5,726
26320007685000,15,8,7,604.5
26320007700000,12,4,8,687.6
26320007701000,23,14,9,949.9
26320007717000,16,7,9,500.8
26320007729000,10,6,4,395
26320007744000,16,8,8,648
26330007642000,477,235,242,18603
26330007645000,1,0,1,0
26330007667000,7,5,2,328.3
26330007668000,10,7,3,397
26330007677000,4,2,2,0
26330007683000,12,7,5,574.8
26330007685000,3,2,1,0
26330007701000,7,4,3,361.9
26330007702000,4,2,2,0
26330007717000,5,3,2,152
26330007718000,31,15,16,1159.4
26340007642000,783,425,358,28031.4
26340007643000,890,426,464,35600
26340007644000,59,33,26,2247.9
26340007645000,17,10,7,865.3
26340007666000,7,3,4,366.1
26340007713000,10,6,4,446
26340007714000,1,0,1,0
26340007718000,15,8,7,673.5
26340007744000,1,1,0,0
26340007750000,7,3,4,483
26350007641000,5,5,0,119
26350007642000,144,119,25,3398.4
26350007643000,124,55,69,5356.8
26350007644000,20,13,7,842
26350007645000,16,6,10,561.6
26350007646000,14,6,8,656.6
26350007666000,4,2,2,0
26350007677000,19,11,8,955.7
26350007686000,2,1,1,0
26350007700000,3,1,2,0
26350007707000,1,0,1,0
26350007710000,6,4,2,286.8
26350007713000,10,5,5,278
26350007718000,4,2,2,0
26350007719000,24,12,12,861.6
26350007742000,1,1,0,0
26350007750000,3,2,1,0
26350007773000,2,2,0,0
26360007639000,15,7,8,517.5
26360007640000,8,4,4,336
26360007641000,13,7,6,621.4
26360007642000,13,9,4,549.9
26360007646000,30,17,13,984
26360007647000,7,4,3,394.1
26360007677000,5,3,2,210
26360007678000,24,14,10,808.8
26360007681000,5,2,3,253
26360007682000,20,9,11,822
26360007683000,3,1,2,0
26360007684000,5,2,3,188
26360007700000,9,6,3,494.1
26360007707000,7,5,2,245
26360007708000,12,5,7,465.6
26360007711000,5,2,3,337
26360007719000,6,3,3,270
26360007744000,11,5,6,723.8
26360007745000,27,16,11,1287.9
26360007750000,1,1,0,0
26360007774000,1,1,0,0
26370007638000,12,8,4,632.4
26370007639000,26,14,12,1331.2
26370007640000,4,2,2,0
26370007645000,10,4,6,370
26370007646000,7,4,3,441
26370007647000,9,5,4,429.3
26370007648000,27,14,13,972
26370007649000,12,8,4,693.6
26370007658000,9,5,4,455.4
26370007677000,13,7,6,392.6
26370007678000,8,4,4,212.8
26370007679000,6,3,3,279
26370007680000,21,11,10,1087.8
26370007681000,39,20,19,1665.3
26370007682000,58,30,28,2784
26370007683000,38,21,17,1740.4
26370007684000,29,13,16,1560.2
26370007685000,6,3,3,316.2
26370007686000,29,16,13,945.4
26370007687000,2,1,1,0
26370007693000,2,2,0,0
26370007694000,1,0,1,0
26370007695000,1,0,1,0
26370007697000,5,3,2,218
26370007698000,14,8,6,634.2
26370007699000,4,3,1,0
26370007707000,4,3,1,0
26370007716000,2,1,1,0
26370007719000,4,2,2,0
26370007751000,42,25,17,1692.6
26370007752000,15,7,8,946.5
26370007757000,6,4,2,162
26380007637000,4,2,2,0
26380007638000,11,6,5,401.5
26380007639000,34,19,15,1298.8
26380007649000,6,2,4,208.2
26380007650000,37,20,17,1431.9
26380007651000,1,0,1,0
26380007652000,4,2,2,0
26380007658000,64,33,31,2924.8
26380007659000,42,20,22,1512
26380007664000,1,1,0,0
26380007679000,90,42,48,3609
26380007680000,31,18,13,1026.1
26380007681000,8,4,4,396
26380007682000,11,4,7,391.6
26380007683000,16,9,7,596.8
26380007684000,10,3,7,560
26380007685000,2,1,1,0
26380007687000,13,4,9,448.5
26380007688000,12,6,6,675.6
26380007706000,15,7,8,604.5
26380007716000,16,10,6,710.4
26380007719000,4,2,2,0
26380007751000,23,12,11,887.8
26390007637000,14,4,10,504
26390007638000,46,23,23,1545.6
26390007639000,6,4,2,78
26390007653000,8,5,3,528
26390007654000,16,8,8,782.4
26390007655000,4,2,2,0
26390007659000,71,35,36,2385.6
26390007660000,20,9,11,808
26390007661000,57,29,28,2160.3
26390007662000,61,36,25,1884.9
26390007663000,520,282,238,18564
26390007664000,41,19,22,2000.8
26390007665000,34,18,16,1604.8
26390007676000,30,13,17,1011
26390007677000,11,8,3,394.9
26390007678000,11,6,5,337.7
26390007679000,40,22,18,1692
26390007680000,14,8,6,399
26390007685000,23,12,11,1005.1
26390007686000,3,1,2,0
26390007687000,4,3,1,0
26390007688000,4,2,2,0
26390007689000,2,1,1,0
26390007691000,2,2,0,0
26390007692000,6,3,3,279
26390007693000,2,1,1,0
26390007694000,25,15,10,1052.5
26390007695000,2,1,1,0
26390007697000,3,1,2,0
26390007705000,18,9,9,1022.4
26390007706000,3,1,2,0
26390007719000,1,1,0,0
26390007720000,10,6,4,442
26390007735000,138,68,70,4554
26390007736000,1,1,0,0
26390007773000,5,3,2,264
26400007637000,5,2,3,220
26400007638000,33,14,19,1145.1
26400007639000,1,1,0,0
26400007654000,1,1,0,0
26400007655000,6,4,2,376.2
26400007656000,2,1,1,0
26400007658000,17,8,9,838.1
26400007659000,73,35,38,3379.9
26400007662000,132,71,61,4950
26400007663000,144,80,64,3614.4
26400007665000,210,100,110,10374
26400007666000,596,324,272,19906.4
26400007667000,60,29,31,1980
26400007675000,7,4,3,314.3
26400007676000,1,0,1,0
26400007678000,8,5,3,336.8
26400007679000,39,17,22,1310.4
26400007686000,4,3,1,0
26400007693000,10,4,6,343
26400007694000,10,8,2,502
26400007695000,7,5,2,471.8
26400007704000,15,11,4,690
26400007717000,8,5,3,387.2
26400007721000,5,3,2,273
26400007722000,47,27,20,1847.1
26400007734000,4,3,1,0
26400007735000,212,107,105,6402.4
26400007736000,147,69,78,5674.2
26400007739000,8,3,5,430.4
26400007740000,1,1,0,0
26400007752000,2,1,1,0
26400007769000,4,2,2,0
26400007773000,16,12,4,688
26410007635000,5,4,1,139
26410007636000,1,0,1,0
26410007637000,18,6,12,707.4
26410007639000,24,13,11,902.4
26410007655000,6,3,3,231
26410007656000,1,1,0,0
26410007657000,15,8,7,666
26410007658000,27,13,14,1093.5
26410007659000,8,2,6,499.2
26410007661000,21,10,11,829.5
26410007665000,34,20,14,1159.4
26410007666000,12,6,6,553.2
26410007667000,158,80,78,5498.4
26410007674000,13,6,7,427.7
26410007675000,6,3,3,430.8
26410007676000,2,1,1,0
26410007677000,23,14,9,1108.6
26410007678000,5,2,3,245
26410007679000,28,13,15,963.2
26410007695000,1,0,1,0
26410007701000,8,3,5,475.2
26410007702000,80,34,46,2928
26410007703000,15,8,7,709.5
26410007718000,8,4,4,458.4
26410007722000,35,17,18,1372
26410007723000,9,4,5,353.7
26410007734000,46,26,20,1646.8
26410007735000,40,23,17,1736
26410007736000,13,9,4,630.5
26410007737000,35,18,17,1326.5
26410007769000,2,1,1,0
26420007630000,2,1,1,0
26420007632000,6,3,3,325.8
26420007633000,3,2,1,0
26420007636000,25,15,10,925
26420007637000,17,11,6,586.5
26420007638000,1,0,1,0
26420007661000,10,7,3,446
26420007665000,6,2,4,337.8
26420007667000,136,72,64,5263.2
26420007668000,389,194,195,16454.7
26420007671000,10,5,5,440
26420007673000,8,5,3,323.2
26420007674000,115,59,56,4726.5
26420007675000,180,84,96,7722
26420007676000,9,3,6,405
26420007677000,2,1,1,0
26420007678000,5,2,3,310
26420007679000,25,13,12,792.5
26420007680000,13,6,7,533
26420007681000,1,1,0,0
26420007700000,13,6,7,406.9
26420007702000,8,2,6,415.2
26420007718000,7,4,3,371.7
26420007721000,33,18,15,1178.1
26420007722000,31,15,16,1491.1
26420007734000,5,3,2,245
26420007735000,23,13,10,1198.3
26420007736000,24,11,13,789.6
26420007737000,4,2,2,0
26420007770000,5,3,2,301
26420007771000,17,6,11,598.4
26430007621000,3,2,1,0
26430007623000,4,1,3,0
26430007625000,6,3,3,246
26430007626000,8,4,4,263.2
26430007627000,4,2,2,0
26430007628000,15,8,7,460.5
26430007629000,9,5,4,293.4
26430007630000,10,4,6,323
26430007633000,15,8,7,564
26430007634000,1,0,1,0
26430007635000,4,2,2,0
26430007637000,3,1,2,0
26430007661000,6,4,2,217.8
26430007662000,2,2,0,0
26430007663000,53,31,22,2077.6
26430007668000,24,13,11,967.2
26430007669000,21,13,8,942.9
26430007670000,40,22,18,1776
26430007671000,52,29,23,2267.2
26430007672000,126,64,62,5380.2
26430007673000,83,39,44,3320
26430007674000,199,101,98,7880.4
26430007675000,3,2,1,0
26430007676000,3,1,2,0
26430007681000,28,14,14,1276.8
26430007692000,3,2,1,0
26430007693000,7,5,2,378
26430007699000,4,1,3,0
26430007702000,2,2,0,0
26430007704000,8,5,3,312.8
26430007718000,25,14,11,1205
26430007721000,32,14,18,1632
26430007734000,106,57,49,3540.4
26430007735000,63,33,30,2286.9
26430007765000,1,1,0,0
26430007772000,3,2,1,0
26440007620000,6,4,2,289.2
26440007621000,10,3,7,360
26440007623000,12,6,6,570
26440007624000,3,1,2,0
26440007625000,4,2,2,0
26440007630000,4,2,2,0
26440007631000,18,8,10,1006.2
26440007660000,2,1,1,0
26440007663000,1,0,1,0
26440007664000,1,1,0,0
26440007665000,8,3,5,275.2
26440007669000,2,1,1,0
26440007670000,22,10,12,748
26440007671000,83,34,49,5436.5
26440007672000,47,31,16,1649.7
26440007674000,12,6,6,574.8
26440007675000,14,5,9,707
26440007681000,8,6,2,448.8
26440007682000,4,2,2,0
26440007692000,13,7,6,535.6
26440007698000,1,1,0,0
26440007702000,6,3,3,148.2
26440007703000,7,4,3,424.9
26440007704000,21,14,7,947.1
26440007718000,2,2,0,0
26440007719000,4,1,3,0
26440007721000,28,15,13,1162
26440007728000,15,10,5,531
26440007729000,59,34,25,2059.1
26440007730000,99,51,48,4029.3
26440007731000,18,7,11,754.2
26440007734000,164,85,79,6018.8
26440007735000,350,172,178,12040
26440007745000,3,1,2,0
26440007746000,17,7,10,591.6
26440007748000,65,31,34,2359.5
26440007755000,3,1,2,0
26450007660000,9,4,5,423.9
26450007662000,1,1,0,0
26450007663000,11,6,5,295.9
26450007664000,5,1,4,139
26450007666000,5,2,3,297
26450007667000,15,7,8,646.5
26450007674000,14,7,7,652.4
26450007681000,7,4,3,153.3
26450007682000,37,20,17,1639.1
26450007683000,13,9,4,478.4
26450007684000,4,3,1,0
26450007685000,7,4,3,294
26450007686000,13,8,5,569.4
26450007687000,20,14,6,942
26450007688000,11,6,5,343.2
26450007689000,17,9,8,855.1
26450007690000,7,4,3,427.7
26450007698000,5,2,3,182
26450007701000,10,5,5,435
26450007702000,22,13,9,1185.8
26450007703000,16,8,8,596.8
26450007704000,6,2,4,255
26450007719000,15,7,8,543
26450007721000,16,9,7,716.8
26450007729000,6,3,3,283.8
26450007731000,33,19,14,1191.3
26450007732000,39,17,22,1337.7
26450007733000,53,25,28,1987.5
26450007734000,788,412,376,25688.8
26450007735000,178,92,86,6621.6
26450007745000,2,1,1,0
26450007746000,14,8,6,544.6
26450007748000,59,27,32,2454.4
26450007752000,9,4,5,287.1
26450007753000,17,8,9,644.3
26450007759000,1,1,0,0
26450007775000,3,2,1,0
26460007630000,28,14,14,1117.2
26460007664000,11,5,6,352
26460007665000,2,2,0,0
26460007666000,4,3,1,0
26460007667000,17,9,8,843.2
26460007673000,10,5,5,296
26460007674000,4,2,2,0
26460007686000,11,5,6,418
26460007688000,8,4,4,376
26460007689000,17,8,9,802.4
26460007697000,6,3,3,259.8
26460007699000,2,1,1,0
26460007700000,1,0,1,0
26460007701000,7,5,2,249.2
26460007719000,23,13,10,931.5
26460007721000,23,11,12,931.5
26460007722000,90,42,48,3636
26460007728000,20,12,8,602
26460007729000,4,1,3,0
26460007731000,39,21,18,1571.7
26460007732000,47,26,21,1729.6
26460007734000,960,498,462,27456
26460007735000,236,117,119,6513.6
26460007752000,60,27,33,1782
26460007753000,31,17,14,1094.3
26460007754000,12,7,5,494.4
26460007756000,1,1,0,0
26460007775000,4,1,3,0
26460007791000,1,1,0,0
26470007629000,6,2,4,295.8
26470007659000,2,1,1,0
26470007661000,4,2,2,0
26470007662000,11,6,5,487.3
26470007664000,9,5,4,279
26470007665000,7,5,2,203
26470007694000,16,8,8,814.4
26470007695000,2,1,1,0
26470007697000,11,6,5,489.5
26470007699000,3,1,2,0
26470007700000,4,2,2,0
26470007701000,3,1,2,0
26470007719000,48,25,23,1992
26470007722000,7,3,4,321.3
26470007723000,47,25,22,1781.3
26470007724000,53,26,27,2104.1
26470007725000,26,12,14,1315.6
26470007726000,36,21,15,1072.8
26470007727000,30,16,14,1152
26470007728000,31,15,16,1196.6
26470007729000,4,2,2,0
26470007731000,113,56,57,3480.4
26470007735000,1085,577,508,31573.5
26470007752000,4,3,1,0
26470007753000,40,22,18,1436
26470007757000,7,3,4,308
26470007758000,2,1,1,0
26470007775000,2,1,1,0
26480007661000,3,2,1,0
26480007662000,7,3,4,247.1
26480007664000,4,3,1,0
26480007665000,2,1,1,0
26480007667000,10,4,6,365
26480007672000,6,4,2,226.2
26480007688000,3,2,1,0
26480007694000,5,2,3,298
26480007695000,8,3,5,348.8
26480007697000,1,1,0,0
26480007699000,8,6,2,306.4
26480007701000,10,5,5,464
26480007719000,14,9,5,357
26480007720000,20,8,12,620
26480007725000,11,5,6,411.4
26480007726000,34,16,18,1030.2
26480007727000,9,5,4,541.8
26480007731000,27,14,13,580.5
26480007732000,31,17,14,889.7
26480007733000,9,4,5,341.1
26480007735000,1258,650,608,40507.6
26480007752000,25,15,10,1072.5
26480007775000,5,3,2,348
26490007660000,2,2,0,0
26490007661000,5,3,2,140
26490007662000,2,1,1,0
26490007663000,3,2,1,0
26490007664000,5,4,1,240
26490007671000,3,2,1,0
26490007672000,14,7,7,666.4
26490007688000,10,4,6,499
26490007694000,7,3,4,391.3
26490007695000,11,5,6,445.5
26490007696000,16,8,8,609.6
26490007697000,2,1,1,0
26490007699000,1,1,0,0
26490007720000,12,8,4,291.6
26490007726000,16,8,8,521.6
26490007735000,230,110,120,9223
26490007736000,1111,542,569,42329.1
26490007737000,106,54,52,3911.4
26490007752000,22,13,9,693
26490007756000,2,1,1,0
26490007776000,10,7,3,623
26500007660000,8,4,4,519.2
26500007663000,15,6,9,646.5
26500007671000,2,1,1,0
26500007672000,2,1,1,0
26500007688000,8,5,3,268.8
26500007694000,13,10,3,410.8
26500007696000,52,24,28,2475.2
26500007699000,3,1,2,0
26500007712000,2,1,1,0
26500007713000,4,2,2,0
26500007714000,7,3,4,207.9
26500007715000,1,1,0,0
26500007716000,19,7,12,803.7
26500007717000,19,9,10,788.5
26500007718000,2,1,1,0
26500007719000,22,13,9,1122
26500007720000,11,5,6,458.7
26500007736000,137,69,68,5384.1
26500007737000,1523,758,765,55437.2
26500007738000,14,7,7,593.6
26500007751000,2,1,1,0
26500007755000,7,5,2,163.8
26500007756000,25,10,15,1120
26500007777000,7,3,4,284.9
26500007778000,3,2,1,0
26510007661000,15,9,6,819
26510007662000,7,3,4,424.9
26510007663000,12,7,5,651.6
26510007688000,6,2,4,274.2
26510007693000,8,3,5,458.4
26510007694000,13,5,8,223.6
26510007696000,15,7,8,904.5
26510007697000,3,2,1,0
26510007699000,3,1,2,0
26510007713000,2,1,1,0
26510007729000,314,158,156,12905.4
26510007730000,1410,642,768,58656
26510007731000,1359,670,689,53272.8
26510007732000,217,110,107,6444.9
26510007733000,333,179,154,12654
26510007734000,19,16,3,583.3
26510007735000,10,5,5,321
26510007736000,6,3,3,160.8
26510007737000,391,208,183,14154.2
26510007738000,26,13,13,873.6
26510007751000,12,7,5,442.8
26510007754000,4,1,3,0
26510007779000,3,2,1,0
26520007623000,2,1,1,0
26520007661000,24,14,10,916.8
26520007662000,23,13,10,949.9
26520007671000,7,3,4,329.7
26520007688000,7,5,2,303.8
26520007694000,2,1,1,0
26520007696000,31,15,16,1488
26520007697000,3,1,2,0
26520007699000,7,3,4,305.2
26520007709000,18,10,8,966.6
26520007710000,22,12,10,968
26520007711000,4,1,3,0
26520007712000,8,5,3,454.4
26520007726000,6,2,4,409.2
26520007727000,2,0,2,0
26520007729000,1266,655,611,45069.6
26520007730000,3355,1713,1642,123128.5
26520007731000,3066,1522,1544,112215.6
26520007732000,2056,1031,1025,74632.8
26520007733000,2108,1037,1071,79260.8
26520007734000,1661,774,887,66440
26520007735000,2036,977,1059,76553.6
26520007736000,168,83,85,6434.4
26520007737000,173,86,87,5276.5
26520007738000,24,14,10,1272
26520007739000,59,30,29,2896.9
26520007740000,16,11,5,721.6
26520007753000,12,5,7,583.2
26530007659000,5,1,4,134
26530007660000,6,3,3,309
26530007661000,35,17,18,1690.5
26530007662000,28,14,14,1058.4
26530007671000,20,12,8,960
26530007672000,8,2,6,299.2
26530007694000,2,0,2,0
26530007695000,2,1,1,0
26530007696000,76,34,42,3169.2
26530007697000,3,2,1,0
26530007708000,21,14,7,1003.8
26530007709000,5,4,1,321
26530007721000,31,13,18,1329.9
26530007722000,148,73,75,4573.2
26530007723000,37,22,15,1620.6
26530007724000,17,8,9,576.3
26530007725000,61,33,28,1988.6
26530007726000,315,153,162,11655
26530007727000,331,167,164,12710.4
26530007728000,732,376,356,25546.8
26530007729000,1367,671,696,54543.3
26530007730000,302,143,159,11264.6
26530007731000,1717,873,844,71255.5
26530007732000,4044,2129,1915,151650
26530007733000,2593,1341,1252,90236.4
26530007734000,1441,751,690,50146.8
26530007735000,653,331,322,25205.8
26530007736000,743,386,357,22735.8
26530007737000,1481,733,748,45170.5
26530007738000,53,31,22,1759.6
26530007740000,31,16,15,1212.1
26530007750000,9,7,2,497.7
26530007753000,2,1,1,0
26530007776000,2,2,0,0
26530007777000,2,0,2,0
26530007778000,2,1,1,0
26540007621000,11,5,6,529.1
26540007661000,89,49,40,3123.9
26540007662000,2,0,2,0
26540007671000,50,25,25,2060
26540007672000,1,1,0,0
26540007692000,1,0,1,0
26540007695000,25,11,14,1377.5
26540007696000,82,41,41,2525.6
26540007700000,4,1,3,0
26540007706000,1,0,1,0
26540007707000,15,5,10,958.5
26540007708000,14,7,7,471.8
26540007719000,137,70,67,4411.4
26540007720000,131,69,62,4558.8
26540007721000,89,36,53,2465.3
26540007730000,626,320,306,22723.8
26540007731000,1648,841,807,61470.4
26540007734000,111,59,52,4218
26540007735000,747,411,336,28386
26540007736000,2006,987,1019,77832.8
26540007737000,1126,545,581,39522.6
26540007738000,1037,530,507,37435.7
26540007741000,13,7,6,734.5
26540007742000,16,8,8,588.8
26540007748000,56,29,27,2156
26540007749000,12,5,7,519.6
26540007750000,14,7,7,470.4
26540007751000,5,2,3,248
26540007752000,14,9,5,527.8
26540007772000,6,4,2,367.2
26540007775000,2,1,1,0
26540007785000,2,1,1,0
26550007660000,14,10,4,579.6
26550007661000,110,53,57,4818
26550007671000,13,8,5,412.1
26550007672000,3,2,1,0
26550007687000,9,5,4,327.6
26550007691000,7,4,3,466.9
26550007692000,15,10,5,706.5
26550007694000,28,14,14,1358
26550007695000,11,6,5,528
26550007700000,1,1,0,0
26550007701000,13,8,5,348.4
26550007702000,11,6,5,536.8
26550007707000,12,4,8,369.6
26550007710000,11,8,3,542.3
26550007711000,8,3,5,362.4
26550007712000,5,3,2,179
26550007718000,1,1,0,0
26550007719000,67,38,29,2740.3
26550007720000,3,1,2,0
26550007730000,118,60,58,4035.6
26550007731000,2251,1126,1125,78785
26550007732000,1102,538,564,45622.8
26550007733000,1350,686,664,52110
26550007735000,67,35,32,1936.3
26550007736000,249,138,111,8590.5
26550007737000,674,354,320,22376.8
26550007738000,5,5,0,195
26550007742000,2,1,1,0
26550007743000,70,27,43,2128
26550007744000,5,3,2,287
26550007746000,10,7,3,251
26550007747000,30,15,15,1290
26550007748000,3,2,1,0
26550007749000,2,1,1,0
26550007750000,1,1,0,0
26550007773000,5,3,2,364
26550007774000,7,5,2,384.3
26550007775000,1,1,0,0
26560007653000,2,1,1,0
26560007655000,2,1,1,0
26560007656000,3,1,2,0
26560007658000,1,0,1,0
26560007659000,1,0,1,0
26560007660000,15,9,6,819
26560007661000,26,15,11,1014
26560007671000,5,3,2,128
26560007690000,1,0,1,0
26560007691000,17,9,8,613.7
26560007692000,9,3,6,363.6
26560007693000,1,1,0,0
26560007694000,12,5,7,538.8
26560007695000,3,1,2,0
26560007702000,59,35,24,2336.4
26560007703000,32,16,16,1206.4
26560007704000,1,1,0,0
26560007705000,3,1,2,0
26560007706000,8,6,2,296.8
26560007708000,1,1,0,0
26560007709000,15,8,7,676.5
26560007710000,1,1,0,0
26560007713000,8,5,3,540.8
26560007715000,11,3,8,621.5
26560007716000,35,17,18,1564.5
26560007717000,6,3,3,153
26560007718000,76,55,21,3207.2
26560007720000,42,22,20,1713.6
26560007732000,5,2,3,161
26560007733000,913,444,469,35698.3
26560007734000,2046,967,1079,79998.6
26560007735000,42,22,20,1533
26560007744000,22,13,9,772.2
26560007745000,43,23,20,1569.5
26560007746000,15,6,9,436.5
26560007748000,20,11,9,752
26560007749000,1,1,0,0
26560007769000,1,1,0,0
26570007653000,1,0,1,0
26570007654000,4,2,2,0
26570007655000,3,1,2,0
26570007657000,3,1,2,0
26570007658000,1,0,1,0
26570007660000,15,8,7,640.5
26570007687000,5,1,4,219
26570007691000,3,1,2,0
26570007693000,3,2,1,0
26570007694000,5,3,2,154
26570007701000,7,3,4,380.1
26570007702000,8,4,4,358.4
26570007708000,6,4,2,421.8
26570007717000,6,4,2,310.2
26570007718000,2,1,1,0
26570007720000,33,20,13,1214.4
26570007734000,24,12,12,1060.8
26570007735000,1624,777,847,66746.4
26570007736000,1223,594,629,43538.8
26570007737000,50,26,24,1780
26570007747000,5,3,2,255
26570007768000,23,9,14,995.9
26580007652000,7,4,3,510.3
26580007655000,3,2,1,0
26580007658000,4,2,2,0
26580007659000,7,2,5,254.8
26580007660000,6,3,3,321
26580007661000,2,1,1,0
26580007672000,4,2,2,0
26580007673000,9,4,5,389.7
26580007687000,14,8,6,543.2
26580007690000,1,1,0,0
26580007691000,12,6,6,726
26580007708000,10,4,6,394
26580007713000,28,14,14,932.4
26580007718000,3,2,1,0
26580007719000,15,10,5,667.5
26580007721000,15,7,8,591
26580007735000,443,229,214,19536.3
26580007736000,219,107,112,8300.1
26580007737000,177,101,76,6336.6
26580007738000,51,23,28,2244
26580007739000,231,115,116,8708.7
26580007740000,153,80,73,5156.1
26580007741000,109,56,53,4185.6
26580007747000,15,9,6,622.5
26580007767000,18,9,9,878.4
26590007650000,1,1,0,0
26590007651000,5,3,2,221
26590007660000,3,2,1,0
26590007673000,1,1,0,0
26590007679000,22,12,10,598.4
26590007687000,3,1,2,0
26590007703000,8,4,4,258.4
26590007704000,3,2,1,0
26590007705000,7,2,5,408.1
26590007706000,5,2,3,149
26590007707000,5,3,2,272
26590007713000,2,1,1,0
26590007720000,2,1,1,0
26590007721000,24,12,12,600
26590007722000,56,30,26,1904
26590007741000,23,11,12,1110.9
26590007742000,34,21,13,1642.2
26590007747000,7,4,3,368.2
26590007766000,4,2,2,0
26590007767000,4,1,3,0
26600007649000,7,3,4,301.7
26600007660000,9,5,4,342
26600007678000,5,2,3,234
26600007679000,25,11,14,707.5
26600007680000,26,19,7,1032.2
26600007690000,6,3,3,214.2
26600007698000,4,2,2,0
26600007702000,4,2,2,0
26600007703000,3,2,1,0
26600007721000,3,2,1,0
26600007722000,40,20,20,1652
26600007742000,276,164,112,10239.6
26600007767000,2,2,0,0
26610007648000,6,2,4,300
26610007659000,13,7,6,594.1
26610007674000,1,0,1,0
26610007678000,12,8,4,536.4
26610007679000,2,0,2,0
26610007680000,26,12,14,915.2
26610007681000,19,11,8,896.8
26610007682000,11,7,4,456.5
26610007688000,3,2,1,0
26610007690000,20,9,11,720
26610007698000,4,3,1,0
26610007701000,11,5,6,434.5
26610007702000,2,1,1,0
26610007721000,14,8,6,634.2
26610007722000,36,16,20,1465.2
26610007723000,96,55,41,3129.6
26610007742000,90,47,43,2646
26610007743000,60,25,35,1932
26610007744000,31,12,19,1348.5
26610007748000,1,0,1,0
26610007766000,1,1,0,0
26620007646000,2,1,1,0
26620007647000,3,2,1,0
26620007648000,6,4,2,124.8
26620007673000,5,2,3,254
26620007679000,6,2,4,255
26620007680000,11,6,5,401.5
26620007681000,1,1,0,0
26620007683000,2,1,1,0
26620007688000,20,10,10,784
26620007689000,7,2,5,219.1
26620007690000,20,10,10,732
26620007698000,9,5,4,397.8
26620007701000,5,4,1,109
26620007720000,25,13,12,1257.5
26620007721000,28,13,15,1038.8
26620007722000,65,34,31,2580.5
26620007723000,76,41,35,2956.4
26620007741000,1,1,0,0
26620007744000,5,3,2,174
26620007745000,42,22,20,1659
26620007748000,5,2,3,339
26620007775000,9,5,4,430.2
26620007776000,10,6,4,424
26630007645000,7,5,2,331.1
26630007646000,20,12,8,1128
26630007647000,11,7,4,331.1
26630007659000,9,4,5,357.3
26630007660000,2,1,1,0
26630007673000,11,6,5,321.2
26630007679000,2,2,0,0
26630007680000,19,12,7,951.9
26630007681000,3,2,1,0
26630007682000,2,1,1,0
26630007683000,40,22,18,1812
26630007684000,30,18,12,1224
26630007688000,19,9,10,653.6
26630007689000,37,21,16,1568.8
26630007690000,29,17,12,1177.4
26630007698000,18,7,11,943.2
26630007701000,6,2,4,328.8
26630007719000,30,16,14,1101
26630007720000,13,8,5,712.4
26630007721000,54,24,30,2289.6
26630007722000,85,48,37,3230
26630007723000,74,36,38,2797.2
26630007746000,9,6,3,447.3
26630007748000,4,2,2,0
26630007773000,21,10,11,678.3
26640007644000,4,2,2,0
26640007659000,1,0,1,0
26640007660000,10,5,5,311
26640007673000,2,1,1,0
26640007684000,18,6,12,462.6
26640007688000,7,3,4,263.2
26640007690000,24,13,11,1039.2
26640007698000,4,2,2,0
26640007701000,2,1,1,0
26640007702000,5,3,2,167
26640007719000,45,20,25,2250
26640007720000,34,17,17,1411
26640007723000,12,7,5,423.6
26640007724000,26,16,10,873.6
26640007746000,37,16,21,1406
26640007772000,3,2,1,0
26650007659000,10,4,6,310
26650007670000,2,1,1,0
26650007672000,2,1,1,0
26650007677000,8,4,4,302.4
26650007678000,5,2,3,232
26650007679000,10,6,4,426
26650007681000,4,2,2,0
26650007684000,1,1,0,0
26650007685000,16,8,8,787.2
26650007688000,10,5,5,469
26650007690000,13,6,7,382.2
26650007691000,1,0,1,0
26650007698000,2,1,1,0
26650007702000,6,3,3,435
26650007715000,7,5,2,315
26650007716000,7,4,3,303.1
26650007717000,100,50,50,3580
26650007718000,22,13,9,750.2
26650007719000,15,8,7,529.5
26650007724000,11,4,7,442.2
26650007725000,2,1,1,0
26650007746000,33,15,18,1270.5
26650007750000,4,3,1,0
26660007658000,6,4,2,130.8
26660007659000,4,2,2,0
26660007670000,2,1,1,0
26660007678000,1,0,1,0
26660007686000,417,188,229,18181.2
26660007687000,186,95,91,9058.2
26660007688000,85,40,45,3068.5
26660007690000,16,9,7,732.8
26660007691000,1,0,1,0
26660007702000,3,2,1,0
26660007714000,3,2,1,0
26660007717000,9,6,3,299.7
26660007725000,2,1,1,0
26660007726000,4,2,2,0
26660007746000,82,41,41,3239
26660007747000,1,1,0,0
26660007770000,19,12,7,858.8
26670007658000,2,0,2,0
26670007659000,2,1,1,0
26670007668000,6,4,2,216
26670007680000,1,0,1,0
26670007681000,10,7,3,408
26670007682000,14,8,6,504
26670007684000,32,19,13,1401.6
26670007685000,123,58,65,5387.4
26670007686000,160,75,85,7168
26670007687000,169,89,80,7334.6
26670007688000,104,47,57,3650.4
26670007689000,13,7,6,340.6
26670007698000,11,6,5,541.2
26670007702000,22,15,7,1034
26670007703000,2,1,1,0
26670007704000,2,1,1,0
26670007726000,22,13,9,974.6
26670007746000,26,13,13,891.8
26670007754000,1,1,0,0
26670007755000,1,1,0,0
26670007770000,19,11,8,904.4
26670007771000,28,13,15,1293.6
26670007772000,14,8,6,389.2
26680007659000,6,3,3,216
26680007670000,3,2,1,0
26680007681000,9,4,5,477.9
26680007682000,1,1,0,0
26680007683000,2,1,1,0
26680007684000,89,45,44,3746.9
26680007685000,6,3,3,360
26680007689000,1,0,1,0
26680007690000,26,12,14,1003.6
26680007691000,36,17,19,1504.8
26680007698000,9,5,4,288
26680007702000,30,16,14,1407
26680007703000,6,4,2,310.8
26680007727000,6,3,3,355.8
26680007746000,53,26,27,1754.3
26680007747000,5,1,4,168
26680007756000,2,1,1,0
26680007769000,2,2,0,0
26680007770000,9,3,6,327.6
26680007771000,6,4,2,346.2
26690007669000,6,3,3,307.8
26690007670000,2,2,0,0
26690007681000,21,12,9,856.8
26690007682000,34,15,19,1305.6
26690007683000,68,39,29,2108
26690007684000,39,17,22,1688.7
26690007691000,24,14,10,904.8
26690007692000,29,20,9,1360.1
26690007696000,5,3,2,312
26690007697000,15,9,6,475.5
26690007698000,2,1,1,0
26690007702000,21,13,8,1123.5
26690007728000,10,4,6,278
26690007747000,25,14,11,1145
26690007758000,4,1,3,0
26690007759000,6,2,4,138
26690007799000,2,1,1,0
26700007659000,7,4,3,300.3
26700007661000,22,13,9,1027.4
26700007662000,8,5,3,386.4
26700007663000,31,17,14,1382.6
26700007667000,1,1,0,0
26700007669000,2,2,0,0
26700007670000,3,3,0,0
26700007681000,10,5,5,447
26700007684000,25,13,12,1230
26700007685000,16,9,7,790.4
26700007686000,13,5,8,683.8
26700007692000,15,7,8,738
26700007693000,28,18,10,1408.4
26700007694000,7,4,3,406
26700007695000,2,1,1,0
26700007701000,3,1,2,0
26700007702000,25,12,13,1057.5
26700007729000,11,6,5,426.8
26700007747000,25,11,14,952.5
26700007748000,10,6,4,490
26700007753000,7,2,5,345.8
26700007754000,6,3,3,210
26700007758000,6,5,1,298.8
26700007760000,20,9,11,928
26700007765000,2,2,0,0
26700007766000,31,19,12,1255.5
26700007796000,3,2,1,0
26700007797000,1,1,0,0
26700007798000,6,4,2,319.8
26700007799000,4,3,1,0
26710007661000,8,4,4,296.8
26710007662000,91,55,36,2629.9
26710007663000,173,106,67,5172.7
26710007664000,10,5,5,272
26710007665000,8,5,3,376.8
26710007667000,15,7,8,778.5
26710007668000,5,2,3,130
26710007669000,1,1,0,0
26710007684000,2,1,1,0
26710007686000,14,7,7,462
26710007693000,1,0,1,0
26710007694000,32,15,17,1478.4
26710007699000,5,3,2,168
26710007700000,23,9,14,800.4
26710007701000,17,10,7,841.5
26710007702000,100,61,39,4130
26710007731000,3,2,1,0
26710007747000,3,2,1,0
26710007758000,1,1,0,0
26710007760000,16,11,5,633.6
26710007761000,41,21,20,2164.8
26710007762000,113,54,59,3661.2
26710007763000,13,6,7,845
26710007764000,26,16,10,943.8
26710007765000,2,1,1,0
26710007766000,23,13,10,1173
26720007661000,4,2,2,0
26720007662000,14,5,9,821.8
26720007663000,3,1,2,0
26720007686000,13,7,6,487.5
26720007698000,7,3,4,364
26720007699000,35,18,17,1634.5
26720007748000,15,8,7,645
26720007761000,2,1,1,0
26720007762000,1,0,1,0
26720007766000,4,2,2,0
26720007795000,11,5,6,418
26730007662000,7,3,4,326.9
26730007686000,20,9,11,1004
26730007692000,12,5,7,505.2
26730007693000,2,2,0,0
26730007695000,1,0,1,0
26730007696000,32,15,17,1094.4
26730007697000,29,14,15,1281.8
26730007698000,4,2,2,0
26730007703000,1,0,1,0
26730007704000,2,1,1,0
26730007749000,28,15,13,1251.6
26730007754000,1,1,0,0
26730007755000,1,1,0,0
26730007762000,4,1,3,0
26730007763000,4,3,1,0
26730007767000,4,3,1,0
26730007770000,1,1,0,0
26730007771000,6,3,3,252
26730007772000,7,4,3,214.9
26730007773000,1,1,0,0
26730007794000,6,4,2,379.8
26730007795000,18,12,6,907.2
26740007686000,16,8,8,992
26740007688000,3,1,2,0
26740007689000,11,6,5,665.5
26740007690000,48,27,21,2212.8
26740007691000,11,6,5,576.4
26740007692000,19,8,11,718.2
26740007693000,3,1,2,0
26740007694000,6,2,4,253.8
26740007695000,30,16,14,1272
26740007696000,7,3,4,273
26740007704000,16,11,5,1052.8
26740007732000,9,5,4,341.1
26740007749000,10,6,4,454
26740007750000,7,4,3,273.7
26740007755000,5,2,3,259
26740007767000,21,9,12,1083.6
26740007771000,4,2,2,0
26740007773000,21,12,9,777
26740007774000,13,6,7,555.1
26740007793000,9,5,4,622.8
26740007794000,58,28,30,2639
26750007661000,19,8,11,761.9
26750007662000,58,27,31,2818.8
26750007663000,1,1,0,0
26750007685000,8,6,2,450.4
26750007686000,6,3,3,286.2
26750007687000,15,10,5,514.5
26750007688000,27,14,13,990.9
26750007690000,1,1,0,0
26750007704000,5,2,3,262
26750007732000,20,10,10,746
26750007733000,8,4,4,302.4
26750007749000,1,1,0,0
26750007765000,4,2,2,0
26750007767000,14,6,8,875
26750007768000,31,14,17,1525.2
26750007792000,36,19,17,1749.6
26750007793000,26,14,12,1229.8
26760007661000,7,3,4,483
26760007662000,74,34,40,3507.6
26760007685000,29,19,10,1470.3
26760007687000,5,2,3,261
26760007704000,16,9,7,683.2
26760007733000,18,10,8,712.8
26760007734000,2,1,1,0
26760007746000,4,2,2,0
26760007765000,15,8,7,678
26760007768000,299,143,156,11601.2
26760007769000,113,49,64,5412.7
26760007774000,4,2,2,0
26760007788000,4,2,2,0
26760007789000,10,5,5,587
26760007790000,10,6,4,485
26760007791000,13,7,6,572
26760007792000,4,2,2,0
26770007658000,3,3,0,0
26770007659000,4,2,2,0
26770007662000,39,19,20,1758.9
26770007663000,37,20,17,1417.1
26770007666000,5,3,2,97
26770007667000,1,1,0,0
26770007684000,2,1,1,0
26770007685000,13,8,5,582.4
26770007686000,11,4,7,586.3
26770007694000,6,3,3,238.8
26770007704000,3,2,1,0
26770007705000,11,5,6,473
26770007723000,1,1,0,0
26770007732000,1,0,1,0
26770007733000,8,5,3,528
26770007734000,22,11,11,820.6
26770007746000,19,11,8,532
26770007756000,7,4,3,433.3
26770007765000,8,5,3,427.2
26770007766000,34,18,16,1404.2
26770007767000,1,0,1,0
26770007769000,30,19,11,1077
26770007787000,3,1,2,0
26770007788000,35,16,19,1242.5
26770007789000,22,10,12,816.2
26780007658000,6,2,4,142.8
26780007662000,1,0,1,0
26780007663000,5,4,1,290
26780007667000,10,4,6,341
26780007684000,8,6,2,388
26780007685000,9,4,5,423.9
26780007695000,13,6,7,648.7
26780007696000,7,4,3,279.3
26780007706000,7,3,4,315
26780007707000,4,2,2,0
26780007709000,11,7,4,713.9
26780007722000,5,4,1,287
26780007732000,1,1,0,0
26780007734000,2,1,1,0
26780007756000,5,1,4,235
26780007767000,64,31,33,2790.4
26780007768000,4,3,1,0
26780007770000,31,19,12,1447.7
26780007771000,2,1,1,0
26780007781000,3,2,1,0
26780007782000,7,3,4,401.8
26780007783000,2,1,1,0
26780007784000,1,1,0,0
26780007786000,10,5,5,629
26780007787000,14,6,8,791
26780007797000,20,11,9,1184
26780007798000,15,8,7,910.5
26790007654000,6,3,3,256.2
26790007655000,17,9,8,819.4
26790007656000,4,2,2,0
26790007657000,21,10,11,730.8
26790007658000,2,1,1,0
26790007663000,2,1,1,0
26790007667000,5,3,2,305
26790007668000,3,2,1,0
26790007684000,1,1,0,0
26790007685000,45,29,16,1908
26790007696000,11,5,6,468.6
26790007697000,5,3,2,139
26790007710000,6,5,1,325.2
26790007721000,7,4,3,289.8
26790007722000,3,2,1,0
26790007734000,5,2,3,318
26790007735000,8,5,3,504.8
26790007745000,8,4,4,316
26790007767000,2,1,1,0
26790007768000,15,6,9,744
26790007784000,7,5,2,347.9
26800007653000,3,2,1,0
26800007654000,14,7,7,621.6
26800007655000,6,3,3,232.2
26800007664000,1,1,0,0
26800007667000,1,0,1,0
26800007668000,1,0,1,0
26800007669000,2,1,1,0
26800007684000,25,9,16,927.5
26800007685000,248,137,111,10292
26800007709000,1,1,0,0
26800007717000,3,1,2,0
26800007718000,10,3,7,559
26800007719000,6,3,3,181.2
26800007720000,29,14,15,1597.9
26800007721000,42,24,18,1713.6
26800007722000,3,1,2,0
26800007736000,3,1,2,0
26800007744000,4,1,3,0
26800007745000,76,45,31,3420
26800007746000,7,5,2,196.7
26800007769000,11,7,4,657.8
26800007771000,5,2,3,333
26810007649000,2,1,1,0
26810007652000,3,2,1,0
26810007653000,1,1,0,0
26810007663000,2,1,1,0
26810007664000,1,0,1,0
26810007669000,2,2,0,0
26810007670000,7,4,3,277.9
26810007684000,15,9,6,640.5
26810007685000,168,76,92,6014.4
26810007699000,8,5,3,266.4
26810007701000,3,2,1,0
26810007702000,30,19,11,993
26810007703000,11,5,6,497.2
26810007704000,5,2,3,199
26810007705000,15,9,6,738
26810007706000,11,5,6,518.1
26810007707000,12,4,8,562.8
26810007708000,9,4,5,335.7
26810007709000,17,11,6,680
26810007710000,3,2,1,0
26810007712000,3,2,1,0
26810007715000,6,2,4,379.8
26810007716000,11,7,4,674.3
26810007722000,2,1,1,0
26810007723000,26,14,12,1302.6
26810007747000,1,1,0,0
26810007772000,2,2,0,0
26820007646000,2,1,1,0
26820007661000,5,3,2,214
26820007663000,10,7,3,499
26820007670000,4,2,2,0
26820007671000,4,2,2,0
26820007684000,4,2,2,0
26820007685000,130,70,60,4771
26820007700000,2,1,1,0
26820007705000,10,5,5,469
26820007706000,8,5,3,447.2
26820007707000,12,4,8,517.2
26820007708000,10,5,5,620
26820007709000,57,25,32,2576.4
26820007710000,19,13,6,691.6
26820007711000,7,3,4,336
26820007712000,6,4,2,375
26820007713000,3,1,2,0
26820007715000,5,3,2,316
26820007723000,8,4,4,374.4
26820007724000,7,4,3,448.7
26820007725000,27,14,13,1447.2
26820007726000,1,0,1,0
26820007727000,5,4,1,298
26820007728000,1,1,0,0
26820007762000,4,2,2,0
26820007764000,13,7,6,738.4
26820007779000,2,1,1,0
26830007645000,4,1,3,0
26830007660000,11,7,4,360.8
26830007663000,3,2,1,0
26830007670000,6,3,3,292.2
26830007671000,4,1,3,0
26830007683000,2,0,2,0
26830007684000,3,1,2,0
26830007685000,34,19,15,1744.2
26830007713000,14,8,6,835.8
26830007718000,7,4,3,305.2
26830007722000,2,1,1,0
26830007723000,2,1,1,0
26830007728000,4,2,2,0
26830007729000,12,6,6,645.6
26830007764000,11,6,5,522.5
26830007765000,5,2,3,303
26840007671000,7,4,3,398.3
26840007683000,10,3,7,386
26840007684000,20,12,8,740
26840007713000,5,3,2,172
26840007717000,9,5,4,420.3
26840007718000,4,2,2,0
26840007719000,2,1,1,0
26840007722000,6,2,4,295.8
26840007723000,5,3,2,321
26840007724000,10,6,4,601
26840007725000,3,2,1,0
26840007728000,2,2,0,0
26840007737000,1,0,1,0
26840007773000,1,0,1,0
26840007779000,1,1,0,0
26850007671000,2,1,1,0
26850007672000,7,3,4,356.3
26850007682000,30,16,14,1206
26850007683000,3,1,2,0
26850007726000,3,2,1,0
26850007727000,1,1,0,0
26850007729000,5,2,3,357
26850007736000,15,8,7,622.5
26850007738000,2,1,1,0
26850007739000,8,4,4,548.8
26850007741000,4,1,3,0
26850007768000,2,1,1,0
26850007771000,2,1,1,0
26850007778000,8,3,5,283.2
26850007779000,7,5,2,249.9
26850007793000,1,1,0,0
26860007658000,10,7,3,284
26860007672000,7,3,4,403.2
26860007682000,17,9,8,889.1
26860007683000,6,3,3,172.8
26860007729000,8,4,4,516.8
26860007732000,1,0,1,0
26860007733000,6,4,2,238.2
26860007734000,15,8,7,739.5
26860007735000,9,4,5,365.4
26860007736000,5,3,2,285
26860007742000,4,2,2,0
26860007745000,10,5,5,480
26860007746000,7,5,2,217.7
26860007771000,2,2,0,0
26860007773000,26,18,8,1235
26860007774000,8,5,3,507.2
26860007778000,16,9,7,774.4
26860007779000,5,1,4,216
26870007657000,2,1,1,0
26870007658000,1,1,0,0
26870007672000,1,0,1,0
26870007682000,11,7,4,632.5
26870007683000,13,8,5,579.8
26870007729000,3,2,1,0
26870007731000,7,3,4,422.1
26870007732000,6,3,3,277.2
26870007733000,2,1,1,0
26870007743000,18,9,9,734.4
26870007744000,20,9,11,804
26870007745000,2,1,1,0
26870007773000,16,7,9,737.6
26870007779000,20,11,9,1064
26880007657000,1,1,0,0
26880007683000,15,7,8,844.5
26880007728000,6,4,2,328.2
26880007730000,18,9,9,786.6
26880007731000,11,5,6,577.5
26880007743000,8,3,5,575.2
26880007748000,2,1,1,0
26880007779000,4,3,1,0
26880007787000,19,9,10,965.2
26880007788000,2,1,1,0
26890007675000,2,1,1,0
26890007676000,1,1,0,0
26890007684000,3,2,1,0
26890007685000,13,8,5,637
26890007728000,8,6,2,402.4
26890007730000,27,14,13,1128.6
26890007749000,19,10,9,1045
26890007781000,151,80,71,7021.5
26890007782000,20,10,10,846
26890007783000,39,19,20,1630.2
26890007784000,4,3,1,0
26890007787000,4,3,1,0
26890007788000,69,39,30,2760
26900007636000,6,4,2,195
26900007637000,7,5,2,240.8
26900007686000,9,6,3,345.6
26900007687000,6,3,3,421.2
26900007688000,5,2,3,275
26900007728000,2,1,1,0
26900007729000,1,1,0,0
26900007730000,17,9,8,861.9
26900007749000,4,2,2,0
26900007750000,1,1,0,0
26900007754000,7,5,2,364
26900007781000,10,6,4,489
26900007783000,22,9,13,1084.6
26900007786000,5,2,3,377
26900007787000,2,1,1,0
26900007790000,1,1,0,0
26910007688000,11,5,6,542.3
26910007689000,22,12,10,1036.2
26910007690000,21,14,7,735
26910007750000,8,5,3,322.4
26910007751000,16,6,10,873.6
26910007752000,36,17,19,1807.2
26910007753000,54,24,30,2532.6
26910007754000,19,10,9,822.7
26910007755000,6,4,2,208.8
26910007783000,5,4,1,260
26910007786000,3,2,1,0
26920007690000,83,38,45,2913.3
26920007691000,9,4,5,428.4
26920007747000,5,2,3,118
26920007783000,8,4,4,332.8
26930007690000,42,21,21,2234.4
26930007691000,22,10,12,1095.6
26930007692000,14,9,5,649.6
26930007693000,6,4,2,384
26930007694000,18,7,11,592.2
26930007752000,17,10,7,882.3
26930007753000,37,19,18,1287.6
26930007754000,12,8,4,637.2
26930007755000,4,2,2,0
26930007756000,12,7,5,747.6
26930007784000,4,3,1,0
26940007691000,13,6,7,642.2
26940007696000,16,8,8,646.4
26940007697000,12,7,5,500.4
26940007757000,19,9,10,853.1
26940007758000,1,0,1,0
26940007759000,19,12,7,906.3
26940007760000,5,3,2,325
26940007785000,5,4,1,282
26950007691000,114,57,57,4024.2
26950007692000,137,66,71,5301.9
26950007693000,1,1,0,0
26950007694000,6,3,3,303
26950007697000,4,2,2,0
26950007698000,23,13,10,1202.9
26950007699000,16,9,7,798.4
26950007700000,33,15,18,1280.4
26950007701000,1,1,0,0
26950007727000,4,1,3,0
26950007728000,10,5,5,717
26950007760000,3,1,2,0
26950007761000,1,0,1,0
26950007762000,16,10,6,681.6
26960007683000,3,1,2,0
26960007686000,2,2,0,0
26960007687000,8,5,3,212
26960007690000,2,1,1,0
26960007691000,85,42,43,2813.5
26960007692000,44,17,27,1399.2
26960007695000,3,2,1,0
26960007702000,3,2,1,0
26960007727000,1,1,0,0
26960007762000,10,5,5,649
26960007763000,17,11,6,1091.4
26970007682000,1,1,0,0
26970007683000,5,2,3,317
26970007684000,9,5,4,341.1
26970007685000,5,3,2,292
26970007686000,11,7,4,478.5
26970007687000,2,1,1,0
26970007690000,28,14,14,988.4
26970007691000,8,5,3,263.2
26970007697000,8,3,5,324.8
26970007698000,8,5,3,383.2
26970007699000,6,3,3,337.2
26970007702000,6,3,3,274.2
26970007703000,20,13,7,898
26970007704000,1,0,1,0
26970007728000,3,2,1,0
26970007761000,56,29,27,2184
26970007763000,13,7,6,834.6
26970007764000,64,33,31,3385.6
26970007765000,5,2,3,285
26970007766000,3,1,2,0
26980007682000,6,3,3,241.8
26980007689000,1,0,1,0
26980007690000,20,12,8,938
26980007699000,9,5,4,556.2
26980007700000,21,10,11,879.9
26980007704000,15,3,12,907.5
26980007761000,10,4,6,609
26980007762000,73,36,37,2642.6
26980007763000,35,20,15,1477
26980007764000,6,4,2,313.8
26980007765000,26,16,10,1349.4
26980007766000,19,7,12,1022.2
26980007767000,21,13,8,869.4
26990007680000,1,1,0,0
26990007681000,6,4,2,402
26990007682000,1,0,1,0
26990007689000,19,9,10,756.2
26990007690000,15,7,8,756
26990007704000,1,1,0,0
26990007705000,8,4,4,378.4
26990007728000,4,1,3,0
26990007767000,13,5,8,683.8
26990007768000,18,12,6,1000.8
27000007679000,4,2,2,0
27000007681000,4,3,1,0
27000007688000,3,2,1,0
27000007689000,26,14,12,959.4
27000007703000,4,1,3,0
27000007705000,10,4,6,654
27000007706000,7,5,2,427
27000007727000,14,9,5,813.4
27010007677000,3,2,1,0
27010007679000,2,1,1,0
27010007688000,5,4,1,301
27010007689000,17,9,8,528.7
27010007703000,2,1,1,0
27010007706000,12,7,5,543.6
27010007707000,12,6,6,717.6
27010007710000,4,4,0,0
27010007711000,183,95,88,7777.5
27010007712000,65,30,35,3393
27010007719000,1,1,0,0
27010007727000,14,9,5,480.2
27020007676000,6,3,3,349.2
27020007716000,7,5,2,461.3
27020007717000,8,4,4,268
27020007718000,14,6,8,488.6
27020007719000,28,16,12,1327.2
27020007721000,12,5,7,436.8
27020007726000,89,44,45,3889.3
27020007727000,193,96,97,8299
27030007706000,2,1,1,0
27030007714000,10,5,5,517
27030007715000,2,1,1,0
27030007716000,4,2,2,0
27030007717000,43,23,20,1414.7
27030007718000,58,34,24,2494
27030007719000,77,37,40,3311
27030007720000,31,15,16,1373.3
27030007721000,91,44,47,3385.2
27030007722000,78,44,34,3346.2
27030007723000,40,25,15,1852
27030007724000,15,8,7,690
27030007725000,143,71,72,5662.8
27030007726000,241,117,124,9905.1
27030007727000,133,63,70,6078.1
27030007738000,13,6,7,804.7
27030007739000,1,1,0,0
27040007718000,11,5,6,568.7
27040007721000,2,1,1,0
27040007723000,30,13,17,1242
27040007724000,8,4,4,200
27040007727000,30,18,12,1530
27040007728000,35,19,16,1557.5
27040007735000,9,4,5,326.7
27040007736000,7,4,3,394.1
27040007737000,2,1,1,0
27050007724000,1,1,0,0
27050007728000,2,2,0,0
27050007729000,49,25,24,2278.5
27050007730000,3,2,1,0
27050007733000,1,0,1,0
27050007734000,3,2,1,0
27050007735000,18,11,7,847.8
27060007704000,56,28,28,2520
27060007705000,15,7,8,628.5
27060007706000,92,52,40,4158.4
27060007707000,119,64,55,4926.6
27060007728000,7,3,4,90.3
27060007729000,17,9,8,911.2
27060007730000,3,2,1,0
27060007732000,4,1,3,0
27060007734000,7,4,3,279.3
27060007735000,10,6,4,481
27070007703000,3,2,1,0
27070007704000,16,10,6,848
27070007705000,110,56,54,4994
27070007706000,225,117,108,9180
27070007707000,25,14,11,1180
27070007731000,7,4,3,308
27070007732000,5,3,2,335
27070007733000,12,5,7,559.2
27080007703000,7,2,5,392
27080007704000,11,6,5,489.5
27080007705000,24,12,12,1322.4
27080007706000,5,4,1,210
27080007781000,2,2,0,0
27080007782000,3,2,1,0
27080007783000,3,2,1,0
27080007796000,75,41,34,3510
27080007797000,70,37,33,2730
27090007722000,8,4,4,288
27090007723000,2,1,1,0
27090007780000,1,0,1,0
27100007728000,10,3,7,422
27100007729000,4,1,3,0
27100007748000,6,4,2,310.8
27110007747000,35,22,13,1452.5
27110007748000,13,8,5,538.2
27110007749000,11,7,4,440
27110007779000,6,4,2,367.2
27110007781000,6,4,2,340.8
27110007782000,4,2,2,0
27120007732000,1,1,0,0
27120007733000,1,1,0,0
27120007734000,4,2,2,0
27120007738000,14,7,7,464.8
27120007739000,6,3,3,439.8
27120007746000,18,10,8,806.4
27120007747000,22,14,8,1163.8
27120007754000,2,0,2,0
27120007755000,3,2,1,0
27120007756000,2,2,0,0
27120007757000,1,0,1,0
27120007779000,2,1,1,0
27130007732000,25,11,14,1452.5
27130007739000,13,6,7,751.4
27130007740000,10,5,5,385
27130007741000,8,3,5,347.2
27130007742000,2,1,1,0
27130007743000,3,1,2,0
27130007744000,16,8,8,769.6
27130007745000,17,9,8,1166.2
27130007746000,9,4,5,330.3
27130007748000,11,5,6,597.3
27130007752000,1,1,0,0
27130007780000,18,9,9,676.8
27140007719000,29,18,11,1334
27140007720000,21,11,10,772.8
27140007721000,38,21,17,1736.6
27140007731000,222,121,101,9679.2
27140007732000,8,3,5,228
27140007750000,20,10,10,1142
27140007752000,27,19,8,1490.4
27140007780000,12,7,5,535.2
27140007781000,42,22,20,1730.4
27140007782000,27,18,9,1277.1
27150007717000,18,12,6,559.8
27150007718000,4,2,2,0
27150007719000,30,19,11,1155
27150007720000,42,21,21,1373.4
27150007721000,43,21,22,1431.9
27150007722000,86,42,44,3672.2
27150007723000,20,12,8,1120
27150007724000,58,25,33,2366.4
27150007725000,30,20,10,1578
27150007726000,3,1,2,0
27150007730000,44,21,23,1927.2
27150007731000,62,37,25,2535.8
27150007750000,25,14,11,910
27150007751000,18,8,10,1123.2
27150007752000,3,1,2,0
27150007773000,2,1,1,0
27150007774000,4,2,2,0
27150007781000,11,5,6,524.7
27160007715000,3,1,2,0
27160007716000,10,4,6,568
27160007717000,2,0,2,0
27160007720000,8,5,3,304
27160007721000,21,13,8,966
27160007722000,76,35,41,3131.2
27160007723000,68,39,29,2822
27160007724000,109,57,52,5046.7
27160007729000,24,11,13,998.4
27160007730000,13,9,4,496.6
27160007751000,41,20,21,1537.5
27160007752000,7,2,5,263.9
27160007773000,1,0,1,0
27170007713000,2,2,0,0
27170007714000,6,4,2,241.2
27170007726000,2,1,1,0
27170007727000,11,5,6,775.5
27170007728000,27,11,16,1223.1
27170007729000,14,8,6,639.8
27170007752000,16,5,11,804.8
27170007787000,2,1,1,0
27170007788000,4,1,3,0
27170007789000,8,4,4,340.8
27180007711000,4,2,2,0
27180007726000,2,1,1,0
27180007752000,21,13,8,1071
27180007760000,7,4,3,487.2
27180007761000,3,2,1,0
27180007762000,1,0,1,0
27180007786000,8,5,3,380
27180007787000,3,2,1,0
27180007788000,1,1,0,0
27180007789000,4,2,2,0
27180007790000,9,5,4,453.6
27180007791000,9,5,4,495.9
27180007792000,5,3,2,295
27190007722000,18,11,7,1110.6
27190007724000,10,7,3,610
27190007725000,3,3,0,0
27190007752000,22,10,12,957
27190007765000,2,1,1,0
27200007723000,13,7,6,594.1
27200007724000,4,2,2,0
27200007750000,21,12,9,751.8
27200007751000,35,19,16,1235.5
27200007752000,22,13,9,792
27200007753000,1,0,1,0
27200007754000,11,2,9,456.5
27200007782000,1,1,0,0
27200007784000,3,1,2,0
27200007785000,5,2,3,350
27210007723000,5,3,2,131
27210007749000,1,1,0,0
27210007754000,12,7,5,415.2
27210007755000,9,3,6,435.6
27210007756000,2,1,1,0
27210007760000,11,6,5,481.8
27210007783000,1,1,0,0
27210007784000,2,0,2,0
27220007723000,13,6,7,451.1
27220007756000,12,8,4,724.8
27220007757000,17,13,4,734.4
27220007758000,10,5,5,355
27220007759000,17,9,8,710.6
27230007723000,11,4,7,500.5
27230007760000,3,1,2,0
27230007767000,2,0,2,0
27230007768000,1,0,1,0
27240007723000,43,23,20,1947.9
27240007759000,12,9,3,609.6
27240007760000,25,11,14,967.5
27240007768000,5,2,3,344
27250007687000,5,3,2,118
27250007722000,17,12,5,950.3
27250007723000,11,6,5,526.9
27250007759000,10,6,4,510
27250007761000,18,10,8,1013.4
27250007769000,10,5,5,504
27260007720000,2,1,1,0
27260007721000,11,6,5,457.6
27260007760000,2,1,1,0
27260007761000,2,1,1,0
27260007762000,1,0,1,0
27260007768000,4,2,2,0
27260007769000,5,2,3,335
27260007774000,5,2,3,355
27260007780000,574,302,272,22041.6
27270007719000,7,3,4,357.7
27270007720000,82,44,38,3968.8
27270007721000,10,5,5,351
27270007754000,1,0,1,0
27270007755000,11,4,7,575.3
27270007768000,24,10,14,1099.2
27270007774000,7,4,3,228.2
27270007775000,17,10,7,708.9
27270007778000,97,48,49,2337.7
27270007779000,420,203,217,16338
27270007780000,874,461,413,37145
27270007781000,424,195,229,17765.6
27280007718000,1,0,1,0
27280007719000,64,24,40,2476.8
27280007720000,89,49,40,3070.5
27280007752000,14,6,8,505.4
27280007753000,262,135,127,10794.4
27280007767000,11,5,6,426.8
27280007768000,13,8,5,728
27280007770000,1,1,0,0
27280007775000,13,8,5,585
27280007781000,82,40,42,2566.6
27290007677000,5,3,2,234
27290007718000,47,27,20,2260.7
27290007719000,33,19,14,1663.2
27290007752000,501,247,254,19739.4
27290007753000,83,44,39,3419.6
27290007768000,4,2,2,0
27290007775000,3,2,1,0
27290007777000,3,1,2,0
27300007718000,31,20,11,1649.2
27300007751000,45,27,18,1606.5
27300007752000,14,8,6,505.4
27310007716000,4,2,2,0
27310007717000,118,60,58,5357.2
27310007718000,41,22,19,1886
27310007750000,2,1,1,0
27310007751000,187,103,84,7816.6
27310007752000,9,7,2,405
27310007755000,13,7,6,525.2
27310007758000,2,2,0,0
27320007716000,46,24,22,2277
27320007717000,6,3,3,412.2
27320007748000,17,9,8,491.3
27320007749000,52,25,27,2064.4
27320007750000,101,49,52,4282.4
27320007751000,778,354,424,33609.6
27320007752000,367,186,181,14239.6
27320007753000,39,20,19,1645.8
27320007754000,26,10,16,902.2
27320007755000,4,2,2,0
27320007758000,18,9,9,682.2
27320007759000,17,9,8,717.4
27320007760000,12,7,5,679.2
27320007761000,17,7,10,758.2
27320007762000,5,3,2,196
27320007763000,15,9,6,585
27330007745000,2,1,1,0
27330007746000,13,8,5,540.8
27330007747000,16,10,6,604.8
27330007748000,15,9,6,583.5
27330007749000,69,35,34,2401.2
27330007751000,375,187,188,11287.5
27330007752000,18,7,11,628.2
27330007753000,3,1,2,0
27330007754000,25,13,12,1117.5
27330007763000,4,1,3,0
27340007745000,9,6,3,270
27340007746000,4,3,1,0
27340007749000,30,15,15,1365
27340007754000,8,5,3,376.8
27340007755000,26,17,9,899.6
27340007763000,21,11,10,436.8
27340007764000,6,4,2,252
27340007801000,3,2,1,0
27340007803000,1,0,1,0
27350007742000,15,7,8,595.5
27350007749000,49,30,19,2062.9
27350007754000,5,2,3,204
27350007755000,24,12,12,830.4
27350007758000,3,2,1,0
27350007759000,3,1,2,0
27350007760000,1,1,0,0
27350007764000,9,4,5,253.8
27350007803000,1,1,0,0
27360007748000,1,1,0,0
27360007749000,6,4,2,301.2
27360007759000,4,3,1,0
27360007760000,5,3,2,180
27360007761000,1,1,0,0
27370007748000,5,4,1,267
27370007749000,44,25,19,1804
27370007757000,1,1,0,0
27370007761000,4,2,2,0
27370007762000,5,3,2,272
27370007763000,14,9,5,546
27370007764000,18,6,12,711
27370007765000,2,2,0,0
27370007766000,3,2,1,0
27370007767000,7,4,3,237.3
27370007769000,5,2,3,289
27370007770000,9,4,5,503.1
27380007747000,2,1,1,0
27380007748000,33,19,14,1438.8
27380007749000,2,1,1,0
27380007759000,1,1,0,0
27380007760000,17,9,8,880.6
27380007761000,2,1,1,0
27380007762000,30,16,14,1215
27380007763000,30,15,15,1236
27380007769000,28,16,12,1248.8
27390007747000,21,10,11,846.3
27390007748000,19,9,10,619.4
27390007762000,7,3,4,364
27390007769000,9,5,4,648
27400007742000,1,1,0,0
27400007744000,3,1,2,0
27400007746000,31,14,17,1116
27400007747000,17,10,7,586.5
27400007767000,6,4,2,139.2
27400007769000,29,15,14,1299.2
27410007742000,25,14,11,855
27410007743000,32,14,18,1321.6
27410007744000,16,6,10,902.4
27410007745000,26,12,14,1021.8
27410007746000,21,11,10,877.8
27410007766000,5,2,3,227
27410007768000,15,7,8,595.5
27410007769000,13,8,5,503.1
27410007804000,1,1,0,0
27410007815000,3,3,0,0
27410007816000,2,2,0,0
27410007817000,1,1,0,0
27410007818000,1,1,0,0
27420007731000,1,1,0,0
27420007734000,5,3,2,161
27420007742000,20,11,9,674
27420007766000,13,6,7,313.3
27420007768000,105,54,51,3822
27430007730000,1,1,0,0
27430007731000,1,1,0,0
27430007734000,5,4,1,163
27430007737000,6,3,3,193.8
27430007740000,10,6,4,383
27430007741000,7,3,4,452.2
27430007766000,3,2,1,0
27430007767000,8,5,3,590.4
27430007768000,2,1,1,0
27440007729000,24,13,11,996
27440007730000,2,2,0,0
27440007734000,5,3,2,249
27440007736000,5,0,5,271
27440007737000,2,1,1,0
27440007738000,4,2,2,0
27440007739000,8,3,5,404
27440007740000,14,10,4,467.6
27440007741000,6,4,2,244.2
27440007767000,7,4,3,459.9
27440007806000,1,1,0,0
27450007728000,3,2,1,0
27450007729000,17,7,10,503.2
27450007736000,5,3,2,208
27450007763000,11,5,6,657.8
27450007764000,3,2,1,0
27450007802000,1,1,0,0
27460007727000,11,7,4,477.4
27460007763000,1,1,0,0
27460007764000,5,3,2,318
27460007765000,21,11,10,1029
27460007766000,16,7,9,588.8
27460007810000,4,2,2,0
27460007811000,5,3,2,221
27470007759000,10,7,3,363
27470007764000,7,4,3,291.9
27470007765000,3,0,3,0
27470007809000,17,9,8,906.1
27470007810000,5,1,4,335
27480007726000,2,1,1,0
27480007808000,18,10,8,991.8
27480007809000,2,2,0,0
27490007725000,12,5,7,328.8
27490007775000,1,1,0,0
27500007724000,1,1,0,0
27500007725000,5,3,2,270
27500007790000,12,7,5,741.6
27520007721000,3,1,2,0
27520007723000,3,3,0,0
27520007804000,6,4,2,402
27530007803000,5,4,1,333
27530007804000,4,2,2,0
27540007768000,1,1,0,0
27540007779000,25,14,11,1210
27550007718000,2,1,1,0
27550007779000,1,1,0,0
27550007807000,61,32,29,3251.3
27550007808000,39,22,17,1248
27550007809000,4,3,1,0
27570007850000,55,28,27,2002
27570007851000,54,33,21,2727
27580007766000,1,1,0,0
27580007785000,2,1,1,0
27580007850000,20,17,3,724
27580007851000,63,31,32,2526.3
27590007766000,1,0,1,0
27590007785000,9,5,4,545.4
27590007796000,7,6,1,419.3
27590007851000,45,28,17,1332
27600007764000,2,2,0,0
27600007786000,7,4,3,214.9
27600007787000,5,3,2,288
27600007849000,2,1,1,0
27610007763000,7,4,3,396.2
27610007764000,2,1,1,0
27610007787000,15,7,8,670.5
27620007763000,11,5,6,689.7
27620007848000,2,1,1,0
27630007761000,2,2,0,0
27630007762000,18,10,8,885.6
27630007763000,14,7,7,644
27630007774000,5,2,3,129
27630007787000,2,2,0,0
27630007848000,4,2,2,0
27640007762000,4,2,2,0
27640007763000,2,1,1,0
27640007766000,3,1,2,0
27640007767000,10,6,4,189
27640007768000,14,6,8,624.4
27640007774000,11,7,4,400.4
27640007775000,1,0,1,0
27640007788000,5,3,2,92
27650007755000,9,6,3,343.8
27650007761000,6,3,3,255
27650007762000,16,9,7,524.8
27650007766000,19,9,10,976.6
27650007788000,11,7,4,402.6
27650007789000,10,6,4,467
27650007790000,2,2,0,0
27650007835000,33,17,16,1577.4
27650007836000,27,15,12,1455.3
27650007837000,14,7,7,635.6
27650007838000,6,5,1,199.2
27660007754000,3,2,1,0
27660007756000,8,4,4,412
27660007760000,11,7,4,381.7
27660007762000,3,2,1,0
27660007763000,17,9,8,474.3
27660007766000,13,8,5,678.6
27660007774000,3,1,2,0
27660007775000,7,4,3,482.3
27660007783000,2,1,1,0
27660007788000,5,3,2,114
27660007789000,5,3,2,212
27660007807000,10,5,5,642
27660007808000,2,2,0,0
27660007834000,1,1,0,0
27660007835000,241,113,128,10242.5
27660007836000,98,51,47,3635.8
27670007752000,5,3,2,110
27670007761000,13,8,5,607.1
27670007762000,2,2,0,0
27670007763000,8,3,5,351.2
27670007766000,38,16,22,1645.4
27670007774000,12,5,7,554.4
27670007775000,8,4,4,492.8
27670007776000,13,6,7,696.8
27670007777000,4,2,2,0
27670007778000,7,3,4,329
27670007779000,5,2,3,252
27670007781000,7,4,3,471.1
27670007782000,12,8,4,624
27670007808000,3,2,1,0
27670007809000,3,2,1,0
27670007810000,21,12,9,961.8
27670007811000,31,18,13,1543.8
27670007835000,32,17,15,1264
27670007836000,11,7,4,654.5
27680007752000,8,2,6,352
27680007763000,2,1,1,0
27680007765000,5,2,3,250
27680007766000,9,7,2,511.2
27680007773000,61,30,31,2562
27680007774000,34,17,17,1360
27680007775000,2,1,1,0
27680007776000,11,8,3,367.4
27680007777000,8,4,4,418.4
27680007778000,6,3,3,319.8
27680007779000,2,1,1,0
27680007780000,4,1,3,0
27680007781000,7,4,3,293.3
27680007782000,5,3,2,179
27680007811000,30,17,13,1446
27680007812000,4,3,1,0
27680007813000,7,6,1,546
27680007842000,1,0,1,0
27680007845000,1,1,0,0
27690007763000,8,5,3,275.2
27690007764000,36,16,20,1742.4
27690007765000,5,3,2,159
27690007773000,56,32,24,1937.6
27690007774000,234,115,119,10062
27690007775000,32,16,16,1731.2
27690007784000,19,12,7,811.3
27690007785000,14,7,7,761.6
27690007839000,7,3,4,336.7
27690007847000,249,147,102,10582.5
27700007751000,2,1,1,0
27700007752000,2,1,1,0
27700007758000,4,2,2,0
27700007764000,16,8,8,577.6
27700007772000,23,9,14,931.5
27700007784000,3,2,1,0
27700007785000,8,5,3,314.4
27700007847000,17,8,9,669.8
27700007848000,66,34,32,2917.2
27700007849000,3,3,0,0
27710007752000,10,5,5,502
27710007758000,5,3,2,310
27710007771000,13,7,6,436.8
27710007772000,13,8,5,534.3
27710007785000,4,3,1,0
27720007751000,13,8,5,664.3
27720007752000,2,1,1,0
27720007755000,8,5,3,378.4
27720007757000,19,10,9,837.9
27720007786000,12,5,7,597.6
27720007806000,6,3,3,265.8
27720007807000,2,2,0,0
27730007751000,4,2,2,0
27730007756000,1,1,0,0
27730007757000,2,1,1,0
27730007808000,2,1,1,0
27740007752000,3,1,2,0
27740007754000,3,2,1,0
27740007786000,2,1,1,0
27750007750000,2,1,1,0
27750007752000,4,1,3,0
27750007753000,5,2,3,194
27750007786000,7,3,4,202.3
27750007800000,3,2,1,0
27760007786000,5,3,2,272
27760007787000,15,7,8,654
27760007801000,6,3,3,357
27760007802000,8,5,3,322.4
27760007803000,3,2,1,0
27760007804000,1,1,0,0
27760007805000,3,2,1,0
27760007808000,4,3,1,0
27760007809000,174,89,85,8682.6
27760007810000,174,85,89,7447.2
27760007811000,120,64,56,4848
27770007784000,2,1,1,0
27770007787000,4,3,1,0
27770007808000,116,67,49,5359.2
27780007783000,7,4,3,242.9
27780007784000,14,8,6,480.2
27780007785000,9,5,4,574.2
27780007786000,1,1,0,0
27780007788000,14,8,6,533.4
27790007782000,6,2,4,136.2
27790007783000,11,6,5,392.7
27790007789000,2,1,1,0
27810007791000,4,1,3,0
27810007799000,2,1,1,0
27830007789000,4,4,0,0
27830007792000,9,6,3,645.3
27840007792000,5,4,1,243
27840007795000,2,1,1,0
27840007796000,3,3,0,0
27840007797000,5,3,2,319
27840007798000,1,0,1,0
27850007796000,5,3,2,278
27860007792000,2,1,1,0
27870007792000,1,1,0,0
27890007794000,1,1,0,0
27910007792000,2,2,0,0
27930007822000,9,6,3,352.8
27940007794000,2,1,1,0
27940007820000,8,4,4,378.4
27940007822000,3,2,1,0
27940007860000,1,1,0,0
27940007861000,4,3,1,0
27940007862000,4,3,1,0
27950007795000,1,0,1,0
27950007819000,8,4,4,300.8
27950007820000,31,16,15,1329.9
27960007795000,1,1,0,0
27960007862000,1,1,0,0
27970007796000,1,1,0,0
27970007861000,2,2,0,0
27970007870000,3,2,1,0
27980007796000,2,1,1,0
27980007797000,7,4,3,462.7
27980007798000,1,1,0,0
27990007797000,3,3,0,0
27990007798000,1,1,0,0
27990007868000,2,2,0,0
28000007856000,1,1,0,0
28010007788000,1,0,1,0
28010007789000,32,14,18,1270.4
28010007790000,78,41,37,2862.6
28010007822000,6,3,3,256.8
28010007823000,1,0,1,0
28010007846000,5,3,2,171
28010007862000,2,1,1,0
28010007863000,2,1,1,0
28020007767000,1,1,0,0
28020007789000,158,78,80,5530
28020007790000,114,68,46,5130
28020007794000,6,4,2,354
28020007795000,5,3,2,260
28020007798000,11,7,4,420.2
28020007799000,10,5,5,440
28020007800000,15,8,7,664.5
28020007820000,1,1,0,0
28020007846000,15,8,7,936
28020007847000,2,1,1,0
28030007788000,1,1,0,0
28030007789000,21,13,8,737.1
28030007792000,5,3,2,83
28030007793000,2,2,0,0
28030007818000,2,1,1,0
28030007864000,2,2,0,0
28040007770000,5,1,4,194
28040007817000,2,2,0,0
28040007866000,1,1,0,0
28040007878000,4,3,1,0
28050007770000,1,0,1,0
28050007771000,4,4,0,0
28050007772000,8,2,6,264.8
28050007787000,14,9,5,749
28050007817000,4,2,2,0
28050007865000,2,1,1,0
28060007773000,5,3,2,287
28060007774000,8,4,4,339.2
28060007775000,20,10,10,744
28060007776000,10,3,7,397
28060007777000,8,5,3,150.4
28060007778000,36,13,23,1839.6
28060007779000,19,10,9,809.4
28060007789000,6,3,3,214.8
28070007776000,3,2,1,0
28070007779000,22,6,16,726
28070007780000,5,3,2,292
28070007868000,1,1,0,0
28070007875000,18,10,8,876.6
28070007876000,3,2,1,0
28080007781000,23,9,14,956.8
28080007782000,1,1,0,0
28080007783000,1,1,0,0
28080007785000,4,2,2,0
28080007786000,1,0,1,0
28080007810000,1,0,1,0
28080007875000,52,26,26,2085.2
28090007777000,1,1,0,0
28090007778000,72,39,33,3326.4
28090007779000,29,16,13,988.9
28090007780000,56,27,29,2150.4
28090007782000,22,12,10,794.2
28090007783000,1,0,1,0
28090007802000,4,2,2,0
28090007809000,6,2,4,288
28090007810000,16,9,7,956.8
28090007811000,3,1,2,0
28090007875000,2,1,1,0
28100007778000,12,6,6,375.6
28100007802000,2,1,1,0
28100007811000,2,1,1,0
28100007848000,7,4,3,366.8
28110007781000,18,10,8,685.8
28110007802000,10,7,3,453
28110007846000,15,10,5,616.5
28110007847000,6,3,3,385.8
28120007682000,9,4,5,450
28120007780000,107,58,49,4001.8
28120007781000,224,111,113,7772.8
28120007803000,7,6,1,401.1
28120007846000,6,3,3,250.8
28120007847000,4,2,2,0
28130007682000,3,2,1,0
28130007772000,1,0,1,0
28130007773000,124,69,55,4736.8
28130007774000,44,20,24,1364
28130007775000,2,1,1,0
28130007780000,22,12,10,525.8
28130007781000,1789,854,935,62793.9
28130007782000,826,415,411,36178.8
28130007798000,2,1,1,0
28130007814000,4,3,1,0
28130007816000,7,5,2,333.9
28130007849000,7,5,2,347.2
28140007774000,28,14,14,1374.8
28140007775000,41,22,19,1890.1
28140007777000,22,14,8,737
28140007778000,78,41,37,2683.2
28140007779000,58,32,26,1682
28140007780000,25,13,12,1100
28140007781000,703,382,321,21933.6
28140007782000,898,445,453,35381.2
28140007783000,1130,567,563,44183
28140007784000,422,200,222,17091
28140007803000,1,0,1,0
28140007812000,1,0,1,0
28140007814000,2,1,1,0
28140007815000,6,3,3,274.8
28140007817000,5,4,1,357
28140007851000,2,2,0,0
28140007852000,1,1,0,0
28150007774000,12,7,5,397.2
28150007775000,8,4,4,420.8
28150007776000,91,45,46,3030.3
28150007777000,6,3,3,220.8
28150007778000,59,31,28,2395.4
28150007779000,143,71,72,4390.1
28150007780000,18,8,10,493.2
28150007781000,115,59,56,3933
28150007782000,78,41,37,3003
28150007783000,721,373,348,30498.3
28150007784000,958,460,498,37841
28150007785000,109,47,62,4131.1
28150007786000,297,168,129,9177.3
28150007798000,9,4,5,335.7
28150007802000,2,1,1,0
28150007812000,14,8,6,929.6
28150007814000,5,3,2,153
28150007815000,16,10,6,812.8
28150007816000,2,1,1,0
28150007817000,3,2,1,0
28150007847000,14,9,5,656.6
28160007667000,38,18,20,1694.8
28160007679000,48,27,21,1747.2
28160007680000,1,1,0,0
28160007772000,5,3,2,213
28160007774000,6,4,2,190.8
28160007775000,2,1,1,0
28160007776000,34,17,17,1098.2
28160007778000,90,43,47,3303
28160007779000,15,10,5,606
28160007780000,35,18,17,1242.5
28160007781000,18,6,12,464.4
28160007782000,37,22,15,1616.9
28160007783000,74,40,34,2745.4
28160007784000,535,279,256,18939
28160007785000,82,42,40,3640.8
28160007786000,113,61,52,4452.2
28160007798000,5,2,3,314
28160007801000,9,4,5,291.6
28160007807000,5,3,2,291
28160007812000,8,4,4,412.8
28160007813000,4,3,1,0
28160007815000,12,8,4,687.6
28160007816000,4,2,2,0
28160007817000,8,5,3,540
28160007847000,2,1,1,0
28160007849000,4,3,1,0
28160007850000,5,2,3,247
28170007668000,27,17,10,893.7
28170007771000,6,3,3,222
28170007772000,4,2,2,0
28170007773000,16,9,7,614.4
28170007779000,2,1,1,0
28170007780000,18,9,9,817.2
28170007781000,33,17,16,1296.9
28170007782000,20,13,7,736
28170007783000,785,385,400,23157.5
28170007784000,776,380,396,28867.2
28170007790000,4,3,1,0
28170007800000,46,26,20,1996.4
28170007801000,51,27,24,2391.9
28170007845000,6,3,3,189
28170007850000,8,4,4,512
28170007852000,7,4,3,361.2
28180007772000,15,10,5,631.5
28180007779000,2,1,1,0
28180007781000,3,2,1,0
28180007782000,42,22,20,1596
28180007783000,65,40,25,2281.5
28180007784000,411,188,223,17056.5
28180007785000,16,11,5,550.4
28180007790000,3,2,1,0
28180007800000,9,6,3,424.8
28180007801000,10,5,5,663
28180007822000,2,2,0,0
28180007823000,3,1,2,0
28180007824000,3,2,1,0
28180007855000,14,8,6,679
28180007856000,5,2,3,96
28180007863000,277,133,144,12021.8
28180007864000,50,25,25,2040
28190007675000,11,6,5,357.5
28190007676000,25,9,16,740
28190007677000,3,1,2,0
28190007772000,1,1,0,0
28190007782000,409,203,206,12883.5
28190007783000,1759,874,885,61565
28190007784000,511,266,245,19366.9
28190007790000,10,6,4,474
28190007791000,27,14,13,1066.5
28190007800000,11,5,6,305.8
28190007824000,10,5,5,519
28190007856000,84,41,43,2410.8
28190007857000,24,11,13,1068
28190007858000,16,10,6,576
28190007859000,98,52,46,4057.2
28190007860000,628,328,300,25559.6
28190007861000,40,16,24,1292
28190007862000,781,406,375,36863.2
28190007863000,896,452,444,35033.6
28190007864000,980,480,500,33908
28190007865000,596,295,301,20740.8
28200007674000,100,55,45,4220
28200007675000,172,96,76,7378.8
28200007676000,275,134,141,9955
28200007677000,387,185,202,13932
28200007678000,93,49,44,3552.6
28200007780000,15,10,5,642
28200007781000,40,25,15,1824
28200007782000,64,31,33,2201.6
28200007783000,831,412,419,26010.3
28200007784000,44,26,18,1456.4
28200007791000,4,2,2,0
28200007819000,2,1,1,0
28200007820000,1,0,1,0
28200007821000,1,1,0,0
28200007824000,3,2,1,0
28200007830000,2,1,1,0
28200007831000,11,4,7,676.5
28200007859000,783,408,375,27013.5
28200007860000,309,158,151,11525.7
28200007861000,309,158,151,10598.7
28200007862000,1518,762,756,59050.2
28200007863000,979,518,461,37202
28200007864000,164,87,77,5297.2
28200007865000,555,278,277,17260.5
28200007866000,53,26,27,1499.9
28210007673000,3,2,1,0
28210007674000,43,25,18,1543.7
28210007675000,236,108,128,8236.4
28210007676000,34,19,15,1169.6
28210007677000,155,86,69,6200
28210007678000,317,160,157,12648.3
28210007679000,118,54,64,3941.2
28210007780000,55,29,26,2117.5
28210007781000,36,17,19,1227.6
28210007782000,62,32,30,1729.8
28210007783000,468,232,236,12308.4
28210007784000,302,147,155,9754.6
28210007785000,10,5,5,566
28210007791000,41,23,18,1439.1
28210007832000,2,1,1,0
28210007833000,2,1,1,0
28210007862000,553,271,282,20682.2
28210007863000,227,121,106,8262.8
28220007671000,6,3,3,157.8
28220007672000,58,34,24,2169.2
28220007673000,6,3,3,216
28220007679000,9,6,3,377.1
28220007680000,71,34,37,2790.3
28220007681000,14,8,6,659.4
28220007770000,6,4,2,336
28220007780000,47,22,25,2039.8
28220007785000,63,28,35,2349.9
28220007786000,8,5,3,415.2
28220007791000,7,3,4,188.3
28220007821000,3,1,2,0
28220007834000,7,3,4,249.9
28220007852000,2,1,1,0
28220007901000,22,14,8,919.6
28230007670000,4,2,2,0
28230007671000,5,3,2,195
28230007778000,5,3,2,270
28230007779000,69,33,36,2649.6
28230007780000,49,24,25,1837.5
28230007781000,7,4,3,359.1
28230007785000,11,8,3,379.5
28230007786000,99,55,44,3019.5
28230007787000,9,3,6,567
28230007788000,14,8,6,582.4
28230007789000,5,2,3,220
28230007791000,70,37,33,2772
28230007835000,5,3,2,326
28230007836000,1,1,0,0
28230007849000,2,1,1,0
28230007850000,16,9,7,566.4
28230007869000,220,115,105,7458
28230007870000,14,7,7,555.8
28230007901000,10,7,3,447
28240007769000,2,1,1,0
28240007770000,2,1,1,0
28240007779000,146,78,68,5110
28240007780000,138,72,66,5175
28240007781000,8,5,3,136
28240007790000,130,64,66,4511
28240007791000,305,155,150,9821
28240007792000,1,1,0,0
28240007869000,3,2,1,0
28250007767000,27,15,12,758.7
28250007768000,10,5,5,394
28250007779000,183,93,90,4501.8
28250007780000,16,11,5,606.4
28250007790000,14,7,7,863.8
28250007792000,1,1,0,0
28250007901000,1,1,0,0
28260007661000,4,2,2,0
28260007662000,2,0,2,0
28260007684000,3,3,0,0
28260007751000,2,1,1,0
28260007766000,3,1,2,0
28260007767000,16,8,8,526.4
28260007840000,14,7,7,550.2
28260007841000,6,2,4,295.2
28260007900000,7,4,3,438.2
28260007908000,1,1,0,0
28260007909000,4,4,0,0
28260007910000,4,3,1,0
28260007911000,19,13,6,946.2
28270007673000,1,1,0,0
28270007678000,14,6,8,441
28270007679000,6,4,2,307.2
28270007687000,14,7,7,744.8
28270007688000,24,14,10,976.8
28270007689000,22,14,8,1115.4
28270007838000,35,17,18,1575
28270007839000,19,11,8,801.8
28270007840000,8,3,5,212
28270007841000,5,3,2,148
28270007842000,8,4,4,234.4
28270007846000,4,3,1,0
28270007910000,1,1,0,0
28280007677000,4,3,1,0
28280007678000,28,14,14,1156.4
28280007679000,25,16,9,952.5
28280007690000,11,4,7,486.2
28280007846000,6,3,3,324
28280007898000,1,1,0,0
28280007901000,1,1,0,0
28280007907000,1,1,0,0
28290007691000,1,1,0,0
28290007747000,4,2,2,0
28290007846000,2,1,1,0
28290007901000,8,5,3,387.2
28290007902000,8,5,3,352
28300007902000,20,11,9,952
28310007743000,2,0,2,0
28320007693000,35,23,12,1351
28320007737000,4,3,1,0
28320007845000,5,2,3,324
28320007848000,44,22,22,2125.2
28320007902000,5,2,3,102
28330007694000,3,3,0,0
28330007695000,1,0,1,0
28330007845000,13,6,7,587.6
28330007846000,242,128,114,10696.4
28330007847000,39,18,21,1443
28330007848000,35,18,17,1225
28330007849000,23,14,9,1014.3
28330007850000,7,4,3,361.9
28330007851000,1,1,0,0
28340007649000,12,6,6,760.8
28340007696000,50,26,24,1630
28340007847000,34,20,14,2043.4
28350007697000,58,28,30,2047.4
28350007847000,35,19,16,1886.5
28360007697000,11,5,6,408.1
28360007770000,1,1,0,0
28360007846000,4,2,2,0
28360007847000,30,12,18,1413
28370007725000,69,38,31,2608.2
28370007726000,10,6,4,537
28370007846000,16,10,6,822.4
28370007850000,3,2,1,0
28370007851000,10,5,5,707
28380007698000,3,2,1,0
28380007727000,13,9,4,791.7
28380007728000,68,34,34,2386.8
28380007846000,8,4,4,466.4
28380007850000,14,7,7,855.4
28380007851000,5,3,2,303
28380007854000,2,2,0,0
28380007855000,3,2,1,0
28390007728000,56,34,22,2514.4
28390007729000,16,9,7,617.6
28390007730000,11,6,5,369.6
28390007846000,2,2,0,0
28400007850000,2,1,1,0
28410007845000,3,2,1,0
28420007845000,37,24,13,1842.6
28420007868000,2,2,0,0
28430007702000,1,1,0,0
28430007848000,1,0,1,0
28430007868000,2,2,0,0
28430007869000,4,3,1,0
28440007650000,4,1,3,0
28440007844000,12,7,5,289.2
28440007845000,2,1,1,0
28450007702000,11,7,4,654.5
28450007846000,5,3,2,308
28460007702000,3,1,2,0
28460007703000,26,14,12,1115.4
28460007842000,17,9,8,576.3
28460007843000,4,2,2,0
28460007844000,10,7,3,634
28470007713000,4,4,0,0
28470007714000,1,0,1,0
28470007842000,3,1,2,0
28470007843000,2,1,1,0
28480007876000,2,2,0,0
28480007904000,39,23,16,2098.2
28490007830000,3,1,2,0
28490007876000,3,2,1,0
28490007877000,3,1,2,0
28490007882000,2,1,1,0
28490007904000,186,93,93,8556
28490007905000,536,274,262,22672.8
28500007831000,1,1,0,0
28500007881000,8,4,4,570.4
28500007882000,1,1,0,0
28500007904000,102,52,50,4161.6
28500007905000,120,67,53,5580
28510007834000,1,1,0,0
28510007880000,2,1,1,0
28510007881000,9,5,4,668.7
28510007883000,4,2,2,0
28510007905000,1,0,1,0
28520007717000,7,3,4,240.8
28520007718000,2,2,0,0
28520007842000,15,10,5,676.5
28520007882000,12,10,2,578.4
28530007718000,2,1,1,0
28530007841000,7,5,2,287
28530007842000,7,3,4,343.7
28530007863000,1,1,0,0
28530007871000,5,2,3,253
28540007760000,1,1,0,0
28540007841000,21,12,9,726.6
28540007842000,1,0,1,0
28540007862000,27,12,15,1015.2
28540007871000,6,3,3,475.2
28550007723000,1,1,0,0
28550007842000,4,3,1,0
28550007861000,4,3,1,0
28550007862000,26,13,13,1326
28560007862000,55,28,27,2640
28570007863000,10,5,5,551
28570007864000,3,2,1,0
28570007865000,6,3,3,237
28580007734000,1,1,0,0
28580007863000,1,0,1,0
28590007759000,1,1,0,0
28600007722000,4,3,1,0
28600007723000,28,15,13,1257.2
28600007752000,1,1,0,0
28610007908000,39,22,17,2074.8
28620007908000,10,8,2,403
28650007741000,7,4,3,251.3
28690007723000,1,1,0,0
28690007724000,1,0,1,0
28720007815000,6,5,1,336
28720007851000,2,1,1,0
28720007852000,2,2,0,0
28720007853000,2,0,2,0
28730007815000,8,4,4,422.4
28730007816000,6,2,4,294
28730007817000,5,0,5,124
28730007818000,2,2,0,0
28730007819000,7,4,3,436.8
28730007820000,8,5,3,512.8
28730007821000,22,10,12,935
28730007822000,3,2,1,0
28730007849000,19,12,7,855
28730007850000,20,9,11,1132
28730007851000,9,6,3,529.2
28730007852000,5,3,2,259
28730007853000,3,2,1,0
28730007854000,10,4,6,553
28730007855000,16,8,8,921.6
28730007856000,3,1,2,0
28730007920000,114,66,48,5449.2
28740007849000,13,6,7,891.8
28740007850000,4,2,2,0
28740007855000,8,5,3,396
28740007856000,1,0,1,0
28740007920000,13,8,5,646.1
28750007804000,1,1,0,0
28750007807000,1,0,1,0
28750007824000,8,4,4,286.4
28750007831000,9,4,5,362.7
28750007832000,9,5,4,429.3
28750007835000,1,1,0,0
28750007836000,12,7,5,490.8
28750007837000,8,5,3,506.4
28750007849000,5,2,3,324
28760007799000,25,12,13,687.5
28760007800000,16,10,6,422.4
28760007801000,4,3,1,0
28760007802000,151,83,68,6613.8
28760007803000,237,112,125,9385.2
28760007804000,8,6,2,307.2
28760007825000,1,1,0,0
28760007826000,14,7,7,476
28760007827000,17,8,9,581.4
28760007828000,5,2,3,142
28760007831000,52,30,22,2516.8
28760007832000,38,15,23,1941.8
28760007833000,17,10,7,657.9
28760007835000,2,1,1,0
28760007838000,2,1,1,0
28760007839000,1,1,0,0
28760007850000,3,1,2,0
28770007728000,11,5,6,411.4
28770007729000,9,7,2,511.2
28770007795000,8,5,3,324
28770007797000,9,7,2,496.8
28770007798000,4,1,3,0
28770007799000,21,11,10,791.7
28770007800000,35,15,20,1302
28770007801000,339,159,180,13051.5
28770007802000,421,197,224,18860.8
28770007803000,233,126,107,7945.3
28770007827000,13,5,8,439.4
28770007828000,8,5,3,346.4
28770007829000,12,6,6,483.6
28770007830000,6,2,4,345
28770007831000,7,6,1,361.2
28770007832000,5,2,3,385
28770007860000,1,1,0,0
28780007793000,4,2,2,0
28780007794000,8,5,3,339.2
28780007795000,22,13,9,1018.6
28780007797000,2,1,1,0
28780007798000,6,3,3,196.2
28780007799000,5,3,2,217
28780007800000,72,33,39,2865.6
28780007801000,537,256,281,22768.8
28780007802000,338,169,169,13114.4
28780007803000,6,2,4,288
28780007804000,3,2,1,0
28780007827000,1,1,0,0
28780007829000,24,13,11,1087.2
28780007830000,3,2,1,0
28780007832000,1,1,0,0
28780007862000,2,0,2,0
28790007793000,10,5,5,338
28790007794000,3,2,1,0
28790007800000,7,5,2,174.3
28790007802000,69,36,33,3063.6
28790007803000,3,1,2,0
28790007807000,12,7,5,456
28790007829000,1,1,0,0
28790007830000,3,1,2,0
28790007833000,9,4,5,366.3
28790007842000,2,2,0,0
28790007843000,1,1,0,0
28790007845000,2,1,1,0
28790007846000,4,2,2,0
28790007847000,3,2,1,0
28790007848000,8,4,4,276.8
28790007851000,2,1,1,0
28800007802000,75,38,37,2835
28800007803000,80,43,37,3000
28800007804000,43,20,23,1750.1
28800007805000,7,4,3,184.1
28800007806000,41,23,18,1705.6
28800007807000,1,1,0,0
28800007831000,3,1,2,0
28800007847000,2,1,1,0
28800007848000,14,8,6,765.8
28800007849000,3,3,0,0
28810007786000,9,5,4,252
28810007801000,5,2,3,326
28810007802000,19,11,8,944.3
28810007803000,34,21,13,1591.2
28810007806000,6,3,3,340.8
28810007807000,3,2,1,0
28820007802000,35,16,19,1277.5
28820007803000,14,7,7,487.2
28830007801000,9,4,5,537.3
28830007802000,3,1,2,0
28830007803000,22,8,14,796.4
28830007804000,68,35,33,2618
28830007805000,4,3,1,0
28840007804000,12,8,4,309.6
28850007778000,2,1,1,0
28850007779000,2,1,1,0
28850007805000,13,8,5,687.7
28850007806000,1,0,1,0
28860007772000,3,1,2,0
28860007779000,27,13,14,1344.6
28860007780000,4,2,2,0
28860007807000,9,4,5,411.3
28860007808000,3,1,2,0
28860007907000,2,1,1,0
28870007779000,9,4,5,354.6
28880007777000,2,1,1,0
28880007779000,4,3,1,0
28880007883000,2,1,1,0
28880007884000,3,1,2,0
28880007924000,4,2,2,0
28890007909000,2,1,1,0
28890007924000,63,35,28,3030.3
28890007925000,7,5,2,405.3
28900007779000,2,1,1,0
28900007839000,1,0,1,0
28900007882000,1,0,1,0
28900007883000,7,3,4,448.7
28900007909000,14,8,6,667.8
28910007772000,2,1,1,0
28910007834000,7,3,4,224.7
28910007841000,2,1,1,0
28910007842000,6,5,1,382.2
28910007883000,9,3,6,351.9
28910007897000,2,2,0,0
28910007900000,1,1,0,0
28920007900000,2,1,1,0
28930007830000,2,1,1,0
28930007831000,2,1,1,0
28930007835000,17,4,13,1111.8
28930007836000,3,2,1,0
28930007844000,9,6,3,569.7
28930007845000,2,1,1,0
28930007846000,1,0,1,0
28930007914000,1,1,0,0
28930007917000,24,16,8,1065.6
28930007918000,63,34,29,2790.9
28940007831000,4,2,2,0
28940007832000,3,2,1,0
28940007833000,1,1,0,0
28940007834000,8,4,4,307.2
28940007835000,19,13,6,965.2
28940007836000,16,9,7,865.6
28950007834000,6,3,3,226.2
28950007835000,27,14,13,1506.6
28950007836000,24,11,13,1044
28950007837000,12,7,5,626.4
28950007849000,2,1,1,0
28960007730000,6,4,2,352.8
28960007731000,6,3,3,346.8
28960007732000,3,1,2,0
28960007835000,2,1,1,0
28960007836000,15,11,4,742.5
28960007837000,26,17,9,1157
28960007910000,43,23,20,1750.1
28960007911000,56,30,26,2660
28960007912000,311,166,145,12066.8
28960007913000,355,190,165,14945.5
28960007914000,3,2,1,0
28970007731000,3,1,2,0
28970007838000,4,3,1,0
28970007857000,7,5,2,433.3
28970007910000,709,361,348,30557.9
28970007911000,800,400,400,34720
28970007912000,199,101,98,7363
28980007857000,4,2,2,0
28980007858000,4,2,2,0
28980007859000,4,3,1,0
28980007910000,10,4,6,392
28990007737000,1,0,1,0
28990007911000,240,125,115,8832
28990007912000,195,106,89,7644
29000007862000,5,5,0,323
29010007736000,1,1,0,0
29010007737000,2,2,0,0
29010007753000,2,1,1,0
29020007737000,24,13,11,960
29030007737000,2,1,1,0
29030007738000,11,6,5,434.5
29030007867000,1,1,0,0
29030007868000,1,1,0,0
29040007737000,4,2,2,0
29040007738000,14,6,8,484.4
29040007869000,1,1,0,0
29050007738000,36,21,15,1281.6
29050007739000,24,13,11,1039.2
29050007870000,1,1,0,0
29060007738000,91,48,43,3612.7
29060007739000,31,15,16,1168.7
29060007740000,3,2,1,0
29060007741000,10,4,6,288
29070007739000,27,16,11,820.8
29070007740000,114,61,53,4674
29080007739000,10,7,3,242
29080007740000,39,22,17,1700.4
29080007741000,55,29,26,1952.5
29080007742000,37,17,20,1198.8
29090007740000,395,196,199,12837.5
29090007741000,289,144,145,12600.4
29090007742000,461,235,226,20698.9
29090007743000,72,44,28,3175.2
29090007843000,1,0,1,0
29100007740000,90,44,46,3501
29100007741000,133,68,65,6264.3
29100007742000,360,185,175,15624
29100007743000,9,7,2,375.3
29110007741000,24,11,13,799.2
29110007742000,9,6,3,272.7
29120007740000,6,3,3,255
29120007741000,9,5,4,290.7
29130007740000,11,4,7,502.7
29130007741000,4,2,2,0
29140007740000,1,1,0,0
29170007739000,3,2,1,0
29170007740000,7,3,4,266.7
29180007739000,7,3,4,245.7
29180007740000,2,1,1,0
29190007739000,14,6,8,463.4
29190007740000,4,1,3,0
29200007719000,1,1,0,0
29200007739000,13,7,6,436.8
29200007740000,6,3,3,342
29200007753000,1,0,1,0
29200007769000,2,2,0,0
29210007713000,2,1,1,0
29210007714000,3,1,2,0
29210007718000,4,2,2,0
29210007724000,1,1,0,0
29210007737000,7,3,4,179.2
29210007738000,11,6,5,390.5
29210007739000,3,1,2,0
29210007741000,4,2,2,0
29210007747000,1,1,0,0
29210007768000,1,0,1,0
29210007769000,10,6,4,574
29220007736000,11,6,5,414.7
29220007737000,23,14,9,949.9
29220007746000,7,2,5,245.7
29220007750000,6,3,3,127.2
29220007751000,2,1,1,0
29230007736000,14,7,7,502.6
29230007756000,4,2,2,0
29230007764000,3,1,2,0
29240007773000,1,1,0,0
29240007880000,9,6,3,491.4
29250007880000,14,8,6,620.2
29260007878000,4,2,2,0
29260007879000,12,7,5,346.8
29260007880000,2,1,1,0
29260007881000,2,1,1,0
29270007879000,1,1,0,0
29280007776000,1,1,0,0
29280007777000,5,3,2,227
29290007778000,6,3,3,174
29290007844000,1,1,0,0
29290007845000,17,8,9,1048.9
29290007846000,2,1,1,0
29290007859000,1,1,0,0
29300007844000,6,3,3,252
29300007845000,4,1,3,0
29340007854000,1,1,0,0
29350007795000,1,0,1,0
29350007796000,1,0,1,0
29350007854000,1,1,0,0
29360007798000,1,1,0,0
29360007799000,1,1,0,0
29420007860000,3,1,2,0
29420007861000,4,2,2,0
29420007873000,42,19,23,1747.2
29420007874000,14,7,7,638.4
29430007860000,4,3,1,0
29430007867000,2,2,0,0
29430007871000,2,1,1,0
29430007872000,2,1,1,0
29430007873000,35,18,17,1662.5
29430007874000,4,3,1,0
29430007910000,12,8,4,734.4
29430007911000,15,10,5,867
29440007860000,2,2,0,0
29440007868000,1,1,0,0
29440007871000,7,4,3,196.7
29440007911000,19,9,10,623.2
29440007916000,26,12,14,709.8
29450007866000,4,3,1,0
29450007916000,39,18,21,1103.7
29460007864000,6,3,3,127.2
29460007885000,1,0,1,0
29460007911000,1,1,0,0
29460007916000,194,101,93,7313.8
29460007917000,191,104,87,8442.2
29470007860000,1,1,0,0
29470007865000,1,0,1,0
29470007916000,152,87,65,6551.2
29470007917000,390,216,174,17277
29480007864000,1,0,1,0
29490007861000,4,2,2,0
29490007862000,2,1,1,0
29490007913000,1,1,0,0
29490007914000,10,4,6,377
29500007862000,2,2,0,0
29500007910000,1,0,1,0
29510007876000,29,15,14,994.7
29510007877000,1,1,0,0
29520007877000,11,7,4,518.1
29590007801000,1,1,0,0
29610007804000,2,2,0,0
29620007882000,1,0,1,0
29620007929000,12,7,5,638.4
29620007930000,245,135,110,9824.5
29620007931000,242,135,107,10236.6
29630007882000,1,1,0,0
29630007930000,215,115,100,9309.5
29630007931000,89,44,45,3907.1
29640007883000,2,1,1,0
29650007806000,1,1,0,0
29650007807000,7,4,3,417.2
29650007884000,2,1,1,0
29670007808000,2,1,1,0
29670007812000,7,5,2,303.1
29680007812000,2,1,1,0
29680007905000,1,1,0,0
29690007813000,10,5,5,430
29690007814000,9,5,4,567
29690007815000,5,3,2,238
29690007816000,15,6,9,423
29690007905000,1,1,0,0
29700007815000,12,7,5,741.6
29700007816000,31,14,17,1329.9
29710007890000,14,10,4,782.6
29710007907000,1,1,0,0
29720007890000,11,5,6,447.7
29720007906000,1,1,0,0
29720007907000,7,3,4,436.8
29730007907000,5,2,3,269
29740007818000,4,3,1,0
29740007819000,2,1,1,0
29740007821000,9,4,5,389.7
29740007822000,3,2,1,0
29750007865000,3,0,3,0
29750007937000,3,2,1,0
29760007906000,1,1,0,0
29760007907000,5,4,1,201
29760007936000,166,105,61,7951.4
29760007937000,15,11,4,529.5
29770007824000,2,2,0,0
29770007864000,1,1,0,0
29770007865000,9,7,2,486.9
29770007866000,1,0,1,0
29770007867000,1,1,0,0
29770007906000,51,28,23,1902.3
29770007907000,23,10,13,745.2
29780007863000,4,3,1,0
29780007864000,1,1,0,0
29780007897000,5,2,3,356
29780007898000,2,1,1,0
29780007906000,8,5,3,415.2
29790007870000,2,1,1,0
29800007870000,1,1,0,0
29800007871000,3,2,1,0
29810007824000,8,3,5,427.2
29810007870000,10,5,5,548
29810007871000,2,1,1,0
29820007824000,5,3,2,275
29820007871000,1,1,0,0
29830007868000,1,0,1,0
29840007826000,40,23,17,2040
29840007865000,5,3,2,312
29840007866000,2,1,1,0
29840007867000,14,7,7,807.8
29840007869000,1,1,0,0
29850007826000,20,12,8,1028
29850007866000,5,4,1,281
29860007827000,10,6,4,482
29860007865000,3,2,1,0
29870007827000,3,1,2,0
29870007828000,8,4,4,350.4
29880007828000,25,13,12,960
29880007849000,4,2,2,0
29880007850000,5,2,3,123
29880007864000,2,1,1,0
29890007827000,1,0,1,0
29890007828000,7,3,4,342.3
29890007850000,10,5,5,459
29890007851000,2,0,2,0
29890007863000,12,4,8,670.8
29890007864000,3,0,3,0
29900007827000,19,9,10,788.5
29900007850000,18,11,7,604.8
29900007851000,6,4,2,211.8
29900007858000,9,7,2,317.7
29900007859000,11,7,4,497.2
29900007860000,10,7,3,422
29900007861000,40,18,22,1308
29900007862000,17,7,10,880.6
29900007863000,30,13,17,1275
29900007864000,64,33,31,2771.2
29900007865000,17,13,4,797.3
29900007866000,3,2,1,0
29910007826000,36,18,18,1612.8
29910007827000,7,3,4,436.8
29910007845000,5,3,2,148
29910007848000,5,4,1,285
29910007849000,13,7,6,444.6
29910007850000,8,5,3,488.8
29910007851000,15,6,9,586.5
29910007852000,9,5,4,308.7
29910007854000,3,2,1,0
29910007855000,10,6,4,428
29910007856000,23,11,12,903.9
29910007857000,22,10,12,913
29910007858000,19,9,10,822.7
29910007859000,1,1,0,0
29910007863000,1,1,0,0
29910007866000,21,10,11,831.6
29910007867000,54,27,27,1722.6
29910007868000,34,17,17,1349.8
29910007869000,8,5,3,478.4
29920007821000,1,0,1,0
29920007825000,4,2,2,0
29920007826000,29,11,18,1473.2
29920007827000,1,0,1,0
29920007845000,3,1,2,0
29920007846000,8,5,3,430.4
29920007847000,8,5,3,338.4
29920007851000,2,1,1,0
29920007852000,8,6,2,300
29920007853000,2,2,0,0
29920007854000,5,2,3,288
29920007855000,4,1,3,0
29920007858000,1,0,1,0
29920007859000,2,1,1,0
29920007860000,4,3,1,0
29920007861000,5,2,3,220
29920007863000,1,1,0,0
29920007864000,8,5,3,330.4
29920007865000,14,6,8,583.8
29920007870000,1,0,1,0
29920007871000,7,3,4,254.1
29920007872000,2,1,1,0
29930007826000,9,6,3,416.7
29930007827000,10,3,7,472
29930007828000,13,7,6,664.3
29930007843000,2,1,1,0
29930007844000,1,1,0,0
29930007845000,52,28,24,2563.6
29930007855000,9,5,4,289.8
29930007856000,6,4,2,327
29930007857000,6,3,3,193.8
29930007859000,4,3,1,0
29940007826000,2,1,1,0
29940007827000,11,6,5,588.5
29940007828000,26,18,8,1144
29940007829000,22,11,11,838.2
29940007830000,20,8,12,1064
29940007831000,4,2,2,0
29940007841000,329,172,157,14212.8
29940007842000,141,76,65,5484.9
29940007843000,30,12,18,1242
29940007844000,8,5,3,404.8
29940007845000,109,61,48,4131.1
29940007846000,39,20,19,1747.2
29940007847000,14,7,7,687.4
29940007848000,5,3,2,144
29940007871000,10,5,5,358
29940007872000,13,6,7,533
29950007829000,11,5,6,652.3
29950007831000,5,3,2,203
29950007832000,19,11,8,617.5
29950007833000,24,14,10,1039.2
29950007834000,5,2,3,274
29950007835000,2,1,1,0
29950007838000,4,0,4,0
29950007839000,5,2,3,164
29950007840000,17,10,7,642.6
29950007841000,273,148,125,10128.3
29950007842000,2,1,1,0
29950007843000,8,4,4,374.4
29950007845000,4,1,3,0
29950007846000,25,13,12,1000
29950007847000,19,8,11,579.5
29950007872000,3,1,2,0
29950007873000,5,5,0,300
29960007830000,2,1,1,0
29960007832000,9,6,3,272.7
29960007833000,12,7,5,459.6
29960007836000,6,2,4,271.2
29960007837000,4,3,1,0
29960007838000,35,16,19,1312.5
29960007839000,35,19,16,1620.5
29960007840000,31,14,17,1385.7
29960007846000,9,3,6,244.8
29960007849000,4,3,1,0
29960007874000,6,4,2,310.2
29960007875000,2,1,1,0
29970007835000,2,1,1,0
29970007836000,1,1,0,0
29970007837000,10,5,5,403
29970007838000,127,64,63,5969
29970007839000,21,11,10,966
29970007849000,12,6,6,514.8
29970007878000,3,3,0,0
29980007849000,11,5,6,365.2
29980007872000,3,2,1,0
29990007871000,4,2,2,0
30000007869000,20,11,9,648
30000007870000,10,5,5,508
30000007871000,24,11,13,847.2
30000007872000,2,1,1,0
30000007873000,2,1,1,0
30010007869000,10,7,3,540
30010007870000,16,10,6,574.4
30010007871000,39,20,19,1446.9
30010007872000,5,4,1,345
30020007869000,21,9,12,892.5
30030007869000,3,1,2,0
30030007870000,23,15,8,943
30040007870000,22,11,11,798.6
30050007871000,6,4,2,316.2
30070007841000,1,1,0,0
30080007827000,1,1,0,0
30080007837000,2,1,1,0
30080007841000,7,5,2,270.9
30090007837000,7,4,3,335.3
30090007838000,3,1,2,0
30090007839000,16,8,8,712
30090007841000,21,12,9,663.6
30090007842000,116,65,51,3967.2
30090007843000,2,1,1,0
30100007836000,12,7,5,618
30100007840000,24,12,12,1005.6
30100007841000,113,55,58,4271.4
30100007842000,5,3,2,277
30100007843000,10,6,4,386
30110007835000,6,3,3,321
30110007836000,84,47,37,3427.2
30110007837000,1,0,1,0
30110007843000,56,23,33,2665.6
30110007920000,122,63,59,5331.4
30110007921000,619,315,304,27236
30110007922000,210,107,103,9303
30120007835000,12,6,6,624
30120007837000,4,2,2,0
30120007843000,16,7,9,552
30120007921000,1,1,0,0
30130007843000,17,11,6,727.6
30140007834000,2,2,0,0
30140007843000,3,2,1,0
30150007834000,7,4,3,268.8
30150007843000,19,10,9,723.9
30150007844000,9,4,5,207.9
30160007843000,14,9,5,800.8
30160007844000,5,2,3,292
30170007834000,3,2,1,0
30170007843000,38,20,18,1763.2
30170007844000,3,1,2,0
30180007834000,8,4,4,566.4
30180007843000,13,8,5,504.4
30190007833000,1,0,1,0
30190007842000,6,3,3,400.8
30190007843000,22,11,11,853.6
30200007833000,3,2,1,0
30200007842000,20,11,9,1048
30200007843000,13,8,5,652.6
30210007833000,3,1,2,0
30210007841000,10,5,5,449
30210007842000,120,56,64,5292
30220007833000,12,7,5,631.2
30220007842000,23,15,8,1120.1
30220007843000,1,1,0,0
30230007833000,5,2,3,209
30230007842000,22,11,11,1212.2
30230007843000,5,2,3,267
30230007908000,28,14,14,1643.6
30240007841000,1,1,0,0
30240007842000,1,0,1,0
30240007909000,5,3,2,350
30250007833000,1,1,0,0
30260007841000,7,3,4,238
30270007841000,9,4,5,610.2
30300007833000,2,1,1,0
30300007842000,6,3,3,304.2
30360007842000,1,1,0,0
30370007842000,1,0,1,0
30380007842000,9,4,5,630
30390007841000,8,4,4,319.2
30390007842000,173,85,88,7387.1
30390007843000,260,131,129,10608
30390007844000,1,0,1,0
30390007900000,106,52,54,5013.8
30390007901000,585,313,272,23458.5
30390007902000,373,193,180,15927.1
30390007903000,97,49,48,3133.1
30400007841000,35,14,21,1295
30400007842000,69,34,35,2925.6
30400007900000,12,8,4,337.2
30400007901000,96,52,44,4396.8
30400007902000,188,103,85,7632.8
30400007903000,728,369,359,28610.4
30410007841000,58,30,28,2650.6
30410007842000,2,1,1,0
30420007841000,20,11,9,788
30420007842000,2,1,1,0
30430007842000,1,1,0,0
30440007841000,2,1,1,0
30440007842000,8,5,3,224.8
30450007842000,12,8,4,447.6
30460007796000,10,4,6,537
30460007815000,15,8,7,973.5
30460007816000,6,3,3,385.2
30460007842000,2,1,1,0
30470007796000,19,11,8,906.3
30470007797000,11,5,6,479.6
30470007814000,5,2,3,354
30470007815000,3,1,2,0
30470007817000,1,1,0,0
30470007842000,7,4,3,349.3
30480007813000,5,2,3,303
30480007815000,1,1,0,0
30480007818000,4,3,1,0
30480007830000,1,1,0,0
30480007842000,2,1,1,0
30490007797000,3,1,2,0
30490007798000,1,1,0,0
30490007815000,5,3,2,322
30490007842000,23,15,8,777.4
30500007797000,7,3,4,466.2
30500007815000,2,1,1,0
30500007842000,12,7,5,386.4
30510007797000,2,1,1,0
30510007842000,27,17,10,1152.9
30520007796000,11,8,3,578.6
30520007797000,47,24,23,2025.7
30520007798000,2,1,1,0
30520007842000,13,9,4,756.6
30520007843000,7,4,3,240.1
30530007796000,8,4,4,411.2
30530007797000,17,10,7,766.7
30530007798000,6,3,3,364.2
30530007829000,63,32,31,2664.9
30530007842000,8,4,4,260.8
30540007798000,5,3,2,332
30540007829000,132,80,52,6402
30540007830000,3,1,2,0
30540007842000,688,340,348,27451.2
30540007843000,388,219,169,13929.2
30550007798000,1,1,0,0
30550007829000,18,7,11,855
30550007841000,101,54,47,4555.1
30550007842000,1416,706,710,58339.2
30550007843000,260,118,142,9334
30560007741000,1,1,0,0
30560007742000,17,10,7,885.7
30560007743000,1,1,0,0
30560007744000,4,2,2,0
30560007792000,3,2,1,0
30560007793000,3,1,2,0
30560007798000,5,3,2,321
30560007799000,9,6,3,385.2
30560007841000,284,161,123,10820.4
30560007842000,834,440,394,30441
30560007843000,2,1,1,0
30560007895000,1,0,1,0
30570007793000,2,1,1,0
30570007798000,1,1,0,0
30570007799000,1,1,0,0
30570007841000,2,1,1,0
30570007842000,1004,488,516,38654
30570007843000,9,4,5,339.3
30580007753000,3,2,1,0
30580007794000,1,1,0,0
30580007806000,1,1,0,0
30580007842000,135,76,59,4981.5
30590007755000,1,1,0,0
30590007806000,1,1,0,0
30600007756000,3,2,1,0
30600007807000,1,1,0,0
30600007841000,40,22,18,1924
30610007801000,8,5,3,464.8
30610007841000,1,1,0,0
30620007803000,3,2,1,0
30620007812000,1,1,0,0
30630007842000,3,1,2,0
30640007805000,1,0,1,0
30640007842000,2,1,1,0
30640007843000,15,9,6,697.5
30650007843000,10,6,4,216
30660007760000,10,5,5,425
30660007806000,5,3,2,233
30660007844000,69,36,33,2677.2
30670007808000,1,1,0,0
30680007758000,1,1,0,0
30680007760000,2,0,2,0
30680007845000,9,6,3,556.2
30680007846000,2,2,0,0
30680007847000,4,3,1,0
30690007760000,2,1,1,0
30690007844000,6,5,1,423
30690007845000,19,6,13,951.9
30700007761000,8,6,2,374.4
30700007762000,5,3,2,250
30700007805000,5,3,2,193
30700007806000,2,1,1,0
30700007849000,5,2,3,361
30710007763000,1,1,0,0
30710007803000,2,1,1,0
30710007804000,25,20,5,607.5
30710007849000,51,31,20,2223.6
30720007763000,4,1,3,0
30720007764000,7,3,4,252
30720007765000,17,9,8,771.8
30720007766000,6,4,2,306
30720007767000,14,7,7,562.8
30720007768000,1,1,0,0
30720007799000,2,1,1,0
30720007800000,3,2,1,0
30720007804000,39,30,9,834.6
30730007765000,6,2,4,175.2
30730007766000,1,0,1,0
30730007767000,10,5,5,301
30730007768000,23,15,8,1097.1
30730007769000,5,3,2,289
30730007799000,6,3,3,340.8
30730007802000,1,1,0,0
30730007803000,3,2,1,0
30740007799000,386,198,188,16212
30740007800000,431,214,217,15429.8
30740007856000,1,1,0,0
30740007859000,15,6,9,807
30740007860000,4,1,3,0
30750007769000,11,6,5,324.5
30750007770000,6,2,4,184.2
30750007798000,20,11,9,838
30750007799000,404,204,200,18341.6
30750007800000,483,243,240,19609.8
30750007801000,87,45,42,3636.6
30750007802000,935,463,472,33940.5
30750007803000,277,139,138,9279.5
30750007807000,1,1,0,0
30750007859000,1,1,0,0
30750007900000,1,1,0,0
30760007769000,2,1,1,0
30760007770000,6,2,4,322.8
30760007771000,14,8,6,414.4
30760007772000,14,8,6,911.4
30760007790000,7,4,3,317.8
30760007791000,13,5,8,513.5
30760007795000,4,2,2,0
30760007796000,2,1,1,0
30760007798000,8,4,4,196.8
30760007799000,621,292,329,23411.7
30760007800000,257,125,132,9534.7
30760007801000,191,100,91,6283.9
30760007802000,35,17,18,1347.5
30760007803000,271,132,139,10270.9
30760007806000,1056,512,544,45091.2
30760007807000,453,233,220,17757.6
30770007772000,12,4,8,474
30770007773000,3,0,3,0
30770007774000,6,4,2,190.8
30770007790000,13,8,5,349.7
30770007791000,17,8,9,681.7
30770007804000,58,30,28,2169.2
30770007805000,79,36,43,2133
30770007806000,1349,670,679,52206.3
30770007807000,238,124,114,8901.2
30780007784000,1,0,1,0
30780007785000,3,1,2,0
30780007791000,5,1,4,144
30780007801000,8,4,4,236
30780007802000,1,1,0,0
30780007805000,11,5,6,477.4
30780007806000,124,57,67,5183.2
30780007807000,344,169,175,13794.4
30780007808000,19,15,4,820.8
30790007772000,3,1,2,0
30790007783000,13,7,6,676
30790007784000,8,4,4,476
30790007801000,9,4,5,498.6
30790007802000,49,24,25,1715
30790007805000,3,2,1,0
30790007807000,70,35,35,2611
30790007808000,158,82,76,5435.2
30790007815000,2,1,1,0
30790007867000,2,2,0,0
30800007772000,1,1,0,0
30800007776000,4,1,3,0
30800007782000,9,5,4,275.4
30800007783000,21,12,9,569.1
30800007801000,10,4,6,422
30800007802000,94,45,49,4004.4
30800007804000,4,2,2,0
30800007805000,2,1,1,0
30800007806000,19,8,11,843.6
30800007807000,3,2,1,0
30800007808000,12,8,4,498
30800007812000,6,3,3,295.2
30800007867000,1,1,0,0
30810007776000,3,2,1,0
30810007779000,5,3,2,227
30810007780000,2,1,1,0
30810007781000,2,1,1,0
30810007782000,11,5,6,271.7
30810007789000,3,1,2,0
30810007790000,1,1,0,0
30810007801000,1,1,0,0
30810007802000,25,12,13,982.5
30810007812000,5,3,2,304
30810007813000,2,1,1,0
30820007772000,1,0,1,0
30820007773000,18,8,10,858.6
30820007774000,4,2,2,0
30820007775000,5,1,4,221
30820007778000,9,4,5,254.7
30820007779000,11,5,6,392.7
30820007780000,3,1,2,0
30820007781000,6,2,4,102
30820007782000,6,4,2,271.2
30820007788000,5,3,2,215
30820007789000,8,4,4,420
30820007802000,26,11,15,1024.4
30830007774000,1,0,1,0
30830007777000,40,16,24,1536
30830007778000,35,19,16,1886.5
30830007782000,1,1,0,0
30830007783000,11,6,5,507.1
30830007787000,15,8,7,607.5
30830007789000,2,0,2,0
30830007790000,5,3,2,214
30830007801000,1,0,1,0
30830007802000,4,2,2,0
30840007776000,21,11,10,711.9
30840007777000,52,21,31,1612
30840007778000,12,9,3,411.6
30840007779000,4,3,1,0
30840007783000,24,13,11,979.2
30840007784000,7,4,3,161.7
30840007785000,1,0,1,0
30840007786000,6,3,3,285
30840007801000,8,3,5,352
30850007779000,11,5,6,386.1
30850007780000,4,2,2,0
30850007782000,2,1,1,0
30850007783000,8,5,3,327.2
30850007787000,1,0,1,0
30850007801000,3,2,1,0
30860007787000,5,3,2,213
30860007802000,7,4,3,140
30870007802000,14,7,7,386.4
30870007804000,5,2,3,232
30880007803000,20,9,11,1048
30880007804000,3,2,1,0
30890007803000,19,15,4,906.3
30890007804000,15,7,8,675
30900007803000,21,10,11,1089.9
30900007804000,1,1,0,0
30900007805000,9,3,6,291.6
30910007803000,23,11,12,956.8
30910007804000,5,3,2,243
30910007805000,3,2,1,0
30910007811000,3,2,1,0
30910007873000,2,1,1,0
30920007802000,9,6,3,300.6
30920007803000,3,1,2,0
30920007804000,11,4,7,563.2
30920007805000,2,1,1,0
30920007811000,1,1,0,0
30920007812000,10,7,3,594
30930007802000,5,2,3,244
30930007804000,10,6,4,552
30930007805000,12,7,5,553.2
30930007806000,26,15,11,1157
30930007807000,2,1,1,0
30930007808000,4,2,2,0
30930007874000,2,1,1,0
30940007807000,7,3,4,277.9
30940007874000,6,2,4,382.8
30940007888000,2,1,1,0
30950007876000,24,14,10,1137.6
30960007876000,172,95,77,8324.8
30960007887000,398,200,198,16875.2
30970007886000,317,152,165,13821.2
30970007887000,897,498,399,40095.9
30980007886000,181,104,77,7982.1
30980007887000,130,63,67,5304