SSBID1000M,p,m,f,ta
19250006616000,9,6,3,439.2
19250006617000,125,69,56,4875
19250006618000,35,18,17,1827
19260006616000,4,2,2,0
19260006617000,23,13,10,940.7
19380006630000,9,5,4,315.9
19380006806000,7,4,3,433.3
19390006630000,66,33,33,2785.2
19390006631000,11,6,5,544.5
19400006598000,8,3,5,351.2
19400006599000,3,2,1,0
19400006600000,95,52,43,3866.5
19400006601000,168,89,79,6770.4
19400006602000,102,53,49,4926.6
19400006603000,84,46,38,3360
19400006604000,113,58,55,4565.2
19400006605000,38,22,16,1649.2
19400006606000,107,62,45,4301.4
19400006607000,7,5,2,186.2
19400006781000,3,1,2,0
19400006782000,63,36,27,3257.1
19410006597000,40,20,20,1840
19410006598000,80,42,38,3000
19410006599000,17,12,5,652.8
19410006600000,107,58,49,4387
19410006602000,6,3,3,412.8
19410006603000,36,22,14,1717.2
19410006604000,40,22,18,1804
19410006605000,290,152,138,12296
19410006606000,347,178,169,13255.4
19410006607000,119,58,61,4748.1
19410006608000,61,32,29,2354.6
19410006609000,697,363,334,26834.5
19410006610000,981,467,514,39730.5
19410006611000,8,4,4,263.2
19410006623000,20,9,11,874
19410006771000,12,8,4,736.8
19410006779000,12,4,8,580.8
19410006781000,29,14,15,1215.1
19410006782000,238,119,119,11209.8
19410006783000,1,1,0,0
19420006596000,2,1,1,0
19420006597000,45,22,23,2016
19420006598000,240,129,111,9792
19420006599000,16,8,8,875.2
19420006606000,97,47,50,3433.8
19420006607000,92,49,43,4149.2
19420006608000,699,330,369,24884.4
19420006609000,1714,843,871,68045.8
19420006610000,1370,683,687,55485
19420006611000,945,482,463,36855
19420006612000,150,81,69,6225
19420006614000,25,11,14,722.5
19420006623000,15,8,7,709.5
19420006624000,6,3,3,250.2
19420006757000,1,0,1,0
19420006760000,1,0,1,0
19420006761000,17,10,7,544
19420006779000,40,22,18,1880
19420006781000,128,61,67,5363.2
19420006782000,47,19,28,1602.7
19420006807000,6,3,3,433.2
19420006811000,12,7,5,411.6
19430006596000,77,39,38,3295.6
19430006597000,1333,654,679,57452.3
19430006598000,117,65,52,3978
19430006607000,4,2,2,0
19430006608000,2,1,1,0
19430006609000,389,201,188,12720.3
19430006610000,586,308,278,16701
19430006611000,334,169,165,13827.6
19430006612000,55,28,27,1804
19430006613000,386,198,188,14668
19430006614000,323,171,152,13146.1
19430006616000,57,29,28,2639.1
19430006617000,133,69,64,4043.2
19430006618000,24,13,11,1041.6
19430006619000,3,2,1,0
19430006757000,39,17,22,1606.8
19430006758000,10,5,5,537
19430006759000,10,5,5,519
19430006760000,18,10,8,970.2
19430006761000,56,26,30,3074.4
19430006762000,2,1,1,0
19430006763000,21,10,11,846.3
19430006764000,109,56,53,4894.1
19430006765000,26,12,14,1253.2
19430006766000,53,33,20,2803.7
19430006767000,51,26,25,2422.5
19430006768000,142,81,61,6844.4
19430006807000,3,1,2,0
19430006808000,2,2,0,0
19430006810000,3,1,2,0
19430006811000,31,15,16,1472.5
19430006812000,7,3,4,210
19430006839000,2,1,1,0
19440006596000,50,23,27,2350
19440006597000,1249,630,619,51708.6
19440006598000,146,76,70,5694
19440006599000,4,3,1,0
19440006611000,104,55,49,4388.8
19440006612000,215,115,100,7568
19440006613000,1197,602,595,44887.5
19440006614000,416,219,197,15516.8
19440006616000,113,63,50,4576.5
19440006617000,6,3,3,79.8
19440006618000,7,3,4,151.2
19440006620000,5,2,3,117
19440006646000,20,11,9,1082
19440006647000,11,5,6,360.8
19440006756000,10,10,0,416
19440006757000,18,10,8,972
19440006759000,132,75,57,4804.8
19440006760000,137,70,67,5617
19440006761000,2,1,1,0
19440006762000,2,1,1,0
19440006763000,35,17,18,1823.5
19440006764000,16,9,7,684.8
19440006765000,9,4,5,403.2
19440006766000,6,3,3,432
19440006768000,20,12,8,1134
19440006769000,2,1,1,0
19440006806000,2,1,1,0
19440006807000,5,2,3,286
19440006808000,3,1,2,0
19450006596000,11,6,5,336.6
19450006597000,73,33,40,2985.7
19450006598000,32,18,14,1273.6
19450006599000,22,10,12,943.8
19450006600000,1,1,0,0
19450006601000,2,1,1,0
19450006610000,55,28,27,1496
19450006611000,167,92,75,5126.9
19450006612000,482,245,237,16580.8
19450006613000,191,98,93,7124.3
19450006614000,47,25,22,1621.5
19450006615000,11,8,3,423.5
19450006616000,3,1,2,0
19450006617000,5,2,3,273
19450006619000,10,5,5,570
19450006620000,206,104,102,8075.2
19450006621000,5,3,2,253
19450006622000,5,2,3,259
19450006623000,25,12,13,1010
19450006624000,10,4,6,427
19450006625000,7,2,5,240.8
19450006646000,24,13,11,789.6
19450006647000,34,15,19,1846.2
19450006658000,1,1,0,0
19450006676000,1,1,0,0
19450006678000,2,1,1,0
19450006728000,1,1,0,0
19450006752000,52,26,26,2345.2
19450006753000,253,131,122,9234.5
19450006754000,36,17,19,1497.6
19450006756000,238,111,127,7520.8
19450006757000,158,77,81,5925
19450006758000,10,3,7,499
19450006759000,4,3,1,0
19450006760000,109,57,52,4207.4
19450006761000,69,39,30,2980.8
19450006762000,2,1,1,0
19450006763000,34,16,18,992.8
19450006766000,7,4,3,455.7
19450006806000,17,7,10,671.5
19450006808000,1,1,0,0
19450006814000,3,2,1,0
19450006815000,49,28,21,2695
19450006816000,5,3,2,321
19450006838000,126,67,59,5481
19450006839000,91,42,49,3831.1
19460006597000,7,5,2,265.3
19460006598000,9,4,5,576
19460006599000,10,6,4,622
19460006600000,24,11,13,979.2
19460006601000,7,3,4,396.9
19460006611000,231,124,107,8662.5
19460006612000,536,261,275,19456.8
19460006613000,4,1,3,0
19460006618000,32,18,14,1408
19460006619000,38,22,16,1318.6
19460006620000,339,171,168,13051.5
19460006621000,7,3,4,252.7
19460006622000,52,28,24,2620.8
19460006623000,107,53,54,4162.3
19460006624000,98,49,49,4165
19460006625000,84,43,41,3603.6
19460006626000,3,2,1,0
19460006646000,19,10,9,714.4
19460006653000,4,2,2,0
19460006655000,2,1,1,0
19460006662000,31,19,12,1469.4
19460006663000,7,3,4,193.2
19460006666000,59,35,24,2360
19460006667000,43,21,22,1978
19460006668000,132,63,69,5016
19460006669000,42,22,20,1516.2
19460006674000,6,1,5,177
19460006675000,2,1,1,0
19460006678000,3,2,1,0
19460006681000,14,8,6,754.6
19460006721000,2,1,1,0
19460006722000,234,121,113,9921.6
19460006723000,17,10,7,389.3
19460006729000,47,25,22,1710.8
19460006733000,39,19,20,1758.9
19460006743000,75,41,34,2580
19460006744000,15,6,9,682.5
19460006750000,79,43,36,2859.8
19460006751000,89,43,46,4094
19460006753000,221,119,102,9171.5
19460006754000,28,13,15,1024.8
19460006757000,4,3,1,0
19460006758000,6,3,3,229.2
19460006784000,6,2,4,424.2
19460006808000,4,2,2,0
19460006817000,2,1,1,0
19460006838000,2,2,0,0
19470006599000,1,1,0,0
19470006600000,1,0,1,0
19470006601000,1,1,0,0
19470006602000,9,3,6,430.2
19470006611000,676,342,334,19604
19470006612000,139,75,64,6310.6
19470006614000,14,6,8,750.4
19470006615000,4,2,2,0
19470006616000,4,2,2,0
19470006617000,15,8,7,420
19470006618000,122,68,54,4392
19470006619000,103,60,43,4459.9
19470006620000,100,45,55,3640
19470006621000,66,37,29,2732.4
19470006622000,141,67,74,5752.8
19470006623000,15,7,8,406.5
19470006624000,61,34,27,2659.6
19470006625000,538,284,254,19690.8
19470006626000,197,96,101,7289
19470006629000,198,97,101,6969.6
19470006646000,55,32,23,2288
19470006647000,100,54,46,3660
19470006650000,12,7,5,748.8
19470006651000,4,3,1,0
19470006654000,8,3,5,579.2
19470006655000,3,2,1,0
19470006656000,15,8,7,747
19470006662000,9,6,3,295.2
19470006663000,7,6,1,282.8
19470006667000,85,41,44,2703
19470006668000,121,68,53,4380.2
19470006669000,211,117,94,7807
19470006670000,93,48,45,3543.3
19470006672000,21,12,9,888.3
19470006677000,5,2,3,165
19470006678000,16,8,8,628.8
19470006679000,5,3,2,216
19470006680000,22,15,7,1108.8
19470006681000,30,14,16,1578
19470006691000,53,28,25,2904.4
19470006692000,1,0,1,0
19470006712000,1,1,0,0
19470006717000,45,24,21,2209.5
19470006721000,124,58,66,4786.4
19470006722000,273,132,141,10783.5
19470006723000,22,13,9,893.2
19470006727000,5,2,3,199
19470006728000,60,30,30,2484
19470006729000,68,33,35,2992
19470006730000,25,15,10,927.5
19470006732000,50,25,25,1540
19470006733000,127,67,60,4724.4
19470006743000,29,15,14,1220.9
19470006744000,16,7,9,1036.8
19470006749000,271,130,141,10054.1
19470006750000,336,172,164,12096
19470006751000,224,102,122,11155.2
19470006752000,8,5,3,422.4
19470006753000,28,17,11,1164.8
19470006783000,18,9,9,1038.6
19470006784000,13,5,8,396.5
19470006785000,5,4,1,405
19470006807000,2,1,1,0
19470006808000,10,6,4,558
19470006815000,3,1,2,0
19470006819000,1,1,0,0
19470006826000,9,5,4,451.8
19470006840000,4,2,2,0
19480006602000,2,1,1,0
19480006603000,8,5,3,420
19480006604000,2,1,1,0
19480006605000,8,4,4,287.2
19480006606000,10,7,3,434
19480006609000,27,14,13,1042.2
19480006610000,282,136,146,12520.8
19480006611000,1530,799,731,61047
19480006612000,1291,670,621,53189.2
19480006613000,173,85,88,7767.7
19480006614000,260,134,126,10816
19480006615000,254,138,116,7874
19480006616000,448,224,224,19040
19480006617000,134,70,64,5829
19480006618000,503,264,239,20522.4
19480006619000,719,382,337,29119.5
19480006620000,438,216,222,19403.4
19480006621000,155,86,69,7114.5
19480006622000,46,23,23,2047
19480006623000,573,294,279,23836.8
19480006624000,773,395,378,28369.1
19480006625000,178,96,82,7209
19480006626000,2242,1303,939,96181.8
19480006627000,1845,939,906,74353.5
19480006628000,1166,573,593,49088.6
19480006629000,448,244,204,16217.6
19480006630000,56,23,33,1299.2
19480006632000,2,1,1,0
19480006633000,31,19,12,1457
19480006634000,23,13,10,1023.5
19480006646000,18,11,7,750.6
19480006647000,201,100,101,9045
19480006648000,133,56,77,6796.3
19480006651000,5,3,2,348
19480006652000,9,6,3,408.6
19480006656000,2,1,1,0
19480006657000,4,3,1,0
19480006658000,80,43,37,2864
19480006659000,41,21,20,1980.3
19480006665000,33,18,15,1260.6
19480006666000,97,49,48,3220.4
19480006667000,76,35,41,2576.4
19480006668000,19,6,13,450.3
19480006669000,170,92,78,5729
19480006670000,109,57,52,4294.6
19480006672000,12,7,5,766.8
19480006673000,5,4,1,291
19480006676000,10,4,6,423
19480006677000,8,3,5,390.4
19480006680000,23,16,7,1133.9
19480006691000,11,6,5,510.4
19480006692000,68,37,31,2339.2
19480006693000,17,8,9,746.3
19480006694000,25,12,13,1175
19480006706000,17,8,9,649.4
19480006711000,29,14,15,1119.4
19480006712000,2,1,1,0
19480006716000,59,26,33,2773
19480006717000,12,9,3,471.6
19480006721000,18,9,9,604.8
19480006727000,30,16,14,1179
19480006728000,40,28,12,1892
19480006730000,103,52,51,3481.4
19480006731000,176,90,86,6529.6
19480006732000,131,75,56,5305.5
19480006733000,117,67,50,4212
19480006734000,23,11,12,954.5
19480006736000,1,0,1,0
19480006738000,27,15,12,1274.4
19480006739000,9,4,5,370.8
19480006740000,127,69,58,5130.8
19480006741000,29,15,14,1267.3
19480006743000,2,0,2,0
19480006746000,196,102,94,7212.8
19480006747000,237,120,117,8650.5
19480006748000,387,213,174,13932
19480006749000,282,141,141,9193.2
19480006750000,46,25,21,1255.8
19480006784000,15,8,7,798
19480006812000,6,3,3,249
19480006813000,12,5,7,828
19480006814000,2,1,1,0
19480006816000,8,3,5,344.8
19480006820000,1,1,0,0
19480006838000,1,1,0,0
19480006839000,8,3,5,410.4
19490006605000,2,1,1,0
19490006606000,78,45,33,3088.8
19490006607000,58,31,27,2650.6
19490006608000,197,96,101,7978.5
19490006609000,288,146,142,11836.8
19490006610000,1020,522,498,37944
19490006611000,1130,560,570,47008
19490006612000,777,402,375,30769.2
19490006613000,4,3,1,0
19490006614000,9,6,3,467.1
19490006616000,25,13,12,1225
19490006617000,3,1,2,0
19490006618000,2,2,0,0
19490006619000,145,62,83,4683.5
19490006621000,133,71,62,5213.6
19490006622000,143,74,69,6392.1
19490006623000,271,143,128,11625.9
19490006624000,1181,620,561,46649.5
19490006625000,2074,1039,1035,91048.6
19490006626000,3299,1747,1552,131960
19490006627000,2178,1107,1071,86902.2
19490006628000,2016,1003,1013,78825.6
19490006629000,1895,942,953,69357
19490006630000,98,50,48,3675
19490006631000,34,17,17,1319.2
19490006632000,23,8,15,1051.1
19490006633000,28,17,11,968.8
19490006634000,36,20,16,1447.2
19490006635000,27,14,13,993.6
19490006636000,1,1,0,0
19490006638000,10,7,3,357
19490006646000,23,13,10,759
19490006647000,291,152,139,11087.1
19490006648000,102,56,46,4059.6
19490006649000,12,8,4,651.6
19490006659000,30,15,15,1302
19490006661000,3,2,1,0
19490006665000,101,53,48,4262.2
19490006666000,349,179,170,13262
19490006667000,63,31,32,2444.4
19490006668000,372,194,178,13206
19490006669000,473,229,244,18021.3
19490006670000,521,272,249,18651.8
19490006671000,66,33,33,2092.2
19490006672000,1,1,0,0
19490006674000,58,27,31,1415.2
19490006675000,9,4,5,403.2
19490006676000,3,2,1,0
19490006692000,4,1,3,0
19490006697000,15,8,7,721.5
19490006699000,1,0,1,0
19490006700000,13,7,6,669.5
19490006706000,11,5,6,763.4
19490006707000,7,4,3,478.8
19490006711000,14,8,6,596.4
19490006712000,80,40,40,3520
19490006713000,136,76,60,3916.8
19490006714000,22,12,10,1311.2
19490006715000,103,58,45,4130.3
19490006716000,293,155,138,11251.2
19490006717000,9,4,5,594.9
19490006718000,45,26,19,2020.5
19490006720000,9,4,5,543.6
19490006724000,5,3,2,83
19490006728000,177,88,89,6619.8
19490006729000,317,157,160,11729
19490006730000,27,15,12,1163.7
19490006731000,141,71,70,4794
19490006732000,235,126,109,6556.5
19490006733000,37,18,19,1702
19490006734000,190,97,93,6593
19490006735000,103,56,47,4089.1
19490006736000,273,140,133,10428.6
19490006737000,76,41,35,2538.4
19490006738000,726,341,385,22433.4
19490006739000,437,224,213,13984
19490006740000,121,60,61,3799.4
19490006741000,310,148,162,11532
19490006742000,172,96,76,6329.6
19490006743000,248,114,134,9324.8
19490006744000,99,51,48,4088.7
19490006745000,320,168,152,11328
19490006746000,133,76,57,4442.2
19490006748000,2,1,1,0
19490006772000,51,23,28,2106.3
19490006773000,7,3,4,312.9
19490006780000,4,2,2,0
19490006781000,34,18,16,1628.6
19490006782000,55,27,28,1952.5
19490006793000,39,19,20,2047.5
19490006794000,34,19,15,1591.2
19490006795000,2,1,1,0
19490006796000,2,1,1,0
19490006797000,2,1,1,0
19490006798000,3,2,1,0
19490006800000,2,0,2,0
19490006801000,5,4,1,183
19490006840000,22,11,11,781
19490006841000,3,1,2,0
19500006586000,181,95,86,8724.2
19500006587000,7,3,4,238.7
19500006610000,2,1,1,0
19500006617000,13,4,9,377
19500006618000,63,32,31,2658.6
19500006619000,525,256,269,17797.5
19500006620000,1049,546,503,37554.2
19500006621000,485,241,244,22116
19500006622000,1061,521,540,45941.3
19500006623000,1542,779,763,67539.6
19500006624000,2448,1175,1273,93513.6
19500006625000,2202,1071,1131,94686
19500006626000,1838,913,925,79953
19500006627000,1255,589,666,53337.5
19500006628000,1130,579,551,44522
19500006629000,1380,691,689,54372
19500006630000,6,4,2,241.2
19500006631000,26,15,11,1110.2
19500006632000,57,29,28,2177.4
19500006633000,53,28,25,1918.6
19500006634000,10,6,4,192
19500006635000,32,15,17,1241.6
19500006638000,47,32,15,1757.8
19500006641000,28,15,13,1257.2
19500006642000,1,1,0,0
19500006647000,4,2,2,0
19500006648000,4,3,1,0
19500006650000,2,1,1,0
19500006651000,24,14,10,1046.4
19500006662000,23,10,13,756.7
19500006663000,7,4,3,322
19500006664000,22,11,11,506
19500006665000,18,12,6,811.8
19500006666000,118,58,60,3823.2
19500006667000,24,13,11,916.8
19500006668000,47,24,23,1344.2
19500006669000,819,392,427,34971.3
19500006670000,252,135,117,8870.4
19500006671000,7,4,3,233.1
19500006677000,132,71,61,5068.8
19500006678000,21,10,11,1281
19500006692000,78,34,44,3205.8
19500006699000,10,5,5,651
19500006700000,23,14,9,828
19500006706000,75,37,38,2385
19500006707000,83,41,42,3660.3
19500006708000,2,1,1,0
19500006711000,23,15,8,1012
19500006712000,3,1,2,0
19500006714000,22,9,13,1038.4
19500006715000,106,53,53,4367.2
19500006717000,36,20,16,1400.4
19500006718000,160,88,72,5472
19500006719000,83,50,33,2357.2
19500006720000,241,119,122,6916.7
19500006723000,6,3,3,169.8
19500006724000,109,56,53,4719.7
19500006725000,67,35,32,2941.3
19500006726000,151,84,67,6357.1
19500006727000,59,27,32,3026.7
19500006728000,36,19,17,1562.4
19500006729000,585,288,297,18603
19500006736000,14,5,9,371
19500006737000,292,154,138,9022.8
19500006738000,635,289,346,26225.5
19500006740000,511,254,257,16965.2
19500006741000,18,7,11,727.2
19500006756000,74,46,28,3411.4
19500006757000,26,15,11,1242.8
19500006770000,10,6,4,381
19500006771000,8,5,3,352
19500006772000,27,13,14,1082.7
19500006773000,2,1,1,0
19500006776000,2,1,1,0
19500006778000,60,30,30,2640
19500006779000,5,3,2,300
19500006780000,1,1,0,0
19500006781000,8,6,2,298.4
19500006782000,19,11,8,516.8
19500006783000,11,6,5,402.6
19500006793000,59,31,28,2141.7
19500006794000,164,74,90,7658.8
19500006795000,21,10,11,913.5
19500006797000,4,3,1,0
19500006803000,4,2,2,0
19500006840000,35,17,18,1599.5
19500006841000,17,9,8,924.8
19510006552000,6,4,2,183
19510006585000,1,0,1,0
19510006586000,213,109,104,9159
19510006587000,22,13,9,1018.6
19510006598000,5,2,3,127
19510006599000,12,6,6,541.2
19510006600000,1,1,0,0
19510006612000,6,4,2,199.2
19510006613000,10,7,3,562
19510006615000,10,5,5,684
19510006616000,19,9,10,746.7
19510006617000,29,12,17,1061.4
19510006618000,83,39,44,2357.2
19510006619000,1039,515,524,34806.5
19510006620000,391,196,195,13528.6
19510006621000,68,30,38,3243.6
19510006622000,735,348,387,28959
19510006623000,1086,540,546,45069
19510006624000,1417,716,701,54412.8
19510006625000,422,229,193,14559
19510006626000,914,475,439,28242.6
19510006628000,26,12,14,1006.2
19510006630000,18,9,9,707.4
19510006631000,14,7,7,477.4
19510006632000,34,18,16,938.4
19510006633000,128,59,69,4403.2
19510006634000,70,37,33,2583
19510006635000,112,61,51,4222.4
19510006636000,22,10,12,1084.6
19510006637000,14,7,7,456.4
19510006638000,42,23,19,1692.6
19510006639000,6,3,3,309
19510006640000,12,6,6,502.8
19510006641000,31,20,11,1075.7
19510006642000,2,0,2,0
19510006651000,2,1,1,0
19510006660000,62,26,36,3013.2
19510006661000,30,17,13,1158
19510006662000,53,25,28,2390.3
19510006663000,4,2,2,0
19510006664000,12,8,4,537.6
19510006665000,28,15,13,1008
19510006666000,15,7,8,558
19510006669000,251,137,114,8132.4
19510006670000,39,21,18,1392.3
19510006671000,1,1,0,0
19510006692000,72,39,33,2534.4
19510006693000,69,40,29,2967
19510006695000,2,1,1,0
19510006707000,9,4,5,297
19510006712000,8,5,3,456
19510006713000,3,3,0,0
19510006715000,243,125,118,9865.8
19510006716000,170,83,87,6579
19510006717000,58,28,30,2789.8
19510006718000,66,36,30,2560.8
19510006719000,31,16,15,1748.4
19510006720000,80,41,39,4064
19510006721000,402,205,197,14512.2
19510006722000,168,81,87,4872
19510006723000,114,54,60,4161
19510006724000,3,2,1,0
19510006725000,43,27,16,1350.2
19510006726000,20,11,9,848
19510006727000,144,74,70,4996.8
19510006728000,23,9,14,811.9
19510006729000,133,68,65,5373.2
19510006734000,83,46,37,3079.3
19510006737000,218,110,108,7521
19510006738000,491,248,243,16006.6
19510006740000,75,40,35,2370
19510006741000,1,0,1,0
19510006752000,18,8,10,892.8
19510006753000,9,5,4,429.3
19510006754000,61,28,33,3251.3
19510006755000,230,121,109,9890
19510006756000,16,9,7,971.2
19510006760000,12,5,7,682.8
19510006768000,1,1,0,0
19510006769000,9,4,5,360
19510006770000,103,60,43,4562.9
19510006771000,270,138,132,9882
19510006772000,39,23,16,1708.2
19510006773000,58,27,31,2644.8
19510006774000,59,35,24,2666.8
19510006775000,7,4,3,464.1
19510006777000,24,14,10,1185.6
19510006778000,128,68,60,5734.4
19510006779000,213,108,105,7774.5
19510006781000,6,3,3,217.8
19510006790000,3,3,0,0
19510006798000,3,1,2,0
19510006813000,15,11,4,703.5
19510006818000,1,1,0,0
19510006821000,5,3,2,268
19510006838000,2,1,1,0
19510006839000,9,4,5,338.4
19510006840000,87,46,41,3410.4
19510006841000,12,6,6,711.6
19520006546000,50,25,25,2235
19520006547000,34,15,19,1431.4
19520006548000,29,15,14,1510.9
19520006549000,4,3,1,0
19520006550000,2,1,1,0
19520006551000,4,2,2,0
19520006552000,10,8,2,532
19520006553000,21,13,8,766.5
19520006586000,73,39,34,2496.6
19520006587000,18,9,9,869.4
19520006598000,6,2,4,279
19520006599000,4,1,3,0
19520006600000,9,6,3,302.4
19520006602000,2,1,1,0
19520006603000,3,2,1,0
19520006610000,1,1,0,0
19520006611000,29,13,16,1229.6
19520006612000,30,16,14,1149
19520006613000,9,6,3,513.9
19520006614000,29,23,6,1180.3
19520006615000,44,24,20,2358.4
19520006616000,143,74,69,6206.2
19520006617000,47,29,18,1955.2
19520006619000,14,6,8,757.4
19520006621000,2,1,1,0
19520006622000,294,147,147,8996.4
19520006623000,599,301,298,19886.8
19520006624000,302,154,148,10872
19520006625000,1116,557,559,31806
19520006626000,304,160,144,7782.4
19520006632000,5,3,2,115
19520006633000,50,26,24,1810
19520006634000,362,188,174,9846.4
19520006635000,48,29,19,1833.6
19520006642000,32,17,15,1539.2
19520006643000,22,11,11,1150.6
19520006644000,5,3,2,144
19520006658000,1,1,0,0
19520006660000,18,10,8,747
19520006661000,7,2,5,450.1
19520006662000,221,106,115,6784.7
19520006663000,172,94,78,7894.8
19520006665000,36,16,20,1260
19520006666000,12,7,5,416.4
19520006669000,42,20,22,1629.6
19520006670000,2,1,1,0
19520006674000,4,2,2,0
19520006675000,18,9,9,721.8
19520006692000,41,17,24,1804
19520006693000,76,39,37,3169.2
19520006712000,159,84,75,5755.8
19520006713000,406,218,188,12951.4
19520006714000,141,75,66,4469.7
19520006715000,7,3,4,366.1
19520006721000,1,1,0,0
19520006722000,270,133,137,12528
19520006723000,114,59,55,4332
19520006724000,53,28,25,2289.6
19520006725000,6,3,3,415.8
19520006727000,2,1,1,0
19520006729000,204,102,102,7099.2
19520006731000,19,10,9,927.2
19520006732000,74,38,36,2434.6
19520006733000,1,0,1,0
19520006734000,50,24,26,1860
19520006735000,126,68,58,4498.2
19520006736000,511,267,244,16658.6
19520006737000,26,15,11,501.8
19520006751000,19,12,7,655.5
19520006752000,187,94,93,6862.9
19520006759000,16,8,8,704
19520006760000,10,5,5,640
19520006764000,30,12,18,1383
19520006765000,32,13,19,1100.8
19520006767000,3,2,1,0
19520006768000,114,57,57,4263.6
19520006769000,26,14,12,1138.8
19520006770000,44,24,20,1654.4
19520006771000,61,37,24,2025.2
19520006772000,21,11,10,1197
19520006777000,19,9,10,689.7
19520006778000,61,36,25,2818.2
19520006779000,58,30,28,2244.6
19520006780000,411,207,204,16234.5
19520006781000,61,33,28,2275.3
19520006782000,29,14,15,1336.9
19520006783000,78,40,38,3400.8
19520006784000,22,14,8,840.4
19520006789000,5,2,3,331
19520006812000,51,23,28,1356.6
19520006813000,28,16,12,907.2
19530006539000,2,1,1,0
19530006540000,20,9,11,540
19530006541000,25,14,11,980
19530006542000,30,16,14,1299
19530006543000,212,133,79,7377.6
19530006544000,26,15,11,1198.6
19530006545000,33,20,13,1646.7
19530006546000,17,11,6,654.5
19530006547000,34,17,17,1581
19530006548000,46,24,22,1725
19530006549000,17,8,9,545.7
19530006553000,33,20,13,1504.8
19530006600000,3,2,1,0
19530006601000,16,10,6,707.2
19530006602000,5,3,2,190
19530006603000,12,8,4,513.6
19530006611000,3,2,1,0
19530006613000,1,1,0,0
19530006614000,20,10,10,882
19530006615000,23,12,11,903.9
19530006616000,19,12,7,910.1
19530006617000,37,19,18,1653.9
19530006618000,20,10,10,744
19530006619000,56,31,25,2413.6
19530006620000,82,45,37,3312.8
19530006621000,80,43,37,3264
19530006622000,54,26,28,1949.4
19530006623000,28,15,13,932.4
19530006624000,87,38,49,3201.6
19530006625000,50,27,23,1760
19530006626000,8,3,5,268.8
19530006631000,4,2,2,0
19530006632000,7,3,4,476
19530006634000,29,15,14,939.6
19530006635000,18,10,8,842.4
19530006636000,59,31,28,2377.7
19530006637000,20,11,9,484
19530006642000,22,11,11,781
19530006644000,2,1,1,0
19530006645000,30,16,14,1152
19530006657000,2,1,1,0
19530006658000,2,2,0,0
19530006663000,2,1,1,0
19530006664000,5,2,3,143
19530006665000,32,17,15,1244.8
19530006666000,27,13,14,972
19530006669000,147,85,62,5056.8
19530006670000,7,4,3,335.3
19530006671000,3,2,1,0
19530006672000,2,1,1,0
19530006674000,15,10,5,540
19530006675000,27,15,12,1695.6
19530006683000,1,1,0,0
19530006689000,3,2,1,0
19530006690000,5,2,3,310
19530006693000,46,24,22,2010.2
19530006703000,7,4,3,333.2
19530006704000,56,26,30,2290.4
19530006705000,104,58,46,4919.2
19530006706000,4,1,3,0
19530006707000,1,1,0,0
19530006712000,14,8,6,369.6
19530006713000,222,106,116,6748.8
19530006719000,13,8,5,631.8
19530006720000,42,18,24,1486.8
19530006721000,149,77,72,5125.6
19530006722000,33,20,13,1270.5
19530006723000,191,97,94,7296.2
19530006724000,110,50,60,4554
19530006725000,30,15,15,1335
19530006726000,1,1,0,0
19530006727000,14,8,6,652.4
19530006728000,44,22,22,2032.8
19530006729000,335,169,166,13366.5
19530006730000,71,38,33,2406.9
19530006732000,266,129,137,9363.2
19530006733000,253,130,123,8981.5
19530006734000,395,195,200,12758.5
19530006735000,428,217,211,15365.2
19530006736000,188,99,89,6429.6
19530006741000,141,79,62,5428.5
19530006750000,92,51,41,3468.4
19530006751000,5,1,4,339
19530006752000,95,43,52,3733.5
19530006753000,22,13,9,987.8
19530006754000,2,1,1,0
19530006759000,56,31,25,2396.8
19530006760000,36,18,18,1641.6
19530006764000,2,1,1,0
19530006766000,87,41,46,3549.6
19530006767000,43,22,21,1793.1
19530006768000,7,3,4,473.2
19530006770000,18,11,7,694.8
19530006777000,13,6,7,357.5
19530006778000,44,23,21,1918.4
19530006779000,49,27,22,2386.3
19530006780000,120,47,73,6888
19530006781000,122,63,59,5868.2
19530006782000,45,29,16,1791
19530006783000,32,16,16,1340.8
19530006795000,4,2,2,0
19530006796000,8,4,4,368.8
19530006813000,223,113,110,8563.2
19530006814000,58,24,34,2540.4
19530006815000,7,5,2,289.8
19530006817000,1,0,1,0
19530006821000,2,1,1,0
19530006822000,4,2,2,0
19530006826000,3,2,1,0
19530006827000,2,1,1,0
19530006840000,3,2,1,0
19540006538000,11,5,6,425.7
19540006539000,21,14,7,907.2
19540006540000,24,15,9,1005.6
19540006541000,56,34,22,2587.2
19540006542000,47,26,21,1518.1
19540006543000,35,21,14,1053.5
19540006544000,9,5,4,334.8
19540006545000,41,24,17,1644.1
19540006546000,73,42,31,3124.4
19540006547000,149,84,65,5378.9
19540006548000,61,35,26,2781.6
19540006549000,31,16,15,1100.5
19540006550000,2,1,1,0
19540006553000,15,8,7,705
19540006554000,4,3,1,0
19540006558000,1,0,1,0
19540006598000,5,2,3,208
19540006601000,11,5,6,587.4
19540006602000,2,2,0,0
19540006612000,2,1,1,0
19540006613000,11,5,6,404.8
19540006614000,13,7,6,565.5
19540006615000,2,1,1,0
19540006619000,6,4,2,355.2
19540006620000,195,97,98,6084
19540006621000,3,2,1,0
19540006622000,114,54,60,4446
19540006623000,623,309,314,20122.9
19540006624000,522,255,267,17539.2
19540006625000,314,165,149,12779.8
19540006626000,76,37,39,3032.4
19540006635000,9,5,4,145.8
19540006636000,6,4,2,316.8
19540006638000,37,19,18,1420.8
19540006639000,222,115,107,7303.8
19540006640000,131,68,63,4650.5
19540006642000,19,12,7,727.7
19540006646000,66,36,30,2382.6
19540006661000,7,3,4,329
19540006663000,37,19,18,1568.8
19540006665000,13,8,5,574.6
19540006668000,76,43,33,3070.4
19540006669000,85,39,46,3281
19540006670000,29,14,15,1116.5
19540006671000,454,239,215,15663
19540006672000,6,3,3,349.8
19540006673000,12,5,7,489.6
19540006674000,38,19,19,1869.6
19540006689000,29,15,14,1334
19540006690000,29,13,16,835.2
19540006691000,12,6,6,523.2
19540006692000,229,115,114,8289.8
19540006693000,242,119,123,9147.6
19540006697000,8,3,5,458.4
19540006699000,8,4,4,523.2
19540006703000,166,97,69,5046.4
19540006704000,74,34,40,2775
19540006705000,103,56,47,2678
19540006707000,12,9,3,315.6
19540006712000,206,95,111,5891.6
19540006713000,163,81,82,6960.1
19540006714000,6,3,3,358.2
19540006715000,14,7,7,649.6
19540006716000,32,16,16,1708.8
19540006717000,9,4,5,254.7
19540006720000,24,15,9,801.6
19540006721000,197,99,98,7249.6
19540006722000,23,12,11,837.2
19540006723000,296,152,144,9353.6
19540006724000,17,11,6,720.8
19540006730000,112,57,55,2576
19540006731000,481,235,246,16161.6
19540006732000,491,240,251,17037.7
19540006736000,5,4,1,293
19540006741000,84,49,35,3729.6
19540006742000,4,2,2,0
19540006748000,27,15,12,1185.3
19540006749000,96,42,54,3561.6
19540006750000,49,25,24,2214.8
19540006751000,177,99,78,5770.2
19540006752000,39,20,19,1868.1
19540006754000,23,13,10,897
19540006755000,132,71,61,5002.8
19540006759000,5,2,3,174
19540006764000,3,1,2,0
19540006766000,45,25,20,2263.5
19540006767000,7,4,3,499.8
19540006768000,48,26,22,1948.8
19540006769000,7,4,3,391.3
19540006771000,15,9,6,556.5
19540006772000,84,44,40,4225.2
19540006773000,22,15,7,741.4
19540006774000,6,3,3,444
19540006776000,36,14,22,1508.4
19540006777000,2,1,1,0
19540006778000,102,55,47,4314.6
19540006780000,8,5,3,246.4
19540006781000,27,14,13,1212.3
19540006782000,10,6,4,483
19540006795000,39,20,19,1723.8
19540006796000,5,1,4,253
19540006813000,16,9,7,814.4
19540006814000,1,0,1,0
19540006820000,2,1,1,0
19540006821000,1,0,1,0
19540006828000,3,1,2,0
19550006534000,1,0,1,0
19550006535000,22,10,12,701.8
19550006536000,11,6,5,558.8
19550006537000,11,7,4,478.5
19550006538000,36,20,16,1371.6
19550006539000,29,16,13,1203.5
19550006540000,62,37,25,1940.6
19550006541000,50,27,23,1980
19550006542000,151,78,73,5919.2
19550006543000,133,71,62,4960.9
19550006544000,57,30,27,2086.2
19550006545000,46,25,21,1573.2
19550006546000,107,54,53,3766.4
19550006547000,504,262,242,15926.4
19550006548000,37,23,14,1720.5
19550006549000,15,10,5,345
19550006550000,65,34,31,2580.5
19550006551000,20,10,10,714
19550006552000,31,18,13,1190.4
19550006554000,42,23,19,1470
19550006556000,30,16,14,1092
19550006557000,51,27,24,2091
19550006558000,15,7,8,685.5
19550006559000,20,13,7,786
19550006569000,2,1,1,0
19550006598000,3,2,1,0
19550006599000,3,2,1,0
19550006600000,5,3,2,278
19550006601000,3,2,1,0
19550006602000,10,5,5,354
19550006603000,31,13,18,1196.6
19550006604000,190,86,104,8721
19550006605000,53,27,26,2363.8
19550006611000,14,8,6,422.8
19550006612000,44,21,23,2327.6
19550006613000,1,1,0,0
19550006619000,18,10,8,955.8
19550006620000,39,21,18,1848.6
19550006621000,51,27,24,1836
19550006622000,17,7,10,795.6
19550006623000,21,9,12,697.2
19550006624000,4,2,2,0
19550006625000,283,144,139,8999.4
19550006626000,1009,500,509,37635.7
19550006627000,273,127,146,9991.8
19550006628000,53,29,24,1855
19550006629000,26,10,16,772.2
19550006630000,2,2,0,0
19550006631000,3,2,1,0
19550006635000,15,8,7,555
19550006636000,20,9,11,658
19550006637000,13,7,6,582.4
19550006638000,6,3,3,151.8
19550006639000,149,83,66,4663.7
19550006640000,385,190,195,18249
19550006641000,57,33,24,2114.7
19550006642000,20,10,10,798
19550006643000,15,9,6,444
19550006644000,7,3,4,198.1
19550006645000,12,5,7,654
19550006646000,33,18,15,1303.5
19550006647000,12,6,6,285.6
19550006648000,8,5,3,350.4
19550006649000,14,8,6,602
19550006661000,24,11,13,1058.4
19550006668000,65,37,28,2522
19550006669000,8,5,3,239.2
19550006670000,578,288,290,23409
19550006671000,228,116,112,8116.8
19550006690000,6,2,4,228
19550006691000,5,2,3,213
19550006692000,96,51,45,4627.2
19550006693000,44,24,20,1716
19550006694000,16,11,5,558.4
19550006695000,55,30,25,1611.5
19550006696000,196,107,89,7487.2
19550006697000,48,28,20,1382.4
19550006699000,14,7,7,665
19550006700000,17,9,8,613.7
19550006703000,148,76,72,4824.8
19550006704000,15,7,8,450
19550006713000,32,18,14,1308.8
19550006714000,130,66,64,4901
19550006715000,167,89,78,6179
19550006716000,276,147,129,11536.8
19550006717000,336,170,166,14515.2
19550006718000,27,17,10,1063.8
19550006724000,18,12,6,606.6
19550006725000,129,65,64,5185.8
19550006726000,174,91,83,5933.4
19550006729000,108,58,50,4590
19550006730000,181,100,81,7909.7
19550006731000,429,223,206,16645.2
19550006732000,49,26,23,2454.9
19550006733000,26,14,12,1006.2
19550006734000,373,198,175,13092.3
19550006735000,1,1,0,0
19550006741000,121,58,63,5190.9
19550006742000,197,99,98,6973.8
19550006744000,122,64,58,5233.8
19550006748000,94,48,46,4352.2
19550006750000,25,14,11,1240
19550006751000,73,36,37,2985.7
19550006752000,7,4,3,252
19550006753000,24,13,11,804
19550006754000,155,78,77,5502.5
19550006755000,109,61,48,5079.4
19550006756000,82,45,37,3132.4
19550006759000,13,8,5,579.8
19550006760000,10,5,5,352
19550006763000,255,136,119,7369.5
19550006764000,17,9,8,562.7
19550006765000,51,23,28,1652.4
19550006766000,21,10,11,781.2
19550006767000,51,26,25,2157.3
19550006768000,22,11,11,968
19550006769000,3,2,1,0
19550006771000,51,25,26,2182.8
19550006776000,22,14,8,884.4
19550006777000,4,2,2,0
19550006779000,28,16,12,996.8
19550006780000,25,15,10,830
19550006781000,41,23,18,1496.5
19550006782000,91,40,51,3867.5
19550006783000,7,5,2,258.3
19550006794000,1,1,0,0
19550006814000,7,2,5,200.2
19550006827000,3,2,1,0
19550006828000,9,4,5,529.2
19560006532000,3,3,0,0
19560006533000,8,4,4,420
19560006534000,52,27,25,1846
19560006535000,53,28,25,1865.6
19560006536000,27,13,14,950.4
19560006537000,11,8,3,392.7
19560006538000,13,6,7,400.4
19560006539000,6,2,4,205.2
19560006540000,103,53,50,3635.9
19560006541000,23,11,12,903.9
19560006542000,44,21,23,1496
19560006543000,12,9,3,603.6
19560006544000,61,35,26,3031.7
19560006545000,75,37,38,2925
19560006546000,44,27,17,1381.6
19560006547000,51,29,22,1917.6
19560006548000,61,34,27,2635.2
19560006549000,25,13,12,1047.5
19560006550000,28,14,14,1139.6
19560006551000,45,17,28,1948.5
19560006552000,43,22,21,1608.2
19560006553000,38,25,13,1474.4
19560006554000,71,34,37,3038.8
19560006555000,38,16,22,1299.6
19560006556000,30,17,13,1425
19560006557000,50,25,25,1930
19560006558000,117,53,64,4141.8
19560006559000,12,6,6,458.4
19560006560000,17,9,8,601.8
19560006561000,37,21,16,1550.3
19560006562000,30,13,17,1392
19560006563000,12,5,7,375.6
19560006602000,76,50,26,2629.6
19560006603000,155,77,78,7130
19560006604000,25,14,11,887.5
19560006605000,32,16,16,1228.8
19560006606000,4,3,1,0
19560006611000,14,8,6,599.2
19560006612000,40,23,17,1944
19560006616000,17,10,7,736.1
19560006621000,45,23,22,1710
19560006622000,41,25,16,1648.2
19560006623000,13,7,6,465.4
19560006624000,10,6,4,411
19560006625000,781,402,379,25148.2
19560006626000,874,439,435,29541.2
19560006627000,77,44,33,2825.9
19560006628000,20,10,10,796
19560006629000,73,34,39,2693.7
19560006630000,5,3,2,157
19560006633000,1,1,0,0
19560006634000,4,2,2,0
19560006635000,6,3,3,213
19560006639000,19,12,7,701.1
19560006640000,533,248,285,18335.2
19560006641000,153,80,73,3809.7
19560006643000,3,1,2,0
19560006644000,3,2,1,0
19560006645000,9,5,4,324
19560006648000,3,1,2,0
19560006649000,35,18,17,1627.5
19560006662000,52,24,28,2449.2
19560006668000,83,44,39,2929.9
19560006669000,7,4,3,287
19560006675000,3,2,1,0
19560006682000,2,0,2,0
19560006692000,10,6,4,500
19560006693000,37,15,22,1616.9
19560006695000,29,15,14,1191.9
19560006696000,8,4,4,352.8
19560006697000,20,12,8,1148
19560006699000,6,4,2,348
19560006700000,65,37,28,2242.5
19560006701000,4,1,3,0
19560006702000,6,5,1,153
19560006703000,5,4,1,149
19560006704000,11,5,6,422.4
19560006705000,18,9,9,671.4
19560006716000,75,35,40,2887.5
19560006717000,2,2,0,0
19560006718000,3,2,1,0
19560006726000,110,63,47,4147
19560006727000,104,51,53,4388.8
19560006728000,167,92,75,6179
19560006729000,50,27,23,2125
19560006730000,26,17,9,657.8
19560006731000,799,411,388,31400.7
19560006732000,1294,602,692,60559.2
19560006733000,1166,587,579,45940.4
19560006734000,651,342,309,23631.3
19560006735000,200,103,97,6120
19560006736000,144,75,69,5054.4
19560006741000,1,1,0,0
19560006742000,269,130,139,10544.8
19560006743000,268,134,134,8468.8
19560006744000,291,156,135,10301.4
19560006747000,55,25,30,2018.5
19560006748000,322,164,158,13620.6
19560006749000,345,175,170,11212.5
19560006750000,3,2,1,0
19560006752000,90,41,49,2556
19560006753000,11,6,5,591.8
19560006754000,86,43,43,3121.8
19560006755000,145,77,68,5176.5
19560006756000,18,8,10,752.4
19560006759000,20,13,7,916
19560006760000,5,3,2,183
19560006762000,5,2,3,277
19560006763000,336,168,168,15892.8
19560006764000,328,161,167,10988
19560006765000,6,3,3,114
19560006766000,67,34,33,2613
19560006767000,73,36,37,2730.2
19560006768000,9,3,6,306.9
19560006770000,38,22,16,1577
19560006771000,16,6,10,614.4
19560006776000,24,14,10,895.2
19560006777000,9,4,5,444.6
19560006778000,27,13,14,1312.2
19560006780000,4,3,1,0
19560006781000,37,20,17,1383.8
19560006782000,274,136,138,11179.2
19560006783000,62,34,28,2821
19560006793000,7,3,4,196
19560006815000,4,2,2,0
19560006817000,6,3,3,181.8
19560006821000,8,6,2,382.4
19560006824000,5,2,3,308
19560006828000,9,4,5,414
19570006528000,39,24,15,1415.7
19570006529000,9,5,4,233.1
19570006530000,2,1,1,0
19570006531000,51,28,23,1815.6
19570006532000,9,4,5,550.8
19570006533000,44,23,21,1421.2
19570006534000,97,57,40,3462.9
19570006535000,1537,772,765,54409.8
19570006536000,73,38,35,2883.5
19570006537000,25,10,15,1007.5
19570006539000,28,15,13,1156.4
19570006540000,666,330,336,28105.2
19570006541000,308,161,147,10040.8
19570006542000,23,10,13,963.7
19570006543000,25,16,9,807.5
19570006544000,31,16,15,1274.1
19570006545000,32,15,17,1184
19570006546000,54,29,25,2041.2
19570006547000,46,27,19,1734.2
19570006548000,36,21,15,1432.8
19570006549000,88,49,39,3511.2
19570006550000,39,17,22,1361.1
19570006551000,17,9,8,663
19570006552000,53,28,25,2157.1
19570006553000,24,13,11,991.2
19570006554000,470,245,225,16967
19570006555000,37,21,16,1228.4
19570006556000,38,20,18,2181.2
19570006557000,32,17,15,1148.8
19570006558000,107,53,54,4290.7
19570006559000,75,41,34,2947.5
19570006560000,82,41,41,3075
19570006561000,782,394,388,23929.2
19570006562000,221,108,113,6497.4
19570006563000,114,58,56,4491.6
19570006564000,10,6,4,493
19570006602000,5,2,3,270
19570006603000,96,51,45,3043.2
19570006605000,3,1,2,0
19570006606000,10,6,4,332
19570006607000,7,3,4,282.8
19570006611000,24,13,11,960
19570006612000,38,21,17,1212.2
19570006613000,12,5,7,462
19570006614000,107,59,48,3884.1
19570006615000,3,2,1,0
19570006616000,11,6,5,445.5
19570006617000,19,11,8,689.7
19570006623000,6,4,2,421.8
19570006625000,538,261,277,17269.8
19570006626000,70,41,29,2814
19570006627000,15,8,7,679.5
19570006634000,23,12,11,800.4
19570006638000,1,1,0,0
19570006640000,24,14,10,1003.2
19570006641000,10,7,3,560
19570006644000,8,5,3,284
19570006645000,19,13,6,758.1
19570006646000,3,2,1,0
19570006647000,2,1,1,0
19570006648000,14,8,6,387.8
19570006649000,22,11,11,774.4
19570006650000,4,3,1,0
19570006656000,101,49,52,4130.9
19570006657000,61,36,25,2482.7
19570006658000,47,22,25,1499.3
19570006659000,180,95,85,5760
19570006660000,71,33,38,2144.2
19570006661000,171,87,84,5967.9
19570006662000,29,15,14,1574.7
19570006663000,32,19,13,1145.6
19570006664000,21,12,9,844.2
19570006665000,40,23,17,1972
19570006666000,6,3,3,351
19570006667000,79,46,33,3112.6
19570006668000,249,131,118,10582.5
19570006675000,24,16,8,1099.2
19570006676000,22,12,10,763.4
19570006679000,3,1,2,0
19570006680000,1,1,0,0
19570006682000,4,2,2,0
19570006691000,27,15,12,1215
19570006692000,139,69,70,5226.4
19570006693000,3,2,1,0
19570006700000,8,5,3,543.2
19570006701000,103,55,48,3780.1
19570006702000,620,302,318,22692
19570006703000,254,131,123,8813.8
19570006704000,16,8,8,812.8
19570006717000,8,5,3,444.8
19570006718000,16,8,8,1046.4
19570006724000,17,9,8,518.5
19570006725000,173,91,82,5899.3
19570006726000,6,4,2,193.8
19570006727000,54,26,28,2143.8
19570006729000,55,31,24,2365
19570006730000,262,142,120,9039
19570006731000,893,463,430,32683.8
19570006732000,926,459,467,33891.6
19570006733000,5,2,3,229
19570006735000,78,45,33,2784.6
19570006736000,19,12,7,604.2
19570006741000,4,2,2,0
19570006742000,196,101,95,6468
19570006743000,277,129,148,7949.9
19570006744000,210,112,98,7329
19570006745000,13,8,5,435.5
19570006747000,6,3,3,324
19570006748000,43,23,20,2193
19570006749000,218,114,104,6910.6
19570006750000,53,21,32,1913.3
19570006752000,33,16,17,1425.6
19570006753000,40,17,23,1508
19570006754000,7,2,5,315.7
19570006755000,25,13,12,1002.5
19570006756000,9,6,3,384.3
19570006758000,1,0,1,0
19570006759000,33,18,15,1521.3
19570006760000,2,1,1,0
19570006762000,27,16,11,928.8
19570006763000,193,94,99,9109.6
19570006764000,145,73,72,5626
19570006766000,7,4,3,345.8
19570006768000,24,11,13,1161.6
19570006769000,104,53,51,4264
19570006770000,25,14,11,835
19570006771000,52,35,17,2756
19570006772000,6,4,2,247.2
19570006778000,5,3,2,200
19570006779000,16,8,8,822.4
19570006780000,72,41,31,2901.6
19570006781000,80,42,38,2704
19570006782000,41,23,18,1623.6
19570006783000,29,12,17,1447.1
19570006787000,6,2,4,220.2
19570006791000,18,10,8,772.2
19570006792000,39,19,20,1887.6
19570006793000,5,3,2,224
19570006794000,4,3,1,0
19570006795000,1,1,0,0
19570006798000,2,2,0,0
19570006802000,3,1,2,0
19570006811000,3,2,1,0
19570006815000,24,12,12,1149.6
19570006816000,10,4,6,552
19570006817000,1,1,0,0
19570006818000,7,5,2,438.2
19570006819000,6,3,3,219
19570006820000,1,1,0,0
19570006823000,1,0,1,0
19570006868000,3,2,1,0
19580006526000,2,1,1,0
19580006527000,14,8,6,691.6
19580006528000,14,8,6,607.6
19580006529000,40,19,21,1636
19580006530000,53,27,26,1982.2
19580006531000,27,13,14,1117.8
19580006532000,21,11,10,1033.2
19580006533000,52,27,25,2360.8
19580006534000,370,190,180,14356
19580006535000,1311,656,655,48244.8
19580006536000,38,20,18,1322.4
19580006537000,18,9,9,860.4
19580006538000,24,16,8,924
19580006539000,1887,952,935,56798.7
19580006540000,2835,1419,1416,110848.5
19580006541000,555,298,257,19702.5
19580006542000,37,19,18,1383.8
19580006543000,44,25,19,1971.2
19580006544000,23,13,10,761.3
19580006545000,36,21,15,1303.2
19580006546000,27,13,14,934.2
19580006547000,128,68,60,5312
19580006548000,449,222,227,16298.7
19580006549000,359,194,165,13247.1
19580006550000,39,27,12,1934.4
19580006551000,90,47,43,3384
19580006552000,712,343,369,26984.8
19580006553000,1068,535,533,34069.2
19580006554000,1832,906,926,65768.8
19580006555000,59,30,29,2129.9
19580006556000,166,99,67,5992.6
19580006557000,33,18,15,1415.7
19580006558000,9,4,5,588.6
19580006559000,111,56,55,4084.8
19580006560000,925,465,460,31727.5
19580006561000,105,58,47,3822
19580006562000,81,44,37,3539.7
19580006563000,69,37,32,2539.2
19580006564000,5,2,3,325
19580006566000,9,4,5,415.8
19580006567000,45,20,25,1881
19580006568000,28,11,17,926.8
19580006570000,104,55,49,4971.2
19580006571000,1171,610,561,47659.7
19580006572000,698,327,371,22126.6
19580006602000,8,6,2,354.4
19580006603000,21,12,9,1123.5
19580006607000,3,1,2,0
19580006609000,8,4,4,360
19580006610000,164,80,84,6166.4
19580006611000,44,25,19,2222
19580006612000,21,11,10,674.1
19580006613000,288,150,138,9648
19580006614000,8,4,4,218.4
19580006617000,8,3,5,470.4
19580006619000,8,2,6,338.4
19580006620000,4,3,1,0
19580006624000,4,2,2,0
19580006626000,294,134,160,18257.4
19580006635000,3,2,1,0
19580006637000,5,3,2,173
19580006638000,24,14,10,931.2
19580006639000,4,1,3,0
19580006640000,61,39,22,2708.4
19580006641000,22,10,12,919.6
19580006642000,8,5,3,266.4
19580006646000,9,3,6,314.1
19580006649000,26,12,14,1357.2
19580006650000,117,61,56,5159.7
19580006651000,17,10,7,727.6
19580006656000,341,167,174,12139.6
19580006657000,320,157,163,13536
19580006658000,81,40,41,2511
19580006659000,64,33,31,2668.8
19580006660000,15,9,6,583.5
19580006661000,5,3,2,231
19580006670000,21,12,9,554.4
19580006671000,24,11,13,1104
19580006672000,7,5,2,275.1
19580006674000,15,9,6,516
19580006675000,100,50,50,4000
19580006676000,19,10,9,556.7
19580006677000,3,2,1,0
19580006678000,14,7,7,652.4
19580006679000,10,6,4,619
19580006680000,44,23,21,1575.2
19580006681000,498,270,228,16832.4
19580006682000,52,25,27,1783.6
19580006683000,4,3,1,0
19580006684000,3,2,1,0
19580006691000,21,15,6,968.1
19580006692000,48,27,21,1948.8
19580006693000,7,4,3,244.3
19580006696000,14,7,7,593.6
19580006697000,12,6,6,699.6
19580006698000,56,34,22,2503.2
19580006699000,26,12,14,735.8
19580006700000,182,92,90,6952.4
19580006701000,444,230,214,15984
19580006702000,53,24,29,1680.1
19580006703000,46,21,25,1794
19580006704000,1,1,0,0
19580006725000,62,33,29,2120.4
19580006726000,67,37,30,2438.8
19580006727000,234,118,116,7885.8
19580006728000,349,174,175,12110.3
19580006729000,3,2,1,0
19580006730000,327,171,156,11870.1
19580006731000,292,141,151,11329.6
19580006732000,714,372,342,26917.8
19580006733000,227,112,115,8557.9
19580006734000,1136,586,550,43395.2
19580006735000,405,199,206,15957
19580006737000,126,66,60,4762.8
19580006738000,317,168,149,13599.3
19580006739000,608,309,299,20672
19580006741000,334,170,164,9719.4
19580006742000,1093,532,561,32790
19580006743000,415,220,195,12035
19580006744000,69,39,30,3153.3
19580006745000,3,1,2,0
19580006747000,2,1,1,0
19580006750000,8,5,3,435.2
19580006752000,118,58,60,4495.8
19580006754000,5,4,1,201
19580006760000,10,6,4,511
19580006761000,22,14,8,1137.4
19580006762000,69,35,34,3160.2
19580006763000,24,12,12,1375.2
19580006764000,23,10,13,1145.4
19580006765000,21,12,9,984.9
19580006766000,23,12,11,1156.9
19580006767000,20,11,9,674
19580006768000,81,39,42,3596.4
19580006769000,35,18,17,1305.5
19580006770000,1,1,0,0
19580006777000,2,1,1,0
19580006778000,7,5,2,455.7
19580006779000,8,4,4,255.2
19580006780000,19,10,9,801.8
19580006781000,76,51,25,2743.6
19580006787000,32,19,13,1238.4
19580006794000,2,1,1,0
19580006797000,7,4,3,193.9
19580006798000,2,1,1,0
19580006804000,3,2,1,0
19580006805000,9,5,4,424.8
19580006818000,7,3,4,392
19580006820000,1,0,1,0
19580006823000,1,0,1,0
19580006824000,11,6,5,629.2
19580006828000,21,12,9,798
19580006867000,3,2,1,0
19580006868000,7,4,3,233.8
19590006526000,27,16,11,1058.4
19590006527000,15,7,8,418.5
19590006528000,20,15,5,914
19590006529000,1677,845,832,63726
19590006530000,106,50,56,3985.6
19590006531000,17,11,6,622.2
19590006532000,2,2,0,0
19590006533000,19,10,9,708.7
19590006534000,57,29,28,2063.4
19590006535000,35,22,13,1225
19590006536000,34,17,17,989.4
19590006537000,23,12,11,598
19590006538000,16,6,10,614.4
19590006539000,882,447,435,27606.6
19590006540000,182,96,86,6169.8
19590006541000,40,20,20,1772
19590006542000,5,2,3,177
19590006543000,25,14,11,1135
19590006544000,119,64,55,3665.2
19590006545000,129,69,60,3328.2
19590006546000,73,40,33,2649.9
19590006547000,1969,992,977,76003.4
19590006548000,2810,1409,1401,117177
19590006549000,1363,687,676,43752.3
19590006550000,58,29,29,2099.6
19590006551000,12,7,5,465.6
19590006552000,3086,1539,1547,121279.8
19590006553000,1206,627,579,44139.6
19590006554000,642,320,322,17141.4
19590006555000,30,16,14,1362
19590006556000,62,35,27,1946.8
19590006557000,47,23,24,1781.3
19590006558000,27,14,13,1026
19590006559000,16,8,8,660.8
19590006560000,92,45,47,3698.4
19590006561000,131,72,59,5226.9
19590006562000,154,82,72,5112.8
19590006563000,45,24,21,1795.5
19590006564000,10,6,4,393
19590006565000,79,37,42,3412.8
19590006566000,71,40,31,2911
19590006567000,164,84,80,5887.6
19590006568000,75,49,26,2902.5
19590006570000,364,191,173,14996.8
19590006571000,2764,1426,1338,107519.6
19590006572000,321,163,158,10914
19590006573000,40,17,23,1592
19590006576000,64,35,29,2809.6
19590006577000,68,31,37,2944.4
19590006578000,46,21,25,1582.4
19590006579000,67,31,36,3008.3
19590006612000,7,3,4,312.9
19590006613000,1,1,0,0
19590006614000,103,52,51,3615.3
19590006615000,6,2,4,301.8
19590006616000,22,13,9,849.2
19590006617000,44,20,24,1518
19590006618000,10,6,4,459
19590006619000,28,13,15,1173.2
19590006620000,38,19,19,1713.8
19590006621000,146,86,60,5007.8
19590006622000,11,5,6,554.4
19590006623000,10,4,6,511
19590006624000,7,2,5,179.2
19590006625000,134,67,67,5681.6
19590006626000,348,165,183,16425.6
19590006627000,10,8,2,370
19590006633000,4,1,3,0
19590006638000,14,7,7,585.2
19590006639000,62,32,30,1853.8
19590006640000,40,19,21,1884
19590006641000,21,10,11,735
19590006642000,78,40,38,3424.2
19590006645000,13,4,9,442
19590006650000,78,40,38,3307.2
19590006651000,32,13,19,1443.2
19590006656000,93,44,49,3524.7
19590006657000,245,122,123,11833.5
19590006658000,14,8,6,442.4
19590006659000,16,8,8,614.4
19590006660000,12,4,8,542.4
19590006666000,12,9,3,502.8
19590006667000,13,4,9,491.4
19590006670000,191,95,96,6379.4
19590006671000,10,4,6,299
19590006675000,12,6,6,469.2
19590006676000,140,72,68,5782
19590006677000,64,33,31,2566.4
19590006678000,25,11,14,1025
19590006679000,7,5,2,168
19590006680000,20,13,7,598
19590006681000,209,88,121,8924.3
19590006682000,62,38,24,3862.6
19590006683000,36,19,17,860.4
19590006686000,18,11,7,894.6
19590006693000,71,33,38,3088.5
19590006699000,62,29,33,2783.8
19590006700000,75,35,40,2520
19590006718000,23,15,8,1110.9
19590006721000,4,1,3,0
19590006722000,62,34,28,2641.2
19590006723000,56,38,18,2021.6
19590006724000,4,2,2,0
19590006726000,4,3,1,0
19590006727000,175,85,90,6685
19590006728000,60,27,33,2478
19590006729000,223,119,104,8228.7
19590006730000,545,273,272,20219.5
19590006731000,305,150,155,11376.5
19590006732000,860,412,448,27950
19590006733000,624,303,321,23649.6
19590006735000,667,350,317,23611.8
19590006736000,150,85,65,5550
19590006737000,954,486,468,34248.6
19590006738000,83,46,37,3759.9
19590006739000,301,155,146,10203.9
19590006741000,159,80,79,6757.5
19590006742000,425,198,227,16872.5
19590006743000,483,226,257,21541.8
19590006744000,5,3,2,148
19590006746000,61,32,29,2647.4
19590006747000,34,17,17,1601.4
19590006748000,70,41,29,2436
19590006750000,3,1,2,0
19590006751000,121,58,63,4694.8
19590006752000,95,48,47,3163.5
19590006754000,16,9,7,766.4
19590006760000,14,5,9,701.4
19590006761000,11,6,5,462
19590006762000,48,27,21,2520
19590006763000,13,7,6,539.5
19590006764000,57,27,30,2080.5
19590006765000,12,5,7,633.6
19590006773000,3,1,2,0
19590006775000,6,3,3,114
19590006776000,112,57,55,3998.4
19590006777000,8,4,4,500
19590006779000,84,36,48,2612.4
19590006780000,18,12,6,729
19590006782000,1,1,0,0
19590006787000,4,3,1,0
19590006814000,2,1,1,0
19590006815000,3,2,1,0
19590006828000,2,1,1,0
19590006867000,19,12,7,984.2
19590006868000,23,15,8,1311
19590006870000,3,2,1,0
19600006526000,28,18,10,1128.4
19600006527000,7,4,3,177.8
19600006528000,45,25,20,1683
19600006529000,270,138,132,9234
19600006530000,76,37,39,3321.2
19600006531000,13,8,5,495.3
19600006532000,39,19,20,1361.1
19600006533000,12,6,6,427.2
19600006534000,8,3,5,392.8
19600006535000,1,1,0,0
19600006536000,11,7,4,415.8
19600006537000,18,10,8,651.6
19600006538000,21,14,7,869.4
19600006539000,20,11,9,726
19600006540000,16,8,8,700.8
19600006541000,32,21,11,969.6
19600006542000,28,15,13,926.8
19600006543000,25,16,9,1095
19600006544000,45,27,18,1696.5
19600006545000,18,12,6,639
19600006546000,199,101,98,7442.6
19600006547000,2802,1438,1364,94427.4
19600006548000,1391,680,711,56474.6
19600006549000,119,61,58,4807.6
19600006550000,49,22,27,1974.7
19600006551000,115,66,49,3680
19600006552000,324,173,151,12538.8
19600006553000,44,25,19,1790.8
19600006554000,58,29,29,2592.6
19600006555000,15,9,6,490.5
19600006556000,34,20,14,1543.6
19600006557000,40,21,19,1380
19600006558000,34,21,13,1421.2
19600006559000,52,34,18,2007.2
19600006560000,8,3,5,392
19600006561000,73,46,27,2671.8
19600006562000,58,28,30,2499.8
19600006563000,23,15,8,1106.3
19600006564000,1,1,0,0
19600006565000,263,126,137,9652.1
19600006566000,130,73,57,4563
19600006567000,23,11,12,1127
19600006568000,125,69,56,4300
19600006569000,1009,508,501,36424.9
19600006570000,316,163,153,12071.2
19600006571000,52,26,26,2225.6
19600006572000,353,180,173,12107.9
19600006573000,690,372,318,23460
19600006574000,2349,1157,1192,85033.8
19600006575000,23,13,10,853.3
19600006576000,78,38,40,3205.8
19600006577000,97,53,44,3773.3
19600006578000,108,59,49,4611.6
19600006579000,116,62,54,4199.2
19600006580000,32,16,16,1129.6
19600006581000,38,17,21,1740.4
19600006582000,1,0,1,0
19600006589000,2,1,1,0
19600006612000,5,2,3,89
19600006613000,5,4,1,164
19600006614000,2,1,1,0
19600006615000,69,34,35,2994.6
19600006616000,35,19,16,1491
19600006617000,3,2,1,0
19600006619000,2,1,1,0
19600006620000,33,20,13,1537.8
19600006621000,95,51,44,3144.5
19600006622000,77,38,39,2502.5
19600006623000,122,60,62,4160.2
19600006625000,572,294,278,15329.6
19600006626000,289,145,144,11155.4
19600006627000,37,15,22,1605.8
19600006628000,2,1,1,0
19600006629000,35,13,22,1466.5
19600006630000,58,30,28,2238.8
19600006631000,8,5,3,298.4
19600006632000,6,4,2,367.8
19600006635000,27,16,11,1044.9
19600006636000,35,17,18,1298.5
19600006637000,44,22,22,2235.2
19600006638000,9,3,6,386.1
19600006639000,12,8,4,682.8
19600006640000,9,5,4,332.1
19600006641000,7,4,3,343
19600006642000,2,1,1,0
19600006643000,3,2,1,0
19600006644000,13,8,5,624
19600006647000,27,14,13,891
19600006648000,85,44,41,3400
19600006649000,30,13,17,1104
19600006650000,4,2,2,0
19600006656000,16,8,8,814.4
19600006657000,194,106,88,7857
19600006659000,10,5,5,212
19600006665000,266,133,133,10054.8
19600006666000,186,97,89,6528.6
19600006667000,68,37,31,2550
19600006669000,15,8,7,999
19600006675000,52,19,33,1861.6
19600006676000,53,28,25,1913.3
19600006677000,2,1,1,0
19600006678000,46,16,30,2134.4
19600006679000,111,54,57,4761.9
19600006680000,54,28,26,2019.6
19600006681000,186,96,90,6770.4
19600006682000,617,320,297,24803.4
19600006683000,10,7,3,491
19600006685000,10,5,5,551
19600006686000,45,25,20,1998
19600006687000,4,2,2,0
19600006688000,7,3,4,252
19600006693000,5,2,3,133
19600006694000,11,6,5,622.6
19600006696000,12,8,4,580.8
19600006698000,2,1,1,0
19600006699000,18,9,9,635.4
19600006700000,37,17,20,1254.3
19600006719000,60,30,30,2586
19600006721000,218,115,103,8567.4
19600006722000,110,61,49,4554
19600006723000,69,43,26,2566.8
19600006724000,265,142,123,12004.5
19600006725000,6,3,3,292.2
19600006726000,124,62,62,4885.6
19600006727000,5,3,2,325
19600006728000,949,489,460,36441.6
19600006729000,1008,504,504,38505.6
19600006730000,391,195,196,16187.4
19600006731000,60,27,33,2442
19600006732000,535,279,256,18778.5
19600006733000,1758,910,848,64167
19600006734000,33,14,19,1194.6
19600006735000,168,87,81,6115.2
19600006736000,881,446,435,32420.8
19600006737000,473,216,257,18399.7
19600006738000,90,46,44,3915
19600006739000,1211,628,583,38630.9
19600006740000,410,208,202,15416
19600006741000,533,274,259,19667.7
19600006742000,197,104,93,7170.8
19600006743000,90,44,46,3105
19600006746000,6,4,2,184.2
19600006747000,72,38,34,3175.2
19600006748000,14,7,7,323.4
19600006750000,288,138,150,9417.6
19600006751000,52,26,26,2490.8
19600006752000,51,22,29,2116.5
19600006753000,16,8,8,505.6
19600006754000,48,24,24,1756.8
19600006755000,2,1,1,0
19600006757000,53,27,26,1955.7
19600006758000,2,1,1,0
19600006761000,13,7,6,630.5
19600006763000,60,31,29,2160
19600006764000,30,16,14,1494
19600006773000,4,2,2,0
19600006775000,9,6,3,219.6
19600006776000,87,48,39,3393
19600006777000,28,18,10,1282.4
19600006779000,13,5,8,772.2
19600006794000,44,23,21,1614.8
19600006796000,10,4,6,330
19600006804000,6,4,2,301.2
19600006818000,4,3,1,0
19600006819000,3,2,1,0
19600006820000,6,4,2,285
19600006843000,15,8,7,624
19600006844000,28,15,13,949.2
19600006867000,15,8,7,616.5
19600006868000,7,3,4,343
19600006870000,13,7,6,824.2
19610006526000,215,108,107,7933.5
19610006527000,10,7,3,569
19610006528000,253,143,110,8045.4
19610006529000,40,25,15,1508
19610006530000,8,4,4,319.2
19610006532000,9,5,4,443.7
19610006533000,8,4,4,195.2
19610006534000,14,8,6,292.6
19610006535000,9,4,5,306.9
19610006536000,37,21,16,1147
19610006537000,21,11,10,516.6
19610006540000,10,5,5,246
19610006541000,24,12,12,940.8
19610006542000,13,6,7,830.7
19610006543000,2,1,1,0
19610006544000,34,18,16,1584.4
19610006545000,31,18,13,988.9
19610006546000,15,9,6,501
19610006547000,588,301,287,17404.8
19610006548000,79,37,42,2543.8
19610006550000,16,9,7,608
19610006551000,197,96,101,6126.7
19610006552000,742,382,360,27602.4
19610006553000,35,18,17,1491
19610006554000,38,20,18,1679.6
19610006555000,29,16,13,1044
19610006556000,37,21,16,1283.9
19610006557000,38,19,19,1577
19610006558000,135,74,61,4239
19610006559000,80,40,40,2704
19610006560000,37,22,15,1735.3
19610006561000,49,25,24,1871.8
19610006562000,27,15,12,1433.7
19610006563000,17,10,7,635.8
19610006564000,5,5,0,176
19610006565000,27,5,22,1530.9
19610006566000,103,57,46,3285.7
19610006568000,4,3,1,0
19610006569000,53,29,24,2072.3
19610006570000,25,13,12,975
19610006571000,25,13,12,1365
19610006572000,62,28,34,3062.8
19610006573000,2321,1156,1165,88894.3
19610006574000,1363,675,688,53020.7
19610006575000,1082,559,523,41765.2
19610006576000,1128,558,570,41284.8
19610006577000,1084,548,536,41192
19610006578000,612,318,294,21909.6
19610006579000,68,38,30,2434.4
19610006580000,86,45,41,3938.8
19610006581000,17,8,9,739.5
19610006588000,33,19,14,1524.6
19610006589000,12,7,5,338.4
19610006591000,2,1,1,0
19610006609000,10,6,4,395
19610006610000,24,12,12,1207.2
19610006611000,29,14,15,1232.5
19610006612000,17,10,7,710.6
19610006616000,16,8,8,600
19610006622000,56,28,28,2268
19610006623000,5,3,2,120
19610006624000,5,3,2,222
19610006626000,66,34,32,2105.4
19610006630000,15,7,8,628.5
19610006632000,3,2,1,0
19610006636000,1,0,1,0
19610006637000,8,3,5,251.2
19610006638000,3,2,1,0
19610006639000,88,45,43,3009.6
19610006642000,7,4,3,429.1
19610006643000,19,10,9,763.8
19610006644000,9,4,5,548.1
19610006645000,1,1,0,0
19610006647000,8,5,3,259.2
19610006651000,5,3,2,272
19610006664000,335,182,153,10753.5
19610006665000,512,269,243,21094.4
19610006666000,412,218,194,15120.4
19610006668000,1,1,0,0
19610006675000,6,1,5,178.8
19610006676000,4,3,1,0
19610006679000,8,3,5,128
19610006681000,66,30,36,2013
19610006682000,62,28,34,3062.8
19610006683000,2,1,1,0
19610006684000,6,2,4,385.8
19610006685000,12,6,6,668.4
19610006686000,8,3,5,528
19610006687000,19,10,9,999.4
19610006696000,15,6,9,511.5
19610006697000,4,2,2,0
19610006718000,64,32,32,2752
19610006719000,317,167,150,12331.3
19610006720000,932,470,462,35416
19610006721000,270,144,126,10557
19610006722000,118,63,55,4790.8
19610006723000,59,32,27,2666.8
19610006726000,268,143,125,9594.4
19610006727000,93,45,48,3785.1
19610006728000,156,84,72,5538
19610006729000,200,104,96,7200
19610006730000,514,261,253,20714.2
19610006731000,683,345,338,25271
19610006732000,150,74,76,6930
19610006733000,983,491,492,35682.9
19610006734000,1531,749,782,62924.1
19610006735000,91,44,47,3794.7
19610006736000,1112,551,561,37029.6
19610006737000,638,318,320,17098.4
19610006738000,549,278,271,20313
19610006739000,499,264,235,17065.8
19610006740000,5,4,1,159
19610006747000,85,44,41,3655
19610006750000,509,268,241,16389.8
19610006751000,34,17,17,1570.8
19610006752000,98,52,46,3704.4
19610006753000,11,8,3,182.6
19610006757000,50,29,21,2280
19610006758000,2,1,1,0
19610006759000,3,1,2,0
19610006760000,10,3,7,392
19610006761000,31,12,19,1388.8
19610006762000,96,54,42,4108.8
19610006763000,75,40,35,2895
19610006765000,15,8,7,636
19610006766000,7,5,2,240.1
19610006767000,4,2,2,0
19610006768000,7,4,3,410.9
19610006769000,9,6,3,338.4
19610006772000,4,3,1,0
19610006773000,7,4,3,380.8
19610006774000,6,4,2,307.2
19610006775000,11,5,6,696.3
19610006776000,22,13,9,1115.4
19610006778000,13,5,8,631.8
19610006779000,42,26,16,1524.6
19610006794000,10,7,3,330
19610006795000,1,1,0,0
19610006796000,2,1,1,0
19610006804000,4,2,2,0
19610006823000,1,1,0,0
19610006842000,8,6,2,590.4
19610006843000,35,17,18,1718.5
19610006844000,16,9,7,555.2
19610006868000,5,2,3,288
19610006870000,1,0,1,0
19610006873000,6,3,3,366
19610006874000,57,28,29,2878.5
19610006876000,4,2,2,0
19620006525000,26,14,12,1045.2
19620006526000,236,118,118,9487.2
19620006527000,5,3,2,244
19620006528000,491,265,226,11931.3
19620006529000,24,15,9,1048.8
19620006530000,2,1,1,0
19620006531000,3,1,2,0
19620006532000,13,8,5,422.5
19620006533000,23,12,11,706.1
19620006534000,17,10,7,584.8
19620006535000,21,11,10,974.4
19620006536000,11,6,5,360.8
19620006537000,20,8,12,652
19620006539000,9,5,4,295.2
19620006540000,7,4,3,280.7
19620006541000,12,7,5,495.6
19620006542000,21,12,9,1010.1
19620006543000,12,6,6,594
19620006544000,51,27,24,1866.6
19620006545000,26,12,14,1326
19620006546000,69,33,36,2691
19620006547000,37,17,20,1783.4
19620006548000,42,18,24,1596
19620006549000,20,9,11,810
19620006551000,4,2,2,0
19620006552000,749,379,370,25990.3
19620006553000,340,181,159,11662
19620006554000,35,21,14,1281
19620006555000,98,61,37,3635.8
19620006556000,38,19,19,1527.6
19620006557000,46,23,23,1964.2
19620006558000,117,57,60,3498.3
19620006559000,102,56,46,3763.8
19620006560000,6,2,4,273
19620006561000,54,31,23,2165.4
19620006562000,48,26,22,1512
19620006563000,73,43,30,2752.1
19620006564000,2369,1223,1146,88837.5
19620006565000,2063,999,1064,94898
19620006566000,586,299,287,21975
19620006567000,430,223,207,15824
19620006570000,1021,529,492,39614.8
19620006571000,629,325,304,25222.9
19620006572000,1347,681,666,46336.8
19620006573000,1367,679,688,47298.2
19620006574000,47,25,22,1786
19620006575000,43,21,22,1810.3
19620006576000,121,59,62,5263.5
19620006577000,1562,751,811,62948.6
19620006578000,644,324,320,24278.8
19620006579000,78,43,35,3213.6
19620006580000,9,5,4,558.9
19620006588000,119,59,60,4450.6
19620006589000,13,6,7,523.9
19620006591000,31,14,17,1404.3
19620006592000,12,5,7,481.2
19620006608000,6,2,4,228
19620006609000,11,7,4,489.5
19620006610000,3,2,1,0
19620006614000,4,2,2,0
19620006615000,9,5,4,504
19620006616000,16,8,8,756.8
19620006622000,63,36,27,2230.2
19620006623000,2,2,0,0
19620006624000,5,3,2,119
19620006626000,19,9,10,796.1
19620006628000,8,3,5,167.2
19620006629000,6,4,2,157.8
19620006635000,3,2,1,0
19620006637000,8,4,4,320
19620006638000,2,1,1,0
19620006639000,9,4,5,411.3
19620006645000,33,16,17,1458.6
19620006646000,36,19,17,1188
19620006650000,8,2,6,316
19620006651000,49,27,22,2102.1
19620006652000,7,4,3,184.1
19620006653000,1,0,1,0
19620006661000,39,21,18,1591.2
19620006662000,4,3,1,0
19620006664000,234,119,115,8470.8
19620006665000,476,234,242,20420.4
19620006666000,784,384,400,27753.6
19620006686000,12,9,3,464.4
19620006715000,6,4,2,232.2
19620006718000,104,50,54,4742.4
19620006719000,424,221,203,17511.2
19620006720000,712,358,354,26913.6
19620006721000,426,212,214,15208.2
19620006722000,401,207,194,16641.5
19620006723000,306,156,150,12790.8
19620006725000,4,2,2,0
19620006726000,514,268,246,19943.2
19620006727000,53,27,26,2109.4
19620006728000,552,275,277,21693.6
19620006729000,826,401,425,33122.6
19620006730000,1963,999,964,76164.4
19620006731000,3081,1512,1569,122315.7
19620006732000,2133,1043,1090,88946.1
19620006733000,2604,1245,1359,108066
19620006734000,2905,1438,1467,116200
19620006735000,302,155,147,14163.8
19620006736000,736,377,359,31427.2
19620006737000,1699,852,847,67790.1
19620006738000,614,275,339,24498.6
19620006740000,60,31,29,2844
19620006741000,971,512,459,33596.6
19620006742000,13,8,5,505.7
19620006743000,22,13,9,866.8
19620006744000,58,26,32,2563.6
19620006745000,137,66,71,4822.4
19620006746000,161,84,77,6633.2
19620006747000,39,21,18,1431.3
19620006748000,121,64,57,3993
19620006749000,24,13,11,844.8
19620006750000,31,17,14,1212.1
19620006751000,72,38,34,2700
19620006752000,41,19,22,1447.3
19620006753000,21,11,10,978.6
19620006754000,8,3,5,423.2
19620006755000,16,9,7,811.2
19620006756000,10,7,3,273
19620006759000,29,19,10,1113.6
19620006760000,143,73,70,5319.6
19620006761000,56,31,25,2268
19620006762000,6,3,3,367.8
19620006764000,10,4,6,507
19620006765000,32,17,15,1414.4
19620006766000,34,14,20,1536.8
19620006767000,24,12,12,602.4
19620006768000,28,15,13,1036
19620006771000,7,5,2,235.9
19620006773000,2,1,1,0
19620006774000,17,10,7,882.3
19620006776000,4,2,2,0
19620006777000,35,17,18,1715
19620006791000,5,2,3,346
19620006795000,2,1,1,0
19620006799000,1,1,0,0
19620006801000,11,6,5,434.5
19620006804000,2,1,1,0
19620006823000,4,2,2,0
19620006824000,1,0,1,0
19620006834000,19,11,8,744.8
19620006867000,9,4,5,441
19630006525000,6,4,2,285
19630006526000,26,14,12,1014
19630006527000,27,16,11,980.1
19630006529000,30,15,15,942
19630006535000,17,8,9,858.5
19630006536000,4,2,2,0
19630006538000,6,1,5,228
19630006539000,14,9,5,641.2
19630006541000,39,19,20,1723.8
19630006542000,25,13,12,967.5
19630006543000,21,12,9,934.5
19630006544000,10,4,6,351
19630006545000,23,10,13,880.9
19630006546000,8,3,5,334.4
19630006547000,55,32,23,2106.5
19630006548000,24,11,13,1020
19630006549000,15,7,8,760.5
19630006550000,34,15,19,1190
19630006551000,23,13,10,878.6
19630006552000,4,2,2,0
19630006553000,176,85,91,7286.4
19630006554000,24,13,11,1096.8
19630006555000,104,54,50,3608.8
19630006556000,121,67,54,4755.3
19630006557000,144,76,68,5140.8
19630006558000,41,20,21,1816.3
19630006559000,125,67,58,5462.5
19630006560000,9,4,5,497.7
19630006561000,62,36,26,2399.4
19630006562000,51,24,27,1912.5
19630006563000,22,13,9,842.6
19630006564000,3181,1606,1575,95111.9
19630006565000,761,410,351,27243.8
19630006566000,220,123,97,7568
19630006567000,1831,941,890,69028.7
19630006568000,24,11,13,1000.8
19630006570000,137,69,68,5685.5
19630006571000,847,436,411,31169.6
19630006572000,1007,493,514,41085.6
19630006573000,32,15,17,1632
19630006574000,415,223,192,14317.5
19630006575000,182,94,88,7644
19630006576000,127,69,58,4292.6
19630006577000,665,322,343,21280
19630006578000,782,392,390,29325
19630006579000,306,154,152,10404
19630006588000,90,51,39,3924
19630006589000,2,1,1,0
19630006591000,235,121,114,8154.5
19630006592000,77,38,39,3280.2
19630006609000,2,2,0,0
19630006612000,10,5,5,356
19630006613000,4,2,2,0
19630006615000,18,10,8,630
19630006617000,7,3,4,226.8
19630006618000,19,9,10,760
19630006619000,3,1,2,0
19630006620000,5,3,2,262
19630006621000,6,3,3,400.8
19630006622000,13,8,5,613.6
19630006623000,32,19,13,1305.6
19630006624000,6,4,2,253.2
19630006625000,11,6,5,520.3
19630006626000,4,2,2,0
19630006628000,2,1,1,0
19630006630000,33,16,17,1168.2
19630006632000,12,6,6,453.6
19630006634000,2,1,1,0
19630006635000,14,8,6,539
19630006639000,2,1,1,0
19630006644000,15,8,7,405
19630006646000,279,144,135,10629.9
19630006647000,190,95,95,5814
19630006649000,15,10,5,651
19630006650000,12,6,6,565.2
19630006651000,5,4,1,241
19630006652000,46,24,22,1849.2
19630006653000,56,34,22,2184
19630006654000,3,1,2,0
19630006663000,165,79,86,4455
19630006664000,340,174,166,12036
19630006665000,1,1,0,0
19630006666000,253,146,107,9361
19630006667000,37,21,16,1232.1
19630006686000,13,8,5,626.6
19630006692000,34,18,16,1407.6
19630006715000,70,40,30,2968
19630006716000,311,161,150,12813.2
19630006717000,79,46,33,3270.6
19630006720000,89,45,44,3657.9
19630006721000,258,140,118,9881.4
19630006722000,403,204,199,14870.7
19630006723000,877,437,440,36132.4
19630006724000,828,435,393,30636
19630006725000,1787,897,890,65225.5
19630006726000,905,440,465,34571
19630006727000,939,473,466,32771.1
19630006728000,1709,856,853,63403.9
19630006729000,846,411,435,34770.6
19630006730000,435,216,219,16051.5
19630006731000,157,82,75,5903.2
19630006733000,2,0,2,0
19630006734000,30,16,14,1239
19630006735000,20,18,2,1016
19630006736000,143,71,72,6620.9
19630006737000,1039,516,523,41975.6
19630006738000,818,427,391,30593.2
19630006739000,792,408,384,30650.4
19630006740000,818,420,398,30266
19630006741000,1195,607,588,40152
19630006742000,144,73,71,6580.8
19630006743000,186,106,80,7514.4
19630006744000,578,285,293,23813.6
19630006745000,459,224,235,16019.1
19630006746000,6,2,4,319.2
19630006748000,124,64,60,4724.4
19630006749000,67,40,27,2720.2
19630006750000,86,45,41,4033.4
19630006751000,52,27,25,2163.2
19630006752000,21,13,8,955.5
19630006753000,8,4,4,247.2
19630006754000,66,45,21,2310
19630006755000,5,4,1,212
19630006756000,13,5,8,521.3
19630006757000,73,39,34,3401.8
19630006758000,65,34,31,2457
19630006759000,48,27,21,2068.8
19630006760000,340,171,169,12240
19630006761000,4,3,1,0
19630006766000,12,4,8,537.6
19630006770000,4,2,2,0
19630006773000,10,5,5,579
19630006774000,2,0,2,0
19630006775000,18,8,10,1078.2
19630006776000,24,13,11,1387.2
19630006785000,2,1,1,0
19630006786000,47,21,26,1659.1
19630006791000,12,5,7,484.8
19630006792000,2,1,1,0
19630006801000,176,88,88,6248
19630006806000,18,7,11,824.4
19630006807000,9,5,4,462.6
19630006809000,7,4,3,483.7
19630006818000,4,1,3,0
19630006822000,2,1,1,0
19630006839000,22,13,9,1051.6
19630006840000,9,3,6,361.8
19630006868000,1,1,0,0
19630006874000,1,1,0,0
19640006520000,25,15,10,1477.5
19640006521000,321,171,150,13642.5
19640006523000,2,1,1,0
19640006524000,13,5,8,591.5
19640006525000,6,3,3,289.2
19640006526000,30,16,14,975
19640006527000,29,14,15,1229.6
19640006528000,26,17,9,889.2
19640006529000,12,5,7,390
19640006536000,5,2,3,106
19640006539000,2,1,1,0
19640006541000,13,8,5,764.4
19640006542000,22,14,8,871.2
19640006544000,18,9,9,433.8
19640006545000,6,4,2,247.8
19640006546000,15,8,7,724.5
19640006547000,976,515,461,36404.8
19640006548000,327,171,156,10562.1
19640006550000,36,19,17,1490.4
19640006551000,269,140,129,9603.3
19640006552000,1167,592,575,40144.8
19640006553000,1795,905,890,66415
19640006554000,420,226,194,13188
19640006555000,25,12,13,905
19640006556000,225,124,101,6795
19640006557000,2723,1354,1369,89314.4
19640006558000,1235,601,634,42360.5
19640006559000,1405,721,684,51423
19640006560000,1203,598,605,38255.4
19640006561000,105,56,49,3811.5
19640006562000,80,43,37,3744
19640006563000,37,21,16,1313.5
19640006564000,34,15,19,1281.8
19640006565000,14,8,6,693
19640006566000,42,26,16,1688.4
19640006567000,713,382,331,25953.2
19640006568000,416,231,185,14851.2
19640006569000,81,45,36,3442.5
19640006570000,825,397,428,34650
19640006571000,2478,1264,1214,92925
19640006572000,996,475,521,44521.2
19640006574000,25,12,13,1117.5
19640006575000,128,66,62,5158.4
19640006576000,332,166,166,11752.8
19640006577000,1051,540,511,33316.7
19640006578000,1127,599,528,42487.9
19640006579000,5,2,3,148
19640006581000,218,116,102,7390.2
19640006582000,9,4,5,425.7
19640006586000,53,30,23,2358.5
19640006587000,9,4,5,407.7
19640006588000,59,26,33,2395.4
19640006589000,1,0,1,0
19640006591000,50,27,23,1825
19640006613000,2,1,1,0
19640006614000,7,4,3,202.3
19640006615000,8,4,4,227.2
19640006616000,1,1,0,0
19640006617000,3,1,2,0
19640006620000,5,3,2,169
19640006621000,2,1,1,0
19640006626000,60,30,30,2370
19640006627000,7,3,4,336
19640006628000,4,2,2,0
19640006630000,20,11,9,1024
19640006631000,31,12,19,1100.5
19640006632000,16,10,6,612.8
19640006634000,23,13,10,878.6
19640006635000,13,8,5,561.6
19640006639000,1,1,0,0
19640006640000,16,10,6,750.4
19640006641000,3,2,1,0
19640006646000,22,11,11,827.2
19640006647000,9,7,2,208.8
19640006648000,7,4,3,203.7
19640006650000,11,8,3,367.4
19640006651000,1,1,0,0
19640006652000,10,5,5,652
19640006653000,37,22,15,1520.7
19640006654000,20,11,9,1028
19640006655000,35,21,14,1704.5
19640006656000,31,17,14,1432.2
19640006662000,617,324,293,18139.8
19640006663000,354,169,185,10443
19640006664000,176,93,83,5491.2
19640006665000,10,4,6,430
19640006666000,42,26,16,1243.2
19640006667000,23,13,10,1030.4
19640006684000,7,4,3,471.1
19640006685000,25,13,12,1180
19640006686000,4,3,1,0
19640006690000,1,1,0,0
19640006692000,5,2,3,353
19640006696000,12,5,7,621.6
19640006698000,5,2,3,330
19640006708000,58,30,28,2349
19640006709000,58,32,26,2534.6
19640006710000,1,1,0,0
19640006715000,7,3,4,196
19640006716000,18,9,9,741.6
19640006717000,107,61,46,4098.1
19640006718000,128,63,65,5107.2
19640006719000,137,68,69,5000.5
19640006720000,119,57,62,4593.4
19640006721000,33,16,17,1326.6
19640006722000,117,63,54,5405.4
19640006723000,417,210,207,14845.2
19640006724000,1691,839,852,61045.1
19640006725000,3381,1649,1732,119011.2
19640006726000,1251,611,640,43910.1
19640006727000,1311,681,630,50211.3
19640006728000,1379,689,690,51298.8
19640006729000,1821,903,918,73750.5
19640006730000,291,139,152,14433.6
19640006732000,1240,636,604,48112
19640006733000,1084,530,554,40975.2
19640006734000,1020,501,519,38352
19640006736000,8,4,4,271.2
19640006737000,247,127,120,10448.1
19640006738000,17,7,10,890.8
19640006742000,116,57,59,4616.8
19640006747000,235,118,117,9188.5
19640006748000,927,479,448,29293.2
19640006749000,307,162,145,9302.1
19640006750000,59,35,24,2389.5
19640006751000,15,10,5,538.5
19640006752000,443,225,218,12271.1
19640006753000,179,91,88,5316.3
19640006754000,3,1,2,0
19640006755000,41,21,20,1459.6
19640006756000,34,16,18,1468.8
19640006757000,63,31,32,2255.4
19640006758000,111,61,50,4295.7
19640006759000,16,10,6,785.6
19640006760000,65,30,35,2639
19640006761000,20,13,7,1028
19640006762000,20,12,8,786
19640006763000,14,8,6,635.6
19640006764000,66,37,29,2620.2
19640006765000,34,20,14,1618.4
19640006766000,4,2,2,0
19640006769000,26,17,9,1008.8
19640006770000,18,10,8,682.2
19640006772000,29,16,13,1325.3
19640006773000,370,202,168,13468
19640006774000,859,431,428,30580.4
19640006775000,11,6,5,302.5
19640006777000,12,7,5,427.2
19640006785000,13,8,5,474.5
19640006786000,19,12,7,501.6
19640006787000,20,9,11,772
19640006788000,50,27,23,1635
19640006789000,29,10,19,1032.4
19640006790000,2,1,1,0
19640006791000,5,3,2,348
19640006800000,1,1,0,0
19640006801000,155,73,82,7378
19640006806000,9,4,5,333
19640006809000,1,1,0,0
19640006831000,3,1,2,0
19640006832000,16,10,6,870.4
19640006839000,26,13,13,1058.2
19640006840000,4,1,3,0
19640006888000,3,2,1,0
19650006519000,11,5,6,441.1
19650006520000,15,10,5,594
19650006521000,335,175,160,13065
19650006522000,19,10,9,801.8
19650006523000,366,170,196,13981.2
19650006524000,6,2,4,223.8
19650006527000,3,1,2,0
19650006528000,10,5,5,473
19650006529000,5,4,1,129
19650006530000,8,4,4,311.2
19650006535000,5,2,3,117
19650006536000,4,3,1,0
19650006539000,11,3,8,343.2
19650006541000,337,193,144,11862.4
19650006542000,99,49,50,3653.1
19650006543000,8,5,3,310.4
19650006544000,45,27,18,1804.5
19650006545000,21,12,9,861
19650006546000,26,14,12,1037.4
19650006547000,548,277,271,19782.8
19650006548000,422,202,220,11351.8
19650006551000,830,421,409,27556
19650006552000,410,217,193,13653
19650006553000,387,220,167,14435.1
19650006554000,53,23,30,1929.2
19650006555000,29,15,14,1128.1
19650006556000,205,107,98,6580.5
19650006557000,2059,1066,993,75977.1
19650006558000,2868,1395,1473,108984
19650006559000,2051,1050,1001,73836
19650006560000,3165,1603,1562,118687.5
19650006561000,2285,1141,1144,80203.5
19650006562000,1772,884,888,58121.6
19650006563000,39,21,18,1852.5
19650006564000,75,34,41,3217.5
19650006565000,260,137,123,8398
19650006566000,746,402,344,27303.6
19650006567000,98,56,42,4370.8
19650006568000,74,40,34,3574.2
19650006569000,913,464,449,31133.3
19650006570000,1507,773,734,58019.5
19650006571000,4435,2055,2380,181835
19650006572000,3220,1571,1649,127512
19650006573000,2021,979,1042,82254.7
19650006574000,397,190,207,17428.3
19650006575000,2533,1224,1309,92201.2
19650006576000,4067,2044,2023,146005.3
19650006577000,505,256,249,20250.5
19650006581000,36,19,17,1688.4
19650006582000,115,63,52,4347
19650006583000,92,38,54,3468.4
19650006585000,18,9,9,914.4
19650006586000,52,28,24,2215.2
19650006587000,19,12,7,799.9
19650006589000,5,2,3,122
19650006590000,5,3,2,261
19650006591000,49,23,26,2165.8
19650006592000,3,1,2,0
19650006613000,42,24,18,2121
19650006614000,44,23,21,1452
19650006624000,4,3,1,0
19650006625000,2,1,1,0
19650006626000,54,29,25,2370.6
19650006627000,23,14,9,1002.8
19650006628000,4,2,2,0
19650006631000,40,20,20,1400
19650006632000,38,17,21,1474.4
19650006633000,19,12,7,845.5
19650006634000,14,7,7,628.6
19650006635000,12,4,8,447.6
19650006637000,9,5,4,261
19650006640000,3,1,2,0
19650006641000,1,1,0,0
19650006642000,6,3,3,268.8
19650006643000,4,3,1,0
19650006644000,13,7,6,523.9
19650006654000,10,5,5,247
19650006655000,36,17,19,1476
19650006656000,98,55,43,4361
19650006657000,12,6,6,618
19650006662000,860,447,413,28466
19650006663000,815,412,403,30399.5
19650006665000,11,4,7,532.4
19650006666000,49,22,27,1901.2
19650006667000,6,4,2,210
19650006684000,20,11,9,996
19650006687000,5,2,3,366
19650006689000,6,4,2,303
19650006690000,3,2,1,0
19650006692000,16,9,7,1004.8
19650006693000,12,8,4,548.4
19650006697000,2,1,1,0
19650006705000,192,103,89,5779.2
19650006706000,35,20,15,805
19650006708000,16,9,7,809.6
19650006709000,187,101,86,6601.1
19650006710000,19,10,9,963.3
19650006711000,20,10,10,846
19650006718000,128,67,61,5491.2
19650006719000,26,13,13,1232.4
19650006720000,174,85,89,8265
19650006721000,6,3,3,250.8
19650006722000,945,458,487,30429
19650006723000,1201,606,595,39753.1
19650006724000,3632,1706,1926,143100.8
19650006725000,862,436,426,30687.2
19650006726000,81,38,43,3231.9
19650006727000,2753,1336,1417,110395.3
19650006728000,3237,1578,1659,130451.1
19650006729000,3910,1783,2127,175559
19650006730000,3290,1578,1712,138180
19650006731000,880,409,471,38808
19650006733000,936,484,452,37252.8
19650006734000,2321,1180,1141,88430.1
19650006743000,25,13,12,1095
19650006744000,663,323,340,28177.5
19650006745000,43,25,18,1646.9
19650006747000,89,47,42,2883.6
19650006748000,1206,615,591,49204.8
19650006749000,350,169,181,14840
19650006750000,119,63,56,4367.3
19650006751000,129,62,67,5082.6
19650006752000,24,13,11,866.4
19650006753000,9,4,5,255.6
19650006754000,677,328,349,22747.2
19650006755000,448,240,208,15859.2
19650006756000,59,31,28,2094.5
19650006757000,148,76,72,5668.4
19650006758000,70,37,33,2744
19650006759000,69,35,34,2608.2
19650006760000,44,21,23,1971.2
19650006761000,21,11,10,772.8
19650006762000,36,20,16,1285.2
19650006763000,28,15,13,1246
19650006764000,1,1,0,0
19650006767000,15,9,6,651
19650006770000,8,2,6,324
19650006772000,35,20,15,1648.5
19650006773000,36,18,18,1782
19650006774000,197,92,105,9377.2
19650006775000,9,6,3,402.3
19650006777000,2,1,1,0
19650006785000,24,13,11,964.8
19650006789000,8,5,3,406.4
19650006790000,2,1,1,0
19650006791000,6,3,3,436.8
19650006800000,10,4,6,371
19650006801000,39,21,18,1513.2
19650006802000,22,9,13,816.2
19650006809000,1,1,0,0
19650006810000,1,0,1,0
19650006828000,4,3,1,0
19650006829000,4,2,2,0
19650006830000,1,1,0,0
19650006831000,7,3,4,266
19650006832000,11,6,5,445.5
19650006833000,15,8,7,787.5
19650006835000,15,9,6,648
19650006839000,14,8,6,680.4
19650006840000,6,2,4,231
19650006844000,11,7,4,456.5
19650006845000,17,10,7,375.7
19650006861000,3,1,2,0
19650006862000,18,13,5,869.4
19650006878000,10,6,4,651
19650006882000,1,0,1,0
19650006883000,4,2,2,0
19650006889000,5,2,3,220
19660006519000,33,17,16,1659.9
19660006521000,7,4,3,212.8
19660006522000,12,5,7,524.4
19660006523000,44,22,22,1584
19660006525000,1,1,0,0
19660006527000,22,12,10,1038.4
19660006529000,6,1,5,139.8
19660006530000,24,16,8,736.8
19660006536000,2,0,2,0
19660006537000,5,4,1,267
19660006539000,21,12,9,1058.4
19660006540000,6,3,3,313.8
19660006541000,160,76,84,5568
19660006542000,47,26,21,2251.3
19660006543000,16,8,8,636.8
19660006545000,8,5,3,304.8
19660006546000,6,3,3,135
19660006547000,1,0,1,0
19660006548000,4,1,3,0
19660006550000,3,2,1,0
19660006551000,8,3,5,264.8
19660006552000,9,4,5,453.6
19660006553000,16,9,7,646.4
19660006554000,11,7,4,499.4
19660006555000,19,14,5,541.5
19660006556000,2365,1204,1161,63618.5
19660006557000,1250,657,593,38125
19660006558000,1368,703,665,44323.2
19660006559000,1915,956,959,77940.5
19660006560000,3260,1640,1620,145396
19660006561000,3535,1778,1757,134683.5
19660006562000,2791,1432,1359,105499.8
19660006563000,2439,1268,1171,92925.9
19660006564000,1287,684,603,45302.4
19660006565000,2295,1168,1127,88128
19660006566000,3144,1556,1588,108153.6
19660006567000,1122,582,540,35904
19660006568000,2755,1366,1389,106618.5
19660006569000,225,105,120,8257.5
19660006570000,291,134,157,10999.8
19660006571000,3486,1745,1741,131770.8
19660006572000,1191,600,591,50022
19660006573000,3659,1770,1889,153312.1
19660006574000,3479,1692,1787,134985.2
19660006575000,3031,1531,1500,116087.3
19660006576000,1490,719,771,59302
19660006581000,37,22,15,1587.3
19660006582000,170,84,86,6426
19660006583000,25,11,14,1205
19660006584000,61,29,32,2598.6
19660006585000,22,11,11,792
19660006586000,54,29,25,1701
19660006587000,24,12,12,760.8
19660006588000,17,9,8,926.5
19660006591000,8,3,5,360
19660006613000,14,7,7,809.2
19660006614000,13,7,6,522.6
19660006615000,10,4,6,461
19660006617000,4,2,2,0
19660006618000,4,2,2,0
19660006624000,1,0,1,0
19660006626000,2,1,1,0
19660006628000,16,10,6,433.6
19660006629000,24,16,8,849.6
19660006631000,3,1,2,0
19660006632000,40,20,20,1464
19660006633000,20,8,12,660
19660006634000,4,3,1,0
19660006635000,16,10,6,676.8
19660006636000,12,6,6,508.8
19660006637000,51,25,26,1871.7
19660006638000,10,3,7,401
19660006642000,11,5,6,544.5
19660006643000,11,7,4,493.9
19660006644000,4,2,2,0
19660006647000,1,1,0,0
19660006648000,4,3,1,0
19660006650000,1,1,0,0
19660006657000,9,6,3,500.4
19660006662000,75,39,36,3562.5
19660006663000,608,307,301,22374.4
19660006664000,222,111,111,8746.8
19660006665000,91,53,38,3767.4
19660006666000,18,9,9,849.6
19660006667000,9,4,5,315
19660006668000,15,9,6,583.5
19660006683000,1,0,1,0
19660006684000,8,5,3,292.8
19660006686000,8,6,2,434.4
19660006687000,41,18,23,1771.2
19660006692000,12,7,5,616.8
19660006693000,3,2,1,0
19660006698000,1,0,1,0
19660006705000,130,64,66,4979
19660006706000,492,254,238,17859.6
19660006707000,28,17,11,1369.2
19660006708000,100,51,49,3820
19660006710000,83,42,41,3344.9
19660006711000,72,43,29,2872.8
19660006712000,142,69,73,5325
19660006713000,64,36,28,2694.4
19660006715000,14,11,3,747.6
19660006716000,13,9,4,829.4
19660006718000,120,63,57,5568
19660006719000,1095,561,534,45880.5
19660006720000,256,123,133,12416
19660006721000,27,17,10,1096.2
19660006722000,708,343,365,23930.4
19660006723000,1875,926,949,74062.5
19660006724000,2207,1076,1131,85631.6
19660006725000,568,285,283,22322.4
19660006727000,1620,817,803,60588
19660006728000,1423,676,747,55354.7
19660006729000,859,397,462,39514
19660006730000,2217,1083,1134,105085.8
19660006731000,701,343,358,27619.4
19660006732000,2437,1251,1186,95530.4
19660006733000,3606,1944,1662,134143.2
19660006734000,342,204,138,12209.4
19660006737000,9,3,6,473.4
19660006738000,741,366,375,30381
19660006739000,1818,832,986,88354.8
19660006740000,960,490,470,36576
19660006741000,465,230,235,18972
19660006742000,1294,645,649,51889.4
19660006743000,1341,646,695,56590.2
19660006744000,1980,968,1012,73854
19660006745000,1583,786,797,69652
19660006746000,320,161,159,12128
19660006747000,483,252,231,17532.9
19660006749000,17,9,8,690.2
19660006750000,237,118,119,9243
19660006751000,16,9,7,902.4
19660006753000,1071,528,543,39948.3
19660006754000,166,83,83,6457.4
19660006755000,207,114,93,6913.8
19660006756000,118,65,53,5215.6
19660006757000,9,6,3,281.7
19660006761000,67,34,33,2170.8
19660006762000,6,4,2,357
19660006765000,3,2,1,0
19660006766000,16,9,7,617.6
19660006767000,200,101,99,5740
19660006768000,17,11,6,688.5
19660006769000,1,1,0,0
19660006770000,28,17,11,1047.2
19660006772000,49,28,21,2391.2
19660006774000,18,9,9,712.8
19660006775000,51,22,29,2366.4
19660006776000,6,4,2,298.8
19660006785000,83,38,45,3353.2
19660006786000,10,5,5,400
19660006792000,19,12,7,594.7
19660006793000,7,5,2,307.3
19660006795000,53,26,27,2109.4
19660006798000,7,5,2,389.9
19660006799000,4,3,1,0
19660006800000,2,1,1,0
19660006809000,3,2,1,0
19660006828000,6,3,3,181.8
19660006830000,1,1,0,0
19660006831000,6,2,4,262.2
19660006832000,9,5,4,660.6
19660006833000,21,8,13,718.2
19660006834000,19,9,10,763.8
19660006835000,20,12,8,950
19660006839000,12,7,5,433.2
19660006840000,41,17,24,2050
19660006844000,14,7,7,869.4
19660006845000,21,9,12,749.7
19660006850000,2,1,1,0
19660006859000,1,1,0,0
19660006860000,14,7,7,744.8
19660006868000,11,5,6,463.1
19660006870000,2,1,1,0
19660006878000,16,9,7,760
19660006881000,4,2,2,0
19660006888000,11,4,7,487.3
19660006889000,119,63,56,4843.3
19660006890000,10,5,5,259
19660006894000,1,1,0,0
19670006518000,21,10,11,665.7
19670006519000,1,1,0,0
19670006523000,3,2,1,0
19670006529000,2,1,1,0
19670006530000,12,6,6,512.4
19670006531000,4,2,2,0
19670006536000,8,4,4,422.4
19670006537000,10,5,5,461
19670006539000,7,3,4,226.8
19670006540000,11,7,4,634.7
19670006541000,7,3,4,249.9
19670006542000,40,21,19,1188
19670006543000,34,14,20,1234.2
19670006545000,5,2,3,238
19670006548000,6,3,3,379.2
19670006550000,11,8,3,405.9
19670006551000,12,7,5,390
19670006553000,1,1,0,0
19670006555000,20,14,6,708
19670006556000,2017,1019,998,57282.8
19670006557000,1673,872,801,51863
19670006558000,90,47,43,3087
19670006559000,2038,1019,1019,73164.2
19670006560000,3009,1530,1479,129988.8
19670006561000,1709,875,834,72803.4
19670006562000,887,473,414,32907.7
19670006563000,1560,808,752,57876
19670006564000,876,444,432,31273.2
19670006565000,1566,778,788,55123.2
19670006566000,1759,876,883,65434.8
19670006567000,1726,873,853,73009.8
19670006568000,1817,921,896,66138.8
19670006569000,3376,1676,1700,128288
19670006570000,1649,813,836,63486.5
19670006571000,4238,2025,2213,149177.6
19670006572000,3232,1654,1578,113443.2
19670006573000,4570,2272,2298,180972
19670006574000,3928,2019,1909,148478.4
19670006575000,461,255,206,19546.4
19670006576000,480,253,227,18816
19670006577000,1111,517,594,40662.6
19670006580000,1,1,0,0
19670006581000,109,56,53,3738.7
19670006582000,3,2,1,0
19670006583000,257,132,125,6861.9
19670006584000,277,154,123,10747.6
19670006585000,20,8,12,716
19670006587000,12,5,7,374.4
19670006588000,110,47,63,5720
19670006589000,22,12,10,1080.2
19670006590000,8,4,4,512.8
19670006591000,12,7,5,236.4
19670006614000,5,2,3,115
19670006615000,3,1,2,0
19670006616000,12,5,7,451.2
19670006617000,20,10,10,542
19670006618000,4,1,3,0
19670006619000,25,14,11,1252.5
19670006620000,10,5,5,422
19670006622000,11,6,5,259.6
19670006624000,10,5,5,318
19670006625000,23,12,11,963.7
19670006626000,1,0,1,0
19670006629000,33,19,14,1191.3
19670006630000,7,3,4,436.1
19670006633000,240,114,126,9696
19670006634000,123,63,60,4747.8
19670006635000,34,21,13,1414.4
19670006638000,16,9,7,836.8
19670006639000,29,17,12,1319.5
19670006652000,1,1,0,0
19670006657000,61,29,32,2806
19670006658000,70,38,32,3374
19670006663000,355,195,160,13596.5
19670006664000,1427,755,672,58221.6
19670006665000,1820,849,971,81172
19670006666000,127,66,61,4610.1
19670006667000,48,27,21,1737.6
19670006669000,30,15,15,1314
19670006682000,33,17,16,1230.9
19670006686000,1,1,0,0
19670006687000,5,2,3,139
19670006688000,14,4,10,624.4
19670006692000,13,8,5,808.6
19670006694000,11,8,3,473
19670006695000,6,2,4,300
19670006696000,2,2,0,0
19670006697000,5,3,2,297
19670006698000,1,1,0,0
19670006705000,5,3,2,144
19670006706000,72,37,35,2721.6
19670006707000,144,71,73,5846.4
19670006709000,101,60,41,4040
19670006710000,132,69,63,5332.8
19670006712000,83,46,37,2680.9
19670006713000,81,41,40,3037.5
19670006714000,1,1,0,0
19670006715000,185,90,95,6919
19670006716000,143,76,67,6177.6
19670006718000,5,2,3,209
19670006719000,350,166,184,13370
19670006720000,1241,634,607,43310.9
19670006721000,405,219,186,14985
19670006722000,488,245,243,17275.2
19670006723000,1928,953,975,70372
19670006724000,2521,1217,1304,105125.7
19670006725000,2337,1151,1186,86469
19670006726000,1666,813,853,68306
19670006727000,344,191,153,14620
19670006728000,347,194,153,13116.6
19670006729000,632,327,305,22056.8
19670006730000,197,83,114,10362.2
19670006732000,2507,1383,1124,93511.1
19670006733000,5929,3239,2690,206922.1
19670006734000,6731,3512,3219,245681.5
19670006735000,1462,785,677,58918.6
19670006737000,2493,1317,1176,95232.6
19670006738000,2117,1038,1079,85103.4
19670006739000,1255,621,634,47564.5
19670006740000,768,385,383,31180.8
19670006741000,1583,822,761,63161.7
19670006742000,2602,1283,1319,104860.6
19670006743000,521,254,267,20214.8
19670006744000,71,36,35,3180.8
19670006745000,57,30,27,2399.7
19670006747000,169,88,81,6472.7
19670006748000,286,147,139,11926.2
19670006750000,243,114,129,9282.6
19670006751000,105,55,50,4420.5
19670006752000,344,165,179,12900
19670006753000,314,158,156,11115.6
19670006754000,2,1,1,0
19670006755000,46,20,26,1430.6
19670006758000,9,3,6,308.7
19670006759000,22,10,12,1100
19670006760000,24,13,11,873.6
19670006761000,21,10,11,1018.5
19670006762000,46,26,20,2074.6
19670006763000,21,12,9,632.1
19670006765000,2,1,1,0
19670006766000,29,19,10,1215.1
19670006767000,35,16,19,1480.5
19670006768000,19,10,9,763.8
19670006769000,54,27,27,2165.4
19670006770000,35,20,15,1449
19670006771000,29,21,8,1070.1
19670006772000,7,5,2,455.7
19670006781000,2,1,1,0
19670006785000,9,4,5,639
19670006787000,12,7,5,604.8
19670006795000,42,23,19,1680
19670006796000,15,7,8,751.5
19670006797000,3,1,2,0
19670006798000,3,1,2,0
19670006817000,3,1,2,0
19670006830000,3,2,1,0
19670006832000,38,20,18,1846.8
19670006834000,16,7,9,696
19670006835000,37,18,19,1742.7
19670006836000,5,3,2,175
19670006839000,40,24,16,1044
19670006840000,66,37,29,3016.2
19670006841000,21,8,13,886.2
19670006842000,27,12,15,1252.8
19670006845000,1,1,0,0
19670006850000,5,3,2,179
19670006859000,33,18,15,1405.8
19670006860000,7,5,2,357
19670006861000,4,2,2,0
19670006862000,2,1,1,0
19670006889000,227,120,107,9692.9
19670006890000,24,11,13,1070.4
19680006517000,67,33,34,2338.3
19680006518000,99,53,46,4197.6
19680006530000,13,5,8,387.4
19680006531000,8,2,6,299.2
19680006532000,8,4,4,183.2
19680006533000,2,1,1,0
19680006535000,11,6,5,369.6
19680006539000,8,3,5,263.2
19680006540000,15,9,6,754.5
19680006545000,14,6,8,848.4
19680006546000,18,8,10,990
19680006549000,9,4,5,347.4
19680006550000,3,2,1,0
19680006551000,13,8,5,504.4
19680006552000,21,10,11,896.7
19680006553000,16,7,9,598.4
19680006554000,40,22,18,2096
19680006555000,132,59,73,5478
19680006556000,44,21,23,1443.2
19680006557000,12,7,5,338.4
19680006558000,1253,632,621,38216.5
19680006559000,1418,697,721,56294.6
19680006560000,1510,780,730,54360
19680006561000,1509,752,757,65188.8
19680006562000,1072,530,542,44702.4
19680006563000,24,16,8,1171.2
19680006564000,7,3,4,412.3
19680006565000,3,2,1,0
19680006567000,2,1,1,0
19680006568000,304,157,147,12555.2
19680006569000,2645,1262,1383,117702.5
19680006570000,2851,1423,1428,109763.5
19680006571000,1810,883,927,72762
19680006572000,4031,2030,2001,143906.7
19680006573000,4906,2577,2329,180540.8
19680006574000,383,217,166,15396.6
19680006575000,1433,749,684,51588
19680006576000,2261,1128,1133,86144.1
19680006577000,2478,1260,1218,93668.4
19680006578000,9,5,4,367.2
19680006584000,55,27,28,1974.5
19680006587000,66,28,38,2745.6
19680006588000,810,403,407,25920
19680006589000,129,68,61,4476.3
19680006590000,37,17,20,1509.6
19680006607000,12,5,7,603.6
19680006608000,3,2,1,0
19680006609000,5,3,2,390
19680006610000,8,4,4,247.2
19680006611000,12,7,5,494.4
19680006616000,9,4,5,464.4
19680006620000,14,7,7,798
19680006622000,3,2,1,0
19680006623000,4,2,2,0
19680006624000,22,11,11,741.4
19680006625000,100,52,48,4100
19680006626000,44,25,19,1408
19680006627000,5,2,3,211
19680006633000,198,108,90,7068.6
19680006634000,316,155,161,11028.4
19680006641000,2,1,1,0
19680006642000,12,7,5,577.2
19680006643000,8,5,3,376
19680006644000,3,2,1,0
19680006646000,1,0,1,0
19680006648000,6,3,3,325.2
19680006654000,3,1,2,0
19680006657000,6,3,3,195
19680006664000,564,282,282,24364.8
19680006665000,443,211,232,21574.1
19680006666000,1240,618,622,49848
19680006667000,381,184,197,12344.4
19680006668000,11,6,5,533.5
19680006669000,35,14,21,1382.5
19680006670000,34,19,15,1322.6
19680006681000,18,9,9,838.8
19680006682000,2,1,1,0
19680006683000,5,3,2,154
19680006686000,2,2,0,0
19680006688000,14,7,7,624.4
19680006692000,3,2,1,0
19680006693000,9,5,4,387.9
19680006694000,4,2,2,0
19680006695000,1,0,1,0
19680006696000,3,2,1,0
19680006697000,3,1,2,0
19680006698000,1,1,0,0
19680006706000,2,1,1,0
19680006707000,56,28,28,2777.6
19680006708000,102,55,47,3243.6
19680006709000,354,194,160,12991.8
19680006710000,335,175,160,11993
19680006713000,305,149,156,11895
19680006714000,614,312,302,22533.8
19680006715000,308,158,150,11180.4
19680006716000,7,5,2,301.7
19680006717000,2,1,1,0
19680006718000,3,3,0,0
19680006719000,1,1,0,0
19680006720000,117,59,58,4691.7
19680006721000,6,3,3,322.8
19680006722000,45,25,20,1975.5
19680006723000,244,127,117,9369.6
19680006724000,1901,967,934,71477.6
19680006725000,2054,999,1055,83392.4
19680006726000,1697,805,892,70934.6
19680006727000,1369,700,669,52843.4
19680006728000,2458,1198,1260,93649.8
19680006729000,1762,873,889,68541.8
19680006730000,2984,1619,1365,108916
19680006731000,3471,1920,1551,116972.7
19680006732000,6154,3284,2870,217236.2
19680006733000,3173,1682,1491,112324.2
19680006734000,4488,2450,2038,175032
19680006735000,7302,3711,3591,278206.2
19680006736000,2167,1036,1131,96648.2
19680006737000,118,61,57,4189
19680006738000,68,32,36,2216.8
19680006739000,507,274,233,19367.4
19680006740000,719,365,354,34008.7
19680006741000,1087,552,535,41958.2
19680006742000,2531,1160,1371,118450.8
19680006743000,500,251,249,18450
19680006745000,12,5,7,319.2
19680006746000,5,3,2,261
19680006747000,138,71,67,4236.6
19680006748000,899,465,434,32993.3
19680006751000,1112,518,594,52486.4
19680006752000,624,295,329,25958.4
19680006753000,5,2,3,153
19680006754000,13,7,6,470.6
19680006755000,10,8,2,390
19680006756000,19,10,9,986.1
19680006757000,11,5,6,346.5
19680006758000,10,4,6,548
19680006759000,206,104,102,7416
19680006760000,194,102,92,6673.6
19680006761000,62,31,31,2486.2
19680006765000,12,6,6,577.2
19680006766000,3,2,1,0
19680006767000,2,1,1,0
19680006768000,16,11,5,654.4
19680006771000,13,7,6,482.3
19680006772000,25,12,13,1040
19680006773000,79,35,44,2701.8
19680006774000,35,15,20,1393
19680006784000,11,7,4,608.3
19680006785000,15,7,8,739.5
19680006786000,4,3,1,0
19680006794000,14,8,6,877.8
19680006795000,13,8,5,657.8
19680006824000,2,2,0,0
19680006827000,3,2,1,0
19680006829000,2,1,1,0
19680006830000,6,4,2,337.8
19680006835000,5,2,3,352
19680006836000,2,1,1,0
19680006845000,9,4,5,599.4
19680006846000,4,2,2,0
19680006868000,12,8,4,333.6
19680006869000,12,5,7,337.2
19680006873000,2,1,1,0
19680006890000,74,33,41,3219
19680006891000,19,8,11,1048.8
19690006513000,82,44,38,3107.8
19690006514000,49,24,25,2126.6
19690006515000,6,3,3,286.8
19690006517000,96,48,48,2908.8
19690006518000,587,288,299,22951.7
19690006533000,10,5,5,516
19690006535000,10,5,5,491
19690006536000,1,1,0,0
19690006539000,5,4,1,70
19690006540000,2,1,1,0
19690006541000,6,2,4,349.2
19690006545000,12,5,7,381.6
19690006546000,23,10,13,754.4
19690006547000,18,9,9,718.2
19690006548000,8,2,6,351.2
19690006549000,31,16,15,1085
19690006550000,1,1,0,0
19690006551000,21,12,9,720.3
19690006552000,364,180,184,13832
19690006553000,26,14,12,1196
19690006555000,11,5,6,398.2
19690006556000,7,3,4,294.7
19690006557000,13,8,5,456.3
19690006559000,19,10,9,832.2
19690006560000,107,58,49,3926.9
19690006561000,297,145,152,9682.2
19690006563000,420,213,207,15078
19690006565000,57,36,21,2086.2
19690006569000,6,3,3,208.8
19690006570000,19,9,10,1084.9
19690006571000,347,156,191,15510.9
19690006572000,4800,2427,2373,172800
19690006573000,4379,2370,2009,154578.7
19690006574000,390,210,180,17745
19690006575000,918,465,453,32864.4
19690006576000,2243,1112,1131,82766.7
19690006577000,534,253,281,19597.8
19690006581000,5,2,3,226
19690006582000,14,9,5,558.6
19690006586000,28,15,13,1209.6
19690006587000,13,9,4,620.1
19690006589000,13,7,6,421.2
19690006590000,93,47,46,3450.3
19690006607000,2,1,1,0
19690006609000,1,1,0,0
19690006610000,16,8,8,694.4
19690006613000,3,1,2,0
19690006618000,6,4,2,271.2
19690006622000,8,5,3,419.2
19690006623000,17,11,6,647.7
19690006624000,215,116,99,7525
19690006625000,113,55,58,4633
19690006626000,16,8,8,579.2
19690006627000,8,5,3,326.4
19690006628000,2,1,1,0
19690006629000,2,0,2,0
19690006633000,3,2,1,0
19690006634000,72,39,33,2779.2
19690006638000,4,3,1,0
19690006642000,4,1,3,0
19690006643000,93,44,49,3599.1
19690006644000,172,82,90,6604.8
19690006645000,24,12,12,1178.4
19690006646000,5,3,2,345
19690006648000,4,1,3,0
19690006649000,1,1,0,0
19690006650000,8,4,4,372
19690006665000,178,94,84,7084.4
19690006666000,980,485,495,38808
19690006667000,1259,644,615,49856.4
19690006668000,862,426,436,32756
19690006669000,124,67,57,4228.4
19690006670000,50,26,24,2620
19690006671000,32,19,13,1043.2
19690006673000,11,7,4,454.3
19690006679000,9,5,4,533.7
19690006680000,12,6,6,445.2
19690006683000,33,17,16,1653.3
19690006684000,13,7,6,634.4
19690006686000,26,12,14,1006.2
19690006688000,11,6,5,556.6
19690006705000,242,121,121,7308.4
19690006706000,221,101,120,8751.6
19690006707000,125,66,59,4500
19690006708000,422,222,200,13926
19690006709000,1152,574,578,35596.8
19690006710000,120,56,64,4500
19690006713000,54,28,26,2149.2
19690006714000,10,3,7,462
19690006715000,15,10,5,727.5
19690006719000,7,2,5,245
19690006720000,52,26,26,1970.8
19690006721000,60,31,29,2976
19690006722000,1683,861,822,57726.9
19690006723000,920,469,451,32384
19690006724000,1878,933,945,68547
19690006725000,1782,887,895,75556.8
19690006726000,1817,919,898,72134.9
19690006727000,1470,745,725,50421
19690006728000,3240,1586,1654,124416
19690006729000,4244,1938,2306,176550.4
19690006730000,6929,3283,3646,252908.5
19690006731000,4561,2291,2270,163283.8
19690006732000,2957,1451,1506,110591.8
19690006733000,2836,1399,1437,116559.6
19690006734000,3,2,1,0
19690006738000,7,3,4,319.2
19690006739000,204,110,94,7588.8
19690006740000,284,142,142,9031.2
19690006741000,1821,887,934,77028.3
19690006742000,2160,1040,1120,99792
19690006743000,740,346,394,34262
19690006744000,60,24,36,2310
19690006747000,7,5,2,392
19690006748000,931,486,445,29698.9
19690006749000,3,2,1,0
19690006751000,724,368,356,29756.4
19690006752000,151,71,80,7942.6
19690006754000,8,2,6,442.4
19690006755000,4,3,1,0
19690006756000,23,10,13,963.7
19690006757000,51,27,24,2091
19690006758000,97,51,46,3715.1
19690006759000,35,16,19,1568
19690006760000,20,10,10,864
19690006762000,2,0,2,0
19690006763000,12,8,4,517.2
19690006764000,10,5,5,515
19690006765000,30,15,15,1407
19690006767000,7,3,4,219.8
19690006768000,33,14,19,1428.9
19690006770000,25,12,13,587.5
19690006772000,17,10,7,622.2
19690006773000,26,14,12,910
19690006785000,23,9,14,920
19690006786000,18,12,6,678.6
19690006787000,36,18,18,1893.6
19690006788000,8,5,3,388
19690006795000,3,2,1,0
19690006796000,8,6,2,487.2
19690006810000,13,6,7,518.7
19690006828000,14,7,7,918.4
19690006829000,5,3,2,155
19690006830000,2,1,1,0
19690006835000,5,3,2,179
19690006836000,10,5,5,405
19690006841000,113,52,61,4972
19690006842000,135,67,68,5467.5
19690006845000,3,2,1,0
19690006846000,11,5,6,434.5
19690006849000,4,2,2,0
19690006873000,8,4,4,304.8
19690006889000,2,1,1,0
19690006890000,24,13,11,1092
19690006893000,6,4,2,427.8
19690006894000,20,11,9,558
19690006897000,9,4,5,552.6
19690006898000,1,1,0,0
19700006513000,69,37,32,2553
19700006514000,8,3,5,375.2
19700006515000,53,31,22,2077.6
19700006518000,33,18,15,1412.4
19700006519000,18,9,9,914.4
19700006531000,1,0,1,0
19700006539000,5,3,2,202
19700006540000,4,2,2,0
19700006547000,7,4,3,247.8
19700006548000,17,10,7,705.5
19700006549000,37,17,20,1013.8
19700006550000,835,439,396,25133.5
19700006551000,1721,865,856,56448.8
19700006552000,939,508,431,32958.9
19700006553000,22,11,11,820.6
19700006555000,10,8,2,253
19700006556000,23,11,12,805
19700006557000,369,193,176,11402.1
19700006558000,57,33,24,1647.3
19700006559000,34,21,13,1543.6
19700006561000,584,306,278,22425.6
19700006563000,17,10,7,714
19700006565000,7,5,2,282.8
19700006572000,16,9,7,974.4
19700006573000,426,196,230,17679
19700006575000,637,320,317,24524.5
19700006576000,402,202,200,16160.4
19700006577000,20,8,12,1056
19700006581000,228,119,109,8960.4
19700006582000,2,1,1,0
19700006587000,16,10,6,617.6
19700006588000,4,3,1,0
19700006590000,3,2,1,0
19700006610000,14,8,6,498.4
19700006611000,14,8,6,487.2
19700006613000,3,1,2,0
19700006614000,50,31,19,1310
19700006616000,7,3,4,382.9
19700006617000,5,2,3,237
19700006618000,1,1,0,0
19700006620000,7,3,4,279.3
19700006622000,22,14,8,882.2
19700006624000,8,6,2,235.2
19700006625000,12,7,5,507.6
19700006630000,5,3,2,174
19700006631000,13,10,3,544.7
19700006632000,9,3,6,344.7
19700006633000,12,6,6,349.2
19700006634000,12,6,6,558
19700006635000,5,2,3,234
19700006643000,35,19,16,1382.5
19700006644000,32,18,14,1372.8
19700006647000,23,13,10,903.9
19700006648000,6,3,3,274.8
19700006649000,3,1,2,0
19700006650000,17,9,8,533.8
19700006652000,9,4,5,494.1
19700006667000,32,13,19,1180.8
19700006668000,153,76,77,6395.4
19700006670000,7,2,5,228.9
19700006671000,54,23,31,2327.4
19700006672000,59,32,27,2289.2
19700006673000,23,12,11,885.5
19700006674000,14,8,6,596.4
19700006675000,3,2,1,0
19700006676000,1,1,0,0
19700006677000,19,10,9,720.1
19700006678000,3,1,2,0
19700006679000,3,2,1,0
19700006684000,7,4,3,294.7
19700006685000,2,1,1,0
19700006686000,23,10,13,1062.6
19700006687000,7,4,3,485.8
19700006688000,38,22,16,1953.2
19700006689000,99,45,54,3504.6
19700006691000,12,6,6,704.4
19700006692000,2,1,1,0
19700006693000,1,0,1,0
19700006694000,1,0,1,0
19700006705000,615,325,290,19126.5
19700006706000,538,284,254,18130.6
19700006707000,521,250,271,19850.1
19700006708000,308,150,158,11426.8
19700006709000,10,7,3,315
19700006713000,4,1,3,0
19700006715000,40,22,18,1204
19700006719000,35,19,16,1851.5
19700006720000,8,4,4,320.8
19700006721000,119,62,57,5390.7
19700006722000,222,108,114,12076.8
19700006723000,9,4,5,330.3
19700006724000,265,138,127,11236
19700006725000,67,39,28,3095.4
19700006726000,85,40,45,3255.5
19700006727000,774,370,404,26780.4
19700006728000,2575,1309,1266,78280
19700006729000,507,256,251,20381.4
19700006730000,1824,828,996,76790.4
19700006731000,1650,794,856,58575
19700006732000,372,175,197,12908.4
19700006733000,59,22,37,1728.7
19700006737000,22,11,11,851.4
19700006738000,86,44,42,3053
19700006739000,27,16,11,974.7
19700006741000,1116,539,577,41403.6
19700006742000,1968,928,1040,87772.8
19700006743000,901,462,439,34778.6
19700006744000,58,31,27,2441.8
19700006745000,23,12,11,871.7
19700006746000,14,7,7,372.4
19700006747000,327,177,150,10987.2
19700006748000,128,64,64,5171.2
19700006752000,49,23,26,2077.6
19700006753000,14,7,7,677.6
19700006758000,5,3,2,255
19700006759000,12,5,7,428.4
19700006760000,1,1,0,0
19700006761000,11,5,6,350.9
19700006763000,9,4,5,428.4
19700006765000,4,3,1,0
19700006768000,21,11,10,980.7
19700006769000,32,20,12,1216
19700006770000,32,18,14,1542.4
19700006771000,21,10,11,993.3
19700006772000,32,16,16,1548.8
19700006782000,19,10,9,896.8
19700006783000,34,20,14,717.4
19700006787000,3,1,2,0
19700006789000,32,19,13,1494.4
19700006790000,15,9,6,648
19700006800000,19,11,8,1020.3
19700006802000,35,19,16,1134
19700006803000,2,1,1,0
19700006810000,1,1,0,0
19700006811000,4,2,2,0
19700006827000,3,2,1,0
19700006828000,1,0,1,0
19700006829000,6,3,3,264
19700006830000,1,1,0,0
19700006831000,9,4,5,501.3
19700006832000,2,1,1,0
19700006835000,6,4,2,406.2
19700006836000,12,6,6,627.6
19700006839000,11,5,6,786.5
19700006840000,17,9,8,688.5
19700006841000,117,65,52,5768.1
19700006842000,340,154,186,15606
19700006847000,5,2,3,267
19700006849000,5,2,3,241
19700006868000,51,25,26,1575.9
19700006869000,388,191,197,15403.6
19700006870000,53,28,25,1653.6
19700006878000,2,1,1,0
19700006889000,6,4,2,327
19700006891000,2,1,1,0
19700006893000,5,2,3,367
19700006897000,58,30,28,2824.6
19710006515000,98,49,49,4086.6
19710006516000,45,23,22,1620
19710006517000,1,1,0,0
19710006519000,14,8,6,597.8
19710006520000,15,6,9,544.5
19710006521000,13,7,6,465.4
19710006524000,2,1,1,0
19710006532000,1,0,1,0
19710006533000,5,3,2,277
19710006536000,6,3,3,438
19710006540000,2,1,1,0
19710006541000,7,4,3,105.7
19710006549000,754,392,362,26314.6
19710006550000,2410,1225,1185,86760
19710006551000,492,238,254,17220
19710006552000,17,10,7,634.1
19710006553000,20,12,8,726
19710006554000,29,13,16,1206.4
19710006556000,45,22,23,1642.5
19710006557000,213,102,111,6858.6
19710006558000,89,51,38,2670
19710006559000,51,29,22,1708.5
19710006561000,35,20,15,1480.5
19710006562000,10,5,5,447
19710006564000,2,1,1,0
19710006567000,3,1,2,0
19710006568000,25,12,13,1272.5
19710006575000,260,132,128,9282
19710006576000,378,188,190,15687
19710006581000,30,17,13,1320
19710006584000,2,1,1,0
19710006585000,32,19,13,1430.4
19710006586000,219,110,109,8146.8
19710006587000,46,21,25,2088.4
19710006590000,4,2,2,0
19710006610000,9,4,5,324.9
19710006611000,4,2,2,0
19710006613000,9,5,4,267.3
19710006614000,19,12,7,492.1
19710006615000,1,1,0,0
19710006621000,36,16,20,1371.6
19710006622000,17,9,8,754.8
19710006632000,10,4,6,361
19710006633000,1,1,0,0
19710006634000,5,2,3,101
19710006635000,62,34,28,2039.8
19710006636000,7,3,4,217.7
19710006652000,4,2,2,0
19710006653000,22,11,11,1119.8
19710006678000,2,1,1,0
19710006679000,3,2,1,0
19710006680000,3,3,0,0
19710006682000,28,12,16,1688.4
19710006683000,28,12,16,1240.4
19710006684000,8,3,5,326.4
19710006685000,5,2,3,326
19710006686000,7,5,2,298.2
19710006687000,6,2,4,421.2
19710006688000,43,18,25,1431.9
19710006689000,101,51,50,4130.9
19710006690000,110,53,57,5731
19710006691000,4,2,2,0
19710006705000,8,6,2,376.8
19710006707000,41,21,20,1426.8
19710006708000,885,461,424,30798
19710006709000,1399,703,696,47566
19710006710000,72,36,36,3002.4
19710006711000,443,217,226,17232.7
19710006712000,690,353,337,25875
19710006713000,69,41,28,2973.9
19710006714000,12,6,6,733.2
19710006715000,57,30,27,1875.3
19710006716000,291,143,148,10417.8
19710006717000,20,11,9,1092
19710006718000,73,38,35,2795.9
19710006719000,165,83,82,6682.5
19710006720000,101,50,51,3726.9
19710006721000,62,36,26,2108
19710006723000,59,31,28,2283.3
19710006724000,38,23,15,1341.4
19710006726000,6,3,3,250.8
19710006727000,80,45,35,2904
19710006728000,683,342,341,23426.9
19710006729000,7,3,4,130.9
19710006738000,3,1,2,0
19710006740000,24,12,12,1034.4
19710006741000,2770,1355,1415,99166
19710006742000,1336,671,665,47695.2
19710006743000,242,131,111,8107
19710006744000,316,170,146,12039.6
19710006745000,87,47,40,3471.3
19710006746000,547,284,263,21059.5
19710006747000,528,276,252,17476.8
19710006749000,14,6,8,714
19710006750000,161,76,85,5908.7
19710006752000,10,7,3,470
19710006754000,4,2,2,0
19710006755000,4,3,1,0
19710006757000,6,2,4,232.8
19710006758000,1,1,0,0
19710006759000,23,11,12,722.2
19710006761000,10,4,6,367
19710006768000,30,18,12,1185
19710006770000,7,3,4,231
19710006771000,43,18,25,1780.2
19710006772000,9,5,4,612
19710006775000,7,4,3,244.3
19710006776000,3,2,1,0
19710006777000,9,5,4,137.7
19710006779000,11,7,4,466.4
19710006780000,14,7,7,652.4
19710006783000,35,15,20,1564.5
19710006784000,13,7,6,561.6
19710006789000,19,10,9,1050.7
19710006790000,4,1,3,0
19710006798000,8,3,5,444
19710006802000,3,2,1,0
19710006803000,51,21,30,2279.7
19710006808000,1,0,1,0
19710006810000,12,6,6,694.8
19710006827000,3,2,1,0
19710006829000,1,0,1,0
19710006835000,25,16,9,915
19710006836000,1,0,1,0
19710006839000,36,19,17,2170.8
19710006840000,47,24,23,1833
19710006841000,73,40,33,2679.1
19710006842000,5,1,4,227
19710006843000,1,1,0,0
19710006847000,2,1,1,0
19710006849000,1,0,1,0
19710006850000,6,2,4,283.8
19710006852000,11,4,7,434.5
19710006868000,351,188,163,12390.3
19710006869000,1141,606,535,46096.4
19710006870000,606,307,299,23331
19710006874000,6,2,4,324
19710006875000,8,5,3,302.4
19710006876000,1,1,0,0
19710006877000,2,1,1,0
19710006880000,1,0,1,0
19710006883000,6,3,3,202.2
19710006884000,8,3,5,280.8
19710006890000,6,4,2,169.8
19710006892000,1,1,0,0
19710006894000,28,12,16,949.2
19710006895000,9,5,4,397.8
19710006897000,47,23,24,2824.7
19720006511000,4,3,1,0
19720006512000,6,3,3,162
19720006515000,81,41,40,2227.5
19720006516000,78,41,37,2792.4
19720006520000,16,10,6,563.2
19720006521000,14,10,4,597.8
19720006541000,6,3,3,256.8
19720006542000,13,6,7,477.1
19720006548000,13,7,6,581.1
19720006549000,32,18,14,883.2
19720006550000,1669,808,861,59750.2
19720006551000,456,213,243,11536.8
19720006553000,16,7,9,796.8
19720006556000,5,3,2,226
19720006557000,3,1,2,0
19720006558000,32,13,19,1433.6
19720006560000,3,1,2,0
19720006561000,17,8,9,844.9
19720006562000,18,12,6,1018.8
19720006563000,7,5,2,328.3
19720006565000,28,17,11,1299.2
19720006566000,64,36,28,2054.4
19720006567000,139,76,63,5421
19720006568000,25,13,12,1080
19720006575000,5,1,4,81
19720006585000,37,20,17,1568.8
19720006586000,347,179,168,11104
19720006587000,122,70,52,4221.2
19720006588000,42,22,20,1436.4
19720006589000,40,20,20,1608
19720006611000,2,1,1,0
19720006613000,8,4,4,239.2
19720006614000,8,4,4,308.8
19720006615000,17,9,8,827.9
19720006622000,2,1,1,0
19720006630000,20,10,10,616
19720006633000,1,1,0,0
19720006635000,7,2,5,240.1
19720006636000,3,1,2,0
19720006647000,1,1,0,0
19720006652000,18,10,8,759.6
19720006653000,23,11,12,1005.1
19720006669000,18,12,6,619.2
19720006670000,12,4,8,552
19720006671000,14,8,6,792.4
19720006672000,4,2,2,0
19720006673000,15,7,8,619.5
19720006674000,7,4,3,429.1
19720006682000,3,2,1,0
19720006685000,9,5,4,477.9
19720006689000,9,5,4,264.6
19720006690000,16,7,9,612.8
19720006691000,3,1,2,0
19720006692000,9,5,4,430.2
19720006693000,21,11,10,989.1
19720006694000,32,17,15,1606.4
19720006695000,44,24,20,1887.6
19720006709000,559,266,293,29347.5
19720006710000,1396,732,664,56398.4
19720006711000,587,292,295,24888.8
19720006712000,973,475,498,39698.4
19720006713000,29,15,14,1090.4
19720006714000,291,132,159,10039.5
19720006715000,548,292,256,18358
19720006716000,749,357,392,28761.6
19720006717000,82,48,34,3009.4
19720006718000,87,45,42,3784.5
19720006719000,14,7,7,648.2
19720006720000,2,1,1,0
19720006721000,27,16,11,1144.8
19720006722000,89,48,41,3622.3
19720006723000,15,7,8,616.5
19720006724000,88,50,38,3493.6
19720006728000,150,99,51,5025
19720006729000,15,6,9,466.5
19720006739000,7,5,2,198.8
19720006740000,100,51,49,3840
19720006741000,65,36,29,3146
19720006742000,71,39,32,2477.9
19720006743000,31,17,14,1395
19720006744000,127,82,45,4914.9
19720006745000,169,121,48,6100.9
19720006746000,89,48,41,3560
19720006747000,30,16,14,921
19720006748000,25,12,13,977.5
19720006749000,14,7,7,638.4
19720006750000,41,22,19,1631.8
19720006751000,28,14,14,1170.4
19720006753000,46,23,23,1844.6
19720006754000,29,14,15,1044
19720006755000,54,26,28,2203.2
19720006756000,9,6,3,306.9
19720006757000,8,6,2,364
19720006758000,5,1,4,129
19720006759000,24,13,11,921.6
19720006760000,22,10,12,994.4
19720006761000,5,2,3,172
19720006762000,52,26,26,2329.6
19720006763000,68,34,34,2924
19720006764000,9,5,4,243.9
19720006765000,10,5,5,511
19720006766000,9,5,4,290.7
19720006767000,20,9,11,794
19720006768000,17,8,9,724.2
19720006769000,22,12,10,935
19720006770000,8,3,5,378.4
19720006771000,18,8,10,1006.2
19720006772000,11,5,6,584.1
19720006775000,8,5,3,384
19720006777000,2,2,0,0
19720006778000,37,21,16,1472.6
19720006781000,1,1,0,0
19720006782000,1,1,0,0
19720006783000,36,18,18,1306.8
19720006784000,2,2,0,0
19720006787000,5,2,3,352
19720006788000,2,1,1,0
19720006796000,9,4,5,252.9
19720006797000,10,5,5,429
19720006798000,16,5,11,742.4
19720006799000,2,1,1,0
19720006803000,1,1,0,0
19720006810000,12,6,6,510
19720006811000,10,4,6,359
19720006819000,14,9,5,637
19720006827000,26,13,13,1180.4
19720006829000,7,2,5,410.9
19720006834000,1,1,0,0
19720006835000,7,5,2,427.7
19720006836000,1,1,0,0
19720006837000,2,1,1,0
19720006839000,24,11,13,1214.4
19720006840000,11,6,5,506
19720006841000,46,23,23,2097.6
19720006842000,4,1,3,0
19720006843000,12,7,5,516
19720006844000,5,3,2,276
19720006845000,2,1,1,0
19720006850000,3,1,2,0
19720006852000,2,1,1,0
19720006858000,1,0,1,0
19720006868000,596,299,297,21277.2
19720006869000,936,449,487,40248
19720006870000,549,277,272,24869.7
19720006875000,3,1,2,0
19720006883000,11,7,4,319
19720006884000,19,8,11,748.6
19720006891000,2,2,0,0
19720006893000,15,6,9,637.5
19720006894000,23,10,13,1170.7
19720006895000,38,21,17,1877.2
19720006897000,102,54,48,4029
19730006510000,7,3,4,361.9
19730006511000,8,5,3,278.4
19730006512000,77,39,38,3542
19730006514000,269,137,132,7747.2
19730006515000,236,118,118,7245.2
19730006516000,23,12,11,940.7
19730006520000,8,3,5,354.4
19730006526000,11,6,5,388.3
19730006527000,8,4,4,268
19730006536000,1,1,0,0
19730006537000,6,2,4,172.8
19730006542000,2,1,1,0
19730006545000,2,1,1,0
19730006548000,30,17,13,1011
19730006549000,11,4,7,457.6
19730006550000,1619,858,761,57636.4
19730006551000,8,5,3,212
19730006555000,12,8,4,476.4
19730006556000,12,7,5,441.6
19730006557000,9,7,2,308.7
19730006558000,62,30,32,2380.8
19730006560000,5,2,3,196
19730006561000,11,7,4,419.1
19730006563000,25,15,10,980
19730006564000,58,29,29,2256.2
19730006565000,82,41,41,2886.4
19730006566000,369,197,172,12656.7
19730006567000,1913,980,933,63511.6
19730006568000,683,336,347,23222
19730006569000,7,3,4,464.8
19730006573000,2,1,1,0
19730006574000,22,9,13,1177
19730006585000,1,1,0,0
19730006588000,4,2,2,0
19730006593000,45,22,23,1390.5
19730006613000,9,4,5,488.7
19730006614000,16,8,8,542.4
19730006621000,3,1,2,0
19730006629000,9,4,5,239.4
19730006630000,5,4,1,245
19730006635000,16,6,10,630.4
19730006636000,11,6,5,418
19730006638000,1,0,1,0
19730006647000,8,4,4,252
19730006648000,6,3,3,277.8
19730006649000,10,4,6,332
19730006651000,106,53,53,5204.6
19730006670000,8,4,4,492.8
19730006671000,6,4,2,177
19730006672000,6,3,3,186
19730006676000,17,9,8,695.3
19730006677000,4,2,2,0
19730006683000,11,6,5,517
19730006684000,1,1,0,0
19730006685000,7,3,4,237.3
19730006687000,2,0,2,0
19730006688000,11,6,5,420.2
19730006689000,5,3,2,268
19730006690000,8,4,4,376.8
19730006691000,18,10,8,702
19730006692000,2,1,1,0
19730006693000,346,167,179,12248.4
19730006694000,329,169,160,14377.3
19730006695000,15,7,8,484.5
19730006709000,82,37,45,4231.2
19730006710000,721,308,413,37131.5
19730006711000,643,336,307,23148
19730006712000,284,141,143,8378
19730006713000,15,9,6,912
19730006715000,3,1,2,0
19730006716000,8,6,2,372
19730006719000,3,1,2,0
19730006720000,66,38,28,2230.8
19730006721000,7,4,3,314.3
19730006722000,1,0,1,0
19730006723000,23,14,9,1113.2
19730006724000,95,47,48,3011.5
19730006725000,30,16,14,1074
19730006728000,48,25,23,1776
19730006729000,71,36,35,3053
19730006730000,3,2,1,0
19730006732000,4,3,1,0
19730006733000,22,13,9,807.4
19730006739000,88,53,35,3819.2
19730006740000,206,103,103,7725
19730006741000,8,5,3,282.4
19730006742000,146,84,62,5168.4
19730006743000,142,66,76,5452.8
19730006744000,566,301,265,18734.6
19730006745000,135,77,58,4603.5
19730006747000,55,28,27,1765.5
19730006748000,2,1,1,0
19730006750000,24,13,11,1219.2
19730006753000,332,171,161,12948
19730006754000,316,151,165,9290.4
19730006755000,272,149,123,8622.4
19730006756000,46,21,25,1904.4
19730006757000,45,22,23,1530
19730006758000,12,6,6,266.4
19730006759000,13,6,7,638.3
19730006760000,30,16,14,909
19730006761000,22,12,10,860.2
19730006762000,66,34,32,3174.6
19730006763000,106,54,52,5013.8
19730006764000,43,21,22,1453.4
19730006765000,23,9,14,933.8
19730006766000,28,10,18,1072.4
19730006767000,27,15,12,880.2
19730006768000,122,61,61,4709.2
19730006769000,11,6,5,269.5
19730006773000,11,4,7,224.4
19730006774000,25,12,13,1070
19730006778000,36,18,18,1530
19730006779000,82,39,43,2911
19730006780000,26,13,13,1011.4
19730006781000,16,8,8,712
19730006783000,44,17,27,2358.4
19730006787000,16,9,7,702.4
19730006796000,1,1,0,0
19730006809000,5,3,2,81
19730006820000,18,9,9,765
19730006827000,68,28,40,4590
19730006834000,4,1,3,0
19730006835000,12,7,5,483.6
19730006836000,4,3,1,0
19730006837000,23,13,10,1173
19730006839000,40,20,20,2144
19730006840000,4,3,1,0
19730006843000,17,6,11,697
19730006848000,11,5,6,473
19730006850000,4,2,2,0
19730006856000,4,3,1,0
19730006858000,4,2,2,0
19730006865000,4,2,2,0
19730006866000,2,1,1,0
19730006868000,24,11,13,912
19730006869000,1283,654,629,51961.5
19730006870000,284,158,126,11984.8
19730006883000,3,2,1,0
19730006895000,23,13,10,855.6
19730006896000,19,10,9,803.7
19730006897000,197,101,96,9002.9
19740006511000,25,14,11,1057.5
19740006512000,214,115,99,9458.8
19740006513000,162,89,73,6447.6
19740006514000,796,423,373,27143.6
19740006515000,220,112,108,8338
19740006520000,2,1,1,0
19740006521000,1,0,1,0
19740006536000,5,3,2,208
19740006541000,4,1,3,0
19740006546000,14,9,5,508.2
19740006547000,1,0,1,0
19740006548000,12,7,5,613.2
19740006549000,13,5,8,569.4
19740006550000,23,12,11,1138.5
19740006556000,25,16,9,945
19740006558000,50,31,19,1830
19740006561000,15,9,6,574.5
19740006562000,25,15,10,885
19740006563000,8,6,2,235.2
19740006565000,6,3,3,163.8
19740006566000,96,47,49,3388.8
19740006567000,1584,817,767,52588.8
19740006568000,796,381,415,35581.2
19740006571000,14,8,6,697.2
19740006572000,1,1,0,0
19740006573000,4,2,2,0
19740006581000,5,3,2,291
19740006582000,2,2,0,0
19740006585000,12,6,6,390
19740006588000,5,3,2,111
19740006592000,5,2,3,209
19740006593000,9,5,4,291.6
19740006594000,29,16,13,1273.1
19740006614000,5,4,1,202
19740006615000,12,7,5,573.6
19740006630000,4,2,2,0
19740006634000,5,2,3,337
19740006635000,72,34,38,2793.6
19740006636000,87,43,44,2966.7
19740006637000,39,19,20,1567.8
19740006638000,17,8,9,863.6
19740006639000,11,6,5,236.5
19740006646000,1,1,0,0
19740006647000,10,5,5,568
19740006649000,8,6,2,296
19740006650000,39,23,16,1400.1
19740006651000,41,17,24,1951.6
19740006671000,8,4,4,522.4
19740006678000,2,1,1,0
19740006683000,8,4,4,240
19740006684000,2,2,0,0
19740006690000,7,3,4,329.7
19740006693000,43,22,21,1965.1
19740006694000,37,20,17,1831.5
19740006695000,3,2,1,0
19740006710000,43,25,18,2085.5
19740006711000,103,47,56,3677.1
19740006712000,59,29,30,2088.6
19740006717000,12,7,5,393.6
19740006718000,55,31,24,2211
19740006721000,27,15,12,1233.9
19740006722000,7,4,3,403.9
19740006728000,2,1,1,0
19740006729000,649,332,317,24791.8
19740006730000,145,75,70,6249.5
19740006731000,183,97,86,7429.8
19740006732000,140,77,63,5782
19740006733000,96,56,40,3676.8
19740006737000,6,3,3,429
19740006738000,31,16,15,1596.5
19740006739000,2,1,1,0
19740006740000,450,227,223,17460
19740006741000,449,234,215,17151.8
19740006742000,23,12,11,894.7
19740006743000,74,40,34,3522.4
19740006745000,11,6,5,445.5
19740006746000,54,26,28,2030.4
19740006747000,31,14,17,1057.1
19740006748000,2,1,1,0
19740006749000,33,17,16,808.5
19740006750000,42,20,22,1827
19740006751000,37,20,17,1287.6
19740006753000,145,74,71,4350
19740006755000,33,16,17,1155
19740006756000,17,11,6,567.8
19740006757000,12,5,7,370.8
19740006758000,71,39,32,2485
19740006759000,19,9,10,661.2
19740006760000,31,18,13,1345.4
19740006762000,10,5,5,620
19740006763000,55,27,28,2211
19740006764000,1,1,0,0
19740006774000,15,8,7,655.5
19740006775000,2,2,0,0
19740006780000,5,1,4,108
19740006781000,14,6,8,439.6
19740006783000,11,5,6,464.2
19740006784000,27,14,13,785.7
19740006785000,1,0,1,0
19740006789000,6,4,2,429
19740006790000,1,1,0,0
19740006791000,6,3,3,426
19740006809000,14,5,9,645.4
19740006814000,3,0,3,0
19740006815000,3,2,1,0
19740006816000,5,2,3,267
19740006820000,8,3,5,360
19740006827000,57,28,29,2764.5
19740006828000,25,11,14,1032.5
19740006829000,7,3,4,305.9
19740006834000,6,3,3,195
19740006836000,25,15,10,1027.5
19740006839000,25,12,13,1032.5
19740006840000,14,7,7,567
19740006842000,4,1,3,0
19740006843000,6,4,2,337.2
19740006850000,13,8,5,855.4
19740006858000,5,3,2,284
19740006865000,9,3,6,251.1
19740006869000,1625,802,823,57037.5
19740006870000,497,257,240,18736.9
19740006895000,2,1,1,0
19740006896000,76,43,33,4028
19740006897000,29,15,14,1595
19740006898000,26,14,12,1024.4
19750006509000,2,1,1,0
19750006510000,281,150,131,10987.1
19750006511000,375,188,187,12787.5
19750006512000,1551,800,751,58782.9
19750006513000,1940,949,991,77600
19750006514000,624,333,291,29140.8
19750006515000,259,135,124,10619
19750006516000,21,15,6,609
19750006517000,110,63,47,4763
19750006520000,4,3,1,0
19750006521000,29,13,16,1447.1
19750006537000,2,1,1,0
19750006547000,5,4,1,215
19750006549000,5,2,3,347
19750006550000,10,5,5,554
19750006551000,7,5,2,363.3
19750006552000,9,6,3,309.6
19750006555000,28,14,14,1265.6
19750006556000,12,7,5,452.4
19750006558000,21,8,13,926.1
19750006559000,17,8,9,659.6
19750006563000,6,4,2,256.8
19750006566000,410,211,199,15252
19750006567000,581,284,297,19928.3
19750006568000,133,75,58,5413.1
19750006569000,29,15,14,1235.4
19750006570000,27,13,14,1036.8
19750006588000,130,75,55,3887
19750006592000,54,26,28,2478.6
19750006593000,6,4,2,321
19750006594000,86,42,44,3027.2
19750006595000,83,42,41,3120.8
19750006596000,15,8,7,688.5
19750006615000,7,2,5,230.3
19750006616000,7,4,3,308.7
19750006617000,2,1,1,0
19750006626000,14,9,5,739.2
19750006627000,38,20,18,1455.4
19750006628000,12,8,4,584.4
19750006629000,36,16,20,1486.8
19750006630000,40,19,21,1524
19750006631000,138,70,68,7010.4
19750006632000,8,4,4,240.8
19750006633000,13,7,6,881.4
19750006634000,15,8,7,607.5
19750006635000,10,5,5,401
19750006636000,3,2,1,0
19750006637000,50,28,22,2085
19750006638000,73,39,34,2628
19750006639000,15,8,7,777
19750006640000,16,6,10,636.8
19750006645000,1,1,0,0
19750006650000,68,35,33,2645.2
19750006651000,21,10,11,1045.8
19750006658000,12,7,5,597.6
19750006674000,2,1,1,0
19750006678000,3,1,2,0
19750006679000,4,2,2,0
19750006680000,13,8,5,546
19750006693000,26,12,14,1001
19750006694000,20,9,11,1130
19750006710000,61,28,33,2397.3
19750006711000,56,28,28,1792
19750006712000,43,25,18,1522.2
19750006713000,104,55,49,3224
19750006717000,1,1,0,0
19750006721000,3,1,2,0
19750006722000,47,26,21,1762.5
19750006723000,33,15,18,983.4
19750006724000,16,11,5,776
19750006725000,20,10,10,878
19750006729000,63,34,29,3017.7
19750006730000,31,15,16,1553.1
19750006731000,612,313,299,21236.4
19750006732000,671,358,313,24625.7
19750006733000,76,37,39,2941.2
19750006734000,45,19,26,1552.5
19750006735000,100,53,47,4400
19750006736000,186,97,89,7477.2
19750006737000,35,19,16,1480.5
19750006738000,27,20,7,1414.8
19750006739000,255,132,123,9894
19750006740000,948,531,417,35644.8
19750006741000,506,263,243,18772.6
19750006744000,39,19,20,1540.5
19750006745000,602,312,290,21551.6
19750006746000,405,209,196,14539.5
19750006747000,12,7,5,627.6
19750006748000,22,10,12,963.6
19750006749000,35,17,18,1428
19750006750000,48,26,22,2025.6
19750006751000,114,61,53,3511.2
19750006755000,77,38,39,2748.9
19750006756000,68,34,34,3066.8
19750006757000,145,82,63,5118.5
19750006758000,63,33,30,2091.6
19750006759000,5,4,1,190
19750006761000,2,1,1,0
19750006762000,28,16,12,1078
19750006763000,25,10,15,1072.5
19750006764000,39,16,23,1497.6
19750006766000,20,10,10,928
19750006775000,16,7,9,832
19750006780000,5,3,2,153
19750006782000,18,9,9,334.8
19750006783000,37,22,15,1343.1
19750006788000,6,3,3,283.2
19750006789000,6,1,5,235.2
19750006790000,5,4,1,96
19750006791000,12,5,7,675.6
19750006809000,8,4,4,316.8
19750006816000,8,3,5,492
19750006819000,8,6,2,356.8
19750006820000,32,15,17,1267.2
19750006826000,16,9,7,825.6
19750006827000,31,17,14,1401.2
19750006833000,4,2,2,0
19750006834000,13,6,7,679.9
19750006836000,18,10,8,847.8
19750006839000,6,2,4,193.2
19750006840000,62,32,30,2684.6
19750006841000,32,19,13,1308.8
19750006842000,26,13,13,1105
19750006843000,9,5,4,334.8
19750006849000,11,4,7,633.6
19750006850000,26,13,13,1235
19750006857000,23,11,12,853.3
19750006858000,9,5,4,428.4
19750006864000,1,0,1,0
19750006869000,522,271,251,19783.8
19750006870000,24,16,8,960
19750006872000,1,1,0,0
19750006896000,85,40,45,3850.5
19750006898000,25,12,13,832.5
19750006899000,1,0,1,0
19760006506000,2,1,1,0
19760006507000,14,6,8,802.2
19760006508000,33,18,15,1273.8
19760006509000,58,26,32,2383.8
19760006510000,46,26,20,2079.2
19760006511000,17,11,6,833
19760006512000,91,44,47,4204.2
19760006513000,366,170,196,16909.2
19760006514000,2144,1033,1111,93478.4
19760006515000,908,442,466,36410.8
19760006516000,596,303,293,17641.6
19760006517000,4,2,2,0
19760006518000,31,15,16,1292.7
19760006521000,5,3,2,273
19760006524000,21,10,11,636.3
19760006528000,24,15,9,1003.2
19760006529000,3,2,1,0
19760006544000,1,1,0,0
19760006546000,28,13,15,1117.2
19760006551000,17,9,8,715.7
19760006552000,22,13,9,574.2
19760006555000,26,15,11,1079
19760006556000,6,3,3,243
19760006559000,17,12,5,676.6
19760006560000,7,5,2,303.1
19760006561000,2,1,1,0
19760006562000,2,1,1,0
19760006563000,15,8,7,661.5
19760006565000,9,7,2,232.2
19760006566000,1,0,1,0
19760006567000,18,10,8,874.8
19760006568000,8,3,5,343.2
19760006569000,88,45,43,3784
19760006570000,4,1,3,0
19760006587000,67,35,32,2345
19760006588000,7,4,3,181.3
19760006592000,160,79,81,5440
19760006594000,45,25,20,1728
19760006595000,46,25,21,2507
19760006596000,61,31,30,2208.2
19760006597000,41,25,16,1886
19760006603000,7,3,4,284.2
19760006613000,2,1,1,0
19760006614000,8,3,5,295.2
19760006615000,21,9,12,900.9
19760006616000,1,0,1,0
19760006622000,6,4,2,235.2
19760006625000,7,4,3,233.8
19760006626000,9,4,5,367.2
19760006627000,2,2,0,0
19760006628000,44,22,22,1839.2
19760006629000,54,28,26,2019.6
19760006630000,74,36,38,2989.6
19760006631000,29,12,17,1160
19760006632000,20,6,14,556
19760006634000,21,8,13,625.8
19760006635000,44,24,20,1773.2
19760006636000,23,9,14,736
19760006637000,1,0,1,0
19760006638000,28,14,14,1153.6
19760006639000,5,2,3,125
19760006640000,11,6,5,420.2
19760006641000,53,29,24,2400.9
19760006642000,16,8,8,633.6
19760006650000,6,4,2,259.2
19760006651000,1,1,0,0
19760006656000,19,11,8,978.5
19760006665000,6,3,3,247.8
19760006666000,61,30,31,2708.4
19760006677000,6,3,3,409.8
19760006679000,5,3,2,259
19760006680000,5,2,3,226
19760006681000,18,9,9,853.2
19760006687000,15,8,7,780
19760006693000,3,2,1,0
19760006694000,3,2,1,0
19760006697000,4,3,1,0
19760006711000,6,3,3,307.2
19760006712000,165,80,85,5659.5
19760006713000,117,63,54,3814.2
19760006714000,13,7,6,624
19760006723000,38,20,18,1660.6
19760006724000,19,10,9,965.2
19760006726000,48,23,25,2068.8
19760006729000,26,15,11,1053
19760006730000,40,21,19,1620
19760006731000,161,78,83,4572.4
19760006732000,1,1,0,0
19760006733000,38,19,19,1341.4
19760006734000,1376,687,689,52838.4
19760006735000,1359,669,690,56398.5
19760006736000,1075,500,575,54395
19760006737000,1090,556,534,44363
19760006738000,981,505,476,37572.3
19760006739000,476,246,230,17659.6
19760006741000,43,28,15,1797.4
19760006744000,42,21,21,1596
19760006745000,206,105,101,7807.4
19760006746000,362,183,179,12597.6
19760006747000,82,40,42,3157
19760006748000,6,3,3,211.8
19760006749000,24,12,12,1063.2
19760006750000,8,4,4,336.8
19760006751000,114,64,50,4651.2
19760006752000,2,2,0,0
19760006756000,54,34,20,2230.2
19760006757000,42,20,22,1969.8
19760006759000,12,8,4,427.2
19760006763000,10,7,3,232
19760006764000,14,7,7,578.2
19760006765000,85,49,36,3493.5
19760006766000,41,20,21,1832.7
19760006772000,2,0,2,0
19760006773000,40,17,23,1912
19760006774000,4,2,2,0
19760006784000,1,1,0,0
19760006786000,1,1,0,0
19760006800000,2,1,1,0
19760006809000,18,11,7,1015.2
19760006820000,7,4,3,252.7
19760006825000,1,1,0,0
19760006826000,7,4,3,405.3
19760006833000,1,1,0,0
19760006835000,4,2,2,0
19760006837000,1,1,0,0
19760006839000,6,4,2,373.8
19760006841000,49,24,25,2239.3
19760006842000,94,42,52,4314.6
19760006843000,7,3,4,314.3
19760006849000,34,17,17,1203.6
19760006850000,20,12,8,908
19760006857000,10,5,5,610
19760006864000,19,10,9,712.5
19760006869000,135,69,66,4252.5
19760006896000,5,3,2,119
19760006898000,6,3,3,304.8
19760006899000,2,1,1,0
19770006506000,43,25,18,2072.6
19770006507000,39,17,22,1419.6
19770006508000,7,3,4,324.1
19770006509000,19,9,10,703
19770006511000,7,4,3,245
19770006512000,23,13,10,979.8
19770006513000,12,6,6,477.6
19770006514000,10,5,5,376
19770006515000,325,169,156,14657.5
19770006516000,74,42,32,3071
19770006517000,3,1,2,0
19770006520000,2,1,1,0
19770006521000,15,8,7,571.5
19770006522000,3,2,1,0
19770006523000,4,2,2,0
19770006526000,4,3,1,0
19770006527000,9,5,4,251.1
19770006528000,16,9,7,555.2
19770006529000,16,8,8,716.8
19770006530000,17,8,9,479.4
19770006531000,3,2,1,0
19770006537000,7,4,3,237.3
19770006538000,12,7,5,403.2
19770006539000,4,1,3,0
19770006540000,6,1,5,112.8
19770006543000,8,4,4,184.8
19770006545000,12,6,6,489.6
19770006546000,4,1,3,0
19770006549000,44,23,21,1619.2
19770006550000,4,2,2,0
19770006551000,18,10,8,811.8
19770006552000,4,3,1,0
19770006555000,16,6,10,641.6
19770006557000,5,1,4,202
19770006558000,9,7,2,234
19770006560000,20,10,10,1124
19770006561000,1,0,1,0
19770006563000,32,14,18,1315.2
19770006564000,30,16,14,1095
19770006565000,12,6,6,415.2
19770006567000,8,4,4,322.4
19770006568000,1,1,0,0
19770006569000,16,8,8,774.4
19770006570000,4,2,2,0
19770006571000,15,7,8,927
19770006587000,50,24,26,2310
19770006592000,70,37,33,3024
19770006593000,64,31,33,2272
19770006594000,39,24,15,1544.4
19770006595000,25,13,12,850
19770006597000,36,20,16,1076.4
19770006598000,9,6,3,315
19770006600000,4,2,2,0
19770006601000,65,34,31,1963
19770006603000,7,3,4,282.1
19770006604000,69,40,29,2870.4
19770006605000,10,6,4,556
19770006614000,37,17,20,1461.5
19770006615000,122,59,63,5319.2
19770006617000,7,4,3,291.9
19770006618000,5,1,4,82
19770006621000,6,4,2,262.8
19770006622000,5,2,3,90
19770006627000,39,23,16,1466.4
19770006628000,8,3,5,462.4
19770006631000,6,4,2,258
19770006632000,1,1,0,0
19770006640000,9,4,5,192.6
19770006641000,11,6,5,422.4
19770006642000,30,17,13,1197
19770006643000,6,3,3,370.2
19770006649000,16,7,9,704
19770006650000,14,7,7,453.6
19770006656000,4,2,2,0
19770006657000,14,8,6,842.8
19770006658000,12,6,6,643.2
19770006664000,67,31,36,2961.4
19770006665000,88,46,42,3722.4
19770006678000,5,3,2,272
19770006680000,1,0,1,0
19770006681000,3,2,1,0
19770006682000,40,23,17,1648
19770006683000,79,45,34,3088.9
19770006693000,6,3,3,232.8
19770006694000,11,7,4,430.1
19770006695000,2,1,1,0
19770006714000,33,18,15,1359.6
19770006715000,24,11,13,1096.8
19770006718000,3,2,1,0
19770006719000,3,2,1,0
19770006724000,16,8,8,846.4
19770006725000,21,14,7,716.1
19770006726000,4,1,3,0
19770006727000,3,2,1,0
19770006730000,29,20,9,1116.5
19770006731000,29,11,18,928
19770006737000,36,18,18,1530
19770006738000,400,212,188,15680
19770006740000,55,28,27,2216.5
19770006741000,149,80,69,5527.9
19770006742000,19,13,6,965.2
19770006743000,7,4,3,256.9
19770006744000,16,8,8,625.6
19770006745000,79,35,44,4029
19770006746000,87,37,50,4732.8
19770006747000,7,5,2,189
19770006748000,15,9,6,717
19770006749000,18,8,10,624.6
19770006751000,1,1,0,0
19770006752000,39,16,23,1688.7
19770006753000,1,1,0,0
19770006756000,3,1,2,0
19770006757000,13,6,7,626.6
19770006758000,27,14,13,1204.2
19770006759000,12,8,4,759.6
19770006760000,25,10,15,987.5
19770006761000,4,2,2,0
19770006763000,30,14,16,1686
19770006764000,18,13,5,781.2
19770006765000,2,1,1,0
19770006766000,6,4,2,391.2
19770006767000,6,4,2,277.2
19770006769000,5,3,2,168
19770006770000,3,2,1,0
19770006771000,22,10,12,831.6
19770006772000,56,29,27,2704.8
19770006773000,8,4,4,395.2
19770006775000,7,3,4,378.7
19770006780000,32,15,17,1148.8
19770006781000,2,0,2,0
19770006782000,7,4,3,277.9
19770006793000,6,4,2,187.8
19770006800000,17,9,8,861.9
19770006806000,4,1,3,0
19770006814000,9,6,3,449.1
19770006815000,1,0,1,0
19770006817000,5,1,4,83
19770006824000,7,4,3,333.9
19770006825000,27,14,13,1034.1
19770006831000,5,4,1,287
19770006832000,4,3,1,0
19770006835000,8,6,2,407.2
19770006836000,2,1,1,0
19770006838000,4,3,1,0
19770006839000,50,27,23,2405
19770006840000,37,18,19,1898.1
19770006841000,25,15,10,745
19770006842000,15,8,7,685.5
19770006843000,8,4,4,296.8
19770006849000,9,6,3,383.4
19770006850000,8,3,5,200
19770006852000,6,2,4,385.8
19770006853000,3,2,1,0
19770006857000,4,2,2,0
19770006863000,4,2,2,0
19770006869000,267,137,130,9505.2
19770006870000,17,10,7,741.2
19770006873000,3,2,1,0
19770006898000,6,3,3,355.8
19770006917000,3,2,1,0
19780006505000,21,11,10,768.6
19780006506000,15,5,10,633
19780006509000,17,11,6,620.5
19780006511000,6,3,3,166.2
19780006513000,44,21,23,1386
19780006514000,4,2,2,0
19780006515000,14,4,10,543.2
19780006516000,21,11,10,873.6
19780006518000,6,3,3,232.8
19780006519000,10,8,2,402
19780006520000,14,9,5,432.6
19780006522000,76,36,40,3032.4
19780006523000,22,9,13,985.6
19780006524000,21,10,11,777
19780006530000,23,14,9,811.9
19780006531000,28,17,11,1050
19780006532000,20,10,10,574
19780006536000,6,3,3,297
19780006537000,22,15,7,693
19780006538000,12,6,6,507.6
19780006539000,24,13,11,926.4
19780006540000,26,15,11,977.6
19780006541000,3,2,1,0
19780006543000,1,0,1,0
19780006544000,31,16,15,1429.1
19780006545000,11,7,4,449.9
19780006549000,11,5,6,528
19780006552000,2,1,1,0
19780006560000,26,14,12,1240.2
19780006562000,7,5,2,294
19780006563000,2,1,1,0
19780006564000,10,4,6,360
19780006565000,9,6,3,521.1
19780006566000,1,1,0,0
19780006569000,7,5,2,352.8
19780006578000,2,1,1,0
19780006593000,12,7,5,766.8
19780006594000,114,60,54,4696.8
19780006595000,12,5,7,405.6
19780006596000,40,22,18,1408
19780006597000,17,8,9,863.6
19780006600000,6,2,4,319.2
19780006601000,23,16,7,1039.6
19780006603000,2,1,1,0
19780006604000,14,8,6,763
19780006605000,33,19,14,1663.2
19780006614000,7,3,4,263.2
19780006615000,17,13,4,824.5
19780006617000,1,1,0,0
19780006628000,7,4,3,280
19780006631000,11,7,4,490.6
19780006632000,16,7,9,756.8
19780006633000,6,3,3,301.8
19780006642000,342,192,150,11320.2
19780006643000,115,59,56,4761
19780006649000,7,4,3,298.2
19780006655000,6,1,5,265.8
19780006656000,3,2,1,0
19780006658000,1,1,0,0
19780006659000,10,5,5,437
19780006664000,143,71,72,5462.6
19780006665000,294,149,145,11083.8
19780006679000,4,2,2,0
19780006680000,4,2,2,0
19780006683000,44,25,19,1122
19780006684000,24,13,11,1082.4
19780006685000,7,5,2,336.7
19780006692000,4,2,2,0
19780006693000,7,4,3,434
19780006694000,12,6,6,596.4
19780006705000,56,29,27,2346.4
19780006706000,162,75,87,6771.6
19780006707000,9,5,4,375.3
19780006714000,28,14,14,1201.2
19780006715000,38,21,17,1508.6
19780006716000,12,5,7,424.8
19780006718000,30,16,14,1122
19780006720000,3,2,1,0
19780006725000,2,2,0,0
19780006726000,7,3,4,371
19780006731000,14,8,6,792.4
19780006736000,50,30,20,2300
19780006737000,74,35,39,2886
19780006738000,129,69,60,4979.4
19780006739000,406,201,205,16564.8
19780006740000,60,30,30,2802
19780006744000,9,5,4,449.1
19780006745000,217,120,97,8007.3
19780006746000,26,16,10,1287
19780006747000,14,8,6,480.2
19780006749000,20,11,9,842
19780006750000,67,32,35,2907.8
19780006751000,89,44,45,3310.8
19780006752000,39,19,20,1298.7
19780006753000,27,14,13,1120.5
19780006754000,25,15,10,820
19780006756000,133,63,70,5346.6
19780006757000,44,24,20,2050.4
19780006760000,9,5,4,218.7
19780006761000,6,3,3,306
19780006762000,28,16,12,1187.2
19780006763000,11,7,4,398.2
19780006768000,2,1,1,0
19780006769000,3,1,2,0
19780006780000,30,14,16,1569
19780006781000,19,10,9,950
19780006800000,4,1,3,0
19780006804000,6,3,3,297
19780006805000,7,3,4,401.1
19780006814000,12,6,6,820.8
19780006816000,7,3,4,230.3
19780006817000,6,3,3,189
19780006818000,1,0,1,0
19780006821000,1,0,1,0
19780006822000,2,1,1,0
19780006824000,16,9,7,616
19780006829000,11,7,4,506
19780006834000,8,2,6,375.2
19780006836000,2,1,1,0
19780006840000,3,2,1,0
19780006842000,7,5,2,294.7
19780006859000,6,3,3,262.2
19780006860000,1,0,1,0
19780006861000,3,1,2,0
19780006863000,2,1,1,0
19780006866000,2,1,1,0
19780006869000,272,135,137,10363.2
19780006880000,2,2,0,0
19780006881000,12,6,6,687.6
19780006882000,10,5,5,477
19780006883000,1,0,1,0
19780006887000,1,1,0,0
19780006893000,3,1,2,0
19780006898000,8,4,4,340.8
19780006904000,21,11,10,863.1
19780006905000,7,3,4,413.7
19780006907000,1,1,0,0
19780006917000,7,4,3,485.1
19790006516000,23,11,12,1083.3
19790006518000,22,12,10,1001
19790006519000,13,6,7,266.5
19790006520000,22,11,11,932.8
19790006522000,8,4,4,336.8
19790006523000,17,10,7,612
19790006524000,46,25,21,1628.4
19790006525000,29,17,12,1009.2
19790006526000,2,1,1,0
19790006529000,12,8,4,542.4
19790006531000,12,6,6,357.6
19790006537000,2,1,1,0
19790006541000,4,1,3,0
19790006542000,1,0,1,0
19790006548000,9,5,4,342.9
19790006549000,26,15,11,1034.8
19790006550000,18,12,6,498.6
19790006553000,21,13,8,795.9
19790006556000,9,6,3,411.3
19790006557000,9,4,5,249.3
19790006560000,25,13,12,862.5
19790006563000,1,0,1,0
19790006564000,2,1,1,0
19790006569000,1,1,0,0
19790006581000,172,87,85,7241.2
19790006582000,331,170,161,13240
19790006588000,11,5,6,359.7
19790006589000,18,11,7,745.2
19790006593000,10,5,5,225
19790006594000,471,245,226,20865.3
19790006595000,276,140,136,9052.8
19790006596000,38,20,18,1250.2
19790006601000,8,4,4,399.2
19790006603000,7,4,3,259
19790006604000,11,5,6,500.5
19790006605000,5,3,2,325
19790006614000,28,16,12,1218
19790006615000,6,4,2,339
19790006629000,5,2,3,215
19790006633000,4,1,3,0
19790006642000,30,14,16,1047
19790006643000,84,42,42,3032.4
19790006644000,11,6,5,447.7
19790006648000,1,1,0,0
19790006659000,4,2,2,0
19790006664000,63,33,30,2973.6
19790006665000,151,75,76,6840.3
19790006669000,66,34,32,2706
19790006670000,11,6,5,452.1
19790006685000,4,2,2,0
19790006693000,14,8,6,470.4
19790006694000,89,42,47,3987.2
19790006695000,54,31,23,1965.6
19790006704000,2,1,1,0
19790006705000,12,7,5,476.4
19790006706000,19,7,12,908.2
19790006707000,16,8,8,531.2
19790006708000,29,13,16,1305
19790006711000,2,1,1,0
19790006717000,4,1,3,0
19790006718000,23,14,9,726.8
19790006720000,1,1,0,0
19790006721000,2,0,2,0
19790006735000,72,36,36,3132
19790006736000,9,4,5,595.8
19790006737000,26,14,12,915.2
19790006738000,39,16,23,1111.5
19790006739000,72,37,35,2692.8
19790006743000,24,15,9,1000.8
19790006744000,27,14,13,1333.8
19790006745000,46,20,26,1789.4
19790006747000,321,163,158,13482
19790006748000,4,2,2,0
19790006749000,38,18,20,1482
19790006750000,7,3,4,347.9
19790006751000,20,13,7,910
19790006752000,57,28,29,1903.8
19790006753000,138,72,66,6072
19790006754000,32,17,15,1292.8
19790006755000,4,1,3,0
19790006757000,34,16,18,1356.6
19790006758000,68,32,36,3835.2
19790006759000,32,16,16,1433.6
19790006760000,27,17,10,818.1
19790006766000,2,0,2,0
19790006787000,9,5,4,359.1
19790006789000,4,2,2,0
19790006804000,8,3,5,280.8
19790006815000,8,5,3,299.2
19790006819000,7,3,4,156.8
19790006820000,90,44,46,3276
19790006821000,65,34,31,2990
19790006822000,1,1,0,0
19790006823000,8,6,2,324
19790006836000,2,1,1,0
19790006837000,1,0,1,0
19790006842000,1,1,0,0
19790006843000,8,4,4,258.4
19790006850000,3,2,1,0
19790006852000,6,2,4,226.2
19790006859000,10,7,3,601
19790006860000,2,1,1,0
19790006861000,57,31,26,2553.6
19790006862000,7,3,4,399.7
19790006869000,8,5,3,298.4
19790006870000,6,4,2,196.2
19790006885000,2,1,1,0
19790006887000,5,2,3,163
19790006900000,5,2,3,359
19790006906000,12,6,6,627.6
19790006907000,197,95,102,7663.3
19790006908000,12,7,5,673.2
19790006909000,12,5,7,616.8
19790006912000,3,1,2,0
19790006913000,29,15,14,1075.9
19800006503000,7,4,3,310.1
19800006504000,13,6,7,785.2
19800006508000,1,1,0,0
19800006516000,2,1,1,0
19800006517000,4,1,3,0
19800006520000,5,3,2,279
19800006525000,9,4,5,606.6
19800006526000,60,28,32,1884
19800006527000,3,2,1,0
19800006529000,11,5,6,478.5
19800006532000,21,14,7,737.1
19800006542000,6,2,4,207
19800006547000,8,4,4,247.2
19800006548000,3,2,1,0
19800006550000,8,4,4,464.8
19800006552000,25,14,11,1045
19800006553000,2,1,1,0
19800006554000,2,0,2,0
19800006556000,12,7,5,386.4
19800006557000,1,1,0,0
19800006564000,49,24,25,2185.4
19800006566000,27,15,12,1063.8
19800006567000,63,33,30,2633.4
19800006572000,3,2,1,0
19800006573000,16,10,6,673.6
19800006574000,10,4,6,333
19800006580000,131,65,66,5646.1
19800006581000,1342,695,647,46835.8
19800006582000,630,301,329,27846
19800006583000,253,126,127,7337
19800006589000,7,3,4,424.2
19800006590000,68,38,30,2427.6
19800006591000,65,32,33,2600
19800006601000,5,2,3,172
19800006603000,17,8,9,623.9
19800006605000,5,3,2,104
19800006606000,13,7,6,656.5
19800006614000,158,73,85,6162
19800006615000,4,2,2,0
19800006616000,1,1,0,0
19800006629000,2,2,0,0
19800006633000,28,18,10,1274
19800006642000,3,1,2,0
19800006643000,31,18,13,883.5
19800006644000,68,35,33,2094.4
19800006647000,34,21,13,1196.8
19800006648000,13,7,6,495.3
19800006658000,20,10,10,1066
19800006659000,11,5,6,441.1
19800006663000,130,55,75,3900
19800006664000,113,51,62,5378.8
19800006665000,177,82,95,8230.5
19800006669000,554,279,275,21606
19800006670000,74,45,29,3389.2
19800006671000,69,33,36,3512.1
19800006672000,29,16,13,1017.9
19800006686000,38,17,21,1561.8
19800006687000,2,2,0,0
19800006694000,64,30,34,2080
19800006695000,48,21,27,1852.8
19800006704000,26,16,10,1107.6
19800006705000,76,33,43,2470
19800006707000,1,1,0,0
19800006708000,10,4,6,446
19800006709000,41,24,17,1836.8
19800006710000,172,79,93,8204.4
19800006711000,87,52,35,2505.6
19800006714000,8,3,5,260.8
19800006715000,17,10,7,714
19800006716000,33,19,14,1016.4
19800006718000,31,18,13,1023
19800006719000,12,7,5,501.6
19800006735000,69,33,36,2601.3
19800006736000,14,7,7,610.4
19800006737000,10,6,4,567
19800006739000,54,28,26,2473.2
19800006741000,49,26,23,1984.5
19800006742000,9,5,4,297.9
19800006743000,46,22,24,1554.8
19800006744000,7,3,4,205.1
19800006745000,68,34,34,3270.8
19800006746000,234,121,113,8166.6
19800006747000,327,170,157,12066.3
19800006748000,2,1,1,0
19800006749000,8,5,3,527.2
19800006752000,20,10,10,786
19800006753000,8,5,3,374.4
19800006755000,51,27,24,2468.4
19800006758000,169,81,88,6303.7
19800006759000,58,27,31,2227.2
19800006760000,5,2,3,283
19800006762000,11,7,4,589.6
19800006763000,6,3,3,159
19800006794000,4,3,1,0
19800006795000,4,2,2,0
19800006804000,12,3,9,286.8
19800006814000,10,3,7,490
19800006815000,33,23,10,1709.4
19800006816000,4,2,2,0
19800006818000,1,0,1,0
19800006819000,11,8,3,474.1
19800006821000,2,2,0,0
19800006822000,14,6,8,847
19800006836000,3,1,2,0
19800006837000,1,1,0,0
19800006839000,5,4,1,293
19800006840000,13,9,4,673.4
19800006841000,2,1,1,0
19800006842000,51,30,21,1948.2
19800006843000,16,7,9,617.6
19800006852000,13,8,5,677.3
19800006861000,2,1,1,0
19800006872000,8,4,4,327.2
19800006882000,4,2,2,0
19800006887000,13,7,6,874.9
19800006894000,24,13,11,1432.8
19800006895000,10,6,4,532
19800006902000,1,1,0,0
19800006904000,5,3,2,250
19800006905000,52,28,24,2418
19800006906000,256,125,131,10419.2
19800006910000,7,4,3,377.3
19800006912000,58,34,24,2099.6
19800006913000,11,6,5,495
19810006504000,3,1,2,0
19810006505000,4,3,1,0
19810006510000,9,6,3,423.9
19810006511000,10,5,5,295
19810006520000,5,4,1,228
19810006521000,4,3,1,0
19810006522000,11,6,5,380.6
19810006524000,14,7,7,317.8
19810006525000,8,4,4,251.2
19810006526000,13,9,4,483.6
19810006527000,32,18,14,1046.4
19810006528000,372,195,177,13875.6
19810006529000,15,8,7,300
19810006532000,22,12,10,840.4
19810006535000,11,5,6,343.2
19810006540000,2,1,1,0
19810006547000,7,2,5,317.8
19810006548000,10,6,4,391
19810006553000,8,4,4,376
19810006557000,7,4,3,235.2
19810006560000,5,4,1,156
19810006563000,2,1,1,0
19810006567000,35,19,16,1197
19810006568000,11,8,3,385
19810006572000,41,23,18,1976.2
19810006573000,29,16,13,1522.5
19810006577000,17,8,9,535.5
19810006578000,51,30,21,1866.6
19810006579000,189,95,94,7597.8
19810006581000,291,146,145,11174.4
19810006582000,191,97,94,6933.3
19810006585000,7,4,3,242.2
19810006586000,18,9,9,750.6
19810006589000,7,4,3,350.7
19810006590000,14,7,7,623
19810006591000,32,18,14,1219.2
19810006592000,59,35,24,2837.9
19810006601000,9,5,4,596.7
19810006602000,7,5,2,237.3
19810006604000,18,9,9,757.8
19810006605000,7,4,3,300.3
19810006614000,111,54,57,5439
19810006615000,13,5,8,522.6
19810006631000,5,2,3,213
19810006632000,1,1,0,0
19810006633000,11,5,6,431.2
19810006634000,19,11,8,984.2
19810006637000,14,6,8,266
19810006638000,54,31,23,2219.4
19810006639000,43,28,15,1272.8
19810006640000,13,6,7,494
19810006641000,4,1,3,0
19810006642000,47,25,22,1950.5
19810006643000,110,60,50,4422
19810006644000,12,6,6,550.8
19810006645000,9,5,4,585
19810006646000,25,18,7,910
19810006647000,7,3,4,254.8
19810006658000,3,2,1,0
19810006659000,31,15,16,1320.6
19810006660000,21,11,10,970.2
19810006663000,80,43,37,3072
19810006664000,71,32,39,2903.9
19810006665000,38,23,15,1607.4
19810006668000,17,7,10,780.3
19810006669000,297,160,137,10781.1
19810006670000,281,121,160,8879.6
19810006671000,191,97,94,7372.6
19810006672000,78,43,35,3790.8
19810006686000,2,1,1,0
19810006687000,68,32,36,2788
19810006692000,9,3,6,308.7
19810006695000,19,8,11,953.8
19810006696000,30,14,16,1662
19810006704000,12,9,3,512.4
19810006705000,111,55,56,4229.1
19810006707000,4,2,2,0
19810006710000,70,37,33,2968
19810006711000,79,44,35,3081
19810006715000,10,5,5,646
19810006716000,73,45,28,2387.1
19810006719000,16,10,6,763.2
19810006737000,15,7,8,538.5
19810006739000,22,12,10,1040.6
19810006740000,20,10,10,648
19810006741000,14,7,7,768.6
19810006742000,84,42,42,3007.2
19810006743000,37,20,17,1280.2
19810006744000,39,21,18,1634.1
19810006745000,61,36,25,2202.1
19810006746000,25,16,9,990
19810006747000,80,43,37,3056
19810006748000,12,6,6,339.6
19810006749000,14,7,7,502.6
19810006750000,6,3,3,271.2
19810006754000,20,11,9,802
19810006755000,117,52,65,5218.2
19810006756000,119,69,50,4462.5
19810006758000,8,6,2,256.8
19810006759000,35,20,15,1806
19810006788000,4,2,2,0
19810006803000,11,7,4,590.7
19810006804000,10,5,5,442
19810006813000,9,4,5,387
19810006814000,10,5,5,583
19810006815000,147,73,74,5541.9
19810006816000,52,30,22,2111.2
19810006817000,2,1,1,0
19810006819000,8,7,1,380.8
19810006831000,5,2,3,78
19810006839000,2,1,1,0
19810006840000,2,2,0,0
19810006842000,3,1,2,0
19810006843000,21,10,11,819
19810006852000,22,12,10,1201.2
19810006853000,11,6,5,410.3
19810006854000,5,3,2,263
19810006857000,3,1,2,0
19810006858000,28,15,13,1338.4
19810006867000,2,1,1,0
19810006868000,27,14,13,920.7
19810006869000,5,3,2,97
19810006882000,17,10,7,554.2
19810006884000,11,4,7,607.2
19810006887000,4,1,3,0
19810006894000,9,4,5,502.2
19810006895000,34,17,17,1744.2
19810006902000,1,0,1,0
19810006905000,42,20,22,2028.6
19810006910000,6,4,2,136.2
19810006912000,46,19,27,1499.6
19810006913000,10,5,5,179
19810006914000,8,4,4,296.8
19820006510000,1,1,0,0
19820006520000,3,2,1,0
19820006521000,25,15,10,867.5
19820006522000,22,11,11,620.4
19820006524000,1,1,0,0
19820006527000,2,1,1,0
19820006528000,83,48,35,3751.6
19820006529000,3,2,1,0
19820006533000,116,55,61,5405.6
19820006534000,8,5,3,340.8
19820006540000,44,21,23,1254
19820006541000,9,4,5,356.4
19820006549000,11,5,6,399.3
19820006550000,5,2,3,145
19820006551000,16,9,7,833.6
19820006554000,4,3,1,0
19820006555000,104,55,49,3463.2
19820006557000,5,2,3,129
19820006558000,9,7,2,225.9
19820006560000,25,13,12,902.5
19820006561000,11,6,5,512.6
19820006562000,29,17,12,1038.2
19820006563000,189,98,91,7673.4
19820006567000,3,1,2,0
19820006572000,2,1,1,0
19820006577000,45,22,23,1845
19820006578000,60,31,29,2208
19820006579000,23,10,13,901.6
19820006581000,45,24,21,1602
19820006582000,34,18,16,1377
19820006583000,3,2,1,0
19820006585000,44,22,22,1790.8
19820006586000,47,26,21,1978.7
19820006587000,65,31,34,2788.5
19820006589000,2,1,1,0
19820006590000,25,13,12,1145
19820006591000,7,4,3,270.2
19820006592000,5,3,2,284
19820006593000,3,2,1,0
19820006614000,17,10,7,664.7
19820006615000,26,16,10,1014
19820006619000,5,2,3,161
19820006634000,9,2,7,365.4
19820006636000,3,1,2,0
19820006637000,17,6,11,598.4
19820006638000,2,1,1,0
19820006639000,1,1,0,0
19820006640000,58,33,25,2250.4
19820006641000,17,6,11,783.7
19820006642000,47,25,22,2180.8
19820006643000,537,276,261,21372.6
19820006644000,63,34,29,2677.5
19820006645000,40,16,24,1808
19820006646000,1,0,1,0
19820006647000,2,1,1,0
19820006648000,12,7,5,648
19820006649000,13,9,4,539.5
19820006650000,22,14,8,706.2
19820006651000,4,3,1,0
19820006652000,2,2,0,0
19820006663000,8,5,3,288.8
19820006668000,71,38,33,2449.5
19820006669000,194,98,96,7934.6
19820006670000,91,47,44,3521.7
19820006671000,705,372,333,29046
19820006672000,618,305,313,25585.2
19820006673000,34,15,19,1302.2
19820006687000,6,3,3,340.8
19820006688000,14,9,5,670.6
19820006689000,31,17,14,1881.7
19820006690000,3,2,1,0
19820006696000,43,21,22,1715.7
19820006705000,119,52,67,4724.3
19820006706000,47,26,21,2166.7
19820006711000,17,6,11,605.2
19820006712000,15,9,6,648
19820006716000,13,6,7,535.6
19820006717000,21,8,13,798
19820006718000,5,3,2,188
19820006720000,8,4,4,514.4
19820006721000,7,4,3,363.3
19820006722000,6,3,3,384
19820006723000,3,1,2,0
19820006724000,9,4,5,254.7
19820006735000,2,1,1,0
19820006736000,42,22,20,1789.2
19820006737000,23,13,10,851
19820006740000,11,4,7,379.5
19820006741000,30,15,15,1383
19820006742000,47,24,23,1978.7
19820006743000,17,8,9,644.3
19820006744000,42,23,19,1583.4
19820006745000,28,12,16,898.8
19820006746000,2,1,1,0
19820006747000,51,24,27,1999.2
19820006748000,17,10,7,642.6
19820006749000,40,20,20,1768
19820006750000,14,6,8,834.4
19820006753000,16,9,7,553.6
19820006754000,198,102,96,7603.2
19820006755000,52,29,23,2418
19820006756000,10,5,5,409
19820006795000,3,1,2,0
19820006796000,8,6,2,328
19820006803000,18,6,12,702
19820006809000,3,2,1,0
19820006815000,39,24,15,1329.9
19820006816000,1,1,0,0
19820006817000,4,3,1,0
19820006818000,1,1,0,0
19820006819000,3,2,1,0
19820006820000,35,15,20,1564.5
19820006821000,2,1,1,0
19820006823000,4,3,1,0
19820006825000,6,4,2,310.2
19820006826000,18,7,11,676.8
19820006831000,9,6,3,437.4
19820006838000,7,3,4,135.1
19820006839000,3,1,2,0
19820006842000,3,2,1,0
19820006853000,6,4,2,243
19820006854000,21,12,9,1026.9
19820006857000,15,7,8,969
19820006858000,11,4,7,554.4
19820006868000,2,1,1,0
19820006869000,36,20,16,1112.4
19820006870000,11,6,5,409.2
19820006882000,18,7,11,770.4
19820006884000,30,15,15,1713
19820006888000,5,4,1,184
19820006894000,1,1,0,0
19820006895000,2,1,1,0
19820006896000,1,1,0,0
19820006901000,1,0,1,0
19820006904000,30,14,16,915
19820006905000,139,71,68,5393.2
19820006906000,1196,600,596,50351.6
19820006907000,473,235,238,17784.8
19820006913000,51,28,23,2136.9
19820006914000,33,18,15,1468.5
19820006915000,44,26,18,1817.2
19830006502000,8,3,5,388.8
19830006504000,3,2,1,0
19830006513000,10,6,4,286
19830006514000,2,1,1,0
19830006516000,2,1,1,0
19830006521000,125,63,62,4350
19830006522000,4,3,1,0
19830006525000,2,1,1,0
19830006528000,28,12,16,890.4
19830006529000,15,7,8,544.5
19830006530000,44,19,25,1786.4
19830006531000,18,9,9,583.2
19830006533000,192,88,104,9408
19830006534000,294,145,149,9790.2
19830006535000,1,1,0,0
19830006536000,20,10,10,924
19830006541000,19,12,7,902.5
19830006551000,18,10,8,711
19830006554000,1,1,0,0
19830006555000,537,277,260,18633.9
19830006562000,9,6,3,254.7
19830006563000,248,128,120,8952.8
19830006570000,20,13,7,614
19830006571000,4,2,2,0
19830006572000,11,7,4,503.8
19830006577000,224,111,113,9139.2
19830006578000,21,10,11,982.8
19830006579000,6,3,3,277.8
19830006581000,27,14,13,866.7
19830006584000,16,9,7,500.8
19830006585000,1,1,0,0
19830006586000,13,7,6,392.6
19830006587000,95,51,44,3581.5
19830006588000,3,2,1,0
19830006593000,6,4,2,411
19830006594000,1,1,0,0
19830006597000,9,5,4,321.3
19830006598000,24,11,13,808.8
19830006601000,22,11,11,770
19830006602000,9,5,4,329.4
19830006614000,1,1,0,0
19830006615000,17,9,8,800.7
19830006616000,7,4,3,457.8
19830006617000,2,1,1,0
19830006636000,146,74,72,5956.8
19830006637000,12,7,5,499.2
19830006639000,2,1,1,0
19830006643000,457,231,226,17503.1
19830006644000,196,109,87,6526.8
19830006652000,37,25,12,1524.4
19830006658000,2,1,1,0
19830006660000,16,8,8,702.4
19830006661000,16,6,10,721.6
19830006663000,36,19,17,1468.8
19830006664000,68,33,35,2862.8
19830006668000,91,48,43,4513.6
19830006669000,174,98,76,7081.8
19830006670000,142,74,68,5310.8
19830006671000,119,56,63,4188.8
19830006672000,422,181,241,20889
19830006673000,3,1,2,0
19830006690000,3,2,1,0
19830006691000,3,1,2,0
19830006692000,2,1,1,0
19830006693000,2,1,1,0
19830006695000,2,1,1,0
19830006696000,1,1,0,0
19830006705000,67,33,34,2747
19830006706000,35,22,13,1480.5
19830006717000,12,5,7,469.2
19830006718000,6,3,3,189
19830006722000,4,1,3,0
19830006723000,49,26,23,2023.7
19830006724000,18,8,10,873
19830006725000,15,11,4,820.5
19830006735000,5,4,1,152
19830006736000,64,34,30,2496
19830006743000,4,1,3,0
19830006747000,20,12,8,544
19830006748000,6,3,3,235.2
19830006749000,24,11,13,1274.4
19830006750000,2,1,1,0
19830006752000,6,2,4,189
19830006753000,16,9,7,441.6
19830006754000,14,6,8,712.6
19830006755000,58,32,26,2064.8
19830006787000,15,9,6,697.5
19830006788000,3,3,0,0
19830006790000,7,4,3,314.3
19830006800000,14,7,7,624.4
19830006801000,1,1,0,0
19830006809000,6,3,3,286.8
19830006810000,3,2,1,0
19830006815000,9,4,5,495.9
19830006816000,4,2,2,0
19830006818000,6,4,2,325.8
19830006820000,4,1,3,0
19830006821000,2,1,1,0
19830006822000,4,1,3,0
19830006824000,2,1,1,0
19830006825000,6,3,3,234
19830006826000,8,6,2,260
19830006827000,1,1,0,0
19830006828000,1,1,0,0
19830006829000,2,1,1,0
19830006831000,1,1,0,0
19830006833000,9,4,5,378.9
19830006836000,1,1,0,0
19830006837000,58,21,37,1664.6
19830006838000,23,13,10,1069.5
19830006853000,2,1,1,0
19830006856000,10,4,6,281
19830006858000,7,3,4,252
19830006861000,3,0,3,0
19830006866000,13,6,7,620.1
19830006868000,4,2,2,0
19830006869000,11,7,4,390.5
19830006882000,9,4,5,297.9
19830006883000,28,16,12,1397.2
19830006884000,11,7,4,577.5
19830006887000,11,8,3,507.1
19830006888000,1,1,0,0
19830006895000,2,1,1,0
19830006901000,1,1,0,0
19830006904000,82,43,39,3296.4
19830006905000,410,224,186,16810
19830006906000,3,3,0,0
19830006907000,354,187,167,15115.8
19830006908000,1,1,0,0
19830006912000,15,7,8,435
19830006914000,35,18,17,1179.5
19830006915000,57,36,21,2730.3
19840006501000,13,5,8,526.5
19840006509000,2,1,1,0
19840006512000,2,1,1,0
19840006518000,1,0,1,0
19840006519000,3,1,2,0
19840006520000,1,0,1,0
19840006521000,77,43,34,3180.1
19840006522000,68,40,28,1740.8
19840006523000,12,6,6,531.6
19840006531000,5,2,3,72
19840006533000,19,9,10,727.7
19840006534000,387,196,191,12035.7
19840006536000,15,8,7,712.5
19840006537000,4,3,1,0
19840006541000,1,1,0,0
19840006549000,13,6,7,302.9
19840006550000,14,9,5,530.6
19840006555000,332,177,155,10756.8
19840006556000,49,24,25,1685.6
19840006561000,1,1,0,0
19840006562000,18,10,8,795.6
19840006567000,28,17,11,985.6
19840006568000,39,23,16,1774.5
19840006570000,4,3,1,0
19840006571000,1,1,0,0
19840006572000,2,1,1,0
19840006577000,292,144,148,11475.6
19840006578000,2,1,1,0
19840006579000,4,2,2,0
19840006580000,2,2,0,0
19840006581000,1,1,0,0
19840006582000,20,9,11,614
19840006583000,41,21,20,1246.4
19840006584000,35,21,14,1204
19840006585000,4,3,1,0
19840006587000,9,4,5,552.6
19840006588000,22,12,10,1023
19840006593000,7,4,3,392
19840006595000,4,1,3,0
19840006596000,21,12,9,930.3
19840006597000,29,13,16,1096.2
19840006598000,9,6,3,367.2
19840006600000,5,2,3,162
19840006601000,22,12,10,1042.8
19840006602000,7,4,3,301
19840006603000,4,1,3,0
19840006604000,2,1,1,0
19840006630000,1,1,0,0
19840006633000,9,6,3,402.3
19840006634000,203,109,94,6638.1
19840006635000,161,86,75,8355.9
19840006636000,200,103,97,8040
19840006637000,46,26,20,1936.6
19840006639000,3,2,1,0
19840006642000,17,8,9,780.3
19840006643000,95,52,43,3496
19840006644000,1,0,1,0
19840006648000,9,5,4,386.1
19840006653000,10,5,5,441
19840006654000,7,4,3,403.2
19840006662000,42,21,21,1743
19840006663000,154,79,75,7530.6
19840006667000,12,5,7,568.8
19840006668000,362,182,180,13176.8
19840006669000,21,10,11,720.3
19840006671000,22,12,10,930.6
19840006672000,11,5,6,524.7
19840006673000,13,7,6,653.9
19840006674000,46,27,19,1941.2
19840006675000,12,4,8,781.2
19840006676000,31,17,14,1404.3
19840006688000,17,7,10,1065.9
19840006689000,2,1,1,0
19840006690000,16,7,9,806.4
19840006691000,8,3,5,356.8
19840006693000,2,1,1,0
19840006705000,2,2,0,0
19840006706000,7,3,4,308
19840006707000,6,3,3,283.8
19840006708000,3,2,1,0
19840006713000,2,1,1,0
19840006717000,1,1,0,0
19840006718000,50,28,22,2040
19840006719000,15,7,8,691.5
19840006720000,27,14,13,999
19840006721000,13,4,9,604.5
19840006725000,10,4,6,302
19840006726000,42,23,19,1860.6
19840006728000,7,3,4,303.1
19840006735000,21,13,8,787.5
19840006737000,16,8,8,614.4
19840006738000,43,24,19,2128.5
19840006747000,9,4,5,358.2
19840006752000,11,6,5,566.5
19840006753000,9,6,3,458.1
19840006756000,7,3,4,459.2
19840006757000,6,3,3,387
19840006758000,6,3,3,379.2
19840006759000,6,4,2,271.2
19840006767000,1,1,0,0
19840006787000,17,8,9,785.4
19840006788000,20,9,11,914
19840006790000,7,4,3,480.2
19840006800000,2,1,1,0
19840006801000,37,16,21,1975.8
19840006803000,8,3,5,336
19840006808000,4,2,2,0
19840006818000,18,9,9,574.2
19840006819000,24,14,10,1099.2
19840006820000,34,17,17,1485.8
19840006821000,31,16,15,1373.3
19840006822000,32,15,17,1251.2
19840006823000,3,1,2,0
19840006826000,1,1,0,0
19840006829000,4,2,2,0
19840006830000,4,3,1,0
19840006831000,4,2,2,0
19840006832000,5,4,1,248
19840006834000,19,8,11,927.2
19840006835000,10,6,4,422
19840006836000,15,8,7,633
19840006837000,137,58,79,3096.2
19840006838000,7,2,5,252
19840006849000,6,3,3,420
19840006856000,15,11,4,703.5
19840006857000,4,2,2,0
19840006858000,19,12,7,974.7
19840006861000,2,2,0,0
19840006865000,14,7,7,672
19840006867000,5,2,3,153
19840006868000,6,4,2,225
19840006872000,7,2,5,263.9
19840006883000,13,7,6,530.4
19840006886000,2,1,1,0
19840006900000,1,1,0,0
19840006902000,3,1,2,0
19840006903000,3,1,2,0
19840006904000,390,193,197,15522
19840006905000,96,52,44,3974.4
19840006906000,1,1,0,0
19840006907000,7,3,4,431.9
19840006908000,19,12,7,805.6
19840006910000,93,42,51,4147.8
19840006911000,342,181,161,15424.2
19840006912000,103,52,51,4459.9
19840006914000,20,11,9,842
19840006915000,17,12,5,561
19850006499000,6,2,4,372
19850006500000,43,23,20,1737.2
19850006501000,2,2,0,0
19850006502000,4,3,1,0
19850006511000,6,3,3,316.2
19850006512000,2,1,1,0
19850006519000,3,1,2,0
19850006521000,8,4,4,267.2
19850006522000,66,41,25,3471.6
19850006528000,2,1,1,0
19850006534000,42,21,21,1604.4
19850006537000,2,1,1,0
19850006550000,6,4,2,277.2
19850006556000,9,6,3,370.8
19850006562000,14,9,5,694.4
19850006567000,10,5,5,467
19850006571000,2,2,0,0
19850006574000,4,2,2,0
19850006577000,668,328,340,26653.2
19850006578000,251,127,124,7831.2
19850006581000,19,11,8,752.4
19850006582000,36,17,19,1868.4
19850006583000,1,1,0,0
19850006584000,23,11,12,924.6
19850006585000,61,26,35,2440
19850006586000,23,11,12,972.9
19850006587000,126,68,58,4737.6
19850006588000,8,6,2,384.8
19850006596000,22,10,12,880
19850006604000,6,4,2,403.8
19850006605000,8,3,5,355.2
19850006606000,8,3,5,503.2
19850006620000,8,4,4,407.2
19850006621000,2,1,1,0
19850006622000,3,2,1,0
19850006623000,2,1,1,0
19850006629000,49,27,22,1445.5
19850006630000,81,36,45,4122.9
19850006631000,5,3,2,306
19850006635000,8,3,5,276
19850006636000,26,13,13,1027
19850006637000,5,3,2,293
19850006638000,10,5,5,633
19850006639000,24,13,11,796.8
19850006643000,18,12,6,975.6
19850006644000,23,12,11,966
19850006647000,27,15,12,1161
19850006649000,6,2,4,292.8
19850006653000,10,5,5,579
19850006654000,15,6,9,607.5
19850006662000,22,10,12,761.2
19850006664000,50,28,22,1925
19850006665000,129,67,62,5327.7
19850006666000,35,18,17,1743
19850006667000,44,22,22,1865.6
19850006668000,39,18,21,936
19850006677000,41,18,23,1914.7
19850006678000,7,3,4,462
19850006687000,8,4,4,275.2
19850006688000,6,3,3,241.2
19850006692000,1,1,0,0
19850006698000,4,3,1,0
19850006699000,13,7,6,383.5
19850006709000,8,7,1,412.8
19850006712000,19,7,12,856.9
19850006713000,42,25,17,2247
19850006715000,19,12,7,1079.2
19850006718000,41,22,19,1525.2
19850006719000,47,24,23,2129.1
19850006720000,53,23,30,1923.9
19850006721000,41,23,18,1783.5
19850006722000,6,4,2,217.8
19850006725000,35,21,14,1354.5
19850006728000,4,2,2,0
19850006729000,30,12,18,1104
19850006730000,21,15,6,842.1
19850006733000,1,0,1,0
19850006734000,2,1,1,0
19850006735000,169,89,80,6793.8
19850006736000,42,23,19,1785
19850006738000,16,9,7,668.8
19850006739000,3,2,1,0
19850006757000,79,42,37,3934.2
19850006766000,1,1,0,0
19850006781000,8,5,3,435.2
19850006782000,2,0,2,0
19850006783000,13,7,6,686.4
19850006784000,2,1,1,0
19850006790000,20,13,7,700
19850006801000,21,13,8,898.8
19850006802000,71,36,35,2428.2
19850006803000,66,36,30,2600.4
19850006809000,6,3,3,310.8
19850006817000,1,1,0,0
19850006818000,5,2,3,174
19850006819000,11,6,5,355.3
19850006828000,3,2,1,0
19850006829000,2,0,2,0
19850006830000,2,1,1,0
19850006835000,5,3,2,296
19850006836000,111,58,53,4173.6
19850006837000,6,4,2,343.2
19850006840000,1,1,0,0
19850006849000,1,1,0,0
19850006852000,8,4,4,284.8
19850006855000,2,2,0,0
19850006856000,33,18,15,1557.6
19850006858000,1,1,0,0
19850006861000,34,19,15,1336.2
19850006864000,16,8,8,715.2
19850006865000,28,14,14,1094.8
19850006886000,11,7,4,407
19850006900000,1,1,0,0
19850006902000,1,1,0,0
19850006903000,76,45,31,1976
19850006904000,77,33,44,2902.9
19850006908000,10,5,5,388
19850006909000,9,3,6,494.1
19850006910000,33,18,15,1359.6
19850006911000,60,30,30,2220
19850006912000,36,19,17,1252.8
19850006913000,70,34,36,2576
19850006914000,29,14,15,1510.9
19860006499000,2,1,1,0
19860006504000,5,3,2,199
19860006519000,3,1,2,0
19860006520000,8,5,3,434.4
19860006521000,27,12,15,999
19860006522000,42,25,17,1675.8
19860006523000,8,6,2,243.2
19860006529000,11,7,4,390.5
19860006536000,1,1,0,0
19860006538000,10,6,4,387
19860006563000,7,5,2,202.3
19860006564000,6,3,3,322.2
19860006565000,2,2,0,0
19860006566000,13,8,5,419.9
19860006574000,3,2,1,0
19860006575000,96,49,47,3984
19860006576000,684,343,341,31737.6
19860006577000,1671,819,852,63498
19860006578000,1170,584,586,35568
19860006581000,2,1,1,0
19860006582000,65,34,31,2463.5
19860006583000,61,34,27,1811.7
19860006584000,17,9,8,783.7
19860006586000,32,15,17,1353.6
19860006587000,62,28,34,2250.6
19860006589000,5,1,4,109
19860006590000,7,2,5,105
19860006595000,3,2,1,0
19860006601000,6,3,3,298.8
19860006605000,26,14,12,863.2
19860006607000,6,4,2,406.8
19860006612000,3,2,1,0
19860006614000,9,4,5,477.9
19860006615000,16,8,8,721.6
19860006616000,11,6,5,617.1
19860006617000,2,1,1,0
19860006628000,37,16,21,1465.2
19860006629000,31,14,17,697.5
19860006630000,288,152,136,11923.2
19860006631000,55,28,27,2370.5
19860006632000,10,5,5,314
19860006636000,11,5,6,269.5
19860006643000,14,9,5,569.8
19860006644000,19,8,11,725.8
19860006646000,59,33,26,2230.2
19860006647000,9,5,4,438.3
19860006654000,7,4,3,210
19860006661000,1,1,0,0
19860006664000,108,57,51,4968
19860006665000,111,60,51,3840.6
19860006666000,12,7,5,650.4
19860006677000,47,24,23,1569.8
19860006678000,429,230,199,16430.7
19860006679000,15,8,7,376.5
19860006686000,16,11,5,932.8
19860006687000,24,13,11,1142.4
19860006688000,9,4,5,342.9
19860006693000,1,0,1,0
19860006695000,4,2,2,0
19860006697000,26,16,10,1310.4
19860006698000,22,8,14,1265
19860006699000,22,8,14,1104.4
19860006700000,4,2,2,0
19860006703000,2,1,1,0
19860006704000,58,33,25,3503.2
19860006706000,24,13,11,1171.2
19860006713000,15,5,10,645
19860006714000,4,2,2,0
19860006719000,12,5,7,411.6
19860006720000,2,1,1,0
19860006726000,2,1,1,0
19860006728000,7,5,2,490.7
19860006729000,1,1,0,0
19860006730000,7,4,3,443.8
19860006731000,9,5,4,504.9
19860006735000,3,2,1,0
19860006736000,6,2,4,240
19860006738000,6,3,3,250.8
19860006740000,21,10,11,1211.7
19860006746000,9,6,3,360.9
19860006747000,1,1,0,0
19860006748000,6,3,3,253.2
19860006756000,12,6,6,522
19860006757000,30,15,15,1707
19860006766000,21,12,9,1012.2
19860006781000,9,6,3,287.1
19860006784000,8,3,5,610.4
19860006785000,1,0,1,0
19860006788000,43,21,22,1238.4
19860006789000,13,5,8,751.4
19860006792000,5,3,2,132
19860006793000,9,5,4,458.1
19860006798000,7,3,4,345.8
19860006801000,1,1,0,0
19860006803000,28,16,12,896
19860006809000,6,2,4,319.8
19860006816000,4,2,2,0
19860006817000,2,2,0,0
19860006828000,5,3,2,355
19860006829000,2,1,1,0
19860006840000,95,46,49,3553
19860006841000,4,2,2,0
19860006850000,8,4,4,215.2
19860006851000,2,1,1,0
19860006853000,4,3,1,0
19860006861000,1,1,0,0
19860006864000,14,10,4,649.6
19860006865000,3,2,1,0
19860006886000,111,54,57,5783.1
19860006891000,1,1,0,0
19860006898000,6,4,2,391.2
19860006902000,9,5,4,423
19860006903000,16,9,7,387.2
19860006911000,6,4,2,244.2
19860006931000,35,16,19,1456
19860006932000,7,3,4,158.9
19870006499000,6,2,4,268.8
19870006519000,2,1,1,0
19870006520000,25,13,12,1170
19870006521000,6,3,3,333
19870006522000,2,1,1,0
19870006523000,4,2,2,0
19870006528000,9,5,4,311.4
19870006533000,4,3,1,0
19870006535000,2,2,0,0
19870006536000,12,5,7,572.4
19870006537000,13,6,7,496.6
19870006562000,4,2,2,0
19870006563000,102,50,52,4824.6
19870006565000,12,5,7,463.2
19870006574000,68,29,39,2271.2
19870006575000,271,147,124,9485
19870006576000,346,173,173,12594.4
19870006577000,1369,687,682,50653
19870006578000,283,150,133,9650.3
19870006582000,47,24,23,1518.1
19870006583000,32,18,14,1225.6
19870006584000,14,7,7,569.8
19870006587000,7,3,4,233.8
19870006589000,26,10,16,741
19870006595000,8,4,4,276
19870006597000,11,7,4,641.3
19870006598000,1,0,1,0
19870006606000,2,1,1,0
19870006612000,18,10,8,1015.2
19870006614000,33,13,20,1313.4
19870006628000,11,6,5,412.5
19870006629000,6,3,3,421.8
19870006630000,3,3,0,0
19870006631000,16,10,6,686.4
19870006632000,36,19,17,1141.2
19870006646000,139,67,72,5434.9
19870006647000,5,3,2,267
19870006649000,7,4,3,364.7
19870006654000,2,1,1,0
19870006655000,16,8,8,640
19870006656000,71,38,33,2861.3
19870006678000,51,23,28,1973.7
19870006679000,10,5,5,392
19870006686000,29,10,19,1412.3
19870006687000,19,10,9,868.3
19870006693000,3,2,1,0
19870006694000,1,1,0,0
19870006701000,3,2,1,0
19870006702000,4,2,2,0
19870006703000,81,41,40,3426.3
19870006704000,24,15,9,1111.2
19870006705000,2,1,1,0
19870006706000,4,1,3,0
19870006707000,4,2,2,0
19870006708000,36,20,16,1245.6
19870006713000,16,7,9,929.6
19870006714000,133,64,69,5133.8
19870006715000,81,43,38,3126.6
19870006720000,6,3,3,190.8
19870006724000,5,4,1,110
19870006726000,24,15,9,1084.8
19870006727000,14,7,7,562.8
19870006728000,24,12,12,1094.4
19870006729000,24,12,12,1142.4
19870006731000,41,20,21,1681
19870006732000,20,12,8,690
19870006739000,25,11,14,1055
19870006740000,56,28,28,2620.8
19870006744000,2,2,0,0
19870006745000,2,1,1,0
19870006759000,5,3,2,344
19870006760000,12,6,6,426
19870006762000,3,1,2,0
19870006765000,2,1,1,0
19870006766000,3,3,0,0
19870006781000,4,2,2,0
19870006785000,2,1,1,0
19870006788000,12,7,5,825.6
19870006789000,59,33,26,3085.7
19870006790000,13,6,7,500.5
19870006801000,13,5,8,768.3
19870006802000,15,7,8,796.5
19870006803000,22,14,8,855.8
19870006810000,13,6,7,533
19870006814000,7,3,4,247.1
19870006816000,26,12,14,1378
19870006817000,2,1,1,0
19870006825000,1,1,0,0
19870006826000,14,8,6,737.8
19870006829000,2,1,1,0
19870006836000,5,3,2,224
19870006837000,2,1,1,0
19870006838000,8,5,3,380
19870006839000,44,20,24,2068
19870006840000,378,191,187,13986
19870006841000,293,145,148,11104.7
19870006852000,13,8,5,526.5
19870006853000,26,10,16,767
19870006855000,7,4,3,450.1
19870006861000,16,10,6,582.4
19870006862000,2,1,1,0
19870006863000,6,4,2,406.8
19870006864000,2,1,1,0
19870006869000,6,2,4,225
19870006886000,344,176,168,13588
19870006898000,3,2,1,0
19870006899000,2,1,1,0
19870006902000,2,1,1,0
19870006903000,8,5,3,360.8
19870006907000,2,2,0,0
19870006911000,36,19,17,1980
19870006914000,2,1,1,0
19870006931000,37,19,18,1295
19880006499000,30,16,14,1485
19880006500000,5,3,2,207
19880006503000,5,3,2,86
19880006504000,1,0,1,0
19880006508000,2,1,1,0
19880006519000,6,4,2,301.2
19880006520000,2,1,1,0
19880006522000,13,5,8,715
19880006523000,19,9,10,841.7
19880006524000,7,4,3,205.8
19880006534000,7,3,4,284.9
19880006535000,15,6,9,631.5
19880006536000,18,9,9,583.2
19880006537000,7,4,3,224
19880006539000,25,14,11,1115
19880006556000,2,1,1,0
19880006557000,2,1,1,0
19880006562000,17,9,8,843.2
19880006563000,319,159,160,11834.9
19880006564000,71,32,39,3720.4
19880006566000,7,4,3,282.8
19880006567000,10,4,6,349
19880006572000,3,2,1,0
19880006573000,28,17,11,1016.4
19880006574000,58,32,26,2563.6
19880006576000,2,1,1,0
19880006582000,12,6,6,369.6
19880006587000,8,4,4,375.2
19880006590000,12,7,5,602.4
19880006591000,27,12,15,866.7
19880006592000,35,15,20,1470
19880006596000,6,3,3,279
19880006597000,15,9,6,576
19880006598000,1,1,0,0
19880006601000,15,10,5,600
19880006604000,5,2,3,272
19880006605000,3,2,1,0
19880006606000,7,3,4,347.9
19880006612000,2,1,1,0
19880006629000,1,1,0,0
19880006632000,19,11,8,894.9
19880006633000,29,17,12,1131
19880006646000,108,58,50,3855.6
19880006647000,68,36,32,2210
19880006648000,5,3,2,335
19880006650000,30,14,16,1350
19880006656000,49,28,21,2018.8
19880006661000,37,16,21,1528.1
19880006678000,13,7,6,457.6
19880006679000,26,14,12,1240.2
19880006687000,15,8,7,613.5
19880006688000,156,74,82,7628.4
19880006689000,4,1,3,0
19880006692000,8,2,6,220.8
19880006693000,5,3,2,392
19880006694000,3,1,2,0
19880006700000,1,1,0,0
19880006701000,2,1,1,0
19880006702000,2,1,1,0
19880006703000,11,4,7,330
19880006706000,2,1,1,0
19880006707000,26,14,12,1229.8
19880006708000,43,22,21,2076.9
19880006713000,25,11,14,1112.5
19880006714000,253,120,133,10980.2
19880006715000,156,83,73,5912.4
19880006728000,2,1,1,0
19880006729000,7,4,3,296.8
19880006731000,47,25,22,2613.2
19880006738000,36,20,16,1684.8
19880006741000,74,42,32,3004.4
19880006749000,2,2,0,0
19880006761000,3,1,2,0
19880006766000,5,2,3,168
19880006780000,5,3,2,231
19880006785000,6,2,4,520.8
19880006786000,7,5,2,179.9
19880006791000,16,7,9,600
19880006805000,4,3,1,0
19880006806000,3,2,1,0
19880006811000,5,3,2,271
19880006812000,12,4,8,583.2
19880006815000,8,2,6,250.4
19880006816000,19,9,10,794.2
19880006817000,2,1,1,0
19880006827000,2,0,2,0
19880006830000,3,2,1,0
19880006836000,6,4,2,280.8
19880006837000,18,8,10,576
19880006838000,87,45,42,3871.5
19880006839000,65,33,32,2210
19880006840000,218,109,109,8066
19880006841000,196,100,96,9114
19880006851000,18,7,11,509.4
19880006852000,10,6,4,460
19880006855000,19,13,6,600.4
19880006856000,11,5,6,523.6
19880006864000,2,1,1,0
19880006865000,8,7,1,363.2
19880006866000,9,3,6,308.7
19880006867000,1,1,0,0
19880006869000,10,6,4,532
19880006871000,1,1,0,0
19880006886000,266,136,130,12289.2
19880006887000,312,160,152,12948
19880006898000,9,5,4,510.3
19880006902000,29,15,14,1400.7
19880006903000,70,41,29,2863
19880006905000,9,5,4,443.7
19880006909000,19,11,8,839.8
19880006910000,33,15,18,1590.6
19880006914000,12,5,7,836.4
19880006924000,5,3,2,383
19880006926000,14,6,8,763
19880006927000,4,2,2,0
19880006931000,8,5,3,506.4
19890006498000,12,6,6,681.6
19890006499000,95,50,45,4227.5
19890006500000,28,15,13,879.2
19890006502000,14,8,6,491.4
19890006503000,6,2,4,277.2
19890006508000,1,1,0,0
19890006522000,13,6,7,604.5
19890006523000,8,4,4,280.8
19890006524000,14,9,5,653.8
19890006525000,6,4,2,199.2
19890006542000,10,7,3,297
19890006559000,20,11,9,920
19890006560000,22,9,13,836
19890006562000,2,0,2,0
19890006563000,41,23,18,963.5
19890006566000,2,1,1,0
19890006568000,5,3,2,333
19890006572000,1,1,0,0
19890006573000,6,4,2,289.2
19890006574000,1,0,1,0
19890006587000,3,2,1,0
19890006588000,27,12,15,1266.3
19890006591000,2,1,1,0
19890006592000,6,4,2,208.8
19890006593000,57,28,29,2040.6
19890006594000,16,10,6,556.8
19890006596000,13,7,6,611
19890006597000,12,5,7,414
19890006598000,9,6,3,531.9
19890006601000,5,3,2,115
19890006604000,7,3,4,142.8
19890006616000,6,3,3,277.2
19890006617000,13,6,7,436.8
19890006618000,2,2,0,0
19890006628000,6,2,4,159
19890006629000,28,13,15,1030.4
19890006632000,3,3,0,0
19890006633000,27,16,11,1371.6
19890006634000,48,25,23,1684.8
19890006635000,9,4,5,325.8
19890006646000,7,5,2,399.7
19890006647000,16,7,9,521.6
19890006648000,264,136,128,10692
19890006650000,40,24,16,1508
19890006656000,15,6,9,790.5
19890006657000,1,0,1,0
19890006661000,6,3,3,334.2
19890006662000,6,4,2,337.2
19890006678000,85,47,38,4547.5
19890006679000,8,6,2,420.8
19890006681000,5,4,1,195
19890006688000,18,8,10,1024.2
19890006693000,3,1,2,0
19890006696000,1,1,0,0
19890006697000,19,8,11,739.1
19890006706000,8,5,3,458.4
19890006707000,8,5,3,454.4
19890006708000,59,31,28,2495.7
19890006713000,6,3,3,330
19890006714000,148,74,74,5668.4
19890006728000,24,14,10,852
19890006731000,23,11,12,922.3
19890006732000,88,46,42,3722.4
19890006737000,4,2,2,0
19890006738000,1,1,0,0
19890006739000,3,3,0,0
19890006740000,26,15,11,1066
19890006741000,73,35,38,3350.7
19890006765000,1,1,0,0
19890006767000,2,1,1,0
19890006772000,2,1,1,0
19890006781000,1,0,1,0
19890006785000,101,50,51,3656.2
19890006805000,5,2,3,268
19890006806000,18,10,8,799.2
19890006807000,1,1,0,0
19890006811000,126,53,73,5959.8
19890006815000,27,15,12,1131.3
19890006817000,3,1,2,0
19890006820000,2,1,1,0
19890006836000,7,3,4,324.1
19890006838000,9,5,4,501.3
19890006839000,6,2,4,220.8
19890006842000,11,6,5,379.5
19890006851000,3,2,1,0
19890006852000,6,4,2,328.8
19890006855000,28,12,16,1366.4
19890006864000,5,1,4,331
19890006865000,2,1,1,0
19890006868000,19,9,10,1065.9
19890006872000,6,4,2,249
19890006886000,159,76,83,5994.3
19890006892000,2,1,1,0
19890006898000,6,3,3,175.2
19890006909000,220,103,117,8844
19890006910000,47,22,25,2053.9
19890006925000,1,0,1,0
19890006926000,1,1,0,0
19890006930000,9,5,4,297.9
19890006931000,22,15,7,886.6
19890006932000,4,2,2,0
19890006933000,29,16,13,1450
19900006497000,126,69,57,5027.4
19900006498000,243,118,125,7873.2
19900006499000,491,247,244,19001.7
19900006500000,513,275,238,19288.8
19900006502000,34,18,16,1465.4
19900006503000,10,5,5,195
19900006505000,25,11,14,842.5
19900006506000,13,7,6,552.5
19900006507000,2,0,2,0
19900006513000,8,3,5,372
19900006514000,10,5,5,532
19900006515000,10,6,4,287
19900006517000,7,4,3,308.7
19900006519000,4,2,2,0
19900006521000,1,0,1,0
19900006522000,2,1,1,0
19900006523000,11,6,5,512.6
19900006524000,2,1,1,0
19900006525000,6,4,2,273
19900006539000,21,10,11,695.1
19900006542000,3,2,1,0
19900006557000,12,5,7,561.6
19900006558000,64,30,34,2496
19900006562000,34,21,13,1050.6
19900006567000,8,3,5,212.8
19900006573000,2,1,1,0
19900006578000,13,7,6,648.7
19900006579000,6,3,3,309
19900006588000,24,17,7,1020
19900006590000,9,3,6,340.2
19900006593000,113,60,53,4576.5
19900006594000,40,19,21,1332
19900006596000,9,5,4,315
19900006597000,3,1,2,0
19900006598000,4,2,2,0
19900006599000,1,1,0,0
19900006601000,14,4,10,434
19900006602000,7,3,4,217.7
19900006606000,4,3,1,0
19900006611000,11,4,7,623.7
19900006612000,73,39,34,3613.5
19900006618000,10,5,5,506
19900006619000,6,3,3,378
19900006620000,9,5,4,288.9
19900006621000,9,5,4,203.4
19900006627000,6,2,4,355.8
19900006628000,39,16,23,1579.5
19900006629000,44,26,18,1984.4
19900006630000,11,4,7,312.4
19900006633000,15,7,8,549
19900006634000,20,10,10,826
19900006648000,263,123,140,11151.2
19900006649000,232,122,110,9883.2
19900006650000,40,20,20,1372
19900006656000,312,161,151,12948
19900006657000,3,2,1,0
19900006662000,63,31,32,2450.7
19900006663000,21,12,9,940.8
19900006678000,104,60,44,3889.6
19900006679000,373,184,189,15927.1
19900006685000,10,5,5,315
19900006687000,13,7,6,574.6
19900006688000,4,2,2,0
19900006689000,9,7,2,401.4
19900006693000,2,1,1,0
19900006708000,17,6,11,712.3
19900006714000,16,7,9,638.4
19900006728000,24,13,11,1053.6
19900006731000,70,32,38,2730
19900006732000,290,161,129,12093
19900006733000,50,31,19,2310
19900006737000,29,15,14,1423.9
19900006740000,16,8,8,700.8
19900006750000,1,1,0,0
19900006764000,2,1,1,0
19900006767000,2,1,1,0
19900006768000,48,23,25,2097.6
19900006769000,10,5,5,484
19900006770000,2,2,0,0
19900006771000,4,1,3,0
19900006774000,1,1,0,0
19900006775000,2,1,1,0
19900006785000,34,15,19,1135.6
19900006811000,59,33,26,2466.2
19900006817000,9,4,5,471.6
19900006818000,9,3,6,325.8
19900006819000,4,3,1,0
19900006820000,1,0,1,0
19900006827000,9,4,5,321.3
19900006835000,18,6,12,511.2
19900006836000,22,13,9,981.2
19900006838000,10,5,5,569
19900006841000,2,1,1,0
19900006851000,85,46,39,3196
19900006852000,26,11,15,1120.6
19900006853000,15,7,8,709.5
19900006855000,35,17,18,1515.5
19900006864000,5,1,4,86
19900006866000,2,2,0,0
19900006868000,23,12,11,1067.2
19900006871000,13,6,7,322.4
19900006872000,2,0,2,0
19900006908000,13,5,8,299
19900006909000,2,2,0,0
19900006911000,7,4,3,219.8
19900006929000,3,1,2,0
19900006930000,1,1,0,0
19900006934000,4,1,3,0
19900006935000,3,2,1,0
19910006498000,40,20,20,1868
19910006499000,306,146,160,12699
19910006500000,650,315,335,29055
19910006503000,7,5,2,149.8
19910006506000,1,1,0,0
19910006507000,1,1,0,0
19910006508000,6,4,2,318
19910006509000,2,1,1,0
19910006510000,7,3,4,335.3
19910006511000,10,5,5,320
19910006513000,3,2,1,0
19910006515000,18,9,9,709.2
19910006516000,1,0,1,0
19910006522000,2,1,1,0
19910006524000,6,3,3,400.2
19910006525000,2,1,1,0
19910006531000,7,4,3,394.8
19910006541000,7,3,4,321.3
19910006542000,14,8,6,567
19910006544000,6,4,2,267
19910006554000,3,2,1,0
19910006555000,60,32,28,2586
19910006558000,26,13,13,1133.6
19910006562000,107,55,52,3424
19910006588000,41,21,20,1635.9
19910006595000,1,1,0,0
19910006599000,28,16,12,1282.4
19910006601000,3,2,1,0
19910006602000,6,4,2,276
19910006605000,3,1,2,0
19910006611000,3,1,2,0
19910006612000,75,42,33,2820
19910006614000,8,5,3,267.2
19910006615000,1,0,1,0
19910006620000,41,23,18,1201.3
19910006621000,19,10,9,843.6
19910006623000,1,1,0,0
19910006629000,14,5,9,813.4
19910006630000,19,8,11,853.1
19910006631000,7,3,4,345.8
19910006632000,4,3,1,0
19910006634000,1,1,0,0
19910006636000,3,1,2,0
19910006647000,38,16,22,1288.2
19910006648000,78,39,39,3034.2
19910006649000,315,162,153,11844
19910006650000,248,127,121,9052
19910006654000,1,1,0,0
19910006655000,27,15,12,1242
19910006656000,231,122,109,10649.1
19910006657000,28,16,12,1363.6
19910006663000,40,21,19,1968
19910006664000,2,1,1,0
19910006677000,1,0,1,0
19910006678000,41,22,19,1685.1
19910006679000,47,24,23,1334.8
19910006680000,231,117,114,9078.3
19910006687000,13,9,4,598
19910006690000,2,0,2,0
19910006697000,9,4,5,574.2
19910006709000,12,6,6,409.2
19910006713000,46,22,24,1692.8
19910006714000,32,14,18,1382.4
19910006715000,31,14,17,843.2
19910006728000,103,51,52,4367.2
19910006729000,186,97,89,7663.2
19910006731000,104,55,49,4149.6
19910006732000,9,3,6,335.7
19910006733000,2,1,1,0
19910006738000,38,18,20,1178
19910006740000,270,149,121,10314
19910006741000,1,0,1,0
19910006742000,1,1,0,0
19910006744000,5,3,2,129
19910006745000,9,6,3,471.6
19910006763000,5,2,3,259
19910006768000,9,5,4,246.6
19910006769000,1,1,0,0
19910006775000,2,1,1,0
19910006776000,6,4,2,217.2
19910006805000,6,3,3,304.2
19910006806000,49,24,25,1837.5
19910006812000,12,6,6,483.6
19910006813000,2,1,1,0
19910006814000,5,2,3,218
19910006817000,12,7,5,381.6
19910006818000,16,8,8,825.6
19910006827000,9,4,5,448.2
19910006828000,5,2,3,120
19910006836000,7,3,4,305.2
19910006842000,21,12,9,861
19910006850000,3,2,1,0
19910006851000,16,8,8,649.6
19910006854000,2,1,1,0
19910006855000,8,4,4,312
19910006861000,2,1,1,0
19910006864000,3,1,2,0
19910006868000,9,5,4,225.9
19910006871000,13,7,6,661.7
19910006872000,4,3,1,0
19910006896000,43,19,24,1892
19910006897000,32,21,11,1081.6
19910006898000,2,1,1,0
19910006902000,7,3,4,489.3
19910006907000,19,9,10,860.7
19910006910000,7,3,4,217.7
19910006911000,4,2,2,0
19910006913000,4,2,2,0
19910006924000,11,5,6,498.3
19910006928000,4,3,1,0
19910006929000,5,3,2,293
19910006934000,29,16,13,1560.2
19920006495000,2,1,1,0
19920006498000,2,1,1,0
19920006499000,52,29,23,2340
19920006500000,58,27,31,2302.6
19920006501000,20,11,9,806
19920006502000,6,4,2,412.2
19920006503000,5,3,2,297
19920006511000,7,3,4,319.2
19920006512000,3,2,1,0
19920006522000,8,4,4,427.2
19920006525000,3,2,1,0
19920006544000,3,2,1,0
19920006545000,34,18,16,1278.4
19920006553000,9,3,6,368.1
19920006554000,22,12,10,1040.6
19920006559000,11,6,5,687.5
19920006563000,5,3,2,251
19920006564000,16,8,8,579.2
19920006590000,15,8,7,900
19920006591000,21,10,11,774.9
19920006592000,18,11,7,523.8
19920006594000,4,2,2,0
19920006596000,1,1,0,0
19920006597000,6,3,3,390
19920006598000,14,5,9,971.6
19920006599000,64,34,30,2739.2
19920006601000,5,3,2,313
19920006602000,1,0,1,0
19920006612000,2,1,1,0
19920006621000,12,6,6,662.4
19920006624000,7,4,3,217
19920006627000,13,7,6,595.4
19920006630000,18,8,10,635.4
19920006631000,10,6,4,431
19920006636000,4,2,2,0
19920006647000,42,22,20,1780.8
19920006648000,34,15,19,1305.6
19920006649000,71,38,33,3081.4
19920006650000,28,13,15,1176
19920006655000,6,4,2,220.8
19920006656000,3,2,1,0
19920006657000,27,14,13,1422.9
19920006658000,4,2,2,0
19920006676000,7,4,3,279.3
19920006677000,35,18,17,1750
19920006678000,4,2,2,0
19920006680000,14,9,5,554.4
19920006690000,6,1,5,421.2
19920006691000,7,3,4,345.8
19920006713000,60,32,28,2124
19920006728000,2,1,1,0
19920006729000,55,27,28,2321
19920006730000,352,171,181,16192
19920006731000,298,147,151,11353.8
19920006732000,6,3,3,289.8
19920006738000,48,25,23,2260.8
19920006739000,45,23,22,2043
19920006740000,662,332,330,27671.6
19920006741000,29,16,13,1522.5
19920006742000,5,3,2,144
19920006745000,6,4,2,445.2
19920006748000,63,36,27,2709
19920006749000,10,5,5,435
19920006761000,8,4,4,510.4
19920006763000,1,1,0,0
19920006764000,3,2,1,0
19920006812000,8,4,4,316
19920006817000,17,14,3,817.7
19920006818000,5,3,2,190
19920006827000,8,4,4,483.2
19920006834000,1,0,1,0
19920006836000,8,4,4,420
19920006838000,2,1,1,0
19920006841000,6,4,2,409.8
19920006842000,13,6,7,585
19920006849000,31,17,14,1457
19920006850000,8,5,3,412.8
19920006852000,7,5,2,301.7
19920006854000,5,2,3,335
19920006864000,3,1,2,0
19920006867000,9,5,4,468.9
19920006869000,2,1,1,0
19920006872000,1,1,0,0
19920006896000,17,8,9,783.7
19920006898000,22,9,13,1405.8
19920006899000,7,4,3,200.2
19920006906000,19,10,9,851.2
19920006907000,37,23,14,1679.8
19920006908000,27,15,12,1471.5
19920006910000,5,3,2,142
19920006912000,16,8,8,758.4
19920006913000,1,0,1,0
19920006924000,12,6,6,720
19920006932000,3,2,1,0
19920006933000,4,2,2,0
19930006496000,4,3,1,0
19930006500000,20,11,9,976
19930006502000,5,2,3,258
19930006503000,7,4,3,403.2
19930006504000,3,2,1,0
19930006514000,4,3,1,0
19930006516000,2,1,1,0
19930006522000,9,5,4,347.4
19930006523000,2,1,1,0
19930006552000,8,4,4,392
19930006553000,9,5,4,388.8
19930006559000,5,1,4,80
19930006560000,15,7,8,600
19930006563000,4,2,2,0
19930006568000,2,1,1,0
19930006591000,2,1,1,0
19930006592000,8,4,4,414.4
19930006593000,18,8,10,523.8
19930006596000,17,8,9,727.6
19930006597000,18,8,10,838.8
19930006598000,4,3,1,0
19930006599000,6,2,4,253.8
19930006602000,5,2,3,181
19930006604000,11,7,4,492.8
19930006611000,1,1,0,0
19930006612000,4,2,2,0
19930006613000,4,2,2,0
19930006618000,6,2,4,225
19930006620000,1,0,1,0
19930006621000,25,11,14,902.5
19930006622000,6,4,2,322.8
19930006624000,1,1,0,0
19930006627000,6,3,3,277.8
19930006628000,5,1,4,214
19930006636000,5,4,1,292
19930006646000,3,2,1,0
19930006647000,73,39,34,2920
19930006648000,98,51,47,3763.2
19930006649000,86,54,32,3414.2
19930006650000,4,4,0,0
19930006656000,1,1,0,0
19930006657000,1,0,1,0
19930006663000,3,2,1,0
19930006675000,3,2,1,0
19930006676000,2,1,1,0
19930006680000,16,8,8,937.6
19930006681000,2,2,0,0
19930006689000,14,7,7,526.4
19930006709000,5,3,2,217
19930006710000,9,5,4,357.3
19930006713000,81,38,43,2980.8
19930006714000,4,2,2,0
19930006715000,21,13,8,743.4
19930006728000,2,1,1,0
19930006729000,35,22,13,1200.5
19930006730000,3,2,1,0
19930006731000,66,36,30,2613.6
19930006732000,7,4,3,293.3
19930006740000,19,11,8,655.5
19930006741000,27,15,12,1088.1
19930006748000,357,170,187,13387.5
19930006749000,326,163,163,12811.8
19930006758000,2,2,0,0
19930006789000,4,3,1,0
19930006812000,2,1,1,0
19930006827000,13,7,6,573.3
19930006828000,12,6,6,426
19930006834000,4,3,1,0
19930006837000,3,2,1,0
19930006842000,16,9,7,870.4
19930006850000,2,1,1,0
19930006851000,2,1,1,0
19930006854000,10,6,4,344
19930006859000,12,7,5,417.6
19930006866000,100,50,50,3250
19930006872000,7,4,3,366.8
19930006898000,19,10,9,727.7
19930006899000,27,13,14,1306.8
19930006909000,4,2,2,0
19930006910000,2,1,1,0
19930006912000,5,3,2,334
19930006914000,6,2,4,204
19930006933000,2,2,0,0
19940006502000,8,4,4,444.8
19940006503000,7,4,3,403.2
19940006506000,12,5,7,272.4
19940006509000,4,2,2,0
19940006510000,6,2,4,367.2
19940006514000,8,5,3,180.8
19940006516000,2,1,1,0
19940006521000,20,10,10,776
19940006522000,15,5,10,591
19940006523000,4,1,3,0
19940006551000,2,1,1,0
19940006552000,31,14,17,1367.1
19940006560000,21,9,12,638.4
19940006561000,6,4,2,391.2
19940006568000,9,6,3,356.4
19940006590000,31,15,16,1546.9
19940006592000,5,3,2,209
19940006593000,23,14,9,784.3
19940006594000,3,1,2,0
19940006595000,6,3,3,216
19940006596000,23,12,11,554.3
19940006597000,7,3,4,301
19940006598000,42,19,23,1948.8
19940006609000,5,2,3,102
19940006610000,9,4,5,510.3
19940006611000,2,1,1,0
19940006612000,1,0,1,0
19940006613000,3,2,1,0
19940006616000,3,1,2,0
19940006617000,16,7,9,745.6
19940006618000,1,0,1,0
19940006619000,32,19,13,1379.2
19940006620000,4,2,2,0
19940006621000,4,3,1,0
19940006622000,10,5,5,630
19940006627000,4,4,0,0
19940006628000,2,1,1,0
19940006636000,5,2,3,326
19940006646000,36,18,18,1252.8
19940006647000,24,15,9,940.8
19940006648000,31,14,17,1305.1
19940006649000,45,21,24,1723.5
19940006650000,33,16,17,1013.1
19940006651000,5,2,3,199
19940006656000,10,6,4,312
19940006659000,6,4,2,418.8
19940006660000,5,2,3,201
19940006661000,4,2,2,0
19940006674000,15,8,7,513
19940006675000,6,3,3,250.8
19940006681000,3,2,1,0
19940006689000,6,2,4,415.8
19940006690000,22,10,12,1282.6
19940006691000,50,27,23,2400
19940006692000,30,13,17,1404
19940006693000,1,1,0,0
19940006708000,8,4,4,358.4
19940006709000,4,2,2,0
19940006711000,14,8,6,642.6
19940006713000,17,11,6,708.9
19940006715000,4,2,2,0
19940006727000,3,1,2,0
19940006728000,51,24,27,2274.6
19940006729000,51,29,22,2024.7
19940006741000,9,5,4,414
19940006749000,54,26,28,2030.4
19940006750000,7,3,4,238.7
19940006759000,2,1,1,0
19940006761000,9,5,4,280.8
19940006762000,10,6,4,393
19940006763000,35,15,20,1032.5
19940006766000,1,1,0,0
19940006772000,1,1,0,0
19940006807000,7,3,4,280
19940006808000,3,1,2,0
19940006813000,1,1,0,0
19940006814000,7,4,3,389.9
19940006826000,1,0,1,0
19940006827000,4,4,0,0
19940006840000,5,2,3,253
19940006848000,10,4,6,513
19940006851000,10,6,4,581
19940006859000,2,0,2,0
19940006863000,17,10,7,850
19940006864000,201,99,102,7115.4
19940006865000,154,71,83,6729.8
19940006866000,20,10,10,986
19940006872000,5,2,3,373
19940006896000,8,4,4,299.2
19940006911000,26,12,14,1185.6
19940006912000,3,2,1,0
19940006916000,3,1,2,0
19940006917000,9,5,4,434.7
19940006927000,2,1,1,0
19950006492000,3,2,1,0
19950006504000,8,5,3,228
19950006506000,3,2,1,0
19950006513000,11,6,5,456.5
19950006521000,22,13,9,921.8
19950006551000,189,103,86,7692.3
19950006561000,3,2,1,0
19950006585000,5,2,3,299
19950006590000,115,63,52,4554
19950006591000,5,2,3,167
19950006592000,4,2,2,0
19950006593000,7,3,4,133.7
19950006594000,9,4,5,411.3
19950006595000,25,15,10,830
19950006597000,8,5,3,312
19950006598000,28,12,16,1089.2
19950006599000,4,2,2,0
19950006604000,15,8,7,652.5
19950006605000,29,16,13,1380.4
19950006606000,2,1,1,0
19950006609000,10,6,4,471
19950006610000,5,3,2,137
19950006612000,6,3,3,244.8
19950006613000,6,3,3,232.2
19950006615000,5,2,3,177
19950006618000,4,2,2,0
19950006620000,15,5,10,571.5
19950006627000,9,3,6,495.9
19950006637000,1,1,0,0
19950006646000,15,7,8,738
19950006647000,13,8,5,391.3
19950006650000,33,16,17,1135.2
19950006651000,9,6,3,442.8
19950006659000,9,5,4,509.4
19950006660000,4,2,2,0
19950006666000,4,2,2,0
19950006668000,1,0,1,0
19950006673000,15,7,8,502.5
19950006684000,4,3,1,0
19950006691000,2,1,1,0
19950006692000,99,56,43,3296.7
19950006693000,121,58,63,5699.1
19950006694000,18,12,6,1038.6
19950006695000,12,6,6,717.6
19950006696000,11,4,7,612.7
19950006700000,4,2,2,0
19950006701000,28,15,13,1397.2
19950006702000,1,1,0,0
19950006703000,2,2,0,0
19950006707000,3,2,1,0
19950006708000,6,3,3,217.2
19950006709000,8,6,2,416.8
19950006711000,6,2,4,274.2
19950006712000,16,8,8,748.8
19950006714000,7,4,3,440.3
19950006715000,25,15,10,1190
19950006734000,2,2,0,0
19950006751000,4,1,3,0
19950006760000,9,7,2,466.2
19950006761000,87,42,45,4367.4
19950006762000,15,7,8,711
19950006763000,14,9,5,917
19950006814000,14,6,8,701.4
19950006822000,11,7,4,536.8
19950006824000,1,0,1,0
19950006825000,6,2,4,205.8
19950006826000,4,2,2,0
19950006827000,1,1,0,0
19950006834000,1,1,0,0
19950006839000,9,3,6,270
19950006840000,7,4,3,522.9
19950006841000,8,5,3,412
19950006850000,1,0,1,0
19950006851000,6,2,4,187.2
19950006853000,11,7,4,493.9
19950006854000,20,10,10,1372
19950006858000,11,6,5,478.5
19950006861000,2,1,1,0
19950006862000,6,2,4,223.2
19950006863000,14,8,6,606.2
19950006865000,100,58,42,4480
19950006872000,7,5,2,307.3
19950006894000,5,3,2,302
19950006896000,11,5,6,419.1
19950006903000,3,2,1,0
19950006904000,7,3,4,256.2
19950006911000,23,12,11,1357
19950006912000,5,2,3,125
19950006920000,2,1,1,0
19950006924000,4,2,2,0
19950006925000,138,72,66,4968
19950006926000,25,12,13,1175
19950006928000,5,3,2,365
19950006929000,14,5,9,572.6
19960006491000,2,1,1,0
19960006492000,19,8,11,1052.6
19960006504000,18,10,8,892.8
19960006511000,1,1,0,0
19960006513000,15,6,9,691.5
19960006514000,10,5,5,530
19960006515000,6,3,3,193.2
19960006516000,4,2,2,0
19960006518000,8,5,3,218.4
19960006519000,11,7,4,342.1
19960006520000,134,68,66,5306.4
19960006521000,3,1,2,0
19960006522000,10,4,6,477
19960006550000,17,10,7,656.2
19960006551000,247,129,118,6940.7
19960006585000,1,0,1,0
19960006588000,1,1,0,0
19960006589000,3,2,1,0
19960006590000,123,69,54,5104.5
19960006591000,3,3,0,0
19960006592000,16,8,8,585.6
19960006593000,2,1,1,0
19960006598000,4,2,2,0
19960006599000,145,77,68,6467
19960006602000,10,4,6,393
19960006603000,18,11,7,891
19960006604000,21,12,9,875.7
19960006605000,10,7,3,643
19960006619000,3,1,2,0
19960006627000,7,4,3,366.1
19960006646000,2,2,0,0
19960006647000,10,5,5,442
19960006650000,5,2,3,310
19960006651000,13,7,6,531.7
19960006652000,6,3,3,292.2
19960006656000,7,4,3,235.9
19960006666000,9,4,5,557.1
19960006668000,1,1,0,0
19960006670000,1,1,0,0
19960006679000,32,15,17,1228.8
19960006680000,37,20,17,1298.7
19960006683000,3,2,1,0
19960006704000,41,24,17,1791.7
19960006705000,2,1,1,0
19960006706000,5,2,3,379
19960006707000,10,6,4,420
19960006708000,2,1,1,0
19960006709000,2,2,0,0
19960006710000,1,1,0,0
19960006712000,16,8,8,740.8
19960006713000,5,2,3,205
19960006714000,7,3,4,252
19960006731000,3,2,1,0
19960006732000,13,8,5,679.9
19960006733000,5,2,3,273
19960006734000,3,2,1,0
19960006751000,18,10,8,1058.4
19960006760000,13,7,6,475.8
19960006761000,70,34,36,3024
19960006804000,2,1,1,0
19960006805000,36,21,15,1465.2
19960006809000,1,1,0,0
19960006815000,9,5,4,522
19960006816000,2,1,1,0
19960006824000,6,2,4,261
19960006825000,9,5,4,384.3
19960006839000,1,0,1,0
19960006840000,12,7,5,507.6
19960006841000,14,7,7,516.6
19960006850000,20,10,10,704
19960006851000,10,6,4,444
19960006854000,5,3,2,176
19960006858000,9,4,5,462.6
19960006862000,17,11,6,416.5
19960006864000,54,27,27,2349
19960006872000,34,17,17,1832.6
19960006901000,5,3,2,323
19960006903000,28,12,16,1058.4
19960006914000,51,21,30,2361.3
19960006915000,43,21,22,1750.1
19960006916000,541,275,266,23804
19960006917000,27,15,12,1325.7
19960006918000,36,17,19,1501.2
19960006923000,15,7,8,573
19960006924000,176,90,86,7708.8
19960006925000,149,68,81,6049.4
19960006926000,14,9,5,624.4
19960006927000,7,4,3,443.1
19960006929000,22,12,10,939.4
19970006492000,5,2,3,252
19970006505000,40,19,21,1052
19970006506000,2,1,1,0
19970006513000,11,8,3,575.3
19970006514000,6,3,3,360
19970006515000,10,3,7,246
19970006516000,7,3,4,375.9
19970006517000,10,4,6,431
19970006518000,33,17,16,1310.1
19970006519000,27,13,14,1061.1
19970006520000,20,10,10,682
19970006521000,1,1,0,0
19970006522000,2,2,0,0
19970006527000,10,5,5,514
19970006555000,8,4,4,311.2
19970006570000,8,4,4,324
19970006585000,1,1,0,0
19970006589000,4,3,1,0
19970006590000,106,50,56,4388.4
19970006598000,40,23,17,1284
19970006599000,377,188,189,15193.1
19970006600000,41,17,24,1918.8
19970006602000,7,4,3,282.1
19970006604000,11,4,7,510.4
19970006621000,4,3,1,0
19970006627000,10,6,4,345
19970006628000,8,4,4,315.2
19970006647000,1,1,0,0
19970006648000,10,7,3,575
19970006650000,8,4,4,291.2
19970006655000,4,3,1,0
19970006658000,18,8,10,795.6
19970006659000,7,4,3,338.1
19970006666000,17,9,8,538.9
19970006669000,37,20,17,1176.6
19970006670000,9,6,3,387
19970006677000,17,8,9,714
19970006678000,50,22,28,1995
19970006679000,236,131,105,8142
19970006680000,211,107,104,8229
19970006681000,1,0,1,0
19970006697000,11,4,7,609.4
19970006698000,5,1,4,229
19970006703000,16,9,7,673.6
19970006704000,24,12,12,1000.8
19970006712000,10,6,4,294
19970006713000,6,4,2,349.8
19970006735000,1,1,0,0
19970006751000,145,76,69,6104.5
19970006760000,27,15,12,1323
19970006761000,7,5,2,296.8
19970006763000,21,12,9,846.3
19970006805000,2,1,1,0
19970006810000,4,2,2,0
19970006814000,4,1,3,0
19970006815000,4,2,2,0
19970006825000,8,4,4,208.8
19970006839000,30,15,15,1437
19970006848000,24,12,12,861.6
19970006851000,37,19,18,1450.4
19970006854000,15,8,7,721.5
19970006862000,13,7,6,490.1
19970006863000,6,5,1,271.8
19970006903000,2,1,1,0
19970006904000,50,29,21,2705
19970006905000,23,11,12,1189.1
19970006906000,6,2,4,427.8
19970006914000,11,5,6,423.5
19970006915000,19,6,13,881.6
19970006916000,155,79,76,5673
19970006922000,9,4,5,496.8
19970006923000,30,18,12,1170
19970006924000,44,22,22,1786.4
19970006929000,7,4,3,399.7
19980006492000,18,9,9,766.8
19980006493000,52,25,27,2740.4
19980006505000,26,13,13,946.4
19980006506000,3,2,1,0
19980006540000,1,1,0,0
19980006545000,19,9,10,792.3
19980006548000,11,6,5,603.9
19980006555000,38,18,20,1508.6
19980006563000,51,33,18,1861.5
19980006564000,1,1,0,0
19980006586000,13,7,6,409.5
19980006588000,17,6,11,428.4
19980006589000,9,3,6,334.8
19980006590000,73,41,32,2642.6
19980006598000,3,2,1,0
19980006599000,54,28,26,2079
19980006608000,5,4,1,141
19980006627000,4,3,1,0
19980006628000,2,1,1,0
19980006651000,16,7,9,646.4
19980006652000,11,6,5,423.5
19980006658000,3,2,1,0
19980006659000,4,3,1,0
19980006676000,16,7,9,710.4
19980006677000,12,7,5,451.2
19980006678000,27,14,13,1050.3
19980006679000,15,8,7,609
19980006680000,146,73,73,6073.6
19980006681000,203,104,99,9256.8
19980006682000,147,69,78,6600.3
19980006683000,2,1,1,0
19980006684000,102,50,52,5110.2
19980006685000,199,93,106,8676.4
19980006686000,22,10,12,1159.4
19980006695000,24,13,11,1428
19980006696000,11,6,5,618.2
19980006703000,13,6,7,678.6
19980006705000,4,1,3,0
19980006714000,2,1,1,0
19980006728000,2,2,0,0
19980006735000,1,1,0,0
19980006751000,159,77,82,6662.1
19980006752000,816,391,425,35169.6
19980006753000,58,29,29,2337.4
19980006756000,2,1,1,0
19980006759000,65,34,31,2866.5
19980006762000,12,7,5,559.2
19980006793000,1,1,0,0
19980006805000,15,8,7,829.5
19980006815000,4,2,2,0
19980006839000,38,23,15,1474.4
19980006851000,13,7,6,538.2
19980006862000,4,3,1,0
19980006863000,9,6,3,475.2
19980006872000,35,19,16,1344
19980006873000,1,1,0,0
19980006904000,71,35,36,3180.8
19980006906000,5,2,3,258
19980006912000,4,2,2,0
19980006913000,30,13,17,1284
19980006914000,23,11,12,1074.1
19980006915000,44,20,24,1896.4
19980006921000,16,7,9,846.4
19980006922000,7,4,3,226.1
19990006492000,2,1,1,0
19990006493000,91,46,45,3185
19990006504000,39,20,19,1466.4
19990006505000,9,2,7,278.1
19990006535000,23,13,10,906.2
19990006540000,5,2,3,180
19990006545000,5,2,3,217
19990006546000,9,5,4,293.4
19990006548000,20,9,11,922
19990006555000,27,13,14,1352.7
19990006588000,11,5,6,455.4
19990006589000,26,15,11,988
19990006590000,3,1,2,0
19990006597000,8,4,4,240
19990006598000,27,13,14,1034.1
19990006599000,1,1,0,0
19990006601000,5,2,3,330
19990006609000,19,8,11,834.1
19990006610000,16,9,7,576
19990006611000,29,20,9,1174.5
19990006614000,16,9,7,561.6
19990006627000,30,15,15,1167
19990006628000,4,3,1,0
19990006647000,1,1,0,0
19990006652000,12,8,4,584.4
19990006653000,14,11,3,418.6
19990006658000,1,1,0,0
19990006660000,2,1,1,0
19990006680000,10,5,5,496
19990006681000,52,27,25,2303.6
19990006682000,68,37,31,2842.4
19990006683000,168,80,88,7324.8
19990006684000,355,179,176,16046
19990006685000,10,5,5,558
19990006686000,10,2,8,365
19990006687000,43,24,19,2287.6
19990006688000,60,30,30,2670
19990006694000,1,1,0,0
19990006695000,25,14,11,1295
19990006696000,62,30,32,2852
19990006707000,5,3,2,177
19990006708000,6,3,3,340.8
19990006714000,5,3,2,138
19990006715000,9,4,5,503.1
19990006716000,11,5,6,435.6
19990006717000,11,7,4,463.1
19990006718000,1,0,1,0
19990006729000,29,15,14,1139.7
19990006754000,14,6,8,819
19990006758000,1,1,0,0
19990006767000,8,5,3,440
19990006768000,49,24,25,2601.9
19990006777000,12,8,4,664.8
19990006814000,8,5,3,360
19990006815000,4,3,1,0
19990006825000,2,1,1,0
19990006826000,7,3,4,263.2
19990006829000,4,3,1,0
19990006839000,17,9,8,787.1
19990006842000,10,6,4,538
19990006847000,2,1,1,0
19990006848000,4,3,1,0
19990006849000,4,2,2,0
19990006862000,6,2,4,205.2
19990006863000,38,21,17,1421.2
19990006864000,21,10,11,999.6
19990006872000,16,6,10,683.2
19990006873000,15,6,9,505.5
19990006904000,120,60,60,5760
19990006912000,22,11,11,1012
19990006914000,12,5,7,562.8
19990006915000,7,3,4,329.7
19990006920000,3,1,2,0
19990006921000,16,8,8,681.6
19990006934000,4,3,1,0
20000006491000,3,2,1,0
20000006504000,6,4,2,169.8
20000006507000,1,1,0,0
20000006535000,15,6,9,465
20000006536000,5,3,2,146
20000006545000,16,7,9,734.4
20000006546000,20,9,11,852
20000006587000,18,7,11,462.6
20000006588000,7,2,5,296.1
20000006596000,7,5,2,272.3
20000006597000,3,2,1,0
20000006610000,1,1,0,0
20000006611000,120,54,66,4872
20000006613000,9,5,4,538.2
20000006614000,2,0,2,0
20000006615000,3,2,1,0
20000006616000,2,2,0,0
20000006618000,5,1,4,101
20000006627000,3,1,2,0
20000006653000,22,13,9,952.6
20000006659000,2,1,1,0
20000006660000,2,1,1,0
20000006661000,4,3,1,0
20000006662000,28,16,12,1243.2
20000006680000,5,3,2,161
20000006683000,14,9,5,665
20000006684000,39,20,19,1782.3
20000006685000,13,8,5,705.9
20000006688000,6,2,4,445.2
20000006689000,4,2,2,0
20000006690000,3,2,1,0
20000006695000,24,14,10,1168.8
20000006696000,1,1,0,0
20000006703000,2,1,1,0
20000006708000,11,5,6,535.7
20000006709000,135,71,64,5508
20000006710000,48,28,20,1939.2
20000006730000,1,1,0,0
20000006737000,2,1,1,0
20000006755000,1,0,1,0
20000006768000,15,6,9,775.5
20000006769000,4,3,1,0
20000006770000,6,3,3,412.2
20000006777000,112,54,58,4132.8
20000006809000,3,1,2,0
20000006821000,3,2,1,0
20000006839000,18,7,11,705.6
20000006840000,41,25,16,1603.1
20000006841000,51,24,27,2244
20000006842000,11,5,6,269.5
20000006849000,3,2,1,0
20000006851000,18,9,9,768.6
20000006862000,26,14,12,1115.4
20000006866000,15,8,7,484.5
20000006867000,15,9,6,547.5
20000006872000,5,4,1,91
20000006900000,6,4,2,189
20000006903000,2,2,0,0
20000006904000,123,57,66,5510.4
20000006905000,21,12,9,1283.1
20000006913000,9,6,3,342
20000006914000,2,1,1,0
20000006919000,11,5,6,419.1
20000006934000,23,14,9,1235.1
20000006935000,3,1,2,0
20010006490000,6,3,3,403.2
20010006491000,7,4,3,336.7
20010006536000,1,1,0,0
20010006555000,9,5,4,369
20010006586000,1,1,0,0
20010006587000,9,3,6,397.8
20010006599000,6,3,3,270
20010006600000,6,4,2,286.2
20010006609000,3,1,2,0
20010006610000,77,37,40,2802.8
20010006611000,25,12,13,1145
20010006612000,13,6,7,483.6
20010006617000,4,3,1,0
20010006629000,4,1,3,0
20010006653000,9,5,4,349.2
20010006654000,4,2,2,0
20010006655000,67,36,31,2479
20010006656000,21,10,11,882
20010006661000,46,24,22,1932
20010006662000,11,5,6,416.9
20010006683000,3,2,1,0
20010006690000,2,1,1,0
20010006691000,15,10,5,625.5
20010006692000,2,1,1,0
20010006696000,3,1,2,0
20010006697000,14,8,6,758.8
20010006709000,8,3,5,368
20010006710000,77,36,41,3488.1
20010006711000,3,1,2,0
20010006729000,1,1,0,0
20010006750000,10,5,5,494
20010006754000,1,1,0,0
20010006771000,4,3,1,0
20010006777000,62,33,29,2480
20010006809000,1,1,0,0
20010006815000,14,9,5,707
20010006816000,27,12,15,1404
20010006822000,10,6,4,431
20010006838000,3,2,1,0
20010006840000,120,68,52,5412
20010006841000,109,52,57,4120.2
20010006846000,7,3,4,294.7
20010006847000,1,1,0,0
20010006849000,1,1,0,0
20010006851000,8,5,3,248
20010006852000,11,5,6,490.6
20010006853000,6,1,5,235.8
20010006860000,1,1,0,0
20010006861000,5,1,4,138
20010006862000,21,9,12,917.7
20010006867000,16,8,8,812.8
20010006868000,2,1,1,0
20010006900000,14,8,6,565.6
20010006904000,12,8,4,628.8
20010006905000,32,16,16,1632
20010006911000,30,17,13,1755
20010006912000,5,2,3,328
20010006916000,7,2,5,193.2
20010006917000,35,18,17,1246
20010006918000,19,12,7,978.5
20010006925000,15,7,8,823.5
20010006926000,13,8,5,399.1
20010006930000,6,4,2,255
20010006932000,5,3,2,85
20010006933000,19,10,9,986.1
20010006935000,35,16,19,1172.5
20020006495000,1,1,0,0
20020006503000,1,1,0,0
20020006504000,3,2,1,0
20020006509000,1,1,0,0
20020006528000,1,1,0,0
20020006536000,3,1,2,0
20020006550000,10,5,5,506
20020006554000,5,1,4,130
20020006555000,4,2,2,0
20020006587000,2,1,1,0
20020006598000,11,5,6,414.7
20020006599000,8,3,5,294.4
20020006609000,9,5,4,421.2
20020006610000,7,2,5,258.3
20020006611000,30,17,13,1617
20020006612000,3,2,1,0
20020006616000,3,1,2,0
20020006617000,2,1,1,0
20020006627000,4,2,2,0
20020006631000,6,3,3,147
20020006652000,4,1,3,0
20020006653000,7,3,4,273
20020006654000,2,1,1,0
20020006655000,2,1,1,0
20020006660000,12,4,8,511.2
20020006661000,15,8,7,714
20020006692000,15,7,8,721.5
20020006696000,3,2,1,0
20020006697000,3,1,2,0
20020006710000,4,1,3,0
20020006711000,17,9,8,938.4
20020006712000,30,14,16,1581
20020006713000,30,13,17,1224
20020006756000,4,2,2,0
20020006816000,3,2,1,0
20020006838000,6,3,3,271.8
20020006839000,30,18,12,1149
20020006840000,32,16,16,1606.4
20020006841000,20,10,10,886
20020006846000,5,2,3,150
20020006847000,29,16,13,1148.4
20020006848000,15,7,8,664.5
20020006849000,6,4,2,136.8
20020006852000,17,6,11,622.2
20020006853000,1,0,1,0
20020006862000,5,2,3,125
20020006867000,2,1,1,0
20020006876000,1,1,0,0
20020006898000,20,9,11,944
20020006899000,4,2,2,0
20020006900000,9,5,4,333.9
20020006902000,1,1,0,0
20020006903000,20,11,9,862
20020006906000,10,4,6,516
20020006911000,7,5,2,322
20020006912000,15,8,7,810
20020006916000,7,4,3,422.1
20020006917000,19,11,8,1024.1
20020006922000,9,3,6,342.9
20020006923000,12,5,7,621.6
20020006927000,18,9,9,979.2
20020006928000,4,2,2,0
20020006932000,24,9,15,1029.6
20020006933000,70,42,28,3010
20020006934000,26,13,13,1284.4
20020006935000,9,4,5,462.6
20030006485000,80,43,37,4224
20030006486000,119,58,61,4343.5
20030006487000,1,1,0,0
20030006490000,18,13,5,592.2
20030006491000,1,0,1,0
20030006495000,1,0,1,0
20030006528000,1,1,0,0
20030006536000,10,5,5,356
20030006554000,2,2,0,0
20030006555000,8,5,3,246.4
20030006587000,10,6,4,317
20030006588000,5,4,1,279
20030006599000,1,1,0,0
20030006609000,8,5,3,324
20030006612000,13,9,4,400.4
20030006621000,3,2,1,0
20030006631000,10,6,4,359
20030006654000,25,14,11,1080
20030006693000,4,2,2,0
20030006699000,6,3,3,169.2
20030006712000,15,9,6,781.5
20030006713000,107,57,50,4750.8
20030006714000,153,82,71,6946.2
20030006715000,90,44,46,3807
20030006716000,10,5,5,434
20030006729000,1,1,0,0
20030006749000,7,5,2,294.7
20030006772000,7,4,3,242.9
20030006773000,18,12,6,729
20030006777000,1,1,0,0
20030006778000,15,8,7,549
20030006816000,2,1,1,0
20030006838000,6,4,2,253.8
20030006839000,19,9,10,731.5
20030006840000,81,45,36,3766.5
20030006841000,7,3,4,294
20030006846000,7,3,4,280.7
20030006847000,6,3,3,307.8
20030006848000,8,3,5,330.4
20030006849000,15,6,9,826.5
20030006852000,4,2,2,0
20030006853000,2,1,1,0
20030006861000,1,1,0,0
20030006873000,11,4,7,709.5
20030006897000,40,20,20,1988
20030006898000,48,22,26,2515.2
20030006899000,9,5,4,461.7
20030006902000,24,17,7,1224
20030006903000,11,5,6,485.1
20030006912000,26,12,14,1180.4
20030006913000,9,4,5,359.1
20030006914000,11,5,6,412.5
20030006915000,7,4,3,308
20030006916000,5,2,3,346
20030006922000,40,23,17,1732
20030006928000,29,14,15,1270.2
20030006929000,32,17,15,1904
20030006930000,38,20,18,1637.8
20030006931000,5,3,2,166
20030006938000,5,2,3,315
20040006470000,170,93,77,7361
20040006471000,280,138,142,11480
20040006484000,5,3,2,270
20040006485000,36,16,20,1994.4
20040006486000,26,13,13,941.2
20040006490000,1,0,1,0
20040006491000,29,17,12,1322.4
20040006494000,3,2,1,0
20040006500000,2,1,1,0
20040006514000,1,1,0,0
20040006519000,26,10,16,878.8
20040006520000,16,11,5,476.8
20040006529000,2,2,0,0
20040006551000,5,3,2,246
20040006574000,1,1,0,0
20040006575000,1,1,0,0
20040006588000,10,4,6,391
20040006598000,5,2,3,255
20040006599000,1,1,0,0
20040006600000,4,2,2,0
20040006605000,2,1,1,0
20040006608000,4,2,2,0
20040006623000,10,4,6,297
20040006654000,17,12,5,691.9
20040006699000,9,3,6,374.4
20040006715000,30,14,16,1539
20040006716000,3,2,1,0
20040006717000,2,2,0,0
20040006718000,8,5,3,292
20040006727000,1,1,0,0
20040006749000,15,7,8,670.5
20040006759000,1,1,0,0
20040006773000,1,1,0,0
20040006778000,13,5,8,465.4
20040006779000,22,14,8,677.6
20040006802000,7,5,2,312.9
20040006803000,8,3,5,358.4
20040006805000,25,10,15,1310
20040006806000,10,5,5,433
20040006810000,3,1,2,0
20040006815000,3,1,2,0
20040006816000,2,1,1,0
20040006820000,3,1,2,0
20040006822000,1,1,0,0
20040006833000,4,2,2,0
20040006834000,7,4,3,301
20040006835000,20,10,10,940
20040006836000,19,9,10,575.7
20040006837000,4,2,2,0
20040006838000,11,6,5,556.6
20040006839000,9,6,3,324.9
20040006840000,23,13,10,1028.1
20040006846000,15,9,6,505.5
20040006849000,5,2,3,166
20040006853000,54,29,25,2084.4
20040006854000,4,1,3,0
20040006861000,12,5,7,490.8
20040006897000,97,49,48,3928.5
20040006898000,1,1,0,0
20040006899000,7,3,4,357.7
20040006913000,4,2,2,0
20040006914000,2,2,0,0
20040006922000,25,13,12,1195
20040006931000,33,15,18,1864.5
20040006937000,14,7,7,889
20040006938000,5,4,1,327
20040006939000,4,3,1,0
20040006940000,7,2,5,282.8
20050006469000,271,152,119,10541.9
20050006470000,397,214,183,15880
20050006471000,16,8,8,905.6
20050006472000,30,17,13,1149
20050006473000,15,9,6,622.5
20050006483000,5,3,2,130
20050006484000,12,6,6,705.6
20050006485000,57,29,28,2217.3
20050006486000,31,16,15,1903.4
20050006491000,13,7,6,296.4
20050006514000,3,3,0,0
20050006516000,10,6,4,577
20050006517000,9,3,6,289.8
20050006518000,98,49,49,3655.4
20050006519000,126,72,54,4573.8
20050006520000,23,13,10,664.7
20050006521000,11,6,5,396
20050006575000,2,2,0,0
20050006607000,7,3,4,256.2
20050006612000,4,4,0,0
20050006613000,6,3,3,163.2
20050006626000,624,314,310,28080
20050006627000,407,185,222,14204.3
20050006656000,6,3,3,205.2
20050006660000,1,1,0,0
20050006714000,6,2,4,372
20050006715000,72,36,36,3837.6
20050006716000,6,4,2,295.2
20050006717000,7,3,4,424.9
20050006718000,8,4,4,351.2
20050006726000,5,3,2,326
20050006749000,5,3,2,185
20050006805000,7,5,2,335.3
20050006806000,5,2,3,280
20050006811000,6,3,3,321
20050006815000,2,1,1,0
20050006835000,32,18,14,1452.8
20050006836000,18,8,10,795.6
20050006838000,5,3,2,308
20050006839000,3,1,2,0
20050006840000,12,6,6,553.2
20050006841000,10,4,6,396
20050006845000,14,8,6,733.6
20050006849000,3,2,1,0
20050006853000,67,34,33,1842.5
20050006854000,86,42,44,3199.2
20050006861000,5,3,2,235
20050006862000,8,4,4,382.4
20050006897000,2,2,0,0
20050006902000,1,1,0,0
20050006912000,11,4,7,352
20050006913000,64,33,31,2585.6
20050006914000,172,95,77,8135.6
20050006915000,43,26,17,1861.9
20050006916000,1,0,1,0
20050006921000,4,3,1,0
20050006922000,5,2,3,255
20050006931000,13,5,8,702
20050006932000,3,1,2,0
20050006934000,25,16,9,1200
20050006935000,2,1,1,0
20050006937000,14,8,6,707
20050006938000,11,6,5,655.6
20050006939000,3,2,1,0
20050006940000,14,6,8,844.2
20060006469000,17,10,7,591.6
20060006472000,53,33,20,1955.7
20060006473000,78,46,32,3408.6
20060006474000,36,18,18,1627.2
20060006483000,123,57,66,5510.4
20060006484000,6,2,4,273
20060006500000,8,4,4,275.2
20060006506000,21,11,10,879.9
20060006510000,3,1,2,0
20060006511000,154,73,81,5544
20060006512000,33,16,17,1432.2
20060006516000,58,28,30,2053.2
20060006517000,47,29,18,2378.2
20060006518000,40,24,16,1340
20060006523000,6,2,4,246
20060006524000,29,15,14,1038.2
20060006572000,1,0,1,0
20060006602000,4,2,2,0
20060006613000,4,1,3,0
20060006614000,11,5,6,502.7
20060006615000,7,4,3,272.3
20060006616000,9,5,4,311.4
20060006625000,14,6,8,481.6
20060006626000,149,73,76,4768
20060006632000,2,1,1,0
20060006656000,2,1,1,0
20060006694000,26,15,11,1534
20060006695000,13,7,6,475.8
20060006705000,5,1,4,172
20060006706000,13,5,8,572
20060006713000,7,4,3,410.2
20060006714000,8,5,3,356.8
20060006717000,2,2,0,0
20060006756000,112,56,56,4043.2
20060006757000,22,12,10,866.8
20060006760000,8,5,3,287.2
20060006772000,2,2,0,0
20060006779000,4,2,2,0
20060006804000,9,3,6,333.9
20060006805000,34,20,14,1482.4
20060006806000,8,3,5,227.2
20060006810000,1,0,1,0
20060006815000,7,4,3,280
20060006820000,6,4,2,279
20060006833000,8,4,4,267.2
20060006835000,16,9,7,676.8
20060006836000,10,5,5,408
20060006837000,5,1,4,71
20060006838000,7,5,2,280
20060006839000,27,14,13,1039.5
20060006840000,28,15,13,1173.2
20060006845000,9,4,5,261.9
20060006852000,25,13,12,1040
20060006854000,119,69,50,4998
20060006855000,22,10,12,965.8
20060006861000,8,4,4,368
20060006901000,19,9,10,763.8
20060006902000,4,1,3,0
20060006909000,3,2,1,0
20060006910000,5,2,3,78
20060006911000,3,2,1,0
20060006912000,19,10,9,771.4
20060006913000,26,12,14,1310.4
20060006914000,48,26,22,2011.2
20060006915000,71,38,33,2861.3
20060006918000,35,20,15,1421
20060006921000,6,3,3,438
20060006931000,2,1,1,0
20060006932000,7,5,2,438.9
20060006935000,2,1,1,0
20060006937000,22,12,10,1377.2
20060006938000,80,40,40,3880
20060006939000,12,6,6,700.8
20070006467000,7,5,2,356.3
20070006468000,41,24,17,1332.5
20070006469000,50,27,23,1535
20070006471000,43,18,25,1599.6
20070006472000,41,22,19,1681
20070006473000,56,28,28,1864.8
20070006474000,21,10,11,896.7
20070006475000,2,0,2,0
20070006476000,1,0,1,0
20070006485000,17,10,7,826.2
20070006486000,3,2,1,0
20070006495000,3,1,2,0
20070006506000,11,4,7,245.3
20070006507000,33,18,15,1376.1
20070006508000,60,29,31,3186
20070006509000,359,188,171,13785.6
20070006510000,516,246,270,19453.2
20070006511000,626,311,315,25227.8
20070006517000,26,15,11,798.2
20070006530000,5,3,2,204
20070006552000,11,4,7,413.6
20070006588000,1,1,0,0
20070006599000,6,2,4,187.2
20070006614000,1,1,0,0
20070006616000,4,1,3,0
20070006625000,79,42,37,2891.4
20070006626000,10,5,5,441
20070006635000,2,1,1,0
20070006642000,7,4,3,235.2
20070006694000,31,17,14,1147
20070006695000,12,7,5,739.2
20070006702000,2,1,1,0
20070006703000,8,4,4,246.4
20070006704000,1,1,0,0
20070006705000,9,5,4,325.8
20070006706000,9,4,5,260.1
20070006712000,1,1,0,0
20070006713000,22,12,10,534.6
20070006724000,42,20,22,1512
20070006725000,2,2,0,0
20070006747000,9,5,4,538.2
20070006748000,3,2,1,0
20070006756000,7,4,3,373.1
20070006757000,18,9,9,925.2
20070006761000,3,1,2,0
20070006762000,4,2,2,0
20070006778000,7,3,4,441
20070006815000,14,8,6,632.8
20070006818000,5,2,3,210
20070006819000,3,1,2,0
20070006820000,45,22,23,2443.5
20070006831000,12,3,9,549.6
20070006832000,4,2,2,0
20070006833000,154,79,75,6252.4
20070006836000,1,1,0,0
20070006837000,36,20,16,1602
20070006838000,46,25,21,1955
20070006840000,71,37,34,2619.9
20070006841000,2,2,0,0
20070006854000,366,199,167,15884.4
20070006855000,474,246,228,17348.4
20070006861000,3,2,1,0
20070006889000,18,8,10,793.8
20070006901000,37,17,20,1672.4
20070006902000,3,1,2,0
20070006908000,5,2,3,205
20070006909000,6,4,2,391.2
20070006910000,9,5,4,518.4
20070006911000,1,1,0,0
20070006912000,4,2,2,0
20070006917000,12,6,6,441.6
20070006918000,71,35,36,3308.6
20070006921000,44,20,24,1562
20070006930000,5,3,2,258
20070006931000,8,4,4,388.8
20070006937000,8,5,3,398.4
20070006938000,2,2,0,0
20080006467000,21,12,9,993.3
20080006468000,53,23,30,2045.8
20080006470000,25,15,10,1025
20080006471000,107,55,52,4258.6
20080006472000,167,88,79,6479.6
20080006473000,7,4,3,384.3
20080006474000,9,5,4,260.1
20080006487000,2,1,1,0
20080006491000,13,9,4,405.6
20080006492000,21,9,12,1197
20080006500000,1,1,0,0
20080006501000,3,2,1,0
20080006503000,1,1,0,0
20080006504000,18,8,10,766.8
20080006505000,28,17,11,1590.4
20080006509000,159,81,78,6534.9
20080006510000,122,57,65,4623.8
20080006517000,13,7,6,572
20080006530000,6,3,3,268.2
20080006536000,2,1,1,0
20080006573000,2,1,1,0
20080006584000,4,2,2,0
20080006598000,4,2,2,0
20080006599000,41,23,18,1553.9
20080006600000,12,6,6,483.6
20080006615000,7,2,5,254.1
20080006616000,15,8,7,631.5
20080006623000,1,1,0,0
20080006624000,34,14,20,1254.6
20080006625000,18,10,8,678.6
20080006631000,27,17,10,1290.6
20080006632000,4,2,2,0
20080006642000,31,19,12,1627.5
20080006662000,44,20,24,1821.6
20080006700000,2,1,1,0
20080006707000,45,23,22,2065.5
20080006708000,13,9,4,842.4
20080006712000,10,5,5,471
20080006724000,17,8,9,924.8
20080006725000,114,57,57,4605.6
20080006746000,7,3,4,364
20080006747000,2,1,1,0
20080006757000,38,23,15,1550.4
20080006758000,1,1,0,0
20080006772000,19,8,11,761.9
20080006778000,17,8,9,676.6
20080006815000,35,17,18,1470
20080006820000,180,80,100,8154
20080006821000,13,6,7,734.5
20080006822000,6,4,2,306
20080006825000,2,1,1,0
20080006831000,2,2,0,0
20080006832000,170,82,88,4148
20080006833000,495,245,250,16483.5
20080006834000,97,45,52,5238
20080006837000,6,4,2,316.8
20080006838000,24,13,11,1046.4
20080006839000,7,4,3,324.8
20080006840000,39,21,18,1431.3
20080006854000,45,24,21,1935
20080006855000,250,143,107,9550
20080006856000,12,5,7,573.6
20080006861000,2,1,1,0
20080006867000,17,7,10,722.5
20080006868000,5,2,3,195
20080006889000,2,1,1,0
20080006900000,32,18,14,1008
20080006901000,6,2,4,325.2
20080006902000,5,2,3,100
20080006911000,8,3,5,314.4
20080006919000,3,1,2,0
20080006920000,58,31,27,2041.6
20080006921000,378,198,180,16216.2
20080006929000,2,2,0,0
20080006930000,5,3,2,310
20090006468000,33,18,15,1504.8
20090006469000,18,11,7,804.6
20090006470000,34,18,16,1366.8
20090006471000,26,12,14,1125.8
20090006474000,5,4,1,236
20090006475000,25,15,10,837.5
20090006476000,10,7,3,310
20090006477000,4,2,2,0
20090006485000,1,0,1,0
20090006486000,7,3,4,443.8
20090006487000,11,6,5,630.3
20090006501000,4,2,2,0
20090006508000,10,5,5,447
20090006509000,21,11,10,1236.9
20090006518000,10,6,4,295
20090006598000,1,1,0,0
20090006599000,6,2,4,298.2
20090006600000,8,2,6,315.2
20090006615000,14,6,8,488.6
20090006624000,14,9,5,498.4
20090006625000,8,4,4,356.8
20090006631000,10,5,5,313
20090006642000,20,12,8,772
20090006643000,28,12,16,1178.8
20090006663000,13,7,6,761.8
20090006664000,2,1,1,0
20090006698000,2,2,0,0
20090006700000,9,5,4,403.2
20090006708000,17,10,7,697
20090006712000,29,18,11,1220.9
20090006713000,15,7,8,490.5
20090006714000,4,1,3,0
20090006724000,1,1,0,0
20090006725000,96,47,49,3513.6
20090006726000,21,12,9,1077.3
20090006745000,8,4,4,355.2
20090006756000,12,6,6,462
20090006772000,2,2,0,0
20090006778000,7,3,4,396.9
20090006807000,25,13,12,1345
20090006808000,31,13,18,1156.3
20090006815000,7,3,4,471.1
20090006821000,48,24,24,2164.8
20090006822000,6,1,5,210
20090006826000,12,6,6,357.6
20090006830000,36,18,18,1432.8
20090006833000,12,7,5,490.8
20090006834000,45,24,21,1827
20090006839000,40,25,15,1476
20090006840000,51,28,23,1458.6
20090006851000,4,2,2,0
20090006852000,2,1,1,0
20090006855000,3,2,1,0
20090006856000,52,27,25,2199.6
20090006857000,40,20,20,1572
20090006868000,28,14,14,1120
20090006890000,41,20,21,1558
20090006891000,23,9,14,1120.1
20090006897000,34,18,16,1693.2
20090006900000,114,60,54,4138.2
20090006901000,53,30,23,2056.4
20090006902000,2,1,1,0
20090006904000,7,4,3,296.8
20090006911000,1,0,1,0
20090006915000,14,9,5,723.8
20090006916000,17,10,7,773.5
20090006917000,21,11,10,646.8
20090006919000,52,29,23,2017.6
20090006920000,55,32,23,1980
20090006921000,88,44,44,4118.4
20090006928000,40,19,21,1840
20090006934000,17,10,7,693.6
20090006935000,19,10,9,680.2
20090006937000,18,7,11,865.8
20100006467000,31,18,13,1519
20100006468000,9,4,5,541.8
20100006469000,495,239,256,20196
20100006470000,165,85,80,6633
20100006471000,32,15,17,1049.6
20100006472000,37,22,15,1250.6
20100006473000,11,5,6,314.6
20100006474000,1,1,0,0
20100006477000,4,2,2,0
20100006484000,1,1,0,0
20100006485000,81,42,39,3126.6
20100006486000,13,7,6,603.2
20100006488000,1,1,0,0
20100006489000,40,23,17,2176
20100006490000,30,14,16,1128
20100006491000,24,12,12,1123.2
20100006492000,606,304,302,25391.4
20100006493000,28,12,16,1094.8
20100006496000,1,1,0,0
20100006498000,3,2,1,0
20100006499000,3,2,1,0
20100006508000,21,7,14,812.7
20100006532000,2,1,1,0
20100006622000,3,2,1,0
20100006632000,2,1,1,0
20100006633000,11,5,6,398.2
20100006635000,3,2,1,0
20100006642000,199,105,94,8318.2
20100006643000,362,187,175,15891.8
20100006644000,39,20,19,1817.4
20100006664000,2,1,1,0
20100006695000,5,4,1,158
20100006711000,4,2,2,0
20100006713000,43,20,23,2184.4
20100006714000,2,1,1,0
20100006725000,127,65,62,4343.4
20100006726000,19,11,8,619.4
20100006745000,1,0,1,0
20100006756000,2,0,2,0
20100006773000,1,1,0,0
20100006780000,51,22,29,2096.1
20100006781000,10,4,6,325
20100006804000,11,6,5,368.5
20100006810000,11,5,6,419.1
20100006814000,1,1,0,0
20100006815000,1,0,1,0
20100006829000,25,11,14,1015
20100006833000,15,8,7,514.5
20100006834000,9,6,3,424.8
20100006839000,10,5,5,578
20100006840000,34,22,12,1499.4
20100006841000,8,4,4,331.2
20100006843000,4,3,1,0
20100006849000,40,21,19,1708
20100006850000,200,99,101,6820
20100006851000,31,17,14,1010.6
20100006852000,9,5,4,460.8
20100006854000,3,1,2,0
20100006856000,27,13,14,980.1
20100006857000,71,34,37,2577.3
20100006858000,7,4,3,261.8
20100006859000,11,7,4,666.6
20100006861000,1,0,1,0
20100006891000,61,31,30,2000.8
20100006897000,8,4,4,206.4
20100006899000,1,1,0,0
20100006900000,25,11,14,875
20100006901000,6,4,2,322.2
20100006902000,47,23,24,1715.5
20100006903000,6,3,3,409.8
20100006908000,11,7,4,357.5
20100006909000,13,7,6,533
20100006910000,21,10,11,1234.8
20100006915000,28,11,17,1128.4
20100006916000,25,16,9,1202.5
20100006918000,21,11,10,1014.3
20100006919000,5,4,1,189
20100006920000,6,3,3,91.2
20100006921000,37,14,23,1554
20100006928000,2,0,2,0
20100006932000,111,46,65,6338.1
20100006933000,230,116,114,7084
20100006934000,12,5,7,717.6
20100006936000,34,19,15,1744.2
20100006937000,6,3,3,241.2
20100006938000,10,5,5,512
20100006940000,45,19,26,1777.5
20110006466000,6,2,4,226.8
20110006467000,33,16,17,1141.8
20110006468000,118,61,57,4590.2
20110006469000,690,327,363,32568
20110006470000,264,129,135,10956
20110006471000,7,3,4,233.1
20110006472000,33,15,18,1527.9
20110006473000,38,20,18,1428.8
20110006477000,2,1,1,0
20110006478000,41,18,23,1459.6
20110006484000,93,48,45,4092
20110006489000,12,8,4,442.8
20110006490000,57,31,26,2747.4
20110006491000,509,266,243,22905
20110006492000,940,481,459,40232
20110006493000,89,46,43,3595.6
20110006495000,26,12,14,1248
20110006496000,21,12,9,957.6
20110006498000,9,4,5,464.4
20110006499000,13,9,4,860.6
20110006500000,19,9,10,927.2
20110006501000,1,1,0,0
20110006504000,47,25,22,2335.9
20110006531000,4,2,2,0
20110006532000,1,1,0,0
20110006593000,3,1,2,0
20110006608000,1,0,1,0
20110006622000,3,2,1,0
20110006633000,13,8,5,639.6
20110006636000,6,4,2,384
20110006643000,162,82,80,5670
20110006644000,123,61,62,5166
20110006645000,16,8,8,728
20110006695000,9,5,4,367.2
20110006711000,9,5,4,444.6
20110006713000,37,21,16,1391.2
20110006715000,20,10,10,928
20110006717000,14,7,7,719.6
20110006718000,27,12,15,1120.5
20110006725000,172,96,76,6364
20110006726000,18,7,11,633.6
20110006771000,7,4,3,389.9
20110006780000,5,2,3,200
20110006781000,24,14,10,1236
20110006782000,15,12,3,525
20110006804000,12,8,4,486
20110006814000,29,16,13,1032.4
20110006815000,153,83,70,7099.2
20110006825000,2,1,1,0
20110006833000,6,4,2,214.8
20110006834000,23,11,12,922.3
20110006846000,16,10,6,827.2
20110006847000,730,406,324,27083
20110006848000,130,64,66,4836
20110006849000,43,20,23,1689.9
20110006850000,3,1,2,0
20110006851000,8,3,5,276
20110006852000,16,9,7,668.8
20110006853000,11,7,4,508.2
20110006854000,2,1,1,0
20110006855000,11,6,5,382.8
20110006856000,12,7,5,561.6
20110006857000,53,29,24,2459.2
20110006858000,57,37,20,2211.6
20110006859000,60,28,32,2334
20110006860000,21,10,11,984.9
20110006861000,30,17,13,1125
20110006869000,6,4,2,304.2
20110006891000,20,9,11,804
20110006899000,22,11,11,943.8
20110006900000,23,13,10,1000.5
20110006909000,6,3,3,421.8
20110006914000,7,5,2,317.1
20110006915000,50,23,27,2015
20110006916000,2,1,1,0
20110006917000,23,12,11,1212.1
20110006918000,2,1,1,0
20110006921000,29,17,12,1508
20110006931000,128,63,65,5721.6
20110006932000,199,102,97,8915.2
20110006933000,66,33,33,2329.8
20110006935000,8,6,2,275.2
20110006936000,134,68,66,5922.8
20110006938000,39,23,16,1700.4
20110006939000,69,37,32,2863.5
20110006940000,4,2,2,0
20110006941000,7,4,3,345.1
20110006950000,80,44,36,3944
20120006466000,33,19,14,1287
20120006467000,39,20,19,1661.4
20120006468000,29,14,15,1339.8
20120006469000,51,25,26,1402.5
20120006470000,367,186,181,12404.6
20120006471000,7,5,2,242.9
20120006473000,14,8,6,453.6
20120006477000,1,0,1,0
20120006478000,3,1,2,0
20120006484000,2,1,1,0
20120006488000,2,1,1,0
20120006489000,41,19,22,1734.3
20120006490000,577,301,276,16733
20120006491000,1020,501,519,44370
20120006492000,1345,679,666,53396.5
20120006493000,490,248,242,20335
20120006494000,82,46,36,3476.8
20120006495000,89,46,43,3907.1
20120006497000,50,30,20,2165
20120006498000,26,13,13,1253.2
20120006504000,64,35,29,2624
20120006505000,16,9,7,644.8
20120006603000,4,2,2,0
20120006622000,15,7,8,826.5
20120006632000,21,9,12,1010.1
20120006633000,1,1,0,0
20120006643000,95,47,48,4750
20120006644000,121,53,68,5408.7
20120006667000,4,3,1,0
20120006714000,1,0,1,0
20120006715000,20,10,10,942
20120006716000,78,41,37,3354
20120006717000,119,60,59,5236
20120006718000,98,57,41,4664.8
20120006719000,28,14,14,1173.2
20120006720000,6,3,3,171
20120006724000,26,13,13,871
20120006725000,624,315,309,24148.8
20120006726000,217,111,106,8636.6
20120006727000,5,2,3,251
20120006771000,12,5,7,537.6
20120006772000,4,2,2,0
20120006810000,2,1,1,0
20120006814000,13,7,6,405.6
20120006815000,87,50,37,3601.8
20120006833000,4,2,2,0
20120006834000,18,9,9,799.2
20120006835000,18,12,6,703.8
20120006846000,234,121,113,7628.4
20120006847000,1827,930,897,67050.9
20120006848000,593,289,304,23067.7
20120006849000,273,141,132,9855.3
20120006851000,39,24,15,1427.4
20120006855000,13,9,4,391.3
20120006859000,4,1,3,0
20120006860000,35,17,18,1491
20120006861000,1,1,0,0
20120006870000,6,3,3,268.8
20120006891000,11,6,5,508.2
20120006892000,4,2,2,0
20120006895000,18,8,10,954
20120006913000,12,4,8,411.6
20120006921000,18,8,10,955.8
20120006928000,4,2,2,0
20120006930000,19,11,8,906.3
20120006934000,26,14,12,1079
20120006935000,51,24,27,2085.9
20120006936000,35,19,16,1382.5
20120006937000,1,1,0,0
20120006938000,178,91,87,8116.8
20120006942000,3,1,2,0
20120006947000,56,24,32,1859.2
20120006950000,145,80,65,6670
20130006466000,3,2,1,0
20130006468000,43,22,21,1591
20130006469000,154,81,73,5112.8
20130006470000,142,75,67,4643.4
20130006471000,55,28,27,1749
20130006472000,18,10,8,532.8
20130006473000,23,11,12,802.7
20130006478000,1,1,0,0
20130006491000,125,63,62,5175
20130006492000,218,111,107,9221.4
20130006493000,88,44,44,4303.2
20130006494000,18,9,9,732.6
20130006497000,13,6,7,455
20130006499000,2,1,1,0
20130006504000,37,21,16,1332
20130006505000,314,160,154,12151.8
20130006506000,176,94,82,7092.8
20130006508000,2,2,0,0
20130006604000,1,0,1,0
20130006607000,31,15,16,1134.6
20130006622000,34,16,18,1482.4
20130006629000,2,1,1,0
20130006632000,1,0,1,0
20130006639000,9,4,5,261.9
20130006642000,10,5,5,421
20130006643000,22,10,12,1432.2
20130006644000,783,392,391,36722.7
20130006645000,74,42,32,3315.2
20130006646000,115,65,50,4841.5
20130006647000,2,1,1,0
20130006698000,2,1,1,0
20130006708000,9,4,5,414
20130006709000,2,1,1,0
20130006710000,41,21,20,1517
20130006711000,3,2,1,0
20130006715000,10,5,5,440
20130006716000,6,5,1,264
20130006717000,54,28,26,1971
20130006718000,1,1,0,0
20130006722000,145,83,62,5945
20130006723000,44,22,22,1918.4
20130006724000,146,68,78,6292.6
20130006725000,902,433,469,42033.2
20130006726000,101,53,48,3646.1
20130006727000,11,5,6,544.5
20130006756000,18,8,10,914.4
20130006757000,16,9,7,652.8
20130006759000,1,1,0,0
20130006773000,4,2,2,0
20130006814000,135,70,65,6480
20130006815000,37,22,15,1957.3
20130006833000,10,6,4,330
20130006841000,17,10,7,438.6
20130006843000,9,5,4,246.6
20130006846000,106,52,54,3688.8
20130006847000,1050,509,541,49455
20130006848000,654,327,327,26617.8
20130006851000,2,1,1,0
20130006855000,3,2,1,0
20130006860000,9,4,5,429.3
20130006861000,56,29,27,2066.4
20130006870000,1,1,0,0
20130006872000,4,3,1,0
20130006893000,4,4,0,0
20130006894000,7,3,4,429.1
20130006895000,1,1,0,0
20130006899000,13,5,8,617.5
20130006921000,5,2,3,177
20130006927000,1,1,0,0
20130006928000,11,5,6,650.1
20130006930000,41,18,23,2115.6
20130006933000,11,4,7,562.1
20130006934000,83,43,40,3220.4
20130006935000,48,30,18,2323.2
20130006942000,29,14,15,1363
20130006947000,203,98,105,8607.2
20130006948000,14,9,5,600.6
20140006465000,1,0,1,0
20140006466000,36,16,20,1666.8
20140006467000,36,19,17,1436.4
20140006468000,71,34,37,2201
20140006469000,57,31,26,2200.2
20140006470000,12,9,3,566.4
20140006471000,35,19,16,1085
20140006490000,18,10,8,927
20140006491000,28,15,13,966
20140006493000,1,0,1,0
20140006494000,9,4,5,504.9
20140006495000,11,5,6,563.2
20140006499000,21,11,10,1029
20140006505000,14,6,8,491.4
20140006506000,90,46,44,3150
20140006509000,4,2,2,0
20140006510000,5,3,2,353
20140006512000,5,4,1,118
20140006514000,2,1,1,0
20140006607000,46,24,22,1702
20140006608000,28,16,12,1237.6
20140006609000,4,1,3,0
20140006610000,1,1,0,0
20140006612000,5,3,2,154
20140006613000,8,5,3,434.4
20140006622000,13,8,5,442
20140006623000,16,9,7,769.6
20140006626000,5,3,2,237
20140006629000,2,1,1,0
20140006632000,6,3,3,211.8
20140006643000,219,106,113,9460.8
20140006644000,895,451,444,36158
20140006645000,157,81,76,6327.1
20140006646000,44,24,20,1430
20140006648000,1,1,0,0
20140006699000,13,10,3,483.6
20140006711000,31,13,18,1122.2
20140006712000,11,5,6,407
20140006720000,19,10,9,879.7
20140006722000,208,103,105,7987.2
20140006723000,3,1,2,0
20140006724000,78,40,38,3510
20140006725000,28,16,12,1290.8
20140006726000,19,12,7,754.3
20140006727000,56,27,29,1820
20140006755000,3,2,1,0
20140006756000,83,43,40,4000.6
20140006757000,12,9,3,444
20140006758000,4,2,2,0
20140006759000,1,1,0,0
20140006760000,2,1,1,0
20140006770000,4,3,1,0
20140006772000,5,3,2,269
20140006783000,1,1,0,0
20140006784000,1,1,0,0
20140006814000,34,18,16,1754.4
20140006815000,186,97,89,7551.6
20140006833000,4,2,2,0
20140006834000,12,5,7,460.8
20140006842000,32,19,13,956.8
20140006846000,161,76,85,5216.4
20140006847000,723,366,357,27112.5
20140006848000,102,54,48,4069.8
20140006856000,2,1,1,0
20140006861000,32,16,16,1369.6
20140006868000,12,5,7,607.2
20140006869000,22,13,9,825
20140006872000,10,5,5,460
20140006896000,1,0,1,0
20140006897000,4,2,2,0
20140006899000,9,5,4,326.7
20140006904000,3,1,2,0
20140006914000,7,4,3,457.8
20140006921000,39,22,17,1758.9
20140006922000,43,18,25,1922.1
20140006923000,25,12,13,1315
20140006924000,28,13,15,1156.4
20140006925000,21,11,10,1436.4
20140006926000,10,6,4,534
20140006927000,1,1,0,0
20140006930000,13,8,5,614.9
20140006931000,16,11,5,636.8
20140006933000,51,29,22,2233.8
20140006934000,132,60,72,5121.6
20140006941000,88,47,41,3537.6
20140006942000,167,89,78,7147.6
20140006945000,3,2,1,0
20140006946000,11,5,6,496.1
20140006947000,158,83,75,6288.4
20140006948000,216,111,105,8272.8
20150006466000,1,1,0,0
20150006467000,61,35,26,2568.1
20150006468000,748,376,372,30368.8
20150006469000,249,131,118,11080.5
20150006470000,34,20,14,1458.6
20150006480000,2,1,1,0
20150006482000,3,1,2,0
20150006486000,4,3,1,0
20150006488000,5,3,2,276
20150006489000,27,14,13,764.1
20150006490000,2,1,1,0
20150006491000,4,2,2,0
20150006495000,23,14,9,1271.9
20150006499000,19,8,11,659.3
20150006500000,5,3,2,208
20150006507000,1,0,1,0
20150006515000,6,4,2,316.8
20150006522000,4,2,2,0
20150006613000,10,6,4,616
20150006622000,12,5,7,554.4
20150006623000,37,18,19,1879.6
20150006624000,1,1,0,0
20150006633000,8,4,4,323.2
20150006643000,4,4,0,0
20150006644000,358,169,189,14176.8
20150006645000,512,254,258,21094.4
20150006696000,68,33,35,2570.4
20150006712000,3,1,2,0
20150006720000,31,14,17,1249.3
20150006721000,23,13,10,1094.8
20150006722000,29,11,18,1426.8
20150006724000,26,12,14,884
20150006725000,283,143,140,10867.2
20150006726000,524,261,263,20907.6
20150006727000,464,241,223,19116.8
20150006728000,37,19,18,1187.7
20150006756000,122,64,58,4501.8
20150006759000,1,0,1,0
20150006760000,1,1,0,0
20150006762000,3,2,1,0
20150006770000,1,1,0,0
20150006771000,2,1,1,0
20150006815000,10,4,6,623
20150006832000,7,5,2,184.8
20150006833000,14,6,8,576.8
20150006842000,58,29,29,2366.4
20150006844000,116,58,58,3793.2
20150006845000,178,94,84,6781.8
20150006846000,63,34,29,2381.4
20150006847000,1361,659,702,45865.7
20150006848000,576,278,298,21600
20150006858000,5,3,2,122
20150006861000,41,22,19,1795.8
20150006873000,14,10,4,777
20150006874000,2,1,1,0
20150006894000,10,6,4,499
20150006897000,3,2,1,0
20150006899000,91,49,42,3576.3
20150006900000,15,7,8,660
20150006915000,17,8,9,506.6
20150006920000,10,6,4,515
20150006921000,24,13,11,1207.2
20150006923000,6,4,2,276
20150006928000,4,3,1,0
20150006930000,1,1,0,0
20150006933000,40,20,20,2180
20150006934000,41,26,15,1701.5
20150006941000,38,20,18,1615
20150006942000,141,77,64,5513.1
20150006945000,501,249,252,17484.9
20150006946000,172,85,87,6828.4
20150006947000,392,201,191,16385.6
20150006949000,5,2,3,144
20160006467000,187,95,92,7480
20160006468000,846,405,441,35447.4
20160006469000,79,35,44,2907.2
20160006470000,23,12,11,811.9
20160006471000,8,5,3,338.4
20160006479000,2,1,1,0
20160006480000,1,1,0,0
20160006481000,2,1,1,0
20160006482000,2,1,1,0
20160006490000,4,3,1,0
20160006491000,5,4,1,145
20160006492000,19,8,11,891.1
20160006495000,3,2,1,0
20160006498000,2,1,1,0
20160006499000,9,2,7,324.9
20160006502000,15,5,10,415.5
20160006507000,1,0,1,0
20160006510000,2,1,1,0
20160006511000,1,1,0,0
20160006517000,1,1,0,0
20160006522000,5,4,1,175
20160006523000,7,5,2,256.9
20160006526000,2,1,1,0
20160006532000,6,2,4,94.2
20160006533000,11,3,8,302.5
20160006618000,1,1,0,0
20160006624000,5,3,2,185
20160006625000,41,18,23,1406.3
20160006644000,10,7,3,515
20160006645000,88,37,51,3458.4
20160006646000,3,2,1,0
20160006667000,4,3,1,0
20160006696000,2,1,1,0
20160006713000,105,51,54,3916.5
20160006714000,48,21,27,2169.6
20160006715000,39,21,18,2152.8
20160006720000,10,5,5,402
20160006721000,14,4,10,613.2
20160006726000,210,107,103,8820
20160006727000,322,158,164,15520.4
20160006728000,7,4,3,300.3
20160006729000,46,26,20,1761.8
20160006752000,2,1,1,0
20160006753000,2,1,1,0
20160006756000,17,10,7,622.2
20160006764000,1,1,0,0
20160006765000,2,2,0,0
20160006808000,5,3,2,204
20160006809000,5,3,2,257
20160006815000,16,10,6,561.6
20160006816000,19,8,11,820.8
20160006832000,10,4,6,461
20160006833000,6,3,3,412.8
20160006842000,35,22,13,1382.5
20160006843000,2,1,1,0
20160006844000,38,22,16,1432.6
20160006845000,31,15,16,1255.5
20160006846000,123,63,60,5006.1
20160006847000,904,436,468,34804
20160006848000,452,220,232,15503.6
20160006860000,23,12,11,853.3
20160006861000,4,2,2,0
20160006894000,3,2,1,0
20160006896000,2,2,0,0
20160006897000,9,4,5,402.3
20160006899000,57,29,28,2114.7
20160006900000,40,25,15,1576
20160006901000,10,4,6,453
20160006902000,7,4,3,343.7
20160006918000,32,17,15,1673.6
20160006919000,22,14,8,1027.4
20160006920000,2,1,1,0
20160006921000,11,5,6,632.5
20160006923000,12,8,4,711.6
20160006924000,1,0,1,0
20160006925000,1,1,0,0
20160006927000,11,4,7,562.1
20160006928000,4,2,2,0
20160006931000,3,2,1,0
20160006932000,7,3,4,315
20160006933000,37,21,16,1735.3
20160006942000,73,39,34,2868.9
20160006944000,5,2,3,247
20160006945000,653,328,325,31148.1
20160006946000,389,188,201,15132.1
20160006947000,429,235,194,18661.5
20160006949000,117,59,58,5592.6
20160006952000,17,10,7,588.2
20160006954000,19,10,9,1138.1
20170006465000,14,7,7,995.4
20170006466000,9,4,5,371.7
20170006467000,110,56,54,5500
20170006468000,1019,502,517,45345.5
20170006471000,7,3,4,175.7
20170006475000,14,8,6,553
20170006478000,3,1,2,0
20170006491000,4,2,2,0
20170006500000,7,4,3,263.2
20170006501000,2,1,1,0
20170006503000,1,1,0,0
20170006504000,13,8,5,533
20170006523000,4,3,1,0
20170006624000,44,19,25,1531.2
20170006625000,11,6,5,353.1
20170006631000,4,2,2,0
20170006645000,8,4,4,318.4
20170006700000,1,1,0,0
20170006701000,24,15,9,1209.6
20170006714000,223,111,112,10235.7
20170006715000,2,1,1,0
20170006725000,12,6,6,440.4
20170006726000,289,145,144,10375.1
20170006727000,7,3,4,294
20170006729000,39,19,20,1489.8
20170006730000,5,3,2,212
20170006737000,1,1,0,0
20170006751000,15,9,6,655.5
20170006753000,3,2,1,0
20170006754000,3,2,1,0
20170006755000,1,1,0,0
20170006756000,2,2,0,0
20170006765000,4,2,2,0
20170006766000,3,1,2,0
20170006771000,8,5,3,330.4
20170006772000,5,2,3,225
20170006832000,6,3,3,303
20170006842000,3,2,1,0
20170006843000,55,31,24,1870
20170006844000,491,246,245,14042.6
20170006848000,30,15,15,1290
20170006849000,14,6,8,547.4
20170006860000,20,10,10,836
20170006893000,1,0,1,0
20170006894000,5,3,2,207
20170006897000,15,9,6,768
20170006899000,215,110,105,8342
20170006915000,2,1,1,0
20170006917000,49,25,24,2205
20170006918000,164,77,87,8757.6
20170006919000,11,6,5,466.4
20170006920000,40,21,19,2112
20170006921000,2,1,1,0
20170006927000,19,11,8,925.3
20170006931000,1,1,0,0
20170006933000,11,7,4,528
20170006942000,33,13,20,973.5
20170006943000,9,5,4,452.7
20170006945000,126,65,61,4964.4
20170006946000,760,377,383,30248
20170006949000,70,38,32,3542
20170006950000,8,3,5,259.2
20170006952000,23,12,11,1191.4
20170006953000,18,7,11,1051.2
20180006466000,1,0,1,0
20180006468000,34,19,15,1411
20180006475000,21,7,14,1022.7
20180006478000,16,7,9,835.2
20180006479000,26,12,14,709.8
20180006480000,1,1,0,0
20180006481000,12,6,6,572.4
20180006483000,2,1,1,0
20180006484000,5,3,2,142
20180006488000,7,3,4,279.3
20180006497000,8,5,3,250.4
20180006500000,5,4,1,211
20180006506000,20,9,11,846
20180006516000,1,1,0,0
20180006624000,16,9,7,584
20180006625000,257,123,134,10202.9
20180006633000,3,1,2,0
20180006645000,7,2,5,286.3
20180006646000,12,6,6,469.2
20180006668000,7,2,5,524.3
20180006697000,21,11,10,756
20180006717000,11,5,6,587.4
20180006725000,72,42,30,3103.2
20180006726000,18,11,7,750.6
20180006728000,2,1,1,0
20180006729000,12,6,6,633.6
20180006730000,28,13,15,957.6
20180006750000,6,4,2,141
20180006751000,14,6,8,436.8
20180006752000,19,10,9,790.4
20180006754000,9,2,7,396.9
20180006757000,3,1,2,0
20180006765000,39,21,18,1614.6
20180006766000,11,6,5,528
20180006807000,2,1,1,0
20180006832000,3,2,1,0
20180006842000,25,13,12,825
20180006843000,11,7,4,386.1
20180006844000,303,162,141,9453.6
20180006845000,4,2,2,0
20180006848000,12,4,8,292.8
20180006849000,35,19,16,1540
20180006850000,1,0,1,0
20180006860000,25,13,12,1090
20180006861000,16,7,9,614.4
20180006878000,24,13,11,993.6
20180006898000,14,8,6,614.6
20180006899000,69,42,27,2829
20180006900000,1,1,0,0
20180006918000,28,15,13,1352.4
20180006919000,155,80,75,6851
20180006927000,12,7,5,649.2
20180006928000,6,3,3,288
20180006931000,6,2,4,222
20180006933000,14,8,6,606.2
20180006943000,53,25,28,2538.7
20180006944000,12,8,4,453.6
20180006945000,43,25,18,2008.1
20180006946000,212,112,100,7632
20180006947000,162,77,85,6658.2
20180006948000,109,58,51,4643.4
20180006949000,78,32,46,3689.4
20180006950000,94,47,47,4098.4
20180006953000,28,10,18,1579.2
20180006954000,1,1,0,0
20190006468000,80,40,40,3152
20190006469000,10,5,5,747
20190006472000,5,3,2,295
20190006474000,2,1,1,0
20190006475000,1,1,0,0
20190006478000,7,3,4,223.3
20190006480000,2,0,2,0
20190006484000,4,3,1,0
20190006487000,3,2,1,0
20190006488000,13,6,7,702
20190006489000,9,4,5,485.1
20190006493000,4,1,3,0
20190006497000,1,1,0,0
20190006499000,8,5,3,224
20190006500000,1,1,0,0
20190006502000,10,7,3,421
20190006503000,4,3,1,0
20190006515000,4,1,3,0
20190006518000,21,14,7,751.8
20190006519000,27,13,14,990.9
20190006520000,7,2,5,312.2
20190006523000,27,15,12,1206.9
20190006524000,17,8,9,477.7
20190006525000,3,1,2,0
20190006532000,167,78,89,5627.9
20190006533000,6,4,2,172.2
20190006613000,4,2,2,0
20190006624000,5,3,2,117
20190006625000,82,39,43,4091.8
20190006633000,4,2,2,0
20190006668000,9,3,6,455.4
20190006669000,5,2,3,104
20190006697000,7,2,5,238.7
20190006714000,15,9,6,739.5
20190006716000,14,8,6,774.2
20190006717000,44,25,19,1672
20190006723000,1,0,1,0
20190006725000,37,18,19,1461.5
20190006726000,28,14,14,1083.6
20190006727000,54,28,26,2073.6
20190006728000,21,11,10,1018.5
20190006729000,43,24,19,1195.4
20190006752000,5,3,2,152
20190006753000,27,15,12,1034.1
20190006754000,3,1,2,0
20190006757000,4,2,2,0
20190006765000,5,3,2,181
20190006772000,14,8,6,334.6
20190006773000,8,6,2,364.8
20190006807000,1,0,1,0
20190006808000,3,1,2,0
20190006831000,6,3,3,165
20190006841000,3,2,1,0
20190006842000,5,2,3,138
20190006843000,16,10,6,755.2
20190006844000,21,12,9,909.3
20190006845000,21,11,10,987
20190006847000,1,1,0,0
20190006849000,3,1,2,0
20190006850000,30,13,17,1080
20190006860000,17,8,9,654.5
20190006870000,19,10,9,756.2
20190006878000,11,7,4,485.1
20190006898000,11,3,8,481.8
20190006899000,4,3,1,0
20190006900000,8,4,4,371.2
20190006901000,24,11,13,1132.8
20190006918000,18,12,6,963
20190006927000,20,11,9,914
20190006928000,62,32,30,2938.8
20190006941000,60,33,27,2256
20190006942000,17,9,8,833
20190006943000,7,5,2,284.9
20190006944000,66,34,32,2626.8
20190006945000,204,103,101,7344
20190006946000,21,14,7,1005.9
20190006947000,276,138,138,9687.6
20190006949000,8,3,5,346.4
20200006467000,34,18,16,1683
20200006468000,4,2,2,0
20200006469000,6,2,4,420
20200006471000,3,2,1,0
20200006472000,1,1,0,0
20200006473000,20,10,10,602
20200006479000,3,2,1,0
20200006484000,2,1,1,0
20200006486000,20,10,10,816
20200006487000,261,135,126,10883.7
20200006488000,192,101,91,8371.2
20200006489000,10,6,4,437
20200006494000,2,1,1,0
20200006497000,9,6,3,419.4
20200006501000,5,3,2,108
20200006514000,1,1,0,0
20200006515000,15,9,6,643.5
20200006524000,55,30,25,1952.5
20200006525000,7,3,4,506.8
20200006531000,51,29,22,1759.5
20200006532000,548,283,265,23783.2
20200006533000,85,36,49,3536
20200006534000,7,5,2,177.8
20200006535000,1,1,0,0
20200006624000,13,7,6,520
20200006625000,164,77,87,6986.4
20200006668000,17,9,8,901
20200006714000,9,7,2,428.4
20200006717000,5,4,1,272
20200006725000,5,4,1,208
20200006726000,9,5,4,378.9
20200006727000,56,26,30,2318.4
20200006752000,36,20,16,1288.8
20200006753000,11,4,7,421.3
20200006754000,2,1,1,0
20200006755000,6,4,2,235.2
20200006774000,3,1,2,0
20200006812000,1,1,0,0
20200006819000,65,33,32,2671.5
20200006831000,2,1,1,0
20200006843000,23,13,10,1021.2
20200006844000,4,3,1,0
20200006849000,2,1,1,0
20200006850000,38,20,18,923.4
20200006851000,97,56,41,3375.6
20200006852000,2,1,1,0
20200006860000,18,8,10,711
20200006861000,14,6,8,733.6
20200006862000,1,1,0,0
20200006869000,10,6,4,393
20200006870000,5,2,3,145
20200006872000,23,12,11,876.3
20200006873000,9,5,4,443.7
20200006898000,44,20,24,1839.2
20200006899000,4,2,2,0
20200006900000,4,3,1,0
20200006901000,22,9,13,1036.2
20200006908000,9,4,5,437.4
20200006917000,6,3,3,409.8
20200006918000,4,1,3,0
20200006927000,5,2,3,315
20200006928000,21,10,11,1173.9
20200006933000,2,2,0,0
20200006935000,11,6,5,364.1
20200006939000,76,43,33,3800
20200006940000,127,64,63,5334
20200006941000,169,91,78,6844.5
20200006942000,160,92,68,6032
20200006944000,105,57,48,3990
20200006945000,61,26,35,2598.6
20200006946000,35,17,18,1512
20200006948000,67,38,29,2753.7
20210006464000,2,1,1,0
20210006466000,11,5,6,408.1
20210006467000,10,6,4,389
20210006468000,36,21,15,1231.2
20210006469000,23,13,10,627.9
20210006472000,5,2,3,248
20210006480000,4,2,2,0
20210006483000,7,5,2,361.9
20210006485000,10,5,5,360
20210006488000,61,30,31,2311.9
20210006489000,15,7,8,717
20210006490000,1,1,0,0
20210006492000,8,3,5,268.8
20210006494000,5,1,4,117
20210006495000,6,5,1,169.2
20210006496000,11,5,6,499.4
20210006498000,18,11,7,869.4
20210006499000,2,2,0,0
20210006500000,2,1,1,0
20210006501000,2,1,1,0
20210006502000,3,2,1,0
20210006504000,15,6,9,568.5
20210006507000,4,2,2,0
20210006508000,3,1,2,0
20210006509000,10,6,4,247
20210006510000,10,5,5,456
20210006512000,5,3,2,225
20210006532000,6,1,5,162
20210006533000,55,27,28,2002
20210006534000,11,7,4,283.8
20210006535000,27,15,12,1117.8
20210006536000,6,0,6,259.8
20210006538000,17,8,9,800.7
20210006576000,3,2,1,0
20210006624000,5,2,3,125
20210006625000,10,5,5,499
20210006626000,7,3,4,415.8
20210006668000,7,4,3,296.1
20210006669000,1,0,1,0
20210006714000,14,7,7,505.4
20210006715000,10,7,3,416
20210006717000,18,8,10,732.6
20210006718000,4,2,2,0
20210006753000,22,10,12,789.8
20210006754000,34,17,17,1594.6
20210006755000,9,5,4,392.4
20210006775000,2,2,0,0
20210006813000,2,1,1,0
20210006819000,523,251,272,21495.3
20210006820000,643,342,301,26363
20210006831000,4,2,2,0
20210006843000,15,5,10,865.5
20210006844000,3,2,1,0
20210006845000,22,13,9,1062.6
20210006850000,2,1,1,0
20210006851000,33,17,16,927.3
20210006852000,16,11,5,558.4
20210006853000,5,1,4,189
20210006859000,2,1,1,0
20210006860000,3,2,1,0
20210006861000,17,9,8,671.5
20210006869000,12,6,6,351.6
20210006877000,25,16,9,1170
20210006878000,100,57,43,4720
20210006879000,1,1,0,0
20210006896000,31,17,14,1218.3
20210006898000,81,39,42,2519.1
20210006899000,55,28,27,2453
20210006900000,6,4,2,127.2
20210006908000,14,8,6,883.4
20210006909000,10,7,3,595
20210006915000,3,2,1,0
20210006916000,13,7,6,738.4
20210006928000,30,17,13,1539
20210006934000,59,35,24,1722.8
20210006935000,46,23,23,1826.2
20210006939000,24,10,14,772.8
20210006940000,13,9,4,665.6
20210006942000,19,10,9,777.1
20210006944000,6,5,1,292.8
20210006946000,32,15,17,1196.8
20210006947000,104,47,57,4316
20210006948000,70,35,35,3297
20220006466000,13,6,7,730.6
20220006467000,7,4,3,476
20220006468000,68,35,33,2318.8
20220006469000,22,12,10,1243
20220006470000,9,5,4,315
20220006479000,6,3,3,384
20220006483000,6,4,2,376.2
20220006485000,2,1,1,0
20220006488000,3,1,2,0
20220006489000,16,10,6,729.6
20220006495000,1,1,0,0
20220006499000,1,1,0,0
20220006503000,2,1,1,0
20220006504000,13,6,7,542.1
20220006505000,4,2,2,0
20220006507000,8,4,4,136.8
20220006508000,4,2,2,0
20220006510000,1,1,0,0
20220006529000,6,4,2,265.8
20220006534000,71,34,37,2534.7
20220006538000,16,6,10,396.8
20220006549000,9,4,5,498.6
20220006576000,1,1,0,0
20220006626000,1,1,0,0
20220006647000,21,10,11,900.9
20220006713000,6,3,3,253.2
20220006714000,7,3,4,202.3
20220006753000,17,10,7,856.8
20220006754000,43,23,20,1591
20220006755000,5,3,2,91
20220006806000,25,14,11,1050
20220006807000,11,7,4,669.9
20220006819000,19,11,8,600.4
20220006820000,384,198,186,16665.6
20220006821000,4,1,3,0
20220006831000,3,1,2,0
20220006832000,13,7,6,522.6
20220006846000,19,9,10,651.7
20220006847000,46,23,23,1725
20220006853000,4,3,1,0
20220006860000,7,4,3,261.1
20220006861000,22,10,12,875.6
20220006862000,2,1,1,0
20220006863000,5,3,2,153
20220006869000,12,7,5,513.6
20220006879000,40,20,20,1876
20220006894000,3,1,2,0
20220006896000,8,4,4,276
20220006898000,120,61,59,5292
20220006899000,112,55,57,4244.8
20220006900000,58,28,30,2099.6
20220006901000,47,25,22,1795.4
20220006907000,1,0,1,0
20220006908000,30,12,18,1452
20220006910000,4,1,3,0
20220006915000,11,8,3,387.2
20220006928000,29,16,13,1400.7
20220006929000,9,3,6,453.6
20220006930000,1,1,0,0
20220006932000,46,22,24,2014.8
20220006933000,27,14,13,1158.3
20220006934000,56,32,24,2643.2
20220006935000,145,76,69,5974
20220006936000,75,39,36,3367.5
20220006938000,12,7,5,343.2
20220006939000,51,29,22,2279.7
20220006940000,20,7,13,922
20220006948000,5,4,1,107
20230006467000,19,11,8,642.2
20230006468000,8,6,2,352
20230006469000,17,9,8,623.9
20230006470000,15,9,6,489
20230006479000,21,9,12,777
20230006485000,3,1,2,0
20230006488000,3,2,1,0
20230006489000,2,1,1,0
20230006499000,96,47,49,3148.8
20230006500000,53,28,25,2173
20230006502000,44,26,18,1804
20230006503000,13,6,7,566.8
20230006504000,23,10,13,1182.2
20230006505000,2,1,1,0
20230006506000,2,1,1,0
20230006509000,2,1,1,0
20230006510000,3,1,2,0
20230006534000,17,8,9,584.8
20230006539000,13,7,6,540.8
20230006542000,5,3,2,323
20230006576000,5,3,2,339
20230006626000,7,2,5,247.1
20230006647000,20,7,13,1150
20230006648000,3,1,2,0
20230006669000,1,0,1,0
20230006670000,1,1,0,0
20230006713000,7,4,3,277.9
20230006714000,6,3,3,190.2
20230006720000,5,3,2,197
20230006751000,3,2,1,0
20230006752000,149,69,80,4589.2
20230006753000,37,19,18,1487.4
20230006807000,8,6,2,396
20230006808000,5,4,1,146
20230006820000,249,132,117,9735.9
20230006821000,168,88,80,6081.6
20230006833000,6,3,3,342
20230006834000,1,1,0,0
20230006842000,7,3,4,233.1
20230006843000,69,35,34,1807.8
20230006847000,35,20,15,1263.5
20230006853000,2,2,0,0
20230006854000,32,18,14,1529.6
20230006861000,13,6,7,543.4
20230006862000,3,2,1,0
20230006869000,2,1,1,0
20230006891000,2,1,1,0
20230006894000,5,0,5,251
20230006896000,2,1,1,0
20230006898000,68,40,28,2924
20230006899000,31,17,14,1072.6
20230006900000,6,3,3,214.8
20230006901000,35,14,21,1669.5
20230006902000,20,10,10,1064
20230006928000,2,1,1,0
20230006929000,11,4,7,271.7
20230006933000,42,24,18,1285.2
20230006934000,54,29,25,2257.2
20230006935000,5,3,2,264
20230006936000,24,10,14,1137.6
20230006937000,70,37,33,2905
20230006938000,7,4,3,457.8
20230006939000,212,99,113,10070
20230006940000,8,5,3,412.8
20230006941000,4,2,2,0
20230006943000,25,14,11,975
20230006944000,12,6,6,411.6
20240006466000,2,1,1,0
20240006468000,4,3,1,0
20240006469000,34,18,16,1135.6
20240006470000,15,8,7,802.5
20240006473000,2,1,1,0
20240006478000,2,1,1,0
20240006480000,2,2,0,0
20240006482000,5,4,1,146
20240006483000,4,2,2,0
20240006487000,10,5,5,444
20240006488000,6,4,2,264
20240006496000,2,1,1,0
20240006499000,13,7,6,470.6
20240006503000,2,2,0,0
20240006504000,3,2,1,0
20240006505000,28,15,13,1201.2
20240006506000,2,1,1,0
20240006540000,18,8,10,716.4
20240006541000,6,4,2,166.2
20240006547000,10,4,6,449
20240006548000,6,4,2,364.2
20240006550000,3,2,1,0
20240006551000,10,5,5,447
20240006626000,3,1,2,0
20240006713000,42,22,20,1570.8
20240006720000,42,22,20,2163
20240006721000,7,4,3,140.7
20240006722000,6,4,2,195
20240006751000,32,19,13,1312
20240006752000,3,2,1,0
20240006753000,18,10,8,837
20240006775000,4,2,2,0
20240006821000,18,6,12,712.8
20240006832000,2,2,0,0
20240006833000,31,15,16,1221.4
20240006842000,16,7,9,668.8
20240006843000,5,3,2,203
20240006847000,15,8,7,580.5
20240006848000,157,89,68,5196.7
20240006849000,80,36,44,3528
20240006850000,6,4,2,312
20240006854000,36,19,17,1317.6
20240006855000,12,5,7,399.6
20240006896000,13,6,7,556.4
20240006898000,14,8,6,733.6
20240006902000,28,13,15,1078
20240006911000,4,1,3,0
20240006929000,2,1,1,0
20240006937000,18,7,11,772.2
20240006938000,18,12,6,842.4
20240006939000,182,99,83,6588.4
20240006941000,26,15,11,1115.4
20240006942000,4,2,2,0
20240006943000,36,22,14,1461.6
20240006944000,214,100,114,7083.4
20240006946000,1,1,0,0
20250006463000,6,3,3,282
20250006464000,6,2,4,283.2
20250006465000,2,1,1,0
20250006466000,11,5,6,432.3
20250006467000,7,4,3,494.2
20250006468000,8,3,5,424
20250006469000,56,33,23,1870.4
20250006470000,14,9,5,347.2
20250006485000,1,1,0,0
20250006488000,80,45,35,3128
20250006489000,93,45,48,3329.4
20250006510000,1,1,0,0
20250006511000,1,0,1,0
20250006540000,1,1,0,0
20250006541000,5,3,2,267
20250006548000,2,2,0,0
20250006551000,4,2,2,0
20250006552000,12,8,4,366
20250006671000,5,1,4,125
20250006687000,5,2,3,119
20250006720000,92,48,44,4774.8
20250006721000,33,17,16,1316.7
20250006728000,15,7,8,672
20250006729000,8,4,4,222.4
20250006751000,26,12,14,1214.2
20250006752000,66,37,29,2019.6
20250006753000,65,31,34,2509
20250006754000,13,5,8,448.5
20250006775000,8,4,4,448
20250006833000,29,17,12,1397.8
20250006834000,21,11,10,1197
20250006841000,6,3,3,369
20250006842000,30,17,13,1218
20250006848000,15,8,7,678
20250006849000,545,269,276,17658
20250006850000,32,14,18,1033.6
20250006854000,13,6,7,409.5
20250006855000,13,5,8,445.9
20250006882000,3,2,1,0
20250006883000,4,3,1,0
20250006895000,6,2,4,139.8
20250006896000,27,15,12,958.5
20250006897000,26,14,12,767
20250006902000,1,1,0,0
20250006912000,5,3,2,227
20250006914000,1,1,0,0
20250006915000,3,1,2,0
20250006929000,22,10,12,959.2
20250006935000,2,1,1,0
20250006937000,3,2,1,0
20250006938000,5,3,2,305
20250006939000,70,37,33,2996
20250006942000,371,196,175,13133.4
20250006943000,6,3,3,273
20250006944000,63,32,31,2268
20250006946000,12,8,4,444
20250006948000,5,3,2,121
20260006463000,8,2,6,276.8
20260006464000,4,2,2,0
20260006465000,13,5,8,721.5
20260006466000,22,13,9,913
20260006467000,3,2,1,0
20260006468000,22,12,10,974.6
20260006469000,48,19,29,2049.6
20260006470000,7,5,2,303.8
20260006473000,11,6,5,258.5
20260006475000,7,4,3,282.8
20260006477000,5,2,3,123
20260006481000,2,1,1,0
20260006488000,33,19,14,1626.9
20260006489000,124,58,66,5220.4
20260006549000,6,3,3,211.2
20260006551000,4,2,2,0
20260006552000,5,3,2,166
20260006553000,3,2,1,0
20260006632000,1,1,0,0
20260006671000,15,9,6,576
20260006686000,2,1,1,0
20260006720000,7,3,4,266.7
20260006721000,30,13,17,1107
20260006723000,2,1,1,0
20260006728000,28,16,12,1416.8
20260006729000,13,7,6,461.5
20260006750000,10,5,5,383
20260006751000,17,9,8,700.4
20260006752000,52,26,26,2272.4
20260006753000,67,34,33,2747
20260006754000,25,15,10,1030
20260006775000,13,6,7,612.3
20260006812000,2,1,1,0
20260006832000,9,5,4,395.1
20260006834000,25,14,11,977.5
20260006841000,22,12,10,1104.4
20260006842000,7,5,2,247.8
20260006848000,3,3,0,0
20260006849000,60,34,26,2208
20260006888000,8,4,4,328
20260006890000,1,1,0,0
20260006895000,18,8,10,819
20260006897000,276,141,135,9384
20260006898000,6,3,3,300
20260006913000,10,6,4,535
20260006914000,19,9,10,1052.6
20260006915000,2,1,1,0
20260006916000,16,7,9,668.8
20260006928000,1,1,0,0
20260006929000,16,6,10,646.4
20260006935000,27,12,15,1220.4
20260006936000,23,14,9,995.9
20260006939000,10,5,5,441
20260006940000,31,17,14,1103.6
20260006941000,28,16,12,1187.2
20260006942000,374,197,177,12716
20260006943000,235,172,63,9846.5
20260006944000,99,58,41,3880.8
20260006945000,70,33,37,3815
20260006946000,782,412,370,30341.6
20260006947000,274,144,130,11151.8
20260006948000,221,106,115,7735
20260006949000,32,22,10,1094.4
20270006461000,15,8,7,454.5
20270006464000,6,3,3,97.8
20270006465000,1,0,1,0
20270006466000,3,1,2,0
20270006467000,3,3,0,0
20270006468000,6,3,3,184.8
20270006469000,27,13,14,1058.4
20270006470000,11,6,5,476.3
20270006473000,23,13,10,765.9
20270006475000,1,1,0,0
20270006480000,5,3,2,187
20270006481000,5,2,3,60
20270006488000,10,7,3,416
20270006489000,68,38,30,2441.2
20270006490000,88,42,46,3511.2
20270006491000,11,6,5,499.4
20270006518000,1,1,0,0
20270006536000,2,1,1,0
20270006549000,3,1,2,0
20270006550000,13,8,5,496.6
20270006553000,2,1,1,0
20270006554000,2,2,0,0
20270006625000,10,6,4,329
20270006626000,5,1,4,171
20270006627000,51,25,26,1703.4
20270006628000,5,2,3,109
20270006723000,7,2,5,296.8
20270006729000,24,9,15,1204.8
20270006730000,47,24,23,2166.7
20270006749000,5,2,3,326
20270006750000,15,7,8,843
20270006751000,1,1,0,0
20270006814000,3,1,2,0
20270006831000,9,5,4,470.7
20270006832000,15,8,7,571.5
20270006833000,2,1,1,0
20270006835000,2,2,0,0
20270006837000,1,0,1,0
20270006841000,4,3,1,0
20270006842000,15,9,6,673.5
20270006848000,8,4,4,352.8
20270006849000,194,106,88,8128.6
20270006850000,133,69,64,4482.1
20270006888000,20,12,8,608
20270006889000,48,28,20,1776
20270006895000,26,10,16,1206.4
20270006896000,546,288,258,23259.6
20270006897000,935,466,469,35436.5
20270006898000,72,38,34,2872.8
20270006913000,29,14,15,1597.9
20270006914000,19,9,10,860.7
20270006918000,21,10,11,1176
20270006919000,20,9,11,948
20270006920000,2,1,1,0
20270006924000,8,5,3,308
20270006925000,7,4,3,231
20270006926000,3,2,1,0
20270006932000,1,0,1,0
20270006935000,79,39,40,3792
20270006938000,148,80,68,6156.8
20270006939000,204,111,93,7711.2
20270006941000,45,24,21,1422
20270006942000,51,29,22,2106.3
20270006943000,98,54,44,4155.2
20270006944000,183,92,91,7082.1
20270006945000,1278,627,651,57893.4
20270006946000,1415,713,702,52072
20270006951000,17,8,9,554.2
20280006458000,5,3,2,225
20280006459000,101,54,47,4696.5
20280006460000,5,2,3,139
20280006461000,17,8,9,579.7
20280006462000,1,1,0,0
20280006466000,2,1,1,0
20280006467000,9,3,6,421.2
20280006469000,5,2,3,260
20280006470000,4,3,1,0
20280006472000,1,1,0,0
20280006473000,3,2,1,0
20280006479000,16,8,8,603.2
20280006480000,6,4,2,88.8
20280006487000,5,3,2,171
20280006488000,3,1,2,0
20280006489000,32,16,16,1110.4
20280006490000,49,22,27,2160.9
20280006491000,44,23,21,1658.8
20280006501000,11,4,7,378.4
20280006502000,9,5,4,381.6
20280006503000,15,7,8,673.5
20280006506000,8,2,6,352.8
20280006514000,1,1,0,0
20280006517000,3,1,2,0
20280006521000,27,12,15,1117.8
20280006522000,2,1,1,0
20280006554000,5,3,2,293
20280006624000,13,6,7,488.8
20280006723000,11,7,4,482.9
20280006730000,25,12,13,972.5
20280006749000,3,2,1,0
20280006751000,57,31,26,2103.3
20280006812000,3,1,2,0
20280006814000,3,0,3,0
20280006815000,1,1,0,0
20280006831000,14,9,5,554.4
20280006834000,4,2,2,0
20280006839000,2,1,1,0
20280006841000,26,11,15,819
20280006842000,9,5,4,396
20280006849000,75,42,33,3457.5
20280006850000,1,0,1,0
20280006887000,3,0,3,0
20280006889000,21,10,11,934.5
20280006895000,1,1,0,0
20280006896000,507,250,257,20837.7
20280006897000,649,308,341,27452.7
20280006898000,13,7,6,500.5
20280006918000,4,2,2,0
20280006919000,32,16,16,1155.2
20280006920000,75,41,34,3240
20280006921000,35,15,20,1648.5
20280006923000,12,6,6,465.6
20280006924000,6,3,3,415.8
20280006925000,62,36,26,2430.4
20280006926000,34,17,17,1363.4
20280006927000,1,1,0,0
20280006934000,2,1,1,0
20280006935000,120,62,58,4464
20280006939000,13,10,3,639.6
20280006945000,1030,530,500,38522
20280006946000,205,107,98,5801.5
20280006951000,32,17,15,1414.4
20280006952000,108,54,54,4384.8
20280006953000,9,4,5,272.7
20290006458000,2,1,1,0
20290006459000,7,2,5,375.2
20290006460000,10,4,6,350
20290006461000,37,19,18,1258
20290006462000,1,1,0,0
20290006463000,43,21,22,1638.3
20290006464000,3,2,1,0
20290006466000,2,1,1,0
20290006467000,3,1,2,0
20290006468000,11,7,4,429
20290006469000,24,14,10,828
20290006470000,14,12,2,504
20290006472000,5,3,2,170
20290006473000,4,3,1,0
20290006474000,4,1,3,0
20290006476000,7,5,2,333.2
20290006483000,1,1,0,0
20290006489000,2,1,1,0
20290006490000,28,16,12,1086.4
20290006491000,921,422,499,37392.6
20290006492000,383,183,200,17503.1
20290006493000,12,8,4,518.4
20290006498000,15,10,5,610.5
20290006499000,14,9,5,455
20290006500000,9,5,4,262.8
20290006501000,8,2,6,408
20290006502000,5,2,3,233
20290006503000,5,3,2,293
20290006505000,4,2,2,0
20290006506000,5,4,1,117
20290006509000,30,14,16,969
20290006510000,1,1,0,0
20290006513000,8,6,2,274.4
20290006514000,21,8,13,879.9
20290006517000,3,2,1,0
20290006523000,5,4,1,275
20290006633000,7,4,3,154.7
20290006682000,33,14,19,1194.6
20290006684000,20,10,10,590
20290006685000,14,4,10,518
20290006686000,101,48,53,3939
20290006687000,392,196,196,15915.2
20290006688000,423,222,201,17850.6
20290006689000,292,166,126,11300.4
20290006690000,173,98,75,7283.3
20290006691000,290,165,125,11600
20290006692000,288,148,140,12700.8
20290006723000,11,6,5,606.1
20290006730000,356,164,192,14987.6
20290006749000,18,10,8,768.6
20290006750000,3,0,3,0
20290006751000,140,69,71,4984
20290006752000,340,169,171,14824
20290006815000,5,3,2,249
20290006830000,2,1,1,0
20290006831000,7,3,4,401.8
20290006832000,17,8,9,600.1
20290006834000,17,10,7,928.2
20290006840000,45,22,23,2124
20290006841000,17,10,7,729.3
20290006849000,7,3,4,371.7
20290006850000,9,5,4,422.1
20290006851000,16,11,5,691.2
20290006887000,11,5,6,610.5
20290006889000,1,1,0,0
20290006896000,46,22,24,1669.8
20290006897000,71,38,33,2264.9
20290006917000,8,3,5,555.2
20290006923000,7,3,4,305.9
20290006924000,86,38,48,3594.8
20290006925000,67,30,37,3249.5
20290006931000,21,13,8,751.8
20290006935000,18,9,9,896.4
20290006936000,21,11,10,928.2
20290006939000,11,7,4,338.8
20290006940000,30,16,14,1329
20290006942000,2,2,0,0
20290006945000,375,185,190,13612.5
20290006953000,16,8,8,683.2
20300006457000,1,1,0,0
20300006463000,11,7,4,503.8
20300006464000,19,12,7,913.9
20300006465000,2,1,1,0
20300006466000,11,8,3,448.8
20300006468000,125,64,61,3512.5
20300006469000,172,82,90,6174.8
20300006472000,30,11,19,1071
20300006473000,6,4,2,249
20300006474000,24,12,12,1010.4
20300006475000,15,8,7,331.5
20300006476000,22,13,9,847
20300006477000,4,3,1,0
20300006478000,5,4,1,267
20300006480000,6,3,3,132
20300006481000,3,2,1,0
20300006483000,1,1,0,0
20300006484000,5,3,2,165
20300006485000,4,2,2,0
20300006491000,115,59,56,4749.5
20300006492000,509,251,258,20003.7
20300006493000,146,75,71,5723.2
20300006494000,35,18,17,1417.5
20300006495000,69,38,31,2725.5
20300006496000,24,12,12,1284
20300006497000,31,15,16,1103.6
20300006498000,52,26,26,2059.2
20300006499000,151,75,76,5783.3
20300006500000,63,35,28,2280.6
20300006501000,5,3,2,236
20300006503000,9,5,4,405.9
20300006505000,1,1,0,0
20300006508000,5,3,2,112
20300006509000,22,10,12,851.4
20300006510000,9,4,5,219.6
20300006512000,12,7,5,478.8
20300006513000,3,1,2,0
20300006514000,37,18,19,1283.9
20300006515000,13,5,8,730.6
20300006517000,10,7,3,370
20300006520000,2,1,1,0
20300006524000,3,2,1,0
20300006526000,7,4,3,319.2
20300006555000,43,20,23,1922.1
20300006556000,13,7,6,651.3
20300006634000,2,1,1,0
20300006673000,63,35,28,2935.8
20300006674000,16,9,7,585.6
20300006675000,9,4,5,363.6
20300006676000,6,3,3,289.8
20300006677000,4,2,2,0
20300006678000,5,3,2,242
20300006679000,2,1,1,0
20300006680000,47,23,24,1818.9
20300006681000,12,8,4,537.6
20300006682000,7,4,3,350
20300006687000,685,328,357,33839
20300006688000,1189,564,625,54456.2
20300006689000,1064,538,526,49369.6
20300006690000,31,14,17,1286.5
20300006696000,2,2,0,0
20300006723000,5,3,2,145
20300006730000,112,54,58,5779.2
20300006749000,22,12,10,915.2
20300006750000,17,11,6,746.3
20300006751000,1,1,0,0
20300006752000,935,440,495,39457
20300006809000,11,5,6,423.5
20300006829000,7,3,4,245
20300006830000,30,15,15,1200
20300006834000,15,9,6,753
20300006839000,15,9,6,526.5
20300006850000,9,6,3,325.8
20300006851000,18,8,10,887.4
20300006852000,37,19,18,1579.9
20300006884000,6,3,3,304.8
20300006896000,26,11,15,1318.2
20300006897000,29,17,12,1139.7
20300006921000,13,7,6,429
20300006922000,15,5,10,466.5
20300006930000,71,35,36,2470.8
20300006931000,50,25,25,1900
20300006940000,6,4,2,252
20300006942000,2,2,0,0
20310006455000,15,8,7,789
20310006458000,2,1,1,0
20310006462000,2,1,1,0
20310006463000,3,2,1,0
20310006465000,19,12,7,511.1
20310006466000,138,72,66,4761
20310006469000,57,26,31,2451
20310006470000,18,11,7,995.4
20310006471000,31,15,16,1429.1
20310006472000,168,94,74,6451.2
20310006473000,32,17,15,1452.8
20310006474000,17,9,8,464.1
20310006475000,46,22,24,1380
20310006476000,17,9,8,562.7
20310006479000,1,1,0,0
20310006481000,2,2,0,0
20310006485000,9,2,7,186.3
20310006486000,8,5,3,250.4
20310006487000,2,1,1,0
20310006491000,23,13,10,683.1
20310006492000,161,74,87,6375.6
20310006493000,362,192,170,13756
20310006496000,26,14,12,956.8
20310006497000,12,5,7,598.8
20310006498000,76,38,38,2834.8
20310006499000,36,20,16,1202.4
20310006500000,1,1,0,0
20310006501000,12,6,6,445.2
20310006502000,5,3,2,113
20310006503000,7,4,3,231
20310006504000,7,3,4,247.8
20310006510000,3,0,3,0
20310006511000,2,1,1,0
20310006514000,21,9,12,1799.7
20310006515000,25,13,12,985
20310006516000,14,4,10,547.4
20310006517000,1,1,0,0
20310006518000,9,6,3,419.4
20310006526000,18,11,7,694.8
20310006556000,54,32,22,2052
20310006558000,35,19,16,1214.5
20310006634000,4,3,1,0
20310006673000,244,120,124,9516
20310006674000,50,28,22,2195
20310006675000,39,20,19,1836.9
20310006676000,10,7,3,456
20310006677000,3,2,1,0
20310006689000,8,4,4,492.8
20310006694000,335,179,156,15242.5
20310006698000,13,6,7,812.5
20310006699000,16,8,8,776
20310006700000,9,6,3,333
20310006730000,12,8,4,410.4
20310006747000,10,6,4,369
20310006748000,11,7,4,511.5
20310006749000,24,12,12,1060.8
20310006750000,341,177,164,13060.3
20310006751000,502,217,285,24899.2
20310006752000,1661,789,872,76904.3
20310006753000,23,11,12,1315.6
20310006754000,5,3,2,190
20310006755000,106,51,55,4091.6
20310006799000,1,1,0,0
20310006804000,6,4,2,424.2
20310006809000,54,24,30,2775.6
20310006829000,9,5,4,437.4
20310006830000,1,1,0,0
20310006834000,17,10,7,780.3
20310006850000,5,3,2,187
20310006852000,13,5,8,653.9
20310006879000,2,1,1,0
20310006881000,22,10,12,1045
20310006882000,57,34,23,2832.9
20310006887000,1,1,0,0
20310006891000,36,17,19,1749.6
20310006892000,18,10,8,901.8
20310006897000,48,23,25,2011.2
20310006906000,2,1,1,0
20310006907000,8,3,5,403.2
20310006908000,1,1,0,0
20310006920000,2,1,1,0
20310006929000,18,8,10,682.2
20310006930000,41,20,21,1689.2
20310006932000,16,7,9,440
20310006933000,1,1,0,0
20310006934000,2,1,1,0
20310006946000,43,26,17,1732.9
20320006455000,21,13,8,1155
20320006456000,7,4,3,371
20320006458000,9,4,5,488.7
20320006459000,5,4,1,266
20320006462000,5,2,3,169
20320006463000,2,1,1,0
20320006466000,6,3,3,204
20320006467000,9,3,6,414.9
20320006468000,269,136,133,8231.4
20320006469000,43,24,19,1926.4
20320006470000,760,371,389,26068
20320006471000,217,114,103,7508.2
20320006472000,242,136,106,9389.6
20320006477000,8,4,4,188.8
20320006478000,7,3,4,333.9
20320006479000,13,7,6,644.8
20320006485000,8,5,3,430.4
20320006491000,5,2,3,297
20320006492000,3,1,2,0
20320006493000,19,13,6,786.6
20320006503000,10,6,4,268
20320006507000,2,1,1,0
20320006511000,13,8,5,487.5
20320006512000,3,1,2,0
20320006515000,14,6,8,483
20320006516000,4,1,3,0
20320006517000,5,3,2,228
20320006528000,4,2,2,0
20320006529000,4,2,2,0
20320006555000,2,2,0,0
20320006556000,1,1,0,0
20320006558000,29,16,13,1113.6
20320006559000,13,5,8,598
20320006635000,7,4,3,301
20320006636000,11,7,4,467.5
20320006669000,2,1,1,0
20320006670000,5,3,2,350
20320006671000,6,3,3,256.8
20320006676000,10,6,4,405
20320006694000,266,134,132,10347.4
20320006696000,11,5,6,397.1
20320006697000,2,1,1,0
20320006701000,20,11,9,856
20320006702000,1,0,1,0
20320006703000,15,7,8,610.5
20320006724000,18,10,8,1053
20320006725000,24,11,13,1003.2
20320006726000,7,3,4,233.1
20320006730000,7,2,5,310.8
20320006731000,5,3,2,369
20320006739000,7,5,2,254.8
20320006742000,5,2,3,203
20320006744000,7,4,3,331.1
20320006745000,18,8,10,804.6
20320006746000,11,6,5,533.5
20320006747000,23,10,13,977.5
20320006748000,67,35,32,2559.4
20320006749000,21,14,7,693
20320006750000,116,55,61,4779.2
20320006751000,896,453,443,34316.8
20320006752000,1171,518,653,54685.7
20320006753000,168,77,91,7392
20320006754000,406,188,218,18067
20320006755000,748,386,362,29396.4
20320006756000,51,30,21,1963.5
20320006803000,1,1,0,0
20320006808000,10,5,5,568
20320006829000,6,4,2,264
20320006830000,6,3,3,235.8
20320006834000,1,1,0,0
20320006835000,13,4,9,685.1
20320006836000,1,0,1,0
20320006837000,6,4,2,220.2
20320006838000,6,4,2,186
20320006850000,3,1,2,0
20320006852000,18,10,8,914.4
20320006879000,2,0,2,0
20320006880000,65,33,32,2658.5
20320006881000,63,29,34,3244.5
20320006882000,21,13,8,1003.8
20320006886000,16,8,8,694.4
20320006887000,10,4,6,525
20320006890000,8,5,3,331.2
20320006891000,10,6,4,455
20320006896000,55,26,29,1787.5
20320006897000,262,132,130,10087
20320006898000,8,3,5,408.8
20320006906000,15,8,7,661.5
20320006907000,23,12,11,1198.3
20320006911000,9,5,4,529.2
20320006919000,132,62,70,6705.6
20320006920000,62,33,29,2579.2
20320006921000,8,5,3,339.2
20320006925000,23,11,12,894.7
20320006926000,8,5,3,407.2
20320006929000,13,7,6,595.4
20320006930000,4,3,1,0
20320006932000,1,0,1,0
20320006934000,67,36,31,2626.4
20320006946000,241,127,114,8676
20330006456000,14,7,7,743.4
20330006457000,6,4,2,255
20330006459000,6,2,4,202.2
20330006463000,5,2,3,182
20330006464000,2,0,2,0
20330006465000,14,7,7,337.4
20330006466000,5,3,2,246
20330006467000,20,11,9,688
20330006468000,31,16,15,911.4
20330006469000,4,2,2,0
20330006470000,395,178,217,13746
20330006471000,946,438,508,43989
20330006472000,70,40,30,2569
20330006473000,30,13,17,1188
20330006474000,54,31,23,2095.2
20330006475000,42,24,18,1562.4
20330006476000,10,4,6,405
20330006477000,16,8,8,540.8
20330006479000,14,9,5,322
20330006493000,45,24,21,1413
20330006494000,13,9,4,548.6
20330006495000,34,17,17,1281.8
20330006497000,20,10,10,620
20330006500000,7,4,3,279.3
20330006502000,24,14,10,710.4
20330006503000,36,21,15,1155.6
20330006504000,4,3,1,0
20330006507000,6,2,4,328.8
20330006508000,7,4,3,413.7
20330006513000,9,5,4,396
20330006514000,4,3,1,0
20330006515000,18,11,7,622.8
20330006517000,9,4,5,357.3
20330006518000,2,1,1,0
20330006529000,9,6,3,433.8
20330006530000,4,2,2,0
20330006555000,2,1,1,0
20330006557000,9,6,3,375.3
20330006558000,23,13,10,938.4
20330006559000,10,4,6,374
20330006668000,2,1,1,0
20330006669000,1,0,1,0
20330006670000,12,6,6,555.6
20330006696000,1,1,0,0
20330006698000,1,1,0,0
20330006699000,5,2,3,369
20330006703000,15,8,7,861
20330006704000,31,15,16,1782.5
20330006705000,8,5,3,323.2
20330006707000,5,4,1,179
20330006708000,45,24,21,1746
20330006709000,63,31,32,2494.8
20330006726000,3,2,1,0
20330006727000,3,1,2,0
20330006739000,3,2,1,0
20330006742000,24,9,15,991.2
20330006743000,1,0,1,0
20330006744000,11,6,5,509.3
20330006745000,5,3,2,338
20330006746000,6,2,4,166.8
20330006747000,139,72,67,4545.3
20330006751000,38,16,22,1922.8
20330006752000,275,130,145,10917.5
20330006753000,19,11,8,668.8
20330006754000,123,55,68,5043
20330006755000,92,51,41,3827.2
20330006756000,94,46,48,3675.4
20330006757000,6,4,2,268.2
20330006768000,2,1,1,0
20330006793000,1,0,1,0
20330006808000,3,1,2,0
20330006830000,11,4,7,532.4
20330006835000,8,5,3,392.8
20330006836000,4,2,2,0
20330006838000,7,3,4,203.7
20330006852000,10,6,4,243
20330006853000,10,5,5,247
20330006879000,26,11,15,868.4
20330006880000,65,36,29,2970.5
20330006881000,17,8,9,433.5
20330006885000,58,33,25,1786.4
20330006886000,3,2,1,0
20330006890000,4,1,3,0
20330006896000,43,20,23,1608.2
20330006897000,107,60,47,3509.6
20330006898000,17,8,9,663
20330006905000,42,19,23,1528.8
20330006906000,3,1,2,0
20330006907000,3,2,1,0
20330006908000,19,10,9,748.6
20330006912000,6,5,1,364.2
20330006913000,19,8,11,934.8
20330006918000,7,4,3,308
20330006919000,31,16,15,1627.5
20330006920000,17,11,6,851.7
20330006924000,57,28,29,2359.8
20330006925000,129,70,59,5237.4
20330006926000,48,27,21,1896
20330006929000,4,3,1,0
20330006930000,8,4,4,543.2
20330006932000,25,14,11,1115
20330006933000,118,58,60,4956
20330006934000,20,9,11,918
20330006936000,6,3,3,222
20330006940000,5,4,1,246
20330006941000,8,3,5,443.2
20330006942000,28,15,13,1181.6
20330006943000,47,23,24,1424.1
20330006944000,43,19,24,2175.8
20330006945000,64,29,35,2201.6
20330006946000,235,122,113,10269.5
20340006456000,7,4,3,300.3
20340006459000,32,17,15,976
20340006460000,18,8,10,691.2
20340006461000,6,3,3,235.2
20340006462000,2,1,1,0
20340006463000,6,3,3,427.8
20340006464000,4,2,2,0
20340006465000,4,2,2,0
20340006466000,11,4,7,352
20340006467000,4,3,1,0
20340006470000,11,6,5,389.4
20340006471000,315,150,165,11623.5
20340006472000,384,202,182,14976
20340006473000,86,44,42,3586.2
20340006474000,2,1,1,0
20340006475000,11,7,4,425.7
20340006488000,1,0,1,0
20340006489000,6,0,6,234
20340006493000,10,4,6,386
20340006494000,69,36,33,2518.5
20340006495000,44,28,16,1874.4
20340006496000,89,43,46,2670
20340006497000,8,4,4,307.2
20340006498000,28,15,13,954.8
20340006499000,22,10,12,902
20340006500000,2,1,1,0
20340006503000,1,0,1,0
20340006507000,6,2,4,385.8
20340006510000,13,4,9,521.3
20340006512000,2,1,1,0
20340006514000,5,3,2,174
20340006515000,30,14,16,1236
20340006559000,24,12,12,1214.4
20340006701000,19,9,10,801.8
20340006702000,6,4,2,228
20340006703000,1,1,0,0
20340006708000,3,2,1,0
20340006709000,46,23,23,2516.2
20340006710000,68,34,34,3046.4
20340006711000,41,24,17,2103.3
20340006727000,20,7,13,994
20340006728000,9,4,5,428.4
20340006751000,55,31,24,1771
20340006752000,283,147,136,10612.5
20340006753000,27,10,17,1312.2
20340006755000,38,20,18,1455.4
20340006757000,49,21,28,1950.2
20340006758000,27,13,14,1217.7
20340006767000,18,7,11,741.6
20340006768000,12,8,4,465.6
20340006793000,17,6,11,734.4
20340006794000,10,4,6,609
20340006795000,25,12,13,975
20340006807000,1,1,0,0
20340006830000,9,5,4,339.3
20340006831000,17,7,10,642.6
20340006837000,8,5,3,475.2
20340006839000,6,3,3,181.8
20340006851000,3,2,1,0
20340006853000,41,22,19,1947.5
20340006873000,1,1,0,0
20340006876000,1,1,0,0
20340006879000,64,31,33,2880
20340006880000,58,28,30,2389.6
20340006883000,43,24,19,1462
20340006884000,130,68,62,5200
20340006885000,20,11,9,930
20340006889000,3,2,1,0
20340006895000,20,8,12,712
20340006896000,7,4,3,427.7
20340006897000,11,6,5,499.4
20340006898000,4,2,2,0
20340006905000,9,3,6,293.4
20340006906000,10,5,5,525
20340006912000,14,6,8,555.8
20340006913000,36,19,17,1594.8
20340006914000,8,4,4,424
20340006918000,5,4,1,338
20340006923000,206,94,112,7992.8
20340006924000,183,89,94,6606.3
20340006925000,183,100,83,5984.1
20340006926000,28,14,14,1134
20340006928000,9,5,4,485.1
20340006930000,33,16,17,1610.4
20340006937000,4,3,1,0
20340006940000,12,6,6,381.6
20340006942000,11,6,5,489.5
20340006944000,46,27,19,1844.6
20340006945000,42,24,18,1873.2
20340006946000,33,18,15,1320
20340006947000,303,159,144,11998.8
20350006460000,22,10,12,717.2
20350006461000,43,23,20,1763
20350006465000,12,6,6,495.6
20350006467000,13,6,7,523.9
20350006468000,4,3,1,0
20350006470000,19,10,9,822.7
20350006471000,4,2,2,0
20350006472000,312,154,158,11013.6
20350006473000,986,487,499,39735.8
20350006474000,14,9,5,586.6
20350006475000,27,15,12,785.7
20350006476000,6,2,4,271.8
20350006477000,1,1,0,0
20350006478000,6,5,1,142.2
20350006479000,3,1,2,0
20350006482000,2,2,0,0
20350006485000,2,1,1,0
20350006489000,1,1,0,0
20350006493000,1,1,0,0
20350006494000,24,11,13,840
20350006496000,41,22,19,1467.8
20350006497000,29,19,10,846.8
20350006498000,6,3,3,339
20350006500000,23,15,8,742.9
20350006501000,8,4,4,192.8
20350006506000,2,2,0,0
20350006508000,24,16,8,828
20350006509000,13,8,5,469.3
20350006510000,8,4,4,540.8
20350006511000,3,0,3,0
20350006512000,20,10,10,778
20350006513000,6,2,4,223.2
20350006514000,1,1,0,0
20350006515000,3,1,2,0
20350006530000,9,5,4,392.4
20350006531000,3,2,1,0
20350006559000,2,1,1,0
20350006561000,17,10,7,695.3
20350006562000,3,1,2,0
20350006568000,3,2,1,0
20350006569000,5,3,2,83
20350006648000,4,3,1,0
20350006695000,4,3,1,0
20350006703000,27,15,12,818.1
20350006704000,44,21,23,2010.8
20350006705000,11,4,7,569.8
20350006711000,1,1,0,0
20350006712000,22,11,11,651.2
20350006713000,1,1,0,0
20350006728000,22,13,9,1214.4
20350006729000,3,2,1,0
20350006732000,5,3,2,351
20350006749000,12,8,4,489.6
20350006750000,17,10,7,858.5
20350006751000,74,35,39,2656.6
20350006752000,11,6,5,376.2
20350006753000,126,66,60,5304.6
20350006754000,13,7,6,308.1
20350006755000,3,2,1,0
20350006756000,17,11,6,953.7
20350006757000,36,20,16,1375.2
20350006758000,8,5,3,516.8
20350006759000,10,5,5,418
20350006760000,3,2,1,0
20350006762000,4,3,1,0
20350006766000,12,8,4,591.6
20350006767000,15,9,6,507
20350006770000,2,1,1,0
20350006773000,4,2,2,0
20350006774000,20,10,10,898
20350006795000,17,9,8,697
20350006796000,3,2,1,0
20350006801000,1,1,0,0
20350006806000,1,1,0,0
20350006839000,20,9,11,736
20350006850000,24,10,14,712.8
20350006852000,2,1,1,0
20350006853000,97,58,39,3356.2
20350006854000,20,12,8,1030
20350006878000,24,11,13,804
20350006879000,62,28,34,2486.2
20350006881000,22,12,10,948.2
20350006882000,90,43,47,3744
20350006883000,41,23,18,1635.9
20350006884000,35,18,17,1522.5
20350006885000,21,10,11,665.7
20350006886000,8,4,4,443.2
20350006895000,21,11,10,854.7
20350006914000,6,5,1,358.2
20350006916000,22,13,9,906.4
20350006917000,2,1,1,0
20350006920000,4,1,3,0
20350006921000,190,99,91,7714
20350006922000,1350,669,681,54810
20350006923000,1062,527,535,40462.2
20350006925000,3,2,1,0
20350006926000,35,18,17,1526
20350006927000,20,9,11,938
20350006928000,47,26,21,2006.9
20350006930000,28,14,14,1100.4
20350006934000,1,1,0,0
20350006937000,6,3,3,400.8
20350006941000,11,7,4,393.8
20350006942000,4,3,1,0
20350006947000,185,96,89,6789.5
20350006948000,9,5,4,406.8
20350006950000,28,15,13,1209.6
20350006951000,2,2,0,0
20350006958000,29,13,16,1305
20350006960000,54,28,26,2100.6
20350006961000,93,45,48,4240.8
20360006460000,389,191,198,15715.6
20360006461000,87,48,39,3306
20360006463000,14,9,5,810.6
20360006464000,14,9,5,757.4
20360006466000,13,6,7,336.7
20360006467000,2,1,1,0
20360006468000,2,2,0,0
20360006469000,6,2,4,147
20360006470000,9,4,5,243
20360006471000,2,0,2,0
20360006472000,40,18,22,1048
20360006473000,720,377,343,24624
20360006474000,11,5,6,352
20360006475000,15,6,9,487.5
20360006477000,5,2,3,290
20360006478000,5,3,2,319
20360006480000,4,1,3,0
20360006481000,2,1,1,0
20360006483000,3,1,2,0
20360006486000,2,1,1,0
20360006489000,3,2,1,0
20360006494000,2,1,1,0
20360006500000,11,7,4,279.4
20360006512000,2,1,1,0
20360006513000,5,3,2,182
20360006563000,24,10,14,984
20360006570000,6,3,3,202.2
20360006643000,5,3,2,222
20360006645000,4,3,1,0
20360006706000,81,42,39,3086.1
20360006707000,67,35,32,2519.2
20360006708000,6,3,3,235.2
20360006709000,15,6,9,451.5
20360006712000,11,6,5,529.1
20360006713000,155,79,76,6525.5
20360006714000,43,25,18,1831.8
20360006729000,13,7,6,790.4
20360006749000,18,7,11,687.6
20360006750000,34,16,18,1322.6
20360006751000,8,3,5,196
20360006753000,76,34,42,3055.2
20360006754000,11,6,5,500.5
20360006755000,11,6,5,423.5
20360006756000,93,51,42,3366.6
20360006757000,35,16,19,1463
20360006758000,19,8,11,855
20360006759000,10,5,5,443
20360006760000,16,8,8,702.4
20360006761000,21,13,8,819
20360006762000,9,6,3,529.2
20360006766000,34,18,16,1268.2
20360006767000,54,24,30,2062.8
20360006768000,53,25,28,2029.9
20360006769000,5,2,3,102
20360006772000,24,13,11,1087.2
20360006773000,5,2,3,357
20360006774000,71,34,37,2861.3
20360006775000,18,10,8,1035
20360006793000,39,19,20,1700.4
20360006794000,6,4,2,238.2
20360006796000,2,1,1,0
20360006798000,2,1,1,0
20360006805000,8,4,4,499.2
20360006831000,3,2,1,0
20360006850000,28,15,13,1159.2
20360006854000,18,9,9,817.2
20360006855000,2,1,1,0
20360006878000,50,24,26,1715
20360006879000,250,121,129,10525
20360006880000,146,66,80,6248.8
20360006881000,140,66,74,6286
20360006882000,58,35,23,2871
20360006883000,26,12,14,1229.8
20360006886000,34,19,15,1101.6
20360006895000,5,2,3,305
20360006900000,1,1,0,0
20360006914000,12,7,5,476.4
20360006919000,10,6,4,580
20360006921000,112,56,56,4323.2
20360006922000,1195,605,590,45290.5
20360006923000,523,271,252,20867.7
20360006926000,345,168,177,12040.5
20360006927000,276,145,131,11122.8
20360006929000,39,19,20,1914.9
20360006938000,1,1,0,0
20360006942000,5,3,2,259
20360006943000,28,14,14,1313.2
20360006944000,2,1,1,0
20360006946000,136,62,74,4964
20360006947000,844,425,419,33000.4
20360006948000,616,293,323,27412
20360006950000,157,85,72,5447.9
20360006951000,175,91,84,6912.5
20360006952000,11,7,4,574.2
20360006958000,214,96,118,7190.4
20360006960000,14,7,7,690.2
20370006460000,147,76,71,5571.3
20370006461000,46,21,25,1646.8
20370006463000,28,15,13,994
20370006466000,11,6,5,352
20370006469000,3,1,2,0
20370006470000,4,3,1,0
20370006471000,5,3,2,206
20370006472000,11,9,2,353.1
20370006473000,17,9,8,799
20370006477000,44,21,23,1372.8
20370006480000,2,1,1,0
20370006482000,3,1,2,0
20370006483000,2,1,1,0
20370006484000,1,1,0,0
20370006485000,1,1,0,0
20370006511000,2,1,1,0
20370006512000,12,8,4,549.6
20370006518000,11,5,6,386.1
20370006563000,11,6,5,245.3
20370006568000,3,2,1,0
20370006569000,5,3,2,180
20370006570000,10,2,8,263
20370006634000,13,5,8,474.5
20370006635000,3,2,1,0
20370006636000,1,1,0,0
20370006650000,5,3,2,118
20370006651000,7,5,2,249.2
20370006707000,5,2,3,298
20370006708000,29,18,11,1218
20370006709000,78,37,41,3151.2
20370006710000,35,16,19,1564.5
20370006711000,45,26,19,1944
20370006712000,6,3,3,400.2
20370006714000,10,4,6,380
20370006717000,10,3,7,538
20370006718000,3,1,2,0
20370006728000,6,2,4,355.8
20370006731000,1,1,0,0
20370006748000,119,65,54,4736.2
20370006749000,448,241,207,14336
20370006750000,235,120,115,7896
20370006751000,109,60,49,4970.4
20370006752000,19,7,12,1003.2
20370006753000,56,31,25,1892.8
20370006754000,3,2,1,0
20370006755000,138,70,68,4885.2
20370006756000,115,58,57,4657.5
20370006760000,5,3,2,349
20370006761000,13,8,5,582.4
20370006762000,7,5,2,412.3
20370006764000,2,2,0,0
20370006765000,7,4,3,375.9
20370006766000,37,20,17,1402.3
20370006767000,10,4,6,581
20370006768000,100,49,51,3790
20370006769000,17,8,9,589.9
20370006771000,4,2,2,0
20370006772000,1,0,1,0
20370006775000,41,23,18,1861.4
20370006776000,9,5,4,361.8
20370006791000,7,4,3,340.2
20370006792000,3,2,1,0
20370006806000,9,5,4,378
20370006850000,12,6,6,696
20370006878000,53,26,27,1802
20370006879000,742,358,384,32277
20370006880000,419,217,202,17262.8
20370006881000,300,159,141,11460
20370006882000,60,32,28,2124
20370006896000,10,5,5,425
20370006917000,3,2,1,0
20370006918000,6,3,3,265.2
20370006922000,956,466,490,35372
20370006923000,163,85,78,8215.2
20370006926000,570,296,274,22002
20370006927000,2,1,1,0
20370006928000,11,7,4,391.6
20370006929000,224,119,105,7683.2
20370006939000,3,2,1,0
20370006943000,24,14,10,746.4
20370006944000,90,48,42,3807
20370006946000,336,173,163,11524.8
20370006947000,150,71,79,6915
20370006948000,402,214,188,17245.8
20370006949000,2,2,0,0
20370006958000,53,28,25,2252.5
20370006959000,17,9,8,858.5
20380006460000,1,1,0,0
20380006463000,2,1,1,0
20380006464000,1,1,0,0
20380006466000,2,1,1,0
20380006468000,8,4,4,318.4
20380006469000,1,0,1,0
20380006471000,4,2,2,0
20380006472000,15,8,7,399
20380006476000,3,1,2,0
20380006478000,6,4,2,204
20380006479000,19,9,10,885.4
20380006480000,6,4,2,339
20380006481000,8,5,3,220.8
20380006484000,12,7,5,549.6
20380006511000,5,3,2,152
20380006569000,1,1,0,0
20380006633000,1,1,0,0
20380006634000,6,2,4,235.2
20380006637000,1,1,0,0
20380006640000,73,41,32,3306.9
20380006641000,2,1,1,0
20380006656000,2,1,1,0
20380006659000,8,4,4,326.4
20380006677000,1,1,0,0
20380006718000,24,15,9,1200
20380006719000,46,22,24,2125.2
20380006720000,23,11,12,1432.9
20380006728000,4,2,2,0
20380006747000,23,13,10,885.5
20380006748000,67,30,37,2599.6
20380006749000,127,59,68,4356.1
20380006750000,28,15,13,1148
20380006753000,1,1,0,0
20380006754000,10,4,6,453
20380006755000,31,19,12,1277.2
20380006768000,4,2,2,0
20380006769000,130,70,60,3939
20380006770000,4,2,2,0
20380006776000,13,9,4,725.4
20380006777000,3,1,2,0
20380006806000,1,1,0,0
20380006839000,1,1,0,0
20380006852000,9,4,5,433.8
20380006878000,41,19,22,2013.1
20380006879000,396,212,184,14929.2
20380006880000,3,1,2,0
20380006889000,36,17,19,1407.6
20380006916000,6,3,3,171
20380006917000,17,8,9,829.6
20380006920000,2,1,1,0
20380006921000,36,24,12,1504.8
20380006922000,753,377,376,26656.2
20380006926000,471,245,226,18416.1
20380006927000,43,19,24,1750.1
20380006928000,624,312,312,26644.8
20380006929000,35,17,18,1305.5
20380006938000,43,23,20,2188.7
20380006939000,178,89,89,7600.6
20380006943000,1,1,0,0
20380006944000,160,82,78,6080
20380006945000,351,183,168,12987
20380006946000,55,25,30,2183.5
20380006958000,116,53,63,4802.4
20380006959000,399,198,201,15600.9
20390006461000,93,48,45,3217.8
20390006462000,6,4,2,316.8
20390006464000,5,3,2,246
20390006465000,9,3,6,504.9
20390006466000,1,1,0,0
20390006468000,1,1,0,0
20390006471000,9,5,4,414
20390006472000,11,5,6,291.5
20390006473000,1,1,0,0
20390006479000,12,6,6,405.6
20390006480000,16,6,10,534.4
20390006481000,7,4,3,319.2
20390006483000,3,2,1,0
20390006569000,2,1,1,0
20390006640000,34,17,17,1553.8
20390006641000,14,7,7,863.8
20390006659000,36,14,22,1602
20390006676000,1,1,0,0
20390006714000,21,12,9,940.8
20390006715000,102,49,53,4131
20390006716000,63,28,35,2816.1
20390006717000,2,1,1,0
20390006721000,40,21,19,1932
20390006722000,44,25,19,2024
20390006723000,4,4,0,0
20390006727000,66,23,43,2402.4
20390006728000,62,20,42,3800.6
20390006733000,19,11,8,1149.5
20390006747000,9,3,6,339.3
20390006748000,27,15,12,1304.1
20390006749000,7,4,3,214.2
20390006769000,51,26,25,1978.8
20390006776000,15,7,8,601.5
20390006777000,2,1,1,0
20390006840000,8,3,5,320
20390006850000,1,1,0,0
20390006851000,4,2,2,0
20390006852000,2,1,1,0
20390006853000,2,1,1,0
20390006877000,8,3,5,334.4
20390006878000,3,1,2,0
20390006889000,21,11,10,821.1
20390006890000,18,12,6,824.4
20390006896000,1,0,1,0
20390006897000,10,6,4,530
20390006898000,2,1,1,0
20390006916000,26,14,12,1001
20390006917000,10,5,5,413
20390006922000,46,20,26,2060.8
20390006926000,242,112,130,9244.4
20390006927000,504,244,260,22629.6
20390006928000,1689,810,879,71106.9
20390006929000,109,52,57,3956.7
20390006938000,32,16,16,1366.4
20390006939000,181,92,89,7402.9
20390006940000,35,20,15,1669.5
20390006944000,32,12,20,1235.2
20390006945000,160,77,83,5984
20390006946000,2,1,1,0
20390006958000,10,6,4,574
20390006959000,143,73,70,5248.1
20390006960000,9,4,5,398.7
20390006961000,37,16,21,1579.9
20390006962000,424,228,196,15730.4
20390006966000,35,18,17,1172.5
20390006967000,1,1,0,0
20400006460000,265,144,121,9434
20400006461000,26,12,14,1053
20400006462000,4,2,2,0
20400006466000,19,10,9,666.9
20400006467000,7,4,3,272.3
20400006468000,8,4,4,488
20400006470000,11,5,6,429
20400006471000,5,4,1,215
20400006473000,12,5,7,475.2
20400006474000,8,3,5,288.8
20400006480000,19,7,12,459.8
20400006481000,28,11,17,1106
20400006482000,1,1,0,0
20400006489000,1,1,0,0
20400006513000,1,1,0,0
20400006529000,1,1,0,0
20400006640000,6,4,2,277.8
20400006658000,11,3,8,387.2
20400006660000,5,3,2,119
20400006716000,293,160,133,11837.2
20400006717000,131,67,64,5122.1
20400006718000,80,35,45,3496
20400006719000,10,6,4,343
20400006720000,2,1,1,0
20400006722000,22,13,9,1067
20400006723000,32,18,14,1792
20400006724000,8,4,4,312.8
20400006725000,1,1,0,0
20400006726000,5,2,3,289
20400006727000,5,3,2,123
20400006730000,8,4,4,448.8
20400006744000,6,3,3,199.8
20400006747000,9,5,4,479.7
20400006748000,41,22,19,1574.4
20400006755000,3,1,2,0
20400006756000,8,5,3,479.2
20400006757000,1,0,1,0
20400006769000,5,4,1,124
20400006805000,2,2,0,0
20400006839000,15,7,8,634.5
20400006840000,23,11,12,855.6
20400006850000,2,1,1,0
20400006851000,8,3,5,508
20400006853000,13,8,5,535.6
20400006854000,18,10,8,799.2
20400006855000,29,13,16,1220.9
20400006877000,17,8,9,671.5
20400006889000,2,1,1,0
20400006897000,4,3,1,0
20400006898000,15,9,6,502.5
20400006914000,11,8,3,413.6
20400006916000,37,18,19,1857.4
20400006922000,13,8,5,531.7
20400006925000,14,8,6,611.8
20400006926000,76,37,39,3093.2
20400006927000,1101,565,536,35892.6
20400006928000,1007,502,505,42294
20400006937000,12,7,5,608.4
20400006938000,18,12,6,869.4
20400006944000,5,3,2,357
20400006945000,1,0,1,0
20400006961000,65,33,32,2977
20400006962000,265,125,140,10017
20400006963000,11,5,6,357.5
20400006966000,65,37,28,2236
20400006967000,263,136,127,9415.4
20400006968000,61,33,28,2842.6
20410006458000,19,9,10,1221.7
20410006459000,56,31,25,2385.6
20410006460000,26,15,11,886.6
20410006461000,9,3,6,460.8
20410006462000,6,4,2,186
20410006463000,2,1,1,0
20410006464000,2,1,1,0
20410006467000,11,7,4,500.5
20410006470000,2,1,1,0
20410006473000,8,4,4,323.2
20410006474000,7,5,2,223.3
20410006478000,3,2,1,0
20410006481000,26,15,11,772.2
20410006482000,154,90,64,5189.8
20410006483000,9,6,3,250.2
20410006512000,37,16,21,1424.5
20410006513000,39,22,17,1751.1
20410006515000,17,8,9,809.2
20410006516000,19,11,8,680.2
20410006658000,7,4,3,326.9
20410006659000,6,2,4,313.8
20410006660000,47,23,24,2086.8
20410006661000,15,10,5,373.5
20410006720000,33,18,15,1590.6
20410006721000,20,11,9,1086
20410006724000,1,1,0,0
20410006725000,18,10,8,1159.2
20410006726000,1,0,1,0
20410006730000,3,1,2,0
20410006734000,23,13,10,892.4
20410006735000,28,14,14,1425.2
20410006736000,12,7,5,360
20410006756000,60,37,23,2370
20410006758000,4,2,2,0
20410006767000,12,7,5,513.6
20410006768000,108,50,58,5799.6
20410006769000,52,27,25,2095.6
20410006801000,5,2,3,185
20410006806000,14,7,7,778.4
20410006807000,6,3,3,325.8
20410006839000,17,6,11,712.3
20410006851000,10,5,5,565
20410006852000,4,2,2,0
20410006854000,58,32,26,2528.8
20410006855000,34,16,18,1683
20410006876000,9,6,3,298.8
20410006897000,26,10,16,1193.4
20410006898000,7,2,5,322
20410006912000,9,4,5,353.7
20410006913000,25,17,8,1267.5
20410006924000,11,5,6,326.7
20410006925000,18,11,7,709.2
20410006926000,30,11,19,1239
20410006927000,63,37,26,1688.4
20410006928000,57,31,26,2194.5
20410006929000,2,1,1,0
20410006936000,10,6,4,418
20410006937000,35,17,18,1564.5
20410006941000,82,33,49,4862.6
20410006956000,93,49,44,3645.6
20410006962000,37,18,19,2075.7
20410006966000,51,27,24,2111.4
20410006967000,84,43,41,3267.6
20410006968000,63,34,29,2746.8
20420006460000,6,4,2,208.8
20420006461000,16,8,8,452.8
20420006463000,6,4,2,174
20420006466000,3,2,1,0
20420006467000,9,5,4,366.3
20420006468000,1,1,0,0
20420006471000,1,0,1,0
20420006472000,7,4,3,214.2
20420006474000,8,3,5,207.2
20420006475000,14,5,9,390.6
20420006480000,1,0,1,0
20420006482000,15,7,8,316.5
20420006483000,7,5,2,275.8
20420006484000,26,12,14,1164.8
20420006486000,10,6,4,545
20420006487000,14,7,7,656.6
20420006511000,19,9,10,727.7
20420006512000,3,2,1,0
20420006640000,6,3,3,361.2
20420006641000,1,0,1,0
20420006660000,54,22,32,2494.8
20420006661000,256,130,126,12134.4
20420006721000,34,17,17,1302.2
20420006722000,77,39,38,3588.2
20420006723000,30,14,16,972
20420006733000,9,5,4,324.9
20420006734000,8,5,3,456
20420006735000,2,1,1,0
20420006746000,11,7,4,393.8
20420006755000,2,2,0,0
20420006756000,26,13,13,1245.4
20420006767000,3,2,1,0
20420006768000,3,3,0,0
20420006769000,36,20,16,1767.6
20420006806000,2,1,1,0
20420006807000,10,4,6,495
20420006839000,7,3,4,307.3
20420006855000,33,17,16,1633.5
20420006877000,5,2,3,358
20420006897000,8,5,3,291.2
20420006913000,22,13,9,990
20420006915000,7,4,3,354.9
20420006922000,3,1,2,0
20420006924000,17,10,7,841.5
20420006925000,97,52,45,3812.1
20420006926000,30,15,15,1302
20420006936000,10,6,4,426
20420006940000,15,9,6,580.5
20420006941000,84,44,40,3813.6
20420006949000,13,7,6,777.4
20420006956000,595,286,309,24157
20420006957000,1125,564,561,47587.5
20420006958000,203,112,91,9094.4
20420006961000,448,236,212,15904
20420006962000,129,68,61,4798.8
20420006967000,52,31,21,1965.6
20420006968000,153,76,77,6930.9
20420006969000,22,12,10,607.2
20420006970000,16,7,9,750.4
20430006458000,3,2,1,0
20430006459000,5,2,3,309
20430006460000,17,7,10,962.2
20430006466000,26,16,10,1008.8
20430006468000,1,0,1,0
20430006472000,4,2,2,0
20430006482000,3,2,1,0
20430006484000,28,15,13,1232
20430006487000,4,2,2,0
20430006498000,1,1,0,0
20430006499000,17,11,6,639.2
20430006500000,15,11,4,468
20430006501000,14,9,5,595
20430006502000,3,1,2,0
20430006511000,34,17,17,1176.4
20430006512000,2,1,1,0
20430006514000,2,1,1,0
20430006661000,23,10,13,857.9
20430006722000,2,2,0,0
20430006728000,4,2,2,0
20430006735000,1,0,1,0
20430006745000,9,5,4,434.7
20430006746000,5,3,2,132
20430006756000,39,24,15,1680.9
20430006768000,14,8,6,635.6
20430006769000,17,8,9,829.6
20430006797000,2,1,1,0
20430006798000,18,10,8,957.6
20430006799000,13,6,7,742.3
20430006802000,1,0,1,0
20430006816000,7,5,2,462.7
20430006839000,9,4,5,467.1
20430006851000,4,3,1,0
20430006855000,12,5,7,835.2
20430006867000,7,3,4,277.9
20430006889000,10,6,4,640
20430006890000,6,4,2,274.8
20430006895000,4,1,3,0
20430006898000,6,4,2,373.2
20430006915000,2,1,1,0
20430006922000,40,22,18,1596
20430006923000,76,37,39,3731.6
20430006924000,74,40,34,2775
20430006925000,61,32,29,1933.7
20430006926000,21,10,11,745.5
20430006949000,16,9,7,851.2
20430006950000,1,1,0,0
20430006956000,592,283,309,20246.4
20430006957000,965,534,431,37924.5
20430006958000,404,202,202,16604.4
20430006960000,259,128,131,8650.6
20430006961000,998,475,523,40518.8
20430006962000,441,218,223,16317
20430006964000,86,46,40,3431.4
20430006968000,74,43,31,2841.6
20430006970000,178,91,87,7476
20440006460000,70,38,32,3122
20440006461000,18,10,8,826.2
20440006462000,11,7,4,556.6
20440006463000,10,6,4,372
20440006464000,3,2,1,0
20440006465000,26,13,13,969.8
20440006466000,9,4,5,411.3
20440006483000,1,1,0,0
20440006489000,12,6,6,379.2
20440006490000,1,0,1,0
20440006491000,57,26,31,2200.2
20440006492000,63,30,33,2778.3
20440006493000,22,9,13,807.4
20440006494000,8,4,4,371.2
20440006497000,4,3,1,0
20440006498000,14,9,5,583.8
20440006499000,6,4,2,159
20440006500000,13,7,6,806
20440006501000,8,4,4,164.8
20440006502000,1,1,0,0
20440006503000,4,2,2,0
20440006510000,70,37,33,3003
20440006511000,37,19,18,1243.2
20440006661000,2,1,1,0
20440006720000,9,6,3,183.6
20440006721000,518,240,278,21652.4
20440006722000,2,2,0,0
20440006729000,1,0,1,0
20440006739000,2,1,1,0
20440006743000,2,2,0,0
20440006744000,16,10,6,817.6
20440006745000,24,13,11,1183.2
20440006746000,2,1,1,0
20440006756000,1,1,0,0
20440006768000,16,7,9,587.2
20440006769000,10,5,5,531
20440006770000,5,2,3,141
20440006797000,3,1,2,0
20440006798000,13,8,5,695.5
20440006799000,47,25,22,2105.6
20440006800000,20,11,9,962
20440006803000,10,5,5,486
20440006807000,7,4,3,251.3
20440006816000,12,6,6,544.8
20440006817000,4,2,2,0
20440006840000,8,5,3,500.8
20440006851000,2,1,1,0
20440006853000,7,3,4,268.8
20440006855000,25,13,12,1275
20440006867000,39,18,21,1638
20440006868000,1,0,1,0
20440006869000,3,2,1,0
20440006870000,26,14,12,1219.4
20440006877000,2,1,1,0
20440006889000,66,38,28,2871
20440006890000,64,34,30,2355.2
20440006895000,8,4,4,276.8
20440006898000,5,4,1,222
20440006912000,12,6,6,650.4
20440006920000,4,1,3,0
20440006921000,57,27,30,2644.8
20440006922000,8,5,3,300
20440006923000,57,30,27,1955.1
20440006925000,7,4,3,396.9
20440006926000,42,24,18,1856.4
20440006927000,20,7,13,558
20440006949000,11,6,5,442.2
20440006954000,89,46,43,2607.7
20440006956000,975,494,481,34612.5
20440006957000,1067,582,485,47161.4
20440006958000,1339,731,608,52221
20440006960000,17,9,8,338.3
20440006961000,353,181,172,13978.8
20440006962000,884,450,434,28730
20440006963000,598,300,298,20930
20440006964000,18,12,6,707.4
20440006965000,41,23,18,1959.8
20440006966000,5,3,2,296
20440006967000,49,28,21,1666
20440006968000,60,30,30,2514
20440006969000,79,42,37,3397
20440006970000,522,272,250,19940.4
20440006971000,78,33,45,2472.6
20450006458000,21,8,13,766.5
20450006460000,82,42,40,2722.4
20450006461000,28,14,14,1131.2
20450006462000,111,58,53,4539.9
20450006463000,1,0,1,0
20450006464000,25,15,10,1025
20450006465000,7,4,3,184.1
20450006468000,6,3,3,378
20450006478000,2,1,1,0
20450006492000,1,0,1,0
20450006494000,9,4,5,267.3
20450006495000,53,26,27,2130.6
20450006496000,100,52,48,4280
20450006497000,79,45,34,3239
20450006506000,3,0,3,0
20450006507000,43,23,20,1840.4
20450006508000,55,28,27,1919.5
20450006509000,70,33,37,2632
20450006510000,4,2,2,0
20450006639000,5,3,2,113
20450006640000,14,7,7,597.8
20450006663000,3,2,1,0
20450006721000,44,21,23,1676.4
20450006725000,9,7,2,315
20450006737000,2,1,1,0
20450006738000,19,9,10,858.8
20450006739000,10,7,3,512
20450006740000,6,3,3,367.2
20450006741000,2,1,1,0
20450006742000,14,8,6,449.4
20450006743000,34,22,12,1319.2
20450006744000,23,11,12,1067.2
20450006746000,4,3,1,0
20450006756000,3,2,1,0
20450006769000,4,2,2,0
20450006770000,14,8,6,519.4
20450006794000,1,1,0,0
20450006795000,17,8,9,979.2
20450006796000,6,4,2,313.8
20450006799000,59,34,25,2578.3
20450006800000,73,36,37,3328.8
20450006801000,29,13,16,1473.2
20450006803000,6,3,3,235.2
20450006807000,1,1,0,0
20450006808000,3,1,2,0
20450006809000,11,6,5,456.5
20450006810000,4,3,1,0
20450006811000,12,6,6,456
20450006812000,9,6,3,612
20450006813000,103,51,52,4006.7
20450006814000,360,185,175,15480
20450006815000,314,146,168,12465.8
20450006816000,10,6,4,469
20450006822000,16,9,7,569.6
20450006823000,9,4,5,377.1
20450006851000,2,1,1,0
20450006853000,19,11,8,756.2
20450006876000,18,9,9,617.4
20450006877000,5,3,2,192
20450006885000,3,1,2,0
20450006889000,13,7,6,559
20450006911000,3,1,2,0
20450006912000,12,8,4,645.6
20450006913000,2,1,1,0
20450006914000,1,1,0,0
20450006920000,58,33,25,2001
20450006921000,26,16,10,1250.6
20450006926000,19,12,7,809.4
20450006927000,30,19,11,1371
20450006928000,9,5,4,557.1
20450006929000,9,4,5,237.6
20450006942000,2,1,1,0
20450006943000,23,14,9,1117.8
20450006953000,546,286,260,19765.2
20450006954000,198,99,99,7979.4
20450006956000,345,181,164,13282.5
20450006957000,1594,861,733,60731.4
20450006958000,1490,827,663,58706
20450006970000,213,119,94,7902.3
20460006458000,19,11,8,792.3
20460006459000,10,5,5,479
20460006461000,3,2,1,0
20460006462000,28,17,11,1257.2
20460006463000,462,217,245,18988.2
20460006464000,701,356,345,27479.2
20460006465000,2,1,1,0
20460006467000,9,6,3,306.9
20460006470000,2,1,1,0
20460006496000,31,19,12,1013.7
20460006497000,4,3,1,0
20460006498000,6,3,3,286.8
20460006499000,10,5,5,320
20460006500000,3,2,1,0
20460006505000,2,1,1,0
20460006506000,1,1,0,0
20460006507000,8,5,3,224
20460006508000,164,89,75,5510.4
20460006726000,1,1,0,0
20460006727000,20,11,9,716
20460006731000,3,2,1,0
20460006737000,29,16,13,1377.5
20460006738000,373,176,197,16262.8
20460006739000,7,4,3,205.1
20460006740000,11,6,5,382.8
20460006742000,25,11,14,1080
20460006755000,15,9,6,685.5
20460006756000,5,2,3,276
20460006769000,37,17,20,1605.8
20460006770000,26,13,13,1045.2
20460006795000,9,8,1,359.1
20460006796000,2,1,1,0
20460006799000,15,8,7,640.5
20460006800000,267,135,132,10733.4
20460006801000,758,366,392,33352
20460006802000,13,5,8,536.9
20460006815000,63,28,35,2356.2
20460006816000,10,5,5,430
20460006821000,2,0,2,0
20460006822000,14,9,5,564.2
20460006853000,15,7,8,796.5
20460006855000,14,9,5,778.4
20460006867000,2,2,0,0
20460006873000,7,4,3,459.2
20460006874000,22,12,10,913
20460006875000,256,128,128,10368
20460006883000,7,2,5,261.1
20460006884000,24,12,12,1308
20460006889000,5,2,3,211
20460006910000,5,4,1,299
20460006911000,7,4,3,429.1
20460006913000,8,5,3,402.4
20460006914000,9,5,4,235.8
20460006920000,21,12,9,1159.2
20460006928000,10,5,5,475
20460006929000,26,14,12,1315.6
20460006930000,6,2,4,159
20460006944000,4,1,3,0
20460006949000,2,1,1,0
20460006953000,630,334,296,21735
20460006954000,1138,555,583,52120.4
20460006957000,1833,904,929,82668.3
20460006958000,315,151,164,11529
20460006959000,7,1,6,137.2
20470006458000,2,1,1,0
20470006461000,8,4,4,154.4
20470006462000,2,1,1,0
20470006463000,127,64,63,4597.4
20470006464000,326,164,162,14539.6
20470006465000,56,30,26,2458.4
20470006466000,12,5,7,735.6
20470006471000,3,3,0,0
20470006473000,4,2,2,0
20470006475000,7,4,3,296.1
20470006476000,6,2,4,304.8
20470006486000,2,1,1,0
20470006487000,1,1,0,0
20470006498000,50,27,23,1570
20470006499000,1,1,0,0
20470006502000,11,7,4,475.2
20470006503000,2,1,1,0
20470006504000,9,4,5,432
20470006505000,11,6,5,464.2
20470006506000,209,96,113,8673.5
20470006507000,28,10,18,1380.4
20470006508000,10,5,5,287
20470006730000,1,0,1,0
20470006731000,37,20,17,1346.8
20470006732000,4,2,2,0
20470006738000,26,12,14,1310.4
20470006739000,54,27,27,2079
20470006740000,14,6,8,611.8
20470006741000,12,6,6,613.2
20470006742000,67,38,29,2847.5
20470006743000,8,3,5,276
20470006755000,1,0,1,0
20470006769000,8,5,3,254.4
20470006770000,54,33,21,2095.2
20470006796000,15,9,6,612
20470006797000,10,5,5,316
20470006798000,1,0,1,0
20470006799000,53,24,29,2247.2
20470006800000,131,62,69,5921.2
20470006801000,63,31,32,2620.8
20470006802000,1,1,0,0
20470006816000,56,27,29,2671.2
20470006820000,8,4,4,316.8
20470006821000,1,1,0,0
20470006822000,10,5,5,548
20470006823000,3,1,2,0
20470006852000,16,11,5,524.8
20470006853000,16,8,8,697.6
20470006854000,8,5,3,255.2
20470006855000,17,10,7,630.7
20470006861000,18,7,11,788.4
20470006866000,1,0,1,0
20470006867000,43,21,22,1930.7
20470006873000,2,1,1,0
20470006874000,85,43,42,3638
20470006875000,82,40,42,3952.4
20470006886000,6,2,4,214.8
20470006887000,6,3,3,214.8
20470006896000,6,4,2,259.2
20470006898000,4,2,2,0
20470006909000,1,1,0,0
20470006910000,14,6,8,698.6
20470006911000,74,38,36,3100.6
20470006919000,34,18,16,1128.8
20470006920000,12,5,7,303.6
20470006921000,1,1,0,0
20470006929000,4,2,2,0
20470006930000,26,13,13,936
20470006949000,6,2,4,187.2
20470006953000,215,116,99,8363.5
20470006954000,1148,578,570,41672.4
20470006955000,121,58,63,4573.8
20470006957000,1255,617,638,52961
20470006958000,54,28,26,1684.8
20470006959000,95,47,48,3201.5
20470006960000,432,220,212,14688
20470006973000,13,7,6,726.7
20480006456000,4,3,1,0
20480006458000,54,24,30,1857.6
20480006461000,32,16,16,1174.4
20480006462000,44,21,23,1729.2
20480006464000,5,3,2,84
20480006465000,61,31,30,2421.7
20480006466000,13,8,5,553.8
20480006467000,4,2,2,0
20480006469000,1,1,0,0
20480006470000,4,2,2,0
20480006473000,6,2,4,247.8
20480006477000,6,3,3,193.8
20480006478000,3,2,1,0
20480006480000,10,3,7,272
20480006482000,5,2,3,132
20480006485000,6,3,3,253.2
20480006493000,12,5,7,400.8
20480006497000,7,3,4,230.3
20480006498000,12,7,5,336
20480006499000,3,1,2,0
20480006500000,8,5,3,360
20480006503000,1,1,0,0
20480006504000,35,15,20,1172.5
20480006505000,4,2,2,0
20480006728000,27,10,17,1131.3
20480006732000,7,5,2,305.9
20480006739000,6,3,3,109.8
20480006741000,5,3,2,203
20480006768000,10,7,3,664
20480006770000,5,3,2,276
20480006771000,5,2,3,312
20480006772000,13,6,7,500.5
20480006773000,6,5,1,184.8
20480006797000,35,19,16,1974
20480006798000,6,3,3,277.2
20480006805000,10,4,6,386
20480006806000,10,6,4,427
20480006820000,8,5,3,104
20480006825000,16,8,8,548.8
20480006826000,2,1,1,0
20480006851000,8,3,5,260.8
20480006855000,306,150,156,11536.2
20480006856000,198,106,92,8969.4
20480006861000,4,1,3,0
20480006873000,2,1,1,0
20480006874000,26,12,14,1310.4
20480006875000,37,19,18,1369
20480006877000,1,0,1,0
20480006883000,3,1,2,0
20480006885000,13,9,4,431.6
20480006886000,8,5,3,375.2
20480006903000,19,11,8,562.4
20480006910000,5,3,2,324
20480006911000,2,1,1,0
20480006920000,2,1,1,0
20480006921000,12,6,6,406.8
20480006922000,10,4,6,477
20480006932000,7,5,2,259.7
20480006942000,3,2,1,0
20480006943000,20,9,11,860
20480006944000,116,59,57,5150.4
20480006949000,16,9,7,812.8
20480006950000,43,22,21,1801.7
20480006953000,222,123,99,9213
20480006954000,570,306,264,20634
20480006956000,45,20,25,2502
20480006957000,1273,651,622,50920
20480006960000,308,153,155,9948.4
20480006963000,7,3,4,436.8
20480006964000,2,1,1,0
20480006972000,5,2,3,345
20480006975000,7,5,2,375.2
20480006978000,2,1,1,0
20490006455000,1,1,0,0
20490006457000,11,4,7,410.3
20490006458000,67,34,33,2800.6
20490006459000,31,15,16,1100.5
20490006460000,5,3,2,173
20490006461000,25,11,14,975
20490006462000,29,15,14,1023.7
20490006465000,28,18,10,618.8
20490006466000,40,22,18,1720
20490006467000,104,59,45,4108
20490006468000,92,44,48,3560.4
20490006471000,3,2,1,0
20490006476000,2,1,1,0
20490006479000,7,3,4,366.1
20490006480000,2,1,1,0
20490006481000,4,2,2,0
20490006484000,9,6,3,224.1
20490006492000,9,6,3,332.1
20490006493000,16,9,7,587.2
20490006496000,6,3,3,127.8
20490006501000,2,2,0,0
20490006503000,7,5,2,289.1
20490006504000,1,0,1,0
20490006729000,31,15,16,1438.4
20490006755000,11,7,4,661.1
20490006771000,9,6,3,390.6
20490006773000,12,8,4,454.8
20490006796000,13,7,6,643.5
20490006806000,13,8,5,741
20490006807000,10,3,7,418
20490006815000,2,1,1,0
20490006820000,4,2,2,0
20490006825000,3,1,2,0
20490006826000,5,2,3,197
20490006827000,11,5,6,590.7
20490006828000,20,9,11,798
20490006829000,10,5,5,544
20490006856000,8,5,3,519.2
20490006857000,32,17,15,1203.2
20490006858000,8,4,4,416
20490006873000,16,9,7,468.8
20490006874000,33,20,13,1610.4
20490006875000,20,10,10,838
20490006885000,7,5,2,349.3
20490006896000,2,1,1,0
20490006900000,16,9,7,478.4
20490006911000,2,1,1,0
20490006921000,5,4,1,145
20490006922000,42,19,23,1411.2
20490006941000,1,0,1,0
20490006942000,5,3,2,111
20490006943000,25,14,11,1310
20490006944000,72,39,33,3268.8
20490006949000,12,7,5,578.4
20490006950000,184,98,86,6237.6
20490006951000,177,101,76,6549
20490006953000,245,131,114,9334.5
20490006955000,301,135,166,12943
20490006956000,649,364,285,24402.4
20490006957000,1502,755,747,63985.2
20490006958000,65,36,29,2008.5
20490006960000,39,22,17,1540.5
20490006961000,24,9,15,655.2
20490006972000,99,60,39,5029.2
20490006973000,68,34,34,3325.2
20490006974000,19,8,11,750.5
20490006975000,12,5,7,655.2
20490006978000,30,15,15,1344
20490006980000,9,5,4,251.1
20500006456000,32,17,15,1315.2
20500006457000,9,5,4,380.7
20500006458000,37,19,18,1172.9
20500006459000,39,19,20,1283.1
20500006461000,3,2,1,0
20500006463000,2,1,1,0
20500006465000,7,4,3,230.3
20500006466000,1,1,0,0
20500006468000,31,15,16,1085
20500006472000,5,4,1,271
20500006473000,23,10,13,696.9
20500006474000,3,2,1,0
20500006475000,23,10,13,839.5
20500006476000,129,67,62,4489.2
20500006477000,2,1,1,0
20500006478000,56,27,29,2380
20500006479000,13,7,6,481
20500006482000,6,2,4,216
20500006483000,9,5,4,448.2
20500006486000,2,1,1,0
20500006499000,1,1,0,0
20500006744000,4,3,1,0
20500006754000,1,1,0,0
20500006755000,5,3,2,180
20500006795000,9,6,3,304.2
20500006808000,51,26,25,1871.7
20500006809000,66,35,31,2970
20500006810000,40,20,20,1788
20500006814000,3,2,1,0
20500006817000,2,1,1,0
20500006858000,23,13,10,954.5
20500006859000,13,8,5,613.6
20500006873000,12,7,5,548.4
20500006874000,33,21,12,1267.2
20500006875000,24,11,13,796.8
20500006885000,4,1,3,0
20500006896000,11,8,3,610.5
20500006897000,2,1,1,0
20500006900000,2,1,1,0
20500006907000,11,7,4,691.9
20500006908000,1,0,1,0
20500006909000,4,2,2,0
20500006910000,17,10,7,952
20500006911000,1,1,0,0
20500006921000,5,3,2,303
20500006922000,35,20,15,1585.5
20500006923000,9,5,4,434.7
20500006951000,265,139,126,9884.5
20500006952000,754,398,356,27370.2
20500006953000,550,301,249,22055
20500006954000,24,13,11,1104
20500006955000,847,396,451,38962
20500006956000,1329,678,651,45584.7
20500006957000,399,213,186,14164.5
20500006959000,144,76,68,5832
20500006960000,14,8,6,463.4
20500006961000,71,41,30,2648.3
20500006967000,2,1,1,0
20500006972000,5,4,1,279
20500006973000,89,44,45,4191.9
20500006974000,6,4,2,388.8
20500006977000,42,23,19,1940.4
20500006980000,18,7,11,867.6
20510006455000,34,17,17,1152.6
20510006456000,117,62,55,4048.2
20510006457000,5,3,2,247
20510006459000,52,25,27,2184
20510006460000,20,9,11,830
20510006461000,80,49,31,2904
20510006463000,10,6,4,474
20510006464000,3,2,1,0
20510006466000,7,3,4,221.9
20510006469000,5,4,1,191
20510006471000,12,5,7,531.6
20510006472000,25,14,11,880
20510006473000,22,9,13,1007.6
20510006475000,31,16,15,979.6
20510006481000,3,1,2,0
20510006482000,36,18,18,1299.6
20510006483000,20,8,12,792
20510006491000,4,3,1,0
20510006493000,19,11,8,927.2
20510006499000,5,4,1,84
20510006731000,13,6,7,461.5
20510006733000,5,3,2,303
20510006745000,1,0,1,0
20510006754000,5,3,2,270
20510006777000,14,6,8,691.6
20510006778000,4,2,2,0
20510006780000,2,1,1,0
20510006809000,59,28,31,2938.2
20510006810000,89,50,39,3364.2
20510006814000,1,1,0,0
20510006815000,1,1,0,0
20510006859000,37,20,17,1639.1
20510006860000,14,7,7,512.4
20510006873000,26,13,13,1144
20510006874000,28,13,15,1246
20510006875000,28,15,13,1484
20510006881000,3,2,1,0
20510006885000,79,37,42,3602.4
20510006886000,36,17,19,1490.4
20510006896000,10,4,6,647
20510006897000,9,4,5,307.8
20510006907000,7,3,4,270.2
20510006908000,24,11,13,1108.8
20510006909000,7,5,2,328.3
20510006923000,15,9,6,532.5
20510006924000,28,17,11,1019.2
20510006951000,431,207,224,14567.8
20510006952000,109,54,55,3804.1
20510006953000,114,65,49,4001.4
20510006954000,24,10,14,1065.6
20510006955000,948,478,470,37351.2
20510006956000,905,473,432,32037
20510006959000,67,35,32,2901.1
20510006961000,1,1,0,0
20510006963000,35,17,18,1638
20510006964000,8,5,3,384
20510006966000,278,159,119,8784.8
20510006967000,1,0,1,0
20510006976000,19,12,7,887.3
20510006977000,16,8,8,801.6
20520006455000,34,16,18,1550.4
20520006456000,468,234,234,18486
20520006457000,437,222,215,17567.4
20520006458000,175,93,82,5565
20520006459000,44,22,22,1936
20520006460000,4,2,2,0
20520006462000,13,6,7,327.6
20520006464000,8,4,4,475.2
20520006465000,2,1,1,0
20520006466000,10,6,4,448
20520006467000,4,2,2,0
20520006469000,4,2,2,0
20520006473000,8,4,4,288
20520006478000,2,1,1,0
20520006480000,8,4,4,416
20520006481000,3,1,2,0
20520006482000,8,5,3,340
20520006484000,19,12,7,741
20520006485000,201,102,99,8482.2
20520006486000,36,16,20,1602
20520006487000,153,73,80,5416.2
20520006488000,19,8,11,754.3
20520006494000,13,9,4,478.4
20520006505000,9,5,4,458.1
20520006506000,14,6,8,618.8
20520006731000,10,6,4,510
20520006733000,6,4,2,370.2
20520006780000,11,7,4,284.9
20520006859000,3,1,2,0
20520006868000,33,18,15,1079.1
20520006869000,20,13,7,852
20520006870000,3,2,1,0
20520006871000,27,13,14,1196.1
20520006872000,33,16,17,1105.5
20520006873000,232,108,124,10184.8
20520006874000,127,60,67,4902.2
20520006875000,7,4,3,417.2
20520006879000,1,0,1,0
20520006881000,42,17,25,2037
20520006885000,5,2,3,129
20520006901000,10,7,3,405
20520006909000,5,1,4,191
20520006923000,8,4,4,324
20520006924000,27,15,12,1101.6
20520006925000,1,1,0,0
20520006946000,5,2,3,97
20520006950000,234,124,110,8985.6
20520006951000,420,210,210,14028
20520006952000,227,121,106,8444.4
20520006953000,70,37,33,2716
20520006955000,423,223,200,17469.9
20520006956000,1435,734,701,54817
20520006957000,2,1,1,0
20520006958000,2,1,1,0
20520006959000,217,112,105,8701.7
20520006961000,15,8,7,532.5
20520006963000,66,33,33,3036
20520006964000,5,2,3,295
20520006965000,400,219,181,15760
20520006966000,182,86,96,7116.2
20520006967000,76,42,34,3397.2
20520006968000,25,16,9,1115
20520006969000,15,7,8,939
20520006974000,26,15,11,1003.6
20520006975000,11,4,7,477.4
20520006976000,54,26,28,1825.2
20520006977000,16,8,8,619.2
20520006978000,5,3,2,213
20520006980000,21,13,8,1129.8
20520006981000,20,11,9,906
20530006455000,2,1,1,0
20530006456000,564,269,295,24590.4
20530006457000,868,410,458,39146.8
20530006458000,169,85,84,6996.6
20530006459000,63,33,30,2097.9
20530006460000,25,11,14,767.5
20530006461000,23,12,11,897
20530006463000,18,9,9,736.2
20530006464000,16,11,5,556.8
20530006466000,2,2,0,0
20530006467000,13,7,6,618.8
20530006469000,1,0,1,0
20530006472000,8,4,4,388.8
20530006474000,15,7,8,868.5
20530006475000,5,3,2,102
20530006481000,15,8,7,358.5
20530006482000,7,4,3,182.7
20530006483000,10,6,4,385
20530006484000,2,1,1,0
20530006485000,2,2,0,0
20530006487000,32,15,17,857.6
20530006488000,93,47,46,3971.1
20530006489000,42,25,17,1940.4
20530006490000,2,2,0,0
20530006491000,4,2,2,0
20530006495000,15,5,10,522
20530006499000,2,1,1,0
20530006505000,3,1,2,0
20530006509000,3,2,1,0
20530006510000,4,2,2,0
20530006731000,30,17,13,1395
20530006733000,9,4,5,531
20530006734000,5,2,3,136
20530006775000,2,1,1,0
20530006849000,6,1,5,289.8
20530006859000,5,3,2,283
20530006869000,11,7,4,409.2
20530006870000,6,2,4,135
20530006871000,7,3,4,324.1
20530006880000,1,1,0,0
20530006881000,82,40,42,3632.6
20530006885000,42,20,22,2024.4
20530006896000,14,8,6,565.6
20530006897000,7,4,3,368.2
20530006898000,5,4,1,213
20530006924000,20,10,10,990
20530006925000,15,9,6,526.5
20530006942000,2,1,1,0
20530006943000,2,2,0,0
20530006944000,1,1,0,0
20530006950000,230,113,117,9085
20530006951000,287,151,136,10131.1
20530006952000,74,36,38,2530.8
20530006953000,80,39,41,3080
20530006955000,798,405,393,32478.6
20530006956000,1561,783,778,64469.3
20530006959000,56,28,28,2307.2
20530006960000,9,6,3,363.6
20530006961000,55,29,26,2458.5
20530006963000,21,11,10,915.6
20530006964000,12,7,5,820.8
20530006965000,84,42,42,3897.6
20530006969000,11,7,4,422.4
20530006970000,47,25,22,2166.7
20530006974000,6,3,3,259.8
20530006975000,265,132,133,11978
20530006976000,65,37,28,2782
20530006978000,22,14,8,939.4
20530006979000,102,57,45,4029
20530006980000,155,75,80,6463.5
20540006455000,10,5,5,688
20540006456000,1596,773,823,74533.2
20540006457000,1203,563,640,52330.5
20540006458000,699,350,349,24115.5
20540006459000,46,24,22,1692.8
20540006460000,46,22,24,1306.4
20540006461000,5,4,1,246
20540006462000,8,4,4,459.2
20540006463000,8,6,2,336.8
20540006465000,2,1,1,0
20540006466000,2,1,1,0
20540006467000,4,2,2,0
20540006470000,12,4,8,255.6
20540006473000,8,3,5,286.4
20540006480000,1,0,1,0
20540006481000,2,1,1,0
20540006483000,2,1,1,0
20540006484000,11,6,5,266.2
20540006491000,4,1,3,0
20540006492000,44,23,21,1192.4
20540006493000,19,13,6,826.5
20540006494000,4,3,1,0
20540006495000,39,21,18,1146.6
20540006496000,3,1,2,0
20540006498000,13,8,5,444.6
20540006499000,62,35,27,2132.8
20540006500000,1,1,0,0
20540006501000,1,1,0,0
20540006503000,18,10,8,630
20540006733000,2,1,1,0
20540006774000,4,3,1,0
20540006813000,13,8,5,562.9
20540006849000,6,4,2,325.8
20540006859000,8,4,4,422.4
20540006874000,6,4,2,364.2
20540006881000,103,49,54,4717.4
20540006882000,26,16,10,1401.4
20540006886000,56,29,27,2088.8
20540006887000,18,11,7,912.6
20540006888000,8,5,3,414.4
20540006896000,21,9,12,900.9
20540006897000,4,3,1,0
20540006924000,7,4,3,280.7
20540006925000,63,33,30,2828.7
20540006926000,6,2,4,247.2
20540006940000,4,1,3,0
20540006941000,5,1,4,99
20540006950000,33,15,18,1442.1
20540006951000,115,70,45,4450.5
20540006952000,1057,526,531,37206.4
20540006953000,286,143,143,10267.4
20540006954000,644,312,332,21445.2
20540006955000,1093,544,549,45796.7
20540006956000,803,397,406,33886.6
20540006957000,5,3,2,141
20540006959000,99,52,47,4653
20540006960000,2,1,1,0
20540006963000,25,14,11,1262.5
20540006970000,51,27,24,2142
20540006971000,3,2,1,0
20540006977000,5,4,1,322
20540006978000,61,30,31,2873.1
20540006979000,11,4,7,451
20550006455000,87,50,37,3897.6
20550006456000,1670,780,890,75985
20550006457000,1206,621,585,43054.2
20550006458000,242,128,114,9099.2
20550006461000,16,9,7,665.6
20550006462000,16,7,9,723.2
20550006463000,3,2,1,0
20550006464000,16,6,10,422.4
20550006468000,9,4,5,280.8
20550006471000,2,1,1,0
20550006475000,3,1,2,0
20550006479000,8,3,5,272
20550006482000,23,12,11,632.5
20550006484000,1,0,1,0
20550006485000,2,1,1,0
20550006486000,6,3,3,243
20550006487000,3,2,1,0
20550006489000,6,4,2,159
20550006490000,13,7,6,460.2
20550006492000,9,5,4,163.8
20550006493000,17,6,11,688.5
20550006500000,47,25,22,1729.6
20550006501000,5,3,2,196
20550006511000,2,1,1,0
20550006512000,12,6,6,408
20550006513000,1,0,1,0
20550006514000,19,10,9,716.3
20550006731000,5,3,2,319
20550006741000,2,1,1,0
20550006743000,5,3,2,224
20550006756000,4,3,1,0
20550006774000,16,9,7,592
20550006775000,1,1,0,0
20550006804000,7,2,5,406.7
20550006811000,8,4,4,343.2
20550006827000,2,0,2,0
20550006849000,5,2,3,200
20550006859000,4,2,2,0
20550006874000,24,12,12,1032
20550006882000,8,5,3,500.8
20550006887000,60,30,30,2358
20550006888000,51,28,23,2121.6
20550006894000,3,2,1,0
20550006895000,15,8,7,562.5
20550006896000,10,5,5,541
20550006899000,19,8,11,786.6
20550006900000,22,12,10,877.8
20550006901000,11,6,5,554.4
20550006902000,12,7,5,452.4
20550006911000,21,10,11,861
20550006925000,14,6,8,393.4
20550006926000,34,19,15,1084.6
20550006932000,18,11,7,905.4
20550006933000,7,2,5,228.9
20550006935000,1,1,0,0
20550006936000,2,1,1,0
20550006937000,1,1,0,0
20550006939000,1,1,0,0
20550006951000,79,36,43,2962.5
20550006952000,1067,551,516,39799.1
20550006953000,1276,630,646,50146.8
20550006954000,1200,585,615,42960
20550006955000,1897,899,998,87262
20550006956000,1238,581,657,58557.4
20550006959000,170,98,72,5814
20550006963000,100,55,45,4620
20550006970000,2,1,1,0
20550006971000,76,41,35,3655.6
20550006977000,5,3,2,358
20560006455000,48,26,22,2160
20560006456000,801,398,403,27394.2
20560006457000,229,106,123,10007.3
20560006458000,15,10,5,673.5
20560006460000,9,5,4,243.9
20560006461000,27,16,11,791.1
20560006465000,4,1,3,0
20560006466000,9,3,6,215.1
20560006468000,5,3,2,306
20560006471000,12,6,6,322.8
20560006473000,23,14,9,1014.3
20560006475000,1,1,0,0
20560006478000,2,1,1,0
20560006479000,5,1,4,132
20560006480000,2,1,1,0
20560006481000,6,5,1,340.2
20560006483000,11,7,4,311.3
20560006485000,6,3,3,234
20560006486000,3,3,0,0
20560006490000,2,1,1,0
20560006491000,11,6,5,397.1
20560006493000,9,5,4,311.4
20560006494000,11,4,7,355.3
20560006499000,24,11,13,1039.2
20560006500000,242,112,130,9075
20560006501000,2,1,1,0
20560006505000,14,7,7,641.2
20560006507000,8,4,4,467.2
20560006513000,5,3,2,104
20560006514000,9,3,6,459
20560006738000,6,2,4,181.2
20560006739000,6,3,3,274.2
20560006740000,3,2,1,0
20560006741000,37,19,18,1731.6
20560006742000,25,10,15,1025
20560006743000,8,5,3,367.2
20560006775000,2,1,1,0
20560006804000,6,2,4,202.8
20560006805000,29,18,11,1220.9
20560006806000,50,26,24,1925
20560006807000,31,16,15,1227.6
20560006811000,29,15,14,1278.9
20560006828000,1,1,0,0
20560006859000,26,13,13,1495
20560006874000,10,7,3,489
20560006889000,4,2,2,0
20560006890000,2,1,1,0
20560006894000,18,10,8,653.4
20560006899000,297,151,146,13246.2
20560006900000,189,95,94,6841.8
20560006901000,42,24,18,1890
20560006902000,61,30,31,2470.5
20560006925000,11,4,7,495
20560006926000,24,11,13,1269.6
20560006943000,26,10,16,936
20560006944000,16,10,6,750.4
20560006945000,2,1,1,0
20560006946000,58,27,31,2540.4
20560006950000,41,23,18,1430.9
20560006951000,915,459,456,27816
20560006952000,554,286,268,21772.2
20560006953000,204,103,101,8527.2
20560006955000,1009,525,484,37030.3
20560006956000,605,301,304,22143
20560006957000,618,324,294,20146.8
20560006959000,124,63,61,4377.2
20560006963000,36,16,20,1566
20560006970000,20,10,10,808
20560006971000,115,56,59,5014
20560006972000,5,3,2,220
20560006977000,25,11,14,1092.5
20560006978000,9,3,6,410.4
20570006452000,156,78,78,6208.8
20570006454000,8,5,3,380
20570006456000,738,387,351,26568
20570006457000,267,145,122,9825.6
20570006458000,77,46,31,2933.7
20570006461000,7,3,4,196
20570006464000,28,15,13,1005.2
20570006465000,4,2,2,0
20570006466000,4,2,2,0
20570006467000,15,6,9,733.5
20570006468000,3,1,2,0
20570006469000,7,5,2,333.9
20570006472000,8,4,4,228.8
20570006473000,4,2,2,0
20570006480000,5,3,2,255
20570006481000,1,1,0,0
20570006483000,16,7,9,700.8
20570006484000,2,1,1,0
20570006485000,6,4,2,307.8
20570006487000,3,1,2,0
20570006495000,7,4,3,219.8
20570006499000,23,13,10,1009.7
20570006500000,31,16,15,1441.5
20570006501000,20,9,11,758
20570006502000,26,12,14,897
20570006507000,4,2,2,0
20570006514000,8,3,5,288
20570006515000,18,10,8,716.4
20570006516000,1,1,0,0
20570006540000,1,1,0,0
20570006541000,4,2,2,0
20570006739000,2,1,1,0
20570006740000,39,19,20,1337.7
20570006741000,173,86,87,8269.4
20570006742000,257,126,131,9894.5
20570006776000,35,15,20,1708
20570006803000,8,5,3,431.2
20570006804000,25,10,15,955
20570006805000,3,2,1,0
20570006806000,18,8,10,666
20570006807000,44,20,24,2420
20570006811000,41,18,23,2009
20570006856000,4,3,1,0
20570006859000,19,11,8,581.4
20570006860000,18,7,11,613.8
20570006870000,34,19,15,1492.6
20570006871000,11,5,6,555.5
20570006884000,2,1,1,0
20570006890000,18,9,9,545.4
20570006893000,10,6,4,418
20570006894000,6,3,3,351
20570006898000,11,5,6,299.2
20570006901000,28,12,16,1338.4
20570006902000,98,55,43,4076.8
20570006903000,1,1,0,0
20570006911000,6,3,3,244.2
20570006912000,7,4,3,249.2
20570006926000,162,77,85,8537.4
20570006927000,4,3,1,0
20570006944000,54,25,29,2100.6
20570006945000,222,113,109,7725.6
20570006946000,11,5,6,641.3
20570006950000,33,12,21,848.1
20570006951000,1268,662,606,45648
20570006952000,75,38,37,2790
20570006955000,11,9,2,412.5
20570006956000,189,104,85,7182
20570006957000,12,7,5,452.4
20570006958000,2,1,1,0
20570006959000,261,133,128,10205.1
20570006963000,46,22,24,2277
20570006970000,3,1,2,0
20570006971000,74,40,34,3130.2
20570006977000,16,9,7,678.4
20570006978000,17,10,7,955.4
20580006451000,159,86,73,6312.3
20580006452000,25,10,15,937.5
20580006453000,13,6,7,755.3
20580006454000,53,19,34,1844.4
20580006455000,9,3,6,214.2
20580006456000,65,33,32,2281.5
20580006457000,74,38,36,2915.6
20580006458000,8,5,3,520
20580006459000,46,25,21,1577.8
20580006460000,40,20,20,1752
20580006461000,5,1,4,186
20580006462000,5,1,4,102
20580006463000,3,2,1,0
20580006464000,14,6,8,418.6
20580006468000,1,1,0,0
20580006471000,12,5,7,483.6
20580006472000,7,5,2,259
20580006478000,11,6,5,377.3
20580006480000,7,3,4,364.7
20580006482000,7,4,3,230.3
20580006483000,10,6,4,309
20580006484000,1,1,0,0
20580006487000,3,1,2,0
20580006488000,4,1,3,0
20580006492000,12,5,7,379.2
20580006494000,13,4,9,390
20580006495000,2,2,0,0
20580006504000,15,7,8,529.5
20580006506000,15,8,7,673.5
20580006509000,4,3,1,0
20580006510000,4,3,1,0
20580006516000,3,3,0,0
20580006541000,21,10,11,858.9
20580006542000,2,1,1,0
20580006739000,20,9,11,876
20580006740000,10,6,4,358
20580006741000,113,60,53,4791.2
20580006742000,124,64,60,6361.2
20580006743000,13,6,7,569.4
20580006776000,1,1,0,0
20580006777000,2,2,0,0
20580006810000,15,7,8,780
20580006811000,33,21,12,1329.9
20580006830000,1,1,0,0
20580006832000,2,2,0,0
20580006835000,5,2,3,189
20580006859000,3,1,2,0
20580006884000,40,24,16,1772
20580006885000,40,19,21,1640
20580006887000,38,17,21,1736.6
20580006890000,32,18,14,1334.4
20580006892000,17,9,8,574.6
20580006894000,23,12,11,1032.7
20580006895000,2,1,1,0
20580006898000,8,5,3,347.2
20580006902000,39,26,13,1407.9
20580006913000,7,4,3,312.2
20580006926000,7,3,4,217.7
20580006927000,63,32,31,2570.4
20580006933000,1,1,0,0
20580006945000,1,0,1,0
20580006946000,12,5,7,543.6
20580006947000,50,24,26,2030
20580006951000,357,184,173,14637
20580006952000,62,37,25,2535.8
20580006955000,4,3,1,0
20580006956000,29,17,12,1041.1
20580006957000,5,2,3,352
20580006958000,10,7,3,264
20580006959000,127,75,52,4775.2
20580006960000,4,3,1,0
20580006963000,26,15,11,1284.4
20580006970000,43,23,20,1363.1
20580006971000,16,7,9,844.8
20580006981000,1,1,0,0
20580006982000,4,2,2,0
20590006451000,26,12,14,1190.8
20590006452000,53,24,29,2252.5
20590006453000,41,19,22,1340.7
20590006454000,126,67,59,4586.4
20590006455000,44,25,19,2068
20590006457000,47,29,18,2049.2
20590006458000,23,10,13,963.7
20590006459000,5,3,2,155
20590006461000,56,27,29,2559.2
20590006462000,90,40,50,3573
20590006463000,481,245,236,17364.1
20590006464000,31,16,15,1209
20590006466000,8,5,3,446.4
20590006468000,5,3,2,268
20590006469000,8,5,3,240.8
20590006471000,3,2,1,0
20590006472000,7,3,4,303.8
20590006477000,1,0,1,0
20590006478000,19,10,9,910.1
20590006479000,8,3,5,243.2
20590006482000,25,15,10,640
20590006486000,1,1,0,0
20590006487000,4,2,2,0
20590006488000,20,13,7,810
20590006491000,7,3,4,146.3
20590006492000,6,2,4,216
20590006494000,8,4,4,220
20590006509000,10,6,4,500
20590006510000,7,4,3,172.9
20590006512000,2,1,1,0
20590006513000,40,16,24,1404
20590006520000,4,1,3,0
20590006521000,65,37,28,2463.5
20590006522000,80,36,44,3424
20590006523000,28,15,13,789.6
20590006740000,7,4,3,205.8
20590006741000,52,24,28,1970.8
20590006742000,75,35,40,3405
20590006743000,10,6,4,507
20590006780000,6,5,1,337.8
20590006781000,2,1,1,0
20590006806000,2,1,1,0
20590006810000,81,41,40,3434.4
20590006811000,28,18,10,1240.4
20590006833000,6,5,1,357
20590006835000,82,42,40,3673.6
20590006836000,2,1,1,0
20590006859000,9,6,3,251.1
20590006883000,7,2,5,307.3
20590006885000,113,60,53,4644.3
20590006886000,205,99,106,10004
20590006890000,10,4,6,276
20590006892000,8,4,4,268
20590006893000,1,1,0,0
20590006894000,14,9,5,680.4
20590006901000,6,3,3,198
20590006902000,22,9,13,838.2
20590006903000,1,1,0,0
20590006913000,6,3,3,328.8
20590006914000,3,1,2,0
20590006915000,3,2,1,0
20590006916000,4,3,1,0
20590006930000,1,0,1,0
20590006931000,5,2,3,108
20590006932000,6,3,3,214.8
20590006946000,68,36,32,2468.4
20590006947000,48,30,18,1852.8
20590006951000,787,417,370,26836.7
20590006952000,144,77,67,6321.6
20590006956000,34,23,11,1203.6
20590006958000,10,5,5,295
20590006959000,43,29,14,1307.2
20590006960000,251,134,117,8659.5
20590006962000,49,26,23,1788.5
20590006963000,21,9,12,1159.2
20590006970000,8,4,4,336.8
20590006971000,24,12,12,1291.2
20590006980000,4,3,1,0
20590006981000,20,12,8,1242
20590006982000,19,8,11,1331.9
20600006453000,1,0,1,0
20600006454000,140,70,70,4872
20600006455000,4,1,3,0
20600006457000,77,43,34,3210.9
20600006458000,6,3,3,226.2
20600006459000,8,5,3,268.8
20600006463000,86,43,43,4265.6
20600006464000,92,53,39,3256.8
20600006465000,18,9,9,739.8
20600006466000,105,53,52,3748.5
20600006467000,29,15,14,1206.4
20600006473000,4,2,2,0
20600006474000,2,1,1,0
20600006475000,68,40,28,2271.2
20600006476000,61,20,41,3592.9
20600006477000,51,25,26,1422.9
20600006478000,23,15,8,823.4
20600006479000,31,20,11,1429.1
20600006480000,185,93,92,7492.5
20600006481000,9,4,5,246.6
20600006482000,21,9,12,871.5
20600006486000,21,12,9,810.6
20600006487000,7,5,2,354.9
20600006489000,1,1,0,0
20600006490000,9,4,5,249.3
20600006494000,12,7,5,480
20600006495000,20,11,9,666
20600006501000,29,14,15,1160
20600006505000,19,8,11,786.6
20600006506000,3,1,2,0
20600006507000,8,5,3,460.8
20600006511000,5,3,2,240
20600006512000,9,4,5,257.4
20600006515000,3,2,1,0
20600006521000,106,55,51,4006.8
20600006522000,97,43,54,4549.3
20600006523000,1,1,0,0
20600006527000,5,3,2,213
20600006535000,1,1,0,0
20600006731000,8,4,4,434.4
20600006740000,9,7,2,234.9
20600006741000,26,17,9,1318.2
20600006756000,1,1,0,0
20600006806000,14,7,7,663.6
20600006810000,17,7,10,778.6
20600006811000,448,219,229,17472
20600006832000,4,2,2,0
20600006836000,21,12,9,932.4
20600006837000,17,7,10,552.5
20600006838000,6,3,3,226.8
20600006839000,10,6,4,412
20600006840000,2,1,1,0
20600006859000,12,6,6,530.4
20600006884000,11,7,4,511.5
20600006885000,82,43,39,2894.6
20600006886000,11,6,5,539
20600006888000,8,4,4,368.8
20600006890000,52,31,21,1924
20600006891000,17,10,7,620.5
20600006892000,1,1,0,0
20600006893000,2,2,0,0
20600006894000,3,2,1,0
20600006902000,38,20,18,1770.8
20600006914000,19,6,13,1094.4
20600006916000,2,1,1,0
20600006923000,2,1,1,0
20600006925000,12,6,6,615.6
20600006947000,31,14,17,1401.2
20600006951000,365,177,188,12045
20600006952000,44,23,21,1870
20600006956000,37,17,20,1398.6
20600006958000,3,2,1,0
20600006960000,26,12,14,1034.8
20600006962000,36,14,22,1627.2
20600006969000,34,20,14,1203.6
20600006971000,54,26,28,2165.4
20600006980000,14,7,7,852.6
20600006982000,8,4,4,327.2
20610006453000,6,3,3,250.2
20610006459000,21,11,10,686.7
20610006460000,16,10,6,572.8
20610006464000,4,3,1,0
20610006465000,14,8,6,547.4
20610006467000,32,15,17,1340.8
20610006468000,15,6,9,454.5
20610006473000,18,10,8,694.8
20610006474000,24,12,12,1212
20610006475000,126,62,64,4914
20610006476000,23,11,12,1106.3
20610006477000,20,12,8,620
20610006478000,10,5,5,352
20610006479000,5,2,3,249
20610006481000,1,1,0,0
20610006482000,3,1,2,0
20610006485000,5,3,2,310
20610006486000,12,6,6,385.2
20610006487000,5,4,1,102
20610006490000,1,1,0,0
20610006501000,17,6,11,652.8
20610006503000,3,1,2,0
20610006506000,6,4,2,340.2
20610006507000,48,19,29,2001.6
20610006508000,23,11,12,903.9
20610006511000,7,3,4,205.1
20610006512000,19,11,8,600.4
20610006515000,18,8,10,853.2
20610006524000,2,1,1,0
20610006806000,8,4,4,288
20610006810000,52,24,28,1991.6
20610006811000,146,71,75,6000.6
20610006836000,1,1,0,0
20610006837000,25,10,15,945
20610006838000,14,7,7,726.6
20610006839000,28,15,13,991.2
20610006859000,15,7,8,739.5
20610006890000,36,16,20,1623.6
20610006901000,5,3,2,316
20610006902000,36,18,18,1382.4
20610006915000,1,1,0,0
20610006916000,9,4,5,557.1
20610006926000,4,1,3,0
20610006947000,35,18,17,1515.5
20610006951000,67,38,29,2860.9
20610006956000,2,1,1,0
20610006957000,40,20,20,1304
20610006958000,3,1,2,0
20610006959000,19,10,9,788.5
20610006960000,11,7,4,470.8
20610006962000,30,16,14,1245
20610006965000,11,6,5,392.7
20610006966000,2,0,2,0
20610006967000,125,61,64,5112.5
20610006968000,476,253,223,18659.2
20610006969000,794,420,374,32792.2
20610006970000,596,300,296,27416
20610006971000,428,224,204,13182.4
20610006980000,2,1,1,0
20610006981000,3,2,1,0
20610006982000,36,18,18,2178
20620006453000,69,34,35,3180.9
20620006457000,21,14,7,741.3
20620006458000,87,42,45,3201.6
20620006459000,58,31,27,2627.4
20620006460000,6,3,3,358.2
20620006461000,9,4,5,426.6
20620006462000,27,14,13,861.3
20620006463000,7,4,3,483
20620006470000,30,16,14,978
20620006471000,186,90,96,7216.8
20620006472000,180,93,87,7560
20620006473000,13,6,7,712.4
20620006476000,4,3,1,0
20620006480000,2,1,1,0
20620006485000,9,3,6,482.4
20620006488000,7,5,2,238.7
20620006489000,2,1,1,0
20620006490000,8,4,4,342.4
20620006492000,4,2,2,0
20620006493000,1,1,0,0
20620006507000,6,4,2,274.8
20620006508000,1,1,0,0
20620006515000,6,3,3,169.8
20620006516000,14,8,6,368.2
20620006524000,1,1,0,0
20620006525000,12,6,6,556.8
20620006526000,22,12,10,825
20620006527000,10,6,4,358
20620006657000,15,8,7,478.5
20620006809000,14,6,8,638.4
20620006810000,503,230,273,22132
20620006811000,526,272,254,19935.4
20620006837000,1,1,0,0
20620006838000,2,1,1,0
20620006839000,4,2,2,0
20620006857000,11,5,6,312.4
20620006858000,2,2,0,0
20620006887000,7,3,4,287
20620006889000,7,6,1,352.8
20620006901000,3,2,1,0
20620006902000,33,20,13,1534.5
20620006915000,6,3,3,262.2
20620006926000,40,21,19,2248
20620006951000,25,13,12,1107.5
20620006956000,9,5,4,342.9
20620006957000,36,20,16,1598.4
20620006959000,6,2,4,291
20620006962000,11,6,5,580.8
20620006963000,32,14,18,1603.2
20620006964000,26,12,14,1131
20620006965000,4,2,2,0
20620006966000,17,11,6,873.8
20620006968000,3,2,1,0
20620006969000,63,35,28,3005.1
20620006970000,2,1,1,0
20620006971000,38,25,13,1687.2
20620006980000,1,0,1,0
20620006981000,2,1,1,0
20620006982000,1,1,0,0
20620006988000,68,42,26,2924
20620006989000,1,1,0,0
20630006454000,34,17,17,1407.6
20630006457000,44,25,19,1856.8
20630006458000,6,3,3,120
20630006459000,20,10,10,772
20630006461000,5,2,3,138
20630006463000,5,3,2,111
20630006465000,5,3,2,243
20630006469000,24,13,11,760.8
20630006471000,72,38,34,2570.4
20630006472000,47,22,25,1428.8
20630006481000,6,4,2,229.2
20630006486000,5,3,2,251
20630006489000,5,3,2,331
20630006492000,15,8,7,556.5
20630006493000,4,3,1,0
20630006495000,75,35,40,3097.5
20630006496000,14,5,9,736.4
20630006497000,3,2,1,0
20630006498000,2,1,1,0
20630006500000,23,10,13,805
20630006502000,13,5,8,435.5
20630006503000,9,3,6,366.3
20630006516000,5,2,3,349
20630006527000,16,10,6,676.8
20630006529000,4,3,1,0
20630006530000,3,2,1,0
20630006600000,3,1,2,0
20630006602000,5,2,3,166
20630006785000,1,1,0,0
20630006795000,4,2,2,0
20630006809000,40,22,18,1660
20630006810000,97,50,47,3802.4
20630006811000,230,126,104,9453
20630006839000,6,2,4,283.2
20630006840000,4,3,1,0
20630006889000,148,73,75,5002.4
20630006890000,95,56,39,3011.5
20630006893000,7,3,4,244.3
20630006901000,27,13,14,1301.4
20630006902000,28,17,11,1212.4
20630006917000,2,1,1,0
20630006918000,9,5,4,635.4
20630006925000,2,2,0,0
20630006943000,15,7,8,535.5
20630006944000,132,74,58,4963.2
20630006945000,393,183,210,15484.2
20630006946000,207,110,97,9004.5
20630006951000,19,10,9,699.2
20630006956000,28,15,13,1195.6
20630006957000,3,2,1,0
20630006958000,47,25,22,1861.2
20630006959000,20,10,10,762
20630006960000,15,9,6,777
20630006963000,16,8,8,648
20630006970000,113,60,53,4531.3
20630006971000,10,5,5,473
20630006984000,100,47,53,4990
20630006985000,31,17,14,1593.4
20630006986000,54,25,29,1911.6
20630006987000,2,1,1,0
20630006988000,23,12,11,979.8
20630006989000,36,19,17,1450.8
20640006455000,6,3,3,298.2
20640006456000,27,13,14,1125.9
20640006457000,37,21,16,1520.7
20640006461000,35,21,14,1459.5
20640006463000,19,10,9,699.2
20640006465000,16,8,8,545.6
20640006467000,4,2,2,0
20640006471000,39,19,20,1536.6
20640006474000,6,5,1,147
20640006479000,12,6,6,436.8
20640006482000,5,2,3,180
20640006483000,15,8,7,453
20640006486000,4,2,2,0
20640006487000,1,1,0,0
20640006492000,7,3,4,125.3
20640006493000,2,0,2,0
20640006498000,3,2,1,0
20640006500000,4,4,0,0
20640006501000,23,9,14,765.9
20640006502000,2,2,0,0
20640006530000,31,13,18,1097.4
20640006531000,2,2,0,0
20640006532000,1,1,0,0
20640006534000,2,2,0,0
20640006535000,7,3,4,189
20640006536000,10,4,6,363
20640006600000,8,4,4,236.8
20640006603000,5,2,3,221
20640006604000,18,8,10,770.4
20640006629000,3,1,2,0
20640006728000,69,31,38,2697.9
20640006729000,264,121,143,11695.2
20640006743000,35,18,17,1589
20640006744000,2,1,1,0
20640006795000,14,9,5,750.4
20640006796000,41,22,19,1357.1
20640006840000,6,3,3,292.2
20640006887000,5,3,2,122
20640006889000,1,0,1,0
20640006890000,22,14,8,902
20640006891000,258,124,134,9133.2
20640006893000,1,1,0,0
20640006894000,1,0,1,0
20640006939000,8,4,4,315.2
20640006940000,54,28,26,2386.8
20640006941000,35,21,14,1389.5
20640006942000,38,22,16,1922.8
20640006943000,41,20,21,1443.2
20640006944000,56,30,26,2436
20640006945000,72,37,35,2973.6
20640006946000,61,25,36,2440
20640006948000,333,165,168,14152.5
20640006956000,29,15,14,1160
20640006957000,21,11,10,630
20640006958000,19,11,8,972.8
20640006963000,58,27,31,2059
20640006984000,104,55,49,4035.2
20640006985000,6,3,3,274.8
20640006987000,26,16,10,993.2
20640006988000,2,2,0,0
20640006989000,21,12,9,970.2
20650006454000,21,11,10,877.8
20650006455000,4,3,1,0
20650006456000,9,5,4,519.3
20650006457000,16,9,7,473.6
20650006458000,7,3,4,275.1
20650006462000,21,7,14,980.7
20650006465000,3,2,1,0
20650006466000,11,4,7,319
20650006467000,4,2,2,0
20650006470000,3,2,1,0
20650006473000,4,1,3,0
20650006475000,2,1,1,0
20650006478000,6,3,3,226.8
20650006479000,1,1,0,0
20650006481000,6,3,3,271.2
20650006482000,38,20,18,1478.2
20650006483000,31,13,18,1373.3
20650006484000,5,4,1,180
20650006485000,25,14,11,897.5
20650006490000,2,1,1,0
20650006495000,5,1,4,181
20650006517000,4,3,1,0
20650006534000,5,2,3,118
20650006535000,4,2,2,0
20650006536000,8,5,3,490.4
20650006544000,1,0,1,0
20650006599000,1,1,0,0
20650006600000,18,7,11,860.4
20650006601000,11,4,7,250.8
20650006604000,148,74,74,5476
20650006629000,12,8,4,597.6
20650006726000,3,1,2,0
20650006728000,39,21,18,1649.7
20650006729000,132,64,68,5253.6
20650006730000,130,68,62,4979
20650006795000,3,2,1,0
20650006796000,12,5,7,549.6
20650006797000,125,64,61,5762.5
20650006798000,3,2,1,0
20650006807000,5,2,3,348
20650006886000,4,2,2,0
20650006887000,1,1,0,0
20650006890000,390,189,201,15444
20650006891000,929,457,472,39018
20650006892000,189,94,95,5235.3
20650006903000,18,9,9,640.8
20650006938000,7,4,3,228.9
20650006939000,271,146,125,12032.4
20650006940000,226,126,100,9153
20650006941000,41,24,17,2160.7
20650006942000,34,17,17,1530
20650006943000,66,26,40,2666.4
20650006944000,748,379,369,29620.8
20650006945000,646,309,337,26679.8
20650006946000,580,278,302,29580
20650006947000,449,212,237,18139.6
20650006948000,7,3,4,170.1
20650006956000,2,1,1,0
20650006960000,13,6,7,691.6
20650006963000,26,12,14,1118
20650006985000,1,0,1,0
20650006986000,1,0,1,0
20650006987000,16,9,7,617.6
20650006988000,64,30,34,3059.2
20650006989000,137,69,68,6767.8
20650006990000,336,174,162,14683.2
20660006454000,9,7,2,223.2
20660006455000,4,2,2,0
20660006457000,20,11,9,1036
20660006458000,33,17,16,1491.6
20660006460000,6,4,2,280.8
20660006461000,1,1,0,0
20660006464000,6,3,3,393
20660006465000,14,7,7,463.4
20660006467000,1,1,0,0
20660006468000,1,1,0,0
20660006470000,17,8,9,765
20660006474000,13,5,8,356.2
20660006475000,10,3,7,593
20660006476000,17,8,9,557.6
20660006481000,1,0,1,0
20660006482000,1,0,1,0
20660006483000,17,10,7,938.4
20660006484000,15,9,6,514.5
20660006485000,14,6,8,497
20660006486000,8,6,2,256.8
20660006487000,18,8,10,761.4
20660006488000,12,6,6,585.6
20660006489000,12,7,5,405.6
20660006490000,11,6,5,407
20660006491000,7,4,3,359.1
20660006493000,1,1,0,0
20660006495000,6,3,3,382.8
20660006496000,9,6,3,392.4
20660006516000,4,2,2,0
20660006517000,12,4,8,403.2
20660006535000,1,1,0,0
20660006537000,2,1,1,0
20660006541000,14,8,6,362.6
20660006604000,112,56,56,4536
20660006605000,4,2,2,0
20660006723000,40,20,20,1984
20660006724000,22,10,12,1247.4
20660006727000,1,1,0,0
20660006807000,30,15,15,1488
20660006870000,1,0,1,0
20660006886000,6,1,5,199.2
20660006890000,22,11,11,811.8
20660006891000,598,307,291,22066.2
20660006892000,138,64,74,4429.8
20660006904000,7,3,4,294.7
20660006923000,34,17,17,1686.4
20660006934000,2,1,1,0
20660006935000,36,18,18,1767.6
20660006936000,63,33,30,2935.8
20660006944000,211,111,100,7807
20660006945000,196,102,94,7565.6
20660006946000,589,302,287,22146.4
20660006947000,504,239,265,18849.6
20660006952000,6,3,3,208.8
20660006953000,4,2,2,0
20660006957000,9,4,5,419.4
20660006958000,17,11,6,469.2
20660006963000,37,19,18,1831.5
20660006971000,4,2,2,0
20660006991000,14,9,5,410.2
20670006454000,1,1,0,0
20670006455000,15,9,6,733.5
20670006456000,11,5,6,651.2
20670006457000,22,12,10,932.8
20670006458000,8,4,4,340
20670006459000,23,14,9,929.2
20670006460000,8,2,6,402.4
20670006461000,4,3,1,0
20670006463000,14,7,7,425.6
20670006464000,7,3,4,270.2
20670006465000,1,1,0,0
20670006470000,7,4,3,277.2
20670006474000,2,1,1,0
20670006475000,7,3,4,338.1
20670006478000,2,1,1,0
20670006481000,9,5,4,269.1
20670006483000,13,7,6,388.7
20670006484000,7,3,4,322
20670006485000,9,6,3,406.8
20670006488000,4,2,2,0
20670006489000,15,10,5,663
20670006490000,20,10,10,636
20670006491000,16,11,5,464
20670006493000,9,4,5,291.6
20670006495000,19,9,10,615.6
20670006497000,6,3,3,300
20670006498000,7,4,3,226.1
20670006516000,7,5,2,224.7
20670006535000,3,2,1,0
20670006536000,31,13,18,1305.1
20670006537000,3,2,1,0
20670006575000,1,1,0,0
20670006597000,7,4,3,349.3
20670006604000,1,1,0,0
20670006626000,94,50,44,3149
20670006627000,1,1,0,0
20670006628000,7,2,5,224.7
20670006723000,38,20,18,2071
20670006724000,71,37,34,2911
20670006794000,4,2,2,0
20670006806000,2,1,1,0
20670006807000,31,15,16,1534.5
20670006863000,8,3,5,235.2
20670006865000,14,5,9,593.6
20670006866000,6,3,3,358.8
20670006867000,48,22,26,1699.2
20670006868000,25,16,9,1307.5
20670006870000,6,4,2,313.2
20670006872000,2,1,1,0
20670006873000,5,2,3,188
20670006885000,2,1,1,0
20670006886000,10,4,6,396
20670006888000,3,1,2,0
20670006891000,50,23,27,1665
20670006892000,43,26,17,1603.9
20670006904000,11,8,3,366.3
20670006905000,5,3,2,155
20670006922000,5,3,2,308
20670006934000,53,29,24,2130.6
20670006945000,9,5,4,506.7
20670006946000,109,58,51,4381.8
20670006947000,36,21,15,1522.8
20670006953000,31,18,13,1320.6
20670006954000,3,2,1,0
20670006957000,7,3,4,364.7
20670006960000,30,18,12,936
20670006961000,1,1,0,0
20670006962000,564,285,279,19345.2
20670006963000,251,124,127,9512.9
20670006967000,3,1,2,0
20670006968000,5,3,2,251
20670006971000,3,1,2,0
20670006974000,9,4,5,401.4
20670006975000,3,2,1,0
20670006991000,123,64,59,4907.7
20670006992000,10,5,5,473
20680006455000,4,2,2,0
20680006456000,6,3,3,346.8
20680006457000,34,16,18,1091.4
20680006458000,14,8,6,677.6
20680006462000,16,9,7,902.4
20680006463000,21,10,11,844.2
20680006465000,9,6,3,285.3
20680006471000,10,5,5,428
20680006475000,14,3,11,533.4
20680006477000,8,4,4,307.2
20680006478000,3,2,1,0
20680006479000,8,5,3,420
20680006480000,3,2,1,0
20680006482000,19,9,10,676.4
20680006483000,7,5,2,280
20680006485000,17,7,10,540.6
20680006486000,14,5,9,439.6
20680006487000,8,6,2,136.8
20680006488000,6,4,2,208.2
20680006494000,3,2,1,0
20680006495000,9,5,4,369.9
20680006498000,7,3,4,270.2
20680006499000,4,1,3,0
20680006500000,2,1,1,0
20680006519000,5,3,2,324
20680006536000,18,8,10,637.2
20680006537000,3,2,1,0
20680006575000,5,0,5,136
20680006612000,3,3,0,0
20680006613000,1,0,1,0
20680006616000,3,2,1,0
20680006617000,4,2,2,0
20680006626000,60,33,27,2184
20680006627000,139,79,60,5421
20680006733000,1,0,1,0
20680006805000,4,3,1,0
20680006806000,31,13,18,1249.3
20680006807000,17,10,7,518.5
20680006815000,3,2,1,0
20680006825000,8,3,5,220.8
20680006827000,6,2,4,304.2
20680006867000,5,3,2,198
20680006868000,7,5,2,373.1
20680006874000,37,17,20,1335.7
20680006882000,9,3,6,552.6
20680006883000,15,8,7,678
20680006884000,38,18,20,1573.2
20680006885000,16,10,6,724.8
20680006887000,15,9,6,900
20680006891000,30,16,14,1239
20680006892000,41,24,17,1861.4
20680006922000,5,5,0,316
20680006934000,114,54,60,4662.6
20680006945000,36,22,14,1317.6
20680006946000,90,50,40,3654
20680006947000,5,4,1,178
20680006953000,43,23,20,1689.9
20680006954000,71,37,34,3060.1
20680006957000,3,1,2,0
20680006960000,41,22,19,1492.4
20680006961000,39,19,20,1712.1
20680006962000,501,247,254,19138.2
20680006963000,232,118,114,8955.2
20680006967000,3,1,2,0
20680006968000,3,2,1,0
20680006971000,1,0,1,0
20680006974000,10,6,4,341
20680006975000,14,8,6,607.6
20680006992000,1,0,1,0
20690006457000,14,8,6,637
20690006458000,31,16,15,1339.2
20690006459000,25,13,12,1015
20690006460000,26,15,11,1110.2
20690006462000,1,1,0,0
20690006463000,6,3,3,385.2
20690006464000,13,8,5,640.9
20690006467000,3,2,1,0
20690006468000,5,3,2,290
20690006469000,1,0,1,0
20690006471000,9,5,4,336.6
20690006472000,2,1,1,0
20690006480000,6,4,2,277.8
20690006481000,208,113,95,6822.4
20690006482000,104,51,53,3858.4
20690006483000,5,4,1,122
20690006486000,18,7,11,457.2
20690006487000,1,1,0,0
20690006488000,7,3,4,296.8
20690006495000,7,2,5,196
20690006500000,6,3,3,199.8
20690006501000,7,3,4,268.8
20690006505000,2,2,0,0
20690006506000,4,2,2,0
20690006536000,25,12,13,807.5
20690006537000,5,4,1,200
20690006576000,3,2,1,0
20690006610000,2,2,0,0
20690006612000,5,2,3,326
20690006613000,4,2,2,0
20690006615000,2,1,1,0
20690006616000,1,1,0,0
20690006619000,8,4,4,340.8
20690006625000,3,1,2,0
20690006626000,158,80,78,5308.8
20690006627000,39,21,18,1696.5
20690006628000,1,1,0,0
20690006732000,5,4,1,199
20690006795000,2,1,1,0
20690006805000,2,1,1,0
20690006806000,29,16,13,1220.9
20690006807000,176,95,81,6740.8
20690006808000,2,2,0,0
20690006813000,23,16,7,940.7
20690006826000,33,18,15,1432.2
20690006874000,27,14,13,1120.5
20690006877000,12,6,6,476.4
20690006878000,20,10,10,788
20690006879000,34,16,18,1516.4
20690006880000,34,21,13,1360
20690006881000,39,20,19,1992.9
20690006882000,105,49,56,4620
20690006883000,180,88,92,8028
20690006884000,79,45,34,2614.9
20690006886000,21,12,9,884.1
20690006887000,95,52,43,4351
20690006891000,2,1,1,0
20690006892000,41,21,20,1619.5
20690006903000,21,14,7,930.3
20690006913000,10,3,7,350
20690006933000,1,1,0,0
20690006934000,39,22,17,1790.1
20690006935000,15,8,7,703.5
20690006946000,47,24,23,1677.9
20690006947000,12,7,5,574.8
20690006953000,4,3,1,0
20690006955000,9,5,4,214.2
20690006956000,29,18,11,1693.6
20690006957000,9,5,4,442.8
20690006958000,27,16,11,1069.2
20690006960000,341,178,163,10502.8
20690006961000,34,17,17,1421.2
20690006962000,15,6,9,493.5
20690006963000,69,39,30,2794.5
20690006964000,272,126,146,11777.6
20690006965000,8,3,5,363.2
20690006966000,6,3,3,162
20690006975000,26,12,14,1222
20690006976000,25,14,11,1205
20700006457000,4,2,2,0
20700006458000,147,83,64,6629.7
20700006459000,8,5,3,323.2
20700006460000,11,5,6,498.3
20700006462000,5,2,3,109
20700006463000,38,22,16,1185.6
20700006464000,7,4,3,214.2
20700006466000,3,2,1,0
20700006469000,7,5,2,275.8
20700006470000,2,1,1,0
20700006474000,4,2,2,0
20700006475000,4,3,1,0
20700006476000,4,3,1,0
20700006477000,11,7,4,304.7
20700006480000,17,9,8,589.9
20700006482000,31,16,15,1320.6
20700006483000,9,4,5,188.1
20700006484000,13,6,7,275.6
20700006485000,1,1,0,0
20700006486000,9,5,4,251.1
20700006487000,4,3,1,0
20700006488000,14,6,8,365.4
20700006490000,5,3,2,297
20700006494000,1,1,0,0
20700006504000,1,1,0,0
20700006529000,4,3,1,0
20700006530000,2,0,2,0
20700006543000,1,1,0,0
20700006575000,7,3,4,427.7
20700006576000,52,31,21,2381.6
20700006577000,5,3,2,141
20700006591000,9,4,5,426.6
20700006593000,24,15,9,998.4
20700006610000,1,1,0,0
20700006614000,15,8,7,630
20700006616000,1,1,0,0
20700006628000,1,0,1,0
20700006650000,2,1,1,0
20700006758000,2,1,1,0
20700006765000,7,1,6,289.1
20700006806000,3,2,1,0
20700006808000,26,12,14,1190.8
20700006812000,25,14,11,705
20700006813000,19,9,10,860.7
20700006821000,1,1,0,0
20700006825000,10,4,6,388
20700006826000,3,2,1,0
20700006876000,8,5,3,334.4
20700006877000,1,0,1,0
20700006884000,136,73,63,6228.8
20700006885000,38,21,17,1979.8
20700006887000,18,11,7,820.8
20700006892000,20,12,8,1020
20700006905000,3,1,2,0
20700006912000,15,7,8,637.5
20700006913000,8,5,3,367.2
20700006935000,80,39,41,3408
20700006953000,42,23,19,1852.2
20700006954000,3,2,1,0
20700006955000,134,64,70,5413.6
20700006958000,176,84,92,6036.8
20700006960000,19,10,9,674.5
20700006961000,14,6,8,555.8
20700006963000,11,5,6,529.1
20700006964000,401,213,188,15197.9
20700006965000,9,7,2,367.2
20700006966000,15,9,6,517.5
20700006969000,2,1,1,0
20700006970000,2,1,1,0
20700006975000,40,19,21,1804
20700006976000,24,11,13,852
20700006998000,15,5,10,850.5
20710006458000,17,8,9,715.7
20710006459000,21,14,7,1115.1
20710006460000,43,22,21,1621.1
20710006462000,1,1,0,0
20710006466000,6,4,2,184.8
20710006474000,26,11,15,1019.2
20710006476000,3,2,1,0
20710006478000,6,3,3,187.2
20710006479000,14,9,5,595
20710006482000,10,7,3,324
20710006483000,28,17,11,1159.2
20710006484000,17,8,9,620.5
20710006485000,15,8,7,559.5
20710006488000,3,1,2,0
20710006490000,2,2,0,0
20710006494000,10,5,5,420
20710006495000,8,4,4,287.2
20710006524000,3,3,0,0
20710006529000,7,3,4,149.1
20710006562000,17,7,10,863.6
20710006574000,5,2,3,144
20710006575000,13,7,6,483.6
20710006576000,17,7,10,916.3
20710006577000,16,8,8,718.4
20710006579000,1,0,1,0
20710006589000,2,1,1,0
20710006590000,3,2,1,0
20710006591000,12,6,6,554.4
20710006592000,26,14,12,1141.4
20710006593000,7,3,4,364.7
20710006610000,9,4,5,378.9
20710006614000,7,4,3,345.1
20710006618000,5,4,1,287
20710006619000,3,2,1,0
20710006620000,1,0,1,0
20710006650000,4,2,2,0
20710006759000,5,3,2,193
20710006765000,6,4,2,216
20710006767000,3,2,1,0
20710006772000,31,19,12,1094.3
20710006809000,29,13,16,1331.1
20710006810000,37,22,15,1635.4
20710006811000,52,20,32,2002
20710006812000,10,4,6,320
20710006817000,5,2,3,327
20710006818000,4,3,1,0
20710006819000,7,2,5,384.3
20710006820000,15,8,7,675
20710006821000,3,1,2,0
20710006825000,7,4,3,307.3
20710006886000,4,1,3,0
20710006887000,62,35,27,2232
20710006892000,1,1,0,0
20710006905000,5,4,1,178
20710006906000,18,9,9,739.8
20710006907000,9,4,5,350.1
20710006908000,2,1,1,0
20710006935000,10,7,3,440
20710006936000,11,4,7,429
20710006954000,54,29,25,1868.4
20710006955000,436,225,211,14518.8
20710006958000,204,104,100,6936
20710006960000,7,4,3,508.9
20710006961000,37,20,17,1546.6
20710006962000,8,5,3,375.2
20710006963000,3,2,1,0
20710006964000,74,35,39,2523.4
20710006968000,39,17,22,1786.2
20710006969000,88,43,45,2851.2
20710006970000,2,1,1,0
20710006975000,38,20,18,1501
20710006993000,16,8,8,1048
20720006459000,37,19,18,1642.8
20720006460000,54,26,28,1954.8
20720006462000,81,38,43,3564
20720006464000,7,2,5,216.3
20720006467000,1,0,1,0
20720006468000,10,7,3,460
20720006469000,3,2,1,0
20720006473000,5,2,3,76
20720006474000,27,14,13,1231.2
20720006478000,6,3,3,238.2
20720006485000,5,4,1,151
20720006486000,11,6,5,421.3
20720006487000,12,6,6,381.6
20720006488000,1,0,1,0
20720006489000,4,2,2,0
20720006490000,4,2,2,0
20720006491000,5,2,3,295
20720006492000,1,1,0,0
20720006521000,2,1,1,0
20720006522000,5,3,2,91
20720006561000,2,1,1,0
20720006562000,2,1,1,0
20720006568000,3,1,2,0
20720006573000,49,24,25,1881.6
20720006574000,47,22,25,1856.5
20720006575000,28,15,13,1215.2
20720006576000,39,19,20,2012.4
20720006577000,3,1,2,0
20720006578000,5,2,3,131
20720006579000,9,7,2,420.3
20720006585000,5,4,1,307
20720006589000,8,5,3,256
20720006592000,4,2,2,0
20720006593000,8,4,4,396.8
20720006650000,3,2,1,0
20720006732000,4,3,1,0
20720006767000,8,4,4,388.8
20720006768000,2,0,2,0
20720006770000,43,21,22,1849
20720006771000,34,16,18,1332.8
20720006772000,163,70,93,6438.5
20720006773000,59,30,29,2495.7
20720006782000,13,6,7,643.5
20720006783000,42,19,23,2045.4
20720006810000,20,11,9,914
20720006811000,14,8,6,698.6
20720006815000,22,12,10,778.8
20720006816000,6,2,4,175.8
20720006817000,44,24,20,1311.2
20720006818000,9,4,5,374.4
20720006819000,12,7,5,483.6
20720006820000,10,7,3,430
20720006821000,2,2,0,0
20720006822000,14,7,7,442.4
20720006824000,14,10,4,470.4
20720006885000,67,35,32,2211
20720006886000,287,166,121,11221.7
20720006887000,11,6,5,297
20720006892000,33,19,14,1376.1
20720006893000,30,15,15,1275
20720006909000,16,8,8,908.8
20720006936000,17,12,5,688.5
20720006948000,13,6,7,482.3
20720006949000,5,1,4,193
20720006955000,45,24,21,1354.5
20720006956000,10,8,2,380
20720006957000,229,114,115,8129.5
20720006958000,665,314,351,28994
20720006960000,6,3,3,172.8
20720006961000,59,33,26,2590.1
20720006962000,33,16,17,1244.1
20720006964000,5,4,1,157
20720006970000,4,4,0,0
20720006971000,4,1,3,0
20720006976000,20,12,8,758
20720006977000,21,9,12,701.4
20720006978000,41,23,18,1619.5
20720006979000,24,15,9,984
20720006992000,1,1,0,0
20720006993000,17,7,10,1006.4
20730006459000,146,73,73,5533.4
20730006460000,153,77,76,5079.6
20730006462000,262,131,131,9458.2
20730006463000,666,350,316,19114.2
20730006464000,35,15,20,1305.5
20730006465000,21,8,13,808.5
20730006468000,2,1,1,0
20730006471000,2,1,1,0
20730006473000,5,3,2,275
20730006476000,11,5,6,324.5
20730006477000,3,2,1,0
20730006481000,26,15,11,819
20730006482000,18,8,10,822.6
20730006484000,3,1,2,0
20730006487000,4,0,4,0
20730006491000,2,1,1,0
20730006492000,22,12,10,952.6
20730006493000,11,6,5,547.8
20730006511000,2,1,1,0
20730006512000,4,2,2,0
20730006560000,2,1,1,0
20730006567000,9,5,4,505.8
20730006568000,3,0,3,0
20730006569000,3,2,1,0
20730006573000,80,42,38,3856
20730006574000,39,24,15,1747.2
20730006575000,8,4,4,176
20730006579000,11,5,6,444.4
20730006581000,4,3,1,0
20730006582000,1,1,0,0
20730006583000,11,8,3,320.1
20730006584000,13,7,6,436.8
20730006585000,32,19,13,1331.2
20730006586000,4,4,0,0
20730006587000,8,5,3,483.2
20730006635000,3,1,2,0
20730006650000,2,1,1,0
20730006723000,2,0,2,0
20730006770000,19,10,9,737.2
20730006773000,19,9,10,701.1
20730006782000,1,1,0,0
20730006783000,14,9,5,673.4
20730006799000,2,1,1,0
20730006809000,1,1,0,0
20730006810000,1,1,0,0
20730006811000,16,11,5,766.4
20730006812000,14,8,6,414.4
20730006814000,14,8,6,676.2
20730006815000,66,37,29,2369.4
20730006816000,36,23,13,1472.4
20730006817000,54,26,28,2025
20730006818000,37,17,20,1291.3
20730006819000,10,5,5,331
20730006845000,1,1,0,0
20730006885000,41,21,20,2009
20730006886000,25,13,12,1072.5
20730006892000,8,6,2,316.8
20730006893000,30,18,12,1155
20730006909000,19,11,8,720.1
20730006949000,13,5,8,422.5
20730006954000,29,14,15,1322.4
20730006955000,4,2,2,0
20730006956000,11,9,2,489.5
20730006957000,667,331,336,24078.7
20730006958000,106,57,49,3879.6
20730006960000,5,1,4,148
20730006961000,45,28,17,1665
20730006962000,12,8,4,642
20730006968000,26,11,15,1151.8
20730006969000,24,12,12,1152
20730006970000,14,7,7,796.6
20730006971000,29,16,13,1513.8
20730006975000,28,15,13,1114.4
20730006976000,60,30,30,2268
20730006979000,11,5,6,466.4
20730006981000,2,2,0,0
20740006457000,6,4,2,190.8
20740006458000,2,1,1,0
20740006459000,98,52,46,3675
20740006460000,219,114,105,7073.7
20740006461000,251,126,125,8559.1
20740006462000,247,129,118,10176.4
20740006463000,436,221,215,11423.2
20740006467000,1,0,1,0
20740006469000,2,2,0,0
20740006470000,5,3,2,348
20740006471000,2,1,1,0
20740006476000,6,2,4,102
20740006477000,2,1,1,0
20740006480000,5,2,3,296
20740006481000,16,8,8,473.6
20740006482000,18,8,10,635.4
20740006484000,33,15,18,778.8
20740006485000,2,1,1,0
20740006487000,8,4,4,340.8
20740006506000,3,1,2,0
20740006511000,25,13,12,940
20740006518000,30,15,15,954
20740006519000,1,1,0,0
20740006561000,8,5,3,260.8
20740006570000,14,5,9,515.2
20740006571000,39,23,16,1595.1
20740006585000,9,3,6,385.2
20740006586000,60,31,29,2610
20740006587000,204,98,106,8772
20740006588000,30,11,19,1212
20740006589000,4,3,1,0
20740006590000,19,12,7,1138.1
20740006635000,7,2,5,487.9
20740006649000,1,0,1,0
20740006650000,11,4,7,278.3
20740006723000,8,6,2,424
20740006724000,1,1,0,0
20740006774000,27,12,15,1476.9
20740006775000,2,1,1,0
20740006811000,3,2,1,0
20740006812000,3,1,2,0
20740006813000,7,4,3,226.1
20740006814000,119,56,63,5200.3
20740006815000,6,3,3,301.8
20740006843000,11,5,6,464.2
20740006844000,20,13,7,720
20740006884000,34,24,10,1040.4
20740006885000,23,12,11,920
20740006893000,30,18,12,1149
20740006894000,2,0,2,0
20740006910000,5,2,3,94
20740006916000,1,1,0,0
20740006949000,40,19,21,1840
20740006955000,2,1,1,0
20740006956000,21,10,11,831.6
20740006957000,529,267,262,19784.6
20740006959000,29,15,14,1389.1
20740006960000,10,3,7,439
20740006961000,43,20,23,1470.6
20740006976000,262,129,133,12523.6
20740006977000,298,144,154,12188.2
20740006978000,41,24,17,1078.3
20740006981000,12,7,5,676.8
20740006989000,1,0,1,0
20750006459000,26,11,15,1154.4
20750006460000,238,121,117,9710.4
20750006461000,805,426,379,30509.5
20750006462000,111,47,64,6038.4
20750006474000,5,3,2,313
20750006475000,5,3,2,233
20750006476000,1,0,1,0
20750006477000,25,11,14,955
20750006478000,21,10,11,884.1
20750006479000,35,15,20,1543.5
20750006480000,2,1,1,0
20750006482000,8,4,4,195.2
20750006485000,3,1,2,0
20750006486000,22,8,14,732.6
20750006487000,16,10,6,496
20750006494000,106,52,54,5056.2
20750006495000,1,1,0,0
20750006506000,14,7,7,568.4
20750006507000,3,1,2,0
20750006508000,5,4,1,135
20750006512000,2,1,1,0
20750006561000,20,10,10,1080
20750006588000,26,12,14,1045.2
20750006589000,54,30,24,2327.4
20750006590000,50,24,26,1935
20750006635000,8,5,3,327.2
20750006645000,1,1,0,0
20750006646000,2,1,1,0
20750006649000,2,1,1,0
20750006650000,6,2,4,250.2
20750006721000,3,2,1,0
20750006722000,8,4,4,400.8
20750006723000,7,4,3,406
20750006724000,7,4,3,273
20750006774000,5,3,2,205
20750006776000,40,24,16,1844
20750006777000,7,4,3,329
20750006799000,3,2,1,0
20750006813000,166,97,69,5129.4
20750006814000,970,491,479,31816
20750006842000,4,2,2,0
20750006843000,16,9,7,616
20750006884000,18,10,8,655.2
20750006892000,4,2,2,0
20750006893000,11,4,7,422.4
20750006894000,1,1,0,0
20750006910000,184,96,88,7930.4
20750006911000,10,3,7,428
20750006949000,7,5,2,380.1
20750006954000,37,22,15,1339.4
20750006956000,18,8,10,682.2
20750006957000,3,1,2,0
20750006959000,22,12,10,1025.2
20750006960000,4,3,1,0
20750006961000,2,1,1,0
20750006964000,25,14,11,910
20750006978000,37,21,16,1705.7
20750006979000,68,35,33,2658.8
20750006980000,65,32,33,1599
20750006988000,1,1,0,0
20750006989000,10,4,6,351
20760006459000,193,100,93,7237.5
20760006460000,1438,701,737,58958
20760006461000,492,246,246,21844.8
20760006462000,269,116,153,15655.8
20760006469000,4,2,2,0
20760006473000,32,15,17,1331.2
20760006474000,26,14,12,1016.6
20760006479000,17,7,10,486.2
20760006480000,2,1,1,0
20760006483000,12,6,6,296.4
20760006485000,34,20,14,1312.4
20760006492000,13,6,7,539.5
20760006493000,57,30,27,2143.2
20760006494000,238,105,133,9044
20760006495000,20,11,9,1124
20760006499000,2,1,1,0
20760006500000,8,4,4,298.4
20760006506000,2,1,1,0
20760006507000,2,1,1,0
20760006509000,5,3,2,188
20760006510000,1,1,0,0
20760006516000,6,4,2,211.8
20760006517000,17,9,8,695.3
20760006589000,5,2,3,354
20760006722000,2,1,1,0
20760006777000,136,64,72,6011.2
20760006813000,898,461,437,32238.2
20760006814000,1499,743,756,62058.6
20760006815000,38,19,19,1299.6
20760006841000,22,9,13,926.2
20760006842000,31,17,14,1754.6
20760006892000,26,12,14,936
20760006894000,1,1,0,0
20760006909000,2,1,1,0
20760006910000,64,32,32,3782.4
20760006946000,15,10,5,601.5
20760006947000,42,25,17,1814.4
20760006948000,40,23,17,1772
20760006949000,18,10,8,698.4
20760006954000,53,28,25,2337.3
20760006959000,3,2,1,0
20760006961000,6,4,2,358.8
20760006964000,9,5,4,348.3
20760006973000,21,11,10,850.5
20760006976000,6,3,3,399
20760006979000,121,62,59,4573.8
20760006980000,20,8,12,922
20760006983000,18,9,9,592.2
20770006457000,14,8,6,901.6
20770006459000,540,278,262,19926
20770006460000,935,444,491,37026
20770006461000,353,173,180,13731.7
20770006462000,394,183,211,18202.8
20770006463000,17,7,10,663
20770006468000,13,6,7,483.6
20770006470000,18,12,6,531
20770006471000,110,54,56,4411
20770006472000,81,41,40,3045.6
20770006473000,27,14,13,996.3
20770006475000,21,12,9,743.4
20770006479000,3,2,1,0
20770006480000,2,1,1,0
20770006481000,5,2,3,92
20770006483000,9,3,6,479.7
20770006484000,22,12,10,697.4
20770006485000,2,1,1,0
20770006486000,18,9,9,579.6
20770006487000,1,1,0,0
20770006488000,7,3,4,396.2
20770006489000,5,1,4,136
20770006493000,5,2,3,88
20770006496000,39,17,22,1587.3
20770006497000,55,27,28,2211
20770006507000,3,2,1,0
20770006509000,11,6,5,349.8
20770006515000,3,2,1,0
20770006516000,4,2,2,0
20770006637000,1,1,0,0
20770006645000,6,2,4,220.8
20770006776000,24,13,11,840
20770006777000,279,133,146,10741.5
20770006778000,232,120,112,9419.2
20770006779000,186,92,94,8314.2
20770006780000,2,1,1,0
20770006782000,13,6,7,565.5
20770006811000,252,126,126,8845.2
20770006812000,170,93,77,6103
20770006813000,40,18,22,1680
20770006814000,410,196,214,16400
20770006815000,27,14,13,1274.4
20770006816000,31,16,15,1416.7
20770006840000,5,2,3,131
20770006892000,4,3,1,0
20770006893000,9,5,4,467.1
20770006894000,8,4,4,315.2
20770006908000,8,5,3,284.8
20770006909000,4,3,1,0
20770006930000,9,4,5,491.4
20770006933000,1,0,1,0
20770006940000,4,2,2,0
20770006948000,2,2,0,0
20770006952000,5,3,2,300
20770006954000,163,88,75,5900.6
20770006973000,21,10,11,989.1
20770006976000,16,10,6,702.4
20770006980000,39,17,22,1996.8
20770006981000,84,46,38,3477.6
20770006982000,51,25,26,2335.8
20770006983000,42,24,18,1730.4
20780006457000,7,4,3,480.2
20780006459000,91,43,48,2993.9
20780006460000,823,428,395,30286.4
20780006461000,54,30,24,2187
20780006462000,2,1,1,0
20780006463000,23,10,13,837.2
20780006464000,24,12,12,1022.4
20780006467000,342,172,170,13919.4
20780006468000,891,394,497,44817.3
20780006469000,188,98,90,6655.2
20780006470000,683,346,337,24997.8
20780006471000,3,2,1,0
20780006473000,8,6,2,331.2
20780006475000,1,1,0,0
20780006477000,15,9,6,514.5
20780006479000,1,1,0,0
20780006480000,9,4,5,448.2
20780006481000,8,2,6,378.4
20780006483000,13,7,6,521.3
20780006484000,29,15,14,1232.5
20780006485000,16,10,6,668.8
20780006486000,13,8,5,479.7
20780006487000,1,0,1,0
20780006489000,4,1,3,0
20780006491000,3,1,2,0
20780006492000,1,0,1,0
20780006497000,26,15,11,1053
20780006508000,12,4,8,379.2
20780006511000,2,1,1,0
20780006512000,33,16,17,1511.4
20780006514000,2,1,1,0
20780006515000,27,12,15,1225.8
20780006558000,4,2,2,0
20780006559000,7,4,3,312.9
20780006561000,4,1,3,0
20780006721000,3,1,2,0
20780006775000,13,6,7,466.7
20780006776000,34,18,16,1744.2
20780006779000,7,4,3,431.9
20780006801000,2,1,1,0
20780006811000,367,180,187,10422.8
20780006812000,30,18,12,906
20780006814000,11,5,6,633.6
20780006815000,84,38,46,3259.2
20780006816000,64,38,26,2604.8
20780006823000,2,1,1,0
20780006880000,19,10,9,716.3
20780006893000,6,3,3,289.2
20780006894000,13,7,6,481
20780006902000,3,2,1,0
20780006913000,3,2,1,0
20780006930000,50,28,22,1680
20780006931000,20,9,11,1076
20780006933000,2,1,1,0
20780006952000,6,2,4,387
20780006953000,37,24,13,1768.6
20780006954000,455,239,216,18336.5
20780006955000,74,43,31,3108
20780006956000,20,9,11,924
20780006973000,52,30,22,2366
20780006974000,3,2,1,0
20780006979000,2,1,1,0
20780006980000,98,56,42,4576.6
20780006981000,11,5,6,447.7
20780006982000,27,19,8,896.4
20790006458000,44,20,24,2178
20790006459000,877,444,433,31835.1
20790006460000,32,17,15,1305.6
20790006461000,10,5,5,207
20790006464000,513,269,244,20007
20790006465000,102,54,48,3845.4
20790006466000,309,155,154,10506
20790006467000,252,123,129,8416.8
20790006468000,21,14,7,1079.4
20790006469000,544,284,260,18441.6
20790006470000,150,80,70,4590
20790006471000,4,1,3,0
20790006473000,22,13,9,495
20790006474000,11,4,7,409.2
20790006475000,7,4,3,427.7
20790006478000,6,4,2,286.8
20790006479000,27,13,14,996.3
20790006480000,245,128,117,8648.5
20790006481000,92,50,42,2990
20790006484000,11,7,4,335.5
20790006485000,28,17,11,1078
20790006487000,5,1,4,334
20790006488000,8,5,3,324
20790006489000,4,2,2,0
20790006490000,6,4,2,301.8
20790006491000,4,2,2,0
20790006495000,5,2,3,143
20790006499000,16,8,8,409.6
20790006500000,2,1,1,0
20790006503000,8,5,3,296
20790006504000,14,8,6,502.6
20790006505000,14,7,7,701.4
20790006506000,66,32,34,1867.8
20790006507000,60,29,31,2706
20790006508000,17,10,7,795.6
20790006509000,7,3,4,217.7
20790006511000,7,4,3,333.9
20790006512000,40,22,18,1336
20790006513000,282,156,126,8967.6
20790006514000,114,58,56,5038.8
20790006515000,21,14,7,636.3
20790006548000,14,9,5,449.4
20790006549000,8,5,3,375.2
20790006557000,17,12,5,731
20790006558000,13,8,5,786.5
20790006559000,4,2,2,0
20790006560000,12,7,5,436.8
20790006561000,7,4,3,275.8
20790006645000,2,1,1,0
20790006774000,25,9,16,1317.5
20790006775000,35,20,15,1918
20790006777000,6,4,2,232.2
20790006778000,6,3,3,156
20790006810000,1,0,1,0
20790006811000,12,5,7,456
20790006815000,1,1,0,0
20790006817000,32,16,16,1664
20790006822000,2,1,1,0
20790006837000,2,1,1,0
20790006877000,15,8,7,543
20790006893000,4,2,2,0
20790006904000,10,7,3,461
20790006905000,10,5,5,412
20790006906000,39,18,21,1388.4
20790006907000,11,5,6,587.4
20790006908000,8,4,4,287.2
20790006913000,5,3,2,281
20790006925000,11,6,5,445.5
20790006926000,2,1,1,0
20790006927000,2,1,1,0
20790006928000,45,24,21,1863
20790006929000,48,25,23,2011.2
20790006930000,55,27,28,2398
20790006931000,10,5,5,401
20790006932000,21,11,10,1058.4
20790006933000,1,1,0,0
20790006940000,2,1,1,0
20790006952000,64,36,28,3264
20790006953000,44,23,21,1465.2
20790006954000,389,194,195,18633.1
20790006955000,170,87,83,6970
20790006956000,17,9,8,892.5
20790006957000,3,2,1,0
20790006973000,37,19,18,1983.2
20790006977000,63,36,27,2475.9
20790006979000,1,0,1,0
20790006981000,9,5,4,368.1
20800006458000,1,1,0,0
20800006459000,70,36,34,3388
20800006465000,193,99,94,5886.5
20800006466000,26,14,12,930.8
20800006467000,66,35,31,2323.2
20800006468000,1,1,0,0
20800006469000,188,107,81,7031.2
20800006470000,621,320,301,18071.1
20800006471000,15,8,7,588
20800006476000,1,1,0,0
20800006479000,32,21,11,1424
20800006480000,155,81,74,4200.5
20800006481000,136,62,74,3508.8
20800006482000,25,12,13,1045
20800006483000,69,37,32,2580.6
20800006484000,102,54,48,3631.2
20800006485000,9,3,6,453.6
20800006488000,3,2,1,0
20800006503000,2,1,1,0
20800006504000,13,7,6,427.7
20800006509000,9,6,3,358.2
20800006510000,7,4,3,352.8
20800006513000,68,46,22,2577.2
20800006514000,123,62,61,5387.4
20800006515000,38,21,17,1531.4
20800006516000,11,7,4,643.5
20800006553000,7,4,3,350
20800006556000,4,3,1,0
20800006773000,29,15,14,1319.5
20800006774000,20,8,12,634
20800006810000,62,33,29,2802.4
20800006811000,2,1,1,0
20800006817000,41,19,22,1644.1
20800006818000,19,8,11,923.4
20800006819000,7,4,3,335.3
20800006820000,1,1,0,0
20800006822000,38,22,16,1736.6
20800006891000,3,2,1,0
20800006892000,3,2,1,0
20800006904000,27,13,14,1198.8
20800006920000,8,5,3,315.2
20800006921000,1,1,0,0
20800006923000,6,2,4,267
20800006924000,3,1,2,0
20800006925000,28,18,10,1355.2
20800006926000,4,2,2,0
20800006927000,16,7,9,857.6
20800006928000,23,7,16,989
20800006932000,21,11,10,1285.2
20800006933000,51,30,21,2131.8
20800006934000,224,115,109,9251.2
20800006940000,9,5,4,255.6
20800006952000,114,63,51,4400.4
20800006953000,27,12,15,1182.6
20800006954000,175,91,84,6580
20800006955000,11,6,5,300.3
20800006973000,6,4,2,433.2
20800006977000,33,17,16,1362.9
20800006982000,3,2,1,0
20810006458000,1,1,0,0
20810006459000,2,1,1,0
20810006466000,71,35,36,2641.2
20810006467000,15,9,6,439.5
20810006468000,3,2,1,0
20810006470000,31,15,16,945.5
20810006471000,23,10,13,867.1
20810006473000,4,2,2,0
20810006476000,5,3,2,203
20810006478000,8,3,5,504.8
20810006479000,22,13,9,1238.6
20810006483000,236,124,112,8330.8
20810006484000,215,107,108,7116.5
20810006493000,1,1,0,0
20810006497000,15,7,8,603
20810006501000,4,2,2,0
20810006512000,15,10,5,498
20810006515000,26,12,14,1216.8
20810006516000,249,124,125,10184.1
20810006517000,27,18,9,872.1
20810006522000,14,10,4,558.6
20810006525000,8,5,3,328
20810006527000,9,3,6,415.8
20810006550000,8,4,4,554.4
20810006551000,3,1,2,0
20810006645000,55,33,22,1864.5
20810006646000,3,2,1,0
20810006808000,6,5,1,106.8
20810006810000,44,20,24,1746.8
20810006822000,111,56,55,5083.8
20810006823000,42,22,20,1919.4
20810006890000,10,5,5,391
20810006891000,23,15,8,814.2
20810006933000,5,3,2,275
20810006934000,664,340,324,26228
20810006935000,308,177,131,12289.2
20810006951000,41,23,18,1726.1
20810006952000,37,18,19,1531.8
20810006953000,14,7,7,404.6
20810006954000,64,28,36,2528
20810006968000,32,15,17,1203.2
20810006969000,9,6,3,421.2
20810006971000,2,1,1,0
20810006972000,14,9,5,621.6
20810006977000,14,9,5,540.4
20810006982000,7,4,3,324.1
20810006995000,13,6,7,798.2
20820006459000,43,19,24,1560.9
20820006460000,4,2,2,0
20820006466000,23,8,15,901.6
20820006473000,26,12,14,1019.2
20820006474000,3,1,2,0
20820006476000,4,1,3,0
20820006477000,8,5,3,424
20820006478000,11,5,6,464.2
20820006482000,39,23,16,1404
20820006483000,39,23,16,1563.9
20820006484000,7,3,4,224
20820006486000,1,1,0,0
20820006487000,12,5,7,382.8
20820006495000,3,2,1,0
20820006496000,1,1,0,0
20820006497000,4,2,2,0
20820006515000,13,6,7,618.8
20820006516000,968,457,511,41720.8
20820006517000,102,55,47,3580.2
20820006518000,10,5,5,338
20820006519000,8,7,1,228
20820006521000,8,4,4,398.4
20820006523000,2,1,1,0
20820006524000,8,3,5,356
20820006525000,44,19,25,2037.2
20820006533000,4,3,1,0
20820006534000,2,1,1,0
20820006547000,1,1,0,0
20820006553000,39,20,19,1630.2
20820006554000,3,2,1,0
20820006645000,81,38,43,4041.9
20820006646000,10,3,7,664
20820006807000,32,13,19,1382.4
20820006808000,520,246,274,19968
20820006809000,379,197,182,13947.2
20820006810000,100,53,47,3380
20820006811000,2,1,1,0
20820006820000,57,32,25,1504.8
20820006821000,212,101,111,5702.8
20820006822000,104,51,53,4347.2
20820006823000,90,44,46,3852
20820006889000,15,8,7,505.5
20820006890000,11,6,5,304.7
20820006893000,8,3,5,252
20820006894000,64,32,32,2188.8
20820006902000,2,1,1,0
20820006903000,12,7,5,462
20820006904000,17,7,10,707.2
20820006933000,125,65,60,4800
20820006934000,634,303,331,28276.4
20820006935000,160,79,81,7056
20820006950000,33,21,12,1557.6
20820006951000,33,17,16,1118.7
20820006968000,21,14,7,728.7
20820006969000,203,106,97,8526
20820006970000,27,15,12,1252.8
20820006977000,15,7,8,792
20820006990000,9,4,5,379.8
20820006991000,7,3,4,226.1
20820006994000,11,5,6,631.4
20830006459000,2,1,1,0
20830006460000,4,2,2,0
20830006461000,6,4,2,289.8
20830006464000,42,20,22,1507.8
20830006466000,479,262,217,16286
20830006467000,688,357,331,22704
20830006471000,2,0,2,0
20830006473000,23,12,11,745.2
20830006474000,76,43,33,2872.8
20830006475000,164,87,77,5822
20830006482000,4,2,2,0
20830006485000,14,8,6,565.6
20830006486000,1,0,1,0
20830006487000,16,11,5,576
20830006488000,35,18,17,1295
20830006492000,3,2,1,0
20830006496000,7,3,4,137.9
20830006501000,4,2,2,0
20830006504000,3,1,2,0
20830006505000,9,3,6,218.7
20830006507000,5,3,2,171
20830006508000,3,2,1,0
20830006509000,3,2,1,0
20830006512000,9,5,4,271.8
20830006513000,5,3,2,254
20830006514000,7,3,4,473.2
20830006516000,262,134,128,10532.4
20830006517000,273,129,144,10701.6
20830006518000,12,8,4,457.2
20830006521000,26,15,11,910
20830006523000,4,2,2,0
20830006524000,9,4,5,368.1
20830006525000,361,185,176,14981.5
20830006526000,2,2,0,0
20830006527000,3,2,1,0
20830006543000,1,1,0,0
20830006544000,3,1,2,0
20830006554000,5,3,2,346
20830006555000,1,1,0,0
20830006644000,7,4,3,329
20830006645000,88,47,41,3625.6
20830006646000,108,59,49,3898.8
20830006773000,14,7,7,611.8
20830006807000,16,13,3,881.6
20830006808000,153,75,78,5798.7
20830006809000,37,19,18,1579.9
20830006810000,81,45,36,3191.4
20830006821000,217,112,105,7616.7
20830006822000,135,65,70,6601.5
20830006823000,156,81,75,6349.2
20830006824000,25,14,11,1150
20830006889000,48,23,25,2198.4
20830006902000,6,3,3,330
20830006931000,3,2,1,0
20830006932000,137,70,67,6452.7
20830006933000,249,135,114,10283.7
20830006934000,442,226,216,19094.4
20830006935000,98,47,51,3949.4
20830006950000,9,7,2,595.8
20830006951000,71,39,32,3195
20830006968000,30,18,12,1425
20830006969000,18,8,10,860.4
20830006977000,20,10,10,1092
20830006982000,21,11,10,1024.8
20830006983000,2,1,1,0
20830006990000,63,29,34,2431.8
20830006991000,201,103,98,8622.9
20830006993000,30,15,15,1569
20840006461000,217,104,113,9027.2
20840006462000,951,472,479,36423.3
20840006463000,1607,832,775,54798.7
20840006464000,2176,1042,1134,87040
20840006465000,1882,954,928,67375.6
20840006466000,1177,608,569,42254.3
20840006467000,1031,509,522,33095.1
20840006470000,1,0,1,0
20840006471000,526,251,275,22197.2
20840006472000,114,65,49,3910.2
20840006473000,339,182,157,12305.7
20840006474000,491,254,237,19247.2
20840006475000,670,356,314,23584
20840006488000,43,20,23,1410.4
20840006489000,13,5,8,509.6
20840006492000,7,4,3,319.9
20840006493000,9,4,5,308.7
20840006501000,2,1,1,0
20840006508000,2,2,0,0
20840006513000,6,4,2,259.8
20840006514000,3,3,0,0
20840006515000,9,6,3,506.7
20840006517000,68,35,33,2312
20840006524000,9,4,5,398.7
20840006525000,3,1,2,0
20840006528000,10,5,5,423
20840006529000,43,27,16,1909.2
20840006530000,1,1,0,0
20840006531000,2,1,1,0
20840006535000,1,1,0,0
20840006538000,5,2,3,138
20840006542000,118,56,62,5463.4
20840006543000,63,30,33,2709
20840006544000,33,18,15,1313.4
20840006555000,7,4,3,328.3
20840006645000,110,56,54,4587
20840006773000,72,40,32,3254.4
20840006806000,12,8,4,439.2
20840006807000,78,44,34,3502.2
20840006820000,21,12,9,816.9
20840006821000,90,43,47,3663
20840006822000,114,63,51,4571.4
20840006823000,96,47,49,3590.4
20840006824000,6,2,4,136.2
20840006825000,2,1,1,0
20840006887000,2,1,1,0
20840006888000,18,8,10,901.8
20840006931000,54,32,22,2964.6
20840006932000,4,2,2,0
20840006946000,20,10,10,778
20840006947000,22,9,13,1075.8
20840006950000,2,1,1,0
20840006951000,37,18,19,1727.9
20840006958000,4,2,2,0
20840006964000,12,6,6,710.4
20840006967000,36,21,15,1458
20840006968000,9,5,4,432
20840006977000,4,3,1,0
20840006982000,20,11,9,894
20840006983000,2,1,1,0
20840006989000,15,9,6,820.5
20840006990000,53,27,26,2448.6
20840006991000,63,28,35,2658.6
20840006992000,60,35,25,1890
20840006993000,4,2,2,0
20850006460000,1,1,0,0
20850006461000,1096,540,556,42305.6
20850006462000,1936,983,953,72987.2
20850006463000,1810,954,856,67875
20850006464000,2712,1264,1448,121768.8
20850006465000,2210,1102,1108,84422
20850006466000,2063,1020,1043,84583
20850006467000,1133,552,581,42034.3
20850006468000,151,67,84,5375.6
20850006469000,13,6,7,497.9
20850006471000,657,330,327,22469.4
20850006472000,153,79,74,5263.2
20850006473000,53,27,26,2491
20850006474000,94,48,46,3534.4
20850006475000,730,379,351,26572
20850006476000,291,158,133,10272.3
20850006477000,49,24,25,1940.4
20850006488000,60,30,30,2700
20850006489000,43,18,25,1143.8
20850006490000,9,3,6,261
20850006493000,37,23,14,1457.8
20850006494000,31,14,17,1131.5
20850006495000,10,5,5,310
20850006498000,2,1,1,0
20850006501000,43,23,20,1591
20850006502000,7,4,3,336
20850006503000,5,2,3,183
20850006504000,4,2,2,0
20850006505000,1,1,0,0
20850006513000,9,5,4,365.4
20850006514000,29,15,14,1209.3
20850006515000,41,21,20,1471.9
20850006517000,6,4,2,289.2
20850006518000,8,4,4,372
20850006528000,5,3,2,219
20850006529000,34,15,19,1536.8
20850006539000,26,13,13,1146.6
20850006540000,6,4,2,226.8
20850006543000,61,27,34,1970.3
20850006555000,2,1,1,0
20850006644000,3,2,1,0
20850006645000,25,11,14,902.5
20850006743000,1,1,0,0
20850006775000,3,1,2,0
20850006806000,1,1,0,0
20850006807000,15,6,9,775.5
20850006820000,38,16,22,1774.6
20850006821000,51,22,29,2187.9
20850006822000,3,1,2,0
20850006825000,13,6,7,834.6
20850006826000,6,4,2,202.2
20850006840000,16,9,7,820.8
20850006859000,6,2,4,277.2
20850006886000,11,8,3,449.9
20850006887000,22,13,9,1102.2
20850006888000,1,1,0,0
20850006890000,10,6,4,430
20850006929000,5,3,2,280
20850006931000,1,1,0,0
20850006942000,29,14,15,1345.6
20850006946000,8,5,3,366.4
20850006947000,29,14,15,1122.3
20850006950000,3,2,1,0
20850006964000,78,46,32,3447.6
20850006965000,57,40,17,2519.4
20850006967000,8,3,5,295.2
20850006977000,11,4,7,399.3
20850006978000,8,5,3,336.8
20850006982000,4,1,3,0
20850006987000,2,1,1,0
20850006988000,21,9,12,1060.5
20850006989000,6,4,2,169.2
20850006990000,19,10,9,1073.5
20850006991000,8,6,2,294.4
20850006992000,4,2,2,0
20850006993000,11,8,3,429
20850006994000,35,19,16,1550.5
20860006457000,7,5,2,301
20860006458000,548,274,274,18138.8
20860006459000,8,5,3,182.4
20860006460000,23,11,12,929.2
20860006461000,594,296,298,25601.4
20860006462000,1482,725,757,61206.6
20860006463000,219,123,96,8409.6
20860006464000,518,270,248,23620.8
20860006465000,540,285,255,20142
20860006466000,2068,976,1092,83133.6
20860006467000,1342,690,652,51667
20860006470000,4,3,1,0
20860006471000,19,10,9,716.3
20860006476000,30,17,13,1044
20860006477000,487,258,229,19187.8
20860006478000,217,119,98,8484.7
20860006479000,370,189,181,10027
20860006480000,48,21,27,1910.4
20860006492000,5,2,3,326
20860006493000,2,0,2,0
20860006494000,36,21,15,1573.2
20860006495000,127,66,61,4127.5
20860006496000,2,1,1,0
20860006497000,9,4,5,254.7
20860006499000,7,3,4,296.1
20860006500000,2,2,0,0
20860006501000,73,34,39,1941.8
20860006502000,125,60,65,4787.5
20860006503000,4,3,1,0
20860006508000,7,4,3,212.1
20860006517000,29,12,17,959.9
20860006518000,80,47,33,3480
20860006529000,16,11,5,651.2
20860006533000,9,3,6,432.9
20860006534000,25,13,12,1195
20860006544000,8,3,5,243.2
20860006545000,43,20,23,2154.3
20860006546000,14,7,7,779.8
20860006548000,9,5,4,363.6
20860006644000,9,4,5,278.1
20860006821000,4,3,1,0
20860006822000,8,4,4,278.4
20860006825000,29,19,10,1171.6
20860006826000,84,40,44,3326.4
20860006827000,85,38,47,3145
20860006828000,7,2,5,441.7
20860006858000,7,4,3,315
20860006884000,8,4,4,356
20860006885000,14,6,8,596.4
20860006886000,2,1,1,0
20860006889000,41,21,20,1599
20860006890000,14,5,9,421.4
20860006941000,1,0,1,0
20860006942000,476,226,250,19992
20860006964000,141,82,59,6768
20860006965000,115,61,54,4968
20860006966000,273,150,123,10947.3
20860006967000,277,150,127,11634
20860006968000,112,64,48,4233.6
20860006970000,40,20,20,1328
20860006971000,111,53,58,3785.1
20860006972000,36,18,18,1767.6
20860006978000,26,12,14,1365
20860006986000,2,1,1,0
20860006987000,33,15,18,1468.5
20860006988000,13,10,3,367.9
20860006989000,45,22,23,2416.5
20860006990000,3,2,1,0
20860006991000,19,11,8,685.9
20860006992000,17,12,5,768.4
20860006993000,26,14,12,1068.6
20870006457000,54,23,31,1987.2
20870006458000,1041,496,545,43617.9
20870006459000,845,432,413,28307.5
20870006461000,3,1,2,0
20870006462000,547,278,269,19527.9
20870006466000,1698,880,818,68429.4
20870006467000,1282,592,690,49869.8
20870006468000,114,59,55,3192
20870006469000,567,298,269,21942.9
20870006477000,418,220,198,15089.8
20870006478000,649,315,334,25440.8
20870006479000,1330,677,653,47348
20870006480000,1110,547,563,45621
20870006481000,97,44,53,3773.3
20870006482000,18,8,10,777.6
20870006490000,9,6,3,387
20870006498000,12,6,6,396
20870006500000,24,9,15,602.4
20870006501000,86,45,41,3904.4
20870006502000,60,31,29,2406
20870006503000,1,1,0,0
20870006504000,9,6,3,234
20870006505000,3,2,1,0
20870006506000,3,3,0,0
20870006507000,1,1,0,0
20870006508000,7,2,5,240.8
20870006509000,2,1,1,0
20870006514000,1,1,0,0
20870006515000,7,5,2,301.7
20870006517000,10,7,3,524
20870006518000,6,5,1,214.2
20870006534000,7,4,3,329.7
20870006535000,2,1,1,0
20870006545000,7,5,2,193.9
20870006546000,3,2,1,0
20870006644000,16,8,8,788.8
20870006649000,3,2,1,0
20870006800000,2,2,0,0
20870006822000,2,2,0,0
20870006823000,7,3,4,415.1
20870006825000,8,4,4,268
20870006826000,8,3,5,375.2
20870006827000,31,18,13,1271
20870006828000,29,15,14,1392
20870006829000,7,4,3,399.7
20870006833000,38,23,15,1668.2
20870006835000,10,6,4,409
20870006839000,1,0,1,0
20870006858000,2,2,0,0
20870006889000,10,5,5,323
20870006942000,126,61,65,6678
20870006943000,6,2,4,270
20870006949000,1,1,0,0
20870006960000,2,1,1,0
20870006967000,51,29,22,1723.8
20870006968000,188,99,89,7538.8
20870006969000,22,14,8,712.8
20870006970000,15,7,8,457.5
20870006971000,57,27,30,2160.3
20870006972000,19,10,9,682.1
20870006978000,13,9,4,353.6
20870006983000,3,1,2,0
20870006986000,71,32,39,2847.1
20870006987000,15,8,7,616.5
20870006988000,102,49,53,3876
20870006989000,183,76,107,8235
20870006990000,329,168,161,12699.4
20870006991000,99,50,49,3762
20870006992000,57,30,27,2536.5
20870006993000,90,40,50,4383
20870006994000,11,5,6,533.5
20880006458000,117,59,58,4481.1
20880006459000,898,463,435,28466.6
20880006465000,26,12,14,1591.2
20880006466000,6229,3060,3169,285911.1
20880006467000,2769,1406,1363,113529
20880006468000,1430,694,736,44044
20880006469000,122,65,57,4160.2
20880006478000,1010,517,493,32219
20880006479000,621,309,312,24777.9
20880006480000,1640,755,885,80196
20880006481000,1000,496,504,39700
20880006482000,62,35,27,3007
20880006483000,148,80,68,5505.6
20880006486000,3,1,2,0
20880006488000,5,2,3,226
20880006489000,3,1,2,0
20880006492000,2,1,1,0
20880006494000,4,2,2,0
20880006504000,15,10,5,556.5
20880006505000,4,1,3,0
20880006506000,8,5,3,206.4
20880006508000,5,3,2,140
20880006509000,2,1,1,0
20880006515000,9,4,5,385.2
20880006517000,6,4,2,319.2
20880006820000,2,1,1,0
20880006823000,7,4,3,385.7
20880006824000,2,2,0,0
20880006826000,1,1,0,0
20880006827000,14,7,7,669.2
20880006828000,32,16,16,1635.2
20880006829000,38,18,20,1269.2
20880006831000,4,2,2,0
20880006832000,431,212,219,15731.5
20880006833000,119,63,56,5188.4
20880006841000,7,4,3,275.1
20880006858000,16,8,8,585.6
20880006889000,5,3,2,168
20880006890000,16,9,7,782.4
20880006934000,27,11,16,1371.6
20880006942000,107,53,54,4429.8
20880006968000,5,2,3,264
20880006969000,26,16,10,1354.6
20880006970000,8,5,3,466.4
20880006972000,4,3,1,0
20880006979000,5,3,2,272
20880006980000,16,7,9,619.2
20880006981000,3,2,1,0
20880006986000,17,8,9,889.1
20880006987000,205,100,105,7154.5
20880006988000,156,76,80,7815.6
20880006989000,2,1,1,0
20880006990000,36,19,17,1407.6
20880006991000,86,45,41,4420.4
20880006992000,11,6,5,489.5
20880006993000,10,4,6,587
20880006994000,41,26,15,1951.6
20890006465000,122,62,60,4758
20890006466000,3792,1836,1956,158126.4
20890006467000,3751,1749,2002,148164.5
20890006468000,1065,530,535,47286
20890006469000,480,237,243,16704
20890006470000,19,7,12,839.8
20890006471000,4,2,2,0
20890006472000,13,10,3,557.7
20890006473000,6,4,2,292.8
20890006478000,175,93,82,6195
20890006479000,4,2,2,0
20890006481000,886,473,413,26934.4
20890006482000,311,161,150,11693.6
20890006483000,59,32,27,2330.5
20890006484000,22,13,9,587.4
20890006487000,23,11,12,977.5
20890006488000,39,21,18,1766.7
20890006496000,4,2,2,0
20890006497000,11,5,6,513.7
20890006504000,9,5,4,366.3
20890006509000,14,9,5,375.2
20890006510000,4,3,1,0
20890006643000,5,3,2,224
20890006649000,3,2,1,0
20890006742000,3,3,0,0
20890006758000,1,0,1,0
20890006819000,12,6,6,513.6
20890006820000,24,10,14,969.6
20890006829000,71,37,34,2705.1
20890006830000,1,1,0,0
20890006831000,390,195,195,14391
20890006832000,329,157,172,16088.1
20890006845000,27,14,13,1452.6
20890006857000,19,9,10,754.3
20890006858000,1,0,1,0
20890006889000,22,11,11,1038.4
20890006890000,18,9,9,729
20890006933000,42,20,22,2087.4
20890006934000,68,35,33,3243.6
20890006935000,5,2,3,312
20890006936000,5,1,4,107
20890006941000,14,10,4,546
20890006942000,19,9,10,689.7
20890006962000,2,1,1,0
20890006968000,15,8,7,712.5
20890006969000,24,11,13,912
20890006972000,15,7,8,633
20890006990000,44,26,18,1707.2
20890006991000,21,7,14,735
20890006992000,26,13,13,884
20890006993000,9,5,4,289.8
20890006994000,15,7,8,763.5
20890007000000,94,41,53,5442.6
20890007001000,299,148,151,12049.7
20900006466000,264,134,130,8263.2
20900006467000,239,133,106,7480.7
20900006468000,1673,799,874,70600.6
20900006469000,1622,819,803,54012.6
20900006470000,1124,577,547,34282
20900006471000,444,223,221,14119.2
20900006472000,604,321,283,21079.6
20900006473000,27,16,11,972
20900006474000,50,24,26,1930
20900006475000,107,54,53,3991.1
20900006476000,5,4,1,113
20900006479000,7,4,3,471.8
20900006482000,41,22,19,1180.8
20900006483000,10,5,5,319
20900006484000,13,9,4,587.6
20900006485000,130,63,67,4706
20900006486000,49,28,21,1783.6
20900006491000,10,4,6,341
20900006504000,10,6,4,353
20900006508000,7,5,2,389.2
20900006514000,6,3,3,285
20900006642000,6,5,1,153
20900006643000,1,1,0,0
20900006649000,4,3,1,0
20900006741000,1,1,0,0
20900006795000,3,2,1,0
20900006796000,3,2,1,0
20900006803000,1,0,1,0
20900006828000,9,6,3,532.8
20900006829000,1,1,0,0
20900006831000,2,1,1,0
20900006843000,1,1,0,0
20900006844000,2,1,1,0
20900006845000,6,2,4,184.8
20900006846000,6,3,3,237
20900006847000,7,5,2,315
20900006851000,3,1,2,0
20900006853000,14,9,5,390.6
20900006857000,76,36,40,3070.4
20900006889000,5,4,1,128
20900006890000,19,7,12,955.7
20900006933000,41,20,21,2062.3
20900006936000,2,1,1,0
20900006940000,12,6,6,525.6
20900006941000,8,3,5,352
20900006967000,9,5,4,350.1
20900006968000,38,19,19,1504.8
20900006969000,22,13,9,783.2
20900006972000,4,2,2,0
20900006991000,54,23,31,2046.6
20900006992000,30,17,13,1815
20900006993000,9,3,6,537.3
20900007000000,240,121,119,9600
20900007001000,192,90,102,7987.2
20910006463000,59,31,28,1699.2
20910006464000,5,2,3,114
20910006465000,584,292,292,24002.4
20910006466000,1060,540,520,40280
20910006467000,218,105,113,9701
20910006468000,193,99,94,6832.2
20910006469000,389,201,188,14120.7
20910006470000,968,488,480,25652
20910006471000,147,70,77,3895.5
20910006472000,961,468,493,31809.1
20910006473000,6,3,3,162
20910006475000,2,2,0,0
20910006476000,51,25,26,2111.4
20910006479000,8,5,3,339.2
20910006481000,20,9,11,828
20910006482000,53,29,24,1892.1
20910006483000,4,2,2,0
20910006484000,3,2,1,0
20910006485000,2,1,1,0
20910006486000,3,2,1,0
20910006492000,5,3,2,65
20910006494000,1,0,1,0
20910006498000,10,4,6,485
20910006499000,4,2,2,0
20910006500000,9,7,2,206.1
20910006509000,6,4,2,354
20910006511000,7,3,4,233.8
20910006514000,1,1,0,0
20910006517000,10,4,6,462
20910006518000,3,2,1,0
20910006522000,3,2,1,0
20910006523000,1,1,0,0
20910006612000,2,1,1,0
20910006642000,8,3,5,434.4
20910006649000,14,7,7,649.6
20910006796000,10,7,3,322
20910006797000,11,5,6,570.9
20910006798000,2,1,1,0
20910006803000,1,1,0,0
20910006817000,1,1,0,0
20910006825000,7,4,3,487.2
20910006827000,2,1,1,0
20910006844000,8,5,3,303.2
20910006848000,34,19,15,1972
20910006849000,32,16,16,1664
20910006850000,8,4,4,434.4
20910006851000,2,1,1,0
20910006852000,14,5,9,560
20910006853000,8,4,4,352
20910006854000,19,13,6,763.8
20910006855000,17,9,8,800.7
20910006856000,12,6,6,453.6
20910006860000,18,9,9,603
20910006921000,10,5,5,520
20910006922000,11,8,3,390.5
20910006924000,8,3,5,352.8
20910006932000,1,1,0,0
20910006933000,5,2,3,76
20910006937000,10,5,5,403
20910006939000,7,3,4,371
20910006940000,21,10,11,869.4
20910006968000,30,12,18,1041
20910006969000,10,4,6,527
20910006981000,21,11,10,1125.6
20910006982000,6,2,4,250.2
20910006983000,119,58,61,4724.3
20910006984000,20,9,11,462
20910006985000,195,103,92,6298.5
20910006986000,301,150,151,10234
20910006987000,11,6,5,399.3
20910006988000,6,4,2,256.8
20910006999000,22,12,10,1196.8
20910007000000,43,22,21,2076.9
20910007002000,32,17,15,1475.2
20910007003000,6,3,3,202.8
20920006462000,3,1,2,0
20920006463000,500,247,253,12700
20920006464000,1404,695,709,45770.4
20920006465000,1230,613,617,47970
20920006466000,1809,898,911,62410.5
20920006467000,1515,738,777,54540
20920006472000,1,0,1,0
20920006476000,4,3,1,0
20920006477000,31,19,12,1255.5
20920006478000,5,3,2,161
20920006479000,7,3,4,270.9
20920006480000,4,2,2,0
20920006483000,41,25,16,1336.6
20920006485000,54,33,21,1787.4
20920006488000,25,17,8,735
20920006489000,18,10,8,676.8
20920006498000,35,18,17,1354.5
20920006503000,4,2,2,0
20920006506000,3,3,0,0
20920006509000,7,3,4,200.9
20920006514000,12,7,5,420
20920006612000,5,4,1,162
20920006613000,4,3,1,0
20920006641000,20,11,9,1208
20920006648000,17,8,9,918
20920006649000,2,1,1,0
20920006766000,1,1,0,0
20920006797000,17,9,8,657.9
20920006803000,3,2,1,0
20920006816000,1,1,0,0
20920006821000,1,1,0,0
20920006829000,129,62,67,3844.2
20920006830000,2,1,1,0
20920006854000,2,1,1,0
20920006855000,14,7,7,877.8
20920006860000,1,1,0,0
20920006890000,4,1,3,0
20920006891000,8,5,3,535.2
20920006910000,5,2,3,218
20920006911000,2,1,1,0
20920006912000,9,5,4,466.2
20920006918000,7,6,1,352.1
20920006919000,23,13,10,655.5
20920006920000,27,16,11,1466.1
20920006921000,2,2,0,0
20920006922000,8,3,5,343.2
20920006923000,10,6,4,413
20920006924000,9,5,4,267.3
20920006925000,32,19,13,1363.2
20920006927000,2,1,1,0
20920006940000,8,5,3,487.2
20920006967000,4,3,1,0
20920006968000,2,1,1,0
20920006969000,46,27,19,1665.2
20920006970000,7,3,4,153.3
20920006980000,16,7,9,604.8
20920006981000,19,9,10,748.6
20920006983000,42,22,20,1415.4
20920006984000,79,38,41,3191.6
20920006985000,112,54,58,4166.4
20920006986000,251,130,121,7028
20920006987000,205,108,97,5596.5
20920006988000,52,29,23,1710.8
20920006989000,1,0,1,0
20920006997000,32,15,17,1155.2
20920006998000,28,17,11,1108.8
20920006999000,87,49,38,3888.9
20920007000000,47,25,22,1950.5
20920007001000,11,5,6,397.1
20920007002000,115,64,51,4715
20920007003000,33,15,18,1501.5
20930006462000,6,3,3,289.2
20930006463000,1775,885,890,63900
20930006464000,926,450,476,28335.6
20930006465000,271,138,133,7642.2
20930006466000,480,228,252,19632
20930006467000,497,255,242,19880
20930006468000,706,324,382,35229.4
20930006469000,828,387,441,33948
20930006470000,198,102,96,7464.6
20930006471000,237,115,122,14859.9
20930006472000,3,3,0,0
20930006478000,19,12,7,984.2
20930006479000,4,1,3,0
20930006480000,21,9,12,844.2
20930006483000,2,2,0,0
20930006485000,8,2,6,382.4
20930006488000,1,0,1,0
20930006489000,22,12,10,968
20930006490000,1,0,1,0
20930006491000,6,3,3,234
20930006492000,10,5,5,421
20930006493000,1,1,0,0
20930006495000,4,2,2,0
20930006496000,9,4,5,396.9
20930006497000,2,1,1,0
20930006521000,1,0,1,0
20930006624000,17,8,9,923.1
20930006630000,2,1,1,0
20930006632000,2,1,1,0
20930006641000,38,18,20,1611.2
20930006647000,9,7,2,306.9
20930006648000,2,1,1,0
20930006803000,12,7,5,416.4
20930006804000,3,1,2,0
20930006818000,2,1,1,0
20930006824000,3,2,1,0
20930006825000,4,3,1,0
20930006830000,18,8,10,874.8
20930006909000,123,58,65,5436.6
20930006925000,9,5,4,460.8
20930006926000,34,17,17,1975.4
20930006927000,28,13,15,1206.8
20930006940000,4,2,2,0
20930006962000,9,6,3,554.4
20930006967000,11,6,5,423.5
20930006969000,341,176,165,12241.9
20930006970000,2,1,1,0
20930006980000,11,4,7,759
20930006981000,2,1,1,0
20930006986000,8,3,5,250.4
20930006987000,160,86,74,6016
20930006992000,50,27,23,1925
20930006993000,8,5,3,230.4
20930006995000,6,2,4,244.2
20930006996000,36,18,18,1252.8
20930006997000,68,31,37,2658.8
20930006998000,27,13,14,1163.7
20930006999000,24,13,11,1147.2
20930007000000,5,3,2,211
20930007001000,18,11,7,799.2
20930007002000,5,3,2,318
20930007003000,40,19,21,2172
20940006460000,6,2,4,177
20940006461000,52,26,26,2132
20940006462000,156,82,74,6068.4
20940006463000,62,31,31,2250.6
20940006464000,66,32,34,2686.2
20940006465000,34,17,17,1373.6
20940006466000,33,19,14,1362.9
20940006467000,18,7,11,595.8
20940006468000,1481,736,745,54204.6
20940006469000,1449,738,711,48976.2
20940006470000,836,446,390,29343.6
20940006471000,71,36,35,2982
20940006472000,30,14,16,1560
20940006473000,35,18,17,1393
20940006474000,114,64,50,3705
20940006478000,2,1,1,0
20940006479000,26,12,14,1047.8
20940006480000,13,7,6,565.5
20940006481000,12,7,5,615.6
20940006482000,14,9,5,357
20940006485000,31,16,15,1271
20940006488000,1,1,0,0
20940006489000,14,6,8,519.4
20940006490000,12,6,6,351.6
20940006491000,5,2,3,271
20940006493000,3,2,1,0
20940006494000,13,9,4,462.8
20940006495000,7,3,4,233.1
20940006496000,8,4,4,426.4
20940006504000,3,1,2,0
20940006507000,4,2,2,0
20940006568000,1,1,0,0
20940006611000,1,1,0,0
20940006613000,2,1,1,0
20940006614000,13,6,7,542.1
20940006615000,3,2,1,0
20940006616000,5,3,2,187
20940006621000,1,1,0,0
20940006622000,21,13,8,1020.6
20940006623000,3,1,2,0
20940006624000,18,10,8,982.8
20940006625000,33,14,19,1257.3
20940006626000,2,1,1,0
20940006627000,2,1,1,0
20940006628000,4,2,2,0
20940006629000,4,2,2,0
20940006630000,4,3,1,0
20940006631000,16,9,7,521.6
20940006632000,7,4,3,436.1
20940006633000,22,11,11,1056
20940006634000,18,9,9,1071
20940006640000,17,9,8,690.2
20940006641000,5,2,3,105
20940006647000,5,3,2,303
20940006797000,25,11,14,1262.5
20940006824000,3,2,1,0
20940006825000,10,6,4,272
20940006826000,4,3,1,0
20940006827000,2,1,1,0
20940006830000,19,10,9,934.8
20940006831000,88,48,40,3405.6
20940006861000,10,6,4,384
20940006907000,4,3,1,0
20940006908000,20,9,11,1088
20940006909000,56,29,27,1948.8
20940006926000,6,3,3,223.8
20940006927000,113,58,55,4994.6
20940006928000,3,2,1,0
20940006941000,5,3,2,188
20940006954000,27,14,13,1142.1
20940006955000,46,18,28,2226.4
20940006957000,46,21,25,1582.4
20940006962000,2,1,1,0
20940006963000,32,16,16,1308.8
20940006966000,3,2,1,0
20940006967000,647,308,339,24456.6
20940006968000,301,137,164,16795.8
20940006969000,341,182,159,13742.3
20940006970000,205,105,100,7687.5
20940006971000,18,5,13,702
20940006980000,184,95,89,7249.6
20940006981000,2,1,1,0
20940006985000,6,3,3,307.8
20940006986000,9,6,3,290.7
20940006987000,23,14,9,765.9
20940006990000,21,12,9,611.1
20940006991000,18,9,9,588.6
20940006992000,13,3,10,516.1
20940006993000,122,66,56,4867.8
20940006994000,18,9,9,860.4
20940006995000,38,20,18,1869.6
20940006996000,45,22,23,1651.5
20940006997000,9,6,3,428.4
20940007003000,7,4,3,196
20940007004000,4,3,1,0
20950006461000,4,3,1,0
20950006462000,61,34,27,2507.1
20950006463000,39,24,15,1427.4
20950006464000,71,41,30,3003.3
20950006465000,45,21,24,1921.5
20950006466000,34,20,14,1122
20950006472000,124,63,61,4712
20950006473000,130,66,64,5018
20950006474000,683,343,340,23768.4
20950006475000,58,31,27,2059
20950006479000,12,7,5,402
20950006481000,4,2,2,0
20950006484000,11,3,8,275
20950006489000,8,4,4,410.4
20950006492000,2,1,1,0
20950006495000,22,16,6,679.8
20950006496000,89,50,39,3835.9
20950006501000,12,6,6,444
20950006503000,2,1,1,0
20950006508000,16,8,8,500.8
20950006568000,2,1,1,0
20950006580000,1,1,0,0
20950006588000,8,4,4,422.4
20950006611000,2,1,1,0
20950006612000,3,1,2,0
20950006613000,2,1,1,0
20950006614000,5,4,1,162
20950006615000,29,18,11,954.1
20950006630000,4,2,2,0
20950006631000,8,4,4,403.2
20950006635000,10,5,5,402
20950006636000,7,4,3,371
20950006637000,7,5,2,282.8
20950006638000,13,5,8,613.6
20950006646000,5,3,2,207
20950006793000,8,6,2,520.8
20950006794000,5,3,2,112
20950006796000,201,106,95,7859.1
20950006797000,326,166,160,14670
20950006805000,1,0,1,0
20950006828000,1,1,0,0
20950006829000,1,1,0,0
20950006831000,42,23,19,1617
20950006906000,14,6,8,453.6
20950006907000,2,1,1,0
20950006926000,3,2,1,0
20950006941000,1,0,1,0
20950006954000,42,21,21,1751.4
20950006955000,26,16,10,977.6
20950006956000,56,30,26,2559.2
20950006957000,141,68,73,6598.8
20950006958000,25,15,10,1272.5
20950006959000,32,14,18,1241.6
20950006960000,12,8,4,750
20950006961000,16,9,7,702.4
20950006962000,22,12,10,985.6
20950006963000,160,90,70,6576
20950006964000,31,15,16,1342.3
20950006965000,47,22,25,1800.1
20950006966000,51,26,25,2223.6
20950006967000,150,75,75,5910
20950006968000,288,126,162,15494.4
20950006969000,129,67,62,5418
20950006970000,14,8,6,502.6
20950006980000,43,22,21,2300.5
20950006981000,147,86,61,7070.7
20950006985000,26,11,15,720.2
20950006986000,37,18,19,1750.1
20950006990000,23,14,9,915.4
20950006992000,198,97,101,7860.6
20950006993000,73,36,37,3825.2
20950006994000,1,1,0,0
20950007004000,96,54,42,4483.2
20950007005000,9,5,4,558.9
20960006461000,58,33,25,2453.4
20960006462000,30,18,12,1155
20960006463000,13,8,5,543.4
20960006464000,5,3,2,297
20960006465000,9,5,4,480.6
20960006466000,25,13,12,1150
20960006472000,5,3,2,205
20960006473000,32,19,13,1116.8
20960006474000,160,70,90,7488
20960006475000,396,213,183,13899.6
20960006480000,4,2,2,0
20960006484000,23,11,12,650.9
20960006490000,11,7,4,321.2
20960006495000,31,13,18,1196.6
20960006496000,2,1,1,0
20960006497000,14,7,7,638.4
20960006498000,6,3,3,232.8
20960006499000,16,9,7,412.8
20960006502000,1,1,0,0
20960006611000,7,3,4,214.2
20960006615000,7,4,3,326.2
20960006616000,2,1,1,0
20960006630000,22,14,8,781
20960006631000,12,5,7,536.4
20960006638000,6,4,2,414
20960006639000,14,8,6,855.4
20960006791000,1,0,1,0
20960006792000,63,34,29,2652.3
20960006793000,11,4,7,420.2
20960006794000,28,14,14,966
20960006795000,13,8,5,660.4
20960006797000,440,211,229,20108
20960006829000,2,1,1,0
20960006831000,37,21,16,1036
20960006832000,36,18,18,1306.8
20960006833000,3,2,1,0
20960006926000,3,3,0,0
20960006930000,8,4,4,394.4
20960006941000,3,1,2,0
20960006952000,6,3,3,256.8
20960006953000,23,14,9,722.2
20960006954000,20,9,11,974
20960006955000,29,16,13,1560.2
20960006956000,17,10,7,737.8
20960006957000,3,0,3,0
20960006959000,15,9,6,756
20960006960000,10,6,4,495
20960006961000,22,12,10,864.6
20960006964000,3,2,1,0
20960006965000,21,14,7,921.9
20960006966000,20,10,10,744
20960006980000,522,253,269,23594.4
20960006981000,659,326,333,27743.9
20960006986000,21,10,11,812.7
20960006987000,7,4,3,403.9
20960006988000,9,5,4,306.9
20960006990000,68,36,32,2808.4
20960006991000,6,3,3,427.2
20960006992000,212,105,107,6360
20960006994000,13,5,8,669.5
20960006996000,4,3,1,0
20960006997000,8,5,3,239.2
20960007004000,8,4,4,388.8
20960007005000,31,19,12,1202.8
20970006461000,8,4,4,326.4
20970006463000,12,5,7,622.8
20970006464000,23,14,9,1058
20970006465000,11,5,6,511.5
20970006466000,1,1,0,0
20970006467000,3,1,2,0
20970006468000,8,4,4,342.4
20970006469000,3,3,0,0
20970006474000,10,4,6,485
20970006475000,46,25,21,1545.6
20970006476000,148,74,74,5949.6
20970006480000,1,1,0,0
20970006484000,32,16,16,1110.4
20970006485000,12,6,6,315.6
20970006490000,5,2,3,145
20970006493000,4,2,2,0
20970006494000,12,6,6,639.6
20970006497000,4,2,2,0
20970006498000,8,4,4,180.8
20970006499000,3,1,2,0
20970006506000,4,3,1,0
20970006509000,14,6,8,364
20970006567000,9,6,3,469.8
20970006579000,1,1,0,0
20970006588000,13,9,4,617.5
20970006594000,4,2,2,0
20970006614000,4,2,2,0
20970006630000,31,13,18,1559.3
20970006631000,20,12,8,680
20970006645000,8,5,3,350.4
20970006791000,44,25,19,1953.6
20970006792000,1,1,0,0
20970006795000,26,16,10,1183
20970006796000,27,16,11,1177.2
20970006797000,159,83,76,5914.8
20970006832000,11,5,6,443.3
20970006833000,27,13,14,1050.3
20970006834000,54,28,26,2748.6
20970006835000,8,4,4,384.8
20970006840000,3,2,1,0
20970006925000,37,20,17,1295
20970006926000,66,30,36,2917.2
20970006927000,1,0,1,0
20970006930000,48,24,24,2006.4
20970006931000,10,5,5,554
20970006941000,3,2,1,0
20970006942000,2,2,0,0
20970006952000,22,12,10,851.4
20970006959000,12,6,6,495.6
20970006960000,60,33,27,2484
20970006961000,68,33,35,3440.8
20970006962000,46,21,25,2010.2
20970006963000,28,14,14,1248.8
20970006964000,17,6,11,469.2
20970006965000,24,11,13,645.6
20970006966000,78,48,30,3689.4
20970006967000,114,61,53,4902
20970006968000,8,5,3,343.2
20970006980000,409,208,201,16769
20970006981000,185,87,98,7030
20970006988000,26,13,13,876.2
20970006989000,155,73,82,6138
20970006990000,9,6,3,315
20970006992000,4,3,1,0
20970006993000,83,38,45,3427.9
20970006994000,21,14,7,1008
20970006995000,4,2,2,0
20970006997000,6,4,2,142.2
20970006998000,9,5,4,435.6
20970007000000,1,1,0,0
20970007002000,12,8,4,339.6
20970007005000,2,1,1,0
20970007006000,40,21,19,1548
20980006463000,22,10,12,1051.6
20980006464000,30,16,14,1023
20980006465000,5,3,2,294
20980006466000,2,1,1,0
20980006467000,11,5,6,608.3
20980006469000,2,1,1,0
20980006470000,1,1,0,0
20980006476000,53,27,26,2204.8
20980006477000,44,26,18,1724.8
20980006478000,11,5,6,381.7
20980006494000,9,5,4,390.6
20980006497000,2,1,1,0
20980006498000,12,7,5,555.6
20980006499000,4,2,2,0
20980006500000,7,4,3,406.7
20980006503000,2,1,1,0
20980006504000,4,2,2,0
20980006508000,2,1,1,0
20980006509000,6,3,3,240
20980006578000,4,3,1,0
20980006587000,1,1,0,0
20980006613000,1,1,0,0
20980006614000,8,3,5,230.4
20980006628000,2,1,1,0
20980006630000,30,16,14,1413
20980006631000,1,1,0,0
20980006644000,19,9,10,695.4
20980006645000,7,4,3,308
20980006791000,24,14,10,1183.2
20980006830000,4,2,2,0
20980006835000,168,73,95,8786.4
20980006836000,36,20,16,1263.6
20980006837000,19,11,8,701.1
20980006838000,13,6,7,443.3
20980006924000,11,5,6,622.6
20980006925000,12,6,6,655.2
20980006931000,170,73,97,6902
20980006932000,48,21,27,2299.2
20980006940000,3,2,1,0
20980006943000,3,1,2,0
20980006967000,67,34,33,3524.2
20980006968000,59,27,32,2065
20980006980000,770,382,388,33033
20980006981000,851,403,448,37954.6
20980006989000,66,31,35,3319.8
20980006993000,37,18,19,1668.7
20980006999000,16,7,9,777.6
20980007000000,10,6,4,363
20980007001000,5,3,2,187
20980007002000,3,2,1,0
20980007005000,8,3,5,308
20980007006000,48,23,25,1689.6
20990006465000,15,10,5,619.5
20990006466000,40,20,20,2056
20990006467000,23,12,11,1269.6
20990006468000,4,2,2,0
20990006471000,1,1,0,0
20990006476000,30,15,15,981
20990006477000,100,51,49,3900
20990006478000,112,56,56,4233.6
20990006479000,9,4,5,284.4
20990006480000,20,8,12,696
20990006500000,7,3,4,212.8
20990006501000,9,6,3,336.6
20990006504000,2,1,1,0
20990006505000,2,2,0,0
20990006507000,15,7,8,720
20990006508000,38,22,16,1390.8
20990006546000,4,1,3,0
20990006575000,1,1,0,0
20990006576000,5,2,3,138
20990006577000,3,1,2,0
20990006587000,3,1,2,0
20990006610000,2,1,1,0
20990006611000,8,5,3,308
20990006621000,2,1,1,0
20990006627000,1,0,1,0
20990006628000,10,6,4,346
20990006629000,29,15,14,1307.9
20990006630000,28,16,12,1089.2
20990006637000,8,4,4,559.2
20990006642000,3,1,2,0
20990006790000,16,9,7,715.2
20990006791000,32,21,11,1433.6
20990006831000,1,0,1,0
20990006832000,7,4,3,296.1
20990006835000,17,9,8,880.6
20990006836000,4,3,1,0
20990006931000,175,81,94,9170
20990006932000,23,11,12,952.2
20990006933000,8,6,2,359.2
20990006968000,4,2,2,0
20990006980000,1296,654,642,56894.4
20990006981000,997,482,515,39680.6
20990006989000,22,13,9,877.8
20990006993000,187,99,88,6956.4
20990006995000,4,2,2,0
20990007000000,21,9,12,714
20990007001000,25,13,12,850
20990007002000,20,11,9,632
20990007004000,43,21,22,1578.1
20990007005000,105,58,47,3906
20990007006000,2,1,1,0
21000006461000,14,6,8,852.6
21000006462000,51,26,25,2478.6
21000006463000,91,43,48,3458
21000006464000,50,23,27,1760
21000006465000,40,18,22,1776
21000006466000,1,0,1,0
21000006467000,20,12,8,888
21000006468000,7,3,4,252
21000006469000,17,11,6,567.8
21000006470000,1,1,0,0
21000006472000,2,1,1,0
21000006479000,31,18,13,1094.3
21000006480000,58,29,29,2627.4
21000006481000,106,58,48,3869
21000006483000,15,10,5,505.5
21000006489000,1,1,0,0
21000006491000,9,7,2,222.3
21000006500000,1,1,0,0
21000006501000,1,1,0,0
21000006502000,5,3,2,255
21000006506000,9,4,5,384.3
21000006507000,24,11,13,732
21000006508000,5,2,3,114
21000006587000,1,1,0,0
21000006594000,2,1,1,0
21000006606000,1,1,0,0
21000006610000,2,1,1,0
21000006611000,11,5,6,401.5
21000006613000,7,4,3,333.9
21000006614000,9,6,3,429.3
21000006622000,2,1,1,0
21000006626000,23,9,14,1090.2
21000006627000,8,3,5,360.8
21000006637000,9,6,3,360.9
21000006640000,2,1,1,0
21000006790000,39,23,16,1887.6
21000006791000,15,7,8,625.5
21000006809000,2,1,1,0
21000006810000,2,2,0,0
21000006832000,2,2,0,0
21000006833000,4,2,2,0
21000006836000,6,3,3,351
21000006930000,27,14,13,1296
21000006931000,6,4,2,298.8
21000006932000,11,8,3,654.5
21000006933000,19,8,11,767.6
21000006966000,4,3,1,0
21000006967000,2,1,1,0
21000006980000,1219,613,606,53270.3
21000006981000,2320,1121,1199,99296
21000006986000,5,3,2,159
21000006987000,3,1,2,0
21000006988000,88,47,41,3766.4
21000006989000,22,12,10,818.4
21000006993000,410,202,208,16359
21000006994000,34,19,15,1414.4
21000006999000,1,1,0,0
21000007001000,2,1,1,0
21000007003000,10,6,4,260
21000007004000,16,8,8,427.2
21000007005000,138,79,59,5451
21000007006000,66,33,33,2838
21000007007000,34,20,14,1383.8
21000007008000,7,5,2,303.8
21010006462000,15,7,8,639
21010006463000,26,14,12,1333.8
21010006464000,60,29,31,2514
21010006465000,118,53,65,4897
21010006466000,93,50,43,3627
21010006467000,61,29,32,2720.6
21010006468000,5,2,3,148
21010006469000,4,0,4,0
21010006470000,13,8,5,426.4
21010006471000,6,3,3,346.8
21010006477000,1,1,0,0
21010006478000,1,0,1,0
21010006479000,7,5,2,326.9
21010006481000,10,7,3,546
21010006482000,21,11,10,1008
21010006483000,115,60,55,3772
21010006484000,92,46,46,2971.6
21010006485000,11,5,6,302.5
21010006490000,2,1,1,0
21010006491000,5,3,2,155
21010006513000,14,7,7,599.2
21010006515000,6,5,1,217.8
21010006523000,14,7,7,554.4
21010006575000,9,6,3,297
21010006576000,1,1,0,0
21010006586000,7,5,2,182.7
21010006592000,3,1,2,0
21010006593000,2,2,0,0
21010006606000,2,1,1,0
21010006608000,4,2,2,0
21010006610000,29,14,15,1403.6
21010006611000,70,35,35,2814
21010006615000,7,4,3,102.9
21010006620000,9,7,2,297
21010006625000,4,2,2,0
21010006640000,16,7,9,491.2
21010006789000,16,10,6,928
21010006790000,60,33,27,2424
21010006812000,2,1,1,0
21010006835000,3,2,1,0
21010006836000,2,2,0,0
21010006930000,12,8,4,436.8
21010006931000,17,5,12,833
21010006932000,26,13,13,1170
21010006933000,26,13,13,1214.2
21010006966000,13,5,8,634.4
21010006980000,484,236,248,21876.8
21010006981000,2049,1030,1019,81550.2
21010006982000,599,301,298,17490.8
21010006987000,42,22,20,1801.8
21010006988000,7,3,4,396.2
21010006993000,551,242,309,25897
21010006994000,3,2,1,0
21010006995000,6,3,3,298.2
21010006996000,5,3,2,306
21010006997000,3,2,1,0
21010006998000,2,1,1,0
21010007003000,5,2,3,132
21010007004000,23,13,10,770.5
21010007005000,11,7,4,330
21010007007000,5,2,3,337
21020006463000,57,30,27,1972.2
21020006464000,33,17,16,2016.3
21020006465000,36,19,17,1526.4
21020006466000,6,3,3,367.8
21020006467000,219,112,107,7402.2
21020006468000,46,24,22,2047
21020006469000,19,7,12,670.7
21020006470000,20,13,7,618
21020006476000,15,8,7,520.5
21020006477000,1,1,0,0
21020006478000,8,4,4,378.4
21020006484000,26,12,14,943.8
21020006485000,41,22,19,1336.6
21020006486000,42,24,18,1239
21020006491000,2,1,1,0
21020006493000,17,7,10,698.7
21020006494000,6,3,3,301.2
21020006513000,7,4,3,266.7
21020006514000,5,3,2,154
21020006515000,7,3,4,237.3
21020006523000,10,6,4,294
21020006532000,7,3,4,349.3
21020006541000,14,6,8,439.6
21020006542000,14,6,8,728
21020006543000,9,4,5,329.4
21020006576000,21,12,9,844.2
21020006578000,5,3,2,134
21020006579000,2,2,0,0
21020006580000,1,1,0,0
21020006587000,4,2,2,0
21020006588000,8,2,6,298.4
21020006594000,1,1,0,0
21020006603000,1,0,1,0
21020006604000,3,1,2,0
21020006606000,7,2,5,459.9
21020006608000,26,15,11,1162.2
21020006609000,1,1,0,0
21020006610000,202,109,93,7817.4
21020006611000,91,39,52,3166.8
21020006614000,5,2,3,168
21020006615000,2,1,1,0
21020006616000,12,5,7,459.6
21020006617000,6,5,1,157.2
21020006619000,3,1,2,0
21020006620000,5,2,3,206
21020006622000,1,0,1,0
21020006623000,12,5,7,426
21020006624000,2,1,1,0
21020006625000,27,15,12,1009.8
21020006640000,7,4,3,135.8
21020006789000,40,20,20,1668
21020006790000,132,65,67,5253.6
21020006836000,6,5,1,366
21020006930000,74,38,36,3248.6
21020006931000,12,6,6,616.8
21020006932000,1,1,0,0
21020006933000,36,17,19,1789.2
21020006964000,8,5,3,342.4
21020006965000,22,10,12,1130.8
21020006966000,46,27,19,1752.6
21020006971000,1,1,0,0
21020006972000,2,1,1,0
21020006980000,465,236,229,19530
21020006981000,1808,906,902,76478.4
21020006982000,465,228,237,16275
21020006987000,27,13,14,1239.3
21020006989000,12,5,7,489.6
21020006990000,2,1,1,0
21020006991000,14,8,6,561.4
21020006992000,48,21,27,1382.4
21020006993000,281,131,150,11521
21020006994000,1029,499,530,38999.1
21020006998000,6,4,2,186
21020007002000,14,7,7,418.6
21020007003000,21,12,9,816.9
21020007004000,3,1,2,0
21020007006000,32,16,16,1168
21020007007000,26,13,13,1032.2
21030006464000,3,2,1,0
21030006466000,56,30,26,2296
21030006467000,157,73,84,6970.8
21030006468000,48,25,23,1708.8
21030006469000,15,10,5,673.5
21030006470000,27,13,14,899.1
21030006471000,44,27,17,2054.8
21030006472000,58,30,28,2128.6
21030006475000,5,2,3,148
21030006482000,43,18,25,1595.3
21030006483000,7,2,5,165.9
21030006484000,125,60,65,4762.5
21030006485000,502,237,265,20331
21030006486000,48,22,26,1752
21030006490000,15,10,5,540
21030006491000,5,3,2,217
21030006502000,3,1,2,0
21030006515000,1,1,0,0
21030006520000,2,1,1,0
21030006522000,7,4,3,359.8
21030006523000,34,19,15,1472.2
21030006524000,3,2,1,0
21030006573000,8,3,5,320.8
21030006574000,6,2,4,147
21030006575000,7,4,3,317.8
21030006576000,1,1,0,0
21030006577000,11,7,4,337.7
21030006580000,1,1,0,0
21030006587000,8,4,4,392
21030006588000,16,8,8,656
21030006592000,1,1,0,0
21030006603000,5,3,2,167
21030006605000,11,7,4,478.5
21030006606000,5,4,1,171
21030006608000,28,14,14,1338.4
21030006609000,19,9,10,879.7
21030006610000,349,160,189,16717.1
21030006611000,5,3,2,328
21030006612000,5,2,3,123
21030006618000,1,1,0,0
21030006619000,9,4,5,420.3
21030006621000,2,2,0,0
21030006622000,8,5,3,347.2
21030006623000,16,8,8,676.8
21030006624000,71,33,38,2662.5
21030006625000,28,15,13,1083.6
21030006640000,4,2,2,0
21030006675000,2,1,1,0
21030006789000,15,7,8,753
21030006790000,4,2,2,0
21030006806000,65,35,30,3003
21030006931000,3,2,1,0
21030006933000,8,2,6,326.4
21030006934000,34,20,14,1241
21030006964000,3,2,1,0
21030006965000,16,8,8,622.4
21030006966000,2,1,1,0
21030006967000,2,1,1,0
21030006971000,1,1,0,0
21030006980000,226,116,110,9605
21030006981000,2055,994,1061,95352
21030006982000,692,345,347,25396.4
21030006987000,15,6,9,598.5
21030006988000,31,14,17,1298.9
21030006989000,23,15,8,1143.1
21030006990000,17,8,9,598.4
21030006991000,59,31,28,2324.6
21030006993000,84,39,45,3435.6
21030006994000,130,63,67,3471
21030006998000,10,5,5,473
21030006999000,5,2,3,119
21030007002000,5,5,0,267
21030007003000,9,2,7,295.2
21030007004000,9,4,5,406.8
21030007005000,25,14,11,820
21030007006000,90,50,40,3492
21030007007000,182,88,94,9500.4
21030007008000,43,22,21,1831.8
21030007009000,6,5,1,316.2
21040006466000,12,5,7,558
21040006468000,18,11,7,844.2
21040006469000,6,1,5,261
21040006470000,11,7,4,513.7
21040006471000,9,5,4,387.9
21040006472000,14,9,5,442.4
21040006482000,48,22,26,1752
21040006483000,296,151,145,7074.4
21040006484000,628,329,299,21414.8
21040006485000,1201,606,595,49841.5
21040006486000,174,91,83,6072.6
21040006487000,18,9,9,806.4
21040006492000,1,0,1,0
21040006500000,1,1,0,0
21040006504000,13,5,8,426.4
21040006515000,5,3,2,207
21040006526000,1,1,0,0
21040006573000,18,10,8,743.4
21040006577000,4,2,2,0
21040006578000,25,16,9,745
21040006583000,11,7,4,419.1
21040006586000,7,5,2,307.3
21040006587000,2,1,1,0
21040006589000,2,1,1,0
21040006590000,3,2,1,0
21040006591000,1,1,0,0
21040006592000,3,2,1,0
21040006593000,10,6,4,394
21040006601000,6,3,3,237
21040006602000,103,51,52,4604.1
21040006604000,6,3,3,412.2
21040006605000,8,4,4,439.2
21040006606000,35,21,14,1379
21040006607000,31,15,16,1122.2
21040006609000,6,4,2,241.2
21040006610000,135,68,67,5764.5
21040006611000,11,6,5,499.4
21040006612000,13,6,7,601.9
21040006613000,5,3,2,194
21040006618000,2,1,1,0
21040006619000,5,3,2,155
21040006620000,1,0,1,0
21040006621000,5,3,2,118
21040006623000,12,6,6,441.6
21040006624000,305,134,171,15128
21040006625000,240,135,105,9528
21040006629000,6,3,3,250.2
21040006632000,5,3,2,241
21040006633000,3,1,2,0
21040006634000,1,1,0,0
21040006635000,6,2,4,262.2
21040006636000,4,2,2,0
21040006637000,3,2,1,0
21040006640000,10,4,6,373
21040006660000,1,0,1,0
21040006791000,7,5,2,324.1
21040006806000,21,13,8,735
21040006839000,7,5,2,450.8
21040006934000,96,46,50,3436.8
21040006935000,27,13,14,704.7
21040006964000,10,5,5,325
21040006965000,61,39,22,2629.1
21040006966000,4,1,3,0
21040006970000,3,2,1,0
21040006980000,47,29,18,2190.2
21040006981000,704,341,363,27174.4
21040006982000,716,343,373,27351.2
21040006986000,24,14,10,792
21040006987000,60,28,32,2346
21040006988000,25,14,11,1090
21040006989000,36,18,18,1612.8
21040006990000,23,11,12,1232.8
21040006991000,51,24,27,1932.9
21040006992000,27,15,12,1131.3
21040006993000,44,25,19,2257.2
21040006998000,3,1,2,0
21040006999000,5,3,2,264
21040007000000,2,1,1,0
21040007001000,2,2,0,0
21040007002000,7,3,4,413
21040007003000,27,18,9,1026
21040007004000,26,10,16,1060.8
21040007005000,25,12,13,1237.5
21040007008000,13,8,5,534.3
21050006468000,11,8,3,420.2
21050006469000,78,39,39,2784.6
21050006470000,1,1,0,0
21050006471000,13,7,6,477.1
21050006472000,44,24,20,1848
21050006477000,5,3,2,153
21050006482000,4,2,2,0
21050006483000,1,1,0,0
21050006484000,2,2,0,0
21050006485000,5,2,3,131
21050006487000,29,16,13,803.3
21050006488000,16,10,6,598.4
21050006489000,2,1,1,0
21050006492000,5,3,2,126
21050006498000,5,3,2,241
21050006506000,3,2,1,0
21050006515000,1,1,0,0
21050006578000,13,5,8,692.9
21050006579000,97,43,54,3812.1
21050006580000,82,37,45,3755.6
21050006581000,174,76,98,8073.6
21050006582000,58,31,27,2789.8
21050006583000,2,1,1,0
21050006584000,3,2,1,0
21050006586000,12,4,8,441.6
21050006587000,13,6,7,474.5
21050006588000,6,3,3,295.8
21050006589000,4,1,3,0
21050006590000,9,5,4,405
21050006592000,17,7,10,668.1
21050006602000,7,3,4,436.8
21050006603000,2,1,1,0
21050006604000,2,1,1,0
21050006611000,2,1,1,0
21050006612000,35,16,19,1344
21050006620000,2,1,1,0
21050006623000,31,18,13,1481.8
21050006624000,69,34,35,2435.7
21050006625000,56,28,28,2016
21050006626000,4,1,3,0
21050006629000,11,7,4,556.6
21050006630000,2,1,1,0
21050006634000,1,1,0,0
21050006635000,9,4,5,414.9
21050006640000,12,8,4,261.6
21050006674000,3,2,1,0
21050006790000,5,2,3,215
21050006791000,5,3,2,207
21050006812000,37,18,19,1613.2
21050006934000,35,19,16,1452.5
21050006964000,8,5,3,328.8
21050006965000,56,30,26,2738.4
21050006970000,13,7,6,356.2
21050006972000,2,1,1,0
21050006973000,8,4,4,356
21050006979000,7,3,4,235.9
21050006981000,423,217,206,14847.3
21050006982000,12,7,5,591.6
21050006986000,39,20,19,1661.4
21050006987000,42,21,21,1864.8
21050006988000,273,136,137,10592.4
21050006989000,205,107,98,7175
21050006990000,33,18,15,1428.9
21050006991000,347,176,171,13394.2
21050006992000,43,21,22,1315.8
21050006993000,13,6,7,617.5
21050006999000,20,11,9,854
21050007000000,8,4,4,280.8
21050007001000,2,1,1,0
21050007002000,24,14,10,936
21050007003000,5,3,2,107
21050007008000,20,9,11,930
21060006468000,14,8,6,660.8
21060006469000,22,10,12,884.4
21060006470000,3,2,1,0
21060006472000,13,7,6,824.2
21060006473000,13,8,5,533
21060006474000,4,2,2,0
21060006478000,4,2,2,0
21060006480000,26,12,14,889.2
21060006481000,2,1,1,0
21060006485000,4,2,2,0
21060006486000,38,17,21,1402.2
21060006487000,31,17,14,1069.5
21060006488000,6,4,2,328.8
21060006490000,10,7,3,401
21060006491000,27,15,12,1509.3
21060006499000,2,0,2,0
21060006506000,11,8,3,347.6
21060006507000,5,3,2,272
21060006508000,4,3,1,0
21060006515000,2,1,1,0
21060006519000,8,4,4,230.4
21060006537000,2,1,1,0
21060006538000,15,8,7,663
21060006572000,5,4,1,96
21060006575000,10,6,4,414
21060006579000,3,1,2,0
21060006580000,8,4,4,318.4
21060006581000,151,74,77,5843.7
21060006582000,14,8,6,371
21060006583000,8,4,4,367.2
21060006584000,15,7,8,507
21060006585000,14,8,6,593.6
21060006586000,35,20,15,1452.5
21060006587000,15,10,5,436.5
21060006588000,5,3,2,251
21060006590000,1,1,0,0
21060006591000,11,6,5,586.3
21060006592000,25,12,13,1155
21060006602000,11,5,6,545.6
21060006603000,2,2,0,0
21060006604000,2,1,1,0
21060006628000,12,7,5,472.8
21060006630000,13,5,8,616.2
21060006631000,8,5,3,428
21060006635000,2,1,1,0
21060006640000,16,11,5,664
21060006641000,10,5,5,416
21060006673000,2,1,1,0
21060006790000,3,2,1,0
21060006811000,70,34,36,3444
21060006812000,335,181,154,13165.5
21060006813000,26,17,9,936
21060006838000,5,3,2,130
21060006839000,66,40,26,2996.4
21060006840000,63,35,28,2431.8
21060006922000,67,33,34,3216
21060006923000,19,12,7,957.6
21060006934000,17,11,6,542.3
21060006935000,20,11,9,778
21060006953000,8,5,3,368.8
21060006954000,4,1,3,0
21060006964000,29,18,11,1603.7
21060006965000,98,53,45,3498.6
21060006970000,14,9,5,723.8
21060006972000,15,7,8,798
21060006973000,3,1,2,0
21060006978000,87,41,46,2949.3
21060006979000,22,15,7,990
21060006981000,744,382,362,23956.8
21060006982000,323,157,166,9302.4
21060006983000,5,2,3,121
21060006986000,3,2,1,0
21060006990000,14,9,5,369.6
21060006992000,12,6,6,441.6
21060006993000,15,8,7,565.5
21060006999000,4,4,0,0
21060007000000,6,4,2,315
21060007001000,4,3,1,0
21060007008000,49,27,22,2058
21060007009000,14,9,5,799.4
21070006468000,11,7,4,652.3
21070006469000,19,11,8,948.1
21070006472000,81,43,38,3928.5
21070006473000,7,5,2,287.7
21070006478000,33,17,16,966.9
21070006479000,30,15,15,876
21070006480000,9,3,6,456.3
21070006483000,8,3,5,324.8
21070006485000,12,5,7,318
21070006486000,13,6,7,496.6
21070006488000,5,3,2,158
21070006489000,1,0,1,0
21070006493000,4,2,2,0
21070006496000,1,0,1,0
21070006499000,15,6,9,523.5
21070006502000,12,5,7,398.4
21070006504000,1,1,0,0
21070006536000,9,5,4,390.6
21070006574000,8,4,4,356
21070006575000,2,1,1,0
21070006592000,9,4,5,478.8
21070006593000,4,2,2,0
21070006594000,4,3,1,0
21070006621000,1,1,0,0
21070006632000,3,3,0,0
21070006634000,3,2,1,0
21070006636000,7,4,3,350
21070006637000,13,7,6,568.1
21070006640000,24,9,15,1173.6
21070006641000,55,31,24,2491.5
21070006839000,13,6,7,839.8
21070006840000,78,40,38,3541.2
21070006841000,7,4,3,282.8
21070006842000,4,2,2,0
21070006844000,8,3,5,260
21070006920000,2,1,1,0
21070006953000,1,1,0,0
21070006954000,23,15,8,1087.9
21070006963000,16,10,6,710.4
21070006964000,6,4,2,313.8
21070006969000,12,6,6,522
21070006970000,49,26,23,1984.5
21070006978000,247,124,123,7805.2
21070006979000,28,13,15,882
21070006981000,62,28,34,2529.6
21070006982000,24,11,13,540
21070006990000,14,6,8,603.4
21070006992000,19,10,9,661.2
21070006993000,15,8,7,627
21070007007000,18,11,7,952.2
21070007008000,24,14,10,1204.8
21070007009000,20,11,9,808
21080006469000,3,2,1,0
21080006474000,46,19,27,1863
21080006475000,61,32,29,2196
21080006476000,2,1,1,0
21080006478000,8,4,4,363.2
21080006479000,15,8,7,496.5
21080006487000,10,4,6,376
21080006488000,8,4,4,278.4
21080006489000,4,3,1,0
21080006490000,5,1,4,214
21080006494000,18,10,8,608.4
21080006495000,20,12,8,640
21080006500000,8,5,3,422.4
21080006501000,8,3,5,242.4
21080006522000,13,8,5,608.4
21080006536000,8,3,5,382.4
21080006537000,17,6,11,715.7
21080006591000,3,2,1,0
21080006592000,14,6,8,593.6
21080006593000,1,1,0,0
21080006594000,1,0,1,0
21080006596000,3,1,2,0
21080006601000,3,2,1,0
21080006634000,14,7,7,659.4
21080006635000,24,13,11,1140
21080006636000,34,18,16,1380.4
21080006637000,16,6,10,760
21080006638000,49,24,25,1822.8
21080006639000,54,27,27,2192.4
21080006640000,12,6,6,708
21080006659000,7,4,3,371.7
21080006729000,8,4,4,264.8
21080006810000,31,17,14,1801.1
21080006811000,353,183,170,15002.5
21080006845000,7,3,4,389.2
21080006934000,2,1,1,0
21080006935000,29,10,19,829.4
21080006954000,16,6,10,489.6
21080006955000,16,5,11,652.8
21080006961000,6,2,4,183
21080006962000,12,8,4,573.6
21080006963000,2,1,1,0
21080006970000,7,4,3,366.8
21080006971000,6,4,2,244.8
21080006978000,66,38,28,2329.8
21080006979000,26,15,11,1120.6
21080006981000,164,81,83,5510.4
21080006982000,75,39,36,2085
21080006990000,13,7,6,483.6
21080007000000,3,2,1,0
21080007007000,15,7,8,441
21080007008000,7,4,3,228.2
21090006469000,68,32,36,2720
21090006470000,55,33,22,2420
21090006471000,4,2,2,0
21090006472000,34,17,17,1115.2
21090006473000,22,9,13,796.4
21090006474000,255,135,120,7701
21090006475000,44,15,29,1518
21090006477000,6,2,4,243
21090006478000,1,1,0,0
21090006481000,4,2,2,0
21090006483000,2,1,1,0
21090006486000,7,5,2,261.8
21090006490000,5,3,2,129
21090006495000,10,7,3,446
21090006496000,4,2,2,0
21090006499000,1,1,0,0
21090006503000,5,2,3,90
21090006522000,4,3,1,0
21090006535000,1,0,1,0
21090006536000,13,5,8,569.4
21090006537000,1,1,0,0
21090006553000,13,7,6,487.5
21090006554000,3,2,1,0
21090006594000,5,3,2,146
21090006595000,31,14,17,1798
21090006601000,3,1,2,0
21090006613000,3,2,1,0
21090006634000,2,1,1,0
21090006636000,11,6,5,490.6
21090006637000,276,133,143,10074
21090006638000,169,74,95,7385.3
21090006639000,7,4,3,158.2
21090006668000,2,1,1,0
21090006789000,2,0,2,0
21090006810000,41,22,19,1713.8
21090006811000,858,457,401,38781.6
21090006919000,2,0,2,0
21090006934000,9,4,5,397.8
21090006955000,61,29,32,2293.6
21090006970000,16,6,10,630.4
21090006974000,4,3,1,0
21090006975000,2,1,1,0
21090006978000,6,4,2,229.8
21090006981000,54,32,22,2176.2
21090006982000,8,3,5,428.8
21090006985000,2,1,1,0
21090006986000,9,5,4,340.2
21090006987000,1,1,0,0
21090006999000,3,1,2,0
21090007000000,14,6,8,627.2
21090007002000,5,3,2,116
21090007008000,10,5,5,407
21090007009000,136,63,73,5276.8
21100006470000,19,13,6,999.4
21100006471000,72,34,38,2728.8
21100006472000,98,49,49,3655.4
21100006473000,14,6,8,722.4
21100006474000,1081,530,551,40861.8
21100006475000,892,464,428,31666
21100006476000,107,63,44,4258.6
21100006477000,27,15,12,1206.9
21100006483000,10,6,4,426
21100006487000,1,1,0,0
21100006498000,1,1,0,0
21100006499000,6,3,3,130.8
21100006503000,1,0,1,0
21100006518000,43,22,21,2003.8
21100006524000,2,1,1,0
21100006533000,11,5,6,543.4
21100006546000,2,1,1,0
21100006595000,23,12,11,1122.4
21100006596000,29,17,12,1505.1
21100006599000,4,3,1,0
21100006602000,8,2,6,200
21100006606000,10,5,5,351
21100006609000,3,2,1,0
21100006613000,7,4,3,242.9
21100006614000,12,6,6,555.6
21100006634000,1,1,0,0
21100006637000,70,30,40,2968
21100006638000,27,15,12,1455.3
21100006729000,1,1,0,0
21100006789000,16,10,6,705.6
21100006811000,92,43,49,4324
21100006839000,21,12,9,1119.3
21100006933000,13,6,7,435.5
21100006934000,8,5,3,456
21100006955000,226,118,108,8565.4
21100006956000,25,15,10,687.5
21100006959000,1,1,0,0
21100006970000,13,8,5,656.5
21100006974000,29,16,13,1426.8
21100006975000,13,6,7,526.5
21100006979000,3,1,2,0
21100006981000,62,32,30,2542
21100006982000,50,26,24,2630
21100006999000,1,0,1,0
21100007000000,17,11,6,620.5
21100007001000,36,19,17,1202.4
21100007004000,1,1,0,0
21100007005000,54,29,25,1879.2
21100007006000,21,13,8,835.8
21100007007000,43,22,21,1397.5
21100007008000,54,32,22,2770.2
21100007009000,102,54,48,3672
21110006471000,8,3,5,538.4
21110006472000,17,10,7,615.4
21110006473000,1,1,0,0
21110006474000,636,315,321,26584.8
21110006475000,1876,928,948,83106.8
21110006476000,966,468,498,40282.2
21110006477000,33,17,16,1270.5
21110006486000,23,11,12,862.5
21110006487000,13,8,5,560.3
21110006489000,6,3,3,145.2
21110006498000,22,8,14,796.4
21110006499000,15,9,6,595.5
21110006500000,2,1,1,0
21110006507000,1,0,1,0
21110006518000,2,1,1,0
21110006519000,6,4,2,322.8
21110006520000,6,2,4,199.8
21110006546000,6,4,2,331.2
21110006547000,1,0,1,0
21110006548000,5,3,2,238
21110006599000,11,5,6,531.3
21110006600000,20,11,9,860
21110006602000,30,17,13,1266
21110006603000,5,2,3,358
21110006604000,11,6,5,455.4
21110006609000,2,1,1,0
21110006610000,3,2,1,0
21110006613000,3,1,2,0
21110006614000,5,3,2,275
21110006636000,1,0,1,0
21110006637000,40,21,19,1696
21110006638000,2,1,1,0
21110006655000,6,1,5,145.2
21110006663000,7,3,4,349.3
21110006789000,7,4,3,329
21110006839000,15,7,8,945
21110006840000,35,19,16,1389.5
21110006841000,3,1,2,0
21110006955000,96,50,46,4560
21110006956000,175,89,86,8085
21110006957000,4,2,2,0
21110006974000,14,8,6,715.4
21110006978000,26,11,15,1055.6
21110006979000,14,7,7,718.2
21110006981000,8,4,4,300.8
21110006982000,30,16,14,1296
21110006995000,6,2,4,226.2
21110006996000,7,5,2,170.8
21110006999000,8,3,5,206.4
21110007000000,2,1,1,0
21110007001000,28,19,9,977.2
21110007002000,26,15,11,819
21110007005000,25,15,10,1185
21110007006000,10,3,7,386
21110007007000,24,13,11,1044
21110007008000,15,8,7,751.5
21110007009000,8,4,4,402.4
21120006475000,284,148,136,12240.4
21120006476000,830,428,402,32619
21120006477000,103,46,57,3605
21120006489000,2,1,1,0
21120006496000,1,1,0,0
21120006498000,3,2,1,0
21120006500000,2,2,0,0
21120006502000,7,5,2,317.8
21120006504000,6,3,3,178.8
21120006505000,62,36,26,2294
21120006506000,19,8,11,763.8
21120006513000,11,8,3,547.8
21120006519000,2,1,1,0
21120006520000,1,1,0,0
21120006527000,5,3,2,174
21120006547000,3,2,1,0
21120006548000,2,1,1,0
21120006559000,3,2,1,0
21120006568000,3,1,2,0
21120006600000,23,13,10,1311
21120006603000,6,5,1,367.8
21120006608000,1,0,1,0
21120006609000,13,8,5,387.4
21120006610000,29,13,16,1093.3
21120006612000,3,2,1,0
21120006625000,14,7,7,551.6
21120006635000,2,1,1,0
21120006636000,7,4,3,408.8
21120006637000,47,26,21,2115
21120006638000,6,3,3,229.8
21120006788000,21,10,11,798
21120006789000,13,8,5,704.6
21120006790000,23,12,11,887.8
21120006791000,6,3,3,219
21120006840000,8,6,2,422.4
21120006842000,2,1,1,0
21120006933000,4,3,1,0
21120006956000,14,6,8,701.4
21120006974000,340,161,179,14042
21120006977000,130,67,63,4290
21120006978000,24,14,10,1142.4
21120006979000,16,10,6,811.2
21120006982000,37,18,19,1409.7
21120006995000,1,1,0,0
21120006996000,17,10,7,742.9
21120006997000,12,5,7,448.8
21120006999000,39,19,20,1638
21120007000000,5,3,2,271
21120007001000,4,2,2,0
21120007002000,15,8,7,607.5
21120007003000,39,21,18,1540.5
21120007004000,38,20,18,1406
21120007005000,19,12,7,856.9
21130006474000,1,1,0,0
21130006475000,10,4,6,538
21130006476000,240,119,121,7992
21130006477000,273,142,131,10101
21130006478000,51,21,30,1851.3
21130006481000,19,8,11,592.8
21130006486000,10,5,5,300
21130006493000,8,3,5,412.8
21130006494000,3,2,1,0
21130006499000,4,3,1,0
21130006505000,34,20,14,1227.4
21130006506000,102,51,51,4416.6
21130006507000,29,14,15,1128.1
21130006513000,11,5,6,423.5
21130006518000,2,1,1,0
21130006519000,7,3,4,366.8
21130006522000,4,2,2,0
21130006526000,11,4,7,523.6
21130006543000,3,1,2,0
21130006545000,1,0,1,0
21130006558000,1,0,1,0
21130006560000,10,6,4,492
21130006567000,1,1,0,0
21130006568000,2,1,1,0
21130006599000,6,3,3,343.8
21130006605000,3,1,2,0
21130006606000,1,1,0,0
21130006607000,74,35,39,3256
21130006608000,39,18,21,2039.7
21130006609000,29,16,13,1160
21130006613000,1,1,0,0
21130006614000,19,9,10,685.9
21130006615000,5,3,2,256
21130006616000,4,3,1,0
21130006617000,10,5,5,425
21130006618000,2,1,1,0
21130006620000,6,4,2,378
21130006621000,14,9,5,372.4
21130006625000,8,3,5,230.4
21130006635000,6,2,4,226.2
21130006636000,3,1,2,0
21130006640000,4,2,2,0
21130006650000,4,2,2,0
21130006656000,2,0,2,0
21130006657000,1,1,0,0
21130006664000,3,1,2,0
21130006791000,4,2,2,0
21130006792000,6,1,5,286.8
21130006818000,29,15,14,1238.3
21130006820000,4,3,1,0
21130006821000,11,5,6,500.5
21130006843000,7,5,2,137.2
21130006844000,11,5,6,426.8
21130006946000,15,7,8,637.5
21130006947000,3,2,1,0
21130006955000,3,2,1,0
21130006956000,14,8,6,711.2
21130006962000,8,2,6,312
21130006965000,2,1,1,0
21130006966000,3,2,1,0
21130006973000,23,12,11,690
21130006974000,254,129,125,9271
21130006976000,109,64,45,4545.3
21130006977000,308,154,154,10687.6
21130006978000,167,82,85,6262.5
21130006982000,35,17,18,1438.5
21130006995000,11,7,4,533.5
21130006996000,71,41,30,2705.1
21130006997000,12,6,6,372
21130006999000,12,7,5,451.2
21130007003000,13,7,6,575.9
21130007004000,166,92,74,6108.8
21130007005000,7,4,3,294
21130007006000,3,2,1,0
21130007007000,2,1,1,0
21140006475000,17,7,10,719.1
21140006476000,27,16,11,923.4
21140006477000,61,30,31,2318
21140006478000,321,157,164,9084.3
21140006479000,16,8,8,580.8
21140006480000,23,14,9,759
21140006486000,2,2,0,0
21140006489000,3,3,0,0
21140006495000,4,1,3,0
21140006526000,6,3,3,379.8
21140006527000,56,26,30,1904
21140006544000,18,9,9,784.8
21140006545000,11,6,5,534.6
21140006558000,1,1,0,0
21140006559000,5,2,3,220
21140006560000,21,13,8,1108.8
21140006566000,6,3,3,330
21140006598000,5,3,2,236
21140006599000,1,1,0,0
21140006608000,11,6,5,383.9
21140006609000,1,1,0,0
21140006613000,4,3,1,0
21140006615000,110,56,54,4928
21140006616000,8,4,4,548
21140006620000,1,1,0,0
21140006621000,6,4,2,139.8
21140006622000,8,4,4,231.2
21140006623000,24,14,10,842.4
21140006624000,13,7,6,356.2
21140006625000,13,8,5,702
21140006640000,2,2,0,0
21140006642000,2,0,2,0
21140006651000,2,1,1,0
21140006652000,1,0,1,0
21140006653000,1,1,0,0
21140006792000,39,19,20,1704.3
21140006811000,2,1,1,0
21140006817000,13,7,6,644.8
21140006818000,1651,815,836,75450.7
21140006819000,3,1,2,0
21140006844000,8,5,3,400
21140006897000,4,2,2,0
21140006934000,6,5,1,219
21140006955000,8,4,4,334.4
21140006956000,24,15,9,1008
21140006961000,5,2,3,224
21140006962000,34,16,18,1275
21140006965000,4,3,1,0
21140006966000,19,10,9,678.3
21140006967000,10,6,4,625
21140006973000,69,37,32,2904.9
21140006974000,30,15,15,1068
21140006977000,2,2,0,0
21140006980000,14,6,8,593.6
21140006982000,20,12,8,758
21140006995000,31,16,15,1085
21140006996000,188,97,91,7087.6
21140006998000,6,2,4,306
21140006999000,6,4,2,273
21140007003000,38,19,19,1964.6
21140007004000,4,3,1,0
21140007005000,8,6,2,344
21140007006000,2,2,0,0
21140007007000,7,5,2,382.9
21140007008000,9,5,4,261.9
21150006476000,10,4,6,346
21150006477000,11,6,5,421.3
21150006478000,6,4,2,229.2
21150006479000,10,5,5,445
21150006480000,16,9,7,569.6
21150006485000,5,2,3,156
21150006491000,7,2,5,249.9
21150006495000,5,2,3,228
21150006496000,2,1,1,0
21150006497000,4,2,2,0
21150006511000,12,7,5,398.4
21150006517000,24,10,14,1106.4
21150006523000,2,1,1,0
21150006525000,11,4,7,464.2
21150006526000,4,2,2,0
21150006527000,32,15,17,1241.6
21150006528000,11,5,6,401.5
21150006542000,7,4,3,130.9
21150006543000,12,5,7,615.6
21150006544000,4,2,2,0
21150006559000,7,3,4,247.8
21150006597000,1,1,0,0
21150006598000,4,2,2,0
21150006599000,4,2,2,0
21150006606000,4,2,2,0
21150006615000,54,26,28,2916
21150006616000,7,6,1,142.8
21150006617000,2,1,1,0
21150006618000,3,2,1,0
21150006621000,6,3,3,193.8
21150006622000,19,11,8,600.4
21150006623000,32,13,19,1363.2
21150006624000,18,10,8,847.8
21150006625000,7,4,3,268.1
21150006629000,4,2,2,0
21150006635000,3,2,1,0
21150006636000,7,4,3,286.3
21150006639000,3,1,2,0
21150006644000,3,2,1,0
21150006648000,5,3,2,222
21150006650000,3,1,2,0
21150006657000,1,0,1,0
21150006792000,8,2,6,234.4
21150006793000,19,12,7,948.1
21150006794000,7,5,2,217
21150006818000,874,453,421,37669.4
21150006819000,32,17,15,1177.6
21150006846000,6,4,2,211.2
21150006897000,2,1,1,0
21150006933000,5,3,2,252
21150006936000,3,1,2,0
21150006949000,2,1,1,0
21150006955000,19,10,9,609.9
21150006956000,21,12,9,984.9
21150006961000,52,24,28,1778.4
21150006962000,33,19,14,1633.5
21150006963000,4,2,2,0
21150006965000,10,4,6,305
21150006966000,42,21,21,2045.4
21150006967000,35,19,16,1498
21150006973000,27,13,14,1055.7
21150006974000,13,9,4,448.5
21150006982000,57,29,28,2388.3
21150006983000,7,3,4,233.1
21150006990000,1,1,0,0
21150006994000,2,0,2,0
21150006995000,2,1,1,0
21150006996000,21,12,9,800.1
21150006997000,30,15,15,1350
21150006998000,42,23,19,1638
21150006999000,28,11,17,1078
21150007002000,15,7,8,577.5
21150007003000,91,47,44,3439.8
21150007005000,9,2,7,326.7
21150007007000,15,9,6,729
21150007008000,65,30,35,2405
21150007010000,5,2,3,136
21150007011000,1,0,1,0
21160006476000,7,4,3,473.9
21160006477000,5,3,2,138
21160006478000,46,29,17,1679
21160006479000,5,3,2,104
21160006483000,14,7,7,534.8
21160006484000,53,29,24,1876.2
21160006485000,44,24,20,1526.8
21160006487000,1,0,1,0
21160006492000,9,5,4,216
21160006494000,8,3,5,352
21160006497000,10,6,4,495
21160006498000,5,4,1,151
21160006502000,2,1,1,0
21160006505000,1,1,0,0
21160006515000,3,2,1,0
21160006516000,17,10,7,748
21160006521000,12,4,8,532.8
21160006522000,3,3,0,0
21160006523000,13,5,8,322.4
21160006525000,3,2,1,0
21160006526000,2,2,0,0
21160006527000,5,1,4,98
21160006528000,1,1,0,0
21160006541000,14,6,8,551.6
21160006542000,21,10,11,795.9
21160006543000,6,3,3,187.8
21160006558000,2,1,1,0
21160006598000,2,1,1,0
21160006599000,1,0,1,0
21160006614000,9,6,3,342
21160006620000,2,2,0,0
21160006623000,23,10,13,729.1
21160006624000,5,2,3,296
21160006628000,19,10,9,725.8
21160006629000,18,9,9,682.2
21160006631000,2,2,0,0
21160006632000,8,6,2,216
21160006633000,4,3,1,0
21160006635000,2,1,1,0
21160006642000,5,2,3,138
21160006647000,5,2,3,141
21160006792000,7,3,4,410.9
21160006793000,16,9,7,910.4
21160006794000,27,13,14,1314.9
21160006818000,111,67,44,5305.8
21160006819000,288,144,144,13132.8
21160006897000,3,2,1,0
21160006949000,22,14,8,829.4
21160006950000,8,4,4,368.8
21160006951000,15,10,5,585
21160006952000,11,7,4,502.7
21160006953000,3,1,2,0
21160006961000,11,4,7,313.5
21160006962000,7,4,3,494.2
21160006966000,5,2,3,301
21160006967000,14,6,8,574
21160006968000,26,14,12,1250.6
21160006969000,32,15,17,1177.6
21160006970000,158,71,87,6335.8
21160006973000,21,11,10,669.9
21160006982000,16,11,5,534.4
21160006983000,39,24,15,1934.4
21160006994000,36,21,15,1119.6
21160006995000,14,8,6,709.8
21160006996000,14,8,6,564.2
21160006997000,21,12,9,653.1
21160006998000,541,264,277,26022.1
21160006999000,504,241,263,18446.4
21160007000000,17,8,9,724.2
21160007001000,75,44,31,3000
21160007002000,37,18,19,1213.6
21160007004000,10,6,4,464
21160007005000,29,18,11,1374.6
21160007008000,186,95,91,7272.6
21160007009000,13,7,6,426.4
21160007011000,7,3,4,370.3
21160007012000,14,6,8,502.6
21160007013000,71,37,34,3109.8
21170006476000,41,21,20,1763
21170006477000,47,23,24,1974
21170006478000,24,10,14,1032
21170006482000,1,0,1,0
21170006483000,12,6,6,457.2
21170006484000,31,16,15,1336.1
21170006485000,91,46,45,3549
21170006486000,8,3,5,276.8
21170006490000,10,5,5,270
21170006491000,3,1,2,0
21170006492000,1,1,0,0
21170006501000,3,2,1,0
21170006503000,5,3,2,241
21170006504000,1,1,0,0
21170006505000,14,9,5,515.2
21170006507000,14,5,9,588
21170006513000,2,1,1,0
21170006514000,35,21,14,1354.5
21170006515000,1,1,0,0
21170006519000,9,5,4,396.9
21170006520000,2,2,0,0
21170006523000,11,6,5,408.1
21170006528000,1,1,0,0
21170006541000,7,4,3,322.7
21170006551000,1,1,0,0
21170006597000,5,2,3,138
21170006614000,8,3,5,392
21170006624000,5,3,2,145
21170006627000,2,1,1,0
21170006628000,2,1,1,0
21170006629000,1,1,0,0
21170006630000,21,12,9,693
21170006633000,6,3,3,349.2
21170006634000,3,2,1,0
21170006643000,9,3,6,322.2
21170006656000,1,0,1,0
21170006657000,2,1,1,0
21170006727000,3,1,2,0
21170006745000,1,0,1,0
21170006746000,8,4,4,428.8
21170006791000,15,9,6,774
21170006792000,10,6,4,487
21170006819000,127,71,56,4978.4
21170006820000,1,1,0,0
21170006950000,7,4,3,347.2
21170006951000,204,106,98,8751.6
21170006952000,69,41,28,2559.9
21170006953000,3,1,2,0
21170006958000,7,5,2,419.3
21170006959000,2,1,1,0
21170006960000,8,4,4,391.2
21170006961000,23,12,11,1281.1
21170006962000,8,5,3,316
21170006964000,9,5,4,348.3
21170006965000,9,7,2,570.6
21170006966000,32,17,15,1555.2
21170006970000,5,3,2,363
21170006979000,6,1,5,199.2
21170006980000,10,6,4,434
21170006981000,3,2,1,0
21170006983000,132,69,63,5636.4
21170006995000,8,4,4,290.4
21170006996000,11,6,5,572
21170006998000,56,27,29,3253.6
21170006999000,224,109,115,8131.2
21170007000000,30,14,16,1104
21170007004000,41,21,20,1619.5
21170007005000,11,7,4,634.7
21170007008000,14,8,6,518
21170007009000,193,104,89,8086.7
21170007011000,43,25,18,1939.3
21170007013000,23,12,11,1051.1
21180006476000,11,6,5,356.4
21180006477000,17,8,9,909.5
21180006478000,11,6,5,459.8
21180006479000,11,6,5,410.3
21180006481000,9,3,6,442.8
21180006482000,25,10,15,1050
21180006483000,17,8,9,632.4
21180006484000,9,5,4,500.4
21180006485000,33,14,19,1260.6
21180006486000,6,3,3,163.8
21180006490000,3,2,1,0
21180006492000,4,1,3,0
21180006499000,9,4,5,189.9
21180006500000,1,1,0,0
21180006502000,3,1,2,0
21180006504000,10,6,4,392
21180006505000,15,8,7,586.5
21180006506000,1,1,0,0
21180006519000,2,2,0,0
21180006520000,2,1,1,0
21180006523000,6,3,3,331.8
21180006525000,2,1,1,0
21180006527000,7,3,4,256.2
21180006539000,5,4,1,150
21180006551000,2,1,1,0
21180006596000,1,1,0,0
21180006597000,2,1,1,0
21180006598000,9,7,2,236.7
21180006599000,2,1,1,0
21180006614000,16,9,7,708.8
21180006615000,10,7,3,427
21180006626000,6,2,4,373.2
21180006627000,15,4,11,357
21180006643000,12,6,6,637.2
21180006646000,4,1,3,0
21180006653000,5,3,2,244
21180006726000,1,1,0,0
21180006727000,20,9,11,1082
21180006744000,17,9,8,402.9
21180006745000,7,3,4,277.9
21180006791000,10,6,4,296
21180006820000,152,81,71,4757.6
21180006952000,24,13,11,871.2
21180006958000,40,21,19,1724
21180006959000,1,1,0,0
21180006960000,29,15,14,1026.6
21180006961000,4,2,2,0
21180006963000,3,2,1,0
21180006964000,9,5,4,498.6
21180006965000,4,3,1,0
21180006970000,3,1,2,0
21180006971000,14,8,6,362.6
21180006973000,2,1,1,0
21180006980000,84,36,48,3536.4
21180006981000,44,27,17,1430
21180006983000,161,90,71,6955.2
21180006984000,99,61,38,4603.5
21180006995000,7,5,2,398.3
21180006996000,26,13,13,946.4
21180006997000,2,1,1,0
21180007003000,25,15,10,1382.5
21180007004000,2,1,1,0
21180007007000,15,10,5,643.5
21180007008000,49,28,21,1915.9
21180007009000,204,107,97,8568
21180007010000,10,7,3,355
21180007011000,7,2,5,273
21180007012000,4,1,3,0
21180007014000,39,18,21,1560
21190006476000,212,102,110,8352.8
21190006477000,385,200,185,14206.5
21190006478000,77,41,36,2756.6
21190006479000,25,13,12,995
21190006480000,12,7,5,476.4
21190006481000,2,1,1,0
21190006482000,4,1,3,0
21190006483000,12,6,6,608.4
21190006484000,10,7,3,518
21190006490000,7,4,3,205.1
21190006498000,7,5,2,252
21190006501000,4,2,2,0
21190006503000,2,1,1,0
21190006505000,8,4,4,420.8
21190006506000,15,8,7,768
21190006507000,1,1,0,0
21190006519000,3,1,2,0
21190006538000,4,2,2,0
21190006540000,3,3,0,0
21190006596000,1,1,0,0
21190006598000,1,1,0,0
21190006614000,2,1,1,0
21190006615000,1,0,1,0
21190006616000,1,1,0,0
21190006626000,10,5,5,512
21190006629000,2,1,1,0
21190006645000,17,7,10,651.1
21190006652000,4,3,1,0
21190006726000,1,1,0,0
21190006744000,29,13,16,1165.8
21190006791000,3,1,2,0
21190006821000,2,1,1,0
21190006958000,13,5,8,507
21190006959000,52,32,20,1986.4
21190006960000,1,1,0,0
21190006971000,8,4,4,282.4
21190006974000,3,1,2,0
21190006980000,3,1,2,0
21190006981000,18,9,9,871.2
21190006982000,15,8,7,766.5
21190006983000,491,258,233,20474.7
21190006984000,30,17,13,1137
21190007001000,9,5,4,246.6
21190007002000,11,6,5,495
21190007003000,32,21,11,1526.4
21190007007000,28,15,13,1402.8
21190007008000,28,14,14,1344
21190007009000,50,26,24,1965
21190007014000,15,9,6,717
21200006476000,8,2,6,276
21200006477000,70,36,34,2506
21200006478000,8,2,6,482.4
21200006479000,3,2,1,0
21200006480000,13,7,6,382.2
21200006481000,5,3,2,279
21200006482000,47,25,22,1927
21200006483000,4,2,2,0
21200006484000,36,16,20,1065.6
21200006485000,8,3,5,367.2
21200006486000,13,7,6,562.9
21200006487000,2,1,1,0
21200006490000,25,15,10,965
21200006491000,11,5,6,518.1
21200006495000,3,2,1,0
21200006496000,2,1,1,0
21200006497000,8,2,6,272
21200006498000,9,5,4,381.6
21200006506000,6,4,2,319.2
21200006507000,7,4,3,461.3
21200006508000,4,2,2,0
21200006510000,14,9,5,469
21200006511000,3,2,1,0
21200006512000,2,1,1,0
21200006513000,9,5,4,344.7
21200006514000,9,5,4,349.2
21200006528000,6,3,3,291
21200006529000,14,8,6,597.8
21200006536000,2,1,1,0
21200006610000,8,5,3,280.8
21200006613000,1,1,0,0
21200006625000,3,0,3,0
21200006628000,1,0,1,0
21200006642000,7,5,2,317.8
21200006645000,2,0,2,0
21200006742000,3,2,1,0
21200006744000,4,2,2,0
21200006791000,3,1,2,0
21200006959000,5,1,4,138
21200006971000,19,13,6,750.5
21200006974000,9,5,4,344.7
21200006982000,8,6,2,376
21200006983000,132,71,61,3841.2
21200006985000,51,27,24,2055.3
21200006997000,36,17,19,1479.6
21200007000000,7,3,4,357
21200007001000,26,15,11,889.2
21200007002000,7,4,3,221.2
21200007003000,60,29,31,2730
21200007012000,5,3,2,196
21200007013000,17,10,7,873.8
21200007014000,27,14,13,1277.1
21200007015000,11,6,5,427.9
21210006479000,5,1,4,168
21210006480000,125,70,55,4287.5
21210006481000,395,206,189,11810.5
21210006482000,32,16,16,1046.4
21210006483000,8,3,5,259.2
21210006484000,849,421,428,22498.5
21210006485000,263,149,114,10178.1
21210006486000,107,56,51,3670.1
21210006487000,7,4,3,324.1
21210006488000,1,0,1,0
21210006489000,7,3,4,263.2
21210006490000,3,2,1,0
21210006491000,76,39,37,2622
21210006495000,12,5,7,519.6
21210006506000,35,22,13,780.5
21210006507000,22,12,10,1111
21210006508000,9,3,6,421.2
21210006509000,6,3,3,187.8
21210006510000,20,13,7,802
21210006511000,1,0,1,0
21210006515000,1,1,0,0
21210006526000,1,1,0,0
21210006527000,4,3,1,0
21210006529000,8,5,3,272.8
21210006530000,7,4,3,291.9
21210006531000,4,2,2,0
21210006553000,4,1,3,0
21210006575000,5,2,3,171
21210006594000,13,8,5,581.1
21210006595000,1,1,0,0
21210006609000,14,8,6,537.6
21210006611000,2,2,0,0
21210006612000,1,1,0,0
21210006613000,15,11,4,625.5
21210006615000,2,2,0,0
21210006626000,2,2,0,0
21210006627000,4,3,1,0
21210006631000,3,2,1,0
21210006642000,4,3,1,0
21210006644000,2,1,1,0
21210006740000,1,0,1,0
21210006959000,2,1,1,0
21210006971000,4,2,2,0
21210006974000,7,3,4,207.2
21210006982000,12,8,4,514.8
21210006983000,23,8,15,920
21210006985000,33,17,16,1415.7
21210006997000,71,37,34,2619.9
21210006998000,2,0,2,0
21210007001000,30,14,16,1170
21210007002000,7,4,3,431.2
21210007003000,2,1,1,0
21210007008000,5,3,2,72
21210007009000,21,12,9,1026.9
21210007010000,7,3,4,270.2
21210007012000,3,2,1,0
21210007013000,113,58,55,4926.8
21210007014000,191,98,93,8728.7
21210007015000,117,64,53,4644.9
21220006480000,4,1,3,0
21220006481000,67,32,35,1896.1
21220006482000,179,88,91,6712.5
21220006483000,48,24,24,1862.4
21220006484000,680,353,327,24344
21220006485000,743,361,382,27639.6
21220006486000,83,44,39,2988
21220006488000,3,2,1,0
21220006489000,6,3,3,159
21220006490000,12,8,4,657.6
21220006494000,2,1,1,0
21220006498000,1,0,1,0
21220006528000,2,0,2,0
21220006531000,37,22,15,1483.7
21220006532000,7,4,3,317.8
21220006575000,2,1,1,0
21220006576000,7,2,5,270.2
21220006577000,3,2,1,0
21220006594000,3,3,0,0
21220006609000,7,5,2,174.3
21220006611000,1,1,0,0
21220006625000,1,1,0,0
21220006729000,12,7,5,547.2
21220006792000,3,2,1,0
21220006896000,1,1,0,0
21220006959000,9,6,3,379.8
21220006971000,7,4,3,252
21220006972000,8,4,4,480.8
21220006975000,2,1,1,0
21220006982000,23,12,11,982.1
21220006983000,3,2,1,0
21220006985000,20,11,9,856
21220006990000,10,6,4,416
21220006991000,13,7,6,435.5
21220006997000,12,6,6,429.6
21220006998000,4,1,3,0
21220007001000,27,14,13,1360.8
21220007002000,25,11,14,925
21220007008000,25,10,15,1135
21220007009000,32,17,15,1232
21220007010000,3,3,0,0
21220007011000,1,1,0,0
21220007012000,20,11,9,776
21220007013000,12,7,5,624
21220007014000,23,18,5,924.6
21220007015000,71,37,34,3152.4
21220007016000,10,7,3,284
21230006481000,137,73,64,5534.8
21230006482000,1434,719,715,53344.8
21230006483000,541,279,262,19367.8
21230006484000,198,109,89,8335.8
21230006485000,685,345,340,25071
21230006486000,238,114,124,7949.2
21230006495000,6,1,5,163.8
21230006502000,5,2,3,132
21230006504000,7,5,2,333.9
21230006507000,15,9,6,424.5
21230006508000,3,2,1,0
21230006510000,4,3,1,0
21230006511000,10,5,5,422
21230006528000,11,6,5,382.8
21230006529000,4,3,1,0
21230006531000,284,142,142,11331.6
21230006532000,268,131,137,11390
21230006533000,25,13,12,860
21230006535000,2,1,1,0
21230006537000,4,3,1,0
21230006575000,3,2,1,0
21230006576000,9,4,5,295.2
21230006577000,2,1,1,0
21230006593000,7,2,5,300.3
21230006595000,6,3,3,286.8
21230006607000,3,2,1,0
21230006608000,6,2,4,253.8
21230006609000,8,6,2,427.2
21230006612000,4,1,3,0
21230006729000,14,8,6,698.6
21230006740000,17,8,9,822.8
21230006741000,2,1,1,0
21230006792000,3,2,1,0
21230006953000,7,5,2,459.9
21230006956000,28,10,18,1299.2
21230006957000,268,131,137,11282.8
21230006958000,19,9,10,1018.4
21230006959000,9,5,4,421.2
21230006972000,6,2,4,169.8
21230006975000,9,5,4,302.4
21230006982000,53,31,22,2289.6
21230006983000,19,11,8,482.6
21230006984000,11,6,5,487.3
21230006988000,1,1,0,0
21230006990000,4,2,2,0
21230006991000,29,16,13,1168.7
21230006992000,3,1,2,0
21230006998000,23,11,12,805
21230006999000,1,1,0,0
21230007001000,3,2,1,0
21230007002000,61,29,32,2098.4
21230007008000,27,14,13,1244.7
21230007009000,4,3,1,0
21230007010000,11,7,4,546.7
21230007011000,50,27,23,1615
21230007012000,12,6,6,523.2
21240006482000,149,81,68,6928.5
21240006483000,1159,620,539,49025.7
21240006484000,1616,811,805,65448
21240006485000,687,332,355,27823.5
21240006486000,73,37,36,2810.5
21240006495000,14,9,5,554.4
21240006503000,6,4,2,367.2
21240006504000,3,2,1,0
21240006507000,3,1,2,0
21240006508000,26,15,11,1112.8
21240006509000,18,9,9,475.2
21240006510000,18,8,10,738
21240006511000,5,3,2,156
21240006512000,5,2,3,232
21240006516000,29,18,11,962.8
21240006517000,4,3,1,0
21240006530000,9,4,5,216
21240006531000,3,2,1,0
21240006532000,52,28,24,1752.4
21240006533000,42,24,18,1625.4
21240006535000,2,1,1,0
21240006550000,2,1,1,0
21240006551000,1,0,1,0
21240006553000,10,4,6,403
21240006555000,2,1,1,0
21240006593000,4,1,3,0
21240006595000,3,0,3,0
21240006607000,1,0,1,0
21240006608000,3,2,1,0
21240006609000,5,2,3,307
21240006611000,2,1,1,0
21240006612000,6,3,3,273
21240006637000,1,1,0,0
21240006650000,1,1,0,0
21240006729000,35,17,18,1788.5
21240006730000,16,6,10,694.4
21240006740000,32,17,15,1475.2
21240006741000,6,4,2,202.8
21240006883000,7,2,5,266.7
21240006952000,2,1,1,0
21240006953000,10,3,7,451
21240006954000,114,56,58,4662.6
21240006955000,131,70,61,5279.3
21240006956000,6,4,2,264
21240006957000,319,157,162,12313.4
21240006958000,1008,508,500,45259.2
21240006959000,5,2,3,224
21240006960000,13,5,8,513.5
21240006973000,7,3,4,380.8
21240006982000,64,35,29,2688
21240006984000,206,104,102,8878.6
21240006991000,4,3,1,0
21240006992000,6,3,3,187.2
21240006998000,7,4,3,329
21240006999000,17,9,8,666.4
21240007002000,34,17,17,1533.4
21240007006000,5,4,1,180
21240007007000,48,24,24,2188.8
21240007008000,78,43,35,3252.6
21240007009000,34,18,16,1424.6
21240007010000,14,6,8,477.4
21240007012000,10,5,5,403
21240007016000,5,4,1,216
21250006483000,261,120,141,15712.2
21250006484000,1452,727,725,60984
21250006485000,983,475,508,39123.4
21250006486000,414,194,220,16435.8
21250006487000,90,45,45,3555
21250006490000,33,15,18,1059.3
21250006491000,8,4,4,314.4
21250006492000,7,1,6,207.2
21250006493000,3,2,1,0
21250006494000,7,6,1,375.9
21250006495000,63,35,28,2450.7
21250006496000,22,11,11,759
21250006497000,1,1,0,0
21250006502000,6,3,3,318
21250006511000,6,3,3,379.8
21250006516000,13,9,4,754
21250006528000,4,3,1,0
21250006531000,44,24,20,1460.8
21250006532000,1,1,0,0
21250006533000,2,2,0,0
21250006534000,15,6,9,661.5
21250006535000,2,1,1,0
21250006537000,2,1,1,0
21250006554000,3,2,1,0
21250006564000,3,2,1,0
21250006572000,3,0,3,0
21250006575000,9,5,4,557.1
21250006576000,3,2,1,0
21250006577000,3,2,1,0
21250006595000,5,1,4,280
21250006603000,2,1,1,0
21250006607000,3,1,2,0
21250006612000,14,4,10,414.4
21250006623000,7,3,4,266.7
21250006626000,1,1,0,0
21250006630000,19,13,6,625.1
21250006631000,6,4,2,183
21250006632000,6,4,2,211.2
21250006649000,2,1,1,0
21250006650000,1,1,0,0
21250006729000,135,69,66,6034.5
21250006730000,25,14,11,1210
21250006740000,119,57,62,5343.1
21250006741000,6,4,2,435
21250006794000,13,9,4,357.5
21250006883000,2,0,2,0
21250006884000,12,7,5,549.6
21250006954000,15,6,9,778.5
21250006955000,6,3,3,346.2
21250006956000,72,35,37,3420
21250006957000,587,299,288,24654
21250006958000,120,63,57,4656
21250006960000,23,11,12,1000.5
21250006973000,1,1,0,0
21250006982000,20,10,10,868
21250006984000,219,98,121,10052.1
21250006986000,1,0,1,0
21250006992000,11,5,6,415.8
21250006993000,16,10,6,670.4
21250006999000,37,22,15,1665
21250007000000,17,9,8,681.7
21250007002000,1,0,1,0
21250007003000,46,23,23,1835.4
21250007006000,12,8,4,446.4
21250007007000,12,9,3,508.8
21250007008000,139,66,73,5587.8
21250007009000,13,8,5,500.5
21250007010000,12,8,4,470.4
21250007012000,31,18,13,1072.6
21250007013000,32,13,19,1059.2
21250007016000,14,9,5,599.2
21250007018000,10,4,6,348
21260006483000,14,6,8,753.2
21260006484000,40,18,22,1924
21260006485000,52,25,27,1752.4
21260006486000,82,42,40,3206.2
21260006487000,218,110,108,7499.2
21260006488000,9,4,5,349.2
21260006491000,62,31,31,2492.4
21260006492000,36,14,22,1533.6
21260006493000,30,17,13,879
21260006494000,22,13,9,884.4
21260006495000,37,19,18,1572.5
21260006496000,11,8,3,291.5
21260006500000,9,4,5,371.7
21260006501000,21,11,10,840
21260006502000,177,91,86,6991.5
21260006503000,14,7,7,819
21260006509000,6,4,2,172.8
21260006516000,11,6,5,389.4
21260006530000,6,2,4,270
21260006531000,33,18,15,1250.7
21260006532000,18,11,7,759.6
21260006536000,8,6,2,384.8
21260006537000,9,4,5,403.2
21260006551000,30,13,17,1425
21260006552000,19,10,9,615.6
21260006570000,1,1,0,0
21260006571000,12,6,6,464.4
21260006572000,8,5,3,402.4
21260006573000,31,16,15,1311.3
21260006575000,5,2,3,270
21260006576000,32,19,13,1164.8
21260006593000,10,7,3,499
21260006594000,4,2,2,0
21260006603000,1,1,0,0
21260006606000,2,1,1,0
21260006607000,1,1,0,0
21260006611000,2,1,1,0
21260006612000,26,13,13,1154.4
21260006613000,18,5,13,860.4
21260006623000,8,5,3,416.8
21260006624000,29,12,17,1336.9
21260006630000,39,23,16,1700.4
21260006631000,7,4,3,340.9
21260006632000,6,3,3,235.2
21260006723000,4,2,2,0
21260006728000,10,7,3,391
21260006729000,227,106,121,10010.7
21260006730000,27,15,12,1352.7
21260006732000,1,1,0,0
21260006740000,90,51,39,4266
21260006884000,12,5,7,465.6
21260006954000,44,24,20,2217.6
21260006955000,85,47,38,3417
21260006956000,28,14,14,1150.8
21260006958000,7,4,3,326.2
21260006960000,8,5,3,480.8
21260006972000,11,5,6,710.6
21260006973000,19,11,8,1086.8
21260006984000,60,33,27,2622
21260006992000,10,5,5,590
21260006993000,19,9,10,834.1
21260006994000,34,14,20,1302.2
21260007000000,11,6,5,534.6
21260007001000,15,7,8,414
21260007003000,42,22,20,2066.4
21260007004000,9,7,2,281.7
21260007006000,14,10,4,518
21260007007000,22,11,11,842.6
21260007009000,7,4,3,139.3
21260007010000,21,10,11,978.6
21260007011000,2,1,1,0
21260007012000,25,14,11,967.5
21260007013000,2,1,1,0
21260007014000,78,39,39,2948.4
21260007015000,62,30,32,2697
21260007016000,52,28,24,1976
21260007018000,125,65,60,5162.5
21260007019000,19,10,9,942.4
21270006484000,92,46,46,3744.4
21270006485000,56,29,27,2430.4
21270006486000,68,36,32,2720
21270006487000,681,350,331,24311.7
21270006488000,60,29,31,2400
21270006489000,17,12,5,634.1
21270006490000,20,11,9,930
21270006491000,40,21,19,1752
21270006492000,97,57,40,3327.1
21270006493000,49,21,28,1964.9
21270006495000,29,14,15,1223.8
21270006496000,51,26,25,2065.5
21270006497000,29,14,15,1180.3
21270006498000,25,13,12,1175
21270006500000,35,22,13,1288
21270006501000,3,2,1,0
21270006502000,112,63,49,3953.6
21270006503000,7,3,4,242.2
21270006504000,23,11,12,834.9
21270006505000,20,13,7,620
21270006509000,1,1,0,0
21270006510000,2,1,1,0
21270006514000,18,7,11,592.2
21270006515000,7,5,2,296.8
21270006516000,7,4,3,188.3
21270006518000,9,6,3,252.9
21270006524000,1,1,0,0
21270006525000,5,3,2,292
21270006531000,2,1,1,0
21270006532000,1,1,0,0
21270006533000,3,1,2,0
21270006536000,1,1,0,0
21270006537000,2,1,1,0
21270006538000,3,2,1,0
21270006550000,2,1,1,0
21270006551000,1,0,1,0
21270006552000,13,7,6,612.3
21270006553000,21,12,9,1297.8
21270006554000,15,9,6,733.5
21270006555000,21,9,12,949.2
21270006561000,73,39,34,3628.1
21270006562000,5,3,2,236
21270006568000,10,5,5,506
21270006569000,1,1,0,0
21270006577000,2,1,1,0
21270006593000,4,2,2,0
21270006594000,21,11,10,728.7
21270006603000,11,6,5,559.9
21270006604000,1,1,0,0
21270006605000,6,3,3,370.2
21270006606000,9,4,5,495.9
21270006608000,3,2,1,0
21270006609000,9,4,5,486.9
21270006610000,1,0,1,0
21270006611000,72,41,31,3240
21270006612000,18,8,10,730.8
21270006613000,7,4,3,494.9
21270006628000,4,3,1,0
21270006629000,12,7,5,582
21270006630000,7,5,2,510.3
21270006651000,1,0,1,0
21270006722000,5,2,3,205
21270006723000,3,2,1,0
21270006726000,1,0,1,0
21270006728000,4,2,2,0
21270006729000,190,84,106,9861
21270006730000,162,78,84,7938
21270006731000,28,14,14,1114.4
21270006732000,4,2,2,0
21270006739000,5,1,4,151
21270006740000,41,20,21,1894.2
21270006882000,3,1,2,0
21270006884000,2,2,0,0
21270006950000,2,2,0,0
21270006951000,5,2,3,190
21270006952000,16,9,7,747.2
21270006953000,18,11,7,613.8
21270006959000,3,2,1,0
21270006960000,34,21,13,1037
21270006971000,2,1,1,0
21270006972000,35,19,16,1312.5
21270006973000,20,11,9,972
21270006974000,4,4,0,0
21270006976000,2,1,1,0
21270006983000,2,1,1,0
21270006984000,1,1,0,0
21270006985000,14,10,4,565.6
21270006993000,45,22,23,1539
21270006994000,39,17,22,1626.3
21270006995000,119,68,51,4224.5
21270006996000,23,14,9,954.5
21270007001000,21,13,8,825.3
21270007004000,28,15,13,1268.4
21270007005000,3,2,1,0
21270007006000,16,7,9,865.6
21270007012000,42,21,21,1814.4
21270007013000,145,69,76,6104.5
21270007015000,30,12,18,1332
21270007018000,132,61,71,5214
21270007019000,77,40,37,3095.4
21280006483000,3,2,1,0
21280006484000,22,13,9,871.2
21280006485000,54,26,28,2160
21280006486000,41,24,17,1467.8
21280006487000,777,389,388,26806.5
21280006488000,51,27,24,1708.5
21280006489000,65,30,35,2366
21280006490000,75,39,36,3075
21280006491000,157,79,78,5793.3
21280006492000,476,242,234,17278.8
21280006493000,43,27,16,1784.5
21280006494000,62,36,26,2926.4
21280006495000,83,47,36,3328.3
21280006496000,144,68,76,4550.4
21280006497000,37,22,15,1365.3
21280006498000,89,44,45,3275.2
21280006499000,51,27,24,2142
21280006500000,66,34,32,2758.8
21280006501000,286,149,137,7807.8
21280006502000,652,322,330,21711.6
21280006503000,75,43,32,2400
21280006504000,7,4,3,230.3
21280006505000,11,5,6,291.5
21280006506000,20,13,7,842
21280006507000,1,0,1,0
21280006508000,73,34,39,2708.3
21280006509000,6,5,1,168
21280006513000,15,9,6,448.5
21280006514000,26,13,13,702
21280006515000,11,7,4,434.5
21280006516000,1,1,0,0
21280006524000,12,5,7,286.8
21280006525000,9,5,4,610.2
21280006539000,1,1,0,0
21280006540000,2,0,2,0
21280006555000,7,3,4,326.2
21280006559000,80,45,35,3304
21280006560000,115,54,61,4163
21280006561000,276,139,137,9908.4
21280006562000,6,2,4,255
21280006563000,3,1,2,0
21280006564000,11,7,4,600.6
21280006570000,1,1,0,0
21280006571000,5,1,4,193
21280006573000,1,1,0,0
21280006576000,94,42,52,4173.6
21280006578000,2,2,0,0
21280006593000,2,1,1,0
21280006594000,59,28,31,2926.4
21280006601000,23,12,11,1035
21280006602000,22,9,13,1023
21280006603000,16,10,6,900.8
21280006604000,9,5,4,354.6
21280006605000,36,21,15,1422
21280006606000,8,6,2,334.4
21280006607000,13,5,8,338
21280006608000,5,3,2,145
21280006609000,7,3,4,322
21280006610000,21,10,11,957.6
21280006611000,7,3,4,287.7
21280006621000,1,1,0,0
21280006622000,4,3,1,0
21280006627000,10,5,5,276
21280006628000,31,16,15,1602.7
21280006629000,26,11,15,1014
21280006726000,3,1,2,0
21280006727000,5,3,2,333
21280006728000,40,22,18,1428
21280006729000,510,247,263,19686
21280006730000,437,218,219,17742.2
21280006731000,146,78,68,6161.2
21280006739000,31,18,13,1475.6
21280006740000,26,14,12,1058.2
21280006883000,1,1,0,0
21280006884000,15,8,7,849
21280006889000,1,1,0,0
21280006890000,2,1,1,0
21280006946000,1,0,1,0
21280006947000,5,2,3,244
21280006951000,5,3,2,210
21280006952000,14,8,6,641.2
21280006959000,105,56,49,4242
21280006960000,14,10,4,460.6
21280006970000,13,7,6,458.9
21280006971000,20,11,9,812
21280006974000,2,1,1,0
21280006976000,1,0,1,0
21280006982000,5,3,2,216
21280006983000,12,5,7,609.6
21280006985000,47,24,23,1729.6
21280006994000,262,117,145,12078.2
21280006995000,145,79,66,6539.5
21280006996000,22,11,11,1302.4
21280007001000,5,3,2,288
21280007002000,20,10,10,914
21280007004000,31,15,16,1760.8
21280007011000,46,25,21,1858.4
21280007012000,121,64,57,4549.6
21280007013000,200,101,99,6460
21280007014000,57,32,25,2177.4
21280007015000,20,10,10,1002
21280007016000,13,4,9,492.7
21280007017000,4,2,2,0
21280007019000,78,35,43,2776.8
21290006486000,75,37,38,2655
21290006487000,887,450,437,32996.4
21290006488000,151,73,78,6447.7
21290006489000,54,28,26,2721.6
21290006490000,91,49,42,3767.4
21290006491000,50,29,21,2365
21290006492000,74,39,35,2923
21290006493000,49,26,23,1484.7
21290006494000,10,5,5,367
21290006495000,18,7,11,606.6
21290006497000,22,12,10,741.4
21290006498000,21,14,7,924
21290006500000,14,8,6,824.6
21290006501000,37,21,16,1579.9
21290006502000,722,330,392,33428.6
21290006503000,214,109,105,8838.2
21290006504000,41,18,23,1988.5
21290006505000,13,7,6,478.4
21290006506000,38,17,21,1383.2
21290006507000,31,15,16,1007.5
21290006508000,31,18,13,1085
21290006510000,1,0,1,0
21290006512000,20,11,9,610
21290006513000,51,28,23,1856.4
21290006524000,2,1,1,0
21290006525000,17,9,8,882.3
21290006539000,2,1,1,0
21290006540000,7,3,4,245
21290006545000,10,6,4,445
21290006546000,2,1,1,0
21290006547000,23,11,12,745.2
21290006558000,24,13,11,991.2
21290006559000,66,31,35,2983.2
21290006560000,3,1,2,0
21290006561000,26,11,15,985.4
21290006571000,6,2,4,300
21290006574000,13,6,7,676
21290006575000,5,2,3,209
21290006576000,18,7,11,903.6
21290006577000,19,7,12,1280.6
21290006578000,6,5,1,223.2
21290006579000,19,10,9,902.5
21290006580000,21,13,8,789.6
21290006582000,5,2,3,130
21290006592000,4,3,1,0
21290006593000,14,7,7,586.6
21290006594000,104,57,47,5064.8
21290006601000,1,1,0,0
21290006602000,17,7,10,487.9
21290006603000,108,59,49,4644
21290006604000,117,61,56,5370.3
21290006605000,16,9,7,673.6
21290006607000,18,9,9,655.2
21290006609000,6,2,4,196.2
21290006610000,2,1,1,0
21290006613000,5,2,3,167
21290006621000,4,2,2,0
21290006622000,6,3,3,358.2
21290006627000,16,11,5,553.6
21290006724000,3,2,1,0
21290006725000,9,6,3,421.2
21290006726000,2,1,1,0
21290006729000,26,14,12,1084.2
21290006730000,426,216,210,17977.2
21290006731000,192,92,100,7238.4
21290006732000,10,5,5,447
21290006739000,31,16,15,1481.8
21290006883000,1,1,0,0
21290006884000,13,5,8,491.4
21290006946000,5,4,1,196
21290006947000,4,2,2,0
21290006958000,6,3,3,411
21290006959000,379,184,195,15690.6
21290006974000,7,2,5,324.1
21290006976000,2,1,1,0
21290006977000,6,4,2,144
21290006983000,10,4,6,489
21290006984000,1,1,0,0
21290006985000,72,36,36,2678.4
21290006995000,46,24,22,1757.2
21290006996000,19,10,9,651.7
21290006997000,13,8,5,821.6
21290007002000,17,8,9,656.2
21290007004000,22,9,13,919.6
21290007005000,22,12,10,961.4
21290007008000,2,1,1,0
21290007009000,28,14,14,1352.4
21290007010000,11,7,4,535.7
21290007011000,48,22,26,2256
21290007012000,40,21,19,1392
21290007013000,69,30,39,2201.1
21290007014000,183,96,87,7850.7
21290007015000,305,149,156,13176
21290007016000,126,44,82,7585.2
21290007017000,59,31,28,2336.4
21290007018000,33,17,16,1564.2
21290007019000,53,27,26,1865.6
21300006487000,539,267,272,22260.7
21300006488000,1067,516,551,43640.3
21300006489000,101,56,45,3585.5
21300006490000,11,6,5,370.7
21300006491000,79,42,37,3373.3
21300006492000,163,79,84,6014.7
21300006493000,41,21,20,1771.2
21300006495000,3,1,2,0
21300006496000,23,12,11,972.9
21300006497000,37,15,22,1487.4
21300006498000,20,11,9,538
21300006499000,3,2,1,0
21300006500000,43,24,19,2102.7
21300006501000,249,127,122,8839.5
21300006502000,912,457,455,29913.6
21300006503000,155,78,77,6324
21300006504000,69,32,37,2691
21300006505000,49,25,24,1911
21300006506000,54,29,25,1976.4
21300006507000,1,0,1,0
21300006508000,10,5,5,303
21300006509000,1,1,0,0
21300006510000,35,21,14,1459.5
21300006511000,17,8,9,455.6
21300006512000,28,15,13,1013.6
21300006513000,9,3,6,424.8
21300006519000,37,20,17,1639.1
21300006520000,1,1,0,0
21300006524000,2,1,1,0
21300006525000,11,4,7,453.2
21300006538000,7,3,4,340.9
21300006539000,1,1,0,0
21300006542000,3,2,1,0
21300006544000,3,2,1,0
21300006545000,3,2,1,0
21300006558000,3,1,2,0
21300006559000,20,10,10,1020
21300006575000,12,7,5,625.2
21300006576000,3,2,1,0
21300006579000,21,12,9,701.4
21300006580000,17,9,8,664.7
21300006581000,8,3,5,408.8
21300006587000,4,2,2,0
21300006592000,6,4,2,360
21300006593000,14,8,6,791
21300006594000,49,26,23,2405.9
21300006595000,2,1,1,0
21300006599000,3,2,1,0
21300006601000,2,1,1,0
21300006602000,134,63,71,6231
21300006603000,246,126,120,9913.8
21300006604000,46,25,21,2088.4
21300006605000,7,4,3,268.1
21300006606000,35,20,15,1680
21300006607000,14,6,8,702.8
21300006608000,3,1,2,0
21300006611000,12,7,5,429.6
21300006612000,12,6,6,495.6
21300006622000,2,1,1,0
21300006625000,20,10,10,1128
21300006723000,2,1,1,0
21300006724000,45,24,21,2070
21300006731000,63,36,27,2797.2
21300006732000,25,12,13,962.5
21300006739000,3,1,2,0
21300006884000,4,2,2,0
21300006944000,20,11,9,1140
21300006945000,10,3,7,436
21300006946000,5,3,2,131
21300006958000,34,18,16,1356.6
21300006959000,718,355,363,29725.2
21300006960000,3,1,2,0
21300006975000,9,5,4,390.6
21300006977000,40,21,19,1512
21300006984000,13,7,6,505.7
21300006985000,31,17,14,1162.5
21300006986000,26,16,10,1292.2
21300006996000,6,2,4,432
21300006997000,3,2,1,0
21300006998000,30,15,15,1050
21300007002000,13,6,7,614.9
21300007005000,37,24,13,1550.3
21300007006000,2,1,1,0
21300007008000,37,20,17,1909.2
21300007014000,8,4,4,400.8
21300007015000,3,1,2,0
21300007016000,77,42,35,3326.4
21300007017000,82,41,41,3337.4
21310006488000,904,443,461,34442.4
21310006489000,109,55,54,4392.7
21310006490000,850,402,448,28900
21310006491000,370,193,177,15429
21310006492000,20,9,11,1156
21310006493000,196,89,107,9153.2
21310006494000,19,10,9,847.4
21310006495000,38,19,19,1615
21310006496000,35,15,20,1599.5
21310006497000,20,11,9,1044
21310006498000,7,2,5,459.2
21310006499000,134,70,64,5534.2
21310006500000,19,12,7,837.9
21310006502000,30,10,20,1005
21310006503000,34,16,18,1567.4
21310006504000,18,8,10,693
21310006505000,35,18,17,1774.5
21310006506000,25,13,12,985
21310006519000,86,48,38,3603.4
21310006522000,4,3,1,0
21310006524000,5,3,2,214
21310006525000,5,3,2,83
21310006544000,2,1,1,0
21310006545000,9,5,4,359.1
21310006557000,26,14,12,1333.8
21310006558000,12,6,6,754.8
21310006575000,3,1,2,0
21310006576000,5,3,2,173
21310006587000,3,2,1,0
21310006588000,15,7,8,685.5
21310006591000,6,3,3,262.2
21310006592000,22,14,8,1137.4
21310006593000,3,2,1,0
21310006598000,2,2,0,0
21310006600000,4,2,2,0
21310006601000,81,41,40,3240
21310006602000,195,91,104,8775
21310006607000,8,5,3,418.4
21310006609000,3,1,2,0
21310006610000,10,6,4,415
21310006611000,23,11,12,922.3
21310006723000,19,10,9,642.2
21310006724000,17,9,8,783.7
21310006732000,19,11,8,708.7
21310006738000,1,1,0,0
21310006739000,3,1,2,0
21310006774000,4,3,1,0
21310006884000,13,8,5,357.5
21310006943000,9,4,5,453.6
21310006944000,5,2,3,307
21310006956000,12,6,6,777.6
21310006957000,15,9,6,582
21310006958000,50,23,27,1985
21310006959000,120,63,57,4872
21310006977000,28,14,14,1162
21310006978000,4,3,1,0
21310006984000,8,3,5,414.4
21310006985000,13,7,6,426.4
21310006986000,22,12,10,833.8
21310006996000,8,5,3,320.8
21310006997000,2,1,1,0
21310006998000,7,4,3,401.8
21310006999000,8,4,4,336
21310007002000,8,5,3,291.2
21310007003000,2,1,1,0
21310007005000,7,4,3,249.2
21310007006000,65,33,32,3373.5
21310007007000,22,13,9,697.4
21310007008000,29,14,15,1064.3
21310007010000,1,1,0,0
21310007011000,25,14,11,947.5
21310007012000,8,4,4,374.4
21310007013000,35,19,16,1487.5
21320006487000,5,4,1,124
21320006488000,595,304,291,24990
21320006489000,147,74,73,5997.6
21320006490000,50,24,26,1870
21320006491000,963,490,473,39001.5
21320006492000,324,153,171,15973.2
21320006493000,905,448,457,35928.5
21320006494000,750,367,383,32025
21320006495000,65,35,30,2691
21320006496000,1,0,1,0
21320006497000,26,16,10,1268.8
21320006498000,13,5,8,663
21320006499000,31,18,13,1246.2
21320006500000,3,2,1,0
21320006503000,21,11,10,980.7
21320006504000,15,7,8,487.5
21320006505000,10,5,5,579
21320006506000,24,14,10,974.4
21320006508000,7,5,2,300.3
21320006515000,7,4,3,186.9
21320006519000,1,0,1,0
21320006522000,2,1,1,0
21320006526000,5,3,2,178
21320006557000,4,2,2,0
21320006597000,4,3,1,0
21320006598000,14,6,8,683.2
21320006599000,15,8,7,666
21320006600000,53,23,30,1876.2
21320006601000,44,22,22,1601.6
21320006606000,1,1,0,0
21320006607000,28,15,13,1016.4
21320006608000,16,10,6,884.8
21320006609000,2,1,1,0
21320006622000,7,3,4,438.9
21320006722000,14,7,7,540.4
21320006723000,17,9,8,987.7
21320006724000,2,1,1,0
21320006732000,16,11,5,820.8
21320006733000,24,14,10,1096.8
21320006738000,55,26,29,1958
21320006739000,19,10,9,798
21320006749000,8,4,4,324
21320006801000,3,2,1,0
21320006884000,3,1,2,0
21320006888000,4,2,2,0
21320006942000,7,4,3,329.7
21320006956000,14,6,8,529.2
21320006957000,9,4,5,345.6
21320006958000,28,12,16,1192.8
21320006959000,55,29,26,2392.5
21320006978000,1,1,0,0
21320006984000,3,1,2,0
21320006985000,15,4,11,490.5
21320006986000,10,5,5,459
21320006987000,8,6,2,250.4
21320006996000,5,2,3,261
21320006997000,61,30,31,2250.9
21320006999000,27,13,14,939.6
21320007000000,23,12,11,793.5
21320007002000,10,6,4,231
21320007006000,7,3,4,205.8
21320007007000,3,1,2,0
21320007010000,35,21,14,1242.5
21320007011000,103,50,53,4315.7
21320007012000,31,17,14,1252.4
21320007013000,18,9,9,984.6
21320007014000,67,40,27,2847.5
21320007015000,6,4,2,252
21320007018000,30,17,13,1707
21320007019000,678,341,337,30238.8
21320007020000,871,431,440,39978.9
21330006489000,5,3,2,247
21330006491000,10,7,3,609
21330006492000,586,298,288,23615.8
21330006493000,365,180,185,13395.5
21330006494000,621,317,304,23163.3
21330006495000,612,307,305,20440.8
21330006496000,17,8,9,783.7
21330006497000,43,19,24,1874.8
21330006498000,551,276,275,16530
21330006499000,25,14,11,960
21330006501000,10,6,4,468
21330006504000,8,3,5,214.4
21330006505000,10,7,3,588
21330006506000,2,1,1,0
21330006507000,1,1,0,0
21330006516000,2,1,1,0
21330006517000,13,9,4,564.2
21330006519000,1,1,0,0
21330006522000,3,1,2,0
21330006526000,6,5,1,223.2
21330006527000,7,3,4,403.2
21330006606000,6,4,2,240
21330006607000,11,4,7,419.1
21330006722000,18,10,8,883.8
21330006723000,2,1,1,0
21330006733000,27,13,14,1242
21330006734000,15,8,7,601.5
21330006735000,5,3,2,333
21330006737000,4,2,2,0
21330006738000,249,115,134,12176.1
21330006739000,18,10,8,1002.6
21330006745000,7,5,2,282.8
21330006746000,6,5,1,316.8
21330006749000,1,1,0,0
21330006884000,5,2,3,162
21330006887000,1,1,0,0
21330006956000,13,6,7,594.1
21330006957000,14,5,9,651
21330006958000,36,18,18,1504.8
21330006959000,36,21,15,1609.2
21330006975000,2,1,1,0
21330006983000,3,2,1,0
21330006987000,5,3,2,310
21330006995000,25,14,11,955
21330006996000,12,5,7,387.6
21330006997000,14,6,8,383.6
21330006998000,2,1,1,0
21330007000000,9,5,4,529.2
21330007002000,17,8,9,773.5
21330007008000,24,12,12,1017.6
21330007009000,77,35,42,3611.3
21330007010000,24,12,12,643.2
21330007015000,15,8,7,511.5
21330007017000,715,358,357,29887
21330007018000,2748,1380,1368,127232.4
21330007019000,2783,1394,1389,118277.5
21330007020000,1705,822,883,72462.5
21340006492000,43,21,22,1552.3
21340006493000,304,168,136,12920
21340006494000,302,155,147,11989.4
21340006495000,920,445,475,37168
21340006496000,29,14,15,1307.9
21340006497000,180,90,90,7452
21340006498000,179,98,81,6551.4
21340006499000,483,242,241,16422
21340006500000,23,11,12,1064.9
21340006501000,12,9,3,630
21340006502000,4,2,2,0
21340006503000,4,2,2,0
21340006506000,3,1,2,0
21340006509000,12,5,7,476.4
21340006510000,47,23,24,1583.9
21340006512000,5,2,3,112
21340006514000,2,1,1,0
21340006519000,7,5,2,151.9
21340006522000,32,17,15,1392
21340006529000,8,3,5,396
21340006540000,13,7,6,482.3
21340006548000,5,3,2,163
21340006560000,2,2,0,0
21340006607000,5,3,2,333
21340006620000,12,7,5,310.8
21340006621000,9,4,5,522
21340006624000,2,1,1,0
21340006625000,14,6,8,442.4
21340006626000,8,4,4,308.8
21340006627000,2,1,1,0
21340006654000,7,4,3,328.3
21340006721000,3,3,0,0
21340006734000,21,11,10,768.6
21340006735000,19,8,11,750.5
21340006737000,60,30,30,2430
21340006738000,56,28,28,2660
21340006745000,21,9,12,716.1
21340006746000,21,11,10,997.5
21340006883000,1,1,0,0
21340006954000,12,7,5,576
21340006955000,13,11,2,526.5
21340006958000,9,5,4,286.2
21340006959000,11,5,6,533.5
21340006975000,1,1,0,0
21340006983000,4,2,2,0
21340006984000,7,5,2,259.7
21340006985000,4,2,2,0
21340006987000,7,3,4,364.7
21340006988000,3,2,1,0
21340006994000,12,7,5,586.8
21340006998000,14,6,8,523.6
21340007001000,18,11,7,703.8
21340007002000,2,1,1,0
21340007008000,103,61,42,4150.9
21340007009000,86,43,43,4042
21340007015000,13,6,7,633.1
21340007016000,7,3,4,238.7
21340007017000,120,74,46,5388
21340007018000,1797,908,889,81224.4
21340007019000,1908,966,942,83379.6
21340007020000,54,27,27,2673
21350006493000,186,98,88,7216.8
21350006494000,1093,537,556,50715.2
21350006495000,1281,636,645,50983.8
21350006496000,1531,728,803,66445.4
21350006497000,832,438,394,30700.8
21350006498000,252,117,135,9349.2
21350006499000,476,243,233,15803.2
21350006500000,18,10,8,714.6
21350006501000,35,19,16,1389.5
21350006502000,6,3,3,385.8
21350006505000,1,1,0,0
21350006508000,4,2,2,0
21350006509000,11,7,4,357.5
21350006512000,39,21,18,1392.3
21350006517000,1,0,1,0
21350006520000,2,1,1,0
21350006521000,5,3,2,273
21350006522000,29,15,14,1191.9
21350006523000,2,1,1,0
21350006531000,5,2,3,93
21350006532000,3,1,2,0
21350006606000,13,8,5,539.5
21350006607000,23,12,11,1041.9
21350006608000,41,18,23,1861.4
21350006609000,8,5,3,463.2
21350006620000,4,2,2,0
21350006621000,9,5,4,295.2
21350006623000,13,7,6,530.4
21350006624000,21,12,9,852.6
21350006720000,9,4,5,554.4
21350006721000,10,5,5,593
21350006734000,5,2,3,355
21350006735000,39,25,14,1626.3
21350006736000,13,5,8,808.6
21350006737000,35,17,18,1592.5
21350006746000,7,3,4,368.9
21350006883000,4,2,2,0
21350006884000,31,14,17,1484.9
21350006941000,4,2,2,0
21350006942000,5,3,2,314
21350006954000,11,7,4,440
21350006976000,12,7,5,411.6
21350006982000,2,1,1,0
21350006984000,39,17,22,1696.5
21350006985000,3,2,1,0
21350006998000,2,1,1,0
21350006999000,5,3,2,289
21350007002000,13,4,9,547.3
21350007003000,67,34,33,2204.3
21350007004000,8,2,6,362.4
21350007008000,37,17,20,1798.2
21350007009000,275,134,141,9350
21350007010000,375,194,181,15450
21350007011000,2,1,1,0
21350007014000,34,17,17,1768
21350007015000,98,52,46,4145.4
21350007016000,1,1,0,0
21350007018000,1380,714,666,57546
21350007019000,522,270,252,22915.8
21350007020000,86,44,42,3844.2
21360006492000,6,4,2,211.2
21360006493000,54,27,27,1668.6
21360006494000,493,249,244,17945.2
21360006495000,839,410,429,34566.8
21360006496000,1634,816,818,71079
21360006497000,2123,1080,1043,86618.4
21360006498000,1724,842,882,67408.4
21360006499000,656,326,330,24993.6
21360006500000,19,9,10,950
21360006501000,29,15,14,997.6
21360006502000,26,12,14,1188.2
21360006503000,6,3,3,175.8
21360006504000,7,4,3,256.2
21360006505000,15,7,8,631.5
21360006506000,1,1,0,0
21360006514000,4,2,2,0
21360006520000,4,2,2,0
21360006522000,18,9,9,928.8
21360006531000,2,1,1,0
21360006533000,1,1,0,0
21360006534000,11,5,6,390.5
21360006545000,5,2,3,131
21360006546000,1,1,0,0
21360006575000,1,1,0,0
21360006604000,1,1,0,0
21360006606000,13,6,7,790.4
21360006607000,5,4,1,314
21360006608000,11,7,4,364.1
21360006609000,67,36,31,3242.8
21360006610000,9,5,4,279.9
21360006619000,4,3,1,0
21360006620000,53,31,22,1934.5
21360006621000,70,35,35,2912
21360006622000,24,12,12,1111.2
21360006623000,22,11,11,1181.4
21360006655000,34,18,16,1380.4
21360006703000,1,1,0,0
21360006720000,3,2,1,0
21360006733000,1,1,0,0
21360006734000,18,11,7,610.2
21360006735000,6,2,4,274.8
21360006736000,40,25,15,1544
21360006737000,5,4,1,236
21360006746000,8,4,4,304
21360006747000,7,3,4,431.2
21360006803000,12,6,6,438
21360006804000,9,6,3,390.6
21360006882000,1,1,0,0
21360006883000,24,13,11,1092
21360006884000,19,11,8,752.4
21360006941000,2,1,1,0
21360006959000,4,3,1,0
21360006976000,2,1,1,0
21360006982000,13,6,7,421.2
21360006983000,1,1,0,0
21360006988000,3,1,2,0
21360006989000,12,7,5,475.2
21360006999000,23,11,12,779.7
21360007002000,22,14,8,756.8
21360007008000,48,26,22,1560
21360007009000,40,23,17,2012
21360007015000,198,94,104,7326
21360007016000,7,3,4,356.3
21360007018000,236,120,116,9770.4
21360007019000,777,407,370,30613.8
21370006493000,2,1,1,0
21370006494000,451,227,224,19573.4
21370006495000,631,315,316,25176.9
21370006496000,436,205,231,19881.6
21370006497000,2193,1031,1162,104167.5
21370006498000,1509,723,786,65037.9
21370006499000,293,133,160,12218.1
21370006500000,31,18,13,833.9
21370006501000,88,46,42,3801.6
21370006502000,257,124,133,8892.2
21370006503000,27,13,14,747.9
21370006504000,8,5,3,228
21370006513000,2,1,1,0
21370006522000,16,8,8,683.2
21370006523000,17,7,10,907.8
21370006524000,6,2,4,273
21370006525000,7,4,3,212.8
21370006529000,4,2,2,0
21370006530000,2,1,1,0
21370006531000,2,1,1,0
21370006606000,11,4,7,534.6
21370006610000,61,36,25,2220.4
21370006611000,27,12,15,920.7
21370006613000,11,6,5,577.5
21370006619000,89,45,44,3586.7
21370006620000,66,34,32,2686.2
21370006621000,32,17,15,1363.2
21370006623000,2,1,1,0
21370006655000,3,2,1,0
21370006714000,6,4,2,379.2
21370006715000,2,0,2,0
21370006721000,4,1,3,0
21370006733000,3,2,1,0
21370006734000,5,4,1,253
21370006735000,14,6,8,617.4
21370006746000,23,12,11,924.6
21370006747000,2,1,1,0
21370006803000,3,2,1,0
21370006804000,24,15,9,883.2
21370006855000,1,1,0,0
21370006882000,3,1,2,0
21370006883000,35,16,19,1368.5
21370006884000,6,4,2,124.8
21370006941000,1,1,0,0
21370006979000,14,9,5,859.6
21370006990000,32,16,16,1353.6
21370006991000,9,5,4,405
21370006997000,8,3,5,191.2
21370006998000,19,9,10,623.2
21370006999000,84,46,38,3007.2
21370007000000,3,2,1,0
21370007002000,2,1,1,0
21370007003000,6,1,5,130.2
21370007005000,3,3,0,0
21370007008000,2,1,1,0
21370007009000,62,33,29,2876.8
21370007010000,15,7,8,586.5
21370007015000,189,98,91,7389.9
21370007016000,950,465,485,35055
21370007017000,79,44,35,3555
21370007019000,1183,603,580,39157.3
21370007020000,328,162,166,8823.2
21380006492000,1,1,0,0
21380006493000,5,3,2,216
21380006494000,268,126,142,11363.2
21380006495000,70,33,37,3241
21380006496000,194,99,95,7895.8
21380006497000,698,352,346,31549.6
21380006498000,924,457,467,38992.8
21380006499000,8,5,3,347.2
21380006502000,19,7,12,706.8
21380006503000,74,39,35,3100.6
21380006504000,13,10,3,526.5
21380006506000,6,3,3,349.8
21380006507000,4,1,3,0
21380006512000,2,1,1,0
21380006514000,6,3,3,240
21380006515000,2,1,1,0
21380006522000,18,10,8,676.8
21380006526000,9,5,4,440.1
21380006527000,21,10,11,911.4
21380006528000,34,18,16,1193.4
21380006529000,2,2,0,0
21380006532000,7,5,2,280.7
21380006582000,2,1,1,0
21380006583000,2,1,1,0
21380006610000,115,56,59,4324
21380006611000,403,199,204,17208.1
21380006612000,16,8,8,619.2
21380006618000,40,23,17,1592
21380006619000,20,10,10,588
21380006620000,5,2,3,323
21380006621000,1,1,0,0
21380006623000,6,2,4,199.2
21380006655000,2,1,1,0
21380006683000,3,1,2,0
21380006714000,6,2,4,252
21380006715000,15,9,6,490.5
21380006733000,5,4,1,266
21380006734000,14,7,7,662.2
21380006746000,15,9,6,585
21380006747000,33,12,21,1438.8
21380006882000,7,5,2,294.7
21380006883000,29,16,13,1328.2
21380006884000,25,13,12,1367.5
21380006959000,5,3,2,220
21380006973000,11,6,5,463.1
21380006974000,17,9,8,875.5
21380006975000,3,3,0,0
21380006979000,3,2,1,0
21380006990000,40,17,23,1684
21380006991000,25,11,14,1205
21380006997000,2,1,1,0
21380006998000,4,3,1,0
21380006999000,195,94,101,8248.5
21380007000000,2,1,1,0
21380007002000,10,7,3,460
21380007003000,12,8,4,726
21380007004000,19,11,8,858.8
21380007005000,6,3,3,436.2
21380007010000,22,14,8,1119.8
21380007015000,14,8,6,596.4
21380007016000,323,152,171,13275.3
21380007017000,120,72,48,5100
21380007018000,18,11,7,642.6
21380007019000,59,28,31,1952.9
21380007020000,285,156,129,7410
21380007038000,1,0,1,0
21390006494000,2,1,1,0
21390006495000,130,64,66,5707
21390006496000,452,220,232,21560.4
21390006497000,440,210,230,18700
21390006498000,260,140,120,9776
21390006502000,15,6,9,612
21390006503000,53,30,23,2072.3
21390006504000,40,24,16,1496
21390006505000,39,20,19,1700.4
21390006506000,57,28,29,2382.6
21390006507000,24,14,10,1260
21390006508000,6,3,3,121.2
21390006514000,4,3,1,0
21390006515000,8,4,4,390.4
21390006522000,9,5,4,248.4
21390006523000,11,6,5,550
21390006525000,10,6,4,433
21390006526000,3,1,2,0
21390006527000,2,1,1,0
21390006546000,30,17,13,1419
21390006582000,5,4,1,163
21390006604000,4,2,2,0
21390006605000,6,2,4,183
21390006606000,2,1,1,0
21390006609000,6,4,2,138
21390006610000,124,57,67,5220.4
21390006611000,495,225,270,22324.5
21390006612000,64,27,37,2771.2
21390006613000,16,7,9,584
21390006617000,16,9,7,609.6
21390006618000,8,3,5,440
21390006623000,5,3,2,164
21390006625000,16,6,10,782.4
21390006655000,85,42,43,3842
21390006715000,64,36,28,3161.6
21390006733000,14,8,6,691.6
21390006734000,20,11,9,734
21390006746000,4,2,2,0
21390006747000,32,16,16,1456
21390006882000,8,4,4,315.2
21390006883000,23,11,12,1143.1
21390006884000,31,18,13,1686.4
21390006971000,1,0,1,0
21390006972000,24,14,10,1140
21390006973000,18,9,9,680.4
21390006974000,50,25,25,2300
21390006975000,4,2,2,0
21390006989000,18,8,10,646.2
21390006990000,3,2,1,0
21390006991000,1,0,1,0
21390006992000,4,2,2,0
21390006994000,9,5,4,329.4
21390006995000,7,2,5,357.7
21390006996000,1,1,0,0
21390006999000,3,2,1,0
21390007000000,14,7,7,837.2
21390007003000,2,1,1,0
21390007010000,43,28,15,1763
21390007011000,144,80,64,5587.2
21390007012000,6,3,3,193.8
21390007013000,19,10,9,748.6
21390007015000,13,7,6,561.6
21390007016000,586,322,264,17169.8
21390007017000,109,55,54,4708.8
21390007018000,23,13,10,1120.1
21390007019000,16,9,7,702.4
21390007020000,2,1,1,0
21390007046000,14,3,11,403.2
21400006494000,9,5,4,341.1
21400006495000,65,36,29,3081
21400006496000,241,120,121,9832.8
21400006497000,94,47,47,4324
21400006498000,173,85,88,7525.5
21400006499000,123,59,64,4526.4
21400006500000,193,109,84,7044.5
21400006501000,37,19,18,1631.7
21400006502000,11,5,6,335.5
21400006503000,5,3,2,99
21400006504000,48,27,21,2006.4
21400006505000,31,16,15,1277.2
21400006506000,45,24,21,2065.5
21400006507000,21,9,12,1050
21400006508000,7,4,3,231
21400006509000,6,2,4,252
21400006510000,5,3,2,106
21400006513000,5,4,1,157
21400006519000,5,4,1,279
21400006522000,15,10,5,694.5
21400006523000,2,1,1,0
21400006524000,2,1,1,0
21400006525000,9,2,7,639.9
21400006546000,45,24,21,1696.5
21400006547000,17,10,7,759.9
21400006563000,1,0,1,0
21400006580000,3,2,1,0
21400006582000,9,4,5,210.6
21400006592000,6,4,2,381
21400006604000,3,2,1,0
21400006605000,5,2,3,276
21400006610000,12,8,4,448.8
21400006611000,136,69,67,6555.2
21400006612000,143,72,71,6277.7
21400006613000,18,9,9,759.6
21400006614000,3,2,1,0
21400006623000,11,5,6,435.6
21400006624000,73,34,39,2868.9
21400006625000,10,4,6,604
21400006655000,213,109,104,9265.5
21400006704000,13,8,5,462.8
21400006715000,20,11,9,894
21400006722000,2,1,1,0
21400006734000,10,6,4,439
21400006746000,7,2,5,378.7
21400006882000,40,20,20,1660
21400006883000,14,7,7,715.4
21400006923000,3,2,1,0
21400006931000,4,2,2,0
21400006932000,10,5,5,467
21400006934000,3,2,1,0
21400006935000,3,1,2,0
21400006971000,22,10,12,919.6
21400006979000,22,16,6,1009.8
21400006991000,2,2,0,0
21400006992000,12,5,7,447.6
21400007004000,12,6,6,432
21400007005000,20,7,13,536
21400007006000,7,2,5,233.8
21400007007000,5,3,2,278
21400007008000,11,7,4,368.5
21400007011000,21,11,10,911.4
21400007012000,207,99,108,7452
21400007013000,105,50,55,4158
21400007014000,141,75,66,5301.6
21400007015000,244,124,120,8393.6
21400007016000,181,98,83,7312.4
21400007017000,31,17,14,1202.8
21400007018000,2,1,1,0
21400007046000,31,16,15,992
21400007047000,15,8,7,577.5
21400007048000,24,11,13,837.6
21410006494000,77,41,36,2856.7
21410006495000,90,39,51,3753
21410006497000,40,21,19,1440
21410006498000,212,109,103,9370.4
21410006499000,555,296,259,22644
21410006500000,907,445,462,37368.4
21410006501000,664,339,325,25763.2
21410006502000,13,8,5,440.7
21410006503000,25,13,12,1232.5
21410006504000,17,8,9,926.5
21410006505000,10,4,6,319
21410006506000,46,27,19,1922.8
21410006507000,2,1,1,0
21410006508000,7,5,2,310.1
21410006509000,8,3,5,430.4
21410006510000,4,2,2,0
21410006513000,3,1,2,0
21410006518000,14,8,6,719.6
21410006519000,38,20,18,1611.2
21410006520000,13,6,7,465.4
21410006521000,11,6,5,470.8
21410006526000,11,7,4,453.2
21410006533000,13,6,7,494
21410006545000,20,12,8,720
21410006546000,4,2,2,0
21410006564000,5,3,2,369
21410006580000,13,8,5,448.5
21410006581000,6,4,2,151.2
21410006590000,28,14,14,1391.6
21410006591000,15,7,8,618
21410006604000,5,3,2,211
21410006609000,29,15,14,1191.9
21410006610000,2,1,1,0
21410006611000,2,1,1,0
21410006613000,10,4,6,453
21410006614000,8,4,4,378.4
21410006615000,7,3,4,256.2
21410006623000,14,8,6,600.6
21410006624000,49,27,22,1881.6
21410006625000,23,13,10,1000.5
21410006648000,2,1,1,0
21410006655000,508,247,261,24688.8
21410006704000,27,12,15,1117.8
21410006705000,5,2,3,223
21410006710000,2,1,1,0
21410006715000,11,5,6,528
21410006734000,11,5,6,443.3
21410006735000,15,7,8,667.5
21410006740000,3,1,2,0
21410006741000,19,10,9,761.9
21410006746000,8,5,3,374.4
21410006766000,25,16,9,795
21410006804000,10,6,4,381
21410006857000,2,1,1,0
21410006881000,3,1,2,0
21410006882000,31,19,12,1615.1
21410006883000,1,1,0,0
21410006930000,8,4,4,546.4
21410006931000,26,11,15,1560
21410006932000,1,1,0,0
21410006968000,5,2,3,168
21410006970000,24,13,11,1113.6
21410006971000,5,2,3,172
21410006979000,82,46,36,3157
21410006992000,1,0,1,0
21410007001000,18,7,11,739.8
21410007004000,7,3,4,193.9
21410007005000,2,1,1,0
21410007006000,18,7,11,858.6
21410007007000,54,30,24,2397.6
21410007008000,7,3,4,289.1
21410007009000,4,2,2,0
21410007012000,19,9,10,771.4
21410007013000,48,29,19,2073.6
21410007014000,202,103,99,9393
21410007015000,157,82,75,6028.8
21410007016000,71,38,33,2705.1
21410007045000,10,6,4,429
21410007046000,10,5,5,606
21410007047000,7,3,4,335.3
21410007048000,4,3,1,0
21410007049000,5,3,2,291
21410007050000,2,2,0,0
21410007052000,1,0,1,0
21420006494000,1,1,0,0
21420006495000,129,68,61,4979.4
21420006496000,14,7,7,505.4
21420006497000,16,10,6,611.2
21420006498000,595,288,307,21598.5
21420006499000,406,209,197,13479.2
21420006500000,803,409,394,33003.3
21420006501000,390,181,209,18057
21420006502000,4,3,1,0
21420006504000,36,21,15,1699.2
21420006505000,17,9,8,919.7
21420006506000,11,5,6,586.3
21420006509000,29,17,12,1249.9
21420006510000,36,17,19,1767.6
21420006511000,4,2,2,0
21420006514000,3,1,2,0
21420006519000,9,3,6,369.9
21420006520000,163,85,78,5900.6
21420006521000,40,23,17,1616
21420006524000,1,1,0,0
21420006527000,2,1,1,0
21420006532000,4,2,2,0
21420006533000,14,6,8,568.4
21420006565000,2,1,1,0
21420006573000,6,3,3,85.8
21420006580000,3,2,1,0
21420006585000,2,1,1,0
21420006589000,2,1,1,0
21420006591000,4,2,2,0
21420006601000,2,1,1,0
21420006603000,4,1,3,0
21420006604000,3,2,1,0
21420006613000,7,3,4,403.2
21420006614000,4,3,1,0
21420006623000,15,7,8,643.5
21420006624000,53,27,26,2326.7
21420006647000,10,6,4,360
21420006654000,5,3,2,110
21420006655000,437,211,226,19577.6
21420006703000,10,6,4,455
21420006704000,8,3,5,331.2
21420006713000,1,1,0,0
21420006715000,2,1,1,0
21420006716000,8,5,3,287.2
21420006735000,28,14,14,1537.2
21420006740000,16,8,8,609.6
21420006747000,19,10,9,769.5
21420006766000,22,12,10,1049.4
21420006773000,4,3,1,0
21420006774000,2,2,0,0
21420006804000,21,12,9,911.4
21420006822000,2,2,0,0
21420006857000,14,6,8,740.6
21420006881000,15,5,10,730.5
21420006882000,35,18,17,1676.5
21420006927000,9,4,5,491.4
21420006928000,2,1,1,0
21420006968000,2,1,1,0
21420006969000,19,11,8,830.3
21420006970000,7,4,3,364.7
21420006979000,78,42,36,3939
21420006990000,8,4,4,478.4
21420006991000,2,0,2,0
21420006992000,5,3,2,194
21420007000000,4,3,1,0
21420007005000,22,14,8,792
21420007007000,2,1,1,0
21420007009000,1,1,0,0
21420007023000,18,8,10,745.2
21420007045000,7,4,3,279.3
21420007046000,7,4,3,331.8
21420007047000,5,2,3,150
21420007049000,4,2,2,0
21420007051000,29,14,15,1563.1
21420007052000,70,41,29,3486
21430006495000,31,18,13,1429.1
21430006496000,14,9,5,459.2
21430006497000,89,44,45,3586.7
21430006498000,112,55,57,4502.4
21430006499000,177,89,88,6743.7
21430006500000,232,126,106,9651.2
21430006501000,163,74,89,6731.9
21430006502000,69,32,37,2684.1
21430006503000,70,38,32,2310
21430006504000,6,3,3,253.8
21430006505000,6,4,2,208.8
21430006507000,3,1,2,0
21430006509000,2,1,1,0
21430006510000,26,13,13,1198.6
21430006511000,10,5,5,681
21430006514000,132,67,65,5016
21430006515000,149,73,76,4991.5
21430006516000,14,7,7,778.4
21430006517000,10,5,5,626
21430006518000,7,3,4,419.3
21430006519000,6,2,4,246
21430006523000,6,4,2,252
21430006524000,5,3,2,196
21430006526000,17,9,8,474.3
21430006528000,5,4,1,227
21430006530000,6,3,3,163.8
21430006532000,34,14,20,1462
21430006533000,18,6,12,466.2
21430006564000,6,4,2,441
21430006580000,6,3,3,189
21430006589000,3,1,2,0
21430006590000,4,1,3,0
21430006601000,1,1,0,0
21430006602000,6,2,4,352.2
21430006604000,9,5,4,341.1
21430006605000,12,7,5,399.6
21430006608000,9,5,4,465.3
21430006609000,5,2,3,125
21430006624000,52,25,27,2043.6
21430006625000,14,7,7,393.4
21430006647000,3,1,2,0
21430006655000,964,474,490,38945.6
21430006701000,2,1,1,0
21430006702000,29,18,11,1365.9
21430006703000,11,5,6,400.4
21430006723000,2,1,1,0
21430006735000,7,3,4,482.3
21430006736000,16,10,6,558.4
21430006740000,13,6,7,629.2
21430006747000,25,16,9,985
21430006748000,12,4,8,592.8
21430006766000,13,5,8,484.9
21430006772000,5,3,2,239
21430006773000,10,6,4,433
21430006802000,5,3,2,122
21430006803000,31,17,14,1432.2
21430006804000,9,4,5,458.1
21430006857000,1,1,0,0
21430006861000,7,3,4,251.3
21430006881000,19,9,10,832.2
21430006882000,24,9,15,933.6
21430006927000,8,4,4,424.8
21430006979000,46,22,24,1982.6
21430006980000,4,2,2,0
21430006989000,1,1,0,0
21430006991000,11,7,4,372.9
21430006992000,14,10,4,525
21430007001000,5,3,2,316
21430007005000,16,7,9,724.8
21430007007000,17,7,10,776.9
21430007023000,9,4,5,530.1
21430007046000,3,1,2,0
21430007052000,67,37,30,2572.8
21430007053000,43,22,21,2244.6
21440006497000,1,1,0,0
21440006498000,189,102,87,7597.8
21440006499000,126,66,60,4989.6
21440006500000,63,29,34,2784.6
21440006501000,4,2,2,0
21440006502000,67,34,33,2740.3
21440006503000,226,121,105,8045.6
21440006504000,6,4,2,165
21440006507000,5,2,3,172
21440006508000,17,8,9,719.1
21440006509000,22,15,7,759
21440006510000,39,23,16,1478.1
21440006511000,58,28,30,2685.4
21440006512000,57,28,29,2245.8
21440006513000,109,61,48,4861.4
21440006514000,85,48,37,3723
21440006515000,23,12,11,966
21440006516000,24,12,12,852
21440006517000,7,4,3,324.8
21440006518000,3,3,0,0
21440006524000,2,1,1,0
21440006525000,7,5,2,462.7
21440006526000,24,12,12,1142.4
21440006527000,220,114,106,7458
21440006528000,156,84,72,5569.2
21440006529000,11,5,6,459.8
21440006530000,3,1,2,0
21440006531000,19,10,9,761.9
21440006533000,23,10,13,1021.2
21440006534000,3,2,1,0
21440006563000,4,2,2,0
21440006564000,5,3,2,233
21440006573000,7,4,3,333.9
21440006580000,34,20,14,1530
21440006581000,21,12,9,896.7
21440006590000,6,2,4,268.2
21440006602000,1,1,0,0
21440006603000,1,1,0,0
21440006604000,7,3,4,352.1
21440006605000,14,4,10,491.4
21440006607000,8,3,5,291.2
21440006623000,20,10,10,724
21440006624000,47,21,26,2335.9
21440006625000,17,8,9,916.3
21440006626000,1,0,1,0
21440006654000,72,33,39,2865.6
21440006655000,408,193,215,19788
21440006701000,29,14,15,1223.8
21440006702000,10,5,5,377
21440006714000,2,1,1,0
21440006736000,21,10,11,961.8
21440006737000,8,5,3,431.2
21440006739000,9,5,4,415.8
21440006740000,1,1,0,0
21440006746000,33,16,17,1326.6
21440006747000,95,41,54,3695.5
21440006748000,11,7,4,341
21440006766000,26,13,13,954.2
21440006767000,2,1,1,0
21440006771000,4,2,2,0
21440006772000,17,10,7,882.3
21440006799000,11,7,4,353.1
21440006800000,10,5,5,493
21440006801000,4,2,2,0
21440006802000,10,6,4,507
21440006803000,23,12,11,880.9
21440006858000,2,1,1,0
21440006861000,2,2,0,0
21440006879000,4,3,1,0
21440006880000,13,4,9,535.6
21440006881000,37,20,17,2097.9
21440006919000,5,3,2,317
21440006924000,2,1,1,0
21440006976000,1,1,0,0
21440006977000,7,7,0,326.2
21440006979000,163,80,83,6683
21440006993000,3,2,1,0
21440007001000,11,5,6,704
21440007005000,1,1,0,0
21440007006000,89,42,47,3657.9
21440007007000,7,3,4,210.7
21440007008000,3,2,1,0
21440007009000,27,11,16,936.9
21440007022000,12,6,6,571.2
21440007023000,11,6,5,644.6
21440007024000,36,21,15,1569.6
21440007044000,6,2,4,217.8
21440007045000,1,0,1,0
21440007052000,42,23,19,1936.2
21440007053000,23,14,9,786.6
21450006498000,18,9,9,952.2
21450006499000,23,11,12,811.9
21450006500000,98,53,45,3998.4
21450006501000,13,7,6,709.8
21450006502000,20,12,8,1028
21450006503000,123,61,62,5621.1
21450006504000,4,2,2,0
21450006505000,19,10,9,1054.5
21450006506000,15,7,8,715.5
21450006507000,60,34,26,2436
21450006508000,16,9,7,612.8
21450006514000,43,26,17,1836.1
21450006515000,21,13,8,793.8
21450006519000,1,1,0,0
21450006524000,4,2,2,0
21450006525000,7,5,2,273
21450006527000,4,2,2,0
21450006528000,299,133,166,14471.6
21450006529000,54,28,26,2062.8
21450006530000,27,14,13,1185.3
21450006531000,2,1,1,0
21450006532000,5,2,3,184
21450006533000,22,10,12,743.6
21450006534000,18,10,8,840.6
21450006535000,3,1,2,0
21450006538000,4,2,2,0
21450006563000,2,1,1,0
21450006564000,10,6,4,458
21450006572000,10,6,4,375
21450006573000,10,4,6,639
21450006574000,5,2,3,327
21450006577000,2,1,1,0
21450006579000,4,4,0,0
21450006580000,2,1,1,0
21450006581000,16,8,8,585.6
21450006582000,5,3,2,280
21450006583000,7,4,3,396.2
21450006584000,5,3,2,125
21450006585000,8,6,2,380.8
21450006586000,1,1,0,0
21450006591000,1,1,0,0
21450006592000,1,1,0,0
21450006604000,6,5,1,328.8
21450006605000,2,2,0,0
21450006607000,9,5,4,425.7
21450006624000,32,15,17,1577.6
21450006654000,1,0,1,0
21450006655000,157,76,81,7457.5
21450006669000,4,2,2,0
21450006670000,2,1,1,0
21450006696000,2,0,2,0
21450006697000,4,2,2,0
21450006699000,9,7,2,419.4
21450006700000,9,4,5,402.3
21450006723000,4,3,1,0
21450006737000,246,122,124,8708.4
21450006738000,162,79,83,6188.4
21450006739000,1,0,1,0
21450006745000,7,3,4,231.7
21450006746000,31,16,15,1323.7
21450006747000,33,16,17,1557.6
21450006766000,27,11,16,1080
21450006767000,13,7,6,553.8
21450006768000,1,0,1,0
21450006799000,33,18,15,1580.7
21450006800000,21,10,11,684.6
21450006802000,1,1,0,0
21450006858000,2,1,1,0
21450006859000,1,1,0,0
21450006861000,6,3,3,415.8
21450006862000,7,5,2,284.2
21450006878000,2,1,1,0
21450006879000,22,8,14,1080.2
21450006880000,50,27,23,2355
21450006881000,24,10,14,976.8
21450006919000,8,2,6,423.2
21450006923000,6,3,3,232.2
21450006924000,2,1,1,0
21450006975000,10,5,5,515
21450006978000,14,6,8,687.4
21450006979000,350,173,177,13965
21450006980000,20,13,7,922
21450006992000,9,6,3,442.8
21450006994000,5,2,3,383
21450006995000,2,1,1,0
21450007001000,4,1,3,0
21450007005000,4,1,3,0
21450007006000,32,13,19,1948.8
21450007007000,11,5,6,587.4
21450007009000,30,16,14,1284
21450007010000,2,1,1,0
21450007012000,33,16,17,1217.7
21450007013000,17,9,8,632.4
21450007015000,7,5,2,186.9
21450007021000,9,4,5,398.7
21450007022000,148,74,74,6142
21450007023000,26,16,10,1185.6
21450007024000,5,2,3,173
21450007025000,7,3,4,303.8
21450007044000,6,3,3,199.8
21450007045000,16,7,9,609.6
21450007053000,36,15,21,1681.2
21460006500000,15,10,5,553.5
21460006501000,38,18,20,1824
21460006502000,65,33,32,2717
21460006503000,49,19,30,2146.2
21460006504000,30,15,15,1461
21460006505000,19,8,11,839.8
21460006506000,1,0,1,0
21460006508000,2,1,1,0
21460006513000,36,18,18,1112.4
21460006514000,233,119,114,9250.1
21460006515000,38,20,18,1265.4
21460006516000,41,20,21,1742.5
21460006517000,3,2,1,0
21460006523000,3,2,1,0
21460006528000,170,89,81,6477
21460006531000,4,2,2,0
21460006535000,8,6,2,452.8
21460006536000,18,8,10,700.2
21460006565000,5,2,3,161
21460006566000,7,3,4,198.1
21460006572000,12,6,6,637.2
21460006573000,77,40,37,3295.6
21460006574000,45,22,23,2511
21460006575000,10,5,5,330
21460006577000,10,6,4,353
21460006578000,5,4,1,271
21460006581000,6,3,3,214.8
21460006583000,4,1,3,0
21460006594000,4,2,2,0
21460006607000,8,4,4,288.8
21460006624000,20,12,8,914
21460006644000,7,4,3,356.3
21460006655000,193,101,92,9264
21460006668000,6,4,2,196.8
21460006669000,13,8,5,507
21460006677000,6,2,4,120
21460006697000,14,6,8,683.2
21460006698000,19,10,9,494
21460006737000,273,133,140,11711.7
21460006738000,259,132,127,11888.1
21460006739000,73,38,35,2985.7
21460006742000,3,2,1,0
21460006743000,25,14,11,877.5
21460006744000,26,13,13,910
21460006745000,39,22,17,1482
21460006746000,11,6,5,488.4
21460006764000,1,1,0,0
21460006766000,196,101,95,7212.8
21460006767000,51,31,20,2289.9
21460006799000,14,8,6,366.8
21460006859000,5,3,2,209
21460006860000,21,12,9,1171.8
21460006861000,7,4,3,356.3
21460006877000,2,2,0,0
21460006878000,76,40,36,2834.8
21460006879000,453,228,225,21879.9
21460006880000,96,39,57,4051.2
21460006919000,14,7,7,502.6
21460006922000,11,6,5,458.7
21460006964000,12,6,6,579.6
21460006975000,19,8,11,763.8
21460006978000,33,14,19,1277.1
21460006979000,232,115,117,11182.4
21460006980000,79,35,44,3697.2
21460006992000,12,7,5,628.8
21460006993000,4,2,2,0
21460006995000,13,7,6,595.4
21460006999000,14,8,6,547.4
21460007004000,4,3,1,0
21460007005000,19,8,11,872.1
21460007006000,38,21,17,1276.8
21460007007000,19,10,9,993.7
21460007008000,16,6,10,801.6
21460007009000,11,5,6,358.6
21460007011000,17,10,7,826.2
21460007012000,94,49,45,4568.4
21460007013000,7,3,4,319.9
21460007014000,9,5,4,530.1
21460007015000,3,2,1,0
21460007021000,17,10,7,778.6
21460007022000,14,9,5,819
21460007053000,6,4,2,195
21470006501000,4,2,2,0
21470006502000,8,3,5,510.4
21470006503000,51,23,28,2289.9
21470006505000,81,42,39,3369.6
21470006506000,26,14,12,1258.4
21470006507000,14,10,4,341.6
21470006508000,23,12,11,954.5
21470006509000,29,15,14,1377.5
21470006510000,20,10,10,842
21470006511000,19,10,9,714.4
21470006512000,216,100,116,7300.8
21470006513000,667,342,325,28414.2
21470006514000,943,442,501,45829.8
21470006515000,5,2,3,282
21470006516000,38,26,12,1721.4
21470006517000,10,4,6,462
21470006518000,10,5,5,514
21470006528000,26,10,16,782.6
21470006530000,8,3,5,320
21470006534000,11,7,4,429
21470006537000,12,5,7,591.6
21470006566000,7,4,3,431.2
21470006567000,2,1,1,0
21470006570000,1,1,0,0
21470006572000,10,5,5,334
21470006573000,12,6,6,466.8
21470006575000,5,2,3,191
21470006593000,2,1,1,0
21470006594000,3,2,1,0
21470006603000,2,1,1,0
21470006605000,2,1,1,0
21470006624000,5,3,2,254
21470006640000,1,1,0,0
21470006655000,106,49,57,3858.4
21470006656000,44,24,20,2134
21470006665000,5,4,1,131
21470006668000,24,14,10,1101.6
21470006683000,13,7,6,501.8
21470006697000,18,10,8,642.6
21470006737000,82,40,42,2878.2
21470006738000,469,248,221,20073.2
21470006739000,64,30,34,2828.8
21470006740000,5,2,3,197
21470006742000,10,7,3,437
21470006743000,53,26,27,2438
21470006744000,25,11,14,1022.5
21470006745000,9,6,3,342
21470006746000,1,0,1,0
21470006765000,11,4,7,555.5
21470006766000,41,24,17,1845
21470006767000,12,5,7,548.4
21470006798000,12,5,7,345.6
21470006860000,55,30,25,2222
21470006861000,3,2,1,0
21470006877000,27,14,13,1071.9
21470006878000,29,17,12,1244.1
21470006879000,2,1,1,0
21470006919000,2,1,1,0
21470006921000,11,7,4,357.5
21470006922000,17,9,8,812.6
21470006961000,1,0,1,0
21470006963000,35,18,17,1508.5
21470006964000,12,4,8,632.4
21470006965000,11,6,5,443.3
21470006966000,24,13,11,1236
21470006967000,13,9,4,717.6
21470006968000,38,19,19,1531.4
21470006969000,32,13,19,1283.2
21470006975000,31,19,12,1525.2
21470006979000,139,71,68,4920.6
21470006980000,95,48,47,4180
21470006981000,11,4,7,421.3
21470006992000,7,5,2,354.9
21470006993000,8,4,4,235.2
21470006999000,4,3,1,0
21470007000000,8,5,3,338.4
21470007003000,6,2,4,271.8
21470007004000,30,17,13,942
21470007005000,6,3,3,199.2
21470007007000,2,1,1,0
21470007008000,11,6,5,700.7
21470007010000,29,18,11,1247
21470007011000,15,6,9,835.5
21470007012000,2,1,1,0
21470007015000,20,11,9,1132
21470007020000,4,2,2,0
21470007021000,17,11,6,554.2
21470007026000,26,14,12,954.2
21470007027000,10,6,4,263
21470007052000,4,1,3,0
21470007053000,3,1,2,0
21480006504000,20,9,11,848
21480006505000,25,13,12,1392.5
21480006506000,43,18,25,2743.4
21480006507000,73,40,33,2898.1
21480006508000,3,2,1,0
21480006510000,8,4,4,418.4
21480006511000,46,21,25,1835.4
21480006512000,20,10,10,718
21480006513000,47,25,22,2199.6
21480006514000,350,174,176,14175
21480006516000,15,8,7,499.5
21480006517000,82,36,46,3034
21480006518000,5,2,3,271
21480006524000,2,1,1,0
21480006525000,1,1,0,0
21480006526000,24,12,12,830.4
21480006528000,10,5,5,282
21480006529000,17,10,7,714
21480006531000,9,5,4,306.9
21480006532000,3,2,1,0
21480006540000,2,0,2,0
21480006541000,5,2,3,224
21480006569000,6,3,3,186
21480006570000,8,5,3,444
21480006571000,2,0,2,0
21480006592000,2,1,1,0
21480006593000,4,2,2,0
21480006603000,2,2,0,0
21480006623000,1,1,0,0
21480006624000,2,1,1,0
21480006640000,5,2,3,335
21480006642000,3,1,2,0
21480006654000,2,1,1,0
21480006656000,15,10,5,622.5
21480006657000,37,20,17,1480
21480006658000,1,0,1,0
21480006666000,4,2,2,0
21480006667000,19,9,10,906.3
21480006668000,4,2,2,0
21480006676000,3,2,1,0
21480006682000,13,5,8,741
21480006683000,1,1,0,0
21480006697000,16,7,9,942.4
21480006737000,30,13,17,1158
21480006738000,392,176,216,20070.4
21480006739000,377,168,209,17342
21480006740000,7,3,4,333.2
21480006741000,8,5,3,318.4
21480006742000,27,12,15,1366.2
21480006743000,3,2,1,0
21480006764000,4,3,1,0
21480006765000,33,24,9,1551
21480006766000,14,6,8,512.4
21480006797000,1,1,0,0
21480006860000,16,10,6,851.2
21480006861000,16,6,10,838.4
21480006877000,21,7,14,636.3
21480006878000,75,39,36,3112.5
21480006879000,13,6,7,581.1
21480006919000,2,2,0,0
21480006920000,6,4,2,244.8
21480006921000,26,10,16,972.4
21480006922000,13,7,6,517.4
21480006945000,10,5,5,593
21480006965000,18,10,8,869.4
21480006966000,17,8,9,938.4
21480006967000,53,26,27,2385
21480006968000,31,18,13,1472.5
21480006969000,34,18,16,1251.2
21480006974000,2,1,1,0
21480006975000,10,7,3,239
21480006980000,51,26,25,2126.7
21480006981000,12,6,6,559.2
21480006992000,36,16,20,1335.6
21480006993000,54,28,26,1976.4
21480006996000,1,1,0,0
21480006997000,85,48,37,3714.5
21480006998000,3,3,0,0
21480007001000,2,1,1,0
21480007008000,35,19,16,1428
21480007009000,46,22,24,2047
21480007010000,17,10,7,790.5
21480007011000,30,21,9,1311
21480007015000,11,5,6,312.4
21480007016000,2,0,2,0
21480007020000,2,1,1,0
21480007026000,36,19,17,1749.6
21480007027000,1,1,0,0
21480007053000,5,4,1,219
21490006504000,48,28,20,2318.4
21490006505000,137,64,73,6562.3
21490006506000,332,159,173,15006.4
21490006507000,26,14,12,1258.4
21490006508000,11,7,4,533.5
21490006509000,1,0,1,0
21490006511000,74,37,37,3722.2
21490006512000,33,16,17,1567.5
21490006513000,12,5,7,592.8
21490006514000,101,48,53,3787.5
21490006517000,40,21,19,1684
21490006524000,1,0,1,0
21490006525000,3,2,1,0
21490006526000,1,0,1,0
21490006527000,2,1,1,0
21490006528000,9,4,5,350.1
21490006530000,1,0,1,0
21490006535000,3,2,1,0
21490006540000,12,5,7,729.6
21490006541000,2,1,1,0
21490006567000,24,14,10,972
21490006568000,20,10,10,922
21490006569000,21,12,9,659.4
21490006605000,7,3,4,277.2
21490006624000,7,4,3,373.1
21490006625000,1,1,0,0
21490006640000,12,6,6,483.6
21490006644000,1,1,0,0
21490006645000,6,3,3,184.8
21490006654000,26,14,12,1040
21490006658000,28,16,12,1411.2
21490006659000,5,3,2,241
21490006665000,5,3,2,214
21490006666000,28,15,13,879.2
21490006667000,19,8,11,1003.2
21490006681000,6,5,1,205.2
21490006682000,40,18,22,1752
21490006697000,5,3,2,162
21490006737000,10,7,3,469
21490006738000,5,1,4,172
21490006739000,88,41,47,4048
21490006740000,9,5,4,530.1
21490006741000,64,29,35,2611.2
21490006742000,3,3,0,0
21490006764000,16,7,9,606.4
21490006765000,262,134,128,9720.2
21490006860000,1,1,0,0
21490006861000,32,20,12,1152
21490006878000,75,35,40,3157.5
21490006879000,42,23,19,1764
21490006919000,5,2,3,243
21490006921000,1,1,0,0
21490006944000,23,12,11,1009.7
21490006945000,16,7,9,596.8
21490006946000,2,2,0,0
21490006953000,1,1,0,0
21490006954000,3,0,3,0
21490006956000,13,8,5,491.4
21490006980000,19,9,10,1031.7
21490006981000,39,22,17,2031.9
21490006984000,37,20,17,1639.1
21490006985000,81,42,39,3369.6
21490006988000,12,7,5,487.2
21490006989000,6,6,0,279
21490006991000,1,1,0,0
21490006992000,39,23,16,1587.3
21490006993000,77,43,34,3110.8
21490006995000,4,2,2,0
21490006996000,12,6,6,453.6
21490006997000,18,11,7,700.2
21490007008000,2,1,1,0
21490007009000,17,9,8,639.2
21490007015000,2,1,1,0
21490007020000,8,5,3,459.2
21490007024000,2,1,1,0
21490007026000,29,11,18,1133.9
21490007027000,81,37,44,3393.9
21490007041000,4,3,1,0
21490007043000,3,2,1,0
21490007054000,11,5,6,410.3
21490007061000,5,3,2,197
21490007062000,127,64,63,6096
21500006505000,28,12,16,1254.4
21500006506000,149,70,79,6317.6
21500006507000,54,28,26,2278.8
21500006508000,14,9,5,590.8
21500006510000,4,2,2,0
21500006511000,24,12,12,1200
21500006512000,4,3,1,0
21500006515000,3,3,0,0
21500006517000,7,4,3,261.1
21500006518000,6,2,4,253.2
21500006519000,5,1,4,225
21500006524000,5,3,2,77
21500006527000,6,3,3,343.2
21500006528000,28,17,11,744.8
21500006532000,5,4,1,205
21500006533000,3,2,1,0
21500006534000,22,9,13,906.4
21500006542000,5,2,3,252
21500006567000,19,7,12,881.6
21500006568000,83,45,38,3187.2
21500006569000,3,2,1,0
21500006605000,14,7,7,604.8
21500006624000,1,1,0,0
21500006625000,3,0,3,0
21500006639000,2,1,1,0
21500006640000,14,3,11,334.6
21500006641000,1,1,0,0
21500006654000,5,3,2,90
21500006659000,140,74,66,5614
21500006660000,14,9,5,674.8
21500006665000,2,1,1,0
21500006666000,129,59,70,6437.1
21500006667000,23,12,11,931.5
21500006673000,1,0,1,0
21500006674000,1,1,0,0
21500006675000,4,2,2,0
21500006676000,2,0,2,0
21500006681000,9,5,4,408.6
21500006682000,15,8,7,631.5
21500006697000,4,1,3,0
21500006740000,98,57,41,3802.4
21500006741000,79,43,36,2812.4
21500006763000,20,10,10,774
21500006764000,406,186,220,16321.2
21500006765000,157,88,69,6499.8
21500006796000,2,1,1,0
21500006850000,5,4,1,126
21500006861000,2,1,1,0
21500006862000,2,1,1,0
21500006878000,44,21,23,1927.2
21500006879000,111,52,59,5139.3
21500006918000,7,5,2,440.3
21500006919000,1,0,1,0
21500006980000,2,1,1,0
21500006981000,50,29,21,2230
21500006983000,11,6,5,610.5
21500006984000,18,11,7,714.6
21500006985000,122,62,60,5551
21500006986000,23,13,10,972.9
21500006994000,7,5,2,350
21500006995000,2,0,2,0
21500006996000,5,2,3,343
21500007009000,11,6,5,561
21500007020000,2,1,1,0
21500007026000,14,10,4,470.4
21500007027000,104,54,50,5231.2
21500007039000,2,1,1,0
21500007043000,9,3,6,350.1
21500007061000,99,42,57,4187.7
21500007062000,76,35,41,3845.6
21510006507000,25,13,12,1285
21510006508000,57,28,29,2416.8
21510006509000,77,36,41,3064.6
21510006510000,14,8,6,866.6
21510006511000,18,8,10,970.2
21510006512000,16,7,9,828.8
21510006518000,13,8,5,579.8
21510006519000,122,67,55,4831.2
21510006522000,2,1,1,0
21510006524000,4,2,2,0
21510006528000,2,1,1,0
21510006529000,3,0,3,0
21510006530000,11,5,6,185.9
21510006536000,2,1,1,0
21510006542000,29,16,13,1041.1
21510006543000,46,26,20,1895.2
21510006546000,6,2,4,219
21510006547000,8,5,3,380
21510006567000,26,11,15,1014
21510006568000,2,1,1,0
21510006569000,5,2,3,241
21510006604000,7,3,4,490.7
21510006605000,15,8,7,655.5
21510006625000,19,9,10,718.2
21510006627000,1,1,0,0
21510006637000,5,4,1,147
21510006640000,65,35,30,2619.5
21510006641000,4,2,2,0
21510006659000,220,104,116,9416
21510006660000,8,3,5,454.4
21510006665000,8,3,5,571.2
21510006666000,38,20,18,1531.4
21510006667000,26,14,12,1123.2
21510006668000,27,16,11,1109.7
21510006669000,21,13,8,1039.5
21510006670000,11,8,3,412.5
21510006671000,7,3,4,308
21510006672000,21,10,11,798
21510006673000,10,7,3,468
21510006674000,20,12,8,988
21510006681000,9,4,5,561.6
21510006697000,7,4,3,326.9
21510006739000,9,5,4,361.8
21510006740000,14,5,9,439.6
21510006741000,60,30,30,2052
21510006742000,11,5,6,391.6
21510006762000,43,18,25,1363.1
21510006763000,9,3,6,478.8
21510006764000,67,38,29,2579.5
21510006794000,6,4,2,286.2
21510006795000,7,3,4,293.3
21510006860000,5,3,2,100
21510006863000,10,6,4,505
21510006864000,17,11,6,783.7
21510006878000,39,20,19,1688.7
21510006879000,40,22,18,1972
21510006880000,6,4,2,271.2
21510006918000,13,5,8,757.9
21510006919000,1,0,1,0
21510006981000,77,41,36,2202.2
21510006982000,3,2,1,0
21510006998000,1,0,1,0
21510006999000,25,15,10,1095
21510007007000,18,8,10,552.6
21510007009000,5,2,3,122
21510007010000,8,4,4,459.2
21510007016000,5,2,3,314
21510007020000,14,7,7,630
21510007021000,3,2,1,0
21510007028000,14,7,7,596.4
21510007039000,20,11,9,1006
21510007041000,4,2,2,0
21510007042000,1,0,1,0
21510007043000,7,4,3,240.8
21510007056000,41,19,22,1902.4
21520006507000,7,4,3,450.1
21520006508000,26,14,12,1188.2
21520006509000,26,15,11,1203.8
21520006511000,1,1,0,0
21520006512000,10,4,6,485
21520006513000,7,5,2,454.3
21520006519000,13,7,6,705.9
21520006520000,123,60,63,5412
21520006521000,51,26,25,2193
21520006526000,20,12,8,850
21520006530000,6,3,3,186
21520006536000,2,1,1,0
21520006541000,2,1,1,0
21520006542000,5,1,4,84
21520006543000,49,28,21,2087.4
21520006544000,49,27,22,1999.2
21520006545000,11,3,8,400.4
21520006546000,4,4,0,0
21520006567000,11,7,4,501.6
21520006568000,1,1,0,0
21520006569000,2,1,1,0
21520006603000,16,10,6,708.8
21520006604000,51,27,24,2371.5
21520006605000,39,22,17,1821.3
21520006606000,4,2,2,0
21520006625000,7,5,2,482.3
21520006627000,1,1,0,0
21520006636000,4,2,2,0
21520006637000,2,1,1,0
21520006638000,2,0,2,0
21520006639000,24,13,11,1516.8
21520006641000,7,4,3,494.9
21520006659000,16,8,8,1036.8
21520006665000,34,16,18,1009.8
21520006666000,42,25,17,1848
21520006667000,6,3,3,337.2
21520006672000,7,3,4,303.8
21520006679000,6,3,3,259.2
21520006680000,12,6,6,369.6
21520006697000,8,6,2,376
21520006722000,1,1,0,0
21520006740000,12,6,6,627.6
21520006741000,66,35,31,2765.4
21520006742000,9,3,6,395.1
21520006761000,46,23,23,1913.6
21520006763000,18,10,8,653.4
21520006764000,18,9,9,990
21520006793000,27,17,10,1185.3
21520006794000,85,37,48,3510.5
21520006797000,3,1,2,0
21520006865000,12,3,9,388.8
21520006877000,20,9,11,970
21520006878000,59,29,30,2938.2
21520006879000,34,18,16,1553.8
21520006918000,6,4,2,373.8
21520006981000,39,19,20,1946.1
21520006982000,9,2,7,259.2
21520006987000,1,0,1,0
21520006989000,3,1,2,0
21520006990000,6,4,2,198
21520006991000,9,4,5,305.1
21520006995000,1,0,1,0
21520006997000,20,11,9,862
21520006998000,34,18,16,1560.6
21520006999000,25,13,12,1195
21520007007000,5,3,2,177
21520007008000,11,8,3,519.2
21520007009000,10,4,6,379
21520007010000,20,11,9,1256
21520007014000,15,9,6,691.5
21520007015000,8,3,5,415.2
21520007020000,5,3,2,317
21520007028000,6,2,4,187.8
21520007040000,32,17,15,1353.6
21520007041000,14,6,8,754.6
21520007042000,1,1,0,0
21520007050000,8,6,2,299.2
21520007051000,9,6,3,293.4
21520007052000,4,2,2,0
21520007055000,22,11,11,715
21520007056000,129,68,61,5572.8
21530006508000,16,10,6,553.6
21530006509000,58,25,33,2372.2
21530006512000,1,1,0,0
21530006513000,49,22,27,2415.7
21530006514000,1,0,1,0
21530006516000,1,0,1,0
21530006519000,51,25,26,1586.1
21530006520000,73,39,34,2803.2
21530006521000,52,32,20,2121.6
21530006522000,37,20,17,1635.4
21530006523000,12,6,6,792
21530006525000,3,2,1,0
21530006528000,2,1,1,0
21530006531000,2,1,1,0
21530006534000,20,8,12,696
21530006535000,2,1,1,0
21530006542000,3,1,2,0
21530006543000,53,31,22,2173
21530006544000,17,12,5,712.3
21530006566000,3,1,2,0
21530006567000,5,4,1,243
21530006576000,2,0,2,0
21530006581000,1,1,0,0
21530006590000,5,3,2,326
21530006601000,3,2,1,0
21530006602000,25,13,12,652.5
21530006605000,4,2,2,0
21530006624000,2,1,1,0
21530006625000,20,12,8,1052
21530006635000,5,3,2,161
21530006637000,1,0,1,0
21530006638000,8,5,3,535.2
21530006639000,22,13,9,1159.4
21530006658000,2,1,1,0
21530006659000,100,44,56,4300
21530006660000,1,1,0,0
21530006664000,5,1,4,241
21530006666000,1,1,0,0
21530006674000,2,1,1,0
21530006675000,22,11,11,1075.8
21530006676000,2,1,1,0
21530006677000,1,1,0,0
21530006678000,9,7,2,303.3
21530006697000,8,5,3,328
21530006698000,9,5,4,423
21530006718000,21,10,11,716.1
21530006739000,1,1,0,0
21530006740000,34,16,18,1329.4
21530006741000,9,4,5,477.9
21530006742000,8,2,6,359.2
21530006760000,6,5,1,240
21530006761000,119,67,52,4307.8
21530006762000,113,61,52,4011.5
21530006763000,33,19,14,1600.5
21530006793000,137,80,57,5123.8
21530006794000,3,3,0,0
21530006796000,16,8,8,841.6
21530006797000,2,1,1,0
21530006865000,6,2,4,253.2
21530006877000,28,14,14,1288
21530006878000,39,16,23,1384.5
21530006879000,3,2,1,0
21530006918000,9,6,3,291.6
21530006919000,2,1,1,0
21530006941000,4,3,1,0
21530006980000,4,1,3,0
21530006981000,9,3,6,437.4
21530006992000,9,4,5,606.6
21530006994000,3,2,1,0
21530006995000,10,6,4,333
21530006996000,2,1,1,0
21530006997000,4,1,3,0
21530007007000,9,5,4,426.6
21530007012000,8,5,3,484.8
21530007013000,6,4,2,331.2
21530007014000,1,1,0,0
21530007030000,2,2,0,0
21530007037000,2,1,1,0
21530007038000,3,2,1,0
21530007041000,77,28,49,4419.8
21530007049000,4,2,2,0
21530007051000,14,7,7,873.6
21530007052000,15,6,9,642
21530007055000,17,9,8,664.7
21540006509000,6,4,2,295.2
21540006510000,10,5,5,361
21540006512000,16,9,7,750.4
21540006513000,128,68,60,4608
21540006514000,19,9,10,883.5
21540006515000,16,8,8,601.6
21540006516000,10,4,6,238
21540006517000,1,1,0,0
21540006519000,10,5,5,586
21540006521000,7,4,3,228.9
21540006522000,14,8,6,593.6
21540006523000,2,1,1,0
21540006524000,3,2,1,0
21540006525000,21,12,9,1052.1
21540006526000,5,3,2,169
21540006527000,4,1,3,0
21540006535000,3,1,2,0
21540006541000,20,9,11,862
21540006542000,29,18,11,1136.8
21540006543000,90,54,36,4176
21540006544000,20,10,10,976
21540006566000,7,3,4,275.8
21540006567000,4,2,2,0
21540006575000,4,2,2,0
21540006576000,2,1,1,0
21540006578000,4,3,1,0
21540006601000,13,6,7,560.3
21540006602000,75,39,36,3337.5
21540006603000,44,20,24,1500.4
21540006624000,10,5,5,435
21540006625000,22,9,13,1049.4
21540006635000,12,8,4,414
21540006636000,13,7,6,630.5
21540006637000,2,1,1,0
21540006638000,36,20,16,1584
21540006639000,12,6,6,471.6
21540006659000,30,15,15,1305
21540006660000,2,2,0,0
21540006661000,1,0,1,0
21540006663000,3,1,2,0
21540006664000,3,1,2,0
21540006674000,24,15,9,969.6
21540006675000,2,2,0,0
21540006697000,27,14,13,1269
21540006698000,18,12,6,711
21540006740000,13,7,6,890.5
21540006742000,43,21,22,2055.4
21540006743000,33,17,16,1353
21540006758000,9,9,0,168.3
21540006760000,6,3,3,400.2
21540006761000,304,152,152,9849.6
21540006762000,48,17,31,1824
21540006793000,96,42,54,5001.6
21540006795000,4,1,3,0
21540006867000,3,2,1,0
21540006868000,10,5,5,302
21540006869000,9,5,4,314.1
21540006877000,28,16,12,1229.2
21540006878000,23,15,8,1085.6
21540006917000,15,7,8,727.5
21540006918000,3,1,2,0
21540006980000,46,22,24,2037.8
21540006988000,6,4,2,199.2
21540006990000,5,3,2,187
21540006991000,1,1,0,0
21540006992000,143,77,66,5791.5
21540006993000,185,103,82,6993
21540006994000,298,141,157,14184.8
21540006998000,1,1,0,0
21540007029000,5,2,3,297
21540007030000,5,3,2,313
21540007038000,1,0,1,0
21540007041000,36,16,20,1177.2
21540007048000,5,4,1,278
21540007049000,2,1,1,0
21540007050000,13,4,9,444.6
21540007051000,17,9,8,450.5
21540007052000,20,9,11,766
21540007053000,12,6,6,478.8
21540007054000,4,3,1,0
21540007055000,54,29,25,2370.6
21550006509000,5,2,3,274
21550006510000,86,39,47,4093.6
21550006513000,18,11,7,869.4
21550006514000,7,5,2,375.9
21550006515000,1,0,1,0
21550006518000,2,1,1,0
21550006519000,36,17,19,1839.6
21550006520000,3,2,1,0
21550006522000,7,4,3,263.9
21550006523000,5,3,2,120
21550006524000,34,17,17,1346.4
21550006525000,128,70,58,5120
21550006526000,25,15,10,1080
21550006532000,5,2,3,291
21550006536000,4,2,2,0
21550006540000,12,6,6,597.6
21550006541000,141,76,65,5640
21550006542000,168,86,82,8148
21550006543000,38,20,18,1664.4
21550006544000,23,11,12,696.9
21550006558000,4,1,3,0
21550006565000,2,1,1,0
21550006566000,6,2,4,196.8
21550006570000,2,2,0,0
21550006571000,2,1,1,0
21550006579000,7,4,3,291.9
21550006591000,1,1,0,0
21550006597000,3,2,1,0
21550006598000,1,0,1,0
21550006601000,25,15,10,850
21550006602000,11,4,7,437.8
21550006625000,3,1,2,0
21550006631000,4,2,2,0
21550006632000,10,4,6,419
21550006633000,2,1,1,0
21550006636000,2,1,1,0
21550006660000,7,3,4,434.7
21550006661000,1,1,0,0
21550006662000,10,5,5,539
21550006663000,3,1,2,0
21550006666000,136,57,79,7534.4
21550006667000,121,60,61,5360.3
21550006671000,9,5,4,377.1
21550006672000,30,12,18,1002
21550006673000,7,5,2,326.9
21550006674000,40,22,18,1552
21550006696000,3,2,1,0
21550006697000,57,31,26,2559.3
21550006698000,28,19,9,1243.2
21550006716000,2,1,1,0
21550006719000,5,3,2,144
21550006740000,21,9,12,819
21550006741000,8,4,4,308
21550006742000,61,30,31,2732.8
21550006743000,14,7,7,526.4
21550006758000,16,8,8,681.6
21550006759000,3,0,3,0
21550006760000,2,1,1,0
21550006761000,43,24,19,2059.7
21550006793000,51,25,26,2274.6
21550006794000,46,22,24,1504.2
21550006869000,9,5,4,417.6
21550006870000,6,3,3,268.2
21550006876000,1,1,0,0
21550006877000,16,7,9,715.2
21550006878000,19,10,9,889.2
21550006917000,108,56,52,5248.8
21550006918000,17,9,8,766.7
21550006938000,9,4,5,343.8
21550006979000,6,3,3,190.8
21550006980000,9,3,6,536.4
21550006984000,10,4,6,328
21550006990000,9,3,6,498.6
21550006991000,8,5,3,438.4
21550006993000,151,73,78,7338.6
21550006994000,219,105,114,9592.2
21550006995000,26,17,9,1294.8
21550006998000,2,2,0,0
21550007015000,2,1,1,0
21550007017000,3,2,1,0
21550007026000,7,3,4,342.3
21550007027000,20,12,8,870
21550007028000,10,7,3,543
21550007029000,7,4,3,422.1
21550007035000,10,7,3,485
21550007041000,3,2,1,0
21550007045000,8,3,5,236
21550007050000,4,3,1,0
21550007052000,10,5,5,447
21550007055000,26,14,12,1107.6
21560006510000,3,2,1,0
21560006513000,10,5,5,580
21560006514000,5,2,3,355
21560006516000,2,1,1,0
21560006518000,11,6,5,514.8
21560006519000,40,20,20,1832
21560006520000,63,34,29,2545.2
21560006523000,6,3,3,406.8
21560006524000,103,52,51,4552.6
21560006525000,15,8,7,736.5
21560006527000,28,13,15,1248.8
21560006535000,5,2,3,272
21560006536000,36,21,15,1530
21560006539000,3,2,1,0
21560006540000,25,11,14,947.5
21560006541000,33,16,17,1518
21560006542000,113,58,55,4644.3
21560006543000,44,21,23,1289.2
21560006544000,6,3,3,355.2
21560006565000,20,11,9,884
21560006566000,9,6,3,458.1
21560006569000,5,2,3,330
21560006571000,24,13,11,1310.4
21560006572000,20,8,12,674
21560006573000,1,0,1,0
21560006574000,12,6,6,429.6
21560006590000,2,1,1,0
21560006591000,11,6,5,501.6
21560006597000,3,2,1,0
21560006600000,24,17,7,1005.6
21560006601000,53,28,25,2151.8
21560006625000,21,11,10,1033.2
21560006632000,3,1,2,0
21560006634000,1,0,1,0
21560006660000,5,2,3,187
21560006665000,65,26,39,2125.5
21560006666000,181,85,96,7764.9
21560006667000,42,19,23,1831.2
21560006668000,11,4,7,407
21560006669000,3,2,1,0
21560006670000,35,17,18,1918
21560006671000,63,30,33,2387.7
21560006672000,42,19,23,1936.2
21560006673000,5,3,2,220
21560006696000,6,2,4,267
21560006697000,57,27,30,2325.6
21560006698000,23,13,10,855.6
21560006718000,6,3,3,319.2
21560006719000,38,21,17,2055.8
21560006741000,81,35,46,3547.8
21560006742000,18,8,10,948.6
21560006743000,4,2,2,0
21560006758000,14,6,8,590.8
21560006759000,4,2,2,0
21560006760000,14,9,5,558.6
21560006793000,17,9,8,646
21560006794000,47,22,25,2129.1
21560006796000,12,7,5,490.8
21560006870000,15,9,6,670.5
21560006876000,13,6,7,443.3
21560006877000,11,6,5,485.1
21560006878000,34,23,11,1278.4
21560006917000,13,8,5,460.2
21560006918000,9,5,4,331.2
21560006979000,4,2,2,0
21560006982000,5,3,2,137
21560006983000,4,2,2,0
21560006987000,11,5,6,611.6
21560006994000,18,10,8,822.6
21560006995000,4,1,3,0
21560006999000,8,5,3,504
21560007012000,1,1,0,0
21560007013000,10,5,5,408
21560007015000,8,3,5,534.4
21560007018000,1,0,1,0
21560007021000,27,16,11,1090.8
21560007022000,5,1,4,166
21560007023000,2,2,0,0
21560007025000,4,3,1,0
21560007026000,23,12,11,959.1
21560007027000,16,4,12,1452.8
21560007036000,20,11,9,648
21560007041000,21,12,9,890.4
21560007045000,7,3,4,228.9
21560007055000,48,19,29,2544
21560007056000,44,22,22,1887.6
21570006512000,5,3,2,287
21570006515000,24,18,6,792
21570006516000,39,22,17,1727.7
21570006517000,3,2,1,0
21570006519000,4,2,2,0
21570006520000,47,26,21,2364.1
21570006522000,2,1,1,0
21570006523000,18,8,10,725.4
21570006524000,101,54,47,4252.1
21570006526000,7,4,3,361.2
21570006527000,99,52,47,3851.1
21570006528000,169,76,93,7013.5
21570006529000,3,1,2,0
21570006531000,6,5,1,297
21570006532000,89,50,39,3933.8
21570006533000,108,59,49,4255.2
21570006534000,2,1,1,0
21570006535000,62,24,38,3980.4
21570006536000,26,14,12,975
21570006538000,6,3,3,250.2
21570006539000,37,21,16,1698.3
21570006542000,17,10,7,554.2
21570006543000,16,8,8,798.4
21570006565000,38,22,16,1265.4
21570006566000,3,2,1,0
21570006572000,48,28,20,1848
21570006573000,39,22,17,1127.1
21570006587000,1,1,0,0
21570006590000,8,6,2,396.8
21570006591000,39,19,20,1271.4
21570006598000,3,2,1,0
21570006600000,42,18,24,1281
21570006601000,33,21,12,1128.6
21570006602000,9,5,4,357.3
21570006623000,22,12,10,921.8
21570006624000,105,50,55,4819.5
21570006625000,13,7,6,452.4
21570006664000,1,0,1,0
21570006667000,5,3,2,146
21570006668000,17,8,9,819.4
21570006669000,7,4,3,212.1
21570006670000,15,8,7,784.5
21570006696000,33,16,17,1250.7
21570006697000,143,75,68,6163.3
21570006698000,2,0,2,0
21570006718000,9,6,3,414.9
21570006719000,31,17,14,1621.3
21570006741000,167,84,83,7965.9
21570006742000,32,17,15,1680
21570006758000,8,3,5,359.2
21570006759000,2,1,1,0
21570006794000,14,6,8,424.2
21570006795000,8,5,3,352.8
21570006796000,9,4,5,367.2
21570006797000,6,2,4,336
21570006870000,9,5,4,432.9
21570006871000,17,7,10,659.6
21570006875000,6,3,3,225
21570006876000,9,3,6,442.8
21570006877000,11,7,4,444.4
21570006878000,6,3,3,316.2
21570006917000,2,2,0,0
21570006918000,18,7,11,732.6
21570006962000,5,2,3,160
21570006982000,6,3,3,420
21570006987000,15,7,8,481.5
21570006994000,4,1,3,0
21570006995000,17,9,8,863.6
21570006999000,6,2,4,382.8
21570007000000,41,21,20,2054.1
21570007001000,22,11,11,1091.2
21570007011000,31,17,14,1119.1
21570007012000,2,2,0,0
21570007021000,5,4,1,324
21570007024000,4,3,1,0
21570007026000,10,6,4,449
21570007027000,11,6,5,559.9
21570007029000,1,0,1,0
21570007036000,5,1,4,158
21570007042000,3,1,2,0
21570007043000,42,24,18,1743
21570007045000,2,1,1,0
21570007050000,6,3,3,211.2
21570007051000,1,0,1,0
21570007052000,3,1,2,0
21570007053000,2,1,1,0
21570007054000,58,29,29,3027.6
21570007055000,17,9,8,734.4
21580006515000,76,42,34,2872.8
21580006516000,41,19,22,2222.2
21580006519000,9,5,4,376.2
21580006520000,12,5,7,544.8
21580006521000,6,4,2,340.8
21580006522000,4,3,1,0
21580006523000,45,24,21,1998
21580006524000,2,1,1,0
21580006526000,5,2,3,136
21580006527000,6,3,3,375
21580006528000,23,10,13,975.2
21580006529000,21,10,11,777
21580006530000,41,22,19,1685.1
21580006531000,20,10,10,874
21580006532000,24,14,10,1231.2
21580006533000,132,67,65,5847.6
21580006534000,227,107,120,8807.6
21580006535000,28,7,21,2066.4
21580006536000,53,27,26,2252.5
21580006537000,47,26,21,2039.8
21580006538000,53,26,27,2226
21580006539000,19,10,9,925.3
21580006565000,17,7,10,652.8
21580006566000,21,12,9,877.8
21580006571000,21,13,8,890.4
21580006572000,10,6,4,452
21580006590000,2,1,1,0
21580006591000,38,20,18,1444
21580006592000,3,1,2,0
21580006598000,10,4,6,359
21580006600000,5,1,4,144
21580006601000,5,2,3,325
21580006602000,37,18,19,1283.9
21580006623000,37,19,18,1528.1
21580006624000,109,52,57,4490.8
21580006625000,107,49,58,3541.7
21580006696000,17,11,6,627.3
21580006697000,46,24,22,2106.8
21580006718000,14,6,8,712.6
21580006741000,70,41,29,2786
21580006742000,80,44,36,3192
21580006756000,5,3,2,151
21580006758000,19,10,9,782.8
21580006759000,7,4,3,382.2
21580006797000,25,14,11,970
21580006870000,12,6,6,787.2
21580006871000,33,15,18,1564.2
21580006875000,29,16,13,1235.4
21580006876000,7,4,3,487.2
21580006877000,4,2,2,0
21580006916000,10,5,5,378
21580006917000,21,14,7,751.8
21580006964000,2,1,1,0
21580006976000,12,5,7,612
21580006982000,2,1,1,0
21580006983000,2,1,1,0
21580006984000,18,10,8,743.4
21580006985000,20,10,10,830
21580006986000,17,10,7,877.2
21580006987000,39,22,17,1626.3
21580006995000,32,13,19,1299.2
21580007000000,31,18,13,1261.7
21580007001000,4,3,1,0
21580007002000,8,4,4,447.2
21580007008000,2,1,1,0
21580007009000,42,20,22,1890
21580007010000,20,10,10,674
21580007011000,87,43,44,4028.1
21580007026000,21,10,11,980.7
21580007027000,6,3,3,102
21580007029000,8,5,3,167.2
21580007037000,4,2,2,0
21580007043000,43,26,17,1788.8
21580007047000,14,7,7,516.6
21580007048000,8,4,4,554.4
21580007049000,15,7,8,435
21580007050000,31,18,13,1429.1
21580007051000,45,26,19,2268
21580007052000,57,32,25,2268.6
21580007053000,22,12,10,1232
21590006513000,7,3,4,329
21590006514000,62,30,32,3279.8
21590006515000,137,73,64,5754
21590006516000,15,8,7,714
21590006517000,1,1,0,0
21590006520000,18,8,10,838.8
21590006521000,12,7,5,507.6
21590006523000,36,21,15,1782
21590006524000,9,4,5,314.1
21590006526000,4,3,1,0
21590006527000,16,8,8,745.6
21590006530000,6,3,3,370.8
21590006531000,7,2,5,336
21590006532000,5,1,4,261
21590006533000,56,27,29,2520
21590006534000,4,2,2,0
21590006535000,15,10,5,685.5
21590006536000,17,10,7,698.7
21590006537000,132,69,63,4738.8
21590006538000,11,6,5,577.5
21590006562000,7,4,3,366.8
21590006563000,5,3,2,373
21590006564000,8,6,2,204
21590006565000,378,178,200,15800.4
21590006566000,461,233,228,19776.9
21590006567000,35,18,17,1204
21590006571000,17,10,7,795.6
21590006572000,14,9,5,721
21590006591000,33,17,16,1382.7
21590006597000,8,1,7,350.4
21590006598000,8,3,5,380.8
21590006601000,74,42,32,3004.4
21590006602000,34,16,18,1142.4
21590006603000,11,6,5,325.6
21590006623000,104,55,49,4804.8
21590006624000,15,8,7,1057.5
21590006625000,9,7,2,269.1
21590006630000,2,1,1,0
21590006631000,4,3,1,0
21590006659000,7,5,2,468.3
21590006660000,1,0,1,0
21590006696000,45,24,21,2110.5
21590006697000,15,7,8,649.5
21590006727000,1,1,0,0
21590006741000,2,1,1,0
21590006742000,31,18,13,1475.6
21590006743000,8,4,4,367.2
21590006753000,2,1,1,0
21590006757000,19,14,5,980.4
21590006758000,5,2,3,241
21590006765000,1,1,0,0
21590006796000,9,5,4,522.9
21590006797000,14,6,8,732.2
21590006798000,13,8,5,637
21590006870000,4,2,2,0
21590006871000,42,22,20,1999.2
21590006874000,9,5,4,506.7
21590006876000,4,2,2,0
21590006915000,8,4,4,272
21590006964000,7,5,2,329.7
21590006965000,13,4,9,521.3
21590006975000,1,1,0,0
21590006976000,10,4,6,483
21590006977000,18,9,9,797.4
21590006984000,41,23,18,1664.6
21590006985000,11,6,5,396
21590006986000,12,6,6,600
21590006987000,19,9,10,879.7
21590006988000,59,34,25,3168.3
21590006994000,19,8,11,877.8
21590006995000,12,8,4,584.4
21590006996000,11,5,6,247.5
21590007011000,46,23,23,1775.6
21590007012000,15,9,6,877.5
21590007016000,3,1,2,0
21590007017000,7,2,5,447.3
21590007018000,7,2,5,282.1
21590007019000,7,3,4,399
21590007028000,36,19,17,1620
21590007029000,2,1,1,0
21590007030000,5,2,3,122
21590007039000,1,0,1,0
21590007044000,59,32,27,2076.8
21590007046000,7,5,2,268.8
21590007048000,10,5,5,244
21590007051000,10,4,6,617
21600006515000,9,6,3,361.8
21600006516000,23,13,10,752.1
21600006517000,7,3,4,394.8
21600006518000,21,10,11,970.2
21600006519000,30,16,14,1047
21600006520000,48,25,23,2078.4
21600006521000,3,1,2,0
21600006523000,8,4,4,435.2
21600006524000,1,1,0,0
21600006526000,7,1,6,245
21600006527000,14,10,4,501.2
21600006530000,4,3,1,0
21600006532000,2,2,0,0
21600006533000,3,2,1,0
21600006535000,2,1,1,0
21600006536000,24,13,11,1000.8
21600006537000,83,39,44,3403
21600006538000,10,6,4,412
21600006539000,3,1,2,0
21600006549000,28,17,11,1078
21600006559000,2,1,1,0
21600006561000,23,12,11,823.4
21600006562000,44,20,24,1870
21600006563000,16,8,8,572.8
21600006564000,20,9,11,806
21600006565000,230,118,112,8004
21600006566000,195,84,111,10101
21600006567000,6,3,3,222
21600006570000,1,0,1,0
21600006571000,7,4,3,490
21600006572000,4,3,1,0
21600006587000,6,5,1,261
21600006588000,45,25,20,1710
21600006590000,18,11,7,727.2
21600006591000,6,3,3,298.2
21600006597000,29,15,14,1255.7
21600006598000,9,5,4,395.1
21600006600000,11,6,5,397.1
21600006601000,54,29,25,2052
21600006602000,57,24,33,2171.7
21600006603000,89,46,43,3711.3
21600006604000,4,2,2,0
21600006608000,4,2,2,0
21600006623000,8,4,4,399.2
21600006624000,1,1,0,0
21600006626000,4,3,1,0
21600006629000,4,1,3,0
21600006633000,3,1,2,0
21600006650000,9,5,4,599.4
21600006651000,4,3,1,0
21600006658000,2,1,1,0
21600006659000,5,3,2,201
21600006695000,1,1,0,0
21600006696000,33,17,16,1412.4
21600006697000,8,6,2,359.2
21600006699000,1,1,0,0
21600006721000,2,1,1,0
21600006727000,2,1,1,0
21600006741000,10,7,3,425
21600006742000,23,13,10,1067.2
21600006743000,1,0,1,0
21600006752000,7,3,4,305.9
21600006753000,3,2,1,0
21600006754000,7,5,2,359.1
21600006757000,20,12,8,1016
21600006797000,34,16,18,1587.8
21600006798000,36,19,17,1767.6
21600006871000,18,13,5,876.6
21600006872000,184,103,81,6734.4
21600006873000,238,116,122,10257.8
21600006874000,4,2,2,0
21600006914000,15,7,8,643.5
21600006915000,10,5,5,473
21600006965000,11,4,7,551.1
21600006966000,7,3,4,252
21600006976000,1,0,1,0
21600006982000,4,3,1,0
21600006983000,2,1,1,0
21600006984000,1,0,1,0
21600006987000,2,2,0,0
21600006988000,15,8,7,282
21600006989000,14,5,9,495.6
21600006992000,3,1,2,0
21600006993000,2,1,1,0
21600006996000,21,11,10,989.1
21600006997000,32,19,13,1078.4
21600007011000,5,3,2,224
21600007012000,29,15,14,1116.5
21600007013000,12,4,8,614.4
21600007014000,19,7,12,782.8
21600007015000,31,16,15,1615.1
21600007016000,3,1,2,0
21600007017000,27,15,12,1144.8
21600007018000,12,6,6,453.6
21600007019000,1,1,0,0
21600007026000,7,2,5,191.1
21600007038000,1,0,1,0
21600007039000,6,3,3,408
21600007044000,2,1,1,0
21600007045000,8,3,5,562.4
21600007046000,17,9,8,737.8
21610006519000,3,3,0,0
21610006520000,62,30,32,2734.2
21610006521000,1,0,1,0
21610006523000,41,22,19,1676.9
21610006524000,4,1,3,0
21610006525000,13,5,8,470.6
21610006526000,5,3,2,337
21610006527000,5,3,2,257
21610006531000,24,11,13,1058.4
21610006537000,6,5,1,286.8
21610006538000,4,2,2,0
21610006539000,2,1,1,0
21610006548000,3,1,2,0
21610006549000,41,19,22,1840.9
21610006559000,4,2,2,0
21610006560000,5,5,0,256
21610006561000,13,8,5,529.1
21610006562000,6,4,2,108
21610006566000,40,21,19,1568
21610006569000,15,11,4,717
21610006570000,23,13,10,984.4
21610006587000,35,17,18,1298.5
21610006588000,9,5,4,423.9
21610006594000,7,2,5,230.3
21610006596000,9,4,5,497.7
21610006597000,74,42,32,2871.2
21610006598000,14,8,6,883.4
21610006599000,16,9,7,732.8
21610006600000,248,130,118,7886.4
21610006601000,104,48,56,3473.6
21610006602000,68,37,31,2114.8
21610006603000,53,32,21,2061.7
21610006604000,99,50,49,3930.3
21610006605000,46,25,21,1522.6
21610006606000,7,3,4,340.2
21610006607000,1,1,0,0
21610006608000,2,1,1,0
21610006621000,16,9,7,545.6
21610006622000,17,10,7,601.8
21610006623000,60,32,28,2796
21610006629000,9,5,4,486.9
21610006630000,2,1,1,0
21610006633000,7,3,4,280.7
21610006634000,2,2,0,0
21610006636000,3,2,1,0
21610006637000,5,3,2,313
21610006649000,4,3,1,0
21610006659000,7,4,3,207.9
21610006696000,16,11,5,1105.6
21610006699000,27,13,14,1047.6
21610006715000,1,1,0,0
21610006726000,2,0,2,0
21610006741000,22,11,11,851.4
21610006742000,12,6,6,504
21610006744000,1,1,0,0
21610006751000,5,3,2,87
21610006752000,13,6,7,556.4
21610006756000,4,1,3,0
21610006795000,1,1,0,0
21610006797000,2,1,1,0
21610006798000,58,31,27,2621.6
21610006799000,16,7,9,716.8
21610006872000,277,133,144,13379.1
21610006873000,75,42,33,3030
21610006913000,15,7,8,562.5
21610006914000,13,8,5,557.7
21610006915000,5,3,2,261
21610006965000,1,0,1,0
21610006966000,9,6,3,417.6
21610006975000,1,1,0,0
21610006983000,11,6,5,413.6
21610006988000,9,4,5,412.2
21610006989000,1,0,1,0
21610006990000,7,2,5,314.3
21610006991000,4,2,2,0
21610006992000,5,3,2,309
21610006993000,3,1,2,0
21610006997000,14,6,8,572.6
21610006998000,2,1,1,0
21610007004000,19,12,7,758.1
21610007011000,4,2,2,0
21610007013000,10,6,4,539
21610007016000,28,12,16,1344
21610007019000,7,3,4,331.1
21610007025000,10,7,3,374
21610007028000,3,2,1,0
21620006517000,1,1,0,0
21620006519000,7,3,4,322.7
21620006520000,107,48,59,4130.2
21620006521000,11,6,5,819.5
21620006522000,3,2,1,0
21620006523000,18,11,7,658.8
21620006527000,15,8,7,565.5
21620006528000,3,2,1,0
21620006543000,32,14,18,1312
21620006544000,7,4,3,371.7
21620006546000,22,13,9,1027.4
21620006547000,27,12,15,880.2
21620006548000,64,29,35,2963.2
21620006549000,66,34,32,2494.8
21620006550000,9,6,3,572.4
21620006554000,4,2,2,0
21620006559000,5,2,3,144
21620006561000,12,8,4,536.4
21620006567000,16,9,7,804.8
21620006568000,25,12,13,1002.5
21620006569000,28,11,17,1072.4
21620006575000,2,1,1,0
21620006587000,63,33,30,2362.5
21620006588000,7,3,4,401.8
21620006589000,3,2,1,0
21620006593000,15,8,7,688.5
21620006594000,52,28,24,2340
21620006595000,15,9,6,633
21620006596000,16,10,6,857.6
21620006597000,22,11,11,814
21620006598000,67,36,31,2412
21620006599000,78,38,40,3463.2
21620006600000,38,21,17,1459.2
21620006601000,296,143,153,11573.6
21620006602000,216,114,102,8316
21620006603000,120,53,67,4092
21620006604000,4,2,2,0
21620006605000,38,19,19,1478.2
21620006606000,3,2,1,0
21620006621000,26,10,16,1133.6
21620006622000,16,11,5,561.6
21620006623000,40,23,17,1880
21620006627000,3,1,2,0
21620006629000,1,1,0,0
21620006630000,6,4,2,201
21620006633000,6,3,3,214.2
21620006636000,2,1,1,0
21620006637000,6,4,2,279
21620006644000,1,1,0,0
21620006645000,1,0,1,0
21620006658000,2,1,1,0
21620006695000,6,4,2,190.8
21620006696000,6,4,2,328.8
21620006698000,14,7,7,648.2
21620006726000,2,1,1,0
21620006741000,5,2,3,102
21620006742000,14,6,8,502.6
21620006743000,1,0,1,0
21620006751000,15,7,8,775.5
21620006756000,1,1,0,0
21620006795000,30,18,12,1035
21620006796000,25,13,12,1152.5
21620006797000,18,10,8,903.6
21620006798000,5,2,3,240
21620006799000,12,6,6,596.4
21620006872000,114,51,63,3750.6
21620006873000,28,11,17,1159.2
21620006912000,1,1,0,0
21620006913000,5,2,3,126
21620006966000,17,9,8,520.2
21620006975000,6,3,3,367.2
21620006984000,3,2,1,0
21620006989000,16,6,10,486.4
21620007002000,7,4,3,301.7
21620007004000,19,8,11,750.5
21620007005000,8,4,4,264
21620007011000,4,3,1,0
21620007016000,114,55,59,5232.6
21620007019000,9,5,4,509.4
21620007028000,5,2,3,208
21620007031000,4,3,1,0
21620007032000,10,5,5,327
21630006518000,1,1,0,0
21630006519000,10,4,6,288
21630006520000,6,2,4,286.2
21630006521000,168,86,82,6434.4
21630006522000,130,69,61,5317
21630006523000,21,13,8,963.9
21630006524000,2,1,1,0
21630006527000,29,13,16,930.9
21630006529000,3,2,1,0
21630006541000,3,2,1,0
21630006542000,1,1,0,0
21630006544000,14,9,5,798
21630006545000,26,11,15,1362.4
21630006546000,42,22,20,1776.6
21630006547000,44,25,19,1584
21630006548000,1,1,0,0
21630006549000,2,2,0,0
21630006550000,56,28,28,2290.4
21630006551000,2,1,1,0
21630006552000,20,9,11,926
21630006560000,10,6,4,513
21630006561000,11,5,6,490.6
21630006586000,23,12,11,816.5
21630006587000,118,57,61,4295.2
21630006588000,137,64,73,5863.6
21630006589000,39,20,19,2008.5
21630006590000,19,7,12,682.1
21630006591000,20,8,12,684
21630006592000,40,20,20,1552
21630006593000,19,11,8,877.8
21630006594000,31,16,15,1184.2
21630006595000,16,9,7,761.6
21630006596000,1,0,1,0
21630006598000,3,1,2,0
21630006599000,763,399,364,24568.6
21630006600000,719,360,359,28616.2
21630006601000,749,376,373,33555.2
21630006602000,80,42,38,2936
21630006603000,44,21,23,1905.2
21630006604000,86,41,45,2777.8
21630006605000,14,9,5,624.4
21630006610000,1,1,0,0
21630006621000,46,29,17,1904.4
21630006622000,8,5,3,416
21630006623000,6,3,3,355.2
21630006624000,4,1,3,0
21630006628000,6,3,3,235.2
21630006630000,28,17,11,996.8
21630006631000,14,7,7,579.6
21630006632000,33,17,16,1171.5
21630006633000,8,4,4,251.2
21630006634000,2,1,1,0
21630006635000,44,26,18,2235.2
21630006636000,11,6,5,337.7
21630006645000,10,7,3,596
21630006649000,4,3,1,0
21630006651000,2,1,1,0
21630006657000,5,4,1,267
21630006695000,4,2,2,0
21630006697000,11,6,5,421.3
21630006698000,4,1,3,0
21630006705000,2,1,1,0
21630006707000,9,4,5,344.7
21630006708000,3,1,2,0
21630006716000,6,1,5,130.8
21630006726000,2,2,0,0
21630006743000,48,26,22,2452.8
21630006744000,1,1,0,0
21630006750000,19,11,8,826.5
21630006751000,3,1,2,0
21630006752000,4,3,1,0
21630006755000,2,0,2,0
21630006763000,1,1,0,0
21630006765000,1,0,1,0
21630006795000,4,2,2,0
21630006797000,6,2,4,390
21630006798000,5,3,2,289
21630006873000,48,25,23,2164.8
21630006874000,6,4,2,196.8
21630006875000,1,1,0,0
21630006912000,13,7,6,713.7
21630006913000,11,6,5,577.5
21630006967000,28,15,13,1411.2
21630006968000,56,29,27,2060.8
21630006969000,22,12,10,776.6
21630006970000,6,3,3,241.8
21630006971000,38,19,19,1968.4
21630006972000,5,2,3,239
21630006990000,6,3,3,276
21630007003000,34,18,16,1649
21630007005000,20,9,11,1056
21630007011000,2,1,1,0
21630007012000,8,5,3,428
21630007013000,7,4,3,319.9
21630007015000,2,1,1,0
21630007016000,120,64,56,5028
21630007030000,9,5,4,468
21630007033000,6,3,3,243
21640006518000,23,12,11,1048.8
21640006519000,32,17,15,1593.6
21640006520000,29,18,11,1299.2
21640006521000,154,80,74,5744.2
21640006522000,831,408,423,33738.6
21640006523000,248,136,112,10093.6
21640006524000,12,8,4,481.2
21640006526000,13,7,6,644.8
21640006527000,11,8,3,343.2
21640006528000,3,2,1,0
21640006529000,8,6,2,364
21640006541000,2,1,1,0
21640006542000,3,2,1,0
21640006543000,13,6,7,556.4
21640006544000,50,25,25,1910
21640006545000,17,9,8,683.4
21640006546000,3,0,3,0
21640006548000,3,2,1,0
21640006549000,6,2,4,268.8
21640006550000,24,11,13,883.2
21640006551000,250,108,142,12425
21640006552000,25,12,13,892.5
21640006560000,5,4,1,361
21640006561000,4,2,2,0
21640006585000,10,6,4,447
21640006586000,89,39,50,4013.9
21640006587000,560,290,270,24528
21640006588000,606,275,331,29997
21640006589000,86,44,42,3981.8
21640006590000,28,16,12,1377.6
21640006591000,40,26,14,1784
21640006592000,71,34,37,2832.9
21640006593000,25,15,10,1045
21640006594000,4,2,2,0
21640006599000,76,42,34,3070.4
21640006600000,473,246,227,17832.1
21640006601000,221,104,117,8751.6
21640006602000,36,16,20,1850.4
21640006603000,84,42,42,3553.2
21640006604000,313,163,150,11487.1
21640006606000,2,1,1,0
21640006607000,14,8,6,561.4
21640006608000,7,2,5,242.9
21640006609000,7,5,2,347.9
21640006619000,1,0,1,0
21640006620000,11,7,4,531.3
21640006621000,17,9,8,1026.8
21640006622000,23,12,11,1271.9
21640006630000,25,13,12,1117.5
21640006631000,67,32,35,2579.5
21640006632000,85,37,48,4530.5
21640006633000,6,4,2,333
21640006634000,15,7,8,756
21640006635000,38,19,19,1447.8
21640006636000,19,9,10,969
21640006637000,8,5,3,444
21640006638000,5,4,1,307
21640006639000,4,3,1,0
21640006648000,4,2,2,0
21640006649000,6,4,2,361.2
21640006650000,3,2,1,0
21640006651000,14,7,7,547.4
21640006683000,2,1,1,0
21640006695000,8,3,5,308.8
21640006696000,158,80,78,6446.4
21640006697000,28,14,14,1414
21640006702000,39,19,20,1661.4
21640006713000,4,3,1,0
21640006721000,2,1,1,0
21640006743000,31,18,13,1664.7
21640006744000,4,2,2,0
21640006750000,24,13,11,984
21640006751000,4,2,2,0
21640006752000,8,4,4,472
21640006753000,1,1,0,0
21640006795000,18,11,7,937.8
21640006796000,10,5,5,544
21640006797000,6,3,3,157.2
21640006871000,2,1,1,0
21640006873000,39,18,21,1762.8
21640006874000,18,11,7,1015.2
21640006875000,19,11,8,777.1
21640006912000,42,17,25,1890
21640006969000,11,4,7,342.1
21640006970000,22,13,9,1027.4
21640006971000,46,23,23,1853.8
21640007003000,55,28,27,2750
21640007005000,17,9,8,887.4
21640007012000,72,39,33,3614.4
21640007013000,23,13,10,1225.9
21640007016000,25,17,8,727.5
21640007017000,9,6,3,215.1
21640007018000,3,2,1,0
21640007019000,4,2,2,0
21640007021000,1,1,0,0
21640007023000,12,5,7,699.6
21640007024000,5,3,2,306
21640007030000,4,3,1,0
21640007031000,21,7,14,1117.2
21640007032000,1,1,0,0
21650006519000,5,3,2,333
21650006522000,832,380,452,38604.8
21650006523000,889,443,446,40005
21650006526000,14,6,8,533.4
21650006527000,7,3,4,347.9
21650006528000,9,4,5,365.4
21650006530000,2,1,1,0
21650006540000,2,1,1,0
21650006543000,16,9,7,734.4
21650006544000,13,7,6,590.2
21650006550000,6,2,4,276
21650006551000,34,16,18,1475.6
21650006552000,34,18,16,1179.8
21650006553000,3,1,2,0
21650006559000,3,3,0,0
21650006560000,5,3,2,280
21650006584000,20,12,8,934
21650006585000,17,11,6,885.7
21650006586000,8,2,6,376
21650006587000,41,19,22,1599
21650006588000,42,23,19,1873.2
21650006589000,31,16,15,1379.5
21650006590000,26,17,9,930.8
21650006591000,19,11,8,853.1
21650006592000,6,3,3,217.2
21650006600000,58,29,29,2076.4
21650006601000,41,11,30,1328.4
21650006602000,21,11,10,806.4
21650006603000,9,5,4,495
21650006608000,1,1,0,0
21650006609000,7,4,3,296.8
21650006610000,19,13,6,598.5
21650006620000,52,29,23,2329.6
21650006621000,45,24,21,2052
21650006622000,3,2,1,0
21650006630000,12,7,5,513.6
21650006631000,30,18,12,1437
21650006632000,33,17,16,1379.4
21650006635000,4,2,2,0
21650006646000,1,0,1,0
21650006649000,18,10,8,612
21650006650000,19,10,9,978.5
21650006651000,5,3,2,218
21650006654000,1,1,0,0
21650006655000,3,2,1,0
21650006683000,3,2,1,0
21650006695000,3,2,1,0
21650006696000,254,131,123,11430
21650006697000,13,6,7,634.4
21650006702000,18,10,8,637.2
21650006725000,6,3,3,324
21650006743000,51,23,28,2142
21650006744000,6,4,2,367.8
21650006749000,20,11,9,822
21650006750000,31,19,12,1497.3
21650006751000,18,7,11,761.4
21650006752000,10,4,6,479
21650006765000,20,12,8,720
21650006786000,1,1,0,0
21650006793000,6,4,2,157.8
21650006794000,1,1,0,0
21650006796000,7,4,3,321.3
21650006798000,6,3,3,337.8
21650006874000,11,6,5,627
21650006875000,8,4,4,308
21650006911000,8,6,2,363.2
21650006912000,5,1,4,197
21650006975000,8,6,2,364
21650006991000,1,1,0,0
21650006992000,9,5,4,381.6
21650007003000,13,7,6,501.8
21650007004000,47,22,25,2152.6
21650007005000,20,9,11,756
21650007012000,13,8,5,643.5
21650007016000,9,5,4,360
21650007017000,5,4,1,228
21650007030000,1,1,0,0
21650007031000,30,17,13,1440
21660006522000,267,133,134,13269.9
21660006523000,1010,503,507,48177
21660006524000,153,75,78,6808.5
21660006526000,2,1,1,0
21660006529000,6,3,3,405
21660006530000,2,1,1,0
21660006532000,5,2,3,310
21660006537000,2,1,1,0
21660006539000,3,2,1,0
21660006550000,4,2,2,0
21660006552000,40,26,14,1500
21660006553000,16,9,7,596.8
21660006554000,3,2,1,0
21660006555000,6,3,3,199.8
21660006556000,2,1,1,0
21660006557000,11,4,7,536.8
21660006558000,4,2,2,0
21660006559000,5,3,2,325
21660006560000,6,3,3,328.2
21660006582000,4,3,1,0
21660006583000,10,5,5,505
21660006584000,2,1,1,0
21660006587000,5,3,2,383
21660006588000,32,17,15,1574.4
21660006589000,9,5,4,448.2
21660006590000,6,3,3,289.2
21660006599000,18,9,9,707.4
21660006600000,98,53,45,4106.2
21660006601000,51,25,26,2096.1
21660006602000,31,16,15,1574.8
21660006603000,17,10,7,802.4
21660006604000,8,4,4,380
21660006605000,4,3,1,0
21660006608000,1,1,0,0
21660006609000,8,5,3,344.8
21660006615000,1,1,0,0
21660006620000,29,17,12,1606.6
21660006621000,63,33,30,2305.8
21660006622000,9,4,5,367.2
21660006632000,7,5,2,322
21660006640000,5,3,2,198
21660006648000,6,5,1,268.2
21660006649000,8,4,4,472.8
21660006650000,9,7,2,488.7
21660006651000,5,3,2,157
21660006652000,9,3,6,378
21660006653000,11,5,6,436.7
21660006672000,1,0,1,0
21660006683000,1,1,0,0
21660006684000,4,3,1,0
21660006694000,2,1,1,0
21660006695000,14,6,8,677.6
21660006696000,71,31,40,3053
21660006697000,18,12,6,756
21660006700000,15,9,6,784.5
21660006701000,9,6,3,470.7
21660006702000,22,13,9,1071.4
21660006725000,6,4,2,199.2
21660006726000,4,2,2,0
21660006743000,12,5,7,674.4
21660006744000,57,29,28,2724.6
21660006747000,10,5,5,431
21660006748000,36,21,15,1501.2
21660006749000,62,32,30,2864.4
21660006750000,73,45,28,2949.2
21660006751000,3,2,1,0
21660006755000,1,0,1,0
21660006765000,20,12,8,902
21660006792000,9,4,5,384.3
21660006793000,15,6,9,784.5
21660006794000,22,10,12,1364
21660006795000,19,9,10,836
21660006796000,36,21,15,1494
21660006807000,20,12,8,894
21660006874000,13,8,5,529.1
21660006875000,13,7,6,633.1
21660006911000,9,5,4,279
21660006975000,6,3,3,423
21660006985000,12,4,8,483.6
21660006986000,14,8,6,739.2
21660006990000,12,5,7,297.6
21660006991000,10,4,6,423
21660006996000,6,2,4,238.2
21660007012000,23,13,10,811.9
21660007017000,6,3,3,259.8
21660007031000,33,19,14,1244.1
21660007057000,1,0,1,0
21670006525000,1,1,0,0
21670006526000,8,4,4,530.4
21670006528000,1,1,0,0
21670006529000,1,0,1,0
21670006542000,4,1,3,0
21670006551000,3,2,1,0
21670006553000,4,2,2,0
21670006554000,12,6,6,543.6
21670006555000,12,6,6,315.6
21670006557000,13,7,6,397.8
21670006558000,3,2,1,0
21670006559000,8,4,4,499.2
21670006560000,18,9,9,1036.8
21670006561000,30,12,18,1104
21670006580000,10,4,6,374
21670006581000,12,6,6,692.4
21670006582000,7,3,4,168.7
21670006586000,6,4,2,231
21670006587000,1,0,1,0
21670006588000,8,5,3,230.4
21670006589000,4,2,2,0
21670006598000,8,3,5,274.4
21670006599000,28,13,15,1307.6
21670006600000,36,17,19,1587.6
21670006601000,166,87,79,7071.6
21670006602000,74,42,32,2745.4
21670006603000,8,5,3,299.2
21670006611000,2,1,1,0
21670006612000,1,0,1,0
21670006620000,49,27,22,2317.7
21670006621000,46,22,24,2056.2
21670006622000,8,3,5,442.4
21670006631000,4,2,2,0
21670006632000,7,5,2,247.8
21670006640000,1,1,0,0
21670006644000,6,3,3,310.2
21670006646000,11,6,5,605
21670006647000,10,5,5,362
21670006648000,3,2,1,0
21670006649000,4,2,2,0
21670006650000,2,1,1,0
21670006652000,7,5,2,387.1
21670006653000,2,1,1,0
21670006654000,4,3,1,0
21670006681000,1,0,1,0
21670006682000,18,7,11,925.2
21670006683000,2,0,2,0
21670006684000,8,4,4,236.8
21670006685000,43,22,21,2068.3
21670006686000,6,2,4,334.8
21670006687000,5,2,3,205
21670006688000,18,8,10,774
21670006689000,21,10,11,1085.7
21670006692000,1,0,1,0
21670006694000,18,9,9,1166.4
21670006695000,39,14,25,1774.5
21670006696000,6,2,4,370.8
21670006697000,1,1,0,0
21670006698000,1,1,0,0
21670006700000,2,2,0,0
21670006701000,7,2,5,261.1
21670006723000,2,1,1,0
21670006726000,10,5,5,505
21670006727000,5,2,3,183
21670006743000,12,7,5,576
21670006744000,234,115,119,9336.6
21670006745000,31,17,14,1243.1
21670006746000,23,13,10,880.9
21670006747000,73,36,37,2978.4
21670006748000,22,10,12,1071.4
21670006749000,1,0,1,0
21670006750000,3,2,1,0
21670006771000,4,2,2,0
21670006792000,41,23,18,1644.1
21670006793000,115,61,54,4462
21670006794000,45,24,21,2155.5
21670006795000,29,17,12,1215.1
21670006807000,4,2,2,0
21670006874000,1,1,0,0
21670006875000,60,30,30,2514
21670006876000,9,7,2,365.4
21670006910000,5,2,3,261
21670006911000,5,2,3,123
21670006968000,8,2,6,218.4
21670006969000,46,25,21,1642.2
21670006994000,16,10,6,595.2
21670006995000,11,5,6,459.8
21670007006000,3,2,1,0
21670007010000,3,1,2,0
21670007011000,14,8,6,474.6
21670007012000,15,8,7,595.5
21670007017000,10,4,6,528
21670007027000,15,7,8,576
21670007030000,4,2,2,0
21670007031000,21,11,10,915.6
21670007032000,38,22,16,1364.2
21670007033000,1,0,1,0
21670007054000,5,3,2,338
21680006525000,3,2,1,0
21680006526000,11,5,6,566.5
21680006527000,20,10,10,776
21680006528000,2,1,1,0
21680006529000,12,5,7,392.4
21680006533000,2,2,0,0
21680006534000,7,4,3,445.2
21680006538000,2,1,1,0
21680006539000,9,4,5,381.6
21680006542000,29,17,12,849.7
21680006551000,4,1,3,0
21680006552000,9,5,4,350.1
21680006559000,4,2,2,0
21680006561000,48,28,20,2313.6
21680006562000,5,3,2,282
21680006563000,6,5,1,390
21680006578000,6,3,3,330
21680006579000,2,1,1,0
21680006586000,21,11,10,942.9
21680006587000,8,3,5,354.4
21680006588000,15,9,6,858
21680006589000,6,3,3,304.8
21680006590000,11,4,7,275
21680006594000,7,4,3,333.9
21680006595000,19,11,8,836
21680006596000,2,2,0,0
21680006597000,241,122,119,9302.6
21680006598000,220,107,113,7678
21680006599000,6,2,4,232.2
21680006600000,21,10,11,905.1
21680006601000,47,21,26,1771.9
21680006602000,7,4,3,336.7
21680006609000,4,3,1,0
21680006610000,24,11,13,1032
21680006611000,6,4,2,295.8
21680006612000,7,4,3,252.7
21680006619000,17,8,9,627.3
21680006620000,61,31,30,2415.6
21680006621000,132,66,66,5200.8
21680006622000,29,12,17,1386.2
21680006631000,11,5,6,448.8
21680006632000,21,13,8,934.5
21680006641000,1,1,0,0
21680006647000,2,1,1,0
21680006652000,2,1,1,0
21680006654000,6,3,3,379.2
21680006679000,1,1,0,0
21680006681000,7,3,4,249.9
21680006682000,13,5,8,448.5
21680006683000,18,11,7,687.6
21680006684000,36,17,19,1760.4
21680006685000,81,41,40,3272.4
21680006686000,1,1,0,0
21680006687000,4,3,1,0
21680006688000,4,2,2,0
21680006689000,1,0,1,0
21680006690000,7,2,5,305.9
21680006691000,6,4,2,237
21680006692000,29,14,15,1563.1
21680006693000,49,26,23,2244.2
21680006694000,6,2,4,339
21680006695000,13,6,7,518.7
21680006696000,27,10,17,1026
21680006697000,10,6,4,617
21680006698000,11,6,5,389.4
21680006727000,11,7,4,631.4
21680006728000,20,11,9,1028
21680006743000,8,7,1,340
21680006744000,763,375,388,30291.1
21680006745000,152,73,79,6748.8
21680006746000,28,16,12,1260
21680006747000,7,3,4,312.2
21680006749000,2,1,1,0
21680006761000,1,1,0,0
21680006768000,1,1,0,0
21680006791000,2,1,1,0
21680006792000,20,10,10,1072
21680006793000,43,25,18,1634
21680006794000,39,23,16,1524.9
21680006795000,14,7,7,639.8
21680006806000,4,3,1,0
21680006807000,3,3,0,0
21680006815000,1,0,1,0
21680006873000,15,3,12,553.5
21680006874000,29,16,13,980.2
21680006875000,36,20,16,1548
21680006876000,6,2,4,210
21680006909000,6,1,5,201
21680006910000,9,4,5,306
21680006958000,2,1,1,0
21680006960000,4,2,2,0
21680006962000,1,1,0,0
21680006963000,11,6,5,563.2
21680006964000,135,63,72,5265
21680006965000,17,8,9,518.5
21680006966000,10,6,4,336
21680006970000,2,1,1,0
21680006973000,89,43,46,3844.8
21680006979000,13,8,5,582.4
21680006980000,7,4,3,247.1
21680006988000,8,4,4,344
21680006992000,43,25,18,1543.7
21680006993000,33,21,12,1508.1
21680006994000,6,3,3,337.8
21680007001000,5,2,3,205
21680007006000,20,14,6,992
21680007007000,7,4,3,259.7
21680007017000,11,5,6,542.3
21680007018000,2,1,1,0
21680007020000,6,2,4,190.2
21680007025000,6,2,4,264
21680007029000,5,2,3,252
21680007030000,28,13,15,1316
21680007031000,46,23,23,1932
21680007032000,8,3,5,300.8
21680007053000,1,0,1,0
21680007056000,6,3,3,354
21680007058000,6,3,3,258
21680007077000,10,6,4,614
21690006525000,13,5,8,539.5
21690006526000,23,13,10,908.5
21690006528000,11,5,6,576.4
21690006529000,8,5,3,368
21690006533000,3,2,1,0
21690006534000,4,3,1,0
21690006535000,17,8,9,861.9
21690006541000,11,5,6,345.4
21690006542000,54,28,26,2257.2
21690006543000,3,2,1,0
21690006551000,4,3,1,0
21690006552000,14,9,5,544.6
21690006559000,9,4,5,450
21690006577000,3,2,1,0
21690006586000,15,9,6,663
21690006587000,36,20,16,1216.8
21690006588000,7,4,3,336
21690006589000,13,6,7,638.3
21690006590000,5,3,2,260
21690006591000,9,4,5,316.8
21690006593000,12,6,6,684
21690006594000,43,25,18,1857.6
21690006595000,71,37,34,3081.4
21690006596000,22,12,10,1201.2
21690006597000,559,258,301,25378.6
21690006598000,111,51,60,4251.3
21690006599000,45,20,25,1881
21690006600000,20,9,11,858
21690006601000,8,3,5,374.4
21690006608000,14,7,7,768.6
21690006609000,10,5,5,479
21690006618000,8,4,4,348
21690006619000,5,3,2,208
21690006620000,146,70,76,5650.2
21690006621000,85,40,45,3553
21690006622000,39,21,18,1669.2
21690006630000,3,2,1,0
21690006631000,2,1,1,0
21690006632000,5,3,2,198
21690006641000,5,2,3,173
21690006642000,8,4,4,215.2
21690006643000,1,0,1,0
21690006653000,2,2,0,0
21690006677000,10,7,3,502
21690006678000,5,3,2,378
21690006679000,2,1,1,0
21690006680000,19,11,8,932.9
21690006681000,14,9,5,551.6
21690006688000,8,5,3,379.2
21690006689000,8,5,3,252.8
21690006690000,7,5,2,154.7
21690006692000,2,1,1,0
21690006693000,2,1,1,0
21690006696000,8,5,3,459.2
21690006697000,31,18,13,1305.1
21690006728000,3,2,1,0
21690006744000,302,165,137,13408.8
21690006745000,429,201,228,17803.5
21690006746000,28,15,13,1464.4
21690006747000,22,11,11,985.6
21690006762000,2,2,0,0
21690006791000,28,17,11,1232
21690006792000,14,8,6,677.6
21690006793000,7,3,4,385
21690006794000,33,20,13,1254
21690006805000,9,5,4,486
21690006873000,35,22,13,1596
21690006875000,34,20,14,1390.6
21690006876000,23,13,10,1058
21690006908000,9,5,4,467.1
21690006909000,21,11,10,745.5
21690006910000,6,3,3,114
21690006963000,7,5,2,326.9
21690006964000,284,149,135,10650
21690006965000,296,144,152,12550.4
21690006972000,17,8,9,809.2
21690006973000,43,25,18,1866.2
21690006974000,2,1,1,0
21690006977000,44,22,22,2208.8
21690006978000,13,8,5,643.5
21690006980000,7,4,3,335.3
21690006981000,2,1,1,0
21690006983000,58,29,29,2070.6
21690006986000,21,10,11,718.2
21690006988000,10,5,5,357
21690006991000,24,12,12,1248
21690006993000,3,2,1,0
21690006997000,6,3,3,399
21690006999000,2,1,1,0
21690007000000,7,4,3,273
21690007001000,5,3,2,120
21690007008000,10,5,5,673
21690007017000,24,13,11,1274.4
21690007018000,3,2,1,0
21690007020000,5,3,2,202
21690007021000,2,1,1,0
21690007023000,4,2,2,0
21690007024000,15,9,6,627
21690007025000,10,7,3,409
21690007026000,8,4,4,456
21690007027000,15,9,6,496.5
21690007029000,2,1,1,0
21690007030000,4,1,3,0
21690007031000,32,20,12,1267.2
21690007032000,6,3,3,433.8
21690007052000,4,2,2,0
21690007077000,87,50,37,4149.9
21700006525000,2,1,1,0
21700006526000,6,3,3,210
21700006528000,7,3,4,172.9
21700006529000,2,1,1,0
21700006534000,11,6,5,589.6
21700006535000,23,11,12,995.9
21700006536000,7,4,3,483.7
21700006537000,35,18,17,1683.5
21700006541000,30,12,18,1047
21700006542000,138,69,69,6417
21700006543000,7,5,2,343.7
21700006550000,5,4,1,157
21700006552000,4,2,2,0
21700006586000,72,42,30,2815.2
21700006587000,43,25,18,1603.9
21700006588000,4,3,1,0
21700006590000,5,3,2,154
21700006591000,14,7,7,463.4
21700006592000,10,6,4,602
21700006593000,20,10,10,1064
21700006594000,2,1,1,0
21700006595000,13,8,5,460.2
21700006596000,18,8,10,777.6
21700006597000,78,43,35,3884.4
21700006598000,57,33,24,2468.1
21700006599000,31,19,12,1100.5
21700006608000,1,0,1,0
21700006616000,9,5,4,363.6
21700006617000,22,11,11,752.4
21700006618000,25,12,13,1040
21700006619000,122,63,59,5721.8
21700006620000,112,57,55,4244.8
21700006621000,55,25,30,2101
21700006622000,28,13,15,873.6
21700006630000,17,11,6,625.6
21700006631000,5,4,1,96
21700006675000,4,1,3,0
21700006677000,2,1,1,0
21700006690000,2,1,1,0
21700006691000,3,2,1,0
21700006692000,4,2,2,0
21700006693000,3,1,2,0
21700006726000,9,5,4,378.9
21700006727000,10,4,6,283
21700006728000,8,3,5,208
21700006744000,486,226,260,23279.4
21700006745000,318,148,170,12942.6
21700006746000,37,19,18,1739
21700006747000,33,17,16,1570.8
21700006791000,16,9,7,657.6
21700006792000,3,1,2,0
21700006793000,28,17,11,1260
21700006794000,23,11,12,1069.5
21700006797000,2,1,1,0
21700006805000,19,10,9,961.4
21700006833000,2,1,1,0
21700006873000,31,14,17,1360.9
21700006875000,9,6,3,550.8
21700006876000,2,1,1,0
21700006906000,9,4,5,281.7
21700006907000,26,16,10,1198.6
21700006908000,10,6,4,179
21700006964000,52,24,28,2033.2
21700006965000,1470,735,735,64827
21700006966000,72,35,37,2793.6
21700006974000,8,4,4,222.4
21700006975000,67,37,30,3403.6
21700006976000,102,51,51,4069.8
21700006977000,41,25,16,1607.2
21700006982000,7,3,4,368.9
21700006983000,30,16,14,1164
21700006984000,20,12,8,606
21700006985000,182,85,97,7443.8
21700006986000,61,32,29,2031.3
21700006987000,11,6,5,420.2
21700006989000,13,6,7,322.4
21700006990000,16,8,8,622.4
21700006997000,22,10,12,1029.6
21700006998000,19,10,9,877.8
21700007002000,9,6,3,248.4
21700007004000,39,23,16,1673.1
21700007009000,4,1,3,0
21700007017000,13,8,5,604.5
21700007020000,15,7,8,807
21700007021000,7,4,3,426.3
21700007036000,12,4,8,608.4
21700007039000,3,2,1,0
21700007050000,2,1,1,0
21700007051000,6,5,1,334.8
21700007052000,2,1,1,0
21700007058000,2,1,1,0
21700007059000,2,2,0,0
21700007060000,2,1,1,0
21700007077000,12,7,5,450
21710006526000,6,3,3,285
21710006527000,7,3,4,319.2
21710006528000,1,1,0,0
21710006530000,3,1,2,0
21710006534000,8,4,4,504.8
21710006535000,5,3,2,265
21710006536000,1,1,0,0
21710006537000,3,1,2,0
21710006539000,6,4,2,286.8
21710006540000,3,2,1,0
21710006541000,152,69,83,6520.8
21710006542000,626,313,313,26605
21710006543000,25,12,13,940
21710006551000,6,3,3,286.8
21710006557000,1,0,1,0
21710006579000,3,2,1,0
21710006584000,9,5,4,369
21710006585000,161,89,72,6166.3
21710006586000,76,36,40,2888
21710006590000,3,2,1,0
21710006591000,12,7,5,442.8
21710006592000,13,8,5,426.4
21710006593000,3,2,1,0
21710006594000,8,3,5,386.4
21710006595000,25,15,10,1107.5
21710006596000,48,19,29,2342.4
21710006597000,12,5,7,501.6
21710006598000,44,22,22,2059.2
21710006599000,11,6,5,344.3
21710006616000,45,24,21,1984.5
21710006617000,41,20,21,1668.7
21710006618000,95,45,50,3420
21710006619000,51,26,25,1948.2
21710006620000,27,13,14,1228.5
21710006621000,45,24,21,1764
21710006629000,2,1,1,0
21710006630000,6,4,2,133.8
21710006631000,1,1,0,0
21710006669000,10,5,5,470
21710006674000,3,1,2,0
21710006675000,11,7,4,579.7
21710006682000,3,2,1,0
21710006728000,3,1,2,0
21710006729000,46,28,18,2189.6
21710006730000,2,1,1,0
21710006744000,156,77,79,6318
21710006746000,24,14,10,1375.2
21710006747000,30,16,14,1290
21710006748000,1,1,0,0
21710006756000,3,2,1,0
21710006760000,4,3,1,0
21710006791000,15,9,6,715.5
21710006792000,4,1,3,0
21710006793000,71,38,33,2840
21710006794000,2,2,0,0
21710006796000,1,0,1,0
21710006804000,8,4,4,454.4
21710006805000,42,21,21,1738.8
21710006872000,6,2,4,141
21710006873000,16,9,7,660.8
21710006875000,11,6,5,526.9
21710006902000,1,1,0,0
21710006905000,20,12,8,884
21710006906000,34,18,16,1717
21710006907000,14,5,9,834.4
21710006964000,265,139,126,11236
21710006965000,885,417,468,44338.5
21710006975000,8,5,3,344.8
21710006976000,44,22,22,1658.8
21710006989000,111,53,58,4129.2
21710006998000,31,17,14,1413.6
21710006999000,1,0,1,0
21710007002000,2,1,1,0
21710007003000,1,1,0,0
21710007004000,11,5,6,599.5
21710007036000,8,4,4,467.2
21710007039000,24,10,14,919.2
21710007050000,3,1,2,0
21710007051000,2,1,1,0
21710007061000,74,42,32,4099.6
21710007062000,7,3,4,371.7
21710007077000,5,4,1,311
21720006527000,19,9,10,1121
21720006528000,5,3,2,286
21720006531000,2,2,0,0
21720006535000,1,0,1,0
21720006541000,36,19,17,1386
21720006542000,136,71,65,5657.6
21720006543000,19,11,8,769.5
21720006544000,9,5,4,433.8
21720006545000,40,24,16,1532
21720006546000,26,12,14,1539.2
21720006550000,7,3,4,219.1
21720006557000,10,5,5,450
21720006568000,1,1,0,0
21720006570000,5,4,1,307
21720006583000,85,42,43,3884.5
21720006584000,357,173,184,15529.5
21720006585000,211,106,105,8229
21720006586000,50,24,26,2185
21720006587000,7,1,6,177.8
21720006588000,8,5,3,495.2
21720006589000,15,9,6,519
21720006595000,7,4,3,258.3
21720006596000,14,8,6,639.8
21720006597000,27,13,14,1128.6
21720006598000,8,5,3,472.8
21720006614000,25,16,9,1115
21720006615000,59,32,27,2660.9
21720006616000,250,132,118,10450
21720006617000,46,26,20,1991.8
21720006618000,792,363,429,41976
21720006619000,50,25,25,2170
21720006627000,2,1,1,0
21720006628000,1,0,1,0
21720006630000,1,0,1,0
21720006633000,1,1,0,0
21720006669000,1,1,0,0
21720006672000,16,9,7,532.8
21720006673000,10,6,4,430
21720006674000,19,9,10,771.4
21720006675000,24,11,13,1212
21720006681000,2,1,1,0
21720006724000,3,2,1,0
21720006728000,32,16,16,1766.4
21720006729000,73,43,30,3584.3
21720006730000,12,7,5,370.8
21720006743000,1,1,0,0
21720006744000,133,63,70,5386.5
21720006746000,7,4,3,205.8
21720006747000,6,3,3,231
21720006748000,1,1,0,0
21720006754000,2,1,1,0
21720006755000,5,3,2,247
21720006756000,2,1,1,0
21720006758000,6,3,3,151.8
21720006779000,2,1,1,0
21720006782000,2,1,1,0
21720006789000,12,7,5,621.6
21720006790000,29,15,14,1368.8
21720006791000,7,2,5,245
21720006792000,14,7,7,627.2
21720006793000,7,3,4,487.9
21720006796000,10,7,3,402
21720006797000,2,1,1,0
21720006802000,11,7,4,431.2
21720006803000,25,11,14,870
21720006804000,46,24,22,1619.2
21720006805000,39,19,20,1571.7
21720006806000,1,1,0,0
21720006872000,5,4,1,304
21720006873000,22,12,10,1172.6
21720006875000,17,10,7,924.8
21720006904000,45,23,22,1543.5
21720006905000,24,9,15,924
21720006964000,524,280,244,19807.2
21720006989000,45,25,20,2214
21720006990000,22,14,8,706.2
21720006991000,31,17,14,1085
21720006999000,6,2,4,361.8
21720007003000,24,15,9,1130.4
21720007004000,2,1,1,0
21720007017000,31,17,14,1739.1
21720007020000,6,3,3,301.2
21720007029000,5,2,3,259
21720007030000,18,10,8,891
21720007032000,10,6,4,430
21720007038000,6,3,3,333
21720007039000,18,11,7,869.4
21720007050000,8,3,5,475.2
21720007061000,7,4,3,226.1
21720007062000,59,31,28,2708.1
21720007077000,2,2,0,0
21730006528000,5,3,2,260
21730006529000,4,0,4,0
21730006530000,30,14,16,1170
21730006531000,14,9,5,658
21730006536000,9,4,5,461.7
21730006539000,2,1,1,0
21730006541000,27,17,10,1385.1
21730006542000,105,60,45,4357.5
21730006543000,24,14,10,885.6
21730006545000,30,16,14,1209
21730006546000,58,30,28,2006.8
21730006547000,8,4,4,322.4
21730006548000,11,7,4,542.3
21730006549000,18,9,9,718.2
21730006550000,25,11,14,1045
21730006583000,30,16,14,1122
21730006584000,632,327,305,26796.8
21730006585000,486,219,267,21286.8
21730006586000,151,81,70,6206.1
21730006587000,48,24,24,2462.4
21730006588000,2,1,1,0
21730006589000,7,4,3,426.3
21730006590000,9,4,5,534.6
21730006593000,2,1,1,0
21730006596000,18,8,10,684
21730006597000,118,60,58,5121.2
21730006598000,147,78,69,7261.8
21730006599000,6,4,2,208.2
21730006614000,25,11,14,920
21730006615000,49,27,22,2116.8
21730006616000,5,1,4,73
21730006617000,102,60,42,4416.6
21730006618000,67,35,32,2673.3
21730006627000,20,12,8,670
21730006630000,12,5,7,426
21730006669000,11,5,6,512.6
21730006670000,60,31,29,2166
21730006671000,44,22,22,1557.6
21730006672000,10,6,4,568
21730006673000,26,12,14,1073.8
21730006674000,7,2,5,282.1
21730006675000,1,0,1,0
21730006728000,36,23,13,1638
21730006729000,34,18,16,1475.6
21730006730000,3,1,2,0
21730006736000,2,1,1,0
21730006737000,14,7,7,845.6
21730006738000,3,2,1,0
21730006741000,5,2,3,153
21730006742000,13,6,7,539.5
21730006743000,171,85,86,7387.2
21730006744000,61,30,31,2726.7
21730006745000,2,1,1,0
21730006752000,6,2,4,294
21730006754000,2,1,1,0
21730006758000,3,1,2,0
21730006759000,5,3,2,140
21730006776000,1,1,0,0
21730006789000,17,6,11,649.4
21730006790000,16,10,6,721.6
21730006792000,33,16,17,1610.4
21730006797000,9,5,4,255.6
21730006801000,8,4,4,452
21730006802000,14,6,8,516.6
21730006803000,2,1,1,0
21730006804000,17,6,11,873.8
21730006805000,106,56,50,4356.6
21730006835000,2,1,1,0
21730006872000,20,11,9,924
21730006873000,93,47,46,4082.7
21730006875000,10,5,5,585
21730006903000,33,21,12,1204.5
21730006904000,26,15,11,1385.8
21730006963000,58,33,25,2233
21730006964000,172,88,84,6278
21730006975000,7,4,3,335.3
21730006986000,2,1,1,0
21730006989000,4,3,1,0
21730006990000,19,11,8,820.8
21730006991000,2,2,0,0
21730007000000,16,7,9,660.8
21730007003000,11,4,7,376.2
21730007012000,1,0,1,0
21730007016000,27,16,11,1412.1
21730007017000,1,1,0,0
21730007018000,22,11,11,855.8
21730007020000,3,2,1,0
21730007027000,95,57,38,4427
21730007028000,27,17,10,1109.7
21730007029000,16,8,8,652.8
21730007030000,8,4,4,292
21730007031000,6,4,2,165
21730007032000,5,3,2,242
21730007037000,13,8,5,535.6
21730007038000,20,11,9,754
21730007039000,29,14,15,1029.5
21730007040000,8,5,3,268
21730007058000,1,1,0,0
21730007060000,5,4,1,242
21730007061000,2,1,1,0
21730007062000,1,1,0,0
21730007063000,5,3,2,361
21730007077000,6,3,3,366
21730007078000,41,25,16,1336.6
21740006528000,4,1,3,0
21740006529000,5,3,2,240
21740006530000,21,12,9,732.9
21740006534000,3,2,1,0
21740006535000,1,1,0,0
21740006536000,2,1,1,0
21740006539000,15,8,7,847.5
21740006540000,63,36,27,2557.8
21740006541000,154,84,70,6406.4
21740006542000,27,16,11,826.2
21740006544000,12,4,8,567.6
21740006545000,20,10,10,838
21740006546000,8,4,4,320
21740006547000,33,22,11,1211.1
21740006548000,21,11,10,896.7
21740006560000,5,3,2,215
21740006561000,15,7,8,538.5
21740006583000,45,26,19,2142
21740006584000,254,130,124,10642.6
21740006585000,78,43,35,3049.8
21740006587000,7,5,2,165.2
21740006594000,1,1,0,0
21740006595000,35,20,15,1529.5
21740006596000,38,20,18,1227.4
21740006597000,148,85,63,5860.8
21740006598000,7,4,3,403.2
21740006599000,23,12,11,1173
21740006600000,10,5,5,625
21740006614000,11,7,4,337.7
21740006615000,50,30,20,2090
21740006616000,167,85,82,7264.5
21740006617000,29,13,16,925.1
21740006623000,5,3,2,160
21740006625000,13,5,8,522.6
21740006626000,12,6,6,613.2
21740006627000,30,19,11,1308
21740006636000,6,2,4,433.2
21740006637000,1,1,0,0
21740006668000,3,2,1,0
21740006669000,10,7,3,435
21740006670000,261,124,137,11953.8
21740006671000,26,14,12,1333.8
21740006672000,1,1,0,0
21740006673000,3,1,2,0
21740006674000,5,2,3,152
21740006675000,4,1,3,0
21740006728000,8,4,4,486.4
21740006729000,14,8,6,473.2
21740006736000,9,5,4,390.6
21740006737000,5,2,3,251
21740006738000,33,19,14,1897.5
21740006739000,22,10,12,919.6
21740006740000,12,5,7,372
21740006741000,36,17,19,1710
21740006742000,32,16,16,1500.8
21740006743000,61,31,30,2507.1
21740006744000,19,13,6,748.6
21740006745000,3,3,0,0
21740006752000,1,0,1,0
21740006757000,1,0,1,0
21740006766000,1,1,0,0
21740006776000,22,10,12,1254
21740006778000,2,2,0,0
21740006786000,14,7,7,649.6
21740006787000,12,7,5,595.2
21740006788000,4,3,1,0
21740006789000,15,6,9,594
21740006790000,37,21,16,1746.4
21740006791000,34,17,17,1536.8
21740006792000,11,7,4,533.5
21740006795000,2,1,1,0
21740006796000,3,2,1,0
21740006797000,27,14,13,1120.5
21740006800000,4,3,1,0
21740006801000,16,9,7,697.6
21740006802000,2,1,1,0
21740006803000,27,7,20,1250.1
21740006804000,166,78,88,7154.6
21740006805000,51,29,22,2091
21740006872000,35,17,18,1550.5
21740006873000,62,32,30,3162
21740006874000,19,9,10,691.6
21740006903000,42,25,17,1877.4
21740006904000,26,16,10,1115.4
21740006962000,1,0,1,0
21740006963000,339,167,172,13627.8
21740006974000,10,5,5,493
21740006984000,1,1,0,0
21740006985000,11,7,4,515.9
21740006986000,2,1,1,0
21740006989000,1,1,0,0
21740006990000,14,8,6,662.2
21740006991000,42,20,22,1743
21740006997000,9,4,5,504
21740007000000,12,6,6,639.6
21740007004000,4,2,2,0
21740007016000,18,9,9,981
21740007017000,1,0,1,0
21740007018000,12,7,5,308.4
21740007020000,7,1,6,200.2
21740007021000,2,1,1,0
21740007026000,3,1,2,0
21740007027000,12,6,6,675.6
21740007029000,3,3,0,0
21740007030000,4,1,3,0
21740007031000,20,9,11,716
21740007032000,2,1,1,0
21740007038000,16,9,7,926.4
21740007039000,4,2,2,0
21740007040000,2,1,1,0
21740007049000,3,1,2,0
21740007060000,4,1,3,0
21740007063000,4,2,2,0
21750006530000,22,13,9,1113.2
21750006531000,21,12,9,1123.5
21750006532000,32,18,14,1609.6
21750006533000,34,17,17,1465.4
21750006534000,8,4,4,419.2
21750006535000,2,2,0,0
21750006536000,1,0,1,0
21750006537000,2,2,0,0
21750006538000,54,25,29,2694.6
21750006539000,269,141,128,11163.5
21750006540000,27,15,12,1007.1
21750006541000,190,103,87,7163
21750006542000,575,287,288,20757.5
21750006544000,2,1,1,0
21750006545000,5,2,3,252
21750006546000,4,2,2,0
21750006583000,121,55,66,4658.5
21750006584000,113,62,51,4994.6
21750006585000,3,1,2,0
21750006597000,17,8,9,792.2
21750006598000,13,5,8,721.5
21750006599000,8,4,4,448
21750006600000,45,28,17,1912.5
21750006601000,19,8,11,754.3
21750006605000,1,1,0,0
21750006612000,3,1,2,0
21750006613000,16,7,9,737.6
21750006614000,22,8,14,965.8
21750006615000,12,7,5,304.8
21750006616000,952,496,456,42649.6
21750006617000,491,266,225,19001.7
21750006618000,311,156,155,12097.9
21750006622000,5,4,1,307
21750006623000,16,11,5,640
21750006625000,1,0,1,0
21750006635000,1,0,1,0
21750006636000,27,15,12,1414.8
21750006668000,14,7,7,659.4
21750006669000,40,23,17,2116
21750006670000,43,22,21,1767.3
21750006671000,32,20,12,1484.8
21750006672000,2,1,1,0
21750006728000,7,4,3,277.2
21750006732000,16,9,7,515.2
21750006733000,10,5,5,390
21750006734000,20,9,11,706
21750006735000,34,18,16,1771.4
21750006736000,27,12,15,1150.2
21750006737000,28,12,16,1290.8
21750006738000,15,10,5,529.5
21750006739000,11,6,5,607.2
21750006740000,1,1,0,0
21750006743000,5,4,1,303
21750006744000,16,9,7,612.8
21750006753000,3,1,2,0
21750006777000,7,4,3,476
21750006778000,2,1,1,0
21750006783000,14,8,6,618.8
21750006784000,9,5,4,331.2
21750006785000,20,9,11,968
21750006786000,8,5,3,430.4
21750006787000,87,36,51,3332.1
21750006788000,66,29,37,2475
21750006789000,23,14,9,1032.7
21750006790000,2,1,1,0
21750006796000,29,14,15,1232.5
21750006797000,6,3,3,198
21750006798000,5,3,2,87
21750006799000,2,1,1,0
21750006800000,19,10,9,727.7
21750006801000,37,19,18,1620.6
21750006872000,47,26,21,2368.8
21750006873000,3,2,1,0
21750006874000,2,2,0,0
21750006902000,2,1,1,0
21750006903000,43,25,18,2033.9
21750006904000,4,2,2,0
21750006962000,15,9,6,477
21750006963000,5,3,2,253
21750006973000,15,10,5,457.5
21750006987000,25,12,13,1030
21750006988000,49,27,22,1832.6
21750006989000,5,2,3,206
21750006991000,30,17,13,1158
21750006997000,3,3,0,0
21750007000000,4,2,2,0
21750007004000,29,16,13,1528.3
21750007015000,33,17,16,1491.6
21750007016000,31,17,14,1574.8
21750007017000,18,8,10,775.8
21750007018000,12,7,5,510
21750007021000,6,1,5,141
21750007025000,14,8,6,712.6
21750007026000,7,5,2,247.8
21750007030000,15,8,7,658.5
21750007031000,157,71,86,7802.9
21750007032000,87,44,43,4271.7
21750007033000,4,3,1,0
21750007042000,6,2,4,205.2
21750007050000,10,6,4,407
21750007063000,1,1,0,0
21750007077000,4,2,2,0
21750007078000,6,4,2,220.2
21760006530000,7,4,3,487.9
21760006531000,7,5,2,263.9
21760006533000,12,7,5,576
21760006534000,5,2,3,112
21760006536000,35,18,17,1256.5
21760006537000,57,31,26,2331.3
21760006538000,619,303,316,26617
21760006539000,801,388,413,33561.9
21760006540000,71,38,33,2811.6
21760006541000,6,2,4,199.8
21760006542000,532,251,281,24046.4
21760006543000,130,66,64,5096
21760006552000,9,5,4,453.6
21760006553000,1,1,0,0
21760006555000,2,1,1,0
21760006567000,4,2,2,0
21760006568000,24,13,11,794.4
21760006573000,4,2,2,0
21760006583000,40,19,21,1728
21760006584000,42,22,20,1759.8
21760006587000,3,1,2,0
21760006588000,6,4,2,241.8
21760006589000,5,3,2,293
21760006597000,29,16,13,1186.1
21760006598000,48,24,24,1776
21760006599000,35,19,16,1340.5
21760006600000,18,9,9,680.4
21760006601000,21,12,9,1035.3
21760006605000,9,4,5,489.6
21760006606000,10,4,6,551
21760006607000,2,1,1,0
21760006608000,7,3,4,347.9
21760006609000,8,4,4,447.2
21760006610000,2,1,1,0
21760006611000,23,10,13,1189.1
21760006612000,15,9,6,846
21760006615000,232,113,119,8955.2
21760006616000,1570,756,814,64213
21760006617000,1092,550,542,44007.6
21760006618000,779,379,400,31315.8
21760006619000,86,47,39,3577.6
21760006620000,113,66,47,4260.1
21760006621000,11,5,6,383.9
21760006622000,7,3,4,324.1
21760006623000,11,5,6,493.9
21760006635000,1,1,0,0
21760006636000,2,1,1,0
21760006668000,13,4,9,430.3
21760006669000,29,14,15,1380.4
21760006670000,5,3,2,269
21760006728000,23,15,8,1163.8
21760006729000,432,208,224,19915.2
21760006730000,74,38,36,3337.4
21760006731000,59,33,26,2129.9
21760006732000,9,5,4,363.6
21760006736000,1,1,0,0
21760006752000,3,1,2,0
21760006753000,8,5,3,439.2
21760006777000,9,5,4,521.1
21760006781000,3,2,1,0
21760006782000,22,13,9,965.8
21760006783000,11,7,4,533.5
21760006784000,19,10,9,908.2
21760006785000,27,16,11,1026
21760006786000,50,26,24,1935
21760006787000,228,97,131,11422.8
21760006788000,18,11,7,651.6
21760006795000,2,1,1,0
21760006796000,5,3,2,141
21760006797000,5,3,2,203
21760006798000,24,14,10,914.4
21760006799000,48,24,24,2092.8
21760006800000,26,13,13,1032.2
21760006872000,27,13,14,1336.5
21760006902000,10,4,6,415
21760006903000,45,24,21,1705.5
21760006962000,19,10,9,858.8
21760006983000,3,2,1,0
21760006984000,14,6,8,352.8
21760006987000,19,10,9,788.5
21760006991000,18,11,7,961.2
21760006998000,21,12,9,842.1
21760007000000,11,5,6,555.5
21760007003000,5,4,1,199
21760007004000,62,36,26,2790
21760007014000,2,1,1,0
21760007015000,91,48,43,3976.7
21760007016000,3,2,1,0
21760007017000,7,3,4,293.3
21760007018000,15,7,8,616.5
21760007022000,5,4,1,337
21760007023000,6,2,4,250.2
21760007024000,3,1,2,0
21760007028000,4,2,2,0
21760007029000,5,2,3,258
21760007030000,20,13,7,860
21760007031000,74,38,36,3470.6
21760007032000,346,163,183,14878
21760007033000,41,20,21,1877.8
21760007034000,49,25,24,1715
21760007035000,43,19,24,1926.4
21760007037000,3,1,2,0
21760007041000,4,2,2,0
21760007063000,3,2,1,0
21760007064000,6,4,2,199.2
21760007077000,4,2,2,0
21760007078000,8,5,3,411.2
21760007079000,40,20,20,1464
21760007080000,3,2,1,0
21770006530000,5,4,1,146
21770006531000,2,0,2,0
21770006535000,19,10,9,592.8
21770006536000,72,33,39,3549.6
21770006537000,71,36,35,3322.8
21770006538000,1405,681,724,69407
21770006539000,1180,568,612,53218
21770006540000,197,88,109,9239.3
21770006541000,13,6,7,650
21770006542000,83,42,41,3793.1
21770006543000,120,66,54,4392
21770006544000,12,5,7,543.6
21770006545000,13,7,6,690.3
21770006553000,13,8,5,509.6
21770006554000,7,3,4,366.1
21770006561000,1,1,0,0
21770006563000,2,1,1,0
21770006567000,27,15,12,1201.5
21770006572000,1,1,0,0
21770006573000,6,3,3,301.2
21770006582000,7,4,3,527.8
21770006583000,37,22,15,1561.4
21770006584000,22,12,10,1007.6
21770006587000,1,1,0,0
21770006588000,64,35,29,3097.6
21770006589000,40,25,15,1828
21770006596000,3,2,1,0
21770006597000,10,6,4,499
21770006598000,18,9,9,635.4
21770006599000,47,26,21,1790.7
21770006600000,128,62,66,4774.4
21770006601000,35,20,15,1627.5
21770006602000,22,10,12,952.6
21770006603000,3,2,1,0
21770006604000,10,4,6,476
21770006605000,25,11,14,1015
21770006606000,9,4,5,383.4
21770006607000,12,7,5,364.8
21770006608000,17,10,7,778.6
21770006609000,6,3,3,138
21770006610000,3,2,1,0
21770006613000,46,25,21,1674.4
21770006614000,21,10,11,1199.1
21770006615000,455,217,238,18336.5
21770006616000,798,386,412,33915
21770006617000,401,185,216,16521.2
21770006618000,2,1,1,0
21770006619000,9,7,2,287.1
21770006620000,5,3,2,142
21770006621000,74,35,39,2878.6
21770006622000,86,40,46,3646.4
21770006623000,17,4,13,581.4
21770006629000,1,1,0,0
21770006630000,1,0,1,0
21770006634000,3,2,1,0
21770006635000,5,4,1,274
21770006668000,8,4,4,344
21770006669000,43,22,21,1806
21770006670000,18,11,7,772.2
21770006671000,6,3,3,294
21770006727000,1,0,1,0
21770006728000,163,75,88,6862.3
21770006729000,432,200,232,21124.8
21770006730000,379,180,199,15804.3
21770006731000,2,2,0,0
21770006754000,4,2,2,0
21770006777000,6,2,4,220.8
21770006778000,17,8,9,1031.9
21770006781000,23,13,10,798.1
21770006782000,19,9,10,792.3
21770006783000,14,7,7,550.2
21770006784000,11,6,5,487.3
21770006785000,35,17,18,1669.5
21770006786000,9,4,5,577.8
21770006787000,8,4,4,340.8
21770006795000,17,8,9,637.5
21770006796000,19,8,11,744.8
21770006797000,23,17,6,1120.1
21770006798000,42,22,20,1549.8
21770006799000,20,10,10,610
21770006873000,9,3,6,199.8
21770006902000,30,18,12,1053
21770006903000,24,13,11,1171.2
21770006961000,16,12,4,504
21770006962000,144,75,69,6897.6
21770006963000,6,1,5,255
21770006982000,1,1,0,0
21770006983000,2,1,1,0
21770006991000,6,3,3,175.2
21770006992000,7,3,4,296.1
21770006998000,33,19,14,1673.1
21770007000000,130,63,67,5057
21770007004000,4,2,2,0
21770007005000,12,5,7,384
21770007012000,31,14,17,1587.2
21770007013000,17,7,10,877.2
21770007015000,3,1,2,0
21770007020000,7,3,4,154.7
21770007026000,4,2,2,0
21770007027000,12,7,5,480
21770007028000,14,8,6,681.8
21770007029000,2,0,2,0
21770007030000,6,4,2,309
21770007031000,19,9,10,796.1
21770007033000,4,2,2,0
21770007036000,3,2,1,0
21770007049000,1,1,0,0
21770007064000,2,1,1,0
21770007065000,3,2,1,0
21770007079000,3,2,1,0
21780006531000,8,5,3,351.2
21780006532000,3,2,1,0
21780006533000,15,7,8,817.5
21780006534000,32,17,15,1398.4
21780006535000,18,11,7,954
21780006536000,4,2,2,0
21780006538000,267,136,131,13910.7
21780006539000,524,248,276,25990.4
21780006540000,1,1,0,0
21780006542000,9,6,3,468
21780006543000,45,21,24,2007
21780006544000,13,6,7,677.3
21780006545000,4,2,2,0
21780006548000,1,0,1,0
21780006552000,16,10,6,620.8
21780006553000,12,5,7,639.6
21780006562000,14,8,6,754.6
21780006565000,4,2,2,0
21780006567000,12,6,6,388.8
21780006571000,2,1,1,0
21780006572000,30,16,14,1467
21780006575000,2,1,1,0
21780006577000,1,1,0,0
21780006581000,22,11,11,1210
21780006582000,127,69,58,4813.3
21780006583000,33,13,20,1574.1
21780006584000,35,19,16,1718.5
21780006587000,2,1,1,0
21780006588000,3,1,2,0
21780006591000,6,3,3,319.2
21780006596000,8,3,5,279.2
21780006597000,3,1,2,0
21780006598000,3,2,1,0
21780006599000,61,34,27,2781.6
21780006600000,132,66,66,5570.4
21780006602000,8,3,5,464
21780006603000,43,24,19,1642.6
21780006604000,15,8,7,709.5
21780006605000,24,8,16,955.2
21780006606000,11,6,5,458.7
21780006607000,32,14,18,1363.2
21780006608000,5,3,2,269
21780006609000,9,5,4,440.1
21780006610000,207,110,97,8714.7
21780006611000,77,36,41,3965.5
21780006612000,12,7,5,784.8
21780006613000,20,13,7,854
21780006614000,6,4,2,307.2
21780006616000,477,234,243,19127.7
21780006617000,130,69,61,6162
21780006621000,2,1,1,0
21780006633000,3,2,1,0
21780006634000,61,38,23,2586.4
21780006635000,1,1,0,0
21780006667000,2,1,1,0
21780006668000,8,6,2,426.4
21780006669000,20,11,9,898
21780006670000,2,1,1,0
21780006703000,2,1,1,0
21780006722000,9,5,4,334.8
21780006726000,2,1,1,0
21780006727000,30,16,14,1377
21780006728000,226,112,114,9650.2
21780006729000,437,224,213,19665
21780006730000,17,7,10,751.4
21780006777000,23,13,10,740.6
21780006778000,16,8,8,729.6
21780006779000,17,10,7,603.5
21780006780000,50,25,25,1875
21780006781000,16,7,9,750.4
21780006782000,16,8,8,576
21780006783000,21,12,9,924
21780006784000,19,12,7,756.2
21780006785000,19,11,8,820.8
21780006786000,4,1,3,0
21780006790000,9,4,5,407.7
21780006791000,1,0,1,0
21780006794000,5,3,2,285
21780006795000,36,19,17,1321.2
21780006798000,5,3,2,144
21780006871000,18,10,8,871.2
21780006873000,5,2,3,182
21780006901000,1,1,0,0
21780006902000,24,11,13,681.6
21780006903000,2,1,1,0
21780006961000,112,56,56,5084.8
21780006962000,187,96,91,7349.1
21780006980000,6,5,1,292.8
21780006981000,18,8,10,979.2
21780006992000,19,8,11,659.3
21780006998000,77,48,29,3626.7
21780006999000,13,7,6,608.4
21780007000000,111,64,47,4517.7
21780007005000,1,1,0,0
21780007011000,10,6,4,613
21780007012000,33,18,15,1765.5
21780007015000,34,16,18,1808.8
21780007020000,2,1,1,0
21780007024000,5,2,3,181
21780007031000,11,7,4,508.2
21780007032000,5,2,3,334
21780007036000,13,8,5,478.4
21780007037000,4,2,2,0
21780007038000,5,3,2,328
21780007044000,3,2,1,0
21780007063000,6,3,3,345
21780007076000,9,4,5,422.1
21780007080000,2,1,1,0
21780007095000,7,3,4,485.1
21780007096000,50,28,22,3305
21790006535000,9,6,3,550.8
21790006536000,4,2,2,0
21790006537000,7,4,3,359.1
21790006539000,3,1,2,0
21790006542000,2,1,1,0
21790006543000,9,6,3,496.8
21790006545000,3,2,1,0
21790006547000,6,2,4,268.8
21790006548000,2,2,0,0
21790006549000,4,2,2,0
21790006550000,2,1,1,0
21790006551000,6,4,2,283.2
21790006562000,1,0,1,0
21790006564000,11,4,7,464.2
21790006566000,3,2,1,0
21790006567000,21,8,13,1033.2
21790006570000,3,2,1,0
21790006571000,22,11,11,1249.6
21790006572000,29,15,14,1081.7
21790006573000,10,5,5,521
21790006574000,14,5,9,537.6
21790006575000,8,4,4,336.8
21790006578000,20,10,10,924
21790006579000,21,11,10,974.4
21790006580000,29,15,14,1032.4
21790006581000,17,10,7,693.6
21790006582000,13,9,4,734.5
21790006584000,4,2,2,0
21790006603000,15,9,6,525
21790006604000,45,26,19,2052
21790006605000,8,4,4,500.8
21790006607000,4,2,2,0
21790006608000,24,16,8,976.8
21790006609000,53,26,27,2565.2
21790006610000,50,21,29,2240
21790006611000,16,10,6,590.4
21790006666000,10,5,5,434
21790006667000,4,3,1,0
21790006668000,8,4,4,267.2
21790006669000,46,24,22,1913.6
21790006701000,1,1,0,0
21790006702000,2,2,0,0
21790006703000,12,6,6,482.4
21790006704000,4,2,2,0
21790006720000,10,6,4,353
21790006721000,10,6,4,462
21790006722000,6,3,3,259.2
21790006723000,15,6,9,579
21790006725000,15,10,5,721.5
21790006726000,16,8,8,910.4
21790006727000,13,6,7,620.1
21790006728000,7,4,3,289.1
21790006729000,4,2,2,0
21790006777000,70,35,35,2954
21790006778000,49,26,23,1739.5
21790006779000,28,17,11,1167.6
21790006780000,49,25,24,1612.1
21790006781000,214,111,103,9351.8
21790006782000,57,27,30,2416.8
21790006783000,24,10,14,1260
21790006784000,5,2,3,247
21790006789000,9,3,6,287.1
21790006790000,49,26,23,2111.9
21790006791000,33,17,16,1584
21790006794000,88,51,37,3590.4
21790006795000,39,22,17,1357.2
21790006867000,2,1,1,0
21790006871000,22,9,13,704
21790006872000,6,4,2,225
21790006873000,2,1,1,0
21790006901000,5,3,2,259
21790006902000,211,97,114,10528.9
21790006961000,118,57,61,4696.4
21790006962000,43,22,21,1995.2
21790006971000,5,3,2,197
21790006972000,3,2,1,0
21790006979000,11,6,5,552.2
21790006980000,33,18,15,1590.6
21790006981000,75,40,35,3765
21790006992000,10,5,5,261
21790006993000,30,16,14,1008
21790006997000,30,16,14,798
21790006998000,177,88,89,7752.6
21790006999000,36,18,18,1807.2
21790007000000,86,39,47,3457.2
21790007002000,1,1,0,0
21790007006000,20,9,11,792
21790007012000,7,4,3,198.1
21790007020000,2,0,2,0
21790007022000,3,2,1,0
21790007024000,4,1,3,0
21790007032000,4,2,2,0
21790007036000,22,13,9,1031.8
21790007037000,14,7,7,435.4
21790007044000,4,3,1,0
21790007045000,1,1,0,0
21790007063000,14,9,5,859.6
21790007064000,5,3,2,126
21790007065000,19,12,7,824.6
21790007076000,8,5,3,396.8
21790007080000,37,20,17,1642.8
21790007096000,1,0,1,0
21800006536000,8,6,2,376
21800006537000,33,19,14,1554.3
21800006539000,3,3,0,0
21800006541000,15,9,6,826.5
21800006542000,14,9,5,742
21800006543000,14,6,8,557.2
21800006546000,4,2,2,0
21800006547000,4,2,2,0
21800006548000,4,4,0,0
21800006549000,17,10,7,773.5
21800006550000,2,2,0,0
21800006561000,8,5,3,411.2
21800006563000,14,9,5,480.2
21800006564000,21,12,9,810.6
21800006566000,5,2,3,318
21800006571000,1,0,1,0
21800006573000,1,1,0,0
21800006574000,7,4,3,261.8
21800006575000,19,10,9,1005.1
21800006576000,43,23,20,1698.5
21800006577000,13,9,4,423.8
21800006578000,21,10,11,997.5
21800006579000,29,18,11,1473.2
21800006580000,13,7,6,495.3
21800006581000,18,10,8,831.6
21800006582000,4,2,2,0
21800006585000,10,4,6,456
21800006586000,11,6,5,621.5
21800006662000,1,1,0,0
21800006663000,6,4,2,217.2
21800006664000,3,1,2,0
21800006665000,16,8,8,732.8
21800006666000,21,12,9,816.9
21800006667000,3,1,2,0
21800006668000,16,8,8,862.4
21800006702000,1,0,1,0
21800006703000,1,0,1,0
21800006715000,5,2,3,236
21800006717000,4,2,2,0
21800006718000,34,18,16,1479
21800006719000,14,5,9,743.4
21800006720000,11,5,6,544.5
21800006721000,10,5,5,331
21800006722000,33,14,19,1320
21800006723000,17,9,8,703.8
21800006724000,17,8,9,770.1
21800006726000,10,3,7,358
21800006776000,32,16,16,1267.2
21800006777000,30,14,16,1218
21800006778000,5,2,3,282
21800006779000,25,13,12,1242.5
21800006780000,30,18,12,1386
21800006781000,40,18,22,1572
21800006782000,11,5,6,471.9
21800006787000,9,6,3,111.6
21800006788000,7,3,4,238
21800006789000,10,3,7,549
21800006790000,93,42,51,3952.5
21800006791000,2,1,1,0
21800006792000,19,9,10,628.9
21800006793000,94,40,54,5621.2
21800006794000,8,5,3,163.2
21800006795000,26,14,12,1053
21800006796000,5,2,3,238
21800006846000,2,1,1,0
21800006871000,7,3,4,331.8
21800006872000,4,1,3,0
21800006873000,3,1,2,0
21800006900000,10,5,5,408
21800006901000,14,8,6,495.6
21800006902000,72,36,36,2908.8
21800006961000,1,1,0,0
21800006979000,60,36,24,2574
21800006980000,40,24,16,1932
21800006992000,12,7,5,465.6
21800006993000,10,5,5,467
21800006994000,19,6,13,704.9
21800006995000,21,15,6,861
21800006996000,255,129,126,8491.5
21800006997000,770,387,383,30646
21800006998000,36,16,20,1843.2
21800006999000,124,65,59,5406.4
21800007000000,38,20,18,1558
21800007001000,8,5,3,331.2
21800007006000,21,11,10,1045.8
21800007020000,23,12,11,1110.9
21800007032000,2,1,1,0
21800007036000,7,4,3,373.8
21800007037000,24,12,12,782.4
21800007043000,6,3,3,235.8
21800007044000,13,7,6,613.6
21800007076000,5,3,2,149
21800007080000,59,28,31,2360
21810006537000,43,21,22,1982.3
21810006541000,4,1,3,0
21810006543000,1,1,0,0
21810006544000,18,11,7,709.2
21810006545000,15,10,5,858
21810006547000,2,1,1,0
21810006548000,13,5,8,642.2
21810006560000,1,1,0,0
21810006563000,4,2,2,0
21810006564000,9,3,6,316.8
21810006565000,80,42,38,3616
21810006566000,6,5,1,253.8
21810006567000,15,7,8,646.5
21810006574000,8,4,4,319.2
21810006575000,1,1,0,0
21810006576000,99,50,49,3771.9
21810006577000,84,41,43,4032
21810006578000,18,9,9,842.4
21810006619000,2,1,1,0
21810006635000,2,1,1,0
21810006646000,1,1,0,0
21810006660000,9,5,4,429.3
21810006661000,9,3,6,449.1
21810006662000,14,8,6,712.6
21810006663000,41,24,17,2070.5
21810006664000,8,4,4,327.2
21810006665000,18,8,10,592.2
21810006666000,19,9,10,839.8
21810006667000,11,7,4,455.4
21810006668000,12,5,7,488.4
21810006692000,9,3,6,317.7
21810006693000,2,1,1,0
21810006716000,22,12,10,1064.8
21810006717000,37,21,16,1554
21810006718000,1,1,0,0
21810006719000,33,18,15,1521.3
21810006721000,8,3,5,332
21810006722000,11,6,5,602.8
21810006723000,8,5,3,420
21810006724000,17,8,9,601.8
21810006725000,13,7,6,590.2
21810006753000,3,1,2,0
21810006757000,17,10,7,890.8
21810006774000,18,9,9,534.6
21810006775000,24,14,10,912
21810006776000,26,13,13,1024.4
21810006777000,107,52,55,4461.9
21810006778000,30,15,15,1296
21810006779000,37,19,18,1616.9
21810006780000,17,7,10,746.3
21810006781000,2,1,1,0
21810006783000,3,1,2,0
21810006784000,4,2,2,0
21810006785000,24,9,15,1113.6
21810006786000,34,20,14,1662.6
21810006787000,9,6,3,333.9
21810006789000,5,3,2,213
21810006790000,27,15,12,915.3
21810006791000,31,13,18,1670.9
21810006792000,102,49,53,4488
21810006793000,113,55,58,5898.6
21810006794000,1,1,0,0
21810006795000,23,12,11,995.9
21810006796000,11,7,4,500.5
21810006867000,1,1,0,0
21810006869000,4,2,2,0
21810006871000,31,16,15,1308.2
21810006872000,3,2,1,0
21810006873000,5,4,1,136
21810006902000,32,16,16,1209.6
21810006960000,13,6,7,600.6
21810006961000,11,5,6,634.7
21810006979000,8,4,4,296.8
21810006993000,26,14,12,1001
21810006994000,5,2,3,248
21810006996000,52,26,26,1710.8
21810006997000,513,240,273,21443.4
21810006998000,49,22,27,2332.4
21810006999000,86,37,49,3689.4
21810007000000,59,33,26,3073.9
21810007001000,2,1,1,0
21810007006000,9,5,4,428.4
21810007007000,5,3,2,118
21810007019000,1,0,1,0
21810007020000,7,4,3,412.3
21810007036000,1,1,0,0
21810007037000,2,2,0,0
21810007043000,23,11,12,885.5
21810007044000,5,3,2,302
21810007052000,1,1,0,0
21810007067000,6,4,2,238.2
21810007076000,22,13,9,1012
21810007080000,59,34,25,2218.4
21820006537000,28,16,12,1302
21820006538000,2,1,1,0
21820006541000,5,1,4,155
21820006542000,11,5,6,522.5
21820006543000,2,1,1,0
21820006544000,3,2,1,0
21820006545000,18,9,9,779.4
21820006546000,10,5,5,406
21820006548000,2,2,0,0
21820006549000,20,13,7,1116
21820006563000,4,2,2,0
21820006566000,9,6,3,297
21820006572000,2,1,1,0
21820006574000,7,4,3,431.2
21820006575000,12,8,4,609.6
21820006577000,9,4,5,315
21820006580000,1,1,0,0
21820006633000,6,3,3,211.2
21820006634000,5,4,1,247
21820006635000,4,1,3,0
21820006656000,2,1,1,0
21820006658000,9,5,4,396
21820006659000,14,8,6,697.2
21820006660000,4,2,2,0
21820006661000,15,7,8,772.5
21820006662000,11,6,5,587.4
21820006663000,100,48,52,4550
21820006665000,5,2,3,313
21820006666000,1,1,0,0
21820006691000,4,1,3,0
21820006692000,12,8,4,439.2
21820006695000,14,6,8,714
21820006696000,5,3,2,287
21820006697000,18,8,10,572.4
21820006717000,6,4,2,232.8
21820006718000,5,3,2,276
21820006726000,1,1,0,0
21820006728000,5,4,1,188
21820006757000,1,0,1,0
21820006758000,6,3,3,244.2
21820006773000,3,2,1,0
21820006774000,31,15,16,1249.3
21820006775000,29,17,12,1174.5
21820006776000,81,41,40,2899.8
21820006777000,4,3,1,0
21820006783000,5,3,2,216
21820006784000,5,2,3,338
21820006785000,18,7,11,590.4
21820006787000,5,4,1,162
21820006788000,35,18,17,1760.5
21820006789000,41,24,17,1685.1
21820006790000,114,55,59,5244
21820006791000,146,73,73,7373
21820006794000,10,6,4,426
21820006795000,37,20,17,1461.5
21820006796000,4,2,2,0
21820006869000,17,8,9,761.6
21820006870000,1,1,0,0
21820006871000,47,28,19,1889.4
21820006872000,23,12,11,1120.1
21820006873000,2,1,1,0
21820006880000,3,2,1,0
21820006881000,3,1,2,0
21820006900000,15,10,5,496.5
21820006901000,7,4,3,189
21820006902000,36,19,17,1263.6
21820006960000,13,9,4,614.9
21820006961000,4,2,2,0
21820006969000,2,1,1,0
21820006978000,23,10,13,878.6
21820006993000,4,2,2,0
21820006997000,32,13,19,1798.4
21820006998000,405,177,228,22153.5
21820006999000,173,90,83,6660.5
21820007007000,9,4,5,176.4
21820007023000,7,3,4,382.2
21820007036000,19,8,11,623.2
21820007037000,6,1,5,160.2
21820007043000,13,6,7,585
21820007063000,2,1,1,0
21820007066000,7,4,3,307.3
21820007067000,3,2,1,0
21820007076000,54,32,22,2149.2
21820007079000,29,19,10,1342.7
21820007080000,55,30,25,2469.5
21830006535000,2,1,1,0
21830006536000,33,18,15,1653.3
21830006537000,13,7,6,442
21830006538000,7,4,3,399.7
21830006539000,3,2,1,0
21830006540000,5,2,3,325
21830006541000,4,3,1,0
21830006542000,1,0,1,0
21830006543000,1,1,0,0
21830006546000,13,8,5,510.9
21830006547000,27,16,11,1042.2
21830006549000,4,2,2,0
21830006566000,1,1,0,0
21830006574000,60,33,27,1950
21830006575000,100,50,50,3000
21830006580000,1,0,1,0
21830006633000,13,7,6,721.5
21830006635000,7,5,2,420
21830006651000,5,3,2,252
21830006653000,8,2,6,426.4
21830006655000,5,3,2,298
21830006656000,17,8,9,688.5
21830006657000,12,6,6,450
21830006658000,18,10,8,838.8
21830006659000,9,4,5,531.9
21830006660000,1,1,0,0
21830006661000,4,2,2,0
21830006664000,19,11,8,744.8
21830006692000,13,6,7,592.8
21830006694000,23,12,11,1230.5
21830006695000,12,6,6,648
21830006696000,6,3,3,379.8
21830006717000,13,8,5,728
21830006718000,13,7,6,786.5
21830006760000,7,4,3,420
21830006773000,5,2,3,127
21830006774000,10,7,3,668
21830006775000,17,8,9,902.7
21830006776000,1,0,1,0
21830006784000,5,2,3,271
21830006785000,89,47,42,2972.6
21830006786000,66,36,30,2910.6
21830006787000,96,46,50,3417.6
21830006788000,45,22,23,1615.5
21830006789000,29,18,11,1389.1
21830006869000,26,13,13,1149.2
21830006871000,15,7,8,676.5
21830006872000,4,2,2,0
21830006873000,43,21,22,1376
21830006874000,2,1,1,0
21830006880000,12,8,4,660
21830006899000,8,6,2,426.4
21830006900000,15,9,6,673.5
21830006901000,7,4,3,280.7
21830006902000,55,24,31,2634.5
21830006959000,6,4,2,367.2
21830006960000,20,11,9,978
21830006977000,3,1,2,0
21830006993000,2,1,1,0
21830006994000,5,3,2,315
21830006998000,14,8,6,674.8
21830006999000,53,25,28,2650
21830007023000,8,4,4,527.2
21830007036000,9,6,3,381.6
21830007037000,52,27,25,2298.4
21830007038000,5,2,3,210
21830007041000,6,5,1,133.8
21830007044000,21,8,13,932.4
21830007052000,2,1,1,0
21830007053000,5,3,2,367
21830007065000,2,1,1,0
21830007066000,17,12,5,681.7
21830007069000,2,1,1,0
21830007076000,24,12,12,1248
21830007078000,2,1,1,0
21830007080000,8,6,2,318.4
21830007081000,25,13,12,837.5
21830007098000,12,6,6,619.2
21840006536000,16,6,10,796.8
21840006538000,8,4,4,323.2
21840006540000,9,4,5,266.4
21840006541000,2,1,1,0
21840006542000,7,4,3,235.2
21840006543000,1,1,0,0
21840006546000,6,3,3,244.2
21840006547000,20,10,10,744
21840006548000,6,3,3,184.2
21840006566000,3,1,2,0
21840006567000,6,3,3,382.2
21840006573000,17,7,10,887.4
21840006574000,48,26,22,2020.8
21840006575000,10,4,6,445
21840006579000,48,25,23,1728
21840006633000,4,2,2,0
21840006635000,9,5,4,359.1
21840006650000,8,3,5,471.2
21840006651000,4,3,1,0
21840006652000,5,3,2,102
21840006653000,4,2,2,0
21840006654000,10,4,6,471
21840006655000,4,3,1,0
21840006656000,10,4,6,466
21840006657000,10,4,6,479
21840006658000,5,3,2,257
21840006659000,8,4,4,324
21840006663000,17,9,8,649.4
21840006664000,2,2,0,0
21840006691000,1,1,0,0
21840006692000,5,3,2,342
21840006693000,4,3,1,0
21840006694000,8,6,2,327.2
21840006716000,7,4,3,333.2
21840006718000,5,3,2,302
21840006758000,2,1,1,0
21840006760000,8,4,4,354.4
21840006772000,18,6,12,858.6
21840006773000,12,6,6,363.6
21840006774000,15,9,6,820.5
21840006775000,21,12,9,774.9
21840006780000,24,16,8,856.8
21840006781000,2,1,1,0
21840006783000,6,3,3,309
21840006784000,71,41,30,2804.5
21840006785000,98,50,48,4047.4
21840006787000,40,22,18,1696
21840006788000,5,3,2,262
21840006867000,3,2,1,0
21840006868000,5,3,2,226
21840006869000,1,1,0,0
21840006871000,1,1,0,0
21840006872000,14,7,7,526.4
21840006873000,32,20,12,1350.4
21840006874000,22,13,9,1009.8
21840006878000,7,3,4,354.9
21840006879000,19,9,10,1126.7
21840006880000,20,10,10,988
21840006881000,19,10,9,636.5
21840006899000,15,6,9,681
21840006900000,5,4,1,163
21840006901000,26,14,12,1170
21840006902000,4,2,2,0
21840006959000,16,8,8,688
21840006960000,6,3,3,271.2
21840006998000,65,31,34,2541.5
21840006999000,13,7,6,588.9
21840007007000,1,1,0,0
21840007008000,3,3,0,0
21840007021000,6,3,3,279
21840007037000,20,11,9,796
21840007038000,3,1,2,0
21840007039000,15,8,7,588
21840007040000,40,16,24,1636
21840007041000,11,5,6,504.9
21840007042000,13,6,7,685.1
21840007043000,3,1,2,0
21840007044000,50,24,26,1710
21840007053000,2,1,1,0
21840007065000,4,2,2,0
21840007068000,7,4,3,382.2
21840007069000,6,3,3,415.2
21840007076000,14,7,7,541.8
21840007077000,23,11,12,786.6
21840007081000,76,43,33,2971.6
21850006540000,1,1,0,0
21850006547000,14,6,8,551.6
21850006548000,18,9,9,552.6
21850006550000,4,3,1,0
21850006556000,2,0,2,0
21850006557000,3,1,2,0
21850006559000,1,0,1,0
21850006566000,15,8,7,439.5
21850006567000,40,17,23,1560
21850006568000,4,2,2,0
21850006569000,7,4,3,287.7
21850006570000,5,3,2,295
21850006573000,3,2,1,0
21850006574000,18,9,9,682.2
21850006575000,11,5,6,361.9
21850006576000,1,1,0,0
21850006577000,8,4,4,254.4
21850006578000,48,26,22,2006.4
21850006579000,7,4,3,126
21850006618000,4,3,1,0
21850006631000,1,1,0,0
21850006632000,21,12,9,898.8
21850006633000,3,2,1,0
21850006634000,2,2,0,0
21850006648000,3,1,2,0
21850006649000,15,8,7,606
21850006651000,3,1,2,0
21850006653000,3,2,1,0
21850006654000,11,5,6,421.3
21850006656000,7,4,3,340.2
21850006692000,9,4,5,636.3
21850006693000,29,14,15,1525.4
21850006694000,5,2,3,222
21850006760000,2,1,1,0
21850006761000,26,16,10,1027
21850006772000,12,7,5,403.2
21850006773000,31,18,13,1236.9
21850006774000,45,21,24,1921.5
21850006775000,11,6,5,363
21850006779000,4,3,1,0
21850006780000,35,16,19,1610
21850006781000,23,14,9,1046.5
21850006782000,2,1,1,0
21850006783000,79,38,41,3278.5
21850006784000,143,76,67,5905.9
21850006785000,27,14,13,1169.1
21850006798000,2,1,1,0
21850006857000,1,0,1,0
21850006866000,3,2,1,0
21850006873000,20,12,8,972
21850006874000,4,2,2,0
21850006877000,11,8,3,503.8
21850006878000,8,5,3,308
21850006879000,6,4,2,291
21850006880000,17,8,9,734.4
21850006899000,15,6,9,700.5
21850006900000,4,3,1,0
21850006901000,12,5,7,536.4
21850006958000,9,4,5,396
21850006959000,12,5,7,548.4
21850006997000,1,1,0,0
21850006998000,17,8,9,749.7
21850007008000,2,2,0,0
21850007020000,17,6,11,753.1
21850007021000,10,6,4,381
21850007036000,3,2,1,0
21850007037000,6,3,3,334.2
21850007041000,4,2,2,0
21850007042000,27,17,10,1055.7
21850007043000,3,2,1,0
21850007044000,5,4,1,149
21850007053000,6,2,4,418.8
21850007064000,4,1,3,0
21850007065000,15,7,8,616.5
21850007066000,19,10,9,847.4
21850007069000,3,2,1,0
21850007070000,3,2,1,0
21850007076000,4,3,1,0
21850007081000,28,15,13,904.4
21850007082000,7,3,4,226.1
21860006544000,2,1,1,0
21860006545000,49,26,23,2704.8
21860006546000,8,4,4,411.2
21860006547000,5,3,2,268
21860006548000,6,3,3,199.2
21860006549000,65,31,34,2613
21860006550000,17,11,6,635.8
21860006555000,3,2,1,0
21860006556000,6,3,3,232.8
21860006560000,1,0,1,0
21860006563000,16,8,8,777.6
21860006566000,10,6,4,257
21860006567000,135,68,67,6574.5
21860006568000,3,1,2,0
21860006570000,14,6,8,673.4
21860006571000,17,9,8,564.4
21860006572000,25,13,12,1002.5
21860006573000,47,26,21,1814.2
21860006574000,11,8,3,489.5
21860006575000,2,1,1,0
21860006576000,92,51,41,4268.8
21860006577000,283,143,140,10584.2
21860006578000,15,10,5,457.5
21860006586000,6,4,2,354
21860006631000,10,4,6,276
21860006632000,5,2,3,163
21860006633000,1,1,0,0
21860006647000,2,1,1,0
21860006648000,15,7,8,562.5
21860006649000,11,4,7,566.5
21860006650000,9,5,4,460.8
21860006651000,6,2,4,195
21860006654000,1,1,0,0
21860006655000,10,5,5,306
21860006656000,6,3,3,364.8
21860006691000,2,1,1,0
21860006692000,27,17,10,880.2
21860006693000,12,8,4,620.4
21860006714000,5,3,2,285
21860006761000,6,1,5,295.8
21860006762000,14,6,8,505.4
21860006772000,7,4,3,419.3
21860006774000,27,11,16,818.1
21860006778000,3,2,1,0
21860006779000,19,9,10,919.6
21860006780000,44,22,22,1975.6
21860006781000,42,24,18,1936.2
21860006782000,24,13,11,1008
21860006783000,10,6,4,384
21860006784000,20,11,9,920
21860006857000,5,3,2,334
21860006858000,7,4,3,378
21860006872000,8,6,2,414.4
21860006874000,54,22,32,1965.6
21860006876000,12,5,7,600
21860006877000,10,5,5,524
21860006897000,2,1,1,0
21860006899000,11,8,3,413.6
21860006900000,10,7,3,378
21860006958000,12,5,7,442.8
21860006998000,10,3,7,490
21860006999000,1,1,0,0
21860007037000,12,5,7,538.8
21860007045000,15,7,8,667.5
21860007046000,54,27,27,1695.6
21860007047000,3,3,0,0
21860007064000,4,2,2,0
21860007070000,5,2,3,234
21860007076000,6,2,4,402
21860007077000,2,0,2,0
21860007082000,24,12,12,796.8
21860007083000,19,9,10,1189.4
21860007089000,1,1,0,0
21870006536000,34,20,14,1448.4
21870006537000,11,5,6,361.9
21870006539000,1,1,0,0
21870006544000,12,6,6,727.2
21870006545000,110,49,61,4818
21870006546000,8,3,5,380.8
21870006548000,56,32,24,2486.4
21870006549000,235,127,108,8789
21870006552000,2,1,1,0
21870006553000,1,1,0,0
21870006554000,24,13,11,988.8
21870006563000,65,30,35,2470
21870006564000,123,70,53,4686.3
21870006565000,24,14,10,1214.4
21870006566000,2,1,1,0
21870006567000,12,5,7,633.6
21870006568000,19,10,9,689.7
21870006569000,26,12,14,876.2
21870006570000,5,2,3,280
21870006571000,24,13,11,1053.6
21870006572000,4,2,2,0
21870006573000,70,33,37,3199
21870006574000,175,88,87,8015
21870006575000,102,48,54,4314.6
21870006576000,747,394,353,29431.8
21870006577000,201,98,103,7376.7
21870006620000,3,2,1,0
21870006621000,5,2,3,333
21870006622000,5,2,3,92
21870006631000,8,5,3,332.8
21870006632000,28,13,15,1195.6
21870006633000,20,9,11,848
21870006634000,2,1,1,0
21870006648000,31,18,13,1236.9
21870006649000,49,27,22,1881.6
21870006654000,8,4,4,343.2
21870006655000,16,9,7,856
21870006656000,3,2,1,0
21870006687000,5,3,2,230
21870006689000,10,4,6,473
21870006690000,7,4,3,247.8
21870006691000,71,28,43,3379.6
21870006692000,81,44,37,4098.6
21870006693000,8,3,5,360
21870006712000,12,6,6,399.6
21870006713000,1,1,0,0
21870006714000,9,5,4,583.2
21870006761000,7,2,5,361.2
21870006762000,3,2,1,0
21870006772000,24,13,11,909.6
21870006773000,2,2,0,0
21870006774000,311,141,170,14523.7
21870006775000,113,62,51,4305.3
21870006776000,72,40,32,3542.4
21870006777000,9,3,6,410.4
21870006778000,10,5,5,476
21870006779000,43,21,22,1823.2
21870006780000,106,51,55,4833.6
21870006781000,8,3,5,443.2
21870006793000,4,1,3,0
21870006794000,2,1,1,0
21870006857000,17,11,6,715.7
21870006858000,23,9,14,874
21870006861000,6,3,3,169.8
21870006872000,24,11,13,868.8
21870006873000,5,3,2,216
21870006874000,41,19,22,1635.9
21870006876000,29,14,15,939.6
21870006877000,5,3,2,304
21870006897000,3,1,2,0
21870006898000,4,1,3,0
21870006899000,14,6,8,628.6
21870006900000,1,0,1,0
21870006904000,3,2,1,0
21870006957000,3,2,1,0
21870006958000,2,1,1,0
21870006976000,4,2,2,0
21870006998000,4,2,2,0
21870006999000,44,25,19,1663.2
21870007008000,4,3,1,0
21870007021000,5,3,2,206
21870007037000,3,2,1,0
21870007038000,7,3,4,347.2
21870007046000,48,29,19,1848
21870007053000,4,3,1,0
21870007054000,3,1,2,0
21870007068000,3,3,0,0
21870007070000,6,3,3,286.8
21870007077000,8,5,3,307.2
21870007083000,19,11,8,714.4
21870007084000,9,5,4,316.8
21870007088000,53,27,26,2289.6
21870007089000,9,5,4,407.7
21870007097000,3,3,0,0
21870007098000,16,8,8,960
21880006537000,14,8,6,903
21880006538000,2,1,1,0
21880006544000,13,8,5,634.4
21880006545000,6,3,3,411
21880006546000,43,25,18,2107
21880006547000,19,9,10,775.2
21880006548000,23,13,10,956.8
21880006549000,9,4,5,374.4
21880006550000,3,0,3,0
21880006554000,17,9,8,807.5
21880006560000,4,2,2,0
21880006564000,570,290,280,23142
21880006565000,193,100,93,9206.1
21880006567000,11,7,4,455.4
21880006568000,16,10,6,724.8
21880006569000,19,8,11,627
21880006570000,19,13,6,849.3
21880006571000,8,5,3,352
21880006572000,27,16,11,1188
21880006573000,39,21,18,1696.5
21880006574000,1048,551,497,41081.6
21880006575000,771,409,362,26445.3
21880006576000,220,116,104,9900
21880006577000,209,105,104,9196
21880006584000,12,8,4,494.4
21880006586000,19,9,10,843.6
21880006600000,2,1,1,0
21880006601000,3,1,2,0
21880006622000,24,11,13,1051.2
21880006623000,4,2,2,0
21880006631000,28,9,19,980
21880006648000,8,4,4,219.2
21880006649000,183,97,86,7960.5
21880006650000,7,4,3,282.1
21880006655000,13,9,4,517.4
21880006682000,2,1,1,0
21880006683000,14,7,7,564.2
21880006685000,6,4,2,357
21880006687000,6,3,3,322.2
21880006688000,12,8,4,571.2
21880006689000,4,2,2,0
21880006690000,5,3,2,253
21880006691000,50,28,22,2255
21880006692000,86,38,48,3870
21880006693000,9,4,5,279.9
21880006711000,3,2,1,0
21880006712000,38,20,18,1710
21880006763000,5,4,1,270
21880006772000,8,4,4,424.8
21880006773000,3,1,2,0
21880006774000,289,139,150,14681.2
21880006775000,390,189,201,19383
21880006776000,86,38,48,3551.8
21880006777000,59,28,31,2495.7
21880006778000,99,48,51,3910.5
21880006779000,36,20,16,1879.2
21880006780000,42,23,19,1818.6
21880006793000,1,1,0,0
21880006860000,1,1,0,0
21880006872000,17,6,11,732.7
21880006873000,3,2,1,0
21880006874000,7,3,4,324.1
21880006875000,35,19,16,1589
21880006876000,33,14,19,1630.2
21880006897000,9,3,6,500.4
21880006898000,41,22,19,1689.2
21880006899000,22,11,11,957
21880006956000,5,3,2,175
21880006957000,5,3,2,230
21880006999000,21,9,12,966
21880007009000,6,4,2,340.8
21880007038000,22,15,7,935
21880007046000,2,2,0,0
21880007053000,4,2,2,0
21880007063000,3,2,1,0
21880007070000,17,8,9,814.3
21880007072000,21,12,9,747.6
21880007077000,3,2,1,0
21880007078000,3,2,1,0
21880007083000,27,13,14,828.9
21880007084000,145,73,72,4843
21880007086000,54,28,26,1846.8
21880007087000,5,2,3,291
21880007088000,6,2,4,291
21880007089000,35,19,16,1536.5
21880007090000,44,18,26,1245.2
21880007096000,4,3,1,0
21880007097000,112,59,53,5555.2
21880007098000,3,1,2,0
21890006545000,5,1,4,210
21890006546000,1,1,0,0
21890006547000,57,33,24,2456.7
21890006548000,4,3,1,0
21890006549000,19,9,10,976.6
21890006550000,121,49,72,6884.9
21890006551000,13,7,6,681.2
21890006554000,16,7,9,572.8
21890006560000,5,2,3,219
21890006561000,1,1,0,0
21890006563000,194,104,90,7585.4
21890006564000,162,81,81,6463.8
21890006568000,9,5,4,438.3
21890006569000,1,1,0,0
21890006570000,9,6,3,515.7
21890006571000,5,2,3,276
21890006573000,18,10,8,865.8
21890006574000,143,76,67,5534.1
21890006575000,1002,505,497,40681.2
21890006576000,1576,739,837,73599.2
21890006577000,2619,1172,1447,101617.2
21890006578000,177,89,88,8071.2
21890006579000,30,15,15,1206
21890006580000,13,8,5,364
21890006581000,49,28,21,1832.6
21890006582000,58,29,29,2755
21890006583000,28,15,13,1229.2
21890006584000,23,12,11,864.8
21890006585000,10,9,1,298
21890006586000,3,1,2,0
21890006597000,14,9,5,513.8
21890006598000,2,1,1,0
21890006599000,2,1,1,0
21890006602000,2,1,1,0
21890006622000,1,1,0,0
21890006623000,9,4,5,251.1
21890006630000,4,2,2,0
21890006631000,13,6,7,490.1
21890006646000,3,2,1,0
21890006647000,10,6,4,329
21890006648000,17,7,10,714
21890006653000,2,1,1,0
21890006655000,8,4,4,410.4
21890006656000,9,5,4,338.4
21890006679000,3,3,0,0
21890006683000,44,24,20,1667.6
21890006684000,40,18,22,1344
21890006685000,15,8,7,877.5
21890006686000,8,3,5,432
21890006687000,9,5,4,378
21890006692000,13,6,7,374.4
21890006693000,1,1,0,0
21890006712000,14,9,5,848.4
21890006762000,2,2,0,0
21890006771000,3,2,1,0
21890006772000,16,8,8,684.8
21890006773000,3,1,2,0
21890006774000,447,218,229,19578.6
21890006775000,85,38,47,3969.5
21890006776000,7,4,3,338.1
21890006778000,18,6,12,574.2
21890006795000,1,1,0,0
21890006858000,2,1,1,0
21890006872000,7,4,3,317.1
21890006873000,106,49,57,5141
21890006874000,657,312,345,31864.5
21890006875000,113,60,53,4192.3
21890006897000,17,11,6,768.4
21890006898000,36,18,18,1328.4
21890006899000,2,1,1,0
21890006944000,5,1,4,177
21890006950000,2,1,1,0
21890006955000,6,2,4,183
21890006956000,6,2,4,246
21890006999000,25,13,12,1127.5
21890007009000,7,3,4,303.8
21890007021000,12,7,5,507.6
21890007038000,3,1,2,0
21890007054000,4,2,2,0
21890007063000,19,9,10,723.9
21890007070000,137,71,66,5712.9
21890007072000,27,15,12,1223.1
21890007084000,16,10,6,748.8
21890007085000,43,27,16,1565.2
21890007086000,9,4,5,321.3
21890007087000,22,16,6,794.2
21890007088000,60,28,32,2676
21890007089000,63,29,34,3017.7
21890007090000,16,8,8,633.6
21890007097000,59,34,25,3351.2
21890007098000,1,0,1,0
21900006545000,26,12,14,1287
21900006546000,29,15,14,1519.6
21900006547000,46,25,21,2433.4
21900006548000,2,1,1,0
21900006549000,23,11,12,968.3
21900006550000,25,13,12,960
21900006551000,5,3,2,275
21900006554000,23,12,11,1018.9
21900006556000,5,2,3,166
21900006557000,17,8,9,547.4
21900006558000,5,2,3,160
21900006559000,37,22,15,1346.8
21900006560000,36,20,16,1645.2
21900006561000,11,7,4,602.8
21900006566000,128,74,54,6272
21900006567000,16,9,7,888
21900006568000,13,5,8,587.6
21900006572000,27,14,13,1080
21900006573000,581,301,280,22775.2
21900006574000,1217,588,629,46489.4
21900006575000,1140,592,548,45030
21900006576000,1259,631,628,52752.1
21900006577000,335,162,173,12864
21900006578000,137,65,72,5891
21900006579000,326,161,165,10823.2
21900006580000,412,218,194,13472.4
21900006581000,85,43,42,3587
21900006582000,181,91,90,6172.1
21900006583000,134,66,68,5534.2
21900006584000,36,20,16,1684.8
21900006585000,38,21,17,1782.2
21900006586000,12,6,6,589.2
21900006587000,4,1,3,0
21900006596000,3,3,0,0
21900006597000,8,3,5,360.8
21900006602000,3,2,1,0
21900006603000,4,2,2,0
21900006623000,1,1,0,0
21900006631000,5,2,3,241
21900006646000,29,14,15,954.1
21900006647000,4,2,2,0
21900006650000,27,15,12,1379.7
21900006658000,3,2,1,0
21900006659000,5,3,2,170
21900006660000,4,1,3,0
21900006661000,4,3,1,0
21900006678000,8,5,3,254.4
21900006679000,20,13,7,848
21900006680000,10,6,4,351
21900006681000,6,3,3,270
21900006683000,7,3,4,280.7
21900006686000,2,2,0,0
21900006690000,4,2,2,0
21900006694000,3,2,1,0
21900006711000,15,7,8,850.5
21900006712000,14,7,7,739.2
21900006767000,18,11,7,608.4
21900006768000,6,3,3,195
21900006771000,5,4,1,240
21900006772000,117,63,54,4106.7
21900006773000,169,85,84,7131.8
21900006774000,328,156,172,14825.6
21900006775000,31,15,16,1540.7
21900006872000,15,7,8,708
21900006873000,52,26,26,2834
21900006874000,371,172,199,15804.6
21900006875000,72,33,39,3650.4
21900006895000,13,6,7,501.8
21900006896000,4,3,1,0
21900006897000,1,1,0,0
21900006898000,17,10,7,800.7
21900006945000,2,1,1,0
21900006946000,3,1,2,0
21900006954000,9,6,3,316.8
21900006955000,4,1,3,0
21900006999000,20,13,7,704
21900007009000,2,1,1,0
21900007021000,14,9,5,523.6
21900007022000,4,1,3,0
21900007038000,14,5,9,792.4
21900007047000,1,1,0,0
21900007063000,2,1,1,0
21900007070000,43,24,19,1431.9
21900007071000,1,0,1,0
21900007072000,16,10,6,712
21900007073000,16,7,9,670.4
21900007085000,19,10,9,824.6
21900007088000,37,20,17,1472.6
21900007089000,3,1,2,0
21910006546000,4,3,1,0
21910006547000,2,1,1,0
21910006548000,71,30,41,2868.4
21910006549000,13,6,7,417.3
21910006550000,15,8,7,559.5
21910006551000,28,14,14,873.6
21910006553000,9,4,5,326.7
21910006554000,10,6,4,478
21910006555000,5,3,2,321
21910006557000,14,7,7,558.6
21910006558000,8,6,2,383.2
21910006559000,68,36,32,2992
21910006560000,8,6,2,304.8
21910006566000,40,24,16,1736
21910006567000,28,17,11,1232
21910006568000,124,63,61,4811.2
21910006569000,541,268,273,22451.5
21910006570000,11,6,5,583
21910006571000,21,10,11,651
21910006572000,363,181,182,14628.9
21910006573000,999,505,494,40159.8
21910006574000,594,249,345,25898.4
21910006575000,2119,1070,1049,88998
21910006576000,2569,1233,1336,118174
21910006577000,732,357,375,29353.2
21910006578000,884,441,443,33415.2
21910006579000,477,233,244,18746.1
21910006580000,93,46,47,4343.1
21910006581000,37,19,18,1480
21910006582000,9,3,6,284.4
21910006584000,5,4,1,152
21910006595000,1,1,0,0
21910006596000,2,1,1,0
21910006630000,16,11,5,700.8
21910006631000,66,35,31,2745.6
21910006646000,22,9,13,921.8
21910006647000,8,3,5,403.2
21910006649000,9,4,5,424.8
21910006650000,3,2,1,0
21910006651000,12,7,5,499.2
21910006657000,4,3,1,0
21910006658000,15,8,7,520.5
21910006659000,14,8,6,673.4
21910006673000,3,2,1,0
21910006674000,11,5,6,323.4
21910006675000,22,12,10,943.8
21910006676000,12,5,7,416.4
21910006677000,6,6,0,420
21910006678000,23,11,12,1028.1
21910006679000,74,37,37,2967.4
21910006680000,132,64,68,5583.6
21910006711000,4,1,3,0
21910006766000,6,4,2,382.8
21910006767000,21,14,7,982.8
21910006768000,79,41,38,3270.6
21910006769000,27,13,14,877.5
21910006770000,8,6,2,355.2
21910006772000,145,68,77,6307.5
21910006773000,432,222,210,17366.4
21910006774000,2,2,0,0
21910006775000,6,2,4,259.8
21910006780000,4,2,2,0
21910006853000,3,2,1,0
21910006856000,7,2,5,380.1
21910006857000,17,8,9,775.2
21910006858000,9,7,2,582.3
21910006859000,3,2,1,0
21910006861000,1,1,0,0
21910006872000,6,4,2,166.2
21910006873000,41,22,19,1783.5
21910006874000,193,100,93,7970.9
21910006875000,16,10,6,732.8
21910006894000,7,3,4,217.7
21910006895000,12,6,6,477.6
21910006896000,1,1,0,0
21910006897000,34,17,17,1700
21910006898000,71,36,35,2918.1
21910006947000,2,1,1,0
21910006954000,12,5,7,544.8
21910006999000,33,16,17,1547.7
21910007021000,37,16,21,1431.9
21910007035000,5,3,2,157
21910007038000,2,1,1,0
21910007039000,11,6,5,467.5
21910007047000,12,7,5,780
21910007054000,2,2,0,0
21910007063000,1,1,0,0
21910007071000,12,8,4,512.4
21910007072000,43,24,19,1767.3
21910007073000,22,13,9,1155
21910007077000,104,59,45,3411.2
21910007085000,16,9,7,494.4
21910007086000,37,20,17,1790.8
21910007087000,2,1,1,0
21910007088000,1,0,1,0
21910007089000,1,0,1,0
21920006548000,2,1,1,0
21920006549000,62,31,31,3062.8
21920006550000,10,5,5,472
21920006551000,35,20,15,1459.5
21920006552000,8,5,3,382.4
21920006553000,1,1,0,0
21920006555000,33,17,16,1402.5
21920006556000,28,15,13,526.4
21920006557000,142,67,75,4189
21920006558000,15,9,6,610.5
21920006559000,47,22,25,1743.7
21920006560000,26,12,14,1157
21920006566000,7,4,3,286.3
21920006567000,421,226,195,16671.6
21920006568000,957,482,475,40959.6
21920006569000,1779,880,899,63688.2
21920006570000,261,113,148,12762.9
21920006571000,151,71,80,7474.5
21920006572000,1516,742,774,58972.4
21920006573000,2284,1147,1137,91131.6
21920006574000,1724,833,891,82062.4
21920006575000,2465,1239,1226,109939
21920006576000,2218,1090,1128,94265
21920006577000,566,272,294,25243.6
21920006578000,191,102,89,6685
21920006579000,39,19,20,1677
21920006580000,75,42,33,2640
21920006581000,41,27,14,1857.3
21920006582000,40,21,19,1248
21920006610000,2,1,1,0
21920006623000,8,4,4,359.2
21920006630000,13,8,5,510.9
21920006631000,32,16,16,1363.2
21920006645000,7,4,3,296.1
21920006646000,16,8,8,832
21920006647000,2,1,1,0
21920006648000,5,3,2,149
21920006651000,9,4,5,230.4
21920006653000,2,1,1,0
21920006654000,5,2,3,152
21920006655000,3,2,1,0
21920006657000,1,1,0,0
21920006658000,22,13,9,778.8
21920006659000,1,0,1,0
21920006660000,7,4,3,441
21920006661000,16,8,8,500.8
21920006662000,1,1,0,0
21920006671000,9,4,5,282.6
21920006672000,17,7,10,771.8
21920006673000,18,8,10,937.8
21920006674000,50,31,19,2185
21920006675000,11,6,5,551.1
21920006676000,16,8,8,753.6
21920006677000,23,11,12,1152.3
21920006678000,13,8,5,676
21920006679000,5,3,2,228
21920006711000,3,1,2,0
21920006712000,3,1,2,0
21920006713000,21,14,7,756
21920006761000,6,2,4,145.2
21920006766000,25,12,13,1015
21920006767000,44,22,22,2041.6
21920006768000,28,16,12,935.2
21920006769000,4,4,0,0
21920006771000,29,18,11,1322.4
21920006772000,112,55,57,5230.4
21920006773000,11,7,4,364.1
21920006776000,1,1,0,0
21920006852000,3,2,1,0
21920006857000,2,1,1,0
21920006858000,36,21,15,1627.2
21920006859000,3,2,1,0
21920006860000,2,1,1,0
21920006872000,26,13,13,1066
21920006873000,8,5,3,471.2
21920006874000,33,19,14,1501.5
21920006875000,3,1,2,0
21920006893000,11,5,6,359.7
21920006894000,6,3,3,298.8
21920006895000,22,9,13,734.8
21920006896000,51,29,22,2233.8
21920006897000,11,6,5,533.5
21920006898000,30,18,12,1665
21920006953000,3,0,3,0
21920006954000,13,6,7,559
21920006998000,6,3,3,274.2
21920006999000,78,42,36,3229.2
21920007000000,6,2,4,294
21920007021000,29,12,17,1220.9
21920007038000,6,3,3,118.2
21920007039000,31,16,15,1351.6
21920007047000,2,1,1,0
21920007054000,3,1,2,0
21920007064000,10,5,5,433
21920007071000,25,10,15,1045
21920007072000,23,13,10,736
21920007073000,64,42,22,2828.8
21920007077000,170,85,85,6324
21920007078000,14,9,5,569.8
21920007086000,10,5,5,403
21920007088000,7,4,3,319.2
21930006549000,61,29,32,2372.9
21930006550000,2,1,1,0
21930006551000,8,4,4,346.4
21930006552000,36,19,17,1508.4
21930006553000,36,20,16,1620
21930006554000,4,3,1,0
21930006555000,33,14,19,1362.9
21930006556000,39,19,20,1887.6
21930006557000,508,273,235,17119.6
21930006560000,15,8,7,631.5
21930006561000,36,19,17,1605.6
21930006562000,44,21,23,1896.4
21930006563000,48,25,23,2088
21930006564000,1010,527,483,39188
21930006565000,201,108,93,7014.9
21930006566000,1337,685,652,50939.7
21930006567000,1860,926,934,85188
21930006568000,2269,1046,1223,97113.2
21930006569000,1723,877,846,69264.6
21930006570000,1196,614,582,48438
21930006571000,462,230,232,18480
21930006572000,1100,554,546,43340
21930006573000,740,374,366,29600
21930006574000,1377,674,703,55630.8
21930006575000,1036,525,511,38539.2
21930006576000,329,159,170,12337.5
21930006577000,55,28,27,2260.5
21930006578000,135,67,68,6075
21930006579000,9,4,5,372.6
21930006580000,9,5,4,511.2
21930006581000,26,10,16,754
21930006630000,6,4,2,283.8
21930006631000,28,17,11,1120
21930006645000,11,4,7,379.5
21930006646000,16,11,5,761.6
21930006651000,2,1,1,0
21930006652000,2,2,0,0
21930006653000,22,12,10,1130.8
21930006654000,19,9,10,866.4
21930006655000,18,12,6,930.6
21930006658000,6,5,1,201
21930006665000,12,6,6,357.6
21930006670000,1,1,0,0
21930006671000,22,12,10,983.4
21930006673000,15,7,8,712.5
21930006674000,25,15,10,1172.5
21930006713000,24,14,10,1111.2
21930006714000,10,5,5,372
21930006767000,45,23,22,2128.5
21930006768000,18,9,9,626.4
21930006770000,16,9,7,638.4
21930006771000,19,9,10,811.3
21930006772000,16,9,7,748.8
21930006849000,8,5,3,408.8
21930006850000,21,11,10,1134
21930006851000,11,6,5,706.2
21930006855000,2,2,0,0
21930006857000,5,4,1,152
21930006858000,3,2,1,0
21930006859000,12,7,5,698.4
21930006871000,15,8,7,567
21930006872000,42,23,19,1680
21930006873000,4,3,1,0
21930006874000,6,3,3,232.2
21930006891000,18,7,11,513
21930006892000,24,13,11,1051.2
21930006894000,11,6,5,458.7
21930006895000,86,37,49,3543.2
21930006896000,432,218,214,19785.6
21930006897000,465,233,232,19297.5
21930006945000,3,2,1,0
21930006952000,1,1,0,0
21930006999000,37,20,17,1713.1
21930007000000,1,0,1,0
21930007039000,4,2,2,0
21930007047000,10,7,3,213
21930007053000,4,2,2,0
21930007071000,48,31,17,2251.2
21930007072000,41,16,25,1640
21930007073000,50,26,24,2125
21930007077000,15,8,7,708
21930007078000,79,42,37,2551.7
21930007087000,43,20,23,1591
21930007089000,10,9,1,484
21940006550000,6,4,2,235.2
21940006551000,15,8,7,793.5
21940006553000,26,13,13,1209
21940006554000,2,1,1,0
21940006555000,36,20,16,1587.6
21940006556000,251,135,116,10416.5
21940006557000,572,277,295,20992.4
21940006558000,28,16,12,1008
21940006560000,144,75,69,5961.6
21940006561000,614,298,316,21981.2
21940006562000,78,36,42,2979.6
21940006563000,795,392,403,30448.5
21940006564000,1564,774,790,63967.6
21940006565000,1329,623,706,52229.7
21940006566000,1259,599,660,51241.3
21940006567000,2066,1026,1040,91730.4
21940006568000,2153,1034,1119,97315.6
21940006569000,1525,770,755,68472.5
21940006570000,973,490,483,38238.9
21940006571000,1444,682,762,61947.6
21940006572000,250,118,132,10300
21940006573000,32,11,21,1267.2
21940006574000,3,1,2,0
21940006575000,27,13,14,1171.8
21940006576000,260,141,119,10400
21940006577000,21,14,7,848.4
21940006578000,107,58,49,4376.3
21940006579000,48,24,24,1915.2
21940006580000,28,15,13,1170.4
21940006581000,21,15,6,980.7
21940006586000,5,2,3,228
21940006587000,14,8,6,383.6
21940006613000,11,6,5,404.8
21940006630000,26,16,10,1128.4
21940006631000,38,22,16,1603.6
21940006632000,9,7,2,399.6
21940006639000,4,2,2,0
21940006642000,3,1,2,0
21940006644000,26,13,13,1086.8
21940006645000,8,3,5,356.8
21940006646000,14,6,8,599.2
21940006649000,3,1,2,0
21940006651000,4,2,2,0
21940006653000,50,20,30,2025
21940006654000,57,26,31,2382.6
21940006656000,4,3,1,0
21940006657000,1,1,0,0
21940006658000,1,1,0,0
21940006659000,5,3,2,187
21940006665000,5,3,2,297
21940006670000,11,5,6,742.5
21940006671000,3,2,1,0
21940006672000,6,4,2,273
21940006673000,4,2,2,0
21940006711000,9,4,5,353.7
21940006712000,15,10,5,687
21940006713000,32,17,15,1606.4
21940006714000,9,6,3,416.7
21940006746000,3,2,1,0
21940006766000,5,2,3,156
21940006767000,29,16,13,1099.1
21940006769000,25,11,14,765
21940006849000,9,6,3,378.9
21940006850000,2,1,1,0
21940006858000,4,2,2,0
21940006859000,34,19,15,1363.4
21940006864000,2,1,1,0
21940006865000,1,1,0,0
21940006871000,35,15,20,1617
21940006872000,47,25,22,1851.8
21940006873000,7,4,3,200.9
21940006891000,26,13,13,1079
21940006892000,57,30,27,2416.8
21940006893000,19,11,8,982.3
21940006896000,134,67,67,6579.4
21940006897000,79,43,36,3476
21940006943000,2,1,1,0
21940006944000,13,6,7,620.1
21940006945000,4,3,1,0
21940006951000,9,5,4,154.8
21940006952000,3,1,2,0
21940006999000,37,22,15,1287.6
21940007000000,3,2,1,0
21940007021000,7,5,2,268.8
21940007047000,3,2,1,0
21940007065000,3,1,2,0
21940007066000,3,2,1,0
21940007071000,24,13,11,760.8
21940007072000,18,9,9,754.2
21940007073000,8,5,3,331.2
21940007077000,55,30,25,1738
21940007078000,364,187,177,12740
21940007079000,29,15,14,919.3
21940007081000,1,1,0,0
21940007085000,14,6,8,344.4
21940007087000,2,1,1,0
21940007088000,72,40,32,2793.6
21940007089000,42,21,21,1780.8
21950006551000,7,3,4,177.1
21950006552000,20,11,9,962
21950006553000,55,28,27,2458.5
21950006554000,28,18,10,904.4
21950006555000,28,13,15,873.6
21950006556000,872,410,462,37321.6
21950006557000,990,499,491,44154
21950006558000,752,375,377,28576
21950006559000,132,67,65,5464.8
21950006560000,854,435,419,33733
21950006561000,1509,767,742,55833
21950006562000,1256,634,622,51747.2
21950006563000,957,488,469,40768.2
21950006564000,1188,572,616,51440.4
21950006565000,271,136,135,12438.9
21950006566000,343,175,168,13342.7
21950006567000,436,227,209,16611.6
21950006568000,1299,629,670,54038.4
21950006569000,839,407,432,33476.1
21950006570000,858,390,468,45903
21950006571000,48,23,25,1766.4
21950006572000,17,9,8,933.3
21950006573000,16,6,10,601.6
21950006574000,59,36,23,2519.3
21950006575000,14,7,7,306.6
21950006577000,6,3,3,202.8
21950006578000,12,8,4,568.8
21950006579000,72,42,30,2570.4
21950006580000,26,14,12,1146.6
21950006581000,12,6,6,471.6
21950006586000,15,6,9,583.5
21950006587000,85,44,41,3077
21950006588000,12,6,6,360
21950006613000,13,8,5,453.7
21950006614000,33,22,11,1217.7
21950006615000,7,4,3,307.3
21950006620000,10,6,4,516
21950006621000,31,19,12,1317.5
21950006622000,270,143,127,10935
21950006623000,27,12,15,931.5
21950006631000,21,11,10,905.1
21950006632000,7,5,2,242.9
21950006635000,3,2,1,0
21950006637000,5,3,2,267
21950006638000,13,7,6,456.3
21950006639000,29,15,14,1148.4
21950006640000,54,26,28,2656.8
21950006641000,15,9,6,690
21950006642000,2,1,1,0
21950006643000,13,6,7,466.7
21950006644000,1,0,1,0
21950006645000,17,10,7,753.1
21950006646000,11,5,6,419.1
21950006649000,7,6,1,268.1
21950006650000,4,3,1,0
21950006653000,8,6,2,416.8
21950006656000,2,2,0,0
21950006657000,5,2,3,176
21950006658000,2,1,1,0
21950006663000,1,0,1,0
21950006664000,8,4,4,226.4
21950006665000,2,2,0,0
21950006670000,10,6,4,397
21950006672000,34,16,18,1424.6
21950006673000,29,12,17,1186.1
21950006674000,17,8,9,872.1
21950006675000,3,2,1,0
21950006711000,52,27,25,2147.6
21950006712000,162,81,81,7759.8
21950006713000,126,61,65,4977
21950006753000,1,1,0,0
21950006757000,23,13,10,936.1
21950006766000,49,22,27,1935.5
21950006768000,36,19,17,1296
21950006769000,2,1,1,0
21950006779000,3,1,2,0
21950006846000,2,1,1,0
21950006847000,1,1,0,0
21950006858000,11,4,7,577.5
21950006859000,15,9,6,789
21950006860000,4,2,2,0
21950006865000,2,1,1,0
21950006870000,51,25,26,2024.7
21950006871000,55,28,27,2348.5
21950006872000,34,19,15,1604.8
21950006873000,15,9,6,721.5
21950006889000,7,3,4,263.9
21950006890000,26,12,14,1094.6
21950006891000,15,6,9,880.5
21950006892000,2,2,0,0
21950006946000,8,3,5,382.4
21950006950000,7,3,4,314.3
21950006951000,20,9,11,814
21950006999000,19,8,11,638.4
21950007000000,10,4,6,434
21950007021000,10,5,5,441
21950007022000,2,1,1,0
21950007065000,6,2,4,301.8
21950007066000,6,2,4,244.2
21950007067000,10,3,7,437
21950007068000,30,15,15,1197
21950007069000,85,45,40,3128
21950007070000,23,11,12,924.6
21950007071000,9,4,5,176.4
21950007072000,3,2,1,0
21950007073000,50,28,22,1875
21950007078000,235,114,121,9071
21950007079000,21,13,8,661.5
21950007080000,303,146,157,9999
21950007081000,638,297,341,27242.6
21950007082000,146,78,68,6234.2
21950007083000,50,25,25,1935
21950007084000,158,78,80,5624.8
21950007085000,128,69,59,5145.6
21950007086000,108,54,54,3866.4
21950007087000,14,5,9,490
21950007088000,8,4,4,563.2
21950007089000,29,16,13,1015
21950007090000,2,1,1,0
21960006553000,14,6,8,543.2
21960006554000,910,439,471,34398
21960006555000,962,497,465,39249.6
21960006556000,707,345,362,32592.7
21960006557000,354,189,165,16567.2
21960006558000,838,422,416,37374.8
21960006560000,161,74,87,7228.9
21960006561000,374,191,183,13052.6
21960006562000,315,150,165,12285
21960006563000,488,233,255,23424
21960006564000,935,462,473,35997.5
21960006565000,859,413,446,32212.5
21960006566000,429,204,225,14843.4
21960006567000,17,8,9,635.8
21960006568000,64,25,39,2368
21960006569000,276,136,140,10653.6
21960006570000,58,24,34,2070.6
21960006571000,46,26,20,1872.2
21960006572000,54,29,25,2376
21960006573000,25,14,11,1180
21960006574000,21,9,12,907.2
21960006580000,3,1,2,0
21960006581000,1,0,1,0
21960006585000,1,1,0,0
21960006586000,24,14,10,1056
21960006587000,54,30,24,2354.4
21960006588000,16,9,7,673.6
21960006591000,3,2,1,0
21960006592000,5,3,2,253
21960006614000,26,13,13,894.4
21960006615000,12,6,6,512.4
21960006616000,43,23,20,1866.2
21960006617000,1,1,0,0
21960006620000,8,4,4,380
21960006621000,45,22,23,1966.5
21960006622000,184,81,103,8813.6
21960006629000,5,3,2,181
21960006630000,21,8,13,936.6
21960006631000,12,6,6,574.8
21960006632000,39,25,14,1649.7
21960006633000,32,18,14,1091.2
21960006634000,10,5,5,380
21960006635000,17,9,8,758.2
21960006636000,16,9,7,641.6
21960006637000,24,14,10,1219.2
21960006638000,22,11,11,1304.6
21960006639000,25,8,17,990
21960006640000,257,142,115,10177.2
21960006641000,134,71,63,4877.6
21960006642000,63,45,18,2488.5
21960006643000,11,6,5,731.5
21960006644000,15,6,9,649.5
21960006645000,355,156,199,15158.5
21960006646000,223,109,114,8474
21960006648000,16,7,9,628.8
21960006651000,4,1,3,0
21960006652000,2,1,1,0
21960006654000,1,1,0,0
21960006655000,4,2,2,0
21960006657000,8,5,3,224.8
21960006664000,3,1,2,0
21960006665000,18,11,7,637.2
21960006668000,9,4,5,351
21960006669000,15,8,7,480
21960006670000,7,5,2,168.7
21960006671000,1,1,0,0
21960006672000,6,4,2,394.2
21960006688000,2,1,1,0
21960006689000,39,22,17,1173.9
21960006708000,5,4,1,253
21960006709000,12,6,6,558
21960006710000,8,3,5,324
21960006711000,10,4,6,565
21960006712000,96,48,48,3753.6
21960006757000,9,4,5,422.1
21960006758000,9,5,4,578.7
21960006766000,75,39,36,3270
21960006767000,127,57,70,5676.9
21960006768000,82,47,35,3034
21960006769000,4,2,2,0
21960006781000,1,1,0,0
21960006782000,3,1,2,0
21960006859000,16,8,8,772.8
21960006860000,23,12,11,1191.4
21960006869000,13,8,5,652.6
21960006870000,20,11,9,1086
21960006871000,13,6,7,449.8
21960006872000,13,6,7,513.5
21960006881000,4,2,2,0
21960006887000,2,1,1,0
21960006888000,11,3,8,369.6
21960006889000,11,5,6,467.5
21960006890000,21,13,8,1031.1
21960006891000,5,3,2,225
21960006947000,2,1,1,0
21960006949000,13,6,7,579.8
21960006950000,4,2,2,0
21960006999000,18,8,10,691.2
21960007000000,19,11,8,883.5
21960007022000,7,5,2,282.8
21960007040000,1,1,0,0
21960007045000,2,0,2,0
21960007067000,5,2,3,150
21960007068000,5,2,3,166
21960007070000,7,3,4,361.2
21960007071000,3,2,1,0
21960007080000,25,13,12,1087.5
21960007082000,18,14,4,684
21960007083000,34,18,16,1346.4
21960007084000,3,1,2,0
21960007085000,37,20,17,1150.7
21960007086000,10,7,3,419
21970006552000,538,283,255,23403
21970006553000,726,359,367,30346.8
21970006554000,341,166,175,15549.6
21970006555000,487,235,252,21720.2
21970006557000,174,92,82,8386.8
21970006559000,4,3,1,0
21970006560000,29,15,14,974.4
21970006561000,187,101,86,6956.4
21970006562000,105,61,44,4536
21970006563000,148,71,77,6541.6
21970006564000,183,85,98,7356.6
21970006565000,36,20,16,1814.4
21970006566000,17,10,7,579.7
21970006568000,6,2,4,244.2
21970006569000,50,24,26,1935
21970006570000,48,28,20,2097.6
21970006571000,26,12,14,1417
21970006572000,6,4,2,294
21970006574000,6,3,3,321
21970006575000,15,8,7,546
21970006580000,11,5,6,614.9
21970006581000,93,51,42,3747.9
21970006584000,40,19,21,2140
21970006585000,19,10,9,974.7
21970006614000,11,6,5,639.1
21970006615000,3,2,1,0
21970006616000,36,20,16,1414.8
21970006617000,13,8,5,509.6
21970006619000,15,9,6,651
21970006620000,54,27,27,2338.2
21970006621000,79,42,37,3286.4
21970006622000,89,47,42,3373.1
21970006623000,171,86,85,6532.2
21970006624000,647,325,322,25168.3
21970006625000,528,267,261,20116.8
21970006626000,12,7,5,627.6
21970006627000,474,235,239,21377.4
21970006628000,724,387,337,28018.8
21970006629000,62,32,30,2387
21970006630000,58,32,26,2581
21970006631000,39,20,19,1482
21970006632000,40,15,25,1492
21970006634000,3,2,1,0
21970006636000,6,3,3,240
21970006637000,11,4,7,455.4
21970006638000,5,1,4,177
21970006639000,17,11,6,678.3
21970006640000,2,1,1,0
21970006641000,5,4,1,219
21970006642000,11,5,6,458.7
21970006648000,4,2,2,0
21970006649000,3,2,1,0
21970006654000,2,1,1,0
21970006655000,2,1,1,0
21970006656000,7,4,3,370.3
21970006661000,9,6,3,225.9
21970006666000,2,1,1,0
21970006668000,15,7,8,588
21970006669000,3,2,1,0
21970006670000,12,5,7,316.8
21970006685000,2,1,1,0
21970006707000,3,2,1,0
21970006708000,11,7,4,647.9
21970006709000,3,2,1,0
21970006710000,32,16,16,1248
21970006747000,3,2,1,0
21970006756000,12,7,5,660
21970006757000,7,6,1,221.9
21970006762000,1,0,1,0
21970006766000,227,118,109,9670.2
21970006767000,213,101,112,9265.5
21970006768000,48,29,19,1780.8
21970006769000,1,1,0,0
21970006770000,2,1,1,0
21970006782000,34,19,15,1380.4
21970006859000,14,6,8,715.4
21970006860000,22,9,13,855.8
21970006861000,20,8,12,958
21970006867000,25,15,10,680
21970006868000,16,7,9,896
21970006869000,11,5,6,573.1
21970006870000,6,2,4,250.8
21970006871000,1,0,1,0
21970006885000,6,4,2,325.2
21970006887000,10,5,5,442
21970006888000,26,12,14,1411.8
21970006889000,21,12,9,1047.9
21970006890000,22,11,11,668.8
21970006948000,42,24,18,2171.4
21970006949000,36,18,18,1364.4
21970006965000,3,1,2,0
21970007000000,13,8,5,598
21970007021000,2,1,1,0
21970007022000,53,29,24,2427.4
21970007041000,3,2,1,0
21970007044000,2,1,1,0
21970007045000,6,4,2,286.2
21970007046000,5,2,3,266
21970007054000,1,0,1,0
21970007069000,5,2,3,250
21970007070000,42,24,18,1705.2
21970007071000,2,2,0,0
21970007085000,49,25,24,2033.5
21970007086000,11,4,7,477.4
21980006551000,718,352,366,35612.8
21980006552000,809,418,391,34948.8
21980006553000,674,328,346,26286
21980006554000,1,1,0,0
21980006556000,4,2,2,0
21980006557000,114,56,58,5688.6
21980006559000,2,2,0,0
21980006560000,12,6,6,584.4
21980006561000,19,10,9,756.2
21980006562000,4,2,2,0
21980006564000,3,2,1,0
21980006565000,19,9,10,792.3
21980006566000,120,63,57,4440
21980006567000,34,18,16,1638.8
21980006568000,36,17,19,1332
21980006569000,8,5,3,404.8
21980006570000,10,3,7,325
21980006571000,1,1,0,0
21980006572000,7,4,3,305.2
21980006573000,12,5,7,411.6
21980006574000,3,1,2,0
21980006575000,5,2,3,205
21980006581000,86,46,40,3096
21980006582000,630,319,311,26649
21980006583000,45,23,22,1629
21980006584000,218,114,104,8240.4
21980006614000,4,2,2,0
21980006617000,77,45,32,3064.6
21980006618000,54,29,25,2100.6
21980006619000,93,42,51,3506.1
21980006620000,79,43,36,3760.4
21980006621000,414,206,208,15193.8
21980006622000,276,139,137,11509.2
21980006623000,764,410,354,29719.6
21980006624000,687,342,345,26930.4
21980006625000,1192,604,588,50302.4
21980006626000,1461,731,730,66621.6
21980006627000,1822,886,936,87091.6
21980006628000,1220,602,618,45994
21980006629000,127,69,58,5778.5
21980006630000,31,16,15,1209
21980006631000,6,2,4,259.2
21980006638000,6,4,2,309
21980006639000,1,0,1,0
21980006657000,4,3,1,0
21980006658000,1,1,0,0
21980006659000,8,3,5,343.2
21980006660000,2,0,2,0
21980006661000,4,2,2,0
21980006662000,6,4,2,195
21980006667000,33,17,16,1570.8
21980006668000,21,11,10,1071
21980006669000,5,4,1,158
21980006681000,9,6,3,439.2
21980006682000,24,14,10,943.2
21980006683000,13,7,6,752.7
21980006685000,3,1,2,0
21980006708000,5,2,3,223
21980006756000,20,14,6,846
21980006760000,3,2,1,0
21980006761000,25,11,14,900
21980006762000,10,4,6,354
21980006764000,16,7,9,716.8
21980006765000,24,13,11,1106.4
21980006766000,43,24,19,1853.3
21980006767000,20,11,9,1226
21980006769000,3,2,1,0
21980006782000,19,12,7,777.1
21980006783000,2,1,1,0
21980006859000,21,12,9,1001.7
21980006860000,86,40,46,3689.4
21980006861000,2,0,2,0
21980006865000,4,2,2,0
21980006866000,109,58,51,4098.4
21980006867000,184,86,98,8261.6
21980006868000,8,4,4,420
21980006869000,24,12,12,1104
21980006870000,2,1,1,0
21980006871000,4,2,2,0
21980006881000,8,3,5,251.2
21980006883000,15,9,6,703.5
21980006884000,10,5,5,665
21980006885000,170,81,89,8959
21980006886000,119,64,55,5295.5
21980006887000,78,34,44,5046.6
21980006888000,14,9,5,677.6
21980006889000,5,3,2,299
21980006951000,1,0,1,0
21980006965000,10,4,6,538
21980007000000,10,6,4,528
21980007001000,10,7,3,444
21980007022000,80,41,39,3304
21980007023000,53,25,28,2353.2
21980007028000,4,3,1,0
21980007029000,2,1,1,0
21980007034000,7,5,2,331.1
21980007044000,4,2,2,0
21980007045000,9,6,3,276.3
21980007069000,1,0,1,0
21980007070000,29,15,14,768.5
21980007080000,1,1,0,0
21980007085000,59,30,29,2472.1
21980007086000,14,10,4,387.8
21990006552000,1,1,0,0
21990006558000,9,6,3,338.4
21990006559000,6,3,3,181.2
21990006560000,5,3,2,140
21990006561000,7,4,3,314.3
21990006562000,3,2,1,0
21990006563000,10,6,4,273
21990006567000,10,7,3,369
21990006568000,22,12,10,1036.2
21990006569000,19,10,9,978.5
21990006570000,14,7,7,431.2
21990006571000,2,1,1,0
21990006573000,1,1,0,0
21990006574000,1,1,0,0
21990006582000,251,122,129,11495.8
21990006583000,59,26,33,3245
21990006584000,119,62,57,3915.1
21990006596000,2,1,1,0
21990006598000,1,0,1,0
21990006615000,4,3,1,0
21990006616000,5,4,1,348
21990006617000,31,17,14,964.1
21990006618000,100,55,45,3810
21990006619000,172,90,82,5882.4
21990006620000,24,15,9,1056
21990006621000,68,31,37,2346
21990006622000,8,3,5,428
21990006623000,1528,735,793,47979.2
21990006624000,1374,728,646,55234.8
21990006625000,1662,850,812,67477.2
21990006626000,2139,1054,1085,92404.8
21990006627000,1532,774,758,64956.8
21990006628000,387,187,200,13893.3
21990006637000,2,1,1,0
21990006657000,1,0,1,0
21990006659000,4,3,1,0
21990006667000,25,15,10,1090
21990006668000,43,21,22,1861.9
21990006669000,14,8,6,728
21990006678000,1,1,0,0
21990006682000,1,1,0,0
21990006683000,1,1,0,0
21990006686000,3,1,2,0
21990006688000,6,3,3,228
21990006707000,2,1,1,0
21990006756000,60,29,31,2550
21990006757000,2,2,0,0
21990006760000,18,9,9,696.6
21990006761000,6,3,3,145.2
21990006763000,16,8,8,769.6
21990006764000,17,8,9,829.6
21990006781000,7,4,3,202.3
21990006782000,15,8,7,742.5
21990006829000,1,0,1,0
21990006859000,62,32,30,2635
21990006860000,271,129,142,12980.9
21990006865000,40,21,19,1512
21990006866000,74,42,32,2752.8
21990006867000,22,10,12,730.4
21990006868000,29,15,14,1183.2
21990006869000,24,16,8,828
21990006871000,2,1,1,0
21990006880000,3,2,1,0
21990006881000,20,10,10,670
21990006882000,34,17,17,1710.2
21990006883000,17,9,8,950.3
21990006884000,16,7,9,867.2
21990006885000,29,18,11,1392
21990006886000,51,28,23,2213.4
21990006887000,32,18,14,1257.6
21990006951000,4,2,2,0
21990007001000,35,20,15,1400
21990007013000,4,2,2,0
21990007021000,2,1,1,0
21990007022000,4,2,2,0
21990007023000,7,3,4,130.9
21990007024000,14,7,7,533.4
21990007026000,4,3,1,0
21990007027000,6,4,2,196.2
21990007028000,22,9,13,743.6
21990007029000,33,16,17,1534.5
21990007030000,1,1,0,0
21990007043000,32,14,18,1331.2
21990007044000,110,52,58,4444
21990007046000,4,2,2,0
21990007055000,9,3,6,519.3
21990007068000,3,3,0,0
21990007069000,19,10,9,815.1
22000006553000,3,2,1,0
22000006557000,7,2,5,308
22000006558000,1,1,0,0
22000006562000,10,6,4,467
22000006569000,1,0,1,0
22000006570000,15,10,5,850.5
22000006571000,4,2,2,0
22000006573000,4,1,3,0
22000006581000,48,26,22,2131.2
22000006582000,77,35,42,3172.4
22000006583000,122,64,58,4831.2
22000006617000,3,2,1,0
22000006618000,86,46,40,3130.4
22000006619000,19,8,11,579.5
22000006620000,13,6,7,548.6
22000006621000,295,159,136,12242.5
22000006622000,6,4,2,268.8
22000006624000,45,25,20,1998
22000006625000,376,190,186,14852
22000006626000,989,504,485,36494.1
22000006627000,757,383,374,27554.8
22000006628000,7,3,4,319.9
22000006629000,12,8,4,522
22000006633000,4,2,2,0
22000006635000,8,3,5,324.8
22000006636000,2,0,2,0
22000006646000,5,3,2,194
22000006647000,1,1,0,0
22000006659000,3,1,2,0
22000006667000,110,54,56,4081
22000006668000,82,42,40,3878.6
22000006669000,5,1,4,253
22000006678000,5,3,2,196
22000006682000,5,2,3,207
22000006683000,32,11,21,1366.4
22000006685000,7,5,2,308
22000006687000,12,6,6,471.6
22000006688000,2,1,1,0
22000006705000,32,16,16,1324.8
22000006706000,17,8,9,753.1
22000006707000,10,7,3,415
22000006755000,3,1,2,0
22000006756000,90,51,39,4203
22000006757000,12,6,6,360
22000006758000,11,4,7,443.3
22000006759000,13,5,8,677.3
22000006760000,4,2,2,0
22000006761000,3,0,3,0
22000006762000,4,2,2,0
22000006763000,63,29,34,3124.8
22000006764000,6,4,2,231
22000006771000,1,1,0,0
22000006781000,32,19,13,1459.2
22000006829000,6,4,2,187.8
22000006830000,5,2,3,337
22000006858000,25,11,14,945
22000006859000,67,32,35,2726.9
22000006860000,7,5,2,289.1
22000006864000,2,2,0,0
22000006865000,17,8,9,620.5
22000006880000,14,7,7,595
22000006881000,5,2,3,224
22000006882000,11,4,7,424.6
22000006884000,2,1,1,0
22000006885000,12,6,6,597.6
22000006886000,7,3,4,366.8
22000006887000,4,3,1,0
22000006952000,3,2,1,0
22000006963000,6,4,2,337.8
22000007001000,61,30,31,2806
22000007002000,8,7,1,492
22000007014000,1,1,0,0
22000007023000,28,16,12,876.4
22000007024000,15,9,6,646.5
22000007025000,51,28,23,2259.3
22000007026000,3,2,1,0
22000007030000,26,12,14,832
22000007036000,7,4,3,347.9
22000007037000,6,2,4,220.2
22000007038000,15,9,6,495
22000007040000,2,2,0,0
22000007041000,21,11,10,819
22000007042000,7,4,3,161.7
22000007043000,16,9,7,800
22000007044000,14,5,9,498.4
22000007046000,6,3,3,240
22000007047000,1,1,0,0
22000007048000,3,2,1,0
22000007055000,59,28,31,2472.1
22000007056000,10,5,5,383
22000007064000,6,3,3,352.8
22000007065000,2,1,1,0
22000007066000,199,91,108,5611.8
22000007067000,13,6,7,521.3
22000007068000,5,3,2,249
22010006552000,8,5,3,418.4
22010006553000,2,2,0,0
22010006557000,1,1,0,0
22010006559000,2,1,1,0
22010006560000,2,1,1,0
22010006561000,47,24,23,2152.6
22010006562000,6,5,1,379.8
22010006566000,4,2,2,0
22010006571000,10,4,6,381
22010006572000,2,1,1,0
22010006579000,43,21,22,1870.5
22010006580000,28,15,13,1265.6
22010006581000,14,7,7,693
22010006583000,4,2,2,0
22010006618000,43,24,19,2171.5
22010006619000,12,8,4,535.2
22010006620000,8,6,2,408.8
22010006621000,73,37,36,2489.3
22010006625000,13,6,7,751.4
22010006626000,18,11,7,869.4
22010006627000,62,33,29,2672.2
22010006628000,3,2,1,0
22010006629000,6,4,2,315
22010006630000,24,14,10,1094.4
22010006631000,4,2,2,0
22010006632000,2,1,1,0
22010006635000,9,5,4,257.4
22010006636000,15,7,8,394.5
22010006637000,22,12,10,765.6
22010006638000,7,3,4,266.7
22010006647000,3,1,2,0
22010006658000,6,4,2,220.8
22010006660000,2,1,1,0
22010006667000,43,21,22,1466.3
22010006668000,341,153,188,17356.9
22010006669000,39,20,19,1505.4
22010006680000,4,2,2,0
22010006681000,26,13,13,1047.8
22010006682000,28,16,12,988.4
22010006683000,32,13,19,1449.6
22010006684000,83,36,47,3950.8
22010006685000,1,1,0,0
22010006686000,25,12,13,1267.5
22010006687000,34,23,11,1346.4
22010006688000,37,17,20,1517
22010006689000,20,11,9,962
22010006690000,14,5,9,663.6
22010006691000,5,1,4,174
22010006693000,1,1,0,0
22010006705000,5,2,3,225
22010006706000,1,0,1,0
22010006731000,2,1,1,0
22010006755000,28,12,16,1254.4
22010006756000,67,34,33,3182.5
22010006758000,2,1,1,0
22010006759000,8,4,4,270.4
22010006760000,3,1,2,0
22010006761000,7,3,4,298.9
22010006762000,9,3,6,326.7
22010006779000,16,10,6,905.6
22010006780000,13,8,5,566.8
22010006781000,7,5,2,466.9
22010006830000,3,2,1,0
22010006831000,8,5,3,386.4
22010006832000,11,5,6,400.4
22010006833000,31,15,16,1314.4
22010006857000,12,8,4,777.6
22010006858000,33,19,14,1323.3
22010006859000,28,11,17,966
22010006864000,16,10,6,755.2
22010006870000,3,1,2,0
22010006878000,6,2,4,201
22010006879000,17,11,6,683.4
22010006880000,10,6,4,483
22010006881000,6,4,2,334.8
22010006952000,2,1,1,0
22010007001000,19,11,8,697.3
22010007002000,41,20,21,1927
22010007003000,2,1,1,0
22010007022000,10,6,4,533
22010007023000,10,4,6,393
22010007024000,1,0,1,0
22010007025000,10,5,5,390
22010007026000,8,4,4,420
22010007030000,25,12,13,815
22010007031000,39,19,20,1540.5
22010007032000,8,6,2,232
22010007039000,32,17,15,1251.2
22010007040000,5,3,2,114
22010007044000,1,1,0,0
22010007045000,1,0,1,0
22010007048000,5,3,2,166
22010007049000,7,3,4,550.9
22010007056000,12,8,4,723.6
22010007063000,9,5,4,244.8
22010007064000,8,4,4,430.4
22010007065000,129,61,68,5224.5
22010007066000,597,291,306,26626.2
22010007067000,234,105,129,9945
22010007068000,1,1,0,0
22010007069000,16,8,8,620.8
22010007070000,2,1,1,0
22010007103000,2,2,0,0
22020006548000,1,1,0,0
22020006555000,10,5,5,510
22020006558000,3,2,1,0
22020006560000,146,76,70,6409.4
22020006561000,237,122,115,11233.8
22020006562000,35,22,13,1396.5
22020006563000,28,12,16,1257.2
22020006564000,11,6,5,316.8
22020006565000,12,5,7,528
22020006566000,7,4,3,366.8
22020006567000,10,5,5,482
22020006568000,6,4,2,267
22020006569000,4,1,3,0
22020006572000,3,1,2,0
22020006578000,34,18,16,1601.4
22020006579000,8,5,3,479.2
22020006580000,5,3,2,281
22020006583000,6,4,2,312
22020006617000,15,5,10,718.5
22020006618000,30,14,16,933
22020006619000,17,10,7,484.5
22020006620000,19,12,7,951.9
22020006621000,46,24,22,1771
22020006622000,40,21,19,1916
22020006623000,10,4,6,424
22020006624000,12,5,7,429.6
22020006626000,18,7,11,739.8
22020006627000,22,12,10,1177
22020006628000,7,4,3,298.9
22020006630000,4,2,2,0
22020006632000,3,2,1,0
22020006634000,4,2,2,0
22020006665000,1,1,0,0
22020006666000,20,11,9,980
22020006667000,22,10,12,1093.4
22020006668000,13,5,8,728
22020006680000,13,4,9,591.5
22020006681000,5,3,2,236
22020006682000,61,28,33,2720.6
22020006683000,231,117,114,9494.1
22020006684000,13,7,6,516.1
22020006686000,2,2,0,0
22020006687000,5,4,1,257
22020006688000,32,16,16,1542.4
22020006689000,8,4,4,408.8
22020006691000,11,5,6,424.6
22020006692000,3,2,1,0
22020006702000,2,1,1,0
22020006703000,3,1,2,0
22020006704000,4,2,2,0
22020006705000,2,1,1,0
22020006706000,49,31,18,2209.9
22020006752000,2,1,1,0
22020006753000,1,1,0,0
22020006754000,19,8,11,893
22020006755000,5,3,2,366
22020006756000,23,13,10,1041.9
22020006757000,4,2,2,0
22020006758000,8,3,5,360
22020006759000,4,2,2,0
22020006761000,5,2,3,336
22020006778000,7,6,1,305.2
22020006832000,7,3,4,469
22020006833000,59,32,27,2277.4
22020006834000,57,28,29,2901.3
22020006856000,13,7,6,588.9
22020006857000,39,21,18,1404
22020006858000,1,1,0,0
22020006859000,3,2,1,0
22020006863000,2,2,0,0
22020006864000,2,2,0,0
22020006877000,13,7,6,538.2
22020006878000,44,23,21,2081.2
22020006879000,16,8,8,868.8
22020006880000,7,2,5,266
22020006900000,4,3,1,0
22020006952000,7,3,4,279.3
22020007002000,13,9,4,280.8
22020007003000,31,19,12,1432.2
22020007014000,3,2,1,0
22020007015000,4,2,2,0
22020007025000,15,7,8,691.5
22020007026000,11,6,5,451
22020007030000,20,11,9,710
22020007031000,453,220,233,20475.6
22020007032000,217,125,92,9048.9
22020007045000,16,7,9,737.6
22020007048000,6,5,1,124.8
22020007049000,3,1,2,0
22020007050000,4,2,2,0
22020007056000,34,22,12,1207
22020007063000,1,1,0,0
22020007064000,5,2,3,193
22020007066000,7,3,4,399.7
22020007067000,8,5,3,214.4
22020007069000,42,17,25,1251.6
22020007070000,174,102,72,6751.2
22020007071000,38,23,15,1786
22030006548000,29,19,10,1360.1
22030006555000,3,1,2,0
22030006558000,7,5,2,282.8
22030006559000,6,3,3,229.2
22030006560000,90,44,46,3654
22030006563000,3,2,1,0
22030006564000,6,2,4,226.2
22030006568000,1,1,0,0
22030006569000,5,2,3,223
22030006570000,36,21,15,1566
22030006571000,61,34,27,2409.5
22030006572000,13,10,3,345.8
22030006578000,13,7,6,730.6
22030006579000,11,6,5,236.5
22030006589000,1,1,0,0
22030006617000,28,16,12,1170.4
22030006618000,12,6,6,724.8
22030006619000,23,14,9,1090.2
22030006620000,6,3,3,94.2
22030006623000,29,13,16,1220.9
22030006624000,40,19,21,1328
22030006625000,5,3,2,260
22030006627000,5,2,3,272
22030006628000,35,20,15,1130.5
22030006647000,3,2,1,0
22030006651000,4,3,1,0
22030006654000,3,2,1,0
22030006665000,3,2,1,0
22030006666000,26,14,12,1339
22030006667000,18,13,5,660.6
22030006668000,6,3,3,330
22030006669000,34,15,19,1601.4
22030006679000,2,1,1,0
22030006680000,15,7,8,673.5
22030006682000,61,26,35,2592.5
22030006688000,8,6,2,470.4
22030006689000,9,4,5,333
22030006690000,6,3,3,178.2
22030006692000,1,1,0,0
22030006702000,2,1,1,0
22030006705000,34,15,19,1370.2
22030006706000,25,15,10,975
22030006751000,3,2,1,0
22030006752000,10,5,5,404
22030006753000,24,14,10,842.4
22030006754000,110,59,51,4620
22030006755000,259,129,130,13053.6
22030006756000,2,1,1,0
22030006759000,3,2,1,0
22030006760000,5,3,2,305
22030006761000,2,1,1,0
22030006764000,1,1,0,0
22030006776000,1,1,0,0
22030006777000,6,2,4,231
22030006778000,6,4,2,274.8
22030006833000,15,10,5,771
22030006834000,36,20,16,1915.2
22030006855000,21,11,10,919.8
22030006856000,3,2,1,0
22030006857000,8,4,4,360
22030006863000,4,1,3,0
22030006869000,9,6,3,523.8
22030006877000,55,25,30,2766.5
22030006878000,16,9,7,646.4
22030006879000,2,1,1,0
22030006952000,1,1,0,0
22030006961000,3,2,1,0
22030006962000,5,2,3,197
22030007003000,18,10,8,768.6
22030007004000,14,8,6,687.4
22030007030000,55,27,28,2007.5
22030007031000,629,307,322,28745.3
22030007032000,743,380,363,31651.8
22030007033000,333,167,166,12820.5
22030007034000,18,8,10,622.8
22030007046000,3,1,2,0
22030007049000,2,1,1,0
22030007056000,8,3,5,348
22030007064000,4,2,2,0
22030007065000,12,6,6,381.6
22030007066000,7,3,4,158.2
22030007071000,25,10,15,805
22040006547000,85,42,43,4165
22040006548000,342,175,167,16074
22040006549000,194,103,91,8594.2
22040006550000,229,107,122,11908
22040006551000,9,4,5,426.6
22040006552000,4,2,2,0
22040006554000,38,19,19,1542.8
22040006555000,4,3,1,0
22040006556000,3,2,1,0
22040006557000,3,2,1,0
22040006560000,20,10,10,890
22040006561000,2,2,0,0
22040006569000,5,2,3,120
22040006570000,21,9,12,871.5
22040006575000,6,3,3,337.2
22040006576000,3,2,1,0
22040006577000,3,2,1,0
22040006578000,42,20,22,2007.6
22040006579000,9,5,4,266.4
22040006617000,51,28,23,1779.9
22040006618000,50,27,23,2230
22040006619000,33,15,18,1508.1
22040006620000,12,7,5,681.6
22040006624000,25,12,13,1127.5
22040006625000,33,16,17,1128.6
22040006626000,10,5,5,380
22040006627000,8,4,4,304
22040006628000,12,5,7,553.2
22040006649000,2,1,1,0
22040006654000,7,4,3,228.9
22040006657000,2,1,1,0
22040006658000,7,4,3,298.2
22040006664000,9,6,3,313.2
22040006665000,13,5,8,677.3
22040006666000,25,12,13,1147.5
22040006667000,17,10,7,673.2
22040006668000,18,9,9,628.2
22040006669000,8,5,3,380.8
22040006680000,18,9,9,628.2
22040006682000,19,7,12,822.7
22040006691000,1,0,1,0
22040006692000,4,3,1,0
22040006693000,1,1,0,0
22040006697000,5,2,3,179
22040006702000,6,3,3,334.2
22040006703000,8,3,5,322.4
22040006704000,16,9,7,542.4
22040006705000,38,21,17,1911.4
22040006706000,3,2,1,0
22040006734000,7,2,5,478.1
22040006750000,4,2,2,0
22040006751000,2,1,1,0
22040006752000,1,1,0,0
22040006753000,4,3,1,0
22040006754000,189,94,95,7446.6
22040006755000,236,112,124,10148
22040006776000,2,0,2,0
22040006827000,10,6,4,507
22040006828000,2,2,0,0
22040006833000,11,8,3,750.2
22040006834000,2,1,1,0
22040006835000,41,21,20,2209.9
22040006853000,1,1,0,0
22040006854000,10,6,4,473
22040006855000,19,9,10,1022.2
22040006856000,4,1,3,0
22040006857000,1,1,0,0
22040006862000,8,5,3,320.8
22040006863000,7,4,3,336
22040006867000,9,5,4,401.4
22040006868000,27,14,13,1420.2
22040006869000,38,19,19,1360.4
22040006875000,6,2,4,169.2
22040006876000,10,6,4,593
22040006877000,6,4,2,247.8
22040006961000,2,1,1,0
22040007003000,15,6,9,409.5
22040007004000,46,23,23,1922.8
22040007030000,48,25,23,2342.4
22040007031000,159,80,79,6471.3
22040007033000,7,4,3,364.7
22040007034000,39,19,20,1302.6
22040007035000,11,7,4,444.4
22040007045000,5,3,2,271
22040007046000,7,3,4,184.8
22040007056000,8,5,3,428.8
22040007065000,1,1,0,0
22040007066000,3,1,2,0
22040007067000,4,3,1,0
22040007068000,5,3,2,154
22040007069000,10,4,6,308
22050006547000,36,14,22,1940.4
22050006548000,17,11,6,712.3
22050006549000,256,120,136,11443.2
22050006550000,461,224,237,19961.3
22050006551000,273,126,147,8026.2
22050006554000,63,30,33,2778.3
22050006556000,9,3,6,306.9
22050006558000,1,0,1,0
22050006570000,18,9,9,610.2
22050006575000,3,1,2,0
22050006576000,1,1,0,0
22050006577000,11,6,5,414.7
22050006584000,5,4,1,251
22050006605000,3,2,1,0
22050006606000,1,0,1,0
22050006612000,8,4,4,276.8
22050006613000,13,7,6,637
22050006614000,12,7,5,417.6
22050006615000,18,8,10,759.6
22050006616000,39,23,16,1127.1
22050006617000,34,16,18,1390.6
22050006618000,15,7,8,508.5
22050006619000,48,26,22,2260.8
22050006620000,30,16,14,1185
22050006625000,11,6,5,518.1
22050006626000,46,17,29,1973.4
22050006627000,11,5,6,343.2
22050006628000,11,6,5,469.7
22050006629000,22,10,12,510.4
22050006630000,13,8,5,325
22050006650000,4,1,3,0
22050006651000,23,14,9,906.2
22050006652000,5,3,2,301
22050006659000,1,1,0,0
22050006660000,4,3,1,0
22050006664000,14,10,4,638.4
22050006665000,20,10,10,882
22050006667000,8,3,5,424
22050006677000,2,1,1,0
22050006678000,21,12,9,982.8
22050006679000,30,14,16,1452
22050006680000,21,10,11,546
22050006682000,9,4,5,540
22050006692000,26,10,16,1110.2
22050006702000,1,1,0,0
22050006703000,5,4,1,284
22050006704000,21,9,12,959.7
22050006733000,1,1,0,0
22050006734000,22,9,13,869
22050006749000,2,1,1,0
22050006750000,5,2,3,172
22050006751000,12,6,6,338.4
22050006752000,14,5,9,512.4
22050006753000,3,2,1,0
22050006754000,42,24,18,1671.6
22050006755000,8,4,4,430.4
22050006775000,6,4,2,208.8
22050006777000,2,1,1,0
22050006779000,3,1,2,0
22050006780000,3,1,2,0
22050006782000,2,1,1,0
22050006827000,3,2,1,0
22050006833000,6,2,4,264
22050006835000,14,7,7,681.8
22050006836000,14,7,7,631.4
22050006837000,2,1,1,0
22050006838000,6,4,2,355.8
22050006853000,30,17,13,1278
22050006854000,57,31,26,2764.5
22050006855000,9,6,3,422.1
22050006862000,11,5,6,498.3
22050006863000,18,9,9,599.4
22050006867000,7,2,5,268.8
22050006868000,79,38,41,3871
22050006869000,133,67,66,6503.7
22050006871000,2,1,1,0
22050006872000,8,5,3,388
22050006873000,5,2,3,94
22050006874000,21,9,12,1239
22050006875000,13,5,8,491.4
22050006876000,4,2,2,0
22050006952000,3,1,2,0
22050007003000,18,8,10,772.2
22050007004000,105,55,50,4095
22050007005000,7,4,3,277.9
22050007031000,16,9,7,577.6
22050007032000,7,3,4,224
22050007035000,15,7,8,499.5
22050007036000,5,2,3,303
22050007037000,24,13,11,835.2
22050007038000,7,4,3,272.3
22050007045000,7,4,3,315
22050007046000,34,18,16,1594.6
22050007055000,1,1,0,0
22050007056000,2,1,1,0
22050007069000,5,3,2,346
22050007070000,22,13,9,690.8
22050007071000,19,12,7,834.1
22050007073000,29,17,12,1313.7
22050007074000,33,19,14,1471.8
22060006548000,15,6,9,618
22060006549000,75,39,36,2992.5
22060006550000,16,7,9,590.4
22060006551000,6,4,2,286.2
22060006552000,31,14,17,1119.1
22060006555000,1,0,1,0
22060006559000,11,5,6,463.1
22060006563000,2,1,1,0
22060006565000,14,8,6,687.4
22060006566000,14,7,7,700
22060006569000,4,1,3,0
22060006570000,5,3,2,262
22060006571000,3,2,1,0
22060006575000,2,1,1,0
22060006576000,2,0,2,0
22060006577000,11,5,6,520.3
22060006603000,4,2,2,0
22060006604000,3,1,2,0
22060006607000,9,5,4,324.9
22060006608000,16,10,6,598.4
22060006609000,14,8,6,806.4
22060006610000,6,4,2,207
22060006611000,6,4,2,243
22060006612000,12,8,4,585.6
22060006613000,54,25,29,1841.4
22060006614000,20,9,11,974
22060006615000,18,10,8,579.6
22060006616000,10,5,5,501
22060006617000,25,12,13,1187.5
22060006618000,35,18,17,1368.5
22060006619000,15,8,7,573
22060006626000,5,4,1,359
22060006627000,23,12,11,1189.1
22060006628000,3,2,1,0
22060006629000,168,90,78,6434.4
22060006630000,11,6,5,552.2
22060006650000,33,19,14,1376.1
22060006651000,7,4,3,434.7
22060006659000,14,7,7,540.4
22060006660000,5,3,2,323
22060006661000,35,19,16,1596
22060006662000,17,9,8,797.3
22060006663000,141,76,65,5484.9
22060006664000,24,13,11,1020
22060006665000,40,19,21,1908
22060006679000,48,22,26,1852.8
22060006687000,4,2,2,0
22060006688000,10,6,4,395
22060006689000,10,6,4,444
22060006692000,30,16,14,1521
22060006693000,7,4,3,405.3
22060006694000,6,3,3,258
22060006695000,9,6,3,527.4
22060006734000,1,1,0,0
22060006750000,12,5,7,469.2
22060006751000,5,2,3,211
22060006752000,9,7,2,352.8
22060006759000,1,0,1,0
22060006760000,1,1,0,0
22060006762000,7,4,3,247.8
22060006763000,7,5,2,293.3
22060006774000,2,1,1,0
22060006775000,7,5,2,263.9
22060006778000,7,2,5,336.7
22060006779000,14,8,6,523.6
22060006780000,20,8,12,694
22060006781000,2,1,1,0
22060006824000,4,2,2,0
22060006835000,4,3,1,0
22060006836000,2,2,0,0
22060006837000,9,6,3,438.3
22060006838000,5,3,2,343
22060006852000,2,1,1,0
22060006853000,44,27,17,2327.6
22060006854000,16,8,8,771.2
22060006855000,16,9,7,584
22060006863000,11,5,6,612.7
22060006866000,2,1,1,0
22060006868000,32,15,17,1254.4
22060006869000,199,100,99,9313.2
22060006870000,134,70,64,5480.6
22060006872000,1,1,0,0
22060006873000,1,1,0,0
22060006904000,4,4,0,0
22060006951000,1,1,0,0
22060007003000,87,44,43,3445.2
22060007004000,56,29,27,2777.6
22060007005000,89,40,49,3978.3
22060007006000,4,3,1,0
22060007032000,18,12,6,585
22060007033000,94,51,43,3327.6
22060007036000,16,6,10,489.6
22060007037000,6,3,3,199.2
22060007038000,8,6,2,508
22060007056000,2,1,1,0
22060007057000,83,46,37,3826.3
22060007065000,4,1,3,0
22060007070000,3,2,1,0
22060007071000,20,12,8,700
22060007072000,28,14,14,1066.8
22060007073000,40,26,14,1952
22070006547000,2,1,1,0
22070006548000,2,1,1,0
22070006549000,22,13,9,1273.8
22070006550000,51,27,24,2065.5
22070006551000,30,16,14,1491
22070006552000,63,37,26,2381.4
22070006553000,4,3,1,0
22070006559000,8,5,3,360
22070006563000,3,2,1,0
22070006565000,28,17,11,1089.2
22070006566000,15,10,5,415.5
22070006574000,1,0,1,0
22070006576000,10,5,5,475
22070006584000,5,2,3,173
22070006585000,30,15,15,1173
22070006586000,24,13,11,715.2
22070006602000,2,1,1,0
22070006607000,12,7,5,530.4
22070006608000,91,57,34,3931.2
22070006609000,2,1,1,0
22070006610000,17,10,7,817.7
22070006611000,26,12,14,1242.8
22070006612000,31,16,15,902.1
22070006613000,15,8,7,778.5
22070006614000,5,4,1,125
22070006615000,17,9,8,549.1
22070006616000,3,2,1,0
22070006617000,6,4,2,312
22070006627000,9,5,4,389.7
22070006628000,69,38,31,2973.9
22070006629000,376,196,180,15679.2
22070006630000,24,15,9,801.6
22070006649000,13,8,5,529.1
22070006650000,36,20,16,1620
22070006651000,4,2,2,0
22070006658000,22,12,10,1082.4
22070006659000,11,7,4,343.2
22070006660000,86,47,39,3431.4
22070006661000,38,24,14,1326.2
22070006662000,53,28,25,1987.5
22070006663000,63,37,26,2532.6
22070006664000,50,27,23,1995
22070006665000,12,7,5,542.4
22070006671000,6,4,2,346.8
22070006676000,24,12,12,1128
22070006677000,10,6,4,465
22070006678000,16,7,9,632
22070006679000,37,17,20,1983.2
22070006681000,22,11,11,1084.6
22070006686000,1,1,0,0
22070006687000,5,2,3,241
22070006688000,3,0,3,0
22070006689000,1,1,0,0
22070006732000,4,2,2,0
22070006734000,25,14,11,1315
22070006749000,17,9,8,598.4
22070006750000,32,16,16,1468.8
22070006751000,12,6,6,360
22070006752000,6,3,3,421.8
22070006756000,2,1,1,0
22070006757000,5,4,1,189
22070006760000,4,1,3,0
22070006761000,3,2,1,0
22070006762000,12,5,7,717.6
22070006763000,1,1,0,0
22070006765000,5,3,2,208
22070006772000,7,4,3,340.9
22070006775000,5,3,2,272
22070006776000,2,1,1,0
22070006777000,4,3,1,0
22070006778000,4,4,0,0
22070006779000,1,0,1,0
22070006784000,1,1,0,0
22070006835000,3,2,1,0
22070006836000,15,8,7,793.5
22070006837000,5,4,1,93
22070006838000,8,3,5,175.2
22070006852000,29,13,16,1670.4
22070006853000,24,15,9,1068
22070006854000,2,1,1,0
22070006863000,54,29,25,2197.8
22070006868000,12,3,9,546
22070006869000,10,7,3,522
22070006954000,2,1,1,0
22070006956000,10,6,4,424
22070006960000,10,4,6,354
22070007002000,4,2,2,0
22070007003000,24,10,14,684
22070007004000,240,102,138,12024
22070007005000,329,168,161,13390.3
22070007006000,43,25,18,1741.5
22070007007000,4,2,2,0
22070007008000,5,1,4,140
22070007032000,3,1,2,0
22070007033000,23,16,7,706.1
22070007034000,8,2,6,192.8
22070007039000,9,6,3,270
22070007040000,21,12,9,953.4
22070007041000,5,3,2,149
22070007053000,3,1,2,0
22070007054000,28,16,12,1092
22070007057000,86,48,38,3852.8
22070007058000,47,23,24,2039.8
22070007065000,33,18,15,1168.2
22070007072000,46,22,24,1904.4
22070007073000,167,86,81,6613.2
22080006548000,68,38,30,2454.8
22080006549000,40,19,21,1976
22080006550000,37,19,18,1568.8
22080006551000,11,6,5,533.5
22080006552000,14,6,8,698.6
22080006553000,60,32,28,2778
22080006557000,4,2,2,0
22080006559000,2,0,2,0
22080006562000,4,1,3,0
22080006563000,61,32,29,2238.7
22080006564000,33,17,16,1508.1
22080006565000,3,2,1,0
22080006566000,3,2,1,0
22080006567000,9,6,3,502.2
22080006568000,1,1,0,0
22080006569000,6,3,3,400.2
22080006570000,4,2,2,0
22080006571000,8,5,3,232.8
22080006572000,2,1,1,0
22080006583000,13,6,7,478.4
22080006584000,19,10,9,927.2
22080006585000,118,65,53,4354.2
22080006586000,77,37,40,3888.5
22080006587000,24,15,9,957.6
22080006596000,5,3,2,116
22080006607000,19,10,9,915.8
22080006608000,19,10,9,883.5
22080006609000,12,6,6,508.8
22080006610000,32,14,18,1244.8
22080006628000,20,12,8,930
22080006629000,4,1,3,0
22080006630000,12,5,7,439.2
22080006631000,7,3,4,245.7
22080006635000,84,48,36,2528.4
22080006648000,5,3,2,106
22080006649000,7,4,3,186.9
22080006650000,30,18,12,1182
22080006651000,4,2,2,0
22080006658000,26,10,16,1349.4
22080006659000,38,14,24,1216
22080006661000,6,3,3,391.2
22080006662000,11,5,6,360.8
22080006663000,2,2,0,0
22080006671000,12,5,7,621.6
22080006676000,65,32,33,2762.5
22080006678000,12,7,5,472.8
22080006679000,12,7,5,340.8
22080006680000,28,18,10,957.6
22080006681000,17,8,9,766.7
22080006685000,3,2,1,0
22080006686000,8,5,3,314.4
22080006732000,1,0,1,0
22080006733000,51,29,22,2193
22080006734000,6,4,2,265.8
22080006746000,4,3,1,0
22080006748000,6,4,2,258
22080006749000,37,19,18,1628
22080006750000,22,13,9,1115.4
22080006751000,19,10,9,739.1
22080006752000,3,1,2,0
22080006753000,4,3,1,0
22080006757000,2,1,1,0
22080006758000,3,1,2,0
22080006760000,23,12,11,1242
22080006761000,6,3,3,204
22080006762000,16,7,9,592
22080006765000,19,10,9,1170.4
22080006766000,25,13,12,945
22080006768000,9,6,3,441.9
22080006769000,4,2,2,0
22080006770000,5,2,3,367
22080006771000,23,11,12,943
22080006772000,4,1,3,0
22080006773000,5,3,2,52
22080006774000,15,9,6,679.5
22080006775000,4,3,1,0
22080006780000,7,3,4,233.8
22080006783000,4,2,2,0
22080006821000,2,1,1,0
22080006837000,24,12,12,1000.8
22080006838000,4,2,2,0
22080006851000,7,2,5,336.7
22080006852000,3,1,2,0
22080006861000,44,25,19,2054.8
22080006862000,16,9,7,646.4
22080006863000,5,3,2,284
22080006867000,7,2,5,245.7
22080006869000,4,2,2,0
22080006954000,2,1,1,0
22080006955000,2,1,1,0
22080006956000,2,2,0,0
22080006958000,2,1,1,0
22080007003000,19,12,7,836
22080007004000,64,26,38,3609.6
22080007005000,46,21,25,1876.8
22080007006000,17,5,12,617.1
22080007007000,9,6,3,351.9
22080007008000,3,2,1,0
22080007009000,13,7,6,626.6
22080007032000,11,6,5,525.8
22080007033000,4,3,1,0
22080007040000,3,2,1,0
22080007042000,1,0,1,0
22080007051000,4,2,2,0
22080007053000,8,4,4,311.2
22080007054000,24,13,11,933.6
22080007058000,100,53,47,4170
22080007059000,15,7,8,628.5
22080007060000,13,6,7,561.6
22080007061000,29,16,13,1241.2
22080007062000,15,8,7,588
22080007063000,9,5,4,552.6
22080007065000,3,2,1,0
22080007068000,7,5,2,319.9
22080007069000,4,2,2,0
22080007070000,2,1,1,0
22080007071000,10,5,5,445
22080007073000,45,23,22,1552.5
22080007074000,12,4,8,289.2
22090006547000,12,4,8,580.8
22090006548000,48,22,26,1819.2
22090006549000,10,7,3,368
22090006550000,30,15,15,1182
22090006551000,14,8,6,649.6
22090006552000,29,19,10,1078.8
22090006553000,30,17,13,1110
22090006554000,26,14,12,1149.2
22090006557000,4,1,3,0
22090006558000,8,5,3,408.8
22090006559000,5,4,1,157
22090006561000,21,9,12,598.5
22090006562000,24,13,11,823.2
22090006563000,17,9,8,790.5
22090006571000,6,4,2,235.2
22090006572000,1,0,1,0
22090006573000,10,4,6,255
22090006582000,18,11,7,653.4
22090006583000,37,17,20,1498.5
22090006584000,42,22,20,1953
22090006585000,29,12,17,1151.3
22090006586000,10,6,4,613
22090006587000,99,57,42,3474.9
22090006588000,27,17,10,1328.4
22090006589000,7,4,3,315.7
22090006596000,1,1,0,0
22090006597000,7,5,2,361.9
22090006598000,8,4,4,372.8
22090006599000,8,3,5,235.2
22090006600000,9,4,5,324.9
22090006607000,26,16,10,1235
22090006608000,21,11,10,1050
22090006609000,10,6,4,565
22090006627000,9,5,4,523.8
22090006628000,34,21,13,1424.6
22090006631000,8,4,4,394.4
22090006632000,27,16,11,1225.8
22090006633000,3,2,1,0
22090006635000,687,365,322,23976.3
22090006636000,522,253,269,14616
22090006638000,1,1,0,0
22090006639000,25,15,10,965
22090006640000,11,7,4,393.8
22090006647000,16,9,7,729.6
22090006648000,16,9,7,737.6
22090006649000,7,4,3,394.8
22090006650000,10,5,5,561
22090006656000,9,5,4,524.7
22090006657000,15,5,10,792
22090006658000,38,19,19,1489.6
22090006676000,97,46,51,3666.6
22090006677000,38,21,17,1432.6
22090006678000,37,18,19,1524.4
22090006679000,25,8,17,1082.5
22090006680000,1,1,0,0
22090006695000,6,3,3,400.2
22090006697000,5,4,1,223
22090006732000,22,11,11,1144
22090006733000,24,14,10,1070.4
22090006734000,2,2,0,0
22090006735000,2,1,1,0
22090006745000,3,2,1,0
22090006746000,5,2,3,361
22090006747000,21,14,7,982.8
22090006748000,12,8,4,682.8
22090006749000,1,1,0,0
22090006750000,2,1,1,0
22090006751000,7,3,4,392
22090006752000,21,11,10,982.8
22090006760000,13,7,6,728
22090006761000,18,10,8,745.2
22090006762000,225,111,114,10845
22090006763000,30,13,17,1131
22090006764000,37,20,17,1517
22090006765000,19,10,9,885.4
22090006766000,78,41,37,3291.6
22090006767000,23,13,10,1396.1
22090006768000,13,7,6,741
22090006769000,10,4,6,587
22090006770000,1,1,0,0
22090006771000,5,2,3,210
22090006772000,12,4,8,393.6
22090006773000,20,9,11,608
22090006774000,6,3,3,160.2
22090006781000,1,0,1,0
22090006820000,2,1,1,0
22090006821000,4,2,2,0
22090006838000,27,12,15,1015.2
22090006839000,19,9,10,934.8
22090006840000,5,3,2,172
22090006860000,4,2,2,0
22090006861000,480,248,232,20112
22090006862000,47,25,22,1992.8
22090006867000,5,3,2,206
22090006868000,2,1,1,0
22090006873000,1,1,0,0
22090006874000,12,7,5,640.8
22090006950000,8,4,4,372.8
22090006951000,12,8,4,525.6
22090006952000,64,28,36,2700.8
22090006953000,23,10,13,1032.7
22090007002000,1,0,1,0
22090007003000,46,23,23,1840
22090007008000,6,2,4,177
22090007009000,36,19,17,1465.2
22090007032000,9,5,4,432
22090007033000,13,7,6,418.6
22090007053000,13,8,5,582.4
22090007054000,26,18,8,1333.8
22090007058000,8,4,4,336.8
22090007059000,29,13,16,919.3
22090007060000,7,5,2,408.1
22090007062000,20,8,12,620
22090007063000,16,11,5,854.4
22090007064000,3,2,1,0
22090007068000,1,1,0,0
22090007069000,5,3,2,320
22090007070000,26,14,12,1385.8
22090007071000,31,15,16,1506.6
22090007072000,4,1,3,0
22100006548000,51,26,25,2060.4
22100006549000,10,5,5,437
22100006550000,44,27,17,2032.8
22100006551000,6,4,2,282
22100006552000,5,3,2,307
22100006553000,50,29,21,1625
22100006554000,45,27,18,1615.5
22100006557000,1,0,1,0
22100006558000,6,3,3,358.2
22100006567000,7,4,3,305.2
22100006579000,19,12,7,820.8
22100006580000,18,11,7,714.6
22100006582000,13,6,7,432.9
22100006583000,35,14,21,1498
22100006584000,20,10,10,634
22100006586000,3,2,1,0
22100006587000,3,3,0,0
22100006588000,22,14,8,840.4
22100006589000,14,8,6,707
22100006590000,16,10,6,673.6
22100006596000,1,1,0,0
22100006597000,66,35,31,2666.4
22100006598000,24,11,13,960
22100006599000,2,1,1,0
22100006600000,3,1,2,0
22100006606000,2,2,0,0
22100006607000,16,8,8,540.8
22100006608000,10,6,4,463
22100006627000,21,11,10,800.1
22100006628000,1,0,1,0
22100006629000,34,20,14,1465.4
22100006630000,235,111,124,10011
22100006631000,104,55,49,4212
22100006632000,386,201,185,14475
22100006633000,112,62,50,4737.6
22100006634000,5,3,2,269
22100006635000,54,28,26,2154.6
22100006636000,149,71,78,4499.8
22100006637000,26,13,13,1175.2
22100006638000,27,13,14,999
22100006639000,18,12,6,970.2
22100006640000,29,14,15,1249.9
22100006641000,24,14,10,792
22100006646000,14,8,6,533.4
22100006647000,40,18,22,1376
22100006648000,30,13,17,1203
22100006649000,3,1,2,0
22100006654000,2,1,1,0
22100006655000,31,19,12,1596.5
22100006656000,31,15,16,1615.1
22100006657000,45,24,21,1984.5
22100006658000,25,13,12,1297.5
22100006659000,7,3,4,280.7
22100006675000,14,7,7,723.8
22100006676000,292,145,147,12351.6
22100006677000,153,85,68,6380.1
22100006678000,28,18,10,1212.4
22100006685000,1,0,1,0
22100006686000,4,2,2,0
22100006694000,7,4,3,289.1
22100006695000,7,2,5,312.9
22100006697000,2,1,1,0
22100006725000,1,1,0,0
22100006726000,24,14,10,1099.2
22100006727000,7,5,2,293.3
22100006728000,1,1,0,0
22100006731000,6,2,4,153
22100006732000,44,23,21,2059.2
22100006743000,15,7,8,472.5
22100006744000,2,1,1,0
22100006747000,14,7,7,603.4
22100006750000,1,1,0,0
22100006751000,4,3,1,0
22100006752000,9,4,5,363.6
22100006759000,17,6,11,719.1
22100006760000,1,1,0,0
22100006761000,5,3,2,373
22100006762000,19,11,8,628.9
22100006764000,4,2,2,0
22100006774000,7,5,2,424.2
22100006776000,1,0,1,0
22100006819000,2,0,2,0
22100006839000,7,4,3,252.7
22100006849000,2,1,1,0
22100006850000,17,10,7,912.9
22100006851000,17,10,7,569.5
22100006852000,6,3,3,358.2
22100006860000,22,11,11,921.8
22100006861000,162,70,92,6868.8
22100006862000,3,1,2,0
22100006866000,10,4,6,430
22100006867000,10,6,4,386
22100006874000,11,7,4,576.4
22100006906000,3,2,1,0
22100006949000,2,1,1,0
22100006950000,10,5,5,408
22100006951000,9,5,4,584.1
22100006952000,4,2,2,0
22100007002000,6,3,3,274.2
22100007003000,6,4,2,232.2
22100007006000,16,8,8,833.6
22100007008000,21,12,9,735
22100007009000,34,16,18,1220.6
22100007023000,1,1,0,0
22100007035000,12,6,6,338.4
22100007053000,15,7,8,783
22100007054000,71,43,28,2896.8
22100007059000,5,3,2,370
22100007060000,14,7,7,595
22100007061000,5,3,2,178
22100007069000,24,13,11,1080
22100007070000,9,6,3,326.7
22100007071000,6,3,3,244.8
22100007107000,18,10,8,520.2
22100007108000,14,9,5,632.8
22110006549000,52,28,24,2095.6
22110006550000,81,43,38,3782.7
22110006551000,87,42,45,3306
22110006552000,73,37,36,2817.8
22110006553000,46,24,22,2139
22110006554000,75,39,36,3337.5
22110006555000,11,6,5,580.8
22110006556000,7,4,3,170.8
22110006557000,27,15,12,907.2
22110006558000,6,4,2,199.2
22110006567000,5,3,2,200
22110006568000,8,3,5,303.2
22110006569000,6,2,4,148.8
22110006572000,32,19,13,1196.8
22110006573000,10,7,3,398
22110006577000,31,16,15,1264.8
22110006578000,25,10,15,992.5
22110006579000,13,9,4,556.4
22110006580000,10,5,5,469
22110006581000,30,15,15,1434
22110006582000,125,67,58,5050
22110006583000,92,53,39,3275.2
22110006584000,5,3,2,148
22110006589000,29,16,13,1061.4
22110006590000,20,11,9,726
22110006591000,31,14,17,1348.5
22110006592000,16,10,6,635.2
22110006596000,10,5,5,476
22110006597000,30,18,12,885
22110006606000,19,8,11,889.2
22110006607000,14,9,5,729.4
22110006608000,2,2,0,0
22110006625000,2,1,1,0
22110006626000,12,7,5,555.6
22110006628000,4,1,3,0
22110006629000,12,7,5,453.6
22110006630000,12,8,4,508.8
22110006631000,340,169,171,14110
22110006632000,649,326,323,27647.4
22110006633000,697,358,339,29064.9
22110006634000,14,7,7,474.6
22110006635000,26,17,9,1229.8
22110006636000,25,14,11,1025
22110006637000,79,45,34,3199.5
22110006638000,15,9,6,688.5
22110006639000,32,17,15,1340.8
22110006640000,35,22,13,1263.5
22110006641000,9,5,4,342.9
22110006642000,5,3,2,182
22110006643000,3,1,2,0
22110006644000,17,9,8,576.3
22110006645000,33,16,17,1326.6
22110006646000,35,16,19,1582
22110006647000,39,19,20,1716
22110006648000,16,9,7,609.6
22110006653000,28,15,13,1257.2
22110006654000,29,14,15,1249.9
22110006655000,23,13,10,1276.5
22110006656000,28,15,13,1047.2
22110006657000,24,12,12,830.4
22110006658000,19,12,7,845.5
22110006673000,1,1,0,0
22110006675000,1,1,0,0
22110006676000,10,10,0,382
22110006690000,4,2,2,0
22110006692000,2,1,1,0
22110006725000,9,5,4,540.9
22110006726000,26,11,15,959.4
22110006727000,14,7,7,576.8
22110006730000,2,1,1,0
22110006731000,30,15,15,1323
22110006732000,27,16,11,1171.8
22110006740000,1,0,1,0
22110006741000,19,10,9,1073.5
22110006742000,11,7,4,434.5
22110006743000,7,4,3,205.8
22110006744000,13,5,8,323.7
22110006745000,3,2,1,0
22110006746000,6,2,4,214.8
22110006747000,4,2,2,0
22110006751000,14,9,5,569.8
22110006752000,7,4,3,314.3
22110006760000,2,1,1,0
22110006761000,4,3,1,0
22110006762000,3,1,2,0
22110006764000,13,9,4,556.4
22110006772000,1,1,0,0
22110006775000,5,3,2,206
22110006838000,5,3,2,98
22110006839000,10,6,4,431
22110006849000,5,3,2,293
22110006850000,124,63,61,4935.2
22110006851000,7,5,2,368.2
22110006852000,15,6,9,841.5
22110006853000,15,7,8,837
22110006854000,1,1,0,0
22110006855000,49,24,25,2038.4
22110006856000,18,13,5,736.2
22110006857000,8,4,4,339.2
22110006858000,2,1,1,0
22110006859000,46,28,18,1738.8
22110006860000,677,320,357,30532.7
22110006861000,214,108,106,9565.8
22110006862000,5,3,2,89
22110006865000,5,3,2,333
22110006866000,16,9,7,593.6
22110006867000,6,4,2,160.8
22110006949000,7,4,3,268.8
22110006951000,3,2,1,0
22110007001000,16,6,10,796.8
22110007002000,3,1,2,0
22110007006000,20,10,10,686
22110007007000,2,1,1,0
22110007008000,1,0,1,0
22110007009000,35,20,15,1389.5
22110007034000,3,1,2,0
22110007035000,9,4,5,361.8
22110007049000,1,1,0,0
22110007054000,8,4,4,312.8
22110007060000,123,67,56,4169.7
22110007061000,106,58,48,3900.8
22110007062000,56,28,28,2503.2
22110007069000,3,3,0,0
22110007070000,12,9,3,523.2
22120006548000,10,5,5,436
22120006549000,115,54,61,4680.5
22120006550000,6,4,2,301.8
22120006551000,26,14,12,923
22120006552000,1,1,0,0
22120006553000,5,4,1,115
22120006554000,608,294,314,20368
22120006555000,295,159,136,9410.5
22120006556000,593,303,290,21941
22120006557000,9,6,3,441.9
22120006558000,24,14,10,1104
22120006566000,33,17,16,1125.3
22120006569000,20,10,10,788
22120006571000,57,32,25,2342.7
22120006572000,264,110,154,13252.8
22120006573000,41,22,19,1746.6
22120006574000,13,7,6,334.1
22120006575000,19,12,7,784.7
22120006576000,11,6,5,387.2
22120006578000,10,8,2,489
22120006579000,9,3,6,272.7
22120006580000,12,6,6,735.6
22120006582000,32,17,15,905.6
22120006583000,6,4,2,259.8
22120006584000,19,11,8,663.1
22120006585000,3,2,1,0
22120006589000,13,5,8,309.4
22120006590000,54,29,25,2008.8
22120006591000,3,2,1,0
22120006592000,10,5,5,526
22120006593000,22,13,9,954.8
22120006594000,16,8,8,644.8
22120006595000,52,27,25,2132
22120006596000,75,42,33,2850
22120006597000,51,28,23,1841.1
22120006605000,4,2,2,0
22120006606000,6,3,3,175.2
22120006607000,22,11,11,904.2
22120006608000,5,2,3,164
22120006627000,8,4,4,288.8
22120006631000,8,4,4,267.2
22120006632000,781,390,391,29756.1
22120006633000,50,28,22,1895
22120006634000,56,32,24,2413.6
22120006635000,23,12,11,1055.7
22120006636000,729,373,356,27920.7
22120006637000,1044,525,519,40507.2
22120006638000,218,117,101,7891.6
22120006639000,37,20,17,1676.1
22120006640000,14,7,7,593.6
22120006641000,39,18,21,2059.2
22120006642000,14,5,9,575.4
22120006643000,45,22,23,1818
22120006644000,133,71,62,5027.4
22120006645000,106,51,55,4314.2
22120006646000,37,19,18,1487.4
22120006647000,7,3,4,385
22120006648000,6,4,2,274.8
22120006649000,8,2,6,343.2
22120006652000,1,1,0,0
22120006653000,43,22,21,1711.4
22120006654000,9,3,6,423
22120006655000,9,3,6,370.8
22120006663000,2,1,1,0
22120006664000,9,6,3,441
22120006665000,8,5,3,348.8
22120006666000,2,1,1,0
22120006667000,27,14,13,820.8
22120006668000,10,4,6,454
22120006670000,7,6,1,167.3
22120006671000,7,5,2,226.8
22120006672000,39,17,22,1657.5
22120006673000,13,13,0,591.5
22120006689000,3,2,1,0
22120006691000,1,1,0,0
22120006692000,4,2,2,0
22120006693000,2,2,0,0
22120006724000,31,16,15,1109.8
22120006725000,11,3,8,423.5
22120006726000,6,2,4,313.8
22120006727000,24,9,15,1056
22120006728000,36,22,14,1508.4
22120006729000,30,17,13,1233
22120006730000,91,35,56,5005
22120006731000,25,16,9,1100
22120006736000,14,8,6,701.4
22120006737000,2,2,0,0
22120006738000,8,3,5,323.2
22120006740000,12,6,6,613.2
22120006741000,6,3,3,285
22120006744000,2,1,1,0
22120006751000,24,12,12,1176
22120006752000,7,4,3,464.8
22120006759000,11,5,6,501.6
22120006760000,13,6,7,390
22120006761000,5,2,3,279
22120006764000,4,4,0,0
22120006774000,1,1,0,0
22120006775000,5,3,2,185
22120006777000,16,7,9,712
22120006817000,2,1,1,0
22120006837000,1,1,0,0
22120006838000,8,5,3,502.4
22120006839000,6,1,5,237
22120006849000,36,15,21,1501.2
22120006850000,5,2,3,287
22120006852000,2,1,1,0
22120006853000,43,26,17,1677
22120006854000,14,9,5,511
22120006855000,204,105,99,7956
22120006856000,56,22,34,2643.2
22120006857000,18,11,7,1067.4
22120006858000,17,7,10,873.8
22120006859000,99,49,50,4306.5
22120006860000,430,193,237,20210
22120006861000,187,100,87,7293
22120006862000,121,67,54,4888.4
22120006863000,82,42,40,2878.2
22120006864000,12,7,5,675.6
22120006865000,12,3,9,409.2
22120006866000,6,4,2,244.8
22120006950000,18,9,9,725.4
22120006951000,12,6,6,588
22120006952000,6,3,3,283.2
22120007000000,3,2,1,0
22120007001000,19,9,10,853.1
22120007007000,11,6,5,536.8
22120007009000,17,10,7,725.9
22120007010000,1,1,0,0
22120007034000,7,4,3,107.1
22120007036000,7,5,2,189.7
22120007037000,6,3,3,289.2
22120007039000,2,1,1,0
22120007040000,6,3,3,288
22120007041000,6,3,3,360
22120007042000,2,1,1,0
22120007043000,2,1,1,0
22120007045000,7,4,3,364
22120007046000,2,1,1,0
22120007047000,1,0,1,0
22120007049000,3,1,2,0
22120007061000,32,23,9,1248
22120007062000,7,3,4,266.7
22120007108000,1,1,0,0
22130006548000,15,8,7,657
22130006549000,44,23,21,1782
22130006550000,270,130,140,11394
22130006551000,22,13,9,690.8
22130006552000,836,418,418,28424
22130006553000,53,24,29,1950.4
22130006554000,140,71,69,4200
22130006555000,44,26,18,1227.6
22130006556000,1386,692,694,53915.4
22130006557000,9,5,4,446.4
22130006558000,39,21,18,1505.4
22130006567000,3,1,2,0
22130006569000,21,9,12,869.4
22130006570000,50,28,22,2205
22130006571000,102,57,45,4406.4
22130006572000,668,343,325,24181.6
22130006573000,33,18,15,1224.3
22130006574000,9,5,4,496.8
22130006575000,44,21,23,1531.2
22130006576000,3,1,2,0
22130006577000,4,2,2,0
22130006579000,12,6,6,381.6
22130006590000,2,1,1,0
22130006591000,9,5,4,522.9
22130006592000,20,12,8,946
22130006593000,10,5,5,276
22130006594000,32,14,18,1267.2
22130006595000,280,127,153,14448
22130006596000,61,28,33,2830.4
22130006597000,34,19,15,1394
22130006598000,1,1,0,0
22130006605000,13,5,8,624
22130006606000,16,9,7,788.8
22130006607000,4,2,2,0
22130006624000,2,1,1,0
22130006627000,8,4,4,232.8
22130006631000,10,5,5,518
22130006632000,278,152,126,9591
22130006633000,136,69,67,5372
22130006634000,40,19,21,1532
22130006635000,492,239,253,20614.8
22130006636000,579,275,304,25823.4
22130006637000,615,306,309,24723
22130006638000,103,46,57,3728.6
22130006639000,50,27,23,1985
22130006640000,81,43,38,2778.3
22130006641000,77,42,35,3172.4
22130006642000,3,1,2,0
22130006643000,5,2,3,301
22130006644000,113,61,52,4361.8
22130006645000,431,229,202,17240
22130006646000,54,27,27,2192.4
22130006647000,7,4,3,280
22130006648000,14,8,6,705.6
22130006649000,42,23,19,1713.6
22130006650000,46,27,19,1734.2
22130006651000,13,8,5,457.6
22130006652000,164,88,76,5936.8
22130006653000,30,16,14,1353
22130006662000,11,6,5,632.5
22130006663000,13,5,8,469.3
22130006664000,10,5,5,491
22130006665000,29,17,12,1302.1
22130006666000,8,4,4,410.4
22130006668000,3,1,2,0
22130006669000,6,3,3,282
22130006670000,8,5,3,302.4
22130006671000,6,1,5,202.2
22130006672000,11,4,7,289.3
22130006673000,6,4,2,369
22130006686000,6,2,4,214.8
22130006687000,5,3,2,205
22130006723000,10,5,5,571
22130006724000,5,4,1,161
22130006728000,1,1,0,0
22130006735000,30,16,14,1128
22130006736000,7,4,3,268.8
22130006737000,5,2,3,247
22130006738000,6,3,3,237
22130006739000,3,2,1,0
22130006740000,6,3,3,268.2
22130006751000,5,3,2,190
22130006756000,6,3,3,232.2
22130006758000,5,2,3,287
22130006759000,8,4,4,412
22130006766000,1,1,0,0
22130006771000,1,1,0,0
22130006777000,7,5,2,258.3
22130006778000,5,3,2,238
22130006816000,6,3,3,415.2
22130006837000,8,4,4,468
22130006838000,22,11,11,963.6
22130006847000,7,2,5,352.8
22130006848000,14,9,5,516.6
22130006849000,5,2,3,402
22130006857000,8,5,3,396
22130006858000,6,3,3,370.8
22130006861000,14,6,8,509.6
22130006862000,15,8,7,409.5
22130006863000,83,44,39,3502.6
22130006864000,58,31,27,2012.6
22130006865000,8,6,2,382.4
22130006949000,2,1,1,0
22130006950000,15,9,6,709.5
22130006952000,13,6,7,507
22130007000000,7,4,3,392
22130007006000,5,2,3,101
22130007009000,23,14,9,1078.7
22130007010000,5,3,2,345
22130007013000,4,3,1,0
22130007036000,7,5,2,301.7
22130007037000,74,40,34,3352.2
22130007055000,16,8,8,772.8
22140006548000,13,8,5,603.2
22140006549000,335,145,190,16046.5
22140006550000,1846,924,922,89715.6
22140006551000,1306,655,651,55113.2
22140006552000,203,105,98,7896.7
22140006553000,330,173,157,14091
22140006554000,291,149,142,12745.8
22140006555000,170,90,80,7922
22140006556000,1984,983,1001,87494.4
22140006560000,4,1,3,0
22140006561000,1,0,1,0
22140006568000,8,4,4,396.8
22140006569000,2,1,1,0
22140006570000,5,2,3,305
22140006571000,64,34,30,2649.6
22140006572000,48,26,22,1987.2
22140006573000,44,20,24,1931.6
22140006574000,13,8,5,481
22140006575000,18,10,8,802.8
22140006592000,15,7,8,700.5
22140006593000,54,32,22,2295
22140006594000,44,26,18,1504.8
22140006595000,353,163,190,15532
22140006596000,26,14,12,1011.4
22140006597000,17,9,8,652.8
22140006598000,10,5,5,378
22140006599000,11,4,7,292.6
22140006605000,23,12,11,1334
22140006606000,34,20,14,1298.8
22140006621000,10,6,4,420
22140006622000,17,9,8,632.4
22140006626000,4,2,2,0
22140006632000,34,16,18,1200.2
22140006633000,25,11,14,927.5
22140006634000,12,5,7,501.6
22140006635000,190,97,93,8284
22140006636000,1582,790,792,74670.4
22140006637000,1216,582,634,49612.8
22140006638000,636,311,325,25885.2
22140006639000,279,141,138,11941.2
22140006640000,44,23,21,2094.4
22140006641000,65,36,29,2678
22140006642000,38,16,22,1653
22140006643000,10,6,4,514
22140006644000,121,64,57,4973.1
22140006645000,112,64,48,4211.2
22140006646000,28,14,14,1212.4
22140006647000,12,6,6,429.6
22140006648000,9,5,4,262.8
22140006649000,38,24,14,1371.8
22140006650000,234,119,115,9874.8
22140006651000,77,45,32,3072.3
22140006652000,59,32,27,2401.3
22140006653000,9,4,5,315.9
22140006654000,4,2,2,0
22140006655000,7,5,2,378.7
22140006659000,4,3,1,0
22140006660000,15,7,8,754.5
22140006661000,27,15,12,1120.5
22140006662000,7,4,3,352.1
22140006663000,12,7,5,318
22140006664000,69,37,32,3187.8
22140006665000,57,30,27,2148.9
22140006666000,22,10,12,952.6
22140006667000,29,16,13,1162.9
22140006668000,5,2,3,318
22140006669000,3,2,1,0
22140006670000,2,1,1,0
22140006671000,2,1,1,0
22140006687000,30,19,11,1827
22140006688000,17,10,7,674.9
22140006702000,10,6,4,445
22140006703000,7,3,4,436.8
22140006704000,18,10,8,775.8
22140006705000,5,3,2,231
22140006723000,38,17,21,1242.6
22140006734000,14,10,4,424.2
22140006735000,18,8,10,1004.4
22140006753000,6,4,2,321
22140006755000,44,21,23,1535.6
22140006756000,8,5,3,440
22140006757000,9,6,3,396
22140006758000,6,4,2,150
22140006760000,1,1,0,0
22140006767000,2,1,1,0
22140006769000,3,1,2,0
22140006772000,2,1,1,0
22140006778000,4,2,2,0
22140006786000,2,1,1,0
22140006815000,3,1,2,0
22140006837000,1,1,0,0
22140006838000,20,8,12,786
22140006847000,37,19,18,1594.7
22140006848000,22,11,11,1100
22140006849000,1,1,0,0
22140006864000,2,1,1,0
22140006952000,8,4,4,424.8
22140006953000,16,8,8,646.4
22140006954000,4,2,2,0
22140007000000,14,10,4,602
22140007001000,12,7,5,510
22140007009000,37,19,18,1509.6
22140007010000,2,1,1,0
22140007011000,6,3,3,325.2
22140007012000,29,16,13,1261.5
22140007013000,10,5,5,251
22140007037000,21,12,9,1190.7
22140007038000,10,5,5,263
22140007046000,1,1,0,0
22140007047000,6,4,2,222
22140007050000,16,8,8,710.4
22140007053000,4,2,2,0
22140007054000,2,1,1,0
22150006550000,471,215,256,27318
22150006551000,170,84,86,11033
22150006552000,3,1,2,0
22150006555000,1211,597,614,59339
22150006556000,3058,1446,1612,144031.8
22150006557000,2091,1004,1087,95349.6
22150006558000,483,241,242,17677.8
22150006559000,9,3,6,272.7
22150006560000,3,2,1,0
22150006561000,41,19,22,1402.2
22150006562000,3,2,1,0
22150006567000,24,13,11,943.2
22150006568000,9,3,6,423
22150006569000,33,18,15,1514.7
22150006570000,22,15,7,990
22150006571000,34,19,15,1564
22150006572000,5,3,2,109
22150006593000,3,2,1,0
22150006594000,27,13,14,1298.7
22150006595000,18,10,8,703.8
22150006596000,19,14,5,590.9
22150006597000,22,12,10,1058.2
22150006598000,2,1,1,0
22150006599000,12,8,4,429.6
22150006600000,8,3,5,323.2
22150006604000,16,6,10,737.6
22150006605000,41,21,20,1689.2
22150006606000,30,15,15,1338
22150006620000,36,22,14,1404
22150006621000,2,1,1,0
22150006624000,7,4,3,224
22150006632000,53,26,27,2204.8
22150006633000,15,7,8,673.5
22150006634000,45,24,21,2196
22150006635000,559,280,279,22919
22150006636000,422,230,192,15529.6
22150006637000,201,99,102,7416.9
22150006638000,325,160,165,10497.5
22150006643000,5,4,1,220
22150006644000,67,39,28,2586.2
22150006645000,27,14,13,1082.7
22150006646000,71,39,32,2925.2
22150006647000,60,32,28,2496
22150006648000,78,44,34,3315
22150006649000,105,56,49,4053
22150006650000,388,204,184,15636.4
22150006651000,421,209,212,16208.5
22150006652000,77,49,28,2902.9
22150006653000,11,6,5,465.3
22150006654000,24,11,13,979.2
22150006655000,43,22,21,1543.7
22150006656000,6,2,4,294
22150006658000,8,2,6,220.8
22150006659000,28,17,11,1170.4
22150006660000,29,15,14,1131
22150006661000,39,22,17,1708.2
22150006662000,42,26,16,1814.4
22150006663000,53,26,27,2167.7
22150006664000,1,1,0,0
22150006688000,4,1,3,0
22150006689000,27,17,10,1034.1
22150006691000,2,2,0,0
22150006696000,1,1,0,0
22150006699000,4,3,1,0
22150006700000,39,19,20,1275.3
22150006701000,2,1,1,0
22150006702000,1,0,1,0
22150006703000,8,4,4,484
22150006723000,21,9,12,1209.6
22150006724000,2,1,1,0
22150006734000,11,5,6,458.7
22150006735000,8,5,3,234.4
22150006753000,11,7,4,591.8
22150006754000,11,5,6,630.3
22150006755000,45,23,22,2065.5
22150006756000,5,2,3,155
22150006758000,1,1,0,0
22150006838000,24,12,12,904.8
22150006839000,2,1,1,0
22150006847000,6,4,2,376.8
22150006848000,16,9,7,540.8
22150006862000,6,2,4,211.2
22150006873000,3,2,1,0
22150006911000,2,1,1,0
22150006954000,27,14,13,928.8
22150006955000,2,1,1,0
22150006999000,6,4,2,255
22150007000000,1,1,0,0
22150007009000,14,8,6,537.6
22150007012000,5,2,3,211
22150007013000,22,11,11,765.6
22150007021000,5,3,2,358
22150007037000,2,1,1,0
22150007038000,33,17,16,1184.7
22150007048000,18,10,8,885.6
22150007053000,2,2,0,0
22150007054000,1,1,0,0
22150007055000,8,5,3,180.8
22150007056000,1,1,0,0
22150007109000,1,0,1,0
22160006553000,2,1,1,0
22160006554000,690,350,340,26565
22160006555000,735,400,335,29620.5
22160006556000,2085,1032,1053,83191.5
22160006557000,2445,1144,1301,110758.5
22160006558000,937,481,456,39635.1
22160006559000,807,397,410,29294.1
22160006561000,5,3,2,287
22160006563000,9,5,4,271.8
22160006564000,6,4,2,163.8
22160006565000,17,10,7,661.3
22160006566000,21,9,12,798
22160006567000,24,12,12,1063.2
22160006568000,77,41,36,3164.7
22160006569000,22,10,12,937.2
22160006570000,5,3,2,122
22160006579000,2,1,1,0
22160006581000,5,4,1,140
22160006582000,2,1,1,0
22160006584000,5,2,3,138
22160006595000,11,6,5,515.9
22160006596000,7,3,4,301
22160006597000,4,2,2,0
22160006598000,27,14,13,882.9
22160006599000,31,19,12,1311.3
22160006600000,8,4,4,346.4
22160006601000,12,7,5,507.6
22160006602000,2,1,1,0
22160006603000,2,1,1,0
22160006604000,105,50,55,4389
22160006605000,124,65,59,5158.4
22160006606000,10,4,6,177
22160006632000,28,15,13,1310.4
22160006633000,69,40,29,3015.3
22160006634000,42,26,16,2247
22160006635000,755,399,356,29294
22160006636000,101,55,46,4130.9
22160006637000,19,9,10,666.9
22160006649000,380,191,189,16492
22160006650000,909,423,486,42904.8
22160006651000,187,84,103,7966.2
22160006653000,24,11,13,1099.2
22160006654000,64,36,28,2457.6
22160006655000,37,21,16,1650.2
22160006656000,7,4,3,434.7
22160006657000,12,8,4,429.6
22160006660000,214,102,112,7789.6
22160006661000,87,41,46,3610.5
22160006662000,5,3,2,191
22160006688000,22,12,10,882.2
22160006689000,15,6,9,618
22160006690000,4,3,1,0
22160006691000,2,1,1,0
22160006697000,8,4,4,314.4
22160006699000,18,10,8,759.6
22160006700000,17,9,8,989.4
22160006701000,3,2,1,0
22160006723000,3,3,0,0
22160006735000,13,6,7,669.5
22160006754000,5,3,2,307
22160006755000,24,12,12,912
22160006770000,4,2,2,0
22160006814000,1,1,0,0
22160006833000,1,1,0,0
22160006834000,2,2,0,0
22160006838000,43,23,20,1982.3
22160006839000,7,4,3,305.9
22160006843000,7,3,4,270.9
22160006844000,2,1,1,0
22160006847000,12,8,4,597.6
22160006848000,7,3,4,310.1
22160006910000,5,1,4,188
22160006951000,5,3,2,279
22160006954000,31,19,12,1277.2
22160006955000,29,13,16,980.2
22160007009000,19,12,7,938.6
22160007011000,8,4,4,524.8
22160007022000,5,3,2,235
22160007023000,6,2,4,265.2
22160007040000,1,0,1,0
22160007047000,12,8,4,436.8
22160007048000,5,3,2,280
22160007055000,27,18,9,985.5
22160007056000,1,1,0,0
22170006552000,96,52,44,4502.4
22170006553000,1403,689,714,56821.5
22170006554000,1039,501,538,46651.1
22170006555000,656,307,349,27683.2
22170006556000,8,2,6,392.8
22170006557000,182,82,100,9191
22170006558000,15,10,5,625.5
22170006559000,242,141,101,8324.8
22170006560000,147,80,67,5292
22170006561000,14,7,7,793.8
22170006562000,40,23,17,1184
22170006563000,17,11,6,754.8
22170006564000,22,13,9,1023
22170006565000,15,9,6,546
22170006566000,38,23,15,1425
22170006567000,31,19,12,1230.7
22170006568000,5,3,2,255
22170006573000,3,1,2,0
22170006574000,16,8,8,795.2
22170006575000,4,1,3,0
22170006576000,4,2,2,0
22170006578000,2,1,1,0
22170006597000,8,4,4,451.2
22170006598000,35,16,19,1631
22170006599000,4,1,3,0
22170006600000,6,3,3,283.2
22170006601000,4,2,2,0
22170006602000,100,51,49,4340
22170006603000,168,87,81,7627.2
22170006604000,501,237,264,24448.8
22170006605000,257,138,119,10177.2
22170006606000,5,3,2,241
22170006620000,5,2,3,220
22170006621000,5,2,3,134
22170006622000,4,2,2,0
22170006630000,2,1,1,0
22170006632000,31,17,14,1391.9
22170006633000,8,4,4,278.4
22170006634000,99,51,48,3890.7
22170006635000,857,436,421,31194.8
22170006636000,111,61,50,5161.5
22170006649000,8,4,4,431.2
22170006650000,229,106,123,8289.8
22170006651000,625,333,292,23250
22170006652000,485,239,246,21582.5
22170006653000,11,5,6,503.8
22170006654000,174,84,90,6246.6
22170006655000,62,30,32,2814.8
22170006657000,3,2,1,0
22170006658000,14,6,8,401.8
22170006659000,14,7,7,581
22170006660000,18,8,10,916.2
22170006661000,22,11,11,759
22170006662000,13,5,8,452.4
22170006688000,9,6,3,621.9
22170006689000,6,1,5,157.2
22170006690000,7,4,3,182
22170006700000,1,1,0,0
22170006723000,8,2,6,443.2
22170006724000,3,2,1,0
22170006735000,20,9,11,844
22170006754000,2,1,1,0
22170006764000,1,1,0,0
22170006773000,3,2,1,0
22170006813000,2,1,1,0
22170006838000,12,6,6,636
22170006848000,47,28,19,1668.5
22170006849000,11,6,5,352
22170006850000,1,1,0,0
22170006910000,3,2,1,0
22170006911000,1,0,1,0
22170006951000,1,1,0,0
22170006952000,2,1,1,0
22170006954000,64,35,29,3283.2
22170006955000,17,8,9,928.2
22170006956000,3,1,2,0
22170006999000,5,3,2,224
22170007009000,21,14,7,844.2
22170007011000,6,3,3,261
22170007012000,9,4,5,493.2
22170007014000,13,7,6,690.3
22170007023000,1,1,0,0
22170007055000,5,2,3,122
22170007056000,6,3,3,328.8
22180006552000,3,2,1,0
22180006553000,235,114,121,8859.5
22180006554000,164,82,82,6871.6
22180006555000,1010,506,504,37168
22180006556000,362,181,181,14950.6
22180006557000,11,8,3,462
22180006558000,17,8,9,666.4
22180006559000,20,11,9,790
22180006560000,316,165,151,11660.4
22180006561000,47,26,21,2006.9
22180006562000,5,3,2,255
22180006563000,4,2,2,0
22180006564000,31,15,16,1162.5
22180006565000,36,19,17,1515.6
22180006566000,6,3,3,192
22180006568000,6,3,3,328.8
22180006569000,27,13,14,1088.1
22180006570000,21,13,8,663.6
22180006571000,5,3,2,317
22180006572000,16,9,7,684.8
22180006573000,25,15,10,927.5
22180006574000,22,13,9,816.2
22180006575000,49,31,18,1685.6
22180006576000,27,13,14,1144.8
22180006577000,2,2,0,0
22180006583000,2,2,0,0
22180006584000,6,2,4,273
22180006585000,5,3,2,268
22180006586000,11,5,6,346.5
22180006587000,23,10,13,1000.5
22180006599000,7,3,4,282.1
22180006600000,22,10,12,710.6
22180006601000,26,12,14,1206.4
22180006602000,11,4,7,525.8
22180006603000,31,14,17,1181.1
22180006604000,47,23,24,2082.1
22180006605000,11,5,6,466.4
22180006616000,13,7,6,347.1
22180006617000,10,5,5,416
22180006618000,1,1,0,0
22180006619000,7,3,4,310.1
22180006620000,30,17,13,1323
22180006621000,1,1,0,0
22180006632000,131,69,62,4702.9
22180006633000,828,417,411,31050
22180006634000,210,113,97,8778
22180006635000,596,283,313,22826.8
22180006636000,172,92,80,7034.8
22180006652000,331,169,162,13902
22180006653000,569,281,288,21565.1
22180006654000,343,188,155,13377
22180006655000,75,33,42,3165
22180006656000,7,5,2,340.9
22180006657000,17,7,10,725.9
22180006658000,121,59,62,4610.1
22180006659000,23,12,11,1087.9
22180006660000,29,12,17,1441.3
22180006667000,6,2,4,235.8
22180006687000,9,7,2,368.1
22180006688000,87,46,41,3227.7
22180006689000,42,20,22,1738.8
22180006724000,5,2,3,193
22180006734000,45,26,19,2034
22180006735000,17,9,8,960.5
22180006754000,1,1,0,0
22180006755000,3,1,2,0
22180006813000,8,4,4,356
22180006814000,3,3,0,0
22180006836000,7,5,2,275.8
22180006837000,80,41,39,3408
22180006838000,32,16,16,1481.6
22180006839000,9,5,4,396
22180006847000,19,9,10,699.2
22180006848000,579,287,292,25765.5
22180006849000,31,19,12,1571.7
22180006850000,16,8,8,753.6
22180006851000,6,3,3,268.8
22180006910000,11,4,7,393.8
22180006938000,4,2,2,0
22180006951000,7,5,2,282.1
22180006952000,3,2,1,0
22180006953000,4,2,2,0
22180006954000,47,24,23,1931.7
22180006955000,5,4,1,177
22180006999000,16,9,7,748.8
22180007008000,15,8,7,534
22180007009000,8,5,3,327.2
22180007012000,11,6,5,519.2
22180007014000,13,5,8,483.6
22180007015000,7,5,2,263.9
22180007023000,7,3,4,345.1
22180007038000,6,3,3,445.8
22180007049000,2,2,0,0
22180007056000,4,3,1,0
22180007061000,3,1,2,0
22180007062000,11,7,4,599.5
22190006553000,7,4,3,384.3
22190006554000,54,29,25,2748.6
22190006555000,136,69,67,5004.8
22190006556000,102,62,40,3386.4
22190006557000,17,10,7,817.7
22190006558000,11,7,4,431.2
22190006559000,27,17,10,810
22190006560000,584,292,292,21783.2
22190006561000,50,26,24,1970
22190006564000,18,9,9,606.6
22190006565000,15,8,7,502.5
22190006567000,8,3,5,232
22190006568000,12,5,7,657.6
22190006569000,17,10,7,652.8
22190006570000,8,4,4,234.4
22190006571000,12,6,6,598.8
22190006572000,41,21,20,1361.2
22190006573000,53,31,22,2279
22190006574000,63,34,29,2520
22190006575000,2,1,1,0
22190006580000,8,5,3,234.4
22190006581000,26,10,16,1089.4
22190006582000,43,23,20,1543.7
22190006583000,39,21,18,1419.6
22190006584000,12,5,7,656.4
22190006585000,18,11,7,829.8
22190006586000,8,6,2,458.4
22190006587000,6,4,2,351
22190006614000,3,2,1,0
22190006616000,43,23,20,1831.8
22190006617000,100,55,45,4150
22190006618000,13,7,6,344.5
22190006632000,31,18,13,1187.3
22190006633000,1660,864,796,64574
22190006634000,1535,707,828,73680
22190006635000,2077,1048,1029,80587.6
22190006636000,990,504,486,34947
22190006651000,2,0,2,0
22190006652000,23,15,8,972.9
22190006653000,129,72,57,5108.4
22190006654000,505,266,239,21664.5
22190006655000,509,255,254,20818.1
22190006656000,54,31,23,2597.4
22190006657000,388,191,197,13618.8
22190006658000,66,38,28,2851.2
22190006659000,21,10,11,842.1
22190006660000,25,11,14,947.5
22190006661000,30,16,14,1338
22190006662000,28,15,13,994
22190006665000,1,1,0,0
22190006667000,7,4,3,212.8
22190006668000,6,4,2,327
22190006687000,8,4,4,518.4
22190006688000,197,93,104,9416.6
22190006689000,225,114,111,10620
22190006690000,79,29,50,4021.1
22190006733000,6,4,2,253.8
22190006734000,109,55,54,5275.6
22190006755000,4,2,2,0
22190006757000,1,0,1,0
22190006777000,1,0,1,0
22190006810000,3,1,2,0
22190006812000,12,7,5,777.6
22190006813000,18,10,8,822.6
22190006814000,3,2,1,0
22190006837000,36,20,16,1360.8
22190006838000,25,13,12,1037.5
22190006839000,134,70,64,5574.4
22190006840000,27,16,11,1036.8
22190006841000,136,67,69,5086.4
22190006842000,11,6,5,650.1
22190006843000,20,10,10,798
22190006844000,30,14,16,1119
22190006845000,5,3,2,204
22190006848000,164,83,81,7281.6
22190006849000,7,4,3,282.8
22190006850000,7,4,3,203.7
22190006853000,19,9,10,856.9
22190006864000,16,8,8,457.6
22190006939000,6,2,4,229.8
22190006951000,10,4,6,392
22190006954000,39,23,16,1938.3
22190006998000,7,4,3,298.9
22190006999000,2,1,1,0
22190007008000,7,3,4,261.1
22190007013000,6,3,3,244.8
22190007015000,8,4,4,320.8
22190007016000,3,2,1,0
22190007023000,1,1,0,0
22190007038000,21,9,12,953.4
22190007058000,1,1,0,0
22190007069000,34,15,19,1275
22190007070000,7,5,2,284.9
22190007071000,6,3,3,235.2
22200006551000,6,3,3,121.2
22200006552000,3,2,1,0
22200006553000,2,1,1,0
22200006554000,99,51,48,5346
22200006555000,105,54,51,4630.5
22200006556000,929,439,490,38181.9
22200006557000,23,12,11,821.1
22200006558000,8,4,4,487.2
22200006559000,42,21,21,1827
22200006560000,33,14,19,1171.5
22200006561000,70,38,32,2121
22200006562000,124,66,58,4823.6
22200006563000,40,18,22,1680
22200006565000,4,2,2,0
22200006566000,25,15,10,1155
22200006567000,29,20,9,1423.9
22200006568000,2,1,1,0
22200006569000,12,6,6,428.4
22200006570000,5,3,2,178
22200006572000,20,10,10,638
22200006573000,30,18,12,1092
22200006575000,31,17,14,1010.6
22200006576000,2,1,1,0
22200006577000,6,3,3,171
22200006578000,15,10,5,573
22200006579000,9,5,4,344.7
22200006580000,12,7,5,462
22200006581000,44,17,27,1795.2
22200006582000,62,26,36,2442.8
22200006583000,96,48,48,3676.8
22200006584000,19,10,9,923.4
22200006585000,7,3,4,263.2
22200006586000,19,12,7,575.7
22200006587000,32,19,13,1344
22200006588000,37,16,21,1406
22200006589000,3,1,2,0
22200006603000,2,1,1,0
22200006605000,26,14,12,1240.2
22200006606000,20,11,9,750
22200006608000,7,3,4,289.1
22200006614000,15,7,8,534
22200006615000,69,39,30,2339.1
22200006616000,63,36,27,2488.5
22200006617000,67,37,30,2981.5
22200006631000,83,43,40,2763.9
22200006632000,1459,735,724,52378.1
22200006633000,1424,717,707,59665.6
22200006634000,1143,579,564,44691.3
22200006635000,1207,600,607,48038.6
22200006636000,15,7,8,516
22200006653000,6,3,3,345
22200006654000,70,41,29,3150
22200006655000,64,34,30,3136
22200006656000,88,47,41,3696
22200006657000,439,221,218,19272.1
22200006658000,1046,496,550,51149.4
22200006659000,413,194,219,18006.8
22200006660000,36,22,14,1710
22200006661000,9,5,4,456.3
22200006662000,26,15,11,1008.8
22200006664000,19,10,9,809.4
22200006665000,9,5,4,325.8
22200006666000,6,4,2,255
22200006667000,2,1,1,0
22200006668000,4,3,1,0
22200006685000,2,1,1,0
22200006686000,8,4,4,332.8
22200006687000,129,67,62,5289
22200006688000,10,5,5,470
22200006689000,2,1,1,0
22200006690000,8,4,4,326.4
22200006691000,10,3,7,283
22200006723000,8,5,3,424.8
22200006724000,1,1,0,0
22200006732000,3,2,1,0
22200006733000,24,16,8,1034.4
22200006734000,1,0,1,0
22200006755000,2,1,1,0
22200006756000,17,9,8,724.2
22200006757000,16,7,9,723.2
22200006758000,1,0,1,0
22200006760000,2,1,1,0
22200006776000,2,1,1,0
22200006777000,2,2,0,0
22200006810000,4,3,1,0
22200006811000,29,15,14,1296.3
22200006812000,36,20,16,1368
22200006813000,3,1,2,0
22200006837000,13,8,5,785.2
22200006838000,72,36,36,2966.4
22200006839000,13,4,9,678.6
22200006840000,233,111,122,9995.7
22200006841000,545,255,290,27468
22200006842000,24,14,10,1017.6
22200006843000,16,8,8,587.2
22200006844000,29,11,18,1592.1
22200006845000,26,15,11,1162.2
22200006846000,15,7,8,502.5
22200006847000,4,2,2,0
22200006848000,43,23,20,1986.6
22200006852000,4,1,3,0
22200006859000,2,1,1,0
22200006919000,2,1,1,0
22200006937000,6,3,3,211.2
22200006939000,29,15,14,1394.9
22200006940000,25,12,13,1010
22200006941000,2,1,1,0
22200006950000,1,0,1,0
22200006951000,4,2,2,0
22200006952000,12,8,4,423.6
22200006953000,6,2,4,382.2
22200006954000,32,16,16,1318.4
22200006955000,34,19,15,1550.4
22200006956000,4,3,1,0
22200006961000,1,1,0,0
22200006998000,5,0,5,98
22200007008000,2,1,1,0
22200007013000,6,4,2,228
22200007016000,11,6,5,500.5
22200007023000,1,0,1,0
22200007036000,7,4,3,389.9
22200007039000,2,1,1,0
22200007047000,3,2,1,0
22210006552000,34,16,18,1587.8
22210006553000,33,14,19,1283.7
22210006555000,93,48,45,3943.2
22210006556000,363,190,173,13975.5
22210006557000,139,67,72,5615.6
22210006558000,34,19,15,1411
22210006559000,16,8,8,736
22210006560000,32,16,16,1264
22210006561000,30,15,15,1122
22210006562000,14,8,6,735
22210006563000,126,82,44,5833.8
22210006564000,15,8,7,748.5
22210006565000,9,6,3,323.1
22210006567000,7,3,4,352.1
22210006568000,19,9,10,866.4
22210006569000,29,18,11,1284.7
22210006572000,6,3,3,240
22210006573000,44,21,23,1962.4
22210006574000,2,1,1,0
22210006575000,20,12,8,918
22210006576000,5,2,3,188
22210006577000,1,1,0,0
22210006580000,2,1,1,0
22210006583000,81,40,41,3337.2
22210006584000,8,5,3,495.2
22210006586000,1,1,0,0
22210006587000,9,4,5,323.1
22210006588000,34,23,11,1101.6
22210006589000,27,12,15,934.2
22210006590000,26,13,13,1008.8
22210006599000,10,6,4,284
22210006600000,9,6,3,358.2
22210006601000,4,3,1,0
22210006602000,21,8,13,783.3
22210006603000,2,1,1,0
22210006604000,12,6,6,486
22210006605000,34,17,17,1397.4
22210006606000,77,48,29,3041.5
22210006607000,4,3,1,0
22210006608000,30,17,13,1131
22210006609000,351,168,183,14917.5
22210006610000,67,33,34,2901.1
22210006611000,58,30,28,2209.8
22210006612000,22,12,10,1036.2
22210006613000,71,36,35,2719.3
22210006614000,27,16,11,1271.7
22210006615000,32,17,15,1350.4
22210006616000,1,1,0,0
22210006617000,4,2,2,0
22210006630000,8,3,5,362.4
22210006631000,37,20,17,1716.8
22210006632000,63,37,26,2293.2
22210006633000,118,66,52,4731.8
22210006634000,1492,751,741,56845.2
22210006635000,1681,830,851,58498.8
22210006656000,20,9,11,808
22210006657000,167,80,87,7297.9
22210006658000,121,56,65,5348.2
22210006659000,546,265,281,22276.8
22210006660000,88,46,42,2877.6
22210006661000,21,11,10,873.6
22210006662000,43,23,20,1892
22210006663000,44,18,26,1777.6
22210006664000,61,28,33,2159.4
22210006665000,52,22,30,2199.6
22210006666000,20,11,9,702
22210006667000,21,10,11,1014.3
22210006684000,10,5,5,384
22210006685000,30,17,13,1347
22210006686000,14,6,8,491.4
22210006687000,45,20,25,2029.5
22210006688000,17,6,11,795.6
22210006689000,7,3,4,396.9
22210006690000,4,1,3,0
22210006722000,5,2,3,125
22210006731000,23,14,9,1242
22210006732000,6,2,4,406.8
22210006733000,10,5,5,413
22210006734000,4,2,2,0
22210006755000,13,5,8,462.8
22210006756000,38,19,19,1622.6
22210006757000,8,3,5,411.2
22210006777000,12,4,8,464.4
22210006810000,11,7,4,533.5
22210006811000,13,8,5,620.1
22210006812000,4,2,2,0
22210006827000,1,0,1,0
22210006829000,2,1,1,0
22210006831000,1,0,1,0
22210006832000,1,1,0,0
22210006833000,2,1,1,0
22210006837000,11,6,5,352
22210006838000,65,31,34,3087.5
22210006839000,37,15,22,2131.2
22210006840000,764,371,393,33463.2
22210006841000,207,101,106,8983.8
22210006842000,12,8,4,355.2
22210006844000,3,2,1,0
22210006845000,11,4,7,489.5
22210006846000,23,12,11,1074.1
22210006847000,37,18,19,1376.4
22210006848000,29,13,16,1505.1
22210006854000,2,1,1,0
22210006855000,2,1,1,0
22210006856000,2,1,1,0
22210006857000,11,7,4,598.4
22210006858000,7,5,2,270.9
22210006934000,2,1,1,0
22210006940000,10,6,4,336
22210006941000,11,7,4,562.1
22210006942000,8,5,3,352
22210006944000,9,5,4,299.7
22210006945000,2,1,1,0
22210006952000,16,6,10,483.2
22210006954000,71,36,35,2485
22210006955000,57,32,25,2257.2
22210006956000,10,6,4,534
22210006957000,6,3,3,106.2
22210006967000,3,2,1,0
22210007008000,1,1,0,0
22210007009000,2,1,1,0
22210007017000,4,2,2,0
22210007018000,1,1,0,0
22210007035000,9,4,5,438.3
22210007036000,34,22,12,1159.4
22210007049000,13,7,6,478.4
22210007052000,3,2,1,0
22210007053000,4,3,1,0
22210007059000,3,1,2,0
22210007070000,8,5,3,426.4
22210007071000,4,2,2,0
22220006553000,15,7,8,763.5
22220006555000,2,2,0,0
22220006556000,42,25,17,1520.4
22220006557000,289,149,140,10866.4
22220006558000,15,10,5,700.5
22220006559000,36,20,16,1292.4
22220006560000,1,1,0,0
22220006561000,14,7,7,624.4
22220006562000,12,8,4,615.6
22220006563000,19,9,10,646
22220006564000,119,64,55,3962.7
22220006565000,34,14,20,1536.8
22220006566000,3,2,1,0
22220006567000,8,5,3,436.8
22220006571000,9,4,5,387
22220006572000,27,14,13,1136.7
22220006573000,513,250,263,19391.4
22220006574000,483,249,234,17967.6
22220006575000,133,70,63,5546.1
22220006576000,14,8,6,432.6
22220006579000,6,5,1,226.2
22220006580000,2,1,1,0
22220006581000,4,3,1,0
22220006582000,33,17,16,940.5
22220006583000,27,14,13,1344.6
22220006584000,4,2,2,0
22220006586000,8,4,4,416
22220006589000,4,2,2,0
22220006590000,299,173,126,11661
22220006591000,25,14,11,850
22220006592000,10,6,4,385
22220006593000,31,17,14,1509.7
22220006594000,10,4,6,436
22220006595000,5,3,2,189
22220006596000,7,4,3,268.8
22220006597000,8,5,3,415.2
22220006598000,9,6,3,414.9
22220006599000,23,15,8,814.2
22220006600000,6,5,1,205.2
22220006601000,11,6,5,464.2
22220006602000,68,36,32,2434.4
22220006603000,38,19,19,1238.8
22220006604000,38,21,17,1607.4
22220006605000,10,7,3,466
22220006606000,24,15,9,902.4
22220006607000,25,14,11,997.5
22220006608000,32,13,19,1548.8
22220006609000,418,204,214,18851.8
22220006610000,227,114,113,8898.4
22220006611000,31,16,15,1240
22220006612000,10,5,5,571
22220006613000,11,6,5,608.3
22220006614000,29,9,20,1119.4
22220006615000,8,6,2,342.4
22220006616000,3,2,1,0
22220006630000,10,6,4,347
22220006631000,7,4,3,289.1
22220006633000,2,2,0,0
22220006634000,529,276,253,21265.8
22220006635000,1662,840,822,67643.4
22220006657000,5,2,3,195
22220006658000,22,10,12,954.8
22220006659000,22,9,13,869
22220006660000,24,12,12,1140
22220006661000,6,3,3,343.2
22220006662000,40,22,18,1544
22220006663000,63,31,32,2753.1
22220006664000,28,14,14,1215.2
22220006665000,32,15,17,1350.4
22220006666000,17,11,6,674.9
22220006667000,21,11,10,1257.9
22220006668000,12,5,7,339.6
22220006669000,1,1,0,0
22220006684000,18,8,10,592.2
22220006685000,18,9,9,585
22220006687000,3,2,1,0
22220006723000,7,1,6,326.9
22220006724000,10,6,4,445
22220006730000,5,2,3,302
22220006755000,10,7,3,511
22220006756000,34,19,15,1220.6
22220006757000,6,5,1,277.2
22220006774000,5,3,2,255
22220006775000,8,4,4,443.2
22220006776000,14,7,7,722.4
22220006777000,4,2,2,0
22220006808000,5,4,1,328
22220006809000,12,7,5,452.4
22220006812000,5,2,3,240
22220006829000,14,9,5,596.4
22220006830000,8,4,4,390.4
22220006831000,17,9,8,712.3
22220006836000,18,11,7,736.2
22220006837000,40,21,19,1740
22220006838000,32,17,15,1513.6
22220006839000,178,83,95,8330.4
22220006840000,468,244,224,17550
22220006841000,14,8,6,677.6
22220006908000,3,1,2,0
22220006933000,9,4,5,367.2
22220006942000,15,9,6,564
22220006943000,14,8,6,676.2
22220006944000,33,14,19,1554.3
22220006945000,13,6,7,517.4
22220006946000,14,8,6,457.8
22220006947000,4,1,3,0
22220006948000,2,1,1,0
22220006952000,18,8,10,707.4
22220006953000,11,7,4,443.3
22220006954000,190,95,95,6726
22220006955000,16,8,8,633.6
22220006971000,4,2,2,0
22220007008000,5,2,3,276
22220007016000,2,1,1,0
22220007017000,4,2,2,0
22220007018000,3,1,2,0
22220007023000,3,1,2,0
22220007048000,1,0,1,0
22220007049000,13,6,7,487.5
22220007050000,7,4,3,224.7
22220007053000,14,9,5,728
22220007056000,1,0,1,0
22220007063000,3,2,1,0
22220007064000,2,1,1,0
22220007070000,8,4,4,411.2
22220007071000,18,8,10,1056.6
22230006552000,37,21,16,2012.8
22230006553000,108,54,54,5626.8
22230006554000,45,24,21,2398.5
22230006555000,50,28,22,2105
22230006556000,67,32,35,2954.7
22230006557000,9,6,3,501.3
22230006558000,19,11,8,847.4
22230006559000,19,10,9,881.6
22230006560000,21,12,9,863.1
22230006561000,50,27,23,2855
22230006562000,52,33,19,2610.4
22230006563000,14,6,8,393.4
22230006564000,301,157,144,11347.7
22230006565000,366,196,170,14274
22230006566000,34,19,15,1390.6
22230006567000,35,17,18,1421
22230006568000,27,15,12,1323
22230006570000,14,8,6,547.4
22230006571000,6,4,2,352.8
22230006572000,34,18,16,999.6
22230006573000,15,9,6,664.5
22230006574000,45,20,25,1399.5
22230006575000,13,8,5,443.3
22230006576000,30,18,12,915
22230006579000,12,4,8,493.2
22230006580000,49,26,23,2009
22230006581000,3,2,1,0
22230006582000,9,4,5,449.1
22230006583000,66,31,35,2877.6
22230006584000,12,5,7,428.4
22230006585000,2,1,1,0
22230006587000,6,3,3,318
22230006589000,27,13,14,980.1
22230006590000,168,78,90,6081.6
22230006591000,79,42,37,3049.4
22230006592000,16,10,6,579.2
22230006593000,14,8,6,553
22230006594000,27,15,12,963.9
22230006595000,16,9,7,889.6
22230006596000,20,9,11,1044
22230006597000,110,59,51,4389
22230006598000,9,4,5,348.3
22230006599000,14,7,7,722.4
22230006601000,14,6,8,404.6
22230006606000,5,3,2,193
22230006607000,60,35,25,2562
22230006608000,38,20,18,1694.8
22230006609000,18,9,9,622.8
22230006610000,19,12,7,600.4
22230006611000,12,5,7,460.8
22230006612000,34,15,19,1149.2
22230006613000,8,4,4,420
22230006614000,6,4,2,259.2
22230006615000,4,4,0,0
22230006630000,37,15,22,950.9
22230006631000,35,16,19,1543.5
22230006633000,47,23,24,1917.6
22230006634000,126,65,61,4825.8
22230006635000,1727,852,875,70288.9
22230006636000,209,102,107,6938.8
22230006660000,37,17,20,1583.6
22230006661000,14,6,8,736.4
22230006663000,6,4,2,312
22230006664000,16,10,6,758.4
22230006665000,37,21,16,1539.2
22230006666000,41,20,21,1722
22230006667000,25,14,11,970
22230006668000,16,7,9,923.2
22230006669000,23,12,11,892.4
22230006684000,5,4,1,141
22230006685000,8,6,2,359.2
22230006723000,3,1,2,0
22230006724000,16,10,6,480
22230006730000,11,7,4,599.5
22230006754000,18,11,7,610.2
22230006755000,9,5,4,352.8
22230006756000,39,22,17,1427.4
22230006757000,2,2,0,0
22230006776000,15,6,9,646.5
22230006809000,6,3,3,351
22230006829000,6,3,3,226.8
22230006831000,1,1,0,0
22230006835000,4,3,1,0
22230006836000,7,4,3,291.2
22230006837000,66,41,25,3234
22230006839000,161,80,81,7003.5
22230006840000,53,30,23,2035.2
22230006841000,8,3,5,302.4
22230006842000,6,3,3,199.2
22230006906000,2,1,1,0
22230006943000,8,6,2,268.8
22230006944000,21,10,11,739.2
22230006945000,82,46,36,3296.4
22230006946000,5,2,3,260
22230006947000,21,12,9,1024.8
22230006948000,41,21,20,1787.6
22230006949000,10,4,6,405
22230006951000,10,4,6,498
22230006952000,9,3,6,303.3
22230006953000,73,37,36,3073.3
22230006954000,11,6,5,280.5
22230006971000,21,14,7,1005.9
22230006972000,6,3,3,177
22230007050000,2,1,1,0
22230007057000,1,1,0,0
22230007071000,22,12,10,1104.4
22230007072000,23,11,12,963.7
22230007073000,8,3,5,368.8
22240006553000,4,3,1,0
22240006554000,6,3,3,277.8
22240006555000,12,7,5,477.6
22240006556000,24,12,12,1236
22240006557000,105,52,53,4546.5
22240006558000,475,241,234,16482.5
22240006559000,6,3,3,208.2
22240006560000,2,1,1,0
22240006561000,29,17,12,1232.5
22240006562000,37,21,16,1605.8
22240006563000,355,184,171,14448.5
22240006564000,2315,1135,1180,88896
22240006565000,1349,628,721,54094.9
22240006566000,1166,603,563,43375.2
22240006567000,46,21,25,1633
22240006568000,63,29,34,2929.5
22240006569000,18,12,6,633.6
22240006570000,9,4,5,492.3
22240006571000,6,5,1,162
22240006572000,22,12,10,814
22240006575000,2,1,1,0
22240006576000,10,5,5,470
22240006577000,21,12,9,877.8
22240006578000,10,8,2,438
22240006579000,32,18,14,1276.8
22240006580000,15,9,6,652.5
22240006581000,9,6,3,432.9
22240006582000,21,12,9,783.3
22240006583000,93,52,41,3124.8
22240006584000,35,13,22,1179.5
22240006585000,290,151,139,10875
22240006586000,13,7,6,518.7
22240006587000,13,8,5,374.4
22240006588000,47,29,18,2044.5
22240006589000,48,22,26,1612.8
22240006590000,21,10,11,609
22240006591000,8,4,4,434.4
22240006592000,7,5,2,272.3
22240006595000,12,7,5,460.8
22240006596000,17,8,9,681.7
22240006597000,4,2,2,0
22240006598000,20,13,7,812
22240006600000,5,3,2,251
22240006601000,5,3,2,144
22240006602000,2,1,1,0
22240006603000,8,4,4,272
22240006604000,2,1,1,0
22240006606000,98,49,49,4400.2
22240006607000,425,221,204,18105
22240006609000,9,5,4,469.8
22240006610000,14,6,8,588
22240006611000,17,10,7,625.6
22240006612000,2,1,1,0
22240006613000,7,4,3,160.3
22240006630000,2,1,1,0
22240006631000,91,51,40,4249.7
22240006633000,158,84,74,6525.4
22240006634000,104,67,37,4118.4
22240006635000,797,408,389,29648.4
22240006661000,44,27,17,1905.2
22240006662000,25,12,13,1067.5
22240006665000,7,4,3,317.8
22240006666000,211,105,106,8292.3
22240006667000,181,90,91,8688
22240006668000,11,7,4,410.3
22240006669000,14,7,7,649.6
22240006673000,1,1,0,0
22240006684000,10,5,5,493
22240006685000,30,16,14,1086
22240006722000,1,0,1,0
22240006723000,2,2,0,0
22240006724000,16,10,6,753.6
22240006726000,5,2,3,239
22240006728000,1,0,1,0
22240006729000,8,4,4,444.8
22240006730000,2,1,1,0
22240006752000,3,2,1,0
22240006753000,3,2,1,0
22240006754000,28,16,12,722.4
22240006755000,17,10,7,712.3
22240006756000,12,7,5,288
22240006757000,5,2,3,212
22240006758000,1,1,0,0
22240006772000,2,1,1,0
22240006775000,25,13,12,1550
22240006776000,1,1,0,0
22240006787000,2,1,1,0
22240006788000,6,2,4,157.2
22240006809000,16,8,8,860.8
22240006810000,3,1,2,0
22240006835000,21,12,9,588
22240006836000,31,19,12,1435.3
22240006837000,109,60,49,3989.4
22240006839000,23,11,12,1002.8
22240006840000,51,24,27,2162.4
22240006841000,30,20,10,861
22240006842000,3,1,2,0
22240006905000,3,1,2,0
22240006907000,1,0,1,0
22240006944000,16,10,6,582.4
22240006945000,22,10,12,682
22240006946000,7,3,4,431.9
22240006947000,10,4,6,452
22240006948000,21,12,9,693
22240006949000,21,11,10,682.5
22240006950000,22,9,13,963.6
22240006951000,9,5,4,248.4
22240006952000,1,0,1,0
22240006953000,42,18,24,1503.6
22240006971000,12,6,6,513.6
22240006972000,28,16,12,1257.2
22240007008000,3,2,1,0
22240007014000,4,2,2,0
22240007015000,12,6,6,582
22240007016000,9,4,5,448.2
22240007041000,9,6,3,300.6
22240007070000,9,6,3,322.2
22240007071000,6,2,4,343.2
22240007072000,24,10,14,904.8
22240007073000,6,4,2,232.2
22250006554000,52,27,25,2402.4
22250006555000,47,29,18,1790.7
22250006556000,81,47,34,3758.4
22250006557000,27,14,13,1355.4
22250006558000,171,87,84,6600.6
22250006559000,728,351,377,29629.6
22250006560000,602,300,302,23538.2
22250006561000,212,110,102,8352.8
22250006562000,490,242,248,20580
22250006563000,794,406,388,29060.4
22250006564000,1388,693,695,56769.2
22250006565000,2383,1148,1235,102945.6
22250006566000,1172,572,600,42309.2
22250006567000,169,88,81,6168.5
22250006568000,139,69,70,5226.4
22250006569000,5,3,2,243
22250006571000,4,2,2,0
22250006572000,19,10,9,731.5
22250006573000,10,3,7,305
22250006574000,13,9,4,557.7
22250006575000,51,29,22,2157.3
22250006576000,1,1,0,0
22250006577000,49,24,25,1788.5
22250006578000,26,17,9,1133.6
22250006580000,9,6,3,327.6
22250006581000,11,7,4,511.5
22250006582000,14,5,9,526.4
22250006583000,471,231,240,21571.8
22250006584000,698,335,363,30432.8
22250006585000,47,27,20,1734.3
22250006586000,28,14,14,966
22250006587000,7,3,4,252.7
22250006589000,28,15,13,1061.2
22250006590000,3,2,1,0
22250006591000,38,20,18,1588.4
22250006592000,43,23,20,1853.3
22250006601000,1,1,0,0
22250006602000,6,3,3,289.8
22250006603000,12,5,7,422.4
22250006604000,14,8,6,403.2
22250006606000,21,13,8,963.9
22250006607000,19,11,8,767.6
22250006612000,42,22,20,1323
22250006616000,2,1,1,0
22250006617000,2,2,0,0
22250006626000,21,12,9,856.8
22250006627000,4,2,2,0
22250006629000,17,9,8,474.3
22250006630000,45,23,22,2007
22250006631000,136,71,65,5372
22250006633000,240,124,116,9504
22250006634000,1339,675,664,58246.5
22250006635000,554,260,294,22547.8
22250006662000,19,10,9,955.7
22250006666000,13,4,9,546
22250006667000,35,17,18,1568
22250006668000,37,18,19,1406
22250006670000,7,4,3,196
22250006672000,21,10,11,819
22250006673000,32,17,15,1555.2
22250006674000,7,4,3,277.9
22250006684000,18,9,9,590.4
22250006685000,68,32,36,2733.6
22250006686000,9,6,3,611.1
22250006687000,2,1,1,0
22250006715000,7,4,3,303.8
22250006723000,6,5,1,232.8
22250006724000,182,86,96,9664.2
22250006725000,55,30,25,3118.5
22250006726000,24,14,10,1399.2
22250006727000,7,5,2,378
22250006728000,9,5,4,506.7
22250006729000,5,4,1,333
22250006752000,3,1,2,0
22250006754000,32,15,17,1305.6
22250006755000,22,15,7,730.4
22250006756000,9,3,6,474.3
22250006771000,1,1,0,0
22250006772000,4,2,2,0
22250006774000,8,6,2,450.4
22250006775000,24,13,11,715.2
22250006808000,8,4,4,340
22250006809000,23,12,11,1021.2
22250006810000,5,3,2,307
22250006836000,52,25,27,2074.8
22250006837000,30,13,17,1098
22250006838000,12,6,6,584.4
22250006839000,9,6,3,350.1
22250006840000,3,1,2,0
22250006841000,3,1,2,0
22250006905000,2,1,1,0
22250006906000,4,2,2,0
22250006947000,7,5,2,363.3
22250006948000,16,9,7,604.8
22250006949000,30,19,11,1320
22250006950000,19,10,9,959.5
22250006951000,48,29,19,2097.6
22250006952000,93,41,52,3868.8
22250006953000,57,29,28,2251.5
22250006972000,1,1,0,0
22250006973000,19,12,7,917.7
22250007007000,1,1,0,0
22250007008000,6,3,3,196.8
22250007015000,9,5,4,452.7
22250007017000,6,2,4,393
22250007041000,129,65,64,6011.4
22250007042000,18,11,7,896.4
22250007048000,4,2,2,0
22250007049000,1,0,1,0
22250007051000,2,2,0,0
22250007059000,6,4,2,214.2
22250007070000,3,2,1,0
22250007086000,3,2,1,0
22250007087000,5,3,2,153
22250007089000,5,2,3,230
22260006554000,109,55,54,4937.7
22260006555000,28,15,13,1150.8
22260006556000,4,4,0,0
22260006557000,3,1,2,0
22260006558000,3,1,2,0
22260006559000,88,42,46,3977.6
22260006560000,913,455,458,37067.8
22260006561000,1028,533,495,40297.6
22260006562000,1177,554,623,61792.5
22260006563000,807,389,418,33651.9
22260006564000,4203,1960,2243,210570.3
22260006565000,1480,747,733,61568
22260006566000,2171,1087,1084,83366.4
22260006567000,594,310,284,21265.2
22260006568000,537,264,273,19922.7
22260006569000,515,278,237,16274
22260006570000,103,53,50,3347.5
22260006571000,10,5,5,292
22260006572000,2,1,1,0
22260006574000,24,14,10,1070.4
22260006575000,32,14,18,1337.6
22260006576000,7,3,4,305.9
22260006577000,1,1,0,0
22260006578000,15,6,9,591
22260006579000,17,11,6,724.2
22260006580000,13,6,7,496.6
22260006581000,19,12,7,1033.6
22260006582000,48,25,23,1396.8
22260006583000,531,272,259,18054
22260006584000,76,45,31,2812
22260006585000,13,6,7,574.6
22260006589000,8,3,5,227.2
22260006590000,20,12,8,708
22260006591000,20,14,6,684
22260006592000,57,27,30,1721.4
22260006598000,7,4,3,343
22260006599000,14,5,9,522.2
22260006600000,1,1,0,0
22260006601000,2,1,1,0
22260006602000,10,4,6,582
22260006603000,12,6,6,514.8
22260006604000,21,15,6,777
22260006605000,18,8,10,750.6
22260006606000,58,33,25,2302.6
22260006607000,5,5,0,194
22260006608000,11,5,6,316.8
22260006609000,18,9,9,921.6
22260006610000,22,12,10,1001
22260006611000,5,1,4,204
22260006612000,17,9,8,576.3
22260006616000,17,9,8,788.8
22260006617000,18,11,7,817.2
22260006626000,38,20,18,1698.6
22260006627000,44,25,19,1698.4
22260006629000,433,215,218,15328.2
22260006630000,1428,707,721,53550
22260006631000,1516,724,792,51392.4
22260006632000,45,23,22,1714.5
22260006633000,1614,731,883,77633.4
22260006634000,3187,1469,1718,136403.6
22260006635000,247,118,129,13807.3
22260006641000,9,3,6,385.2
22260006662000,9,6,3,489.6
22260006663000,7,5,2,324.8
22260006667000,1,0,1,0
22260006668000,6,4,2,303
22260006669000,33,16,17,1415.7
22260006670000,128,62,66,5222.4
22260006671000,162,76,86,6480
22260006672000,96,52,44,3811.2
22260006673000,59,31,28,2295.1
22260006674000,5,2,3,175
22260006684000,31,15,16,1078.8
22260006685000,43,23,20,1913.5
22260006711000,1,1,0,0
22260006712000,8,4,4,464
22260006713000,5,3,2,230
22260006714000,5,3,2,308
22260006723000,6,3,3,274.2
22260006724000,4,1,3,0
22260006725000,8,4,4,343.2
22260006726000,14,7,7,483
22260006727000,3,1,2,0
22260006754000,37,16,21,1916.6
22260006755000,25,15,10,1075
22260006756000,1,1,0,0
22260006757000,1,0,1,0
22260006758000,2,1,1,0
22260006767000,10,4,6,555
22260006772000,8,3,5,267.2
22260006773000,15,6,9,948
22260006774000,18,9,9,646.2
22260006775000,3,2,1,0
22260006783000,1,1,0,0
22260006807000,2,1,1,0
22260006808000,29,19,10,1684.9
22260006824000,1,0,1,0
22260006835000,5,4,1,265
22260006836000,59,27,32,2472.1
22260006837000,42,22,20,1843.8
22260006838000,9,4,5,306
22260006906000,2,2,0,0
22260006949000,26,14,12,1185.6
22260006950000,610,313,297,21777
22260006951000,1030,519,511,45938
22260006952000,278,135,143,11175.6
22260006953000,11,4,7,278.3
22260006973000,20,10,10,732
22260007007000,5,3,2,186
22260007008000,20,9,11,780
22260007015000,10,6,4,504
22260007016000,2,1,1,0
22260007019000,6,4,2,213
22260007020000,8,4,4,448
22260007021000,2,1,1,0
22260007023000,3,2,1,0
22260007041000,28,19,9,1019.2
22260007042000,1,0,1,0
22260007043000,2,1,1,0
22260007049000,2,2,0,0
22260007051000,1,0,1,0
22260007060000,8,4,4,426.4
22260007087000,2,1,1,0
22270006560000,233,110,123,10508.3
22270006561000,468,238,230,19656
22270006562000,1659,826,833,67853.1
22270006563000,1484,716,768,68857.6
22270006564000,1830,922,908,81069
22270006565000,1274,636,638,50195.6
22270006566000,849,428,421,34299.6
22270006567000,12,6,6,609.6
22270006568000,23,14,9,644
22270006569000,28,12,16,1243.2
22270006570000,91,50,41,3658.2
22270006571000,248,115,133,8704.8
22270006572000,65,34,31,2671.5
22270006573000,12,8,4,680.4
22270006575000,39,20,19,1872
22270006576000,29,13,16,1093.3
22270006577000,52,25,27,2095.6
22270006578000,23,13,10,1060.3
22270006579000,88,45,43,3238.4
22270006580000,11,6,5,410.3
22270006581000,67,38,29,2525.9
22270006582000,61,32,29,2281.4
22270006583000,200,102,98,6800
22270006584000,2,1,1,0
22270006588000,4,3,1,0
22270006589000,5,3,2,186
22270006590000,3,1,2,0
22270006591000,8,4,4,448
22270006592000,19,9,10,824.6
22270006593000,66,34,32,2673
22270006594000,13,7,6,452.4
22270006595000,6,3,3,160.2
22270006596000,5,2,3,107
22270006597000,37,19,18,1313.5
22270006598000,119,56,63,4034.1
22270006599000,14,8,6,621.6
22270006600000,28,14,14,1072.4
22270006601000,19,9,10,813.2
22270006602000,66,35,31,2263.8
22270006603000,15,10,5,694.5
22270006604000,25,12,13,1092.5
22270006605000,42,24,18,1768.2
22270006606000,149,75,74,5423.6
22270006607000,18,12,6,748.8
22270006608000,14,8,6,589.4
22270006609000,2,1,1,0
22270006610000,2,1,1,0
22270006611000,4,1,3,0
22270006614000,5,3,2,313
22270006615000,35,17,18,1424.5
22270006616000,13,7,6,566.8
22270006617000,14,5,9,502.6
22270006625000,7,2,5,207.9
22270006626000,4,2,2,0
22270006627000,175,91,84,6562.5
22270006628000,1573,782,791,56785.3
22270006629000,1194,549,645,56118
22270006630000,2102,1036,1066,80506.6
22270006631000,1187,598,589,44631.2
22270006632000,1165,576,589,41124.5
22270006633000,1495,738,757,58305
22270006634000,3560,1639,1921,150944
22270006635000,41,18,23,2759.3
22270006645000,2,1,1,0
22270006662000,5,3,2,189
22270006663000,26,14,12,1372.8
22270006669000,26,17,9,1383.2
22270006670000,306,162,144,11169
22270006671000,260,131,129,10374
22270006672000,27,14,13,1080
22270006673000,15,8,7,703.5
22270006674000,7,4,3,452.2
22270006684000,20,11,9,1084
22270006685000,13,6,7,500.5
22270006701000,5,2,3,237
22270006703000,9,3,6,210.6
22270006704000,5,2,3,209
22270006705000,3,2,1,0
22270006707000,8,4,4,347.2
22270006708000,46,24,22,1757.2
22270006710000,5,3,2,316
22270006711000,21,15,6,1142.4
22270006712000,10,5,5,378
22270006754000,1,1,0,0
22270006755000,19,9,10,908.2
22270006756000,31,14,17,930
22270006757000,9,2,7,340.2
22270006758000,1,1,0,0
22270006767000,40,22,18,1848
22270006772000,4,2,2,0
22270006773000,18,6,12,739.8
22270006774000,3,2,1,0
22270006782000,1,1,0,0
22270006806000,4,2,2,0
22270006835000,36,19,17,1350
22270006836000,41,21,20,1845
22270006837000,223,115,108,9499.8
22270006838000,91,49,42,3731
22270006906000,20,13,7,936
22270006907000,4,3,1,0
22270006908000,1,1,0,0
22270006950000,13,8,5,452.4
22270006951000,856,429,427,38605.6
22270006952000,740,346,394,35150
22270006973000,2,1,1,0
22270006974000,8,4,4,371.2
22270007004000,10,8,2,490
22270007005000,28,11,17,1167.6
22270007006000,32,18,14,1356.8
22270007007000,309,167,142,13688.7
22270007008000,22,15,7,1152.8
22270007009000,32,17,15,819.2
22270007010000,8,4,4,304
22270007015000,3,2,1,0
22270007016000,6,4,2,172.2
22270007017000,7,3,4,310.1
22270007018000,24,14,10,868.8
22270007019000,15,8,7,616.5
22270007021000,15,6,9,418.5
22270007022000,4,1,3,0
22270007026000,2,1,1,0
22270007027000,9,4,5,423.9
22270007041000,3,1,2,0
22270007042000,3,2,1,0
22270007043000,16,8,8,745.6
22270007059000,2,1,1,0
22270007062000,8,5,3,516.8
22280006556000,10,5,5,447
22280006557000,65,32,33,3386.5
22280006558000,43,19,24,2111.3
22280006559000,136,77,59,6269.6
22280006560000,613,304,309,23048.8
22280006561000,176,87,89,7304
22280006562000,956,459,497,38048.8
22280006563000,1418,727,691,56152.8
22280006564000,1413,703,710,56661.3
22280006565000,510,245,265,18921
22280006566000,515,263,252,18797.5
22280006567000,45,23,22,1665
22280006569000,49,32,17,1955.1
22280006570000,47,33,14,1541.6
22280006572000,82,49,33,3542.4
22280006573000,59,38,21,2336.4
22280006574000,18,12,6,622.8
22280006576000,6,3,3,166.2
22280006577000,3,2,1,0
22280006578000,4,2,2,0
22280006579000,42,26,16,1915.2
22280006580000,13,6,7,507
22280006581000,10,6,4,308
22280006582000,29,14,15,1183.2
22280006583000,10,6,4,449
22280006585000,12,4,8,326.4
22280006587000,7,4,3,272.3
22280006588000,37,16,21,1354.2
22280006589000,14,5,9,421.4
22280006590000,8,6,2,383.2
22280006592000,27,15,12,945
22280006593000,17,9,8,816
22280006594000,6,3,3,226.8
22280006595000,123,62,61,4846.2
22280006596000,107,57,50,3349.1
22280006597000,22,11,11,792
22280006598000,24,14,10,734.4
22280006599000,19,11,8,1020.3
22280006600000,24,10,14,830.4
22280006601000,26,15,11,925.6
22280006602000,5,3,2,256
22280006604000,4,2,2,0
22280006605000,65,33,32,2346.5
22280006606000,147,81,66,4924.5
22280006607000,1,1,0,0
22280006613000,78,40,38,2870.4
22280006614000,20,12,8,910
22280006615000,146,72,74,5168.4
22280006616000,80,36,44,2568
22280006617000,16,8,8,748.8
22280006618000,5,3,2,274
22280006625000,4,1,3,0
22280006626000,15,9,6,646.5
22280006627000,28,12,16,1187.2
22280006628000,65,36,29,2255.5
22280006629000,422,218,204,16162.6
22280006630000,178,88,90,6390.2
22280006631000,281,147,134,9750.7
22280006632000,1376,708,668,48985.6
22280006633000,2521,1260,1261,97562.7
22280006634000,1065,557,508,40576.5
22280006635000,1,1,0,0
22280006643000,8,6,2,379.2
22280006662000,6,4,2,199.2
22280006663000,33,20,13,1494.9
22280006670000,15,9,6,636
22280006671000,255,124,131,10378.5
22280006672000,198,102,96,7939.8
22280006683000,18,9,9,754.2
22280006684000,128,70,58,4812.8
22280006685000,13,8,5,482.3
22280006698000,2,1,1,0
22280006700000,15,7,8,637.5
22280006701000,10,7,3,415
22280006702000,2,2,0,0
22280006704000,15,10,5,807
22280006705000,20,8,12,1066
22280006706000,5,3,2,246
22280006708000,12,8,4,582
22280006709000,8,3,5,342.4
22280006710000,5,3,2,189
22280006712000,1,1,0,0
22280006713000,4,2,2,0
22280006714000,11,6,5,389.4
22280006753000,2,1,1,0
22280006754000,4,3,1,0
22280006755000,43,23,20,2184.4
22280006756000,57,31,26,2411.1
22280006757000,33,17,16,1273.8
22280006758000,13,8,5,461.5
22280006765000,1,1,0,0
22280006766000,23,12,11,989
22280006767000,34,17,17,1370.2
22280006768000,2,1,1,0
22280006772000,7,3,4,347.9
22280006773000,34,16,18,1516.4
22280006775000,13,5,8,510.9
22280006776000,1,1,0,0
22280006778000,1,0,1,0
22280006805000,4,3,1,0
22280006806000,5,2,3,312
22280006826000,1,0,1,0
22280006835000,49,27,22,2018.8
22280006836000,26,14,12,829.4
22280006837000,181,95,86,6461.7
22280006905000,1,0,1,0
22280006906000,9,6,3,420.3
22280006907000,6,3,3,261
22280006908000,8,5,3,474.4
22280006951000,273,140,133,9909.9
22280006952000,545,271,274,22181.5
22280006953000,9,4,5,334.8
22280007003000,21,11,10,814.8
22280007004000,9,7,2,511.2
22280007005000,38,18,20,1599.8
22280007006000,13,9,4,413.4
22280007007000,20,10,10,614
22280007009000,29,13,16,980.2
22280007010000,72,31,41,2880
22280007011000,18,9,9,698.4
22280007017000,10,5,5,528
22280007018000,22,13,9,902
22280007019000,13,7,6,448.5
22280007021000,7,5,2,305.2
22280007023000,12,8,4,409.2
22280007024000,6,3,3,367.2
22280007027000,5,3,2,249
22280007036000,2,1,1,0
22280007037000,11,7,4,510.4
22280007041000,5,1,4,132
22280007043000,16,8,8,638.4
22280007062000,3,1,2,0
22280007063000,2,1,1,0
22280007068000,101,48,53,4696.5
22280007069000,1,1,0,0
22290006557000,2,1,1,0
22290006558000,12,6,6,480
22290006559000,46,18,28,1978
22290006560000,9,3,6,329.4
22290006561000,4,2,2,0
22290006562000,32,17,15,1046.4
22290006563000,989,487,502,37779.8
22290006564000,975,487,488,37440
22290006565000,178,84,94,7582.8
22290006566000,36,18,18,1609.2
22290006567000,75,40,35,3547.5
22290006568000,100,55,45,4230
22290006569000,15,8,7,706.5
22290006572000,25,16,9,820
22290006573000,44,23,21,1636.8
22290006574000,76,47,29,2857.6
22290006575000,30,16,14,1272
22290006576000,1,0,1,0
22290006577000,4,3,1,0
22290006578000,28,12,16,1293.6
22290006579000,58,27,31,2192.4
22290006580000,472,259,213,16331.2
22290006581000,57,34,23,2074.8
22290006582000,85,45,40,3204.5
22290006583000,13,7,6,643.5
22290006584000,23,15,8,775.1
22290006585000,4,1,3,0
22290006587000,12,6,6,465.6
22290006588000,170,86,84,6392
22290006589000,102,51,51,3855.6
22290006590000,108,58,50,3888
22290006591000,43,22,21,2205.9
22290006592000,46,19,27,1922.8
22290006593000,11,5,6,458.7
22290006594000,21,10,11,814.8
22290006595000,30,17,13,1257
22290006596000,120,64,56,4824
22290006597000,16,8,8,683.2
22290006598000,22,10,12,787.6
22290006599000,32,13,19,998.4
22290006605000,30,17,13,1344
22290006606000,117,59,58,4715.1
22290006607000,3,2,1,0
22290006612000,3,2,1,0
22290006613000,33,20,13,841.5
22290006614000,471,224,247,25245.6
22290006615000,611,256,355,31894.2
22290006616000,410,226,184,13489
22290006617000,98,48,50,3910.2
22290006618000,108,57,51,3942
22290006619000,55,28,27,1870
22290006620000,3,3,0,0
22290006621000,17,10,7,707.2
22290006622000,73,34,39,3087.9
22290006623000,39,24,15,1505.4
22290006624000,4,4,0,0
22290006625000,15,6,9,592.5
22290006626000,39,21,18,1602.9
22290006627000,9,4,5,486
22290006631000,2029,1015,1014,71826.6
22290006632000,1753,898,855,65737.5
22290006633000,3051,1428,1623,136074.6
22290006634000,532,276,256,20216
22290006637000,3,2,1,0
22290006643000,4,2,2,0
22290006644000,2,1,1,0
22290006662000,12,7,5,625.2
22290006671000,9,5,4,390.6
22290006672000,4,3,1,0
22290006673000,12,5,7,643.2
22290006674000,4,4,0,0
22290006683000,36,16,20,1339.2
22290006684000,48,23,25,2040
22290006685000,17,9,8,836.4
22290006686000,2,2,0,0
22290006697000,7,3,4,433.3
22290006698000,9,5,4,342
22290006699000,10,5,5,554
22290006700000,14,7,7,571.2
22290006701000,108,62,46,4460.4
22290006702000,2,2,0,0
22290006703000,3,3,0,0
22290006704000,2,1,1,0
22290006706000,12,6,6,421.2
22290006707000,7,4,3,203
22290006710000,4,2,2,0
22290006711000,2,1,1,0
22290006714000,6,4,2,288
22290006715000,19,11,8,997.5
22290006716000,13,6,7,785.2
22290006717000,11,5,6,520.3
22290006753000,6,4,2,255
22290006754000,28,12,16,1257.2
22290006755000,46,25,21,1936.6
22290006756000,43,18,25,1440.5
22290006757000,28,14,14,1358
22290006758000,9,2,7,375.3
22290006766000,57,29,28,2610.6
22290006767000,9,7,2,343.8
22290006768000,17,12,5,810.9
22290006769000,2,1,1,0
22290006773000,18,10,8,700.2
22290006774000,30,14,16,1404
22290006775000,1,1,0,0
22290006805000,5,3,2,267
22290006806000,1,1,0,0
22290006819000,4,2,2,0
22290006834000,16,9,7,462.4
22290006835000,11,4,7,511.5
22290006836000,19,9,10,856.9
22290006837000,47,23,24,1969.3
22290006838000,23,13,10,1133.9
22290006839000,4,2,2,0
22290006903000,6,3,3,303
22290006904000,17,10,7,931.6
22290006905000,26,15,11,1391
22290006906000,9,5,4,383.4
22290006952000,46,26,20,1614.6
22290006953000,49,24,25,2440.2
22290007003000,28,16,12,1192.8
22290007004000,6,5,1,205.8
22290007006000,8,6,2,282.4
22290007008000,3,1,2,0
22290007010000,3,2,1,0
22290007011000,14,9,5,603.4
22290007012000,13,4,9,453.7
22290007019000,28,17,11,814.8
22290007023000,1,1,0,0
22290007024000,2,1,1,0
22290007025000,7,5,2,238
22290007027000,6,3,3,223.8
22290007028000,30,18,12,1074
22290007029000,5,3,2,312
22290007030000,3,2,1,0
22290007037000,6,4,2,211.8
22290007038000,5,3,2,168
22290007040000,6,3,3,342
22290007043000,2,1,1,0
22290007062000,2,1,1,0
22290007063000,4,2,2,0
22290007068000,60,30,30,2496
22290007069000,6,3,3,127.8
22300006557000,8,4,4,360
22300006558000,22,11,11,1025.2
22300006559000,33,21,12,1362.9
22300006560000,31,15,16,1333
22300006561000,38,24,14,1485.8
22300006562000,41,17,24,1320.2
22300006563000,128,64,64,5107.2
22300006564000,274,144,130,11535.4
22300006565000,411,209,202,17097.6
22300006566000,143,69,74,6220.5
22300006567000,3,1,2,0
22300006568000,13,7,6,509.6
22300006569000,26,14,12,871
22300006570000,14,7,7,481.6
22300006572000,47,27,20,2218.4
22300006573000,65,34,31,2528.5
22300006574000,732,385,347,29572.8
22300006575000,187,97,90,7106
22300006576000,26,16,10,1297.4
22300006577000,30,16,14,1104
22300006578000,15,7,8,757.5
22300006579000,11,6,5,443.3
22300006580000,41,23,18,1623.6
22300006581000,34,15,19,1625.2
22300006582000,20,9,11,898
22300006583000,2,1,1,0
22300006584000,13,5,8,678.6
22300006585000,31,20,11,1187.3
22300006586000,8,4,4,468
22300006587000,73,38,35,2642.6
22300006588000,40,24,16,1492
22300006589000,75,36,39,3105
22300006590000,564,271,293,25323.6
22300006591000,89,45,44,4191.9
22300006592000,107,56,51,3884.1
22300006593000,31,13,18,1100.5
22300006594000,6,4,2,339
22300006595000,29,15,14,1229.6
22300006596000,37,18,19,1690.9
22300006597000,29,17,12,1160
22300006598000,20,13,7,722
22300006599000,20,11,9,708
22300006600000,22,11,11,913
22300006601000,18,11,7,754.2
22300006602000,14,8,6,639.8
22300006603000,15,11,4,481.5
22300006604000,60,28,32,1938
22300006605000,79,44,35,2867.7
22300006606000,76,42,34,3192
22300006611000,132,69,63,5161.2
22300006612000,46,21,25,2005.6
22300006613000,39,19,20,1797.9
22300006614000,227,114,113,9420.5
22300006615000,420,226,194,14322
22300006616000,56,32,24,2301.6
22300006617000,24,14,10,840
22300006618000,111,54,57,4206.9
22300006619000,313,161,152,11831.4
22300006620000,174,83,91,5707.2
22300006621000,248,125,123,8456.8
22300006622000,206,105,101,8198.8
22300006623000,82,41,41,2976.6
22300006624000,23,11,12,687.7
22300006625000,39,22,17,1661.4
22300006626000,29,12,17,1296.3
22300006627000,58,33,25,2447.6
22300006629000,385,202,183,14514.5
22300006630000,2084,1086,998,85235.6
22300006631000,2841,1468,1373,108810.3
22300006632000,3969,1939,2030,188527.5
22300006633000,614,327,287,24805.6
22300006635000,3,1,2,0
22300006636000,29,14,15,1299.2
22300006637000,16,11,5,841.6
22300006638000,25,14,11,842.5
22300006639000,22,8,14,1078
22300006640000,161,82,79,5393.5
22300006641000,307,155,152,14766.7
22300006642000,9,3,6,435.6
22300006643000,6,3,3,384
22300006644000,8,4,4,312
22300006645000,1,1,0,0
22300006652000,1,0,1,0
22300006653000,1,0,1,0
22300006662000,12,6,6,523.2
22300006674000,25,13,12,852.5
22300006675000,46,25,21,2047
22300006676000,5,2,3,301
22300006683000,57,31,26,2063.4
22300006684000,31,16,15,1150.1
22300006697000,32,13,19,1168
22300006698000,8,5,3,371.2
22300006699000,9,5,4,381.6
22300006700000,6,4,2,169.8
22300006708000,12,5,7,462
22300006709000,15,10,5,817.5
22300006710000,1,0,1,0
22300006716000,2,1,1,0
22300006718000,10,6,4,570
22300006753000,27,16,11,855.9
22300006754000,40,21,19,1600
22300006755000,37,17,20,1394.9
22300006756000,18,9,9,685.8
22300006757000,15,7,8,694.5
22300006758000,7,3,4,242.9
22300006759000,3,1,2,0
22300006760000,2,1,1,0
22300006761000,5,3,2,166
22300006764000,10,4,6,313
22300006765000,6,2,4,291
22300006766000,35,16,19,1354.5
22300006768000,9,5,4,411.3
22300006769000,13,6,7,669.5
22300006772000,4,3,1,0
22300006773000,74,41,33,3093.2
22300006774000,37,19,18,1653.9
22300006775000,3,2,1,0
22300006805000,38,19,19,1991.2
22300006806000,6,3,3,243
22300006807000,1,1,0,0
22300006833000,10,7,3,256
22300006834000,23,6,17,1023.5
22300006835000,29,15,14,1415.2
22300006836000,167,72,95,10303.9
22300006837000,43,25,18,1793.1
22300006838000,9,3,6,489.6
22300006840000,6,4,2,328.8
22300006901000,4,2,2,0
22300006902000,21,11,10,861
22300006903000,1,1,0,0
22300006904000,20,8,12,1254
22300006905000,4,3,1,0
22300006906000,13,8,5,568.1
22300006907000,1,1,0,0
22300006952000,9,5,4,387.9
22300006953000,38,19,19,1371.8
22300006954000,30,17,13,1485
22300006993000,1,0,1,0
22300007002000,14,7,7,379.4
22300007011000,6,4,2,150
22300007012000,1,1,0,0
22300007013000,7,4,3,405.3
22300007014000,13,6,7,543.4
22300007019000,24,11,13,996
22300007021000,22,10,12,756.8
22300007028000,5,3,2,179
22300007029000,16,10,6,862.4
22300007040000,9,4,5,480.6
22300007043000,2,1,1,0
22300007057000,4,2,2,0
22300007058000,2,1,1,0
22300007060000,3,2,1,0
22300007061000,1,0,1,0
22300007063000,1,0,1,0
22300007064000,7,3,4,342.3
22300007069000,37,21,16,1816.7
22300007070000,4,2,2,0
22300007076000,2,1,1,0
22310006559000,2,2,0,0
22310006560000,11,5,6,412.5
22310006561000,8,4,4,491.2
22310006564000,11,7,4,425.7
22310006565000,346,176,170,12386.8
22310006566000,57,32,25,2815.8
22310006567000,39,20,19,1673.1
22310006568000,23,12,11,1032.7
22310006569000,16,8,8,548.8
22310006570000,33,18,15,1174.8
22310006571000,39,21,18,1583.4
22310006572000,15,7,8,745.5
22310006573000,419,200,219,15125.9
22310006574000,1289,602,687,58649.5
22310006575000,17,11,6,707.2
22310006576000,225,126,99,7762.5
22310006577000,6,2,4,190.2
22310006578000,29,14,15,1122.3
22310006579000,16,10,6,646.4
22310006580000,29,16,13,1403.6
22310006581000,32,14,18,1286.4
22310006582000,23,11,12,639.4
22310006583000,8,5,3,435.2
22310006584000,11,6,5,368.5
22310006585000,131,74,57,4729.1
22310006586000,72,40,32,2750.4
22310006587000,14,9,5,541.8
22310006588000,8,4,4,247.2
22310006589000,51,30,21,1785
22310006590000,972,460,512,38005.2
22310006591000,348,164,184,18409.2
22310006592000,15,6,9,573
22310006593000,7,3,4,308
22310006594000,7,4,3,326.9
22310006595000,48,30,18,1694.4
22310006596000,81,46,35,3078
22310006597000,85,51,34,3026
22310006598000,81,42,39,3329.1
22310006599000,77,44,33,2310
22310006600000,31,16,15,1608.9
22310006601000,22,10,12,992.2
22310006602000,32,16,16,1219.2
22310006603000,46,24,22,2088.4
22310006604000,639,329,310,24345.9
22310006605000,958,501,457,37936.8
22310006606000,104,54,50,4763.2
22310006609000,13,7,6,763.1
22310006610000,73,41,32,2912.7
22310006611000,16,9,7,782.4
22310006612000,2,1,1,0
22310006613000,226,120,106,8972.2
22310006614000,903,452,451,36752.1
22310006615000,100,47,53,3660
22310006616000,64,29,35,2419.2
22310006617000,181,99,82,6353.1
22310006618000,14,7,7,478.8
22310006619000,45,23,22,1620
22310006620000,183,94,89,7045.5
22310006621000,270,142,128,10341
22310006622000,50,29,21,2080
22310006623000,33,17,16,1125.3
22310006624000,33,16,17,1079.1
22310006625000,34,14,20,1285.2
22310006626000,132,72,60,4620
22310006627000,55,27,28,1963.5
22310006628000,399,191,208,13526.1
22310006629000,4147,1977,2170,150950.8
22310006630000,3063,1581,1482,111799.5
22310006631000,890,480,410,31684
22310006632000,4046,2017,2029,182474.6
22310006633000,1212,566,646,53691.6
22310006634000,719,355,364,22576.6
22310006635000,282,133,149,8770.2
22310006636000,43,26,17,1806
22310006637000,37,22,15,1513.3
22310006638000,36,16,20,1274.4
22310006639000,93,46,47,3933.9
22310006640000,198,96,102,7227
22310006641000,101,45,56,4161.2
22310006642000,37,20,17,1387.5
22310006643000,9,4,5,348.3
22310006644000,66,36,30,2791.8
22310006645000,61,31,30,2336.3
22310006646000,33,16,17,1029.6
22310006661000,4,3,1,0
22310006662000,1,1,0,0
22310006666000,1,1,0,0
22310006667000,15,6,9,588
22310006668000,134,70,64,6150.6
22310006669000,269,146,123,10275.8
22310006670000,178,97,81,6924.2
22310006671000,6,3,3,390
22310006675000,43,19,24,1814.6
22310006676000,145,69,76,6090
22310006677000,1,1,0,0
22310006682000,19,12,7,706.8
22310006683000,39,22,17,1602.9
22310006688000,27,14,13,1231.2
22310006689000,17,10,7,742.9
22310006690000,16,8,8,771.2
22310006691000,15,10,5,736.5
22310006692000,9,4,5,377.1
22310006696000,20,10,10,842
22310006697000,36,19,17,1695.6
22310006752000,5,2,3,218
22310006753000,77,31,46,3395.7
22310006754000,140,65,75,6034
22310006755000,466,212,254,23579.6
22310006756000,24,14,10,1408.8
22310006757000,23,11,12,1124.7
22310006758000,1,1,0,0
22310006759000,1,1,0,0
22310006760000,1,1,0,0
22310006761000,22,10,12,1188
22310006762000,4,3,1,0
22310006763000,6,2,4,249
22310006764000,39,18,21,1758.9
22310006765000,30,14,16,1323
22310006766000,4,2,2,0
22310006769000,2,1,1,0
22310006772000,21,11,10,632.1
22310006773000,25,12,13,967.5
22310006774000,4,2,2,0
22310006775000,7,4,3,273.7
22310006776000,1,1,0,0
22310006804000,2,1,1,0
22310006805000,9,6,3,459
22310006807000,1,1,0,0
22310006830000,10,4,6,346
22310006831000,14,8,6,523.6
22310006832000,33,17,16,1217.7
22310006833000,6,3,3,219
22310006834000,308,167,141,12751.2
22310006835000,234,122,112,10881
22310006836000,38,20,18,1755.6
22310006837000,29,19,10,1258.6
22310006838000,7,5,2,312.2
22310006839000,27,13,14,1185.3
22310006840000,7,5,2,230.3
22310006901000,7,4,3,375.2
22310006902000,3,2,1,0
22310006903000,10,6,4,570
22310006904000,24,12,12,1308
22310006951000,3,3,0,0
22310006952000,9,5,4,379.8
22310006953000,2,2,0,0
22310006954000,32,16,16,1276.8
22310006955000,8,5,3,324.8
22310006980000,6,4,2,118.8
22310006993000,2,1,1,0
22310007000000,21,12,9,903
22310007001000,6,3,3,277.2
22310007002000,36,18,18,1681.2
22310007003000,6,2,4,235.2
22310007008000,9,5,4,424.8
22310007010000,9,3,6,251.1
22310007011000,293,148,145,11309.8
22310007014000,10,5,5,432
22310007018000,2,1,1,0
22310007019000,4,2,2,0
22310007022000,11,7,4,375.1
22310007023000,5,2,3,195
22310007027000,2,1,1,0
22310007028000,9,5,4,288
22310007029000,12,6,6,567.6
22310007030000,5,4,1,322
22310007031000,2,1,1,0
22310007043000,5,4,1,275
22310007058000,1,1,0,0
22310007064000,3,2,1,0
22310007065000,4,2,2,0
22310007069000,20,10,10,802
22310007070000,65,42,23,2710.5
22310007071000,13,6,7,721.5
22310007076000,6,2,4,211.8
22310007077000,10,5,5,418
22320006563000,11,4,7,663.3
22320006564000,27,13,14,1255.5
22320006565000,18,12,6,905.4
22320006566000,4,2,2,0
22320006567000,12,6,6,404.4
22320006568000,17,8,9,508.3
22320006569000,43,22,21,1969.4
22320006570000,106,56,50,4144.6
22320006571000,19,14,5,896.8
22320006572000,155,86,69,5673
22320006573000,387,192,195,17918.1
22320006574000,540,250,290,28404
22320006575000,317,163,154,10714.6
22320006576000,39,14,25,1653.6
22320006577000,50,24,26,1515
22320006578000,88,51,37,3317.6
22320006579000,252,119,133,8668.8
22320006580000,39,24,15,1618.5
22320006581000,45,22,23,1984.5
22320006582000,3,2,1,0
22320006583000,12,7,5,552
22320006584000,52,35,17,1882.4
22320006585000,36,21,15,1170
22320006586000,21,13,8,970.2
22320006587000,55,28,27,2282.5
22320006588000,66,34,32,2422.2
22320006589000,435,216,219,13267.5
22320006590000,18,9,9,743.4
22320006591000,41,25,16,1496.5
22320006592000,25,11,14,842.5
22320006593000,16,10,6,724.8
22320006594000,5,2,3,268
22320006595000,688,346,342,27451.2
22320006596000,241,123,118,10001.5
22320006597000,175,101,74,6265
22320006598000,19,9,10,704.9
22320006599000,19,10,9,830.3
22320006600000,29,18,11,1307.9
22320006601000,33,19,14,1293.6
22320006602000,6,2,4,214.2
22320006603000,38,18,20,1846.8
22320006604000,220,115,105,9306
22320006605000,145,73,72,5002.5
22320006606000,19,8,11,824.6
22320006607000,128,63,65,3379.2
22320006608000,9,6,3,485.1
22320006611000,74,35,39,4070
22320006612000,760,376,384,32984
22320006613000,493,234,259,17698.7
22320006614000,4,1,3,0
22320006615000,1,1,0,0
22320006616000,5,3,2,200
22320006618000,21,10,11,705.6
22320006619000,13,6,7,447.2
22320006620000,24,12,12,830.4
22320006621000,49,26,23,2131.5
22320006622000,6,2,4,217.8
22320006623000,57,30,27,2297.1
22320006624000,834,435,399,28939.8
22320006625000,315,159,156,11056.5
22320006626000,85,46,39,3672
22320006627000,345,188,157,11626.5
22320006628000,145,91,54,4451.5
22320006630000,2401,1203,1198,97720.7
22320006631000,31,21,10,1438.4
22320006632000,418,210,208,14546.4
22320006633000,1297,662,635,48637.5
22320006634000,345,172,173,12144
22320006635000,255,133,122,10149
22320006636000,403,196,207,14790.1
22320006637000,1046,521,525,37865.2
22320006638000,98,55,43,3635.8
22320006639000,73,41,32,2752.1
22320006640000,56,36,20,2290.4
22320006641000,27,17,10,1023.3
22320006642000,45,24,21,2173.5
22320006643000,138,69,69,5119.8
22320006644000,152,80,72,6399.2
22320006645000,307,157,150,12126.5
22320006646000,272,148,124,9955.2
22320006667000,55,29,26,2904
22320006668000,74,39,35,3330
22320006669000,104,53,51,4264
22320006670000,54,29,25,2473.2
22320006671000,34,16,18,1533.4
22320006672000,7,3,4,315.7
22320006674000,1,0,1,0
22320006676000,44,23,21,1755.6
22320006677000,43,26,17,1668.4
22320006678000,35,19,16,1414
22320006679000,30,15,15,1110
22320006680000,17,8,9,792.2
22320006681000,12,8,4,520.8
22320006682000,10,6,4,388
22320006683000,28,15,13,1299.2
22320006686000,20,11,9,854
22320006687000,36,16,20,1432.8
22320006688000,24,9,15,1135.2
22320006689000,3,2,1,0
22320006690000,4,2,2,0
22320006691000,20,11,9,788
22320006692000,31,14,17,1094.3
22320006693000,60,33,27,2112
22320006694000,22,12,10,996.6
22320006695000,16,9,7,900.8
22320006696000,24,11,13,1106.4
22320006697000,10,6,4,424
22320006718000,8,3,5,460
22320006721000,6,3,3,189
22320006723000,1,1,0,0
22320006750000,1,1,0,0
22320006752000,26,15,11,1097.2
22320006753000,186,96,90,8909.4
22320006754000,1006,509,497,42453.2
22320006755000,303,132,171,14544
22320006756000,30,13,17,1308
22320006757000,2,1,1,0
22320006760000,18,10,8,707.4
22320006761000,13,7,6,751.4
22320006762000,4,3,1,0
22320006763000,5,3,2,211
22320006764000,31,15,16,1426
22320006768000,10,3,7,314
22320006769000,9,6,3,473.4
22320006770000,1,1,0,0
22320006771000,28,15,13,1212.4
22320006772000,12,5,7,636
22320006776000,7,3,4,249.9
22320006802000,9,6,3,601.2
22320006803000,38,22,16,1793.6
22320006804000,20,10,10,816
22320006829000,2,1,1,0
22320006830000,1,1,0,0
22320006831000,35,17,18,1319.5
22320006832000,30,13,17,1500
22320006833000,32,20,12,870.4
22320006834000,64,27,37,2681.6
22320006835000,47,19,28,2115
22320006836000,42,23,19,1797.6
22320006837000,4,3,1,0
22320006901000,18,13,5,799.2
22320006902000,14,6,8,477.4
22320006903000,11,7,4,324.5
22320006904000,2,1,1,0
22320006952000,1,1,0,0
22320006953000,4,1,3,0
22320006954000,5,3,2,144
22320006955000,42,20,22,1810.2
22320006956000,27,13,14,764.1
22320006987000,5,3,2,256
22320006988000,5,2,3,166
22320006993000,11,7,4,435.6
22320006994000,18,10,8,982.8
22320006995000,2,1,1,0
22320006996000,6,2,4,421.2
22320006997000,12,5,7,718.8
22320006998000,17,9,8,911.2
22320006999000,30,15,15,1245
22320007000000,32,19,13,1209.6
22320007001000,195,92,103,8638.5
22320007002000,296,143,153,13408.8
22320007003000,1,1,0,0
22320007005000,6,3,3,192
22320007006000,79,41,38,3136.3
22320007007000,86,48,38,3698
22320007008000,162,82,80,7549.2
22320007009000,145,70,75,6771.5
22320007010000,85,56,29,3366
22320007011000,2,1,1,0
22320007014000,10,3,7,448
22320007024000,14,8,6,722.4
22320007026000,3,1,2,0
22320007027000,4,2,2,0
22320007028000,4,1,3,0
22320007029000,15,10,5,576
22320007030000,4,2,2,0
22320007033000,1,1,0,0
22320007063000,5,1,4,356
22320007064000,2,1,1,0
22320007065000,6,2,4,396
22320007071000,14,8,6,646.8
22320007072000,28,15,13,1274
22320007073000,18,12,6,874.8
22320007074000,10,5,5,532
22320007076000,1,1,0,0
22320007077000,21,10,11,915.6
22320007082000,8,6,2,436.8
22320007083000,6,4,2,247.8
22330006565000,5,2,3,249
22330006566000,30,13,17,1566
22330006567000,12,4,8,613.2
22330006568000,6,3,3,279
22330006569000,38,20,18,1843
22330006571000,368,190,178,15124.8
22330006572000,224,119,105,9430.4
22330006573000,349,182,167,14029.8
22330006574000,575,295,280,22885
22330006575000,207,108,99,7245
22330006577000,1,1,0,0
22330006579000,443,237,206,16346.7
22330006580000,842,436,406,31827.6
22330006581000,23,15,8,910.8
22330006582000,11,5,6,558.8
22330006583000,47,24,23,1912.9
22330006584000,1,1,0,0
22330006585000,5,2,3,187
22330006586000,74,39,35,2826.8
22330006587000,257,125,132,9663.2
22330006589000,4,2,2,0
22330006590000,34,19,15,1115.2
22330006591000,25,12,13,805
22330006592000,38,21,17,1402.2
22330006593000,72,34,38,2512.8
22330006594000,16,10,6,625.6
22330006595000,19,8,11,944.3
22330006596000,176,87,89,6036.8
22330006597000,28,18,10,1307.6
22330006598000,19,12,7,600.4
22330006599000,35,23,12,1585.5
22330006600000,11,6,5,466.4
22330006601000,36,19,17,1609.2
22330006602000,7,5,2,235.9
22330006603000,258,142,116,9494.4
22330006604000,717,351,366,32766.9
22330006605000,393,184,209,16427.4
22330006606000,989,483,506,39164.4
22330006607000,135,75,60,5440.5
22330006608000,4,2,2,0
22330006610000,39,24,15,1446.9
22330006611000,430,211,219,15652
22330006612000,89,43,46,2963.7
22330006613000,20,12,8,768
22330006621000,9,4,5,357.3
22330006622000,9,4,5,392.4
22330006623000,4,2,2,0
22330006624000,22,13,9,990
22330006625000,40,21,19,1748
22330006626000,27,13,14,1476.9
22330006627000,782,385,397,25336.8
22330006628000,1492,779,713,58038.8
22330006629000,1514,745,769,59954.4
22330006630000,429,233,196,16001.7
22330006633000,816,417,399,30192
22330006634000,362,211,151,13575
22330006635000,218,120,98,8284
22330006636000,346,186,160,13597.8
22330006637000,1102,512,590,51132.8
22330006638000,97,50,47,3773.3
22330006639000,55,27,28,2062.5
22330006640000,93,49,44,3589.8
22330006641000,18,11,7,599.4
22330006642000,45,24,21,1939.5
22330006643000,1,0,1,0
22330006644000,57,26,31,2593.5
22330006645000,43,25,18,1449.1
22330006646000,40,17,23,1544
22330006647000,58,33,25,2540.4
22330006648000,123,64,59,4231.2
22330006649000,63,34,29,2753.1
22330006660000,6,2,4,265.8
22330006667000,25,13,12,865
22330006668000,51,28,23,1994.1
22330006669000,118,63,55,5864.6
22330006670000,64,26,38,2604.8
22330006671000,43,21,22,2076.9
22330006672000,22,10,12,1071.4
22330006673000,4,1,3,0
22330006674000,13,8,5,612.3
22330006675000,29,15,14,1618.2
22330006676000,41,23,18,1471.9
22330006677000,79,39,40,3586.6
22330006678000,13,7,6,611
22330006680000,134,69,65,5654.8
22330006681000,903,435,468,42260.4
22330006682000,642,319,323,23497.2
22330006684000,3,3,0,0
22330006685000,36,18,18,1458
22330006686000,6,4,2,249
22330006688000,6,3,3,279
22330006689000,41,23,18,1746.6
22330006690000,105,57,48,4263
22330006691000,493,230,263,20459.5
22330006692000,52,31,21,2085.2
22330006693000,26,12,14,1183
22330006694000,25,15,10,915
22330006695000,26,13,13,1084.2
22330006696000,42,26,16,1852.2
22330006750000,41,23,18,1566.2
22330006751000,16,7,9,915.2
22330006752000,11,6,5,688.6
22330006753000,224,113,111,8422.4
22330006754000,632,315,317,27112.8
22330006755000,67,29,38,2994.9
22330006756000,28,15,13,1260
22330006757000,6,3,3,274.8
22330006761000,6,4,2,285
22330006762000,5,3,2,214
22330006764000,39,20,19,1809.6
22330006765000,27,12,15,1128.6
22330006766000,8,3,5,484.8
22330006767000,37,17,20,1628
22330006768000,16,9,7,876.8
22330006769000,2,1,1,0
22330006770000,2,1,1,0
22330006771000,7,3,4,238
22330006772000,3,1,2,0
22330006773000,1,0,1,0
22330006776000,3,2,1,0
22330006801000,2,1,1,0
22330006802000,3,1,2,0
22330006803000,22,12,10,1084.6
22330006830000,3,2,1,0
22330006831000,9,4,5,414.9
22330006832000,138,62,76,6403.2
22330006833000,140,69,71,5768
22330006834000,32,14,18,1353.6
22330006835000,21,8,13,1213.8
22330006836000,7,4,3,205.8
22330006954000,1,1,0,0
22330006955000,2,1,1,0
22330006956000,7,4,3,317.8
22330006987000,21,12,9,997.5
22330006988000,6,2,4,388.8
22330006993000,12,6,6,412.8
22330006994000,97,50,47,4345.6
22330006995000,107,59,48,4365.6
22330006996000,12,5,7,466.8
22330006997000,12,6,6,528
22330006998000,22,9,13,924
22330006999000,13,8,5,416
22330007000000,58,31,27,2250.4
22330007001000,134,50,84,8133.8
22330007002000,9,3,6,401.4
22330007006000,10,4,6,307
22330007008000,6,3,3,270
22330007009000,17,8,9,758.2
22330007010000,208,106,102,8964.8
22330007011000,243,128,115,10011.6
22330007012000,123,67,56,4329.6
22330007013000,21,10,11,800.1
22330007014000,7,4,3,468.3
22330007015000,2,1,1,0
22330007018000,9,5,4,385.2
22330007026000,26,14,12,1079
22330007027000,8,6,2,318.4
22330007063000,19,12,7,817
22330007064000,1,1,0,0
22330007065000,8,3,5,400.8
22330007072000,19,11,8,1014.6
22330007073000,10,4,6,506
22330007077000,316,163,153,14567.6
22330007082000,42,21,21,1554
22330007083000,33,19,14,1531.2
22330007084000,5,2,3,190
22340006565000,4,2,2,0
22340006566000,52,30,22,2236
22340006567000,33,14,19,1584
22340006572000,25,13,12,1095
22340006573000,130,68,62,5733
22340006574000,187,87,100,6227.1
22340006575000,131,62,69,4847
22340006576000,127,67,60,4826
22340006577000,65,41,24,2431
22340006578000,23,11,12,657.8
22340006579000,55,26,29,1958
22340006580000,443,223,220,20998.2
22340006581000,281,136,145,10425.1
22340006582000,12,7,5,483.6
22340006583000,16,12,4,728
22340006584000,5,3,2,211
22340006585000,27,13,14,1201.5
22340006586000,49,30,19,1577.8
22340006587000,31,17,14,1060.2
22340006588000,21,10,11,903
22340006590000,5,2,3,83
22340006591000,8,5,3,351.2
22340006592000,5,4,1,140
22340006593000,13,6,7,522.6
22340006594000,15,9,6,585
22340006595000,15,8,7,589.5
22340006596000,9,3,6,302.4
22340006597000,16,9,7,824
22340006598000,8,4,4,344
22340006599000,15,6,9,648
22340006600000,10,4,6,456
22340006601000,13,9,4,648.7
22340006602000,558,268,290,22599
22340006603000,1960,974,986,84868
22340006604000,1045,507,538,52354.5
22340006605000,145,60,85,6945.5
22340006609000,32,18,14,1292.8
22340006610000,27,15,12,1212.3
22340006611000,18,9,9,783
22340006627000,364,183,181,13431.6
22340006628000,45,26,19,1777.5
22340006632000,141,71,70,4723.5
22340006633000,135,75,60,5022
22340006634000,52,37,15,2147.6
22340006635000,27,15,12,1274.4
22340006636000,79,43,36,3223.2
22340006637000,553,313,240,22175.3
22340006638000,509,237,272,23719.4
22340006639000,1697,812,885,73649.8
22340006640000,945,451,494,41769
22340006641000,107,63,44,4825.7
22340006642000,242,122,120,7623
22340006643000,101,52,49,4110.7
22340006644000,40,24,16,2072
22340006645000,23,11,12,1014.3
22340006646000,6,4,2,262.2
22340006647000,58,31,27,2192.4
22340006648000,14,4,10,597.8
22340006649000,40,23,17,1440
22340006650000,63,37,26,2286.9
22340006653000,4,1,3,0
22340006659000,12,9,3,583.2
22340006669000,5,3,2,324
22340006670000,149,76,73,5527.9
22340006671000,80,42,38,3696
22340006672000,82,47,35,3181.6
22340006673000,23,21,2,1023.5
22340006674000,38,18,20,1531.4
22340006675000,17,8,9,618.8
22340006676000,18,11,7,831.6
22340006677000,27,15,12,1250.1
22340006678000,4,3,1,0
22340006679000,15,8,7,597
22340006680000,475,241,234,20187.5
22340006681000,397,175,222,17706.2
22340006682000,1,1,0,0
22340006684000,3,1,2,0
22340006685000,20,12,8,572
22340006686000,46,25,21,2116
22340006687000,81,42,39,3888
22340006688000,19,9,10,874
22340006689000,4,2,2,0
22340006690000,1,1,0,0
22340006691000,202,100,102,8282
22340006692000,112,59,53,3796.8
22340006693000,7,4,3,284.9
22340006695000,6,4,2,274.8
22340006696000,22,10,12,891
22340006719000,2,1,1,0
22340006749000,38,20,18,1611.2
22340006750000,101,47,54,3888.5
22340006751000,17,7,10,550.8
22340006752000,16,6,10,790.4
22340006753000,3,2,1,0
22340006754000,3,2,1,0
22340006755000,20,9,11,840
22340006756000,5,3,2,220
22340006769000,17,10,7,742.9
22340006771000,31,14,17,1357.8
22340006772000,30,16,14,1251
22340006774000,4,2,2,0
22340006775000,38,18,20,2021.6
22340006776000,2,1,1,0
22340006794000,1,1,0,0
22340006798000,10,5,5,484
22340006799000,22,12,10,1051.6
22340006800000,6,4,2,268.8
22340006801000,13,8,5,426.4
22340006831000,26,13,13,995.8
22340006832000,57,28,29,1869.6
22340006833000,5,4,1,180
22340006834000,18,8,10,732.6
22340006835000,9,6,3,327.6
22340006841000,19,11,8,841.7
22340006842000,14,8,6,574
22340006843000,25,18,7,1015
22340006844000,1,1,0,0
22340006845000,15,9,6,643.5
22340006846000,4,1,3,0
22340006847000,10,6,4,453
22340006899000,2,1,1,0
22340006901000,3,2,1,0
22340006954000,6,1,5,166.2
22340006956000,3,1,2,0
22340006958000,6,4,2,292.8
22340006986000,11,6,5,544.5
22340006987000,17,7,10,707.2
22340006988000,15,8,7,625.5
22340006989000,10,6,4,571
22340006990000,3,2,1,0
22340006991000,11,7,4,345.4
22340006993000,9,4,5,476.1
22340006994000,79,38,41,3452.3
22340006995000,132,64,68,6177.6
22340006996000,21,11,10,896.7
22340006997000,8,3,5,588.8
22340006998000,12,7,5,522
22340007013000,19,7,12,807.5
22340007014000,15,8,7,562.5
22340007015000,37,19,18,1450.4
22340007018000,17,9,8,827.9
22340007026000,5,2,3,210
22340007027000,9,5,4,537.3
22340007028000,21,14,7,541.8
22340007063000,6,3,3,321
22340007064000,13,4,9,559
22340007065000,83,38,45,3984
22340007072000,4,3,1,0
22340007075000,10,6,4,358
22340007076000,57,27,30,2399.7
22340007077000,84,44,40,3595.2
22340007081000,14,9,5,691.6
22340007082000,3,2,1,0
22340007083000,5,2,3,109
22340007084000,26,14,12,1162.2
22340007085000,3,2,1,0
22350006560000,3,1,2,0
22350006561000,13,6,7,465.4
22350006562000,69,35,34,3450
22350006563000,69,34,35,3029.1
22350006564000,6,3,3,115.2
22350006567000,12,6,6,705.6
22350006568000,105,56,49,5050.5
22350006569000,98,43,55,3753.4
22350006570000,119,63,56,5105.1
22350006571000,141,67,74,5625.9
22350006572000,23,14,9,931.5
22350006573000,4,2,2,0
22350006574000,524,293,231,12261.6
22350006575000,89,43,46,2794.6
22350006576000,341,164,177,13026.2
22350006577000,879,445,434,29358.6
22350006578000,706,350,356,28381.2
22350006579000,1153,571,582,45082.3
22350006580000,39,21,18,1735.5
22350006581000,201,118,83,7276.2
22350006582000,122,60,62,4318.8
22350006583000,70,37,33,2758
22350006585000,19,9,10,742.9
22350006587000,6,4,2,207
22350006588000,38,20,18,1265.4
22350006589000,16,8,8,550.4
22350006590000,211,112,99,6836.4
22350006591000,27,15,12,1185.3
22350006592000,56,29,27,2374.4
22350006593000,27,13,14,1134
22350006594000,19,11,8,657.4
22350006595000,30,16,14,1116
22350006596000,19,12,7,965.2
22350006597000,9,6,3,345.6
22350006598000,37,21,16,1875.9
22350006599000,50,26,24,2015
22350006600000,16,10,6,512
22350006601000,154,83,71,5359.2
22350006602000,482,233,249,20918.8
22350006603000,648,311,337,27928.8
22350006608000,2,1,1,0
22350006609000,72,34,38,2714.4
22350006610000,13,6,7,559
22350006611000,1,0,1,0
22350006626000,55,30,25,2376
22350006627000,32,19,13,1219.2
22350006630000,146,71,75,7767.2
22350006631000,70,35,35,4417
22350006632000,343,161,182,13068.3
22350006633000,745,365,380,31886
22350006634000,418,213,205,17597.8
22350006635000,535,287,248,22149
22350006636000,156,78,78,5896.8
22350006637000,489,243,246,18679.8
22350006639000,3,3,0,0
22350006640000,1136,599,537,46462.4
22350006641000,1321,648,673,52047.4
22350006642000,7,4,3,375.9
22350006643000,40,20,20,1456
22350006644000,28,15,13,1164.8
22350006645000,31,16,15,1550
22350006646000,15,12,3,754.5
22350006647000,10,6,4,353
22350006648000,46,23,23,1656
22350006649000,82,44,38,3583.4
22350006650000,324,166,158,11793.6
22350006652000,23,13,10,818.8
22350006653000,50,24,26,2260
22350006654000,11,6,5,391.6
22350006658000,3,2,1,0
22350006666000,8,5,3,314.4
22350006668000,6,3,3,313.8
22350006669000,5,2,3,294
22350006670000,29,17,12,1162.9
22350006671000,23,9,14,938.4
22350006673000,234,124,110,7698.6
22350006674000,242,123,119,8639.4
22350006675000,32,16,16,1168
22350006677000,115,54,61,4427.5
22350006678000,386,177,209,15594.4
22350006679000,894,416,478,35938.8
22350006680000,485,244,241,19303
22350006681000,186,99,87,6975
22350006682000,166,85,81,6474
22350006683000,6,5,1,318
22350006684000,12,8,4,596.4
22350006685000,149,84,65,5960
22350006686000,29,15,14,1073
22350006692000,2,1,1,0
22350006693000,3,2,1,0
22350006748000,14,6,8,478.8
22350006749000,63,34,29,2614.5
22350006750000,16,10,6,640
22350006751000,28,15,13,1050
22350006752000,4,2,2,0
22350006754000,2,1,1,0
22350006764000,3,1,2,0
22350006765000,13,5,8,509.6
22350006766000,30,17,13,831
22350006767000,25,11,14,1052.5
22350006768000,83,43,40,3975.7
22350006769000,70,31,39,3346
22350006770000,18,8,10,664.2
22350006772000,25,11,14,1130
22350006774000,16,8,8,878.4
22350006775000,10,7,3,349
22350006797000,6,4,2,198
22350006798000,28,15,13,1570.8
22350006799000,59,28,31,2159.4
22350006800000,24,13,11,967.2
22350006831000,5,3,2,214
22350006832000,56,28,28,2279.2
22350006834000,4,3,1,0
22350006835000,14,7,7,593.6
22350006840000,13,6,7,496.6
22350006841000,7,3,4,352.8
22350006899000,16,11,5,864
22350006900000,11,4,7,540.1
22350006955000,1,0,1,0
22350006958000,1,1,0,0
22350006985000,1,1,0,0
22350006986000,18,10,8,820.8
22350006988000,4,3,1,0
22350006989000,2,2,0,0
22350006990000,7,4,3,343.7
22350006991000,7,6,1,350
22350006992000,20,13,7,948
22350006993000,2,2,0,0
22350006994000,61,31,30,2525.4
22350006995000,3,2,1,0
22350007005000,2,1,1,0
22350007008000,3,1,2,0
22350007014000,58,30,28,2093.8
22350007015000,267,137,130,10466.4
22350007016000,33,19,14,1221
22350007017000,4,3,1,0
22350007018000,34,17,17,1404.2
22350007019000,1,1,0,0
22350007023000,15,8,7,601.5
22350007024000,22,13,9,721.6
22350007026000,3,2,1,0
22350007027000,20,7,13,910
22350007028000,9,5,4,342
22350007029000,16,8,8,568
22350007063000,7,3,4,165.9
22350007064000,32,16,16,1356.8
22350007065000,32,18,14,1324.8
22350007071000,63,32,31,1934.1
22350007072000,602,306,296,21792.4
22350007073000,293,141,152,13536.6
22350007074000,90,48,42,4068
22350007075000,17,10,7,571.2
22350007076000,60,34,26,2448
22350007077000,31,17,14,1351.6
22350007078000,15,7,8,537
22350007081000,18,10,8,874.8
22350007085000,9,5,4,450
22360006555000,7,4,3,237.3
22360006556000,82,42,40,3878.6
22360006557000,209,98,111,9384.1
22360006558000,27,12,15,1393.2
22360006559000,5,2,3,323
22360006560000,124,65,59,4848.4
22360006561000,577,276,301,26772.8
22360006562000,813,393,420,37885.8
22360006563000,67,37,30,2807.3
22360006564000,74,43,31,3041.4
22360006565000,66,39,27,2699.4
22360006566000,145,70,75,7322.5
22360006567000,159,86,73,7457.1
22360006568000,139,73,66,6255
22360006569000,188,96,92,8027.6
22360006570000,76,38,38,3078
22360006571000,295,140,155,9912
22360006572000,101,50,51,4161.2
22360006573000,32,15,17,1289.6
22360006574000,25,12,13,1310
22360006575000,336,164,172,17740.8
22360006576000,128,67,61,5196.8
22360006577000,275,131,144,12870
22360006578000,248,130,118,10416
22360006579000,90,50,40,3465
22360006580000,6,2,4,156
22360006581000,1,1,0,0
22360006582000,12,7,5,570
22360006583000,22,11,11,884.4
22360006584000,27,13,14,1036.8
22360006586000,15,9,6,685.5
22360006587000,21,10,11,894.6
22360006588000,20,10,10,600
22360006589000,303,159,144,9605.1
22360006590000,104,56,48,4420
22360006591000,74,32,42,2590
22360006592000,52,32,20,1976
22360006593000,6,3,3,408
22360006594000,41,22,19,1459.6
22360006595000,23,15,8,986.7
22360006596000,15,8,7,456
22360006597000,22,14,8,880
22360006598000,7,4,3,266.7
22360006599000,24,14,10,777.6
22360006600000,44,21,23,1909.6
22360006601000,59,31,28,2808.4
22360006606000,36,17,19,1342.8
22360006607000,188,84,104,8065.2
22360006608000,45,23,22,1674
22360006609000,44,22,22,2195.6
22360006610000,3,2,1,0
22360006611000,1,1,0,0
22360006612000,4,2,2,0
22360006625000,7,5,2,247.8
22360006626000,49,31,18,1788.5
22360006629000,90,42,48,4113
22360006630000,672,334,338,29164.8
22360006631000,171,87,84,8601.3
22360006632000,170,88,82,6052
22360006633000,8,4,4,312
22360006639000,81,44,37,3539.7
22360006640000,81,35,46,3329.1
22360006641000,101,48,53,3918.8
22360006642000,4,3,1,0
22360006645000,4,3,1,0
22360006646000,24,16,8,830.4
22360006647000,21,11,10,735
22360006648000,296,134,162,11277.6
22360006649000,220,107,113,9262
22360006650000,14,10,4,397.6
22360006651000,18,11,7,657
22360006652000,15,9,6,568.5
22360006653000,15,8,7,643.5
22360006654000,65,33,32,2691
22360006655000,17,10,7,469.2
22360006656000,22,13,9,1003.2
22360006660000,26,10,16,1287
22360006661000,68,38,30,3318.4
22360006662000,35,19,16,1501.5
22360006663000,51,27,24,2284.8
22360006664000,34,19,15,1309
22360006665000,65,28,37,2931.5
22360006668000,12,5,7,638.4
22360006669000,168,76,92,6535.2
22360006670000,80,35,45,3464
22360006671000,18,10,8,903.6
22360006672000,10,6,4,428
22360006674000,29,12,17,1386.2
22360006675000,10,3,7,322
22360006676000,27,7,20,918
22360006677000,672,358,314,24864
22360006678000,862,423,439,39048.6
22360006679000,1736,880,856,77946.4
22360006680000,1491,727,764,64858.5
22360006681000,536,244,292,25567.2
22360006682000,126,55,71,4498.2
22360006683000,49,29,20,2361.8
22360006684000,42,23,19,1486.8
22360006685000,2,1,1,0
22360006686000,47,23,24,1800.1
22360006687000,1,1,0,0
22360006719000,2,1,1,0
22360006720000,8,5,3,206.4
22360006721000,2,1,1,0
22360006749000,22,13,9,715
22360006750000,78,45,33,3112.2
22360006754000,5,2,3,209
22360006755000,4,2,2,0
22360006756000,3,2,1,0
22360006764000,2,1,1,0
22360006765000,26,14,12,1084.2
22360006766000,43,23,20,1595.3
22360006767000,51,25,26,1769.7
22360006768000,21,11,10,835.8
22360006769000,3,1,2,0
22360006772000,6,4,2,252
22360006794000,5,2,3,209
22360006796000,7,3,4,195.3
22360006797000,9,5,4,216
22360006798000,6,3,3,225
22360006800000,7,3,4,343
22360006810000,3,2,1,0
22360006811000,3,1,2,0
22360006832000,14,8,6,586.6
22360006833000,30,15,15,1632
22360006834000,58,29,29,2296.8
22360006835000,7,5,2,336.7
22360006837000,3,1,2,0
22360006838000,2,1,1,0
22360006839000,16,8,8,556.8
22360006840000,10,5,5,422
22360006892000,15,8,7,610.5
22360006895000,2,1,1,0
22360006899000,5,3,2,210
22360006900000,22,12,10,1108.8
22360006954000,1,1,0,0
22360006957000,6,1,5,177
22360006958000,12,5,7,543.6
22360006979000,1,1,0,0
22360006980000,5,3,2,265
22360006981000,3,2,1,0
22360006982000,1,1,0,0
22360006983000,2,1,1,0
22360006984000,15,7,8,678
22360006985000,31,17,14,1317.5
22360006986000,1,1,0,0
22360006991000,3,2,1,0
22360006992000,3,1,2,0
22360006993000,1,0,1,0
22360007007000,1,1,0,0
22360007013000,15,6,9,544.5
22360007014000,54,28,26,1965.6
22360007015000,34,17,17,1227.4
22360007016000,40,19,21,1384
22360007017000,43,22,21,1702.8
22360007018000,158,87,71,6620.2
22360007020000,25,11,14,925
22360007021000,21,11,10,676.2
22360007022000,23,12,11,779.7
22360007023000,19,11,8,737.2
22360007024000,37,17,20,1439.3
22360007025000,9,5,4,446.4
22360007026000,18,9,9,914.4
22360007027000,32,15,17,1427.2
22360007029000,2,1,1,0
22360007048000,6,4,2,337.2
22360007049000,1,0,1,0
22360007064000,21,12,9,1134
22360007065000,18,12,6,736.2
22360007066000,2,2,0,0
22360007071000,71,37,34,2201
22360007072000,599,286,313,23960
22360007073000,492,245,247,22090.8
22360007074000,42,24,18,1755.6
22360007075000,64,34,30,2649.6
22360007076000,25,16,9,1095
22360007077000,41,21,20,1619.5
22360007078000,33,17,16,1560.9
22360007081000,5,2,3,224
22360007085000,13,7,6,474.5
22360007086000,12,5,7,345.6
22360007087000,4,3,1,0
22360007088000,17,9,8,601.8
22370006556000,11,5,6,566.5
22370006557000,17,11,6,714
22370006558000,38,21,17,1706.2
22370006559000,4,2,2,0
22370006560000,104,46,58,4711.2
22370006561000,380,199,181,16948
22370006562000,238,115,123,9948.4
22370006563000,91,49,42,4049.5
22370006564000,332,155,177,13512.4
22370006565000,155,66,89,6680.5
22370006566000,76,37,39,3032.4
22370006567000,143,74,69,6435
22370006568000,98,46,52,4076.8
22370006569000,132,66,66,5346
22370006570000,108,54,54,4190.4
22370006571000,186,96,90,7254
22370006572000,70,37,33,2408
22370006573000,168,88,80,7140
22370006574000,277,127,150,12381.9
22370006575000,1043,450,593,49959.7
22370006576000,1924,934,990,73881.6
22370006577000,597,300,297,24417.3
22370006578000,1466,750,716,61132.2
22370006579000,38,19,19,1979.8
22370006580000,16,9,7,684.8
22370006581000,27,12,15,1026
22370006582000,1,0,1,0
22370006583000,1,1,0,0
22370006584000,762,377,385,27813
22370006585000,36,20,16,1566
22370006586000,16,10,6,683.2
22370006587000,2,1,1,0
22370006588000,25,11,14,860
22370006589000,40,27,13,1904
22370006590000,32,17,15,1212.8
22370006591000,23,14,9,765.9
22370006592000,8,4,4,320.8
22370006593000,20,10,10,868
22370006594000,30,14,16,951
22370006595000,29,17,12,1035.3
22370006596000,165,84,81,6468
22370006597000,32,16,16,886.4
22370006598000,24,9,15,1056
22370006599000,2,2,0,0
22370006606000,8,5,3,382.4
22370006607000,8,3,5,416
22370006608000,49,28,21,1955.1
22370006609000,46,23,23,1835.4
22370006625000,262,140,122,9091.4
22370006626000,69,36,33,3263.7
22370006628000,4,2,2,0
22370006629000,3,3,0,0
22370006630000,820,380,440,30504
22370006631000,557,304,253,20441.9
22370006632000,516,248,268,23116.8
22370006633000,17,7,10,630.7
22370006639000,384,201,183,14976
22370006640000,688,350,338,21740.8
22370006641000,150,88,62,5670
22370006642000,23,12,11,993.6
22370006643000,2,1,1,0
22370006647000,30,16,14,1431
22370006648000,52,26,26,2178.8
22370006649000,158,82,76,6288.4
22370006651000,2,1,1,0
22370006652000,12,8,4,375.6
22370006653000,18,12,6,604.8
22370006654000,6,3,3,306
22370006655000,11,5,6,357.5
22370006659000,2,1,1,0
22370006660000,40,17,23,1788
22370006666000,418,216,202,15549.6
22370006667000,17,9,8,795.6
22370006668000,44,19,25,1584
22370006669000,445,200,245,22339
22370006670000,436,216,220,18094
22370006671000,87,45,42,4010.7
22370006672000,24,11,13,852
22370006673000,76,43,33,3435.2
22370006674000,74,37,37,3411.4
22370006675000,224,113,111,9878.4
22370006676000,47,27,20,2279.5
22370006677000,233,117,116,10019
22370006678000,491,264,227,19394.5
22370006679000,1474,710,764,66182.6
22370006680000,2063,976,1087,88090.1
22370006681000,619,315,304,24388.6
22370006682000,297,139,158,8256.6
22370006683000,88,51,37,4039.2
22370006684000,100,61,39,3940
22370006685000,153,82,71,7099.2
22370006686000,9,3,6,564.3
22370006718000,23,8,15,1058
22370006719000,9,5,4,502.2
22370006748000,15,6,9,496.5
22370006749000,4,3,1,0
22370006750000,90,46,44,3276
22370006754000,30,16,14,849
22370006755000,15,9,6,595.5
22370006756000,17,7,10,622.2
22370006764000,29,13,16,1180.3
22370006765000,58,28,30,2517.2
22370006767000,3,1,2,0
22370006772000,6,2,4,300
22370006793000,5,3,2,151
22370006794000,32,19,13,1676.8
22370006795000,16,8,8,649.6
22370006796000,22,11,11,1036.2
22370006797000,2,0,2,0
22370006803000,5,3,2,290
22370006809000,1,1,0,0
22370006810000,16,10,6,627.2
22370006831000,2,1,1,0
22370006832000,2,1,1,0
22370006833000,19,13,6,767.6
22370006834000,29,13,16,1563.1
22370006835000,6,4,2,226.8
22370006836000,14,8,6,637
22370006837000,8,6,2,286.4
22370006838000,37,19,18,1369
22370006839000,22,11,11,998.8
22370006885000,18,10,8,568.8
22370006895000,15,7,8,280.5
22370006896000,5,2,3,247
22370006897000,3,2,1,0
22370006899000,10,6,4,392
22370006900000,4,2,2,0
22370006957000,44,22,22,1469.6
22370006958000,31,19,12,1531.4
22370006959000,5,3,2,195
22370006965000,6,2,4,202.2
22370006979000,48,26,22,2236.8
22370006980000,40,21,19,1556
22370006981000,7,4,3,413.7
22370006982000,91,43,48,4531.8
22370006983000,56,31,25,2548
22370006984000,6,2,4,105
22370007013000,4,2,2,0
22370007015000,9,5,4,384.3
22370007016000,11,7,4,273.9
22370007018000,187,96,91,6114.9
22370007019000,59,31,28,2572.4
22370007020000,65,34,31,2359.5
22370007021000,51,28,23,2111.4
22370007022000,17,7,10,742.9
22370007023000,34,17,17,1346.4
22370007024000,81,45,36,3215.7
22370007025000,72,33,39,3067.2
22370007026000,19,11,8,655.5
22370007027000,31,17,14,1243.1
22370007030000,5,2,3,173
22370007048000,6,3,3,319.8
22370007049000,9,3,6,314.1
22370007051000,1,0,1,0
22370007064000,23,10,13,832.6
22370007065000,27,14,13,1047.6
22370007067000,23,14,9,756.7
22370007074000,5,2,3,249
22370007075000,60,25,35,1734
22370007076000,25,11,14,1115
22370007077000,181,87,94,6950.4
22370007078000,89,45,44,3426.5
22370007079000,12,7,5,753.6
22370007085000,5,2,3,332
22370007086000,28,14,14,1268.4
22370007087000,82,41,41,3345.6
22370007088000,16,8,8,742.4
22370007089000,1,0,1,0
22380006556000,21,12,9,1203.3
22380006557000,217,108,109,10633
22380006558000,85,44,41,4513.5
22380006559000,31,17,14,1711.2
22380006560000,33,16,17,1831.5
22380006562000,28,14,14,1358
22380006563000,12,7,5,693.6
22380006565000,55,26,29,2662
22380006566000,5,3,2,236
22380006567000,232,118,114,9604.8
22380006568000,327,164,163,13962.9
22380006569000,59,35,24,2301
22380006570000,27,13,14,1350
22380006571000,66,32,34,2626.8
22380006572000,215,105,110,9116
22380006573000,164,73,91,8692
22380006574000,396,200,196,15523.2
22380006575000,1132,571,561,44148
22380006576000,1811,885,926,70629
22380006577000,1954,949,1005,79137
22380006578000,2752,1423,1329,113382.4
22380006579000,2751,1323,1428,121594.2
22380006580000,393,201,192,19296.3
22380006581000,82,39,43,3083.2
22380006582000,140,69,71,5040
22380006583000,30,19,11,1158
22380006584000,811,409,402,29763.7
22380006585000,102,50,52,3886.2
22380006586000,3,2,1,0
22380006588000,3,2,1,0
22380006589000,28,16,12,1257.2
22380006590000,15,9,6,813
22380006591000,528,268,260,16262.4
22380006592000,359,181,178,13211.2
22380006593000,37,20,17,1457.8
22380006594000,8,2,6,335.2
22380006595000,305,146,159,11742.5
22380006596000,304,156,148,13132.8
22380006597000,71,34,37,2513.4
22380006598000,1,0,1,0
22380006608000,78,41,37,3237
22380006609000,357,182,175,14172.9
22380006610000,11,8,3,533.5
22380006612000,6,2,4,207
22380006624000,84,41,43,3284.4
22380006625000,594,308,286,23106.6
22380006626000,2,1,1,0
22380006628000,14,8,6,697.2
22380006629000,104,60,44,3629.6
22380006630000,44,25,19,1909.6
22380006631000,1280,623,657,48640
22380006632000,827,386,441,32501.1
22380006633000,33,20,13,1593.9
22380006634000,2,2,0,0
22380006635000,3,3,0,0
22380006639000,13,5,8,707.2
22380006640000,699,361,338,25443.6
22380006641000,312,158,154,10608
22380006642000,18,10,8,739.8
22380006650000,6,5,1,298.2
22380006658000,13,5,8,569.4
22380006666000,18,11,7,696.6
22380006667000,91,47,44,4904.9
22380006668000,321,160,161,13289.4
22380006669000,68,37,31,2210
22380006670000,444,235,209,13364.4
22380006671000,407,195,212,15221.8
22380006672000,12,5,7,474
22380006673000,30,14,16,1356
22380006674000,14,8,6,638.4
22380006675000,129,66,63,5160
22380006676000,41,20,21,1795.8
22380006677000,9,6,3,439.2
22380006678000,69,33,36,3256.8
22380006679000,278,136,142,10925.4
22380006680000,389,200,189,18477.5
22380006681000,117,63,54,4773.6
22380006682000,61,32,29,1781.2
22380006685000,21,12,9,995.4
22380006686000,21,13,8,1169.7
22380006712000,9,5,4,350.1
22380006716000,1,1,0,0
22380006747000,2,1,1,0
22380006748000,39,22,17,2000.7
22380006750000,128,72,56,4979.2
22380006753000,6,3,3,139.8
22380006755000,22,10,12,869
22380006756000,17,9,8,814.3
22380006757000,3,1,2,0
22380006758000,1,0,1,0
22380006764000,6,1,5,208.2
22380006765000,33,17,16,1399.2
22380006766000,9,5,4,458.1
22380006789000,10,6,4,420
22380006790000,6,4,2,387
22380006791000,4,2,2,0
22380006792000,27,14,13,1293.3
22380006793000,23,14,9,867.1
22380006794000,142,63,79,7781.6
22380006795000,67,32,35,3671.6
22380006796000,9,4,5,528.3
22380006801000,1,1,0,0
22380006802000,33,15,18,1419
22380006803000,25,15,10,1110
22380006804000,12,6,6,576
22380006831000,6,2,4,202.2
22380006833000,40,20,20,1800
22380006834000,90,44,46,3573
22380006835000,2,2,0,0
22380006836000,7,4,3,301
22380006837000,4,1,3,0
22380006840000,2,1,1,0
22380006879000,2,1,1,0
22380006885000,1,0,1,0
22380006889000,5,3,2,234
22380006896000,2,1,1,0
22380006897000,4,1,3,0
22380006899000,189,99,90,9506.7
22380006900000,62,34,28,2374.6
22380006957000,11,6,5,413.6
22380006958000,10,5,5,241
22380006959000,2,1,1,0
22380006965000,14,6,8,565.6
22380006979000,79,45,34,3491.8
22380006981000,11,7,4,445.5
22380006982000,8,3,5,338.4
22380007007000,2,1,1,0
22380007012000,3,1,2,0
22380007017000,28,19,9,949.2
22380007018000,17,12,5,576.3
22380007019000,53,26,27,2051.1
22380007020000,43,26,17,1681.3
22380007021000,16,11,5,624
22380007023000,76,37,39,2660
22380007024000,89,45,44,2901.4
22380007025000,136,71,65,5168
22380007026000,18,12,6,925.2
22380007027000,61,30,31,2781.6
22380007028000,4,3,1,0
22380007030000,23,11,12,862.5
22380007049000,4,2,2,0
22380007050000,3,2,1,0
22380007064000,6,3,3,294
22380007065000,36,19,17,1731.6
22380007066000,7,3,4,326.2
22380007074000,18,8,10,757.8
22380007075000,211,116,95,8144.6
22380007076000,71,36,35,3081.4
22380007077000,354,174,180,14620.2
22380007078000,20,10,10,1096
22380007079000,77,38,39,2887.5
22380007080000,38,16,22,1242.6
22380007081000,38,19,19,1413.6
22380007082000,11,8,3,390.5
22380007085000,6,3,3,174
22380007086000,16,9,7,668.8
22380007087000,32,16,16,1507.2
22380007088000,12,8,4,507.6
22380007089000,31,15,16,1199.7
22380007090000,4,1,3,0
22390006556000,5,1,4,249
22390006557000,102,50,52,5273.4
22390006558000,108,51,57,5205.6
22390006566000,37,18,19,1350.5
22390006567000,52,24,28,2522
22390006568000,424,217,207,17511.2
22390006569000,322,153,169,12010.6
22390006570000,368,187,181,16044.8
22390006571000,716,339,377,28711.6
22390006572000,466,230,236,19106
22390006573000,461,233,228,18808.8
22390006574000,324,170,154,12668.4
22390006575000,708,342,366,31081.2
22390006576000,224,115,109,9721.6
22390006577000,453,211,242,22559.4
22390006578000,1393,684,709,58506
22390006579000,1768,797,971,69305.6
22390006580000,1280,590,690,59648
22390006581000,1600,831,769,63840
22390006582000,1823,889,934,70914.7
22390006583000,674,323,351,23253
22390006584000,8,6,2,458.4
22390006585000,118,68,50,5203.8
22390006586000,99,52,47,4118.4
22390006587000,26,12,14,1346.8
22390006588000,14,8,6,600.6
22390006589000,42,21,21,1726.2
22390006590000,33,14,19,1244.1
22390006591000,563,290,273,19479.8
22390006592000,349,174,175,13680.8
22390006593000,29,16,13,1467.4
22390006594000,41,23,18,1648.2
22390006595000,12,7,5,384
22390006597000,16,8,8,726.4
22390006598000,4,3,1,0
22390006608000,4,2,2,0
22390006609000,120,60,60,5292
22390006610000,512,266,246,22579.2
22390006611000,165,85,80,6336
22390006612000,62,32,30,2641.2
22390006613000,10,5,5,392
22390006614000,21,11,10,762.3
22390006616000,4,2,2,0
22390006617000,44,23,21,2261.6
22390006618000,37,23,14,1065.6
22390006619000,2,1,1,0
22390006621000,8,4,4,467.2
22390006622000,79,41,38,4029
22390006623000,75,40,35,3637.5
22390006624000,61,28,33,2714.5
22390006625000,21,12,9,777
22390006628000,117,64,53,4644.9
22390006629000,563,276,287,19367.2
22390006630000,177,93,84,5770.2
22390006631000,237,120,117,9551.1
22390006632000,110,54,56,4378
22390006633000,2,1,1,0
22390006639000,269,136,133,10679.3
22390006640000,336,175,161,13070.4
22390006641000,25,12,13,975
22390006642000,14,10,4,589.4
22390006643000,7,1,6,352.8
22390006651000,6,3,3,334.8
22390006656000,5,3,2,381
22390006657000,21,12,9,963.9
22390006665000,8,2,6,240
22390006667000,703,351,352,27627.9
22390006668000,4,3,1,0
22390006672000,2,2,0,0
22390006673000,25,15,10,1170
22390006674000,69,35,34,2801.4
22390006675000,42,22,20,1759.8
22390006676000,48,25,23,2246.4
22390006677000,73,37,36,3190.1
22390006678000,78,37,41,3455.4
22390006679000,101,53,48,4272.3
22390006680000,13,8,5,543.4
22390006681000,161,85,76,6262.9
22390006682000,32,28,4,1312
22390006683000,31,19,12,1091.2
22390006712000,5,2,3,313
22390006713000,4,2,2,0
22390006714000,6,3,3,268.2
22390006715000,2,0,2,0
22390006716000,14,9,5,799.4
22390006717000,1,1,0,0
22390006741000,1,1,0,0
22390006745000,30,17,13,1215
22390006746000,50,26,24,2405
22390006747000,10,5,5,533
22390006748000,2,1,1,0
22390006750000,147,72,75,5821.2
22390006751000,2,2,0,0
22390006754000,23,12,11,1138.5
22390006755000,1,1,0,0
22390006756000,4,2,2,0
22390006757000,30,20,10,1053
22390006765000,8,5,3,380.8
22390006766000,17,9,8,552.5
22390006767000,6,4,2,184.8
22390006787000,4,1,3,0
22390006788000,13,5,8,514.8
22390006789000,26,11,15,1341.6
22390006790000,12,8,4,591.6
22390006791000,31,14,17,1289.6
22390006792000,18,9,9,720
22390006793000,46,25,21,2097.6
22390006794000,177,86,91,8832.3
22390006795000,273,132,141,12639.9
22390006796000,5,2,3,177
22390006799000,13,7,6,447.2
22390006800000,27,12,15,1125.9
22390006801000,27,16,11,1007.1
22390006802000,33,15,18,1788.6
22390006803000,65,33,32,2470
22390006804000,34,15,19,1441.6
22390006805000,7,4,3,203
22390006822000,15,15,0,550.5
22390006831000,2,1,1,0
22390006832000,7,3,4,359.8
22390006833000,20,11,9,1012
22390006834000,28,15,13,1271.2
22390006879000,7,3,4,280
22390006880000,5,1,4,284
22390006881000,10,5,5,409
22390006882000,3,1,2,0
22390006883000,7,4,3,258.3
22390006884000,10,6,4,484
22390006887000,13,5,8,464.1
22390006888000,7,5,2,338.1
22390006897000,7,4,3,231
22390006898000,16,7,9,796.8
22390006899000,295,138,157,14956.5
22390006900000,36,19,17,1494
22390006959000,15,8,7,490.5
22390006960000,5,4,1,339
22390006961000,5,4,1,233
22390006962000,5,2,3,208
22390006966000,2,1,1,0
22390006977000,6,4,2,195
22390006978000,42,25,17,1814.4
22390006979000,11,4,7,430.1
22390007006000,8,5,3,336
22390007011000,4,2,2,0
22390007015000,1,1,0,0
22390007017000,12,7,5,465.6
22390007018000,56,32,24,1825.6
22390007019000,7,3,4,212.8
22390007023000,13,7,6,529.1
22390007024000,103,59,44,3677.1
22390007025000,328,164,164,12595.2
22390007026000,50,21,29,1810
22390007027000,21,11,10,835.8
22390007028000,6,3,3,286.2
22390007030000,25,11,14,1030
22390007031000,31,14,17,1224.5
22390007049000,37,22,15,1158.1
22390007051000,8,5,3,399.2
22390007052000,2,1,1,0
22390007058000,5,1,4,153
22390007060000,14,8,6,684.6
22390007061000,32,16,16,1411.2
22390007064000,3,2,1,0
22390007065000,3,2,1,0
22390007066000,11,6,5,621.5
22390007068000,3,1,2,0
22390007074000,12,6,6,328.8
22390007075000,25,15,10,992.5
22390007076000,42,23,19,1848
22390007077000,5,3,2,177
22390007078000,43,23,20,1771.6
22390007079000,107,54,53,4023.2
22390007080000,120,58,62,3804
22390007081000,17,9,8,683.4
22390007083000,8,4,4,318.4
22390007084000,4,1,3,0
22390007086000,20,11,9,890
22390007087000,34,20,14,1445
22390007089000,23,13,10,1127
22390007090000,24,13,11,1024.8
22400006568000,104,48,56,5252
22400006569000,188,99,89,9061.6
22400006570000,395,193,202,16787.5
22400006571000,467,237,230,20361.2
22400006572000,742,376,366,31312.4
22400006573000,940,463,477,40232
22400006574000,553,279,274,21014
22400006575000,818,393,425,37382.6
22400006576000,359,184,175,16873
22400006577000,389,199,190,15987.9
22400006578000,1452,709,743,58080
22400006579000,1551,720,831,76309.2
22400006580000,596,287,309,26820
22400006581000,46,25,21,2014.8
22400006582000,62,32,30,2145.2
22400006583000,309,157,152,10320.6
22400006584000,15,8,7,781.5
22400006585000,50,29,21,1800
22400006586000,24,12,12,777.6
22400006587000,115,52,63,4669
22400006588000,105,57,48,4042.5
22400006589000,136,78,58,4460.8
22400006590000,19,11,8,834.1
22400006591000,90,49,41,2835
22400006592000,14,5,9,600.6
22400006593000,52,23,29,1955.2
22400006594000,14,8,6,541.8
22400006595000,11,7,4,585.2
22400006596000,37,24,13,1494.8
22400006597000,43,26,17,1840.4
22400006598000,7,3,4,366.1
22400006607000,2,1,1,0
22400006608000,12,6,6,568.8
22400006609000,3,2,1,0
22400006611000,21,7,14,804.3
22400006614000,6,4,2,303
22400006615000,78,40,38,3346.2
22400006616000,691,342,349,31440.5
22400006617000,985,468,517,41271.5
22400006618000,1282,657,625,53844
22400006619000,214,111,103,8089.2
22400006620000,7,4,3,272.3
22400006621000,14,7,7,686
22400006622000,45,25,20,2029.5
22400006626000,53,23,30,2681.8
22400006627000,25,13,12,750
22400006628000,34,19,15,1258
22400006629000,53,27,26,1913.3
22400006630000,44,19,25,1685.2
22400006631000,255,113,142,13362
22400006632000,74,44,30,2841.6
22400006638000,465,227,238,17112
22400006639000,428,220,208,16092.8
22400006640000,901,466,435,32075.6
22400006641000,96,57,39,3820.8
22400006642000,22,13,9,814
22400006655000,34,20,14,1458.6
22400006656000,232,129,103,10068.8
22400006657000,3,1,2,0
22400006660000,2,1,1,0
22400006667000,58,31,27,1873.4
22400006668000,21,13,8,1123.5
22400006669000,24,14,10,1216.8
22400006670000,1,1,0,0
22400006674000,46,27,19,1886
22400006675000,29,16,13,1302.1
22400006676000,9,5,4,341.1
22400006677000,11,6,5,288.2
22400006678000,186,103,83,7700.4
22400006679000,282,131,151,10828.8
22400006680000,436,207,229,18050.4
22400006681000,132,65,67,5306.4
22400006682000,27,16,11,1101.6
22400006714000,2,0,2,0
22400006716000,4,2,2,0
22400006718000,20,14,6,812
22400006719000,3,1,2,0
22400006740000,20,12,8,932
22400006741000,48,30,18,2452.8
22400006742000,19,11,8,693.5
22400006743000,8,3,5,384
22400006745000,7,3,4,277.9
22400006746000,8,5,3,258.4
22400006747000,6,3,3,276
22400006748000,2,1,1,0
22400006749000,55,27,28,2068
22400006750000,71,37,34,2541.8
22400006751000,8,5,3,344.8
22400006754000,3,2,1,0
22400006757000,8,4,4,470.4
22400006758000,2,1,1,0
22400006765000,26,14,12,1125.8
22400006766000,5,2,3,310
22400006767000,5,2,3,88
22400006786000,2,1,1,0
22400006787000,17,9,8,744.6
22400006788000,24,12,12,972
22400006789000,5,2,3,164
22400006790000,1,0,1,0
22400006791000,6,4,2,214.8
22400006793000,9,4,5,315
22400006794000,32,14,18,1481.6
22400006795000,4,2,2,0
22400006796000,20,11,9,684
22400006797000,7,4,3,308
22400006798000,2,1,1,0
22400006799000,21,11,10,1339.8
22400006800000,46,20,26,1784.8
22400006801000,70,39,31,2492
22400006802000,58,31,27,2847.8
22400006803000,25,10,15,1002.5
22400006804000,65,32,33,2840.5
22400006805000,6,2,4,271.8
22400006821000,8,4,4,380
22400006822000,7,3,4,319.2
22400006825000,8,5,3,443.2
22400006830000,8,3,5,264.8
22400006831000,3,1,2,0
22400006832000,168,82,86,8316
22400006833000,30,14,16,1197
22400006834000,9,4,5,369.9
22400006841000,1,1,0,0
22400006844000,6,1,5,271.8
22400006845000,4,2,2,0
22400006847000,15,7,8,592.5
22400006875000,3,2,1,0
22400006891000,1,1,0,0
22400006897000,3,2,1,0
22400006898000,26,13,13,1216.8
22400006899000,11,5,6,555.5
22400006900000,6,3,3,433.2
22400006960000,13,7,6,525.2
22400006961000,8,4,4,464.8
22400006962000,8,4,4,420
22400006963000,5,3,2,158
22400006977000,9,6,3,356.4
22400006978000,32,15,17,1289.6
22400006979000,8,3,5,311.2
22400007015000,4,3,1,0
22400007018000,12,6,6,555.6
22400007023000,2,1,1,0
22400007024000,14,9,5,504
22400007025000,782,351,431,38239.8
22400007026000,859,423,436,33329.2
22400007027000,135,70,65,5494.5
22400007028000,48,26,22,1752
22400007029000,1,1,0,0
22400007030000,169,94,75,5762.9
22400007031000,454,224,230,16389.4
22400007032000,6,3,3,219
22400007049000,29,18,11,1067.2
22400007050000,20,11,9,912
22400007051000,44,25,19,1707.2
22400007052000,76,38,38,3382
22400007053000,44,23,21,1936
22400007058000,4,2,2,0
22400007059000,1,1,0,0
22400007060000,1,0,1,0
22400007074000,7,4,3,275.1
22400007075000,27,16,11,1136.7
22400007076000,3,2,1,0
22400007077000,1,1,0,0
22400007079000,2,1,1,0
22400007080000,31,14,17,1565.5
22400007081000,15,7,8,826.5
22400007082000,1,0,1,0
22400007083000,5,1,4,188
22400007087000,4,2,2,0
22400007089000,11,5,6,498.3
22400007090000,61,30,31,2549.8
22400007091000,47,26,21,2002.2
22410006571000,3,2,1,0
22410006573000,1,1,0,0
22410006574000,84,40,44,4284
22410006575000,833,411,422,35402.5
22410006576000,876,438,438,38719.2
22410006577000,1048,507,541,42968
22410006578000,281,129,152,14106.2
22410006579000,2119,994,1125,86879
22410006580000,797,389,408,31162.7
22410006581000,178,97,81,6532.6
22410006582000,80,41,39,3320
22410006583000,57,30,27,2297.1
22410006584000,37,22,15,1646.5
22410006585000,7,5,2,350.7
22410006586000,7,4,3,245
22410006587000,1240,619,621,53940
22410006588000,395,190,205,17103.5
22410006589000,31,24,7,861.8
22410006590000,273,140,133,10046.4
22410006591000,781,399,382,31161.9
22410006593000,12,8,4,367.2
22410006594000,22,10,12,631.4
22410006595000,256,125,131,10240
22410006596000,642,325,317,26643
22410006597000,617,305,312,27024.6
22410006598000,130,62,68,6214
22410006607000,7,6,1,242.9
22410006608000,9,6,3,538.2
22410006609000,19,11,8,761.9
22410006610000,45,21,24,2209.5
22410006611000,176,93,83,9099.2
22410006616000,167,81,86,7682
22410006617000,488,236,252,24253.6
22410006618000,168,91,77,6837.6
22410006619000,3,2,1,0
22410006625000,35,22,13,1512
22410006626000,65,32,33,2619.5
22410006630000,47,19,28,1612.1
22410006631000,708,351,357,25700.4
22410006632000,901,438,463,34598.4
22410006633000,559,287,272,18838.3
22410006634000,30,16,14,894
22410006635000,5,2,3,107
22410006636000,1,1,0,0
22410006637000,6,3,3,286.8
22410006638000,347,178,169,13602.4
22410006639000,25,10,15,1087.5
22410006640000,1598,782,816,61682.8
22410006641000,779,374,405,27420.8
22410006642000,54,35,19,2203.2
22410006643000,1,1,0,0
22410006654000,14,9,5,596.4
22410006655000,42,24,18,2070.6
22410006656000,25,19,6,1090
22410006657000,8,4,4,328
22410006669000,7,3,4,342.3
22410006670000,4,2,2,0
22410006671000,41,24,17,1947.5
22410006672000,21,13,8,903
22410006673000,24,12,12,979.2
22410006674000,20,12,8,1070
22410006675000,87,45,42,3897.6
22410006676000,28,12,16,893.2
22410006678000,35,22,13,1834
22410006679000,621,324,297,23970.6
22410006680000,828,408,420,35190
22410006681000,88,45,43,4083.2
22410006682000,111,56,55,3907.2
22410006683000,71,34,37,2946.5
22410006717000,19,6,13,1027.9
22410006718000,49,23,26,2156
22410006719000,41,22,19,1767.1
22410006720000,17,9,8,1009.8
22410006721000,13,6,7,452.4
22410006722000,3,2,1,0
22410006723000,10,6,4,381
22410006724000,9,5,4,356.4
22410006726000,5,3,2,259
22410006738000,2,1,1,0
22410006739000,17,10,7,885.7
22410006740000,9,5,4,261.9
22410006741000,1,1,0,0
22410006743000,2,1,1,0
22410006744000,16,9,7,828.8
22410006745000,31,14,17,1212.1
22410006746000,133,57,76,5120.5
22410006747000,62,31,31,2542
22410006748000,26,17,9,993.2
22410006749000,46,28,18,2139
22410006750000,33,18,15,1333.2
22410006754000,8,5,3,458.4
22410006758000,7,5,2,221.9
22410006764000,11,5,6,479.6
22410006765000,22,11,11,941.6
22410006766000,10,4,6,421
22410006767000,5,3,2,178
22410006786000,5,4,1,161
22410006787000,30,18,12,903
22410006794000,5,3,2,277
22410006795000,2,1,1,0
22410006796000,8,5,3,328
22410006797000,17,7,10,710.6
22410006798000,26,15,11,1359.8
22410006799000,10,6,4,421
22410006800000,91,52,39,3303.3
22410006801000,27,15,12,1023.3
22410006802000,32,17,15,1472
22410006803000,9,5,4,299.7
22410006804000,52,26,26,2397.2
22410006805000,12,5,7,681.6
22410006806000,23,14,9,823.4
22410006807000,8,4,4,276
22410006820000,7,2,5,343
22410006821000,12,5,7,390
22410006824000,6,4,2,285
22410006825000,5,2,3,118
22410006826000,17,7,10,574.6
22410006827000,3,2,1,0
22410006828000,10,7,3,638
22410006829000,16,7,9,542.4
22410006830000,14,6,8,557.2
22410006831000,601,274,327,26444
22410006832000,353,174,179,16132.1
22410006833000,2,1,1,0
22410006844000,7,3,4,424.9
22410006897000,11,5,6,385
22410006898000,79,40,39,3894.7
22410006899000,28,15,13,870.8
22410006961000,1,1,0,0
22410006962000,15,7,8,739.5
22410006963000,4,2,2,0
22410006965000,4,2,2,0
22410006966000,1,0,1,0
22410006977000,22,10,12,880
22410006978000,8,3,5,436.8
22410007016000,6,4,2,352.8
22410007024000,79,39,40,2938.8
22410007025000,79,47,32,2844
22410007026000,54,26,28,1306.8
22410007027000,788,370,418,31362.4
22410007028000,768,364,404,34329.6
22410007029000,876,413,463,43274.4
22410007030000,126,69,57,5632.2
22410007032000,3,2,1,0
22410007036000,2,1,1,0
22410007051000,14,8,6,715.4
22410007052000,55,23,32,2062.5
22410007053000,83,41,42,4050.4
22410007054000,9,5,4,583.2
22410007058000,4,1,3,0
22410007059000,8,4,4,408.8
22410007060000,6,4,2,196.8
22410007074000,124,61,63,5766
22410007075000,275,138,137,9350
22410007076000,19,8,11,587.1
22410007080000,15,10,5,696
22410007081000,22,14,8,1188
22410007082000,12,5,7,382.8
22410007083000,11,5,6,423.5
22410007090000,15,8,7,664.5
22410007091000,26,14,12,902.2
22410007092000,17,10,7,800.7
22420006571000,5,3,2,174
22420006575000,90,42,48,4797
22420006576000,119,63,56,4986.1
22420006577000,475,230,245,19807.5
22420006578000,1115,578,537,44154
22420006579000,2219,1087,1132,89869.5
22420006580000,658,322,336,24017
22420006581000,1315,641,674,42474.5
22420006582000,77,38,39,3395.7
22420006583000,56,32,24,2212
22420006584000,29,15,14,1171.6
22420006585000,36,21,15,1292.4
22420006586000,61,30,31,2623
22420006587000,684,332,352,32900.4
22420006588000,575,284,291,25702.5
22420006590000,18,10,8,853.2
22420006591000,185,94,91,6530.5
22420006592000,637,301,336,28728.7
22420006593000,1552,781,771,58355.2
22420006594000,2439,1182,1257,93901.5
22420006595000,2473,1223,1250,102134.9
22420006596000,1613,824,789,62423.1
22420006597000,311,145,166,15114.6
22420006598000,1,1,0,0
22420006606000,2,1,1,0
22420006607000,8,5,3,323.2
22420006608000,10,5,5,237
22420006609000,13,7,6,578.5
22420006610000,54,30,24,2327.4
22420006611000,60,33,27,3510
22420006612000,9,5,4,438.3
22420006613000,4,1,3,0
22420006615000,1,0,1,0
22420006616000,29,17,12,1154.2
22420006617000,111,57,54,4939.5
22420006619000,7,4,3,394.1
22420006622000,2,1,1,0
22420006623000,11,7,4,420.2
22420006625000,62,33,29,2244.4
22420006626000,3,1,2,0
22420006630000,7,2,5,221.2
22420006631000,780,405,375,31512
22420006632000,408,217,191,16197.6
22420006633000,66,39,27,1861.2
22420006634000,124,68,56,4464
22420006635000,395,209,186,14141
22420006636000,5,4,1,206
22420006637000,7,5,2,307.3
22420006638000,90,44,46,3321
22420006639000,1,1,0,0
22420006640000,273,139,134,9200.1
22420006641000,1365,667,698,52006.5
22420006642000,323,161,162,12564.7
22420006643000,102,51,51,4324.8
22420006644000,8,4,4,235.2
22420006654000,21,11,10,793.8
22420006672000,41,20,21,1672.8
22420006673000,38,19,19,1683.4
22420006674000,122,63,59,4733.6
22420006675000,45,23,22,1579.5
22420006678000,15,7,8,858
22420006679000,57,27,30,2234.4
22420006680000,65,31,34,3055
22420006681000,59,28,31,2265.6
22420006682000,46,28,18,1918.2
22420006683000,76,41,35,2933.6
22420006685000,77,31,46,3187.8
22420006686000,4,2,2,0
22420006687000,157,73,84,4553
22420006693000,11,5,6,366.3
22420006694000,5,3,2,230
22420006695000,30,16,14,1353
22420006697000,5,3,2,225
22420006717000,15,8,7,597
22420006718000,8,4,4,388
22420006721000,3,2,1,0
22420006725000,1,1,0,0
22420006726000,17,12,5,620.5
22420006727000,8,4,4,406.4
22420006728000,2,1,1,0
22420006737000,12,6,6,619.2
22420006738000,52,22,30,2532.4
22420006739000,27,13,14,1333.8
22420006741000,9,3,6,401.4
22420006742000,12,8,4,555.6
22420006746000,56,27,29,2626.4
22420006747000,17,7,10,707.2
22420006748000,7,3,4,280
22420006749000,5,3,2,247
22420006750000,37,16,21,1261.7
22420006753000,9,5,4,189
22420006754000,2,2,0,0
22420006758000,35,15,20,1235.5
22420006763000,6,2,4,229.2
22420006764000,46,25,21,1812.4
22420006765000,24,11,13,1159.2
22420006766000,9,4,5,442.8
22420006767000,3,1,2,0
22420006786000,13,6,7,482.3
22420006794000,3,2,1,0
22420006795000,15,8,7,730.5
22420006796000,51,27,24,1922.7
22420006797000,72,37,35,2872.8
22420006798000,61,35,26,2641.3
22420006799000,43,25,18,1646.9
22420006800000,60,30,30,2202
22420006801000,51,30,21,2106.3
22420006802000,29,16,13,1328.2
22420006804000,45,27,18,1570.5
22420006805000,121,53,68,5408.7
22420006806000,14,6,8,609
22420006807000,12,6,6,615.6
22420006818000,1,1,0,0
22420006819000,3,3,0,0
22420006820000,13,9,4,534.3
22420006821000,28,15,13,1450.4
22420006822000,37,19,18,1217.3
22420006823000,23,13,10,763.6
22420006824000,19,12,7,887.3
22420006825000,29,12,17,1023.7
22420006826000,8,3,5,272
22420006828000,2,2,0,0
22420006829000,6,2,4,339
22420006830000,146,69,77,7037.2
22420006831000,162,76,86,6755.4
22420006832000,49,25,24,2268.7
22420006833000,71,32,39,3436.4
22420006896000,8,3,5,331.2
22420006897000,22,10,12,974.6
22420006898000,23,13,10,876.3
22420006961000,1,1,0,0
22420006962000,2,1,1,0
22420006963000,9,4,5,480.6
22420006967000,10,7,3,360
22420006968000,6,1,5,246
22420006977000,8,4,4,332.8
22420007016000,4,2,2,0
22420007017000,2,2,0,0
22420007024000,4,2,2,0
22420007027000,82,40,42,2558.4
22420007028000,119,56,63,4295.9
22420007029000,969,505,464,39244.5
22420007030000,1756,882,874,70766.8
22420007033000,7,4,3,312.9
22420007036000,3,2,1,0
22420007048000,5,3,2,208
22420007049000,7,3,4,296.8
22420007051000,259,134,125,10489.5
22420007052000,168,76,92,7627.2
22420007053000,11,6,5,577.5
22420007054000,1,0,1,0
22420007056000,9,5,4,584.1
22420007057000,17,9,8,1079.5
22420007074000,30,16,14,1482
22420007075000,13,7,6,728
22420007076000,2,1,1,0
22420007079000,10,4,6,428
22420007080000,15,6,9,754.5
22420007081000,197,102,95,6776.8
22420007082000,68,37,31,1720.4
22420007083000,29,14,15,1148.4
22420007090000,44,21,23,1509.2
22420007091000,38,22,16,1827.8
22420007092000,31,10,21,1091.2
22420007093000,2,1,1,0
22430006576000,1,1,0,0
22430006577000,166,76,90,6274.8
22430006578000,173,87,86,8528.9
22430006579000,506,252,254,21252
22430006580000,710,343,367,27619
22430006581000,428,209,219,18532.4
22430006582000,104,54,50,3827.2
22430006583000,315,150,165,11308.5
22430006584000,302,158,144,10117
22430006585000,96,48,48,4252.8
22430006586000,190,90,100,8170
22430006587000,5,3,2,134
22430006591000,19,8,11,748.6
22430006592000,4,3,1,0
22430006593000,1833,908,925,79552.2
22430006594000,3721,1857,1864,164096.1
22430006595000,2842,1431,1411,129311
22430006596000,5,2,3,121
22430006609000,33,16,17,1244.1
22430006610000,81,35,46,2859.3
22430006611000,52,23,29,2262
22430006612000,20,10,10,700
22430006616000,126,53,73,5821.2
22430006617000,476,238,238,19373.2
22430006618000,15,8,7,405
22430006620000,12,5,7,458.4
22430006623000,12,6,6,543.6
22430006628000,15,6,9,595.5
22430006629000,12,5,7,442.8
22430006630000,93,52,41,3180.6
22430006631000,46,24,22,2079.2
22430006632000,27,15,12,969.3
22430006633000,22,8,14,939.4
22430006634000,38,22,16,1615
22430006635000,739,385,354,24756.5
22430006636000,625,292,333,28625
22430006637000,681,337,344,25128.9
22430006638000,27,16,11,1042.2
22430006639000,927,441,486,40417.2
22430006640000,2839,1447,1392,108449.8
22430006641000,1995,1011,984,73017
22430006642000,2005,962,1043,80801.5
22430006643000,401,211,190,15639
22430006644000,15,9,6,616.5
22430006645000,6,4,2,241.2
22430006646000,4,3,1,0
22430006647000,1,0,1,0
22430006653000,32,18,14,1203.2
22430006654000,31,15,16,1162.5
22430006658000,7,1,6,226.1
22430006674000,13,6,7,854.1
22430006678000,3,2,1,0
22430006681000,52,22,30,1799.2
22430006682000,78,42,36,3650.4
22430006683000,127,51,76,4711.7
22430006684000,106,58,48,4462.6
22430006685000,727,350,377,27844.1
22430006686000,583,295,288,23903
22430006687000,615,317,298,22878
22430006688000,226,116,110,8701
22430006692000,26,12,14,1154.4
22430006693000,22,10,12,996.6
22430006694000,1,0,1,0
22430006695000,1,0,1,0
22430006696000,8,4,4,494.4
22430006697000,14,9,5,785.4
22430006698000,53,31,22,2236.6
22430006701000,1,1,0,0
22430006717000,15,9,6,552
22430006719000,3,2,1,0
22430006720000,37,23,14,1616.9
22430006721000,22,12,10,1014.2
22430006727000,24,14,10,1248
22430006736000,9,5,4,392.4
22430006737000,15,9,6,718.5
22430006738000,1,0,1,0
22430006740000,21,13,8,995.4
22430006741000,9,4,5,459
22430006742000,19,8,11,803.7
22430006743000,28,13,15,1038.8
22430006745000,6,3,3,210
22430006746000,10,5,5,399
22430006747000,25,11,14,1205
22430006748000,1,1,0,0
22430006750000,2,1,1,0
22430006752000,15,10,5,517.5
22430006753000,41,17,24,1660.5
22430006759000,16,10,6,636.8
22430006760000,25,11,14,947.5
22430006763000,11,6,5,578.6
22430006764000,7,6,1,233.8
22430006765000,8,5,3,407.2
22430006785000,3,1,2,0
22430006786000,23,12,11,1145.4
22430006795000,4,1,3,0
22430006796000,36,18,18,1382.4
22430006797000,384,185,199,17932.8
22430006798000,362,196,166,14371.4
22430006799000,37,18,19,1406
22430006800000,30,20,10,1131
22430006801000,6,4,2,345
22430006805000,20,9,11,1022
22430006806000,15,7,8,754.5
22430006812000,1,1,0,0
22430006817000,10,6,4,366
22430006818000,1,0,1,0
22430006819000,22,11,11,1089
22430006820000,81,44,37,3159
22430006821000,52,30,22,2173.6
22430006822000,32,18,14,1283.2
22430006823000,227,120,107,10328.5
22430006824000,4,3,1,0
22430006826000,7,4,3,387.8
22430006827000,39,21,18,1462.5
22430006828000,18,10,8,815.4
22430006829000,29,15,14,1183.2
22430006830000,35,18,17,1487.5
22430006831000,8,3,5,427.2
22430006834000,2,1,1,0
22430006872000,1,1,0,0
22430006897000,7,4,3,499.1
22430006898000,3,2,1,0
22430006961000,11,5,6,357.5
22430006965000,1,1,0,0
22430006966000,28,15,13,1419.6
22430006967000,24,10,14,914.4
22430006968000,20,10,10,776
22430006969000,20,11,9,1006
22430006970000,11,5,6,585.2
22430006971000,4,2,2,0
22430006972000,2,1,1,0
22430006976000,1,1,0,0
22430007006000,16,9,7,628.8
22430007011000,1,1,0,0
22430007012000,1,0,1,0
22430007030000,91,45,46,2411.5
22430007033000,8,4,4,224.8
22430007034000,7,4,3,258.3
22430007036000,9,6,3,547.2
22430007049000,17,10,7,780.3
22430007050000,11,5,6,556.6
22430007051000,71,38,33,2996.2
22430007052000,2,1,1,0
22430007056000,2,1,1,0
22430007065000,40,20,20,2020
22430007066000,28,14,14,1366.4
22430007070000,1,1,0,0
22430007075000,42,23,19,1701
22430007076000,5,2,3,387
22430007078000,10,3,7,507
22430007079000,5,3,2,110
22430007080000,63,31,32,2904.3
22430007081000,193,89,104,9534.2
22430007083000,3,1,2,0
22430007088000,2,2,0,0
22430007089000,7,3,4,163.1
22430007090000,52,27,25,1903.2
22430007091000,124,65,59,5505.6
22440006581000,308,155,153,12412.4
22440006582000,88,41,47,3581.6
22440006583000,42,21,21,1755.6
22440006584000,40,17,23,1720
22440006594000,27,16,11,1328.4
22440006595000,71,31,40,3713.3
22440006596000,169,84,85,7554.3
22440006607000,2,1,1,0
22440006608000,5,3,2,150
22440006609000,35,19,16,1204
22440006610000,35,21,14,1613.5
22440006611000,7,3,4,207.9
22440006612000,2,1,1,0
22440006613000,4,3,1,0
22440006614000,20,10,10,804
22440006615000,56,28,28,2290.4
22440006616000,50,27,23,1900
22440006617000,109,64,45,3880.4
22440006618000,67,39,28,2546
22440006627000,7,4,3,433.3
22440006628000,16,8,8,860.8
22440006629000,88,46,42,3168
22440006630000,52,25,27,1924
22440006631000,15,8,7,727.5
22440006632000,29,14,15,1142.6
22440006633000,706,363,343,25486.6
22440006634000,93,50,43,3571.2
22440006635000,744,383,361,26709.6
22440006636000,1449,718,731,56221.2
22440006637000,488,248,240,18983.2
22440006638000,345,176,169,14248.5
22440006639000,1413,681,732,54259.2
22440006640000,1691,797,894,81675.3
22440006641000,1679,829,850,80927.8
22440006642000,1162,579,583,47990.6
22440006643000,99,45,54,4494.6
22440006644000,32,19,13,1718.4
22440006647000,40,16,24,2040
22440006648000,4,1,3,0
22440006650000,19,12,7,885.4
22440006651000,2,2,0,0
22440006652000,9,3,6,349.2
22440006653000,11,6,5,486.2
22440006654000,21,9,12,846.3
22440006656000,1,0,1,0
22440006658000,7,4,3,357
22440006660000,4,2,2,0
22440006679000,1,1,0,0
22440006683000,8,4,4,267.2
22440006684000,71,38,33,3095.6
22440006685000,19,13,6,807.5
22440006686000,44,24,20,2024
22440006687000,846,377,469,44161.2
22440006688000,262,130,132,10977.8
22440006689000,21,10,11,966
22440006698000,1,0,1,0
22440006700000,3,1,2,0
22440006701000,10,5,5,463
22440006702000,2,1,1,0
22440006703000,6,4,2,441
22440006704000,6,4,2,193.8
22440006710000,1,0,1,0
22440006717000,13,7,6,638.3
22440006718000,7,3,4,270.2
22440006720000,6,4,2,397.2
22440006721000,7,3,4,354.2
22440006722000,25,14,11,1390
22440006723000,58,29,29,2981.2
22440006724000,11,6,5,624.8
22440006725000,10,5,5,478
22440006728000,10,5,5,556
22440006729000,2,1,1,0
22440006731000,22,14,8,805.2
22440006732000,15,9,6,702
22440006733000,15,8,7,844.5
22440006734000,25,15,10,1302.5
22440006735000,9,6,3,594.9
22440006736000,2,1,1,0
22440006739000,4,3,1,0
22440006741000,28,14,14,1285.2
22440006742000,29,15,14,1197.7
22440006743000,1,0,1,0
22440006744000,7,4,3,335.3
22440006745000,3,2,1,0
22440006746000,33,14,19,1537.8
22440006747000,44,23,21,1597.2
22440006748000,5,4,1,222
22440006753000,71,38,33,2903.9
22440006754000,19,8,11,737.2
22440006759000,6,3,3,211.8
22440006760000,6,5,1,163.2
22440006762000,20,14,6,748
22440006763000,18,11,7,772.2
22440006764000,10,5,5,413
22440006785000,21,13,8,1014.3
22440006786000,19,12,7,573.8
22440006795000,10,4,6,526
22440006796000,38,19,19,1641.6
22440006797000,180,94,86,7902
22440006798000,9,6,3,375.3
22440006805000,4,1,3,0
22440006806000,3,2,1,0
22440006814000,6,3,3,150
22440006815000,1,1,0,0
22440006816000,15,8,7,579
22440006817000,5,2,3,109
22440006818000,10,5,5,263
22440006819000,6,2,4,264
22440006820000,130,63,67,4940
22440006821000,78,40,38,3198
22440006822000,272,134,138,14715.2
22440006823000,206,96,110,9064
22440006824000,10,5,5,445
22440006825000,10,5,5,431
22440006826000,15,8,7,631.5
22440006827000,28,13,15,1106
22440006828000,5,3,2,298
22440006829000,18,10,8,754.2
22440006871000,9,4,5,568.8
22440006897000,19,11,8,872.1
22440006898000,9,4,5,395.1
22440006962000,2,1,1,0
22440006963000,5,2,3,195
22440006966000,10,5,5,455
22440006967000,13,7,6,587.6
22440006968000,1,1,0,0
22440006969000,1,1,0,0
22440006971000,3,1,2,0
22440006972000,6,4,2,382.8
22440006973000,10,6,4,349
22440006976000,18,8,10,556.2
22440006977000,15,8,7,604.5
22440007005000,2,1,1,0
22440007006000,1,1,0,0
22440007007000,17,10,7,576.3
22440007008000,10,5,5,538
22440007009000,11,6,5,357.5
22440007010000,5,2,3,295
22440007011000,2,1,1,0
22440007012000,3,2,1,0
22440007034000,28,14,14,1316
22440007036000,18,9,9,766.8
22440007045000,18,6,12,741.6
22440007063000,5,3,2,367
22440007064000,20,13,7,518
22440007065000,126,72,54,5733
22440007066000,20,9,11,954
22440007067000,4,2,2,0
22440007068000,31,15,16,1376.4
22440007070000,3,1,2,0
22440007071000,12,7,5,717.6
22440007072000,4,2,2,0
22440007075000,17,9,8,491.3
22440007076000,35,19,16,1211
22440007078000,23,11,12,995.9
22440007079000,40,20,20,1564
22440007080000,88,44,44,3379.2
22440007081000,869,418,451,40321.6
22440007082000,173,89,84,5847.4
22440007083000,25,13,12,1042.5
22440007087000,11,5,6,321.2
22440007088000,6,3,3,244.8
22440007089000,1,1,0,0
22440007090000,38,21,17,1596
22440007091000,30,16,14,1464
22450006590000,6,6,0,279
22450006608000,1,1,0,0
22450006609000,32,13,19,1446.4
22450006610000,5,3,2,208
22450006611000,2,1,1,0
22450006612000,2,1,1,0
22450006614000,4,3,1,0
22450006615000,1,1,0,0
22450006616000,17,8,9,821.1
22450006617000,6,2,4,223.8
22450006618000,22,12,10,1058.2
22450006619000,12,6,6,601.2
22450006626000,13,7,6,481
22450006627000,77,43,34,3087.7
22450006628000,53,32,21,2247.2
22450006629000,7,5,2,298.2
22450006630000,22,10,12,794.2
22450006631000,2,1,1,0
22450006632000,277,152,125,10027.4
22450006633000,1756,890,866,64796.4
22450006634000,206,107,99,7498.4
22450006635000,392,192,200,14190.4
22450006636000,434,213,221,14191.8
22450006637000,68,37,31,2951.2
22450006638000,544,274,270,18985.6
22450006639000,1295,657,638,48562.5
22450006640000,2118,1056,1062,82390.2
22450006641000,2266,1098,1168,90866.6
22450006642000,1801,888,913,67537.5
22450006643000,1432,723,709,56564
22450006644000,908,458,450,33414.4
22450006645000,71,34,37,2201
22450006646000,38,19,19,1489.6
22450006647000,54,26,28,1971
22450006648000,19,8,11,720.1
22450006650000,13,7,6,504.4
22450006651000,446,235,211,17973.8
22450006652000,367,201,166,13432.2
22450006653000,29,17,12,1238.3
22450006674000,1,1,0,0
22450006686000,325,150,175,14105
22450006687000,59,28,31,2236.1
22450006692000,16,6,10,676.8
22450006693000,3,2,1,0
22450006694000,12,6,6,692.4
22450006695000,4,2,2,0
22450006696000,58,27,31,2592.6
22450006697000,27,14,13,1193.4
22450006704000,15,9,6,504
22450006705000,9,4,5,280.8
22450006706000,4,4,0,0
22450006707000,1,1,0,0
22450006708000,1,1,0,0
22450006711000,2,1,1,0
22450006715000,7,4,3,252.7
22450006716000,9,6,3,504.9
22450006717000,10,7,3,302
22450006718000,10,7,3,465
22450006719000,2,1,1,0
22450006725000,16,7,9,801.6
22450006726000,11,7,4,454.3
22450006727000,8,4,4,587.2
22450006728000,7,4,3,233.1
22450006729000,2,1,1,0
22450006730000,2,1,1,0
22450006731000,8,4,4,354.4
22450006732000,2,1,1,0
22450006738000,176,89,87,8676.8
22450006739000,25,13,12,1117.5
22450006740000,37,19,18,1912.9
22450006741000,32,13,19,1500.8
22450006742000,18,12,6,840.6
22450006743000,8,6,2,218.4
22450006746000,19,10,9,1027.9
22450006747000,4,2,2,0
22450006752000,14,5,9,588
22450006753000,22,11,11,1029.6
22450006759000,10,4,6,476
22450006760000,11,5,6,379.5
22450006761000,5,3,2,160
22450006762000,5,3,2,92
22450006784000,24,12,12,928.8
22450006785000,5,3,2,164
22450006786000,4,3,1,0
22450006793000,6,3,3,193.8
22450006794000,7,5,2,305.2
22450006795000,32,18,14,1484.8
22450006796000,11,4,7,444.4
22450006797000,40,22,18,1848
22450006798000,15,8,7,732
22450006799000,5,1,4,180
22450006803000,8,5,3,320
22450006804000,11,8,3,588.5
22450006805000,45,24,21,1813.5
22450006806000,5,3,2,155
22450006813000,9,5,4,405
22450006814000,21,15,6,997.5
22450006815000,21,12,9,1041.6
22450006816000,46,25,21,2010.2
22450006817000,35,16,19,1557.5
22450006818000,42,23,19,1789.2
22450006819000,61,27,34,2793.8
22450006820000,3,2,1,0
22450006821000,5,2,3,202
22450006822000,14,6,8,677.6
22450006823000,3,1,2,0
22450006824000,32,17,15,1456
22450006826000,3,2,1,0
22450006897000,4,3,1,0
22450006959000,10,4,6,349
22450006962000,12,4,8,426
22450006963000,31,13,18,976.5
22450006964000,15,8,7,708
22450006967000,5,2,3,130
22450006968000,2,2,0,0
22450006972000,3,1,2,0
22450006973000,1,1,0,0
22450006975000,61,30,31,2421.7
22450006976000,299,150,149,14830.4
22450006977000,203,90,113,10271.8
22450007009000,12,6,6,429.6
22450007010000,4,1,3,0
22450007023000,3,1,2,0
22450007034000,8,4,4,359.2
22450007035000,6,3,3,402
22450007036000,20,10,10,890
22450007045000,7,3,4,314.3
22450007046000,19,10,9,896.8
22450007047000,9,5,4,397.8
22450007048000,19,14,5,915.8
22450007066000,6,3,3,267
22450007067000,9,5,4,455.4
22450007068000,28,13,15,1484
22450007069000,7,4,3,303.8
22450007070000,13,6,7,533
22450007071000,74,33,41,3404
22450007072000,30,16,14,1389
22450007076000,7,4,3,448
22450007077000,14,7,7,695.8
22450007078000,22,11,11,1223.2
22450007079000,3,2,1,0
22450007080000,6,4,2,201
22450007081000,20,11,9,900
22450007082000,14,8,6,397.6
22450007083000,12,7,5,453.6
22450007084000,8,4,4,266.4
22450007089000,22,14,8,1031.8
22450007090000,19,10,9,469.3
22450007091000,4,3,1,0
22450007093000,4,3,1,0
22460006607000,4,3,1,0
22460006609000,4,2,2,0
22460006610000,12,9,3,514.8
22460006618000,10,5,5,423
22460006619000,16,8,8,702.4
22460006620000,7,3,4,347.2
22460006626000,222,111,111,6327
22460006627000,237,117,120,8555.7
22460006628000,51,29,22,2315.4
22460006629000,8,4,4,426.4
22460006633000,326,164,162,13757.2
22460006634000,1818,909,909,69993
22460006635000,1029,510,519,44144.1
22460006636000,1574,817,757,58080.6
22460006637000,278,141,137,10703
22460006638000,1624,813,811,61387.2
22460006639000,914,448,466,36560
22460006640000,421,204,217,18439.8
22460006641000,539,259,280,25279.1
22460006642000,1368,696,672,54309.6
22460006643000,1506,742,764,56776.2
22460006644000,935,477,458,34969
22460006645000,677,329,348,28163.2
22460006646000,803,408,395,32682.1
22460006647000,219,114,105,9263.7
22460006648000,34,21,13,1366.8
22460006649000,1127,579,548,41586.3
22460006650000,1042,531,511,41575.8
22460006651000,539,279,260,20913.2
22460006652000,1278,612,666,60321.6
22460006653000,26,17,9,1099.8
22460006655000,598,307,291,18478.2
22460006656000,240,129,111,7104
22460006657000,29,15,14,1244.1
22460006658000,3,3,0,0
22460006659000,3,2,1,0
22460006664000,8,5,3,319.2
22460006685000,1,1,0,0
22460006686000,536,256,280,21440
22460006687000,439,216,223,16813.7
22460006690000,14,8,6,575.4
22460006691000,13,8,5,582.4
22460006692000,72,40,32,2887.2
22460006693000,27,13,14,1077.3
22460006694000,23,14,9,825.7
22460006695000,1,1,0,0
22460006696000,34,20,14,1584.4
22460006697000,222,119,103,8058.6
22460006698000,91,48,43,4140.5
22460006707000,9,5,4,431.1
22460006708000,3,3,0,0
22460006709000,13,6,7,556.4
22460006712000,4,1,3,0
22460006713000,2,1,1,0
22460006714000,8,6,2,278.4
22460006715000,6,4,2,202.8
22460006718000,5,4,1,270
22460006728000,43,25,18,2412.3
22460006729000,27,13,14,982.8
22460006730000,29,15,14,1360.1
22460006731000,35,19,16,1666
22460006732000,4,2,2,0
22460006733000,50,25,25,2030
22460006734000,243,121,122,11250.9
22460006735000,233,115,118,9483.1
22460006736000,114,55,59,4810.8
22460006737000,249,127,122,11877.3
22460006738000,614,290,324,26709
22460006739000,160,72,88,6160
22460006740000,86,43,43,3612
22460006741000,28,16,12,1565.2
22460006746000,23,12,11,724.5
22460006752000,30,21,9,1377
22460006754000,24,14,10,1039.2
22460006759000,2,1,1,0
22460006760000,52,20,32,1986.4
22460006761000,46,21,25,2056.2
22460006762000,3,2,1,0
22460006763000,9,3,6,512.1
22460006784000,35,19,16,1613.5
22460006785000,26,13,13,1198.6
22460006792000,18,9,9,968.4
22460006793000,17,10,7,797.3
22460006794000,12,8,4,651.6
22460006795000,515,267,248,22299.5
22460006796000,272,127,145,11859.2
22460006797000,114,59,55,4582.8
22460006798000,33,17,16,1471.8
22460006799000,12,6,6,423.6
22460006802000,1,1,0,0
22460006803000,22,11,11,1102.2
22460006804000,31,18,13,1094.3
22460006805000,53,29,24,2114.7
22460006806000,14,7,7,746.2
22460006807000,2,1,1,0
22460006809000,4,2,2,0
22460006810000,11,7,4,512.6
22460006811000,10,4,6,469
22460006812000,27,11,16,1136.7
22460006813000,26,14,12,949
22460006815000,52,26,26,2210
22460006816000,13,7,6,484.9
22460006817000,15,10,5,640.5
22460006818000,16,5,11,688
22460006824000,39,21,18,1548.3
22460006898000,2,2,0,0
22460006899000,6,2,4,229.2
22460006900000,1,1,0,0
22460006959000,2,1,1,0
22460006961000,2,0,2,0
22460006962000,20,10,10,896
22460006963000,55,26,29,2112
22460006964000,15,7,8,739.5
22460006972000,1,1,0,0
22460006973000,7,5,2,371.7
22460006974000,8,4,4,443.2
22460006975000,236,117,119,8496
22460006976000,155,75,80,6711.5
22460006977000,86,43,43,4042
22460006978000,2,0,2,0
22460006979000,1,1,0,0
22460006980000,4,2,2,0
22460007006000,6,3,3,247.2
22460007007000,8,3,5,352
22460007008000,95,51,44,3847.5
22460007009000,24,12,12,916.8
22460007010000,9,3,6,372.6
22460007011000,26,14,12,863.2
22460007024000,5,3,2,238
22460007032000,7,5,2,147.7
22460007035000,7,4,3,492.1
22460007036000,39,21,18,1602.9
22460007044000,12,6,6,310.8
22460007045000,11,5,6,650.1
22460007046000,26,16,10,1471.6
22460007047000,6,3,3,135
22460007058000,3,3,0,0
22460007059000,1,1,0,0
22460007061000,18,11,7,813.6
22460007067000,17,11,6,695.3
22460007068000,8,5,3,356.8
22460007071000,65,34,31,2723.5
22460007072000,7,3,4,154
22460007077000,62,38,24,2368.4
22460007078000,29,14,15,997.6
22460007080000,29,12,17,1131
22460007081000,23,10,13,752.1
22460007082000,3,2,1,0
22460007089000,24,11,13,768
22460007090000,3,2,1,0
22460007093000,21,12,9,1071
22460007094000,10,5,5,507
22460007095000,2,1,1,0
22470006607000,3,2,1,0
22470006608000,211,112,99,9938.1
22470006621000,6,4,2,286.2
22470006622000,38,21,17,1489.6
22470006623000,73,35,38,2576.9
22470006624000,1248,620,628,53164.8
22470006625000,297,130,167,14107.5
22470006626000,706,381,325,27251.6
22470006627000,817,427,390,30719.2
22470006628000,203,111,92,6719.3
22470006629000,212,109,103,8225.6
22470006630000,8,3,5,248
22470006631000,45,21,24,2367
22470006632000,1076,523,553,38198
22470006633000,371,188,183,15173.9
22470006634000,195,97,98,8404.5
22470006635000,856,420,436,41687.2
22470006636000,116,55,61,4616.8
22470006637000,252,142,110,10659.6
22470006638000,102,49,53,5630.4
22470006639000,2,0,2,0
22470006641000,25,12,13,992.5
22470006642000,140,71,69,5292
22470006643000,289,138,151,12022.4
22470006644000,1856,920,936,75353.6
22470006645000,1188,610,578,48114
22470006646000,2971,1484,1487,113492.2
22470006647000,1213,612,601,43182.8
22470006648000,1916,965,951,65718.8
22470006649000,1884,957,927,67258.8
22470006650000,517,257,260,20576.6
22470006651000,3564,1701,1863,145054.8
22470006652000,2402,1127,1275,105207.6
22470006653000,46,27,19,2231
22470006654000,673,348,325,26112.4
22470006655000,1613,848,765,55164.6
22470006656000,423,224,199,15947.1
22470006657000,90,46,44,4068
22470006658000,68,30,38,3230
22470006686000,120,54,66,4656
22470006687000,142,77,65,4075.4
22470006688000,91,52,39,3394.3
22470006689000,165,82,83,7458
22470006690000,4,2,2,0
22470006691000,8,6,2,324.8
22470006692000,1,0,1,0
22470006693000,14,5,9,429.8
22470006694000,39,18,21,1852.5
22470006695000,18,10,8,840.6
22470006696000,27,15,12,1250.1
22470006697000,3,2,1,0
22470006698000,27,14,13,1271.7
22470006699000,13,6,7,683.8
22470006700000,12,6,6,652.8
22470006701000,16,9,7,780.8
22470006702000,7,4,3,294
22470006703000,5,3,2,324
22470006717000,20,9,11,754
22470006718000,15,7,8,466.5
22470006729000,5,2,3,355
22470006730000,15,10,5,739.5
22470006731000,31,15,16,1670.9
22470006732000,6,2,4,141
22470006733000,2,1,1,0
22470006734000,21,12,9,1085.7
22470006735000,133,77,56,5878.6
22470006736000,108,49,59,3877.2
22470006737000,47,22,25,2256
22470006738000,20,8,12,796
22470006739000,7,5,2,321.3
22470006740000,4,1,3,0
22470006741000,33,16,17,1656.6
22470006746000,10,5,5,321
22470006747000,1,1,0,0
22470006752000,11,4,7,497.2
22470006759000,63,33,30,3187.8
22470006760000,47,22,25,2105.6
22470006761000,22,10,12,796.4
22470006764000,9,5,4,371.7
22470006783000,26,16,10,1118
22470006784000,101,57,44,3888.5
22470006788000,1,1,0,0
22470006790000,7,4,3,247.1
22470006791000,7,4,3,317.8
22470006792000,34,15,19,1761.2
22470006793000,30,17,13,1131
22470006794000,49,25,24,2009
22470006795000,401,206,195,14556.3
22470006796000,36,16,20,1648.8
22470006797000,48,23,25,1900.8
22470006798000,12,4,8,681.6
22470006802000,6,3,3,160.8
22470006803000,9,3,6,316.8
22470006804000,8,4,4,271.2
22470006805000,40,20,20,1720
22470006806000,8,4,4,476
22470006807000,18,7,11,615.6
22470006808000,14,5,9,719.6
22470006809000,6,2,4,279
22470006811000,9,4,5,294.3
22470006814000,26,13,13,1248
22470006815000,26,14,12,1016.6
22470006816000,7,3,4,419.3
22470006817000,6,2,4,399
22470006824000,26,12,14,1320.8
22470006862000,8,4,4,402.4
22470006869000,1,0,1,0
22470006898000,2,1,1,0
22470006899000,12,8,4,531.6
22470006900000,3,2,1,0
22470006901000,10,5,5,348
22470006963000,1,1,0,0
22470006973000,2,1,1,0
22470006974000,16,8,8,665.6
22470006975000,2,2,0,0
22470006976000,2,1,1,0
22470006979000,1,1,0,0
22470006980000,5,3,2,256
22470006981000,1,0,1,0
22470007005000,8,4,4,168.8
22470007006000,34,15,19,1288.6
22470007007000,13,7,6,464.1
22470007008000,49,22,27,2332.4
22470007009000,8,4,4,356.8
22470007010000,2,2,0,0
22470007011000,18,7,11,516.6
22470007021000,12,6,6,502.8
22470007022000,14,8,6,533.4
22470007023000,23,12,11,903.9
22470007024000,78,45,33,2597.4
22470007030000,1,1,0,0
22470007033000,11,5,6,532.4
22470007037000,12,8,4,349.2
22470007044000,6,3,3,291
22470007054000,14,6,8,470.4
22470007055000,6,4,2,397.2
22470007056000,28,14,14,1120
22470007057000,43,23,20,1874.8
22470007058000,213,111,102,8328.3
22470007059000,39,21,18,1599
22470007061000,19,12,7,509.2
22470007068000,2,1,1,0
22470007072000,66,38,28,3095.4
22470007077000,64,32,32,2720
22470007078000,10,3,7,563
22470007080000,4,3,1,0
22470007081000,8,6,2,180.8
22470007089000,10,7,3,350
22470007090000,27,14,13,1368.9
22470007091000,6,3,3,379.2
22470007092000,21,10,11,1077.3
22470007093000,24,11,13,854.4
22470007094000,69,39,30,3588
22470007095000,19,9,10,685.9
22480006608000,446,217,229,21408
22480006609000,144,73,71,6350.4
22480006622000,100,53,47,2830
22480006623000,1248,610,638,48796.8
22480006624000,510,245,265,24531
22480006625000,11,7,4,641.3
22480006627000,88,44,44,4602.4
22480006628000,43,19,24,1973.7
22480006629000,59,27,32,2059.1
22480006632000,9,6,3,414.9
22480006633000,79,40,39,3444.4
22480006641000,110,61,49,4477
22480006642000,135,71,64,6129
22480006644000,1174,601,573,48251.4
22480006645000,1669,845,824,66259.3
22480006646000,2096,1061,1035,81534.4
22480006647000,2214,1106,1108,88560
22480006648000,1843,847,996,88095.4
22480006649000,1490,732,758,58110
22480006650000,1781,856,925,82638.4
22480006651000,2643,1276,1367,105720
22480006652000,497,255,242,21172.2
22480006653000,2664,1302,1362,101764.8
22480006654000,697,369,328,28995.2
22480006655000,410,210,200,15129
22480006656000,15,8,7,600
22480006661000,7,2,5,266.7
22480006673000,1,1,0,0
22480006688000,125,63,62,4862.5
22480006689000,37,20,17,1864.8
22480006691000,19,10,9,706.8
22480006692000,9,6,3,309.6
22480006693000,10,6,4,516
22480006694000,12,5,7,562.8
22480006695000,6,4,2,333
22480006696000,1,1,0,0
22480006697000,14,6,8,693
22480006698000,64,33,31,2534.4
22480006699000,26,12,14,1352
22480006700000,15,8,7,763.5
22480006701000,17,6,11,542.3
22480006702000,35,16,19,1494.5
22480006703000,30,16,14,1566
22480006704000,19,9,10,782.8
22480006705000,9,5,4,404.1
22480006714000,2,1,1,0
22480006715000,18,10,8,676.8
22480006716000,8,4,4,532
22480006717000,4,1,3,0
22480006731000,4,3,1,0
22480006735000,5,3,2,142
22480006736000,6,2,4,186
22480006739000,7,3,4,247.8
22480006749000,11,6,5,364.1
22480006758000,5,2,3,146
22480006759000,50,26,24,1885
22480006760000,3,2,1,0
22480006763000,1,0,1,0
22480006764000,8,5,3,208
22480006782000,19,11,8,706.8
22480006783000,18,11,7,734.4
22480006784000,34,16,18,1278.4
22480006788000,17,8,9,877.2
22480006789000,17,7,10,727.6
22480006790000,8,5,3,416.8
22480006791000,30,18,12,1083
22480006792000,57,30,27,2217.3
22480006793000,92,47,45,3404
22480006794000,33,19,14,1323.3
22480006795000,60,23,37,2406
22480006796000,22,13,9,858
22480006797000,13,6,7,609.7
22480006802000,9,5,4,476.1
22480006803000,12,5,7,578.4
22480006804000,8,5,3,328
22480006805000,20,10,10,1000
22480006806000,377,171,206,17304.3
22480006807000,442,215,227,19006
22480006808000,37,23,14,1276.5
22480006809000,45,23,22,2133
22480006810000,40,20,20,1864
22480006811000,16,9,7,675.2
22480006812000,16,7,9,753.6
22480006813000,4,2,2,0
22480006815000,6,2,4,220.8
22480006816000,8,4,4,427.2
22480006823000,16,6,10,668.8
22480006824000,9,6,3,395.1
22480006834000,8,6,2,343.2
22480006859000,1,0,1,0
22480006860000,1,1,0,0
22480006861000,1,0,1,0
22480006867000,10,4,6,454
22480006868000,2,1,1,0
22480006900000,58,28,30,2436
22480006901000,18,11,7,819
22480006975000,1,0,1,0
22480006980000,16,11,5,665.6
22480006981000,10,5,5,437
22480007004000,6,3,3,202.2
22480007005000,22,12,10,844.8
22480007007000,31,16,15,1190.4
22480007008000,19,11,8,790.4
22480007011000,20,10,10,614
22480007012000,9,4,5,447.3
22480007020000,1,0,1,0
22480007021000,32,17,15,1020.8
22480007022000,46,23,23,1702
22480007023000,15,8,7,637.5
22480007024000,86,46,40,3835.6
22480007025000,40,22,18,1316
22480007031000,24,13,11,1024.8
22480007032000,2,1,1,0
22480007033000,70,35,35,2667
22480007034000,96,44,52,3264
22480007041000,37,20,17,1443
22480007042000,12,4,8,538.8
22480007043000,4,3,1,0
22480007044000,1,0,1,0
22480007051000,15,8,7,634.5
22480007052000,23,11,12,864.8
22480007053000,9,5,4,441.9
22480007054000,28,20,8,812
22480007055000,15,8,7,586.5
22480007056000,66,32,34,2626.8
22480007057000,64,38,26,2336
22480007058000,5,3,2,217
22480007059000,55,33,22,1914
22480007060000,112,57,55,4144
22480007061000,138,75,63,6141
22480007062000,16,8,8,532.8
22480007072000,2,2,0,0
22480007073000,5,2,3,341
22480007078000,1,1,0,0
22480007089000,3,2,1,0
22480007090000,4,2,2,0
22480007091000,3,2,1,0
22480007092000,20,13,7,808
22480007093000,20,10,10,958
22480007094000,227,111,116,9261.6
22490006595000,2,1,1,0
22490006608000,93,46,47,5012.7
22490006609000,271,142,129,11815.6
22490006610000,177,89,88,6088.8
22490006611000,15,7,8,810
22490006612000,26,13,13,982.8
22490006623000,329,165,164,12863.9
22490006624000,4,4,0,0
22490006643000,35,20,15,1536.5
22490006644000,995,470,525,40198
22490006645000,1063,536,527,41031.8
22490006646000,789,415,374,29193
22490006647000,2204,1011,1193,111742.8
22490006648000,2306,1165,1141,88089.2
22490006649000,2115,1049,1066,83754
22490006650000,942,469,473,36549.6
22490006652000,249,119,130,8789.7
22490006653000,2708,1329,1379,101008.4
22490006654000,942,486,456,35890.2
22490006655000,38,17,21,1489.6
22490006657000,3,1,2,0
22490006688000,32,16,16,1401.6
22490006689000,145,74,71,6612
22490006690000,48,23,25,2544
22490006691000,3,2,1,0
22490006692000,24,11,13,1159.2
22490006693000,9,5,4,429.3
22490006694000,6,3,3,199.8
22490006695000,3,0,3,0
22490006696000,10,5,5,318
22490006697000,3,2,1,0
22490006698000,51,28,23,1938
22490006699000,46,24,22,1725
22490006700000,19,12,7,824.6
22490006701000,11,7,4,432.3
22490006702000,26,13,13,863.2
22490006703000,145,73,72,5234.5
22490006704000,30,17,13,1389
22490006705000,19,9,10,790.4
22490006706000,4,2,2,0
22490006708000,14,6,8,487.2
22490006713000,10,5,5,501
22490006714000,57,24,33,2696.1
22490006715000,16,9,7,728
22490006716000,6,4,2,238.8
22490006735000,6,3,3,207
22490006736000,3,1,2,0
22490006748000,7,4,3,233.8
22490006749000,17,8,9,799
22490006750000,10,5,5,512
22490006756000,4,3,1,0
22490006757000,3,2,1,0
22490006758000,190,84,106,9823
22490006759000,17,10,7,856.8
22490006760000,7,5,2,405.3
22490006769000,9,5,4,295.2
22490006780000,11,6,5,381.7
22490006783000,1,1,0,0
22490006788000,28,15,13,1089.2
22490006789000,16,10,6,793.6
22490006790000,70,36,34,2954
22490006791000,6,2,4,199.2
22490006792000,65,35,30,2717
22490006793000,42,20,22,1856.4
22490006794000,40,24,16,1592
22490006795000,4,2,2,0
22490006802000,5,1,4,163
22490006804000,3,2,1,0
22490006805000,47,25,22,1720.2
22490006806000,65,32,33,3315
22490006807000,54,31,23,1846.8
22490006808000,36,17,19,1616.4
22490006809000,8,4,4,472
22490006810000,8,5,3,412.8
22490006811000,16,10,6,569.6
22490006812000,16,10,6,680
22490006813000,10,5,5,490
22490006823000,19,12,7,716.3
22490006864000,2,2,0,0
22490006865000,2,2,0,0
22490006866000,31,17,14,995.1
22490006900000,2,1,1,0
22490006901000,8,5,3,352
22490006902000,10,5,5,421
22490006979000,7,5,2,291.9
22490006980000,24,12,12,782.4
22490006981000,2,1,1,0
22490006996000,3,1,2,0
22490007004000,2,1,1,0
22490007005000,5,3,2,204
22490007006000,8,4,4,176
22490007007000,6,4,2,211.8
22490007008000,5,4,1,70
22490007010000,7,3,4,256.9
22490007012000,12,6,6,403.2
22490007013000,12,6,6,528
22490007020000,3,2,1,0
22490007021000,8,3,5,335.2
22490007022000,22,14,8,796.4
22490007024000,37,22,15,1339.4
22490007025000,34,20,14,1567.4
22490007026000,3,2,1,0
22490007031000,2,1,1,0
22490007032000,11,6,5,452.1
22490007033000,219,117,102,8124.9
22490007034000,43,21,22,1797.4
22490007043000,14,8,6,635.6
22490007044000,7,4,3,217
22490007051000,86,51,35,2881
22490007052000,28,16,12,1254.4
22490007053000,12,5,7,531.6
22490007057000,20,11,9,726
22490007059000,38,20,18,1409.8
22490007060000,435,198,237,23403
22490007061000,369,187,182,13948.2
22490007062000,29,14,15,1113.6
22490007073000,5,3,2,128
22490007089000,1,0,1,0
22490007090000,12,7,5,520.8
22490007092000,5,2,3,277
22490007093000,23,12,11,857.9
22490007094000,17,9,8,931.6
22490007110000,1,0,1,0
22500006595000,6,1,5,238.8
22500006596000,216,101,115,8380.8
22500006597000,26,13,13,1461.2
22500006609000,98,50,48,4655
22500006610000,672,343,329,27619.2
22500006611000,411,203,208,17549.7
22500006612000,98,49,49,4037.6
22500006613000,26,11,15,1235
22500006614000,4,3,1,0
22500006619000,4,1,3,0
22500006620000,3,1,2,0
22500006621000,9,3,6,466.2
22500006622000,43,24,19,1818.9
22500006623000,4,2,2,0
22500006643000,37,17,20,1565.1
22500006644000,170,86,84,5933
22500006645000,555,291,264,19425
22500006646000,1,0,1,0
22500006647000,289,153,136,11068.7
22500006648000,1926,958,968,72610.2
22500006649000,1649,823,826,66949.4
22500006650000,252,124,128,8744.4
22500006651000,6,3,3,193.8
22500006652000,31,16,15,1054
22500006653000,15,10,5,340.5
22500006688000,47,24,23,1851.8
22500006689000,77,42,35,3457.3
22500006690000,51,24,27,1978.8
22500006691000,19,12,7,841.7
22500006692000,96,47,49,3993.6
22500006693000,114,52,62,4377.6
22500006694000,29,15,14,1502.2
22500006695000,4,3,1,0
22500006696000,27,14,13,1034.1
22500006697000,2,2,0,0
22500006698000,17,10,7,627.3
22500006699000,58,34,24,2360.6
22500006700000,11,5,6,464.2
22500006701000,20,9,11,928
22500006702000,31,13,18,1450.8
22500006703000,129,65,64,5830.8
22500006704000,57,28,29,2764.5
22500006705000,57,32,25,2582.1
22500006706000,17,9,8,831.3
22500006707000,9,6,3,477
22500006708000,101,49,52,3696.6
22500006709000,22,13,9,807.4
22500006710000,38,15,23,1915.2
22500006711000,13,7,6,548.6
22500006712000,28,14,14,1145.2
22500006713000,25,13,12,1540
22500006714000,12,5,7,672
22500006731000,5,2,3,264
22500006732000,4,2,2,0
22500006734000,4,2,2,0
22500006735000,6,5,1,328.8
22500006736000,8,5,3,368
22500006737000,9,5,4,538.2
22500006738000,2,1,1,0
22500006745000,7,4,3,259
22500006749000,2,2,0,0
22500006750000,34,18,16,1397.4
22500006757000,130,66,64,5213
22500006758000,46,26,20,1987.2
22500006759000,10,6,4,590
22500006760000,7,4,3,310.8
22500006769000,21,10,11,1085.7
22500006777000,12,6,6,452.4
22500006778000,12,5,7,651.6
22500006779000,58,27,31,1728.4
22500006780000,2,1,1,0
22500006785000,2,2,0,0
22500006787000,41,24,17,1517
22500006788000,151,77,74,5753.1
22500006789000,17,9,8,727.6
22500006790000,30,19,11,1197
22500006792000,8,4,4,375.2
22500006801000,17,12,5,612
22500006803000,19,12,7,860.7
22500006806000,10,5,5,387
22500006807000,17,6,11,843.2
22500006808000,10,6,4,564
22500006822000,2,1,1,0
22500006823000,29,15,14,1200.6
22500006900000,6,3,3,196.8
22500006901000,5,2,3,243
22500006902000,8,3,5,388
22500006962000,4,2,2,0
22500006979000,15,10,5,625.5
22500006980000,4,3,1,0
22500006981000,15,7,8,700.5
22500007003000,11,6,5,316.8
22500007004000,8,5,3,234.4
22500007005000,14,5,9,509.6
22500007006000,20,12,8,922
22500007008000,6,3,3,124.2
22500007009000,2,1,1,0
22500007011000,3,3,0,0
22500007013000,2,1,1,0
22500007014000,17,11,6,635.8
22500007019000,17,9,8,669.8
22500007020000,61,34,27,2482.7
22500007021000,27,15,12,839.7
22500007022000,39,19,20,1275.3
22500007023000,28,14,14,901.6
22500007024000,2,1,1,0
22500007025000,16,10,6,708.8
22500007026000,7,4,3,399.7
22500007031000,25,15,10,775
22500007032000,26,14,12,904.8
22500007033000,40,21,19,1688
22500007049000,26,14,12,951.6
22500007050000,22,10,12,990
22500007051000,47,24,23,2091.5
22500007052000,252,123,129,8190
22500007053000,36,20,16,1332
22500007054000,4,1,3,0
22500007057000,8,5,3,268
22500007058000,48,24,24,1723.2
22500007060000,199,83,116,9770.9
22500007061000,258,137,121,9881.4
22500007062000,15,9,6,685.5
22500007079000,23,12,11,805
22500007092000,32,15,17,1302.4
22500007093000,4,2,2,0
22500007094000,11,6,5,327.8
22500007095000,1,1,0,0
22500007098000,1,1,0,0
22500007106000,3,1,2,0
22500007108000,1,1,0,0
22500007109000,9,5,4,531
22500007110000,7,4,3,335.3
22510006596000,687,353,334,26449.5
22510006597000,1988,925,1063,91646.8
22510006598000,293,120,173,16847.5
22510006611000,174,95,79,7586.4
22510006612000,8,6,2,274.4
22510006613000,7,4,3,357.7
22510006614000,11,6,5,402.6
22510006616000,1,1,0,0
22510006619000,29,16,13,1487.7
22510006620000,41,20,21,1754.8
22510006621000,45,24,21,2011.5
22510006623000,2,2,0,0
22510006630000,11,6,5,570.9
22510006631000,1,1,0,0
22510006632000,15,8,7,883.5
22510006633000,2,1,1,0
22510006644000,5,2,3,135
22510006647000,546,257,289,25771.2
22510006648000,2418,1249,1169,86806.2
22510006649000,2857,1421,1436,105137.6
22510006650000,2478,1235,1243,88464.6
22510006651000,1507,722,785,64801
22510006652000,22,12,10,998.8
22510006654000,4,3,1,0
22510006655000,2,1,1,0
22510006656000,2,1,1,0
22510006689000,76,41,35,2675.2
22510006690000,56,23,33,2497.6
22510006691000,16,10,6,652.8
22510006692000,42,23,19,1894.2
22510006693000,38,21,17,1713.8
22510006694000,24,13,11,938.4
22510006695000,3,2,1,0
22510006696000,17,9,8,824.5
22510006698000,17,11,6,707.2
22510006699000,31,17,14,1258.6
22510006700000,51,26,25,2050.2
22510006701000,51,27,24,2121.6
22510006702000,48,29,19,2011.2
22510006703000,24,13,11,1303.2
22510006704000,51,29,22,2325.6
22510006705000,62,31,31,2362.2
22510006706000,138,73,65,5782.2
22510006707000,84,46,38,3830.4
22510006708000,94,50,44,4126.6
22510006709000,9,5,4,487.8
22510006710000,16,8,8,548.8
22510006711000,87,52,35,3906.3
22510006712000,15,6,9,597
22510006713000,43,20,23,2137.1
22510006714000,18,8,10,914.4
22510006715000,20,10,10,956
22510006730000,9,6,3,556.2
22510006731000,2,1,1,0
22510006733000,5,2,3,84
22510006735000,23,12,11,1044.2
22510006736000,21,12,9,903
22510006737000,32,20,12,1257.6
22510006745000,2,1,1,0
22510006750000,30,16,14,1479
22510006752000,6,4,2,151.8
22510006757000,19,12,7,600.4
22510006758000,20,10,10,866
22510006759000,34,14,20,1584.4
22510006768000,10,3,7,464
22510006769000,2,2,0,0
22510006776000,1,1,0,0
22510006777000,20,10,10,646
22510006778000,40,21,19,1672
22510006779000,9,6,3,547.2
22510006783000,12,8,4,524.4
22510006784000,3,1,2,0
22510006785000,19,11,8,533.9
22510006786000,18,11,7,919.8
22510006787000,218,117,101,7215.8
22510006788000,285,149,136,11542.5
22510006789000,46,27,19,1821.6
22510006790000,38,20,18,2021.6
22510006791000,8,5,3,455.2
22510006802000,27,15,12,1250.1
22510006803000,37,18,19,1613.2
22510006822000,18,8,10,907.2
22510006855000,3,3,0,0
22510006903000,6,4,2,151.2
22510006959000,11,5,6,308
22510006961000,2,1,1,0
22510006962000,3,2,1,0
22510006981000,14,5,9,547.4
22510006982000,13,8,5,574.6
22510006984000,1,0,1,0
22510007004000,30,15,15,1152
22510007006000,14,8,6,399
22510007008000,5,4,1,77
22510007009000,5,2,3,185
22510007010000,3,2,1,0
22510007012000,7,5,2,352.1
22510007013000,10,4,6,271
22510007014000,3,2,1,0
22510007015000,14,8,6,564.2
22510007019000,1,1,0,0
22510007020000,8,5,3,206.4
22510007021000,19,9,10,858.8
22510007022000,131,66,65,5004.2
22510007023000,101,53,48,4524.8
22510007024000,81,38,43,2818.8
22510007025000,12,6,6,357.6
22510007026000,284,159,125,10735.2
22510007027000,56,26,30,2195.2
22510007028000,10,6,4,298
22510007031000,449,236,213,13021
22510007032000,16,8,8,809.6
22510007033000,50,27,23,1935
22510007034000,4,1,3,0
22510007050000,69,34,35,2504.7
22510007051000,63,36,27,2658.6
22510007052000,65,27,38,2288
22510007053000,49,30,19,1813
22510007054000,2,1,1,0
22510007055000,9,3,6,225.9
22510007058000,21,11,10,936.6
22510007059000,20,10,10,866
22510007060000,3,1,2,0
22510007061000,65,35,30,2587
22510007062000,36,22,14,1454.4
22510007072000,3,1,2,0
22510007073000,5,3,2,247
22510007074000,16,7,9,902.4
22510007075000,7,4,3,293.3
22510007079000,27,16,11,1225.8
22510007084000,6,3,3,100.8
22510007091000,2,1,1,0
22510007092000,54,27,27,1922.4
22510007093000,2,1,1,0
22510007094000,1,0,1,0
22510007098000,13,9,4,557.7
22510007099000,2,1,1,0
22510007109000,7,3,4,431.9
22510007110000,6,3,3,297
22520006591000,2,1,1,0
22520006595000,1170,530,640,58734
22520006596000,2837,1412,1425,109224.5
22520006597000,1887,920,967,73404.3
22520006598000,119,69,50,5033.7
22520006599000,11,4,7,577.5
22520006600000,2,2,0,0
22520006601000,7,2,5,312.9
22520006611000,125,62,63,6262.5
22520006612000,213,98,115,11033.4
22520006613000,29,13,16,1133.9
22520006614000,8,3,5,432.8
22520006615000,3,1,2,0
22520006616000,4,3,1,0
22520006618000,1,0,1,0
22520006619000,53,29,24,2003.4
22520006620000,113,49,64,5039.8
22520006621000,3,1,2,0
22520006622000,16,9,7,748.8
22520006625000,5,3,2,338
22520006626000,16,8,8,868.8
22520006627000,13,6,7,720.2
22520006628000,41,26,15,1877.8
22520006629000,390,205,185,13923
22520006630000,1132,539,593,41770.8
22520006631000,236,131,105,8944.4
22520006632000,124,60,64,5158.4
22520006633000,71,41,30,3755.9
22520006634000,95,41,54,4151.5
22520006642000,2,1,1,0
22520006644000,1,1,0,0
22520006645000,1,1,0,0
22520006647000,1530,699,831,68391
22520006648000,2401,1260,1141,91718.2
22520006649000,2727,1389,1338,103353.3
22520006650000,2597,1300,1297,105697.9
22520006651000,1208,629,579,47353.6
22520006652000,50,27,23,2190
22520006653000,26,12,14,800.8
22520006661000,6,3,3,316.8
22520006687000,1,0,1,0
22520006689000,10,5,5,411
22520006690000,66,33,33,2692.8
22520006691000,27,16,11,1050.3
22520006692000,9,4,5,437.4
22520006693000,62,36,26,2759
22520006694000,10,4,6,409
22520006695000,16,7,9,811.2
22520006696000,49,25,24,2102.1
22520006697000,4,3,1,0
22520006698000,23,11,12,949.9
22520006699000,48,25,23,2020.8
22520006700000,56,28,28,2027.2
22520006701000,59,26,33,2312.8
22520006702000,39,19,20,1704.3
22520006703000,50,25,25,2110
22520006704000,25,12,13,817.5
22520006705000,353,172,181,15284.9
22520006706000,710,335,375,31240
22520006707000,41,20,21,1955.7
22520006708000,59,29,30,2861.5
22520006709000,8,4,4,360.8
22520006710000,10,5,5,485
22520006711000,64,32,32,2694.4
22520006712000,108,53,55,4298.4
22520006713000,29,14,15,890.3
22520006730000,19,9,10,1160.9
22520006733000,11,6,5,467.5
22520006736000,3,2,1,0
22520006745000,3,2,1,0
22520006749000,12,7,5,564
22520006750000,44,23,21,1940.4
22520006751000,1,1,0,0
22520006752000,11,6,5,643.5
22520006756000,3,1,2,0
22520006757000,64,34,30,2329.6
22520006759000,1,0,1,0
22520006760000,6,4,2,234
22520006768000,28,17,11,1422.4
22520006776000,248,125,123,8407.2
22520006777000,206,107,99,8281.2
22520006778000,12,7,5,471.6
22520006779000,27,16,11,1517.4
22520006780000,18,8,10,876.6
22520006781000,13,8,5,429
22520006782000,21,8,13,1062.6
22520006783000,33,19,14,1617
22520006784000,24,13,11,1096.8
22520006785000,42,22,20,1659
22520006786000,10,4,6,196
22520006787000,13,7,6,410.8
22520006788000,102,54,48,4906.2
22520006789000,242,125,117,8518.4
22520006790000,245,128,117,9408
22520006791000,45,28,17,2151
22520006792000,4,2,2,0
22520006793000,2,1,1,0
22520006800000,22,9,13,1060.4
22520006801000,52,29,23,2220.4
22520006802000,69,42,27,2932.5
22520006803000,46,23,23,1941.2
22520006822000,3,2,1,0
22520006823000,3,2,1,0
22520006902000,8,6,2,296.8
22520006903000,17,8,9,800.7
22520006984000,18,8,10,820.8
22520006985000,9,4,5,405.9
22520006986000,2,2,0,0
22520007004000,3,2,1,0
22520007005000,3,2,1,0
22520007009000,40,18,22,1360
22520007010000,17,11,6,748
22520007011000,3,2,1,0
22520007013000,4,1,3,0
22520007014000,2,1,1,0
22520007015000,1,1,0,0
22520007022000,27,16,11,907.2
22520007023000,62,34,28,2337.4
22520007024000,70,36,34,2611
22520007025000,40,21,19,1360
22520007026000,14,6,8,406
22520007027000,41,23,18,1939.3
22520007028000,26,15,11,1032.2
22520007029000,10,4,6,519
22520007030000,39,24,15,1645.8
22520007031000,343,173,170,12656.7
22520007032000,411,211,200,15782.4
22520007033000,29,13,16,991.8
22520007050000,48,26,22,2236.8
22520007051000,193,92,101,9495.6
22520007052000,128,68,60,5670.4
22520007053000,31,16,15,1395
22520007054000,18,10,8,810
22520007055000,11,4,7,493.9
22520007056000,5,4,1,110
22520007058000,1,1,0,0
22520007059000,15,9,6,547.5
22520007060000,7,4,3,350
22520007061000,17,9,8,846.6
22520007062000,82,43,39,3296.4
22520007063000,17,9,8,780.3
22520007074000,10,3,7,427
22520007079000,29,19,10,1444.2
22520007080000,10,4,6,406
22520007082000,7,4,3,226.1
22520007083000,19,9,10,944.3
22520007084000,1,1,0,0
22520007098000,1,0,1,0
22520007099000,9,7,2,513
22520007107000,24,12,12,1027.2
22520007108000,3,2,1,0
22520007109000,4,2,2,0
22520007110000,6,5,1,364.8
22530006584000,224,119,105,10236.8
22530006585000,258,132,126,10810.2
22530006586000,83,42,41,4008.9
22530006587000,3,2,1,0
22530006588000,4,1,3,0
22530006589000,180,94,86,7326
22530006590000,80,37,43,3760
22530006591000,431,211,220,18920.9
22530006592000,238,117,121,9924.6
22530006593000,479,246,233,19351.6
22530006594000,740,381,359,35002
22530006595000,332,173,159,13412.8
22530006596000,2606,1312,1294,126912.2
22530006597000,1048,492,556,46007.2
22530006598000,59,29,30,2218.4
22530006599000,11,6,5,542.3
22530006600000,34,16,18,1499.4
22530006601000,49,26,23,2200.1
22530006602000,8,6,2,494.4
22530006620000,9,5,4,446.4
22530006621000,609,294,315,30145.5
22530006622000,951,453,498,45457.8
22530006623000,521,260,261,25737.4
22530006624000,48,21,27,2179.2
22530006625000,3,2,1,0
22530006626000,63,33,30,3250.8
22530006627000,20,8,12,678
22530006628000,30,18,12,1467
22530006629000,92,44,48,3569.6
22530006630000,421,199,222,15450.7
22530006631000,355,183,172,13738.5
22530006632000,36,18,18,1371.6
22530006634000,79,37,42,3657.7
22530006635000,152,74,78,6004
22530006636000,388,201,187,16063.2
22530006637000,51,26,25,2514.3
22530006645000,75,35,40,2737.5
22530006646000,292,153,139,11154.4
22530006647000,62,31,31,3335.6
22530006648000,1626,817,809,61462.8
22530006649000,2189,1074,1115,88654.5
22530006650000,3052,1457,1595,144359.6
22530006651000,3158,1549,1609,117477.6
22530006652000,2447,1193,1254,94454.2
22530006653000,548,278,270,22029.6
22530006654000,105,61,44,4956
22530006655000,2,1,1,0
22530006661000,16,8,8,889.6
22530006662000,38,22,16,1717.6
22530006690000,34,19,15,1526.6
22530006691000,86,51,35,3414.2
22530006692000,9,5,4,207
22530006693000,28,17,11,1218
22530006694000,45,25,20,1926
22530006695000,54,27,27,2543.4
22530006696000,16,8,8,777.6
22530006697000,97,51,46,4112.8
22530006698000,17,7,10,771.8
22530006699000,22,9,13,950.4
22530006700000,92,48,44,4130.8
22530006701000,29,15,14,965.7
22530006702000,33,19,14,1445.4
22530006703000,63,33,30,3087
22530006704000,6,4,2,379.8
22530006705000,365,175,190,15622
22530006706000,284,142,142,10479.6
22530006707000,182,96,86,7534.8
22530006708000,93,51,42,3831.6
22530006709000,15,7,8,546
22530006710000,7,4,3,436.1
22530006711000,34,14,20,1387.2
22530006712000,17,11,6,722.5
22530006713000,3,1,2,0
22530006714000,32,19,13,1158.4
22530006715000,16,8,8,652.8
22530006729000,2,1,1,0
22530006730000,9,5,4,334.8
22530006731000,3,2,1,0
22530006749000,6,3,3,252
22530006750000,42,20,22,1486.8
22530006751000,6,3,3,346.8
22530006752000,15,9,6,690
22530006755000,9,5,4,343.8
22530006757000,21,9,12,1140.3
22530006758000,35,17,18,1484
22530006759000,27,12,15,1528.2
22530006760000,21,12,9,968.1
22530006768000,33,19,14,1174.8
22530006771000,15,10,5,667.5
22530006774000,14,7,7,477.4
22530006775000,58,30,28,2343.2
22530006776000,303,164,139,10574.7
22530006777000,56,33,23,2536.8
22530006778000,7,4,3,408.8
22530006779000,18,10,8,637.2
22530006780000,15,9,6,705
22530006781000,94,45,49,3590.8
22530006782000,607,304,303,22459
22530006783000,210,112,98,8547
22530006784000,74,38,36,2775
22530006785000,30,19,11,1587
22530006786000,10,3,7,453
22530006787000,58,32,26,2227.2
22530006788000,107,47,60,4205.1
22530006789000,78,44,34,3143.4
22530006790000,301,158,143,11769.1
22530006791000,38,19,19,1375.6
22530006792000,36,18,18,1764
22530006793000,36,19,17,1738.8
22530006794000,14,6,8,593.6
22530006799000,8,5,3,427.2
22530006800000,57,29,28,2086.2
22530006801000,42,20,22,1432.2
22530006802000,50,27,23,2305
22530006803000,33,18,15,1541.1
22530006804000,9,5,4,308.7
22530006807000,1,1,0,0
22530006823000,1,1,0,0
22530006866000,2,2,0,0
22530006867000,1,1,0,0
22530006903000,3,1,2,0
22530006904000,1,1,0,0
22530006955000,7,3,4,326.2
22530006956000,2,1,1,0
22530006984000,22,10,12,772.2
22530006985000,15,7,8,648
22530006986000,24,15,9,1108.8
22530007005000,5,3,2,339
22530007009000,12,6,6,499.2
22530007010000,20,12,8,782
22530007011000,28,18,10,1209.6
22530007012000,208,98,110,10254.4
22530007013000,365,194,171,12957.5
22530007014000,6,3,3,193.2
22530007020000,4,2,2,0
22530007023000,5,2,3,211
22530007026000,5,2,3,216
22530007027000,11,6,5,537.9
22530007028000,23,13,10,880.9
22530007029000,40,26,14,1588
22530007030000,68,35,33,2720
22530007031000,362,161,201,18100
22530007032000,203,101,102,8444.8
22530007036000,4,2,2,0
22530007037000,49,30,19,1940.4
22530007038000,14,9,5,519.4
22530007039000,69,38,31,2822.1
22530007040000,2,1,1,0
22530007049000,2,1,1,0
22530007050000,33,18,15,1009.8
22530007051000,48,25,23,1675.2
22530007052000,36,19,17,1706.4
22530007053000,45,21,24,1692
22530007054000,29,15,14,1139.7
22530007055000,1,0,1,0
22530007057000,2,0,2,0
22530007059000,1,1,0,0
22530007061000,4,2,2,0
22530007062000,32,12,20,1107.2
22530007063000,21,12,9,848.4
22530007064000,4,2,2,0
22530007074000,8,4,4,420
22530007082000,22,11,11,699.6
22530007083000,1,1,0,0
22530007084000,2,1,1,0
22530007096000,10,6,4,568
22530007097000,5,2,3,335
22530007101000,8,4,4,387.2
22530007108000,5,1,4,215
22530007109000,1,1,0,0
22530007111000,5,2,3,156
22530007112000,35,19,16,1466.5
22530007113000,12,8,4,356.4
22540006582000,14,7,7,775.6
22540006583000,116,64,52,4315.2
22540006584000,550,275,275,23650
22540006585000,33,18,15,1511.4
22540006586000,22,14,8,675.4
22540006587000,2,1,1,0
22540006588000,22,12,10,721.6
22540006589000,59,32,27,2855.6
22540006590000,171,88,83,7045.2
22540006591000,167,91,76,6062.1
22540006592000,31,15,16,1292.7
22540006593000,673,304,369,30756.1
22540006594000,1866,925,941,81730.8
22540006595000,3259,1606,1653,126449.2
22540006596000,2642,1322,1320,121267.8
22540006597000,818,406,412,35583
22540006598000,172,79,93,6174.8
22540006601000,13,7,6,621.4
22540006602000,6,3,3,234
22540006603000,11,7,4,457.6
22540006604000,1,1,0,0
22540006607000,9,5,4,464.4
22540006608000,7,2,5,340.9
22540006609000,3,2,1,0
22540006610000,8,5,3,464
22540006612000,1,1,0,0
22540006613000,45,21,24,2011.5
22540006614000,120,62,58,5472
22540006615000,5,4,1,247
22540006616000,9,3,6,417.6
22540006617000,4,2,2,0
22540006618000,9,5,4,510.3
22540006619000,141,71,70,6232.2
22540006620000,1338,684,654,54055.2
22540006621000,2602,1246,1356,105901.4
22540006622000,1637,778,859,77102.7
22540006623000,144,68,76,5760
22540006624000,39,23,16,1739.4
22540006625000,11,7,4,513.7
22540006626000,23,13,10,1117.8
22540006627000,10,5,5,513
22540006628000,39,26,13,1189.5
22540006629000,5,2,3,264
22540006630000,22,9,13,970.2
22540006631000,250,126,124,9800
22540006632000,9,4,5,273.6
22540006633000,2,1,1,0
22540006635000,3,2,1,0
22540006636000,462,236,226,16493.4
22540006637000,356,177,179,12887.2
22540006638000,50,25,25,2255
22540006639000,415,224,191,17222.5
22540006645000,450,226,224,17145
22540006646000,1595,798,797,61567
22540006647000,2422,1172,1250,89614
22540006648000,888,435,453,33211.2
22540006649000,3339,1674,1665,138568.5
22540006650000,2865,1425,1440,106864.5
22540006651000,3036,1522,1514,113850
22540006652000,3115,1536,1579,118993
22540006653000,2892,1303,1589,131586
22540006654000,842,399,443,48751.8
22540006655000,8,3,5,334.4
22540006656000,2,2,0,0
22540006660000,6,3,3,238.2
22540006661000,92,45,47,3597.2
22540006662000,19,7,12,894.9
22540006663000,9,5,4,297.9
22540006686000,4,2,2,0
22540006687000,13,8,5,534.3
22540006688000,5,2,3,241
22540006690000,12,4,8,483.6
22540006691000,191,92,99,7620.9
22540006692000,29,14,15,936.7
22540006693000,22,11,11,871.2
22540006694000,59,30,29,2295.1
22540006695000,85,48,37,3315
22540006696000,11,5,6,613.8
22540006697000,46,23,23,1559.4
22540006698000,11,6,5,590.7
22540006699000,45,24,21,2025
22540006700000,181,82,99,7891.6
22540006701000,46,21,25,1922.8
22540006702000,18,9,9,727.2
22540006703000,87,50,37,3836.7
22540006704000,330,174,156,12210
22540006705000,522,259,263,19940.4
22540006706000,33,15,18,1745.7
22540006707000,5,2,3,188
22540006708000,32,16,16,1382.4
22540006709000,3,1,2,0
22540006712000,1,1,0,0
22540006715000,10,4,6,263
22540006716000,44,23,21,1623.6
22540006717000,2,1,1,0
22540006729000,62,35,27,2294
22540006730000,24,14,10,960
22540006732000,15,8,7,802.5
22540006733000,10,5,5,414
22540006734000,24,13,11,890.4
22540006735000,25,14,11,897.5
22540006747000,1,1,0,0
22540006749000,8,3,5,184
22540006750000,28,15,13,901.6
22540006751000,2,1,1,0
22540006752000,7,4,3,359.8
22540006753000,3,2,1,0
22540006755000,6,3,3,106.2
22540006757000,5,3,2,158
22540006758000,22,14,8,921.8
22540006759000,22,13,9,913
22540006767000,10,7,3,231
22540006768000,58,32,26,2012.6
22540006771000,58,27,31,2586.8
22540006772000,59,35,24,2560.6
22540006773000,41,21,20,1545.7
22540006774000,3,2,1,0
22540006782000,370,182,188,14245
22540006783000,298,151,147,11920
22540006784000,346,160,186,13563.2
22540006785000,890,439,451,37469
22540006786000,669,297,372,30974.7
22540006787000,108,60,48,4287.6
22540006793000,28,17,11,1293.6
22540006794000,36,26,10,1512
22540006795000,17,9,8,783.7
22540006796000,6,4,2,274.2
22540006797000,26,10,16,962
22540006798000,136,69,67,4596.8
22540006799000,29,16,13,977.3
22540006800000,126,67,59,5128.2
22540006801000,252,116,136,11844
22540006802000,74,37,37,3048.8
22540006803000,25,13,12,972.5
22540006856000,2,1,1,0
22540006866000,2,0,2,0
22540006903000,9,5,4,219.6
22540006904000,7,2,5,331.1
22540006954000,11,4,7,559.9
22540006955000,2,1,1,0
22540006980000,4,2,2,0
22540006986000,2,1,1,0
22540006987000,30,11,19,1128
22540007005000,4,1,3,0
22540007006000,13,6,7,432.9
22540007011000,3,1,2,0
22540007013000,13,8,5,425.1
22540007014000,107,58,49,4365.6
22540007015000,39,17,22,1739.4
22540007019000,7,3,4,303.1
22540007020000,35,19,16,1221.5
22540007021000,6,4,2,139.2
22540007027000,50,25,25,1715
22540007030000,29,17,12,1278.9
22540007031000,8,4,4,340.8
22540007036000,71,40,31,2556
22540007037000,15,8,7,837
22540007038000,15,7,8,709.5
22540007039000,20,8,12,704
22540007040000,17,10,7,754.8
22540007050000,24,11,13,727.2
22540007051000,23,11,12,694.6
22540007055000,2,1,1,0
22540007058000,5,2,3,118
22540007059000,5,3,2,299
22540007060000,2,2,0,0
22540007061000,29,16,13,1223.8
22540007062000,27,15,12,899.1
22540007063000,7,4,3,287
22540007064000,23,13,10,1097.1
22540007076000,1,1,0,0
22540007077000,3,2,1,0
22540007097000,7,3,4,268.1
22540007102000,9,4,5,316.8
22540007103000,18,8,10,871.2
22540007111000,11,8,3,536.8
22540007113000,8,4,4,436.8
22550006582000,2,1,1,0
22550006583000,231,118,113,9632.7
22550006584000,139,66,73,5712.9
22550006586000,18,10,8,676.8
22550006587000,7,3,4,359.1
22550006588000,31,12,19,1233.8
22550006589000,12,6,6,475.2
22550006590000,135,61,74,5184
22550006591000,443,224,219,15106.3
22550006592000,118,52,66,4531.2
22550006593000,1661,841,820,62287.5
22550006594000,1943,976,967,74611.2
22550006595000,2250,1116,1134,95625
22550006596000,1793,909,884,72616.5
22550006597000,2150,1058,1092,87505
22550006598000,1553,765,788,59014
22550006599000,767,412,355,32137.3
22550006600000,144,77,67,5587.2
22550006601000,11,5,6,255.2
22550006602000,206,102,104,7828
22550006603000,434,208,226,16665.6
22550006604000,309,152,157,14337.6
22550006605000,318,142,176,16377
22550006606000,51,25,26,2708.1
22550006607000,62,29,33,3162
22550006608000,6,3,3,306
22550006609000,2,1,1,0
22550006610000,7,4,3,291.2
22550006612000,3,2,1,0
22550006613000,99,51,48,3841.2
22550006614000,104,54,50,4576
22550006615000,37,21,16,1720.5
22550006616000,4,2,2,0
22550006617000,8,3,5,514.4
22550006618000,13,5,8,656.5
22550006619000,31,20,11,1212.1
22550006620000,125,68,57,4725
22550006621000,870,412,458,34191
22550006622000,1599,782,817,62840.7
22550006623000,1378,688,690,60356.4
22550006624000,1219,596,623,49491.4
22550006625000,7,7,0,293.3
22550006626000,62,27,35,2604
22550006627000,27,19,8,1242
22550006628000,3,1,2,0
22550006629000,1,1,0,0
22550006630000,11,6,5,451
22550006631000,44,21,23,2230.8
22550006632000,3,2,1,0
22550006633000,6,4,2,231
22550006634000,7,3,4,305.9
22550006635000,32,16,16,1488
22550006636000,76,41,35,3290.8
22550006638000,3,2,1,0
22550006639000,414,196,218,15318
22550006640000,1215,577,638,54189
22550006641000,238,95,143,15303.4
22550006645000,3,2,1,0
22550006646000,549,268,281,20862
22550006647000,2679,1329,1350,100462.5
22550006648000,940,509,431,31208
22550006649000,2374,1236,1138,85464
22550006650000,2111,1063,1048,76629.3
22550006651000,2681,1340,1341,101341.8
22550006652000,2501,1246,1255,91036.4
22550006653000,2633,1274,1359,101897.1
22550006654000,527,264,263,21238.1
22550006655000,233,128,105,9436.5
22550006656000,5,3,2,237
22550006657000,22,8,14,983.4
22550006658000,21,12,9,955.5
22550006659000,6,4,2,195
22550006660000,21,11,10,873.6
22550006661000,36,18,18,2095.2
22550006662000,37,20,17,1790.8
22550006663000,2,1,1,0
22550006687000,5,3,2,247
22550006688000,4,3,1,0
22550006690000,19,13,6,644.1
22550006691000,162,68,94,8213.4
22550006692000,245,124,121,10363.5
22550006693000,337,165,172,13311.5
22550006694000,123,59,64,4969.2
22550006695000,66,34,32,2508
22550006696000,31,17,14,1497.3
22550006697000,42,25,17,1713.6
22550006698000,63,33,30,2583
22550006699000,328,154,174,15809.6
22550006700000,154,72,82,6868.4
22550006701000,18,10,8,936
22550006702000,87,45,42,3862.8
22550006703000,757,365,392,30431.4
22550006704000,336,171,165,14582.4
22550006705000,257,131,126,10331.4
22550006706000,93,47,46,5049.9
22550006707000,21,12,9,810.6
22550006729000,14,7,7,417.2
22550006730000,71,34,37,3280.2
22550006731000,34,21,13,1468.8
22550006732000,35,18,17,1396.5
22550006733000,47,21,26,2307.7
22550006749000,1,0,1,0
22550006750000,44,20,24,1804
22550006751000,5,3,2,286
22550006752000,24,14,10,787.2
22550006753000,10,4,6,418
22550006757000,9,5,4,404.1
22550006758000,113,53,60,4429.6
22550006759000,26,15,11,928.2
22550006767000,15,6,9,580.5
22550006768000,30,18,12,1155
22550006771000,144,75,69,5472
22550006772000,77,55,22,3418.8
22550006775000,10,6,4,398
22550006776000,40,24,16,1288
22550006777000,6,3,3,268.2
22550006778000,34,16,18,1482.4
22550006779000,25,11,14,1235
22550006780000,36,17,19,1220.4
22550006781000,35,18,17,1718.5
22550006782000,407,201,206,16809.1
22550006783000,1624,757,867,69832
22550006784000,2611,1200,1411,119061.6
22550006785000,2209,1012,1197,104485.7
22550006786000,1853,878,975,74675.9
22550006787000,179,94,85,6909.4
22550006788000,3,2,1,0
22550006794000,5,4,1,157
22550006795000,19,12,7,575.7
22550006796000,20,12,8,694
22550006797000,153,75,78,6318.9
22550006798000,1039,531,508,42079.5
22550006799000,268,133,135,11792
22550006800000,80,41,39,3656
22550006801000,41,22,19,1504.7
22550006802000,6,4,2,258
22550006856000,2,2,0,0
22550006857000,10,5,5,520
22550006866000,2,1,1,0
22550006905000,2,2,0,0
22550006952000,11,6,5,503.8
22550006954000,7,4,3,459.2
22550006971000,6,3,3,261
22550006973000,2,1,1,0
22550006977000,3,2,1,0
22550006980000,2,1,1,0
22550006981000,4,2,2,0
22550006987000,32,16,16,1302.4
22550006988000,115,59,56,4462
22550006989000,78,36,42,3182.4
22550006990000,36,21,15,1731.6
22550006991000,25,16,9,792.5
22550006997000,2,1,1,0
22550007010000,2,1,1,0
22550007011000,6,4,2,184.8
22550007012000,4,4,0,0
22550007014000,4,2,2,0
22550007015000,22,10,12,704
22550007016000,9,4,5,270
22550007017000,13,7,6,621.4
22550007018000,4,2,2,0
22550007019000,17,8,9,698.7
22550007020000,62,30,32,2411.8
22550007021000,6,3,3,303
22550007030000,2,1,1,0
22550007034000,42,18,24,1755.6
22550007035000,30,15,15,1554
22550007036000,37,18,19,1465.2
22550007037000,8,4,4,208
22550007038000,13,6,7,479.7
22550007039000,1,1,0,0
22550007041000,19,14,5,725.8
22550007050000,89,49,40,3426.5
22550007051000,5,4,1,270
22550007056000,15,8,7,733.5
22550007057000,4,3,1,0
22550007058000,10,5,5,481
22550007059000,7,4,3,343.7
22550007060000,22,14,8,965.8
22550007061000,4,1,3,0
22550007062000,24,13,11,1080
22550007063000,9,6,3,288.9
22550007064000,8,3,5,296
22550007065000,19,11,8,448.4
22550007074000,5,3,2,263
22550007075000,4,2,2,0
22550007078000,7,2,5,345.1
22550007080000,2,1,1,0
22550007082000,1,1,0,0
22550007084000,1,1,0,0
22550007097000,3,2,1,0
22550007098000,16,9,7,697.6
22550007103000,40,17,23,1824
22550007104000,4,1,3,0
22550007105000,8,6,2,408.8
22550007106000,1,1,0,0
22550007110000,18,11,7,916.2
22550007111000,19,8,11,995.6
22560006574000,18,8,10,732.6
22560006575000,75,36,39,3487.5
22560006576000,95,44,51,3866.5
22560006577000,5,3,2,170
22560006578000,24,14,10,1147.2
22560006582000,1,1,0,0
22560006583000,2,1,1,0
22560006584000,35,19,16,1876
22560006585000,247,124,123,10670.4
22560006586000,53,30,23,2316.1
22560006587000,17,9,8,853.4
22560006588000,7,4,3,401.8
22560006589000,25,11,14,1115
22560006590000,29,13,16,1145.5
22560006591000,18,8,10,754.2
22560006592000,209,118,91,8443.6
22560006593000,16,8,8,630.4
22560006594000,61,31,30,2397.3
22560006595000,334,177,157,12224.4
22560006596000,362,169,193,12308
22560006597000,66,37,29,2930.4
22560006598000,648,313,335,25855.2
22560006599000,797,390,407,28532.6
22560006600000,573,290,283,22003.2
22560006601000,550,277,273,18425
22560006602000,384,170,214,16972.8
22560006603000,585,297,288,21469.5
22560006604000,1440,718,722,51264
22560006605000,666,334,332,27106.2
22560006606000,1240,599,641,54188
22560006607000,132,67,65,5992.8
22560006608000,52,25,27,2776.8
22560006609000,28,12,16,1036
22560006610000,22,11,11,871.2
22560006611000,3,1,2,0
22560006612000,4,3,1,0
22560006613000,32,19,13,1491.2
22560006614000,55,29,26,2392.5
22560006615000,18,7,11,603
22560006616000,4,3,1,0
22560006617000,6,4,2,172.2
22560006618000,22,11,11,926.2
22560006619000,29,18,11,1377.5
22560006620000,25,14,11,1000
22560006621000,41,17,24,1631.8
22560006622000,24,14,10,892.8
22560006623000,29,15,14,1241.2
22560006624000,331,161,170,11849.8
22560006626000,6,5,1,307.2
22560006627000,47,28,19,2082.1
22560006628000,18,10,8,730.8
22560006629000,26,13,13,1032.2
22560006630000,19,11,8,1046.9
22560006631000,42,21,21,1621.2
22560006632000,67,31,36,2700.1
22560006633000,17,8,9,870.4
22560006634000,4,2,2,0
22560006635000,15,7,8,436.5
22560006636000,5,3,2,160
22560006637000,47,26,21,1466.4
22560006638000,3,3,0,0
22560006639000,11,6,5,509.3
22560006640000,41,19,22,1902.4
22560006641000,469,226,243,23403.1
22560006642000,1254,649,605,49783.8
22560006643000,827,399,428,33410.8
22560006644000,269,137,132,12078.1
22560006648000,43,21,22,1505
22560006649000,907,456,451,43626.7
22560006650000,4344,2111,2233,170719.2
22560006651000,3470,1702,1768,150598
22560006652000,4596,2288,2308,182920.8
22560006653000,3811,1875,1936,153583.3
22560006654000,3315,1615,1700,121660.5
22560006655000,1657,807,850,73073.7
22560006656000,488,240,248,22350.4
22560006657000,19,13,6,959.5
22560006658000,138,60,78,5106
22560006659000,17,5,12,610.3
22560006660000,15,7,8,622.5
22560006661000,124,63,61,4575.6
22560006662000,13,6,7,578.5
22560006672000,4,2,2,0
22560006686000,10,5,5,595
22560006687000,1,1,0,0
22560006688000,5,2,3,169
22560006689000,1,0,1,0
22560006690000,18,9,9,763.2
22560006691000,7,6,1,426.3
22560006692000,86,42,44,3715.2
22560006693000,170,76,94,7973
22560006694000,96,46,50,4320
22560006695000,23,12,11,1237.4
22560006696000,20,9,11,1118
22560006697000,57,27,30,2479.5
22560006698000,115,63,52,4968
22560006699000,463,189,274,24353.8
22560006700000,483,226,257,22121.4
22560006701000,44,22,22,1821.6
22560006702000,285,144,141,12027
22560006703000,258,132,126,10113.6
22560006704000,147,74,73,5600.7
22560006705000,104,55,49,4628
22560006706000,192,95,97,7238.4
22560006707000,49,29,20,2077.6
22560006708000,11,6,5,504.9
22560006709000,1,1,0,0
22560006710000,8,5,3,396
22560006711000,3,2,1,0
22560006722000,5,3,2,281
22560006724000,1,1,0,0
22560006730000,1,1,0,0
22560006733000,14,9,5,695.8
22560006735000,7,3,4,182
22560006742000,1,0,1,0
22560006749000,19,11,8,862.6
22560006750000,52,25,27,2246.4
22560006751000,13,7,6,590.2
22560006753000,28,16,12,1019.2
22560006756000,2,1,1,0
22560006757000,15,7,8,829.5
22560006758000,24,11,13,799.2
22560006759000,3,1,2,0
22560006767000,41,19,22,1377.6
22560006768000,6,3,3,301.8
22560006769000,2,2,0,0
22560006770000,63,40,23,2129.4
22560006771000,24,13,11,1236
22560006773000,1,1,0,0
22560006774000,27,15,12,1128.6
22560006775000,47,29,18,2519.2
22560006776000,66,31,35,2745.6
22560006777000,16,9,7,793.6
22560006779000,10,4,6,469
22560006780000,492,240,252,15842.4
22560006781000,576,285,291,21196.8
22560006782000,1991,980,1011,84219.3
22560006783000,1263,620,643,55193.1
22560006784000,1040,475,565,42952
22560006785000,744,367,377,33256.8
22560006786000,710,349,361,30388
22560006787000,141,75,66,6133.5
22560006788000,8,5,3,344.8
22560006794000,47,20,27,2115
22560006795000,73,36,37,3212
22560006796000,83,42,41,3461.1
22560006797000,41,22,19,1558
22560006798000,78,35,43,2808
22560006799000,79,42,37,3507.6
22560006800000,26,11,15,1016.6
22560006857000,10,5,5,573
22560006865000,2,2,0,0
22560006905000,2,1,1,0
22560006949000,28,14,14,1173.2
22560006950000,5,2,3,285
22560006951000,46,23,23,2024
22560006952000,7,3,4,338.8
22560006982000,12,4,8,433.2
22560006985000,16,8,8,904
22560006986000,58,27,31,2308.4
22560006987000,40,22,18,1620
22560006988000,104,54,50,4212
22560006989000,103,49,54,5129.4
22560006990000,11,6,5,462
22560006991000,28,14,14,1142.4
22560006992000,28,13,15,837.2
22560007006000,5,3,2,308
22560007012000,18,9,9,761.4
22560007013000,5,2,3,236
22560007017000,1,1,0,0
22560007021000,6,3,3,217.8
22560007028000,389,198,191,12603.6
22560007029000,186,93,93,5766
22560007030000,110,50,60,4136
22560007034000,47,24,23,1889.4
22560007035000,26,14,12,1029.6
22560007036000,20,11,9,680
22560007037000,18,7,11,847.8
22560007038000,30,17,13,1182
22560007040000,13,8,5,553.8
22560007041000,77,44,33,2833.6
22560007042000,28,14,14,1108.8
22560007050000,39,19,20,1060.8
22560007051000,12,5,7,447.6
22560007053000,4,2,2,0
22560007054000,2,1,1,0
22560007055000,2,1,1,0
22560007056000,26,15,11,1027
22560007057000,52,23,29,1944.8
22560007058000,4,3,1,0
22560007060000,34,18,16,1043.8
22560007062000,7,4,3,373.1
22560007063000,8,5,3,447.2
22560007065000,10,6,4,490
22560007074000,1,1,0,0
22560007075000,7,5,2,242.9
22560007076000,5,3,2,79
22560007078000,2,1,1,0
22560007079000,168,85,83,8198.4
22560007081000,2,1,1,0
22560007083000,3,2,1,0
22560007084000,6,4,2,319.2
22560007098000,3,2,1,0
22560007099000,5,2,3,162
22560007105000,10,5,5,554
22560007107000,17,9,8,749.7
22560007108000,7,6,1,301
22560007111000,74,38,36,3544.6
22560007113000,5,2,3,216
22560007114000,4,2,2,0
22570006573000,2,1,1,0
22570006574000,43,21,22,1969.4
22570006575000,557,274,283,24396.6
22570006576000,365,190,175,14782.5
22570006577000,246,123,123,10061.4
22570006578000,193,100,93,9206.1
22570006579000,41,20,21,2086.9
22570006580000,49,27,22,1950.2
22570006582000,17,12,5,788.8
22570006586000,5,2,3,278
22570006587000,22,11,11,759
22570006588000,48,25,23,2054.4
22570006589000,329,170,159,12633.6
22570006590000,34,18,16,1506.2
22570006591000,119,69,50,4522
22570006592000,183,97,86,7118.7
22570006593000,14,6,8,564.2
22570006597000,20,9,11,570
22570006602000,2,1,1,0
22570006603000,61,33,28,2122.8
22570006604000,1,1,0,0
22570006605000,316,156,160,13461.6
22570006606000,701,334,367,27619.4
22570006607000,10,6,4,416
22570006608000,22,14,8,996.6
22570006609000,55,31,24,2249.5
22570006610000,5,3,2,267
22570006611000,12,5,7,471.6
22570006612000,57,33,24,2411.1
22570006613000,293,146,147,12423.2
22570006614000,1873,940,933,62370.9
22570006615000,29,16,13,1180.3
22570006616000,12,7,5,532.8
22570006617000,8,4,4,542.4
22570006618000,21,13,8,726.6
22570006619000,14,8,6,631.4
22570006620000,48,25,23,2203.2
22570006621000,14,8,6,613.2
22570006622000,44,26,18,1672
22570006623000,18,10,8,622.8
22570006624000,82,47,35,2689.6
22570006626000,8,4,4,286.4
22570006628000,41,24,17,1447.3
22570006629000,18,9,9,709.2
22570006630000,2,1,1,0
22570006631000,12,5,7,514.8
22570006632000,32,15,17,1526.4
22570006633000,21,10,11,1148.7
22570006634000,73,44,29,2766.7
22570006635000,21,12,9,867.3
22570006636000,4,2,2,0
22570006637000,121,54,67,5578.1
22570006638000,13,5,8,539.5
22570006639000,40,19,21,1584
22570006640000,226,111,115,9311.2
22570006641000,124,63,61,4836
22570006642000,1114,528,586,38767.2
22570006643000,2664,1277,1387,101232
22570006644000,620,294,326,25482
22570006647000,14,7,7,869.4
22570006648000,22,14,8,798.6
22570006649000,14,10,4,593.6
22570006650000,3791,1908,1883,146332.6
22570006651000,3393,1671,1722,146238.3
22570006652000,2331,1151,1180,106060.5
22570006653000,4721,2135,2586,184591.1
22570006654000,3898,1879,2019,153971
22570006655000,2169,1072,1097,93050.1
22570006656000,1986,981,1005,78645.6
22570006657000,473,237,236,14804.9
22570006660000,2,1,1,0
22570006662000,9,5,4,388.8
22570006686000,9,5,4,386.1
22570006687000,7,5,2,177.8
22570006688000,5,2,3,309
22570006689000,37,18,19,1753.8
22570006690000,51,29,22,2335.8
22570006691000,595,310,285,23086
22570006692000,239,126,113,9775.1
22570006693000,89,47,42,3746.9
22570006694000,45,22,23,2241
22570006695000,32,16,16,1392
22570006696000,73,38,35,3489.4
22570006697000,26,12,14,902.2
22570006698000,28,16,12,1187.2
22570006699000,93,45,48,3831.6
22570006700000,239,109,130,10994
22570006701000,40,20,20,1120
22570006702000,88,46,42,3405.6
22570006703000,110,63,47,4697
22570006704000,22,12,10,937.2
22570006705000,53,28,25,2135.9
22570006706000,19,9,10,830.3
22570006707000,2,1,1,0
22570006708000,25,11,14,937.5
22570006722000,5,2,3,181
22570006723000,7,3,4,308
22570006724000,20,12,8,848
22570006725000,12,8,4,571.2
22570006730000,10,8,2,380
22570006731000,8,4,4,350.4
22570006733000,3,1,2,0
22570006734000,17,5,12,758.2
22570006735000,23,13,10,970.6
22570006736000,28,11,17,1310.4
22570006743000,3,1,2,0
22570006744000,2,1,1,0
22570006745000,7,4,3,349.3
22570006748000,94,47,47,4333.4
22570006749000,53,27,26,2337.3
22570006750000,75,41,34,3030
22570006751000,15,8,7,550.5
22570006757000,5,3,2,368
22570006758000,9,5,4,451.8
22570006759000,4,2,2,0
22570006764000,4,2,2,0
22570006767000,26,13,13,1144
22570006768000,6,3,3,339
22570006769000,4,3,1,0
22570006770000,36,14,22,1191.6
22570006772000,4,1,3,0
22570006773000,9,4,5,419.4
22570006774000,17,14,3,717.4
22570006775000,72,36,36,3124.8
22570006776000,8,5,3,308
22570006777000,4,3,1,0
22570006780000,26,11,15,1079
22570006781000,249,127,122,9586.5
22570006782000,1087,541,546,43045.2
22570006783000,40,19,21,1752
22570006784000,34,16,18,1332.8
22570006785000,20,11,9,652
22570006786000,121,60,61,4464.9
22570006787000,45,20,25,2250
22570006795000,1,1,0,0
22570006796000,2,1,1,0
22570006798000,10,6,4,551
22570006799000,10,4,6,464
22570006800000,2,1,1,0
22570006858000,2,1,1,0
22570006904000,5,2,3,194
22570006947000,10,5,5,267
22570006948000,9,3,6,236.7
22570006949000,11,7,4,492.8
22570006950000,2,0,2,0
22570006977000,1,1,0,0
22570006978000,4,2,2,0
22570006979000,7,4,3,286.3
22570006982000,5,2,3,94
22570006983000,12,5,7,312
22570006984000,5,3,2,293
22570006985000,16,8,8,515.2
22570006986000,20,12,8,766
22570006987000,97,54,43,4209.8
22570006988000,29,15,14,1110.7
22570006989000,14,9,5,698.6
22570006990000,48,21,27,1344
22570006992000,1,1,0,0
22570007005000,8,4,4,384.8
22570007006000,32,19,13,1363.2
22570007010000,5,3,2,242
22570007011000,19,8,11,885.4
22570007012000,6,4,2,262.2
22570007016000,11,6,5,423.5
22570007021000,37,19,18,1302.4
22570007022000,54,26,28,2354.4
22570007023000,2,1,1,0
22570007024000,17,6,11,528.7
22570007027000,99,51,48,3603.6
22570007028000,419,216,203,12611.9
22570007029000,778,392,386,26296.4
22570007030000,20,9,11,636
22570007033000,32,19,13,1180.8
22570007034000,85,41,44,3068.5
22570007035000,35,21,14,1445.5
22570007036000,29,18,11,1177.4
22570007037000,10,5,5,279
22570007038000,5,1,4,224
22570007039000,11,6,5,451
22570007040000,39,18,21,1634.1
22570007041000,400,212,188,13720
22570007042000,19,11,8,815.1
22570007050000,2,1,1,0
22570007051000,17,9,8,630.7
22570007057000,10,3,7,434
22570007062000,6,3,3,135
22570007063000,1,0,1,0
22570007065000,5,3,2,321
22570007066000,25,11,14,1230
22570007074000,5,0,5,143
22570007077000,16,9,7,716.8
22570007078000,14,7,7,786.8
22570007079000,64,32,32,3040
22570007080000,29,13,16,1438.4
22570007083000,19,10,9,1168.5
22570007084000,12,5,7,614.4
22570007097000,6,2,4,403.2
22570007098000,10,5,5,320
22570007099000,8,4,4,428
22570007100000,3,2,1,0
22570007106000,5,2,3,191
22570007107000,17,9,8,678.3
22570007108000,1,1,0,0
22570007109000,1,1,0,0
22570007111000,27,14,13,1414.8
22570007112000,5,4,1,275
22570007113000,5,2,3,384
22580006570000,1,1,0,0
22580006575000,34,17,17,1227.4
22580006576000,63,36,27,2482.2
22580006577000,332,165,167,12948
22580006578000,54,26,28,2338.2
22580006579000,347,173,174,14816.9
22580006580000,992,485,507,41564.8
22580006581000,72,38,34,3283.2
22580006582000,2,1,1,0
22580006583000,14,7,7,604.8
22580006585000,3,2,1,0
22580006586000,9,4,5,354.6
22580006587000,20,9,11,702
22580006588000,29,17,12,1093.3
22580006589000,328,158,170,15120.8
22580006590000,1051,534,517,44772.6
22580006591000,31,13,18,1165.6
22580006592000,19,11,8,927.2
22580006594000,4,1,3,0
22580006597000,11,6,5,465.3
22580006598000,1,1,0,0
22580006599000,5,4,1,127
22580006604000,15,7,8,700.5
22580006605000,15,9,6,808.5
22580006606000,3,2,1,0
22580006607000,113,57,56,4339.2
22580006608000,26,15,11,946.4
22580006609000,13,5,8,572
22580006610000,35,21,14,1491
22580006611000,13,8,5,670.8
22580006612000,8,4,4,364
22580006613000,452,215,237,14599.6
22580006614000,304,158,146,10457.6
22580006615000,32,17,15,1248
22580006616000,14,7,7,413
22580006617000,10,6,4,370
22580006618000,17,7,10,486.2
22580006619000,23,10,13,940.7
22580006620000,5,4,1,183
22580006621000,122,60,62,4623.8
22580006622000,12,6,6,568.8
22580006623000,23,10,13,1060.3
22580006624000,167,94,73,5778.2
22580006625000,41,22,19,1754.8
22580006626000,13,6,7,605.8
22580006627000,1,0,1,0
22580006628000,37,22,15,1346.8
22580006629000,46,23,23,1909
22580006630000,6,2,4,385.8
22580006631000,128,70,58,4889.6
22580006632000,22,9,13,866.8
22580006633000,107,47,60,3862.7
22580006634000,171,86,85,7541.1
22580006635000,80,43,37,3736
22580006636000,142,73,69,6262.2
22580006637000,205,111,94,7441.5
22580006638000,168,88,80,6921.6
22580006639000,225,124,101,8617.5
22580006640000,1274,608,666,48029.8
22580006641000,1544,763,781,56047.2
22580006642000,400,192,208,14880
22580006643000,6,4,2,223.2
22580006647000,434,219,215,18097.8
22580006648000,2456,1194,1262,102169.6
22580006649000,44,20,24,2274.8
22580006650000,2402,1181,1221,97761.4
22580006651000,5914,2810,3104,238925.6
22580006652000,2766,1340,1426,108150.6
22580006653000,3198,1592,1606,111610.2
22580006654000,3110,1523,1587,130620
22580006655000,308,170,138,10995.6
22580006656000,619,317,302,20736.5
22580006657000,57,33,24,1704.3
22580006659000,3,1,2,0
22580006661000,1,1,0,0
22580006662000,7,4,3,392.7
22580006663000,1,1,0,0
22580006667000,7,5,2,189.7
22580006674000,1,0,1,0
22580006686000,8,4,4,314.4
22580006687000,23,12,11,1051.1
22580006688000,2,1,1,0
22580006690000,47,20,27,2260.7
22580006691000,148,76,72,6408.4
22580006692000,63,34,29,3250.8
22580006693000,66,31,35,2554.2
22580006694000,34,18,16,1455.2
22580006695000,22,11,11,1056
22580006696000,96,48,48,4128
22580006697000,44,26,18,1698.4
22580006698000,29,13,16,1322.4
22580006699000,115,52,63,5255.5
22580006700000,55,23,32,2618
22580006701000,68,35,33,2862.8
22580006722000,2,1,1,0
22580006724000,14,8,6,453.6
22580006725000,5,2,3,116
22580006727000,3,2,1,0
22580006728000,156,76,80,6411.6
22580006729000,174,94,80,7395
22580006733000,7,4,3,361.9
22580006735000,63,31,32,2935.8
22580006736000,47,26,21,2129.1
22580006737000,61,33,28,3220.8
22580006738000,44,25,19,1592.8
22580006739000,10,4,6,357
22580006740000,14,6,8,593.6
22580006741000,20,10,10,742
22580006742000,4,2,2,0
22580006743000,32,16,16,1526.4
22580006744000,10,5,5,501
22580006745000,5,3,2,299
22580006746000,30,15,15,1299
22580006747000,21,11,10,903
22580006748000,128,72,56,5107.2
22580006749000,24,10,14,892.8
22580006750000,48,22,26,2524.8
22580006751000,16,7,9,724.8
22580006753000,7,3,4,427
22580006757000,2,2,0,0
22580006758000,30,14,16,1527
22580006759000,22,10,12,849.2
22580006764000,18,11,7,799.2
22580006765000,11,7,4,536.8
22580006766000,14,8,6,744.8
22580006767000,8,6,2,370.4
22580006768000,14,7,7,702.8
22580006769000,93,48,45,3794.4
22580006772000,3,0,3,0
22580006773000,7,4,3,154
22580006774000,6,3,3,231
22580006775000,64,32,32,2483.2
22580006776000,8,4,4,396
22580006778000,4,3,1,0
22580006779000,10,6,4,342
22580006780000,22,9,13,1038.4
22580006781000,653,316,337,21679.6
22580006782000,969,466,503,36628.2
22580006783000,9,3,6,417.6
22580006786000,35,20,15,1487.5
22580006787000,17,8,9,979.2
22580006795000,4,2,2,0
22580006858000,2,1,1,0
22580006904000,12,5,7,336
22580006905000,2,1,1,0
22580006946000,25,10,15,907.5
22580006947000,18,7,11,689.4
22580006972000,2,1,1,0
22580006975000,8,3,5,335.2
22580006976000,4,2,2,0
22580006977000,4,1,3,0
22580006978000,5,4,1,323
22580006979000,7,3,4,231.7
22580006980000,4,2,2,0
22580006981000,11,5,6,452.1
22580006982000,19,9,10,851.2
22580006983000,39,22,17,1345.5
22580006984000,24,10,14,1056
22580006985000,21,8,13,1075.2
22580006986000,13,7,6,461.5
22580006987000,13,8,5,696.8
22580006990000,18,14,4,754.2
22580006991000,7,5,2,338.1
22580006992000,5,3,2,319
22580006993000,19,8,11,701.1
22580006994000,19,10,9,849.3
22580006995000,5,3,2,167
22580007005000,23,11,12,1018.9
22580007006000,163,85,78,7269.8
22580007007000,39,20,19,1372.8
22580007008000,13,7,6,500.5
22580007022000,17,9,8,715.7
22580007023000,35,19,16,1424.5
22580007024000,99,55,44,3989.7
22580007025000,25,11,14,1075
22580007026000,52,28,24,2537.6
22580007027000,22,11,11,932.8
22580007028000,64,30,34,3244.8
22580007029000,627,310,317,22948.2
22580007033000,161,92,69,6649.3
22580007034000,523,250,273,22018.3
22580007035000,48,27,21,1728
22580007036000,78,38,40,3073.2
22580007037000,92,46,46,4103.2
22580007038000,49,26,23,1739.5
22580007039000,27,13,14,1152.9
22580007040000,91,48,43,3621.8
22580007041000,22,13,9,970.2
22580007042000,52,26,26,2813.2
22580007043000,44,24,20,1892
22580007051000,6,3,3,385.8
22580007052000,25,12,13,867.5
22580007053000,9,4,5,288
22580007057000,6,3,3,403.2
22580007063000,5,2,3,195
22580007065000,17,7,10,593.3
22580007066000,30,17,13,1353
22580007067000,4,2,2,0
22580007077000,25,14,11,1082.5
22580007078000,18,12,6,644.4
22580007080000,11,4,7,575.3
22580007081000,19,8,11,651.7
22580007084000,6,4,2,355.8
22580007085000,10,4,6,299
22580007098000,30,16,14,1467
22580007099000,4,2,2,0
22580007100000,13,8,5,691.6
22580007102000,6,4,2,150
22580007103000,7,3,4,321.3
22580007105000,3,2,1,0
22580007107000,29,16,13,1400.7
22580007108000,5,3,2,235
22580007109000,4,2,2,0
22580007110000,47,20,27,2796.5
22580007111000,9,6,3,428.4
22580007112000,13,6,7,635.7
22580007113000,1,1,0,0
22580007115000,38,20,18,1482
22580007126000,2,1,1,0
22590006571000,82,40,42,3763.8
22590006572000,110,62,48,4433
22590006575000,36,20,16,1998
22590006576000,53,26,27,2162.4
22590006577000,878,425,453,30378.8
22590006578000,461,226,235,17518
22590006579000,24,12,12,1231.2
22590006580000,353,182,171,13978.8
22590006581000,606,306,300,22664.4
22590006582000,12,6,6,492
22590006583000,4,3,1,0
22590006585000,39,24,15,1614.6
22590006586000,3,1,2,0
22590006587000,64,27,37,2201.6
22590006588000,108,45,63,5151.6
22590006589000,1151,570,581,49493
22590006590000,54,26,28,2570.4
22590006591000,55,27,28,2117.5
22590006592000,3,2,1,0
22590006593000,4,2,2,0
22590006598000,11,5,6,514.8
22590006599000,12,6,6,586.8
22590006600000,2,1,1,0
22590006603000,4,2,2,0
22590006604000,4,1,3,0
22590006605000,28,18,10,1355.2
22590006606000,53,28,25,2215.4
22590006607000,245,128,117,9922.5
22590006608000,664,337,327,21513.6
22590006609000,16,9,7,704
22590006610000,117,64,53,4422.6
22590006611000,162,79,83,4730.4
22590006612000,24,13,11,1032
22590006613000,29,17,12,1365.9
22590006614000,30,16,14,1116
22590006615000,359,195,164,14180.5
22590006616000,401,220,181,16200.4
22590006617000,113,57,56,4181
22590006618000,12,6,6,476.4
22590006619000,11,6,5,531.3
22590006620000,15,6,9,499.5
22590006621000,118,64,54,4425
22590006622000,25,14,11,972.5
22590006623000,76,43,33,2302.8
22590006624000,58,29,29,2320
22590006625000,14,7,7,739.2
22590006627000,11,8,3,588.5
22590006628000,53,31,22,2199.5
22590006629000,33,17,16,1376.1
22590006630000,35,19,16,1477
22590006631000,102,51,51,4681.8
22590006632000,19,9,10,974.7
22590006633000,66,37,29,3399
22590006634000,92,42,50,4636.8
22590006635000,17,7,10,678.3
22590006636000,6,1,5,141
22590006637000,18,8,10,644.4
22590006647000,1,1,0,0
22590006648000,609,285,324,22837.5
22590006649000,1007,494,513,47228.3
22590006650000,7671,3698,3973,315278.1
22590006651000,1937,956,981,71087.9
22590006652000,3771,1837,1934,144429.3
22590006653000,3312,1591,1721,126518.4
22590006654000,2749,1349,1400,105561.6
22590006655000,311,158,153,11880.2
22590006656000,1,0,1,0
22590006659000,4,1,3,0
22590006664000,3,2,1,0
22590006671000,4,3,1,0
22590006687000,838,416,422,31257.4
22590006688000,471,237,234,18651.6
22590006690000,19,10,9,1098.2
22590006691000,54,30,24,2532.6
22590006692000,21,13,8,892.5
22590006693000,58,33,25,2325.8
22590006694000,63,34,29,2658.6
22590006695000,67,33,34,3028.4
22590006707000,1,0,1,0
22590006718000,2,2,0,0
22590006719000,8,5,3,283.2
22590006721000,11,5,6,539
22590006722000,23,13,10,1028.1
22590006723000,5,2,3,226
22590006724000,10,5,5,397
22590006725000,11,4,7,387.2
22590006726000,2,1,1,0
22590006727000,2,2,0,0
22590006728000,119,55,64,5188.4
22590006729000,269,137,132,13530.7
22590006730000,36,19,17,1418.4
22590006731000,4,3,1,0
22590006732000,61,31,30,2488.8
22590006733000,21,10,11,854.7
22590006734000,2,2,0,0
22590006735000,53,27,26,2093.5
22590006736000,15,10,5,721.5
22590006737000,62,33,29,2963.6
22590006738000,129,71,58,5031
22590006739000,425,218,207,18827.5
22590006740000,84,45,39,3284.4
22590006742000,12,8,4,553.2
22590006743000,54,29,25,2316.6
22590006744000,36,20,16,1620
22590006745000,11,6,5,717.2
22590006746000,7,4,3,305.2
22590006747000,7,4,3,438.9
22590006748000,319,152,167,11707.3
22590006749000,217,106,111,8050.7
22590006750000,49,24,25,2160.9
22590006751000,22,13,9,919.6
22590006752000,3,1,2,0
22590006753000,18,9,9,489.6
22590006757000,8,2,6,162.4
22590006758000,50,23,27,2440
22590006759000,13,7,6,409.5
22590006763000,29,15,14,1455.8
22590006764000,15,7,8,577.5
22590006765000,17,10,7,596.7
22590006766000,52,27,25,2392
22590006767000,35,18,17,1473.5
22590006768000,2,1,1,0
22590006769000,49,28,21,1999.2
22590006771000,3,2,1,0
22590006772000,60,30,30,2484
22590006773000,6,2,4,439.2
22590006774000,325,160,165,12740
22590006775000,81,42,39,2899.8
22590006778000,7,3,4,364
22590006779000,5,3,2,221
22590006780000,24,16,8,988.8
22590006781000,87,46,41,2949.3
22590006782000,65,35,30,2301
22590006783000,3,1,2,0
22590006786000,18,9,9,995.4
22590006787000,13,9,4,340.6
22590006795000,3,2,1,0
22590006800000,3,2,1,0
22590006858000,1,1,0,0
22590006859000,4,2,2,0
22590006904000,2,1,1,0
22590006909000,12,5,7,411.6
22590006945000,44,23,21,2455.2
22590006946000,12,7,5,643.2
22590006947000,1,1,0,0
22590006971000,3,2,1,0
22590006973000,4,3,1,0
22590006976000,1,0,1,0
22590006980000,5,4,1,200
22590006981000,26,12,14,1203.8
22590006982000,4,3,1,0
22590006983000,5,3,2,213
22590006991000,7,5,2,147.7
22590006992000,18,10,8,721.8
22590006993000,37,20,17,1309.8
22590006994000,4,2,2,0
22590006995000,12,4,8,423.6
22590006996000,18,14,4,829.8
22590006997000,19,7,12,775.2
22590007003000,32,18,14,1196.8
22590007004000,57,27,30,2416.8
22590007005000,97,46,51,3559.9
22590007006000,482,244,238,15954.2
22590007007000,166,85,81,6191.8
22590007008000,50,25,25,2050
22590007009000,62,33,29,2616.4
22590007023000,127,71,56,4013.2
22590007024000,28,15,13,1254.4
22590007025000,4,2,2,0
22590007026000,28,16,12,809.2
22590007027000,43,19,24,1629.7
22590007028000,90,45,45,3348
22590007029000,343,176,167,13822.9
22590007030000,190,93,97,7106
22590007033000,34,21,13,1513
22590007034000,44,20,24,1570.8
22590007035000,36,16,20,1584
22590007036000,9,3,6,255.6
22590007041000,1,1,0,0
22590007042000,198,107,91,7207.2
22590007043000,29,19,10,1418.1
22590007044000,8,6,2,172
22590007052000,2,1,1,0
22590007053000,4,2,2,0
22590007057000,1,0,1,0
22590007063000,3,2,1,0
22590007064000,2,1,1,0
22590007066000,16,7,9,648
22590007067000,23,13,10,731.4
22590007078000,74,32,42,3455.8
22590007084000,20,10,10,830
22590007098000,11,7,4,554.4
22590007100000,6,3,3,277.8
22590007102000,3,1,2,0
22590007103000,22,13,9,849.2
22590007107000,1,0,1,0
22590007108000,4,3,1,0
22590007109000,49,25,24,1837.5
22590007110000,57,33,24,2462.4
22590007111000,8,4,4,515.2
22590007126000,1,1,0,0
22600006569000,63,33,30,2828.7
22600006570000,136,70,66,6378.4
22600006571000,28,16,12,1240.4
22600006572000,52,31,21,2345.2
22600006574000,9,6,3,261.9
22600006575000,25,14,11,1045
22600006576000,12,7,5,732
22600006577000,38,16,22,1402.2
22600006578000,17,9,8,969
22600006579000,25,12,13,1130
22600006580000,38,22,16,1542.8
22600006581000,19,9,10,915.8
22600006582000,54,24,30,2575.8
22600006583000,5,2,3,313
22600006584000,6,4,2,238.8
22600006585000,30,15,15,1512
22600006586000,33,20,13,1438.8
22600006587000,27,14,13,1001.7
22600006588000,169,88,81,6574.1
22600006589000,132,66,66,5860.8
22600006590000,13,7,6,707.2
22600006591000,18,10,8,615.6
22600006592000,3,2,1,0
22600006593000,2,1,1,0
22600006596000,40,29,11,1496
22600006598000,7,6,1,361.9
22600006599000,240,117,123,8592
22600006600000,30,13,17,1272
22600006601000,11,5,6,332.2
22600006604000,9,6,3,415.8
22600006605000,9,6,3,592.2
22600006606000,15,8,7,597
22600006607000,32,20,12,1433.6
22600006608000,26,13,13,1084.2
22600006610000,34,17,17,1492.6
22600006611000,1,1,0,0
22600006612000,11,6,5,473
22600006613000,20,11,9,744
22600006614000,2125,1018,1107,91375
22600006615000,1094,562,532,39165.2
22600006616000,593,299,294,23720
22600006617000,18,12,6,482.4
22600006618000,7,4,3,338.1
22600006619000,11,8,3,482.9
22600006620000,115,67,48,3875.5
22600006621000,287,145,142,10045
22600006622000,114,65,49,4571.4
22600006623000,41,22,19,1332.5
22600006624000,6,2,4,172.2
22600006625000,54,27,27,2246.4
22600006626000,54,27,27,1960.2
22600006627000,8,5,3,384
22600006628000,263,138,125,8652.7
22600006629000,251,128,123,10491.8
22600006630000,199,105,94,8318.2
22600006631000,155,82,73,6138
22600006632000,21,13,8,1014.3
22600006633000,7,4,3,312.2
22600006634000,130,72,58,5668
22600006635000,36,17,19,1544.4
22600006636000,8,3,5,479.2
22600006637000,2,1,1,0
22600006648000,1071,607,464,46588.5
22600006649000,11396,5745,5651,441025.2
22600006650000,14535,7022,7513,581400
22600006651000,10172,5026,5146,398742.4
22600006652000,2305,1088,1217,91739
22600006653000,1547,763,784,60333
22600006654000,1981,970,1011,79636.2
22600006655000,80,41,39,3096
22600006680000,3,1,2,0
22600006681000,16,8,8,756.8
22600006682000,89,46,43,3889.3
22600006683000,28,14,14,1358
22600006687000,31,12,19,1497.3
22600006688000,199,97,102,7203.8
22600006689000,62,36,26,2436.6
22600006690000,34,16,18,1343
22600006691000,80,43,37,3656
22600006692000,87,37,50,2949.3
22600006693000,87,50,37,3427.8
22600006694000,64,30,34,2835.2
22600006710000,5,2,3,184
22600006717000,14,7,7,499.8
22600006718000,20,9,11,800
22600006719000,25,12,13,1150
22600006720000,33,16,17,1234.2
22600006721000,44,19,25,1570.8
22600006722000,18,7,11,903.6
22600006723000,14,7,7,705.6
22600006724000,10,4,6,382
22600006726000,12,7,5,578.4
22600006727000,12,5,7,565.2
22600006728000,7,4,3,280.7
22600006729000,9,5,4,255.6
22600006730000,2,1,1,0
22600006731000,12,6,6,493.2
22600006732000,19,11,8,674.5
22600006733000,3,1,2,0
22600006734000,167,81,86,7314.6
22600006735000,451,232,219,18671.4
22600006736000,71,39,32,3031.7
22600006737000,40,15,25,1500
22600006738000,549,268,281,19873.8
22600006739000,1127,540,587,49249.9
22600006740000,738,380,358,30184.2
22600006741000,13,5,8,486.2
22600006742000,2,1,1,0
22600006743000,3,2,1,0
22600006744000,39,23,16,1591.2
22600006745000,24,12,12,1089.6
22600006747000,19,11,8,687.8
22600006748000,408,206,202,13749.6
22600006749000,31,17,14,1410.5
22600006750000,52,26,26,1924
22600006751000,6,4,2,282
22600006752000,26,12,14,1128.4
22600006753000,15,10,5,559.5
22600006758000,98,56,42,4057.2
22600006759000,13,6,7,552.5
22600006762000,1,1,0,0
22600006763000,9,5,4,505.8
22600006764000,2,1,1,0
22600006765000,24,11,13,895.2
22600006766000,96,53,43,4003.2
22600006767000,46,23,23,1734.2
22600006768000,15,8,7,709.5
22600006769000,5,2,3,222
22600006771000,59,32,27,1905.7
22600006772000,28,13,15,1192.8
22600006773000,198,99,99,7979.4
22600006774000,107,51,56,5007.6
22600006775000,50,26,24,2085
22600006776000,9,4,5,249.3
22600006778000,29,15,14,962.8
22600006779000,21,10,11,1033.2
22600006780000,4,2,2,0
22600006781000,87,44,43,3349.5
22600006782000,21,10,11,861
22600006786000,10,6,4,504
22600006796000,3,2,1,0
22600006905000,5,2,3,301
22600006909000,6,4,2,412.8
22600006910000,5,4,1,153
22600006935000,4,2,2,0
22600006942000,4,1,3,0
22600006944000,16,8,8,739.2
22600006945000,64,28,36,2892.8
22600006946000,7,4,3,293.3
22600006980000,6,2,4,157.2
22600006981000,4,2,2,0
22600006988000,6,2,4,192
22600006989000,29,13,16,1322.4
22600006990000,6,3,3,94.2
22600006993000,39,20,19,1599
22600006997000,37,19,18,1602.1
22600006998000,152,82,70,6308
22600007002000,14,8,6,593.6
22600007003000,29,16,13,1247
22600007004000,49,22,27,2160.9
22600007005000,11,7,4,490.6
22600007006000,55,27,28,1848
22600007007000,25,13,12,987.5
22600007008000,39,24,15,1852.5
22600007009000,90,36,54,6246
22600007010000,14,8,6,589.4
22600007016000,2,1,1,0
22600007019000,14,5,9,410.2
22600007020000,18,9,9,637.2
22600007021000,15,7,8,412.5
22600007022000,4,2,2,0
22600007023000,71,36,35,2392.7
22600007024000,191,94,97,6646.8
22600007025000,46,25,21,1771
22600007026000,11,8,3,479.6
22600007027000,26,14,12,1138.8
22600007028000,32,19,13,1097.6
22600007029000,18,8,10,410.4
22600007030000,36,20,16,1519.2
22600007031000,15,8,7,784.5
22600007033000,33,17,16,1333.2
22600007042000,4,2,2,0
22600007043000,64,32,32,2528
22600007044000,139,75,64,5476.6
22600007056000,15,8,7,648
22600007058000,13,5,8,525.2
22600007059000,7,1,6,209.3
22600007066000,28,18,10,1100.4
22600007067000,14,9,5,651
22600007068000,4,2,2,0
22600007078000,96,52,44,4358.4
22600007079000,67,35,32,3356.7
22600007084000,7,2,5,378.7
22600007085000,5,2,3,228
22600007099000,6,2,4,331.2
22600007100000,11,6,5,643.5
22600007101000,24,11,13,823.2
22600007103000,11,6,5,459.8
22600007104000,1,0,1,0
22600007109000,10,6,4,439
22600007112000,3,2,1,0
22600007128000,5,2,3,160
22610006567000,1,1,0,0
22610006568000,9,5,4,446.4
22610006569000,533,255,278,21799.7
22610006570000,6,3,3,289.2
22610006571000,8,4,4,232
22610006572000,24,16,8,883.2
22610006573000,17,8,9,826.2
22610006574000,23,10,13,910.8
22610006575000,39,19,20,1809.6
22610006576000,50,24,26,2315
22610006577000,20,11,9,1082
22610006578000,69,34,35,2980.8
22610006579000,15,8,7,577.5
22610006580000,3,3,0,0
22610006581000,1,1,0,0
22610006582000,46,23,23,2226.4
22610006583000,229,118,111,9869.9
22610006584000,43,15,28,1814.6
22610006585000,18,10,8,867.6
22610006586000,17,9,8,783.7
22610006587000,27,17,10,1252.8
22610006588000,126,66,60,5644.8
22610006590000,13,9,4,568.1
22610006591000,3,1,2,0
22610006592000,2,2,0,0
22610006595000,6,4,2,250.2
22610006596000,16,10,6,763.2
22610006597000,25,13,12,960
22610006598000,558,297,261,22320
22610006599000,654,332,322,19750.8
22610006600000,30,16,14,1149
22610006601000,1,1,0,0
22610006602000,4,2,2,0
22610006603000,3,1,2,0
22610006604000,5,2,3,202
22610006605000,17,9,8,771.8
22610006606000,6,2,4,253.2
22610006607000,18,10,8,502.2
22610006608000,10,8,2,513
22610006609000,25,15,10,1117.5
22610006610000,34,20,14,1798.6
22610006611000,26,13,13,1157
22610006612000,23,9,14,857.9
22610006613000,7,4,3,182.7
22610006614000,51,22,29,1932.9
22610006615000,104,50,54,3213.6
22610006616000,8,4,4,238.4
22610006617000,29,16,13,948.3
22610006618000,2,2,0,0
22610006619000,44,19,25,1812.8
22610006620000,125,58,67,4837.5
22610006621000,916,440,476,24640.4
22610006622000,21,13,8,594.3
22610006623000,21,9,12,726.6
22610006624000,48,29,19,1814.4
22610006625000,53,29,24,2003.4
22610006626000,58,33,25,2180.8
22610006627000,21,9,12,953.4
22610006628000,371,198,173,14469
22610006629000,1613,815,798,61132.7
22610006630000,498,255,243,14989.8
22610006632000,12,6,6,394.8
22610006634000,76,32,44,3146.4
22610006635000,30,13,17,1356
22610006637000,8,3,5,355.2
22610006638000,10,6,4,480
22610006639000,4,2,2,0
22610006646000,1,0,1,0
22610006648000,67,33,34,3075.3
22610006649000,1304,727,577,47856.8
22610006650000,17308,8783,8525,605780
22610006651000,13956,6661,7295,510789.6
22610006652000,4420,2354,2066,155142
22610006653000,2655,1311,1344,91066.5
22610006654000,2214,1090,1124,82139.4
22610006655000,2042,999,1043,51458.4
22610006660000,5,1,4,166
22610006681000,14,6,8,326.2
22610006682000,126,66,60,5140.8
22610006685000,11,6,5,444.4
22610006686000,29,17,12,1191.9
22610006690000,17,8,9,807.5
22610006691000,57,30,27,2964
22610006692000,10,6,4,601
22610006715000,1,1,0,0
22610006716000,4,2,2,0
22610006717000,15,10,5,643.5
22610006718000,12,5,7,501.6
22610006719000,32,19,13,1465.6
22610006720000,9,6,3,411.3
22610006721000,2,2,0,0
22610006722000,19,10,9,693.5
22610006723000,22,12,10,957
22610006724000,18,11,7,788.4
22610006725000,35,17,18,1816.5
22610006726000,38,19,19,1862
22610006727000,33,15,18,1468.5
22610006730000,15,8,7,634.5
22610006731000,20,13,7,752
22610006732000,50,27,23,1690
22610006734000,20,7,13,668
22610006735000,366,188,178,15664.8
22610006736000,31,17,14,1165.6
22610006737000,10,3,7,393
22610006738000,373,191,182,16412
22610006739000,1406,683,723,60317.4
22610006740000,1318,684,634,55619.6
22610006741000,841,445,396,33640
22610006742000,69,37,32,2656.5
22610006743000,245,133,112,9628.5
22610006744000,68,32,36,2903.6
22610006745000,3,1,2,0
22610006746000,21,8,13,795.9
22610006747000,86,45,41,3508.8
22610006748000,97,49,48,2851.8
22610006749000,7,3,4,286.3
22610006750000,19,9,10,769.5
22610006752000,39,23,16,1735.5
22610006753000,19,10,9,687.8
22610006758000,103,47,56,4624.7
22610006759000,6,2,4,279
22610006762000,6,2,4,309
22610006763000,33,14,19,1270.5
22610006764000,23,15,8,892.4
22610006765000,40,21,19,1948
22610006766000,65,36,29,2697.5
22610006767000,12,5,7,481.2
22610006768000,2,1,1,0
22610006770000,26,18,8,1258.4
22610006772000,15,8,7,621
22610006773000,38,19,19,1299.6
22610006774000,7,4,3,324.8
22610006775000,2,1,1,0
22610006776000,11,4,7,514.8
22610006778000,30,15,15,1347
22610006779000,5,2,3,214
22610006780000,6,3,3,244.8
22610006781000,32,16,16,1136
22610006782000,6,4,2,229.2
22610006858000,4,2,2,0
22610006939000,2,2,0,0
22610006940000,1,0,1,0
22610006942000,1,1,0,0
22610006943000,12,6,6,360
22610006944000,15,8,7,640.5
22610006945000,3,2,1,0
22610006985000,3,1,2,0
22610006987000,5,2,3,104
22610006989000,10,4,6,451
22610006990000,2,1,1,0
22610006991000,4,3,1,0
22610006992000,2,1,1,0
22610006996000,1,1,0,0
22610006997000,103,51,52,4089.1
22610006998000,853,401,452,37020.2
22610006999000,243,125,118,9355.5
22610007000000,211,100,111,7828.1
22610007001000,23,10,13,855.6
22610007002000,23,12,11,908.5
22610007004000,1,0,1,0
22610007008000,32,12,20,988.8
22610007009000,52,30,22,2355.6
22610007010000,136,67,69,5997.6
22610007011000,16,8,8,544
22610007012000,8,4,4,254.4
22610007016000,64,29,35,2086.4
22610007017000,99,53,46,3494.7
22610007018000,84,44,40,3435.6
22610007019000,36,18,18,1461.6
22610007020000,52,31,21,2178.8
22610007021000,8,5,3,448
22610007022000,19,11,8,851.2
22610007023000,41,19,22,1234.1
22610007024000,991,498,493,31712
22610007025000,956,469,487,36614.8
22610007026000,100,57,43,4040
22610007027000,145,77,68,5336
22610007028000,66,34,32,2019.6
22610007029000,6,3,3,339
22610007030000,87,54,33,3271.2
22610007031000,25,16,9,1107.5
22610007032000,19,11,8,820.8
22610007033000,29,17,12,986
22610007044000,17,9,8,1074.4
22610007054000,4,2,2,0
22610007055000,68,30,38,2733.6
22610007056000,220,109,111,8756
22610007059000,12,7,5,474
22610007060000,13,5,8,633.1
22610007064000,4,2,2,0
22610007066000,10,5,5,255
22610007067000,4,2,2,0
22610007068000,6,3,3,315
22610007079000,16,10,6,796.8
22610007084000,6,3,3,237
22610007085000,10,5,5,401
22610007097000,1,0,1,0
22610007098000,3,2,1,0
22610007100000,30,14,16,1569
22610007102000,7,4,3,331.1
22610007104000,11,3,8,500.5
22620006556000,26,12,14,1331.2
22620006557000,30,17,13,1581
22620006558000,51,24,27,2728.5
22620006559000,63,35,28,3408.3
22620006560000,19,9,10,993.7
22620006566000,175,86,89,8102.5
22620006567000,202,110,92,9069.8
22620006568000,112,51,61,4368
22620006569000,290,152,138,13195
22620006570000,142,75,67,5878.8
22620006571000,35,15,20,1771
22620006572000,6,3,3,187.2
22620006573000,5,2,3,230
22620006574000,15,7,8,592.5
22620006575000,33,16,17,1138.5
22620006576000,30,13,17,1497
22620006577000,24,12,12,960
22620006579000,15,7,8,631.5
22620006580000,3,1,2,0
22620006581000,2,0,2,0
22620006582000,5,2,3,166
22620006583000,2,1,1,0
22620006584000,31,13,18,1233.8
22620006586000,16,9,7,508.8
22620006587000,86,46,40,3672.2
22620006588000,123,59,64,5596.5
22620006593000,4,2,2,0
22620006594000,4,2,2,0
22620006595000,2,1,1,0
22620006598000,99,53,46,4435.2
22620006599000,320,158,162,13056
22620006600000,1,0,1,0
22620006602000,6,5,1,178.2
22620006603000,5,4,1,254
22620006604000,42,24,18,1692.6
22620006606000,3,1,2,0
22620006608000,36,20,16,1350
22620006609000,13,9,4,568.1
22620006611000,34,19,15,1458.6
22620006612000,217,103,114,5620.3
22620006613000,17,11,6,780.3
22620006614000,8,5,3,288.8
22620006615000,27,12,15,774.9
22620006616000,22,13,9,853.6
22620006617000,29,19,10,1267.3
22620006618000,29,17,12,919.3
22620006619000,149,71,78,4887.2
22620006620000,1292,637,655,49354.4
22620006621000,1368,661,707,52668
22620006622000,312,140,172,10982.4
22620006623000,34,16,18,1441.6
22620006624000,13,7,6,448.5
22620006625000,151,81,70,4696.1
22620006626000,51,28,23,1509.6
22620006627000,93,54,39,3608.4
22620006628000,2,1,1,0
22620006629000,35,22,13,920.5
22620006630000,923,473,450,31843.5
22620006631000,411,223,188,12206.7
22620006632000,8,4,4,472
22620006634000,2,1,1,0
22620006635000,19,13,6,801.8
22620006636000,21,11,10,961.8
22620006638000,10,4,6,327
22620006639000,15,8,7,792
22620006640000,1,1,0,0
22620006643000,191,96,95,7200.7
22620006644000,361,190,171,14403.9
22620006645000,406,196,210,15752.8
22620006647000,36,30,6,1684.8
22620006648000,2178,1179,999,81239.4
22620006649000,6695,3784,2911,215579
22620006650000,16496,8406,8090,557564.8
22620006651000,11037,5207,5830,398435.7
22620006652000,5043,2414,2629,172470.6
22620006653000,3631,1803,1828,136525.6
22620006654000,3249,1634,1615,134183.7
22620006655000,1463,732,731,55594
22620006657000,1,0,1,0
22620006658000,4,2,2,0
22620006659000,2,1,1,0
22620006673000,1,1,0,0
22620006676000,23,19,4,922.3
22620006677000,19,10,9,790.4
22620006678000,14,7,7,638.4
22620006680000,221,105,116,10320.7
22620006681000,606,302,304,26361
22620006682000,526,266,260,23617.4
22620006683000,724,351,373,24109.2
22620006684000,14,8,6,648.2
22620006685000,48,28,20,2160
22620006686000,31,19,12,1143.9
22620006694000,4,3,1,0
22620006695000,2,1,1,0
22620006696000,2,1,1,0
22620006715000,4,1,3,0
22620006717000,7,3,4,319.9
22620006718000,24,13,11,1272
22620006719000,4,2,2,0
22620006720000,11,7,4,396
22620006721000,6,5,1,322.8
22620006722000,6,3,3,294
22620006723000,1,1,0,0
22620006724000,10,8,2,349
22620006726000,14,9,5,698.6
22620006730000,15,9,6,561
22620006731000,42,24,18,2230.2
22620006732000,37,23,14,1639.1
22620006733000,20,10,10,968
22620006734000,18,7,11,518.4
22620006735000,79,39,40,3231.1
22620006736000,103,58,45,4099.4
22620006737000,55,30,25,2535.5
22620006738000,53,22,31,1923.9
22620006739000,364,174,190,14378
22620006740000,12,7,5,542.4
22620006741000,63,33,30,2929.5
22620006742000,5,3,2,146
22620006743000,10,5,5,468
22620006744000,10,7,3,328
22620006745000,159,82,77,5580.9
22620006746000,1087,558,529,42175.6
22620006747000,775,406,369,32317.5
22620006748000,342,173,169,11970
22620006749000,23,12,11,1108.6
22620006752000,13,8,5,400.4
22620006753000,8,4,4,344
22620006755000,9,5,4,330.3
22620006756000,4,3,1,0
22620006757000,7,4,3,424.2
22620006758000,65,35,30,3100.5
22620006759000,9,5,4,398.7
22620006760000,2,2,0,0
22620006761000,3,1,2,0
22620006762000,7,3,4,198.1
22620006763000,18,9,9,662.4
22620006764000,248,137,111,8481.6
22620006765000,628,291,337,29955.6
22620006766000,148,75,73,6704.4
22620006767000,18,8,10,559.8
22620006769000,18,10,8,608.4
22620006770000,10,5,5,450
22620006771000,4,2,2,0
22620006773000,2,1,1,0
22620006778000,15,6,9,706.5
22620006779000,16,8,8,828.8
22620006780000,9,3,6,266.4
22620006781000,29,16,13,933.8
22620006782000,14,7,7,579.6
22620006783000,4,2,2,0
22620006858000,17,8,9,909.5
22620006859000,3,2,1,0
22620006903000,9,5,4,333.9
22620006904000,7,4,3,293.3
22620006926000,2,1,1,0
22620006930000,2,0,2,0
22620006931000,12,8,4,500.4
22620006932000,1,0,1,0
22620006933000,4,2,2,0
22620006935000,4,2,2,0
22620006936000,5,2,3,167
22620006937000,4,2,2,0
22620006938000,6,3,3,330
22620006984000,29,16,13,1075.9
22620006985000,9,5,4,339.3
22620006986000,32,15,17,1158.4
22620006987000,3,1,2,0
22620006988000,16,9,7,670.4
22620006997000,30,15,15,1281
22620006998000,701,365,336,26638
22620006999000,43,22,21,1642.6
22620007001000,11,5,6,500.5
22620007008000,5,3,2,114
22620007009000,48,29,19,1444.8
22620007010000,502,271,231,20130.2
22620007011000,187,89,98,9125.6
22620007012000,17,9,8,632.4
22620007013000,32,17,15,1436.8
22620007014000,8,5,3,396.8
22620007016000,60,34,26,2046
22620007017000,35,20,15,1526
22620007018000,76,34,42,2546
22620007019000,157,79,78,5730.5
22620007020000,35,21,14,1533
22620007021000,25,9,16,1260
22620007022000,19,9,10,596.6
22620007023000,13,9,4,611
22620007024000,35,15,20,1179.5
22620007025000,287,146,141,9987.6
22620007026000,610,307,303,24522
22620007027000,219,107,112,8584.8
22620007028000,137,64,73,4342.9
22620007029000,45,27,18,1890
22620007030000,39,21,18,1805.7
22620007032000,58,30,28,2146
22620007033000,273,133,140,10701.6
22620007034000,145,76,69,5582.5
22620007044000,5,5,0,246
22620007055000,6,3,3,397.8
22620007056000,436,225,211,19489.2
22620007060000,12,6,6,513.6
22620007061000,7,5,2,240.8
22620007062000,5,3,2,119
22620007068000,7,5,2,314.3
22620007069000,1,1,0,0
22620007078000,2,2,0,0
22620007097000,15,10,5,903
22620007100000,63,30,33,2097.9
22620007102000,2,2,0,0
22620007103000,3,2,1,0
22620007112000,1,0,1,0
22620007113000,6,3,3,373.2
22620007119000,13,7,6,616.2
22620007120000,1,1,0,0
22630006556000,165,74,91,8101.5
22630006557000,83,48,35,4166.6
22630006558000,293,154,139,12921.3
22630006559000,133,59,74,5785.5
22630006560000,33,17,16,2154.9
22630006566000,46,20,26,2212.6
22630006567000,3,3,0,0
22630006568000,112,59,53,4961.6
22630006569000,121,61,60,5094.1
22630006570000,20,9,11,848
22630006571000,37,20,17,1517
22630006572000,12,6,6,600
22630006573000,17,7,10,720.8
22630006574000,30,17,13,1200
22630006575000,61,39,22,1994.7
22630006576000,52,24,28,1658.8
22630006577000,30,18,12,1131
22630006579000,3,2,1,0
22630006582000,6,3,3,261
22630006583000,9,5,4,356.4
22630006584000,9,4,5,338.4
22630006585000,20,10,10,860
22630006586000,52,25,27,2865.2
22630006587000,28,18,10,896
22630006588000,10,5,5,445
22630006593000,1,1,0,0
22630006594000,4,3,1,0
22630006595000,32,14,18,1084.8
22630006596000,24,12,12,909.6
22630006597000,29,18,11,1209.3
22630006598000,7,3,4,336
22630006602000,13,8,5,577.2
22630006603000,22,15,7,838.2
22630006604000,7,4,3,189
22630006605000,10,6,4,528
22630006607000,4,2,2,0
22630006608000,13,6,7,452.4
22630006609000,30,15,15,1218
22630006610000,12,7,5,530.4
22630006611000,55,31,24,2051.5
22630006612000,39,17,22,1649.7
22630006613000,15,7,8,390
22630006615000,4,2,2,0
22630006616000,10,6,4,464
22630006617000,1,1,0,0
22630006618000,4,2,2,0
22630006619000,345,178,167,13834.5
22630006620000,1639,803,836,61134.7
22630006621000,1630,806,824,69927
22630006622000,797,408,389,32517.6
22630006623000,92,49,43,3266
22630006624000,21,12,9,1096.2
22630006625000,116,59,57,4431.2
22630006626000,5,2,3,316
22630006627000,996,485,511,42031.2
22630006628000,102,60,42,3559.8
22630006631000,3,2,1,0
22630006632000,13,8,5,521.3
22630006633000,67,35,32,2365.1
22630006634000,426,215,211,14569.2
22630006636000,9,5,4,450.9
22630006637000,1828,884,944,73668.4
22630006638000,1735,865,870,69400
22630006639000,2440,1187,1253,87352
22630006640000,2228,1051,1177,90011.2
22630006641000,1009,505,504,39552.8
22630006642000,624,305,319,29452.8
22630006643000,75,43,32,2925
22630006644000,1086,529,557,44417.4
22630006645000,1734,871,863,70053.6
22630006646000,1681,869,812,66399.5
22630006647000,1030,520,510,38522
22630006648000,8090,4193,3897,265352
22630006649000,19929,10721,9208,665628.6
22630006650000,20883,10596,10287,710022
22630006651000,15129,7599,7530,515898.9
22630006652000,16618,8129,8489,588277.2
22630006653000,4524,2276,2248,161506.8
22630006654000,3467,1725,1742,127585.6
22630006655000,1039,531,508,38546.9
22630006656000,12,6,6,456
22630006657000,6,4,2,195
22630006658000,14,6,8,565.6
22630006659000,19,7,12,577.6
22630006679000,4,3,1,0
22630006680000,26,18,8,1001
22630006681000,31,13,18,1252.4
22630006682000,33,16,17,1402.5
22630006683000,125,66,59,4412.5
22630006684000,6,4,2,265.2
22630006685000,5,4,1,166
22630006721000,2,2,0,0
22630006726000,40,20,20,1800
22630006727000,2,1,1,0
22630006728000,8,4,4,234.4
22630006730000,4,2,2,0
22630006731000,47,24,23,2288.9
22630006732000,198,102,96,7999.2
22630006733000,430,194,236,19823
22630006734000,30,17,13,843
22630006735000,21,12,9,982.8
22630006736000,24,14,10,1324.8
22630006737000,17,7,10,724.2
22630006738000,11,7,4,404.8
22630006739000,16,9,7,656
22630006740000,23,13,10,899.3
22630006741000,14,9,5,753.2
22630006742000,8,4,4,382.4
22630006743000,10,6,4,297
22630006744000,316,152,164,10333.2
22630006745000,40,20,20,1632
22630006746000,487,256,231,17921.6
22630006747000,383,197,186,13519.9
22630006748000,725,345,380,32045
22630006749000,221,115,106,9237.8
22630006750000,3,2,1,0
22630006753000,45,20,25,1665
22630006755000,34,19,15,1567.4
22630006757000,15,7,8,643.5
22630006758000,15,7,8,709.5
22630006759000,21,13,8,886.2
22630006760000,41,22,19,1574.4
22630006761000,29,16,13,1247
22630006762000,20,10,10,752
22630006763000,7,3,4,291.2
22630006764000,243,128,115,10011.6
22630006765000,260,125,135,12116
22630006766000,1,1,0,0
22630006768000,6,4,2,250.8
22630006769000,33,20,13,950.4
22630006770000,17,10,7,535.5
22630006773000,5,1,4,220
22630006777000,18,9,9,590.4
22630006778000,65,28,37,2600
22630006779000,10,3,7,487
22630006781000,6,2,4,306
22630006858000,4,2,2,0
22630006859000,3,2,1,0
22630006903000,1,0,1,0
22630006904000,3,2,1,0
22630006927000,2,0,2,0
22630006928000,6,3,3,181.8
22630006930000,3,2,1,0
22630006933000,4,3,1,0
22630006982000,10,7,3,234
22630006983000,2,1,1,0
22630006984000,3,2,1,0
22630006987000,23,16,7,841.8
22630006988000,14,7,7,498.4
22630006990000,6,3,3,211.2
22630006995000,1,1,0,0
22630006996000,22,10,12,778.8
22630006997000,71,38,33,2577.3
22630006998000,5,3,2,207
22630007009000,4,2,2,0
22630007010000,55,28,27,2865.5
22630007011000,253,126,127,9512.8
22630007012000,78,45,33,2761.2
22630007013000,11,5,6,514.8
22630007014000,6,3,3,258
22630007015000,46,26,20,2332.2
22630007016000,172,90,82,6071.6
22630007017000,18,11,7,606.6
22630007018000,25,11,14,1080
22630007019000,76,45,31,3260.4
22630007020000,339,169,170,13560
22630007021000,14,9,5,448
22630007022000,11,6,5,400.4
22630007023000,165,78,87,5956.5
22630007024000,120,58,62,5220
22630007025000,238,109,129,12352.2
22630007026000,1091,492,599,59895.9
22630007027000,384,189,195,14476.8
22630007028000,40,21,19,1696
22630007029000,34,17,17,1067.6
22630007030000,11,8,3,414.7
22630007031000,4,2,2,0
22630007032000,62,35,27,2436.6
22630007033000,84,47,37,3813.6
22630007034000,22,11,11,921.8
22630007037000,6,3,3,274.8
22630007056000,86,44,42,3500.2
22630007060000,2,1,1,0
22630007061000,15,8,7,715.5
22630007069000,15,6,9,631.5
22630007098000,10,5,5,465
22630007100000,7,4,3,280.7
22630007101000,174,84,90,6768.6
22630007103000,10,3,7,554
22630007104000,6,3,3,388.8
22630007112000,4,2,2,0
22630007119000,13,8,5,721.5
22630007121000,3,2,1,0
22640006555000,3,2,1,0
22640006556000,49,25,24,2116.8
22640006557000,45,20,25,1593
22640006558000,25,15,10,1100
22640006559000,46,26,20,1922.8
22640006567000,20,11,9,812
22640006568000,506,250,256,19835.2
22640006569000,1464,731,733,53582.4
22640006570000,57,29,28,2496.6
22640006571000,58,31,27,1896.6
22640006574000,5,4,1,316
22640006575000,47,24,23,2016.3
22640006576000,8,4,4,404.8
22640006577000,14,5,9,488.6
22640006578000,14,4,10,579.6
22640006579000,5,3,2,227
22640006581000,23,16,7,814.2
22640006582000,14,8,6,562.8
22640006583000,2,1,1,0
22640006584000,6,5,1,364.8
22640006585000,8,4,4,448.8
22640006586000,1146,581,565,50997
22640006587000,32,18,14,995.2
22640006588000,5,3,2,210
22640006594000,13,9,4,594.1
22640006595000,11,6,5,585.2
22640006596000,22,12,10,1146.2
22640006597000,9,9,0,442.8
22640006599000,23,13,10,832.6
22640006600000,30,16,14,1566
22640006601000,6,4,2,208.2
22640006602000,111,62,49,3907.2
22640006603000,21,12,9,1108.8
22640006604000,28,19,9,806.4
22640006605000,55,26,29,2128.5
22640006606000,11,7,4,544.5
22640006608000,23,15,8,1028.1
22640006609000,28,16,12,1360.8
22640006610000,15,8,7,777
22640006611000,11,8,3,470.8
22640006612000,22,14,8,954.8
22640006613000,25,12,13,1225
22640006614000,8,4,4,380.8
22640006615000,22,15,7,789.8
22640006616000,15,7,8,634.5
22640006617000,10,5,5,396
22640006618000,71,35,36,3088.5
22640006619000,349,171,178,13157.3
22640006620000,192,106,86,6336
22640006621000,844,424,420,33844.4
22640006622000,261,125,136,10022.4
22640006623000,90,44,46,3042
22640006624000,17,9,8,540.6
22640006626000,941,479,462,30958.9
22640006627000,2708,1365,1343,103987.2
22640006628000,1546,753,793,57975
22640006629000,2,1,1,0
22640006630000,12,7,5,433.2
22640006631000,119,55,64,4450.6
22640006632000,1478,752,726,55129.4
22640006633000,2457,1188,1269,102948.3
22640006634000,1909,1000,909,67196.8
22640006635000,614,289,325,24314.4
22640006636000,1297,655,642,52139.4
22640006637000,2650,1261,1389,138330
22640006638000,1804,886,918,70897.2
22640006639000,1962,1045,917,78087.6
22640006640000,5053,2425,2628,184939.8
22640006641000,3044,1470,1574,120542.4
22640006642000,2993,1458,1535,128100.4
22640006643000,3619,1771,1848,149826.6
22640006644000,4250,2009,2241,189975
22640006645000,3955,2012,1943,157013.5
22640006646000,1896,926,970,72427.2
22640006647000,4882,2464,2418,178681.2
22640006648000,10230,5164,5066,363165
22640006649000,10017,5037,4980,352598.4
22640006650000,8833,4361,4472,299438.7
22640006651000,12145,6471,5674,410501
22640006652000,6963,3464,3499,242312.4
22640006653000,5477,2730,2747,205935.2
22640006654000,3877,1940,1937,143836.7
22640006655000,1479,738,741,59603.7
22640006656000,3,1,2,0
22640006658000,2,1,1,0
22640006659000,14,5,9,681.8
22640006660000,80,41,39,3312
22640006661000,40,25,15,1556
22640006662000,10,5,5,286
22640006708000,1,0,1,0
22640006721000,1,1,0,0
22640006722000,10,5,5,388
22640006724000,3,2,1,0
22640006726000,3,2,1,0
22640006727000,3,1,2,0
22640006729000,18,8,10,527.4
22640006730000,57,28,29,2131.8
22640006731000,8,3,5,278.4
22640006732000,6,4,2,331.8
22640006733000,201,97,104,9145.5
22640006734000,44,21,23,1843.6
22640006736000,43,22,21,1535.1
22640006737000,29,14,15,1438.4
22640006738000,28,16,12,1332.8
22640006740000,25,14,11,1217.5
22640006741000,41,22,19,1590.8
22640006742000,38,19,19,1702.4
22640006743000,14,7,7,485.8
22640006744000,828,406,422,29890.8
22640006745000,1875,913,962,78937.5
22640006746000,617,347,270,25050.2
22640006747000,654,309,345,24721.2
22640006748000,1618,841,777,62778.4
22640006749000,758,361,397,31987.6
22640006750000,277,141,136,9501.1
22640006751000,102,52,50,3100.8
22640006752000,164,88,76,5444.8
22640006753000,28,13,15,1094.8
22640006754000,58,25,33,2534.6
22640006755000,19,10,9,991.8
22640006757000,37,17,20,1716.8
22640006758000,101,51,50,3939
22640006759000,8,5,3,488
22640006760000,117,63,54,4890.6
22640006761000,50,29,21,2465
22640006762000,31,16,15,1404.3
22640006763000,22,11,11,959.2
22640006767000,22,10,12,855.8
22640006768000,20,10,10,656
22640006769000,37,21,16,1276.5
22640006770000,31,18,13,1373.3
22640006772000,2,1,1,0
22640006774000,3,2,1,0
22640006775000,25,11,14,1190
22640006776000,7,5,2,438.2
22640006778000,177,84,93,5982.6
22640006779000,43,19,24,1745.8
22640006781000,24,17,7,1056
22640006785000,3,2,1,0
22640006789000,5,4,1,302
22640006790000,18,8,10,696.6
22640006791000,2,2,0,0
22640006858000,5,2,3,232
22640006903000,3,2,1,0
22640006925000,6,3,3,316.2
22640006926000,3,2,1,0
22640006927000,2,1,1,0
22640006930000,10,6,4,366
22640006944000,5,2,3,69
22640006974000,1,0,1,0
22640006978000,4,2,2,0
22640006979000,3,2,1,0
22640006980000,9,4,5,306
22640006982000,2,1,1,0
22640006983000,29,16,13,1183.2
22640006984000,3,1,2,0
22640006985000,14,9,5,467.6
22640006986000,24,10,14,871.2
22640006987000,18,9,9,952.2
22640006989000,4,2,2,0
22640006995000,8,3,5,295.2
22640006996000,11,6,5,617.1
22640007008000,12,6,6,363.6
22640007009000,25,14,11,1167.5
22640007010000,44,27,17,1394.8
22640007012000,46,23,23,1683.6
22640007013000,58,30,28,2134.4
22640007014000,63,30,33,2595.6
22640007015000,145,76,69,5611.5
22640007016000,350,176,174,13020
22640007017000,32,17,15,1388.8
22640007018000,48,24,24,2164.8
22640007019000,11,8,3,432.3
22640007024000,189,97,92,7408.8
22640007025000,434,214,220,15363.6
22640007026000,151,78,73,5798.4
22640007027000,71,39,32,2825.8
22640007028000,44,20,24,1834.8
22640007029000,21,12,9,938.7
22640007030000,112,54,58,4390.4
22640007031000,70,38,32,3283
22640007032000,27,14,13,1161
22640007033000,117,57,60,3966.3
22640007034000,23,13,10,1127
22640007038000,23,13,10,834.9
22640007039000,19,12,7,704.9
22640007042000,11,5,6,718.3
22640007043000,5,3,2,181
22640007056000,15,6,9,577.5
22640007062000,1,1,0,0
22640007063000,9,4,5,392.4
22640007066000,13,7,6,392.6
22640007067000,2,1,1,0
22640007069000,12,8,4,288
22640007070000,21,10,11,648.9
22640007074000,2,1,1,0
22640007078000,3,2,1,0
22640007080000,1,1,0,0
22640007081000,2,1,1,0
22640007097000,4,1,3,0
22640007101000,279,142,137,11048.4
22640007104000,19,10,9,809.4
22640007119000,4,2,2,0
22640007120000,2,1,1,0
22640007121000,19,9,10,1117.2
22640007122000,53,28,25,2236.6
22650006555000,17,7,10,846.6
22650006556000,49,28,21,2783.2
22650006557000,57,33,24,2211.6
22650006558000,124,62,62,5220.4
22650006559000,146,78,68,6628.4
22650006560000,23,11,12,984.4
22650006567000,10,5,5,413
22650006568000,943,473,470,37720
22650006569000,344,166,178,15273.6
22650006570000,687,359,328,27273.9
22650006571000,774,380,394,31811.4
22650006572000,280,144,136,12656
22650006573000,15,7,8,706.5
22650006574000,50,23,27,2260
22650006575000,17,8,9,851.7
22650006576000,28,15,13,1240.4
22650006577000,10,4,6,371
22650006578000,10,6,4,506
22650006579000,27,15,12,1290.6
22650006580000,12,6,6,524.4
22650006581000,32,17,15,1683.2
22650006582000,31,15,16,1100.5
22650006583000,31,14,17,1624.4
22650006584000,43,24,19,1505
22650006585000,26,12,14,1084.2
22650006586000,894,461,433,42018
22650006587000,47,25,22,1945.8
22650006588000,13,7,6,686.4
22650006596000,18,9,9,574.2
22650006597000,71,33,38,3386.7
22650006599000,29,15,14,852.6
22650006600000,159,77,82,5040.3
22650006601000,98,50,48,3332
22650006602000,801,409,392,26913.6
22650006604000,8,3,5,360
22650006605000,18,12,6,865.8
22650006607000,21,11,10,1008
22650006608000,62,33,29,3007
22650006609000,457,235,222,17320.3
22650006610000,26,14,12,1175.2
22650006611000,1,0,1,0
22650006612000,4,2,2,0
22650006613000,6,4,2,298.8
22650006614000,33,18,15,1392.6
22650006615000,3,1,2,0
22650006616000,7,4,3,245.7
22650006617000,24,14,10,1092
22650006618000,152,75,77,5700
22650006619000,254,137,117,9194.8
22650006620000,78,38,40,2542.8
22650006621000,6,3,3,274.8
22650006622000,10,6,4,435
22650006623000,31,16,15,1075.7
22650006624000,11,7,4,378.4
22650006625000,66,35,31,2871
22650006626000,1772,894,878,71411.6
22650006627000,2187,1050,1137,94041
22650006628000,961,478,483,37190.7
22650006629000,26,15,11,1193.4
22650006630000,548,278,270,21043.2
22650006631000,2526,1306,1220,95735.4
22650006632000,1312,683,629,49462.4
22650006633000,1178,582,596,43232.6
22650006634000,7,2,5,322
22650006635000,716,350,366,28711.6
22650006636000,2087,1043,1044,78888.6
22650006637000,2690,1293,1397,99799
22650006638000,2467,1213,1254,103614
22650006639000,2062,1018,1044,76706.4
22650006640000,1551,806,745,57542.1
22650006641000,4104,2061,2043,152258.4
22650006642000,3122,1573,1549,111767.6
22650006643000,4060,1992,2068,151844
22650006644000,5755,2758,2997,221567.5
22650006645000,4422,2071,2351,167151.6
22650006646000,4179,2077,2102,154623
22650006647000,4591,2161,2430,184099.1
22650006648000,5137,2526,2611,197774.5
22650006649000,3345,1651,1694,117075
22650006650000,1557,757,800,50758.2
22650006651000,6556,3469,3087,217003.6
22650006652000,5186,2587,2599,189289
22650006653000,3492,1714,1778,143870.4
22650006654000,2572,1239,1333,110853.2
22650006655000,934,469,465,34931.6
22650006658000,13,7,6,565.5
22650006659000,6,5,1,249
22650006660000,13,7,6,432.9
22650006661000,18,12,6,666
22650006675000,2,2,0,0
22650006710000,6,3,3,342
22650006722000,16,8,8,1070.4
22650006723000,31,17,14,920.7
22650006724000,38,19,19,1641.6
22650006725000,52,25,27,2048.8
22650006726000,23,11,12,1097.1
22650006727000,14,9,5,638.4
22650006728000,2,1,1,0
22650006729000,21,11,10,928.2
22650006730000,38,17,21,2204
22650006731000,48,25,23,2001.6
22650006732000,7,5,2,270.9
22650006733000,15,7,8,574.5
22650006734000,41,20,21,1619.5
22650006735000,2,1,1,0
22650006736000,37,20,17,1535.5
22650006737000,28,14,14,1136.8
22650006738000,7,7,0,396.9
22650006740000,21,11,10,1068.9
22650006741000,25,14,11,1525
22650006742000,24,14,10,667.2
22650006743000,40,21,19,1844
22650006744000,1018,510,508,42348.8
22650006745000,1464,725,739,63098.4
22650006746000,1989,995,994,77372.1
22650006747000,2401,1192,1209,117168.8
22650006748000,1575,762,813,65205
22650006749000,196,91,105,7506.8
22650006750000,1,1,0,0
22650006753000,12,7,5,405.6
22650006754000,70,35,35,2345
22650006755000,31,16,15,1109.8
22650006756000,36,21,15,1497.6
22650006757000,58,34,24,2273.6
22650006758000,25,13,12,980
22650006761000,2,1,1,0
22650006765000,30,16,14,1371
22650006766000,21,12,9,1024.8
22650006767000,18,8,10,718.2
22650006768000,49,29,20,2646
22650006769000,55,30,25,2068
22650006770000,2,1,1,0
22650006774000,5,2,3,207
22650006775000,17,8,9,844.9
22650006777000,17,9,8,681.7
22650006778000,29,18,11,1029.5
22650006779000,37,22,15,1320.9
22650006780000,6,3,3,195
22650006781000,22,10,12,1038.4
22650006784000,30,16,14,1260
22650006785000,6,3,3,169.8
22650006849000,1,1,0,0
22650006858000,4,3,1,0
22650006902000,4,2,2,0
22650006926000,5,3,2,342
22650006980000,4,1,3,0
22650006983000,12,8,4,372
22650006986000,3,1,2,0
22650006995000,12,7,5,411.6
22650007009000,6,4,2,211.8
22650007013000,14,7,7,697.2
22650007014000,10,5,5,520
22650007015000,47,25,22,1677.9
22650007016000,12,7,5,268.8
22650007017000,26,13,13,1050.4
22650007025000,95,44,51,3420
22650007026000,669,337,332,22277.7
22650007027000,25,11,14,1052.5
22650007028000,41,25,16,1389.9
22650007029000,23,14,9,1053.4
22650007030000,502,253,249,16315
22650007031000,183,91,92,5178.9
22650007032000,26,12,14,1053
22650007033000,173,86,87,6349.1
22650007035000,57,29,28,2650.5
22650007036000,6,4,2,262.8
22650007037000,23,12,11,945.3
22650007038000,307,159,148,12003.7
22650007039000,58,30,28,2517.2
22650007041000,7,3,4,401.8
22650007044000,285,155,130,11229
22650007056000,8,3,5,367.2
22650007065000,3,2,1,0
22650007066000,14,8,6,814.8
22650007067000,7,3,4,119.7
22650007070000,23,11,12,871.7
22650007071000,6,3,3,124.2
22650007078000,2,1,1,0
22650007081000,7,5,2,347.2
22650007082000,1,1,0,0
22650007086000,1,1,0,0
22650007087000,9,4,5,249.3
22650007096000,5,1,4,157
22650007097000,8,5,3,534.4
22650007098000,8,3,5,214.4
22650007099000,13,8,5,360.1
22650007100000,2,1,1,0
22650007101000,230,108,122,10005
22650007102000,140,73,67,4508
22650007103000,6,2,4,228
22650007104000,3,2,1,0
22650007105000,9,4,5,294.3
22650007121000,3,2,1,0
22650007122000,20,10,10,698
22650007123000,12,7,5,694.8
22650007124000,12,7,5,499.2
22660006553000,43,29,14,2033.9
22660006554000,4,3,1,0
22660006555000,14,8,6,684.6
22660006556000,30,16,14,1506
22660006557000,112,61,51,5465.6
22660006558000,148,75,73,5298.4
22660006559000,138,76,62,5658
22660006562000,1,1,0,0
22660006564000,8,3,5,515.2
22660006565000,9,2,7,259.2
22660006566000,5,4,1,110
22660006567000,12,8,4,373.2
22660006568000,468,219,249,16192.8
22660006569000,1199,583,616,51796.8
22660006570000,591,299,292,24290.1
22660006571000,1684,802,882,72243.6
22660006572000,1771,877,894,78809.5
22660006573000,182,83,99,8554
22660006574000,183,98,85,7393.2
22660006575000,33,17,16,1131.9
22660006576000,116,62,54,4257.2
22660006577000,61,30,31,3056.1
22660006578000,42,18,24,1243.2
22660006579000,61,38,23,2379
22660006580000,28,13,15,1254.4
22660006581000,18,10,8,793.8
22660006582000,2,1,1,0
22660006583000,27,13,14,901.8
22660006584000,6,4,2,312
22660006585000,38,17,21,1717.6
22660006586000,144,77,67,6379.2
22660006587000,5,3,2,289
22660006589000,6,4,2,262.8
22660006596000,2,1,1,0
22660006597000,1,1,0,0
22660006600000,119,60,59,3605.7
22660006601000,140,64,76,6958
22660006602000,120,64,56,5376
22660006606000,1,1,0,0
22660006607000,2,1,1,0
22660006608000,40,23,17,1776
22660006609000,7,6,1,209.3
22660006610000,58,31,27,2250.4
22660006611000,21,11,10,1110.9
22660006612000,5,2,3,199
22660006613000,9,6,3,280.8
22660006614000,2,1,1,0
22660006615000,7,3,4,163.8
22660006616000,11,6,5,385
22660006617000,20,11,9,646
22660006618000,58,34,24,2546.2
22660006619000,2,1,1,0
22660006620000,21,11,10,669.9
22660006621000,14,8,6,397.6
22660006622000,2,2,0,0
22660006623000,6,3,3,145.2
22660006624000,20,6,14,888
22660006625000,446,223,223,16234.4
22660006626000,1231,615,616,51209.6
22660006627000,1620,792,828,70632
22660006628000,306,148,158,11383.2
22660006629000,43,24,19,1909.2
22660006630000,1144,577,567,48048
22660006631000,2407,1170,1237,100131.2
22660006632000,1332,664,668,44488.8
22660006636000,3,3,0,0
22660006638000,1979,994,985,67879.7
22660006639000,4460,2245,2215,138706
22660006640000,1785,907,878,56584.5
22660006641000,4157,2072,2085,137181
22660006642000,2714,1367,1347,102317.8
22660006643000,4275,2061,2214,162877.5
22660006644000,3440,1581,1859,142416
22660006645000,2078,1061,1017,75223.6
22660006646000,964,471,493,34607.6
22660006647000,3674,1789,1885,141449
22660006648000,2019,1029,990,78539.1
22660006649000,3931,2017,1914,145447
22660006650000,662,339,323,24030.6
22660006651000,4107,2118,1989,146619.9
22660006652000,5517,2714,2803,208542.6
22660006653000,3505,1684,1821,125479
22660006655000,2,1,1,0
22660006656000,184,92,92,7176
22660006660000,4,1,3,0
22660006661000,91,43,48,3831.1
22660006662000,184,89,95,7323.2
22660006663000,81,45,36,3086.1
22660006664000,1,0,1,0
22660006672000,3,1,2,0
22660006673000,48,27,21,2356.8
22660006674000,25,9,16,827.5
22660006709000,5,3,2,225
22660006723000,48,24,24,1838.4
22660006724000,56,26,30,2044
22660006725000,88,47,41,4039.2
22660006726000,53,28,25,2167.7
22660006727000,52,32,20,1986.4
22660006728000,75,38,37,2917.5
22660006729000,106,53,53,4632.2
22660006730000,159,87,72,6216.9
22660006731000,114,58,56,5118.6
22660006732000,25,15,10,987.5
22660006734000,29,12,17,1099.1
22660006735000,1,1,0,0
22660006736000,46,23,23,2014.8
22660006737000,28,16,12,1251.6
22660006738000,12,7,5,259.2
22660006739000,3,1,2,0
22660006740000,10,5,5,447
22660006741000,5,3,2,284
22660006742000,4,2,2,0
22660006743000,79,42,37,3207.4
22660006744000,236,113,123,7410.4
22660006745000,465,204,261,18693
22660006746000,277,136,141,14708.7
22660006750000,11,7,4,345.4
22660006751000,6,3,3,249
22660006754000,2,2,0,0
22660006755000,63,29,34,2337.3
22660006756000,65,32,33,2801.5
22660006757000,7,3,4,394.8
22660006761000,20,12,8,944
22660006762000,478,224,254,23661
22660006763000,314,164,150,13376.4
22660006764000,77,41,36,3534.3
22660006765000,53,34,19,2485.7
22660006766000,34,17,17,1326
22660006767000,25,15,10,1135
22660006768000,21,10,11,995.4
22660006769000,19,8,11,731.5
22660006770000,3,2,1,0
22660006774000,10,5,5,287
22660006775000,3,2,1,0
22660006777000,13,7,6,473.2
22660006778000,36,20,16,1504.8
22660006783000,36,18,18,1144.8
22660006784000,45,21,24,1746
22660006838000,1,1,0,0
22660006893000,11,7,4,585.2
22660006895000,1,1,0,0
22660006902000,11,5,6,581.9
22660006916000,1,1,0,0
22660006925000,4,2,2,0
22660006983000,27,15,12,974.7
22660006995000,11,7,4,543.4
22660006996000,4,3,1,0
22660007014000,32,15,17,1126.4
22660007015000,76,44,32,2789.2
22660007016000,77,42,35,2718.1
22660007017000,25,12,13,825
22660007026000,227,114,113,6810
22660007027000,98,50,48,3567.2
22660007028000,87,45,42,2844.9
22660007029000,37,16,21,1628
22660007030000,107,58,49,3766.4
22660007031000,29,13,16,1516.7
22660007032000,3448,1607,1841,132403.2
22660007033000,2981,1538,1443,110893.2
22660007034000,99,52,47,4177.8
22660007035000,526,266,260,20251
22660007036000,1701,864,837,59705.1
22660007037000,1620,828,792,59454
22660007038000,1488,755,733,51484.8
22660007039000,917,485,432,32553.5
22660007043000,5,2,3,125
22660007044000,326,176,150,12714
22660007056000,10,7,3,361
22660007066000,1,0,1,0
22660007067000,2,1,1,0
22660007071000,32,21,11,1401.6
22660007072000,2,1,1,0
22660007081000,5,3,2,209
22660007095000,1,0,1,0
22660007096000,1,1,0,0
22660007099000,2,1,1,0
22660007100000,11,7,4,468.6
22660007101000,323,163,160,15600.9
22660007102000,137,60,77,7343.2
22660007105000,33,18,15,1290.3
22660007106000,13,9,4,640.9
22660007117000,11,9,2,539
22660007121000,2,1,1,0
22660007122000,10,6,4,480
22660007123000,13,6,7,557.7
22660007127000,11,5,6,381.7
22670006551000,105,53,52,5323.5
22670006552000,15,8,7,996
22670006553000,68,38,30,2740.4
22670006554000,188,97,91,6316.8
22670006555000,505,246,259,21664.5
22670006556000,16,7,9,768
22670006557000,50,28,22,2610
22670006558000,54,26,28,2640.6
22670006561000,3,1,2,0
22670006562000,87,41,46,3975.9
22670006563000,215,109,106,9073
22670006564000,137,78,59,4603.2
22670006565000,365,186,179,11570.5
22670006566000,448,233,215,16262.4
22670006567000,447,228,219,16807.2
22670006568000,395,182,213,17893.5
22670006569000,1101,523,578,48223.8
22670006570000,1428,739,689,58976.4
22670006571000,2538,1258,1280,110149.2
22670006572000,2568,1234,1334,103747.2
22670006573000,1550,751,799,62310
22670006574000,1332,673,659,44888.4
22670006575000,591,302,289,20921.4
22670006576000,14,9,5,695.8
22670006577000,9,5,4,347.4
22670006578000,6,3,3,250.8
22670006580000,5,3,2,146
22670006581000,12,8,4,600
22670006582000,39,22,17,1497.6
22670006583000,28,14,14,1150.8
22670006584000,9,3,6,379.8
22670006585000,109,65,44,4338.2
22670006586000,1,1,0,0
22670006587000,13,8,5,426.4
22670006589000,3,1,2,0
22670006593000,3,2,1,0
22670006594000,3,2,1,0
22670006596000,2,1,1,0
22670006597000,7,4,3,305.2
22670006598000,4,2,2,0
22670006599000,4,1,3,0
22670006600000,15,8,7,594
22670006601000,31,18,13,1258.6
22670006602000,7,5,2,235.2
22670006603000,41,20,21,1927
22670006608000,12,6,6,580.8
22670006609000,4,2,2,0
22670006610000,23,12,11,901.6
22670006611000,29,14,15,890.3
22670006612000,10,5,5,470
22670006613000,10,4,6,314
22670006615000,29,11,18,991.8
22670006616000,17,10,7,562.7
22670006617000,9,5,4,258.3
22670006618000,5,2,3,255
22670006619000,25,15,10,1147.5
22670006620000,26,14,12,764.4
22670006621000,43,18,25,1431.9
22670006622000,82,51,31,2747
22670006623000,143,73,70,4604.6
22670006624000,46,25,21,2074.6
22670006625000,28,13,15,1033.2
22670006626000,31,21,10,1240
22670006627000,512,259,253,17920
22670006628000,159,64,95,8745
22670006629000,21,10,11,900.9
22670006630000,17,10,7,714
22670006631000,717,369,348,26457.3
22670006632000,1910,939,971,63603
22670006634000,5,3,2,207
22670006638000,191,120,71,7200.7
22670006639000,184,85,99,6366.4
22670006640000,388,218,170,13036.8
22670006641000,1074,549,525,40060.2
22670006642000,495,273,222,19305
22670006643000,546,271,275,21676.2
22670006644000,2838,1350,1488,120615
22670006645000,5996,2813,3183,233844
22670006646000,5114,2553,2561,201491.6
22670006647000,8692,4075,4617,333772.8
22670006648000,3309,1628,1681,127727.4
22670006649000,4277,1992,2285,185621.8
22670006650000,408,257,151,16605.6
22670006651000,691,361,330,24945.1
22670006652000,5272,2607,2665,188210.4
22670006653000,587,290,297,22482.1
22670006663000,6,2,4,217.2
22670006672000,71,38,33,3294.4
22670006673000,429,208,221,16688.1
22670006674000,6,3,3,493.8
22670006721000,8,4,4,332.8
22670006722000,6,3,3,432
22670006723000,71,38,33,3294.4
22670006724000,31,15,16,1243.1
22670006725000,13,7,6,726.7
22670006726000,66,39,27,2857.8
22670006727000,21,12,9,1031.1
22670006728000,43,27,16,1444.8
22670006729000,14,7,7,428.4
22670006730000,166,79,87,6357.8
22670006731000,464,231,233,19859.2
22670006732000,19,11,8,543.4
22670006733000,1,1,0,0
22670006734000,7,2,5,308.7
22670006735000,21,14,7,816.9
22670006736000,62,27,35,2678.4
22670006737000,22,12,10,974.6
22670006738000,54,32,22,2122.2
22670006739000,7,5,2,436.1
22670006740000,34,21,13,1404.2
22670006741000,23,14,9,798.1
22670006742000,12,7,5,668.4
22670006743000,105,52,53,3591
22670006744000,24,12,12,1185.6
22670006749000,53,26,27,2040.5
22670006750000,20,10,10,928
22670006751000,13,5,8,551.2
22670006752000,1,1,0,0
22670006759000,30,14,16,1665
22670006760000,229,111,118,8976.8
22670006761000,333,177,156,15651
22670006762000,1072,492,580,55529.6
22670006763000,1041,530,511,44242.5
22670006764000,252,126,126,8643.6
22670006765000,48,24,24,1704
22670006766000,9,4,5,441
22670006767000,3,1,2,0
22670006768000,2,2,0,0
22670006770000,24,15,9,979.2
22670006774000,17,10,7,773.5
22670006778000,1,0,1,0
22670006781000,40,21,19,1696
22670006782000,83,40,43,3361.5
22670006783000,20,9,11,1066
22670006784000,2,1,1,0
22670006786000,1,1,0,0
22670006787000,10,5,5,439
22670006788000,1,0,1,0
22670006837000,3,1,2,0
22670006893000,17,10,7,595
22670006894000,21,13,8,588
22670006895000,44,25,19,1830.4
22670006896000,26,13,13,1154.4
22670006897000,3,1,2,0
22670006900000,2,1,1,0
22670006916000,7,3,4,296.8
22670006917000,2,0,2,0
22670006924000,1,0,1,0
22670006925000,1,0,1,0
22670006975000,4,2,2,0
22670006982000,4,2,2,0
22670006983000,9,4,5,394.2
22670006984000,4,2,2,0
22670006995000,3,2,1,0
22670006996000,9,4,5,341.1
22670007015000,16,10,6,548.8
22670007016000,44,24,20,1698.4
22670007017000,95,51,44,3524.5
22670007018000,4,1,3,0
22670007027000,29,15,14,1255.7
22670007028000,53,32,21,1807.3
22670007029000,87,46,41,2531.7
22670007030000,96,45,51,2880
22670007031000,118,75,43,4283.4
22670007032000,1336,689,647,51836.8
22670007033000,2851,1441,1410,112329.4
22670007034000,3765,1806,1959,146082
22670007035000,4398,2101,2297,170642.4
22670007036000,1994,991,1003,71784
22670007037000,2677,1343,1334,100655.2
22670007038000,3056,1569,1487,113377.6
22670007039000,1253,662,591,45233.3
22670007040000,583,281,302,24252.8
22670007041000,683,337,346,25407.6
22670007042000,18,10,8,565.2
22670007044000,10,6,4,351
22670007056000,5,2,3,235
22670007067000,2,1,1,0
22670007072000,11,8,3,345.4
22670007073000,2,1,1,0
22670007095000,9,5,4,269.1
22670007096000,4,3,1,0
22670007101000,8,5,3,232.8
22670007105000,1,1,0,0
22670007106000,17,11,6,555.9
22670007117000,7,4,3,282.8
22670007120000,5,2,3,217
22670007121000,15,10,5,516
22670007123000,3,1,2,0
22670007124000,11,6,5,390.5
22670007125000,15,10,5,555
22670007126000,31,18,13,1472.5
22670007127000,5,3,2,204
22680006551000,53,23,30,2724.2
22680006552000,10,7,3,468
22680006553000,54,28,26,2376
22680006555000,5,2,3,234
22680006556000,9,4,5,497.7
22680006561000,2,1,1,0
22680006562000,101,46,55,4373.3
22680006563000,99,47,52,4791.6
22680006564000,74,41,33,2382.8
22680006565000,30,15,15,1302
22680006566000,277,145,132,11107.7
22680006567000,266,129,137,11411.4
22680006568000,548,276,272,21865.2
22680006569000,1388,659,729,59822.8
22680006570000,3651,1817,1834,162469.5
22680006571000,3119,1552,1567,127879
22680006572000,1731,893,838,71144.1
22680006573000,846,434,412,33247.8
22680006574000,155,90,65,6277.5
22680006575000,143,79,64,5734.3
22680006576000,28,14,14,1243.2
22680006578000,19,9,10,965.2
22680006579000,3,2,1,0
22680006581000,12,7,5,651.6
22680006582000,1,1,0,0
22680006583000,54,28,26,1776.6
22680006584000,27,17,10,1236.6
22680006585000,402,213,189,16401.6
22680006586000,42,22,20,1869
22680006587000,1,1,0,0
22680006588000,10,5,5,593
22680006595000,2,1,1,0
22680006596000,3,2,1,0
22680006598000,3,1,2,0
22680006599000,5,3,2,109
22680006600000,10,6,4,353
22680006601000,38,18,20,1675.8
22680006604000,10,6,4,448
22680006605000,1,1,0,0
22680006612000,2,1,1,0
22680006613000,25,15,10,1012.5
22680006614000,1,1,0,0
22680006615000,31,12,19,1295.8
22680006616000,8,4,4,275.2
22680006617000,5,3,2,324
22680006618000,4,3,1,0
22680006619000,18,12,6,784.8
22680006620000,20,12,8,768
22680006621000,17,9,8,661.3
22680006622000,325,174,151,13780
22680006623000,724,378,346,23964.4
22680006624000,22,13,9,957
22680006625000,13,8,5,620.1
22680006626000,28,15,13,991.2
22680006627000,15,9,6,751.5
22680006628000,22,10,12,1069.2
22680006629000,21,11,10,795.9
22680006630000,25,16,9,997.5
22680006631000,2,1,1,0
22680006632000,120,58,62,4908
22680006634000,4,2,2,0
22680006635000,744,363,381,28123.2
22680006636000,5,2,3,295
22680006637000,29,17,12,1684.9
22680006638000,52,29,23,2293.2
22680006639000,25,15,10,1245
22680006640000,90,57,33,3519
22680006644000,18,9,9,838.8
22680006645000,792,368,424,31759.2
22680006646000,1547,746,801,65902.2
22680006647000,1192,595,597,38024.8
22680006648000,2275,1139,1136,84175
22680006649000,5687,2808,2879,221793
22680006650000,2039,1039,1000,76462.5
22680006651000,12,9,3,471.6
22680006652000,4353,2201,2152,148872.6
22680006653000,2993,1486,1507,113434.7
22680006654000,14,9,5,558.6
22680006661000,3,2,1,0
22680006665000,3,1,2,0
22680006666000,1,1,0,0
22680006670000,117,51,66,4013.1
22680006671000,365,183,182,13176.5
22680006672000,47,21,26,1583.9
22680006673000,24,13,11,1068
22680006674000,2,2,0,0
22680006722000,2,1,1,0
22680006723000,6,3,3,217.2
22680006724000,16,8,8,694.4
22680006725000,27,14,13,1185.3
22680006726000,53,24,29,2544
22680006727000,77,27,50,5390
22680006728000,69,34,35,2615.1
22680006729000,37,20,17,1616.9
22680006730000,35,18,17,1323
22680006731000,19,10,9,1026
22680006732000,15,7,8,862.5
22680006733000,77,40,37,2949.1
22680006734000,7,3,4,179.2
22680006735000,39,22,17,1536.6
22680006736000,15,9,6,901.5
22680006737000,9,3,6,326.7
22680006738000,6,3,3,414
22680006739000,1,0,1,0
22680006740000,39,19,20,1809.6
22680006741000,308,159,149,12936
22680006742000,208,109,99,7966.4
22680006743000,2,1,1,0
22680006746000,7,4,3,324.1
22680006747000,17,6,11,841.5
22680006748000,10,4,6,417
22680006749000,17,8,9,712.3
22680006750000,33,18,15,1300.2
22680006751000,39,25,14,1532.7
22680006752000,8,5,3,232.8
22680006753000,13,6,7,539.5
22680006756000,4,3,1,0
22680006758000,29,14,15,1392
22680006759000,132,69,63,5029.2
22680006760000,59,29,30,2920.5
22680006761000,15,10,5,565.5
22680006763000,632,320,312,25785.6
22680006764000,23,12,11,993.6
22680006765000,32,19,13,1318.4
22680006766000,5,3,2,315
22680006767000,3,1,2,0
22680006768000,2,1,1,0
22680006770000,12,5,7,325.2
22680006772000,5,1,4,229
22680006773000,8,5,3,336
22680006775000,24,10,14,1027.2
22680006776000,22,12,10,783.2
22680006777000,8,3,5,438.4
22680006781000,144,71,73,5875.2
22680006782000,133,63,70,4734.8
22680006784000,3,2,1,0
22680006785000,2,1,1,0
22680006786000,6,3,3,375
22680006787000,24,13,11,943.2
22680006849000,1,0,1,0
22680006859000,7,4,3,321.3
22680006892000,3,1,2,0
22680006894000,24,11,13,1017.6
22680006895000,83,43,40,3519.2
22680006896000,82,50,32,3034
22680006897000,5,3,2,122
22680006898000,22,11,11,666.6
22680006899000,7,3,4,219.8
22680006900000,21,10,11,928.2
22680006916000,17,10,7,785.4
22680006917000,2,1,1,0
22680006923000,2,1,1,0
22680006973000,7,4,3,273.7
22680006974000,1,1,0,0
22680006975000,5,3,2,326
22680006976000,15,8,7,646.5
22680006977000,14,5,9,526.4
22680006978000,18,9,9,786.6
22680006992000,2,1,1,0
22680006995000,18,9,9,885.6
22680006996000,20,10,10,936
22680007029000,19,7,12,1041.2
22680007030000,32,16,16,1481.6
22680007031000,274,147,127,9891.4
22680007032000,1349,695,654,52206.3
22680007033000,2569,1321,1248,94282.3
22680007034000,926,448,478,33891.6
22680007035000,1943,957,986,69559.4
22680007036000,1289,662,627,47693
22680007037000,3092,1513,1579,126772
22680007038000,3447,1679,1768,133743.6
22680007039000,3543,1743,1800,145263
22680007040000,2604,1282,1322,98691.6
22680007041000,3298,1646,1652,123345.2
22680007042000,1144,569,575,51022.4
22680007043000,3,2,1,0
22680007056000,1,0,1,0
22680007067000,8,5,3,384
22680007073000,33,17,16,1452
22680007102000,6,4,2,214.8
22680007122000,3,2,1,0
22680007124000,46,20,26,2208
22680007125000,91,46,45,4358.9
22680007126000,7,4,3,156.8
22690006554000,2,1,1,0
22690006568000,603,291,312,21466.8
22690006569000,1536,685,851,74803.2
22690006570000,2153,1033,1120,97100.3
22690006571000,1490,752,738,67944
22690006572000,1651,787,864,73964.8
22690006573000,441,223,218,19448.1
22690006574000,27,15,12,963.9
22690006576000,24,13,11,1012.8
22690006578000,6,2,4,219
22690006580000,31,15,16,1512.8
22690006581000,24,13,11,1238.4
22690006582000,27,14,13,1258.2
22690006583000,27,12,15,1004.4
22690006584000,33,19,14,1646.7
22690006585000,380,202,178,12350
22690006586000,86,47,39,2330.6
22690006587000,32,20,12,1433.6
22690006588000,6,3,3,187.2
22690006595000,5,3,2,363
22690006596000,2,1,1,0
22690006601000,44,25,19,1768.8
22690006602000,1,0,1,0
22690006608000,5,2,3,113
22690006609000,3,2,1,0
22690006611000,4,2,2,0
22690006612000,2,1,1,0
22690006613000,14,7,7,624.4
22690006614000,87,46,41,3601.8
22690006615000,24,14,10,861.6
22690006616000,5,4,1,253
22690006617000,7,4,3,191.8
22690006618000,25,15,10,1070
22690006619000,12,7,5,541.2
22690006620000,9,4,5,424.8
22690006621000,17,9,8,751.4
22690006622000,35,19,16,1470
22690006623000,11,6,5,478.5
22690006624000,31,18,13,982.7
22690006625000,13,7,6,553.8
22690006626000,30,20,10,1128
22690006627000,9,6,3,450
22690006628000,8,7,1,446.4
22690006629000,3,1,2,0
22690006630000,21,9,12,865.2
22690006631000,3,2,1,0
22690006632000,4,2,2,0
22690006634000,65,33,32,2730
22690006635000,537,275,262,21855.9
22690006636000,57,31,26,2086.2
22690006637000,167,88,79,6930.5
22690006638000,103,54,49,4243.6
22690006639000,8,4,4,300
22690006640000,3,1,2,0
22690006644000,2,1,1,0
22690006649000,545,283,262,19184
22690006650000,6973,3549,3424,253119.9
22690006651000,1438,705,733,50042.4
22690006652000,1430,664,766,55341
22690006653000,5308,2542,2766,201173.2
22690006654000,5899,2981,2918,227111.5
22690006655000,599,304,295,24918.4
22690006658000,3,1,2,0
22690006663000,174,86,88,4906.8
22690006664000,2597,1282,1315,89596.5
22690006665000,1617,836,781,62901.3
22690006668000,44,27,17,1795.2
22690006669000,13,6,7,517.4
22690006670000,740,351,389,29452
22690006671000,853,425,428,34461.2
22690006672000,389,183,206,13653.9
22690006708000,8,5,3,308.8
22690006709000,2,1,1,0
22690006710000,2,1,1,0
22690006725000,11,8,3,440
22690006726000,30,17,13,1287
22690006727000,53,32,21,2082.9
22690006728000,58,28,30,2650.6
22690006729000,48,25,23,2011.2
22690006730000,28,15,13,1002.4
22690006731000,30,21,9,1329
22690006732000,30,14,16,1404
22690006733000,172,95,77,7275.6
22690006734000,26,12,14,1040
22690006735000,64,32,32,3001.6
22690006736000,153,73,80,6349.5
22690006738000,34,17,17,1543.6
22690006739000,14,7,7,511
22690006740000,48,24,24,2020.8
22690006741000,125,61,64,4650
22690006742000,17,8,9,542.3
22690006746000,6,3,3,372
22690006747000,64,30,34,2432
22690006748000,23,12,11,1064.9
22690006749000,24,17,7,1027.2
22690006750000,5,4,1,191
22690006751000,19,11,8,670.7
22690006752000,14,7,7,550.2
22690006753000,7,6,1,175
22690006755000,2,2,0,0
22690006756000,18,10,8,734.4
22690006757000,44,19,25,1755.6
22690006758000,9,3,6,482.4
22690006759000,42,20,22,1911
22690006760000,63,31,32,2885.4
22690006761000,15,10,5,606
22690006762000,8,4,4,352
22690006763000,9,5,4,383.4
22690006764000,63,30,33,2803.5
22690006765000,88,43,45,3511.2
22690006766000,33,17,16,1501.5
22690006767000,19,9,10,796.1
22690006768000,25,15,10,802.5
22690006769000,6,3,3,238.8
22690006770000,11,4,7,434.5
22690006772000,8,4,4,391.2
22690006774000,6,2,4,216
22690006775000,41,17,24,1832.7
22690006776000,7,4,3,331.8
22690006777000,3,3,0,0
22690006780000,2,1,1,0
22690006781000,12,7,5,567.6
22690006783000,1,1,0,0
22690006785000,1,1,0,0
22690006786000,2,1,1,0
22690006788000,4,3,1,0
22690006849000,2,1,1,0
22690006859000,2,1,1,0
22690006892000,1,0,1,0
22690006894000,17,10,7,996.2
22690006895000,21,12,9,793.8
22690006896000,158,84,74,5340.4
22690006897000,37,19,18,1354.2
22690006898000,4,1,3,0
22690006916000,1,1,0,0
22690006923000,4,2,2,0
22690006973000,2,1,1,0
22690006974000,2,1,1,0
22690006977000,5,2,3,217
22690006978000,6,3,3,295.2
22690006979000,6,3,3,373.8
22690006980000,13,7,6,616.2
22690006983000,19,10,9,843.6
22690006984000,7,5,2,259.7
22690006985000,6,2,4,183
22690006994000,30,19,11,1566
22690006995000,33,18,15,1425.6
22690006996000,2,2,0,0
22690007017000,15,7,8,583.5
22690007029000,11,7,4,517
22690007030000,1,0,1,0
22690007031000,4,2,2,0
22690007032000,800,418,382,25840
22690007033000,2704,1335,1369,97614.4
22690007034000,3380,1693,1687,130468
22690007035000,1342,668,674,52874.8
22690007036000,1972,1050,922,70006
22690007037000,1036,559,477,37917.6
22690007038000,2083,1067,1016,75404.6
22690007039000,1344,741,603,47174.4
22690007040000,1540,836,704,54824
22690007041000,3747,1940,1807,151004.1
22690007042000,157,84,73,5652
22690007057000,10,2,8,389
22690007073000,3,2,1,0
22690007097000,4,2,2,0
22690007104000,26,9,17,839.8
22690007116000,1,1,0,0
22690007118000,15,8,7,691.5
22690007119000,2,2,0,0
22690007125000,9,2,7,303.3
22690007126000,3,1,2,0
22690007127000,3,2,1,0
22690007130000,1,1,0,0
22700006550000,18,8,10,988.2
22700006551000,15,8,7,655.5
22700006552000,12,6,6,446.4
22700006553000,5,2,3,287
22700006554000,2,1,1,0
22700006555000,14,10,4,483
22700006556000,1,0,1,0
22700006568000,180,87,93,7020
22700006569000,91,49,42,3394.3
22700006570000,1357,626,731,57536.8
22700006571000,984,471,513,39950.4
22700006572000,2110,1096,1014,76593
22700006573000,1963,942,1021,77931.1
22700006574000,103,57,46,4202.4
22700006578000,5,2,3,142
22700006579000,28,13,15,1002.4
22700006580000,164,84,80,5871.2
22700006581000,59,28,31,2436.7
22700006582000,72,40,32,2923.2
22700006583000,31,16,15,1292.7
22700006584000,57,35,22,2530.8
22700006585000,3,2,1,0
22700006587000,15,8,7,487.5
22700006588000,26,15,11,1097.2
22700006589000,12,7,5,460.8
22700006595000,4,3,1,0
22700006596000,13,5,8,529.1
22700006600000,37,16,21,1202.5
22700006601000,4,3,1,0
22700006602000,5,3,2,290
22700006603000,2,1,1,0
22700006604000,13,7,6,695.5
22700006605000,6,2,4,258
22700006608000,6,4,2,79.8
22700006613000,15,10,5,747
22700006614000,23,15,8,1110.9
22700006615000,45,21,24,1935
22700006616000,1,1,0,0
22700006617000,9,5,4,549
22700006618000,14,10,4,669.2
22700006619000,9,6,3,438.3
22700006620000,9,4,5,534.6
22700006621000,19,9,10,948.1
22700006622000,21,13,8,896.7
22700006623000,2,1,1,0
22700006624000,18,11,7,736.2
22700006625000,15,7,8,625.5
22700006626000,16,8,8,526.4
22700006627000,17,7,10,620.5
22700006628000,23,12,11,798.1
22700006629000,10,7,3,490
22700006630000,9,5,4,342.9
22700006631000,118,62,56,4224.4
22700006632000,104,54,50,4243.2
22700006633000,193,116,77,7179.6
22700006634000,188,96,92,6862
22700006637000,27,17,10,1063.8
22700006638000,95,55,40,4094.5
22700006639000,6,4,2,316.8
22700006650000,1184,597,587,41913.6
22700006651000,2540,1301,1239,96520
22700006652000,4966,2476,2490,183245.4
22700006653000,2632,1372,1260,93962.4
22700006654000,5732,2886,2846,226987.2
22700006655000,497,231,266,18339.3
22700006659000,1,1,0,0
22700006660000,3,0,3,0
22700006661000,97,58,39,3773.3
22700006662000,35,16,19,1704.5
22700006663000,711,296,415,35407.8
22700006664000,1248,613,635,48796.8
22700006665000,433,211,222,15891.1
22700006666000,27,16,11,1063.8
22700006667000,111,48,63,3885
22700006668000,1285,650,635,47416.5
22700006669000,118,63,55,4071
22700006670000,96,59,37,4483.2
22700006671000,538,266,272,22111.8
22700006708000,25,15,10,787.5
22700006728000,12,5,7,385.2
22700006729000,76,38,38,3085.6
22700006730000,100,53,47,4290
22700006731000,52,22,30,2163.2
22700006732000,78,35,43,3018.6
22700006733000,41,18,23,1968
22700006734000,49,29,20,2097.2
22700006735000,112,69,43,4726.4
22700006736000,38,20,18,1497.2
22700006737000,7,3,4,415.8
22700006738000,16,5,11,790.4
22700006739000,29,15,14,1209.3
22700006740000,17,14,3,600.1
22700006741000,38,18,20,1979.8
22700006745000,2,1,1,0
22700006746000,19,12,7,986.1
22700006747000,19,10,9,790.4
22700006748000,27,15,12,896.4
22700006749000,1,0,1,0
22700006750000,16,7,9,848
22700006751000,22,13,9,992.2
22700006752000,146,77,69,6672.2
22700006753000,29,14,15,1252.8
22700006754000,18,11,7,709.2
22700006755000,285,148,137,11086.5
22700006756000,71,34,37,2634.1
22700006757000,25,13,12,832.5
22700006758000,56,34,22,2374.4
22700006759000,30,17,13,1296
22700006760000,12,8,4,584.4
22700006761000,20,7,13,770
22700006763000,12,6,6,297.6
22700006764000,97,52,45,3996.4
22700006765000,56,28,28,2548
22700006766000,55,31,24,2480.5
22700006767000,24,15,9,856.8
22700006768000,4,2,2,0
22700006769000,13,7,6,640.9
22700006770000,15,7,8,516
22700006771000,22,11,11,759
22700006772000,52,26,26,2048.8
22700006773000,212,98,114,7504.8
22700006774000,23,15,8,749.8
22700006775000,28,13,15,1108.8
22700006776000,2,1,1,0
22700006780000,13,8,5,488.8
22700006798000,23,11,12,910.8
22700006858000,5,1,4,110
22700006893000,14,8,6,613.2
22700006894000,117,54,63,3989.7
22700006895000,27,15,12,1179.9
22700006896000,82,42,40,3009.4
22700006897000,7,1,6,242.2
22700006904000,1,1,0,0
22700006905000,5,3,2,119
22700006916000,8,4,4,427.2
22700006974000,6,1,5,223.2
22700006978000,2,1,1,0
22700006979000,42,22,20,1797.6
22700006980000,71,26,45,2974.9
22700006981000,26,16,10,1058.2
22700006982000,13,5,8,624
22700006983000,6,3,3,238.2
22700006984000,16,9,7,491.2
22700006985000,3,2,1,0
22700006986000,16,7,9,686.4
22700006987000,9,3,6,322.2
22700006988000,9,4,5,462.6
22700006990000,8,4,4,448.8
22700006992000,19,9,10,769.5
22700006993000,11,5,6,489.5
22700006994000,30,21,9,1395
22700007019000,61,31,30,1756.8
22700007020000,40,21,19,1640
22700007021000,18,15,3,631.8
22700007022000,8,3,5,291.2
22700007023000,7,2,5,277.2
22700007024000,19,10,9,961.4
22700007025000,22,11,11,924
22700007026000,13,7,6,356.2
22700007027000,11,6,5,485.1
22700007028000,57,31,26,1966.5
22700007029000,42,22,20,1474.2
22700007031000,57,30,27,1881
22700007032000,29,16,13,1160
22700007033000,873,421,452,32824.8
22700007034000,758,385,373,27212.2
22700007035000,724,379,345,26281.2
22700007036000,1106,569,537,44903.6
22700007037000,1858,977,881,71161.4
22700007038000,1597,838,759,60845.7
22700007039000,2605,1347,1258,98469
22700007040000,3354,1851,1503,112023.6
22700007041000,3901,2007,1894,159160.8
22700007042000,1580,949,631,54984
22700007057000,9,4,5,588.6
22700007058000,17,5,12,771.8
22700007074000,10,6,4,433
22700007075000,18,8,10,743.4
22700007076000,6,3,3,226.8
22700007103000,20,10,10,822
22700007104000,5,3,2,199
22700007105000,18,10,8,757.8
22700007119000,6,3,3,340.2
22700007125000,2,1,1,0
22700007127000,2,2,0,0
22710006549000,17,7,10,996.2
22710006550000,37,24,13,1613.2
22710006551000,7,4,3,422.1
22710006552000,24,13,11,859.2
22710006553000,21,11,10,1037.4
22710006554000,19,8,11,585.2
22710006555000,11,7,4,553.3
22710006556000,7,4,3,480.9
22710006568000,41,23,18,1931.1
22710006569000,114,60,54,4525.8
22710006570000,1196,593,603,49634
22710006571000,682,315,367,32599.6
22710006572000,2482,1250,1232,97790.8
22710006573000,383,211,172,15358.3
22710006574000,1310,665,645,52007
22710006575000,1133,509,624,53137.7
22710006576000,564,280,284,23293.2
22710006577000,2,1,1,0
22710006578000,3,1,2,0
22710006579000,104,56,48,4066.4
22710006580000,16,9,7,588.8
22710006581000,22,9,13,1078
22710006582000,109,59,50,4512.6
22710006583000,62,30,32,2814.8
22710006584000,30,15,15,1311
22710006587000,5,3,2,284
22710006589000,4,4,0,0
22710006593000,5,3,2,273
22710006594000,6,3,3,201
22710006595000,10,5,5,408
22710006596000,2,0,2,0
22710006597000,15,9,6,652.5
22710006598000,14,9,5,499.8
22710006599000,11,4,7,539
22710006600000,1,1,0,0
22710006601000,1,0,1,0
22710006602000,2,1,1,0
22710006603000,6,3,3,109.8
22710006604000,5,2,3,150
22710006605000,1,1,0,0
22710006614000,2,1,1,0
22710006615000,35,16,19,1354.5
22710006616000,93,53,40,3329.4
22710006617000,25,14,11,982.5
22710006618000,15,9,6,675
22710006619000,13,8,5,622.7
22710006620000,408,202,206,13749.6
22710006621000,148,75,73,5846
22710006622000,5,4,1,249
22710006623000,18,11,7,703.8
22710006624000,4,3,1,0
22710006628000,7,3,4,219.8
22710006629000,54,26,28,2311.2
22710006630000,54,26,28,2370.6
22710006631000,25,17,8,1132.5
22710006632000,81,45,36,3466.8
22710006633000,111,58,53,4129.2
22710006634000,98,53,45,3528
22710006636000,14,8,6,551.6
22710006639000,2,1,1,0
22710006646000,6,2,4,216
22710006648000,21,11,10,842.1
22710006649000,2,1,1,0
22710006650000,931,475,456,32212.6
22710006651000,3917,1960,1957,154721.5
22710006652000,5744,2887,2857,207358.4
22710006653000,2924,1455,1469,107895.6
22710006654000,1708,854,854,69174
22710006655000,1961,932,1029,75890.7
22710006657000,1362,651,711,51483.6
22710006658000,514,248,266,19994.6
22710006659000,21,9,12,577.5
22710006660000,507,267,240,17745
22710006661000,472,243,229,17558.4
22710006662000,50,23,27,2330
22710006663000,24,15,9,1132.8
22710006664000,41,18,23,1767.1
22710006665000,43,24,19,1677
22710006666000,62,34,28,2163.8
22710006667000,28,14,14,1164.8
22710006668000,73,38,35,2817.8
22710006669000,103,51,52,4027.3
22710006670000,73,37,36,3175.5
22710006671000,1,0,1,0
22710006707000,6,4,2,337.8
22710006708000,24,12,12,1183.2
22710006709000,10,7,3,376
22710006728000,23,14,9,867.1
22710006729000,74,36,38,3581.6
22710006730000,53,25,28,1892.1
22710006731000,67,35,32,3055.2
22710006732000,78,38,40,3283.8
22710006733000,566,257,309,27960.4
22710006734000,229,107,122,11381.3
22710006735000,148,75,73,7296.4
22710006736000,60,33,27,2622
22710006737000,61,33,28,2763.3
22710006738000,30,15,15,1029
22710006739000,99,54,45,4019.4
22710006740000,56,29,27,2184
22710006741000,15,6,9,733.5
22710006744000,15,5,10,445.5
22710006745000,28,12,16,1430.8
22710006746000,17,10,7,561
22710006747000,8,5,3,288.8
22710006748000,14,7,7,526.4
22710006749000,57,27,30,2154.6
22710006750000,9,3,6,369
22710006751000,10,4,6,409
22710006752000,60,36,24,2118
22710006753000,14,8,6,530.6
22710006755000,25,15,10,880
22710006756000,6,3,3,343.8
22710006757000,5,3,2,310
22710006758000,31,17,14,1391.9
22710006761000,22,12,10,1042.8
22710006762000,3,1,2,0
22710006763000,5,3,2,105
22710006764000,68,37,31,2767.6
22710006765000,6,3,3,196.2
22710006766000,77,44,33,2679.6
22710006767000,79,43,36,3365.4
22710006768000,1,0,1,0
22710006770000,6,3,3,193.8
22710006771000,15,7,8,636
22710006772000,25,13,12,1035
22710006773000,9,6,3,352.8
22710006775000,9,4,5,474.3
22710006780000,4,3,1,0
22710006858000,4,1,3,0
22710006890000,4,2,2,0
22710006891000,27,14,13,1031.4
22710006892000,41,23,18,1705.6
22710006893000,6,3,3,193.8
22710006894000,70,35,35,2723
22710006895000,25,13,12,1370
22710006896000,32,15,17,1616
22710006897000,4,3,1,0
22710006898000,19,14,5,788.5
22710006900000,17,9,8,542.3
22710006901000,3,1,2,0
22710006902000,4,2,2,0
22710006904000,11,6,5,291.5
22710006905000,11,6,5,436.7
22710006906000,1,1,0,0
22710006915000,2,1,1,0
22710006916000,5,1,4,188
22710006923000,7,4,3,301.7
22710006977000,6,3,3,226.2
22710006978000,6,1,5,268.8
22710006980000,11,6,5,430.1
22710006985000,6,2,4,106.8
22710006987000,8,4,4,300.8
22710006988000,4,3,1,0
22710006989000,11,5,6,731.5
22710006990000,2,1,1,0
22710006992000,39,22,17,1466.4
22710007019000,16,8,8,542.4
22710007021000,8,5,3,402.4
22710007022000,67,34,33,2425.4
22710007023000,24,14,10,984
22710007024000,42,22,20,1898.4
22710007025000,61,31,30,2360.7
22710007026000,45,27,18,1566
22710007027000,237,112,125,7868.4
22710007028000,1027,521,506,32247.8
22710007029000,34,17,17,982.6
22710007030000,29,15,14,1035.3
22710007031000,25,17,8,1135
22710007032000,42,21,21,1932
22710007033000,38,22,16,1793.6
22710007034000,37,20,17,1598.4
22710007035000,124,67,57,4637.6
22710007036000,877,459,418,32887.5
22710007037000,4202,2051,2151,160516.4
22710007038000,3685,1820,1865,142241
22710007039000,3566,1931,1635,114112
22710007040000,3561,1850,1711,134605.8
22710007041000,5614,2937,2677,202104
22710007042000,5713,3056,2657,205668
22710007043000,101,52,49,4464.2
22710007057000,84,47,37,3469.2
22710007058000,22,10,12,1029.6
22710007074000,6,4,2,382.2
22710007075000,6,3,3,280.8
22710007076000,5,3,2,84
22710007105000,10,4,6,339
22710007131000,10,3,7,456
22710007132000,1,1,0,0
22720006549000,534,260,274,27874.8
22720006550000,311,153,158,14896.9
22720006551000,35,16,19,1788.5
22720006552000,26,11,15,1339
22720006553000,40,18,22,1716
22720006554000,21,10,11,1125.6
22720006555000,4,2,2,0
22720006556000,14,8,6,603.4
22720006564000,3,1,2,0
22720006565000,4,2,2,0
22720006566000,34,18,16,1390.6
22720006567000,18,8,10,642.6
22720006568000,16,8,8,833.6
22720006569000,6,2,4,256.2
22720006570000,1500,748,752,58350
22720006571000,791,404,387,28950.6
22720006572000,1301,644,657,49307.9
22720006573000,887,444,443,36100.9
22720006574000,547,297,250,20840.7
22720006575000,427,193,234,18745.3
22720006576000,1203,581,622,45834.3
22720006577000,145,73,72,5843.5
22720006578000,48,22,26,1953.6
22720006579000,201,111,90,8080.2
22720006580000,2,1,1,0
22720006581000,56,28,28,2609.6
22720006582000,20,10,10,736
22720006583000,16,5,11,673.6
22720006584000,5,4,1,277
22720006585000,5,2,3,123
22720006587000,20,10,10,668
22720006593000,7,5,2,293.3
22720006594000,1,1,0,0
22720006595000,46,23,23,1504.2
22720006598000,2,1,1,0
22720006599000,2,1,1,0
22720006602000,4,2,2,0
22720006603000,3,2,1,0
22720006604000,2,1,1,0
22720006614000,2,2,0,0
22720006615000,8,4,4,447.2
22720006616000,17,6,11,669.8
22720006617000,49,21,28,2004.1
22720006618000,26,16,10,1112.8
22720006619000,5,3,2,279
22720006620000,12,7,5,423.6
22720006621000,9,2,7,313.2
22720006629000,47,25,22,2006.9
22720006630000,1,1,0,0
22720006631000,5,3,2,260
22720006632000,26,17,9,1055.6
22720006633000,51,23,28,1917.6
22720006634000,24,15,9,1296
22720006635000,47,25,22,2209
22720006648000,1452,739,713,53433.6
22720006649000,1973,1027,946,76157.8
22720006650000,1267,650,617,46625.6
22720006651000,3926,1923,2003,147617.6
22720006652000,4010,2042,1968,158395
22720006653000,4649,2294,2355,175267.3
22720006654000,9165,4585,4580,341854.5
22720006655000,3843,1908,1935,149492.7
22720006656000,561,303,258,21037.5
22720006657000,574,276,298,25198.6
22720006658000,2192,1106,1086,86803.2
22720006659000,1081,519,562,36105.4
22720006660000,193,101,92,6040.9
22720006661000,13,8,5,629.2
22720006662000,19,11,8,585.2
22720006663000,14,6,8,631.4
22720006665000,94,54,40,4117.2
22720006666000,4,2,2,0
22720006667000,1,1,0,0
22720006707000,14,8,6,432.6
22720006708000,3,2,1,0
22720006727000,1,1,0,0
22720006728000,7,3,4,450.8
22720006729000,260,132,128,10738
22720006730000,246,116,130,9667.8
22720006731000,35,19,16,1554
22720006732000,15,10,5,690
22720006733000,34,20,14,1380.4
22720006734000,221,112,109,9348.3
22720006735000,51,24,27,2014.5
22720006736000,67,38,29,2934.6
22720006737000,27,11,16,1044.9
22720006738000,396,205,191,14493.6
22720006739000,114,59,55,5198.4
22720006740000,22,10,12,770
22720006741000,2,0,2,0
22720006744000,11,5,6,410.3
22720006745000,28,14,14,971.6
22720006746000,27,15,12,1271.7
22720006747000,12,5,7,394.8
22720006748000,54,30,24,2019.6
22720006749000,19,9,10,668.8
22720006751000,12,6,6,532.8
22720006752000,25,13,12,1122.5
22720006753000,22,11,11,1133
22720006754000,8,5,3,232
22720006755000,34,16,18,1288.6
22720006756000,21,14,7,854.7
22720006757000,8,4,4,284
22720006758000,65,37,28,2366
22720006759000,20,10,10,928
22720006760000,16,10,6,742.4
22720006761000,22,13,9,902
22720006763000,6,3,3,376.2
22720006764000,28,14,14,1176
22720006765000,7,3,4,298.9
22720006766000,3,2,1,0
22720006767000,6,3,3,375
22720006768000,29,16,13,1522.5
22720006769000,39,19,20,1677
22720006770000,34,17,17,1387.2
22720006771000,33,18,15,1412.4
22720006773000,13,8,5,659.1
22720006774000,2,1,1,0
22720006776000,5,4,1,109
22720006779000,3,2,1,0
22720006856000,1,0,1,0
22720006890000,56,32,24,2066.4
22720006892000,14,7,7,432.6
22720006893000,227,117,110,9692.9
22720006894000,355,163,192,15833
22720006895000,46,22,24,1826.2
22720006896000,30,15,15,1278
22720006897000,3,1,2,0
22720006898000,10,5,5,365
22720006899000,3,1,2,0
22720006900000,6,4,2,352.8
22720006901000,13,7,6,696.8
22720006902000,2,1,1,0
22720006903000,24,13,11,1264.8
22720006904000,58,28,30,2407
22720006906000,4,0,4,0
22720006915000,7,4,3,347.9
22720006916000,10,4,6,380
22720006922000,14,6,8,621.6
22720006923000,3,2,1,0
22720006973000,4,3,1,0
22720006974000,9,2,7,324.9
22720006975000,20,14,6,620
22720006976000,22,12,10,1104.4
22720006977000,15,7,8,574.5
22720006989000,4,1,3,0
22720006990000,16,10,6,548.8
22720006992000,6,4,2,226.8
22720007021000,3,2,1,0
22720007022000,22,9,13,904.2
22720007024000,29,17,12,965.7
22720007025000,9,5,4,423.9
22720007026000,612,326,286,20746.8
22720007027000,762,390,372,28041.6
22720007028000,26,12,14,1253.2
22720007029000,71,32,39,2364.3
22720007030000,54,30,24,1576.8
22720007031000,33,21,12,1181.4
22720007032000,99,52,47,3593.7
22720007033000,37,19,18,1406
22720007034000,38,20,18,1584.6
22720007035000,31,15,16,1333
22720007036000,21,9,12,756
22720007037000,1172,572,600,45004.8
22720007038000,2936,1428,1508,117440
22720007039000,3886,2123,1763,141450.4
22720007040000,3012,1453,1559,130720.8
22720007041000,4530,2242,2288,183465
22720007042000,4575,2361,2214,165615
22720007043000,3000,1481,1519,115800
22720007044000,517,268,249,19956.2
22720007057000,4,2,2,0
22720007058000,27,13,14,1034.1
22720007059000,9,4,5,323.1
22720007097000,3,2,1,0
22720007103000,1,1,0,0
22720007127000,17,10,7,827.9
22720007128000,25,12,13,1312.5
22720007131000,1,0,1,0
22720007132000,1,1,0,0
22720007137000,4,3,1,0
22720007138000,10,7,3,669
22730006545000,4,2,2,0
22730006546000,13,7,6,852.8
22730006547000,4,3,1,0
22730006549000,15,9,6,904.5
22730006550000,23,12,11,1359.3
22730006551000,12,6,6,592.8
22730006552000,6,2,4,151.2
22730006553000,11,5,6,396
22730006554000,22,11,11,1119.8
22730006562000,7,4,3,286.3
22730006563000,29,16,13,1139.7
22730006564000,15,7,8,745.5
22730006565000,119,59,60,5093.2
22730006566000,43,20,23,1603.9
22730006567000,251,120,131,10943.6
22730006568000,225,122,103,9202.5
22730006569000,8,2,6,420
22730006570000,3,1,2,0
22730006571000,15,7,8,556.5
22730006572000,158,76,82,5798.6
22730006573000,768,398,370,28032
22730006574000,667,340,327,24012
22730006575000,213,103,110,8115.3
22730006576000,733,397,336,28000.6
22730006577000,747,391,356,29431.8
22730006578000,93,43,50,4138.5
22730006579000,15,8,7,772.5
22730006580000,8,4,4,287.2
22730006581000,83,44,39,3029.5
22730006582000,30,18,12,1341
22730006583000,224,112,112,9430.4
22730006586000,6,2,4,193.8
22730006587000,13,8,5,325
22730006592000,4,2,2,0
22730006593000,119,60,59,4950.4
22730006594000,331,154,177,12677.3
22730006595000,84,41,43,2923.2
22730006596000,4,2,2,0
22730006597000,3,1,2,0
22730006598000,41,22,19,1742.5
22730006599000,12,8,4,429.6
22730006600000,5,1,4,242
22730006602000,7,2,5,256.9
22730006604000,1,1,0,0
22730006605000,9,6,3,392.4
22730006608000,2,1,1,0
22730006609000,9,4,5,180
22730006613000,2,1,1,0
22730006614000,5,3,2,185
22730006615000,21,14,7,783.3
22730006616000,13,8,5,560.3
22730006617000,22,12,10,1012
22730006618000,35,19,16,1596
22730006619000,25,14,11,907.5
22730006620000,12,6,6,510
22730006621000,15,9,6,574.5
22730006622000,17,8,9,751.4
22730006628000,5,3,2,220
22730006629000,4,3,1,0
22730006630000,4,2,2,0
22730006631000,12,7,5,583.2
22730006632000,3,2,1,0
22730006634000,137,73,64,6206.1
22730006635000,1,1,0,0
22730006638000,1,0,1,0
22730006646000,7,4,3,364
22730006647000,23,10,13,715.3
22730006648000,1822,924,898,69418.2
22730006649000,4621,2307,2314,181143.2
22730006650000,3716,1842,1874,163875.6
22730006651000,1644,880,764,63129.6
22730006652000,2725,1425,1300,101370
22730006653000,1535,761,774,67079.5
22730006654000,163,71,92,6715.6
22730006655000,902,468,434,34997.6
22730006656000,1272,661,611,49608
22730006657000,192,103,89,7852.8
22730006658000,611,303,308,22912.5
22730006659000,538,272,266,19744.6
22730006660000,37,22,15,1243.2
22730006661000,8,3,5,283.2
22730006662000,2,0,2,0
22730006688000,2,1,1,0
22730006707000,12,6,6,627.6
22730006708000,14,10,4,694.4
22730006717000,1,1,0,0
22730006728000,13,7,6,540.8
22730006729000,65,38,27,2886
22730006730000,85,45,40,3017.5
22730006731000,15,7,8,492
22730006732000,33,15,18,1164.9
22730006733000,26,11,15,1216.8
22730006734000,168,83,85,7509.6
22730006735000,27,15,12,980.1
22730006736000,51,27,24,2442.9
22730006737000,248,121,127,9796
22730006738000,405,182,223,19723.5
22730006739000,9,5,4,326.7
22730006740000,4,2,2,0
22730006744000,19,11,8,991.8
22730006745000,38,21,17,1489.6
22730006746000,51,26,25,2085.9
22730006747000,70,30,40,3318
22730006748000,161,82,79,7148.4
22730006749000,67,34,33,2398.6
22730006751000,3,1,2,0
22730006752000,41,22,19,1779.4
22730006753000,23,12,11,915.4
22730006754000,36,16,20,1479.6
22730006755000,29,16,13,1049.8
22730006756000,12,9,3,597.6
22730006757000,31,14,17,1320.6
22730006758000,63,33,30,2759.4
22730006759000,12,7,5,363.6
22730006760000,66,32,34,2904
22730006761000,14,7,7,576.8
22730006763000,9,6,3,396
22730006764000,9,4,5,410.4
22730006765000,6,3,3,307.8
22730006767000,4,3,1,0
22730006768000,1,1,0,0
22730006769000,10,7,3,424
22730006770000,30,13,17,1380
22730006771000,5,3,2,241
22730006779000,11,5,6,390.5
22730006891000,5,3,2,261
22730006892000,70,35,35,3381
22730006893000,17,7,10,792.2
22730006896000,3,2,1,0
22730006902000,3,1,2,0
22730006903000,14,8,6,677.6
22730006904000,11,3,8,413.6
22730006905000,11,6,5,430.1
22730006906000,13,6,7,549.9
22730006907000,18,8,10,680.4
22730006908000,12,7,5,457.2
22730006911000,19,13,6,796.1
22730006912000,1,1,0,0
22730006914000,9,5,4,414
22730006915000,10,6,4,422
22730006922000,10,5,5,222
22730006973000,21,12,9,1270.5
22730006974000,8,4,4,379.2
22730006989000,1,1,0,0
22730006990000,5,1,4,194
22730006993000,7,5,2,217.7
22730007021000,32,21,11,992
22730007025000,45,24,21,2160
22730007026000,682,329,353,29189.6
22730007027000,1121,567,554,40019.7
22730007028000,57,36,21,2006.4
22730007029000,53,29,24,2660.6
22730007030000,47,21,26,1823.6
22730007031000,45,23,22,1791
22730007032000,84,37,47,3528
22730007033000,23,14,9,876.3
22730007037000,123,59,64,4403.4
22730007038000,741,386,355,27935.7
22730007039000,3486,1709,1777,145366.2
22730007040000,974,502,472,38667.8
22730007041000,2999,1471,1528,119660.1
22730007042000,1977,968,1009,81057
22730007043000,2244,1106,1138,91106.4
22730007044000,401,184,217,18847
22730007059000,25,12,13,1092.5
22730007076000,10,6,4,412
22730007097000,10,5,5,400
22730007103000,18,9,9,496.8
22730007124000,7,3,4,235.9
22730007132000,104,52,52,4752.8
22730007133000,9,4,5,446.4
22730007138000,3,2,1,0
22740006547000,18,11,7,876.6
22740006548000,83,42,41,4648
22740006549000,1,1,0,0
22740006552000,15,6,9,916.5
22740006553000,18,12,6,831.6
22740006554000,15,10,5,670.5
22740006555000,2,1,1,0
22740006562000,3,3,0,0
22740006563000,19,11,8,818.9
22740006564000,18,9,9,900
22740006565000,26,15,11,1133.6
22740006566000,16,9,7,534.4
22740006567000,321,158,163,11812.8
22740006568000,8,3,5,336.8
22740006569000,28,16,12,1433.6
22740006570000,401,202,199,15679.1
22740006571000,87,44,43,2992.8
22740006572000,23,13,10,798.1
22740006573000,11,2,9,396
22740006574000,23,11,12,1060.3
22740006575000,92,47,45,3128
22740006576000,1729,877,852,65702
22740006577000,1694,892,802,65388.4
22740006578000,371,192,179,14246.4
22740006579000,172,90,82,7120.8
22740006580000,52,28,24,2849.6
22740006582000,4,2,2,0
22740006583000,15,6,9,445.5
22740006585000,6,5,1,127.2
22740006587000,19,11,8,716.3
22740006592000,2,2,0,0
22740006593000,44,18,26,1262.8
22740006594000,32,14,18,1120
22740006596000,39,16,23,1996.8
22740006597000,14,7,7,641.2
22740006598000,7,4,3,280.7
22740006600000,1,1,0,0
22740006601000,15,7,8,724.5
22740006602000,18,8,10,855
22740006603000,1,1,0,0
22740006604000,3,2,1,0
22740006605000,10,5,5,269
22740006606000,5,2,3,162
22740006607000,5,2,3,344
22740006608000,4,2,2,0
22740006613000,8,4,4,339.2
22740006614000,4,3,1,0
22740006615000,16,9,7,600
22740006616000,8,5,3,240
22740006617000,10,6,4,562
22740006618000,64,35,29,1830.4
22740006619000,261,144,117,7647.3
22740006620000,1372,690,682,52547.6
22740006621000,58,26,32,2285.2
22740006622000,9,6,3,250.2
22740006628000,22,12,10,869
22740006629000,81,45,36,3223.8
22740006630000,38,21,17,1254
22740006632000,112,80,32,3920
22740006633000,15,11,4,541.5
22740006634000,10,3,7,538
22740006645000,4,2,2,0
22740006646000,42,19,23,1638
22740006647000,23,10,13,917.7
22740006648000,3114,1542,1572,123003
22740006649000,3698,1826,1872,144961.6
22740006650000,1908,906,1002,84524.4
22740006651000,2906,1510,1396,107231.4
22740006652000,525,275,250,15382.5
22740006655000,150,98,52,5640
22740006656000,23,15,8,885.5
22740006657000,19,10,9,642.2
22740006658000,25,17,8,990
22740006659000,75,41,34,3330
22740006660000,2,2,0,0
22740006681000,9,5,4,489.6
22740006682000,10,7,3,397
22740006700000,6,4,2,187.2
22740006709000,1,1,0,0
22740006717000,5,2,3,301
22740006726000,13,5,8,429
22740006727000,51,32,19,2142
22740006728000,63,30,33,2583
22740006729000,55,29,26,2563
22740006730000,1,1,0,0
22740006731000,7,6,1,448
22740006732000,31,16,15,1302
22740006733000,40,20,20,1548
22740006734000,127,68,59,5994.4
22740006735000,37,22,15,1576.2
22740006736000,60,27,33,2292
22740006737000,422,220,202,17977.2
22740006738000,238,114,124,12161.8
22740006744000,6,5,1,205.8
22740006745000,80,46,34,3496
22740006746000,18,10,8,601.2
22740006747000,92,42,50,4057.2
22740006748000,22,14,8,838.2
22740006749000,7,4,3,303.1
22740006750000,1,1,0,0
22740006752000,4,1,3,0
22740006753000,22,12,10,994.4
22740006754000,2,1,1,0
22740006755000,19,11,8,811.3
22740006756000,29,14,15,1096.2
22740006757000,86,47,39,3809.8
22740006758000,74,43,31,2826.8
22740006759000,18,8,10,698.4
22740006760000,14,12,2,599.2
22740006761000,22,13,9,853.6
22740006762000,13,6,7,617.5
22740006763000,8,4,4,292
22740006764000,3,2,1,0
22740006767000,9,5,4,442.8
22740006768000,10,6,4,423
22740006769000,2,1,1,0
22740006770000,15,9,6,603
22740006778000,8,4,4,414.4
22740006779000,2,1,1,0
22740006854000,2,1,1,0
22740006890000,8,5,3,371.2
22740006891000,32,18,14,1740.8
22740006892000,9,4,5,461.7
22740006897000,8,4,4,442.4
22740006904000,7,3,4,259.7
22740006905000,11,5,6,388.3
22740006906000,63,33,30,1990.8
22740006907000,5,4,1,163
22740006909000,5,2,3,282
22740006910000,66,31,35,2435.4
22740006911000,83,45,38,3486
22740006912000,18,10,8,896.4
22740006913000,14,6,8,695.8
22740006914000,2,1,1,0
22740006922000,10,5,5,632
22740006923000,7,4,3,384.3
22740006973000,6,4,2,253.8
22740006990000,19,10,9,847.4
22740006991000,2,2,0,0
22740006992000,9,5,4,581.4
22740007021000,14,8,6,733.6
22740007022000,129,68,61,4515
22740007026000,149,83,66,7748
22740007027000,29,14,15,1281.8
22740007028000,24,14,10,1224
22740007029000,17,10,7,562.7
22740007030000,70,26,44,2625
22740007031000,15,7,8,661.5
22740007032000,309,140,169,9486.3
22740007033000,45,22,23,1624.5
22740007034000,24,13,11,1046.4
22740007038000,354,188,166,12814.8
22740007039000,2520,1276,1244,92484
22740007040000,2176,1077,1099,84428.8
22740007041000,424,210,214,16790.4
22740007042000,22,13,9,805.2
22740007043000,8,4,4,344
22740007059000,4,1,3,0
22740007060000,2,1,1,0
22740007077000,20,11,9,698
22740007095000,2,2,0,0
22740007096000,7,3,4,431.9
22740007097000,8,5,3,356.8
22740007098000,1,1,0,0
22740007102000,17,8,9,576.3
22740007103000,88,54,34,3564
22740007107000,3,1,2,0
22740007124000,25,15,10,1007.5
22740007125000,4,2,2,0
22740007127000,2,1,1,0
22740007133000,46,24,22,1817
22740007134000,3,2,1,0
22750006549000,3,2,1,0
22750006550000,1,1,0,0
22750006553000,5,2,3,306
22750006554000,13,7,6,642.2
22750006555000,5,2,3,374
22750006564000,7,5,2,266.7
22750006565000,4,3,1,0
22750006566000,62,28,34,2480
22750006567000,200,105,95,8460
22750006568000,4,3,1,0
22750006569000,9,4,5,324.9
22750006570000,202,102,100,8059.8
22750006571000,57,26,31,2359.8
22750006572000,13,8,5,470.6
22750006573000,1,1,0,0
22750006574000,34,15,19,1281.8
22750006575000,154,87,67,6514.2
22750006576000,1332,676,656,49284
22750006577000,1987,960,1027,89216.3
22750006578000,1575,796,779,62212.5
22750006579000,953,486,467,35356.3
22750006580000,272,131,141,9792
22750006583000,4,1,3,0
22750006584000,6,4,2,325.8
22750006586000,9,5,4,413.1
22750006587000,5,3,2,241
22750006593000,32,15,17,1360
22750006594000,10,5,5,392
22750006595000,2,2,0,0
22750006604000,3,2,1,0
22750006607000,7,5,2,378.7
22750006608000,9,6,3,507.6
22750006609000,5,3,2,178
22750006610000,7,5,2,161
22750006611000,2,2,0,0
22750006612000,2,1,1,0
22750006613000,5,2,3,250
22750006615000,159,73,86,8204.4
22750006616000,594,305,289,21027.6
22750006617000,66,34,32,2032.8
22750006618000,19,13,6,723.9
22750006619000,42,22,20,1533
22750006620000,109,55,54,4360
22750006621000,211,114,97,8714.3
22750006622000,8,3,5,308.8
22750006627000,9,4,5,344.7
22750006628000,123,56,67,4895.4
22750006629000,384,201,183,13900.8
22750006630000,189,106,83,7635.6
22750006631000,47,23,24,1988.1
22750006633000,5,2,3,188
22750006635000,5,2,3,105
22750006637000,2,0,2,0
22750006644000,7,4,3,284.2
22750006645000,15,9,6,759
22750006646000,15,8,7,699
22750006647000,12,5,7,573.6
22750006648000,229,113,116,9366.1
22750006649000,300,152,148,12870
22750006650000,247,132,115,8916.7
22750006651000,2469,1280,1189,93575.1
22750006652000,1676,852,824,62514.8
22750006653000,876,419,457,32412
22750006654000,71,39,32,2967.8
22750006655000,96,57,39,3830.4
22750006656000,35,21,14,1281
22750006657000,9,5,4,492.3
22750006658000,5,4,1,246
22750006659000,68,36,32,2842.4
22750006660000,56,32,24,2542.4
22750006680000,78,38,40,2519.4
22750006681000,207,126,81,8093.7
22750006682000,24,11,13,1111.2
22750006699000,17,11,6,629
22750006700000,11,8,3,227.7
22750006705000,5,3,2,228
22750006706000,3,2,1,0
22750006726000,9,5,4,423.9
22750006727000,91,48,43,3539.9
22750006728000,152,74,78,5897.6
22750006729000,45,29,16,1719
22750006730000,8,4,4,543.2
22750006731000,25,11,14,1015
22750006732000,84,39,45,3788.4
22750006733000,70,38,32,2688
22750006734000,41,23,18,1607.2
22750006735000,115,56,59,5175
22750006736000,50,22,28,2115
22750006737000,363,182,181,15572.7
22750006744000,13,6,7,695.5
22750006745000,44,22,22,2178
22750006746000,91,54,37,3476.2
22750006747000,184,94,90,6808
22750006748000,35,19,16,1365
22750006749000,27,17,10,1298.7
22750006750000,26,15,11,920.4
22750006751000,8,4,4,252
22750006753000,27,13,14,936.9
22750006754000,27,17,10,1050.3
22750006755000,32,23,9,1363.2
22750006756000,26,9,17,1001
22750006757000,16,9,7,652.8
22750006758000,110,63,47,4686
22750006759000,28,16,12,1195.6
22750006760000,89,45,44,3577.8
22750006761000,5,3,2,361
22750006762000,13,7,6,464.1
22750006767000,6,3,3,279
22750006770000,9,5,4,531.9
22750006771000,8,5,3,299.2
22750006777000,3,1,2,0
22750006778000,6,3,3,331.2
22750006852000,1,1,0,0
22750006853000,1,1,0,0
22750006888000,5,3,2,290
22750006889000,14,7,7,519.4
22750006890000,13,6,7,442
22750006907000,5,3,2,202
22750006908000,1,1,0,0
22750006909000,10,5,5,390
22750006910000,77,40,37,2433.2
22750006911000,28,12,16,1276.8
22750006921000,5,3,2,264
22750006922000,8,6,2,258.4
22750006923000,16,8,8,569.6
22750006989000,29,16,13,1189
22750006990000,42,21,21,1751.4
22750006991000,22,9,13,957
22750006992000,5,3,2,163
22750006993000,1,1,0,0
22750007022000,28,14,14,921.2
22750007023000,22,11,11,906.4
22750007029000,69,31,38,2815.2
22750007030000,12,5,7,543.6
22750007031000,19,8,11,571.9
22750007032000,39,20,19,1895.4
22750007033000,16,9,7,942.4
22750007034000,65,30,35,2762.5
22750007035000,11,5,6,601.7
22750007036000,63,39,24,2356.2
22750007037000,60,33,27,1896
22750007038000,430,223,207,15351
22750007039000,630,320,310,21924
22750007040000,2988,1496,1492,111153.6
22750007041000,3208,1614,1594,117412.8
22750007042000,881,413,468,35680.5
22750007077000,9,6,3,336.6
22750007078000,4,2,2,0
22750007095000,26,12,14,1076.4
22750007096000,18,8,10,640.8
22750007097000,7,3,4,275.1
22750007102000,42,24,18,1730.4
22750007103000,41,20,21,1804
22750007108000,6,4,2,271.2
22750007124000,20,10,10,1164
22750007127000,17,6,11,472.6
22750007133000,2,2,0,0
22750007134000,17,8,9,846.6
22750007135000,5,3,2,342
22750007136000,1,1,0,0
22760006548000,1,0,1,0
22760006549000,5,3,2,314
22760006551000,3,2,1,0
22760006564000,8,4,4,360
22760006565000,47,26,21,2068
22760006566000,29,14,15,1255.7
22760006567000,3,1,2,0
22760006568000,27,16,11,1082.7
22760006569000,19,7,12,617.5
22760006570000,416,227,189,16432
22760006571000,39,22,17,1462.5
22760006572000,25,14,11,962.5
22760006573000,23,10,13,995.9
22760006574000,28,16,12,1178.8
22760006575000,33,15,18,1461.9
22760006576000,702,344,358,26535.6
22760006577000,345,179,166,13386
22760006578000,282,153,129,11590.2
22760006579000,228,102,126,12654
22760006580000,16,9,7,411.2
22760006584000,9,4,5,309.6
22760006585000,43,23,20,1767.3
22760006586000,1,0,1,0
22760006592000,2,1,1,0
22760006593000,22,12,10,759
22760006594000,10,5,5,442
22760006595000,4,2,2,0
22760006597000,10,6,4,592
22760006600000,1,1,0,0
22760006601000,1,1,0,0
22760006603000,9,5,4,557.1
22760006609000,40,25,15,1688
22760006610000,25,12,13,1140
22760006611000,8,3,5,363.2
22760006613000,15,8,7,720
22760006614000,18,10,8,581.4
22760006615000,303,164,139,11998.8
22760006616000,532,264,268,21918.4
22760006618000,7,3,4,375.9
22760006619000,1,0,1,0
22760006620000,10,5,5,536
22760006621000,30,17,13,1326
22760006622000,64,37,27,2617.6
22760006623000,20,10,10,802
22760006624000,2,0,2,0
22760006626000,1,1,0,0
22760006627000,14,10,4,511
22760006628000,705,357,348,27988.5
22760006629000,400,203,197,13840
22760006630000,2,2,0,0
22760006648000,5,2,3,215
22760006649000,81,43,38,3871.8
22760006650000,1180,573,607,42244
22760006651000,3374,1712,1662,117415.2
22760006652000,1963,1012,951,80090.4
22760006653000,2690,1360,1330,95495
22760006654000,3318,1630,1688,123097.8
22760006655000,850,422,428,30855
22760006656000,12,6,6,475.2
22760006657000,40,24,16,1868
22760006658000,46,23,23,1738.8
22760006659000,120,65,55,4764
22760006660000,18,11,7,840.6
22760006667000,137,68,69,4452.5
22760006668000,5,1,4,117
22760006678000,4,3,1,0
22760006679000,98,54,44,3518.2
22760006680000,21,11,10,1001.7
22760006681000,27,12,15,1166.4
22760006682000,75,38,37,3022.5
22760006683000,3,1,2,0
22760006713000,4,2,2,0
22760006714000,1,0,1,0
22760006727000,40,21,19,1740
22760006728000,183,93,90,6642.9
22760006729000,35,19,16,1589
22760006730000,15,7,8,574.5
22760006732000,56,35,21,2576
22760006733000,154,74,80,5682.6
22760006734000,46,26,20,1872.2
22760006735000,168,85,83,6787.2
22760006736000,62,35,27,2759
22760006743000,5,3,2,334
22760006744000,23,12,11,694.6
22760006745000,70,36,34,2471
22760006746000,24,11,13,1015.2
22760006747000,26,14,12,1001
22760006748000,24,13,11,964.8
22760006749000,60,33,27,2544
22760006750000,44,32,12,1795.2
22760006751000,15,8,7,571.5
22760006752000,14,8,6,443.8
22760006753000,4,2,2,0
22760006754000,39,19,20,1302.6
22760006755000,20,13,7,770
22760006756000,20,8,12,892
22760006757000,22,13,9,825
22760006758000,182,95,87,6297.2
22760006759000,64,30,34,2169.6
22760006760000,26,16,10,982.8
22760006761000,68,32,36,3155.2
22760006763000,36,18,18,1310.4
22760006764000,5,2,3,99
22760006765000,8,4,4,268.8
22760006766000,17,8,9,521.9
22760006771000,14,6,8,691.6
22760006852000,6,3,3,279
22760006886000,9,6,3,370.8
22760006887000,9,3,6,288.9
22760006910000,4,3,1,0
22760006911000,21,10,11,911.4
22760006970000,2,1,1,0
22760006987000,5,3,2,179
22760006988000,5,3,2,277
22760006989000,16,8,8,609.6
22760006993000,2,1,1,0
22760006995000,1,1,0,0
22760007023000,18,10,8,865.8
22760007031000,7,4,3,265.3
22760007033000,2,1,1,0
22760007034000,17,9,8,788.8
22760007035000,39,20,19,1279.2
22760007036000,2,1,1,0
22760007037000,140,78,62,6174
22760007038000,82,40,42,3050.4
22760007039000,789,398,391,24774.6
22760007040000,1796,887,909,65733.6
22760007041000,2034,1025,1009,78512.4
22760007042000,2,1,1,0
22760007078000,6,3,3,322.8
22760007087000,3,2,1,0
22760007095000,3,1,2,0
22760007096000,19,12,7,539.6
22760007103000,77,36,41,2633.4
22760007104000,3,1,2,0
22760007109000,4,1,3,0
22760007126000,4,3,1,0
22760007127000,29,14,15,1354.3
22770006565000,2,1,1,0
22770006566000,3,2,1,0
22770006567000,51,30,21,1973.7
22770006568000,25,13,12,1247.5
22770006569000,58,30,28,2813
22770006570000,54,28,26,1960.2
22770006571000,14,9,5,599.2
22770006572000,10,6,4,572
22770006573000,26,15,11,881.4
22770006574000,381,195,186,15049.5
22770006575000,377,207,170,14062.1
22770006576000,903,473,430,34043.1
22770006577000,2130,1060,1070,84135
22770006578000,2450,1191,1259,91875
22770006579000,1433,671,762,58323.1
22770006580000,133,68,65,5439.7
22770006582000,10,7,3,349
22770006583000,25,12,13,1095
22770006584000,9,3,6,505.8
22770006586000,15,7,8,610.5
22770006587000,11,7,4,477.4
22770006588000,1,1,0,0
22770006592000,5,3,2,208
22770006593000,10,6,4,401
22770006594000,20,13,7,738
22770006595000,3,2,1,0
22770006597000,1,1,0,0
22770006602000,5,3,2,201
22770006603000,4,2,2,0
22770006608000,5,3,2,306
22770006609000,15,9,6,768
22770006610000,6,2,4,229.8
22770006611000,44,26,18,1562
22770006612000,7,3,4,336
22770006613000,5,4,1,173
22770006614000,33,18,15,1122
22770006615000,413,195,218,13381.2
22770006616000,6,2,4,228
22770006617000,3,1,2,0
22770006618000,5,3,2,242
22770006619000,15,10,5,651
22770006621000,7,4,3,203.7
22770006622000,41,24,17,1484.2
22770006623000,29,17,12,1322.4
22770006624000,20,11,9,1028
22770006625000,13,6,7,575.9
22770006626000,4,1,3,0
22770006627000,1049,529,520,44897.2
22770006628000,542,277,265,22005.2
22770006629000,10,6,4,409
22770006635000,4,2,2,0
22770006649000,6,3,3,394.2
22770006650000,1788,917,871,74023.2
22770006651000,2993,1507,1486,114033.3
22770006652000,5089,2482,2607,208140.1
22770006653000,2843,1456,1387,105191
22770006654000,1261,592,669,51827.1
22770006655000,161,84,77,6552.7
22770006656000,409,223,186,15214.8
22770006657000,569,273,296,22077.2
22770006658000,187,79,108,6414.1
22770006659000,147,78,69,5174.4
22770006665000,85,47,38,2898.5
22770006666000,1160,600,560,44080
22770006667000,908,483,425,32869.6
22770006668000,224,111,113,7280
22770006669000,26,13,13,897
22770006670000,24,14,10,736.8
22770006675000,86,41,45,2760.6
22770006676000,259,135,124,8158.5
22770006677000,469,249,220,16321.2
22770006678000,188,100,88,7313.2
22770006679000,91,56,35,3348.8
22770006681000,2,2,0,0
22770006682000,6,4,2,202.2
22770006683000,13,8,5,663
22770006684000,18,10,8,867.6
22770006685000,10,6,4,519
22770006686000,27,15,12,1217.7
22770006687000,86,37,49,2786.4
22770006688000,9,5,4,360
22770006705000,21,11,10,890.4
22770006712000,9,5,4,279.9
22770006725000,3,2,1,0
22770006726000,19,12,7,642.2
22770006727000,40,19,21,1740
22770006728000,42,22,20,1764
22770006729000,119,60,59,5414.5
22770006730000,373,184,189,18239.7
22770006731000,341,148,193,16265.7
22770006732000,292,149,143,12118
22770006733000,37,19,18,1554
22770006734000,21,12,9,741.3
22770006735000,9,3,6,470.7
22770006740000,2,1,1,0
22770006742000,5,3,2,181
22770006743000,34,14,20,1842.8
22770006744000,7,4,3,366.8
22770006745000,31,19,12,899
22770006746000,32,18,14,1184
22770006747000,3,2,1,0
22770006748000,39,15,24,1661.4
22770006749000,60,30,30,2610
22770006750000,42,23,19,1869
22770006751000,12,4,8,374.4
22770006752000,4,1,3,0
22770006753000,9,3,6,326.7
22770006754000,12,7,5,556.8
22770006755000,59,31,28,2177.1
22770006756000,63,29,34,2305.8
22770006757000,132,70,62,5016
22770006758000,17,9,8,853.4
22770006760000,105,54,51,5050.5
22770006761000,79,41,38,2512.2
22770006762000,41,25,16,1791.7
22770006763000,30,16,14,843
22770006764000,14,6,8,589.4
22770006765000,8,4,4,355.2
22770006766000,23,12,11,777.4
22770006767000,22,12,10,880
22770006785000,1,1,0,0
22770006787000,1,1,0,0
22770006851000,1,0,1,0
22770006852000,3,1,2,0
22770006885000,7,3,4,314.3
22770006886000,1,1,0,0
22770006910000,1,0,1,0
22770006911000,35,17,18,1256.5
22770006912000,29,14,15,1597.9
22770006913000,5,3,2,197
22770006918000,7,5,2,149.8
22770006919000,2,0,2,0
22770006967000,1,0,1,0
22770006987000,30,12,18,933
22770006988000,4,2,2,0
22770007023000,1,1,0,0
22770007031000,9,6,3,405.9
22770007033000,3,3,0,0
22770007034000,20,11,9,610
22770007035000,17,9,8,447.1
22770007036000,33,18,15,1336.5
22770007037000,41,26,15,1664.6
22770007038000,127,61,66,3962.4
22770007039000,1505,737,768,49514.5
22770007040000,1578,805,773,57754.8
22770007041000,614,306,308,22165.4
22770007062000,2,1,1,0
22770007079000,13,5,8,533
22770007103000,27,13,14,1069.2
22770007104000,8,4,4,500.8
22770007110000,7,4,3,462.7
22770007111000,1,1,0,0
22770007112000,6,3,3,201
22770007126000,32,15,17,1200
22770007135000,3,3,0,0
22770007136000,2,1,1,0
22770007141000,1,1,0,0
22780006561000,6,3,3,240
22780006562000,16,8,8,1035.2
22780006563000,52,29,23,2246.4
22780006564000,12,8,4,501.6
22780006565000,12,7,5,493.2
22780006566000,10,6,4,334
22780006567000,5,3,2,93
22780006568000,8,4,4,322.4
22780006569000,25,11,14,1055
22780006570000,16,6,10,715.2
22780006573000,6,3,3,444
22780006574000,61,34,27,2202.1
22780006575000,274,140,134,9699.6
22780006576000,1,1,0,0
22780006577000,2135,1095,1040,94580.5
22780006578000,3282,1543,1739,164428.2
22780006579000,2574,1209,1365,108622.8
22780006580000,1180,575,605,53572
22780006582000,7,2,5,483.7
22780006583000,9,3,6,370.8
22780006584000,14,8,6,609
22780006587000,6,4,2,171
22780006588000,1,1,0,0
22780006589000,5,2,3,207
22780006590000,6,3,3,436.8
22780006594000,30,15,15,1170
22780006595000,16,8,8,854.4
22780006600000,6,4,2,369
22780006601000,14,7,7,462
22780006602000,42,24,18,1449
22780006603000,2,1,1,0
22780006607000,17,8,9,571.2
22780006608000,24,12,12,1024.8
22780006609000,68,43,25,2679.2
22780006610000,4,3,1,0
22780006611000,32,15,17,982.4
22780006612000,3,1,2,0
22780006613000,877,453,424,29730.3
22780006614000,471,235,236,18604.5
22780006615000,1105,525,580,49946
22780006616000,6,5,1,130.2
22780006617000,4,3,1,0
22780006618000,3,1,2,0
22780006619000,11,7,4,591.8
22780006620000,14,9,5,600.6
22780006622000,20,10,10,1088
22780006625000,1,1,0,0
22780006626000,40,25,15,1308
22780006627000,627,288,339,22070.4
22780006628000,302,149,153,9935.8
22780006629000,20,12,8,814
22780006650000,3131,1543,1588,126492.4
22780006651000,869,412,457,36758.7
22780006652000,1859,947,912,73244.6
22780006653000,2425,1206,1219,99910
22780006654000,348,157,191,14233.2
22780006655000,1138,578,560,34367.6
22780006656000,1980,973,1007,68706
22780006657000,1777,867,910,60773.4
22780006658000,2312,1132,1180,100572
22780006659000,1654,837,817,64671.4
22780006660000,51,28,23,1994.1
22780006661000,9,4,5,428.4
22780006663000,9,5,4,456.3
22780006665000,700,339,361,23520
22780006666000,463,248,215,16806.9
22780006667000,40,25,15,1520
22780006668000,37,20,17,1376.4
22780006669000,99,52,47,4108.5
22780006670000,14,8,6,351.4
22780006671000,9,5,4,209.7
22780006672000,252,126,126,7635.6
22780006673000,715,354,361,22379.5
22780006674000,68,38,30,2482
22780006675000,64,39,25,2617.6
22780006676000,11,6,5,361.9
22780006677000,22,13,9,814
22780006678000,15,8,7,469.5
22780006679000,20,13,7,754
22780006680000,100,53,47,3600
22780006681000,71,38,33,2889.7
22780006682000,13,7,6,357.5
22780006683000,3,2,1,0
22780006684000,29,16,13,1258.6
22780006685000,69,34,35,2649.6
22780006686000,33,18,15,1131.9
22780006687000,90,46,44,3384
22780006688000,74,40,34,3315.2
22780006698000,7,5,2,331.8
22780006704000,8,4,4,376
22780006705000,17,8,9,785.4
22780006707000,16,7,9,622.4
22780006712000,9,6,3,451.8
22780006715000,1,1,0,0
22780006721000,2,1,1,0
22780006728000,17,7,10,520.2
22780006729000,59,30,29,3091.6
22780006730000,142,67,75,7128.4
22780006731000,20,11,9,858
22780006732000,40,23,17,1504
22780006733000,23,11,12,1129.3
22780006734000,17,9,8,839.8
22780006740000,24,12,12,1212
22780006741000,79,42,37,3349.6
22780006743000,201,101,100,10673.1
22780006744000,96,49,47,3715.2
22780006745000,49,25,24,1813
22780006746000,33,17,16,1247.4
22780006747000,11,6,5,424.6
22780006748000,12,6,6,367.2
22780006749000,25,13,12,970
22780006750000,38,19,19,1390.8
22780006751000,3,1,2,0
22780006754000,4,2,2,0
22780006756000,64,27,37,2656
22780006757000,371,187,184,14691.6
22780006758000,35,20,15,1694
22780006759000,35,16,19,1561
22780006760000,195,104,91,7488
22780006761000,50,25,25,1860
22780006762000,47,24,23,1607.4
22780006763000,6,2,4,123
22780006765000,7,4,3,401.1
22780006884000,10,4,6,418
22780006885000,9,6,3,428.4
22780006909000,21,10,11,1037.4
22780006910000,50,26,24,2145
22780006911000,51,30,21,1973.7
22780006912000,28,15,13,1030.4
22780006913000,105,60,45,3675
22780006914000,27,14,13,1304.1
22780006915000,33,16,17,1353
22780006916000,22,12,10,818.4
22780006917000,15,6,9,345
22780006986000,4,2,2,0
22780006987000,43,23,20,1900.6
22780006988000,11,4,7,421.3
22780007030000,2,1,1,0
22780007031000,23,12,11,920
22780007036000,29,14,15,858.4
22780007037000,20,10,10,716
22780007038000,24,11,13,1065.6
22780007039000,458,231,227,16259
22780007040000,217,114,103,8614.9
22780007041000,218,101,117,7935.2
22780007062000,9,3,6,474.3
22780007063000,4,2,2,0
22780007070000,7,5,2,275.8
22780007103000,23,12,11,788.9
22780007104000,10,7,3,502
22780007111000,2,1,1,0
22780007123000,3,1,2,0
22780007124000,7,4,3,277.2
22780007125000,6,4,2,186
22780007135000,5,2,3,314
22780007137000,3,2,1,0
22790006562000,32,16,16,1302.4
22790006563000,35,17,18,1578.5
22790006564000,146,76,70,6467.8
22790006565000,41,20,21,1459.6
22790006566000,2,2,0,0
22790006567000,24,12,12,1032
22790006568000,35,19,16,1400
22790006569000,31,13,18,1212.1
22790006571000,4,2,2,0
22790006572000,2,1,1,0
22790006573000,21,11,10,972.3
22790006574000,111,62,49,4495.5
22790006575000,1026,532,494,39193.2
22790006576000,221,109,112,8795.8
22790006577000,922,470,452,36050.2
22790006578000,598,320,278,22185.8
22790006579000,885,414,471,35754
22790006580000,692,351,341,29617.6
22790006581000,451,234,217,15604.6
22790006582000,16,9,7,620.8
22790006583000,11,6,5,552.2
22790006584000,16,9,7,654.4
22790006585000,10,6,4,414
22790006589000,12,8,4,531.6
22790006590000,1,1,0,0
22790006592000,4,2,2,0
22790006593000,12,7,5,456
22790006594000,12,7,5,379.2
22790006595000,43,21,22,1965.1
22790006598000,9,3,6,336.6
22790006599000,7,5,2,448
22790006600000,37,20,17,1317.2
22790006601000,36,21,15,1566
22790006602000,37,22,15,1143.3
22790006603000,3,1,2,0
22790006604000,7,3,4,167.3
22790006606000,21,13,8,762.3
22790006607000,11,7,4,585.2
22790006608000,42,20,22,1709.4
22790006609000,11,5,6,499.4
22790006610000,4,2,2,0
22790006611000,21,8,13,917.7
22790006612000,25,14,11,1115
22790006613000,14,8,6,463.4
22790006614000,334,163,171,14495.6
22790006615000,1335,646,689,57138
22790006616000,22,10,12,853.6
22790006617000,16,7,9,838.4
22790006618000,13,6,7,679.9
22790006619000,7,4,3,252
22790006622000,21,12,9,938.7
22790006623000,2,1,1,0
22790006625000,13,6,7,578.5
22790006626000,36,17,19,1414.8
22790006627000,118,56,62,4779
22790006628000,11,5,6,401.5
22790006649000,128,70,58,4531.2
22790006650000,960,470,490,37152
22790006651000,2081,1071,1010,78245.6
22790006652000,2352,1176,1176,104664
22790006653000,5036,2535,2501,229138
22790006654000,1173,616,557,49852.5
22790006655000,989,508,481,31746.9
22790006656000,1391,720,671,47294
22790006657000,184,109,75,7286.4
22790006658000,707,374,333,26512.5
22790006659000,1877,929,948,76393.9
22790006660000,543,267,276,19222.2
22790006661000,34,20,14,1496
22790006662000,18,10,8,716.4
22790006663000,66,31,35,2376
22790006664000,35,16,19,1550.5
22790006665000,1038,487,551,51588.6
22790006666000,427,227,200,18446.4
22790006667000,92,50,42,3643.2
22790006668000,49,26,23,1930.6
22790006669000,66,32,34,2079
22790006670000,78,40,38,3564.6
22790006671000,37,20,17,1602.1
22790006672000,246,125,121,8634.6
22790006673000,215,101,114,8148.5
22790006674000,18,9,9,799.2
22790006675000,77,49,28,2741.2
22790006676000,10,5,5,509
22790006677000,27,14,13,1088.1
22790006679000,68,37,31,2652
22790006680000,19,9,10,986.1
22790006681000,48,27,21,2040
22790006682000,959,456,503,44209.9
22790006683000,937,479,458,32232.8
22790006684000,106,68,38,4452
22790006685000,300,153,147,10230
22790006686000,130,64,66,4433
22790006687000,67,32,35,2820.7
22790006688000,5,3,2,241
22790006696000,66,27,39,3016.2
22790006697000,82,50,32,3567
22790006698000,90,46,44,3177
22790006699000,30,15,15,996
22790006705000,8,5,3,244.8
22790006712000,8,3,5,291.2
22790006713000,20,9,11,602
22790006728000,3,1,2,0
22790006729000,110,56,54,4774
22790006730000,168,84,84,7459.2
22790006731000,18,8,10,810
22790006732000,7,5,2,373.8
22790006733000,8,4,4,390.4
22790006739000,31,14,17,1630.6
22790006740000,16,8,8,758.4
22790006741000,52,24,28,2449.2
22790006742000,46,32,14,3013
22790006743000,31,15,16,1137.7
22790006744000,118,65,53,4153.6
22790006745000,32,14,18,1353.6
22790006746000,13,10,3,621.4
22790006748000,2,0,2,0
22790006749000,10,6,4,417
22790006753000,4,2,2,0
22790006754000,44,23,21,1887.6
22790006755000,186,81,105,8463
22790006756000,850,399,451,39695
22790006757000,1680,813,867,74760
22790006758000,861,436,425,37711.8
22790006759000,211,110,101,8440
22790006760000,40,20,20,1528
22790006761000,30,16,14,1272
22790006762000,7,3,4,256.9
22790006837000,1,1,0,0
22790006850000,10,6,4,533
22790006851000,64,40,24,3910.4
22790006884000,37,20,17,1394.9
22790006910000,8,3,5,322.4
22790006911000,222,108,114,8058.6
22790006912000,50,25,25,1825
22790006913000,53,34,19,2241.9
22790006914000,62,24,38,2554.4
22790006915000,22,12,10,1056
22790006916000,1,1,0,0
22790006984000,10,6,4,442
22790006985000,23,13,10,892.4
22790006986000,75,40,35,3397.5
22790007031000,2,1,1,0
22790007036000,32,17,15,1280
22790007037000,11,7,4,575.3
22790007038000,22,14,8,770
22790007040000,15,8,7,735
22790007041000,820,404,416,31898
22790007042000,38,20,18,1333.8
22790007069000,9,4,5,370.8
22790007080000,2,1,1,0
22790007104000,6,4,2,184.2
22790007123000,3,1,2,0
22790007124000,1,1,0,0
22790007136000,4,2,2,0
22790007137000,5,3,2,246
22800006562000,10,6,4,488
22800006563000,1,0,1,0
22800006564000,31,19,12,1367.1
22800006565000,144,72,72,6177.6
22800006566000,95,48,47,4009
22800006567000,14,8,6,669.2
22800006568000,25,11,14,915
22800006569000,62,34,28,2709.4
22800006570000,17,9,8,867
22800006571000,5,3,2,369
22800006572000,31,20,11,1271
22800006573000,43,24,19,1715.7
22800006574000,89,54,35,3586.7
22800006575000,633,291,342,27282.3
22800006576000,1667,836,831,62179.1
22800006577000,320,156,164,12832
22800006578000,1094,543,551,45291.6
22800006579000,1121,565,556,45961
22800006580000,129,62,67,4863.3
22800006581000,9,5,4,465.3
22800006582000,21,11,10,1041.6
22800006583000,19,13,6,718.2
22800006584000,33,21,12,1303.5
22800006585000,29,15,14,1426.8
22800006586000,2,1,1,0
22800006588000,9,6,3,235.8
22800006589000,8,4,4,415.2
22800006590000,14,8,6,490
22800006592000,2,2,0,0
22800006593000,4,3,1,0
22800006595000,9,5,4,362.7
22800006596000,19,10,9,775.2
22800006597000,2,2,0,0
22800006598000,7,5,2,347.9
22800006599000,7,4,3,196.7
22800006600000,20,12,8,694
22800006601000,5,1,4,195
22800006602000,5,3,2,225
22800006603000,45,21,24,1732.5
22800006604000,30,15,15,1203
22800006605000,9,6,3,439.2
22800006606000,25,14,11,1075
22800006607000,20,9,11,620
22800006609000,5,2,3,181
22800006610000,21,11,10,890.4
22800006611000,222,117,105,8280.6
22800006612000,347,190,157,12804.3
22800006613000,56,30,26,2150.4
22800006614000,32,13,19,1142.4
22800006615000,20,10,10,854
22800006616000,14,7,7,471.8
22800006617000,20,11,9,700
22800006618000,25,15,10,857.5
22800006619000,40,20,20,1524
22800006620000,27,16,11,985.5
22800006621000,7,4,3,287
22800006622000,16,7,9,686.4
22800006623000,6,3,3,154.8
22800006625000,26,15,11,1053
22800006626000,41,20,21,1722
22800006627000,45,25,20,1881
22800006628000,6,3,3,274.2
22800006643000,65,33,32,2028
22800006644000,47,21,26,1551
22800006648000,189,101,88,6747.3
22800006649000,492,257,235,22090.8
22800006650000,2113,1086,1027,77758.4
22800006651000,52,30,22,2350.4
22800006652000,2196,1127,1069,79934.4
22800006653000,2256,1130,1126,88435.2
22800006654000,563,282,281,20436.9
22800006655000,40,19,21,1804
22800006656000,29,19,10,1197.7
22800006657000,27,16,11,1069.2
22800006658000,6,4,2,232.8
22800006659000,128,69,59,4262.4
22800006660000,1320,676,644,46332
22800006661000,402,191,211,11416.8
22800006662000,47,27,20,2068
22800006663000,103,53,50,3790.4
22800006664000,4,2,2,0
22800006665000,11,4,7,426.8
22800006666000,48,25,23,2020.8
22800006668000,23,13,10,984.4
22800006669000,121,67,54,4440.7
22800006670000,98,46,52,4302.2
22800006671000,5,4,1,127
22800006673000,538,275,263,20336.4
22800006674000,109,55,54,4447.2
22800006675000,30,18,12,1191
22800006676000,17,11,6,635.8
22800006677000,49,25,24,1450.4
22800006678000,3,2,1,0
22800006679000,12,8,4,582
22800006680000,43,21,22,1857.6
22800006681000,13,8,5,543.4
22800006682000,495,263,232,19602
22800006683000,549,279,270,21795.3
22800006685000,323,164,159,10917.4
22800006686000,987,473,514,38986.5
22800006687000,856,439,417,30730.4
22800006688000,15,10,5,549
22800006690000,2,2,0,0
22800006695000,73,38,35,3109.8
22800006696000,89,44,45,3942.7
22800006698000,4,3,1,0
22800006699000,3,1,2,0
22800006700000,10,6,4,649
22800006704000,12,7,5,465.6
22800006711000,52,26,26,2340
22800006712000,69,37,32,3091.2
22800006713000,2,1,1,0
22800006728000,40,20,20,1208
22800006729000,159,86,73,6232.8
22800006730000,88,43,45,3748.8
22800006731000,15,8,7,556.5
22800006738000,12,5,7,415.2
22800006739000,27,15,12,1250.1
22800006740000,23,14,9,837.2
22800006741000,34,17,17,1526.6
22800006744000,6,3,3,360
22800006745000,17,9,8,584.8
22800006746000,3,1,2,0
22800006747000,4,3,1,0
22800006751000,5,4,1,129
22800006752000,4,2,2,0
22800006753000,21,12,9,1171.8
22800006754000,364,180,184,14596.4
22800006755000,1521,739,782,62513.1
22800006756000,1073,504,569,53328.1
22800006757000,910,416,494,42224
22800006758000,1386,690,696,51836.4
22800006759000,222,122,100,7126.2
22800006760000,9,4,5,495
22800006761000,12,5,7,568.8
22800006762000,4,2,2,0
22800006764000,3,2,1,0
22800006767000,8,6,2,318.4
22800006849000,9,6,3,578.7
22800006850000,9,4,5,473.4
22800006851000,11,7,4,685.3
22800006883000,11,4,7,407
22800006884000,6,2,4,258
22800006893000,8,5,3,404.8
22800006894000,13,7,6,483.6
22800006895000,40,23,17,1348
22800006896000,54,25,29,1949.4
22800006897000,14,9,5,568.4
22800006898000,4,3,1,0
22800006904000,8,3,5,444
22800006910000,580,276,304,23606
22800006911000,256,119,137,12160
22800006912000,117,61,56,6423.3
22800006913000,99,45,54,4672.8
22800006914000,25,13,12,857.5
22800006918000,3,2,1,0
22800006984000,7,3,4,357.7
22800006985000,32,16,16,1494.4
22800006986000,55,25,30,1974.5
22800007034000,2,2,0,0
22800007035000,5,2,3,132
22800007037000,1,1,0,0
22800007038000,7,4,3,217
22800007040000,10,4,6,301
22800007041000,1834,938,896,67858
22800007042000,643,343,300,24369.7
22800007063000,9,6,3,514.8
22800007064000,14,7,7,403.2
22800007068000,10,7,3,331
22800007069000,22,13,9,897.6
22800007081000,12,7,5,567.6
22800007105000,17,9,8,887.4
22800007106000,5,3,2,277
22800007107000,2,1,1,0
22800007113000,7,4,3,455.7
22800007114000,3,2,1,0
22800007123000,22,9,13,778.8
22800007124000,4,3,1,0
22800007139000,26,10,16,1107.6
22800007140000,145,74,71,7308
22800007141000,53,27,26,2639.4
22800007143000,5,3,2,320
22810006560000,1,0,1,0
22810006561000,3,1,2,0
22810006562000,4,3,1,0
22810006563000,20,13,7,906
22810006564000,2,1,1,0
22810006567000,171,87,84,7335.9
22810006568000,187,94,93,7667
22810006569000,45,24,21,1476
22810006570000,26,13,13,1188.2
22810006571000,9,4,5,496.8
22810006572000,3,2,1,0
22810006574000,529,262,267,21847.7
22810006575000,1590,780,810,66462
22810006576000,1480,728,752,59940
22810006577000,8,5,3,364
22810006578000,19,9,10,779
22810006579000,91,42,49,3858.4
22810006580000,201,107,94,8683.2
22810006581000,501,242,259,20240.4
22810006582000,40,20,20,1272
22810006583000,32,16,16,1203.2
22810006584000,24,13,11,912
22810006585000,12,7,5,603.6
22810006586000,29,16,13,1235.4
22810006587000,7,2,5,286.3
22810006588000,243,123,120,8213.4
22810006589000,6,4,2,199.2
22810006590000,4,2,2,0
22810006593000,9,5,4,414
22810006594000,13,6,7,396.5
22810006595000,23,13,10,1051.1
22810006596000,15,8,7,643.5
22810006597000,61,29,32,2226.5
22810006598000,12,6,6,459.6
22810006599000,28,16,12,1271.2
22810006600000,22,11,11,563.2
22810006601000,13,7,6,370.5
22810006603000,13,6,7,464.1
22810006604000,38,14,24,1242.6
22810006605000,12,9,3,514.8
22810006606000,41,22,19,1918.8
22810006607000,4,3,1,0
22810006608000,6,3,3,373.2
22810006609000,14,8,6,539
22810006610000,33,17,16,1395.9
22810006611000,377,195,182,12177.1
22810006612000,518,256,262,18648
22810006613000,346,171,175,12836.6
22810006614000,2,1,1,0
22810006615000,29,14,15,707.6
22810006616000,17,8,9,559.3
22810006617000,25,15,10,1162.5
22810006618000,3,2,1,0
22810006619000,20,11,9,736
22810006620000,3,1,2,0
22810006621000,8,4,4,336
22810006624000,3,1,2,0
22810006625000,12,6,6,540
22810006626000,23,13,10,1005.1
22810006627000,42,24,18,1948.8
22810006628000,10,5,5,428
22810006630000,3,3,0,0
22810006632000,24,13,11,1022.4
22810006633000,2,1,1,0
22810006641000,144,73,71,5932.8
22810006642000,624,326,298,23337.6
22810006643000,291,152,139,10825.2
22810006644000,71,39,32,2854.2
22810006645000,39,27,12,1747.2
22810006646000,989,482,507,31054.6
22810006647000,1300,642,658,37570
22810006648000,256,133,123,9856
22810006649000,12,7,5,681.6
22810006654000,9,5,4,188.1
22810006655000,3,2,1,0
22810006657000,400,202,198,13960
22810006658000,89,44,45,3204
22810006659000,7,5,2,312.9
22810006660000,187,104,83,5984
22810006661000,1266,651,615,38992.8
22810006662000,4,1,3,0
22810006663000,15,8,7,778.5
22810006664000,10,5,5,427
22810006665000,11,7,4,392.7
22810006666000,100,65,35,3950
22810006667000,45,28,17,1602
22810006668000,22,9,13,1001
22810006669000,44,21,23,1804
22810006670000,9,5,4,262.8
22810006671000,13,5,8,783.9
22810006672000,98,60,38,3773
22810006673000,22,12,10,871.2
22810006674000,26,14,12,782.6
22810006675000,5,4,1,145
22810006676000,12,6,6,489.6
22810006678000,36,20,16,1411.2
22810006679000,42,28,14,1890
22810006680000,1,1,0,0
22810006682000,2,0,2,0
22810006683000,19,10,9,672.6
22810006684000,3,1,2,0
22810006685000,42,24,18,1449
22810006686000,803,400,403,27864.1
22810006687000,730,379,351,27740
22810006688000,12,5,7,236.4
22810006689000,4,2,2,0
22810006690000,13,8,5,548.6
22810006691000,9,4,5,378
22810006695000,1,1,0,0
22810006700000,16,10,6,956.8
22810006701000,27,15,12,1225.8
22810006703000,53,25,28,1976.9
22810006704000,127,65,62,5994.4
22810006706000,1,0,1,0
22810006707000,32,16,16,1836.8
22810006708000,11,3,8,380.6
22810006709000,13,7,6,551.2
22810006710000,58,28,30,2470.8
22810006711000,63,30,33,3068.1
22810006712000,41,23,18,2308.3
22810006728000,10,6,4,365
22810006729000,217,108,109,7833.7
22810006730000,78,35,43,3237
22810006738000,13,7,6,477.1
22810006739000,10,7,3,467
22810006740000,5,3,2,234
22810006741000,21,12,9,693
22810006742000,9,4,5,356.4
22810006750000,71,36,35,2499.2
22810006751000,44,20,24,1861.2
22810006752000,46,24,22,1738.8
22810006753000,34,18,16,1322.6
22810006754000,206,102,104,7642.6
22810006755000,308,133,175,13459.6
22810006756000,43,30,13,1629.7
22810006757000,252,137,115,8442
22810006758000,369,185,184,13985.1
22810006759000,173,85,88,6158.8
22810006760000,31,20,11,1038.5
22810006761000,8,5,3,420.8
22810006762000,27,14,13,1125.9
22810006763000,28,14,14,1092
22810006764000,43,22,21,1543.7
22810006765000,15,7,8,772.5
22810006766000,17,9,8,571.2
22810006767000,1,1,0,0
22810006768000,2,1,1,0
22810006769000,7,5,2,335.3
22810006838000,3,2,1,0
22810006841000,9,6,3,603
22810006849000,4,2,2,0
22810006859000,2,1,1,0
22810006861000,2,1,1,0
22810006882000,6,4,2,76.8
22810006883000,7,1,6,210
22810006891000,3,2,1,0
22810006892000,22,9,13,754.6
22810006893000,67,30,37,2901.1
22810006894000,24,13,11,1248
22810006895000,42,21,21,1864.8
22810006896000,35,16,19,1613.5
22810006897000,5,3,2,247
22810006910000,236,125,111,8448.8
22810006911000,848,404,444,36040
22810006912000,338,171,167,15277.6
22810006913000,60,28,32,2454
22810006980000,15,9,6,613.5
22810006981000,18,10,8,882
22810006982000,29,14,15,1119.4
22810006983000,8,5,3,356.8
22810006987000,2,2,0,0
22810006988000,13,8,5,413.4
22810007030000,4,2,2,0
22810007031000,2,2,0,0
22810007032000,3,1,2,0
22810007035000,11,5,6,594
22810007037000,10,5,5,343
22810007039000,25,12,13,1165
22810007040000,30,13,17,936
22810007041000,1204,594,610,49364
22810007042000,25,11,14,700
22810007056000,10,5,5,515
22810007057000,16,1,15,956.8
22810007066000,20,11,9,822
22810007067000,58,30,28,1914
22810007068000,38,15,23,1280.6
22810007069000,45,26,19,1822.5
22810007070000,4,2,2,0
22810007081000,11,7,4,423.5
22810007082000,2,2,0,0
22810007097000,7,4,3,301
22810007098000,5,3,2,192
22810007106000,6,4,2,304.2
22810007107000,22,8,14,979
22810007115000,5,3,2,72
22810007122000,3,1,2,0
22810007138000,6,3,3,247.8
22810007139000,9,5,4,365.4
22810007140000,70,39,31,2401
22810007141000,16,8,8,777.6
22810007142000,6,3,3,376.8
22810007143000,14,9,5,897.4
22810007144000,7,4,3,422.1
22820006556000,1,0,1,0
22820006559000,1,1,0,0
22820006561000,37,20,17,1824.1
22820006562000,11,5,6,480.7
22820006563000,99,53,46,3920.4
22820006564000,8,4,4,248.8
22820006565000,6,2,4,328.2
22820006566000,6,4,2,306
22820006567000,229,120,109,10144.7
22820006568000,273,148,125,10783.5
22820006569000,901,462,439,35409.3
22820006570000,206,102,104,7745.6
22820006571000,22,12,10,855.8
22820006572000,3,2,1,0
22820006573000,488,252,236,20642.4
22820006574000,1232,600,632,48417.6
22820006575000,1000,479,521,41300
22820006576000,1066,568,498,37736.4
22820006577000,142,65,77,5367.6
22820006578000,4,1,3,0
22820006583000,18,10,8,757.8
22820006584000,146,70,76,6029.8
22820006585000,124,63,61,4575.6
22820006586000,46,26,20,1508.8
22820006587000,13,6,7,543.4
22820006588000,78,39,39,2932.8
22820006589000,16,8,8,644.8
22820006590000,1,1,0,0
22820006591000,22,14,8,974.6
22820006592000,11,6,5,335.5
22820006593000,12,6,6,412.8
22820006594000,19,9,10,872.1
22820006595000,37,20,17,1694.6
22820006596000,37,19,18,1369
22820006597000,40,21,19,1452
22820006598000,1089,524,565,44213.4
22820006599000,538,266,272,22327
22820006600000,20,12,8,672
22820006601000,36,18,18,1368
22820006602000,13,8,5,665.6
22820006603000,33,14,19,1227.6
22820006604000,25,14,11,855
22820006605000,59,33,26,2324.6
22820006606000,1,1,0,0
22820006607000,28,13,15,1148
22820006608000,56,32,24,2156
22820006609000,20,13,7,1126
22820006610000,551,291,260,22260.4
22820006611000,1459,726,733,59235.4
22820006612000,273,144,129,11547.9
22820006613000,13,6,7,583.7
22820006614000,10,6,4,354
22820006615000,3,1,2,0
22820006617000,45,25,20,1750.5
22820006618000,18,10,8,887.4
22820006619000,16,8,8,614.4
22820006620000,13,7,6,474.5
22820006621000,2,2,0,0
22820006625000,6,4,2,322.8
22820006626000,17,10,7,676.6
22820006627000,11,6,5,300.3
22820006628000,2,1,1,0
22820006630000,14,8,6,513.8
22820006631000,93,44,49,3729.3
22820006632000,219,111,108,8212.5
22820006633000,4,1,3,0
22820006639000,205,102,103,7380
22820006640000,23,11,12,899.3
22820006641000,12,5,7,387.6
22820006644000,4,2,2,0
22820006645000,22,13,9,679.8
22820006646000,155,85,70,5394
22820006647000,44,21,23,1399.2
22820006651000,344,191,153,11902.4
22820006652000,39,25,14,1524.9
22820006653000,51,27,24,1657.5
22820006654000,11,4,7,315.7
22820006655000,24,13,11,835.2
22820006656000,344,170,174,13175.2
22820006657000,434,217,217,17012.8
22820006658000,99,53,46,3692.7
22820006659000,21,13,8,707.7
22820006660000,812,400,412,33454.4
22820006661000,4,2,2,0
22820006662000,12,7,5,465.6
22820006665000,50,27,23,2080
22820006666000,57,29,28,2200.2
22820006667000,73,44,29,2890.8
22820006668000,86,45,41,2881
22820006669000,64,37,27,2540.8
22820006670000,85,48,37,2983.5
22820006671000,15,9,6,454.5
22820006672000,30,13,17,1053
22820006675000,23,11,12,719.9
22820006676000,8,4,4,488.8
22820006677000,11,7,4,575.3
22820006679000,125,92,33,5025
22820006680000,17,7,10,790.5
22820006681000,138,82,56,5161.2
22820006682000,57,33,24,2382.6
22820006683000,79,35,44,3483.9
22820006685000,21,12,9,806.4
22820006686000,51,25,26,1958.4
22820006687000,35,18,17,1515.5
22820006688000,9,4,5,374.4
22820006689000,31,14,17,1119.1
22820006690000,9,3,6,279.9
22820006693000,13,7,6,608.4
22820006694000,16,9,7,748.8
22820006697000,4,2,2,0
22820006699000,5,3,2,207
22820006701000,4,1,3,0
22820006702000,25,13,12,1020
22820006703000,54,23,31,2251.8
22820006704000,179,78,101,6855.7
22820006705000,26,17,9,1292.2
22820006706000,21,11,10,961.8
22820006707000,117,67,50,4785.3
22820006708000,92,42,50,2566.8
22820006709000,16,6,10,822.4
22820006710000,17,10,7,748
22820006711000,2,1,1,0
22820006728000,12,7,5,534
22820006729000,103,51,52,4439.3
22820006730000,13,7,6,581.1
22820006738000,7,2,5,247.1
22820006739000,11,6,5,609.4
22820006740000,34,18,16,1628.6
22820006741000,40,22,18,1916
22820006749000,203,109,94,7287.7
22820006750000,58,31,27,2128.6
22820006751000,34,16,18,1230.8
22820006752000,31,13,18,1345.4
22820006753000,108,57,51,3855.6
22820006754000,22,11,11,767.8
22820006755000,18,9,9,709.2
22820006756000,8,4,4,420.8
22820006757000,18,10,8,604.8
22820006758000,52,26,26,1929.2
22820006759000,100,46,54,4050
22820006760000,32,17,15,1148.8
22820006761000,38,18,20,1865.8
22820006762000,55,27,28,2046
22820006763000,76,41,35,2348.4
22820006764000,16,7,9,619.2
22820006766000,13,9,4,548.6
22820006767000,10,6,4,406
22820006837000,2,2,0,0
22820006838000,13,7,6,535.6
22820006839000,8,4,4,387.2
22820006840000,11,6,5,367.4
22820006842000,8,4,4,320
22820006843000,2,2,0,0
22820006844000,5,4,1,171
22820006847000,4,1,3,0
22820006862000,7,4,3,427.7
22820006889000,3,2,1,0
22820006890000,4,2,2,0
22820006891000,14,7,7,457.8
22820006892000,12,5,7,598.8
22820006893000,14,9,5,586.6
22820006911000,94,43,51,2472.2
22820006912000,111,58,53,4506.6
22820006913000,26,16,10,1081.6
22820006914000,22,10,12,1210
22820006984000,5,4,1,169
22820006987000,21,12,9,980.7
22820006988000,42,19,23,2184
22820007023000,4,1,3,0
22820007024000,36,19,17,1130.4
22820007030000,2,1,1,0
22820007031000,8,4,4,407.2
22820007036000,39,23,16,1322.1
22820007037000,11,6,5,462
22820007038000,36,19,17,1436.4
22820007039000,30,14,16,1323
22820007040000,14,11,3,662.2
22820007041000,1966,996,970,75297.8
22820007042000,110,57,53,4895
22820007057000,17,10,7,844.9
22820007058000,3,2,1,0
22820007066000,19,9,10,459.8
22820007067000,307,158,149,13446.6
22820007068000,86,47,39,3766.8
22820007069000,122,58,64,5075.2
22820007070000,6,3,3,354
22820007071000,7,3,4,291.9
22820007072000,15,9,6,735
22820007077000,2,1,1,0
22820007082000,7,7,0,347.2
22820007107000,6,3,3,184.8
22820007115000,12,7,5,391.2
22820007116000,15,5,10,762
22820007117000,6,4,2,276
22820007137000,32,13,19,1580.8
22820007138000,16,8,8,870.4
22820007143000,1,1,0,0
22820007148000,36,18,18,1634.4
22820007149000,14,6,8,729.4
22830006556000,79,39,40,3989.5
22830006557000,14,6,8,754.6
22830006558000,13,7,6,447.2
22830006559000,2,1,1,0
22830006560000,4,2,2,0
22830006561000,12,6,6,625.2
22830006562000,3,2,1,0
22830006565000,18,9,9,885.6
22830006566000,4,2,2,0
22830006567000,54,33,21,2100.6
22830006568000,102,50,52,3814.8
22830006569000,196,94,102,6389.6
22830006570000,4,2,2,0
22830006571000,4,2,2,0
22830006572000,23,13,10,1048.8
22830006573000,168,93,75,7492.8
22830006575000,10,6,4,342
22830006576000,324,162,162,11372.4
22830006577000,148,77,71,5002.4
22830006578000,23,11,12,920
22830006579000,16,9,7,617.6
22830006580000,31,15,16,1224.5
22830006581000,2,1,1,0
22830006582000,9,3,6,412.2
22830006584000,9,5,4,426.6
22830006585000,55,28,27,1980
22830006586000,4,2,2,0
22830006588000,6,3,3,217.8
22830006589000,39,19,20,1587.3
22830006590000,13,7,6,618.8
22830006591000,2,2,0,0
22830006592000,16,9,7,521.6
22830006594000,36,16,20,1540.8
22830006595000,51,30,21,1825.8
22830006596000,34,18,16,1016.6
22830006597000,70,39,31,2471
22830006598000,102,41,61,5375.4
22830006599000,62,31,31,2399.4
22830006600000,12,6,6,422.4
22830006601000,13,7,6,426.4
22830006602000,24,13,11,892.8
22830006603000,15,7,8,711
22830006604000,26,12,14,1253.2
22830006605000,53,32,21,2008.7
22830006606000,28,10,18,652.4
22830006607000,90,49,41,3573
22830006608000,15,9,6,700.5
22830006609000,80,41,39,3144
22830006610000,1283,592,691,56965.2
22830006611000,1770,820,950,87084
22830006612000,463,228,235,18473.7
22830006613000,20,11,9,738
22830006614000,15,7,8,637.5
22830006615000,42,21,21,1520.4
22830006616000,61,31,30,1952
22830006617000,45,23,22,1701
22830006618000,14,9,5,449.4
22830006619000,13,6,7,678.6
22830006620000,32,19,13,1238.4
22830006621000,2,1,1,0
22830006623000,4,1,3,0
22830006624000,6,2,4,244.2
22830006625000,9,5,4,342
22830006627000,3,3,0,0
22830006628000,13,7,6,640.9
22830006629000,29,11,18,1261.5
22830006630000,118,66,52,4554.8
22830006631000,299,142,157,14292.2
22830006632000,19,8,11,927.2
22830006633000,14,7,7,665
22830006638000,800,391,409,27680
22830006639000,1722,892,830,65263.8
22830006640000,5,2,3,200
22830006647000,60,33,27,2658
22830006648000,144,81,63,5299.2
22830006649000,181,91,90,7240
22830006650000,340,163,177,13974
22830006651000,154,79,75,5882.8
22830006652000,105,60,45,4567.5
22830006653000,36,22,14,1504.8
22830006654000,4,1,3,0
22830006655000,27,14,13,1374.3
22830006656000,142,66,76,5353.4
22830006657000,11,5,6,419.1
22830006658000,19,11,8,938.6
22830006659000,28,16,12,1198.4
22830006660000,613,312,301,23232.7
22830006661000,174,97,77,6490.2
22830006662000,141,83,58,5400.3
22830006663000,57,41,16,2354.1
22830006664000,14,7,7,488.6
22830006665000,9,6,3,429.3
22830006666000,37,22,15,1084.1
22830006667000,22,11,11,961.4
22830006668000,2,1,1,0
22830006671000,23,11,12,807.3
22830006672000,28,15,13,935.2
22830006673000,38,27,11,1546.6
22830006674000,29,17,12,1113.6
22830006675000,4,1,3,0
22830006676000,10,6,4,489
22830006677000,7,4,3,235.2
22830006682000,35,19,16,1172.5
22830006683000,12,7,5,609.6
22830006684000,27,12,15,1015.2
22830006685000,21,13,8,894.6
22830006686000,19,10,9,912
22830006687000,12,7,5,619.2
22830006688000,26,12,14,954.2
22830006689000,54,27,27,2095.2
22830006690000,7,4,3,336.7
22830006698000,6,2,4,190.2
22830006699000,3,2,1,0
22830006700000,20,11,9,762
22830006701000,10,4,6,470
22830006702000,5,3,2,290
22830006703000,130,66,64,5798
22830006704000,76,36,40,3260.4
22830006705000,108,49,59,6112.8
22830006706000,382,180,202,16884.4
22830006707000,156,74,82,5631.6
22830006708000,23,13,10,703.8
22830006709000,34,13,21,1278.4
22830006710000,9,6,3,497.7
22830006712000,9,5,4,307.8
22830006713000,5,2,3,91
22830006728000,15,7,8,601.5
22830006729000,58,28,30,2789.8
22830006746000,16,6,10,985.6
22830006747000,271,126,145,12601.5
22830006748000,419,200,219,18394.1
22830006749000,82,44,38,3222.6
22830006750000,74,34,40,3848
22830006751000,58,28,30,2163.4
22830006752000,37,27,10,1779.7
22830006753000,279,136,143,13392
22830006754000,46,28,18,1674.4
22830006755000,82,39,43,3378.4
22830006756000,21,8,13,926.1
22830006757000,23,12,11,938.4
22830006758000,11,5,6,425.7
22830006759000,26,13,13,1001
22830006760000,38,22,16,1379.4
22830006761000,44,24,20,1606
22830006762000,26,11,15,988
22830006763000,49,27,22,1719.9
22830006764000,16,7,9,744
22830006765000,16,9,7,720
22830006766000,1,1,0,0
22830006837000,3,1,2,0
22830006843000,2,1,1,0
22830006862000,7,5,2,153.3
22830006863000,4,3,1,0
22830006880000,2,1,1,0
22830006889000,4,1,3,0
22830006890000,4,2,2,0
22830006912000,4,2,2,0
22830006913000,30,17,13,1272
22830006914000,13,8,5,796.9
22830006987000,126,60,66,5607
22830006988000,40,19,21,2216
22830006989000,6,3,3,322.2
22830007023000,5,2,3,305
22830007024000,54,29,25,1738.8
22830007025000,8,5,3,232
22830007034000,6,2,4,333
22830007036000,8,4,4,427.2
22830007037000,20,11,9,934
22830007039000,96,42,54,3609.6
22830007040000,34,19,15,1366.8
22830007041000,358,192,166,14069.4
22830007042000,50,26,24,2305
22830007053000,21,12,9,1176
22830007054000,1,1,0,0
22830007057000,8,3,5,288.8
22830007058000,11,5,6,388.3
22830007067000,235,105,130,13489
22830007068000,241,116,125,9953.3
22830007069000,98,45,53,4223.8
22830007070000,21,11,10,911.4
22830007071000,24,13,11,1008
22830007072000,18,10,8,658.8
22830007077000,2,0,2,0
22830007082000,2,1,1,0
22830007117000,11,7,4,589.6
22830007118000,5,2,3,124
22830007119000,13,7,6,525.2
22830007136000,7,4,3,368.9
22830007137000,112,59,53,4424
22830007138000,79,38,41,4621.5
22830007139000,4,2,2,0
22830007142000,4,3,1,0
22830007149000,17,8,9,462.4
22840006556000,238,123,115,10948
22840006557000,205,108,97,6703.5
22840006558000,16,9,7,476.8
22840006560000,1,1,0,0
22840006561000,8,6,2,464.8
22840006562000,57,35,22,2456.7
22840006563000,36,23,13,1472.4
22840006564000,15,7,8,466.5
22840006565000,22,11,11,880
22840006566000,28,12,16,1086.4
22840006567000,14,7,7,537.6
22840006568000,8,4,4,327.2
22840006569000,35,18,17,1190
22840006570000,9,5,4,510.3
22840006571000,4,2,2,0
22840006572000,10,4,6,421
22840006573000,16,7,9,566.4
22840006574000,16,8,8,684.8
22840006575000,1,1,0,0
22840006577000,2,1,1,0
22840006578000,57,28,29,2103.3
22840006579000,340,182,158,12002
22840006580000,226,121,105,8859.2
22840006581000,19,10,9,708.7
22840006582000,23,11,12,1071.8
22840006583000,9,4,5,538.2
22840006584000,3,2,1,0
22840006585000,9,5,4,324
22840006586000,53,31,22,2173
22840006587000,1,1,0,0
22840006588000,21,11,10,808.5
22840006589000,19,12,7,598.5
22840006590000,4,2,2,0
22840006591000,9,4,5,519.3
22840006592000,10,4,6,453
22840006593000,3,2,1,0
22840006595000,7,5,2,188.3
22840006596000,29,16,13,1183.2
22840006597000,32,16,16,1177.6
22840006598000,62,33,29,2101.8
22840006599000,48,23,25,1713.6
22840006600000,31,16,15,1205.9
22840006601000,48,27,21,1876.8
22840006602000,16,8,8,505.6
22840006603000,57,29,28,2211.6
22840006604000,30,10,20,1122
22840006605000,10,8,2,387
22840006606000,14,9,5,663.6
22840006607000,27,16,11,1339.2
22840006608000,6,2,4,153
22840006609000,240,111,129,9432
22840006610000,1545,764,781,61182
22840006611000,2253,1092,1161,92598.3
22840006612000,1931,978,953,76467.6
22840006613000,235,126,109,9940.5
22840006614000,20,12,8,702
22840006615000,7,4,3,420.7
22840006616000,8,3,5,212
22840006617000,4,2,2,0
22840006619000,2,0,2,0
22840006620000,32,19,13,1283.2
22840006624000,19,10,9,752.4
22840006625000,10,7,3,358
22840006626000,3,2,1,0
22840006627000,11,6,5,510.4
22840006628000,87,46,41,3532.2
22840006629000,9,5,4,403.2
22840006630000,77,39,38,3303.3
22840006631000,199,98,101,8198.8
22840006632000,20,11,9,920
22840006633000,5,3,2,121
22840006636000,9,6,3,334.8
22840006637000,16,8,8,715.2
22840006638000,713,362,351,25311.5
22840006639000,256,135,121,9753.6
22840006648000,314,160,154,11743.6
22840006649000,1085,545,540,43725.5
22840006650000,631,321,310,24104.2
22840006651000,354,167,187,13310.4
22840006653000,8,4,4,308
22840006655000,16,9,7,761.6
22840006656000,14,8,6,617.4
22840006658000,46,26,20,1439.8
22840006659000,28,14,14,1002.4
22840006660000,18,9,9,808.2
22840006661000,923,482,441,29628.3
22840006662000,67,32,35,2921.2
22840006663000,26,13,13,915.2
22840006664000,707,356,351,26653.9
22840006665000,1447,725,722,50066.2
22840006666000,1611,803,808,60895.8
22840006667000,288,148,140,10627.2
22840006668000,14,8,6,523.6
22840006669000,14,8,6,564.2
22840006670000,14,10,4,600.6
22840006671000,10,7,3,392
22840006672000,13,4,9,639.6
22840006673000,34,12,22,1288.6
22840006674000,107,50,57,4397.7
22840006675000,496,266,230,17756.8
22840006676000,13,7,6,475.8
22840006685000,6,3,3,325.8
22840006686000,7,2,5,315
22840006687000,44,22,22,1914
22840006688000,2,2,0,0
22840006695000,4,2,2,0
22840006702000,13,7,6,479.7
22840006703000,2,1,1,0
22840006704000,16,9,7,1009.6
22840006705000,73,33,40,2898.1
22840006706000,6,3,3,259.2
22840006710000,10,5,5,577
22840006716000,1,1,0,0
22840006728000,19,8,11,1071.6
22840006729000,48,25,23,2476.8
22840006746000,1019,519,500,45956.9
22840006747000,2842,1258,1584,133005.6
22840006748000,1764,867,897,79380
22840006749000,42,23,19,1776.6
22840006750000,27,11,16,1212.3
22840006751000,53,27,26,1786.1
22840006752000,384,199,185,13056
22840006753000,12,7,5,543.6
22840006754000,67,34,33,2659.9
22840006755000,130,74,56,4238
22840006756000,75,35,40,2985
22840006757000,25,11,14,930
22840006758000,19,12,7,646
22840006759000,1,1,0,0
22840006760000,36,21,15,1612.8
22840006761000,99,57,42,3752.1
22840006762000,16,12,4,640
22840006763000,4,2,2,0
22840006863000,1,0,1,0
22840006865000,2,2,0,0
22840006866000,11,5,6,490.6
22840006867000,1,1,0,0
22840006868000,1,0,1,0
22840006875000,3,2,1,0
22840006880000,2,1,1,0
22840006902000,2,1,1,0
22840006911000,5,4,1,224
22840006913000,10,6,4,463
22840006914000,55,30,25,2095.5
22840006915000,5,4,1,212
22840006916000,1,1,0,0
22840006917000,25,16,9,875
22840006927000,12,7,5,493.2
22840006928000,29,12,17,1093.3
22840006987000,88,43,45,3546.4
22840007026000,2,1,1,0
22840007038000,43,23,20,1268.5
22840007039000,28,15,13,1114.4
22840007040000,113,56,57,4011.5
22840007041000,63,35,28,2753.1
22840007053000,24,11,13,1281.6
22840007054000,43,23,20,1608.2
22840007067000,10,7,3,376
22840007068000,162,80,82,7030.8
22840007069000,112,55,57,4872
22840007070000,19,12,7,714.4
22840007071000,34,16,18,1217.2
22840007072000,55,29,26,2601.5
22840007073000,3,2,1,0
22840007078000,15,8,7,601.5
22840007079000,7,4,3,396.9
22840007121000,2,2,0,0
22840007136000,10,6,4,318
22840007137000,20,12,8,962
22840007149000,3,1,2,0
22850006556000,10,5,5,492
22850006557000,17,7,10,833
22850006558000,10,7,3,416
22850006559000,8,3,5,364.8
22850006560000,14,6,8,704.2
22850006561000,32,16,16,1184
22850006562000,23,11,12,788.9
22850006563000,44,21,23,1720.4
22850006564000,2,1,1,0
22850006566000,1,0,1,0
22850006567000,2,1,1,0
22850006568000,13,6,7,366.6
22850006569000,21,9,12,858.9
22850006570000,11,6,5,522.5
22850006571000,11,4,7,445.5
22850006572000,26,16,10,951.6
22850006573000,13,8,5,374.4
22850006574000,48,25,23,1804.8
22850006576000,3,2,1,0
22850006578000,7,3,4,303.1
22850006579000,51,27,24,2024.7
22850006580000,148,68,80,5446.4
22850006581000,33,18,15,1293.6
22850006582000,4,2,2,0
22850006583000,3,2,1,0
22850006584000,1,1,0,0
22850006586000,13,9,4,491.4
22850006587000,26,15,11,1133.6
22850006588000,71,37,34,2967.8
22850006592000,23,10,13,1069.5
22850006593000,2,1,1,0
22850006594000,19,11,8,786.6
22850006595000,2,1,1,0
22850006597000,5,2,3,137
22850006598000,9,5,4,466.2
22850006599000,20,10,10,742
22850006600000,11,4,7,396
22850006601000,14,5,9,474.6
22850006602000,81,47,34,2891.7
22850006603000,26,15,11,1170
22850006604000,3,2,1,0
22850006605000,9,4,5,405
22850006606000,27,16,11,1366.2
22850006607000,10,5,5,372
22850006608000,13,6,7,565.5
22850006609000,20,9,11,946
22850006610000,22,13,9,844.8
22850006611000,318,165,153,13038
22850006612000,592,290,302,23502.4
22850006613000,43,22,21,1947.9
22850006614000,30,17,13,1170
22850006615000,47,26,21,1922.3
22850006616000,9,5,4,411.3
22850006617000,3,1,2,0
22850006618000,10,5,5,381
22850006619000,6,4,2,247.2
22850006620000,8,5,3,395.2
22850006623000,1,1,0,0
22850006624000,14,9,5,607.6
22850006625000,23,12,11,690
22850006626000,26,11,15,936
22850006627000,7,4,3,301.7
22850006628000,28,17,11,1128.4
22850006629000,22,13,9,679.8
22850006630000,37,21,16,1768.6
22850006631000,3,2,1,0
22850006632000,22,12,10,875.6
22850006633000,52,29,23,1872
22850006634000,28,13,15,999.6
22850006635000,57,31,26,2388.3
22850006636000,52,29,23,2428.4
22850006637000,58,29,29,2598.4
22850006638000,62,32,30,2368.4
22850006646000,8,5,3,280.8
22850006647000,65,35,30,2327
22850006648000,175,87,88,7700
22850006649000,824,411,413,42353.6
22850006650000,1044,521,523,41342.4
22850006651000,865,439,426,28372
22850006652000,13,7,6,551.2
22850006654000,4,2,2,0
22850006655000,10,5,5,528
22850006656000,2,1,1,0
22850006658000,1070,542,528,34026
22850006659000,229,126,103,8587.5
22850006660000,1,1,0,0
22850006661000,31,16,15,1205.9
22850006662000,11,7,4,466.4
22850006663000,57,33,24,2223
22850006664000,222,112,110,8946.6
22850006665000,1824,864,960,71683.2
22850006666000,1260,621,639,45864
22850006667000,376,196,180,14325.6
22850006668000,40,22,18,1924
22850006669000,41,23,18,1348.9
22850006670000,33,18,15,1402.5
22850006671000,2,1,1,0
22850006672000,4,2,2,0
22850006673000,1,0,1,0
22850006674000,1159,610,549,39521.9
22850006675000,680,346,334,23392
22850006676000,7,4,3,266
22850006681000,1,0,1,0
22850006687000,5,3,2,280
22850006688000,12,5,7,375.6
22850006689000,3,2,1,0
22850006716000,1,1,0,0
22850006727000,1,0,1,0
22850006728000,44,24,20,1962.4
22850006729000,2,1,1,0
22850006746000,2452,1192,1260,115979.6
22850006747000,2230,1102,1128,87862
22850006748000,1586,784,802,65343.2
22850006749000,622,304,318,24133.6
22850006750000,102,55,47,3661.8
22850006751000,249,126,123,8142.3
22850006752000,204,104,100,6813.6
22850006753000,39,16,23,1739.4
22850006754000,237,119,118,9243
22850006755000,160,85,75,5312
22850006756000,10,5,5,371
22850006757000,13,7,6,738.4
22850006758000,13,6,7,621.4
22850006760000,23,14,9,885.5
22850006761000,52,27,25,1658.8
22850006762000,19,12,7,739.1
22850006763000,4,2,2,0
22850006877000,1,0,1,0
22850006915000,11,7,4,597.3
22850006916000,2,1,1,0
22850006917000,18,8,10,628.2
22850006918000,28,17,11,1092
22850006925000,7,3,4,217
22850006926000,18,7,11,531
22850006927000,35,22,13,1683.5
22850006928000,10,6,4,496
22850006977000,2,1,1,0
22850006986000,9,7,2,432.9
22850007038000,27,16,11,1050.3
22850007039000,31,16,15,1258.6
22850007040000,177,90,87,7044.6
22850007041000,130,59,71,4914
22850007053000,21,12,9,1140.3
22850007054000,50,27,23,2000
22850007055000,47,24,23,1851.8
22850007056000,31,14,17,1100.5
22850007057000,30,13,17,1338
22850007068000,33,19,14,1587.3
22850007069000,32,19,13,1244.8
22850007070000,1,1,0,0
22850007071000,12,7,5,570
22850007072000,43,21,22,1307.2
22850007084000,1,1,0,0
22850007135000,1,1,0,0
22850007136000,7,4,3,188.3
22850007153000,2,1,1,0
22860006556000,2,2,0,0
22860006557000,31,16,15,1354.7
22860006558000,84,37,47,3301.2
22860006560000,7,4,3,343.7
22860006561000,38,22,16,1451.6
22860006562000,21,12,9,1037.4
22860006563000,16,7,9,564.8
22860006564000,8,4,4,359.2
22860006565000,3,2,1,0
22860006569000,20,9,11,950
22860006570000,4,2,2,0
22860006571000,16,8,8,761.6
22860006574000,6,3,3,250.8
22860006575000,5,3,2,166
22860006576000,1,1,0,0
22860006578000,9,4,5,396.9
22860006580000,5,3,2,291
22860006581000,6,3,3,295.8
22860006582000,10,5,5,418
22860006585000,8,6,2,216
22860006586000,4,2,2,0
22860006587000,9,5,4,426.6
22860006588000,15,6,9,640.5
22860006589000,11,4,7,462
22860006590000,20,8,12,666
22860006591000,1,1,0,0
22860006592000,18,9,9,660.6
22860006593000,10,5,5,395
22860006594000,22,12,10,976.8
22860006595000,20,13,7,864
22860006597000,13,8,5,507
22860006598000,1,0,1,0
22860006599000,8,2,6,280.8
22860006600000,35,19,16,1585.5
22860006601000,13,8,5,434.2
22860006602000,5,1,4,163
22860006603000,5,2,3,209
22860006604000,5,3,2,352
22860006605000,29,15,14,1110.7
22860006606000,21,11,10,1020.6
22860006607000,19,10,9,644.1
22860006608000,1,1,0,0
22860006609000,18,9,9,698.4
22860006610000,29,20,9,1041.1
22860006611000,21,11,10,966
22860006612000,4,2,2,0
22860006613000,2,1,1,0
22860006614000,7,4,3,413
22860006615000,43,25,18,1844.7
22860006616000,7,4,3,233.8
22860006617000,8,4,4,383.2
22860006618000,15,7,8,424.5
22860006619000,2,1,1,0
22860006620000,18,12,6,905.4
22860006621000,5,3,2,279
22860006622000,20,14,6,872
22860006623000,4,2,2,0
22860006624000,22,11,11,906.4
22860006625000,22,10,12,657.8
22860006626000,14,6,8,625.8
22860006627000,8,3,5,334.4
22860006628000,11,7,4,491.7
22860006629000,8,5,3,404.8
22860006630000,23,11,12,897
22860006632000,2,1,1,0
22860006633000,7,2,5,223.3
22860006634000,31,15,16,1407.4
22860006635000,31,19,12,1171.8
22860006636000,11,5,6,488.4
22860006637000,3,2,1,0
22860006644000,5,3,2,246
22860006645000,16,8,8,710.4
22860006646000,49,22,27,1871.8
22860006647000,53,31,22,2289.6
22860006648000,761,394,367,27852.6
22860006649000,426,224,202,16486.2
22860006650000,47,26,21,1776.6
22860006651000,7,4,3,298.2
22860006652000,15,7,8,591
22860006653000,3,2,1,0
22860006658000,6,3,3,184.8
22860006659000,134,64,70,5440.4
22860006660000,58,34,24,1902.4
22860006661000,17,11,6,601.8
22860006662000,8,3,5,330.4
22860006663000,3,1,2,0
22860006664000,10,6,4,496
22860006665000,122,64,58,4465.2
22860006666000,79,45,34,3325.9
22860006667000,42,22,20,1873.2
22860006668000,26,12,14,928.2
22860006669000,25,12,13,1025
22860006671000,14,5,9,504
22860006672000,211,99,112,8292.3
22860006673000,1403,645,758,61451.4
22860006674000,940,513,427,34874
22860006678000,8,4,4,431.2
22860006679000,18,8,10,772.2
22860006680000,31,13,18,1258.6
22860006681000,18,12,6,711
22860006682000,57,32,25,2268.6
22860006683000,96,54,42,3187.2
22860006689000,2,0,2,0
22860006690000,16,9,7,395.2
22860006691000,8,5,3,484
22860006727000,31,14,17,1143.9
22860006728000,5,3,2,351
22860006740000,4,2,2,0
22860006741000,5,2,3,91
22860006742000,18,11,7,664.2
22860006743000,178,89,89,7333.6
22860006744000,122,59,63,5063
22860006745000,197,81,116,10460.7
22860006746000,2652,1325,1327,113240.4
22860006747000,2135,1041,1094,89243
22860006748000,725,355,370,31030
22860006749000,392,197,195,16111.2
22860006750000,153,80,73,6303.6
22860006751000,37,21,16,1324.6
22860006752000,24,11,13,1036.8
22860006753000,44,21,23,1544.4
22860006754000,75,40,35,3097.5
22860006755000,16,9,7,612.8
22860006756000,35,20,15,1631
22860006762000,2,2,0,0
22860006821000,5,3,2,305
22860006883000,9,5,4,378.9
22860006909000,1,1,0,0
22860006917000,15,5,10,459
22860006918000,23,14,9,966
22860006919000,2,2,0,0
22860006925000,1,1,0,0
22860006926000,47,26,21,1621.5
22860006927000,96,45,51,3705.6
22860006928000,3,2,1,0
22860006987000,5,2,3,264
22860007039000,8,3,5,319.2
22860007040000,43,22,21,1930.7
22860007041000,10,5,5,226
22860007054000,10,5,5,406
22860007055000,67,34,33,2525.9
22860007056000,25,13,12,1105
22860007057000,34,18,16,1669.4
22860007058000,26,16,10,1019.2
22860007069000,34,18,16,1451.8
22860007070000,19,8,11,813.2
22860007072000,6,3,3,67.2
22860007077000,4,2,2,0
22860007099000,3,1,2,0
22860007134000,40,25,15,1608
22860007135000,6,3,3,274.8
22860007136000,8,4,4,159.2
22870006557000,9,4,5,594
22870006558000,2,1,1,0
22870006559000,50,29,21,1955
22870006560000,22,9,13,770
22870006561000,13,11,2,564.2
22870006562000,12,5,7,580.8
22870006563000,6,3,3,399
22870006564000,7,4,3,494.9
22870006565000,17,8,9,579.7
22870006569000,7,5,2,284.2
22870006570000,11,4,7,409.2
22870006575000,5,4,1,215
22870006576000,7,5,2,210
22870006577000,7,3,4,301
22870006578000,9,5,4,442.8
22870006582000,13,6,7,483.6
22870006583000,9,6,3,288.9
22870006584000,24,13,11,703.2
22870006588000,5,3,2,303
22870006589000,17,6,11,499.8
22870006593000,10,7,3,431
22870006594000,5,3,2,219
22870006595000,35,15,20,1067.5
22870006596000,19,9,10,663.1
22870006597000,17,9,8,479.4
22870006598000,47,25,22,1978.7
22870006599000,15,8,7,777
22870006600000,50,27,23,2185
22870006601000,6,2,4,247.2
22870006602000,11,5,6,379.5
22870006603000,7,4,3,317.1
22870006604000,14,8,6,681.8
22870006605000,28,15,13,1442
22870006606000,7,3,4,357.7
22870006607000,9,3,6,314.1
22870006608000,6,4,2,343.2
22870006609000,9,6,3,360
22870006610000,32,17,15,1225.6
22870006611000,5,3,2,326
22870006613000,23,12,11,864.8
22870006614000,8,3,5,318.4
22870006615000,7,4,3,333.2
22870006616000,46,21,25,1881.4
22870006617000,63,35,28,2797.2
22870006618000,52,26,26,1575.6
22870006619000,2,1,1,0
22870006620000,8,3,5,340.8
22870006621000,2,1,1,0
22870006626000,3,1,2,0
22870006630000,10,4,6,412
22870006631000,5,2,3,162
22870006642000,2,1,1,0
22870006643000,6,2,4,381
22870006644000,67,30,37,2639.8
22870006645000,55,31,24,2502.5
22870006646000,2,1,1,0
22870006648000,92,41,51,3505.2
22870006649000,723,356,367,24871.2
22870006650000,345,191,154,13938
22870006651000,38,21,17,1953.2
22870006652000,18,8,10,824.4
22870006653000,16,10,6,659.2
22870006655000,3,2,1,0
22870006658000,25,13,12,1225
22870006659000,26,15,11,956.8
22870006660000,71,38,33,3344.1
22870006661000,26,17,9,1180.4
22870006662000,14,8,6,561.4
22870006663000,23,14,9,1002.8
22870006664000,3,1,2,0
22870006665000,11,7,4,564.3
22870006666000,35,21,14,1228.5
22870006667000,15,9,6,463.5
22870006668000,19,10,9,619.4
22870006669000,9,5,4,243.9
22870006672000,1642,838,804,60425.6
22870006673000,2906,1452,1454,129026.4
22870006674000,2471,1244,1227,96616.1
22870006675000,375,176,199,15262.5
22870006676000,240,131,109,8928
22870006677000,9,7,2,405.9
22870006678000,59,34,25,2938.2
22870006679000,16,10,6,486.4
22870006680000,31,18,13,1162.5
22870006681000,44,26,18,1632.4
22870006682000,97,47,50,3957.6
22870006683000,969,484,485,29942.1
22870006684000,71,39,32,2875.5
22870006685000,1,1,0,0
22870006688000,747,381,366,23605.2
22870006689000,1881,941,940,72230.4
22870006690000,287,134,153,13058.5
22870006691000,204,109,95,8364
22870006692000,62,31,31,2343.6
22870006702000,3,1,2,0
22870006711000,11,6,5,548.9
22870006712000,25,14,11,882.5
22870006713000,12,6,6,406.8
22870006734000,2,1,1,0
22870006736000,2,2,0,0
22870006737000,2,2,0,0
22870006739000,9,4,5,595.8
22870006740000,19,10,9,718.2
22870006741000,9,4,5,442.8
22870006742000,83,45,38,3079.3
22870006743000,952,467,485,38175.2
22870006744000,600,307,293,23040
22870006745000,263,131,132,12913.3
22870006746000,1808,895,913,75393.6
22870006747000,662,334,328,25884.2
22870006748000,1000,489,511,38600
22870006749000,158,79,79,6446.4
22870006750000,87,51,36,3245.1
22870006751000,10,6,4,384
22870006752000,17,9,8,547.4
22870006753000,24,15,9,1089.6
22870006754000,29,12,17,1508
22870006755000,32,16,16,1660.8
22870006756000,10,6,4,485
22870006757000,5,2,3,239
22870006820000,1,1,0,0
22870006821000,10,5,5,640
22870006830000,4,1,3,0
22870006831000,27,13,14,1177.2
22870006832000,21,12,9,1276.8
22870006833000,3,2,1,0
22870006834000,25,12,13,1127.5
22870006882000,2,0,2,0
22870006909000,2,0,2,0
22870006910000,1,1,0,0
22870006918000,65,36,29,2210
22870006919000,20,9,11,826
22870006922000,1,0,1,0
22870006924000,3,2,1,0
22870006926000,30,12,18,1035
22870006927000,35,19,16,1596
22870006928000,39,22,17,1622.4
22870006929000,3,1,2,0
22870006930000,3,1,2,0
22870006987000,4,4,0,0
22870006988000,7,3,4,238
22870007020000,9,6,3,469.8
22870007028000,6,3,3,253.8
22870007029000,5,2,3,224
22870007031000,2,1,1,0
22870007039000,153,89,64,4880.7
22870007040000,638,328,310,23095.6
22870007055000,13,5,8,617.5
22870007056000,70,35,35,3185
22870007057000,43,24,19,2248.9
22870007058000,166,81,85,5677.2
22870007059000,81,37,44,3701.7
22870007060000,3,2,1,0
22870007069000,4,3,1,0
22870007070000,31,15,16,1435.3
22870007079000,4,2,2,0
22870007080000,3,1,2,0
22870007085000,6,3,3,301.8
22870007133000,23,14,9,1193.7
22870007134000,23,12,11,924.6
22870007153000,4,2,2,0
22880006558000,471,250,221,18934.2
22880006559000,264,141,123,10454.4
22880006560000,2,1,1,0
22880006561000,10,6,4,309
22880006562000,12,8,4,540
22880006565000,6,2,4,330
22880006566000,5,3,2,254
22880006567000,3,1,2,0
22880006568000,10,8,2,319
22880006569000,28,16,12,938
22880006570000,6,3,3,178.2
22880006577000,15,9,6,673.5
22880006579000,7,4,3,284.9
22880006584000,15,9,6,634.5
22880006585000,12,6,6,422.4
22880006586000,21,11,10,808.5
22880006587000,14,7,7,438.2
22880006588000,5,2,3,139
22880006589000,1,1,0,0
22880006590000,5,4,1,137
22880006592000,6,2,4,106.8
22880006593000,12,6,6,445.2
22880006594000,21,11,10,396.9
22880006595000,24,12,12,998.4
22880006596000,7,4,3,275.1
22880006597000,4,2,2,0
22880006598000,33,17,16,1135.2
22880006599000,33,18,15,1211.1
22880006600000,20,8,12,824
22880006601000,24,13,11,847.2
22880006602000,24,13,11,1046.4
22880006603000,35,15,20,1382.5
22880006604000,13,7,6,369.2
22880006605000,8,4,4,456.8
22880006606000,13,9,4,678.6
22880006607000,23,13,10,1133.9
22880006608000,6,4,2,175.2
22880006609000,24,16,8,876
22880006610000,203,113,90,8140.3
22880006611000,164,87,77,6609.2
22880006612000,32,17,15,1296
22880006613000,7,2,5,277.9
22880006614000,7,4,3,287
22880006615000,3,2,1,0
22880006616000,4,2,2,0
22880006617000,11,4,7,474.1
22880006620000,4,1,3,0
22880006622000,4,1,3,0
22880006639000,24,15,9,900
22880006640000,46,22,24,2060.8
22880006641000,31,15,16,1912.7
22880006642000,46,23,23,1780.2
22880006643000,123,66,57,4747.8
22880006644000,159,85,74,6487.2
22880006648000,6,4,2,202.8
22880006649000,65,37,28,3009.5
22880006650000,106,52,54,4049.2
22880006651000,78,43,35,2823.6
22880006652000,18,10,8,813.6
22880006653000,169,90,79,6303.7
22880006654000,10,6,4,480
22880006655000,3,1,2,0
22880006656000,8,5,3,274.4
22880006657000,7,3,4,261.8
22880006658000,25,13,12,1230
22880006659000,49,25,24,2033.5
22880006660000,42,22,20,1503.6
22880006661000,21,13,8,705.6
22880006665000,4,2,2,0
22880006666000,10,6,4,576
22880006667000,36,18,18,1162.8
22880006668000,15,8,7,540
22880006669000,15,7,8,676.5
22880006670000,2,1,1,0
22880006672000,1537,755,782,49337.7
22880006673000,1937,954,983,72831.2
22880006674000,753,377,376,28388.1
22880006675000,2027,1017,1010,66688.3
22880006678000,7,4,3,287.7
22880006679000,4,3,1,0
22880006681000,4,2,2,0
22880006683000,8,6,2,244.8
22880006684000,144,85,59,5947.2
22880006685000,47,30,17,1771.9
22880006686000,75,40,35,3307.5
22880006687000,1482,722,760,51721.8
22880006688000,1114,559,555,46453.8
22880006689000,713,357,356,32441.5
22880006690000,58,34,24,2233
22880006691000,102,45,57,4579.8
22880006692000,48,27,21,1636.8
22880006693000,5,3,2,158
22880006694000,5,2,3,163
22880006695000,1,1,0,0
22880006710000,30,14,16,1269
22880006711000,241,121,120,10917.3
22880006712000,166,85,81,6573.6
22880006713000,15,8,7,700.5
22880006723000,2,1,1,0
22880006733000,17,9,8,831.3
22880006734000,17,8,9,916.3
22880006735000,21,10,11,751.8
22880006736000,11,6,5,289.3
22880006737000,33,14,19,1537.8
22880006738000,122,63,59,4416.4
22880006739000,40,19,21,1460
22880006740000,44,19,25,1610.4
22880006741000,7,3,4,256.9
22880006742000,37,18,19,1565.1
22880006743000,824,404,420,31971.2
22880006744000,1508,721,787,65145.6
22880006745000,508,232,276,22301.2
22880006746000,88,44,44,3502.4
22880006747000,80,45,35,2880
22880006748000,62,35,27,2238.2
22880006749000,45,25,20,1386
22880006750000,41,23,18,1553.9
22880006751000,6,3,3,249
22880006752000,30,17,13,1374
22880006753000,11,6,5,463.1
22880006754000,42,22,20,1780.8
22880006757000,5,2,3,72
22880006818000,6,3,3,169.8
22880006819000,7,3,4,347.2
22880006820000,14,7,7,611.8
22880006821000,22,10,12,1089
22880006823000,1,0,1,0
22880006828000,2,1,1,0
22880006829000,9,5,4,538.2
22880006830000,44,21,23,2204.4
22880006831000,37,19,18,1883.3
22880006832000,47,27,20,2688.4
22880006833000,9,5,4,333
22880006834000,3,2,1,0
22880006835000,8,3,5,336
22880006879000,1,1,0,0
22880006920000,13,7,6,431.6
22880006924000,19,10,9,558.6
22880006925000,10,3,7,291
22880006926000,3,0,3,0
22880006927000,4,1,3,0
22880006930000,9,6,3,403.2
22880006931000,6,3,3,204
22880006988000,7,3,4,254.8
22880007028000,1,1,0,0
22880007031000,13,6,7,651.3
22880007032000,6,4,2,232.8
22880007033000,23,12,11,1255.8
22880007034000,36,18,18,1382.4
22880007035000,11,6,5,453.2
22880007038000,6,4,2,277.2
22880007039000,744,373,371,23361.6
22880007040000,765,402,363,21649.5
22880007056000,28,14,14,1374.8
22880007057000,75,43,32,2865
22880007058000,407,178,229,18030.1
22880007059000,41,23,18,1869.6
22880007060000,28,13,15,921.2
22880007061000,9,5,4,338.4
22880007070000,5,2,3,74
22880007085000,13,4,9,500.5
22880007087000,1,1,0,0
22880007131000,15,9,6,681
22880007132000,27,19,8,990.9
22880007133000,2,1,1,0
22880007147000,1,1,0,0
22880007149000,2,1,1,0
22880007152000,7,3,4,219.1
22880007153000,15,9,6,859.5
22890006558000,38,19,19,1523.8
22890006559000,59,28,31,2183
22890006560000,14,11,3,526.4
22890006561000,10,5,5,576
22890006562000,7,3,4,287.7
22890006563000,19,7,12,839.8
22890006564000,5,3,2,333
22890006566000,16,10,6,478.4
22890006567000,27,14,13,1298.7
22890006568000,11,6,5,387.2
22890006569000,7,3,4,203
22890006573000,9,6,3,207.9
22890006575000,9,5,4,431.1
22890006576000,3,2,1,0
22890006582000,6,1,5,282
22890006585000,4,3,1,0
22890006586000,12,6,6,540
22890006587000,12,5,7,357.6
22890006588000,14,10,4,771.4
22890006593000,11,5,6,424.6
22890006594000,23,16,7,880.9
22890006595000,19,10,9,642.2
22890006596000,10,6,4,417
22890006597000,20,13,7,746
22890006598000,29,13,16,986
22890006599000,11,6,5,474.1
22890006600000,11,6,5,581.9
22890006601000,22,10,12,721.6
22890006602000,22,11,11,1053.8
22890006603000,12,7,5,349.2
22890006604000,28,17,11,960.4
22890006605000,17,9,8,639.2
22890006606000,16,11,5,524.8
22890006608000,4,2,2,0
22890006609000,8,4,4,282.4
22890006610000,160,80,80,7168
22890006611000,312,163,149,12854.4
22890006612000,21,13,8,982.8
22890006613000,17,9,8,612
22890006614000,5,3,2,210
22890006615000,1,1,0,0
22890006618000,18,10,8,671.4
22890006619000,1,1,0,0
22890006620000,5,2,3,253
22890006621000,15,9,6,433.5
22890006622000,19,7,12,678.3
22890006623000,19,14,5,847.4
22890006624000,19,12,7,792.3
22890006625000,10,4,6,483
22890006626000,5,2,3,129
22890006627000,2,2,0,0
22890006629000,5,3,2,142
22890006630000,14,6,8,484.4
22890006631000,9,5,4,378.9
22890006632000,6,5,1,331.2
22890006633000,12,8,4,483.6
22890006634000,21,12,9,942.9
22890006635000,14,9,5,518
22890006637000,2,1,1,0
22890006638000,20,14,6,588
22890006639000,20,11,9,780
22890006640000,58,33,25,2795.6
22890006641000,137,71,66,5438.9
22890006642000,18,8,10,709.2
22890006643000,231,114,117,8824.2
22890006644000,312,166,146,10140
22890006650000,8,5,3,308
22890006651000,11,6,5,556.6
22890006653000,26,12,14,1066
22890006654000,93,47,46,3710.7
22890006655000,832,400,432,28537.6
22890006656000,164,75,89,5658
22890006657000,11,6,5,386.1
22890006658000,5,3,2,181
22890006659000,640,334,306,25088
22890006660000,107,58,49,4162.3
22890006661000,14,8,6,511
22890006662000,12,7,5,471.6
22890006663000,8,3,5,495.2
22890006664000,6,3,3,361.2
22890006665000,36,22,14,1483.2
22890006666000,13,7,6,600.6
22890006667000,123,70,53,5202.9
22890006668000,1141,575,566,37767.1
22890006669000,22,13,9,1258.4
22890006671000,45,25,20,1845
22890006672000,1356,688,668,45561.6
22890006673000,339,176,163,12712.5
22890006674000,6,3,3,261
22890006675000,2,1,1,0
22890006676000,24,11,13,840
22890006677000,10,5,5,412
22890006678000,61,33,28,2196
22890006679000,1,1,0,0
22890006683000,28,13,15,1125.6
22890006684000,530,271,259,18391
22890006685000,1208,626,582,39984.8
22890006686000,779,394,385,26719.7
22890006687000,1789,931,858,67982
22890006688000,575,281,294,24610
22890006689000,254,137,117,10134.6
22890006690000,242,131,111,9365.4
22890006691000,64,35,29,2758.4
22890006692000,71,39,32,2747.7
22890006693000,252,117,135,11289.6
22890006694000,197,94,103,6579.8
22890006695000,24,10,14,801.6
22890006696000,5,3,2,209
22890006697000,1,1,0,0
22890006699000,2,1,1,0
22890006701000,7,4,3,182
22890006702000,11,8,3,453.2
22890006703000,1,1,0,0
22890006709000,7,4,3,294
22890006710000,29,17,12,1020.8
22890006711000,9,5,4,369.9
22890006712000,8,4,4,224
22890006713000,83,41,42,3768.2
22890006714000,24,13,11,996
22890006718000,7,5,2,209.3
22890006719000,9,5,4,284.4
22890006722000,3,2,1,0
22890006729000,2,1,1,0
22890006731000,7,3,4,373.1
22890006732000,9,6,3,407.7
22890006733000,23,12,11,979.8
22890006734000,6,3,3,301.2
22890006735000,26,15,11,806
22890006736000,92,41,51,3164.8
22890006737000,44,23,21,1896.4
22890006738000,23,13,10,1166.1
22890006739000,139,67,72,4559.2
22890006740000,221,97,124,8110.7
22890006741000,18,9,9,660.6
22890006742000,66,31,35,2593.8
22890006743000,1730,864,866,68854
22890006744000,304,147,157,12859.2
22890006745000,17,9,8,635.8
22890006746000,882,418,464,33780.6
22890006747000,1163,541,622,49776.4
22890006748000,69,41,28,2801.4
22890006749000,456,234,222,17419.2
22890006750000,149,78,71,6332.5
22890006751000,37,22,15,1487.4
22890006752000,23,13,10,844.1
22890006753000,13,7,6,527.8
22890006754000,49,25,24,1950.2
22890006755000,52,27,25,2043.6
22890006756000,7,4,3,317.1
22890006816000,11,5,6,665.5
22890006817000,1,0,1,0
22890006818000,7,2,5,291.9
22890006824000,24,12,12,1219.2
22890006825000,3,2,1,0
22890006826000,3,2,1,0
22890006827000,12,6,6,466.8
22890006828000,21,9,12,825.3
22890006829000,5,2,3,108
22890006830000,4,2,2,0
22890006831000,31,18,13,1460.1
22890006832000,213,120,93,9137.7
22890006833000,307,150,157,13139.6
22890006834000,66,35,31,2785.2
22890006835000,6,3,3,135
22890006876000,2,2,0,0
22890006908000,2,1,1,0
22890006917000,7,3,4,231
22890006922000,4,3,1,0
22890006923000,15,9,6,568.5
22890006924000,5,3,2,337
22890006927000,9,6,3,331.2
22890007028000,5,3,2,113
22890007030000,22,15,7,917.4
22890007032000,52,27,25,2163.2
22890007033000,3,3,0,0
22890007034000,1,0,1,0
22890007035000,10,7,3,404
22890007036000,78,40,38,3057.6
22890007037000,115,56,59,3910
22890007038000,247,139,108,9633
22890007039000,488,253,235,17226.4
22890007040000,8,6,2,299.2
22890007047000,9,6,3,493.2
22890007048000,32,15,17,1449.6
22890007049000,21,10,11,814.8
22890007050000,44,16,28,1377.2
22890007051000,18,6,12,482.4
22890007055000,13,6,7,669.5
22890007056000,59,28,31,1994.2
22890007057000,75,42,33,2962.5
22890007058000,100,51,49,4360
22890007059000,53,25,28,2263.1
22890007060000,5,4,1,180
22890007061000,29,13,16,1154.2
22890007062000,25,15,10,1107.5
22890007070000,12,7,5,460.8
22890007071000,7,5,2,329.7
22890007072000,6,3,3,102
22890007080000,4,2,2,0
22890007086000,5,3,2,284
22890007130000,17,9,8,885.7
22890007131000,1,1,0,0
22890007147000,3,1,2,0
22900006559000,23,15,8,1009.7
22900006560000,47,27,20,1950.5
22900006561000,42,26,16,1638
22900006562000,8,4,4,388
22900006563000,3,2,1,0
22900006564000,17,10,7,836.4
22900006565000,24,12,12,1132.8
22900006566000,22,13,9,1001
22900006567000,44,22,22,1680.8
22900006568000,11,5,6,493.9
22900006569000,2,1,1,0
22900006570000,3,2,1,0
22900006572000,1,1,0,0
22900006575000,3,1,2,0
22900006581000,7,4,3,293.3
22900006584000,1,0,1,0
22900006585000,12,8,4,386.4
22900006586000,11,6,5,314.6
22900006587000,22,11,11,895.4
22900006588000,31,16,15,1100.5
22900006589000,16,10,6,761.6
22900006590000,6,2,4,145.8
22900006592000,4,2,2,0
22900006593000,60,30,30,2352
22900006594000,16,10,6,817.6
22900006595000,18,10,8,885.6
22900006596000,9,3,6,416.7
22900006597000,4,4,0,0
22900006598000,16,8,8,779.2
22900006599000,7,2,5,361.2
22900006600000,15,7,8,658.5
22900006601000,4,3,1,0
22900006602000,58,28,30,2668
22900006603000,92,45,47,3753.6
22900006604000,13,8,5,591.5
22900006605000,41,28,13,1406.3
22900006606000,56,31,25,2245.6
22900006608000,18,10,8,653.4
22900006609000,104,27,77,8132.8
22900006610000,1,0,1,0
22900006611000,11,7,4,493.9
22900006612000,7,4,3,294.7
22900006613000,7,4,3,382.2
22900006614000,7,5,2,254.8
22900006615000,26,15,11,1008.8
22900006616000,11,5,6,460.9
22900006617000,25,14,11,967.5
22900006618000,15,8,7,568.5
22900006619000,23,10,13,890.1
22900006620000,20,8,12,596
22900006621000,11,7,4,346.5
22900006622000,26,13,13,819
22900006623000,14,6,8,586.6
22900006624000,19,10,9,556.7
22900006625000,18,11,7,523.8
22900006626000,12,6,6,525.6
22900006627000,11,5,6,629.2
22900006628000,26,11,15,985.4
22900006629000,10,7,3,361
22900006630000,6,4,2,358.2
22900006631000,18,11,7,975.6
22900006632000,32,14,18,1321.6
22900006633000,43,24,19,1836.1
22900006634000,77,45,32,3303.3
22900006635000,27,18,9,1007.1
22900006637000,2,1,1,0
22900006638000,2,1,1,0
22900006639000,24,12,12,744
22900006640000,12,5,7,573.6
22900006641000,15,10,5,720
22900006642000,28,16,12,1086.4
22900006643000,74,42,32,2989.6
22900006644000,12,6,6,513.6
22900006653000,372,179,193,11643.6
22900006654000,1409,700,709,52273.9
22900006655000,1694,793,901,75213.6
22900006656000,165,76,89,6138
22900006657000,45,24,21,1953
22900006658000,54,27,27,2219.4
22900006659000,274,144,130,10987.4
22900006660000,38,21,17,1637.8
22900006661000,18,9,9,914.4
22900006663000,37,22,15,1657.6
22900006666000,4,1,3,0
22900006667000,28,14,14,1086.4
22900006668000,21,14,7,1155
22900006669000,6,3,3,409.2
22900006670000,14,7,7,593.6
22900006671000,21,10,11,819
22900006672000,1370,700,670,45073
22900006673000,509,260,249,17153.3
22900006674000,8,4,4,208.8
22900006676000,50,23,27,1990
22900006677000,89,48,41,3827
22900006681000,8,4,4,296.8
22900006682000,2,1,1,0
22900006683000,22,9,13,1075.8
22900006684000,590,300,290,19588
22900006685000,810,419,391,28755
22900006686000,101,54,47,3827.9
22900006687000,49,27,22,1945.3
22900006688000,20,7,13,828
22900006689000,30,17,13,1596
22900006690000,63,30,33,2142
22900006691000,29,16,13,1261.5
22900006692000,38,17,21,1736.6
22900006693000,624,312,312,24523.2
22900006694000,368,177,191,12070.4
22900006695000,50,22,28,1970
22900006696000,21,9,12,791.7
22900006697000,18,9,9,707.4
22900006698000,32,16,16,1443.2
22900006699000,17,9,8,737.8
22900006700000,241,127,114,10025.6
22900006701000,99,51,48,4118.4
22900006702000,79,43,36,3167.9
22900006703000,42,22,20,2129.4
22900006706000,25,14,11,1072.5
22900006707000,17,8,9,790.5
22900006708000,30,15,15,1032
22900006709000,4,3,1,0
22900006714000,23,13,10,1271.9
22900006715000,22,13,9,1113.2
22900006716000,10,6,4,460
22900006717000,44,18,26,1896.4
22900006718000,17,9,8,525.3
22900006719000,44,25,19,1988.8
22900006720000,5,2,3,177
22900006726000,1,1,0,0
22900006732000,2,0,2,0
22900006733000,17,12,5,754.8
22900006734000,19,9,10,723.9
22900006735000,100,52,48,3800
22900006736000,26,14,12,1068.6
22900006737000,21,10,11,814.8
22900006738000,22,10,12,849.2
22900006739000,10,6,4,423
22900006740000,7,3,4,280
22900006741000,71,47,24,2804.5
22900006742000,307,166,141,11297.6
22900006743000,221,123,98,7491.9
22900006744000,103,58,45,3615.3
22900006745000,662,347,315,25023.6
22900006746000,337,171,166,13884.4
22900006747000,246,131,115,9471
22900006748000,253,119,134,12397
22900006749000,258,114,144,9958.8
22900006750000,117,56,61,4270.5
22900006751000,5,3,2,222
22900006752000,28,17,11,1380.4
22900006753000,29,14,15,1041.1
22900006754000,12,3,9,561.6
22900006755000,75,37,38,2827.5
22900006815000,7,4,3,438.2
22900006816000,29,16,13,951.2
22900006817000,2,1,1,0
22900006818000,5,3,2,182
22900006824000,9,4,5,470.7
22900006825000,15,9,6,334.5
22900006826000,7,3,4,385.7
22900006827000,1,1,0,0
22900006828000,1,0,1,0
22900006829000,10,6,4,286
22900006830000,19,10,9,868.3
22900006831000,10,5,5,346
22900006832000,405,182,223,18306
22900006833000,206,96,110,10876.8
22900006835000,5,2,3,104
22900006875000,4,3,1,0
22900006905000,1,0,1,0
22900006921000,6,3,3,199.2
22900006922000,9,5,4,412.2
22900006923000,8,4,4,427.2
22900006926000,13,6,7,627.9
22900006927000,7,6,1,282.1
22900006988000,13,6,7,631.8
22900006989000,6,3,3,262.8
22900007022000,1,1,0,0
22900007028000,13,7,6,592.8
22900007029000,75,36,39,3255
22900007032000,2,1,1,0
22900007036000,9,6,3,146.7
22900007037000,623,317,306,24670.8
22900007038000,909,440,469,42177.6
22900007039000,321,163,158,11620.2
22900007040000,16,7,9,972.8
22900007045000,8,4,4,472.8
22900007046000,52,28,24,2459.6
22900007047000,60,32,28,2334
22900007048000,60,31,29,2064
22900007049000,48,23,25,1756.8
22900007050000,47,24,23,2138.5
22900007051000,18,9,9,801
22900007052000,23,13,10,731.4
22900007056000,10,6,4,332
22900007057000,113,51,62,3830.7
22900007058000,25,12,13,885
22900007059000,5,2,3,251
22900007060000,6,5,1,174
22900007061000,10,4,6,649
22900007062000,30,17,13,918
22900007071000,9,4,5,361.8
22900007072000,3,1,2,0
22900007130000,14,8,6,953.4
22900007131000,6,4,2,286.2
22900007150000,3,2,1,0
22900007151000,4,2,2,0
22900007152000,1,1,0,0
22910006558000,138,74,64,6596.4
22910006559000,401,204,197,16160.3
22910006560000,1256,633,623,50742.4
22910006561000,209,108,101,9196
22910006562000,4,2,2,0
22910006563000,14,7,7,376.6
22910006564000,8,5,3,424
22910006565000,9,6,3,318.6
22910006566000,17,10,7,644.3
22910006567000,8,5,3,390.4
22910006568000,1,0,1,0
22910006570000,9,6,3,394.2
22910006571000,9,5,4,420.3
22910006572000,5,3,2,180
22910006573000,5,3,2,189
22910006574000,2,1,1,0
22910006575000,4,3,1,0
22910006576000,12,7,5,513.6
22910006583000,4,2,2,0
22910006584000,4,3,1,0
22910006585000,9,5,4,411.3
22910006587000,5,1,4,110
22910006589000,10,6,4,441
22910006590000,22,14,8,985.6
22910006591000,12,3,9,343.2
22910006592000,26,14,12,951.6
22910006593000,208,103,105,7488
22910006594000,839,414,425,33560
22910006595000,335,157,178,13835.5
22910006596000,23,11,12,867.1
22910006597000,25,18,7,910
22910006598000,16,10,6,732.8
22910006599000,4,2,2,0
22910006600000,6,4,2,288
22910006601000,30,16,14,1251
22910006602000,112,59,53,3348.8
22910006603000,11,2,9,312.4
22910006604000,1,0,1,0
22910006605000,31,14,17,1432.2
22910006606000,441,215,226,17551.8
22910006607000,172,91,81,6329.6
22910006608000,129,68,61,5934
22910006609000,87,48,39,3401.7
22910006611000,2,2,0,0
22910006612000,17,10,7,763.3
22910006613000,18,8,10,711
22910006614000,18,12,6,867.6
22910006615000,33,13,20,986.7
22910006616000,18,10,8,838.8
22910006617000,61,28,33,2714.5
22910006618000,18,10,8,894.6
22910006619000,20,12,8,772
22910006620000,46,22,24,1780.2
22910006621000,39,20,19,1376.7
22910006622000,7,3,4,273
22910006623000,308,154,154,13860
22910006624000,393,197,196,16309.5
22910006625000,50,31,19,2145
22910006626000,42,19,23,1885.8
22910006627000,39,21,18,1891.5
22910006628000,46,27,19,2162
22910006629000,11,5,6,387.2
22910006630000,55,30,25,2629
22910006631000,2,1,1,0
22910006632000,9,4,5,423.9
22910006633000,5,3,2,198
22910006636000,2,1,1,0
22910006637000,2,1,1,0
22910006642000,30,15,15,1377
22910006643000,13,6,7,562.9
22910006654000,81,44,37,3701.7
22910006655000,293,157,136,11632.1
22910006656000,254,139,115,9956.8
22910006657000,15,6,9,834
22910006658000,4,1,3,0
22910006659000,2,2,0,0
22910006660000,12,5,7,516
22910006661000,12,6,6,381.6
22910006663000,21,12,9,840
22910006664000,32,21,11,1107.2
22910006666000,6,3,3,208.8
22910006667000,94,51,43,3760
22910006668000,12,5,7,448.8
22910006669000,13,8,5,621.4
22910006670000,28,12,16,1030.4
22910006671000,18,10,8,988.2
22910006672000,25,9,16,1087.5
22910006673000,307,143,164,10100.3
22910006674000,11,6,5,622.6
22910006677000,26,14,12,871
22910006678000,11,6,5,493.9
22910006682000,25,14,11,1210
22910006684000,5,2,3,217
22910006685000,33,21,12,937.2
22910006686000,15,8,7,445.5
22910006687000,104,49,55,3941.6
22910006688000,9,6,3,381.6
22910006689000,27,17,10,1088.1
22910006690000,4,3,1,0
22910006691000,2,1,1,0
22910006692000,35,20,15,1550.5
22910006693000,245,116,129,10853.5
22910006694000,225,119,106,8527.5
22910006695000,46,26,20,1761.8
22910006696000,20,9,11,1112
22910006697000,63,33,30,2507.4
22910006698000,48,25,23,1848
22910006699000,19,11,8,670.7
22910006700000,36,19,17,1321.2
22910006701000,163,84,79,6210.3
22910006717000,3,2,1,0
22910006718000,5,2,3,208
22910006719000,8,4,4,403.2
22910006725000,1,0,1,0
22910006727000,8,5,3,451.2
22910006728000,7,5,2,445.9
22910006729000,18,8,10,721.8
22910006730000,6,2,4,424.8
22910006731000,4,3,1,0
22910006733000,1,1,0,0
22910006734000,26,14,12,985.4
22910006735000,67,33,34,2907.8
22910006736000,178,93,85,7796.4
22910006737000,612,266,346,33598.8
22910006738000,32,19,13,1273.6
22910006739000,51,29,22,1708.5
22910006740000,55,27,28,2629
22910006741000,45,26,19,1584
22910006742000,6,3,3,291
22910006743000,83,42,41,3461.1
22910006744000,29,15,14,1119.4
22910006745000,12,6,6,402
22910006746000,127,70,57,4749.8
22910006747000,139,74,65,5212.5
22910006748000,122,69,53,4758
22910006749000,27,16,11,1144.8
22910006750000,42,21,21,1902.6
22910006751000,21,12,9,1125.6
22910006752000,30,15,15,1542
22910006753000,19,10,9,887.3
22910006754000,33,20,13,1293.6
22910006755000,37,21,16,1398.6
22910006814000,1,1,0,0
22910006815000,11,4,7,517
22910006816000,22,11,11,745.8
22910006828000,4,3,1,0
22910006832000,15,8,7,565.5
22910006873000,4,2,2,0
22910006900000,6,5,1,202.8
22910006901000,20,10,10,802
22910006902000,9,5,4,338.4
22910006923000,11,5,6,466.4
22910006924000,6,4,2,277.8
22910006926000,7,3,4,340.9
22910006927000,19,12,7,701.1
22910006988000,1,0,1,0
22910006989000,9,6,3,504
22910007029000,8,3,5,423.2
22910007030000,3,2,1,0
22910007038000,184,85,99,6476.8
22910007039000,465,224,241,17809.5
22910007040000,142,70,72,5183
22910007045000,3,2,1,0
22910007046000,24,13,11,847.2
22910007047000,46,24,22,1738.8
22910007048000,48,27,21,1785.6
22910007049000,431,213,218,15731.5
22910007050000,30,17,13,1185
22910007051000,20,8,12,828
22910007052000,26,14,12,904.8
22910007057000,93,54,39,4092
22910007058000,1,0,1,0
22910007059000,13,6,7,772.2
22910007060000,6,4,2,204
22910007061000,26,13,13,1042.6
22910007062000,41,18,23,1795.8
22910007063000,3,2,1,0
22910007071000,14,8,6,606.2
22910007072000,2,2,0,0
22910007081000,5,3,2,210
22910007086000,1,1,0,0
22910007102000,4,2,2,0
22910007151000,1,0,1,0
22920006557000,52,29,23,2121.6
22920006558000,107,44,63,7115.5
22920006559000,2113,1044,1069,88957.3
22920006560000,2524,1167,1357,114589.6
22920006561000,705,354,351,27988.5
22920006562000,879,450,429,28391.7
22920006563000,23,13,10,1363.9
22920006564000,23,10,13,772.8
22920006565000,24,12,12,835.2
22920006566000,11,4,7,281.6
22920006573000,6,3,3,280.8
22920006574000,6,2,4,214.8
22920006578000,3,2,1,0
22920006579000,1,1,0,0
22920006584000,8,5,3,266.4
22920006585000,19,7,12,606.1
22920006586000,11,6,5,332.2
22920006589000,1,1,0,0
22920006590000,26,13,13,839.8
22920006591000,145,73,72,5843.5
22920006592000,416,194,222,18387.2
22920006593000,1108,523,585,55954
22920006594000,250,123,127,10275
22920006595000,21,12,9,747.6
22920006596000,12,7,5,598.8
22920006597000,14,7,7,722.4
22920006598000,49,22,27,1862
22920006599000,10,6,4,509
22920006600000,8,5,3,306.4
22920006601000,3,2,1,0
22920006602000,15,7,8,771
22920006603000,5,3,2,320
22920006604000,3,2,1,0
22920006605000,10,6,4,541
22920006606000,164,77,87,6592.8
22920006607000,1671,795,876,77200.2
22920006608000,1234,613,621,46892
22920006609000,421,207,214,17808.3
22920006610000,13,8,5,695.5
22920006611000,8,5,3,338.4
22920006612000,21,12,9,556.5
22920006613000,27,15,12,1242
22920006614000,50,25,25,2025
22920006615000,47,25,22,1612.1
22920006616000,523,248,275,22802.8
22920006617000,745,347,398,36132.5
22920006618000,13,7,6,549.9
22920006619000,24,12,12,957.6
22920006620000,21,8,13,630
22920006621000,22,13,9,772.2
22920006622000,13,6,7,678.6
22920006623000,31,16,15,917.6
22920006624000,97,50,47,3909.1
22920006625000,19,10,9,824.6
22920006630000,5,4,1,258
22920006642000,31,19,12,1271
22920006643000,5,3,2,266
22920006649000,7,5,2,417.2
22920006654000,44,23,21,1742.4
22920006655000,81,45,36,2729.7
22920006656000,5,2,3,220
22920006658000,34,22,12,1383.8
22920006659000,7,4,3,345.1
22920006661000,11,5,6,467.5
22920006662000,16,10,6,729.6
22920006664000,13,6,7,578.5
22920006665000,36,19,17,1638
22920006666000,18,8,10,781.2
22920006667000,9,5,4,403.2
22920006668000,28,13,15,1324.4
22920006669000,6,3,3,217.8
22920006670000,5,2,3,250
22920006671000,32,21,11,1091.2
22920006672000,1,0,1,0
22920006673000,277,154,123,10082.8
22920006674000,42,24,18,1785
22920006675000,46,24,22,1927.4
22920006676000,136,71,65,5739.2
22920006677000,312,143,169,11263.2
22920006678000,547,271,276,20840.7
22920006679000,14,8,6,613.2
22920006680000,16,11,5,566.4
22920006681000,18,11,7,802.8
22920006682000,6,3,3,217.8
22920006686000,3,1,2,0
22920006687000,10,6,4,528
22920006688000,31,13,18,1370.2
22920006689000,106,59,47,4367.2
22920006690000,36,22,14,1378.8
22920006691000,55,30,25,2431
22920006692000,26,15,11,1024.4
22920006693000,241,121,120,9350.8
22920006694000,74,45,29,3034
22920006695000,13,6,7,722.8
22920006696000,10,5,5,498
22920006697000,33,16,17,1590.6
22920006698000,8,5,3,451.2
22920006699000,70,36,34,2695
22920006700000,90,43,47,3798
22920006701000,43,24,19,1664.1
22920006702000,32,15,17,1126.4
22920006704000,2,1,1,0
22920006724000,6,2,4,234
22920006725000,1,1,0,0
22920006726000,30,15,15,882
22920006727000,16,9,7,616
22920006728000,9,5,4,491.4
22920006729000,2,0,2,0
22920006730000,20,11,9,860
22920006731000,26,17,9,1086.8
22920006732000,6,4,2,396
22920006733000,48,24,24,2107.2
22920006734000,32,20,12,1209.6
22920006735000,34,17,17,1587.8
22920006736000,798,411,387,31281.6
22920006737000,877,437,440,39201.9
22920006738000,162,72,90,7014.6
22920006739000,65,31,34,2502.5
22920006740000,30,16,14,1002
22920006741000,16,8,8,654.4
22920006742000,11,8,3,353.1
22920006743000,24,15,9,1197.6
22920006744000,24,15,9,1173.6
22920006745000,22,15,7,976.8
22920006746000,23,15,8,897
22920006747000,118,61,57,4779
22920006748000,215,109,106,9116
22920006749000,68,35,33,2305.2
22920006750000,14,8,6,891.8
22920006751000,42,20,22,2100
22920006752000,55,29,26,2029.5
22920006753000,3,1,2,0
22920006754000,5,3,2,281
22920006755000,221,119,102,7160.4
22920006814000,1,1,0,0
22920006815000,6,3,3,232.8
22920006831000,1,1,0,0
22920006832000,2,1,1,0
22920006871000,5,2,3,124
22920006872000,18,10,8,768.6
22920006873000,7,5,2,303.8
22920006899000,1,1,0,0
22920006900000,22,10,12,937.2
22920006901000,23,12,11,1058
22920006902000,6,2,4,309
22920006924000,7,4,3,238
22920006925000,41,21,20,1795.8
22920006926000,59,30,29,2637.3
22920006927000,39,22,17,1735.5
22920006928000,6,4,2,220.2
22920006989000,10,5,5,412
22920007007000,1,0,1,0
22920007029000,21,11,10,756
22920007040000,331,163,168,11121.6
22920007044000,8,4,4,279.2
22920007045000,16,9,7,692.8
22920007046000,17,6,11,646
22920007047000,50,27,23,1915
22920007048000,74,42,32,2982.2
22920007049000,473,215,258,17075.3
22920007051000,85,45,40,3068.5
22920007052000,27,13,14,1242
22920007057000,26,13,13,1357.2
22920007058000,14,8,6,550.2
22920007059000,14,8,6,660.8
22920007060000,17,8,9,904.4
22920007061000,48,25,23,2054.4
22920007062000,38,20,18,1664.4
22920007081000,3,1,2,0
22930006553000,5,2,3,287
22930006554000,27,15,12,1287.9
22930006555000,85,40,45,3510.5
22930006556000,359,184,175,11811.1
22930006557000,357,194,163,14422.8
22930006558000,1444,749,695,61370
22930006559000,2598,1299,1299,118988.4
22930006560000,1983,995,988,80113.2
22930006561000,1814,903,911,74011.2
22930006562000,376,193,183,13611.2
22930006564000,15,9,6,844.5
22930006565000,25,13,12,1080
22930006566000,21,12,9,884.1
22930006571000,9,4,5,336.6
22930006573000,4,2,2,0
22930006581000,2,1,1,0
22930006582000,2,1,1,0
22930006583000,13,8,5,309.4
22930006584000,6,2,4,94.8
22930006585000,6,3,3,334.2
22930006586000,8,3,5,248
22930006588000,3,2,1,0
22930006589000,4,3,1,0
22930006590000,9,5,4,335.7
22930006591000,222,106,116,8769
22930006592000,839,423,416,36077
22930006593000,95,64,31,3353.5
22930006594000,5,2,3,127
22930006595000,24,14,10,972
22930006596000,13,7,6,560.3
22930006597000,6,3,3,256.2
22930006598000,9,5,4,250.2
22930006599000,6,3,3,202.2
22930006600000,13,7,6,539.5
22930006601000,9,3,6,421.2
22930006602000,127,62,65,4953
22930006603000,234,126,108,7885.8
22930006604000,35,19,16,1389.5
22930006605000,21,12,9,1152.9
22930006606000,392,187,205,18228
22930006607000,1307,645,662,58030.8
22930006608000,223,114,109,9945.8
22930006609000,248,129,119,8928
22930006610000,16,10,6,588.8
22930006611000,17,10,7,737.8
22930006612000,4,1,3,0
22930006614000,18,10,8,770.4
22930006616000,191,97,94,7162.5
22930006617000,533,279,254,21000.2
22930006618000,6,4,2,282
22930006619000,17,11,6,639.2
22930006620000,5,2,3,346
22930006621000,20,13,7,706
22930006622000,1,1,0,0
22930006623000,8,4,4,368.8
22930006624000,13,8,5,741
22930006625000,28,15,13,1080.8
22930006626000,18,8,10,673.2
22930006627000,2,1,1,0
22930006630000,5,2,3,140
22930006641000,9,5,4,450
22930006650000,3,1,2,0
22930006651000,8,5,3,527.2
22930006654000,8,7,1,252
22930006655000,45,20,25,1975.5
22930006656000,111,56,55,4395.6
22930006657000,222,118,104,8902.2
22930006658000,54,31,23,1938.6
22930006659000,42,18,24,1654.8
22930006661000,1,1,0,0
22930006662000,32,14,18,1142.4
22930006665000,3,1,2,0
22930006666000,1,1,0,0
22930006667000,37,24,13,1576.2
22930006668000,2,1,1,0
22930006669000,31,13,18,1302
22930006670000,3,2,1,0
22930006671000,58,33,25,1809.6
22930006672000,18,10,8,986.4
22930006673000,12,5,7,597.6
22930006674000,15,10,5,504
22930006675000,17,11,6,608.6
22930006676000,13,7,6,561.6
22930006677000,53,19,34,1733.1
22930006678000,212,107,105,7907.6
22930006679000,42,25,17,1600.2
22930006688000,21,11,10,735
22930006691000,51,27,24,2136.9
22930006692000,258,138,120,9107.4
22930006693000,506,236,270,25097.6
22930006694000,632,271,361,31789.6
22930006695000,97,48,49,3462.9
22930006696000,5,3,2,159
22930006697000,2,1,1,0
22930006698000,17,7,10,809.2
22930006699000,13,8,5,529.1
22930006700000,11,7,4,454.3
22930006701000,33,18,15,1188
22930006702000,362,178,184,15566
22930006703000,23,13,10,968.3
22930006704000,33,17,16,1593.9
22930006706000,18,11,7,840.6
22930006708000,9,3,6,383.4
22930006709000,26,15,11,1107.6
22930006710000,30,14,16,1185
22930006711000,1,0,1,0
22930006712000,2,1,1,0
22930006713000,8,4,4,380.8
22930006714000,12,7,5,477.6
22930006723000,3,2,1,0
22930006724000,6,3,3,64.8
22930006725000,1,0,1,0
22930006726000,20,10,10,1076
22930006727000,31,16,15,1568.6
22930006728000,35,14,21,1211
22930006729000,9,7,2,479.7
22930006730000,21,9,12,858.9
22930006731000,9,6,3,324
22930006732000,8,4,4,328.8
22930006733000,6,4,2,163.2
22930006734000,70,35,35,2639
22930006735000,24,14,10,960
22930006736000,487,229,258,16606.7
22930006737000,109,56,53,4240.1
22930006738000,26,13,13,1310.4
22930006739000,9,6,3,341.1
22930006740000,18,7,11,804.6
22930006741000,14,6,8,558.6
22930006742000,51,29,22,2065.5
22930006743000,15,7,8,610.5
22930006744000,108,64,44,3164.4
22930006745000,16,7,9,748.8
22930006746000,10,5,5,522
22930006747000,16,8,8,784
22930006748000,76,38,38,3047.6
22930006749000,58,31,27,2111.2
22930006750000,26,13,13,1001
22930006751000,369,181,188,14833.8
22930006752000,205,99,106,7236.5
22930006753000,5,3,2,116
22930006754000,9,3,6,475.2
22930006755000,29,15,14,1334
22930006756000,39,24,15,1868.1
22930006814000,8,5,3,500.8
22930006815000,2,1,1,0
22930006831000,4,2,2,0
22930006866000,7,4,3,338.1
22930006867000,60,28,32,2616
22930006868000,113,56,57,5446.6
22930006869000,19,12,7,792.3
22930006870000,6,4,2,412.2
22930006871000,17,8,9,771.8
22930006872000,37,20,17,1890.7
22930006873000,7,3,4,331.8
22930006888000,1,1,0,0
22930006889000,4,2,2,0
22930006890000,1,0,1,0
22930006891000,12,7,5,501.6
22930006892000,31,13,18,1481.8
22930006924000,10,6,4,305
22930006925000,119,62,57,5628.7
22930006926000,341,175,166,14560.7
22930006927000,19,10,9,792.3
22930006935000,4,2,2,0
22930006990000,6,3,3,231
22930007020000,4,2,2,0
22930007029000,10,5,5,403
22930007030000,44,19,25,1949.2
22930007045000,61,33,28,2482.7
22930007046000,44,25,19,1460.8
22930007047000,27,13,14,1085.4
22930007048000,47,22,25,2166.7
22930007049000,126,57,69,4233.6
22930007050000,69,35,34,3139.5
22930007051000,70,36,34,2611
22930007052000,18,10,8,883.8
22930007058000,24,10,14,916.8
22930007059000,26,14,12,1258.4
22930007060000,13,8,5,468
22930007061000,1,0,1,0
22930007062000,57,27,30,2291.4
22930007063000,19,9,10,767.6
22930007072000,1,1,0,0
22930007086000,6,5,1,231
22930007089000,4,2,2,0
22930007156000,40,21,19,2224
22930007157000,5,3,2,237
22940006550000,6,5,1,330
22940006552000,32,14,18,1532.8
22940006553000,151,78,73,5964.5
22940006554000,16,10,6,702.4
22940006555000,17,7,10,938.4
22940006556000,10,4,6,517
22940006557000,421,198,223,17808.3
22940006558000,467,225,242,17372.4
22940006559000,194,106,88,9118
22940006560000,1224,636,588,50061.6
22940006561000,885,426,459,37701
22940006562000,6,3,3,189
22940006563000,2,2,0,0
22940006566000,4,3,1,0
22940006573000,2,1,1,0
22940006577000,3,2,1,0
22940006579000,15,10,5,523.5
22940006580000,12,7,5,458.4
22940006581000,13,6,7,399.1
22940006582000,11,4,7,585.2
22940006583000,16,7,9,713.6
22940006584000,14,6,8,417.2
22940006585000,55,31,24,2051.5
22940006586000,34,20,14,1271.6
22940006587000,8,4,4,307.2
22940006588000,18,12,6,867.6
22940006589000,15,8,7,475.5
22940006590000,8,6,2,324.8
22940006591000,37,15,22,1383.8
22940006592000,381,184,197,13411.2
22940006593000,4,1,3,0
22940006594000,27,12,15,1152.9
22940006595000,19,8,11,786.6
22940006596000,25,15,10,975
22940006597000,22,12,10,921.8
22940006598000,33,17,16,891
22940006599000,42,22,20,1474.2
22940006600000,26,12,14,1128.4
22940006601000,72,30,42,2311.2
22940006602000,171,95,76,5967.9
22940006603000,9,6,3,412.2
22940006604000,2,2,0,0
22940006605000,6,3,3,109.2
22940006606000,82,40,42,3066.8
22940006607000,117,72,45,3942.9
22940006608000,33,16,17,1508.1
22940006609000,10,4,6,203
22940006610000,13,7,6,536.9
22940006611000,4,3,1,0
22940006613000,2,1,1,0
22940006614000,9,5,4,592.2
22940006616000,15,8,7,535.5
22940006617000,12,9,3,373.2
22940006618000,6,3,3,178.8
22940006619000,9,4,5,251.1
22940006620000,15,11,4,556.5
22940006621000,1,1,0,0
22940006625000,3,2,1,0
22940006627000,8,2,6,348
22940006632000,1,0,1,0
22940006641000,4,1,3,0
22940006651000,11,5,6,511.5
22940006652000,26,13,13,878.8
22940006653000,32,15,17,1433.6
22940006654000,59,29,30,2525.2
22940006655000,20,7,13,690
22940006656000,69,36,33,2615.1
22940006657000,202,112,90,8342.6
22940006658000,32,18,14,1488
22940006659000,3,1,2,0
22940006660000,13,7,6,643.5
22940006661000,36,16,20,1256.4
22940006662000,10,6,4,351
22940006664000,13,8,5,629.2
22940006665000,1,0,1,0
22940006668000,2,1,1,0
22940006669000,29,15,14,1371.7
22940006670000,18,8,10,716.4
22940006671000,23,13,10,878.6
22940006673000,34,19,15,1217.2
22940006675000,17,10,7,914.6
22940006676000,9,6,3,405.9
22940006677000,3,2,1,0
22940006678000,27,12,15,1250.1
22940006679000,19,9,10,748.6
22940006685000,11,5,6,495
22940006687000,15,8,7,709.5
22940006688000,3,2,1,0
22940006689000,27,17,10,1023.3
22940006690000,21,13,8,924
22940006691000,17,7,10,761.6
22940006692000,107,54,53,5082.5
22940006693000,712,320,392,25133.6
22940006694000,192,95,97,8793.6
22940006695000,44,24,20,1381.6
22940006696000,31,14,17,1137.7
22940006697000,93,51,42,3292.2
22940006698000,92,50,42,4029.6
22940006699000,79,42,37,3223.2
22940006700000,60,31,29,2514
22940006701000,10,8,2,231
22940006702000,3,1,2,0
22940006703000,11,7,4,312.4
22940006704000,5,3,2,178
22940006705000,4,3,1,0
22940006706000,2,1,1,0
22940006709000,3,1,2,0
22940006713000,63,36,27,2620.8
22940006714000,33,20,13,1524.6
22940006717000,11,8,3,400.4
22940006718000,31,19,12,1212.1
22940006719000,65,28,37,2619.5
22940006720000,8,4,4,522.4
22940006722000,2,1,1,0
22940006723000,9,4,5,334.8
22940006724000,13,8,5,621.4
22940006725000,20,10,10,988
22940006726000,32,15,17,1193.6
22940006727000,88,44,44,3933.6
22940006728000,13,6,7,540.8
22940006729000,6,5,1,235.8
22940006730000,2,1,1,0
22940006731000,8,3,5,275.2
22940006733000,5,1,4,182
22940006734000,8,4,4,455.2
22940006735000,5,2,3,261
22940006736000,30,15,15,1245
22940006737000,18,13,5,678.6
22940006738000,68,35,33,2733.6
22940006739000,22,9,13,939.4
22940006740000,21,13,8,812.7
22940006741000,41,20,21,1299.7
22940006742000,7,3,4,349.3
22940006743000,599,315,284,24019.9
22940006744000,58,32,26,2157.6
22940006745000,9,4,5,245.7
22940006746000,30,14,16,1371
22940006747000,19,7,12,978.5
22940006748000,27,15,12,1115.1
22940006749000,57,29,28,2473.8
22940006750000,33,17,16,1290.3
22940006751000,40,19,21,2100
22940006752000,105,56,49,4084.5
22940006753000,99,50,49,3762
22940006754000,43,21,22,1861.9
22940006755000,11,6,5,403.7
22940006756000,4,2,2,0
22940006811000,2,2,0,0
22940006812000,8,6,2,364.8
22940006813000,13,8,5,650
22940006814000,2,1,1,0
22940006864000,2,1,1,0
22940006865000,17,9,8,797.3
22940006866000,26,13,13,1294.8
22940006867000,40,26,14,1812
22940006868000,9,5,4,425.7
22940006869000,27,13,14,1231.2
22940006870000,22,10,12,814
22940006884000,4,2,2,0
22940006926000,106,51,55,4293
22940006927000,16,8,8,844.8
22940006936000,4,3,1,0
22940007016000,2,2,0,0
22940007020000,18,10,8,905.4
22940007029000,3,2,1,0
22940007038000,1,1,0,0
22940007039000,4,1,3,0
22940007040000,11,5,6,490.6
22940007041000,70,37,33,2961
22940007045000,56,29,27,1887.2
22940007046000,203,100,103,7186.2
22940007047000,67,33,34,2566.1
22940007048000,70,36,34,2674
22940007049000,16,6,10,705.6
22940007050000,18,12,6,799.2
22940007051000,13,8,5,650
22940007052000,5,3,2,279
22940007055000,1,0,1,0
22940007056000,1,1,0,0
22940007058000,9,6,3,357.3
22940007059000,3,2,1,0
22940007060000,2,1,1,0
22940007061000,8,5,3,423.2
22940007062000,20,12,8,766
22940007063000,20,7,13,1006
22940007064000,1,1,0,0
22940007072000,2,1,1,0
22940007089000,6,2,4,190.8
22940007104000,3,1,2,0
22940007155000,7,4,3,434.7
22940007156000,6,3,3,394.8
22950006546000,4,2,2,0
22950006547000,22,13,9,926.2
22950006548000,31,18,13,1534.5
22950006549000,68,34,34,3366
22950006550000,45,23,22,1705.5
22950006551000,25,15,10,912.5
22950006552000,81,41,40,3280.5
22950006553000,18,9,9,709.2
22950006554000,14,8,6,691.6
22950006555000,33,15,18,1313.4
22950006556000,47,25,22,2476.9
22950006557000,370,197,173,16798
22950006558000,893,442,451,34648.4
22950006559000,252,138,114,9802.8
22950006560000,393,174,219,16741.8
22950006561000,245,125,120,9800
22950006562000,16,8,8,601.6
22950006563000,8,5,3,268.8
22950006566000,4,2,2,0
22950006567000,5,3,2,125
22950006576000,2,1,1,0
22950006577000,16,8,8,673.6
22950006578000,17,9,8,756.5
22950006579000,73,43,30,2664.5
22950006580000,14,7,7,638.4
22950006581000,16,10,6,710.4
22950006582000,12,4,8,510
22950006583000,7,4,3,170.8
22950006584000,1,1,0,0
22950006585000,29,13,16,1293.4
22950006586000,13,8,5,708.5
22950006587000,15,10,5,853.5
22950006588000,16,10,6,668.8
22950006590000,5,3,2,140
22950006591000,16,7,9,718.4
22950006592000,4,2,2,0
22950006593000,13,7,6,471.9
22950006594000,27,16,11,1034.1
22950006595000,2,1,1,0
22950006598000,19,12,7,788.5
22950006599000,33,19,14,1062.6
22950006600000,42,17,25,1566.6
22950006601000,19,8,11,923.4
22950006602000,22,13,9,1001
22950006603000,55,32,23,2040.5
22950006604000,38,19,19,1337.6
22950006605000,8,5,3,434.4
22950006606000,19,9,10,737.2
22950006607000,17,10,7,683.4
22950006608000,22,12,10,836
22950006609000,28,14,14,1044.4
22950006610000,5,2,3,134
22950006611000,5,3,2,228
22950006612000,7,3,4,413.7
22950006613000,16,8,8,724.8
22950006614000,16,8,8,660.8
22950006615000,7,5,2,175.7
22950006616000,19,9,10,904.4
22950006617000,29,13,16,1061.4
22950006618000,1,0,1,0
22950006619000,1,1,0,0
22950006620000,19,10,9,870.2
22950006621000,14,8,6,695.8
22950006629000,4,3,1,0
22950006630000,9,6,3,303.3
22950006631000,6,5,1,388.2
22950006635000,12,7,5,549.6
22950006636000,26,15,11,1099.8
22950006637000,1,0,1,0
22950006638000,1,0,1,0
22950006639000,5,3,2,201
22950006640000,4,1,3,0
22950006648000,4,1,3,0
22950006649000,4,2,2,0
22950006650000,9,4,5,513
22950006651000,34,19,15,1689.8
22950006652000,13,6,7,530.4
22950006653000,17,9,8,630.7
22950006654000,3,0,3,0
22950006655000,32,17,15,1436.8
22950006656000,3,1,2,0
22950006657000,70,39,31,2975
22950006658000,11,7,4,689.7
22950006659000,111,53,58,4317.9
22950006660000,312,154,158,12916.8
22950006661000,74,41,33,2997
22950006662000,8,6,2,224
22950006663000,17,11,6,756.5
22950006664000,23,13,10,903.9
22950006665000,4,2,2,0
22950006669000,18,10,8,826.2
22950006670000,4,2,2,0
22950006671000,16,7,9,652.8
22950006672000,16,7,9,739.2
22950006673000,27,14,13,985.5
22950006674000,5,2,3,262
22950006675000,2,1,1,0
22950006676000,30,17,13,1113
22950006677000,11,7,4,569.8
22950006679000,12,4,8,730.8
22950006681000,1,1,0,0
22950006682000,7,3,4,251.3
22950006683000,20,10,10,858
22950006684000,26,14,12,1146.6
22950006685000,38,22,16,1360.4
22950006686000,13,8,5,481
22950006687000,18,10,8,698.4
22950006688000,11,5,6,348.7
22950006690000,8,4,4,283.2
22950006691000,137,65,72,6000.6
22950006692000,579,304,275,23217.9
22950006693000,200,107,93,8860
22950006694000,505,247,258,22472.5
22950006695000,69,41,28,2497.8
22950006696000,23,11,12,795.8
22950006697000,9,4,5,243
22950006701000,3,2,1,0
22950006705000,14,7,7,705.6
22950006708000,12,4,8,409.2
22950006709000,1,1,0,0
22950006712000,3,1,2,0
22950006718000,40,23,17,1880
22950006719000,57,29,28,2137.5
22950006720000,61,35,26,2537.6
22950006721000,92,48,44,4103.2
22950006722000,4,2,2,0
22950006724000,12,7,5,636
22950006725000,335,166,169,14807
22950006726000,100,45,55,3710
22950006727000,1,1,0,0
22950006736000,15,8,7,520.5
22950006737000,169,86,83,7148.7
22950006738000,65,34,31,2301
22950006739000,27,17,10,1023.3
22950006740000,16,9,7,574.4
22950006741000,23,10,13,1156.9
22950006742000,17,9,8,863.6
22950006743000,195,95,100,7605
22950006744000,141,71,70,6048.9
22950006745000,17,11,6,702.1
22950006746000,33,16,17,1372.8
22950006747000,1,1,0,0
22950006748000,2,1,1,0
22950006749000,38,22,16,1599.8
22950006750000,31,18,13,1382.6
22950006751000,28,18,10,1232
22950006752000,30,14,16,915
22950006753000,41,21,20,1644.1
22950006754000,120,68,52,4884
22950006755000,51,27,24,2295
22950006756000,12,6,6,606
22950006757000,13,7,6,722.8
22950006810000,6,2,4,286.2
22950006811000,6,5,1,189
22950006858000,9,2,7,411.3
22950006859000,1,1,0,0
22950006860000,7,4,3,392
22950006861000,2,2,0,0
22950006862000,2,1,1,0
22950006864000,1,0,1,0
22950006866000,2,1,1,0
22950006867000,31,16,15,1302
22950006875000,23,14,9,915.4
22950006876000,38,21,17,1607.4
22950006877000,18,12,6,894.6
22950006881000,11,6,5,536.8
22950006882000,18,9,9,628.2
22950006883000,2,1,1,0
22950006884000,6,3,3,238.8
22950006926000,17,6,11,734.4
22950006937000,1,1,0,0
22950006938000,13,7,6,452.4
22950006987000,8,3,5,343.2
22950006989000,3,2,1,0
22950007013000,7,2,5,343
22950007014000,9,6,3,359.1
22950007015000,4,1,3,0
22950007016000,7,3,4,270.2
22950007019000,2,1,1,0
22950007020000,66,33,33,2686.2
22950007038000,11,6,5,397.1
22950007039000,13,4,9,460.2
22950007040000,248,121,127,6869.6
22950007041000,612,312,300,18666
22950007044000,129,63,66,6295.2
22950007045000,358,174,184,12816.4
22950007046000,244,127,117,10492
22950007047000,20,14,6,722
22950007048000,25,12,13,940
22950007052000,28,13,15,1097.6
22950007056000,2,1,1,0
22950007057000,7,5,2,371
22950007059000,2,1,1,0
22950007060000,5,3,2,188
22950007062000,15,8,7,586.5
22950007063000,4,3,1,0
22950007064000,13,9,4,587.6
22950007088000,3,2,1,0
22950007090000,6,3,3,304.8
22950007106000,2,2,0,0
22950007153000,4,3,1,0
22950007154000,26,13,13,1344.2
22960006546000,16,7,9,627.2
22960006547000,47,22,25,1804.8
22960006548000,11,7,4,413.6
22960006550000,12,7,5,534
22960006551000,2,1,1,0
22960006552000,41,19,22,1258.7
22960006553000,12,7,5,414
22960006554000,59,30,29,2265.6
22960006555000,11,8,3,420.2
22960006556000,53,26,27,1950.4
22960006557000,205,100,105,8856
22960006558000,308,147,161,12720.4
22960006559000,1513,761,752,59309.6
22960006560000,941,488,453,39992.5
22960006561000,77,39,38,2564.1
22960006562000,131,64,67,4244.4
22960006568000,20,12,8,652
22960006569000,4,2,2,0
22960006570000,3,2,1,0
22960006571000,1,0,1,0
22960006572000,4,2,2,0
22960006573000,3,2,1,0
22960006574000,1,0,1,0
22960006575000,6,5,1,241.8
22960006576000,6,3,3,189
22960006577000,11,6,5,522.5
22960006578000,7,3,4,434
22960006579000,8,5,3,360.8
22960006580000,5,1,4,206
22960006581000,19,8,11,805.6
22960006582000,59,31,28,2171.2
22960006583000,16,6,10,718.4
22960006584000,78,39,39,2987.4
22960006585000,267,124,143,12495.6
22960006586000,35,20,15,1214.5
22960006587000,12,6,6,525.6
22960006589000,8,4,4,288.8
22960006590000,14,7,7,718.2
22960006591000,38,23,15,1900
22960006592000,24,9,15,796.8
22960006593000,12,5,7,488.4
22960006595000,8,3,5,218.4
22960006596000,2,1,1,0
22960006598000,9,5,4,440.1
22960006599000,23,10,13,1030.4
22960006600000,22,12,10,897.6
22960006601000,2,1,1,0
22960006602000,30,21,9,1602
22960006603000,87,43,44,3105.9
22960006604000,6,3,3,244.2
22960006605000,26,16,10,824.2
22960006606000,15,8,7,666
22960006607000,35,15,20,1561
22960006608000,29,16,13,1104.9
22960006609000,19,10,9,706.8
22960006610000,11,8,3,514.8
22960006611000,38,17,21,1345.2
22960006612000,2,1,1,0
22960006613000,12,6,6,522
22960006614000,13,6,7,765.7
22960006615000,3,1,2,0
22960006616000,3,1,2,0
22960006617000,7,2,5,280
22960006620000,25,11,14,947.5
22960006626000,1,1,0,0
22960006627000,4,3,1,0
22960006628000,5,2,3,274
22960006629000,16,8,8,803.2
22960006630000,1,1,0,0
22960006634000,4,2,2,0
22960006635000,53,25,28,2252.5
22960006636000,39,24,15,1146.6
22960006637000,13,5,8,404.3
22960006638000,21,10,11,714
22960006639000,8,6,2,183.2
22960006647000,2,0,2,0
22960006648000,9,5,4,325.8
22960006649000,18,8,10,743.4
22960006650000,7,2,5,356.3
22960006651000,43,24,19,1698.5
22960006652000,5,3,2,157
22960006653000,100,48,52,3990
22960006654000,488,255,233,17128.8
22960006655000,54,27,27,1512
22960006656000,4,3,1,0
22960006657000,19,11,8,1071.6
22960006658000,4,2,2,0
22960006659000,2,1,1,0
22960006660000,470,246,224,19223
22960006661000,6,2,4,225
22960006662000,13,5,8,530.4
22960006663000,23,12,11,1269.6
22960006664000,18,10,8,1002.6
22960006665000,5,2,3,249
22960006669000,266,130,136,6995.8
22960006670000,2144,1082,1062,64748.8
22960006671000,69,42,27,2373.6
22960006672000,15,6,9,534
22960006673000,13,7,6,647.4
22960006674000,11,6,5,674.3
22960006676000,8,4,4,346.4
22960006677000,17,10,7,365.5
22960006679000,31,16,15,1522.1
22960006680000,329,168,161,13127.1
22960006681000,50,29,21,2065
22960006682000,32,17,15,1302.4
22960006683000,5,4,1,216
22960006685000,3,1,2,0
22960006686000,1,0,1,0
22960006687000,38,20,18,1751.8
22960006688000,13,6,7,598
22960006689000,9,5,4,530.1
22960006691000,14,10,4,497
22960006692000,7,3,4,338.1
22960006693000,64,33,31,2444.8
22960006694000,213,115,98,6666.9
22960006700000,12,6,6,399.6
22960006701000,14,4,10,481.6
22960006708000,2,1,1,0
22960006720000,28,14,14,1439.2
22960006721000,27,12,15,1034.1
22960006722000,2,0,2,0
22960006723000,46,28,18,1918.2
22960006724000,17,8,9,756.5
22960006725000,89,42,47,3319.7
22960006726000,49,31,18,2224.6
22960006727000,2,1,1,0
22960006736000,2,1,1,0
22960006737000,121,61,60,4876.3
22960006738000,317,169,148,11063.3
22960006739000,14,5,9,546
22960006740000,28,16,12,1520.4
22960006741000,16,6,10,620.8
22960006742000,32,21,11,1449.6
22960006743000,28,15,13,1066.8
22960006744000,14,7,7,431.2
22960006745000,24,13,11,1161.6
22960006746000,20,11,9,874
22960006747000,13,2,11,522.6
22960006748000,16,10,6,678.4
22960006749000,30,15,15,1056
22960006750000,20,10,10,828
22960006751000,29,16,13,1223.8
22960006752000,21,12,9,896.7
22960006753000,28,13,15,1178.8
22960006754000,23,13,10,1182.2
22960006755000,9,3,6,363.6
22960006809000,1,1,0,0
22960006843000,2,1,1,0
22960006854000,19,9,10,571.9
22960006855000,15,8,7,720
22960006856000,22,11,11,891
22960006857000,62,33,29,3044.2
22960006858000,6,2,4,403.8
22960006859000,6,4,2,316.2
22960006876000,10,5,5,356
22960006877000,36,18,18,1407.6
22960006878000,4,1,3,0
22960006926000,4,2,2,0
22960006927000,11,7,4,326.7
22960006938000,4,3,1,0
22960006939000,1,1,0,0
22960006942000,6,3,3,238.2
22960006943000,3,1,2,0
22960006987000,19,11,8,782.8
22960007012000,9,6,3,495.9
22960007013000,28,14,14,1260
22960007014000,71,37,34,3017.5
22960007015000,19,9,10,963.3
22960007016000,3,2,1,0
22960007019000,31,21,10,1416.7
22960007020000,143,78,65,5434
22960007036000,6,2,4,304.8
22960007037000,9,4,5,534.6
22960007038000,33,17,16,1171.5
22960007039000,39,23,16,1509.3
22960007040000,410,212,198,15621
22960007041000,373,180,193,13614.5
22960007043000,245,113,132,10902.5
22960007044000,2218,1074,1144,104024.2
22960007045000,1188,588,600,46926
22960007046000,70,36,34,3283
22960007047000,28,16,12,1134
22960007048000,3,1,2,0
22960007053000,10,6,4,484
22960007055000,2,2,0,0
22960007056000,23,14,9,823.4
22960007058000,7,4,3,450.1
22960007060000,9,4,5,550.8
22960007061000,4,3,1,0
22960007062000,2,0,2,0
22960007063000,5,2,3,136
22960007066000,1,1,0,0
22960007090000,8,4,4,488.8
22960007091000,3,2,1,0
22960007154000,56,34,22,2200.8
22960007155000,58,32,26,2749.2
22960007156000,10,7,3,333
22960007157000,4,2,2,0
22970006539000,3,2,1,0
22970006541000,4,2,2,0
22970006545000,3,1,2,0
22970006546000,5,2,3,239
22970006549000,6,3,3,268.8
22970006550000,2,2,0,0
22970006551000,1,0,1,0
22970006553000,53,28,25,1833.8
22970006554000,49,29,20,2170.7
22970006555000,3,2,1,0
22970006556000,10,6,4,357
22970006557000,2,1,1,0
22970006558000,89,50,39,3568.9
22970006559000,89,47,42,4129.6
22970006560000,20,11,9,1310
22970006561000,37,18,19,1809.3
22970006562000,16,8,8,641.6
22970006568000,4,3,1,0
22970006572000,6,3,3,208.8
22970006573000,2,2,0,0
22970006574000,12,6,6,540
22970006575000,4,2,2,0
22970006577000,1,0,1,0
22970006579000,12,7,5,628.8
22970006580000,16,6,10,694.4
22970006581000,11,6,5,440
22970006582000,4,2,2,0
22970006583000,18,8,10,840.6
22970006584000,16,8,8,523.2
22970006585000,10,5,5,520
22970006588000,2,1,1,0
22970006589000,11,6,5,500.5
22970006591000,26,13,13,1159.6
22970006592000,9,3,6,281.7
22970006593000,9,5,4,359.1
22970006594000,1,1,0,0
22970006605000,12,6,6,372
22970006606000,30,18,12,1017
22970006607000,51,23,28,2305.2
22970006608000,3,1,2,0
22970006609000,2,1,1,0
22970006610000,19,11,8,602.3
22970006611000,6,2,4,226.8
22970006612000,9,3,6,378.9
22970006613000,127,68,59,4699
22970006614000,104,51,53,4555.2
22970006615000,24,14,10,1041.6
22970006616000,11,6,5,397.1
22970006617000,9,5,4,323.1
22970006618000,19,9,10,619.4
22970006619000,16,9,7,750.4
22970006620000,2,1,1,0
22970006622000,5,2,3,187
22970006623000,27,16,11,1190.7
22970006624000,47,24,23,1706.1
22970006625000,32,16,16,1596.8
22970006626000,25,13,12,1145
22970006627000,33,17,16,1306.8
22970006628000,4,2,2,0
22970006629000,10,7,3,464
22970006633000,4,2,2,0
22970006634000,5,3,2,143
22970006635000,221,112,109,9613.5
22970006636000,11,7,4,382.8
22970006646000,4,2,2,0
22970006647000,32,23,9,1260.8
22970006648000,17,7,10,691.9
22970006649000,46,26,20,2047
22970006650000,17,13,4,737.8
22970006651000,44,20,24,2200
22970006652000,72,32,40,2613.6
22970006653000,64,36,28,2880
22970006654000,258,126,132,8875.2
22970006655000,78,42,36,3120
22970006656000,65,23,42,4114.5
22970006657000,34,16,18,1550.4
22970006658000,1,1,0,0
22970006659000,109,57,52,3542.5
22970006660000,1562,773,789,56232
22970006661000,299,145,154,12019.8
22970006662000,21,7,14,842.1
22970006663000,30,26,4,1215
22970006664000,18,12,6,829.8
22970006665000,17,10,7,700.4
22970006666000,15,8,7,667.5
22970006667000,25,13,12,1000
22970006668000,30,15,15,1326
22970006669000,101,54,47,4029.9
22970006670000,61,29,32,2305.8
22970006671000,30,15,15,1248
22970006672000,35,20,15,1480.5
22970006673000,24,13,11,1137.6
22970006674000,17,9,8,809.2
22970006676000,22,11,11,833.8
22970006677000,16,10,6,694.4
22970006678000,10,6,4,626
22970006679000,52,22,30,1924
22970006680000,99,58,41,4019.4
22970006681000,11,5,6,610.5
22970006682000,9,7,2,277.2
22970006683000,6,3,3,273
22970006684000,16,11,5,454.4
22970006685000,33,15,18,1412.4
22970006686000,23,13,10,906.2
22970006687000,32,15,17,1264
22970006688000,31,16,15,1596.5
22970006689000,7,3,4,252.7
22970006693000,4,2,2,0
22970006694000,60,31,29,2142
22970006695000,35,16,19,1291.5
22970006696000,49,23,26,1994.3
22970006697000,15,7,8,537
22970006710000,2,1,1,0
22970006711000,9,5,4,341.1
22970006712000,18,11,7,932.4
22970006713000,2,1,1,0
22970006723000,62,34,28,3013.2
22970006726000,30,15,15,1005
22970006727000,6,3,3,355.8
22970006728000,4,2,2,0
22970006729000,5,3,2,191
22970006730000,18,11,7,786.6
22970006731000,7,3,4,202.3
22970006732000,9,5,4,576
22970006733000,13,6,7,569.4
22970006734000,22,12,10,1179.2
22970006735000,23,13,10,1062.6
22970006736000,33,17,16,1339.8
22970006737000,17,10,7,515.1
22970006738000,87,43,44,4019.4
22970006739000,140,72,68,5376
22970006740000,230,114,116,10304
22970006741000,31,17,14,1271
22970006742000,78,38,40,3299.4
22970006743000,10,3,7,362
22970006744000,7,4,3,245
22970006745000,36,17,19,1328.4
22970006746000,22,12,10,1003.2
22970006747000,25,12,13,1082.5
22970006748000,20,10,10,778
22970006749000,46,22,24,2125.2
22970006750000,2,1,1,0
22970006753000,8,4,4,266.4
22970006754000,2,1,1,0
22970006808000,5,3,2,294
22970006810000,1,0,1,0
22970006830000,2,1,1,0
22970006831000,8,2,6,208.8
22970006840000,1,1,0,0
22970006841000,2,1,1,0
22970006842000,3,2,1,0
22970006843000,6,3,3,298.2
22970006852000,8,4,4,228
22970006853000,69,36,33,3401.7
22970006854000,12,7,5,429.6
22970006855000,6,2,4,333
22970006856000,6,3,3,358.2
22970006857000,5,2,3,356
22970006926000,5,2,3,195
22970006927000,12,7,5,597.6
22970006938000,19,8,11,685.9
22970006939000,24,15,9,960
22970006941000,4,2,2,0
22970006942000,8,3,5,330.4
22970006987000,9,4,5,585
22970007013000,6,3,3,205.8
22970007014000,78,36,42,3588
22970007015000,58,32,26,2679.6
22970007016000,50,31,19,1795
22970007017000,3,2,1,0
22970007020000,20,13,7,982
22970007021000,10,6,4,638
22970007036000,32,16,16,1148.8
22970007037000,79,39,40,3167.9
22970007038000,13,9,4,396.5
22970007039000,33,16,17,1485
22970007040000,149,75,74,5855.7
22970007041000,58,31,27,2250.4
22970007042000,5,2,3,232
22970007043000,98,53,45,3861.2
22970007044000,2578,1227,1351,121681.6
22970007045000,1767,894,873,69796.5
22970007046000,288,143,145,11952
22970007047000,2,1,1,0
22970007054000,18,9,9,707.4
22970007055000,8,3,5,290.4
22970007056000,14,7,7,691.6
22970007057000,12,6,6,536.4
22970007058000,29,13,16,1412.3
22970007059000,4,2,2,0
22970007060000,4,2,2,0
22970007061000,5,3,2,190
22970007091000,14,8,6,764.4
22970007154000,7,4,3,338.8
22970007155000,10,4,6,448
22970007156000,9,6,3,582.3
22970007157000,4,3,1,0
22970007158000,2,2,0,0
22970007159000,4,2,2,0
22980006533000,2,1,1,0
22980006535000,7,4,3,254.8
22980006536000,3,2,1,0
22980006537000,2,1,1,0
22980006541000,12,6,6,585.6
22980006542000,8,4,4,379.2
22980006544000,4,2,2,0
22980006545000,21,12,9,732.9
22980006546000,4,3,1,0
22980006547000,1,0,1,0
22980006550000,9,5,4,253.8
22980006551000,52,24,28,2210
22980006552000,43,25,18,1844.7
22980006558000,9,6,3,284.4
22980006559000,5,3,2,158
22980006562000,10,4,6,407
22980006563000,8,4,4,348.8
22980006569000,5,3,2,262
22980006570000,21,13,8,867.3
22980006571000,12,8,4,429.6
22980006573000,1,1,0,0
22980006574000,8,5,3,336
22980006575000,24,15,9,720
22980006576000,9,5,4,399.6
22980006577000,1,1,0,0
22980006578000,4,3,1,0
22980006579000,9,5,4,307.8
22980006580000,2,1,1,0
22980006581000,6,4,2,255
22980006583000,11,4,7,335.5
22980006585000,7,3,4,266
22980006586000,8,4,4,372
22980006587000,10,7,3,331
22980006588000,10,5,5,297
22980006589000,33,18,15,943.8
22980006590000,22,13,9,979
22980006591000,12,6,6,438
22980006592000,9,5,4,489.6
22980006593000,33,19,14,1141.8
22980006594000,9,4,5,252
22980006604000,16,10,6,638.4
22980006605000,20,10,10,748
22980006606000,35,18,17,1036
22980006607000,12,6,6,530.4
22980006608000,4,2,2,0
22980006611000,4,2,2,0
22980006612000,16,9,7,756.8
22980006613000,43,25,18,1496.4
22980006614000,7,5,2,289.1
22980006616000,26,13,13,686.4
22980006617000,8,3,5,240.8
22980006618000,20,11,9,830
22980006621000,3,2,1,0
22980006622000,14,8,6,698.6
22980006623000,19,9,10,687.8
22980006625000,16,8,8,728
22980006626000,42,21,21,1612.8
22980006627000,24,11,13,1039.2
22980006629000,2,1,1,0
22980006630000,27,13,14,1296
22980006631000,13,6,7,520
22980006632000,32,14,18,1043.2
22980006633000,12,7,5,430.8
22980006634000,40,18,22,1584
22980006635000,297,150,147,11880
22980006636000,5,3,2,231
22980006637000,1,0,1,0
22980006647000,8,5,3,291.2
22980006648000,15,8,7,697.5
22980006649000,61,34,27,2147.2
22980006650000,34,18,16,1268.2
22980006651000,75,32,43,2490
22980006652000,13,7,6,408.2
22980006654000,25,11,14,985
22980006655000,12,6,6,536.4
22980006656000,22,11,11,754.6
22980006657000,131,69,62,4899.4
22980006658000,14,6,8,807.8
22980006659000,10,4,6,380
22980006661000,27,14,13,1142.1
22980006662000,159,84,75,5533.2
22980006663000,194,95,99,7760
22980006664000,5,2,3,254
22980006665000,1,1,0,0
22980006666000,3,2,1,0
22980006668000,215,106,109,9739.5
22980006669000,486,235,251,16183.8
22980006670000,10,6,4,368
22980006671000,50,29,21,2310
22980006672000,10,5,5,616
22980006673000,1,1,0,0
22980006674000,52,32,20,1991.6
22980006675000,83,40,43,2656
22980006676000,12,6,6,639.6
22980006677000,1,1,0,0
22980006678000,7,3,4,373.1
22980006679000,5,2,3,210
22980006680000,16,9,7,784
22980006681000,11,5,6,317.9
22980006682000,15,10,5,643.5
22980006683000,12,6,6,447.6
22980006684000,52,24,28,2064.4
22980006694000,10,5,5,511
22980006696000,33,17,16,1277.1
22980006697000,50,24,26,1910
22980006698000,34,15,19,1431.4
22980006711000,5,4,1,94
22980006712000,1,0,1,0
22980006723000,13,5,8,404.3
22980006724000,18,8,10,824.4
22980006725000,3,2,1,0
22980006726000,10,5,5,347
22980006727000,6,1,5,268.2
22980006728000,3,2,1,0
22980006729000,5,2,3,310
22980006730000,25,12,13,1167.5
22980006731000,5,1,4,194
22980006733000,2,1,1,0
22980006734000,8,6,2,204
22980006735000,8,4,4,308
22980006736000,7,4,3,196
22980006737000,8,7,1,248.8
22980006738000,128,51,77,6131.2
22980006739000,208,97,111,9880
22980006740000,15,6,9,826.5
22980006741000,50,22,28,1885
22980006742000,11,4,7,579.7
22980006743000,47,25,22,1612.1
22980006744000,24,12,12,1214.4
22980006745000,96,49,47,3734.4
22980006746000,23,11,12,968.3
22980006747000,16,9,7,651.2
22980006748000,58,32,26,2354.8
22980006749000,174,84,90,7064.4
22980006750000,25,13,12,920
22980006751000,50,19,31,1855
22980006752000,46,26,20,1766.4
22980006753000,10,6,4,570
22980006754000,13,7,6,439.4
22980006780000,5,1,4,89
22980006807000,5,4,1,327
22980006808000,8,4,4,451.2
22980006844000,1,1,0,0
22980006845000,8,6,2,372
22980006846000,7,3,4,455.7
22980006847000,16,10,6,622.4
22980006848000,20,11,9,1156
22980006849000,21,10,11,976.5
22980006850000,3,2,1,0
22980006851000,4,2,2,0
22980006852000,64,32,32,3321.6
22980006853000,147,61,86,8305.5
22980006854000,18,10,8,889.2
22980006855000,7,3,4,282.1
22980006938000,16,8,8,673.6
22980006939000,14,8,6,511
22980006941000,12,5,7,676.8
22980006942000,10,6,4,349
22980006986000,13,5,8,392.6
22980007014000,13,6,7,353.6
22980007015000,53,28,25,2178.3
22980007016000,73,34,39,2606.1
22980007021000,51,29,22,1958.4
22980007035000,25,9,16,865
22980007036000,19,9,10,522.5
22980007037000,18,10,8,786.6
22980007038000,62,35,27,2281.6
22980007039000,82,43,39,3296.4
22980007040000,59,30,29,2200.7
22980007041000,230,110,120,9062
22980007042000,78,41,37,3416.4
22980007043000,281,150,131,11183.8
22980007044000,812,406,406,30693.6
22980007045000,1801,907,894,66096.7
22980007046000,417,220,197,14886.9
22980007047000,58,26,32,2343.2
22980007053000,2,1,1,0
22980007054000,6,3,3,171
22980007055000,3,2,1,0
22980007056000,13,8,5,448.5
22980007057000,17,10,7,748
22980007058000,21,12,9,1108.8
22980007059000,14,8,6,593.6
22980007060000,14,10,4,533.4
22980007068000,6,4,2,244.2
22980007074000,2,2,0,0
22980007091000,6,2,4,412.8
22980007092000,12,7,5,650.4
22980007102000,3,2,1,0
22980007144000,15,8,7,963
22980007152000,8,5,3,328
22980007155000,3,2,1,0
22980007157000,1,1,0,0
22980007158000,2,1,1,0
22980007160000,13,6,7,418.6
22980007162000,1,0,1,0
22980007186000,1,0,1,0
22980007200000,7,3,4,184.1
22990006531000,10,6,4,242
22990006532000,4,2,2,0
22990006533000,4,3,1,0
22990006534000,16,10,6,592
22990006535000,32,15,17,1600
22990006536000,20,11,9,670
22990006537000,31,13,18,1249.3
22990006538000,9,4,5,369
22990006539000,9,5,4,434.7
22990006540000,20,10,10,640
22990006541000,11,4,7,453.2
22990006542000,18,9,9,684
22990006543000,11,5,6,470.8
22990006546000,16,9,7,460.8
22990006547000,33,18,15,1353
22990006548000,4,2,2,0
22990006549000,4,2,2,0
22990006551000,10,4,6,532
22990006552000,6,3,3,235.8
22990006563000,1,0,1,0
22990006564000,2,1,1,0
22990006568000,11,6,5,229.9
22990006570000,2,1,1,0
22990006571000,7,5,2,427
22990006572000,6,3,3,334.2
22990006574000,2,2,0,0
22990006576000,8,6,2,224
22990006582000,6,2,4,301.8
22990006583000,21,14,7,529.2
22990006584000,11,5,6,497.2
22990006585000,20,13,7,906
22990006586000,12,8,4,536.4
22990006587000,64,34,30,2515.2
22990006588000,34,20,14,1111.8
22990006589000,19,10,9,621.3
22990006590000,3,3,0,0
22990006592000,5,2,3,122
22990006603000,6,4,2,222
22990006604000,13,8,5,347.1
22990006605000,37,21,16,1535.5
22990006606000,32,17,15,1369.6
22990006607000,50,29,21,2425
22990006608000,14,8,6,620.2
22990006609000,6,4,2,147
22990006610000,5,3,2,343
22990006611000,5,2,3,139
22990006612000,14,7,7,554.4
22990006613000,11,5,6,477.4
22990006616000,36,17,19,1436.4
22990006617000,14,8,6,733.6
22990006618000,11,8,3,388.3
22990006621000,1,1,0,0
22990006622000,3,2,1,0
22990006623000,9,5,4,225.9
22990006624000,8,4,4,295.2
22990006625000,45,25,20,1849.5
22990006626000,19,9,10,870.2
22990006627000,13,6,7,544.7
22990006628000,32,13,19,1414.4
22990006629000,25,12,13,887.5
22990006630000,12,5,7,434.4
22990006631000,19,12,7,552.9
22990006632000,11,5,6,356.4
22990006635000,39,24,15,1275.3
22990006636000,3,2,1,0
22990006646000,10,5,5,567
22990006647000,19,8,11,843.6
22990006648000,13,7,6,431.6
22990006649000,13,7,6,612.3
22990006650000,39,20,19,1634.1
22990006651000,11,5,6,492.8
22990006656000,5,2,3,189
22990006657000,35,19,16,1585.5
22990006658000,46,23,23,2116
22990006659000,46,19,27,1421.4
22990006660000,18,8,10,970.2
22990006661000,22,11,11,809.6
22990006662000,41,22,19,1357.1
22990006663000,388,193,195,15558.8
22990006664000,47,27,20,2091.5
22990006665000,10,6,4,449
22990006666000,8,4,4,280.8
22990006667000,30,15,15,1284
22990006668000,87,48,39,3584.4
22990006669000,15,4,11,598.5
22990006670000,15,8,7,550.5
22990006671000,7,5,2,242.9
22990006672000,52,25,27,2017.6
22990006673000,20,8,12,678
22990006674000,47,24,23,1898.8
22990006675000,10,3,7,400
22990006677000,2,1,1,0
22990006678000,4,2,2,0
22990006679000,8,4,4,472
22990006680000,179,87,92,6372.4
22990006681000,243,128,115,8067.6
22990006682000,123,59,64,4932.3
22990006683000,37,20,17,1657.6
22990006684000,4,1,3,0
22990006696000,48,26,22,2241.6
22990006697000,30,18,12,1449
22990006698000,30,16,14,1362
22990006699000,10,8,2,441
22990006700000,8,3,5,363.2
22990006713000,5,3,2,202
22990006724000,13,7,6,683.8
22990006725000,6,4,2,408
22990006726000,22,12,10,1031.8
22990006727000,15,7,8,628.5
22990006728000,21,11,10,726.6
22990006729000,7,3,4,434
22990006730000,10,4,6,470
22990006731000,13,7,6,564.2
22990006732000,18,10,8,622.8
22990006733000,5,3,2,304
22990006734000,46,24,22,1950.4
22990006735000,43,23,20,1775.9
22990006736000,16,9,7,721.6
22990006737000,41,19,22,1906.5
22990006738000,14,3,11,515.2
22990006739000,3,2,1,0
22990006740000,18,8,10,856.8
22990006744000,207,110,97,8073
22990006745000,180,88,92,7524
22990006746000,46,23,23,1807.8
22990006747000,30,17,13,1152
22990006748000,94,46,48,4117.2
22990006749000,535,283,252,22737.5
22990006750000,33,16,17,1514.7
22990006751000,21,10,11,833.7
22990006752000,44,18,26,1790.8
22990006753000,41,22,19,1607.2
22990006754000,40,20,20,1780
22990006755000,14,11,3,579.6
22990006756000,14,6,8,498.4
22990006757000,2,1,1,0
22990006763000,5,3,2,147
22990006779000,7,5,2,319.9
22990006780000,5,3,2,90
22990006783000,10,5,5,392
22990006784000,5,2,3,150
22990006802000,6,4,2,381
22990006803000,8,4,4,456.8
22990006804000,5,3,2,290
22990006805000,7,3,4,266
22990006806000,10,6,4,574
22990006807000,1,0,1,0
22990006828000,1,0,1,0
22990006831000,3,2,1,0
22990006837000,1,0,1,0
22990006840000,5,2,3,290
22990006842000,3,2,1,0
22990006843000,10,5,5,541
22990006844000,22,9,13,1117.6
22990006845000,71,35,36,2989.1
22990006846000,54,25,29,3045.6
22990006848000,5,1,4,206
22990006849000,42,20,22,1764
22990006850000,21,10,11,1010.1
22990006851000,13,5,8,600.6
22990006852000,15,10,5,763.5
22990006853000,9,5,4,452.7
22990006854000,9,2,7,405.9
22990006929000,5,2,3,151
22990006930000,2,1,1,0
22990006937000,8,5,3,355.2
22990006938000,19,12,7,906.3
22990006939000,99,48,51,4554
22990006940000,50,31,19,2150
22990006941000,31,13,18,1249.3
22990006942000,1,0,1,0
22990006986000,8,4,4,392.8
22990007014000,11,6,5,398.2
22990007015000,2,1,1,0
22990007016000,2,1,1,0
22990007021000,34,21,13,1349.8
22990007022000,25,12,13,915
22990007035000,18,11,7,446.4
22990007038000,1,1,0,0
22990007039000,7,4,3,240.8
22990007040000,66,34,32,2164.8
22990007041000,90,49,41,3501
22990007042000,292,153,139,10774.8
22990007043000,150,79,71,5730
22990007044000,123,63,60,4378.8
22990007045000,583,306,277,19938.6
22990007046000,29,17,12,1394.9
22990007047000,29,14,15,983.1
22990007048000,1,1,0,0
22990007053000,17,11,6,669.8
22990007056000,15,7,8,487.5
22990007057000,16,9,7,702.4
22990007058000,29,16,13,1075.9
22990007059000,42,21,21,1940.4
22990007060000,17,12,5,634.1
22990007069000,4,2,2,0
22990007074000,5,3,2,250
22990007075000,1,1,0,0
22990007092000,16,7,9,928
22990007102000,13,7,6,552.5
22990007141000,3,1,2,0
22990007145000,3,2,1,0
22990007155000,7,2,5,219.8
22990007156000,4,2,2,0
22990007158000,4,2,2,0
22990007159000,1,1,0,0
22990007160000,6,5,1,183
22990007200000,6,2,4,301.8
23000006531000,4,2,2,0
23000006532000,7,4,3,240.1
23000006533000,2,1,1,0
23000006534000,6,4,2,379.8
23000006535000,10,6,4,360
23000006536000,1,1,0,0
23000006537000,2,2,0,0
23000006538000,1,0,1,0
23000006539000,10,4,6,354
23000006540000,7,5,2,422.8
23000006541000,5,3,2,259
23000006542000,4,2,2,0
23000006544000,33,17,16,1488.3
23000006545000,9,5,4,306
23000006546000,10,5,5,424
23000006547000,38,22,16,1257.8
23000006551000,6,2,4,186
23000006564000,4,2,2,0
23000006565000,16,9,7,756.8
23000006566000,10,7,3,469
23000006582000,12,7,5,476.4
23000006583000,3,2,1,0
23000006584000,17,9,8,523.6
23000006585000,24,12,12,1003.2
23000006586000,9,6,3,477
23000006588000,21,11,10,743.4
23000006605000,24,14,10,1219.2
23000006606000,31,16,15,1422.9
23000006607000,15,10,5,535.5
23000006608000,7,5,2,457.8
23000006609000,14,6,8,618.8
23000006610000,1,0,1,0
23000006612000,3,1,2,0
23000006616000,9,4,5,287.1
23000006617000,2,1,1,0
23000006618000,2,2,0,0
23000006619000,4,1,3,0
23000006621000,9,6,3,398.7
23000006622000,36,18,18,1630.8
23000006623000,5,2,3,225
23000006624000,63,34,29,2746.8
23000006625000,529,249,280,24016.6
23000006626000,10,7,3,427
23000006627000,4,1,3,0
23000006628000,34,18,16,1472.2
23000006629000,69,36,33,3325.8
23000006630000,36,17,19,1288.8
23000006631000,10,4,6,462
23000006632000,29,19,10,948.3
23000006633000,3,0,3,0
23000006634000,243,129,114,10133.1
23000006635000,47,31,16,1828.3
23000006636000,14,7,7,618.8
23000006637000,6,3,3,351
23000006638000,1,1,0,0
23000006646000,2,1,1,0
23000006647000,30,15,15,1353
23000006648000,309,139,170,13348.8
23000006649000,182,95,87,6188
23000006650000,78,44,34,3003
23000006651000,32,17,15,1302.4
23000006652000,9,6,3,260.1
23000006659000,42,18,24,1302
23000006660000,6,3,3,286.8
23000006661000,2,1,1,0
23000006662000,25,12,13,1127.5
23000006663000,95,50,45,3572
23000006664000,18,9,9,788.4
23000006665000,17,8,9,646
23000006666000,139,75,64,6185.5
23000006667000,20,9,11,464
23000006668000,26,13,13,694.2
23000006669000,20,12,8,850
23000006670000,15,9,6,703.5
23000006671000,24,10,14,914.4
23000006672000,29,16,13,1177.4
23000006673000,136,67,69,5848
23000006674000,38,20,18,1922.8
23000006675000,3,2,1,0
23000006676000,4,3,1,0
23000006678000,8,4,4,292.8
23000006679000,31,15,16,1181.1
23000006680000,194,95,99,7643.6
23000006681000,207,104,103,8611.2
23000006682000,142,77,65,6432.6
23000006683000,35,18,17,1746.5
23000006684000,6,3,3,237
23000006713000,5,3,2,173
23000006725000,7,2,5,356.3
23000006726000,13,6,7,496.6
23000006727000,2,2,0,0
23000006728000,24,13,11,859.2
23000006729000,30,17,13,1239
23000006730000,59,26,33,2413.1
23000006731000,78,43,35,2971.8
23000006732000,151,82,69,6493
23000006733000,407,186,221,18437.1
23000006734000,18,9,9,694.8
23000006735000,47,22,25,2105.6
23000006736000,72,42,30,3276
23000006737000,43,21,22,1698.5
23000006738000,6,3,3,210
23000006739000,18,9,9,873
23000006740000,37,16,21,1354.2
23000006741000,6,3,3,327
23000006742000,22,9,13,800.8
23000006743000,27,14,13,1182.6
23000006744000,285,143,142,10602
23000006745000,144,77,67,5500.8
23000006746000,24,12,12,1120.8
23000006747000,131,61,70,5554.4
23000006748000,185,82,103,8787.5
23000006749000,41,25,16,1820.4
23000006750000,35,21,14,1529.5
23000006751000,32,17,15,1491.2
23000006752000,25,13,12,855
23000006753000,41,17,24,1611.3
23000006754000,17,9,8,669.8
23000006755000,65,33,32,2951
23000006756000,9,4,5,405.9
23000006757000,4,1,3,0
23000006777000,1,1,0,0
23000006781000,25,15,10,1102.5
23000006782000,26,9,17,1175.2
23000006783000,12,7,5,530.4
23000006784000,20,10,10,860
23000006800000,1,0,1,0
23000006801000,18,4,14,752.4
23000006802000,1,1,0,0
23000006803000,2,0,2,0
23000006804000,12,4,8,696
23000006805000,1,0,1,0
23000006836000,2,1,1,0
23000006843000,4,2,2,0
23000006844000,14,6,8,553
23000006845000,9,5,4,476.1
23000006846000,13,7,6,659.1
23000006849000,11,6,5,522.5
23000006850000,18,9,9,853.2
23000006851000,12,7,5,672
23000006930000,9,4,5,342.9
23000006931000,2,2,0,0
23000006936000,1,1,0,0
23000006937000,27,11,16,1028.7
23000006938000,44,27,17,1817.2
23000006939000,44,21,23,2186.8
23000006940000,9,5,4,513
23000006943000,1,0,1,0
23000006985000,25,11,14,1340
23000007013000,1,1,0,0
23000007014000,36,20,16,1479.6
23000007015000,34,15,19,2196.4
23000007016000,575,263,312,27025
23000007017000,239,116,123,9631.7
23000007018000,3,1,2,0
23000007019000,38,23,15,1398.4
23000007021000,2,1,1,0
23000007022000,54,30,24,2268
23000007035000,117,62,55,3989.7
23000007036000,2,1,1,0
23000007040000,41,19,22,1582.6
23000007041000,49,27,22,2033.5
23000007042000,41,26,15,1586.7
23000007043000,9,4,5,339.3
23000007045000,25,11,14,900
23000007046000,5,3,2,229
23000007048000,19,10,9,575.7
23000007052000,17,9,8,659.6
23000007053000,11,7,4,475.2
23000007055000,4,3,1,0
23000007056000,2,1,1,0
23000007057000,9,4,5,483.3
23000007058000,150,80,70,5745
23000007064000,8,4,4,311.2
23000007075000,8,6,2,328
23000007076000,5,2,3,341
23000007081000,15,7,8,424.5
23000007084000,11,6,5,531.3
23000007089000,5,2,3,220
23000007090000,2,1,1,0
23000007093000,13,8,5,535.6
23000007094000,11,4,7,493.9
23000007139000,10,6,4,491
23000007140000,4,2,2,0
23000007141000,12,6,6,516
23000007156000,4,3,1,0
23000007159000,2,1,1,0
23000007204000,22,11,11,888.8
23000007205000,11,8,3,264
23010006541000,4,1,3,0
23010006542000,7,3,4,338.8
23010006543000,43,27,16,1767.3
23010006544000,51,29,22,2060.4
23010006548000,1,1,0,0
23010006552000,1,1,0,0
23010006561000,4,2,2,0
23010006564000,3,1,2,0
23010006565000,17,10,7,681.7
23010006566000,11,6,5,438.9
23010006582000,4,2,2,0
23010006584000,8,3,5,304.8
23010006585000,9,4,5,437.4
23010006586000,6,3,3,156
23010006587000,6,3,3,385.2
23010006588000,62,40,22,2424.2
23010006589000,14,7,7,525
23010006591000,4,3,1,0
23010006605000,27,11,16,1104.3
23010006606000,24,10,14,1020
23010006607000,13,8,5,457.6
23010006608000,9,5,4,269.1
23010006616000,18,10,8,786.6
23010006617000,3,1,2,0
23010006620000,20,11,9,842
23010006621000,12,5,7,598.8
23010006622000,5,3,2,202
23010006623000,7,4,3,284.9
23010006624000,3,2,1,0
23010006625000,134,67,67,5963
23010006626000,19,10,9,946.2
23010006627000,10,4,6,505
23010006628000,22,13,9,1126.4
23010006629000,28,18,10,1184.4
23010006630000,49,21,28,1568
23010006631000,118,70,48,4649.2
23010006632000,23,10,13,933.8
23010006633000,258,109,149,12435.6
23010006634000,206,94,112,9228.8
23010006635000,5,3,2,171
23010006636000,25,12,13,1057.5
23010006646000,9,5,4,332.1
23010006647000,186,89,97,7533
23010006648000,1365,652,713,57193.5
23010006649000,130,62,68,5161
23010006650000,65,34,31,2268.5
23010006651000,61,30,31,2470.5
23010006652000,24,14,10,1183.2
23010006663000,31,17,14,1333
23010006664000,55,32,23,2123
23010006665000,19,10,9,872.1
23010006666000,66,35,31,2303.4
23010006667000,53,29,24,1764.9
23010006669000,43,22,21,1677
23010006670000,85,45,40,3272.5
23010006671000,12,7,5,415.2
23010006672000,22,10,12,1188
23010006673000,58,29,29,2122.8
23010006674000,276,142,134,13413.6
23010006675000,48,24,24,1881.6
23010006676000,32,16,16,1193.6
23010006677000,28,16,12,1122.8
23010006678000,4,2,2,0
23010006679000,88,49,39,4144.8
23010006680000,61,33,28,2269.2
23010006681000,24,9,15,976.8
23010006682000,2,1,1,0
23010006712000,15,10,5,586.5
23010006714000,1,1,0,0
23010006727000,6,4,2,337.2
23010006728000,9,4,5,416.7
23010006729000,16,8,8,708.8
23010006730000,19,11,8,760
23010006731000,74,34,40,2989.6
23010006732000,97,39,58,3395
23010006733000,46,27,19,1660.6
23010006734000,37,16,21,1583.6
23010006735000,37,18,19,2079.4
23010006736000,39,22,17,1579.5
23010006737000,70,39,31,3010
23010006738000,36,17,19,1965.6
23010006739000,104,56,48,4700.8
23010006740000,19,10,9,843.6
23010006742000,7,3,4,247.8
23010006743000,24,16,8,1024.8
23010006744000,50,23,27,2010
23010006745000,19,9,10,834.1
23010006746000,216,114,102,7387.2
23010006747000,746,364,382,31705
23010006748000,1019,478,541,47689.2
23010006749000,517,253,264,21714
23010006750000,19,11,8,1031.7
23010006751000,28,16,12,1036
23010006752000,34,18,16,1441.6
23010006753000,48,27,21,2318.4
23010006754000,72,40,32,2311.2
23010006755000,7,5,2,361.2
23010006782000,27,16,11,1198.8
23010006783000,35,15,20,1361.5
23010006784000,19,10,9,769.5
23010006794000,11,6,5,556.6
23010006798000,9,6,3,356.4
23010006799000,16,10,6,555.2
23010006800000,8,2,6,332.8
23010006841000,5,3,2,241
23010006844000,6,3,3,249
23010006845000,4,2,2,0
23010006846000,13,7,6,728
23010006847000,1,1,0,0
23010006848000,1,1,0,0
23010006930000,1,0,1,0
23010006936000,23,9,14,933.8
23010006937000,30,15,15,1371
23010006938000,25,14,11,1000
23010006984000,12,7,5,634.8
23010006985000,8,3,5,418.4
23010007013000,30,18,12,1413
23010007014000,24,12,12,1072.8
23010007015000,41,23,18,1816.3
23010007016000,75,37,38,3592.5
23010007017000,170,84,86,6817
23010007018000,27,16,11,1420.2
23010007019000,1,0,1,0
23010007022000,33,17,16,1372.8
23010007023000,27,14,13,1236.6
23010007035000,9,4,5,404.1
23010007036000,25,13,12,925
23010007039000,7,3,4,177.8
23010007040000,41,20,21,1607.2
23010007041000,30,13,17,1239
23010007042000,44,24,20,1931.6
23010007043000,27,16,11,1053
23010007045000,2,1,1,0
23010007048000,7,4,3,291.2
23010007052000,16,10,6,553.6
23010007053000,33,15,18,1468.5
23010007056000,13,8,5,405.6
23010007057000,30,13,17,1119
23010007058000,40,20,20,1544
23010007059000,15,7,8,577.5
23010007064000,3,1,2,0
23010007065000,6,3,3,318
23010007069000,4,3,1,0
23010007077000,6,4,2,198
23010007078000,8,5,3,440
23010007081000,4,4,0,0
23010007082000,17,8,9,872.1
23010007083000,10,7,3,407
23010007084000,9,4,5,468.9
23010007089000,5,3,2,324
23010007090000,13,9,4,496.6
23010007091000,1,1,0,0
23010007094000,18,9,9,806.4
23010007103000,1,1,0,0
23010007158000,9,5,4,315
23010007159000,11,5,6,577.5
23010007199000,1,1,0,0
23010007201000,1,1,0,0
23010007203000,10,5,5,322
23020006536000,2,1,1,0
23020006540000,3,2,1,0
23020006541000,2,1,1,0
23020006547000,2,2,0,0
23020006551000,6,4,2,279
23020006553000,6,2,4,273
23020006561000,9,6,3,405.9
23020006563000,8,3,5,311.2
23020006564000,7,3,4,448
23020006584000,9,5,4,403.2
23020006585000,8,7,1,334.4
23020006593000,4,3,1,0
23020006605000,19,10,9,1153.3
23020006606000,68,32,36,2937.6
23020006607000,59,31,28,2129.9
23020006615000,11,7,4,513.7
23020006616000,2,1,1,0
23020006617000,14,8,6,481.6
23020006618000,16,7,9,440
23020006619000,22,12,10,998.8
23020006620000,44,24,20,1526.8
23020006621000,4,2,2,0
23020006623000,3,1,2,0
23020006624000,2,1,1,0
23020006625000,26,16,10,1060.8
23020006626000,19,9,10,661.2
23020006627000,8,5,3,331.2
23020006628000,12,7,5,603.6
23020006629000,19,9,10,638.4
23020006630000,35,21,14,1246
23020006631000,32,13,19,1145.6
23020006632000,15,7,8,640.5
23020006633000,352,185,167,15100.8
23020006634000,132,73,59,5702.4
23020006635000,183,91,92,7082.1
23020006636000,342,175,167,13611.6
23020006637000,23,15,8,890.1
23020006638000,20,11,9,634
23020006646000,10,4,6,498
23020006647000,48,25,23,2371.2
23020006648000,886,434,452,32427.6
23020006649000,128,67,61,4902.4
23020006651000,30,13,17,1029
23020006652000,10,5,5,227
23020006653000,9,6,3,340.2
23020006664000,6,3,3,238.2
23020006665000,85,44,41,3910
23020006666000,31,17,14,1540.7
23020006667000,22,12,10,858
23020006668000,37,20,17,1402.3
23020006669000,5,4,1,201
23020006670000,99,57,42,3920.4
23020006671000,29,13,16,1374.6
23020006672000,6,3,3,160.8
23020006673000,5,3,2,175
23020006674000,133,74,59,4841.2
23020006676000,35,18,17,1417.5
23020006677000,26,14,12,1141.4
23020006678000,3,2,1,0
23020006679000,2,1,1,0
23020006680000,56,29,27,1859.2
23020006712000,2,1,1,0
23020006727000,5,3,2,92
23020006729000,23,12,11,1274.2
23020006730000,81,48,33,3823.2
23020006731000,77,38,39,3457.3
23020006732000,20,12,8,1046
23020006733000,10,4,6,463
23020006734000,7,5,2,326.2
23020006735000,68,33,35,3298
23020006736000,33,20,13,1316.7
23020006737000,14,8,6,495.6
23020006738000,56,28,28,2329.6
23020006739000,125,63,62,5025
23020006740000,8,5,3,380
23020006741000,8,5,3,251.2
23020006742000,13,8,5,551.2
23020006743000,6,4,2,238.8
23020006745000,27,14,13,996.3
23020006746000,33,13,20,1425.6
23020006747000,13,8,5,543.4
23020006748000,39,20,19,1521
23020006749000,116,62,54,4512.4
23020006750000,22,14,8,915.2
23020006751000,69,37,32,2663.4
23020006752000,28,16,12,1170.4
23020006753000,177,88,89,7080
23020006754000,52,28,24,2038.4
23020006755000,48,24,24,1915.2
23020006756000,26,16,10,1058.2
23020006775000,16,10,6,745.6
23020006776000,66,38,28,3022.8
23020006781000,22,11,11,739.2
23020006783000,66,38,28,2857.8
23020006784000,88,44,44,3916
23020006785000,20,9,11,584
23020006786000,1,1,0,0
23020006794000,3,2,1,0
23020006795000,5,3,2,342
23020006796000,37,23,14,1531.8
23020006797000,6,5,1,297
23020006821000,1,1,0,0
23020006823000,6,4,2,163.8
23020006932000,3,2,1,0
23020006933000,3,2,1,0
23020006934000,23,11,12,945.3
23020006935000,17,11,6,834.7
23020006936000,34,20,14,1363.4
23020006937000,12,5,7,532.8
23020006983000,1,1,0,0
23020006984000,23,12,11,901.6
23020007012000,4,3,1,0
23020007013000,27,17,10,1061.1
23020007014000,74,36,38,2797.2
23020007015000,6,3,3,160.8
23020007017000,3,1,2,0
23020007018000,32,16,16,1312
23020007019000,19,10,9,834.1
23020007020000,3,2,1,0
23020007022000,23,12,11,1069.5
23020007023000,94,46,48,3337
23020007024000,24,15,9,1036.8
23020007033000,17,9,8,591.6
23020007035000,12,4,8,381.6
23020007040000,29,14,15,1191.9
23020007041000,10,7,3,464
23020007042000,17,7,10,715.7
23020007043000,29,14,15,1481.9
23020007044000,13,5,8,591.5
23020007048000,9,5,4,260.1
23020007056000,2,1,1,0
23020007057000,30,15,15,1527
23020007058000,24,15,9,936
23020007059000,35,19,16,997.5
23020007061000,9,4,5,341.1
23020007065000,7,3,4,221.9
23020007069000,8,5,3,391.2
23020007070000,17,8,9,554.2
23020007078000,9,3,6,501.3
23020007079000,6,4,2,325.8
23020007080000,11,5,6,471.9
23020007081000,46,22,24,1872.2
23020007082000,87,47,40,3480
23020007083000,40,24,16,1280
23020007090000,9,4,5,466.2
23020007091000,5,3,2,315
23020007095000,1,1,0,0
23020007157000,11,6,5,227.7
23020007158000,26,17,9,1242.8
23020007159000,141,67,74,5950.2
23020007160000,3,2,1,0
23020007203000,18,6,12,532.8
23030006535000,2,2,0,0
23030006536000,1,0,1,0
23030006540000,5,3,2,168
23030006549000,4,2,2,0
23030006550000,4,3,1,0
23030006551000,8,2,6,368.8
23030006552000,17,8,9,671.5
23030006554000,4,2,2,0
23030006561000,4,2,2,0
23030006564000,4,2,2,0
23030006565000,12,7,5,428.4
23030006581000,2,1,1,0
23030006582000,20,10,10,1004
23030006583000,7,3,4,247.1
23030006584000,2,1,1,0
23030006585000,6,4,2,145.2
23030006586000,4,2,2,0
23030006587000,1,1,0,0
23030006588000,6,4,2,268.2
23030006589000,9,4,5,320.4
23030006604000,5,3,2,137
23030006605000,4,1,3,0
23030006606000,57,32,25,2473.8
23030006607000,4,2,2,0
23030006610000,4,2,2,0
23030006611000,5,4,1,324
23030006612000,5,3,2,173
23030006613000,7,5,2,282.1
23030006614000,20,8,12,820
23030006615000,33,20,13,1534.5
23030006616000,37,18,19,1461.5
23030006619000,5,3,2,92
23030006620000,2,1,1,0
23030006622000,3,2,1,0
23030006623000,9,5,4,369.9
23030006624000,8,4,4,396.8
23030006625000,43,22,21,1823.2
23030006630000,11,7,4,534.6
23030006631000,28,14,14,952
23030006632000,66,32,34,3108.6
23030006633000,9,5,4,196.2
23030006634000,3,0,3,0
23030006635000,4,2,2,0
23030006636000,120,70,50,4284
23030006637000,33,19,14,1174.8
23030006638000,31,15,16,1246.2
23030006639000,34,16,18,1332.8
23030006646000,1,0,1,0
23030006647000,64,39,25,2387.2
23030006648000,252,112,140,9475.2
23030006649000,14,7,7,544.6
23030006650000,5,4,1,250
23030006651000,16,9,7,761.6
23030006652000,2,0,2,0
23030006653000,15,7,8,540
23030006666000,848,432,416,33326.4
23030006667000,188,99,89,6316.8
23030006668000,58,27,31,2105.4
23030006669000,706,327,379,34594
23030006670000,858,368,490,47790.6
23030006671000,12,3,9,494.4
23030006672000,6,2,4,244.2
23030006673000,1,1,0,0
23030006674000,17,9,8,685.1
23030006675000,11,6,5,500.5
23030006676000,24,12,12,710.4
23030006677000,45,26,19,2034
23030006678000,37,20,17,1465.2
23030006679000,16,6,10,516.8
23030006712000,2,1,1,0
23030006725000,5,2,3,113
23030006728000,10,5,5,444
23030006729000,31,20,11,1357.8
23030006730000,6,4,2,94.2
23030006733000,4,2,2,0
23030006734000,4,2,2,0
23030006735000,23,10,13,1113.2
23030006736000,11,5,6,456.5
23030006738000,25,11,14,685
23030006739000,39,19,20,1770.6
23030006741000,9,3,6,448.2
23030006742000,2,1,1,0
23030006743000,2,2,0,0
23030006745000,22,12,10,616
23030006746000,47,25,22,1912.9
23030006747000,42,22,20,1869
23030006748000,66,35,31,3161.4
23030006749000,66,34,32,2514.6
23030006750000,41,23,18,1594.9
23030006751000,14,7,7,508.2
23030006752000,8,4,4,412.8
23030006753000,82,46,36,3386.6
23030006754000,99,45,54,4692.6
23030006755000,19,11,8,741
23030006756000,27,11,16,1050.3
23030006773000,4,0,4,0
23030006774000,11,8,3,460.9
23030006775000,16,9,7,590.4
23030006776000,14,8,6,679
23030006777000,13,9,4,626.6
23030006778000,8,4,4,295.2
23030006779000,5,3,2,327
23030006780000,7,7,0,317.1
23030006781000,64,35,29,2016
23030006782000,665,329,336,23009
23030006783000,72,36,36,2988
23030006784000,121,61,60,4585.9
23030006785000,53,30,23,2072.3
23030006786000,7,1,6,237.3
23030006787000,6,3,3,193.2
23030006788000,2,2,0,0
23030006789000,1,1,0,0
23030006791000,3,2,1,0
23030006792000,10,6,4,560
23030006793000,25,11,14,1210
23030006794000,26,16,10,1289.6
23030006795000,23,12,11,1115.5
23030006796000,3,1,2,0
23030006797000,5,3,2,182
23030006820000,1,1,0,0
23030006821000,4,3,1,0
23030006919000,6,4,2,403.2
23030006920000,50,27,23,2210
23030006921000,5,3,2,227
23030006934000,15,6,9,664.5
23030006935000,33,24,9,1570.8
23030006936000,19,9,10,925.3
23030006982000,5,3,2,250
23030006983000,45,23,22,1912.5
23030007012000,12,7,5,470.4
23030007013000,8,6,2,260
23030007014000,61,28,33,2580.3
23030007015000,9,7,2,399.6
23030007017000,6,3,3,471
23030007018000,76,47,29,3321.2
23030007019000,23,12,11,1081
23030007020000,33,12,21,1339.8
23030007021000,23,12,11,989
23030007022000,20,9,11,1088
23030007023000,65,37,28,2587
23030007024000,5,3,2,318
23030007033000,24,11,13,924
23030007034000,48,25,23,1670.4
23030007035000,76,45,31,2644.8
23030007040000,2,1,1,0
23030007041000,37,18,19,1513.3
23030007042000,37,22,15,1413.4
23030007043000,67,31,36,2211
23030007044000,26,13,13,1336.4
23030007045000,36,19,17,1328.4
23030007046000,2,1,1,0
23030007048000,22,9,13,860.2
23030007049000,14,6,8,403.2
23030007050000,26,12,14,821.6
23030007051000,5,3,2,168
23030007057000,2,1,1,0
23030007058000,41,14,27,1656.4
23030007059000,162,79,83,5767.2
23030007060000,4,3,1,0
23030007066000,7,5,2,273.7
23030007068000,13,7,6,279.5
23030007069000,11,6,5,430.1
23030007070000,24,14,10,1058.4
23030007071000,15,8,7,654
23030007074000,4,2,2,0
23030007075000,21,11,10,829.5
23030007081000,11,5,6,543.4
23030007082000,158,72,86,7852.6
23030007083000,46,25,21,2194.2
23030007090000,8,4,4,436
23030007104000,2,1,1,0
23030007154000,7,4,3,317.8
23030007155000,11,6,5,519.2
23030007156000,2,1,1,0
23030007157000,11,4,7,442.2
23030007158000,110,52,58,4598
23030007159000,157,83,74,6625.4
23030007160000,2,1,1,0
23030007198000,2,1,1,0
23030007200000,18,11,7,793.8
23030007204000,8,5,3,427.2
23030007205000,6,2,4,181.2
23040006538000,3,2,1,0
23040006539000,10,5,5,548
23040006540000,3,0,3,0
23040006550000,6,3,3,252
23040006551000,7,4,3,300.3
23040006553000,4,3,1,0
23040006564000,2,0,2,0
23040006580000,4,3,1,0
23040006581000,12,6,6,488.4
23040006589000,2,1,1,0
23040006590000,6,2,4,262.2
23040006605000,4,3,1,0
23040006612000,6,3,3,187.8
23040006613000,10,7,3,440
23040006614000,6,4,2,303
23040006619000,3,2,1,0
23040006620000,8,2,6,246.4
23040006622000,21,13,8,730.8
23040006623000,2,2,0,0
23040006630000,4,2,2,0
23040006631000,39,19,20,1302.6
23040006632000,26,13,13,1203.8
23040006633000,4,2,2,0
23040006634000,16,10,6,846.4
23040006635000,19,10,9,794.2
23040006637000,43,20,23,1840.4
23040006638000,8,3,5,452.8
23040006639000,22,9,13,860.2
23040006640000,11,6,5,574.2
23040006641000,19,9,10,860.7
23040006646000,6,4,2,267
23040006647000,66,32,34,2191.2
23040006648000,54,29,25,2176.2
23040006649000,7,5,2,298.2
23040006650000,19,8,11,779
23040006651000,15,7,8,688.5
23040006652000,30,15,15,1299
23040006653000,29,18,11,1386.2
23040006654000,3,2,1,0
23040006666000,246,115,131,8659.2
23040006667000,76,37,39,3199.6
23040006668000,125,60,65,5375
23040006669000,1006,487,519,44264
23040006670000,425,202,223,19465
23040006671000,880,420,460,36608
23040006672000,42,25,17,1491
23040006673000,19,10,9,545.3
23040006674000,13,7,6,335.4
23040006675000,73,40,33,3292.3
23040006676000,10,6,4,432
23040006677000,10,4,6,345
23040006678000,32,15,17,1734.4
23040006679000,63,32,31,2809.8
23040006702000,5,2,3,93
23040006703000,18,8,10,873
23040006706000,4,2,2,0
23040006707000,9,5,4,374.4
23040006728000,4,1,3,0
23040006729000,2,1,1,0
23040006735000,2,1,1,0
23040006740000,1,1,0,0
23040006742000,1,0,1,0
23040006743000,1,0,1,0
23040006744000,8,3,5,243.2
23040006745000,14,8,6,589.4
23040006746000,13,6,7,657.8
23040006748000,12,7,5,591.6
23040006749000,24,12,12,988.8
23040006750000,21,11,10,814.8
23040006751000,2,1,1,0
23040006752000,6,3,3,252
23040006754000,4,1,3,0
23040006755000,7,4,3,240.8
23040006770000,4,1,3,0
23040006772000,11,8,3,365.2
23040006773000,5,3,2,210
23040006774000,14,6,8,547.4
23040006775000,33,19,14,1425.6
23040006776000,50,23,27,2050
23040006777000,60,32,28,2310
23040006778000,21,11,10,959.7
23040006779000,9,6,3,326.7
23040006780000,20,13,7,1032
23040006781000,60,28,32,2178
23040006782000,446,235,211,19757.8
23040006783000,672,353,319,27753.6
23040006784000,279,158,121,11885.4
23040006785000,22,11,11,996.6
23040006786000,32,19,13,1424
23040006787000,14,7,7,688.8
23040006788000,1,1,0,0
23040006818000,1,1,0,0
23040006819000,16,8,8,928
23040006820000,4,2,2,0
23040006918000,1,1,0,0
23040006920000,4,2,2,0
23040006934000,49,25,24,1960
23040006935000,65,29,36,3055
23040006936000,21,9,12,1220.1
23040006963000,2,2,0,0
23040006964000,3,1,2,0
23040006967000,4,2,2,0
23040006982000,11,6,5,401.5
23040006983000,56,31,25,2710.4
23040007012000,49,26,23,2327.5
23040007013000,35,23,12,1249.5
23040007014000,60,27,33,2892
23040007015000,14,9,5,561.4
23040007017000,1,0,1,0
23040007018000,38,16,22,1413.6
23040007019000,242,126,116,9873.6
23040007020000,61,29,32,2415.6
23040007021000,8,5,3,383.2
23040007033000,40,22,18,1324
23040007034000,44,24,20,1729.2
23040007035000,23,10,13,837.2
23040007041000,10,3,7,234
23040007042000,59,34,25,1941.1
23040007043000,39,17,22,1614.6
23040007044000,44,22,22,1636.8
23040007045000,6,3,3,265.8
23040007046000,66,41,25,2508
23040007047000,45,25,20,1624.5
23040007048000,20,9,11,890
23040007049000,61,30,31,2116.7
23040007050000,21,13,8,882
23040007051000,22,12,10,1051.6
23040007052000,3,2,1,0
23040007058000,11,6,5,594
23040007059000,481,229,252,22077.9
23040007060000,20,11,9,682
23040007061000,10,6,4,400
23040007062000,22,12,10,1082.4
23040007066000,2,1,1,0
23040007067000,7,5,2,259
23040007068000,39,16,23,1407.9
23040007069000,198,100,98,7365.6
23040007070000,131,70,61,4886.3
23040007074000,6,4,2,307.2
23040007075000,11,4,7,456.5
23040007076000,7,4,3,375.9
23040007079000,2,1,1,0
23040007083000,33,18,15,1554.3
23040007084000,3,2,1,0
23040007088000,2,1,1,0
23040007089000,26,16,10,1341.6
23040007090000,19,7,12,760
23040007096000,1,1,0,0
23040007097000,12,5,7,655.2
23040007153000,1,1,0,0
23040007154000,4,2,2,0
23040007158000,17,10,7,1169.6
23040007159000,49,29,20,1793.4
23040007168000,3,2,1,0
23040007197000,1,1,0,0
23040007198000,5,5,0,222
23040007199000,2,1,1,0
23040007201000,2,1,1,0
23040007205000,2,1,1,0
23040007206000,11,6,5,455.4
23050006538000,9,4,5,453.6
23050006539000,6,3,3,405
23050006560000,6,2,4,150
23050006564000,9,5,4,464.4
23050006565000,11,8,3,423.5
23050006582000,3,1,2,0
23050006588000,2,1,1,0
23050006605000,3,2,1,0
23050006606000,7,5,2,209.3
23050006609000,12,8,4,289.2
23050006610000,25,14,11,1350
23050006611000,5,3,2,203
23050006612000,7,4,3,497.7
23050006613000,11,6,5,590.7
23050006614000,2,1,1,0
23050006618000,4,3,1,0
23050006619000,2,1,1,0
23050006620000,46,20,26,2194.2
23050006621000,6,4,2,346.2
23050006622000,6,2,4,256.8
23050006623000,41,19,22,1754.8
23050006624000,3,2,1,0
23050006625000,1,1,0,0
23050006632000,17,10,7,644.3
23050006633000,16,9,7,729.6
23050006635000,14,8,6,645.4
23050006636000,1,1,0,0
23050006637000,1,1,0,0
23050006638000,47,22,25,2100.9
23050006640000,45,23,22,2331
23050006641000,45,25,20,2097
23050006647000,57,35,22,2570.7
23050006648000,16,9,7,678.4
23050006650000,25,11,14,810
23050006651000,3,2,1,0
23050006653000,9,5,4,455.4
23050006654000,26,13,13,824.2
23050006655000,13,7,6,409.5
23050006665000,1,1,0,0
23050006666000,3,1,2,0
23050006667000,16,8,8,523.2
23050006668000,200,111,89,7260
23050006669000,248,127,121,9969.6
23050006670000,25,13,12,975
23050006671000,99,53,46,4841.1
23050006672000,26,12,14,949
23050006673000,32,17,15,1347.2
23050006674000,25,15,10,790
23050006675000,27,14,13,1123.2
23050006676000,14,7,7,688.8
23050006677000,6,4,2,253.8
23050006678000,27,13,14,1009.8
23050006679000,11,7,4,453.2
23050006681000,14,9,5,548.8
23050006682000,22,15,7,842.6
23050006683000,12,5,7,711.6
23050006685000,4,2,2,0
23050006687000,6,3,3,217.8
23050006688000,24,13,11,981.6
23050006700000,20,10,10,554
23050006701000,8,5,3,216
23050006702000,27,13,14,1293.3
23050006703000,7,4,3,427
23050006705000,39,20,19,1989
23050006706000,83,46,37,3486
23050006709000,2,1,1,0
23050006735000,4,1,3,0
23050006736000,6,5,1,271.8
23050006743000,5,2,3,246
23050006744000,6,2,4,198
23050006745000,41,25,16,1959.8
23050006749000,1,1,0,0
23050006752000,2,1,1,0
23050006753000,4,2,2,0
23050006768000,11,9,2,288.2
23050006769000,36,19,17,1378.8
23050006770000,9,4,5,402.3
23050006772000,2,1,1,0
23050006777000,17,11,6,606.9
23050006778000,11,5,6,473
23050006779000,4,3,1,0
23050006780000,8,4,4,318.4
23050006781000,19,8,11,585.2
23050006782000,35,17,18,1739.5
23050006783000,102,50,52,4049.4
23050006784000,42,28,14,1188.6
23050006785000,8,4,4,476
23050006786000,16,9,7,742.4
23050006810000,6,3,3,102
23050006813000,1,0,1,0
23050006814000,2,1,1,0
23050006815000,1,1,0,0
23050006816000,9,5,4,421.2
23050006932000,7,4,3,331.8
23050006933000,1,0,1,0
23050006934000,325,165,160,13065
23050006935000,215,98,117,10578
23050006936000,10,5,5,594
23050006937000,11,9,2,539
23050006938000,2,2,0,0
23050006962000,1,1,0,0
23050006963000,3,1,2,0
23050006964000,6,3,3,358.8
23050006965000,27,13,14,1055.7
23050006967000,3,2,1,0
23050006968000,19,8,11,953.8
23050006969000,13,7,6,552.5
23050006973000,3,2,1,0
23050006975000,3,2,1,0
23050006976000,11,8,3,484
23050006980000,8,4,4,374.4
23050006981000,18,7,11,604.8
23050006982000,123,62,61,5301.3
23050006983000,32,14,18,1414.4
23050007012000,69,33,36,2835.9
23050007013000,57,28,29,2627.7
23050007014000,54,30,24,2354.4
23050007015000,13,7,6,639.6
23050007020000,17,10,7,737.8
23050007021000,40,22,18,1504
23050007034000,24,12,12,549.6
23050007042000,370,208,162,12876
23050007043000,34,20,14,1611.6
23050007044000,17,8,9,561
23050007046000,14,9,5,641.2
23050007047000,20,10,10,872
23050007048000,46,19,27,1803.2
23050007049000,55,27,28,1831.5
23050007050000,7,4,3,252.7
23050007051000,6,3,3,238.8
23050007058000,7,2,5,112.7
23050007059000,30,14,16,1014
23050007060000,17,9,8,549.1
23050007061000,37,17,20,1609.5
23050007062000,39,23,16,1337.7
23050007063000,16,9,7,702.4
23050007066000,52,28,24,1986.4
23050007067000,18,8,10,810
23050007068000,51,25,26,2203.2
23050007069000,6,4,2,166.2
23050007076000,19,9,10,818.9
23050007077000,71,33,38,3408
23050007078000,36,20,16,1332
23050007079000,4,3,1,0
23050007080000,7,3,4,333.2
23050007083000,5,2,3,362
23050007084000,11,5,6,577.5
23050007087000,1,1,0,0
23050007088000,11,5,6,609.4
23050007089000,27,15,12,1012.5
23050007153000,1,1,0,0
23050007155000,1,0,1,0
23050007159000,6,3,3,214.2
23050007165000,7,3,4,291.9
23050007168000,3,1,2,0
23050007200000,1,1,0,0
23050007206000,24,11,13,763.2
23060006537000,2,1,1,0
23060006538000,6,3,3,208.8
23060006543000,4,1,3,0
23060006560000,4,1,3,0
23060006561000,6,4,2,175.8
23060006565000,2,1,1,0
23060006603000,2,0,2,0
23060006604000,2,1,1,0
23060006605000,35,19,16,1655.5
23060006606000,11,6,5,561
23060006607000,7,3,4,394.1
23060006608000,23,12,11,802.7
23060006609000,1,1,0,0
23060006610000,15,7,8,621
23060006611000,8,4,4,366.4
23060006612000,30,16,14,1116
23060006613000,19,9,10,1039.3
23060006614000,4,2,2,0
23060006615000,3,2,1,0
23060006618000,24,12,12,1012.8
23060006624000,17,8,9,792.2
23060006625000,5,3,2,332
23060006633000,20,10,10,972
23060006637000,17,10,7,839.8
23060006638000,20,12,8,804
23060006639000,7,5,2,193.9
23060006640000,3,2,1,0
23060006641000,43,21,22,2008.1
23060006642000,74,40,34,2989.6
23060006643000,402,207,195,15235.8
23060006644000,53,29,24,1955.7
23060006646000,6,3,3,343.2
23060006647000,71,37,34,3145.3
23060006648000,136,72,64,4841.6
23060006649000,12,5,7,463.2
23060006650000,11,4,7,554.4
23060006651000,12,7,5,501.6
23060006654000,5,1,4,210
23060006655000,4,2,2,0
23060006656000,9,6,3,320.4
23060006666000,3,2,1,0
23060006668000,23,13,10,832.6
23060006669000,7,4,3,434
23060006670000,31,19,12,1150.1
23060006671000,38,18,20,1235
23060006672000,8,3,5,468
23060006673000,7,5,2,436.8
23060006674000,29,15,14,1075.9
23060006675000,35,22,13,1578.5
23060006676000,531,281,250,19859.4
23060006677000,12,4,8,601.2
23060006680000,39,19,20,2047.5
23060006681000,95,47,48,4199
23060006682000,48,23,25,1574.4
23060006683000,16,8,8,788.8
23060006684000,13,9,4,569.4
23060006685000,61,33,28,2635.2
23060006686000,24,13,11,972
23060006687000,16,7,9,937.6
23060006700000,13,7,6,643.5
23060006701000,48,23,25,2011.2
23060006702000,80,37,43,3568
23060006703000,1,1,0,0
23060006704000,10,3,7,383
23060006705000,57,24,33,2240.1
23060006706000,40,22,18,1656
23060006707000,2,2,0,0
23060006708000,6,3,3,352.2
23060006722000,2,1,1,0
23060006724000,2,1,1,0
23060006725000,1,1,0,0
23060006726000,3,1,2,0
23060006727000,5,3,2,225
23060006738000,7,2,5,196
23060006745000,16,6,10,752
23060006753000,6,3,3,187.2
23060006767000,6,5,1,241.2
23060006768000,6,3,3,199.2
23060006784000,2,1,1,0
23060006809000,3,1,2,0
23060006810000,4,1,3,0
23060006811000,5,3,2,232
23060006812000,2,1,1,0
23060006934000,20,11,9,1238
23060006935000,95,50,45,3676.5
23060006936000,6,4,2,313.8
23060006968000,2,1,1,0
23060006969000,18,11,7,844.2
23060006970000,11,5,6,471.9
23060006971000,7,4,3,522.2
23060006973000,5,2,3,219
23060006974000,35,20,15,1368.5
23060006975000,7,4,3,345.1
23060006980000,7,3,4,448
23060006981000,13,8,5,562.9
23060006982000,26,11,15,1240.2
23060006983000,12,6,6,423.6
23060007011000,3,2,1,0
23060007012000,30,16,14,1365
23060007013000,42,17,25,1764
23060007014000,1,0,1,0
23060007021000,15,7,8,588
23060007035000,11,6,5,478.5
23060007042000,71,27,44,4210.3
23060007043000,249,128,121,10433.1
23060007044000,277,140,137,9030.2
23060007045000,43,24,19,1947.9
23060007046000,86,45,41,3104.6
23060007047000,45,23,22,1791
23060007048000,37,16,21,1875.9
23060007049000,29,13,16,1183.2
23060007058000,11,5,6,517
23060007059000,17,8,9,601.8
23060007060000,34,17,17,870.4
23060007061000,17,7,10,569.5
23060007062000,9,3,6,398.7
23060007063000,10,5,5,514
23060007064000,10,7,3,423
23060007066000,15,7,8,754.5
23060007067000,12,6,6,375.6
23060007069000,23,13,10,788.9
23060007070000,16,10,6,772.8
23060007076000,32,16,16,1052.8
23060007077000,16,7,9,972.8
23060007078000,31,15,16,1528.3
23060007079000,31,16,15,1178
23060007084000,8,3,5,450.4
23060007085000,2,1,1,0
23060007086000,2,1,1,0
23060007152000,7,4,3,441.7
23060007153000,8,6,2,428
23060007161000,6,4,2,223.2
23060007162000,2,1,1,0
23060007168000,2,1,1,0
23060007169000,24,12,12,1382.4
23060007199000,1,0,1,0
23060007200000,5,3,2,270
23060007201000,2,2,0,0
23060007203000,4,1,3,0
23060007210000,1,0,1,0
23060007211000,4,3,1,0
23070006538000,46,25,21,1826.2
23070006542000,3,2,1,0
23070006543000,2,2,0,0
23070006544000,2,1,1,0
23070006560000,2,1,1,0
23070006579000,4,2,2,0
23070006603000,6,3,3,316.2
23070006604000,14,7,7,548.8
23070006605000,22,10,12,880
23070006606000,15,8,7,540
23070006607000,19,11,8,853.1
23070006608000,4,2,2,0
23070006610000,4,2,2,0
23070006611000,3,1,2,0
23070006612000,1,1,0,0
23070006613000,14,8,6,449.4
23070006614000,1,1,0,0
23070006616000,2,1,1,0
23070006624000,10,5,5,344
23070006625000,2,1,1,0
23070006638000,39,17,22,1587.3
23070006639000,49,24,25,1832.6
23070006640000,6,4,2,219
23070006641000,11,6,5,512.6
23070006642000,406,202,204,16361.8
23070006643000,1298,624,674,59318.6
23070006644000,154,76,78,6160
23070006645000,43,21,22,1879.1
23070006647000,78,46,32,3143.4
23070006648000,42,22,20,1512
23070006649000,25,15,10,1042.5
23070006662000,1,1,0,0
23070006668000,111,57,54,3962.7
23070006669000,25,12,13,1190
23070006670000,75,35,40,2977.5
23070006671000,31,14,17,1574.8
23070006672000,11,6,5,565.4
23070006673000,26,11,15,1190.8
23070006674000,16,9,7,577.6
23070006675000,65,33,32,2366
23070006676000,63,32,31,2683.8
23070006677000,23,11,12,1018.9
23070006678000,1,1,0,0
23070006679000,42,22,20,1419.6
23070006680000,47,24,23,1710.8
23070006682000,276,144,132,10984.8
23070006683000,3,2,1,0
23070006684000,2,1,1,0
23070006686000,2,1,1,0
23070006700000,49,25,24,2209.9
23070006701000,10,5,5,444
23070006702000,13,7,6,717.6
23070006703000,16,8,8,772.8
23070006704000,31,19,12,1395
23070006705000,101,52,49,3767.3
23070006706000,75,40,35,3360
23070006707000,21,11,10,753.9
23070006721000,1,0,1,0
23070006725000,4,2,2,0
23070006726000,3,1,2,0
23070006739000,2,2,0,0
23070006742000,5,3,2,162
23070006744000,5,2,3,198
23070006745000,20,13,7,984
23070006754000,5,2,3,284
23070006766000,15,10,5,535.5
23070006767000,3,2,1,0
23070006784000,4,3,1,0
23070006785000,12,5,7,487.2
23070006805000,3,2,1,0
23070006934000,47,22,25,2176.1
23070006935000,34,17,17,1842.8
23070006936000,16,11,5,804.8
23070006937000,5,3,2,98
23070006939000,1,1,0,0
23070006973000,38,21,17,1501
23070006974000,44,23,21,1738
23070006975000,16,8,8,1006.4
23070006976000,17,7,10,630.7
23070006983000,5,2,3,201
23070006984000,2,1,1,0
23070007011000,12,6,6,553.2
23070007012000,8,3,5,374.4
23070007013000,5,2,3,282
23070007016000,1,1,0,0
23070007035000,13,8,5,487.5
23070007042000,13,6,7,300.3
23070007043000,33,17,16,1699.5
23070007044000,62,28,34,2436.6
23070007045000,5,1,4,80
23070007046000,14,8,6,536.2
23070007047000,114,63,51,4320.6
23070007048000,77,39,38,2802.8
23070007049000,37,22,15,1365.3
23070007052000,1,1,0,0
23070007057000,12,5,7,631.2
23070007058000,6,2,4,79.8
23070007059000,7,4,3,217.7
23070007060000,15,9,6,622.5
23070007061000,12,7,5,526.8
23070007063000,9,6,3,144
23070007064000,23,9,14,995.9
23070007065000,73,38,35,2555
23070007066000,14,9,5,581
23070007067000,17,7,10,550.8
23070007068000,2,1,1,0
23070007069000,18,9,9,702
23070007077000,19,10,9,659.3
23070007078000,15,6,9,495
23070007079000,24,14,10,885.6
23070007080000,11,7,4,586.3
23070007085000,29,14,15,1484.8
23070007086000,30,15,15,1029
23070007087000,7,4,3,142.8
23070007088000,2,2,0,0
23070007089000,24,10,14,866.4
23070007090000,9,6,3,441
23070007108000,4,3,1,0
23070007151000,1,1,0,0
23070007159000,1,1,0,0
23070007161000,3,2,1,0
23070007162000,5,3,2,263
23070007167000,1,1,0,0
23070007205000,27,8,19,1047.6
23070007207000,5,1,4,84
23070007211000,14,7,7,525
23070007212000,2,1,1,0
23080006537000,46,24,22,2718.6
23080006538000,10,5,5,258
23080006539000,2,1,1,0
23080006540000,2,1,1,0
23080006541000,6,4,2,315
23080006560000,3,1,2,0
23080006561000,3,1,2,0
23080006562000,32,15,17,1110.4
23080006563000,5,1,4,240
23080006564000,4,2,2,0
23080006565000,18,10,8,761.4
23080006571000,2,2,0,0
23080006572000,1,1,0,0
23080006573000,14,6,8,599.2
23080006574000,9,5,4,340.2
23080006575000,11,5,6,356.4
23080006576000,10,5,5,481
23080006578000,3,2,1,0
23080006586000,6,2,4,244.8
23080006587000,2,1,1,0
23080006588000,2,1,1,0
23080006602000,3,2,1,0
23080006603000,6,4,2,148.8
23080006604000,6,3,3,297
23080006606000,1,0,1,0
23080006608000,13,6,7,517.4
23080006609000,7,4,3,282.8
23080006610000,4,2,2,0
23080006611000,9,6,3,487.8
23080006612000,21,10,11,837.9
23080006613000,12,5,7,506.4
23080006615000,29,17,12,1447.1
23080006616000,1,1,0,0
23080006626000,1,0,1,0
23080006639000,11,3,8,374
23080006642000,649,329,320,20703.1
23080006643000,389,192,197,15676.7
23080006646000,16,8,8,593.6
23080006647000,46,26,20,1987.2
23080006648000,12,5,7,505.2
23080006649000,5,3,2,275
23080006650000,2,1,1,0
23080006660000,2,1,1,0
23080006668000,29,15,14,1110.7
23080006669000,20,10,10,702
23080006670000,2,1,1,0
23080006673000,18,7,11,880.2
23080006674000,32,16,16,1580.8
23080006675000,269,148,121,8742.5
23080006676000,26,15,11,1261
23080006677000,11,6,5,443.3
23080006679000,45,27,18,2016
23080006680000,18,10,8,693
23080006682000,56,32,24,2452.8
23080006683000,38,19,19,1311
23080006684000,11,2,9,482.9
23080006698000,29,15,14,1017.9
23080006699000,8,4,4,252.8
23080006700000,144,75,69,6134.4
23080006701000,57,31,26,3100.8
23080006702000,65,34,31,2704
23080006703000,29,16,13,1615.3
23080006704000,26,11,15,1001
23080006705000,13,7,6,633.1
23080006717000,2,1,1,0
23080006737000,10,4,6,409
23080006738000,33,19,14,1630.2
23080006739000,2,1,1,0
23080006742000,30,17,13,1173
23080006743000,4,2,2,0
23080006744000,13,7,6,666.9
23080006754000,15,10,5,691.5
23080006765000,47,25,22,1621.5
23080006766000,19,10,9,1018.4
23080006767000,8,4,4,356.8
23080006785000,32,14,18,1590.4
23080006804000,4,2,2,0
23080006936000,7,5,2,305.2
23080006937000,11,7,4,520.3
23080006940000,14,8,6,609
23080006941000,35,24,11,1554
23080006942000,10,6,4,446
23080006973000,22,11,11,840.4
23080006974000,48,28,20,2078.4
23080006975000,11,6,5,532.4
23080007011000,22,12,10,915.2
23080007012000,11,5,6,568.7
23080007016000,1,0,1,0
23080007023000,1,1,0,0
23080007035000,16,9,7,710.4
23080007042000,21,11,10,636.3
23080007043000,20,12,8,872
23080007044000,4,4,0,0
23080007046000,16,9,7,433.6
23080007047000,15,6,9,442.5
23080007048000,5,3,2,166
23080007049000,18,9,9,520.2
23080007059000,13,7,6,356.2
23080007061000,4,1,3,0
23080007062000,2,2,0,0
23080007064000,15,9,6,517.5
23080007065000,53,29,24,1346.2
23080007066000,73,34,39,2620.7
23080007067000,16,7,9,675.2
23080007068000,33,17,16,1399.2
23080007069000,3,2,1,0
23080007070000,2,2,0,0
23080007078000,15,9,6,627
23080007080000,2,1,1,0
23080007084000,4,2,2,0
23080007085000,39,18,21,1384.5
23080007086000,31,15,16,1379.5
23080007088000,3,2,1,0
23080007089000,3,3,0,0
23080007090000,3,1,2,0
23080007100000,7,2,5,219.8
23080007167000,27,15,12,864
23080007168000,5,1,4,223
23080007200000,14,10,4,555.8
23080007201000,13,5,8,648.7
23080007203000,14,8,6,742
23080007204000,2,1,1,0
23080007205000,23,15,8,1005.1
23080007207000,2,1,1,0
23080007208000,2,1,1,0
23090006540000,4,2,2,0
23090006541000,6,3,3,235.8
23090006542000,12,6,6,520.8
23090006543000,12,5,7,357.6
23090006544000,4,1,3,0
23090006560000,5,2,3,234
23090006561000,1,1,0,0
23090006562000,5,3,2,259
23090006563000,13,6,7,695.5
23090006564000,30,18,12,1578
23090006565000,46,28,18,1821.6
23090006566000,17,8,9,646
23090006570000,1,0,1,0
23090006572000,7,4,3,249.2
23090006574000,5,2,3,288
23090006575000,4,3,1,0
23090006577000,19,10,9,805.6
23090006578000,22,10,12,1223.2
23090006579000,5,2,3,94
23090006583000,9,5,4,501.3
23090006584000,3,2,1,0
23090006586000,6,3,3,189
23090006587000,12,6,6,514.8
23090006589000,2,1,1,0
23090006590000,9,5,4,302.4
23090006591000,2,1,1,0
23090006592000,10,5,5,354
23090006593000,2,1,1,0
23090006595000,3,2,1,0
23090006596000,7,4,3,293.3
23090006597000,2,1,1,0
23090006599000,17,12,5,887.4
23090006600000,18,8,10,793.8
23090006601000,11,5,6,451
23090006603000,14,8,6,673.4
23090006604000,7,5,2,382.9
23090006605000,35,17,18,1624
23090006606000,20,10,10,720
23090006607000,20,9,11,680
23090006610000,8,4,4,372.8
23090006611000,19,10,9,1024.1
23090006612000,20,13,7,1010
23090006613000,10,5,5,424
23090006614000,3,2,1,0
23090006615000,12,6,6,523.2
23090006624000,1,1,0,0
23090006625000,2,1,1,0
23090006642000,218,105,113,9439.4
23090006643000,182,92,90,8208.2
23090006644000,24,15,9,957.6
23090006645000,31,15,16,1178
23090006646000,23,10,13,805
23090006647000,43,23,20,1913.5
23090006648000,12,5,7,406.8
23090006650000,20,8,12,838
23090006651000,3,2,1,0
23090006667000,15,9,6,568.5
23090006674000,53,30,23,2061.7
23090006675000,74,37,37,2516
23090006676000,20,10,10,876
23090006677000,34,17,17,1458.6
23090006678000,36,18,18,1540.8
23090006679000,44,23,21,2292.4
23090006680000,46,23,23,2304.6
23090006681000,24,10,14,1053.6
23090006682000,38,22,16,1584.6
23090006683000,58,30,28,2569.4
23090006684000,16,9,7,660.8
23090006696000,2,2,0,0
23090006697000,51,33,18,2208.3
23090006698000,65,36,29,3016
23090006699000,191,95,96,8824.2
23090006700000,572,271,301,28828.8
23090006701000,165,83,82,7243.5
23090006738000,24,14,10,1135.2
23090006739000,22,14,8,1009.8
23090006740000,11,6,5,433.4
23090006742000,7,4,3,375.9
23090006744000,4,3,1,0
23090006754000,21,11,10,1033.2
23090006761000,6,4,2,186
23090006762000,37,20,17,1457.8
23090006764000,13,6,7,486.2
23090006765000,6,3,3,409.2
23090006766000,10,4,6,492
23090006785000,87,52,35,3975.9
23090006796000,2,1,1,0
23090006801000,8,3,5,354.4
23090006802000,37,18,19,1935.1
23090006803000,6,4,2,409.8
23090006805000,10,6,4,231
23090006932000,1,1,0,0
23090006937000,7,5,2,443.8
23090006940000,15,6,9,675
23090006941000,29,14,15,1429.7
23090006942000,61,33,28,2250.9
23090006973000,35,21,14,1431.5
23090006974000,28,16,12,1416.8
23090006985000,2,0,2,0
23090006986000,8,4,4,354.4
23090007011000,7,4,3,238.7
23090007035000,4,2,2,0
23090007041000,5,3,2,291
23090007042000,8,4,4,427.2
23090007043000,46,27,19,1794
23090007044000,18,10,8,700.2
23090007049000,1,0,1,0
23090007053000,7,5,2,221.2
23090007060000,3,2,1,0
23090007062000,1,1,0,0
23090007064000,15,8,7,769.5
23090007065000,9,5,4,177.3
23090007066000,31,20,11,1153.2
23090007067000,12,7,5,386.4
23090007068000,22,10,12,862.4
23090007069000,7,3,4,347.2
23090007070000,10,4,6,496
23090007079000,8,6,2,403.2
23090007080000,15,7,8,598.5
23090007084000,1,1,0,0
23090007085000,17,9,8,678.3
23090007086000,23,10,13,910.8
23090007088000,4,3,1,0
23090007089000,13,7,6,565.5
23090007090000,14,6,8,415.8
23090007091000,17,9,8,766.7
23090007100000,17,9,8,724.2
23090007101000,322,159,163,14844.2
23090007102000,12,6,6,645.6
23090007105000,5,2,3,312
23090007108000,12,7,5,463.2
23090007128000,6,4,2,118.8
23090007167000,17,10,7,629
23090007204000,8,4,4,395.2
23090007205000,4,2,2,0
23090007207000,3,1,2,0
23090007208000,5,3,2,349
23100006547000,1,0,1,0
23100006562000,8,4,4,408.8
23100006564000,5,3,2,360
23100006565000,10,4,6,530
23100006566000,15,8,7,475.5
23100006567000,12,5,7,537.6
23100006568000,6,6,0,325.2
23100006570000,3,2,1,0
23100006571000,7,5,2,272.3
23100006572000,26,12,14,959.4
23100006573000,3,0,3,0
23100006574000,8,4,4,404.8
23100006575000,4,1,3,0
23100006576000,20,10,10,548
23100006577000,17,9,8,967.3
23100006578000,16,10,6,1068.8
23100006579000,12,5,7,247.2
23100006581000,3,1,2,0
23100006587000,12,7,5,498
23100006588000,3,1,2,0
23100006589000,24,10,14,1020
23100006590000,7,5,2,329
23100006591000,5,3,2,112
23100006592000,1,0,1,0
23100006593000,3,1,2,0
23100006594000,10,6,4,306
23100006595000,30,15,15,1299
23100006596000,204,104,100,8098.8
23100006597000,477,235,242,21226.5
23100006598000,441,217,224,21300.3
23100006599000,116,54,62,4431.2
23100006600000,6,2,4,208.2
23100006601000,16,9,7,713.6
23100006602000,5,2,3,290
23100006603000,19,10,9,953.8
23100006604000,31,16,15,1364
23100006605000,9,4,5,471.6
23100006606000,2,1,1,0
23100006607000,2,1,1,0
23100006624000,1,1,0,0
23100006625000,2,1,1,0
23100006626000,2,1,1,0
23100006627000,1,1,0,0
23100006646000,38,18,20,1406
23100006648000,5,1,4,140
23100006649000,6,3,3,253.2
23100006650000,2,1,1,0
23100006651000,1,0,1,0
23100006664000,6,3,3,274.8
23100006666000,6,2,4,229.8
23100006667000,2,1,1,0
23100006668000,9,5,4,551.7
23100006675000,40,19,21,1704
23100006676000,7,3,4,352.8
23100006678000,34,20,14,1519.8
23100006679000,1,0,1,0
23100006680000,1,0,1,0
23100006681000,11,6,5,577.5
23100006682000,20,9,11,876
23100006683000,21,13,8,1012.2
23100006684000,4,2,2,0
23100006697000,13,6,7,754
23100006698000,26,11,15,988
23100006699000,102,47,55,4161.6
23100006700000,23,10,13,968.3
23100006701000,2,1,1,0
23100006702000,17,8,9,790.5
23100006705000,8,5,3,290.4
23100006743000,1,1,0,0
23100006754000,36,23,13,1270.8
23100006755000,21,11,10,800.1
23100006756000,158,78,80,4029
23100006757000,2,1,1,0
23100006758000,7,3,4,399
23100006759000,10,5,5,475
23100006760000,14,6,8,760.2
23100006761000,33,18,15,1214.4
23100006762000,13,8,5,517.4
23100006763000,15,8,7,715.5
23100006764000,8,3,5,314.4
23100006765000,29,15,14,1267.3
23100006785000,2,1,1,0
23100006786000,1,0,1,0
23100006787000,6,2,4,297
23100006794000,4,1,3,0
23100006795000,7,5,2,247.1
23100006796000,2,1,1,0
23100006800000,22,14,8,1276
23100006801000,31,17,14,1001.3
23100006802000,2,2,0,0
23100006939000,18,9,9,901.8
23100006940000,2,1,1,0
23100006942000,25,13,12,967.5
23100006944000,8,3,5,299.2
23100006945000,4,2,2,0
23100006973000,123,52,71,5215.2
23100006974000,61,29,32,2342.4
23100006985000,11,4,7,445.5
23100007040000,12,5,7,495.6
23100007041000,6,4,2,310.8
23100007042000,10,5,5,427
23100007043000,18,10,8,599.4
23100007060000,4,3,1,0
23100007061000,10,3,7,409
23100007062000,10,5,5,468
23100007063000,7,5,2,196.7
23100007064000,7,4,3,340.2
23100007065000,17,8,9,712.3
23100007066000,30,15,15,1092
23100007067000,45,23,22,2025
23100007068000,5,3,2,331
23100007069000,107,58,49,4066
23100007070000,7,3,4,340.9
23100007080000,16,11,5,460.8
23100007085000,57,30,27,1744.2
23100007086000,35,18,17,1382.5
23100007087000,10,6,4,326
23100007088000,41,23,18,1763
23100007091000,26,14,12,923
23100007101000,56,31,25,2273.6
23100007105000,2,1,1,0
23100007107000,2,1,1,0
23100007108000,10,4,6,353
23100007130000,5,2,3,278
23100007166000,2,2,0,0
23100007199000,3,2,1,0
23100007204000,5,4,1,205
23100007209000,1,1,0,0
23110006565000,1,1,0,0
23110006566000,2,1,1,0
23110006567000,3,1,2,0
23110006568000,94,49,45,4295.8
23110006569000,154,71,83,7992.6
23110006570000,54,29,25,2376
23110006571000,54,30,24,2262.6
23110006572000,21,12,9,932.4
23110006573000,18,11,7,709.2
23110006575000,16,9,7,515.2
23110006576000,7,5,2,342.3
23110006577000,3,2,1,0
23110006580000,4,2,2,0
23110006581000,12,7,5,463.2
23110006583000,1,1,0,0
23110006585000,9,5,4,622.8
23110006587000,18,9,9,806.4
23110006588000,2,1,1,0
23110006589000,15,8,7,963
23110006591000,8,5,3,188.8
23110006592000,5,2,3,119
23110006593000,50,33,17,2145
23110006594000,14,7,7,539
23110006595000,6,3,3,337.8
23110006596000,14,8,6,567
23110006597000,351,182,169,16251.3
23110006598000,413,190,223,21558.6
23110006599000,21,11,10,840
23110006600000,12,4,8,606
23110006601000,47,26,21,1927
23110006602000,14,5,9,544.6
23110006603000,2,2,0,0
23110006604000,7,4,3,406.7
23110006605000,9,3,6,448.2
23110006626000,1,0,1,0
23110006627000,12,7,5,568.8
23110006628000,3,1,2,0
23110006630000,2,1,1,0
23110006631000,6,1,5,192
23110006664000,4,1,3,0
23110006665000,3,2,1,0
23110006666000,6,2,4,340.2
23110006669000,6,4,2,394.8
23110006675000,7,3,4,347.9
23110006676000,3,1,2,0
23110006678000,4,2,2,0
23110006679000,15,8,7,538.5
23110006680000,27,15,12,1414.8
23110006681000,54,29,25,2538
23110006682000,26,13,13,967.2
23110006683000,6,4,2,235.8
23110006684000,28,16,12,1383.2
23110006694000,3,3,0,0
23110006695000,10,6,4,468
23110006696000,7,5,2,294
23110006697000,11,5,6,475.2
23110006698000,23,12,11,1067.2
23110006699000,22,12,10,833.8
23110006700000,6,3,3,394.2
23110006703000,14,9,5,483
23110006704000,55,27,28,2420
23110006705000,14,5,9,490
23110006741000,3,2,1,0
23110006742000,8,6,2,191.2
23110006752000,3,1,2,0
23110006754000,5,4,1,200
23110006755000,578,298,280,23987
23110006756000,377,187,190,10631.4
23110006757000,37,22,15,1494.8
23110006758000,13,6,7,634.4
23110006759000,41,19,22,1619.5
23110006760000,65,36,29,2574
23110006761000,23,13,10,972.9
23110006762000,1,1,0,0
23110006763000,3,2,1,0
23110006764000,13,6,7,396.5
23110006765000,7,4,3,408.8
23110006767000,1,1,0,0
23110006786000,4,3,1,0
23110006787000,5,2,3,283
23110006788000,17,10,7,537.2
23110006789000,12,7,5,502.8
23110006791000,4,1,3,0
23110006794000,2,1,1,0
23110006795000,10,5,5,381
23110006800000,9,6,3,435.6
23110006939000,24,14,10,868.8
23110006940000,15,7,8,453
23110006943000,12,8,4,522
23110006944000,7,3,4,357.7
23110006945000,14,8,6,813.4
23110006946000,29,16,13,951.2
23110006972000,30,13,17,1647
23110006973000,239,110,129,11950
23110006974000,2,0,2,0
23110006984000,5,3,2,137
23110006985000,22,12,10,1064.8
23110007003000,9,4,5,389.7
23110007020000,1,1,0,0
23110007039000,3,2,1,0
23110007040000,16,9,7,574.4
23110007043000,11,8,3,425.7
23110007044000,13,5,8,380.9
23110007060000,12,6,6,438
23110007061000,16,7,9,761.6
23110007062000,8,4,4,204.8
23110007063000,6,4,2,354
23110007064000,26,13,13,1154.4
23110007065000,20,9,11,778
23110007066000,28,16,12,1089.2
23110007067000,8,4,4,247.2
23110007068000,91,42,49,3667.3
23110007069000,1167,563,604,46563.3
23110007070000,422,205,217,16204.8
23110007080000,40,20,20,1568
23110007081000,4,2,2,0
23110007085000,11,6,5,174.9
23110007086000,16,9,7,622.4
23110007087000,118,56,62,5168.4
23110007088000,24,13,11,895.2
23110007089000,7,5,2,226.1
23110007090000,5,3,2,161
23110007091000,6,3,3,280.8
23110007092000,5,3,2,157
23110007106000,5,4,1,127
23110007107000,1,1,0,0
23110007108000,13,7,6,535.6
23110007130000,6,4,2,325.2
23110007150000,1,1,0,0
23110007159000,4,2,2,0
23110007160000,1,0,1,0
23110007161000,6,4,2,228
23110007162000,6,2,4,303
23110007165000,2,1,1,0
23110007173000,11,5,6,320.1
23110007205000,4,2,2,0
23120006562000,3,1,2,0
23120006563000,9,5,4,594.9
23120006564000,4,2,2,0
23120006567000,3,1,2,0
23120006568000,23,15,8,1099.4
23120006569000,106,59,47,4367.2
23120006571000,10,4,6,465
23120006572000,11,7,4,496.1
23120006583000,11,5,6,467.5
23120006584000,5,2,3,152
23120006585000,6,3,3,262.8
23120006586000,8,5,3,354.4
23120006587000,14,8,6,406
23120006588000,5,3,2,103
23120006589000,30,16,14,1278
23120006590000,4,2,2,0
23120006592000,14,7,7,516.6
23120006593000,3,1,2,0
23120006594000,24,14,10,1053.6
23120006595000,22,13,9,990
23120006596000,10,7,3,389
23120006597000,11,5,6,291.5
23120006598000,16,8,8,430.4
23120006599000,20,12,8,928
23120006600000,10,3,7,376
23120006635000,7,3,4,476.7
23120006636000,4,2,2,0
23120006666000,1,0,1,0
23120006670000,3,1,2,0
23120006673000,10,5,5,606
23120006674000,34,17,17,1475.6
23120006675000,7,3,4,401.1
23120006676000,20,11,9,956
23120006677000,3,2,1,0
23120006678000,11,7,4,475.2
23120006679000,23,9,14,1196
23120006680000,5,2,3,270
23120006681000,78,36,42,2698.8
23120006682000,24,11,13,931.2
23120006690000,5,2,3,221
23120006693000,18,11,7,642.6
23120006694000,24,11,13,1245.6
23120006695000,35,21,14,1417.5
23120006696000,10,5,5,628
23120006698000,47,23,24,1781.3
23120006699000,15,11,4,493.5
23120006700000,4,2,2,0
23120006701000,26,12,14,1365
23120006702000,26,12,14,1362.4
23120006703000,36,21,15,1465.2
23120006704000,27,14,13,1239.3
23120006740000,12,5,7,522
23120006741000,5,3,2,235
23120006752000,48,29,19,1915.2
23120006753000,172,88,84,5796.4
23120006754000,686,318,368,27920.2
23120006755000,366,185,181,13688.4
23120006756000,4,2,2,0
23120006757000,314,151,163,14444
23120006758000,65,34,31,2528.5
23120006759000,33,17,16,1709.4
23120006760000,4,2,2,0
23120006780000,7,5,2,357
23120006781000,2,1,1,0
23120006789000,2,1,1,0
23120006790000,4,2,2,0
23120006795000,1,0,1,0
23120006797000,1,1,0,0
23120006798000,4,4,0,0
23120006904000,5,4,1,340
23120006908000,5,2,3,184
23120006909000,6,4,2,403.8
23120006941000,21,10,11,913.5
23120006942000,39,19,20,1376.7
23120006943000,13,7,6,713.7
23120006947000,28,12,16,1016.4
23120006960000,3,2,1,0
23120006961000,2,1,1,0
23120006962000,1,1,0,0
23120006963000,4,2,2,0
23120006964000,8,3,5,342.4
23120006966000,3,2,1,0
23120006969000,4,3,1,0
23120006971000,16,8,8,600
23120006972000,122,61,61,5026.4
23120006973000,163,77,86,6992.7
23120006984000,2,1,1,0
23120007002000,3,1,2,0
23120007003000,7,4,3,487.9
23120007039000,7,4,3,196.7
23120007040000,15,6,9,624
23120007045000,40,18,22,1448
23120007061000,14,8,6,432.6
23120007062000,3,1,2,0
23120007063000,3,2,1,0
23120007064000,38,19,19,1349
23120007065000,16,9,7,692.8
23120007066000,22,12,10,1093.4
23120007067000,27,16,11,1144.8
23120007068000,118,51,67,4094.6
23120007069000,83,39,44,3228.7
23120007070000,118,57,61,5156.6
23120007071000,23,10,13,834.9
23120007073000,3,1,2,0
23120007079000,3,1,2,0
23120007080000,36,19,17,1458
23120007081000,11,5,6,489.5
23120007085000,6,2,4,94.8
23120007086000,20,11,9,868
23120007087000,84,40,44,3225.6
23120007088000,23,12,11,920
23120007089000,19,11,8,805.6
23120007090000,33,18,15,1461.9
23120007091000,41,22,19,1357.1
23120007092000,34,21,13,1516.4
23120007102000,3,2,1,0
23120007109000,20,11,9,820
23120007131000,2,1,1,0
23120007173000,18,9,9,1056.6
23120007200000,2,1,1,0
23120007209000,8,6,2,251.2
23130006560000,38,20,18,1592.2
23130006561000,7,4,3,375.2
23130006562000,2,1,1,0
23130006564000,5,3,2,204
23130006565000,17,8,9,683.4
23130006567000,10,4,6,421
23130006568000,1,1,0,0
23130006569000,14,7,7,446.6
23130006570000,11,5,6,533.5
23130006573000,5,1,4,136
23130006579000,3,1,2,0
23130006583000,10,5,5,459
23130006586000,2,1,1,0
23130006588000,5,2,3,230
23130006589000,14,9,5,512.4
23130006590000,18,11,7,691.2
23130006591000,4,2,2,0
23130006592000,8,5,3,320.8
23130006593000,5,3,2,195
23130006597000,3,1,2,0
23130006598000,1,1,0,0
23130006631000,6,2,4,274.2
23130006632000,5,2,3,181
23130006633000,1,1,0,0
23130006635000,1,1,0,0
23130006638000,1,0,1,0
23130006639000,10,4,6,592
23130006640000,23,11,12,1115.5
23130006641000,2,1,1,0
23130006663000,4,1,3,0
23130006672000,2,1,1,0
23130006673000,10,4,6,345
23130006674000,16,8,8,473.6
23130006675000,3,2,1,0
23130006676000,37,21,16,1964.7
23130006677000,32,18,14,1222.4
23130006678000,151,81,70,6674.2
23130006679000,104,51,53,4284.8
23130006680000,34,17,17,1832.6
23130006681000,217,103,114,8506.4
23130006682000,34,17,17,1377
23130006683000,41,21,20,1488.3
23130006684000,2,1,1,0
23130006688000,9,5,4,437.4
23130006689000,10,7,3,613
23130006690000,48,23,25,1785.6
23130006691000,26,11,15,1118
23130006692000,15,9,6,499.5
23130006693000,16,8,8,803.2
23130006694000,5,1,4,133
23130006698000,4,3,1,0
23130006699000,11,7,4,526.9
23130006700000,4,2,2,0
23130006701000,2,1,1,0
23130006703000,8,4,4,346.4
23130006704000,33,16,17,1775.4
23130006705000,33,18,15,1504.8
23130006706000,27,15,12,1331.1
23130006707000,5,3,2,186
23130006708000,5,2,3,337
23130006709000,30,16,14,1494
23130006710000,18,6,12,802.8
23130006738000,3,2,1,0
23130006739000,17,10,7,770.1
23130006740000,20,10,10,630
23130006750000,8,4,4,456
23130006751000,321,151,170,10047.3
23130006752000,1259,611,648,48219.7
23130006753000,825,364,461,35722.5
23130006754000,1095,506,589,54093
23130006755000,1343,637,706,62852.4
23130006756000,991,505,486,40036.4
23130006757000,1180,564,616,46374
23130006758000,6,3,3,262.8
23130006759000,4,2,2,0
23130006778000,2,1,1,0
23130006902000,1,0,1,0
23130006908000,1,1,0,0
23130006909000,8,3,5,386.4
23130006910000,3,1,2,0
23130006928000,5,3,2,100
23130006929000,7,5,2,364
23130006931000,4,1,3,0
23130006941000,38,18,20,1113.4
23130006942000,618,302,316,23484
23130006943000,524,261,263,22322.4
23130006944000,456,210,246,20337.6
23130006945000,240,123,117,10056
23130006947000,18,10,8,851.4
23130006949000,2,1,1,0
23130006958000,4,1,3,0
23130006964000,5,3,2,288
23130006965000,1,1,0,0
23130006966000,10,4,6,382
23130006967000,19,8,11,748.6
23130006968000,10,6,4,468
23130006969000,19,10,9,908.2
23130006970000,35,22,13,1466.5
23130006971000,36,20,16,1573.2
23130006972000,33,12,21,1673.1
23130006973000,11,7,4,409.2
23130007002000,5,5,0,306
23130007003000,17,8,9,751.4
23130007037000,6,2,4,211.2
23130007038000,2,1,1,0
23130007039000,25,14,11,1107.5
23130007040000,50,30,20,1920
23130007045000,14,6,8,662.2
23130007059000,6,4,2,276
23130007062000,9,5,4,333
23130007063000,2,1,1,0
23130007064000,101,52,49,3989.5
23130007065000,67,39,28,2747
23130007066000,44,23,21,1870
23130007067000,8,4,4,316
23130007068000,46,24,22,1798.6
23130007069000,8,2,6,272.8
23130007070000,91,43,48,3612.7
23130007071000,51,29,22,2177.7
23130007072000,36,20,16,1191.6
23130007073000,22,11,11,858
23130007074000,14,7,7,561.4
23130007075000,11,7,4,335.5
23130007080000,2,1,1,0
23130007081000,26,10,16,925.6
23130007086000,14,11,3,424.2
23130007087000,19,11,8,1033.6
23130007088000,29,13,16,1313.7
23130007090000,18,7,11,604.8
23130007091000,7,3,4,448
23130007092000,130,72,58,5408
23130007093000,39,22,17,1240.2
23130007102000,4,2,2,0
23130007103000,16,7,9,609.6
23130007109000,9,7,2,262.8
23130007110000,4,1,3,0
23130007117000,2,1,1,0
23130007159000,26,14,12,1079
23130007173000,10,5,5,625
23130007202000,1,1,0,0
23130007208000,6,3,3,322.2
23140006560000,59,29,30,2442.6
23140006561000,15,7,8,439.5
23140006568000,1,1,0,0
23140006570000,9,6,3,349.2
23140006571000,2,1,1,0
23140006572000,2,0,2,0
23140006573000,15,10,5,640.5
23140006582000,1,1,0,0
23140006583000,6,5,1,204
23140006586000,11,5,6,235.4
23140006587000,12,7,5,326.4
23140006588000,8,5,3,380
23140006589000,14,8,6,453.6
23140006590000,5,3,2,119
23140006592000,23,11,12,814.2
23140006593000,3,2,1,0
23140006594000,1,1,0,0
23140006632000,10,5,5,551
23140006633000,3,2,1,0
23140006635000,3,1,2,0
23140006638000,2,1,1,0
23140006639000,28,16,12,1108.8
23140006641000,18,8,10,835.2
23140006653000,10,5,5,396
23140006671000,1,1,0,0
23140006672000,19,10,9,866.4
23140006673000,16,9,7,603.2
23140006674000,24,11,13,1135.2
23140006675000,21,12,9,1192.8
23140006676000,32,15,17,1379.2
23140006677000,12,6,6,534
23140006678000,16,9,7,774.4
23140006679000,33,17,16,1445.4
23140006680000,38,21,17,1801.2
23140006681000,8,2,6,224
23140006682000,25,11,14,1120
23140006683000,27,15,12,1047.6
23140006685000,14,4,10,807.8
23140006686000,25,13,12,1215
23140006687000,25,14,11,1157.5
23140006688000,111,56,55,4029.3
23140006689000,86,46,40,3680.8
23140006690000,32,16,16,1305.6
23140006691000,35,18,17,1718.5
23140006692000,15,10,5,532.5
23140006693000,4,2,2,0
23140006694000,1,1,0,0
23140006701000,8,4,4,267.2
23140006703000,28,14,14,1761.2
23140006704000,64,35,29,2272
23140006705000,82,42,40,4034.4
23140006706000,110,57,53,4037
23140006707000,71,39,32,3045.9
23140006708000,185,103,82,8880
23140006709000,124,64,60,5741.2
23140006710000,31,21,10,1488
23140006711000,4,2,2,0
23140006738000,3,1,2,0
23140006747000,72,36,36,3189.6
23140006748000,2,1,1,0
23140006749000,8,5,3,340.8
23140006750000,70,30,40,2982
23140006751000,252,129,123,9752.4
23140006752000,1598,736,862,63760.2
23140006753000,989,477,512,40944.6
23140006754000,645,298,347,32250
23140006755000,626,314,312,25040
23140006756000,800,369,431,29520
23140006757000,3,1,2,0
23140006789000,10,5,5,356
23140006901000,5,4,1,202
23140006902000,9,7,2,317.7
23140006926000,3,2,1,0
23140006927000,22,12,10,961.4
23140006928000,26,15,11,1011.4
23140006929000,11,4,7,512.6
23140006941000,21,10,11,821.1
23140006942000,277,129,148,12991.3
23140006943000,1207,583,624,54073.6
23140006944000,397,191,206,19214.8
23140006948000,6,3,3,238.2
23140006949000,23,14,9,740.6
23140006950000,10,3,7,360
23140006956000,2,0,2,0
23140006965000,14,7,7,495.6
23140006966000,4,1,3,0
23140006967000,10,6,4,549
23140006968000,6,3,3,265.2
23140006969000,31,17,14,1280.3
23140006970000,10,5,5,461
23140006971000,9,6,3,435.6
23140007003000,17,8,9,926.5
23140007033000,1,1,0,0
23140007034000,2,2,0,0
23140007036000,5,2,3,126
23140007039000,2,1,1,0
23140007040000,6,2,4,165
23140007042000,10,6,4,300
23140007045000,14,9,5,704.2
23140007057000,3,2,1,0
23140007058000,12,7,5,522
23140007060000,1,1,0,0
23140007061000,11,4,7,282.7
23140007062000,46,27,19,1683.6
23140007064000,12,5,7,550.8
23140007065000,41,23,18,1221.8
23140007066000,56,26,30,2066.4
23140007067000,29,15,14,1206.4
23140007068000,14,6,8,763
23140007069000,48,25,23,1862.4
23140007070000,30,16,14,1191
23140007071000,42,22,20,2011.8
23140007072000,17,9,8,678.3
23140007073000,397,189,208,12902.5
23140007074000,16,7,9,531.2
23140007075000,34,15,19,1339.6
23140007080000,4,2,2,0
23140007087000,18,12,6,615.6
23140007088000,38,19,19,1516.2
23140007090000,9,4,5,366.3
23140007092000,7,4,3,233.1
23140007093000,85,40,45,3255.5
23140007094000,6,3,3,238.8
23140007095000,1,0,1,0
23140007103000,28,13,15,985.6
23140007104000,6,4,2,202.8
23140007107000,25,14,11,1165
23140007108000,11,6,5,233.2
23140007109000,6,4,2,402
23140007110000,67,30,37,2854.2
23140007130000,15,7,8,588
23140007151000,13,7,6,604.5
23140007152000,12,6,6,483.6
23140007157000,45,22,23,1962
23140007158000,10,5,5,623
23140007173000,7,5,2,289.1
23140007199000,8,4,4,334.4
23140007200000,12,7,5,387.6
23140007202000,2,1,1,0
23140007205000,2,1,1,0
23140007206000,17,9,8,987.7
23140007208000,11,4,7,540.1
23140007209000,4,3,1,0
23150006559000,3,1,2,0
23150006560000,2,2,0,0
23150006571000,1,1,0,0
23150006572000,8,5,3,314.4
23150006573000,1,1,0,0
23150006583000,2,1,1,0
23150006585000,2,1,1,0
23150006591000,5,3,2,234
23150006598000,5,3,2,214
23150006633000,28,13,15,876.4
23150006634000,18,8,10,550.8
23150006635000,23,9,14,722.2
23150006636000,4,2,2,0
23150006637000,7,3,4,340.9
23150006638000,34,16,18,1145.8
23150006639000,14,5,9,589.4
23150006648000,2,1,1,0
23150006656000,10,5,5,464
23150006657000,3,1,2,0
23150006662000,2,1,1,0
23150006672000,4,2,2,0
23150006676000,16,7,9,785.6
23150006677000,16,8,8,505.6
23150006678000,18,11,7,889.2
23150006679000,58,31,27,2505.6
23150006680000,39,21,18,1630.2
23150006681000,18,11,7,709.2
23150006682000,16,10,6,814.4
23150006683000,21,10,11,900.9
23150006684000,506,207,299,23832.6
23150006685000,81,41,40,3248.1
23150006686000,30,14,16,1119
23150006687000,26,14,12,1362.4
23150006688000,30,18,12,1035
23150006689000,27,13,14,1061.1
23150006690000,19,6,13,758.1
23150006691000,31,12,19,1289.6
23150006692000,31,17,14,1556.2
23150006693000,9,5,4,573.3
23150006694000,2,1,1,0
23150006698000,3,1,2,0
23150006700000,23,11,12,857.9
23150006701000,57,27,30,2559.3
23150006702000,105,50,55,3948
23150006703000,190,74,116,10735
23150006704000,86,46,40,4128
23150006705000,40,21,19,1824
23150006706000,25,15,10,982.5
23150006707000,64,32,32,2278.4
23150006708000,73,37,36,3438.3
23150006709000,46,27,19,2005.6
23150006710000,4,2,2,0
23150006745000,3,1,2,0
23150006746000,25,12,13,1120
23150006747000,29,14,15,1310.8
23150006748000,48,26,22,1872
23150006749000,40,20,20,1604
23150006750000,27,18,9,1142.1
23150006751000,2,1,1,0
23150006755000,107,50,57,3359.8
23150006756000,423,205,218,15947.1
23150006757000,27,14,13,1096.2
23150006758000,9,3,6,336.6
23150006761000,30,19,11,1032
23150006762000,22,13,9,902
23150006763000,4,1,3,0
23150006781000,2,1,1,0
23150006789000,5,2,3,359
23150006901000,3,1,2,0
23150006926000,2,1,1,0
23150006928000,2,1,1,0
23150006939000,3,1,2,0
23150006940000,14,4,10,575.4
23150006941000,9,4,5,457.2
23150006942000,11,6,5,385
23150006943000,68,23,45,5059.2
23150006944000,8,1,7,283.2
23150006946000,1,1,0,0
23150006949000,1,1,0,0
23150006950000,8,4,4,424.8
23150006954000,9,3,6,313.2
23150006955000,15,9,6,571.5
23150006969000,5,4,1,293
23150007001000,4,2,2,0
23150007002000,8,5,3,508
23150007003000,2,2,0,0
23150007041000,1,1,0,0
23150007042000,14,6,8,397.6
23150007044000,18,10,8,523.8
23150007045000,11,8,3,490.6
23150007059000,24,12,12,914.4
23150007060000,12,5,7,398.4
23150007061000,37,17,20,1391.2
23150007062000,105,55,50,4525.5
23150007070000,32,19,13,1472
23150007071000,353,186,167,12566.8
23150007072000,36,20,16,1216.8
23150007073000,402,192,210,15597.6
23150007074000,318,144,174,12402
23150007075000,474,223,251,15784.2
23150007087000,86,46,40,3526
23150007088000,131,61,70,5148.3
23150007089000,5,1,4,173
23150007090000,2,1,1,0
23150007091000,3,1,2,0
23150007093000,8,4,4,386.4
23150007094000,10,4,6,387
23150007095000,11,5,6,349.8
23150007096000,7,5,2,272.3
23150007104000,15,8,7,595.5
23150007105000,11,5,6,576.4
23150007106000,1,0,1,0
23150007107000,3,1,2,0
23150007108000,67,35,32,3216
23150007109000,444,237,207,20424
23150007110000,491,244,247,22389.6
23150007111000,53,28,25,2257.8
23150007112000,1,1,0,0
23150007113000,9,5,4,234.9
23150007123000,18,8,10,660.6
23150007124000,1,1,0,0
23150007125000,4,3,1,0
23150007126000,9,6,3,321.3
23150007127000,9,5,4,495
23150007128000,22,10,12,605
23150007130000,11,7,4,423.5
23150007131000,8,4,4,442.4
23150007132000,5,2,3,313
23150007133000,16,9,7,801.6
23150007134000,11,6,5,542.3
23150007135000,2,0,2,0
23150007152000,11,6,5,610.5
23150007157000,68,32,36,3230
23150007158000,3,0,3,0
23150007166000,1,1,0,0
23150007171000,13,8,5,465.4
23150007172000,10,6,4,505
23150007197000,7,4,3,240.8
23150007198000,22,14,8,959.2
23150007199000,2,1,1,0
23150007200000,37,20,17,943.5
23150007201000,5,4,1,130
23150007202000,7,3,4,114.8
23150007203000,8,5,3,224
23150007205000,6,3,3,142.8
23150007207000,3,2,1,0
23150007210000,2,1,1,0
23150007211000,11,4,7,573.1
23160006573000,6,4,2,214.2
23160006576000,3,2,1,0
23160006633000,26,12,14,1060.8
23160006634000,105,55,50,3958.5
23160006635000,56,34,22,2693.6
23160006636000,191,99,92,8690.5
23160006637000,21,12,9,1260
23160006638000,28,14,14,1058.4
23160006639000,10,7,3,606
23160006654000,11,3,8,435.6
23160006662000,2,1,1,0
23160006672000,7,3,4,336.7
23160006677000,1,1,0,0
23160006679000,8,4,4,367.2
23160006680000,9,4,5,510.3
23160006681000,11,3,8,486.2
23160006682000,614,311,303,26402
23160006683000,706,349,357,28663.6
23160006684000,521,234,287,24591.2
23160006685000,103,44,59,4326
23160006686000,3,3,0,0
23160006688000,29,15,14,1374.6
23160006689000,17,7,10,620.5
23160006690000,20,10,10,598
23160006697000,3,2,1,0
23160006698000,21,12,9,909.3
23160006699000,24,12,12,1154.4
23160006700000,32,16,16,1206.4
23160006701000,22,11,11,1086.8
23160006702000,29,16,13,1441.3
23160006703000,32,14,18,1382.4
23160006704000,14,6,8,628.6
23160006705000,5,2,3,218
23160006746000,33,16,17,1402.5
23160006747000,63,32,31,2412.9
23160006748000,181,97,84,7710.6
23160006749000,55,28,27,2568.5
23160006750000,2,1,1,0
23160006755000,7,4,3,209.3
23160006756000,6,3,3,259.8
23160006757000,151,79,72,6100.4
23160006758000,229,127,102,8679.1
23160006759000,5,2,3,309
23160006760000,12,7,5,643.2
23160006761000,81,41,40,2932.2
23160006762000,49,26,23,1960
23160006763000,3,1,2,0
23160006764000,45,26,19,1485
23160006776000,3,2,1,0
23160006777000,7,4,3,380.8
23160006780000,3,3,0,0
23160006781000,2,1,1,0
23160006901000,7,5,2,196
23160006902000,19,11,8,1236.9
23160006905000,1,1,0,0
23160006918000,5,2,3,243
23160006939000,7,4,3,399.7
23160006940000,10,5,5,363
23160006941000,11,7,4,410.3
23160006945000,10,4,6,364
23160006949000,1,1,0,0
23160006950000,3,2,1,0
23160006952000,11,7,4,596.2
23160006953000,5,3,2,333
23160006954000,115,49,66,4795.5
23160007002000,1,1,0,0
23160007015000,1,1,0,0
23160007033000,3,1,2,0
23160007041000,6,4,2,115.2
23160007042000,4,2,2,0
23160007044000,4,3,1,0
23160007045000,7,4,3,268.8
23160007046000,4,2,2,0
23160007059000,9,6,3,252.9
23160007060000,7,3,4,258.3
23160007061000,12,7,5,597.6
23160007062000,11,6,5,445.5
23160007068000,10,3,7,400
23160007069000,7,5,2,377.3
23160007070000,6,4,2,168
23160007071000,836,444,392,28006
23160007072000,508,240,268,22910.8
23160007073000,181,76,105,8488.9
23160007074000,1546,761,785,64313.6
23160007075000,740,344,396,30710
23160007076000,28,10,18,1190
23160007087000,42,22,20,2116.8
23160007088000,188,105,83,6429.6
23160007089000,49,24,25,1964.9
23160007090000,16,7,9,593.6
23160007091000,23,12,11,885.5
23160007092000,12,6,6,391.2
23160007094000,36,21,15,1180.8
23160007105000,10,6,4,527
23160007106000,6,3,3,366
23160007107000,10,6,4,458
23160007108000,29,16,13,1148.4
23160007109000,27,15,12,1050.3
23160007110000,45,22,23,1872
23160007111000,152,82,70,6885.6
23160007112000,151,78,73,6115.5
23160007113000,16,10,6,862.4
23160007117000,5,3,2,298
23160007118000,20,10,10,744
23160007121000,4,2,2,0
23160007122000,35,19,16,1599.5
23160007123000,64,29,35,2726.4
23160007124000,18,10,8,844.2
23160007125000,2,1,1,0
23160007126000,89,46,43,4005
23160007127000,238,110,128,12518.8
23160007128000,29,17,12,1258.6
23160007129000,41,21,20,1459.6
23160007130000,13,7,6,568.1
23160007132000,17,10,7,494.7
23160007134000,2,1,1,0
23160007135000,21,13,8,894.6
23160007136000,6,3,3,324
23160007137000,1,1,0,0
23160007148000,16,9,7,560
23160007149000,9,6,3,473.4
23160007150000,27,15,12,1493.1
23160007151000,1,0,1,0
23160007152000,1,1,0,0
23160007153000,2,1,1,0
23160007166000,14,7,7,621.6
23160007171000,2,1,1,0
23160007197000,8,5,3,270.4
23160007198000,11,8,3,255.2
23160007199000,17,10,7,535.5
23160007203000,1,1,0,0
23160007204000,5,4,1,364
23160007205000,4,2,2,0
23160007211000,3,2,1,0
23170006573000,8,4,4,468
23170006574000,2,1,1,0
23170006648000,1,1,0,0
23170006649000,5,3,2,290
23170006654000,13,8,5,764.4
23170006655000,2,1,1,0
23170006660000,8,5,3,219.2
23170006661000,6,2,4,151.2
23170006679000,2,1,1,0
23170006682000,26,14,12,1196
23170006683000,84,41,43,3603.6
23170006684000,106,58,48,4780.6
23170006685000,18,8,10,721.8
23170006686000,15,7,8,700.5
23170006689000,3,2,1,0
23170006690000,15,7,8,727.5
23170006697000,27,13,14,1377
23170006698000,140,76,64,6062
23170006699000,35,15,20,1708
23170006700000,14,8,6,512.4
23170006701000,12,7,5,513.6
23170006703000,1,1,0,0
23170006745000,4,2,2,0
23170006746000,12,6,6,486
23170006747000,231,115,116,9632.7
23170006748000,108,59,49,4363.2
23170006749000,28,13,15,1072.4
23170006758000,85,44,41,2847.5
23170006759000,57,29,28,2034.9
23170006760000,46,21,25,1918.2
23170006761000,3,2,1,0
23170006763000,8,3,5,432.8
23170006774000,1,1,0,0
23170006780000,3,2,1,0
23170006813000,1,1,0,0
23170006901000,3,1,2,0
23170006902000,9,5,4,538.2
23170006917000,2,1,1,0
23170006918000,14,8,6,614.6
23170006919000,1,1,0,0
23170006938000,9,4,5,315.9
23170006941000,2,1,1,0
23170006950000,5,3,2,227
23170006953000,14,8,6,716.8
23170006954000,80,42,38,3920
23170007033000,2,1,1,0
23170007041000,15,9,6,786
23170007042000,4,2,2,0
23170007044000,6,4,2,295.8
23170007045000,5,4,1,300
23170007060000,10,5,5,342
23170007061000,17,7,10,547.4
23170007062000,2,1,1,0
23170007069000,6,4,2,259.8
23170007070000,28,15,13,1215.2
23170007071000,190,90,100,6878
23170007072000,101,52,49,3999.6
23170007073000,2005,982,1023,80200
23170007074000,1115,525,590,54300.5
23170007087000,239,113,126,11639.3
23170007088000,369,176,193,13616.1
23170007089000,66,31,35,2521.2
23170007090000,33,19,14,1065.9
23170007092000,46,20,26,2010.2
23170007093000,40,23,17,1604
23170007094000,19,10,9,792.3
23170007096000,8,2,6,254.4
23170007097000,14,7,7,452.2
23170007105000,3,1,2,0
23170007108000,2,1,1,0
23170007109000,14,6,8,600.6
23170007110000,4,2,2,0
23170007111000,16,9,7,564.8
23170007112000,22,9,13,954.8
23170007113000,14,7,7,442.4
23170007117000,19,10,9,714.4
23170007118000,20,11,9,592
23170007120000,1,0,1,0
23170007121000,10,5,5,469
23170007122000,37,21,16,1483.7
23170007123000,15,9,6,577.5
23170007124000,21,14,7,1071
23170007125000,3,1,2,0
23170007126000,53,29,24,2496.3
23170007127000,35,19,16,1466.5
23170007128000,4,3,1,0
23170007129000,22,16,6,726
23170007130000,2,1,1,0
23170007136000,102,50,52,4386
23170007137000,7,5,2,335.3
23170007138000,2,1,1,0
23170007149000,2,1,1,0
23170007150000,4,2,2,0
23170007166000,22,12,10,750.2
23170007167000,9,6,3,353.7
23170007173000,17,7,10,620.5
23170007183000,42,18,24,1982.4
23170007197000,4,1,3,0
23170007198000,1,0,1,0
23170007202000,5,3,2,111
23170007203000,9,5,4,330.3
23180006572000,1,0,1,0
23180006573000,3,2,1,0
23180006625000,3,1,2,0
23180006626000,22,15,7,1031.8
23180006630000,1,0,1,0
23180006640000,1,1,0,0
23180006649000,4,2,2,0
23180006650000,5,2,3,238
23180006652000,1,0,1,0
23180006655000,2,1,1,0
23180006657000,2,1,1,0
23180006667000,8,4,4,411.2
23180006681000,8,4,4,358.4
23180006682000,81,44,37,3863.7
23180006683000,14,8,6,725.2
23180006684000,9,4,5,549.9
23180006685000,44,23,21,1562
23180006689000,9,6,3,306.9
23180006693000,13,7,6,557.7
23180006694000,29,17,12,1713.9
23180006695000,12,6,6,399.6
23180006696000,5,3,2,300
23180006697000,19,10,9,782.8
23180006698000,30,16,14,1569
23180006699000,7,4,3,268.1
23180006745000,32,16,16,1193.6
23180006746000,45,26,19,2227.5
23180006747000,22,13,9,776.6
23180006748000,53,24,29,1955.7
23180006749000,47,27,20,2147.9
23180006750000,10,6,4,249
23180006753000,1,0,1,0
23180006758000,50,26,24,2155
23180006759000,39,18,21,1493.7
23180006760000,31,19,12,1422.9
23180006761000,57,31,26,2314.2
23180006762000,1,1,0,0
23180006763000,13,7,6,650
23180006764000,31,18,13,1258.6
23180006765000,5,3,2,263
23180006937000,1,1,0,0
23180006945000,9,4,5,232.2
23180006948000,2,1,1,0
23180006954000,18,8,10,874.8
23180006955000,3,2,1,0
23180006999000,9,5,4,432.9
23180007041000,44,24,20,1672
23180007042000,21,10,11,642.6
23180007044000,6,3,3,190.8
23180007045000,24,13,11,813.6
23180007046000,62,32,30,2058.4
23180007059000,12,5,7,556.8
23180007060000,9,5,4,420.3
23180007069000,6,2,4,280.2
23180007070000,17,6,11,552.5
23180007071000,32,19,13,1107.2
23180007072000,92,46,46,4130.8
23180007073000,933,457,476,35080.8
23180007074000,644,321,323,24600.8
23180007075000,1,1,0,0
23180007084000,2,1,1,0
23180007085000,6,4,2,364.2
23180007086000,54,29,25,1711.8
23180007087000,250,111,139,11300
23180007088000,408,186,222,20971.2
23180007089000,89,44,45,4717
23180007090000,31,13,18,1029.2
23180007091000,5,3,2,311
23180007092000,9,6,3,333.9
23180007093000,27,15,12,985.5
23180007094000,12,5,7,474
23180007095000,22,11,11,701.8
23180007096000,10,6,4,268
23180007097000,27,15,12,839.7
23180007098000,49,26,23,1842.4
23180007099000,8,4,4,343.2
23180007106000,12,6,6,802.8
23180007109000,2,1,1,0
23180007110000,7,5,2,268.8
23180007111000,8,2,6,272
23180007113000,12,6,6,526.8
23180007117000,14,9,5,539
23180007118000,18,11,7,853.2
23180007119000,5,4,1,230
23180007120000,19,9,10,687.8
23180007121000,22,13,9,651.2
23180007122000,11,5,6,273.9
23180007123000,11,6,5,605
23180007124000,26,16,10,1214.2
23180007129000,15,7,8,568.5
23180007130000,12,5,7,639.6
23180007138000,3,1,2,0
23180007142000,5,3,2,102
23180007143000,12,5,7,292.8
23180007155000,2,1,1,0
23180007159000,13,6,7,886.6
23180007165000,3,1,2,0
23180007166000,2,1,1,0
23180007167000,2,2,0,0
23180007168000,6,3,3,220.2
23180007174000,17,9,8,678.3
23180007175000,2,1,1,0
23180007176000,1,0,1,0
23180007177000,9,4,5,317.7
23180007183000,71,38,33,2953.6
23180007184000,17,11,6,741.2
23180007196000,15,8,7,658.5
23180007197000,14,8,6,767.2
23180007202000,2,1,1,0
23180007203000,2,1,1,0
23180007205000,23,15,8,959.1
23180007206000,5,1,4,103
23180007208000,6,4,2,427.8
23180007211000,1,1,0,0
23190006620000,4,3,1,0
23190006623000,9,6,3,215.1
23190006624000,70,35,35,3087
23190006625000,20,12,8,824
23190006631000,3,2,1,0
23190006636000,3,2,1,0
23190006640000,3,1,2,0
23190006651000,2,1,1,0
23190006654000,3,1,2,0
23190006655000,2,1,1,0
23190006658000,1,0,1,0
23190006667000,18,10,8,1040.4
23190006668000,6,2,4,193.8
23190006681000,18,11,7,939.6
23190006682000,23,11,12,915.4
23190006683000,10,6,4,382
23190006688000,16,9,7,800
23190006689000,1,0,1,0
23190006690000,7,5,2,270.9
23190006691000,17,9,8,601.8
23190006692000,44,23,21,1874.4
23190006693000,15,8,7,597
23190006694000,14,8,6,757.4
23190006695000,14,7,7,890.4
23190006744000,24,12,12,921.6
23190006745000,7,3,4,287.7
23190006746000,31,17,14,1218.3
23190006747000,2,2,0,0
23190006748000,25,13,12,1175
23190006749000,57,23,34,2610.6
23190006754000,5,3,2,290
23190006755000,16,10,6,737.6
23190006758000,37,19,18,1476.3
23190006759000,72,35,37,2865.6
23190006760000,75,42,33,2670
23190006761000,65,32,33,2496
23190006762000,4,2,2,0
23190006763000,48,27,21,2126.4
23190006764000,6,2,4,273
23190006773000,2,1,1,0
23190006807000,1,1,0,0
23190006810000,3,2,1,0
23190006812000,2,1,1,0
23190006936000,10,5,5,575
23190006945000,6,2,4,252
23190006946000,3,2,1,0
23190006956000,4,2,2,0
23190006999000,12,7,5,519.6
23190007041000,8,6,2,452
23190007042000,20,11,9,770
23190007045000,31,17,14,1298.9
23190007046000,4,2,2,0
23190007047000,7,3,4,256.2
23190007048000,5,4,1,260
23190007059000,13,4,9,318.5
23190007069000,13,7,6,429
23190007070000,22,12,10,875.6
23190007071000,18,10,8,752.4
23190007072000,37,20,17,1642.8
23190007073000,54,31,23,1873.8
23190007074000,106,56,50,4112.8
23190007075000,22,11,11,990
23190007076000,14,9,5,719.6
23190007084000,21,10,11,850.5
23190007085000,11,4,7,490.6
23190007086000,26,15,11,1248
23190007090000,8,4,4,356.8
23190007091000,24,11,13,1159.2
23190007092000,17,6,11,433.5
23190007093000,23,10,13,770.5
23190007094000,16,6,10,616
23190007095000,23,14,9,961.4
23190007096000,19,11,8,1081.1
23190007097000,103,49,54,3615.3
23190007098000,219,106,113,8300.1
23190007106000,14,6,8,581
23190007108000,3,1,2,0
23190007109000,3,2,1,0
23190007110000,17,8,9,691.9
23190007111000,2,1,1,0
23190007113000,16,9,7,537.6
23190007115000,13,4,9,468
23190007116000,6,2,4,226.2
23190007117000,62,43,19,3019.4
23190007118000,19,11,8,908.2
23190007119000,6,4,2,372
23190007120000,11,5,6,598.4
23190007124000,4,2,2,0
23190007130000,10,5,5,439
23190007140000,6,4,2,304.2
23190007159000,18,9,9,714.6
23190007165000,4,2,2,0
23190007166000,15,8,7,561
23190007167000,5,3,2,357
23190007168000,17,8,9,846.6
23190007172000,2,1,1,0
23190007173000,6,3,3,415.2
23190007175000,17,11,6,695.3
23190007176000,11,8,3,253
23190007184000,2,1,1,0
23190007196000,31,16,15,1311.3
23190007197000,15,9,6,459
23190007198000,11,6,5,399.3
23190007204000,15,9,6,508.5
23190007205000,12,6,6,746.4
23190007206000,1,1,0,0
23200006620000,3,2,1,0
23200006622000,1,1,0,0
23200006623000,13,6,7,600.6
23200006624000,28,16,12,1058.4
23200006625000,21,12,9,900.9
23200006626000,43,23,20,1500.7
23200006627000,150,68,82,7125
23200006628000,4,2,2,0
23200006629000,3,2,1,0
23200006631000,1,1,0,0
23200006641000,10,5,5,362
23200006643000,1,1,0,0
23200006654000,10,6,4,580
23200006658000,1,1,0,0
23200006668000,7,4,3,401.8
23200006669000,22,9,13,994.4
23200006679000,3,1,2,0
23200006680000,15,7,8,691.5
23200006681000,32,17,15,1545.6
23200006682000,29,14,15,1090.4
23200006683000,15,6,9,829.5
23200006684000,14,8,6,749
23200006685000,21,8,13,913.5
23200006686000,14,6,8,494.2
23200006687000,9,5,4,432.9
23200006688000,5,5,0,219
23200006689000,29,18,11,1444.2
23200006690000,27,13,14,996.3
23200006691000,7,4,3,368.9
23200006692000,2,1,1,0
23200006695000,3,2,1,0
23200006698000,4,3,1,0
23200006740000,16,7,9,619.2
23200006741000,11,8,3,425.7
23200006742000,17,8,9,610.3
23200006743000,41,22,19,1644.1
23200006744000,12,7,5,591.6
23200006745000,112,62,50,4155.2
23200006746000,46,25,21,1895.2
23200006747000,8,5,3,328
23200006755000,5,2,3,232
23200006758000,5,3,2,232
23200006759000,21,11,10,588
23200006761000,4,2,2,0
23200006762000,35,17,18,1550.5
23200006763000,6,3,3,208.8
23200006764000,19,7,12,786.6
23200006765000,29,14,15,1281.8
23200006766000,15,9,6,568.5
23200006767000,2,1,1,0
23200006769000,4,1,3,0
23200006771000,1,0,1,0
23200006807000,1,1,0,0
23200006808000,3,1,2,0
23200006945000,9,2,7,325.8
23200006946000,13,5,8,774.8
23200006953000,9,6,3,498.6
23200006955000,1,1,0,0
23200006956000,4,1,3,0
23200006996000,5,3,2,143
23200006997000,36,22,14,1353.6
23200007041000,13,7,6,427.7
23200007042000,10,6,4,548
23200007045000,8,5,3,371.2
23200007048000,1,1,0,0
23200007069000,5,3,2,123
23200007070000,33,21,12,1402.5
23200007071000,45,22,23,1741.5
23200007072000,45,23,22,1534.5
23200007073000,26,15,11,813.8
23200007074000,15,9,6,631.5
23200007075000,68,31,37,3291.2
23200007076000,35,15,20,1053.5
23200007084000,14,9,5,550.2
23200007085000,6,4,2,331.2
23200007093000,9,8,1,453.6
23200007094000,17,8,9,629
23200007095000,13,6,7,626.6
23200007096000,60,34,26,2382
23200007097000,235,109,126,9729
23200007098000,12,5,7,553.2
23200007106000,89,46,43,3382
23200007108000,5,2,3,115
23200007109000,21,11,10,957.6
23200007110000,21,11,10,837.9
23200007111000,21,13,8,737.1
23200007112000,4,2,2,0
23200007114000,5,3,2,154
23200007115000,42,25,17,1633.8
23200007116000,34,20,14,1472.2
23200007117000,4,3,1,0
23200007130000,5,3,2,201
23200007139000,2,1,1,0
23200007140000,25,13,12,1085
23200007159000,19,8,11,951.9
23200007160000,8,2,6,416
23200007162000,12,5,7,699.6
23200007163000,38,20,18,1345.2
23200007164000,1,1,0,0
23200007167000,13,7,6,626.6
23200007168000,8,4,4,472
23200007169000,7,5,2,244.3
23200007173000,17,10,7,855.1
23200007175000,2,1,1,0
23200007185000,9,4,5,464.4
23200007195000,18,9,9,795.6
23200007196000,16,9,7,564.8
23200007197000,258,130,128,7998
23200007198000,398,217,181,13054.4
23200007204000,8,2,6,323.2
23200007205000,2,1,1,0
23210006618000,2,1,1,0
23210006624000,1,0,1,0
23210006625000,2,1,1,0
23210006626000,8,4,4,434.4
23210006627000,102,49,53,4539
23210006628000,76,40,36,4142
23210006629000,38,16,22,1721.4
23210006630000,21,14,7,819
23210006631000,3,2,1,0
23210006639000,6,3,3,262.2
23210006641000,2,1,1,0
23210006648000,2,1,1,0
23210006649000,3,2,1,0
23210006658000,2,1,1,0
23210006663000,7,6,1,307.3
23210006664000,1,1,0,0
23210006668000,2,1,1,0
23210006679000,13,8,5,626.6
23210006680000,26,12,14,1040
23210006681000,23,11,12,989
23210006682000,15,8,7,780
23210006683000,16,9,7,755.2
23210006684000,7,3,4,352.8
23210006685000,5,3,2,145
23210006686000,189,91,98,7106.4
23210006687000,45,20,25,1858.5
23210006688000,32,16,16,1478.4
23210006690000,3,2,1,0
23210006697000,2,1,1,0
23210006698000,2,1,1,0
23210006737000,9,7,2,321.3
23210006738000,5,3,2,195
23210006739000,3,3,0,0
23210006741000,2,1,1,0
23210006742000,2,1,1,0
23210006743000,6,2,4,286.2
23210006744000,3,2,1,0
23210006745000,96,44,52,3801.6
23210006746000,65,32,33,2470
23210006747000,57,29,28,2587.8
23210006748000,51,27,24,1938
23210006749000,15,10,5,679.5
23210006750000,4,2,2,0
23210006759000,36,21,15,1386
23210006760000,7,3,4,371.7
23210006761000,9,4,5,457.2
23210006763000,12,8,4,235.2
23210006764000,1,0,1,0
23210006766000,27,14,13,1155.6
23210006767000,40,22,18,1496
23210006768000,25,12,13,910
23210006769000,10,5,5,230
23210006771000,5,2,3,334
23210006804000,1,1,0,0
23210006806000,2,1,1,0
23210006807000,1,1,0,0
23210006929000,1,1,0,0
23210006944000,5,3,2,194
23210006945000,5,3,2,371
23210006952000,6,4,2,214.2
23210006953000,4,1,3,0
23210006955000,12,5,7,518.4
23210006996000,36,16,20,1774.8
23210006997000,17,6,11,776.9
23210007041000,45,21,24,1818
23210007043000,10,6,4,420
23210007044000,3,2,1,0
23210007045000,5,3,2,127
23210007046000,4,3,1,0
23210007068000,11,6,5,552.2
23210007069000,2,1,1,0
23210007070000,15,9,6,546
23210007071000,55,27,28,1941.5
23210007072000,54,29,25,1776.6
23210007073000,10,4,6,411
23210007074000,155,86,69,7068
23210007075000,32,17,15,1344
23210007076000,5,3,2,257
23210007084000,34,16,18,1567.4
23210007085000,9,6,3,340.2
23210007086000,1,0,1,0
23210007087000,25,13,12,980
23210007088000,13,7,6,497.9
23210007090000,7,4,3,408.1
23210007091000,12,6,6,585.6
23210007092000,15,6,9,571.5
23210007095000,3,3,0,0
23210007096000,40,20,20,1528
23210007098000,24,12,12,1327.2
23210007099000,29,14,15,1267.3
23210007106000,26,15,11,1120.6
23210007107000,13,7,6,431.6
23210007110000,12,9,3,375.6
23210007111000,14,9,5,393.4
23210007112000,7,3,4,265.3
23210007114000,22,13,9,688.6
23210007115000,3,1,2,0
23210007116000,31,15,16,1088.1
23210007130000,10,6,4,284
23210007142000,7,4,3,399.7
23210007158000,2,2,0,0
23210007159000,29,17,12,1302.1
23210007160000,26,10,16,1240.2
23210007161000,12,8,4,410.4
23210007162000,55,31,24,2073.5
23210007163000,7,4,3,233.8
23210007164000,20,11,9,942
23210007165000,2,1,1,0
23210007166000,8,4,4,246.4
23210007167000,12,7,5,544.8
23210007168000,20,11,9,578
23210007171000,1,1,0,0
23210007172000,24,11,13,688.8
23210007173000,11,6,5,645.7
23210007174000,35,17,18,1340.5
23210007175000,77,35,42,4150.3
23210007193000,2,1,1,0
23210007196000,11,7,4,486.2
23210007197000,215,107,108,8879.5
23210007198000,1319,670,649,58827.4
23210007199000,653,337,316,21744.9
23210007200000,9,7,2,385.2
23210007201000,3,2,1,0
23210007204000,11,5,6,436.7
23210007205000,10,7,3,275
23210007206000,1,0,1,0
23220006616000,3,2,1,0
23220006624000,3,2,1,0
23220006643000,5,3,2,292
23220006644000,2,1,1,0
23220006667000,4,2,2,0
23220006668000,18,9,9,1139.4
23220006677000,1,0,1,0
23220006678000,2,2,0,0
23220006679000,7,5,2,233.8
23220006680000,254,135,119,10007.6
23220006681000,47,25,22,1635.6
23220006682000,54,30,24,2181.6
23220006683000,18,6,12,453.6
23220006685000,4,3,1,0
23220006686000,25,13,12,1290
23220006687000,4,2,2,0
23220006688000,12,5,7,705.6
23220006689000,2,1,1,0
23220006690000,1,1,0,0
23220006734000,11,6,5,600.6
23220006735000,12,3,9,417.6
23220006736000,9,6,3,556.2
23220006737000,10,7,3,567
23220006738000,22,6,16,886.6
23220006739000,4,2,2,0
23220006740000,2,1,1,0
23220006744000,11,6,5,602.8
23220006745000,19,9,10,739.1
23220006746000,12,8,4,415.2
23220006747000,2,1,1,0
23220006748000,10,5,5,473
23220006749000,6,4,2,276
23220006750000,1,0,1,0
23220006759000,31,15,16,1531.4
23220006760000,75,27,48,4327.5
23220006761000,46,25,21,2451.8
23220006762000,3,1,2,0
23220006763000,8,3,5,316.8
23220006764000,17,7,10,520.2
23220006767000,5,2,3,323
23220006768000,2,1,1,0
23220006770000,5,2,3,326
23220006772000,3,2,1,0
23220006773000,12,6,6,525.6
23220006774000,6,3,3,259.8
23220006794000,2,1,1,0
23220006805000,2,1,1,0
23220006806000,11,7,4,559.9
23220006915000,13,6,7,661.7
23220006917000,1,0,1,0
23220006935000,20,11,9,1064
23220006941000,2,1,1,0
23220006945000,1,1,0,0
23220006946000,4,2,2,0
23220006951000,3,1,2,0
23220006952000,12,5,7,537.6
23220006953000,17,7,10,686.8
23220006954000,2,0,2,0
23220006955000,2,1,1,0
23220007041000,7,4,3,273.7
23220007045000,8,4,4,332.8
23220007046000,12,5,7,591.6
23220007047000,2,2,0,0
23220007068000,10,5,5,382
23220007071000,1,1,0,0
23220007072000,10,4,6,383
23220007073000,40,22,18,1412
23220007074000,125,60,65,5062.5
23220007075000,103,51,52,3975.8
23220007076000,58,31,27,2563.6
23220007077000,6,5,1,234
23220007084000,356,180,176,14133.2
23220007085000,54,23,31,2214
23220007086000,127,70,57,4152.9
23220007087000,47,24,23,1489.9
23220007088000,25,13,12,887.5
23220007089000,9,6,3,432
23220007090000,6,3,3,406.8
23220007091000,2,1,1,0
23220007092000,32,18,14,992
23220007093000,23,12,11,929.2
23220007094000,23,14,9,899.3
23220007095000,5,2,3,335
23220007096000,26,15,11,891.8
23220007097000,11,5,6,455.4
23220007098000,32,18,14,1286.4
23220007099000,16,9,7,944
23220007105000,16,8,8,659.2
23220007106000,21,9,12,888.3
23220007110000,5,2,3,208
23220007111000,30,13,17,1206
23220007112000,35,21,14,1218
23220007114000,33,17,16,1356.3
23220007130000,1,0,1,0
23220007142000,25,11,14,1085
23220007143000,1,0,1,0
23220007157000,23,9,14,931.5
23220007158000,2,0,2,0
23220007159000,31,14,17,1370.2
23220007160000,24,12,12,705.6
23220007161000,14,6,8,602
23220007162000,13,6,7,403
23220007166000,5,2,3,168
23220007171000,2,1,1,0
23220007172000,19,8,11,520.6
23220007173000,6,4,2,288
23220007175000,8,4,4,540
23220007177000,3,2,1,0
23220007178000,4,3,1,0
23220007185000,10,6,4,522
23220007186000,1,0,1,0
23220007193000,4,2,2,0
23220007194000,5,3,2,276
23220007196000,16,8,8,550.4
23220007197000,14,8,6,425.6
23220007198000,341,160,181,14731.2
23220007199000,240,125,115,8184
23220007200000,9,4,5,332.1
23220007201000,20,11,9,650
23220007202000,51,26,25,1943.1
23220007203000,29,16,13,1412.3
23220007204000,33,18,15,1032.9
23230006616000,2,1,1,0
23230006617000,12,7,5,688.8
23230006622000,4,2,2,0
23230006668000,4,2,2,0
23230006676000,2,1,1,0
23230006677000,3,2,1,0
23230006678000,5,2,3,175
23230006680000,65,31,34,2567.5
23230006681000,68,33,35,3080.4
23230006682000,34,17,17,1659.2
23230006683000,15,7,8,523.5
23230006684000,21,12,9,894.6
23230006685000,2,1,1,0
23230006730000,3,2,1,0
23230006731000,18,9,9,799.2
23230006732000,8,5,3,407.2
23230006733000,3,1,2,0
23230006734000,62,34,28,2622.6
23230006735000,82,45,37,3624.4
23230006736000,9,6,3,482.4
23230006737000,26,14,12,1305.2
23230006738000,14,10,4,715.4
23230006739000,10,7,3,516
23230006754000,3,2,1,0
23230006755000,6,3,3,232.2
23230006758000,2,1,1,0
23230006760000,24,10,14,1029.6
23230006764000,3,1,2,0
23230006765000,4,3,1,0
23230006766000,18,11,7,732.6
23230006768000,3,2,1,0
23230006769000,8,5,3,346.4
23230006770000,19,10,9,765.7
23230006771000,4,2,2,0
23230006772000,3,2,1,0
23230006794000,1,1,0,0
23230006795000,3,2,1,0
23230006805000,1,1,0,0
23230006815000,4,3,1,0
23230006817000,4,2,2,0
23230006822000,1,1,0,0
23230006894000,7,5,2,216.3
23230006896000,10,6,4,382
23230006935000,13,6,7,621.4
23230006946000,11,7,4,420.2
23230006947000,2,1,1,0
23230006951000,6,2,4,334.8
23230006953000,10,5,5,424
23230006954000,13,8,5,694.2
23230007042000,2,1,1,0
23230007045000,1,1,0,0
23230007070000,8,6,2,283.2
23230007071000,34,21,13,1159.4
23230007072000,21,11,10,877.8
23230007073000,24,10,14,1089.6
23230007074000,32,20,12,1478.4
23230007075000,88,48,40,3009.6
23230007076000,18,11,7,547.2
23230007081000,108,56,52,3780
23230007082000,295,151,144,11505
23230007083000,3,3,0,0
23230007085000,193,97,96,8106
23230007086000,179,94,85,7500.1
23230007087000,78,39,39,3073.2
23230007088000,15,10,5,544.5
23230007089000,15,8,7,844.5
23230007090000,6,3,3,258
23230007092000,22,12,10,1003.2
23230007093000,20,10,10,914
23230007094000,7,4,3,217
23230007095000,11,7,4,346.5
23230007096000,21,12,9,705.6
23230007097000,27,15,12,1242
23230007098000,4,1,3,0
23230007099000,22,11,11,932.8
23230007104000,8,5,3,355.2
23230007105000,105,52,53,3759
23230007106000,20,9,11,970
23230007111000,32,18,14,1052.8
23230007112000,28,18,10,1019.2
23230007113000,9,4,5,377.1
23230007114000,195,101,94,6844.5
23230007115000,8,4,4,312.8
23230007128000,20,11,9,792
23230007156000,2,1,1,0
23230007160000,8,4,4,352.8
23230007161000,64,32,32,2284.8
23230007162000,4,2,2,0
23230007169000,14,8,6,701.4
23230007170000,6,3,3,169.8
23230007173000,6,4,2,262.8
23230007177000,14,6,8,649.6
23230007178000,15,8,7,816
23230007185000,16,11,5,800
23230007186000,15,6,9,613.5
23230007189000,4,2,2,0
23230007190000,14,7,7,509.6
23230007191000,25,11,14,945
23230007192000,1,1,0,0
23230007194000,4,1,3,0
23230007195000,6,3,3,304.8
23230007196000,11,5,6,545.6
23230007197000,70,36,34,2520
23230007198000,1,1,0,0
23230007199000,46,20,26,1771
23230007200000,124,61,63,4712
23230007201000,16,6,10,638.4
23230007202000,17,9,8,447.1
23240006643000,4,2,2,0
23240006644000,2,1,1,0
23240006645000,2,1,1,0
23240006646000,2,1,1,0
23240006676000,13,7,6,600.6
23240006677000,53,28,25,1558.2
23240006678000,4,1,3,0
23240006680000,81,41,40,3402
23240006681000,21,9,12,770.7
23240006682000,43,21,22,2145.7
23240006683000,35,19,16,1197
23240006685000,5,2,3,320
23240006686000,4,2,2,0
23240006728000,4,3,1,0
23240006729000,6,2,4,184.8
23240006730000,14,7,7,861
23240006731000,33,16,17,1471.8
23240006732000,5,2,3,322
23240006733000,1,1,0,0
23240006734000,16,8,8,873.6
23240006735000,21,12,9,974.4
23240006736000,12,7,5,480
23240006737000,3,1,2,0
23240006738000,5,3,2,188
23240006755000,33,16,17,1435.5
23240006757000,6,2,4,279
23240006758000,16,7,9,710.4
23240006760000,6,4,2,268.8
23240006761000,25,15,10,1155
23240006762000,2,1,1,0
23240006764000,4,2,2,0
23240006765000,12,6,6,427.2
23240006766000,1,0,1,0
23240006769000,4,2,2,0
23240006770000,3,2,1,0
23240006795000,4,3,1,0
23240006800000,2,1,1,0
23240006801000,8,5,3,540
23240006802000,1,0,1,0
23240006803000,7,4,3,139.3
23240006814000,7,5,2,392.7
23240006821000,1,1,0,0
23240006893000,4,3,1,0
23240006933000,1,1,0,0
23240006934000,4,1,3,0
23240006944000,3,1,2,0
23240006947000,12,7,5,222
23240006949000,12,7,5,483.6
23240006950000,7,3,4,268.1
23240006954000,5,2,3,199
23240006955000,1,1,0,0
23240007068000,3,2,1,0
23240007069000,6,4,2,361.8
23240007070000,6,5,1,210
23240007071000,104,51,53,3359.2
23240007072000,25,15,10,710
23240007074000,33,18,15,1122
23240007075000,59,31,28,2112.2
23240007081000,38,17,21,1432.6
23240007082000,65,33,32,2099.5
23240007083000,40,19,21,1740
23240007085000,9,5,4,378
23240007088000,16,8,8,756.8
23240007089000,22,12,10,836
23240007090000,23,10,13,738.3
23240007091000,7,4,3,403.9
23240007092000,45,22,23,1665
23240007093000,79,42,37,3025.7
23240007094000,142,67,75,5310.8
23240007095000,160,81,79,5728
23240007096000,22,13,9,776.6
23240007097000,17,7,10,666.4
23240007098000,31,16,15,1568.6
23240007099000,15,9,6,645
23240007104000,1,1,0,0
23240007106000,16,7,9,780.8
23240007111000,9,4,5,354.6
23240007112000,16,11,5,500.8
23240007113000,57,31,26,2257.2
23240007114000,209,101,108,9321.4
23240007115000,115,55,60,4117
23240007142000,5,1,4,148
23240007143000,10,5,5,555
23240007146000,2,1,1,0
23240007156000,7,5,2,321.3
23240007170000,16,8,8,836.8
23240007171000,17,7,10,875.5
23240007172000,16,8,8,854.4
23240007173000,8,3,5,376.8
23240007177000,1,1,0,0
23240007178000,10,5,5,682
23240007186000,8,6,2,334.4
23240007190000,20,10,10,716
23240007191000,4,1,3,0
23240007193000,7,4,3,286.3
23240007195000,3,1,2,0
23240007196000,19,11,8,805.6
23240007197000,88,50,38,3678.4
23240007198000,84,44,40,2948.4
23240007199000,13,8,5,590.2
23240007200000,3,1,2,0
23240007202000,19,9,10,596.6
23240007203000,29,15,14,838.1
23240007204000,5,3,2,329
23250006661000,1,1,0,0
23250006675000,1,1,0,0
23250006676000,25,12,13,985
23250006677000,22,10,12,1047.2
23250006678000,9,3,6,585.9
23250006679000,14,8,6,681.8
23250006680000,28,15,13,1279.6
23250006681000,55,33,22,2178
23250006682000,28,14,14,1120
23250006683000,25,11,14,1255
23250006684000,6,5,1,187.2
23250006685000,3,2,1,0
23250006726000,6,2,4,399
23250006727000,32,18,14,1443.2
23250006728000,21,12,9,884.1
23250006729000,18,7,11,424.8
23250006730000,43,19,24,2253.2
23250006731000,22,14,8,682
23250006732000,11,5,6,405.9
23250006733000,9,5,4,498.6
23250006734000,5,3,2,288
23250006735000,7,3,4,256.9
23250006736000,200,103,97,8780
23250006737000,44,21,23,1716
23250006739000,1,1,0,0
23250006754000,12,7,5,301.2
23250006755000,5,2,3,343
23250006757000,26,14,12,1053
23250006758000,36,18,18,1400.4
23250006759000,29,16,13,1690.7
23250006760000,104,54,50,4628
23250006761000,50,24,26,1990
23250006763000,2,1,1,0
23250006764000,1,0,1,0
23250006766000,1,1,0,0
23250006767000,3,2,1,0
23250006768000,1,1,0,0
23250006794000,5,3,2,294
23250006795000,4,3,1,0
23250006796000,1,1,0,0
23250006798000,1,1,0,0
23250006799000,4,2,2,0
23250006800000,6,3,3,156
23250006801000,19,10,9,782.8
23250006813000,5,2,3,276
23250006856000,2,2,0,0
23250006888000,24,15,9,1135.2
23250006889000,1,0,1,0
23250006890000,1,0,1,0
23250006914000,10,5,5,448
23250006933000,4,2,2,0
23250006947000,3,2,1,0
23250006954000,2,1,1,0
23250006955000,10,5,5,336
23250006996000,2,0,2,0
23250007042000,4,2,2,0
23250007067000,9,5,4,333.9
23250007069000,16,7,9,656
23250007070000,23,12,11,634.8
23250007072000,6,4,2,279
23250007073000,1,1,0,0
23250007074000,32,15,17,1523.2
23250007075000,83,45,38,2913.3
23250007076000,78,44,34,3104.4
23250007077000,31,24,7,1342.3
23250007078000,1027,508,519,39744.9
23250007079000,383,173,210,13749.7
23250007080000,199,105,94,7800.8
23250007081000,78,35,43,2628.6
23250007082000,198,102,96,7326
23250007083000,19,9,10,685.9
23250007085000,3,1,2,0
23250007086000,7,6,1,259.7
23250007088000,12,7,5,579.6
23250007089000,12,6,6,525.6
23250007090000,21,9,12,697.2
23250007091000,62,35,27,1990.2
23250007092000,252,121,131,10357.2
23250007093000,288,124,164,13392
23250007094000,84,41,43,3301.2
23250007095000,150,76,74,6285
23250007096000,29,15,14,1113.6
23250007097000,15,6,9,685.5
23250007099000,24,11,13,1219.2
23250007100000,25,15,10,1350
23250007105000,20,9,11,676
23250007107000,2,1,1,0
23250007111000,15,7,8,396
23250007112000,17,9,8,486.2
23250007113000,13,9,4,547.3
23250007114000,34,17,17,1094.8
23250007115000,29,14,15,965.7
23250007116000,26,14,12,865.8
23250007127000,8,4,4,232
23250007142000,3,2,1,0
23250007144000,2,2,0,0
23250007145000,14,6,8,757.4
23250007146000,98,56,42,3978.8
23250007155000,2,1,1,0
23250007166000,4,2,2,0
23250007171000,2,1,1,0
23250007172000,11,7,4,523.6
23250007173000,28,14,14,1453.2
23250007174000,13,7,6,711.1
23250007175000,5,3,2,261
23250007185000,4,2,2,0
23250007186000,2,1,1,0
23250007190000,2,1,1,0
23250007192000,4,2,2,0
23250007193000,68,33,35,2482
23250007194000,12,8,4,381.6
23250007195000,3,2,1,0
23250007196000,6,4,2,277.2
23250007197000,9,4,5,506.7
23250007198000,6,4,2,241.2
23250007200000,1,1,0,0
23250007203000,10,5,5,468
23250007204000,80,43,37,3072
23250007205000,3,1,2,0
23260006648000,15,8,7,724.5
23260006649000,3,3,0,0
23260006674000,5,3,2,136
23260006675000,28,14,14,1394.4
23260006676000,131,69,62,4938.7
23260006677000,28,16,12,1229.2
23260006678000,13,9,4,655.2
23260006679000,24,13,11,902.4
23260006680000,20,11,9,854
23260006681000,3,2,1,0
23260006682000,15,10,5,835.5
23260006683000,22,12,10,842.6
23260006726000,23,12,11,1106.3
23260006727000,42,20,22,2352
23260006728000,26,14,12,1144
23260006729000,80,34,46,4400
23260006730000,195,95,100,7975.5
23260006731000,39,15,24,2324.4
23260006732000,21,10,11,921.9
23260006733000,7,5,2,307.3
23260006734000,2,2,0,0
23260006735000,48,27,21,2030.4
23260006736000,127,66,61,6172.2
23260006737000,79,35,44,4092.2
23260006738000,22,11,11,1045
23260006739000,11,6,5,577.5
23260006740000,1,0,1,0
23260006755000,8,4,4,208
23260006756000,6,4,2,280.2
23260006757000,12,7,5,660
23260006758000,9,6,3,315
23260006759000,22,13,9,853.6
23260006760000,72,39,33,3110.4
23260006761000,35,14,21,1410.5
23260006762000,15,7,8,808.5
23260006763000,2,1,1,0
23260006765000,3,2,1,0
23260006766000,58,30,28,2604.2
23260006767000,48,25,23,2222.4
23260006768000,20,11,9,804
23260006769000,10,5,5,429
23260006770000,7,5,2,394.8
23260006771000,5,1,4,211
23260006794000,2,1,1,0
23260006800000,87,40,47,4837.2
23260006801000,22,10,12,1243
23260006807000,3,2,1,0
23260006808000,2,1,1,0
23260006812000,2,1,1,0
23260006813000,10,5,5,608
23260006845000,8,6,2,368
23260006856000,8,3,5,288.8
23260006857000,27,15,12,1001.7
23260006858000,3,0,3,0
23260006884000,1,1,0,0
23260006887000,8,4,4,439.2
23260006890000,1,1,0,0
23260006944000,13,7,6,591.5
23260006945000,1,0,1,0
23260006946000,3,2,1,0
23260006947000,3,2,1,0
23260006955000,1,1,0,0
23260006996000,34,21,13,1533.4
23260007070000,17,10,7,671.5
23260007071000,23,16,7,848.7
23260007072000,28,13,15,968.8
23260007073000,15,9,6,720
23260007074000,23,12,11,1081
23260007075000,219,112,107,8431.5
23260007076000,1003,512,491,40822.1
23260007077000,407,221,186,16971.9
23260007078000,1828,856,972,90486
23260007079000,1114,557,557,42220.6
23260007080000,347,164,183,13741.2
23260007081000,16,8,8,649.6
23260007082000,36,16,20,1263.6
23260007083000,11,6,5,334.4
23260007086000,2,1,1,0
23260007087000,6,3,3,291
23260007089000,7,5,2,261.8
23260007090000,3,0,3,0
23260007091000,50,29,21,2085
23260007092000,14,8,6,548.8
23260007093000,52,24,28,2891.2
23260007094000,35,19,16,1281
23260007095000,3,1,2,0
23260007096000,10,5,5,254
23260007097000,38,16,22,1573.2
23260007098000,47,23,24,1800.1
23260007099000,3,1,2,0
23260007100000,203,99,104,6577.2
23260007101000,14,7,7,726.6
23260007103000,689,318,371,31969.6
23260007104000,347,174,173,13151.3
23260007105000,26,11,15,1019.2
23260007106000,9,5,4,320.4
23260007107000,2,1,1,0
23260007111000,9,4,5,284.4
23260007112000,70,39,31,2772
23260007113000,28,16,12,991.2
23260007114000,30,18,12,999
23260007115000,3,1,2,0
23260007116000,24,13,11,832.8
23260007142000,3,2,1,0
23260007143000,14,10,4,429.8
23260007144000,201,111,90,7396.8
23260007145000,444,223,221,17760
23260007146000,174,94,80,5811.6
23260007150000,4,1,3,0
23260007156000,7,4,3,492.8
23260007164000,5,1,4,184
23260007167000,6,4,2,268.8
23260007168000,8,4,4,450.4
23260007170000,3,1,2,0
23260007171000,5,2,3,304
23260007185000,3,2,1,0
23260007191000,8,6,2,247.2
23260007192000,49,28,21,1705.2
23260007193000,8,5,3,206.4
23260007194000,8,5,3,227.2
23260007195000,17,9,8,678.3
23260007196000,6,3,3,463.2
23260007197000,1,1,0,0
23260007198000,2,1,1,0
23260007200000,2,1,1,0
23260007201000,10,6,4,506
23260007205000,28,16,12,985.6
23270006641000,2,1,1,0
23270006643000,4,3,1,0
23270006647000,1,0,1,0
23270006648000,2,2,0,0
23270006655000,6,3,3,271.8
23270006673000,12,7,5,442.8
23270006674000,2,1,1,0
23270006675000,41,21,20,1722
23270006676000,98,45,53,4733.4
23270006677000,76,41,35,2690.4
23270006678000,28,14,14,1114.4
23270006679000,20,12,8,828
23270006680000,7,3,4,317.1
23270006682000,8,5,3,480.8
23270006683000,8,4,4,384.8
23270006694000,5,2,3,237
23270006725000,11,5,6,601.7
23270006726000,21,11,10,926.1
23270006727000,8,4,4,524
23270006728000,65,30,35,2775.5
23270006729000,186,82,104,11178.6
23270006730000,530,253,277,25122
23270006731000,189,100,89,8145.9
23270006733000,8,4,4,386.4
23270006734000,6,2,4,358.8
23270006735000,39,21,18,1290.9
23270006736000,43,24,19,1857.6
23270006737000,55,26,29,2486
23270006738000,7,3,4,398.3
23270006755000,7,3,4,240.1
23270006756000,6,4,2,216
23270006757000,11,6,5,598.4
23270006759000,7,3,4,275.8
23270006760000,17,9,8,839.8
23270006761000,33,17,16,1435.5
23270006762000,4,2,2,0
23270006763000,4,2,2,0
23270006767000,3,2,1,0
23270006768000,10,7,3,511
23270006769000,8,5,3,290.4
23270006770000,6,3,3,321
23270006793000,1,0,1,0
23270006794000,1,0,1,0
23270006800000,6,4,2,354
23270006801000,29,14,15,1241.2
23270006805000,6,3,3,457.2
23270006806000,7,4,3,284.2
23270006807000,3,1,2,0
23270006811000,2,1,1,0
23270006844000,7,3,4,310.1
23270006845000,1,0,1,0
23270006857000,2,2,0,0
23270006859000,8,5,3,503.2
23270006860000,6,2,4,280.2
23270006884000,16,10,6,502.4
23270006892000,2,1,1,0
23270006932000,2,1,1,0
23270006944000,3,2,1,0
23270006945000,5,3,2,237
23270006946000,3,1,2,0
23270006951000,3,3,0,0
23270006995000,9,4,5,609.3
23270006996000,1,0,1,0
23270007069000,11,5,6,418
23270007070000,32,15,17,1529.6
23270007071000,2,1,1,0
23270007072000,24,12,12,1116
23270007074000,16,9,7,793.6
23270007075000,46,26,20,1734.2
23270007076000,252,129,123,10483.2
23270007077000,134,73,61,4998.2
23270007078000,779,366,413,40585.9
23270007079000,532,256,276,22876
23270007080000,41,20,21,1586.7
23270007081000,17,7,10,732.7
23270007082000,51,27,24,1759.5
23270007083000,6,4,2,427.8
23270007093000,30,16,14,1230
23270007094000,5,3,2,311
23270007097000,16,8,8,769.6
23270007098000,10,5,5,336
23270007099000,6,4,2,175.8
23270007100000,2,2,0,0
23270007101000,838,419,419,35112.2
23270007103000,443,230,213,17941.5
23270007104000,323,169,154,13662.9
23270007105000,152,78,74,6019.2
23270007108000,5,4,1,270
23270007110000,6,3,3,358.2
23270007111000,4,3,1,0
23270007112000,15,8,7,631.5
23270007113000,21,10,11,770.7
23270007114000,35,18,17,1452.5
23270007116000,10,5,5,309
23270007142000,8,4,4,358.4
23270007143000,8,3,5,242.4
23270007146000,3,2,1,0
23270007149000,30,13,17,1164
23270007150000,17,8,9,661.3
23270007156000,20,9,11,764
23270007168000,2,1,1,0
23270007169000,11,7,4,547.8
23270007187000,12,5,7,433.2
23270007188000,12,6,6,548.4
23270007191000,13,5,8,423.8
23270007192000,26,15,11,980.2
23270007194000,13,7,6,406.9
23270007195000,4,2,2,0
23270007196000,19,12,7,866.4
23270007197000,18,11,7,655.2
23270007198000,14,6,8,477.4
23270007201000,18,9,9,777.6
23270007202000,8,5,3,244.8
23270007205000,5,2,3,93
23280006643000,4,2,2,0
23280006652000,3,2,1,0
23280006675000,2,1,1,0
23280006676000,34,19,15,1305.6
23280006677000,54,30,24,2284.2
23280006678000,10,5,5,453
23280006680000,3,2,1,0
23280006681000,58,30,28,2308.4
23280006682000,8,4,4,328
23280006694000,4,1,3,0
23280006697000,3,1,2,0
23280006714000,1,1,0,0
23280006715000,25,13,12,1415
23280006716000,4,3,1,0
23280006722000,4,2,2,0
23280006723000,7,4,3,326.2
23280006724000,5,3,2,204
23280006725000,31,14,17,1320.6
23280006726000,10,6,4,308
23280006727000,16,10,6,603.2
23280006728000,49,27,22,2454.9
23280006733000,10,5,5,373
23280006734000,13,4,9,601.9
23280006735000,13,7,6,538.2
23280006736000,2,1,1,0
23280006737000,47,23,24,2124.4
23280006738000,47,28,19,2086.8
23280006739000,2,1,1,0
23280006756000,2,1,1,0
23280006761000,23,11,12,894.7
23280006762000,14,5,9,758.8
23280006763000,8,5,3,382.4
23280006768000,2,1,1,0
23280006793000,1,1,0,0
23280006794000,2,1,1,0
23280006799000,6,2,4,207
23280006800000,14,7,7,634.2
23280006802000,11,6,5,492.8
23280006803000,9,7,2,413.1
23280006804000,3,2,1,0
23280006811000,1,1,0,0
23280006844000,1,1,0,0
23280006850000,18,9,9,1168.2
23280006860000,7,5,2,321.3
23280006882000,6,2,4,277.2
23280006892000,13,7,6,648.7
23280006912000,4,1,3,0
23280006940000,2,2,0,0
23280006941000,1,1,0,0
23280006945000,4,3,1,0
23280006946000,12,8,4,812.4
23280006950000,6,4,2,211.2
23280006951000,1,1,0,0
23280006954000,10,4,6,247
23280006994000,1,1,0,0
23280006995000,12,6,6,842.4
23280007068000,2,1,1,0
23280007069000,2,1,1,0
23280007070000,6,2,4,172.8
23280007071000,2,1,1,0
23280007072000,8,4,4,278.4
23280007074000,17,8,9,588.2
23280007075000,35,21,14,1337
23280007076000,43,22,21,1763
23280007077000,13,8,5,386.1
23280007078000,297,157,140,11256.3
23280007079000,63,32,31,2835
23280007080000,38,20,18,1675.8
23280007081000,19,10,9,682.1
23280007082000,41,25,16,1312
23280007091000,20,11,9,594
23280007092000,16,9,7,729.6
23280007093000,27,14,13,1174.5
23280007094000,35,21,14,1442
23280007095000,10,6,4,306
23280007096000,17,6,11,700.4
23280007097000,14,4,10,530.6
23280007098000,6,4,2,427.2
23280007099000,37,20,17,873.2
23280007100000,267,144,123,10653.3
23280007101000,618,313,305,21259.2
23280007102000,640,300,340,41152
23280007103000,1715,826,889,82320
23280007104000,1266,626,640,52792.2
23280007105000,788,395,393,31520
23280007106000,164,81,83,5330
23280007107000,13,7,6,562.9
23280007108000,30,16,14,1086
23280007109000,10,3,7,356
23280007110000,10,5,5,375
23280007112000,19,11,8,868.3
23280007113000,7,3,4,324.1
23280007114000,15,7,8,346.5
23280007116000,15,7,8,615
23280007117000,6,5,1,130.8
23280007146000,3,2,1,0
23280007147000,6,2,4,136.2
23280007149000,7,4,3,384.3
23280007154000,77,38,39,2356.2
23280007155000,8,5,3,376.8
23280007157000,4,1,3,0
23280007163000,9,5,4,509.4
23280007169000,4,2,2,0
23280007186000,2,1,1,0
23280007188000,10,5,5,342
23280007189000,3,1,2,0
23280007190000,2,1,1,0
23280007191000,26,13,13,1079
23280007192000,5,3,2,121
23280007193000,4,3,1,0
23280007194000,5,1,4,314
23280007195000,8,4,4,208.8
23280007196000,10,6,4,491
23290006649000,1,1,0,0
23290006650000,1,1,0,0
23290006651000,4,3,1,0
23290006652000,3,2,1,0
23290006653000,2,1,1,0
23290006677000,4,3,1,0
23290006678000,18,11,7,838.8
23290006679000,25,13,12,1465
23290006680000,12,7,5,567.6
23290006681000,6,4,2,214.2
23290006693000,7,4,3,193.2
23290006694000,2,1,1,0
23290006715000,17,9,8,933.3
23290006716000,8,3,5,220.8
23290006717000,2,2,0,0
23290006718000,1,1,0,0
23290006721000,25,14,11,1105
23290006722000,11,7,4,372.9
23290006723000,5,3,2,356
23290006725000,2,1,1,0
23290006726000,5,3,2,121
23290006731000,13,7,6,360.1
23290006732000,2,1,1,0
23290006733000,15,9,6,619.5
23290006734000,23,11,12,903.9
23290006735000,5,2,3,319
23290006736000,10,6,4,490
23290006737000,42,26,16,1524.6
23290006738000,32,19,13,1574.4
23290006739000,8,5,3,410.4
23290006760000,6,3,3,262.2
23290006761000,37,19,18,1465.2
23290006762000,17,8,9,931.6
23290006769000,5,2,3,245
23290006791000,3,1,2,0
23290006792000,4,2,2,0
23290006793000,6,3,3,337.8
23290006799000,4,2,2,0
23290006841000,6,3,3,331.2
23290006842000,2,1,1,0
23290006843000,2,1,1,0
23290006850000,1,1,0,0
23290006865000,2,0,2,0
23290006866000,9,4,5,566.1
23290006909000,2,1,1,0
23290006912000,4,1,3,0
23290006940000,2,1,1,0
23290006945000,8,5,3,444.8
23290006952000,2,1,1,0
23290006954000,4,3,1,0
23290006994000,40,20,20,1792
23290006995000,22,11,11,1287
23290007070000,42,20,22,1545.6
23290007071000,7,4,3,252.7
23290007075000,18,11,7,657
23290007076000,18,10,8,473.4
23290007077000,5,2,3,244
23290007078000,45,22,23,1638
23290007079000,66,37,29,2448.6
23290007080000,321,167,154,8763.3
23290007081000,16,8,8,940.8
23290007082000,6,3,3,325.8
23290007089000,2,1,1,0
23290007090000,18,8,10,545.4
23290007091000,13,9,4,373.1
23290007092000,3,2,1,0
23290007093000,20,12,8,564
23290007094000,6,2,4,205.2
23290007095000,9,6,3,482.4
23290007097000,21,9,12,705.6
23290007098000,12,5,7,598.8
23290007100000,48,24,24,1920
23290007101000,24,12,12,1087.2
23290007102000,1086,525,561,55277.4
23290007103000,1755,841,914,71955
23290007104000,342,172,170,11115
23290007105000,57,30,27,2063.4
23290007108000,38,24,14,1596
23290007109000,40,16,24,1760
23290007110000,16,6,10,460.8
23290007113000,14,8,6,355.6
23290007117000,18,11,7,606.6
23290007154000,586,290,296,18576.2
23290007155000,4,2,2,0
23290007156000,7,4,3,266.7
23290007157000,19,11,8,950
23290007158000,5,2,3,212
23290007162000,10,5,5,507
23290007168000,5,2,3,332
23290007169000,4,2,2,0
23290007170000,2,2,0,0
23290007178000,1,0,1,0
23290007179000,2,1,1,0
23290007180000,4,2,2,0
23290007187000,2,1,1,0
23290007188000,4,3,1,0
23290007189000,48,29,19,1262.4
23290007190000,33,15,18,1369.5
23290007191000,17,6,11,639.2
23290007193000,9,6,3,448.2
23290007194000,12,6,6,391.2
23290007195000,4,3,1,0
23290007196000,10,6,4,231
23290007198000,4,1,3,0
23290007203000,1,1,0,0
23300006646000,4,3,1,0
23300006647000,8,6,2,436.8
23300006648000,1,1,0,0
23300006650000,2,1,1,0
23300006651000,5,3,2,217
23300006652000,2,1,1,0
23300006653000,10,6,4,517
23300006675000,10,4,6,455
23300006677000,4,3,1,0
23300006678000,5,1,4,111
23300006679000,20,9,11,818
23300006680000,3,2,1,0
23300006681000,2,1,1,0
23300006693000,1,1,0,0
23300006694000,8,5,3,472
23300006713000,3,2,1,0
23300006714000,15,7,8,409.5
23300006715000,33,17,16,1458.6
23300006716000,49,26,23,2043.3
23300006717000,25,13,12,1015
23300006718000,3,1,2,0
23300006719000,5,3,2,249
23300006720000,4,1,3,0
23300006721000,23,12,11,867.1
23300006722000,26,13,13,1047.8
23300006724000,6,4,2,210
23300006731000,7,3,4,287
23300006732000,11,4,7,387.2
23300006733000,25,14,11,1325
23300006734000,31,15,16,1500.4
23300006735000,6,3,3,397.2
23300006736000,50,28,22,2080
23300006737000,8,4,4,399.2
23300006738000,7,4,3,354.2
23300006739000,15,6,9,553.5
23300006759000,7,3,4,245
23300006760000,25,13,12,910
23300006761000,9,6,3,461.7
23300006762000,3,2,1,0
23300006769000,5,3,2,276
23300006770000,2,1,1,0
23300006790000,2,1,1,0
23300006791000,7,4,3,382.2
23300006800000,2,1,1,0
23300006841000,2,1,1,0
23300006859000,2,1,1,0
23300006860000,4,3,1,0
23300006908000,5,3,2,209
23300006909000,13,7,6,709.8
23300006910000,7,3,4,391.3
23300006911000,5,2,3,178
23300006912000,17,10,7,812.6
23300006913000,4,2,2,0
23300006944000,2,1,1,0
23300006945000,4,2,2,0
23300006952000,5,3,2,278
23300006954000,6,3,3,163.8
23300006955000,4,2,2,0
23300006994000,38,21,17,1759.4
23300006995000,31,15,16,1382.6
23300007039000,24,12,12,1243.2
23300007040000,2,1,1,0
23300007075000,65,36,29,2327
23300007076000,8,3,5,372.8
23300007077000,30,18,12,897
23300007078000,79,39,40,3389.1
23300007079000,31,14,17,1426
23300007080000,573,290,283,19653.9
23300007081000,6,4,2,258
23300007082000,4,1,3,0
23300007090000,1,1,0,0
23300007091000,23,10,13,1136.2
23300007092000,5,2,3,104
23300007093000,11,7,4,358.6
23300007094000,17,7,10,647.7
23300007095000,31,17,14,1373.3
23300007096000,9,4,5,405
23300007098000,38,17,21,1588.4
23300007099000,9,3,6,388.8
23300007101000,103,55,48,2605.9
23300007102000,59,29,30,2070.9
23300007103000,350,185,165,13475
23300007104000,46,25,21,1959.6
23300007105000,9,5,4,236.7
23300007109000,12,5,7,685.2
23300007110000,14,9,5,639.8
23300007111000,14,9,5,485.8
23300007113000,17,8,9,737.8
23300007118000,5,1,4,115
23300007146000,14,5,9,483
23300007147000,99,52,47,3732.3
23300007148000,77,40,37,2772
23300007149000,50,28,22,1655
23300007150000,16,8,8,619.2
23300007152000,16,8,8,664
23300007153000,859,374,485,41747.4
23300007154000,946,481,465,36421
23300007155000,12,6,6,660
23300007156000,34,18,16,1094.8
23300007157000,13,6,7,419.9
23300007158000,22,11,11,591.8
23300007159000,22,9,13,765.6
23300007162000,1,1,0,0
23300007165000,4,2,2,0
23300007178000,32,21,11,1401.6
23300007179000,13,6,7,686.4
23300007180000,22,9,13,998.8
23300007190000,33,18,15,1475.1
23300007191000,11,6,5,277.2
23300007192000,15,7,8,544.5
23300007196000,4,3,1,0
23300007197000,10,7,3,364
23300007198000,6,3,3,208.2
23300007199000,10,5,5,341
23300007200000,2,1,1,0
23310006644000,13,6,7,523.9
23310006645000,26,17,9,1222
23310006646000,34,18,16,1040.4
23310006647000,113,60,53,5085
23310006648000,19,8,11,837.9
23310006649000,23,14,9,860.2
23310006650000,11,7,4,357.5
23310006651000,3,2,1,0
23310006653000,1,1,0,0
23310006672000,1,0,1,0
23310006675000,9,3,6,205.2
23310006676000,245,127,118,7717.5
23310006677000,26,13,13,1341.6
23310006678000,44,22,22,1579.6
23310006679000,12,6,6,463.2
23310006693000,9,5,4,466.2
23310006694000,42,24,18,1701
23310006695000,9,5,4,452.7
23310006696000,8,5,3,382.4
23310006697000,4,2,2,0
23310006705000,2,1,1,0
23310006709000,3,2,1,0
23310006710000,5,3,2,298
23310006711000,7,4,3,392
23310006712000,19,9,10,820.8
23310006713000,15,11,4,486
23310006714000,5,3,2,257
23310006715000,8,5,3,404.8
23310006716000,43,25,18,2253.2
23310006717000,4,2,2,0
23310006719000,14,9,5,665
23310006720000,18,9,9,707.4
23310006721000,17,8,9,788.8
23310006722000,18,10,8,637.2
23310006723000,5,2,3,323
23310006724000,6,4,2,372
23310006725000,1,1,0,0
23310006727000,7,3,4,321.3
23310006728000,1,1,0,0
23310006730000,10,7,3,258
23310006731000,14,8,6,666.4
23310006732000,10,7,3,416
23310006733000,31,17,14,1726.7
23310006734000,30,13,17,1437
23310006735000,65,40,25,2808
23310006736000,14,5,9,667.8
23310006759000,9,4,5,566.1
23310006760000,10,5,5,439
23310006767000,1,1,0,0
23310006772000,3,2,1,0
23310006787000,19,11,8,725.8
23310006788000,3,3,0,0
23310006794000,6,3,3,286.8
23310006795000,1,0,1,0
23310006800000,1,1,0,0
23310006802000,4,2,2,0
23310006840000,3,2,1,0
23310006868000,1,0,1,0
23310006905000,13,7,6,673.4
23310006908000,2,2,0,0
23310006909000,2,1,1,0
23310006910000,5,4,1,245
23310006911000,3,1,2,0
23310006993000,10,5,5,454
23310006994000,88,43,45,4461.6
23310006995000,133,76,57,6024.9
23310007039000,40,21,19,1796
23310007074000,31,19,12,1376.4
23310007075000,32,17,15,1337.6
23310007076000,31,13,18,1367.1
23310007077000,20,10,10,616
23310007078000,29,14,15,1023.7
23310007079000,82,40,42,3230.8
23310007080000,115,63,52,4347
23310007082000,11,6,5,513.7
23310007083000,2,1,1,0
23310007090000,6,3,3,282
23310007091000,13,8,5,525.2
23310007092000,46,24,22,1803.2
23310007093000,8,4,4,179.2
23310007094000,9,3,6,358.2
23310007095000,2,1,1,0
23310007097000,15,8,7,399
23310007098000,3,2,1,0
23310007102000,6,3,3,397.2
23310007103000,74,38,36,2915.6
23310007104000,330,161,169,12771
23310007105000,367,186,181,13762.5
23310007106000,45,28,17,1534.5
23310007112000,23,11,12,862.5
23310007113000,64,33,31,2476.8
23310007114000,38,16,22,1402.2
23310007118000,12,7,5,446.4
23310007144000,27,17,10,918
23310007145000,18,11,7,757.8
23310007148000,49,25,24,1852.2
23310007149000,32,19,13,1363.2
23310007150000,153,80,73,6441.3
23310007151000,131,66,65,5017.3
23310007153000,1250,581,669,62750
23310007154000,832,397,435,33612.8
23310007156000,19,8,11,761.9
23310007158000,41,21,20,1201.3
23310007159000,36,22,14,1252.8
23310007189000,3,2,1,0
23310007191000,46,21,25,1623.8
23310007192000,20,9,11,1020
23310007193000,4,1,3,0
23310007196000,3,3,0,0
23310007197000,2,2,0,0
23310007199000,1,1,0,0
23310007204000,15,8,7,388.5
23310007205000,12,6,6,422.4
23310007206000,3,1,2,0
23310007207000,7,5,2,310.1
23320006646000,5,2,3,220
23320006647000,34,18,16,1628.6
23320006648000,43,22,21,2055.4
23320006649000,11,6,5,383.9
23320006650000,13,6,7,538.2
23320006651000,2,1,1,0
23320006652000,7,4,3,359.8
23320006653000,3,2,1,0
23320006665000,2,1,1,0
23320006669000,2,1,1,0
23320006675000,599,303,296,24139.7
23320006676000,627,303,324,26522.1
23320006677000,774,350,424,36300.6
23320006678000,897,447,450,38660.7
23320006679000,5,3,2,125
23320006682000,5,3,2,320
23320006693000,46,24,22,1982.6
23320006694000,35,21,14,1550.5
23320006695000,10,5,5,347
23320006705000,5,3,2,322
23320006706000,12,7,5,736.8
23320006707000,4,1,3,0
23320006708000,10,4,6,598
23320006709000,40,19,21,1684
23320006710000,7,4,3,326.9
23320006711000,11,4,7,415.8
23320006712000,1,1,0,0
23320006713000,1,0,1,0
23320006714000,1,1,0,0
23320006716000,4,1,3,0
23320006717000,8,3,5,236.8
23320006719000,10,6,4,258
23320006720000,20,9,11,1026
23320006721000,5,3,2,268
23320006722000,1,1,0,0
23320006723000,6,2,4,300
23320006724000,22,10,12,946
23320006725000,17,9,8,867
23320006726000,1,1,0,0
23320006727000,3,1,2,0
23320006728000,1,1,0,0
23320006729000,16,8,8,668.8
23320006730000,5,3,2,295
23320006731000,17,12,5,863.6
23320006732000,20,10,10,732
23320006733000,15,10,5,613.5
23320006734000,56,28,28,2368.8
23320006735000,9,5,4,448.2
23320006757000,4,2,2,0
23320006758000,6,4,2,253.8
23320006759000,3,1,2,0
23320006760000,4,3,1,0
23320006771000,4,1,3,0
23320006772000,4,3,1,0
23320006784000,4,1,3,0
23320006785000,1,1,0,0
23320006788000,18,11,7,865.8
23320006791000,5,1,4,145
23320006792000,5,2,3,370
23320006793000,2,0,2,0
23320006804000,6,2,4,346.8
23320006808000,3,1,2,0
23320006839000,1,0,1,0
23320006861000,1,1,0,0
23320006895000,2,1,1,0
23320006903000,2,1,1,0
23320006904000,2,1,1,0
23320006944000,4,1,3,0
23320006945000,12,8,4,720
23320006954000,1,1,0,0
23320006955000,2,1,1,0
23320006989000,14,7,7,625.8
23320006990000,9,3,6,369.9
23320006992000,6,3,3,213
23320006993000,40,15,25,1456
23320006994000,62,28,34,2870.6
23320006995000,19,11,8,579.5
23320007038000,1,0,1,0
23320007039000,16,8,8,1025.6
23320007074000,47,24,23,1701.4
23320007076000,31,16,15,1559.3
23320007077000,93,41,52,3766.5
23320007078000,20,10,10,714
23320007079000,42,21,21,1470
23320007080000,4,2,2,0
23320007084000,29,13,16,1131
23320007085000,2,1,1,0
23320007088000,11,6,5,397.1
23320007091000,5,2,3,179
23320007092000,33,19,14,1349.7
23320007093000,18,8,10,684
23320007095000,26,13,13,860.6
23320007096000,4,2,2,0
23320007097000,30,15,15,1095
23320007101000,14,7,7,540.4
23320007102000,5,2,3,283
23320007103000,14,7,7,519.4
23320007104000,19,11,8,533.9
23320007106000,28,17,11,1248.8
23320007107000,1,1,0,0
23320007112000,5,2,3,227
23320007113000,46,24,22,1922.8
23320007114000,13,8,5,413.4
23320007118000,10,6,4,260
23320007139000,13,4,9,465.4
23320007140000,31,17,14,1249.3
23320007141000,46,23,23,1692.8
23320007144000,4,2,2,0
23320007145000,4,2,2,0
23320007148000,13,5,8,549.9
23320007150000,360,191,169,12960
23320007151000,248,131,117,9597.6
23320007152000,20,10,10,868
23320007153000,727,326,401,32351.5
23320007154000,1221,565,656,46031.7
23320007155000,17,7,10,734.4
23320007158000,32,16,16,992
23320007159000,52,28,24,1866.8
23320007160000,10,4,6,438
23320007161000,7,4,3,219.1
23320007191000,23,12,11,986.7
23320007192000,8,4,4,187.2
23320007205000,47,26,21,2143.2
23320007207000,7,5,2,401.1
23330006645000,4,2,2,0
23330006646000,5,2,3,223
23330006647000,15,7,8,763.5
23330006648000,4,2,2,0
23330006649000,16,9,7,788.8
23330006652000,2,1,1,0
23330006662000,8,3,5,388
23330006663000,3,2,1,0
23330006669000,5,2,3,297
23330006674000,3,2,1,0
23330006675000,1137,550,587,46958.1
23330006676000,1081,528,553,50482.7
23330006677000,1484,687,797,72864.4
23330006678000,1,1,0,0
23330006681000,4,2,2,0
23330006682000,14,8,6,544.6
23330006684000,4,4,0,0
23330006685000,2,1,1,0
23330006686000,12,7,5,618
23330006687000,6,2,4,274.8
23330006688000,27,13,14,1206.9
23330006689000,3,2,1,0
23330006690000,10,7,3,442
23330006691000,6,4,2,328.2
23330006692000,20,11,9,796
23330006693000,51,22,29,1999.2
23330006694000,23,13,10,1030.4
23330006697000,2,1,1,0
23330006698000,6,3,3,412.8
23330006704000,2,0,2,0
23330006705000,22,15,7,1060.4
23330006706000,29,14,15,1090.4
23330006707000,7,5,2,366.1
23330006708000,13,5,8,633.1
23330006709000,9,5,4,578.7
23330006710000,22,12,10,726
23330006713000,26,13,13,1336.4
23330006714000,16,7,9,870.4
23330006717000,31,14,17,1351.6
23330006719000,3,2,1,0
23330006720000,30,15,15,1230
23330006721000,25,13,12,1335
23330006722000,13,6,7,622.7
23330006723000,4,2,2,0
23330006724000,17,11,6,554.2
23330006725000,4,3,1,0
23330006729000,10,5,5,436
23330006730000,19,9,10,668.8
23330006731000,6,4,2,226.8
23330006732000,30,17,13,1341
23330006733000,17,7,10,697
23330006734000,2,1,1,0
23330006757000,7,3,4,252.7
23330006758000,2,1,1,0
23330006771000,2,1,1,0
23330006772000,2,1,1,0
23330006783000,1,1,0,0
23330006786000,2,2,0,0
23330006787000,5,3,2,325
23330006788000,3,1,2,0
23330006791000,2,2,0,0
23330006792000,3,2,1,0
23330006794000,4,2,2,0
23330006812000,3,1,2,0
23330006860000,3,2,1,0
23330006861000,1,1,0,0
23330006870000,3,1,2,0
23330006903000,8,5,3,315.2
23330006930000,12,6,6,615.6
23330006945000,7,5,2,366.8
23330006946000,4,2,2,0
23330006947000,3,2,1,0
23330006948000,1,1,0,0
23330006954000,23,7,16,926.9
23330006955000,10,5,5,434
23330006956000,12,6,6,522
23330006957000,6,2,4,267
23330007038000,5,2,3,330
23330007039000,32,17,15,1481.6
23330007074000,237,129,108,9645.9
23330007075000,33,20,13,1273.8
23330007076000,16,8,8,577.6
23330007077000,35,21,14,1092
23330007078000,35,20,15,1578.5
23330007079000,28,16,12,1436.4
23330007080000,3,2,1,0
23330007081000,2,1,1,0
23330007086000,11,7,4,429
23330007087000,8,3,5,178.4
23330007088000,2,1,1,0
23330007089000,15,10,5,547.5
23330007090000,12,8,4,312
23330007091000,23,13,10,759
23330007092000,31,19,12,1379.5
23330007093000,7,4,3,361.9
23330007094000,12,7,5,495.6
23330007095000,22,11,11,939.4
23330007096000,50,25,25,1505
23330007097000,26,15,11,1107.6
23330007100000,17,8,9,630.7
23330007101000,17,9,8,564.4
23330007102000,9,5,4,253.8
23330007103000,4,3,1,0
23330007104000,4,2,2,0
23330007106000,25,14,11,935
23330007107000,10,6,4,658
23330007112000,14,10,4,571.2
23330007113000,40,20,20,1112
23330007114000,24,16,8,854.4
23330007115000,11,5,6,376.2
23330007118000,4,2,2,0
23330007119000,1,1,0,0
23330007138000,26,15,11,1084.2
23330007139000,41,25,16,1471.9
23330007140000,22,14,8,704
23330007151000,103,54,49,4501.1
23330007152000,243,126,117,10060.2
23330007153000,105,48,57,3769.5
23330007154000,1080,567,513,38448
23330007155000,448,219,229,17651.2
23330007158000,4,3,1,0
23330007159000,22,10,12,1150.6
23330007160000,31,15,16,1156.3
23330007162000,8,6,2,316
23330007163000,6,2,4,303
23330007191000,14,6,8,411.6
23330007192000,8,4,4,379.2
23330007193000,6,3,3,229.8
23330007195000,3,1,2,0
23330007196000,12,4,8,532.8
23330007205000,15,5,10,472.5
23330007206000,33,16,17,1683
23340006645000,12,7,5,717.6
23340006650000,25,12,13,1117.5
23340006652000,16,9,7,577.6
23340006653000,6,3,3,231
23340006658000,8,3,5,456
23340006659000,2,1,1,0
23340006662000,3,0,3,0
23340006664000,12,7,5,454.8
23340006666000,6,4,2,256.2
23340006668000,4,2,2,0
23340006669000,18,10,8,752.4
23340006670000,13,7,6,566.8
23340006671000,1,1,0,0
23340006672000,7,5,2,293.3
23340006673000,27,11,16,1258.2
23340006674000,408,202,206,16075.2
23340006675000,1098,507,591,50178.6
23340006676000,723,347,376,30872.1
23340006677000,658,318,340,28491.4
23340006678000,65,35,30,2359.5
23340006679000,13,6,7,535.6
23340006682000,14,7,7,747.6
23340006684000,5,3,2,287
23340006685000,16,9,7,638.4
23340006686000,35,20,15,1582
23340006687000,9,3,6,500.4
23340006688000,30,12,18,1293
23340006689000,28,13,15,1150.8
23340006690000,50,28,22,2035
23340006691000,41,24,17,1558
23340006692000,24,14,10,794.4
23340006693000,28,15,13,1316
23340006694000,10,6,4,603
23340006695000,6,4,2,352.2
23340006696000,2,1,1,0
23340006697000,4,3,1,0
23340006698000,26,13,13,1164.8
23340006699000,12,9,3,459.6
23340006700000,11,6,5,324.5
23340006701000,8,5,3,468
23340006702000,17,8,9,955.4
23340006703000,7,3,4,259
23340006705000,2,1,1,0
23340006706000,4,2,2,0
23340006707000,12,5,7,765.6
23340006708000,14,7,7,672
23340006709000,30,14,16,1347
23340006712000,4,2,2,0
23340006713000,31,18,13,1512.8
23340006714000,52,26,26,2173.6
23340006715000,23,12,11,851
23340006716000,37,15,22,1624.3
23340006717000,88,44,44,3476
23340006718000,23,13,10,795.8
23340006719000,32,11,21,1481.6
23340006720000,49,28,21,1710.1
23340006721000,75,39,36,3255
23340006722000,39,19,20,1950
23340006723000,31,17,14,1596.5
23340006724000,9,4,5,313.2
23340006729000,9,5,4,360.9
23340006730000,22,12,10,1104.4
23340006732000,27,14,13,1617.3
23340006733000,3,1,2,0
23340006734000,1,1,0,0
23340006756000,6,5,1,115.8
23340006757000,2,2,0,0
23340006769000,2,1,1,0
23340006772000,7,3,4,457.8
23340006785000,3,1,2,0
23340006786000,3,2,1,0
23340006792000,6,3,3,225
23340006793000,3,1,2,0
23340006808000,7,3,4,314.3
23340006812000,2,2,0,0
23340006860000,4,2,2,0
23340006943000,3,1,2,0
23340006947000,8,6,2,415.2
23340006948000,1,0,1,0
23340006952000,5,2,3,187
23340006954000,13,8,5,548.6
23340006955000,13,8,5,595.4
23340007038000,45,21,24,1822.5
23340007039000,21,13,8,852.6
23340007070000,2,1,1,0
23340007074000,20,11,9,936
23340007075000,11,6,5,390.5
23340007076000,21,12,9,791.7
23340007077000,16,10,6,617.6
23340007078000,26,14,12,1326
23340007080000,16,10,6,600
23340007081000,37,18,19,1727.9
23340007082000,14,9,5,600.6
23340007083000,14,5,9,337.4
23340007084000,8,5,3,439.2
23340007085000,14,7,7,761.6
23340007086000,21,10,11,630
23340007087000,12,7,5,464.4
23340007090000,1,1,0,0
23340007091000,8,4,4,331.2
23340007092000,8,3,5,400
23340007093000,19,11,8,653.6
23340007094000,18,12,6,502.2
23340007095000,8,5,3,288
23340007096000,67,33,34,2298.1
23340007097000,12,6,6,594
23340007098000,10,4,6,482
23340007099000,19,11,8,608
23340007100000,1,1,0,0
23340007101000,15,10,5,688.5
23340007103000,6,3,3,169.8
23340007104000,2,1,1,0
23340007106000,11,6,5,432.3
23340007107000,14,9,5,630
23340007108000,8,5,3,327.2
23340007109000,9,3,6,325.8
23340007111000,16,11,5,420.8
23340007114000,21,9,12,714
23340007115000,31,17,14,1255.5
23340007151000,15,8,7,747
23340007152000,144,70,74,5198.4
23340007153000,67,36,31,2693.4
23340007154000,147,77,70,5145
23340007155000,156,84,72,5257.2
23340007158000,20,12,8,650
23340007159000,33,19,14,999.9
23340007160000,42,19,23,1507.8
23340007161000,5,3,2,308
23340007162000,16,8,8,588.8
23340007182000,3,2,1,0
23340007183000,12,6,6,768
23340007190000,1,0,1,0
23340007191000,10,6,4,300
23340007192000,13,9,4,729.3
23340007193000,18,9,9,955.8
23340007194000,6,3,3,97.8
23340007195000,11,6,5,517
23340007196000,21,12,9,777
23340007203000,5,2,3,230
23340007204000,2,1,1,0
23340007205000,21,11,10,812.7
23340007206000,4,2,2,0
23350006647000,5,1,4,173
23350006648000,2,2,0,0
23350006649000,13,6,7,711.1
23350006650000,39,18,21,1528.8
23350006651000,38,18,20,1649.2
23350006652000,40,22,18,1988
23350006653000,8,4,4,300.8
23350006654000,21,15,6,1022.7
23350006655000,15,8,7,675
23350006656000,8,2,6,432
23350006657000,22,10,12,926.2
23350006658000,1,0,1,0
23350006659000,1,0,1,0
23350006660000,2,1,1,0
23350006664000,2,0,2,0
23350006666000,1,0,1,0
23350006667000,5,3,2,143
23350006668000,18,8,10,840.6
23350006669000,11,4,7,551.1
23350006671000,14,7,7,603.4
23350006673000,299,149,150,12259
23350006674000,1035,490,545,44505
23350006675000,860,418,442,35604
23350006676000,4,1,3,0
23350006677000,16,4,12,1406.4
23350006678000,2,2,0,0
23350006679000,3,3,0,0
23350006680000,25,13,12,1155
23350006681000,19,11,8,858.8
23350006682000,39,21,18,1630.2
23350006683000,5,2,3,227
23350006684000,10,6,4,436
23350006685000,33,17,16,1501.5
23350006686000,26,12,14,1448.2
23350006687000,3,1,2,0
23350006689000,4,2,2,0
23350006690000,211,97,114,8229
23350006691000,5,1,4,258
23350006692000,15,8,7,613.5
23350006693000,19,12,7,1117.2
23350006694000,8,3,5,346.4
23350006695000,41,27,14,1258.7
23350006696000,7,4,3,476.7
23350006697000,13,7,6,416
23350006698000,8,5,3,515.2
23350006699000,14,6,8,641.2
23350006700000,6,3,3,237
23350006701000,22,10,12,943.8
23350006702000,21,9,12,1014.3
23350006703000,11,5,6,456.5
23350006704000,11,6,5,774.4
23350006705000,14,8,6,722.4
23350006706000,12,7,5,621.6
23350006707000,124,60,64,4972.4
23350006708000,18,11,7,806.4
23350006709000,15,9,6,775.5
23350006710000,1,1,0,0
23350006712000,10,6,4,481
23350006713000,18,8,10,793.8
23350006714000,48,24,24,2424
23350006715000,6,4,2,366
23350006716000,35,20,15,1690.5
23350006717000,13,4,9,469.3
23350006718000,36,18,18,1292.4
23350006719000,3,1,2,0
23350006720000,38,20,18,1721.4
23350006721000,23,13,10,1069.5
23350006722000,1,1,0,0
23350006723000,112,54,58,4312
23350006724000,17,10,7,994.5
23350006730000,9,7,2,324.9
23350006732000,37,17,20,1942.5
23350006753000,2,1,1,0
23350006756000,6,3,3,328.2
23350006773000,1,0,1,0
23350006780000,10,6,4,489
23350006781000,8,4,4,374.4
23350006782000,2,1,1,0
23350006783000,10,5,5,372
23350006784000,7,3,4,429.8
23350006785000,4,2,2,0
23350006790000,4,2,2,0
23350006791000,1,0,1,0
23350006792000,1,1,0,0
23350006808000,4,2,2,0
23350006809000,6,4,2,168
23350006812000,4,2,2,0
23350006814000,2,1,1,0
23350006821000,1,1,0,0
23350006870000,1,1,0,0
23350006944000,1,1,0,0
23350006948000,6,4,2,237
23350006953000,1,1,0,0
23350006986000,4,2,2,0
23350007031000,4,2,2,0
23350007032000,11,4,7,535.7
23350007033000,18,8,10,556.2
23350007034000,8,3,5,224.8
23350007035000,4,2,2,0
23350007037000,15,9,6,684
23350007038000,127,70,57,4787.9
23350007039000,18,9,9,925.2
23350007040000,1,1,0,0
23350007072000,2,1,1,0
23350007074000,20,7,13,530
23350007075000,1,1,0,0
23350007076000,27,13,14,1066.5
23350007077000,60,32,28,2328
23350007078000,27,13,14,1031.4
23350007079000,25,13,12,910
23350007080000,37,17,20,1413.4
23350007081000,50,29,21,1685
23350007082000,18,8,10,901.8
23350007083000,108,58,50,3942
23350007084000,52,28,24,2350.4
23350007085000,2,1,1,0
23350007095000,24,13,11,861.6
23350007096000,6,3,3,259.8
23350007098000,21,11,10,852.6
23350007099000,10,4,6,456
23350007101000,9,6,3,357.3
23350007102000,15,8,7,313.5
23350007103000,20,11,9,814
23350007104000,30,17,13,1188
23350007106000,5,3,2,306
23350007107000,10,7,3,434
23350007109000,9,3,6,395.1
23350007110000,90,49,41,3015
23350007111000,1,0,1,0
23350007115000,28,15,13,1184.4
23350007119000,2,1,1,0
23350007153000,19,9,10,889.2
23350007154000,30,17,13,1098
23350007157000,5,4,1,280
23350007161000,25,12,13,1210
23350007162000,13,8,5,570.7
23350007185000,3,2,1,0
23350007191000,7,3,4,258.3
23350007192000,13,5,8,652.6
23350007195000,2,1,1,0
23350007196000,18,8,10,642.6
23350007197000,22,13,9,726
23350007200000,1,1,0,0
23350007202000,7,4,3,242.2
23350007203000,5,3,2,363
23350007204000,6,4,2,286.2
23360006646000,3,1,2,0
23360006647000,5,3,2,143
23360006648000,10,4,6,375
23360006649000,22,11,11,748
23360006650000,12,5,7,558
23360006651000,47,27,20,1894.1
23360006652000,111,57,54,4295.7
23360006653000,140,75,65,5880
23360006654000,19,10,9,809.4
23360006655000,13,7,6,491.4
23360006656000,3,2,1,0
23360006664000,4,2,2,0
23360006666000,7,3,4,452.9
23360006667000,15,9,6,828
23360006668000,10,5,5,469
23360006669000,37,16,21,1006.4
23360006670000,27,13,14,1023.3
23360006671000,76,40,36,2941.2
23360006672000,17,7,10,950.3
23360006676000,16,8,8,569.6
23360006677000,49,27,22,1881.6
23360006678000,44,22,22,1619.2
23360006679000,4,2,2,0
23360006681000,7,3,4,387.8
23360006682000,382,182,200,16693.4
23360006683000,160,78,82,7808
23360006684000,20,10,10,844
23360006685000,10,6,4,509
23360006686000,28,15,13,1120
23360006687000,1,1,0,0
23360006688000,17,8,9,435.2
23360006690000,6,3,3,238.2
23360006692000,6,3,3,355.8
23360006693000,10,6,4,536
23360006696000,2,1,1,0
23360006697000,8,4,4,247.2
23360006698000,10,4,6,566
23360006699000,2,2,0,0
23360006700000,35,17,18,1792
23360006701000,51,26,25,2646.9
23360006702000,5,3,2,301
23360006703000,10,6,4,419
23360006704000,10,7,3,558
23360006705000,15,6,9,745.5
23360006706000,25,13,12,960
23360006707000,5,4,1,348
23360006708000,7,2,5,431.9
23360006709000,8,4,4,468.8
23360006713000,19,10,9,999.4
23360006714000,23,12,11,1016.6
23360006715000,5,5,0,245
23360006716000,92,50,42,3919.2
23360006717000,64,25,39,3481.6
23360006718000,18,10,8,781.2
23360006720000,13,4,9,482.3
23360006721000,45,21,24,1570.5
23360006722000,444,213,231,21356.4
23360006723000,586,253,333,32757.4
23360006724000,312,153,159,13915.2
23360006725000,37,15,22,1457.8
23360006728000,7,2,5,287.7
23360006729000,20,11,9,788
23360006731000,9,6,3,407.7
23360006732000,36,18,18,1612.8
23360006733000,3,1,2,0
23360006753000,4,1,3,0
23360006755000,11,7,4,488.4
23360006756000,1,1,0,0
23360006775000,1,1,0,0
23360006778000,5,3,2,163
23360006779000,4,2,2,0
23360006780000,17,7,10,664.7
23360006781000,3,2,1,0
23360006782000,5,2,3,227
23360006783000,4,2,2,0
23360006804000,3,2,1,0
23360006806000,12,4,8,302.4
23360006807000,6,1,5,205.8
23360006808000,3,2,1,0
23360006811000,2,1,1,0
23360006812000,2,1,1,0
23360006819000,6,3,3,193.8
23360006820000,10,3,7,565
23360006821000,1,1,0,0
23360006942000,3,2,1,0
23360006943000,10,5,5,541
23360006944000,1,1,0,0
23360006951000,5,3,2,336
23360006953000,11,6,5,421.3
23360006958000,2,2,0,0
23360006984000,3,2,1,0
23360006985000,2,1,1,0
23360007032000,6,3,3,289.2
23360007033000,16,11,5,840
23360007034000,126,63,63,4863.6
23360007035000,47,27,20,2288.9
23360007036000,36,20,16,1400.4
23360007037000,93,48,45,4138.5
23360007038000,5,1,4,286
23360007072000,5,4,1,265
23360007073000,6,2,4,367.2
23360007074000,22,11,11,833.8
23360007075000,23,11,12,791.2
23360007076000,43,24,19,1853.3
23360007077000,20,13,7,656
23360007078000,28,15,13,1145.2
23360007079000,36,19,17,1292.4
23360007080000,25,16,9,912.5
23360007081000,23,12,11,986.7
23360007082000,10,6,4,301
23360007083000,14,9,5,666.4
23360007084000,8,5,3,352
23360007097000,8,5,3,388
23360007098000,4,2,2,0
23360007099000,10,5,5,355
23360007100000,9,5,4,521.1
23360007101000,20,10,10,822
23360007103000,4,2,2,0
23360007104000,123,61,62,4329.6
23360007105000,19,10,9,896.8
23360007106000,11,7,4,459.8
23360007107000,4,3,1,0
23360007108000,8,5,3,376
23360007110000,149,78,71,5855.7
23360007111000,4,2,2,0
23360007112000,14,7,7,519.4
23360007115000,31,21,10,933.1
23360007116000,11,5,6,533.5
23360007119000,1,1,0,0
23360007153000,16,7,9,616
23360007154000,4,3,1,0
23360007157000,2,1,1,0
23360007162000,4,2,2,0
23360007184000,4,1,3,0
23360007185000,1,1,0,0
23360007192000,21,11,10,984.9
23360007193000,4,2,2,0
23360007196000,10,5,5,642
23360007197000,26,11,15,1089.4
23360007202000,2,1,1,0
23360007203000,1,1,0,0
23360007204000,5,3,2,217
23370006644000,1,1,0,0
23370006645000,1,1,0,0
23370006646000,7,4,3,324.8
23370006647000,9,4,5,329.4
23370006648000,2,1,1,0
23370006652000,75,39,36,2932.5
23370006653000,56,31,25,2284.8
23370006654000,30,14,16,1140
23370006655000,60,34,26,2718
23370006656000,25,14,11,1077.5
23370006657000,7,3,4,452.9
23370006658000,8,6,2,264
23370006659000,12,5,7,582
23370006661000,1,0,1,0
23370006663000,2,1,1,0
23370006664000,4,2,2,0
23370006665000,6,3,3,379.8
23370006669000,57,30,27,2696.1
23370006670000,36,17,19,1440
23370006671000,3,1,2,0
23370006672000,16,6,10,537.6
23370006673000,26,18,8,1365
23370006674000,8,4,4,376
23370006675000,17,9,8,535.5
23370006676000,8,5,3,427.2
23370006678000,7,4,3,396.9
23370006680000,1,0,1,0
23370006682000,34,18,16,1176.4
23370006683000,237,118,119,9693.3
23370006684000,43,21,22,1694.2
23370006685000,11,7,4,533.5
23370006688000,15,7,8,367.5
23370006689000,10,4,6,575
23370006690000,10,3,7,502
23370006693000,31,16,15,1593.4
23370006694000,32,16,16,1590.4
23370006695000,11,6,5,532.4
23370006696000,3,2,1,0
23370006697000,1,1,0,0
23370006698000,11,7,4,633.6
23370006699000,78,38,40,3634.8
23370006700000,139,71,68,5671.2
23370006701000,1,1,0,0
23370006702000,32,21,11,1536
23370006703000,15,9,6,592.5
23370006704000,21,12,9,1123.5
23370006705000,66,29,37,3511.2
23370006706000,113,52,61,5164.1
23370006707000,21,9,12,1209.6
23370006709000,22,12,10,1073.6
23370006710000,1,0,1,0
23370006711000,5,3,2,328
23370006712000,2,1,1,0
23370006714000,6,3,3,256.8
23370006716000,4,1,3,0
23370006717000,18,14,4,730.8
23370006718000,10,5,5,437
23370006719000,65,35,30,3042
23370006721000,26,11,15,912.6
23370006722000,27,10,17,1323
23370006723000,208,99,109,8236.8
23370006724000,67,32,35,2974.8
23370006725000,52,26,26,2501.2
23370006726000,155,79,76,7207.5
23370006727000,142,72,70,6020.8
23370006728000,65,32,33,3217.5
23370006729000,8,3,5,472.8
23370006730000,23,8,15,880.9
23370006731000,26,15,11,1037.4
23370006733000,1,0,1,0
23370006745000,1,1,0,0
23370006753000,2,1,1,0
23370006756000,1,0,1,0
23370006758000,1,1,0,0
23370006776000,4,3,1,0
23370006778000,54,29,25,2889
23370006779000,14,8,6,733.6
23370006780000,19,9,10,856.9
23370006781000,10,6,4,388
23370006788000,2,2,0,0
23370006804000,3,1,2,0
23370006805000,3,2,1,0
23370006806000,9,5,4,423.9
23370006807000,16,7,9,809.6
23370006808000,50,30,20,1965
23370006811000,2,1,1,0
23370006812000,4,2,2,0
23370006813000,3,1,2,0
23370006819000,6,3,3,379.2
23370006820000,7,2,5,210
23370006833000,2,1,1,0
23370006853000,3,2,1,0
23370006854000,6,2,4,411
23370006855000,5,3,2,318
23370006856000,15,8,7,739.5
23370006857000,13,6,7,660.4
23370006858000,4,2,2,0
23370006869000,1,1,0,0
23370006903000,6,3,3,334.2
23370006926000,7,4,3,391.3
23370006941000,43,25,18,1818.9
23370006942000,3,2,1,0
23370006945000,5,3,2,165
23370006948000,3,1,2,0
23370006950000,3,1,2,0
23370006951000,1,1,0,0
23370006953000,4,1,3,0
23370006986000,1,1,0,0
23370007034000,86,48,38,3465.8
23370007035000,325,148,177,16055
23370007036000,376,192,184,15829.6
23370007037000,58,30,28,2633.2
23370007038000,18,10,8,824.4
23370007073000,27,13,14,1063.8
23370007074000,2,2,0,0
23370007075000,29,14,15,957
23370007076000,9,4,5,370.8
23370007077000,7,4,3,224
23370007083000,7,6,1,354.9
23370007084000,6,3,3,139.8
23370007097000,2,1,1,0
23370007100000,29,15,14,1212.2
23370007102000,17,7,10,826.2
23370007103000,14,8,6,540.4
23370007104000,94,52,42,3910.4
23370007105000,12,6,6,604.8
23370007107000,6,4,2,331.8
23370007108000,22,11,11,937.2
23370007109000,28,16,12,974.4
23370007110000,10,6,4,283
23370007111000,17,7,10,715.7
23370007112000,9,6,3,435.6
23370007113000,9,6,3,495
23370007115000,11,4,7,470.8
23370007116000,9,6,3,515.7
23370007117000,4,3,1,0
23370007119000,9,4,5,270
23370007156000,7,4,3,300.3
23370007166000,4,1,3,0
23370007186000,5,3,2,194
23370007193000,36,20,16,1562.4
23370007196000,16,9,7,598.4
23370007197000,14,7,7,439.6
23370007198000,6,2,4,283.2
23370007200000,3,2,1,0
23370007204000,7,3,4,371
23370007218000,4,2,2,0
23370007219000,2,1,1,0
23380006650000,1,1,0,0
23380006651000,16,6,10,472
23380006652000,108,61,47,4428
23380006653000,22,12,10,1091.2
23380006654000,33,20,13,1283.7
23380006655000,27,14,13,1104.3
23380006656000,31,14,17,1261.7
23380006657000,26,11,15,902.2
23380006658000,5,2,3,254
23380006662000,2,1,1,0
23380006663000,4,2,2,0
23380006667000,7,4,3,406.7
23380006668000,17,7,10,479.4
23380006669000,115,58,57,4496.5
23380006670000,37,22,15,1480
23380006674000,5,3,2,338
23380006675000,1,1,0,0
23380006676000,6,2,4,127.8
23380006678000,6,2,4,445.2
23380006679000,5,3,2,347
23380006680000,18,10,8,869.4
23380006681000,24,9,15,974.4
23380006682000,21,10,11,1089.9
23380006683000,64,35,29,2745.6
23380006684000,24,11,13,732
23380006685000,13,8,5,586.3
23380006686000,16,8,8,672
23380006687000,6,3,3,325.2
23380006688000,21,10,11,791.7
23380006689000,4,3,1,0
23380006690000,6,3,3,414
23380006691000,11,5,6,467.5
23380006692000,15,6,9,682.5
23380006693000,4,3,1,0
23380006698000,31,16,15,1962.3
23380006699000,9,3,6,468.9
23380006700000,13,8,5,777.4
23380006702000,29,15,14,1218
23380006703000,8,5,3,398.4
23380006704000,373,166,207,17307.2
23380006705000,378,169,209,17917.2
23380006706000,275,137,138,12540
23380006707000,36,20,16,1908
23380006708000,2,1,1,0
23380006710000,15,8,7,670.5
23380006711000,17,10,7,686.8
23380006712000,23,14,9,1140.8
23380006713000,24,11,13,1123.2
23380006714000,21,8,13,1180.2
23380006715000,20,10,10,1162
23380006716000,5,3,2,199
23380006717000,16,8,8,760
23380006718000,75,37,38,3510
23380006719000,116,59,57,4640
23380006720000,25,13,12,1417.5
23380006721000,42,22,20,1852.2
23380006722000,78,43,35,3931.2
23380006723000,161,85,76,5763.8
23380006724000,21,13,8,791.7
23380006725000,62,31,31,2442.8
23380006726000,86,41,45,3336.8
23380006727000,154,76,78,6914.6
23380006728000,100,52,48,4750
23380006729000,39,16,23,2016.3
23380006730000,3,1,2,0
23380006748000,2,1,1,0
23380006774000,2,1,1,0
23380006778000,1,0,1,0
23380006788000,1,1,0,0
23380006794000,10,3,7,424
23380006807000,11,5,6,537.9
23380006808000,2,1,1,0
23380006811000,4,2,2,0
23380006819000,1,0,1,0
23380006851000,3,1,2,0
23380006852000,16,11,5,796.8
23380006869000,8,5,3,448
23380006924000,1,1,0,0
23380006941000,7,4,3,380.1
23380006945000,2,1,1,0
23380006949000,3,1,2,0
23380006950000,20,10,10,968
23380006953000,5,2,3,259
23380006982000,1,0,1,0
23380007009000,1,1,0,0
23380007034000,38,17,21,2021.6
23380007035000,46,27,19,2175.8
23380007036000,236,114,122,9322
23380007037000,71,33,38,3436.4
23380007072000,17,6,11,732.7
23380007073000,30,16,14,1368
23380007074000,5,2,3,203
23380007075000,31,17,14,1246.2
23380007076000,47,25,22,1818.9
23380007077000,4,2,2,0
23380007082000,3,2,1,0
23380007083000,16,10,6,692.8
23380007084000,4,2,2,0
23380007103000,6,4,2,187.2
23380007105000,9,3,6,269.1
23380007107000,18,9,9,684
23380007108000,8,5,3,152.8
23380007109000,15,9,6,565.5
23380007110000,29,14,15,988.9
23380007111000,2,1,1,0
23380007112000,10,6,4,383
23380007113000,7,4,3,294
23380007114000,3,2,1,0
23380007115000,4,1,3,0
23380007116000,36,18,18,1321.2
23380007155000,6,2,4,177
23380007166000,19,9,10,1001.3
23380007167000,14,9,5,569.8
23380007186000,29,13,16,1496.4
23380007193000,14,8,6,512.4
23380007196000,110,56,54,4103
23380007197000,534,273,261,20505.6
23380007198000,73,36,37,2839.7
23380007200000,2,1,1,0
23380007202000,4,4,0,0
23380007203000,2,1,1,0
23380007204000,3,2,1,0
23380007217000,2,1,1,0
23380007218000,3,3,0,0
23380007219000,25,14,11,1262.5
23380007221000,2,2,0,0
23380007222000,1,0,1,0
23390006648000,2,1,1,0
23390006649000,7,3,4,273.7
23390006650000,37,22,15,1809.3
23390006651000,47,25,22,1786
23390006652000,187,95,92,8246.7
23390006653000,617,235,382,36217.9
23390006654000,55,30,25,1914
23390006655000,49,24,25,2205
23390006656000,26,17,9,1094.6
23390006657000,110,53,57,4433
23390006658000,61,26,35,2409.5
23390006659000,8,2,6,506.4
23390006660000,13,8,5,523.9
23390006661000,25,17,8,967.5
23390006662000,20,10,10,904
23390006663000,9,5,4,392.4
23390006664000,3,2,1,0
23390006665000,3,1,2,0
23390006666000,12,7,5,542.4
23390006667000,88,45,43,3880.8
23390006668000,39,20,19,1669.2
23390006669000,15,5,10,466.5
23390006674000,8,5,3,328
23390006675000,17,11,6,878.9
23390006676000,6,2,4,363
23390006677000,14,10,4,687.4
23390006678000,15,8,7,765
23390006679000,9,3,6,303.3
23390006680000,8,4,4,384
23390006681000,18,9,9,930.6
23390006682000,42,23,19,1768.2
23390006683000,5,3,2,240
23390006685000,36,18,18,1623.6
23390006686000,15,7,8,571.5
23390006687000,5,2,3,158
23390006689000,13,5,8,556.4
23390006690000,3,2,1,0
23390006698000,23,11,12,1124.7
23390006699000,22,11,11,1225.4
23390006700000,32,16,16,1286.4
23390006701000,30,15,15,1125
23390006702000,24,14,10,1070.4
23390006703000,5,3,2,189
23390006704000,34,19,15,1448.4
23390006705000,126,40,86,9135
23390006706000,5,2,3,190
23390006707000,28,14,14,1430.8
23390006708000,50,27,23,1935
23390006709000,118,52,66,5274.6
23390006710000,177,84,93,8248.2
23390006711000,67,33,34,3209.3
23390006712000,11,5,6,390.5
23390006713000,18,10,8,846
23390006714000,17,11,6,707.2
23390006715000,45,25,20,1854
23390006716000,72,32,40,3556.8
23390006717000,54,25,29,2278.8
23390006718000,21,11,10,909.3
23390006719000,23,14,9,903.9
23390006720000,27,16,11,1085.4
23390006721000,8,5,3,324.8
23390006722000,2,1,1,0
23390006723000,2,1,1,0
23390006724000,4,3,1,0
23390006725000,29,14,15,1226.7
23390006726000,36,18,18,1418.4
23390006727000,8,4,4,359.2
23390006728000,109,46,63,5646.2
23390006729000,6,4,2,241.8
23390006751000,8,4,4,426.4
23390006752000,6,3,3,346.8
23390006793000,3,2,1,0
23390006794000,3,2,1,0
23390006795000,9,5,4,312.3
23390006801000,1,0,1,0
23390006802000,2,2,0,0
23390006803000,1,1,0,0
23390006807000,1,0,1,0
23390006809000,10,5,5,332
23390006847000,2,0,2,0
23390006849000,5,2,3,129
23390006850000,73,39,34,3219.3
23390006851000,63,31,32,3036.6
23390006854000,2,2,0,0
23390006859000,11,5,6,522.5
23390006860000,6,2,4,334.2
23390006868000,4,3,1,0
23390006869000,1,1,0,0
23390006874000,17,10,7,977.5
23390006875000,8,4,4,298.4
23390006949000,4,2,2,0
23390006950000,109,56,53,5482.7
23390006951000,7,5,2,399.7
23390006952000,4,2,2,0
23390006953000,3,2,1,0
23390006982000,4,2,2,0
23390007019000,1,1,0,0
23390007020000,5,2,3,280
23390007021000,3,1,2,0
23390007032000,12,7,5,770.4
23390007033000,80,46,34,3816
23390007034000,31,17,14,1484.9
23390007037000,3,1,2,0
23390007038000,1,1,0,0
23390007070000,11,7,4,391.6
23390007071000,28,12,16,1271.2
23390007072000,46,26,20,1435.2
23390007074000,5,3,2,86
23390007075000,24,14,10,1344
23390007076000,155,77,78,6680.5
23390007077000,3,3,0,0
23390007103000,13,7,6,365.3
23390007104000,1,1,0,0
23390007105000,12,8,4,440.4
23390007108000,2,1,1,0
23390007109000,15,8,7,291
23390007110000,67,36,31,2733.6
23390007111000,149,72,77,6898.7
23390007113000,8,3,5,227.2
23390007116000,38,19,19,1482
23390007117000,33,16,17,1326.6
23390007118000,5,3,2,180
23390007119000,2,1,1,0
23390007152000,11,4,7,476.3
23390007154000,25,11,14,962.5
23390007155000,38,21,17,1626.4
23390007156000,12,5,7,362.4
23390007166000,5,2,3,273
23390007184000,1,1,0,0
23390007186000,6,3,3,280.2
23390007191000,7,4,3,221.9
23390007192000,5,1,4,166
23390007193000,21,10,11,1050
23390007196000,79,45,34,2662.3
23390007197000,841,420,421,35826.6
23390007198000,103,56,47,4233.3
23390007203000,13,6,7,396.5
23390007204000,2,1,1,0
23390007218000,2,1,1,0
23390007221000,7,5,2,298.2
23390007222000,7,4,3,272.3
23390007223000,8,5,3,279.2
23400006647000,7,5,2,335.3
23400006648000,19,9,10,712.5
23400006649000,12,4,8,357.6
23400006650000,48,30,18,1968
23400006651000,26,13,13,902.2
23400006652000,453,222,231,21608.1
23400006653000,69,37,32,3339.6
23400006654000,10,5,5,405
23400006655000,15,5,10,595.5
23400006656000,44,26,18,1522.4
23400006657000,16,8,8,718.4
23400006658000,26,15,11,1528.8
23400006659000,37,18,19,1472.6
23400006660000,10,5,5,543
23400006661000,16,8,8,510.4
23400006663000,6,3,3,271.8
23400006664000,4,1,3,0
23400006665000,1,1,0,0
23400006666000,15,9,6,682.5
23400006667000,8,5,3,432.8
23400006679000,10,5,5,233
23400006681000,3,2,1,0
23400006682000,1,0,1,0
23400006683000,9,7,2,351.9
23400006684000,84,42,42,3998.4
23400006685000,64,31,33,3110.4
23400006686000,124,59,65,5418.8
23400006687000,47,25,22,1922.3
23400006699000,7,4,3,205.1
23400006701000,9,5,4,551.7
23400006702000,14,7,7,715.4
23400006703000,97,55,42,4665.7
23400006704000,57,28,29,2718.9
23400006705000,192,100,92,8832
23400006706000,6,3,3,177
23400006708000,1,1,0,0
23400006709000,12,6,6,619.2
23400006710000,79,44,35,3610.3
23400006711000,9,3,6,527.4
23400006712000,9,5,4,428.4
23400006713000,13,8,5,495.3
23400006714000,14,7,7,673.4
23400006715000,20,11,9,790
23400006716000,33,14,19,1699.5
23400006717000,4,3,1,0
23400006719000,8,6,2,352
23400006720000,45,22,23,1863
23400006721000,65,31,34,3146
23400006725000,3,2,1,0
23400006726000,4,2,2,0
23400006727000,15,10,5,631.5
23400006728000,157,85,72,7112.1
23400006729000,51,26,25,2284.8
23400006746000,1,1,0,0
23400006748000,16,7,9,849.6
23400006750000,3,1,2,0
23400006751000,4,3,1,0
23400006792000,7,4,3,392.7
23400006793000,7,3,4,473.9
23400006794000,53,29,24,2162.4
23400006809000,1,0,1,0
23400006819000,3,2,1,0
23400006843000,2,0,2,0
23400006844000,7,4,3,384.3
23400006847000,2,1,1,0
23400006848000,12,4,8,583.2
23400006849000,23,12,11,1122.4
23400006851000,2,1,1,0
23400006874000,1,1,0,0
23400006875000,2,1,1,0
23400006895000,9,4,5,602.1
23400006896000,18,8,10,973.8
23400006912000,4,2,2,0
23400006949000,17,11,6,814.3
23400006950000,31,20,11,1488
23400006951000,2,1,1,0
23400006952000,5,2,3,294
23400006955000,4,3,1,0
23400006977000,6,4,2,342
23400006978000,2,1,1,0
23400006982000,1,0,1,0
23400007022000,2,1,1,0
23400007030000,2,1,1,0
23400007032000,8,4,4,411.2
23400007033000,37,21,16,1750.1
23400007034000,4,3,1,0
23400007043000,1,1,0,0
23400007070000,8,5,3,376
23400007071000,65,37,28,2587
23400007072000,53,26,27,2173
23400007074000,11,7,4,357.5
23400007075000,24,15,9,912
23400007076000,50,26,24,1875
23400007077000,15,8,7,787.5
23400007079000,2,1,1,0
23400007081000,1,1,0,0
23400007101000,3,1,2,0
23400007102000,23,13,10,837.2
23400007106000,18,11,7,678.6
23400007108000,14,5,9,551.6
23400007109000,16,11,5,620.8
23400007110000,27,13,14,1042.2
23400007111000,5,1,4,129
23400007112000,51,27,24,2330.7
23400007113000,22,12,10,816.2
23400007114000,36,21,15,1101.6
23400007115000,2,1,1,0
23400007116000,25,12,13,985
23400007120000,8,5,3,236
23400007152000,5,1,4,131
23400007155000,20,12,8,636
23400007165000,1,1,0,0
23400007166000,2,1,1,0
23400007187000,2,1,1,0
23400007192000,7,4,3,336.7
23400007196000,4,2,2,0
23400007197000,11,7,4,544.5
23400007199000,7,5,2,349.3
23400007205000,19,11,8,822.7
23400007210000,6,3,3,319.8
23400007211000,9,6,3,386.1
23400007217000,9,6,3,285.3
23400007218000,32,17,15,1705.6
23400007219000,6,4,2,370.2
23400007223000,1,1,0,0
23410006643000,4,3,1,0
23410006645000,7,5,2,436.1
23410006646000,3,2,1,0
23410006647000,35,18,17,1543.5
23410006648000,44,25,19,1733.6
23410006649000,4,2,2,0
23410006650000,20,7,13,1040
23410006651000,29,14,15,1722.6
23410006652000,24,12,12,1096.8
23410006653000,25,12,13,1280
23410006660000,13,7,6,673.4
23410006661000,17,9,8,646
23410006662000,18,9,9,770.4
23410006663000,8,3,5,355.2
23410006664000,15,11,4,627
23410006665000,4,3,1,0
23410006666000,17,10,7,807.5
23410006668000,1,1,0,0
23410006673000,6,3,3,321
23410006676000,4,2,2,0
23410006680000,3,2,1,0
23410006683000,22,13,9,668.8
23410006684000,22,15,7,1271.6
23410006685000,32,17,15,1625.6
23410006686000,28,13,15,924
23410006702000,31,16,15,1308.2
23410006703000,21,14,7,1001.7
23410006704000,5,2,3,295
23410006709000,1,1,0,0
23410006710000,26,14,12,1401.4
23410006711000,10,5,5,465
23410006712000,9,5,4,302.4
23410006714000,2,1,1,0
23410006716000,17,11,6,499.8
23410006721000,13,7,6,730.6
23410006725000,4,2,2,0
23410006726000,14,9,5,645.4
23410006727000,15,7,8,480
23410006728000,6,4,2,220.8
23410006729000,71,35,36,3656.5
23410006730000,44,21,23,1900.8
23410006731000,28,11,17,1106
23410006732000,20,11,9,748
23410006745000,2,1,1,0
23410006772000,3,1,2,0
23410006779000,17,8,9,991.1
23410006783000,2,1,1,0
23410006791000,29,15,14,1119.4
23410006793000,11,6,5,522.5
23410006794000,35,15,20,1683.5
23410006810000,7,4,3,226.8
23410006812000,3,1,2,0
23410006813000,2,1,1,0
23410006817000,10,4,6,499
23410006840000,4,2,2,0
23410006841000,72,36,36,2772
23410006842000,8,4,4,386.4
23410006860000,6,2,4,279
23410006874000,3,1,2,0
23410006896000,21,11,10,781.2
23410006977000,14,8,6,642.6
23410006978000,11,6,5,588.5
23410006979000,1,0,1,0
23410006980000,5,3,2,309
23410007022000,12,4,8,567.6
23410007023000,6,3,3,253.8
23410007024000,3,2,1,0
23410007025000,3,1,2,0
23410007033000,9,4,5,592.2
23410007034000,15,7,8,739.5
23410007070000,49,26,23,1558.2
23410007071000,5,3,2,259
23410007072000,4,2,2,0
23410007074000,12,6,6,403.2
23410007075000,8,5,3,232.8
23410007076000,9,5,4,304.2
23410007102000,13,8,5,583.7
23410007103000,1,1,0,0
23410007106000,6,4,2,156
23410007107000,14,10,4,674.8
23410007108000,4,1,3,0
23410007109000,1,1,0,0
23410007110000,8,5,3,300.8
23410007111000,32,17,15,988.8
23410007112000,7,4,3,448.7
23410007113000,33,22,11,1178.1
23410007114000,5,3,2,246
23410007115000,7,4,3,294.7
23410007116000,60,28,32,3684
23410007117000,7,5,2,275.1
23410007152000,4,2,2,0
23410007153000,4,2,2,0
23410007154000,2,1,1,0
23410007155000,11,5,6,589.6
23410007156000,5,3,2,203
23410007167000,2,1,1,0
23410007196000,3,2,1,0
23410007197000,1,1,0,0
23410007198000,7,3,4,317.1
23410007199000,10,7,3,360
23410007204000,8,4,4,255.2
23410007205000,9,6,3,240.3
23410007219000,19,9,10,670.7
23410007224000,1,0,1,0
23420006646000,5,3,2,217
23420006647000,27,11,16,966.6
23420006648000,76,35,41,3465.6
23420006649000,80,43,37,3184
23420006650000,10,5,5,473
23420006651000,9,5,4,425.7
23420006652000,20,12,8,1232
23420006653000,21,10,11,1008
23420006654000,12,4,8,541.2
23420006662000,3,2,1,0
23420006663000,12,7,5,650.4
23420006664000,1,0,1,0
23420006670000,7,5,2,315
23420006671000,3,2,1,0
23420006675000,2,1,1,0
23420006683000,2,2,0,0
23420006685000,18,7,11,646.2
23420006686000,3,1,2,0
23420006710000,30,18,12,1500
23420006726000,1,1,0,0
23420006727000,14,8,6,736.4
23420006728000,3,1,2,0
23420006730000,11,8,3,543.4
23420006777000,4,4,0,0
23420006778000,1,1,0,0
23420006779000,17,8,9,768.4
23420006780000,30,18,12,1251
23420006781000,3,1,2,0
23420006782000,16,5,11,553.6
23420006783000,1,1,0,0
23420006809000,7,3,4,275.1
23420006810000,1,1,0,0
23420006811000,2,1,1,0
23420006812000,7,2,5,203
23420006814000,11,5,6,493.9
23420006815000,4,2,2,0
23420006817000,8,5,3,290.4
23420006832000,5,3,2,135
23420006834000,2,1,1,0
23420006835000,8,4,4,416.8
23420006836000,16,7,9,734.4
23420006837000,51,25,26,2499
23420006838000,10,6,4,465
23420006839000,1,1,0,0
23420006859000,1,1,0,0
23420006860000,31,17,14,1463.2
23420006861000,2,1,1,0
23420006866000,39,21,18,1614.6
23420006910000,2,1,1,0
23420006977000,6,4,2,271.8
23420006978000,12,7,5,579.6
23420006979000,31,13,18,1227.6
23420006980000,3,0,3,0
23420007022000,7,4,3,280.7
23420007024000,9,6,3,199.8
23420007032000,1,0,1,0
23420007033000,161,90,71,6182.4
23420007070000,6,4,2,265.8
23420007074000,15,8,7,642
23420007075000,5,3,2,208
23420007076000,21,9,12,730.8
23420007077000,38,20,18,1265.4
23420007078000,12,6,6,351.6
23420007079000,14,8,6,499.8
23420007103000,13,8,5,674.7
23420007107000,2,1,1,0
23420007110000,2,1,1,0
23420007111000,8,5,3,312.8
23420007112000,8,5,3,372
23420007113000,6,2,4,168
23420007114000,16,9,7,526.4
23420007117000,38,18,20,1432.6
23420007118000,8,4,4,302.4
23420007121000,5,3,2,243
23420007152000,5,4,1,199
23420007154000,2,2,0,0
23420007155000,5,3,2,95
23420007167000,4,2,2,0
23420007197000,3,2,1,0
23420007199000,2,1,1,0
23420007201000,2,1,1,0
23420007202000,4,2,2,0
23420007205000,12,5,7,304.8
23420007207000,14,7,7,677.6
23420007208000,5,4,1,288
23420007212000,5,3,2,160
23420007213000,3,1,2,0
23420007217000,1,1,0,0
23420007218000,2,1,1,0
23430006646000,6,3,3,411
23430006647000,54,21,33,2716.2
23430006648000,341,159,182,16368
23430006649000,407,193,214,17704.5
23430006650000,38,21,17,1740.4
23430006651000,9,4,5,348.3
23430006653000,9,4,5,505.8
23430006654000,4,3,1,0
23430006655000,2,1,1,0
23430006656000,4,3,1,0
23430006664000,1,0,1,0
23430006669000,2,1,1,0
23430006672000,6,3,3,229.2
23430006686000,8,5,3,466.4
23430006729000,1,1,0,0
23430006730000,31,14,17,1630.6
23430006776000,10,5,5,435
23430006777000,8,5,3,488.8
23430006778000,2,1,1,0
23430006780000,13,5,8,751.4
23430006781000,47,21,26,2500.4
23430006782000,34,20,14,1543.6
23430006793000,2,1,1,0
23430006809000,1,0,1,0
23430006810000,2,1,1,0
23430006811000,13,7,6,851.5
23430006812000,21,13,8,957.6
23430006814000,5,2,3,348
23430006815000,4,2,2,0
23430006824000,1,1,0,0
23430006830000,5,2,3,192
23430006834000,10,5,5,291
23430006860000,19,10,9,885.4
23430006861000,21,10,11,833.7
23430006863000,11,5,6,701.8
23430006864000,92,38,54,4471.2
23430006865000,58,29,29,2697
23430006866000,16,9,7,652.8
23430007049000,1,1,0,0
23430007069000,2,1,1,0
23430007077000,25,14,11,740
23430007078000,57,28,29,2319.9
23430007079000,19,10,9,784.7
23430007113000,3,2,1,0
23430007114000,4,4,0,0
23430007115000,2,1,1,0
23430007117000,3,1,2,0
23430007118000,11,7,4,481.8
23430007119000,2,1,1,0
23430007120000,5,2,3,142
23430007121000,2,1,1,0
23430007151000,6,4,2,174
23430007152000,21,13,8,840
23430007153000,234,111,123,8704.8
23430007154000,23,13,10,915.4
23430007166000,2,1,1,0
23430007191000,6,4,2,235.8
23430007212000,18,9,9,574.2
23430007218000,1,0,1,0
23430007219000,3,1,2,0
23430007220000,41,19,22,1578.5
23430007221000,3,1,2,0
23430007224000,1,0,1,0
23440006646000,34,16,18,1390.6
23440006647000,26,15,11,1255.8
23440006648000,2,1,1,0
23440006649000,92,44,48,4250.4
23440006650000,29,14,15,1296.3
23440006651000,37,18,19,1357.9
23440006652000,4,2,2,0
23440006653000,1,0,1,0
23440006654000,10,6,4,443
23440006655000,7,4,3,466.2
23440006666000,6,3,3,225
23440006673000,1,0,1,0
23440006688000,3,1,2,0
23440006722000,1,1,0,0
23440006729000,14,6,8,767.2
23440006730000,24,12,12,1339.2
23440006776000,5,4,1,142
23440006780000,2,1,1,0
23440006781000,59,29,30,3156.5
23440006782000,10,6,4,500
23440006811000,9,6,3,273.6
23440006812000,1,1,0,0
23440006813000,18,8,10,892.8
23440006824000,10,5,5,526
23440006825000,2,2,0,0
23440006826000,15,9,6,709.5
23440006827000,22,15,7,719.4
23440006829000,3,1,2,0
23440006864000,31,16,15,1246.2
23440006865000,24,14,10,907.2
23440006866000,39,16,23,1478.1
23440006902000,3,2,1,0
23440006948000,5,2,3,105
23440007021000,7,2,5,175.7
23440007022000,2,1,1,0
23440007023000,5,3,2,221
23440007069000,2,1,1,0
23440007078000,14,7,7,582.4
23440007079000,23,11,12,1005.1
23440007101000,9,3,6,181.8
23440007103000,10,7,3,428
23440007104000,4,1,3,0
23440007110000,2,2,0,0
23440007113000,1,1,0,0
23440007115000,4,3,1,0
23440007119000,7,3,4,266
23440007150000,9,4,5,520.2
23440007151000,8,4,4,396
23440007152000,251,127,124,10341.2
23440007153000,322,167,155,10175.2
23440007191000,2,1,1,0
23440007199000,3,2,1,0
23440007201000,2,1,1,0
23440007202000,2,1,1,0
23440007203000,9,6,3,230.4
23440007207000,1,0,1,0
23440007210000,5,3,2,317
23440007212000,11,5,6,258.5
23440007219000,18,11,7,1054.8
23440007221000,34,19,15,1659.2
23440007222000,1,0,1,0
23440007223000,12,7,5,510
23440007224000,14,3,11,457.8
23450006647000,13,11,2,821.6
23450006648000,10,4,6,479
23450006649000,8,4,4,512.8
23450006650000,17,10,7,878.9
23450006651000,20,11,9,714
23450006652000,12,7,5,505.2
23450006653000,20,12,8,788
23450006654000,31,15,16,1550
23450006655000,6,2,4,291
23450006662000,4,3,1,0
23450006666000,41,24,17,1840.9
23450006667000,9,5,4,522
23450006668000,13,4,9,517.4
23450006669000,2,1,1,0
23450006672000,5,3,2,165
23450006687000,1,0,1,0
23450006688000,4,2,2,0
23450006689000,2,1,1,0
23450006718000,8,5,3,440.8
23450006729000,26,14,12,1385.8
23450006779000,3,1,2,0
23450006780000,1,0,1,0
23450006781000,1,0,1,0
23450006782000,5,2,3,119
23450006811000,7,4,3,345.8
23450006812000,12,5,7,385.2
23450006813000,19,12,7,908.2
23450006823000,3,0,3,0
23450006824000,9,7,2,412.2
23450006864000,11,5,6,685.3
23450007078000,9,5,4,509.4
23450007079000,15,6,9,481.5
23450007080000,25,12,13,985
23450007099000,4,3,1,0
23450007100000,12,7,5,381.6
23450007101000,13,8,5,536.9
23450007102000,7,4,3,277.9
23450007103000,28,17,11,859.6
23450007104000,5,2,3,180
23450007113000,3,2,1,0
23450007119000,8,4,4,188.8
23450007120000,11,6,5,454.3
23450007121000,3,2,1,0
23450007149000,4,2,2,0
23450007150000,4,1,3,0
23450007151000,7,5,2,315
23450007152000,35,21,14,1466.5
23450007153000,7,4,3,324.1
23450007166000,1,1,0,0
23450007203000,8,5,3,192
23450007204000,2,0,2,0
23450007207000,1,0,1,0
23450007208000,4,2,2,0
23450007210000,2,1,1,0
23450007211000,17,10,7,506.6
23450007212000,49,25,24,2239.3
23450007213000,14,6,8,781.2
23450007221000,10,4,6,506
23450007222000,111,50,61,4739.7
23450007223000,56,28,28,2508.8
23450007224000,18,8,10,673.2
23460006647000,8,4,4,348
23460006648000,2,1,1,0
23460006649000,1,1,0,0
23460006651000,4,2,2,0
23460006652000,1,0,1,0
23460006653000,3,2,1,0
23460006662000,16,10,6,784
23460006668000,2,1,1,0
23460006669000,10,7,3,415
23460006670000,2,2,0,0
23460006671000,3,1,2,0
23460006672000,6,3,3,223.2
23460006679000,1,1,0,0
23460006680000,2,1,1,0
23460006681000,2,2,0,0
23460006686000,1,0,1,0
23460006687000,1,1,0,0
23460006698000,3,2,1,0
23460006699000,9,5,4,496.8
23460006700000,9,5,4,668.7
23460006729000,50,24,26,2300
23460006782000,2,2,0,0
23460006784000,2,1,1,0
23460006785000,17,13,4,911.2
23460006786000,1,0,1,0
23460006812000,37,17,20,1117.4
23460006815000,7,3,4,350
23460006820000,19,9,10,585.2
23460006821000,21,12,9,1045.8
23460006863000,1,1,0,0
23460006882000,5,3,2,204
23460007051000,1,1,0,0
23460007079000,7,4,3,338.8
23460007080000,21,11,10,577.5
23460007082000,2,1,1,0
23460007098000,2,1,1,0
23460007099000,11,6,5,326.7
23460007100000,49,24,25,2058
23460007101000,18,10,8,613.8
23460007102000,8,4,4,420.8
23460007116000,1,0,1,0
23460007120000,5,3,2,157
23460007149000,5,3,2,275
23460007150000,73,36,37,2591.5
23460007151000,4,1,3,0
23460007152000,6,4,2,297
23460007153000,3,2,1,0
23460007154000,35,14,21,1715
23460007155000,18,11,7,788.4
23460007156000,12,5,7,520.8
23460007157000,3,2,1,0
23460007166000,2,1,1,0
23460007204000,12,6,6,574.8
23460007210000,1,0,1,0
23460007212000,4,2,2,0
23460007222000,20,12,8,1078
23460007223000,20,8,12,1088
23470006655000,3,2,1,0
23470006658000,3,1,2,0
23470006661000,4,2,2,0
23470006669000,7,4,3,431.2
23470006670000,4,3,1,0
23470006679000,1,0,1,0
23470006687000,20,13,7,880
23470006691000,2,1,1,0
23470006692000,2,1,1,0
23470006695000,1,1,0,0
23470006717000,1,0,1,0
23470006727000,3,2,1,0
23470006728000,21,12,9,1302
23470006729000,86,45,41,4317.2
23470006731000,3,1,2,0
23470006784000,1,1,0,0
23470006785000,9,4,5,468
23470006802000,1,1,0,0
23470006809000,8,4,4,334.4
23470006811000,5,3,2,323
23470006812000,90,45,45,3195
23470006813000,126,64,62,6123.6
23470006814000,1,1,0,0
23470006815000,9,5,4,426.6
23470006816000,2,1,1,0
23470006818000,1,0,1,0
23470006819000,24,10,14,1137.6
23470006820000,1,1,0,0
23470006886000,4,2,2,0
23470006887000,6,4,2,187.8
23470006948000,2,1,1,0
23470006949000,2,1,1,0
23470007079000,2,2,0,0
23470007080000,16,8,8,577.6
23470007081000,19,12,7,786.6
23470007082000,1,1,0,0
23470007098000,18,9,9,639
23470007099000,8,3,5,404
23470007100000,7,3,4,158.9
23470007101000,10,5,5,392
23470007102000,7,5,2,217
23470007120000,23,13,10,1028.1
23470007121000,21,10,11,919.8
23470007122000,1,1,0,0
23470007149000,18,9,9,750.6
23470007150000,40,20,20,1612
23470007152000,30,16,14,1011
23470007153000,9,4,5,276.3
23470007154000,15,9,6,589.5
23470007155000,7,4,3,324.8
23470007190000,5,2,3,162
23470007202000,3,0,3,0
23470007205000,1,1,0,0
23470007206000,7,4,3,303.1
23470007207000,2,1,1,0
23470007210000,10,6,4,583
23470007211000,8,5,3,523.2
23470007213000,1,1,0,0
23470007216000,1,1,0,0
23470007222000,6,2,4,232.8
23470007223000,1,1,0,0
23480006658000,8,5,3,432.8
23480006659000,13,8,5,423.8
23480006661000,14,7,7,784
23480006667000,2,2,0,0
23480006669000,7,3,4,186.9
23480006670000,2,1,1,0
23480006672000,2,2,0,0
23480006673000,4,2,2,0
23480006677000,4,4,0,0
23480006685000,1,1,0,0
23480006687000,7,4,3,422.1
23480006688000,32,12,20,1008
23480006689000,4,2,2,0
23480006699000,2,1,1,0
23480006702000,1,1,0,0
23480006717000,15,7,8,475.5
23480006726000,11,7,4,594
23480006727000,6,5,1,114
23480006728000,17,12,5,739.5
23480006729000,7,2,5,485.8
23480006752000,7,3,4,506.1
23480006753000,2,1,1,0
23480006803000,2,1,1,0
23480006810000,35,16,19,1641.5
23480006811000,7,4,3,443.8
23480006812000,5,3,2,287
23480006813000,14,9,5,539
23480006814000,7,2,5,329
23480006886000,5,2,3,145
23480007050000,2,1,1,0
23480007051000,4,1,3,0
23480007079000,7,5,2,161
23480007080000,32,16,16,1395.2
23480007081000,5,3,2,347
23480007082000,22,12,10,1100
23480007097000,6,3,3,273
23480007098000,4,2,2,0
23480007101000,12,7,5,585.6
23480007115000,4,3,1,0
23480007120000,15,7,8,706.5
23480007121000,7,3,4,224.7
23480007150000,26,14,12,1255.8
23480007151000,6,3,3,325.8
23480007152000,7,5,2,298.2
23480007153000,26,13,13,1341.6
23480007154000,6,3,3,349.8
23480007155000,6,3,3,292.2
23480007156000,7,4,3,398.3
23480007202000,6,3,3,208.8
23480007206000,2,1,1,0
23480007207000,5,2,3,328
23480007208000,6,3,3,235.2
23480007214000,2,1,1,0
23490006653000,1,1,0,0
23490006654000,4,2,2,0
23490006655000,12,9,3,561.6
23490006657000,3,1,2,0
23490006661000,8,4,4,322.4
23490006662000,3,1,2,0
23490006663000,1,0,1,0
23490006664000,3,2,1,0
23490006666000,8,3,5,332.8
23490006670000,3,1,2,0
23490006671000,6,5,1,153
23490006674000,2,1,1,0
23490006678000,1,1,0,0
23490006687000,62,35,27,2616.4
23490006689000,6,2,4,354
23490006690000,12,5,7,423.6
23490006695000,1,1,0,0
23490006698000,3,1,2,0
23490006702000,10,6,4,562
23490006703000,4,2,2,0
23490006718000,17,7,10,710.6
23490006719000,2,1,1,0
23490006722000,3,2,1,0
23490006725000,13,6,7,725.4
23490006726000,19,13,6,830.3
23490006727000,9,5,4,554.4
23490006752000,6,5,1,244.8
23490006753000,6,6,0,288
23490006786000,5,4,1,93
23490006787000,9,6,3,396.9
23490006791000,7,6,1,265.3
23490006792000,2,2,0,0
23490006805000,15,9,6,664.5
23490006807000,4,3,1,0
23490006809000,3,2,1,0
23490006863000,8,3,5,340
23490006886000,11,7,4,536.8
23490006949000,2,1,1,0
23490007030000,4,2,2,0
23490007065000,4,2,2,0
23490007079000,14,9,5,586.6
23490007080000,5,3,2,175
23490007081000,1,1,0,0
23490007082000,7,3,4,245.7
23490007097000,1,1,0,0
23490007098000,27,14,13,885.6
23490007115000,6,5,1,211.8
23490007116000,5,3,2,205
23490007121000,44,22,22,1808.4
23490007122000,1,0,1,0
23490007150000,2,1,1,0
23490007151000,4,2,2,0
23490007153000,18,9,9,617.4
23490007154000,49,25,24,1666
23490007155000,15,7,8,678
23490007189000,25,15,10,1425
23490007190000,39,23,16,2367.3
23490007202000,7,4,3,230.3
23490007208000,3,2,1,0
23490007212000,8,6,2,332
23490007213000,3,2,1,0
23490007220000,2,1,1,0
23500006653000,1,0,1,0
23500006654000,28,15,13,1783.6
23500006663000,4,2,2,0
23500006664000,36,20,16,1908
23500006665000,139,70,69,6797.1
23500006666000,14,7,7,971.6
23500006667000,12,6,6,522
23500006668000,12,7,5,620.4
23500006670000,1,1,0,0
23500006671000,13,7,6,535.6
23500006675000,6,4,2,394.8
23500006676000,5,2,3,224
23500006687000,15,8,7,738
23500006689000,3,2,1,0
23500006690000,1,0,1,0
23500006691000,11,5,6,594
23500006692000,10,6,4,545
23500006693000,5,3,2,342
23500006701000,1,1,0,0
23500006719000,2,1,1,0
23500006721000,4,1,3,0
23500006722000,6,4,2,295.8
23500006723000,1,0,1,0
23500006724000,11,6,5,649
23500006725000,27,12,15,1080
23500006726000,8,3,5,324
23500006729000,2,1,1,0
23500006752000,15,8,7,796.5
23500006753000,8,5,3,288.8
23500006774000,7,2,5,242.2
23500006790000,4,3,1,0
23500006791000,20,10,10,1168
23500006797000,1,0,1,0
23500006799000,3,2,1,0
23500006863000,20,12,8,822
23500006864000,2,1,1,0
23500007029000,2,1,1,0
23500007079000,13,6,7,517.4
23500007080000,12,7,5,397.2
23500007116000,6,3,3,337.8
23500007120000,13,9,4,539.5
23500007121000,7,3,4,270.9
23500007149000,13,5,8,637
23500007150000,9,5,4,530.1
23500007151000,11,6,5,308
23500007152000,38,18,20,1474.4
23500007153000,49,24,25,1768.9
23500007154000,19,12,7,744.8
23500007155000,8,4,4,431.2
23500007156000,5,2,3,189
23500007189000,38,23,15,1911.4
23500007190000,6,3,3,364.8
23500007202000,3,2,1,0
23500007208000,4,2,2,0
23500007209000,7,5,2,347.9
23500007210000,6,3,3,178.2
23500007214000,1,1,0,0
23500007221000,9,4,5,657
23510006650000,2,1,1,0
23510006651000,16,10,6,729.6
23510006652000,16,6,10,886.4
23510006653000,19,11,8,680.2
23510006661000,1,1,0,0
23510006662000,7,4,3,340.9
23510006663000,9,5,4,357.3
23510006664000,15,10,5,592.5
23510006665000,110,50,60,5280
23510006666000,33,14,19,1204.5
23510006667000,8,5,3,275.2
23510006669000,2,1,1,0
23510006670000,4,2,2,0
23510006671000,12,6,6,478.8
23510006672000,14,6,8,669.2
23510006673000,2,1,1,0
23510006674000,8,3,5,364.8
23510006675000,6,3,3,334.8
23510006687000,10,4,6,256
23510006700000,2,1,1,0
23510006701000,1,0,1,0
23510006712000,1,1,0,0
23510006722000,3,2,1,0
23510006723000,8,5,3,526.4
23510006724000,3,2,1,0
23510006725000,12,5,7,598.8
23510006726000,27,16,11,1015.2
23510006729000,6,3,3,355.8
23510006774000,11,7,4,583
23510006790000,32,21,11,1616
23510006791000,13,7,6,474.5
23510006796000,2,1,1,0
23510006797000,2,1,1,0
23510006798000,2,2,0,0
23510006799000,4,4,0,0
23510006802000,14,8,6,546
23510006803000,32,20,12,1196.8
23510006804000,22,10,12,965.8
23510006805000,1,1,0,0
23510006806000,9,6,3,332.1
23510006823000,3,2,1,0
23510006863000,8,5,3,352.8
23510007026000,2,1,1,0
23510007027000,6,4,2,364.2
23510007029000,1,1,0,0
23510007062000,3,1,2,0
23510007063000,13,10,3,780
23510007080000,9,4,5,352.8
23510007081000,7,3,4,203.7
23510007117000,2,1,1,0
23510007120000,3,2,1,0
23510007121000,6,5,1,313.2
23510007122000,2,2,0,0
23510007149000,27,13,14,1015.2
23510007150000,18,8,10,892.8
23510007151000,19,8,11,716.3
23510007152000,47,23,24,2368.8
23510007153000,54,28,26,2527.2
23510007154000,8,4,4,304.8
23510007155000,13,6,7,579.8
23510007156000,5,1,4,184
23510007189000,36,24,12,1393.2
23510007190000,9,6,3,622.8
23510007191000,3,2,1,0
23510007203000,7,3,4,338.1
23510007214000,4,3,1,0
23510007215000,2,1,1,0
23510007216000,6,4,2,271.8
23510007221000,14,5,9,872.2
23510007222000,9,4,5,468
23520006652000,2,1,1,0
23520006653000,5,4,1,126
23520006654000,1,1,0,0
23520006657000,2,1,1,0
23520006658000,9,4,5,252.9
23520006659000,2,1,1,0
23520006660000,6,3,3,240
23520006661000,6,4,2,214.8
23520006662000,12,4,8,598.8
23520006663000,11,7,4,556.6
23520006665000,3,1,2,0
23520006667000,3,2,1,0
23520006670000,4,2,2,0
23520006672000,2,1,1,0
23520006686000,10,4,6,258
23520006687000,16,8,8,608
23520006688000,14,7,7,631.4
23520006689000,8,3,5,219.2
23520006691000,3,1,2,0
23520006693000,5,3,2,309
23520006694000,5,3,2,290
23520006707000,1,1,0,0
23520006719000,3,2,1,0
23520006723000,3,2,1,0
23520006725000,5,2,3,297
23520006726000,11,8,3,515.9
23520006727000,8,5,3,372
23520006729000,4,2,2,0
23520006733000,2,1,1,0
23520006749000,7,4,3,322.7
23520006753000,2,2,0,0
23520006774000,19,11,8,866.4
23520006790000,3,2,1,0
23520006791000,12,4,8,756
23520006792000,7,3,4,363.3
23520006798000,3,1,2,0
23520006799000,156,81,75,5818.8
23520006800000,362,191,171,15023
23520006801000,170,85,85,7038
23520006802000,63,28,35,2835
23520006803000,13,7,6,465.4
23520006804000,14,8,6,501.2
23520006805000,94,50,44,3233.6
23520006806000,44,22,22,1540
23520006819000,2,2,0,0
23520006820000,2,0,2,0
23520006822000,5,3,2,261
23520006823000,1,1,0,0
23520006885000,10,3,7,442
23520007026000,2,0,2,0
23520007062000,3,2,1,0
23520007063000,12,7,5,506.4
23520007064000,9,5,4,278.1
23520007081000,9,4,5,405.9
23520007082000,19,8,11,826.5
23520007122000,9,5,4,408.6
23520007151000,8,4,4,318.4
23520007152000,10,4,6,281
23520007153000,15,7,8,634.5
23520007154000,13,9,4,598
23520007155000,70,26,44,2268
23520007156000,30,12,18,822
23520007157000,33,20,13,1197.9
23520007183000,1,1,0,0
23520007190000,2,1,1,0
23520007191000,7,3,4,433.3
23520007203000,27,17,10,1069.2
23520007215000,9,5,4,326.7
23520007222000,12,7,5,709.2
23520007223000,2,1,1,0
23520007224000,2,1,1,0
23530006653000,5,3,2,264
23530006654000,18,11,7,1112.4
23530006655000,16,10,6,721.6
23530006656000,5,4,1,180
23530006658000,51,27,24,2152.2
23530006659000,25,13,12,1407.5
23530006660000,20,9,11,906
23530006661000,11,6,5,434.5
23530006676000,14,5,9,679
23530006682000,1,0,1,0
23530006694000,21,12,9,932.4
23530006695000,8,6,2,354.4
23530006702000,1,1,0,0
23530006707000,3,2,1,0
23530006719000,6,4,2,283.2
23530006731000,4,3,1,0
23530006732000,2,1,1,0
23530006733000,7,4,3,182
23530006735000,1,1,0,0
23530006736000,10,4,6,390
23530006737000,6,4,2,210
23530006749000,2,1,1,0
23530006792000,6,3,3,220.8
23530006799000,190,87,103,7125
23530006800000,486,224,262,26924.4
23530006801000,665,316,349,28661.5
23530006802000,82,40,42,3583.4
23530006817000,9,4,5,371.7
23530006818000,8,5,3,340
23530006820000,3,2,1,0
23530006822000,1,0,1,0
23530007081000,2,1,1,0
23530007082000,23,11,12,926.9
23530007083000,2,1,1,0
23530007118000,1,1,0,0
23530007122000,8,4,4,488
23530007150000,9,6,3,448.2
23530007154000,22,12,10,1018.6
23530007155000,374,175,199,18625.2
23530007156000,190,107,83,6536
23530007157000,135,73,62,5845.5
23530007158000,16,9,7,584
23530007203000,4,2,2,0
23530007204000,3,2,1,0
23530007216000,11,6,5,452.1
23530007217000,4,1,3,0
23530007225000,4,2,2,0
23530007287000,5,3,2,330
23540006657000,11,5,6,474.1
23540006658000,9,4,5,433.8
23540006659000,4,3,1,0
23540006667000,7,3,4,235.9
23540006693000,5,4,1,352
23540006694000,15,7,8,846
23540006695000,5,3,2,314
23540006697000,3,1,2,0
23540006718000,5,3,2,197
23540006719000,9,4,5,460.8
23540006720000,2,1,1,0
23540006724000,1,1,0,0
23540006731000,3,2,1,0
23540006732000,2,1,1,0
23540006733000,1,0,1,0
23540006734000,2,1,1,0
23540006797000,23,12,11,984.4
23540006798000,86,46,40,3543.2
23540006799000,221,115,106,9061
23540006800000,94,50,44,4107.8
23540006801000,52,30,22,1903.2
23540006802000,24,14,10,1204.8
23540006803000,1,1,0,0
23540006805000,4,2,2,0
23540006817000,6,3,3,304.8
23540006824000,6,2,4,295.2
23540006825000,2,1,1,0
23540006826000,10,4,6,358
23540006885000,3,2,1,0
23540007062000,1,1,0,0
23540007082000,2,1,1,0
23540007119000,2,1,1,0
23540007154000,12,7,5,789.6
23540007155000,85,35,50,3026
23540007156000,62,38,24,2250.6
23540007157000,2,1,1,0
23540007158000,18,9,9,813.6
23540007159000,17,10,7,576.3
23540007204000,3,2,1,0
23540007205000,10,6,4,511
23540007225000,6,2,4,369
23540007279000,2,1,1,0
23540007280000,36,21,15,1479.6
23540007289000,7,3,4,282.8
23550006660000,4,2,2,0
23550006666000,12,5,7,466.8
23550006667000,2,1,1,0
23550006674000,5,2,3,231
23550006693000,2,1,1,0
23550006705000,2,1,1,0
23550006706000,3,1,2,0
23550006707000,3,2,1,0
23550006708000,2,1,1,0
23550006718000,2,2,0,0
23550006723000,5,2,3,270
23550006731000,2,1,1,0
23550006732000,23,10,13,1127
23550006794000,6,4,2,274.8
23550006795000,23,12,11,945.3
23550006796000,48,28,20,2097.6
23550006797000,4,2,2,0
23550006805000,10,6,4,535
23550006806000,16,9,7,681.6
23550006807000,2,1,1,0
23550006808000,8,3,5,284.8
23550006819000,8,6,2,440.8
23550007080000,1,1,0,0
23550007154000,8,6,2,304.8
23550007156000,52,31,21,2002
23550007157000,20,12,8,948
23550007158000,18,13,5,597.6
23550007159000,5,2,3,215
23550007206000,9,4,5,357.3
23550007219000,2,1,1,0
23550007287000,7,4,3,338.8
23550007288000,23,13,10,901.6
23550007289000,2,1,1,0
23550007290000,16,11,5,916.8
23560006662000,4,2,2,0
23560006666000,16,9,7,881.6
23560006667000,7,3,4,322.7
23560006668000,3,1,2,0
23560006669000,2,1,1,0
23560006674000,1,1,0,0
23560006678000,11,7,4,551.1
23560006699000,2,1,1,0
23560006700000,49,26,23,2592.1
23560006701000,32,16,16,1843.2
23560006705000,3,1,2,0
23560006710000,2,1,1,0
23560006731000,16,7,9,793.6
23560006732000,3,0,3,0
23560006733000,6,4,2,373.8
23560006794000,265,134,131,10414.5
23560006795000,116,56,60,4535.6
23560006806000,4,2,2,0
23560006807000,15,9,6,489
23560006818000,2,1,1,0
23560006819000,4,2,2,0
23560006895000,4,2,2,0
23560007123000,12,7,5,681.6
23560007124000,3,2,1,0
23560007151000,7,3,4,345.8
23560007152000,2,1,1,0
23560007153000,13,5,8,370.5
23560007154000,36,18,18,979.2
23560007156000,30,17,13,1212
23560007157000,190,102,88,7049
23560007158000,9,5,4,388.8
23560007205000,8,4,4,484.8
23560007206000,20,12,8,916
23560007219000,8,4,4,386.4
23560007220000,17,7,10,685.1
23560007223000,3,3,0,0
23560007280000,23,10,13,837.2
23560007288000,20,9,11,1160
23560007289000,27,13,14,1217.7
23560007290000,8,4,4,436
23570006657000,5,2,3,182
23570006667000,10,6,4,601
23570006668000,5,3,2,158
23570006676000,2,1,1,0
23570006682000,5,2,3,274
23570006699000,11,5,6,463.1
23570006700000,76,34,42,4119.2
23570006701000,25,11,14,1670
23570006730000,2,1,1,0
23570006732000,16,10,6,724.8
23570006735000,2,1,1,0
23570006738000,2,1,1,0
23570006791000,5,3,2,221
23570006792000,21,12,9,753.9
23570006793000,23,11,12,1074.1
23570006794000,28,13,15,1212.4
23570006795000,12,5,7,452.4
23570006814000,2,1,1,0
23570007080000,10,4,6,397
23570007097000,4,2,2,0
23570007101000,1,1,0,0
23570007124000,6,2,4,286.8
23570007150000,6,3,3,274.8
23570007151000,12,6,6,674.4
23570007152000,18,12,6,676.8
23570007153000,11,5,6,211.2
23570007154000,15,9,6,685.5
23570007155000,14,7,7,630
23570007156000,33,16,17,1389.3
23570007157000,44,23,21,1614.8
23570007158000,12,7,5,331.2
23570007159000,10,6,4,289
23570007205000,4,2,2,0
23570007219000,4,3,1,0
23570007220000,7,4,3,408.8
23570007221000,5,2,3,303
23570007223000,5,2,3,339
23570007278000,1,0,1,0
23570007280000,23,11,12,834.9
23570007281000,20,12,8,1024
23570007284000,10,4,6,525
23570007285000,14,9,5,701.4
23570007286000,7,2,5,256.9
23580006666000,1,1,0,0
23580006667000,7,4,3,319.2
23580006670000,3,2,1,0
23580006671000,6,3,3,385.8
23580006676000,3,2,1,0
23580006681000,6,2,4,222
23580006682000,8,5,3,318.4
23580006689000,1,1,0,0
23580006691000,2,2,0,0
23580006695000,1,1,0,0
23580006696000,8,3,5,354.4
23580006697000,8,4,4,312
23580006698000,5,2,3,207
23580006700000,8,3,5,502.4
23580006701000,2,1,1,0
23580006728000,11,4,7,534.6
23580006730000,10,7,3,366
23580006731000,3,1,2,0
23580006790000,1,0,1,0
23580006791000,3,2,1,0
23580006792000,2,2,0,0
23580006794000,1,1,0,0
23580007079000,1,1,0,0
23580007095000,3,1,2,0
23580007097000,14,9,5,558.6
23580007098000,8,3,5,368
23580007119000,6,3,3,297
23580007151000,104,57,47,4004
23580007152000,36,19,17,1245.6
23580007158000,8,4,4,368
23580007206000,9,7,2,469.8
23580007220000,7,5,2,429.1
23580007221000,10,3,7,442
23580007223000,24,11,13,1017.6
23580007224000,25,13,12,1185
23580007235000,1,1,0,0
23580007284000,2,2,0,0
23580007285000,18,10,8,635.4
23580007286000,22,12,10,926.2
23580007288000,22,13,9,741.4
23580007289000,23,7,16,938.4
23580007290000,114,58,56,4879.2
23580007291000,10,6,4,430
23590006665000,5,2,3,312
23590006679000,1,0,1,0
23590006681000,6,4,2,259.2
23590006682000,13,9,4,709.8
23590006683000,7,5,2,286.3
23590006697000,3,2,1,0
23590006700000,1,0,1,0
23590006702000,2,1,1,0
23590006723000,2,1,1,0
23590006724000,1,0,1,0
23590006725000,2,2,0,0
23590006726000,6,4,2,375
23590006727000,2,1,1,0
23590006728000,2,1,1,0
23590006729000,4,3,1,0
23590006783000,4,3,1,0
23590006789000,6,3,3,328.2
23590006790000,4,2,2,0
23590006795000,6,4,2,370.2
23590006813000,5,3,2,215
23590006824000,1,1,0,0
23590006826000,2,1,1,0
23590006830000,2,2,0,0
23590007078000,6,3,3,352.2
23590007079000,5,3,2,313
23590007119000,5,3,2,218
23590007124000,1,1,0,0
23590007151000,37,23,14,1398.6
23590007158000,26,13,13,1027
23590007159000,9,5,4,224.1
23590007207000,18,10,8,1090.8
23590007216000,2,1,1,0
23590007221000,10,5,5,469
23590007222000,1,1,0,0
23590007223000,8,3,5,510.4
23590007225000,1,0,1,0
23590007226000,4,2,2,0
23590007238000,2,1,1,0
23590007282000,5,4,1,125
23590007283000,21,12,9,924
23590007284000,4,2,2,0
23590007285000,4,3,1,0
23590007286000,2,1,1,0
23590007287000,58,29,29,2731.8
23590007288000,24,14,10,1140
23590007289000,15,7,8,748.5
23590007290000,68,34,34,3345.6
23600006664000,3,2,1,0
23600006681000,2,1,1,0
23600006687000,1,1,0,0
23600006688000,4,1,3,0
23600006692000,3,1,2,0
23600006700000,2,2,0,0
23600006701000,1,0,1,0
23600006703000,4,3,1,0
23600006723000,3,1,2,0
23600006724000,1,1,0,0
23600006725000,2,1,1,0
23600006728000,1,1,0,0
23600006730000,2,2,0,0
23600006784000,1,0,1,0
23600006788000,4,1,3,0
23600006789000,5,4,1,311
23600006795000,22,12,10,1089
23600006812000,5,3,2,309
23600006824000,5,2,3,149
23600007078000,4,2,2,0
23600007119000,2,2,0,0
23600007150000,6,4,2,160.8
23600007151000,21,10,11,1008
23600007152000,6,3,3,211.2
23600007157000,4,3,1,0
23600007158000,34,16,18,1054
23600007159000,3,1,2,0
23600007208000,5,3,2,209
23600007221000,13,9,4,569.4
23600007226000,2,1,1,0
23600007227000,15,10,5,499.5
23600007228000,2,1,1,0
23600007229000,8,4,4,298.4
23600007236000,7,4,3,223.3
23600007237000,17,12,5,584.8
23600007238000,6,2,4,283.2
23600007281000,11,6,5,613.8
23600007284000,3,1,2,0
23600007286000,14,8,6,576.8
23600007287000,278,143,135,11648.2
23600007288000,15,7,8,784.5
23610006680000,1,1,0,0
23610006687000,7,5,2,424.2
23610006703000,3,2,1,0
23610006721000,2,2,0,0
23610006730000,3,1,2,0
23610006787000,2,1,1,0
23610006788000,4,2,2,0
23610006794000,2,1,1,0
23610006795000,6,4,2,244.8
23610006817000,2,1,1,0
23610007119000,2,1,1,0
23610007120000,1,1,0,0
23610007126000,3,2,1,0
23610007151000,3,2,1,0
23610007152000,9,4,5,435.6
23610007157000,3,1,2,0
23610007161000,9,6,3,380.7
23610007207000,1,1,0,0
23610007208000,12,6,6,591.6
23610007235000,16,9,7,726.4
23610007236000,13,6,7,689
23610007282000,8,3,5,478.4
23610007284000,5,3,2,296
23610007285000,9,5,4,460.8
23610007286000,1,0,1,0
23610007287000,5,2,3,358
23610007289000,8,3,5,480.8
23620006670000,2,1,1,0
23620006678000,2,2,0,0
23620006680000,9,4,5,495.9
23620006683000,2,2,0,0
23620006699000,8,3,5,340
23620006703000,2,1,1,0
23620006704000,1,1,0,0
23620006773000,5,2,3,145
23620006774000,7,3,4,291.2
23620006775000,2,1,1,0
23620006783000,1,1,0,0
23620006784000,1,0,1,0
23620006786000,1,1,0,0
23620006793000,1,0,1,0
23620006795000,1,1,0,0
23620007061000,5,3,2,143
23620007122000,9,4,5,317.7
23620007126000,3,2,1,0
23620007152000,54,27,27,2251.8
23620007153000,3,2,1,0
23620007159000,7,4,3,399.7
23620007160000,5,3,2,221
23620007162000,9,5,4,431.1
23620007207000,10,6,4,481
23620007208000,13,6,7,531.7
23620007220000,13,8,5,438.1
23620007223000,2,1,1,0
23620007235000,3,3,0,0
23620007236000,4,2,2,0
23620007284000,19,9,10,988
23620007287000,5,3,2,324
23620007288000,4,2,2,0
23620007289000,23,13,10,1037.3
23620007290000,5,3,2,220
23620007301000,2,2,0,0
23620007310000,2,1,1,0
23620007311000,5,2,3,285
23630006698000,1,1,0,0
23630006699000,4,2,2,0
23630006704000,2,1,1,0
23630006712000,1,0,1,0
23630006722000,1,1,0,0
23630006788000,1,0,1,0
23630006797000,2,1,1,0
23630007061000,1,1,0,0
23630007121000,8,4,4,359.2
23630007122000,8,5,3,178.4
23630007127000,2,1,1,0
23630007151000,14,6,8,466.2
23630007152000,38,18,20,1831.6
23630007153000,14,7,7,680.4
23630007162000,8,5,3,307.2
23630007215000,2,1,1,0
23630007216000,2,1,1,0
23630007222000,2,1,1,0
23630007223000,1,1,0,0
23630007224000,10,4,6,526
23630007237000,1,1,0,0
23630007286000,7,3,4,258.3
23630007287000,4,2,2,0
23630007288000,20,9,11,848
23630007289000,7,4,3,392.7
23630007290000,10,4,6,420
23630007310000,1,0,1,0
23630007311000,7,3,4,473.2
23640006697000,5,3,2,312
23640006711000,1,0,1,0
23640006780000,3,1,2,0
23640006781000,1,1,0,0
23640006786000,58,26,32,2627.4
23640006787000,4,3,1,0
23640006793000,1,1,0,0
23640006794000,5,3,2,140
23640006795000,13,6,7,681.2
23640006797000,6,3,3,258
23640006798000,2,0,2,0
23640006799000,2,1,1,0
23640006801000,2,2,0,0
23640007122000,7,4,3,319.9
23640007128000,2,1,1,0
23640007150000,19,8,11,767.6
23640007151000,10,5,5,332
23640007152000,12,4,8,424.8
23640007153000,6,3,3,334.8
23640007161000,10,6,4,585
23640007162000,17,9,8,661.3
23640007203000,2,1,1,0
23640007226000,1,1,0,0
23640007227000,5,3,2,180
23640007231000,2,1,1,0
23640007237000,7,4,3,441
23640007238000,18,10,8,766.8
23640007239000,3,2,1,0
23640007257000,17,8,9,746.3
23640007258000,26,15,11,1287
23640007259000,8,4,4,486.4
23640007286000,2,2,0,0
23640007287000,1,1,0,0
23650006697000,4,2,2,0
23650006704000,15,6,9,645
23650006705000,1,1,0,0
23650006779000,6,2,4,195
23650006780000,21,13,8,850.5
23650006786000,4,3,1,0
23650006791000,4,2,2,0
23650006793000,8,3,5,214.4
23650006794000,2,1,1,0
23650006795000,1,0,1,0
23650006796000,2,1,1,0
23650006801000,6,2,4,445.2
23650007122000,42,24,18,1608.6
23650007123000,38,20,18,1554.2
23650007150000,13,8,5,370.5
23650007151000,22,13,9,1001
23650007152000,71,43,28,3344.1
23650007153000,3,2,1,0
23650007161000,13,6,7,666.9
23650007162000,11,7,4,269.5
23650007164000,9,5,4,417.6
23650007216000,2,1,1,0
23650007217000,9,6,3,272.7
23650007225000,5,2,3,225
23650007227000,1,1,0,0
23650007229000,9,4,5,308.7
23650007231000,20,11,9,834
23650007232000,21,17,4,680.4
23650007237000,3,2,1,0
23650007238000,12,7,5,402
23650007239000,11,7,4,546.7
23650007241000,16,6,10,497.6
23650007243000,5,4,1,277
23650007245000,6,4,2,310.2
23650007255000,2,1,1,0
23650007256000,4,3,1,0
23650007257000,48,24,24,1680
23650007258000,38,19,19,1546.6
23650007259000,4,2,2,0
23650007265000,1,1,0,0
23660006696000,7,5,2,336
23660006704000,6,4,2,411
23660006705000,4,3,1,0
23660006708000,3,2,1,0
23660006716000,2,1,1,0
23660006779000,9,6,3,252
23660006783000,2,1,1,0
23660006784000,13,6,7,500.5
23660006785000,14,6,8,761.6
23660006787000,3,1,2,0
23660006791000,3,1,2,0
23660006792000,5,3,2,313
23660006793000,21,12,9,1230.6
23660006794000,4,2,2,0
23660006821000,1,1,0,0
23660006827000,5,2,3,171
23660007121000,3,2,1,0
23660007122000,89,50,39,3782.5
23660007123000,13,7,6,562.9
23660007124000,10,7,3,419
23660007128000,6,3,3,409.2
23660007150000,15,8,7,640.5
23660007151000,19,11,8,1010.8
23660007152000,183,104,79,7191.9
23660007164000,5,3,2,250
23660007165000,22,12,10,985.6
23660007166000,10,7,3,333
23660007205000,4,2,2,0
23660007206000,15,9,6,742.5
23660007207000,122,57,65,5099.6
23660007216000,6,3,3,448.8
23660007217000,3,2,1,0
23660007225000,3,1,2,0
23660007232000,22,13,9,833.8
23660007233000,2,1,1,0
23660007240000,11,4,7,372.9
23660007241000,20,9,11,870
23660007242000,32,17,15,1507.2
23660007243000,37,16,21,1324.6
23660007244000,1,0,1,0
23660007245000,23,11,12,1223.6
23660007246000,15,4,11,685.5
23660007247000,2,1,1,0
23660007248000,4,3,1,0
23660007257000,6,2,4,286.2
23660007258000,11,7,4,499.4
23660007259000,33,18,15,933.9
23660007264000,1,1,0,0
23660007266000,5,3,2,330
23660007267000,2,1,1,0
23660007286000,5,3,2,308
23660007331000,1,1,0,0
23670006698000,2,0,2,0
23670006776000,5,3,2,285
23670006777000,9,3,6,486.9
23670006781000,1,0,1,0
23670006782000,6,4,2,415.8
23670006783000,8,6,2,506.4
23670006786000,1,1,0,0
23670006793000,181,101,80,7801.1
23670006794000,16,11,5,628.8
23670006821000,7,3,4,499.8
23670006822000,4,2,2,0
23670006823000,5,2,3,324
23670006824000,3,1,2,0
23670006825000,4,3,1,0
23670006826000,4,2,2,0
23670006827000,9,5,4,466.2
23670007078000,2,2,0,0
23670007119000,2,1,1,0
23670007121000,39,20,19,1419.6
23670007122000,29,16,13,1293.4
23670007123000,2,1,1,0
23670007124000,6,3,3,282
23670007129000,13,6,7,529.1
23670007150000,10,5,5,353
23670007151000,4,2,2,0
23670007152000,7,5,2,161
23670007166000,6,3,3,201
23670007167000,22,16,6,1111
23670007203000,5,2,3,221
23670007206000,15,11,4,531
23670007207000,16,10,6,772.8
23670007209000,2,1,1,0
23670007211000,2,1,1,0
23670007214000,4,2,2,0
23670007225000,3,1,2,0
23670007226000,1,1,0,0
23670007231000,1,0,1,0
23670007232000,10,6,4,418
23670007237000,2,1,1,0
23670007238000,8,3,5,356.8
23670007239000,4,1,3,0
23670007241000,7,4,3,294.7
23670007242000,24,12,12,1072.8
23670007243000,22,10,12,833.8
23670007244000,41,20,21,1619.5
23670007245000,140,70,70,5712
23670007246000,81,39,42,3377.7
23670007258000,5,3,2,249
23670007261000,25,12,13,845
23670007262000,26,13,13,943.8
23670007263000,227,127,100,8467.1
23670007264000,4,1,3,0
23670007286000,3,1,2,0
23670007287000,24,15,9,981.6
23670007288000,10,2,8,465
23680006710000,6,3,3,274.8
23680006773000,5,1,4,154
23680006775000,9,4,5,243.9
23680006776000,2,2,0,0
23680006781000,2,1,1,0
23680006782000,8,4,4,524
23680006783000,4,2,2,0
23680006784000,2,0,2,0
23680006785000,17,11,6,778.6
23680006793000,6,4,2,253.8
23680006794000,3,2,1,0
23680006803000,4,2,2,0
23680006818000,5,3,2,332
23680007119000,8,4,4,235.2
23680007121000,22,12,10,726
23680007122000,4,1,3,0
23680007123000,5,3,2,231
23680007124000,1,1,0,0
23680007125000,6,3,3,337.8
23680007129000,10,5,5,407
23680007130000,5,1,4,75
23680007150000,32,18,14,1427.2
23680007151000,2,1,1,0
23680007152000,2,2,0,0
23680007163000,8,3,5,292.8
23680007167000,54,24,30,2597.4
23680007168000,10,4,6,466
23680007205000,4,3,1,0
23680007206000,7,2,5,324.1
23680007218000,2,2,0,0
23680007224000,2,1,1,0
23680007225000,15,6,9,745.5
23680007244000,6,4,2,364.8
23680007245000,140,70,70,6748
23680007246000,104,48,56,4534.4
23680007247000,10,6,4,389
23680007248000,3,1,2,0
23680007250000,1,1,0,0
23680007251000,10,5,5,417
23680007252000,17,10,7,938.4
23680007253000,4,2,2,0
23680007254000,80,43,37,2920
23680007261000,1,1,0,0
23680007262000,14,7,7,663.6
23680007263000,280,133,147,9212
23680007264000,20,11,9,858
23680007278000,4,3,1,0
23680007287000,23,11,12,1092.5
23680007304000,1,1,0,0
23680007312000,9,5,4,527.4
23680007313000,22,14,8,1337.6
23680007379000,1,1,0,0
23690006772000,1,0,1,0
23690006774000,13,7,6,436.8
23690006783000,3,1,2,0
23690006795000,3,2,1,0
23690006801000,2,1,1,0
23690006816000,4,2,2,0
23690006817000,4,2,2,0
23690006818000,12,7,5,464.4
23690007120000,26,16,10,1131
23690007121000,1,1,0,0
23690007123000,32,14,18,918.4
23690007125000,25,12,13,1107.5
23690007129000,14,7,7,480.2
23690007130000,3,1,2,0
23690007149000,12,6,6,544.8
23690007150000,31,16,15,1345.4
23690007151000,13,7,6,539.5
23690007167000,17,9,8,880.6
23690007168000,40,21,19,1636
23690007169000,16,9,7,908.8
23690007204000,2,1,1,0
23690007205000,13,6,7,657.8
23690007206000,8,6,2,340
23690007217000,4,2,2,0
23690007225000,52,26,26,2568.8
23690007226000,28,16,12,1671.6
23690007234000,1,1,0,0
23690007245000,2,1,1,0
23690007246000,20,11,9,650
23690007248000,8,4,4,276.8
23690007249000,50,26,24,1905
23690007250000,19,10,9,704.9
23690007251000,60,27,33,2538
23690007252000,426,213,213,17253
23690007253000,35,20,15,1442
23690007254000,8,4,4,434.4
23690007261000,134,73,61,5413.6
23690007262000,48,25,23,2256
23690007263000,272,144,128,9900.8
23690007264000,116,57,59,3920.8
23690007281000,1,0,1,0
23690007282000,29,15,14,1392
23690007312000,1,1,0,0
23690007313000,8,5,3,546.4
23700006771000,17,12,5,880.6
23700006772000,16,6,10,916.8
23700006792000,9,4,5,459
23700006799000,2,1,1,0
23700006801000,2,1,1,0
23700006815000,2,2,0,0
23700006816000,7,4,3,464.1
23700007075000,9,4,5,390.6
23700007120000,17,7,10,805.8
23700007121000,15,9,6,535.5
23700007122000,11,6,5,530.2
23700007125000,19,9,10,761.9
23700007126000,23,9,14,903.9
23700007151000,247,102,145,15462.2
23700007152000,36,19,17,1490.4
23700007167000,2,1,1,0
23700007168000,50,24,26,1860
23700007169000,307,153,154,13538.7
23700007170000,87,43,44,3358.2
23700007171000,6,4,2,253.2
23700007205000,1,1,0,0
23700007217000,2,1,1,0
23700007223000,3,2,1,0
23700007224000,40,19,21,1404
23700007225000,120,61,59,5232
23700007226000,4,2,2,0
23700007229000,1,1,0,0
23700007230000,4,3,1,0
23700007233000,13,8,5,778.7
23700007244000,4,3,1,0
23700007245000,8,4,4,232
23700007247000,22,8,14,932.8
23700007248000,24,12,12,907.2
23700007249000,30,15,15,1509
23700007250000,13,7,6,478.4
23700007251000,43,21,22,2266.1
23700007252000,61,33,28,2757.2
23700007253000,34,19,15,1431.4
23700007256000,3,1,2,0
23700007257000,14,6,8,688.8
23700007262000,409,198,211,18691.3
23700007263000,930,429,501,42780
23700007264000,151,72,79,5466.2
23700007282000,2,1,1,0
23700007312000,24,9,15,1382.4
23700007313000,6,2,4,352.2
23700007378000,254,138,116,10058.4
23700007379000,101,48,53,3858.2
23710006773000,2,0,2,0
23710006791000,2,1,1,0
23710006798000,3,2,1,0
23710006799000,8,2,6,264
23710007077000,3,2,1,0
23710007120000,2,1,1,0
23710007122000,19,9,10,860.7
23710007124000,7,3,4,275.1
23710007125000,8,5,3,388
23710007126000,127,60,67,4953
23710007127000,7,3,4,413.7
23710007129000,37,19,18,1539.2
23710007136000,4,1,3,0
23710007143000,1,1,0,0
23710007144000,26,10,16,1136.2
23710007147000,12,8,4,585.6
23710007148000,14,9,5,607.6
23710007149000,69,40,29,2987.7
23710007150000,355,175,180,12780
23710007151000,265,135,130,10865
23710007152000,13,9,4,282.1
23710007153000,3,2,1,0
23710007154000,2,1,1,0
23710007169000,60,34,26,2058
23710007170000,32,16,16,1648
23710007171000,44,21,23,1927.2
23710007172000,6,2,4,265.2
23710007181000,21,8,13,508.2
23710007203000,10,5,5,321
23710007205000,3,2,1,0
23710007225000,25,16,9,1185
23710007226000,1,0,1,0
23710007231000,8,5,3,388.8
23710007232000,2,1,1,0
23710007233000,8,4,4,543.2
23710007241000,1,0,1,0
23710007242000,3,2,1,0
23710007244000,6,4,2,159
23710007245000,1,0,1,0
23710007247000,3,2,1,0
23710007248000,11,4,7,540.1
23710007249000,15,8,7,571.5
23710007250000,29,20,9,1104.9
23710007251000,4,2,2,0
23710007252000,9,4,5,522
23710007254000,20,9,11,948
23710007258000,3,1,2,0
23710007263000,193,92,101,7855.1
23710007264000,991,483,508,43009.4
23710007265000,663,325,338,26254.8
23710007266000,3,1,2,0
23710007312000,7,3,4,422.1
23710007313000,13,7,6,691.6
23710007378000,26,15,11,1034.8
23710007379000,5,3,2,195
23720006773000,5,3,2,290
23720006774000,1,0,1,0
23720006791000,14,8,6,859.6
23720006799000,2,1,1,0
23720006811000,2,1,1,0
23720006813000,6,3,3,226.2
23720006814000,2,1,1,0
23720007125000,7,4,3,245.7
23720007126000,128,59,69,6771.2
23720007127000,275,127,148,12567.5
23720007128000,9,6,3,502.2
23720007129000,21,12,9,1197
23720007143000,1,1,0,0
23720007144000,15,7,8,487.5
23720007145000,7,5,2,249.2
23720007148000,1,0,1,0
23720007149000,123,61,62,5436.6
23720007150000,28,11,17,1027.6
23720007153000,2,1,1,0
23720007154000,8,4,4,388
23720007156000,1,1,0,0
23720007168000,6,3,3,313.8
23720007169000,14,5,9,578.2
23720007170000,19,9,10,881.6
23720007171000,8,4,4,346.4
23720007172000,3,2,1,0
23720007173000,2,1,1,0
23720007174000,15,7,8,607.5
23720007176000,11,6,5,390.5
23720007177000,5,3,2,129
23720007178000,5,3,2,168
23720007179000,3,2,1,0
23720007180000,3,2,1,0
23720007181000,2,1,1,0
23720007183000,8,5,3,416.8
23720007184000,10,3,7,301
23720007205000,4,3,1,0
23720007218000,1,1,0,0
23720007229000,11,6,5,375.1
23720007231000,11,7,4,424.6
23720007242000,17,8,9,817.7
23720007243000,1,0,1,0
23720007249000,3,2,1,0
23720007250000,26,14,12,1167.4
23720007251000,8,3,5,288.8
23720007252000,1,1,0,0
23720007253000,11,8,3,600.6
23720007254000,7,4,3,177.8
23720007255000,3,2,1,0
23720007259000,8,4,4,415.2
23720007263000,7,4,3,307.3
23720007264000,4,2,2,0
23720007265000,707,346,361,24462.2
23720007266000,571,285,286,21298.3
23720007267000,29,16,13,1171.6
23720007268000,2,1,1,0
23720007314000,6,2,4,286.8
23720007323000,2,1,1,0
23730006788000,10,5,5,378
23730006790000,1,1,0,0
23730006791000,15,7,8,1071
23730006809000,1,1,0,0
23730006810000,1,1,0,0
23730007124000,8,5,3,290.4
23730007125000,5,3,2,226
23730007126000,77,40,37,3634.4
23730007127000,132,70,62,5755.2
23730007128000,9,7,2,290.7
23730007129000,16,7,9,760
23730007171000,15,6,9,523.5
23730007176000,31,16,15,1357.8
23730007180000,1,0,1,0
23730007181000,1,0,1,0
23730007182000,18,9,9,624.6
23730007183000,3,1,2,0
23730007184000,9,3,6,297.9
23730007186000,1,0,1,0
23730007187000,5,2,3,201
23730007204000,17,8,9,669.8
23730007239000,4,2,2,0
23730007247000,6,3,3,249
23730007251000,6,3,3,400.8
23730007253000,7,4,3,233.8
23730007254000,28,16,12,963.2
23730007255000,25,17,8,952.5
23730007256000,2,1,1,0
23730007265000,39,23,16,1840.8
23730007266000,101,47,54,4070.3
23730007267000,29,14,15,925.1
23730007269000,24,14,10,991.2
23730007270000,6,3,3,340.8
23730007271000,23,15,8,1018.9
23730007272000,6,1,5,223.8
23730007304000,8,4,4,579.2
23730007305000,14,8,6,651
23730007318000,2,1,1,0
23730007323000,6,4,2,184.2
23730007324000,6,2,4,403.2
23730007381000,1,0,1,0
23740006790000,3,2,1,0
23740006809000,11,6,5,427.9
23740007077000,4,2,2,0
23740007124000,42,22,20,1419.6
23740007125000,4,2,2,0
23740007126000,55,29,26,2095.5
23740007127000,12,7,5,463.2
23740007130000,1,1,0,0
23740007158000,26,15,11,985.4
23740007159000,19,9,10,695.4
23740007180000,14,8,6,621.6
23740007182000,4,2,2,0
23740007183000,2,1,1,0
23740007189000,11,6,5,529.1
23740007239000,4,3,1,0
23740007253000,6,4,2,217.2
23740007254000,12,8,4,660
23740007255000,25,14,11,735
23740007256000,3,2,1,0
23740007259000,7,4,3,266.7
23740007260000,15,8,7,688.5
23740007264000,4,1,3,0
23740007265000,3,3,0,0
23740007269000,11,6,5,580.8
23740007272000,10,5,5,446
23740007276000,1,0,1,0
23740007305000,16,8,8,673.6
23740007306000,9,5,4,531.9
23740007317000,17,9,8,792.2
23740007318000,3,1,2,0
23740007319000,13,8,5,569.4
23740007321000,28,13,15,1285.2
23740007322000,61,33,28,2116.7
23740007323000,24,13,11,1075.2
23740007325000,79,36,43,3918.4
23740007326000,4,2,2,0
23740007490000,9,3,6,359.1
23740007491000,16,8,8,897.6
23750006806000,3,2,1,0
23750006807000,1,1,0,0
23750006808000,49,26,23,2724.4
23750006809000,10,6,4,405
23750007117000,3,1,2,0
23750007124000,8,5,3,258.4
23750007125000,10,5,5,300
23750007126000,15,6,9,625.5
23750007127000,17,9,8,848.3
23750007130000,5,3,2,285
23750007157000,8,4,4,328.8
23750007158000,49,23,26,2317.7
23750007159000,9,5,4,453.6
23750007190000,7,3,4,258.3
23750007219000,13,9,4,496.6
23750007220000,184,90,94,7875.2
23750007231000,1,1,0,0
23750007253000,6,4,2,223.8
23750007254000,10,5,5,382
23750007256000,3,2,1,0
23750007260000,6,4,2,301.2
23750007261000,9,5,4,414
23750007263000,5,2,3,305
23750007264000,30,17,13,1281
23750007265000,40,24,16,1228
23750007266000,19,7,12,748.6
23750007267000,7,4,3,410.9
23750007268000,6,3,3,262.2
23750007273000,19,9,10,573.8
23750007274000,21,11,10,653.1
23750007275000,19,10,9,889.2
23750007280000,1,0,1,0
23750007309000,3,1,2,0
23750007317000,27,13,14,1530.9
23750007318000,39,21,18,1610.7
23750007320000,4,3,1,0
23750007321000,90,45,45,3717
23750007325000,38,20,18,1949.4
23750007326000,8,5,3,223.2
23750007490000,27,16,11,1142.1
23750007491000,49,28,21,2131.5
23760006807000,65,27,38,3354
23760006808000,18,11,7,1103.4
23760007117000,11,6,5,541.2
23760007125000,2,1,1,0
23760007126000,14,6,8,569.8
23760007127000,44,20,24,1694
23760007128000,12,7,5,621.6
23760007156000,10,5,5,493
23760007157000,11,7,4,490.6
23760007158000,3,2,1,0
23760007201000,3,2,1,0
23760007220000,269,133,136,12885.1
23760007221000,9,4,5,557.1
23760007224000,6,4,2,298.2
23760007236000,4,3,1,0
23760007247000,7,6,1,265.3
23760007248000,2,2,0,0
23760007253000,5,2,3,211
23760007254000,6,2,4,175.2
23760007260000,12,7,5,576
23760007261000,20,11,9,664
23760007262000,4,2,2,0
23760007263000,20,14,6,570
23760007264000,82,41,41,3075
23760007265000,25,17,8,962.5
23760007266000,25,13,12,1150
23760007267000,22,10,12,607.2
23760007268000,5,4,1,316
23760007273000,5,3,2,302
23760007275000,6,3,3,178.2
23760007285000,4,3,1,0
23760007309000,11,7,4,533.5
23760007317000,4,3,1,0
23760007318000,32,11,21,1321.6
23760007319000,180,95,85,6174
23760007320000,360,178,182,14076
23760007321000,158,85,73,6098.8
23760007322000,6,4,2,334.2
23760007325000,4,2,2,0
23760007326000,1,0,1,0
23760007491000,156,80,76,7410
23760007492000,40,17,23,1708
23770006806000,9,4,5,351
23770006807000,21,9,12,1089.9
23770007117000,7,4,3,228.9
23770007125000,13,7,6,443.3
23770007126000,16,7,9,510.4
23770007128000,9,5,4,344.7
23770007130000,5,3,2,252
23770007157000,8,5,3,292.8
23770007160000,3,1,2,0
23770007194000,12,7,5,552
23770007195000,9,4,5,528.3
23770007199000,1,0,1,0
23770007220000,15,8,7,859.5
23770007221000,48,23,25,1876.8
23770007247000,4,2,2,0
23770007249000,3,2,1,0
23770007262000,27,17,10,1026
23770007263000,54,31,23,1884.6
23770007264000,9,6,3,425.7
23770007265000,52,23,29,1851.2
23770007266000,24,14,10,1147.2
23770007267000,2,1,1,0
23770007268000,2,1,1,0
23770007319000,11,6,5,202.4
23770007320000,116,60,56,5138.8
23770007321000,129,72,57,4850.4
23770007322000,74,43,31,3248.6
23770007325000,3,2,1,0
23770007326000,3,2,1,0
23770007327000,1,0,1,0
23770007337000,1,0,1,0
23770007387000,40,18,22,2132
23770007388000,18,11,7,1045.8
23770007491000,48,24,24,2395.2
23770007492000,141,63,78,6147.6
23770007493000,18,10,8,856.8
23780006784000,11,7,4,786.5
23780006805000,11,3,8,514.8
23780006806000,11,6,5,570.9
23780007117000,2,1,1,0
23780007125000,8,4,4,468
23780007126000,23,12,11,1237.4
23780007128000,4,2,2,0
23780007129000,17,8,9,782
23780007147000,2,1,1,0
23780007160000,9,5,4,452.7
23780007161000,20,11,9,764
23780007194000,9,2,7,358.2
23780007195000,10,6,4,366
23780007196000,36,19,17,1720.8
23780007197000,10,6,4,669
23780007221000,13,5,8,598
23780007224000,3,2,1,0
23780007263000,2,1,1,0
23780007264000,12,7,5,496.8
23780007268000,2,1,1,0
23780007278000,5,3,2,328
23780007281000,11,7,4,379.5
23780007282000,3,2,1,0
23780007287000,5,4,1,251
23780007313000,7,4,3,345.8
23780007314000,6,4,2,411
23780007321000,10,6,4,507
23780007322000,75,42,33,3052.5
23780007323000,15,9,6,781.5
23780007325000,1,1,0,0
23780007336000,2,1,1,0
23780007338000,6,4,2,402
23780007492000,1,1,0,0
23780007493000,2,2,0,0
23790006784000,5,2,3,220
23790006791000,7,5,2,224
23790007126000,8,3,5,383.2
23790007127000,1,0,1,0
23790007129000,36,23,13,1515.6
23790007130000,11,6,5,429
23790007148000,4,2,2,0
23790007161000,52,26,26,2256.8
23790007162000,80,41,39,3992
23790007197000,9,4,5,318.6
23790007198000,8,5,3,234.4
23790007224000,3,2,1,0
23790007241000,5,3,2,336
23790007258000,2,1,1,0
23790007266000,4,3,1,0
23790007281000,2,1,1,0
23790007282000,14,10,4,646.8
23790007283000,9,7,2,512.1
23790007287000,1,1,0,0
23790007288000,1,0,1,0
23790007313000,2,1,1,0
23790007314000,25,14,11,1230
23790007315000,24,11,13,1231.2
23790007321000,2,1,1,0
23790007322000,4,2,2,0
23790007323000,7,4,3,399
23790007338000,2,1,1,0
23790007341000,3,1,2,0
23800007127000,4,2,2,0
23800007130000,58,31,27,2441.8
23800007161000,1,1,0,0
23800007162000,52,26,26,2527.2
23800007198000,2,1,1,0
23800007217000,1,0,1,0
23800007218000,4,1,3,0
23800007219000,4,2,2,0
23800007241000,4,3,1,0
23800007249000,1,1,0,0
23800007259000,24,13,11,1380
23800007265000,5,3,2,230
23800007266000,1,0,1,0
23800007267000,1,0,1,0
23800007284000,7,3,4,114.1
23800007285000,11,5,6,386.1
23800007286000,6,3,3,178.8
23800007287000,6,3,3,415.8
23800007288000,1,1,0,0
23800007295000,3,1,2,0
23800007314000,6,3,3,337.2
23800007315000,1,0,1,0
23800007323000,18,12,6,1018.8
23800007325000,1,1,0,0
23800007331000,30,17,13,1149
23800007332000,5,2,3,348
23800007339000,6,3,3,276
23800007340000,2,1,1,0
23800007341000,10,5,5,471
23800007342000,2,1,1,0
23810006795000,6,4,2,267
23810007127000,2,1,1,0
23810007128000,27,12,15,1220.4
23810007129000,7,2,5,342.3
23810007130000,4,3,1,0
23810007131000,8,5,3,364
23810007134000,2,2,0,0
23810007162000,7,4,3,200.2
23810007163000,10,3,7,487
23810007164000,4,3,1,0
23810007217000,11,5,6,543.4
23810007222000,5,4,1,74
23810007252000,2,1,1,0
23810007254000,5,3,2,101
23810007257000,2,1,1,0
23810007258000,10,5,5,511
23810007259000,13,7,6,884
23810007264000,5,4,1,268
23810007265000,9,4,5,356.4
23810007286000,14,8,6,791
23810007287000,61,32,29,1982.5
23810007288000,38,20,18,1280.6
23810007289000,4,3,1,0
23810007295000,1,1,0,0
23810007296000,12,7,5,574.8
23810007302000,9,5,4,645.3
23810007310000,5,2,3,190
23810007311000,15,8,7,673.5
23810007331000,4,2,2,0
23810007332000,2,1,1,0
23810007362000,35,17,18,1004.5
23810007363000,349,189,160,10888.8
23820006793000,15,9,6,826.5
23820006794000,2,1,1,0
23820007128000,19,8,11,720.1
23820007130000,8,6,2,503.2
23820007131000,6,3,3,262.8
23820007132000,7,2,5,286.3
23820007133000,1,1,0,0
23820007163000,33,16,17,1240.8
23820007216000,6,3,3,232.2
23820007217000,6,3,3,241.2
23820007223000,70,38,32,2478
23820007248000,2,1,1,0
23820007256000,4,2,2,0
23820007287000,11,6,5,502.7
23820007288000,88,41,47,4303.2
23820007289000,39,20,19,1466.4
23820007290000,1,1,0,0
23820007291000,7,4,3,284.9
23820007296000,8,4,4,332.8
23820007301000,6,1,5,217.8
23820007302000,188,96,92,9249.6
23820007312000,4,3,1,0
23820007313000,20,11,9,794
23820007329000,4,2,2,0
23820007339000,1,1,0,0
23820007362000,27,15,12,915.3
23820007363000,82,45,37,3485
23830006793000,3,1,2,0
23830007130000,10,5,5,359
23830007149000,7,3,4,322
23830007162000,6,4,2,118.2
23830007164000,28,15,13,1226.4
23830007165000,3,1,2,0
23830007214000,1,1,0,0
23830007216000,6,4,2,349.8
23830007217000,5,3,2,254
23830007223000,5,1,4,303
23830007224000,13,7,6,490.1
23830007248000,13,9,4,384.8
23830007255000,1,1,0,0
23830007258000,2,1,1,0
23830007261000,1,0,1,0
23830007289000,11,5,6,621.5
23830007290000,21,13,8,1024.8
23830007296000,8,4,4,328.8
23830007298000,2,1,1,0
23830007299000,3,1,2,0
23830007303000,7,5,2,368.9
23830007307000,10,4,6,561
23830007313000,199,102,97,7681.4
23830007314000,1,1,0,0
23830007326000,5,4,1,150
23830007330000,1,0,1,0
23840007162000,1,1,0,0
23840007167000,9,6,3,377.1
23840007168000,16,9,7,750.4
23840007214000,21,9,12,846.3
23840007215000,12,4,8,766.8
23840007217000,10,6,4,430
23840007224000,2,1,1,0
23840007248000,4,2,2,0
23840007249000,2,1,1,0
23840007250000,6,3,3,235.8
23840007253000,2,2,0,0
23840007255000,1,1,0,0
23840007258000,2,2,0,0
23840007290000,15,8,7,511.5
23840007291000,7,4,3,310.8
23840007292000,3,1,2,0
23840007297000,13,7,6,556.4
23840007298000,10,2,8,393
23840007307000,32,14,18,1388.8
23840007308000,4,2,2,0
23840007310000,2,1,1,0
23840007313000,3,2,1,0
23840007314000,30,19,11,1476
23840007315000,27,13,14,1312.2
23840007316000,47,25,22,2284.2
23840007317000,4,2,2,0
23840007326000,8,6,2,475.2
23840007330000,2,1,1,0
23840007331000,9,5,4,303.3
23840007332000,19,9,10,913.9
23850007167000,4,2,2,0
23850007168000,4,1,3,0
23850007169000,1,1,0,0
23850007170000,1,1,0,0
23850007251000,5,3,2,86
23850007254000,1,0,1,0
23850007255000,5,1,4,161
23850007256000,40,14,26,1540
23850007260000,2,1,1,0
23850007291000,4,3,1,0
23850007292000,11,5,6,511.5
23850007298000,3,2,1,0
23850007305000,1,1,0,0
23850007307000,7,6,1,300.3
23850007308000,8,4,4,383.2
23850007311000,9,6,3,431.1
23850007314000,32,16,16,992
23850007315000,4,2,2,0
23850007316000,2,1,1,0
23850007317000,7,3,4,293.3
23850007318000,9,5,4,368.1
23850007331000,2,2,0,0
23850007332000,6,3,3,223.2
23850007333000,14,6,8,600.6
23850007334000,26,15,11,1157
23860007101000,1,1,0,0
23860007149000,1,1,0,0
23860007254000,10,5,5,484
23860007255000,157,62,95,8101.2
23860007256000,130,65,65,4524
23860007257000,7,2,5,242.9
23860007259000,2,1,1,0
23860007260000,2,1,1,0
23860007292000,1,0,1,0
23860007298000,3,2,1,0
23860007299000,5,2,3,324
23860007306000,5,3,2,289
23860007308000,3,2,1,0
23860007309000,2,1,1,0
23860007311000,3,1,2,0
23860007315000,5,3,2,167
23860007316000,20,10,10,710
23860007317000,25,13,12,802.5
23860007318000,3,1,2,0
23860007319000,2,1,1,0
23860007320000,4,2,2,0
23860007327000,14,7,7,485.8
23860007333000,18,12,6,856.8
23860007334000,250,123,127,8875
23860007335000,7,3,4,268.1
23860007336000,1,0,1,0
23860007343000,2,2,0,0
23870007172000,2,1,1,0
23870007255000,2,1,1,0
23870007258000,3,1,2,0
23870007259000,14,10,4,680.4
23870007267000,1,1,0,0
23870007294000,1,1,0,0
23870007299000,10,4,6,605
23870007300000,3,1,2,0
23870007301000,1,0,1,0
23870007310000,3,2,1,0
23870007311000,12,9,3,536.4
23870007317000,5,3,2,221
23870007318000,27,16,11,1196.1
23870007319000,29,13,16,1209.3
23870007320000,11,6,5,576.4
23870007321000,3,2,1,0
23870007327000,2,1,1,0
23870007328000,7,4,3,504.7
23870007333000,19,10,9,984.2
23870007334000,29,15,14,910.6
23870007335000,3,2,1,0
23870007337000,10,7,3,545
23870007342000,10,6,4,430
23880007173000,8,4,4,328
23880007239000,2,2,0,0
23880007245000,1,1,0,0
23880007254000,26,13,13,832
23880007259000,26,12,14,1307.8
23880007294000,4,2,2,0
23880007295000,13,6,7,608.4
23880007311000,7,4,3,238.7
23880007319000,6,2,4,147
23880007320000,27,13,14,880.2
23880007321000,272,141,131,8894.4
23880007322000,192,93,99,7027.2
23880007328000,1,0,1,0
23880007333000,2,1,1,0
23880007337000,10,5,5,570
23880007341000,3,1,2,0
23880007344000,1,1,0,0
23880007406000,6,3,3,409.2
23890007173000,2,1,1,0
23890007245000,2,2,0,0
23890007253000,3,2,1,0
23890007254000,10,7,3,434
23890007256000,4,2,2,0
23890007257000,6,3,3,279
23890007288000,5,3,2,342
23890007291000,27,15,12,1341.9
23890007294000,2,1,1,0
23890007295000,1,0,1,0
23890007296000,2,1,1,0
23890007319000,20,11,9,980
23890007320000,11,4,7,693
23890007321000,48,24,24,1636.8
23890007322000,770,401,369,30030
23890007323000,17,6,11,676.6
23890007329000,4,2,2,0
23890007333000,2,1,1,0
23890007334000,1,1,0,0
23890007336000,13,5,8,591.5
23890007337000,20,12,8,1110
23890007340000,30,13,17,1536
23890007341000,54,28,26,2635.2
23890007342000,4,2,2,0
23890007344000,2,2,0,0
23890007407000,6,3,3,382.2
23900007184000,6,3,3,262.2
23900007185000,3,2,1,0
23900007241000,1,0,1,0
23900007243000,9,3,6,403.2
23900007244000,2,1,1,0
23900007245000,20,10,10,576
23900007246000,25,14,11,1115
23900007250000,2,1,1,0
23900007291000,7,2,5,387.8
23900007319000,6,3,3,303
23900007320000,22,13,9,957
23900007321000,38,16,22,1390.8
23900007322000,270,124,146,11637
23900007323000,858,432,426,38352.6
23900007329000,7,5,2,326.2
23900007330000,5,3,2,277
23900007331000,132,75,57,4725.6
23900007332000,4,2,2,0
23900007333000,1,0,1,0
23900007334000,1,1,0,0
23900007338000,8,5,3,496.8
23900007340000,18,8,10,916.2
23900007341000,82,41,41,3099.6
23900007345000,26,13,13,1300
23900007346000,3,2,1,0
23900007361000,1,1,0,0
23910007175000,9,3,6,471.6
23910007176000,4,3,1,0
23910007240000,5,2,3,324
23910007241000,4,2,2,0
23910007246000,21,8,13,615.3
23910007247000,7,3,4,202.3
23910007248000,5,4,1,316
23910007249000,8,3,5,322.4
23910007251000,8,5,3,342.4
23910007252000,2,2,0,0
23910007306000,5,3,2,379
23910007319000,6,1,5,123
23910007320000,1,1,0,0
23910007321000,22,10,12,913
23910007322000,153,76,77,5829.3
23910007323000,1056,497,559,43824
23910007324000,224,110,114,9139.2
23910007332000,16,9,7,899.2
23910007334000,8,4,4,342.4
23910007336000,2,1,1,0
23910007338000,2,1,1,0
23910007343000,1,1,0,0
23910007344000,24,15,9,883.2
23910007345000,16,9,7,969.6
23910007346000,24,11,13,1260
23910007361000,2,1,1,0
23910007362000,82,37,45,3968.8
23920007176000,1,1,0,0
23920007238000,1,1,0,0
23920007239000,1,1,0,0
23920007243000,9,5,4,414.9
23920007246000,2,0,2,0
23920007248000,3,0,3,0
23920007249000,11,7,4,398.2
23920007252000,2,1,1,0
23920007320000,2,1,1,0
23920007321000,11,6,5,358.6
23920007322000,154,88,66,6098.4
23920007323000,946,478,468,36799.4
23920007324000,786,389,397,35605.8
23920007332000,6,3,3,292.8
23920007335000,5,3,2,349
23920007336000,11,5,6,563.2
23920007337000,2,2,0,0
23920007339000,73,29,44,3869
23920007340000,6,3,3,379.2
23920007341000,15,6,9,442.5
23920007342000,2,1,1,0
23920007343000,27,14,13,1150.2
23920007344000,10,6,4,317
23920007345000,23,12,11,1262.7
23920007346000,2,1,1,0
23920007362000,129,63,66,6617.7
23920007363000,32,18,14,1155.2
23930007176000,10,5,5,711
23930007239000,1,1,0,0
23930007248000,2,1,1,0
23930007302000,1,1,0,0
23930007303000,1,1,0,0
23930007323000,302,158,144,12080
23930007324000,86,42,44,3173.4
23930007342000,1,1,0,0
23930007343000,3,1,2,0
23930007362000,38,16,22,2033
23930007363000,3,2,1,0
23940007178000,16,9,7,656
23940007179000,9,5,4,261
23940007239000,4,2,2,0
23940007304000,1,1,0,0
23940007324000,10,6,4,505
23940007325000,2,1,1,0
23940007326000,4,3,1,0
23940007328000,8,3,5,211.2
23940007329000,1,0,1,0
23940007360000,1,1,0,0
23940007362000,1,1,0,0
23940007363000,5,3,2,338
23940007385000,8,6,2,295.2
23940007386000,11,6,5,446.6
23950007175000,3,2,1,0
23950007179000,5,2,3,265
23950007180000,2,1,1,0
23950007314000,3,2,1,0
23950007326000,124,64,60,4191.2
23950007327000,14,5,9,701.4
23950007328000,72,40,32,3326.4
23950007329000,16,8,8,500.8
23950007383000,2,1,1,0
23950007385000,20,13,7,942
23950007387000,46,25,21,1550.2
23950007388000,10,6,4,501
23960007174000,8,2,6,488
23960007180000,7,3,4,205.8
23960007238000,7,4,3,482.3
23960007280000,7,6,1,182
23960007282000,5,2,3,213
23960007314000,7,4,3,331.1
23960007326000,29,18,11,861.3
23960007327000,56,30,26,2615.2
23960007328000,19,12,7,566.2
23960007329000,2,1,1,0
23960007330000,5,2,3,284
23960007331000,2,2,0,0
23960007337000,7,3,4,224.7
23960007338000,4,2,2,0
23960007339000,6,3,3,366
23960007341000,4,3,1,0
23960007387000,16,7,9,630.4
23960007388000,2,1,1,0
23970007181000,75,43,32,3180
23970007182000,38,18,20,1919
23970007310000,4,2,2,0
23970007312000,2,1,1,0
23970007327000,10,4,6,332
23970007328000,16,9,7,585.6
23970007329000,6,2,4,235.2
23970007331000,3,2,1,0
23970007337000,4,2,2,0
23970007338000,32,19,13,1321.6
23970007340000,4,2,2,0
23970007341000,24,15,9,1171.2
23970007342000,1,1,0,0
23970007349000,3,2,1,0
23970007350000,4,2,2,0
23970007351000,6,3,3,250.2
23970007385000,3,1,2,0
23970007386000,4,3,1,0
23980007182000,7,4,3,340.9
23980007184000,5,3,2,290
23980007318000,1,0,1,0
23980007327000,27,14,13,1142.1
23980007328000,67,34,33,2773.8
23980007338000,2,1,1,0
23980007349000,2,1,1,0
23990007185000,6,4,2,186
23990007195000,11,6,5,418
23990007310000,3,2,1,0
23990007319000,24,15,9,1236
23990007327000,24,13,11,940.8
23990007328000,19,9,10,739.1
23990007329000,4,2,2,0
23990007333000,8,4,4,342.4
23990007339000,15,6,9,622.5
23990007346000,62,30,32,2219.6
23990007348000,1,1,0,0
23990007349000,5,2,3,282
24000007310000,4,2,2,0
24000007317000,2,1,1,0
24000007319000,5,2,3,305
24000007328000,11,4,7,254.1
24000007329000,22,12,10,1137.4
24000007338000,4,3,1,0
24000007339000,18,9,9,905.4
24000007346000,7,4,3,207.2
24000007508000,4,2,2,0
24010007187000,5,3,2,311
24010007327000,11,5,6,627
24010007328000,2,1,1,0
24010007329000,8,4,4,372.8
24010007334000,4,3,1,0
24010007335000,3,2,1,0
24010007345000,2,1,1,0
24010007346000,7,3,4,303.1
24010007354000,1,0,1,0
24010007506000,42,23,19,1827
24010007507000,95,42,53,4189.5
24010007508000,30,20,10,1413
24020007172000,2,1,1,0
24020007173000,5,3,2,148
24020007245000,2,1,1,0
24020007246000,3,2,1,0
24020007317000,2,1,1,0
24020007318000,2,1,1,0
24020007320000,16,11,5,846.4
24020007327000,8,5,3,424
24020007329000,43,21,22,1775.9
24020007335000,9,6,3,648
24020007346000,6,2,4,286.2
24020007354000,1,1,0,0
24020007364000,4,2,2,0
24020007365000,12,7,5,312
24020007505000,22,13,9,693
24020007506000,141,74,67,6246.3
24020007507000,223,113,110,10191.1
24020007510000,25,12,13,1215
24030007172000,1,1,0,0
24030007328000,9,4,5,190.8
24030007329000,36,20,16,1296
24030007340000,4,3,1,0
24030007348000,5,2,3,377
24030007365000,111,55,56,5583.3
24030007367000,7,5,2,149.1
24030007368000,46,22,24,2033.2
24030007370000,3,2,1,0
24030007371000,2,1,1,0
24030007379000,2,1,1,0
24030007380000,3,1,2,0
24030007382000,1,1,0,0
24030007383000,1,1,0,0
24030007506000,140,74,66,5628
24030007510000,7,4,3,408.1
24040007246000,8,5,3,476
24040007311000,5,2,3,206
24040007321000,2,2,0,0
24040007322000,1,1,0,0
24040007323000,21,12,9,999.6
24040007328000,5,3,2,313
24040007329000,36,20,16,1605.6
24040007330000,2,1,1,0
24040007341000,6,4,2,268.8
24040007348000,2,1,1,0
24040007349000,2,1,1,0
24040007350000,1,1,0,0
24040007351000,1,0,1,0
24040007365000,50,25,25,2080
24040007366000,94,47,47,4681.2
24040007367000,21,13,8,938.7
24040007368000,5,2,3,146
24040007379000,2,2,0,0
24040007382000,12,7,5,480
24040007383000,4,3,1,0
24050007192000,103,48,55,4274.5
24050007246000,7,4,3,354.2
24050007311000,4,2,2,0
24050007312000,1,1,0,0
24050007322000,6,3,3,241.8
24050007323000,22,12,10,1133
24050007327000,6,3,3,189
24050007328000,12,7,5,483.6
24050007329000,16,7,9,723.2
24050007330000,21,11,10,703.5
24050007365000,2,0,2,0
24050007366000,34,19,15,1526.6
24050007382000,1,0,1,0
24050007383000,2,2,0,0
24060007110000,2,2,0,0
24060007192000,11,6,5,466.4
24060007193000,15,8,7,513
24060007313000,3,1,2,0
24060007317000,1,1,0,0
24060007322000,2,1,1,0
24060007323000,1,1,0,0
24060007324000,5,1,4,255
24060007328000,362,173,189,14516.2
24060007329000,167,91,76,5794.9
24060007330000,19,7,12,480.7
24060007340000,4,2,2,0
24060007346000,4,2,2,0
24060007347000,2,1,1,0
24070007192000,5,3,2,142
24070007322000,8,4,4,514.4
24070007323000,16,6,10,572.8
24070007324000,29,14,15,997.6
24070007325000,34,19,15,1247.8
24070007326000,1,1,0,0
24070007328000,232,115,117,8885.6
24070007329000,8,4,4,196.8
24070007341000,21,12,9,1054.2
24070007342000,25,12,13,1227.5
24070007343000,2,1,1,0
24070007347000,9,4,5,318.6
24080007190000,6,2,4,163.8
24080007192000,11,5,6,322.3
24080007193000,3,1,2,0
24080007196000,6,4,2,286.8
24080007199000,12,5,7,397.2
24080007200000,5,2,3,169
24080007323000,4,3,1,0
24080007324000,4,1,3,0
24080007325000,9,5,4,365.4
24080007326000,12,9,3,396
24080007328000,12,9,3,357.6
24080007329000,18,12,6,687.6
24080007342000,1,1,0,0
24080007343000,2,1,1,0
24080007344000,7,5,2,336
24080007348000,1,0,1,0
24080007349000,5,2,3,285
24080007366000,1,1,0,0
24080007372000,1,1,0,0
24080007375000,5,3,2,95
24080007386000,3,2,1,0
24080007387000,2,1,1,0
24090007169000,3,2,1,0
24090007170000,13,7,6,666.9
24090007199000,9,4,5,412.2
24090007200000,8,5,3,302.4
24090007326000,23,11,12,991.3
24090007327000,21,11,10,978.6
24090007329000,29,19,10,1165.8
24090007338000,7,3,4,261.8
24090007347000,3,2,1,0
24090007375000,39,20,19,1536.6
24090007376000,23,13,10,673.9
24100007169000,5,3,2,334
24100007170000,2,1,1,0
24100007194000,2,1,1,0
24100007195000,5,3,2,100
24100007327000,3,2,1,0
24100007329000,21,14,7,940.8
24100007330000,14,8,6,564.2
24100007342000,89,46,43,3212.9
24100007343000,564,282,282,23857.2
24100007347000,3,2,1,0
24100007351000,5,3,2,289
24100007358000,22,11,11,882.2
24100007359000,1,0,1,0
24100007385000,6,4,2,310.8
24110007195000,2,1,1,0
24110007196000,9,4,5,394.2
24110007315000,1,1,0,0
24110007328000,1,0,1,0
24110007329000,24,10,14,931.2
24110007330000,31,13,18,1280.3
24110007331000,3,2,1,0
24110007341000,8,3,5,472
24110007342000,196,112,84,7075.6
24110007343000,498,257,241,19471.8
24110007348000,5,2,3,331
24110007358000,25,12,13,1260
24110007359000,4,1,3,0
24110007378000,57,28,29,2696.1
24110007379000,3,2,1,0
24110007380000,4,2,2,0
24110007384000,16,8,8,811.2
24110007385000,8,4,4,296
24110007388000,2,2,0,0
24110007389000,27,13,14,1144.8
24110007390000,20,8,12,810
24120007171000,5,3,2,177
24120007197000,5,3,2,310
24120007198000,7,5,2,343.7
24120007200000,5,3,2,150
24120007201000,151,68,83,7957.7
24120007202000,33,18,15,1468.5
24120007313000,7,3,4,261.1
24120007329000,3,1,2,0
24120007330000,18,9,9,608.4
24120007332000,12,6,6,454.8
24120007333000,4,2,2,0
24120007338000,10,6,4,351
24120007341000,3,1,2,0
24120007343000,5,3,2,147
24120007344000,2,2,0,0
24120007345000,7,4,3,394.8
24120007348000,6,4,2,325.2
24120007362000,2,1,1,0
24120007368000,5,4,1,270
24120007376000,2,1,1,0
24120007377000,16,9,7,881.6
24120007378000,24,13,11,1015.2
24120007388000,2,1,1,0
24120007389000,10,6,4,387
24120007390000,17,10,7,567.8
24120007391000,3,1,2,0
24130007171000,21,9,12,987
24130007172000,2,1,1,0
24130007197000,7,4,3,287.7
24130007198000,1,1,0,0
24130007199000,18,11,7,761.4
24130007200000,7,3,4,266
24130007201000,52,28,24,2163.2
24130007202000,15,10,5,655.5
24130007203000,1,1,0,0
24130007308000,3,3,0,0
24130007313000,2,1,1,0
24130007330000,1,0,1,0
24130007332000,2,1,1,0
24130007333000,22,11,11,974.6
24130007334000,5,3,2,81
24130007338000,23,14,9,848.7
24130007341000,12,5,7,571.2
24130007345000,9,7,2,367.2
24130007349000,9,3,6,549.9
24130007362000,3,2,1,0
24130007369000,1,1,0,0
24130007376000,6,4,2,322.8
24130007392000,1,0,1,0
24140007200000,1,1,0,0
24140007201000,4,1,3,0
24140007202000,19,8,11,636.5
24140007203000,5,3,2,233
24140007204000,9,5,4,597.6
24140007279000,1,1,0,0
24140007314000,8,3,5,224.8
24140007315000,22,9,13,814
24140007331000,10,6,4,546
24140007333000,12,5,7,345.6
24140007338000,42,21,21,1944.6
24140007339000,3,2,1,0
24140007342000,23,12,11,993.6
24140007345000,4,3,1,0
24140007346000,10,7,3,416
24140007347000,3,1,2,0
24140007349000,3,2,1,0
24140007350000,8,4,4,527.2
24140007356000,6,3,3,367.2
24140007363000,25,11,14,1070
24140007376000,26,13,13,1118
24140007377000,3,1,2,0
24140007381000,1,1,0,0
24140007394000,35,14,21,1354.5
24140007395000,42,20,22,2171.4
24140007530000,4,2,2,0
24140007531000,4,4,0,0
24150007177000,3,2,1,0
24150007206000,6,4,2,258
24150007279000,8,5,3,403.2
24150007284000,3,1,2,0
24150007286000,2,1,1,0
24150007311000,24,13,11,1008
24150007312000,41,20,21,1984.4
24150007313000,22,13,9,963.6
24150007314000,20,7,13,1266
24150007315000,90,48,42,3789
24150007316000,5,2,3,232
24150007339000,6,2,4,259.2
24150007347000,5,4,1,318
24150007348000,1,1,0,0
24150007349000,10,5,5,437
24150007350000,2,1,1,0
24150007351000,2,1,1,0
24150007357000,5,2,3,189
24150007363000,2,1,1,0
24150007364000,23,9,14,1101.7
24150007365000,15,8,7,634.5
24150007371000,2,0,2,0
24150007374000,1,1,0,0
24150007375000,4,2,2,0
24150007376000,46,26,20,2148.2
24150007377000,58,27,31,2969.6
24150007379000,1,0,1,0
24150007394000,16,7,9,684.8
24150007395000,51,23,28,1785
24150007530000,70,40,30,3101
24150007531000,42,23,19,2217.6
24150007540000,2,1,1,0
24160007179000,2,2,0,0
24160007297000,10,6,4,388
24160007298000,1,1,0,0
24160007306000,22,13,9,789.8
24160007307000,42,21,21,1470
24160007310000,108,62,46,4579.2
24160007311000,42,21,21,1755.6
24160007315000,19,12,7,782.8
24160007316000,37,20,17,1809.3
24160007317000,4,3,1,0
24160007348000,21,10,11,816.9
24160007358000,4,2,2,0
24160007364000,44,23,21,2618
24160007365000,11,9,2,540.1
24160007376000,31,16,15,1224.5
24160007531000,125,66,59,5725
24160007532000,10,7,3,562
24160007539000,2,2,0,0
24170007209000,4,3,1,0
24170007210000,3,3,0,0
24170007211000,9,4,5,520.2
24170007288000,2,1,1,0
24170007298000,20,11,9,888
24170007299000,9,5,4,299.7
24170007300000,31,16,15,1689.5
24170007301000,52,30,22,1658.8
24170007302000,1040,500,540,52624
24170007303000,1093,573,520,50059.4
24170007304000,627,348,279,24641.1
24170007305000,607,318,289,26101
24170007306000,1426,724,702,53475
24170007307000,268,135,133,8602.8
24170007308000,33,15,18,1452
24170007309000,3,2,1,0
24170007310000,28,18,10,896
24170007311000,3,1,2,0
24170007316000,30,14,16,1392
24170007317000,19,11,8,959.5
24170007318000,5,3,2,193
24170007340000,10,6,4,449
24170007349000,20,8,12,818
24170007350000,7,4,3,282.8
24170007358000,16,11,5,555.2
24170007359000,1,1,0,0
24170007365000,27,15,12,1460.7
24170007366000,17,10,7,984.3
24170007368000,8,4,4,242.4
24170007369000,4,2,2,0
24170007370000,4,1,3,0
24170007372000,1,1,0,0
24170007373000,4,3,1,0
24170007531000,54,28,26,2332.8
24170007532000,217,112,105,10025.4
24170007533000,27,16,11,1501.2
24170007543000,1,1,0,0
24180007151000,4,2,2,0
24180007213000,11,6,5,476.3
24180007288000,2,1,1,0
24180007289000,2,2,0,0
24180007290000,13,6,7,624
24180007291000,25,14,11,827.5
24180007292000,46,24,22,1978
24180007293000,2,1,1,0
24180007294000,3,1,2,0
24180007295000,25,11,14,1200
24180007296000,34,18,16,1475.6
24180007297000,10,7,3,570
24180007298000,11,6,5,452.1
24180007299000,10,5,5,557
24180007300000,254,139,115,9956.8
24180007301000,1440,719,721,61776
24180007302000,804,394,410,39637.2
24180007303000,715,355,360,30959.5
24180007304000,204,98,106,8425.2
24180007305000,191,95,96,8575.9
24180007306000,142,72,70,5623.2
24180007307000,12,6,6,643.2
24180007315000,30,17,13,1131
24180007316000,17,9,8,884
24180007317000,32,15,17,1110.4
24180007318000,160,81,79,5616
24180007340000,1,0,1,0
24180007349000,8,3,5,459.2
24180007350000,6,5,1,280.8
24180007351000,17,11,6,482.8
24180007364000,5,4,1,236
24180007366000,1,1,0,0
24180007372000,4,2,2,0
24180007373000,35,20,15,1620.5
24180007532000,1,0,1,0
24180007533000,23,14,9,1133.9
24180007539000,1,1,0,0
24180007540000,2,1,1,0
24190007151000,6,4,2,162
24190007213000,1,1,0,0
24190007214000,3,2,1,0
24190007285000,9,7,2,510.3
24190007286000,5,2,3,350
24190007288000,1,1,0,0
24190007293000,12,8,4,374.4
24190007294000,33,15,18,1475.1
24190007295000,13,6,7,526.5
24190007296000,30,16,14,762
24190007298000,2,2,0,0
24190007299000,4,2,2,0
24190007301000,802,381,421,33363.2
24190007302000,301,155,146,9120.3
24190007305000,15,6,9,466.5
24190007306000,6,3,3,334.8
24190007307000,18,10,8,507.6
24190007308000,36,21,15,1080
24190007315000,1,1,0,0
24190007317000,57,32,25,1573.2
24190007318000,15,9,6,561
24190007319000,9,5,4,348.3
24190007320000,2,1,1,0
24190007351000,5,3,2,324
24190007384000,9,3,6,261
24190007535000,3,2,1,0
24190007536000,192,102,90,9331.2
24190007537000,119,67,52,5319.3
24190007548000,1,1,0,0
24200007154000,4,2,2,0
24200007215000,1,1,0,0
24200007216000,4,1,3,0
24200007218000,11,4,7,573.1
24200007279000,2,2,0,0
24200007280000,3,2,1,0
24200007282000,1,0,1,0
24200007284000,9,5,4,500.4
24200007285000,6,4,2,292.8
24200007287000,4,2,2,0
24200007288000,6,3,3,166.2
24200007293000,7,4,3,266.7
24200007296000,2,1,1,0
24200007297000,13,5,8,561.6
24200007298000,9,4,5,509.4
24200007299000,15,5,10,460.5
24200007300000,13,7,6,438.1
24200007301000,73,40,33,2905.4
24200007302000,4,2,2,0
24200007303000,11,6,5,577.5
24200007304000,11,6,5,378.4
24200007305000,34,20,14,1312.4
24200007308000,20,15,5,668
24200007309000,18,13,5,968.4
24200007311000,7,5,2,200.9
24200007312000,2,1,1,0
24200007318000,24,15,9,720
24200007319000,7,5,2,144.2
24200007320000,22,12,10,1001
24200007341000,8,5,3,403.2
24200007351000,1,1,0,0
24200007370000,2,1,1,0
24200007371000,4,1,3,0
24200007372000,25,15,10,1292.5
24200007375000,15,9,6,580.5
24200007376000,41,19,22,1496.5
24200007377000,20,9,11,902
24200007378000,4,1,3,0
24200007393000,4,1,3,0
24200007536000,28,16,12,977.2
24200007537000,77,41,36,3172.4
24210007153000,18,9,9,797.4
24210007178000,2,2,0,0
24210007181000,4,3,1,0
24210007218000,6,2,4,346.2
24210007219000,4,3,1,0
24210007221000,3,2,1,0
24210007222000,1,0,1,0
24210007278000,11,4,7,455.4
24210007279000,6,4,2,172.8
24210007288000,2,1,1,0
24210007289000,3,2,1,0
24210007290000,15,8,7,535.5
24210007293000,7,4,3,259
24210007294000,9,6,3,369
24210007296000,3,3,0,0
24210007300000,5,2,3,202
24210007301000,92,51,41,3431.6
24210007302000,21,11,10,1062.6
24210007303000,32,17,15,1388.8
24210007304000,50,27,23,2435
24210007305000,6,4,2,354
24210007309000,52,27,25,2340
24210007311000,54,27,27,1706.4
24210007312000,14,8,6,722.4
24210007319000,4,3,1,0
24210007321000,5,4,1,209
24210007322000,11,5,6,297
24210007372000,9,4,5,428.4
24210007375000,3,0,3,0
24210007389000,5,3,2,193
24210007392000,2,1,1,0
24210007396000,10,5,5,652
24210007410000,30,15,15,1482
24210007537000,5,3,2,260
24210007538000,24,11,13,1190.4
24210007549000,1,1,0,0
24220007153000,4,2,2,0
24220007224000,1,0,1,0
24220007225000,1,1,0,0
24220007248000,2,1,1,0
24220007276000,1,0,1,0
24220007277000,8,4,4,380
24220007278000,1,1,0,0
24220007300000,19,13,6,777.1
24220007301000,30,18,12,1389
24220007302000,23,17,6,678.5
24220007303000,18,8,10,712.8
24220007304000,34,20,14,1258
24220007309000,16,9,7,542.4
24220007310000,54,31,23,2392.2
24220007311000,30,15,15,1482
24220007312000,32,15,17,1072
24220007319000,2,1,1,0
24220007320000,2,1,1,0
24220007321000,2,1,1,0
24220007322000,2,1,1,0
24220007323000,8,3,5,427.2
24220007387000,2,1,1,0
24220007390000,3,2,1,0
24220007395000,27,14,13,1179.9
24220007410000,73,38,35,3233.9
24220007549000,7,4,3,399.7
24220007550000,4,2,2,0
24220007552000,5,2,3,255
24220007553000,11,5,6,323.4
24220007554000,26,12,14,1149.2
24220007555000,1,1,0,0
24230007151000,5,2,3,218
24230007152000,7,4,3,406.7
24230007153000,5,4,1,319
24230007186000,13,6,7,548.6
24230007226000,2,1,1,0
24230007227000,15,8,7,772.5
24230007228000,18,8,10,979.2
24230007229000,8,3,5,504
24230007234000,1,0,1,0
24230007251000,2,1,1,0
24230007275000,9,4,5,378.9
24230007276000,2,2,0,0
24230007297000,4,2,2,0
24230007298000,10,7,3,287
24230007299000,3,2,1,0
24230007300000,10,5,5,419
24230007309000,6,4,2,252
24230007310000,40,20,20,1656
24230007312000,12,8,4,517.2
24230007319000,15,10,5,370.5
24230007320000,2,1,1,0
24230007321000,3,1,2,0
24230007322000,8,4,4,404.8
24230007323000,9,6,3,448.2
24230007324000,9,4,5,250.2
24230007325000,6,5,1,228
24230007341000,5,3,2,184
24230007374000,5,3,2,277
24230007375000,4,2,2,0
24230007389000,6,5,1,169.8
24230007390000,12,6,6,224.4
24230007391000,1,1,0,0
24230007392000,4,1,3,0
24230007399000,5,2,3,154
24230007400000,2,1,1,0
24230007401000,21,9,12,737.1
24230007402000,6,4,2,177
24230007404000,20,12,8,594
24230007405000,4,3,1,0
24230007543000,5,3,2,285
24230007544000,17,8,9,863.6
24230007545000,11,5,6,733.7
24230007546000,29,14,15,1438.4
24230007548000,4,1,3,0
24230007550000,1,0,1,0
24230007552000,29,16,13,1461.6
24230007553000,94,41,53,4230
24230007554000,24,12,12,960
24240007152000,11,5,6,507.1
24240007183000,4,2,2,0
24240007193000,15,9,6,636
24240007224000,2,2,0,0
24240007252000,1,0,1,0
24240007255000,4,2,2,0
24240007299000,5,3,2,170
24240007300000,6,3,3,214.8
24240007301000,18,10,8,901.8
24240007310000,10,5,5,529
24240007312000,2,1,1,0
24240007319000,1,0,1,0
24240007324000,7,2,5,258.3
24240007325000,8,3,5,302.4
24240007342000,4,3,1,0
24240007375000,2,1,1,0
24240007376000,4,3,1,0
24240007377000,3,1,2,0
24240007389000,39,23,16,1396.2
24240007390000,100,50,50,3680
24240007392000,10,5,5,420
24240007398000,4,2,2,0
24240007399000,32,16,16,1251.2
24240007400000,28,13,15,1212.4
24240007401000,3,1,2,0
24240007404000,1,1,0,0
24240007544000,11,7,4,457.6
24240007545000,9,4,5,326.7
24240007546000,38,22,16,1417.4
24240007553000,4,1,3,0
24240007555000,1,1,0,0
24250007146000,5,1,4,154
24250007149000,6,3,3,232.8
24250007152000,12,7,5,513.6
24250007183000,16,5,11,660.8
24250007193000,3,1,2,0
24250007229000,2,1,1,0
24250007255000,5,3,2,176
24250007256000,4,2,2,0
24250007257000,13,7,6,686.4
24250007258000,40,21,19,2232
24250007259000,6,2,4,202.8
24250007260000,12,6,6,579.6
24250007261000,14,7,7,558.6
24250007264000,1,1,0,0
24250007265000,3,1,2,0
24250007266000,3,1,2,0
24250007267000,21,10,11,1222.2
24250007268000,20,8,12,1392
24250007269000,329,165,164,14245.7
24250007270000,26,15,11,1284.4
24250007271000,20,11,9,658
24250007274000,15,6,9,808.5
24250007275000,29,15,14,1461.6
24250007276000,1,0,1,0
24250007300000,13,8,5,484.9
24250007301000,11,6,5,443.3
24250007303000,27,11,16,801.9
24250007309000,6,1,5,196.2
24250007310000,3,1,2,0
24250007312000,4,2,2,0
24250007319000,10,6,4,479
24250007325000,13,7,6,487.5
24250007326000,17,10,7,651.1
24250007343000,9,6,3,354.6
24250007377000,2,1,1,0
24250007390000,4,2,2,0
24250007391000,3,1,2,0
24250007392000,1,0,1,0
24250007398000,21,11,10,892.5
24250007399000,11,7,4,326.7
24250007402000,3,2,1,0
24250007404000,2,1,1,0
24250007405000,1,0,1,0
24250007544000,47,25,22,2317.1
24250007545000,12,5,7,470.4
24260007146000,5,2,3,121
24260007148000,2,2,0,0
24260007149000,5,2,3,182
24260007152000,4,2,2,0
24260007229000,2,1,1,0
24260007236000,1,1,0,0
24260007237000,4,1,3,0
24260007258000,10,6,4,314
24260007260000,14,7,7,785.4
24260007268000,304,162,142,13163.2
24260007269000,157,92,65,6389.9
24260007270000,8,5,3,204.8
24260007271000,7,2,5,275.1
24260007272000,13,9,4,594.1
24260007273000,10,7,3,427
24260007274000,27,13,14,1363.5
24260007275000,1,0,1,0
24260007276000,1,1,0,0
24260007303000,10,4,6,472
24260007308000,3,1,2,0
24260007309000,37,17,20,1702
24260007312000,2,1,1,0
24260007320000,7,3,4,280
24260007327000,10,2,8,286
24260007328000,1,1,0,0
24260007343000,8,4,4,456
24260007344000,49,28,21,2038.4
24260007345000,3,2,1,0
24260007357000,3,2,1,0
24260007358000,5,3,2,378
24260007391000,14,4,10,613.2
24260007398000,7,4,3,217
24260007399000,8,5,3,228
24260007404000,9,3,6,317.7
24260007412000,2,2,0,0
24260007549000,4,2,2,0
24260007550000,48,22,26,2131.2
24260007551000,9,5,4,323.1
24260007553000,89,43,46,3729.1
24260007554000,98,43,55,4762.8
24260007555000,57,31,26,2582.1
24270007147000,10,6,4,509
24270007152000,15,7,8,757.5
24270007172000,6,4,2,196.2
24270007179000,4,2,2,0
24270007239000,1,1,0,0
24270007268000,40,23,17,960
24270007277000,4,2,2,0
24270007278000,3,2,1,0
24270007303000,1,0,1,0
24270007309000,33,17,16,1191.3
24270007312000,20,10,10,1020
24270007313000,1,1,0,0
24270007314000,53,31,22,2035.2
24270007315000,11,4,7,564.3
24270007328000,6,3,3,415.2
24270007343000,5,3,2,356
24270007344000,9,5,4,385.2
24270007345000,8,5,3,450.4
24270007358000,1,1,0,0
24270007391000,2,1,1,0
24270007392000,4,3,1,0
24270007398000,3,2,1,0
24270007399000,1,1,0,0
24270007404000,8,4,4,388
24270007408000,27,17,10,845.1
24270007412000,23,14,9,1524.9
24270007548000,13,7,6,738.4
24270007549000,31,21,10,1333
24270007554000,11,5,6,552.2
24270007555000,21,9,12,1186.5
24280007147000,4,2,2,0
24280007150000,5,1,4,145
24280007158000,2,1,1,0
24280007170000,2,1,1,0
24280007171000,2,2,0,0
24280007172000,3,1,2,0
24280007258000,3,1,2,0
24280007259000,4,2,2,0
24280007260000,4,2,2,0
24280007268000,4,2,2,0
24280007279000,4,2,2,0
24280007307000,13,6,7,357.5
24280007308000,53,25,28,2035.2
24280007309000,5,2,3,221
24280007310000,11,6,5,607.2
24280007311000,7,4,3,219.1
24280007315000,2,1,1,0
24280007316000,1,1,0,0
24280007317000,9,5,4,327.6
24280007321000,22,13,9,895.4
24280007328000,10,5,5,392
24280007344000,2,2,0,0
24280007345000,2,1,1,0
24280007358000,2,1,1,0
24280007391000,1,0,1,0
24280007397000,6,3,3,246
24280007398000,9,4,5,439.2
24280007401000,4,3,1,0
24280007402000,3,1,2,0
24280007407000,1,1,0,0
24280007408000,21,13,8,791.7
24280007413000,1,1,0,0
24290007150000,8,4,4,267.2
24290007196000,2,2,0,0
24290007268000,9,4,5,439.2
24290007306000,1,0,1,0
24290007307000,4,2,2,0
24290007308000,9,6,3,455.4
24290007309000,5,3,2,307
24290007318000,4,3,1,0
24290007319000,20,10,10,908
24290007320000,1,1,0,0
24290007321000,6,3,3,334.8
24290007322000,3,2,1,0
24290007323000,6,3,3,193.2
24290007327000,23,11,12,1331.7
24290007328000,34,16,18,1489.2
24290007354000,5,3,2,344
24290007357000,9,5,4,502.2
24290007359000,9,4,5,311.4
24290007393000,3,1,2,0
24290007397000,4,3,1,0
24290007398000,26,15,11,967.2
24290007399000,20,10,10,736
24290007402000,4,2,2,0
24290007412000,32,17,15,1481.6
24290007413000,20,11,9,974
24290007414000,1,0,1,0
24290007553000,18,9,9,948.6
24290007555000,7,2,5,315
24290007558000,7,2,5,235.9
24290007559000,17,8,9,1152.6
24300007150000,17,10,7,720.8
24300007156000,4,2,2,0
24300007169000,7,4,3,238
24300007304000,4,3,1,0
24300007305000,26,12,14,998.4
24300007307000,6,2,4,259.2
24300007322000,2,1,1,0
24300007323000,15,5,10,319.5
24300007324000,4,2,2,0
24300007328000,17,11,6,746.3
24300007329000,10,7,3,572
24300007330000,10,6,4,486
24300007341000,1,0,1,0
24300007342000,2,1,1,0
24300007353000,1,1,0,0
24300007354000,6,3,3,262.2
24300007357000,1,1,0,0
24300007359000,21,10,11,1197
24300007397000,25,14,11,1022.5
24300007398000,102,51,51,3947.4
24300007399000,5,3,2,155
24300007401000,2,2,0,0
24300007407000,7,3,4,455
24300007408000,2,1,1,0
24300007409000,20,10,10,760
24300007411000,11,7,4,330
24300007412000,51,27,24,1779.9
24300007413000,16,8,8,660.8
24300007414000,3,2,1,0
24300007547000,11,4,7,601.7
24300007552000,8,3,5,262.4
24300007553000,4,3,1,0
24300007555000,8,4,4,376
24300007557000,2,1,1,0
24300007559000,55,29,26,1705
24310007121000,11,5,6,518.1
24310007134000,2,1,1,0
24310007149000,20,12,8,1124
24310007194000,5,1,4,236
24310007195000,1,0,1,0
24310007196000,158,75,83,6620.2
24310007197000,65,29,36,2593.5
24310007205000,6,3,3,253.2
24310007245000,2,1,1,0
24310007267000,3,2,1,0
24310007303000,4,2,2,0
24310007305000,5,2,3,160
24310007324000,7,4,3,224.7
24310007331000,2,2,0,0
24310007341000,2,1,1,0
24310007354000,6,2,4,310.8
24310007356000,8,3,5,260
24310007359000,2,2,0,0
24310007390000,2,1,1,0
24310007396000,1,1,0,0
24310007397000,45,20,25,1791
24310007401000,22,11,11,1100
24310007402000,1,1,0,0
24310007407000,2,1,1,0
24310007408000,23,8,15,809.6
24310007409000,88,44,44,3423.2
24310007412000,3,1,2,0
24310007423000,10,3,7,469
24310007424000,7,4,3,513.1
24310007547000,10,4,6,504
24310007552000,2,2,0,0
24310007556000,27,15,12,1509.3
24310007557000,16,8,8,832
24310007561000,2,1,1,0
24310007562000,1,1,0,0
24320007121000,11,4,7,493.9
24320007134000,4,2,2,0
24320007148000,44,22,22,2261.6
24320007149000,194,85,109,9079.2
24320007155000,3,2,1,0
24320007176000,2,1,1,0
24320007196000,29,12,17,1412.3
24320007199000,3,2,1,0
24320007243000,4,2,2,0
24320007246000,1,0,1,0
24320007266000,1,0,1,0
24320007267000,22,13,9,1034
24320007303000,1,1,0,0
24320007323000,3,2,1,0
24320007324000,4,2,2,0
24320007325000,7,2,5,252
24320007354000,47,23,24,1663.8
24320007356000,8,3,5,439.2
24320007396000,2,1,1,0
24320007397000,23,12,11,1108.6
24320007399000,2,1,1,0
24320007400000,36,20,16,2199.6
24320007401000,14,9,5,673.4
24320007405000,1,0,1,0
24320007407000,2,1,1,0
24320007413000,3,2,1,0
24320007422000,3,1,2,0
24320007423000,5,3,2,316
24320007424000,1,0,1,0
24320007557000,1,0,1,0
24320007558000,15,9,6,460.5
24320007561000,12,7,5,771.6
24330007120000,1,0,1,0
24330007139000,1,1,0,0
24330007146000,4,2,2,0
24330007147000,13,8,5,591.5
24330007155000,7,4,3,198.1
24330007169000,3,1,2,0
24330007192000,3,2,1,0
24330007202000,1,1,0,0
24330007206000,1,1,0,0
24330007207000,27,14,13,1058.4
24330007243000,5,2,3,137
24330007267000,8,3,5,246.4
24330007325000,11,6,5,763.4
24330007349000,3,1,2,0
24330007353000,17,9,8,846.6
24330007354000,15,7,8,457.5
24330007356000,11,5,6,508.2
24330007400000,6,4,2,327
24330007403000,8,3,5,344.8
24330007408000,6,4,2,160.8
24330007409000,3,1,2,0
24330007412000,1,0,1,0
24330007413000,4,2,2,0
24330007558000,48,23,25,1867.2
24340007120000,8,4,4,292
24340007129000,22,9,13,818.4
24340007130000,25,15,10,1077.5
24340007141000,2,1,1,0
24340007146000,17,7,10,671.5
24340007147000,1,1,0,0
24340007155000,11,5,6,460.9
24340007170000,1,1,0,0
24340007186000,4,3,1,0
24340007189000,7,5,2,293.3
24340007190000,5,2,3,233
24340007250000,2,1,1,0
24340007266000,5,2,3,134
24340007267000,2,1,1,0
24340007299000,5,3,2,243
24340007326000,5,2,3,250
24340007327000,5,3,2,369
24340007329000,7,3,4,261.8
24340007330000,10,4,6,586
24340007331000,10,5,5,384
24340007332000,40,18,22,2092
24340007350000,6,3,3,393
24340007353000,48,26,22,1982.4
24340007354000,5,3,2,273
24340007355000,6,2,4,244.2
24340007402000,1,0,1,0
24340007403000,48,21,27,2140.8
24340007408000,62,33,29,2585.4
24340007409000,49,21,28,2337.3
24340007410000,40,20,20,1772
24340007412000,1,0,1,0
24340007413000,2,1,1,0
24340007558000,81,42,39,3871.8
24340007560000,4,2,2,0
24340007561000,11,8,3,363
24350007128000,5,4,1,184
24350007129000,5,4,1,143
24350007141000,9,5,4,388.8
24350007143000,1,1,0,0
24350007147000,18,8,10,750.6
24350007173000,8,3,5,290.4
24350007174000,5,3,2,126
24350007185000,20,11,9,902
24350007186000,7,3,4,352.1
24350007248000,1,1,0,0
24350007251000,2,1,1,0
24350007260000,6,4,2,211.2
24350007266000,1,1,0,0
24350007324000,2,1,1,0
24350007326000,6,2,4,178.8
24350007327000,6,4,2,226.2
24350007333000,1,1,0,0
24350007344000,2,1,1,0
24350007351000,6,2,4,313.8
24350007352000,14,6,8,543.2
24350007353000,95,46,49,3762
24350007354000,26,16,10,941.2
24350007355000,11,8,3,401.5
24350007395000,11,3,8,433.4
24350007403000,19,10,9,923.4
24350007406000,15,9,6,658.5
24350007407000,189,88,101,7692.3
24350007408000,20,9,11,898
24350007409000,24,12,12,1096.8
24350007410000,24,11,13,1104
24350007425000,6,2,4,208.2
24350007558000,127,64,63,5397.5
24350007559000,23,11,12,1039.6
24360007127000,2,1,1,0
24360007147000,11,7,4,503.8
24360007154000,3,1,2,0
24360007155000,14,10,4,589.4
24360007169000,2,1,1,0
24360007170000,12,7,5,471.6
24360007172000,6,2,4,216
24360007260000,2,1,1,0
24360007261000,12,7,5,537.6
24360007266000,2,2,0,0
24360007322000,9,6,3,397.8
24360007324000,1,1,0,0
24360007326000,3,2,1,0
24360007334000,3,1,2,0
24360007335000,7,6,1,405.3
24360007346000,1,1,0,0
24360007349000,1,1,0,0
24360007350000,1,1,0,0
24360007352000,2,1,1,0
24360007353000,153,81,72,6456.6
24360007354000,10,3,7,276
24360007392000,5,3,2,198
24360007393000,4,2,2,0
24360007401000,4,3,1,0
24360007402000,79,45,34,3286.4
24360007403000,199,96,103,8059.5
24360007404000,56,31,25,2301.6
24360007406000,39,21,18,1493.7
24360007407000,12,7,5,495.6
24360007410000,3,2,1,0
24360007413000,13,8,5,546
24360007421000,3,3,0,0
24360007424000,17,9,8,812.6
24360007425000,1,1,0,0
24360007553000,3,2,1,0
24360007555000,32,21,11,1497.6
24360007556000,11,6,5,470.8
24360007557000,5,3,2,126
24370007117000,10,6,4,348
24370007124000,6,2,4,267
24370007126000,38,24,14,1421.2
24370007147000,5,2,3,133
24370007154000,5,3,2,201
24370007155000,11,5,6,529.1
24370007156000,7,3,4,324.8
24370007167000,1,0,1,0
24370007168000,5,3,2,269
24370007169000,21,11,10,1146.6
24370007184000,5,2,3,227
24370007196000,12,6,6,813.6
24370007197000,2,1,1,0
24370007252000,3,2,1,0
24370007254000,1,1,0,0
24370007255000,4,3,1,0
24370007256000,25,13,12,602.5
24370007257000,1,0,1,0
24370007261000,2,1,1,0
24370007262000,6,5,1,345
24370007274000,2,1,1,0
24370007325000,6,3,3,258
24370007345000,539,283,256,24416.7
24370007353000,15,9,6,519
24370007393000,2,2,0,0
24370007401000,1,1,0,0
24370007402000,30,16,14,1194
24370007403000,154,71,83,5574.8
24370007404000,10,3,7,449
24370007406000,37,19,18,1380.1
24370007410000,5,2,3,372
24370007421000,19,9,10,885.4
24370007424000,2,1,1,0
24370007425000,1,1,0,0
24370007555000,1,1,0,0
24370007556000,9,4,5,447.3
24370007557000,38,21,17,1637.8
24370007558000,16,7,9,620.8
24370007563000,2,1,1,0
24380007117000,5,3,2,110
24380007118000,1,1,0,0
24380007125000,12,6,6,604.8
24380007126000,2,2,0,0
24380007147000,18,9,9,844.2
24380007169000,2,1,1,0
24380007196000,3,1,2,0
24380007253000,2,1,1,0
24380007255000,3,2,1,0
24380007257000,4,2,2,0
24380007258000,3,2,1,0
24380007260000,5,3,2,242
24380007261000,4,2,2,0
24380007269000,1,1,0,0
24380007343000,12,7,5,517.2
24380007345000,596,292,304,25508.8
24380007346000,124,63,61,4935.2
24380007352000,11,4,7,408.1
24380007353000,7,4,3,224.7
24380007400000,2,1,1,0
24380007403000,5,3,2,273
24380007404000,6,3,3,190.8
24380007406000,4,3,1,0
24380007410000,29,12,17,1638.5
24380007421000,12,5,7,606
24380007422000,73,35,38,2598.8
24380007550000,3,2,1,0
24380007551000,60,27,33,2406
24380007552000,70,36,34,2506
24380007553000,5,3,2,166
24380007556000,90,40,50,3906
24380007557000,185,81,104,6530.5
24380007558000,41,19,22,1828.6
24380007559000,21,10,11,594.3
24380007560000,9,4,5,266.4
24380007562000,6,3,3,289.8
24380007566000,1,0,1,0
24380007567000,18,8,10,792
24390007117000,2,2,0,0
24390007124000,3,1,2,0
24390007125000,37,18,19,1620.6
24390007154000,2,2,0,0
24390007174000,1,0,1,0
24390007176000,3,1,2,0
24390007181000,1,1,0,0
24390007195000,3,2,1,0
24390007257000,1,1,0,0
24390007261000,1,1,0,0
24390007266000,5,2,3,155
24390007267000,1,1,0,0
24390007268000,3,2,1,0
24390007343000,31,18,13,1091.2
24390007344000,9,5,4,599.4
24390007345000,16,7,9,915.2
24390007346000,7,4,3,401.8
24390007353000,13,7,6,621.4
24390007403000,10,3,7,371
24390007404000,1,1,0,0
24390007406000,6,2,4,291
24390007410000,3,3,0,0
24390007419000,2,1,1,0
24390007421000,49,22,27,1915.9
24390007422000,94,51,43,3525
24390007423000,45,22,23,1998
24390007424000,6,4,2,301.8
24390007551000,383,195,188,15166.8
24390007552000,329,176,153,13127.1
24390007553000,112,63,49,3516.8
24390007554000,89,50,39,3453.2
24390007555000,76,42,34,3275.6
24390007556000,518,276,242,19839.4
24390007557000,574,279,295,22041.6
24390007558000,102,58,44,4692
24390007559000,55,21,34,1980
24390007560000,48,25,23,1593.6
24390007561000,12,5,7,663.6
24390007563000,5,2,3,276
24390007565000,15,9,6,565.5
24400007124000,47,28,19,2110.3
24400007154000,18,8,10,484.2
24400007176000,6,4,2,208.8
24400007195000,8,5,3,386.4
24400007264000,1,0,1,0
24400007267000,1,0,1,0
24400007269000,4,1,3,0
24400007340000,1,1,0,0
24400007341000,4,1,3,0
24400007346000,4,3,1,0
24400007347000,3,2,1,0
24400007353000,17,9,8,719.1
24400007378000,2,1,1,0
24400007404000,3,2,1,0
24400007405000,5,3,2,167
24400007406000,11,5,6,411.4
24400007416000,1,0,1,0
24400007418000,1,1,0,0
24400007419000,3,2,1,0
24400007420000,10,6,4,658
24400007421000,122,53,69,5233.8
24400007422000,86,42,44,3371.2
24400007423000,2,1,1,0
24400007552000,1,1,0,0
24400007553000,3,1,2,0
24400007554000,7,5,2,161.7
24400007555000,31,17,14,1413.6
24400007556000,217,105,112,9048.9
24400007558000,33,18,15,1778.7
24400007559000,4,3,1,0
24400007562000,9,3,6,389.7
24400007563000,3,1,2,0
24410007123000,7,4,3,273.7
24410007154000,3,1,2,0
24410007195000,2,1,1,0
24410007340000,1,1,0,0
24410007346000,3,2,1,0
24410007347000,10,3,7,395
24410007353000,8,3,5,376.8
24410007378000,3,3,0,0
24410007404000,8,5,3,324.8
24410007405000,11,7,4,587.4
24410007406000,15,8,7,958.5
24410007414000,2,2,0,0
24410007415000,4,2,2,0
24410007418000,20,10,10,916
24410007419000,5,2,3,296
24410007421000,25,14,11,810
24410007422000,20,11,9,1026
24410007558000,235,102,133,7449.5
24410007559000,614,273,341,26586.2
24410007560000,21,8,13,1005.9
24410007561000,35,17,18,1085
24410007563000,9,5,4,282.6
24410007564000,34,14,20,1621.8
24410007565000,9,5,4,234
24410007570000,5,3,2,141
24410007573000,15,8,7,916.5
24420007122000,20,11,9,920
24420007123000,4,3,1,0
24420007146000,2,1,1,0
24420007154000,4,3,1,0
24420007272000,2,1,1,0
24420007306000,2,1,1,0
24420007340000,4,2,2,0
24420007341000,3,2,1,0
24420007349000,3,2,1,0
24420007351000,4,2,2,0
24420007353000,29,16,13,1078.8
24420007401000,6,3,3,286.8
24420007404000,5,2,3,288
24420007410000,1,1,0,0
24420007415000,7,5,2,287.7
24420007416000,2,1,1,0
24420007417000,6,3,3,189
24420007418000,101,43,58,4171.3
24420007421000,16,8,8,598.4
24420007422000,21,14,7,1113
24420007425000,2,1,1,0
24420007426000,2,2,0,0
24420007558000,85,48,37,3238.5
24420007559000,719,354,365,30917
24420007560000,604,302,302,22770.8
24420007561000,24,13,11,1231.2
24420007562000,17,10,7,918
24420007563000,13,8,5,549.9
24420007564000,17,11,6,618.8
24420007565000,1,0,1,0
24420007570000,1,1,0,0
24420007571000,9,5,4,422.1
24430007116000,10,4,6,486
24430007117000,8,4,4,531.2
24430007118000,5,4,1,246
24430007119000,3,2,1,0
24430007120000,11,5,6,319
24430007121000,9,5,4,422.1
24430007122000,103,46,57,4459.9
24430007148000,2,1,1,0
24430007154000,19,9,10,621.3
24430007196000,1,1,0,0
24430007308000,4,2,2,0
24430007309000,5,4,1,349
24430007339000,2,1,1,0
24430007341000,7,5,2,361.2
24430007349000,11,5,6,456.5
24430007351000,15,6,9,666
24430007352000,26,12,14,920.4
24430007353000,14,9,5,575.4
24430007399000,2,1,1,0
24430007404000,1,1,0,0
24430007410000,2,1,1,0
24430007414000,67,36,31,3075.3
24430007415000,252,129,123,10735.2
24430007416000,134,70,64,6284.6
24430007417000,444,219,225,21400.8
24430007418000,466,235,231,19432.2
24430007421000,6,2,4,154.2
24430007422000,13,7,6,492.7
24430007425000,25,14,11,985
24430007552000,14,3,11,568.4
24430007553000,11,7,4,386.1
24430007554000,14,7,7,460.6
24430007555000,35,19,16,1897
24430007556000,28,13,15,1061.2
24430007557000,84,44,40,3578.4
24430007558000,31,20,11,1109.8
24430007559000,608,308,300,24320
24430007560000,477,217,260,17458.2
24430007561000,296,164,132,10626.4
24430007562000,74,34,40,2863.8
24430007563000,35,19,16,1372
24430007564000,22,11,11,906.4
24430007566000,7,4,3,123.2
24430007570000,57,28,29,1875.3
24430007571000,31,19,12,1119.1
24440007116000,62,32,30,2790
24440007195000,4,2,2,0
24440007283000,5,3,2,248
24440007306000,13,7,6,604.5
24440007317000,2,1,1,0
24440007326000,5,2,3,263
24440007339000,5,1,4,135
24440007341000,22,11,11,798.6
24440007349000,2,1,1,0
24440007351000,2,1,1,0
24440007353000,21,10,11,1188.6
24440007404000,27,15,12,1090.8
24440007414000,152,84,68,6444.8
24440007415000,85,47,38,3238.5
24440007416000,181,92,89,7366.7
24440007417000,7,3,4,448
24440007418000,19,10,9,746.7
24440007421000,2,2,0,0
24440007422000,13,8,5,604.5
24440007425000,37,16,21,1827.8
24440007426000,4,2,2,0
24440007428000,4,1,3,0
24440007554000,13,6,7,725.4
24440007555000,36,19,17,1357.2
24440007556000,41,21,20,1553.9
24440007558000,69,39,30,2421.9
24440007559000,50,21,29,1715
24440007560000,38,22,16,1698.6
24440007561000,19,12,7,623.2
24440007564000,107,55,52,3702.2
24440007565000,36,20,16,1220.4
24440007566000,30,12,18,1245
24440007567000,5,2,3,125
24440007570000,55,25,30,1963.5
24440007571000,13,7,6,599.3
24450007111000,4,2,2,0
24450007112000,2,1,1,0
24450007115000,31,18,13,1367.1
24450007116000,3,1,2,0
24450007195000,7,4,3,457.1
24450007274000,8,4,4,440
24450007283000,3,2,1,0
24450007284000,5,3,2,280
24450007307000,1,1,0,0
24450007308000,32,18,14,1302.4
24450007309000,30,16,14,1398
24450007310000,58,32,26,2633.2
24450007311000,5,3,2,192
24450007312000,1,1,0,0
24450007313000,1,1,0,0
24450007314000,2,1,1,0
24450007325000,2,2,0,0
24450007326000,71,39,32,1952.5
24450007327000,11,6,5,589.6
24450007328000,161,82,79,7116.2
24450007329000,88,47,41,4021.6
24450007330000,25,10,15,875
24450007331000,7,4,3,429.8
24450007332000,20,9,11,696
24450007333000,8,4,4,296
24450007334000,16,12,4,784
24450007335000,10,6,4,371
24450007336000,10,7,3,458
24450007337000,7,3,4,445.2
24450007338000,8,6,2,364
24450007340000,35,14,21,1529.5
24450007341000,298,157,141,11443.2
24450007342000,54,30,24,2127.6
24450007344000,4,3,1,0
24450007350000,3,1,2,0
24450007352000,11,5,6,529.1
24450007353000,11,6,5,438.9
24450007402000,2,1,1,0
24450007404000,18,11,7,775.8
24450007405000,5,3,2,215
24450007408000,1,0,1,0
24450007413000,130,57,73,5382
24450007414000,157,84,73,6170.1
24450007415000,13,5,8,617.5
24450007416000,45,25,20,1710
24450007417000,2,2,0,0
24450007422000,5,2,3,228
24450007425000,4,1,3,0
24450007426000,31,16,15,1503.5
24450007465000,14,7,7,660.8
24450007555000,19,10,9,910.1
24450007556000,2,1,1,0
24450007560000,13,8,5,546
24450007561000,3,2,1,0
24450007564000,1,0,1,0
24450007565000,53,26,27,1807.3
24450007566000,63,35,28,2337.3
24450007567000,26,16,10,1190.8
24450007568000,6,4,2,142.8
24450007570000,66,33,33,2257.2
24450007571000,26,15,11,819
24450007577000,64,33,31,2700.8
24460007111000,2,1,1,0
24460007150000,4,3,1,0
24460007273000,10,5,5,479
24460007274000,6,3,3,97.2
24460007309000,3,1,2,0
24460007310000,56,28,28,2833.6
24460007311000,8,4,4,491.2
24460007324000,3,1,2,0
24460007325000,5,3,2,331
24460007326000,4,2,2,0
24460007327000,6,4,2,453
24460007328000,213,110,103,8583.9
24460007329000,221,100,121,11116.3
24460007330000,14,9,5,516.6
24460007331000,18,8,10,687.6
24460007333000,5,3,2,328
24460007334000,9,5,4,360
24460007335000,32,15,17,1548.8
24460007336000,20,11,9,918
24460007340000,16,8,8,622.4
24460007341000,6,5,1,121.8
24460007343000,2,1,1,0
24460007344000,1,1,0,0
24460007351000,4,2,2,0
24460007352000,8,4,4,346.4
24460007353000,5,3,2,212
24460007401000,2,1,1,0
24460007402000,7,4,3,382.2
24460007404000,4,2,2,0
24460007413000,157,80,77,6860.9
24460007414000,2,1,1,0
24460007417000,6,3,3,187.8
24460007449000,1,1,0,0
24460007451000,2,1,1,0
24460007553000,5,3,2,249
24460007554000,6,4,2,270
24460007555000,54,25,29,2392.2
24460007556000,45,20,25,2088
24460007566000,24,11,13,849.6
24460007567000,23,11,12,931.5
24460007570000,42,19,23,1554
24460007571000,43,21,22,1560.9
24460007576000,10,6,4,335
24460007577000,14,8,6,651
24470007109000,5,2,3,83
24470007152000,5,3,2,271
24470007196000,2,1,1,0
24470007273000,1,0,1,0
24470007274000,2,1,1,0
24470007285000,9,5,4,224.1
24470007307000,2,1,1,0
24470007308000,4,2,2,0
24470007309000,5,4,1,243
24470007310000,4,2,2,0
24470007311000,2,1,1,0
24470007316000,1,1,0,0
24470007320000,4,2,2,0
24470007321000,4,3,1,0
24470007322000,7,5,2,247.8
24470007323000,51,27,24,2162.4
24470007324000,9,5,4,448.2
24470007325000,8,5,3,279.2
24470007327000,19,11,8,562.4
24470007328000,10,4,6,403
24470007329000,196,96,100,9741.2
24470007330000,44,19,25,1984.4
24470007331000,14,7,7,665
24470007333000,4,1,3,0
24470007335000,26,13,13,1058.2
24470007336000,361,186,175,12923.8
24470007337000,127,61,66,5791.2
24470007338000,28,14,14,921.2
24470007344000,5,3,2,278
24470007351000,11,5,6,463.1
24470007353000,3,1,2,0
24470007401000,13,7,6,517.4
24470007402000,7,3,4,228.9
24470007411000,60,31,29,2442
24470007417000,3,1,2,0
24470007427000,8,2,6,428.8
24470007428000,16,8,8,752
24470007450000,7,5,2,455
24470007554000,18,7,11,504
24470007555000,12,6,6,409.2
24470007556000,1,0,1,0
24470007558000,6,3,3,262.2
24470007559000,9,4,5,486
24470007560000,36,19,17,1404
24470007566000,19,10,9,1031.7
24470007567000,42,18,24,1575
24470007568000,69,39,30,3077.4
24470007569000,50,30,20,1845
24470007573000,13,6,7,635.7
24470007574000,10,3,7,474
24470007575000,6,2,4,289.2
24480007108000,1,0,1,0
24480007152000,3,2,1,0
24480007283000,5,2,3,155
24480007286000,5,3,2,217
24480007302000,2,1,1,0
24480007307000,3,2,1,0
24480007308000,2,1,1,0
24480007310000,4,2,2,0
24480007311000,59,33,26,2725.8
24480007312000,3,2,1,0
24480007313000,1,0,1,0
24480007322000,17,11,6,856.8
24480007323000,10,5,5,478
24480007329000,51,27,24,1841.1
24480007330000,2,1,1,0
24480007336000,20,11,9,448
24480007337000,21,8,13,1037.4
24480007338000,11,7,4,465.3
24480007344000,4,2,2,0
24480007345000,6,2,4,232.2
24480007401000,3,1,2,0
24480007427000,35,19,16,1410.5
24480007558000,13,6,7,523.9
24480007559000,28,17,11,1464.4
24480007560000,44,24,20,2024
24480007561000,14,8,6,530.6
24480007569000,50,23,27,2265
24480007570000,146,78,68,6467.8
24480007571000,43,22,21,1892
24490007110000,3,2,1,0
24490007113000,1,0,1,0
24490007275000,9,6,3,359.1
24490007276000,5,3,2,119
24490007277000,4,2,2,0
24490007278000,4,3,1,0
24490007301000,2,2,0,0
24490007313000,4,2,2,0
24490007321000,10,4,6,368
24490007322000,1,1,0,0
24490007329000,32,19,13,1123.2
24490007337000,6,2,4,189
24490007346000,4,2,2,0
24490007368000,3,3,0,0
24490007371000,3,2,1,0
24490007372000,2,1,1,0
24490007402000,4,2,2,0
24490007417000,1,1,0,0
24490007556000,30,17,13,1743
24490007557000,10,5,5,547
24490007558000,4,1,3,0
24490007559000,2,1,1,0
24490007560000,53,34,19,2077.6
24490007561000,25,11,14,805
24490007569000,10,7,3,362
24490007570000,9,4,5,403.2
24490007571000,87,38,49,3419.1
24490007572000,67,31,36,2378.5
24490007574000,3,1,2,0
24490007575000,1,1,0,0
24500007109000,22,14,8,638
24500007277000,2,1,1,0
24500007278000,8,5,3,208.8
24500007288000,1,0,1,0
24500007294000,1,1,0,0
24500007306000,6,5,1,262.8
24500007307000,4,2,2,0
24500007321000,11,7,4,530.2
24500007328000,5,3,2,73
24500007329000,2,1,1,0
24500007337000,2,0,2,0
24500007346000,20,12,8,774
24500007350000,12,6,6,562.8
24500007367000,1,1,0,0
24500007370000,5,3,2,178
24500007402000,1,1,0,0
24500007560000,3,2,1,0
24500007561000,11,5,6,535.7
24500007569000,5,5,0,263
24500007572000,10,4,6,324
24500007573000,17,6,11,799
24500007575000,3,1,2,0
24510007108000,6,4,2,376.8
24510007196000,4,2,2,0
24510007255000,4,3,1,0
24510007275000,3,2,1,0
24510007276000,4,2,2,0
24510007278000,2,1,1,0
24510007288000,15,8,7,600
24510007289000,3,3,0,0
24510007305000,4,2,2,0
24510007321000,4,4,0,0
24510007328000,14,7,7,446.6
24510007337000,12,5,7,466.8
24510007346000,2,1,1,0
24510007353000,9,5,4,410.4
24510007368000,1,1,0,0
24510007401000,1,0,1,0
24510007402000,2,1,1,0
24510007556000,21,11,10,947.1
24510007557000,165,84,81,6468
24510007558000,523,249,274,22018.3
24510007559000,112,54,58,4491.2
24510007560000,11,4,7,488.4
24510007562000,2,2,0,0
24510007564000,1,1,0,0
24510007565000,3,1,2,0
24510007571000,4,1,3,0
24510007572000,45,25,20,2326.5
24510007573000,1,1,0,0
24520007104000,3,2,1,0
24520007108000,2,1,1,0
24520007114000,14,8,6,540.4
24520007253000,17,10,7,773.5
24520007254000,20,11,9,818
24520007255000,6,3,3,181.2
24520007256000,2,1,1,0
24520007275000,3,1,2,0
24520007297000,6,4,2,304.8
24520007306000,5,5,0,120
24520007327000,2,1,1,0
24520007328000,4,2,2,0
24520007337000,4,2,2,0
24520007338000,7,4,3,368.9
24520007346000,4,2,2,0
24520007354000,30,16,14,1410
24520007368000,1,0,1,0
24520007402000,1,1,0,0
24520007432000,1,0,1,0
24520007476000,73,37,36,2941.9
24520007477000,4,3,1,0
24520007478000,3,2,1,0
24520007556000,5,2,3,198
24520007557000,227,112,115,9624.8
24520007558000,78,40,38,3650.4
24520007559000,34,17,17,1547
24520007560000,24,14,10,1154.4
24520007563000,2,2,0,0
24520007564000,4,3,1,0
24520007569000,15,6,9,826.5
24520007570000,6,3,3,292.2
24520007571000,35,17,18,1543.5
24520007572000,3,2,1,0
24520007574000,1,1,0,0
24520007577000,4,2,2,0
24530007108000,3,2,1,0
24530007114000,1,1,0,0
24530007115000,3,1,2,0
24530007151000,7,5,2,296.8
24530007251000,8,3,5,432
24530007252000,4,2,2,0
24530007253000,21,11,10,842.1
24530007254000,1,1,0,0
24530007256000,1,0,1,0
24530007257000,7,5,2,322.7
24530007267000,3,2,1,0
24530007273000,3,1,2,0
24530007274000,11,7,4,364.1
24530007275000,245,115,130,12005
24530007276000,8,3,5,420
24530007306000,19,10,9,752.4
24530007327000,7,4,3,399.7
24530007328000,3,2,1,0
24530007338000,17,10,7,717.4
24530007347000,20,12,8,1024
24530007348000,23,13,10,784.3
24530007349000,125,68,57,5762.5
24530007350000,1,0,1,0
24530007354000,68,38,30,2774.4
24530007356000,5,3,2,245
24530007357000,33,17,16,1432.2
24530007367000,11,6,5,498.3
24530007410000,23,13,10,1009.7
24530007411000,304,145,159,12950.4
24530007432000,1,1,0,0
24530007477000,1,1,0,0
24530007564000,3,1,2,0
24530007565000,3,2,1,0
24530007566000,16,11,5,648
24530007569000,3,2,1,0
24530007575000,7,3,4,455
24530007576000,5,4,1,265
24530007577000,31,13,18,1199.7
24530007578000,22,10,12,1243
24530007580000,3,2,1,0
24540007114000,9,7,2,363.6
24540007250000,5,3,2,177
24540007251000,6,3,3,310.2
24540007252000,1,1,0,0
24540007259000,3,0,3,0
24540007260000,5,3,2,318
24540007261000,5,3,2,249
24540007263000,3,2,1,0
24540007264000,7,3,4,329
24540007265000,5,3,2,211
24540007266000,1,0,1,0
24540007268000,5,3,2,277
24540007272000,6,4,2,244.8
24540007273000,13,6,7,755.3
24540007274000,236,121,115,10336.8
24540007275000,85,39,46,4224.5
24540007276000,5,4,1,158
24540007277000,3,2,1,0
24540007298000,1,0,1,0
24540007306000,5,2,3,344
24540007307000,8,7,1,336
24540007327000,6,2,4,262.8
24540007347000,82,41,41,2886.4
24540007348000,176,88,88,7620.8
24540007349000,1,0,1,0
24540007350000,36,15,21,1382.4
24540007354000,16,9,7,740.8
24540007355000,35,19,16,1515.5
24540007357000,25,12,13,785
24540007410000,201,108,93,7416.9
24540007411000,462,237,225,16308.6
24540007427000,18,10,8,754.2
24540007432000,3,2,1,0
24540007446000,27,15,12,1152.9
24540007479000,2,1,1,0
24540007565000,8,3,5,275.2
24540007566000,6,4,2,420
24540007570000,15,6,9,406.5
24540007574000,7,3,4,324.1
24540007575000,7,3,4,389.9
24540007577000,1,1,0,0
24540007578000,3,1,2,0
24550007112000,4,2,2,0
24550007249000,5,3,2,147
24550007251000,1,0,1,0
24550007258000,7,3,4,408.1
24550007262000,2,1,1,0
24550007263000,6,4,2,244.2
24550007267000,11,4,7,502.7
24550007274000,2,1,1,0
24550007275000,12,7,5,418.8
24550007276000,11,7,4,470.8
24550007277000,26,11,15,977.6
24550007278000,1,1,0,0
24550007279000,4,1,3,0
24550007306000,8,3,5,139.2
24550007326000,7,4,3,445.9
24550007347000,55,29,26,1738
24550007348000,14,8,6,562.8
24550007350000,6,3,3,322.8
24550007354000,95,58,37,3334.5
24550007355000,32,15,17,1100.8
24550007359000,7,3,4,387.1
24550007363000,13,8,5,336.7
24550007365000,2,0,2,0
24550007410000,89,49,40,3435.4
24550007411000,18,9,9,786.6
24550007427000,19,13,6,706.8
24550007428000,12,7,5,531.6
24550007429000,16,9,7,942.4
24550007432000,11,5,6,498.3
24550007446000,49,25,24,2205
24550007447000,121,62,59,4924.7
24550007448000,18,8,10,543.6
24550007449000,2,2,0,0
24550007564000,10,7,3,731
24550007565000,1,1,0,0
24550007569000,4,2,2,0
24550007572000,10,5,5,446
24550007573000,10,5,5,534
24550007574000,16,10,6,635.2
24550007576000,2,1,1,0
24550007578000,2,1,1,0
24550007579000,6,5,1,144
24550007581000,3,2,1,0
24560007114000,2,1,1,0
24560007249000,6,4,2,319.8
24560007259000,3,2,1,0
24560007267000,4,2,2,0
24560007274000,24,13,11,1116
24560007275000,2,1,1,0
24560007277000,3,2,1,0
24560007280000,1,1,0,0
24560007325000,6,3,3,202.2
24560007326000,4,2,2,0
24560007346000,10,6,4,459
24560007347000,81,41,40,3118.5
24560007350000,1,1,0,0
24560007351000,37,21,16,1628
24560007354000,129,70,59,4489.2
24560007355000,10,7,3,317
24560007362000,1,0,1,0
24560007363000,6,3,3,282
24560007428000,1,1,0,0
24560007429000,4,3,1,0
24560007448000,27,17,10,1063.8
24560007449000,7,4,3,490.7
24560007462000,2,1,1,0
24560007463000,2,2,0,0
24560007478000,2,1,1,0
24560007480000,10,7,3,391
24560007564000,13,7,6,634.4
24560007565000,23,11,12,1255.8
24560007572000,2,1,1,0
24560007573000,23,14,9,1391.5
24570007249000,3,2,1,0
24570007267000,2,1,1,0
24570007274000,7,3,4,382.9
24570007276000,16,11,5,515.2
24570007277000,7,5,2,287
24570007279000,6,3,3,246
24570007281000,7,5,2,254.8
24570007290000,3,2,1,0
24570007292000,6,1,5,220.8
24570007307000,5,3,2,276
24570007325000,10,5,5,357
24570007335000,2,1,1,0
24570007346000,6,4,2,280.8
24570007347000,42,22,20,1822.8
24570007351000,315,165,150,12033
24570007352000,411,192,219,16686.6
24570007355000,59,29,30,2436.7
24570007359000,8,4,4,214.4
24570007368000,4,3,1,0
24570007434000,132,66,66,6283.2
24570007435000,340,164,176,13532
24570007436000,11,6,5,393.8
24570007442000,2,1,1,0
24570007443000,28,18,10,1372
24570007449000,10,7,3,310
24570007462000,1,1,0,0
24570007564000,3,1,2,0
24570007565000,4,2,2,0
24570007573000,10,5,5,492
24570007574000,5,2,3,164
24570007581000,14,6,8,768.6
24580007249000,10,4,6,401
24580007258000,8,5,3,336
24580007276000,16,10,6,622.4
24580007279000,1,1,0,0
24580007281000,4,3,1,0
24580007307000,1,1,0,0
24580007325000,13,7,6,527.8
24580007339000,7,2,5,198.8
24580007347000,14,7,7,663.6
24580007351000,47,26,21,1099.8
24580007352000,1011,518,493,38316.9
24580007355000,1,0,1,0
24580007356000,59,35,24,2430.8
24580007359000,4,1,3,0
24580007362000,4,2,2,0
24580007430000,2,1,1,0
24580007433000,11,4,7,376.2
24580007435000,106,51,55,4579.2
24580007436000,102,53,49,4314.6
24580007437000,1,1,0,0
24580007438000,6,3,3,346.8
24580007439000,20,8,12,1032
24580007440000,23,9,14,906.2
24580007442000,10,5,5,706
24580007443000,5,4,1,181
24580007444000,22,10,12,1144
24580007445000,2,1,1,0
24580007446000,3,2,1,0
24580007564000,3,2,1,0
24580007565000,8,6,2,415.2
24580007571000,4,2,2,0
24580007572000,4,2,2,0
24580007573000,1,1,0,0
24580007574000,13,4,9,686.4
24580007575000,10,5,5,364
24580007576000,5,2,3,193
24580007579000,4,2,2,0
24580007580000,3,2,1,0
24580007581000,1,1,0,0
24590007249000,8,4,4,346.4
24590007258000,2,1,1,0
24590007267000,1,1,0,0
24590007269000,2,1,1,0
24590007274000,2,1,1,0
24590007279000,2,2,0,0
24590007281000,6,4,2,267
24590007282000,4,2,2,0
24590007306000,1,1,0,0
24590007308000,3,2,1,0
24590007347000,1,1,0,0
24590007351000,14,6,8,439.6
24590007352000,344,179,165,12865.6
24590007356000,68,33,35,2992
24590007357000,1043,520,523,39738.3
24590007358000,218,100,118,7412
24590007363000,2,1,1,0
24590007430000,12,4,8,454.8
24590007431000,3,1,2,0
24590007439000,5,3,2,294
24590007440000,3,2,1,0
24590007445000,29,15,14,1348.5
24590007446000,33,20,13,1597.2
24590007571000,5,3,2,292
24590007572000,2,1,1,0
24590007574000,1,0,1,0
24590007577000,12,6,6,571.2
24590007578000,9,4,5,410.4
24600007249000,8,5,3,250.4
24600007268000,4,3,1,0
24600007269000,1,1,0,0
24600007271000,12,6,6,368.4
24600007282000,19,10,9,704.9
24600007283000,4,2,2,0
24600007301000,2,1,1,0
24600007303000,2,1,1,0
24600007306000,4,2,2,0
24600007308000,6,3,3,469.8
24600007353000,458,245,213,18091
24600007354000,381,161,220,23317.2
24600007355000,45,20,25,2862
24600007357000,803,410,393,31076.1
24600007358000,1101,583,518,39966.3
24600007359000,100,49,51,3710
24600007360000,10,8,2,360
24600007362000,2,1,1,0
24600007446000,17,9,8,912.9
24600007447000,43,19,24,1810.3
24600007448000,24,10,14,1435.2
24600007565000,5,2,3,327
24600007566000,10,5,5,636
24600007567000,3,2,1,0
24600007572000,15,7,8,831
24600007573000,7,5,2,331.1
24610007249000,2,1,1,0
24610007255000,6,3,3,232.8
24610007256000,2,1,1,0
24610007273000,1,1,0,0
24610007284000,2,1,1,0
24610007285000,12,5,7,427.2
24610007347000,1,1,0,0
24610007350000,2,1,1,0
24610007353000,206,110,96,10876.8
24610007354000,1896,946,950,94610.4
24610007355000,1627,811,816,69310.2
24610007356000,5,2,3,200
24610007357000,274,145,129,10823
24610007358000,1279,622,657,52055.3
24610007359000,85,40,45,3434
24610007365000,3,1,2,0
24610007434000,4,1,3,0
24610007435000,2,1,1,0
24610007436000,8,4,4,544.8
24610007447000,25,13,12,907.5
24610007448000,4,3,1,0
24610007567000,10,4,6,391
24610007568000,2,2,0,0
24610007573000,19,10,9,894.9
24610007574000,13,7,6,699.4
24620007249000,7,4,3,492.1
24620007255000,2,1,1,0
24620007263000,3,1,2,0
24620007272000,6,4,2,211.8
24620007300000,8,4,4,316.8
24620007305000,1,1,0,0
24620007350000,14,8,6,477.4
24620007354000,55,30,25,2095.5
24620007355000,1794,874,920,75706.8
24620007356000,464,231,233,20323.2
24620007357000,469,236,233,18478.6
24620007358000,209,114,95,7795.7
24620007365000,2,1,1,0
24620007427000,1,1,0,0
24620007568000,5,3,2,304
24620007574000,2,1,1,0
24620007575000,1,1,0,0
24620007576000,10,8,2,221
24620007577000,5,3,2,267
24620007578000,2,1,1,0
24620007580000,2,2,0,0
24620007581000,3,2,1,0
24630007249000,2,1,1,0
24630007265000,4,2,2,0
24630007267000,2,2,0,0
24630007272000,7,4,3,368.2
24630007297000,8,2,6,294.4
24630007300000,13,6,7,318.5
24630007302000,7,3,4,249.2
24630007303000,7,3,4,448
24630007304000,1,1,0,0
24630007355000,1277,633,644,49164.5
24630007356000,1566,761,805,69530.4
24630007357000,93,50,43,4212.9
24630007428000,13,7,6,721.5
24630007445000,15,6,9,769.5
24630007569000,13,6,7,673.4
24630007570000,1,1,0,0
24630007577000,9,4,5,331.2
24630007579000,4,3,1,0
24630007580000,4,2,2,0
24630007581000,1,1,0,0
24640007249000,7,2,5,331.8
24640007267000,4,2,2,0
24640007283000,3,2,1,0
24640007297000,5,3,2,207
24640007304000,2,1,1,0
24640007354000,370,188,182,14319
24640007355000,939,474,465,37372.2
24640007356000,77,45,32,2818.2
24640007431000,1,0,1,0
24640007570000,2,1,1,0
24640007577000,1,1,0,0
24640007580000,1,1,0,0
24640007581000,1,1,0,0
24650007248000,1,1,0,0
24650007249000,10,6,4,283
24650007283000,4,3,1,0
24650007354000,280,138,142,11116
24650007355000,1442,748,694,62294.4
24650007356000,47,22,25,1997.5
24650007363000,13,7,6,494
24650007366000,6,4,2,361.8
24650007368000,1,1,0,0
24650007373000,3,2,1,0
24650007435000,2,1,1,0
24650007436000,7,3,4,380.8
24650007439000,2,1,1,0
24650007440000,15,10,5,936
24650007441000,2,1,1,0
24650007447000,8,3,5,484
24650007572000,1,1,0,0
24650007573000,2,1,1,0
24650007580000,32,17,15,1059.2
24660007353000,8,4,4,220.8
24660007354000,217,112,105,7378
24660007355000,70,36,34,2744
24660007356000,25,15,10,925
24660007361000,9,5,4,412.2
24660007363000,1,1,0,0
24660007364000,21,8,13,735
24660007365000,1,1,0,0
24660007367000,2,2,0,0
24660007368000,8,4,4,383.2
24660007370000,7,4,3,308
24660007371000,7,5,2,163.8
24660007431000,8,5,3,384.8
24660007437000,8,3,5,464
24660007443000,1,1,0,0
24660007444000,1,1,0,0
24660007559000,87,41,46,3932.4
24660007560000,246,118,128,9717
24660007575000,7,5,2,237.3
24660007578000,30,12,18,1185
24660007579000,32,19,13,1238.4
24670007262000,6,4,2,201
24670007354000,168,95,73,6619.2
24670007356000,29,15,14,1209.3
24670007357000,15,8,7,577.5
24670007360000,14,8,6,589.4
24670007361000,6,3,3,190.8
24670007363000,10,5,5,423
24670007369000,6,4,2,205.2
24670007434000,6,3,3,202.8
24670007435000,3,1,2,0
24670007438000,2,1,1,0
24670007439000,18,10,8,898.2
24670007445000,1,0,1,0
24670007452000,17,12,5,834.7
24670007474000,18,8,10,1063.8
24670007559000,31,15,16,1187.3
24670007560000,130,74,56,5499
24670007561000,1,1,0,0
24670007568000,8,3,5,422.4
24670007574000,3,1,2,0
24670007578000,30,15,15,1269
24670007579000,4,2,2,0
24680007262000,2,1,1,0
24680007272000,5,3,2,259
24680007354000,23,11,12,949.9
24680007355000,1,0,1,0
24680007356000,44,24,20,1751.2
24680007357000,25,11,14,1055
24680007360000,6,3,3,265.2
24680007369000,8,5,3,300.8
24680007370000,6,3,3,304.2
24680007371000,1,1,0,0
24680007435000,2,1,1,0
24680007443000,16,8,8,948.8
24680007448000,1,1,0,0
24680007473000,1,1,0,0
24680007474000,20,11,9,746
24680007565000,5,4,1,135
24680007566000,6,3,3,418.8
24680007569000,5,3,2,294
24680007578000,16,8,8,761.6
24690007354000,31,18,13,1023
24690007355000,34,17,17,1173
24690007356000,9,5,4,387
24690007357000,25,15,10,997.5
24690007358000,38,19,19,1618.8
24690007359000,83,43,40,3427.9
24690007360000,32,14,18,1248
24690007361000,6,3,3,280.8
24690007362000,6,4,2,331.8
24690007371000,9,5,4,423
24690007439000,15,8,7,852
24690007441000,8,3,5,452
24690007442000,37,18,19,1313.5
24690007443000,31,14,17,1308.2
24690007444000,15,7,8,361.5
24690007452000,1,1,0,0
24690007569000,18,10,8,1027.8
24690007571000,14,6,8,638.4
24690007573000,2,1,1,0
24690007574000,4,1,3,0
24690007575000,3,2,1,0
24700007243000,1,1,0,0
24700007353000,15,6,9,423
24700007354000,52,26,26,1612
24700007355000,47,26,21,1442.9
24700007356000,22,11,11,759
24700007357000,2,1,1,0
24700007358000,5,4,1,123
24700007359000,131,67,64,4978
24700007360000,166,83,83,5843.2
24700007361000,2,1,1,0
24700007439000,23,10,13,1338.6
24700007441000,8,4,4,371.2
24700007442000,11,6,5,499.4
24700007443000,12,7,5,417.6
24700007444000,54,25,29,2343.6
24700007445000,38,19,19,1877.2
24700007569000,8,3,5,494.4
24700007570000,8,5,3,344.8
24700007571000,1,1,0,0
24710007260000,1,0,1,0
24710007299000,8,5,3,203.2
24710007353000,1,1,0,0
24710007355000,58,30,28,2453.4
24710007356000,2,1,1,0
24710007357000,11,6,5,426.8
24710007358000,42,21,21,1591.8
24710007359000,33,17,16,1273.8
24710007360000,31,17,14,1060.2
24710007361000,25,10,15,827.5
24710007439000,1,0,1,0
24710007445000,6,4,2,349.2
24710007451000,2,0,2,0
24710007461000,11,9,2,477.4
24710007569000,4,2,2,0
24710007570000,10,5,5,320
24710007571000,9,4,5,486
24710007573000,34,17,17,1601.4
24710007574000,13,5,8,465.4
24710007575000,12,5,7,475.2
24710007576000,43,22,21,2188.7
24710007609000,1,0,1,0
24720007310000,2,1,1,0
24720007354000,4,2,2,0
24720007356000,3,2,1,0
24720007357000,3,1,2,0
24720007359000,40,24,16,1512
24720007361000,13,8,5,331.5
24720007362000,11,6,5,322.3
24720007452000,2,1,1,0
24720007454000,24,15,9,1039.2
24720007455000,4,2,2,0
24720007461000,51,28,23,1632
24720007462000,2631,1273,1358,116027.1
24720007463000,22,9,13,1232
24720007563000,4,2,2,0
24720007564000,29,20,9,1096.2
24720007565000,3,2,1,0
24720007569000,1,1,0,0
24720007573000,6,3,3,451.8
24720007574000,11,5,6,310.2
24720007575000,77,44,33,2918.3
24720007576000,3,2,1,0
24720007579000,32,17,15,1286.4
24730007298000,6,4,2,247.2
24730007356000,10,5,5,603
24730007357000,9,4,5,235.8
24730007359000,30,14,16,960
24730007360000,2,1,1,0
24730007361000,9,5,4,386.1
24730007362000,18,10,8,619.2
24730007440000,13,8,5,609.7
24730007441000,1,1,0,0
24730007452000,2,1,1,0
24730007453000,14,9,5,548.8
24730007454000,3,2,1,0
24730007455000,16,7,9,779.2
24730007461000,15,8,7,727.5
24730007462000,3591,1749,1842,148667.4
24730007463000,1817,959,858,82310.1
24730007464000,81,44,37,3831.3
24730007465000,69,36,33,2442.6
24730007475000,6,4,2,388.8
24730007564000,1,0,1,0
24730007565000,106,50,56,3529.8
24730007566000,7,4,3,273.7
24730007574000,4,3,1,0
24730007575000,6,4,2,312
24740007309000,1,0,1,0
24740007310000,2,1,1,0
24740007356000,3,1,2,0
24740007357000,3,2,1,0
24740007358000,7,4,3,417.9
24740007359000,25,13,12,855
24740007364000,3,1,2,0
24740007452000,1,1,0,0
24740007453000,3,2,1,0
24740007461000,4,2,2,0
24740007462000,3223,1603,1620,135366
24740007463000,2693,1336,1357,110951.6
24740007464000,2068,1007,1061,93266.8
24740007465000,117,64,53,5019.3
24740007564000,10,6,4,222
24740007565000,123,66,57,4674
24740007566000,127,64,63,5130.8
24750007258000,5,3,2,189
24750007358000,19,12,7,849.3
24750007365000,6,3,3,118.8
24750007452000,6,2,4,213
24750007453000,1,1,0,0
24750007454000,3,2,1,0
24750007461000,608,294,314,21584
24750007462000,164,85,79,5953.2
24750007463000,2201,1092,1109,83858.1
24750007464000,2610,1259,1351,111708
24750007465000,1106,566,540,40479.6
24750007565000,48,22,26,1612.8
24750007566000,70,33,37,2744
24750007586000,19,11,8,655.5
24750007619000,7,3,4,401.8
24760007258000,1,0,1,0
24760007297000,3,2,1,0
24760007358000,6,3,3,223.8
24760007359000,10,6,4,373
24760007365000,35,21,14,1718.5
24760007451000,1,1,0,0
24760007453000,5,3,2,316
24760007461000,1189,574,615,44111.9
24760007462000,2218,1130,1088,75855.6
24760007463000,736,342,394,28704
24760007464000,564,294,270,20416.8
24760007465000,13,7,6,657.8
24760007466000,1112,535,577,40032
24760007467000,109,62,47,3902.2
24760007565000,5,5,0,206
24760007566000,213,105,108,7327.2
24760007567000,32,16,16,761.6
24760007586000,191,97,94,8442.2
24760007612000,9,4,5,392.4
24760007614000,11,5,6,609.4
24760007615000,2,2,0,0
24760007617000,19,10,9,1003.2
24760007618000,9,4,5,449.1
24760007619000,6,4,2,270
24770007365000,8,4,4,387.2
24770007366000,11,4,7,300.3
24770007367000,12,5,7,513.6
24770007451000,3,1,2,0
24770007452000,12,7,5,550.8
24770007453000,23,12,11,1232.8
24770007456000,7,3,4,352.1
24770007461000,49,27,22,1842.4
24770007462000,2526,1292,1234,88157.4
24770007463000,101,53,48,2302.8
24770007467000,57,34,23,2297.1
24770007565000,78,45,33,2737.8
24770007566000,429,216,213,16430.7
24770007567000,121,61,60,4041.4
24770007582000,10,6,4,522
24770007586000,59,32,27,2607.8
24770007610000,6,1,5,198
24770007611000,119,64,55,5295.5
24770007612000,231,105,126,10602.9
24770007613000,22,13,9,963.6
24770007614000,58,29,29,2581
24770007615000,41,24,17,2345.2
24770007616000,18,9,9,806.4
24770007618000,13,5,8,383.5
24770007619000,36,17,19,1404
24780007356000,8,5,3,172
24780007358000,7,3,4,196.7
24780007364000,185,85,100,6290
24780007365000,364,188,176,13686.4
24780007366000,10,6,4,418
24780007451000,2,1,1,0
24780007456000,10,4,6,522
24780007457000,19,9,10,925.3
24780007462000,1805,918,887,68409.5
24780007463000,9,6,3,234.9
24780007467000,9,5,4,476.1
24780007468000,9,5,4,504.9
24780007565000,54,26,28,2208.6
24780007566000,1133,562,571,47132.8
24780007567000,81,42,39,3134.7
24780007569000,1,1,0,0
24780007586000,70,37,33,2891
24780007587000,4,2,2,0
24780007610000,24,14,10,1132.8
24780007611000,227,120,107,10759.8
24780007612000,107,62,45,4472.6
24780007614000,1,1,0,0
24780007616000,10,4,6,514
24780007617000,19,11,8,699.2
24780007618000,88,30,58,5896
24780007619000,139,72,67,5977
24780007620000,53,27,26,2215.4
24780007629000,35,16,19,1953
24790007357000,5,2,3,209
24790007358000,8,3,5,288
24790007364000,100,49,51,4540
24790007366000,8,4,4,259.2
24790007432000,5,2,3,302
24790007451000,26,11,15,1370.2
24790007462000,1709,851,858,59815
24790007463000,385,202,183,16362.5
24790007464000,2,1,1,0
24790007465000,11,8,3,382.8
24790007466000,5,4,1,93
24790007467000,2,1,1,0
24790007469000,22,12,10,838.2
24790007566000,3,2,1,0
24790007567000,48,25,23,1910.4
24790007579000,4,2,2,0
24790007580000,23,11,12,1044.2
24790007587000,15,10,5,640.5
24790007610000,39,18,21,1677
24790007611000,52,24,28,2350.4
24790007617000,17,8,9,826.2
24790007618000,7,4,3,301.7
24790007619000,194,93,101,7973.4
24790007620000,33,20,13,940.5
24790007629000,26,15,11,1359.8
24800007293000,1,0,1,0
24800007346000,6,4,2,274.2
24800007357000,1,1,0,0
24800007358000,8,3,5,364
24800007361000,2,0,2,0
24800007362000,24,15,9,957.6
24800007364000,26,11,15,720.2
24800007365000,18,9,9,759.6
24800007404000,3,2,1,0
24800007432000,8,5,3,400.8
24800007433000,33,17,16,1933.8
24800007434000,4,1,3,0
24800007435000,7,3,4,338.1
24800007451000,3,2,1,0
24800007454000,26,15,11,1263.6
24800007457000,37,17,20,1753.8
24800007462000,1037,525,512,30695.2
24800007463000,1517,784,733,55522.2
24800007464000,126,65,61,5846.4
24800007466000,12,7,5,501.6
24800007469000,6,3,3,190.8
24800007470000,61,33,28,2226.5
24800007567000,2,1,1,0
24800007568000,127,70,57,4724.4
24800007569000,399,207,192,15680.7
24800007570000,4,3,1,0
24800007579000,2,1,1,0
24800007587000,10,7,3,474
24800007610000,12,6,6,547.2
24800007611000,1,1,0,0
24800007618000,6,3,3,438
24800007619000,10,4,6,581
24800007620000,2,1,1,0
24800007621000,14,5,9,628.6
24800007626000,7,3,4,410.9
24810007338000,2,2,0,0
24810007357000,13,6,7,371.8
24810007362000,3,1,2,0
24810007404000,6,3,3,214.2
24810007405000,8,5,3,428.8
24810007406000,4,2,2,0
24810007431000,7,2,5,324.1
24810007432000,58,25,33,2749.2
24810007433000,5,4,1,293
24810007434000,3,2,1,0
24810007435000,11,6,5,674.3
24810007436000,4,3,1,0
24810007439000,1,1,0,0
24810007451000,1,1,0,0
24810007455000,13,9,4,399.1
24810007457000,58,34,24,2360.6
24810007462000,241,131,110,7422.8
24810007463000,1532,756,776,57909.6
24810007464000,985,510,475,35460
24810007467000,8,5,3,468
24810007470000,14,8,6,600.6
24810007471000,30,12,18,1245
24810007472000,55,29,26,1963.5
24810007568000,626,284,342,29484.6
24810007569000,1181,596,585,49011.5
24810007570000,589,302,287,21616.3
24810007589000,5,2,3,281
24810007611000,27,13,14,1209.6
24810007612000,1,0,1,0
24810007618000,22,12,10,1056
24810007622000,16,7,9,668.8
24810007623000,12,6,6,573.6
24810007632000,1,0,1,0
24810007633000,11,4,7,654.5
24820007355000,10,7,3,313
24820007357000,1,1,0,0
24820007361000,6,2,4,181.8
24820007362000,9,5,4,449.1
24820007364000,2,1,1,0
24820007365000,2,1,1,0
24820007407000,22,13,9,897.6
24820007408000,1,0,1,0
24820007431000,6,2,4,199.2
24820007432000,98,51,47,4292.4
24820007452000,13,7,6,444.6
24820007453000,3,2,1,0
24820007454000,18,12,6,896.4
24820007457000,78,40,38,2925
24820007462000,59,28,31,2212.5
24820007463000,1235,641,594,43225
24820007464000,1080,554,526,38016
24820007467000,11,6,5,610.5
24820007472000,12,6,6,471.6
24820007473000,9,3,6,367.2
24820007568000,150,78,72,7815
24820007569000,1111,587,524,44662.2
24820007570000,501,241,260,20040
24820007587000,1,1,0,0
24820007589000,1,0,1,0
24820007612000,25,14,11,1150
24820007618000,19,10,9,860.7
24820007622000,2,2,0,0
24820007623000,11,6,5,662.2
24820007624000,3,2,1,0
24820007625000,8,4,4,511.2
24820007626000,6,3,3,403.8
24820007632000,1,0,1,0
24820007633000,2,1,1,0
24830007355000,6,2,4,346.8
24830007359000,10,5,5,428
24830007360000,1,1,0,0
24830007362000,25,11,14,617.5
24830007363000,3,2,1,0
24830007408000,2,1,1,0
24830007409000,13,4,9,422.5
24830007415000,2,1,1,0
24830007431000,17,10,7,887.4
24830007432000,2,0,2,0
24830007454000,11,3,8,535.7
24830007455000,76,38,38,2576.4
24830007456000,99,49,50,4346.1
24830007457000,185,96,89,7770
24830007458000,62,33,29,2039.8
24830007463000,627,325,302,19562.4
24830007464000,90,40,50,2862
24830007467000,21,11,10,976.5
24830007473000,151,83,68,5994.7
24830007474000,8,3,5,200.8
24830007476000,12,7,5,291.6
24830007477000,18,9,9,597.6
24830007569000,17,7,10,698.7
24830007578000,1,0,1,0
24830007585000,2,1,1,0
24830007611000,1,1,0,0
24830007612000,32,15,17,2025.6
24830007616000,16,8,8,878.4
24830007617000,5,3,2,383
24830007618000,9,5,4,506.7
24830007619000,4,3,1,0
24830007620000,15,8,7,771
24830007621000,16,12,4,609.6
24830007622000,1,0,1,0
24830007623000,67,36,31,2800.6
24830007624000,57,29,28,2650.5
24830007625000,75,42,33,3360
24830007626000,4,1,3,0
24840007354000,2,1,1,0
24840007355000,3,1,2,0
24840007356000,8,2,6,219.2
24840007360000,22,11,11,798.6
24840007363000,1,1,0,0
24840007364000,2,1,1,0
24840007415000,1,0,1,0
24840007416000,1,1,0,0
24840007417000,3,2,1,0
24840007430000,13,7,6,617.5
24840007431000,11,5,6,603.9
24840007455000,15,6,9,682.5
24840007456000,15,6,9,618
24840007457000,21,12,9,848.4
24840007458000,11,8,3,427.9
24840007463000,104,50,54,3484
24840007464000,86,45,41,3732.4
24840007465000,8,3,5,416
24840007466000,22,12,10,699.6
24840007467000,6,2,4,343.2
24840007473000,7,4,3,282.1
24840007474000,213,107,106,6347.4
24840007475000,44,24,20,1997.6
24840007476000,55,29,26,2233
24840007477000,1,1,0,0
24840007590000,1,0,1,0
24840007591000,18,11,7,912.6
24840007605000,2,1,1,0
24840007612000,42,23,19,1650.6
24840007613000,32,15,17,1577.6
24840007614000,7,6,1,347.2
24840007615000,1,1,0,0
24840007616000,13,5,8,613.6
24840007617000,4,2,2,0
24840007620000,5,3,2,326
24840007623000,10,5,5,521
24840007624000,15,8,7,846
24840007625000,16,10,6,913.6
24850007354000,4,1,3,0
24850007355000,5,3,2,195
24850007360000,6,4,2,247.8
24850007364000,15,9,6,607.5
24850007411000,2,2,0,0
24850007412000,5,2,3,262
24850007413000,6,4,2,187.8
24850007414000,5,3,2,335
24850007415000,6,4,2,250.2
24850007418000,1,1,0,0
24850007430000,8,5,3,430.4
24850007431000,19,10,9,1043.1
24850007453000,9,5,4,207.9
24850007454000,20,8,12,818
24850007455000,7,3,4,314.3
24850007457000,1,1,0,0
24850007464000,51,26,25,1790.1
24850007467000,5,1,4,245
24850007474000,10,4,6,355
24850007475000,26,12,14,1045.2
24850007476000,15,10,5,454.5
24850007559000,2,2,0,0
24850007561000,125,65,60,5575
24850007569000,3,0,3,0
24850007572000,2,1,1,0
24850007578000,3,2,1,0
24850007579000,2,2,0,0
24850007590000,6,4,2,171
24850007591000,10,6,4,544
24850007603000,11,6,5,594
24850007606000,8,4,4,388
24850007607000,7,3,4,377.3
24850007613000,2,0,2,0
24850007614000,2,1,1,0
24850007615000,13,7,6,730.6
24850007616000,17,8,9,744.6
24850007620000,1,0,1,0
24850007621000,1,0,1,0
24850007623000,10,5,5,587
24850007624000,21,12,9,930.3
24850007625000,48,26,22,2198.4
24850007626000,14,7,7,705.6
24850007631000,2,2,0,0
24850007632000,1,0,1,0
24860007358000,11,6,5,411.4
24860007360000,7,5,2,310.1
24860007414000,2,1,1,0
24860007415000,3,2,1,0
24860007417000,8,4,4,420
24860007418000,4,3,1,0
24860007430000,4,2,2,0
24860007431000,24,12,12,979.2
24860007453000,2,1,1,0
24860007454000,15,7,8,750
24860007457000,21,10,11,900.9
24860007458000,6,3,3,292.8
24860007561000,69,31,38,3077.4
24860007570000,17,8,9,567.8
24860007571000,15,9,6,544.5
24860007574000,13,7,6,481
24860007579000,3,1,2,0
24860007590000,5,3,2,328
24860007602000,10,7,3,371
24860007603000,6,2,4,351
24860007607000,15,8,7,969
24860007616000,6,4,2,298.8
24860007622000,9,4,5,360.9
24860007626000,3,1,2,0
24860007627000,3,1,2,0
24860007628000,2,2,0,0
24870007351000,5,2,3,168
24870007358000,6,2,4,133.2
24870007417000,6,3,3,418.2
24870007418000,12,6,6,526.8
24870007430000,13,8,5,605.8
24870007431000,8,4,4,356.8
24870007457000,51,28,23,1830.9
24870007458000,10,6,4,473
24870007459000,19,9,10,799.9
24870007463000,16,8,8,596.8
24870007464000,22,10,12,715
24870007465000,3,2,1,0
24870007482000,3,1,2,0
24870007486000,7,3,4,329.7
24870007487000,9,6,3,330.3
24870007522000,2,1,1,0
24870007574000,7,5,2,321.3
24870007578000,6,3,3,393
24870007579000,40,22,18,2156
24870007587000,2,1,1,0
24870007589000,2,1,1,0
24870007590000,2,1,1,0
24870007601000,9,6,3,334.8
24870007602000,12,6,6,482.4
24870007607000,11,7,4,316.8
24870007608000,11,6,5,613.8
24870007622000,6,2,4,442.2
24870007623000,1,1,0,0
24870007626000,7,1,6,515.9
24870007627000,19,10,9,1071.6
24870007628000,9,5,4,530.1
24870007629000,2,1,1,0
24880007357000,21,12,9,684.6
24880007366000,3,1,2,0
24880007419000,1,1,0,0
24880007420000,2,1,1,0
24880007421000,5,2,3,283
24880007430000,16,7,9,948.8
24880007431000,21,13,8,1165.5
24880007458000,7,3,4,352.1
24880007460000,68,33,35,2468.4
24880007461000,127,68,59,4686.3
24880007462000,65,39,26,2730
24880007463000,886,442,444,30124
24880007464000,1744,865,879,65923.2
24880007465000,242,127,115,8252.2
24880007466000,139,78,61,4753.8
24880007486000,27,15,12,1436.4
24880007487000,45,22,23,2142
24880007488000,2,1,1,0
24880007568000,1,1,0,0
24880007578000,2,1,1,0
24880007579000,2,1,1,0
24880007580000,13,7,6,574.6
24880007582000,43,23,20,2132.8
24880007586000,1,1,0,0
24880007590000,4,2,2,0
24880007591000,9,6,3,457.2
24880007599000,4,3,1,0
24880007600000,42,24,18,1898.4
24880007606000,1,1,0,0
24880007607000,17,10,7,773.5
24880007617000,6,4,2,394.2
24880007618000,3,1,2,0
24880007619000,22,11,11,1309
24880007620000,7,4,3,300.3
24880007621000,2,1,1,0
24880007623000,2,1,1,0
24880007626000,6,2,4,192
24880007627000,4,2,2,0
24890007356000,6,3,3,214.8
24890007419000,4,2,2,0
24890007420000,1,0,1,0
24890007421000,14,8,6,704.2
24890007422000,57,29,28,2456.7
24890007425000,4,3,1,0
24890007429000,9,4,5,602.1
24890007430000,37,21,16,1894.4
24890007431000,14,8,6,630
24890007452000,13,7,6,601.9
24890007460000,39,20,19,1357.2
24890007461000,20,12,8,804
24890007464000,247,127,120,9361.3
24890007465000,88,44,44,2701.6
24890007467000,5,3,2,128
24890007469000,3,1,2,0
24890007479000,26,13,13,1216.8
24890007480000,9,6,3,384.3
24890007486000,2,1,1,0
24890007487000,1,0,1,0
24890007488000,4,2,2,0
24890007489000,39,18,21,1595.1
24890007580000,39,21,18,2004.6
24890007581000,28,15,13,1573.6
24890007582000,62,36,26,2777.6
24890007583000,9,5,4,362.7
24890007591000,54,29,25,2970
24890007598000,3,2,1,0
24890007599000,38,20,18,1360.4
24890007600000,5,4,1,140
24890007605000,14,9,5,764.4
24890007606000,10,5,5,447
24890007607000,23,9,14,998.2
24890007617000,1,0,1,0
24890007618000,7,4,3,469
24890007619000,5,2,3,306
24890007628000,3,1,2,0
24900007355000,14,7,7,488.6
24900007367000,2,1,1,0
24900007419000,3,1,2,0
24900007421000,39,19,20,1361.1
24900007422000,29,18,11,1171.6
24900007423000,23,13,10,1041.9
24900007424000,19,7,12,777.1
24900007426000,4,2,2,0
24900007428000,15,9,6,645
24900007429000,43,20,23,2184.4
24900007430000,54,28,26,2392.2
24900007457000,5,3,2,286
24900007470000,16,10,6,766.4
24900007479000,58,31,27,2441.8
24900007480000,8,4,4,476
24900007489000,121,59,62,6171
24900007505000,1,0,1,0
24900007512000,86,45,41,4016.2
24900007513000,45,23,22,1755
24900007524000,8,4,4,236
24900007579000,11,7,4,561
24900007580000,2,1,1,0
24900007583000,8,5,3,348.8
24900007591000,9,4,5,366.3
24900007598000,229,116,113,9320.3
24900007599000,2,1,1,0
24900007607000,10,6,4,326
24900007611000,2,1,1,0
24900007616000,2,2,0,0
24900007617000,1,1,0,0
24900007635000,4,3,1,0
24900007636000,1,0,1,0
24910007354000,13,7,6,650
24910007355000,4,3,1,0
24910007425000,5,2,3,311
24910007426000,4,3,1,0
24910007428000,11,5,6,550
24910007429000,18,7,11,669.6
24910007453000,1,1,0,0
24910007463000,1,1,0,0
24910007464000,1,1,0,0
24910007480000,3,2,1,0
24910007489000,22,10,12,950.4
24910007490000,28,15,13,1425.2
24910007512000,3,3,0,0
24910007513000,99,45,54,4554
24910007521000,4,3,1,0
24910007523000,16,9,7,345.6
24910007524000,50,27,23,3050
24910007585000,1,0,1,0
24910007591000,4,2,2,0
24910007598000,780,385,395,30654
24910007599000,87,43,44,3880.2
24910007606000,1,0,1,0
24910007607000,6,4,2,235.8
24910007613000,2,1,1,0
24920007353000,10,7,3,371
24920007354000,1,1,0,0
24920007355000,8,4,4,148
24920007368000,3,2,1,0
24920007369000,27,17,10,1414.8
24920007370000,3,2,1,0
24920007419000,5,2,3,275
24920007420000,3,1,2,0
24920007426000,5,3,2,301
24920007427000,4,2,2,0
24920007428000,27,15,12,1358.1
24920007429000,1,0,1,0
24920007454000,3,1,2,0
24920007457000,2,1,1,0
24920007461000,4,2,2,0
24920007462000,28,18,10,966
24920007463000,11,5,6,524.7
24920007464000,20,10,10,1034
24920007490000,5,3,2,352
24920007511000,2,1,1,0
24920007513000,29,14,15,1206.4
24920007518000,4,2,2,0
24920007520000,1,1,0,0
24920007521000,7,3,4,490.7
24920007524000,9,5,4,558
24920007590000,17,11,6,848.3
24920007591000,32,21,11,1264
24920007598000,300,154,146,13650
24920007599000,700,356,344,28910
24920007606000,7,3,4,466.2
24920007607000,12,8,4,399.6
24920007611000,12,7,5,507.6
24920007612000,20,14,6,1000
24920007613000,5,2,3,344
24920007614000,29,11,18,1064.3
24920007633000,2,1,1,0
24930007355000,4,1,3,0
24930007371000,6,3,3,328.2
24930007372000,4,3,1,0
24930007419000,2,1,1,0
24930007425000,3,3,0,0
24930007461000,16,7,9,787.2
24930007462000,62,33,29,2145.2
24930007463000,2,1,1,0
24930007464000,11,5,6,682
24930007470000,3,1,2,0
24930007471000,9,4,5,232.2
24930007486000,2,1,1,0
24930007491000,19,9,10,731.5
24930007511000,1,0,1,0
24930007513000,44,19,25,1804
24930007518000,2,1,1,0
24930007521000,6,4,2,219
24930007568000,8,4,4,386.4
24930007569000,2,0,2,0
24930007598000,71,37,34,3294.4
24930007599000,135,69,66,5049
24930007605000,1,0,1,0
24930007606000,34,17,17,1390.6
24930007608000,1,0,1,0
24930007609000,3,1,2,0
24930007611000,26,13,13,1255.8
24930007612000,2,1,1,0
24930007614000,2,2,0,0
24930007632000,1,1,0,0
24940007418000,4,2,2,0
24940007462000,1,0,1,0
24940007463000,1,1,0,0
24940007486000,4,1,3,0
24940007491000,2,1,1,0
24940007492000,2,1,1,0
24940007513000,49,24,25,2293.2
24940007527000,2,1,1,0
24940007568000,3,2,1,0
24940007575000,2,1,1,0
24940007598000,19,9,10,913.9
24940007599000,25,12,13,877.5
24940007605000,100,48,52,3490
24940007606000,377,194,183,13270.4
24940007608000,52,27,25,1913.6
24940007609000,20,13,7,650
24940007611000,40,20,20,1412
24940007612000,6,4,2,126
24940007615000,3,2,1,0
24950007376000,3,1,2,0
24950007448000,11,5,6,800.8
24950007451000,7,3,4,242.9
24950007456000,14,9,5,695.8
24950007486000,5,2,3,195
24950007511000,4,2,2,0
24950007512000,33,19,14,1874.4
24950007513000,20,9,11,734
24950007519000,11,7,4,459.8
24950007529000,21,11,10,972.3
24950007576000,1,0,1,0
24950007593000,7,2,5,454.3
24950007598000,15,9,6,706.5
24950007599000,39,19,20,2090.4
24950007605000,281,134,147,10340.8
24950007606000,544,281,263,22684.8
24950007608000,223,106,117,9053.8
24950007610000,7,3,4,277.9
24950007640000,6,3,3,271.8
24960007376000,14,7,7,779.8
24960007437000,2,1,1,0
24960007448000,6,3,3,313.2
24960007452000,4,1,3,0
24960007453000,16,9,7,691.2
24960007456000,4,2,2,0
24960007457000,9,7,2,315
24960007463000,4,1,3,0
24960007464000,1,0,1,0
24960007486000,7,4,3,251.3
24960007527000,7,4,3,287.7
24960007577000,2,1,1,0
24960007593000,6,4,2,141
24960007599000,24,11,13,1149.6
24960007604000,236,112,124,9794
24960007605000,682,330,352,28098.4
24960007606000,294,153,141,13641.6
24960007607000,10,5,5,324
24960007608000,150,76,74,6420
24960007615000,7,3,4,352.1
24960007616000,16,9,7,761.6
24960007633000,2,1,1,0
24960007640000,13,5,8,842.4
24970007375000,18,9,9,808.2
24970007376000,12,5,7,519.6
24970007418000,1,1,0,0
24970007445000,7,4,3,387.1
24970007446000,5,3,2,280
24970007447000,2,1,1,0
24970007449000,2,1,1,0
24970007453000,15,10,5,619.5
24970007454000,10,7,3,507
24970007457000,8,5,3,272
24970007463000,2,1,1,0
24970007464000,6,4,2,228
24970007505000,7,5,2,438.9
24970007527000,4,2,2,0
24970007533000,3,2,1,0
24970007534000,5,2,3,212
24970007535000,1,0,1,0
24970007574000,11,8,3,742.5
24970007576000,1,0,1,0
24970007599000,1,0,1,0
24970007600000,2,1,1,0
24970007601000,19,9,10,796.1
24970007604000,103,55,48,4243.6
24970007605000,108,51,57,3618
24970007606000,539,290,249,23985.5
24970007608000,28,14,14,1369.2
24970007616000,1,0,1,0
24970007617000,8,5,3,428
24970007630000,2,1,1,0
24970007631000,9,4,5,632.7
24970007632000,2,1,1,0
24970007640000,5,2,3,268
24980007375000,5,4,1,223
24980007439000,12,6,6,580.8
24980007441000,1,1,0,0
24980007442000,16,9,7,804.8
24980007447000,4,2,2,0
24980007453000,22,11,11,990
24980007458000,29,19,10,1162.9
24980007459000,2,1,1,0
24980007506000,11,4,7,554.4
24980007515000,2,1,1,0
24980007519000,7,3,4,223.3
24980007534000,1,1,0,0
24980007535000,10,4,6,235
24980007536000,38,20,18,1379.4
24980007601000,28,14,14,1495.2
24980007602000,13,7,6,665.6
24980007603000,1,1,0,0
24980007604000,6,3,3,367.8
24980007605000,8,4,4,404.8
24980007606000,152,76,76,6612
24980007608000,45,23,22,1908
24980007616000,1,1,0,0
24980007617000,12,7,5,418.8
24980007629000,1,1,0,0
24980007630000,1,1,0,0
24990007435000,1,1,0,0
24990007436000,16,6,10,603.2
24990007437000,5,3,2,364
24990007439000,14,7,7,763
24990007440000,6,4,2,247.2
24990007441000,3,1,2,0
24990007444000,73,34,39,3737.6
24990007445000,13,5,8,483.6
24990007446000,1,1,0,0
24990007453000,10,6,4,387
24990007454000,4,3,1,0
24990007457000,5,3,2,162
24990007464000,14,5,9,551.6
24990007465000,10,6,4,549
24990007486000,2,1,1,0
24990007487000,1,1,0,0
24990007495000,1,0,1,0
24990007496000,4,2,2,0
24990007507000,1,1,0,0
24990007514000,13,7,6,786.5
24990007519000,6,3,3,286.2
24990007520000,5,2,3,145
24990007527000,3,1,2,0
24990007528000,3,2,1,0
24990007534000,12,7,5,638.4
24990007535000,41,16,25,1500.6
24990007577000,56,29,27,2464
24990007578000,7,4,3,457.1
24990007602000,33,16,17,1386
24990007603000,21,13,8,980.7
24990007604000,42,25,17,1827
24990007608000,34,19,15,1407.6
24990007617000,7,3,4,242.9
24990007628000,2,1,1,0
24990007629000,4,2,2,0
24990007638000,1,1,0,0
25000007429000,1,0,1,0
25000007435000,16,8,8,758.4
25000007436000,4,3,1,0
25000007439000,4,2,2,0
25000007440000,9,5,4,415.8
25000007443000,2,1,1,0
25000007444000,166,76,90,8134
25000007445000,30,18,12,1554
25000007456000,3,2,1,0
25000007457000,95,50,45,4389
25000007464000,3,1,2,0
25000007487000,5,3,2,339
25000007507000,9,6,3,516.6
25000007514000,8,4,4,414.4
25000007517000,212,109,103,8416.4
25000007518000,7,4,3,377.3
25000007519000,19,10,9,731.5
25000007528000,2,1,1,0
25000007534000,54,27,27,2494.8
25000007537000,6,2,4,174
25000007538000,12,9,3,415.2
25000007539000,14,6,8,579.6
25000007572000,13,6,7,668.2
25000007576000,14,6,8,509.6
25000007608000,5,4,1,275
25000007609000,1,1,0,0
25000007631000,7,4,3,391.3
25000007632000,2,1,1,0
25000007633000,4,2,2,0
25000007634000,16,9,7,804.8
25000007635000,5,3,2,137
25000007653000,21,13,8,793.8
25000007654000,3,1,2,0
25010007373000,2,1,1,0
25010007435000,2,1,1,0
25010007438000,1,0,1,0
25010007444000,6,4,2,340.2
25010007456000,4,1,3,0
25010007457000,29,19,10,1136.8
25010007467000,1,1,0,0
25010007486000,2,1,1,0
25010007507000,29,14,15,1191.9
25010007513000,5,3,2,351
25010007514000,20,10,10,1052
25010007516000,65,38,27,3003
25010007517000,63,30,33,2690.1
25010007519000,15,8,7,666
25010007528000,2,1,1,0
25010007530000,1,0,1,0
25010007533000,15,9,6,514.5
25010007534000,35,19,16,1463
25010007538000,37,17,20,1927.7
25010007539000,7,3,4,354.2
25010007576000,6,4,2,280.2
25010007592000,4,2,2,0
25010007593000,1,1,0,0
25010007594000,1,0,1,0
25010007607000,17,9,8,746.3
25010007609000,19,8,11,657.4
25010007618000,2,1,1,0
25010007628000,5,1,4,180
25010007630000,24,9,15,1116
25010007631000,20,10,10,932
25010007643000,14,7,7,483
25010007646000,31,16,15,1212.1
25010007653000,1,1,0,0
25020007508000,7,2,5,282.8
25020007509000,3,1,2,0
25020007514000,2,2,0,0
25020007519000,22,13,9,1031.8
25020007520000,8,4,4,342.4
25020007529000,2,1,1,0
25020007531000,8,3,5,222.4
25020007533000,19,7,12,879.7
25020007534000,1,0,1,0
25020007538000,2,0,2,0
25020007575000,1,1,0,0
25020007576000,11,5,6,520.3
25020007577000,5,1,4,285
25020007581000,2,1,1,0
25020007582000,1,1,0,0
25020007593000,2,1,1,0
25020007607000,2,1,1,0
25020007608000,3,0,3,0
25020007609000,11,6,5,504.9
25020007618000,9,4,5,365.4
25020007619000,14,7,7,627.2
25020007627000,4,2,2,0
25020007628000,19,11,8,716.3
25020007642000,30,16,14,1155
25020007643000,241,134,107,9519.5
25020007644000,304,148,156,12768
25020007645000,302,149,153,11808.2
25020007646000,27,15,12,1023.3
25030007467000,10,4,6,296
25030007509000,17,9,8,780.3
25030007516000,4,1,3,0
25030007520000,3,1,2,0
25030007521000,1,1,0,0
25030007528000,2,1,1,0
25030007529000,2,1,1,0
25030007530000,2,1,1,0
25030007531000,7,3,4,319.2
25030007532000,6,3,3,216
25030007533000,13,8,5,598
25030007534000,41,17,24,1611.3
25030007575000,2,2,0,0
25030007576000,4,2,2,0
25030007609000,18,11,7,752.4
25030007610000,10,3,7,426
25030007627000,9,5,4,380.7
25030007641000,25,14,11,925
25030007642000,48,27,21,1828.8
25030007643000,171,87,84,6617.7
25030007644000,558,258,300,25779.6
25030007645000,581,307,274,24924.9
25040007369000,1,1,0,0
25040007371000,2,1,1,0
25040007462000,27,10,17,1117.8
25040007488000,1,1,0,0
25040007494000,3,3,0,0
25040007509000,3,0,3,0
25040007510000,13,8,5,673.4
25040007515000,3,1,2,0
25040007527000,11,5,6,443.3
25040007528000,1,1,0,0
25040007530000,1,1,0,0
25040007531000,12,6,6,606
25040007534000,16,8,8,737.6
25040007539000,1,1,0,0
25040007540000,2,2,0,0
25040007542000,2,1,1,0
25040007572000,1,0,1,0
25040007586000,4,1,3,0
25040007610000,60,35,25,2868
25040007611000,55,31,24,2018.5
25040007621000,22,14,8,1130.8
25040007622000,6,3,3,303
25040007627000,31,17,14,1519
25040007638000,24,12,12,1190.4
25040007639000,10,6,4,399
25040007641000,3,2,1,0
25040007642000,6,2,4,265.2
25040007643000,29,15,14,1522.5
25040007644000,77,38,39,2594.9
25040007645000,19,10,9,872.1
25040007646000,36,20,16,1548
25040007647000,50,28,22,2235
25040007656000,32,16,16,1497.6
25050007369000,3,1,2,0
25050007454000,7,4,3,419.3
25050007455000,2,1,1,0
25050007461000,13,6,7,383.5
25050007462000,24,13,11,861.6
25050007463000,42,20,22,1570.8
25050007494000,7,4,3,382.9
25050007510000,5,2,3,210
25050007511000,6,2,4,235.8
25050007515000,6,3,3,244.8
25050007516000,13,7,6,451.1
25050007522000,3,2,1,0
25050007523000,4,2,2,0
25050007528000,1,1,0,0
25050007531000,2,1,1,0
25050007533000,5,2,3,387
25050007534000,11,7,4,422.4
25050007538000,16,10,6,660.8
25050007542000,2,1,1,0
25050007587000,6,4,2,343.8
25050007596000,6,2,4,388.2
25050007610000,6,3,3,352.2
25050007611000,45,24,21,2020.5
25050007620000,3,2,1,0
25050007621000,37,21,16,1665
25050007622000,12,6,6,498
25050007623000,27,14,13,1142.1
25050007624000,124,61,63,4637.6
25050007625000,33,14,19,1425.6
25050007626000,36,17,19,1612.8
25050007627000,60,38,22,2628
25050007628000,6,3,3,247.2
25050007637000,20,8,12,958
25050007638000,1,1,0,0
25050007642000,36,20,16,1180.8
25050007643000,75,35,40,2932.5
25050007644000,22,12,10,987.8
25050007647000,4,3,1,0
25050007648000,9,6,3,345.6
25050007655000,5,3,2,309
25050007656000,113,59,54,4486.1
25060007369000,5,2,3,355
25060007454000,52,29,23,2314
25060007460000,19,10,9,953.8
25060007461000,12,6,6,649.2
25060007462000,25,14,11,1025
25060007463000,52,28,24,2355.6
25060007464000,55,25,30,2304.5
25060007511000,11,7,4,539
25060007512000,1,1,0,0
25060007516000,13,7,6,548.6
25060007517000,21,9,12,793.8
25060007518000,2,1,1,0
25060007524000,7,5,2,389.9
25060007525000,6,4,2,264
25060007530000,2,2,0,0
25060007531000,2,1,1,0
25060007533000,40,24,16,1680
25060007534000,12,7,5,763.2
25060007537000,4,2,2,0
25060007589000,2,0,2,0
25060007590000,6,4,2,214.8
25060007591000,1,0,1,0
25060007596000,1,1,0,0
25060007611000,80,38,42,3880
25060007618000,4,2,2,0
25060007620000,17,11,6,785.4
25060007621000,12,6,6,513.6
25060007622000,100,54,46,3540
25060007623000,65,36,29,2008.5
25060007624000,13,7,6,508.3
25060007626000,26,10,16,982.8
25060007627000,9,5,4,585
25060007633000,64,38,26,2937.6
25060007634000,29,15,14,1218
25060007637000,2,1,1,0
25060007643000,13,7,6,604.5
25060007644000,16,10,6,681.6
25060007649000,70,39,31,3052
25060007651000,8,2,6,419.2
25060007652000,29,18,11,1238.3
25060007654000,2,1,1,0
25060007655000,14,6,8,572.6
25060007656000,8,4,4,571.2
25070007453000,2,1,1,0
25070007454000,49,25,24,2156
25070007455000,2,1,1,0
25070007459000,26,13,13,1310.4
25070007460000,17,7,10,805.8
25070007463000,41,20,21,1160.3
25070007464000,168,88,80,6518.4
25070007465000,233,115,118,9156.9
25070007467000,31,18,13,1230.7
25070007468000,31,16,15,1267.9
25070007511000,2,1,1,0
25070007512000,5,3,2,365
25070007513000,1,1,0,0
25070007514000,7,3,4,534.8
25070007515000,5,3,2,269
25070007517000,17,9,8,700.4
25070007525000,7,5,2,280.7
25070007526000,3,2,1,0
25070007528000,3,2,1,0
25070007531000,28,17,11,1248.8
25070007533000,43,20,23,1763
25070007534000,24,11,13,940.8
25070007537000,5,4,1,119
25070007579000,4,2,2,0
25070007595000,4,4,0,0
25070007602000,10,5,5,582
25070007603000,4,2,2,0
25070007611000,4,2,2,0
25070007612000,24,14,10,1089.6
25070007619000,4,3,1,0
25070007620000,40,19,21,1700
25070007621000,21,10,11,1022.7
25070007622000,23,14,9,733.7
25070007623000,6,3,3,214.2
25070007627000,20,13,7,586
25070007633000,17,6,11,652.8
25070007642000,1,1,0,0
25070007644000,28,14,14,1008
25070007645000,3,2,1,0
25070007649000,81,41,40,3223.8
25070007650000,33,17,16,1752.3
25070007651000,18,9,9,702
25070007652000,43,25,18,1543.7
25070007653000,9,4,5,394.2
25070007655000,1,1,0,0
25080007460000,14,9,5,666.4
25080007464000,58,27,31,3561.2
25080007465000,86,39,47,3027.2
25080007467000,6,3,3,208.2
25080007468000,2,1,1,0
25080007513000,20,11,9,766
25080007515000,9,5,4,315.9
25080007526000,3,1,2,0
25080007527000,3,3,0,0
25080007529000,12,7,5,516
25080007530000,19,8,11,1122.9
25080007531000,99,50,49,4662.9
25080007534000,1,1,0,0
25080007535000,13,7,6,455
25080007537000,2,1,1,0
25080007590000,4,3,1,0
25080007591000,2,1,1,0
25080007602000,37,19,18,2131.2
25080007603000,34,20,14,1329.4
25080007604000,45,22,23,2439
25080007605000,7,4,3,457.1
25080007606000,5,2,3,162
25080007612000,1,1,0,0
25080007613000,35,19,16,1708
25080007621000,5,3,2,283
25080007622000,11,5,6,434.5
25080007626000,9,4,5,498.6
25080007627000,6,3,3,253.2
25080007633000,13,8,5,500.5
25080007643000,7,3,4,130.9
25080007644000,47,24,23,1978.7
25080007645000,19,9,10,716.3
25090007460000,34,16,18,1509.6
25090007461000,20,12,8,758
25090007465000,38,22,16,1238.8
25090007469000,2,1,1,0
25090007470000,17,8,9,623.9
25090007484000,8,4,4,330.4
25090007516000,128,67,61,5132.8
25090007535000,8,4,4,344
25090007536000,13,5,8,425.1
25090007537000,6,3,3,373.2
25090007598000,3,2,1,0
25090007599000,2,1,1,0
25090007602000,48,19,29,2692.8
25090007605000,6,3,3,196.8
25090007606000,19,8,11,1052.6
25090007607000,5,2,3,256
25090007613000,48,26,22,2145.6
25090007614000,3,2,1,0
25090007621000,3,1,2,0
25090007622000,22,11,11,825
25090007626000,2,1,1,0
25090007627000,21,13,8,558.6
25090007634000,6,4,2,351
25090007643000,4,3,1,0
25090007644000,47,26,21,2030.4
25090007645000,31,15,16,1112.9
25100007457000,1,1,0,0
25100007461000,35,23,12,1221.5
25100007465000,64,33,31,3033.6
25100007467000,2,1,1,0
25100007469000,7,4,3,443.8
25100007470000,11,6,5,475.2
25100007471000,22,10,12,796.4
25100007472000,6,3,3,186
25100007507000,1,1,0,0
25100007516000,53,22,31,1934.5
25100007517000,44,26,18,2208.8
25100007529000,3,2,1,0
25100007530000,4,2,2,0
25100007534000,4,2,2,0
25100007535000,25,13,12,1080
25100007584000,3,2,1,0
25100007600000,3,2,1,0
25100007601000,6,2,4,319.2
25100007602000,32,18,14,1904
25100007607000,3,2,1,0
25100007613000,13,10,3,508.3
25100007614000,67,35,32,2994.9
25100007621000,7,4,3,424.2
25100007622000,8,4,4,216.8
25100007626000,3,1,2,0
25100007627000,14,8,6,530.6
25100007638000,5,3,2,187
25100007642000,18,10,8,997.2
25100007643000,77,40,37,3326.4
25100007644000,14,7,7,597.8
25100007645000,13,5,8,633.1
25100007646000,7,3,4,462.7
25100007647000,51,24,27,1973.7
25110007438000,3,2,1,0
25110007440000,1,0,1,0
25110007457000,7,4,3,359.1
25110007461000,10,5,5,478
25110007466000,8,5,3,275.2
25110007467000,16,9,7,776
25110007468000,53,28,25,1918.6
25110007469000,51,24,27,2116.5
25110007470000,39,17,22,1532.7
25110007472000,2,1,1,0
25110007473000,6,4,2,417
25110007517000,14,5,9,757.4
25110007530000,20,8,12,734
25110007531000,4,2,2,0
25110007534000,3,1,2,0
25110007535000,4,3,1,0
25110007600000,1,1,0,0
25110007601000,30,16,14,1836
25110007602000,1,1,0,0
25110007606000,28,13,15,1400
25110007607000,10,4,6,408
25110007614000,106,52,54,3752.4
25110007615000,57,31,26,2251.5
25110007621000,4,2,2,0
25110007622000,1,0,1,0
25110007626000,19,9,10,758.1
25110007627000,35,13,22,1386
25110007628000,23,12,11,834.9
25110007629000,1,1,0,0
25110007639000,35,16,19,1410.5
25110007640000,41,22,19,1746.6
25110007641000,29,15,14,1490.6
25110007642000,96,48,48,4320
25110007643000,231,109,122,10233.3
25110007644000,30,15,15,1233
25110007645000,27,14,13,1196.1
25110007646000,3,1,2,0
25110007647000,6,5,1,267
25110007648000,1,1,0,0
25120007415000,1,1,0,0
25120007417000,4,2,2,0
25120007418000,5,3,2,155
25120007419000,7,3,4,529.2
25120007425000,21,8,13,867.3
25120007429000,1,0,1,0
25120007453000,1,1,0,0
25120007460000,4,3,1,0
25120007461000,7,2,5,217.7
25120007469000,2,1,1,0
25120007470000,22,13,9,651.2
25120007471000,14,9,5,687.4
25120007472000,22,16,6,686.4
25120007473000,2,2,0,0
25120007508000,2,1,1,0
25120007512000,1,0,1,0
25120007519000,17,10,7,838.1
25120007520000,16,7,9,614.4
25120007606000,10,4,6,403
25120007615000,49,25,24,1670.9
25120007616000,41,25,16,1525.2
25120007626000,39,18,21,1521
25120007628000,1,0,1,0
25120007629000,3,2,1,0
25120007631000,4,2,2,0
25120007632000,16,7,9,478.4
25120007642000,4,3,1,0
25120007643000,10,7,3,296
25130007414000,2,2,0,0
25130007415000,1,0,1,0
25130007417000,2,1,1,0
25130007419000,14,7,7,757.4
25130007420000,20,12,8,898
25130007421000,12,8,4,532.8
25130007422000,12,6,6,608.4
25130007423000,23,14,9,910.8
25130007424000,34,16,18,1462
25130007425000,62,35,27,2374.6
25130007426000,47,24,23,1865.9
25130007427000,20,12,8,976
25130007428000,23,12,11,871.7
25130007429000,185,102,83,7566.5
25130007430000,77,38,39,3726.8
25130007431000,20,12,8,766
25130007443000,2,0,2,0
25130007457000,4,2,2,0
25130007458000,4,1,3,0
25130007461000,30,15,15,1530
25130007473000,3,2,1,0
25130007474000,2,1,1,0
25130007477000,1,1,0,0
25130007519000,13,7,6,794.3
25130007533000,1,1,0,0
25130007544000,126,61,65,6199.2
25130007545000,30,14,16,1503
25130007615000,26,15,11,1099.8
25130007616000,87,48,39,3314.7
25130007625000,16,12,4,537.6
25130007626000,80,42,38,3136
25130007631000,11,5,6,512.6
25130007639000,4,3,1,0
25140007414000,1,1,0,0
25140007421000,1,1,0,0
25140007422000,10,5,5,580
25140007423000,29,12,17,1264.4
25140007424000,4,3,1,0
25140007428000,10,6,4,469
25140007429000,51,26,25,2361.3
25140007430000,90,48,42,3969
25140007431000,84,50,34,3175.2
25140007432000,49,25,24,2028.6
25140007433000,58,30,28,2575.2
25140007458000,36,18,18,1706.4
25140007459000,5,3,2,294
25140007460000,2,1,1,0
25140007461000,58,33,25,2383.8
25140007473000,2,1,1,0
25140007474000,2,1,1,0
25140007475000,9,3,6,420.3
25140007520000,1,1,0,0
25140007533000,15,8,7,847.5
25140007544000,10,5,5,329
25140007545000,1,1,0,0
25140007546000,6,3,3,379.2
25140007582000,4,3,1,0
25140007587000,5,1,4,409
25140007588000,3,2,1,0
25140007606000,1,1,0,0
25140007609000,3,1,2,0
25140007616000,32,15,17,1110.4
25140007617000,111,54,57,4018.2
25140007618000,5,1,4,103
25140007625000,29,15,14,1267.3
25140007632000,10,8,2,485
25150007413000,3,1,2,0
25150007423000,4,3,1,0
25150007428000,3,3,0,0
25150007429000,10,3,7,502
25150007432000,9,4,5,324.9
25150007433000,12,6,6,502.8
25150007434000,40,20,20,1596
25150007435000,11,7,4,588.5
25150007438000,3,1,2,0
25150007439000,1,0,1,0
25150007440000,311,166,145,13030.9
25150007441000,35,19,16,1697.5
25150007443000,2,2,0,0
25150007444000,5,2,3,350
25150007456000,7,3,4,319.9
25150007459000,582,285,297,24094.8
25150007460000,944,456,488,40592
25150007461000,48,26,22,2347.2
25150007462000,2,1,1,0
25150007474000,10,4,6,436
25150007520000,4,2,2,0
25150007545000,7,3,4,252.7
25150007581000,2,1,1,0
25150007582000,5,4,1,111
25150007585000,1,0,1,0
25150007586000,2,1,1,0
25150007609000,35,20,15,2047.5
25150007610000,18,8,10,957.6
25150007617000,34,21,13,1417.8
25150007618000,606,291,315,23209.8
25150007619000,576,282,294,20102.4
25150007620000,694,359,335,26233.2
25150007621000,105,56,49,3139.5
25150007622000,36,18,18,1818
25150007623000,63,30,33,2368.8
25150007625000,30,14,16,1299
25150007635000,6,4,2,297
25150007636000,1,1,0,0
25160007412000,1,0,1,0
25160007424000,2,1,1,0
25160007426000,5,2,3,288
25160007427000,10,5,5,459
25160007428000,5,2,3,242
25160007434000,4,3,1,0
25160007435000,36,17,19,1670.4
25160007436000,68,37,31,3019.2
25160007437000,54,30,24,2214
25160007438000,101,47,54,4100.6
25160007439000,117,60,57,5031
25160007440000,31,20,11,1360.9
25160007441000,236,117,119,10407.6
25160007442000,577,266,311,24234
25160007444000,63,35,28,2331
25160007445000,50,24,26,2355
25160007451000,2,2,0,0
25160007455000,2,1,1,0
25160007456000,76,44,32,3009.6
25160007457000,2,1,1,0
25160007459000,128,69,59,6080
25160007460000,998,484,514,42315.2
25160007461000,539,269,270,22691.9
25160007462000,4,3,1,0
25160007463000,27,15,12,826.2
25160007464000,18,12,6,721.8
25160007523000,1,1,0,0
25160007533000,9,6,3,381.6
25160007543000,16,8,8,740.8
25160007546000,6,3,3,360
25160007547000,18,5,13,903.6
25160007548000,1,0,1,0
25160007550000,7,3,4,361.9
25160007582000,13,5,8,711.1
25160007610000,21,12,9,1146.6
25160007618000,51,21,30,1519.8
25160007619000,1076,533,543,46375.6
25160007620000,1462,726,736,65790
25160007621000,846,421,425,33332.4
25160007622000,91,47,44,3494.4
25160007623000,42,22,20,1701
25160007624000,23,10,13,1104
25160007643000,1,0,1,0
25170007411000,10,6,4,602
25170007424000,4,2,2,0
25170007425000,2,1,1,0
25170007436000,3,2,1,0
25170007437000,9,4,5,392.4
25170007440000,4,3,1,0
25170007441000,112,57,55,3987.2
25170007442000,858,420,438,38695.8
25170007444000,28,14,14,1005.2
25170007447000,13,7,6,660.4
25170007449000,1,1,0,0
25170007455000,5,3,2,164
25170007456000,69,32,37,2891.1
25170007457000,131,62,69,5462.7
25170007458000,4,3,1,0
25170007460000,1007,499,508,47832.5
25170007461000,386,189,197,18836.8
25170007462000,2,1,1,0
25170007463000,21,12,9,739.2
25170007464000,26,15,11,1123.2
25170007465000,28,16,12,1302
25170007466000,2,1,1,0
25170007543000,11,4,7,520.3
25170007544000,4,2,2,0
25170007547000,7,4,3,380.8
25170007548000,24,12,12,1020
25170007549000,10,5,5,412
25170007557000,4,2,2,0
25170007582000,19,9,10,1064
25170007583000,2,1,1,0
25170007587000,1,1,0,0
25170007611000,11,5,6,652.3
25170007620000,27,14,13,1647
25170007621000,16,8,8,657.6
25170007622000,25,13,12,905
25170007641000,2,0,2,0
25170007651000,4,3,1,0
25170007652000,7,4,3,354.2
25170007653000,2,1,1,0
25180007424000,1,0,1,0
25180007425000,5,3,2,152
25180007427000,1,1,0,0
25180007428000,4,2,2,0
25180007429000,5,2,3,185
25180007441000,4,2,2,0
25180007442000,449,226,223,18184.5
25180007443000,10,5,5,665
25180007458000,34,16,18,1723.8
25180007459000,270,141,129,11259
25180007460000,537,268,269,21426.3
25180007461000,765,401,364,30294
25180007463000,20,12,8,770
25180007464000,49,25,24,2160.9
25180007465000,7,3,4,401.8
25180007466000,15,10,5,651
25180007550000,3,2,1,0
25180007558000,16,9,7,916.8
25180007581000,4,2,2,0
25180007582000,8,5,3,488.8
25180007619000,95,52,43,3344
25180007620000,603,305,298,21828.6
25180007621000,57,30,27,2086.2
25180007622000,1,0,1,0
25180007623000,38,20,18,1451.6
25180007626000,8,5,3,240
25180007627000,27,15,12,1112.4
25180007633000,6,5,1,214.8
25190007423000,13,4,9,456.3
25190007429000,11,6,5,712.8
25190007431000,3,2,1,0
25190007441000,1,1,0,0
25190007442000,2,1,1,0
25190007443000,9,6,3,253.8
25190007446000,25,12,13,1367.5
25190007447000,17,8,9,727.6
25190007448000,6,3,3,310.2
25190007458000,18,10,8,813.6
25190007459000,62,34,28,2120.4
25190007460000,69,36,33,2111.4
25190007461000,24,12,12,688.8
25190007463000,12,5,7,534
25190007464000,13,6,7,458.9
25190007465000,20,10,10,758
25190007466000,1,1,0,0
25190007467000,11,6,5,466.4
25190007468000,16,9,7,344
25190007482000,5,3,2,135
25190007484000,93,51,42,3933.9
25190007485000,46,22,24,2102.2
25190007491000,1,0,1,0
25190007534000,2,1,1,0
25190007535000,6,3,3,448.2
25190007541000,2,1,1,0
25190007548000,1,1,0,0
25190007550000,15,6,9,634.5
25190007557000,3,2,1,0
25190007558000,2,2,0,0
25190007559000,3,2,1,0
25190007581000,2,1,1,0
25190007582000,1,1,0,0
25190007615000,10,8,2,285
25190007616000,116,55,61,4280.4
25190007617000,53,26,27,1685.4
25190007618000,24,16,8,1032
25190007619000,8,6,2,364
25190007623000,7,4,3,415.1
25190007626000,115,66,49,4945
25190007627000,3,1,2,0
25190007628000,2,1,1,0
25190007629000,23,12,11,825.7
25190007630000,16,8,8,536
25190007633000,2,1,1,0
25190007640000,9,4,5,606.6
25190007641000,4,2,2,0
25200007400000,12,5,7,528
25200007401000,2,2,0,0
25200007423000,5,3,2,228
25200007430000,7,3,4,291.9
25200007441000,6,1,5,441
25200007442000,7,3,4,455
25200007443000,27,15,12,1360.8
25200007444000,3,3,0,0
25200007450000,2,1,1,0
25200007458000,6,3,3,358.8
25200007459000,36,19,17,1609.2
25200007464000,9,4,5,484.2
25200007465000,6,3,3,336
25200007469000,24,14,10,979.2
25200007470000,11,7,4,456.5
25200007480000,13,7,6,611
25200007481000,26,15,11,1232.4
25200007482000,12,8,4,699.6
25200007483000,5,3,2,342
25200007484000,64,28,36,2745.6
25200007485000,3,1,2,0
25200007491000,4,2,2,0
25200007543000,5,3,2,124
25200007551000,23,14,9,690
25200007555000,12,7,5,451.2
25200007556000,2,2,0,0
25200007581000,38,20,18,1831.6
25200007582000,9,6,3,500.4
25200007583000,13,6,7,575.9
25200007614000,177,93,84,6637.5
25200007615000,353,179,174,14014.1
25200007616000,63,32,31,2469.6
25200007618000,2,1,1,0
25200007619000,3,1,2,0
25200007623000,12,7,5,476.4
25200007625000,76,34,42,2888
25200007626000,34,19,15,1652.4
25200007641000,13,6,7,767
25200007642000,3,1,2,0
25200007658000,15,9,6,676.5
25200007659000,37,16,21,1761.2
25210007428000,4,3,1,0
25210007429000,7,2,5,249.2
25210007430000,9,4,5,484.2
25210007449000,44,22,22,1944.8
25210007450000,22,13,9,1005.4
25210007452000,1,1,0,0
25210007457000,45,20,25,1809
25210007458000,45,24,21,1633.5
25210007459000,16,8,8,705.6
25210007465000,20,13,7,760
25210007466000,8,4,4,239.2
25210007467000,16,9,7,492.8
25210007469000,21,8,13,724.5
25210007470000,38,21,17,1755.6
25210007471000,1,1,0,0
25210007478000,5,2,3,201
25210007479000,47,26,21,1842.4
25210007480000,13,6,7,526.5
25210007488000,8,6,2,371.2
25210007489000,21,12,9,907.2
25210007490000,2,1,1,0
25210007536000,3,1,2,0
25210007542000,12,5,7,429.6
25210007551000,13,9,4,432.9
25210007554000,12,6,6,483.6
25210007555000,8,5,3,340.8
25210007559000,2,1,1,0
25210007581000,5,2,3,355
25210007582000,4,3,1,0
25210007613000,1,1,0,0
25210007614000,143,67,76,5734.3
25210007616000,21,10,11,539.7
25210007623000,44,23,21,1474
25210007624000,89,50,39,3560
25210007625000,39,22,17,1341.6
25210007628000,2,1,1,0
25210007632000,1,0,1,0
25210007633000,6,3,3,172.2
25210007634000,5,4,1,204
25210007642000,6,4,2,364.8
25210007643000,3,2,1,0
25220007411000,8,5,3,324
25220007423000,5,3,2,260
25220007430000,5,2,3,122
25220007440000,2,1,1,0
25220007458000,31,15,16,1345.4
25220007466000,9,7,2,430.2
25220007467000,35,20,15,1155
25220007470000,23,13,10,733.7
25220007471000,9,4,5,270
25220007472000,16,7,9,737.6
25220007477000,5,2,3,299
25220007484000,5,2,3,221
25220007488000,11,4,7,528
25220007489000,24,12,12,1533.6
25220007542000,6,5,1,214.2
25220007552000,1,0,1,0
25220007553000,6,3,3,202.8
25220007580000,10,5,5,621
25220007613000,10,6,4,458
25220007614000,35,20,15,1638
25220007620000,2,1,1,0
25220007625000,42,22,20,1570.8
25220007638000,20,13,7,1064
25220007639000,15,9,6,955.5
25220007640000,1,1,0,0
25220007645000,5,3,2,360
25220007646000,1,1,0,0
25220007647000,1,1,0,0
25220007652000,2,2,0,0
25220007662000,8,5,3,524
25220007663000,27,14,13,1155.6
25230007411000,2,2,0,0
25230007468000,19,10,9,780.9
25230007469000,4,3,1,0
25230007470000,14,8,6,586.6
25230007472000,6,3,3,304.2
25230007473000,18,9,9,975.6
25230007474000,6,4,2,307.2
25230007476000,1,1,0,0
25230007480000,6,2,4,226.2
25230007481000,22,12,10,908.6
25230007482000,13,10,3,495.3
25230007483000,12,7,5,510
25230007484000,5,1,4,318
25230007534000,5,2,3,291
25230007535000,1,0,1,0
25230007542000,6,3,3,358.8
25230007553000,6,3,3,259.2
25230007578000,1,1,0,0
25230007580000,4,2,2,0
25230007611000,3,1,2,0
25230007613000,8,5,3,366.4
25230007614000,5,3,2,103
25230007625000,76,43,33,2591.6
25230007634000,7,4,3,200.9
25230007637000,14,8,6,553
25230007647000,1,1,0,0
25230007650000,2,1,1,0
25230007662000,1,0,1,0
25240007410000,3,2,1,0
25240007455000,2,0,2,0
25240007468000,18,8,10,669.6
25240007469000,12,8,4,420
25240007470000,10,6,4,461
25240007471000,6,2,4,351
25240007472000,10,6,4,452
25240007483000,53,28,25,1982.2
25240007542000,4,1,3,0
25240007552000,21,12,9,1060.5
25240007554000,2,0,2,0
25240007555000,3,2,1,0
25240007578000,8,7,1,230.4
25240007579000,5,3,2,330
25240007580000,2,1,1,0
25240007612000,12,6,6,375.6
25240007616000,2,1,1,0
25240007625000,14,7,7,630
25240007626000,21,8,13,846.3
25240007634000,7,2,5,296.8
25240007636000,13,8,5,491.4
25240007641000,4,2,2,0
25240007643000,5,2,3,215
25240007645000,6,2,4,288
25240007654000,4,2,2,0
25240007663000,1,0,1,0
25250007409000,17,7,10,914.6
25250007410000,11,7,4,688.6
25250007456000,14,7,7,600.6
25250007469000,342,172,170,13269.6
25250007470000,525,269,256,21525
25250007471000,6,3,3,184.2
25250007475000,10,4,6,601
25250007476000,2,1,1,0
25250007485000,3,2,1,0
25250007489000,1,0,1,0
25250007494000,1,0,1,0
25250007542000,3,1,2,0
25250007551000,10,7,3,341
25250007552000,253,127,126,10777.8
25250007554000,1,0,1,0
25250007558000,11,5,6,498.3
25250007578000,12,7,5,562.8
25250007579000,19,8,11,967.1
25250007612000,12,6,6,498
25250007615000,3,2,1,0
25250007626000,24,13,11,976.8
25250007636000,11,6,5,586.3
25250007647000,2,1,1,0
25250007648000,10,7,3,592
25250007649000,21,10,11,1020.6
25250007650000,6,3,3,223.2
25250007651000,156,81,75,6583.2
25250007652000,36,20,16,1598.4
25250007653000,6,2,4,181.8
25250007654000,32,17,15,1504
25250007664000,2,1,1,0
25260007408000,2,1,1,0
25260007470000,13,6,7,590.2
25260007471000,14,8,6,806.4
25260007472000,4,2,2,0
25260007473000,5,2,3,164
25260007542000,1,1,0,0
25260007551000,39,18,21,1115.4
25260007552000,229,113,116,10167.6
25260007558000,14,8,6,595
25260007560000,2,1,1,0
25260007577000,15,6,9,760.5
25260007578000,8,4,4,458.4
25260007580000,4,3,1,0
25260007625000,14,8,6,525
25260007626000,3,2,1,0
25260007635000,19,10,9,799.9
25260007648000,4,2,2,0
25260007649000,29,12,17,1339.8
25260007653000,1,1,0,0
25260007665000,7,5,2,343.7
25260007669000,61,33,28,2592.5
25270007472000,3,2,1,0
25270007473000,18,9,9,806.4
25270007476000,2,1,1,0
25270007477000,10,6,4,487
25270007478000,4,1,3,0
25270007552000,21,9,12,949.2
25270007556000,6,2,4,325.2
25270007559000,15,6,9,411
25270007560000,18,10,8,950.4
25270007561000,1,1,0,0
25270007562000,10,6,4,498
25270007563000,43,25,18,1995.2
25270007578000,1,1,0,0
25270007580000,17,10,7,1130.5
25270007612000,3,2,1,0
25270007625000,11,5,6,339.9
25270007626000,3,0,3,0
25270007635000,2,1,1,0
25270007636000,10,7,3,558
25270007649000,4,3,1,0
25270007653000,6,3,3,265.8
25270007654000,5,3,2,261
25270007663000,1,0,1,0
25270007669000,36,20,16,1555.2
25270007670000,3,1,2,0
25280007474000,5,2,3,340
25280007475000,6,2,4,363
25280007476000,42,22,20,1810.2
25280007477000,12,7,5,801.6
25280007478000,2,1,1,0
25280007543000,4,1,3,0
25280007556000,4,2,2,0
25280007558000,1,0,1,0
25280007578000,8,3,5,228
25280007581000,6,2,4,201
25280007625000,4,2,2,0
25280007626000,3,1,2,0
25280007650000,5,2,3,284
25280007653000,2,1,1,0
25280007654000,4,2,2,0
25280007655000,7,4,3,273.7
25290007475000,23,11,12,1044.2
25290007476000,32,18,14,1564.8
25290007503000,1,1,0,0
25290007543000,1,0,1,0
25290007552000,2,1,1,0
25290007556000,3,2,1,0
25290007557000,4,2,2,0
25290007558000,1,0,1,0
25290007561000,14,5,9,771.4
25290007583000,4,2,2,0
25290007584000,3,2,1,0
25290007585000,14,6,8,677.6
25290007588000,1,1,0,0
25290007649000,2,2,0,0
25290007650000,7,3,4,497
25290007655000,3,2,1,0
25290007665000,9,4,5,415.8
25300007408000,16,8,8,736
25300007453000,2,0,2,0
25300007475000,12,5,7,544.8
25300007478000,1,1,0,0
25300007480000,3,2,1,0
25300007497000,1,0,1,0
25300007498000,5,2,3,347
25300007499000,1,1,0,0
25300007547000,2,1,1,0
25300007548000,1,1,0,0
25300007584000,9,4,5,338.4
25300007602000,6,4,2,247.8
25300007603000,5,4,1,94
25300007611000,13,6,7,803.4
25300007655000,49,27,22,2347.1
25300007666000,2,1,1,0
25310007407000,2,1,1,0
25310007451000,2,2,0,0
25310007452000,2,1,1,0
25310007480000,15,8,7,949.5
25310007495000,2,1,1,0
25310007496000,5,2,3,363
25310007501000,1,0,1,0
25310007543000,4,2,2,0
25310007584000,4,1,3,0
25310007585000,5,4,1,309
25310007587000,4,1,3,0
25310007603000,4,2,2,0
25310007610000,9,5,4,459
25310007612000,3,1,2,0
25310007655000,19,11,8,913.9
25310007656000,76,36,40,2736
25310007660000,2,1,1,0
25320007402000,5,2,3,270
25320007482000,2,1,1,0
25320007495000,1,1,0,0
25320007542000,1,1,0,0
25320007543000,7,4,3,490
25320007549000,1,1,0,0
25320007604000,2,1,1,0
25320007606000,6,3,3,388.2
25320007607000,9,5,4,510.3
25320007608000,4,2,2,0
25320007656000,116,63,53,5394
25320007657000,12,7,5,522
25320007660000,1,1,0,0
25320007672000,3,2,1,0
25320007674000,2,1,1,0
25320007675000,2,1,1,0
25330007403000,2,1,1,0
25330007496000,1,1,0,0
25330007508000,3,0,3,0
25330007509000,3,2,1,0
25330007555000,1,1,0,0
25330007605000,1,1,0,0
25330007606000,14,8,6,739.2
25330007607000,2,0,2,0
25330007608000,6,3,3,229.8
25330007609000,6,3,3,364.2
25330007625000,3,1,2,0
25330007627000,3,1,2,0
25330007628000,4,2,2,0
25330007657000,7,4,3,217.7
25330007658000,3,2,1,0
25330007660000,2,1,1,0
25330007678000,16,5,11,1001.6
25330007679000,2,1,1,0
25340007496000,10,5,5,579
25340007508000,17,10,7,758.2
25340007510000,3,2,1,0
25340007555000,2,1,1,0
25340007556000,2,1,1,0
25340007588000,1,1,0,0
25340007589000,6,3,3,328.2
25340007591000,4,0,4,0
25340007615000,8,4,4,364
25340007616000,3,2,1,0
25340007627000,5,3,2,111
25340007629000,7,4,3,286.3
25340007660000,10,6,4,503
25340007677000,9,4,5,339.3
25340007678000,14,7,7,533.4
25350007496000,15,6,9,967.5
25350007497000,7,3,4,247.8
25350007508000,33,18,15,1844.7
25350007509000,4,3,1,0
25350007510000,11,5,6,746.9
25350007528000,2,2,0,0
25350007532000,3,2,1,0
25350007552000,6,2,4,205.2
25350007553000,6,4,2,229.2
25350007555000,43,24,19,2111.3
25350007556000,14,9,5,623
25350007586000,3,2,1,0
25350007587000,4,3,1,0
25350007590000,1,1,0,0
25350007616000,11,7,4,456.5
25350007627000,2,1,1,0
25350007628000,6,4,2,342
25350007630000,4,2,2,0
25350007631000,5,4,1,120
25350007632000,3,2,1,0
25350007633000,2,1,1,0
25350007660000,19,10,9,803.7
25350007661000,2,2,0,0
25360007510000,26,15,11,1196
25360007531000,8,4,4,392
25360007532000,4,3,1,0
25360007534000,1,0,1,0
25360007552000,4,2,2,0
25360007555000,23,12,11,949.9
25360007556000,135,60,75,5818.5
25360007557000,1,1,0,0
25360007558000,9,5,4,603.9
25360007559000,1,1,0,0
25360007588000,1,1,0,0
25360007593000,7,4,3,361.2
25360007594000,3,1,2,0
25360007595000,2,1,1,0
25360007616000,2,1,1,0
25360007617000,39,22,17,1723.8
25360007618000,11,7,4,227.7
25360007662000,4,3,1,0
25360007663000,24,12,12,1238.4
25360007664000,10,6,4,483
25360007675000,2,1,1,0
25370007495000,14,7,7,638.4
25370007496000,2,1,1,0
25370007497000,20,10,10,1096
25370007537000,23,13,10,853.3
25370007540000,3,2,1,0
25370007541000,12,8,4,663.6
25370007552000,6,3,3,385.8
25370007557000,11,8,3,489.5
25370007558000,11,6,5,803
25370007559000,5,3,2,237
25370007560000,2,2,0,0
25370007562000,3,2,1,0
25370007587000,4,2,2,0
25370007617000,12,6,6,663.6
25370007618000,11,6,5,675.4
25370007619000,11,5,6,415.8
25370007629000,19,8,11,847.4
25370007665000,10,4,6,300
25370007666000,32,20,12,1577.6
25370007668000,5,3,2,274
25370007684000,204,104,100,9588
25370007685000,132,65,67,5412
25380007496000,14,7,7,434
25380007513000,1,0,1,0
25380007538000,24,14,10,1051.2
25380007539000,45,27,18,2007
25380007551000,1,1,0,0
25380007552000,2,1,1,0
25380007560000,2,1,1,0
25380007592000,5,4,1,103
25380007619000,9,6,3,475.2
25380007620000,18,10,8,921.6
25380007630000,18,9,9,840.6
25380007631000,4,3,1,0
25380007665000,2,1,1,0
25380007666000,148,61,87,8302.8
25380007667000,16,7,9,873.6
25380007668000,18,11,7,752.4
25380007684000,40,20,20,1792
25380007685000,81,36,45,3458.7
25390007497000,8,3,5,284.8
25390007501000,7,5,2,352.8
25390007502000,2,1,1,0
25390007512000,1,0,1,0
25390007527000,1,1,0,0
25390007528000,2,1,1,0
25390007538000,8,6,2,392
25390007539000,99,50,49,4653
25390007561000,2,1,1,0
25390007572000,1,0,1,0
25390007587000,183,101,82,9168.3
25390007588000,141,63,78,7035.9
25390007620000,2,1,1,0
25390007667000,11,6,5,379.5
25390007668000,8,5,3,463.2
25390007669000,3,2,1,0
25400007497000,7,4,3,429.8
25400007502000,1,0,1,0
25400007548000,18,10,8,604.8
25400007588000,604,283,321,29535.6
25400007589000,653,331,322,27099.5
25400007590000,13,5,8,634.4
25400007669000,16,7,9,652.8
25400007681000,1,1,0,0
25410007502000,2,2,0,0
25410007521000,2,1,1,0
25410007524000,1,1,0,0
25410007540000,3,2,1,0
25410007546000,10,3,7,337
25410007547000,7,4,3,170.8
25410007559000,2,2,0,0
25410007589000,88,46,42,3423.2
25410007591000,1,1,0,0
25410007592000,3,2,1,0
25410007593000,1,1,0,0
25410007619000,11,7,4,386.1
25410007670000,39,21,18,1934.4
25410007671000,16,9,7,628.8
25410007681000,4,3,1,0
25410007688000,161,86,75,6697.6
25420007448000,5,3,2,274
25420007449000,156,80,76,6427.2
25420007501000,2,1,1,0
25420007525000,1,1,0,0
25420007547000,22,11,11,1331
25420007562000,7,3,4,144.2
25420007563000,8,5,3,407.2
25420007564000,48,28,20,2529.6
25420007565000,10,4,6,551
25420007594000,28,17,11,1500.8
25420007614000,1,0,1,0
25420007617000,2,1,1,0
25420007618000,14,6,8,453.6
25420007619000,9,7,2,354.6
25420007621000,2,1,1,0
25420007622000,7,3,4,352.1
25420007623000,15,7,8,562.5
25420007624000,10,5,5,620
25420007625000,11,9,2,502.7
25420007671000,14,9,5,746.2
25420007672000,20,10,10,946
25420007674000,3,3,0,0
25420007675000,2,2,0,0
25420007676000,4,2,2,0
25420007688000,408,212,196,17462.4
25420007689000,333,173,160,12354.3
25430007447000,28,16,12,1408.4
25430007448000,40,22,18,1848
25430007547000,17,11,6,776.9
25430007548000,31,18,13,1391.9
25430007562000,5,3,2,252
25430007564000,4,0,4,0
25430007565000,9,5,4,465.3
25430007567000,4,2,2,0
25430007568000,18,9,9,1076.4
25430007569000,8,2,6,388
25430007570000,2,1,1,0
25430007571000,41,22,19,2160.7
25430007595000,9,4,5,434.7
25430007614000,1,0,1,0
25430007615000,1,0,1,0
25430007617000,25,12,13,1045
25430007618000,31,17,14,1553.1
25430007624000,7,4,3,272.3
25430007625000,16,10,6,611.2
25430007626000,13,6,7,507
25430007628000,1,0,1,0
25430007630000,2,1,1,0
25430007673000,6,3,3,309
25430007676000,6,3,3,228
25430007677000,14,5,9,652.4
25430007678000,14,7,7,796.6
25430007679000,2,2,0,0
25430007680000,11,5,6,591.8
25430007681000,15,7,8,711
25430007689000,355,182,173,16188
25430007690000,145,61,84,5394
25440007447000,112,57,55,5521.6
25440007547000,36,16,20,1468.8
25440007548000,98,50,48,3645.6
25440007549000,12,7,5,652.8
25440007565000,26,14,12,1073.8
25440007566000,3,2,1,0
25440007567000,9,5,4,323.1
25440007568000,3,2,1,0
25440007605000,1,1,0,0
25440007627000,19,9,10,822.7
25440007628000,6,4,2,460.2
25440007631000,3,1,2,0
25440007632000,15,8,7,472.5
25440007633000,45,24,21,2074.5
25440007634000,153,76,77,6930.9
25440007635000,19,11,8,1001.3
25440007681000,17,7,10,1028.5
25440007682000,40,21,19,2324
25440007689000,411,213,198,16768.8
25440007690000,806,412,394,34980.4
25450007446000,45,27,18,2245.5
25450007447000,41,20,21,1849.1
25450007546000,1,0,1,0
25450007547000,134,71,63,5279.6
25450007548000,164,95,69,7019.2
25450007562000,1,0,1,0
25450007563000,6,4,2,330
25450007590000,4,2,2,0
25450007600000,3,1,2,0
25450007604000,2,1,1,0
25450007627000,35,19,16,1221.5
25450007630000,56,26,30,2693.6
25450007631000,23,12,11,1108.6
25450007636000,2,1,1,0
25450007682000,5,2,3,267
25450007683000,10,5,5,564
25450007684000,6,4,2,343.8
25460007446000,102,54,48,4620.6
25460007546000,112,59,53,4222.4
25460007547000,22,12,10,992.2
25460007558000,3,2,1,0
25460007560000,1,0,1,0
25460007590000,1,1,0,0
25460007592000,3,1,2,0
25460007593000,15,5,10,790.5
25460007626000,7,3,4,242.9
25460007627000,25,14,11,817.5
25460007629000,25,14,11,1315
25460007630000,180,105,75,7146
25460007637000,12,5,7,550.8
25460007683000,1,0,1,0
25460007684000,12,5,7,638.4
25470007445000,21,10,11,1297.8
25470007446000,30,16,14,1779
25470007593000,10,5,5,778
25470007603000,2,1,1,0
25470007626000,12,7,5,787.2
25470007627000,16,7,9,572.8
25470007629000,972,442,530,41504.4
25470007630000,89,39,50,3933.8
25470007637000,5,3,2,265
25470007638000,11,5,6,574.2
25470007639000,11,5,6,501.6
25480007544000,32,17,15,1305.6
25480007545000,65,31,34,2600
25480007546000,3,2,1,0
25480007625000,6,1,5,193.2
25480007628000,26,14,12,1047.8
25480007629000,77,39,38,3141.6
25480007639000,51,30,21,2193
25490007625000,3,3,0,0
25490007628000,64,35,29,3040
25500007530000,1,1,0,0
25500007531000,15,11,4,933
25500007532000,3,2,1,0
25500007533000,3,1,2,0
25500007605000,6,3,3,229.2
25500007606000,70,37,33,3010
25500007625000,55,21,34,2310
25500007626000,2,1,1,0
25500007627000,48,25,23,2073.6
25500007628000,54,29,25,2424.6
25500007645000,2,2,0,0
25500007650000,50,24,26,2430
25500007651000,21,12,9,1201.2
25510007530000,1,1,0,0
25510007531000,4,3,1,0
25510007589000,1,0,1,0
25510007605000,21,11,10,861
25510007606000,124,58,66,5766
25510007624000,2,2,0,0
25510007625000,201,109,92,7617.9
25510007626000,38,19,19,1903.8
25510007636000,1,1,0,0
25510007637000,12,8,4,622.8
25510007638000,2,1,1,0
25510007649000,9,5,4,484.2
25510007650000,4,2,2,0
25520007559000,11,6,5,605
25520007582000,2,1,1,0
25520007583000,5,2,3,325
25520007584000,15,8,7,937.5
25520007590000,4,1,3,0
25520007606000,7,4,3,357.7
25520007622000,6,3,3,346.2
25520007623000,13,9,4,544.7
25520007624000,21,12,9,741.3
25520007625000,7,3,4,293.3
25520007626000,8,4,4,391.2
25520007636000,5,4,1,192
25520007642000,14,5,9,714
25530007567000,1,1,0,0
25530007590000,2,1,1,0
25530007604000,11,4,7,731.5
25530007605000,8,5,3,460
25530007606000,12,6,6,663.6
25530007619000,1,0,1,0
25530007620000,2,1,1,0
25530007635000,29,17,12,928
25530007636000,23,11,12,749.8
25530007637000,27,14,13,1231.2
25530007641000,17,8,9,814.3
25530007642000,5,1,4,302
25540007548000,1,1,0,0
25540007557000,9,4,5,549.9
25540007568000,2,2,0,0
25540007590000,15,5,10,753
25540007591000,17,9,8,902.7
25540007605000,15,9,6,942
25540007606000,17,10,7,846.6
25540007618000,3,1,2,0
25540007619000,8,5,3,490.4
25540007630000,4,2,2,0
25540007635000,3,1,2,0
25540007636000,152,79,73,6627.2
25540007637000,11,7,4,551.1
25540007641000,29,13,16,1322.4
25540007648000,4,3,1,0
25550007554000,19,8,11,946.2
25550007559000,2,1,1,0
25550007570000,3,2,1,0
25550007573000,6,4,2,417
25550007580000,9,5,4,313.2
25550007590000,16,8,8,716.8
25550007602000,6,3,3,288
25550007605000,13,6,7,718.9
25550007606000,23,13,10,936.1
25550007618000,8,4,4,284.8
25550007629000,50,26,24,2060
25550007630000,22,13,9,664.4
25550007631000,3,2,1,0
25550007635000,66,34,32,2844.6
25550007636000,12,8,4,318
25560007553000,78,40,38,3720.6
25560007554000,227,126,101,11077.6
25560007570000,2,1,1,0
25560007579000,10,5,5,698
25560007580000,6,3,3,348
25560007586000,2,1,1,0
25560007604000,3,2,1,0
25560007605000,12,5,7,477.6
25560007606000,10,5,5,655
25560007625000,7,4,3,307.3
25560007627000,1,1,0,0
25560007628000,30,19,11,984
25560007631000,21,12,9,1071
25560007632000,4,2,2,0
25560007634000,4,2,2,0
25560007635000,47,24,23,1504
25560007636000,40,18,22,1596
25570007540000,1,1,0,0
25570007548000,1,1,0,0
25570007550000,2,1,1,0
25570007551000,6,5,1,421.8
25570007553000,7,3,4,305.2
25570007554000,498,256,242,22509.6
25570007555000,6,3,3,298.8
25570007560000,1,1,0,0
25570007579000,1,0,1,0
25570007580000,1,1,0,0
25570007586000,1,1,0,0
25570007603000,4,2,2,0
25570007604000,10,4,6,475
25570007606000,9,5,4,564.3
25570007615000,3,1,2,0
25570007616000,1,0,1,0
25570007625000,30,21,9,1173
25570007626000,12,6,6,435.6
25570007631000,18,13,5,586.8
25570007634000,2,1,1,0
25570007635000,35,15,20,1568
25570007636000,3,1,2,0
25570007642000,3,1,2,0
25580007566000,4,3,1,0
25580007578000,11,6,5,441.1
25580007591000,4,3,1,0
25580007603000,1,0,1,0
25580007606000,16,10,6,689.6
25580007615000,6,3,3,379.8
25580007616000,14,8,6,684.6
25580007632000,166,87,79,6175.2
25580007634000,2,1,1,0
25580007635000,86,48,38,3706.6
25580007642000,30,17,13,1173
25580007653000,7,4,3,268.1
25580007655000,3,2,1,0
25580007656000,12,5,7,681.6
25590007578000,2,2,0,0
25590007593000,2,1,1,0
25590007601000,3,1,2,0
25590007602000,1,1,0,0
25590007603000,8,2,6,266.4
25590007632000,113,61,52,4214.9
25590007633000,17,9,8,397.8
25590007634000,48,26,22,1934.4
25590007635000,165,80,85,6880.5
25590007636000,18,7,11,687.6
25590007638000,115,59,56,5117.5
25590007641000,3,2,1,0
25590007642000,7,4,3,436.8
25590007653000,5,4,1,270
25590007655000,2,0,2,0
25590007656000,15,9,6,901.5
25590007659000,1,1,0,0
25590007663000,7,4,3,480.9
25600007564000,4,3,1,0
25600007576000,5,3,2,181
25600007599000,31,18,13,1410.5
25600007603000,61,30,31,2787.7
25600007604000,7,4,3,424.2
25600007606000,3,2,1,0
25600007610000,5,3,2,288
25600007611000,7,5,2,466.9
25600007617000,77,38,39,2856.7
25600007618000,56,28,28,2363.2
25600007632000,430,210,220,18060
25600007633000,689,325,364,27491.1
25600007634000,892,448,444,31220
25600007635000,57,27,30,2063.4
25600007636000,8,6,2,288.8
25600007637000,42,22,20,1936.2
25600007638000,2,1,1,0
25600007641000,1,1,0,0
25600007642000,14,7,7,519.4
25600007653000,4,1,3,0
25600007654000,14,9,5,638.4
25600007656000,4,2,2,0
25600007657000,4,2,2,0
25600007661000,1,0,1,0
25610007527000,1,1,0,0
25610007598000,36,20,16,1292.4
25610007599000,34,16,18,1560.6
25610007604000,42,20,22,2301.6
25610007605000,13,8,5,639.6
25610007606000,23,15,8,984.4
25610007607000,59,30,29,2112.2
25610007608000,99,49,50,3979.8
25610007609000,14,5,9,571.2
25610007610000,34,17,17,1587.8
25610007611000,54,28,26,2403
25610007612000,47,23,24,2091.5
25610007617000,4,2,2,0
25610007618000,23,12,11,841.8
25610007619000,40,16,24,1360
25610007620000,6,4,2,343.8
25610007622000,3,1,2,0
25610007623000,118,59,59,5227.4
25610007630000,993,514,479,37634.7
25610007631000,1569,767,802,60720.3
25610007632000,1808,921,887,75393.6
25610007633000,1273,654,619,48374
25610007634000,373,191,182,14024.8
25610007635000,40,10,30,3440
25610007641000,20,10,10,958
25610007654000,120,59,61,5964
25610007655000,10,7,3,633
25610007656000,1,1,0,0
25610007657000,1,1,0,0
25610007661000,1,1,0,0
25620007577000,2,1,1,0
25620007588000,1,0,1,0
25620007596000,1,1,0,0
25620007597000,35,19,16,1767.5
25620007598000,186,98,88,8146.8
25620007604000,6,3,3,444
25620007605000,263,129,134,12203.2
25620007606000,3,2,1,0
25620007612000,13,6,7,813.8
25620007619000,116,64,52,4941.6
25620007620000,139,68,71,6157.7
25620007621000,24,14,10,796.8
25620007623000,205,112,93,8856
25620007624000,278,142,136,10341.6
25620007625000,1,1,0,0
25620007626000,757,381,376,27630.5
25620007627000,320,170,150,10976
25620007628000,833,426,407,31320.8
25620007629000,982,496,486,38199.8
25620007630000,941,461,480,36981.3
25620007631000,890,426,464,38181
25620007632000,683,351,332,27798.1
25620007633000,1515,745,770,71962.5
25620007634000,916,452,464,37739.2
25620007635000,70,37,33,2275
25620007636000,37,16,21,1224.7
25620007641000,34,17,17,1689.8
25620007653000,9,3,6,516.6
25620007654000,38,17,21,1873.4
25620007655000,5,4,1,321
25630007581000,2,1,1,0
25630007583000,1,1,0,0
25630007605000,28,18,10,957.6
25630007608000,49,27,22,2175.6
25630007609000,53,25,28,2045.8
25630007610000,41,21,20,1660.5
25630007611000,8,5,3,576.8
25630007613000,1,0,1,0
25630007614000,7,4,3,329.7
25630007617000,7,3,4,482.3
25630007618000,56,29,27,2357.6
25630007619000,35,20,15,1501.5
25630007620000,4,3,1,0
25630007621000,63,31,32,3061.8
25630007622000,1,0,1,0
25630007624000,29,17,12,1281.8
25630007625000,177,92,85,6708.3
25630007626000,713,362,351,26309.7
25630007627000,701,343,358,28670.9
25630007628000,323,153,170,12274
25630007629000,91,57,34,3803.8
25630007630000,872,390,482,43164
25630007631000,791,401,390,35436.8
25630007632000,120,56,64,4824
25630007635000,2,1,1,0
25630007641000,22,11,11,1245.2
25630007642000,15,7,8,715.5
25640007582000,3,2,1,0
25640007584000,4,4,0,0
25640007585000,1,1,0,0
25640007589000,4,2,2,0
25640007594000,4,3,1,0
25640007603000,10,2,8,694
25640007604000,4,2,2,0
25640007607000,10,7,3,320
25640007608000,305,155,150,12566
25640007609000,387,178,209,16254
25640007610000,43,23,20,1681.3
25640007611000,2,1,1,0
25640007612000,63,32,31,2847.6
25640007613000,9,6,3,407.7
25640007614000,3,2,1,0
25640007615000,32,18,14,1664
25640007616000,49,27,22,2013.9
25640007617000,84,46,38,3628.8
25640007618000,82,39,43,3690
25640007621000,3,1,2,0
25640007622000,8,5,3,356
25640007631000,696,326,370,31111.2
25640007642000,48,24,24,2140.8
25640007643000,57,25,32,2684.7
25640007644000,5,2,3,312
25640007645000,8,4,4,383.2
25640007646000,6,4,2,378
25650007570000,1,1,0,0
25650007575000,1,0,1,0
25650007582000,13,6,7,556.4
25650007583000,5,3,2,346
25650007584000,18,10,8,635.4
25650007587000,1,1,0,0
25650007588000,1,1,0,0
25650007589000,3,2,1,0
25650007590000,1,1,0,0
25650007594000,21,11,10,1071
25650007595000,4,2,2,0
25650007603000,5,3,2,358
25650007607000,89,44,45,3399.8
25650007608000,6,4,2,244.8
25650007614000,3,2,1,0
25650007618000,16,6,10,649.6
25650007643000,8,3,5,240.8
25650007646000,2,1,1,0
25650007647000,34,19,15,1322.6
25650007648000,2,1,1,0
25660007564000,1,1,0,0
25660007579000,14,9,5,799.4
25660007584000,4,2,2,0
25660007585000,2,0,2,0
25660007589000,1,0,1,0
25660007590000,24,11,13,904.8
25660007594000,36,18,18,1242
25660007595000,31,14,17,1438.4
25660007602000,2,1,1,0
25660007603000,144,72,72,6134.4
25660007604000,30,15,15,1515
25660007605000,43,20,23,1870.5
25660007606000,22,10,12,921.8
25660007607000,48,28,20,1756.8
25660007608000,8,3,5,536
25660007649000,39,18,21,2082.6
25660007650000,8,3,5,450.4
25670007573000,5,3,2,337
25670007574000,1,1,0,0
25670007578000,3,2,1,0
25670007586000,3,2,1,0
25670007587000,5,3,2,280
25670007588000,47,21,26,2575.6
25670007589000,28,15,13,1405.6
25670007590000,17,9,8,916.3
25670007594000,5,3,2,190
25670007595000,32,13,19,1500.8
25670007598000,3,2,1,0
25670007599000,4,2,2,0
25670007600000,3,1,2,0
25670007601000,3,1,2,0
25670007602000,1,0,1,0
25670007603000,6,4,2,205.8
25670007605000,7,4,3,322.7
25670007606000,31,15,16,1419.8
25670007607000,27,15,12,999
25670007608000,12,9,3,432
25670007641000,2,1,1,0
25670007648000,22,13,9,1401.4
25670007649000,8,3,5,418.4
25680007587000,2,1,1,0
25680007588000,52,27,25,2584.4
25680007589000,18,8,10,1216.8
25680007595000,1,0,1,0
25680007596000,5,1,4,132
25680007601000,1,1,0,0
25680007602000,10,4,6,317
25680007603000,11,7,4,469.7
25680007609000,32,15,17,1641.6
25680007610000,15,7,8,535.5
25680007611000,25,11,14,1215
25680007641000,9,5,4,547.2
25680007649000,6,3,3,396
25690007575000,2,1,1,0
25690007579000,19,10,9,799.9
25690007580000,1,1,0,0
25690007589000,13,5,8,746.2
25690007590000,8,4,4,426.4
25690007594000,8,4,4,202.4
25690007595000,21,12,9,1058.4
25690007596000,1,0,1,0
25690007597000,1,0,1,0
25690007599000,1,0,1,0
25690007600000,2,1,1,0
25690007601000,11,5,6,723.8
25690007602000,41,20,21,2033.6
25690007603000,58,32,26,2395.4
25690007606000,1,1,0,0
25690007608000,10,6,4,465
25690007609000,16,10,6,604.8
25690007616000,18,11,7,856.8
25690007617000,10,4,6,603
25690007650000,12,5,7,555.6
25700007571000,7,3,4,343.7
25700007572000,1,1,0,0
25700007573000,2,1,1,0
25700007574000,2,1,1,0
25700007575000,1,0,1,0
25700007576000,3,2,1,0
25700007577000,10,7,3,519
25700007578000,12,3,9,494.4
25700007579000,4,4,0,0
25700007580000,22,12,10,761.2
25700007590000,6,4,2,249
25700007594000,8,5,3,384
25700007598000,15,9,6,705
25700007599000,6,2,4,295.2
25700007601000,13,7,6,751.4
25700007602000,2,1,1,0
25700007603000,17,11,6,839.8
25700007604000,5,1,4,173
25700007605000,21,10,11,987
25700007606000,6,5,1,286.8
25700007607000,16,11,5,884.8
25700007608000,3,1,2,0
25700007618000,9,5,4,642.6
25710007572000,1,1,0,0
25710007573000,1,1,0,0
25710007575000,2,1,1,0
25710007577000,1,1,0,0
25710007578000,4,2,2,0
25710007579000,24,13,11,967.2
25710007580000,5,3,2,219
25710007581000,24,16,8,816
25710007595000,7,4,3,445.9
25710007598000,10,3,7,485
25710007599000,57,27,30,2525.1
25710007600000,22,9,13,869
25710007601000,17,9,8,824.5
25710007603000,21,11,10,1029
25710007604000,10,5,5,340
25710007605000,25,15,10,980
25710007606000,41,20,21,1799.9
25710007607000,10,4,6,491
25710007618000,1,1,0,0
25710007619000,17,9,8,637.5
25710007663000,1,1,0,0
25720007571000,2,1,1,0
25720007579000,2,1,1,0
25720007580000,38,18,20,1843
25720007581000,19,9,10,1090.6
25720007582000,9,5,4,241.2
25720007588000,6,3,3,340.2
25720007589000,7,4,3,256.2
25720007590000,6,3,3,276
25720007595000,10,5,5,437
25720007598000,4,3,1,0
25720007599000,2,0,2,0
25720007602000,14,7,7,779.8
25720007603000,30,15,15,1290
25720007604000,10,5,5,373
25720007605000,5,2,3,110
25720007606000,4,2,2,0
25720007617000,3,2,1,0
25720007618000,1,1,0,0
25720007619000,123,58,65,5473.5
25720007662000,81,43,38,3596.4
25720007663000,22,10,12,873.4
25730007578000,2,1,1,0
25730007579000,2,1,1,0
25730007580000,164,83,81,5986
25730007581000,5,3,2,306
25730007582000,4,2,2,0
25730007585000,4,1,3,0
25730007588000,2,1,1,0
25730007595000,2,1,1,0
25730007596000,5,4,1,254
25730007613000,1,1,0,0
25730007614000,2,1,1,0
25730007619000,34,15,19,1737.4
25730007620000,50,23,27,2405
25730007661000,6,4,2,390
25740007579000,5,2,3,198
25740007580000,236,119,117,8850
25740007581000,173,81,92,7266
25740007582000,63,31,32,2494.8
25740007583000,15,7,8,466.5
25740007588000,14,7,7,859.6
25740007599000,2,1,1,0
25740007600000,1,0,1,0
25740007615000,2,1,1,0
25740007616000,1,1,0,0
25740007620000,16,9,7,955.2
25740007624000,4,2,2,0
25740007625000,46,24,22,2290.8
25740007661000,8,6,2,332
25750007580000,21,8,13,890.4
25750007581000,174,84,90,7656
25750007582000,318,167,151,13674
25750007583000,12,7,5,494.4
25750007588000,11,6,5,642.4
25750007619000,58,28,30,2430.2
25750007620000,20,10,10,1148
25750007625000,1,1,0,0
25750007661000,2,1,1,0
25750007662000,1,1,0,0
25760007581000,39,18,21,1630.2
25760007582000,23,13,10,1138.5
25760007583000,99,51,48,4039.2
25760007584000,9,4,5,467.1
25760007587000,60,34,26,3042
25760007596000,16,8,8,945.6
25760007597000,6,3,3,211.8
25760007619000,18,8,10,883.8
25760007620000,2,1,1,0
25760007662000,3,3,0,0
25760007688000,5,2,3,329
25770007581000,3,1,2,0
25770007582000,8,5,3,451.2
25770007583000,8,5,3,459.2
25770007584000,30,12,18,1476
25770007585000,26,18,8,943.8
25770007586000,53,27,26,2093.5
25770007587000,39,18,21,1563.9
25770007596000,1,1,0,0
25770007597000,187,93,94,7236.9
25770007598000,137,60,77,7137.7
25770007599000,7,4,3,471.1
25770007620000,47,23,24,2100.9
25770007621000,9,5,4,333.9
25770007662000,2,1,1,0
25770007663000,7,4,3,478.1
25770007688000,7,4,3,455
25770007689000,41,21,20,2230.4
25780007582000,13,8,5,882.7
25780007585000,1,1,0,0
25780007586000,6,4,2,216
25780007598000,15,8,7,757.5
25780007599000,22,10,12,985.6
25780007600000,30,15,15,1668
25780007601000,10,5,5,383
25780007620000,1,1,0,0
25780007621000,16,7,9,921.6
25780007622000,23,9,14,1002.8
25780007663000,2,1,1,0
25780007664000,5,3,2,277
25780007686000,4,2,2,0
25780007687000,1,0,1,0
25780007689000,9,7,2,375.3
25790007580000,4,2,2,0
25790007582000,82,41,41,3173.4
25790007583000,13,8,5,650
25790007600000,2,1,1,0
25790007601000,5,3,2,315
25790007622000,14,6,8,628.6
25790007623000,7,4,3,324.1
25790007664000,20,8,12,1114
25790007687000,2,1,1,0
25790007689000,16,11,5,665.6
25790007690000,1,0,1,0
25790007696000,1,1,0,0
25800007583000,45,22,23,2461.5
25800007602000,3,2,1,0
25800007618000,2,2,0,0
25800007623000,2,1,1,0
25800007639000,1,0,1,0
25800007663000,8,5,3,300
25800007664000,5,3,2,331
25800007665000,13,7,6,585
25800007666000,6,2,4,289.2
25800007670000,52,23,29,2407.6
25800007671000,2,1,1,0
25800007676000,1,1,0,0
25800007677000,24,11,13,1183.2
25800007686000,2,1,1,0
25800007687000,17,9,8,992.8
25800007690000,1,0,1,0
25800007695000,8,4,4,376
25800007696000,290,147,143,13166
25810007583000,4,2,2,0
25810007601000,105,49,56,4798.5
25810007602000,160,86,74,6752
25810007603000,49,29,20,1969.8
25810007627000,3,3,0,0
25810007640000,10,5,5,711
25810007659000,2,1,1,0
25810007660000,13,5,8,516.1
25810007663000,4,3,1,0
25810007664000,26,14,12,1612
25810007668000,4,2,2,0
25810007670000,5,3,2,253
25810007676000,3,2,1,0
25810007677000,9,3,6,279
25810007686000,5,3,2,227
25810007687000,69,33,36,3236.1
25810007695000,30,13,17,1107
25810007696000,53,27,26,2316.1
25820007583000,8,3,5,410.4
25820007584000,3,3,0,0
25820007601000,57,27,30,2775.9
25820007602000,58,35,23,2238.8
25820007603000,5,2,3,282
25820007620000,1,0,1,0
25820007637000,28,14,14,1512
25820007638000,23,11,12,1290.3
25820007639000,11,6,5,600.6
25820007640000,12,6,6,748.8
25820007661000,1,1,0,0
25820007664000,1,1,0,0
25820007686000,5,3,2,103
25820007687000,9,6,3,398.7
25820007693000,121,64,57,4356
25830007581000,2,1,1,0
25830007584000,13,7,6,738.4
25830007585000,2,1,1,0
25830007586000,3,1,2,0
25830007595000,6,3,3,295.8
25830007596000,5,4,1,343
25830007600000,2,1,1,0
25830007601000,19,10,9,938.6
25830007620000,9,5,4,297
25830007635000,7,3,4,436.1
25830007636000,17,10,7,865.3
25830007637000,40,20,20,1964
25830007661000,2,1,1,0
25830007686000,6,3,3,328.8
25830007693000,87,48,39,3610.5
25840007579000,1,0,1,0
25840007581000,1,1,0,0
25840007585000,5,4,1,349
25840007586000,6,3,3,369
25840007597000,6,2,4,415.2
25840007600000,30,16,14,1074
25840007601000,13,7,6,821.6
25840007633000,5,3,2,219
25840007634000,25,10,15,1162.5
25840007635000,6,3,3,361.2
25840007657000,5,3,2,160
25840007686000,4,3,1,0
25840007687000,93,50,43,4715.1
25840007702000,3,1,2,0
25850007578000,2,1,1,0
25850007579000,1,1,0,0
25850007586000,5,3,2,350
25850007596000,1,1,0,0
25850007599000,1,1,0,0
25850007600000,12,7,5,717.6
25850007619000,32,16,16,1468.8
25850007620000,95,72,23,3980.5
25850007622000,3,1,2,0
25850007623000,2,1,1,0
25850007627000,14,7,7,842.8
25850007628000,10,4,6,535
25850007633000,26,14,12,1099.8
25850007641000,4,2,2,0
25850007646000,4,3,1,0
25850007647000,48,29,19,2678.4
25850007657000,13,5,8,691.6
25850007663000,2,1,1,0
25850007664000,2,1,1,0
25850007665000,39,24,15,1497.6
25850007687000,5,3,2,289
25850007702000,14,7,7,670.6
25860007598000,2,1,1,0
25860007616000,19,10,9,1267.3
25860007619000,246,131,115,11119.2
25860007620000,59,33,26,2826.1
25860007628000,50,25,25,2685
25860007629000,11,6,5,577.5
25860007632000,36,20,16,1260
25860007633000,10,4,6,397
25860007640000,10,6,4,423
25860007641000,14,8,6,739.2
25860007646000,18,9,9,824.4
25860007647000,2,1,1,0
25860007660000,10,5,5,456
25860007661000,9,6,3,458.1
25860007662000,1,0,1,0
25860007663000,1,1,0,0
25860007664000,32,15,17,1523.2
25860007665000,112,63,49,4816
25870007586000,3,2,1,0
25870007587000,16,10,6,638.4
25870007588000,2,1,1,0
25870007601000,2,1,1,0
25870007602000,3,1,2,0
25870007618000,4,1,3,0
25870007619000,19,9,10,790.4
25870007629000,23,12,11,1108.6
25870007630000,39,21,18,1895.4
25870007631000,400,208,192,17320
25870007632000,37,22,15,1376.4
25870007635000,8,4,4,472.8
25870007636000,40,22,18,1916
25870007637000,16,9,7,707.2
25870007639000,6,3,3,216
25870007645000,12,5,7,510
25870007646000,23,8,15,1306.4
25870007658000,10,5,5,337
25870007660000,3,2,1,0
25870007663000,3,2,1,0
25870007664000,7,3,4,452.2
25870007665000,30,15,15,1548
25870007707000,7,5,2,387.1
25880007587000,14,7,7,529.2
25880007588000,4,2,2,0
25880007602000,1,1,0,0
25880007603000,5,3,2,266
25880007615000,3,2,1,0
25880007618000,12,5,7,544.8
25880007630000,7,4,3,256.9
25880007631000,10,5,5,248
25880007633000,9,5,4,576
25880007634000,38,19,19,1960.8
25880007636000,18,7,11,824.4
25880007637000,36,20,16,1857.6
25880007644000,2,1,1,0
25880007645000,4,3,1,0
25880007646000,43,19,24,2008.1
25880007647000,1,0,1,0
25880007658000,8,4,4,452
25880007701000,5,2,3,297
25890007587000,7,5,2,270.2
25890007588000,17,7,10,523.6
25890007595000,1,0,1,0
25890007603000,7,4,3,417.9
25890007617000,9,4,5,627.3
25890007618000,2,2,0,0
25890007633000,21,12,9,1005.9
25890007643000,1,0,1,0
25890007705000,103,47,56,4274.5
25890007706000,36,15,21,1692
25900007587000,5,2,3,166
25900007596000,1,0,1,0
25900007615000,6,4,2,397.2
25900007617000,11,8,3,807.4
25900007618000,1,1,0,0
25900007633000,2,2,0,0
25900007643000,4,4,0,0
25900007647000,10,5,5,530
25900007648000,10,7,3,439
25900007668000,4,3,1,0
25900007705000,55,29,26,2139.5
25910007586000,2,1,1,0
25910007613000,2,1,1,0
25910007615000,8,6,2,390.4
25910007626000,10,5,5,444
25910007628000,6,2,4,459
25910007629000,25,14,11,1145
25910007630000,30,12,18,1512
25910007641000,4,2,2,0
25910007644000,1,1,0,0
25910007647000,1,1,0,0
25910007705000,15,8,7,460.5
25910007706000,2,1,1,0
25910007707000,3,1,2,0
25920007586000,3,1,2,0
25920007588000,16,8,8,742.4
25920007596000,1,1,0,0
25920007604000,5,4,1,160
25920007610000,2,1,1,0
25920007613000,1,0,1,0
25920007614000,13,5,8,716.3
25920007615000,5,4,1,309
25920007626000,10,4,6,328
25920007630000,4,3,1,0
25920007644000,3,2,1,0
25920007671000,5,2,3,377
25920007704000,4,2,2,0
25920007705000,14,8,6,882
25920007707000,23,10,13,1697.4
25930007580000,2,1,1,0
25930007581000,6,4,2,160.8
25930007582000,3,2,1,0
25930007585000,3,3,0,0
25930007588000,8,3,5,360
25930007589000,85,36,49,3196
25930007612000,1,1,0,0
25930007627000,6,3,3,270
25930007631000,3,1,2,0
25930007699000,7,3,4,359.8
25930007704000,2,1,1,0
25940007579000,8,5,3,526.4
25940007580000,10,4,6,501
25940007581000,15,7,8,483
25940007588000,19,11,8,484.5
25940007589000,157,88,69,5526.4
25940007590000,69,32,37,2642.7
25940007591000,174,87,87,6873
25940007627000,2,1,1,0
25940007631000,1,1,0,0
25940007632000,24,13,11,1075.2
25940007647000,10,6,4,460
25940007657000,7,4,3,391.3
25940007697000,6,3,3,246
25940007699000,8,4,4,491.2
25940007704000,2,1,1,0
25940007705000,1,0,1,0
25940007709000,4,2,2,0
25940007710000,36,17,19,1630.8
25950007565000,4,2,2,0
25950007588000,1,1,0,0
25950007589000,401,206,195,13513.7
25950007590000,203,97,106,7145.6
25950007591000,541,282,259,22072.8
25950007632000,10,3,7,485
25950007633000,23,11,12,1232.8
25950007637000,7,5,2,382.2
25950007657000,2,1,1,0
25950007705000,5,4,1,281
25950007713000,99,54,45,4276.8
25950007714000,62,34,28,2926.4
25960007565000,4,4,0,0
25960007566000,1,1,0,0
25960007570000,3,2,1,0
25960007589000,10,6,4,439
25960007591000,546,247,299,23860.2
25960007592000,78,41,37,3096.6
25960007633000,13,6,7,932.1
25960007634000,13,9,4,644.8
25960007638000,16,9,7,1091.2
25960007655000,2,1,1,0
25960007656000,1,1,0,0
25960007676000,7,5,2,336.7
25960007678000,6,2,4,226.2
25960007705000,36,19,17,1810.8
25960007710000,9,5,4,370.8
25960007711000,39,21,18,1489.8
25970007577000,7,4,3,282.8
25970007587000,1,1,0,0
25970007591000,792,405,387,30016.8
25970007625000,2,1,1,0
25970007627000,3,2,1,0
25970007635000,14,7,7,844.2
25970007638000,2,1,1,0
25970007639000,2,1,1,0
25970007657000,11,4,7,737
25970007658000,9,6,3,572.4
25970007678000,7,2,5,487.2
25970007710000,44,21,23,2028.4
25970007711000,159,79,80,5739.9
25970007712000,81,48,33,3645
25980007586000,13,7,6,469.3
25980007590000,498,260,238,16732.8
25980007591000,385,193,192,14668.5
25980007593000,1438,701,737,61115
25980007594000,569,283,286,23101.4
25980007621000,71,38,33,2896.8
25980007622000,17,5,12,850
25980007623000,11,7,4,583
25980007625000,9,5,4,448.2
25980007627000,13,6,7,804.7
25980007635000,1,1,0,0
25980007659000,9,5,4,379.8
25980007660000,10,4,6,386
25980007680000,2,1,1,0
25980007681000,2,2,0,0
25990007571000,24,8,16,818.4
25990007572000,52,24,28,2964
25990007573000,124,66,58,5567.6
25990007574000,8,4,4,476.8
25990007575000,1,0,1,0
25990007586000,14,8,6,621.6
25990007590000,193,99,94,6407.6
25990007591000,290,149,141,10353
25990007592000,235,118,117,10692.5
25990007593000,2821,1377,1444,135408
25990007594000,2060,1064,996,83224
25990007603000,7,4,3,217
25990007620000,11,5,6,558.8
25990007626000,32,14,18,1564.8
25990007627000,8,6,2,328
25990007637000,11,6,5,344.3
25990007641000,9,4,5,659.7
25990007654000,14,8,6,600.6
25990007655000,20,13,7,868
25990007660000,7,3,4,359.1
25990007665000,5,3,2,313
25990007676000,1,1,0,0
25990007679000,9,4,5,479.7
25990007680000,3,2,1,0
26000007572000,3,1,2,0
26000007585000,1,0,1,0
26000007590000,461,247,214,17932.9
26000007592000,23,16,7,788.9
26000007593000,1754,895,859,72440.2
26000007594000,1259,638,621,50737.7
26000007603000,30,17,13,1659
26000007604000,24,14,10,962.4
26000007620000,23,11,12,924.6
26000007622000,9,4,5,424.8
26000007623000,21,8,13,903
26000007624000,7,2,5,340.9
26000007625000,10,4,6,484
26000007626000,7,4,3,228.2
26000007637000,6,4,2,334.2
26000007654000,3,2,1,0
26000007660000,2,1,1,0
26000007661000,10,6,4,593
26000007662000,1,1,0,0
26000007665000,7,4,3,252.7
26000007679000,5,4,1,348
26010007570000,2,1,1,0
26010007585000,2,1,1,0
26010007589000,14,7,7,907.2
26010007590000,5,2,3,167
26010007593000,13,8,5,508.3
26010007594000,29,11,18,1160
26010007597000,7,2,5,224
26010007603000,1,0,1,0
26010007604000,30,15,15,1671
26010007619000,5,3,2,182
26010007620000,64,43,21,2662.4
26010007622000,2,1,1,0
26010007627000,1,1,0,0
26010007654000,6,2,4,412.2
26010007658000,3,3,0,0
26010007659000,6,3,3,340.8
26010007662000,6,3,3,316.8
26010007663000,37,18,19,1639.1
26010007664000,8,4,4,364
26010007665000,12,7,5,741.6
26010007666000,2,1,1,0
26010007679000,7,4,3,431.9
26010007684000,3,2,1,0
26020007583000,2,1,1,0
26020007584000,6,3,3,339
26020007589000,4,2,2,0
26020007597000,59,28,31,2861.5
26020007598000,19,12,7,917.7
26020007599000,17,9,8,761.6
26020007605000,14,6,8,663.6
26020007606000,18,9,9,775.8
26020007619000,7,5,2,277.9
26020007621000,8,5,3,400
26020007622000,144,77,67,6393.6
26020007651000,14,6,8,376.6
26020007654000,5,3,2,362
26020007660000,9,7,2,534.6
26020007674000,4,1,3,0
26020007682000,17,7,10,858.5
26020007685000,24,14,10,976.8
26020007712000,21,11,10,1299.9
26020007713000,138,74,64,5768.4
26030007568000,7,3,4,289.8
26030007569000,10,4,6,557
26030007583000,2,1,1,0
26030007597000,1,1,0,0
26030007598000,1,1,0,0
26030007599000,2,1,1,0
26030007600000,8,6,2,424
26030007601000,3,2,1,0
26030007605000,34,12,22,724.2
26030007606000,360,172,188,17100
26030007607000,67,31,36,2693.4
26030007620000,4,2,2,0
26030007621000,42,21,21,1927.8
26030007622000,7,4,3,431.9
26030007633000,3,2,1,0
26030007660000,4,2,2,0
26030007661000,18,9,9,858.6
26030007674000,18,9,9,995.4
26030007679000,1,0,1,0
26030007680000,7,4,3,280.7
26030007681000,1,0,1,0
26030007682000,8,3,5,403.2
26030007683000,24,13,11,1209.6
26030007685000,21,11,10,699.3
26030007686000,2,1,1,0
26030007716000,21,11,10,1113
26030007717000,290,157,133,10498
26040007567000,4,3,1,0
26040007568000,11,5,6,455.4
26040007588000,3,1,2,0
26040007598000,11,8,3,658.9
26040007602000,12,7,5,546
26040007603000,10,6,4,399
26040007605000,40,22,18,1692
26040007606000,581,294,287,26551.7
26040007607000,173,89,84,7110.3
26040007608000,7,4,3,277.2
26040007621000,3,2,1,0
26040007632000,1,1,0,0
26040007633000,6,4,2,406.8
26040007642000,2,2,0,0
26040007661000,5,2,3,177
26040007662000,28,12,16,1282.4
26040007667000,5,3,2,368
26040007686000,19,9,10,896.8
26050007565000,7,5,2,478.8
26050007566000,2,1,1,0
26050007567000,4,3,1,0
26050007587000,3,2,1,0
26050007598000,3,2,1,0
26050007602000,3,1,2,0
26050007604000,10,5,5,444
26050007605000,31,15,16,1556.2
26050007606000,17,12,5,685.1
26050007607000,4,2,2,0
26050007608000,24,16,8,897.6
26050007621000,3,2,1,0
26050007632000,6,3,3,358.8
26050007663000,16,7,9,961.6
26050007664000,22,10,12,785.4
26050007667000,15,9,6,675
26050007678000,17,8,9,654.5
26050007679000,52,23,29,2527.2
26050007686000,11,4,7,342.1
26050007709000,1,1,0,0
26060007564000,2,1,1,0
26060007565000,3,1,2,0
26060007585000,4,3,1,0
26060007586000,282,150,132,10067.4
26060007587000,214,112,102,7318.8
26060007606000,14,6,8,581
26060007607000,42,23,19,1432.2
26060007609000,2,2,0,0
26060007615000,2,1,1,0
26060007620000,5,2,3,280
26060007648000,15,6,9,825
26060007664000,32,16,16,1516.8
26060007665000,58,34,24,2633.2
26060007666000,17,9,8,965.6
26060007667000,19,8,11,794.2
26060007678000,19,13,6,665
26060007679000,38,19,19,1466.8
26060007682000,14,9,5,718.2
26060007684000,7,4,3,252.7
26060007685000,2,1,1,0
26060007687000,23,13,10,1041.9
26060007714000,2,2,0,0
26070007585000,84,45,39,3326.4
26070007586000,139,65,74,4920.6
26070007587000,106,47,59,3476.8
26070007594000,122,53,69,5063
26070007598000,26,15,11,1245.4
26070007607000,19,9,10,991.8
26070007614000,2,2,0,0
26070007619000,23,11,12,1255.8
26070007620000,13,7,6,665.6
26070007632000,14,8,6,743.4
26070007643000,4,2,2,0
26070007644000,13,7,6,657.8
26070007654000,4,1,3,0
26070007665000,101,49,52,4272.3
26070007666000,177,93,84,8407.5
26070007667000,13,4,9,484.9
26070007669000,2,1,1,0
26070007675000,21,11,10,777
26070007682000,2,1,1,0
26070007684000,29,14,15,1273.1
26070007685000,5,2,3,97
26070007686000,20,9,11,758
26070007687000,14,5,9,586.6
26070007688000,18,7,11,795.6
26070007689000,3,2,1,0
26080007593000,8,5,3,215.2
26080007594000,45,24,21,1701
26080007597000,6,5,1,214.8
26080007598000,1,0,1,0
26080007607000,4,3,1,0
26080007619000,102,59,43,3886.2
26080007632000,5,4,1,333
26080007643000,17,7,10,654.5
26080007644000,1,1,0,0
26080007646000,4,1,3,0
26080007647000,48,24,24,1665.6
26080007649000,28,15,13,1131.2
26080007658000,1,0,1,0
26080007661000,27,12,15,1131.3
26080007662000,5,3,2,277
26080007663000,1,0,1,0
26080007668000,4,1,3,0
26080007669000,15,8,7,531
26080007675000,108,56,52,4881.6
26080007676000,49,23,26,2307.9
26080007677000,7,4,3,210
26080007682000,2,1,1,0
26080007683000,3,3,0,0
26080007684000,7,5,2,296.8
26080007686000,14,6,8,495.6
26080007688000,1,1,0,0
26080007689000,1,0,1,0
26080007690000,12,6,6,540
26090007593000,79,46,33,3262.7
26090007594000,1,0,1,0
26090007596000,2,1,1,0
26090007597000,9,5,4,504
26090007607000,6,3,3,379.2
26090007618000,12,4,8,574.8
26090007619000,16,10,6,716.8
26090007620000,82,39,43,3009.4
26090007631000,7,2,5,293.3
26090007632000,1,1,0,0
26090007633000,1,0,1,0
26090007646000,36,22,14,1454.4
26090007647000,87,48,39,4158.6
26090007648000,37,19,18,1942.5
26090007649000,31,17,14,1546.9
26090007650000,21,10,11,1253.7
26090007653000,3,2,1,0
26090007658000,2,1,1,0
26090007660000,9,4,5,397.8
26090007661000,8,3,5,388.8
26090007663000,30,14,16,1482
26090007664000,7,4,3,331.8
26090007665000,3,3,0,0
26090007667000,30,16,14,1212
26090007668000,12,7,5,398.4
26090007669000,38,16,22,1444
26090007675000,143,73,70,4847.7
26090007678000,10,5,5,361
26090007682000,4,3,1,0
26090007683000,50,27,23,1855
26090007687000,5,3,2,225
26090007689000,21,9,12,949.2
26090007717000,8,4,4,534.4
26100007593000,8,4,4,374.4
26100007596000,35,20,15,1704.5
26100007597000,1,1,0,0
26100007606000,10,6,4,433
26100007607000,32,16,16,1708.8
26100007616000,15,7,8,898.5
26100007617000,5,3,2,239
26100007618000,4,2,2,0
26100007619000,34,18,16,1696.6
26100007631000,25,12,13,1400
26100007633000,7,4,3,427
26100007642000,7,3,4,475.3
26100007646000,51,22,29,2136.9
26100007647000,13,7,6,799.5
26100007652000,28,14,14,1072.4
26100007653000,9,6,3,341.1
26100007663000,5,3,2,255
26100007666000,6,4,2,348
26100007669000,56,28,28,2301.6
26100007675000,29,14,15,1215.1
26100007678000,80,39,41,3136
26100007679000,48,29,19,2318.4
26100007683000,36,18,18,1717.2
26100007687000,20,11,9,876
26100007689000,18,9,9,694.8
26100007708000,7,3,4,315.7
26110007593000,2,1,1,0
26110007595000,13,8,5,729.3
26110007607000,24,14,10,1312.8
26110007616000,8,4,4,180.8
26110007617000,3,2,1,0
26110007619000,39,25,14,1478.1
26110007629000,1,1,0,0
26110007630000,38,17,21,1922.8
26110007631000,24,14,10,1094.4
26110007633000,12,5,7,487.2
26110007641000,11,6,5,723.8
26110007642000,8,4,4,332
26110007645000,20,12,8,694
26110007646000,9,6,3,537.3
26110007654000,2,1,1,0
26110007662000,1,0,1,0
26110007663000,7,4,3,263.9
26110007669000,30,12,18,1482
26110007670000,13,7,6,603.2
26110007675000,23,11,12,1186.8
26110007678000,18,9,9,680.4
26110007679000,25,17,8,1175
26110007681000,32,18,14,1027.2
26110007682000,5,3,2,272
26110007683000,30,16,14,1407
26110007689000,16,10,6,758.4
26110007697000,2,1,1,0
26110007698000,6,3,3,325.2
26110007699000,1,1,0,0
26110007707000,2,2,0,0
26110007708000,21,11,10,1184.4
26110007709000,1,1,0,0
26110007710000,18,8,10,743.4
26110007711000,32,15,17,1193.6
26110007712000,35,18,17,1711.5
26120007598000,1,0,1,0
26120007607000,4,1,3,0
26120007628000,94,49,45,3092.6
26120007629000,41,20,21,1512.9
26120007630000,1,1,0,0
26120007631000,6,4,2,298.8
26120007632000,53,29,24,2157.1
26120007633000,16,8,8,945.6
26120007640000,13,8,5,487.5
26120007641000,24,11,13,957.6
26120007642000,8,6,2,340
26120007644000,41,24,17,1812.2
26120007645000,122,64,58,5246
26120007670000,6,3,3,240
26120007671000,3,3,0,0
26120007681000,13,6,7,517.4
26120007682000,37,15,22,1513.3
26120007683000,39,14,25,1872
26120007689000,2,2,0,0
26120007690000,6,3,3,297
26120007703000,4,2,2,0
26120007712000,44,21,23,1834.8
26120007713000,19,9,10,818.9
26130007626000,3,2,1,0
26130007627000,36,18,18,1389.6
26130007628000,231,120,111,10071.6
26130007629000,47,22,25,2505.1
26130007630000,57,23,34,2314.2
26130007631000,62,32,30,3019.4
26130007632000,12,6,6,567.6
26130007640000,12,6,6,591.6
26130007641000,178,83,95,6425.8
26130007643000,173,90,83,8079.1
26130007661000,2,1,1,0
26130007670000,1,0,1,0
26130007671000,18,10,8,687.6
26130007675000,5,3,2,276
26130007681000,21,9,12,741.3
26130007682000,62,35,27,2182.4
26130007683000,71,35,36,2804.5
26130007684000,31,15,16,1184.2
26130007686000,28,15,13,946.4
26130007687000,29,17,12,762.7
26130007691000,56,32,24,2049.6
26130007692000,9,4,5,366.3
26130007696000,2,1,1,0
26130007707000,15,8,7,742.5
26130007708000,2,1,1,0
26130007713000,76,40,36,2720.8
26130007714000,46,25,21,2148.2
26130007715000,5,2,3,327
26130007716000,9,5,4,594.9
26130007717000,1,1,0,0
26140007626000,25,12,13,1040
26140007627000,17,9,8,465.8
26140007641000,2,1,1,0
26140007642000,308,150,158,11981.2
26140007643000,315,173,142,12222
26140007646000,18,8,10,925.2
26140007671000,10,6,4,483
26140007675000,2,1,1,0
26140007680000,23,12,11,782
26140007681000,2,1,1,0
26140007683000,96,46,50,3379.2
26140007686000,9,4,5,290.7
26140007687000,58,29,29,2186.6
26140007688000,56,25,31,2312.8
26140007689000,3,1,2,0
26140007690000,21,10,11,867.3
26140007692000,7,3,4,331.8
26140007693000,25,12,13,1175
26140007694000,9,4,5,153.9
26140007696000,1,1,0,0
26150007625000,23,12,11,851
26150007626000,20,9,11,918
26150007637000,4,2,2,0
26150007639000,6,4,2,364.8
26150007641000,3,2,1,0
26150007642000,21,11,10,798
26150007643000,2,1,1,0
26150007645000,1,1,0,0
26150007646000,43,19,24,2485.4
26150007672000,2,1,1,0
26150007676000,21,12,9,1068.9
26150007677000,4,2,2,0
26150007679000,4,2,2,0
26150007680000,13,5,8,669.5
26150007683000,372,183,189,12982.8
26150007686000,32,16,16,1017.6
26150007687000,51,27,24,1841.1
26150007688000,7,4,3,345.8
26150007689000,11,7,4,423.5
26150007693000,3,2,1,0
26150007694000,15,8,7,675
26150007695000,21,9,12,1041.6
26150007696000,1,1,0,0
26150007703000,11,5,6,788.7
26150007704000,6,1,5,375
26150007705000,1,0,1,0
26150007727000,23,13,10,1035
26150007728000,51,27,24,1994.1
26160007625000,32,23,9,1798.4
26160007638000,2,1,1,0
26160007643000,1,1,0,0
26160007646000,9,5,4,582.3
26160007647000,4,3,1,0
26160007659000,5,3,2,232
26160007660000,8,5,3,320
26160007661000,4,1,3,0
26160007673000,2,2,0,0
26160007676000,1,1,0,0
26160007678000,48,21,27,2035.2
26160007679000,28,16,12,1212.4
26160007683000,330,172,158,11088
26160007684000,609,320,289,21436.8
26160007685000,210,109,101,6951
26160007686000,41,22,19,2074.6
26160007695000,22,10,12,1005.4
26160007705000,13,7,6,777.4
26160007706000,13,4,9,721.5
26160007727000,65,33,32,2808
26160007728000,65,33,32,3276
26170007642000,4,3,1,0
26170007643000,18,9,9,761.4
26170007646000,2,1,1,0
26170007662000,8,2,6,427.2
26170007673000,2,1,1,0
26170007682000,268,130,138,13400
26170007683000,644,338,306,27498.8
26170007684000,24,11,13,1080
26170007685000,67,34,33,2465.6
26170007687000,37,23,14,1343.1
26170007688000,26,12,14,1107.6
26170007695000,2,1,1,0
26170007696000,6,3,3,325.8
26170007702000,6,2,4,457.8
26170007703000,8,4,4,388.8
26170007704000,6,3,3,432
26170007705000,1,1,0,0
26170007706000,29,13,16,1215.1
26170007707000,12,5,7,580.8
26170007708000,5,1,4,353
26170007709000,17,9,8,476
26170007710000,12,6,6,514.8
26170007723000,21,13,8,669.9
26170007724000,34,22,12,1479
26170007727000,142,77,65,5523.8
26170007728000,5,3,2,314
26180007621000,6,4,2,306
26180007641000,2,1,1,0
26180007646000,2,2,0,0
26180007662000,1,0,1,0
26180007674000,10,5,5,459
26180007682000,190,89,101,8436
26180007683000,925,449,476,36167.5
26180007684000,119,70,49,4902.8
26180007685000,109,55,54,4152.9
26180007686000,183,87,96,6533.1
26180007687000,172,88,84,6192
26180007688000,60,31,29,2310
26180007689000,82,36,46,3427.6
26180007690000,43,25,18,1745.8
26180007691000,76,40,36,3526.4
26180007696000,22,11,11,1095.6
26180007710000,14,5,9,529.2
26180007723000,15,8,7,862.5
26180007724000,69,33,36,3539.7
26180007725000,28,15,13,1962.8
26190007640000,12,7,5,537.6
26190007667000,3,1,2,0
26190007668000,6,3,3,298.2
26190007669000,18,9,9,666
26190007670000,5,2,3,106
26190007673000,7,4,3,280.7
26190007683000,859,424,435,35304.9
26190007692000,40,22,18,2052
26190007696000,46,30,16,1812.4
26190007698000,1,1,0,0
26190007700000,3,2,1,0
26190007702000,10,6,4,355
26190007706000,4,3,1,0
26190007724000,1,1,0,0
26190007725000,33,15,18,871.2
26200007622000,46,24,22,1895.2
26200007623000,21,10,11,630
26200007641000,14,8,6,603.4
26200007642000,31,16,15,1571.7
26200007647000,1,0,1,0
26200007648000,1,1,0,0
26200007661000,1,0,1,0
26200007668000,11,5,6,640.2
26200007669000,19,12,7,733.4
26200007670000,42,23,19,1659
26200007671000,44,30,14,1716
26200007673000,1,1,0,0
26200007674000,19,7,12,803.7
26200007683000,539,278,261,20104.7
26200007692000,39,17,22,1345.5
26200007693000,27,13,14,1142.1
26200007694000,5,2,3,172
26200007696000,68,37,31,2930.8
26200007697000,60,33,27,3300
26200007699000,5,3,2,348
26200007729000,1,1,0,0
26210007622000,32,18,14,1296
26210007623000,10,6,4,528
26210007640000,14,7,7,621.6
26210007641000,4,1,3,0
26210007642000,43,27,16,2085.5
26210007643000,12,7,5,422.4
26210007646000,7,4,3,420
26210007647000,1,1,0,0
26210007648000,3,1,2,0
26210007650000,2,1,1,0
26210007671000,96,55,41,4108.8
26210007672000,74,37,37,2767.6
26210007673000,61,35,26,2348.5
26210007674000,6,2,4,292.8
26210007677000,93,49,44,3701.4
26210007678000,38,14,24,1858.2
26210007679000,137,69,68,6192.4
26210007680000,70,37,33,2758
26210007681000,20,9,11,996
26210007683000,472,240,232,17700
26210007694000,14,6,8,548.8
26210007695000,42,23,19,2003.4
26210007696000,18,12,6,540
26210007697000,184,93,91,7617.6
26210007699000,9,6,3,449.1
26210007718000,2,2,0,0
26210007719000,6,2,4,441
26210007729000,7,4,3,440.3
26220007641000,7,3,4,200.9
26220007642000,10,5,5,380
26220007643000,33,19,14,1316.7
26220007646000,1,1,0,0
26220007648000,1,1,0,0
26220007649000,3,2,1,0
26220007650000,6,2,4,346.8
26220007671000,5,3,2,210
26220007672000,123,63,60,4969.2
26220007675000,33,18,15,1267.2
26220007676000,29,15,14,1229.6
26220007677000,21,11,10,947.1
26220007679000,8,3,5,440
26220007681000,32,20,12,1673.6
26220007682000,109,56,53,3989.4
26220007683000,155,84,71,6401.5
26220007684000,4,3,1,0
26220007695000,18,10,8,610.2
26220007696000,21,11,10,1184.4
26220007697000,23,12,11,1067.2
26220007698000,21,9,12,787.5
26220007708000,3,2,1,0
26220007718000,1,0,1,0
26220007727000,2,1,1,0
26230007640000,15,8,7,604.5
26230007643000,46,29,17,1692.8
26230007645000,2,1,1,0
26230007650000,2,1,1,0
26230007672000,27,13,14,1460.7
26230007673000,66,36,30,2745.6
26230007675000,59,26,33,2631.4
26230007676000,115,50,65,5163.5
26230007677000,1,0,1,0
26230007684000,35,21,14,1522.5
26230007685000,2,0,2,0
26230007694000,9,3,6,360.9
26230007700000,2,1,1,0
26230007701000,1,0,1,0
26230007702000,8,6,2,347.2
26230007706000,6,4,2,166.2
26230007707000,6,3,3,460.2
26230007716000,15,9,6,583.5
26230007727000,5,3,2,340
26240007640000,11,5,6,421.3
26240007641000,10,6,4,557
26240007642000,14,7,7,515.2
26240007643000,27,12,15,1217.7
26240007672000,14,9,5,540.4
26240007673000,276,148,128,9908.4
26240007674000,7,3,4,394.8
26240007675000,79,41,38,2962.5
26240007677000,2,1,1,0
26240007685000,81,43,38,2972.7
26240007693000,3,1,2,0
26240007700000,35,16,19,1288
26240007701000,92,47,45,3597.2
26240007702000,8,5,3,452.8
26240007705000,7,3,4,357.7
26240007715000,3,2,1,0
26240007726000,37,20,17,1498.5
26240007727000,9,3,6,377.1
26250007623000,10,7,3,378
26250007624000,3,2,1,0
26250007625000,3,2,1,0
26250007626000,15,6,9,664.5
26250007627000,4,2,2,0
26250007628000,6,3,3,219
26250007641000,4,2,2,0
26250007671000,3,1,2,0
26250007672000,145,78,67,5901.5
26250007673000,515,251,264,20188
26250007674000,435,213,222,18574.5
26250007675000,56,24,32,2391.2
26250007683000,27,14,13,1188
26250007684000,12,6,6,398.4
26250007685000,74,39,35,3396.6
26250007686000,72,34,38,2980.8
26250007687000,34,24,10,1315.8
26250007693000,9,4,5,402.3
26250007701000,30,15,15,939
26250007709000,8,5,3,391.2
26250007715000,6,4,2,283.2
26250007726000,1,0,1,0
26250007727000,8,6,2,438.4
26250007730000,7,5,2,356.3
26260007623000,4,1,3,0
26260007624000,6,4,2,388.8
26260007639000,13,7,6,323.7
26260007666000,9,5,4,413.1
26260007668000,11,5,6,455.4
26260007670000,4,2,2,0
26260007671000,4,1,3,0
26260007672000,49,23,26,1989.4
26260007673000,62,30,32,2635
26260007674000,133,73,60,5293.4
26260007675000,1,1,0,0
26260007682000,7,6,1,209.3
26260007683000,21,10,11,690.9
26260007686000,18,10,8,689.4
26260007687000,62,31,31,2647.4
26260007688000,13,7,6,483.6
26260007689000,6,3,3,345
26260007690000,12,7,5,406.8
26260007692000,18,12,6,532.8
26260007701000,18,11,7,585
26260007709000,10,5,5,525
26260007716000,2,1,1,0
26260007727000,1,0,1,0
26270007621000,6,2,4,310.8
26270007622000,1,1,0,0
26270007630000,3,2,1,0
26270007631000,3,2,1,0
26270007632000,12,4,8,512.4
26270007633000,7,4,3,277.9
26270007636000,6,3,3,328.8
26270007637000,3,2,1,0
26270007638000,26,14,12,1214.2
26270007639000,11,4,7,595.1
26270007664000,8,4,4,371.2
26270007666000,34,17,17,1434.8
26270007668000,1,1,0,0
26270007669000,30,13,17,1269
26270007670000,68,35,33,2359.6
26270007671000,33,15,18,1633.5
26270007672000,27,14,13,988.2
26270007674000,10,6,4,312
26270007680000,4,2,2,0
26270007682000,19,11,8,763.8
26270007688000,6,4,2,199.2
26270007689000,42,20,22,1839.6
26270007690000,3,1,2,0
26270007691000,2,1,1,0
26270007692000,46,27,19,1711.2
26270007693000,32,17,15,1193.6
26270007694000,10,5,5,605
26270007695000,1,0,1,0
26270007716000,32,15,17,1779.2
26270007722000,43,20,23,1844.7
26270007723000,39,19,20,1688.7
26270007724000,33,17,16,1399.2
26270007725000,5,3,2,148
26270007727000,8,6,2,166.4
26280007620000,2,1,1,0
26280007631000,2,0,2,0
26280007632000,1,1,0,0
26280007633000,9,4,5,446.4
26280007636000,6,3,3,283.2
26280007637000,2,2,0,0
26280007638000,27,13,14,1166.4
26280007666000,2,1,1,0
26280007667000,2,1,1,0
26280007670000,8,4,4,447.2
26280007671000,11,5,6,320.1
26280007680000,37,18,19,1783.4
26280007681000,8,5,3,223.2
26280007682000,67,33,34,2854.2
26280007690000,8,4,4,396.8
26280007691000,9,7,2,450
26280007695000,24,12,12,1212
26280007696000,22,12,10,928.4
26280007697000,12,7,5,387.6
26280007710000,5,3,2,314
26280007711000,9,5,4,290.7
26280007716000,24,13,11,1152
26280007717000,2,1,1,0
26280007723000,10,7,3,358
26280007724000,26,13,13,1058.2
26280007727000,3,1,2,0
26280007739000,2,1,1,0
26290007619000,3,2,1,0
26290007666000,7,3,4,301
26290007667000,4,1,3,0
26290007680000,9,4,5,360
26290007681000,53,25,28,2300.2
26290007682000,27,10,17,1190.7
26290007683000,2,1,1,0
26290007691000,10,5,5,358
26290007692000,29,15,14,1200.6
26290007693000,61,30,31,2318
26290007694000,25,11,14,935
26290007695000,13,5,8,673.4
26290007696000,8,3,5,456.8
26290007697000,45,27,18,1881
26290007698000,48,23,25,1665.6
26290007710000,9,5,4,506.7
26290007711000,1,0,1,0
26290007716000,3,2,1,0
26290007717000,26,10,16,1040
26290007725000,2,1,1,0
26290007726000,1,0,1,0
26290007727000,11,6,5,381.7
26300007619000,35,19,16,1330
26300007639000,13,6,7,401.7
26300007640000,3,2,1,0
26300007681000,5,2,3,153
26300007682000,31,14,17,1422.9
26300007683000,18,8,10,775.8
26300007697000,20,9,11,784
26300007698000,186,82,104,9709.2
26300007699000,27,16,11,1171.8
26300007700000,16,10,6,726.4
26300007709000,4,3,1,0
26300007710000,1,1,0,0
26300007717000,21,12,9,1018.5
26300007727000,4,1,3,0
26300007728000,4,3,1,0
26300007743000,16,7,9,755.2
26300007744000,20,8,12,1236
26300007745000,1,1,0,0
26310007617000,14,5,9,427
26310007618000,16,9,7,702.4
26310007640000,16,10,6,883.2
26310007667000,13,9,4,478.4
26310007668000,14,8,6,747.6
26310007682000,18,12,6,784.8
26310007683000,5,3,2,265
26310007684000,12,5,7,513.6
26310007698000,4,2,2,0
26310007699000,20,12,8,954
26310007700000,21,9,12,917.7
26310007701000,10,5,5,465
26310007702000,7,4,3,266
26310007703000,21,11,10,804.3
26310007704000,10,6,4,376
26310007705000,6,2,4,225
26310007708000,7,3,4,504.7
26310007709000,1,0,1,0
26310007717000,4,2,2,0
26310007727000,5,3,2,343
26310007729000,4,2,2,0
26310007744000,31,15,16,1447.7
26310007745000,45,25,20,2106
26320007640000,2,1,1,0
26320007641000,17,8,9,727.6
26320007642000,7,4,3,245
26320007668000,12,7,5,610.8
26320007682000,8,4,4,164
26320007683000,13,7,6,408.2
26320007684000,13,5,8,665.6
26320007685000,16,8,8,673.6
26320007700000,14,6,8,799.4
26320007701000,22,13,9,1003.2
26320007717000,21,9,12,617.4
26320007729000,7,6,1,396.9
26320007744000,22,11,11,739.2
26330007642000,481,232,249,19191.9
26330007645000,1,0,1,0
26330007667000,7,5,2,349.3
26330007668000,3,2,1,0
26330007683000,10,6,4,467
26330007685000,7,4,3,125.3
26330007701000,7,4,3,382.9
26330007702000,3,1,2,0
26330007717000,2,1,1,0
26330007718000,32,17,15,1027.2
26340007642000,858,467,391,29515.2
26340007643000,872,439,433,36188
26340007644000,56,27,29,2301.6
26340007645000,16,9,7,793.6
26340007666000,9,5,4,504
26340007677000,4,2,2,0
26340007682000,1,1,0,0
26340007713000,8,5,3,383.2
26340007714000,1,0,1,0
26340007718000,14,8,6,652.4
26340007744000,1,1,0,0
26340007750000,8,3,5,528
26350007641000,1,1,0,0
26350007642000,144,110,34,3412.8
26350007643000,114,49,65,4799.4
26350007644000,18,10,8,781.2
26350007645000,17,5,12,686.8
26350007646000,12,5,7,550.8
26350007666000,4,2,2,0
26350007677000,9,5,4,640.8
26350007700000,3,1,2,0
26350007707000,1,0,1,0
26350007710000,6,4,2,304.8
26350007713000,10,5,5,308
26350007718000,2,1,1,0
26350007719000,24,13,11,904.8
26350007742000,1,1,0,0
26350007750000,3,2,1,0
26350007773000,2,2,0,0
26360007639000,16,9,7,632
26360007640000,7,3,4,277.2
26360007641000,11,6,5,547.8
26360007642000,11,7,4,449.9
26360007646000,28,15,13,963.2
26360007647000,6,3,3,393
26360007677000,4,3,1,0
26360007678000,23,13,10,851
26360007681000,4,2,2,0
26360007682000,23,11,12,805
26360007683000,4,2,2,0
26360007684000,3,2,1,0
26360007700000,13,8,5,504.4
26360007707000,8,5,3,284
26360007708000,12,5,7,501.6
26360007711000,6,2,4,405
26360007715000,4,2,2,0
26360007719000,2,0,2,0
26360007744000,8,4,4,540.8
26360007745000,21,14,7,1123.5
26360007750000,1,1,0,0
26360007774000,1,1,0,0
26370007638000,14,8,6,638.4
26370007639000,29,13,16,1450
26370007640000,5,3,2,91
26370007645000,8,3,5,284.8
26370007646000,7,4,3,462
26370007647000,9,5,4,456.3
26370007648000,29,17,12,1197.7
26370007649000,21,7,14,821.1
26370007658000,10,5,5,499
26370007677000,15,9,6,433.5
26370007678000,8,4,4,224
26370007679000,6,3,3,297
26370007680000,23,13,10,1235.1
26370007681000,41,22,19,1701.5
26370007682000,60,32,28,2808
26370007683000,29,16,13,1554.4
26370007684000,27,11,16,1503.9
26370007685000,10,6,4,525
26370007686000,21,11,10,867.3
26370007687000,2,1,1,0
26370007693000,1,1,0,0
26370007694000,1,0,1,0
26370007695000,2,0,2,0
26370007697000,6,4,2,292.2
26370007698000,12,7,5,546
26370007699000,4,3,1,0
26370007707000,4,2,2,0
26370007716000,2,1,1,0
26370007719000,4,1,3,0
26370007751000,44,25,19,1900.8
26370007752000,14,6,8,845.6
26370007757000,6,4,2,180
26380007637000,2,1,1,0
26380007638000,10,5,5,329
26380007639000,34,18,16,1196.8
26380007649000,6,3,3,174
26380007650000,31,19,12,1416.7
26380007651000,2,0,2,0
26380007652000,4,2,2,0
26380007658000,58,29,29,2731.8
26380007659000,39,19,20,1415.7
26380007664000,1,1,0,0
26380007678000,4,3,1,0
26380007679000,78,34,44,3588
26380007680000,20,10,10,530
26380007681000,16,10,6,475.2
26380007682000,18,9,9,617.4
26380007683000,15,8,7,616.5
26380007684000,6,2,4,295.2
26380007685000,2,1,1,0
26380007687000,13,4,9,452.4
26380007688000,13,6,7,568.1
26380007706000,12,5,7,512.4
26380007716000,14,8,6,687.4
26380007719000,3,2,1,0
26380007751000,22,11,11,904.2
26390007637000,15,5,10,613.5
26390007638000,45,22,23,1521
26390007639000,7,4,3,97.3
26390007653000,9,5,4,576
26390007654000,22,13,9,1001
26390007655000,5,3,2,247
26390007659000,63,35,28,2375.1
26390007660000,23,12,11,901.6
26390007661000,61,31,30,2250.9
26390007662000,70,41,29,2198
26390007663000,552,304,248,19099.2
26390007664000,53,30,23,2236.6
26390007665000,36,17,19,1616.4
26390007676000,27,16,11,1020.6
26390007677000,9,7,2,360
26390007678000,8,4,4,348
26390007679000,38,19,19,1402.2
26390007680000,13,7,6,399.1
26390007685000,19,9,10,912
26390007686000,3,1,2,0
26390007687000,3,2,1,0
26390007688000,4,2,2,0
26390007689000,2,1,1,0
26390007691000,1,1,0,0
26390007692000,5,3,2,288
26390007693000,2,1,1,0
26390007694000,22,10,12,952.6
26390007695000,4,2,2,0
26390007696000,1,1,0,0
26390007697000,2,1,1,0
26390007705000,18,9,9,1018.8
26390007706000,1,0,1,0
26390007719000,2,1,1,0
26390007720000,9,4,5,376.2
26390007735000,148,70,78,5061.6
26390007736000,4,2,2,0
26390007773000,6,3,3,307.8
26400007637000,6,2,4,301.2
26400007638000,33,13,20,1267.2
26400007639000,1,1,0,0
26400007654000,2,1,1,0
26400007655000,6,4,2,394.2
26400007656000,2,1,1,0
26400007658000,16,8,8,856
26400007659000,71,34,37,3429.3
26400007662000,133,73,60,5000.8
26400007663000,156,79,77,4118.4
26400007665000,256,134,122,12518.4
26400007666000,668,350,318,22845.6
26400007667000,71,36,35,2215.2
26400007675000,4,2,2,0
26400007678000,9,5,4,390.6
26400007679000,44,20,24,1333.2
26400007686000,6,4,2,166.8
26400007693000,8,3,5,291.2
26400007694000,11,9,2,533.5
26400007695000,9,6,3,621.9
26400007704000,16,12,4,742.4
26400007717000,7,4,3,354.9
26400007721000,5,3,2,288
26400007722000,38,23,15,1637.8
26400007734000,3,2,1,0
26400007735000,221,109,112,6983.6
26400007736000,131,69,62,5344.8
26400007739000,10,4,6,589
26400007740000,1,1,0,0
26400007752000,2,1,1,0
26400007769000,3,1,2,0
26400007773000,8,8,0,288
26410007635000,6,5,1,184.8
26410007636000,4,1,3,0
26410007637000,21,9,12,625.8
26410007639000,19,10,9,860.7
26410007655000,3,2,1,0
26410007656000,3,1,2,0
26410007657000,14,6,8,599.2
26410007658000,20,9,11,942
26410007659000,8,2,6,444
26410007661000,24,12,12,948
26410007665000,33,17,16,1128.6
26410007666000,11,7,4,562.1
26410007667000,145,74,71,5466.5
26410007674000,12,5,7,441.6
26410007675000,5,3,2,349
26410007676000,2,1,1,0
26410007677000,25,12,13,1065
26410007678000,10,4,6,446
26410007679000,23,10,13,906.2
26410007693000,1,1,0,0
26410007695000,1,0,1,0
26410007701000,9,4,5,338.4
26410007702000,65,26,39,2697.5
26410007703000,14,7,7,684.6
26410007718000,13,7,6,607.1
26410007722000,23,12,11,1087.9
26410007723000,15,6,9,571.5
26410007734000,52,27,25,1851.2
26410007735000,34,19,15,1649
26410007736000,13,8,5,549.9
26410007737000,29,16,13,1183.2
26410007768000,1,1,0,0
26410007769000,2,1,1,0
26410007773000,1,1,0,0
26420007630000,2,1,1,0
26420007632000,4,2,2,0
26420007633000,3,2,1,0
26420007636000,27,16,11,1039.5
26420007637000,17,9,8,571.2
26420007638000,6,4,2,163.8
26420007661000,10,7,3,476
26420007665000,6,2,4,304.8
26420007667000,125,69,56,5062.5
26420007668000,384,205,179,16243.2
26420007671000,13,8,5,530.4
26420007673000,6,4,2,298.8
26420007674000,104,52,52,4867.2
26420007675000,167,74,93,7565.1
26420007676000,8,3,5,344
26420007677000,2,1,1,0
26420007678000,5,2,3,325
26420007679000,28,16,12,842.8
26420007680000,11,6,5,561
26420007681000,1,1,0,0
26420007700000,14,6,8,488.6
26420007702000,13,5,8,572
26420007718000,7,4,3,392.7
26420007721000,28,17,11,1061.2
26420007722000,31,14,17,1689.5
26420007734000,7,4,3,310.1
26420007735000,22,12,10,996.6
26420007736000,27,10,17,785.7
26420007737000,4,2,2,0
26420007770000,4,2,2,0
26420007771000,12,5,7,561.6
26430007621000,3,2,1,0
26430007623000,5,2,3,258
26430007625000,6,3,3,264
26430007626000,8,4,4,270.4
26430007627000,5,3,2,83
26430007628000,11,6,5,416.9
26430007629000,8,5,3,298.4
26430007630000,9,3,6,320.4
26430007633000,13,8,5,561.6
26430007634000,1,0,1,0
26430007635000,2,1,1,0
26430007637000,3,1,2,0
26430007661000,7,4,3,287.7
26430007662000,3,1,2,0
26430007663000,51,31,20,2182.8
26430007668000,22,12,10,838.2
26430007669000,17,12,5,855.1
26430007670000,45,20,25,1930.5
26430007671000,46,27,19,1936.6
26430007672000,114,62,52,4947.6
26430007673000,84,40,44,3620.4
26430007674000,191,104,87,7754.6
26430007675000,3,2,1,0
26430007676000,3,1,2,0
26430007681000,25,12,13,1232.5
26430007692000,10,7,3,371
26430007693000,2,2,0,0
26430007699000,6,3,3,334.2
26430007702000,1,1,0,0
26430007704000,8,5,3,336.8
26430007718000,24,13,11,1176
26430007721000,31,14,17,1760.8
26430007734000,111,61,50,3873.9
26430007735000,65,32,33,2515.5
26430007765000,1,1,0,0
26430007772000,3,2,1,0
26440007620000,6,4,2,307.2
26440007621000,8,3,5,334.4
26440007623000,12,6,6,606
26440007624000,3,1,2,0
26440007625000,4,2,2,0
26440007630000,3,2,1,0
26440007631000,18,8,10,1031.4
26440007660000,2,1,1,0
26440007664000,4,1,3,0
26440007665000,7,4,3,259
26440007669000,2,1,1,0
26440007670000,14,8,6,617.4
26440007671000,78,30,48,4890.6
26440007672000,40,27,13,1600
26440007674000,13,6,7,613.6
26440007675000,12,6,6,541.2
26440007681000,7,5,2,394.1
26440007682000,6,3,3,222
26440007683000,1,1,0,0
26440007692000,14,8,6,567
26440007698000,1,1,0,0
26440007700000,1,0,1,0
26440007702000,6,3,3,166.2
26440007703000,12,4,8,495.6
26440007704000,12,9,3,702
26440007718000,5,4,1,118
26440007719000,4,1,3,0
26440007721000,36,19,17,1526.4
26440007728000,13,8,5,473.2
26440007729000,62,36,26,2101.8
26440007730000,93,49,44,4092
26440007731000,17,7,10,708.9
26440007734000,150,74,76,5760
26440007735000,334,167,167,11990.6
26440007745000,6,2,4,300
26440007746000,12,6,6,478.8
26440007748000,60,29,31,2286
26450007660000,7,4,3,410.2
26450007662000,1,1,0,0
26450007663000,19,8,11,533.9
26450007666000,5,2,3,312
26450007667000,12,7,5,538.8
26450007674000,10,3,7,556
26450007681000,4,3,1,0
26450007682000,34,19,15,1502.8
26450007683000,14,8,6,498.4
26450007684000,4,3,1,0
26450007685000,8,5,3,336
26450007686000,13,8,5,587.6
26450007687000,15,10,5,885
26450007688000,14,9,5,459.2
26450007689000,16,7,9,798.4
26450007690000,6,4,2,370.2
26450007698000,3,1,2,0
26450007701000,10,6,4,432
26450007702000,20,12,8,1216
26450007703000,19,9,10,657.4
26450007704000,1,1,0,0
26450007719000,12,6,6,469.2
26450007721000,12,6,6,609.6
26450007729000,6,4,2,331.2
26450007731000,33,15,18,1260.6
26450007732000,37,17,20,1413.4
26450007733000,45,18,27,1822.5
26450007734000,829,419,410,27357
26450007735000,226,117,109,7706.6
26450007745000,2,1,1,0
26450007746000,14,8,6,547.4
26450007747000,2,1,1,0
26450007748000,58,24,34,2383.8
26450007752000,11,6,5,352
26450007753000,23,8,15,788.9
26450007759000,1,1,0,0
26450007775000,1,0,1,0
26460007630000,23,11,12,825.7
26460007660000,1,1,0,0
26460007663000,4,2,2,0
26460007664000,8,4,4,335.2
26460007665000,2,2,0,0
26460007666000,5,3,2,237
26460007667000,12,6,6,730.8
26460007673000,7,3,4,254.1
26460007674000,4,2,2,0
26460007686000,7,2,5,343
26460007688000,5,3,2,259
26460007689000,18,9,9,759.6
26460007697000,12,6,6,514.8
26460007699000,4,1,3,0
26460007700000,1,0,1,0
26460007701000,3,2,1,0
26460007719000,27,18,9,1015.2
26460007721000,21,13,8,884.1
26460007722000,94,44,50,3741.2
26460007728000,17,11,6,596.7
26460007729000,5,2,3,193
26460007731000,43,21,22,1638.3
26460007732000,44,23,21,1773.2
26460007734000,960,506,454,28128
26460007735000,285,148,137,7752
26460007752000,53,25,28,1653.6
26460007753000,23,13,10,880.9
26460007754000,11,7,4,501.6
26460007756000,1,1,0,0
26460007775000,1,1,0,0
26460007791000,1,1,0,0
26470007629000,5,1,4,221
26470007659000,1,0,1,0
26470007661000,2,1,1,0
26470007662000,12,7,5,522
26470007664000,7,4,3,242.9
26470007665000,8,6,2,226.4
26470007667000,2,1,1,0
26470007694000,24,8,16,813.6
26470007695000,2,1,1,0
26470007697000,11,6,5,522.5
26470007699000,6,2,4,322.2
26470007700000,5,3,2,210
26470007701000,2,1,1,0
26470007719000,49,23,26,2018.8
26470007722000,8,5,3,355.2
26470007723000,47,24,23,1790.7
26470007724000,53,26,27,2109.4
26470007725000,21,9,12,993.3
26470007726000,39,24,15,1302.6
26470007727000,27,15,12,1120.5
26470007728000,28,15,13,1218
26470007729000,4,2,2,0
26470007731000,111,55,56,3518.7
26470007735000,1298,675,623,39199.6
26470007752000,4,3,1,0
26470007753000,35,20,15,1417.5
26470007757000,8,3,5,356.8
26470007758000,2,1,1,0
26470007775000,2,1,1,0
26480007661000,7,3,4,261.8
26480007662000,7,3,4,268.1
26480007664000,2,1,1,0
26480007665000,3,1,2,0
26480007667000,4,2,2,0
26480007672000,8,5,3,286.4
26480007688000,2,2,0,0
26480007694000,2,1,1,0
26480007695000,7,4,3,410.2
26480007699000,11,6,5,433.4
26480007701000,8,4,4,388.8
26480007719000,14,7,7,379.4
26480007720000,18,8,10,586.8
26480007725000,11,6,5,433.4
26480007726000,34,17,17,914.6
26480007727000,10,4,6,397
26480007731000,28,11,17,588
26480007732000,28,16,12,826
26480007733000,9,4,5,368.1
26480007735000,1363,701,662,44297.5
26480007752000,31,20,11,1292.7
26480007775000,7,4,3,455.7
26490007660000,2,2,0,0
26490007661000,4,2,2,0
26490007662000,2,1,1,0
26490007663000,2,1,1,0
26490007664000,8,4,4,335.2
26490007671000,3,2,1,0
26490007672000,16,7,9,761.6
26490007688000,6,4,2,420
26490007694000,11,5,6,640.2
26490007695000,10,4,6,373
26490007696000,9,6,3,425.7
26490007697000,3,1,2,0
26490007699000,2,1,1,0
26490007720000,9,6,3,272.7
26490007725000,2,1,1,0
26490007726000,13,6,7,474.5
26490007735000,241,117,124,9495.4
26490007736000,1105,524,581,42653
26490007737000,103,50,53,3883.1
26490007752000,15,9,6,712.5
26490007756000,2,1,1,0
26490007776000,11,8,3,697.4
26500007660000,8,4,4,543.2
26500007663000,16,8,8,665.6
26500007671000,5,3,2,261
26500007672000,1,0,1,0
26500007688000,10,6,4,401
26500007694000,13,11,2,460.2
26500007696000,51,21,30,2295
26500007699000,2,1,1,0
26500007712000,2,1,1,0
26500007713000,5,2,3,94
26500007714000,5,2,3,110
26500007715000,1,1,0,0
26500007716000,21,12,9,932.4
26500007717000,22,12,10,902
26500007718000,2,1,1,0
26500007719000,20,13,7,1076
26500007720000,9,3,6,404.1
26500007736000,150,70,80,5910
26500007737000,1523,768,755,56960.2
26500007738000,14,6,8,621.6
26500007751000,2,1,1,0
26500007755000,7,4,3,184.1
26500007756000,20,8,12,996
26500007772000,1,1,0,0
26500007777000,6,3,3,283.8
26500007778000,2,1,1,0
26510007661000,15,9,6,864
26510007662000,7,4,3,410.2
26510007663000,14,6,8,602
26510007688000,8,5,3,288.8
26510007693000,9,4,5,525.6
26510007694000,10,4,6,214
26510007696000,17,7,10,885.7
26510007697000,3,2,1,0
26510007699000,3,1,2,0
26510007713000,2,1,1,0
26510007729000,309,151,158,12669
26510007730000,1451,669,782,60506.7
26510007731000,1608,767,841,63998.4
26510007732000,220,107,113,6644
26510007733000,340,185,155,13158
26510007734000,13,11,2,469.3
26510007735000,12,5,7,355.2
26510007736000,6,3,3,178.8
26510007737000,390,201,189,14898
26510007738000,31,15,16,1029.2
26510007751000,8,6,2,304.8
26510007754000,4,1,3,0
26510007779000,6,4,2,189
26520007623000,2,1,1,0
26520007661000,27,17,10,990.9
26520007662000,21,11,10,970.2
26520007671000,1,1,0,0
26520007688000,2,2,0,0
26520007694000,2,1,1,0
26520007696000,33,16,17,1323.3
26520007697000,3,1,2,0
26520007699000,7,2,5,312.2
26520007709000,15,8,7,828
26520007710000,15,9,6,808.5
26520007711000,3,1,2,0
26520007712000,7,5,2,399.7
26520007726000,7,3,4,487.9
26520007727000,2,0,2,0
26520007729000,1190,626,564,44149
26520007730000,3720,1890,1830,138756
26520007731000,3243,1681,1562,120639.6
26520007732000,2267,1124,1143,82065.4
26520007733000,2520,1223,1297,101052
26520007734000,1643,753,890,66705.8
26520007735000,2088,1038,1050,78300
26520007736000,209,102,107,8025.6
26520007737000,245,125,120,7350
26520007738000,24,14,10,1327.2
26520007739000,56,29,27,2828
26520007740000,18,11,7,923.4
26520007753000,13,7,6,626.6
26520007754000,2,1,1,0
26530007659000,4,3,1,0
26530007660000,6,3,3,313.8
26530007661000,32,16,16,1446.4
26530007662000,26,14,12,1092
26530007671000,17,11,6,875.5
26530007672000,9,3,6,335.7
26530007694000,2,0,2,0
26530007695000,6,4,2,330
26530007696000,74,33,41,3670.4
26530007708000,25,13,12,990
26530007709000,5,4,1,296
26530007721000,31,16,15,1326.8
26530007722000,166,83,83,5328.6
26530007723000,32,19,13,1475.2
26530007724000,18,10,8,630
26530007725000,60,34,26,2052
26530007726000,375,185,190,13725
26530007727000,371,189,182,13912.5
26530007728000,936,467,469,34632
26530007729000,1365,663,702,56374.5
26530007730000,300,136,164,11550
26530007731000,1709,861,848,72119.8
26530007732000,4180,2206,1974,157168
26530007733000,2724,1416,1308,94522.8
26530007734000,1621,839,782,54303.5
26530007735000,702,351,351,27378
26530007736000,718,375,343,22760.6
26530007737000,1513,744,769,48264.7
26530007738000,49,31,18,1783.6
26530007740000,28,12,16,1209.6
26530007750000,4,3,1,0
26530007753000,2,1,1,0
26530007776000,5,3,2,267
26530007777000,2,0,2,0
26530007778000,2,1,1,0
26540007621000,9,4,5,505.8
26540007661000,92,49,43,3247.6
26540007662000,1,0,1,0
26540007670000,2,1,1,0
26540007671000,39,16,23,1563.9
26540007692000,1,0,1,0
26540007695000,34,17,17,1625.2
26540007696000,84,40,44,2679.6
26540007700000,3,1,2,0
26540007706000,1,0,1,0
26540007707000,17,8,9,977.5
26540007708000,18,10,8,592.2
26540007719000,130,66,64,4498
26540007720000,143,73,70,4833.4
26540007721000,87,41,46,2557.8
26540007730000,629,320,309,23650.4
26540007731000,1720,860,860,66048
26540007733000,29,11,18,1232.5
26540007734000,136,82,54,5100
26540007735000,795,445,350,29892
26540007736000,1976,965,1011,77854.4
26540007737000,1121,556,565,40692.3
26540007738000,1016,520,496,37592
26540007741000,13,7,6,773.5
26540007742000,19,11,8,638.4
26540007748000,50,24,26,2060
26540007749000,12,5,7,555.6
26540007750000,12,4,8,432
26540007751000,6,2,4,346.2
26540007752000,14,9,5,569.8
26540007772000,7,5,2,413
26540007775000,2,1,1,0
26540007785000,2,1,1,0
26550007660000,13,10,3,543.4
26550007661000,113,58,55,4949.4
26550007671000,11,7,4,445.5
26550007672000,2,1,1,0
26550007687000,7,4,3,296.1
26550007691000,11,8,3,625.9
26550007692000,14,9,5,729.4
26550007694000,27,15,12,1279.8
26550007695000,12,6,6,759.6
26550007700000,1,1,0,0
26550007701000,4,3,1,0
26550007702000,9,6,3,588.6
26550007707000,5,1,4,219
26550007710000,10,7,3,514
26550007711000,8,3,5,372
26550007712000,5,3,2,194
26550007718000,1,1,0,0
26550007719000,84,50,34,3292.8
26550007720000,3,1,2,0
26550007730000,137,72,65,4589.5
26550007731000,2236,1118,1118,80719.6
26550007732000,1168,584,584,46252.8
26550007733000,1615,806,809,65246
26550007735000,66,38,28,2013
26550007736000,258,132,126,9288
26550007737000,678,368,310,22645.2
26550007738000,17,17,0,741.2
26550007742000,2,1,1,0
26550007743000,59,27,32,2183
26550007744000,6,3,3,316.8
26550007746000,10,7,3,281
26550007747000,27,12,15,1179.9
26550007748000,3,2,1,0
26550007749000,2,1,1,0
26550007750000,1,1,0,0
26550007773000,7,4,3,508.2
26550007774000,5,3,2,299
26550007775000,1,1,0,0
26560007653000,6,2,4,229.8
26560007655000,2,1,1,0
26560007656000,2,1,1,0
26560007658000,1,0,1,0
26560007659000,2,1,1,0
26560007660000,19,10,9,932.9
26560007661000,32,15,17,1228.8
26560007671000,5,3,2,143
26560007690000,1,0,1,0
26560007691000,16,7,9,696
26560007692000,11,4,7,542.3
26560007693000,1,1,0,0
26560007694000,17,8,9,758.2
26560007695000,4,1,3,0
26560007702000,52,33,19,2392
26560007703000,29,14,15,1171.6
26560007704000,2,2,0,0
26560007705000,3,1,2,0
26560007706000,4,3,1,0
26560007708000,1,1,0,0
26560007709000,13,7,6,614.9
26560007710000,1,1,0,0
26560007713000,8,5,3,564.8
26560007715000,12,5,7,690
26560007716000,25,14,11,1290
26560007717000,5,2,3,124
26560007718000,66,45,21,2554.2
26560007720000,47,27,20,1880
26560007732000,5,2,3,176
26560007733000,919,453,466,36024.8
26560007734000,1943,922,1021,79080.1
26560007735000,41,21,20,1549.8
26560007744000,22,12,10,825
26560007745000,41,22,19,1558
26560007746000,15,6,9,556.5
26560007748000,28,16,12,882
26560007749000,1,1,0,0
26560007769000,1,1,0,0
26570007653000,1,0,1,0
26570007654000,5,2,3,305
26570007655000,2,1,1,0
26570007657000,3,2,1,0
26570007658000,1,0,1,0
26570007660000,15,8,7,643.5
26570007687000,3,1,2,0
26570007691000,6,3,3,202.2
26570007693000,4,3,1,0
26570007694000,5,3,2,169
26570007701000,7,3,4,401.1
26570007702000,8,4,4,290.4
26570007708000,7,5,2,503.3
26570007717000,5,3,2,303
26570007718000,5,2,3,220
26570007720000,38,20,18,1333.8
26570007734000,30,14,16,1179
26570007735000,1813,873,940,75602.1
26570007736000,1239,604,635,44480.1
26570007737000,48,26,22,1905.6
26570007747000,5,3,2,270
26570007768000,24,10,14,1111.2
26580007652000,7,4,3,531.3
26580007655000,3,2,1,0
26580007658000,3,2,1,0
26580007659000,5,1,4,170
26580007660000,8,4,4,278.4
26580007661000,2,1,1,0
26580007672000,4,2,2,0
26580007673000,8,3,5,332.8
26580007687000,9,5,4,357.3
26580007690000,2,1,1,0
26580007691000,15,7,8,721.5
26580007708000,10,4,6,424
26580007713000,20,9,11,736
26580007718000,7,3,4,179.9
26580007719000,11,7,4,564.3
26580007720000,2,2,0,0
26580007721000,17,7,10,637.5
26580007735000,432,215,217,18792
26580007736000,238,120,118,8806
26580007737000,186,107,79,6435.6
26580007738000,53,30,23,2183.6
26580007739000,225,116,109,8730
26580007740000,133,67,66,4721.5
26580007741000,111,61,50,4340.1
26580007747000,21,11,10,825.3
26580007767000,17,8,9,861.9
26590007650000,2,2,0,0
26590007651000,5,3,2,236
26590007660000,2,2,0,0
26590007673000,1,1,0,0
26590007679000,17,10,7,576.3
26590007685000,1,1,0,0
26590007687000,4,1,3,0
26590007703000,11,6,5,462
26590007704000,1,1,0,0
26590007705000,9,3,6,464.4
26590007706000,8,3,5,148
26590007707000,5,3,2,287
26590007713000,3,2,1,0
26590007720000,1,0,1,0
26590007721000,15,6,9,478.5
26590007722000,60,32,28,2178
26590007741000,52,25,27,1747.2
26590007742000,24,14,10,1236
26590007747000,11,5,6,479.6
26590007766000,4,2,2,0
26590007767000,4,1,3,0
26600007649000,7,2,5,244.3
26600007660000,9,5,4,376.2
26600007678000,9,4,5,235.8
26600007679000,24,11,13,787.2
26600007680000,33,20,13,1102.2
26600007690000,6,3,3,271.8
26600007702000,5,2,3,371
26600007703000,2,1,1,0
26600007721000,3,2,1,0
26600007722000,45,21,24,1723.5
26600007742000,275,155,120,10285
26600007767000,2,2,0,0
26610007648000,6,2,4,321
26610007659000,15,8,7,672
26610007674000,2,1,1,0
26610007678000,15,9,6,661.5
26610007679000,2,0,2,0
26610007680000,22,10,12,794.2
26610007681000,17,10,7,829.6
26610007682000,8,6,2,311.2
26610007688000,3,2,1,0
26610007690000,19,13,6,642.2
26610007698000,8,5,3,420.8
26610007701000,11,5,6,467.5
26610007702000,1,0,1,0
26610007721000,18,9,9,766.8
26610007722000,37,22,15,1587.3
26610007723000,99,56,43,3257.1
26610007742000,101,55,46,3464.3
26610007743000,67,30,37,2170.8
26610007744000,31,13,18,1236.9
26610007748000,5,3,2,234
26610007766000,2,1,1,0
26620007646000,3,1,2,0
26620007647000,5,3,2,255
26620007648000,2,2,0,0
26620007673000,5,2,3,269
26620007679000,6,2,4,273
26620007680000,11,6,5,382.8
26620007681000,1,1,0,0
26620007682000,1,1,0,0
26620007683000,3,2,1,0
26620007688000,28,13,15,1008
26620007689000,7,2,5,240.1
26620007690000,23,11,12,823.4
26620007698000,11,5,6,508.2
26620007701000,5,4,1,124
26620007720000,25,14,11,1300
26620007721000,24,10,14,892.8
26620007722000,70,35,35,2394
26620007723000,86,46,40,3182
26620007741000,1,1,0,0
26620007744000,7,4,3,214.2
26620007745000,39,21,18,1665.3
26620007748000,4,2,2,0
26620007775000,8,5,3,419.2
26620007776000,12,7,5,522
26630007645000,8,6,2,410.4
26630007646000,16,9,7,1004.8
26630007647000,11,7,4,368.5
26630007659000,13,7,6,547.3
26630007660000,2,1,1,0
26630007673000,11,7,4,326.7
26630007679000,2,2,0,0
26630007680000,20,11,9,1006
26630007681000,3,2,1,0
26630007682000,2,1,1,0
26630007683000,49,26,23,1822.8
26630007684000,30,18,12,1296
26630007688000,14,6,8,617.4
26630007689000,31,18,13,1491.1
26630007690000,28,17,11,1092
26630007698000,17,8,9,756.5
26630007701000,8,5,3,342.4
26630007719000,33,18,15,1118.7
26630007720000,21,12,9,915.6
26630007721000,52,26,26,2184
26630007722000,110,57,53,3938
26630007723000,81,41,40,3013.2
26630007746000,9,6,3,474.3
26630007748000,4,2,2,0
26630007773000,19,8,11,676.4
26640007644000,4,2,2,0
26640007659000,1,0,1,0
26640007660000,10,5,5,341
26640007673000,2,1,1,0
26640007684000,19,6,13,535.8
26640007688000,6,3,3,262.2
26640007690000,26,13,13,1053
26640007698000,3,0,3,0
26640007701000,3,2,1,0
26640007702000,5,3,2,182
26640007719000,45,23,22,2074.5
26640007720000,27,14,13,1360.8
26640007723000,13,8,5,481
26640007724000,27,16,11,891
26640007745000,2,1,1,0
26640007746000,38,17,21,1512.4
26640007772000,2,1,1,0
26650007659000,11,5,6,339.9
26650007670000,2,1,1,0
26650007672000,2,1,1,0
26650007677000,11,5,6,378.4
26650007678000,4,2,2,0
26650007679000,3,2,1,0
26650007681000,3,2,1,0
26650007684000,1,1,0,0
26650007685000,15,7,8,745.5
26650007688000,8,5,3,320
26650007690000,11,4,7,290.4
26650007691000,2,1,1,0
26650007698000,3,2,1,0
26650007702000,6,3,3,453
26650007715000,10,6,4,439
26650007716000,7,4,3,305.9
26650007717000,99,51,48,3771.9
26650007718000,25,14,11,947.5
26650007719000,14,6,8,512.4
26650007724000,9,3,6,437.4
26650007725000,2,1,1,0
26650007746000,27,12,15,1252.8
26650007750000,2,1,1,0
26660007658000,8,5,3,334.4
26660007659000,3,1,2,0
26660007670000,2,1,1,0
26660007686000,390,183,207,17394
26660007687000,188,94,94,9193.2
26660007688000,74,33,41,2989.6
26660007690000,13,8,5,734.5
26660007691000,1,0,1,0
26660007702000,3,2,1,0
26660007714000,1,1,0,0
26660007717000,10,6,4,406
26660007725000,2,1,1,0
26660007726000,2,2,0,0
26660007746000,118,57,61,4047.4
26660007747000,1,1,0,0
26660007770000,21,13,8,764.4
26670007658000,2,0,2,0
26670007659000,2,1,1,0
26670007668000,7,4,3,254.8
26670007680000,3,2,1,0
26670007681000,11,8,3,478.5
26670007682000,13,6,7,435.5
26670007684000,32,19,13,1193.6
26670007685000,113,52,61,5322.3
26670007686000,181,92,89,8525.1
26670007687000,200,107,93,8360
26670007688000,90,44,46,3357
26670007689000,14,8,6,389.2
26670007698000,7,4,3,405.3
26670007702000,20,13,7,946
26670007703000,2,1,1,0
26670007704000,2,1,1,0
26670007726000,18,10,8,855
26670007746000,29,16,13,936.7
26670007753000,1,1,0,0
26670007754000,2,1,1,0
26670007755000,1,1,0,0
26670007770000,18,10,8,900
26670007771000,26,12,14,1266.2
26670007772000,15,9,6,484.5
26680007659000,5,3,2,182
26680007670000,3,2,1,0
26680007681000,7,4,3,417.9
26680007682000,1,1,0,0
26680007683000,6,2,4,181.2
26680007684000,78,38,40,3658.2
26680007685000,6,3,3,378
26680007689000,1,0,1,0
26680007690000,28,14,14,1030.4
26680007691000,34,17,17,1438.2
26680007698000,9,5,4,315
26680007702000,26,13,13,1123.2
26680007703000,12,8,4,537.6
26680007727000,4,2,2,0
26680007746000,56,22,34,2066.4
26680007747000,6,2,4,232.8
26680007756000,2,1,1,0
26680007769000,2,2,0,0
26680007770000,9,1,8,322.2
26680007771000,6,4,2,391.8
26690007669000,7,3,4,296.1
26690007670000,2,2,0,0
26690007681000,24,13,11,859.2
26690007682000,33,17,16,1323.3
26690007683000,74,42,32,2331
26690007684000,35,17,18,1540
26690007691000,18,9,9,795.6
26690007692000,31,20,11,1398.1
26690007695000,1,0,1,0
26690007696000,5,3,2,327
26690007697000,8,5,3,334.4
26690007698000,2,1,1,0
26690007702000,26,14,12,1274
26690007728000,11,6,5,352
26690007747000,21,12,9,1062.6
26690007758000,3,1,2,0
26690007759000,4,2,2,0
26690007768000,2,1,1,0
26690007799000,2,1,1,0
26700007659000,7,4,3,305.2
26700007661000,21,14,7,1096.2
26700007662000,7,4,3,377.3
26700007663000,39,18,21,1571.7
26700007667000,1,1,0,0
26700007669000,2,2,0,0
26700007670000,3,3,0,0
26700007681000,9,4,5,448.2
26700007684000,25,13,12,1095
26700007685000,14,8,6,669.2
26700007686000,10,5,5,511
26700007692000,12,7,5,530.4
26700007693000,31,20,11,1515.9
26700007694000,9,6,3,441
26700007695000,2,1,1,0
26700007701000,2,2,0,0
26700007702000,25,13,12,1170
26700007729000,10,5,5,440
26700007747000,26,12,14,912.6
26700007748000,10,7,3,448
26700007753000,8,3,5,379.2
26700007754000,3,2,1,0
26700007758000,5,3,2,286
26700007760000,20,10,10,1006
26700007765000,2,2,0,0
26700007766000,29,17,12,1305
26700007796000,3,2,1,0
26700007797000,1,1,0,0
26700007798000,7,5,2,350
26700007799000,4,3,1,0
26710007661000,11,5,6,389.4
26710007662000,83,46,37,2656
26710007663000,215,132,83,6084.5
26710007664000,10,5,5,280
26710007665000,9,7,2,356.4
26710007667000,23,11,12,945.3
26710007668000,3,1,2,0
26710007669000,1,1,0,0
26710007684000,7,4,3,170.8
26710007686000,30,14,16,1008
26710007693000,1,0,1,0
26710007694000,29,13,16,1319.5
26710007699000,5,3,2,183
26710007700000,23,9,14,784.3
26710007701000,16,10,6,785.6
26710007702000,101,58,43,4019.8
26710007731000,4,2,2,0
26710007747000,1,1,0,0
26710007758000,1,1,0,0
26710007760000,10,6,4,518
26710007761000,32,15,17,1772.8
26710007762000,111,66,45,3940.5
26710007763000,7,3,4,517.3
26710007764000,20,12,8,854
26710007765000,8,4,4,119.2
26710007766000,23,13,10,1081
26720007661000,4,2,2,0
26720007662000,11,5,6,687.5
26720007663000,3,2,1,0
26720007686000,5,3,2,340
26720007698000,5,3,2,274
26720007699000,31,15,16,1506.6
26720007748000,11,5,6,563.2
26720007761000,1,0,1,0
26720007762000,1,0,1,0
26720007766000,4,1,3,0
26720007795000,9,4,5,372.6
26730007662000,6,3,3,304.8
26730007686000,16,6,10,880
26730007692000,11,6,5,431.2
26730007693000,1,1,0,0
26730007695000,1,0,1,0
26730007696000,32,15,17,1126.4
26730007697000,29,14,15,1299.2
26730007698000,3,2,1,0
26730007704000,2,1,1,0
26730007749000,28,14,14,1290.8
26730007754000,1,1,0,0
26730007755000,1,1,0,0
26730007762000,2,1,1,0
26730007763000,5,3,2,258
26730007767000,3,3,0,0
26730007770000,1,1,0,0
26730007771000,4,2,2,0
26730007772000,7,4,3,235.9
26730007773000,1,1,0,0
26730007794000,6,4,2,397.8
26730007795000,23,13,10,1152.3
26740007686000,21,12,9,1127.7
26740007688000,2,2,0,0
26740007689000,11,6,5,641.3
26740007690000,44,23,21,2134
26740007691000,17,10,7,695.3
26740007692000,21,10,11,735
26740007693000,3,2,1,0
26740007694000,6,2,4,282
26740007695000,26,13,13,1261
26740007696000,7,3,4,294
26740007704000,12,8,4,820.8
26740007732000,10,5,5,385
26740007749000,9,5,4,513.9
26740007750000,7,5,2,329
26740007755000,5,3,2,259
26740007767000,24,11,13,1068
26740007771000,5,3,2,310
26740007773000,22,13,9,871.2
26740007774000,16,9,7,700.8
26740007793000,11,6,5,753.5
26740007794000,50,27,23,2470
26750007661000,17,8,9,623.9
26750007662000,56,26,30,2704.8
26750007663000,1,1,0,0
26750007685000,7,6,1,448.7
26750007686000,6,3,3,304.2
26750007687000,24,13,11,758.4
26750007688000,22,11,11,789.8
26750007690000,1,1,0,0
26750007704000,4,2,2,0
26750007732000,10,6,4,497
26750007733000,8,4,4,326.4
26750007765000,4,2,2,0
26750007767000,12,5,7,865.2
26750007768000,27,14,13,1347.3
26750007791000,1,0,1,0
26750007792000,28,14,14,1470
26750007793000,27,14,13,1325.7
26760007661000,7,3,4,504
26760007662000,68,33,35,3427.2
26760007685000,29,17,12,1429.7
26760007687000,4,2,2,0
26760007704000,15,10,5,675
26760007733000,14,6,8,614.6
26760007734000,3,2,1,0
26760007746000,4,2,2,0
26760007765000,10,6,4,612
26760007768000,313,152,161,12645.2
26760007769000,115,51,64,5508.5
26760007774000,4,2,2,0
26760007788000,3,2,1,0
26760007789000,10,5,5,617
26760007790000,9,5,4,473.4
26760007791000,6,3,3,382.2
26760007792000,9,5,4,410.4
26770007658000,3,3,0,0
26770007659000,1,1,0,0
26770007662000,44,23,21,2046
26770007663000,32,14,18,1206.4
26770007664000,1,0,1,0
26770007666000,5,3,2,112
26770007667000,1,1,0,0
26770007684000,2,1,1,0
26770007685000,8,4,4,367.2
26770007686000,10,4,6,631
26770007694000,3,2,1,0
26770007704000,3,2,1,0
26770007705000,6,3,3,252
26770007723000,1,1,0,0
26770007732000,1,0,1,0
26770007733000,8,5,3,491.2
26770007734000,17,11,6,606.9
26770007746000,15,9,6,511.5
26770007756000,7,4,3,454.3
26770007765000,7,4,3,415.8
26770007766000,35,17,18,1662.5
26770007767000,1,0,1,0
26770007769000,30,20,10,1107
26770007787000,3,1,2,0
26770007788000,35,15,20,1305.5
26770007789000,21,9,12,854.7
26780007658000,4,1,3,0
26780007662000,2,0,2,0
26780007663000,5,4,1,305
26780007667000,11,5,6,372.9
26780007684000,11,8,3,503.8
26780007685000,9,4,5,432.9
26780007695000,7,5,2,466.9
26780007696000,5,4,1,238
26780007706000,6,3,3,312
26780007707000,1,1,0,0
26780007709000,10,6,4,699
26780007722000,6,4,2,358.8
26780007732000,1,1,0,0
26780007734000,2,1,1,0
26780007756000,6,2,4,348
26780007767000,58,29,29,2546.2
26780007768000,4,3,1,0
26780007770000,39,23,16,1700.4
26780007771000,4,2,2,0
26780007781000,3,2,1,0
26780007782000,4,2,2,0
26780007783000,2,1,1,0
26780007786000,14,8,6,730.8
26780007787000,12,6,6,783.6
26780007797000,21,11,10,1253.7
26780007798000,12,9,3,702
26790007654000,6,3,3,274.2
26790007655000,14,7,7,768.6
26790007656000,4,2,2,0
26790007657000,18,9,9,664.2
26790007658000,2,1,1,0
26790007663000,2,1,1,0
26790007667000,4,3,1,0
26790007668000,1,1,0,0
26790007684000,1,1,0,0
26790007685000,38,23,15,1801.2
26790007696000,12,6,6,541.2
26790007697000,5,3,2,154
26790007698000,2,1,1,0
26790007710000,5,4,1,291
26790007721000,6,3,3,265.8
26790007722000,3,2,1,0
26790007734000,5,2,3,333
26790007735000,8,5,3,528.8
26790007745000,8,4,4,340
26790007768000,11,3,8,642.4
26790007784000,6,4,2,340.8
26800007653000,6,4,2,226.2
26800007654000,20,9,11,650
26800007655000,7,3,4,251.3
26800007663000,1,0,1,0
26800007664000,1,1,0,0
26800007667000,1,0,1,0
26800007668000,3,2,1,0
26800007669000,2,1,1,0
26800007684000,27,10,17,934.2
26800007685000,270,148,122,10935
26800007709000,1,1,0,0
26800007711000,1,1,0,0
26800007717000,4,2,2,0
26800007718000,14,6,8,688.8
26800007719000,10,4,6,264
26800007720000,24,11,13,1456.8
26800007721000,34,19,15,1604.8
26800007722000,3,1,2,0
26800007736000,4,0,4,0
26800007744000,6,2,4,171
26800007745000,68,39,29,3087.2
26800007746000,6,5,1,117
26800007769000,11,7,4,690.8
26800007771000,5,2,3,348
26810007649000,1,0,1,0
26810007652000,3,2,1,0
26810007653000,1,1,0,0
26810007663000,3,2,1,0
26810007664000,1,0,1,0
26810007670000,5,2,3,248
26810007684000,16,10,6,609.6
26810007685000,158,76,82,6225.2
26810007699000,3,1,2,0
26810007701000,3,2,1,0
26810007702000,27,18,9,1053
26810007703000,9,5,4,396
26810007704000,7,3,4,277.9
26810007705000,17,11,6,877.2
26810007706000,10,5,5,430
26810007707000,13,5,8,634.4
26810007708000,4,2,2,0
26810007709000,12,8,4,654
26810007710000,2,1,1,0
26810007712000,3,2,1,0
26810007715000,5,1,4,306
26810007716000,13,6,7,673.4
26810007722000,4,2,2,0
26810007723000,27,14,13,1368.9
26810007779000,3,1,2,0
26820007646000,2,1,1,0
26820007661000,4,2,2,0
26820007663000,15,9,6,649.5
26820007670000,7,3,4,321.3
26820007671000,4,2,2,0
26820007684000,3,1,2,0
26820007685000,141,73,68,5174.7
26820007700000,1,0,1,0
26820007705000,6,4,2,418.8
26820007706000,12,9,3,510
26820007707000,9,5,4,431.1
26820007708000,15,7,8,727.5
26820007709000,63,31,32,3042.9
26820007710000,19,12,7,653.6
26820007711000,12,6,6,456
26820007712000,12,7,5,613.2
26820007713000,3,1,2,0
26820007715000,5,3,2,331
26820007723000,7,3,4,315.7
26820007724000,9,5,4,545.4
26820007725000,25,13,12,1460
26820007726000,1,0,1,0
26820007727000,5,3,2,318
26820007728000,1,1,0,0
26820007762000,4,2,2,0
26820007763000,1,1,0,0
26820007764000,13,7,6,777.4
26820007779000,2,1,1,0
26830007645000,5,2,3,244
26830007660000,11,7,4,393.8
26830007663000,3,2,1,0
26830007670000,4,2,2,0
26830007671000,7,3,4,366.8
26830007683000,3,0,3,0
26830007684000,2,1,1,0
26830007685000,33,19,14,1824.9
26830007713000,14,8,6,877.8
26830007718000,6,3,3,298.8
26830007722000,4,2,2,0
26830007723000,2,1,1,0
26830007728000,3,1,2,0
26830007729000,9,5,4,497.7
26830007764000,8,3,5,446.4
26830007765000,4,2,2,0
26840007671000,4,3,1,0
26840007683000,5,1,4,244
26840007684000,16,8,8,580.8
26840007713000,2,2,0,0
26840007717000,9,5,4,449.1
26840007718000,3,2,1,0
26840007719000,2,1,1,0
26840007722000,4,2,2,0
26840007723000,4,2,2,0
26840007724000,9,5,4,563.4
26840007725000,3,2,1,0
26840007728000,1,1,0,0
26840007737000,1,0,1,0
26840007779000,1,1,0,0
26850007671000,3,1,2,0
26850007672000,6,3,3,351
26850007682000,26,14,12,1071.2
26850007683000,3,2,1,0
26850007726000,6,3,3,355.2
26850007727000,1,1,0,0
26850007729000,5,2,3,349
26850007736000,10,6,4,366
26850007738000,1,1,0,0
26850007739000,7,4,3,508.2
26850007741000,7,2,5,233.8
26850007768000,2,1,1,0
26850007771000,3,1,2,0
26850007778000,6,3,3,244.8
26850007779000,5,4,1,216
26850007793000,1,1,0,0
26860007658000,10,7,3,314
26860007672000,4,2,2,0
26860007682000,17,7,10,926.5
26860007683000,4,2,2,0
26860007729000,8,5,3,566.4
26860007732000,1,0,1,0
26860007733000,5,3,2,245
26860007734000,13,7,6,666.9
26860007735000,7,3,4,277.9
26860007736000,6,3,3,324
26860007742000,4,2,2,0
26860007745000,8,2,6,434.4
26860007746000,9,6,3,281.7
26860007771000,2,2,0,0
26860007773000,25,16,9,1180
26860007774000,6,3,3,433.8
26860007778000,16,9,7,859.2
26860007779000,5,1,4,231
26870007657000,2,1,1,0
26870007658000,2,2,0,0
26870007682000,8,5,3,516
26870007683000,8,5,3,398.4
26870007729000,2,2,0,0
26870007731000,6,2,4,354
26870007732000,7,4,3,296.8
26870007733000,3,2,1,0
26870007743000,24,13,11,1212
26870007744000,20,8,12,848
26870007745000,4,3,1,0
26870007773000,15,6,9,712.5
26870007779000,26,13,13,1266.2
26880007657000,1,1,0,0
26880007683000,11,3,8,671
26880007728000,7,5,2,375.9
26880007730000,23,13,10,839.5
26880007731000,10,4,6,585
26880007743000,6,2,4,439.8
26880007748000,2,1,1,0
26880007779000,2,2,0,0
26880007787000,20,9,11,984
26880007788000,2,1,1,0
26890007675000,2,1,1,0
26890007676000,1,1,0,0
26890007684000,3,2,1,0
26890007685000,11,8,3,520.3
26890007728000,8,6,2,426.4
26890007730000,23,14,9,1143.1
26890007749000,13,7,6,861.9
26890007781000,167,88,79,6796.9
26890007782000,21,11,10,1001.7
26890007783000,32,13,19,1472
26890007784000,4,3,1,0
26890007787000,7,4,3,359.8
26890007788000,64,37,27,2611.2
26900007636000,6,4,2,213
26900007637000,7,5,2,261.8
26900007657000,2,1,1,0
26900007686000,9,6,3,404.1
26900007687000,8,3,5,512
26900007688000,5,1,4,283
26900007728000,2,1,1,0
26900007729000,1,1,0,0
26900007730000,19,9,10,809.4
26900007749000,5,3,2,353
26900007750000,2,1,1,0
26900007754000,14,8,6,418.6
26900007781000,13,8,5,691.6
26900007783000,25,11,14,1070
26900007786000,4,2,2,0
26900007787000,1,1,0,0
26900007790000,1,1,0,0
26910007688000,11,6,5,514.8
26910007689000,20,13,7,904
26910007690000,20,12,8,828
26910007750000,8,5,3,346.4
26910007751000,13,5,8,841.1
26910007752000,35,17,18,1830.5
26910007753000,55,25,30,2541
26910007754000,14,7,7,747.6
26910007755000,7,5,2,244.3
26910007783000,3,2,1,0
26910007786000,1,0,1,0
26920007690000,88,42,46,3150.4
26920007691000,10,5,5,619
26920007747000,6,3,3,133.2
26920007783000,8,4,4,356.8
26930007690000,35,20,15,1914.5
26930007691000,18,7,11,988.2
26930007692000,15,9,6,739.5
26930007693000,5,4,1,319
26930007694000,17,6,11,578
26930007752000,20,12,8,978
26930007753000,34,16,18,1281.8
26930007754000,11,6,5,720.5
26930007755000,5,3,2,320
26930007756000,12,7,5,783.6
26930007784000,5,4,1,308
26940007691000,10,5,5,336
26940007696000,20,10,10,878
26940007697000,12,6,6,489.6
26940007757000,16,7,9,729.6
26940007758000,1,0,1,0
26940007759000,18,11,7,849.6
26940007760000,8,6,2,503.2
26940007785000,5,4,1,297
26950007691000,110,53,57,4334
26950007692000,126,59,67,5052.6
26950007693000,2,2,0,0
26950007694000,7,4,3,345.8
26950007697000,11,4,7,289.3
26950007698000,17,9,8,877.2
26950007699000,15,10,5,736.5
26950007700000,24,12,12,1116
26950007701000,5,4,1,58
26950007728000,12,5,7,663.6
26950007760000,2,1,1,0
26950007761000,2,1,1,0
26950007762000,19,9,10,718.2
26960007683000,3,1,2,0
26960007686000,1,1,0,0
26960007687000,9,7,2,347.4
26960007690000,7,2,5,217
26960007691000,86,44,42,3010
26960007692000,45,19,26,1611
26960007695000,3,2,1,0
26960007702000,3,2,1,0
26960007727000,2,2,0,0
26960007762000,9,5,4,587.7
26960007763000,12,8,4,820.8
26970007682000,1,1,0,0
26970007683000,9,5,4,370.8
26970007684000,3,2,1,0
26970007685000,4,3,1,0
26970007686000,9,5,4,453.6
26970007687000,2,1,1,0
26970007690000,28,16,12,1036
26970007691000,12,5,7,378
26970007697000,9,4,5,426.6
26970007698000,6,3,3,391.2
26970007699000,10,3,7,370
26970007702000,2,2,0,0
26970007703000,16,10,6,684.8
26970007704000,1,0,1,0
26970007728000,3,2,1,0
26970007761000,44,26,18,2002
26970007763000,10,5,5,685
26970007764000,53,26,27,2846.1
26970007765000,4,2,2,0
26970007766000,2,1,1,0
26980007682000,7,5,2,329.7
26980007689000,1,0,1,0
26980007690000,15,8,7,841.5
26980007699000,15,9,6,958.5
26980007700000,21,8,13,842.1
26980007704000,18,6,12,934.2
26980007761000,3,1,2,0
26980007762000,69,34,35,2622
26980007763000,31,18,13,1407.4
26980007764000,5,3,2,303
26980007765000,24,11,13,1113.6
26980007766000,20,9,11,1156
26980007767000,20,12,8,888
26990007681000,4,2,2,0
26990007689000,17,8,9,734.4
26990007690000,14,7,7,693
26990007704000,1,1,0,0
26990007705000,9,4,5,451.8
26990007728000,6,3,3,384
26990007767000,12,6,6,610.8
26990007768000,21,13,8,1089.9
27000007679000,4,2,2,0
27000007681000,4,3,1,0
27000007688000,4,2,2,0
27000007689000,27,16,11,1001.7
27000007705000,8,2,6,576
27000007706000,7,5,2,448
27000007727000,14,9,5,812
27010007677000,3,2,1,0
27010007679000,2,1,1,0
27010007688000,4,3,1,0
27010007689000,16,8,8,579.2
27010007703000,2,1,1,0
27010007706000,8,5,3,467.2
27010007707000,14,8,6,712.6
27010007710000,6,5,1,312
27010007711000,186,90,96,7830.6
27010007712000,76,32,44,3769.6
27010007727000,11,7,4,457.6
27020007675000,2,1,1,0
27020007676000,6,3,3,367.2
27020007716000,6,4,2,403.8
27020007717000,6,3,3,226.8
27020007718000,12,7,5,482.4
27020007719000,33,16,17,1442.1
27020007721000,10,3,7,337
27020007726000,102,52,50,4304.4
27020007727000,185,92,93,8325
27030007706000,1,1,0,0
27030007714000,5,2,3,321
27030007715000,1,1,0,0
27030007716000,5,3,2,395
27030007717000,44,23,21,1487.2
27030007718000,64,34,30,2713.6
27030007719000,77,35,42,3395.7
27030007720000,32,17,15,1446.4
27030007721000,98,49,49,3675
27030007722000,73,43,30,3409.1
27030007723000,33,22,11,1607.1
27030007724000,12,7,5,568.8
27030007725000,160,77,83,6176
27030007726000,242,124,118,10018.8
27030007727000,135,66,69,5724
27030007738000,13,6,7,817.7
27030007739000,1,1,0,0
27040007718000,8,5,3,376.8
27040007721000,3,1,2,0
27040007723000,39,17,22,1634.1
27040007724000,7,3,4,193.9
27040007727000,29,17,12,1592.1
27040007728000,40,23,17,1736
27040007735000,7,4,3,254.8
27040007736000,7,5,2,415.8
27040007737000,2,1,1,0
27050007724000,1,1,0,0
27050007728000,2,2,0,0
27050007729000,50,24,26,2505
27050007730000,2,1,1,0
27050007735000,18,11,7,975.6
27060007704000,52,29,23,2683.2
27060007705000,8,3,5,435.2
27060007706000,90,50,40,4149
27060007707000,110,57,53,4840
27060007728000,7,3,4,111.3
27060007729000,16,9,7,940.8
27060007730000,3,2,1,0
27060007734000,8,4,4,380
27060007735000,10,5,5,512
27070007703000,2,1,1,0
27070007704000,27,13,14,1158.3
27070007705000,105,56,49,5008.5
27070007706000,246,134,112,10258.2
27070007707000,22,11,11,1111
27070007731000,11,4,7,457.6
27070007732000,6,4,2,436.8
27070007733000,16,8,8,713.6
27070007734000,2,1,1,0
27080007703000,6,2,4,325.2
27080007704000,10,6,4,483
27080007705000,25,12,13,1432.5
27080007706000,4,3,1,0
27080007781000,2,2,0,0
27080007782000,3,2,1,0
27080007783000,2,2,0,0
27080007796000,44,20,24,2530
27080007797000,80,46,34,2944
27090007722000,7,3,4,235.2
27090007723000,2,1,1,0
27090007780000,1,0,1,0
27100007728000,16,6,10,532.8
27100007729000,4,1,3,0
27100007748000,7,5,2,366.8
27110007699000,5,5,0,271
27110007747000,25,13,12,1185
27110007748000,14,8,6,701.4
27110007749000,11,7,4,473
27110007779000,7,4,3,429.1
27110007781000,6,4,2,358.8
27110007782000,4,2,2,0
27120007732000,1,1,0,0
27120007733000,1,1,0,0
27120007734000,5,2,3,252
27120007738000,15,8,7,532.5
27120007739000,6,3,3,457.8
27120007746000,14,9,5,623
27120007747000,19,13,6,1014.6
27120007754000,2,0,2,0
27120007755000,3,2,1,0
27120007756000,2,2,0,0
27120007757000,1,0,1,0
27130007732000,29,11,18,1418.1
27130007739000,12,5,7,669.6
27130007740000,12,5,7,364.8
27130007741000,9,2,7,356.4
27130007742000,2,1,1,0
27130007743000,3,1,2,0
27130007744000,19,10,9,788.5
27130007745000,14,7,7,988.4
27130007746000,16,8,8,473.6
27130007748000,9,4,5,453.6
27130007780000,9,4,5,496.8
27140007719000,27,18,9,1158.3
27140007720000,20,10,10,802
27140007721000,38,21,17,1675.8
27140007731000,221,113,108,10055.5
27140007732000,6,3,3,184.8
27140007750000,29,14,15,1357.2
27140007752000,25,18,7,1360
27140007780000,13,8,5,587.6
27140007781000,37,19,18,1642.8
27140007782000,27,17,10,1304.1
27150007716000,1,1,0,0
27150007717000,12,8,4,381.6
27150007718000,3,2,1,0
27150007719000,19,12,7,818.9
27150007720000,50,25,25,1700
27150007721000,42,18,24,1432.2
27150007722000,96,50,46,3897.6
27150007723000,26,14,12,1276.6
27150007724000,54,24,30,2370.6
27150007725000,27,17,10,1436.4
27150007726000,3,1,2,0
27150007730000,40,19,21,1772
27150007731000,68,33,35,2951.2
27150007750000,27,15,12,1026
27150007751000,26,12,14,1331.2
27150007752000,4,2,2,0
27150007774000,4,2,2,0
27150007781000,7,3,4,396.2
27160007715000,3,1,2,0
27160007716000,9,4,5,422.1
27160007717000,2,2,0,0
27160007719000,1,1,0,0
27160007720000,7,4,3,303.8
27160007721000,21,13,8,900.9
27160007722000,79,37,42,3499.7
27160007723000,64,38,26,2848
27160007724000,112,60,52,5264
27160007729000,23,11,12,1058
27160007730000,9,7,2,404.1
27160007751000,42,22,20,1701
27160007752000,4,2,2,0
27160007773000,1,0,1,0
27170007713000,1,1,0,0
27170007714000,9,5,4,269.1
27170007726000,2,1,1,0
27170007727000,8,3,5,582.4
27170007728000,25,10,15,1125
27170007729000,14,9,5,683.2
27170007752000,21,11,10,842.1
27170007787000,3,2,1,0
27170007788000,2,0,2,0
27170007789000,6,4,2,328.8
27180007711000,1,1,0,0
27180007726000,2,1,1,0
27180007752000,25,16,9,1195
27180007760000,5,3,2,349
27180007761000,1,0,1,0
27180007762000,1,0,1,0
27180007786000,14,9,5,596.4
27180007787000,2,1,1,0
27180007788000,1,1,0,0
27180007789000,3,1,2,0
27180007790000,9,5,4,491.4
27180007791000,9,5,4,567.9
27180007792000,6,3,3,337.2
27190007722000,15,9,6,1030.5
27190007724000,8,5,3,512.8
27190007725000,1,1,0,0
27190007752000,22,10,12,1062.6
27190007765000,2,1,1,0
27200007723000,10,5,5,542
27200007724000,3,2,1,0
27200007750000,22,14,8,800.8
27200007751000,32,19,13,1296
27200007752000,20,10,10,694
27200007753000,7,4,3,233.1
27200007754000,6,2,4,292.2
27200007782000,1,1,0,0
27200007784000,4,2,2,0
27200007785000,5,2,3,365
27210007723000,5,2,3,123
27210007749000,1,1,0,0
27210007754000,11,5,6,448.8
27210007755000,12,5,7,717.6
27210007756000,2,1,1,0
27210007760000,11,6,5,518.1
27210007783000,1,1,0,0
27220007723000,13,6,7,479.7
27220007756000,16,9,7,916.8
27220007757000,13,10,3,559
27220007758000,7,2,5,338.8
27220007759000,15,9,6,718.5
27230007723000,15,6,9,648
27230007760000,3,1,2,0
27230007767000,3,1,2,0
27230007768000,2,1,1,0
27240007723000,39,21,18,1942.2
27240007759000,12,8,4,529.2
27240007760000,30,13,17,1167
27240007768000,5,2,3,359
27250007687000,4,3,1,0
27250007722000,18,13,5,1049.4
27250007723000,11,6,5,580.8
27250007759000,9,5,4,378.9
27250007761000,20,11,9,1150
27250007769000,11,4,7,558.8
27260007720000,2,1,1,0
27260007721000,11,6,5,489.5
27260007761000,2,1,1,0
27260007762000,1,0,1,0
27260007768000,4,2,2,0
27260007769000,3,0,3,0
27260007774000,6,4,2,355.2
27260007780000,560,295,265,22288
27270007719000,3,1,2,0
27270007720000,102,54,48,4457.4
27270007721000,13,8,5,401.7
27270007754000,1,0,1,0
27270007755000,12,3,9,543.6
27270007768000,18,8,10,876.6
27270007774000,6,3,3,246
27270007775000,12,8,4,570
27270007778000,116,61,55,2946.4
27270007779000,419,216,203,16466.7
27270007780000,894,448,446,38442
27270007781000,458,216,242,18778
27280007718000,1,0,1,0
27280007719000,59,25,34,2495.7
27280007720000,83,47,36,3095.9
27280007752000,15,5,10,532.5
27280007753000,263,136,127,10598.9
27280007754000,1,1,0,0
27280007767000,10,5,5,430
27280007768000,10,7,3,620
27280007769000,5,2,3,151
27280007770000,1,1,0,0
27280007775000,14,9,5,506.8
27280007781000,80,44,36,2640
27290007677000,6,3,3,277.8
27290007718000,42,22,20,2205
27290007719000,27,16,11,1350
27290007752000,476,240,236,19420.8
27290007753000,112,60,52,4200
27290007768000,1,1,0,0
27290007777000,3,1,2,0
27300007718000,31,20,11,1720.5
27300007751000,46,24,22,1375.4
27300007752000,14,7,7,457.8
27310007716000,3,2,1,0
27310007717000,106,57,49,5109.2
27310007718000,32,18,14,1731.2
27310007750000,2,1,1,0
27310007751000,172,89,83,7172.4
27310007752000,10,8,2,479
27310007755000,14,7,7,505.4
27310007758000,2,2,0,0
27320007716000,42,24,18,2234.4
27320007717000,6,2,4,265.8
27320007748000,15,7,8,532.5
27320007749000,52,24,28,2121.6
27320007750000,106,57,49,4558
27320007751000,764,364,400,33921.6
27320007752000,369,193,176,14612.4
27320007753000,41,22,19,1578.5
27320007754000,27,12,15,1074.6
27320007755000,4,2,2,0
27320007758000,24,9,15,835.2
27320007759000,18,8,10,792
27320007760000,8,5,3,394.4
27320007761000,15,7,8,819
27320007762000,6,4,2,279
27320007763000,11,8,3,551.1
27330007745000,2,1,1,0
27330007746000,9,5,4,451.8
27330007747000,16,10,6,652.8
27330007748000,20,10,10,776
27330007749000,63,36,27,2381.4
27330007751000,381,190,191,12077.7
27330007752000,29,12,17,1090.4
27330007753000,4,2,2,0
27330007754000,30,15,15,1281
27330007763000,1,0,1,0
27340007745000,9,7,2,304.2
27340007746000,3,3,0,0
27340007749000,29,15,14,1334
27340007754000,9,5,4,423.9
27340007755000,27,16,11,1053
27340007763000,27,10,17,623.7
27340007764000,4,2,2,0
27340007801000,2,1,1,0
27340007803000,1,0,1,0
27350007742000,15,7,8,640.5
27350007749000,45,22,23,2007
27350007754000,8,4,4,280
27350007755000,17,9,8,691.9
27350007758000,6,5,1,133.8
27350007759000,3,1,2,0
27350007760000,1,1,0,0
27350007764000,15,10,5,447
27360007748000,1,1,0,0
27360007749000,7,4,3,359.1
27360007759000,9,7,2,304.2
27360007760000,4,3,1,0
27370007748000,7,6,1,336
27370007749000,43,25,18,1711.4
27370007757000,1,1,0,0
27370007759000,2,1,1,0
27370007761000,4,2,2,0
27370007762000,4,3,1,0
27370007763000,13,8,5,535.6
27370007764000,18,6,12,732.6
27370007765000,3,2,1,0
27370007766000,3,2,1,0
27370007767000,7,4,3,258.3
27370007769000,2,1,1,0
27370007770000,8,3,5,506.4
27380007747000,2,1,1,0
27380007748000,35,18,17,1526
27380007749000,2,1,1,0
27380007760000,15,9,6,759
27380007761000,2,1,1,0
27380007762000,23,8,15,897
27380007763000,35,19,16,1396.5
27380007769000,23,14,9,1115.5
27390007747000,20,11,9,676
27390007748000,19,9,10,655.5
27390007761000,2,1,1,0
27390007762000,7,3,4,385
27390007769000,8,5,3,528.8
27400007742000,1,1,0,0
27400007743000,2,2,0,0
27400007744000,7,2,5,261.8
27400007746000,27,14,13,963.9
27400007747000,14,9,5,501.2
27400007767000,4,2,2,0
27400007769000,23,11,12,1129.3
27410007742000,23,12,11,977.5
27410007743000,31,11,20,1466.3
27410007744000,18,7,11,865.8
27410007745000,33,17,16,1329.9
27410007746000,23,12,11,892.4
27410007766000,4,1,3,0
27410007768000,23,11,12,821.1
27410007769000,12,9,3,579.6
27410007804000,1,0,1,0
27410007815000,2,2,0,0
27410007816000,3,3,0,0
27410007817000,1,1,0,0
27410007818000,1,1,0,0
27420007731000,1,1,0,0
27420007734000,3,2,1,0
27420007742000,19,10,9,674.5
27420007766000,14,6,8,354.2
27420007768000,94,46,48,3562.6
27430007730000,2,1,1,0
27430007731000,3,1,2,0
27430007734000,9,6,3,295.2
27430007737000,6,3,3,211.8
27430007740000,8,5,3,363.2
27430007741000,6,2,4,399
27430007766000,8,5,3,264.8
27430007767000,8,5,3,614.4
27430007768000,1,0,1,0
27440007729000,22,11,11,858
27440007730000,2,2,0,0
27440007734000,9,6,3,330.3
27440007736000,8,2,6,338.4
27440007737000,3,2,1,0
27440007738000,4,2,2,0
27440007739000,9,5,4,404.1
27440007740000,12,9,3,469.2
27440007741000,6,4,2,262.2
27440007767000,10,7,3,576
27440007806000,1,1,0,0
27450007728000,4,2,2,0
27450007729000,16,7,9,540.8
27450007736000,4,3,1,0
27450007763000,11,7,4,663.3
27450007764000,3,2,1,0
27450007802000,1,1,0,0
27460007727000,6,4,2,384
27460007763000,1,1,0,0
27460007764000,5,3,2,333
27460007765000,16,9,7,852.8
27460007766000,10,6,4,519
27460007810000,3,2,1,0
27460007811000,3,2,1,0
27470007726000,1,1,0,0
27470007759000,13,7,6,419.9
27470007764000,8,5,3,340.8
27470007765000,6,2,4,112.8
27470007809000,11,6,5,743.6
27470007810000,5,3,2,293
27480007726000,2,1,1,0
27480007808000,16,8,8,915.2
27480007809000,5,3,2,208
27490007725000,10,4,6,343
27490007775000,1,1,0,0
27500007724000,1,1,0,0
27500007725000,5,3,2,285
27500007790000,9,5,4,630.9
27520007721000,5,2,3,180
27520007722000,3,2,1,0
27520007723000,2,2,0,0
27520007804000,7,5,2,308.7
27530007721000,1,1,0,0
27530007803000,5,4,1,348
27530007804000,5,3,2,329
27540007768000,1,1,0,0
27540007779000,25,14,11,1285
27550007718000,2,1,1,0
27550007779000,1,1,0,0
27550007807000,51,29,22,2244
27550007808000,29,17,12,988.9
27550007809000,3,3,0,0
27570007850000,57,27,30,2086.2
27570007851000,47,31,16,2514.5
27580007766000,1,1,0,0
27580007785000,2,1,1,0
27580007850000,15,11,4,585
27580007851000,60,26,34,2490
27590007766000,1,0,1,0
27590007785000,8,4,4,492.8
27590007795000,2,1,1,0
27590007796000,3,2,1,0
27590007851000,39,25,14,1115.4
27600007764000,2,2,0,0
27600007786000,2,1,1,0
27600007787000,7,4,3,413
27600007849000,1,1,0,0
27610007763000,10,6,4,495
27610007764000,2,1,1,0
27610007787000,11,6,5,438.9
27620007763000,8,3,5,511.2
27620007787000,4,2,2,0
27620007848000,4,2,2,0
27630007761000,5,3,2,187
27630007762000,18,10,8,975.6
27630007763000,15,6,9,642
27630007774000,5,2,3,144
27630007787000,5,3,2,202
27630007847000,1,1,0,0
27630007848000,2,1,1,0
27640007762000,5,2,3,162
27640007763000,2,1,1,0
27640007766000,1,0,1,0
27640007767000,10,5,5,181
27640007768000,12,4,8,513.6
27640007774000,8,6,2,316.8
27640007775000,1,0,1,0
27640007788000,4,3,1,0
27650007755000,5,4,1,280
27650007761000,6,3,3,273
27650007762000,13,7,6,470.6
27650007766000,20,9,11,1016
27650007788000,12,8,4,458.4
27650007789000,10,6,4,497
27650007790000,2,2,0,0
27650007835000,40,20,20,1644
27650007836000,22,12,10,1181.4
27650007837000,17,7,10,739.5
27650007838000,4,3,1,0
27660007754000,1,0,1,0
27660007756000,6,3,3,253.8
27660007760000,9,5,4,327.6
27660007762000,4,2,2,0
27660007763000,21,12,9,619.5
27660007766000,10,5,5,577
27660007774000,3,1,2,0
27660007775000,7,4,3,448
27660007788000,3,3,0,0
27660007789000,8,4,4,302.4
27660007807000,7,3,4,490.7
27660007808000,3,3,0,0
27660007834000,2,2,0,0
27660007835000,243,124,119,10424.7
27660007836000,104,56,48,4118.4
27670007752000,6,4,2,168
27670007761000,19,10,9,780.9
27670007762000,3,2,1,0
27670007763000,7,3,4,289.1
27670007766000,29,14,15,1412.3
27670007774000,12,5,7,519.6
27670007775000,15,8,7,645
27670007776000,10,5,5,624
27670007777000,4,2,2,0
27670007778000,6,2,4,274.2
27670007779000,4,2,2,0
27670007781000,7,4,3,492.1
27670007782000,6,4,2,384
27670007808000,2,1,1,0
27670007809000,3,2,1,0
27670007810000,18,10,8,952.2
27670007811000,32,17,15,1673.6
27670007835000,27,15,12,1104.3
27670007836000,8,4,4,576
27670007842000,1,1,0,0
27680007752000,8,2,6,376
27680007763000,2,1,1,0
27680007765000,4,2,2,0
27680007766000,11,6,5,478.5
27680007773000,55,28,27,2359.5
27680007774000,38,20,18,1653
27680007775000,2,1,1,0
27680007776000,11,8,3,379.5
27680007777000,9,6,3,426.6
27680007778000,11,5,6,618.2
27680007779000,2,1,1,0
27680007780000,1,1,0,0
27680007781000,6,3,3,286.8
27680007782000,5,3,2,194
27680007811000,23,15,8,1186.8
27680007812000,5,3,2,295
27680007813000,5,4,1,333
27680007842000,1,0,1,0
27680007845000,2,2,0,0
27690007763000,4,3,1,0
27690007764000,37,18,19,1990.6
27690007765000,4,3,1,0
27690007773000,71,39,32,2314.6
27690007774000,213,97,116,9712.8
27690007775000,36,17,19,1555.2
27690007784000,17,9,8,853.4
27690007785000,18,9,9,777.6
27690007839000,7,3,4,338.8
27690007847000,251,141,110,10742.8
27700007751000,2,1,1,0
27700007752000,2,2,0,0
27700007758000,4,2,2,0
27700007764000,17,9,8,627.3
27700007772000,24,9,15,859.2
27700007773000,3,2,1,0
27700007784000,3,2,1,0
27700007785000,8,4,4,394.4
27700007847000,15,8,7,657
27700007848000,70,35,35,2891
27700007849000,2,2,0,0
27710007752000,7,4,3,380.1
27710007758000,4,2,2,0
27710007771000,13,7,6,379.6
27710007772000,15,9,6,774
27710007785000,6,2,4,225
27720007751000,10,6,4,595
27720007755000,5,4,1,290
27720007757000,15,10,5,796.5
27720007786000,12,6,6,602.4
27720007806000,5,3,2,261
27720007807000,3,3,0,0
27730007751000,8,4,4,502.4
27730007756000,1,1,0,0
27730007757000,2,1,1,0
27730007808000,2,1,1,0
27740007752000,1,1,0,0
27740007754000,3,2,1,0
27740007786000,2,1,1,0
27750007750000,2,1,1,0
27750007752000,2,1,1,0
27750007753000,6,3,3,210
27750007786000,11,5,6,295.9
27750007800000,2,1,1,0
27760007786000,7,4,3,424.9
27760007787000,18,9,9,779.4
27760007801000,6,3,3,375
27760007802000,8,6,2,260
27760007803000,3,2,1,0
27760007804000,1,1,0,0
27760007805000,3,2,1,0
27760007808000,5,3,2,260
27760007809000,196,100,96,9133.6
27760007810000,171,86,85,7387.2
27760007811000,118,63,55,4861.6
27770007784000,3,0,3,0
27770007785000,2,2,0,0
27770007787000,2,1,1,0
27770007808000,118,67,51,5605
27780007783000,9,5,4,374.4
27780007784000,16,8,8,537.6
27780007785000,7,4,3,420
27780007786000,1,1,0,0
27780007788000,11,6,5,413.6
27790007782000,3,3,0,0
27790007783000,6,3,3,373.8
27790007789000,2,1,1,0
27810007791000,4,1,3,0
27810007799000,2,1,1,0
27820007799000,1,1,0,0
27830007789000,3,3,0,0
27830007792000,6,4,2,421.2
27840007792000,5,4,1,258
27840007793000,1,1,0,0
27840007796000,3,2,1,0
27840007797000,3,1,2,0
27840007798000,1,0,1,0
27850007796000,4,3,1,0
27860007792000,2,1,1,0
27870007792000,1,1,0,0
27890007794000,1,1,0,0
27930007822000,10,6,4,394
27940007794000,2,1,1,0
27940007820000,6,3,3,319.8
27940007822000,2,2,0,0
27940007860000,1,1,0,0
27940007861000,4,3,1,0
27940007862000,4,3,1,0
27950007795000,1,0,1,0
27950007819000,9,5,4,356.4
27950007820000,26,15,11,1274
27960007795000,1,1,0,0
27960007862000,1,1,0,0
27970007796000,1,1,0,0
27970007870000,1,1,0,0
27980007796000,2,1,1,0
27980007797000,6,3,3,364.8
27980007798000,1,1,0,0
27990007797000,1,1,0,0
27990007798000,2,1,1,0
27990007868000,2,2,0,0
28000007856000,1,1,0,0
28010007789000,28,12,16,1190
28010007790000,71,36,35,2811.6
28010007822000,5,2,3,203
28010007823000,1,0,1,0
28010007846000,1,0,1,0
28010007862000,2,1,1,0
28010007863000,2,1,1,0
28020007767000,1,1,0,0
28020007789000,159,85,74,5755.8
28020007790000,101,59,42,4767.2
28020007794000,6,3,3,370.2
28020007795000,2,2,0,0
28020007798000,11,7,4,453.2
28020007799000,11,5,6,502.7
28020007800000,12,6,6,600
28020007818000,3,1,2,0
28020007820000,1,1,0,0
28020007846000,14,8,6,919.8
28020007847000,1,0,1,0
28030007788000,2,1,1,0
28030007789000,26,15,11,902.2
28030007792000,5,3,2,98
28030007793000,2,2,0,0
28030007818000,3,1,2,0
28030007864000,1,1,0,0
28040007770000,5,1,4,209
28040007817000,5,4,1,189
28040007866000,1,1,0,0
28040007878000,4,3,1,0
28050007770000,1,1,0,0
28050007771000,9,5,4,348.3
28050007772000,8,3,5,251.2
28050007787000,17,10,7,799
28050007817000,7,4,3,357
28050007865000,2,1,1,0
28060007773000,5,3,2,302
28060007774000,8,4,4,410.4
28060007775000,13,6,7,643.5
28060007776000,9,3,6,404.1
28060007777000,9,5,4,185.4
28060007778000,31,9,22,1550
28060007779000,23,14,9,952.2
28060007789000,5,3,2,209
28070007776000,6,3,3,274.2
28070007779000,24,8,16,847.2
28070007780000,7,4,3,384.3
28070007868000,1,1,0,0
28070007875000,22,13,9,1027.4
28070007876000,2,1,1,0
28080007781000,23,9,14,903.9
28080007782000,1,1,0,0
28080007785000,4,2,2,0
28080007786000,1,0,1,0
28080007810000,1,0,1,0
28080007875000,51,26,25,1963.5
28090007778000,73,37,36,3226.6
28090007779000,30,17,13,1005
28090007780000,56,29,27,2441.6
28090007782000,22,12,10,763.4
28090007783000,1,0,1,0
28090007802000,5,3,2,282
28090007809000,8,4,4,340
28090007810000,16,10,6,1012.8
28090007811000,3,1,2,0
28090007875000,2,1,1,0
28100007778000,16,9,7,473.6
28100007797000,1,1,0,0
28100007802000,2,1,1,0
28100007810000,1,1,0,0
28100007811000,2,1,1,0
28100007848000,9,5,4,399.6
28110007781000,25,14,11,1025
28110007802000,12,9,3,559.2
28110007846000,13,10,3,555.1
28110007847000,7,2,5,392
28120007682000,9,5,4,538.2
28120007780000,114,61,53,4263.6
28120007781000,231,113,118,8292.9
28120007803000,6,5,1,367.8
28120007806000,2,1,1,0
28120007846000,5,3,2,242
28120007847000,2,0,2,0
28130007682000,3,2,1,0
28130007772000,1,0,1,0
28130007773000,113,68,45,4655.6
28130007774000,47,24,23,1306.6
28130007775000,2,1,1,0
28130007780000,22,12,10,572
28130007781000,1841,886,955,66460.1
28130007782000,904,438,466,38600.8
28130007798000,2,1,1,0
28130007814000,2,1,1,0
28130007816000,5,3,2,241
28130007849000,1,0,1,0
28140007774000,29,18,11,1380.4
28140007775000,35,19,16,1627.5
28140007777000,21,14,7,720.3
28140007778000,76,46,30,2956.4
28140007779000,63,33,30,1915.2
28140007780000,22,11,11,1064.8
28140007781000,712,379,333,23282.4
28140007782000,962,479,483,37325.6
28140007783000,1112,564,548,44591.2
28140007784000,445,216,229,18378.5
28140007812000,1,0,1,0
28140007814000,2,1,1,0
28140007815000,5,2,3,238
28140007817000,4,4,0,0
28140007851000,1,1,0,0
28140007852000,1,1,0,0
28150007774000,23,13,10,747.5
28150007775000,10,4,6,497
28150007776000,79,39,40,2994.1
28150007777000,10,5,5,303
28150007778000,63,34,29,2494.8
28150007779000,152,79,73,4742.4
28150007780000,32,15,17,950.4
28150007781000,124,63,61,4327.6
28150007782000,82,39,43,3050.4
28150007783000,757,381,376,33308
28150007784000,957,471,486,37897.2
28150007785000,108,51,57,4266
28150007786000,302,163,139,9603.6
28150007798000,8,3,5,307.2
28150007812000,14,8,6,901.6
28150007814000,4,2,2,0
28150007815000,14,8,6,719.6
28150007817000,3,2,1,0
28150007847000,10,7,3,519
28160007667000,35,15,20,1624
28160007679000,40,23,17,1700
28160007680000,1,1,0,0
28160007772000,6,4,2,229.2
28160007774000,4,2,2,0
28160007775000,3,1,2,0
28160007776000,32,17,15,1187.2
28160007778000,90,43,47,3312
28160007779000,13,7,6,535.6
28160007780000,34,19,15,1244.4
28160007781000,17,7,10,494.7
28160007782000,45,26,19,1836
28160007783000,77,39,38,2856.7
28160007784000,546,271,275,19546.8
28160007785000,83,44,39,3801.4
28160007786000,113,62,51,4452.2
28160007798000,5,2,3,329
28160007801000,8,3,5,300
28160007807000,5,3,2,268
28160007812000,8,4,4,436.8
28160007813000,4,3,1,0
28160007815000,8,5,3,570.4
28160007816000,3,1,2,0
28160007817000,6,4,2,399
28160007847000,2,1,1,0
28160007848000,2,1,1,0
28160007849000,6,3,3,238.2
28160007850000,5,2,3,262
28160007851000,1,1,0,0
28170007668000,28,16,12,924
28170007771000,4,2,2,0
28170007772000,4,2,2,0
28170007773000,16,8,8,670.4
28170007779000,2,1,1,0
28170007780000,24,13,11,993.6
28170007781000,29,16,13,1244.1
28170007782000,20,10,10,778
28170007783000,767,383,384,24083.8
28170007784000,788,412,376,30495.6
28170007790000,5,3,2,154
28170007800000,48,26,22,2131.2
28170007801000,47,23,24,2331.2
28170007845000,6,3,3,207
28170007850000,6,3,3,427.2
28170007852000,3,2,1,0
28180007772000,12,7,5,542.4
28180007779000,2,1,1,0
28180007781000,3,2,1,0
28180007782000,41,21,20,1607.2
28180007783000,64,36,28,2515.2
28180007784000,435,206,229,17922
28180007785000,15,10,5,505.5
28180007790000,2,1,1,0
28180007800000,13,9,4,516.1
28180007801000,11,6,5,702.9
28180007822000,1,1,0,0
28180007823000,3,1,2,0
28180007824000,3,2,1,0
28180007855000,15,7,8,771
28180007856000,8,3,5,208
28180007863000,279,141,138,11411.1
28180007864000,51,27,24,2029.8
28190007675000,11,6,5,347.6
28190007676000,23,8,15,740.6
28190007677000,2,1,1,0
28190007772000,1,1,0,0
28190007782000,390,195,195,13104
28190007783000,1759,868,891,64907.1
28190007784000,508,250,258,19761.2
28190007790000,9,6,3,468
28190007791000,23,12,11,1097.1
28190007800000,13,6,7,455
28190007824000,9,5,4,394.2
28190007856000,121,61,60,3363.8
28190007857000,21,11,10,1092
28190007858000,1,1,0,0
28190007859000,96,51,45,4070.4
28190007860000,601,309,292,25181.9
28190007861000,72,30,42,2973.6
28190007862000,784,380,404,38572.8
28190007863000,956,475,481,37762
28190007864000,1000,480,520,34900
28190007865000,566,285,281,20262.8
28200007674000,100,49,51,4260
28200007675000,175,90,85,7437.5
28200007676000,265,127,138,9937.5
28200007677000,408,205,203,14851.2
28200007678000,77,41,36,3133.9
28200007780000,15,9,6,696
28200007781000,36,21,15,1706.4
28200007782000,69,33,36,2201.1
28200007783000,800,382,418,25600
28200007784000,42,23,19,1398.6
28200007791000,3,1,2,0
28200007819000,3,2,1,0
28200007820000,1,0,1,0
28200007821000,1,1,0,0
28200007824000,1,1,0,0
28200007830000,2,1,1,0
28200007831000,11,4,7,709.5
28200007859000,759,395,364,27627.6
28200007860000,307,155,152,11880.9
28200007861000,320,155,165,10912
28200007862000,1597,815,782,61324.8
28200007863000,950,478,472,36670
28200007864000,176,89,87,6072
28200007865000,520,266,254,16848
28200007866000,58,32,26,1600.8
28210007673000,3,2,1,0
28210007674000,39,24,15,1552.2
28210007675000,259,137,122,9116.8
28210007676000,34,19,15,1152.6
28210007677000,168,93,75,6686.4
28210007678000,318,165,153,13165.2
28210007679000,119,59,60,4046
28210007780000,64,32,32,2387.2
28210007781000,37,18,19,1272.8
28210007782000,63,35,28,1890
28210007783000,545,285,260,14715
28210007784000,557,284,273,15094.7
28210007785000,9,5,4,555.3
28210007791000,43,24,19,1384.6
28210007832000,2,1,1,0
28210007833000,2,1,1,0
28210007862000,588,292,296,22696.8
28210007863000,228,124,104,8139.6
28220007671000,9,6,3,215.1
28220007672000,48,27,21,2030.4
28220007673000,6,3,3,234
28220007679000,8,5,3,372.8
28220007680000,70,35,35,2933
28220007681000,13,7,6,518.7
28220007770000,5,3,2,300
28220007780000,47,26,21,1889.4
28220007785000,63,31,32,2494.8
28220007786000,9,6,3,468
28220007791000,7,3,4,209.3
28220007834000,3,2,1,0
28220007852000,2,1,1,0
28220007901000,33,19,14,1287
28230007669000,1,1,0,0
28230007670000,4,2,2,0
28230007671000,5,3,2,185
28230007778000,4,2,2,0
28230007779000,81,40,41,3029.4
28230007780000,50,26,24,1800
28230007781000,6,3,3,352.2
28230007785000,11,8,3,427.9
28230007786000,102,57,45,3070.2
28230007787000,14,8,6,498.4
28230007788000,18,10,8,700.2
28230007789000,6,2,4,237
28230007791000,62,35,27,2529.6
28230007835000,5,2,3,345
28230007836000,1,1,0,0
28230007849000,4,2,2,0
28230007850000,14,7,7,492.8
28230007866000,1,1,0,0
28230007869000,202,106,96,7130.6
28230007870000,11,5,6,441.1
28230007901000,9,6,3,458.1
28240007769000,2,1,1,0
28240007770000,3,1,2,0
28240007779000,146,73,73,5110
28240007780000,141,71,70,5386.2
28240007781000,7,3,4,200.2
28240007790000,133,63,70,4881.1
28240007791000,296,148,148,9916
28240007792000,5,2,3,155
28240007869000,3,2,1,0
28240007870000,2,1,1,0
28250007767000,30,18,12,906
28250007768000,8,3,5,286.4
28250007779000,193,99,94,4863.6
28250007780000,15,11,4,598.5
28250007790000,13,6,7,789.1
28250007792000,2,1,1,0
28250007901000,1,1,0,0
28260007661000,4,2,2,0
28260007662000,2,0,2,0
28260007684000,5,3,2,205
28260007689000,4,1,3,0
28260007751000,3,2,1,0
28260007766000,3,1,2,0
28260007767000,13,6,7,327.6
28260007840000,11,5,6,465.3
28260007841000,7,2,5,366.8
28260007900000,2,1,1,0
28260007908000,1,1,0,0
28260007909000,2,2,0,0
28260007910000,4,3,1,0
28260007911000,17,13,4,780.3
28270007673000,1,1,0,0
28270007678000,13,6,7,455
28270007679000,8,4,4,294.4
28270007687000,15,8,7,757.5
28270007688000,25,15,10,1075
28270007689000,16,9,7,948.8
28270007838000,27,17,10,1242
28270007839000,19,13,6,889.2
28270007840000,7,2,5,165.2
28270007841000,1,1,0,0
28270007842000,7,4,3,212.1
28270007846000,4,3,1,0
28270007910000,1,1,0,0
28280007677000,4,3,1,0
28280007678000,26,13,13,1105
28280007679000,21,14,7,798
28280007690000,13,6,7,544.7
28280007846000,9,5,4,338.4
28280007898000,1,1,0,0
28280007907000,1,1,0,0
28290007691000,5,2,3,124
28290007747000,4,2,2,0
28290007846000,4,1,3,0
28290007901000,13,7,6,503.1
28290007902000,7,4,3,326.2
28290007910000,1,1,0,0
28300007775000,1,1,0,0
28300007902000,17,11,6,895.9
28310007743000,2,0,2,0
28320007693000,34,19,15,1417.8
28320007845000,3,1,2,0
28320007848000,44,23,21,2327.6
28320007902000,5,2,3,117
28330007694000,2,2,0,0
28330007695000,1,0,1,0
28330007845000,14,7,7,669.2
28330007846000,244,133,111,10711.6
28330007847000,38,20,18,1542.8
28330007848000,28,14,14,1103.2
28330007849000,21,13,8,913.5
28330007850000,7,4,3,382.9
28340007649000,12,7,5,730.8
28340007696000,41,22,19,1525.2
28340007847000,36,21,15,2041.2
28350007697000,52,27,25,2048.8
28350007847000,44,25,19,1927.2
28360007697000,9,3,6,369.9
28360007770000,1,1,0,0
28360007846000,4,2,2,0
28360007847000,27,12,15,1352.7
28370007725000,63,34,29,2526.3
28370007726000,8,4,4,444
28370007846000,11,6,5,535.7
28370007850000,2,1,1,0
28370007851000,8,4,4,562.4
28380007698000,3,2,1,0
28380007727000,10,6,4,675
28380007728000,66,35,31,2494.8
28380007846000,9,5,4,556.2
28380007850000,10,5,5,555
28380007851000,5,3,2,318
28380007854000,2,2,0,0
28380007855000,3,2,1,0
28390007728000,46,27,19,2277
28390007729000,18,9,9,723.6
28390007730000,12,6,6,387.6
28390007846000,4,3,1,0
28410007845000,2,1,1,0
28420007845000,33,21,12,1706.1
28420007868000,1,1,0,0
28430007702000,1,1,0,0
28430007848000,1,0,1,0
28430007868000,2,2,0,0
28430007869000,3,2,1,0
28440007650000,2,0,2,0
28440007844000,9,4,5,293.4
28440007845000,2,1,1,0
28450007702000,13,9,4,816.4
28450007846000,5,3,2,323
28460007702000,5,3,2,325
28460007703000,22,13,9,1073.6
28460007842000,16,8,8,676.8
28460007843000,9,4,5,189
28460007844000,8,6,2,495.2
28470007713000,3,2,1,0
28470007714000,1,0,1,0
28470007842000,3,1,2,0
28470007843000,1,1,0,0
28480007876000,1,1,0,0
28480007904000,37,25,12,2160.8
28490007830000,2,1,1,0
28490007876000,3,2,1,0
28490007877000,4,2,2,0
28490007882000,1,0,1,0
28490007904000,189,91,98,8580.6
28490007905000,563,294,269,24490.5
28500007831000,1,1,0,0
28500007881000,11,6,5,665.5
28500007882000,2,2,0,0
28500007904000,103,59,44,4161.2
28500007905000,119,64,55,5676.3
28510007880000,2,1,1,0
28510007881000,7,3,4,520.1
28510007882000,1,1,0,0
28510007883000,4,2,2,0
28510007905000,1,0,1,0
28520007717000,7,3,4,261.8
28520007718000,2,2,0,0
28520007842000,14,9,5,729.4
28520007882000,3,1,2,0
28530007718000,4,3,1,0
28530007841000,6,3,3,255
28530007842000,4,2,2,0
28530007863000,1,1,0,0
28530007871000,5,4,1,300
28540007760000,1,1,0,0
28540007841000,23,12,11,841.8
28540007842000,1,1,0,0
28540007862000,17,9,8,690.2
28540007871000,4,2,2,0
28550007723000,1,1,0,0
28550007842000,8,5,3,154.4
28550007861000,2,1,1,0
28550007862000,34,17,17,1638.8
28560007862000,57,31,26,2878.5
28570007863000,7,4,3,426.3
28570007864000,3,2,1,0
28570007865000,6,3,3,255
28580007734000,1,1,0,0
28600007722000,4,3,1,0
28600007723000,17,10,7,941.8
28600007752000,2,2,0,0
28610007908000,41,24,17,2267.3
28620007908000,12,9,3,585.6
28650007741000,7,4,3,314.3
28690007724000,1,0,1,0
28690007853000,1,1,0,0
28720007815000,5,4,1,333
28720007851000,2,1,1,0
28720007852000,2,2,0,0
28720007853000,2,0,2,0
28730007815000,13,6,7,587.6
28730007816000,17,6,11,700.4
28730007817000,5,0,5,139
28730007818000,2,2,0,0
28730007819000,12,7,5,544.8
28730007820000,11,8,3,430.1
28730007821000,22,10,12,976.8
28730007822000,2,2,0,0
28730007849000,16,9,7,739.2
28730007850000,27,14,13,1379.7
28730007851000,6,4,2,423
28730007852000,4,2,2,0
28730007853000,2,1,1,0
28730007854000,8,3,5,424.8
28730007855000,18,8,10,900
28730007856000,3,1,2,0
28730007920000,92,53,39,4692
28740007849000,8,3,5,544.8
28740007850000,4,2,2,0
28740007855000,6,4,2,309
28740007856000,3,1,2,0
28740007920000,10,7,3,548
28750007804000,1,1,0,0
28750007824000,8,4,4,310.4
28750007830000,1,1,0,0
28750007831000,11,5,6,438.9
28750007832000,9,4,5,389.7
28750007835000,1,1,0,0
28750007836000,11,7,4,518.1
28750007837000,7,5,2,445.2
28750007849000,5,2,3,339
28760007799000,32,16,16,937.6
28760007800000,17,12,5,438.6
28760007801000,5,2,3,158
28760007802000,153,83,70,6930.9
28760007803000,235,118,117,9447
28760007804000,9,7,2,332.1
28760007825000,1,1,0,0
28760007826000,14,8,6,638.4
28760007827000,20,10,10,698
28760007828000,4,2,2,0
28760007831000,52,25,27,2454.4
28760007832000,35,18,17,1935.5
28760007833000,17,11,6,601.8
28760007835000,1,0,1,0
28760007838000,2,1,1,0
28760007839000,2,2,0,0
28760007850000,1,0,1,0
28770007728000,11,5,6,444.4
28770007729000,9,7,2,522
28770007795000,8,5,3,348
28770007797000,9,6,3,494.1
28770007798000,4,2,2,0
28770007799000,18,9,9,802.8
28770007800000,34,18,16,1397.4
28770007801000,361,177,184,14151.2
28770007802000,399,184,215,18393.9
28770007803000,242,125,117,8857.2
28770007827000,8,3,5,299.2
28770007828000,6,3,3,309
28770007829000,3,3,0,0
28770007830000,7,2,5,385.7
28770007831000,5,4,1,316
28770007832000,9,5,4,386.1
28770007860000,1,1,0,0
28780007793000,5,3,2,251
28780007794000,8,4,4,351.2
28780007795000,19,10,9,891.1
28780007797000,2,1,1,0
28780007798000,4,2,2,0
28780007799000,5,3,2,232
28780007800000,69,33,36,2760
28780007801000,521,248,273,21777.8
28780007802000,349,183,166,14064.7
28780007803000,5,1,4,290
28780007827000,1,1,0,0
28780007829000,21,11,10,1039.5
28780007830000,3,2,1,0
28780007862000,1,0,1,0
28790007730000,1,1,0,0
28790007793000,8,3,5,331.2
28790007794000,3,2,1,0
28790007800000,5,3,2,146
28790007802000,82,44,38,3583.4
28790007803000,4,2,2,0
28790007807000,9,6,3,381.6
28790007830000,3,1,2,0
28790007833000,3,2,1,0
28790007842000,2,2,0,0
28790007843000,1,1,0,0
28790007845000,2,1,1,0
28790007846000,3,2,1,0
28790007847000,7,3,4,504.7
28790007848000,9,5,4,360.9
28790007851000,5,3,2,102
28800007802000,76,41,35,2956.4
28800007803000,84,47,37,3217.2
28800007804000,39,16,23,1591.2
28800007805000,6,3,3,174
28800007806000,35,19,16,1512
28800007807000,1,1,0,0
28800007830000,3,1,2,0
28800007831000,3,1,2,0
28800007848000,7,4,3,457.1
28800007849000,2,2,0,0
28810007785000,3,2,1,0
28810007786000,8,6,2,272
28810007801000,4,1,3,0
28810007802000,18,12,6,945
28810007803000,35,19,16,1582
28810007806000,5,2,3,309
28810007807000,3,2,1,0
28820007802000,31,13,18,1342.3
28820007803000,15,8,7,588
28830007801000,9,4,5,564.3
28830007802000,4,2,2,0
28830007803000,18,7,11,727.2
28830007804000,68,39,29,2815.2
28830007805000,2,1,1,0
28840007709000,1,1,0,0
28840007804000,10,8,2,278
28850007778000,2,1,1,0
28850007779000,2,1,1,0
28850007805000,14,8,6,764.4
28860007772000,3,1,2,0
28860007779000,25,13,12,1380
28860007780000,5,3,2,257
28860007807000,8,2,6,372.8
28860007808000,3,1,2,0
28860007907000,2,1,1,0
28870007699000,1,1,0,0
28870007779000,10,4,6,442
28870007906000,1,1,0,0
28880007777000,3,2,1,0
28880007778000,1,1,0,0
28880007779000,3,3,0,0
28880007883000,2,1,1,0
28880007884000,2,0,2,0
28880007924000,5,3,2,294
28890007835000,2,1,1,0
28890007910000,3,2,1,0
28890007924000,60,34,26,3198
28890007925000,28,20,8,1131.2
28900007838000,1,0,1,0
28900007839000,1,0,1,0
28900007882000,1,0,1,0
28900007883000,13,8,5,725.4
28900007909000,17,10,7,809.2
28910007772000,2,1,1,0
28910007834000,4,2,2,0
28910007841000,2,1,1,0
28910007842000,4,3,1,0
28910007883000,9,5,4,306
28910007897000,2,2,0,0
28910007898000,3,2,1,0
28910007900000,1,1,0,0
28920007900000,2,1,1,0
28930007830000,2,1,1,0
28930007831000,2,1,1,0
28930007835000,15,4,11,961.5
28930007836000,3,2,1,0
28930007844000,9,6,3,596.7
28930007845000,2,1,1,0
28930007846000,1,0,1,0
28930007914000,1,1,0,0
28930007917000,23,16,7,1058
28930007918000,59,32,27,2902.8
28940007734000,2,1,1,0
28940007831000,4,2,2,0
28940007832000,7,6,1,277.9
28940007833000,1,1,0,0
28940007834000,5,2,3,279
28940007835000,21,14,7,1110.9
28940007836000,16,9,7,913.6
28950007834000,3,1,2,0
28950007835000,20,13,7,1124
28950007836000,27,12,15,1161
28950007837000,11,7,4,641.3
28950007849000,2,1,1,0
28960007730000,6,4,2,370.8
28960007731000,5,3,2,257
28960007732000,3,1,2,0
28960007835000,1,0,1,0
28960007836000,16,10,6,772.8
28960007837000,29,18,11,1296.3
28960007910000,38,20,18,1592.2
28960007911000,46,25,21,2373.6
28960007912000,304,164,140,11612.8
28960007913000,360,201,159,15156
28960007914000,3,3,0,0
28970007731000,2,1,1,0
28970007838000,2,1,1,0
28970007857000,7,5,2,466.2
28970007910000,709,366,343,30912.4
28970007911000,784,393,391,34574.4
28970007912000,207,107,100,7948.8
28980007857000,3,2,1,0
28980007858000,3,2,1,0
28980007859000,4,3,1,0
28980007910000,9,4,5,342
28990007737000,1,0,1,0
28990007911000,228,120,108,8960.4
28990007912000,188,103,85,7275.6
29000007862000,4,4,0,0
29010007736000,1,1,0,0
29010007737000,1,1,0,0
29010007753000,3,0,3,0
29020007737000,23,13,10,991.3
29030007737000,1,1,0,0
29030007738000,10,6,4,420
29030007867000,1,1,0,0
29030007868000,3,2,1,0
29040007737000,4,2,2,0
29040007738000,20,11,9,600
29040007869000,1,1,0,0
29050007738000,31,18,13,1283.4
29050007739000,26,12,14,1073.8
29050007870000,1,1,0,0
29060007738000,87,50,37,3219
29060007739000,31,17,14,1236.9
29060007740000,6,1,5,205.2
29060007741000,12,7,5,380.4
29070007739000,28,18,10,935.2
29070007740000,103,57,46,4676.2
29080007739000,12,9,3,284.4
29080007740000,43,23,20,1831.8
29080007741000,54,29,25,2062.8
29080007742000,37,16,21,1198.8
29090007740000,400,192,208,13600
29090007741000,304,140,164,12889.6
29090007742000,475,242,233,20615
29090007743000,70,42,28,3220
29100007740000,92,47,45,3818
29100007741000,139,66,73,6950
29100007742000,354,180,174,15257.4
29100007743000,10,8,2,459
29110007741000,24,13,11,866.4
29110007742000,9,6,3,299.7
29120007740000,6,3,3,273
29120007741000,10,6,4,324
29130007740000,14,6,8,589.4
29130007741000,4,2,2,0
29140007740000,1,1,0,0
29170007739000,4,3,1,0
29170007740000,9,4,5,324.9
29180007739000,5,3,2,193
29180007740000,2,1,1,0
29190007739000,14,6,8,505.4
29190007740000,4,2,2,0
29200007719000,1,1,0,0
29200007739000,11,4,7,434.5
29200007740000,5,3,2,316
29200007769000,1,0,1,0
29210007713000,2,1,1,0
29210007714000,2,1,1,0
29210007718000,4,2,2,0
29210007724000,1,1,0,0
29210007737000,3,2,1,0
29210007738000,8,4,4,344
29210007739000,2,0,2,0
29210007741000,3,2,1,0
29210007747000,1,1,0,0
29210007769000,11,6,5,669.9
29220007736000,8,4,4,284
29220007737000,22,8,14,919.6
29220007746000,7,2,5,266.7
29220007750000,6,3,3,145.2
29220007751000,4,2,2,0
29230007736000,10,6,4,452
29230007756000,2,1,1,0
29230007764000,2,1,1,0
29240007773000,1,1,0,0
29240007880000,21,13,8,812.7
29250007880000,11,6,5,583
29260007878000,1,1,0,0
29260007879000,21,14,7,827.4
29260007880000,5,2,3,216
29260007881000,5,5,0,222
29270007879000,2,2,0,0
29280007776000,1,1,0,0
29280007777000,5,3,2,242
29290007778000,7,4,3,242.2
29290007844000,1,1,0,0
29290007845000,15,7,8,985.5
29290007846000,3,2,1,0
29300007844000,6,3,3,270
29300007845000,4,1,3,0
29330007852000,2,1,1,0
29340007847000,1,1,0,0
29340007854000,1,1,0,0
29350007795000,3,2,1,0
29350007796000,1,0,1,0
29350007854000,1,1,0,0
29360007798000,1,1,0,0
29360007799000,1,1,0,0
29420007860000,4,2,2,0
29420007861000,3,2,1,0
29420007873000,43,21,22,1947.9
29420007874000,13,6,7,644.8
29430007860000,4,3,1,0
29430007867000,2,2,0,0
29430007871000,2,1,1,0
29430007872000,1,0,1,0
29430007873000,28,16,12,1307.6
29430007874000,5,3,2,220
29430007910000,15,11,4,898.5
29430007911000,7,3,4,424.9
29440007860000,2,2,0,0
29440007868000,2,2,0,0
29440007871000,6,3,3,190.2
29440007911000,20,6,14,646
29440007916000,26,12,14,767
29450007866000,4,3,1,0
29450007911000,1,1,0,0
29450007916000,44,22,22,1183.6
29460007864000,6,3,3,145.2
29460007911000,1,1,0,0
29460007916000,179,92,87,7088.4
29460007917000,184,105,79,9163.2
29460007924000,1,1,0,0
29460007925000,1,1,0,0
29470007860000,1,1,0,0
29470007865000,1,0,1,0
29470007916000,154,86,68,6760.6
29470007917000,408,229,179,17503.2
29480007864000,8,4,4,162.4
29490007861000,1,1,0,0
29490007862000,2,1,1,0
29490007914000,9,3,6,306
29500007862000,2,2,0,0
29500007910000,1,0,1,0
29510007876000,26,15,11,1001
29510007877000,1,1,0,0
29510007917000,1,1,0,0
29520007877000,7,4,3,403.2
29590007801000,3,2,1,0
29610007804000,2,2,0,0
29620007929000,8,5,3,554.4
29620007930000,238,138,100,9520
29620007931000,249,138,111,10532.7
29630007882000,1,1,0,0
29630007930000,222,111,111,9479.4
29630007931000,81,40,41,3928.5
29640007806000,2,2,0,0
29640007883000,2,1,1,0
29650007807000,7,4,3,455
29650007884000,1,0,1,0
29670007808000,2,1,1,0
29670007812000,4,2,2,0
29680007812000,1,1,0,0
29680007905000,1,1,0,0
29690007813000,11,4,7,401.5
29690007814000,10,6,4,626
29690007815000,7,3,4,324.8
29690007816000,15,6,9,468
29690007905000,1,1,0,0
29700007815000,13,7,6,743.6
29700007816000,27,14,13,1204.2
29710007890000,13,9,4,825.5
29720007890000,11,5,6,480.7
29720007907000,7,3,4,419.3
29730007907000,5,2,3,284
29740007818000,8,3,5,235.2
29740007819000,1,0,1,0
29740007820000,1,1,0,0
29740007821000,9,4,5,416.7
29740007822000,5,4,1,269
29750007823000,6,2,4,229.8
29750007937000,5,3,2,233
29760007906000,1,1,0,0
29760007907000,4,3,1,0
29760007936000,210,131,79,9555
29760007937000,12,9,3,452.4
29770007824000,1,1,0,0
29770007864000,1,1,0,0
29770007865000,8,6,2,455.2
29770007866000,2,1,1,0
29770007867000,3,0,3,0
29770007906000,44,23,21,1764.4
29770007907000,30,13,17,1098
29780007824000,1,1,0,0
29780007863000,4,3,1,0
29780007864000,1,1,0,0
29780007897000,5,2,3,371
29780007898000,2,1,1,0
29780007906000,4,2,2,0
29790007870000,2,1,1,0
29800007824000,2,1,1,0
29800007871000,2,2,0,0
29810007824000,8,3,5,452
29810007870000,9,4,5,545.4
29810007871000,2,1,1,0
29820007824000,3,2,1,0
29820007871000,1,1,0,0
29840007826000,43,24,19,1999.5
29840007865000,4,3,1,0
29840007866000,2,1,1,0
29840007867000,12,5,7,746.4
29840007869000,1,1,0,0
29850007826000,15,10,5,769.5
29850007866000,3,2,1,0
29860007827000,11,6,5,512.6
29860007865000,3,2,1,0
29870007827000,5,2,3,310
29870007828000,12,6,6,439.2
29880007828000,23,13,10,899.3
29880007849000,3,1,2,0
29880007850000,2,1,1,0
29880007864000,1,1,0,0
29890007827000,1,0,1,0
29890007828000,4,2,2,0
29890007850000,8,5,3,338.4
29890007851000,2,0,2,0
29890007863000,10,2,8,573
29890007864000,2,0,2,0
29900007827000,20,11,9,806
29900007850000,21,12,9,680.4
29900007851000,9,5,4,290.7
29900007858000,9,7,2,344.7
29900007859000,13,7,6,586.3
29900007860000,12,8,4,501.6
29900007861000,36,16,20,1335.6
29900007862000,15,6,9,844.5
29900007863000,36,16,20,1501.2
29900007864000,60,30,30,2694
29900007865000,16,13,3,760
29900007866000,3,2,1,0
29910007826000,44,25,19,1918.4
29910007827000,7,3,4,457.8
29910007845000,4,2,2,0
29910007848000,4,3,1,0
29910007849000,17,9,8,695.3
29910007850000,9,7,2,497.7
29910007851000,12,5,7,595.2
29910007852000,11,7,4,396
29910007854000,4,3,1,0
29910007855000,12,7,5,495.6
29910007856000,24,11,13,794.4
29910007857000,25,10,15,1065
29910007858000,12,4,8,558
29910007859000,1,1,0,0
29910007863000,3,3,0,0
29910007866000,21,10,11,926.1
29910007867000,44,23,21,1614.8
29910007868000,38,20,18,1466.8
29910007869000,9,5,4,504
29920007825000,3,1,2,0
29920007826000,23,7,16,1232.8
29920007827000,1,0,1,0
29920007845000,4,2,2,0
29920007846000,10,3,7,430
29920007847000,4,1,3,0
29920007851000,1,1,0,0
29920007852000,7,5,2,259
29920007853000,4,2,2,0
29920007854000,5,2,3,303
29920007855000,5,2,3,176
29920007858000,1,0,1,0
29920007859000,2,1,1,0
29920007860000,2,2,0,0
29920007861000,5,2,3,235
29920007863000,1,1,0,0
29920007864000,9,5,4,372.6
29920007865000,12,6,6,582
29920007870000,4,2,2,0
29920007871000,9,4,5,429.3
29920007872000,3,2,1,0
29930007826000,3,2,1,0
29930007827000,8,2,6,396.8
29930007828000,14,8,6,758.8
29930007843000,2,1,1,0
29930007844000,6,4,2,253.2
29930007845000,45,21,24,2209.5
29930007855000,6,4,2,262.8
29930007856000,6,4,2,345
29930007857000,6,3,3,211.8
29930007859000,4,3,1,0
29940007826000,3,2,1,0
29940007827000,10,6,4,584
29940007828000,29,18,11,1171.6
29940007829000,22,10,12,919.6
29940007830000,21,9,12,1163.4
29940007831000,6,4,2,217.2
29940007840000,2,1,1,0
29940007841000,339,174,165,14543.1
29940007842000,144,80,64,6148.8
29940007843000,31,11,20,1298.9
29940007844000,18,8,10,739.8
29940007845000,110,60,50,4191
29940007846000,39,21,18,1825.2
29940007847000,16,7,9,780.8
29940007848000,5,3,2,159
29940007871000,12,5,7,412.8
29940007872000,10,6,4,488
29950007829000,10,4,6,604
29950007831000,5,3,2,164
29950007832000,18,10,8,610.2
29950007833000,22,13,9,1067
29950007834000,10,4,6,411
29950007835000,2,1,1,0
29950007838000,1,0,1,0
29950007839000,8,3,5,238.4
29950007840000,19,11,8,820.8
29950007841000,269,149,120,10222
29950007842000,4,3,1,0
29950007843000,7,4,3,350.7
29950007845000,3,2,1,0
29950007846000,24,11,13,936
29950007847000,17,6,11,516.8
29950007872000,2,1,1,0
29950007873000,5,5,0,295
29960007830000,2,1,1,0
29960007832000,7,4,3,256.2
29960007833000,10,5,5,372
29960007836000,7,3,4,301
29960007837000,1,0,1,0
29960007838000,36,16,20,1364.4
29960007839000,30,17,13,1440
29960007840000,33,18,15,1349.7
29960007846000,10,4,6,310
29960007849000,5,4,1,86
29960007874000,5,2,3,304
29960007875000,2,1,1,0
29970007835000,2,1,1,0
29970007836000,1,1,0,0
29970007837000,14,7,7,509.6
29970007838000,119,65,54,5688.2
29970007839000,18,9,9,754.2
29970007849000,14,6,8,599.2
29970007878000,3,3,0,0
29980007849000,15,8,7,454.5
29980007872000,5,3,2,287
29980007874000,2,1,1,0
29990007871000,4,2,2,0
30000007869000,10,6,4,373
30000007870000,14,7,7,673.4
30000007871000,12,6,6,579.6
30000007872000,2,1,1,0
30000007873000,5,3,2,234
30010007869000,19,12,7,672.6
30010007870000,20,9,11,684
30010007871000,32,17,15,1241.6
30010007872000,6,5,1,421.8
30020007869000,17,8,9,841.5
30030007869000,4,1,3,0
30030007870000,15,10,5,559.5
30040007870000,16,10,6,692.8
30050007871000,10,5,5,444
30070007841000,1,1,0,0
30080007827000,1,1,0,0
30080007837000,2,1,1,0
30080007841000,6,4,2,226.8
30080007842000,2,2,0,0
30090007837000,12,6,6,399.6
30090007838000,4,3,1,0
30090007839000,16,8,8,694.4
30090007841000,17,13,4,644.3
30090007842000,109,60,49,4174.7
30090007843000,2,1,1,0
30100007836000,14,9,5,781.2
30100007840000,28,14,14,994
30100007841000,126,62,64,4498.2
30100007842000,5,3,2,292
30100007843000,11,7,4,464.2
30110007835000,7,3,4,398.3
30110007836000,81,44,37,3474.9
30110007837000,1,0,1,0
30110007843000,47,26,21,2425.2
30110007920000,120,65,55,5712
30110007921000,589,316,273,26505
30110007922000,223,116,107,9923.5
30120007835000,14,8,6,729.4
30120007837000,3,2,1,0
30120007843000,17,8,9,654.5
30120007921000,1,1,0,0
30130007843000,12,10,2,584.4
30140007834000,3,3,0,0
30140007843000,6,3,3,360
30150007834000,7,4,3,289.8
30150007843000,11,4,7,618.2
30150007844000,9,4,5,234.9
30160007843000,11,7,4,603.9
30160007844000,5,2,3,307
30170007834000,3,2,1,0
30170007843000,38,20,18,1793.6
30170007844000,3,1,2,0
30180007833000,2,1,1,0
30180007834000,7,6,1,450.8
30180007843000,11,7,4,413.6
30190007833000,1,0,1,0
30190007842000,5,3,2,328
30190007843000,20,13,7,850
30200007833000,3,2,1,0
30200007842000,19,11,8,1048.8
30200007843000,13,7,6,627.9
30210007833000,2,0,2,0
30210007841000,12,5,7,544.8
30210007842000,120,56,64,5496
30220007833000,13,8,5,703.3
30220007842000,22,11,11,1040.6
30220007843000,1,1,0,0
30230007833000,5,2,3,224
30230007842000,22,11,11,1276
30230007843000,4,1,3,0
30230007908000,35,18,17,1858.5
30240007841000,1,1,0,0
30240007842000,2,1,1,0
30240007909000,4,2,2,0
30250007833000,1,1,0,0
30260007841000,7,3,4,259
30270007841000,8,4,4,568.8
30300007833000,1,1,0,0
30300007842000,5,2,3,299
30380007842000,10,6,4,693
30380007901000,6,4,2,112.2
30390007841000,7,4,3,319.2
30390007842000,170,84,86,7327
30390007843000,247,128,119,10522.2
30390007844000,5,2,3,163
30390007898000,1,1,0,0
30390007900000,105,53,52,5029.5
30390007901000,586,313,273,22912.6
30390007902000,392,202,190,16934.4
30390007903000,94,48,46,2998.6
30400007841000,30,13,17,1212
30400007842000,64,31,33,2771.2
30400007900000,11,6,5,338.8
30400007901000,94,52,42,4455.6
30400007902000,188,104,84,7689.2
30400007903000,775,408,367,30612.5
30410007841000,57,30,27,2827.2
30410007842000,2,1,1,0
30420007841000,24,12,12,957.6
30420007842000,2,1,1,0
30430007841000,3,2,1,0
30440007841000,1,0,1,0
30440007842000,8,5,3,276.8
30450007842000,9,7,2,379.8
30460007796000,12,5,7,598.8
30460007797000,1,1,0,0
30460007815000,18,9,9,1180.8
30460007816000,7,3,4,478.1
30460007842000,3,1,2,0
30470007796000,17,10,7,839.8
30470007797000,5,2,3,318
30470007814000,4,2,2,0
30470007815000,4,2,2,0
30470007817000,1,1,0,0
30470007842000,6,4,2,337.2
30480007813000,3,2,1,0
30480007818000,3,2,1,0
30480007830000,1,1,0,0
30480007842000,2,1,1,0
30490007797000,3,2,1,0
30490007798000,1,1,0,0
30490007815000,4,2,2,0
30490007842000,23,16,7,830.3
30500007797000,6,3,3,363
30500007815000,2,1,1,0
30500007842000,12,9,3,505.2
30510007797000,2,1,1,0
30510007842000,25,14,11,1082.5
30520007796000,6,5,1,334.8
30520007797000,44,25,19,2252.8
30520007798000,2,1,1,0
30520007842000,13,8,5,786.5
30520007843000,6,4,2,238.8
30530007796000,7,3,4,364.7
30530007797000,10,5,5,546
30530007798000,3,2,1,0
30530007829000,57,29,28,2690.4
30530007842000,5,3,2,186
30540007798000,7,4,3,345.1
30540007829000,112,61,51,6070.4
30540007830000,3,1,2,0
30540007842000,677,334,343,27621.6
30540007843000,365,197,168,13541.5
30550007798000,1,0,1,0
30550007829000,19,7,12,995.6
30550007841000,116,62,54,4837.2
30550007842000,1398,696,702,59974.2
30550007843000,254,116,138,9829.8
30560007741000,1,1,0,0
30560007742000,17,11,6,958.8
30560007743000,1,1,0,0
30560007746000,2,1,1,0
30560007792000,3,2,1,0
30560007793000,3,1,2,0
30560007798000,5,3,2,336
30560007799000,6,4,2,340.8
30560007841000,279,147,132,10936.8
30560007842000,796,428,368,29690.8
30560007843000,2,1,1,0
30560007895000,1,0,1,0
30570007793000,2,1,1,0
30570007798000,1,1,0,0
30570007799000,1,1,0,0
30570007842000,885,449,436,35931
30570007843000,8,4,4,340.8
30580007753000,3,2,1,0
30580007794000,2,1,1,0
30580007806000,1,1,0,0
30580007842000,135,72,63,5184
30590007755000,1,1,0,0
30590007795000,1,1,0,0
30590007806000,1,1,0,0
30600007756000,2,1,1,0
30600007841000,42,20,22,2074.8
30610007801000,5,3,2,232
30620007803000,5,3,2,235
30620007812000,1,1,0,0
30630007842000,4,1,3,0
30640007842000,2,1,1,0
30640007843000,14,8,6,722.4
30650007843000,12,8,4,405.6
30660007760000,9,5,4,394.2
30660007806000,6,4,2,301.8
30660007844000,62,33,29,2715.6
30670007808000,1,1,0,0
30680007760000,2,0,2,0
30680007845000,9,6,3,583.2
30680007846000,2,2,0,0
30690007844000,9,7,2,457.2
30690007845000,20,7,13,1026
30700007760000,1,0,1,0
30700007761000,8,6,2,372.8
30700007762000,9,3,6,363.6
30700007805000,7,3,4,251.3
30700007806000,3,2,1,0
30700007849000,3,0,3,0
30710007763000,1,1,0,0
30710007803000,3,2,1,0
30710007804000,31,22,9,775
30710007849000,35,20,15,1788.5
30720007763000,2,1,1,0
30720007764000,7,2,5,303.1
30720007765000,14,7,7,726.6
30720007766000,6,4,2,324
30720007767000,8,5,3,420
30720007768000,1,1,0,0
30720007799000,2,1,1,0
30720007800000,15,10,5,450
30720007804000,44,31,13,990
30730007765000,5,2,3,159
30730007766000,1,0,1,0
30730007767000,10,5,5,331
30730007768000,21,13,8,1062.6
30730007769000,4,2,2,0
30730007799000,4,2,2,0
30730007802000,1,1,0,0
30730007803000,4,2,2,0
30740007799000,394,202,192,16902.6
30740007800000,414,209,205,15028.2
30740007856000,1,1,0,0
30740007859000,16,8,8,889.6
30740007860000,3,1,2,0
30750007769000,8,4,4,279.2
30750007770000,6,3,3,204
30750007798000,16,10,6,715.2
30750007799000,402,197,205,18130.2
30750007800000,496,245,251,20236.8
30750007801000,82,46,36,3476.8
30750007802000,940,465,475,34968
30750007803000,260,129,131,9464
30750007900000,1,1,0,0
30760007769000,2,1,1,0
30760007770000,5,2,3,249
30760007771000,15,9,6,478.5
30760007772000,15,9,6,988.5
30760007790000,5,2,3,196
30760007791000,15,6,9,621
30760007794000,3,2,1,0
30760007795000,4,2,2,0
30760007796000,2,1,1,0
30760007798000,11,5,6,273.9
30760007799000,625,299,326,23875
30760007800000,247,120,127,9657.7
30760007801000,183,96,87,6185.4
30760007802000,49,30,19,1680.7
30760007803000,273,133,140,10619.7
30760007806000,1103,519,584,47870.2
30760007807000,440,228,212,17292
30770007772000,10,4,6,419
30770007773000,2,0,2,0
30770007774000,1,1,0,0
30770007790000,11,5,6,353.1
30770007791000,22,9,13,928.4
30770007792000,1,1,0,0
30770007804000,139,64,75,6046.5
30770007805000,86,40,46,2545.6
30770007806000,1310,654,656,52269
30770007807000,229,123,106,8885.2
30780007785000,3,1,2,0
30780007791000,5,1,4,159
30780007801000,8,4,4,260
30780007802000,1,1,0,0
30780007805000,11,6,5,421.3
30780007806000,111,57,54,4650.9
30780007807000,338,159,179,12708.8
30780007808000,8,5,3,464.8
30790007772000,3,1,2,0
30790007783000,11,6,5,611.6
30790007784000,7,4,3,478.1
30790007801000,8,3,5,504.8
30790007802000,47,22,25,1809.5
30790007805000,3,2,1,0
30790007807000,68,36,32,2509.2
30790007808000,150,80,70,5190
30790007815000,2,1,1,0
30790007867000,2,2,0,0
30800007772000,1,1,0,0
30800007776000,5,1,4,189
30800007782000,7,4,3,191.1
30800007783000,20,11,9,472
30800007801000,4,2,2,0
30800007802000,88,44,44,3889.6
30800007804000,4,2,2,0
30800007805000,2,1,1,0
30800007806000,21,9,12,861
30800007807000,3,1,2,0
30800007808000,13,8,5,504.4
30800007812000,4,3,1,0
30810007776000,3,2,1,0
30810007779000,4,2,2,0
30810007780000,3,1,2,0
30810007781000,1,0,1,0
30810007782000,12,6,6,307.2
30810007789000,1,1,0,0
30810007790000,1,1,0,0
30810007801000,1,1,0,0
30810007802000,24,11,13,967.2
30810007812000,5,3,2,319
30810007813000,1,0,1,0
30820007772000,1,0,1,0
30820007773000,15,8,7,675
30820007774000,8,5,3,192
30820007775000,3,0,3,0
30820007778000,9,4,5,281.7
30820007779000,13,5,8,431.6
30820007780000,2,0,2,0
30820007781000,6,2,4,120
30820007782000,4,3,1,0
30820007788000,4,2,2,0
30820007789000,8,3,5,424
30820007802000,23,12,11,989
30830007774000,1,0,1,0
30830007777000,27,11,16,1271.7
30830007778000,36,18,18,2008.8
30830007782000,1,1,0,0
30830007783000,10,5,5,454
30830007787000,16,8,8,654.4
30830007789000,2,0,2,0
30830007790000,4,2,2,0
30830007801000,1,0,1,0
30830007802000,6,3,3,160.8
30840007776000,20,10,10,722
30840007777000,54,24,30,1846.8
30840007778000,10,7,3,326
30840007779000,4,3,1,0
30840007783000,24,10,14,988.8
30840007784000,5,3,2,118
30840007785000,1,0,1,0
30840007786000,8,4,4,422.4
30840007801000,3,2,1,0
30850007779000,14,6,8,614.6
30850007780000,4,2,2,0
30850007782000,4,1,3,0
30850007783000,8,4,4,388.8
30850007801000,12,5,7,223.2
30860007787000,5,3,2,228
30860007802000,1,1,0,0
30870007801000,1,1,0,0
30870007802000,16,8,8,532.8
30870007804000,4,1,3,0
30880007803000,30,14,16,1401
30880007804000,3,2,1,0
30890007803000,24,18,6,1092
30890007804000,14,6,8,674.8
30900007803000,25,12,13,1392.5
30900007805000,3,0,3,0
30910007803000,20,10,10,870
30910007804000,9,5,4,372.6
30910007805000,1,1,0,0
30910007811000,3,2,1,0
30910007873000,3,2,1,0
30920007802000,7,5,2,196.7
30920007803000,3,1,2,0
30920007804000,14,6,8,687.4
30920007805000,2,1,1,0
30920007811000,3,2,1,0
30920007812000,6,3,3,366
30930007802000,4,2,2,0
30930007804000,8,5,3,486.4
30930007805000,13,8,5,565.5
30930007806000,28,11,17,1285.2
30930007807000,2,1,1,0
30930007808000,4,2,2,0
30930007874000,2,1,1,0
30940007807000,1,0,1,0
30940007874000,2,1,1,0
30940007888000,2,1,1,0
30950007876000,24,11,13,1130.4
30960007876000,190,107,83,9462
30960007887000,376,184,192,16656.8
30970007886000,300,154,146,12630
30970007887000,857,472,385,38393.6
30980007886000,176,97,79,7726.4
30980007887000,137,63,74,5658.1