SSBID1000M;pop_tot;pop_mal;pop_fem;pop_ave2
19250006616000;10;6;4;39,9
19250006617000;146;79;67;39,2
19250006618000;27;14;13;54,0
19260006617000;23;13;10;33,0
19380006630000;16;7;9;21,4
19380006806000;4;2;2;0,0
19390006630000;63;32;31;42,3
19390006631000;12;7;5;44,0
19390006808000;2;2;0;0,0
19400006598000;8;4;4;53,5
19400006599000;5;3;2;49,2
19400006600000;93;51;42;41,3
19400006601000;171;91;80;39,0
19400006602000;114;56;58;47,0
19400006603000;82;46;36;40,0
19400006604000;122;61;61;38,6
19400006605000;35;20;15;40,3
19400006606000;111;61;50;39,5
19400006607000;10;5;5;27,4
19400006781000;4;1;3;0,0
19400006782000;67;37;30;48,7
19410006597000;50;28;22;40,1
19410006598000;79;40;39;35,9
19410006599000;16;10;6;45,6
19410006600000;99;52;47;42,3
19410006602000;9;5;4;58,0
19410006603000;44;26;18;43,2
19410006604000;48;24;24;45,5
19410006605000;301;149;152;39,6
19410006606000;341;178;163;38,1
19410006607000;131;66;65;37,6
19410006608000;57;30;27;40,9
19410006609000;640;335;305;37,5
19410006610000;991;464;527;38,0
19410006611000;8;4;4;28,9
19410006623000;16;8;8;43,3
19410006771000;14;9;5;56,6
19410006779000;14;4;10;45,4
19410006781000;34;17;17;39,9
19410006782000;223;116;107;48,4
19410006783000;1;1;0;0,0
19420006596000;4;3;1;0,0
19420006597000;53;27;26;37,6
19420006598000;238;129;109;40,9
19420006599000;14;7;7;52,6
19420006606000;95;53;42;34,4
19420006607000;97;55;42;45,3
19420006608000;684;326;358;34,0
19420006609000;1699;832;867;38,7
19420006610000;1406;698;708;39,2
19420006611000;970;493;477;36,7
19420006612000;167;89;78;39,3
19420006614000;22;11;11;31,7
19420006623000;18;8;10;39,3
19420006624000;7;4;3;37,6
19420006757000;1;0;1;0,0
19420006760000;2;1;1;0,0
19420006761000;15;7;8;36,7
19420006779000;40;21;19;44,4
19420006781000;133;60;73;39,6
19420006782000;47;18;29;33,6
19420006807000;7;4;3;66,9
19420006811000;3;2;1;0,0
19430006596000;92;44;48;39,3
19430006597000;1310;640;670;41,9
19430006598000;109;60;49;33,9
19430006607000;5;3;2;59,6
19430006609000;331;171;160;31,1
19430006610000;483;249;234;27,1
19430006611000;357;171;186;39,6
19430006612000;51;28;23;32,2
19430006613000;356;180;176;36,4
19430006614000;337;174;163;37,9
19430006616000;54;26;28;42,7
19430006617000;131;71;60;29,3
19430006618000;27;14;13;37,6
19430006619000;4;2;2;0,0
19430006757000;33;18;15;45,9
19430006758000;9;6;3;57,2
19430006759000;5;3;2;64,8
19430006760000;26;14;12;45,5
19430006761000;62;31;31;49,1
19430006762000;4;1;3;0,0
19430006763000;17;6;11;39,5
19430006764000;115;58;57;42,0
19430006765000;33;17;16;47,1
19430006766000;58;34;24;49,1
19430006767000;48;25;23;47,7
19430006768000;159;85;74;44,4
19430006807000;3;1;2;0,0
19430006808000;2;2;0;0,0
19430006810000;3;1;2;0,0
19430006811000;37;19;18;50,5
19430006812000;4;2;2;0,0
19430006839000;2;1;1;0,0
19440006596000;51;24;27;43,0
19440006597000;1296;652;644;39,4
19440006598000;154;80;74;39,1
19440006599000;4;3;1;0,0
19440006611000;88;47;41;44,4
19440006612000;204;112;92;35,5
19440006613000;1160;585;575;38,0
19440006614000;407;211;196;35,2
19440006616000;119;67;52;38,8
19440006617000;5;2;3;12,0
19440006618000;2;1;1;0,0
19440006620000;4;2;2;0,0
19440006646000;23;12;11;53,7
19440006647000;12;5;7;30,8
19440006756000;13;13;0;36,2
19440006757000;24;13;11;47,8
19440006759000;146;79;67;33,0
19440006760000;113;53;60;41,5
19440006761000;2;1;1;0,0
19440006762000;2;1;1;0,0
19440006763000;35;13;22;50,3
19440006764000;22;11;11;42,4
19440006765000;8;4;4;55,4
19440006766000;9;3;6;57,9
19440006768000;20;12;8;60,5
19440006806000;2;1;1;0,0
19440006807000;7;3;4;46,0
19440006808000;4;2;2;0,0
19450006596000;10;6;4;37,1
19450006597000;71;33;38;42,8
19450006598000;36;18;18;32,0
19450006599000;30;14;16;42,3
19450006600000;3;1;2;0,0
19450006601000;2;1;1;0,0
19450006610000;46;24;22;28,5
19450006611000;178;91;87;28,7
19450006612000;448;224;224;34,2
19450006613000;173;92;81;37,6
19450006614000;48;25;23;33,9
19450006615000;11;7;4;41,2
19450006616000;3;1;2;0,0
19450006617000;6;3;3;45,5
19450006619000;10;5;5;53,0
19450006620000;211;102;109;37,3
19450006621000;6;3;3;41,8
19450006622000;6;3;3;43,0
19450006623000;23;12;11;38,6
19450006624000;10;5;5;40,9
19450006625000;5;3;2;64,8
19450006646000;17;9;8;44,2
19450006647000;47;24;23;51,3
19450006658000;1;1;0;0,0
19450006676000;1;1;0;0,0
19450006678000;2;1;1;0,0
19450006728000;1;1;0;0,0
19450006752000;54;33;21;45,7
19450006753000;246;121;125;36,3
19450006754000;36;17;19;43,1
19450006756000;168;85;83;33,9
19450006757000;157;80;77;37,1
19450006758000;8;3;5;57,9
19450006759000;7;5;2;35,4
19450006760000;88;45;43;40,1
19450006761000;81;45;36;39,7
19450006762000;1;0;1;0,0
19450006763000;27;10;17;32,7
19450006766000;8;4;4;64,8
19450006806000;21;10;11;32,6
19450006814000;3;2;1;0,0
19450006815000;56;32;24;46,7
19450006816000;10;6;4;51,5
19450006838000;141;74;67;43,4
19450006839000;73;37;36;43,6
19460006597000;6;4;2;33,7
19460006598000;11;6;5;52,5
19460006599000;11;7;4;54,9
19460006600000;22;10;12;48,6
19460006601000;7;3;4;52,7
19460006611000;221;126;95;38,7
19460006612000;504;254;250;35,6
19460006613000;5;2;3;55,6
19460006618000;30;15;15;47,4
19460006619000;31;17;14;39,9
19460006620000;372;196;176;37,5
19460006621000;2;1;1;0,0
19460006622000;62;32;30;47,1
19460006623000;109;56;53;37,9
19460006624000;112;56;56;37,7
19460006625000;84;41;43;46,4
19460006626000;6;2;4;46,0
19460006646000;19;10;9;33,6
19460006653000;8;5;3;75,0
19460006655000;2;1;1;0,0
19460006662000;26;16;10;48,7
19460006663000;5;2;3;34,0
19460006666000;58;31;27;48,6
19460006667000;55;29;26;39,3
19460006668000;126;62;64;37,1
19460006669000;47;24;23;31,5
19460006674000;6;1;5;25,5
19460006675000;2;1;1;0,0
19460006678000;2;1;1;0,0
19460006681000;11;6;5;55,5
19460006721000;2;1;1;0,0
19460006722000;255;130;125;40,5
19460006723000;12;8;4;21,8
19460006729000;47;27;20;34,0
19460006733000;42;18;24;39,3
19460006743000;79;40;39;31,5
19460006744000;24;11;13;34,4
19460006750000;80;47;33;36,1
19460006751000;83;39;44;45,6
19460006753000;210;113;97;42,2
19460006754000;30;14;16;37,0
19460006757000;4;3;1;0,0
19460006758000;6;3;3;34,2
19460006784000;6;2;4;66,7
19460006808000;1;1;0;0,0
19460006817000;2;1;1;0,0
19460006838000;2;2;0;0,0
19470006599000;1;1;0;0,0
19470006600000;2;1;1;0,0
19470006601000;6;4;2;28,8
19470006602000;8;3;5;50,5
19470006611000;594;299;295;28,5
19470006612000;158;80;78;43,2
19470006614000;13;6;7;56,3
19470006615000;3;1;2;0,0
19470006616000;4;2;2;0,0
19470006617000;8;3;5;42,0
19470006618000;118;62;56;37,2
19470006619000;101;57;44;43,7
19470006620000;105;56;49;33,5
19470006621000;63;37;26;41,0
19470006622000;161;78;83;36,1
19470006623000;16;6;10;38,8
19470006624000;75;39;36;37,2
19470006625000;511;254;257;35,0
19470006626000;206;111;95;34,4
19470006629000;224;108;116;31,6
19470006646000;40;20;20;50,0
19470006647000;109;59;50;33,5
19470006650000;16;9;7;53,4
19470006651000;7;4;3;70,0
19470006654000;15;5;10;46,8
19470006655000;4;2;2;0,0
19470006656000;18;10;8;50,1
19470006662000;14;10;4;25,0
19470006663000;6;5;1;38,5
19470006667000;93;47;46;29,9
19470006668000;85;41;44;45,2
19470006669000;215;117;98;35,1
19470006670000;89;47;42;40,6
19470006672000;22;13;9;43,6
19470006677000;6;2;4;39,5
19470006678000;16;8;8;38,4
19470006679000;6;4;2;42,2
19470006680000;16;7;9;45,3
19470006681000;33;15;18;50,4
19470006691000;56;33;23;51,4
19470006692000;1;0;1;0,0
19470006712000;1;1;0;0,0
19470006717000;38;22;16;51,3
19470006721000;87;41;46;36,2
19470006722000;286;147;139;38,3
19470006723000;20;12;8;42,2
19470006727000;6;3;3;33,0
19470006728000;63;32;31;40,6
19470006729000;65;33;32;44,2
19470006730000;30;16;14;35,5
19470006732000;52;25;27;28,6
19470006733000;123;63;60;37,0
19470006743000;43;21;22;35,0
19470006744000;19;11;8;56,5
19470006749000;281;145;136;34,7
19470006750000;353;180;173;32,6
19470006751000;221;107;114;48,1
19470006752000;10;6;4;38,8
19470006753000;30;17;13;39,2
19470006783000;18;10;8;56,2
19470006784000;13;5;8;26,5
19470006785000;5;4;1;77,0
19470006807000;2;1;1;0,0
19470006808000;11;7;4;50,3
19470006815000;3;1;2;0,0
19470006826000;12;8;4;41,7
19470006839000;7;3;4;54,1
19470006840000;5;3;2;36,6
19480006602000;2;1;1;0,0
19480006603000;10;7;3;45,5
19480006604000;2;1;1;0,0
19480006605000;5;2;3;35,2
19480006606000;11;7;4;37,5
19480006609000;27;16;11;35,1
19480006610000;305;153;152;42,5
19480006611000;1622;805;817;38,5
19480006612000;1319;684;635;39,8
19480006613000;183;87;96;41,9
19480006614000;263;136;127;40,3
19480006615000;240;132;108;29,0
19480006616000;471;233;238;40,8
19480006617000;138;69;69;41,9
19480006618000;529;275;254;38,9
19480006619000;778;388;390;37,8
19480006620000;453;224;229;45,0
19480006621000;183;100;83;44,1
19480006622000;50;26;24;43,3
19480006623000;615;301;314;40,1
19480006624000;745;402;343;37,4
19480006625000;190;103;87;40,2
19480006626000;2191;1263;928;41,8
19480006627000;1876;944;932;38,7
19480006628000;1226;597;629;40,9
19480006629000;453;234;219;34,5
19480006632000;3;1;2;0,0
19480006633000;39;21;18;39,5
19480006634000;27;15;12;37,6
19480006646000;22;14;8;39,2
19480006647000;237;115;122;40,9
19480006648000;145;60;85;47,7
19480006651000;5;3;2;65,6
19480006652000;7;4;3;33,9
19480006656000;2;1;1;0,0
19480006658000;86;46;40;33,8
19480006659000;36;20;16;50,3
19480006665000;30;16;14;37,6
19480006666000;89;49;40;31,1
19480006667000;72;39;33;32,2
19480006668000;14;5;9;20,7
19480006669000;176;95;81;29,9
19480006670000;86;48;38;43,3
19480006672000;14;9;5;53,7
19480006673000;10;6;4;45,6
19480006676000;9;3;6;42,8
19480006677000;10;4;6;38,4
19480006680000;20;13;7;41,4
19480006691000;14;8;6;45,9
19480006692000;60;32;28;37,3
19480006693000;19;11;8;53,2
19480006694000;27;12;15;51,9
19480006706000;22;11;11;31,3
19480006711000;24;12;12;42,3
19480006716000;63;30;33;43,6
19480006717000;14;11;3;34,2
19480006721000;19;10;9;32,6
19480006727000;31;17;14;35,9
19480006728000;45;28;17;39,0
19480006730000;106;54;52;32,9
19480006731000;162;83;79;37,0
19480006732000;149;89;60;36,4
19480006733000;120;65;55;33,3
19480006734000;30;16;14;37,9
19480006736000;1;0;1;0,0
19480006738000;28;14;14;44,9
19480006739000;12;6;6;33,3
19480006740000;142;75;67;36,8
19480006741000;36;19;17;37,7
19480006743000;3;1;2;0,0
19480006746000;196;98;98;32,6
19480006747000;237;120;117;36,3
19480006748000;329;180;149;35,4
19480006749000;242;119;123;31,5
19480006750000;20;12;8;26,0
19480006784000;15;7;8;49,5
19480006812000;6;3;3;37,5
19480006813000;16;8;8;60,8
19480006814000;2;1;1;0,0
19480006816000;7;2;5;38,0
19480006819000;2;1;1;0,0
19480006820000;1;1;0;0,0
19480006838000;1;1;0;0,0
19490006605000;3;2;1;0,0
19490006606000;89;51;38;33,7
19490006607000;63;32;31;44,1
19490006608000;193;90;103;37,6
19490006609000;304;155;149;39,8
19490006610000;1007;503;504;36,1
19490006611000;1092;546;546;42,3
19490006612000;781;390;391;37,8
19490006613000;7;5;2;40,1
19490006614000;8;5;3;35,6
19490006616000;27;14;13;44,0
19490006617000;3;1;2;0,0
19490006618000;5;5;0;38,6
19490006619000;148;66;82;29,8
19490006621000;113;53;60;42,8
19490006622000;146;74;72;41,7
19490006623000;196;103;93;43,7
19490006624000;1144;585;559;39,9
19490006625000;2133;1105;1028;42,6
19490006626000;3167;1669;1498;38,8
19490006627000;2191;1122;1069;39,6
19490006628000;2002;970;1032;39,3
19490006629000;1888;937;951;34,2
19490006630000;103;53;50;34,7
19490006631000;40;21;19;35,1
19490006632000;23;10;13;46,4
19490006633000;27;16;11;30,4
19490006634000;39;21;18;37,8
19490006635000;26;11;15;39,4
19490006636000;5;3;2;25,6
19490006638000;6;3;3;32,2
19490006646000;17;10;7;42,8
19490006647000;319;163;156;34,9
19490006648000;107;52;55;41,4
19490006649000;13;8;5;48,2
19490006659000;43;20;23;39,5
19490006661000;4;2;2;0,0
19490006665000;104;54;50;39,4
19490006666000;348;179;169;37,5
19490006667000;68;31;37;37,0
19490006668000;262;126;136;36,4
19490006669000;420;194;226;36,9
19490006670000;488;264;224;35,4
19490006671000;62;30;32;30,8
19490006672000;1;1;0;0,0
19490006674000;54;25;29;23,5
19490006675000;14;6;8;30,9
19490006676000;3;2;1;0,0
19490006697000;8;6;2;50,4
19490006700000;7;5;2;61,7
19490006706000;5;2;3;73,6
19490006707000;5;3;2;56,4
19490006711000;17;9;8;42,6
19490006712000;77;42;35;41,4
19490006713000;133;65;68;29,2
19490006714000;27;13;14;51,3
19490006715000;124;66;58;33,2
19490006716000;288;152;136;37,0
19490006717000;8;3;5;63,6
19490006718000;44;23;21;41,6
19490006720000;10;5;5;58,4
19490006724000;3;1;2;0,0
19490006728000;190;92;98;35,6
19490006729000;332;167;165;36,9
19490006730000;26;15;11;41,2
19490006731000;118;61;57;34,3
19490006732000;110;58;52;32,0
19490006733000;44;23;21;40,9
19490006734000;122;65;57;36,1
19490006735000;107;58;49;36,8
19490006736000;263;136;127;36,0
19490006737000;77;41;36;29,4
19490006738000;601;297;304;29,4
19490006739000;321;168;153;34,7
19490006740000;113;53;60;33,3
19490006741000;282;129;153;35,7
19490006742000;184;99;85;34,6
19490006743000;255;121;134;35,8
19490006744000;108;57;51;35,6
19490006745000;310;155;155;33,5
19490006746000;133;71;62;31,2
19490006747000;1;1;0;0,0
19490006748000;2;1;1;0,0
19490006772000;58;30;28;39,6
19490006773000;5;2;3;49,0
19490006776000;1;1;0;0,0
19490006780000;4;2;2;0,0
19490006781000;31;18;13;51,2
19490006782000;44;21;23;38,7
19490006793000;52;28;24;44,0
19490006794000;36;19;17;43,6
19490006795000;2;1;1;0,0
19490006797000;1;0;1;0,0
19490006798000;3;2;1;0,0
19490006800000;2;0;2;0,0
19490006801000;3;2;1;0,0
19490006808000;1;1;0;0,0
19490006840000;15;9;6;43,7
19490006841000;4;2;2;0,0
19500006586000;186;94;92;43,8
19500006587000;9;4;5;28,9
19500006610000;2;1;1;0,0
19500006617000;10;5;5;40,3
19500006618000;73;36;37;38,2
19500006619000;526;253;273;33,0
19500006620000;836;429;407;35,0
19500006621000;531;256;275;44,0
19500006622000;1091;547;544;41,2
19500006623000;1361;688;673;44,0
19500006624000;2483;1197;1286;37,9
19500006625000;2045;988;1057;41,1
19500006626000;1858;904;954;41,9
19500006627000;1247;588;659;42,0
19500006628000;1182;620;562;37,7
19500006629000;1403;698;705;37,7
19500006630000;5;3;2;30,2
19500006631000;28;17;11;39,3
19500006632000;51;26;25;41,0
19500006633000;44;24;20;35,5
19500006634000;5;3;2;16,0
19500006635000;35;16;19;35,7
19500006638000;55;39;16;37,6
19500006641000;24;12;12;43,5
19500006648000;4;2;2;0,0
19500006650000;2;1;1;0,0
19500006651000;25;16;9;40,8
19500006662000;16;8;8;39,6
19500006663000;11;7;4;36,7
19500006664000;23;11;12;18,5
19500006665000;15;9;6;51,3
19500006666000;115;59;56;34,3
19500006667000;24;13;11;35,4
19500006668000;53;28;25;24,8
19500006669000;782;365;417;43,6
19500006670000;263;135;128;34,7
19500006671000;5;3;2;62,8
19500006677000;154;85;69;35,0
19500006678000;24;12;12;60,8
19500006692000;88;43;45;38,5
19500006699000;11;5;6;63,2
19500006700000;34;19;15;35,4
19500006706000;58;27;31;33,3
19500006707000;91;52;39;44,3
19500006708000;4;2;2;0,0
19500006711000;22;14;8;41,8
19500006712000;3;1;2;0,0
19500006714000;27;11;16;44,3
19500006715000;117;56;61;37,9
19500006717000;29;16;13;45,8
19500006718000;154;81;73;34,4
19500006719000;64;35;29;30,8
19500006720000;225;113;112;27,4
19500006723000;7;4;3;28,3
19500006724000;113;54;59;41,9
19500006725000;71;31;40;43,8
19500006726000;143;80;63;42,4
19500006727000;60;29;31;46,2
19500006728000;40;22;18;42,3
19500006729000;475;233;242;31,4
19500006736000;13;4;9;28,6
19500006737000;251;133;118;29,5
19500006738000;553;252;301;41,0
19500006740000;464;225;239;32,3
19500006741000;17;7;10;38,7
19500006756000;65;33;32;36,7
19500006757000;21;12;9;52,7
19500006770000;2;1;1;0,0
19500006771000;10;5;5;28,1
19500006772000;18;9;9;47,1
19500006773000;2;1;1;0,0
19500006776000;2;1;1;0,0
19500006778000;65;34;31;42,4
19500006779000;5;3;2;56,0
19500006780000;1;1;0;0,0
19500006781000;9;7;2;35,3
19500006782000;23;13;10;30,3
19500006783000;10;5;5;36,1
19500006793000;64;33;31;33,7
19500006794000;152;68;84;47,2
19500006795000;14;8;6;61,3
19500006797000;3;3;0;0,0
19500006803000;3;2;1;0,0
19500006840000;41;24;17;41,9
19500006841000;14;9;5;67,7
19510006552000;3;3;0;0,0
19510006585000;2;1;1;0,0
19510006586000;227;116;111;41,0
19510006587000;31;16;15;38,5
19510006598000;5;2;3;21,4
19510006599000;13;7;6;39,4
19510006600000;1;1;0;0,0
19510006612000;7;5;2;38,3
19510006613000;13;8;5;44,2
19510006615000;10;5;5;64,4
19510006616000;14;7;7;37,5
19510006617000;26;12;14;38,6
19510006618000;16;9;7;42,3
19510006619000;977;477;500;33,0
19510006620000;419;212;207;33,0
19510006621000;61;30;31;46,3
19510006622000;740;356;384;37,6
19510006623000;1053;522;531;38,4
19510006624000;1478;747;731;37,5
19510006625000;448;239;209;31,0
19510006626000;962;497;465;28,5
19510006628000;22;11;11;39,6
19510006630000;16;9;7;48,6
19510006631000;15;8;7;32,9
19510006632000;27;14;13;28,3
19510006633000;135;66;69;34,1
19510006634000;74;40;34;35,5
19510006635000;114;59;55;35,9
19510006636000;18;8;10;53,6
19510006637000;12;7;5;40,3
19510006638000;39;21;18;40,4
19510006639000;10;5;5;49,9
19510006640000;15;7;8;42,8
19510006641000;27;17;10;33,3
19510006642000;3;2;1;0,0
19510006651000;3;2;1;0,0
19510006660000;74;34;40;41,4
19510006661000;20;10;10;46,7
19510006662000;61;28;33;40,7
19510006663000;4;2;2;0,0
19510006664000;7;4;3;60,6
19510006665000;31;17;14;35,4
19510006666000;10;6;4;39,2
19510006669000;209;109;100;30,5
19510006670000;41;25;16;30,7
19510006671000;1;1;0;0,0
19510006680000;2;1;1;0,0
19510006692000;79;44;35;39,7
19510006693000;74;42;32;40,1
19510006695000;2;1;1;0,0
19510006707000;14;9;5;27,6
19510006712000;2;1;1;0,0
19510006713000;3;3;0;0,0
19510006715000;245;137;108;38,6
19510006716000;169;84;85;35,9
19510006717000;58;29;29;46,9
19510006718000;65;34;31;35,1
19510006719000;30;14;16;59,0
19510006720000;73;40;33;50,8
19510006721000;427;220;207;33,7
19510006722000;176;86;90;25,3
19510006723000;78;32;46;36,1
19510006724000;2;1;1;0,0
19510006725000;38;22;16;32,5
19510006726000;24;13;11;35,5
19510006727000;134;64;70;31,9
19510006728000;27;12;15;33,8
19510006729000;138;76;62;41,7
19510006734000;79;48;31;41,3
19510006737000;217;105;112;32,4
19510006738000;466;226;240;31,8
19510006740000;70;35;35;32,5
19510006741000;1;0;1;0,0
19510006752000;22;9;13;42,1
19510006753000;13;9;4;34,0
19510006754000;70;33;37;50,0
19510006755000;195;102;93;42,0
19510006756000;19;10;9;63,4
19510006760000;18;8;10;46,8
19510006768000;2;1;1;0,0
19510006769000;13;6;7;37,7
19510006770000;90;47;43;42,7
19510006771000;288;137;151;35,4
19510006772000;41;26;15;41,4
19510006773000;59;28;31;44,4
19510006774000;57;32;25;43,7
19510006775000;8;4;4;63,5
19510006777000;30;20;10;47,4
19510006778000;136;71;65;42,9
19510006779000;197;99;98;34,7
19510006781000;1;1;0;0,0
19510006790000;3;2;1;0,0
19510006798000;5;2;3;55,8
19510006813000;12;7;5;47,7
19510006818000;1;1;0;0,0
19510006821000;6;3;3;54,8
19510006838000;2;1;1;0,0
19510006839000;9;5;4;40,8
19510006840000;84;43;41;35,2
19510006841000;11;6;5;56,5
19520006546000;51;24;27;44,2
19520006547000;36;16;20;38,8
19520006548000;32;17;15;46,7
19520006549000;4;3;1;0,0
19520006550000;4;1;3;0,0
19520006551000;3;3;0;0,0
19520006552000;13;7;6;51,0
19520006553000;23;12;11;33,1
19520006586000;66;38;28;34,5
19520006587000;12;6;6;57,6
19520006598000;6;2;4;42,5
19520006599000;5;2;3;43,2
19520006600000;12;6;6;20,3
19520006602000;2;1;1;0,0
19520006603000;2;1;1;0,0
19520006610000;2;1;1;0,0
19520006611000;28;11;17;41,9
19520006612000;28;13;15;37,1
19520006613000;9;6;3;53,8
19520006614000;19;14;5;34,9
19520006615000;53;27;26;49,4
19520006616000;153;78;75;41,7
19520006617000;53;32;21;35,8
19520006619000;18;9;9;49,7
19520006621000;2;1;1;0,0
19520006622000;288;150;138;28,6
19520006623000;264;128;136;36,2
19520006624000;317;151;166;32,5
19520006625000;1009;508;501;26,6
19520006626000;140;68;72;26,6
19520006632000;4;2;2;0,0
19520006633000;45;23;22;40,3
19520006634000;261;130;131;24,3
19520006635000;60;38;22;34,2
19520006642000;34;18;16;43,1
19520006643000;23;11;12;47,5
19520006644000;4;1;3;0,0
19520006658000;1;1;0;0,0
19520006660000;14;6;8;48,7
19520006661000;11;3;8;45,5
19520006662000;218;101;117;29,4
19520006663000;188;103;85;42,0
19520006665000;37;18;19;33,1
19520006666000;13;6;7;31,9
19520006669000;44;23;21;34,6
19520006670000;2;1;1;0,0
19520006674000;6;4;2;55,7
19520006675000;16;9;7;41,5
19520006692000;35;15;20;45,0
19520006693000;79;40;39;42,2
19520006712000;116;54;62;33,5
19520006713000;344;182;162;30,9
19520006714000;164;92;72;27,7
19520006715000;6;3;3;44,0
19520006721000;3;2;1;0,0
19520006722000;253;124;129;43,6
19520006723000;121;64;57;34,9
19520006724000;51;26;25;43,2
19520006725000;6;3;3;65,3
19520006727000;2;1;1;0,0
19520006729000;192;94;98;34,1
19520006731000;22;10;12;41,1
19520006732000;74;39;35;31,3
19520006733000;2;1;1;0,0
19520006734000;55;28;27;33,9
19520006735000;107;54;53;35,8
19520006736000;453;237;216;32,8
19520006737000;35;17;18;22,5
19520006751000;26;13;13;33,3
19520006752000;216;106;110;33,8
19520006759000;19;10;9;38,6
19520006760000;14;7;7;58,1
19520006764000;27;13;14;45,3
19520006765000;32;15;17;33,7
19520006767000;1;1;0;0,0
19520006768000;105;54;51;34,8
19520006769000;26;16;10;46,5
19520006770000;43;22;21;35,7
19520006771000;57;35;22;33,1
19520006772000;23;13;10;54,6
19520006777000;18;8;10;33,8
19520006778000;72;40;32;40,3
19520006779000;63;39;24;34,7
19520006780000;374;188;186;38,2
19520006781000;44;23;21;40,4
19520006782000;27;13;14;44,4
19520006783000;66;34;32;44,6
19520006784000;11;6;5;41,7
19520006789000;5;2;3;62,2
19520006812000;29;14;15;28,7
19520006813000;14;9;5;48,6
19530006539000;2;1;1;0,0
19530006540000;20;11;9;35,1
19530006541000;32;17;15;38,6
19530006542000;29;14;15;42,6
19530006543000;291;216;75;32,9
19530006544000;28;16;12;39,6
19530006545000;35;18;17;49,1
19530006546000;15;10;5;35,0
19530006547000;38;20;18;44,6
19530006548000;48;25;23;33,3
19530006549000;14;7;7;31,4
19530006553000;33;18;15;42,1
19530006600000;3;2;1;0,0
19530006601000;15;9;6;41,5
19530006602000;5;3;2;34,0
19530006603000;9;6;3;54,0
19530006613000;2;1;1;0,0
19530006614000;17;10;7;43,6
19530006615000;31;16;15;28,3
19530006616000;16;8;8;56,2
19530006617000;34;20;14;43,6
19530006618000;26;13;13;43,5
19530006619000;52;28;24;41,0
19530006620000;91;49;42;40,5
19530006621000;74;40;34;39,5
19530006622000;66;33;33;35,9
19530006623000;29;18;11;35,1
19530006624000;83;42;41;33,9
19530006625000;37;20;17;38,9
19530006626000;8;3;5;29,6
19530006631000;4;2;2;0,0
19530006632000;14;8;6;50,0
19530006634000;21;9;12;33,4
19530006635000;27;14;13;39,5
19530006636000;61;31;30;39,3
19530006637000;22;12;10;19,9
19530006642000;14;7;7;42,1
19530006644000;2;1;1;0,0
19530006645000;29;15;14;33,9
19530006657000;2;1;1;0,0
19530006658000;6;5;1;60,5
19530006663000;2;1;1;0,0
19530006664000;6;3;3;34,3
19530006665000;35;19;16;35,4
19530006666000;21;13;8;40,9
19530006669000;153;85;68;33,2
19530006670000;8;5;3;40,8
19530006671000;3;2;1;0,0
19530006672000;2;1;1;0,0
19530006673000;2;1;1;0,0
19530006674000;14;9;5;31,8
19530006675000;27;15;12;60,4
19530006683000;1;1;0;0,0
19530006689000;2;1;1;0,0
19530006690000;9;3;6;71,0
19530006693000;40;23;17;44,5
19530006703000;11;7;4;34,8
19530006704000;73;35;38;39,4
19530006705000;121;66;55;44,2
19530006706000;9;6;3;22,7
19530006707000;1;1;0;0,0
19530006712000;18;8;10;23,1
19530006713000;184;94;90;27,9
19530006719000;14;8;6;42,7
19530006720000;40;20;20;41,2
19530006721000;136;71;65;34,6
19530006722000;27;18;9;41,1
19530006723000;198;98;100;34,7
19530006724000;106;48;58;41,1
19530006725000;32;16;16;43,3
19530006726000;2;1;1;0,0
19530006727000;13;7;6;46,0
19530006728000;40;18;22;42,4
19530006729000;337;180;157;36,8
19530006730000;88;40;48;28,9
19530006732000;262;136;126;33,7
19530006733000;243;125;118;35,1
19530006734000;366;177;189;31,7
19530006735000;388;207;181;34,9
19530006736000;196;99;97;30,4
19530006741000;136;75;61;40,7
19530006750000;91;51;40;38,3
19530006751000;7;4;3;42,6
19530006752000;99;48;51;36,0
19530006753000;19;11;8;41,1
19530006754000;2;1;1;0,0
19530006759000;59;32;27;42,3
19530006760000;37;18;19;39,1
19530006764000;2;1;1;0,0
19530006766000;92;46;46;36,7
19530006767000;44;21;23;43,8
19530006768000;5;2;3;69,2
19530006770000;17;9;8;35,5
19530006777000;10;5;5;32,6
19530006778000;55;26;29;37,0
19530006779000;55;26;29;45,8
19530006780000;128;54;74;59,0
19530006781000;133;71;62;43,8
19530006782000;36;19;17;40,1
19530006783000;29;15;14;41,5
19530006795000;3;2;1;0,0
19530006796000;9;4;5;43,1
19530006813000;211;112;99;39,8
19530006814000;51;24;27;39,7
19530006815000;8;5;3;35,6
19530006817000;10;3;7;24,3
19530006821000;3;2;1;0,0
19530006822000;6;4;2;47,5
19530006826000;4;3;1;0,0
19530006827000;2;1;1;0,0
19530006840000;5;3;2;68,6
19540006538000;13;6;7;32,7
19540006539000;20;10;10;42,6
19540006540000;28;15;13;37,1
19540006541000;50;31;19;42,7
19540006542000;47;24;23;32,3
19540006543000;34;20;14;33,2
19540006544000;14;8;6;37,1
19540006545000;58;34;24;36,2
19540006546000;79;49;30;42,7
19540006547000;146;74;72;37,3
19540006548000;67;39;28;42,1
19540006549000;26;14;12;34,5
19540006550000;2;1;1;0,0
19540006553000;11;6;5;51,6
19540006554000;4;3;1;0,0
19540006569000;2;1;1;0,0
19540006598000;5;3;2;43,4
19540006599000;1;0;1;0,0
19540006601000;12;6;6;55,6
19540006602000;1;0;1;0,0
19540006612000;2;1;1;0,0
19540006613000;13;7;6;34,5
19540006614000;11;6;5;36,7
19540006615000;2;1;1;0,0
19540006619000;11;6;5;40,6
19540006620000;175;90;85;31,2
19540006621000;4;2;2;0,0
19540006622000;114;56;58;37,4
19540006623000;610;302;308;31,5
19540006624000;554;276;278;31,3
19540006625000;329;180;149;38,7
19540006626000;80;37;43;35,3
19540006635000;5;3;2;18,0
19540006636000;8;5;3;42,6
19540006637000;1;0;1;0,0
19540006638000;30;14;16;38,7
19540006639000;225;119;106;33,3
19540006640000;129;67;62;36,3
19540006642000;18;11;7;34,3
19540006646000;58;31;27;38,7
19540006661000;8;4;4;44,8
19540006663000;36;18;18;39,1
19540006665000;17;10;7;39,1
19540006668000;90;51;39;38,5
19540006669000;97;46;51;31,5
19540006670000;39;17;22;32,0
19540006671000;426;218;208;33,9
19540006672000;7;3;4;47,6
19540006673000;14;6;8;37,1
19540006674000;38;20;18;44,5
19540006689000;34;16;18;40,5
19540006690000;27;14;13;30,7
19540006691000;9;4;5;47,6
19540006692000;184;91;93;38,4
19540006693000;241;119;122;37,1
19540006697000;9;3;6;49,0
19540006699000;11;8;3;66,0
19540006703000;136;80;56;30,5
19540006704000;80;41;39;36,9
19540006705000;83;44;39;24,5
19540006707000;13;9;4;25,1
19540006712000;97;45;52;34,5
19540006713000;174;88;86;40,1
19540006714000;8;5;3;47,1
19540006715000;16;9;7;40,6
19540006716000;29;15;14;51,0
19540006717000;4;1;3;0,0
19540006720000;26;17;9;35,4
19540006721000;170;83;87;38,9
19540006722000;31;17;14;33,0
19540006723000;258;134;124;32,2
19540006724000;22;11;11;38,5
19540006730000;9;4;5;23,2
19540006731000;403;196;207;33,5
19540006732000;441;220;221;34,3
19540006736000;6;5;1;57,8
19540006741000;92;53;39;44,0
19540006748000;27;15;12;42,2
19540006749000;108;53;55;34,0
19540006750000;55;27;28;39,3
19540006751000;173;88;85;31,4
19540006752000;44;21;23;45,0
19540006754000;14;8;6;48,2
19540006755000;129;69;60;36,1
19540006759000;6;2;4;27,7
19540006764000;5;2;3;23,6
19540006766000;53;33;20;45,3
19540006767000;7;4;3;67,4
19540006768000;52;25;27;32,8
19540006769000;9;5;4;38,9
19540006771000;13;7;6;50,4
19540006772000;91;47;44;48,7
19540006773000;25;16;9;30,6
19540006774000;10;6;4;58,0
19540006776000;37;18;19;35,8
19540006777000;2;1;1;0,0
19540006778000;107;53;54;38,5
19540006780000;6;4;2;51,3
19540006781000;18;9;9;54,6
19540006782000;12;6;6;56,3
19540006795000;44;23;21;37,9
19540006796000;4;2;2;0,0
19540006813000;15;8;7;49,2
19540006814000;1;0;1;0,0
19540006820000;2;1;1;0,0
19540006821000;1;0;1;0,0
19540006828000;3;1;2;0,0
19550006534000;1;0;1;0,0
19550006535000;24;11;13;25,5
19550006536000;11;6;5;46,8
19550006537000;15;8;7;33,1
19550006538000;34;19;15;40,1
19550006539000;29;17;12;40,8
19550006540000;62;37;25;27,8
19550006541000;51;27;24;37,2
19550006542000;174;93;81;34,4
19550006543000;143;76;67;35,5
19550006544000;56;30;26;35,1
19550006545000;43;23;20;34,4
19550006546000;106;57;49;34,3
19550006547000;432;232;200;31,9
19550006548000;39;23;16;42,7
19550006549000;15;9;6;23,9
19550006550000;61;31;30;40,4
19550006551000;13;9;4;32,9
19550006552000;35;17;18;33,8
19550006554000;47;26;21;30,6
19550006556000;33;18;15;33,4
19550006557000;43;21;22;40,4
19550006558000;11;6;5;46,7
19550006559000;20;12;8;33,4
19550006569000;4;2;2;0,0
19550006598000;5;2;3;73,8
19550006599000;7;4;3;42,4
19550006600000;5;3;2;51,6
19550006601000;7;2;5;30,9
19550006602000;11;6;5;48,8
19550006603000;32;15;17;32,3
19550006604000;185;82;103;44,3
19550006605000;65;29;36;40,0
19550006611000;14;8;6;26,2
19550006612000;45;21;24;48,4
19550006613000;1;1;0;0,0
19550006619000;17;9;8;47,6
19550006620000;30;17;13;49,6
19550006621000;55;27;28;34,9
19550006622000;20;8;12;41,7
19550006623000;22;10;12;31,7
19550006624000;4;2;2;0,0
19550006625000;245;122;123;31,5
19550006626000;926;471;455;38,1
19550006627000;262;130;132;36,7
19550006628000;48;30;18;36,2
19550006629000;21;7;14;28,0
19550006630000;1;1;0;0,0
19550006631000;3;2;1;0,0
19550006635000;14;7;7;37,4
19550006636000;19;7;12;28,6
19550006637000;19;11;8;44,1
19550006638000;6;3;3;21,3
19550006639000;136;70;66;33,2
19550006640000;349;162;187;47,6
19550006641000;38;19;19;40,3
19550006642000;22;9;13;36,7
19550006643000;16;10;6;28,0
19550006644000;10;4;6;50,9
19550006645000;12;5;7;50,5
19550006646000;32;17;15;36,8
19550006647000;12;6;6;19,8
19550006648000;9;6;3;38,0
19550006649000;12;7;5;43,3
19550006661000;20;11;9;42,3
19550006668000;71;40;31;37,8
19550006669000;7;4;3;28,4
19550006670000;575;299;276;38,9
19550006671000;200;110;90;37,9
19550006690000;8;1;7;37,5
19550006691000;3;2;1;0,0
19550006692000;110;60;50;41,4
19550006693000;50;28;22;31,8
19550006694000;10;6;4;32,2
19550006695000;39;20;19;24,2
19550006696000;207;113;94;36,7
19550006697000;46;26;20;27,4
19550006699000;18;9;9;38,1
19550006700000;15;8;7;41,2
19550006703000;129;67;62;33,1
19550006704000;11;5;6;30,3
19550006713000;25;15;10;42,3
19550006714000;114;66;48;38,8
19550006715000;162;85;77;37,4
19550006716000;306;166;140;39,4
19550006717000;333;170;163;41,0
19550006718000;25;16;9;35,3
19550006724000;16;7;9;32,6
19550006725000;144;77;67;37,7
19550006726000;169;84;85;31,1
19550006729000;118;66;52;39,9
19550006730000;210;113;97;40,6
19550006731000;412;207;205;37,9
19550006732000;27;20;7;37,4
19550006733000;32;18;14;33,9
19550006734000;379;192;187;33,8
19550006741000;112;56;56;40,2
19550006742000;177;85;92;33,9
19550006744000;125;65;60;41,2
19550006748000;98;54;44;46,1
19550006750000;27;16;11;46,6
19550006751000;63;32;31;47,8
19550006752000;7;4;3;32,0
19550006753000;25;12;13;30,5
19550006754000;157;75;82;33,3
19550006755000;118;64;54;44,6
19550006756000;82;40;42;37,1
19550006759000;10;6;4;38,0
19550006760000;13;8;5;49,5
19550006763000;157;80;77;30,4
19550006764000;18;9;9;26,6
19550006765000;51;23;28;37,6
19550006766000;22;11;11;38,9
19550006767000;54;26;28;42,1
19550006768000;22;11;11;40,6
19550006769000;3;1;2;0,0
19550006771000;59;32;27;42,9
19550006776000;21;11;10;37,0
19550006777000;6;3;3;36,5
19550006779000;33;20;13;30,8
19550006780000;22;14;8;38,8
19550006781000;23;12;11;41,1
19550006782000;103;53;50;40,3
19550006783000;7;4;3;40,4
19550006794000;1;1;0;0,0
19550006814000;8;3;5;44,1
19550006827000;5;3;2;63,8
19550006828000;7;3;4;43,3
19560006532000;4;3;1;0,0
19560006533000;10;5;5;40,7
19560006534000;48;23;25;31,2
19560006535000;57;29;28;39,1
19560006536000;25;14;11;39,0
19560006537000;10;7;3;34,8
19560006538000;15;7;8;30,5
19560006539000;8;3;5;27,5
19560006540000;107;59;48;32,7
19560006541000;26;13;13;36,1
19560006542000;46;25;21;33,4
19560006543000;8;5;3;54,5
19560006544000;79;45;34;41,4
19560006545000;78;41;37;38,5
19560006546000;48;30;18;27,8
19560006547000;54;29;25;40,1
19560006548000;63;35;28;41,5
19560006549000;34;17;17;33,7
19560006550000;29;15;14;39,1
19560006551000;47;21;26;39,7
19560006552000;47;24;23;36,2
19560006553000;34;20;14;35,1
19560006554000;71;34;37;41,1
19560006555000;29;16;13;33,9
19560006556000;31;17;14;45,7
19560006557000;47;20;27;40,4
19560006558000;109;57;52;34,9
19560006559000;11;5;6;48,5
19560006560000;24;13;11;36,9
19560006561000;36;22;14;41,6
19560006562000;41;19;22;39,3
19560006563000;13;6;7;33,7
19560006602000;80;50;30;31,8
19560006603000;159;82;77;43,6
19560006604000;25;13;12;36,4
19560006605000;29;18;11;42,6
19560006606000;4;3;1;0,0
19560006611000;23;13;10;29,3
19560006612000;42;24;18;46,5
19560006616000;19;11;8;41,8
19560006621000;42;22;20;36,0
19560006622000;41;29;12;36,7
19560006623000;14;7;7;32,6
19560006624000;9;5;4;38,8
19560006625000;789;406;383;31,2
19560006626000;907;447;460;32,1
19560006627000;81;49;32;35,4
19560006628000;15;7;8;41,6
19560006629000;73;43;30;39,5
19560006630000;5;3;2;27,4
19560006633000;1;1;0;0,0
19560006634000;4;2;2;0,0
19560006635000;8;4;4;39,0
19560006639000;20;13;7;35,0
19560006640000;481;240;241;31,2
19560006641000;144;73;71;24,1
19560006643000;3;1;2;0,0
19560006644000;2;1;1;0,0
19560006645000;9;5;4;32,0
19560006648000;3;1;2;0,0
19560006649000;42;22;20;41,9
19560006662000;50;24;26;45,7
19560006668000;81;43;38;33,8
19560006669000;10;4;6;33,4
19560006675000;3;2;1;0,0
19560006682000;3;1;2;0,0
19560006683000;6;1;5;20,3
19560006692000;11;7;4;44,3
19560006693000;35;16;19;41,5
19560006695000;29;14;15;42,2
19560006696000;9;5;4;45,9
19560006697000;16;10;6;61,7
19560006699000;5;3;2;55,2
19560006700000;64;35;29;31,7
19560006701000;4;1;3;0,0
19560006704000;3;1;2;0,0
19560006705000;22;10;12;31,1
19560006716000;54;28;26;41,5
19560006717000;2;1;1;0,0
19560006718000;4;3;1;0,0
19560006726000;107;57;50;35,9
19560006727000;125;60;65;36,8
19560006728000;154;82;72;36,4
19560006729000;56;32;24;39,2
19560006730000;22;13;9;28,9
19560006731000;686;354;332;37,8
19560006732000;963;456;507;45,7
19560006733000;1216;602;614;36,3
19560006734000;648;338;310;34,6
19560006735000;190;101;89;32,6
19560006736000;124;66;58;32,6
19560006741000;1;1;0;0,0
19560006742000;270;136;134;38,4
19560006743000;250;132;118;30,5
19560006744000;292;150;142;33,6
19560006747000;53;24;29;34,2
19560006748000;359;177;182;39,1
19560006749000;242;125;117;33,5
19560006750000;3;2;1;0,0
19560006752000;84;34;50;26,2
19560006753000;11;6;5;49,8
19560006754000;64;33;31;42,4
19560006755000;140;71;69;35,8
19560006756000;22;10;12;36,5
19560006759000;25;15;10;37,0
19560006760000;6;4;2;31,5
19560006762000;5;2;3;68,2
19560006763000;341;163;178;50,3
19560006764000;314;159;155;32,9
19560006765000;6;3;3;15,0
19560006766000;68;34;34;37,6
19560006767000;76;37;39;34,2
19560006768000;4;2;2;0,0
19560006769000;2;2;0;0,0
19560006770000;35;21;14;46,9
19560006771000;20;9;11;32,9
19560006776000;25;14;11;33,2
19560006777000;11;6;5;53,3
19560006778000;30;14;16;46,8
19560006779000;1;0;1;0,0
19560006780000;3;2;1;0,0
19560006781000;35;17;18;29,9
19560006782000;281;134;147;38,5
19560006783000;53;29;24;44,5
19560006793000;10;2;8;24,3
19560006812000;1;0;1;0,0
19560006815000;4;2;2;0,0
19560006817000;2;1;1;0,0
19560006821000;8;6;2;48,6
19560006824000;3;1;2;0,0
19560006828000;11;4;7;44,7
19570006528000;42;24;18;35,6
19570006529000;4;4;0;0,0
19570006530000;5;2;3;47,2
19570006531000;50;25;25;36,5
19570006532000;25;10;15;28,6
19570006533000;33;19;14;34,2
19570006534000;99;56;43;31,5
19570006535000;1451;745;706;33,7
19570006536000;82;39;43;35,5
19570006537000;30;14;16;34,4
19570006539000;28;14;14;39,6
19570006540000;663;330;333;42,9
19570006541000;272;140;132;33,3
19570006542000;30;12;18;36,6
19570006543000;22;13;9;32,4
19570006544000;29;15;14;44,1
19570006545000;27;14;13;39,6
19570006546000;61;33;28;36,8
19570006547000;42;25;17;36,9
19570006548000;36;22;14;46,7
19570006549000;95;52;43;34,7
19570006550000;40;20;20;39,9
19570006551000;28;16;12;36,6
19570006552000;55;25;30;37,5
19570006553000;24;14;10;39,7
19570006554000;443;235;208;35,4
19570006555000;34;19;15;30,6
19570006556000;42;21;21;49,9
19570006557000;40;19;21;40,1
19570006558000;113;57;56;42,7
19570006559000;71;38;33;36,3
19570006560000;73;38;35;36,1
19570006561000;853;443;410;28,2
19570006562000;227;109;118;26,7
19570006563000;131;68;63;37,8
19570006564000;6;4;2;58,3
19570006602000;3;1;2;0,0
19570006603000;84;47;37;30,3
19570006605000;4;1;3;0,0
19570006606000;8;5;3;52,8
19570006607000;10;5;5;30,5
19570006611000;18;11;7;45,7
19570006612000;34;16;18;31,1
19570006613000;15;6;9;40,1
19570006614000;113;57;56;32,6
19570006615000;3;2;1;0,0
19570006616000;19;13;6;43,2
19570006617000;17;6;11;42,1
19570006623000;7;4;3;69,0
19570006625000;514;262;252;30,0
19570006626000;75;41;34;39,6
19570006627000;15;8;7;42,9
19570006634000;17;8;9;41,9
19570006638000;1;1;0;0,0
19570006640000;21;12;9;44,3
19570006641000;12;9;3;49,2
19570006644000;10;5;5;29,4
19570006645000;19;11;8;38,1
19570006646000;2;1;1;0,0
19570006647000;4;2;2;0,0
19570006648000;12;7;5;29,5
19570006649000;22;10;12;34,5
19570006650000;1;1;0;0,0
19570006656000;116;53;63;34,7
19570006657000;62;34;28;35,7
19570006658000;7;4;3;41,7
19570006659000;171;86;85;30,1
19570006660000;62;27;35;27,2
19570006661000;164;80;84;34,2
19570006662000;26;12;14;59,6
19570006663000;33;20;13;34,0
19570006664000;27;15;12;35,1
19570006665000;46;28;18;46,1
19570006666000;7;3;4;49,4
19570006667000;77;47;30;37,1
19570006668000;254;134;120;41,2
19570006675000;22;15;7;41,8
19570006676000;19;11;8;41,1
19570006679000;3;2;1;0,0
19570006680000;2;1;1;0,0
19570006682000;5;2;3;42,4
19570006691000;24;14;10;45,3
19570006692000;139;68;71;36,5
19570006693000;4;2;2;0,0
19570006700000;10;6;4;58,1
19570006701000;108;54;54;32,7
19570006702000;488;249;239;34,1
19570006703000;238;130;108;35,8
19570006704000;16;8;8;44,1
19570006717000;6;4;2;47,8
19570006718000;16;9;7;64,2
19570006724000;6;3;3;37,7
19570006725000;162;83;79;32,4
19570006726000;5;2;3;45,6
19570006727000;53;22;31;36,3
19570006728000;2;1;1;0,0
19570006729000;53;29;24;42,5
19570006730000;234;131;103;34,7
19570006731000;840;447;393;35,5
19570006732000;905;452;453;34,2
19570006733000;7;2;5;33,6
19570006735000;77;41;36;34,0
19570006736000;19;12;7;28,9
19570006741000;6;4;2;53,3
19570006742000;168;79;89;34,1
19570006743000;259;131;128;27,0
19570006744000;211;116;95;32,5
19570006745000;7;5;2;30,3
19570006747000;7;4;3;42,7
19570006748000;52;23;29;42,2
19570006749000;203;110;93;27,9
19570006750000;45;18;27;37,8
19570006752000;43;21;22;37,9
19570006753000;42;20;22;39,3
19570006754000;7;2;5;41,1
19570006755000;23;11;12;39,4
19570006756000;6;3;3;63,7
19570006758000;1;0;1;0,0
19570006759000;38;20;18;41,8
19570006760000;2;1;1;0,0
19570006762000;23;15;8;34,7
19570006763000;189;92;97;45,3
19570006764000;143;78;65;38,8
19570006766000;7;4;3;45,4
19570006768000;29;15;14;43,6
19570006769000;99;49;50;41,8
19570006770000;20;10;10;35,0
19570006771000;62;39;23;44,2
19570006772000;5;3;2;40,6
19570006778000;6;2;4;32,7
19570006779000;18;10;8;44,7
19570006780000;70;37;33;36,8
19570006781000;64;31;33;34,8
19570006782000;44;22;22;36,0
19570006783000;40;16;24;42,8
19570006787000;3;2;1;0,0
19570006791000;21;10;11;38,9
19570006792000;40;21;19;47,2
19570006793000;3;2;1;0,0
19570006795000;1;1;0;0,0
19570006798000;3;0;3;0,0
19570006802000;3;2;1;0,0
19570006811000;3;2;1;0,0
19570006815000;27;12;15;40,6
19570006816000;12;5;7;45,7
19570006817000;1;1;0;0,0
19570006818000;7;5;2;58,6
19570006819000;4;2;2;0,0
19570006820000;1;1;0;0,0
19570006823000;2;1;1;0,0
19570006824000;2;1;1;0,0
19580006526000;4;2;2;0,0
19580006527000;9;5;4;52,1
19580006528000;20;11;9;33,4
19580006529000;57;30;27;38,4
19580006530000;44;21;23;37,8
19580006531000;34;15;19;35,0
19580006532000;22;11;11;44,2
19580006533000;68;34;34;38,2
19580006534000;365;193;172;39,1
19580006535000;1275;642;633;36,6
19580006536000;33;21;12;37,3
19580006537000;26;13;13;42,3
19580006538000;26;17;9;34,4
19580006539000;1739;885;854;28,6
19580006540000;2802;1409;1393;37,8
19580006541000;532;281;251;36,6
19580006542000;36;17;19;39,6
19580006543000;50;28;22;38,2
19580006544000;23;13;10;31,9
19580006545000;42;21;21;32,2
19580006546000;27;13;14;31,9
19580006547000;130;67;63;42,3
19580006548000;470;242;228;33,8
19580006549000;371;189;182;34,5
19580006550000;35;23;12;48,3
19580006551000;80;37;43;37,9
19580006552000;612;295;317;35,9
19580006553000;1015;511;504;29,2
19580006554000;1841;916;925;34,7
19580006555000;58;31;27;34,8
19580006556000;155;92;63;34,8
19580006557000;35;18;17;39,5
19580006558000;8;3;5;60,8
19580006559000;107;51;56;33,4
19580006560000;961;477;484;32,1
19580006561000;112;61;51;31,4
19580006562000;73;38;35;45,7
19580006563000;72;37;35;35,4
19580006564000;6;3;3;54,8
19580006566000;11;6;5;41,5
19580006567000;57;24;33;39,9
19580006568000;30;15;15;30,6
19580006570000;101;49;52;47,9
19580006571000;1229;634;595;39,6
19580006572000;453;211;242;31,5
19580006602000;9;7;2;40,8
19580006603000;26;15;11;44,6
19580006607000;3;1;2;0,0
19580006609000;9;5;4;44,8
19580006610000;168;85;83;36,0
19580006611000;55;31;24;42,2
19580006612000;20;10;10;28,7
19580006613000;276;148;128;30,3
19580006614000;9;4;5;25,0
19580006617000;10;5;5;48,8
19580006619000;12;5;7;39,3
19580006620000;6;2;4;20,8
19580006624000;4;1;3;0,0
19580006626000;195;89;106;61,4
19580006635000;3;2;1;0,0
19580006637000;4;3;1;0,0
19580006638000;24;13;11;33,7
19580006640000;70;39;31;39,2
19580006641000;18;10;8;40,3
19580006642000;10;7;3;22,4
19580006646000;9;3;6;29,2
19580006649000;32;15;17;48,0
19580006650000;106;54;52;42,2
19580006651000;16;10;6;45,3
19580006656000;331;168;163;35,0
19580006657000;305;155;150;39,8
19580006658000;73;39;34;33,1
19580006659000;66;37;29;38,7
19580006660000;26;13;13;31,2
19580006661000;6;3;3;38,5
19580006670000;19;11;8;25,8
19580006671000;26;13;13;40,8
19580006672000;6;4;2;36,7
19580006674000;9;6;3;37,6
19580006675000;114;61;53;36,0
19580006676000;17;9;8;28,2
19580006677000;1;1;0;0,0
19580006678000;18;8;10;39,0
19580006679000;11;5;6;60,4
19580006680000;42;21;21;41,1
19580006681000;494;264;230;33,6
19580006682000;58;32;26;36,5
19580006684000;3;2;1;0,0
19580006691000;19;12;7;42,8
19580006692000;47;23;24;42,1
19580006693000;9;4;5;28,4
19580006696000;11;5;6;33,4
19580006697000;14;7;7;50,2
19580006698000;55;33;22;44,2
19580006699000;14;8;6;38,9
19580006700000;198;104;94;36,1
19580006701000;421;211;210;36,6
19580006702000;49;20;29;32,8
19580006703000;55;27;28;33,2
19580006704000;4;4;0;0,0
19580006725000;66;33;33;30,2
19580006726000;68;37;31;33,7
19580006727000;172;88;84;33,8
19580006728000;258;126;132;32,9
19580006729000;6;4;2;56,2
19580006730000;310;162;148;33,6
19580006731000;310;146;164;35,8
19580006732000;679;351;328;36,6
19580006733000;229;125;104;36,7
19580006734000;1137;596;541;37,5
19580006735000;445;217;228;36,4
19580006737000;138;75;63;34,2
19580006738000;320;167;153;40,6
19580006739000;566;286;280;33,8
19580006741000;321;166;155;27,4
19580006742000;975;493;482;28,6
19580006743000;422;219;203;27,1
19580006744000;84;45;39;43,0
19580006745000;4;1;3;0,0
19580006747000;2;1;1;0,0
19580006750000;14;7;7;47,1
19580006752000;124;64;60;34,7
19580006754000;6;5;1;33,0
19580006760000;12;7;5;45,7
19580006761000;24;15;9;47,9
19580006762000;62;34;28;44,9
19580006763000;27;16;11;56,4
19580006764000;25;12;13;47,5
19580006765000;23;12;11;44,5
19580006766000;24;13;11;42,1
19580006767000;18;12;6;33,6
19580006768000;77;38;39;41,5
19580006769000;42;19;23;32,0
19580006770000;4;2;2;0,0
19580006778000;8;6;2;70,4
19580006779000;8;4;4;27,9
19580006780000;24;12;12;41,8
19580006781000;88;59;29;33,4
19580006783000;2;2;0;0,0
19580006787000;32;16;16;39,6
19580006794000;2;1;1;0,0
19580006796000;5;3;2;12,8
19580006797000;2;1;1;0,0
19580006798000;2;1;1;0,0
19580006804000;3;2;1;0,0
19580006805000;10;6;4;40,8
19580006818000;6;3;3;43,5
19580006820000;2;0;2;0,0
19580006823000;1;0;1;0,0
19580006824000;12;6;6;54,8
19580006828000;23;11;12;35,6
19580006867000;2;1;1;0,0
19580006868000;8;5;3;32,3
19590006526000;27;14;13;42,3
19590006527000;14;8;6;31,9
19590006528000;23;17;6;42,3
19590006529000;1714;871;843;35,4
19590006530000;105;47;58;36,0
19590006531000;16;9;7;39,1
19590006532000;1;1;0;0,0
19590006533000;24;12;12;35,0
19590006534000;50;29;21;37,6
19590006535000;42;25;17;32,3
19590006536000;26;15;11;30,2
19590006537000;26;14;12;32,3
19590006538000;15;5;10;43,9
19590006539000;891;445;446;28,9
19590006540000;129;67;62;35,1
19590006541000;43;22;21;39,7
19590006542000;7;1;6;27,3
19590006543000;23;13;10;45,0
19590006544000;109;62;47;32,1
19590006545000;123;64;59;25,0
19590006546000;71;40;31;35,7
19590006547000;1836;912;924;39,5
19590006548000;2686;1365;1321;39,9
19590006549000;1275;641;634;30,8
19590006550000;57;31;26;34,3
19590006551000;12;6;6;40,4
19590006552000;2905;1473;1432;38,4
19590006553000;1154;602;552;36,6
19590006554000;507;259;248;25,6
19590006555000;32;18;14;43,0
19590006556000;49;29;20;32,1
19590006557000;46;23;23;35,9
19590006558000;25;14;11;40,6
19590006559000;15;6;9;40,8
19590006560000;93;44;49;37,7
19590006561000;121;66;55;40,1
19590006562000;152;77;75;30,8
19590006563000;49;30;19;39,2
19590006564000;19;14;5;40,5
19590006565000;80;41;39;41,2
19590006566000;77;39;38;36,9
19590006567000;162;78;84;34,2
19590006568000;80;49;31;35,6
19590006570000;410;208;202;37,2
19590006571000;2802;1431;1371;37,4
19590006572000;128;72;56;37,6
19590006573000;35;14;21;42,3
19590006576000;70;41;29;39,7
19590006577000;74;34;40;39,4
19590006578000;46;23;23;34,3
19590006579000;78;36;42;41,6
19590006612000;9;3;6;35,8
19590006613000;2;2;0;0,0
19590006614000;92;50;42;36,4
19590006615000;11;7;4;38,7
19590006616000;26;14;12;31,4
19590006617000;40;22;18;36,8
19590006618000;11;6;5;45,5
19590006619000;25;13;12;38,6
19590006620000;44;20;24;42,8
19590006621000;146;85;61;30,6
19590006622000;15;7;8;39,8
19590006623000;14;4;10;50,1
19590006624000;5;4;1;49,4
19590006625000;142;72;70;41,3
19590006626000;337;164;173;47,4
19590006627000;12;8;4;32,5
19590006633000;6;1;5;25,0
19590006638000;16;10;6;36,3
19590006639000;55;28;27;32,3
19590006640000;42;19;23;43,0
19590006641000;26;13;13;31,8
19590006642000;82;46;36;41,1
19590006645000;13;4;9;30,0
19590006650000;88;49;39;38,2
19590006651000;37;17;20;44,3
19590006656000;90;37;53;33,1
19590006657000;267;126;141;47,2
19590006658000;11;7;4;32,5
19590006659000;12;4;8;29,3
19590006660000;12;4;8;40,7
19590006666000;17;12;5;42,8
19590006667000;16;5;11;32,0
19590006670000;161;83;78;33,4
19590006671000;9;4;5;27,4
19590006675000;12;5;7;35,8
19590006676000;139;71;68;40,4
19590006677000;85;41;44;35,1
19590006678000;23;11;12;39,0
19590006679000;2;1;1;0,0
19590006680000;30;16;14;34,8
19590006681000;217;97;120;41,9
19590006682000;57;39;18;55,1
19590006683000;4;1;3;0,0
19590006686000;22;13;9;47,5
19590006693000;73;33;40;38,5
19590006699000;70;31;39;41,9
19590006700000;86;39;47;33,8
19590006718000;25;14;11;43,1
19590006721000;4;1;3;0,0
19590006722000;60;30;30;41,8
19590006723000;60;36;24;34,7
19590006724000;5;3;2;32,8
19590006726000;4;3;1;0,0
19590006727000;165;81;84;35,6
19590006728000;48;25;23;44,3
19590006729000;216;121;95;38,3
19590006730000;384;186;198;37,4
19590006731000;269;131;138;37,3
19590006732000;864;420;444;30,1
19590006733000;669;341;328;36,3
19590006735000;646;337;309;34,2
19590006736000;160;86;74;35,0
19590006737000;917;481;436;34,6
19590006738000;77;41;36;47,2
19590006739000;327;169;158;31,7
19590006741000;155;80;75;39,1
19590006742000;416;186;230;40,3
19590006743000;453;202;251;43,4
19590006744000;5;3;2;25,6
19590006746000;68;36;32;39,8
19590006747000;32;19;13;42,6
19590006748000;70;38;32;34,4
19590006750000;3;1;2;0,0
19590006751000;124;59;65;36,4
19590006752000;89;49;40;32,1
19590006754000;21;12;9;36,9
19590006760000;12;4;8;46,6
19590006761000;11;5;6;37,7
19590006762000;45;26;19;49,8
19590006763000;14;7;7;36,2
19590006764000;48;21;27;35,6
19590006765000;11;7;4;46,6
19590006773000;4;2;2;0,0
19590006775000;6;3;3;15,0
19590006776000;113;58;55;32,8
19590006777000;9;5;4;58,2
19590006779000;85;36;49;29,6
19590006780000;19;10;9;44,2
19590006787000;4;3;1;0,0
19590006795000;1;1;0;0,0
19590006796000;1;0;1;0,0
19590006814000;3;1;2;0,0
19590006815000;3;2;1;0,0
19590006828000;2;1;1;0,0
19590006867000;26;15;11;49,4
19590006868000;30;20;10;50,1
19590006870000;2;1;1;0,0
19600006526000;28;18;10;40,9
19600006527000;7;4;3;21,4
19600006528000;44;23;21;37,4
19600006529000;247;127;120;34,8
19600006530000;74;38;36;42,6
19600006531000;11;8;3;42,1
19600006532000;37;18;19;31,2
19600006533000;8;3;5;42,5
19600006534000;7;3;4;51,7
19600006535000;3;2;1;0,0
19600006536000;14;10;4;31,9
19600006537000;30;17;13;28,2
19600006538000;22;11;11;39,5
19600006539000;27;13;14;33,6
19600006540000;14;8;6;49,4
19600006541000;50;30;20;24,2
19600006542000;28;15;13;29,9
19600006543000;29;19;10;40,4
19600006544000;51;31;20;34,6
19600006545000;16;11;5;33,4
19600006546000;176;89;87;39,9
19600006547000;2538;1292;1246;32,9
19600006548000;1353;667;686;39,6
19600006549000;124;62;62;37,4
19600006550000;56;26;30;37,3
19600006551000;97;58;39;31,9
19600006552000;338;179;159;36,8
19600006553000;46;23;23;36,0
19600006554000;72;39;33;41,4
19600006555000;14;9;5;36,4
19600006556000;37;20;17;44,8
19600006557000;34;18;16;33,6
19600006558000;25;14;11;42,6
19600006559000;51;34;17;39,5
19600006560000;11;5;6;37,5
19600006561000;76;45;31;36,5
19600006562000;62;33;29;41,3
19600006563000;33;22;11;37,5
19600006564000;2;1;1;0,0
19600006565000;260;125;135;34,1
19600006566000;148;80;68;34,3
19600006567000;24;12;12;42,0
19600006568000;117;62;55;32,3
19600006569000;956;497;459;34,7
19600006570000;350;178;172;35,8
19600006571000;60;34;26;37,7
19600006572000;239;123;116;34,9
19600006573000;563;297;266;34,3
19600006574000;2408;1179;1229;35,0
19600006575000;30;17;13;33,9
19600006576000;76;37;39;40,2
19600006577000;83;46;37;39,2
19600006578000;117;66;51;38,0
19600006579000;115;63;52;34,2
19600006580000;34;22;12;29,9
19600006581000;40;16;24;40,9
19600006589000;2;1;1;0,0
19600006610000;4;1;3;0,0
19600006612000;1;1;0;0,0
19600006613000;6;2;4;22,7
19600006614000;2;1;1;0,0
19600006615000;74;38;36;41,4
19600006616000;37;22;15;39,4
19600006617000;3;2;1;0,0
19600006619000;3;2;1;0,0
19600006620000;43;24;19;41,2
19600006621000;77;44;33;35,5
19600006622000;75;38;37;28,2
19600006623000;96;46;50;31,2
19600006625000;564;297;267;24,7
19600006626000;300;154;146;35,5
19600006627000;43;18;25;41,0
19600006628000;1;0;1;0,0
19600006629000;38;14;24;40,4
19600006630000;48;26;22;43,5
19600006631000;5;3;2;37,8
19600006632000;7;4;3;68,9
19600006635000;27;15;12;35,2
19600006636000;32;16;16;34,5
19600006637000;42;20;22;51,3
19600006638000;11;4;7;35,1
19600006639000;14;9;5;51,7
19600006640000;17;8;9;30,4
19600006641000;9;3;6;40,9
19600006642000;5;2;3;23,0
19600006643000;5;3;2;27,4
19600006644000;15;9;6;42,5
19600006647000;32;17;15;34,5
19600006648000;77;45;32;35,5
19600006649000;29;13;16;34,9
19600006650000;4;2;2;0,0
19600006656000;18;10;8;44,1
19600006657000;198;109;89;38,6
19600006659000;5;2;3;24,6
19600006665000;276;137;139;35,5
19600006666000;174;93;81;33,5
19600006667000;73;39;34;38,8
19600006669000;14;8;6;65,8
19600006675000;55;22;33;38,3
19600006676000;52;32;20;39,0
19600006677000;2;1;1;0,0
19600006678000;43;16;27;46,6
19600006679000;111;53;58;39,2
19600006680000;52;26;26;40,3
19600006681000;159;78;81;37,6
19600006682000;567;289;278;38,8
19600006683000;3;1;2;0,0
19600006685000;13;5;8;46,8
19600006686000;47;26;21;43,2
19600006687000;6;3;3;43,3
19600006688000;8;3;5;39,9
19600006693000;1;1;0;0,0
19600006694000;12;6;6;55,8
19600006696000;15;9;6;44,5
19600006698000;2;1;1;0,0
19600006699000;22;10;12;34,3
19600006700000;36;17;19;32,9
19600006719000;72;39;33;39,5
19600006721000;225;105;120;35,9
19600006722000;108;58;50;41,6
19600006723000;63;38;25;37,4
19600006724000;286;153;133;41,1
19600006725000;6;3;3;44,7
19600006726000;124;70;54;38,5
19600006727000;5;3;2;61,0
19600006728000;952;477;475;37,8
19600006729000;1043;522;521;38,3
19600006730000;297;158;139;34,9
19600006731000;61;28;33;35,4
19600006732000;534;274;260;33,8
19600006733000;1713;876;837;35,3
19600006734000;28;12;16;35,5
19600006735000;168;86;82;34,6
19600006736000;873;444;429;33,7
19600006737000;437;194;243;38,9
19600006738000;100;48;52;42,5
19600006739000;1244;627;617;29,8
19600006740000;315;156;159;41,3
19600006741000;542;275;267;35,3
19600006742000;176;95;81;35,9
19600006743000;73;36;37;36,4
19600006746000;7;4;3;47,1
19600006747000;85;40;45;40,2
19600006748000;7;4;3;25,9
19600006750000;259;129;130;31,6
19600006751000;42;19;23;48,7
19600006752000;51;22;29;37,7
19600006753000;16;10;6;31,0
19600006754000;48;25;23;33,0
19600006757000;58;32;26;32,9
19600006758000;2;1;1;0,0
19600006761000;10;5;5;54,0
19600006763000;66;31;35;31,0
19600006764000;30;17;13;48,1
19600006773000;2;1;1;0,0
19600006775000;9;6;3;20,4
19600006776000;68;36;32;39,7
19600006777000;26;16;10;44,7
19600006779000;27;9;18;40,2
19600006794000;48;25;23;34,8
19600006796000;13;6;7;32,2
19600006804000;4;3;1;0,0
19600006818000;2;1;1;0,0
19600006819000;3;2;1;0,0
19600006820000;5;3;2;46,4
19600006843000;14;8;6;42,2
19600006844000;33;19;14;31,2
19600006867000;14;7;7;45,4
19600006868000;9;5;4;46,2
19600006870000;21;10;11;49,8
19610006526000;215;109;106;34,1
19610006527000;12;8;4;51,8
19610006528000;263;146;117;29,1
19610006529000;50;28;22;34,7
19610006530000;12;6;6;44,3
19610006532000;8;3;5;52,9
19610006533000;6;5;1;41,2
19610006534000;15;7;8;18,5
19610006535000;10;4;6;31,8
19610006536000;31;15;16;30,9
19610006537000;13;8;5;23,7
19610006540000;6;3;3;35,8
19610006541000;21;11;10;36,7
19610006542000;16;8;8;57,3
19610006543000;2;1;1;0,0
19610006544000;39;19;20;41,3
19610006545000;32;18;14;32,1
19610006546000;18;11;7;36,1
19610006547000;641;337;304;26,8
19610006548000;73;35;38;33,0
19610006550000;16;8;8;39,0
19610006551000;196;95;101;30,0
19610006552000;693;356;337;33,2
19610006553000;30;16;14;43,0
19610006554000;43;22;21;38,5
19610006555000;34;20;14;32,4
19610006556000;40;19;21;32,2
19610006557000;52;27;25;36,1
19610006558000;115;62;53;31,1
19610006559000;70;34;36;32,1
19610006560000;40;24;16;47,8
19610006561000;52;29;23;33,9
19610006562000;29;16;13;47,6
19610006563000;20;9;11;36,2
19610006564000;5;5;0;32,2
19610006565000;26;8;18;64,9
19610006566000;108;57;51;30,9
19610006568000;4;3;1;0,0
19610006569000;59;35;24;35,6
19610006570000;33;16;17;31,5
19610006571000;31;14;17;55,6
19610006572000;68;28;40;49,0
19610006573000;2320;1143;1177;37,9
19610006574000;1378;692;686;38,0
19610006575000;1101;573;528;38,4
19610006576000;1003;495;508;35,4
19610006577000;1123;571;552;35,9
19610006578000;520;270;250;35,2
19610006579000;70;42;28;41,9
19610006580000;95;50;45;41,7
19610006581000;14;7;7;45,0
19610006588000;30;18;12;44,4
19610006589000;11;6;5;26,5
19610006591000;2;1;1;0,0
19610006609000;14;9;5;33,9
19610006610000;27;11;16;48,5
19610006611000;36;15;21;38,2
19610006612000;22;11;11;33,8
19610006616000;14;8;6;42,7
19610006622000;54;25;29;38,1
19610006623000;5;3;2;20,0
19610006624000;3;2;1;0,0
19610006626000;59;30;29;34,3
19610006630000;10;5;5;45,6
19610006632000;3;2;1;0,0
19610006636000;7;2;5;36,1
19610006637000;7;3;4;31,6
19610006638000;2;1;1;0,0
19610006639000;76;35;41;30,3
19610006642000;9;4;5;50,4
19610006643000;26;13;13;39,0
19610006644000;9;4;5;62,9
19610006645000;2;2;0;0,0
19610006647000;4;3;1;0,0
19610006651000;5;4;1;52,6
19610006664000;307;160;147;30,9
19610006665000;513;281;232;37,9
19610006666000;401;211;190;35,2
19610006668000;4;2;2;0,0
19610006675000;7;1;6;35,4
19610006676000;6;5;1;37,5
19610006679000;5;3;2;18,2
19610006681000;30;15;15;32,9
19610006682000;64;32;32;48,1
19610006684000;9;4;5;60,3
19610006685000;15;7;8;59,1
19610006686000;10;6;4;37,9
19610006687000;24;10;14;46,3
19610006696000;12;7;5;44,3
19610006697000;5;2;3;70,8
19610006718000;62;34;28;38,3
19610006719000;340;175;165;36,2
19610006720000;919;462;457;36,6
19610006721000;269;132;137;37,4
19610006722000;114;60;54;39,9
19610006723000;55;26;29;44,5
19610006726000;267;146;121;34,2
19610006727000;107;50;57;37,2
19610006728000;126;69;57;38,3
19610006729000;200;111;89;33,6
19610006730000;495;247;248;40,3
19610006731000;703;356;347;35,4
19610006732000;150;76;74;44,5
19610006733000;982;489;493;35,0
19610006734000;1539;771;768;40,2
19610006735000;101;49;52;39,4
19610006736000;979;490;489;31,7
19610006737000;337;164;173;28,7
19610006738000;539;275;264;35,8
19610006739000;482;263;219;31,5
19610006740000;4;3;1;0,0
19610006747000;96;52;44;40,4
19610006750000;510;261;249;29,3
19610006751000;35;15;20;43,9
19610006752000;104;54;50;37,6
19610006753000;10;7;3;14,2
19610006757000;38;21;17;50,8
19610006758000;2;1;1;0,0
19610006759000;4;2;2;0,0
19610006760000;6;2;4;44,5
19610006761000;29;12;17;44,2
19610006762000;101;57;44;38,7
19610006763000;75;39;36;36,3
19610006765000;18;9;9;35,4
19610006766000;9;7;2;28,7
19610006767000;1;1;0;0,0
19610006768000;15;9;6;50,8
19610006769000;10;8;2;27,7
19610006772000;4;3;1;0,0
19610006773000;6;4;2;55,7
19610006774000;10;6;4;45,5
19610006775000;15;7;8;48,8
19610006776000;29;15;14;47,3
19610006778000;10;4;6;50,7
19610006779000;36;19;17;45,0
19610006791000;1;0;1;0,0
19610006794000;7;5;2;36,4
19610006795000;1;1;0;0,0
19610006796000;1;1;0;0,0
19610006804000;5;2;3;38,6
19610006823000;1;1;0;0,0
19610006842000;8;6;2;69,8
19610006843000;31;15;16;51,9
19610006844000;12;7;5;47,9
19610006868000;5;2;3;53,6
19610006873000;7;4;3;51,1
19610006874000;67;33;34;41,4
19610006876000;2;1;1;0,0
19620006525000;43;23;20;36,4
19620006526000;215;109;106;41,3
19620006527000;7;4;3;35,9
19620006528000;317;164;153;23,8
19620006529000;22;13;9;38,9
19620006530000;2;1;1;0,0
19620006531000;4;2;2;0,0
19620006532000;11;7;4;36,0
19620006533000;21;10;11;33,1
19620006534000;15;8;7;33,6
19620006535000;34;18;16;38,8
19620006536000;15;8;7;29,6
19620006537000;29;12;17;31,3
19620006539000;11;5;6;31,1
19620006540000;8;4;4;34,3
19620006541000;14;7;7;38,2
19620006542000;30;16;14;37,8
19620006543000;15;8;7;44,4
19620006544000;56;27;29;39,3
19620006545000;25;12;13;47,8
19620006546000;62;26;36;40,6
19620006547000;39;17;22;44,8
19620006548000;40;19;21;42,0
19620006549000;17;8;9;39,4
19620006551000;5;2;3;31,2
19620006552000;760;387;373;32,3
19620006553000;352;188;164;31,0
19620006554000;33;19;14;34,5
19620006555000;95;55;40;37,3
19620006556000;32;16;16;41,4
19620006557000;54;26;28;36,4
19620006558000;92;46;46;32,6
19620006559000;99;51;48;37,6
19620006560000;6;3;3;56,0
19620006561000;62;33;29;39,2
19620006562000;49;23;26;29,5
19620006563000;67;38;29;37,2
19620006564000;2392;1222;1170;35,7
19620006565000;2100;1019;1081;45,3
19620006566000;617;319;298;35,6
19620006567000;476;245;231;34,3
19620006570000;1066;561;505;37,4
19620006571000;643;334;309;38,8
19620006572000;1373;706;667;33,5
19620006573000;1359;685;674;33,2
19620006574000;46;27;19;37,8
19620006575000;47;23;24;39,0
19620006576000;128;64;64;41,0
19620006577000;1520;732;788;39,0
19620006578000;627;301;326;38,0
19620006579000;81;46;35;39,3
19620006580000;10;5;5;55,8
19620006588000;124;61;63;34,8
19620006589000;16;8;8;42,1
19620006591000;35;16;19;42,4
19620006592000;16;6;10;37,8
19620006608000;2;1;1;0,0
19620006609000;14;8;6;40,0
19620006610000;4;2;2;0,0
19620006614000;5;3;2;31,0
19620006615000;8;4;4;55,9
19620006616000;23;11;12;36,1
19620006622000;60;32;28;40,0
19620006623000;3;2;1;0,0
19620006624000;5;3;2;19,8
19620006626000;17;8;9;49,4
19620006628000;6;3;3;38,2
19620006629000;5;3;2;29,6
19620006635000;3;2;1;0,0
19620006637000;8;4;4;36,0
19620006638000;2;1;1;0,0
19620006639000;9;4;5;41,7
19620006645000;33;17;16;49,3
19620006646000;37;18;19;30,9
19620006650000;8;2;6;35,5
19620006651000;48;27;21;41,1
19620006652000;7;3;4;45,1
19620006653000;1;0;1;0,0
19620006661000;33;15;18;44,3
19620006662000;5;3;2;71,0
19620006664000;246;123;123;33,9
19620006665000;500;263;237;40,2
19620006666000;832;413;419;33,3
19620006686000;12;9;3;34,7
19620006715000;3;1;2;0,0
19620006718000;110;53;57;40,3
19620006719000;440;226;214;39,1
19620006720000;712;357;355;36,0
19620006721000;411;202;209;35,5
19620006722000;409;205;204;39,6
19620006723000;327;175;152;37,9
19620006725000;4;2;2;0,0
19620006726000;541;274;267;36,9
19620006727000;51;26;25;37,5
19620006728000;472;233;239;39,0
19620006729000;886;431;455;38,7
19620006730000;2063;1037;1026;37,0
19620006731000;3035;1474;1561;39,0
19620006732000;2125;1040;1085;40,7
19620006733000;2706;1304;1402;40,0
19620006734000;2905;1437;1468;38,6
19620006735000;292;151;141;46,9
19620006736000;687;340;347;38,8
19620006737000;1612;826;786;40,3
19620006738000;590;276;314;41,6
19620006740000;61;34;27;46,0
19620006741000;894;466;428;33,6
19620006742000;11;6;5;31,1
19620006743000;15;10;5;40,7
19620006744000;66;32;34;41,3
19620006745000;115;53;62;36,4
19620006746000;161;83;78;37,7
19620006747000;38;21;17;31,9
19620006748000;128;65;63;28,4
19620006749000;28;14;14;30,5
19620006750000;30;15;15;39,2
19620006751000;76;38;38;34,3
19620006752000;41;18;23;33,6
19620006753000;24;11;13;40,0
19620006754000;5;2;3;50,8
19620006755000;27;15;12;38,0
19620006756000;9;5;4;27,0
19620006759000;29;19;10;36,8
19620006760000;148;75;73;34,7
19620006761000;47;26;21;42,0
19620006762000;7;4;3;43,3
19620006764000;12;5;7;50,2
19620006765000;30;18;12;46,5
19620006766000;36;16;20;48,7
19620006767000;23;11;12;20,4
19620006768000;32;15;17;34,3
19620006771000;3;2;1;0,0
19620006773000;2;1;1;0,0
19620006774000;19;11;8;50,2
19620006776000;6;3;3;77,5
19620006777000;39;20;19;46,0
19620006791000;7;4;3;59,0
19620006795000;2;1;1;0,0
19620006799000;1;1;0;0,0
19620006801000;17;10;7;32,2
19620006802000;1;0;1;0,0
19620006804000;1;0;1;0,0
19620006823000;3;2;1;0,0
19620006824000;1;0;1;0,0
19620006834000;12;8;4;46,5
19620006867000;11;7;4;42,1
19620006873000;5;3;2;59,0
19630006525000;6;3;3;50,3
19630006526000;25;13;12;37,1
19630006527000;25;13;12;33,8
19630006529000;27;14;13;34,4
19630006535000;23;10;13;45,3
19630006536000;5;2;3;48,6
19630006538000;6;1;5;34,0
19630006539000;13;8;5;49,2
19630006541000;47;26;21;39,8
19630006542000;29;14;15;35,5
19630006543000;23;12;11;47,9
19630006544000;11;4;7;36,5
19630006545000;26;12;14;30,7
19630006546000;7;2;5;36,9
19630006547000;53;27;26;43,3
19630006548000;30;14;16;36,5
19630006549000;19;9;10;42,6
19630006550000;40;18;22;31,0
19630006551000;25;15;10;31,4
19630006552000;4;2;2;0,0
19630006553000;171;79;92;39,6
19630006554000;26;15;11;47,2
19630006555000;96;51;45;32,9
19630006556000;125;66;59;39,0
19630006557000;141;70;71;37,2
19630006558000;40;19;21;46,9
19630006559000;143;77;66;39,0
19630006560000;9;4;5;51,3
19630006561000;62;37;25;38,2
19630006562000;59;28;31;34,8
19630006563000;27;14;13;41,9
19630006564000;2857;1440;1417;27,6
19630006565000;621;330;291;35,9
19630006566000;192;95;97;36,3
19630006567000;1755;893;862;37,2
19630006568000;27;13;14;35,7
19630006570000;135;66;69;42,6
19630006571000;846;439;407;36,4
19630006572000;1023;501;522;38,6
19630006573000;36;15;21;49,5
19630006574000;465;241;224;30,7
19630006575000;180;104;76;42,2
19630006576000;118;64;54;33,9
19630006577000;514;256;258;33,7
19630006578000;849;436;413;34,8
19630006579000;209;114;95;34,9
19630006588000;99;55;44;40,1
19630006589000;3;1;2;0,0
19630006591000;250;133;117;29,3
19630006592000;72;36;36;42,4
19630006609000;1;1;0;0,0
19630006612000;10;6;4;41,9
19630006613000;4;2;2;0,0
19630006615000;19;7;12;34,1
19630006617000;9;4;5;27,7
19630006618000;18;9;9;37,6
19630006619000;5;3;2;18,6
19630006620000;7;4;3;55,6
19630006621000;8;4;4;64,9
19630006622000;11;6;5;51,5
19630006623000;26;15;11;41,5
19630006624000;5;3;2;46,6
19630006625000;11;6;5;43,3
19630006626000;4;2;2;0,0
19630006628000;4;2;2;0,0
19630006630000;43;21;22;33,7
19630006632000;12;6;6;33,3
19630006634000;3;1;2;0,0
19630006635000;16;8;8;31,9
19630006639000;5;3;2;66,8
19630006644000;13;6;7;25,0
19630006646000;256;127;129;39,8
19630006647000;188;98;90;29,3
19630006649000;16;9;7;43,2
19630006650000;16;8;8;45,1
19630006651000;5;4;1;44,2
19630006652000;51;30;21;36,8
19630006653000;58;30;28;38,8
19630006654000;2;0;2;0,0
19630006663000;165;76;89;27,3
19630006664000;348;170;178;34,1
19630006666000;248;135;113;36,9
19630006667000;38;25;13;29,3
19630006686000;16;9;7;35,4
19630006692000;37;18;19;44,2
19630006715000;70;39;31;40,1
19630006716000;319;175;144;40,2
19630006717000;89;54;35;39,7
19630006720000;77;40;37;41,4
19630006721000;239;133;106;37,8
19630006722000;407;212;195;34,9
19630006723000;853;434;419;40,0
19630006724000;797;423;374;36,2
19630006725000;1564;760;804;34,4
19630006726000;652;323;329;38,0
19630006727000;623;312;311;39,0
19630006728000;1598;791;807;38,1
19630006729000;823;389;434;42,4
19630006730000;440;222;218;36,8
19630006731000;151;80;71;36,7
19630006733000;2;0;2;0,0
19630006734000;30;17;13;38,8
19630006735000;29;26;3;44,3
19630006736000;153;70;83;44,6
19630006737000;993;492;501;39,8
19630006738000;779;400;379;36,5
19630006739000;710;353;357;39,6
19630006740000;780;401;379;35,5
19630006741000;1191;595;596;33,2
19630006742000;139;72;67;44,5
19630006743000;190;110;80;40,3
19630006744000;538;272;266;42,0
19630006745000;400;197;203;35,2
19630006746000;4;2;2;0,0
19630006748000;116;60;56;37,8
19630006749000;63;37;26;39,8
19630006750000;91;50;41;45,6
19630006751000;66;36;30;36,1
19630006752000;21;14;7;41,6
19630006753000;11;6;5;23,5
19630006754000;67;45;22;32,7
19630006755000;6;5;1;36,0
19630006756000;12;6;6;43,5
19630006757000;82;43;39;41,0
19630006758000;61;27;34;39,0
19630006759000;45;26;19;46,0
19630006760000;344;185;159;34,7
19630006761000;11;11;0;43,4
19630006766000;12;4;8;40,8
19630006770000;6;2;4;44,2
19630006773000;13;6;7;55,6
19630006774000;3;1;2;0,0
19630006775000;19;9;10;57,1
19630006776000;27;14;13;54,0
19630006785000;2;1;1;0,0
19630006786000;47;20;27;34,8
19630006791000;13;5;8;36,5
19630006792000;3;1;2;0,0
19630006800000;1;0;1;0,0
19630006801000;141;70;71;36,1
19630006806000;16;8;8;42,2
19630006807000;7;3;4;47,6
19630006809000;7;4;3;65,1
19630006818000;6;4;2;58,7
19630006822000;2;1;1;0,0
19630006839000;21;12;9;52,5
19630006840000;8;2;6;31,5
19630006868000;1;1;0;0,0
19630006874000;1;1;0;0,0
19640006520000;21;12;9;55,6
19640006521000;329;172;157;38,1
19640006523000;2;1;1;0,0
19640006524000;10;4;6;37,5
19640006525000;7;4;3;41,6
19640006526000;20;10;10;48,8
19640006527000;31;12;19;35,3
19640006528000;28;18;10;30,1
19640006529000;13;4;9;28,3
19640006536000;4;2;2;0,0
19640006539000;5;3;2;56,0
19640006541000;18;11;7;47,3
19640006542000;20;11;9;46,9
19640006544000;14;5;9;25,3
19640006545000;7;5;2;34,9
19640006546000;14;9;5;47,9
19640006547000;1034;542;492;35,6
19640006548000;345;179;166;29,9
19640006550000;41;22;19;38,0
19640006551000;272;141;131;33,9
19640006552000;1121;580;541;32,2
19640006553000;1855;938;917;35,3
19640006554000;401;215;186;29,6
19640006555000;25;13;12;38,8
19640006556000;259;136;123;26,6
19640006557000;2673;1338;1335;31,4
19640006558000;907;431;476;36,2
19640006559000;1288;656;632;36,1
19640006560000;1174;579;595;30,4
19640006561000;93;49;44;36,0
19640006562000;83;44;39;43,7
19640006563000;39;22;17;39,3
19640006564000;30;14;16;42,9
19640006565000;13;7;6;51,5
19640006566000;41;25;16;37,9
19640006567000;696;367;329;36,2
19640006568000;376;203;173;33,3
19640006569000;78;43;35;39,0
19640006570000;823;405;418;40,3
19640006571000;2529;1271;1258;36,4
19640006572000;789;384;405;44,8
19640006574000;28;16;12;39,0
19640006575000;135;76;59;38,7
19640006576000;372;186;186;32,8
19640006577000;881;448;433;31,1
19640006578000;1131;595;536;36,5
19640006579000;6;3;3;26,8
19640006581000;202;111;91;32,4
19640006582000;7;4;3;43,9
19640006586000;52;29;23;43,1
19640006587000;13;7;6;43,2
19640006588000;53;25;28;41,9
19640006589000;1;0;1;0,0
19640006591000;44;25;19;37,2
19640006612000;4;3;1;0,0
19640006613000;2;1;1;0,0
19640006614000;6;3;3;29,3
19640006615000;9;5;4;24,3
19640006616000;2;1;1;0,0
19640006617000;3;1;2;0,0
19640006620000;6;3;3;38,3
19640006621000;5;2;3;15,6
19640006626000;57;32;25;40,6
19640006627000;11;4;7;33,1
19640006628000;5;3;2;51,2
19640006630000;18;10;8;44,4
19640006631000;22;8;14;36,3
19640006632000;16;10;6;34,3
19640006633000;1;1;0;0,0
19640006634000;22;12;10;35,5
19640006635000;10;7;3;47,8
19640006639000;1;1;0;0,0
19640006640000;13;8;5;59,5
19640006641000;3;2;1;0,0
19640006646000;28;18;10;34,4
19640006647000;10;7;3;31,9
19640006648000;3;2;1;0,0
19640006650000;4;3;1;0,0
19640006651000;1;1;0;0,0
19640006652000;12;7;5;52,8
19640006653000;33;19;14;44,6
19640006654000;21;11;10;48,9
19640006655000;32;18;14;47,7
19640006656000;26;14;12;48,0
19640006662000;596;307;289;27,9
19640006663000;303;153;150;28,0
19640006664000;177;102;75;29,0
19640006665000;10;4;6;39,0
19640006666000;39;21;18;28,3
19640006667000;23;12;11;41,0
19640006684000;12;6;6;62,3
19640006685000;31;18;13;36,7
19640006686000;4;3;1;0,0
19640006690000;1;1;0;0,0
19640006692000;5;2;3;66,6
19640006696000;4;2;2;0,0
19640006698000;6;2;4;55,2
19640006708000;57;30;27;39,8
19640006709000;57;31;26;41,0
19640006710000;1;1;0;0,0
19640006715000;4;3;1;0,0
19640006716000;17;8;9;40,9
19640006717000;102;55;47;38,0
19640006718000;130;60;70;41,0
19640006719000;124;62;62;37,4
19640006720000;123;63;60;37,0
19640006721000;41;20;21;34,6
19640006722000;105;55;50;46,1
19640006723000;203;114;89;41,4
19640006724000;1638;810;828;34,8
19640006725000;3359;1631;1728;33,5
19640006726000;1042;500;542;36,0
19640006727000;1265;648;617;37,8
19640006728000;1309;665;644;39,0
19640006729000;1793;879;914;40,4
19640006730000;300;146;154;48,4
19640006732000;1264;642;622;37,4
19640006733000;995;510;485;38,7
19640006734000;948;482;466;36,4
19640006736000;10;6;4;27,7
19640006737000;249;132;117;40,1
19640006738000;17;7;10;57,3
19640006742000;108;51;57;41,4
19640006747000;247;128;119;36,6
19640006748000;759;400;359;31,5
19640006749000;265;137;128;30,7
19640006750000;65;38;27;39,3
19640006751000;34;21;13;25,4
19640006752000;417;204;213;27,7
19640006753000;186;98;88;29,1
19640006755000;43;22;21;33,9
19640006756000;33;15;18;39,9
19640006757000;56;29;27;33,7
19640006758000;110;60;50;36,8
19640006759000;10;5;5;71,6
19640006760000;71;33;38;37,1
19640006761000;14;9;5;52,3
19640006762000;18;12;6;37,2
19640006763000;16;8;8;43,9
19640006764000;61;30;31;42,2
19640006765000;44;23;21;42,6
19640006766000;8;5;3;45,4
19640006769000;23;15;8;40,7
19640006770000;17;9;8;41,0
19640006772000;27;14;13;42,0
19640006773000;345;193;152;36,0
19640006774000;816;419;397;35,4
19640006775000;7;4;3;30,3
19640006777000;9;6;3;36,7
19640006785000;10;5;5;41,4
19640006786000;6;4;2;37,0
19640006787000;18;8;10;37,0
19640006788000;52;25;27;30,7
19640006789000;29;10;19;32,2
19640006790000;2;1;1;0,0
19640006791000;6;4;2;60,2
19640006800000;1;1;0;0,0
19640006801000;141;57;84;52,3
19640006806000;10;5;5;31,6
19640006809000;1;1;0;0,0
19640006831000;3;1;2;0,0
19640006832000;16;9;7;56,3
19640006839000;22;12;10;46,6
19640006840000;5;1;4;45,8
19640006888000;8;4;4;37,9
19650006519000;14;6;8;33,1
19650006520000;15;9;6;41,4
19650006521000;299;161;138;40,3
19650006522000;17;8;9;34,1
19650006523000;362;177;185;36,7
19650006524000;6;2;4;33,3
19650006527000;4;2;2;0,0
19650006528000;9;4;5;38,9
19650006529000;5;3;2;17,8
19650006530000;8;4;4;37,5
19650006535000;1;1;0;0,0
19650006536000;4;3;1;0,0
19650006539000;9;3;6;35,6
19650006541000;298;168;130;34,8
19650006542000;97;52;45;37,2
19650006543000;10;6;4;30,6
19650006544000;48;28;20;43,5
19650006545000;28;15;13;40,6
19650006546000;31;17;14;35,5
19650006547000;595;306;289;33,1
19650006548000;286;139;147;26,3
19650006551000;836;409;427;31,5
19650006552000;416;225;191;31,7
19650006553000;387;224;163;36,1
19650006554000;48;31;17;37,1
19650006555000;31;17;14;45,8
19650006556000;146;81;65;34,2
19650006557000;2042;1042;1000;36,3
19650006558000;2698;1325;1373;37,2
19650006559000;1875;930;945;36,0
19650006560000;3135;1595;1540;36,9
19650006561000;2294;1158;1136;33,9
19650006562000;1826;911;915;31,3
19650006563000;37;18;19;44,0
19650006564000;80;37;43;37,7
19650006565000;266;131;135;31,1
19650006566000;777;413;364;34,2
19650006567000;109;57;52;38,9
19650006568000;65;38;27;50,6
19650006569000;868;449;419;33,4
19650006570000;1504;762;742;38,9
19650006571000;4413;2067;2346;40,4
19650006572000;3106;1481;1625;39,1
19650006573000;2053;1007;1046;40,2
19650006574000;441;214;227;40,8
19650006575000;2382;1150;1232;34,7
19650006576000;3916;1971;1945;35,5
19650006577000;526;275;251;39,3
19650006581000;36;20;16;42,8
19650006582000;121;66;55;34,4
19650006583000;103;45;58;33,7
19650006585000;20;11;9;44,2
19650006586000;51;27;24;42,0
19650006587000;22;14;8;42,2
19650006589000;5;2;3;20,4
19650006590000;6;3;3;43,2
19650006591000;52;27;25;40,2
19650006592000;3;1;2;0,0
19650006613000;54;26;28;41,8
19650006614000;46;23;23;31,7
19650006624000;3;2;1;0,0
19650006625000;4;1;3;0,0
19650006626000;66;33;33;40,6
19650006627000;26;14;12;37,8
19650006628000;4;2;2;0,0
19650006631000;44;23;21;31,2
19650006632000;45;22;23;35,9
19650006633000;18;11;7;42,1
19650006634000;31;17;14;32,1
19650006635000;8;2;6;35,6
19650006637000;8;5;3;25,5
19650006641000;2;1;1;0,0
19650006642000;7;3;4;46,9
19650006643000;5;2;3;47,4
19650006644000;18;11;7;39,4
19650006654000;7;3;4;33,6
19650006655000;35;16;19;40,5
19650006656000;99;54;45;43,1
19650006657000;10;5;5;45,1
19650006662000;816;419;397;32,0
19650006663000;904;476;428;34,6
19650006665000;18;7;11;34,4
19650006666000;52;26;26;38,6
19650006667000;6;4;2;31,0
19650006684000;19;10;9;44,3
19650006687000;4;1;3;0,0
19650006689000;12;7;5;36,4
19650006690000;2;1;1;0,0
19650006692000;19;11;8;58,2
19650006693000;18;11;7;42,1
19650006697000;2;1;1;0,0
19650006705000;144;84;60;29,5
19650006706000;36;19;17;18,5
19650006708000;18;11;7;45,2
19650006709000;183;89;94;34,8
19650006710000;18;8;10;50,4
19650006711000;19;9;10;38,6
19650006718000;129;66;63;40,6
19650006719000;25;13;12;43,5
19650006720000;166;83;83;46,3
19650006721000;5;3;2;46,4
19650006722000;916;438;478;30,7
19650006723000;1099;539;560;30,7
19650006724000;3108;1495;1613;37,4
19650006725000;817;410;407;34,4
19650006726000;87;41;46;36,6
19650006727000;2782;1352;1430;39,8
19650006728000;3288;1612;1676;39,7
19650006729000;3830;1784;2046;41,9
19650006730000;3224;1525;1699;41,3
19650006731000;778;362;416;45,6
19650006733000;945;479;466;39,3
19650006734000;2382;1233;1149;38,1
19650006743000;29;15;14;41,4
19650006744000;654;334;320;42,1
19650006745000;41;22;19;36,4
19650006747000;23;9;14;28,8
19650006748000;1055;519;536;41,1
19650006749000;321;153;168;41,9
19650006750000;100;55;45;40,6
19650006751000;138;58;80;36,4
19650006752000;21;11;10;38,8
19650006754000;657;314;343;31,1
19650006755000;440;227;213;35,3
19650006756000;59;32;27;37,0
19650006757000;140;66;74;37,1
19650006758000;71;33;38;44,8
19650006759000;52;28;24;41,1
19650006760000;42;23;19;42,4
19650006761000;21;13;8;34,7
19650006762000;40;19;21;30,7
19650006763000;28;14;14;36,6
19650006764000;1;1;0;0,0
19650006767000;23;14;9;34,8
19650006770000;8;2;6;36,5
19650006772000;32;16;16;54,6
19650006773000;39;21;18;46,4
19650006774000;209;97;112;46,6
19650006775000;8;5;3;45,9
19650006777000;3;2;1;0,0
19650006785000;25;12;13;38,1
19650006789000;10;5;5;48,8
19650006790000;1;1;0;0,0
19650006791000;4;2;2;0,0
19650006800000;10;4;6;41,0
19650006801000;33;17;16;39,7
19650006802000;22;10;12;39,0
19650006809000;1;1;0;0,0
19650006810000;2;1;1;0,0
19650006828000;6;5;1;43,7
19650006829000;6;4;2;34,8
19650006831000;6;2;4;32,2
19650006832000;13;8;5;39,4
19650006833000;20;11;9;46,0
19650006835000;17;11;6;40,8
19650006839000;17;9;8;40,5
19650006840000;7;2;5;33,6
19650006844000;7;5;2;54,1
19650006845000;7;4;3;28,6
19650006861000;3;1;2;0,0
19650006862000;22;15;7;45,2
19650006878000;9;4;5;65,6
19650006882000;1;0;1;0,0
19650006883000;5;2;3;44,2
19650006889000;3;2;1;0,0
19660006519000;32;18;14;39,8
19660006521000;6;3;3;23,3
19660006522000;19;8;11;30,5
19660006523000;41;19;22;34,8
19660006527000;19;12;7;52,7
19660006529000;7;2;5;23,4
19660006530000;20;13;7;31,7
19660006536000;1;1;0;0,0
19660006537000;11;7;4;39,8
19660006539000;24;15;9;41,3
19660006540000;8;5;3;49,6
19660006541000;150;74;76;33,9
19660006542000;47;24;23;46,7
19660006543000;15;7;8;37,1
19660006545000;10;6;4;59,5
19660006546000;5;3;2;22,6
19660006547000;2;1;1;0,0
19660006548000;4;1;3;0,0
19660006550000;3;2;1;0,0
19660006551000;2;1;1;0,0
19660006552000;9;6;3;56,3
19660006553000;16;9;7;43,1
19660006554000;15;8;7;40,0
19660006555000;3;2;1;0,0
19660006556000;1911;954;957;24,9
19660006557000;914;493;421;32,4
19660006558000;884;478;406;34,9
19660006559000;1857;935;922;39,4
19660006560000;3113;1562;1551;44,4
19660006561000;3482;1776;1706;37,6
19660006562000;2803;1420;1383;36,6
19660006563000;2437;1271;1166;36,3
19660006564000;1244;662;582;34,1
19660006565000;2384;1200;1184;36,8
19660006566000;3203;1589;1614;32,6
19660006567000;920;478;442;31,1
19660006568000;2627;1299;1328;37,7
19660006569000;208;106;102;38,3
19660006570000;280;133;147;38,5
19660006571000;3407;1674;1733;38,1
19660006572000;1213;611;602;40,3
19660006573000;3553;1733;1820;40,8
19660006574000;3466;1699;1767;38,4
19660006575000;2912;1492;1420;37,0
19660006576000;1466;714;752;38,3
19660006581000;39;23;16;40,4
19660006582000;174;87;87;35,2
19660006583000;35;16;19;38,0
19660006584000;66;30;36;37,1
19660006585000;26;13;13;36,0
19660006586000;48;25;23;33,2
19660006587000;32;15;17;27,1
19660006588000;14;9;5;57,2
19660006591000;8;3;5;47,9
19660006613000;11;6;5;59,9
19660006614000;16;4;12;32,3
19660006615000;11;5;6;40,5
19660006617000;2;1;1;0,0
19660006618000;2;1;1;0,0
19660006624000;1;0;1;0,0
19660006626000;4;1;3;0,0
19660006628000;17;8;9;27,1
19660006629000;20;11;9;32,8
19660006631000;3;1;2;0,0
19660006632000;44;24;20;34,5
19660006633000;18;8;10;42,8
19660006634000;4;3;1;0,0
19660006635000;20;11;9;36,3
19660006636000;16;8;8;41,7
19660006637000;43;24;19;41,9
19660006638000;11;3;8;40,5
19660006642000;14;7;7;45,8
19660006643000;5;4;1;47,0
19660006644000;3;2;1;0,0
19660006647000;6;5;1;37,2
19660006648000;6;3;3;44,3
19660006650000;1;1;0;0,0
19660006657000;11;7;4;54,5
19660006662000;83;43;40;44,7
19660006663000;585;300;285;36,8
19660006664000;207;102;105;41,2
19660006665000;94;54;40;38,6
19660006666000;20;8;12;47,1
19660006667000;13;5;8;26,7
19660006668000;12;8;4;39,6
19660006683000;5;3;2;45,8
19660006684000;8;5;3;32,6
19660006686000;10;5;5;34,4
19660006687000;50;21;29;38,0
19660006692000;9;5;4;47,2
19660006693000;6;3;3;39,3
19660006698000;1;0;1;0,0
19660006705000;124;59;65;38,2
19660006706000;482;243;239;35,2
19660006707000;25;13;12;47,3
19660006708000;103;51;52;35,5
19660006710000;83;45;38;39,3
19660006711000;78;41;37;37,5
19660006712000;135;71;64;38,7
19660006713000;43;23;20;41,2
19660006715000;15;10;5;52,7
19660006716000;12;8;4;60,3
19660006718000;138;71;67;42,2
19660006719000;1078;550;528;40,1
19660006720000;262;129;133;46,0
19660006721000;32;22;10;36,9
19660006722000;729;370;359;32,6
19660006723000;1715;840;875;39,6
19660006724000;2154;1051;1103;38,9
19660006725000;583;304;279;36,5
19660006727000;1647;817;830;35,9
19660006728000;1431;670;761;38,1
19660006729000;870;401;469;45,5
19660006730000;2270;1121;1149;46,3
19660006731000;678;348;330;39,1
19660006732000;2535;1300;1235;38,4
19660006733000;3507;1904;1603;37,5
19660006734000;371;209;162;33,7
19660006737000;17;8;9;41,0
19660006738000;688;336;352;41,9
19660006739000;1880;860;1020;47,4
19660006740000;1003;510;493;35,0
19660006741000;463;224;239;41,3
19660006742000;1315;655;660;39,5
19660006743000;1229;586;643;42,1
19660006744000;1990;988;1002;37,4
19660006745000;1631;793;838;42,8
19660006746000;309;159;150;36,9
19660006747000;522;271;251;35,0
19660006749000;13;5;8;48,2
19660006750000;223;114;109;38,1
19660006751000;18;9;9;51,0
19660006753000;1048;518;530;36,8
19660006754000;199;101;98;34,5
19660006755000;181;97;84;34,4
19660006756000;123;63;60;42,9
19660006757000;5;3;2;37,6
19660006761000;53;26;27;33,8
19660006762000;6;4;2;53,3
19660006765000;4;3;1;0,0
19660006766000;25;10;15;32,7
19660006767000;162;81;81;27,3
19660006768000;21;14;7;38,2
19660006769000;2;2;0;0,0
19660006770000;26;15;11;34,5
19660006772000;52;28;24;44,3
19660006773000;2;1;1;0,0
19660006774000;15;7;8;41,3
19660006775000;59;27;32;41,3
19660006776000;4;3;1;0,0
19660006785000;78;43;35;36,6
19660006786000;21;11;10;39,3
19660006792000;15;9;6;31,4
19660006793000;5;4;1;33,6
19660006795000;62;26;36;39,9
19660006797000;1;1;0;0,0
19660006798000;8;5;3;45,0
19660006799000;6;4;2;52,5
19660006809000;4;2;2;0,0
19660006828000;7;4;3;34,1
19660006830000;2;2;0;0,0
19660006831000;8;4;4;35,4
19660006832000;13;6;7;70,1
19660006833000;19;7;12;32,2
19660006834000;21;10;11;38,7
19660006835000;21;12;9;42,1
19660006839000;12;7;5;32,1
19660006840000;54;28;26;44,6
19660006844000;23;13;10;43,8
19660006845000;27;11;16;30,1
19660006850000;2;2;0;0,0
19660006859000;1;1;0;0,0
19660006860000;16;10;6;53,6
19660006868000;12;6;6;38,3
19660006870000;2;1;1;0,0
19660006878000;15;9;6;49,5
19660006881000;6;3;3;62,0
19660006888000;8;3;5;43,5
19660006889000;116;62;54;39,9
19660006890000;11;7;4;29,4
19660006894000;1;1;0;0,0
19670006518000;26;14;12;33,4
19670006519000;2;1;1;0,0
19670006523000;3;2;1;0,0
19670006529000;2;1;1;0,0
19670006530000;11;5;6;42,3
19670006531000;3;1;2;0,0
19670006536000;8;4;4;48,8
19670006537000;10;5;5;42,1
19670006539000;5;2;3;41,6
19670006540000;15;8;7;42,1
19670006541000;2;1;1;0,0
19670006542000;41;23;18;30,2
19670006543000;28;13;15;41,9
19670006545000;9;3;6;42,2
19670006548000;10;6;4;44,0
19670006550000;9;5;4;47,1
19670006551000;10;6;4;36,2
19670006553000;6;2;4;20,2
19670006555000;13;6;7;27,8
19670006556000;1809;917;892;26,9
19670006557000;1620;827;793;28,8
19670006558000;92;46;46;37,1
19670006559000;1978;997;981;34,9
19670006560000;2776;1435;1341;40,6
19670006561000;1718;894;824;41,9
19670006562000;916;483;433;34,9
19670006563000;1515;770;745;35,9
19670006564000;877;450;427;33,9
19670006565000;1590;792;798;33,1
19670006566000;1673;839;834;35,8
19670006567000;1669;833;836;40,8
19670006568000;1864;949;915;35,2
19670006569000;3337;1654;1683;37,5
19670006570000;1708;837;871;38,0
19670006571000;4228;2009;2219;34,9
19670006572000;3146;1625;1521;34,8
19670006573000;4584;2416;2168;38,8
19670006574000;3597;1907;1690;37,7
19670006575000;268;134;134;38,4
19670006576000;479;257;222;38,1
19670006577000;1087;529;558;35,4
19670006580000;1;1;0;0,0
19670006581000;104;57;47;31,7
19670006582000;4;3;1;0,0
19670006583000;231;121;110;26,1
19670006584000;259;141;118;38,0
19670006585000;22;10;12;27,7
19670006587000;9;7;2;32,9
19670006588000;110;44;66;54,3
19670006589000;24;13;11;45,5
19670006590000;8;4;4;60,1
19670006591000;5;2;3;23,2
19670006615000;3;2;1;0,0
19670006616000;17;8;9;41,9
19670006617000;19;10;9;29,8
19670006618000;4;1;3;0,0
19670006619000;30;14;16;51,0
19670006620000;5;2;3;64,2
19670006622000;7;4;3;36,3
19670006624000;9;4;5;36,9
19670006625000;25;11;14;42,3
19670006626000;2;1;1;0,0
19670006629000;36;22;14;34,2
19670006630000;8;4;4;54,4
19670006633000;215;103;112;38,9
19670006634000;135;65;70;35,6
19670006635000;41;24;17;35,3
19670006638000;10;6;4;64,7
19670006639000;29;15;14;44,1
19670006652000;1;1;0;0,0
19670006657000;64;27;37;45,6
19670006658000;70;39;31;47,7
19670006663000;353;184;169;37,0
19670006664000;1476;805;671;39,3
19670006665000;1726;820;906;43,6
19670006666000;111;55;56;36,2
19670006667000;49;27;22;34,8
19670006669000;32;13;19;37,8
19670006682000;34;19;15;40,1
19670006686000;1;1;0;0,0
19670006687000;6;3;3;23,2
19670006688000;14;5;9;45,7
19670006692000;9;4;5;63,6
19670006694000;5;3;2;56,4
19670006695000;7;3;4;43,1
19670006696000;2;2;0;0,0
19670006697000;7;5;2;54,1
19670006698000;1;1;0;0,0
19670006706000;69;36;33;37,1
19670006707000;162;81;81;36,1
19670006709000;110;71;39;40,6
19670006710000;141;77;64;39,4
19670006712000;49;25;24;36,8
19670006713000;77;40;37;35,8
19670006714000;2;1;1;0,0
19670006715000;176;85;91;37,3
19670006716000;146;72;74;39,2
19670006718000;4;2;2;0,0
19670006719000;367;172;195;36,5
19670006720000;1118;567;551;35,3
19670006721000;416;230;186;35,2
19670006722000;474;243;231;34,4
19670006723000;1954;970;984;34,9
19670006724000;2493;1201;1292;41,6
19670006725000;2204;1070;1134;36,7
19670006726000;1598;776;822;38,4
19670006727000;304;168;136;40,5
19670006728000;320;175;145;37,0
19670006729000;634;330;304;34,7
19670006730000;194;79;115;52,1
19670006732000;2466;1375;1091;37,6
19670006733000;5653;3151;2502;35,1
19670006734000;6547;3438;3109;36,0
19670006735000;1385;756;629;41,0
19670006737000;2100;1085;1015;37,6
19670006738000;2114;1027;1087;40,3
19670006739000;1229;598;631;37,7
19670006740000;752;383;369;38,5
19670006741000;1524;771;753;40,5
19670006742000;2599;1273;1326;40,2
19670006743000;557;281;276;37,0
19670006744000;62;35;27;40,9
19670006745000;51;27;24;43,2
19670006747000;189;102;87;37,5
19670006748000;291;149;142;39,8
19670006750000;249;119;130;37,4
19670006751000;105;50;55;43,5
19670006752000;320;155;165;35,9
19670006753000;246;119;127;36,7
19670006754000;2;1;1;0,0
19670006755000;42;18;24;27,7
19670006758000;10;4;6;30,7
19670006759000;30;16;14;37,8
19670006760000;23;11;12;36,2
19670006761000;20;9;11;49,0
19670006762000;45;25;20;41,2
19670006763000;21;12;9;27,3
19670006765000;2;1;1;0,0
19670006766000;34;20;14;41,9
19670006767000;40;19;21;39,4
19670006768000;20;9;11;35,3
19670006769000;56;27;29;38,0
19670006770000;36;21;15;35,0
19670006771000;19;12;7;38,8
19670006772000;8;5;3;63,0
19670006781000;2;1;1;0,0
19670006785000;11;5;6;58,7
19670006786000;2;1;1;0,0
19670006787000;16;8;8;53,1
19670006795000;38;19;19;44,5
19670006796000;16;8;8;46,4
19670006797000;4;2;2;0,0
19670006798000;4;1;3;0,0
19670006817000;4;2;2;0,0
19670006830000;3;2;1;0,0
19670006832000;33;17;16;48,6
19670006834000;11;7;4;56,7
19670006835000;38;19;19;41,9
19670006836000;2;2;0;0,0
19670006839000;35;20;15;23,0
19670006840000;71;36;35;42,5
19670006841000;25;11;14;44,4
19670006842000;26;10;16;48,9
19670006845000;2;2;0;0,0
19670006850000;2;1;1;0,0
19670006859000;31;17;14;42,6
19670006860000;9;6;3;50,9
19670006861000;6;3;3;50,0
19670006862000;3;2;1;0,0
19670006889000;259;137;122;42,3
19670006890000;32;14;18;44,5
19680006517000;54;26;28;37,3
19680006518000;77;43;34;40,8
19680006530000;12;5;7;28,1
19680006531000;7;2;5;35,1
19680006532000;12;4;8;23,4
19680006533000;2;1;1;0,0
19680006535000;13;8;5;28,4
19680006536000;1;1;0;0,0
19680006537000;1;1;0;0,0
19680006539000;11;5;6;38,5
19680006540000;21;12;9;38,3
19680006545000;14;6;8;56,6
19680006546000;24;11;13;52,2
19680006549000;8;3;5;36,0
19680006550000;3;2;1;0,0
19680006551000;9;6;3;44,9
19680006552000;30;13;17;29,9
19680006553000;18;10;8;35,4
19680006554000;49;26;23;43,7
19680006555000;146;63;83;37,3
19680006556000;28;13;15;37,1
19680006557000;8;4;4;30,9
19680006558000;673;330;343;32,5
19680006559000;1386;688;698;37,6
19680006560000;1485;752;733;34,2
19680006561000;1567;777;790;42,0
19680006562000;1109;546;563;38,9
19680006563000;28;17;11;45,0
19680006564000;9;4;5;48,6
19680006565000;2;1;1;0,0
19680006567000;3;1;2;0,0
19680006568000;325;169;156;38,7
19680006569000;2559;1242;1317;44,0
19680006570000;2907;1465;1442;37,9
19680006571000;1752;841;911;39,5
19680006572000;4026;2045;1981;35,1
19680006573000;4919;2655;2264;36,0
19680006574000;371;216;155;39,2
19680006575000;1458;785;673;34,4
19680006576000;2177;1087;1090;37,5
19680006577000;2521;1273;1248;36,6
19680006578000;9;4;5;51,0
19680006584000;58;27;31;35,6
19680006587000;65;29;36;39,1
19680006588000;778;392;386;30,6
19680006589000;124;63;61;35,8
19680006590000;41;21;20;39,0
19680006607000;14;6;8;46,5
19680006608000;1;1;0;0,0
19680006609000;6;4;2;74,2
19680006610000;9;4;5;32,9
19680006611000;13;6;7;37,3
19680006616000;13;6;7;56,3
19680006620000;14;7;7;52,6
19680006621000;2;1;1;0,0
19680006622000;5;2;3;28,2
19680006623000;4;2;2;0,0
19680006624000;17;10;7;36,4
19680006625000;92;48;44;42,0
19680006626000;41;21;20;29,0
19680006627000;4;2;2;0,0
19680006633000;106;54;52;39,6
19680006634000;314;160;154;33,1
19680006642000;11;6;5;39,7
19680006643000;5;5;0;47,8
19680006644000;9;5;4;39,3
19680006646000;1;0;1;0,0
19680006648000;8;4;4;48,4
19680006654000;3;1;2;0,0
19680006657000;7;3;4;27,1
19680006664000;525;252;273;43,5
19680006665000;439;208;231;50,2
19680006666000;1250;622;628;38,4
19680006667000;342;178;164;31,4
19680006668000;15;9;6;38,7
19680006669000;40;18;22;37,0
19680006670000;34;18;16;40,4
19680006672000;1;1;0;0,0
19680006681000;15;8;7;41,5
19680006682000;2;1;1;0,0
19680006683000;5;3;2;26,8
19680006686000;3;3;0;0,0
19680006688000;11;5;6;47,7
19680006692000;3;2;1;0,0
19680006693000;5;3;2;51,6
19680006694000;4;2;2;0,0
19680006695000;5;4;1;32,0
19680006696000;3;2;1;0,0
19680006697000;4;2;2;0,0
19680006698000;1;1;0;0,0
19680006706000;2;1;1;0,0
19680006707000;47;23;24;50,4
19680006708000;81;45;36;28,2
19680006709000;302;164;138;35,7
19680006710000;311;166;145;34,1
19680006712000;2;1;1;0,0
19680006713000;302;144;158;38,5
19680006714000;553;279;274;36,6
19680006715000;300;154;146;34,4
19680006716000;6;2;4;31,2
19680006717000;2;1;1;0,0
19680006718000;3;2;1;0,0
19680006719000;2;1;1;0,0
19680006720000;112;55;57;39,6
19680006721000;7;4;3;69,9
19680006722000;46;25;21;40,5
19680006723000;247;127;120;36,4
19680006724000;1871;929;942;35,9
19680006725000;1982;946;1036;40,2
19680006726000;1649;810;839;40,4
19680006727000;1361;696;665;37,8
19680006728000;2523;1246;1277;36,1
19680006729000;1837;899;938;38,2
19680006730000;3065;1679;1386;35,7
19680006731000;3009;1663;1346;34,5
19680006732000;5811;3108;2703;35,4
19680006733000;3079;1678;1401;35,6
19680006734000;4716;2508;2208;38,1
19680006735000;7335;3758;3577;37,5
19680006736000;2100;1014;1086;43,3
19680006737000;120;63;57;34,8
19680006738000;78;37;41;33,3
19680006739000;508;269;239;38,2
19680006740000;651;320;331;46,7
19680006741000;1064;551;513;39,6
19680006742000;2542;1158;1384;46,7
19680006743000;400;216;184;36,4
19680006745000;9;5;4;39,6
19680006746000;7;3;4;38,7
19680006747000;129;71;58;33,1
19680006748000;841;443;398;36,0
19680006751000;1105;520;585;46,6
19680006752000;481;227;254;36,4
19680006753000;4;2;2;0,0
19680006754000;16;9;7;30,2
19680006755000;11;8;3;33,6
19680006756000;21;10;11;50,3
19680006757000;8;3;5;35,5
19680006758000;8;3;5;56,0
19680006759000;216;111;105;34,7
19680006760000;194;104;90;30,7
19680006761000;55;29;26;41,4
19680006765000;11;5;6;46,2
19680006766000;5;2;3;43,8
19680006768000;15;10;5;40,2
19680006769000;2;1;1;0,0
19680006771000;13;5;8;37,2
19680006772000;28;13;15;39,4
19680006773000;77;36;41;32,5
19680006774000;39;17;22;34,9
19680006778000;2;1;1;0,0
19680006783000;1;1;0;0,0
19680006784000;12;7;5;50,7
19680006785000;16;6;10;42,8
19680006786000;2;2;0;0,0
19680006794000;18;10;8;57,3
19680006795000;20;13;7;43,7
19680006799000;5;2;3;28,4
19680006824000;2;2;0;0,0
19680006827000;4;3;1;0,0
19680006829000;2;1;1;0,0
19680006830000;12;7;5;39,7
19680006835000;10;5;5;59,1
19680006836000;8;4;4;42,4
19680006845000;9;4;5;75,2
19680006846000;4;2;2;0,0
19680006868000;14;9;5;25,1
19680006869000;11;5;6;36,8
19680006873000;2;1;1;0,0
19680006890000;67;33;34;42,1
19680006891000;20;9;11;52,1
19680006892000;1;1;0;0,0
19690006513000;71;39;32;38,6
19690006514000;55;26;29;40,7
19690006515000;5;2;3;41,8
19690006517000;100;55;45;28,3
19690006518000;578;288;290;37,5
19690006533000;15;7;8;37,1
19690006535000;10;5;5;45,1
19690006536000;1;1;0;0,0
19690006539000;5;4;1;17,4
19690006540000;2;1;1;0,0
19690006541000;6;2;4;54,2
19690006545000;12;5;7;27,8
19690006546000;19;9;10;35,5
19690006547000;23;11;12;45,1
19690006548000;4;2;2;0,0
19690006549000;30;16;14;33,3
19690006550000;2;1;1;0,0
19690006551000;11;7;4;49,5
19690006552000;380;188;192;36,5
19690006553000;31;14;17;41,2
19690006555000;15;6;9;36,8
19690006556000;12;6;6;35,3
19690006557000;23;14;9;30,8
19690006559000;18;10;8;41,6
19690006560000;102;56;46;37,3
19690006561000;270;131;139;33,4
19690006563000;428;215;213;34,2
19690006565000;60;32;28;26,6
19690006569000;5;2;3;28,4
19690006570000;28;12;16;40,2
19690006571000;359;163;196;43,4
19690006572000;4546;2349;2197;36,5
19690006573000;3880;2179;1701;33,8
19690006574000;404;220;184;44,0
19690006575000;931;469;462;34,4
19690006576000;2378;1165;1213;34,8
19690006577000;521;253;268;36,1
19690006581000;4;2;2;0,0
19690006582000;12;8;4;35,9
19690006586000;34;18;16;32,9
19690006587000;10;7;3;49,3
19690006589000;13;7;6;40,2
19690006590000;95;47;48;33,9
19690006607000;2;1;1;0,0
19690006609000;1;1;0;0,0
19690006610000;20;11;9;38,6
19690006613000;3;1;2;0,0
19690006618000;4;3;1;0,0
19690006622000;14;9;5;38,6
19690006623000;13;7;6;37,9
19690006624000;215;116;99;31,1
19690006625000;106;57;49;37,7
19690006626000;13;7;6;45,2
19690006627000;9;5;4;33,6
19690006629000;3;2;1;0,0
19690006633000;3;2;1;0,0
19690006634000;78;41;37;35,6
19690006638000;5;3;2;55,0
19690006642000;3;1;2;0,0
19690006643000;110;50;60;35,6
19690006644000;151;73;78;38,4
19690006645000;26;13;13;43,3
19690006646000;6;3;3;68,5
19690006648000;2;1;1;0,0
19690006649000;1;1;0;0,0
19690006650000;7;4;3;49,1
19690006665000;171;91;80;39,0
19690006666000;1007;487;520;37,8
19690006667000;1322;689;633;38,2
19690006668000;850;423;427;37,3
19690006669000;121;65;56;33,6
19690006670000;53;27;26;48,0
19690006671000;23;14;9;31,8
19690006673000;9;6;3;34,8
19690006679000;12;7;5;48,0
19690006680000;17;10;7;28,2
19690006683000;37;18;19;40,9
19690006684000;17;9;8;39,5
19690006686000;25;12;13;32,7
19690006688000;11;6;5;46,6
19690006705000;166;83;83;29,0
19690006706000;205;95;110;40,4
19690006707000;108;65;43;36,9
19690006708000;375;201;174;33,7
19690006709000;1085;543;542;30,3
19690006710000;134;64;70;37,2
19690006713000;44;24;20;42,4
19690006714000;6;2;4;59,7
19690006715000;15;9;6;46,7
19690006719000;6;2;4;32,2
19690006720000;58;28;30;35,4
19690006721000;73;38;35;45,7
19690006722000;1650;846;804;33,0
19690006723000;905;469;436;34,2
19690006724000;1751;868;883;35,1
19690006725000;1742;875;867;42,0
19690006726000;1910;941;969;38,5
19690006727000;1478;733;745;32,1
19690006728000;3359;1644;1715;37,2
19690006729000;3975;1862;2113;41,9
19690006730000;6795;3142;3653;37,2
19690006731000;4646;2373;2273;35,6
19690006732000;2534;1235;1299;37,7
19690006733000;2830;1420;1410;40,9
19690006734000;8;3;5;39,8
19690006738000;6;2;4;41,5
19690006739000;222;119;103;35,9
19690006740000;301;150;151;30,4
19690006741000;1823;875;948;41,8
19690006742000;1673;836;837;40,8
19690006743000;630;297;333;44,7
19690006744000;69;32;37;36,7
19690006747000;8;6;2;48,5
19690006748000;916;478;438;30,9
19690006749000;4;2;2;0,0
19690006751000;724;351;373;40,1
19690006752000;164;80;84;49,4
19690006754000;11;5;6;40,1
19690006756000;24;12;12;40,0
19690006757000;43;23;20;40,8
19690006758000;94;40;54;39,2
19690006759000;34;18;16;45,8
19690006760000;15;8;7;63,4
19690006762000;2;0;2;0,0
19690006763000;12;8;4;39,1
19690006764000;14;8;6;45,9
19690006765000;31;15;16;38,7
19690006767000;9;4;5;36,8
19690006768000;28;17;11;43,2
19690006770000;34;20;14;24,8
19690006771000;4;2;2;0,0
19690006772000;11;7;4;42,0
19690006773000;16;9;7;49,8
19690006785000;21;9;12;45,5
19690006786000;17;10;7;32,4
19690006787000;40;21;19;51,4
19690006788000;8;4;4;41,9
19690006795000;2;2;0;0,0
19690006796000;8;6;2;56,9
19690006810000;17;8;9;37,9
19690006828000;15;8;7;63,7
19690006829000;5;3;2;27,0
19690006830000;2;1;1;0,0
19690006835000;7;4;3;30,6
19690006836000;10;8;2;44,9
19690006841000;98;46;52;46,4
19690006842000;131;64;67;41,2
19690006845000;4;2;2;0,0
19690006846000;9;5;4;32,6
19690006849000;3;2;1;0,0
19690006873000;8;4;4;42,4
19690006889000;4;2;2;0,0
19690006890000;24;13;11;40,5
19690006893000;12;7;5;42,5
19690006894000;18;11;7;31,3
19690006897000;11;7;4;60,7
19690006898000;1;1;0;0,0
19700006513000;68;32;36;35,6
19700006514000;11;5;6;37,2
19700006515000;47;28;19;40,6
19700006518000;29;17;12;48,1
19700006519000;18;8;10;48,7
19700006531000;2;0;2;0,0
19700006539000;6;3;3;39,0
19700006540000;5;2;3;35,6
19700006547000;7;5;2;33,4
19700006548000;21;11;10;34,3
19700006549000;39;19;20;25,0
19700006550000;909;476;433;27,7
19700006551000;1716;862;854;31,8
19700006552000;955;527;428;33,9
19700006553000;19;11;8;41,7
19700006555000;12;8;4;25,6
19700006556000;25;12;13;33,6
19700006557000;222;120;102;36,2
19700006558000;10;6;4;39,7
19700006559000;43;25;18;36,9
19700006561000;645;340;305;35,9
19700006563000;18;7;11;41,1
19700006565000;1;0;1;0,0
19700006572000;15;6;9;62,7
19700006573000;224;118;106;32,3
19700006575000;648;326;322;37,5
19700006576000;396;199;197;37,5
19700006577000;21;9;12;53,8
19700006581000;225;118;107;36,7
19700006587000;26;16;10;31,5
19700006588000;2;2;0;0,0
19700006590000;3;2;1;0,0
19700006610000;11;6;5;43,2
19700006611000;19;10;9;33,6
19700006613000;2;1;1;0,0
19700006614000;39;22;17;30,1
19700006615000;4;3;1;0,0
19700006616000;8;3;5;46,8
19700006617000;5;1;4;47,0
19700006618000;1;1;0;0,0
19700006620000;6;2;4;42,2
19700006622000;23;14;9;33,6
19700006624000;8;5;3;33,3
19700006625000;12;8;4;40,9
19700006630000;6;4;2;36,2
19700006631000;11;7;4;45,9
19700006632000;10;7;3;44,4
19700006633000;9;5;4;53,4
19700006634000;16;9;7;47,7
19700006635000;4;2;2;0,0
19700006643000;34;18;16;38,9
19700006644000;32;19;13;47,9
19700006645000;1;1;0;0,0
19700006647000;18;12;6;43,3
19700006648000;4;2;2;0,0
19700006649000;3;1;2;0,0
19700006650000;21;12;9;35,4
19700006651000;1;1;0;0,0
19700006652000;9;4;5;50,9
19700006667000;31;13;18;33,4
19700006668000;140;68;72;43,9
19700006670000;4;2;2;0,0
19700006671000;53;23;30;41,8
19700006672000;57;29;28;36,4
19700006673000;24;13;11;34,9
19700006674000;15;9;6;36,9
19700006675000;3;2;1;0,0
19700006677000;24;12;12;33,8
19700006678000;3;1;2;0,0
19700006679000;3;2;1;0,0
19700006684000;6;3;3;34,5
19700006686000;28;13;15;43,9
19700006687000;10;6;4;60,2
19700006688000;45;19;26;44,9
19700006689000;99;45;54;33,4
19700006691000;8;4;4;62,1
19700006692000;1;1;0;0,0
19700006693000;1;0;1;0,0
19700006694000;1;0;1;0,0
19700006705000;500;257;243;31,1
19700006706000;512;266;246;33,3
19700006707000;524;259;265;36,5
19700006708000;305;153;152;37,2
19700006709000;9;5;4;27,4
19700006713000;4;2;2;0,0
19700006715000;33;15;18;29,9
19700006719000;39;21;18;47,1
19700006720000;7;4;3;34,4
19700006721000;115;65;50;45,8
19700006722000;250;120;130;50,0
19700006723000;8;4;4;37,4
19700006724000;264;139;125;41,6
19700006725000;61;37;24;47,5
19700006726000;96;48;48;37,1
19700006727000;824;416;408;32,5
19700006728000;2194;1078;1116;30,1
19700006729000;541;275;266;37,4
19700006730000;1867;854;1013;41,5
19700006731000;1581;753;828;35,7
19700006732000;350;175;175;35,9
19700006733000;51;29;22;29,6
19700006737000;21;9;12;42,8
19700006738000;87;48;39;32,9
19700006739000;29;17;12;44,0
19700006741000;1123;536;587;35,6
19700006742000;2049;974;1075;43,9
19700006743000;855;424;431;35,3
19700006744000;60;32;28;40,9
19700006745000;15;8;7;45,7
19700006746000;11;5;6;37,4
19700006747000;319;163;156;32,1
19700006748000;120;62;58;39,0
19700006752000;48;23;25;43,0
19700006753000;15;9;6;46,4
19700006758000;6;2;4;38,5
19700006759000;9;4;5;44,3
19700006760000;1;0;1;0,0
19700006761000;12;5;7;29,8
19700006763000;10;4;6;48,3
19700006765000;4;3;1;0,0
19700006768000;21;12;9;43,2
19700006769000;23;16;7;42,7
19700006770000;30;16;14;44,7
19700006771000;18;10;8;58,6
19700006772000;32;12;20;51,2
19700006782000;31;16;15;33,9
19700006783000;18;12;6;19,0
19700006787000;5;3;2;29,8
19700006789000;36;20;16;40,4
19700006790000;22;14;8;35,8
19700006800000;25;16;9;46,7
19700006802000;34;17;17;28,9
19700006803000;2;1;1;0,0
19700006810000;1;1;0;0,0
19700006811000;6;3;3;34,0
19700006827000;6;3;3;58,0
19700006828000;2;1;1;0,0
19700006829000;5;3;2;35,6
19700006830000;2;1;1;0,0
19700006831000;12;5;7;47,8
19700006832000;7;1;6;43,0
19700006835000;10;4;6;49,7
19700006836000;13;7;6;56,0
19700006839000;13;6;7;68,7
19700006840000;24;11;13;42,4
19700006841000;160;73;87;59,8
19700006842000;249;124;125;43,9
19700006847000;4;2;2;0,0
19700006849000;1;0;1;0,0
19700006852000;1;1;0;0,0
19700006868000;57;31;26;28,3
19700006869000;415;218;197;38,7
19700006870000;51;26;25;32,7
19700006878000;2;1;1;0,0
19700006889000;6;4;2;46,7
19700006891000;5;4;1;37,2
19700006893000;5;2;3;69,4
19700006897000;55;27;28;52,3
19710006515000;97;49;48;45,0
19710006516000;41;21;20;33,4
19710006517000;1;1;0;0,0
19710006519000;17;8;9;54,1
19710006520000;12;4;8;36,3
19710006521000;15;7;8;38,2
19710006524000;2;1;1;0,0
19710006532000;1;0;1;0,0
19710006533000;6;3;3;46,0
19710006536000;6;3;3;69,0
19710006540000;2;1;1;0,0
19710006541000;2;2;0;0,0
19710006549000;732;385;347;34,4
19710006550000;2294;1145;1149;34,5
19710006551000;454;225;229;35,0
19710006552000;18;10;8;34,1
19710006553000;17;9;8;40,4
19710006554000;31;12;19;38,5
19710006556000;39;17;22;37,7
19710006557000;168;84;84;33,3
19710006558000;73;42;31;29,9
19710006559000;55;30;25;33,4
19710006561000;32;19;13;40,6
19710006562000;5;4;1;54,6
19710006564000;2;1;1;0,0
19710006567000;5;3;2;56,4
19710006568000;23;13;10;50,8
19710006575000;289;151;138;31,5
19710006576000;421;209;212;37,4
19710006581000;30;15;15;40,1
19710006584000;3;2;1;0,0
19710006585000;29;15;14;39,8
19710006586000;208;102;106;34,1
19710006587000;53;25;28;40,7
19710006590000;10;3;7;48,7
19710006610000;12;5;7;42,9
19710006611000;4;2;2;0,0
19710006613000;12;5;7;23,2
19710006614000;14;9;5;26,3
19710006615000;2;1;1;0,0
19710006621000;42;21;21;34,6
19710006622000;23;12;11;33,8
19710006632000;13;4;9;43,2
19710006633000;1;1;0;0,0
19710006634000;6;3;3;27,5
19710006635000;49;28;21;32,9
19710006636000;13;7;6;27,2
19710006652000;4;2;2;0,0
19710006653000;30;19;11;43,5
19710006678000;2;1;1;0,0
19710006679000;3;2;1;0,0
19710006680000;3;2;1;0,0
19710006682000;31;15;16;55,8
19710006683000;31;12;19;41,6
19710006684000;8;3;5;36,8
19710006685000;8;4;4;53,5
19710006686000;8;6;2;31,6
19710006687000;7;3;4;68,4
19710006688000;31;13;18;39,5
19710006689000;96;48;48;44,5
19710006690000;101;44;57;57,8
19710006691000;6;2;4;28,0
19710006705000;6;5;1;44,2
19710006707000;44;23;21;33,6
19710006708000;711;377;334;33,6
19710006709000;1315;664;651;32,6
19710006710000;86;45;41;36,3
19710006711000;436;215;221;38,2
19710006712000;654;336;318;37,6
19710006713000;53;32;21;44,7
19710006714000;12;6;6;56,0
19710006715000;58;33;25;33,1
19710006716000;273;136;137;34,6
19710006717000;23;13;10;48,0
19710006718000;66;38;28;39,9
19710006719000;167;83;84;41,0
19710006720000;76;34;42;39,2
19710006721000;42;22;20;40,2
19710006723000;55;33;22;37,4
19710006724000;26;15;11;39,2
19710006726000;6;3;3;37,8
19710006727000;82;48;34;35,8
19710006728000;740;370;370;31,5
19710006729000;4;1;3;0,0
19710006738000;2;2;0;0,0
19710006740000;22;10;12;47,5
19710006741000;2807;1394;1413;34,1
19710006742000;1334;661;673;34,9
19710006743000;252;133;119;31,9
19710006744000;342;177;165;34,3
19710006745000;85;42;43;38,6
19710006746000;547;283;264;38,1
19710006747000;531;270;261;30,1
19710006749000;14;6;8;51,9
19710006750000;158;77;81;35,1
19710006752000;10;7;3;47,2
19710006754000;4;2;2;0,0
19710006755000;2;2;0;0,0
19710006757000;6;2;4;34,8
19710006759000;20;9;11;30,5
19710006760000;1;1;0;0,0
19710006761000;8;4;4;37,6
19710006768000;26;18;8;37,2
19710006770000;3;2;1;0,0
19710006771000;45;22;23;38,8
19710006772000;9;5;4;64,0
19710006775000;5;2;3;45,8
19710006776000;3;2;1;0,0
19710006777000;3;1;2;0,0
19710006779000;6;3;3;59,5
19710006780000;14;6;8;42,6
19710006783000;33;18;15;47,4
19710006784000;16;7;9;39,3
19710006789000;25;14;11;48,1
19710006790000;4;2;2;0,0
19710006798000;8;3;5;51,5
19710006803000;60;28;32;42,5
19710006808000;1;1;0;0,0
19710006810000;16;9;7;56,9
19710006827000;3;2;1;0,0
19710006829000;2;0;2;0,0
19710006835000;29;17;12;31,8
19710006836000;4;0;4;0,0
19710006839000;37;19;18;58,4
19710006840000;44;21;23;36,6
19710006841000;71;36;35;37,5
19710006842000;5;2;3;59,4
19710006843000;2;2;0;0,0
19710006847000;3;2;1;0,0
19710006849000;2;0;2;0,0
19710006850000;14;5;9;37,3
19710006852000;11;4;7;38,0
19710006868000;382;199;183;31,4
19710006869000;1140;595;545;39,7
19710006870000;601;301;300;38,4
19710006874000;3;1;2;0,0
19710006875000;12;9;3;28,6
19710006876000;1;1;0;0,0
19710006877000;2;1;1;0,0
19710006880000;1;0;1;0,0
19710006883000;7;3;4;39,7
19710006884000;10;4;6;32,7
19710006890000;7;4;3;26,6
19710006894000;29;13;16;31,7
19710006895000;9;5;4;40,2
19710006897000;39;20;19;62,7
19720006512000;2;1;1;0,0
19720006515000;33;17;16;37,3
19720006516000;76;43;33;39,7
19720006520000;15;8;7;37,8
19720006521000;15;11;4;40,6
19720006541000;6;3;3;38,8
19720006542000;13;5;8;39,8
19720006548000;14;8;6;54,8
19720006549000;29;13;16;30,0
19720006550000;1486;722;764;35,5
19720006551000;276;142;134;24,5
19720006553000;17;8;9;46,6
19720006556000;8;4;4;36,9
19720006557000;3;2;1;0,0
19720006558000;38;18;20;39,4
19720006560000;3;1;2;0,0
19720006561000;22;9;13;42,2
19720006562000;15;10;5;50,0
19720006563000;11;5;6;34,2
19720006565000;24;12;12;44,2
19720006566000;62;37;25;29,9
19720006567000;137;78;59;37,0
19720006568000;24;11;13;43,4
19720006585000;46;22;24;37,8
19720006586000;307;158;149;32,5
19720006587000;111;66;45;31,2
19720006588000;47;25;22;37,6
19720006589000;42;20;22;37,6
19720006611000;3;2;1;0,0
19720006613000;10;5;5;26,9
19720006614000;5;3;2;30,0
19720006615000;16;7;9;49,1
19720006622000;2;1;1;0,0
19720006630000;25;14;11;35,3
19720006631000;1;0;1;0,0
19720006633000;2;2;0;0,0
19720006635000;3;1;2;0,0
19720006636000;3;1;2;0,0
19720006652000;23;13;10;39,3
19720006653000;25;12;13;51,6
19720006669000;13;8;5;40,5
19720006670000;14;5;9;43,0
19720006671000;19;11;8;38,8
19720006672000;3;2;1;0,0
19720006673000;30;15;15;35,4
19720006674000;7;4;3;61,9
19720006677000;1;1;0;0,0
19720006682000;2;1;1;0,0
19720006685000;5;4;1;63,8
19720006689000;8;6;2;32,6
19720006690000;14;5;9;35,8
19720006692000;16;9;7;34,1
19720006693000;20;10;10;47,0
19720006694000;38;21;17;40,0
19720006695000;47;25;22;45,9
19720006709000;506;263;243;45,6
19720006710000;1336;661;675;40,1
19720006711000;567;292;275;41,8
19720006712000;909;421;488;41,1
19720006713000;21;12;9;44,9
19720006714000;57;24;33;35,1
19720006715000;408;212;196;34,0
19720006716000;758;383;375;36,7
19720006717000;59;35;24;42,3
19720006718000;91;46;45;39,4
19720006719000;14;4;10;60,4
19720006720000;2;1;1;0,0
19720006721000;32;17;15;40,8
19720006722000;89;46;43;40,7
19720006723000;18;11;7;41,5
19720006724000;101;55;46;37,7
19720006728000;154;94;60;32,8
19720006729000;12;6;6;29,7
19720006739000;4;3;1;0,0
19720006740000;103;54;49;36,9
19720006741000;75;40;35;46,3
19720006742000;59;29;30;35,9
19720006743000;32;20;12;47,9
19720006744000;120;78;42;39,2
19720006745000;173;121;52;36,5
19720006746000;87;47;40;36,9
19720006747000;31;15;16;27,3
19720006748000;43;23;20;27,0
19720006749000;15;8;7;41,6
19720006750000;36;22;14;40,7
19720006751000;30;15;15;42,2
19720006753000;40;18;22;41,5
19720006754000;19;11;8;46,5
19720006755000;56;30;26;41,5
19720006756000;9;6;3;39,2
19720006757000;11;5;6;32,9
19720006758000;5;1;4;21,8
19720006759000;27;14;13;33,8
19720006760000;27;11;16;37,8
19720006761000;2;1;1;0,0
19720006762000;44;23;21;44,6
19720006763000;75;40;35;39,3
19720006764000;10;5;5;27,0
19720006765000;11;6;5;45,0
19720006766000;8;4;4;27,0
19720006767000;24;11;13;37,5
19720006768000;22;8;14;39,8
19720006769000;18;11;7;46,8
19720006770000;8;3;5;43,3
19720006771000;16;7;9;55,0
19720006772000;12;5;7;49,2
19720006774000;1;0;1;0,0
19720006775000;4;3;1;0,0
19720006777000;4;3;1;0,0
19720006778000;41;23;18;37,9
19720006781000;1;1;0;0,0
19720006782000;1;1;0;0,0
19720006783000;39;18;21;38,1
19720006784000;3;2;1;0,0
19720006787000;6;3;3;61,0
19720006788000;3;2;1;0,0
19720006796000;6;2;4;36,2
19720006797000;9;6;3;46,2
19720006798000;17;7;10;50,5
19720006799000;2;1;1;0,0
19720006803000;1;1;0;0,0
19720006810000;13;6;7;41,5
19720006811000;10;4;6;31,9
19720006819000;11;6;5;49,2
19720006827000;25;14;11;41,3
19720006829000;7;2;5;54,7
19720006835000;15;9;6;49,1
19720006836000;2;1;1;0,0
19720006837000;6;4;2;22,0
19720006839000;29;14;15;43,5
19720006840000;12;7;5;40,6
19720006841000;50;27;23;47,6
19720006842000;4;2;2;0,0
19720006843000;17;9;8;35,2
19720006844000;4;2;2;0,0
19720006845000;3;2;1;0,0
19720006850000;5;2;3;43,6
19720006852000;1;1;0;0,0
19720006858000;2;1;1;0,0
19720006868000;577;291;286;34,4
19720006869000;907;425;482;42,1
19720006870000;510;276;234;43,6
19720006875000;3;1;2;0,0
19720006876000;1;1;0;0,0
19720006883000;13;8;5;32,6
19720006884000;21;7;14;37,5
19720006891000;2;2;0;0,0
19720006893000;20;9;11;39,9
19720006894000;23;9;14;57,7
19720006895000;30;16;14;52,0
19720006897000;104;57;47;39,7
19730006510000;7;3;4;47,7
19730006511000;4;3;1;0,0
19730006512000;67;32;35;55,0
19730006514000;272;140;132;26,3
19730006515000;126;65;61;36,5
19730006516000;20;9;11;53,1
19730006520000;10;4;6;36,3
19730006526000;12;7;5;30,6
19730006527000;8;5;3;34,1
19730006536000;1;1;0;0,0
19730006537000;6;2;4;24,8
19730006542000;3;2;1;0,0
19730006545000;2;1;1;0,0
19730006548000;26;15;11;37,7
19730006549000;13;6;7;39,9
19730006550000;1697;891;806;33,2
19730006551000;4;3;1;0,0
19730006555000;12;8;4;35,7
19730006556000;11;7;4;36,7
19730006557000;16;10;6;34,9
19730006558000;48;26;22;42,6
19730006560000;6;2;4;39,3
19730006561000;16;11;5;38,7
19730006563000;18;12;6;38,8
19730006564000;60;33;27;39,8
19730006565000;85;44;41;35,9
19730006566000;372;197;175;32,6
19730006567000;1916;984;932;32,0
19730006568000;642;318;324;32,1
19730006569000;7;4;3;53,9
19730006573000;1;1;0;0,0
19730006574000;22;9;13;54,6
19730006575000;1;1;0;0,0
19730006588000;4;2;2;0,0
19730006593000;46;21;25;30,0
19730006613000;7;4;3;54,1
19730006614000;10;5;5;34,6
19730006621000;1;0;1;0,0
19730006629000;8;4;4;35,5
19730006630000;9;6;3;31,6
19730006635000;16;7;9;34,7
19730006636000;6;3;3;45,8
19730006638000;1;0;1;0,0
19730006647000;7;3;4;29,7
19730006648000;6;3;3;42,3
19730006649000;17;6;11;30,9
19730006651000;127;65;62;42,6
19730006670000;5;3;2;69,4
19730006671000;2;2;0;0,0
19730006672000;6;4;2;28,8
19730006673000;2;1;1;0,0
19730006676000;18;11;7;39,1
19730006677000;3;2;1;0,0
19730006683000;12;6;6;40,9
19730006684000;2;1;1;0,0
19730006685000;6;3;3;35,2
19730006687000;6;2;4;22,5
19730006688000;8;4;4;42,4
19730006689000;6;3;3;45,7
19730006690000;6;3;3;40,0
19730006691000;19;10;9;34,6
19730006692000;2;1;1;0,0
19730006693000;278;138;140;36,7
19730006694000;295;144;151;44,5
19730006695000;11;6;5;34,7
19730006709000;81;38;43;49,8
19730006710000;586;253;333;49,7
19730006711000;679;346;333;33,5
19730006712000;295;137;158;27,7
19730006713000;14;8;6;56,4
19730006715000;2;0;2;0,0
19730006716000;8;6;2;42,5
19730006719000;4;2;2;0,0
19730006720000;65;38;27;36,2
19730006721000;9;5;4;45,0
19730006722000;2;1;1;0,0
19730006723000;23;13;10;42,4
19730006724000;75;34;41;30,7
19730006725000;29;15;14;33,7
19730006728000;48;25;23;40,8
19730006729000;78;39;39;41,4
19730006730000;3;2;1;0,0
19730006732000;3;2;1;0,0
19730006733000;16;8;8;59,7
19730006739000;88;49;39;41,2
19730006740000;209;108;101;34,8
19730006741000;16;7;9;27,6
19730006742000;147;79;68;33,1
19730006743000;163;78;85;33,7
19730006744000;426;216;210;33,8
19730006745000;91;57;34;38,3
19730006747000;55;30;25;31,7
19730006748000;2;1;1;0,0
19730006750000;24;16;8;48,1
19730006753000;325;162;163;36,8
19730006754000;216;98;118;31,2
19730006755000;262;153;109;29,3
19730006756000;36;19;17;46,1
19730006757000;45;22;23;31,1
19730006758000;15;9;6;24,0
19730006759000;12;5;7;46,8
19730006760000;26;12;14;30,0
19730006761000;17;10;7;49,9
19730006762000;54;29;25;50,1
19730006763000;121;61;60;41,2
19730006764000;50;27;23;33,8
19730006765000;31;13;18;40,7
19730006766000;29;14;15;46,6
19730006767000;27;16;11;32,6
19730006768000;122;62;60;35,6
19730006769000;5;3;2;19,0
19730006773000;10;5;5;18,9
19730006774000;28;15;13;38,9
19730006778000;29;17;12;46,9
19730006779000;66;33;33;32,6
19730006780000;21;10;11;40,0
19730006781000;16;8;8;41,8
19730006783000;45;17;28;49,7
19730006787000;12;7;5;52,2
19730006796000;2;1;1;0,0
19730006820000;19;10;9;40,8
19730006827000;74;34;40;62,6
19730006835000;15;9;6;36,6
19730006836000;3;2;1;0,0
19730006837000;15;8;7;61,1
19730006839000;50;27;23;46,3
19730006840000;4;3;1;0,0
19730006843000;17;6;11;42,5
19730006848000;10;4;6;34,3
19730006850000;4;2;2;0,0
19730006856000;5;4;1;35,6
19730006858000;4;2;2;0,0
19730006865000;4;3;1;0,0
19730006866000;2;1;1;0,0
19730006868000;22;10;12;38,7
19730006869000;1312;653;659;38,9
19730006870000;270;141;129;40,1
19730006883000;5;4;1;63,8
19730006895000;17;10;7;38,5
19730006896000;24;13;11;32,1
19730006897000;193;99;94;44,9
19740006511000;27;16;11;36,6
19740006512000;233;126;107;42,0
19740006513000;167;94;73;37,2
19740006514000;831;429;402;32,2
19740006515000;193;96;97;39,0
19740006520000;2;1;1;0,0
19740006521000;1;0;1;0,0
19740006536000;5;3;2;37,6
19740006541000;6;3;3;26,0
19740006546000;15;9;6;38,6
19740006547000;2;1;1;0,0
19740006548000;14;8;6;47,9
19740006549000;11;5;6;45,3
19740006550000;27;12;15;43,9
19740006556000;21;11;10;39,6
19740006558000;64;42;22;34,2
19740006561000;16;9;7;34,9
19740006562000;23;14;9;32,8
19740006563000;8;3;5;31,0
19740006565000;6;3;3;23,3
19740006566000;90;45;45;31,9
19740006567000;1570;799;771;32,0
19740006568000;737;361;376;43,2
19740006571000;19;9;10;52,4
19740006572000;1;1;0;0,0
19740006573000;4;3;1;0,0
19740006581000;4;2;2;0,0
19740006582000;5;5;0;41,2
19740006585000;12;6;6;28,5
19740006588000;5;3;2;18,2
19740006592000;5;2;3;37,8
19740006593000;13;9;4;28,2
19740006594000;22;13;9;57,0
19740006614000;9;4;5;28,9
19740006615000;9;5;4;45,1
19740006630000;6;3;3;45,3
19740006634000;5;2;3;63,4
19740006635000;76;36;40;33,7
19740006636000;75;36;39;33,9
19740006637000;31;17;14;45,9
19740006638000;18;10;8;31,7
19740006639000;8;4;4;40,8
19740006646000;1;1;0;0,0
19740006647000;12;5;7;49,8
19740006649000;10;8;2;38,5
19740006650000;40;24;16;38,6
19740006651000;47;22;25;43,6
19740006671000;8;4;4;61,3
19740006678000;2;1;1;0,0
19740006683000;5;3;2;46,4
19740006684000;1;1;0;0,0
19740006690000;7;3;4;43,1
19740006693000;44;24;20;43,0
19740006694000;36;19;17;45,8
19740006695000;4;3;1;0,0
19740006710000;44;24;20;50,1
19740006711000;91;38;53;37,8
19740006712000;62;29;33;31,3
19740006717000;11;6;5;35,3
19740006718000;52;29;23;34,8
19740006721000;27;16;11;44,2
19740006722000;8;3;5;56,0
19740006728000;2;1;1;0,0
19740006729000;637;314;323;38,4
19740006730000;153;69;84;39,1
19740006731000;188;98;90;39,4
19740006732000;144;75;69;38,2
19740006733000;111;63;48;35,9
19740006737000;6;3;3;67,5
19740006738000;29;15;14;49,5
19740006739000;2;1;1;0,0
19740006740000;472;239;233;38,6
19740006741000;426;225;201;38,3
19740006742000;26;12;14;41,8
19740006743000;91;49;42;41,2
19740006745000;10;6;4;57,0
19740006746000;28;13;15;42,0
19740006747000;32;18;14;37,4
19740006748000;2;1;1;0,0
19740006749000;24;14;10;26,3
19740006750000;39;19;20;41,9
19740006751000;37;18;19;38,5
19740006753000;155;79;76;26,0
19740006755000;30;13;17;32,0
19740006756000;13;8;5;37,8
19740006757000;17;9;8;31,2
19740006758000;87;45;42;34,7
19740006759000;23;10;13;36,9
19740006760000;33;18;15;42,4
19740006762000;11;6;5;54,5
19740006763000;55;27;28;37,8
19740006764000;1;1;0;0,0
19740006774000;13;9;4;53,9
19740006775000;1;1;0;0,0
19740006781000;14;7;7;34,9
19740006783000;15;8;7;38,9
19740006784000;17;8;9;37,5
19740006785000;1;0;1;0,0
19740006789000;7;5;2;61,7
19740006791000;7;4;3;64,9
19740006809000;11;4;7;56,4
19740006814000;1;0;1;0,0
19740006815000;3;2;1;0,0
19740006816000;6;3;3;55,5
19740006820000;8;3;5;38,1
19740006827000;56;30;26;47,7
19740006828000;18;9;9;47,8
19740006829000;10;4;6;36,1
19740006836000;34;18;16;33,1
19740006839000;27;11;16;44,6
19740006840000;16;7;9;42,1
19740006842000;5;1;4;47,8
19740006843000;7;4;3;61,4
19740006850000;20;14;6;55,9
19740006858000;5;3;2;52,8
19740006865000;9;3;6;26,1
19740006869000;1579;788;791;33,0
19740006870000;551;292;259;35,5
19740006896000;102;55;47;44,6
19740006897000;33;17;16;52,4
19740006898000;29;16;13;42,3
19750006509000;2;1;1;0,0
19750006510000;261;140;121;37,1
19750006511000;353;175;178;32,4
19750006512000;1662;854;808;36,3
19750006513000;1936;939;997;38,4
19750006514000;662;346;316;44,3
19750006515000;288;144;144;39,1
19750006516000;12;8;4;28,9
19750006517000;119;67;52;42,6
19750006520000;4;3;1;0,0
19750006521000;34;15;19;41,2
19750006537000;5;2;3;31,0
19750006547000;6;6;0;39,5
19750006549000;5;2;3;65,4
19750006550000;10;5;5;51,4
19750006551000;8;6;2;43,8
19750006552000;11;7;4;29,3
19750006555000;31;17;14;43,8
19750006556000;14;8;6;37,6
19750006558000;23;9;14;38,4
19750006559000;18;8;10;35,4
19750006563000;6;4;2;38,8
19750006566000;441;238;203;35,4
19750006567000;602;296;306;32,9
19750006568000;133;75;58;39,7
19750006569000;39;21;18;38,4
19750006570000;30;16;14;33,7
19750006588000;108;59;49;30,7
19750006592000;56;31;25;42,7
19750006593000;10;4;6;44,8
19750006594000;85;46;39;34,8
19750006595000;63;31;32;34,5
19750006596000;19;10;9;45,4
19750006615000;2;1;1;0,0
19750006616000;7;4;3;40,1
19750006626000;14;8;6;50,6
19750006627000;31;16;15;39,9
19750006628000;8;3;5;63,5
19750006629000;45;23;22;40,4
19750006630000;39;20;19;32,2
19750006631000;157;68;89;47,4
19750006632000;9;4;5;49,6
19750006633000;12;6;6;71,0
19750006634000;23;14;9;39,3
19750006635000;14;6;8;30,1
19750006636000;3;2;1;0,0
19750006637000;55;29;26;44,4
19750006638000;73;42;31;32,4
19750006639000;15;7;8;56,5
19750006640000;22;8;14;36,5
19750006645000;3;2;1;0,0
19750006650000;60;31;29;40,6
19750006651000;28;14;14;51,1
19750006658000;15;8;7;55,4
19750006674000;2;1;1;0,0
19750006678000;2;1;1;0,0
19750006679000;6;4;2;42,5
19750006680000;15;8;7;44,9
19750006693000;25;11;14;38,3
19750006694000;24;13;11;56,9
19750006710000;54;24;30;38,4
19750006711000;56;30;26;30,1
19750006712000;49;28;21;30,4
19750006713000;73;41;32;31,2
19750006717000;2;1;1;0,0
19750006721000;4;1;3;0,0
19750006722000;46;24;22;37,6
19750006723000;28;13;15;34,2
19750006724000;18;11;7;43,3
19750006725000;23;10;13;45,6
19750006729000;71;37;34;47,2
19750006730000;35;17;18;47,5
19750006731000;533;284;249;35,2
19750006732000;659;354;305;35,8
19750006733000;71;35;36;41,6
19750006734000;38;17;21;39,3
19750006735000;99;50;49;44,5
19750006736000;180;91;89;39,6
19750006737000;32;15;17;52,8
19750006738000;20;14;6;50,6
19750006739000;246;127;119;39,3
19750006740000;948;507;441;38,0
19750006741000;515;283;232;36,8
19750006744000;38;18;20;42,6
19750006745000;515;260;255;36,1
19750006746000;399;204;195;37,6
19750006747000;12;6;6;53,8
19750006748000;20;11;9;42,5
19750006749000;29;15;14;42,6
19750006750000;52;26;26;45,1
19750006751000;81;44;37;29,6
19750006755000;84;42;42;36,6
19750006756000;66;32;34;42,6
19750006757000;153;89;64;32,6
19750006758000;69;33;36;31,4
19750006759000;6;4;2;33,2
19750006761000;2;1;1;0,0
19750006762000;26;16;10;34,6
19750006763000;27;12;15;39,4
19750006764000;37;15;22;34,9
19750006766000;23;12;11;43,7
19750006775000;15;8;7;50,6
19750006780000;6;4;2;25,2
19750006782000;17;9;8;15,5
19750006783000;29;18;11;50,6
19750006788000;7;3;4;39,9
19750006789000;4;2;2;0,0
19750006791000;14;6;8;58,4
19750006809000;9;3;6;30,0
19750006816000;10;5;5;56,7
19750006819000;7;4;3;64,9
19750006820000;34;16;18;33,9
19750006826000;12;7;5;54,3
19750006827000;26;16;10;46,5
19750006833000;1;0;1;0,0
19750006834000;14;8;6;49,3
19750006836000;20;10;10;45,7
19750006839000;7;2;5;27,1
19750006840000;51;27;24;43,6
19750006841000;26;16;10;41,8
19750006842000;16;7;9;42,8
19750006843000;13;8;5;45,7
19750006849000;15;6;9;60,1
19750006850000;26;13;13;47,7
19750006857000;17;8;9;42,4
19750006858000;18;9;9;32,3
19750006869000;479;245;234;36,0
19750006870000;27;15;12;36,4
19750006873000;1;0;1;0,0
19750006896000;81;39;42;43,8
19750006898000;14;6;8;44,6
19750006899000;2;1;1;0,0
19760006506000;2;1;1;0,0
19760006507000;19;8;11;50,0
19760006508000;27;13;14;38,9
19760006509000;53;22;31;40,6
19760006510000;49;27;22;44,9
19760006511000;19;13;6;42,8
19760006512000;96;45;51;44,7
19760006513000;370;175;195;43,7
19760006514000;2078;995;1083;42,1
19760006515000;952;465;487;39,2
19760006516000;640;341;299;26,5
19760006517000;4;2;2;0,0
19760006518000;39;16;23;39,7
19760006521000;4;2;2;0,0
19760006524000;21;10;11;27,9
19760006528000;25;15;10;39,3
19760006529000;2;1;1;0,0
19760006544000;1;1;0;0,0
19760006546000;32;18;14;34,3
19760006551000;20;11;9;37,0
19760006552000;14;8;6;34,1
19760006555000;28;15;13;39,1
19760006556000;5;3;2;65,6
19760006559000;20;12;8;33,1
19760006560000;8;6;2;42,0
19760006561000;2;1;1;0,0
19760006562000;2;1;1;0,0
19760006563000;20;12;8;31,8
19760006565000;11;8;3;24,8
19760006567000;20;14;6;49,6
19760006568000;5;2;3;47,6
19760006569000;88;49;39;42,0
19760006570000;4;1;3;0,0
19760006587000;63;34;29;34,3
19760006588000;7;4;3;21,9
19760006592000;149;72;77;34,7
19760006594000;52;28;24;36,4
19760006595000;66;33;33;42,6
19760006596000;78;37;41;34,9
19760006597000;57;33;24;38,0
19760006603000;8;3;5;43,6
19760006614000;8;4;4;44,3
19760006615000;21;10;11;40,2
19760006616000;1;0;1;0,0
19760006622000;4;3;1;0,0
19760006625000;7;4;3;25,9
19760006626000;16;9;7;25,3
19760006627000;3;2;1;0,0
19760006628000;43;19;24;39,9
19760006629000;59;34;25;43,3
19760006630000;67;31;36;44,3
19760006631000;36;17;19;35,8
19760006632000;12;5;7;30,6
19760006634000;17;8;9;29,5
19760006635000;50;30;20;40,0
19760006636000;22;9;13;33,2
19760006637000;2;1;1;0,0
19760006638000;33;16;17;35,2
19760006639000;1;1;0;0,0
19760006640000;8;4;4;34,3
19760006641000;63;33;30;44,2
19760006642000;17;8;9;36,0
19760006650000;4;2;2;0,0
19760006651000;1;1;0;0,0
19760006656000;29;17;12;45,7
19760006665000;7;4;3;39,3
19760006666000;57;27;30;46,0
19760006677000;6;3;3;64,3
19760006679000;5;3;2;47,8
19760006680000;5;4;1;42,0
19760006681000;27;13;14;40,2
19760006687000;15;9;6;45,6
19760006693000;4;3;1;0,0
19760006694000;3;1;2;0,0
19760006697000;7;5;2;44,7
19760006711000;11;8;3;37,9
19760006712000;132;62;70;31,3
19760006713000;91;44;47;32,1
19760006714000;15;7;8;49,4
19760006723000;36;18;18;42,3
19760006724000;18;10;8;50,7
19760006726000;53;25;28;39,0
19760006729000;26;14;12;38,5
19760006730000;39;20;19;40,6
19760006731000;182;87;95;24,7
19760006732000;1;1;0;0,0
19760006733000;37;16;21;39,5
19760006734000;1362;686;676;37,5
19760006735000;1339;646;693;41,3
19760006736000;967;453;514;46,4
19760006737000;1107;575;532;40,3
19760006738000;1008;501;507;37,1
19760006739000;494;254;240;36,0
19760006741000;46;29;17;35,7
19760006744000;35;18;17;39,5
19760006745000;213;107;106;36,5
19760006746000;247;122;125;33,6
19760006747000;84;43;41;36,4
19760006748000;6;3;3;34,3
19760006749000;22;10;12;45,2
19760006750000;8;5;3;41,5
19760006751000;123;67;56;39,7
19760006752000;2;2;0;0,0
19760006756000;60;35;25;35,2
19760006757000;48;22;26;44,1
19760006759000;14;10;4;43,3
19760006763000;8;6;2;24,5
19760006764000;13;5;8;37,5
19760006765000;88;50;38;36,2
19760006766000;49;23;26;36,9
19760006772000;4;1;3;0,0
19760006773000;39;17;22;48,1
19760006774000;6;3;3;61,8
19760006784000;1;1;0;0,0
19760006786000;1;1;0;0,0
19760006800000;5;3;2;35,6
19760006809000;22;11;11;49,0
19760006820000;7;4;3;32,1
19760006825000;1;1;0;0,0
19760006826000;6;4;2;68,8
19760006831000;2;1;1;0,0
19760006833000;1;1;0;0,0
19760006835000;4;2;2;0,0
19760006837000;1;1;0;0,0
19760006839000;9;6;3;57,3
19760006841000;39;19;20;51,1
19760006842000;106;50;56;43,3
19760006843000;8;4;4;44,0
19760006849000;25;11;14;33,8
19760006850000;37;20;17;34,9
19760006857000;13;6;7;57,1
19760006863000;2;1;1;0,0
19760006864000;15;8;7;40,5
19760006869000;106;53;53;31,8
19760006887000;1;0;1;0,0
19760006896000;5;3;2;19,8
19760006898000;12;6;6;33,1
19760006899000;4;2;2;0,0
19770006505000;2;2;0;0,0
19770006506000;40;22;18;45,8
19770006507000;34;15;19;33,9
19770006508000;13;5;8;28,3
19770006509000;25;12;13;33,7
19770006511000;9;4;5;35,3
19770006512000;27;16;11;36,2
19770006513000;14;5;9;46,6
19770006514000;9;5;4;35,0
19770006515000;352;183;169;44,4
19770006516000;85;46;39;39,0
19770006517000;2;1;1;0,0
19770006520000;5;3;2;16,0
19770006521000;11;5;6;57,4
19770006522000;4;2;2;0,0
19770006523000;4;2;2;0,0
19770006526000;6;4;2;37,0
19770006527000;8;4;4;22,5
19770006528000;14;8;6;41,7
19770006529000;15;7;8;39,5
19770006530000;14;5;9;28,1
19770006531000;3;2;1;0,0
19770006537000;5;3;2;38,4
19770006538000;15;8;7;27,9
19770006539000;4;1;3;0,0
19770006540000;3;1;2;0,0
19770006543000;4;3;1;0,0
19770006545000;13;8;5;38,9
19770006549000;45;24;21;36,6
19770006550000;4;2;2;0,0
19770006551000;30;17;13;34,3
19770006552000;6;3;3;36,2
19770006555000;17;7;10;40,4
19770006557000;2;1;1;0,0
19770006558000;11;9;2;35,9
19770006560000;28;16;12;45,0
19770006563000;31;13;18;37,9
19770006564000;31;17;14;35,1
19770006565000;11;5;6;27,5
19770006567000;13;7;6;26,5
19770006568000;2;2;0;0,0
19770006569000;15;7;8;43,7
19770006570000;3;1;2;0,0
19770006571000;14;7;7;63,0
19770006587000;64;29;35;36,5
19770006592000;75;46;29;39,1
19770006593000;47;21;26;40,3
19770006594000;36;22;14;38,6
19770006595000;22;12;10;36,2
19770006597000;31;14;17;27,9
19770006598000;10;6;4;37,6
19770006600000;5;3;2;52,8
19770006601000;54;29;25;31,1
19770006603000;7;2;5;39,4
19770006604000;87;45;42;40,1
19770006605000;19;9;10;52,6
19770006614000;39;18;21;39,3
19770006615000;124;56;68;46,0
19770006617000;7;4;3;37,7
19770006618000;2;1;1;0,0
19770006621000;7;5;2;45,7
19770006622000;4;1;3;0,0
19770006627000;39;23;16;35,9
19770006628000;12;5;7;41,3
19770006631000;9;6;3;52,7
19770006633000;6;3;3;37,3
19770006640000;13;7;6;30,8
19770006641000;7;3;4;45,6
19770006642000;35;20;15;43,3
19770006643000;7;4;3;52,4
19770006649000;19;7;12;45,4
19770006650000;15;9;6;41,3
19770006656000;4;2;2;0,0
19770006657000;27;14;13;39,8
19770006658000;16;9;7;55,1
19770006664000;72;33;39;43,5
19770006665000;87;43;44;41,3
19770006666000;2;1;1;0,0
19770006678000;7;4;3;48,6
19770006680000;2;1;1;0,0
19770006681000;4;2;2;0,0
19770006682000;41;24;17;42,9
19770006683000;76;45;31;39,2
19770006693000;1;1;0;0,0
19770006694000;12;6;6;38,8
19770006695000;2;1;1;0,0
19770006714000;38;22;16;35,4
19770006715000;33;17;16;37,8
19770006718000;3;1;2;0,0
19770006719000;4;3;1;0,0
19770006724000;16;8;8;48,9
19770006725000;20;13;7;31,5
19770006727000;2;1;1;0,0
19770006730000;27;15;12;33,6
19770006731000;27;11;16;32,2
19770006737000;40;20;20;39,8
19770006738000;414;219;195;36,9
19770006740000;62;32;30;34,9
19770006741000;162;87;75;36,2
19770006742000;22;14;8;46,9
19770006743000;9;4;5;33,7
19770006744000;19;10;9;34,8
19770006745000;82;43;39;47,9
19770006746000;96;41;55;52,8
19770006747000;7;5;2;38,3
19770006748000;20;12;8;48,1
19770006749000;17;7;10;31,6
19770006751000;4;2;2;0,0
19770006752000;40;18;22;45,5
19770006753000;1;1;0;0,0
19770006756000;4;1;3;0,0
19770006757000;14;5;9;44,4
19770006758000;25;14;11;40,8
19770006759000;21;12;9;45,1
19770006760000;30;12;18;33,3
19770006761000;4;2;2;0,0
19770006763000;40;20;20;45,3
19770006764000;18;12;6;44,8
19770006765000;2;1;1;0,0
19770006766000;4;3;1;0,0
19770006767000;7;4;3;61,4
19770006769000;9;4;5;21,6
19770006770000;2;1;1;0,0
19770006771000;16;5;11;39,2
19770006772000;55;27;28;48,5
19770006773000;8;3;5;47,0
19770006775000;8;3;5;45,8
19770006780000;33;15;18;36,5
19770006781000;2;0;2;0,0
19770006782000;7;4;3;35,7
19770006793000;2;1;1;0,0
19770006800000;20;9;11;49,4
19770006806000;8;4;4;38,4
19770006808000;1;0;1;0,0
19770006814000;11;7;4;50,3
19770006815000;1;0;1;0,0
19770006824000;11;5;6;42,1
19770006825000;25;13;12;39,0
19770006831000;6;3;3;59,5
19770006832000;6;4;2;40,8
19770006835000;9;7;2;46,3
19770006836000;2;1;1;0,0
19770006838000;4;3;1;0,0
19770006839000;58;29;29;46,3
19770006840000;35;17;18;52,7
19770006841000;18;12;6;36,8
19770006842000;16;8;8;51,5
19770006843000;3;1;2;0,0
19770006845000;1;0;1;0,0
19770006849000;9;5;4;36,7
19770006850000;6;2;4;25,7
19770006852000;1;0;1;0,0
19770006853000;11;5;6;48,0
19770006857000;4;1;3;0,0
19770006863000;9;4;5;45,1
19770006869000;274;148;126;33,2
19770006870000;19;11;8;37,2
19770006873000;2;1;1;0,0
19770006892000;2;2;0;0,0
19770006898000;7;4;3;51,3
19770006917000;5;3;2;58,2
19780006505000;24;13;11;37,0
19780006506000;20;7;13;37,9
19780006509000;17;10;7;37,0
19780006511000;6;3;3;23,7
19780006513000;43;21;22;28,2
19780006515000;16;6;10;38,4
19780006516000;19;10;9;47,4
19780006518000;6;4;2;39,2
19780006519000;11;8;3;36,7
19780006520000;12;8;4;28,6
19780006522000;90;41;49;34,3
19780006523000;22;9;13;43,5
19780006524000;20;12;8;37,5
19780006530000;24;15;9;40,3
19780006531000;30;18;12;37,9
19780006532000;19;8;11;27,7
19780006536000;4;2;2;0,0
19780006537000;22;12;10;28,1
19780006538000;11;5;6;49,0
19780006539000;25;14;11;34,7
19780006540000;20;12;8;36,1
19780006541000;3;2;1;0,0
19780006543000;1;0;1;0,0
19780006544000;38;19;19;42,5
19780006545000;10;6;4;38,7
19780006549000;6;3;3;53,0
19780006552000;2;1;1;0,0
19780006560000;32;19;13;40,4
19780006562000;7;4;3;31,3
19780006563000;2;1;1;0,0
19780006564000;10;4;6;30,1
19780006565000;10;7;3;52,3
19780006566000;1;1;0;0,0
19780006578000;3;1;2;0,0
19780006593000;14;8;6;57,9
19780006594000;119;61;58;40,1
19780006595000;14;8;6;38,3
19780006596000;40;24;16;34,7
19780006597000;25;10;15;43,8
19780006600000;10;6;4;38,2
19780006601000;19;12;7;48,7
19780006603000;2;1;1;0,0
19780006604000;19;11;8;47,6
19780006605000;24;12;12;49,3
19780006614000;2;1;1;0,0
19780006615000;19;10;9;37,2
19780006623000;1;1;0;0,0
19780006628000;9;6;3;32,1
19780006631000;9;6;3;40,9
19780006632000;19;10;9;43,5
19780006633000;9;6;3;29,1
19780006642000;334;173;161;33,0
19780006643000;133;67;66;40,2
19780006649000;7;4;3;38,4
19780006655000;6;1;5;40,3
19780006656000;5;2;3;28,4
19780006659000;8;5;3;56,6
19780006664000;121;61;60;40,1
19780006665000;286;146;140;37,3
19780006679000;7;3;4;29,4
19780006680000;4;2;2;0,0
19780006683000;21;14;7;32,3
19780006684000;21;12;9;56,1
19780006685000;7;4;3;49,0
19780006692000;4;2;2;0,0
19780006693000;12;6;6;55,3
19780006694000;13;6;7;42,4
19780006705000;56;29;27;44,7
19780006706000;171;82;89;37,7
19780006707000;5;2;3;46,8
19780006714000;32;17;15;38,7
19780006715000;34;21;13;40,4
19780006716000;12;2;10;37,9
19780006718000;28;14;14;38,6
19780006720000;4;2;2;0,0
19780006725000;1;1;0;0,0
19780006726000;9;3;6;45,2
19780006731000;14;8;6;51,4
19780006736000;45;26;19;45,1
19780006737000;70;36;34;37,9
19780006738000;137;73;64;37,0
19780006739000;402;205;197;40,0
19780006740000;71;35;36;46,9
19780006744000;18;9;9;37,4
19780006745000;212;116;96;36,4
19780006746000;21;13;8;57,6
19780006747000;12;8;4;39,8
19780006749000;21;10;11;47,4
19780006750000;58;27;31;44,4
19780006751000;68;32;36;38,7
19780006752000;37;17;20;31,3
19780006753000;27;14;13;40,1
19780006754000;22;14;8;34,6
19780006756000;109;52;57;41,1
19780006757000;55;30;25;41,7
19780006760000;1;0;1;0,0
19780006761000;8;4;4;57,0
19780006762000;32;18;14;38,2
19780006763000;9;5;4;34,4
19780006768000;2;1;1;0,0
19780006769000;3;1;2;0,0
19780006780000;43;19;24;41,8
19780006781000;25;14;11;51,7
19780006800000;3;1;2;0,0
19780006804000;8;4;4;46,9
19780006805000;11;4;7;37,0
19780006814000;13;6;7;61,2
19780006816000;6;3;3;34,3
19780006817000;4;3;1;0,0
19780006818000;1;0;1;0,0
19780006822000;1;0;1;0,0
19780006824000;11;5;6;48,5
19780006829000;16;9;7;44,9
19780006834000;9;2;7;40,2
19780006836000;9;5;4;37,8
19780006840000;4;2;2;0,0
19780006842000;6;5;1;31,5
19780006859000;6;3;3;39,7
19780006861000;2;1;1;0,0
19780006863000;2;1;1;0,0
19780006866000;2;1;1;0,0
19780006869000;249;131;118;37,1
19780006880000;3;2;1;0,0
19780006881000;9;5;4;59,1
19780006882000;10;5;5;43,7
19780006883000;1;0;1;0,0
19780006887000;1;1;0;0,0
19780006898000;9;2;7;57,2
19780006904000;23;12;11;40,7
19780006905000;12;6;6;41,2
19780006907000;2;1;1;0,0
19780006917000;5;3;2;64,8
19790006516000;26;13;13;45,7
19790006518000;22;12;10;41,5
19790006519000;9;4;5;32,3
19790006520000;19;9;10;43,0
19790006522000;9;5;4;38,4
19790006523000;19;11;8;30,8
19790006524000;44;27;17;35,4
19790006525000;31;19;12;34,1
19790006526000;2;1;1;0,0
19790006529000;12;8;4;41,2
19790006531000;13;6;7;33,2
19790006537000;3;1;2;0,0
19790006541000;4;1;3;0,0
19790006542000;1;0;1;0,0
19790006548000;8;4;4;38,3
19790006549000;20;12;8;40,8
19790006550000;6;4;2;36,2
19790006553000;22;16;6;36,0
19790006556000;9;5;4;40,4
19790006557000;8;5;3;42,4
19790006560000;27;14;13;31,7
19790006564000;2;1;1;0,0
19790006569000;8;6;2;47,0
19790006581000;145;74;71;44,6
19790006582000;301;146;155;37,7
19790006589000;6;3;3;70,3
19790006593000;8;4;4;28,0
19790006594000;450;225;225;41,2
19790006595000;197;99;98;36,5
19790006596000;46;25;21;32,5
19790006601000;14;6;8;39,9
19790006603000;6;2;4;54,5
19790006604000;10;4;6;52,2
19790006605000;4;3;1;0,0
19790006614000;29;17;12;40,0
19790006615000;5;4;1;57,4
19790006629000;7;4;3;45,6
19790006633000;10;4;6;39,4
19790006642000;30;15;15;37,1
19790006643000;86;42;44;33,2
19790006644000;12;8;4;34,3
19790006648000;1;1;0;0,0
19790006659000;8;4;4;49,4
19790006664000;61;30;31;44,5
19790006665000;141;70;71;44,6
19790006669000;68;34;34;39,9
19790006670000;13;7;6;34,4
19790006685000;2;2;0;0,0
19790006693000;13;6;7;39,3
19790006694000;88;47;41;44,6
19790006695000;48;27;21;35,2
19790006704000;2;1;1;0,0
19790006705000;12;5;7;40,4
19790006706000;16;6;10;44,8
19790006707000;15;8;7;31,7
19790006708000;34;18;16;44,2
19790006717000;4;2;2;0,0
19790006718000;14;7;7;40,4
19790006720000;1;1;0;0,0
19790006721000;2;0;2;0,0
19790006735000;87;43;44;38,1
19790006736000;9;4;5;62,2
19790006737000;16;10;6;34,6
19790006738000;20;7;13;23,4
19790006739000;70;33;37;37,6
19790006743000;24;14;10;40,9
19790006744000;24;13;11;44,3
19790006745000;55;24;31;38,4
19790006747000;304;156;148;40,6
19790006748000;4;2;2;0,0
19790006749000;33;17;16;39,6
19790006750000;8;3;5;42,5
19790006751000;14;8;6;51,2
19790006752000;60;30;30;32,0
19790006753000;135;72;63;41,9
19790006754000;17;9;8;53,9
19790006755000;4;0;4;0,0
19790006757000;28;15;13;40,9
19790006758000;56;22;34;48,8
19790006759000;33;16;17;42,5
19790006760000;22;13;9;27,8
19790006766000;1;0;1;0,0
19790006787000;3;2;1;0,0
19790006789000;5;2;3;20,6
19790006795000;1;0;1;0,0
19790006804000;3;2;1;0,0
19790006815000;11;8;3;36,2
19790006819000;7;3;4;18,4
19790006820000;84;41;43;39,7
19790006821000;67;33;34;39,6
19790006822000;1;1;0;0,0
19790006823000;3;2;1;0,0
19790006836000;2;1;1;0,0
19790006837000;4;1;3;0,0
19790006842000;1;1;0;0,0
19790006843000;11;6;5;40,5
19790006850000;3;2;1;0,0
19790006852000;5;2;3;40,6
19790006859000;11;8;3;53,3
19790006860000;4;2;2;0,0
19790006861000;62;34;28;46,3
19790006862000;9;4;5;55,4
19790006869000;8;4;4;32,8
19790006870000;6;4;2;28,7
19790006885000;4;2;2;0,0
19790006887000;2;0;2;0,0
19790006900000;5;2;3;67,8
19790006906000;15;7;8;60,8
19790006907000;199;99;100;37,8
19790006908000;11;5;6;59,1
19790006909000;13;7;6;57,2
19790006912000;3;1;2;0,0
19790006913000;18;9;9;42,6
19800006503000;5;3;2;42,0
19800006504000;11;6;5;55,7
19800006508000;2;1;1;0,0
19800006516000;2;1;1;0,0
19800006517000;4;1;3;0,0
19800006520000;6;4;2;39,8
19800006525000;15;7;8;53,9
19800006526000;65;32;33;30,9
19800006527000;5;2;3;33,6
19800006529000;10;5;5;49,8
19800006532000;21;11;10;38,9
19800006542000;9;4;5;28,8
19800006547000;11;6;5;24,5
19800006548000;4;3;1;0,0
19800006550000;9;4;5;49,7
19800006552000;25;13;12;36,0
19800006553000;2;1;1;0,0
19800006554000;2;0;2;0,0
19800006556000;9;5;4;33,8
19800006557000;1;1;0;0,0
19800006564000;54;27;27;41,5
19800006566000;24;14;10;40,8
19800006567000;59;30;29;39,0
19800006572000;4;2;2;0,0
19800006573000;20;13;7;36,4
19800006574000;7;3;4;36,3
19800006580000;135;65;70;40,7
19800006581000;1376;704;672;32,8
19800006582000;660;313;347;41,4
19800006583000;177;97;80;31,1
19800006589000;20;10;10;41,0
19800006590000;65;32;33;30,7
19800006591000;68;34;34;42,9
19800006601000;3;1;2;0,0
19800006603000;13;5;8;45,9
19800006605000;4;2;2;0,0
19800006606000;14;9;5;50,4
19800006614000;173;86;87;38,5
19800006615000;4;2;2;0,0
19800006616000;1;1;0;0,0
19800006629000;1;1;0;0,0
19800006633000;22;14;8;44,1
19800006642000;3;1;2;0,0
19800006643000;34;18;16;27,2
19800006644000;62;37;25;32,7
19800006647000;31;21;10;34,7
19800006648000;15;8;7;32,2
19800006658000;17;9;8;50,4
19800006659000;12;6;6;34,3
19800006663000;112;51;61;30,2
19800006664000;125;53;72;45,5
19800006665000;172;81;91;46,6
19800006669000;549;280;269;38,1
19800006670000;84;49;35;44,0
19800006671000;84;44;40;44,7
19800006672000;30;16;14;33,6
19800006686000;42;19;23;42,3
19800006687000;2;2;0;0,0
19800006694000;47;24;23;32,8
19800006695000;53;22;31;37,6
19800006704000;24;14;10;46,2
19800006705000;55;23;32;34,0
19800006707000;1;1;0;0,0
19800006708000;12;5;7;38,2
19800006709000;41;21;20;50,3
19800006710000;180;89;91;44,4
19800006711000;60;34;26;25,3
19800006714000;8;3;5;28,6
19800006715000;16;11;5;43,2
19800006716000;38;23;15;35,6
19800006718000;34;22;12;28,4
19800006719000;15;10;5;39,7
19800006735000;63;29;34;37,3
19800006736000;18;8;10;36,3
19800006737000;8;4;4;65,3
19800006739000;61;32;29;43,0
19800006741000;56;27;29;38,5
19800006742000;9;3;6;45,9
19800006743000;44;21;23;34,1
19800006744000;3;2;1;0,0
19800006745000;79;38;41;41,9
19800006746000;233;119;114;32,3
19800006747000;340;174;166;35,6
19800006748000;2;1;1;0,0
19800006749000;13;8;5;49,6
19800006750000;2;1;1;0,0
19800006752000;21;12;9;34,1
19800006753000;8;5;3;46,1
19800006755000;53;26;27;48,9
19800006758000;183;88;95;34,1
19800006759000;56;29;27;40,5
19800006760000;5;2;3;53,0
19800006762000;10;6;4;51,9
19800006763000;6;4;2;27,2
19800006794000;5;3;2;41,6
19800006795000;4;2;2;0,0
19800006804000;11;4;7;24,6
19800006814000;10;3;7;45,0
19800006815000;53;41;12;48,5
19800006816000;6;4;2;39,7
19800006818000;1;0;1;0,0
19800006819000;12;7;5;36,0
19800006821000;1;1;0;0,0
19800006822000;16;6;10;55,6
19800006836000;3;1;2;0,0
19800006837000;1;1;0;0,0
19800006838000;2;1;1;0,0
19800006839000;4;3;1;0,0
19800006840000;15;9;6;52,1
19800006841000;4;2;2;0,0
19800006842000;48;28;20;37,8
19800006843000;16;7;9;38,2
19800006852000;16;10;6;41,4
19800006861000;2;1;1;0,0
19800006872000;9;4;5;35,3
19800006882000;4;2;2;0,0
19800006887000;16;9;7;62,8
19800006894000;29;15;14;59,0
19800006895000;12;6;6;52,7
19800006900000;2;2;0;0,0
19800006902000;2;1;1;0,0
19800006904000;7;4;3;36,1
19800006905000;65;32;33;41,3
19800006906000;279;133;146;37,5
19800006910000;9;5;4;42,3
19800006912000;61;33;28;37,1
19800006913000;19;11;8;37,1
19810006504000;2;1;1;0,0
19810006505000;5;3;2;58,6
19810006510000;9;5;4;44,9
19810006511000;12;6;6;37,4
19810006520000;9;6;3;49,7
19810006521000;4;3;1;0,0
19810006522000;12;6;6;35,3
19810006524000;12;6;6;22,3
19810006525000;5;2;3;72,6
19810006526000;13;9;4;33,2
19810006527000;31;18;13;39,4
19810006528000;373;191;182;36,1
19810006529000;7;4;3;24,9
19810006532000;19;9;10;43,1
19810006535000;11;5;6;27,2
19810006540000;2;1;1;0,0
19810006547000;3;1;2;0,0
19810006548000;5;3;2;69,2
19810006553000;9;4;5;40,0
19810006556000;3;1;2;0,0
19810006557000;7;4;3;29,6
19810006560000;5;4;1;27,2
19810006563000;2;1;1;0,0
19810006567000;48;26;22;35,3
19810006568000;11;8;3;31,0
19810006572000;32;17;15;47,6
19810006573000;34;20;14;51,4
19810006577000;13;6;7;31,2
19810006578000;48;26;22;34,3
19810006579000;178;89;89;40,1
19810006581000;303;149;154;36,6
19810006582000;198;106;92;33,6
19810006585000;9;5;4;38,9
19810006586000;21;9;12;43,7
19810006589000;7;4;3;46,1
19810006590000;27;13;14;36,3
19810006591000;39;23;16;33,3
19810006592000;83;43;40;43,3
19810006601000;8;5;3;53,3
19810006602000;13;9;4;37,6
19810006604000;18;10;8;49,3
19810006605000;3;2;1;0,0
19810006606000;4;2;2;0,0
19810006614000;120;62;58;47,4
19810006615000;12;3;9;49,9
19810006631000;5;2;3;38,6
19810006633000;14;6;8;36,3
19810006634000;17;11;6;52,9
19810006637000;10;5;5;33,7
19810006638000;63;36;27;36,3
19810006639000;42;27;15;31,5
19810006640000;12;5;7;47,3
19810006641000;6;2;4;59,8
19810006642000;54;29;25;37,7
19810006643000;124;59;65;39,5
19810006644000;17;9;8;34,5
19810006645000;16;11;5;46,0
19810006646000;19;11;8;44,4
19810006647000;6;3;3;38,0
19810006658000;3;2;1;0,0
19810006659000;30;15;15;43,6
19810006660000;26;14;12;50,5
19810006663000;81;46;35;35,3
19810006664000;76;36;40;43,9
19810006665000;37;17;20;43,2
19810006668000;17;8;9;51,5
19810006669000;299;155;144;34,9
19810006670000;283;130;153;29,0
19810006671000;195;102;93;37,7
19810006672000;85;43;42;44,8
19810006679000;1;0;1;0,0
19810006686000;2;1;1;0,0
19810006687000;75;33;42;38,0
19810006692000;9;4;5;35,3
19810006694000;1;1;0;0,0
19810006695000;19;9;10;47,3
19810006696000;45;18;27;46,5
19810006704000;6;3;3;75,3
19810006705000;113;56;57;36,8
19810006707000;4;2;2;0,0
19810006710000;73;41;32;40,4
19810006711000;79;43;36;40,0
19810006715000;13;6;7;52,1
19810006716000;84;50;34;30,1
19810006719000;24;14;10;36,8
19810006737000;15;6;9;36,9
19810006739000;31;15;16;41,9
19810006740000;22;11;11;27,5
19810006741000;15;7;8;53,6
19810006742000;79;39;40;34,7
19810006743000;23;12;11;37,2
19810006744000;37;17;20;42,5
19810006745000;59;36;23;38,2
19810006746000;28;14;14;31,5
19810006747000;84;46;38;37,5
19810006748000;13;9;4;35,1
19810006749000;12;5;7;54,1
19810006750000;7;4;3;38,0
19810006754000;22;11;11;44,0
19810006755000;115;51;64;44,4
19810006756000;130;71;59;35,9
19810006758000;7;5;2;29,7
19810006759000;32;18;14;57,0
19810006788000;4;2;2;0,0
19810006803000;11;7;4;49,7
19810006804000;10;6;4;45,4
19810006813000;12;5;7;44,0
19810006814000;7;3;4;43,3
19810006815000;145;68;77;38,0
19810006816000;41;19;22;41,9
19810006817000;3;2;1;0,0
19810006819000;4;3;1;0,0
19810006839000;3;1;2;0,0
19810006840000;2;2;0;0,0
19810006842000;3;1;2;0,0
19810006843000;17;8;9;44,5
19810006852000;25;14;11;47,9
19810006853000;12;5;7;37,2
19810006854000;6;3;3;49,2
19810006857000;4;2;2;0,0
19810006858000;38;22;16;46,1
19810006867000;2;1;1;0,0
19810006868000;21;12;9;31,4
19810006869000;10;4;6;20,5
19810006882000;13;8;5;41,5
19810006884000;14;5;9;42,1
19810006887000;4;1;3;0,0
19810006894000;9;4;5;50,0
19810006895000;41;20;21;46,5
19810006900000;1;1;0;0,0
19810006902000;2;1;1;0,0
19810006905000;51;27;24;43,6
19810006912000;42;19;23;31,9
19810006913000;9;5;4;15,8
19810006914000;9;4;5;36,2
19820006510000;2;2;0;0,0
19820006520000;8;3;5;39,5
19820006521000;32;18;14;36,2
19820006522000;25;12;13;25,2
19820006524000;1;1;0;0,0
19820006527000;3;1;2;0,0
19820006528000;81;41;40;42,8
19820006529000;6;4;2;34,5
19820006530000;4;2;2;0,0
19820006533000;125;62;63;43,2
19820006534000;8;5;3;38,6
19820006540000;41;21;20;28,4
19820006541000;11;5;6;31,7
19820006549000;13;7;6;31,9
19820006550000;3;2;1;0,0
19820006551000;17;10;7;49,2
19820006554000;5;4;1;42,4
19820006555000;102;60;42;32,1
19820006557000;6;2;4;29,7
19820006558000;8;6;2;31,1
19820006560000;28;13;15;33,5
19820006561000;10;6;4;42,6
19820006562000;29;16;13;34,2
19820006563000;209;102;107;37,8
19820006567000;3;1;2;0,0
19820006572000;2;1;1;0,0
19820006577000;48;25;23;36,4
19820006578000;53;29;24;38,3
19820006579000;24;11;13;42,4
19820006581000;48;25;23;36,4
19820006582000;27;15;12;42,2
19820006583000;4;3;1;0,0
19820006585000;44;23;21;40,2
19820006586000;55;30;25;37,9
19820006587000;57;33;24;44,6
19820006589000;2;1;1;0,0
19820006590000;29;17;12;40,1
19820006591000;7;4;3;34,6
19820006592000;1;1;0;0,0
19820006593000;1;1;0;0,0
19820006614000;17;10;7;35,8
19820006615000;28;18;10;34,3
19820006619000;3;1;2;0,0
19820006634000;10;3;7;37,3
19820006636000;6;4;2;43,5
19820006637000;16;7;9;45,3
19820006638000;1;0;1;0,0
19820006639000;1;1;0;0,0
19820006640000;74;46;28;37,0
19820006641000;22;9;13;33,8
19820006642000;55;30;25;41,6
19820006643000;470;234;236;38,8
19820006644000;62;35;27;40,6
19820006645000;49;21;28;41,1
19820006646000;1;0;1;0,0
19820006647000;3;1;2;0,0
19820006648000;14;8;6;45,4
19820006649000;16;10;6;48,5
19820006650000;20;13;7;32,4
19820006651000;4;3;1;0,0
19820006652000;1;1;0;0,0
19820006663000;7;4;3;33,4
19820006668000;62;35;27;36,1
19820006669000;224;113;111;36,5
19820006670000;101;51;50;34,9
19820006671000;686;359;327;41,8
19820006672000;626;293;333;39,9
19820006673000;37;16;21;38,8
19820006687000;5;2;3;68,0
19820006688000;13;7;6;54,9
19820006689000;44;24;20;50,4
19820006690000;3;2;1;0,0
19820006696000;49;26;23;37,8
19820006705000;108;56;52;37,4
19820006706000;57;29;28;43,2
19820006711000;16;5;11;34,9
19820006712000;13;9;4;43,2
19820006716000;19;11;8;31,4
19820006717000;20;8;12;42,7
19820006718000;5;3;2;33,6
19820006720000;10;5;5;56,6
19820006721000;5;3;2;40,0
19820006722000;5;3;2;54,0
19820006723000;3;1;2;0,0
19820006724000;9;4;5;24,3
19820006735000;2;1;1;0,0
19820006736000;45;23;22;40,9
19820006737000;22;12;10;44,2
19820006740000;15;7;8;32,3
19820006741000;27;17;10;47,2
19820006742000;52;25;27;40,4
19820006743000;17;8;9;33,9
19820006744000;42;25;17;36,6
19820006745000;27;13;14;30,6
19820006746000;2;1;1;0,0
19820006747000;46;24;22;37,1
19820006748000;23;11;12;33,0
19820006749000;39;20;19;37,4
19820006750000;18;7;11;52,9
19820006753000;19;11;8;28,7
19820006754000;165;86;79;40,6
19820006755000;54;28;26;42,1
19820006756000;9;5;4;41,6
19820006795000;3;1;2;0,0
19820006796000;8;6;2;37,0
19820006803000;16;7;9;40,9
19820006809000;5;4;1;44,0
19820006815000;39;23;16;33,2
19820006816000;2;1;1;0,0
19820006817000;2;1;1;0,0
19820006818000;2;2;0;0,0
19820006819000;3;2;1;0,0
19820006820000;37;16;21;41,0
19820006821000;2;1;1;0,0
19820006823000;3;2;1;0,0
19820006825000;10;7;3;41,7
19820006826000;20;7;13;39,1
19820006831000;8;6;2;47,4
19820006838000;6;2;4;18,2
19820006839000;4;1;3;0,0
19820006842000;3;2;1;0,0
19820006853000;5;3;2;40,0
19820006854000;21;11;10;43,3
19820006857000;17;7;10;60,2
19820006858000;5;2;3;71,2
19820006868000;4;2;2;0,0
19820006869000;32;17;15;32,7
19820006870000;22;16;6;31,7
19820006882000;17;8;9;42,1
19820006884000;33;15;18;55,8
19820006888000;2;2;0;0,0
19820006894000;2;1;1;0,0
19820006895000;3;1;2;0,0
19820006901000;2;1;1;0,0
19820006904000;31;16;15;30,5
19820006905000;124;62;62;40,5
19820006906000;1174;596;578;41,4
19820006907000;446;212;234;38,3
19820006913000;53;29;24;44,9
19820006914000;37;18;19;41,5
19820006915000;58;30;28;34,1
19830006502000;7;2;5;47,9
19830006504000;3;2;1;0,0
19830006513000;9;5;4;27,4
19830006514000;2;1;1;0,0
19830006516000;2;1;1;0,0
19830006521000;118;60;58;34,5
19830006522000;3;2;1;0,0
19830006525000;2;1;1;0,0
19830006528000;31;13;18;27,8
19830006529000;13;7;6;37,5
19830006530000;46;20;26;41,4
19830006531000;18;10;8;32,1
19830006533000;220;99;121;44,4
19830006534000;298;155;143;31,4
19830006535000;3;2;1;0,0
19830006536000;14;7;7;50,5
19830006541000;16;11;5;49,5
19830006551000;17;10;7;35,2
19830006554000;1;1;0;0,0
19830006555000;557;285;272;33,5
19830006562000;11;6;5;28,1
19830006563000;266;136;130;33,1
19830006570000;21;13;8;29,7
19830006571000;4;2;2;0,0
19830006572000;14;10;4;42,3
19830006577000;205;108;97;40,3
19830006578000;28;14;14;39,8
19830006579000;2;1;1;0,0
19830006581000;27;14;13;31,6
19830006584000;13;6;7;28,3
19830006585000;1;1;0;0,0
19830006586000;9;5;4;32,2
19830006587000;94;57;37;39,2
19830006588000;3;2;1;0,0
19830006593000;8;5;3;65,0
19830006594000;1;1;0;0,0
19830006597000;15;7;8;35,5
19830006598000;25;11;14;30,9
19830006601000;15;7;8;37,4
19830006602000;13;8;5;33,2
19830006615000;20;8;12;41,5
19830006616000;7;4;3;65,7
19830006617000;3;2;1;0,0
19830006636000;149;75;74;37,9
19830006637000;17;12;5;43,6
19830006639000;2;1;1;0,0
19830006643000;463;231;232;37,9
19830006644000;131;74;57;31,2
19830006652000;41;25;16;37,0
19830006660000;22;10;12;37,9
19830006661000;15;7;8;46,3
19830006663000;47;24;23;29,0
19830006664000;64;31;33;38,6
19830006668000;92;49;43;44,4
19830006669000;185;105;80;37,9
19830006670000;138;74;64;33,6
19830006671000;123;56;67;33,6
19830006672000;433;195;238;45,6
19830006673000;4;2;2;0,0
19830006692000;2;1;1;0,0
19830006693000;3;2;1;0,0
19830006695000;2;1;1;0,0
19830006696000;1;1;0;0,0
19830006705000;76;36;40;39,9
19830006706000;25;14;11;55,9
19830006717000;12;5;7;38,3
19830006718000;8;4;4;40,9
19830006722000;3;2;1;0,0
19830006723000;51;26;25;34,7
19830006724000;15;7;8;48,2
19830006725000;14;7;7;52,0
19830006735000;6;5;1;47,8
19830006736000;63;32;31;38,5
19830006737000;2;1;1;0,0
19830006743000;5;2;3;41,4
19830006747000;18;12;6;32,9
19830006748000;5;3;2;38,6
19830006749000;26;14;12;50,5
19830006750000;2;1;1;0,0
19830006752000;7;3;4;35,4
19830006753000;15;9;6;33,9
19830006754000;15;7;8;52,2
19830006755000;45;25;20;35,5
19830006756000;1;1;0;0,0
19830006787000;6;3;3;44,7
19830006788000;7;6;1;43,9
19830006790000;5;3;2;40,4
19830006800000;17;7;10;36,8
19830006809000;5;3;2;47,2
19830006810000;5;3;2;29,4
19830006815000;8;4;4;46,3
19830006816000;7;2;5;69,3
19830006818000;5;4;1;50,6
19830006820000;1;0;1;0,0
19830006821000;2;1;1;0,0
19830006822000;4;1;3;0,0
19830006824000;2;1;1;0,0
19830006825000;7;3;4;32,7
19830006826000;7;5;2;26,9
19830006827000;1;1;0;0,0
19830006828000;1;1;0;0,0
19830006829000;3;1;2;0,0
19830006831000;6;3;3;35,3
19830006833000;9;4;5;38,1
19830006836000;2;2;0;0,0
19830006837000;21;10;11;24,2
19830006838000;23;15;8;49,7
19830006853000;3;2;1;0,0
19830006856000;8;4;4;30,5
19830006858000;16;8;8;33,1
19830006861000;2;0;2;0,0
19830006866000;12;4;8;35,5
19830006868000;5;3;2;61,8
19830006869000;11;6;5;31,0
19830006882000;9;4;5;29,1
19830006883000;27;15;12;45,8
19830006884000;11;7;4;48,5
19830006887000;9;7;2;49,1
19830006888000;2;1;1;0,0
19830006895000;2;1;1;0,0
19830006901000;1;1;0;0,0
19830006904000;95;46;49;36,1
19830006905000;428;221;207;40,2
19830006906000;4;3;1;0,0
19830006907000;339;179;160;43,3
19830006908000;1;1;0;0,0
19830006912000;12;5;7;29,7
19830006914000;24;11;13;36,5
19830006915000;65;41;24;43,6
19840006501000;16;8;8;39,4
19840006509000;2;1;1;0,0
19840006512000;2;1;1;0,0
19840006518000;1;0;1;0,0
19840006519000;5;3;2;28,2
19840006521000;67;40;27;43,4
19840006522000;48;26;22;28,3
19840006523000;14;8;6;37,3
19840006531000;4;2;2;0,0
19840006533000;18;10;8;42,3
19840006534000;377;192;185;29,0
19840006536000;19;10;9;34,9
19840006537000;2;1;1;0,0
19840006541000;2;1;1;0,0
19840006549000;11;5;6;23,2
19840006550000;12;8;4;34,8
19840006555000;284;149;135;32,9
19840006556000;44;21;23;36,2
19840006561000;1;0;1;0,0
19840006562000;18;10;8;46,9
19840006563000;1;1;0;0,0
19840006567000;37;20;17;28,8
19840006568000;49;27;22;39,2
19840006571000;2;2;0;0,0
19840006572000;2;1;1;0,0
19840006577000;305;148;157;38,5
19840006578000;2;1;1;0,0
19840006579000;9;4;5;45,9
19840006580000;4;3;1;0,0
19840006582000;18;7;11;30,5
19840006583000;43;23;20;30,3
19840006584000;38;23;15;30,6
19840006585000;5;3;2;42,6
19840006587000;7;3;4;68,3
19840006588000;27;14;13;48,4
19840006593000;8;4;4;56,9
19840006595000;4;1;3;0,0
19840006596000;24;15;9;39,7
19840006597000;34;14;20;40,9
19840006598000;12;7;5;36,4
19840006600000;5;2;3;28,4
19840006601000;22;12;10;41,4
19840006602000;11;6;5;49,0
19840006603000;5;2;3;42,4
19840006604000;3;2;1;0,0
19840006630000;3;2;1;0,0
19840006633000;8;5;3;46,0
19840006634000;211;110;101;31,7
19840006635000;181;100;81;47,9
19840006636000;177;83;94;41,8
19840006637000;45;24;21;44,6
19840006639000;6;2;4;44,5
19840006642000;16;9;7;45,6
19840006643000;82;42;40;37,8
19840006644000;1;0;1;0,0
19840006648000;8;5;3;38,3
19840006653000;9;5;4;37,8
19840006654000;5;2;3;67,2
19840006662000;46;25;21;38,2
19840006663000;155;81;74;49,6
19840006667000;10;4;6;52,6
19840006668000;353;169;184;37,2
19840006669000;22;10;12;30,7
19840006671000;19;10;9;45,2
19840006672000;11;5;6;46,6
19840006673000;14;6;8;56,0
19840006674000;47;28;19;45,8
19840006675000;14;7;7;62,6
19840006676000;31;16;15;43,0
19840006688000;14;7;7;61,0
19840006689000;2;1;1;0,0
19840006690000;15;7;8;46,1
19840006691000;6;2;4;55,2
19840006705000;2;2;0;0,0
19840006706000;9;4;5;41,0
19840006707000;6;2;4;49,7
19840006708000;5;3;2;53,4
19840006713000;3;1;2;0,0
19840006717000;1;1;0;0,0
19840006718000;42;23;19;40,5
19840006719000;10;7;3;57,7
19840006720000;28;14;14;31,9
19840006721000;15;6;9;41,0
19840006725000;10;4;6;28,9
19840006726000;43;21;22;41,4
19840006728000;11;5;6;40,9
19840006735000;20;11;9;32,8
19840006737000;10;5;5;33,4
19840006738000;45;24;21;46,0
19840006747000;7;3;4;42,3
19840006752000;12;6;6;45,0
19840006753000;6;5;1;61,5
19840006756000;8;4;4;64,1
19840006757000;6;3;3;55,8
19840006758000;7;3;4;53,7
19840006759000;7;4;3;47,4
19840006767000;1;1;0;0,0
19840006787000;20;11;9;44,8
19840006788000;16;7;9;50,3
19840006790000;13;6;7;56,2
19840006800000;4;3;1;0,0
19840006801000;29;12;17;62,1
19840006803000;13;5;8;37,8
19840006808000;3;1;2;0,0
19840006818000;18;9;9;38,9
19840006819000;33;19;14;38,8
19840006820000;38;21;17;42,0
19840006821000;27;14;13;44,3
19840006822000;32;15;17;36,6
19840006823000;3;1;2;0,0
19840006826000;3;2;1;0,0
19840006829000;6;3;3;70,5
19840006830000;5;3;2;62,4
19840006831000;4;2;2;0,0
19840006832000;6;4;2;41,7
19840006834000;22;9;13;41,5
19840006835000;11;7;4;39,6
19840006836000;15;8;7;35,1
19840006837000;164;70;94;22,5
19840006838000;28;14;14;39,6
19840006849000;9;3;6;58,2
19840006856000;23;13;10;41,9
19840006857000;1;0;1;0,0
19840006858000;20;12;8;49,0
19840006861000;2;2;0;0,0
19840006865000;15;7;8;43,0
19840006867000;5;2;3;26,6
19840006868000;6;4;2;33,5
19840006872000;7;2;5;33,7
19840006882000;1;0;1;0,0
19840006883000;14;8;6;45,7
19840006886000;2;1;1;0,0
19840006900000;1;0;1;0,0
19840006902000;3;1;2;0,0
19840006903000;3;1;2;0,0
19840006904000;378;193;185;39,1
19840006905000;110;58;52;38,0
19840006906000;1;1;0;0,0
19840006907000;9;5;4;69,2
19840006908000;20;11;9;46,0
19840006910000;97;51;46;44,2
19840006911000;345;185;160;43,9
19840006912000;108;56;52;39,0
19840006914000;22;12;10;35,8
19840006915000;8;5;3;37,0
19850006499000;7;3;4;52,0
19850006500000;43;24;19;41,7
19850006501000;1;1;0;0,0
19850006502000;3;2;1;0,0
19850006505000;2;1;1;0,0
19850006511000;5;3;2;46,2
19850006512000;3;2;1;0,0
19850006519000;3;1;2;0,0
19850006521000;8;4;4;34,8
19850006522000;79;48;31;46,6
19850006528000;2;1;1;0,0
19850006534000;34;17;17;49,6
19850006537000;1;1;0;0,0
19850006550000;8;4;4;35,9
19850006556000;13;7;6;41,0
19850006562000;16;8;8;44,6
19850006567000;11;6;5;42,7
19850006571000;4;3;1;0,0
19850006574000;2;1;1;0,0
19850006577000;713;347;366;37,7
19850006578000;233;120;113;30,0
19850006581000;20;12;8;43,3
19850006582000;39;18;21;47,3
19850006583000;3;2;1;0,0
19850006584000;29;15;14;36,9
19850006585000;58;27;31;37,3
19850006586000;31;18;13;38,0
19850006587000;123;66;57;38,1
19850006588000;10;6;4;35,7
19850006596000;20;10;10;37,0
19850006604000;5;3;2;64,2
19850006605000;12;5;7;42,7
19850006606000;8;4;4;63,9
19850006620000;10;4;6;41,3
19850006621000;2;1;1;0,0
19850006622000;4;2;2;0,0
19850006623000;2;1;1;0,0
19850006629000;38;20;18;27,6
19850006630000;99;45;54;43,5
19850006631000;3;2;1;0,0
19850006635000;8;4;4;30,9
19850006636000;13;6;7;40,9
19850006637000;5;3;2;54,6
19850006638000;10;6;4;58,5
19850006639000;26;15;11;29,5
19850006643000;20;12;8;52,6
19850006644000;24;12;12;40,7
19850006647000;29;15;14;37,8
19850006649000;8;3;5;49,9
19850006653000;9;4;5;54,7
19850006654000;15;5;10;37,9
19850006662000;23;11;12;32,3
19850006664000;50;28;22;37,8
19850006665000;121;59;62;44,3
19850006666000;31;17;14;52,0
19850006667000;46;23;23;42,5
19850006668000;22;10;12;23,1
19850006677000;46;22;24;42,6
19850006678000;7;3;4;62,0
19850006687000;8;4;4;30,4
19850006688000;10;5;5;33,0
19850006692000;1;1;0;0,0
19850006698000;2;2;0;0,0
19850006699000;12;7;5;33,7
19850006709000;7;4;3;47,9
19850006712000;25;12;13;38,5
19850006713000;44;25;19;52,4
19850006715000;20;11;9;50,5
19850006718000;39;20;19;33,0
19850006719000;52;27;25;42,2
19850006720000;40;17;23;41,6
19850006721000;43;24;19;39,7
19850006722000;6;4;2;32,3
19850006725000;33;20;13;40,2
19850006728000;4;2;2;0,0
19850006729000;24;9;15;37,6
19850006730000;26;16;10;45,5
19850006733000;2;1;1;0,0
19850006734000;2;1;1;0,0
19850006735000;159;81;78;39,8
19850006736000;46;26;20;42,9
19850006737000;1;1;0;0,0
19850006738000;16;9;7;37,7
19850006739000;3;2;1;0,0
19850006757000;80;43;37;45,6
19850006766000;1;1;0;0,0
19850006768000;4;4;0;0,0
19850006781000;9;5;4;48,7
19850006782000;2;0;2;0,0
19850006783000;15;8;7;47,9
19850006784000;2;1;1;0,0
19850006790000;17;11;6;39,7
19850006801000;21;12;9;43,6
19850006802000;69;39;30;33,8
19850006803000;61;33;28;38,9
19850006809000;6;3;3;47,8
19850006817000;1;1;0;0,0
19850006818000;10;5;5;29,9
19850006819000;9;3;6;33,8
19850006828000;2;1;1;0,0
19850006829000;1;0;1;0,0
19850006830000;2;1;1;0,0
19850006835000;5;3;2;51,4
19850006836000;118;64;54;36,1
19850006837000;4;3;1;0,0
19850006840000;3;3;0;0,0
19850006849000;1;1;0;0,0
19850006851000;2;1;1;0,0
19850006852000;5;2;3;40,6
19850006856000;37;23;14;46,7
19850006858000;1;1;0;0,0
19850006861000;31;16;15;38,6
19850006864000;19;10;9;43,4
19850006865000;33;17;16;32,4
19850006886000;11;7;4;35,5
19850006900000;1;1;0;0,0
19850006903000;82;49;33;28,6
19850006904000;69;29;40;38,5
19850006908000;14;7;7;36,0
19850006909000;10;4;6;54,0
19850006910000;29;16;13;44,6
19850006911000;61;31;30;40,0
19850006912000;45;24;21;34,4
19850006913000;67;34;33;39,9
19850006914000;34;18;16;49,5
19860006504000;5;3;2;35,8
19860006519000;3;1;2;0,0
19860006520000;11;5;6;47,3
19860006521000;28;13;15;34,5
19860006522000;37;22;15;37,7
19860006523000;9;6;3;26,2
19860006529000;8;4;4;31,6
19860006536000;5;3;2;12,8
19860006538000;10;6;4;34,7
19860006563000;7;3;4;48,6
19860006564000;9;3;6;39,2
19860006565000;4;2;2;0,0
19860006566000;13;6;7;25,4
19860006574000;4;1;3;0,0
19860006575000;104;54;50;37,8
19860006576000;697;353;344;45,3
19860006577000;1592;775;817;36,2
19860006578000;1016;516;500;29,9
19860006581000;3;1;2;0,0
19860006582000;70;34;36;36,0
19860006583000;42;23;19;34,2
19860006584000;18;11;7;42,5
19860006586000;39;19;20;39,6
19860006587000;63;31;32;36,4
19860006589000;6;1;5;15,2
19860006590000;6;1;5;13,5
19860006595000;4;3;1;0,0
19860006601000;9;4;5;45,0
19860006605000;21;11;10;39,7
19860006606000;1;1;0;0,0
19860006607000;5;3;2;65,8
19860006612000;2;1;1;0,0
19860006614000;10;5;5;55,2
19860006615000;15;5;10;39,5
19860006616000;19;11;8;41,6
19860006628000;29;9;20;37,9
19860006629000;26;11;15;22,5
19860006630000;275;151;124;40,5
19860006631000;64;35;29;41,0
19860006632000;15;8;7;25,3
19860006636000;13;7;6;30,0
19860006643000;12;8;4;45,8
19860006644000;18;8;10;41,2
19860006646000;49;26;23;39,6
19860006647000;16;11;5;45,8
19860006654000;6;2;4;26,5
19860006661000;1;1;0;0,0
19860006664000;109;55;54;41,1
19860006665000;100;52;48;34,6
19860006666000;14;8;6;46,1
19860006677000;38;22;16;34,2
19860006678000;425;223;202;37,4
19860006679000;12;5;7;20,3
19860006686000;17;10;7;55,8
19860006687000;20;12;8;53,9
19860006688000;9;4;5;34,1
19860006693000;1;0;1;0,0
19860006695000;4;2;2;0,0
19860006697000;31;17;14;53,6
19860006698000;24;10;14;58,4
19860006699000;23;9;14;48,5
19860006700000;4;2;2;0,0
19860006703000;2;1;1;0,0
19860006704000;55;31;24;57,5
19860006705000;1;1;0;0,0
19860006706000;23;13;10;48,6
19860006713000;14;5;9;37,1
19860006714000;4;2;2;0,0
19860006719000;7;2;5;39,3
19860006720000;2;1;1;0,0
19860006726000;2;1;1;0,0
19860006728000;8;6;2;62,1
19860006729000;1;1;0;0,0
19860006730000;9;5;4;57,2
19860006731000;10;5;5;48,1
19860006735000;4;3;1;0,0
19860006736000;5;2;3;43,4
19860006738000;5;2;3;45,6
19860006740000;28;15;13;48,3
19860006746000;8;5;3;41,0
19860006748000;7;4;3;42,1
19860006756000;17;6;11;29,6
19860006757000;35;20;15;49,9
19860006766000;28;14;14;43,7
19860006781000;9;6;3;27,9
19860006784000;9;3;6;74,6
19860006785000;1;0;1;0,0
19860006788000;43;22;21;26,8
19860006789000;10;4;6;59,4
19860006792000;2;1;1;0,0
19860006793000;10;5;5;47,4
19860006798000;8;3;5;50,8
19860006801000;1;1;0;0,0
19860006803000;27;15;12;36,0
19860006809000;6;2;4;49,3
19860006816000;4;2;2;0,0
19860006817000;2;2;0;0,0
19860006828000;5;3;2;67,0
19860006829000;2;1;1;0,0
19860006840000;102;51;51;38,4
19860006841000;9;5;4;38,9
19860006850000;1;0;1;0,0
19860006853000;4;3;1;0,0
19860006861000;1;1;0;0,0
19860006864000;21;14;7;43,6
19860006869000;2;1;1;0,0
19860006886000;139;67;72;42,4
19860006891000;1;1;0;0,0
19860006898000;10;6;4;54,1
19860006902000;11;7;4;39,0
19860006903000;17;10;7;21,2
19860006911000;6;3;3;44,5
19860006931000;36;18;18;40,9
19860006932000;8;2;6;22,8
19870006499000;11;6;5;41,6
19870006502000;2;1;1;0,0
19870006519000;2;1;1;0,0
19870006520000;19;11;8;51,6
19870006521000;6;3;3;51,5
19870006522000;2;1;1;0,0
19870006523000;5;2;3;49,2
19870006524000;1;0;1;0,0
19870006528000;9;5;4;37,7
19870006533000;4;3;1;0,0
19870006535000;3;2;1;0,0
19870006536000;9;5;4;54,0
19870006537000;11;5;6;42,1
19870006562000;5;2;3;53,4
19870006563000;91;51;40;44,8
19870006565000;13;5;8;40,4
19870006574000;62;30;32;31,0
19870006575000;249;132;117;34,3
19870006576000;318;162;156;36,0
19870006577000;1297;648;649;37,0
19870006578000;307;156;151;31,5
19870006582000;40;17;23;31,1
19870006583000;33;18;15;40,1
19870006584000;15;8;7;55,6
19870006587000;7;3;4;29,4
19870006589000;22;8;14;26,5
19870006595000;9;5;4;29,6
19870006597000;12;7;5;54,1
19870006598000;1;1;0;0,0
19870006606000;3;2;1;0,0
19870006612000;18;10;8;56,3
19870006614000;36;16;20;36,8
19870006628000;7;4;3;50,3
19870006629000;6;3;3;66,3
19870006631000;19;11;8;37,3
19870006632000;40;21;19;31,3
19870006646000;132;66;66;38,8
19870006647000;5;3;2;49,4
19870006649000;5;4;1;59,8
19870006654000;2;1;1;0,0
19870006655000;17;10;7;32,9
19870006656000;77;41;36;37,7
19870006678000;55;26;29;37,8
19870006679000;11;6;5;35,1
19870006686000;32;10;22;42,9
19870006687000;20;10;10;44,2
19870006693000;2;1;1;0,0
19870006694000;1;1;0;0,0
19870006701000;3;2;1;0,0
19870006702000;8;4;4;62,9
19870006703000;99;51;48;42,3
19870006704000;29;18;11;42,7
19870006706000;5;2;3;24,6
19870006707000;5;2;3;60,2
19870006708000;37;19;18;30,8
19870006713000;18;8;10;49,3
19870006714000;121;58;63;39,3
19870006715000;73;41;32;37,7
19870006720000;5;3;2;33,6
19870006724000;7;5;2;35,1
19870006726000;22;13;9;45,6
19870006727000;12;7;5;48,6
19870006728000;30;15;15;43,0
19870006729000;25;13;12;46,5
19870006731000;43;20;23;41,0
19870006732000;19;11;8;39,0
19870006739000;26;12;14;43,2
19870006740000;51;23;28;44,2
19870006745000;4;2;2;0,0
19870006759000;4;2;2;0,0
19870006760000;4;3;1;0,0
19870006762000;2;1;1;0,0
19870006765000;5;4;1;43,6
19870006766000;3;3;0;0,0
19870006781000;4;2;2;0,0
19870006785000;2;1;1;0,0
19870006786000;1;0;1;0,0
19870006788000;11;6;5;67,4
19870006789000;70;40;30;47,7
19870006790000;16;7;9;30,2
19870006801000;15;7;8;54,6
19870006802000;20;9;11;41,8
19870006803000;22;14;8;34,9
19870006810000;15;7;8;41,3
19870006814000;7;3;4;31,3
19870006816000;25;13;12;53,9
19870006817000;2;1;1;0,0
19870006825000;2;2;0;0,0
19870006826000;17;9;8;51,9
19870006829000;1;1;0;0,0
19870006836000;5;3;2;40,8
19870006837000;2;1;1;0,0
19870006838000;12;9;3;38,3
19870006839000;49;18;31;47,7
19870006840000;364;187;177;39,8
19870006841000;270;126;144;37,8
19870006852000;15;9;6;39,2
19870006853000;26;10;16;28,9
19870006855000;7;4;3;60,3
19870006861000;13;7;6;41,2
19870006862000;2;1;1;0,0
19870006863000;7;4;3;68,6
19870006864000;2;1;1;0,0
19870006869000;7;3;4;38,1
19870006886000;345;177;168;40,4
19870006898000;2;1;1;0,0
19870006899000;5;3;2;45,0
19870006902000;2;1;1;0,0
19870006903000;12;7;5;38,8
19870006907000;3;2;1;0,0
19870006911000;40;22;18;54,9
19870006914000;2;1;1;0,0
19870006931000;42;21;21;33,1
19880006499000;34;15;19;47,0
19880006500000;5;3;2;37,4
19880006503000;2;1;1;0,0
19880006504000;2;1;1;0,0
19880006508000;2;1;1;0,0
19880006519000;8;5;3;38,8
19880006520000;3;2;1;0,0
19880006522000;14;6;8;49,7
19880006523000;23;12;11;37,5
19880006524000;8;5;3;24,6
19880006534000;7;4;3;37,4
19880006535000;13;5;8;35,4
19880006536000;18;9;9;32,0
19880006537000;7;4;3;46,1
19880006539000;25;14;11;43,3
19880006556000;2;1;1;0,0
19880006557000;4;2;2;0,0
19880006562000;19;10;9;52,9
19880006563000;317;157;160;35,9
19880006564000;73;38;35;48,0
19880006566000;7;4;3;36,4
19880006567000;11;5;6;33,5
19880006572000;3;2;1;0,0
19880006573000;33;17;16;35,4
19880006574000;52;29;23;45,9
19880006576000;2;1;1;0,0
19880006582000;10;7;3;28,2
19880006587000;5;3;2;40,6
19880006590000;18;11;7;34,3
19880006591000;32;15;17;28,1
19880006592000;42;18;24;37,4
19880006596000;7;4;3;40,0
19880006597000;17;9;8;35,5
19880006598000;4;2;2;0,0
19880006601000;15;10;5;36,3
19880006604000;6;3;3;51,8
19880006605000;3;2;1;0,0
19880006606000;9;5;4;61,8
19880006612000;2;1;1;0,0
19880006632000;19;11;8;43,1
19880006633000;40;20;20;36,1
19880006646000;91;54;37;39,2
19880006647000;51;28;23;34,2
19880006648000;6;4;2;60,0
19880006649000;1;0;1;0,0
19880006650000;31;15;16;39,5
19880006656000;54;33;21;39,6
19880006661000;43;21;22;38,6
19880006678000;15;7;8;42,4
19880006679000;34;16;18;43,1
19880006687000;16;8;8;42,0
19880006688000;165;81;84;44,4
19880006689000;4;1;3;0,0
19880006692000;8;2;6;23,6
19880006693000;6;3;3;72,7
19880006694000;3;1;2;0,0
19880006700000;1;1;0;0,0
19880006701000;2;1;1;0,0
19880006702000;2;1;1;0,0
19880006703000;4;2;2;0,0
19880006706000;2;1;1;0,0
19880006707000;28;15;13;46,4
19880006708000;52;29;23;43,9
19880006713000;31;18;13;42,5
19880006714000;263;122;141;43,5
19880006715000;138;74;64;37,8
19880006728000;2;1;1;0,0
19880006729000;8;5;3;39,0
19880006731000;48;23;25;51,8
19880006738000;41;25;16;45,7
19880006741000;74;43;31;37,6
19880006743000;2;1;1;0,0
19880006748000;1;1;0;0,0
19880006749000;2;2;0;0,0
19880006761000;4;1;3;0,0
19880006766000;8;3;5;37,9
19880006780000;2;1;1;0,0
19880006785000;6;3;3;82,7
19880006786000;8;4;4;24,1
19880006791000;12;5;7;51,9
19880006805000;6;4;2;46,7
19880006806000;3;2;1;0,0
19880006811000;8;4;4;42,6
19880006812000;12;4;8;44,6
19880006815000;5;2;3;50,4
19880006816000;18;8;10;37,2
19880006817000;2;1;1;0,0
19880006827000;2;0;2;0,0
19880006830000;4;3;1;0,0
19880006836000;4;2;2;0,0
19880006837000;13;6;7;40,5
19880006838000;96;54;42;40,7
19880006839000;63;35;28;35,8
19880006840000;179;89;90;38,7
19880006841000;182;79;103;47,7
19880006851000;21;10;11;22,3
19880006852000;12;7;5;37,0
19880006855000;23;16;7;27,0
19880006856000;8;5;3;57,8
19880006864000;1;0;1;0,0
19880006865000;13;10;3;42,5
19880006866000;8;4;4;43,6
19880006867000;1;1;0;0,0
19880006869000;9;5;4;47,3
19880006871000;1;1;0;0,0
19880006886000;277;141;136;42,6
19880006887000;319;166;153;40,2
19880006898000;11;7;4;56,1
19880006902000;37;20;17;47,4
19880006903000;74;39;35;39,3
19880006905000;9;5;4;45,3
19880006909000;19;10;9;44,1
19880006910000;26;13;13;55,1
19880006914000;14;7;7;64,6
19880006924000;5;3;2;72,6
19880006926000;13;7;6;64,7
19880006927000;4;2;2;0,0
19880006931000;9;6;3;61,8
19890006498000;14;8;6;50,6
19890006499000;75;38;37;46,8
19890006500000;35;20;15;26,9
19890006502000;10;6;4;32,6
19890006503000;7;3;4;47,7
19890006522000;15;7;8;42,6
19890006523000;8;4;4;31,1
19890006524000;17;10;7;42,6
19890006525000;6;4;2;29,2
19890006542000;13;8;5;27,8
19890006559000;20;12;8;44,3
19890006560000;23;10;13;34,6
19890006562000;2;0;2;0,0
19890006563000;18;9;9;35,1
19890006566000;2;1;1;0,0
19890006568000;6;3;3;62,2
19890006572000;1;1;0;0,0
19890006573000;8;5;3;35,5
19890006574000;1;0;1;0,0
19890006587000;4;3;1;0,0
19890006588000;32;15;17;45,9
19890006591000;3;1;2;0,0
19890006592000;6;4;2;30,8
19890006593000;60;30;30;33,1
19890006594000;10;6;4;47,8
19890006596000;9;4;5;54,8
19890006597000;13;5;8;34,8
19890006598000;6;4;2;52,7
19890006601000;5;4;1;29,0
19890006604000;5;2;3;13,2
19890006605000;1;1;0;0,0
19890006616000;5;2;3;46,2
19890006617000;11;5;6;44,4
19890006618000;2;2;0;0,0
19890006628000;17;7;10;21,1
19890006629000;28;13;15;36,4
19890006632000;5;3;2;59,8
19890006633000;38;20;18;40,3
19890006634000;55;28;27;35,7
19890006635000;13;6;7;34,5
19890006646000;13;8;5;53,6
19890006647000;7;4;3;39,7
19890006648000;247;119;128;42,1
19890006650000;34;21;13;37,7
19890006656000;17;9;8;46,8
19890006657000;1;0;1;0,0
19890006661000;8;3;5;48,8
19890006662000;8;5;3;46,1
19890006678000;95;44;51;45,6
19890006679000;5;3;2;45,8
19890006681000;4;3;1;0,0
19890006688000;20;10;10;52,4
19890006693000;3;1;2;0,0
19890006696000;1;1;0;0,0
19890006697000;17;9;8;32,5
19890006706000;9;5;4;49,6
19890006707000;8;5;3;58,4
19890006708000;49;27;22;49,8
19890006709000;2;1;1;0,0
19890006713000;6;4;2;59,2
19890006714000;139;65;74;36,2
19890006728000;26;12;14;43,9
19890006731000;20;9;11;43,7
19890006732000;93;47;46;38,9
19890006737000;3;2;1;0,0
19890006738000;1;1;0;0,0
19890006740000;27;16;11;43,3
19890006741000;86;39;47;42,2
19890006765000;1;1;0;0,0
19890006767000;4;2;2;0,0
19890006772000;2;1;1;0,0
19890006781000;5;2;3;54,2
19890006785000;112;54;58;35,0
19890006805000;6;3;3;44,8
19890006806000;31;13;18;36,0
19890006811000;122;49;73;46,2
19890006815000;23;14;9;41,5
19890006817000;5;2;3;38,8
19890006820000;2;1;1;0,0
19890006836000;12;7;5;37,8
19890006838000;11;6;5;52,0
19890006839000;6;2;4;32,8
19890006842000;6;3;3;53,7
19890006850000;2;2;0;0,0
19890006851000;3;2;1;0,0
19890006852000;6;2;4;37,2
19890006855000;32;15;17;48,2
19890006864000;6;2;4;63,8
19890006865000;3;2;1;0,0
19890006868000;21;11;10;51,3
19890006872000;12;8;4;30,2
19890006886000;159;78;81;37,1
19890006892000;2;1;1;0,0
19890006898000;2;1;1;0,0
19890006909000;229;102;127;39,5
19890006910000;48;22;26;43,6
19890006925000;1;0;1;0,0
19890006926000;2;1;1;0,0
19890006930000;8;4;4;32,9
19890006931000;16;12;4;38,0
19890006932000;5;2;3;49,2
19890006933000;36;18;18;48,1
19900006497000;138;72;66;38,7
19900006498000;175;86;89;34,1
19900006499000;524;253;271;36,8
19900006500000;512;269;243;37,2
19900006502000;29;17;12;48,1
19900006503000;5;2;3;20,4
19900006505000;27;14;13;29,4
19900006506000;15;7;8;47,9
19900006507000;2;0;2;0,0
19900006512000;1;1;0;0,0
19900006513000;7;3;4;41,7
19900006514000;12;5;7;45,5
19900006515000;11;6;5;26,2
19900006517000;9;5;4;36,6
19900006519000;5;2;3;60,6
19900006521000;1;0;1;0,0
19900006522000;2;1;1;0,0
19900006523000;12;7;5;40,8
19900006524000;3;2;1;0,0
19900006525000;7;5;2;38,1
19900006539000;18;10;8;37,4
19900006542000;6;3;3;58,8
19900006557000;11;5;6;50,1
19900006558000;67;31;36;39,1
19900006562000;34;21;13;26,5
19900006567000;5;3;2;48,0
19900006578000;12;7;5;43,5
19900006579000;7;4;3;44,4
19900006588000;24;16;8;40,5
19900006590000;6;2;4;30,5
19900006593000;125;67;58;38,5
19900006594000;54;27;27;30,7
19900006596000;11;5;6;29,4
19900006597000;3;1;2;0,0
19900006598000;1;1;0;0,0
19900006599000;1;1;0;0,0
19900006601000;8;3;5;39,8
19900006602000;6;2;4;31,8
19900006606000;4;3;1;0,0
19900006611000;11;6;5;57,2
19900006612000;90;40;50;52,8
19900006618000;9;5;4;46,3
19900006619000;9;4;5;38,2
19900006620000;7;4;3;32,4
19900006621000;6;2;4;25,0
19900006627000;16;6;10;36,2
19900006628000;30;13;17;41,1
19900006629000;33;22;11;46,7
19900006630000;16;8;8;32,4
19900006633000;16;7;9;36,2
19900006634000;23;10;13;45,1
19900006648000;226;90;136;44,7
19900006649000;218;113;105;42,1
19900006650000;33;17;16;40,3
19900006656000;291;147;144;40,0
19900006657000;4;2;2;0,0
19900006662000;67;31;36;40,3
19900006663000;25;14;11;37,0
19900006678000;118;62;56;40,8
19900006679000;354;179;175;40,7
19900006685000;10;5;5;34,1
19900006687000;13;7;6;40,2
19900006688000;3;1;2;0,0
19900006689000;11;6;5;41,1
19900006693000;2;1;1;0,0
19900006708000;23;10;13;44,6
19900006713000;2;1;1;0,0
19900006714000;17;7;10;33,1
19900006728000;25;14;11;38,8
19900006731000;78;37;41;37,0
19900006732000;231;122;109;41,8
19900006733000;62;39;23;40,2
19900006737000;28;12;16;49,3
19900006740000;13;7;6;48,5
19900006764000;2;1;1;0,0
19900006767000;2;1;1;0,0
19900006768000;45;22;23;42,2
19900006769000;10;5;5;44,4
19900006770000;2;2;0;0,0
19900006771000;5;3;2;38,0
19900006774000;1;1;0;0,0
19900006775000;2;1;1;0,0
19900006785000;17;8;9;52,9
19900006811000;54;30;24;40,8
19900006817000;14;7;7;39,0
19900006818000;7;3;4;42,1
19900006819000;2;1;1;0,0
19900006820000;1;0;1;0,0
19900006827000;10;4;6;30,6
19900006835000;13;6;7;31,2
19900006836000;23;13;10;43,7
19900006838000;11;6;5;54,9
19900006841000;5;2;3;28,6
19900006851000;79;40;39;36,4
19900006852000;30;11;19;43,8
19900006853000;5;2;3;68,0
19900006855000;30;15;15;43,6
19900006864000;11;6;5;18,1
19900006866000;3;3;0;0,0
19900006868000;22;12;10;45,9
19900006871000;7;4;3;29,4
19900006872000;2;0;2;0,0
19900006908000;11;4;7;22,7
19900006909000;7;4;3;25,9
19900006911000;9;5;4;26,6
19900006929000;2;1;1;0,0
19900006930000;2;2;0;0,0
19900006934000;5;1;4;30,8
19900006935000;4;2;2;0,0
19910006498000;39;21;18;50,0
19910006499000;290;138;152;41,3
19910006500000;685;328;357;43,3
19910006503000;7;5;2;17,4
19910006506000;1;0;1;0,0
19910006507000;6;4;2;55,7
19910006508000;2;2;0;0,0
19910006509000;2;1;1;0,0
19910006510000;7;3;4;43,9
19910006511000;9;5;4;31,6
19910006513000;3;2;1;0,0
19910006515000;19;11;8;40,6
19910006516000;2;1;1;0,0
19910006522000;1;1;0;0,0
19910006524000;9;4;5;47,7
19910006525000;4;3;1;0,0
19910006531000;5;3;2;61,4
19910006540000;2;1;1;0,0
19910006541000;10;5;5;53,9
19910006542000;14;9;5;38,1
19910006544000;6;4;2;35,3
19910006554000;8;4;4;20,8
19910006555000;72;39;33;35,6
19910006558000;36;20;16;39,8
19910006562000;101;45;56;30,4
19910006588000;42;22;20;39,0
19910006595000;1;1;0;0,0
19910006599000;31;17;14;38,9
19910006601000;3;2;1;0,0
19910006602000;8;5;3;50,4
19910006605000;5;1;4;33,0
19910006607000;1;0;1;0,0
19910006611000;5;2;3;53,2
19910006612000;69;41;28;37,4
19910006614000;8;5;3;29,4
19910006615000;1;0;1;0,0
19910006619000;1;1;0;0,0
19910006620000;38;20;18;29,3
19910006621000;16;8;8;44,6
19910006623000;1;1;0;0,0
19910006629000;16;6;10;55,3
19910006630000;13;6;7;53,6
19910006631000;7;3;4;45,4
19910006632000;1;0;1;0,0
19910006634000;3;1;2;0,0
19910006636000;3;1;2;0,0
19910006647000;36;14;22;33,2
19910006648000;79;43;36;40,0
19910006649000;320;163;157;38,1
19910006650000;243;121;122;35,5
19910006655000;23;15;8;45,0
19910006656000;276;139;137;45,7
19910006657000;37;20;17;37,0
19910006663000;44;25;19;42,1
19910006664000;1;1;0;0,0
19910006677000;1;0;1;0,0
19910006678000;44;25;19;40,5
19910006679000;41;20;21;27,4
19910006680000;228;119;109;36,6
19910006687000;21;13;8;36,4
19910006690000;2;1;1;0,0
19910006697000;9;4;5;62,2
19910006709000;12;6;6;30,1
19910006713000;43;22;21;41,5
19910006714000;33;18;15;39,2
19910006715000;26;12;14;23,1
19910006728000;89;45;44;44,0
19910006729000;188;96;92;39,0
19910006731000;96;51;45;39,3
19910006732000;8;3;5;32,1
19910006733000;3;1;2;0,0
19910006738000;36;17;19;33,6
19910006739000;1;1;0;0,0
19910006740000;278;151;127;36,4
19910006742000;1;1;0;0,0
19910006744000;2;1;1;0,0
19910006745000;9;4;5;46,4
19910006750000;1;1;0;0,0
19910006763000;7;2;5;39,6
19910006768000;8;4;4;26,5
19910006769000;1;1;0;0,0
19910006775000;4;2;2;0,0
19910006776000;3;2;1;0,0
19910006805000;8;4;4;54,3
19910006806000;52;26;26;37,5
19910006812000;15;8;7;35,1
19910006813000;2;1;1;0,0
19910006814000;5;3;2;62,0
19910006817000;10;5;5;47,4
19910006818000;22;11;11;37,8
19910006827000;10;5;5;48,2
19910006828000;5;2;3;20,0
19910006836000;9;4;5;44,8
19910006842000;21;13;8;37,2
19910006850000;4;3;1;0,0
19910006851000;17;7;10;35,2
19910006853000;7;4;3;37,6
19910006854000;2;1;1;0,0
19910006855000;9;5;4;34,4
19910006861000;2;1;1;0,0
19910006864000;3;1;2;0,0
19910006868000;3;2;1;0,0
19910006871000;11;8;3;53,6
19910006872000;4;2;2;0,0
19910006896000;48;22;26;41,4
19910006897000;36;21;15;31,3
19910006898000;3;1;2;0,0
19910006902000;7;3;4;65,9
19910006907000;27;14;13;35,0
19910006910000;8;4;4;26,9
19910006911000;4;2;2;0,0
19910006913000;4;2;2;0,0
19910006924000;11;4;7;42,5
19910006928000;2;1;1;0,0
19910006929000;6;4;2;60,2
19910006934000;38;22;16;44,6
19920006495000;2;2;0;0,0
19920006498000;2;1;1;0,0
19920006499000;66;36;30;38,5
19920006500000;54;24;30;38,2
19920006501000;24;12;12;42,0
19920006502000;7;5;2;59,0
19920006503000;4;2;2;0,0
19920006511000;7;3;4;41,6
19920006512000;3;2;1;0,0
19920006522000;9;5;4;45,6
19920006525000;4;3;1;0,0
19920006545000;37;19;18;37,9
19920006553000;11;5;6;35,6
19920006554000;21;11;10;42,0
19920006555000;3;2;1;0,0
19920006559000;14;9;5;54,0
19920006563000;5;3;2;46,2
19920006564000;15;9;6;43,5
19920006580000;2;1;1;0,0
19920006590000;22;13;9;44,7
19920006591000;26;14;12;33,5
19920006592000;21;14;7;33,8
19920006594000;4;2;2;0,0
19920006596000;1;1;0;0,0
19920006597000;13;8;5;41,8
19920006598000;19;9;10;51,2
19920006599000;68;40;28;39,2
19920006601000;5;3;2;58,6
19920006621000;12;6;6;51,2
19920006624000;5;3;2;34,4
19920006627000;12;8;4;48,2
19920006630000;23;10;13;40,3
19920006631000;11;7;4;38,5
19920006647000;37;21;16;42,2
19920006648000;42;21;21;38,8
19920006649000;67;37;30;39,9
19920006650000;39;20;19;35,9
19920006655000;5;3;2;34,6
19920006656000;3;2;1;0,0
19920006657000;38;19;19;47,5
19920006658000;9;4;5;38,4
19920006676000;4;3;1;0,0
19920006677000;40;21;19;44,9
19920006678000;4;2;2;0,0
19920006680000;13;8;5;44,7
19920006690000;7;2;5;65,9
19920006691000;7;2;5;43,1
19920006710000;1;1;0;0,0
19920006713000;63;30;33;33,4
19920006714000;1;1;0;0,0
19920006728000;2;1;1;0,0
19920006729000;59;30;29;43,4
19920006730000;373;174;199;45,9
19920006731000;313;158;155;35,2
19920006732000;5;2;3;58,8
19920006738000;46;24;22;45,9
19920006739000;57;31;26;44,0
19920006740000;670;335;335;42,1
19920006741000;32;16;16;48,0
19920006742000;5;2;3;30,6
19920006745000;8;5;3;63,0
19920006748000;60;36;24;41,6
19920006749000;9;4;5;39,0
19920006761000;9;5;4;58,1
19920006763000;2;1;1;0,0
19920006764000;3;2;1;0,0
19920006812000;3;1;2;0,0
19920006817000;18;15;3;44,4
19920006818000;2;1;1;0,0
19920006827000;12;6;6;43,3
19920006834000;2;1;1;0,0
19920006836000;11;5;6;42,8
19920006838000;3;1;2;0,0
19920006841000;12;8;4;44,3
19920006842000;13;6;7;44,7
19920006849000;24;13;11;47,9
19920006850000;10;6;4;46,4
19920006852000;3;2;1;0,0
19920006854000;5;3;2;64,6
19920006864000;4;2;2;0,0
19920006867000;13;9;4;36,4
19920006869000;2;1;1;0,0
19920006872000;2;2;0;0,0
19920006895000;2;1;1;0,0
19920006896000;21;10;11;42,7
19920006898000;30;14;16;60,6
19920006899000;4;3;1;0,0
19920006906000;22;11;11;40,3
19920006907000;35;22;13;44,7
19920006908000;29;15;14;50,3
19920006910000;9;6;3;32,0
19920006912000;18;10;8;47,2
19920006913000;4;2;2;0,0
19920006923000;1;1;0;0,0
19920006924000;13;6;7;61,5
19920006933000;5;2;3;70,6
19930006496000;10;8;2;62,4
19930006500000;29;11;18;37,5
19930006502000;3;1;2;0,0
19930006503000;7;4;3;53,6
19930006504000;3;2;1;0,0
19930006514000;4;3;1;0,0
19930006516000;3;1;2;0,0
19930006522000;9;4;5;35,2
19930006523000;2;1;1;0,0
19930006552000;9;5;4;42,4
19930006553000;11;6;5;34,2
19930006559000;2;1;1;0,0
19930006560000;18;10;8;42,8
19930006563000;5;2;3;31,6
19930006568000;3;1;2;0,0
19930006591000;5;3;2;21,6
19930006592000;9;5;4;45,3
19930006593000;19;8;11;29,3
19930006596000;16;6;10;48,2
19930006597000;22;13;9;46,0
19930006598000;6;5;1;37,3
19930006599000;6;2;4;38,3
19930006602000;5;2;3;32,2
19930006604000;10;6;4;42,2
19930006611000;3;2;1;0,0
19930006612000;4;2;2;0,0
19930006613000;3;2;1;0,0
19930006616000;1;1;0;0,0
19930006618000;6;2;4;33,5
19930006620000;2;1;1;0,0
19930006621000;28;11;17;30,6
19930006622000;6;4;2;49,8
19930006624000;1;1;0;0,0
19930006627000;9;5;4;52,7
19930006628000;6;2;4;45,3
19930006636000;5;4;1;54,4
19930006646000;1;1;0;0,0
19930006647000;82;44;38;36,0
19930006648000;99;50;49;37,3
19930006649000;90;56;34;34,1
19930006650000;6;4;2;27,2
19930006656000;2;1;1;0,0
19930006657000;2;1;1;0,0
19930006663000;5;3;2;65,6
19930006676000;1;1;0;0,0
19930006680000;21;10;11;59,5
19930006681000;2;2;0;0,0
19930006689000;5;3;2;67,6
19930006709000;1;0;1;0,0
19930006710000;8;4;4;31,1
19930006713000;82;41;41;35,6
19930006715000;16;10;6;34,3
19930006729000;31;19;12;33,3
19930006730000;7;4;3;17,0
19930006731000;56;28;28;41,7
19930006732000;6;3;3;31,3
19930006733000;1;1;0;0,0
19930006740000;17;10;7;36,0
19930006741000;34;19;15;33,7
19930006748000;347;162;185;40,3
19930006749000;322;165;157;38,4
19930006757000;1;1;0;0,0
19930006758000;1;1;0;0,0
19930006789000;5;3;2;31,6
19930006812000;2;1;1;0,0
19930006827000;15;8;7;40,9
19930006828000;15;7;8;30,4
19930006834000;4;3;1;0,0
19930006837000;3;2;1;0,0
19930006842000;17;11;6;48,4
19930006850000;3;2;1;0,0
19930006854000;5;3;2;38,6
19930006859000;12;8;4;37,3
19930006866000;83;41;42;31,9
19930006872000;8;3;5;47,0
19930006898000;14;8;6;45,1
19930006899000;35;19;16;38,0
19930006909000;4;2;2;0,0
19930006910000;2;1;1;0,0
19930006911000;1;0;1;0,0
19930006912000;4;2;2;0,0
19930006914000;4;1;3;0,0
19930006933000;4;2;2;0,0
19940006502000;4;2;2;0,0
19940006503000;5;3;2;54,4
19940006506000;8;5;3;26,1
19940006509000;2;1;1;0,0
19940006510000;3;1;2;0,0
19940006514000;8;5;3;18,6
19940006521000;21;11;10;35,3
19940006522000;12;6;6;43,1
19940006523000;4;1;3;0,0
19940006552000;35;18;17;49,5
19940006560000;20;9;11;27,7
19940006561000;6;4;2;61,2
19940006568000;12;7;5;34,3
19940006590000;35;18;17;47,6
19940006592000;5;3;2;37,8
19940006593000;19;11;8;33,5
19940006594000;2;1;1;0,0
19940006595000;2;1;1;0,0
19940006596000;29;14;15;24,7
19940006597000;8;3;5;36,8
19940006598000;44;23;21;40,9
19940006609000;2;2;0;0,0
19940006610000;14;7;7;42,6
19940006611000;2;1;1;0,0
19940006612000;1;1;0;0,0
19940006613000;4;3;1;0,0
19940006616000;3;1;2;0,0
19940006617000;18;9;9;36,7
19940006619000;32;22;10;41,1
19940006620000;3;1;2;0,0
19940006621000;4;3;1;0,0
19940006622000;11;6;5;55,4
19940006627000;5;3;2;62,2
19940006628000;2;1;1;0,0
19940006636000;8;3;5;54,6
19940006646000;43;22;21;29,2
19940006647000;24;14;10;39,1
19940006648000;29;14;15;46,1
19940006649000;47;20;27;38,8
19940006650000;38;18;20;31,5
19940006651000;8;3;5;27,8
19940006656000;7;4;3;29,0
19940006659000;8;5;3;67,0
19940006660000;4;2;2;0,0
19940006661000;5;3;2;27,8
19940006674000;18;9;9;33,7
19940006675000;6;4;2;41,2
19940006681000;6;3;3;27,2
19940006689000;6;2;4;65,3
19940006690000;26;13;13;57,2
19940006691000;46;25;21;49,0
19940006692000;24;13;11;47,4
19940006693000;2;2;0;0,0
19940006708000;6;3;3;50,0
19940006709000;11;7;4;60,0
19940006711000;17;8;9;36,9
19940006713000;26;16;10;34,5
19940006715000;4;2;2;0,0
19940006716000;1;1;0;0,0
19940006727000;4;2;2;0,0
19940006728000;55;26;29;40,8
19940006729000;42;25;17;43,1
19940006741000;4;2;2;0,0
19940006749000;50;28;22;37,1
19940006750000;9;4;5;28,4
19940006759000;2;1;1;0,0
19940006761000;10;6;4;34,5
19940006762000;11;6;5;36,1
19940006763000;27;14;13;28,3
19940006766000;1;1;0;0,0
19940006772000;7;4;3;24,0
19940006807000;8;4;4;33,8
19940006808000;1;1;0;0,0
19940006814000;10;5;5;55,5
19940006826000;5;2;3;33,6
19940006827000;4;4;0;0,0
19940006840000;2;1;1;0,0
19940006848000;9;4;5;47,4
19940006849000;2;1;1;0,0
19940006851000;15;9;6;48,0
19940006859000;5;1;4;36,0
19940006863000;20;13;7;44,4
19940006864000;174;94;80;35,9
19940006865000;139;65;74;45,9
19940006866000;22;12;10;49,0
19940006872000;5;2;3;70,6
19940006896000;8;4;4;33,4
19940006911000;32;15;17;38,4
19940006912000;3;2;1;0,0
19940006916000;6;3;3;40,3
19940006917000;13;6;7;60,6
19940006927000;2;1;1;0,0
19950006492000;4;2;2;0,0
19950006504000;7;4;3;28,6
19950006513000;11;5;6;38,4
19950006521000;25;13;12;40,2
19950006551000;208;112;96;38,2
19950006561000;3;2;1;0,0
19950006585000;5;3;2;56,6
19950006590000;120;66;54;39,5
19950006591000;5;2;3;29,4
19950006592000;3;2;1;0,0
19950006593000;6;4;2;21,8
19950006594000;10;5;5;40,7
19950006595000;25;15;10;34,8
19950006597000;8;5;3;35,0
19950006598000;33;15;18;34,0
19950006599000;4;2;2;0,0
19950006604000;17;9;8;36,8
19950006605000;29;18;11;46,4
19950006609000;11;6;5;50,2
19950006610000;5;3;2;26,4
19950006612000;5;2;3;35,6
19950006613000;7;4;3;32,7
19950006615000;6;2;4;40,3
19950006618000;4;2;2;0,0
19950006620000;19;9;10;33,2
19950006627000;6;2;4;51,0
19950006628000;2;1;1;0,0
19950006636000;1;0;1;0,0
19950006637000;1;1;0;0,0
19950006646000;15;7;8;51,9
19950006647000;14;9;5;29,1
19950006650000;29;14;15;38,6
19950006651000;9;6;3;48,0
19950006656000;1;1;0;0,0
19950006659000;14;7;7;50,6
19950006660000;4;2;2;0,0
19950006666000;4;2;2;0,0
19950006668000;1;0;1;0,0
19950006673000;15;5;10;30,6
19950006684000;4;3;1;0,0
19950006691000;2;1;1;0,0
19950006692000;98;54;44;30,1
19950006693000;137;66;71;43,7
19950006694000;22;12;10;46,8
19950006695000;10;5;5;58,0
19950006696000;10;6;4;65,2
19950006697000;3;0;3;0,0
19950006700000;5;2;3;42,8
19950006701000;27;13;14;48,1
19950006702000;3;2;1;0,0
19950006703000;3;2;1;0,0
19950006707000;3;2;1;0,0
19950006708000;4;2;2;0,0
19950006709000;5;4;1;62,4
19950006711000;9;3;6;48,8
19950006712000;12;7;5;47,3
19950006714000;7;3;4;53,6
19950006715000;31;19;12;39,5
19950006734000;2;1;1;0,0
19950006751000;4;1;3;0,0
19950006760000;8;6;2;50,3
19950006761000;93;46;47;51,2
19950006762000;14;6;8;45,2
19950006763000;14;9;5;61,5
19950006771000;1;1;0;0,0
19950006806000;2;1;1;0,0
19950006814000;14;7;7;45,7
19950006822000;11;7;4;44,8
19950006824000;1;0;1;0,0
19950006825000;2;1;1;0,0
19950006827000;1;1;0;0,0
19950006834000;1;1;0;0,0
19950006839000;9;3;6;34,2
19950006840000;7;4;3;70,7
19950006841000;14;8;6;44,7
19950006850000;2;1;1;0,0
19950006851000;6;2;4;27,2
19950006853000;14;7;7;38,9
19950006854000;32;16;16;52,9
19950006858000;14;8;6;35,4
19950006861000;2;1;1;0,0
19950006862000;1;0;1;0,0
19950006863000;16;8;8;44,2
19950006865000;110;63;47;41,3
19950006872000;7;5;2;39,9
19950006894000;4;3;1;0,0
19950006896000;9;4;5;39,1
19950006903000;3;2;1;0,0
19950006904000;7;3;4;32,6
19950006911000;26;13;13;57,5
19950006912000;5;2;3;21,0
19950006920000;3;1;2;0,0
19950006924000;2;1;1;0,0
19950006925000;131;64;67;35,7
19950006926000;32;17;15;45,3
19950006928000;6;4;2;61,7
19950006929000;14;6;8;38,7
19960006491000;2;1;1;0,0
19960006492000;20;8;12;60,2
19960006504000;17;9;8;57,2
19960006513000;16;7;9;39,7
19960006514000;12;6;6;42,6
19960006515000;7;4;3;27,3
19960006516000;6;3;3;43,0
19960006518000;9;5;4;30,3
19960006519000;13;7;6;27,2
19960006520000;122;59;63;37,0
19960006521000;3;1;2;0,0
19960006522000;10;4;6;43,7
19960006550000;18;10;8;35,2
19960006551000;246;123;123;25,6
19960006570000;2;1;1;0,0
19960006585000;1;0;1;0,0
19960006588000;1;1;0;0,0
19960006589000;4;4;0;0,0
19960006590000;128;70;58;37,2
19960006591000;4;3;1;0,0
19960006592000;15;8;7;41,3
19960006593000;1;1;0;0,0
19960006598000;4;2;2;0,0
19960006599000;159;88;71;39,4
19960006602000;13;7;6;42,3
19960006603000;16;11;5;53,0
19960006604000;20;11;9;39,6
19960006605000;25;13;12;52,6
19960006619000;3;1;2;0,0
19960006626000;2;1;1;0,0
19960006627000;1;1;0;0,0
19960006630000;3;2;1;0,0
19960006646000;1;1;0;0,0
19960006647000;13;8;5;40,2
19960006650000;4;2;2;0,0
19960006651000;19;10;9;37,9
19960006652000;7;3;4;40,7
19960006656000;7;4;3;29,7
19960006666000;13;6;7;49,1
19960006668000;1;1;0;0,0
19960006670000;4;3;1;0,0
19960006679000;36;15;21;35,4
19960006680000;31;18;13;44,3
19960006683000;6;3;3;68,2
19960006684000;1;1;0;0,0
19960006704000;40;25;15;46,1
19960006705000;3;2;1;0,0
19960006706000;8;3;5;58,3
19960006707000;11;6;5;36,2
19960006709000;1;1;0;0,0
19960006712000;18;7;11;40,8
19960006713000;2;1;1;0,0
19960006714000;8;4;4;32,0
19960006731000;4;2;2;0,0
19960006732000;13;8;5;48,3
19960006733000;5;2;3;50,6
19960006734000;4;2;2;0,0
19960006751000;21;12;9;60,8
19960006760000;9;4;5;48,3
19960006761000;79;38;41;39,7
19960006804000;3;2;1;0,0
19960006805000;38;20;18;39,6
19960006815000;9;5;4;54,0
19960006816000;2;1;1;0,0
19960006824000;7;2;5;36,6
19960006825000;15;11;4;36,5
19960006839000;2;0;2;0,0
19960006840000;13;8;5;40,7
19960006841000;12;7;5;39,8
19960006850000;21;12;9;36,9
19960006851000;10;6;4;40,4
19960006854000;5;3;2;31,2
19960006858000;7;3;4;44,7
19960006862000;13;9;4;34,3
19960006864000;61;28;33;43,1
19960006872000;40;19;21;45,9
19960006901000;4;2;2;0,0
19960006903000;29;13;16;34,1
19960006914000;48;21;27;44,7
19960006915000;47;25;22;41,9
19960006916000;463;233;230;44,2
19960006917000;36;19;17;45,4
19960006918000;38;21;17;39,2
19960006923000;12;6;6;38,6
19960006924000;171;93;78;43,8
19960006925000;155;71;84;41,2
19960006926000;14;7;7;41,4
19960006927000;7;4;3;63,1
19960006929000;23;12;11;38,8
19970006492000;8;3;5;48,5
19970006505000;50;24;26;23,5
19970006506000;2;1;1;0,0
19970006513000;14;9;5;42,6
19970006514000;7;4;3;59,7
19970006515000;8;3;5;38,1
19970006516000;5;1;4;51,2
19970006517000;15;7;8;36,2
19970006518000;27;14;13;42,0
19970006519000;36;18;18;34,4
19970006520000;15;7;8;40,9
19970006521000;1;1;0;0,0
19970006522000;2;2;0;0,0
19970006527000;6;3;3;67,3
19970006555000;9;6;3;28,7
19970006570000;7;4;3;37,6
19970006585000;2;2;0;0,0
19970006589000;4;3;1;0,0
19970006590000;105;49;56;41,7
19970006598000;25;14;11;43,6
19970006599000;334;154;180;40,4
19970006600000;44;19;25;41,1
19970006602000;7;4;3;36,3
19970006604000;11;4;7;42,4
19970006620000;1;1;0;0,0
19970006621000;5;3;2;18,4
19970006627000;6;4;2;58,2
19970006648000;11;7;4;61,3
19970006650000;8;4;4;43,0
19970006655000;5;4;1;26,2
19970006658000;20;10;10;41,7
19970006659000;8;4;4;41,9
19970006666000;18;10;8;27,7
19970006669000;29;16;13;31,7
19970006670000;7;5;2;34,0
19970006677000;13;7;6;47,5
19970006678000;39;20;19;44,3
19970006679000;216;120;96;32,9
19970006680000;223;108;115;36,4
19970006681000;1;0;1;0,0
19970006697000;13;6;7;50,5
19970006698000;6;1;5;38,7
19970006703000;13;8;5;41,6
19970006704000;23;11;12;39,5
19970006712000;8;4;4;32,6
19970006713000;9;6;3;51,9
19970006735000;1;1;0;0,0
19970006751000;156;84;72;40,4
19970006760000;31;16;15;46,9
19970006761000;6;3;3;35,3
19970006763000;22;12;10;35,3
19970006805000;2;1;1;0,0
19970006810000;3;2;1;0,0
19970006814000;4;1;3;0,0
19970006815000;3;2;1;0,0
19970006825000;7;3;4;25,4
19970006839000;28;14;14;43,9
19970006848000;22;10;12;36,2
19970006851000;36;18;18;40,8
19970006854000;12;7;5;55,1
19970006862000;13;7;6;33,7
19970006863000;9;4;5;41,1
19970006903000;2;1;1;0,0
19970006904000;57;33;24;50,5
19970006905000;22;11;11;51,0
19970006906000;11;5;6;68,5
19970006914000;13;6;7;43,6
19970006915000;19;7;12;47,7
19970006916000;147;75;72;34,6
19970006922000;11;5;6;51,7
19970006923000;19;13;6;48,2
19970006924000;52;25;27;38,6
19970006929000;5;3;2;51,6
19980006492000;20;8;12;38,5
19980006493000;61;32;29;50,9
19980006505000;31;14;17;31,0
19980006506000;5;2;3;43,8
19980006527000;1;1;0;0,0
19980006540000;1;1;0;0,0
19980006545000;19;8;11;37,8
19980006548000;12;8;4;46,8
19980006555000;38;19;19;37,1
19980006563000;52;30;22;35,5
19980006586000;9;4;5;37,4
19980006588000;19;8;11;27,4
19980006589000;5;2;3;60,6
19980006590000;62;33;29;38,1
19980006591000;2;1;1;0,0
19980006598000;8;5;3;48,0
19980006599000;55;27;28;39,5
19980006608000;5;4;1;24,2
19980006618000;2;1;1;0,0
19980006627000;15;9;6;34,3
19980006629000;2;1;1;0,0
19980006651000;19;11;8;35,3
19980006652000;12;7;5;37,8
19980006658000;4;2;2;0,0
19980006659000;4;3;1;0,0
19980006676000;18;9;9;40,2
19980006677000;14;7;7;37,9
19980006678000;29;14;15;38,7
19980006679000;14;8;6;50,0
19980006680000;151;72;79;38,7
19980006681000;209;103;106;43,2
19980006682000;142;68;74;42,9
19980006683000;2;1;1;0,0
19980006684000;93;39;54;49,2
19980006685000;205;87;118;40,7
19980006686000;22;10;12;48,4
19980006695000;22;14;8;60,5
19980006696000;10;5;5;56,7
19980006703000;10;4;6;57,8
19980006705000;3;1;2;0,0
19980006714000;3;1;2;0,0
19980006728000;1;1;0;0,0
19980006735000;1;1;0;0,0
19980006751000;165;79;86;40,7
19980006752000;784;351;433;44,3
19980006753000;54;28;26;42,0
19980006756000;3;2;1;0,0
19980006757000;2;1;1;0,0
19980006759000;73;36;37;43,7
19980006762000;13;8;5;41,5
19980006793000;1;0;1;0,0
19980006805000;14;7;7;51,5
19980006815000;2;1;1;0,0
19980006839000;35;20;15;35,9
19980006851000;11;5;6;36,5
19980006862000;10;6;4;45,2
19980006863000;10;6;4;42,3
19980006872000;38;21;17;38,5
19980006873000;10;4;6;43,5
19980006904000;76;37;39;40,1
19980006906000;7;2;5;47,0
19980006912000;2;1;1;0,0
19980006913000;30;10;20;40,6
19980006914000;28;13;15;48,2
19980006915000;44;22;22;41,9
19980006921000;18;6;12;45,0
19980006922000;8;3;5;42,5
19990006492000;4;2;2;0,0
19990006493000;85;40;45;34,9
19990006504000;34;18;16;38,4
19990006505000;9;3;6;41,2
19990006535000;26;13;13;38,2
19990006540000;3;2;1;0,0
19990006545000;4;2;2;0,0
19990006546000;9;5;4;28,6
19990006548000;24;12;12;43,3
19990006555000;33;14;19;44,5
19990006588000;11;6;5;37,1
19990006589000;24;10;14;38,7
19990006590000;3;1;2;0,0
19990006597000;15;9;6;28,1
19990006598000;41;17;24;31,6
19990006599000;6;4;2;37,0
19990006601000;6;2;4;55,5
19990006609000;15;6;9;41,0
19990006610000;15;8;7;30,5
19990006611000;25;16;9;42,7
19990006614000;19;10;9;33,2
19990006617000;5;1;4;16,2
19990006627000;17;8;9;43,6
19990006628000;5;3;2;43,4
19990006647000;1;1;0;0,0
19990006652000;14;8;6;50,3
19990006653000;19;9;10;38,6
19990006658000;1;1;0;0,0
19990006660000;2;1;1;0,0
19990006680000;13;8;5;56,4
19990006681000;60;29;31;44,1
19990006682000;65;37;28;41,4
19990006683000;149;73;76;46,8
19990006684000;348;171;177;44,8
19990006685000;14;7;7;42,2
19990006686000;5;1;4;38,4
19990006687000;44;24;20;50,1
19990006688000;55;27;28;46,3
19990006694000;1;1;0;0,0
19990006695000;23;12;11;57,7
19990006696000;53;23;30;50,2
19990006707000;9;4;5;29,7
19990006708000;8;5;3;44,6
19990006714000;6;4;2;22,5
19990006715000;11;5;6;47,0
19990006716000;11;5;6;35,6
19990006717000;7;4;3;59,7
19990006718000;2;0;2;0,0
19990006729000;30;16;14;41,4
19990006754000;17;10;7;51,2
19990006758000;1;1;0;0,0
19990006767000;12;8;4;43,3
19990006768000;61;29;32;49,8
19990006777000;11;7;4;54,5
19990006814000;5;3;2;37,6
19990006815000;8;5;3;44,1
19990006825000;2;1;1;0,0
19990006826000;7;3;4;33,6
19990006829000;6;4;2;37,7
19990006839000;19;10;9;43,6
19990006842000;15;9;6;42,6
19990006847000;2;1;1;0,0
19990006848000;4;3;1;0,0
19990006849000;2;1;1;0,0
19990006862000;3;1;2;0,0
19990006863000;31;18;13;36,3
19990006864000;26;13;13;45,5
19990006872000;13;6;7;46,5
19990006873000;10;4;6;20,6
19990006904000;133;60;73;48,5
19990006907000;2;2;0;0,0
19990006912000;19;8;11;48,6
19990006914000;6;3;3;32,0
19990006915000;11;4;7;45,5
19990006920000;4;2;2;0,0
19990006921000;16;7;9;43,1
19990006934000;5;4;1;45,8
20000006504000;3;2;1;0,0
20000006507000;2;2;0;0,0
20000006535000;8;3;5;19,8
20000006536000;10;6;4;46,9
20000006545000;17;8;9;42,5
20000006546000;29;11;18;33,7
20000006587000;10;6;4;40,7
20000006588000;7;2;5;38,3
20000006596000;8;5;3;32,6
20000006597000;3;1;2;0,0
20000006610000;1;1;0;0,0
20000006611000;119;54;65;37,6
20000006613000;9;5;4;58,0
20000006614000;4;1;3;0,0
20000006615000;5;3;2;30,4
20000006627000;8;5;3;39,8
20000006653000;21;11;10;45,6
20000006659000;2;1;1;0,0
20000006660000;7;4;3;34,9
20000006661000;5;3;2;35,6
20000006662000;29;17;12;43,0
20000006680000;5;3;2;28,2
20000006683000;16;10;6;40,9
20000006684000;39;21;18;49,8
20000006685000;13;8;5;50,3
20000006688000;6;2;4;70,2
20000006689000;6;3;3;53,3
20000006690000;4;2;2;0,0
20000006695000;27;16;11;48,0
20000006696000;2;1;1;0,0
20000006703000;2;1;1;0,0
20000006708000;9;4;5;66,6
20000006709000;143;72;71;40,4
20000006710000;57;31;26;34,3
20000006730000;1;1;0;0,0
20000006737000;1;1;0;0,0
20000006755000;2;1;1;0,0
20000006768000;22;8;14;47,8
20000006769000;4;3;1;0,0
20000006770000;7;3;4;56,0
20000006777000;100;44;56;35,7
20000006809000;4;1;3;0,0
20000006814000;3;2;1;0,0
20000006821000;6;4;2;52,5
20000006839000;20;8;12;36,6
20000006840000;35;22;13;36,8
20000006841000;42;19;23;42,7
20000006842000;12;6;6;25,7
20000006849000;5;2;3;64,8
20000006851000;19;11;8;45,3
20000006862000;30;15;15;38,9
20000006866000;16;8;8;29,3
20000006867000;12;6;6;43,2
20000006900000;5;3;2;33,4
20000006904000;120;59;61;45,1
20000006905000;22;12;10;56,5
20000006913000;6;4;2;38,5
20000006914000;2;1;1;0,0
20000006919000;9;5;4;43,0
20000006934000;28;15;13;48,2
20000006935000;6;3;3;52,2
20010006490000;7;4;3;62,7
20010006491000;7;4;3;45,7
20010006535000;4;2;2;0,0
20010006536000;3;2;1;0,0
20010006555000;9;5;4;32,9
20010006586000;2;2;0;0,0
20010006587000;2;1;1;0,0
20010006599000;7;4;3;38,3
20010006600000;7;4;3;40,3
20010006609000;5;3;2;14,8
20010006610000;76;37;39;39,4
20010006611000;32;15;17;46,2
20010006612000;15;7;8;37,3
20010006617000;4;3;1;0,0
20010006625000;1;1;0;0,0
20010006629000;4;1;3;0,0
20010006653000;8;4;4;45,0
20010006654000;7;3;4;53,7
20010006655000;78;41;37;30,8
20010006656000;24;11;13;39,6
20010006661000;48;25;23;39,7
20010006662000;9;6;3;56,8
20010006683000;3;2;1;0,0
20010006690000;2;1;1;0,0
20010006691000;14;9;5;39,2
20010006692000;2;1;1;0,0
20010006696000;4;2;2;0,0
20010006697000;14;8;6;50,2
20010006709000;8;3;5;42,0
20010006710000;90;41;49;41,9
20010006711000;2;1;1;0,0
20010006729000;2;2;0;0,0
20010006750000;11;5;6;49,8
20010006754000;1;1;0;0,0
20010006771000;2;1;1;0,0
20010006777000;65;30;35;40,5
20010006809000;1;1;0;0,0
20010006815000;11;7;4;56,5
20010006816000;23;11;12;60,3
20010006822000;10;6;4;39,1
20010006838000;4;3;1;0,0
20010006840000;129;68;61;42,9
20010006841000;109;51;58;35,3
20010006846000;7;3;4;38,1
20010006847000;1;1;0;0,0
20010006849000;1;1;0;0,0
20010006851000;7;5;2;33,0
20010006852000;12;6;6;42,8
20010006853000;10;3;7;49,9
20010006860000;1;1;0;0,0
20010006862000;23;8;15;40,0
20010006867000;15;8;7;46,2
20010006868000;2;1;1;0,0
20010006900000;20;9;11;35,2
20010006904000;17;11;6;48,6
20010006905000;26;16;10;54,1
20010006911000;30;16;14;61,5
20010006912000;13;6;7;40,1
20010006916000;8;2;6;37,1
20010006917000;34;18;16;39,1
20010006918000;22;12;10;47,0
20010006925000;15;7;8;50,9
20010006926000;12;6;6;31,1
20010006930000;6;4;2;38,3
20010006932000;1;0;1;0,0
20010006933000;20;10;10;57,4
20010006935000;24;10;14;35,4
20010006936000;7;4;3;33,6
20020006495000;1;1;0;0,0
20020006503000;1;1;0;0,0
20020006504000;2;1;1;0,0
20020006509000;2;2;0;0,0
20020006528000;1;1;0;0,0
20020006536000;7;3;4;30,6
20020006550000;16;9;7;37,3
20020006554000;6;4;2;52,0
20020006555000;7;3;4;42,1
20020006587000;2;1;1;0,0
20020006598000;12;5;7;32,8
20020006599000;9;3;6;31,3
20020006609000;11;6;5;48,1
20020006610000;7;2;5;32,9
20020006611000;35;18;17;53,3
20020006612000;3;2;1;0,0
20020006616000;9;4;5;31,0
20020006617000;2;1;1;0,0
20020006627000;4;2;2;0,0
20020006631000;6;3;3;20,5
20020006652000;7;6;1;14,7
20020006653000;7;3;4;32,0
20020006654000;2;1;1;0,0
20020006655000;3;2;1;0,0
20020006660000;14;4;10;40,4
20020006661000;15;7;8;45,2
20020006692000;14;7;7;51,9
20020006696000;3;2;1;0,0
20020006697000;3;1;2;0,0
20020006710000;5;1;4;51,2
20020006711000;16;9;7;53,1
20020006712000;38;22;16;52,8
20020006713000;28;13;15;36,4
20020006756000;4;2;2;0,0
20020006816000;3;2;1;0,0
20020006838000;6;3;3;41,3
20020006839000;30;16;14;40,0
20020006840000;31;14;17;49,7
20020006841000;22;11;11;38,8
20020006847000;35;19;16;32,8
20020006848000;16;8;8;42,7
20020006849000;5;4;1;39,8
20020006852000;22;9;13;38,3
20020006862000;5;2;3;21,0
20020006867000;2;1;1;0,0
20020006876000;1;1;0;0,0
20020006898000;25;11;14;39,5
20020006899000;4;2;2;0,0
20020006900000;8;4;4;37,5
20020006902000;1;1;0;0,0
20020006903000;21;14;7;41,0
20020006906000;15;8;7;45,1
20020006911000;7;4;3;41,7
20020006912000;17;8;9;48,2
20020006916000;8;5;3;56,0
20020006917000;16;9;7;54,3
20020006922000;9;3;6;34,1
20020006923000;12;5;7;48,0
20020006927000;22;12;10;54,3
20020006928000;5;3;2;64,0
20020006932000;25;11;14;41,4
20020006933000;75;42;33;43,5
20020006934000;21;10;11;54,7
20020006935000;13;6;7;39,4
20030006485000;87;47;40;48,6
20030006486000;111;56;55;37,8
20030006490000;12;8;4;41,2
20030006491000;1;0;1;0,0
20030006495000;1;0;1;0,0
20030006536000;11;5;6;30,4
20030006554000;2;2;0;0,0
20030006555000;8;5;3;26,8
20030006575000;1;1;0;0,0
20030006587000;6;4;2;34,8
20030006588000;6;3;3;64,7
20030006591000;2;1;1;0,0
20030006592000;2;2;0;0,0
20030006599000;1;1;0;0,0
20030006609000;9;5;4;34,6
20030006612000;15;10;5;26,7
20030006621000;4;2;2;0,0
20030006631000;15;7;8;27,3
20030006654000;20;10;10;42,0
20030006693000;3;2;1;0,0
20030006699000;7;5;2;32,4
20030006712000;20;11;9;45,0
20030006713000;79;41;38;51,3
20030006714000;149;76;73;42,4
20030006715000;100;48;52;39,1
20030006716000;6;4;2;55,5
20030006749000;6;4;2;42,2
20030006772000;5;3;2;20,0
20030006773000;11;6;5;48,9
20030006777000;1;1;0;0,0
20030006778000;13;6;7;38,7
20030006816000;2;1;1;0,0
20030006838000;8;3;5;47,3
20030006839000;12;6;6;40,0
20030006840000;87;47;40;47,0
20030006841000;10;6;4;36,3
20030006846000;10;5;5;34,2
20030006847000;5;3;2;64,4
20030006848000;6;2;4;27,5
20030006849000;17;6;11;67,2
20030006852000;7;3;4;49,0
20030006853000;2;1;1;0,0
20030006873000;9;4;5;68,1
20030006897000;47;19;28;49,4
20030006898000;46;23;23;49,6
20030006899000;11;5;6;45,6
20030006902000;23;14;9;48,1
20030006903000;10;5;5;45,4
20030006912000;22;10;12;46,2
20030006913000;12;5;7;45,5
20030006914000;10;7;3;45,7
20030006915000;9;5;4;47,1
20030006916000;5;2;3;65,2
20030006917000;2;1;1;0,0
20030006922000;42;25;17;38,6
20030006928000;36;18;18;39,3
20030006929000;38;23;15;50,6
20030006930000;37;22;15;46,3
20030006931000;3;2;1;0,0
20030006938000;13;5;8;46,2
20040006470000;185;100;85;41,3
20040006471000;284;143;141;39,9
20040006484000;6;4;2;45,0
20040006485000;43;20;23;55,2
20040006486000;21;9;12;42,3
20040006490000;1;0;1;0,0
20040006491000;35;18;17;41,5
20040006494000;3;2;1;0,0
20040006500000;2;1;1;0,0
20040006514000;1;1;0;0,0
20040006519000;20;9;11;35,3
20040006520000;13;9;4;30,5
20040006521000;4;1;3;0,0
20040006529000;3;3;0;0,0
20040006551000;6;3;3;54,2
20040006574000;1;1;0;0,0
20040006588000;16;6;10;32,3
20040006598000;5;2;3;48,4
20040006599000;2;1;1;0,0
20040006600000;7;3;4;47,3
20040006605000;6;4;2;56,3
20040006608000;1;1;0;0,0
20040006623000;11;6;5;29,1
20040006654000;18;12;6;35,6
20040006699000;11;4;7;37,1
20040006715000;28;10;18;46,5
20040006716000;3;2;1;0,0
20040006717000;4;3;1;0,0
20040006718000;6;3;3;33,2
20040006727000;1;1;0;0,0
20040006749000;9;4;5;48,3
20040006759000;2;1;1;0,0
20040006773000;6;5;1;26,5
20040006778000;15;6;9;34,2
20040006779000;25;18;7;27,4
20040006802000;6;3;3;44,5
20040006803000;10;5;5;45,1
20040006805000;31;12;19;48,4
20040006806000;9;4;5;41,8
20040006810000;6;2;4;42,3
20040006815000;1;0;1;0,0
20040006816000;2;1;1;0,0
20040006820000;3;1;2;0,0
20040006822000;1;1;0;0,0
20040006833000;8;6;2;54,1
20040006834000;6;3;3;36,2
20040006835000;20;12;8;44,4
20040006836000;14;7;7;41,1
20040006837000;7;3;4;42,9
20040006838000;16;10;6;42,1
20040006839000;4;3;1;0,0
20040006840000;26;14;12;39,7
20040006846000;15;8;7;31,5
20040006849000;5;2;3;29,2
20040006853000;47;27;20;45,1
20040006854000;5;2;3;60,0
20040006861000;15;6;9;33,1
20040006897000;91;45;46;39,3
20040006898000;7;5;2;40,1
20040006899000;3;0;3;0,0
20040006913000;4;2;2;0,0
20040006922000;28;15;13;42,0
20040006931000;36;14;22;48,9
20040006937000;19;7;12;56,8
20040006938000;10;6;4;36,1
20040006939000;4;3;1;0,0
20040006940000;4;2;2;0,0
20050006469000;263;142;121;37,9
20050006470000;383;205;178;41,1
20050006471000;15;8;7;56,1
20050006472000;40;20;20;37,8
20050006473000;20;11;9;36,7
20050006483000;6;3;3;46,3
20050006484000;17;11;6;53,5
20050006485000;48;25;23;40,4
20050006486000;31;16;15;60,1
20050006491000;14;8;6;42,2
20050006514000;4;3;1;0,0
20050006516000;9;5;4;54,2
20050006517000;9;2;7;37,0
20050006518000;79;41;38;39,8
20050006519000;126;70;56;35,2
20050006520000;23;15;8;29,1
20050006521000;13;7;6;31,8
20050006575000;3;3;0;0,0
20050006581000;3;3;0;0,0
20050006607000;7;3;4;32,6
20050006612000;4;3;1;0,0
20050006613000;5;2;3;28,6
20050006626000;666;331;335;44,0
20050006627000;392;189;203;33,8
20050006630000;1;0;1;0,0
20050006660000;1;1;0;0,0
20050006714000;6;2;4;58,0
20050006715000;72;37;35;48,5
20050006716000;6;4;2;45,2
20050006717000;9;3;6;57,7
20050006718000;10;5;5;44,9
20050006726000;4;2;2;0,0
20050006747000;8;4;4;42,3
20050006778000;1;1;0;0,0
20050006805000;9;6;3;39,1
20050006806000;5;2;3;52,0
20050006811000;6;3;3;49,5
20050006815000;4;2;2;0,0
20050006835000;25;13;12;41,6
20050006836000;19;9;10;41,2
20050006838000;6;4;2;61,5
20050006839000;3;1;2;0,0
20050006840000;14;7;7;42,9
20050006841000;10;4;6;35,6
20050006845000;14;8;6;51,6
20050006849000;7;4;3;40,0
20050006853000;50;24;26;26,2
20050006854000;90;42;48;35,4
20050006861000;3;2;1;0,0
20050006862000;11;6;5;40,7
20050006891000;2;1;1;0,0
20050006897000;2;2;0;0,0
20050006902000;2;1;1;0,0
20050006912000;7;2;5;37,3
20050006913000;67;33;34;40,9
20050006914000;179;88;91;43,7
20050006915000;40;22;18;44,0
20050006916000;2;1;1;0,0
20050006921000;5;4;1;60,2
20050006922000;6;2;4;42,5
20050006931000;13;5;8;51,8
20050006932000;4;2;2;0,0
20050006934000;36;17;19;38,5
20050006935000;2;1;1;0,0
20050006937000;21;12;9;45,7
20050006938000;5;3;2;71,0
20050006939000;3;2;1;0,0
20050006940000;18;11;7;57,9
20060006469000;12;7;5;39,3
20060006472000;41;19;22;47,3
20060006473000;92;53;39;42,8
20060006474000;28;12;16;45,0
20060006475000;3;1;2;0,0
20060006483000;133;60;73;44,6
20060006484000;5;3;2;59,6
20060006497000;4;2;2;0,0
20060006500000;8;4;4;30,4
20060006506000;18;10;8;42,4
20060006510000;4;1;3;0,0
20060006511000;191;91;100;31,1
20060006512000;35;14;21;39,9
20060006514000;2;1;1;0,0
20060006516000;51;28;23;38,9
20060006517000;43;26;17;52,7
20060006518000;41;27;14;30,1
20060006523000;7;3;4;37,6
20060006524000;28;18;10;37,5
20060006529000;1;1;0;0,0
20060006572000;4;1;3;0,0
20060006613000;3;1;2;0,0
20060006614000;13;6;7;38,3
20060006615000;7;4;3;34,9
20060006616000;12;6;6;33,3
20060006625000;12;6;6;37,5
20060006626000;127;60;67;29,8
20060006632000;2;1;1;0,0
20060006653000;1;1;0;0,0
20060006655000;4;3;1;0,0
20060006656000;5;3;2;32,4
20060006694000;29;17;12;50,9
20060006695000;14;8;6;36,1
20060006705000;6;1;5;30,3
20060006706000;11;4;7;46,1
20060006713000;10;5;5;46,4
20060006714000;8;5;3;40,6
20060006717000;2;1;1;0,0
20060006754000;3;2;1;0,0
20060006756000;109;51;58;38,4
20060006757000;22;13;9;45,1
20060006760000;3;2;1;0,0
20060006772000;3;2;1;0,0
20060006779000;5;2;3;53,0
20060006804000;8;2;6;35,4
20060006805000;29;18;11;45,7
20060006806000;4;2;2;0,0
20060006810000;2;0;2;0,0
20060006815000;7;4;3;36,0
20060006820000;6;4;2;42,5
20060006833000;10;5;5;28,0
20060006835000;17;9;8;37,5
20060006836000;9;5;4;41,3
20060006837000;2;0;2;0,0
20060006838000;6;4;2;38,3
20060006839000;24;13;11;40,4
20060006840000;25;14;11;42,4
20060006845000;5;2;3;29,6
20060006852000;16;8;8;41,9
20060006854000;100;58;42;41,8
20060006855000;22;12;10;39,5
20060006861000;8;4;4;42,0
20060006901000;20;10;10;51,7
20060006902000;5;1;4;28,8
20060006909000;3;2;1;0,0
20060006910000;4;2;2;0,0
20060006911000;4;3;1;0,0
20060006912000;19;9;10;36,3
20060006913000;31;13;18;46,0
20060006914000;56;29;27;37,8
20060006915000;67;38;29;41,0
20060006918000;42;24;18;38,2
20060006921000;8;4;4;63,5
20060006931000;5;2;3;57,8
20060006932000;9;5;4;62,3
20060006935000;2;1;1;0,0
20060006937000;24;14;10;53,6
20060006938000;84;42;42;45,9
20060006939000;16;8;8;50,7
20070006467000;9;5;4;50,9
20070006468000;37;22;15;34,6
20070006469000;54;35;19;30,5
20070006471000;47;23;24;36,4
20070006472000;40;22;18;38,0
20070006473000;43;21;22;37,0
20070006474000;17;8;9;40,4
20070006475000;5;2;3;35,0
20070006476000;1;0;1;0,0
20070006485000;17;10;7;49,6
20070006486000;3;2;1;0,0
20070006493000;2;1;1;0,0
20070006495000;3;2;1;0,0
20070006506000;1;0;1;0,0
20070006507000;26;12;14;47,0
20070006508000;62;28;34;50,9
20070006509000;378;186;192;37,6
20070006510000;553;262;291;37,2
20070006511000;604;292;312;39,8
20070006517000;28;17;11;32,0
20070006530000;5;3;2;36,8
20070006552000;10;4;6;35,3
20070006575000;3;2;1;0,0
20070006588000;1;1;0;0,0
20070006599000;9;3;6;33,0
20070006614000;1;1;0;0,0
20070006616000;4;1;3;0,0
20070006625000;88;45;43;34,2
20070006626000;13;7;6;42,2
20070006635000;3;1;2;0,0
20070006642000;4;3;1;0,0
20070006694000;33;18;15;34,9
20070006695000;11;6;5;59,4
20070006702000;2;1;1;0,0
20070006703000;7;4;3;27,9
20070006704000;4;3;1;0,0
20070006705000;12;7;5;33,0
20070006706000;7;5;2;36,6
20070006712000;2;1;1;0,0
20070006713000;12;7;5;47,4
20070006724000;44;24;20;32,0
20070006725000;3;2;1;0,0
20070006747000;10;6;4;49,4
20070006748000;2;1;1;0,0
20070006756000;6;3;3;58,5
20070006757000;26;12;14;45,4
20070006761000;3;1;2;0,0
20070006762000;8;4;4;47,4
20070006778000;6;3;3;51,8
20070006815000;18;11;7;42,9
20070006818000;7;2;5;43,3
20070006819000;2;1;1;0,0
20070006820000;46;21;25;52,0
20070006831000;14;5;9;40,8
20070006832000;3;1;2;0,0
20070006833000;155;79;76;40,4
20070006836000;2;1;1;0,0
20070006837000;34;17;17;47,1
20070006838000;52;32;20;40,1
20070006840000;80;44;36;32,8
20070006841000;3;2;1;0,0
20070006854000;362;192;170;42,8
20070006855000;463;236;227;36,8
20070006861000;4;3;1;0,0
20070006889000;24;12;12;42,5
20070006901000;39;14;25;41,7
20070006908000;7;3;4;38,1
20070006909000;7;5;2;57,0
20070006910000;13;6;7;47,2
20070006912000;6;3;3;64,2
20070006917000;13;6;7;37,1
20070006918000;79;38;41;40,5
20070006921000;37;15;22;36,3
20070006930000;5;3;2;47,6
20070006931000;10;5;5;44,4
20070006937000;6;3;3;53,7
20070006938000;2;1;1;0,0
20080006467000;26;13;13;44,4
20080006468000;44;21;23;42,0
20080006470000;22;14;8;52,4
20080006471000;104;55;49;37,2
20080006472000;182;96;86;37,2
20080006473000;10;6;4;41,3
20080006474000;7;4;3;25,7
20080006487000;3;1;2;0,0
20080006491000;8;5;3;25,9
20080006492000;26;13;13;50,3
20080006501000;3;2;1;0,0
20080006503000;1;1;0;0,0
20080006504000;20;8;12;35,4
20080006505000;33;19;14;48,2
20080006509000;158;83;75;37,8
20080006510000;121;58;63;37,0
20080006517000;12;6;6;40,3
20080006530000;7;3;4;38,4
20080006536000;2;1;1;0,0
20080006573000;1;0;1;0,0
20080006584000;5;2;3;29,8
20080006598000;4;2;2;0,0
20080006599000;38;20;18;38,6
20080006600000;19;10;9;40,5
20080006615000;6;2;4;28,5
20080006616000;15;8;7;38,1
20080006623000;1;1;0;0,0
20080006624000;31;17;14;35,0
20080006625000;18;9;9;36,2
20080006631000;24;15;9;44,5
20080006632000;7;4;3;36,3
20080006638000;1;1;0;0,0
20080006642000;39;23;16;43,8
20080006662000;47;22;25;37,9
20080006700000;2;1;1;0,0
20080006702000;1;1;0;0,0
20080006707000;42;21;21;44,8
20080006708000;16;7;9;52,1
20080006712000;13;6;7;39,2
20080006724000;22;10;12;46,6
20080006725000;122;66;56;41,7
20080006746000;5;3;2;65,6
20080006747000;2;1;1;0,0
20080006756000;2;1;1;0,0
20080006757000;38;21;17;43,0
20080006758000;1;1;0;0,0
20080006772000;19;9;10;45,9
20080006778000;19;8;11;43,1
20080006815000;28;14;14;41,0
20080006820000;174;77;97;47,9
20080006821000;14;6;8;50,3
20080006822000;6;4;2;47,0
20080006825000;2;1;1;0,0
20080006831000;2;2;0;0,0
20080006832000;99;51;48;25,8
20080006833000;465;232;233;31,4
20080006834000;112;45;67;56,9
20080006837000;12;8;4;41,3
20080006838000;20;10;10;51,9
20080006839000;7;4;3;42,4
20080006840000;41;21;20;34,4
20080006854000;53;30;23;37,9
20080006855000;241;133;108;37,8
20080006856000;18;8;10;38,1
20080006861000;2;1;1;0,0
20080006867000;22;9;13;40,5
20080006868000;7;3;4;49,4
20080006889000;4;2;2;0,0
20080006900000;18;10;8;40,5
20080006901000;4;1;3;0,0
20080006902000;9;4;5;25,8
20080006904000;1;0;1;0,0
20080006911000;8;3;5;35,3
20080006919000;4;2;2;0,0
20080006920000;55;32;23;35,5
20080006921000;335;162;173;45,1
20080006929000;1;1;0;0,0
20080006930000;5;3;2;58,0
20090006468000;37;17;20;39,8
20090006469000;18;11;7;41,7
20090006470000;46;27;19;36,6
20090006471000;23;11;12;40,3
20090006474000;9;7;2;33,1
20090006475000;24;13;11;35,7
20090006476000;10;7;3;27,0
20090006477000;7;3;4;67,6
20090006485000;1;0;1;0,0
20090006486000;8;2;6;58,3
20090006487000;14;9;5;50,5
20090006501000;4;2;2;0,0
20090006508000;14;9;5;44,2
20090006509000;21;11;10;54,9
20090006518000;10;6;4;25,5
20090006587000;2;2;0;0,0
20090006598000;1;1;0;0,0
20090006599000;7;3;4;42,7
20090006600000;7;2;5;52,4
20090006615000;10;4;6;53,3
20090006623000;1;1;0;0,0
20090006624000;14;10;4;34,0
20090006625000;8;4;4;40,6
20090006631000;10;6;4;35,0
20090006642000;18;11;7;45,9
20090006643000;31;16;15;38,2
20090006645000;1;0;1;0,0
20090006663000;14;8;6;53,8
20090006664000;4;2;2;0,0
20090006698000;2;2;0;0,0
20090006700000;10;5;5;38,8
20090006708000;19;9;10;42,3
20090006712000;30;20;10;48,6
20090006713000;18;8;10;29,7
20090006724000;1;1;0;0,0
20090006725000;95;47;48;37,7
20090006726000;19;10;9;50,5
20090006745000;13;4;9;44,6
20090006756000;11;6;5;29,4
20090006772000;2;2;0;0,0
20090006778000;8;4;4;48,5
20090006807000;31;18;13;54,8
20090006808000;29;10;19;33,0
20090006815000;7;3;4;63,3
20090006821000;53;28;25;41,4
20090006822000;6;1;5;31,0
20090006824000;1;1;0;0,0
20090006826000;12;6;6;26,6
20090006830000;28;14;14;43,5
20090006833000;10;7;3;47,1
20090006834000;49;27;22;37,4
20090006839000;28;15;13;36,0
20090006840000;38;19;19;30,7
20090006851000;2;1;1;0,0
20090006852000;4;3;1;0,0
20090006855000;3;2;1;0,0
20090006856000;46;22;24;43,9
20090006857000;36;19;17;42,1
20090006868000;29;16;13;37,2
20090006890000;39;20;19;35,1
20090006891000;31;14;17;44,8
20090006897000;38;21;17;47,6
20090006900000;114;59;55;35,3
20090006901000;45;21;24;35,3
20090006902000;9;5;4;23,4
20090006904000;10;5;5;44,1
20090006909000;1;0;1;0,0
20090006911000;1;0;1;0,0
20090006915000;15;10;5;50,0
20090006916000;23;12;11;34,5
20090006917000;19;9;10;29,1
20090006919000;63;33;30;38,6
20090006920000;61;37;24;29,8
20090006921000;94;44;50;45,0
20090006928000;39;20;19;42,6
20090006934000;22;14;8;47,5
20090006935000;19;12;7;31,8
20090006937000;15;5;10;49,9
20100006467000;30;18;12;48,6
20100006468000;9;4;5;56,2
20100006469000;468;227;241;40,0
20100006470000;189;98;91;37,8
20100006471000;37;18;19;29,2
20100006472000;31;20;11;36,7
20100006473000;6;3;3;32,2
20100006474000;1;1;0;0,0
20100006477000;5;2;3;55,4
20100006484000;1;1;0;0,0
20100006485000;76;44;32;42,3
20100006486000;12;7;5;50,5
20100006488000;1;1;0;0,0
20100006489000;41;23;18;50,3
20100006490000;29;15;14;34,9
20100006491000;31;17;14;42,5
20100006492000;643;326;317;39,1
20100006493000;31;16;15;36,4
20100006496000;1;1;0;0,0
20100006498000;3;2;1;0,0
20100006499000;1;1;0;0,0
20100006508000;20;7;13;38,8
20100006521000;3;2;1;0,0
20100006532000;2;1;1;0,0
20100006622000;3;2;1;0,0
20100006632000;3;2;1;0,0
20100006633000;11;5;6;32,2
20100006642000;205;105;100;41,4
20100006643000;386;191;195;44,7
20100006644000;44;22;22;42,1
20100006664000;2;1;1;0,0
20100006695000;5;4;1;27,6
20100006711000;4;2;2;0,0
20100006713000;50;23;27;44,2
20100006714000;4;2;2;0,0
20100006725000;122;69;53;37,0
20100006726000;16;11;5;38,8
20100006745000;1;0;1;0,0
20100006755000;1;1;0;0,0
20100006756000;2;0;2;0,0
20100006780000;49;23;26;40,6
20100006781000;10;5;5;36,1
20100006804000;8;3;5;37,6
20100006810000;8;3;5;41,0
20100006814000;1;1;0;0,0
20100006815000;1;0;1;0,0
20100006829000;22;10;12;38,5
20100006830000;4;2;2;0,0
20100006833000;15;8;7;30,2
20100006834000;7;5;2;51,7
20100006839000;9;5;4;57,4
20100006840000;32;19;13;40,4
20100006841000;7;3;4;36,3
20100006849000;43;21;22;40,1
20100006850000;216;114;102;31,7
20100006851000;26;14;12;32,5
20100006852000;12;5;7;42,5
20100006854000;3;1;2;0,0
20100006856000;29;13;16;31,6
20100006857000;54;27;27;41,4
20100006858000;9;5;4;30,9
20100006859000;14;8;6;48,8
20100006861000;1;0;1;0,0
20100006891000;53;27;26;39,6
20100006899000;1;1;0;0,0
20100006900000;24;10;14;31,5
20100006901000;11;5;6;48,7
20100006902000;42;20;22;37,5
20100006903000;7;3;4;58,4
20100006908000;10;7;3;37,1
20100006909000;18;9;9;43,2
20100006910000;24;12;12;51,5
20100006915000;29;15;14;40,0
20100006916000;26;16;10;43,4
20100006918000;20;11;9;46,6
20100006919000;3;1;2;0,0
20100006920000;2;1;1;0,0
20100006921000;42;18;24;39,0
20100006928000;2;0;2;0,0
20100006932000;111;50;61;50,7
20100006933000;178;100;78;30,8
20100006934000;12;5;7;55,8
20100006936000;32;18;14;49,8
20100006937000;6;3;3;36,2
20100006938000;9;5;4;52,1
20100006940000;48;21;27;37,0
20110006466000;4;2;2;0,0
20110006467000;29;14;15;34,8
20110006468000;121;58;63;35,6
20110006469000;712;333;379;45,9
20110006470000;254;123;131;40,3
20110006471000;7;3;4;29,3
20110006472000;36;15;21;42,1
20110006473000;39;21;18;38,4
20110006474000;1;1;0;0,0
20110006477000;2;1;1;0,0
20110006478000;38;17;21;34,9
20110006484000;89;46;43;42,3
20110006489000;11;7;4;42,2
20110006490000;58;27;31;45,5
20110006491000;529;263;266;44,3
20110006492000;944;477;467;42,8
20110006493000;79;40;39;42,7
20110006495000;24;12;12;49,5
20110006496000;23;12;11;41,3
20110006498000;11;5;6;51,8
20110006499000;12;8;4;63,6
20110006500000;23;13;10;46,6
20110006501000;1;1;0;0,0
20110006503000;2;2;0;0,0
20110006504000;54;25;29;43,0
20110006531000;2;1;1;0,0
20110006532000;4;2;2;0,0
20110006593000;3;1;2;0,0
20110006608000;1;0;1;0,0
20110006622000;4;3;1;0,0
20110006633000;9;5;4;53,1
20110006636000;6;4;2;56,5
20110006643000;151;75;76;31,8
20110006644000;120;57;63;38,2
20110006645000;16;9;7;60,8
20110006695000;9;5;4;36,8
20110006711000;9;4;5;53,3
20110006713000;42;24;18;32,5
20110006714000;1;0;1;0,0
20110006715000;21;9;12;36,4
20110006717000;20;13;7;46,8
20110006718000;28;11;17;38,8
20110006725000;213;108;105;32,8
20110006726000;16;8;8;39,1
20110006771000;10;6;4;54,4
20110006780000;8;3;5;25,5
20110006781000;19;10;9;57,2
20110006782000;13;11;2;38,1
20110006789000;1;1;0;0,0
20110006804000;14;8;6;38,9
20110006814000;21;12;9;49,7
20110006815000;153;77;76;46,0
20110006825000;4;3;1;0,0
20110006833000;2;2;0;0,0
20110006834000;27;14;13;40,5
20110006846000;20;14;6;44,7
20110006847000;756;404;352;35,8
20110006848000;109;52;57;40,1
20110006849000;38;17;21;36,8
20110006850000;4;1;3;0,0
20110006851000;10;4;6;34,7
20110006852000;16;9;7;39,3
20110006853000;10;7;3;46,3
20110006854000;1;1;0;0,0
20110006855000;9;5;4;35,8
20110006856000;7;4;3;65,1
20110006857000;58;32;26;44,8
20110006858000;66;39;27;36,4
20110006859000;58;26;32;38,0
20110006860000;22;8;14;42,2
20110006861000;32;18;14;33,3
20110006869000;3;2;1;0,0
20110006891000;22;11;11;27,9
20110006899000;25;13;12;43,2
20110006900000;26;12;14;40,4
20110006909000;6;3;3;66,3
20110006914000;7;5;2;41,3
20110006915000;46;22;24;36,9
20110006916000;2;1;1;0,0
20110006917000;29;15;14;47,4
20110006921000;32;21;11;53,5
20110006931000;141;72;69;44,3
20110006932000;222;101;121;45,4
20110006933000;73;37;36;35,4
20110006935000;15;9;6;45,3
20110006936000;127;74;53;45,1
20110006938000;50;24;26;36,5
20110006939000;91;47;44;38,4
20110006940000;7;4;3;39,7
20110006941000;7;4;3;43,3
20110006950000;94;53;41;43,3
20120006466000;29;16;13;43,1
20120006467000;53;25;28;34,2
20120006468000;36;17;19;44,9
20120006469000;54;24;30;31,3
20120006470000;344;177;167;33,2
20120006471000;9;5;4;40,6
20120006473000;14;8;6;38,1
20120006477000;1;0;1;0,0
20120006478000;5;3;2;26,2
20120006484000;10;6;4;36,7
20120006488000;6;2;4;47,3
20120006489000;51;26;25;37,6
20120006490000;506;260;246;28,6
20120006491000;1009;513;496;42,0
20120006492000;1284;626;658;40,7
20120006493000;503;254;249;39,4
20120006494000;65;38;27;47,1
20120006495000;98;49;49;41,5
20120006497000;45;27;18;40,5
20120006498000;32;16;16;44,1
20120006501000;1;0;1;0,0
20120006504000;57;31;26;43,4
20120006505000;14;9;5;45,1
20120006603000;6;3;3;44,0
20120006622000;17;8;9;47,6
20120006632000;21;10;11;41,0
20120006633000;1;1;0;0,0
20120006643000;106;56;50;48,4
20120006644000;118;53;65;46,2
20120006667000;3;2;1;0,0
20120006668000;1;1;0;0,0
20120006709000;1;1;0;0,0
20120006714000;4;3;1;0,0
20120006715000;31;15;16;39,1
20120006716000;67;36;31;44,4
20120006717000;124;64;60;45,6
20120006718000;103;59;44;44,0
20120006719000;33;16;17;37,5
20120006720000;2;1;1;0,0
20120006724000;33;14;19;28,7
20120006725000;521;253;268;39,0
20120006726000;224;116;108;41,0
20120006727000;3;2;1;0,0
20120006771000;19;7;12;37,5
20120006772000;2;1;1;0,0
20120006810000;2;1;1;0,0
20120006814000;12;7;5;33,9
20120006815000;89;50;39;40,8
20120006833000;9;3;6;59,4
20120006834000;18;7;11;47,1
20120006835000;19;11;8;36,9
20120006846000;240;124;116;29,8
20120006847000;1844;936;908;35,4
20120006848000;570;277;293;38,2
20120006849000;281;146;135;33,3
20120006851000;40;23;17;35,5
20120006855000;14;9;5;36,6
20120006859000;4;1;3;0,0
20120006860000;36;17;19;40,9
20120006869000;8;3;5;35,3
20120006891000;17;8;9;36,1
20120006892000;4;2;2;0,0
20120006895000;19;10;9;52,0
20120006913000;11;4;7;33,2
20120006921000;20;11;9;49,4
20120006928000;5;2;3;55,2
20120006930000;13;7;6;42,2
20120006934000;25;17;8;47,2
20120006935000;44;22;22;47,3
20120006936000;31;16;15;35,0
20120006937000;4;2;2;0,0
20120006938000;167;88;79;46,7
20120006942000;4;2;2;0,0
20120006947000;68;29;39;30,4
20120006950000;146;80;66;45,3
20130006466000;5;3;2;30,8
20130006468000;33;17;16;38,6
20130006469000;156;75;81;31,8
20130006470000;105;51;54;34,6
20130006471000;26;10;16;39,4
20130006472000;18;11;7;34,8
20130006473000;17;8;9;37,6
20130006478000;1;1;0;0,0
20130006491000;142;73;69;36,9
20130006492000;224;114;110;40,5
20130006493000;100;51;49;45,1
20130006494000;18;9;9;40,5
20130006497000;15;6;9;31,5
20130006499000;5;2;3;29,6
20130006504000;40;22;18;35,5
20130006505000;304;155;149;39,2
20130006506000;186;101;85;38,0
20130006508000;5;3;2;37,8
20130006604000;3;1;2;0,0
20130006607000;25;12;13;40,1
20130006622000;40;18;22;41,8
20130006629000;3;1;2;0,0
20130006632000;1;0;1;0,0
20130006639000;9;5;4;25,4
20130006642000;6;3;3;47,7
20130006643000;16;7;9;63,2
20130006644000;802;381;421;47,0
20130006645000;77;48;29;39,4
20130006646000;126;70;56;39,4
20130006647000;2;1;1;0,0
20130006698000;2;1;1;0,0
20130006708000;7;3;4;44,1
20130006709000;4;1;3;0,0
20130006710000;51;26;25;41,3
20130006711000;4;2;2;0,0
20130006715000;12;6;6;36,3
20130006716000;8;5;3;39,6
20130006717000;61;34;27;29,9
20130006718000;1;1;0;0,0
20130006722000;128;74;54;42,0
20130006723000;36;20;16;44,3
20130006724000;144;75;69;43,1
20130006725000;916;440;476;45,8
20130006726000;100;49;51;39,6
20130006727000;14;7;7;42,2
20130006756000;27;13;14;44,1
20130006757000;20;12;8;40,4
20130006759000;1;1;0;0,0
20130006773000;6;4;2;39,0
20130006814000;143;74;69;42,4
20130006815000;32;17;15;56,6
20130006833000;10;6;4;29,0
20130006834000;1;0;1;0,0
20130006841000;16;10;6;26,5
20130006843000;9;5;4;26,7
20130006846000;120;59;61;33,6
20130006847000;961;459;502;47,2
20130006848000;684;349;335;38,3
20130006851000;2;1;1;0,0
20130006855000;4;3;1;0,0
20130006860000;10;4;6;44,5
20130006861000;54;28;26;37,3
20130006870000;1;1;0;0,0
20130006872000;10;6;4;44,4
20130006893000;6;5;1;25,3
20130006894000;7;2;5;49,1
20130006895000;1;1;0;0,0
20130006899000;14;9;5;51,1
20130006921000;6;2;4;29,3
20130006927000;1;1;0;0,0
20130006928000;12;5;7;52,3
20130006930000;51;22;29;45,4
20130006933000;18;8;10;40,6
20130006934000;81;39;42;36,9
20130006935000;48;29;19;48,2
20130006942000;26;14;12;43,0
20130006947000;224;110;114;38,8
20130006948000;17;10;7;34,5
20140006465000;1;0;1;0,0
20140006466000;38;17;21;43,2
20140006467000;37;20;17;38,6
20140006468000;61;30;31;33,4
20140006469000;60;29;31;35,7
20140006470000;9;5;4;38,6
20140006471000;33;19;14;33,5
20140006480000;4;2;2;0,0
20140006490000;17;11;6;49,5
20140006491000;23;12;11;39,0
20140006493000;1;0;1;0,0
20140006494000;18;5;13;48,4
20140006495000;8;4;4;60,4
20140006499000;20;10;10;49,4
20140006505000;11;4;7;35,5
20140006506000;92;49;43;32,5
20140006509000;4;2;2;0,0
20140006510000;5;3;2;66,6
20140006512000;5;4;1;19,6
20140006514000;2;1;1;0,0
20140006533000;1;0;1;0,0
20140006607000;43;24;19;38,6
20140006608000;27;14;13;42,7
20140006609000;4;1;3;0,0
20140006610000;1;1;0;0,0
20140006612000;9;5;4;33,7
20140006613000;10;5;5;51,8
20140006622000;16;10;6;50,8
20140006623000;19;11;8;39,1
20140006626000;5;4;1;42,8
20140006629000;4;1;3;0,0
20140006632000;6;3;3;31,3
20140006643000;241;123;118;42,0
20140006644000;915;462;453;39,9
20140006645000;171;81;90;39,9
20140006646000;41;22;19;31,1
20140006648000;1;1;0;0,0
20140006649000;2;1;1;0,0
20140006699000;14;9;5;37,6
20140006711000;35;14;21;37,2
20140006712000;18;8;10;27,8
20140006720000;21;11;10;42,3
20140006722000;213;106;107;37,5
20140006723000;9;6;3;25,0
20140006724000;88;45;43;41,4
20140006725000;24;14;10;46,2
20140006726000;25;12;13;32,1
20140006727000;64;30;34;33,0
20140006755000;3;2;1;0,0
20140006756000;90;48;42;46,4
20140006757000;8;4;4;45,6
20140006758000;1;1;0;0,0
20140006759000;3;2;1;0,0
20140006760000;2;1;1;0,0
20140006770000;2;1;1;0,0
20140006772000;6;4;2;56,8
20140006773000;1;1;0;0,0
20140006784000;1;1;0;0,0
20140006814000;35;16;19;47,3
20140006815000;168;89;79;43,0
20140006832000;1;0;1;0,0
20140006833000;5;3;2;39,2
20140006834000;9;4;5;42,8
20140006840000;1;0;1;0,0
20140006842000;35;17;18;24,9
20140006846000;155;75;80;30,3
20140006847000;654;316;338;37,8
20140006848000;102;57;45;39,7
20140006856000;2;1;1;0,0
20140006861000;32;16;16;38,8
20140006868000;12;6;6;47,3
20140006869000;25;15;10;43,0
20140006872000;10;5;5;42,0
20140006873000;6;4;2;63,0
20140006896000;1;0;1;0,0
20140006897000;4;2;2;0,0
20140006899000;8;4;4;37,1
20140006914000;8;5;3;57,9
20140006921000;43;24;19;44,2
20140006922000;36;17;19;52,0
20140006923000;29;14;15;53,1
20140006924000;24;10;14;45,3
20140006925000;25;12;13;59,8
20140006926000;7;4;3;64,3
20140006927000;2;1;1;0,0
20140006930000;19;12;7;46,7
20140006931000;17;12;5;43,5
20140006933000;56;33;23;43,9
20140006934000;169;102;67;38,7
20140006941000;86;45;41;42,7
20140006942000;154;73;81;42,2
20140006945000;4;3;1;0,0
20140006946000;12;6;6;45,8
20140006947000;152;77;75;40,4
20140006948000;190;100;90;40,1
20150006466000;3;2;1;0,0
20150006467000;70;37;33;34,1
20150006468000;781;403;378;38,5
20150006469000;249;127;122;43,1
20150006470000;32;19;13;38,3
20150006482000;3;1;2;0,0
20150006486000;4;3;1;0,0
20150006488000;6;3;3;46,3
20150006489000;24;13;11;37,9
20150006490000;2;1;1;0,0
20150006491000;3;1;2;0,0
20150006495000;24;13;11;52,1
20150006499000;19;8;11;40,2
20150006500000;3;2;1;0,0
20150006507000;1;0;1;0,0
20150006515000;6;4;2;48,8
20150006613000;13;7;6;53,0
20150006618000;2;2;0;0,0
20150006622000;20;8;12;34,7
20150006623000;40;19;21;53,3
20150006624000;1;1;0;0,0
20150006633000;8;4;4;36,4
20150006643000;3;3;0;0,0
20150006644000;351;168;183;37,6
20150006645000;554;271;283;38,7
20150006696000;73;33;40;36,8
20150006712000;1;0;1;0,0
20150006720000;33;16;17;38,3
20150006721000;22;11;11;47,0
20150006722000;32;13;19;39,9
20150006724000;26;14;12;36,7
20150006725000;267;139;128;39,9
20150006726000;480;249;231;40,9
20150006727000;431;218;213;43,5
20150006728000;44;24;20;29,0
20150006756000;139;71;68;34,6
20150006759000;1;0;1;0,0
20150006760000;2;1;1;0,0
20150006762000;1;1;0;0,0
20150006770000;2;1;1;0,0
20150006771000;2;1;1;0,0
20150006815000;9;4;5;66,4
20150006832000;4;3;1;0,0
20150006833000;11;5;6;45,1
20150006842000;51;28;23;42,9
20150006844000;104;49;55;30,8
20150006845000;172;91;81;37,0
20150006846000;57;29;28;41,8
20150006847000;1403;659;744;31,9
20150006848000;553;265;288;37,3
20150006858000;5;3;2;20,4
20150006861000;42;22;20;40,1
20150006873000;13;9;4;52,2
20150006874000;2;1;1;0,0
20150006894000;10;5;5;45,3
20150006897000;5;3;2;32,6
20150006899000;73;40;33;42,9
20150006900000;17;8;9;43,9
20150006915000;20;10;10;28,8
20150006920000;9;6;3;56,2
20150006921000;24;14;10;47,8
20150006923000;6;4;2;42,0
20150006928000;2;2;0;0,0
20150006930000;1;1;0;0,0
20150006931000;2;1;1;0,0
20150006933000;57;27;30;43,9
20150006934000;41;27;14;38,8
20150006941000;40;22;18;38,6
20150006942000;143;76;67;37,8
20150006945000;489;248;241;32,9
20150006946000;154;76;78;40,4
20150006947000;406;214;192;38,5
20150006949000;5;2;3;24,8
20160006467000;175;88;87;42,3
20160006468000;811;392;419;43,7
20160006469000;83;39;44;33,9
20160006470000;21;11;10;33,6
20160006471000;8;5;3;38,3
20160006479000;4;3;1;0,0
20160006481000;2;1;1;0,0
20160006482000;2;1;1;0,0
20160006490000;3;2;1;0,0
20160006491000;7;4;3;19,4
20160006492000;21;10;11;41,8
20160006495000;2;1;1;0,0
20160006498000;2;1;1;0,0
20160006499000;9;2;7;32,1
20160006502000;14;5;9;27,4
20160006507000;2;1;1;0,0
20160006510000;2;1;1;0,0
20160006511000;1;1;0;0,0
20160006517000;1;1;0;0,0
20160006522000;5;4;1;31,0
20160006523000;11;7;4;42,8
20160006526000;3;2;1;0,0
20160006532000;4;1;3;0,0
20160006533000;13;5;8;41,1
20160006624000;11;6;5;35,6
20160006625000;35;15;20;37,8
20160006644000;12;8;4;48,8
20160006645000;76;36;40;40,4
20160006646000;5;3;2;38,6
20160006667000;4;3;1;0,0
20160006696000;2;1;1;0,0
20160006713000;101;48;53;36,8
20160006714000;53;21;32;47,8
20160006715000;50;26;24;50,1
20160006720000;7;4;3;38,1
20160006721000;15;7;8;39,5
20160006726000;214;108;106;39,7
20160006727000;330;153;177;45,3
20160006728000;8;5;3;36,6
20160006729000;61;34;27;32,2
20160006752000;2;1;1;0,0
20160006753000;2;1;1;0,0
20160006756000;19;11;8;34,7
20160006764000;2;1;1;0,0
20160006765000;2;2;0;0,0
20160006808000;8;5;3;50,8
20160006815000;9;5;4;41,4
20160006816000;23;11;12;39,8
20160006832000;16;6;10;43,4
20160006833000;6;4;2;75,5
20160006842000;35;20;15;37,6
20160006843000;4;3;1;0,0
20160006844000;34;21;13;38,8
20160006845000;22;9;13;51,5
20160006846000;130;62;68;37,8
20160006847000;858;414;444;37,1
20160006848000;474;231;243;32,4
20160006860000;23;10;13;34,4
20160006861000;5;2;3;44,6
20160006894000;3;2;1;0,0
20160006896000;2;2;0;0,0
20160006897000;9;4;5;40,7
20160006899000;56;29;27;41,4
20160006900000;44;24;20;33,5
20160006901000;14;6;8;41,1
20160006902000;14;10;4;30,4
20160006918000;42;23;19;54,0
20160006919000;24;12;12;44,3
20160006920000;2;1;1;0,0
20160006921000;9;4;5;54,6
20160006923000;13;8;5;55,9
20160006924000;1;0;1;0,0
20160006925000;1;1;0;0,0
20160006927000;11;4;7;45,8
20160006928000;7;4;3;48,1
20160006931000;4;2;2;0,0
20160006932000;8;4;4;41,3
20160006933000;44;26;18;40,0
20160006942000;62;31;31;42,3
20160006944000;5;2;3;45,4
20160006945000;716;347;369;47,1
20160006946000;390;183;207;37,7
20160006947000;427;228;199;41,8
20160006949000;131;67;64;43,5
20160006952000;6;4;2;52,7
20160006954000;20;10;10;59,3
20170006465000;16;8;8;69,3
20170006466000;9;4;5;43,0
20170006467000;100;52;48;46,4
20170006468000;996;497;499;42,2
20170006471000;7;3;4;21,1
20170006475000;16;9;7;33,3
20170006478000;5;2;3;63,4
20170006491000;5;3;2;46,4
20170006500000;13;6;7;35,4
20170006501000;7;3;4;47,6
20170006503000;3;2;1;0,0
20170006504000;14;9;5;35,8
20170006523000;3;2;1;0,0
20170006624000;47;22;25;38,9
20170006625000;11;5;6;44,1
20170006631000;4;2;2;0,0
20170006645000;9;5;4;40,8
20170006700000;1;1;0;0,0
20170006701000;29;18;11;44,6
20170006714000;207;105;102;47,4
20170006715000;2;1;1;0,0
20170006725000;12;6;6;29,1
20170006726000;303;149;154;35,6
20170006727000;7;3;4;38,0
20170006729000;46;21;25;36,8
20170006730000;6;4;2;35,3
20170006737000;1;1;0;0,0
20170006751000;11;6;5;47,1
20170006753000;3;2;1;0,0
20170006754000;3;2;1;0,0
20170006755000;2;1;1;0,0
20170006756000;2;2;0;0,0
20170006765000;6;4;2;38,7
20170006771000;8;4;4;35,5
20170006772000;4;2;2;0,0
20170006832000;7;3;4;42,6
20170006842000;3;2;1;0,0
20170006843000;32;18;14;37,8
20170006844000;400;213;187;27,1
20170006848000;33;16;17;41,1
20170006849000;9;5;4;45,4
20170006860000;26;14;12;39,3
20170006893000;5;2;3;30,6
20170006894000;6;3;3;34,2
20170006897000;18;10;8;40,8
20170006899000;228;119;109;35,8
20170006915000;4;2;2;0,0
20170006917000;52;29;23;44,5
20170006918000;157;77;80;52,8
20170006919000;11;6;5;51,5
20170006920000;33;19;14;57,3
20170006921000;3;2;1;0,0
20170006927000;16;8;8;54,6
20170006933000;12;7;5;49,0
20170006942000;28;11;17;27,6
20170006943000;8;4;4;43,3
20170006945000;113;59;54;37,3
20170006946000;714;351;363;37,8
20170006947000;2;1;1;0,0
20170006949000;78;41;37;51,6
20170006950000;11;5;6;34,5
20170006952000;27;15;12;45,2
20170006953000;21;8;13;52,0
20180006468000;29;14;15;43,3
20180006475000;25;9;16;44,7
20180006478000;16;6;10;50,7
20180006479000;23;12;11;31,0
20180006480000;1;1;0;0,0
20180006481000;14;7;7;40,2
20180006483000;3;2;1;0,0
20180006488000;8;3;5;37,0
20180006497000;2;1;1;0,0
20180006500000;6;4;2;56,7
20180006506000;26;13;13;37,7
20180006613000;1;1;0;0,0
20180006624000;19;10;9;33,6
20180006625000;247;122;125;38,6
20180006642000;2;2;0;0,0
20180006645000;14;6;8;35,1
20180006646000;7;4;3;37,0
20180006668000;8;2;6;72,0
20180006697000;20;9;11;39,9
20180006717000;13;8;5;37,2
20180006725000;81;45;36;39,7
20180006726000;24;13;11;33,3
20180006729000;15;8;7;53,9
20180006730000;29;13;16;34,9
20180006750000;5;4;1;23,8
20180006751000;13;6;7;27,5
20180006752000;19;11;8;48,5
20180006754000;9;2;7;37,9
20180006757000;3;1;2;0,0
20180006765000;46;23;23;38,9
20180006766000;9;5;4;51,8
20180006807000;2;1;1;0,0
20180006832000;4;2;2;0,0
20180006842000;31;16;15;24,5
20180006843000;8;6;2;28,6
20180006844000;276;145;131;29,0
20180006845000;4;2;2;0,0
20180006848000;6;2;4;19,2
20180006849000;36;21;15;46,2
20180006850000;1;0;1;0,0
20180006860000;21;13;8;38,4
20180006861000;21;10;11;37,9
20180006878000;22;12;10;36,5
20180006898000;13;7;6;35,9
20180006899000;66;38;28;44,9
20180006900000;4;2;2;0,0
20180006918000;29;16;13;45,5
20180006919000;159;83;76;41,9
20180006927000;14;9;5;54,6
20180006928000;9;4;5;48,8
20180006931000;5;2;3;38,4
20180006933000;11;6;5;46,6
20180006943000;46;23;23;42,1
20180006944000;14;9;5;37,7
20180006945000;45;26;19;42,7
20180006946000;217;116;101;33,3
20180006947000;155;73;82;41,9
20180006948000;113;60;53;42,9
20180006949000;80;35;45;45,1
20180006950000;72;39;33;47,1
20180006953000;37;17;20;47,5
20180006954000;2;1;1;0,0
20190006468000;91;46;45;36,0
20190006469000;11;6;5;66,3
20190006472000;7;4;3;56,4
20190006473000;2;2;0;0,0
20190006474000;2;1;1;0,0
20190006478000;5;2;3;40,0
20190006480000;4;1;3;0,0
20190006484000;6;3;3;50,5
20190006487000;3;2;1;0,0
20190006488000;9;5;4;66,3
20190006489000;9;4;5;65,6
20190006493000;4;1;3;0,0
20190006497000;1;1;0;0,0
20190006499000;7;3;4;32,6
20190006500000;2;1;1;0,0
20190006502000;10;6;4;48,5
20190006503000;3;2;1;0,0
20190006515000;3;1;2;0,0
20190006518000;21;13;8;33,2
20190006519000;30;14;16;30,8
20190006520000;12;4;8;33,0
20190006523000;34;18;16;46,2
20190006524000;15;9;6;27,5
20190006525000;3;1;2;0,0
20190006532000;149;73;76;34,4
20190006533000;6;4;2;24,7
20190006624000;5;3;2;19,4
20190006625000;86;39;47;50,3
20190006633000;5;2;3;54,8
20190006668000;7;2;5;47,6
20190006669000;7;3;4;28,6
20190006697000;7;2;5;30,1
20190006714000;16;8;8;43,0
20190006716000;15;8;7;49,5
20190006717000;32;18;14;47,9
20190006723000;1;0;1;0,0
20190006725000;41;20;21;45,7
20190006726000;24;12;12;44,3
20190006727000;54;28;26;39,7
20190006728000;30;16;14;41,3
20190006729000;37;23;14;28,2
20190006752000;4;2;2;0,0
20190006753000;25;13;12;38,1
20190006754000;3;1;2;0,0
20190006757000;4;2;2;0,0
20190006765000;6;3;3;31,2
20190006772000;9;7;2;27,7
20190006773000;8;6;2;41,6
20190006807000;1;0;1;0,0
20190006808000;3;1;2;0,0
20190006831000;5;2;3;30,2
20190006841000;4;3;1;0,0
20190006842000;5;2;3;23,6
20190006843000;21;12;9;45,8
20190006844000;23;14;9;47,1
20190006845000;20;10;10;41,6
20190006847000;2;2;0;0,0
20190006849000;4;2;2;0,0
20190006850000;21;11;10;45,5
20190006860000;20;10;10;36,3
20190006870000;20;10;10;34,5
20190006878000;11;7;4;40,1
20190006898000;16;7;9;33,6
20190006899000;5;3;2;52,6
20190006900000;12;5;7;43,4
20190006901000;27;12;15;43,0
20190006918000;21;12;9;55,3
20190006927000;13;7;6;53,4
20190006928000;69;34;35;46,2
20190006941000;55;30;25;34,9
20190006942000;20;10;10;40,0
20190006943000;7;5;2;36,7
20190006944000;55;25;30;38,5
20190006945000;215;109;106;34,0
20190006946000;25;15;10;40,0
20190006947000;222;113;109;37,8
20190006949000;5;2;3;45,0
20200006467000;38;21;17;42,3
20200006468000;5;2;3;54,4
20200006469000;6;2;4;66,0
20200006471000;2;1;1;0,0
20200006472000;1;1;0;0,0
20200006473000;14;7;7;28,9
20200006479000;5;3;2;50,8
20200006484000;2;1;1;0,0
20200006486000;23;11;12;33,3
20200006487000;266;135;131;39,6
20200006488000;196;102;94;41,9
20200006489000;11;5;6;41,9
20200006494000;3;1;2;0,0
20200006497000;12;6;6;38,3
20200006501000;5;3;2;17,6
20200006514000;1;1;0;0,0
20200006515000;16;11;5;46,3
20200006524000;48;25;23;36,3
20200006525000;5;3;2;71,4
20200006531000;60;34;26;29,7
20200006532000;542;266;276;41,5
20200006533000;88;40;48;40,0
20200006534000;5;4;1;26,2
20200006535000;3;2;1;0,0
20200006624000;12;6;6;39,2
20200006625000;165;79;86;42,7
20200006668000;20;10;10;44,6
20200006714000;9;6;3;51,9
20200006717000;5;3;2;48,6
20200006725000;2;1;1;0,0
20200006726000;8;5;3;40,1
20200006727000;59;31;28;38,3
20200006752000;41;22;19;32,4
20200006753000;13;5;8;32,4
20200006754000;4;2;2;0,0
20200006755000;5;3;2;29,8
20200006774000;6;2;4;49,0
20200006812000;2;1;1;0,0
20200006819000;77;39;38;37,3
20200006831000;1;1;0;0,0
20200006843000;23;14;9;46,1
20200006844000;4;3;1;0,0
20200006849000;3;2;1;0,0
20200006850000;33;18;15;27,4
20200006851000;94;50;44;33,0
20200006852000;2;1;1;0,0
20200006860000;18;8;10;33,9
20200006861000;13;6;7;55,5
20200006862000;5;2;3;27,4
20200006869000;7;4;3;31,0
20200006870000;11;4;7;30,6
20200006872000;30;14;16;40,9
20200006873000;12;6;6;45,6
20200006896000;4;3;1;0,0
20200006898000;37;19;18;41,6
20200006899000;5;2;3;47,2
20200006900000;7;4;3;41,0
20200006901000;23;10;13;42,3
20200006908000;11;6;5;47,5
20200006916000;1;1;0;0,0
20200006917000;6;3;3;64,3
20200006918000;4;1;3;0,0
20200006927000;4;2;2;0,0
20200006928000;27;13;14;51,4
20200006933000;1;1;0;0,0
20200006934000;1;1;0;0,0
20200006935000;8;4;4;31,0
20200006939000;78;42;36;45,5
20200006940000;141;72;69;40,2
20200006941000;172;88;84;40,0
20200006942000;155;86;69;36,3
20200006944000;104;61;43;36,1
20200006945000;70;33;37;41,2
20200006946000;34;17;17;37,9
20200006948000;61;37;24;41,1
20210006464000;2;1;1;0,0
20210006466000;7;3;4;43,0
20210006467000;11;6;5;33,8
20210006468000;42;23;19;37,3
20210006469000;16;8;8;37,9
20210006472000;7;3;4;38,3
20210006483000;9;7;2;41,8
20210006485000;10;4;6;33,9
20210006486000;1;1;0;0,0
20210006488000;61;28;33;31,3
20210006489000;17;8;9;42,6
20210006490000;1;1;0;0,0
20210006492000;10;5;5;25,3
20210006494000;8;5;3;38,8
20210006496000;12;6;6;39,5
20210006498000;19;12;7;43,1
20210006499000;3;2;1;0,0
20210006500000;2;1;1;0,0
20210006501000;2;1;1;0,0
20210006502000;8;4;4;43,6
20210006504000;13;5;8;40,1
20210006508000;3;1;2;0,0
20210006509000;9;5;4;23,1
20210006510000;11;5;6;41,6
20210006512000;5;3;2;41,0
20210006532000;4;2;2;0,0
20210006533000;46;24;22;35,7
20210006534000;9;6;3;23,9
20210006535000;31;17;14;35,8
20210006536000;8;2;6;41,1
20210006538000;18;10;8;47,9
20210006576000;3;2;1;0,0
20210006624000;4;2;2;0,0
20210006625000;11;5;6;48,6
20210006626000;5;2;3;64,4
20210006668000;11;8;3;35,2
20210006714000;14;7;7;34,1
20210006715000;10;7;3;37,6
20210006717000;16;8;8;33,8
20210006718000;5;2;3;64,8
20210006726000;2;1;1;0,0
20210006753000;26;13;13;33,0
20210006754000;29;15;14;49,0
20210006755000;10;6;4;37,7
20210006775000;2;2;0;0,0
20210006813000;2;1;1;0,0
20210006819000;518;248;270;39,5
20210006820000;647;337;310;41,0
20210006831000;5;3;2;40,0
20210006843000;17;9;8;57,9
20210006844000;3;2;1;0,0
20210006845000;26;13;13;45,7
20210006850000;5;3;2;33,2
20210006851000;25;14;11;31,2
20210006852000;9;6;3;43,6
20210006853000;11;5;6;29,8
20210006859000;2;2;0;0,0
20210006860000;3;2;1;0,0
20210006861000;18;10;8;38,6
20210006869000;13;7;6;42,9
20210006877000;22;13;9;46,5
20210006878000;88;47;41;52,5
20210006896000;30;16;14;40,7
20210006898000;67;34;33;32,2
20210006899000;59;26;33;44,3
20210006900000;6;4;2;17,2
20210006908000;16;9;7;60,1
20210006909000;14;8;6;57,3
20210006915000;3;2;1;0,0
20210006916000;13;7;6;55,1
20210006928000;32;19;13;48,8
20210006934000;59;26;33;29,1
20210006935000;55;26;29;35,9
20210006939000;16;8;8;37,3
20210006940000;11;8;3;55,6
20210006942000;21;13;8;40,8
20210006944000;5;4;1;46,8
20210006946000;35;17;18;42,2
20210006947000;103;51;52;39,6
20210006948000;70;34;36;44,8
20220006466000;12;6;6;62,0
20220006467000;6;4;2;63,2
20220006468000;59;28;31;36,6
20220006469000;21;13;8;54,4
20220006470000;9;5;4;44,2
20220006479000;4;2;2;0,0
20220006483000;7;4;3;56,1
20220006485000;2;1;1;0,0
20220006488000;7;4;3;46,0
20220006489000;14;8;6;53,9
20220006495000;1;1;0;0,0
20220006499000;1;1;0;0,0
20220006503000;3;2;1;0,0
20220006504000;10;5;5;39,2
20220006505000;7;4;3;63,3
20220006507000;5;1;4;19,6
20220006508000;5;2;3;29,6
20220006510000;1;1;0;0,0
20220006526000;2;1;1;0,0
20220006529000;15;7;8;43,1
20220006534000;61;26;35;41,4
20220006538000;9;4;5;32,4
20220006549000;9;4;5;51,4
20220006576000;1;1;0;0,0
20220006577000;1;1;0;0,0
20220006626000;1;1;0;0,0
20220006647000;26;12;14;45,6
20220006713000;2;1;1;0,0
20220006714000;3;2;1;0,0
20220006753000;17;10;7;46,4
20220006754000;48;25;23;31,8
20220006806000;20;10;10;46,1
20220006807000;6;4;2;64,0
20220006819000;21;14;7;28,4
20220006820000;447;238;209;40,4
20220006821000;2;0;2;0,0
20220006831000;3;1;2;0,0
20220006832000;13;6;7;34,0
20220006846000;18;11;7;40,5
20220006847000;34;17;17;38,9
20220006853000;4;3;1;0,0
20220006860000;7;4;3;33,3
20220006861000;24;11;13;38,5
20220006862000;2;1;1;0,0
20220006863000;6;3;3;28,8
20220006869000;9;4;5;30,8
20220006879000;38;19;19;44,3
20220006894000;3;1;2;0,0
20220006896000;7;4;3;32,3
20220006898000;122;62;60;41,7
20220006899000;114;58;56;34,6
20220006900000;59;26;33;33,9
20220006901000;50;23;27;36,1
20220006907000;1;0;1;0,0
20220006908000;32;14;18;46,7
20220006910000;2;1;1;0,0
20220006915000;7;5;2;41,1
20220006928000;31;15;16;41,2
20220006929000;13;6;7;37,5
20220006930000;1;1;0;0,0
20220006932000;41;19;22;43,6
20220006933000;33;16;17;38,8
20220006934000;57;31;26;43,6
20220006935000;161;85;76;36,8
20220006936000;73;37;36;43,0
20220006938000;12;7;5;24,6
20220006939000;50;25;25;38,9
20220006940000;25;10;15;41,6
20220006948000;7;4;3;25,6
20230006467000;16;9;7;29,2
20230006468000;12;8;4;46,5
20230006469000;14;8;6;37,6
20230006470000;15;9;6;28,6
20230006479000;17;10;7;42,0
20230006485000;4;2;2;0,0
20230006488000;4;3;1;0,0
20230006489000;1;0;1;0,0
20230006499000;89;41;48;31,6
20230006500000;38;21;17;46,9
20230006502000;39;24;15;38,0
20230006503000;15;7;8;38,3
20230006504000;29;14;15;50,0
20230006505000;3;2;1;0,0
20230006509000;2;1;1;0,0
20230006510000;3;1;2;0,0
20230006534000;20;9;11;34,4
20230006539000;16;9;7;38,4
20230006542000;4;3;1;0,0
20230006576000;5;3;2;63,8
20230006626000;5;1;4;52,0
20230006647000;22;10;12;52,0
20230006648000;4;1;3;0,0
20230006669000;1;0;1;0,0
20230006713000;7;4;3;35,7
20230006714000;7;3;4;26,4
20230006720000;1;1;0;0,0
20230006751000;7;4;3;48,3
20230006752000;139;65;74;32,9
20230006753000;59;27;32;34,9
20230006806000;7;4;3;40,3
20230006807000;7;4;3;55,9
20230006808000;4;3;1;0,0
20230006820000;275;145;130;36,3
20230006821000;170;83;87;35,4
20230006833000;12;6;6;33,8
20230006842000;5;3;2;53,0
20230006843000;55;26;29;26,7
20230006844000;1;0;1;0,0
20230006847000;30;18;12;34,7
20230006853000;2;2;0;0,0
20230006854000;33;19;14;44,1
20230006861000;12;6;6;36,2
20230006862000;3;2;1;0,0
20230006869000;2;1;1;0,0
20230006891000;4;2;2;0,0
20230006894000;6;0;6;54,2
20230006896000;2;1;1;0,0
20230006898000;72;44;28;43,4
20230006899000;31;20;11;32,4
20230006900000;6;3;3;31,8
20230006901000;31;14;17;44,7
20230006902000;19;10;9;57,8
20230006929000;9;4;5;32,7
20230006933000;45;25;20;30,8
20230006934000;58;31;27;39,0
20230006935000;5;3;2;48,8
20230006936000;29;13;16;49,0
20230006937000;80;47;33;39,7
20230006938000;8;4;4;60,3
20230006939000;212;96;116;46,8
20230006940000;12;6;6;38,8
20230006941000;4;2;2;0,0
20230006943000;19;12;7;40,7
20230006944000;13;6;7;37,0
20230006946000;1;0;1;0,0
20240006466000;2;1;1;0,0
20240006467000;1;1;0;0,0
20240006468000;5;3;2;36,6
20240006469000;40;22;18;29,1
20240006470000;22;12;10;44,0
20240006473000;2;1;1;0,0
20240006478000;2;1;1;0,0
20240006480000;1;1;0;0,0
20240006482000;7;2;5;26,6
20240006483000;4;2;2;0,0
20240006485000;1;1;0;0,0
20240006487000;9;4;5;43,4
20240006488000;6;3;3;46,2
20240006499000;14;8;6;34,5
20240006503000;4;3;1;0,0
20240006504000;5;2;3;50,6
20240006505000;28;15;13;38,8
20240006540000;16;8;8;33,8
20240006541000;5;4;1;45,8
20240006547000;11;5;6;38,9
20240006548000;5;3;2;57,0
20240006550000;2;1;1;0,0
20240006551000;9;4;5;38,8
20240006626000;5;2;3;66,0
20240006713000;39;22;17;38,5
20240006720000;56;32;24;43,2
20240006721000;8;5;3;28,5
20240006722000;5;4;1;26,0
20240006751000;40;21;19;37,8
20240006752000;4;3;1;0,0
20240006753000;17;9;8;48,4
20240006775000;3;1;2;0,0
20240006821000;27;15;12;29,9
20240006832000;4;3;1;0,0
20240006833000;33;17;16;41,5
20240006842000;15;7;8;39,2
20240006843000;5;3;2;40,8
20240006847000;15;7;8;43,9
20240006848000;121;63;58;33,9
20240006849000;91;42;49;39,2
20240006850000;11;8;3;36,6
20240006854000;37;20;17;35,8
20240006855000;13;6;7;28,6
20240006896000;15;7;8;47,2
20240006898000;14;7;7;50,1
20240006902000;30;16;14;40,1
20240006911000;5;1;4;54,8
20240006929000;6;2;4;36,7
20240006937000;21;9;12;35,9
20240006938000;26;16;10;39,6
20240006939000;148;84;64;38,7
20240006941000;28;15;13;37,7
20240006942000;4;2;2;0,0
20240006943000;26;17;9;44,7
20240006944000;196;93;103;30,8
20240006946000;2;1;1;0,0
20250006463000;6;4;2;43,7
20250006464000;6;2;4;43,2
20250006465000;2;1;1;0,0
20250006466000;11;6;5;54,5
20250006467000;8;4;4;69,0
20250006468000;4;2;2;0,0
20250006469000;54;29;25;35,7
20250006470000;9;4;5;32,1
20250006488000;72;39;33;39,3
20250006489000;100;49;51;33,6
20250006540000;1;1;0;0,0
20250006541000;1;1;0;0,0
20250006548000;3;3;0;0,0
20250006551000;10;7;3;47,3
20250006552000;13;9;4;35,2
20250006671000;5;1;4;21,0
20250006687000;5;2;3;19,8
20250006720000;87;45;42;52,9
20250006721000;31;15;16;46,3
20250006728000;14;8;6;53,4
20250006729000;8;3;5;28,5
20250006751000;23;13;10;51,2
20250006752000;71;37;34;31,0
20250006753000;61;30;31;38,9
20250006754000;11;5;6;38,1
20250006775000;10;5;5;45,0
20250006833000;31;17;14;47,6
20250006834000;20;11;9;56,6
20250006841000;5;3;2;73,2
20250006842000;28;14;14;45,4
20250006848000;17;9;8;45,9
20250006849000;499;243;256;30,8
20250006850000;28;14;14;32,6
20250006854000;10;4;6;31,7
20250006855000;13;6;7;35,2
20250006882000;3;1;2;0,0
20250006883000;4;3;1;0,0
20250006895000;7;3;4;23,1
20250006896000;21;14;7;42,5
20250006897000;12;6;6;44,5
20250006902000;1;1;0;0,0
20250006912000;6;4;2;37,5
20250006914000;1;1;0;0,0
20250006915000;3;1;2;0,0
20250006927000;2;1;1;0,0
20250006929000;23;11;12;35,6
20250006935000;2;1;1;0,0
20250006937000;2;1;1;0,0
20250006938000;4;2;2;0,0
20250006939000;89;45;44;38,9
20250006942000;369;193;176;33,3
20250006943000;8;5;3;41,5
20250006944000;60;32;28;36,9
20250006946000;17;11;6;28,9
20250006948000;5;3;2;20,2
20260006463000;5;2;3;41,8
20260006464000;5;3;2;53,6
20260006465000;20;9;11;54,4
20260006466000;18;10;8;35,1
20260006467000;6;3;3;31,7
20260006468000;24;12;12;39,9
20260006469000;53;21;32;38,6
20260006470000;8;5;3;45,5
20260006473000;8;4;4;24,8
20260006475000;6;4;2;28,8
20260006477000;5;2;3;20,6
20260006481000;5;2;3;14,2
20260006488000;40;18;22;48,5
20260006489000;113;53;60;43,6
20260006513000;1;0;1;0,0
20260006549000;7;3;4;29,9
20260006551000;3;2;1;0,0
20260006552000;6;3;3;40,0
20260006553000;3;2;1;0,0
20260006632000;1;1;0;0,0
20260006671000;15;7;8;35,7
20260006686000;2;1;1;0,0
20260006720000;13;4;9;31,6
20260006721000;28;13;15;37,5
20260006723000;2;1;1;0,0
20260006728000;20;11;9;59,2
20260006729000;14;8;6;30,9
20260006750000;11;5;6;36,8
20260006751000;20;8;12;39,3
20260006752000;58;35;23;41,3
20260006753000;65;32;33;38,9
20260006754000;22;14;8;43,2
20260006775000;14;7;7;45,1
20260006812000;3;2;1;0,0
20260006832000;9;5;4;39,9
20260006834000;29;15;14;34,9
20260006841000;25;12;13;46,5
20260006842000;6;4;2;31,2
20260006848000;6;6;0;39,7
20260006849000;50;29;21;40,6
20260006888000;8;4;4;37,0
20260006890000;2;1;1;0,0
20260006895000;19;8;11;40,1
20260006897000;238;121;117;35,9
20260006898000;6;3;3;46,0
20260006913000;7;4;3;57,4
20260006914000;25;13;12;48,1
20260006916000;23;8;15;37,3
20260006928000;1;1;0;0,0
20260006929000;28;9;19;40,4
20260006933000;2;1;1;0,0
20260006935000;31;15;16;36,3
20260006936000;26;16;10;39,0
20260006939000;10;5;5;52,4
20260006940000;33;16;17;35,5
20260006941000;29;16;13;28,3
20260006942000;378;201;177;33,5
20260006943000;307;236;71;38,5
20260006944000;107;52;55;34,7
20260006945000;69;36;33;52,1
20260006946000;763;403;360;36,6
20260006947000;273;144;129;39,8
20260006948000;215;107;108;32,5
20260006949000;31;21;10;35,0
20270006457000;1;0;1;0,0
20270006461000;14;8;6;29,4
20270006464000;6;3;3;30,2
20270006465000;3;1;2;0,0
20270006467000;4;3;1;0,0
20270006468000;8;4;4;33,1
20270006469000;30;13;17;34,6
20270006470000;11;6;5;45,5
20270006473000;26;15;11;32,3
20270006475000;2;1;1;0,0
20270006480000;5;4;1;44,2
20270006481000;3;1;2;0,0
20270006488000;8;4;4;61,1
20270006489000;69;38;31;35,1
20270006490000;82;44;38;41,6
20270006491000;12;6;6;39,3
20270006518000;1;1;0;0,0
20270006536000;5;3;2;52,0
20270006549000;2;1;1;0,0
20270006550000;15;9;6;37,9
20270006553000;2;1;1;0,0
20270006554000;5;3;2;47,0
20270006625000;8;5;3;32,0
20270006626000;4;1;3;0,0
20270006627000;46;22;24;34,5
20270006628000;2;0;2;0,0
20270006723000;10;4;6;44,8
20270006729000;29;13;16;46,6
20270006730000;51;26;25;45,9
20270006749000;4;2;2;0,0
20270006750000;14;5;9;54,1
20270006751000;4;3;1;0,0
20270006814000;4;2;2;0,0
20270006831000;10;6;4;49,6
20270006832000;15;8;7;34,1
20270006833000;4;2;2;0,0
20270006835000;2;2;0;0,0
20270006837000;1;0;1;0,0
20270006841000;4;3;1;0,0
20270006842000;16;10;6;42,9
20270006848000;8;4;4;40,1
20270006849000;184;97;87;44,0
20270006850000;214;124;90;31,3
20270006888000;37;18;19;32,8
20270006889000;38;26;12;39,7
20270006895000;31;16;15;40,6
20270006896000;451;230;221;41,8
20270006897000;908;452;456;37,8
20270006898000;77;36;41;36,6
20270006913000;29;14;15;51,1
20270006914000;17;9;8;46,0
20270006918000;22;10;12;50,4
20270006919000;20;9;11;42,5
20270006924000;8;5;3;31,8
20270006925000;10;6;4;37,0
20270006935000;94;47;47;46,1
20270006938000;153;85;68;39,9
20270006939000;210;113;97;35,9
20270006941000;49;21;28;30,3
20270006942000;68;35;33;32,8
20270006943000;97;52;45;43,1
20270006944000;179;91;88;36,2
20270006945000;1086;506;580;44,5
20270006946000;1365;672;693;35,3
20270006951000;19;8;11;30,4
20280006458000;2;1;1;0,0
20280006459000;107;54;53;44,5
20280006460000;5;2;3;23,8
20280006461000;17;8;9;33,3
20280006462000;1;1;0;0,0
20280006466000;2;1;1;0,0
20280006467000;4;2;2;0,0
20280006469000;8;3;5;38,8
20280006470000;3;2;1;0,0
20280006473000;4;2;2;0,0
20280006479000;17;9;8;35,2
20280006480000;5;3;2;13,8
20280006487000;5;3;2;30,2
20280006488000;3;1;2;0,0
20280006489000;34;17;17;31,9
20280006490000;49;23;26;43,8
20280006491000;48;27;21;33,0
20280006501000;8;3;5;34,3
20280006502000;9;5;4;38,4
20280006503000;14;9;5;44,9
20280006506000;11;4;7;40,5
20280006514000;1;1;0;0,0
20280006517000;1;1;0;0,0
20280006521000;26;13;13;40,7
20280006522000;2;1;1;0,0
20280006554000;3;1;2;0,0
20280006624000;13;6;7;33,6
20280006723000;7;3;4;46,3
20280006730000;21;9;12;42,0
20280006749000;3;2;1;0,0
20280006751000;49;28;21;38,9
20280006812000;4;1;3;0,0
20280006814000;5;2;3;25,4
20280006815000;3;2;1;0,0
20280006831000;13;9;4;38,4
20280006834000;6;3;3;45,7
20280006839000;6;3;3;40,8
20280006841000;20;9;11;43,1
20280006842000;9;5;4;40,0
20280006849000;74;43;31;43,3
20280006850000;2;1;1;0,0
20280006887000;4;1;3;0,0
20280006889000;27;14;13;39,3
20280006896000;484;249;235;40,5
20280006897000;654;300;354;41,2
20280006898000;12;7;5;37,3
20280006902000;6;2;4;43,0
20280006918000;4;2;2;0,0
20280006919000;30;14;16;40,5
20280006920000;88;46;42;39,6
20280006921000;42;19;23;46,4
20280006923000;9;4;5;44,7
20280006924000;7;4;3;61,7
20280006925000;53;30;23;41,8
20280006926000;26;11;15;44,8
20280006927000;1;1;0;0,0
20280006934000;2;1;1;0,0
20280006935000;110;60;50;38,2
20280006939000;7;5;2;59,1
20280006945000;919;475;444;37,0
20280006946000;61;34;27;35,0
20280006951000;30;16;14;44,7
20280006952000;102;54;48;40,2
20280006953000;5;3;2;37,8
20290006459000;6;2;4;57,8
20290006460000;6;2;4;44,0
20290006461000;28;15;13;44,2
20290006463000;45;23;22;35,1
20290006464000;3;2;1;0,0
20290006465000;3;1;2;0,0
20290006467000;3;1;2;0,0
20290006468000;11;7;4;35,0
20290006469000;17;9;8;35,1
20290006470000;15;12;3;30,9
20290006472000;5;3;2;30,0
20290006474000;4;1;3;0,0
20290006476000;10;5;5;43,0
20290006483000;2;1;1;0,0
20290006489000;1;0;1;0,0
20290006490000;29;16;13;36,2
20290006491000;903;420;483;40,4
20290006492000;308;160;148;46,3
20290006493000;13;9;4;40,5
20290006498000;16;9;7;39,8
20290006499000;15;10;5;31,0
20290006500000;7;4;3;26,7
20290006501000;9;3;6;49,3
20290006502000;4;2;2;0,0
20290006503000;7;3;4;44,9
20290006505000;5;2;3;56,6
20290006506000;2;1;1;0,0
20290006509000;31;13;18;28,5
20290006510000;3;1;2;0,0
20290006513000;9;6;3;29,3
20290006514000;24;10;14;38,8
20290006517000;4;2;2;0,0
20290006523000;4;3;1;0,0
20290006633000;5;2;3;38,2
20290006682000;32;14;18;31,2
20290006684000;21;9;12;31,1
20290006685000;12;4;8;46,0
20290006686000;84;41;43;41,8
20290006687000;402;198;204;38,3
20290006688000;427;219;208;42,1
20290006689000;291;167;124;39,4
20290006690000;172;96;76;41,9
20290006691000;306;167;139;36,6
20290006692000;312;157;155;42,1
20290006723000;16;9;7;42,9
20290006730000;361;169;192;43,7
20290006749000;16;8;8;46,0
20290006750000;3;0;3;0,0
20290006751000;148;75;73;34,4
20290006752000;315;158;157;44,9
20290006815000;10;4;6;32,2
20290006830000;3;2;1;0,0
20290006831000;8;3;5;50,1
20290006832000;18;9;9;34,9
20290006834000;21;13;8;44,4
20290006840000;45;23;22;44,6
20290006841000;18;11;7;40,7
20290006849000;8;4;4;45,9
20290006850000;10;6;4;44,7
20290006851000;18;10;8;38,9
20290006887000;12;6;6;47,2
20290006896000;38;20;18;41,2
20290006897000;75;39;36;30,8
20290006917000;11;6;5;53,1
20290006923000;6;4;2;37,5
20290006924000;82;39;43;42,8
20290006925000;77;35;42;46,6
20290006931000;22;14;8;40,4
20290006935000;23;12;11;49,0
20290006936000;28;14;14;35,5
20290006939000;9;6;3;30,9
20290006940000;33;17;16;38,9
20290006942000;1;1;0;0,0
20290006945000;412;215;197;33,5
20290006953000;18;9;9;40,7
20300006455000;2;1;1;0,0
20300006457000;3;2;1;0,0
20300006463000;12;8;4;43,3
20300006464000;24;13;11;46,0
20300006465000;1;0;1;0,0
20300006466000;6;5;1;53,3
20300006468000;111;56;55;26,2
20300006469000;181;84;97;34,1
20300006472000;33;14;19;31,4
20300006473000;6;4;2;37,5
20300006474000;24;13;11;39,3
20300006475000;14;6;8;21,1
20300006476000;25;15;10;40,2
20300006477000;5;3;2;30,8
20300006478000;5;4;1;49,4
20300006480000;5;2;3;42,2
20300006481000;3;2;1;0,0
20300006484000;5;3;2;29,0
20300006485000;4;2;2;0,0
20300006491000;103;48;55;47,0
20300006492000;489;238;251;38,3
20300006493000;156;79;77;37,0
20300006494000;34;19;15;38,7
20300006495000;81;48;33;37,1
20300006496000;25;13;12;48,4
20300006497000;28;14;14;33,0
20300006498000;44;26;18;41,6
20300006499000;140;68;72;40,7
20300006500000;60;32;28;37,9
20300006501000;7;5;2;47,9
20300006503000;10;4;6;45,5
20300006505000;1;1;0;0,0
20300006508000;4;2;2;0,0
20300006509000;17;9;8;37,8
20300006510000;8;3;5;22,9
20300006512000;12;7;5;35,9
20300006513000;3;1;2;0,0
20300006514000;37;18;19;31,8
20300006515000;20;8;12;47,2
20300006517000;9;6;3;36,8
20300006520000;4;3;1;0,0
20300006524000;2;2;0;0,0
20300006525000;2;2;0;0,0
20300006526000;7;4;3;41,6
20300006532000;6;3;3;37,8
20300006555000;51;21;30;33,7
20300006556000;18;9;9;41,6
20300006634000;2;1;1;0,0
20300006673000;60;34;26;47,8
20300006674000;11;5;6;51,0
20300006675000;14;7;7;32,9
20300006676000;6;3;3;36,0
20300006677000;3;2;1;0,0
20300006678000;5;3;2;44,4
20300006679000;4;2;2;0,0
20300006680000;53;27;26;38,8
20300006681000;4;2;2;0,0
20300006682000;10;5;5;43,2
20300006687000;727;324;403;50,0
20300006688000;1271;588;683;44,5
20300006689000;1054;538;516;46,2
20300006690000;31;13;18;45,5
20300006696000;4;2;2;0,0
20300006730000;107;56;51;50,0
20300006749000;36;18;18;34,7
20300006750000;14;9;5;48,4
20300006751000;1;1;0;0,0
20300006752000;830;389;441;43,4
20300006809000;16;7;9;35,8
20300006829000;7;3;4;31,0
20300006830000;24;14;10;42,9
20300006834000;20;11;9;43,4
20300006839000;9;6;3;42,8
20300006850000;10;6;4;36,8
20300006851000;21;8;13;40,4
20300006852000;36;21;15;42,1
20300006884000;6;3;3;46,8
20300006896000;30;15;15;53,4
20300006897000;28;17;11;43,0
20300006921000;8;4;4;38,8
20300006922000;12;4;8;34,3
20300006930000;73;35;38;37,1
20300006931000;42;22;20;40,8
20300006940000;5;3;2;36,0
20300006942000;3;2;1;0,0
20310006455000;18;10;8;57,8
20310006458000;2;1;1;0,0
20310006463000;4;3;1;0,0
20310006465000;16;9;7;23,0
20310006466000;144;76;68;31,2
20310006469000;52;25;27;45,2
20310006470000;28;14;14;46,3
20310006471000;34;15;19;38,0
20310006472000;168;87;81;36,7
20310006473000;31;14;17;40,9
20310006474000;11;6;5;34,5
20310006475000;34;18;16;35,1
20310006476000;13;6;7;38,7
20310006479000;1;1;0;0,0
20310006481000;1;1;0;0,0
20310006485000;4;1;3;0,0
20310006486000;7;4;3;24,0
20310006487000;2;1;1;0,0
20310006491000;20;11;9;25,0
20310006492000;163;82;81;40,0
20310006493000;386;200;186;36,9
20310006496000;26;16;10;37,4
20310006497000;14;4;10;39,6
20310006498000;69;34;35;36,6
20310006499000;29;17;12;33,5
20310006500000;1;1;0;0,0
20310006501000;11;6;5;36,3
20310006502000;5;3;2;18,6
20310006503000;7;3;4;35,6
20310006504000;6;2;4;29,8
20310006510000;3;1;2;0,0
20310006511000;2;1;1;0,0
20310006514000;25;9;16;85,7
20310006515000;28;13;15;32,5
20310006516000;11;3;8;33,6
20310006517000;3;1;2;0,0
20310006518000;8;6;2;53,6
20310006526000;20;13;7;34,4
20310006546000;3;2;1;0,0
20310006556000;32;22;10;47,0
20310006557000;1;0;1;0,0
20310006558000;34;19;15;37,5
20310006634000;1;1;0;0,0
20310006673000;246;120;126;37,6
20310006674000;43;19;24;44,1
20310006675000;32;16;16;49,6
20310006676000;9;5;4;52,8
20310006677000;4;2;2;0,0
20310006689000;11;6;5;47,9
20310006694000;357;184;173;42,1
20310006697000;1;1;0;0,0
20310006698000;13;6;7;58,1
20310006699000;23;11;12;42,6
20310006700000;7;5;2;35,9
20310006730000;13;8;5;34,3
20310006747000;10;6;4;32,9
20310006748000;16;9;7;38,6
20310006749000;25;13;12;45,9
20310006750000;327;174;153;38,7
20310006751000;319;134;185;54,7
20310006752000;1588;764;824;44,8
20310006753000;21;11;10;55,0
20310006754000;4;2;2;0,0
20310006755000;98;45;53;45,8
20310006799000;2;2;0;0,0
20310006804000;5;3;2;73,2
20310006809000;65;33;32;43,6
20310006811000;2;1;1;0,0
20310006829000;6;2;4;63,7
20310006830000;1;1;0;0,0
20310006834000;17;8;9;42,9
20310006850000;6;3;3;44,3
20310006852000;9;4;5;61,9
20310006881000;26;11;15;45,3
20310006882000;70;37;33;46,8
20310006891000;41;20;21;43,7
20310006892000;21;12;9;42,3
20310006897000;53;25;28;38,1
20310006906000;3;2;1;0,0
20310006907000;10;4;6;42,1
20310006920000;3;1;2;0,0
20310006929000;19;8;11;32,8
20310006930000;42;23;19;41,8
20310006932000;13;6;7;31,3
20310006934000;3;2;1;0,0
20310006946000;36;19;17;39,8
20320006455000;19;9;10;60,5
20320006456000;7;4;3;49,0
20320006458000;12;5;7;43,8
20320006459000;4;3;1;0,0
20320006462000;6;2;4;43,8
20320006463000;2;1;1;0,0
20320006466000;6;3;3;30,0
20320006467000;15;8;7;34,3
20320006468000;250;129;121;31,6
20320006469000;35;19;16;41,7
20320006470000;763;383;380;34,1
20320006471000;200;104;96;32,8
20320006472000;234;127;107;40,5
20320006477000;5;3;2;26,0
20320006478000;7;4;3;46,7
20320006479000;13;6;7;42,5
20320006485000;9;5;4;47,2
20320006491000;6;2;4;50,0
20320006492000;4;2;2;0,0
20320006493000;23;16;7;38,1
20320006503000;8;5;3;21,9
20320006507000;4;2;2;0,0
20320006511000;12;7;5;33,7
20320006512000;4;2;2;0,0
20320006515000;17;7;10;29,1
20320006517000;5;3;2;41,6
20320006527000;1;1;0;0,0
20320006528000;4;2;2;0,0
20320006529000;6;2;4;42,7
20320006555000;3;2;1;0,0
20320006558000;35;18;17;34,4
20320006559000;18;8;10;46,4
20320006635000;7;4;3;39,0
20320006636000;12;8;4;37,6
20320006669000;2;1;1;0,0
20320006670000;6;3;3;58,0
20320006671000;6;3;3;38,8
20320006676000;11;6;5;40,5
20320006694000;272;138;134;38,7
20320006696000;8;5;3;41,8
20320006697000;3;2;1;0,0
20320006701000;21;12;9;39,2
20320006702000;2;0;2;0,0
20320006703000;19;9;10;40,1
20320006724000;24;13;11;54,4
20320006725000;24;10;14;38,2
20320006726000;6;3;3;34,3
20320006730000;6;4;2;48,7
20320006731000;5;3;2;69,8
20320006739000;9;4;5;34,7
20320006742000;6;3;3;32,8
20320006743000;1;1;0;0,0
20320006744000;12;7;5;46,7
20320006745000;22;11;11;42,3
20320006746000;16;8;8;34,9
20320006747000;21;10;11;49,1
20320006748000;71;37;34;39,4
20320006749000;21;13;8;30,7
20320006750000;115;52;63;43,6
20320006751000;829;401;428;39,8
20320006752000;1117;503;614;47,6
20320006753000;170;75;95;42,0
20320006754000;409;199;210;43,7
20320006755000;768;404;364;37,6
20320006756000;57;37;20;35,9
20320006765000;5;2;3;14,4
20320006803000;1;1;0;0,0
20320006808000;10;5;5;52,8
20320006829000;9;5;4;32,4
20320006830000;6;3;3;35,3
20320006834000;8;2;6;57,0
20320006835000;7;3;4;42,9
20320006836000;1;0;1;0,0
20320006837000;5;2;3;20,0
20320006838000;4;2;2;0,0
20320006850000;2;1;1;0,0
20320006852000;22;11;11;49,0
20320006878000;1;1;0;0,0
20320006879000;7;3;4;55,7
20320006880000;71;35;36;38,9
20320006881000;61;30;31;52,8
20320006882000;27;14;13;47,4
20320006886000;10;5;5;35,6
20320006887000;18;9;9;50,1
20320006890000;9;4;5;56,7
20320006891000;10;6;4;41,5
20320006896000;50;23;27;32,0
20320006897000;264;137;127;36,9
20320006898000;10;4;6;49,5
20320006906000;13;7;6;43,5
20320006907000;27;14;13;45,6
20320006911000;17;8;9;42,1
20320006919000;142;66;76;45,3
20320006920000;54;28;26;44,5
20320006921000;5;3;2;68,4
20320006925000;26;14;12;40,1
20320006926000;9;5;4;44,0
20320006929000;13;7;6;50,5
20320006930000;1;1;0;0,0
20320006932000;2;1;1;0,0
20320006934000;68;40;28;40,9
20320006946000;243;126;117;35,5
20330006456000;9;4;5;66,6
20330006457000;7;4;3;33,6
20330006459000;5;1;4;44,6
20330006463000;5;2;3;29,6
20330006464000;5;1;4;19,6
20330006465000;4;2;2;0,0
20330006466000;5;3;2;45,2
20330006467000;29;14;15;29,1
20330006468000;30;18;12;27,8
20330006470000;397;183;214;32,8
20330006471000;906;438;468;44,3
20330006472000;77;41;36;35,7
20330006473000;30;12;18;46,4
20330006474000;53;30;23;35,4
20330006475000;45;23;22;34,4
20330006476000;10;4;6;35,8
20330006477000;13;7;6;47,4
20330006479000;12;6;6;22,3
20330006493000;35;18;17;35,5
20330006494000;10;8;2;35,6
20330006495000;41;18;23;32,5
20330006497000;17;8;9;31,1
20330006500000;6;4;2;38,7
20330006502000;18;9;9;34,8
20330006503000;39;20;19;30,6
20330006504000;5;3;2;37,6
20330006507000;8;3;5;57,8
20330006508000;8;4;4;51,1
20330006513000;10;6;4;43,8
20330006514000;5;4;1;27,4
20330006515000;13;9;4;39,8
20330006517000;8;3;5;34,4
20330006518000;2;1;1;0,0
20330006529000;11;7;4;47,5
20330006555000;2;1;1;0,0
20330006557000;7;5;2;45,9
20330006558000;22;13;9;38,9
20330006559000;12;4;8;38,9
20330006668000;2;1;1;0,0
20330006669000;1;0;1;0,0
20330006670000;15;8;7;37,8
20330006696000;1;1;0;0,0
20330006698000;1;1;0;0,0
20330006699000;5;2;3;69,8
20330006703000;14;8;6;54,2
20330006704000;27;12;15;58,0
20330006705000;10;6;4;43,0
20330006707000;5;4;1;25,0
20330006708000;42;22;20;42,0
20330006709000;67;32;35;38,5
20330006726000;4;3;1;0,0
20330006727000;3;3;0;0,0
20330006739000;2;2;0;0,0
20330006742000;19;8;11;48,1
20330006743000;1;0;1;0,0
20330006744000;9;5;4;47,2
20330006745000;5;3;2;63,6
20330006746000;6;2;4;23,8
20330006747000;129;62;67;31,7
20330006751000;43;20;23;45,8
20330006752000;287;146;141;38,8
20330006753000;24;13;11;29,7
20330006754000;129;61;68;40,7
20330006755000;96;52;44;38,2
20330006756000;89;44;45;39,8
20330006757000;7;3;4;40,9
20330006768000;2;1;1;0,0
20330006793000;1;0;1;0,0
20330006808000;4;2;2;0,0
20330006830000;20;11;9;34,6
20330006835000;7;3;4;54,7
20330006836000;5;3;2;42,6
20330006838000;8;4;4;31,9
20330006852000;5;2;3;26,4
20330006853000;7;3;4;22,0
20330006879000;9;4;5;41,8
20330006880000;69;39;30;43,1
20330006881000;4;1;3;0,0
20330006884000;9;4;5;21,4
20330006885000;70;41;29;29,7
20330006886000;3;2;1;0,0
20330006890000;5;2;3;38,2
20330006896000;41;21;20;38,9
20330006897000;76;40;36;33,2
20330006898000;12;6;6;40,3
20330006905000;35;16;19;35,9
20330006906000;3;1;2;0,0
20330006907000;5;3;2;47,4
20330006908000;23;12;11;40,6
20330006912000;6;5;1;56,7
20330006913000;18;7;11;48,1
20330006918000;9;4;5;38,3
20330006919000;37;19;18;54,0
20330006920000;16;11;5;42,9
20330006924000;60;29;31;38,0
20330006925000;136;73;63;40,7
20330006926000;47;26;21;44,4
20330006929000;4;3;1;0,0
20330006930000;12;6;6;71,7
20330006932000;21;11;10;44,2
20330006933000;130;65;65;39,0
20330006934000;28;13;15;49,3
20330006936000;2;1;1;0,0
20330006940000;6;5;1;40,8
20330006941000;12;4;8;53,0
20330006942000;35;20;15;40,0
20330006943000;45;21;24;28,4
20330006944000;50;23;27;47,6
20330006945000;62;28;34;39,3
20330006946000;253;138;115;41,9
20340006456000;6;3;3;37,2
20340006459000;27;16;11;35,4
20340006460000;28;14;14;35,1
20340006461000;6;3;3;35,2
20340006462000;2;1;1;0,0
20340006463000;6;3;3;67,3
20340006464000;4;2;2;0,0
20340006465000;3;2;1;0,0
20340006466000;11;4;7;35,0
20340006467000;2;1;1;0,0
20340006470000;15;8;7;32,1
20340006471000;305;141;164;35,4
20340006472000;398;211;187;36,5
20340006473000;101;53;48;38,2
20340006475000;5;3;2;57,2
20340006488000;1;0;1;0,0
20340006489000;4;1;3;0,0
20340006493000;15;5;10;32,1
20340006494000;67;33;34;39,6
20340006495000;42;26;16;44,5
20340006496000;80;41;39;33,8
20340006497000;15;8;7;34,3
20340006498000;33;18;15;35,0
20340006499000;22;11;11;40,5
20340006500000;3;1;2;0,0
20340006503000;1;0;1;0,0
20340006507000;5;3;2;78,0
20340006510000;13;4;9;36,1
20340006512000;2;1;1;0,0
20340006514000;6;3;3;35,5
20340006515000;30;13;17;38,9
20340006559000;25;11;14;43,9
20340006701000;18;9;9;40,4
20340006702000;7;5;2;50,4
20340006703000;3;1;2;0,0
20340006708000;4;3;1;0,0
20340006709000;57;28;29;46,7
20340006710000;58;30;28;49,1
20340006711000;43;27;16;46,7
20340006727000;17;9;8;56,7
20340006728000;9;4;5;43,6
20340006751000;46;25;21;42,0
20340006752000;293;149;144;36,5
20340006753000;27;12;15;45,5
20340006755000;25;14;11;45,0
20340006757000;49;26;23;45,7
20340006758000;30;15;15;43,1
20340006767000;15;6;9;55,0
20340006768000;14;8;6;35,5
20340006793000;23;9;14;43,0
20340006794000;7;2;5;63,6
20340006795000;21;9;12;38,0
20340006807000;1;1;0;0,0
20340006830000;2;1;1;0,0
20340006831000;17;7;10;39,7
20340006837000;8;5;3;55,4
20340006839000;5;2;3;30,4
20340006851000;3;2;1;0,0
20340006853000;52;24;28;41,4
20340006873000;7;4;3;40,3
20340006879000;57;29;28;44,4
20340006880000;76;32;44;34,3
20340006883000;30;15;15;36,8
20340006884000;120;58;62;40,6
20340006885000;19;11;8;44,4
20340006889000;3;2;1;0,0
20340006895000;15;6;9;38,6
20340006896000;13;9;4;41,8
20340006897000;13;7;6;37,9
20340006898000;9;6;3;28,3
20340006905000;10;4;6;32,3
20340006906000;9;4;5;51,2
20340006912000;16;7;9;33,5
20340006913000;36;20;16;40,6
20340006914000;9;5;4;51,7
20340006918000;5;4;1;63,6
20340006923000;169;81;88;38,3
20340006924000;174;86;88;39,0
20340006925000;139;75;64;34,5
20340006926000;25;15;10;36,4
20340006928000;6;3;3;43,2
20340006930000;39;20;19;49,6
20340006937000;5;4;1;54,0
20340006940000;11;5;6;32,8
20340006942000;12;7;5;41,2
20340006944000;41;25;16;43,3
20340006945000;43;22;21;40,0
20340006946000;35;18;17;41,9
20340006947000;295;150;145;41,0
20350006460000;16;6;10;39,6
20350006461000;46;25;21;33,6
20350006465000;12;6;6;36,7
20350006467000;16;8;8;33,1
20350006468000;4;3;1;0,0
20350006470000;17;10;7;43,5
20350006471000;5;2;3;31,6
20350006472000;337;162;175;32,2
20350006473000;966;477;489;40,3
20350006474000;13;7;6;52,2
20350006475000;23;12;11;30,0
20350006476000;7;2;5;38,7
20350006477000;1;1;0;0,0
20350006478000;4;3;1;0,0
20350006479000;2;1;1;0,0
20350006482000;2;2;0;0,0
20350006485000;3;1;2;0,0
20350006489000;1;1;0;0,0
20350006494000;22;10;12;34,5
20350006496000;34;15;19;34,1
20350006497000;23;15;8;27,5
20350006498000;7;3;4;37,7
20350006500000;17;11;6;26,0
20350006501000;13;6;7;25,8
20350006506000;2;2;0;0,0
20350006508000;28;18;10;34,2
20350006509000;12;7;5;42,6
20350006510000;8;4;4;53,9
20350006511000;1;0;1;0,0
20350006512000;18;10;8;34,3
20350006513000;9;3;6;45,1
20350006514000;7;5;2;37,1
20350006515000;1;0;1;0,0
20350006530000;14;7;7;41,9
20350006531000;2;1;1;0,0
20350006559000;3;2;1;0,0
20350006561000;17;11;6;39,9
20350006562000;8;4;4;34,0
20350006568000;4;3;1;0,0
20350006569000;4;3;1;0,0
20350006648000;3;2;1;0,0
20350006695000;10;4;6;46,8
20350006703000;32;19;13;39,4
20350006704000;41;19;22;42,6
20350006705000;10;4;6;47,5
20350006711000;1;1;0;0,0
20350006712000;18;10;8;33,2
20350006713000;1;1;0;0,0
20350006728000;19;10;9;49,1
20350006729000;7;5;2;58,6
20350006732000;5;3;2;66,2
20350006749000;16;10;6;33,6
20350006750000;26;13;13;42,7
20350006751000;69;32;37;35,5
20350006752000;11;5;6;38,2
20350006753000;137;70;67;39,6
20350006754000;7;4;3;30,3
20350006755000;3;2;1;0,0
20350006756000;19;11;8;52,9
20350006757000;30;17;13;40,4
20350006758000;13;9;4;55,5
20350006759000;7;4;3;48,4
20350006760000;1;1;0;0,0
20350006762000;5;4;1;61,2
20350006766000;11;7;4;49,5
20350006767000;14;8;6;34,0
20350006770000;4;3;1;0,0
20350006773000;3;1;2;0,0
20350006774000;21;11;10;47,8
20350006795000;13;8;5;43,4
20350006796000;4;2;2;0,0
20350006806000;1;1;0;0,0
20350006839000;22;10;12;37,0
20350006850000;14;6;8;34,8
20350006852000;2;1;1;0,0
20350006853000;97;61;36;34,7
20350006854000;18;11;7;49,8
20350006878000;19;9;10;37,1
20350006879000;47;23;24;39,0
20350006881000;18;10;8;53,1
20350006882000;95;46;49;39,8
20350006883000;44;24;20;40,8
20350006884000;32;18;14;43,1
20350006885000;19;9;10;36,3
20350006886000;8;4;4;51,4
20350006895000;20;11;9;39,6
20350006914000;7;5;2;65,9
20350006916000;23;13;10;41,3
20350006917000;2;1;1;0,0
20350006920000;4;1;3;0,0
20350006921000;175;87;88;40,7
20350006922000;1266;619;647;41,5
20350006923000;988;494;494;37,9
20350006925000;4;3;1;0,0
20350006926000;38;19;19;43,4
20350006927000;22;11;11;42,8
20350006928000;57;35;22;38,9
20350006930000;22;12;10;44,5
20350006934000;1;1;0;0,0
20350006937000;4;2;2;0,0
20350006941000;14;8;6;29,2
20350006942000;3;2;1;0,0
20350006947000;180;95;85;36,8
20350006948000;10;6;4;36,4
20350006950000;24;14;10;40,4
20350006951000;3;3;0;0,0
20350006958000;31;16;15;35,6
20350006960000;57;31;26;41,5
20350006961000;103;52;51;44,5
20360006460000;363;175;188;39,7
20360006461000;75;45;30;43,9
20360006463000;11;7;4;66,7
20360006464000;15;10;5;48,7
20360006466000;7;4;3;24,4
20360006467000;6;3;3;37,2
20360006468000;4;2;2;0,0
20360006469000;1;1;0;0,0
20360006471000;2;0;2;0,0
20360006472000;21;11;10;33,9
20360006473000;567;286;281;35,9
20360006474000;12;6;6;22,5
20360006475000;19;10;9;34,1
20360006477000;5;2;3;54,0
20360006478000;2;1;1;0,0
20360006480000;3;1;2;0,0
20360006483000;5;3;2;32,6
20360006489000;4;2;2;0,0
20360006494000;2;1;1;0,0
20360006500000;11;7;4;21,4
20360006512000;4;2;2;0,0
20360006513000;5;3;2;32,4
20360006563000;24;11;13;40,3
20360006570000;7;4;3;32,7
20360006643000;5;3;2;40,4
20360006645000;3;2;1;0,0
20360006706000;83;44;39;36,6
20360006707000;69;30;39;39,2
20360006708000;5;3;2;35,2
20360006709000;21;9;12;33,0
20360006712000;11;6;5;44,7
20360006713000;148;77;71;40,5
20360006714000;48;26;22;42,4
20360006729000;14;8;6;59,4
20360006749000;18;8;10;42,7
20360006750000;34;19;15;38,0
20360006751000;4;3;1;0,0
20360006753000;77;37;40;39,9
20360006754000;10;5;5;43,6
20360006755000;15;7;8;31,0
20360006756000;84;47;37;35,3
20360006757000;37;17;20;40,9
20360006758000;35;16;19;33,2
20360006759000;11;6;5;42,1
20360006760000;20;10;10;40,7
20360006761000;19;12;7;45,7
20360006762000;9;6;3;51,6
20360006766000;33;15;18;38,8
20360006767000;55;23;32;38,7
20360006768000;56;27;29;39,8
20360006769000;2;1;1;0,0
20360006772000;25;15;10;42,0
20360006773000;6;2;4;71,3
20360006774000;70;35;35;39,4
20360006775000;23;13;10;49,5
20360006793000;44;20;24;44,5
20360006794000;9;6;3;42,7
20360006796000;2;1;1;0,0
20360006798000;5;2;3;74,8
20360006805000;8;4;4;59,4
20360006831000;3;2;1;0,0
20360006850000;31;18;13;44,3
20360006854000;18;9;9;42,7
20360006855000;2;1;1;0,0
20360006878000;42;21;21;37,1
20360006879000;277;134;143;41,4
20360006880000;131;57;74;44,7
20360006881000;154;78;76;42,8
20360006882000;59;37;22;44,0
20360006883000;32;16;16;41,7
20360006886000;31;19;12;36,7
20360006895000;6;3;3;59,3
20360006899000;1;1;0;0,0
20360006914000;13;7;6;34,5
20360006919000;9;5;4;54,9
20360006921000;103;51;52;35,7
20360006922000;1159;577;582;36,7
20360006923000;524;270;254;38,6
20360006926000;339;161;178;34,3
20360006927000;274;143;131;40,2
20360006929000;38;20;18;46,2
20360006930000;2;1;1;0,0
20360006938000;1;1;0;0,0
20360006942000;6;3;3;42,8
20360006943000;37;19;18;39,9
20360006944000;1;0;1;0,0
20360006946000;131;72;59;34,4
20360006947000;829;414;415;39,0
20360006948000;607;282;325;43,7
20360006950000;155;79;76;33,9
20360006951000;172;89;83;38,8
20360006952000;11;7;4;47,4
20360006958000;167;77;90;37,2
20360006960000;25;12;13;47,8
20370006460000;169;82;87;33,3
20370006461000;37;17;20;37,7
20370006463000;25;15;10;33,9
20370006466000;15;9;6;40,3
20370006469000;5;1;4;37,0
20370006470000;3;2;1;0,0
20370006471000;4;2;2;0,0
20370006472000;4;3;1;0,0
20370006473000;23;12;11;44,4
20370006477000;41;21;20;28,6
20370006480000;2;1;1;0,0
20370006482000;4;2;2;0,0
20370006483000;3;2;1;0,0
20370006484000;1;1;0;0,0
20370006485000;1;1;0;0,0
20370006511000;4;2;2;0,0
20370006512000;15;9;6;46,8
20370006518000;9;4;5;35,9
20370006563000;4;3;1;0,0
20370006568000;4;2;2;0,0
20370006569000;5;3;2;32,0
20370006570000;10;3;7;26,4
20370006634000;12;6;6;39,1
20370006635000;2;1;1;0,0
20370006636000;1;1;0;0,0
20370006650000;5;3;2;19,6
20370006651000;5;4;1;34,8
20370006707000;9;5;4;39,7
20370006708000;32;17;15;39,8
20370006709000;72;34;38;43,3
20370006710000;37;18;19;42,7
20370006711000;46;24;22;46,0
20370006712000;4;2;2;0,0
20370006714000;4;1;3;0,0
20370006717000;9;3;6;47,1
20370006718000;3;1;2;0,0
20370006728000;4;2;2;0,0
20370006731000;1;1;0;0,0
20370006748000;124;65;59;39,7
20370006749000;476;246;230;29,8
20370006750000;219;110;109;32,8
20370006751000;117;61;56;42,4
20370006752000;20;9;11;51,8
20370006753000;62;30;32;36,3
20370006754000;9;6;3;44,2
20370006755000;91;46;45;37,4
20370006756000;133;64;69;36,6
20370006760000;5;3;2;65,8
20370006761000;13;7;6;42,9
20370006762000;7;5;2;54,9
20370006764000;2;1;1;0,0
20370006765000;9;5;4;51,0
20370006766000;33;15;18;41,8
20370006767000;11;4;7;51,1
20370006768000;101;52;49;37,2
20370006769000;15;8;7;29,6
20370006771000;5;3;2;35,0
20370006772000;1;0;1;0,0
20370006775000;43;24;19;42,4
20370006776000;11;7;4;37,5
20370006791000;11;7;4;60,5
20370006792000;1;1;0;0,0
20370006793000;1;0;1;0,0
20370006806000;3;2;1;0,0
20370006850000;4;1;3;0,0
20370006878000;44;21;23;33,0
20370006879000;674;331;343;44,2
20370006880000;397;188;209;41,6
20370006881000;286;145;141;37,4
20370006882000;55;33;22;35,1
20370006896000;10;5;5;38,5
20370006902000;2;1;1;0,0
20370006917000;4;2;2;0,0
20370006918000;6;3;3;40,2
20370006922000;943;471;472;35,7
20370006923000;177;88;89;45,2
20370006926000;520;287;233;38,5
20370006927000;2;1;1;0,0
20370006928000;8;6;2;36,9
20370006929000;208;113;95;34,1
20370006939000;3;2;1;0,0
20370006943000;22;12;10;40,7
20370006944000;96;50;46;44,2
20370006946000;288;154;134;37,1
20370006947000;129;61;68;44,7
20370006948000;364;184;180;41,1
20370006949000;5;3;2;27,4
20370006958000;62;33;29;39,6
20370006959000;19;11;8;45,9
20380006460000;3;2;1;0,0
20380006463000;2;1;1;0,0
20380006466000;2;1;1;0,0
20380006468000;12;6;6;27,2
20380006471000;7;4;3;39,6
20380006472000;15;8;7;22,6
20380006478000;5;3;2;51,8
20380006479000;20;9;11;44,4
20380006480000;3;2;1;0,0
20380006481000;8;5;3;23,6
20380006484000;13;8;5;41,8
20380006511000;5;3;2;26,4
20380006569000;1;1;0;0,0
20380006633000;3;1;2;0,0
20380006634000;8;4;4;40,5
20380006637000;1;1;0;0,0
20380006640000;76;42;34;41,8
20380006656000;2;1;1;0,0
20380006659000;16;7;9;29,4
20380006677000;1;1;0;0,0
20380006718000;24;13;11;50,5
20380006719000;51;25;26;40,5
20380006720000;30;14;16;56,0
20380006728000;3;2;1;0,0
20380006747000;19;12;7;50,7
20380006748000;86;37;49;34,3
20380006749000;117;56;61;36,1
20380006750000;30;17;13;40,2
20380006753000;1;1;0;0,0
20380006754000;12;6;6;45,0
20380006755000;39;22;17;37,3
20380006768000;5;3;2;44,2
20380006769000;121;70;51;31,3
20380006770000;4;2;2;0,0
20380006776000;20;12;8;43,3
20380006777000;10;5;5;26,6
20380006806000;1;1;0;0,0
20380006839000;4;2;2;0,0
20380006852000;7;3;4;54,4
20380006878000;55;29;26;44,4
20380006879000;324;155;169;40,4
20380006880000;3;1;2;0,0
20380006889000;33;17;16;41,1
20380006916000;5;3;2;29,8
20380006917000;25;13;12;40,5
20380006920000;3;2;1;0,0
20380006921000;35;24;11;43,5
20380006922000;747;371;376;34,5
20380006926000;471;246;225;37,3
20380006927000;45;21;24;41,7
20380006928000;603;303;300;40,8
20380006929000;30;16;14;47,0
20380006938000;43;22;21;52,8
20380006939000;162;80;82;42,5
20380006943000;1;1;0;0,0
20380006944000;173;86;87;34,6
20380006945000;350;188;162;37,7
20380006946000;62;26;36;38,3
20380006958000;113;51;62;41,0
20380006959000;381;184;197;37,2
20390006461000;85;44;41;34,0
20390006462000;7;4;3;53,1
20390006464000;10;7;3;40,5
20390006465000;8;3;5;52,1
20390006468000;1;1;0;0,0
20390006471000;8;5;3;46,5
20390006472000;11;5;6;22,5
20390006479000;12;7;5;24,2
20390006480000;15;6;9;30,5
20390006481000;5;3;2;49,0
20390006483000;1;1;0;0,0
20390006569000;2;1;1;0,0
20390006640000;39;19;20;39,5
20390006641000;14;7;7;50,5
20390006659000;32;14;18;42,4
20390006676000;1;1;0;0,0
20390006714000;25;13;12;38,5
20390006715000;106;54;52;36,4
20390006716000;78;35;43;43,2
20390006717000;3;2;1;0,0
20390006721000;44;23;21;44,9
20390006722000;49;29;20;42,9
20390006723000;4;4;0;0,0
20390006727000;56;21;35;37,7
20390006728000;98;31;67;54,6
20390006733000;22;10;12;52,4
20390006747000;7;5;2;33,1
20390006748000;23;13;10;49,0
20390006749000;10;5;5;25,5
20390006769000;57;33;24;35,4
20390006776000;13;6;7;42,3
20390006777000;2;1;1;0,0
20390006778000;1;1;0;0,0
20390006839000;1;1;0;0,0
20390006840000;9;4;5;46,2
20390006850000;5;2;3;32,0
20390006851000;2;1;1;0,0
20390006852000;2;1;1;0,0
20390006853000;2;1;1;0,0
20390006877000;3;1;2;0,0
20390006878000;5;2;3;24,8
20390006889000;19;11;8;36,2
20390006890000;14;8;6;51,7
20390006896000;2;1;1;0,0
20390006897000;12;7;5;42,8
20390006916000;21;10;11;36,1
20390006917000;11;6;5;37,4
20390006922000;53;26;27;40,7
20390006926000;236;103;133;37,4
20390006927000;441;219;222;41,3
20390006928000;1672;808;864;42,2
20390006929000;103;44;59;38,5
20390006938000;34;18;16;42,3
20390006939000;197;101;96;38,9
20390006940000;36;18;18;47,3
20390006944000;32;13;19;39,0
20390006945000;154;72;82;35,2
20390006958000;9;6;3;56,1
20390006959000;139;72;67;36,9
20390006960000;11;6;5;37,7
20390006961000;40;17;23;39,5
20390006962000;420;228;192;35,1
20390006966000;39;19;20;38,0
20390006967000;2;1;1;0,0
20400006460000;288;156;132;32,9
20400006461000;26;13;13;43,3
20400006462000;7;2;5;41,9
20400006466000;21;12;9;35,1
20400006467000;7;4;3;34,9
20400006468000;8;4;4;57,0
20400006470000;12;6;6;40,8
20400006471000;6;5;1;35,7
20400006473000;16;6;10;31,1
20400006474000;6;3;3;57,0
20400006480000;19;9;10;22,6
20400006481000;27;11;16;42,7
20400006482000;1;1;0;0,0
20400006489000;1;1;0;0,0
20400006513000;1;1;0;0,0
20400006516000;1;1;0;0,0
20400006529000;1;1;0;0,0
20400006640000;8;5;3;44,5
20400006658000;12;3;9;34,9
20400006660000;5;3;2;19,8
20400006716000;286;153;133;40,0
20400006717000;138;70;68;38,5
20400006718000;69;33;36;43,3
20400006719000;5;3;2;40,4
20400006720000;2;1;1;0,0
20400006722000;23;14;9;45,5
20400006723000;38;20;18;48,8
20400006724000;17;8;9;31,0
20400006725000;2;1;1;0,0
20400006726000;3;1;2;0,0
20400006727000;6;3;3;28,2
20400006730000;8;3;5;49,9
20400006744000;2;1;1;0,0
20400006747000;8;4;4;49,0
20400006748000;36;17;19;40,6
20400006755000;3;1;2;0,0
20400006756000;10;5;5;62,1
20400006757000;1;0;1;0,0
20400006769000;5;4;1;20,8
20400006801000;7;4;3;25,0
20400006805000;2;2;0;0,0
20400006839000;17;7;10;38,3
20400006840000;17;8;9;38,7
20400006850000;2;1;1;0,0
20400006851000;10;5;5;61,7
20400006853000;10;7;3;49,3
20400006854000;18;10;8;39,5
20400006855000;27;16;11;45,0
20400006877000;24;10;14;38,0
20400006889000;3;1;2;0,0
20400006897000;4;3;1;0,0
20400006898000;10;6;4;39,2
20400006914000;7;6;1;47,0
20400006916000;38;18;20;47,3
20400006922000;15;10;5;39,3
20400006925000;10;4;6;33,2
20400006926000;77;40;37;42,8
20400006927000;971;498;473;32,2
20400006928000;978;482;496;40,0
20400006937000;8;5;3;60,1
20400006938000;22;12;10;42,9
20400006944000;6;4;2;60,3
20400006945000;1;0;1;0,0
20400006961000;65;35;30;43,8
20400006962000;231;106;125;39,0
20400006963000;11;6;5;32,1
20400006966000;75;43;32;29,6
20400006967000;250;133;117;35,1
20400006968000;64;36;28;47,4
20410006458000;18;9;9;60,6
20410006459000;60;31;29;42,9
20410006460000;26;13;13;34,7
20410006461000;13;5;8;45,1
20410006462000;9;4;5;22,4
20410006463000;4;3;1;0,0
20410006464000;2;1;1;0,0
20410006467000;11;7;4;38,4
20410006470000;2;1;1;0,0
20410006473000;8;6;2;42,4
20410006474000;7;4;3;33,0
20410006475000;1;1;0;0,0
20410006478000;3;2;1;0,0
20410006481000;26;14;12;26,7
20410006482000;155;78;77;31,8
20410006483000;7;5;2;40,0
20410006512000;37;18;19;39,2
20410006513000;39;22;17;42,6
20410006515000;16;7;9;46,6
20410006516000;22;14;8;35,2
20410006658000;14;7;7;27,6
20410006659000;8;2;6;41,0
20410006660000;51;25;26;38,4
20410006661000;16;7;9;31,4
20410006720000;40;23;17;45,8
20410006721000;16;8;8;55,3
20410006724000;1;1;0;0,0
20410006725000;18;10;8;62,5
20410006730000;3;1;2;0,0
20410006734000;28;15;13;43,1
20410006735000;33;17;16;45,3
20410006736000;14;8;6;32,9
20410006756000;56;30;26;34,2
20410006758000;4;2;2;0,0
20410006767000;13;7;6;40,9
20410006768000;118;53;65;49,5
20410006769000;64;31;33;35,4
20410006801000;1;0;1;0,0
20410006806000;15;8;7;50,0
20410006807000;9;4;5;47,0
20410006839000;16;6;10;37,6
20410006851000;9;4;5;57,7
20410006852000;7;4;3;44,0
20410006854000;59;32;27;44,4
20410006855000;40;19;21;45,7
20410006876000;11;6;5;29,8
20410006897000;22;10;12;43,8
20410006898000;11;5;6;37,6
20410006912000;7;4;3;56,7
20410006913000;36;19;17;35,0
20410006924000;12;6;6;30,8
20410006925000;19;10;9;37,8
20410006926000;40;16;24;37,7
20410006927000;51;32;19;27,9
20410006928000;60;32;28;34,2
20410006929000;2;1;1;0,0
20410006936000;10;6;4;39,3
20410006937000;46;26;20;42,8
20410006941000;82;37;45;53,8
20410006956000;89;46;43;36,8
20410006962000;34;15;19;52,6
20410006966000;46;25;21;42,5
20410006967000;77;37;40;41,0
20410006968000;53;23;30;42,1
20420006460000;12;8;4;40,1
20420006461000;14;8;6;30,2
20420006463000;6;4;2;25,0
20420006466000;3;2;1;0,0
20420006467000;7;3;4;39,1
20420006468000;4;2;2;0,0
20420006472000;7;4;3;26,6
20420006474000;8;3;5;24,5
20420006475000;14;5;9;23,9
20420006480000;1;0;1;0,0
20420006482000;8;3;5;22,5
20420006483000;7;5;2;36,9
20420006484000;31;15;16;45,5
20420006486000;10;6;4;57,8
20420006487000;17;8;9;43,9
20420006511000;23;10;13;31,2
20420006512000;5;3;2;33,4
20420006640000;8;5;3;49,1
20420006641000;2;0;2;0,0
20420006660000;59;26;33;47,5
20420006661000;245;120;125;47,3
20420006721000;29;13;16;40,7
20420006722000;81;41;40;46,1
20420006723000;27;15;12;34,0
20420006733000;8;4;4;52,4
20420006734000;7;4;3;53,3
20420006735000;3;2;1;0,0
20420006746000;12;7;5;38,6
20420006755000;4;3;1;0,0
20420006756000;34;18;16;43,4
20420006767000;3;2;1;0,0
20420006768000;3;3;0;0,0
20420006769000;44;24;20;45,8
20420006790000;4;2;2;0,0
20420006806000;2;1;1;0,0
20420006807000;10;5;5;45,2
20420006839000;8;3;5;35,0
20420006855000;37;20;17;45,6
20420006877000;5;3;2;79,8
20420006897000;6;3;3;55,8
20420006913000;26;14;12;46,9
20420006915000;4;3;1;0,0
20420006922000;3;1;2;0,0
20420006924000;18;9;9;48,5
20420006925000;111;59;52;36,7
20420006926000;20;9;11;51,0
20420006936000;8;4;4;52,4
20420006940000;15;9;6;35,7
20420006941000;78;44;34;47,9
20420006949000;16;8;8;46,9
20420006956000;636;324;312;37,9
20420006957000;1162;581;581;41,1
20420006958000;217;121;96;41,6
20420006961000;435;213;222;35,6
20420006962000;112;56;56;35,0
20420006967000;50;30;20;35,5
20420006968000;152;70;82;46,2
20420006969000;22;12;10;23,6
20420006970000;20;10;10;39,5
20430006458000;1;1;0;0,0
20430006459000;5;2;3;57,8
20430006460000;25;13;12;47,8
20430006466000;30;17;13;41,4
20430006468000;1;1;0;0,0
20430006482000;4;2;2;0,0
20430006484000;34;20;14;38,3
20430006487000;2;1;1;0,0
20430006492000;1;1;0;0,0
20430006498000;1;1;0;0,0
20430006499000;13;8;5;44,5
20430006500000;17;13;4;35,6
20430006501000;13;9;4;48,3
20430006502000;5;2;3;32,6
20430006509000;2;1;1;0,0
20430006511000;31;16;15;36,9
20430006512000;2;1;1;0,0
20430006514000;2;1;1;0,0
20430006661000;27;13;14;38,3
20430006721000;17;14;3;29,6
20430006722000;4;3;1;0,0
20430006728000;4;2;2;0,0
20430006735000;1;0;1;0,0
20430006745000;16;9;7;44,4
20430006746000;2;0;2;0,0
20430006756000;39;24;15;40,0
20430006768000;16;10;6;42,1
20430006769000;21;9;12;45,2
20430006797000;6;3;3;52,3
20430006798000;19;11;8;53,2
20430006799000;11;7;4;56,9
20430006802000;1;0;1;0,0
20430006816000;9;5;4;63,0
20430006839000;11;6;5;47,1
20430006851000;4;3;1;0,0
20430006855000;10;5;5;72,7
20430006863000;8;3;5;33,5
20430006889000;15;8;7;49,9
20430006890000;6;4;2;41,8
20430006895000;5;1;4;32,4
20430006898000;8;5;3;55,0
20430006915000;2;1;1;0,0
20430006922000;46;25;21;43,3
20430006923000;94;51;43;45,4
20430006924000;73;41;32;41,5
20430006925000;50;24;26;31,4
20430006926000;27;13;14;28,2
20430006949000;23;13;10;41,4
20430006950000;1;1;0;0,0
20430006956000;510;244;266;35,4
20430006957000;929;481;448;38,8
20430006958000;409;207;202;42,3
20430006960000;222;109;113;32,7
20430006961000;883;433;450;41,1
20430006962000;450;228;222;35,6
20430006964000;78;39;39;40,3
20430006968000;72;42;30;34,7
20430006970000;174;92;82;41,3
20440006460000;83;44;39;37,3
20440006461000;28;15;13;46,8
20440006462000;14;7;7;40,8
20440006463000;9;5;4;30,8
20440006464000;6;5;1;39,0
20440006465000;19;8;11;42,8
20440006466000;7;3;4;38,9
20440006489000;9;5;4;40,3
20440006490000;1;0;1;0,0
20440006491000;58;26;32;37,6
20440006492000;53;28;25;50,2
20440006493000;23;10;13;31,7
20440006494000;8;5;3;44,4
20440006497000;3;2;1;0,0
20440006498000;17;11;6;33,8
20440006499000;3;1;2;0,0
20440006500000;14;8;6;57,6
20440006501000;12;7;5;20,5
20440006502000;2;1;1;0,0
20440006503000;3;2;1;0,0
20440006510000;77;41;36;39,0
20440006511000;35;18;17;32,1
20440006661000;6;4;2;19,2
20440006720000;8;5;3;18,6
20440006721000;522;241;281;41,2
20440006722000;8;5;3;31,9
20440006739000;2;1;1;0,0
20440006743000;3;2;1;0,0
20440006744000;17;10;7;49,1
20440006745000;30;16;14;43,4
20440006746000;4;3;1;0,0
20440006756000;2;1;1;0,0
20440006768000;16;7;9;34,1
20440006769000;10;6;4;51,5
20440006770000;4;2;2;0,0
20440006798000;17;10;7;42,4
20440006799000;52;28;24;49,4
20440006800000;25;15;10;37,0
20440006803000;8;3;5;43,4
20440006807000;8;5;3;36,1
20440006813000;1;0;1;0,0
20440006816000;12;6;6;40,0
20440006817000;4;2;2;0,0
20440006840000;15;7;8;45,7
20440006851000;2;1;1;0,0
20440006853000;13;5;8;33,4
20440006855000;29;15;14;47,0
20440006867000;50;22;28;37,8
20440006868000;5;1;4;46,6
20440006869000;1;1;0;0,0
20440006870000;28;15;13;42,1
20440006877000;2;1;1;0,0
20440006889000;74;43;31;42,2
20440006890000;51;28;23;36,6
20440006895000;9;4;5;48,1
20440006898000;8;6;2;43,6
20440006901000;2;1;1;0,0
20440006912000;12;6;6;50,2
20440006914000;1;1;0;0,0
20440006920000;8;5;3;45,8
20440006921000;60;28;32;48,8
20440006922000;3;2;1;0,0
20440006923000;50;25;25;34,5
20440006925000;6;3;3;57,5
20440006926000;49;26;23;42,4
20440006927000;19;6;13;25,2
20440006949000;12;7;5;49,9
20440006954000;71;36;35;35,7
20440006956000;888;452;436;34,8
20440006957000;983;543;440;44,1
20440006958000;1285;707;578;39,2
20440006960000;18;8;10;22,7
20440006961000;321;163;158;38,2
20440006962000;870;444;426;31,7
20440006963000;547;280;267;35,3
20440006964000;17;13;4;36,4
20440006965000;47;27;20;41,8
20440006966000;6;4;2;49,7
20440006967000;52;28;24;36,4
20440006968000;49;27;22;46,3
20440006969000;80;42;38;38,9
20440006970000;483;249;234;37,1
20440006971000;56;25;31;25,6
20450006458000;15;8;7;44,4
20450006460000;74;37;37;32,3
20450006461000;21;13;8;40,4
20450006462000;109;53;56;41,4
20450006463000;1;0;1;0,0
20450006464000;30;17;13;33,2
20450006465000;6;3;3;22,7
20450006468000;6;3;3;59,0
20450006478000;5;3;2;36,6
20450006492000;4;2;2;0,0
20450006494000;9;4;5;25,7
20450006495000;47;23;24;43,9
20450006496000;105;52;53;40,0
20450006497000;94;51;43;34,8
20450006506000;3;0;3;0,0
20450006507000;48;25;23;37,6
20450006508000;46;23;23;33,6
20450006509000;75;38;37;37,5
20450006510000;3;1;2;0,0
20450006639000;6;3;3;18,2
20450006640000;19;12;7;49,4
20450006663000;3;2;1;0,0
20450006720000;3;1;2;0,0
20450006721000;30;14;16;36,8
20450006725000;9;7;2;31,0
20450006726000;1;0;1;0,0
20450006737000;2;1;1;0,0
20450006738000;17;8;9;44,7
20450006739000;8;5;3;59,8
20450006740000;6;3;3;57,2
20450006741000;2;1;1;0,0
20450006742000;10;6;4;37,5
20450006743000;33;19;14;36,8
20450006744000;19;11;8;51,2
20450006746000;5;3;2;35,6
20450006756000;2;1;1;0,0
20450006769000;7;4;3;64,4
20450006770000;14;9;5;34,4
20450006794000;1;1;0;0,0
20450006795000;19;10;9;47,3
20450006796000;7;4;3;44,4
20450006799000;67;41;26;39,6
20450006800000;68;32;36;49,1
20450006801000;32;16;16;50,3
20450006803000;4;2;2;0,0
20450006807000;1;1;0;0,0
20450006808000;3;1;2;0,0
20450006809000;6;4;2;39,8
20450006810000;4;3;1;0,0
20450006811000;12;7;5;57,7
20450006812000;11;7;4;62,7
20450006813000;134;70;64;36,0
20450006814000;357;178;179;42,1
20450006815000;277;123;154;40,6
20450006816000;11;7;4;41,5
20450006822000;14;7;7;35,1
20450006823000;8;4;4;49,4
20450006851000;2;1;1;0,0
20450006853000;16;10;6;47,2
20450006876000;18;10;8;33,6
20450006877000;4;3;1;0,0
20450006885000;4;3;1;0,0
20450006889000;12;7;5;38,0
20450006912000;14;9;5;50,2
20450006913000;2;1;1;0,0
20450006914000;1;1;0;0,0
20450006920000;44;25;19;35,2
20450006921000;31;19;12;44,8
20450006926000;28;20;8;42,6
20450006927000;28;16;12;45,1
20450006928000;11;8;3;42,7
20450006929000;12;6;6;28,3
20450006942000;5;2;3;45,4
20450006943000;26;12;14;46,8
20450006953000;494;257;237;37,4
20450006954000;199;103;96;40,2
20450006956000;334;181;153;37,9
20450006957000;1576;869;707;38,5
20450006958000;1495;825;670;38,8
20450006970000;157;83;74;37,7
20460006458000;18;10;8;42,5
20460006459000;10;5;5;45,3
20460006461000;3;2;1;0,0
20460006462000;26;15;11;41,0
20460006463000;446;198;248;43,3
20460006464000;648;315;333;41,0
20460006465000;2;1;1;0,0
20460006467000;8;5;3;31,5
20460006470000;2;1;1;0,0
20460006496000;28;15;13;29,1
20460006497000;3;2;1;0,0
20460006498000;8;4;4;50,0
20460006499000;11;5;6;32,1
20460006500000;3;2;1;0,0
20460006505000;1;1;0;0,0
20460006507000;9;5;4;23,4
20460006508000;154;83;71;32,1
20460006514000;2;1;1;0,0
20460006727000;27;16;11;32,8
20460006731000;2;1;1;0,0
20460006737000;30;14;16;40,9
20460006738000;338;162;176;43,8
20460006739000;6;3;3;36,8
20460006740000;8;5;3;38,9
20460006742000;26;14;12;43,9
20460006755000;8;5;3;61,8
20460006756000;14;8;6;34,2
20460006769000;40;19;21;39,3
20460006770000;24;11;13;41,9
20460006795000;7;6;1;49,1
20460006796000;2;1;1;0,0
20460006799000;13;6;7;51,3
20460006800000;271;136;135;38,9
20460006801000;719;344;375;45,5
20460006802000;12;5;7;38,9
20460006815000;62;26;36;40,2
20460006816000;12;6;6;46,4
20460006821000;1;1;0;0,0
20460006822000;14;9;5;36,3
20460006853000;19;10;9;53,6
20460006855000;16;9;7;50,6
20460006867000;5;4;1;38,6
20460006873000;7;4;3;61,6
20460006874000;17;7;10;38,3
20460006875000;268;131;137;37,4
20460006883000;8;2;6;34,3
20460006884000;26;13;13;55,1
20460006889000;5;2;3;38,2
20460006891000;9;4;5;44,2
20460006910000;8;4;4;52,4
20460006911000;9;5;4;49,7
20460006913000;3;2;1;0,0
20460006914000;7;5;2;37,0
20460006915000;1;1;0;0,0
20460006920000;26;17;9;49,5
20460006928000;9;4;5;58,4
20460006929000;30;18;12;48,1
20460006930000;7;2;5;21,9
20460006944000;2;1;1;0,0
20460006949000;2;1;1;0,0
20460006953000;622;314;308;34,6
20460006954000;1100;547;553;44,5
20460006957000;1905;932;973;44,6
20460006958000;293;139;154;35,9
20460006959000;7;2;5;23,6
20470006461000;6;2;4;20,8
20470006462000;2;1;1;0,0
20470006463000;123;65;58;36,8
20470006464000;275;141;134;44,2
20470006465000;66;33;33;43,2
20470006466000;12;5;7;51,3
20470006471000;2;2;0;0,0
20470006473000;5;2;3;32,4
20470006475000;4;2;2;0,0
20470006476000;8;3;5;57,4
20470006487000;5;2;3;32,6
20470006498000;49;23;26;35,2
20470006499000;6;4;2;36,3
20470006502000;10;6;4;37,4
20470006504000;14;6;8;49,1
20470006505000;12;7;5;41,5
20470006506000;177;95;82;45,9
20470006507000;42;16;26;40,4
20470006508000;9;4;5;27,8
20470006730000;2;1;1;0,0
20470006731000;32;18;14;38,3
20470006732000;5;3;2;67,4
20470006738000;32;14;18;41,9
20470006739000;39;22;17;42,0
20470006740000;18;7;11;39,6
20470006741000;18;9;9;48,7
20470006742000;68;39;29;42,0
20470006743000;8;4;4;34,1
20470006755000;1;0;1;0,0
20470006769000;5;3;2;39,8
20470006770000;52;30;22;36,7
20470006796000;11;4;7;51,2
20470006797000;16;7;9;27,0
20470006798000;1;0;1;0,0
20470006799000;53;24;29;37,5
20470006800000;139;69;70;45,4
20470006801000;66;32;34;41,0
20470006802000;1;1;0;0,0
20470006816000;52;25;27;46,8
20470006820000;10;6;4;39,8
20470006821000;3;2;1;0,0
20470006822000;10;5;5;50,2
20470006823000;4;1;3;0,0
20470006852000;15;9;6;34,5
20470006853000;17;9;8;44,8
20470006854000;9;5;4;32,8
20470006855000;14;8;6;44,1
20470006861000;22;10;12;40,0
20470006867000;49;22;27;42,9
20470006873000;8;3;5;32,0
20470006874000;107;52;55;43,5
20470006875000;64;34;30;44,5
20470006886000;6;2;4;31,8
20470006887000;5;3;2;38,8
20470006896000;6;3;3;43,3
20470006898000;5;2;3;27,4
20470006909000;4;4;0;0,0
20470006910000;20;8;12;44,9
20470006911000;63;33;30;48,7
20470006919000;40;22;18;33,0
20470006920000;8;3;5;28,0
20470006921000;2;2;0;0,0
20470006929000;7;3;4;16,0
20470006930000;23;13;10;41,6
20470006949000;6;3;3;30,7
20470006953000;193;104;89;37,4
20470006954000;1049;523;526;36,9
20470006955000;112;60;52;37,6
20470006957000;1218;580;638;44,8
20470006959000;102;48;54;31,4
20470006960000;441;226;215;32,7
20470006973000;13;7;6;59,1
20480006455000;1;1;0;0,0
20480006456000;5;4;1;42,2
20480006458000;61;27;34;32,1
20480006461000;34;18;16;38,2
20480006462000;55;27;28;34,1
20480006464000;5;3;2;12,8
20480006465000;64;35;29;37,7
20480006466000;18;9;9;34,1
20480006467000;2;1;1;0,0
20480006469000;2;1;1;0,0
20480006470000;4;1;3;0,0
20480006473000;10;5;5;30,7
20480006477000;5;3;2;34,2
20480006478000;1;1;0;0,0
20480006480000;14;5;9;31,9
20480006482000;1;1;0;0,0
20480006485000;10;5;5;30,0
20480006493000;8;4;4;45,4
20480006497000;9;3;6;34,8
20480006498000;5;2;3;41,4
20480006500000;9;6;3;47,7
20480006503000;4;3;1;0,0
20480006504000;42;20;22;30,7
20480006505000;4;2;2;0,0
20480006728000;22;10;12;42,2
20480006732000;10;6;4;40,7
20480006739000;6;3;3;14,3
20480006741000;5;3;2;37,4
20480006768000;13;9;4;59,7
20480006770000;6;4;2;63,7
20480006771000;5;2;3;58,4
20480006772000;14;6;8;33,3
20480006773000;10;6;4;36,6
20480006797000;43;23;20;54,1
20480006798000;6;3;3;42,2
20480006805000;8;3;5;45,0
20480006806000;6;3;3;56,0
20480006820000;5;3;2;16,0
20480006825000;18;10;8;30,5
20480006826000;2;1;1;0,0
20480006851000;8;3;5;32,1
20480006855000;262;127;135;37,2
20480006856000;196;106;90;43,6
20480006861000;7;1;6;37,4
20480006873000;2;1;1;0,0
20480006874000;29;16;13;51,9
20480006875000;33;18;15;31,6
20480006877000;3;2;1;0,0
20480006883000;4;2;2;0,0
20480006885000;6;3;3;44,0
20480006886000;15;11;4;30,6
20480006903000;16;10;6;32,4
20480006910000;7;5;2;49,1
20480006911000;2;1;1;0,0
20480006920000;2;1;1;0,0
20480006921000;12;7;5;33,2
20480006922000;11;4;7;41,5
20480006930000;2;2;0;0,0
20480006932000;2;1;1;0,0
20480006942000;2;2;0;0,0
20480006943000;12;7;5;53,0
20480006944000;108;59;49;44,2
20480006949000;19;11;8;46,3
20480006950000;47;25;22;37,4
20480006953000;211;108;103;42,1
20480006954000;525;265;260;35,3
20480006956000;44;20;24;50,9
20480006957000;1301;675;626;39,9
20480006960000;251;115;136;29,7
20480006963000;10;5;5;52,1
20480006972000;8;4;4;56,6
20480006975000;7;2;5;62,6
20480006978000;3;2;1;0,0
20490006454000;1;1;0;0,0
20490006456000;2;1;1;0,0
20490006457000;8;5;3;35,3
20490006458000;64;31;33;38,5
20490006459000;25;13;12;43,8
20490006460000;5;3;2;30,6
20490006461000;26;12;14;34,9
20490006462000;21;11;10;46,0
20490006465000;19;12;7;32,4
20490006466000;40;21;19;40,9
20490006467000;97;53;44;38,7
20490006468000;89;41;48;39,0
20490006471000;4;3;1;0,0
20490006476000;5;1;4;26,8
20490006479000;6;4;2;64,7
20490006480000;2;1;1;0,0
20490006481000;8;4;4;51,5
20490006484000;10;6;4;22,1
20490006491000;3;1;2;0,0
20490006492000;7;4;3;38,4
20490006493000;19;10;9;28,7
20490006496000;1;1;0;0,0
20490006501000;1;1;0;0,0
20490006503000;7;5;2;48,0
20490006504000;1;0;1;0,0
20490006729000;29;13;16;45,1
20490006755000;18;8;10;53,9
20490006756000;1;0;1;0,0
20490006771000;8;5;3;65,5
20490006773000;11;7;4;36,8
20490006796000;9;4;5;61,3
20490006806000;14;8;6;45,9
20490006807000;12;5;7;40,3
20490006815000;2;1;1;0,0
20490006820000;4;2;2;0,0
20490006825000;3;1;2;0,0
20490006826000;5;2;3;35,4
20490006827000;14;7;7;46,4
20490006828000;19;9;10;43,7
20490006829000;12;5;7;57,7
20490006856000;12;6;6;52,4
20490006857000;38;22;16;35,3
20490006858000;8;4;4;48,0
20490006873000;9;5;4;34,2
20490006874000;31;19;12;44,1
20490006875000;28;14;14;39,9
20490006885000;8;5;3;51,6
20490006896000;3;2;1;0,0
20490006900000;15;8;7;29,5
20490006911000;3;1;2;0,0
20490006921000;5;3;2;44,2
20490006922000;31;12;19;33,5
20490006942000;5;3;2;18,2
20490006943000;30;18;12;43,9
20490006944000;84;42;42;43,5
20490006949000;17;10;7;35,9
20490006950000;187;102;85;31,7
20490006951000;159;87;72;39,2
20490006953000;214;113;101;41,8
20490006955000;298;130;168;41,3
20490006956000;607;317;290;36,0
20490006957000;1462;719;743;41,7
20490006958000;57;33;24;30,6
20490006960000;40;22;18;37,0
20490006961000;28;11;17;23,5
20490006972000;101;58;43;49,2
20490006973000;56;25;31;51,6
20490006974000;17;6;11;33,8
20490006975000;13;6;7;53,5
20490006978000;28;15;13;43,1
20490006980000;9;4;5;34,8
20500006456000;34;15;19;36,6
20500006457000;9;5;4;38,3
20500006458000;39;20;19;27,2
20500006459000;33;17;16;35,8
20500006461000;2;1;1;0,0
20500006463000;2;1;1;0,0
20500006465000;6;3;3;38,2
20500006466000;1;1;0;0,0
20500006468000;35;17;18;31,9
20500006472000;4;3;1;0,0
20500006473000;21;7;14;30,0
20500006474000;6;4;2;54,3
20500006475000;16;9;7;44,8
20500006476000;130;70;60;32,9
20500006477000;2;1;1;0,0
20500006478000;49;24;25;45,7
20500006479000;11;6;5;32,2
20500006482000;2;1;1;0,0
20500006483000;7;4;3;45,4
20500006486000;3;2;1;0,0
20500006499000;1;1;0;0,0
20500006744000;1;1;0;0,0
20500006754000;2;1;1;0,0
20500006755000;4;2;2;0,0
20500006795000;10;6;4;31,7
20500006808000;52;27;25;38,9
20500006809000;76;40;36;40,4
20500006810000;30;16;14;51,0
20500006814000;3;1;2;0,0
20500006817000;2;1;1;0,0
20500006858000;22;11;11;42,1
20500006859000;13;10;3;46,5
20500006873000;12;6;6;44,8
20500006874000;37;22;15;36,3
20500006875000;13;5;8;30,2
20500006885000;4;1;3;0,0
20500006896000;12;9;3;49,9
20500006897000;2;1;1;0,0
20500006900000;2;1;1;0,0
20500006907000;12;7;5;61,8
20500006909000;5;3;2;46,2
20500006910000;17;10;7;52,0
20500006911000;3;1;2;0,0
20500006921000;5;3;2;56,6
20500006922000;21;13;8;43,8
20500006923000;9;6;3;58,2
20500006930000;6;5;1;25,8
20500006931000;1;1;0;0,0
20500006951000;254;132;122;37,4
20500006952000;755;398;357;34,9
20500006953000;562;305;257;38,9
20500006954000;30;14;16;40,7
20500006955000;768;360;408;45,2
20500006956000;1220;627;593;34,0
20500006957000;374;195;179;36,1
20500006959000;142;71;71;38,0
20500006960000;13;6;7;32,7
20500006961000;67;30;37;39,1
20500006967000;4;1;3;0,0
20500006972000;8;6;2;49,3
20500006973000;81;43;38;48,1
20500006974000;9;7;2;51,8
20500006977000;38;22;16;53,6
20500006980000;21;10;11;42,9
20510006455000;27;14;13;32,8
20510006456000;95;51;44;38,9
20510006457000;7;3;4;45,3
20510006459000;45;24;21;41,7
20510006460000;17;8;9;46,3
20510006461000;87;53;34;31,6
20510006463000;15;6;9;36,7
20510006464000;1;1;0;0,0
20510006466000;5;2;3;38,2
20510006469000;5;3;2;30,8
20510006471000;14;8;6;51,6
20510006472000;25;12;13;33,3
20510006473000;22;8;14;42,0
20510006474000;8;3;5;45,6
20510006475000;22;14;8;40,7
20510006480000;2;2;0;0,0
20510006481000;2;1;1;0,0
20510006482000;49;24;25;37,9
20510006483000;18;8;10;41,7
20510006491000;3;3;0;0,0
20510006493000;25;15;10;40,1
20510006499000;4;3;1;0,0
20510006504000;4;2;2;0,0
20510006731000;9;4;5;45,7
20510006733000;3;1;2;0,0
20510006744000;1;0;1;0,0
20510006745000;5;3;2;26,2
20510006754000;5;3;2;50,0
20510006777000;19;9;10;41,5
20510006778000;4;2;2;0,0
20510006780000;4;3;1;0,0
20510006809000;60;29;31;45,8
20510006810000;100;54;46;33,3
20510006811000;2;1;1;0,0
20510006814000;1;1;0;0,0
20510006815000;1;1;0;0,0
20510006859000;38;19;19;39,1
20510006860000;16;8;8;37,8
20510006873000;28;13;15;40,5
20510006874000;34;15;19;39,1
20510006875000;25;13;12;44,6
20510006876000;3;2;1;0,0
20510006881000;3;2;1;0,0
20510006885000;89;40;49;39,9
20510006886000;35;18;17;39,9
20510006896000;12;5;7;55,3
20510006897000;8;4;4;28,4
20510006907000;4;2;2;0,0
20510006908000;20;10;10;50,9
20510006909000;7;5;2;42,9
20510006923000;13;8;5;38,8
20510006924000;24;14;10;35,1
20510006951000;409;189;220;31,3
20510006952000;100;49;51;36,3
20510006953000;105;58;47;35,8
20510006954000;25;9;16;46,6
20510006955000;955;483;472;37,6
20510006956000;718;377;341;35,7
20510006959000;69;41;28;41,9
20510006961000;2;2;0;0,0
20510006963000;30;15;15;42,9
20510006964000;8;5;3;44,0
20510006966000;249;142;107;29,8
20510006967000;1;0;1;0,0
20510006976000;18;11;7;58,4
20510006977000;8;5;3;65,1
20520006455000;32;14;18;44,3
20520006456000;424;223;201;39,4
20520006457000;435;218;217;40,8
20520006458000;185;94;91;30,9
20520006459000;58;26;32;37,0
20520006460000;3;2;1;0,0
20520006462000;11;6;5;33,1
20520006464000;8;4;4;55,4
20520006465000;2;1;1;0,0
20520006466000;8;4;4;40,6
20520006467000;5;3;2;43,8
20520006469000;5;3;2;54,0
20520006473000;7;3;4;36,7
20520006478000;3;2;1;0,0
20520006480000;9;5;4;40,2
20520006481000;3;1;2;0,0
20520006482000;13;7;6;35,5
20520006484000;23;13;10;35,4
20520006485000;200;97;103;38,2
20520006486000;20;8;12;60,6
20520006487000;152;78;74;34,3
20520006488000;21;8;13;32,4
20520006494000;14;9;5;32,9
20520006505000;7;4;3;48,9
20520006506000;24;13;11;29,1
20520006508000;1;1;0;0,0
20520006731000;14;8;6;45,1
20520006733000;8;5;3;46,5
20520006780000;11;6;5;30,2
20520006859000;3;1;2;0,0
20520006868000;29;17;12;40,4
20520006869000;20;12;8;37,7
20520006870000;6;2;4;27,8
20520006871000;28;13;15;41,3
20520006872000;25;15;10;35,0
20520006873000;210;102;108;43,6
20520006874000;121;60;61;43,5
20520006875000;11;5;6;55,3
20520006881000;50;21;29;46,3
20520006896000;2;1;1;0,0
20520006901000;14;10;4;36,4
20520006909000;9;3;6;30,7
20520006919000;6;4;2;49,2
20520006923000;5;4;1;53,0
20520006924000;31;15;16;41,7
20520006925000;5;3;2;16,4
20520006950000;228;118;110;37,3
20520006951000;386;190;196;31,9
20520006952000;195;105;90;36,4
20520006953000;63;32;31;36,3
20520006954000;2;1;1;0,0
20520006955000;431;221;210;38,7
20520006956000;1430;727;703;36,6
20520006957000;2;1;1;0,0
20520006958000;4;2;2;0,0
20520006959000;227;122;105;39,2
20520006961000;5;2;3;38,2
20520006963000;81;41;40;45,9
20520006964000;6;3;3;48,7
20520006965000;390;194;196;40,7
20520006966000;175;88;87;38,4
20520006967000;93;52;41;39,2
20520006968000;25;15;10;43,9
20520006969000;18;9;9;60,2
20520006974000;22;12;10;45,8
20520006975000;12;4;8;38,5
20520006976000;65;34;31;43,6
20520006977000;8;4;4;48,0
20520006978000;5;3;2;38,6
20520006980000;23;13;10;53,3
20520006981000;21;12;9;46,2
20530006455000;4;1;3;0,0
20530006456000;556;261;295;44,4
20530006457000;724;318;406;47,4
20530006458000;203;105;98;37,8
20530006459000;65;33;32;36,0
20530006460000;31;12;19;30,1
20530006461000;24;10;14;37,5
20530006463000;16;11;5;43,1
20530006464000;17;10;7;31,5
20530006466000;4;3;1;0,0
20530006467000;13;7;6;43,6
20530006469000;1;0;1;0,0
20530006472000;11;7;4;33,7
20530006474000;23;11;12;41,7
20530006481000;10;7;3;27,5
20530006482000;7;4;3;22,1
20530006483000;12;5;7;34,2
20530006484000;3;2;1;0,0
20530006485000;1;1;0;0,0
20530006487000;32;14;18;26,2
20530006488000;84;42;42;44,5
20530006489000;44;24;20;40,8
20530006490000;2;2;0;0,0
20530006491000;4;2;2;0,0
20530006495000;12;2;10;37,2
20530006499000;2;1;1;0,0
20530006509000;4;3;1;0,0
20530006510000;5;3;2;43,2
20530006731000;31;19;12;44,7
20530006733000;12;6;6;60,5
20530006734000;6;2;4;22,7
20530006775000;4;1;3;0,0
20530006849000;8;1;7;47,8
20530006859000;7;4;3;50,9
20530006866000;2;1;1;0,0
20530006869000;11;6;5;38,5
20530006870000;6;2;4;18,5
20530006871000;6;3;3;38,5
20530006880000;2;1;1;0,0
20530006881000;79;35;44;45,4
20530006885000;54;27;27;44,0
20530006896000;13;7;6;33,6
20530006897000;11;5;6;57,3
20530006898000;6;4;2;48,0
20530006924000;23;11;12;44,0
20530006925000;11;6;5;37,5
20530006942000;1;0;1;0,0
20530006943000;2;2;0;0,0
20530006944000;2;1;1;0,0
20530006950000;226;111;115;39,5
20530006951000;267;136;131;36,4
20530006952000;68;36;32;32,8
20530006953000;81;36;45;35,0
20530006955000;777;390;387;40,3
20530006956000;1496;740;756;40,2
20530006959000;56;28;28;41,7
20530006960000;10;7;3;38,0
20530006961000;59;30;29;44,6
20530006963000;15;8;7;55,7
20530006964000;22;12;10;56,1
20530006965000;89;46;43;41,3
20530006969000;10;6;4;35,5
20530006970000;41;22;19;46,2
20530006974000;6;3;3;39,3
20530006975000;246;122;124;43,7
20530006976000;81;44;37;36,9
20530006978000;34;20;14;42,2
20530006979000;125;62;63;36,9
20530006980000;133;73;60;41,5
20540006455000;9;5;4;64,4
20540006456000;1554;738;816;44,6
20540006457000;1202;549;653;44,3
20540006458000;719;376;343;32,9
20540006459000;47;25;22;35,7
20540006460000;37;19;18;31,8
20540006461000;6;5;1;49,2
20540006462000;10;5;5;46,7
20540006463000;12;6;6;28,3
20540006465000;7;3;4;23,0
20540006466000;3;2;1;0,0
20540006467000;4;2;2;0,0
20540006470000;12;4;8;19,6
20540006473000;8;3;5;31,8
20540006478000;1;1;0;0,0
20540006480000;2;1;1;0,0
20540006481000;5;3;2;30,8
20540006483000;3;1;2;0,0
20540006484000;8;5;3;23,6
20540006485000;2;1;1;0,0
20540006491000;5;1;4;40,4
20540006492000;29;17;12;27,7
20540006493000;22;15;7;37,2
20540006494000;5;3;2;38,6
20540006495000;30;15;15;36,6
20540006496000;4;1;3;0,0
20540006498000;15;10;5;35,1
20540006499000;66;35;31;32,6
20540006500000;2;1;1;0,0
20540006501000;2;1;1;0,0
20540006502000;6;4;2;28,7
20540006503000;11;4;7;31,4
20540006733000;2;1;1;0,0
20540006774000;3;2;1;0,0
20540006813000;13;7;6;41,5
20540006849000;5;3;2;53,0
20540006859000;6;2;4;53,5
20540006874000;5;4;1;47,8
20540006881000;107;59;48;45,3
20540006882000;32;19;13;47,4
20540006886000;56;32;24;40,0
20540006887000;18;12;6;48,1
20540006888000;8;4;4;54,0
20540006896000;22;13;9;42,0
20540006897000;4;3;1;0,0
20540006924000;8;5;3;46,9
20540006925000;65;29;36;46,8
20540006926000;6;2;4;37,2
20540006940000;3;0;3;0,0
20540006941000;5;1;4;15,8
20540006950000;31;12;19;43,0
20540006951000;106;68;38;37,6
20540006952000;1049;520;529;34,2
20540006953000;242;128;114;34,0
20540006954000;589;279;310;32,6
20540006955000;1077;529;548;40,2
20540006956000;809;397;412;42,2
20540006957000;8;4;4;18,9
20540006959000;112;58;54;44,0
20540006960000;2;1;1;0,0
20540006963000;30;17;13;42,7
20540006970000;43;24;19;44,9
20540006971000;3;2;1;0,0
20540006977000;10;6;4;46,5
20540006978000;72;37;35;51,8
20540006979000;11;5;6;37,3
20550006455000;106;59;47;40,5
20550006456000;1603;757;846;42,9
20550006457000;1231;649;582;33,9
20550006458000;240;125;115;35,4
20550006461000;18;11;7;37,5
20550006462000;17;9;8;34,2
20550006463000;5;2;3;42,0
20550006464000;15;6;9;28,8
20550006465000;1;1;0;0,0
20550006468000;11;5;6;34,0
20550006471000;2;1;1;0,0
20550006475000;8;4;4;42,5
20550006479000;11;4;7;28,4
20550006482000;22;11;11;25,8
20550006484000;2;1;1;0,0
20550006485000;2;1;1;0,0
20550006486000;6;3;3;36,5
20550006487000;3;2;1;0,0
20550006489000;5;3;2;27,6
20550006490000;16;8;8;29,3
20550006492000;7;3;4;19,1
20550006493000;22;7;15;30,5
20550006500000;59;28;31;30,8
20550006501000;3;2;1;0,0
20550006512000;12;6;6;30,0
20550006513000;1;0;1;0,0
20550006514000;12;8;4;41,9
20550006731000;5;3;2;59,8
20550006741000;2;1;1;0,0
20550006743000;5;3;2;40,8
20550006756000;4;3;1;0,0
20550006774000;24;11;13;31,4
20550006804000;12;5;7;47,8
20550006811000;7;3;4;48,4
20550006827000;2;0;2;0,0
20550006849000;5;2;3;36,0
20550006859000;3;2;1;0,0
20550006874000;31;15;16;35,5
20550006879000;5;2;3;43,8
20550006882000;10;6;4;51,7
20550006887000;62;32;30;36,6
20550006888000;59;33;26;40,4
20550006894000;4;2;2;0,0
20550006895000;18;9;9;45,3
20550006896000;10;6;4;58,8
20550006899000;25;10;15;37,3
20550006900000;19;9;10;35,2
20550006901000;14;8;6;43,4
20550006902000;9;6;3;43,3
20550006911000;21;10;11;38,6
20550006925000;15;7;8;32,9
20550006926000;36;17;19;28,5
20550006932000;14;10;4;55,1
20550006933000;6;3;3;56,3
20550006935000;4;2;2;0,0
20550006936000;3;1;2;0,0
20550006937000;1;1;0;0,0
20550006939000;1;0;1;0,0
20550006951000;82;37;45;33,7
20550006952000;1095;559;536;36,4
20550006953000;1176;586;590;38,4
20550006954000;1169;568;601;33,7
20550006955000;1858;867;991;44,0
20550006956000;1224;583;641;47,1
20550006959000;177;93;84;31,6
20550006963000;110;61;49;39,6
20550006971000;80;42;38;46,7
20550006976000;3;2;1;0,0
20550006977000;2;1;1;0,0
20560006455000;60;32;28;42,2
20560006456000;810;406;404;31,8
20560006457000;234;113;121;41,1
20560006458000;20;13;7;35,1
20560006460000;9;5;4;21,3
20560006461000;28;15;13;27,1
20560006465000;5;2;3;27,0
20560006466000;7;2;5;26,4
20560006468000;4;2;2;0,0
20560006471000;11;5;6;25,2
20560006473000;22;14;8;46,6
20560006475000;1;1;0;0,0
20560006478000;2;1;1;0,0
20560006479000;5;1;4;22,4
20560006480000;2;1;1;0,0
20560006481000;9;6;3;46,9
20560006483000;14;9;5;29,9
20560006485000;6;3;3;35,0
20560006486000;3;3;0;0,0
20560006490000;2;1;1;0,0
20560006491000;14;7;7;36,5
20560006493000;10;4;6;42,3
20560006494000;6;2;4;36,8
20560006495000;1;0;1;0,0
20560006499000;25;11;14;39,6
20560006500000;202;98;104;41,1
20560006501000;3;1;2;0,0
20560006505000;16;8;8;40,8
20560006507000;8;5;3;54,8
20560006513000;1;1;0;0,0
20560006514000;8;2;6;45,0
20560006583000;4;2;2;0,0
20560006738000;6;2;4;35,2
20560006739000;8;4;4;50,5
20560006740000;3;2;1;0,0
20560006741000;42;21;21;44,2
20560006742000;15;8;7;55,7
20560006743000;7;3;4;41,4
20560006775000;2;1;1;0,0
20560006804000;3;2;1;0,0
20560006805000;31;17;14;37,8
20560006806000;45;22;23;39,0
20560006807000;31;17;14;42,7
20560006811000;37;19;18;42,5
20560006828000;1;1;0;0,0
20560006859000;37;19;18;54,6
20560006874000;10;7;3;44,9
20560006889000;3;2;1;0,0
20560006890000;4;2;2;0,0
20560006894000;18;11;7;33,1
20560006895000;2;1;1;0,0
20560006899000;282;142;140;43,4
20560006900000;195;103;92;34,4
20560006901000;41;23;18;42,5
20560006902000;60;25;35;39,9
20560006925000;15;6;9;46,4
20560006926000;19;10;9;54,2
20560006943000;25;8;17;32,0
20560006944000;19;9;10;46,9
20560006945000;2;1;1;0,0
20560006946000;62;30;32;39,8
20560006950000;37;21;16;34,6
20560006951000;845;420;425;30,3
20560006952000;573;285;288;36,8
20560006953000;214;112;102;37,0
20560006955000;969;511;458;36,9
20560006956000;558;279;279;37,2
20560006957000;539;290;249;32,1
20560006959000;100;52;48;36,5
20560006963000;35;14;21;40,1
20560006970000;22;11;11;42,9
20560006971000;120;61;59;39,3
20560006972000;7;5;2;35,1
20560006977000;31;13;18;35,2
20560006978000;6;2;4;59,8
20570006452000;144;70;74;39,5
20570006454000;11;8;3;40,9
20570006456000;731;369;362;35,6
20570006457000;252;135;117;37,3
20570006458000;68;40;28;41,3
20570006459000;2;1;1;0,0
20570006461000;6;2;4;28,2
20570006464000;28;14;14;34,8
20570006465000;4;2;2;0,0
20570006466000;4;2;2;0,0
20570006467000;16;6;10;43,5
20570006468000;4;3;1;0,0
20570006469000;6;4;2;50,5
20570006472000;7;3;4;19,9
20570006473000;4;2;2;0,0
20570006480000;3;2;1;0,0
20570006481000;1;1;0;0,0
20570006483000;14;7;7;39,1
20570006484000;1;1;0;0,0
20570006485000;9;5;4;32,4
20570006495000;7;4;3;27,4
20570006496000;1;1;0;0,0
20570006499000;22;14;8;40,3
20570006500000;33;19;14;47,9
20570006501000;21;10;11;36,1
20570006502000;21;9;12;36,3
20570006514000;10;3;7;29,8
20570006515000;18;10;8;35,8
20570006516000;1;1;0;0,0
20570006540000;1;1;0;0,0
20570006541000;3;1;2;0,0
20570006739000;6;3;3;38,8
20570006740000;42;21;21;33,0
20570006741000;151;79;72;49,9
20570006742000;240;115;125;40,7
20570006776000;31;16;15;52,9
20570006803000;5;3;2;55,6
20570006804000;31;14;17;33,5
20570006805000;3;2;1;0,0
20570006806000;13;5;8;33,3
20570006807000;38;19;19;54,4
20570006811000;45;22;23;44,8
20570006828000;2;1;1;0,0
20570006856000;5;3;2;22,2
20570006859000;19;8;11;40,7
20570006860000;15;5;10;49,0
20570006870000;44;23;21;39,1
20570006871000;15;7;8;45,0
20570006884000;3;1;2;0,0
20570006890000;13;6;7;36,2
20570006893000;13;7;6;38,4
20570006894000;5;3;2;61,4
20570006895000;1;1;0;0,0
20570006898000;8;4;4;26,9
20570006901000;29;10;19;44,6
20570006902000;109;59;50;38,1
20570006903000;1;1;0;0,0
20570006911000;7;4;3;43,0
20570006912000;6;2;4;43,7
20570006926000;169;83;86;53,5
20570006927000;3;2;1;0,0
20570006944000;55;30;25;41,7
20570006945000;204;108;96;37,1
20570006946000;13;6;7;54,2
20570006950000;2;1;1;0,0
20570006951000;1172;623;549;35,4
20570006952000;77;36;41;36,0
20570006955000;12;10;2;32,3
20570006956000;177;92;85;37,9
20570006957000;11;7;4;35,2
20570006958000;1;0;1;0,0
20570006959000;215;110;105;39,4
20570006963000;59;26;33;43,1
20570006970000;4;2;2;0,0
20570006971000;73;35;38;44,7
20570006977000;16;10;6;41,8
20570006978000;16;6;10;70,7
20580006451000;158;84;74;37,0
20580006452000;28;13;15;38,5
20580006453000;15;8;7;49,5
20580006454000;47;19;28;40,1
20580006455000;8;3;5;22,5
20580006456000;64;32;32;31,2
20580006457000;66;36;30;37,5
20580006458000;9;5;4;61,3
20580006459000;53;23;30;31,9
20580006460000;37;18;19;43,5
20580006461000;5;2;3;34,0
20580006462000;5;1;4;16,4
20580006463000;1;0;1;0,0
20580006464000;11;4;7;31,2
20580006468000;1;1;0;0,0
20580006471000;9;5;4;35,8
20580006472000;11;6;5;26,1
20580006478000;15;9;6;41,8
20580006480000;8;5;3;46,0
20580006482000;6;4;2;31,3
20580006483000;11;6;5;28,6
20580006484000;1;1;0;0,0
20580006487000;4;1;3;0,0
20580006488000;6;4;2;31,0
20580006492000;12;5;7;27,6
20580006494000;12;4;8;30,2
20580006495000;3;3;0;0,0
20580006504000;18;8;10;31,9
20580006506000;18;9;9;42,4
20580006509000;4;3;1;0,0
20580006510000;4;3;1;0,0
20580006516000;3;2;1;0,0
20580006540000;1;1;0;0,0
20580006541000;21;9;12;35,8
20580006542000;2;1;1;0,0
20580006739000;14;7;7;44,9
20580006740000;10;7;3;36,6
20580006741000;126;63;63;38,6
20580006742000;151;81;70;48,8
20580006743000;15;8;7;39,7
20580006776000;1;1;0;0,0
20580006777000;3;2;1;0,0
20580006810000;19;8;11;46,5
20580006811000;25;14;11;43,9
20580006830000;1;1;0;0,0
20580006832000;2;2;0;0,0
20580006835000;7;3;4;39,1
20580006859000;3;1;2;0,0
20580006884000;41;25;16;41,7
20580006885000;36;17;19;41,2
20580006887000;35;15;20;44,9
20580006890000;31;19;12;43,1
20580006892000;12;6;6;40,8
20580006894000;19;11;8;44,4
20580006895000;16;7;9;58,2
20580006898000;7;4;3;50,9
20580006902000;39;26;13;39,1
20580006912000;1;1;0;0,0
20580006913000;10;5;5;41,5
20580006926000;6;3;3;32,2
20580006927000;59;31;28;42,2
20580006933000;1;1;0;0,0
20580006945000;1;0;1;0,0
20580006946000;14;8;6;56,4
20580006947000;53;22;31;37,8
20580006951000;356;193;163;41,7
20580006952000;61;35;26;42,2
20580006955000;5;4;1;61,2
20580006956000;26;16;10;30,3
20580006957000;5;2;3;66,4
20580006958000;7;5;2;19,3
20580006959000;111;62;49;37,6
20580006960000;5;3;2;62,0
20580006963000;25;14;11;49,6
20580006970000;38;22;16;35,7
20580006971000;12;6;6;55,4
20580006981000;1;1;0;0,0
20580006982000;7;4;3;70,1
20590006451000;23;13;10;52,1
20590006452000;50;22;28;43,1
20590006453000;42;18;24;28,7
20590006454000;114;57;57;36,6
20590006455000;48;25;23;39,4
20590006457000;48;27;21;43,3
20590006458000;23;11;12;50,7
20590006459000;5;3;2;27,0
20590006461000;53;25;28;43,9
20590006462000;94;44;50;37,7
20590006463000;454;217;237;34,6
20590006464000;33;14;19;38,5
20590006466000;10;5;5;51,4
20590006468000;5;3;2;44,4
20590006469000;9;5;4;28,3
20590006471000;6;5;1;41,2
20590006472000;8;3;5;36,5
20590006477000;1;0;1;0,0
20590006478000;14;5;9;46,9
20590006479000;7;3;4;30,7
20590006482000;21;13;8;25,9
20590006486000;2;2;0;0,0
20590006488000;18;12;6;39,4
20590006491000;10;4;6;38,2
20590006492000;6;2;4;39,2
20590006494000;10;6;4;23,8
20590006509000;10;5;5;50,1
20590006510000;1;1;0;0,0
20590006512000;6;4;2;34,2
20590006513000;33;16;17;37,8
20590006520000;2;0;2;0,0
20590006521000;65;36;29;39,1
20590006522000;78;37;41;45,0
20590006523000;28;15;13;20,5
20590006740000;6;3;3;30,0
20590006741000;51;24;27;42,4
20590006742000;79;38;41;41,8
20590006743000;8;4;4;51,0
20590006780000;7;6;1;60,7
20590006781000;4;2;2;0,0
20590006806000;2;1;1;0,0
20590006810000;86;42;44;45,5
20590006811000;23;12;11;46,7
20590006833000;5;4;1;61,2
20590006835000;75;36;39;48,5
20590006836000;2;1;1;0,0
20590006859000;11;8;3;29,8
20590006883000;7;2;5;39,9
20590006885000;129;75;54;39,5
20590006886000;216;111;105;45,9
20590006890000;13;5;8;25,9
20590006892000;4;1;3;0,0
20590006893000;1;1;0;0,0
20590006894000;15;9;6;43,0
20590006901000;7;3;4;35,0
20590006902000;28;14;14;36,1
20590006903000;3;3;0;0,0
20590006905000;1;1;0;0,0
20590006913000;6;3;3;46,3
20590006914000;3;1;2;0,0
20590006916000;6;3;3;38,2
20590006930000;1;0;1;0,0
20590006931000;2;1;1;0,0
20590006932000;6;4;2;42,7
20590006946000;73;38;35;36,5
20590006947000;54;31;23;36,8
20590006951000;709;373;336;32,8
20590006952000;127;72;55;42,3
20590006956000;34;23;11;33,8
20590006958000;9;6;3;31,8
20590006959000;48;32;16;28,3
20590006960000;233;115;118;31,3
20590006962000;40;23;17;29,3
20590006963000;25;13;12;51,2
20590006970000;9;4;5;43,2
20590006971000;25;15;10;56,2
20590006980000;4;3;1;0,0
20590006981000;26;14;12;55,3
20590006982000;26;12;14;62,2
20600006453000;1;0;1;0,0
20600006454000;135;68;67;34,9
20600006455000;6;2;4;41,5
20600006457000;80;47;33;39,3
20600006458000;10;4;6;30,3
20600006459000;8;5;3;29,6
20600006463000;92;44;48;50,3
20600006464000;89;50;39;35,3
20600006465000;17;9;8;35,8
20600006466000;107;51;56;31,3
20600006467000;28;15;13;37,1
20600006473000;6;2;4;47,0
20600006474000;2;1;1;0,0
20600006475000;66;38;28;35,0
20600006476000;78;26;52;51,4
20600006477000;49;21;28;24,5
20600006478000;33;19;14;33,1
20600006479000;32;15;17;44,2
20600006480000;176;86;90;40,5
20600006481000;13;5;8;30,1
20600006482000;20;9;11;34,3
20600006486000;21;9;12;38,2
20600006487000;7;4;3;49,4
20600006489000;5;3;2;51,4
20600006490000;9;4;5;27,0
20600006494000;9;5;4;37,8
20600006495000;18;11;7;37,9
20600006501000;26;15;11;42,9
20600006505000;15;7;8;44,0
20600006506000;2;0;2;0,0
20600006507000;8;5;3;53,6
20600006511000;5;3;2;44,0
20600006512000;5;4;1;46,2
20600006515000;2;2;0;0,0
20600006521000;105;54;51;35,3
20600006522000;118;49;69;42,2
20600006527000;5;3;2;38,6
20600006535000;1;1;0;0,0
20600006593000;2;1;1;0,0
20600006731000;7;5;2;56,0
20600006740000;8;6;2;35,9
20600006741000;31;18;13;49,5
20600006756000;1;1;0;0,0
20600006806000;13;7;6;46,8
20600006810000;22;12;10;46,1
20600006811000;417;199;218;40,6
20600006832000;4;2;2;0,0
20600006836000;20;14;6;36,9
20600006837000;17;7;10;25,8
20600006838000;9;4;5;36,7
20600006839000;1;1;0;0,0
20600006840000;4;1;3;0,0
20600006859000;11;6;5;39,7
20600006884000;11;7;4;42,5
20600006885000;72;38;34;33,6
20600006886000;12;7;5;42,3
20600006888000;9;4;5;40,7
20600006890000;49;29;20;36,8
20600006891000;16;11;5;38,1
20600006894000;5;4;1;52,4
20600006902000;39;22;17;45,4
20600006914000;25;10;15;61,8
20600006916000;2;1;1;0,0
20600006923000;2;1;1;0,0
20600006925000;9;5;4;62,2
20600006947000;32;14;18;40,3
20600006951000;279;143;136;33,3
20600006952000;46;25;21;42,7
20600006956000;24;12;12;44,5
20600006958000;6;5;1;42,5
20600006960000;24;16;8;41,2
20600006962000;40;15;25;44,5
20600006969000;37;19;18;39,4
20600006971000;44;20;24;39,6
20600006980000;18;9;9;48,3
20600006982000;4;2;2;0,0
20610006453000;6;3;3;37,7
20610006459000;21;11;10;29,5
20610006460000;18;11;7;30,3
20610006464000;5;3;2;26,4
20610006465000;18;9;9;38,3
20610006467000;30;16;14;38,6
20610006468000;13;6;7;40,5
20610006473000;21;13;8;34,0
20610006474000;29;13;16;48,8
20610006475000;113;56;57;37,3
20610006476000;20;9;11;47,9
20610006477000;23;15;8;29,0
20610006478000;7;3;4;37,9
20610006479000;1;0;1;0,0
20610006481000;1;1;0;0,0
20610006482000;5;2;3;45,4
20610006484000;1;0;1;0,0
20610006485000;2;2;0;0,0
20610006486000;12;7;5;29,0
20610006487000;5;4;1;16,4
20610006489000;2;1;1;0,0
20610006501000;21;8;13;32,0
20610006503000;4;2;2;0,0
20610006506000;6;4;2;49,7
20610006507000;44;18;26;41,7
20610006508000;28;16;12;34,0
20610006511000;7;3;4;25,3
20610006512000;15;6;9;32,1
20610006515000;20;11;9;44,5
20610006524000;2;1;1;0,0
20610006592000;1;1;0;0,0
20610006596000;6;3;3;25,3
20610006806000;8;4;4;32,0
20610006810000;58;27;31;33,7
20610006811000;160;77;83;39,1
20610006836000;1;1;0;0,0
20610006837000;31;12;19;28,1
20610006838000;10;5;5;48,5
20610006839000;35;20;15;33,2
20610006840000;2;1;1;0,0
20610006859000;18;9;9;42,2
20610006890000;34;15;19;43,1
20610006901000;14;9;5;50,6
20610006902000;29;14;15;35,7
20610006916000;10;4;6;57,0
20610006947000;33;15;18;39,9
20610006951000;76;43;33;37,7
20610006956000;3;2;1;0,0
20610006957000;39;22;17;33,3
20610006958000;3;1;2;0,0
20610006959000;19;10;9;37,5
20610006960000;10;7;3;47,6
20610006962000;23;10;13;42,7
20610006965000;11;5;6;31,5
20610006967000;134;69;65;38,8
20610006968000;471;249;222;38,3
20610006969000;764;395;369;40,4
20610006970000;618;319;299;46,0
20610006971000;415;222;193;28,4
20610006980000;2;1;1;0,0
20610006981000;3;2;1;0,0
20610006982000;38;20;18;61,4
20620006453000;71;36;35;43,5
20620006457000;22;13;9;36,1
20620006458000;99;49;50;30,6
20620006459000;61;31;30;46,6
20620006460000;7;4;3;52,1
20620006461000;12;6;6;38,4
20620006462000;28;15;13;29,3
20620006463000;9;5;4;62,2
20620006470000;30;17;13;35,7
20620006471000;173;89;84;40,0
20620006472000;181;97;84;39,5
20620006473000;18;9;9;46,7
20620006476000;4;3;1;0,0
20620006480000;4;2;2;0,0
20620006485000;8;3;5;52,0
20620006488000;3;2;1;0,0
20620006489000;2;1;1;0,0
20620006490000;10;5;5;37,3
20620006492000;5;3;2;59,2
20620006507000;5;4;1;55,8
20620006508000;2;1;1;0,0
20620006515000;6;3;3;24,3
20620006516000;15;8;7;22,2
20620006524000;2;2;0;0,0
20620006525000;16;9;7;39,1
20620006526000;23;11;12;33,8
20620006527000;12;8;4;38,1
20620006573000;2;1;1;0,0
20620006657000;4;2;2;0,0
20620006799000;1;1;0;0,0
20620006809000;4;2;2;0,0
20620006810000;490;217;273;41,8
20620006811000;506;255;251;38,4
20620006837000;3;2;1;0,0
20620006838000;5;2;3;64,6
20620006839000;4;2;2;0,0
20620006857000;7;4;3;30,1
20620006858000;2;2;0;0,0
20620006887000;6;3;3;40,3
20620006889000;8;8;0;42,3
20620006890000;2;1;1;0,0
20620006901000;5;2;3;38,8
20620006902000;38;23;15;43,6
20620006915000;8;3;5;41,8
20620006926000;46;21;25;50,9
20620006951000;29;14;15;38,9
20620006956000;9;5;4;34,1
20620006957000;32;18;14;36,6
20620006959000;7;5;2;33,7
20620006962000;15;8;7;40,2
20620006963000;41;19;22;41,4
20620006964000;31;18;13;44,5
20620006965000;4;3;1;0,0
20620006966000;20;12;8;54,0
20620006968000;4;2;2;0,0
20620006969000;66;35;31;44,3
20620006970000;3;2;1;0,0
20620006971000;31;19;12;51,1
20620006980000;3;1;2;0,0
20620006981000;2;1;1;0,0
20620006982000;2;1;1;0,0
20620006988000;67;41;26;42,3
20630006454000;31;14;17;40,7
20630006457000;41;21;20;44,8
20630006458000;6;3;3;16,0
20630006459000;25;12;13;34,4
20630006461000;5;3;2;45,6
20630006463000;5;3;2;18,2
20630006465000;7;4;3;48,1
20630006469000;21;12;9;29,0
20630006471000;79;45;34;32,2
20630006472000;49;25;24;29,5
20630006481000;1;1;0;0,0
20630006486000;5;3;2;46,2
20630006487000;2;1;1;0,0
20630006489000;5;3;2;62,2
20630006492000;15;8;7;32,2
20630006493000;7;5;2;51,1
20630006495000;72;29;43;46,8
20630006496000;13;4;9;48,6
20630006497000;4;3;1;0,0
20630006498000;2;1;1;0,0
20630006500000;20;10;10;38,3
20630006502000;14;6;8;34,0
20630006503000;6;2;4;42,2
20630006516000;5;3;2;60,8
20630006527000;16;9;7;39,4
20630006529000;9;5;4;39,8
20630006530000;3;2;1;0,0
20630006592000;3;2;1;0,0
20630006600000;3;1;2;0,0
20630006602000;6;3;3;29,8
20630006783000;2;1;1;0,0
20630006785000;1;1;0;0,0
20630006795000;4;2;2;0,0
20630006809000;48;26;22;39,9
20630006810000;88;46;42;40,4
20630006811000;220;120;100;39,1
20630006839000;7;3;4;39,7
20630006840000;7;4;3;33,4
20630006889000;118;57;61;34,2
20630006890000;106;61;45;29,7
20630006893000;6;4;2;36,8
20630006901000;42;17;25;38,1
20630006902000;24;14;10;47,3
20630006917000;2;1;1;0,0
20630006918000;10;7;3;65,1
20630006925000;3;3;0;0,0
20630006943000;13;6;7;31,1
20630006944000;118;68;50;40,3
20630006945000;390;193;197;37,6
20630006946000;216;115;101;39,6
20630006951000;19;10;9;30,3
20630006956000;29;17;12;39,4
20630006957000;6;4;2;44,0
20630006958000;58;32;26;32,9
20630006959000;15;8;7;38,5
20630006960000;14;8;6;47,2
20630006963000;15;9;6;39,1
20630006970000;117;65;52;38,4
20630006971000;9;4;5;53,7
20630006984000;89;42;47;48,1
20630006985000;43;22;21;42,8
20630006986000;52;28;24;34,2
20630006987000;2;1;1;0,0
20630006988000;25;12;13;37,9
20630006989000;35;20;15;41,7
20640006455000;7;4;3;46,9
20640006456000;23;12;11;43,5
20640006457000;39;22;17;38,7
20640006461000;35;21;14;39,5
20640006463000;24;13;11;35,5
20640006465000;11;7;4;31,4
20640006467000;7;4;3;37,4
20640006471000;35;19;16;39,2
20640006474000;5;4;1;21,2
20640006479000;13;6;7;41,7
20640006482000;8;5;3;32,4
20640006483000;11;6;5;37,5
20640006485000;1;1;0;0,0
20640006486000;6;3;3;31,0
20640006492000;1;1;0;0,0
20640006493000;4;2;2;0,0
20640006498000;3;2;1;0,0
20640006500000;9;5;4;40,1
20640006501000;18;9;9;32,3
20640006502000;2;2;0;0,0
20640006530000;24;11;13;33,4
20640006531000;4;3;1;0,0
20640006534000;6;2;4;52,5
20640006535000;1;1;0;0,0
20640006536000;6;2;4;40,2
20640006600000;4;3;1;0,0
20640006603000;3;1;2;0,0
20640006604000;15;8;7;50,9
20640006629000;3;1;2;0,0
20640006728000;78;32;46;38,0
20640006729000;281;125;156;43,7
20640006742000;1;1;0;0,0
20640006743000;41;21;20;41,7
20640006744000;2;1;1;0,0
20640006795000;12;7;5;61,9
20640006796000;29;17;12;38,1
20640006840000;6;3;3;44,7
20640006887000;5;3;2;20,4
20640006889000;2;1;1;0,0
20640006890000;13;9;4;45,2
20640006891000;204;97;107;37,3
20640006893000;1;1;0;0,0
20640006894000;2;1;1;0,0
20640006918000;1;1;0;0,0
20640006925000;1;0;1;0,0
20640006939000;7;4;3;40,0
20640006940000;45;22;23;43,9
20640006941000;38;20;18;38,7
20640006942000;42;27;15;53,1
20640006943000;42;23;19;37,6
20640006944000;52;26;26;45,4
20640006945000;67;32;35;37,6
20640006946000;58;29;29;38,5
20640006948000;319;157;162;41,9
20640006956000;30;16;14;36,8
20640006957000;20;9;11;29,4
20640006958000;25;15;10;41,2
20640006963000;65;31;34;34,3
20640006984000;98;49;49;39,6
20640006985000;8;4;4;50,4
20640006987000;31;16;15;34,6
20640006988000;3;2;1;0,0
20640006989000;19;11;8;45,1
20650006454000;25;15;10;46,2
20650006455000;5;4;1;49,0
20650006456000;9;5;4;52,4
20650006457000;12;6;6;30,3
20650006458000;7;3;4;35,3
20650006462000;18;8;10;59,7
20650006465000;3;2;1;0,0
20650006466000;12;5;7;53,0
20650006467000;4;2;2;0,0
20650006470000;7;4;3;53,4
20650006473000;3;1;2;0,0
20650006475000;2;1;1;0,0
20650006478000;5;2;3;36,8
20650006479000;1;1;0;0,0
20650006481000;9;4;5;34,4
20650006482000;54;28;26;30,3
20650006483000;35;15;20;42,5
20650006484000;6;4;2;40,2
20650006485000;14;7;7;41,9
20650006490000;2;1;1;0,0
20650006495000;5;1;4;32,2
20650006517000;3;2;1;0,0
20650006534000;1;1;0;0,0
20650006535000;4;2;2;0,0
20650006536000;14;7;7;45,6
20650006544000;1;0;1;0,0
20650006599000;1;1;0;0,0
20650006600000;21;9;12;44,7
20650006601000;6;2;4;20,2
20650006604000;106;53;53;38,0
20650006629000;16;9;7;41,1
20650006725000;1;0;1;0,0
20650006726000;3;1;2;0,0
20650006728000;48;23;25;44,9
20650006729000;104;57;47;42,3
20650006730000;136;71;65;35,8
20650006795000;8;4;4;42,1
20650006796000;10;5;5;57,1
20650006797000;131;64;67;44,3
20650006798000;3;2;1;0,0
20650006807000;6;3;3;66,2
20650006886000;7;2;5;28,3
20650006887000;1;1;0;0,0
20650006890000;399;188;211;39,2
20650006891000;939;472;467;41,4
20650006892000;183;91;92;25,3
20650006903000;23;13;10;32,5
20650006938000;7;4;3;28,7
20650006939000;289;159;130;41,7
20650006940000;252;131;121;38,1
20650006941000;38;23;15;51,7
20650006942000;34;16;18;42,8
20650006943000;82;38;44;34,7
20650006944000;770;382;388;38,6
20650006945000;620;311;309;41,3
20650006946000;579;258;321;51,3
20650006947000;465;232;233;38,7
20650006948000;4;1;3;0,0
20650006956000;4;2;2;0,0
20650006960000;12;5;7;50,7
20650006963000;24;12;12;43,7
20650006985000;1;0;1;0,0
20650006986000;2;1;1;0,0
20650006987000;14;7;7;36,6
20650006988000;78;41;37;41,9
20650006989000;138;62;76;48,0
20650006990000;347;176;171;42,2
20660006454000;8;4;4;32,4
20660006455000;2;1;1;0,0
20660006457000;22;11;11;51,6
20660006458000;35;15;20;41,5
20660006460000;5;3;2;30,6
20660006461000;4;2;2;0,0
20660006464000;6;3;3;61,5
20660006465000;12;6;6;34,3
20660006467000;8;4;4;21,0
20660006468000;1;1;0;0,0
20660006470000;18;9;9;41,9
20660006474000;15;8;7;26,1
20660006475000;7;3;4;76,7
20660006476000;17;10;7;32,4
20660006481000;1;0;1;0,0
20660006482000;1;0;1;0,0
20660006483000;13;6;7;59,8
20660006484000;13;8;5;33,7
20660006485000;20;9;11;31,0
20660006486000;9;5;4;35,7
20660006487000;19;7;12;40,7
20660006488000;15;8;7;39,6
20660006489000;9;5;4;47,4
20660006490000;7;4;3;41,9
20660006491000;7;4;3;47,3
20660006495000;6;3;3;59,8
20660006496000;10;5;5;43,2
20660006516000;9;6;3;28,6
20660006517000;10;5;5;34,5
20660006532000;2;1;1;0,0
20660006535000;2;1;1;0,0
20660006541000;9;5;4;30,8
20660006604000;139;67;72;39,1
20660006605000;5;3;2;41,8
20660006723000;39;18;21;45,9
20660006724000;21;8;13;52,3
20660006727000;1;1;0;0,0
20660006731000;1;0;1;0,0
20660006807000;31;15;16;51,8
20660006870000;1;0;1;0,0
20660006886000;6;1;5;29,2
20660006890000;20;11;9;35,3
20660006891000;523;276;247;36,4
20660006892000;104;47;57;33,6
20660006904000;8;4;4;40,0
20660006923000;37;17;20;45,5
20660006934000;2;1;1;0,0
20660006935000;47;22;25;42,5
20660006936000;66;37;29;43,8
20660006944000;207;105;102;35,7
20660006945000;225;113;112;35,8
20660006946000;571;277;294;35,7
20660006947000;498;238;260;36,4
20660006952000;5;3;2;60,8
20660006953000;4;2;2;0,0
20660006957000;9;3;6;41,8
20660006958000;18;9;9;27,8
20660006961000;1;0;1;0,0
20660006963000;32;16;16;51,6
20660006971000;7;3;4;34,0
20660006991000;12;6;6;22,2
20670006455000;21;13;8;47,4
20670006456000;15;6;9;42,0
20670006457000;30;17;13;36,1
20670006458000;10;5;5;35,2
20670006459000;25;14;11;36,9
20670006460000;9;3;6;51,4
20670006461000;3;2;1;0,0
20670006463000;16;5;11;22,8
20670006464000;8;4;4;36,4
20670006465000;1;1;0;0,0
20670006470000;11;7;4;30,6
20670006474000;1;0;1;0,0
20670006475000;6;3;3;54,8
20670006478000;3;2;1;0,0
20670006481000;9;5;4;34,6
20670006483000;11;6;5;38,0
20670006484000;7;3;4;57,7
20670006485000;10;5;5;36,6
20670006489000;18;11;7;39,9
20670006490000;16;7;9;31,9
20670006491000;18;12;6;26,9
20670006493000;10;4;6;27,6
20670006495000;16;7;9;36,6
20670006497000;5;3;2;48,6
20670006498000;6;4;2;29,2
20670006516000;2;1;1;0,0
20670006535000;3;1;2;0,0
20670006536000;34;15;19;35,6
20670006537000;5;2;3;49,8
20670006575000;3;3;0;0,0
20670006589000;4;3;1;0,0
20670006597000;2;1;1;0,0
20670006604000;3;2;1;0,0
20670006606000;1;0;1;0,0
20670006626000;58;31;27;35,8
20670006627000;8;5;3;31,4
20670006628000;4;2;2;0,0
20670006723000;46;23;23;50,7
20670006724000;78;43;35;39,4
20670006794000;3;2;1;0,0
20670006806000;4;2;2;0,0
20670006807000;40;18;22;45,4
20670006863000;7;3;4;29,1
20670006865000;13;5;8;51,1
20670006866000;7;3;4;62,7
20670006867000;56;28;28;33,8
20670006868000;23;14;9;49,4
20670006870000;5;3;2;56,8
20670006872000;3;1;2;0,0
20670006873000;5;2;3;33,6
20670006885000;3;1;2;0,0
20670006886000;9;4;5;39,8
20670006888000;3;1;2;0,0
20670006891000;47;24;23;36,9
20670006892000;38;23;15;36,8
20670006904000;12;8;4;32,2
20670006905000;6;3;3;38,2
20670006922000;10;5;5;39,9
20670006934000;48;28;20;37,3
20670006945000;8;4;4;67,1
20670006946000;111;58;53;37,9
20670006947000;36;21;15;38,8
20670006953000;26;14;12;51,9
20670006957000;9;4;5;43,6
20670006958000;2;1;1;0,0
20670006960000;21;11;10;36,3
20670006961000;2;1;1;0,0
20670006962000;538;274;264;31,7
20670006963000;170;80;90;38,5
20670006967000;3;1;2;0,0
20670006968000;6;3;3;52,3
20670006971000;3;1;2;0,0
20670006974000;7;4;3;41,3
20670006975000;3;2;1;0,0
20670006991000;112;62;50;38,9
20670006992000;10;6;4;52,5
20680006455000;5;2;3;60,0
20680006456000;7;3;4;48,9
20680006457000;32;14;18;33,7
20680006458000;18;12;6;39,4
20680006462000;22;13;9;51,7
20680006463000;26;13;13;39,2
20680006465000;6;4;2;31,8
20680006471000;6;4;2;56,0
20680006475000;18;4;14;32,2
20680006477000;9;5;4;34,6
20680006479000;6;3;3;40,5
20680006480000;4;0;4;0,0
20680006482000;17;8;9;41,8
20680006483000;4;2;2;0,0
20680006485000;16;6;10;33,8
20680006486000;16;7;9;29,8
20680006487000;3;2;1;0,0
20680006488000;6;4;2;26,2
20680006494000;3;2;1;0,0
20680006495000;8;4;4;41,9
20680006498000;7;2;5;35,3
20680006499000;4;1;3;0,0
20680006500000;2;1;1;0,0
20680006519000;5;3;2;60,8
20680006536000;21;10;11;29,4
20680006537000;3;2;1;0,0
20680006575000;3;1;2;0,0
20680006590000;7;5;2;24,7
20680006608000;7;3;4;25,9
20680006612000;6;4;2;27,2
20680006616000;2;1;1;0,0
20680006617000;4;2;2;0,0
20680006624000;1;0;1;0,0
20680006626000;60;39;21;31,0
20680006627000;148;80;68;38,7
20680006628000;9;5;4;35,1
20680006733000;1;0;1;0,0
20680006805000;4;2;2;0,0
20680006806000;32;14;18;35,7
20680006807000;11;6;5;33,1
20680006815000;5;3;2;44,2
20680006825000;7;3;4;23,3
20680006827000;8;3;5;48,5
20680006867000;3;2;1;0,0
20680006868000;13;8;5;50,9
20680006874000;36;15;21;35,6
20680006882000;11;3;8;59,2
20680006883000;12;7;5;42,1
20680006884000;32;16;16;51,9
20680006885000;15;11;4;46,5
20680006887000;18;11;7;51,3
20680006891000;30;17;13;36,7
20680006892000;45;24;21;39,6
20680006922000;6;5;1;55,3
20680006934000;116;57;59;37,6
20680006945000;24;15;9;36,3
20680006946000;82;42;40;42,5
20680006947000;6;4;2;29,7
20680006953000;47;26;21;37,0
20680006954000;75;38;37;39,5
20680006957000;3;1;2;0,0
20680006960000;51;25;26;31,2
20680006961000;46;21;25;41,9
20680006962000;316;161;155;33,6
20680006963000;225;123;102;40,5
20680006967000;4;1;3;0,0
20680006968000;5;2;3;49,0
20680006971000;1;0;1;0,0
20680006974000;7;7;0;48,7
20680006975000;15;8;7;42,5
20690006457000;16;9;7;41,8
20690006458000;27;15;12;43,6
20690006459000;25;12;13;38,9
20690006460000;29;15;14;39,4
20690006461000;3;2;1;0,0
20690006462000;5;3;2;53,6
20690006463000;6;3;3;60,2
20690006464000;12;6;6;44,5
20690006467000;4;3;1;0,0
20690006468000;5;3;2;54,0
20690006469000;1;0;1;0,0
20690006471000;4;2;2;0,0
20690006472000;2;1;1;0,0
20690006480000;4;3;1;0,0
20690006481000;213;113;100;30,5
20690006482000;95;49;46;40,3
20690006483000;5;4;1;20,4
20690006486000;12;7;5;24,3
20690006487000;1;1;0;0,0
20690006488000;7;3;4;38,4
20690006489000;8;5;3;31,5
20690006495000;7;2;5;24,0
20690006500000;4;2;2;0,0
20690006501000;8;3;5;36,8
20690006505000;4;3;1;0,0
20690006506000;4;2;2;0,0
20690006536000;19;10;9;31,3
20690006537000;6;5;1;32,5
20690006576000;1;1;0;0,0
20690006600000;2;1;1;0,0
20690006610000;2;2;0;0,0
20690006612000;7;3;4;50,4
20690006613000;7;4;3;42,1
20690006615000;7;5;2;49,0
20690006619000;11;6;5;29,5
20690006626000;142;68;74;32,6
20690006627000;40;19;21;35,5
20690006628000;1;1;0;0,0
20690006732000;3;2;1;0,0
20690006795000;3;2;1;0,0
20690006805000;1;0;1;0,0
20690006806000;27;14;13;46,5
20690006807000;184;104;80;35,2
20690006808000;1;1;0;0,0
20690006813000;17;11;6;47,5
20690006826000;24;14;10;49,7
20690006874000;31;16;15;36,5
20690006877000;16;9;7;40,0
20690006878000;19;10;9;42,1
20690006879000;46;23;23;38,5
20690006880000;34;21;13;41,1
20690006881000;40;18;22;47,0
20690006882000;98;50;48;45,5
20690006883000;203;97;106;41,3
20690006884000;84;47;37;31,7
20690006886000;20;11;9;40,1
20690006887000;94;50;44;43,0
20690006891000;3;2;1;0,0
20690006892000;47;24;23;42,3
20690006903000;17;10;7;47,0
20690006913000;10;3;7;31,0
20690006933000;2;1;1;0,0
20690006934000;44;24;20;42,6
20690006935000;16;9;7;45,8
20690006946000;48;23;25;33,5
20690006947000;12;6;6;49,7
20690006953000;5;3;2;54,8
20690006955000;8;5;3;24,8
20690006956000;28;18;10;53,7
20690006957000;8;5;3;46,8
20690006958000;24;13;11;41,7
20690006960000;295;152;143;29,9
20690006961000;24;11;13;43,1
20690006962000;14;5;9;28,2
20690006963000;68;36;32;40,1
20690006964000;282;134;148;45,3
20690006965000;4;2;2;0,0
20690006966000;6;3;3;23,0
20690006975000;29;14;15;40,1
20690006976000;36;21;15;39,4
20700006457000;5;3;2;28,4
20700006458000;143;79;64;44,6
20700006459000;5;3;2;52,2
20700006460000;11;6;5;44,1
20700006462000;8;3;5;45,8
20700006463000;51;29;22;36,0
20700006464000;3;1;2;0,0
20700006466000;2;1;1;0,0
20700006469000;7;5;2;35,4
20700006474000;8;5;3;44,0
20700006475000;5;4;1;48,8
20700006476000;5;4;1;19,4
20700006477000;7;4;3;24,1
20700006480000;13;8;5;32,5
20700006482000;31;14;17;37,9
20700006483000;7;4;3;33,1
20700006484000;13;6;7;17,2
20700006485000;1;1;0;0,0
20700006486000;7;5;2;28,1
20700006487000;3;2;1;0,0
20700006488000;4;3;1;0,0
20700006490000;3;2;1;0,0
20700006494000;1;1;0;0,0
20700006504000;2;1;1;0,0
20700006529000;6;4;2;38,2
20700006530000;2;0;2;0,0
20700006543000;1;1;0;0,0
20700006575000;9;5;4;58,2
20700006576000;54;31;23;43,4
20700006577000;5;3;2;24,2
20700006589000;8;4;4;44,3
20700006591000;4;2;2;0,0
20700006593000;14;8;6;40,8
20700006598000;4;2;2;0,0
20700006610000;1;1;0;0,0
20700006614000;16;10;6;36,1
20700006616000;1;1;0;0,0
20700006650000;2;1;1;0,0
20700006651000;2;1;1;0,0
20700006732000;2;1;1;0,0
20700006758000;3;2;1;0,0
20700006765000;3;0;3;0,0
20700006792000;1;1;0;0,0
20700006806000;2;1;1;0,0
20700006808000;30;14;16;40,1
20700006812000;26;13;13;37,3
20700006813000;17;9;8;44,1
20700006825000;8;3;5;39,3
20700006826000;2;1;1;0,0
20700006876000;10;6;4;34,9
20700006877000;2;1;1;0,0
20700006884000;160;90;70;41,3
20700006885000;38;22;16;50,0
20700006887000;18;10;8;52,2
20700006892000;24;14;10;43,5
20700006905000;4;1;3;0,0
20700006912000;18;10;8;37,7
20700006913000;13;7;6;36,8
20700006935000;86;41;45;41,6
20700006953000;50;26;24;37,8
20700006954000;4;2;2;0,0
20700006955000;128;60;68;39,1
20700006958000;171;79;92;33,2
20700006960000;17;7;10;39,2
20700006961000;7;3;4;45,3
20700006963000;12;6;6;41,7
20700006964000;369;190;179;40,9
20700006965000;10;8;2;37,6
20700006966000;15;8;7;36,7
20700006967000;2;1;1;0,0
20700006969000;2;1;1;0,0
20700006970000;2;1;1;0,0
20700006972000;1;0;1;0,0
20700006975000;48;27;21;38,9
20700006976000;39;18;21;30,5
20700006998000;23;11;12;67,5
20710006458000;28;14;14;35,0
20710006459000;21;13;8;49,2
20710006460000;35;19;16;40,1
20710006462000;2;2;0;0,0
20710006466000;4;2;2;0,0
20710006474000;29;11;18;38,1
20710006478000;6;4;2;39,2
20710006479000;20;11;9;34,9
20710006482000;12;9;3;32,2
20710006483000;32;20;12;41,0
20710006484000;10;5;5;50,4
20710006485000;14;8;6;32,4
20710006488000;5;3;2;38,2
20710006490000;4;3;1;0,0
20710006494000;13;5;8;33,0
20710006495000;8;6;2;31,0
20710006524000;6;5;1;36,8
20710006529000;5;2;3;15,2
20710006557000;1;1;0;0,0
20710006562000;17;7;10;47,2
20710006574000;5;2;3;24,8
20710006575000;16;9;7;35,6
20710006576000;19;9;10;56,4
20710006577000;14;6;8;41,7
20710006588000;4;2;2;0,0
20710006589000;2;1;1;0,0
20710006590000;1;1;0;0,0
20710006591000;8;5;3;62,1
20710006592000;23;11;12;51,3
20710006593000;5;2;3;73,4
20710006610000;10;5;5;35,9
20710006614000;6;4;2;67,7
20710006618000;4;4;0;0,0
20710006619000;7;4;3;49,7
20710006620000;2;1;1;0,0
20710006632000;2;1;1;0,0
20710006650000;5;3;2;27,0
20710006759000;5;1;4;30,6
20710006765000;6;4;2;32,0
20710006767000;3;2;1;0,0
20710006769000;3;1;2;0,0
20710006772000;25;13;12;36,2
20710006783000;2;1;1;0,0
20710006809000;33;15;18;40,3
20710006810000;28;18;10;44,5
20710006811000;47;19;28;37,8
20710006812000;10;3;7;30,3
20710006817000;13;7;6;44,6
20710006818000;4;3;1;0,0
20710006819000;6;3;3;65,3
20710006820000;18;11;7;38,0
20710006821000;3;1;2;0,0
20710006825000;10;4;6;49,2
20710006886000;21;10;11;27,6
20710006887000;54;33;21;36,9
20710006892000;2;1;1;0,0
20710006905000;6;4;2;40,3
20710006906000;19;9;10;36,8
20710006907000;10;5;5;33,5
20710006908000;2;1;1;0,0
20710006935000;7;5;2;64,0
20710006936000;15;6;9;31,3
20710006954000;59;32;27;32,7
20710006955000;376;191;185;33,6
20710006958000;190;99;91;32,9
20710006960000;8;5;3;63,8
20710006961000;37;20;17;44,2
20710006962000;8;6;2;51,0
20710006963000;5;4;1;54,4
20710006964000;78;35;43;33,6
20710006968000;47;21;26;37,5
20710006969000;81;42;39;35,2
20710006975000;41;19;22;41,2
20710006993000;18;9;9;62,4
20720006459000;35;17;18;46,5
20720006460000;44;21;23;35,4
20720006462000;71;38;33;44,0
20720006464000;5;1;4;28,2
20720006467000;3;2;1;0,0
20720006468000;10;6;4;39,6
20720006469000;3;2;1;0,0
20720006473000;4;1;3;0,0
20720006474000;34;18;16;39,3
20720006478000;8;4;4;38,6
20720006485000;6;5;1;28,8
20720006486000;9;6;3;44,9
20720006487000;8;5;3;46,1
20720006489000;5;2;3;41,2
20720006490000;3;2;1;0,0
20720006491000;4;2;2;0,0
20720006492000;1;1;0;0,0
20720006521000;2;1;1;0,0
20720006522000;4;3;1;0,0
20720006561000;2;1;1;0,0
20720006562000;2;1;1;0,0
20720006568000;3;1;2;0,0
20720006573000;39;19;20;34,8
20720006574000;48;21;27;45,0
20720006575000;35;18;17;42,8
20720006576000;50;23;27;46,0
20720006577000;3;1;2;0,0
20720006578000;4;1;3;0,0
20720006579000;10;6;4;61,1
20720006585000;5;3;2;72,2
20720006592000;5;3;2;40,6
20720006593000;6;3;3;45,8
20720006597000;1;0;1;0,0
20720006599000;1;1;0;0,0
20720006650000;3;1;2;0,0
20720006732000;5;4;1;54,0
20720006767000;8;4;4;43,1
20720006768000;3;0;3;0,0
20720006770000;47;25;22;47,9
20720006771000;33;18;15;43,5
20720006772000;150;68;82;40,2
20720006773000;55;29;26;40,9
20720006782000;14;7;7;50,1
20720006783000;32;17;15;50,3
20720006810000;20;11;9;44,7
20720006811000;19;10;9;39,2
20720006815000;22;10;12;38,3
20720006816000;5;1;4;45,8
20720006817000;39;23;16;30,3
20720006818000;7;3;4;41,9
20720006819000;7;4;3;44,6
20720006820000;10;6;4;46,7
20720006821000;1;1;0;0,0
20720006822000;14;8;6;35,5
20720006824000;15;11;4;33,5
20720006885000;44;24;20;33,8
20720006886000;315;200;115;37,6
20720006892000;34;19;15;40,1
20720006893000;38;20;18;40,7
20720006909000;16;9;7;54,0
20720006936000;15;10;5;44,9
20720006948000;15;8;7;38,8
20720006949000;5;1;4;34,6
20720006955000;22;14;8;39,2
20720006956000;5;4;1;43,6
20720006957000;177;90;87;36,9
20720006958000;634;296;338;43,7
20720006960000;7;3;4;23,4
20720006961000;57;31;26;44,1
20720006962000;31;18;13;40,0
20720006964000;5;4;1;31,4
20720006971000;6;3;3;22,7
20720006976000;17;10;7;34,2
20720006977000;29;13;16;30,8
20720006978000;29;17;12;43,3
20720006979000;20;15;5;45,5
20720006992000;1;1;0;0,0
20720006993000;17;7;10;57,4
20730006457000;7;3;4;38,9
20730006459000;124;60;64;37,5
20730006460000;147;73;74;29,1
20730006462000;282;146;136;33,2
20730006463000;573;311;262;28,0
20730006464000;27;13;14;39,1
20730006465000;22;9;13;35,0
20730006467000;2;1;1;0,0
20730006468000;2;2;0;0,0
20730006471000;2;1;1;0,0
20730006473000;5;3;2;52,0
20730006476000;12;5;7;28,6
20730006477000;5;3;2;30,8
20730006481000;16;10;6;32,3
20730006482000;21;9;12;36,6
20730006484000;3;1;2;0,0
20730006487000;5;2;3;27,8
20730006491000;3;2;1;0,0
20730006492000;23;13;10;39,4
20730006493000;11;6;5;45,8
20730006511000;1;1;0;0,0
20730006512000;3;2;1;0,0
20730006560000;4;2;2;0,0
20730006567000;9;4;5;59,7
20730006568000;3;0;3;0,0
20730006569000;3;2;1;0,0
20730006573000;99;50;49;45,0
20730006574000;33;18;15;44,9
20730006579000;13;7;6;33,8
20730006581000;5;4;1;54,8
20730006583000;7;5;2;34,1
20730006584000;14;7;7;30,9
20730006585000;40;23;17;44,1
20730006586000;4;3;1;0,0
20730006587000;6;3;3;65,7
20730006602000;1;1;0;0,0
20730006635000;5;2;3;39,0
20730006650000;4;2;2;0,0
20730006723000;2;0;2;0,0
20730006770000;26;12;14;34,6
20730006773000;18;8;10;30,5
20730006782000;2;1;1;0,0
20730006783000;16;7;9;47,0
20730006799000;2;1;1;0,0
20730006801000;2;1;1;0,0
20730006809000;1;1;0;0,0
20730006810000;2;1;1;0,0
20730006811000;20;12;8;44,5
20730006812000;12;8;4;21,6
20730006814000;18;11;7;41,8
20730006815000;76;40;36;30,8
20730006816000;31;18;13;40,0
20730006817000;62;34;28;40,4
20730006818000;33;14;19;40,1
20730006819000;10;5;5;29,1
20730006885000;53;26;27;43,0
20730006886000;26;14;12;41,4
20730006892000;8;6;2;35,6
20730006893000;31;17;14;38,0
20730006909000;16;9;7;38,9
20730006949000;5;3;2;53,4
20730006951000;1;1;0;0,0
20730006954000;28;14;14;42,5
20730006955000;9;3;6;20,0
20730006956000;8;6;2;45,1
20730006957000;609;291;318;35,3
20730006958000;85;51;34;36,2
20730006961000;50;31;19;34,4
20730006962000;12;8;4;47,2
20730006968000;34;16;18;46,4
20730006969000;26;15;11;47,7
20730006970000;14;7;7;52,9
20730006971000;33;16;17;42,5
20730006975000;26;12;14;47,4
20730006976000;61;29;32;38,8
20730006979000;18;9;9;32,3
20730006981000;2;2;0;0,0
20740006457000;6;4;2;61,3
20740006458000;2;1;1;0,0
20740006459000;101;53;48;34,8
20740006460000;208;104;104;30,1
20740006461000;245;131;114;33,3
20740006462000;247;117;130;40,9
20740006463000;331;167;164;27,3
20740006467000;2;1;1;0,0
20740006469000;2;2;0;0,0
20740006470000;5;3;2;65,6
20740006471000;6;2;4;34,5
20740006476000;6;2;4;13,0
20740006477000;2;1;1;0,0
20740006480000;6;4;2;61,3
20740006481000;10;5;5;27,4
20740006482000;14;8;6;49,8
20740006484000;28;12;16;28,5
20740006485000;3;2;1;0,0
20740006487000;8;4;4;38,6
20740006506000;3;1;2;0,0
20740006509000;3;2;1;0,0
20740006511000;25;11;14;35,6
20740006518000;23;11;12;37,7
20740006519000;1;1;0;0,0
20740006561000;4;3;1;0,0
20740006569000;1;0;1;0,0
20740006570000;17;11;6;43,8
20740006571000;48;25;23;37,0
20740006585000;9;3;6;40,8
20740006586000;55;29;26;42,4
20740006587000;229;114;115;40,5
20740006588000;27;9;18;40,7
20740006589000;7;6;1;41,3
20740006590000;25;14;11;55,6
20740006635000;7;2;5;65,7
20740006649000;1;0;1;0,0
20740006650000;10;4;6;39,4
20740006723000;10;6;4;45,1
20740006724000;2;1;1;0,0
20740006774000;27;12;15;51,5
20740006775000;2;1;1;0,0
20740006811000;2;1;1;0,0
20740006812000;5;2;3;71,4
20740006813000;9;5;4;28,7
20740006814000;121;58;63;43,0
20740006815000;7;3;4;43,1
20740006816000;4;2;2;0,0
20740006843000;17;6;11;30,8
20740006844000;16;12;4;34,5
20740006845000;2;1;1;0,0
20740006849000;2;1;1;0,0
20740006884000;22;17;5;32,1
20740006885000;24;12;12;35,5
20740006893000;36;20;16;35,9
20740006894000;2;0;2;0,0
20740006949000;45;23;22;41,7
20740006955000;6;3;3;40,8
20740006956000;20;8;12;36,6
20740006957000;521;257;264;36,1
20740006959000;34;17;17;44,0
20740006960000;8;2;6;35,4
20740006961000;45;24;21;32,1
20740006976000;245;114;131;46,9
20740006977000;295;140;155;40,0
20740006978000;38;20;18;26,7
20740006981000;13;8;5;51,0
20740006989000;1;1;0;0,0
20750006459000;27;10;17;36,6
20750006460000;238;122;116;39,6
20750006461000;828;420;408;35,8
20750006462000;111;48;63;52,6
20750006474000;8;4;4;57,0
20750006475000;5;2;3;48,6
20750006476000;1;0;1;0,0
20750006477000;18;9;9;50,4
20750006478000;17;6;11;34,1
20750006479000;28;13;15;53,2
20750006480000;5;2;3;56,8
20750006482000;4;2;2;0,0
20750006485000;4;2;2;0,0
20750006486000;23;10;13;34,4
20750006487000;17;11;6;27,1
20750006494000;121;60;61;46,7
20750006495000;6;4;2;34,7
20750006506000;12;6;6;35,9
20750006507000;3;1;2;0,0
20750006508000;5;4;1;23,0
20750006512000;2;1;1;0,0
20750006561000;20;11;9;46,4
20750006588000;31;17;14;36,9
20750006589000;62;34;28;36,3
20750006590000;46;23;23;35,1
20750006635000;8;5;3;43,1
20750006645000;1;1;0;0,0
20750006646000;3;1;2;0,0
20750006649000;2;1;1;0,0
20750006650000;8;4;4;34,0
20750006721000;5;3;2;25,0
20750006722000;11;6;5;41,8
20750006723000;9;5;4;52,4
20750006724000;7;4;3;35,0
20750006774000;6;4;2;44,0
20750006776000;35;20;15;48,1
20750006777000;7;4;3;54,1
20750006798000;3;2;1;0,0
20750006799000;3;2;1;0,0
20750006813000;157;70;87;31,9
20750006814000;872;442;430;33,0
20750006842000;4;2;2;0,0
20750006843000;12;7;5;41,4
20750006884000;18;10;8;34,2
20750006892000;6;2;4;37,7
20750006893000;15;6;9;41,9
20750006894000;1;1;0;0,0
20750006910000;185;95;90;41,7
20750006911000;13;5;8;36,8
20750006928000;2;1;1;0,0
20750006949000;12;5;7;41,1
20750006954000;45;24;21;32,6
20750006956000;16;6;10;35,9
20750006957000;3;1;2;0,0
20750006959000;26;15;11;42,6
20750006960000;4;3;1;0,0
20750006961000;2;1;1;0,0
20750006964000;26;13;13;37,0
20750006978000;40;23;17;39,5
20750006979000;80;40;40;37,0
20750006980000;54;29;25;25,4
20750006988000;2;1;1;0,0
20750006989000;4;1;3;0,0
20760006457000;2;1;1;0,0
20760006459000;139;73;66;36,8
20760006460000;1410;697;713;40,1
20760006461000;423;208;215;41,8
20760006462000;265;119;146;55,8
20760006469000;3;2;1;0,0
20760006473000;36;16;20;40,2
20760006474000;28;14;14;35,4
20760006479000;16;8;8;36,3
20760006480000;2;1;1;0,0
20760006483000;15;7;8;33,5
20760006485000;47;29;18;32,6
20760006492000;17;7;10;34,1
20760006493000;58;32;26;35,8
20760006494000;211;94;117;37,3
20760006495000;23;12;11;44,1
20760006499000;2;1;1;0,0
20760006500000;7;4;3;33,0
20760006506000;3;1;2;0,0
20760006509000;6;2;4;34,8
20760006510000;1;0;1;0,0
20760006516000;6;4;2;31,3
20760006517000;15;5;10;36,5
20760006588000;2;1;1;0,0
20760006589000;6;3;3;59,8
20760006602000;5;3;2;19,6
20760006722000;2;1;1;0,0
20760006777000;130;60;70;45,1
20760006813000;851;432;419;35,2
20760006814000;1409;672;737;41,9
20760006815000;29;18;11;34,2
20760006817000;4;2;2;0,0
20760006841000;14;8;6;49,6
20760006842000;36;24;12;51,8
20760006892000;26;12;14;31,2
20760006894000;3;2;1;0,0
20760006909000;2;1;1;0,0
20760006910000;56;28;28;65,1
20760006946000;22;12;10;41,8
20760006947000;50;32;18;38,7
20760006948000;44;23;21;42,3
20760006949000;17;9;8;33,9
20760006954000;55;25;30;44,1
20760006959000;3;2;1;0,0
20760006961000;7;6;1;48,3
20760006964000;5;4;1;49,6
20760006973000;21;15;6;36,2
20760006976000;6;3;3;62,5
20760006979000;108;55;53;35,5
20760006980000;20;9;11;48,2
20760006983000;14;8;6;41,6
20770006457000;9;5;4;64,7
20770006459000;535;273;262;35,9
20770006460000;905;426;479;37,3
20770006461000;344;168;176;39,3
20770006462000;439;209;230;41,3
20770006463000;35;14;21;40,6
20770006468000;16;7;9;44,7
20770006470000;17;10;7;27,9
20770006471000;110;55;55;39,0
20770006472000;86;46;40;36,6
20770006473000;25;12;13;36,4
20770006475000;20;11;9;42,6
20770006479000;5;4;1;26,6
20770006480000;2;1;1;0,0
20770006481000;5;2;3;14,4
20770006483000;11;3;8;51,9
20770006484000;21;8;13;33,1
20770006485000;2;1;1;0,0
20770006486000;16;9;7;35,7
20770006487000;1;1;0;0,0
20770006488000;7;3;4;45,4
20770006489000;5;1;4;23,2
20770006496000;45;22;23;34,5
20770006497000;62;33;29;41,6
20770006507000;5;3;2;62,2
20770006509000;10;5;5;27,9
20770006515000;3;2;1;0,0
20770006516000;4;2;2;0,0
20770006602000;1;1;0;0,0
20770006637000;1;1;0;0,0
20770006645000;4;2;2;0,0
20770006776000;10;6;4;43,8
20770006777000;284;135;149;39,0
20770006778000;230;115;115;41,0
20770006779000;180;90;90;42,0
20770006780000;2;1;1;0,0
20770006782000;20;11;9;39,4
20770006811000;150;71;79;41,1
20770006812000;176;96;80;34,0
20770006813000;42;18;24;42,5
20770006814000;404;189;215;39,2
20770006815000;32;15;17;45,1
20770006816000;29;15;14;45,7
20770006840000;4;2;2;0,0
20770006892000;4;3;1;0,0
20770006893000;9;5;4;38,4
20770006894000;18;11;7;36,4
20770006908000;1;1;0;0,0
20770006909000;9;4;5;39,7
20770006930000;8;3;5;44,0
20770006933000;1;1;0;0,0
20770006952000;5;3;2;53,0
20770006954000;151;73;78;35,4
20770006973000;23;11;12;43,7
20770006976000;14;8;6;47,1
20770006980000;41;21;20;48,7
20770006981000;84;46;38;42,5
20770006982000;50;25;25;45,4
20770006983000;39;21;18;45,7
20780006457000;10;6;4;47,0
20780006458000;1;1;0;0,0
20780006459000;98;49;49;34,7
20780006460000;842;425;417;36,4
20780006461000;56;31;25;31,9
20780006462000;2;1;1;0,0
20780006463000;28;14;14;41,4
20780006464000;23;13;10;48,1
20780006465000;1;1;0;0,0
20780006467000;363;185;178;40,2
20780006468000;797;349;448;47,7
20780006469000;171;87;84;37,1
20780006470000;658;333;325;36,5
20780006471000;4;2;2;0,0
20780006473000;6;4;2;60,0
20780006475000;1;1;0;0,0
20780006477000;7;5;2;47,0
20780006479000;1;1;0;0,0
20780006480000;11;5;6;58,5
20780006481000;14;8;6;42,3
20780006483000;13;6;7;33,5
20780006484000;35;17;18;38,1
20780006485000;14;8;6;39,7
20780006486000;13;8;5;38,5
20780006487000;1;0;1;0,0
20780006489000;3;1;2;0,0
20780006491000;3;1;2;0,0
20780006492000;1;0;1;0,0
20780006497000;25;13;12;39,7
20780006508000;3;1;2;0,0
20780006512000;38;16;22;41,3
20780006514000;2;1;1;0,0
20780006515000;32;13;19;44,3
20780006558000;4;2;2;0,0
20780006559000;6;4;2;46,3
20780006561000;4;1;3;0,0
20780006721000;3;1;2;0,0
20780006749000;1;1;0;0,0
20780006775000;13;5;8;40,2
20780006776000;34;17;17;47,3
20780006779000;8;5;3;60,5
20780006801000;2;1;1;0,0
20780006811000;252;116;136;30,7
20780006812000;27;14;13;30,5
20780006814000;9;4;5;65,0
20780006815000;72;35;37;38,9
20780006816000;71;40;31;36,0
20780006880000;11;5;6;47,6
20780006893000;7;4;3;41,0
20780006894000;12;6;6;44,4
20780006902000;3;2;1;0,0
20780006908000;4;2;2;0,0
20780006913000;3;2;1;0,0
20780006930000;55;28;27;30,8
20780006931000;27;13;14;47,3
20780006933000;2;1;1;0,0
20780006952000;11;6;5;49,0
20780006953000;43;27;16;42,3
20780006954000;471;252;219;40,5
20780006955000;78;42;36;39,7
20780006956000;19;9;10;46,5
20780006973000;47;28;19;44,1
20780006974000;5;4;1;35,6
20780006979000;2;1;1;0,0
20780006980000;128;68;60;41,7
20780006981000;14;6;8;36,8
20780006982000;29;20;9;30,8
20790006458000;47;21;26;44,6
20790006459000;919;467;452;35,4
20790006460000;35;21;14;38,1
20790006461000;15;7;8;31,7
20790006464000;509;272;237;38,3
20790006465000;107;60;47;38,6
20790006466000;286;150;136;35,7
20790006467000;120;59;61;38,2
20790006468000;27;17;10;47,0
20790006469000;508;269;239;33,0
20790006470000;125;68;57;32,3
20790006471000;4;1;3;0,0
20790006473000;14;9;5;21,0
20790006474000;10;5;5;32,5
20790006475000;7;5;2;62,7
20790006478000;6;4;2;43,8
20790006479000;22;13;9;36,9
20790006480000;235;120;115;34,3
20790006481000;89;45;44;30,2
20790006483000;9;5;4;37,2
20790006484000;9;6;3;47,3
20790006485000;21;14;7;46,9
20790006487000;3;0;3;0,0
20790006488000;10;7;3;33,9
20790006489000;7;4;3;38,9
20790006490000;5;3;2;51,0
20790006491000;4;2;2;0,0
20790006495000;5;2;3;24,6
20790006499000;10;6;4;29,3
20790006500000;5;3;2;29,4
20790006502000;1;0;1;0,0
20790006503000;4;3;1;0,0
20790006504000;16;10;6;32,6
20790006505000;14;7;7;44,9
20790006506000;69;33;36;25,9
20790006507000;55;28;27;46,0
20790006508000;18;10;8;41,7
20790006509000;4;2;2;0,0
20790006511000;8;4;4;45,9
20790006512000;28;18;10;36,8
20790006513000;235;127;108;29,1
20790006514000;120;60;60;42,4
20790006515000;18;13;5;29,1
20790006548000;14;9;5;28,1
20790006549000;10;7;3;42,5
20790006555000;2;1;1;0,0
20790006556000;1;1;0;0,0
20790006557000;15;9;6;48,5
20790006558000;25;15;10;56,5
20790006559000;3;2;1;0,0
20790006560000;7;4;3;41,4
20790006561000;7;4;3;35,4
20790006774000;25;10;15;46,4
20790006775000;37;19;18;52,7
20790006777000;1;1;0;0,0
20790006778000;7;4;3;29,7
20790006811000;11;4;7;38,5
20790006815000;1;1;0;0,0
20790006816000;2;2;0;0,0
20790006817000;31;17;14;50,3
20790006822000;2;1;1;0,0
20790006837000;2;1;1;0,0
20790006877000;15;8;7;32,2
20790006893000;2;0;2;0,0
20790006904000;11;7;4;42,5
20790006905000;12;6;6;40,9
20790006906000;39;19;20;37,3
20790006907000;8;4;4;48,8
20790006908000;12;5;7;35,3
20790006913000;6;4;2;46,8
20790006925000;10;6;4;41,3
20790006926000;2;1;1;0,0
20790006927000;2;1;1;0,0
20790006928000;47;26;21;39,7
20790006929000;46;25;21;38,8
20790006930000;61;28;33;44,6
20790006931000;7;3;4;52,3
20790006932000;29;13;16;45,1
20790006940000;2;1;1;0,0
20790006952000;72;38;34;48,2
20790006953000;38;18;20;27,3
20790006954000;405;190;215;44,9
20790006955000;180;90;90;38,2
20790006956000;15;9;6;49,7
20790006957000;3;2;1;0,0
20790006973000;43;23;20;49,8
20790006977000;75;38;37;34,6
20790006979000;2;0;2;0,0
20790006981000;12;5;7;32,3
20800006458000;2;2;0;0,0
20800006459000;76;41;35;46,6
20800006465000;182;83;99;25,4
20800006466000;34;18;16;31,8
20800006467000;61;30;31;33,0
20800006468000;2;1;1;0,0
20800006469000;199;102;97;33,9
20800006470000;631;331;300;27,4
20800006471000;15;11;4;39,3
20800006476000;1;1;0;0,0
20800006479000;28;20;8;51,0
20800006480000;144;75;69;25,0
20800006481000;63;27;36;24,3
20800006482000;24;12;12;45,8
20800006483000;64;33;31;34,3
20800006484000;93;48;45;39,1
20800006485000;8;2;6;50,3
20800006488000;4;2;2;0,0
20800006503000;2;1;1;0,0
20800006504000;10;5;5;43,7
20800006509000;9;7;2;34,7
20800006510000;5;3;2;59,2
20800006513000;72;47;25;37,4
20800006514000;115;60;55;49,0
20800006515000;38;19;19;38,3
20800006516000;15;9;6;49,0
20800006547000;1;1;0;0,0
20800006553000;10;6;4;52,4
20800006773000;30;15;15;45,9
20800006774000;14;8;6;38,4
20800006810000;59;32;27;44,4
20800006811000;2;1;1;0,0
20800006817000;28;11;17;46,0
20800006818000;21;9;12;41,9
20800006819000;6;3;3;45,0
20800006820000;1;1;0;0,0
20800006822000;34;18;16;49,3
20800006823000;1;1;0;0,0
20800006891000;3;2;1;0,0
20800006892000;1;1;0;0,0
20800006904000;23;12;11;43,4
20800006920000;4;3;1;0,0
20800006921000;1;1;0;0,0
20800006923000;6;2;4;40,5
20800006924000;3;1;2;0,0
20800006925000;28;18;10;47,6
20800006926000;5;2;3;39,6
20800006927000;21;10;11;43,0
20800006928000;23;8;15;44,3
20800006932000;27;14;13;59,6
20800006933000;59;30;29;39,2
20800006934000;223;113;110;38,5
20800006940000;8;4;4;35,0
20800006952000;113;61;52;38,7
20800006953000;25;12;13;47,0
20800006954000;160;83;77;39,7
20800006955000;8;3;5;33,1
20800006973000;12;8;4;43,1
20800006977000;25;14;11;44,5
20800006982000;4;2;2;0,0
20810006458000;1;1;0;0,0
20810006459000;3;2;1;0,0
20810006466000;72;36;36;36,8
20810006467000;17;10;7;29,5
20810006468000;3;2;1;0,0
20810006470000;13;7;6;25,4
20810006471000;17;7;10;47,2
20810006473000;3;2;1;0,0
20810006476000;9;3;6;27,9
20810006478000;10;5;5;61,1
20810006479000;27;15;12;46,9
20810006483000;248;131;117;34,7
20810006484000;181;86;95;33,9
20810006487000;1;1;0;0,0
20810006493000;1;1;0;0,0
20810006497000;10;4;6;45,6
20810006501000;4;2;2;0,0
20810006512000;11;7;4;35,3
20810006515000;28;14;14;44,8
20810006516000;229;110;119;41,3
20810006517000;23;12;11;34,5
20810006522000;10;7;3;47,6
20810006525000;10;6;4;33,7
20810006527000;9;3;6;52,7
20810006550000;13;6;7;54,1
20810006645000;43;25;18;37,9
20810006646000;2;1;1;0,0
20810006810000;58;28;30;36,4
20810006822000;106;53;53;45,7
20810006823000;43;22;21;47,0
20810006890000;7;4;3;39,0
20810006891000;26;16;10;36,4
20810006933000;4;2;2;0,0
20810006934000;693;353;340;38,4
20810006935000;321;174;147;39,5
20810006951000;38;21;17;40,4
20810006952000;31;17;14;44,3
20810006953000;16;8;8;25,7
20810006954000;69;29;40;37,2
20810006968000;38;19;19;40,5
20810006969000;12;8;4;38,1
20810006972000;17;9;8;42,5
20810006977000;10;4;6;42,4
20810006982000;7;3;4;36,6
20810006995000;20;9;11;49,5
20820006459000;43;18;25;37,0
20820006460000;11;5;6;35,0
20820006466000;25;11;14;33,9
20820006473000;24;11;13;43,4
20820006474000;3;1;2;0,0
20820006477000;8;4;4;47,4
20820006478000;16;7;9;35,1
20820006479000;1;1;0;0,0
20820006482000;44;26;18;40,0
20820006483000;47;27;20;31,6
20820006484000;7;3;4;28,9
20820006486000;1;1;0;0,0
20820006487000;8;3;5;46,4
20820006495000;4;1;3;0,0
20820006496000;6;2;4;49,0
20820006515000;14;5;9;40,4
20820006516000;994;481;513;43,0
20820006517000;91;44;47;37,2
20820006518000;10;6;4;38,3
20820006519000;2;1;1;0,0
20820006521000;10;5;5;42,4
20820006523000;2;1;1;0,0
20820006524000;12;5;7;32,9
20820006525000;50;24;26;41,7
20820006533000;2;2;0;0,0
20820006534000;2;1;1;0,0
20820006547000;2;0;2;0,0
20820006553000;30;17;13;42,8
20820006554000;6;3;3;42,3
20820006643000;2;2;0;0,0
20820006645000;78;35;43;47,5
20820006646000;12;6;6;50,0
20820006807000;31;12;19;39,3
20820006808000;452;213;239;41,4
20820006809000;409;220;189;32,6
20820006810000;68;36;32;39,3
20820006820000;59;35;24;23,7
20820006821000;192;98;94;24,3
20820006822000;88;46;42;43,2
20820006823000;91;45;46;37,8
20820006889000;16;10;6;30,4
20820006890000;7;4;3;28,0
20820006893000;7;2;5;37,6
20820006894000;63;31;32;33,9
20820006903000;10;5;5;42,6
20820006904000;21;6;15;47,1
20820006933000;129;65;64;36,7
20820006934000;615;294;321;44,9
20820006935000;160;77;83;42,0
20820006950000;29;16;13;41,7
20820006951000;29;19;10;37,2
20820006968000;25;14;11;34,9
20820006969000;214;112;102;39,6
20820006970000;23;10;13;49,8
20820006977000;29;14;15;35,6
20820006990000;10;5;5;36,3
20820006991000;7;3;4;28,3
20820006994000;13;6;7;46,2
20830006460000;6;3;3;69,3
20830006461000;8;5;3;38,9
20830006464000;23;11;12;44,9
20830006466000;475;250;225;34,1
20830006467000;715;368;347;32,9
20830006471000;2;0;2;0,0
20830006473000;23;11;12;29,4
20830006474000;84;44;40;34,5
20830006475000;174;94;80;34,0
20830006485000;18;10;8;33,3
20830006486000;2;1;1;0,0
20830006487000;14;9;5;32,6
20830006488000;33;19;14;38,5
20830006492000;3;2;1;0,0
20830006496000;6;2;4;18,5
20830006501000;5;3;2;53,8
20830006504000;3;1;2;0,0
20830006505000;9;3;6;20,3
20830006507000;5;3;2;30,2
20830006508000;3;2;1;0,0
20830006509000;4;3;1;0,0
20830006512000;9;5;4;29,1
20830006513000;15;8;7;20,7
20830006514000;8;3;5;55,4
20830006515000;1;0;1;0,0
20830006516000;307;139;168;35,3
20830006517000;250;120;130;39,3
20830006518000;12;8;4;33,2
20830006521000;25;15;10;35,7
20830006523000;4;2;2;0,0
20830006524000;8;3;5;41,9
20830006525000;359;184;175;41,9
20830006526000;4;2;2;0,0
20830006527000;6;3;3;35,0
20830006543000;1;1;0;0,0
20830006544000;3;1;2;0,0
20830006553000;2;1;1;0,0
20830006554000;7;5;2;59,1
20830006555000;1;1;0;0,0
20830006565000;5;2;3;23,4
20830006644000;3;2;1;0,0
20830006645000;73;38;35;42,1
20830006646000;84;42;42;41,3
20830006773000;22;10;12;38,9
20830006807000;17;12;5;55,9
20830006808000;158;76;82;34,9
20830006809000;31;17;14;43,9
20830006810000;76;45;31;37,2
20830006821000;223;116;107;34,0
20830006822000;142;61;81;47,0
20830006823000;175;91;84;40,0
20830006824000;22;10;12;42,4
20830006889000;52;23;29;43,5
20830006902000;7;4;3;48,3
20830006931000;4;2;2;0,0
20830006932000;134;69;65;45,6
20830006933000;243;127;116;41,7
20830006934000;390;201;189;42,6
20830006935000;95;47;48;40,8
20830006950000;10;6;4;63,8
20830006951000;79;44;35;43,9
20830006968000;28;14;14;48,3
20830006969000;19;9;10;47,7
20830006977000;25;14;11;47,2
20830006982000;26;13;13;48,9
20830006990000;64;33;31;38,2
20830006991000;196;99;97;41,1
20830006993000;41;21;20;44,4
20840006461000;218;105;113;40,9
20840006462000;1023;520;503;36,3
20840006463000;1554;808;746;33,2
20840006464000;2207;1060;1147;39,5
20840006465000;1836;946;890;35,3
20840006466000;1231;625;606;35,5
20840006467000;1016;510;506;29,2
20840006470000;1;0;1;0,0
20840006471000;539;251;288;41,6
20840006472000;124;65;59;31,1
20840006473000;294;159;135;36,0
20840006474000;518;266;252;37,9
20840006475000;619;321;298;34,9
20840006488000;48;24;24;29,5
20840006489000;8;4;4;46,5
20840006492000;4;3;1;0,0
20840006493000;7;3;4;35,4
20840006501000;2;0;2;0,0
20840006508000;4;2;2;0,0
20840006513000;6;4;2;39,3
20840006514000;5;4;1;69,0
20840006515000;8;5;3;51,6
20840006517000;60;35;25;36,8
20840006524000;10;4;6;45,6
20840006525000;4;2;2;0,0
20840006528000;9;4;5;36,2
20840006529000;43;25;18;44,0
20840006530000;1;1;0;0,0
20840006531000;3;1;2;0,0
20840006535000;1;1;0;0,0
20840006538000;5;2;3;23,6
20840006542000;109;52;57;43,7
20840006543000;68;31;37;42,0
20840006544000;30;18;12;45,9
20840006555000;9;3;6;38,3
20840006645000;114;60;54;38,1
20840006650000;1;0;1;0,0
20840006773000;63;38;25;46,1
20840006806000;10;6;4;42,5
20840006807000;79;43;36;43,2
20840006820000;21;10;11;37,5
20840006821000;104;47;57;36,9
20840006822000;108;58;50;39,1
20840006823000;87;42;45;37,6
20840006824000;1;1;0;0,0
20840006825000;2;1;1;0,0
20840006887000;2;1;1;0,0
20840006888000;21;10;11;56,5
20840006931000;56;32;24;50,6
20840006932000;5;3;2;32,8
20840006946000;27;14;13;32,4
20840006947000;33;16;17;41,4
20840006949000;1;1;0;0,0
20840006950000;3;1;2;0,0
20840006951000;46;23;23;41,8
20840006958000;4;2;2;0,0
20840006964000;17;9;8;45,1
20840006967000;26;13;13;40,3
20840006968000;13;7;6;42,5
20840006977000;3;2;1;0,0
20840006982000;19;10;9;41,5
20840006983000;6;3;3;59,5
20840006989000;14;8;6;49,4
20840006990000;55;28;27;42,9
20840006991000;76;35;41;42,4
20840006992000;60;34;26;29,3
20840006993000;3;1;2;0,0
20850006461000;1104;553;551;38,7
20850006462000;1830;913;917;35,8
20850006463000;1697;872;825;36,6
20850006464000;2672;1262;1410;44,4
20850006465000;2162;1076;1086;37,9
20850006466000;2040;1000;1040;40,9
20850006467000;1158;563;595;37,1
20850006468000;156;80;76;35,8
20850006469000;14;6;8;35,7
20850006470000;1;1;0;0,0
20850006471000;680;333;347;32,3
20850006472000;151;76;75;33,3
20850006473000;44;22;22;47,7
20850006474000;110;62;48;36,3
20850006475000;697;361;336;36,0
20850006476000;271;138;133;36,1
20850006477000;52;24;28;43,2
20850006488000;65;33;32;40,6
20850006489000;36;13;23;29,8
20850006490000;9;3;6;31,4
20850006493000;36;22;14;39,2
20850006494000;29;10;19;39,1
20850006495000;11;5;6;34,8
20850006499000;3;2;1;0,0
20850006501000;50;25;25;32,9
20850006502000;8;4;4;38,3
20850006503000;5;2;3;32,6
20850006504000;1;1;0;0,0
20850006505000;1;1;0;0,0
20850006513000;6;3;3;60,3
20850006514000;20;11;9;38,5
20850006515000;36;18;18;36,5
20850006517000;7;5;2;42,0
20850006518000;10;6;4;40,9
20850006528000;5;3;2;39,8
20850006529000;37;17;20;44,9
20850006539000;31;14;17;40,3
20850006540000;7;4;3;32,4
20850006543000;39;17;22;39,5
20850006555000;5;3;2;57,8
20850006645000;28;13;15;28,4
20850006775000;3;1;2;0,0
20850006806000;1;1;0;0,0
20850006807000;15;5;10;51,9
20850006820000;44;17;27;47,0
20850006821000;54;25;29;37,6
20850006822000;7;4;3;18,1
20850006825000;13;6;7;62,6
20850006826000;5;3;2;35,8
20850006840000;18;11;7;47,1
20850006859000;7;2;5;43,9
20850006886000;5;4;1;66,4
20850006887000;26;14;12;47,2
20850006888000;1;1;0;0,0
20850006890000;11;6;5;34,1
20850006929000;7;5;2;43,0
20850006942000;33;18;15;42,4
20850006946000;9;6;3;42,2
20850006947000;25;12;13;41,7
20850006950000;4;2;2;0,0
20850006964000;79;42;37;39,6
20850006965000;97;76;21;41,5
20850006967000;7;3;4;34,0
20850006977000;3;2;1;0,0
20850006978000;8;5;3;38,1
20850006979000;2;1;1;0,0
20850006982000;3;1;2;0,0
20850006987000;2;1;1;0,0
20850006988000;26;11;15;38,7
20850006989000;5;3;2;22,6
20850006990000;20;10;10;51,0
20850006991000;11;8;3;32,5
20850006992000;2;2;0;0,0
20850006993000;10;7;3;35,1
20850006994000;37;21;16;40,0
20860006457000;7;5;2;39,0
20860006458000;567;292;275;31,9
20860006459000;7;5;2;24,0
20860006460000;22;10;12;41,2
20860006461000;566;277;289;43,6
20860006462000;1499;722;777;40,0
20860006463000;230;118;112;37,2
20860006464000;415;223;192;38,7
20860006465000;563;290;273;35,6
20860006466000;1857;872;985;39,8
20860006467000;1341;693;648;36,6
20860006470000;2;2;0;0,0
20860006471000;17;9;8;42,1
20860006476000;30;16;14;32,6
20860006477000;522;266;256;36,5
20860006478000;231;123;108;36,7
20860006479000;250;131;119;25,6
20860006480000;44;19;25;39,6
20860006492000;7;4;3;55,9
20860006493000;1;1;0;0,0
20860006494000;43;25;18;38,4
20860006495000;138;67;71;30,8
20860006496000;2;1;1;0,0
20860006497000;11;6;5;44,0
20860006499000;9;6;3;34,9
20860006500000;4;2;2;0,0
20860006501000;63;31;32;32,1
20860006502000;100;51;49;43,4
20860006503000;4;3;1;0,0
20860006504000;5;4;1;27,0
20860006508000;7;4;3;45,4
20860006517000;23;12;11;29,4
20860006518000;94;52;42;39,8
20860006529000;15;9;6;39,7
20860006533000;11;4;7;39,8
20860006534000;23;11;12;55,3
20860006544000;8;4;4;42,5
20860006545000;45;20;25;48,8
20860006546000;14;6;8;62,6
20860006548000;7;3;4;43,6
20860006644000;9;4;5;26,9
20860006821000;4;3;1;0,0
20860006822000;6;3;3;33,5
20860006824000;1;0;1;0,0
20860006825000;27;16;11;48,8
20860006826000;80;41;39;38,6
20860006827000;87;42;45;36,6
20860006828000;8;3;5;61,5
20860006858000;10;6;4;43,9
20860006884000;10;5;5;38,7
20860006885000;16;9;7;40,3
20860006886000;3;2;1;0,0
20860006889000;50;23;27;35,2
20860006890000;6;2;4;36,5
20860006941000;5;1;4;29,6
20860006942000;515;256;259;38,7
20860006964000;141;81;60;46,0
20860006965000;129;64;65;42,4
20860006966000;288;155;133;39,0
20860006967000;319;170;149;39,2
20860006968000;92;51;41;36,4
20860006970000;49;26;23;35,4
20860006971000;94;44;50;32,0
20860006972000;43;22;21;41,6
20860006978000;29;15;14;50,6
20860006986000;2;1;1;0,0
20860006987000;31;14;17;49,6
20860006988000;11;7;4;40,5
20860006989000;31;17;14;45,2
20860006990000;6;4;2;66,8
20860006991000;18;10;8;38,9
20860006992000;17;11;6;45,5
20860006993000;28;13;15;35,3
20870006457000;63;23;40;31,4
20870006458000;1029;491;538;40,3
20870006459000;828;421;407;31,5
20870006462000;568;289;279;33,8
20870006466000;1715;884;831;40,1
20870006467000;1276;604;672;38,1
20870006468000;105;49;56;31,0
20870006469000;557;291;266;37,5
20870006477000;421;213;208;36,6
20870006478000;643;320;323;37,6
20870006479000;1262;640;622;35,3
20870006480000;1008;485;523;39,9
20870006481000;99;45;54;35,3
20870006482000;20;9;11;39,8
20870006490000;11;7;4;35,2
20870006498000;12;6;6;40,8
20870006500000;31;13;18;30,1
20870006501000;56;25;31;42,5
20870006502000;65;35;30;40,6
20870006503000;1;1;0;0,0
20870006504000;7;5;2;29,7
20870006505000;3;2;1;0,0
20870006506000;6;4;2;62,2
20870006507000;1;1;0;0,0
20870006508000;5;1;4;27,6
20870006509000;3;1;2;0,0
20870006514000;1;1;0;0,0
20870006515000;7;4;3;43,7
20870006517000;9;6;3;51,3
20870006518000;7;5;2;32,0
20870006534000;4;1;3;0,0
20870006535000;3;1;2;0,0
20870006545000;8;5;3;28,0
20870006546000;3;2;1;0,0
20870006644000;18;11;7;49,3
20870006649000;7;3;4;37,4
20870006800000;3;2;1;0,0
20870006822000;1;1;0;0,0
20870006823000;8;4;4;50,9
20870006825000;6;3;3;39,2
20870006826000;10;3;7;43,2
20870006827000;20;9;11;46,1
20870006828000;29;14;15;46,2
20870006829000;9;5;4;54,6
20870006833000;37;18;19;44,2
20870006835000;10;6;4;36,9
20870006839000;1;0;1;0,0
20870006858000;2;2;0;0,0
20870006889000;7;4;3;33,1
20870006942000;133;64;69;50,0
20870006943000;7;3;4;38,3
20870006949000;1;1;0;0,0
20870006960000;2;1;1;0,0
20870006967000;46;24;22;34,7
20870006968000;186;100;86;40,7
20870006969000;20;10;10;38,0
20870006970000;11;6;5;19,4
20870006971000;65;33;32;36,8
20870006972000;18;10;8;41,5
20870006978000;13;9;4;23,2
20870006983000;2;1;1;0,0
20870006986000;76;37;39;39,1
20870006987000;14;8;6;40,2
20870006988000;112;56;56;37,1
20870006989000;172;76;96;51,5
20870006990000;310;151;159;38,9
20870006991000;104;46;58;37,0
20870006992000;66;36;30;40,4
20870006993000;96;48;48;44,1
20870006994000;10;5;5;36,7
20880006458000;114;58;56;38,1
20880006459000;805;419;386;31,4
20880006465000;29;13;16;64,3
20880006466000;5370;2702;2668;47,2
20880006467000;2341;1148;1193;39,6
20880006468000;1114;575;539;32,7
20880006469000;119;66;53;32,3
20880006478000;974;519;455;30,5
20880006479000;643;323;320;39,0
20880006480000;1613;724;889;48,2
20880006481000;973;480;493;39,3
20880006482000;59;34;25;47,3
20880006483000;157;85;72;34,6
20880006485000;1;1;0;0,0
20880006486000;3;2;1;0,0
20880006488000;5;3;2;48,0
20880006489000;3;1;2;0,0
20880006492000;2;1;1;0,0
20880006494000;3;1;2;0,0
20880006504000;17;12;5;31,1
20880006505000;1;0;1;0,0
20880006506000;2;1;1;0,0
20880006508000;4;2;2;0,0
20880006509000;2;1;1;0,0
20880006515000;11;6;5;35,9
20880006517000;7;5;2;45,3
20880006820000;1;0;1;0,0
20880006823000;6;5;1;52,7
20880006824000;3;1;2;0,0
20880006826000;2;1;1;0,0
20880006827000;19;9;10;45,4
20880006828000;34;15;19;47,9
20880006829000;33;19;14;34,7
20880006831000;2;1;1;0,0
20880006832000;395;189;206;37,5
20880006833000;125;65;60;41,4
20880006841000;10;5;5;52,1
20880006858000;12;8;4;42,1
20880006889000;5;3;2;29,6
20880006890000;16;9;7;43,2
20880006934000;33;15;18;53,4
20880006942000;129;60;69;37,2
20880006968000;3;2;1;0,0
20880006969000;28;17;11;46,8
20880006970000;13;6;7;47,2
20880006972000;3;2;1;0,0
20880006979000;7;4;3;47,7
20880006980000;10;4;6;49,0
20880006981000;2;1;1;0,0
20880006986000;21;12;9;42,5
20880006987000;211;111;100;32,9
20880006988000;163;79;84;44,9
20880006989000;2;1;1;0,0
20880006990000;39;20;19;32,4
20880006991000;94;49;45;48,8
20880006992000;12;7;5;41,8
20880006993000;10;6;4;60,9
20880006994000;41;25;16;49,4
20890006465000;117;60;57;39,8
20890006466000;3553;1733;1820;42,2
20890006467000;3449;1657;1792;41,0
20890006468000;1079;534;545;43,0
20890006469000;496;250;246;33,7
20890006470000;19;8;11;43,3
20890006471000;4;2;2;0,0
20890006472000;10;7;3;42,0
20890006473000;8;7;1;42,1
20890006477000;1;1;0;0,0
20890006478000;174;86;88;35,5
20890006479000;3;2;1;0,0
20890006481000;802;423;379;29,3
20890006482000;320;170;150;35,6
20890006483000;50;26;24;40,2
20890006484000;14;7;7;29,9
20890006487000;20;9;11;39,3
20890006488000;39;21;18;42,4
20890006496000;6;3;3;30,5
20890006497000;16;7;9;47,8
20890006504000;8;7;1;47,8
20890006509000;12;8;4;22,6
20890006510000;5;4;1;24,0
20890006643000;5;3;2;52,0
20890006649000;3;2;1;0,0
20890006742000;2;2;0;0,0
20890006819000;12;6;6;49,0
20890006820000;28;11;17;36,7
20890006829000;54;30;24;43,0
20890006830000;2;1;1;0,0
20890006831000;403;203;200;35,1
20890006832000;277;127;150;47,0
20890006845000;30;16;14;49,6
20890006857000;21;10;11;34,7
20890006858000;1;0;1;0,0
20890006889000;20;10;10;47,0
20890006890000;17;9;8;39,5
20890006933000;46;22;24;42,7
20890006934000;72;39;33;43,0
20890006935000;6;3;3;51,8
20890006936000;7;2;5;34,6
20890006941000;18;12;6;35,1
20890006942000;13;7;6;40,2
20890006962000;2;1;1;0,0
20890006968000;18;9;9;43,6
20890006969000;26;13;13;37,3
20890006972000;21;10;11;41,0
20890006990000;44;27;17;35,2
20890006991000;20;10;10;28,6
20890006992000;21;12;9;37,3
20890006993000;9;5;4;28,2
20890006994000;22;9;13;39,3
20890007000000;88;40;48;56,9
20890007001000;275;136;139;39,4
20900006466000;247;126;121;32,2
20900006467000;228;119;109;31,0
20900006468000;1635;764;871;41,8
20900006469000;1570;774;796;33,1
20900006470000;991;516;475;29,7
20900006471000;431;207;224;32,4
20900006472000;610;315;295;35,2
20900006473000;26;14;12;36,4
20900006474000;46;23;23;36,9
20900006475000;105;57;48;36,3
20900006476000;6;3;3;20,2
20900006479000;7;4;3;63,4
20900006482000;33;19;14;35,4
20900006483000;13;6;7;26,5
20900006484000;16;9;7;29,3
20900006485000;124;61;63;34,1
20900006486000;55;29;26;32,2
20900006491000;11;4;7;31,7
20900006504000;7;4;3;42,0
20900006508000;11;5;6;39,8
20900006514000;5;3;2;52,6
20900006642000;6;5;1;21,5
20900006643000;2;2;0;0,0
20900006649000;5;4;1;64,8
20900006741000;3;1;2;0,0
20900006795000;4;3;1;0,0
20900006796000;3;2;1;0,0
20900006803000;1;0;1;0,0
20900006828000;12;7;5;47,9
20900006829000;1;1;0;0,0
20900006831000;2;1;1;0,0
20900006843000;1;1;0;0,0
20900006844000;5;3;2;31,4
20900006845000;1;1;0;0,0
20900006846000;6;3;3;35,5
20900006847000;10;7;3;32,9
20900006851000;5;2;3;76,0
20900006853000;5;3;2;54,0
20900006857000;86;35;51;39,4
20900006889000;5;4;1;21,6
20900006890000;20;7;13;50,4
20900006933000;46;22;24;40,6
20900006940000;10;4;6;52,2
20900006941000;9;3;6;42,0
20900006967000;11;6;5;32,7
20900006968000;45;22;23;37,1
20900006969000;28;15;13;29,2
20900006972000;4;2;2;0,0
20900006991000;53;24;29;34,7
20900006992000;39;22;17;50,5
20900006993000;11;3;8;55,4
20900007000000;238;113;125;41,7
20900007001000;194;96;98;38,8
20910006463000;33;19;14;45,0
20910006465000;569;289;280;40,4
20910006466000;1035;522;513;39,5
20910006467000;204;103;101;45,9
20910006468000;167;84;83;37,5
20910006469000;361;194;167;34,8
20910006470000;407;212;195;27,0
20910006471000;120;64;56;25,6
20910006472000;951;479;472;32,0
20910006473000;7;3;4;22,7
20910006475000;3;2;1;0,0
20910006476000;55;25;30;41,6
20910006479000;7;3;4;28,7
20910006481000;18;9;9;50,5
20910006482000;66;32;34;29,5
20910006483000;4;2;2;0,0
20910006484000;4;2;2;0,0
20910006485000;2;1;1;0,0
20910006486000;4;2;2;0,0
20910006492000;3;1;2;0,0
20910006494000;2;1;1;0,0
20910006498000;13;7;6;41,5
20910006499000;8;4;4;43,1
20910006500000;8;6;2;27,4
20910006509000;6;4;2;55,0
20910006511000;4;1;3;0,0
20910006517000;10;4;6;42,2
20910006518000;4;2;2;0,0
20910006522000;3;2;1;0,0
20910006612000;2;1;1;0,0
20910006627000;2;1;1;0,0
20910006642000;10;3;7;45,0
20910006649000;14;8;6;44,6
20910006796000;11;7;4;27,5
20910006797000;19;9;10;40,7
20910006798000;2;1;1;0,0
20910006803000;1;1;0;0,0
20910006817000;1;1;0;0,0
20910006825000;10;6;4;54,1
20910006827000;2;1;1;0,0
20910006844000;7;4;3;43,1
20910006848000;40;21;19;52,1
20910006849000;30;16;14;47,3
20910006850000;11;4;7;47,9
20910006851000;3;2;1;0,0
20910006852000;14;7;7;42,7
20910006853000;17;9;8;35,9
20910006854000;19;12;7;35,9
20910006855000;19;10;9;47,6
20910006856000;15;8;7;29,3
20910006859000;3;1;2;0,0
20910006860000;10;5;5;36,1
20910006921000;9;5;4;58,6
20910006922000;10;7;3;34,8
20910006924000;3;0;3;0,0
20910006932000;2;1;1;0,0
20910006933000;4;2;2;0,0
20910006937000;14;7;7;32,6
20910006939000;8;3;5;45,1
20910006940000;25;13;12;41,2
20910006968000;30;11;19;35,9
20910006969000;8;3;5;43,3
20910006970000;6;4;2;40,0
20910006981000;23;11;12;53,3
20910006982000;6;2;4;37,7
20910006983000;118;61;57;39,3
20910006985000;199;102;97;30,4
20910006986000;317;167;150;31,3
20910006987000;12;6;6;48,2
20910006988000;11;4;7;35,0
20910006999000;31;17;14;49,3
20910007000000;46;22;24;44,2
20910007002000;35;19;16;43,4
20910007003000;7;4;3;29,4
20920006462000;9;5;4;34,3
20920006463000;246;126;120;23,6
20920006464000;1296;650;646;30,4
20920006465000;1322;663;659;36,6
20920006466000;1777;887;890;34,5
20920006467000;1417;680;737;35,8
20920006472000;1;0;1;0,0
20920006476000;4;3;1;0,0
20920006477000;33;20;13;37,9
20920006478000;5;3;2;28,2
20920006479000;10;5;5;35,2
20920006480000;4;2;2;0,0
20920006483000;45;30;15;31,6
20920006485000;53;32;21;35,0
20920006488000;24;16;8;26,3
20920006489000;17;8;9;40,8
20920006498000;34;16;18;37,6
20920006503000;4;2;2;0,0
20920006506000;3;2;1;0,0
20920006509000;5;2;3;35,4
20920006514000;12;7;5;31,0
20920006523000;1;0;1;0,0
20920006612000;9;6;3;21,1
20920006613000;4;3;1;0,0
20920006641000;24;13;11;56,5
20920006648000;19;10;9;54,5
20920006649000;2;1;1;0,0
20920006766000;1;1;0;0,0
20920006797000;18;9;9;34,1
20920006803000;3;2;1;0,0
20920006816000;2;1;1;0,0
20920006829000;98;49;49;31,2
20920006830000;2;1;1;0,0
20920006854000;2;1;1;0,0
20920006855000;15;8;7;62,7
20920006860000;1;1;0;0,0
20920006890000;4;1;3;0,0
20920006891000;9;6;3;58,7
20920006910000;3;2;1;0,0
20920006911000;4;3;1;0,0
20920006912000;8;4;4;58,3
20920006913000;1;0;1;0,0
20920006918000;7;5;2;43,0
20920006919000;22;11;11;26,7
20920006920000;28;17;11;50,8
20920006921000;4;3;1;0,0
20920006922000;10;4;6;34,9
20920006923000;13;7;6;45,8
20920006924000;11;6;5;26,1
20920006925000;25;12;13;42,4
20920006927000;2;1;1;0,0
20920006932000;8;5;3;43,8
20920006940000;7;4;3;61,6
20920006967000;10;5;5;40,6
20920006968000;2;1;1;0,0
20920006969000;34;18;16;38,1
20920006970000;4;2;2;0,0
20920006980000;21;10;11;40,2
20920006981000;23;16;7;44,2
20920006983000;41;23;18;33,0
20920006984000;38;19;19;54,9
20920006985000;119;55;64;34,8
20920006986000;162;78;84;29,0
20920006987000;182;93;89;27,8
20920006988000;51;27;24;31,7
20920006989000;4;1;3;0,0
20920006997000;26;14;12;30,8
20920006998000;35;21;14;45,8
20920006999000;91;50;41;41,7
20920007000000;49;24;25;44,3
20920007001000;6;3;3;38,2
20920007002000;120;68;52;39,3
20920007003000;34;19;15;41,7
20930006462000;13;5;8;35,4
20930006463000;1692;854;838;35,1
20930006464000;951;464;487;28,3
20930006465000;259;134;125;27,7
20930006466000;296;147;149;34,7
20930006467000;456;230;226;36,4
20930006468000;662;316;346;46,9
20930006469000;794;380;414;37,9
20930006470000;175;97;78;39,1
20930006471000;202;97;105;61,3
20930006472000;4;4;0;0,0
20930006478000;16;11;5;49,7
20930006479000;4;1;3;0,0
20930006480000;22;10;12;41,3
20930006483000;3;2;1;0,0
20930006485000;11;3;8;45,5
20930006488000;2;1;1;0,0
20930006489000;20;10;10;45,6
20930006490000;3;2;1;0,0
20930006491000;2;1;1;0,0
20930006492000;11;5;6;40,3
20930006493000;4;3;1;0,0
20930006495000;4;2;2;0,0
20930006496000;6;3;3;47,2
20930006497000;3;2;1;0,0
20930006520000;2;2;0;0,0
20930006521000;1;0;1;0,0
20930006624000;17;9;8;46,9
20930006630000;2;1;1;0,0
20930006632000;3;1;2;0,0
20930006641000;44;24;20;45,8
20930006647000;11;8;3;35,1
20930006648000;2;1;1;0,0
20930006798000;1;1;0;0,0
20930006803000;13;7;6;38,8
20930006818000;2;1;1;0,0
20930006824000;3;2;1;0,0
20930006825000;11;4;7;34,5
20930006830000;14;7;7;44,9
20930006909000;119;64;55;38,7
20930006925000;10;6;4;45,3
20930006926000;29;17;12;60,7
20930006927000;31;14;17;44,6
20930006940000;2;1;1;0,0
20930006962000;12;7;5;59,7
20930006967000;3;1;2;0,0
20930006969000;367;204;163;33,9
20930006970000;2;1;1;0,0
20930006980000;11;4;7;65,0
20930006981000;3;2;1;0,0
20930006986000;8;4;4;28,4
20930006987000;162;87;75;36,9
20930006992000;53;28;25;35,3
20930006993000;4;2;2;0,0
20930006995000;5;2;3;35,0
20930006996000;30;13;17;40,6
20930006997000;83;43;40;32,6
20930006998000;32;16;16;42,1
20930006999000;23;12;11;47,2
20930007000000;5;4;1;48,4
20930007001000;19;10;9;43,1
20930007002000;6;3;3;63,5
20930007003000;54;26;28;49,7
20940006460000;6;2;4;25,5
20940006461000;50;28;22;34,1
20940006462000;131;72;59;37,8
20940006463000;63;31;32;35,5
20940006464000;71;34;37;38,3
20940006465000;31;16;15;38,9
20940006466000;37;17;20;38,7
20940006467000;13;6;7;41,5
20940006468000;1491;733;758;37,0
20940006469000;1373;690;683;33,7
20940006470000;690;363;327;37,2
20940006471000;82;40;42;38,5
20940006472000;36;15;21;45,5
20940006473000;24;13;11;41,7
20940006474000;126;61;65;31,5
20940006478000;2;1;1;0,0
20940006479000;24;10;14;49,2
20940006480000;19;9;10;38,6
20940006481000;12;7;5;47,3
20940006482000;21;11;10;30,2
20940006485000;39;22;17;37,5
20940006488000;2;1;1;0,0
20940006489000;25;14;11;30,1
20940006490000;9;4;5;22,9
20940006491000;4;2;2;0,0
20940006493000;6;4;2;59,5
20940006494000;12;8;4;34,4
20940006495000;6;2;4;35,5
20940006496000;10;7;3;40,5
20940006504000;5;2;3;64,8
20940006568000;3;2;1;0,0
20940006611000;1;1;0;0,0
20940006613000;1;0;1;0,0
20940006614000;15;6;9;38,6
20940006615000;3;2;1;0,0
20940006616000;6;4;2;32,0
20940006621000;1;1;0;0,0
20940006622000;22;13;9;46,3
20940006623000;4;2;2;0,0
20940006624000;24;9;15;42,8
20940006625000;27;12;15;40,6
20940006626000;2;1;1;0,0
20940006627000;6;3;3;44,7
20940006628000;2;1;1;0,0
20940006629000;3;1;2;0,0
20940006630000;8;6;2;31,3
20940006631000;10;6;4;44,7
20940006632000;8;5;3;59,1
20940006633000;16;8;8;52,1
20940006634000;25;11;14;46,0
20940006640000;19;10;9;41,1
20940006641000;5;2;3;17,0
20940006647000;5;3;2;56,6
20940006797000;17;6;11;49,2
20940006824000;3;2;1;0,0
20940006825000;6;2;4;53,8
20940006826000;5;4;1;36,8
20940006830000;16;11;5;46,3
20940006831000;89;48;41;35,8
20940006861000;9;5;4;29,3
20940006907000;4;3;1;0,0
20940006908000;24;10;14;52,8
20940006909000;59;30;29;33,5
20940006926000;6;3;3;33,3
20940006927000;127;66;61;42,5
20940006928000;2;1;1;0,0
20940006941000;5;3;2;33,6
20940006954000;23;14;9;42,2
20940006955000;41;17;24;52,6
20940006957000;42;24;18;34,3
20940006962000;3;2;1;0,0
20940006963000;35;18;17;37,6
20940006966000;3;2;1;0,0
20940006967000;646;315;331;37,1
20940006968000;281;128;153;53,4
20940006969000;364;183;181;37,8
20940006970000;218;111;107;35,8
20940006971000;10;4;6;40,4
20940006980000;192;94;98;36,9
20940006985000;11;4;7;35,3
20940006986000;7;5;2;32,7
20940006987000;21;12;9;38,6
20940006990000;23;12;11;25,7
20940006991000;23;11;12;29,6
20940006992000;12;3;9;33,8
20940006993000;120;59;61;37,6
20940006994000;20;9;11;40,0
20940006995000;47;23;24;43,0
20940006996000;42;22;20;35,8
20940006997000;9;5;4;41,2
20940007002000;2;1;1;0,0
20940007003000;7;4;3;24,9
20940007004000;4;3;1;0,0
20950006461000;4;3;1;0,0
20950006462000;50;29;21;39,4
20950006463000;37;23;14;33,5
20950006464000;73;39;34;40,0
20950006465000;44;21;23;43,3
20950006466000;28;14;14;40,5
20950006472000;99;53;46;41,2
20950006473000;125;58;67;38,8
20950006474000;666;332;334;33,8
20950006475000;56;30;26;32,9
20950006479000;8;4;4;45,6
20950006481000;4;2;2;0,0
20950006484000;11;4;7;23,0
20950006489000;4;3;1;0,0
20950006492000;2;1;1;0,0
20950006495000;20;16;4;31,6
20950006496000;102;50;52;36,9
20950006501000;18;7;11;30,7
20950006503000;2;1;1;0,0
20950006508000;15;7;8;28,4
20950006580000;1;1;0;0,0
20950006588000;9;5;4;45,8
20950006611000;3;2;1;0,0
20950006612000;1;0;1;0,0
20950006613000;2;1;1;0,0
20950006614000;5;4;1;28,4
20950006615000;29;18;11;40,7
20950006630000;5;3;2;58,4
20950006631000;8;5;3;46,5
20950006635000;9;5;4;48,2
20950006636000;14;6;8;36,3
20950006637000;6;4;2;42,3
20950006638000;14;6;8;49,0
20950006646000;5;3;2;37,4
20950006793000;8;6;2;61,1
20950006794000;7;3;4;27,0
20950006796000;190;91;99;42,1
20950006797000;340;170;170;42,5
20950006805000;1;0;1;0,0
20950006828000;1;1;0;0,0
20950006829000;1;1;0;0,0
20950006831000;39;19;20;38,6
20950006906000;14;8;6;34,8
20950006907000;2;1;1;0,0
20950006926000;3;2;1;0,0
20950006941000;1;0;1;0,0
20950006954000;36;21;15;48,8
20950006955000;27;14;13;36,4
20950006956000;58;30;28;45,3
20950006957000;158;79;79;44,6
20950006958000;22;11;11;58,8
20950006959000;30;15;15;35,9
20950006960000;15;9;6;55,5
20950006961000;22;13;9;43,6
20950006962000;37;19;18;35,9
20950006963000;170;96;74;40,3
20950006964000;37;20;17;38,9
20950006965000;46;23;23;37,9
20950006966000;45;22;23;46,9
20950006967000;123;59;64;40,9
20950006968000;272;118;154;53,5
20950006969000;133;66;67;42,6
20950006970000;14;8;6;34,0
20950006980000;48;24;24;50,7
20950006981000;153;88;65;44,8
20950006985000;31;15;16;28,6
20950006986000;34;16;18;42,3
20950006990000;20;12;8;44,7
20950006992000;210;102;108;37,5
20950006993000;84;39;45;46,4
20950006994000;1;1;0;0,0
20950007004000;100;55;45;44,3
20950007005000;10;6;4;59,2
20960006461000;55;30;25;39,0
20960006462000;25;15;10;44,9
20960006463000;17;10;7;42,5
20960006464000;6;3;3;49,5
20960006465000;10;5;5;46,4
20960006466000;28;15;13;39,4
20960006468000;1;1;0;0,0
20960006472000;5;3;2;37,0
20960006473000;35;19;16;39,4
20960006474000;147;67;80;46,7
20960006475000;398;213;185;34,2
20960006480000;3;2;1;0,0
20960006484000;32;16;16;32,8
20960006490000;9;5;4;27,8
20960006495000;37;18;19;35,5
20960006496000;2;1;1;0,0
20960006497000;13;6;7;48,8
20960006498000;3;2;1;0,0
20960006499000;14;8;6;24,9
20960006502000;1;1;0;0,0
20960006509000;2;2;0;0,0
20960006514000;7;5;2;53,9
20960006611000;3;2;1;0,0
20960006615000;7;4;3;42,6
20960006630000;21;12;9;39,4
20960006631000;11;5;6;41,0
20960006638000;6;4;2;65,0
20960006639000;13;7;6;61,5
20960006640000;1;0;1;0,0
20960006791000;2;1;1;0,0
20960006792000;64;35;29;43,3
20960006793000;14;6;8;39,5
20960006794000;28;16;12;39,0
20960006795000;13;8;5;46,8
20960006797000;419;198;221;45,5
20960006829000;2;1;1;0,0
20960006831000;26;12;14;27,5
20960006832000;34;16;18;36,4
20960006833000;3;2;1;0,0
20960006925000;1;0;1;0,0
20960006926000;3;3;0;0,0
20960006930000;4;1;3;0,0
20960006941000;3;1;2;0,0
20960006952000;6;3;3;38,8
20960006953000;25;15;10;29,8
20960006954000;23;12;11;47,7
20960006955000;26;15;11;50,1
20960006956000;21;12;9;40,2
20960006957000;7;3;4;30,9
20960006959000;11;6;5;67,7
20960006960000;15;8;7;46,5
20960006961000;26;13;13;33,3
20960006964000;3;2;1;0,0
20960006965000;17;10;7;45,6
20960006966000;19;9;10;37,7
20960006980000;533;248;285;41,5
20960006981000;690;353;337;40,1
20960006986000;16;8;8;42,7
20960006987000;8;5;3;49,1
20960006988000;10;5;5;32,9
20960006990000;75;36;39;39,9
20960006991000;6;3;3;67,2
20960006992000;182;91;91;30,4
20960006994000;10;5;5;58,5
20960006996000;3;1;2;0,0
20960006997000;8;5;3;35,4
20960007004000;6;3;3;61,0
20960007005000;37;20;17;38,4
20970006461000;2;1;1;0,0
20970006463000;13;6;7;45,9
20970006464000;24;14;10;41,0
20970006465000;13;6;7;34,9
20970006466000;2;1;1;0,0
20970006467000;2;1;1;0,0
20970006468000;9;5;4;37,4
20970006469000;2;2;0;0,0
20970006474000;12;6;6;34,8
20970006475000;34;19;15;38,6
20970006476000;166;81;85;36,4
20970006480000;1;1;0;0,0
20970006484000;25;11;14;26,1
20970006485000;15;7;8;20,5
20970006490000;1;1;0;0,0
20970006493000;5;3;2;39,0
20970006494000;10;5;5;50,8
20970006497000;6;3;3;59,5
20970006498000;4;1;3;0,0
20970006499000;4;1;3;0,0
20970006506000;8;5;3;42,0
20970006509000;14;8;6;21,1
20970006514000;12;5;7;38,1
20970006567000;9;5;4;48,0
20970006588000;16;11;5;42,9
20970006594000;5;3;2;30,0
20970006597000;1;1;0;0,0
20970006614000;3;2;1;0,0
20970006630000;31;13;18;47,2
20970006631000;19;11;8;35,2
20970006645000;6;3;3;54,0
20970006791000;33;18;15;48,6
20970006792000;4;3;1;0,0
20970006795000;28;15;13;48,2
20970006796000;27;16;11;44,1
20970006797000;155;84;71;35,2
20970006832000;10;5;5;52,6
20970006833000;21;10;11;40,5
20970006834000;57;31;26;47,0
20970006835000;18;8;10;36,7
20970006839000;1;1;0;0,0
20970006840000;3;2;1;0,0
20970006925000;44;22;22;35,8
20970006926000;72;33;39;45,4
20970006927000;1;0;1;0,0
20970006930000;48;23;25;39,2
20970006931000;11;5;6;49,7
20970006941000;4;3;1;0,0
20970006942000;1;1;0;0,0
20970006952000;27;13;14;34,9
20970006959000;15;7;8;37,3
20970006960000;62;30;32;38,8
20970006961000;74;34;40;47,9
20970006962000;51;26;25;37,9
20970006963000;23;12;11;45,0
20970006964000;9;3;6;35,2
20970006965000;23;10;13;23,7
20970006966000;83;46;37;47,7
20970006967000;92;47;45;46,3
20970006968000;11;7;4;45,1
20970006980000;417;216;201;42,5
20970006981000;167;80;87;37,0
20970006988000;27;11;16;32,6
20970006989000;144;68;76;38,2
20970006990000;9;6;3;31,0
20970006992000;6;3;3;37,8
20970006993000;85;42;43;40,5
20970006994000;22;14;8;50,7
20970006995000;5;2;3;46,8
20970006997000;5;4;1;24,0
20970006998000;11;6;5;43,5
20970007000000;1;1;0;0,0
20970007002000;10;7;3;33,7
20970007005000;2;1;1;0,0
20970007006000;30;18;12;43,9
20980006463000;20;10;10;48,4
20980006464000;21;10;11;38,9
20980006465000;4;2;2;0,0
20980006466000;2;1;1;0,0
20980006467000;10;5;5;57,5
20980006469000;4;2;2;0,0
20980006470000;1;1;0;0,0
20980006476000;54;28;26;39,7
20980006477000;53;32;21;37,8
20980006478000;11;3;8;26,9
20980006494000;13;6;7;34,1
20980006497000;5;1;4;48,6
20980006498000;14;7;7;48,6
20980006499000;4;2;2;0,0
20980006500000;8;5;3;55,3
20980006503000;3;2;1;0,0
20980006504000;3;1;2;0,0
20980006508000;2;1;1;0,0
20980006509000;5;3;2;47,8
20980006514000;5;2;3;49,8
20980006578000;3;3;0;0,0
20980006587000;1;1;0;0,0
20980006614000;8;3;5;23,8
20980006628000;5;3;2;57,2
20980006630000;38;21;17;49,0
20980006631000;1;1;0;0,0
20980006644000;20;8;12;33,8
20980006645000;7;4;3;40,0
20980006659000;1;0;1;0,0
20980006791000;29;18;11;38,9
20980006830000;3;2;1;0,0
20980006835000;187;89;98;54,5
20980006836000;34;19;15;37,5
20980006837000;21;9;12;33,7
20980006838000;7;3;4;44,3
20980006924000;8;4;4;68,1
20980006925000;14;6;8;55,9
20980006931000;170;75;95;37,2
20980006932000;50;23;27;49,7
20980006940000;3;2;1;0,0
20980006943000;2;1;1;0,0
20980006967000;79;39;40;46,6
20980006968000;51;25;26;34,8
20980006980000;727;340;387;42,9
20980006981000;878;407;471;43,9
20980006989000;72;38;34;44,2
20980006993000;41;19;22;43,3
20980006999000;19;9;10;56,6
20980007000000;16;10;6;30,8
20980007001000;9;5;4;31,1
20980007002000;3;2;1;0,0
20980007005000;10;4;6;37,2
20980007006000;64;33;31;29,4
20990006465000;17;12;5;35,9
20990006466000;33;16;17;50,1
20990006467000;24;13;11;58,1
20990006468000;4;2;2;0,0
20990006476000;32;15;17;32,2
20990006477000;98;50;48;39,8
20990006478000;97;43;54;34,4
20990006479000;10;5;5;34,5
20990006480000;17;8;9;38,8
20990006500000;4;1;3;0,0
20990006501000;4;3;1;0,0
20990006504000;2;1;1;0,0
20990006505000;1;1;0;0,0
20990006507000;15;7;8;38,9
20990006508000;44;24;20;37,4
20990006546000;5;1;4;34,8
20990006575000;1;1;0;0,0
20990006576000;1;1;0;0,0
20990006577000;1;1;0;0,0
20990006587000;4;2;2;0,0
20990006610000;2;1;1;0,0
20990006611000;8;6;2;45,9
20990006621000;1;1;0;0,0
20990006627000;3;2;1;0,0
20990006628000;9;6;3;45,1
20990006629000;31;17;14;50,7
20990006630000;31;19;12;37,0
20990006637000;14;8;6;54,7
20990006790000;16;8;8;42,3
20990006791000;35;21;14;40,0
20990006811000;1;0;1;0,0
20990006831000;1;0;1;0,0
20990006832000;9;5;4;40,9
20990006835000;22;13;9;41,5
20990006836000;5;3;2;43,6
20990006929000;2;1;1;0,0
20990006931000;157;71;86;53,1
20990006932000;20;8;12;42,8
20990006933000;12;8;4;34,3
20990006980000;1233;616;617;43,0
20990006981000;972;487;485;40,4
20990006989000;32;19;13;34,0
20990006993000;176;99;77;39,6
20990006995000;4;2;2;0,0
20990007000000;19;8;11;39,9
20990007001000;30;16;14;30,7
20990007002000;14;8;6;29,4
20990007004000;33;19;14;36,6
20990007005000;101;56;45;41,4
20990007006000;4;3;1;0,0
21000006461000;13;6;7;56,5
21000006462000;54;26;28;43,0
21000006463000;86;41;45;41,5
21000006464000;63;31;32;31,7
21000006465000;39;20;19;49,8
21000006466000;3;1;2;0,0
21000006467000;14;7;7;49,9
21000006468000;6;3;3;35,8
21000006469000;21;14;7;27,7
21000006470000;1;0;1;0,0
21000006479000;27;15;12;30,2
21000006480000;62;32;30;40,0
21000006481000;98;54;44;36,3
21000006483000;21;13;8;29,1
21000006489000;1;1;0;0,0
21000006491000;9;6;3;23,2
21000006500000;1;1;0;0,0
21000006501000;4;3;1;0,0
21000006502000;7;4;3;38,9
21000006506000;9;4;5;40,6
21000006507000;24;11;13;29,7
21000006508000;6;3;3;27,8
21000006515000;5;3;2;29,8
21000006606000;1;0;1;0,0
21000006610000;3;2;1;0,0
21000006611000;11;5;6;32,5
21000006613000;7;4;3;43,7
21000006614000;9;5;4;47,3
21000006622000;2;1;1;0,0
21000006626000;22;7;15;47,8
21000006627000;8;3;5;50,9
21000006637000;8;4;4;44,3
21000006640000;1;0;1;0,0
21000006790000;38;22;16;43,6
21000006791000;10;6;4;49,4
21000006809000;4;3;1;0,0
21000006832000;2;1;1;0,0
21000006833000;5;2;3;70,6
21000006836000;6;3;3;55,8
21000006930000;29;16;13;44,6
21000006931000;6;4;2;45,8
21000006932000;13;9;4;55,5
21000006933000;15;7;8;38,3
21000006966000;3;2;1;0,0
21000006967000;5;2;3;32,8
21000006980000;1111;551;560;42,6
21000006981000;2232;1099;1133;42,6
21000006986000;5;2;3;25,4
21000006988000;91;49;42;42,4
21000006989000;24;12;12;36,4
21000006993000;378;189;189;38,9
21000006994000;40;22;18;44,9
21000007001000;4;2;2;0,0
21000007003000;14;9;5;26,2
21000007004000;10;6;4;27,7
21000007005000;124;73;51;39,9
21000007006000;67;34;33;40,2
21000007007000;36;18;18;38,1
21000007008000;8;5;3;25,9
21010006462000;23;12;11;33,5
21010006463000;26;13;13;48,1
21010006464000;60;30;30;41,1
21010006465000;128;61;67;37,6
21010006466000;99;52;47;33,0
21010006467000;65;35;30;44,4
21010006468000;5;2;3;25,6
21010006469000;5;0;5;41,6
21010006470000;15;9;6;33,7
21010006471000;6;3;3;53,8
21010006477000;1;1;0;0,0
21010006478000;1;0;1;0,0
21010006479000;7;5;2;44,4
21010006481000;10;5;5;60,9
21010006482000;8;4;4;55,0
21010006483000;116;59;57;32,8
21010006484000;91;45;46;31,9
21010006485000;12;6;6;36,5
21010006490000;2;1;1;0,0
21010006491000;5;3;2;41,4
21010006513000;8;5;3;39,9
21010006515000;2;2;0;0,0
21010006523000;10;4;6;31,0
21010006542000;1;1;0;0,0
21010006575000;11;7;4;28,5
21010006576000;1;1;0;0,0
21010006586000;6;4;2;21,7
21010006592000;2;0;2;0,0
21010006593000;3;2;1;0,0
21010006606000;2;1;1;0,0
21010006607000;2;1;1;0,0
21010006608000;5;3;2;38,0
21010006610000;28;14;14;46,5
21010006611000;68;36;32;39,2
21010006615000;5;3;2;16,6
21010006620000;5;4;1;39,6
21010006625000;5;2;3;52,0
21010006640000;16;8;8;27,1
21010006789000;16;9;7;55,5
21010006790000;51;28;23;43,1
21010006812000;4;3;1;0,0
21010006835000;2;1;1;0,0
21010006836000;3;1;2;0,0
21010006930000;7;4;3;43,6
21010006931000;11;7;4;54,3
21010006932000;29;15;14;47,0
21010006933000;36;18;18;40,0
21010006966000;15;5;10;50,1
21010006980000;492;256;236;43,3
21010006981000;2037;1026;1011;38,8
21010006982000;609;305;304;27,5
21010006987000;44;24;20;40,7
21010006988000;6;4;2;52,7
21010006993000;481;212;269;45,7
21010006994000;3;2;1;0,0
21010006995000;8;4;4;36,6
21010006996000;6;3;3;54,0
21010006997000;4;1;3;0,0
21010006998000;5;3;2;20,6
21010007003000;6;3;3;21,2
21010007004000;16;8;8;36,8
21010007005000;12;6;6;23,5
21010007007000;7;4;3;54,7
21020006463000;46;25;21;35,2
21020006464000;34;17;17;59,7
21020006465000;37;18;19;47,2
21020006466000;7;3;4;56,7
21020006467000;175;93;82;35,5
21020006468000;52;27;25;42,5
21020006469000;20;6;14;38,0
21020006470000;22;14;8;35,6
21020006476000;9;4;5;44,1
21020006478000;11;6;5;39,8
21020006484000;17;7;10;36,8
21020006485000;44;23;21;30,0
21020006486000;39;21;18;28,4
21020006490000;1;1;0;0,0
21020006491000;2;1;1;0,0
21020006493000;19;9;10;35,3
21020006494000;6;3;3;46,2
21020006513000;13;6;7;32,4
21020006514000;5;3;2;26,8
21020006515000;3;2;1;0,0
21020006523000;8;5;3;33,4
21020006532000;7;3;4;45,9
21020006541000;9;5;4;49,9
21020006542000;12;5;7;45,9
21020006543000;12;5;7;31,6
21020006576000;24;14;10;35,2
21020006578000;6;3;3;25,3
21020006579000;2;2;0;0,0
21020006580000;3;2;1;0,0
21020006587000;8;5;3;53,8
21020006588000;7;2;5;34,9
21020006603000;1;0;1;0,0
21020006604000;2;1;1;0,0
21020006606000;10;4;6;52,1
21020006608000;26;15;11;46,8
21020006609000;1;1;0;0,0
21020006610000;184;98;86;38,0
21020006611000;90;41;49;34,2
21020006614000;5;2;3;29,6
21020006615000;2;1;1;0,0
21020006616000;13;6;7;44,0
21020006617000;9;6;3;42,8
21020006619000;3;1;2;0,0
21020006620000;5;3;2;56,0
21020006622000;4;2;2;0,0
21020006623000;16;6;10;33,3
21020006624000;2;1;1;0,0
21020006625000;24;14;10;29,6
21020006640000;9;5;4;20,2
21020006789000;45;25;20;37,8
21020006790000;149;76;73;37,4
21020006836000;8;6;2;72,0
21020006930000;81;41;40;40,0
21020006931000;15;8;7;48,2
21020006932000;1;1;0;0,0
21020006933000;32;15;17;49,2
21020006964000;8;5;3;38,8
21020006965000;23;10;13;47,0
21020006966000;39;23;16;37,3
21020006971000;1;1;0;0,0
21020006980000;438;229;209;40,2
21020006981000;1760;884;876;42,3
21020006982000;502;253;249;32,7
21020006987000;28;14;14;42,6
21020006989000;12;5;7;38,8
21020006990000;2;1;1;0,0
21020006991000;13;7;6;36,2
21020006992000;51;25;26;25,2
21020006993000;267;126;141;42,5
21020006994000;1065;519;546;36,9
21020006998000;12;9;3;40,3
21020007002000;10;6;4;50,6
21020007003000;19;13;6;38,5
21020007004000;3;1;2;0,0
21020007006000;33;16;17;38,2
21020007007000;34;18;16;38,4
21030006464000;4;3;1;0,0
21030006466000;54;30;24;41,3
21030006467000;167;84;83;41,2
21030006468000;37;19;18;38,0
21030006469000;20;13;7;41,6
21030006470000;13;6;7;46,8
21030006471000;41;22;19;44,7
21030006472000;61;33;28;37,5
21030006475000;8;5;3;40,6
21030006482000;41;17;24;34,7
21030006483000;6;1;5;21,0
21030006484000;133;65;68;35,4
21030006485000;483;238;245;40,0
21030006486000;49;27;22;34,7
21030006490000;22;11;11;31,0
21030006491000;5;3;2;39,4
21030006502000;3;1;2;0,0
21030006503000;1;1;0;0,0
21030006522000;7;3;4;53,7
21030006523000;33;20;13;44,3
21030006524000;4;3;1;0,0
21030006573000;8;3;5;36,1
21030006574000;5;2;3;25,2
21030006575000;8;5;3;46,1
21030006576000;1;1;0;0,0
21030006577000;9;6;3;28,2
21030006580000;1;1;0;0,0
21030006587000;10;4;6;42,2
21030006588000;9;3;6;50,8
21030006603000;5;3;2;29,4
21030006605000;10;6;4;46,7
21030006606000;4;3;1;0,0
21030006608000;27;15;12;42,7
21030006609000;21;9;12;44,5
21030006610000;359;171;188;46,6
21030006611000;5;2;3;61,8
21030006612000;5;2;3;20,6
21030006618000;2;1;1;0,0
21030006619000;10;6;4;43,8
21030006621000;3;2;1;0,0
21030006622000;5;3;2;52,6
21030006623000;15;8;7;45,0
21030006624000;76;41;35;34,0
21030006625000;19;9;10;44,2
21030006640000;5;3;2;28,0
21030006675000;3;1;2;0,0
21030006789000;16;8;8;44,3
21030006790000;3;1;2;0,0
21030006806000;67;38;29;44,6
21030006931000;3;2;1;0,0
21030006933000;9;3;6;39,2
21030006934000;39;23;16;35,4
21030006964000;3;2;1;0,0
21030006965000;18;8;10;33,4
21030006966000;3;2;1;0,0
21030006967000;1;1;0;0,0
21030006980000;250;135;115;39,5
21030006981000;2065;971;1094;46,4
21030006982000;729;356;373;34,3
21030006987000;12;4;8;44,0
21030006988000;33;15;18;42,6
21030006989000;33;20;13;41,4
21030006990000;12;6;6;38,8
21030006991000;53;28;25;39,3
21030006993000;89;47;42;38,7
21030006994000;76;39;37;24,3
21030006998000;15;8;7;34,4
21030006999000;5;2;3;19,8
21030007002000;7;5;2;56,4
21030007003000;9;2;7;28,8
21030007004000;13;8;5;39,2
21030007005000;24;15;9;39,3
21030007006000;91;50;41;36,4
21030007007000;188;89;99;51,5
21030007008000;48;22;26;41,7
21030007009000;6;5;1;48,7
21040006466000;16;7;9;46,7
21040006468000;25;14;11;47,7
21040006469000;9;3;6;38,9
21040006470000;11;7;4;48,0
21040006471000;10;4;6;36,0
21040006472000;8;4;4;31,8
21040006482000;41;17;24;37,3
21040006483000;186;89;97;23,8
21040006484000;617;319;298;32,9
21040006485000;1173;586;587;41,0
21040006486000;146;73;73;39,1
21040006487000;21;9;12;38,0
21040006492000;5;3;2;20,4
21040006500000;1;1;0;0,0
21040006504000;13;6;7;34,5
21040006515000;10;6;4;27,4
21040006526000;1;1;0;0,0
21040006573000;17;10;7;41,3
21040006577000;5;3;2;29,0
21040006578000;19;11;8;31,8
21040006583000;5;4;1;62,2
21040006586000;12;7;5;29,0
21040006587000;1;0;1;0,0
21040006589000;4;1;3;0,0
21040006590000;2;1;1;0,0
21040006591000;4;2;2;0,0
21040006592000;5;3;2;42,8
21040006593000;13;6;7;37,8
21040006601000;8;4;4;43,1
21040006602000;117;58;59;41,4
21040006603000;1;0;1;0,0
21040006604000;9;6;3;56,3
21040006605000;8;3;5;49,8
21040006606000;37;23;14;45,7
21040006607000;30;13;17;36,7
21040006609000;6;4;2;36,2
21040006610000;105;54;51;47,8
21040006611000;13;8;5;47,6
21040006612000;13;7;6;39,5
21040006613000;6;4;2;33,7
21040006619000;4;2;2;0,0
21040006621000;5;3;2;19,6
21040006623000;12;6;6;32,8
21040006624000;309;133;176;46,9
21040006625000;242;126;116;39,8
21040006629000;6;3;3;37,7
21040006632000;4;3;1;0,0
21040006633000;4;2;2;0,0
21040006634000;1;1;0;0,0
21040006635000;6;2;4;39,7
21040006636000;4;2;2;0,0
21040006637000;4;3;1;0,0
21040006640000;6;3;3;52,3
21040006674000;2;1;1;0,0
21040006791000;6;4;2;55,7
21040006806000;26;16;10;32,8
21040006839000;8;5;3;48,6
21040006934000;108;57;51;34,7
21040006935000;16;9;7;18,8
21040006964000;10;5;5;28,5
21040006965000;66;39;27;40,4
21040006966000;9;5;4;42,1
21040006970000;1;1;0;0,0
21040006980000;55;33;22;45,1
21040006981000;482;233;249;37,2
21040006982000;725;350;375;35,7
21040006986000;23;14;9;35,0
21040006987000;69;34;35;33,1
21040006988000;24;11;13;44,3
21040006989000;30;16;14;45,8
21040006990000;26;14;12;48,3
21040006991000;53;24;29;37,8
21040006992000;22;10;12;47,7
21040006993000;61;31;30;43,3
21040006998000;3;1;2;0,0
21040006999000;6;3;3;43,3
21040007000000;2;1;1;0,0
21040007001000;2;2;0;0,0
21040007002000;8;4;4;53,1
21040007003000;35;21;14;31,1
21040007004000;29;12;17;36,6
21040007005000;22;11;11;53,1
21040007008000;11;7;4;42,1
21050006468000;9;6;3;39,9
21050006469000;75;40;35;33,6
21050006470000;1;1;0;0,0
21050006471000;11;6;5;33,2
21050006472000;52;29;23;40,1
21050006477000;5;3;2;26,6
21050006483000;1;1;0;0,0
21050006484000;5;3;2;20,0
21050006485000;5;2;3;20,2
21050006487000;25;12;13;32,3
21050006488000;16;9;7;33,3
21050006489000;2;1;1;0,0
21050006492000;5;3;2;21,2
21050006498000;4;3;1;0,0
21050006506000;5;2;3;43,6
21050006578000;13;5;8;49,3
21050006579000;106;52;54;37,4
21050006580000;86;39;47;42,3
21050006581000;149;65;84;46,3
21050006582000;58;32;26;53,9
21050006583000;5;3;2;25,8
21050006584000;3;2;1;0,0
21050006586000;13;6;7;25,9
21050006587000;13;6;7;32,5
21050006588000;5;2;3;45,0
21050006589000;7;4;3;50,6
21050006590000;9;5;4;41,0
21050006592000;17;7;10;39,6
21050006602000;13;5;8;54,9
21050006603000;2;1;1;0,0
21050006604000;3;2;1;0,0
21050006611000;2;1;1;0,0
21050006612000;34;17;17;39,3
21050006620000;2;1;1;0,0
21050006623000;40;21;19;40,7
21050006624000;50;24;26;30,8
21050006625000;55;24;31;35,9
21050006626000;5;2;3;68,6
21050006629000;12;7;5;49,6
21050006630000;2;1;1;0,0
21050006634000;1;1;0;0,0
21050006635000;12;7;5;54,5
21050006640000;11;9;2;26,3
21050006674000;1;1;0;0,0
21050006790000;1;1;0;0,0
21050006791000;8;5;3;45,5
21050006812000;40;21;19;44,5
21050006934000;36;20;16;43,5
21050006964000;8;5;3;37,1
21050006965000;69;32;37;45,7
21050006969000;3;2;1;0,0
21050006970000;10;8;2;36,8
21050006972000;2;1;1;0,0
21050006973000;9;5;4;47,1
21050006979000;5;2;3;50,4
21050006981000;357;179;178;36,6
21050006982000;12;6;6;44,0
21050006986000;39;22;17;41,5
21050006987000;41;20;21;41,0
21050006988000;279;136;143;36,5
21050006989000;158;76;82;35,8
21050006990000;43;25;18;36,9
21050006991000;328;173;155;38,8
21050006992000;44;22;22;29,6
21050006993000;18;10;8;40,3
21050006999000;19;11;8;47,1
21050007000000;5;3;2;49,8
21050007001000;3;2;1;0,0
21050007002000;29;19;10;39,1
21050007003000;5;3;2;17,4
21050007008000;24;12;12;47,3
21060006468000;18;10;8;43,5
21060006469000;22;10;12;36,0
21060006470000;3;1;2;0,0
21060006472000;17;9;8;59,2
21060006473000;13;5;8;38,2
21060006474000;4;2;2;0,0
21060006478000;4;2;2;0,0
21060006480000;27;14;13;32,0
21060006481000;3;2;1;0,0
21060006485000;4;2;2;0,0
21060006486000;36;16;20;38,3
21060006487000;25;13;12;37,8
21060006488000;14;8;6;40,9
21060006490000;5;3;2;53,0
21060006491000;33;20;13;43,7
21060006493000;4;2;2;0,0
21060006499000;2;0;2;0,0
21060006506000;5;3;2;38,6
21060006507000;1;1;0;0,0
21060006508000;7;5;2;47,4
21060006515000;2;1;1;0,0
21060006519000;8;5;3;27,6
21060006538000;20;15;5;38,7
21060006572000;4;3;1;0,0
21060006575000;8;5;3;44,1
21060006579000;3;1;2;0,0
21060006580000;4;2;2;0,0
21060006581000;150;76;74;38,2
21060006582000;7;5;2;34,6
21060006583000;8;5;3;43,9
21060006584000;17;8;9;34,5
21060006585000;15;8;7;38,5
21060006586000;41;24;17;35,1
21060006587000;16;11;5;24,4
21060006588000;3;2;1;0,0
21060006590000;4;2;2;0,0
21060006591000;10;6;4;55,1
21060006592000;31;14;17;43,4
21060006602000;14;9;5;47,7
21060006603000;3;2;1;0,0
21060006604000;2;1;1;0,0
21060006628000;15;9;6;36,6
21060006630000;12;6;6;43,3
21060006631000;8;5;3;49,5
21060006635000;1;1;0;0,0
21060006640000;16;11;5;37,5
21060006641000;14;7;7;40,0
21060006790000;3;2;1;0,0
21060006811000;73;40;33;50,2
21060006812000;347;188;159;36,5
21060006813000;26;16;10;35,1
21060006838000;2;1;1;0,0
21060006839000;66;36;30;44,5
21060006840000;56;32;24;39,8
21060006922000;66;36;30;47,2
21060006923000;27;12;15;49,5
21060006934000;18;11;7;37,2
21060006935000;22;13;9;32,0
21060006953000;10;5;5;41,9
21060006954000;6;2;4;46,2
21060006964000;34;20;14;48,6
21060006965000;100;53;47;33,5
21060006970000;6;3;3;63,2
21060006972000;18;8;10;49,4
21060006973000;8;4;4;42,6
21060006978000;90;41;49;31,0
21060006979000;18;10;8;41,3
21060006981000;735;379;356;30,5
21060006982000;211;103;108;25,1
21060006983000;11;3;8;27,5
21060006986000;5;2;3;45,4
21060006990000;17;10;7;28,5
21060006992000;9;5;4;29,1
21060006993000;12;5;7;36,0
21060006999000;3;3;0;0,0
21060007000000;8;4;4;47,1
21060007001000;4;3;1;0,0
21060007008000;58;32;26;39,7
21060007009000;15;8;7;54,0
21070006468000;12;7;5;61,3
21070006469000;17;11;6;46,9
21070006472000;68;35;33;49,9
21070006473000;7;4;3;40,3
21070006478000;36;18;18;26,4
21070006479000;30;18;12;29,4
21070006480000;8;3;5;52,9
21070006483000;8;3;5;36,6
21070006485000;11;5;6;24,7
21070006486000;14;7;7;33,8
21070006488000;6;4;2;26,0
21070006489000;1;0;1;0,0
21070006496000;1;0;1;0,0
21070006499000;18;7;11;35,8
21070006502000;12;5;7;29,2
21070006504000;1;1;0;0,0
21070006536000;6;3;3;60,8
21070006574000;8;3;5;56,0
21070006575000;2;1;1;0,0
21070006592000;9;5;4;59,4
21070006593000;4;2;2;0,0
21070006594000;4;3;1;0,0
21070006631000;2;0;2;0,0
21070006632000;3;3;0;0,0
21070006634000;3;2;1;0,0
21070006636000;4;2;2;0,0
21070006637000;14;7;7;38,5
21070006640000;43;27;16;43,6
21070006641000;52;29;23;42,8
21070006839000;10;5;5;72,6
21070006840000;87;46;41;41,4
21070006841000;7;4;3;36,4
21070006842000;5;3;2;34,6
21070006844000;11;5;6;30,4
21070006919000;2;1;1;0,0
21070006920000;2;1;1;0,0
21070006953000;3;2;1;0,0
21070006954000;25;15;10;44,9
21070006963000;16;10;6;40,4
21070006964000;5;3;2;53,2
21070006969000;13;6;7;39,8
21070006970000;68;36;32;33,5
21070006978000;253;122;131;29,2
21070006979000;25;14;11;36,6
21070006981000;59;32;27;40,0
21070006984000;2;2;0;0,0
21070006990000;16;7;9;40,8
21070006992000;23;11;12;33,5
21070006993000;13;8;5;39,2
21070007007000;22;14;8;47,6
21070007008000;38;23;15;37,3
21070007009000;13;8;5;38,9
21080006469000;3;2;1;0,0
21080006474000;45;18;27;38,2
21080006475000;56;29;27;38,2
21080006476000;2;1;1;0,0
21080006478000;8;4;4;41,4
21080006479000;17;10;7;31,8
21080006485000;1;1;0;0,0
21080006487000;4;2;2;0,0
21080006488000;8;4;4;30,8
21080006489000;4;3;1;0,0
21080006490000;6;2;4;46,7
21080006494000;21;11;10;31,3
21080006495000;20;12;8;31,9
21080006500000;13;7;6;43,3
21080006501000;8;3;5;26,3
21080006510000;2;1;1;0,0
21080006522000;15;9;6;46,7
21080006536000;4;1;3;0,0
21080006537000;9;5;4;61,9
21080006591000;2;2;0;0,0
21080006592000;13;6;7;36,5
21080006593000;2;2;0;0,0
21080006594000;1;0;1;0,0
21080006596000;4;1;3;0,0
21080006634000;12;6;6;46,3
21080006635000;29;16;13;43,8
21080006636000;31;17;14;41,5
21080006637000;17;7;10;41,9
21080006638000;49;25;24;37,4
21080006639000;57;30;27;38,5
21080006640000;15;8;7;57,3
21080006659000;7;4;3;49,1
21080006671000;4;2;2;0,0
21080006729000;7;4;3;37,1
21080006791000;2;1;1;0,0
21080006810000;31;19;12;54,1
21080006811000;378;204;174;40,5
21080006845000;6;3;3;51,5
21080006934000;3;2;1;0,0
21080006935000;29;12;17;29,2
21080006954000;15;6;9;36,3
21080006955000;14;4;10;49,0
21080006961000;5;2;3;21,2
21080006962000;12;8;4;43,8
21080006963000;2;1;1;0,0
21080006970000;6;4;2;55,8
21080006971000;6;4;2;36,8
21080006978000;59;31;28;33,1
21080006979000;35;21;14;37,5
21080006981000;105;52;53;37,4
21080006982000;43;22;21;29,3
21080006990000;14;8;6;32,2
21080006999000;3;1;2;0,0
21080007000000;5;3;2;19,8
21080007003000;2;1;1;0,0
21080007007000;14;6;8;31,9
21080007008000;7;4;3;28,6
21090006469000;62;27;35;40,1
21090006470000;47;28;19;48,2
21090006471000;5;3;2;33,6
21090006472000;36;17;19;27,9
21090006473000;16;7;9;43,1
21090006474000;143;70;73;32,5
21090006475000;8;3;5;37,9
21090006477000;6;2;4;36,5
21090006478000;1;1;0;0,0
21090006481000;3;2;1;0,0
21090006483000;2;1;1;0,0
21090006485000;1;1;0;0,0
21090006486000;10;6;4;29,2
21090006490000;5;3;2;21,8
21090006495000;10;7;3;40,6
21090006496000;4;2;2;0,0
21090006499000;5;3;2;17,4
21090006503000;5;2;3;14,0
21090006522000;4;3;1;0,0
21090006536000;10;5;5;63,8
21090006537000;2;2;0;0,0
21090006553000;10;5;5;48,1
21090006554000;1;1;0;0,0
21090006594000;10;4;6;26,1
21090006595000;38;19;19;52,0
21090006596000;1;0;1;0,0
21090006601000;6;3;3;35,2
21090006613000;3;2;1;0,0
21090006634000;5;3;2;51,0
21090006636000;6;4;2;55,8
21090006637000;244;111;133;35,7
21090006638000;172;79;93;42,2
21090006639000;6;4;2;19,0
21090006789000;3;1;2;0,0
21090006810000;52;28;24;49,7
21090006811000;874;454;420;44,0
21090006919000;2;1;1;0,0
21090006934000;9;4;5;40,2
21090006955000;58;29;29;36,1
21090006970000;11;5;6;47,8
21090006974000;5;3;2;66,8
21090006975000;2;1;1;0,0
21090006978000;6;4;2;34,3
21090006981000;56;32;24;37,5
21090006982000;9;5;4;45,9
21090006985000;5;4;1;50,6
21090006986000;12;8;4;33,8
21090006987000;1;1;0;0,0
21090007000000;20;11;9;36,9
21090007002000;5;3;2;19,2
21090007008000;12;5;7;35,8
21090007009000;96;47;49;40,3
21100006470000;23;13;10;50,1
21100006471000;78;35;43;36,7
21100006472000;87;46;41;36,5
21100006473000;15;7;8;47,5
21100006474000;1047;516;531;37,1
21100006475000;895;460;435;35,0
21100006476000;100;58;42;40,1
21100006477000;40;25;15;41,9
21100006483000;10;6;4;38,6
21100006487000;1;1;0;0,0
21100006498000;3;2;1;0,0
21100006499000;6;3;3;17,8
21100006503000;1;0;1;0,0
21100006518000;55;30;25;39,5
21100006524000;2;1;1;0,0
21100006533000;11;5;6;43,8
21100006546000;2;1;1;0,0
21100006595000;30;15;15;41,6
21100006596000;36;17;19;45,7
21100006599000;11;7;4;30,6
21100006602000;8;3;5;32,3
21100006606000;11;6;5;34,6
21100006609000;3;2;1;0,0
21100006610000;4;2;2;0,0
21100006613000;7;3;4;34,4
21100006614000;12;6;6;42,3
21100006634000;4;2;2;0,0
21100006637000;52;21;31;42,2
21100006638000;29;15;14;50,0
21100006653000;6;1;5;20,2
21100006751000;2;1;1;0,0
21100006789000;11;6;5;47,3
21100006811000;99;50;49;43,6
21100006839000;18;10;8;51,1
21100006933000;8;3;5;41,3
21100006934000;7;4;3;57,4
21100006955000;208;110;98;38,4
21100006956000;27;16;11;24,9
21100006959000;1;1;0;0,0
21100006970000;10;5;5;50,0
21100006974000;33;19;14;45,1
21100006975000;14;7;7;41,2
21100006979000;6;2;4;46,2
21100006981000;74;43;31;38,4
21100006982000;60;32;28;43,6
21100006999000;1;0;1;0,0
21100007000000;18;12;6;34,7
21100007001000;44;18;26;31,7
21100007004000;4;1;3;0,0
21100007005000;62;32;30;32,6
21100007006000;24;15;9;34,7
21100007007000;46;22;24;35,5
21100007008000;53;29;24;52,6
21100007009000;98;52;46;33,0
21110006470000;1;1;0;0,0
21110006471000;6;3;3;65,3
21110006472000;15;8;7;40,0
21110006473000;1;1;0;0,0
21110006474000;552;282;270;40,3
21110006475000;1824;900;924;44,9
21110006476000;966;469;497;40,5
21110006477000;30;14;16;37,8
21110006486000;22;12;10;36,2
21110006487000;16;12;4;36,9
21110006489000;2;2;0;0,0
21110006498000;21;10;11;28,5
21110006499000;17;9;8;31,6
21110006500000;2;1;1;0,0
21110006507000;1;0;1;0,0
21110006518000;2;1;1;0,0
21110006519000;5;3;2;37,0
21110006520000;8;4;4;25,3
21110006546000;7;4;3;53,4
21110006547000;4;2;2;0,0
21110006548000;5;3;2;43,6
21110006599000;17;7;10;45,8
21110006600000;19;11;8;50,5
21110006602000;33;19;14;37,5
21110006603000;5;2;3;67,6
21110006604000;9;4;5;37,9
21110006609000;1;0;1;0,0
21110006610000;4;2;2;0,0
21110006613000;3;1;2;0,0
21110006614000;5;4;1;51,4
21110006637000;44;24;20;40,8
21110006638000;3;2;1;0,0
21110006663000;6;3;3;53,7
21110006789000;3;2;1;0,0
21110006839000;14;6;8;65,0
21110006840000;36;19;17;39,9
21110006841000;7;2;5;44,6
21110006955000;100;51;49;45,0
21110006956000;183;91;92;46,8
21110006957000;4;2;2;0,0
21110006974000;9;4;5;51,3
21110006978000;21;11;10;54,1
21110006979000;17;9;8;46,5
21110006981000;8;4;4;37,1
21110006982000;36;21;15;36,0
21110006995000;9;2;7;32,1
21110006999000;6;2;4;23,5
21110007000000;3;2;1;0,0
21110007001000;26;18;8;41,8
21110007002000;28;17;11;32,8
21110007005000;33;22;11;41,8
21110007006000;7;2;5;45,4
21110007007000;36;19;17;34,4
21110007008000;20;11;9;43,2
21110007009000;7;2;5;41,9
21120006475000;277;146;131;40,4
21120006476000;595;308;287;36,6
21120006477000;94;41;53;32,6
21120006486000;2;1;1;0,0
21120006489000;2;1;1;0,0
21120006496000;2;2;0;0,0
21120006498000;2;1;1;0,0
21120006500000;2;2;0;0,0
21120006502000;8;6;2;38,4
21120006504000;6;3;3;25,8
21120006505000;61;31;30;34,0
21120006506000;12;5;7;52,3
21120006513000;11;8;3;40,8
21120006519000;2;1;1;0,0
21120006520000;2;2;0;0,0
21120006527000;5;3;2;30,8
21120006547000;3;2;1;0,0
21120006548000;1;1;0;0,0
21120006559000;5;3;2;60,8
21120006568000;5;2;3;30,2
21120006600000;21;13;8;62,9
21120006603000;5;3;2;70,2
21120006609000;5;3;2;66,2
21120006610000;30;14;16;38,1
21120006612000;3;2;1;0,0
21120006625000;13;7;6;34,8
21120006635000;2;1;1;0,0
21120006636000;7;5;2;49,6
21120006637000;54;30;24;41,4
21120006638000;6;3;3;34,3
21120006788000;14;6;8;48,3
21120006789000;18;12;6;51,2
21120006790000;19;11;8;40,8
21120006791000;6;3;3;32,5
21120006840000;7;5;2;53,0
21120006842000;2;1;1;0,0
21120006933000;4;2;2;0,0
21120006956000;13;7;6;52,9
21120006974000;321;143;178;39,7
21120006977000;135;76;59;29,7
21120006978000;19;11;8;54,1
21120006979000;21;13;8;46,2
21120006982000;35;17;18;35,3
21120006995000;2;1;1;0,0
21120006996000;21;12;9;37,6
21120006997000;11;5;6;27,5
21120006999000;38;21;17;41,2
21120007000000;4;2;2;0,0
21120007001000;4;2;2;0,0
21120007002000;15;9;6;39,5
21120007003000;37;18;19;39,3
21120007004000;40;23;17;36,1
21120007005000;20;13;7;43,4
21130006474000;1;1;0;0,0
21130006475000;9;4;5;49,7
21130006476000;221;117;104;32,0
21130006477000;255;132;123;34,4
21130006478000;44;21;23;34,6
21130006481000;18;8;10;28,7
21130006486000;6;3;3;25,5
21130006493000;8;3;5;47,6
21130006494000;3;2;1;0,0
21130006499000;4;3;1;0,0
21130006505000;34;21;13;32,4
21130006506000;94;46;48;42,2
21130006507000;25;12;13;37,9
21130006513000;7;4;3;38,4
21130006518000;2;1;1;0,0
21130006519000;3;2;1;0,0
21130006522000;4;2;2;0,0
21130006526000;11;4;7;43,6
21130006543000;1;1;0;0,0
21130006545000;1;0;1;0,0
21130006560000;5;3;2;59,2
21130006567000;1;1;0;0,0
21130006568000;2;1;1;0,0
21130006599000;4;2;2;0,0
21130006604000;2;1;1;0,0
21130006605000;2;1;1;0,0
21130006607000;77;34;43;42,6
21130006608000;45;22;23;45,1
21130006609000;30;16;14;41,6
21130006613000;1;1;0;0,0
21130006614000;20;9;11;37,6
21130006615000;7;4;3;40,6
21130006616000;1;0;1;0,0
21130006617000;14;8;6;39,9
21130006618000;2;1;1;0,0
21130006620000;6;4;2;59,0
21130006621000;15;10;5;23,5
21130006625000;8;3;5;28,9
21130006635000;6;2;4;33,7
21130006636000;5;3;2;31,8
21130006650000;4;2;2;0,0
21130006656000;2;0;2;0,0
21130006657000;1;1;0;0,0
21130006664000;3;1;2;0,0
21130006791000;4;3;1;0,0
21130006792000;4;1;3;0,0
21130006818000;26;13;13;41,0
21130006820000;10;6;4;47,2
21130006821000;10;4;6;43,1
21130006843000;7;5;2;15,6
21130006844000;11;5;6;34,8
21130006946000;13;5;8;34,6
21130006947000;2;1;1;0,0
21130006955000;3;2;1;0,0
21130006956000;13;9;4;44,3
21130006962000;6;2;4;47,5
21130006965000;2;1;1;0,0
21130006966000;4;3;1;0,0
21130006973000;18;10;8;36,8
21130006974000;232;116;116;36,6
21130006976000;117;63;54;39,8
21130006977000;279;139;140;34,9
21130006978000;131;62;69;39,4
21130006982000;33;18;15;39,7
21130006995000;14;7;7;37,7
21130006996000;82;42;40;37,5
21130006997000;10;7;3;51,1
21130006999000;10;4;6;33,6
21130007003000;11;5;6;42,0
21130007004000;143;81;62;38,3
21130007005000;4;3;1;0,0
21130007006000;5;3;2;63,8
21130007007000;6;4;2;54,5
21140006475000;19;9;10;37,2
21140006476000;35;20;15;31,3
21140006477000;55;26;29;32,9
21140006478000;322;158;164;25,6
21140006479000;17;9;8;32,6
21140006480000;14;8;6;42,1
21140006489000;6;4;2;49,0
21140006490000;1;1;0;0,0
21140006492000;2;1;1;0,0
21140006495000;4;1;3;0,0
21140006526000;4;2;2;0,0
21140006527000;54;27;27;35,3
21140006544000;16;8;8;40,7
21140006545000;14;8;6;47,2
21140006559000;4;2;2;0,0
21140006560000;22;13;9;46,4
21140006561000;3;1;2;0,0
21140006566000;6;4;2;52,2
21140006598000;4;2;2;0,0
21140006599000;1;1;0;0,0
21140006604000;5;4;1;37,0
21140006608000;11;6;5;30,9
21140006609000;4;3;1;0,0
21140006613000;1;1;0;0,0
21140006615000;119;60;59;42,1
21140006616000;12;6;6;59,3
21140006620000;1;1;0;0,0
21140006621000;6;4;2;19,3
21140006622000;2;1;1;0,0
21140006623000;25;15;10;32,0
21140006624000;13;7;6;33,1
21140006625000;11;7;4;59,5
21140006639000;1;1;0;0,0
21140006642000;6;2;4;31,0
21140006651000;2;1;1;0,0
21140006652000;2;1;1;0,0
21140006653000;1;1;0;0,0
21140006792000;35;17;18;39,4
21140006811000;2;1;1;0,0
21140006817000;14;8;6;49,4
21140006818000;1655;793;862;45,2
21140006819000;2;1;1;0,0
21140006839000;1;0;1;0,0
21140006844000;12;7;5;44,8
21140006897000;2;1;1;0,0
21140006934000;11;7;4;27,0
21140006955000;7;3;4;36,9
21140006956000;26;16;10;37,5
21140006961000;5;3;2;54,6
21140006962000;33;16;17;36,5
21140006965000;5;3;2;69,2
21140006966000;21;9;12;36,0
21140006967000;12;8;4;53,8
21140006973000;68;33;35;42,7
21140006974000;22;10;12;29,8
21140006977000;2;2;0;0,0
21140006980000;14;7;7;39,1
21140006982000;25;13;12;41,1
21140006995000;37;18;19;35,4
21140006996000;194;101;93;32,7
21140006998000;9;5;4;41,3
21140006999000;5;3;2;62,8
21140007003000;50;23;27;45,6
21140007004000;6;4;2;47,0
21140007005000;8;4;4;33,1
21140007006000;1;1;0;0,0
21140007007000;7;5;2;56,6
21140007008000;7;3;4;28,4
21150006476000;9;4;5;34,2
21150006477000;12;6;6;36,3
21150006478000;6;4;2;34,2
21150006479000;12;7;5;40,3
21150006480000;14;9;5;35,5
21150006485000;5;2;3;27,2
21150006491000;8;3;5;29,4
21150006493000;1;1;0;0,0
21150006495000;3;1;2;0,0
21150006496000;2;1;1;0,0
21150006497000;4;2;2;0,0
21150006502000;1;1;0;0,0
21150006511000;14;9;5;49,6
21150006517000;21;10;11;42,8
21150006523000;2;1;1;0,0
21150006525000;12;5;7;37,1
21150006526000;6;4;2;44,7
21150006527000;25;11;14;34,6
21150006528000;16;8;8;28,6
21150006543000;15;8;7;49,9
21150006544000;4;1;3;0,0
21150006558000;2;1;1;0,0
21150006559000;6;4;2;39,3
21150006598000;4;2;2;0,0
21150006599000;4;2;2;0,0
21150006606000;5;2;3;49,0
21150006607000;3;1;2;0,0
21150006615000;53;20;33;49,7
21150006616000;5;4;1;32,4
21150006617000;2;1;1;0,0
21150006618000;3;2;1;0,0
21150006621000;4;2;2;0,0
21150006622000;19;10;9;30,7
21150006623000;34;16;18;41,0
21150006624000;22;11;11;41,4
21150006625000;5;3;2;54,4
21150006629000;7;3;4;40,6
21150006635000;2;1;1;0,0
21150006636000;10;6;4;36,3
21150006644000;3;2;1;0,0
21150006647000;1;0;1;0,0
21150006648000;4;3;1;0,0
21150006650000;3;1;2;0,0
21150006657000;1;0;1;0,0
21150006792000;10;3;7;23,9
21150006793000;18;12;6;41,9
21150006794000;9;7;2;35,4
21150006818000;894;466;428;42,4
21150006819000;30;19;11;45,3
21150006846000;9;4;5;38,3
21150006897000;2;1;1;0,0
21150006933000;6;3;3;54,7
21150006936000;2;1;1;0,0
21150006949000;3;2;1;0,0
21150006955000;20;11;9;35,4
21150006956000;20;11;9;46,9
21150006961000;44;22;22;31,4
21150006962000;37;22;15;45,2
21150006963000;5;3;2;40,4
21150006965000;5;3;2;34,6
21150006966000;39;21;18;48,4
21150006967000;45;20;25;36,4
21150006973000;28;14;14;35,9
21150006974000;17;12;5;31,7
21150006982000;57;30;27;40,0
21150006983000;6;3;3;24,8
21150006990000;5;2;3;52,0
21150006994000;3;1;2;0,0
21150006995000;2;1;1;0,0
21150006996000;20;12;8;40,2
21150006997000;29;17;12;50,6
21150006998000;32;16;16;40,2
21150006999000;28;9;19;32,9
21150007002000;18;5;13;33,6
21150007003000;102;51;51;38,4
21150007005000;12;4;8;27,5
21150007007000;14;8;6;44,2
21150007008000;62;32;30;39,5
21150007010000;5;2;3;23,2
21160006476000;8;4;4;67,9
21160006477000;3;1;2;0,0
21160006478000;44;26;18;38,8
21160006479000;5;3;2;16,8
21160006483000;14;7;7;35,9
21160006484000;50;26;24;35,4
21160006485000;48;26;22;37,6
21160006487000;1;0;1;0,0
21160006492000;7;5;2;23,0
21160006494000;8;3;5;40,0
21160006497000;13;8;5;34,6
21160006498000;7;5;2;19,4
21160006502000;2;1;1;0,0
21160006505000;1;0;1;0,0
21160006515000;2;1;1;0,0
21160006516000;19;11;8;39,1
21160006521000;14;6;8;38,1
21160006522000;2;2;0;0,0
21160006523000;10;3;7;24,8
21160006525000;3;2;1;0,0
21160006526000;2;2;0;0,0
21160006527000;4;1;3;0,0
21160006528000;1;1;0;0,0
21160006541000;12;7;5;50,1
21160006542000;22;9;13;33,0
21160006543000;3;3;0;0,0
21160006544000;3;1;2;0,0
21160006598000;2;1;1;0,0
21160006599000;2;1;1;0,0
21160006614000;5;3;2;42,0
21160006620000;2;2;0;0,0
21160006623000;20;8;12;23,6
21160006624000;3;1;2;0,0
21160006628000;10;5;5;43,2
21160006629000;23;12;11;33,5
21160006631000;2;2;0;0,0
21160006632000;7;5;2;25,9
21160006633000;6;3;3;33,3
21160006635000;6;3;3;38,5
21160006642000;2;0;2;0,0
21160006647000;7;3;4;38,4
21160006792000;8;5;3;50,5
21160006793000;14;9;5;49,8
21160006794000;26;11;15;51,2
21160006818000;129;81;48;42,8
21160006819000;317;162;155;43,7
21160006846000;1;1;0;0,0
21160006897000;3;2;1;0,0
21160006949000;21;14;7;46,1
21160006950000;8;4;4;39,5
21160006951000;21;11;10;39,9
21160006952000;12;7;5;40,2
21160006953000;2;1;1;0,0
21160006961000;7;2;5;41,9
21160006962000;4;2;2;0,0
21160006966000;7;3;4;55,0
21160006967000;8;4;4;41,8
21160006968000;28;16;12;50,5
21160006969000;36;19;17;30,1
21160006970000;150;70;80;40,3
21160006973000;16;8;8;38,9
21160006982000;13;9;4;28,5
21160006983000;35;22;13;49,1
21160006994000;33;19;14;33,5
21160006995000;11;6;5;44,7
21160006997000;45;28;17;29,6
21160006998000;571;281;290;47,3
21160006999000;470;231;239;35,8
21160007000000;19;9;10;35,5
21160007001000;72;39;33;40,7
21160007002000;37;18;19;33,4
21160007004000;12;7;5;44,3
21160007005000;34;20;14;43,5
21160007008000;209;110;99;34,9
21160007009000;16;10;6;39,3
21160007011000;14;8;6;31,1
21160007012000;11;7;4;36,6
21160007013000;67;36;31;46,8
21170006476000;38;18;20;42,0
21170006477000;41;18;23;40,4
21170006478000;33;15;18;37,4
21170006482000;1;0;1;0,0
21170006483000;7;5;2;38,4
21170006484000;35;19;16;38,4
21170006485000;89;44;45;36,8
21170006486000;13;5;8;39,2
21170006490000;12;6;6;25,3
21170006491000;7;3;4;18,3
21170006492000;1;1;0;0,0
21170006501000;4;2;2;0,0
21170006503000;8;5;3;49,3
21170006505000;15;10;5;39,1
21170006507000;16;6;10;43,9
21170006514000;39;25;14;45,9
21170006515000;2;1;1;0,0
21170006519000;8;4;4;42,0
21170006520000;3;1;2;0,0
21170006523000;10;5;5;32,2
21170006541000;7;4;3;42,1
21170006551000;1;1;0;0,0
21170006597000;3;1;2;0,0
21170006613000;1;0;1;0,0
21170006614000;10;4;6;45,1
21170006624000;3;1;2;0,0
21170006627000;3;1;2;0,0
21170006628000;2;1;1;0,0
21170006629000;1;1;0;0,0
21170006630000;17;10;7;35,2
21170006633000;5;2;3;60,4
21170006634000;3;2;1;0,0
21170006643000;12;4;8;27,3
21170006656000;2;1;1;0,0
21170006657000;2;1;1;0,0
21170006727000;1;0;1;0,0
21170006745000;1;0;1;0,0
21170006746000;8;4;4;56,3
21170006791000;19;12;7;43,7
21170006792000;11;6;5;44,2
21170006819000;137;73;64;37,2
21170006950000;4;2;2;0,0
21170006951000;207;103;104;41,7
21170006952000;76;42;34;34,1
21170006953000;3;1;2;0,0
21170006958000;8;5;3;51,3
21170006959000;2;1;1;0,0
21170006960000;9;4;5;42,0
21170006961000;25;9;16;44,5
21170006962000;4;3;1;0,0
21170006964000;8;4;4;36,4
21170006965000;12;8;4;50,3
21170006966000;29;16;13;46,0
21170006970000;9;2;7;88,6
21170006979000;6;2;4;41,7
21170006980000;9;6;3;38,9
21170006981000;3;2;1;0,0
21170006983000;123;58;65;43,0
21170006995000;15;9;6;31,9
21170006996000;11;6;5;48,0
21170006998000;57;24;33;57,0
21170006999000;206;101;105;37,2
21170007000000;28;14;14;37,9
21170007004000;35;17;18;39,8
21170007005000;16;10;6;47,8
21170007008000;13;7;6;43,9
21170007009000;173;88;85;43,3
21170007011000;47;24;23;44,0
21170007013000;20;11;9;41,9
21180006476000;7;4;3;37,6
21180006477000;14;8;6;61,4
21180006478000;13;10;3;36,0
21180006479000;7;3;4;44,3
21180006481000;9;3;6;45,2
21180006482000;24;10;14;45,3
21180006483000;10;4;6;41,7
21180006484000;12;7;5;44,3
21180006485000;38;19;19;37,6
21180006486000;8;5;3;15,5
21180006490000;3;2;1;0,0
21180006492000;5;2;3;35,8
21180006499000;2;1;1;0,0
21180006500000;1;1;0;0,0
21180006502000;2;1;1;0,0
21180006504000;4;2;2;0,0
21180006505000;15;7;8;34,1
21180006506000;6;3;3;18,8
21180006514000;3;1;2;0,0
21180006519000;1;1;0;0,0
21180006520000;2;1;1;0,0
21180006523000;6;3;3;51,3
21180006525000;2;1;1;0,0
21180006527000;8;4;4;30,5
21180006537000;1;1;0;0,0
21180006539000;4;3;1;0,0
21180006551000;6;3;3;32,5
21180006596000;2;2;0;0,0
21180006598000;6;2;4;15,3
21180006599000;2;1;1;0,0
21180006614000;18;9;9;41,6
21180006615000;11;7;4;37,7
21180006626000;7;3;4;56,4
21180006627000;17;6;11;24,1
21180006643000;11;5;6;56,5
21180006646000;3;1;2;0,0
21180006653000;5;3;2;28,6
21180006726000;2;2;0;0,0
21180006727000;21;12;9;48,4
21180006728000;1;0;1;0,0
21180006744000;16;9;7;30,1
21180006745000;7;4;3;36,7
21180006791000;5;4;1;31,0
21180006820000;163;83;80;29,3
21180006951000;2;2;0;0,0
21180006952000;20;12;8;43,6
21180006958000;41;23;18;40,0
21180006959000;1;1;0;0,0
21180006960000;17;8;9;41,6
21180006961000;6;2;4;18,0
21180006963000;3;2;1;0,0
21180006964000;12;5;7;57,3
21180006965000;4;3;1;0,0
21180006970000;5;2;3;48,4
21180006971000;12;5;7;30,0
21180006973000;2;1;1;0,0
21180006980000;81;33;48;41,1
21180006981000;52;32;20;29,0
21180006983000;192;106;86;41,7
21180006984000;107;62;45;43,6
21180006995000;7;4;3;54,4
21180006996000;23;13;10;36,2
21180006997000;3;1;2;0,0
21180007003000;19;10;9;51,2
21180007004000;3;1;2;0,0
21180007007000;15;11;4;49,2
21180007008000;44;21;23;41,9
21180007009000;191;102;89;38,9
21180007010000;13;9;4;27,2
21180007011000;8;2;6;34,9
21180007012000;4;1;3;0,0
21180007014000;40;19;21;39,5
21190006476000;194;93;101;40,8
21190006477000;397;206;191;34,9
21190006478000;85;51;34;31,6
21190006479000;26;14;12;38,1
21190006480000;13;8;5;37,1
21190006481000;2;1;1;0,0
21190006482000;4;1;3;0,0
21190006483000;12;7;5;43,7
21190006484000;11;8;3;45,5
21190006490000;6;3;3;29,8
21190006498000;6;3;3;28,8
21190006501000;4;2;2;0,0
21190006503000;2;1;1;0,0
21190006505000;6;4;2;45,8
21190006506000;22;11;11;44,8
21190006507000;1;1;0;0,0
21190006538000;6;3;3;46,2
21190006540000;7;6;1;34,6
21190006598000;4;2;2;0,0
21190006614000;4;2;2;0,0
21190006615000;1;0;1;0,0
21190006616000;4;3;1;0,0
21190006626000;10;5;5;47,2
21190006629000;2;1;1;0,0
21190006645000;16;7;9;36,8
21190006652000;4;3;1;0,0
21190006726000;4;2;2;0,0
21190006727000;1;0;1;0,0
21190006744000;28;12;16;47,2
21190006791000;7;2;5;43,0
21190006821000;2;1;1;0,0
21190006958000;16;6;10;36,0
21190006959000;55;31;24;34,5
21190006960000;2;1;1;0,0
21190006971000;11;5;6;45,6
21190006974000;3;1;2;0,0
21190006980000;5;1;4;48,8
21190006981000;15;7;8;43,4
21190006982000;15;9;6;50,0
21190006983000;569;310;259;38,4
21190006984000;37;20;17;38,5
21190007001000;9;5;4;23,4
21190007002000;13;7;6;49,8
21190007003000;30;18;12;48,9
21190007007000;34;18;16;41,1
21190007008000;41;19;22;44,3
21190007009000;57;29;28;32,4
21190007014000;17;11;6;40,8
21200006476000;9;3;6;36,1
21200006477000;65;33;32;36,4
21200006478000;6;2;4;46,8
21200006479000;3;2;1;0,0
21200006480000;11;6;5;26,9
21200006481000;7;4;3;51,9
21200006482000;56;27;29;39,5
21200006483000;4;2;2;0,0
21200006484000;28;15;13;35,7
21200006485000;10;5;5;39,2
21200006486000;19;11;8;35,1
21200006487000;1;0;1;0,0
21200006490000;21;11;10;40,8
21200006491000;14;6;8;38,1
21200006496000;2;1;1;0,0
21200006497000;12;4;8;36,5
21200006498000;6;3;3;37,5
21200006499000;2;1;1;0,0
21200006506000;6;4;2;49,2
21200006507000;8;5;3;57,1
21200006508000;5;3;2;39,2
21200006510000;11;8;3;32,4
21200006511000;6;3;3;22,2
21200006513000;7;4;3;31,4
21200006514000;4;2;2;0,0
21200006528000;6;3;3;44,5
21200006529000;13;7;6;38,3
21200006536000;3;2;1;0,0
21200006609000;4;3;1;0,0
21200006610000;9;6;3;29,4
21200006613000;1;1;0;0,0
21200006625000;6;3;3;45,2
21200006642000;7;5;2;41,4
21200006645000;1;0;1;0,0
21200006742000;3;2;1;0,0
21200006744000;3;2;1;0,0
21200006790000;1;0;1;0,0
21200006791000;6;2;4;54,2
21200006959000;10;3;7;31,1
21200006971000;22;14;8;35,4
21200006974000;7;3;4;31,9
21200006982000;10;6;4;39,7
21200006983000;116;60;56;27,7
21200006985000;45;21;24;39,3
21200006997000;43;21;22;32,4
21200007000000;7;3;4;47,0
21200007001000;23;12;11;36,2
21200007002000;9;5;4;24,9
21200007003000;56;26;30;40,8
21200007012000;5;3;2;35,2
21200007013000;27;13;14;37,8
21200007014000;20;11;9;45,6
21200007015000;15;9;6;34,4
21210006479000;8;3;5;34,6
21210006480000;115;62;53;31,1
21210006481000;142;81;61;32,1
21210006482000;24;14;10;32,1
21210006483000;12;8;4;30,9
21210006484000;843;422;421;25,1
21210006485000;250;133;117;39,0
21210006486000;112;61;51;31,9
21210006487000;6;4;2;40,5
21210006488000;3;1;2;0,0
21210006489000;6;3;3;39,5
21210006490000;1;0;1;0,0
21210006491000;71;37;34;32,7
21210006495000;8;5;3;52,5
21210006506000;37;20;17;25,7
21210006507000;24;13;11;45,4
21210006508000;12;5;7;37,8
21210006509000;5;3;2;40,6
21210006510000;25;17;8;37,8
21210006511000;2;1;1;0,0
21210006515000;1;1;0;0,0
21210006517000;1;0;1;0,0
21210006526000;1;1;0;0,0
21210006527000;4;3;1;0,0
21210006529000;3;2;1;0,0
21210006530000;6;3;3;56,2
21210006531000;4;2;2;0,0
21210006553000;5;1;4;52,6
21210006575000;5;2;3;30,2
21210006594000;17;10;7;35,6
21210006595000;1;1;0;0,0
21210006609000;10;5;5;47,1
21210006611000;2;2;0;0,0
21210006612000;3;2;1;0,0
21210006613000;8;7;1;49,6
21210006615000;3;2;1;0,0
21210006626000;2;2;0;0,0
21210006627000;4;3;1;0,0
21210006631000;3;2;1;0,0
21210006636000;1;1;0;0,0
21210006642000;2;1;1;0,0
21210006644000;2;1;1;0,0
21210006728000;2;1;1;0,0
21210006740000;3;1;2;0,0
21210006791000;2;1;1;0,0
21210006959000;2;1;1;0,0
21210006971000;3;1;2;0,0
21210006974000;8;5;3;33,6
21210006980000;7;4;3;45,3
21210006982000;14;6;8;44,2
21210006983000;24;7;17;41,8
21210006985000;28;15;13;47,7
21210006986000;1;1;0;0,0
21210006997000;69;37;32;39,1
21210006998000;1;0;1;0,0
21210007001000;34;14;20;34,4
21210007002000;12;7;5;58,7
21210007003000;2;1;1;0,0
21210007009000;16;9;7;46,2
21210007010000;8;3;5;36,6
21210007012000;4;2;2;0,0
21210007013000;118;61;57;38,4
21210007014000;194;101;93;45,4
21210007015000;98;54;44;41,7
21220006481000;22;12;10;29,4
21220006482000;109;53;56;42,6
21220006483000;46;25;21;38,9
21220006484000;665;337;328;34,9
21220006485000;778;390;388;34,4
21220006486000;82;40;42;36,0
21220006488000;2;1;1;0,0
21220006490000;15;10;5;56,5
21220006494000;2;1;1;0,0
21220006498000;1;0;1;0,0
21220006531000;31;19;12;43,1
21220006532000;10;4;6;43,2
21220006575000;2;1;1;0,0
21220006576000;8;4;4;34,3
21220006577000;4;3;1;0,0
21220006594000;3;3;0;0,0
21220006609000;8;6;2;29,4
21220006611000;1;1;0;0,0
21220006625000;1;1;0;0,0
21220006729000;18;10;8;34,6
21220006740000;3;2;1;0,0
21220006792000;3;2;1;0,0
21220006896000;1;1;0;0,0
21220006959000;10;7;3;41,8
21220006969000;2;2;0;0,0
21220006971000;8;4;4;30,1
21220006972000;4;3;1;0,0
21220006975000;2;1;1;0,0
21220006982000;25;14;11;41,0
21220006983000;12;6;6;36,8
21220006985000;20;12;8;40,2
21220006990000;11;7;4;36,8
21220006991000;24;13;11;36,6
21220006997000;13;6;7;32,0
21220006998000;4;1;3;0,0
21220007001000;34;18;16;40,2
21220007002000;21;9;12;40,9
21220007008000;28;12;16;45,4
21220007009000;23;12;11;43,0
21220007010000;2;2;0;0,0
21220007012000;18;9;9;44,9
21220007013000;15;8;7;42,3
21220007014000;22;16;6;33,4
21220007015000;56;29;27;46,1
21220007016000;7;5;2;34,4
21230006481000;144;78;66;38,2
21230006482000;1432;721;711;37,3
21230006483000;539;279;260;36,1
21230006484000;236;126;110;36,4
21230006485000;650;313;337;36,3
21230006486000;199;106;93;33,0
21230006495000;5;1;4;32,4
21230006502000;6;2;4;33,7
21230006504000;7;4;3;50,1
21230006507000;18;9;9;30,3
21230006508000;6;3;3;41,5
21230006510000;4;3;1;0,0
21230006511000;11;5;6;36,1
21230006517000;1;1;0;0,0
21230006528000;11;5;6;22,7
21230006529000;1;1;0;0,0
21230006531000;290;130;160;38,5
21230006532000;280;132;148;43,2
21230006533000;22;13;9;40,2
21230006535000;3;2;1;0,0
21230006537000;2;2;0;0,0
21230006575000;2;1;1;0,0
21230006576000;7;4;3;33,9
21230006577000;4;3;1;0,0
21230006580000;4;1;3;0,0
21230006593000;8;3;5;29,9
21230006595000;6;3;3;43,8
21230006607000;2;1;1;0,0
21230006608000;7;3;4;36,1
21230006609000;6;4;2;55,2
21230006612000;4;2;2;0,0
21230006729000;12;7;5;42,1
21230006740000;17;9;8;43,9
21230006741000;2;1;1;0,0
21230006792000;5;3;2;34,8
21230006953000;8;5;3;66,4
21230006956000;32;11;21;46,2
21230006957000;256;129;127;40,0
21230006958000;20;10;10;49,2
21230006959000;9;6;3;51,0
21230006972000;8;3;5;20,5
21230006973000;2;1;1;0,0
21230006975000;7;4;3;32,6
21230006982000;48;29;19;45,5
21230006983000;13;7;6;29,1
21230006984000;10;6;4;44,8
21230006989000;5;2;3;13,8
21230006990000;5;2;3;57,6
21230006991000;26;14;12;44,0
21230006998000;25;11;14;34,5
21230006999000;1;1;0;0,0
21230007001000;8;5;3;37,3
21230007002000;61;28;33;36,2
21230007008000;42;21;21;37,3
21230007009000;5;4;1;46,8
21230007010000;16;10;6;35,2
21230007011000;54;28;26;33,7
21230007012000;12;6;6;39,6
21240006482000;140;74;66;45,1
21240006483000;1026;522;504;41,5
21240006484000;1469;719;750;41,7
21240006485000;661;313;348;39,6
21240006486000;99;55;44;31,7
21240006495000;15;9;6;33,7
21240006503000;7;4;3;66,7
21240006504000;3;2;1;0,0
21240006507000;4;1;3;0,0
21240006508000;27;15;12;38,4
21240006509000;16;8;8;28,4
21240006510000;14;8;6;45,6
21240006511000;2;1;1;0,0
21240006512000;3;1;2;0,0
21240006516000;26;16;10;35,8
21240006530000;6;3;3;46,8
21240006531000;3;2;1;0,0
21240006532000;52;27;25;35,5
21240006533000;40;24;16;37,1
21240006535000;5;2;3;66,8
21240006550000;1;1;0;0,0
21240006551000;1;0;1;0,0
21240006553000;11;5;6;36,9
21240006555000;2;1;1;0,0
21240006593000;5;2;3;44,4
21240006595000;3;1;2;0,0
21240006607000;1;0;1;0,0
21240006608000;2;1;1;0,0
21240006609000;8;4;4;47,3
21240006611000;3;2;1;0,0
21240006612000;6;3;3;41,5
21240006637000;1;1;0;0,0
21240006729000;32;17;15;53,1
21240006730000;17;6;11;42,2
21240006740000;34;17;17;47,1
21240006741000;6;4;2;29,8
21240006785000;2;1;1;0,0
21240006883000;5;2;3;48,6
21240006952000;2;1;1;0,0
21240006953000;13;5;8;38,8
21240006954000;122;62;60;38,6
21240006955000;138;73;65;40,3
21240006956000;7;5;2;39,9
21240006957000;315;162;153;38,1
21240006958000;894;442;452;44,9
21240006959000;4;1;3;0,0
21240006960000;12;6;6;42,9
21240006973000;4;2;2;0,0
21240006982000;64;34;30;38,6
21240006984000;217;111;106;42,5
21240006991000;5;3;2;53,2
21240006992000;4;3;1;0,0
21240006998000;9;4;5;45,3
21240006999000;13;7;6;41,9
21240007002000;35;16;19;46,3
21240007006000;6;4;2;34,3
21240007007000;54;26;28;38,7
21240007008000;76;38;38;40,9
21240007009000;22;14;8;60,0
21240007010000;9;5;4;52,3
21240007012000;6;2;4;49,3
21240007016000;10;9;1;40,5
21250006483000;261;124;137;58,1
21250006484000;1310;669;641;43,4
21250006485000;971;493;478;37,8
21250006486000;415;210;205;39,1
21250006487000;81;40;41;39,3
21250006490000;32;20;12;32,7
21250006491000;9;4;5;33,3
21250006492000;7;3;4;25,9
21250006493000;4;3;1;0,0
21250006494000;7;6;1;49,7
21250006495000;71;37;34;36,2
21250006496000;23;11;12;32,8
21250006497000;1;1;0;0,0
21250006502000;4;2;2;0,0
21250006511000;6;3;3;68,2
21250006516000;16;10;6;51,2
21250006528000;2;2;0;0,0
21250006531000;38;22;16;39,3
21250006532000;1;1;0;0,0
21250006533000;2;1;1;0,0
21250006534000;18;8;10;44,6
21250006535000;2;1;1;0,0
21250006537000;6;2;4;36,8
21250006549000;1;1;0;0,0
21250006554000;2;1;1;0,0
21250006572000;3;0;3;0,0
21250006575000;2;1;1;0,0
21250006576000;4;2;2;0,0
21250006577000;5;4;1;35,6
21250006592000;2;1;1;0,0
21250006595000;9;4;5;54,0
21250006603000;2;1;1;0,0
21250006607000;3;1;2;0,0
21250006612000;12;4;8;43,1
21250006623000;4;3;1;0,0
21250006630000;23;15;8;33,7
21250006631000;6;4;2;26,5
21250006632000;6;6;0;45,3
21250006649000;3;2;1;0,0
21250006650000;2;1;1;0,0
21250006651000;2;1;1;0,0
21250006729000;140;70;70;44,6
21250006730000;25;15;10;54,1
21250006740000;134;65;69;41,9
21250006741000;6;4;2;68,5
21250006794000;10;7;3;26,9
21250006883000;4;2;2;0,0
21250006884000;12;8;4;48,3
21250006954000;21;11;10;46,6
21250006955000;5;3;2;59,4
21250006956000;72;34;38;47,3
21250006957000;591;300;291;41,3
21250006958000;106;54;52;43,5
21250006960000;28;13;15;38,5
21250006982000;24;10;14;40,7
21250006984000;236;110;126;43,3
21250006992000;12;5;7;46,2
21250006993000;16;10;6;33,6
21250006999000;35;21;14;41,1
21250007000000;13;6;7;43,5
21250007002000;2;1;1;0,0
21250007003000;41;20;21;48,4
21250007006000;10;6;4;25,5
21250007007000;14;11;3;35,7
21250007008000;141;64;77;37,1
21250007009000;13;8;5;37,2
21250007010000;11;5;6;43,8
21250007012000;35;20;15;32,9
21250007013000;28;9;19;26,7
21250007016000;10;7;3;35,3
21250007018000;12;5;7;46,6
21260006483000;14;7;7;46,3
21260006484000;58;28;30;40,1
21260006485000;54;26;28;31,5
21260006486000;74;37;37;40,4
21260006487000;192;99;93;35,9
21260006488000;7;3;4;30,4
21260006491000;67;30;37;38,6
21260006492000;33;13;20;39,5
21260006493000;30;16;14;30,3
21260006494000;21;12;9;41,2
21260006495000;37;19;18;42,5
21260006496000;8;6;2;39,5
21260006500000;10;4;6;36,1
21260006501000;24;12;12;33,9
21260006502000;173;85;88;38,4
21260006503000;10;4;6;64,9
21260006509000;6;3;3;31,5
21260006516000;9;6;3;32,1
21260006530000;10;4;6;42,4
21260006531000;35;19;16;33,8
21260006532000;19;12;7;45,4
21260006536000;13;8;5;40,8
21260006537000;8;4;4;58,0
21260006551000;39;17;22;42,5
21260006552000;26;13;13;32,5
21260006570000;3;1;2;0,0
21260006571000;18;9;9;29,7
21260006572000;4;2;2;0,0
21260006573000;28;13;15;41,6
21260006575000;4;2;2;0,0
21260006576000;22;14;8;36,2
21260006593000;5;2;3;50,6
21260006594000;3;2;1;0,0
21260006606000;2;1;1;0,0
21260006607000;1;1;0;0,0
21260006611000;3;1;2;0,0
21260006612000;34;19;15;38,9
21260006613000;20;5;15;41,4
21260006623000;5;3;2;62,0
21260006624000;32;13;19;41,2
21260006630000;32;19;13;40,9
21260006631000;7;4;3;44,7
21260006632000;6;3;3;35,2
21260006723000;3;2;1;0,0
21260006729000;224;113;111;43,0
21260006730000;33;19;14;46,5
21260006740000;107;57;50;46,4
21260006884000;13;6;7;43,5
21260006954000;40;25;15;51,0
21260006955000;84;44;40;40,6
21260006956000;27;12;15;42,9
21260006958000;5;3;2;48,4
21260006960000;9;5;4;59,3
21260006972000;13;6;7;62,6
21260006973000;23;13;10;54,3
21260006983000;1;1;0;0,0
21260006984000;70;37;33;42,2
21260006992000;11;5;6;51,4
21260006993000;20;10;10;39,0
21260006994000;31;14;17;40,3
21260007000000;15;6;9;51,0
21260007001000;11;4;7;29,3
21260007003000;39;22;17;45,3
21260007004000;8;5;3;45,1
21260007006000;21;13;8;36,7
21260007007000;29;16;13;31,9
21260007009000;6;3;3;22,7
21260007010000;23;12;11;50,4
21260007012000;21;11;10;45,2
21260007013000;4;3;1;0,0
21260007014000;77;39;38;39,0
21260007015000;62;28;34;43,3
21260007016000;44;24;20;34,5
21260007018000;111;54;57;38,9
21260007019000;14;8;6;54,4
21270006484000;97;50;47;37,4
21270006485000;65;33;32;39,6
21270006486000;71;36;35;43,9
21270006487000;653;330;323;33,6
21270006488000;62;29;33;36,0
21270006489000;20;12;8;30,2
21270006490000;24;13;11;42,8
21270006491000;40;21;19;41,0
21270006492000;87;46;41;32,8
21270006493000;55;24;31;35,5
21270006494000;1;1;0;0,0
21270006495000;28;13;15;44,1
21270006496000;54;28;26;34,6
21270006497000;25;11;14;53,2
21270006498000;28;13;15;44,1
21270006500000;41;24;17;31,8
21270006502000;91;51;40;34,6
21270006503000;6;3;3;32,2
21270006504000;24;11;13;34,0
21270006505000;22;13;9;27,5
21270006509000;1;1;0;0,0
21270006510000;2;1;1;0,0
21270006514000;15;8;7;36,4
21270006515000;7;5;2;38,4
21270006516000;10;5;5;15,4
21270006518000;7;3;4;25,4
21270006524000;2;1;1;0,0
21270006525000;7;4;3;50,4
21270006531000;1;1;0;0,0
21270006532000;1;1;0;0,0
21270006533000;4;2;2;0,0
21270006536000;1;1;0;0,0
21270006537000;2;1;1;0,0
21270006538000;3;1;2;0,0
21270006550000;2;1;1;0,0
21270006551000;3;1;2;0,0
21270006552000;16;7;9;43,9
21270006553000;20;13;7;52,6
21270006554000;18;10;8;47,3
21270006555000;17;4;13;46,5
21270006561000;79;40;39;46,8
21270006562000;11;6;5;31,6
21270006568000;11;6;5;48,4
21270006577000;2;1;1;0,0
21270006593000;7;4;3;52,7
21270006594000;26;14;12;33,1
21270006603000;10;5;5;51,7
21270006604000;1;1;0;0,0
21270006605000;10;6;4;59,3
21270006606000;6;3;3;62,3
21270006608000;4;3;1;0,0
21270006609000;10;5;5;48,1
21270006610000;1;0;1;0,0
21270006611000;75;42;33;43,9
21270006612000;20;9;11;39,4
21270006613000;10;5;5;55,4
21270006628000;4;3;1;0,0
21270006629000;16;9;7;43,1
21270006630000;7;5;2;68,9
21270006651000;1;0;1;0,0
21270006722000;6;3;3;44,0
21270006723000;3;2;1;0,0
21270006726000;1;0;1;0,0
21270006728000;9;6;3;46,1
21270006729000;198;92;106;50,7
21270006730000;129;61;68;50,7
21270006731000;32;17;15;38,3
21270006739000;6;1;5;25,3
21270006740000;47;24;23;44,4
21270006882000;3;1;2;0,0
21270006884000;3;2;1;0,0
21270006950000;3;2;1;0,0
21270006951000;5;2;3;34,0
21270006952000;14;8;6;47,3
21270006953000;15;9;6;44,2
21270006959000;3;2;1;0,0
21270006960000;33;19;14;33,9
21270006971000;2;1;1;0,0
21270006972000;41;21;20;33,0
21270006973000;19;8;11;50,8
21270006974000;3;3;0;0,0
21270006976000;3;2;1;0,0
21270006983000;2;1;1;0,0
21270006984000;2;1;1;0,0
21270006985000;17;9;8;29,1
21270006993000;47;21;26;36,4
21270006994000;43;20;23;41,5
21270006995000;98;51;47;36,3
21270006996000;22;14;8;40,9
21270007001000;31;15;16;41,3
21270007004000;31;15;16;39,6
21270007006000;22;10;12;48,4
21270007012000;33;16;17;41,4
21270007013000;141;66;75;40,0
21270007015000;32;15;17;40,0
21270007018000;133;59;74;36,8
21270007019000;83;44;39;34,6
21280006483000;6;4;2;65,8
21280006484000;21;10;11;49,7
21280006485000;63;29;34;37,1
21280006486000;40;24;16;32,8
21280006487000;588;293;295;32,5
21280006488000;46;24;22;36,9
21280006489000;70;36;34;34,1
21280006490000;84;42;42;40,4
21280006491000;145;77;68;38,0
21280006492000;461;226;235;36,0
21280006493000;45;28;17;38,3
21280006494000;70;39;31;41,3
21280006495000;88;45;43;35,3
21280006496000;108;50;58;30,0
21280006497000;37;23;14;36,1
21280006498000;89;45;44;36,1
21280006499000;58;33;25;37,7
21280006500000;68;34;34;37,1
21280006501000;266;135;131;26,3
21280006502000;447;221;226;33,7
21280006503000;50;30;20;31,1
21280006504000;5;3;2;33,8
21280006505000;12;6;6;22,8
21280006506000;20;11;9;35,7
21280006507000;3;2;1;0,0
21280006508000;76;38;38;34,0
21280006509000;6;5;1;24,0
21280006513000;18;8;10;33,9
21280006514000;14;6;8;30,0
21280006515000;2;2;0;0,0
21280006516000;1;1;0;0,0
21280006524000;8;3;5;25,0
21280006525000;11;6;5;64,4
21280006539000;1;1;0;0,0
21280006540000;2;1;1;0,0
21280006555000;7;3;4;42,6
21280006559000;66;37;29;40,8
21280006560000;111;56;55;39,4
21280006561000;232;120;112;35,4
21280006562000;6;2;4;38,5
21280006563000;4;1;3;0,0
21280006564000;12;7;5;47,9
21280006570000;1;1;0;0,0
21280006571000;1;0;1;0,0
21280006573000;1;1;0;0,0
21280006576000;87;44;43;45,8
21280006578000;2;2;0;0,0
21280006593000;3;2;1;0,0
21280006594000;58;27;31;48,8
21280006601000;22;12;10;44,2
21280006602000;23;11;12;43,4
21280006603000;18;12;6;49,1
21280006604000;8;4;4;37,5
21280006605000;41;23;18;39,6
21280006606000;11;7;4;34,8
21280006607000;15;7;8;24,6
21280006608000;4;3;1;0,0
21280006609000;9;4;5;48,9
21280006610000;27;11;16;42,2
21280006611000;7;3;4;37,1
21280006621000;1;1;0;0,0
21280006622000;7;4;3;47,9
21280006627000;7;2;5;31,1
21280006628000;30;15;15;49,9
21280006629000;24;11;13;39,1
21280006727000;4;3;1;0,0
21280006728000;42;22;20;36,2
21280006729000;518;249;269;36,8
21280006730000;405;204;201;42,3
21280006731000;135;71;64;43,1
21280006739000;27;15;12;48,8
21280006740000;20;12;8;44,3
21280006883000;1;1;0;0,0
21280006884000;14;8;6;55,1
21280006889000;1;1;0;0,0
21280006890000;2;1;1;0,0
21280006947000;6;2;4;41,7
21280006951000;5;4;1;34,0
21280006952000;14;6;8;55,7
21280006959000;109;55;54;37,8
21280006960000;18;12;6;36,7
21280006970000;14;8;6;30,9
21280006971000;22;12;10;38,7
21280006974000;2;1;1;0,0
21280006976000;1;0;1;0,0
21280006982000;4;2;2;0,0
21280006983000;14;7;7;45,1
21280006985000;56;32;24;41,7
21280006994000;249;114;135;48,0
21280006995000;114;57;57;42,5
21280006996000;21;10;11;58,0
21280007001000;3;1;2;0,0
21280007002000;15;7;8;52,0
21280007004000;40;19;21;51,8
21280007011000;48;27;21;41,8
21280007012000;132;68;64;38,3
21280007013000;118;64;54;37,4
21280007014000;61;35;26;35,2
21280007015000;28;15;13;41,8
21280007016000;16;8;8;43,4
21280007017000;4;2;2;0,0
21280007019000;74;36;38;35,0
21290006486000;61;32;29;36,0
21290006487000;872;428;444;35,4
21290006488000;169;79;90;37,1
21290006489000;52;28;24;51,8
21290006490000;89;46;43;38,8
21290006491000;60;32;28;41,4
21290006492000;73;38;35;36,3
21290006493000;40;20;20;30,4
21290006494000;5;3;2;41,0
21290006495000;20;9;11;34,4
21290006497000;21;11;10;29,8
21290006498000;23;13;10;42,2
21290006500000;16;8;8;48,1
21290006501000;39;21;18;38,8
21290006502000;688;323;365;46,4
21290006503000;199;95;104;39,0
21290006504000;39;18;21;47,4
21290006505000;10;5;5;32,6
21290006506000;33;16;17;36,0
21290006507000;28;14;14;30,1
21290006508000;31;18;13;29,6
21290006510000;1;0;1;0,0
21290006512000;20;10;10;40,3
21290006513000;48;24;24;38,0
21290006524000;2;1;1;0,0
21290006525000;15;7;8;52,3
21290006539000;3;2;1;0,0
21290006540000;4;2;2;0,0
21290006545000;14;8;6;34,4
21290006547000;20;10;10;34,7
21290006555000;1;1;0;0,0
21290006558000;22;11;11;45,4
21290006559000;66;33;33;46,8
21290006560000;4;2;2;0,0
21290006561000;28;15;13;38,1
21290006571000;5;3;2;57,4
21290006574000;15;8;7;53,3
21290006575000;6;2;4;35,0
21290006576000;19;9;10;49,4
21290006577000;23;11;12;54,0
21290006578000;7;5;2;44,1
21290006579000;19;9;10;45,7
21290006580000;18;8;10;40,2
21290006582000;5;2;3;22,0
21290006592000;4;3;1;0,0
21290006593000;12;6;6;33,9
21290006594000;110;58;52;46,0
21290006601000;1;1;0;0,0
21290006602000;13;5;8;30,5
21290006603000;107;57;50;43,5
21290006604000;125;63;62;45,6
21290006605000;17;9;8;40,7
21290006607000;14;8;6;46,3
21290006609000;2;1;1;0,0
21290006610000;3;1;2;0,0
21290006613000;1;0;1;0,0
21290006621000;4;2;2;0,0
21290006622000;9;5;4;47,8
21290006627000;19;13;6;33,9
21290006724000;6;2;4;43,3
21290006725000;6;4;2;33,7
21290006729000;24;13;11;41,1
21290006730000;415;197;218;40,7
21290006731000;180;89;91;40,3
21290006732000;11;5;6;45,2
21290006739000;40;22;18;44,7
21290006883000;1;1;0;0,0
21290006884000;9;3;6;34,3
21290006946000;4;3;1;0,0
21290006947000;5;2;3;48,2
21290006958000;9;4;5;52,3
21290006959000;389;178;211;42,1
21290006974000;9;4;5;42,3
21290006976000;2;1;1;0,0
21290006977000;8;5;3;31,1
21290006983000;11;5;6;42,5
21290006984000;1;1;0;0,0
21290006985000;56;32;24;39,4
21290006995000;52;24;28;37,5
21290006996000;39;18;21;28,6
21290006997000;12;7;5;69,3
21290007002000;15;7;8;44,8
21290007004000;16;7;9;48,3
21290007005000;25;13;12;45,2
21290007008000;2;1;1;0,0
21290007009000;26;13;13;52,5
21290007010000;15;8;7;42,9
21290007011000;43;20;23;45,7
21290007012000;32;18;14;40,8
21290007013000;56;25;31;31,6
21290007014000;187;94;93;39,8
21290007015000;318;171;147;44,2
21290007016000;118;39;79;57,4
21290007017000;70;36;34;36,9
21290007018000;50;23;27;37,8
21290007019000;30;13;17;31,8
21300006487000;535;262;273;40,4
21300006488000;1066;507;559;41,0
21300006489000;103;54;49;35,3
21300006490000;6;3;3;60,7
21300006491000;83;43;40;40,2
21300006492000;166;79;87;36,3
21300006493000;35;18;17;42,9
21300006495000;3;1;2;0,0
21300006496000;26;14;12;35,2
21300006497000;40;18;22;38,5
21300006498000;26;16;10;28,4
21300006499000;3;2;1;0,0
21300006500000;43;26;17;50,9
21300006501000;213;102;111;35,8
21300006502000;915;475;440;30,8
21300006503000;168;90;78;40,0
21300006504000;71;32;39;36,8
21300006505000;45;19;26;35,4
21300006506000;56;30;26;33,2
21300006507000;2;0;2;0,0
21300006508000;10;5;5;27,2
21300006510000;44;25;19;38,7
21300006511000;19;8;11;22,6
21300006512000;32;19;13;30,6
21300006513000;9;3;6;44,1
21300006519000;36;21;15;47,1
21300006520000;1;1;0;0,0
21300006524000;1;1;0;0,0
21300006525000;9;4;5;49,6
21300006538000;10;4;6;47,5
21300006539000;2;1;1;0,0
21300006542000;3;2;1;0,0
21300006544000;6;3;3;34,3
21300006545000;4;3;1;0,0
21300006558000;2;1;1;0,0
21300006559000;18;8;10;47,4
21300006575000;11;6;5;53,2
21300006576000;2;1;1;0,0
21300006579000;19;9;10;40,5
21300006580000;15;6;9;46,7
21300006581000;8;3;5;47,1
21300006587000;4;1;3;0,0
21300006592000;7;4;3;51,9
21300006593000;16;6;10;45,1
21300006594000;54;28;26;45,2
21300006595000;2;1;1;0,0
21300006599000;2;1;1;0,0
21300006601000;3;1;2;0,0
21300006602000;145;72;73;49,2
21300006603000;229;109;120;43,8
21300006604000;49;23;26;43,6
21300006605000;12;6;6;40,0
21300006606000;36;20;16;46,8
21300006607000;16;5;11;50,4
21300006608000;4;2;2;0,0
21300006611000;15;8;7;29,1
21300006612000;9;6;3;42,4
21300006622000;2;1;1;0,0
21300006625000;20;9;11;51,9
21300006723000;2;1;1;0,0
21300006724000;46;23;23;42,5
21300006731000;54;30;24;44,2
21300006732000;25;12;13;36,8
21300006739000;2;1;1;0,0
21300006812000;3;1;2;0,0
21300006884000;5;2;3;46,4
21300006944000;21;9;12;53,9
21300006945000;5;3;2;70,6
21300006946000;8;3;5;35,9
21300006958000;28;14;14;42,7
21300006959000;690;339;351;42,6
21300006960000;2;1;1;0,0
21300006975000;4;2;2;0,0
21300006977000;38;19;19;39,5
21300006984000;8;5;3;59,3
21300006985000;32;18;14;37,0
21300006986000;28;14;14;43,4
21300006996000;5;2;3;69,4
21300006997000;3;2;1;0,0
21300006998000;28;12;16;39,3
21300007002000;12;6;6;45,9
21300007005000;35;22;13;39,7
21300007006000;2;1;1;0,0
21300007008000;43;24;19;45,7
21300007014000;8;5;3;50,8
21300007015000;5;2;3;32,0
21300007016000;92;49;43;36,6
21300007017000;88;46;42;37,6
21310006487000;1;1;0;0,0
21310006488000;867;430;437;36,2
21310006489000;87;44;43;40,6
21310006490000;768;384;384;31,2
21310006491000;385;194;191;40,2
21310006492000;23;10;13;52,4
21310006493000;199;93;106;43,9
21310006494000;21;12;9;41,7
21310006495000;32;16;16;40,8
21310006496000;29;14;15;50,7
21310006497000;23;12;11;44,5
21310006498000;9;4;5;59,6
21310006499000;124;69;55;42,0
21310006500000;23;12;11;35,9
21310006502000;24;10;14;32,3
21310006503000;37;19;18;41,1
21310006504000;16;8;8;34,9
21310006505000;44;23;21;44,0
21310006506000;29;14;15;36,1
21310006519000;93;50;43;40,4
21310006522000;4;3;1;0,0
21310006524000;2;1;1;0,0
21310006525000;7;4;3;36,3
21310006544000;2;1;1;0,0
21310006545000;10;6;4;40,0
21310006557000;35;18;17;45,2
21310006558000;9;5;4;51,8
21310006575000;4;2;2;0,0
21310006576000;5;3;2;42,0
21310006587000;3;2;1;0,0
21310006588000;12;5;7;48,7
21310006591000;6;3;3;39,7
21310006592000;23;14;9;49,4
21310006593000;3;2;1;0,0
21310006598000;3;2;1;0,0
21310006600000;4;2;2;0,0
21310006601000;70;33;37;41,9
21310006602000;175;84;91;44,4
21310006607000;6;5;1;55,0
21310006609000;3;1;2;0,0
21310006610000;14;8;6;39,8
21310006611000;19;9;10;36,8
21310006623000;6;5;1;31,5
21310006723000;13;6;7;36,2
21310006724000;21;13;8;46,3
21310006732000;28;13;15;32,1
21310006738000;3;2;1;0,0
21310006739000;4;2;2;0,0
21310006774000;4;3;1;0,0
21310006884000;11;6;5;27,9
21310006888000;1;1;0;0,0
21310006943000;13;6;7;38,3
21310006944000;5;2;3;61,6
21310006956000;11;6;5;58,3
21310006957000;16;8;8;34,8
21310006958000;56;25;31;38,8
21310006959000;111;59;52;40,2
21310006975000;5;3;2;17,0
21310006977000;26;15;11;37,1
21310006978000;1;0;1;0,0
21310006984000;9;4;5;48,3
21310006985000;12;5;7;29,3
21310006986000;16;10;6;40,9
21310006996000;7;4;3;36,9
21310006997000;3;2;1;0,0
21310006998000;5;3;2;56,2
21310006999000;5;2;3;37,6
21310007002000;3;3;0;0,0
21310007003000;2;1;1;0,0
21310007005000;7;4;3;31,6
21310007006000;71;34;37;47,3
21310007007000;20;13;7;26,9
21310007008000;24;13;11;37,7
21310007010000;1;1;0;0,0
21310007011000;27;15;12;39,0
21310007012000;19;9;10;33,3
21310007013000;39;20;19;39,1
21320006487000;5;4;1;20,8
21320006488000;603;302;301;41,4
21320006489000;143;72;71;39,2
21320006490000;41;19;22;36,2
21320006491000;986;507;479;39,9
21320006492000;323;141;182;46,3
21320006493000;905;462;443;39,4
21320006494000;682;336;346;41,4
21320006495000;66;34;32;39,8
21320006496000;1;0;1;0,0
21320006497000;29;17;12;44,6
21320006498000;10;5;5;62,1
21320006499000;35;18;17;39,3
21320006500000;4;3;1;0,0
21320006503000;26;14;12;44,8
21320006504000;14;6;8;30,9
21320006505000;12;6;6;54,7
21320006506000;25;13;12;40,6
21320006508000;9;7;2;37,4
21320006515000;5;2;3;40,6
21320006519000;1;0;1;0,0
21320006522000;2;1;1;0,0
21320006526000;4;2;2;0,0
21320006557000;5;3;2;54,6
21320006559000;1;0;1;0,0
21320006596000;1;1;0;0,0
21320006597000;4;3;1;0,0
21320006598000;14;5;9;46,6
21320006599000;14;8;6;49,1
21320006600000;65;32;33;33,4
21320006601000;38;17;21;42,6
21320006606000;2;2;0;0,0
21320006607000;30;16;14;41,8
21320006608000;17;10;7;55,5
21320006609000;7;2;5;28,3
21320006622000;9;4;5;65,3
21320006722000;15;9;6;33,5
21320006723000;19;9;10;51,6
21320006729000;2;1;1;0,0
21320006732000;18;11;7;46,5
21320006733000;20;12;8;48,2
21320006738000;52;23;29;35,6
21320006739000;22;11;11;34,9
21320006749000;10;4;6;33,2
21320006801000;2;1;1;0,0
21320006884000;4;1;3;0,0
21320006888000;4;2;2;0,0
21320006942000;6;3;3;61,2
21320006956000;14;6;8;37,4
21320006957000;9;5;4;36,3
21320006958000;32;16;16;44,0
21320006959000;70;37;33;36,5
21320006978000;1;1;0;0,0
21320006984000;4;2;2;0,0
21320006985000;4;1;3;0,0
21320006986000;7;4;3;71,0
21320006987000;5;4;1;39,6
21320006994000;8;5;3;32,6
21320006996000;12;6;6;29,9
21320006997000;55;30;25;37,3
21320006999000;18;10;8;36,2
21320007000000;25;12;13;33,6
21320007002000;6;3;3;24,3
21320007006000;3;2;1;0,0
21320007007000;4;1;3;0,0
21320007010000;36;21;15;31,2
21320007011000;127;65;62;39,3
21320007012000;22;13;9;42,9
21320007013000;16;8;8;52,0
21320007014000;75;41;34;37,6
21320007015000;7;4;3;44,7
21320007018000;32;19;13;53,0
21320007019000;738;369;369;42,2
21320007020000;920;466;454;43,5
21330006489000;6;4;2;40,5
21330006491000;14;8;6;44,3
21330006492000;613;300;313;36,8
21330006493000;295;148;147;37,7
21330006494000;594;292;302;37,1
21330006495000;522;278;244;32,0
21330006496000;23;11;12;45,9
21330006497000;44;23;21;40,5
21330006498000;557;282;275;28,6
21330006499000;26;14;12;32,8
21330006501000;11;6;5;40,7
21330006504000;7;3;4;26,1
21330006505000;13;10;3;50,2
21330006506000;3;2;1;0,0
21330006507000;1;0;1;0,0
21330006516000;2;1;1;0,0
21330006517000;11;7;4;44,2
21330006519000;1;1;0;0,0
21330006522000;6;3;3;41,0
21330006526000;5;4;1;31,0
21330006527000;8;5;3;52,3
21330006560000;1;1;0;0,0
21330006607000;17;9;8;31,4
21330006722000;16;8;8;51,1
21330006723000;2;1;1;0,0
21330006732000;1;0;1;0,0
21330006733000;32;15;17;44,1
21330006734000;24;14;10;32,3
21330006735000;5;2;3;62,4
21330006737000;5;2;3;49,8
21330006738000;247;117;130;48,6
21330006739000;22;12;10;51,5
21330006745000;6;4;2;43,2
21330006746000;5;3;2;54,6
21330006884000;4;2;2;0,0
21330006956000;13;7;6;43,5
21330006957000;20;10;10;39,5
21330006958000;35;20;15;44,3
21330006959000;41;24;17;44,0
21330006975000;2;1;1;0,0
21330006983000;2;1;1;0,0
21330006985000;5;1;4;24,2
21330006987000;5;3;2;58,0
21330006995000;19;11;8;44,7
21330006996000;11;4;7;35,0
21330006997000;14;7;7;30,9
21330006998000;7;4;3;49,7
21330007000000;6;3;3;62,0
21330007002000;13;5;8;54,5
21330007008000;21;12;9;43,5
21330007009000;84;41;43;44,7
21330007010000;17;9;8;26,8
21330007015000;13;7;6;39,9
21330007017000;707;361;346;40,9
21330007018000;2752;1369;1383;44,7
21330007019000;2824;1409;1415;41,3
21330007020000;1636;776;860;41,5
21340006492000;40;20;20;39,5
21340006493000;314;167;147;41,0
21340006494000;303;159;144;39,3
21340006495000;900;441;459;38,3
21340006496000;28;14;14;44,3
21340006497000;192;101;91;40,0
21340006498000;157;81;76;30,8
21340006499000;483;244;239;32,2
21340006500000;30;15;15;35,4
21340006501000;16;9;7;49,6
21340006502000;4;2;2;0,0
21340006503000;2;1;1;0,0
21340006506000;2;1;1;0,0
21340006507000;1;0;1;0,0
21340006509000;12;5;7;35,7
21340006510000;45;24;21;34,8
21340006512000;4;2;2;0,0
21340006514000;2;1;1;0,0
21340006519000;6;4;2;41,7
21340006522000;30;17;13;44,7
21340006529000;9;4;5;37,2
21340006540000;8;5;3;46,3
21340006548000;6;3;3;38,3
21340006607000;6;3;3;63,5
21340006620000;12;6;6;23,9
21340006621000;10;5;5;50,4
21340006624000;2;1;1;0,0
21340006625000;13;6;7;30,0
21340006626000;10;5;5;35,2
21340006627000;3;1;2;0,0
21340006654000;5;3;2;49,6
21340006721000;5;5;0;47,8
21340006734000;20;9;11;32,7
21340006735000;8;3;5;55,0
21340006737000;68;36;32;36,1
21340006738000;68;34;34;43,4
21340006745000;13;6;7;48,9
21340006746000;22;11;11;40,8
21340006883000;1;1;0;0,0
21340006954000;9;5;4;53,6
21340006955000;15;9;6;33,3
21340006958000;6;3;3;35,3
21340006959000;12;7;5;42,7
21340006975000;5;3;2;52,8
21340006983000;1;1;0;0,0
21340006984000;6;4;2;43,3
21340006985000;5;2;3;56,2
21340006987000;14;7;7;42,5
21340006988000;3;2;1;0,0
21340006994000;10;7;3;48,1
21340006998000;15;8;7;36,8
21340007001000;19;11;8;41,6
21340007002000;2;1;1;0,0
21340007008000;100;55;45;40,7
21340007009000;83;38;45;48,3
21340007015000;16;7;9;41,0
21340007016000;9;6;3;37,9
21340007017000;100;50;50;48,0
21340007018000;1914;980;934;42,4
21340007019000;1882;958;924;42,9
21340007020000;67;35;32;45,3
21350006493000;168;90;78;40,2
21350006494000;1107;524;583;44,9
21350006495000;1342;656;686;39,1
21350006496000;1524;744;780;42,4
21350006497000;885;461;424;35,0
21350006498000;277;134;143;36,8
21350006499000;388;194;194;33,8
21350006500000;23;13;10;31,5
21350006501000;29;16;13;48,2
21350006502000;9;3;6;59,9
21350006505000;1;1;0;0,0
21350006508000;6;3;3;53,7
21350006509000;8;6;2;25,8
21350006512000;42;23;19;37,1
21350006517000;1;0;1;0,0
21350006520000;3;2;1;0,0
21350006521000;7;3;4;50,6
21350006522000;23;13;10;46,5
21350006523000;2;1;1;0,0
21350006531000;4;1;3;0,0
21350006532000;2;1;1;0,0
21350006606000;13;8;5;39,5
21350006607000;22;11;11;44,6
21350006608000;41;18;23;43,9
21350006609000;7;5;2;52,3
21350006620000;3;1;2;0,0
21350006621000;6;4;2;33,3
21350006623000;9;5;4;47,3
21350006624000;28;15;13;35,0
21350006720000;7;4;3;57,3
21350006721000;10;5;5;55,3
21350006734000;5;2;3;67,0
21350006735000;28;19;9;46,9
21350006736000;20;8;12;51,2
21350006737000;34;15;19;41,9
21350006746000;10;6;4;43,5
21350006760000;2;1;1;0,0
21350006812000;1;1;0;0,0
21350006883000;4;2;2;0,0
21350006884000;28;14;14;45,0
21350006941000;4;2;2;0,0
21350006942000;5;3;2;66,4
21350006954000;15;9;6;33,7
21350006976000;14;8;6;30,3
21350006982000;2;1;1;0,0
21350006984000;45;22;23;39,8
21350006985000;3;2;1;0,0
21350006999000;5;3;2;53,8
21350007002000;14;3;11;38,6
21350007003000;55;29;26;30,0
21350007004000;8;2;6;41,3
21350007008000;41;20;21;43,5
21350007009000;287;144;143;31,7
21350007010000;394;202;192;40,4
21350007011000;5;2;3;15,6
21350007014000;41;23;18;45,0
21350007015000;122;64;58;39,1
21350007016000;1;1;0;0,0
21350007018000;1433;718;715;40,3
21350007019000;549;281;268;41,4
21350007020000;94;49;45;39,5
21360006492000;6;3;3;32,2
21360006493000;51;26;25;27,6
21360006494000;480;247;233;36,9
21360006495000;822;402;420;41,6
21360006496000;1635;818;817;42,8
21360006497000;2112;1063;1049;40,2
21360006498000;1699;817;882;38,0
21360006499000;628;322;306;37,5
21360006500000;18;8;10;59,4
21360006501000;30;16;14;33,2
21360006502000;16;7;9;52,2
21360006503000;3;1;2;0,0
21360006504000;7;4;3;44,4
21360006505000;17;8;9;34,5
21360006506000;1;1;0;0,0
21360006514000;5;3;2;64,6
21360006520000;3;1;2;0,0
21360006522000;21;10;11;45,9
21360006531000;2;1;1;0,0
21360006533000;2;1;1;0,0
21360006534000;4;2;2;0,0
21360006545000;6;3;3;36,0
21360006546000;1;1;0;0,0
21360006604000;1;1;0;0,0
21360006606000;13;6;7;56,8
21360006607000;5;4;1;58,8
21360006608000;8;4;4;35,6
21360006609000;69;39;30;49,8
21360006610000;6;3;3;32,2
21360006619000;5;3;2;66,4
21360006620000;48;27;21;33,8
21360006621000;69;35;34;47,4
21360006622000;28;16;12;41,6
21360006623000;26;14;12;48,9
21360006655000;32;18;14;41,8
21360006703000;1;1;0;0,0
21360006714000;1;0;1;0,0
21360006720000;5;4;1;46,0
21360006733000;1;1;0;0,0
21360006734000;17;10;7;37,4
21360006735000;2;1;1;0,0
21360006736000;42;25;17;38,6
21360006737000;8;5;3;37,1
21360006746000;7;6;1;43,6
21360006747000;10;5;5;56,2
21360006803000;13;7;6;35,7
21360006804000;15;9;6;44,2
21360006883000;30;16;14;39,6
21360006884000;18;11;7;45,3
21360006941000;2;1;1;0,0
21360006959000;16;10;6;29,1
21360006976000;5;3;2;56,6
21360006982000;5;3;2;52,0
21360006983000;2;1;1;0,0
21360006988000;1;0;1;0,0
21360006989000;13;7;6;36,9
21360006999000;23;12;11;33,7
21360007002000;25;14;11;34,2
21360007008000;45;25;20;27,6
21360007009000;38;23;15;52,8
21360007014000;5;3;2;31,4
21360007015000;206;89;117;34,7
21360007016000;8;3;5;43,4
21360007018000;219;114;105;42,7
21360007019000;776;404;372;37,5
21370006493000;5;3;2;24,0
21370006494000;457;233;224;43,2
21370006495000;640;319;321;38,3
21370006496000;331;165;166;39,6
21370006497000;2217;1019;1198;46,7
21370006498000;1420;689;731;43,3
21370006499000;297;143;154;40,0
21370006500000;38;22;16;28,7
21370006501000;95;50;45;41,4
21370006502000;231;115;116;34,0
21370006503000;28;14;14;25,7
21370006504000;6;4;2;33,3
21370006513000;2;1;1;0,0
21370006522000;18;10;8;39,8
21370006523000;23;11;12;45,1
21370006524000;8;4;4;56,0
21370006525000;6;3;3;31,0
21370006529000;4;2;2;0,0
21370006530000;5;2;3;61,6
21370006606000;10;3;7;48,9
21370006610000;64;35;29;31,5
21370006611000;35;18;17;31,4
21370006613000;12;7;5;45,8
21370006619000;81;38;43;39,5
21370006620000;65;29;36;39,0
21370006621000;31;18;13;43,5
21370006623000;2;0;2;0,0
21370006655000;6;3;3;48,2
21370006714000;6;4;2;59,2
21370006715000;2;1;1;0,0
21370006717000;1;1;0;0,0
21370006721000;4;1;3;0,0
21370006734000;7;4;3;48,3
21370006735000;17;7;10;42,5
21370006746000;27;12;15;33,9
21370006747000;4;3;1;0,0
21370006803000;2;1;1;0,0
21370006804000;18;12;6;34,6
21370006882000;2;1;1;0,0
21370006883000;33;16;17;40,8
21370006884000;2;1;1;0,0
21370006941000;1;1;0;0,0
21370006970000;2;1;1;0,0
21370006979000;18;9;9;57,3
21370006990000;40;22;18;38,3
21370006991000;10;6;4;39,5
21370006997000;7;3;4;23,1
21370006998000;18;11;7;40,7
21370006999000;72;38;34;42,9
21370007000000;5;3;2;41,2
21370007002000;2;1;1;0,0
21370007003000;6;1;5;17,7
21370007005000;4;3;1;0,0
21370007008000;3;3;0;0,0
21370007009000;62;32;30;43,0
21370007010000;11;5;6;39,5
21370007015000;194;100;94;37,5
21370007016000;997;494;503;35,0
21370007017000;80;46;34;43,6
21370007018000;5;2;3;61,2
21370007019000;1225;627;598;31,0
21370007020000;211;106;105;25,1
21380006493000;5;3;2;39,2
21380006494000;265;131;134;41,7
21380006495000;64;29;35;47,3
21380006496000;203;100;103;39,4
21380006497000;742;370;372;43,3
21380006498000;965;474;491;40,8
21380006499000;9;6;3;40,0
21380006500000;1;0;1;0,0
21380006502000;20;9;11;30,3
21380006503000;67;35;32;44,2
21380006504000;10;8;2;42,7
21380006506000;6;3;3;54,3
21380006507000;5;1;4;37,8
21380006512000;2;1;1;0,0
21380006514000;7;3;4;32,9
21380006515000;2;1;1;0,0
21380006522000;15;8;7;47,9
21380006526000;7;5;2;63,0
21380006527000;28;13;15;37,5
21380006528000;37;17;20;33,2
21380006529000;2;2;0;0,0
21380006532000;14;7;7;33,0
21380006582000;2;1;1;0,0
21380006583000;2;1;1;0,0
21380006610000;115;50;65;36,8
21380006611000;419;217;202;42,8
21380006612000;10;5;5;37,6
21380006613000;3;2;1;0,0
21380006618000;34;19;15;42,8
21380006619000;24;12;12;25,3
21380006620000;4;2;2;0,0
21380006621000;1;1;0;0,0
21380006683000;5;1;4;35,6
21380006714000;12;5;7;31,8
21380006715000;13;9;4;30,9
21380006733000;6;4;2;42,3
21380006734000;11;5;6;53,9
21380006746000;16;10;6;43,1
21380006747000;32;14;18;43,2
21380006882000;7;5;2;38,1
21380006883000;31;21;10;43,8
21380006884000;25;13;12;49,7
21380006958000;6;2;4;30,7
21380006959000;5;3;2;40,0
21380006973000;9;4;5;47,0
21380006974000;20;11;9;47,2
21380006975000;3;3;0;0,0
21380006979000;3;2;1;0,0
21380006990000;38;19;19;36,2
21380006991000;28;13;15;43,6
21380006997000;5;3;2;46,0
21380006998000;4;3;1;0,0
21380006999000;178;90;88;42,1
21380007000000;2;1;1;0,0
21380007002000;15;9;6;40,3
21380007003000;17;11;6;52,5
21380007004000;16;9;7;41,9
21380007005000;5;2;3;72,6
21380007010000;23;14;9;50,5
21380007015000;16;10;6;45,8
21380007016000;354;167;187;38,7
21380007017000;123;66;57;40,7
21380007018000;20;13;7;28,0
21380007019000;66;33;33;30,9
21380007020000;227;118;109;24,6
21390006494000;3;1;2;0,0
21390006495000;137;67;70;44,0
21390006496000;505;241;264;44,4
21390006497000;367;185;182;38,6
21390006498000;279;146;133;33,9
21390006502000;10;5;5;48,0
21390006503000;53;29;24;35,6
21390006504000;39;24;15;35,6
21390006505000;40;21;19;38,7
21390006506000;60;31;29;38,2
21390006507000;24;14;10;50,4
21390006508000;3;2;1;0,0
21390006512000;1;1;0;0,0
21390006515000;7;3;4;48,4
21390006519000;1;1;0;0,0
21390006522000;6;3;3;29,2
21390006523000;14;7;7;39,3
21390006525000;11;7;4;54,2
21390006526000;4;3;1;0,0
21390006546000;45;27;18;37,7
21390006582000;6;5;1;37,2
21390006583000;2;1;1;0,0
21390006604000;2;1;1;0,0
21390006605000;4;3;1;0,0
21390006606000;2;1;1;0,0
21390006609000;6;4;2;29,2
21390006610000;137;60;77;41,8
21390006611000;485;210;275;46,1
21390006612000;67;32;35;43,1
21390006613000;17;6;11;37,4
21390006617000;17;9;8;30,5
21390006618000;9;4;5;47,8
21390006623000;4;2;2;0,0
21390006625000;19;8;11;48,9
21390006655000;87;41;46;42,0
21390006656000;1;1;0;0,0
21390006715000;70;36;34;45,7
21390006733000;11;6;5;47,6
21390006734000;17;8;9;36,9
21390006746000;4;3;1;0,0
21390006747000;26;15;11;44,7
21390006882000;7;3;4;41,0
21390006883000;20;9;11;50,2
21390006884000;37;18;19;52,3
21390006971000;2;0;2;0,0
21390006972000;28;16;12;42,6
21390006973000;13;6;7;44,3
21390006974000;46;22;24;41,4
21390006975000;2;1;1;0,0
21390006989000;13;4;9;44,7
21390006990000;1;1;0;0,0
21390006991000;1;0;1;0,0
21390006992000;2;1;1;0,0
21390006994000;12;7;5;35,3
21390006995000;6;2;4;49,7
21390006999000;2;2;0;0,0
21390007000000;14;8;6;53,6
21390007003000;2;1;1;0,0
21390007010000;44;27;17;40,7
21390007011000;133;76;57;38,4
21390007012000;11;7;4;26,6
21390007013000;22;9;13;31,0
21390007015000;13;7;6;39,2
21390007016000;506;274;232;28,2
21390007017000;114;59;55;43,0
21390007018000;23;14;9;49,4
21390007019000;15;9;6;40,6
21390007020000;2;1;1;0,0
21390007046000;14;3;11;23,4
21390007047000;1;1;0;0,0
21400006494000;4;2;2;0,0
21400006495000;60;33;27;49,0
21400006496000;251;121;130;38,5
21400006497000;90;46;44;42,2
21400006498000;161;82;79;43,2
21400006499000;106;50;56;37,3
21400006500000;197;107;90;33,5
21400006501000;43;24;19;38,3
21400006502000;15;7;8;34,4
21400006503000;4;2;2;0,0
21400006504000;54;29;25;38,9
21400006505000;30;16;14;41,3
21400006506000;43;23;20;44,9
21400006507000;18;9;9;53,4
21400006508000;5;3;2;37,6
21400006509000;6;2;4;38,0
21400006510000;5;3;2;17,2
21400006513000;6;4;2;28,3
21400006519000;6;3;3;27,5
21400006522000;17;10;7;52,2
21400006523000;2;1;1;0,0
21400006524000;2;1;1;0,0
21400006525000;13;5;8;62,8
21400006546000;32;18;14;37,7
21400006547000;26;15;11;33,3
21400006556000;2;1;1;0,0
21400006563000;1;1;0;0,0
21400006580000;7;3;4;43,1
21400006582000;8;4;4;22,1
21400006592000;12;3;9;31,3
21400006604000;3;2;1;0,0
21400006605000;7;1;6;18,6
21400006610000;15;10;5;37,5
21400006611000;123;58;65;47,9
21400006612000;149;72;77;42,8
21400006613000;16;7;9;33,9
21400006614000;2;1;1;0,0
21400006623000;14;7;7;34,7
21400006624000;72;32;40;38,7
21400006625000;9;4;5;57,6
21400006655000;230;109;121;41,8
21400006704000;11;6;5;38,2
21400006715000;19;10;9;52,1
21400006722000;2;1;1;0,0
21400006734000;6;4;2;47,0
21400006746000;5;2;3;60,8
21400006882000;40;19;21;45,2
21400006883000;17;7;10;42,6
21400006923000;3;2;1;0,0
21400006931000;5;3;2;64,6
21400006932000;6;4;2;54,0
21400006933000;1;0;1;0,0
21400006934000;4;2;2;0,0
21400006935000;4;2;2;0,0
21400006958000;1;1;0;0,0
21400006971000;25;12;13;44,3
21400006979000;19;12;7;52,2
21400006991000;4;3;1;0,0
21400006992000;15;8;7;38,4
21400007004000;5;3;2;47,4
21400007005000;13;4;9;30,8
21400007006000;6;2;4;39,3
21400007007000;3;2;1;0,0
21400007008000;9;5;4;36,7
21400007011000;23;13;10;39,9
21400007012000;195;97;98;35,4
21400007013000;97;49;48;38,5
21400007014000;72;39;33;45,1
21400007015000;258;131;127;34,3
21400007016000;181;101;80;38,9
21400007017000;30;16;14;40,4
21400007018000;1;1;0;0,0
21400007046000;29;14;15;38,2
21400007047000;17;7;10;34,7
21400007048000;17;8;9;44,6
21410006494000;61;34;27;43,5
21410006495000;86;40;46;39,8
21410006497000;41;22;19;32,3
21410006498000;214;104;110;42,6
21410006499000;563;289;274;40,0
21410006500000;899;442;457;42,0
21410006501000;689;353;336;37,2
21410006502000;13;9;4;40,4
21410006503000;24;11;13;46,3
21410006504000;15;8;7;52,0
21410006505000;5;2;3;39,2
21410006506000;45;24;21;39,2
21410006507000;2;1;1;0,0
21410006508000;7;5;2;40,3
21410006509000;8;3;5;49,8
21410006510000;4;2;2;0,0
21410006513000;7;3;4;40,9
21410006518000;13;7;6;46,5
21410006519000;37;22;15;42,3
21410006520000;15;8;7;36,8
21410006521000;9;5;4;54,1
21410006526000;12;8;4;45,0
21410006533000;12;4;8;39,9
21410006545000;10;6;4;42,6
21410006546000;4;2;2;0,0
21410006564000;8;5;3;58,6
21410006580000;16;9;7;37,3
21410006581000;8;5;3;30,1
21410006590000;32;18;14;42,7
21410006591000;19;9;10;42,6
21410006604000;4;2;2;0,0
21410006608000;1;1;0;0,0
21410006609000;30;15;15;37,5
21410006610000;2;1;1;0,0
21410006611000;2;1;1;0,0
21410006613000;11;5;6;39,3
21410006614000;10;6;4;39,2
21410006615000;8;4;4;37,8
21410006623000;15;8;7;38,2
21410006624000;43;23;20;38,4
21410006625000;21;11;10;45,8
21410006648000;2;1;1;0,0
21410006655000;494;237;257;46,1
21410006704000;33;14;19;38,8
21410006705000;7;4;3;27,7
21410006710000;3;1;2;0,0
21410006715000;12;5;7;48,0
21410006733000;1;1;0;0,0
21410006734000;16;9;7;41,1
21410006735000;18;9;9;47,4
21410006740000;1;1;0;0,0
21410006741000;19;9;10;37,7
21410006746000;8;4;4;52,1
21410006748000;1;1;0;0,0
21410006760000;2;1;1;0,0
21410006763000;1;1;0;0,0
21410006766000;18;11;7;28,4
21410006804000;9;5;4;35,2
21410006857000;2;1;1;0,0
21410006881000;1;0;1;0,0
21410006882000;42;26;16;47,8
21410006883000;2;2;0;0,0
21410006930000;6;3;3;70,3
21410006931000;25;11;14;62,4
21410006968000;2;1;1;0,0
21410006970000;30;17;13;43,7
21410006971000;3;1;2;0,0
21410006979000;74;39;35;39,8
21410006992000;1;0;1;0,0
21410007001000;23;10;13;37,2
21410007004000;6;2;4;28,2
21410007005000;3;1;2;0,0
21410007006000;24;9;15;38,8
21410007007000;53;30;23;44,9
21410007008000;8;4;4;41,3
21410007009000;5;2;3;53,8
21410007012000;16;7;9;52,3
21410007013000;51;30;21;37,8
21410007014000;220;106;114;50,2
21410007015000;154;84;70;35,9
21410007016000;85;47;38;35,3
21410007045000;10;6;4;48,6
21410007046000;12;6;6;54,6
21410007047000;4;3;1;0,0
21410007048000;3;2;1;0,0
21410007049000;7;4;3;56,4
21410007050000;3;1;2;0,0
21410007052000;1;0;1;0,0
21420006494000;1;1;0;0,0
21420006495000;129;66;63;37,9
21420006496000;13;6;7;38,9
21420006497000;18;10;8;36,8
21420006498000;563;270;293;36,1
21420006499000;392;208;184;33,9
21420006500000;798;392;406;40,2
21420006501000;379;171;208;43,1
21420006502000;3;1;2;0,0
21420006504000;35;22;13;45,9
21420006505000;17;8;9;50,5
21420006506000;14;5;9;46,4
21420006509000;32;17;15;36,8
21420006510000;36;17;19;45,9
21420006511000;2;1;1;0,0
21420006514000;1;0;1;0,0
21420006519000;9;3;6;39,6
21420006520000;145;74;71;34,1
21420006521000;42;21;21;40,2
21420006527000;2;1;1;0,0
21420006532000;5;2;3;30,8
21420006533000;7;3;4;35,6
21420006565000;3;2;1;0,0
21420006573000;5;2;3;12,8
21420006580000;6;4;2;61,7
21420006591000;3;2;1;0,0
21420006601000;2;0;2;0,0
21420006603000;7;2;5;49,0
21420006604000;4;2;2;0,0
21420006613000;8;4;4;49,6
21420006614000;2;1;1;0,0
21420006623000;20;10;10;38,8
21420006624000;59;30;29;39,8
21420006647000;5;3;2;53,6
21420006654000;2;1;1;0,0
21420006655000;480;231;249;42,2
21420006703000;8;5;3;54,4
21420006704000;5;2;3;49,0
21420006713000;1;1;0;0,0
21420006715000;3;3;0;0,0
21420006716000;9;6;3;30,2
21420006735000;28;14;14;54,4
21420006740000;20;10;10;37,8
21420006741000;1;0;1;0,0
21420006747000;20;12;8;41,2
21420006766000;21;11;10;43,2
21420006773000;4;3;1;0,0
21420006804000;16;9;7;38,8
21420006822000;1;0;1;0,0
21420006857000;11;5;6;53,2
21420006881000;19;5;14;37,3
21420006882000;36;20;16;47,1
21420006927000;9;4;5;50,6
21420006928000;4;2;2;0,0
21420006968000;1;1;0;0,0
21420006969000;14;7;7;55,1
21420006970000;8;4;4;31,1
21420006979000;81;43;38;48,1
21420006988000;1;1;0;0,0
21420006990000;5;2;3;73,8
21420006991000;2;0;2;0,0
21420006992000;3;2;1;0,0
21420007000000;4;3;1;0,0
21420007005000;16;10;6;38,6
21420007007000;4;2;2;0,0
21420007023000;15;6;9;35,9
21420007045000;6;2;4;44,3
21420007046000;12;9;3;33,9
21420007047000;5;2;3;26,0
21420007049000;4;2;2;0,0
21420007051000;30;12;18;60,6
21420007052000;82;42;40;48,1
21430006495000;28;15;13;43,9
21430006496000;8;5;3;38,1
21430006497000;84;42;42;39,3
21430006498000;115;60;55;35,9
21430006499000;172;86;86;38,0
21430006500000;222;128;94;36,9
21430006501000;158;72;86;39,5
21430006502000;78;37;41;37,5
21430006503000;65;34;31;35,8
21430006504000;13;7;6;37,0
21430006505000;6;4;2;30,8
21430006507000;3;1;2;0,0
21430006509000;2;1;1;0,0
21430006510000;23;7;16;46,9
21430006511000;10;6;4;51,5
21430006514000;141;68;73;33,7
21430006515000;132;61;71;32,3
21430006516000;23;11;12;48,9
21430006517000;12;6;6;56,4
21430006518000;9;3;6;48,2
21430006519000;2;1;1;0,0
21430006523000;5;3;2;50,0
21430006524000;3;2;1;0,0
21430006526000;14;7;7;22,4
21430006528000;2;2;0;0,0
21430006530000;6;3;3;23,3
21430006532000;33;16;17;42,8
21430006533000;24;8;16;25,0
21430006564000;6;4;2;69,5
21430006573000;5;3;2;20,0
21430006580000;3;1;2;0,0
21430006589000;5;3;2;39,6
21430006590000;5;2;3;31,4
21430006601000;1;1;0;0,0
21430006602000;10;4;6;42,4
21430006604000;13;6;7;37,5
21430006605000;12;7;5;29,3
21430006608000;6;3;3;60,8
21430006609000;6;3;3;28,0
21430006624000;49;21;28;39,7
21430006625000;11;5;6;34,8
21430006647000;3;1;2;0,0
21430006654000;1;0;1;0,0
21430006655000;951;464;487;40,2
21430006690000;1;0;1;0,0
21430006702000;43;25;18;40,3
21430006703000;16;9;7;29,9
21430006716000;1;0;1;0,0
21430006723000;2;1;1;0,0
21430006735000;6;2;4;58,7
21430006736000;16;11;5;32,8
21430006740000;24;11;13;34,5
21430006747000;29;18;11;41,3
21430006748000;14;7;7;41,6
21430006754000;7;2;5;50,4
21430006758000;7;4;3;26,9
21430006766000;13;9;4;38,7
21430006772000;6;3;3;41,0
21430006773000;12;7;5;32,8
21430006802000;5;3;2;20,4
21430006803000;30;16;14;48,1
21430006804000;10;5;5;44,5
21430006857000;1;1;0;0,0
21430006861000;7;3;4;31,9
21430006881000;31;17;14;33,3
21430006882000;19;7;12;46,3
21430006927000;5;3;2;68,0
21430006979000;42;19;23;39,4
21430006980000;5;2;3;48,2
21430006989000;1;1;0;0,0
21430006991000;15;8;7;34,1
21430006992000;10;6;4;41,5
21430007001000;5;3;2;59,2
21430007005000;16;9;7;40,2
21430007007000;26;13;13;33,8
21430007023000;10;6;4;51,7
21430007024000;2;1;1;0,0
21430007046000;2;1;1;0,0
21430007052000;59;33;26;45,2
21430007053000;52;27;25;44,6
21440006497000;1;1;0;0,0
21440006498000;189;98;91;37,5
21440006499000;131;69;62;35,9
21440006500000;62;30;32;45,6
21440006501000;9;4;5;48,6
21440006502000;73;39;34;36,4
21440006503000;173;88;85;34,1
21440006507000;11;4;7;28,0
21440006508000;24;10;14;35,7
21440006509000;18;13;5;33,5
21440006510000;46;24;22;33,3
21440006511000;65;35;30;46,3
21440006512000;45;24;21;46,9
21440006513000;101;58;43;45,8
21440006514000;93;51;42;40,4
21440006515000;20;11;9;41,5
21440006516000;21;10;11;35,2
21440006517000;8;5;3;52,4
21440006518000;3;3;0;0,0
21440006519000;5;1;4;46,6
21440006524000;2;2;0;0,0
21440006525000;9;7;2;44,1
21440006526000;34;15;19;38,3
21440006527000;150;76;74;34,4
21440006528000;152;79;73;33,3
21440006529000;14;7;7;39,4
21440006530000;4;2;2;0,0
21440006531000;20;9;11;35,9
21440006533000;21;10;11;44,4
21440006534000;12;8;4;28,3
21440006563000;4;2;2;0,0
21440006564000;6;3;3;39,2
21440006573000;5;3;2;67,0
21440006580000;29;16;13;49,8
21440006581000;22;13;9;37,7
21440006590000;6;2;4;50,7
21440006602000;2;1;1;0,0
21440006603000;1;1;0;0,0
21440006604000;5;2;3;63,8
21440006605000;16;6;10;33,5
21440006607000;10;4;6;25,5
21440006623000;10;4;6;39,7
21440006624000;55;27;28;46,2
21440006625000;22;10;12;45,7
21440006626000;1;0;1;0,0
21440006654000;80;39;41;37,7
21440006655000;435;197;238;47,7
21440006699000;1;0;1;0,0
21440006701000;31;14;17;47,3
21440006702000;8;5;3;41,8
21440006714000;4;2;2;0,0
21440006736000;19;10;9;45,1
21440006737000;10;6;4;56,7
21440006739000;10;6;4;51,0
21440006740000;1;1;0;0,0
21440006746000;33;17;16;32,8
21440006747000;109;53;56;37,5
21440006748000;9;5;4;22,6
21440006766000;20;10;10;34,7
21440006767000;2;1;1;0,0
21440006769000;2;1;1;0,0
21440006770000;2;1;1;0,0
21440006771000;2;1;1;0,0
21440006772000;14;8;6;50,2
21440006799000;9;5;4;26,6
21440006800000;16;6;10;35,8
21440006801000;5;3;2;25,0
21440006802000;10;4;6;50,5
21440006803000;25;13;12;36,1
21440006861000;5;2;3;25,0
21440006879000;3;2;1;0,0
21440006880000;11;4;7;37,5
21440006881000;38;20;18;54,2
21440006919000;9;4;5;44,4
21440006924000;2;1;1;0,0
21440006976000;1;1;0;0,0
21440006977000;6;6;0;44,3
21440006979000;161;78;83;42,6
21440006984000;2;2;0;0,0
21440006993000;4;2;2;0,0
21440007001000;13;7;6;49,7
21440007005000;1;1;0;0,0
21440007006000;74;36;38;34,1
21440007007000;9;5;4;27,4
21440007008000;4;3;1;0,0
21440007009000;25;10;15;36,6
21440007022000;11;6;5;55,6
21440007023000;15;6;9;42,1
21440007024000;40;23;17;39,8
21440007044000;6;2;4;44,7
21440007052000;44;24;20;41,0
21440007053000;16;9;7;41,1
21450006498000;16;8;8;56,1
21450006499000;25;12;13;42,0
21450006500000;91;49;42;39,4
21450006501000;16;8;8;45,8
21450006502000;21;12;9;45,6
21450006503000;115;59;56;45,0
21450006504000;4;2;2;0,0
21450006505000;18;10;8;51,1
21450006506000;19;9;10;43,0
21450006507000;60;34;26;39,8
21450006508000;13;5;8;47,3
21450006514000;36;19;17;45,9
21450006515000;30;13;17;32,0
21450006519000;1;1;0;0,0
21450006524000;6;4;2;29,5
21450006525000;9;6;3;45,3
21450006527000;4;2;2;0,0
21450006528000;277;124;153;49,2
21450006529000;52;25;27;35,3
21450006530000;31;16;15;39,2
21450006531000;6;2;4;24,5
21450006532000;6;3;3;30,7
21450006533000;20;11;9;31,2
21450006534000;18;10;8;54,2
21450006535000;6;4;2;36,7
21450006538000;3;1;2;0,0
21450006563000;2;1;1;0,0
21450006564000;10;5;5;39,5
21450006572000;11;7;4;35,4
21450006573000;5;2;3;53,8
21450006574000;7;3;4;63,7
21450006579000;6;5;1;59,5
21450006581000;20;10;10;34,1
21450006582000;7;4;3;54,9
21450006583000;14;8;6;48,4
21450006584000;5;3;2;21,0
21450006585000;8;6;2;43,6
21450006591000;1;1;0;0,0
21450006592000;1;1;0;0,0
21450006601000;2;1;1;0,0
21450006604000;6;4;2;55,5
21450006605000;4;3;1;0,0
21450006607000;9;5;4;43,3
21450006624000;29;14;15;51,7
21450006654000;1;0;1;0,0
21450006655000;151;78;73;47,1
21450006669000;5;2;3;25,8
21450006670000;3;2;1;0,0
21450006696000;2;0;2;0,0
21450006697000;4;3;1;0,0
21450006699000;11;7;4;38,9
21450006700000;5;4;1;53,4
21450006723000;4;3;1;0,0
21450006737000;238;107;131;34,7
21450006738000;171;86;85;35,3
21450006739000;2;0;2;0,0
21450006746000;22;11;11;47,2
21450006747000;38;19;19;43,8
21450006763000;2;1;1;0,0
21450006766000;24;13;11;35,5
21450006767000;18;9;9;42,8
21450006768000;1;0;1;0,0
21450006799000;37;21;16;44,9
21450006800000;18;9;9;33,1
21450006802000;2;1;1;0,0
21450006858000;2;1;1;0,0
21450006859000;3;2;1;0,0
21450006861000;7;4;3;59,1
21450006862000;6;4;2;36,5
21450006878000;3;1;2;0,0
21450006879000;25;10;15;44,6
21450006880000;43;21;22;45,1
21450006881000;24;11;13;43,1
21450006919000;8;2;6;48,9
21450006923000;2;1;1;0,0
21450006924000;3;1;2;0,0
21450006975000;12;5;7;30,5
21450006978000;11;4;7;44,9
21450006979000;328;157;171;38,4
21450006980000;20;12;8;47,7
21450006992000;9;5;4;54,2
21450006994000;6;3;3;74,3
21450006995000;4;2;2;0,0
21450007001000;7;2;5;53,9
21450007005000;4;1;3;0,0
21450007006000;34;12;22;58,5
21450007007000;9;4;5;45,7
21450007009000;26;14;12;43,1
21450007010000;2;1;1;0,0
21450007012000;33;15;18;36,3
21450007013000;13;7;6;41,6
21450007015000;6;4;2;27,2
21450007021000;7;3;4;48,0
21450007022000;132;69;63;42,9
21450007023000;24;14;10;52,9
21450007024000;2;1;1;0,0
21450007025000;7;3;4;39,7
21450007044000;1;1;0;0,0
21450007045000;19;10;9;38,7
21450007053000;47;25;22;41,9
21460006500000;12;7;5;40,1
21460006501000;34;16;18;43,7
21460006502000;68;33;35;41,3
21460006503000;44;20;24;42,2
21460006504000;30;13;17;46,0
21460006505000;21;11;10;40,0
21460006506000;2;1;1;0,0
21460006508000;2;1;1;0,0
21460006513000;30;17;13;28,6
21460006514000;238;123;115;38,0
21460006515000;36;21;15;38,0
21460006516000;47;21;26;39,7
21460006517000;3;2;1;0,0
21460006523000;3;2;1;0,0
21460006528000;173;91;82;36,3
21460006531000;1;1;0;0,0
21460006535000;8;5;3;43,3
21460006536000;13;4;9;41,4
21460006537000;1;0;1;0,0
21460006565000;5;2;3;28,2
21460006566000;5;2;3;35,0
21460006572000;16;7;9;39,7
21460006573000;80;43;37;45,0
21460006574000;52;25;27;51,3
21460006575000;9;4;5;35,3
21460006577000;13;6;7;47,8
21460006578000;5;3;2;61,4
21460006579000;6;4;2;33,8
21460006581000;4;2;2;0,0
21460006594000;5;3;2;48,8
21460006607000;6;4;2;40,8
21460006624000;20;11;9;42,2
21460006644000;8;5;3;44,4
21460006655000;240;125;115;44,6
21460006668000;6;5;1;31,2
21460006669000;18;11;7;33,4
21460006697000;18;8;10;44,4
21460006698000;16;9;7;29,7
21460006737000;300;148;152;39,8
21460006738000;282;142;140;43,1
21460006739000;76;40;36;38,0
21460006742000;1;0;1;0,0
21460006743000;21;13;8;37,0
21460006744000;27;13;14;31,4
21460006745000;41;20;21;33,0
21460006746000;2;1;1;0,0
21460006751000;2;1;1;0,0
21460006763000;1;0;1;0,0
21460006764000;1;1;0;0,0
21460006766000;212;107;105;33,8
21460006767000;55;33;22;42,5
21460006799000;7;5;2;40,9
21460006859000;5;3;2;37,8
21460006860000;22;12;10;56,1
21460006861000;8;4;4;44,6
21460006878000;84;43;41;38,0
21460006879000;482;241;241;45,7
21460006880000;56;21;35;46,0
21460006919000;17;9;8;45,2
21460006922000;12;6;6;36,8
21460006964000;20;9;11;40,4
21460006975000;16;8;8;48,4
21460006978000;26;11;15;36,8
21460006979000;243;122;121;50,2
21460006980000;72;39;33;45,3
21460006992000;9;5;4;64,2
21460006995000;14;10;4;46,6
21460006999000;6;3;3;64,3
21460007000000;1;0;1;0,0
21460007004000;5;3;2;63,0
21460007005000;21;9;12;33,8
21460007006000;25;14;11;36,6
21460007007000;16;9;7;56,8
21460007008000;15;7;8;51,5
21460007009000;10;4;6;31,8
21460007011000;15;9;6;51,7
21460007012000;98;47;51;46,7
21460007013000;11;5;6;44,4
21460007014000;10;4;6;50,5
21460007015000;3;2;1;0,0
21460007021000;12;9;3;54,7
21460007022000;20;9;11;50,7
21460007027000;4;1;3;0,0
21460007053000;6;3;3;33,3
21470006501000;4;2;2;0,0
21470006502000;10;6;4;56,9
21470006503000;52;25;27;45,4
21470006505000;69;37;32;41,5
21470006506000;25;14;11;46,3
21470006507000;9;7;2;17,6
21470006508000;24;13;11;38,1
21470006509000;35;20;15;46,6
21470006510000;24;10;14;35,1
21470006511000;14;8;6;38,8
21470006512000;171;83;88;32,2
21470006513000;683;335;348;40,3
21470006514000;920;408;512;48,7
21470006515000;7;3;4;42,9
21470006516000;35;23;12;40,3
21470006517000;14;5;9;41,1
21470006518000;10;5;5;47,4
21470006528000;27;10;17;26,1
21470006530000;3;1;2;0,0
21470006534000;9;5;4;46,7
21470006537000;15;7;8;46,2
21470006565000;1;1;0;0,0
21470006566000;8;5;3;53,8
21470006567000;2;1;1;0,0
21470006570000;1;1;0;0,0
21470006572000;4;1;3;0,0
21470006573000;12;6;6;40,3
21470006575000;2;1;1;0,0
21470006593000;2;1;1;0,0
21470006594000;1;1;0;0,0
21470006603000;4;2;2;0,0
21470006605000;3;2;1;0,0
21470006622000;2;1;1;0,0
21470006624000;7;3;4;47,6
21470006640000;4;3;1;0,0
21470006655000;125;59;66;31,6
21470006656000;46;26;20;43,8
21470006665000;5;4;1;22,2
21470006668000;18;10;8;57,0
21470006683000;7;3;4;39,3
21470006697000;20;10;10;42,7
21470006737000;53;21;32;37,6
21470006738000;457;235;222;42,2
21470006739000;67;31;36;39,7
21470006740000;5;2;3;35,4
21470006742000;9;6;3;44,2
21470006743000;61;30;31;41,3
21470006744000;22;10;12;42,7
21470006745000;6;3;3;32,0
21470006746000;3;1;2;0,0
21470006765000;14;5;9;47,7
21470006766000;40;22;18;46,5
21470006767000;12;7;5;41,6
21470006798000;11;4;7;24,2
21470006860000;52;30;22;42,4
21470006861000;3;2;1;0,0
21470006877000;25;11;14;36,0
21470006878000;39;22;17;39,4
21470006879000;2;1;1;0,0
21470006919000;2;1;1;0,0
21470006921000;15;6;9;26,7
21470006922000;26;12;14;42,8
21470006961000;1;0;1;0,0
21470006963000;33;18;15;42,3
21470006964000;10;4;6;50,6
21470006965000;12;7;5;47,2
21470006966000;31;18;13;42,5
21470006967000;18;13;5;51,7
21470006968000;28;11;17;47,7
21470006969000;20;9;11;43,2
21470006974000;2;1;1;0,0
21470006975000;36;24;12;39,9
21470006979000;137;64;73;39,9
21470006980000;103;51;52;43,0
21470006981000;14;7;7;35,8
21470006992000;9;7;2;41,4
21470006993000;8;4;4;25,4
21470006999000;4;3;1;0,0
21470007000000;5;3;2;66,6
21470007003000;6;2;4;41,3
21470007004000;32;17;15;30,5
21470007005000;7;4;3;35,1
21470007007000;2;1;1;0,0
21470007008000;11;7;4;55,9
21470007010000;23;13;10;43,0
21470007011000;17;8;9;49,1
21470007012000;4;2;2;0,0
21470007015000;28;15;13;51,8
21470007020000;5;2;3;47,4
21470007021000;20;13;7;45,3
21470007026000;23;16;7;45,2
21470007027000;9;5;4;21,3
21470007052000;5;2;3;36,0
21470007053000;4;1;3;0,0
21480006504000;19;9;10;41,9
21480006505000;21;11;10;57,0
21480006506000;46;18;28;63,5
21480006507000;76;44;32;38,8
21480006508000;4;2;2;0,0
21480006510000;10;4;6;43,5
21480006511000;42;19;23;35,3
21480006512000;14;7;7;48,2
21480006513000;33;16;17;47,3
21480006514000;315;153;162;38,5
21480006516000;16;9;7;30,9
21480006517000;79;41;38;36,3
21480006518000;6;2;4;47,8
21480006524000;4;1;3;0,0
21480006526000;31;15;16;33,5
21480006528000;6;3;3;34,5
21480006529000;18;12;6;35,4
21480006531000;10;5;5;29,1
21480006532000;3;2;1;0,0
21480006540000;4;2;2;0,0
21480006541000;1;0;1;0,0
21480006569000;4;2;2;0,0
21480006570000;9;6;3;55,8
21480006571000;3;1;2;0,0
21480006592000;2;2;0;0,0
21480006593000;5;3;2;59,4
21480006603000;2;2;0;0,0
21480006623000;1;1;0;0,0
21480006640000;5;2;3;63,0
21480006642000;2;1;1;0,0
21480006652000;1;1;0;0,0
21480006653000;1;1;0;0,0
21480006656000;20;14;6;37,9
21480006657000;42;21;21;41,6
21480006658000;1;0;1;0,0
21480006666000;2;1;1;0,0
21480006667000;22;10;12;49,1
21480006668000;5;2;3;46,8
21480006676000;3;2;1;0,0
21480006682000;12;6;6;65,6
21480006683000;2;1;1;0,0
21480006697000;20;9;11;47,8
21480006737000;19;9;10;52,3
21480006738000;368;166;202;50,1
21480006739000;373;174;199;46,2
21480006740000;4;1;3;0,0
21480006741000;8;6;2;44,8
21480006742000;32;14;18;45,0
21480006743000;3;3;0;0,0
21480006752000;1;1;0;0,0
21480006764000;20;19;1;38,8
21480006765000;24;16;8;51,0
21480006766000;17;10;7;37,8
21480006797000;1;1;0;0,0
21480006860000;20;11;9;45,9
21480006861000;25;11;14;45,2
21480006877000;20;12;8;34,1
21480006878000;77;45;32;40,7
21480006879000;11;4;7;54,2
21480006919000;6;3;3;47,8
21480006920000;2;1;1;0,0
21480006921000;23;13;10;39,7
21480006922000;13;7;6;35,8
21480006945000;13;8;5;48,7
21480006965000;20;12;8;43,1
21480006966000;19;10;9;55,1
21480006967000;59;30;29;43,9
21480006968000;35;18;17;37,7
21480006969000;44;23;21;34,4
21480006975000;9;4;5;36,0
21480006980000;54;33;21;43,1
21480006981000;13;7;6;46,4
21480006992000;36;19;17;38,5
21480006993000;50;23;27;36,2
21480006996000;4;1;3;0,0
21480006997000;89;52;37;42,6
21480006998000;5;4;1;52,6
21480007001000;2;1;1;0,0
21480007008000;45;21;24;38,1
21480007009000;42;21;21;43,6
21480007010000;12;7;5;54,0
21480007011000;37;26;11;38,8
21480007015000;11;4;7;31,9
21480007016000;2;0;2;0,0
21480007020000;2;1;1;0,0
21480007026000;51;24;27;41,3
21480007027000;1;1;0;0,0
21480007053000;7;5;2;36,0
21490006504000;55;31;24;42,5
21490006505000;135;60;75;43,0
21490006506000;340;166;174;44,0
21490006507000;34;19;15;37,6
21490006508000;17;10;7;47,8
21490006511000;70;37;33;47,4
21490006512000;36;17;19;46,5
21490006513000;13;5;8;46,6
21490006514000;85;42;43;37,2
21490006516000;5;2;3;34,8
21490006517000;45;22;23;39,1
21490006524000;1;0;1;0,0
21490006525000;8;4;4;32,9
21490006526000;1;0;1;0,0
21490006527000;2;1;1;0,0
21490006528000;14;6;8;36,4
21490006530000;2;1;1;0,0
21490006535000;1;0;1;0,0
21490006540000;15;7;8;54,7
21490006541000;3;1;2;0,0
21490006567000;26;14;12;38,2
21490006568000;20;7;13;51,0
21490006569000;25;15;10;29,3
21490006605000;7;3;4;35,6
21490006624000;8;4;4;58,8
21490006625000;1;1;0;0,0
21490006640000;13;6;7;41,8
21490006645000;6;4;2;49,2
21490006654000;26;11;15;33,4
21490006658000;24;12;12;49,6
21490006659000;4;3;1;0,0
21490006665000;5;3;2;44,8
21490006666000;23;12;11;31,6
21490006667000;21;9;12;46,0
21490006681000;6;5;1;34,5
21490006682000;38;19;19;41,2
21490006697000;5;3;2;29,4
21490006737000;4;3;1;0,0
21490006738000;6;4;2;71,5
21490006739000;73;30;43;49,3
21490006740000;10;5;5;58,5
21490006741000;57;30;27;40,7
21490006742000;1;1;0;0,0
21490006764000;19;8;11;33,3
21490006765000;270;138;132;34,5
21490006860000;1;1;0;0,0
21490006861000;27;19;8;37,6
21490006878000;77;33;44;42,9
21490006879000;32;16;16;44,5
21490006919000;4;1;3;0,0
21490006921000;1;1;0;0,0
21490006944000;16;8;8;54,1
21490006945000;14;7;7;33,7
21490006946000;3;2;1;0,0
21490006953000;1;1;0;0,0
21490006954000;3;1;2;0,0
21490006956000;8;4;4;47,1
21490006980000;22;9;13;47,0
21490006981000;43;25;18;46,0
21490006984000;35;18;17;39,8
21490006985000;86;46;40;40,7
21490006988000;13;8;5;36,1
21490006989000;7;6;1;41,9
21490006991000;1;1;0;0,0
21490006992000;39;20;19;41,8
21490006993000;76;41;35;40,1
21490006995000;6;4;2;53,2
21490006996000;14;8;6;37,4
21490006997000;22;10;12;40,9
21490007008000;2;1;1;0,0
21490007009000;15;7;8;41,3
21490007015000;2;1;1;0,0
21490007020000;15;9;6;41,3
21490007024000;3;2;1;0,0
21490007026000;31;13;18;36,6
21490007027000;91;49;42;40,2
21490007041000;2;2;0;0,0
21490007043000;4;0;4;0,0
21490007054000;16;10;6;34,1
21490007061000;2;1;1;0,0
21490007062000;128;64;64;47,5
21500006505000;33;16;17;45,2
21500006506000;142;65;77;38,9
21500006507000;52;25;27;39,2
21500006508000;11;8;3;35,6
21500006510000;5;3;2;27,8
21500006511000;22;10;12;54,9
21500006512000;1;1;0;0,0
21500006515000;4;3;1;0,0
21500006517000;10;4;6;36,3
21500006518000;10;3;7;42,4
21500006519000;3;1;2;0,0
21500006524000;3;2;1;0,0
21500006527000;9;4;5;49,7
21500006528000;26;15;11;37,8
21500006532000;6;4;2;44,7
21500006533000;4;2;2;0,0
21500006534000;25;10;15;38,0
21500006542000;6;2;4;43,0
21500006567000;17;6;11;45,2
21500006568000;92;51;41;35,9
21500006569000;3;2;1;0,0
21500006605000;13;7;6;40,9
21500006624000;1;1;0;0,0
21500006625000;6;2;4;62,8
21500006639000;2;1;1;0,0
21500006640000;9;3;6;43,0
21500006641000;4;3;1;0,0
21500006654000;1;0;1;0,0
21500006659000;139;68;71;44,4
21500006660000;17;10;7;48,3
21500006665000;1;0;1;0,0
21500006666000;136;67;69;47,9
21500006667000;18;10;8;42,0
21500006673000;1;0;1;0,0
21500006674000;1;1;0;0,0
21500006675000;3;2;1;0,0
21500006676000;2;0;2;0,0
21500006681000;4;2;2;0,0
21500006682000;10;6;4;41,7
21500006697000;9;3;6;34,7
21500006740000;109;59;50;35,9
21500006741000;80;44;36;36,8
21500006763000;18;11;7;37,1
21500006764000;329;154;175;40,3
21500006765000;170;93;77;39,0
21500006796000;2;1;1;0,0
21500006850000;5;4;1;21,2
21500006861000;2;1;1;0,0
21500006862000;3;2;1;0,0
21500006878000;47;23;24;41,2
21500006879000;117;53;64;42,2
21500006918000;5;4;1;58,4
21500006919000;4;2;2;0,0
21500006980000;2;1;1;0,0
21500006981000;60;34;26;40,5
21500006983000;12;6;6;48,8
21500006984000;11;5;6;53,0
21500006985000;135;70;65;42,5
21500006986000;20;11;9;42,0
21500006991000;1;1;0;0,0
21500006994000;6;4;2;46,7
21500006995000;2;0;2;0,0
21500006996000;5;2;3;64,6
21500007009000;10;5;5;51,1
21500007026000;7;5;2;53,1
21500007027000;96;46;50;50,3
21500007028000;1;1;0;0,0
21500007039000;2;1;1;0,0
21500007043000;10;3;7;33,5
21500007061000;101;45;56;42,4
21500007062000;75;33;42;50,2
21510006507000;29;14;15;51,9
21510006508000;56;26;30;46,2
21510006509000;71;31;40;34,7
21510006510000;21;11;10;53,2
21510006511000;26;9;17;47,9
21510006512000;19;9;10;45,4
21510006518000;12;7;5;47,5
21510006519000;118;58;60;37,2
21510006522000;5;4;1;37,6
21510006523000;1;0;1;0,0
21510006524000;6;3;3;30,3
21510006528000;2;1;1;0,0
21510006529000;3;0;3;0,0
21510006536000;2;1;1;0,0
21510006542000;30;17;13;32,9
21510006543000;40;24;16;46,0
21510006546000;3;1;2;0,0
21510006547000;12;7;5;41,2
21510006567000;18;5;13;37,1
21510006569000;8;3;5;46,9
21510006604000;10;4;6;57,3
21510006605000;14;7;7;45,6
21510006625000;22;11;11;30,6
21510006627000;1;1;0;0,0
21510006637000;7;5;2;26,1
21510006639000;3;1;2;0,0
21510006640000;67;37;30;41,8
21510006641000;4;2;2;0,0
21510006659000;225;104;121;42,5
21510006660000;10;4;6;55,1
21510006665000;8;3;5;67,4
21510006666000;38;19;19;41,7
21510006667000;33;14;19;39,7
21510006668000;29;18;11;41,2
21510006669000;20;11;9;48,0
21510006670000;10;5;5;34,3
21510006671000;7;4;3;45,6
21510006672000;23;14;9;42,9
21510006673000;8;5;3;44,4
21510006674000;19;11;8;47,9
21510006681000;8;3;5;62,0
21510006697000;9;6;3;41,8
21510006739000;9;5;4;36,2
21510006740000;7;2;5;36,7
21510006741000;54;25;29;36,2
21510006742000;14;9;5;35,9
21510006762000;33;15;18;34,3
21510006763000;10;5;5;48,9
21510006764000;60;35;25;35,8
21510006794000;7;4;3;49,6
21510006795000;8;4;4;41,9
21510006860000;3;2;1;0,0
21510006863000;11;5;6;51,5
21510006864000;12;8;4;55,8
21510006878000;44;21;23;41,3
21510006879000;48;23;25;48,8
21510006880000;4;4;0;0,0
21510006918000;16;6;10;54,1
21510006981000;70;42;28;29,2
21510006982000;5;3;2;26,0
21510006998000;1;0;1;0,0
21510006999000;32;18;14;34,8
21510007007000;18;9;9;28,1
21510007009000;5;2;3;20,4
21510007010000;7;4;3;56,0
21510007016000;9;4;5;49,8
21510007020000;12;7;5;44,8
21510007021000;3;2;1;0,0
21510007028000;11;6;5;44,8
21510007039000;23;10;13;44,8
21510007041000;4;2;2;0,0
21510007043000;7;4;3;30,4
21510007056000;36;18;18;42,3
21520006507000;5;3;2;62,6
21520006508000;31;17;14;49,3
21520006509000;28;15;13;36,9
21520006511000;1;1;0;0,0
21520006512000;11;5;6;41,9
21520006513000;9;6;3;49,4
21520006519000;14;9;5;57,9
21520006520000;137;71;66;44,3
21520006521000;60;30;30;36,4
21520006526000;19;11;8;36,8
21520006530000;3;1;2;0,0
21520006536000;1;1;0;0,0
21520006542000;5;1;4;22,4
21520006543000;41;23;18;47,2
21520006544000;48;23;25;40,3
21520006545000;9;2;7;34,6
21520006546000;6;5;1;20,0
21520006567000;12;8;4;42,3
21520006568000;1;1;0;0,0
21520006569000;2;1;1;0,0
21520006603000;16;10;6;41,3
21520006604000;61;33;28;43,0
21520006605000;44;27;17;43,5
21520006606000;6;3;3;20,5
21520006625000;8;5;3;60,5
21520006627000;2;1;1;0,0
21520006636000;4;2;2;0,0
21520006637000;2;1;1;0,0
21520006638000;4;2;2;0,0
21520006639000;24;11;13;63,4
21520006641000;7;4;3;66,7
21520006659000;18;8;10;66,0
21520006665000;28;13;15;28,7
21520006666000;45;27;18;40,2
21520006667000;12;7;5;37,1
21520006672000;7;3;4;39,4
21520006679000;6;3;3;39,2
21520006680000;7;4;3;51,6
21520006697000;6;4;2;68,3
21520006736000;4;2;2;0,0
21520006740000;11;7;4;45,9
21520006741000;70;34;36;42,7
21520006742000;10;4;6;38,0
21520006761000;43;22;21;41,4
21520006762000;1;1;0;0,0
21520006763000;16;10;6;45,3
21520006764000;20;10;10;48,2
21520006793000;20;11;9;48,2
21520006794000;80;34;46;41,1
21520006797000;6;3;3;56,3
21520006865000;16;4;12;34,1
21520006877000;18;8;10;41,6
21520006878000;58;31;27;48,0
21520006879000;43;23;20;38,7
21520006918000;11;6;5;55,0
21520006968000;1;1;0;0,0
21520006981000;38;18;20;47,6
21520006982000;9;2;7;35,6
21520006987000;1;0;1;0,0
21520006989000;2;1;1;0,0
21520006990000;7;4;3;30,4
21520006991000;12;6;6;36,1
21520006995000;1;0;1;0,0
21520006997000;22;11;11;41,9
21520006998000;36;18;18;48,6
21520006999000;26;13;13;42,7
21520007007000;3;1;2;0,0
21520007008000;11;8;3;43,2
21520007009000;12;5;7;35,4
21520007010000;23;12;11;54,8
21520007014000;19;11;8;41,7
21520007015000;8;3;5;47,9
21520007020000;8;4;4;42,1
21520007028000;7;3;4;26,0
21520007040000;30;16;14;41,6
21520007041000;12;7;5;58,8
21520007042000;1;1;0;0,0
21520007050000;9;4;5;28,3
21520007051000;11;6;5;36,8
21520007052000;11;4;7;32,0
21520007055000;24;12;12;31,8
21520007056000;131;67;64;42,0
21530006508000;16;10;6;35,4
21530006509000;57;28;29;42,5
21530006512000;1;1;0;0,0
21530006513000;58;24;34;43,7
21530006514000;1;0;1;0,0
21530006516000;2;1;1;0,0
21530006519000;54;26;28;26,2
21530006520000;70;35;35;35,4
21530006521000;57;36;21;41,1
21530006522000;46;24;22;35,9
21530006523000;12;6;6;62,0
21530006525000;3;2;1;0,0
21530006528000;2;1;1;0,0
21530006531000;2;1;1;0,0
21530006534000;16;7;9;44,1
21530006535000;3;1;2;0,0
21530006536000;1;1;0;0,0
21530006542000;1;0;1;0,0
21530006543000;61;32;29;37,6
21530006544000;20;11;9;37,4
21530006567000;7;6;1;39,0
21530006576000;2;0;2;0,0
21530006581000;4;3;1;0,0
21530006590000;5;3;2;61,2
21530006601000;3;2;1;0,0
21530006602000;20;10;10;28,3
21530006605000;4;2;2;0,0
21530006624000;2;1;1;0,0
21530006625000;25;15;10;47,0
21530006635000;7;5;2;42,6
21530006637000;1;0;1;0,0
21530006638000;6;4;2;65,8
21530006639000;25;12;13;48,8
21530006659000;100;51;49;37,7
21530006660000;1;1;0;0,0
21530006664000;9;2;7;46,3
21530006666000;2;1;1;0,0
21530006674000;2;1;1;0,0
21530006675000;22;10;12;42,6
21530006676000;2;1;1;0,0
21530006677000;1;1;0;0,0
21530006678000;7;5;2;31,3
21530006697000;9;6;3;61,7
21530006698000;9;5;4;45,2
21530006718000;18;8;10;34,5
21530006739000;1;1;0;0,0
21530006740000;38;17;21;39,7
21530006741000;5;3;2;74,0
21530006742000;8;2;6;40,9
21530006759000;1;0;1;0,0
21530006760000;7;6;1;33,9
21530006761000;98;51;47;40,0
21530006762000;89;48;41;37,5
21530006763000;30;14;16;36,6
21530006793000;176;117;59;34,3
21530006794000;2;2;0;0,0
21530006796000;19;9;10;51,1
21530006797000;4;2;2;0,0
21530006865000;8;3;5;34,3
21530006877000;35;17;18;47,8
21530006878000;42;17;25;35,2
21530006879000;5;3;2;74,0
21530006918000;10;7;3;26,3
21530006919000;2;1;1;0,0
21530006941000;7;5;2;37,6
21530006980000;5;2;3;29,8
21530006981000;11;4;7;50,5
21530006992000;10;6;4;47,3
21530006994000;3;2;1;0,0
21530006995000;11;7;4;30,0
21530006996000;2;1;1;0,0
21530006997000;4;1;3;0,0
21530007007000;11;6;5;39,5
21530007011000;2;1;1;0,0
21530007012000;12;7;5;54,6
21530007013000;6;4;2;51,2
21530007014000;1;1;0;0,0
21530007021000;2;1;1;0,0
21530007030000;1;1;0;0,0
21530007037000;2;1;1;0,0
21530007038000;4;3;1;0,0
21530007041000;74;28;46;62,5
21530007049000;4;2;2;0,0
21530007051000;17;9;8;48,2
21530007052000;13;5;8;43,1
21530007055000;15;7;8;40,2
21540006509000;9;4;5;31,9
21540006510000;9;4;5;33,0
21540006512000;15;8;7;41,3
21540006513000;117;62;55;37,4
21540006514000;19;11;8;43,9
21540006515000;11;6;5;41,8
21540006516000;10;4;6;19,8
21540006519000;11;5;6;57,9
21540006521000;12;6;6;27,4
21540006522000;12;6;6;45,2
21540006523000;2;1;1;0,0
21540006524000;2;1;1;0,0
21540006525000;30;15;15;42,7
21540006526000;6;3;3;39,3
21540006527000;6;2;4;26,2
21540006535000;5;2;3;36,8
21540006541000;14;9;5;44,1
21540006542000;35;20;15;37,9
21540006543000;105;60;45;45,3
21540006544000;18;10;8;48,6
21540006566000;7;4;3;38,3
21540006567000;5;3;2;49,8
21540006575000;6;4;2;54,5
21540006576000;2;2;0;0,0
21540006577000;4;2;2;0,0
21540006578000;11;5;6;38,3
21540006601000;18;9;9;32,9
21540006602000;74;37;37;42,5
21540006603000;45;23;22;30,1
21540006624000;11;6;5;39,3
21540006625000;23;10;13;45,1
21540006631000;1;1;0;0,0
21540006634000;2;1;1;0,0
21540006635000;16;8;8;34,6
21540006636000;17;10;7;42,7
21540006638000;41;20;21;39,4
21540006639000;21;12;9;33,1
21540006659000;23;11;12;49,8
21540006660000;2;2;0;0,0
21540006661000;1;0;1;0,0
21540006663000;4;2;2;0,0
21540006664000;4;1;3;0,0
21540006674000;32;18;14;35,1
21540006675000;5;4;1;29,6
21540006697000;20;9;11;48,5
21540006698000;16;10;6;42,9
21540006740000;15;9;6;60,7
21540006742000;51;24;27;46,3
21540006743000;30;16;14;38,1
21540006758000;2;1;1;0,0
21540006760000;7;3;4;57,1
21540006761000;251;124;127;29,7
21540006762000;33;11;22;41,7
21540006793000;101;44;57;49,8
21540006795000;2;1;1;0,0
21540006867000;3;2;1;0,0
21540006868000;9;6;3;29,1
21540006869000;12;4;8;28,3
21540006877000;19;12;7;50,5
21540006878000;22;14;8;47,4
21540006917000;13;7;6;48,6
21540006918000;5;3;2;44,0
21540006980000;44;20;24;48,8
21540006988000;6;4;2;29,2
21540006990000;5;3;2;33,4
21540006991000;1;1;0;0,0
21540006992000;146;77;69;42,0
21540006993000;178;91;87;37,8
21540006994000;330;170;160;46,4
21540006995000;1;0;1;0,0
21540006998000;1;1;0;0,0
21540007029000;4;1;3;0,0
21540007030000;6;3;3;40,5
21540007038000;2;0;2;0,0
21540007041000;31;16;15;36,1
21540007048000;6;5;1;52,2
21540007049000;2;1;1;0,0
21540007050000;14;6;8;31,4
21540007051000;10;5;5;37,4
21540007052000;16;8;8;41,2
21540007053000;16;11;5;34,1
21540007054000;2;2;0;0,0
21540007055000;52;28;24;43,3
21550006509000;6;2;4;45,3
21550006510000;94;44;50;45,3
21550006513000;22;8;14;63,2
21550006514000;4;2;2;0,0
21550006515000;6;2;4;40,5
21550006518000;2;1;1;0,0
21550006519000;31;17;14;45,4
21550006520000;2;1;1;0,0
21550006522000;8;5;3;32,9
21550006523000;10;6;4;24,5
21550006524000;44;20;24;39,1
21550006525000;144;75;69;39,9
21550006526000;25;15;10;41,9
21550006527000;3;1;2;0,0
21550006532000;6;2;4;40,3
21550006536000;4;2;2;0,0
21550006540000;11;6;5;49,0
21550006541000;141;71;70;46,7
21550006542000;176;94;82;46,4
21550006543000;48;25;23;39,9
21550006544000;16;8;8;31,3
21550006549000;1;1;0;0,0
21550006558000;4;1;3;0,0
21550006566000;7;3;4;36,6
21550006570000;4;3;1;0,0
21550006571000;2;1;1;0,0
21550006579000;8;5;3;47,0
21550006590000;1;1;0;0,0
21550006591000;1;1;0;0,0
21550006597000;3;2;1;0,0
21550006598000;1;0;1;0,0
21550006601000;32;17;15;37,7
21550006602000;14;7;7;34,9
21550006625000;4;2;2;0,0
21550006631000;1;1;0;0,0
21550006632000;7;1;6;40,4
21550006633000;2;1;1;0,0
21550006660000;8;3;5;55,5
21550006661000;1;1;0;0,0
21550006662000;11;6;5;50,7
21550006663000;3;1;2;0,0
21550006666000;125;50;75;59,4
21550006667000;115;54;61;44,4
21550006671000;11;5;6;35,5
21550006672000;28;13;15;31,3
21550006673000;12;5;7;35,3
21550006674000;34;19;15;42,6
21550006696000;3;2;1;0,0
21550006697000;71;37;34;40,7
21550006698000;25;16;9;45,5
21550006716000;1;1;0;0,0
21550006719000;8;5;3;33,8
21550006740000;21;8;13;36,8
21550006741000;12;7;5;29,5
21550006742000;61;27;34;43,7
21550006743000;14;8;6;35,0
21550006746000;7;2;5;40,9
21550006758000;18;11;7;37,1
21550006759000;3;0;3;0,0
21550006760000;3;1;2;0,0
21550006761000;35;20;15;52,7
21550006793000;44;22;22;48,5
21550006794000;37;16;21;35,8
21550006869000;9;5;4;42,4
21550006870000;6;3;3;40,7
21550006876000;1;1;0;0,0
21550006877000;17;8;9;47,4
21550006878000;17;11;6;52,2
21550006917000;99;50;49;44,7
21550006918000;23;12;11;44,1
21550006938000;15;7;8;29,1
21550006979000;4;3;1;0,0
21550006980000;11;4;7;51,8
21550006984000;8;3;5;33,8
21550006990000;11;3;8;52,5
21550006991000;12;9;3;39,3
21550006993000;159;78;81;46,8
21550006994000;183;90;93;45,0
21550006995000;27;15;12;43,3
21550006998000;2;2;0;0,0
21550007015000;2;1;1;0,0
21550007017000;5;2;3;46,4
21550007026000;7;3;4;63,3
21550007027000;15;8;7;52,8
21550007028000;9;6;3;53,9
21550007029000;8;5;3;52,1
21550007035000;10;6;4;50,4
21550007041000;4;3;1;0,0
21550007045000;4;3;1;0,0
21550007050000;5;4;1;26,2
21550007052000;15;9;6;33,1
21550007055000;29;13;16;39,9
21560006510000;3;2;1;0,0
21560006513000;14;7;7;55,9
21560006514000;7;4;3;72,4
21560006516000;2;1;1;0,0
21560006518000;12;7;5;49,3
21560006519000;49;23;26;42,1
21560006520000;51;27;24;39,4
21560006523000;8;5;3;61,8
21560006524000;118;58;60;38,2
21560006525000;16;9;7;43,8
21560006527000;31;18;13;47,4
21560006535000;5;2;3;50,4
21560006536000;39;22;17;38,0
21560006539000;3;2;1;0,0
21560006540000;27;11;16;38,7
21560006541000;44;22;22;37,4
21560006542000;106;52;54;39,2
21560006543000;43;21;22;31,3
21560006544000;7;4;3;56,7
21560006565000;23;13;10;41,4
21560006566000;10;6;4;50,5
21560006569000;5;2;3;62,0
21560006571000;26;14;12;46,5
21560006572000;17;7;10;37,1
21560006573000;4;2;2;0,0
21560006574000;9;5;4;35,3
21560006590000;2;1;1;0,0
21560006591000;12;6;6;44,4
21560006597000;3;2;1;0,0
21560006600000;30;19;11;42,3
21560006601000;52;26;26;42,4
21560006625000;21;10;11;46,4
21560006632000;3;1;2;0,0
21560006634000;1;0;1;0,0
21560006660000;6;3;3;38,0
21560006665000;53;23;30;32,8
21560006666000;173;83;90;43,2
21560006667000;37;16;21;43,5
21560006668000;12;6;6;43,1
21560006669000;6;3;3;42,2
21560006670000;41;19;22;50,9
21560006671000;74;36;38;34,1
21560006672000;36;17;19;46,2
21560006673000;6;5;1;37,0
21560006696000;4;2;2;0,0
21560006697000;60;28;32;40,1
21560006698000;23;12;11;32,3
21560006718000;8;6;2;51,6
21560006719000;41;23;18;48,6
21560006741000;86;38;48;38,5
21560006742000;19;9;10;46,8
21560006743000;2;1;1;0,0
21560006758000;15;6;9;37,2
21560006759000;7;4;3;40,7
21560006760000;10;6;4;34,7
21560006763000;10;5;5;48,0
21560006793000;18;9;9;36,8
21560006794000;49;22;27;43,5
21560006796000;11;6;5;40,6
21560006870000;18;11;7;44,3
21560006876000;14;7;7;34,9
21560006877000;9;6;3;47,2
21560006878000;37;23;14;41,6
21560006917000;13;7;6;45,8
21560006918000;3;3;0;0,0
21560006976000;1;0;1;0,0
21560006979000;3;1;2;0,0
21560006982000;7;4;3;36,3
21560006983000;5;2;3;27,6
21560006987000;9;4;5;55,3
21560006994000;21;11;10;42,0
21560006995000;3;1;2;0,0
21560006999000;9;5;4;62,0
21560007012000;1;1;0;0,0
21560007013000;10;4;6;49,2
21560007015000;13;6;7;53,3
21560007018000;1;0;1;0,0
21560007021000;18;10;8;41,6
21560007022000;3;1;2;0,0
21560007023000;6;5;1;45,3
21560007025000;8;5;3;43,0
21560007026000;25;12;13;37,4
21560007027000;15;6;9;79,7
21560007036000;26;14;12;29,2
21560007041000;20;11;9;37,7
21560007045000;8;3;5;30,6
21560007055000;55;21;34;45,6
21560007056000;44;22;22;45,4
21570006512000;6;3;3;48,8
21570006514000;1;0;1;0,0
21570006515000;23;15;8;27,2
21570006516000;40;23;17;44,1
21570006517000;6;4;2;40,0
21570006519000;5;2;3;70,4
21570006520000;47;24;23;50,1
21570006523000;12;6;6;46,4
21570006524000;101;53;48;40,5
21570006526000;6;3;3;41,2
21570006527000;97;50;47;36,1
21570006528000;159;74;85;43,7
21570006529000;7;3;4;29,6
21570006531000;8;6;2;41,9
21570006532000;117;59;58;40,7
21570006533000;114;60;54;34,9
21570006534000;3;2;1;0,0
21570006535000;54;17;37;61,1
21570006536000;26;13;13;41,0
21570006538000;8;5;3;32,9
21570006539000;35;20;15;40,9
21570006542000;21;10;11;43,8
21570006543000;20;10;10;48,1
21570006565000;27;14;13;33,9
21570006566000;3;2;1;0,0
21570006572000;46;27;19;39,0
21570006573000;30;17;13;33,7
21570006587000;1;1;0;0,0
21570006590000;7;5;2;42,4
21570006591000;37;19;18;34,4
21570006600000;37;15;22;31,0
21570006601000;30;20;10;29,2
21570006602000;5;2;3;45,4
21570006623000;19;9;10;49,2
21570006624000;103;51;52;46,6
21570006625000;8;3;5;41,8
21570006664000;2;1;1;0,0
21570006667000;6;4;2;27,8
21570006668000;21;11;10;40,1
21570006669000;6;4;2;31,0
21570006670000;15;8;7;62,3
21570006696000;24;10;14;44,7
21570006697000;163;86;77;39,4
21570006698000;2;0;2;0,0
21570006718000;22;11;11;48,2
21570006719000;27;14;13;43,4
21570006727000;1;1;0;0,0
21570006741000;166;84;82;47,0
21570006742000;38;19;19;45,0
21570006751000;2;2;0;0,0
21570006758000;8;3;5;40,9
21570006759000;2;1;1;0,0
21570006761000;7;5;2;38,0
21570006763000;4;3;1;0,0
21570006794000;10;4;6;24,3
21570006795000;14;7;7;47,8
21570006796000;5;2;3;51,0
21570006797000;11;4;7;59,4
21570006870000;13;7;6;44,2
21570006871000;16;7;9;35,3
21570006875000;3;2;1;0,0
21570006876000;13;5;8;41,6
21570006877000;8;6;2;33,5
21570006878000;7;4;3;45,1
21570006917000;4;3;1;0,0
21570006918000;20;6;14;37,1
21570006962000;5;2;3;28,0
21570006982000;12;6;6;42,3
21570006987000;13;7;6;43,1
21570006994000;10;5;5;62,5
21570006995000;27;14;13;42,3
21570006999000;5;2;3;62,4
21570007000000;40;19;21;50,6
21570007001000;23;11;12;50,7
21570007011000;34;18;16;33,1
21570007012000;4;3;1;0,0
21570007021000;4;3;1;0,0
21570007024000;5;4;1;65,4
21570007026000;11;7;4;38,8
21570007027000;7;4;3;63,0
21570007029000;1;0;1;0,0
21570007031000;1;0;1;0,0
21570007036000;5;0;5;41,6
21570007042000;3;1;2;0,0
21570007043000;41;22;19;46,6
21570007045000;3;1;2;0,0
21570007050000;2;1;1;0,0
21570007051000;1;0;1;0,0
21570007052000;4;1;3;0,0
21570007053000;2;1;1;0,0
21570007054000;59;33;26;48,6
21570007055000;19;9;10;39,4
21580006515000;72;40;32;38,6
21580006516000;48;22;26;46,6
21580006519000;7;4;3;31,3
21580006520000;9;5;4;53,0
21580006521000;9;4;5;42,4
21580006522000;4;2;2;0,0
21580006523000;59;29;30;38,5
21580006524000;3;2;1;0,0
21580006526000;5;1;4;34,4
21580006527000;13;7;6;42,2
21580006528000;19;9;10;41,1
21580006529000;22;12;10;36,5
21580006530000;36;20;16;46,2
21580006531000;21;10;11;38,3
21580006532000;17;10;7;51,1
21580006533000;149;69;80;40,7
21580006534000;203;98;105;37,7
21580006535000;24;7;17;70,0
21580006536000;49;27;22;44,3
21580006537000;32;18;14;47,7
21580006538000;52;25;27;40,8
21580006539000;16;9;7;49,5
21580006553000;7;4;3;35,0
21580006565000;16;6;10;39,4
21580006566000;18;9;9;42,4
21580006567000;1;1;0;0,0
21580006571000;27;15;12;41,3
21580006572000;8;5;3;44,3
21580006590000;2;1;1;0,0
21580006591000;39;19;20;40,7
21580006598000;13;6;7;33,6
21580006600000;4;2;2;0,0
21580006601000;5;2;3;65,8
21580006602000;40;21;19;35,6
21580006623000;40;22;18;39,3
21580006624000;109;54;55;41,4
21580006625000;91;40;51;32,8
21580006674000;5;3;2;21,0
21580006696000;24;15;9;41,3
21580006697000;44;26;18;45,8
21580006718000;14;8;6;35,4
21580006741000;73;45;28;37,3
21580006742000;78;41;37;38,9
21580006746000;23;17;6;27,0
21580006756000;4;3;1;0,0
21580006758000;15;9;6;43,3
21580006759000;8;4;4;47,1
21580006762000;6;3;3;40,5
21580006764000;8;4;4;45,4
21580006797000;22;12;10;41,3
21580006870000;15;8;7;60,7
21580006871000;37;18;19;40,5
21580006875000;31;17;14;45,3
21580006876000;7;4;3;65,6
21580006877000;3;1;2;0,0
21580006916000;8;6;2;34,1
21580006917000;23;13;10;39,0
21580006964000;2;1;1;0,0
21580006976000;13;6;7;56,2
21580006982000;2;2;0;0,0
21580006984000;16;8;8;42,1
21580006985000;18;11;7;39,6
21580006986000;23;13;10;47,7
21580006987000;46;23;23;35,1
21580006995000;31;14;17;37,7
21580007000000;39;22;17;39,6
21580007001000;6;5;1;63,0
21580007002000;10;5;5;47,0
21580007008000;2;1;1;0,0
21580007009000;36;16;20;46,6
21580007010000;17;7;10;36,1
21580007011000;93;47;46;43,9
21580007026000;23;12;11;45,6
21580007027000;7;4;3;29,6
21580007029000;8;6;2;24,1
21580007037000;5;2;3;70,0
21580007043000;32;18;14;41,5
21580007047000;7;3;4;29,0
21580007048000;7;4;3;67,4
21580007049000;13;6;7;32,5
21580007050000;28;17;11;47,8
21580007051000;42;24;18;50,0
21580007052000;54;28;26;40,6
21580007053000;26;14;12;50,1
21590006513000;12;4;8;49,3
21590006514000;59;29;30;53,7
21590006515000;130;73;57;43,0
21590006516000;21;12;9;37,2
21590006517000;1;1;0;0,0
21590006520000;23;11;12;47,3
21590006521000;6;2;4;46,2
21590006523000;47;31;16;41,6
21590006524000;8;3;5;31,3
21590006526000;4;3;1;0,0
21590006527000;14;7;7;42,5
21590006530000;6;3;3;57,8
21590006531000;8;3;5;43,5
21590006532000;5;1;4;48,2
21590006533000;61;27;34;40,2
21590006534000;7;3;4;37,6
21590006535000;12;7;5;42,8
21590006536000;20;15;5;31,0
21590006537000;114;57;57;41,1
21590006538000;7;4;3;67,3
21590006562000;10;6;4;42,7
21590006563000;5;3;2;70,6
21590006564000;8;5;3;26,8
21590006565000;374;178;196;43,9
21590006566000;485;230;255;41,2
21590006567000;25;13;12;33,0
21590006571000;17;8;9;45,6
21590006572000;15;9;6;52,9
21590006590000;2;1;1;0,0
21590006591000;34;15;19;45,6
21590006597000;10;4;6;36,9
21590006598000;10;5;5;41,2
21590006601000;70;40;30;40,1
21590006602000;37;18;19;31,4
21590006603000;8;5;3;44,0
21590006623000;123;61;62;40,7
21590006624000;16;6;10;77,1
21590006625000;5;3;2;26,2
21590006630000;2;1;1;0,0
21590006631000;4;3;1;0,0
21590006659000;8;6;2;59,9
21590006660000;1;0;1;0,0
21590006696000;38;20;18;47,5
21590006697000;21;11;10;39,1
21590006727000;1;1;0;0,0
21590006741000;2;1;1;0,0
21590006742000;26;14;12;46,1
21590006743000;5;2;3;41,8
21590006757000;23;16;7;46,7
21590006758000;4;2;2;0,0
21590006796000;8;5;3;63,8
21590006797000;15;7;8;52,1
21590006798000;14;7;7;46,1
21590006870000;4;2;2;0,0
21590006871000;46;23;23;48,1
21590006874000;13;7;6;42,0
21590006876000;9;4;5;53,1
21590006915000;8;4;4;29,6
21590006964000;7;4;3;41,9
21590006965000;10;4;6;47,5
21590006975000;1;1;0;0,0
21590006976000;11;6;5;40,3
21590006977000;22;10;12;37,8
21590006984000;37;21;16;40,7
21590006985000;10;6;4;35,3
21590006986000;14;7;7;42,5
21590006987000;20;10;10;50,0
21590006988000;64;35;29;48,4
21590006994000;26;14;12;41,8
21590006995000;11;7;4;52,4
21590006996000;14;8;6;28,1
21590007011000;33;16;17;37,5
21590007012000;14;6;8;63,5
21590007016000;4;2;2;0,0
21590007017000;6;2;4;59,7
21590007018000;4;1;3;0,0
21590007019000;6;2;4;55,8
21590007025000;3;2;1;0,0
21590007028000;32;16;16;49,2
21590007029000;2;1;1;0,0
21590007044000;56;33;23;33,0
21590007046000;8;5;3;43,0
21590007048000;12;6;6;24,5
21590007051000;11;4;7;53,8
21600006515000;10;6;4;38,6
21600006516000;31;16;15;30,5
21600006517000;16;6;10;47,6
21600006518000;21;11;10;46,5
21600006519000;28;16;12;32,9
21600006520000;46;24;22;42,8
21600006521000;2;1;1;0,0
21600006523000;13;7;6;47,3
21600006524000;2;1;1;0,0
21600006526000;8;2;6;29,4
21600006527000;11;8;3;41,5
21600006530000;6;4;2;28,2
21600006531000;3;0;3;0,0
21600006532000;1;1;0;0,0
21600006533000;2;1;1;0,0
21600006535000;5;2;3;33,6
21600006536000;22;11;11;40,2
21600006537000;87;48;39;40,6
21600006538000;9;5;4;41,4
21600006546000;2;1;1;0,0
21600006549000;24;14;10;39,6
21600006559000;1;0;1;0,0
21600006561000;28;12;16;26,8
21600006562000;45;21;24;40,2
21600006563000;18;10;8;43,3
21600006564000;16;8;8;50,1
21600006565000;191;100;91;34,1
21600006566000;194;78;116;49,3
21600006567000;6;3;3;33,0
21600006570000;1;0;1;0,0
21600006571000;6;3;3;71,3
21600006572000;4;3;1;0,0
21600006587000;15;9;6;36,2
21600006588000;44;28;16;38,2
21600006590000;20;13;7;35,7
21600006591000;8;4;4;47,5
21600006597000;26;14;12;45,8
21600006598000;9;5;4;39,9
21600006600000;8;3;5;42,1
21600006601000;63;32;31;38,3
21600006602000;40;17;23;41,4
21600006603000;79;39;40;44,6
21600006604000;6;3;3;50,5
21600006623000;9;3;6;42,7
21600006624000;1;1;0;0,0
21600006626000;5;4;1;44,0
21600006629000;5;2;3;37,2
21600006633000;2;1;1;0,0
21600006650000;10;6;4;53,9
21600006651000;4;2;2;0,0
21600006658000;2;1;1;0,0
21600006659000;3;2;1;0,0
21600006696000;33;15;18;41,3
21600006697000;8;6;2;40,9
21600006699000;1;1;0;0,0
21600006721000;2;1;1;0,0
21600006727000;2;1;1;0,0
21600006741000;11;8;3;36,7
21600006742000;13;6;7;44,9
21600006743000;2;1;1;0,0
21600006746000;11;5;6;37,2
21600006752000;7;3;4;39,7
21600006753000;2;2;0;0,0
21600006754000;7;5;2;47,3
21600006757000;17;9;8;56,6
21600006763000;1;0;1;0,0
21600006797000;33;14;19;46,6
21600006798000;40;24;16;43,6
21600006871000;11;8;3;55,7
21600006872000;157;84;73;39,1
21600006873000;249;118;131;41,7
21600006874000;4;2;2;0,0
21600006914000;22;10;12;33,0
21600006915000;15;8;7;41,7
21600006965000;12;4;8;43,7
21600006966000;8;4;4;38,5
21600006976000;2;1;1;0,0
21600006982000;2;1;1;0,0
21600006983000;2;1;1;0,0
21600006987000;2;2;0;0,0
21600006988000;5;3;2;19,6
21600006989000;22;9;13;30,5
21600006990000;1;0;1;0,0
21600006992000;3;1;2;0,0
21600006993000;3;2;1;0,0
21600006996000;13;7;6;53,2
21600006997000;29;15;14;37,3
21600007011000;9;4;5;33,0
21600007012000;27;13;14;35,4
21600007013000;13;5;8;46,8
21600007014000;21;7;14;40,4
21600007015000;31;18;13;50,4
21600007016000;3;1;2;0,0
21600007017000;30;16;14;40,7
21600007018000;13;7;6;35,8
21600007026000;5;2;3;30,2
21600007038000;1;0;1;0,0
21600007039000;6;3;3;64,0
21600007044000;1;0;1;0,0
21600007045000;8;3;5;66,3
21600007046000;15;8;7;44,9
21610006517000;4;3;1;0,0
21610006519000;2;2;0;0,0
21610006520000;54;20;34;44,1
21610006521000;2;1;1;0,0
21610006523000;49;25;24;40,2
21610006524000;4;1;3;0,0
21610006525000;11;4;7;40,1
21610006526000;5;3;2;63,4
21610006527000;3;2;1;0,0
21610006531000;17;9;8;49,9
21610006537000;12;11;1;41,5
21610006538000;7;2;5;35,1
21610006539000;4;1;3;0,0
21610006549000;42;23;19;45,5
21610006559000;5;3;2;56,6
21610006560000;1;1;0;0,0
21610006561000;16;9;7;38,1
21610006562000;2;1;1;0,0
21610006566000;42;22;20;39,9
21610006569000;13;8;5;45,8
21610006570000;23;13;10;38,8
21610006587000;35;14;21;37,1
21610006588000;12;7;5;48,1
21610006593000;1;0;1;0,0
21610006594000;5;2;3;31,0
21610006596000;8;3;5;55,5
21610006597000;58;30;28;44,2
21610006598000;14;8;6;58,4
21610006599000;16;8;8;39,1
21610006600000;156;81;75;35,4
21610006601000;90;43;47;34,9
21610006602000;41;21;20;44,8
21610006603000;60;33;27;36,8
21610006604000;111;53;58;36,9
21610006605000;42;17;25;28,4
21610006606000;15;7;8;33,7
21610006608000;2;1;1;0,0
21610006621000;15;8;7;30,4
21610006622000;14;9;5;40,6
21610006623000;52;27;25;44,7
21610006629000;8;5;3;47,3
21610006633000;13;6;7;35,2
21610006636000;2;1;1;0,0
21610006637000;6;4;2;59,3
21610006649000;4;3;1;0,0
21610006659000;5;4;1;28,2
21610006696000;20;9;11;62,6
21610006699000;26;13;13;36,2
21610006715000;2;1;1;0,0
21610006726000;3;1;2;0,0
21610006727000;2;1;1;0,0
21610006741000;20;9;11;37,3
21610006742000;15;7;8;46,7
21610006744000;1;1;0;0,0
21610006751000;3;2;1;0,0
21610006752000;15;6;9;37,3
21610006756000;4;1;3;0,0
21610006764000;6;4;2;21,3
21610006795000;1;1;0;0,0
21610006797000;2;1;1;0,0
21610006798000;62;30;32;42,1
21610006799000;15;4;11;42,1
21610006872000;328;162;166;45,4
21610006873000;74;42;32;41,1
21610006913000;16;9;7;42,6
21610006914000;16;10;6;41,9
21610006915000;6;4;2;53,0
21610006965000;1;0;1;0,0
21610006966000;13;9;4;47,6
21610006975000;4;1;3;0,0
21610006983000;7;4;3;57,1
21610006988000;8;3;5;50,5
21610006989000;1;0;1;0,0
21610006990000;8;3;5;39,9
21610006991000;4;2;2;0,0
21610006992000;6;4;2;51,8
21610006993000;6;1;5;17,8
21610006997000;3;1;2;0,0
21610006998000;1;1;0;0,0
21610007004000;16;10;6;33,6
21610007011000;4;3;1;0,0
21610007013000;14;7;7;44,3
21610007016000;30;12;18;42,8
21610007019000;7;3;4;43,3
21610007025000;4;3;1;0,0
21610007028000;3;2;1;0,0
21620006517000;1;1;0;0,0
21620006519000;9;5;4;40,4
21620006520000;96;48;48;36,2
21620006521000;10;5;5;70,7
21620006522000;4;2;2;0,0
21620006523000;17;10;7;38,4
21620006527000;15;8;7;33,7
21620006528000;5;2;3;46,6
21620006543000;29;14;15;32,3
21620006544000;8;4;4;45,0
21620006545000;1;0;1;0,0
21620006546000;25;13;12;33,8
21620006547000;24;10;14;25,5
21620006548000;72;32;40;42,2
21620006549000;64;37;27;36,9
21620006550000;14;8;6;56,2
21620006554000;4;2;2;0,0
21620006559000;10;4;6;51,3
21620006561000;8;4;4;56,3
21620006567000;20;12;8;42,9
21620006568000;18;10;8;42,9
21620006569000;29;12;17;35,4
21620006575000;2;1;1;0,0
21620006587000;65;31;34;37,5
21620006588000;9;4;5;60,8
21620006589000;1;1;0;0,0
21620006593000;21;11;10;38,5
21620006594000;51;27;24;42,2
21620006595000;10;7;3;47,0
21620006596000;17;9;8;48,5
21620006597000;24;11;13;37,0
21620006598000;55;26;29;38,9
21620006599000;73;38;35;45,1
21620006600000;40;20;20;34,4
21620006601000;285;140;145;38,3
21620006602000;188;93;95;40,3
21620006603000;98;47;51;37,6
21620006605000;48;23;25;37,6
21620006606000;8;4;4;27,3
21620006621000;28;12;16;37,7
21620006622000;20;13;7;28,5
21620006623000;44;24;20;42,3
21620006627000;3;1;2;0,0
21620006629000;1;1;0;0,0
21620006630000;5;3;2;38,2
21620006633000;6;3;3;31,7
21620006636000;2;1;1;0,0
21620006637000;6;3;3;44,2
21620006644000;1;1;0;0,0
21620006645000;1;0;1;0,0
21620006647000;2;1;1;0,0
21620006658000;2;1;1;0,0
21620006695000;5;3;2;18,8
21620006696000;3;2;1;0,0
21620006698000;12;6;6;54,2
21620006741000;4;2;2;0,0
21620006742000;11;4;7;31,7
21620006743000;1;0;1;0,0
21620006750000;1;0;1;0,0
21620006751000;16;8;8;46,1
21620006756000;1;1;0;0,0
21620006765000;3;1;2;0,0
21620006795000;19;13;6;38,6
21620006796000;23;10;13;47,1
21620006797000;21;11;10;46,1
21620006798000;6;2;4;39,5
21620006799000;16;8;8;47,3
21620006872000;73;31;42;34,0
21620006873000;32;15;17;30,7
21620006912000;1;1;0;0,0
21620006913000;5;2;3;21,2
21620006966000;11;6;5;41,7
21620006975000;10;5;5;64,5
21620006984000;2;1;1;0,0
21620006989000;13;7;6;30,3
21620007002000;7;4;3;39,1
21620007004000;22;10;12;44,5
21620007005000;8;4;4;29,0
21620007011000;4;3;1;0,0
21620007016000;114;54;60;50,2
21620007019000;9;5;4;52,6
21620007028000;6;3;3;44,8
21620007031000;5;3;2;64,6
21620007032000;6;3;3;38,0
21630006519000;9;5;4;33,4
21630006520000;10;3;7;46,4
21630006521000;113;61;52;35,7
21630006522000;132;70;62;37,0
21630006523000;19;12;7;43,5
21630006524000;3;2;1;0,0
21630006527000;32;16;16;30,0
21630006529000;8;5;3;29,1
21630006541000;4;3;1;0,0
21630006542000;1;1;0;0,0
21630006544000;11;6;5;59,7
21630006545000;27;11;16;48,8
21630006546000;37;19;18;39,6
21630006547000;40;22;18;35,7
21630006549000;1;1;0;0,0
21630006550000;51;27;24;43,6
21630006551000;1;0;1;0,0
21630006552000;22;9;13;47,9
21630006560000;10;6;4;47,3
21630006561000;17;9;8;31,5
21630006586000;19;11;8;39,9
21630006587000;120;55;65;36,5
21630006588000;142;66;76;41,9
21630006589000;43;22;21;47,1
21630006590000;20;10;10;35,9
21630006591000;16;8;8;43,3
21630006592000;30;16;14;43,5
21630006593000;22;14;8;46,6
21630006594000;24;16;8;38,8
21630006595000;21;11;10;52,0
21630006596000;1;0;1;0,0
21630006598000;1;0;1;0,0
21630006599000;686;348;338;30,9
21630006600000;649;309;340;40,4
21630006601000;577;268;309;49,2
21630006602000;85;48;37;37,2
21630006603000;41;15;26;46,9
21630006604000;74;34;40;32,1
21630006605000;16;9;7;37,1
21630006610000;1;1;0;0,0
21630006621000;46;27;19;37,2
21630006622000;9;4;5;44,0
21630006623000;6;3;3;55,2
21630006624000;4;1;3;0,0
21630006628000;6;3;3;35,2
21630006630000;24;15;9;37,0
21630006631000;15;7;8;43,3
21630006632000;26;13;13;43,0
21630006633000;13;7;6;34,7
21630006634000;6;3;3;46,5
21630006635000;51;29;22;44,6
21630006636000;7;4;3;34,3
21630006645000;9;6;3;52,9
21630006646000;1;1;0;0,0
21630006649000;8;4;4;41,5
21630006650000;1;0;1;0,0
21630006657000;4;3;1;0,0
21630006695000;4;3;1;0,0
21630006697000;12;6;6;34,8
21630006698000;10;5;5;36,3
21630006705000;2;1;1;0,0
21630006707000;8;4;4;51,9
21630006708000;2;1;1;0,0
21630006716000;3;1;2;0,0
21630006726000;3;3;0;0,0
21630006743000;54;31;23;50,4
21630006744000;1;1;0;0,0
21630006750000;12;8;4;53,3
21630006751000;2;1;1;0,0
21630006752000;3;3;0;0,0
21630006755000;2;1;1;0,0
21630006763000;1;1;0;0,0
21630006797000;5;2;3;66,0
21630006798000;7;3;4;44,4
21630006873000;46;25;21;42,1
21630006874000;6;4;2;28,8
21630006875000;2;2;0;0,0
21630006912000;10;5;5;52,0
21630006913000;7;4;3;50,6
21630006967000;34;18;16;43,1
21630006968000;56;28;28;33,7
21630006969000;21;12;9;32,4
21630006970000;11;4;7;31,3
21630006971000;41;19;22;50,4
21630006972000;3;2;1;0,0
21630006990000;9;6;3;35,2
21630007003000;36;19;17;40,6
21630007005000;15;7;8;67,1
21630007011000;2;1;1;0,0
21630007012000;7;4;3;45,7
21630007013000;6;3;3;62,2
21630007015000;2;1;1;0,0
21630007016000;96;42;54;45,4
21630007022000;1;1;0;0,0
21630007030000;10;6;4;46,8
21630007033000;6;3;3;36,5
21640006518000;23;9;14;50,3
21640006519000;28;15;13;50,4
21640006520000;36;22;14;39,8
21640006521000;160;81;79;35,1
21640006522000;860;422;438;39,1
21640006523000;231;126;105;41,7
21640006524000;13;8;5;34,9
21640006526000;19;10;9;44,7
21640006527000;11;8;3;33,5
21640006529000;5;3;2;49,6
21640006530000;1;1;0;0,0
21640006534000;5;2;3;23,6
21640006542000;3;2;1;0,0
21640006543000;16;10;6;41,1
21640006544000;48;25;23;46,8
21640006545000;17;7;10;43,9
21640006546000;4;1;3;0,0
21640006548000;4;3;1;0,0
21640006549000;6;2;4;40,8
21640006550000;32;15;17;33,3
21640006551000;249;105;144;48,2
21640006552000;39;17;22;33,9
21640006559000;2;1;1;0,0
21640006560000;5;4;1;68,2
21640006561000;4;2;2;0,0
21640006585000;14;6;8;39,9
21640006586000;92;44;48;40,8
21640006587000;558;276;282;42,9
21640006588000;617;274;343;48,3
21640006589000;86;45;41;42,5
21640006590000;29;17;12;47,9
21640006591000;44;24;20;45,7
21640006592000;77;39;38;43,8
21640006593000;24;15;9;40,6
21640006594000;4;2;2;0,0
21640006599000;57;30;27;44,7
21640006600000;446;221;225;38,1
21640006601000;158;87;71;36,6
21640006602000;39;22;17;42,9
21640006603000;79;38;41;44,9
21640006604000;327;166;161;35,1
21640006606000;2;1;1;0,0
21640006607000;9;5;4;45,6
21640006608000;7;2;5;30,1
21640006609000;7;5;2;45,7
21640006619000;1;0;1;0,0
21640006620000;12;7;5;43,8
21640006621000;15;9;6;58,2
21640006622000;24;12;12;50,0
21640006630000;19;9;10;47,9
21640006631000;59;28;31;39,1
21640006632000;87;33;54;56,1
21640006633000;7;5;2;46,1
21640006634000;14;9;5;47,1
21640006635000;33;16;17;37,0
21640006636000;30;17;13;45,5
21640006637000;8;5;3;56,6
21640006638000;6;4;2;50,8
21640006639000;6;4;2;45,0
21640006649000;7;5;2;59,0
21640006650000;3;2;1;0,0
21640006651000;17;10;7;40,5
21640006683000;2;1;1;0,0
21640006695000;11;4;7;31,8
21640006696000;162;82;80;39,4
21640006697000;26;11;15;49,4
21640006702000;42;20;22;43,1
21640006721000;1;0;1;0,0
21640006743000;40;22;18;46,9
21640006744000;5;3;2;26,0
21640006750000;24;13;11;42,0
21640006751000;5;2;3;20,4
21640006752000;14;6;8;53,6
21640006753000;2;1;1;0,0
21640006795000;23;14;9;49,7
21640006796000;12;5;7;47,2
21640006797000;7;3;4;33,4
21640006873000;48;21;27;39,5
21640006874000;19;11;8;52,9
21640006875000;17;10;7;40,4
21640006911000;1;0;1;0,0
21640006912000;45;20;25;49,2
21640006969000;9;3;6;31,1
21640006970000;23;13;10;52,9
21640006971000;45;22;23;37,6
21640006985000;4;3;1;0,0
21640007003000;62;33;29;49,8
21640007005000;12;7;5;51,6
21640007006000;4;3;1;0,0
21640007012000;76;40;36;44,3
21640007013000;25;14;11;49,9
21640007014000;2;1;1;0,0
21640007016000;18;13;5;24,6
21640007017000;9;7;2;21,8
21640007018000;4;2;2;0,0
21640007019000;6;3;3;62,8
21640007021000;2;1;1;0,0
21640007023000;9;4;5;55,6
21640007024000;5;3;2;57,2
21640007030000;5;4;1;25,8
21640007031000;23;9;14;48,0
21650006519000;4;2;2;0,0
21650006522000;854;389;465;45,9
21650006523000;880;438;442;42,8
21650006526000;16;7;9;35,8
21650006527000;6;3;3;39,8
21650006528000;7;3;4;29,7
21650006530000;2;1;1;0,0
21650006540000;2;1;1;0,0
21650006543000;15;9;6;44,0
21650006544000;12;8;4;39,0
21650006550000;3;1;2;0,0
21650006551000;29;15;14;37,0
21650006552000;42;21;21;30,4
21650006559000;5;4;1;49,6
21650006560000;3;2;1;0,0
21650006584000;16;9;7;44,6
21650006585000;21;12;9;47,3
21650006586000;13;4;9;46,3
21650006587000;37;18;19;40,0
21650006588000;56;26;30;39,2
21650006589000;26;13;13;44,9
21650006590000;27;17;10;37,0
21650006591000;16;9;7;46,4
21650006592000;9;4;5;26,6
21650006600000;55;28;27;37,0
21650006601000;38;14;24;35,2
21650006602000;20;9;11;35,6
21650006603000;10;6;4;54,0
21650006608000;1;1;0;0,0
21650006609000;7;4;3;52,3
21650006610000;17;11;6;39,4
21650006620000;49;27;22;44,4
21650006621000;53;29;24;44,1
21650006622000;4;3;1;0,0
21650006630000;16;7;9;35,1
21650006631000;29;17;12;53,0
21650006632000;36;19;17;38,7
21650006635000;4;2;2;0,0
21650006649000;13;8;5;35,0
21650006650000;19;9;10;44,1
21650006651000;7;4;3;62,6
21650006654000;1;1;0;0,0
21650006655000;4;2;2;0,0
21650006683000;3;2;1;0,0
21650006695000;1;1;0;0,0
21650006696000;254;120;134;45,9
21650006697000;19;8;11;40,8
21650006698000;2;2;0;0,0
21650006702000;24;16;8;29,7
21650006725000;9;5;4;46,3
21650006743000;52;27;25;36,1
21650006744000;11;6;5;41,2
21650006749000;19;7;12;40,1
21650006750000;27;15;12;50,8
21650006751000;21;9;12;41,9
21650006752000;8;4;4;62,0
21650006755000;1;1;0;0,0
21650006765000;26;11;15;33,9
21650006793000;4;2;2;0,0
21650006794000;1;1;0;0,0
21650006796000;8;4;4;45,1
21650006798000;5;2;3;59,4
21650006874000;13;6;7;49,3
21650006875000;8;4;4;32,8
21650006911000;9;6;3;39,1
21650006912000;6;2;4;42,5
21650006975000;8;5;3;43,6
21650006991000;1;1;0;0,0
21650006992000;8;4;4;37,4
21650007003000;15;7;8;39,5
21650007004000;46;23;23;44,6
21650007005000;19;10;9;37,7
21650007012000;14;8;6;50,1
21650007016000;11;4;7;40,5
21650007017000;3;3;0;0,0
21650007030000;1;1;0;0,0
21650007031000;38;19;19;41,4
21660006522000;219;103;116;46,9
21660006523000;1023;513;510;45,4
21660006524000;148;81;67;43,3
21660006526000;3;2;1;0,0
21660006529000;7;4;3;58,6
21660006530000;2;1;1;0,0
21660006532000;3;1;2;0,0
21660006537000;2;1;1;0,0
21660006539000;3;2;1;0,0
21660006550000;6;3;3;57,5
21660006551000;1;0;1;0,0
21660006552000;38;21;17;37,3
21660006553000;16;9;7;39,6
21660006554000;3;2;1;0,0
21660006555000;6;3;3;29,3
21660006556000;3;2;1;0,0
21660006557000;11;5;6;47,3
21660006558000;6;4;2;60,5
21660006559000;7;4;3;61,3
21660006560000;8;4;4;44,8
21660006582000;4;3;1;0,0
21660006583000;10;5;5;46,3
21660006584000;3;1;2;0,0
21660006587000;5;3;2;72,6
21660006588000;33;16;17;46,8
21660006589000;15;6;9;40,5
21660006590000;6;3;3;44,2
21660006599000;19;8;11;33,1
21660006600000;96;52;44;42,6
21660006601000;50;24;26;39,0
21660006602000;31;17;14;48,8
21660006603000;17;10;7;43,2
21660006604000;9;5;4;47,3
21660006605000;4;3;1;0,0
21660006609000;8;3;5;46,1
21660006615000;2;1;1;0,0
21660006620000;35;21;14;48,4
21660006621000;64;30;34;37,4
21660006622000;10;4;6;35,3
21660006632000;7;5;2;42,0
21660006640000;3;2;1;0,0
21660006648000;7;4;3;40,9
21660006649000;6;2;4;59,0
21660006650000;10;7;3;50,9
21660006652000;11;7;4;21,5
21660006653000;7;3;4;46,6
21660006668000;5;2;3;50,8
21660006669000;6;4;2;25,7
21660006672000;1;0;1;0,0
21660006683000;1;1;0;0,0
21660006694000;2;1;1;0,0
21660006695000;23;11;12;44,4
21660006696000;63;27;36;41,6
21660006697000;20;13;7;40,7
21660006699000;1;0;1;0,0
21660006700000;16;9;7;52,6
21660006701000;8;7;1;53,4
21660006702000;20;12;8;49,0
21660006725000;11;7;4;30,1
21660006726000;3;2;1;0,0
21660006743000;12;6;6;56,7
21660006744000;60;31;29;45,9
21660006747000;11;6;5;37,5
21660006748000;25;14;11;47,6
21660006749000;65;36;29;42,5
21660006750000;83;49;34;36,9
21660006751000;4;2;2;0,0
21660006765000;16;10;6;45,0
21660006792000;9;4;5;38,7
21660006793000;12;5;7;63,1
21660006794000;23;12;11;58,7
21660006795000;13;7;6;51,6
21660006796000;41;24;17;38,3
21660006807000;18;10;8;41,1
21660006874000;13;8;5;45,6
21660006875000;16;10;6;41,2
21660006911000;9;5;4;27,0
21660006975000;6;3;3;66,5
21660006985000;9;4;5;42,7
21660006986000;12;7;5;56,0
21660006990000;8;3;5;23,6
21660006991000;10;4;6;38,3
21660006996000;2;1;1;0,0
21660007012000;25;13;12;30,6
21660007017000;7;4;3;40,3
21660007031000;21;12;9;43,9
21660007057000;1;0;1;0,0
21670006525000;1;1;0;0,0
21670006526000;8;4;4;62,3
21670006528000;1;1;0;0,0
21670006529000;1;0;1;0,0
21670006542000;4;1;3;0,0
21670006553000;6;3;3;42,3
21670006554000;10;5;5;45,6
21670006557000;11;7;4;39,9
21670006558000;5;3;2;29,0
21670006559000;4;2;2;0,0
21670006560000;25;11;14;49,7
21670006561000;29;15;14;38,1
21670006580000;5;2;3;38,4
21670006581000;14;8;6;50,6
21670006582000;3;1;2;0,0
21670006586000;7;4;3;33,6
21670006588000;9;4;5;32,1
21670006589000;4;2;2;0,0
21670006598000;7;3;4;52,9
21670006599000;29;15;14;42,4
21670006600000;32;15;17;46,3
21670006601000;166;86;80;43,0
21670006602000;66;35;31;33,5
21670006603000;8;5;3;33,4
21670006611000;3;2;1;0,0
21670006612000;1;0;1;0,0
21670006620000;48;24;24;45,1
21670006621000;54;28;26;40,1
21670006622000;10;4;6;51,0
21670006631000;4;2;2;0,0
21670006632000;6;4;2;30,3
21670006640000;1;1;0;0,0
21670006644000;10;5;5;38,0
21670006646000;6;4;2;69,5
21670006647000;9;4;5;42,3
21670006648000;3;2;1;0,0
21670006649000;4;2;2;0,0
21670006650000;2;1;1;0,0
21670006652000;10;6;4;54,1
21670006653000;2;1;1;0,0
21670006654000;3;2;1;0,0
21670006668000;1;0;1;0,0
21670006670000;1;1;0;0,0
21670006681000;3;2;1;0,0
21670006682000;21;11;10;53,1
21670006683000;3;0;3;0,0
21670006684000;11;6;5;34,8
21670006685000;33;20;13;51,6
21670006686000;4;3;1;0,0
21670006687000;4;2;2;0,0
21670006688000;15;7;8;49,9
21670006689000;23;9;14;53,3
21670006692000;1;0;1;0,0
21670006694000;25;15;10;54,4
21670006695000;45;17;28;40,4
21670006696000;5;2;3;66,0
21670006698000;3;2;1;0,0
21670006699000;3;2;1;0,0
21670006700000;2;1;1;0,0
21670006701000;4;2;2;0,0
21670006723000;2;1;1;0,0
21670006726000;10;5;5;46,5
21670006727000;9;4;5;36,4
21670006743000;14;7;7;52,0
21670006744000;232;119;113;39,2
21670006745000;34;18;16;35,5
21670006746000;31;18;13;39,4
21670006747000;79;37;42;40,8
21670006748000;20;10;10;49,4
21670006749000;1;0;1;0,0
21670006750000;6;3;3;37,0
21670006792000;31;16;15;43,9
21670006793000;103;55;48;40,7
21670006794000;41;24;17;39,2
21670006795000;20;12;8;58,0
21670006807000;6;3;3;38,0
21670006875000;49;25;24;39,1
21670006876000;10;8;2;35,9
21670006910000;5;2;3;48,2
21670006911000;5;2;3;20,6
21670006968000;7;2;5;27,0
21670006969000;42;19;23;36,7
21670006989000;1;1;0;0,0
21670006994000;20;11;9;35,2
21670006995000;5;2;3;45,4
21670007000000;1;1;0;0,0
21670007006000;4;2;2;0,0
21670007010000;4;2;2;0,0
21670007011000;11;5;6;33,7
21670007012000;17;9;8;49,5
21670007017000;10;4;6;55,1
21670007027000;15;6;9;35,7
21670007030000;3;2;1;0,0
21670007031000;21;11;10;42,4
21670007032000;33;18;15;35,7
21670007033000;1;0;1;0,0
21670007054000;6;3;3;72,3
21680006525000;4;2;2;0,0
21680006526000;12;6;6;48,3
21680006527000;19;9;10;32,8
21680006528000;2;1;1;0,0
21680006529000;14;6;8;29,2
21680006533000;2;1;1;0,0
21680006534000;10;5;5;55,3
21680006538000;2;1;1;0,0
21680006539000;10;5;5;37,0
21680006542000;29;17;12;29,7
21680006552000;7;4;3;36,3
21680006561000;56;29;27;44,4
21680006562000;6;3;3;49,0
21680006563000;10;7;3;59,2
21680006578000;10;5;5;35,5
21680006579000;4;2;2;0,0
21680006586000;20;9;11;44,8
21680006587000;8;3;5;52,4
21680006588000;20;12;8;63,9
21680006589000;6;3;3;46,8
21680006590000;13;6;7;29,2
21680006594000;9;7;2;43,3
21680006595000;16;9;7;45,8
21680006597000;216;103;113;39,4
21680006598000;207;102;105;33,7
21680006599000;7;2;5;33,7
21680006600000;19;7;12;39,3
21680006601000;46;20;26;34,4
21680006602000;11;5;6;41,8
21680006609000;4;1;3;0,0
21680006610000;20;8;12;47,2
21680006611000;3;1;2;0,0
21680006612000;5;2;3;47,2
21680006619000;22;8;14;32,9
21680006620000;59;26;33;40,1
21680006621000;123;66;57;42,8
21680006622000;29;12;17;43,8
21680006631000;9;5;4;35,3
21680006632000;25;13;12;43,6
21680006641000;1;1;0;0,0
21680006646000;12;6;6;28,8
21680006647000;11;5;6;23,3
21680006652000;3;1;2;0,0
21680006653000;1;1;0;0,0
21680006654000;8;4;4;51,9
21680006666000;2;1;1;0,0
21680006670000;4;2;2;0,0
21680006678000;1;1;0;0,0
21680006679000;1;1;0;0,0
21680006681000;5;2;3;19,4
21680006682000;12;6;6;42,6
21680006683000;17;10;7;32,5
21680006684000;30;15;15;55,5
21680006685000;62;28;34;42,0
21680006687000;4;3;1;0,0
21680006688000;4;2;2;0,0
21680006689000;1;0;1;0,0
21680006690000;10;5;5;27,0
21680006691000;10;6;4;36,6
21680006692000;33;16;17;49,0
21680006693000;56;30;26;42,7
21680006694000;7;3;4;48,0
21680006695000;16;6;10;34,3
21680006696000;32;15;17;33,3
21680006697000;24;15;9;38,6
21680006698000;6;3;3;46,0
21680006727000;13;9;4;49,1
21680006728000;22;11;11;41,7
21680006743000;7;6;1;38,9
21680006744000;766;367;399;38,1
21680006745000;145;66;79;43,5
21680006746000;29;16;13;44,8
21680006747000;5;2;3;62,8
21680006749000;2;1;1;0,0
21680006752000;1;1;0;0,0
21680006761000;9;5;4;33,4
21680006765000;1;1;0;0,0
21680006768000;1;1;0;0,0
21680006791000;2;1;1;0,0
21680006792000;22;12;10;47,1
21680006793000;43;22;21;44,7
21680006794000;40;22;18;38,1
21680006795000;16;7;9;46,3
21680006806000;5;4;1;45,6
21680006807000;4;3;1;0,0
21680006815000;1;0;1;0,0
21680006873000;19;6;13;34,7
21680006874000;29;15;14;41,3
21680006875000;40;21;19;43,2
21680006876000;2;1;1;0,0
21680006909000;4;2;2;0,0
21680006910000;7;3;4;37,0
21680006958000;2;1;1;0,0
21680006960000;4;2;2;0,0
21680006962000;2;1;1;0,0
21680006963000;14;7;7;45,6
21680006964000;144;67;77;36,5
21680006965000;20;9;11;27,9
21680006966000;8;3;5;38,0
21680006973000;80;40;40;48,6
21680006978000;1;0;1;0,0
21680006979000;18;8;10;42,0
21680006980000;9;4;5;29,4
21680006988000;6;3;3;44,2
21680006992000;35;19;16;34,0
21680006993000;35;22;13;47,3
21680006994000;14;2;12;89,8
21680007001000;6;2;4;45,5
21680007006000;19;12;7;57,3
21680007007000;8;4;4;33,0
21680007017000;11;5;6;45,3
21680007018000;2;1;1;0,0
21680007020000;6;2;4;27,7
21680007025000;8;4;4;41,8
21680007029000;6;2;4;59,0
21680007030000;24;12;12;44,9
21680007031000;50;27;23;38,0
21680007032000;9;3;6;38,0
21680007053000;2;1;1;0,0
21680007056000;6;3;3;55,0
21680007058000;6;3;3;39,0
21680007077000;11;5;6;46,6
21690006525000;13;5;8;45,8
21690006526000;23;11;12;35,1
21690006528000;11;4;7;49,8
21690006529000;9;5;4;39,2
21690006533000;4;1;3;0,0
21690006534000;3;2;1;0,0
21690006535000;19;11;8;50,0
21690006541000;11;5;6;27,4
21690006542000;52;27;25;41,2
21690006543000;3;2;1;0,0
21690006551000;4;3;1;0,0
21690006552000;22;10;12;36,4
21690006559000;5;3;2;53,8
21690006577000;2;1;1;0,0
21690006586000;16;9;7;40,4
21690006587000;27;18;9;32,5
21690006588000;8;5;3;36,9
21690006589000;13;7;6;57,5
21690006590000;5;3;2;48,0
21690006591000;4;3;1;0,0
21690006593000;15;9;6;55,7
21690006594000;55;29;26;37,9
21690006595000;71;39;32;42,8
21690006596000;24;13;11;54,6
21690006597000;539;239;300;47,3
21690006598000;104;52;52;38,6
21690006599000;46;20;26;42,5
21690006600000;21;11;10;38,9
21690006601000;6;2;4;34,2
21690006608000;16;9;7;47,1
21690006609000;12;6;6;43,7
21690006618000;9;6;3;53,2
21690006619000;4;2;2;0,0
21690006620000;157;77;80;38,2
21690006621000;86;40;46;37,7
21690006622000;32;15;17;48,6
21690006630000;2;2;0;0,0
21690006631000;2;1;1;0,0
21690006632000;2;1;1;0,0
21690006641000;1;1;0;0,0
21690006642000;10;4;6;29,7
21690006643000;2;0;2;0,0
21690006649000;1;1;0;0,0
21690006653000;3;3;0;0,0
21690006669000;1;0;1;0,0
21690006670000;1;1;0;0,0
21690006677000;11;6;5;54,0
21690006678000;4;2;2;0,0
21690006679000;2;1;1;0,0
21690006680000;11;5;6;70,8
21690006681000;17;11;6;31,9
21690006688000;9;6;3;41,2
21690006689000;7;5;2;26,3
21690006690000;12;6;6;42,6
21690006692000;2;1;1;0,0
21690006693000;1;1;0;0,0
21690006696000;10;7;3;57,4
21690006697000;31;19;12;38,4
21690006744000;271;134;137;42,4
21690006745000;374;182;192;41,9
21690006746000;31;15;16;47,5
21690006747000;20;10;10;43,9
21690006791000;28;15;13;44,2
21690006792000;14;9;5;48,9
21690006793000;5;2;3;55,4
21690006794000;35;21;14;37,6
21690006805000;12;7;5;53,8
21690006873000;34;20;14;42,9
21690006875000;38;21;17;37,5
21690006876000;20;11;9;44,7
21690006908000;10;6;4;50,7
21690006909000;15;8;7;43,4
21690006910000;1;0;1;0,0
21690006963000;10;6;4;37,9
21690006964000;281;142;139;37,8
21690006965000;293;149;144;43,0
21690006972000;22;10;12;39,0
21690006973000;44;26;18;39,4
21690006974000;4;2;2;0,0
21690006977000;45;22;23;48,4
21690006978000;13;7;6;51,6
21690006980000;7;3;4;42,3
21690006981000;2;1;1;0,0
21690006983000;49;25;24;39,5
21690006986000;18;11;7;38,6
21690006988000;10;4;6;31,3
21690006991000;24;11;13;46,9
21690006993000;8;6;2;43,0
21690006997000;8;3;5;52,8
21690006999000;2;1;1;0,0
21690007000000;5;2;3;37,4
21690007001000;2;2;0;0,0
21690007003000;2;1;1;0,0
21690007008000;12;6;6;60,5
21690007017000;23;13;10;51,7
21690007018000;2;1;1;0,0
21690007020000;8;5;3;40,6
21690007023000;5;3;2;42,2
21690007024000;17;9;8;37,2
21690007025000;8;6;2;51,6
21690007026000;6;4;2;53,3
21690007027000;11;7;4;40,5
21690007029000;1;0;1;0,0
21690007030000;4;1;3;0,0
21690007031000;32;17;15;38,7
21690007032000;8;5;3;65,6
21690007052000;2;1;1;0,0
21690007077000;68;44;24;50,0
21700006525000;2;1;1;0,0
21700006526000;9;4;5;23,1
21700006528000;6;2;4;39,2
21700006529000;2;1;1;0,0
21700006534000;15;8;7;45,1
21700006535000;17;7;10;48,3
21700006536000;7;4;3;65,1
21700006537000;42;21;21;42,5
21700006541000;20;9;11;37,0
21700006542000;148;76;72;41,5
21700006543000;7;5;2;45,1
21700006550000;5;4;1;27,2
21700006552000;4;2;2;0,0
21700006586000;106;64;42;36,8
21700006587000;48;28;20;36,2
21700006588000;5;3;2;70,0
21700006590000;5;3;2;26,8
21700006591000;18;9;9;32,2
21700006592000;12;7;5;38,4
21700006593000;24;11;13;47,5
21700006594000;6;4;2;49,2
21700006595000;13;7;6;35,5
21700006596000;18;9;9;40,2
21700006597000;66;38;28;50,5
21700006598000;60;31;29;40,1
21700006599000;28;15;13;40,9
21700006608000;1;0;1;0,0
21700006616000;10;6;4;30,4
21700006617000;20;10;10;34,3
21700006618000;28;15;13;38,2
21700006619000;132;67;65;46,1
21700006620000;122;65;57;35,1
21700006621000;53;24;29;38,9
21700006622000;18;9;9;30,3
21700006630000;18;11;7;34,0
21700006670000;2;1;1;0,0
21700006675000;4;1;3;0,0
21700006677000;5;4;1;52,4
21700006691000;3;2;1;0,0
21700006692000;4;2;2;0,0
21700006693000;5;2;3;48,2
21700006726000;10;6;4;35,8
21700006727000;9;4;5;47,3
21700006728000;11;5;6;29,8
21700006744000;525;243;282;47,4
21700006745000;319;149;170;41,4
21700006746000;40;19;21;43,8
21700006747000;35;18;17;43,3
21700006791000;13;10;3;49,6
21700006792000;2;1;1;0,0
21700006793000;25;14;11;43,4
21700006794000;21;10;11;48,7
21700006797000;3;1;2;0,0
21700006805000;19;10;9;52,6
21700006833000;1;1;0;0,0
21700006873000;31;15;16;49,2
21700006875000;11;7;4;64,2
21700006876000;3;1;2;0,0
21700006906000;9;4;5;27,3
21700006907000;27;14;13;38,8
21700006908000;8;4;4;27,6
21700006964000;54;27;27;37,2
21700006965000;1512;788;724;43,7
21700006966000;70;35;35;36,3
21700006974000;6;2;4;37,3
21700006975000;73;39;34;50,5
21700006976000;99;48;51;41,7
21700006977000;35;18;17;39,8
21700006982000;8;4;4;45,6
21700006983000;25;14;11;37,3
21700006984000;22;13;9;34,2
21700006985000;177;88;89;41,5
21700006986000;34;18;16;30,1
21700006987000;13;8;5;50,5
21700006989000;5;1;4;26,2
21700006990000;14;7;7;35,2
21700006997000;23;11;12;42,5
21700006998000;17;9;8;44,4
21700007002000;10;6;4;24,5
21700007004000;45;26;19;38,6
21700007009000;4;1;3;0,0
21700007017000;14;8;6;41,1
21700007020000;12;6;6;59,7
21700007021000;9;5;4;57,0
21700007036000;13;5;8;44,9
21700007039000;3;2;1;0,0
21700007050000;2;1;1;0,0
21700007051000;2;2;0;0,0
21700007052000;3;2;1;0,0
21700007058000;2;1;1;0,0
21700007059000;1;1;0;0,0
21700007060000;2;1;1;0,0
21700007061000;1;0;1;0,0
21700007077000;13;7;6;40,8
21700007078000;9;5;4;22,1
21710006526000;7;4;3;44,3
21710006527000;7;3;4;47,7
21710006528000;1;1;0;0,0
21710006530000;3;1;2;0,0
21710006534000;7;3;4;62,1
21710006535000;10;5;5;28,5
21710006536000;1;1;0;0,0
21710006537000;2;1;1;0,0
21710006539000;5;3;2;50,2
21710006540000;5;3;2;48,2
21710006541000;162;78;84;38,1
21710006542000;575;283;292;43,0
21710006543000;30;17;13;33,3
21710006551000;4;3;1;0,0
21710006570000;1;0;1;0,0
21710006579000;1;0;1;0,0
21710006584000;9;5;4;46,1
21710006585000;148;80;68;39,7
21710006586000;81;35;46;35,7
21710006590000;3;2;1;0,0
21710006591000;5;3;2;42,4
21710006592000;13;7;6;44,3
21710006593000;3;2;1;0,0
21710006594000;8;3;5;44,3
21710006595000;29;19;10;49,7
21710006596000;50;20;30;45,1
21710006597000;12;5;7;56,7
21710006598000;37;20;17;45,1
21710006599000;13;7;6;27,6
21710006616000;44;24;20;43,9
21710006617000;46;24;22;41,5
21710006618000;102;46;56;35,3
21710006619000;52;27;25;37,0
21710006620000;33;17;16;34,4
21710006621000;44;25;19;36,3
21710006627000;2;1;1;0,0
21710006629000;2;1;1;0,0
21710006630000;6;4;2;18,3
21710006631000;2;1;1;0,0
21710006669000;8;5;3;43,1
21710006674000;3;2;1;0,0
21710006675000;11;6;5;45,0
21710006682000;4;3;1;0,0
21710006729000;46;28;18;46,9
21710006730000;2;1;1;0,0
21710006744000;164;75;89;37,9
21710006746000;30;19;11;50,8
21710006747000;32;17;15;42,4
21710006748000;1;1;0;0,0
21710006756000;1;1;0;0,0
21710006760000;4;3;1;0,0
21710006791000;16;9;7;49,7
21710006792000;4;1;3;0,0
21710006793000;65;33;32;37,6
21710006794000;3;3;0;0,0
21710006796000;1;1;0;0,0
21710006804000;13;5;8;41,3
21710006805000;49;24;25;36,2
21710006806000;4;3;1;0,0
21710006872000;7;2;5;28,7
21710006873000;17;9;8;38,1
21710006875000;12;8;4;45,3
21710006902000;1;1;0;0,0
21710006905000;24;12;12;49,9
21710006906000;49;27;22;41,3
21710006907000;14;7;7;61,4
21710006964000;285;159;126;42,2
21710006965000;876;399;477;47,1
21710006975000;9;5;4;37,0
21710006976000;47;26;21;39,6
21710006979000;5;4;1;37,4
21710006989000;112;52;60;37,2
21710006991000;2;1;1;0,0
21710006998000;31;16;15;45,1
21710007002000;2;1;1;0,0
21710007003000;1;1;0;0,0
21710007004000;15;7;8;44,4
21710007036000;10;6;4;47,8
21710007039000;27;10;17;37,0
21710007050000;4;2;2;0,0
21710007061000;77;44;33;53,8
21710007062000;12;5;7;40,5
21710007077000;10;8;2;40,4
21720006526000;1;1;0;0,0
21720006527000;21;8;13;52,7
21720006528000;6;3;3;47,2
21720006531000;1;1;0;0,0
21720006535000;1;0;1;0,0
21720006541000;45;26;19;30,5
21720006542000;153;78;75;38,2
21720006543000;23;15;8;40,5
21720006544000;8;5;3;44,6
21720006545000;39;23;16;39,3
21720006546000;32;18;14;52,3
21720006550000;3;1;2;0,0
21720006557000;12;6;6;46,3
21720006568000;1;1;0;0,0
21720006570000;5;4;1;57,4
21720006582000;1;1;0;0,0
21720006583000;92;46;46;47,6
21720006584000;350;169;181;44,5
21720006585000;226;113;113;38,5
21720006586000;53;29;24;46,2
21720006587000;5;1;4;30,8
21720006588000;11;8;3;48,8
21720006589000;15;9;6;27,9
21720006595000;7;5;2;34,0
21720006596000;14;7;7;44,6
21720006597000;35;16;19;36,0
21720006598000;12;8;4;53,0
21720006614000;26;17;9;39,9
21720006615000;60;32;28;41,4
21720006616000;252;136;116;41,8
21720006617000;45;27;18;44,4
21720006618000;768;358;410;50,4
21720006619000;50;23;27;38,5
21720006628000;2;1;1;0,0
21720006630000;1;0;1;0,0
21720006633000;2;1;1;0,0
21720006672000;19;9;10;31,0
21720006673000;15;8;7;41,5
21720006674000;22;10;12;35,5
21720006675000;20;10;10;59,5
21720006681000;2;1;1;0,0
21720006724000;3;2;1;0,0
21720006728000;34;19;15;53,6
21720006729000;81;44;37;45,1
21720006730000;9;6;3;47,9
21720006743000;1;1;0;0,0
21720006744000;147;67;80;40,5
21720006746000;7;3;4;30,1
21720006747000;5;2;3;41,6
21720006748000;1;1;0;0,0
21720006754000;2;1;1;0,0
21720006755000;3;1;2;0,0
21720006779000;2;1;1;0,0
21720006782000;3;1;2;0,0
21720006789000;11;5;6;47,9
21720006790000;30;18;12;46,0
21720006791000;12;6;6;32,4
21720006792000;13;6;7;43,0
21720006793000;7;3;4;65,7
21720006796000;9;5;4;36,9
21720006797000;2;1;1;0,0
21720006802000;10;6;4;34,5
21720006803000;27;14;13;29,3
21720006804000;40;19;21;30,4
21720006805000;22;10;12;47,2
21720006832000;1;1;0;0,0
21720006872000;8;5;3;43,8
21720006873000;21;11;10;52,4
21720006875000;20;12;8;45,2
21720006904000;49;28;21;33,3
21720006905000;25;11;14;42,2
21720006964000;486;257;229;39,5
21720006989000;48;28;20;43,9
21720006990000;23;13;10;34,7
21720006991000;34;18;16;30,4
21720006999000;7;2;5;52,4
21720007003000;27;19;8;37,0
21720007004000;2;1;1;0,0
21720007016000;1;0;1;0,0
21720007017000;26;15;11;54,6
21720007020000;7;3;4;42,3
21720007029000;8;4;4;40,1
21720007030000;18;9;9;50,8
21720007032000;6;4;2;37,3
21720007038000;5;3;2;54,6
21720007039000;16;10;6;47,5
21720007050000;10;4;6;60,8
21720007061000;2;1;1;0,0
21720007062000;42;24;18;55,4
21720007076000;2;1;1;0,0
21720007077000;4;3;1;0,0
21730006528000;7;4;3;50,0
21730006529000;5;1;4;59,6
21730006530000;28;14;14;37,2
21730006531000;13;8;5;46,5
21730006536000;13;7;6;43,9
21730006539000;2;1;1;0,0
21730006541000;28;18;10;47,3
21730006542000;103;62;41;39,6
21730006543000;20;11;9;43,4
21730006545000;38;21;17;38,0
21730006546000;53;25;28;33,8
21730006547000;7;4;3;38,6
21730006548000;19;11;8;44,7
21730006549000;23;12;11;30,9
21730006550000;25;14;11;48,2
21730006558000;1;0;1;0,0
21730006583000;30;19;11;36,1
21730006584000;631;312;319;42,2
21730006585000;459;224;235;43,1
21730006586000;139;72;67;41,7
21730006587000;39;20;19;45,2
21730006588000;2;1;1;0,0
21730006589000;10;6;4;46,6
21730006590000;9;4;5;54,2
21730006593000;6;2;4;35,3
21730006596000;19;10;9;39,6
21730006597000;126;67;59;38,2
21730006598000;147;71;76;47,2
21730006599000;6;4;2;30,7
21730006614000;20;11;9;39,0
21730006615000;50;27;23;41,4
21730006617000;105;56;49;42,7
21730006618000;59;33;26;48,9
21730006627000;18;11;7;40,2
21730006630000;10;5;5;34,2
21730006669000;5;2;3;57,4
21730006670000;38;15;23;39,9
21730006671000;42;22;20;39,6
21730006672000;14;8;6;56,1
21730006673000;24;13;11;42,4
21730006674000;6;1;5;36,5
21730006675000;1;0;1;0,0
21730006728000;41;27;14;42,1
21730006729000;38;20;18;43,1
21730006730000;3;1;2;0,0
21730006736000;4;2;2;0,0
21730006737000;18;9;9;50,3
21730006738000;4;2;2;0,0
21730006742000;14;6;8;47,4
21730006743000;163;86;77;42,3
21730006744000;66;33;33;42,2
21730006745000;1;0;1;0,0
21730006752000;5;2;3;42,4
21730006753000;5;5;0;48,8
21730006757000;1;1;0;0,0
21730006758000;17;12;5;27,6
21730006759000;7;6;1;28,0
21730006776000;4;2;2;0,0
21730006789000;18;7;11;41,0
21730006790000;17;10;7;41,9
21730006792000;36;16;20;44,6
21730006797000;9;6;3;28,7
21730006801000;8;4;4;60,3
21730006802000;14;5;9;29,5
21730006804000;12;5;7;46,6
21730006805000;118;60;58;40,3
21730006835000;3;2;1;0,0
21730006872000;22;10;12;42,7
21730006873000;99;48;51;41,3
21730006875000;9;5;4;62,1
21730006903000;33;20;13;39,3
21730006904000;27;16;11;46,3
21730006963000;61;35;26;36,6
21730006964000;169;84;85;36,1
21730006975000;8;4;4;40,8
21730006986000;3;1;2;0,0
21730006989000;4;3;1;0,0
21730006990000;17;8;9;38,3
21730006991000;2;2;0;0,0
21730007000000;15;8;7;39,3
21730007003000;13;5;8;37,0
21730007016000;26;16;10;55,1
21730007017000;1;1;0;0,0
21730007018000;23;11;12;34,1
21730007020000;6;4;2;65,7
21730007027000;94;54;40;44,1
21730007028000;26;16;10;37,6
21730007029000;13;7;6;42,3
21730007030000;8;5;3;37,9
21730007031000;6;4;2;52,0
21730007032000;3;1;2;0,0
21730007037000;13;7;6;38,7
21730007038000;14;10;4;43,4
21730007039000;31;15;16;34,5
21730007040000;11;6;5;39,1
21730007058000;1;1;0;0,0
21730007060000;7;5;2;49,6
21730007061000;5;1;4;21,8
21730007062000;1;1;0;0,0
21730007063000;6;4;2;70,5
21730007077000;8;4;4;49,3
21730007078000;39;24;15;31,1
21740006528000;6;2;4;52,7
21740006529000;5;3;2;44,0
21740006530000;22;11;11;31,5
21740006535000;2;1;1;0,0
21740006536000;2;1;1;0,0
21740006539000;16;9;7;58,9
21740006540000;67;44;23;41,4
21740006541000;164;83;81;37,5
21740006542000;24;12;12;33,5
21740006544000;12;5;7;44,8
21740006545000;18;9;9;43,8
21740006546000;9;5;4;34,3
21740006547000;36;23;13;31,4
21740006548000;20;11;9;39,4
21740006560000;5;3;2;44,2
21740006561000;16;8;8;34,8
21740006583000;41;24;17;48,4
21740006584000;275;139;136;39,1
21740006585000;76;43;33;34,2
21740006587000;3;2;1;0,0
21740006594000;1;1;0;0,0
21740006595000;35;19;16;40,3
21740006596000;38;21;17;30,9
21740006597000;166;93;73;35,2
21740006598000;8;4;4;56,5
21740006599000;23;14;9;50,3
21740006600000;14;9;5;53,6
21740006614000;17;10;7;30,8
21740006615000;46;25;21;40,7
21740006616000;151;73;78;42,4
21740006617000;31;11;20;27,5
21740006623000;4;3;1;0,0
21740006625000;10;6;4;44,2
21740006626000;16;7;9;36,1
21740006627000;37;20;17;42,9
21740006636000;5;2;3;67,8
21740006637000;1;1;0;0,0
21740006660000;1;0;1;0,0
21740006668000;3;2;1;0,0
21740006669000;8;5;3;46,5
21740006670000;237;109;128;48,2
21740006671000;31;14;17;45,8
21740006673000;3;1;2;0,0
21740006674000;7;3;4;38,1
21740006675000;4;1;3;0,0
21740006728000;11;6;5;47,5
21740006729000;19;12;7;45,5
21740006735000;1;1;0;0,0
21740006736000;8;4;4;46,5
21740006737000;6;2;4;45,8
21740006738000;32;16;16;52,2
21740006739000;26;11;15;39,7
21740006740000;13;5;8;30,8
21740006741000;30;17;13;47,8
21740006742000;25;15;10;44,0
21740006743000;57;27;30;42,1
21740006744000;22;13;9;39,7
21740006745000;3;3;0;0,0
21740006752000;1;0;1;0,0
21740006757000;1;0;1;0,0
21740006766000;1;1;0;0,0
21740006776000;21;8;13;50,1
21740006777000;3;1;2;0,0
21740006778000;1;1;0;0,0
21740006786000;12;5;7;45,2
21740006787000;12;8;4;48,3
21740006788000;3;2;1;0,0
21740006789000;19;9;10;41,6
21740006790000;36;22;14;46,4
21740006791000;41;20;21;42,0
21740006792000;12;4;8;47,3
21740006795000;2;1;1;0,0
21740006796000;4;2;2;0,0
21740006797000;26;14;12;37,4
21740006800000;4;3;1;0,0
21740006801000;14;8;6;45,3
21740006802000;2;1;1;0,0
21740006803000;28;12;16;45,4
21740006804000;166;78;88;40,7
21740006805000;49;28;21;39,0
21740006872000;39;20;19;45,4
21740006873000;80;42;38;45,6
21740006874000;17;9;8;36,0
21740006903000;43;28;15;47,5
21740006904000;21;12;9;44,0
21740006962000;1;0;1;0,0
21740006963000;368;183;185;38,1
21740006974000;9;5;4;45,4
21740006984000;1;1;0;0,0
21740006985000;7;4;3;68,7
21740006986000;2;1;1;0,0
21740006989000;1;1;0;0,0
21740006990000;17;8;9;43,2
21740006991000;53;24;29;37,7
21740006997000;13;5;8;39,4
21740007000000;16;8;8;51,3
21740007004000;5;3;2;72,2
21740007016000;20;10;10;44,9
21740007018000;10;6;4;26,1
21740007020000;7;2;5;23,6
21740007021000;2;1;1;0,0
21740007026000;3;1;2;0,0
21740007027000;13;6;7;51,6
21740007029000;3;3;0;0,0
21740007030000;4;1;3;0,0
21740007031000;18;7;11;36,4
21740007032000;2;1;1;0,0
21740007038000;17;10;7;53,9
21740007039000;4;2;2;0,0
21740007040000;2;1;1;0,0
21740007049000;2;1;1;0,0
21740007060000;5;1;4;28,4
21740007063000;8;4;4;56,5
21740007078000;1;1;0;0,0
21750006530000;25;13;12;40,6
21750006531000;24;12;12;46,7
21750006532000;30;15;15;47,3
21750006533000;36;18;18;39,1
21750006534000;7;4;3;56,0
21750006535000;2;1;1;0,0
21750006536000;5;2;3;27,2
21750006537000;1;1;0;0,0
21750006538000;56;31;25;47,1
21750006539000;261;141;120;39,1
21750006540000;28;13;15;35,8
21750006541000;190;103;87;37,8
21750006542000;578;290;288;36,0
21750006544000;2;1;1;0,0
21750006545000;8;4;4;51,1
21750006546000;4;2;2;0,0
21750006583000;109;50;59;39,1
21750006584000;140;78;62;43,4
21750006585000;2;1;1;0,0
21750006597000;16;8;8;42,1
21750006598000;19;9;10;47,1
21750006599000;10;5;5;58,9
21750006600000;57;29;28;41,5
21750006601000;13;6;7;37,9
21750006612000;3;1;2;0,0
21750006613000;15;8;7;48,1
21750006614000;29;13;16;37,9
21750006615000;11;5;6;33,7
21750006616000;919;485;434;42,6
21750006617000;504;270;234;38,7
21750006618000;293;150;143;40,0
21750006622000;4;4;0;0,0
21750006623000;13;8;5;45,7
21750006625000;15;5;10;37,3
21750006635000;1;0;1;0,0
21750006636000;36;20;16;46,9
21750006668000;11;5;6;41,3
21750006669000;41;21;20;51,4
21750006670000;16;7;9;58,9
21750006671000;33;18;15;49,2
21750006672000;2;1;1;0,0
21750006728000;7;4;3;35,6
21750006732000;13;6;7;35,6
21750006733000;12;6;6;40,9
21750006734000;14;5;9;36,2
21750006735000;37;18;19;44,9
21750006736000;25;14;11;44,4
21750006737000;25;10;15;47,0
21750006738000;16;9;7;36,1
21750006739000;7;4;3;69,6
21750006743000;3;3;0;0,0
21750006744000;15;9;6;35,4
21750006753000;3;1;2;0,0
21750006777000;5;3;2;65,6
21750006778000;2;1;1;0,0
21750006783000;16;8;8;55,8
21750006784000;8;6;2;43,9
21750006785000;22;10;12;47,3
21750006786000;10;4;6;48,7
21750006787000;75;36;39;39,3
21750006788000;56;24;32;42,4
21750006789000;22;13;9;42,0
21750006790000;6;4;2;72,0
21750006796000;27;11;16;39,4
21750006797000;4;2;2;0,0
21750006798000;5;4;1;26,6
21750006799000;2;1;1;0,0
21750006800000;23;12;11;32,4
21750006801000;36;18;18;43,9
21750006872000;45;28;17;48,0
21750006873000;2;1;1;0,0
21750006874000;3;2;1;0,0
21750006902000;2;1;1;0,0
21750006903000;47;29;18;45,3
21750006904000;4;2;2;0,0
21750006962000;15;9;6;29,6
21750006963000;5;3;2;46,6
21750006973000;15;10;5;35,5
21750006987000;27;12;15;41,0
21750006988000;53;27;26;35,2
21750006989000;4;2;2;0,0
21750006991000;33;16;17;41,3
21750006997000;4;3;1;0,0
21750007000000;4;2;2;0,0
21750007004000;33;16;17;46,7
21750007015000;29;14;15;40,0
21750007016000;26;15;11;51,1
21750007017000;18;9;9;45,8
21750007018000;12;7;5;38,5
21750007021000;1;0;1;0,0
21750007025000;15;9;6;47,4
21750007026000;5;4;1;33,8
21750007030000;17;11;6;35,4
21750007031000;160;71;89;46,8
21750007032000;80;39;41;52,0
21750007033000;4;3;1;0,0
21750007050000;8;5;3;37,8
21750007063000;4;2;2;0,0
21750007077000;5;3;2;69,8
21750007078000;8;5;3;43,1
21760006530000;7;4;3;65,7
21760006531000;11;7;4;28,4
21760006533000;17;9;8;42,9
21760006534000;5;2;3;18,4
21760006535000;5;2;3;22,6
21760006536000;26;14;12;43,8
21760006537000;65;34;31;42,0
21760006538000;626;308;318;43,2
21760006539000;782;368;414;40,5
21760006540000;68;34;34;38,3
21760006541000;4;2;2;0,0
21760006542000;508;243;265;43,9
21760006543000;130;68;62;38,9
21760006547000;1;1;0;0,0
21760006552000;9;5;4;46,4
21760006553000;1;1;0;0,0
21760006555000;2;1;1;0,0
21760006567000;4;2;2;0,0
21760006568000;26;12;14;35,0
21760006573000;2;1;1;0,0
21760006583000;35;16;19;40,6
21760006584000;36;19;17;42,8
21760006587000;2;0;2;0,0
21760006588000;9;5;4;43,8
21760006589000;5;4;1;55,6
21760006597000;26;12;14;44,0
21760006598000;43;23;20;34,8
21760006599000;30;17;13;37,3
21760006600000;21;10;11;36,4
21760006601000;28;12;16;42,5
21760006605000;15;7;8;48,3
21760006606000;12;5;7;51,7
21760006607000;2;1;1;0,0
21760006608000;8;3;5;50,6
21760006609000;8;4;4;51,9
21760006610000;2;1;1;0,0
21760006611000;25;12;13;49,1
21760006612000;16;9;7;58,1
21760006615000;222;110;112;39,8
21760006616000;1611;793;818;41,8
21760006617000;1129;563;566;39,4
21760006618000;756;361;395;41,1
21760006619000;103;50;53;37,5
21760006620000;113;57;56;38,8
21760006621000;10;4;6;35,7
21760006622000;7;3;4;45,7
21760006623000;4;2;2;0,0
21760006635000;1;1;0;0,0
21760006636000;2;1;1;0,0
21760006668000;15;6;9;33,0
21760006669000;31;15;16;45,2
21760006670000;5;2;3;66,6
21760006728000;28;16;12;42,1
21760006729000;384;181;203;45,2
21760006730000;83;42;41;40,8
21760006731000;57;33;24;38,6
21760006732000;8;5;3;42,1
21760006736000;1;1;0;0,0
21760006753000;14;8;6;52,9
21760006777000;9;6;3;54,0
21760006781000;3;2;1;0,0
21760006782000;23;13;10;42,4
21760006783000;8;5;3;55,0
21760006784000;19;9;10;47,4
21760006785000;22;12;10;38,4
21760006786000;47;25;22;37,1
21760006787000;242;104;138;49,4
21760006788000;18;10;8;39,8
21760006795000;3;1;2;0,0
21760006796000;2;2;0;0,0
21760006797000;5;3;2;36,6
21760006798000;25;14;11;36,5
21760006799000;38;15;23;48,3
21760006800000;23;13;10;48,3
21760006872000;30;15;15;46,2
21760006902000;6;2;4;53,0
21760006903000;49;27;22;35,1
21760006962000;23;11;12;37,0
21760006983000;4;3;1;0,0
21760006984000;15;7;8;31,1
21760006987000;14;7;7;42,2
21760006991000;17;10;7;55,2
21760006998000;20;10;10;39,1
21760007000000;10;5;5;49,2
21760007003000;5;4;1;35,8
21760007004000;65;40;25;45,2
21760007014000;3;1;2;0,0
21760007015000;97;52;45;39,2
21760007016000;4;2;2;0,0
21760007017000;10;5;5;39,4
21760007018000;14;7;7;39,4
21760007022000;7;5;2;57,6
21760007023000;6;2;4;37,7
21760007024000;3;1;2;0,0
21760007028000;6;3;3;50,7
21760007029000;5;2;3;47,6
21760007030000;19;10;9;55,3
21760007031000;64;31;33;47,9
21760007032000;384;181;203;39,7
21760007033000;37;17;20;39,5
21760007034000;47;26;21;35,2
21760007035000;39;21;18;40,3
21760007037000;3;2;1;0,0
21760007041000;4;2;2;0,0
21760007042000;3;1;2;0,0
21760007063000;6;2;4;44,7
21760007064000;5;3;2;35,6
21760007066000;1;1;0;0,0
21760007077000;3;1;2;0,0
21760007078000;19;11;8;38,8
21760007079000;40;20;20;38,2
21760007080000;3;2;1;0,0
21770006530000;4;3;1;0,0
21770006531000;3;1;2;0,0
21770006535000;20;10;10;30,9
21770006536000;79;40;39;49,5
21770006537000;91;48;43;41,8
21770006538000;1435;709;726;47,4
21770006539000;1212;572;640;43,4
21770006540000;194;90;104;44,1
21770006541000;25;10;15;40,5
21770006542000;77;40;37;43,1
21770006543000;117;64;53;36,0
21770006544000;16;7;9;41,1
21770006545000;12;7;5;52,0
21770006553000;16;8;8;36,1
21770006554000;9;5;4;53,4
21770006561000;1;1;0;0,0
21770006563000;2;1;1;0,0
21770006567000;32;18;14;40,0
21770006572000;1;1;0;0,0
21770006573000;6;3;3;46,2
21770006582000;7;4;3;71,4
21770006583000;34;20;14;39,9
21770006584000;29;18;11;36,7
21770006587000;1;1;0;0,0
21770006588000;66;40;26;47,5
21770006589000;33;20;13;50,8
21770006596000;3;2;1;0,0
21770006597000;16;9;7;52,0
21770006598000;16;7;9;30,7
21770006599000;37;20;17;42,0
21770006600000;146;78;68;32,6
21770006601000;36;20;16;46,6
21770006602000;21;10;11;44,0
21770006603000;3;2;1;0,0
21770006604000;11;5;6;34,1
21770006605000;24;10;14;42,2
21770006606000;7;5;2;54,4
21770006607000;7;5;2;35,4
21770006608000;17;10;7;43,1
21770006609000;2;1;1;0,0
21770006610000;5;3;2;33,0
21770006613000;42;21;21;40,6
21770006614000;16;8;8;52,6
21770006615000;424;199;225;41,9
21770006616000;740;364;376;40,6
21770006617000;393;185;208;42,8
21770006619000;8;6;2;39,9
21770006620000;5;3;2;24,4
21770006621000;73;33;40;39,4
21770006622000;86;40;46;41,1
21770006623000;5;2;3;53,6
21770006629000;1;1;0;0,0
21770006630000;1;0;1;0,0
21770006634000;1;1;0;0,0
21770006635000;13;10;3;33,3
21770006668000;8;4;4;39,0
21770006669000;45;24;21;40,7
21770006670000;17;10;7;40,1
21770006671000;6;3;3;45,0
21770006727000;2;1;1;0,0
21770006728000;154;64;90;45,1
21770006729000;505;239;266;46,3
21770006730000;360;165;195;42,4
21770006731000;3;3;0;0,0
21770006754000;4;2;2;0,0
21770006768000;2;1;1;0,0
21770006777000;6;2;4;32,8
21770006778000;14;6;8;58,6
21770006781000;18;10;8;36,9
21770006782000;25;12;13;40,6
21770006783000;13;6;7;41,2
21770006784000;12;4;8;42,6
21770006785000;39;19;20;42,9
21770006786000;8;4;4;65,8
21770006787000;9;5;4;39,4
21770006795000;22;9;13;34,2
21770006796000;22;9;13;37,2
21770006797000;24;16;8;44,6
21770006798000;44;22;22;37,0
21770006799000;18;11;7;31,7
21770006873000;5;1;4;39,2
21770006902000;29;15;14;38,7
21770006903000;18;10;8;45,9
21770006961000;16;10;6;37,6
21770006962000;144;73;71;47,4
21770006963000;6;1;5;38,5
21770006982000;3;3;0;0,0
21770006983000;2;1;1;0,0
21770006991000;3;2;1;0,0
21770006992000;7;3;4;38,3
21770006998000;40;23;17;44,5
21770007000000;132;66;66;37,1
21770007004000;3;2;1;0,0
21770007005000;8;4;4;40,0
21770007012000;37;17;20;49,8
21770007013000;11;6;5;54,6
21770007015000;3;1;2;0,0
21770007020000;5;2;3;42,8
21770007026000;4;2;2;0,0
21770007027000;17;7;10;47,7
21770007028000;15;10;5;40,3
21770007029000;2;0;2;0,0
21770007030000;7;4;3;44,3
21770007031000;19;7;12;33,7
21770007033000;4;2;2;0,0
21770007064000;1;1;0;0,0
21770007065000;3;2;1;0,0
21770007079000;4;3;1;0,0
21780006531000;11;7;4;30,8
21780006532000;4;3;1;0,0
21780006533000;20;11;9;48,4
21780006534000;34;18;16;44,1
21780006535000;24;11;13;40,3
21780006536000;5;3;2;60,2
21780006538000;285;142;143;50,5
21780006539000;521;251;270;49,1
21780006540000;3;1;2;0,0
21780006542000;19;11;8;41,5
21780006543000;45;23;22;49,1
21780006544000;14;7;7;46,7
21780006545000;4;1;3;0,0
21780006548000;1;0;1;0,0
21780006552000;12;7;5;44,1
21780006553000;13;7;6;52,2
21780006562000;18;10;8;47,6
21780006565000;4;2;2;0,0
21780006567000;12;6;6;33,1
21780006571000;2;1;1;0,0
21780006572000;28;15;13;46,2
21780006575000;2;1;1;0,0
21780006577000;1;1;0;0,0
21780006581000;25;13;12;45,5
21780006582000;124;71;53;38,4
21780006583000;31;13;18;45,8
21780006584000;38;21;17;48,6
21780006588000;2;1;1;0,0
21780006591000;6;3;3;49,2
21780006596000;5;2;3;66,8
21780006597000;3;1;2;0,0
21780006598000;3;2;1;0,0
21780006599000;61;32;29;45,8
21780006600000;146;70;76;40,9
21780006602000;5;2;3;67,2
21780006603000;47;31;16;37,3
21780006604000;16;10;6;39,4
21780006605000;27;14;13;50,5
21780006606000;9;6;3;48,8
21780006607000;38;16;22;36,8
21780006608000;5;3;2;49,8
21780006609000;9;4;5;53,2
21780006610000;226;113;113;39,9
21780006611000;79;36;43;52,8
21780006612000;14;8;6;63,8
21780006613000;22;14;8;39,1
21780006614000;6;4;2;47,2
21780006616000;463;229;234;39,5
21780006617000;133;67;66;45,5
21780006621000;2;1;1;0,0
21780006633000;5;2;3;49,6
21780006634000;43;28;15;46,9
21780006667000;5;2;3;19,0
21780006668000;9;6;3;47,2
21780006669000;19;9;10;47,4
21780006670000;2;1;1;0,0
21780006722000;8;5;3;40,3
21780006726000;2;1;1;0,0
21780006727000;43;20;23;39,0
21780006728000;217;107;110;40,5
21780006729000;477;237;240;41,8
21780006730000;22;9;13;37,4
21780006777000;26;13;13;31,8
21780006778000;15;8;7;44,5
21780006779000;18;8;10;38,7
21780006780000;52;26;26;37,5
21780006781000;33;17;16;40,2
21780006782000;16;8;8;32,1
21780006783000;16;11;5;42,3
21780006784000;29;15;14;33,7
21780006785000;21;11;10;41,7
21780006790000;10;4;6;37,7
21780006791000;1;0;1;0,0
21780006794000;6;4;2;52,3
21780006795000;34;16;18;34,3
21780006798000;4;2;2;0,0
21780006871000;21;12;9;41,5
21780006873000;5;2;3;32,4
21780006901000;3;2;1;0,0
21780006902000;27;12;15;27,0
21780006961000;125;65;60;40,5
21780006962000;191;102;89;38,5
21780006980000;11;7;4;50,2
21780006981000;19;11;8;47,2
21780006992000;20;9;11;38,2
21780006998000;80;50;30;44,4
21780006999000;11;5;6;47,7
21780007000000;114;59;55;40,1
21780007005000;2;1;1;0,0
21780007011000;15;9;6;50,1
21780007012000;40;19;21;48,4
21780007014000;1;1;0;0,0
21780007015000;37;19;18;49,9
21780007020000;2;1;1;0,0
21780007024000;6;2;4;41,0
21780007031000;13;7;6;48,7
21780007032000;6;3;3;63,3
21780007036000;8;4;4;47,5
21780007037000;10;5;5;52,1
21780007038000;5;3;2;68,4
21780007044000;4;3;1;0,0
21780007063000;17;10;7;42,5
21780007076000;4;3;1;0,0
21780007080000;2;1;1;0,0
21780007095000;9;3;6;68,7
21780007096000;53;30;23;66,1
21790006535000;12;6;6;49,3
21790006536000;4;2;2;0,0
21790006537000;9;5;4;46,6
21790006539000;2;0;2;0,0
21790006542000;2;1;1;0,0
21790006543000;10;5;5;43,9
21790006545000;3;2;1;0,0
21790006547000;6;2;4;40,8
21790006548000;1;1;0;0,0
21790006549000;5;3;2;37,8
21790006550000;3;2;1;0,0
21790006551000;5;3;2;38,2
21790006562000;2;0;2;0,0
21790006564000;10;4;6;37,1
21790006566000;1;1;0;0,0
21790006567000;25;12;13;47,8
21790006570000;4;2;2;0,0
21790006571000;23;10;13;49,9
21790006572000;25;13;12;47,8
21790006573000;13;8;5;45,7
21790006574000;10;3;7;42,2
21790006575000;10;5;5;32,0
21790006578000;20;11;9;36,4
21790006579000;18;10;8;48,2
21790006580000;32;16;16;34,7
21790006581000;21;10;11;35,9
21790006582000;20;11;9;50,0
21790006583000;2;1;1;0,0
21790006584000;5;3;2;54,0
21790006603000;12;7;5;51,3
21790006604000;47;22;25;40,5
21790006605000;9;5;4;61,6
21790006607000;4;3;1;0,0
21790006608000;34;22;12;36,6
21790006609000;57;26;31;44,6
21790006610000;54;24;30;43,8
21790006611000;11;6;5;43,8
21790006666000;9;4;5;39,8
21790006667000;5;3;2;51,8
21790006668000;2;0;2;0,0
21790006669000;53;29;24;42,5
21790006691000;1;0;1;0,0
21790006701000;1;1;0;0,0
21790006703000;8;4;4;40,1
21790006704000;4;2;2;0,0
21790006720000;10;6;4;31,3
21790006721000;9;6;3;53,7
21790006722000;4;3;1;0,0
21790006723000;11;6;5;43,6
21790006725000;16;10;6;42,7
21790006726000;19;9;10;54,1
21790006727000;17;7;10;38,1
21790006728000;9;5;4;44,2
21790006729000;2;1;1;0,0
21790006777000;73;40;33;37,4
21790006778000;60;31;29;33,4
21790006779000;24;14;10;40,7
21790006780000;50;25;25;33,9
21790006781000;221;110;111;42,5
21790006782000;55;25;30;38,8
21790006783000;29;12;17;44,5
21790006784000;10;6;4;32,8
21790006789000;8;3;5;37,3
21790006790000;48;24;24;42,0
21790006791000;35;18;17;44,0
21790006794000;87;51;36;40,4
21790006795000;39;20;19;34,7
21790006867000;2;1;1;0,0
21790006871000;17;7;10;44,7
21790006872000;7;5;2;40,6
21790006873000;2;1;1;0,0
21790006901000;14;8;6;38,1
21790006902000;201;86;115;49,5
21790006961000;113;55;58;41,1
21790006962000;53;28;25;39,2
21790006971000;5;3;2;35,4
21790006972000;4;1;3;0,0
21790006979000;10;5;5;43,5
21790006980000;36;21;15;41,5
21790006981000;73;40;33;47,5
21790006992000;6;3;3;26,8
21790006993000;28;14;14;38,9
21790006997000;29;15;14;24,1
21790006998000;180;87;93;43,0
21790006999000;36;20;16;49,9
21790007000000;90;40;50;40,8
21790007003000;3;2;1;0,0
21790007006000;19;7;12;41,5
21790007012000;7;5;2;36,1
21790007020000;3;0;3;0,0
21790007022000;4;3;1;0,0
21790007024000;6;3;3;38,3
21790007032000;6;2;4;50,7
21790007036000;18;11;7;41,9
21790007037000;12;5;7;33,1
21790007044000;8;4;4;40,9
21790007045000;3;2;1;0,0
21790007051000;1;1;0;0,0
21790007062000;1;0;1;0,0
21790007063000;10;4;6;67,2
21790007064000;21;10;11;31,1
21790007065000;11;7;4;40,8
21790007076000;4;2;2;0,0
21790007080000;33;16;17;40,0
21790007096000;1;0;1;0,0
21800006536000;17;11;6;43,4
21800006537000;41;22;19;44,9
21800006539000;5;3;2;64,2
21800006541000;12;9;3;55,9
21800006542000;15;8;7;51,1
21800006543000;11;5;6;38,3
21800006546000;5;3;2;38,4
21800006547000;4;2;2;0,0
21800006548000;7;6;1;31,9
21800006549000;19;10;9;39,4
21800006550000;2;2;0;0,0
21800006561000;9;4;5;53,1
21800006563000;8;5;3;43,6
21800006564000;19;9;10;42,4
21800006566000;6;3;3;62,0
21800006571000;4;2;2;0,0
21800006572000;4;2;2;0,0
21800006573000;2;2;0;0,0
21800006574000;8;4;4;35,6
21800006575000;18;9;9;59,5
21800006576000;48;24;24;36,1
21800006577000;13;8;5;30,7
21800006578000;24;12;12;46,1
21800006579000;31;16;15;49,3
21800006580000;12;5;7;38,8
21800006581000;23;12;11;42,6
21800006582000;4;2;2;0,0
21800006585000;15;8;7;46,5
21800006586000;10;6;4;57,3
21800006602000;3;2;1;0,0
21800006662000;1;1;0;0,0
21800006663000;5;3;2;39,2
21800006664000;7;4;3;40,3
21800006665000;11;4;7;37,2
21800006666000;22;14;8;37,5
21800006667000;3;1;2;0,0
21800006668000;19;10;9;47,5
21800006715000;7;4;3;44,3
21800006717000;5;2;3;28,0
21800006718000;35;17;18;43,2
21800006719000;18;8;10;50,1
21800006720000;9;5;4;56,9
21800006721000;8;4;4;36,8
21800006722000;35;15;20;36,1
21800006723000;15;6;9;48,0
21800006724000;10;4;6;43,4
21800006726000;10;5;5;26,4
21800006758000;1;0;1;0,0
21800006776000;29;14;15;46,1
21800006777000;30;14;16;41,3
21800006778000;7;4;3;44,0
21800006779000;31;16;15;45,9
21800006780000;35;20;15;36,9
21800006781000;43;21;22;43,2
21800006782000;14;9;5;36,2
21800006788000;9;4;5;27,0
21800006789000;11;4;7;48,0
21800006790000;92;39;53;37,9
21800006791000;4;2;2;0,0
21800006792000;12;6;6;50,3
21800006793000;106;49;57;61,6
21800006794000;8;5;3;27,6
21800006795000;29;16;13;37,7
21800006796000;5;2;3;43,6
21800006846000;2;1;1;0,0
21800006871000;11;5;6;39,4
21800006872000;5;1;4;24,8
21800006873000;2;1;1;0,0
21800006900000;6;3;3;50,3
21800006901000;14;9;5;30,5
21800006902000;62;29;33;42,2
21800006961000;1;1;0;0,0
21800006979000;70;38;32;41,1
21800006980000;36;20;16;46,7
21800006992000;17;9;8;33,6
21800006993000;10;6;4;44,3
21800006994000;23;10;13;36,1
21800006995000;17;12;5;46,1
21800006996000;239;118;121;31,9
21800006997000;769;391;378;39,0
21800006998000;33;16;17;49,8
21800006999000;124;63;61;40,1
21800007000000;37;20;17;35,6
21800007001000;9;6;3;35,7
21800007006000;24;14;10;49,6
21800007020000;17;10;7;56,4
21800007032000;3;2;1;0,0
21800007036000;9;6;3;49,6
21800007037000;20;10;10;42,5
21800007043000;10;3;7;34,9
21800007044000;16;7;9;44,1
21800007076000;7;2;5;49,0
21800007080000;55;30;25;43,1
21810006537000;59;29;30;39,7
21810006538000;3;2;1;0,0
21810006541000;3;1;2;0,0
21810006543000;4;3;1;0,0
21810006544000;19;11;8;44,7
21810006545000;17;12;5;55,0
21810006546000;1;1;0;0,0
21810006547000;2;1;1;0,0
21810006548000;16;6;10;46,1
21810006563000;3;1;2;0,0
21810006564000;9;3;6;39,0
21810006565000;101;51;50;39,7
21810006566000;9;5;4;32,3
21810006567000;18;8;10;39,1
21810006574000;6;4;2;46,2
21810006575000;4;3;1;0,0
21810006576000;98;52;46;38,7
21810006577000;93;46;47;51,4
21810006578000;21;10;11;40,8
21810006619000;3;2;1;0,0
21810006635000;5;2;3;24,0
21810006646000;1;1;0;0,0
21810006660000;10;5;5;38,2
21810006661000;11;5;6;52,1
21810006662000;11;6;5;63,3
21810006663000;43;25;18;47,9
21810006664000;6;4;2;49,5
21810006665000;15;9;6;35,9
21810006666000;19;10;9;52,3
21810006667000;18;10;8;30,5
21810006668000;8;3;5;42,4
21810006692000;8;2;6;33,0
21810006716000;20;11;9;46,5
21810006717000;39;23;16;39,5
21810006718000;1;1;0;0,0
21810006719000;36;19;17;40,9
21810006721000;6;3;3;49,3
21810006722000;9;5;4;52,2
21810006723000;4;3;1;0,0
21810006724000;14;7;7;39,1
21810006725000;8;4;4;45,4
21810006753000;3;2;1;0,0
21810006757000;6;4;2;50,5
21810006774000;16;9;7;29,9
21810006775000;23;11;12;30,0
21810006776000;21;7;14;43,9
21810006777000;111;57;54;42,8
21810006778000;28;18;10;48,6
21810006779000;33;20;13;42,4
21810006780000;24;11;13;39,3
21810006781000;4;2;2;0,0
21810006783000;3;1;2;0,0
21810006784000;5;3;2;45,6
21810006785000;29;13;16;43,9
21810006786000;42;23;19;47,5
21810006787000;6;4;2;54,0
21810006789000;4;2;2;0,0
21810006790000;33;16;17;30,7
21810006791000;34;17;17;50,2
21810006792000;98;46;52;42,6
21810006793000;106;45;61;53,6
21810006794000;1;1;0;0,0
21810006795000;26;14;12;41,0
21810006796000;9;5;4;42,2
21810006867000;1;1;0;0,0
21810006869000;3;2;1;0,0
21810006871000;27;13;14;48,5
21810006873000;5;4;1;23,2
21810006902000;28;15;13;42,3
21810006960000;12;6;6;39,8
21810006961000;11;5;6;53,7
21810006979000;11;6;5;46,7
21810006993000;23;14;9;43,6
21810006994000;5;3;2;61,2
21810006996000;41;17;24;32,3
21810006997000;525;252;273;40,8
21810006998000;35;17;18;47,9
21810006999000;93;44;49;42,8
21810007000000;52;28;24;53,7
21810007001000;1;1;0;0,0
21810007006000;11;7;4;50,2
21810007007000;5;3;2;19,6
21810007020000;12;7;5;54,2
21810007036000;5;3;2;35,0
21810007037000;1;1;0;0,0
21810007043000;30;16;14;30,0
21810007044000;4;2;2;0,0
21810007052000;2;1;1;0,0
21810007067000;2;2;0;0,0
21810007076000;20;11;9;45,7
21810007080000;67;39;28;36,6
21820006537000;28;15;13;42,9
21820006538000;4;3;1;0,0
21820006540000;1;1;0;0,0
21820006541000;6;1;5;33,5
21820006542000;7;3;4;64,7
21820006543000;2;1;1;0,0
21820006544000;5;3;2;70,6
21820006545000;20;9;11;43,4
21820006546000;11;5;6;41,0
21820006548000;2;2;0;0,0
21820006549000;18;12;6;52,7
21820006563000;4;2;2;0,0
21820006566000;7;5;2;31,0
21820006574000;10;6;4;52,5
21820006575000;12;7;5;44,8
21820006577000;11;6;5;36,1
21820006580000;2;1;1;0,0
21820006633000;4;1;3;0,0
21820006634000;6;4;2;57,2
21820006635000;4;1;3;0,0
21820006656000;3;1;2;0,0
21820006658000;9;5;4;40,0
21820006659000;13;6;7;49,0
21820006660000;5;3;2;60,0
21820006661000;16;7;9;46,4
21820006662000;12;7;5;49,3
21820006663000;101;46;55;43,0
21820006665000;5;2;3;58,6
21820006666000;1;1;0;0,0
21820006691000;4;1;3;0,0
21820006692000;15;10;5;35,5
21820006695000;15;6;9;51,1
21820006696000;11;6;5;37,5
21820006697000;12;6;6;41,9
21820006717000;8;5;3;47,4
21820006718000;7;4;3;54,3
21820006726000;1;1;0;0,0
21820006728000;6;5;1;37,8
21820006757000;1;0;1;0,0
21820006758000;4;2;2;0,0
21820006773000;3;2;1;0,0
21820006774000;37;18;19;39,5
21820006775000;28;18;10;41,0
21820006776000;91;43;48;36,4
21820006777000;2;1;1;0,0
21820006783000;6;4;2;46,8
21820006784000;6;2;4;42,0
21820006785000;15;5;10;37,8
21820006787000;7;6;1;25,6
21820006788000;29;15;14;54,8
21820006789000;40;20;20;41,2
21820006790000;118;53;65;45,9
21820006791000;155;76;79;47,1
21820006794000;11;6;5;38,3
21820006795000;36;20;16;40,3
21820006796000;4;2;2;0,0
21820006869000;20;10;10;39,8
21820006870000;1;1;0;0,0
21820006871000;54;29;25;36,5
21820006872000;27;15;12;50,8
21820006880000;4;3;1;0,0
21820006881000;3;1;2;0,0
21820006900000;18;10;8;34,0
21820006901000;3;1;2;0,0
21820006902000;33;16;17;39,6
21820006960000;12;8;4;39,3
21820006961000;5;4;1;31,6
21820006969000;2;1;1;0,0
21820006978000;19;9;10;39,9
21820006993000;4;2;2;0,0
21820006997000;34;15;19;52,2
21820006998000;361;164;197;55,4
21820006999000;157;79;78;39,3
21820007007000;8;5;3;29,3
21820007023000;11;4;7;43,2
21820007036000;15;5;10;43,6
21820007037000;8;3;5;42,5
21820007043000;17;8;9;40,3
21820007052000;1;1;0;0,0
21820007063000;2;1;1;0,0
21820007066000;8;4;4;45,5
21820007067000;5;3;2;30,6
21820007076000;44;25;19;43,8
21820007079000;28;18;10;43,4
21820007080000;57;29;28;44,8
21830006535000;2;1;1;0,0
21830006536000;31;16;15;44,8
21830006537000;14;8;6;28,1
21830006538000;12;7;5;41,4
21830006539000;4;3;1;0,0
21830006540000;8;4;4;58,3
21830006541000;4;3;1;0,0
21830006542000;7;4;3;47,7
21830006543000;1;1;0;0,0
21830006546000;12;8;4;38,4
21830006547000;22;12;10;48,8
21830006549000;5;2;3;30,2
21830006566000;1;1;0;0,0
21830006574000;62;34;28;30,4
21830006575000;83;43;40;27,0
21830006580000;2;1;1;0,0
21830006633000;13;7;6;51,5
21830006635000;10;5;5;51,5
21830006637000;1;1;0;0,0
21830006651000;6;3;3;48,3
21830006653000;8;2;6;49,3
21830006655000;8;3;5;47,0
21830006656000;19;9;10;46,2
21830006657000;11;6;5;36,6
21830006658000;17;10;7;46,4
21830006659000;6;2;4;70,7
21830006660000;2;2;0;0,0
21830006661000;3;2;1;0,0
21830006664000;18;10;8;47,7
21830006692000;13;7;6;43,8
21830006694000;30;15;15;51,3
21830006695000;13;7;6;52,5
21830006696000;8;5;3;55,4
21830006717000;12;8;4;62,3
21830006718000;12;7;5;53,8
21830006760000;6;4;2;62,7
21830006773000;2;1;1;0,0
21830006774000;10;7;3;56,7
21830006775000;19;9;10;50,9
21830006776000;6;3;3;32,5
21830006784000;5;2;3;50,2
21830006785000;81;42;39;30,7
21830006786000;58;31;27;48,8
21830006787000;87;43;44;38,0
21830006788000;41;20;21;35,9
21830006789000;42;27;15;36,5
21830006790000;1;0;1;0,0
21830006869000;23;12;11;48,7
21830006871000;18;7;11;41,6
21830006872000;4;2;2;0,0
21830006873000;45;22;23;31,4
21830006874000;5;2;3;32,0
21830006880000;14;9;5;50,4
21830006899000;8;6;2;48,0
21830006900000;17;9;8;45,6
21830006901000;7;4;3;36,1
21830006902000;54;24;30;46,6
21830006959000;6;4;2;57,2
21830006960000;21;11;10;43,8
21830006977000;4;2;2;0,0
21830006993000;2;1;1;0,0
21830006994000;5;3;2;59,0
21830006998000;15;9;6;42,9
21830006999000;73;37;36;45,1
21830007023000;10;5;5;49,5
21830007036000;11;6;5;57,5
21830007037000;46;25;21;39,8
21830007038000;6;3;3;34,5
21830007041000;4;3;1;0,0
21830007044000;19;8;11;45,6
21830007053000;7;4;3;69,3
21830007066000;21;13;8;32,0
21830007069000;2;1;1;0,0
21830007076000;30;16;14;45,7
21830007078000;2;1;1;0,0
21830007080000;18;13;5;37,1
21830007081000;16;10;6;36,1
21830007098000;22;12;10;40,0
21840006536000;21;9;12;50,5
21840006538000;9;4;5;35,2
21840006540000;4;2;2;0,0
21840006541000;2;1;1;0,0
21840006542000;5;3;2;28,8
21840006543000;1;1;0;0,0
21840006546000;5;2;3;44,2
21840006547000;15;9;6;39,0
21840006548000;2;1;1;0,0
21840006566000;1;0;1;0,0
21840006567000;9;5;4;34,4
21840006573000;24;11;13;47,5
21840006574000;48;27;21;39,6
21840006575000;12;5;7;40,7
21840006579000;45;24;21;38,1
21840006633000;5;4;1;40,4
21840006635000;10;6;4;34,7
21840006650000;10;4;6;56,1
21840006651000;4;3;1;0,0
21840006652000;6;3;3;35,2
21840006653000;7;4;3;48,3
21840006654000;7;2;5;58,6
21840006655000;2;1;1;0,0
21840006656000;9;4;5;43,3
21840006657000;7;4;3;60,6
21840006658000;6;4;2;42,2
21840006659000;7;4;3;38,9
21840006663000;14;8;6;42,2
21840006664000;1;1;0;0,0
21840006690000;4;2;2;0,0
21840006691000;1;1;0;0,0
21840006692000;3;2;1;0,0
21840006693000;4;3;1;0,0
21840006694000;8;4;4;42,9
21840006716000;13;4;9;33,9
21840006718000;7;4;3;57,0
21840006758000;3;2;1;0,0
21840006760000;9;5;4;38,2
21840006761000;1;0;1;0,0
21840006762000;1;0;1;0,0
21840006772000;19;9;10;41,2
21840006773000;12;6;6;27,8
21840006774000;18;10;8;49,2
21840006775000;15;9;6;37,9
21840006780000;24;15;9;33,3
21840006783000;6;4;2;52,3
21840006784000;64;33;31;39,7
21840006785000;106;53;53;39,4
21840006787000;45;23;22;40,9
21840006788000;4;3;1;0,0
21840006867000;2;1;1;0,0
21840006868000;5;3;2;41,2
21840006869000;3;2;1;0,0
21840006871000;1;1;0;0,0
21840006872000;15;8;7;37,1
21840006873000;34;22;12;39,6
21840006874000;22;13;9;48,6
21840006878000;10;6;4;42,6
21840006879000;19;9;10;55,3
21840006880000;23;13;10;44,6
21840006881000;19;10;9;29,5
21840006899000;15;7;8;42,9
21840006900000;2;1;1;0,0
21840006901000;31;17;14;48,0
21840006902000;1;1;0;0,0
21840006959000;20;11;9;38,0
21840006960000;6;3;3;41,2
21840006998000;69;35;34;39,5
21840006999000;14;7;7;42,4
21840007007000;1;1;0;0,0
21840007008000;4;3;1;0,0
21840007021000;6;3;3;41,8
21840007037000;14;9;5;46,2
21840007038000;2;1;1;0,0
21840007039000;16;8;8;39,8
21840007040000;41;20;21;40,2
21840007041000;15;6;9;36,3
21840007042000;13;6;7;48,7
21840007044000;43;23;20;31,6
21840007053000;3;1;2;0,0
21840007065000;4;2;2;0,0
21840007068000;9;5;4;47,6
21840007069000;4;2;2;0,0
21840007076000;19;9;10;43,1
21840007077000;15;7;8;27,3
21840007081000;66;38;28;38,4
21850006540000;1;1;0;0,0
21850006547000;20;9;11;32,8
21850006548000;12;6;6;38,4
21850006549000;1;1;0;0,0
21850006550000;5;4;1;37,2
21850006556000;5;2;3;16,2
21850006557000;3;1;2;0,0
21850006559000;1;0;1;0,0
21850006566000;15;7;8;27,3
21850006567000;40;17;23;37,3
21850006568000;4;2;2;0,0
21850006569000;8;5;3;36,9
21850006570000;6;4;2;50,2
21850006573000;6;4;2;56,8
21850006574000;16;8;8;37,6
21850006575000;14;7;7;26,8
21850006576000;1;1;0;0,0
21850006577000;9;3;6;35,7
21850006578000;53;30;23;39,6
21850006579000;5;3;2;27,8
21850006618000;4;3;1;0,0
21850006631000;1;1;0;0,0
21850006632000;25;16;9;41,6
21850006633000;3;2;1;0,0
21850006634000;3;2;1;0,0
21850006643000;1;0;1;0,0
21850006648000;3;1;2;0,0
21850006649000;13;7;6;37,4
21850006651000;5;2;3;42,8
21850006653000;3;2;1;0,0
21850006654000;11;5;6;42,4
21850006656000;8;4;4;51,4
21850006692000;10;5;5;69,3
21850006693000;30;14;16;51,0
21850006694000;5;2;3;40,4
21850006760000;2;1;1;0,0
21850006761000;22;14;8;36,5
21850006772000;9;3;6;47,0
21850006773000;32;17;15;50,1
21850006774000;45;22;23;37,6
21850006775000;16;10;6;30,6
21850006779000;4;3;1;0,0
21850006780000;38;19;19;41,3
21850006781000;24;13;11;39,1
21850006782000;2;1;1;0,0
21850006783000;88;38;50;40,4
21850006784000;125;63;62;43,2
21850006785000;23;11;12;48,4
21850006798000;2;1;1;0,0
21850006857000;2;1;1;0,0
21850006866000;3;2;1;0,0
21850006873000;22;13;9;43,9
21850006874000;4;2;2;0,0
21850006877000;13;8;5;44,0
21850006878000;9;5;4;38,2
21850006879000;6;4;2;44,5
21850006880000;22;10;12;38,0
21850006899000;15;6;9;46,1
21850006900000;5;4;1;49,2
21850006901000;11;4;7;31,5
21850006958000;9;4;5;40,2
21850006959000;8;4;4;57,4
21850006998000;15;8;7;47,4
21850007008000;3;2;1;0,0
21850007020000;13;5;8;53,9
21850007021000;12;8;4;33,2
21850007036000;3;2;1;0,0
21850007037000;9;3;6;59,6
21850007038000;1;1;0;0,0
21850007041000;4;2;2;0,0
21850007042000;22;12;10;39,8
21850007044000;5;4;1;25,8
21850007053000;12;4;8;40,7
21850007064000;1;0;1;0,0
21850007065000;16;7;9;41,8
21850007066000;16;9;7;44,6
21850007069000;3;2;1;0,0
21850007070000;3;2;1;0,0
21850007076000;4;3;1;0,0
21850007081000;8;3;5;41,9
21850007082000;8;5;3;41,0
21860006545000;54;30;24;47,9
21860006546000;8;5;3;42,4
21860006547000;3;2;1;0,0
21860006548000;6;3;3;29,2
21860006549000;56;24;32;39,9
21860006550000;21;13;8;32,0
21860006555000;3;1;2;0,0
21860006556000;10;6;4;38,4
21860006560000;1;0;1;0,0
21860006563000;17;9;8;50,0
21860006566000;7;4;3;23,0
21860006567000;145;75;70;46,1
21860006568000;2;0;2;0,0
21860006570000;13;7;6;45,8
21860006571000;15;9;6;39,5
21860006572000;26;14;12;38,8
21860006573000;48;25;23;40,4
21860006574000;13;8;5;38,3
21860006575000;2;1;1;0,0
21860006576000;99;54;45;45,7
21860006577000;269;138;131;38,7
21860006578000;9;5;4;42,6
21860006586000;6;5;1;50,2
21860006631000;8;4;4;26,0
21860006632000;1;0;1;0,0
21860006633000;2;1;1;0,0
21860006641000;1;1;0;0,0
21860006648000;13;5;8;35,7
21860006649000;14;7;7;48,3
21860006650000;9;5;4;46,8
21860006651000;6;3;3;40,2
21860006655000;10;5;5;26,6
21860006656000;5;3;2;57,8
21860006691000;3;2;1;0,0
21860006692000;23;14;9;32,6
21860006693000;21;14;7;35,3
21860006714000;4;3;1;0,0
21860006761000;7;4;3;48,9
21860006762000;13;6;7;42,5
21860006772000;1;0;1;0,0
21860006774000;26;10;16;25,8
21860006778000;2;1;1;0,0
21860006779000;21;12;9;48,3
21860006780000;51;25;26;39,9
21860006781000;48;28;20;40,6
21860006782000;25;12;13;41,2
21860006783000;6;3;3;41,8
21860006784000;21;10;11;43,0
21860006857000;7;5;2;53,9
21860006858000;9;5;4;43,9
21860006872000;8;6;2;47,8
21860006874000;49;22;27;42,8
21860006876000;16;8;8;40,4
21860006877000;11;5;6;45,7
21860006897000;5;2;3;25,4
21860006899000;12;9;3;35,4
21860006900000;12;9;3;33,2
21860006901000;2;1;1;0,0
21860006958000;13;6;7;32,0
21860006998000;15;6;9;39,5
21860006999000;1;1;0;0,0
21860007037000;14;7;7;38,7
21860007045000;16;8;8;39,6
21860007046000;52;28;24;33,3
21860007047000;4;3;1;0,0
21860007064000;2;1;1;0,0
21860007070000;3;2;1;0,0
21860007076000;8;3;5;56,9
21860007077000;2;0;2;0,0
21860007082000;28;13;15;29,5
21860007083000;16;7;9;60,3
21870006536000;45;23;22;36,5
21870006537000;15;4;11;33,5
21870006539000;1;1;0;0,0
21870006544000;17;9;8;54,7
21870006545000;107;53;54;45,4
21870006546000;9;4;5;47,7
21870006548000;75;47;28;38,9
21870006549000;213;116;97;36,8
21870006552000;2;1;1;0,0
21870006553000;1;1;0;0,0
21870006554000;25;15;10;39,5
21870006563000;61;33;28;38,4
21870006564000;144;82;62;34,3
21870006565000;24;13;11;50,3
21870006566000;2;1;1;0,0
21870006567000;13;4;9;55,7
21870006568000;11;7;4;42,3
21870006569000;19;10;9;48,2
21870006570000;6;3;3;47,0
21870006571000;25;13;12;41,6
21870006572000;4;2;2;0,0
21870006573000;69;36;33;42,9
21870006574000;196;108;88;44,1
21870006575000;103;53;50;40,5
21870006576000;720;375;345;39,3
21870006577000;200;100;100;37,2
21870006620000;2;1;1;0,0
21870006621000;5;2;3;62,6
21870006622000;5;2;3;14,4
21870006631000;9;5;4;42,0
21870006632000;28;13;15;45,1
21870006633000;23;9;14;36,3
21870006634000;3;1;2;0,0
21870006641000;5;2;3;40,2
21870006648000;28;15;13;37,5
21870006649000;57;33;24;37,4
21870006654000;11;5;6;53,1
21870006655000;18;10;8;45,1
21870006656000;3;2;1;0,0
21870006687000;5;3;2;42,0
21870006689000;19;9;10;43,9
21870006690000;5;3;2;63,2
21870006691000;69;22;47;48,4
21870006692000;95;47;48;45,8
21870006693000;5;3;2;56,6
21870006712000;16;9;7;29,9
21870006713000;4;0;4;0,0
21870006714000;10;5;5;63,4
21870006761000;9;3;6;46,0
21870006762000;3;2;1;0,0
21870006763000;3;2;1;0,0
21870006772000;25;13;12;36,4
21870006773000;1;1;0;0,0
21870006774000;313;139;174;45,3
21870006775000;117;53;64;40,0
21870006776000;74;41;33;44,7
21870006777000;10;4;6;47,4
21870006778000;7;3;4;54,9
21870006779000;54;27;27;35,0
21870006780000;120;60;60;43,5
21870006781000;8;4;4;51,4
21870006793000;5;2;3;37,6
21870006857000;20;13;7;36,7
21870006858000;26;12;14;41,7
21870006861000;8;4;4;27,6
21870006872000;20;8;12;42,4
21870006873000;6;3;3;48,0
21870006874000;40;19;21;41,0
21870006876000;22;8;14;44,2
21870006877000;8;5;3;39,0
21870006897000;4;1;3;0,0
21870006898000;6;3;3;68,8
21870006899000;14;6;8;42,7
21870006900000;2;0;2;0,0
21870006904000;3;2;1;0,0
21870006957000;3;2;1;0,0
21870006958000;2;1;1;0,0
21870006976000;5;2;3;28,0
21870006998000;4;1;3;0,0
21870006999000;48;26;22;38,8
21870007008000;4;3;1;0,0
21870007021000;2;1;1;0,0
21870007037000;1;1;0;0,0
21870007038000;8;4;4;42,5
21870007046000;35;17;18;44,3
21870007053000;3;2;1;0,0
21870007054000;4;1;3;0,0
21870007068000;3;3;0;0,0
21870007070000;12;5;7;53,0
21870007077000;6;3;3;46,5
21870007083000;21;12;9;38,4
21870007084000;10;6;4;35,9
21870007088000;43;21;22;45,4
21870007089000;21;11;10;35,1
21870007097000;5;4;1;41,4
21870007098000;20;9;11;59,7
21880006537000;14;7;7;60,5
21880006538000;3;2;1;0,0
21880006544000;13;8;5;44,8
21880006545000;5;3;2;68,2
21880006546000;48;27;21;47,2
21880006547000;18;9;9;37,3
21880006548000;28;16;12;45,0
21880006549000;8;3;5;36,9
21880006550000;3;0;3;0,0
21880006554000;17;10;7;48,9
21880006560000;4;2;2;0,0
21880006564000;589;292;297;38,5
21880006565000;199;103;96;48,2
21880006567000;11;7;4;40,4
21880006568000;16;9;7;41,3
21880006569000;18;8;10;41,1
21880006570000;9;5;4;36,0
21880006571000;8;5;3;45,3
21880006572000;31;17;14;39,8
21880006573000;47;26;21;41,1
21880006574000;1069;560;509;39,5
21880006575000;808;434;374;32,5
21880006576000;261;139;122;41,0
21880006577000;209;107;102;43,7
21880006584000;15;10;5;36,8
21880006586000;21;10;11;40,1
21880006600000;2;1;1;0,0
21880006601000;2;1;1;0,0
21880006622000;28;12;16;36,6
21880006623000;4;2;2;0,0
21880006631000;26;10;16;41,2
21880006648000;6;3;3;27,5
21880006649000;164;83;81;43,9
21880006650000;8;5;3;36,9
21880006655000;17;12;5;38,9
21880006682000;3;2;1;0,0
21880006683000;17;9;8;36,0
21880006685000;11;6;5;45,2
21880006687000;7;3;4;53,7
21880006688000;16;10;6;44,1
21880006689000;4;2;2;0,0
21880006690000;6;2;4;42,8
21880006691000;41;22;19;42,5
21880006692000;69;29;40;49,5
21880006693000;5;3;2;36,0
21880006711000;4;2;2;0,0
21880006712000;37;20;17;40,9
21880006763000;8;3;5;35,1
21880006772000;8;3;5;46,6
21880006773000;3;1;2;0,0
21880006774000;253;120;133;50,9
21880006775000;378;184;194;44,2
21880006776000;79;34;45;40,5
21880006777000;64;32;32;39,7
21880006778000;93;43;50;40,8
21880006779000;37;18;19;48,0
21880006780000;38;21;17;43,7
21880006793000;2;1;1;0,0
21880006860000;1;1;0;0,0
21880006872000;14;5;9;41,6
21880006873000;3;2;1;0,0
21880006874000;4;3;1;0,0
21880006875000;36;20;16;44,8
21880006876000;34;14;20;47,7
21880006897000;17;7;10;43,9
21880006898000;39;20;19;41,6
21880006899000;22;10;12;35,5
21880006956000;5;3;2;31,0
21880006957000;4;2;2;0,0
21880006975000;1;1;0;0,0
21880006999000;19;8;11;44,5
21880007009000;6;4;2;52,8
21880007038000;27;16;11;42,4
21880007046000;3;2;1;0,0
21880007053000;4;2;2;0,0
21880007063000;5;3;2;49,4
21880007070000;17;9;8;56,5
21880007072000;23;12;11;37,1
21880007078000;3;2;1;0,0
21880007083000;33;17;16;40,9
21880007084000;136;70;66;33,9
21880007086000;52;26;26;32,9
21880007087000;4;2;2;0,0
21880007088000;6;3;3;68,3
21880007089000;40;23;17;40,0
21880007090000;42;23;19;31,0
21880007096000;4;3;1;0,0
21880007097000;120;59;61;48,1
21880007098000;8;3;5;66,5
21890006545000;9;4;5;27,7
21890006546000;1;1;0;0,0
21890006547000;57;32;25;46,3
21890006548000;5;3;2;58,0
21890006549000;22;10;12;52,5
21890006550000;119;51;68;56,1
21890006551000;18;8;10;44,3
21890006554000;17;8;9;30,6
21890006560000;5;2;3;39,8
21890006561000;1;1;0;0,0
21890006563000;181;96;85;39,9
21890006564000;160;82;78;40,4
21890006568000;12;6;6;44,6
21890006569000;2;1;1;0,0
21890006570000;8;5;3;60,4
21890006571000;5;2;3;61,4
21890006573000;28;15;13;40,1
21890006574000;151;75;76;35,1
21890006575000;942;477;465;39,2
21890006576000;1677;773;904;44,8
21890006577000;2653;1222;1431;37,6
21890006578000;173;89;84;43,8
21890006579000;33;17;16;41,2
21890006580000;9;6;3;31,7
21890006581000;43;23;20;34,4
21890006582000;76;41;35;41,1
21890006583000;26;14;12;42,6
21890006584000;25;13;12;39,1
21890006585000;9;7;2;29,9
21890006586000;3;1;2;0,0
21890006597000;10;7;3;30,1
21890006598000;2;1;1;0,0
21890006599000;2;1;1;0,0
21890006602000;1;1;0;0,0
21890006622000;2;2;0;0,0
21890006623000;12;4;8;23,6
21890006630000;4;2;2;0,0
21890006631000;9;4;5;42,9
21890006646000;4;3;1;0,0
21890006647000;7;3;4;34,0
21890006648000;19;9;10;38,4
21890006653000;3;1;2;0,0
21890006655000;8;5;3;57,0
21890006656000;7;4;3;31,1
21890006683000;39;23;16;33,7
21890006684000;27;13;14;39,5
21890006685000;19;11;8;48,0
21890006686000;6;2;4;45,7
21890006687000;9;4;5;47,7
21890006691000;3;2;1;0,0
21890006692000;12;6;6;34,0
21890006712000;15;10;5;56,5
21890006762000;3;2;1;0,0
21890006771000;3;2;1;0,0
21890006772000;18;10;8;39,7
21890006773000;3;1;2;0,0
21890006774000;422;206;216;41,8
21890006775000;89;40;49;43,7
21890006776000;3;2;1;0,0
21890006778000;15;5;10;33,9
21890006795000;1;1;0;0,0
21890006858000;2;1;1;0,0
21890006872000;9;6;3;52,6
21890006873000;110;51;59;45,9
21890006874000;690;322;368;49,2
21890006875000;116;65;51;35,8
21890006897000;23;13;10;34,9
21890006898000;40;20;20;36,7
21890006899000;4;2;2;0,0
21890006944000;5;1;4;31,4
21890006955000;5;2;3;27,8
21890006956000;6;2;4;37,0
21890006999000;26;13;13;41,3
21890007009000;7;3;4;39,4
21890007021000;10;6;4;40,3
21890007038000;3;1;2;0,0
21890007054000;4;2;2;0,0
21890007063000;18;8;10;34,5
21890007070000;170;85;85;38,0
21890007072000;31;16;15;42,0
21890007084000;14;9;5;44,9
21890007085000;38;24;14;32,0
21890007086000;10;6;4;41,1
21890007087000;22;15;7;38,8
21890007088000;50;24;26;45,7
21890007089000;63;25;38;47,6
21890007090000;18;9;9;41,8
21890007097000;69;40;29;51,5
21890007098000;2;1;1;0,0
21900006545000;36;22;14;43,2
21900006546000;32;16;16;48,4
21900006547000;56;30;26;48,2
21900006548000;2;1;1;0,0
21900006549000;26;12;14;36,4
21900006550000;30;15;15;33,2
21900006551000;6;3;3;62,2
21900006554000;26;12;14;38,6
21900006556000;6;2;4;29,7
21900006557000;8;4;4;44,5
21900006558000;1;0;1;0,0
21900006559000;32;16;16;36,7
21900006560000;37;22;15;41,7
21900006561000;11;6;5;44,3
21900006566000;123;66;57;45,5
21900006567000;16;9;7;45,6
21900006568000;12;6;6;51,3
21900006572000;26;14;12;39,0
21900006573000;547;274;273;39,1
21900006574000;1204;578;626;37,1
21900006575000;1090;567;523;39,4
21900006576000;1209;593;616;40,9
21900006577000;333;162;171;35,6
21900006578000;144;68;76;40,0
21900006579000;307;150;157;32,1
21900006580000;370;195;175;32,6
21900006581000;88;43;45;42,8
21900006582000;132;69;63;33,5
21900006583000;132;61;71;41,5
21900006584000;37;20;17;46,4
21900006585000;37;20;17;44,5
21900006586000;15;7;8;42,2
21900006587000;3;0;3;0,0
21900006596000;3;3;0;0,0
21900006597000;6;4;2;35,0
21900006602000;6;4;2;39,0
21900006603000;4;2;2;0,0
21900006623000;1;1;0;0,0
21900006631000;3;1;2;0,0
21900006646000;22;10;12;34,7
21900006647000;5;2;3;45,0
21900006650000;37;19;18;42,1
21900006651000;1;1;0;0,0
21900006658000;3;2;1;0,0
21900006660000;8;4;4;38,9
21900006661000;2;0;2;0,0
21900006678000;8;3;5;30,6
21900006679000;18;11;7;41,4
21900006680000;19;9;10;31,3
21900006681000;8;4;4;41,3
21900006683000;14;7;7;31,0
21900006684000;3;2;1;0,0
21900006686000;2;2;0;0,0
21900006690000;6;3;3;68,5
21900006694000;1;1;0;0,0
21900006711000;15;7;8;50,4
21900006712000;15;9;6;53,6
21900006767000;15;9;6;31,3
21900006768000;7;4;3;29,9
21900006771000;3;2;1;0,0
21900006772000;106;55;51;34,3
21900006773000;169;90;79;40,7
21900006774000;333;161;172;44,3
21900006775000;34;17;17;46,7
21900006872000;18;9;9;40,6
21900006873000;50;25;25;54,5
21900006874000;358;166;192;41,6
21900006875000;75;39;36;50,9
21900006895000;11;5;6;37,8
21900006896000;1;1;0;0,0
21900006897000;2;1;1;0,0
21900006898000;19;10;9;47,9
21900006945000;2;1;1;0,0
21900006946000;3;1;2;0,0
21900006954000;7;5;2;41,7
21900006955000;4;1;3;0,0
21900006999000;16;10;6;36,1
21900007009000;2;1;1;0,0
21900007021000;12;7;5;53,7
21900007022000;4;1;3;0,0
21900007038000;19;7;12;51,8
21900007047000;1;1;0;0,0
21900007063000;6;2;4;41,0
21900007070000;44;27;17;35,8
21900007071000;1;0;1;0,0
21900007072000;19;10;9;41,1
21900007073000;8;3;5;61,5
21900007085000;24;12;12;44,6
21900007087000;2;1;1;0,0
21900007088000;39;20;19;36,2
21900007089000;1;0;1;0,0
21910006546000;3;2;1;0,0
21910006547000;2;1;1;0,0
21910006548000;69;33;36;36,2
21910006549000;14;6;8;32,4
21910006550000;16;7;9;35,1
21910006551000;29;12;17;29,3
21910006553000;6;3;3;40,7
21910006554000;9;6;3;42,0
21910006555000;6;3;3;56,5
21910006557000;17;7;10;32,9
21910006558000;5;4;1;59,8
21910006559000;71;34;37;43,9
21910006560000;10;6;4;29,5
21910006566000;29;18;11;46,4
21910006567000;30;19;11;44,8
21910006568000;112;62;50;42,6
21910006569000;566;282;284;39,0
21910006570000;10;5;5;43,7
21910006571000;25;14;11;27,5
21910006572000;346;170;176;38,7
21910006573000;927;458;469;40,7
21910006574000;592;257;335;43,3
21910006575000;2189;1114;1075;40,4
21910006576000;2570;1216;1354;46,0
21910006577000;739;364;375;39,4
21910006578000;903;436;467;36,8
21910006579000;489;239;250;38,8
21910006580000;90;43;47;44,9
21910006581000;37;17;20;41,2
21910006582000;10;4;6;33,9
21910006584000;6;6;0;29,5
21910006595000;1;1;0;0,0
21910006596000;2;1;1;0,0
21910006630000;21;13;8;46,8
21910006631000;71;38;33;37,1
21910006646000;16;6;10;39,4
21910006647000;10;2;8;40,6
21910006649000;11;5;6;41,0
21910006650000;4;3;1;0,0
21910006651000;9;4;5;42,0
21910006657000;6;4;2;51,7
21910006658000;13;8;5;40,2
21910006659000;19;10;9;39,5
21910006673000;2;1;1;0,0
21910006674000;6;2;4;30,8
21910006675000;14;9;5;48,7
21910006676000;12;4;8;35,8
21910006677000;6;5;1;65,2
21910006678000;22;11;11;46,2
21910006679000;94;41;53;40,7
21910006680000;129;58;71;38,0
21910006691000;2;1;1;0,0
21910006711000;6;3;3;34,2
21910006713000;2;1;1;0,0
21910006766000;8;4;4;58,3
21910006767000;21;14;7;45,3
21910006768000;77;38;39;40,4
21910006769000;19;12;7;41,7
21910006770000;9;6;3;38,3
21910006772000;145;65;80;45,0
21910006773000;434;214;220;39,0
21910006774000;1;1;0;0,0
21910006775000;6;2;4;39,3
21910006780000;1;0;1;0,0
21910006853000;3;2;1;0,0
21910006856000;6;2;4;58,5
21910006857000;25;15;10;45,4
21910006858000;9;7;2;60,7
21910006859000;3;2;1;0,0
21910006861000;1;1;0;0,0
21910006872000;6;3;3;15,3
21910006873000;40;22;18;42,0
21910006874000;180;92;88;40,9
21910006875000;17;8;9;48,1
21910006894000;6;3;3;21,7
21910006895000;19;9;10;31,5
21910006896000;1;1;0;0,0
21910006897000;35;16;19;46,3
21910006898000;71;36;35;43,9
21910006954000;9;5;4;49,3
21910006999000;46;23;23;38,2
21910007021000;46;23;23;40,6
21910007035000;5;3;2;27,4
21910007038000;3;2;1;0,0
21910007039000;18;10;8;33,7
21910007047000;16;7;9;52,7
21910007054000;3;2;1;0,0
21910007063000;4;1;3;0,0
21910007071000;14;9;5;47,6
21910007072000;45;24;21;40,7
21910007073000;24;14;10;50,1
21910007077000;81;45;36;35,7
21910007085000;8;5;3;36,8
21910007086000;50;30;20;39,5
21910007087000;2;1;1;0,0
21910007088000;1;0;1;0,0
21910007089000;1;0;1;0,0
21920006548000;2;1;1;0,0
21920006549000;56;26;30;46,6
21920006550000;11;5;6;40,6
21920006551000;41;23;18;38,2
21920006552000;6;4;2;47,7
21920006553000;3;3;0;0,0
21920006555000;24;13;11;43,7
21920006556000;11;5;6;15,5
21920006557000;97;45;52;31,8
21920006558000;14;8;6;43,6
21920006559000;48;26;22;37,3
21920006560000;27;13;14;42,3
21920006566000;9;3;6;37,3
21920006567000;425;215;210;38,3
21920006568000;954;488;466;41,9
21920006569000;1670;801;869;35,2
21920006570000;232;113;119;49,3
21920006571000;140;63;77;51,0
21920006572000;1508;733;775;38,3
21920006573000;2198;1095;1103;39,8
21920006574000;1582;759;823;43,1
21920006575000;2313;1189;1124;41,9
21920006576000;2234;1102;1132;41,0
21920006577000;505;246;259;44,2
21920006578000;165;84;81;35,6
21920006579000;37;19;18;41,7
21920006580000;62;33;29;37,0
21920006581000;44;27;17;44,0
21920006582000;33;15;18;34,4
21920006623000;13;7;6;35,2
21920006627000;4;2;2;0,0
21920006630000;15;8;7;37,7
21920006631000;35;18;17;40,3
21920006645000;4;3;1;0,0
21920006646000;19;10;9;51,1
21920006647000;2;1;1;0,0
21920006648000;4;2;2;0,0
21920006651000;7;2;5;24,3
21920006652000;6;3;3;26,5
21920006653000;2;1;1;0,0
21920006654000;3;2;1;0,0
21920006655000;6;3;3;47,2
21920006656000;2;1;1;0,0
21920006657000;2;2;0;0,0
21920006658000;26;16;10;42,2
21920006659000;1;0;1;0,0
21920006660000;9;5;4;64,6
21920006661000;20;12;8;35,5
21920006662000;1;1;0;0,0
21920006671000;7;3;4;33,3
21920006672000;16;5;11;45,6
21920006673000;23;11;12;48,1
21920006674000;48;30;18;40,8
21920006675000;12;6;6;49,0
21920006676000;22;10;12;48,6
21920006677000;28;14;14;48,1
21920006678000;17;11;6;51,1
21920006679000;8;5;3;46,4
21920006711000;4;3;1;0,0
21920006712000;4;2;2;0,0
21920006713000;19;11;8;27,7
21920006761000;7;2;5;19,4
21920006766000;21;8;13;40,5
21920006767000;38;19;19;48,7
21920006768000;31;18;13;32,0
21920006769000;2;1;1;0,0
21920006771000;27;16;11;42,6
21920006772000;116;59;57;46,0
21920006773000;8;6;2;32,6
21920006776000;1;1;0;0,0
21920006852000;3;2;1;0,0
21920006857000;2;1;1;0,0
21920006858000;37;22;15;48,8
21920006859000;3;2;1;0,0
21920006872000;29;16;13;43,4
21920006873000;11;6;5;45,6
21920006874000;29;17;12;48,7
21920006875000;3;2;1;0,0
21920006893000;12;5;7;29,6
21920006894000;7;4;3;42,6
21920006895000;22;9;13;39,7
21920006896000;51;30;21;42,5
21920006897000;8;5;3;60,6
21920006898000;36;19;17;54,8
21920006953000;4;1;3;0,0
21920006954000;13;5;8;37,2
21920006998000;6;3;3;41,7
21920006999000;74;40;34;40,2
21920007000000;6;2;4;45,0
21920007021000;27;12;15;42,2
21920007038000;7;4;3;30,4
21920007039000;19;10;9;55,3
21920007047000;3;1;2;0,0
21920007048000;1;1;0;0,0
21920007054000;4;1;3;0,0
21920007064000;13;6;7;44,7
21920007070000;1;0;1;0,0
21920007071000;19;11;8;47,3
21920007072000;27;17;10;33,6
21920007073000;69;44;25;40,8
21920007077000;157;77;80;36,8
21920007078000;15;9;6;31,1
21920007086000;11;4;7;37,4
21920007088000;5;3;2;53,4
21930006549000;66;32;34;36,7
21930006550000;1;1;0;0,0
21930006551000;7;4;3;53,3
21930006552000;39;18;21;39,3
21930006553000;45;26;19;36,9
21930006554000;7;6;1;29,3
21930006555000;36;15;21;34,3
21930006556000;43;24;19;44,0
21930006557000;511;282;229;32,5
21930006560000;16;8;8;38,1
21930006561000;39;22;17;39,3
21930006562000;51;25;26;38,4
21930006563000;57;32;25;38,6
21930006564000;1025;528;497;37,5
21930006565000;190;100;90;35,0
21930006566000;1295;674;621;38,9
21930006567000;1798;899;899;44,7
21930006568000;2193;1043;1150;42,7
21930006569000;1536;758;778;40,8
21930006570000;1217;605;612;39,2
21930006571000;452;227;225;38,8
21930006572000;1075;533;542;39,0
21930006573000;742;367;375;39,7
21930006574000;1353;642;711;40,0
21930006575000;1037;520;517;36,2
21930006576000;347;175;172;34,6
21930006577000;57;30;27;41,5
21930006578000;133;69;64;46,5
21930006579000;13;6;7;51,6
21930006580000;9;4;5;49,4
21930006581000;27;11;16;25,3
21930006630000;12;7;5;36,6
21930006631000;27;16;11;39,3
21930006645000;13;7;6;34,7
21930006646000;14;10;4;52,9
21930006651000;2;1;1;0,0
21930006652000;1;1;0;0,0
21930006653000;20;11;9;55,4
21930006654000;18;8;10;42,3
21930006655000;16;11;5;51,4
21930006658000;7;5;2;27,4
21930006665000;10;6;4;30,7
21930006670000;1;1;0;0,0
21930006671000;21;11;10;46,2
21930006673000;22;9;13;40,9
21930006674000;24;14;10;42,8
21930006689000;1;0;1;0,0
21930006712000;1;1;0;0,0
21930006713000;22;13;9;44,9
21930006714000;10;2;8;45,9
21930006767000;55;27;28;42,6
21930006768000;13;8;5;31,0
21930006770000;15;8;7;35,1
21930006771000;23;12;11;40,8
21930006772000;11;6;5;53,4
21930006849000;10;7;3;45,5
21930006850000;29;15;14;46,8
21930006851000;12;7;5;62,8
21930006855000;3;2;1;0,0
21930006857000;5;4;1;26,4
21930006858000;3;2;1;0,0
21930006859000;14;8;6;51,6
21930006871000;16;9;7;40,9
21930006872000;43;23;20;37,8
21930006873000;9;6;3;40,1
21930006874000;6;3;3;37,3
21930006891000;11;6;5;49,9
21930006892000;25;13;12;37,7
21930006893000;1;1;0;0,0
21930006894000;17;8;9;37,1
21930006895000;99;43;56;39,8
21930006896000;477;232;245;42,5
21930006897000;445;222;223;41,9
21930006945000;1;1;0;0,0
21930006952000;1;1;0;0,0
21930006999000;39;19;20;42,8
21930007000000;1;1;0;0,0
21930007039000;4;2;2;0,0
21930007047000;10;7;3;19,6
21930007053000;4;1;3;0,0
21930007064000;2;1;1;0,0
21930007071000;58;34;24;41,3
21930007072000;41;17;24;39,8
21930007073000;62;30;32;36,6
21930007077000;14;8;6;44,4
21930007078000;69;38;31;31,6
21930007084000;3;1;2;0,0
21930007087000;42;20;22;37,2
21930007089000;15;13;2;35,7
21940006550000;6;4;2;35,2
21940006551000;18;10;8;45,2
21940006552000;1;0;1;0,0
21940006553000;31;17;14;43,1
21940006554000;5;2;3;34,2
21940006555000;52;23;29;45,2
21940006556000;278;145;133;39,1
21940006557000;614;311;303;34,7
21940006558000;23;15;8;37,4
21940006560000;139;71;68;37,8
21940006561000;601;289;312;34,0
21940006562000;93;40;53;35,4
21940006563000;808;416;392;38,2
21940006564000;1580;758;822;40,7
21940006565000;1346;627;719;38,2
21940006566000;1286;604;682;40,2
21940006567000;2116;1018;1098;44,6
21940006568000;1989;983;1006;42,5
21940006569000;1491;740;751;43,8
21940006570000;940;471;469;39,0
21940006571000;1439;672;767;42,6
21940006572000;255;129;126;40,5
21940006573000;26;12;14;43,7
21940006574000;4;1;3;0,0
21940006575000;28;13;15;41,0
21940006576000;250;130;120;41,0
21940006577000;20;11;9;39,6
21940006578000;99;53;46;37,4
21940006579000;47;25;22;37,1
21940006580000;21;10;11;43,1
21940006581000;22;16;6;41,7
21940006586000;5;2;3;34,2
21940006587000;14;8;6;33,9
21940006613000;12;6;6;31,1
21940006630000;27;16;11;42,3
21940006631000;29;14;15;46,5
21940006632000;14;8;6;46,5
21940006639000;4;2;2;0,0
21940006642000;4;2;2;0,0
21940006644000;25;12;13;43,0
21940006645000;14;8;6;40,3
21940006646000;15;7;8;43,0
21940006649000;4;1;3;0,0
21940006651000;4;2;2;0,0
21940006653000;36;14;22;47,7
21940006654000;55;25;30;44,3
21940006656000;3;2;1;0,0
21940006657000;5;4;1;48,4
21940006658000;1;1;0;0,0
21940006659000;4;2;2;0,0
21940006665000;7;4;3;60,6
21940006670000;11;6;5;63,5
21940006671000;3;2;1;0,0
21940006672000;4;2;2;0,0
21940006673000;7;3;4;39,4
21940006711000;9;5;4;45,9
21940006712000;19;12;7;46,0
21940006713000;38;20;18;48,9
21940006714000;9;6;3;44,6
21940006746000;2;1;1;0,0
21940006760000;1;0;1;0,0
21940006766000;9;4;5;41,6
21940006767000;37;21;16;35,4
21940006769000;22;10;12;33,1
21940006770000;2;1;1;0,0
21940006849000;17;12;5;34,5
21940006850000;2;1;1;0,0
21940006858000;4;2;2;0,0
21940006859000;34;19;15;35,6
21940006864000;2;1;1;0,0
21940006865000;1;1;0;0,0
21940006871000;35;15;20;49,0
21940006872000;51;27;24;36,4
21940006873000;4;2;2;0,0
21940006891000;30;16;14;36,7
21940006892000;46;29;17;48,5
21940006893000;20;12;8;45,7
21940006896000;136;69;67;46,8
21940006897000;89;47;42;37,8
21940006943000;1;1;0;0,0
21940006944000;12;5;7;45,3
21940006945000;4;3;1;0,0
21940006951000;9;5;4;27,4
21940006952000;3;1;2;0,0
21940006999000;32;18;14;34,4
21940007000000;4;3;1;0,0
21940007021000;4;3;1;0,0
21940007047000;4;4;0;0,0
21940007065000;3;1;2;0,0
21940007066000;3;2;1;0,0
21940007071000;37;22;15;31,9
21940007072000;19;9;10;40,6
21940007073000;16;10;6;35,4
21940007077000;28;14;14;29,1
21940007078000;330;163;167;34,9
21940007079000;20;10;10;32,1
21940007081000;1;1;0;0,0
21940007085000;14;7;7;21,7
21940007087000;2;1;1;0,0
21940007088000;68;36;32;36,2
21940007089000;52;26;26;40,8
21950006551000;8;4;4;33,3
21950006552000;24;11;13;43,8
21950006553000;52;29;23;39,8
21950006554000;24;14;10;38,9
21950006555000;24;11;13;37,9
21950006556000;858;409;449;43,7
21950006557000;977;484;493;43,9
21950006558000;744;374;370;36,7
21950006559000;133;72;61;38,3
21950006560000;836;420;416;38,7
21950006561000;1475;738;737;37,5
21950006562000;1131;567;564;41,8
21950006563000;978;497;481;41,2
21950006564000;1138;550;588;43,6
21950006565000;268;128;140;48,0
21950006566000;348;175;173;38,2
21950006567000;398;191;207;38,4
21950006568000;1287;649;638;41,0
21950006569000;813;402;411;38,7
21950006570000;849;384;465;52,6
21950006571000;49;22;27;32,6
21950006572000;18;9;9;46,4
21950006573000;14;7;7;38,9
21950006574000;63;34;29;36,6
21950006575000;12;7;5;16,6
21950006577000;8;5;3;50,3
21950006578000;14;9;5;52,7
21950006579000;69;45;24;40,9
21950006580000;25;16;9;42,5
21950006581000;11;6;5;38,6
21950006586000;9;5;4;40,0
21950006587000;92;49;43;34,4
21950006588000;12;6;6;26,0
21950006613000;11;7;4;33,5
21950006614000;36;23;13;34,0
21950006615000;9;5;4;40,8
21950006620000;9;4;5;44,0
21950006621000;26;16;10;47,1
21950006622000;300;151;149;38,6
21950006623000;21;8;13;35,0
21950006631000;22;12;10;53,3
21950006632000;7;5;2;30,7
21950006635000;4;3;1;0,0
21950006637000;7;4;3;50,3
21950006638000;9;4;5;45,4
21950006639000;36;22;14;32,6
21950006640000;57;30;27;47,3
21950006641000;18;10;8;38,9
21950006642000;3;1;2;0,0
21950006643000;13;6;7;31,9
21950006644000;3;1;2;0,0
21950006645000;15;9;6;43,4
21950006646000;13;6;7;44,1
21950006649000;6;4;2;49,2
21950006650000;1;1;0;0,0
21950006653000;8;6;2;48,1
21950006656000;5;4;1;73,6
21950006657000;6;2;4;37,3
21950006658000;1;0;1;0,0
21950006663000;1;0;1;0,0
21950006664000;4;2;2;0,0
21950006665000;2;2;0;0,0
21950006670000;15;8;7;30,1
21950006672000;32;17;15;40,3
21950006673000;32;14;18;38,6
21950006674000;20;10;10;45,2
21950006675000;4;3;1;0,0
21950006711000;51;25;26;40,6
21950006712000;160;74;86;48,2
21950006713000;116;56;60;38,9
21950006753000;1;1;0;0,0
21950006757000;20;11;9;39,5
21950006766000;57;27;30;35,5
21950006768000;34;15;19;40,6
21950006769000;2;1;1;0,0
21950006779000;11;6;5;29,3
21950006846000;2;1;1;0,0
21950006858000;19;8;11;38,1
21950006859000;21;13;8;42,1
21950006860000;3;2;1;0,0
21950006865000;2;1;1;0,0
21950006870000;52;25;27;40,0
21950006871000;65;34;31;41,6
21950006872000;32;17;15;48,2
21950006873000;16;9;7;46,6
21950006889000;6;3;3;44,7
21950006890000;32;16;16;37,5
21950006891000;16;6;10;50,3
21950006892000;2;2;0;0,0
21950006946000;4;1;3;0,0
21950006950000;11;5;6;46,6
21950006951000;19;10;9;35,1
21950006999000;15;7;8;46,7
21950007000000;13;8;5;40,5
21950007021000;12;7;5;43,3
21950007022000;2;1;1;0,0
21950007065000;6;2;4;46,3
21950007066000;7;2;5;47,4
21950007067000;9;5;4;46,3
21950007068000;27;14;13;36,9
21950007069000;89;46;43;35,1
21950007070000;18;10;8;43,7
21950007071000;9;4;5;24,2
21950007072000;3;2;1;0,0
21950007073000;54;28;26;35,8
21950007078000;218;105;113;37,7
21950007079000;20;13;7;31,9
21950007080000;215;90;125;36,0
21950007081000;460;217;243;44,2
21950007082000;151;81;70;41,7
21950007083000;46;23;23;41,9
21950007084000;141;66;75;36,6
21950007085000;108;57;51;42,1
21950007086000;96;46;50;35,5
21950007087000;18;7;11;37,7
21950007088000;7;4;3;70,1
21950007089000;23;15;8;42,6
21950007090000;2;1;1;0,0
21960006553000;14;6;8;34,8
21960006554000;882;435;447;36,1
21960006555000;955;477;478;39,5
21960006556000;720;351;369;44,9
21960006557000;362;187;175;44,3
21960006558000;858;436;422;43,3
21960006560000;168;74;94;42,4
21960006561000;376;197;179;33,6
21960006562000;294;136;158;37,5
21960006563000;506;237;269;47,2
21960006564000;959;485;474;36,8
21960006565000;835;397;438;37,7
21960006566000;398;203;195;35,0
21960006567000;14;6;8;35,9
21960006568000;63;23;40;33,9
21960006569000;273;137;136;37,2
21960006570000;52;27;25;32,9
21960006571000;41;23;18;41,7
21960006572000;57;29;28;44,1
21960006573000;22;10;12;50,2
21960006574000;19;11;8;42,6
21960006580000;2;1;1;0,0
21960006586000;35;17;18;43,8
21960006587000;62;36;26;41,5
21960006588000;21;13;8;36,2
21960006591000;5;1;4;48,6
21960006592000;7;3;4;42,0
21960006614000;25;13;12;36,2
21960006615000;13;7;6;38,0
21960006616000;39;22;17;42,2
21960006617000;1;1;0;0,0
21960006620000;8;5;3;43,5
21960006621000;44;20;24;44,6
21960006622000;176;81;95;49,1
21960006629000;2;2;0;0,0
21960006630000;18;5;13;40,3
21960006631000;13;6;7;43,0
21960006632000;33;20;13;49,3
21960006633000;26;18;8;33,7
21960006634000;8;4;4;26,9
21960006635000;20;11;9;41,9
21960006636000;13;7;6;34,6
21960006637000;21;13;8;53,2
21960006638000;27;13;14;54,9
21960006639000;37;18;19;34,5
21960006640000;249;138;111;39,7
21960006641000;134;68;66;34,4
21960006642000;59;39;20;42,0
21960006643000;15;6;9;52,7
21960006644000;20;8;12;32,0
21960006645000;300;128;172;38,5
21960006646000;236;123;113;36,1
21960006648000;11;6;5;59,2
21960006651000;5;2;3;30,8
21960006652000;2;1;1;0,0
21960006655000;6;3;3;38,5
21960006657000;10;6;4;30,3
21960006664000;8;4;4;38,6
21960006665000;11;8;3;35,2
21960006668000;10;5;5;53,6
21960006669000;6;3;3;38,8
21960006670000;9;6;3;20,2
21960006671000;1;1;0;0,0
21960006672000;6;4;2;67,5
21960006689000;34;14;20;31,3
21960006708000;8;5;3;35,0
21960006709000;17;8;9;46,1
21960006710000;4;1;3;0,0
21960006711000;8;4;4;51,3
21960006712000;64;32;32;46,0
21960006757000;9;4;5;42,9
21960006758000;10;6;4;57,3
21960006766000;89;43;46;35,4
21960006767000;121;54;67;48,1
21960006768000;63;36;27;45,3
21960006769000;4;2;2;0,0
21960006781000;2;1;1;0,0
21960006782000;4;1;3;0,0
21960006859000;16;9;7;49,4
21960006860000;30;14;16;50,2
21960006869000;14;8;6;46,4
21960006870000;24;13;11;47,5
21960006871000;8;4;4;37,8
21960006872000;14;7;7;34,2
21960006881000;4;3;1;0,0
21960006887000;2;1;1;0,0
21960006888000;10;4;6;39,4
21960006889000;14;7;7;33,8
21960006890000;23;14;9;44,7
21960006891000;9;4;5;31,3
21960006947000;3;2;1;0,0
21960006949000;12;5;7;37,4
21960006950000;4;2;2;0,0
21960006999000;18;10;8;39,8
21960007000000;23;10;13;44,7
21960007022000;6;2;4;37,0
21960007031000;5;4;1;37,0
21960007045000;3;1;2;0,0
21960007067000;4;2;2;0,0
21960007068000;6;3;3;27,3
21960007070000;8;4;4;44,4
21960007071000;4;2;2;0,0
21960007080000;23;15;8;41,3
21960007082000;5;2;3;76,6
21960007083000;36;21;15;29,8
21960007084000;3;1;2;0,0
21960007085000;22;9;13;32,3
21960007086000;9;5;4;42,1
21970006552000;537;281;256;41,8
21970006553000;732;353;379;39,3
21970006554000;309;159;150;46,5
21970006555000;498;247;251;42,9
21970006557000;207;106;101;43,3
21970006560000;19;11;8;36,4
21970006561000;184;97;87;33,5
21970006562000;103;59;44;41,3
21970006563000;147;71;76;43,0
21970006564000;174;79;95;39,3
21970006565000;37;19;18;50,7
21970006566000;13;8;5;40,6
21970006568000;6;2;4;36,7
21970006569000;42;18;24;39,5
21970006570000;51;29;22;40,8
21970006571000;34;17;17;46,2
21970006572000;5;4;1;49,8
21970006574000;7;3;4;43,4
21970006575000;21;9;12;35,4
21970006580000;8;5;3;43,0
21970006581000;102;53;49;34,7
21970006584000;41;18;23;49,1
21970006585000;23;11;12;45,6
21970006614000;11;7;4;58,6
21970006615000;4;2;2;0,0
21970006616000;40;21;19;38,5
21970006617000;11;7;4;42,1
21970006619000;11;6;5;54,5
21970006620000;57;29;28;40,7
21970006621000;81;39;42;38,9
21970006622000;105;57;48;36,1
21970006623000;174;81;93;34,1
21970006624000;697;351;346;36,3
21970006625000;528;271;257;39,6
21970006626000;14;8;6;50,2
21970006627000;450;217;233;47,8
21970006628000;723;382;341;37,0
21970006629000;54;29;25;37,8
21970006630000;63;35;28;41,4
21970006631000;40;21;19;41,4
21970006632000;59;25;34;35,9
21970006634000;4;3;1;0,0
21970006636000;6;3;3;36,0
21970006637000;16;6;10;40,5
21970006638000;6;1;5;41,0
21970006639000;12;8;4;42,3
21970006640000;3;0;3;0,0
21970006641000;5;3;2;58,8
21970006642000;13;7;6;35,2
21970006648000;5;2;3;40,6
21970006649000;3;2;1;0,0
21970006654000;2;1;1;0,0
21970006656000;7;4;3;48,9
21970006661000;7;5;2;18,6
21970006666000;2;1;1;0,0
21970006668000;13;5;8;37,5
21970006669000;2;2;0;0,0
21970006670000;9;4;5;19,2
21970006685000;2;1;1;0,0
21970006707000;8;5;3;51,4
21970006708000;14;9;5;58,5
21970006709000;2;1;1;0,0
21970006710000;30;16;14;38,4
21970006747000;1;0;1;0,0
21970006756000;14;8;6;53,3
21970006757000;1;1;0;0,0
21970006762000;1;0;1;0,0
21970006766000;231;117;114;41,9
21970006767000;245;123;122;46,0
21970006768000;46;24;22;39,3
21970006769000;1;0;1;0,0
21970006770000;1;1;0;0,0
21970006782000;45;26;19;38,6
21970006859000;17;8;9;42,9
21970006860000;19;9;10;39,8
21970006861000;20;10;10;52,3
21970006867000;21;13;8;32,1
21970006868000;15;7;8;54,9
21970006869000;14;6;8;49,7
21970006870000;9;4;5;35,3
21970006871000;1;0;1;0,0
21970006885000;7;4;3;52,3
21970006887000;10;4;6;43,6
21970006888000;33;17;16;43,8
21970006889000;33;19;14;35,1
21970006890000;21;10;11;34,6
21970006948000;43;24;19;48,9
21970006949000;37;19;18;35,6
21970006965000;3;1;2;0,0
21970007000000;15;8;7;44,2
21970007001000;1;0;1;0,0
21970007021000;2;1;1;0,0
21970007022000;42;22;20;47,6
21970007041000;7;4;3;30,3
21970007044000;3;1;2;0,0
21970007045000;6;4;2;43,7
21970007046000;2;1;1;0,0
21970007054000;7;3;4;33,6
21970007069000;3;1;2;0,0
21970007070000;32;17;15;40,8
21970007071000;4;3;1;0,0
21970007085000;45;22;23;40,8
21970007086000;12;5;7;37,7
21980006551000;696;344;352;47,0
21980006552000;839;432;407;42,4
21980006553000;657;317;340;37,8
21980006554000;7;5;2;37,6
21980006556000;5;3;2;59,0
21980006557000;122;63;59;46,2
21980006559000;2;2;0;0,0
21980006560000;13;7;6;42,8
21980006561000;24;12;12;34,5
21980006562000;5;4;1;55,6
21980006564000;3;2;1;0,0
21980006565000;20;9;11;35,6
21980006566000;114;68;46;34,5
21980006567000;35;19;16;43,3
21980006568000;29;16;13;41,0
21980006569000;10;6;4;41,1
21980006570000;7;3;4;34,9
21980006571000;5;3;2;32,6
21980006572000;5;3;2;39,2
21980006573000;16;7;9;37,4
21980006574000;2;1;1;0,0
21980006575000;5;2;3;35,4
21980006581000;33;18;15;35,7
21980006582000;669;341;328;39,9
21980006583000;46;27;19;36,3
21980006584000;224;113;111;35,7
21980006614000;4;2;2;0,0
21980006617000;71;41;30;38,5
21980006618000;47;27;20;38,7
21980006619000;94;41;53;37,1
21980006620000;73;38;35;44,4
21980006621000;288;149;139;42,7
21980006622000;290;143;147;39,9
21980006623000;754;399;355;39,1
21980006624000;659;340;319;38,6
21980006625000;1170;599;571;41,7
21980006626000;1430;711;719;44,4
21980006627000;1646;822;824;44,1
21980006628000;1198;591;607;35,9
21980006629000;130;68;62;44,9
21980006630000;31;15;16;37,4
21980006631000;7;2;5;46,7
21980006638000;7;4;3;51,4
21980006639000;2;1;1;0,0
21980006657000;5;3;2;33,8
21980006658000;1;1;0;0,0
21980006659000;6;3;3;38,0
21980006660000;5;3;2;50,0
21980006661000;2;1;1;0,0
21980006662000;6;4;2;28,5
21980006667000;35;18;17;45,8
21980006668000;19;11;8;51,6
21980006669000;4;3;1;0,0
21980006681000;8;5;3;38,8
21980006682000;23;14;9;39,1
21980006683000;14;7;7;58,4
21980006684000;1;1;0;0,0
21980006685000;3;1;2;0,0
21980006708000;9;5;4;34,8
21980006756000;24;15;9;38,0
21980006760000;4;3;1;0,0
21980006761000;20;9;11;32,1
21980006762000;14;7;7;34,1
21980006764000;18;9;9;37,8
21980006765000;31;19;12;45,9
21980006766000;44;23;21;40,9
21980006767000;17;10;7;58,4
21980006782000;24;17;7;34,3
21980006783000;3;2;1;0,0
21980006859000;21;13;8;54,9
21980006860000;87;41;46;40,2
21980006861000;3;1;2;0,0
21980006865000;4;2;2;0,0
21980006866000;106;58;48;37,7
21980006867000;196;94;102;42,4
21980006868000;9;6;3;51,3
21980006869000;25;13;12;45,5
21980006870000;1;1;0;0,0
21980006871000;4;2;2;0,0
21980006881000;9;3;6;26,6
21980006883000;13;7;6;48,6
21980006884000;12;6;6;57,8
21980006885000;171;79;92;51,9
21980006886000;127;65;62;45,1
21980006887000;82;30;52;67,7
21980006888000;20;12;8;44,3
21980006889000;3;2;1;0,0
21980006951000;4;2;2;0,0
21980006965000;6;3;3;67,3
21980007000000;10;6;4;48,8
21980007001000;8;6;2;59,9
21980007022000;90;45;45;38,6
21980007023000;53;26;27;46,1
21980007028000;1;1;0;0,0
21980007029000;2;1;1;0,0
21980007034000;6;4;2;50,7
21980007044000;5;3;2;29,2
21980007045000;7;4;3;46,6
21980007055000;1;0;1;0,0
21980007063000;1;1;0;0,0
21980007069000;1;0;1;0,0
21980007070000;15;8;7;33,6
21980007085000;64;32;32;37,4
21980007086000;10;7;3;24,5
21990006552000;1;1;0;0,0
21990006558000;9;5;4;34,3
21990006559000;7;4;3;25,6
21990006560000;4;3;1;0,0
21990006561000;8;5;3;42,3
21990006562000;3;2;1;0,0
21990006563000;9;5;4;42,1
21990006567000;13;10;3;31,3
21990006568000;22;12;10;48,9
21990006569000;16;10;6;50,2
21990006570000;12;5;7;32,7
21990006571000;2;1;1;0,0
21990006573000;1;1;0;0,0
21990006582000;265;122;143;45,2
21990006583000;58;27;31;48,6
21990006584000;116;58;58;35,5
21990006596000;3;2;1;0,0
21990006598000;1;0;1;0,0
21990006615000;5;3;2;39,0
21990006616000;6;4;2;68,5
21990006617000;30;16;14;32,5
21990006618000;87;43;44;42,5
21990006619000;166;81;85;32,7
21990006620000;21;13;8;45,0
21990006621000;72;31;41;34,3
21990006622000;9;2;7;42,3
21990006623000;1475;709;766;28,4
21990006624000;1440;774;666;37,9
21990006625000;1558;789;769;39,6
21990006626000;2146;1057;1089;42,3
21990006627000;1507;757;750;42,1
21990006628000;291;148;143;38,0
21990006637000;2;1;1;0,0
21990006657000;2;1;1;0,0
21990006659000;4;3;1;0,0
21990006667000;33;18;15;39,9
21990006668000;40;18;22;43,3
21990006669000;17;10;7;50,4
21990006678000;2;1;1;0,0
21990006682000;4;3;1;0,0
21990006683000;1;1;0;0,0
21990006688000;1;0;1;0,0
21990006707000;2;1;1;0,0
21990006756000;62;31;31;38,3
21990006757000;4;2;2;0,0
21990006760000;20;8;12;36,1
21990006761000;6;3;3;41,0
21990006763000;17;9;8;51,5
21990006764000;20;10;10;49,4
21990006768000;1;1;0;0,0
21990006781000;7;4;3;38,6
21990006782000;18;10;8;40,7
21990006829000;2;1;1;0,0
21990006859000;60;34;26;43,9
21990006860000;264;126;138;45,6
21990006865000;34;18;16;36,2
21990006866000;77;41;36;32,4
21990006867000;21;8;13;34,3
21990006868000;30;14;16;37,4
21990006869000;24;16;8;44,8
21990006871000;2;1;1;0,0
21990006880000;4;3;1;0,0
21990006881000;18;10;8;43,8
21990006882000;32;15;17;45,0
21990006883000;19;9;10;49,6
21990006884000;16;7;9;53,8
21990006885000;32;17;15;45,4
21990006886000;59;32;27;40,9
21990006887000;30;16;14;42,2
21990006951000;6;3;3;74,5
21990007001000;33;19;14;41,3
21990007013000;4;2;2;0,0
21990007021000;5;2;3;24,8
21990007022000;4;2;2;0,0
21990007023000;7;2;5;18,7
21990007024000;24;12;12;31,4
21990007027000;9;4;5;43,6
21990007028000;9;3;6;46,1
21990007029000;41;17;24;43,0
21990007043000;38;18;20;40,9
21990007044000;105;55;50;40,1
21990007046000;6;3;3;48,2
21990007055000;11;5;6;56,9
21990007068000;7;5;2;31,9
21990007069000;22;14;8;37,4
22000006553000;4;2;2;0,0
22000006557000;8;2;6;44,8
22000006558000;2;1;1;0,0
22000006562000;16;9;7;32,8
22000006569000;2;1;1;0,0
22000006570000;15;9;6;57,6
22000006571000;5;3;2;52,0
22000006581000;58;31;27;40,0
22000006582000;26;16;10;39,3
22000006583000;119;58;61;39,4
22000006617000;3;2;1;0,0
22000006618000;88;50;38;32,4
22000006619000;23;12;11;33,9
22000006620000;16;7;9;34,4
22000006621000;312;167;145;39,6
22000006622000;11;7;4;30,9
22000006624000;45;23;22;40,7
22000006625000;328;172;156;40,1
22000006626000;875;457;418;36,0
22000006627000;629;318;311;36,4
22000006628000;7;4;3;37,7
22000006629000;10;8;2;42,3
22000006633000;4;2;2;0,0
22000006635000;8;3;5;36,6
22000006636000;3;0;3;0,0
22000006646000;6;3;3;44,3
22000006647000;3;2;1;0,0
22000006659000;5;1;4;53,4
22000006667000;86;42;44;37,6
22000006668000;75;37;38;47,2
22000006669000;2;0;2;0,0
22000006678000;8;4;4;56,0
22000006679000;2;1;1;0,0
22000006682000;5;2;3;37,4
22000006683000;28;13;15;44,2
22000006685000;4;2;2;0,0
22000006687000;10;5;5;28,5
22000006688000;2;1;1;0,0
22000006705000;32;14;18;40,4
22000006706000;18;7;11;44,2
22000006707000;14;10;4;37,1
22000006755000;2;0;2;0,0
22000006756000;91;51;40;45,4
22000006757000;17;9;8;28,6
22000006758000;16;7;9;32,3
22000006759000;20;8;12;39,6
22000006760000;3;2;1;0,0
22000006761000;1;0;1;0,0
22000006762000;3;1;2;0,0
22000006763000;73;29;44;46,9
22000006764000;6;4;2;34,5
22000006781000;29;17;12;48,2
22000006829000;6;3;3;34,0
22000006830000;7;2;5;54,6
22000006858000;26;15;11;49,5
22000006859000;61;28;33;40,4
22000006860000;8;5;3;42,6
22000006864000;2;2;0;0,0
22000006865000;13;6;7;30,1
22000006880000;20;8;12;33,1
22000006881000;3;1;2;0,0
22000006882000;12;3;9;36,3
22000006884000;2;0;2;0,0
22000006885000;12;6;6;49,5
22000006886000;6;4;2;66,2
22000006952000;3;2;1;0,0
22000006963000;6;4;2;52,3
22000007001000;64;32;32;41,1
22000007002000;9;7;2;53,7
22000007014000;1;1;0;0,0
22000007023000;24;14;10;30,9
22000007024000;20;11;9;44,7
22000007025000;53;28;25;42,3
22000007026000;3;2;1;0,0
22000007030000;29;14;15;29,6
22000007036000;6;3;3;53,8
22000007037000;5;2;3;30,6
22000007038000;12;8;4;47,3
22000007040000;3;2;1;0,0
22000007041000;24;12;12;35,2
22000007042000;6;4;2;29,8
22000007043000;19;11;8;47,2
22000007044000;16;5;11;34,8
22000007046000;4;2;2;0,0
22000007047000;2;1;1;0,0
22000007048000;4;2;2;0,0
22000007049000;4;2;2;0,0
22000007055000;59;26;33;48,8
22000007056000;10;4;6;33,0
22000007064000;5;2;3;50,8
22000007065000;2;1;1;0,0
22000007066000;102;43;59;36,0
22000007067000;8;5;3;44,6
22000007068000;3;2;1;0,0
22010006552000;10;5;5;39,1
22010006553000;2;2;0;0,0
22010006559000;2;1;1;0,0
22010006560000;2;1;1;0,0
22010006561000;49;25;24;45,1
22010006562000;7;6;1;57,3
22010006566000;5;2;3;28,0
22010006571000;9;4;5;38,0
22010006572000;3;2;1;0,0
22010006579000;54;29;25;44,4
22010006580000;23;13;10;52,4
22010006581000;14;7;7;45,1
22010006583000;5;3;2;53,6
22010006618000;40;26;14;53,0
22010006619000;11;7;4;41,6
22010006620000;11;6;5;36,6
22010006621000;68;36;32;39,6
22010006625000;10;4;6;54,0
22010006626000;23;14;9;42,4
22010006627000;69;36;33;39,8
22010006628000;5;4;1;36,6
22010006629000;6;4;2;48,5
22010006630000;23;13;10;44,8
22010006631000;5;3;2;64,6
22010006632000;2;1;1;0,0
22010006635000;8;4;4;41,8
22010006636000;10;6;4;28,4
22010006637000;17;9;8;33,7
22010006638000;7;4;3;33,0
22010006647000;3;1;2;0,0
22010006658000;8;5;3;40,9
22010006660000;2;1;1;0,0
22010006667000;45;24;21;37,8
22010006668000;325;135;190;52,4
22010006669000;31;16;15;43,6
22010006680000;5;3;2;43,6
22010006681000;27;13;14;35,7
22010006682000;25;15;10;33,6
22010006683000;29;12;17;40,2
22010006684000;85;32;53;52,0
22010006685000;1;1;0;0,0
22010006686000;34;17;17;40,0
22010006687000;37;22;15;38,9
22010006688000;37;18;19;39,9
22010006689000;15;8;7;53,5
22010006690000;17;7;10;47,8
22010006691000;9;3;6;23,8
22010006693000;1;1;0;0,0
22010006705000;6;2;4;48,5
22010006706000;1;0;1;0,0
22010006731000;3;1;2;0,0
22010006755000;29;13;16;38,1
22010006756000;70;37;33;44,4
22010006758000;2;1;1;0,0
22010006759000;8;3;5;25,0
22010006760000;3;1;2;0,0
22010006761000;7;3;4;46,3
22010006762000;8;4;4;35,8
22010006779000;15;9;6;51,8
22010006780000;14;9;5;42,6
22010006781000;8;5;3;59,9
22010006830000;3;2;1;0,0
22010006831000;9;6;3;42,2
22010006832000;10;4;6;35,8
22010006833000;34;16;18;40,3
22010006857000;13;9;4;58,7
22010006858000;37;22;15;41,3
22010006859000;32;14;18;36,1
22010006864000;20;10;10;38,0
22010006870000;3;1;2;0,0
22010006878000;6;2;4;29,5
22010006879000;33;19;14;40,3
22010006880000;9;6;3;44,0
22010006881000;6;4;2;51,8
22010006952000;2;1;1;0,0
22010007001000;28;15;13;38,0
22010007002000;41;19;22;45,7
22010007003000;2;1;1;0,0
22010007022000;11;6;5;46,5
22010007023000;7;2;5;40,1
22010007024000;1;0;1;0,0
22010007025000;9;4;5;40,6
22010007026000;7;4;3;55,3
22010007030000;21;11;10;43,3
22010007031000;41;18;23;41,0
22010007032000;8;4;4;47,3
22010007039000;34;17;17;29,5
22010007040000;5;3;2;18,8
22010007044000;1;1;0;0,0
22010007045000;4;3;1;0,0
22010007047000;2;1;1;0,0
22010007048000;2;1;1;0,0
22010007049000;14;7;7;61,7
22010007056000;14;9;5;58,4
22010007057000;1;1;0;0,0
22010007063000;3;1;2;0,0
22010007064000;5;4;1;55,8
22010007065000;130;62;68;38,6
22010007066000;490;235;255;45,3
22010007067000;222;103;119;41,2
22010007069000;15;7;8;35,4
22010007070000;2;1;1;0,0
22010007103000;4;2;2;0,0
22020006548000;1;1;0;0,0
22020006555000;9;3;6;59,8
22020006558000;1;0;1;0,0
22020006560000;152;81;71;40,7
22020006561000;271;139;132;43,8
22020006562000;30;18;12;45,9
22020006563000;23;10;13;47,7
22020006564000;12;7;5;24,5
22020006565000;11;5;6;42,3
22020006566000;7;4;3;36,4
22020006567000;13;6;7;42,2
22020006568000;5;3;2;45,0
22020006569000;4;1;3;0,0
22020006572000;4;2;2;0,0
22020006578000;44;23;21;40,0
22020006579000;11;5;6;57,5
22020006580000;5;3;2;52,2
22020006583000;9;5;4;41,0
22020006617000;24;13;11;38,4
22020006618000;30;15;15;33,3
22020006619000;12;7;5;37,0
22020006620000;26;16;10;43,3
22020006621000;45;24;21;38,8
22020006622000;32;16;16;50,1
22020006623000;14;6;8;35,1
22020006624000;7;1;6;37,4
22020006626000;18;7;11;37,6
22020006627000;25;15;10;45,6
22020006628000;13;8;5;34,9
22020006630000;4;2;2;0,0
22020006632000;3;2;1;0,0
22020006634000;5;2;3;19,4
22020006665000;1;1;0;0,0
22020006666000;15;8;7;48,3
22020006667000;23;11;12;45,3
22020006668000;18;7;11;45,6
22020006680000;17;4;13;32,1
22020006681000;10;5;5;38,8
22020006682000;54;27;27;46,3
22020006683000;251;124;127;39,3
22020006684000;10;4;6;47,9
22020006686000;3;2;1;0,0
22020006687000;6;2;4;44,7
22020006688000;36;16;20;45,1
22020006689000;9;5;4;45,2
22020006691000;4;3;1;0,0
22020006692000;3;1;2;0,0
22020006703000;1;1;0;0,0
22020006704000;3;2;1;0,0
22020006705000;9;6;3;29,9
22020006706000;50;30;20;42,7
22020006752000;1;1;0;0,0
22020006753000;1;1;0;0,0
22020006754000;17;8;9;44,4
22020006755000;6;3;3;73,3
22020006756000;27;16;11;39,9
22020006757000;4;2;2;0,0
22020006758000;12;5;7;39,3
22020006759000;4;2;2;0,0
22020006761000;5;1;4;68,0
22020006778000;7;6;1;39,6
22020006832000;9;5;4;64,1
22020006833000;55;33;22;44,0
22020006834000;52;25;27;51,8
22020006856000;10;5;5;47,0
22020006857000;37;21;16;40,1
22020006858000;2;1;1;0,0
22020006859000;1;1;0;0,0
22020006863000;3;2;1;0,0
22020006864000;1;1;0;0,0
22020006877000;9;4;5;46,9
22020006878000;58;30;28;43,2
22020006879000;23;9;14;41,7
22020006900000;3;2;1;0,0
22020006952000;7;3;4;35,9
22020007002000;15;10;5;27,9
22020007003000;30;16;14;44,4
22020007014000;3;2;1;0,0
22020007015000;4;2;2;0,0
22020007025000;12;6;6;46,8
22020007026000;13;7;6;44,2
22020007030000;15;9;6;42,3
22020007031000;429;192;237;46,4
22020007032000;250;127;123;39,2
22020007045000;23;11;12;40,0
22020007048000;6;2;4;35,3
22020007049000;2;1;1;0,0
22020007056000;36;20;16;34,0
22020007063000;1;1;0;0,0
22020007064000;5;2;3;34,6
22020007066000;7;3;4;53,1
22020007067000;5;3;2;50,2
22020007069000;25;12;13;30,3
22020007070000;185;101;84;36,9
22020007071000;46;28;18;43,0
22030006548000;29;18;11;42,3
22030006555000;2;1;1;0,0
22030006558000;8;5;3;37,4
22030006559000;7;4;3;31,6
22030006560000;87;40;47;40,0
22030006564000;6;2;4;33,7
22030006568000;1;1;0;0,0
22030006569000;6;2;4;39,3
22030006570000;36;22;14;41,4
22030006571000;58;31;27;37,6
22030006572000;12;9;3;24,6
22030006578000;18;9;9;48,5
22030006579000;8;4;4;21,0
22030006589000;1;1;0;0,0
22030006617000;33;18;15;35,1
22030006618000;14;8;6;53,1
22030006619000;28;16;12;41,5
22030006620000;3;2;1;0,0
22030006623000;32;15;17;41,6
22030006624000;22;13;9;44,7
22030006625000;6;4;2;48,5
22030006627000;5;2;3;50,4
22030006628000;34;21;13;33,8
22030006647000;3;1;2;0,0
22030006651000;4;3;1;0,0
22030006654000;4;3;1;0,0
22030006665000;10;7;3;32,0
22030006666000;36;18;18;41,2
22030006667000;19;13;6;33,4
22030006668000;5;2;3;50,0
22030006669000;39;17;22;43,0
22030006680000;23;13;10;40,2
22030006682000;56;23;33;38,8
22030006688000;9;6;3;46,8
22030006689000;12;7;5;34,4
22030006690000;3;1;2;0,0
22030006692000;2;2;0;0,0
22030006702000;2;1;1;0,0
22030006705000;22;11;11;50,2
22030006706000;24;16;8;46,4
22030006751000;3;2;1;0,0
22030006752000;12;6;6;33,7
22030006753000;24;15;9;35,5
22030006754000;116;63;53;41,8
22030006755000;261;129;132;48,8
22030006756000;3;1;2;0,0
22030006759000;4;3;1;0,0
22030006760000;6;4;2;54,5
22030006761000;2;1;1;0,0
22030006763000;1;1;0;0,0
22030006776000;3;2;1;0,0
22030006777000;5;1;4;31,8
22030006778000;6;4;2;41,8
22030006833000;15;9;6;43,9
22030006834000;37;19;18;53,3
22030006855000;29;16;13;39,0
22030006856000;3;2;1;0,0
22030006857000;9;4;5;46,3
22030006858000;1;1;0;0,0
22030006863000;4;1;3;0,0
22030006869000;10;5;5;48,1
22030006877000;52;28;24;50,1
22030006878000;15;8;7;40,7
22030006879000;2;1;1;0,0
22030006961000;5;3;2;25,8
22030006962000;5;2;3;46,4
22030007003000;18;9;9;42,7
22030007004000;18;9;9;46,9
22030007030000;59;28;31;34,6
22030007031000;563;278;285;44,9
22030007032000;775;398;377;42,1
22030007033000;333;167;166;36,5
22030007034000;18;8;10;40,3
22030007046000;3;1;2;0,0
22030007049000;1;1;0;0,0
22030007056000;9;4;5;48,1
22030007064000;7;3;4;51,6
22030007065000;9;4;5;33,2
22030007066000;7;3;4;18,6
22030007071000;19;8;11;36,3
22040006547000;82;44;38;49,2
22040006548000;346;181;165;45,2
22040006549000;192;106;86;43,9
22040006550000;241;115;126;48,4
22040006551000;11;6;5;43,2
22040006552000;4;2;2;0,0
22040006554000;49;25;24;39,9
22040006555000;10;7;3;37,4
22040006557000;5;3;2;65,2
22040006560000;26;12;14;40,3
22040006561000;2;2;0;0,0
22040006569000;4;2;2;0,0
22040006570000;19;10;9;41,6
22040006575000;6;3;3;52,2
22040006576000;3;2;1;0,0
22040006577000;4;2;2;0,0
22040006578000;44;21;23;40,8
22040006579000;14;7;7;24,4
22040006617000;57;33;24;32,9
22040006618000;61;33;28;41,0
22040006619000;35;16;19;43,5
22040006620000;14;6;8;46,2
22040006624000;30;16;14;41,4
22040006625000;36;21;15;32,3
22040006626000;11;3;8;32,2
22040006627000;8;4;4;34,0
22040006628000;15;6;9;48,0
22040006641000;1;1;0;0,0
22040006649000;2;1;1;0,0
22040006654000;9;5;4;37,0
22040006657000;3;2;1;0,0
22040006658000;5;3;2;32,6
22040006664000;12;8;4;28,1
22040006665000;14;6;8;45,7
22040006666000;27;13;14;41,5
22040006667000;16;10;6;41,6
22040006668000;19;9;10;38,9
22040006669000;11;4;7;54,0
22040006680000;12;5;7;38,3
22040006682000;24;10;14;33,7
22040006691000;6;2;4;37,0
22040006692000;4;3;1;0,0
22040006693000;1;1;0;0,0
22040006697000;7;5;2;32,6
22040006699000;3;2;1;0,0
22040006701000;2;1;1;0,0
22040006702000;12;6;6;48,8
22040006703000;4;2;2;0,0
22040006704000;15;7;8;33,7
22040006705000;39;22;17;45,6
22040006734000;6;2;4;66,3
22040006750000;4;2;2;0,0
22040006751000;3;2;1;0,0
22040006752000;5;3;2;24,6
22040006753000;4;3;1;0,0
22040006754000;187;91;96;39,6
22040006755000;236;120;116;41,2
22040006777000;3;3;0;0,0
22040006827000;11;6;5;44,2
22040006828000;2;2;0;0,0
22040006833000;13;8;5;64,8
22040006834000;2;1;1;0,0
22040006835000;44;22;22;48,1
22040006853000;1;1;0;0,0
22040006854000;5;3;2;69,2
22040006855000;18;8;10;56,0
22040006856000;6;2;4;39,7
22040006857000;1;1;0;0,0
22040006862000;10;5;5;32,1
22040006863000;6;4;2;43,3
22040006867000;11;5;6;37,4
22040006868000;21;11;10;53,8
22040006869000;40;19;21;39,3
22040006875000;6;2;4;24,2
22040006876000;9;4;5;63,6
22040006877000;2;1;1;0,0
22040006952000;1;1;0;0,0
22040006961000;2;1;1;0,0
22040007003000;12;5;7;25,3
22040007004000;37;19;18;45,1
22040007030000;50;26;24;44,2
22040007031000;142;69;73;40,3
22040007033000;11;5;6;36,7
22040007034000;40;20;20;29,7
22040007035000;7;5;2;43,1
22040007045000;3;2;1;0,0
22040007046000;7;3;4;27,4
22040007056000;12;7;5;40,1
22040007065000;1;1;0;0,0
22040007066000;3;1;2;0,0
22040007067000;6;3;3;48,8
22040007069000;11;5;6;51,5
22050006547000;32;15;17;54,1
22050006548000;16;11;5;38,4
22050006549000;249;116;133;44,3
22050006550000;470;229;241;41,1
22050006551000;211;98;113;25,6
22050006554000;59;31;28;45,6
22050006556000;8;4;4;30,5
22050006558000;1;0;1;0,0
22050006570000;15;8;7;37,0
22050006575000;3;1;2;0,0
22050006576000;1;1;0;0,0
22050006577000;10;6;4;31,2
22050006584000;3;2;1;0,0
22050006605000;2;1;1;0,0
22050006606000;1;0;1;0,0
22050006612000;7;3;4;35,3
22050006613000;12;7;5;51,2
22050006614000;12;6;6;36,3
22050006615000;17;8;9;42,2
22050006616000;40;16;24;31,7
22050006617000;29;14;15;40,6
22050006618000;16;7;9;35,1
22050006619000;49;27;22;46,4
22050006620000;28;16;12;39,3
22050006625000;12;7;5;42,3
22050006626000;45;19;26;44,6
22050006627000;13;6;7;35,3
22050006628000;13;8;5;35,8
22050006629000;13;5;8;34,2
22050006630000;13;8;5;22,8
22050006650000;1;0;1;0,0
22050006651000;23;12;11;40,7
22050006652000;7;4;3;47,3
22050006659000;1;0;1;0,0
22050006660000;16;8;8;33,0
22050006664000;12;9;3;45,5
22050006665000;29;16;13;43,1
22050006667000;13;7;6;51,5
22050006677000;4;2;2;0,0
22050006678000;18;10;8;43,8
22050006679000;36;17;19;46,2
22050006680000;21;9;12;29,6
22050006682000;12;5;7;51,1
22050006685000;1;0;1;0,0
22050006692000;19;8;11;47,8
22050006702000;1;1;0;0,0
22050006703000;5;4;1;52,8
22050006704000;14;8;6;47,1
22050006733000;1;1;0;0,0
22050006734000;18;7;11;44,1
22050006749000;3;1;2;0,0
22050006750000;6;2;4;36,3
22050006751000;8;3;5;40,5
22050006752000;18;7;11;31,0
22050006753000;4;2;2;0,0
22050006754000;42;23;19;36,0
22050006755000;6;3;3;61,7
22050006775000;6;3;3;45,3
22050006777000;2;1;1;0,0
22050006778000;1;0;1;0,0
22050006779000;3;1;2;0,0
22050006780000;4;2;2;0,0
22050006781000;1;1;0;0,0
22050006782000;2;1;1;0,0
22050006827000;3;2;1;0,0
22050006833000;6;1;5;32,7
22050006835000;17;9;8;46,8
22050006836000;10;5;5;53,2
22050006837000;2;1;1;0,0
22050006838000;3;2;1;0,0
22050006853000;29;15;14;41,9
22050006854000;64;33;31;48,7
22050006855000;10;6;4;46,8
22050006862000;14;7;7;36,3
22050006863000;17;6;11;40,4
22050006867000;12;5;7;38,8
22050006868000;90;42;48;45,9
22050006869000;134;66;68;46,1
22050006871000;2;1;1;0,0
22050006872000;11;7;4;38,5
22050006873000;4;1;3;0,0
22050006874000;26;12;14;50,3
22050006875000;16;9;7;42,7
22050006876000;6;3;3;45,5
22050006952000;5;2;3;72,8
22050007003000;19;8;11;39,1
22050007004000;102;56;46;38,2
22050007005000;8;4;4;34,1
22050007026000;3;2;1;0,0
22050007031000;19;9;10;39,1
22050007032000;7;3;4;39,0
22050007035000;13;7;6;34,2
22050007036000;5;2;3;56,6
22050007037000;26;15;11;34,5
22050007038000;16;8;8;30,8
22050007045000;6;4;2;38,8
22050007046000;41;20;21;38,7
22050007047000;1;1;0;0,0
22050007055000;1;1;0;0,0
22050007057000;1;1;0;0,0
22050007069000;5;3;2;65,2
22050007070000;12;9;3;33,4
22050007071000;23;15;8;39,6
22050007073000;19;10;9;51,9
22050007074000;40;22;18;40,8
22060006548000;14;6;8;35,4
22060006549000;66;35;31;45,2
22060006550000;13;6;7;46,6
22060006551000;7;4;3;44,9
22060006552000;29;13;16;30,8
22060006553000;1;1;0;0,0
22060006555000;1;0;1;0,0
22060006559000;8;4;4;50,8
22060006563000;2;2;0;0,0
22060006565000;20;11;9;42,0
22060006566000;15;6;9;40,9
22060006569000;3;1;2;0,0
22060006570000;7;4;3;42,1
22060006571000;3;2;1;0,0
22060006575000;2;1;1;0,0
22060006576000;2;0;2;0,0
22060006577000;13;6;7;39,2
22060006603000;4;2;2;0,0
22060006604000;2;1;1;0,0
22060006607000;9;6;3;36,0
22060006608000;15;10;5;36,9
22060006609000;14;8;6;53,6
22060006610000;4;3;1;0,0
22060006611000;4;2;2;0,0
22060006612000;13;8;5;43,8
22060006613000;25;11;14;40,3
22060006614000;25;10;15;41,7
22060006615000;20;11;9;28,7
22060006616000;15;8;7;37,9
22060006617000;31;16;15;41,5
22060006618000;35;19;16;33,9
22060006619000;14;7;7;36,8
22060006626000;5;4;1;67,8
22060006627000;23;14;9;55,3
22060006628000;2;1;1;0,0
22060006629000;170;84;86;37,2
22060006630000;12;6;6;47,2
22060006650000;32;17;15;40,1
22060006651000;6;4;2;59,2
22060006659000;13;7;6;42,6
22060006660000;6;3;3;64,0
22060006661000;36;17;19;42,9
22060006662000;19;8;11;44,5
22060006663000;130;66;64;37,8
22060006664000;23;11;12;39,8
22060006665000;45;19;26;46,5
22060006679000;55;26;29;38,8
22060006687000;3;1;2;0,0
22060006688000;11;6;5;40,7
22060006689000;12;8;4;44,4
22060006692000;30;18;12;51,4
22060006693000;10;4;6;52,2
22060006694000;8;3;5;38,9
22060006695000;9;5;4;55,2
22060006734000;2;1;1;0,0
22060006750000;14;7;7;38,2
22060006751000;4;2;2;0,0
22060006752000;13;9;4;29,8
22060006759000;17;14;3;35,1
22060006760000;3;2;1;0,0
22060006761000;1;1;0;0,0
22060006762000;2;1;1;0,0
22060006763000;8;6;2;37,5
22060006774000;2;1;1;0,0
22060006775000;8;5;3;31,1
22060006778000;7;2;5;44,1
22060006779000;8;5;3;55,8
22060006780000;17;8;9;36,4
22060006781000;2;1;1;0,0
22060006824000;3;1;2;0,0
22060006835000;5;3;2;58,8
22060006836000;7;4;3;42,0
22060006837000;10;7;3;46,9
22060006838000;10;5;5;53,6
22060006852000;2;1;1;0,0
22060006853000;42;25;17;49,5
22060006854000;21;12;9;42,6
22060006855000;16;9;7;32,5
22060006863000;13;5;8;58,4
22060006866000;3;2;1;0,0
22060006868000;35;17;18;39,8
22060006869000;198;98;100;44,1
22060006870000;143;72;71;38,9
22060006872000;1;1;0;0,0
22060006873000;1;1;0;0,0
22060006903000;5;4;1;23,4
22060006951000;1;1;0;0,0
22060007003000;83;45;38;38,7
22060007004000;75;39;36;43,2
22060007005000;84;38;46;42,4
22060007006000;5;3;2;70,6
22060007032000;17;9;8;32,5
22060007033000;90;53;37;35,6
22060007036000;16;8;8;37,4
22060007037000;4;2;2;0,0
22060007038000;14;9;5;43,5
22060007056000;2;1;1;0,0
22060007057000;82;47;35;42,0
22060007065000;5;2;3;54,2
22060007071000;25;14;11;28,7
22060007072000;22;10;12;35,9
22060007073000;40;23;17;40,8
22070006547000;2;1;1;0,0
22070006548000;4;2;2;0,0
22070006549000;24;15;9;53,9
22070006550000;53;27;26;43,7
22070006551000;27;14;13;49,3
22070006552000;63;34;29;34,6
22070006553000;4;3;1;0,0
22070006559000;9;5;4;48,6
22070006563000;4;3;1;0,0
22070006565000;21;14;7;38,6
22070006566000;8;5;3;47,0
22070006573000;3;2;1;0,0
22070006576000;12;6;6;40,5
22070006584000;6;2;4;29,2
22070006585000;31;19;12;45,9
22070006586000;18;10;8;30,5
22070006607000;12;7;5;40,2
22070006608000;99;53;46;41,4
22070006609000;2;1;1;0,0
22070006610000;14;9;5;49,1
22070006611000;25;10;15;43,0
22070006612000;26;12;14;31,0
22070006613000;11;6;5;59,3
22070006614000;3;2;1;0,0
22070006615000;21;12;9;28,4
22070006616000;3;2;1;0,0
22070006617000;8;4;4;38,9
22070006627000;11;5;6;35,9
22070006628000;65;32;33;43,2
22070006629000;379;197;182;40,3
22070006630000;20;13;7;31,4
22070006649000;12;7;5;38,2
22070006650000;32;20;12;44,0
22070006651000;5;2;3;41,8
22070006658000;23;13;10;51,5
22070006659000;19;12;7;31,2
22070006660000;83;43;40;39,9
22070006661000;42;26;16;31,3
22070006662000;46;24;22;36,0
22070006663000;52;30;22;41,2
22070006664000;46;25;21;41,0
22070006665000;14;7;7;47,2
22070006671000;3;2;1;0,0
22070006676000;18;10;8;45,4
22070006677000;10;5;5;53,4
22070006678000;14;7;7;44,3
22070006679000;44;20;24;53,4
22070006681000;33;14;19;37,8
22070006686000;1;1;0;0,0
22070006687000;9;3;6;56,7
22070006688000;4;1;3;0,0
22070006689000;1;1;0;0,0
22070006732000;4;2;2;0,0
22070006734000;26;15;11;53,9
22070006749000;14;7;7;40,5
22070006750000;35;16;19;47,1
22070006751000;13;6;7;26,2
22070006752000;8;5;3;55,4
22070006756000;4;2;2;0,0
22070006757000;67;56;11;29,8
22070006760000;4;1;3;0,0
22070006761000;4;2;2;0,0
22070006762000;16;9;7;41,0
22070006763000;1;1;0;0,0
22070006765000;5;3;2;37,6
22070006766000;2;1;1;0,0
22070006772000;7;4;3;44,7
22070006775000;4;2;2;0,0
22070006776000;3;2;1;0,0
22070006777000;5;3;2;56,0
22070006778000;5;5;0;61,0
22070006779000;1;1;0;0,0
22070006835000;2;1;1;0,0
22070006836000;21;14;7;47,3
22070006837000;4;3;1;0,0
22070006838000;4;3;1;0,0
22070006851000;1;1;0;0,0
22070006852000;33;15;18;55,1
22070006853000;25;16;9;44,4
22070006854000;3;2;1;0,0
22070006861000;7;4;3;16,3
22070006863000;66;31;35;37,3
22070006868000;10;4;6;46,4
22070006869000;9;5;4;47,6
22070006956000;8;5;3;36,9
22070006960000;12;5;7;32,5
22070007002000;5;4;1;42,8
22070007003000;18;10;8;28,4
22070007004000;257;104;153;52,2
22070007005000;297;148;149;41,8
22070007006000;44;25;19;37,3
22070007007000;4;2;2;0,0
22070007008000;5;1;4;24,0
22070007032000;4;3;1;0,0
22070007033000;29;17;12;37,1
22070007034000;9;4;5;24,4
22070007039000;7;5;2;40,3
22070007040000;32;17;15;38,7
22070007053000;4;2;2;0,0
22070007054000;27;13;14;39,6
22070007057000;85;46;39;45,7
22070007058000;44;23;21;45,8
22070007065000;28;15;13;33,6
22070007068000;2;1;1;0,0
22070007072000;57;30;27;37,4
22070007073000;136;74;62;37,5
22080006548000;50;27;23;44,4
22080006549000;36;18;18;49,0
22080006550000;38;18;20;40,8
22080006551000;13;7;6;52,5
22080006552000;10;5;5;54,6
22080006553000;58;29;29;45,6
22080006557000;6;2;4;43,2
22080006559000;2;0;2;0,0
22080006562000;4;1;3;0,0
22080006563000;63;27;36;34,9
22080006564000;34;19;15;41,1
22080006565000;8;3;5;43,9
22080006566000;3;2;1;0,0
22080006567000;12;7;5;49,7
22080006568000;1;1;0;0,0
22080006569000;6;3;3;62,7
22080006570000;6;3;3;29,8
22080006571000;11;7;4;40,9
22080006583000;15;8;7;32,1
22080006584000;17;9;8;53,0
22080006585000;117;62;55;37,0
22080006586000;84;41;43;46,4
22080006587000;28;18;10;35,0
22080006596000;1;1;0;0,0
22080006607000;20;11;9;42,3
22080006608000;21;9;12;42,8
22080006609000;9;5;4;67,2
22080006610000;31;14;17;40,8
22080006628000;19;11;8;50,3
22080006629000;3;1;2;0,0
22080006630000;14;7;7;48,2
22080006631000;8;3;5;30,5
22080006635000;75;47;28;27,9
22080006648000;5;3;2;17,2
22080006649000;4;1;3;0,0
22080006650000;25;13;12;39,4
22080006651000;4;2;2;0,0
22080006658000;25;11;14;54,8
22080006659000;29;12;17;41,0
22080006661000;5;2;3;62,0
22080006662000;15;8;7;40,5
22080006663000;2;2;0;0,0
22080006671000;16;7;9;46,5
22080006673000;1;0;1;0,0
22080006676000;76;34;42;41,9
22080006678000;16;6;10;41,1
22080006679000;5;3;2;14,2
22080006680000;27;18;9;37,4
22080006681000;19;8;11;47,9
22080006682000;4;4;0;0,0
22080006685000;2;1;1;0,0
22080006686000;9;6;3;37,0
22080006732000;1;0;1;0,0
22080006733000;46;23;23;45,4
22080006734000;7;5;2;44,6
22080006746000;5;3;2;45,6
22080006748000;6;4;2;39,0
22080006749000;37;20;17;42,1
22080006750000;10;6;4;42,9
22080006751000;18;9;9;33,8
22080006752000;3;1;2;0,0
22080006753000;5;3;2;42,4
22080006757000;2;1;1;0,0
22080006758000;3;1;2;0,0
22080006760000;21;11;10;58,8
22080006761000;5;2;3;36,4
22080006762000;23;9;14;28,3
22080006765000;22;12;10;48,9
22080006766000;31;15;16;35,5
22080006768000;9;6;3;45,1
22080006769000;4;2;2;0,0
22080006770000;6;2;4;65,7
22080006771000;19;8;11;45,6
22080006772000;4;1;3;0,0
22080006773000;1;1;0;0,0
22080006774000;18;12;6;38,3
22080006775000;6;6;0;46,8
22080006780000;6;3;3;36,3
22080006783000;3;2;1;0,0
22080006821000;3;2;1;0,0
22080006837000;22;9;13;37,5
22080006838000;4;2;2;0,0
22080006851000;6;3;3;48,0
22080006852000;2;2;0;0,0
22080006861000;45;23;22;46,0
22080006862000;15;9;6;40,2
22080006863000;4;3;1;0,0
22080006867000;7;2;5;31,1
22080006869000;2;1;1;0,0
22080006954000;4;1;3;0,0
22080006955000;4;2;2;0,0
22080006956000;3;3;0;0,0
22080006958000;2;1;1;0,0
22080007003000;17;12;5;41,5
22080007004000;60;23;37;56,0
22080007005000;42;19;23;38,9
22080007006000;13;4;9;37,0
22080007007000;7;5;2;50,3
22080007008000;4;2;2;0,0
22080007009000;16;6;10;40,4
22080007032000;18;10;8;50,3
22080007033000;2;1;1;0,0
22080007040000;4;3;1;0,0
22080007042000;1;0;1;0,0
22080007051000;5;3;2;35,4
22080007053000;6;4;2;56,3
22080007054000;23;13;10;41,2
22080007058000;74;36;38;44,6
22080007059000;17;7;10;44,5
22080007060000;11;5;6;44,0
22080007061000;41;23;18;34,7
22080007062000;12;5;7;44,9
22080007063000;15;7;8;50,0
22080007065000;4;2;2;0,0
22080007068000;11;6;5;41,5
22080007069000;5;3;2;37,8
22080007070000;2;1;1;0,0
22080007071000;12;6;6;50,7
22080007072000;1;1;0;0,0
22080007073000;52;29;23;34,8
22080007074000;12;5;7;21,4
22090006547000;11;6;5;63,4
22090006548000;51;25;26;33,3
22090006549000;14;8;6;32,9
22090006550000;24;12;12;38,7
22090006551000;13;6;7;52,8
22090006552000;33;22;11;34,0
22090006553000;31;17;14;38,0
22090006554000;30;13;17;42,1
22090006557000;2;1;1;0,0
22090006558000;8;6;2;58,0
22090006559000;1;1;0;0,0
22090006561000;20;11;9;31,1
22090006562000;27;14;13;35,4
22090006563000;17;9;8;42,5
22090006571000;7;4;3;32,6
22090006572000;1;0;1;0,0
22090006573000;10;3;7;24,4
22090006582000;17;10;7;37,4
22090006583000;37;17;20;41,7
22090006584000;55;29;26;39,2
22090006585000;31;13;18;36,8
22090006586000;8;4;4;67,1
22090006587000;99;56;43;31,6
22090006588000;31;16;15;43,3
22090006589000;6;3;3;48,3
22090006596000;1;1;0;0,0
22090006597000;5;4;1;43,4
22090006598000;8;4;4;42,6
22090006599000;7;5;2;23,7
22090006600000;10;4;6;40,3
22090006607000;28;16;12;40,4
22090006608000;23;12;11;46,2
22090006609000;12;6;6;48,8
22090006627000;9;5;4;54,2
22090006628000;30;20;10;38,2
22090006631000;9;4;5;45,3
22090006632000;25;14;11;47,8
22090006633000;4;2;2;0,0
22090006635000;699;376;323;32,8
22090006636000;435;203;232;26,6
22090006638000;1;1;0;0,0
22090006639000;25;13;12;34,8
22090006640000;9;5;4;49,4
22090006647000;17;9;8;40,1
22090006648000;19;11;8;42,8
22090006649000;5;4;1;69,4
22090006650000;12;6;6;54,8
22090006656000;11;5;6;48,1
22090006657000;20;8;12;45,4
22090006658000;34;16;18;38,7
22090006659000;13;4;9;38,1
22090006676000;91;43;48;42,1
22090006677000;26;14;12;35,3
22090006678000;38;19;19;39,5
22090006679000;30;14;16;43,7
22090006680000;1;1;0;0,0
22090006695000;6;3;3;62,7
22090006697000;5;4;1;40,6
22090006732000;19;7;12;48,8
22090006733000;25;13;12;42,4
22090006734000;2;2;0;0,0
22090006735000;1;0;1;0,0
22090006745000;3;2;1;0,0
22090006746000;6;3;3;70,5
22090006747000;26;17;9;40,3
22090006748000;15;8;7;53,3
22090006749000;1;1;0;0,0
22090006750000;2;1;1;0,0
22090006751000;7;3;4;59,3
22090006752000;18;9;9;48,7
22090006760000;14;9;5;52,3
22090006761000;14;5;9;46,3
22090006762000;199;93;106;48,4
22090006763000;32;16;16;37,0
22090006764000;36;15;21;41,3
22090006765000;23;13;10;47,4
22090006766000;68;31;37;47,1
22090006767000;24;13;11;56,2
22090006768000;15;7;8;56,5
22090006769000;12;6;6;56,2
22090006770000;2;1;1;0,0
22090006771000;6;4;2;45,7
22090006772000;12;4;8;28,8
22090006773000;12;5;7;48,0
22090006774000;4;2;2;0,0
22090006781000;1;0;1;0,0
22090006820000;4;2;2;0,0
22090006821000;5;2;3;78,0
22090006838000;24;11;13;38,3
22090006839000;23;13;10;44,9
22090006840000;5;3;2;30,4
22090006860000;8;5;3;30,5
22090006861000;491;250;241;41,0
22090006862000;52;26;26;37,8
22090006867000;4;2;2;0,0
22090006868000;3;2;1;0,0
22090006873000;1;1;0;0,0
22090006874000;8;4;4;52,0
22090006950000;13;8;5;41,1
22090006951000;10;7;3;45,1
22090006952000;58;27;31;37,9
22090006953000;19;8;11;43,6
22090007002000;1;0;1;0,0
22090007003000;46;23;23;35,2
22090007008000;8;4;4;37,9
22090007009000;35;19;16;37,8
22090007032000;11;6;5;43,5
22090007033000;9;6;3;44,3
22090007053000;14;8;6;48,5
22090007054000;28;18;10;42,5
22090007058000;6;4;2;46,2
22090007059000;29;14;15;33,3
22090007060000;7;4;3;61,0
22090007062000;16;6;10;29,0
22090007063000;15;10;5;43,3
22090007064000;3;2;1;0,0
22090007068000;1;1;0;0,0
22090007069000;9;5;4;42,2
22090007070000;28;17;11;50,3
22090007071000;44;23;21;45,0
22090007072000;4;1;3;0,0
22090007107000;4;3;1;0,0
22100006548000;49;24;25;38,1
22100006549000;11;6;5;35,5
22100006550000;48;27;21;43,1
22100006551000;12;7;5;29,9
22100006552000;6;3;3;63,5
22100006553000;43;22;21;28,4
22100006554000;46;29;17;30,9
22100006557000;1;0;1;0,0
22100006558000;6;2;4;62,5
22100006567000;11;6;5;25,0
22100006579000;18;11;7;39,7
22100006580000;17;10;7;35,5
22100006582000;13;6;7;34,8
22100006583000;39;17;22;38,3
22100006584000;16;8;8;28,1
22100006586000;3;2;1;0,0
22100006587000;7;4;3;35,1
22100006588000;26;15;11;30,6
22100006589000;17;9;8;40,5
22100006590000;15;8;7;42,9
22100006596000;1;0;1;0,0
22100006597000;66;37;29;38,8
22100006598000;28;15;13;33,0
22100006599000;2;1;1;0,0
22100006600000;1;1;0;0,0
22100006606000;2;2;0;0,0
22100006607000;14;5;9;46,4
22100006608000;9;5;4;56,9
22100006627000;22;10;12;38,5
22100006628000;2;1;1;0,0
22100006629000;30;20;10;41,4
22100006630000;196;92;104;38,2
22100006631000;108;61;47;40,5
22100006632000;360;178;182;36,7
22100006633000;105;56;49;43,0
22100006634000;5;2;3;51,8
22100006635000;54;25;29;37,1
22100006636000;138;71;67;28,7
22100006637000;24;13;11;47,9
22100006638000;21;8;13;42,3
22100006639000;19;13;6;51,8
22100006640000;20;10;10;50,9
22100006641000;18;11;7;33,6
22100006646000;16;8;8;37,1
22100006647000;38;18;20;34,1
22100006648000;31;13;18;39,0
22100006654000;2;1;1;0,0
22100006655000;27;17;10;56,4
22100006656000;41;20;21;44,0
22100006657000;32;16;16;42,7
22100006658000;35;18;17;46,3
22100006659000;2;1;1;0,0
22100006675000;21;12;9;39,2
22100006676000;247;118;129;42,6
22100006677000;171;98;73;42,7
22100006678000;29;16;13;37,2
22100006686000;5;2;3;58,4
22100006694000;9;4;5;40,9
22100006695000;5;4;1;52,8
22100006697000;2;1;1;0,0
22100006725000;1;1;0;0,0
22100006726000;23;14;9;47,1
22100006727000;12;5;7;36,3
22100006728000;2;1;1;0,0
22100006731000;4;1;3;0,0
22100006732000;59;30;29;42,5
22100006743000;19;10;9;32,5
22100006744000;2;1;1;0,0
22100006747000;19;9;10;38,4
22100006750000;1;1;0;0,0
22100006751000;1;1;0;0,0
22100006752000;10;5;5;42,7
22100006759000;16;7;9;47,5
22100006760000;2;1;1;0,0
22100006761000;8;5;3;65,4
22100006762000;6;3;3;78,2
22100006764000;5;3;2;65,8
22100006774000;9;5;4;55,1
22100006776000;1;0;1;0,0
22100006819000;2;0;2;0,0
22100006820000;1;1;0;0,0
22100006840000;6;3;3;37,7
22100006849000;2;1;1;0,0
22100006850000;15;9;6;58,4
22100006851000;15;9;6;38,3
22100006852000;6;3;3;55,7
22100006860000;30;13;17;48,3
22100006861000;158;73;85;42,1
22100006862000;4;1;3;0,0
22100006866000;6;3;3;54,8
22100006867000;10;6;4;39,5
22100006874000;14;6;8;48,1
22100006906000;2;1;1;0,0
22100006949000;6;2;4;38,2
22100006950000;7;4;3;39,4
22100006951000;10;6;4;61,4
22100006952000;5;3;2;28,2
22100007002000;16;7;9;39,3
22100007003000;7;4;3;38,7
22100007006000;19;9;10;43,1
22100007008000;23;12;11;28,9
22100007009000;33;16;17;38,0
22100007023000;2;1;1;0,0
22100007035000;11;4;7;34,0
22100007053000;10;5;5;59,1
22100007054000;59;32;27;40,3
22100007059000;5;3;2;70,0
22100007060000;10;5;5;54,1
22100007061000;3;1;2;0,0
22100007069000;30;18;12;49,1
22100007070000;11;7;4;31,7
22100007071000;4;1;3;0,0
22100007073000;1;1;0;0,0
22100007107000;19;11;8;33,1
22100007108000;14;8;6;40,7
22110006549000;56;31;25;38,1
22110006550000;81;38;43;45,0
22110006551000;32;17;15;48,6
22110006552000;66;32;34;41,2
22110006553000;48;25;23;48,9
22110006554000;84;44;40;41,5
22110006555000;15;5;10;50,1
22110006556000;6;4;2;24,2
22110006557000;23;13;10;32,8
22110006558000;4;4;0;0,0
22110006567000;3;2;1;0,0
22110006568000;2;1;1;0,0
22110006569000;3;2;1;0,0
22110006572000;32;18;14;36,7
22110006573000;4;2;2;0,0
22110006577000;33;17;16;44,3
22110006578000;20;7;13;39,8
22110006579000;13;8;5;70,5
22110006580000;14;6;8;41,9
22110006581000;34;17;17;40,3
22110006582000;124;67;57;39,6
22110006583000;83;45;38;34,3
22110006584000;5;3;2;25,6
22110006589000;24;14;10;39,7
22110006590000;14;8;6;47,1
22110006591000;38;18;20;38,6
22110006592000;15;9;6;44,0
22110006596000;6;4;2;63,2
22110006597000;32;18;14;32,7
22110006606000;20;10;10;50,8
22110006607000;20;11;9;51,3
22110006608000;2;1;1;0,0
22110006625000;3;2;1;0,0
22110006626000;14;9;5;38,9
22110006628000;7;1;6;23,3
22110006629000;15;10;5;35,6
22110006630000;12;7;5;44,2
22110006631000;343;170;173;40,7
22110006632000;646;345;301;44,2
22110006633000;680;341;339;40,9
22110006634000;14;6;8;41,9
22110006635000;33;19;14;45,7
22110006636000;20;11;9;39,6
22110006637000;81;46;35;38,4
22110006638000;16;10;6;40,7
22110006639000;30;17;13;42,2
22110006640000;30;16;14;40,1
22110006641000;9;5;4;43,6
22110006642000;3;2;1;0,0
22110006643000;6;1;5;40,3
22110006644000;17;10;7;37,4
22110006645000;39;19;20;36,8
22110006646000;38;19;19;43,9
22110006647000;36;19;17;46,4
22110006648000;15;8;7;36,5
22110006653000;26;15;11;49,4
22110006654000;32;17;15;40,8
22110006655000;27;14;13;51,9
22110006656000;29;14;15;38,4
22110006657000;24;15;9;31,1
22110006658000;18;11;7;42,2
22110006673000;1;1;0;0,0
22110006675000;2;2;0;0,0
22110006676000;9;9;0;33,4
22110006690000;4;2;2;0,0
22110006692000;2;1;1;0,0
22110006725000;9;6;3;61,8
22110006726000;24;11;13;39,0
22110006727000;18;12;6;37,2
22110006728000;2;1;1;0,0
22110006730000;5;2;3;34,4
22110006731000;28;14;14;41,3
22110006732000;22;12;10;44,9
22110006740000;3;1;2;0,0
22110006741000;19;9;10;49,1
22110006742000;11;7;4;37,5
22110006743000;9;4;5;30,7
22110006744000;10;6;4;22,1
22110006745000;3;2;1;0,0
22110006746000;6;2;4;26,3
22110006747000;8;4;4;37,5
22110006751000;14;10;4;36,5
22110006752000;11;6;5;37,7
22110006761000;4;3;1;0,0
22110006762000;3;1;2;0,0
22110006764000;19;11;8;40,2
22110006772000;1;1;0;0,0
22110006775000;4;1;3;0,0
22110006777000;2;1;1;0,0
22110006818000;2;1;1;0,0
22110006838000;5;3;2;15,6
22110006839000;8;4;4;40,8
22110006849000;3;2;1;0,0
22110006850000;126;63;63;38,2
22110006851000;8;6;2;46,5
22110006852000;15;7;8;53,1
22110006853000;15;7;8;51,8
22110006854000;1;1;0;0,0
22110006855000;42;24;18;45,3
22110006856000;11;8;3;47,7
22110006857000;7;4;3;49,0
22110006858000;2;1;1;0,0
22110006859000;39;22;17;36,6
22110006860000;637;302;335;44,6
22110006861000;234;110;124;43,1
22110006862000;5;3;2;28,2
22110006865000;6;3;3;55,7
22110006866000;20;12;8;31,7
22110006867000;6;3;3;29,5
22110006949000;7;4;3;34,4
22110006951000;3;2;1;0,0
22110007001000;19;8;11;43,4
22110007002000;6;2;4;30,0
22110007006000;11;5;6;45,4
22110007007000;3;1;2;0,0
22110007008000;1;0;1;0,0
22110007009000;28;17;11;41,5
22110007034000;4;2;2;0,0
22110007035000;5;2;3;44,6
22110007042000;1;0;1;0,0
22110007049000;1;1;0;0,0
22110007054000;4;4;0;0,0
22110007060000;112;63;49;34,1
22110007061000;106;56;50;35,5
22110007062000;46;21;25;45,4
22110007069000;3;2;1;0,0
22110007070000;12;9;3;39,6
22120006548000;13;6;7;34,2
22120006549000;111;49;62;40,6
22120006550000;7;4;3;43,4
22120006551000;25;15;10;33,9
22120006553000;5;4;1;19,0
22120006554000;618;297;321;31,6
22120006555000;257;133;124;31,0
22120006556000;567;288;279;35,7
22120006557000;10;6;4;43,8
22120006558000;21;14;7;42,9
22120006566000;30;12;18;37,3
22120006569000;17;8;9;44,3
22120006571000;62;33;29;38,2
22120006572000;210;91;119;50,5
22120006573000;50;21;29;38,8
22120006574000;10;7;3;26,2
22120006575000;23;13;10;36,3
22120006576000;17;8;9;38,2
22120006578000;19;12;7;43,2
22120006579000;8;3;5;29,9
22120006580000;14;7;7;57,3
22120006582000;31;15;16;28,8
22120006583000;9;5;4;40,0
22120006584000;19;10;9;35,9
22120006585000;4;3;1;0,0
22120006589000;13;7;6;24,5
22120006590000;55;30;25;34,4
22120006591000;4;2;2;0,0
22120006592000;15;8;7;47,5
22120006593000;21;9;12;43,8
22120006594000;14;8;6;41,9
22120006595000;56;30;26;37,2
22120006596000;79;42;37;39,3
22120006597000;49;26;23;35,6
22120006605000;4;2;2;0,0
22120006606000;6;3;3;24,5
22120006607000;24;12;12;36,6
22120006608000;6;3;3;27,5
22120006627000;10;5;5;30,7
22120006631000;7;3;4;40,7
22120006632000;717;364;353;37,0
22120006633000;39;21;18;44,1
22120006634000;47;26;21;43,4
22120006635000;26;16;10;40,9
22120006636000;669;337;332;37,8
22120006637000;1012;499;513;38,8
22120006638000;211;111;100;36,1
22120006639000;39;20;19;44,2
22120006640000;14;7;7;38,4
22120006641000;46;21;25;46,4
22120006642000;14;5;9;43,9
22120006643000;43;22;21;43,0
22120006644000;119;65;54;38,0
22120006645000;92;47;45;37,4
22120006646000;41;16;25;35,2
22120006647000;6;3;3;48,7
22120006648000;6;4;2;42,5
22120006649000;8;2;6;38,9
22120006652000;1;1;0;0,0
22120006653000;38;19;19;37,9
22120006654000;11;5;6;45,0
22120006655000;7;3;4;53,6
22120006663000;2;1;1;0,0
22120006664000;11;6;5;49,0
22120006665000;3;2;1;0,0
22120006666000;1;1;0;0,0
22120006667000;26;12;14;28,1
22120006668000;10;5;5;44,0
22120006670000;7;6;1;19,9
22120006671000;6;5;1;28,2
22120006672000;44;20;24;36,4
22120006673000;1;1;0;0,0
22120006691000;1;1;0;0,0
22120006724000;43;20;23;32,2
22120006725000;13;5;8;38,2
22120006726000;7;3;4;43,9
22120006727000;28;12;16;42,0
22120006728000;34;20;14;40,8
22120006729000;32;20;12;43,3
22120006730000;76;32;44;55,2
22120006731000;25;16;9;41,4
22120006736000;14;10;4;41,4
22120006737000;5;3;2;66,4
22120006738000;8;3;5;36,4
22120006740000;11;6;5;48,4
22120006741000;6;3;3;43,5
22120006744000;2;1;1;0,0
22120006751000;29;15;14;40,9
22120006752000;7;4;3;62,4
22120006759000;10;4;6;39,3
22120006760000;14;7;7;28,8
22120006761000;5;2;3;51,8
22120006764000;4;4;0;0,0
22120006774000;1;1;0;0,0
22120006775000;6;3;3;37,0
22120006777000;15;7;8;39,6
22120006778000;2;1;1;0,0
22120006817000;5;1;4;30,8
22120006838000;9;5;4;54,9
22120006839000;6;1;5;35,5
22120006849000;41;17;24;37,5
22120006850000;5;2;3;53,4
22120006852000;3;2;1;0,0
22120006853000;48;26;22;33,2
22120006854000;15;10;5;32,7
22120006855000;212;108;104;36,8
22120006856000;71;29;42;54,1
22120006857000;21;13;8;53,9
22120006858000;16;7;9;47,9
22120006859000;116;59;57;38,8
22120006860000;401;189;212;48,6
22120006861000;192;104;88;41,5
22120006862000;126;74;52;38,3
22120006863000;68;37;31;34,9
22120006864000;13;8;5;55,2
22120006865000;12;4;8;35,9
22120006866000;9;6;3;33,9
22120006950000;21;11;10;34,2
22120006951000;12;6;6;49,1
22120006952000;6;3;3;43,2
22120007000000;3;2;1;0,0
22120007001000;28;10;18;33,1
22120007006000;6;3;3;20,7
22120007007000;11;5;6;42,3
22120007009000;18;11;7;39,2
22120007010000;1;1;0;0,0
22120007034000;6;3;3;30,5
22120007035000;4;2;2;0,0
22120007036000;7;5;2;23,1
22120007037000;2;1;1;0,0
22120007039000;1;1;0;0,0
22120007040000;7;4;3;48,7
22120007041000;7;4;3;58,7
22120007042000;2;1;1;0,0
22120007043000;2;1;1;0,0
22120007045000;4;3;1;0,0
22120007046000;2;1;1;0,0
22120007047000;1;0;1;0,0
22120007049000;2;1;1;0,0
22120007061000;40;24;16;33,0
22120007062000;17;11;6;32,4
22120007108000;2;1;1;0,0
22130006548000;15;7;8;40,8
22130006549000;39;21;18;39,6
22130006550000;288;143;145;39,7
22130006551000;23;16;7;35,0
22130006552000;710;365;345;36,0
22130006553000;64;33;31;37,0
22130006554000;119;62;57;29,1
22130006555000;22;11;11;27,2
22130006556000;1343;682;661;39,3
22130006557000;12;6;6;46,1
22130006558000;38;22;16;45,5
22130006567000;3;1;2;0,0
22130006569000;19;8;11;45,9
22130006570000;60;33;27;40,5
22130006571000;111;61;50;44,3
22130006572000;635;324;311;35,8
22130006573000;30;17;13;38,1
22130006574000;12;7;5;51,8
22130006575000;37;18;19;38,7
22130006576000;4;2;2;0,0
22130006577000;4;2;2;0,0
22130006579000;8;3;5;45,9
22130006590000;2;1;1;0,0
22130006591000;16;9;7;45,3
22130006592000;23;14;9;41,6
22130006593000;10;6;4;26,3
22130006594000;26;12;14;36,5
22130006595000;267;127;140;53,5
22130006596000;52;24;28;48,2
22130006597000;32;19;13;40,2
22130006598000;1;1;0;0,0
22130006605000;11;6;5;63,2
22130006606000;17;8;9;43,1
22130006607000;4;2;2;0,0
22130006624000;2;1;1;0,0
22130006627000;15;7;8;31,1
22130006631000;7;5;2;44,4
22130006632000;277;150;127;34,1
22130006633000;120;64;56;38,1
22130006634000;34;16;18;39,2
22130006635000;449;228;221;44,1
22130006636000;581;269;312;45,8
22130006637000;594;296;298;39,7
22130006638000;102;48;54;30,2
22130006639000;51;26;25;36,6
22130006640000;56;29;27;34,8
22130006641000;78;45;33;39,9
22130006642000;5;1;4;32,6
22130006643000;5;2;3;35,0
22130006644000;104;57;47;38,9
22130006645000;456;230;226;36,9
22130006646000;58;30;28;38,9
22130006647000;5;3;2;44,4
22130006648000;15;9;6;56,9
22130006649000;33;19;14;44,6
22130006650000;36;22;14;38,7
22130006651000;9;4;5;37,0
22130006652000;162;83;79;36,3
22130006653000;33;18;15;41,6
22130006662000;17;11;6;51,2
22130006663000;23;10;13;33,4
22130006664000;10;4;6;47,9
22130006665000;33;17;16;40,3
22130006666000;14;8;6;42,6
22130006667000;1;0;1;0,0
22130006668000;3;1;2;0,0
22130006669000;7;4;3;39,4
22130006670000;8;5;3;30,9
22130006671000;8;2;6;38,0
22130006672000;9;3;6;27,6
22130006673000;8;4;4;47,1
22130006686000;9;3;6;41,4
22130006687000;8;6;2;45,6
22130006723000;10;5;5;40,3
22130006724000;4;3;1;0,0
22130006728000;1;1;0;0,0
22130006735000;27;15;12;36,6
22130006736000;7;4;3;34,4
22130006737000;5;2;3;46,4
22130006738000;6;3;3;35,5
22130006739000;3;2;1;0,0
22130006740000;4;1;3;0,0
22130006751000;6;4;2;34,7
22130006754000;3;1;2;0,0
22130006756000;3;2;1;0,0
22130006758000;7;3;4;60,1
22130006759000;6;2;4;53,8
22130006766000;1;1;0;0,0
22130006771000;1;1;0;0,0
22130006777000;12;6;6;30,4
22130006778000;8;7;1;43,8
22130006816000;6;3;3;71,5
22130006837000;11;6;5;60,2
22130006838000;23;12;11;46,8
22130006847000;8;3;5;49,8
22130006848000;16;8;8;36,9
22130006849000;10;4;6;50,2
22130006857000;8;5;3;42,4
22130006858000;5;2;3;62,4
22130006861000;13;6;7;35,1
22130006862000;19;11;8;25,1
22130006863000;85;47;38;40,6
22130006864000;60;30;30;33,3
22130006865000;10;6;4;40,1
22130006949000;2;1;1;0,0
22130006950000;16;10;6;47,4
22130006952000;14;6;8;44,8
22130007000000;7;4;3;52,0
22130007001000;1;1;0;0,0
22130007006000;5;2;3;16,2
22130007009000;20;12;8;46,7
22130007010000;5;3;2;65,0
22130007013000;4;3;1;0,0
22130007036000;7;5;2;39,1
22130007037000;74;36;38;43,2
22130007055000;11;5;6;45,2
22140006548000;17;10;7;37,9
22140006549000;331;143;188;48,2
22140006550000;1838;909;929;47,8
22140006551000;1296;664;632;40,9
22140006552000;210;96;114;35,7
22140006553000;305;159;146;38,9
22140006554000;281;142;139;42,4
22140006555000;174;91;83;45,0
22140006556000;1786;878;908;41,9
22140006560000;5;3;2;32,4
22140006561000;1;0;1;0,0
22140006568000;9;6;3;38,3
22140006569000;3;2;1;0,0
22140006570000;5;2;3;40,0
22140006571000;72;40;32;39,7
22140006572000;50;30;20;40,2
22140006573000;49;25;24;39,9
22140006574000;14;9;5;34,1
22140006575000;17;10;7;46,9
22140006592000;14;7;7;39,6
22140006593000;49;26;23;43,3
22140006594000;37;19;18;36,5
22140006595000;322;149;173;44,0
22140006596000;26;14;12;43,3
22140006597000;11;6;5;45,2
22140006598000;11;6;5;31,9
22140006599000;8;4;4;30,1
22140006605000;27;12;15;53,2
22140006606000;25;17;8;40,5
22140006621000;9;5;4;44,0
22140006622000;14;7;7;36,7
22140006626000;2;1;1;0,0
22140006632000;41;21;20;32,9
22140006633000;21;10;11;36,2
22140006634000;12;5;7;43,4
22140006635000;138;65;73;36,5
22140006636000;1490;747;743;45,1
22140006637000;1194;573;621;40,8
22140006638000;618;314;304;40,9
22140006639000;284;150;134;40,2
22140006640000;40;18;22;47,2
22140006641000;69;39;30;38,5
22140006642000;41;17;24;42,1
22140006643000;11;6;5;45,8
22140006644000;129;66;63;42,4
22140006645000;120;65;55;38,2
22140006646000;26;12;14;46,0
22140006647000;11;5;6;37,8
22140006648000;4;3;1;0,0
22140006649000;49;25;24;30,3
22140006650000;247;129;118;40,9
22140006651000;75;38;37;38,8
22140006652000;69;41;28;35,1
22140006653000;7;3;4;38,9
22140006654000;5;3;2;52,6
22140006655000;9;6;3;43,9
22140006659000;5;3;2;59,8
22140006660000;18;8;10;48,9
22140006661000;30;15;15;39,2
22140006662000;4;2;2;0,0
22140006663000;7;5;2;31,1
22140006664000;73;39;34;41,7
22140006665000;54;30;24;37,6
22140006666000;24;11;13;41,1
22140006667000;27;17;10;41,0
22140006668000;4;2;2;0,0
22140006669000;3;2;1;0,0
22140006670000;2;1;1;0,0
22140006687000;31;20;11;57,0
22140006688000;17;11;6;36,2
22140006702000;11;6;5;44,1
22140006703000;11;4;7;40,7
22140006704000;18;10;8;39,1
22140006705000;4;3;1;0,0
22140006723000;40;18;22;37,7
22140006734000;15;11;4;35,7
22140006735000;17;8;9;61,7
22140006753000;6;4;2;48,2
22140006755000;40;18;22;35,3
22140006756000;7;4;3;48,9
22140006757000;9;6;3;40,0
22140006758000;6;4;2;21,0
22140006760000;1;1;0;0,0
22140006767000;3;1;2;0,0
22140006769000;5;2;3;49,4
22140006772000;3;2;1;0,0
22140006778000;5;3;2;70,4
22140006786000;2;1;1;0,0
22140006815000;1;1;0;0,0
22140006837000;1;1;0;0,0
22140006838000;23;10;13;40,0
22140006847000;44;23;21;45,5
22140006848000;26;14;12;51,9
22140006864000;2;1;1;0,0
22140006952000;7;4;3;48,9
22140006953000;16;8;8;36,4
22140006954000;5;2;3;33,2
22140007000000;16;12;4;41,9
22140007001000;10;6;4;48,3
22140007009000;36;19;17;40,3
22140007010000;1;0;1;0,0
22140007011000;10;5;5;46,5
22140007012000;31;17;14;47,5
22140007013000;10;4;6;32,2
22140007023000;1;0;1;0,0
22140007035000;1;1;0;0,0
22140007037000;29;16;13;45,4
22140007038000;10;5;5;22,3
22140007046000;1;1;0;0,0
22140007047000;3;2;1;0,0
22140007048000;2;2;0;0,0
22140007050000;16;7;9;43,1
22140007053000;2;1;1;0,0
22140007054000;2;1;1;0,0
22150006550000;458;205;253;57,0
22150006551000;143;67;76;61,5
22150006552000;3;1;2;0,0
22150006555000;1199;599;600;46,8
22150006556000;2915;1341;1574;46,5
22150006557000;2044;974;1070;44,8
22150006558000;508;249;259;34,9
22150006559000;2;2;0;0,0
22150006560000;9;7;2;26,1
22150006561000;38;19;19;30,7
22150006562000;3;2;1;0,0
22150006567000;29;18;11;32,5
22150006568000;11;5;6;38,9
22150006569000;37;17;20;42,6
22150006570000;29;15;14;37,3
22150006571000;30;18;12;48,1
22150006572000;5;3;2;17,8
22150006593000;5;2;3;55,6
22150006594000;36;20;16;38,7
22150006595000;21;14;7;30,6
22150006596000;16;9;7;45,6
22150006597000;24;13;11;40,6
22150006598000;3;1;2;0,0
22150006599000;17;11;6;32,9
22150006600000;9;3;6;34,6
22150006604000;18;8;10;37,1
22150006605000;54;27;27;41,4
22150006606000;29;15;14;43,3
22150006620000;34;21;13;37,8
22150006621000;2;1;1;0,0
22150006624000;7;4;3;25,1
22150006632000;51;25;26;38,1
22150006633000;14;7;7;39,3
22150006634000;46;25;21;45,9
22150006635000;560;279;281;39,8
22150006636000;396;214;182;35,7
22150006637000;91;44;47;44,3
22150006638000;9;4;5;38,7
22150006643000;7;5;2;43,6
22150006644000;69;36;33;38,9
22150006645000;25;14;11;39,6
22150006646000;78;40;38;36,8
22150006647000;66;29;37;38,5
22150006648000;77;45;32;38,7
22150006649000;116;61;55;37,2
22150006650000;369;190;179;39,8
22150006651000;429;202;227;37,8
22150006652000;78;45;33;37,6
22150006653000;5;3;2;63,8
22150006654000;22;10;12;38,9
22150006655000;43;22;21;41,4
22150006656000;5;2;3;48,8
22150006658000;10;4;6;23,9
22150006659000;27;14;13;37,7
22150006660000;24;10;14;49,9
22150006661000;40;25;15;44,6
22150006662000;46;28;18;45,3
22150006663000;60;29;31;35,6
22150006664000;2;2;0;0,0
22150006687000;2;1;1;0,0
22150006688000;4;1;3;0,0
22150006689000;26;14;12;41,1
22150006696000;2;2;0;0,0
22150006699000;3;2;1;0,0
22150006700000;38;20;18;29,1
22150006701000;2;1;1;0,0
22150006702000;2;0;2;0,0
22150006703000;10;5;5;49,1
22150006723000;21;10;11;53,1
22150006724000;4;2;2;0,0
22150006734000;8;3;5;30,3
22150006735000;12;7;5;30,8
22150006753000;11;7;4;50,8
22150006754000;17;9;8;41,6
22150006755000;51;27;24;40,3
22150006756000;5;2;3;27,0
22150006767000;3;2;1;0,0
22150006772000;1;1;0;0,0
22150006838000;29;16;13;36,7
22150006839000;3;1;2;0,0
22150006847000;9;5;4;50,8
22150006848000;21;10;11;35,2
22150006862000;62;39;23;30,2
22150006873000;3;2;1;0,0
22150006911000;2;1;1;0,0
22150006954000;20;11;9;35,6
22150006955000;3;1;2;0,0
22150006999000;8;4;4;34,5
22150007000000;2;1;1;0,0
22150007009000;17;8;9;37,9
22150007012000;4;1;3;0,0
22150007013000;20;10;10;32,2
22150007021000;5;3;2;67,6
22150007037000;3;2;1;0,0
22150007038000;27;14;13;37,6
22150007048000;14;6;8;48,7
22150007050000;1;0;1;0,0
22150007053000;3;3;0;0,0
22150007054000;1;1;0;0,0
22150007055000;6;3;3;22,7
22150007056000;9;5;4;40,3
22150007109000;2;1;1;0,0
22160006553000;2;1;1;0,0
22160006554000;676;336;340;37,1
22160006555000;736;386;350;40,0
22160006556000;2039;1012;1027;39,8
22160006557000;2330;1078;1252;44,8
22160006558000;922;466;456;43,1
22160006559000;800;408;392;36,0
22160006561000;5;3;2;53,4
22160006563000;8;5;3;30,8
22160006564000;4;3;1;0,0
22160006565000;14;8;6;40,7
22160006566000;22;11;11;33,4
22160006567000;25;12;13;39,3
22160006568000;77;38;39;37,0
22160006569000;26;13;13;37,5
22160006570000;6;4;2;26,5
22160006579000;2;1;1;0,0
22160006581000;5;4;1;24,0
22160006582000;2;1;1;0,0
22160006584000;4;3;1;0,0
22160006595000;9;6;3;38,8
22160006596000;4;1;3;0,0
22160006597000;4;2;2;0,0
22160006598000;23;13;10;33,4
22160006599000;28;14;14;46,2
22160006600000;6;3;3;47,3
22160006601000;13;7;6;44,5
22160006602000;2;1;1;0,0
22160006603000;2;1;1;0,0
22160006604000;106;51;55;39,8
22160006605000;138;71;67;38,7
22160006606000;8;4;4;17,8
22160006632000;27;14;13;44,7
22160006633000;69;37;32;47,6
22160006634000;43;25;18;48,7
22160006635000;793;429;364;37,5
22160006636000;92;52;40;40,5
22160006637000;19;10;9;32,9
22160006649000;356;178;178;45,6
22160006650000;896;413;483;46,4
22160006651000;184;83;101;41,2
22160006653000;26;13;13;41,9
22160006654000;61;32;29;39,9
22160006655000;42;21;21;42,4
22160006656000;8;6;2;46,8
22160006657000;7;5;2;47,3
22160006660000;217;112;105;33,7
22160006661000;78;39;39;45,3
22160006662000;4;2;2;0,0
22160006688000;21;12;9;37,9
22160006689000;16;7;9;44,3
22160006690000;8;5;3;38,9
22160006691000;2;1;1;0,0
22160006697000;6;3;3;48,3
22160006699000;18;9;9;37,9
22160006700000;20;12;8;42,3
22160006701000;5;4;1;38,4
22160006723000;1;1;0;0,0
22160006735000;15;7;8;50,1
22160006754000;6;3;3;67,7
22160006755000;23;12;11;48,1
22160006770000;4;2;2;0,0
22160006814000;1;1;0;0,0
22160006833000;2;1;1;0,0
22160006834000;1;1;0;0,0
22160006838000;43;24;19;47,5
22160006839000;10;5;5;37,9
22160006843000;6;3;3;40,8
22160006847000;14;9;5;41,5
22160006848000;7;3;4;40,3
22160006910000;6;4;2;47,2
22160006951000;10;6;4;53,7
22160006954000;31;17;14;40,7
22160006955000;24;13;11;38,0
22160007009000;24;15;9;37,6
22160007011000;9;5;4;57,7
22160007022000;2;1;1;0,0
22160007023000;6;2;4;40,2
22160007040000;1;0;1;0,0
22160007047000;10;6;4;31,8
22160007048000;10;6;4;39,5
22160007055000;21;14;7;30,8
22170006552000;90;51;39;46,1
22170006553000;1345;662;683;40,4
22170006554000;980;475;505;43,7
22170006555000;639;309;330;41,2
22170006556000;5;3;2;55,6
22170006557000;194;87;107;52,3
22170006558000;11;7;4;44,5
22170006559000;280;150;130;32,4
22170006560000;143;76;67;36,3
22170006561000;15;8;7;52,1
22170006562000;36;19;17;31,3
22170006563000;17;10;7;42,8
22170006564000;30;17;13;38,6
22170006565000;14;8;6;35,3
22170006566000;36;22;14;35,6
22170006567000;36;21;15;37,5
22170006568000;5;3;2;47,0
22170006573000;6;4;2;36,0
22170006574000;17;9;8;49,7
22170006575000;2;1;1;0,0
22170006576000;4;2;2;0,0
22170006578000;4;2;2;0,0
22170006597000;10;5;5;35,6
22170006598000;38;18;20;41,9
22170006599000;3;2;1;0,0
22170006600000;7;3;4;39,0
22170006601000;9;7;2;37,3
22170006602000;105;52;53;43,4
22170006603000;185;100;85;43,5
22170006604000;468;222;246;47,1
22170006605000;245;128;117;40,4
22170006606000;2;1;1;0,0
22170006620000;3;2;1;0,0
22170006621000;6;2;4;24,2
22170006622000;4;3;1;0,0
22170006630000;1;1;0;0,0
22170006632000;36;19;17;38,6
22170006633000;7;4;3;50,4
22170006634000;88;45;43;46,9
22170006635000;845;430;415;35,2
22170006636000;109;60;49;45,8
22170006649000;10;5;5;51,4
22170006650000;57;33;24;26,8
22170006651000;597;296;301;36,6
22170006652000;479;243;236;43,8
22170006653000;11;5;6;41,8
22170006654000;192;97;95;34,8
22170006655000;51;27;24;46,3
22170006657000;3;2;1;0,0
22170006658000;21;11;10;38,0
22170006659000;12;7;5;40,1
22170006660000;24;9;15;41,2
22170006661000;18;10;8;35,9
22170006662000;8;5;3;51,9
22170006666000;7;4;3;34,3
22170006688000;10;7;3;63,9
22170006689000;5;2;3;35,6
22170006690000;7;4;3;22,0
22170006700000;1;1;0;0,0
22170006723000;6;2;4;49,5
22170006724000;5;4;1;42,6
22170006735000;21;11;10;39,3
22170006754000;7;4;3;24,3
22170006764000;2;2;0;0,0
22170006773000;3;2;1;0,0
22170006813000;2;1;1;0,0
22170006838000;12;7;5;46,8
22170006847000;2;1;1;0,0
22170006848000;34;20;14;37,5
22170006849000;9;6;3;37,0
22170006850000;1;1;0;0,0
22170006910000;4;2;2;0,0
22170006951000;1;1;0;0,0
22170006952000;3;1;2;0,0
22170006954000;69;37;32;46,9
22170006955000;21;12;9;57,7
22170006956000;1;0;1;0,0
22170006999000;6;2;4;38,5
22170007009000;25;16;9;43,5
22170007011000;6;3;3;43,2
22170007012000;8;4;4;54,3
22170007013000;2;1;1;0,0
22170007014000;15;7;8;48,3
22170007023000;2;1;1;0,0
22170007056000;6;4;2;51,2
22180006552000;2;1;1;0,0
22180006553000;238;119;119;38,1
22180006554000;170;83;87;41,0
22180006555000;1018;502;516;36,5
22180006556000;376;195;181;39,9
22180006557000;7;5;2;43,9
22180006558000;17;10;7;43,2
22180006559000;19;9;10;39,9
22180006560000;329;168;161;34,9
22180006561000;57;29;28;38,7
22180006562000;5;3;2;47,0
22180006563000;3;2;1;0,0
22180006564000;18;9;9;41,4
22180006565000;38;20;18;40,3
22180006566000;4;1;3;0,0
22180006568000;6;3;3;61,3
22180006569000;26;15;11;42,6
22180006570000;15;8;7;36,9
22180006571000;7;4;3;63,9
22180006572000;15;9;6;43,7
22180006573000;27;12;15;36,2
22180006574000;17;10;7;42,4
22180006575000;53;29;24;32,3
22180006576000;31;16;15;43,1
22180006577000;3;2;1;0,0
22180006583000;4;3;1;0,0
22180006584000;10;4;6;33,6
22180006585000;13;9;4;40,5
22180006586000;17;9;8;27,9
22180006587000;28;13;15;37,1
22180006599000;11;5;6;34,7
22180006600000;19;10;9;32,1
22180006601000;25;12;13;49,0
22180006602000;10;4;6;42,0
22180006603000;33;17;16;41,3
22180006604000;46;20;26;41,0
22180006605000;17;9;8;39,4
22180006616000;10;4;6;25,2
22180006617000;13;6;7;42,8
22180006618000;1;1;0;0,0
22180006619000;9;3;6;43,8
22180006620000;28;14;14;43,4
22180006621000;1;1;0;0,0
22180006632000;113;58;55;35,5
22180006633000;796;395;401;38,3
22180006634000;199;99;100;42,4
22180006635000;584;281;303;38,7
22180006636000;153;82;71;42,8
22180006652000;350;177;173;38,9
22180006653000;529;260;269;38,5
22180006654000;356;206;150;38,6
22180006655000;88;44;44;39,4
22180006656000;7;4;3;44,6
22180006657000;15;8;7;43,5
22180006658000;124;63;61;37,4
22180006659000;22;12;10;43,9
22180006660000;34;20;14;52,4
22180006667000;5;1;4;56,2
22180006687000;12;7;5;32,1
22180006688000;87;48;39;35,4
22180006689000;47;24;23;42,2
22180006690000;1;1;0;0,0
22180006724000;6;2;4;41,8
22180006734000;41;23;18;46,8
22180006735000;16;8;8;53,2
22180006754000;1;1;0;0,0
22180006755000;3;2;1;0,0
22180006813000;7;3;4;44,3
22180006814000;5;4;1;57,4
22180006836000;2;1;1;0,0
22180006837000;84;43;41;41,5
22180006838000;33;20;13;44,9
22180006839000;9;5;4;43,7
22180006847000;21;12;9;33,2
22180006848000;581;277;304;43,4
22180006849000;32;18;14;45,9
22180006850000;18;10;8;42,6
22180006851000;6;3;3;40,8
22180006910000;11;5;6;36,5
22180006938000;6;4;2;29,8
22180006951000;8;5;3;43,6
22180006952000;4;2;2;0,0
22180006953000;10;5;5;38,7
22180006954000;38;18;20;40,7
22180006955000;6;4;2;30,2
22180006957000;4;1;3;0,0
22180006999000;17;10;7;41,6
22180007008000;12;6;6;48,7
22180007009000;6;4;2;48,3
22180007012000;12;7;5;43,3
22180007014000;14;5;9;32,1
22180007015000;6;4;2;39,8
22180007023000;5;2;3;36,2
22180007038000;5;3;2;65,4
22180007049000;2;2;0;0,0
22180007056000;6;4;2;46,7
22180007061000;5;3;2;45,8
22180007062000;11;7;4;50,5
22190006553000;8;4;4;49,0
22190006554000;63;35;28;47,7
22190006555000;145;83;62;37,4
22190006556000;98;48;50;32,4
22190006557000;12;6;6;40,9
22190006558000;13;9;4;26,5
22190006559000;26;15;11;25,8
22190006560000;570;284;286;36,3
22190006561000;57;32;25;39,8
22190006564000;16;10;6;40,3
22190006565000;20;11;9;26,9
22190006567000;7;3;4;28,9
22190006568000;18;9;9;43,4
22190006569000;16;9;7;36,6
22190006570000;9;6;3;34,9
22190006571000;11;5;6;47,1
22190006572000;33;17;16;35,0
22190006573000;62;37;25;39,4
22190006574000;71;32;39;41,7
22190006576000;3;1;2;0,0
22190006580000;10;6;4;36,0
22190006581000;11;4;7;39,9
22190006582000;62;32;30;37,0
22190006583000;36;23;13;40,6
22190006584000;13;6;7;46,5
22190006585000;14;10;4;44,6
22190006586000;9;6;3;53,1
22190006587000;5;2;3;50,0
22190006614000;3;2;1;0,0
22190006616000;24;12;12;34,9
22190006617000;94;47;47;38,5
22190006618000;10;6;4;30,5
22190006632000;36;19;17;33,3
22190006633000;1524;758;766;37,3
22190006634000;1345;614;731;46,0
22190006635000;1989;983;1006;38,0
22190006636000;1016;527;489;34,7
22190006651000;4;1;3;0,0
22190006652000;24;15;9;41,2
22190006653000;131;72;59;39,8
22190006654000;502;255;247;41,9
22190006655000;449;225;224;42,3
22190006656000;61;36;25;40,0
22190006657000;359;183;176;35,2
22190006658000;72;41;31;38,8
22190006659000;20;10;10;41,4
22190006660000;29;14;15;40,8
22190006661000;18;10;8;44,2
22190006662000;31;16;15;37,1
22190006665000;1;1;0;0,0
22190006666000;2;2;0;0,0
22190006667000;4;2;2;0,0
22190006668000;6;4;2;50,5
22190006671000;9;4;5;29,3
22190006687000;11;5;6;54,5
22190006688000;185;90;95;49,1
22190006689000;235;120;115;46,9
22190006690000;84;33;51;50,7
22190006733000;10;7;3;36,8
22190006734000;127;63;64;45,3
22190006755000;4;2;2;0,0
22190006777000;2;1;1;0,0
22190006810000;3;1;2;0,0
22190006812000;10;6;4;56,8
22190006813000;21;12;9;43,5
22190006814000;3;2;1;0,0
22190006837000;29;15;14;48,7
22190006838000;31;17;14;38,6
22190006839000;141;76;65;38,4
22190006840000;25;17;8;35,3
22190006841000;111;55;56;39,7
22190006842000;12;7;5;48,8
22190006843000;18;9;9;45,0
22190006844000;24;13;11;37,0
22190006845000;5;3;2;36,8
22190006848000;144;77;67;41,7
22190006849000;17;10;7;29,4
22190006850000;8;5;3;33,3
22190006853000;18;9;9;40,1
22190006864000;9;3;6;30,1
22190006939000;6;2;4;34,3
22190006951000;12;6;6;33,9
22190006954000;42;25;17;50,1
22190006998000;7;4;3;38,7
22190006999000;2;1;1;0,0
22190007008000;10;4;6;37,2
22190007013000;8;5;3;42,9
22190007015000;9;4;5;35,0
22190007016000;3;2;1;0,0
22190007038000;24;10;14;42,6
22190007058000;2;1;1;0,0
22190007069000;34;17;17;36,0
22190007070000;5;2;3;30,4
22190007071000;8;3;5;37,3
22200006551000;5;2;3;19,8
22200006552000;3;2;1;0,0
22200006554000;110;58;52;51,5
22200006555000;107;59;48;45,0
22200006556000;907;414;493;39,4
22200006557000;25;11;14;36,1
22200006558000;7;3;4;58,1
22200006559000;42;21;21;38,0
22200006560000;40;19;21;33,0
22200006561000;40;19;21;33,4
22200006562000;114;62;52;37,5
22200006563000;42;18;24;38,1
22200006565000;3;2;1;0,0
22200006566000;26;15;11;43,8
22200006567000;31;19;12;50,5
22200006568000;2;1;1;0,0
22200006569000;11;5;6;38,8
22200006570000;7;3;4;24,9
22200006572000;20;9;11;36,1
22200006573000;26;13;13;36,9
22200006575000;27;13;14;31,1
22200006576000;3;1;2;0,0
22200006577000;6;3;3;28,3
22200006578000;14;10;4;35,8
22200006579000;7;4;3;47,9
22200006580000;13;8;5;35,5
22200006581000;55;22;33;40,9
22200006582000;59;30;29;36,6
22200006583000;86;42;44;37,9
22200006584000;32;14;18;32,8
22200006585000;7;2;5;35,9
22200006586000;12;6;6;26,8
22200006587000;33;21;12;39,0
22200006588000;29;12;17;36,6
22200006589000;3;1;2;0,0
22200006603000;4;2;2;0,0
22200006605000;22;12;10;53,2
22200006606000;20;10;10;36,7
22200006608000;7;3;4;38,1
22200006614000;15;6;9;32,6
22200006615000;65;36;29;32,4
22200006616000;57;28;29;41,3
22200006617000;67;37;30;43,1
22200006631000;86;51;35;31,3
22200006632000;1506;748;758;34,4
22200006633000;1271;637;634;40,7
22200006634000;1056;521;535;40,1
22200006635000;1194;597;597;40,0
22200006636000;17;8;9;34,6
22200006653000;7;4;3;54,0
22200006654000;69;36;33;39,8
22200006655000;64;26;38;44,6
22200006656000;100;48;52;41,2
22200006657000;468;231;237;42,4
22200006658000;976;442;534;49,0
22200006659000;413;192;221;40,4
22200006660000;37;21;16;49,7
22200006661000;10;6;4;49,6
22200006662000;23;13;10;38,8
22200006664000;22;12;10;38,6
22200006665000;10;6;4;30,6
22200006666000;5;3;2;36,4
22200006667000;2;1;1;0,0
22200006668000;4;3;1;0,0
22200006685000;2;1;1;0,0
22200006686000;9;5;4;35,6
22200006687000;135;66;69;38,4
22200006688000;9;4;5;53,0
22200006689000;2;1;1;0,0
22200006690000;9;4;5;35,3
22200006691000;4;1;3;0,0
22200006723000;9;5;4;51,6
22200006724000;1;1;0;0,0
22200006732000;3;2;1;0,0
22200006733000;27;16;11;38,8
22200006734000;2;1;1;0,0
22200006755000;4;2;2;0,0
22200006756000;20;10;10;36,7
22200006757000;16;7;9;41,2
22200006758000;2;1;1;0,0
22200006760000;2;1;1;0,0
22200006776000;2;1;1;0,0
22200006777000;3;3;0;0,0
22200006810000;3;2;1;0,0
22200006811000;30;15;15;46,9
22200006812000;38;20;18;36,8
22200006813000;3;1;2;0,0
22200006837000;21;11;10;48,9
22200006838000;70;38;32;38,0
22200006839000;21;8;13;47,2
22200006840000;209;96;113;44,1
22200006841000;601;278;323;50,5
22200006842000;24;13;11;37,9
22200006843000;16;8;8;32,6
22200006844000;26;14;12;53,0
22200006845000;23;13;10;49,0
22200006846000;18;9;9;32,9
22200006847000;9;3;6;25,9
22200006848000;49;28;21;40,0
22200006852000;4;1;3;0,0
22200006919000;4;2;2;0,0
22200006937000;7;4;3;30,1
22200006939000;27;14;13;47,2
22200006940000;31;13;18;36,5
22200006941000;2;1;1;0,0
22200006950000;1;0;1;0,0
22200006951000;10;6;4;36,1
22200006952000;15;10;5;41,1
22200006953000;5;2;3;62,0
22200006954000;32;14;18;32,6
22200006955000;38;22;16;39,8
22200006956000;5;3;2;39,0
22200007008000;9;4;5;42,9
22200007013000;6;4;2;34,0
22200007016000;11;4;7;48,6
22200007023000;4;1;3;0,0
22200007036000;14;8;6;44,1
22200007038000;2;1;1;0,0
22200007039000;2;1;1;0,0
22200007047000;3;2;1;0,0
22210006552000;30;13;17;46,4
22210006553000;32;12;20;41,2
22210006554000;2;1;1;0,0
22210006555000;95;48;47;37,3
22210006556000;334;176;158;38,4
22210006557000;136;69;67;40,9
22210006558000;37;21;16;36,9
22210006559000;20;11;9;41,4
22210006560000;28;16;12;41,0
22210006561000;32;16;16;39,3
22210006562000;17;8;9;42,0
22210006563000;132;78;54;42,6
22210006564000;18;9;9;40,4
22210006565000;7;4;3;34,9
22210006567000;6;3;3;68,5
22210006568000;20;9;11;40,4
22210006569000;32;20;12;39,1
22210006572000;6;3;3;36,0
22210006573000;48;26;22;35,0
22210006574000;3;1;2;0,0
22210006575000;29;16;13;37,8
22210006576000;6;4;2;54,5
22210006577000;1;1;0;0,0
22210006583000;92;45;47;35,8
22210006584000;11;6;5;53,4
22210006586000;5;3;2;31,8
22210006587000;11;4;7;30,5
22210006588000;34;20;14;29,5
22210006589000;25;14;11;34,4
22210006590000;21;10;11;41,4
22210006599000;7;4;3;26,7
22210006600000;10;6;4;33,2
22210006601000;4;3;1;0,0
22210006602000;18;7;11;35,7
22210006603000;2;1;1;0,0
22210006604000;15;8;7;40,2
22210006605000;34;18;16;36,9
22210006606000;77;43;34;38,7
22210006607000;4;3;1;0,0
22210006608000;28;14;14;39,5
22210006609000;368;174;194;40,8
22210006610000;64;30;34;48,1
22210006611000;61;31;30;37,2
22210006612000;24;12;12;41,8
22210006613000;59;30;29;38,6
22210006614000;30;16;14;48,3
22210006615000;35;18;17;36,5
22210006616000;1;1;0;0,0
22210006617000;4;2;2;0,0
22210006630000;8;4;4;45,6
22210006631000;35;16;19;48,9
22210006632000;67;36;31;36,4
22210006633000;121;66;55;37,6
22210006634000;1470;729;741;37,7
22210006635000;1704;826;878;33,9
22210006656000;21;9;12;33,4
22210006657000;145;69;76;44,9
22210006658000;145;69;76;39,8
22210006659000;551;269;282;39,7
22210006660000;78;42;36;33,9
22210006661000;18;10;8;41,8
22210006662000;52;24;28;45,8
22210006663000;45;18;27;39,5
22210006664000;52;24;28;38,0
22210006665000;51;23;28;38,7
22210006666000;17;9;8;33,6
22210006667000;19;10;9;45,1
22210006684000;9;4;5;33,9
22210006685000;33;17;16;41,6
22210006686000;14;8;6;39,9
22210006687000;43;22;21;43,5
22210006688000;19;6;13;42,5
22210006689000;10;5;5;46,0
22210006690000;4;1;3;0,0
22210006722000;1;0;1;0,0
22210006731000;29;18;11;55,3
22210006732000;14;7;7;55,3
22210006733000;11;4;7;36,1
22210006734000;2;2;0;0,0
22210006755000;9;3;6;36,7
22210006756000;31;14;17;46,4
22210006757000;8;3;5;49,9
22210006760000;4;1;3;0,0
22210006770000;1;1;0;0,0
22210006775000;1;0;1;0,0
22210006777000;17;7;10;38,3
22210006810000;9;7;2;62,4
22210006811000;14;9;5;45,1
22210006812000;9;7;2;38,6
22210006827000;3;1;2;0,0
22210006828000;2;1;1;0,0
22210006831000;2;0;2;0,0
22210006832000;2;2;0;0,0
22210006837000;4;3;1;0,0
22210006838000;76;35;41;40,2
22210006839000;39;17;22;53,9
22210006840000;715;344;371;44,4
22210006841000;207;102;105;42,3
22210006842000;15;9;6;37,0
22210006844000;4;3;1;0,0
22210006845000;11;5;6;45,1
22210006846000;25;12;13;46,7
22210006847000;29;17;12;42,8
22210006848000;36;19;17;41,8
22210006854000;1;1;0;0,0
22210006856000;3;2;1;0,0
22210006857000;5;4;1;53,0
22210006907000;4;1;3;0,0
22210006934000;2;1;1;0,0
22210006940000;15;10;5;41,3
22210006941000;12;6;6;41,1
22210006942000;8;5;3;44,6
22210006944000;11;5;6;27,8
22210006945000;3;2;1;0,0
22210006952000;17;7;10;26,9
22210006954000;66;32;34;35,9
22210006955000;46;24;22;44,0
22210006956000;15;8;7;41,3
22210006957000;6;3;3;13,7
22210006967000;4;2;2;0,0
22210007008000;1;1;0;0,0
22210007009000;2;1;1;0,0
22210007017000;6;2;4;38,7
22210007018000;3;3;0;0,0
22210007023000;1;1;0;0,0
22210007035000;10;5;5;42,4
22210007036000;19;14;5;35,3
22210007049000;12;6;6;39,9
22210007052000;2;1;1;0,0
22210007053000;5;4;1;41,2
22210007059000;6;3;3;49,8
22210007070000;8;5;3;49,3
22210007071000;3;1;2;0,0
22220006553000;17;6;11;49,2
22220006555000;2;2;0;0,0
22220006556000;40;23;17;36,7
22220006557000;279;148;131;37,4
22220006558000;18;13;5;52,2
22220006559000;46;24;22;28,8
22220006560000;1;1;0;0,0
22220006561000;17;9;8;38,4
22220006562000;14;11;3;49,2
22220006563000;16;8;8;32,3
22220006564000;82;50;32;35,4
22220006565000;38;17;21;40,5
22220006566000;5;4;1;34,4
22220006567000;6;4;2;69,3
22220006571000;6;4;2;63,2
22220006572000;28;14;14;41,5
22220006573000;508;256;252;37,3
22220006574000;404;200;204;35,2
22220006575000;111;59;52;37,6
22220006576000;17;9;8;30,8
22220006579000;6;4;2;41,2
22220006581000;3;1;2;0,0
22220006582000;34;16;18;27,3
22220006583000;33;17;16;42,9
22220006584000;4;2;2;0,0
22220006586000;7;5;2;40,7
22220006589000;5;3;2;49,2
22220006590000;318;179;139;38,1
22220006591000;26;15;11;35,2
22220006592000;16;9;7;39,4
22220006593000;43;19;24;40,3
22220006594000;11;4;7;50,5
22220006595000;6;3;3;31,8
22220006596000;4;3;1;0,0
22220006597000;10;4;6;43,6
22220006598000;8;5;3;47,5
22220006599000;26;15;11;38,7
22220006600000;6;5;1;30,2
22220006601000;12;8;4;35,5
22220006602000;61;29;32;35,5
22220006603000;33;16;17;33,8
22220006604000;44;23;21;39,0
22220006605000;8;3;5;70,9
22220006606000;20;11;9;39,4
22220006607000;25;12;13;34,8
22220006608000;30;13;17;46,4
22220006609000;387;179;208;46,0
22220006610000;243;121;122;37,8
22220006611000;37;17;20;32,8
22220006612000;8;5;3;60,0
22220006613000;9;5;4;43,8
22220006614000;24;10;14;37,1
22220006615000;7;4;3;43,7
22220006616000;1;0;1;0,0
22220006630000;12;8;4;32,0
22220006631000;7;4;3;37,3
22220006633000;4;4;0;0,0
22220006634000;531;273;258;39,5
22220006635000;1607;789;818;40,4
22220006657000;6;3;3;31,3
22220006658000;18;9;9;43,5
22220006659000;18;8;10;51,6
22220006660000;23;10;13;52,0
22220006661000;6;2;4;48,8
22220006662000;41;24;17;36,4
22220006663000;59;30;29;43,2
22220006664000;28;15;13;39,1
22220006665000;25;12;13;44,3
22220006666000;21;12;9;37,9
22220006667000;34;17;17;45,1
22220006668000;10;4;6;19,8
22220006669000;4;2;2;0,0
22220006684000;19;10;9;29,5
22220006685000;18;8;10;29,5
22220006687000;5;3;2;27,8
22220006723000;7;1;6;42,7
22220006724000;9;6;3;49,2
22220006730000;4;2;2;0,0
22220006755000;11;8;3;43,9
22220006756000;31;18;13;35,9
22220006757000;6;5;1;42,2
22220006774000;6;4;2;47,8
22220006775000;9;5;4;48,2
22220006776000;10;6;4;56,0
22220006777000;7;3;4;47,7
22220006808000;5;4;1;61,6
22220006809000;7;3;4;46,7
22220006812000;5;2;3;44,0
22220006829000;11;6;5;47,9
22220006830000;7;6;1;45,0
22220006831000;17;10;7;43,9
22220006836000;17;9;8;42,9
22220006837000;50;29;21;42,1
22220006838000;29;17;12;45,8
22220006839000;187;89;98;42,8
22220006840000;465;241;224;36,1
22220006841000;15;9;6;45,9
22220006846000;1;1;0;0,0
22220006908000;2;1;1;0,0
22220006933000;8;4;4;41,5
22220006942000;11;7;4;26,7
22220006943000;19;10;9;45,7
22220006944000;28;11;17;44,2
22220006945000;19;10;9;39,9
22220006946000;9;5;4;30,1
22220006947000;6;2;4;27,3
22220006948000;2;1;1;0,0
22220006952000;22;10;12;34,9
22220006953000;14;8;6;38,6
22220006954000;192;90;102;34,3
22220006955000;16;8;8;35,6
22220006971000;5;2;3;64,6
22220007008000;4;2;2;0,0
22220007016000;2;1;1;0,0
22220007017000;4;2;2;0,0
22220007018000;3;1;2;0,0
22220007048000;4;2;2;0,0
22220007049000;16;9;7;37,2
22220007053000;13;9;4;47,3
22220007056000;1;0;1;0,0
22220007063000;3;2;1;0,0
22220007064000;2;1;1;0,0
22220007070000;4;2;2;0,0
22220007071000;21;12;9;58,7
22230006552000;41;21;20;48,1
22230006553000;118;57;61;47,2
22230006554000;45;24;21;49,8
22230006555000;49;29;20;44,4
22230006556000;66;29;37;45,4
22230006557000;10;7;3;49,1
22230006558000;25;15;10;42,2
22230006559000;18;9;9;44,8
22230006560000;30;19;11;41,6
22230006561000;66;33;33;45,7
22230006562000;60;33;27;44,4
22230006563000;14;6;8;30,6
22230006564000;300;155;145;37,7
22230006565000;362;188;174;38,0
22230006566000;36;20;16;41,4
22230006567000;36;16;20;38,1
22230006568000;29;16;13;48,2
22230006570000;14;6;8;40,1
22230006571000;7;4;3;57,0
22230006572000;31;14;17;37,5
22230006573000;19;10;9;43,2
22230006574000;42;22;20;31,7
22230006575000;14;9;5;30,6
22230006576000;26;14;12;35,9
22230006579000;13;6;7;36,5
22230006580000;47;24;23;42,9
22230006581000;4;3;1;0,0
22230006582000;9;4;5;45,9
22230006583000;64;33;31;44,0
22230006584000;14;7;7;32,4
22230006585000;2;1;1;0,0
22230006587000;6;2;4;40,7
22230006589000;26;10;16;31,1
22230006590000;132;65;67;38,5
22230006591000;72;38;34;42,9
22230006592000;19;12;7;39,6
22230006593000;12;7;5;50,5
22230006594000;33;19;14;37,8
22230006595000;17;9;8;44,7
22230006596000;22;10;12;45,2
22230006597000;122;66;56;35,6
22230006598000;6;4;2;43,2
22230006599000;12;7;5;65,5
22230006601000;9;2;7;35,7
22230006606000;11;6;5;25,5
22230006607000;52;30;22;43,5
22230006608000;41;21;20;44,0
22230006609000;25;14;11;32,1
22230006610000;19;12;7;30,7
22230006611000;11;4;7;42,1
22230006612000;38;22;16;33,0
22230006613000;10;4;6;51,8
22230006614000;6;4;2;39,2
22230006615000;2;2;0;0,0
22230006630000;26;16;10;27,8
22230006631000;37;20;17;40,8
22230006633000;49;25;24;40,2
22230006634000;117;59;58;36,8
22230006635000;1686;816;870;39,7
22230006636000;209;97;112;30,0
22230006660000;45;22;23;37,8
22230006661000;15;9;6;42,1
22230006663000;6;5;1;56,8
22230006664000;18;10;8;44,9
22230006665000;35;20;15;38,2
22230006666000;43;25;18;36,9
22230006667000;30;17;13;46,8
22230006668000;17;7;10;56,1
22230006669000;20;11;9;33,0
22230006684000;11;6;5;39,7
22230006685000;10;8;2;35,3
22230006723000;3;1;2;0,0
22230006724000;13;7;6;28,0
22230006729000;1;0;1;0,0
22230006730000;8;5;3;64,5
22230006754000;20;12;8;32,7
22230006755000;10;6;4;33,3
22230006756000;44;24;20;31,5
22230006757000;1;1;0;0,0
22230006776000;19;9;10;40,4
22230006788000;9;6;3;39,3
22230006809000;7;4;3;49,0
22230006829000;8;4;4;46,6
22230006831000;1;1;0;0,0
22230006835000;2;1;1;0,0
22230006836000;10;6;4;41,2
22230006837000;70;44;26;46,5
22230006838000;1;0;1;0,0
22230006839000;151;76;75;42,6
22230006840000;48;28;20;36,4
22230006841000;10;3;7;30,7
22230006842000;7;3;4;23,1
22230006907000;7;4;3;29,4
22230006908000;2;1;1;0,0
22230006943000;8;6;2;29,6
22230006944000;30;13;17;37,7
22230006945000;89;47;42;35,8
22230006946000;3;1;2;0,0
22230006947000;26;13;13;39,8
22230006948000;44;20;24;39,8
22230006949000;11;6;5;32,3
22230006951000;11;6;5;45,4
22230006952000;9;4;5;39,4
22230006953000;81;41;40;42,4
22230006954000;10;6;4;31,5
22230006971000;25;14;11;46,5
22230006972000;9;6;3;34,9
22230007008000;2;1;1;0,0
22230007049000;3;1;2;0,0
22230007057000;2;1;1;0,0
22230007070000;1;0;1;0,0
22230007071000;18;11;7;50,3
22230007072000;19;9;10;40,3
22230007073000;7;2;5;42,9
22240006553000;4;3;1;0,0
22240006554000;6;3;3;42,3
22240006555000;11;6;5;31,1
22240006556000;26;13;13;50,0
22240006557000;117;61;56;39,9
22240006558000;456;231;225;33,5
22240006559000;3;1;2;0,0
22240006560000;2;1;1;0,0
22240006561000;30;19;11;40,4
22240006562000;37;22;15;42,3
22240006563000;397;211;186;38,4
22240006564000;2316;1096;1220;37,6
22240006565000;1270;612;658;39,3
22240006566000;1075;542;533;38,2
22240006567000;42;19;23;34,6
22240006568000;66;32;34;41,1
22240006569000;15;10;5;29,8
22240006570000;6;2;4;58,8
22240006571000;4;3;1;0,0
22240006572000;17;10;7;39,6
22240006575000;2;1;1;0,0
22240006576000;9;4;5;47,8
22240006577000;25;15;10;34,8
22240006578000;11;9;2;38,6
22240006579000;29;18;11;44,9
22240006580000;17;11;6;38,8
22240006581000;7;4;3;41,9
22240006582000;26;15;11;32,7
22240006583000;89;43;46;33,5
22240006584000;32;19;13;32,4
22240006585000;303;158;145;33,3
22240006586000;14;8;6;38,0
22240006587000;8;2;6;18,0
22240006588000;45;29;16;43,0
22240006589000;49;23;26;31,7
22240006590000;11;6;5;36,1
22240006591000;10;5;5;47,6
22240006592000;7;5;2;30,1
22240006595000;17;7;10;33,5
22240006596000;14;6;8;42,6
22240006597000;7;4;3;34,9
22240006598000;14;8;6;46,9
22240006600000;4;3;1;0,0
22240006601000;3;1;2;0,0
22240006602000;1;1;0;0,0
22240006603000;8;4;4;30,0
22240006604000;2;1;1;0,0
22240006606000;96;49;47;44,7
22240006607000;434;220;214;39,7
22240006609000;11;6;5;49,5
22240006610000;15;9;6;39,5
22240006611000;15;8;7;35,1
22240006612000;4;1;3;0,0
22240006613000;7;4;3;18,9
22240006630000;2;1;1;0,0
22240006631000;101;56;45;41,8
22240006633000;147;84;63;41,4
22240006634000;97;62;35;36,8
22240006635000;767;395;372;36,4
22240006661000;46;28;18;41,6
22240006662000;25;12;13;38,7
22240006665000;9;4;5;36,4
22240006666000;188;90;98;38,0
22240006667000;205;96;109;47,8
22240006668000;11;5;6;33,4
22240006669000;19;10;9;35,2
22240006673000;1;1;0;0,0
22240006684000;11;5;6;43,0
22240006685000;36;20;16;31,3
22240006722000;2;1;1;0,0
22240006723000;2;2;0;0,0
22240006724000;15;8;7;43,2
22240006725000;1;1;0;0,0
22240006726000;6;2;4;48,5
22240006728000;2;1;1;0,0
22240006729000;5;3;2;62,4
22240006730000;2;1;1;0,0
22240006752000;3;2;1;0,0
22240006753000;4;3;1;0,0
22240006754000;24;14;10;29,5
22240006755000;16;11;5;43,0
22240006756000;14;7;7;25,8
22240006757000;5;2;3;38,4
22240006758000;2;2;0;0,0
22240006775000;21;11;10;63,2
22240006776000;1;1;0;0,0
22240006788000;1;1;0;0,0
22240006809000;18;8;10;61,7
22240006810000;8;3;5;34,9
22240006835000;19;11;8;35,1
22240006836000;39;25;14;45,1
22240006837000;100;51;49;38,4
22240006839000;25;13;12;38,2
22240006840000;39;17;22;44,8
22240006841000;33;22;11;28,9
22240006842000;1;1;0;0,0
22240006907000;3;1;2;0,0
22240006944000;15;9;6;26,8
22240006945000;20;8;12;32,0
22240006946000;7;3;4;57,7
22240006947000;11;4;7;39,3
22240006948000;21;11;10;44,2
22240006949000;18;10;8;29,7
22240006950000;17;8;9;45,4
22240006951000;7;4;3;28,3
22240006952000;1;0;1;0,0
22240006953000;34;16;18;38,6
22240006971000;12;7;5;43,3
22240006972000;25;16;9;44,7
22240007008000;4;2;2;0,0
22240007014000;4;2;2;0,0
22240007015000;10;5;5;50,0
22240007016000;4;2;2;0,0
22240007024000;2;1;1;0,0
22240007041000;7;5;2;31,6
22240007070000;4;3;1;0,0
22240007071000;10;5;5;46,2
22240007072000;23;12;11;34,8
22240007073000;6;4;2;34,7
22250006554000;51;30;21;46,9
22250006555000;44;28;16;40,1
22250006556000;85;50;35;43,4
22250006557000;34;15;19;40,7
22250006558000;170;84;86;38,1
22250006559000;730;351;379;40,5
22250006560000;603;294;309;38,3
22250006561000;222;116;106;38,7
22250006562000;503;237;266;38,9
22250006563000;772;390;382;36,9
22250006564000;1357;648;709;42,1
22250006565000;2319;1112;1207;41,7
22250006566000;1066;533;533;36,5
22250006567000;124;73;51;35,4
22250006568000;127;68;59;37,2
22250006569000;7;5;2;41,7
22250006571000;1;1;0;0,0
22250006572000;19;10;9;35,3
22250006573000;6;3;3;47,2
22250006574000;20;12;8;38,1
22250006575000;52;27;25;36,9
22250006576000;2;1;1;0,0
22250006577000;38;17;21;43,7
22250006578000;27;17;10;40,1
22250006580000;3;2;1;0,0
22250006581000;11;7;4;43,1
22250006582000;14;7;7;32,8
22250006583000;497;234;263;44,2
22250006584000;581;277;304;46,0
22250006585000;43;24;19;36,3
22250006586000;27;13;14;40,8
22250006587000;9;4;5;30,4
22250006589000;22;11;11;40,0
22250006590000;3;2;1;0,0
22250006591000;33;19;14;39,8
22250006592000;43;24;19;40,7
22250006601000;5;3;2;59,0
22250006602000;5;2;3;41,2
22250006603000;2;1;1;0,0
22250006604000;10;6;4;46,8
22250006606000;22;14;8;42,0
22250006607000;18;11;7;42,9
22250006612000;20;12;8;43,8
22250006616000;3;2;1;0,0
22250006617000;2;2;0;0,0
22250006626000;21;12;9;42,9
22250006627000;4;2;2;0,0
22250006629000;19;12;7;33,6
22250006630000;45;23;22;40,6
22250006631000;119;63;56;39,9
22250006633000;237;119;118;39,8
22250006634000;1306;631;675;42,0
22250006635000;575;281;294;39,2
22250006662000;25;13;12;46,8
22250006666000;15;6;9;39,7
22250006667000;43;24;19;37,3
22250006668000;32;16;16;39,3
22250006670000;6;4;2;27,2
22250006672000;19;7;12;48,5
22250006673000;30;15;15;46,2
22250006674000;7;4;3;35,7
22250006684000;12;5;7;43,2
22250006685000;81;39;42;38,1
22250006686000;9;6;3;60,4
22250006687000;1;1;0;0,0
22250006715000;7;4;3;39,4
22250006723000;8;7;1;31,5
22250006724000;151;68;83;53,1
22250006725000;60;30;30;53,8
22250006726000;29;17;12;47,4
22250006727000;5;4;1;55,6
22250006728000;14;7;7;34,0
22250006729000;6;4;2;70,3
22250006752000;1;1;0;0,0
22250006754000;31;16;15;40,2
22250006755000;17;11;6;37,4
22250006756000;8;3;5;52,3
22250006771000;2;1;1;0,0
22250006772000;4;3;1;0,0
22250006774000;11;7;4;47,3
22250006775000;22;12;10;26,0
22250006808000;7;4;3;49,3
22250006809000;21;12;9;48,5
22250006810000;4;2;2;0,0
22250006836000;60;30;30;41,4
22250006837000;28;14;14;38,6
22250006838000;13;7;6;44,8
22250006839000;11;7;4;39,4
22250006840000;3;1;2;0,0
22250006841000;3;1;2;0,0
22250006905000;2;1;1;0,0
22250006906000;5;3;2;27,0
22250006947000;12;6;6;37,9
22250006948000;15;9;6;43,5
22250006949000;32;20;12;40,2
22250006950000;18;9;9;48,2
22250006951000;50;29;21;41,8
22250006952000;79;36;43;43,4
22250006953000;57;32;25;40,8
22250006972000;1;1;0;0,0
22250006973000;22;12;10;46,6
22250007007000;2;1;1;0,0
22250007008000;7;3;4;49,1
22250007015000;9;5;4;46,3
22250007017000;12;6;6;39,7
22250007041000;135;71;64;49,0
22250007042000;16;8;8;38,3
22250007048000;6;4;2;42,3
22250007049000;1;0;1;0,0
22250007051000;4;3;1;0,0
22250007055000;1;1;0;0,0
22250007059000;9;4;5;52,3
22250007070000;4;2;2;0,0
22250007086000;1;1;0;0,0
22250007087000;7;4;3;37,3
22250007089000;4;3;1;0,0
22260006554000;128;69;59;40,6
22260006555000;29;17;12;47,1
22260006556000;3;3;0;0,0
22260006557000;3;1;2;0,0
22260006558000;13;6;7;43,8
22260006559000;84;45;39;45,4
22260006560000;896;449;447;38,8
22260006561000;933;479;454;39,2
22260006562000;1097;505;592;51,9
22260006563000;809;392;417;39,3
22260006564000;3883;1798;2085;49,6
22260006565000;1469;719;750;41,7
22260006566000;2202;1078;1124;37,7
22260006567000;567;289;278;36,0
22260006568000;526;261;265;35,6
22260006569000;359;188;171;32,2
22260006570000;98;54;44;34,3
22260006571000;10;5;5;25,2
22260006572000;5;3;2;27,8
22260006574000;25;14;11;39,1
22260006575000;38;17;21;35,6
22260006576000;3;1;2;0,0
22260006577000;1;1;0;0,0
22260006578000;17;7;10;34,1
22260006579000;16;8;8;35,6
22260006580000;15;8;7;34,2
22260006581000;20;14;6;51,6
22260006582000;29;16;13;32,6
22260006583000;486;252;234;34,7
22260006584000;80;43;37;37,7
22260006585000;16;8;8;36,4
22260006589000;7;3;4;28,1
22260006590000;31;17;14;32,7
22260006591000;17;12;5;34,4
22260006592000;54;25;29;31,0
22260006598000;6;3;3;49,7
22260006599000;15;8;7;40,1
22260006600000;1;1;0;0,0
22260006601000;2;1;1;0,0
22260006602000;10;4;6;63,7
22260006603000;13;6;7;47,2
22260006604000;19;13;6;36,2
22260006605000;17;8;9;40,2
22260006606000;67;37;30;43,4
22260006607000;7;5;2;39,0
22260006608000;14;6;8;24,8
22260006609000;18;10;8;47,1
22260006610000;26;14;12;38,2
22260006611000;7;3;4;39,4
22260006612000;16;10;6;35,9
22260006616000;23;12;11;46,9
22260006617000;17;10;7;44,6
22260006626000;34;19;15;43,0
22260006627000;46;25;21;37,2
22260006629000;411;198;213;35,7
22260006630000;1402;692;710;36,4
22260006631000;1415;688;727;33,9
22260006632000;60;31;29;31,7
22260006633000;1522;708;814;48,1
22260006634000;3147;1462;1685;43,2
22260006635000;239;117;122;55,2
22260006641000;9;2;7;31,7
22260006662000;10;6;4;52,5
22260006663000;8;5;3;42,4
22260006667000;1;0;1;0,0
22260006668000;11;7;4;44,2
22260006669000;31;15;16;40,1
22260006670000;122;62;60;38,4
22260006671000;172;82;90;37,2
22260006672000;108;57;51;35,5
22260006673000;57;27;30;37,4
22260006674000;3;2;1;0,0
22260006684000;25;11;14;32,2
22260006685000;43;23;20;43,7
22260006711000;2;2;0;0,0
22260006712000;11;7;4;48,7
22260006713000;9;4;5;42,4
22260006714000;6;4;2;52,2
22260006723000;8;4;4;44,6
22260006724000;8;2;6;44,0
22260006725000;11;7;4;36,4
22260006726000;8;5;3;40,8
22260006727000;4;1;3;0,0
22260006754000;44;19;25;44,4
22260006755000;36;19;17;35,9
22260006756000;1;1;0;0,0
22260006757000;1;0;1;0,0
22260006758000;2;1;1;0,0
22260006767000;10;4;6;51,5
22260006772000;10;4;6;37,4
22260006773000;16;6;10;57,4
22260006774000;11;5;6;45,0
22260006775000;3;2;1;0,0
22260006783000;2;1;1;0,0
22260006807000;3;2;1;0,0
22260006808000;32;21;11;53,3
22260006824000;1;0;1;0,0
22260006835000;6;4;2;49,3
22260006836000;57;28;29;40,9
22260006837000;47;24;23;41,3
22260006838000;11;4;7;34,2
22260006906000;4;2;2;0,0
22260006949000;31;20;11;36,1
22260006950000;612;314;298;34,6
22260006951000;1023;506;517;43,6
22260006952000;262;124;138;38,6
22260006953000;4;3;1;0,0
22260006973000;20;10;10;35,0
22260007007000;6;3;3;42,3
22260007008000;20;10;10;44,8
22260007015000;9;5;4;55,4
22260007016000;2;1;1;0,0
22260007019000;3;2;1;0,0
22260007020000;10;5;5;46,4
22260007021000;3;2;1;0,0
22260007023000;3;2;1;0,0
22260007041000;22;14;8;45,8
22260007042000;1;0;1;0,0
22260007043000;2;1;1;0,0
22260007049000;2;1;1;0,0
22260007051000;1;0;1;0,0
22260007060000;5;3;2;40,2
22260007087000;2;1;1;0,0
22270006560000;210;104;106;44,2
22270006561000;478;231;247;40,1
22270006562000;1540;741;799;40,4
22270006563000;1420;701;719;44,6
22270006564000;1806;922;884;42,5
22270006565000;1190;586;604;39,3
22270006566000;815;411;404;41,0
22270006567000;16;7;9;43,0
22270006568000;18;9;9;31,1
22270006569000;27;13;14;40,6
22270006570000;102;57;45;35,5
22270006571000;249;132;117;34,3
22270006572000;65;32;33;38,6
22270006573000;11;7;4;52,1
22270006575000;36;20;16;44,9
22270006576000;28;11;17;41,5
22270006577000;48;23;25;44,8
22270006578000;27;15;12;42,4
22270006579000;88;49;39;32,8
22270006580000;13;8;5;34,5
22270006581000;74;40;34;33,7
22270006582000;55;27;28;36,7
22270006583000;153;73;80;32,0
22270006584000;2;1;1;0,0
22270006588000;4;3;1;0,0
22270006589000;5;3;2;33,2
22270006590000;4;2;2;0,0
22270006591000;8;3;5;57,3
22270006592000;20;8;12;41,4
22270006593000;62;34;28;38,7
22270006594000;12;7;5;34,3
22270006595000;8;4;4;33,5
22270006596000;2;1;1;0,0
22270006597000;35;17;18;32,7
22270006598000;104;56;48;34,5
22270006599000;16;8;8;52,9
22270006600000;33;19;14;37,5
22270006601000;20;10;10;40,4
22270006602000;64;33;31;37,6
22270006603000;21;12;9;34,6
22270006604000;30;16;14;40,5
22270006605000;45;25;20;40,7
22270006606000;142;68;74;36,4
22270006607000;21;11;10;44,9
22270006608000;14;9;5;37,0
22270006609000;2;1;1;0,0
22270006610000;2;1;1;0,0
22270006611000;4;1;3;0,0
22270006614000;5;3;2;58,6
22270006615000;27;15;12;41,9
22270006616000;13;7;6;39,4
22270006617000;13;5;8;34,5
22270006618000;4;3;1;0,0
22270006625000;5;1;4;28,2
22270006626000;4;2;2;0,0
22270006627000;176;85;91;35,2
22270006628000;1642;810;832;34,5
22270006629000;1225;561;664;46,2
22270006630000;2132;1074;1058;38,0
22270006631000;1200;610;590;37,4
22270006632000;1024;476;548;36,1
22270006633000;1566;768;798;36,0
22270006634000;3479;1627;1852;43,2
22270006635000;40;19;21;61,9
22270006662000;2;0;2;0,0
22270006663000;24;11;13;49,0
22270006669000;34;20;14;48,9
22270006670000;332;177;155;34,8
22270006671000;214;114;100;44,4
22270006672000;27;11;16;36,0
22270006673000;13;7;6;46,4
22270006674000;8;5;3;56,9
22270006684000;23;14;9;49,4
22270006685000;13;6;7;36,7
22270006701000;6;3;3;40,3
22270006703000;9;4;5;22,8
22270006704000;4;3;1;0,0
22270006705000;3;2;1;0,0
22270006706000;2;1;1;0,0
22270006707000;4;2;2;0,0
22270006708000;52;29;23;32,8
22270006710000;5;3;2;59,2
22270006711000;21;13;8;51,6
22270006712000;11;6;5;38,5
22270006755000;21;11;10;45,7
22270006756000;26;11;15;32,8
22270006757000;8;2;6;32,5
22270006758000;1;1;0;0,0
22270006767000;43;25;18;41,0
22270006772000;3;1;2;0,0
22270006773000;21;7;14;43,0
22270006774000;3;2;1;0,0
22270006806000;2;1;1;0,0
22270006835000;30;16;14;41,2
22270006836000;45;24;21;41,4
22270006837000;228;116;112;40,6
22270006838000;88;47;41;40,8
22270006905000;1;0;1;0,0
22270006906000;19;12;7;50,4
22270006907000;4;3;1;0,0
22270006950000;11;6;5;34,2
22270006951000;819;385;434;44,6
22270006952000;694;327;367;48,9
22270006973000;2;1;1;0,0
22270006974000;8;4;4;42,4
22270007004000;16;9;7;36,0
22270007005000;33;12;21;45,5
22270007006000;33;16;17;41,1
22270007007000;308;160;148;44,4
22270007008000;25;16;9;47,7
22270007009000;21;10;11;27,8
22270007010000;8;4;4;34,0
22270007015000;3;2;1;0,0
22270007016000;5;3;2;30,0
22270007017000;9;4;5;36,0
22270007018000;30;19;11;33,1
22270007019000;17;8;9;46,8
22270007020000;1;0;1;0,0
22270007021000;10;6;4;41,8
22270007022000;5;1;4;43,6
22270007026000;2;1;1;0,0
22270007027000;11;5;6;41,2
22270007041000;5;3;2;24,4
22270007042000;3;2;1;0,0
22270007043000;21;11;10;37,6
22270007059000;3;2;1;0,0
22270007062000;8;5;3;62,8
22280006556000;10;5;5;48,6
22280006557000;72;35;37;47,9
22280006558000;37;16;21;48,6
22280006559000;138;75;63;41,8
22280006560000;589;308;281;37,6
22280006561000;164;77;87;42,5
22280006562000;924;449;475;38,3
22280006563000;1349;668;681;39,2
22280006564000;1320;660;660;39,7
22280006565000;512;257;255;36,8
22280006566000;524;263;261;36,3
22280006567000;39;21;18;34,7
22280006569000;51;23;28;35,0
22280006570000;34;23;11;35,5
22280006572000;88;53;35;36,3
22280006573000;49;29;20;38,5
22280006574000;14;9;5;35,4
22280006576000;6;3;3;23,7
22280006577000;3;2;1;0,0
22280006578000;5;2;3;34,4
22280006579000;45;28;17;42,7
22280006580000;13;6;7;37,0
22280006581000;9;5;4;28,1
22280006582000;27;13;14;40,1
22280006583000;10;6;4;40,9
22280006585000;9;4;5;21,3
22280006587000;8;3;5;36,3
22280006588000;38;17;21;37,8
22280006589000;12;5;7;35,5
22280006590000;8;6;2;43,9
22280006592000;26;15;11;34,4
22280006593000;12;5;7;50,3
22280006594000;8;4;4;30,3
22280006595000;133;71;62;38,8
22280006596000;105;53;52;28,4
22280006597000;21;10;11;33,6
22280006598000;30;16;14;29,0
22280006599000;20;11;9;50,4
22280006600000;31;16;15;30,2
22280006601000;30;17;13;32,4
22280006602000;6;4;2;42,5
22280006604000;4;2;2;0,0
22280006605000;67;34;33;34,5
22280006606000;153;77;76;30,8
22280006607000;1;1;0;0,0
22280006613000;84;44;40;38,0
22280006614000;23;14;9;41,8
22280006615000;142;70;72;36,0
22280006616000;31;17;14;41,4
22280006617000;12;7;5;52,2
22280006618000;6;3;3;45,5
22280006625000;4;1;3;0,0
22280006626000;18;11;7;38,5
22280006627000;30;17;13;37,1
22280006628000;66;38;28;32,9
22280006629000;421;203;218;36,5
22280006630000;173;80;93;37,6
22280006631000;280;151;129;33,2
22280006632000;1338;701;637;35,1
22280006633000;2612;1298;1314;37,3
22280006634000;1084;553;531;37,2
22280006635000;1;1;0;0,0
22280006643000;9;6;3;40,7
22280006662000;4;3;1;0,0
22280006663000;31;15;16;49,6
22280006670000;13;7;6;46,8
22280006671000;183;90;93;41,9
22280006672000;190;100;90;40,3
22280006683000;19;9;10;37,0
22280006684000;118;62;56;37,9
22280006685000;19;11;8;39,0
22280006698000;2;1;1;0,0
22280006700000;9;4;5;47,0
22280006701000;7;4;3;40,1
22280006704000;20;14;6;48,8
22280006705000;22;10;12;44,6
22280006706000;4;2;2;0,0
22280006708000;12;6;6;52,6
22280006709000;8;3;5;46,1
22280006710000;6;3;3;36,2
22280006712000;1;1;0;0,0
22280006713000;5;2;3;55,6
22280006714000;7;3;4;26,9
22280006753000;3;2;1;0,0
22280006754000;4;4;0;0,0
22280006755000;42;26;16;51,9
22280006756000;63;33;30;43,1
22280006757000;32;19;13;42,3
22280006758000;14;9;5;35,8
22280006765000;1;1;0;0,0
22280006766000;27;13;14;38,4
22280006767000;38;20;18;46,1
22280006768000;3;2;1;0,0
22280006772000;6;3;3;52,2
22280006773000;33;14;19;43,5
22280006775000;10;3;7;33,3
22280006776000;1;1;0;0,0
22280006778000;2;1;1;0,0
22280006805000;5;4;1;34,6
22280006806000;5;2;3;66,8
22280006835000;50;23;27;37,8
22280006836000;28;12;16;30,1
22280006837000;187;98;89;32,9
22280006905000;2;1;1;0,0
22280006906000;8;7;1;45,0
22280006907000;6;3;3;39,5
22280006908000;9;6;3;54,0
22280006951000;251;120;131;36,0
22280006952000;514;254;260;39,2
22280006953000;8;4;4;37,9
22280007003000;20;11;9;38,9
22280007004000;11;8;3;46,3
22280007005000;38;17;21;44,1
22280007006000;15;7;8;41,2
22280007007000;15;7;8;33,7
22280007009000;27;12;15;32,0
22280007010000;71;31;40;44,0
22280007011000;19;9;10;42,9
22280007017000;11;6;5;45,2
22280007018000;24;13;11;36,8
22280007019000;19;9;10;31,1
22280007021000;10;7;3;43,1
22280007023000;11;7;4;36,0
22280007024000;6;3;3;57,2
22280007027000;7;4;3;45,6
22280007036000;4;2;2;0,0
22280007037000;13;8;5;39,7
22280007041000;5;1;4;22,4
22280007043000;16;11;5;39,9
22280007062000;2;1;1;0,0
22280007063000;2;1;1;0,0
22280007068000;102;48;54;47,4
22290006557000;4;2;2;0,0
22290006558000;8;4;4;58,8
22290006559000;40;20;20;48,9
22290006560000;9;3;6;33,6
22290006561000;2;1;1;0,0
22290006562000;25;14;11;39,4
22290006563000;1013;502;511;36,1
22290006564000;949;455;494;38,2
22290006565000;172;77;95;41,1
22290006566000;35;17;18;44,8
22290006567000;64;35;29;45,0
22290006568000;102;56;46;39,5
22290006569000;19;9;10;37,6
22290006572000;18;10;8;39,6
22290006573000;40;20;20;33,9
22290006574000;77;44;33;34,9
22290006575000;29;15;14;43,6
22290006576000;1;0;1;0,0
22290006577000;2;1;1;0,0
22290006578000;26;13;13;45,0
22290006579000;57;23;34;33,3
22290006580000;455;238;217;33,4
22290006581000;66;38;28;30,3
22290006582000;91;47;44;35,0
22290006583000;15;8;7;41,5
22290006584000;25;17;8;33,0
22290006585000;1;1;0;0,0
22290006587000;14;7;7;37,6
22290006588000;179;87;92;36,2
22290006589000;105;58;47;37,8
22290006590000;110;58;52;36,3
22290006591000;54;27;27;45,2
22290006592000;44;19;25;39,3
22290006593000;11;5;6;37,7
22290006594000;24;13;11;36,2
22290006595000;39;26;13;39,7
22290006596000;131;70;61;39,7
22290006597000;18;10;8;41,7
22290006598000;22;11;11;38,5
22290006599000;29;13;16;30,4
22290006605000;37;18;19;42,4
22290006606000;123;56;67;39,0
22290006607000;3;2;1;0,0
22290006612000;5;4;1;43,6
22290006613000;22;12;10;29,3
22290006614000;443;201;242;52,8
22290006615000;593;246;347;53,9
22290006616000;428;219;209;31,0
22290006617000;109;56;53;36,8
22290006618000;108;55;53;36,7
22290006619000;56;25;31;35,0
22290006620000;2;2;0;0,0
22290006621000;19;11;8;38,2
22290006622000;84;41;43;39,2
22290006623000;39;22;17;37,6
22290006624000;7;5;2;33,3
22290006625000;14;7;7;31,3
22290006626000;42;25;17;35,8
22290006627000;10;4;6;47,4
22290006631000;1991;987;1004;35,4
22290006632000;1740;879;861;36,2
22290006633000;2662;1252;1410;45,0
22290006634000;520;270;250;39,0
22290006637000;4;2;2;0,0
22290006643000;4;2;2;0,0
22290006644000;3;2;1;0,0
22290006662000;16;7;9;46,9
22290006671000;7;3;4;45,7
22290006672000;6;4;2;37,3
22290006673000;17;8;9;53,2
22290006674000;7;4;3;43,6
22290006683000;38;20;18;36,4
22290006684000;43;23;20;46,5
22290006685000;17;8;9;45,0
22290006686000;2;2;0;0,0
22290006697000;9;3;6;54,8
22290006698000;5;3;2;46,6
22290006699000;17;8;9;42,3
22290006700000;13;8;5;44,5
22290006701000;104;59;45;43,0
22290006702000;2;2;0;0,0
22290006703000;3;3;0;0,0
22290006704000;3;2;1;0,0
22290006706000;8;4;4;38,3
22290006707000;8;3;5;48,6
22290006708000;1;0;1;0,0
22290006710000;7;4;3;55,7
22290006711000;2;1;1;0,0
22290006713000;1;1;0;0,0
22290006714000;9;3;6;44,6
22290006715000;24;14;10;42,8
22290006716000;12;7;5;62,2
22290006717000;7;3;4;64,4
22290006753000;8;4;4;34,3
22290006754000;28;15;13;42,3
22290006755000;45;23;22;35,5
22290006756000;37;19;18;35,9
22290006757000;31;16;15;44,2
22290006758000;9;2;7;37,7
22290006766000;62;34;28;43,1
22290006767000;11;8;3;40,2
22290006768000;22;12;10;39,4
22290006769000;2;1;1;0,0
22290006773000;20;11;9;34,6
22290006774000;32;16;16;48,2
22290006775000;1;1;0;0,0
22290006805000;7;4;3;55,7
22290006806000;1;1;0;0,0
22290006819000;4;2;2;0,0
22290006834000;10;6;4;29,9
22290006835000;12;6;6;42,2
22290006836000;14;10;4;43,2
22290006837000;55;28;27;39,5
22290006838000;19;10;9;53,9
22290006839000;4;2;2;0,0
22290006903000;5;2;3;67,2
22290006904000;15;9;6;50,1
22290006905000;25;16;9;48,2
22290006906000;8;5;3;43,6
22290006952000;40;22;18;34,3
22290006953000;49;22;27;47,3
22290007003000;32;16;16;43,2
22290007004000;5;4;1;33,6
22290007006000;7;5;2;55,9
22290007008000;4;2;2;0,0
22290007010000;2;1;1;0,0
22290007011000;15;10;5;41,7
22290007012000;11;5;6;35,1
22290007019000;17;11;6;33,4
22290007023000;6;2;4;47,2
22290007024000;4;2;2;0,0
22290007025000;7;5;2;30,0
22290007027000;6;3;3;33,3
22290007028000;27;16;11;33,9
22290007029000;6;3;3;51,7
22290007030000;4;2;2;0,0
22290007037000;7;4;3;46,0
22290007038000;6;3;3;31,0
22290007040000;7;3;4;48,3
22290007043000;2;1;1;0,0
22290007062000;2;1;1;0,0
22290007063000;7;2;5;52,1
22290007068000;59;29;30;43,6
22290007069000;2;1;1;0,0
22300006557000;5;3;2;58,4
22300006558000;24;11;13;38,0
22300006559000;33;20;13;36,1
22300006560000;34;19;15;37,4
22300006561000;35;22;13;40,9
22300006562000;20;7;13;42,4
22300006563000;126;63;63;38,0
22300006564000;279;151;128;39,8
22300006565000;406;209;197;40,2
22300006566000;147;68;79;42,2
22300006567000;2;1;1;0,0
22300006568000;11;7;4;46,7
22300006569000;22;13;9;44,9
22300006570000;20;10;10;34,8
22300006572000;49;27;22;42,0
22300006573000;66;38;28;42,4
22300006574000;726;375;351;39,8
22300006575000;207;115;92;35,1
22300006576000;34;21;13;40,1
22300006577000;28;16;12;35,8
22300006578000;13;8;5;48,3
22300006579000;12;7;5;38,1
22300006580000;42;23;19;34,5
22300006581000;41;22;19;42,4
22300006582000;17;9;8;48,1
22300006583000;2;1;1;0,0
22300006584000;12;5;7;43,5
22300006585000;29;21;8;33,4
22300006586000;11;6;5;57,2
22300006587000;78;38;40;35,0
22300006588000;41;26;15;35,5
22300006589000;77;36;41;39,0
22300006590000;580;271;309;44,4
22300006591000;88;43;45;44,8
22300006592000;104;51;53;37,1
22300006593000;27;13;14;33,6
22300006594000;7;4;3;48,1
22300006595000;27;11;16;45,9
22300006596000;44;27;17;36,7
22300006597000;31;18;13;36,4
22300006598000;17;10;7;41,2
22300006599000;14;8;6;47,9
22300006600000;21;11;10;37,9
22300006601000;21;12;9;35,4
22300006602000;17;9;8;37,8
22300006603000;15;11;4;28,1
22300006604000;11;7;4;45,1
22300006605000;83;50;33;36,5
22300006606000;77;43;34;42,4
22300006611000;129;68;61;37,2
22300006612000;41;20;21;43,7
22300006613000;33;16;17;37,5
22300006614000;240;118;122;35,9
22300006615000;356;191;165;35,4
22300006616000;63;36;27;36,1
22300006617000;20;8;12;38,9
22300006618000;110;55;55;40,3
22300006619000;330;166;164;35,0
22300006620000;161;75;86;35,5
22300006621000;236;118;118;33,6
22300006622000;211;111;100;39,1
22300006623000;82;42;40;33,0
22300006624000;21;10;11;36,3
22300006625000;44;25;19;37,7
22300006626000;36;18;18;40,3
22300006627000;59;34;25;39,9
22300006629000;380;200;180;36,7
22300006630000;1989;1021;968;40,7
22300006631000;2846;1471;1375;38,7
22300006632000;3700;1838;1862;45,9
22300006633000;627;317;310;38,6
22300006635000;4;1;3;0,0
22300006636000;34;18;16;38,8
22300006637000;16;11;5;48,6
22300006638000;24;10;14;31,5
22300006639000;27;13;14;44,4
22300006640000;154;78;76;32,1
22300006641000;261;117;144;44,5
22300006642000;14;6;8;42,7
22300006643000;6;3;3;60,0
22300006644000;8;4;4;35,0
22300006645000;7;4;3;23,3
22300006652000;1;0;1;0,0
22300006662000;15;8;7;38,0
22300006674000;25;14;11;35,5
22300006675000;43;23;20;48,3
22300006676000;5;3;2;48,2
22300006683000;56;32;24;38,2
22300006684000;27;14;13;38,2
22300006696000;2;1;1;0,0
22300006697000;30;15;15;34,8
22300006698000;11;6;5;37,6
22300006699000;9;5;4;41,4
22300006700000;7;4;3;25,1
22300006708000;9;3;6;43,7
22300006709000;15;11;4;48,9
22300006710000;1;0;1;0,0
22300006716000;2;1;1;0,0
22300006718000;8;4;4;63,1
22300006753000;28;16;12;32,5
22300006754000;39;20;19;38,9
22300006755000;38;19;19;34,9
22300006756000;21;11;10;34,1
22300006757000;18;8;10;50,2
22300006758000;8;3;5;35,4
22300006759000;5;3;2;65,8
22300006760000;3;2;1;0,0
22300006761000;5;3;2;29,2
22300006764000;12;5;7;34,0
22300006765000;6;3;3;45,2
22300006766000;34;16;18;34,8
22300006768000;9;5;4;41,7
22300006769000;13;6;7;46,2
22300006772000;4;3;1;0,0
22300006773000;82;46;36;43,4
22300006774000;34;21;13;51,5
22300006775000;5;3;2;45,6
22300006805000;46;21;25;46,3
22300006806000;6;3;3;45,3
22300006833000;14;10;4;24,9
22300006834000;25;9;16;40,2
22300006835000;44;27;17;41,2
22300006836000;174;74;100;59,8
22300006837000;36;21;15;50,5
22300006838000;8;3;5;52,1
22300006839000;1;1;0;0,0
22300006840000;4;3;1;0,0
22300006901000;3;2;1;0,0
22300006902000;18;9;9;40,7
22300006903000;3;1;2;0,0
22300006904000;21;10;11;51,0
22300006905000;6;3;3;29,3
22300006906000;14;9;5;38,6
22300006907000;1;1;0;0,0
22300006952000;11;6;5;31,7
22300006953000;29;13;16;44,0
22300006954000;25;13;12;49,5
22300006993000;1;0;1;0,0
22300007002000;9;4;5;26,6
22300007011000;7;4;3;29,6
22300007012000;1;1;0;0,0
22300007013000;9;5;4;59,2
22300007014000;16;8;8;48,9
22300007019000;24;13;11;34,1
22300007021000;22;12;10;29,5
22300007023000;2;2;0;0,0
22300007028000;7;3;4;43,4
22300007029000;15;10;5;51,4
22300007040000;9;4;5;49,4
22300007043000;2;1;1;0,0
22300007057000;7;4;3;40,6
22300007058000;2;1;1;0,0
22300007059000;1;1;0;0,0
22300007060000;2;1;1;0,0
22300007061000;1;0;1;0,0
22300007063000;1;0;1;0,0
22300007064000;9;4;5;54,9
22300007069000;38;19;19;48,8
22300007070000;6;3;3;42,2
22300007076000;2;1;1;0,0
22310006559000;1;1;0;0,0
22310006560000;8;3;5;54,6
22310006561000;11;6;5;53,5
22310006564000;14;7;7;35,9
22310006565000;315;169;146;36,5
22310006566000;73;38;35;46,6
22310006567000;39;21;18;42,7
22310006568000;30;16;14;46,3
22310006569000;14;7;7;31,8
22310006570000;29;17;12;37,7
22310006571000;41;21;20;39,0
22310006572000;16;7;9;43,9
22310006573000;218;99;119;39,4
22310006574000;1123;502;621;43,8
22310006575000;17;11;6;37,4
22310006576000;209;117;92;33,5
22310006577000;2;1;1;0,0
22310006578000;27;12;15;42,2
22310006579000;17;11;6;35,5
22310006580000;33;20;13;42,2
22310006581000;26;12;14;44,4
22310006582000;29;14;15;28,0
22310006583000;9;6;3;46,7
22310006584000;13;7;6;30,0
22310006585000;131;73;58;36,1
22310006586000;62;31;31;42,8
22310006587000;18;11;7;39,8
22310006588000;7;4;3;36,7
22310006589000;51;29;22;38,3
22310006590000;959;467;492;37,0
22310006591000;295;138;157;51,2
22310006592000;15;7;8;43,1
22310006593000;6;3;3;64,0
22310006594000;8;5;3;38,4
22310006595000;45;26;19;35,6
22310006596000;87;42;45;48,0
22310006597000;83;47;36;33,5
22310006598000;83;42;41;34,7
22310006599000;61;33;28;32,8
22310006600000;33;20;13;44,8
22310006601000;32;18;14;38,5
22310006602000;28;13;15;35,2
22310006603000;51;27;24;43,0
22310006604000;580;298;282;38,9
22310006605000;862;446;416;40,7
22310006606000;99;49;50;45,1
22310006609000;10;6;4;45,9
22310006610000;60;36;24;39,6
22310006611000;10;6;4;51,1
22310006613000;230;125;105;37,4
22310006614000;743;356;387;40,4
22310006615000;99;44;55;34,3
22310006616000;62;28;34;34,3
22310006617000;115;56;59;36,4
22310006618000;16;10;6;42,9
22310006619000;47;30;17;36,1
22310006620000;177;92;85;40,3
22310006621000;279;147;132;37,6
22310006622000;48;29;19;40,6
22310006623000;38;21;17;32,5
22310006624000;24;12;12;33,1
22310006625000;32;19;13;40,8
22310006626000;108;53;55;36,8
22310006627000;54;26;28;39,1
22310006628000;275;140;135;35,2
22310006629000;4164;1993;2171;35,1
22310006630000;3127;1587;1540;36,3
22310006631000;900;498;402;33,8
22310006632000;3590;1767;1823;43,0
22310006633000;1209;568;641;44,3
22310006634000;579;294;285;31,2
22310006635000;200;104;96;30,5
22310006636000;44;26;18;39,1
22310006637000;47;25;22;35,9
22310006638000;33;16;17;38,5
22310006639000;94;48;46;40,3
22310006640000;176;85;91;40,2
22310006641000;96;42;54;43,1
22310006642000;28;14;14;41,2
22310006643000;10;5;5;32,2
22310006644000;75;40;35;39,7
22310006645000;63;33;30;35,2
22310006646000;36;18;18;33,6
22310006661000;4;3;1;0,0
22310006666000;1;1;0;0,0
22310006667000;24;11;13;36,0
22310006668000;144;79;65;42,7
22310006669000;260;140;120;38,4
22310006670000;163;84;79;40,7
22310006671000;6;3;3;61,0
22310006675000;37;18;19;42,8
22310006676000;155;76;79;41,4
22310006682000;20;12;8;42,4
22310006683000;35;21;14;41,7
22310006688000;26;15;11;46,2
22310006689000;19;10;9;35,1
22310006690000;17;10;7;48,5
22310006691000;13;9;4;43,3
22310006692000;9;4;5;37,9
22310006696000;20;10;10;38,1
22310006697000;37;18;19;46,6
22310006752000;3;2;1;0,0
22310006753000;71;35;36;45,7
22310006754000;127;57;70;43,9
22310006755000;449;191;258;50,5
22310006756000;22;12;10;61,1
22310006757000;21;12;9;49,7
22310006758000;1;1;0;0,0
22310006759000;2;2;0;0,0
22310006760000;2;1;1;0,0
22310006761000;20;11;9;53,2
22310006762000;5;3;2;23,8
22310006763000;12;6;6;42,8
22310006764000;40;20;20;48,7
22310006765000;25;11;14;47,7
22310006766000;3;3;0;0,0
22310006769000;2;1;1;0,0
22310006772000;13;8;5;26,8
22310006773000;26;14;12;42,6
22310006774000;7;3;4;51,6
22310006775000;8;4;4;40,1
22310006776000;1;1;0;0,0
22310006804000;2;1;1;0,0
22310006805000;13;6;7;48,8
22310006807000;1;1;0;0,0
22310006830000;9;3;6;31,3
22310006831000;10;6;4;47,7
22310006832000;25;14;11;44,2
22310006833000;6;3;3;32,5
22310006834000;304;154;150;41,8
22310006835000;231;113;118;44,7
22310006836000;42;21;21;50,7
22310006837000;35;22;13;44,5
22310006838000;12;7;5;27,2
22310006839000;29;15;14;38,6
22310006840000;9;5;4;38,4
22310006901000;8;5;3;46,1
22310006902000;3;2;1;0,0
22310006903000;18;8;10;33,4
22310006904000;26;15;11;49,4
22310006906000;2;1;1;0,0
22310006951000;5;3;2;29,6
22310006952000;9;5;4;38,2
22310006953000;1;1;0;0,0
22310006954000;31;15;16;40,0
22310006955000;5;3;2;50,4
22310006980000;6;4;2;15,8
22310006993000;2;1;1;0,0
22310007000000;19;13;6;47,1
22310007001000;5;3;2;31,8
22310007002000;38;17;21;40,2
22310007003000;5;2;3;30,2
22310007008000;14;8;6;40,6
22310007010000;12;5;7;27,2
22310007011000;308;164;144;36,5
22310007014000;9;5;4;47,3
22310007018000;2;1;1;0,0
22310007019000;4;2;2;0,0
22310007022000;14;9;5;28,5
22310007023000;9;5;4;27,9
22310007028000;14;8;6;45,4
22310007029000;10;5;5;46,0
22310007030000;5;4;1;60,4
22310007031000;2;1;1;0,0
22310007043000;6;4;2;56,8
22310007058000;1;1;0;0,0
22310007064000;8;4;4;21,1
22310007065000;4;2;2;0,0
22310007069000;22;11;11;34,3
22310007070000;65;42;23;39,0
22310007071000;18;7;11;43,4
22310007076000;7;3;4;36,9
22310007077000;16;7;9;37,9
22320006563000;17;6;11;56,1
22320006564000;47;25;22;36,2
22320006565000;15;10;5;51,7
22320006566000;4;2;2;0,0
22320006567000;10;6;4;42,5
22320006568000;18;8;10;31,5
22320006569000;55;29;26;41,8
22320006570000;105;56;49;36,1
22320006571000;25;20;5;38,5
22320006572000;139;67;72;37,2
22320006573000;400;196;204;44,9
22320006574000;543;249;294;50,9
22320006575000;186;84;102;37,3
22320006576000;40;14;26;39,1
22320006577000;50;24;26;25,4
22320006578000;102;59;43;35,2
22320006579000;258;124;134;30,3
22320006580000;41;24;17;45,0
22320006581000;54;28;26;37,0
22320006582000;7;2;5;32,0
22320006583000;11;5;6;50,7
22320006584000;60;39;21;33,5
22320006585000;36;20;16;32,3
22320006586000;20;10;10;46,5
22320006587000;61;32;29;42,0
22320006588000;52;24;28;42,6
22320006589000;147;71;76;30,1
22320006590000;17;9;8;45,6
22320006591000;42;27;15;31,8
22320006592000;30;13;17;30,8
22320006593000;18;10;8;44,3
22320006594000;5;2;3;49,6
22320006595000;704;349;355;38,2
22320006596000;181;93;88;42,1
22320006597000;175;93;82;35,6
22320006598000;18;9;9;34,1
22320006599000;20;12;8;39,9
22320006600000;30;17;13;46,7
22320006601000;31;19;12;38,8
22320006602000;5;2;3;38,4
22320006603000;39;21;18;43,3
22320006604000;232;111;121;39,5
22320006605000;123;58;65;35,7
22320006606000;14;8;6;41,5
22320006607000;66;34;32;25,1
22320006608000;14;7;7;45,1
22320006611000;38;17;21;51,5
22320006612000;473;247;226;41,2
22320006613000;482;224;258;35,2
22320006614000;6;3;3;73,0
22320006615000;2;1;1;0,0
22320006616000;5;3;2;21,8
22320006618000;16;8;8;35,6
22320006619000;8;4;4;44,8
22320006620000;23;12;11;35,0
22320006621000;60;35;25;39,7
22320006622000;5;2;3;39,0
22320006623000;51;27;24;38,5
22320006624000;774;392;382;35,4
22320006625000;335;169;166;34,4
22320006626000;100;63;37;40,0
22320006627000;384;209;175;31,5
22320006628000;152;97;55;31,3
22320006630000;2315;1147;1168;41,5
22320006631000;28;17;11;43,8
22320006632000;418;199;219;33,8
22320006633000;1266;629;637;38,6
22320006634000;352;179;173;34,6
22320006635000;248;132;116;38,7
22320006636000;360;182;178;37,7
22320006637000;1019;518;501;35,1
22320006638000;97;53;44;35,8
22320006639000;78;43;35;42,9
22320006640000;44;25;19;40,3
22320006641000;24;16;8;35,8
22320006642000;53;28;25;44,8
22320006643000;148;73;75;34,6
22320006644000;162;88;74;36,1
22320006645000;308;155;153;38,9
22320006646000;286;149;137;37,2
22320006660000;1;1;0;0,0
22320006667000;58;31;27;48,5
22320006668000;77;40;37;42,4
22320006669000;106;52;54;38,8
22320006670000;54;26;28;39,6
22320006671000;26;11;15;46,3
22320006672000;4;2;2;0,0
22320006674000;1;0;1;0,0
22320006676000;50;28;22;39,6
22320006677000;37;22;15;38,4
22320006678000;30;18;12;37,3
22320006679000;24;10;14;40,2
22320006680000;19;12;7;44,3
22320006681000;18;9;9;46,9
22320006682000;10;7;3;40,1
22320006683000;31;14;17;42,3
22320006686000;21;11;10;40,0
22320006687000;42;20;22;34,5
22320006688000;26;14;12;50,1
22320006689000;4;2;2;0,0
22320006690000;4;2;2;0,0
22320006691000;18;10;8;38,8
22320006692000;36;20;16;31,2
22320006693000;50;29;21;36,7
22320006694000;16;10;6;40,5
22320006695000;18;9;9;49,9
22320006696000;24;12;12;46,8
22320006697000;17;11;6;36,1
22320006718000;2;1;1;0,0
22320006721000;6;2;4;35,3
22320006750000;1;1;0;0,0
22320006752000;24;12;12;44,2
22320006753000;201;101;100;44,2
22320006754000;943;457;486;43,4
22320006755000;313;137;176;46,4
22320006756000;33;12;21;40,6
22320006757000;3;2;1;0,0
22320006760000;21;12;9;33,5
22320006761000;15;9;6;49,8
22320006762000;4;3;1;0,0
22320006763000;5;3;2;38,2
22320006764000;37;19;18;40,2
22320006768000;9;3;6;30,6
22320006769000;13;7;6;46,2
22320006770000;2;2;0;0,0
22320006771000;42;22;20;33,0
22320006772000;13;6;7;53,5
22320006776000;6;3;3;32,5
22320006802000;13;7;6;55,2
22320006803000;28;17;11;51,8
22320006804000;18;9;9;43,2
22320006829000;2;1;1;0,0
22320006830000;1;1;0;0,0
22320006831000;35;20;15;36,0
22320006832000;39;19;20;52,1
22320006833000;33;17;16;32,0
22320006834000;78;37;41;44,1
22320006835000;46;17;29;46,9
22320006836000;42;22;20;40,7
22320006837000;4;2;2;0,0
22320006901000;20;13;7;44,2
22320006902000;9;6;3;51,6
22320006903000;11;7;4;27,6
22320006952000;1;1;0;0,0
22320006954000;6;4;2;23,8
22320006955000;49;23;26;41,4
22320006956000;25;12;13;27,3
22320006987000;3;2;1;0,0
22320006988000;6;2;4;44,2
22320006993000;7;4;3;62,6
22320006994000;16;9;7;54,4
22320006995000;2;1;1;0,0
22320006996000;11;5;6;46,5
22320006997000;18;8;10;46,3
22320006998000;23;13;10;48,1
22320006999000;33;16;17;38,7
22320007000000;30;18;12;34,8
22320007001000;165;76;89;46,2
22320007002000;310;153;157;43,5
22320007005000;6;3;3;28,0
22320007006000;77;38;39;36,5
22320007007000;86;46;40;44,9
22320007008000;170;82;88;46,7
22320007009000;139;65;74;47,5
22320007010000;88;49;39;38,7
22320007011000;3;2;1;0,0
22320007014000;12;4;8;44,5
22320007024000;16;9;7;51,8
22320007026000;4;1;3;0,0
22320007027000;4;2;2;0,0
22320007028000;1;1;0;0,0
22320007029000;17;10;7;28,2
22320007030000;4;2;2;0,0
22320007033000;2;1;1;0,0
22320007063000;5;1;4;67,2
22320007064000;2;1;1;0,0
22320007065000;9;3;6;57,0
22320007071000;22;14;8;44,6
22320007072000;43;26;17;43,0
22320007073000;24;12;12;47,7
22320007074000;12;5;7;46,3
22320007076000;1;1;0;0,0
22320007077000;61;29;32;37,9
22320007082000;16;11;5;49,3
22320007083000;7;3;4;50,1
22330006565000;3;1;2;0,0
22330006566000;38;19;19;48,7
22330006567000;11;3;8;55,4
22330006568000;5;3;2;40,6
22330006569000;39;21;18;43,8
22330006571000;355;182;173;39,9
22330006572000;221;109;112;38,5
22330006573000;350;184;166;36,8
22330006574000;611;324;287;38,9
22330006575000;189;101;88;34,2
22330006577000;6;3;3;18,8
22330006579000;416;221;195;36,3
22330006580000;697;358;339;38,7
22330006581000;24;16;8;37,3
22330006582000;13;6;7;55,2
22330006583000;45;22;23;37,2
22330006584000;2;1;1;0,0
22330006585000;5;3;2;38,4
22330006586000;75;40;35;37,9
22330006587000;269;140;129;38,1
22330006589000;3;1;2;0,0
22330006590000;36;18;18;30,8
22330006591000;22;9;13;29,4
22330006592000;40;23;17;35,1
22330006593000;73;35;38;33,3
22330006594000;17;12;5;43,1
22330006595000;21;9;12;46,1
22330006596000;175;83;92;33,9
22330006597000;33;17;16;45,1
22330006598000;23;12;11;34,1
22330006599000;40;20;20;44,0
22330006600000;13;7;6;46,2
22330006601000;39;19;20;38,7
22330006602000;10;7;3;31,8
22330006603000;263;138;125;36,4
22330006604000;692;335;357;44,4
22330006605000;391;194;197;39,8
22330006606000;942;450;492;38,2
22330006607000;70;40;30;41,3
22330006608000;5;3;2;48,8
22330006610000;44;25;19;36,8
22330006611000;409;199;210;34,2
22330006612000;73;37;36;34,5
22330006613000;18;11;7;36,6
22330006621000;6;4;2;51,2
22330006622000;8;5;3;45,3
22330006623000;5;2;3;24,8
22330006624000;30;18;12;38,9
22330006625000;49;26;23;46,1
22330006626000;24;11;13;49,1
22330006627000;622;323;299;30,3
22330006628000;1464;748;716;39,2
22330006629000;1571;769;802;39,2
22330006630000;422;215;207;36,8
22330006633000;814;406;408;35,9
22330006634000;327;192;135;38,5
22330006635000;218;118;100;37,0
22330006636000;294;155;139;42,6
22330006637000;1055;493;562;46,2
22330006638000;100;52;48;34,3
22330006639000;66;39;27;35,6
22330006640000;103;53;50;38,0
22330006641000;17;10;7;39,6
22330006642000;53;27;26;38,6
22330006643000;1;0;1;0,0
22330006644000;67;33;34;44,2
22330006645000;44;24;20;30,3
22330006646000;43;21;22;37,5
22330006647000;63;33;30;39,9
22330006648000;111;62;49;35,5
22330006649000;70;35;35;40,7
22330006660000;7;4;3;37,1
22330006667000;27;13;14;30,2
22330006668000;54;27;27;37,9
22330006669000;137;67;70;44,1
22330006670000;56;24;32;44,0
22330006671000;50;22;28;42,7
22330006672000;28;13;15;42,6
22330006673000;6;1;5;35,7
22330006674000;14;6;8;35,8
22330006675000;27;14;13;56,2
22330006676000;41;20;21;35,9
22330006677000;79;40;39;44,1
22330006678000;12;6;6;37,5
22330006680000;144;82;62;40,6
22330006681000;893;418;475;45,7
22330006682000;665;324;341;34,9
22330006684000;5;2;3;21,4
22330006685000;37;17;20;44,2
22330006686000;5;3;2;52,4
22330006688000;3;1;2;0,0
22330006689000;40;21;19;41,1
22330006690000;104;54;50;40,7
22330006691000;488;231;257;40,9
22330006692000;58;34;24;34,8
22330006693000;28;13;15;49,9
22330006694000;24;13;11;38,4
22330006695000;21;13;8;46,2
22330006696000;46;26;20;42,2
22330006750000;47;24;23;36,5
22330006751000;17;8;9;52,3
22330006752000;14;7;7;51,6
22330006753000;229;109;120;35,0
22330006754000;637;318;319;41,3
22330006755000;75;35;40;40,5
22330006756000;34;17;17;40,9
22330006757000;10;7;3;34,1
22330006761000;6;4;2;44,7
22330006762000;7;4;3;30,1
22330006764000;42;24;18;42,8
22330006765000;28;13;15;38,5
22330006766000;9;3;6;49,7
22330006767000;36;16;20;43,3
22330006768000;13;9;4;56,9
22330006769000;2;1;1;0,0
22330006770000;3;1;2;0,0
22330006771000;2;1;1;0,0
22330006772000;6;3;3;66,2
22330006773000;2;1;1;0,0
22330006776000;3;2;1;0,0
22330006801000;2;1;1;0,0
22330006802000;6;2;4;30,0
22330006803000;20;10;10;47,2
22330006825000;1;1;0;0,0
22330006830000;2;1;1;0,0
22330006831000;16;8;8;40,2
22330006832000;147;69;78;45,4
22330006833000;134;66;68;40,7
22330006834000;35;16;19;45,4
22330006835000;25;11;14;52,0
22330006836000;9;5;4;19,1
22330006900000;5;4;1;19,0
22330006954000;3;1;2;0,0
22330006955000;2;1;1;0,0
22330006956000;11;6;5;42,6
22330006987000;19;9;10;52,0
22330006988000;5;2;3;54,0
22330006993000;4;2;2;0,0
22330006994000;102;53;49;45,7
22330006995000;109;59;50;41,5
22330006996000;9;4;5;41,0
22330006997000;12;6;6;40,0
22330006998000;26;10;16;39,6
22330006999000;13;8;5;34,4
22330007000000;68;34;34;40,5
22330007001000;141;59;82;59,9
22330007002000;6;2;4;38,5
22330007006000;11;3;8;30,6
22330007008000;6;3;3;41,0
22330007009000;14;6;8;44,9
22330007010000;234;110;124;41,4
22330007011000;238;117;121;42,1
22330007012000;114;65;49;38,1
22330007013000;24;13;11;41,1
22330007014000;7;4;3;62,9
22330007015000;2;1;1;0,0
22330007018000;7;4;3;47,1
22330007026000;26;14;12;37,5
22330007027000;8;6;2;35,8
22330007063000;28;16;12;34,4
22330007064000;1;1;0;0,0
22330007065000;11;5;6;55,6
22330007072000;37;23;14;39,1
22330007073000;12;4;8;44,7
22330007074000;1;0;1;0,0
22330007077000;363;188;175;44,8
22330007082000;30;17;13;43,9
22330007083000;30;16;14;46,5
22330007084000;7;3;4;30,4
22340006565000;3;2;1;0,0
22340006566000;48;26;22;43,5
22340006567000;38;17;21;48,4
22340006572000;22;11;11;44,0
22340006573000;135;69;66;42,7
22340006574000;198;96;102;30,2
22340006575000;138;72;66;35,3
22340006576000;141;70;71;35,5
22340006577000;63;39;24;36,7
22340006578000;25;14;11;28,7
22340006579000;61;26;35;33,3
22340006580000;411;208;203;41,5
22340006581000;274;142;132;35,0
22340006582000;18;9;9;39,1
22340006583000;13;7;6;45,0
22340006584000;6;4;2;54,3
22340006585000;32;16;16;42,7
22340006586000;46;27;19;31,0
22340006587000;31;16;15;30,5
22340006588000;26;12;14;35,1
22340006590000;4;1;3;0,0
22340006591000;13;7;6;34,8
22340006592000;2;2;0;0,0
22340006593000;17;8;9;39,6
22340006594000;14;8;6;35,9
22340006595000;16;9;7;31,5
22340006596000;10;4;6;50,2
22340006597000;20;10;10;43,5
22340006598000;10;5;5;37,1
22340006599000;17;7;10;43,2
22340006600000;7;2;5;44,7
22340006601000;12;9;3;51,9
22340006602000;515;256;259;41,6
22340006603000;1879;938;941;41,8
22340006604000;1025;493;532;48,9
22340006605000;148;62;86;46,3
22340006609000;19;11;8;47,0
22340006610000;30;18;12;41,3
22340006611000;12;8;4;48,0
22340006613000;3;1;2;0,0
22340006627000;178;85;93;32,5
22340006628000;49;29;20;37,0
22340006632000;98;49;49;35,8
22340006633000;154;84;70;35,0
22340006634000;54;35;19;41,7
22340006635000;31;16;15;35,9
22340006636000;82;43;39;36,1
22340006637000;544;315;229;37,8
22340006638000;514;248;266;44,7
22340006639000;1706;831;875;41,9
22340006640000;980;474;506;42,8
22340006641000;123;70;53;43,2
22340006642000;119;60;59;34,1
22340006643000;101;53;48;37,9
22340006644000;36;22;14;47,7
22340006645000;27;13;14;39,6
22340006646000;6;2;4;40,5
22340006647000;58;29;29;34,1
22340006648000;10;4;6;53,4
22340006649000;39;21;18;34,5
22340006650000;72;44;28;33,6
22340006658000;1;1;0;0,0
22340006659000;10;9;1;45,0
22340006669000;6;3;3;59,5
22340006670000;121;63;58;38,2
22340006671000;91;47;44;39,2
22340006672000;83;47;36;38,6
22340006673000;30;27;3;36,5
22340006674000;29;16;13;45,6
22340006675000;17;7;10;40,0
22340006676000;17;9;8;45,8
22340006677000;33;16;17;45,9
22340006678000;4;3;1;0,0
22340006679000;14;8;6;45,4
22340006680000;473;232;241;43,3
22340006681000;446;202;244;42,0
22340006682000;1;1;0;0,0
22340006684000;3;1;2;0,0
22340006685000;10;7;3;38,7
22340006686000;46;25;21;44,4
22340006687000;81;40;41;47,7
22340006688000;25;13;12;39,0
22340006689000;4;2;2;0,0
22340006690000;1;0;1;0,0
22340006691000;214;100;114;38,0
22340006692000;104;53;51;30,6
22340006693000;7;4;3;36,7
22340006695000;6;4;2;41,8
22340006696000;20;9;11;41,8
22340006719000;2;1;1;0,0
22340006749000;38;21;17;34,6
22340006750000;101;49;52;38,2
22340006751000;19;10;9;27,8
22340006752000;18;8;10;45,9
22340006753000;5;3;2;47,2
22340006754000;4;2;2;0,0
22340006755000;17;9;8;46,8
22340006756000;4;2;2;0,0
22340006769000;13;8;5;40,7
22340006771000;32;16;16;51,5
22340006772000;32;14;18;43,1
22340006774000;3;2;1;0,0
22340006775000;42;21;21;48,3
22340006776000;3;2;1;0,0
22340006794000;1;1;0;0,0
22340006798000;9;5;4;42,7
22340006799000;15;8;7;47,3
22340006800000;7;5;2;55,0
22340006801000;8;5;3;41,4
22340006831000;21;9;12;43,5
22340006832000;57;29;28;35,0
22340006833000;7;5;2;40,0
22340006834000;17;8;9;39,0
22340006835000;11;6;5;30,6
22340006841000;20;12;8;40,5
22340006842000;11;6;5;50,3
22340006843000;23;17;6;36,5
22340006844000;2;2;0;0,0
22340006845000;16;10;6;38,2
22340006846000;4;1;3;0,0
22340006847000;9;5;4;42,8
22340006901000;4;2;2;0,0
22340006954000;6;3;3;26,8
22340006956000;5;3;2;41,6
22340006958000;4;2;2;0,0
22340006986000;7;2;5;50,7
22340006987000;15;7;8;60,9
22340006988000;14;7;7;38,4
22340006989000;13;8;5;43,8
22340006990000;3;2;1;0,0
22340006991000;9;5;4;31,3
22340006993000;6;3;3;75,7
22340006994000;81;38;43;40,7
22340006995000;128;66;62;43,7
22340006996000;21;12;9;37,7
22340006997000;8;3;5;69,6
22340006998000;13;7;6;37,8
22340007013000;16;6;10;37,3
22340007014000;16;9;7;46,6
22340007015000;39;23;16;43,2
22340007018000;16;9;7;43,0
22340007026000;6;2;4;34,2
22340007027000;10;7;3;49,6
22340007028000;17;12;5;23,8
22340007063000;7;2;5;56,1
22340007064000;8;3;5;57,8
22340007065000;93;44;49;42,7
22340007072000;15;8;7;35,8
22340007075000;12;7;5;30,2
22340007076000;59;26;33;40,9
22340007077000;103;52;51;34,1
22340007081000;18;10;8;50,7
22340007083000;5;2;3;17,8
22340007084000;24;15;9;40,1
22340007085000;2;1;1;0,0
22350006560000;3;2;1;0,0
22350006561000;12;6;6;35,9
22350006562000;74;38;36;47,8
22350006563000;71;37;34;42,7
22350006564000;3;2;1;0,0
22350006567000;11;5;6;58,5
22350006568000;106;59;47;47,5
22350006569000;98;43;55;38,7
22350006570000;123;67;56;43,0
22350006571000;135;66;69;37,7
22350006572000;25;16;9;35,8
22350006573000;2;1;1;0,0
22350006574000;89;50;39;31,0
22350006575000;64;26;38;32,5
22350006576000;352;174;178;36,5
22350006577000;824;411;413;34,1
22350006578000;670;336;334;37,6
22350006579000;1084;546;538;38,4
22350006580000;27;17;10;43,4
22350006581000;201;113;88;37,2
22350006582000;134;66;68;31,9
22350006583000;65;35;30;43,1
22350006585000;17;7;10;39,3
22350006587000;6;4;2;30,5
22350006588000;38;22;16;32,0
22350006589000;14;8;6;42,2
22350006590000;192;103;89;31,0
22350006591000;26;15;11;41,5
22350006592000;57;31;26;42,6
22350006593000;24;11;13;39,0
22350006594000;14;9;5;44,9
22350006595000;29;16;13;32,6
22350006596000;20;12;8;44,2
22350006597000;11;7;4;35,5
22350006598000;36;20;16;48,3
22350006599000;55;29;26;35,5
22350006600000;16;11;5;35,5
22350006601000;151;79;72;31,9
22350006602000;496;247;249;41,7
22350006603000;602;284;318;43,0
22350006608000;2;1;1;0,0
22350006609000;73;38;35;37,1
22350006610000;12;6;6;53,3
22350006611000;1;1;0;0,0
22350006626000;64;38;26;43,9
22350006627000;29;18;11;41,4
22350006630000;57;28;29;52,9
22350006631000;71;35;36;58,1
22350006632000;336;153;183;36,8
22350006633000;728;357;371;43,3
22350006634000;402;211;191;41,7
22350006635000;502;268;234;40,7
22350006636000;144;73;71;35,2
22350006637000;351;179;172;40,7
22350006639000;8;8;0;43,3
22350006640000;1171;609;562;38,7
22350006641000;1334;650;684;37,9
22350006642000;3;3;0;0,0
22350006643000;42;21;21;34,1
22350006644000;26;14;12;38,2
22350006645000;31;18;13;52,9
22350006646000;17;13;4;45,6
22350006647000;11;9;2;34,7
22350006648000;43;20;23;38,0
22350006649000;88;45;43;40,8
22350006650000;341;176;165;35,5
22350006652000;23;13;10;31,7
22350006653000;64;31;33;39,1
22350006654000;11;8;3;37,7
22350006658000;3;1;2;0,0
22350006666000;12;7;5;41,0
22350006668000;8;4;4;49,0
22350006669000;5;2;3;54,8
22350006670000;22;13;9;47,4
22350006671000;23;9;14;39,8
22350006673000;247;132;115;30,5
22350006674000;246;136;110;33,5
22350006675000;28;15;13;38,4
22350006677000;124;63;61;36,0
22350006678000;401;181;220;36,9
22350006679000;894;424;470;38,4
22350006680000;463;240;223;39,5
22350006681000;161;83;78;34,9
22350006682000;171;87;84;37,5
22350006683000;8;7;1;48,5
22350006684000;16;8;8;43,4
22350006685000;157;82;75;36,5
22350006686000;33;18;15;33,1
22350006692000;3;1;2;0,0
22350006693000;3;2;1;0,0
22350006748000;10;6;4;35,7
22350006749000;61;32;29;43,1
22350006750000;16;10;6;41,1
22350006751000;23;13;10;36,6
22350006752000;4;2;2;0,0
22350006754000;2;1;1;0,0
22350006764000;3;1;2;0,0
22350006765000;18;7;11;33,3
22350006766000;24;15;9;26,4
22350006767000;29;13;16;36,6
22350006768000;86;46;40;50,0
22350006769000;74;33;41;42,6
22350006770000;17;8;9;33,1
22350006772000;22;11;11;48,4
22350006774000;17;9;8;52,6
22350006775000;11;7;4;29,6
22350006797000;7;5;2;27,3
22350006798000;34;19;15;46,2
22350006799000;60;31;29;38,8
22350006800000;18;10;8;47,2
22350006831000;7;5;2;38,0
22350006832000;52;28;24;40,2
22350006834000;6;4;2;42,0
22350006835000;15;7;8;37,4
22350006840000;21;10;11;36,1
22350006841000;8;4;4;47,5
22350006899000;19;13;6;51,5
22350006900000;11;4;7;45,1
22350006955000;2;0;2;0,0
22350006956000;1;0;1;0,0
22350006958000;1;1;0;0,0
22350006985000;1;1;0;0,0
22350006986000;19;12;7;46,9
22350006987000;2;1;1;0,0
22350006988000;6;5;1;44,7
22350006989000;3;2;1;0,0
22350006990000;8;4;4;44,9
22350006991000;11;7;4;40,9
22350006992000;28;19;9;38,8
22350006993000;2;2;0;0,0
22350006994000;63;29;34;35,7
22350006995000;3;1;2;0,0
22350007005000;2;0;2;0,0
22350007008000;5;3;2;39,6
22350007014000;47;25;22;38,5
22350007015000;241;120;121;38,3
22350007016000;32;14;18;32,6
22350007017000;4;3;1;0,0
22350007018000;39;20;19;36,1
22350007023000;16;9;7;38,3
22350007024000;17;9;8;39,7
22350007026000;1;1;0;0,0
22350007027000;22;9;13;44,9
22350007028000;10;6;4;33,9
22350007029000;16;10;6;31,0
22350007063000;7;3;4;19,7
22350007064000;31;17;14;46,4
22350007065000;30;18;12;41,1
22350007071000;19;10;9;33,9
22350007072000;552;276;276;33,8
22350007073000;290;140;150;47,7
22350007074000;119;62;57;42,4
22350007075000;25;14;11;30,7
22350007076000;58;33;25;43,5
22350007077000;23;13;10;48,0
22350007078000;7;3;4;44,1
22350007081000;21;12;9;47,4
22350007085000;10;4;6;62,9
22360006555000;7;5;2;30,9
22360006556000;77;38;39;43,3
22360006557000;201;98;103;43,2
22360006558000;29;15;14;44,7
22360006559000;6;3;3;56,2
22360006560000;120;60;60;36,5
22360006561000;552;255;297;45,9
22360006562000;852;409;443;43,6
22360006563000;63;37;26;42,0
22360006564000;66;37;29;41,9
22360006565000;59;35;24;37,4
22360006566000;159;76;83;44,1
22360006567000;176;91;85;44,4
22360006568000;136;66;70;45,5
22360006569000;199;98;101;43,8
22360006570000;80;40;40;38,2
22360006571000;260;128;132;32,4
22360006572000;105;57;48;39,4
22360006573000;29;15;14;39,2
22360006574000;27;13;14;45,1
22360006575000;330;162;168;52,3
22360006576000;118;54;64;41,8
22360006577000;280;136;144;45,5
22360006578000;242;131;111;40,1
22360006579000;96;48;48;34,2
22360006580000;7;4;3;16,6
22360006581000;2;1;1;0,0
22360006582000;14;8;6;40,0
22360006583000;26;14;12;33,8
22360006584000;24;11;13;35,9
22360006586000;26;16;10;31,3
22360006587000;24;12;12;39,7
22360006588000;18;9;9;29,0
22360006589000;130;69;61;30,3
22360006590000;93;51;42;44,7
22360006591000;76;37;39;36,7
22360006592000;57;35;22;38,4
22360006593000;6;3;3;64,0
22360006594000;42;21;21;31,7
22360006595000;27;16;11;41,1
22360006596000;13;8;5;35,0
22360006597000;20;13;7;41,2
22360006598000;6;4;2;47,2
22360006599000;28;20;8;40,8
22360006600000;43;21;22;44,6
22360006601000;64;33;31;46,6
22360006606000;39;14;25;33,4
22360006607000;185;84;101;41,5
22360006608000;44;21;23;38,4
22360006609000;54;27;27;43,7
22360006610000;3;0;3;0,0
22360006611000;4;2;2;0,0
22360006612000;4;2;2;0,0
22360006625000;7;5;2;31,4
22360006626000;43;26;17;38,0
22360006629000;92;42;50;43,4
22360006630000;567;284;283;41,1
22360006631000;172;89;83;48,6
22360006632000;172;87;85;34,4
22360006633000;6;4;2;40,5
22360006639000;78;42;36;46,4
22360006640000;79;32;47;42,0
22360006641000;102;47;55;36,8
22360006642000;5;4;1;31,0
22360006645000;4;3;1;0,0
22360006646000;12;7;5;52,8
22360006647000;20;10;10;33,5
22360006648000;297;148;149;38,3
22360006649000;233;111;122;39,2
22360006650000;21;12;9;33,1
22360006651000;11;6;5;31,4
22360006652000;17;8;9;30,4
22360006653000;19;11;8;37,7
22360006654000;57;28;29;40,9
22360006655000;12;8;4;34,6
22360006656000;19;10;9;50,7
22360006660000;28;11;17;44,9
22360006661000;75;38;37;46,4
22360006662000;41;24;17;38,8
22360006663000;43;20;23;41,5
22360006664000;31;16;15;35,0
22360006665000;53;29;24;47,1
22360006668000;10;4;6;51,6
22360006669000;164;79;85;37,4
22360006670000;84;36;48;41,8
22360006671000;18;10;8;53,5
22360006672000;20;13;7;36,2
22360006674000;31;11;20;47,4
22360006675000;4;2;2;0,0
22360006676000;27;8;19;31,0
22360006677000;640;323;317;37,7
22360006678000;757;380;377;46,4
22360006679000;1597;806;791;44,1
22360006680000;1392;699;693;42,5
22360006681000;548;245;303;46,3
22360006682000;113;53;60;37,8
22360006683000;46;26;20;49,7
22360006684000;39;20;19;31,7
22360006685000;4;2;2;0,0
22360006686000;46;25;21;42,6
22360006687000;1;1;0;0,0
22360006719000;4;1;3;0,0
22360006720000;5;3;2;28,8
22360006749000;18;10;8;33,7
22360006750000;74;40;34;39,0
22360006754000;8;3;5;37,9
22360006755000;4;2;2;0,0
22360006756000;4;2;2;0,0
22360006764000;2;1;1;0,0
22360006765000;26;13;13;36,8
22360006766000;47;20;27;34,4
22360006767000;45;22;23;33,7
22360006768000;22;11;11;38,3
22360006769000;3;1;2;0,0
22360006772000;6;4;2;38,0
22360006794000;7;3;4;37,4
22360006796000;3;3;0;0,0
22360006797000;13;7;6;23,3
22360006798000;13;7;6;29,2
22360006800000;8;3;5;50,9
22360006807000;1;0;1;0,0
22360006810000;4;3;1;0,0
22360006832000;6;4;2;60,5
22360006833000;35;18;17;51,5
22360006834000;57;31;26;40,7
22360006835000;7;5;2;44,1
22360006838000;2;1;1;0,0
22360006839000;9;4;5;46,0
22360006840000;7;4;3;55,6
22360006892000;18;9;9;36,3
22360006895000;2;1;1;0,0
22360006899000;4;2;2;0,0
22360006900000;28;15;13;48,0
22360006954000;1;1;0;0,0
22360006957000;1;1;0;0,0
22360006958000;19;10;9;38,8
22360006979000;2;1;1;0,0
22360006980000;9;6;3;33,9
22360006981000;4;2;2;0,0
22360006982000;2;2;0;0,0
22360006983000;5;2;3;41,6
22360006984000;16;8;8;51,8
22360006985000;33;17;16;38,3
22360006991000;3;2;1;0,0
22360006992000;6;3;3;37,7
22360006993000;1;0;1;0,0
22360007007000;2;1;1;0,0
22360007013000;22;10;12;33,0
22360007014000;60;31;29;35,1
22360007015000;36;18;18;33,9
22360007016000;43;23;20;34,2
22360007017000;44;21;23;40,1
22360007018000;173;92;81;40,3
22360007020000;35;14;21;27,4
22360007021000;17;9;8;29,8
22360007022000;23;11;12;34,9
22360007023000;23;10;13;29,8
22360007024000;36;18;18;40,9
22360007025000;8;5;3;44,1
22360007026000;19;11;8;47,2
22360007027000;38;18;20;42,6
22360007029000;3;1;2;0,0
22360007048000;6;4;2;52,2
22360007064000;18;10;8;48,6
22360007065000;19;12;7;35,2
22360007066000;3;2;1;0,0
22360007072000;545;246;299;40,6
22360007073000;406;199;207;43,3
22360007074000;51;29;22;42,9
22360007075000;51;24;27;35,7
22360007076000;26;17;9;40,5
22360007077000;50;26;24;35,0
22360007078000;30;13;17;47,3
22360007081000;4;2;2;0,0
22360007085000;16;8;8;43,3
22360007086000;10;5;5;37,4
22360007087000;20;20;0;38,7
22360007088000;9;4;5;38,8
22370006556000;10;4;6;52,3
22370006557000;14;10;4;36,1
22370006558000;26;15;11;41,7
22370006559000;4;2;2;0,0
22370006560000;99;47;52;41,5
22370006561000;396;201;195;41,1
22370006562000;267;131;136;37,7
22370006563000;96;49;47;41,1
22370006564000;321;167;154;41,1
22370006565000;145;64;81;43,3
22370006566000;70;34;36;41,6
22370006567000;145;74;71;42,4
22370006568000;94;48;46;44,4
22370006569000;140;70;70;35,7
22370006570000;121;58;63;34,2
22370006571000;190;95;95;37,6
22370006572000;68;37;31;36,2
22370006573000;183;94;89;40,5
22370006574000;277;123;154;42,8
22370006575000;1042;453;589;47,9
22370006576000;1913;941;972;38,2
22370006577000;606;300;306;39,3
22370006578000;1226;635;591;41,6
22370006579000;43;23;20;51,5
22370006580000;26;13;13;32,7
22370006581000;25;12;13;39,3
22370006582000;3;2;1;0,0
22370006584000;654;334;320;35,4
22370006585000;34;19;15;41,9
22370006586000;15;9;6;43,1
22370006587000;2;1;1;0,0
22370006588000;12;6;6;44,6
22370006589000;27;20;7;42,6
22370006590000;33;17;16;38,9
22370006591000;23;14;9;36,0
22370006592000;8;5;3;50,3
22370006593000;17;9;8;42,8
22370006594000;32;16;16;27,5
22370006595000;31;19;12;36,6
22370006596000;204;92;112;35,9
22370006597000;23;13;10;28,4
22370006598000;30;17;13;39,7
22370006599000;6;2;4;43,5
22370006606000;9;5;4;53,7
22370006607000;8;3;5;48,0
22370006608000;56;31;25;36,6
22370006609000;39;21;18;41,9
22370006625000;212;109;103;36,0
22370006626000;71;38;33;45,7
22370006628000;4;2;2;0,0
22370006629000;4;4;0;0,0
22370006630000;843;407;436;35,7
22370006631000;551;287;264;36,3
22370006632000;412;206;206;47,1
22370006633000;11;4;7;52,1
22370006639000;393;204;189;38,6
22370006640000;719;355;364;29,6
22370006641000;159;89;70;34,7
22370006642000;25;14;11;40,2
22370006643000;2;1;1;0,0
22370006647000;32;16;16;41,5
22370006648000;53;28;25;38,0
22370006649000;141;74;67;39,3
22370006651000;2;1;1;0,0
22370006652000;10;7;3;34,9
22370006653000;22;15;7;40,0
22370006654000;6;3;3;52,7
22370006655000;9;4;5;24,2
22370006659000;2;1;1;0,0
22370006660000;53;27;26;39,8
22370006666000;271;145;126;34,0
22370006667000;18;9;9;44,3
22370006668000;45;20;25;40,9
22370006669000;471;207;264;49,1
22370006670000;427;211;216;40,4
22370006671000;97;43;54;46,2
22370006672000;22;8;14;30,2
22370006673000;79;46;33;41,2
22370006674000;74;40;34;44,6
22370006675000;235;118;117;39,9
22370006676000;63;33;30;42,0
22370006677000;145;72;73;43,7
22370006678000;473;240;233;38,9
22370006679000;1419;678;741;44,8
22370006680000;1984;923;1061;44,2
22370006681000;628;322;306;37,5
22370006682000;130;63;67;26,9
22370006683000;82;44;38;47,7
22370006684000;103;56;47;33,4
22370006685000;165;83;82;41,6
22370006686000;11;3;8;52,1
22370006690000;1;1;0;0,0
22370006718000;33;15;18;44,9
22370006719000;10;6;4;61,6
22370006748000;18;7;11;29,5
22370006749000;7;5;2;29,4
22370006750000;97;47;50;35,0
22370006754000;29;13;16;32,4
22370006755000;11;7;4;53,2
22370006756000;14;7;7;45,6
22370006764000;26;14;12;43,3
22370006765000;63;33;30;42,0
22370006767000;3;2;1;0,0
22370006772000;7;3;4;41,9
22370006793000;6;2;4;31,7
22370006794000;28;17;11;56,0
22370006795000;19;9;10;32,8
22370006796000;26;14;12;42,7
22370006797000;2;0;2;0,0
22370006803000;6;3;3;48,5
22370006809000;1;1;0;0,0
22370006810000;20;12;8;35,2
22370006832000;2;1;1;0,0
22370006833000;16;13;3;43,4
22370006834000;35;15;20;45,3
22370006835000;5;3;2;25,6
22370006836000;18;10;8;40,4
22370006837000;7;5;2;30,4
22370006838000;33;18;15;37,9
22370006839000;24;9;15;42,5
22370006885000;15;9;6;36,1
22370006892000;1;1;0;0,0
22370006895000;11;6;5;31,2
22370006896000;5;2;3;45,4
22370006897000;2;1;1;0,0
22370006899000;9;7;2;38,6
22370006900000;3;2;1;0,0
22370006957000;52;27;25;31,1
22370006958000;32;16;16;42,3
22370006959000;4;3;1;0,0
22370006965000;2;1;1;0,0
22370006979000;50;27;23;46,8
22370006980000;46;25;21;35,7
22370006981000;14;8;6;56,1
22370006982000;102;50;52;48,0
22370006983000;53;27;26;42,1
22370006984000;7;3;4;33,0
22370007015000;15;9;6;36,2
22370007016000;5;4;1;31,4
22370007018000;158;79;79;33,7
22370007019000;63;34;29;40,0
22370007020000;71;38;33;31,8
22370007021000;40;24;16;37,6
22370007022000;17;8;9;47,4
22370007023000;36;19;17;34,0
22370007024000;74;36;38;40,9
22370007025000;70;32;38;39,6
22370007026000;19;10;9;40,2
22370007027000;27;15;12;45,5
22370007030000;6;2;4;30,3
22370007048000;4;2;2;0,0
22370007049000;10;3;7;29,6
22370007051000;3;1;2;0,0
22370007064000;23;12;11;37,0
22370007065000;35;17;18;35,5
22370007067000;21;14;7;37,1
22370007074000;3;1;2;0,0
22370007075000;58;28;30;32,3
22370007076000;28;13;15;48,9
22370007077000;182;93;89;38,0
22370007078000;84;37;47;38,1
22370007079000;13;8;5;51,5
22370007085000;7;3;4;61,6
22370007086000;30;16;14;40,2
22370007087000;55;31;24;41,5
22370007088000;17;11;6;56,1
22370007089000;1;0;1;0,0
22380006556000;24;15;9;53,8
22380006557000;258;132;126;43,3
22380006558000;84;42;42;52,5
22380006559000;37;20;17;52,7
22380006560000;32;16;16;52,4
22380006562000;29;16;13;42,5
22380006563000;20;13;7;47,6
22380006565000;60;32;28;50,6
22380006566000;8;5;3;31,9
22380006567000;263;129;134;38,2
22380006568000;353;172;181;39,5
22380006569000;60;34;26;33,5
22380006570000;28;13;15;46,5
22380006571000;60;31;29;40,4
22380006572000;159;75;84;36,3
22380006573000;195;78;117;57,0
22380006574000;382;197;185;38,0
22380006575000;1115;555;560;37,4
22380006576000;1850;878;972;37,2
22380006577000;1801;852;949;39,3
22380006578000;2588;1341;1247;39,7
22380006579000;2598;1286;1312;43,7
22380006580000;357;173;184;47,7
22380006581000;82;36;46;38,5
22380006582000;132;59;73;35,1
22380006583000;21;12;9;50,5
22380006584000;786;388;398;36,3
22380006585000;114;58;56;36,5
22380006586000;3;2;1;0,0
22380006588000;2;1;1;0,0
22380006589000;32;19;13;45,0
22380006590000;18;11;7;45,6
22380006591000;439;224;215;32,0
22380006592000;368;184;184;34,9
22380006593000;38;17;21;37,7
22380006594000;6;1;5;55,7
22380006595000;289;139;150;38,1
22380006596000;310;150;160;42,4
22380006597000;61;30;31;38,8
22380006598000;1;0;1;0,0
22380006608000;84;42;42;40,3
22380006609000;372;187;185;36,3
22380006610000;15;8;7;42,1
22380006612000;7;2;5;35,7
22380006624000;71;37;34;42,4
22380006625000;562;300;262;38,6
22380006626000;2;1;1;0,0
22380006628000;14;7;7;46,3
22380006629000;98;59;39;33,7
22380006630000;45;25;20;37,6
22380006631000;1269;619;650;37,8
22380006632000;673;319;354;37,1
22380006633000;36;23;13;43,9
22380006634000;2;2;0;0,0
22380006635000;3;2;1;0,0
22380006639000;19;8;11;45,0
22380006640000;686;348;338;35,1
22380006641000;164;85;79;37,6
22380006642000;14;8;6;44,0
22380006650000;3;1;2;0,0
22380006658000;13;5;8;49,2
22380006666000;23;13;10;39,1
22380006667000;90;48;42;54,0
22380006668000;319;160;159;41,3
22380006669000;28;19;9;38,5
22380006670000;301;157;144;28,4
22380006671000;429;203;226;34,1
22380006672000;11;4;7;52,4
22380006673000;30;13;17;44,4
22380006674000;9;5;4;56,0
22380006675000;125;63;62;41,1
22380006676000;48;21;27;37,7
22380006677000;6;4;2;52,2
22380006678000;67;31;36;43,5
22380006679000;277;140;137;38,1
22380006680000;358;172;186;49,0
22380006681000;115;61;54;37,8
22380006682000;58;28;30;29,4
22380006685000;20;10;10;47,5
22380006686000;22;13;9;51,4
22380006712000;9;5;4;34,9
22380006716000;2;1;1;0,0
22380006747000;2;1;1;0,0
22380006748000;36;20;16;50,3
22380006750000;131;73;58;37,3
22380006753000;7;3;4;30,9
22380006754000;1;0;1;0,0
22380006755000;19;9;10;38,8
22380006756000;14;8;6;51,9
22380006757000;5;2;3;16,6
22380006758000;2;1;1;0,0
22380006764000;4;2;2;0,0
22380006765000;37;19;18;38,5
22380006766000;10;6;4;44,0
22380006789000;8;5;3;38,1
22380006790000;6;4;2;59,7
22380006791000;4;2;2;0,0
22380006792000;24;13;11;55,3
22380006793000;24;14;10;39,5
22380006794000;161;77;84;53,2
22380006795000;72;35;37;48,2
22380006796000;9;4;5;50,8
22380006801000;1;1;0;0,0
22380006802000;37;22;15;38,0
22380006803000;22;13;9;50,1
22380006804000;12;6;6;32,6
22380006809000;4;0;4;0,0
22380006831000;2;1;1;0,0
22380006833000;56;30;26;42,2
22380006834000;84;40;44;37,2
22380006835000;7;5;2;51,0
22380006836000;9;3;6;38,8
22380006837000;4;1;3;0,0
22380006840000;2;1;1;0,0
22380006879000;3;1;2;0,0
22380006885000;1;0;1;0,0
22380006889000;4;3;1;0,0
22380006896000;1;1;0;0,0
22380006897000;3;1;2;0,0
22380006899000;203;104;99;46,7
22380006900000;55;30;25;41,6
22380006957000;12;7;5;34,7
22380006958000;7;4;3;37,6
22380006965000;10;6;4;45,8
22380006979000;87;44;43;41,3
22380006981000;12;8;4;37,7
22380006982000;7;3;4;43,9
22380007007000;2;1;1;0,0
22380007012000;3;1;2;0,0
22380007017000;21;13;8;34,7
22380007018000;18;12;6;35,9
22380007019000;59;27;32;36,2
22380007020000;50;26;24;38,0
22380007021000;15;10;5;42,9
22380007023000;66;33;33;34,6
22380007024000;104;49;55;31,7
22380007025000;137;64;73;38,5
22380007026000;14;8;6;57,4
22380007027000;69;37;32;40,0
22380007028000;7;3;4;42,6
22380007030000;23;11;12;34,8
22380007049000;2;1;1;0,0
22380007050000;1;1;0;0,0
22380007064000;5;3;2;52,8
22380007065000;39;21;18;54,8
22380007066000;7;3;4;42,6
22380007074000;23;12;11;43,5
22380007075000;181;95;86;39,8
22380007076000;71;31;40;41,0
22380007077000;368;188;180;38,6
22380007078000;24;12;12;50,2
22380007079000;79;45;34;37,1
22380007080000;39;22;17;34,3
22380007081000;35;18;17;43,1
22380007082000;14;7;7;35,8
22380007085000;6;4;2;33,7
22380007086000;16;9;7;42,6
22380007087000;30;17;13;36,2
22380007088000;16;8;8;34,3
22380007089000;34;16;18;34,9
22380007090000;3;1;2;0,0
22390006556000;5;1;4;45,8
22390006557000;115;58;57;48,5
22390006558000;113;54;59;48,4
22390006565000;9;7;2;25,0
22390006566000;41;21;20;38,9
22390006567000;59;28;31;50,3
22390006568000;441;214;227;41,7
22390006569000;334;159;175;34,2
22390006570000;389;194;195;40,4
22390006571000;661;306;355;40,1
22390006572000;380;197;183;38,5
22390006573000;452;214;238;39,5
22390006574000;310;154;156;39,4
22390006575000;682;320;362;44,8
22390006576000;220;112;108;40,9
22390006577000;401;186;215;46,1
22390006578000;1392;663;729;42,6
22390006579000;1808;811;997;38,1
22390006580000;1302;589;713;46,5
22390006581000;1617;825;792;40,3
22390006582000;1845;908;937;37,4
22390006583000;671;326;345;32,3
22390006584000;7;5;2;53,6
22390006585000;108;66;42;45,1
22390006586000;92;47;45;40,6
22390006587000;26;13;13;50,8
22390006588000;16;11;5;43,8
22390006589000;45;23;22;35,3
22390006590000;29;16;13;37,7
22390006591000;583;295;288;33,5
22390006592000;364;182;182;35,5
22390006593000;34;17;17;45,0
22390006594000;53;33;20;38,6
22390006595000;15;6;9;35,1
22390006597000;13;5;8;50,9
22390006598000;4;3;1;0,0
22390006608000;5;3;2;50,6
22390006609000;129;68;61;42,9
22390006610000;531;269;262;41,3
22390006611000;159;77;82;35,9
22390006612000;66;36;30;43,7
22390006613000;12;6;6;36,4
22390006614000;16;9;7;34,6
22390006616000;4;2;2;0,0
22390006617000;42;21;21;50,3
22390006618000;33;17;16;28,3
22390006619000;3;2;1;0,0
22390006621000;10;5;5;50,4
22390006622000;86;44;42;48,8
22390006623000;74;38;36;45,9
22390006624000;60;30;30;45,4
22390006625000;19;11;8;37,6
22390006628000;135;72;63;35,5
22390006629000;529;257;272;33,4
22390006630000;176;83;93;30,7
22390006631000;232;123;109;39,7
22390006632000;115;51;64;39,7
22390006633000;2;1;1;0,0
22390006639000;278;139;139;39,7
22390006640000;308;159;149;40,0
22390006641000;27;12;15;40,6
22390006642000;9;8;1;51,0
22390006643000;9;5;4;44,6
22390006651000;9;4;5;44,2
22390006656000;5;3;2;65,6
22390006657000;27;15;12;47,0
22390006665000;9;3;6;29,0
22390006667000;739;370;369;37,9
22390006668000;4;3;1;0,0
22390006672000;1;1;0;0,0
22390006673000;15;9;6;49,8
22390006674000;69;34;35;41,7
22390006675000;54;28;26;38,9
22390006676000;41;20;21;45,2
22390006677000;87;48;39;38,8
22390006678000;82;38;44;44,5
22390006679000;83;45;38;40,0
22390006680000;14;10;4;47,2
22390006681000;141;74;67;42,0
22390006682000;41;36;5;36,8
22390006683000;32;20;12;50,4
22390006711000;1;0;1;0,0
22390006712000;5;2;3;58,6
22390006713000;4;2;2;0,0
22390006714000;7;3;4;46,4
22390006715000;3;0;3;0,0
22390006716000;18;10;8;45,0
22390006717000;4;3;1;0,0
22390006741000;1;1;0;0,0
22390006744000;5;3;2;37,4
22390006745000;29;15;14;47,0
22390006746000;56;26;30;40,3
22390006747000;16;7;9;41,3
22390006748000;2;1;1;0,0
22390006750000;150;74;76;37,3
22390006751000;2;2;0;0,0
22390006754000;27;15;12;46,0
22390006755000;1;1;0;0,0
22390006756000;4;1;3;0,0
22390006757000;27;15;12;42,7
22390006765000;17;8;9;34,4
22390006766000;14;8;6;39,4
22390006767000;6;4;2;26,8
22390006787000;5;2;3;50,6
22390006788000;13;7;6;41,6
22390006789000;25;11;14;48,1
22390006790000;15;9;6;48,1
22390006791000;28;15;13;45,3
22390006792000;21;11;10;36,3
22390006793000;41;19;22;48,3
22390006794000;180;81;99;45,6
22390006795000;301;143;158;43,6
22390006796000;8;5;3;34,6
22390006799000;14;7;7;37,4
22390006800000;31;13;18;39,0
22390006801000;24;13;11;40,5
22390006802000;33;17;16;48,8
22390006803000;68;36;32;34,7
22390006804000;36;15;21;40,6
22390006805000;3;1;2;0,0
22390006822000;12;12;0;34,6
22390006823000;5;3;2;23,2
22390006831000;2;1;1;0,0
22390006832000;11;6;5;45,9
22390006833000;27;15;12;50,0
22390006834000;26;16;10;49,3
22390006840000;2;1;1;0,0
22390006879000;4;2;2;0,0
22390006880000;5;1;4;46,4
22390006881000;11;6;5;36,0
22390006883000;7;4;3;32,9
22390006884000;12;7;5;39,7
22390006887000;18;7;11;26,4
22390006888000;5;4;1;35,4
22390006897000;3;1;2;0,0
22390006898000;18;8;10;36,1
22390006899000;276;127;149;48,1
22390006900000;15;11;4;47,8
22390006901000;3;2;1;0,0
22390006959000;8;4;4;34,6
22390006960000;5;3;2;68,2
22390006961000;7;4;3;49,1
22390006962000;6;3;3;29,3
22390006966000;2;1;1;0,0
22390006977000;10;6;4;22,8
22390006978000;42;26;16;44,5
22390006979000;14;6;8;38,5
22390007006000;2;2;0;0,0
22390007011000;6;3;3;25,5
22390007015000;1;1;0;0,0
22390007017000;15;8;7;37,6
22390007018000;46;27;19;33,9
22390007019000;11;6;5;30,6
22390007023000;19;9;10;35,4
22390007024000;96;56;40;36,8
22390007025000;308;151;157;41,1
22390007026000;46;20;26;34,5
22390007027000;21;11;10;40,8
22390007028000;6;3;3;43,7
22390007030000;25;13;12;39,4
22390007031000;34;16;18;34,9
22390007049000;37;22;15;35,2
22390007051000;7;3;4;56,6
22390007052000;2;1;1;0,0
22390007058000;5;1;4;26,6
22390007060000;17;10;7;49,5
22390007061000;34;15;19;38,3
22390007064000;7;2;5;34,4
22390007065000;2;2;0;0,0
22390007066000;11;6;5;52,5
22390007068000;3;2;1;0,0
22390007074000;10;5;5;28,4
22390007075000;34;21;13;34,5
22390007076000;39;18;21;48,5
22390007077000;4;2;2;0,0
22390007078000;45;24;21;40,4
22390007079000;102;49;53;38,5
22390007080000;97;48;49;35,1
22390007081000;21;10;11;34,0
22390007083000;4;1;3;0,0
22390007084000;1;1;0;0,0
22390007086000;13;6;7;57,9
22390007087000;39;27;12;38,8
22390007089000;28;14;14;47,2
22390007090000;20;12;8;46,4
22400006568000;95;47;48;55,6
22400006569000;179;95;84;49,1
22400006570000;390;183;207;41,1
22400006571000;437;221;216;43,6
22400006572000;728;351;377;40,7
22400006573000;914;453;461;43,1
22400006574000;520;257;263;36,8
22400006575000;768;372;396;44,7
22400006576000;360;177;183;46,3
22400006577000;381;195;186;42,3
22400006578000;1361;640;721;39,3
22400006579000;1392;667;725;45,8
22400006580000;567;278;289;44,0
22400006581000;40;21;19;44,2
22400006582000;70;43;27;39,0
22400006583000;317;160;157;32,6
22400006584000;16;8;8;46,7
22400006585000;47;24;23;39,1
22400006586000;21;11;10;35,2
22400006587000;110;53;57;42,3
22400006588000;108;60;48;37,1
22400006589000;119;72;47;31,1
22400006590000;19;10;9;39,1
22400006591000;102;58;44;27,9
22400006592000;20;8;12;39,5
22400006593000;46;22;24;39,3
22400006594000;16;9;7;32,8
22400006595000;16;9;7;45,4
22400006596000;37;23;14;39,1
22400006597000;44;24;20;38,5
22400006598000;10;5;5;44,2
22400006607000;1;1;0;0,0
22400006608000;11;5;6;42,8
22400006609000;2;1;1;0,0
22400006611000;20;8;12;37,1
22400006614000;6;4;2;39,8
22400006615000;87;49;38;40,1
22400006616000;701;342;359;47,1
22400006617000;970;472;498;39,9
22400006618000;1309;658;651;40,0
22400006619000;214;112;102;36,5
22400006620000;7;4;3;34,9
22400006621000;17;9;8;38,2
22400006622000;48;27;21;42,0
22400006626000;46;20;26;49,2
22400006627000;14;7;7;48,7
22400006628000;33;18;15;35,4
22400006629000;52;27;25;32,0
22400006630000;33;16;17;40,5
22400006631000;237;110;127;47,9
22400006632000;78;48;30;40,4
22400006638000;487;250;237;34,9
22400006639000;447;219;228;35,9
22400006640000;825;414;411;34,1
22400006641000;100;54;46;38,1
22400006642000;16;7;9;37,3
22400006655000;30;16;14;38,0
22400006656000;273;168;105;42,3
22400006657000;5;2;3;44,4
22400006660000;2;1;1;0,0
22400006667000;60;31;29;31,6
22400006668000;28;14;14;45,1
22400006669000;29;17;12;47,7
22400006670000;3;2;1;0,0
22400006674000;45;23;22;41,9
22400006675000;31;16;15;50,5
22400006676000;10;5;5;42,4
22400006677000;8;4;4;34,5
22400006678000;168;88;80;42,4
22400006679000;269;125;144;40,4
22400006680000;449;222;227;39,9
22400006681000;136;71;65;39,5
22400006682000;27;15;12;37,0
22400006683000;1;1;0;0,0
22400006714000;4;0;4;0,0
22400006716000;6;2;4;39,5
22400006718000;19;13;6;39,9
22400006719000;5;3;2;17,6
22400006740000;20;12;8;42,6
22400006741000;54;33;21;47,1
22400006742000;18;11;7;37,0
22400006743000;3;2;1;0,0
22400006745000;8;4;4;35,5
22400006746000;10;6;4;49,8
22400006747000;7;3;4;40,0
22400006748000;2;1;1;0,0
22400006749000;45;21;24;41,8
22400006750000;74;39;35;36,1
22400006751000;7;4;3;40,9
22400006757000;9;4;5;56,4
22400006758000;3;2;1;0,0
22400006765000;26;15;11;40,5
22400006766000;5;2;3;58,0
22400006767000;9;4;5;13,6
22400006779000;1;0;1;0,0
22400006786000;2;1;1;0,0
22400006787000;17;8;9;48,2
22400006788000;25;11;14;35,4
22400006789000;2;1;1;0,0
22400006790000;2;1;1;0,0
22400006791000;8;5;3;42,4
22400006793000;6;3;3;40,8
22400006794000;38;20;18;41,6
22400006795000;4;2;2;0,0
22400006796000;18;8;10;32,6
22400006797000;5;4;1;50,8
22400006798000;2;1;1;0,0
22400006799000;24;12;12;64,4
22400006800000;39;17;22;46,0
22400006801000;70;37;33;33,1
22400006802000;60;32;28;46,6
22400006803000;29;11;18;38,3
22400006804000;68;36;32;42,5
22400006805000;5;2;3;38,8
22400006821000;11;5;6;50,1
22400006822000;6;2;4;41,7
22400006825000;8;5;3;51,3
22400006830000;10;4;6;24,1
22400006832000;180;89;91;44,9
22400006833000;32;14;18;40,5
22400006834000;5;3;2;53,4
22400006841000;3;2;1;0,0
22400006842000;2;1;1;0,0
22400006844000;7;1;6;38,6
22400006845000;4;2;2;0,0
22400006847000;12;3;9;36,8
22400006875000;4;3;1;0,0
22400006891000;1;1;0;0,0
22400006897000;4;3;1;0,0
22400006898000;32;14;18;42,0
22400006899000;11;5;6;54,5
22400006900000;2;1;1;0,0
22400006960000;11;7;4;56,1
22400006961000;6;4;2;61,8
22400006962000;4;2;2;0,0
22400006963000;6;2;4;31,0
22400006977000;11;7;4;40,5
22400006978000;30;15;15;37,6
22400006979000;9;4;5;40,4
22400007015000;2;0;2;0,0
22400007018000;16;7;9;38,5
22400007023000;4;1;3;0,0
22400007024000;12;8;4;34,4
22400007025000;793;354;439;46,5
22400007026000;820;411;409;38,0
22400007027000;139;70;69;39,5
22400007028000;51;29;22;39,9
22400007029000;2;2;0;0,0
22400007030000;156;82;74;31,9
22400007031000;451;225;226;35,8
22400007032000;5;4;1;45,6
22400007049000;30;18;12;35,8
22400007050000;22;11;11;45,0
22400007051000;48;26;22;36,4
22400007052000;78;40;38;43,5
22400007053000;49;25;24;38,6
22400007058000;4;2;2;0,0
22400007059000;2;1;1;0,0
22400007060000;8;8;0;37,0
22400007074000;7;3;4;33,4
22400007075000;28;16;12;41,6
22400007076000;4;2;2;0,0
22400007077000;1;1;0;0,0
22400007079000;3;2;1;0,0
22400007080000;31;15;16;54,0
22400007081000;12;6;6;59,8
22400007082000;2;1;1;0,0
22400007083000;10;4;6;34,0
22400007087000;2;1;1;0,0
22400007089000;5;2;3;23,4
22400007090000;78;35;43;40,5
22400007091000;44;25;19;39,4
22410006571000;6;3;3;44,0
22410006573000;1;1;0;0,0
22410006574000;101;47;54;47,6
22410006575000;794;386;408;40,3
22410006576000;862;441;421;43,8
22410006577000;1009;497;512;41,1
22410006578000;287;131;156;50,4
22410006579000;2057;971;1086;41,5
22410006580000;802;410;392;37,4
22410006581000;178;100;78;36,2
22410006582000;104;56;48;37,3
22410006583000;61;33;28;36,1
22410006584000;39;20;19;39,9
22410006585000;7;5;2;46,1
22410006586000;6;3;3;43,8
22410006587000;1256;612;644;42,1
22410006588000;396;195;201;42,4
22410006589000;31;13;18;30,6
22410006590000;176;92;84;39,8
22410006591000;722;354;368;42,6
22410006593000;13;8;5;35,2
22410006594000;14;8;6;35,1
22410006595000;255;127;128;39,7
22410006596000;658;322;336;39,7
22410006597000;663;329;334;41,7
22410006598000;138;69;69;42,7
22410006607000;5;4;1;23,2
22410006608000;7;4;3;62,7
22410006609000;18;10;8;47,9
22410006610000;47;23;24;47,9
22410006611000;167;84;83;49,2
22410006616000;151;72;79;46,8
22410006617000;430;211;219;48,2
22410006618000;176;93;83;40,7
22410006619000;3;1;2;0,0
22410006625000;30;17;13;41,6
22410006626000;58;31;27;40,5
22410006630000;13;5;8;44,2
22410006631000;690;353;337;35,2
22410006632000;836;405;431;37,7
22410006633000;525;274;251;30,8
22410006634000;5;2;3;26,6
22410006635000;6;4;2;40,0
22410006636000;1;1;0;0,0
22410006637000;6;4;2;49,5
22410006638000;272;138;134;37,2
22410006639000;25;9;16;40,8
22410006640000;1553;746;807;37,6
22410006641000;736;342;394;34,1
22410006642000;55;35;20;36,0
22410006643000;1;1;0;0,0
22410006646000;1;1;0;0,0
22410006654000;16;10;6;37,8
22410006655000;55;29;26;42,4
22410006656000;29;18;11;36,3
22410006657000;6;3;3;46,2
22410006669000;9;4;5;46,0
22410006670000;7;3;4;49,4
22410006671000;43;23;20;41,0
22410006672000;18;11;7;40,6
22410006673000;22;10;12;36,9
22410006674000;23;12;11;41,4
22410006675000;85;45;40;42,9
22410006676000;27;11;16;31,0
22410006678000;41;26;15;56,3
22410006679000;589;299;290;38,1
22410006680000;869;435;434;40,5
22410006681000;89;48;41;44,3
22410006682000;96;50;46;35,6
22410006683000;68;29;39;40,3
22410006717000;16;6;10;57,4
22410006718000;47;18;29;49,8
22410006719000;44;23;21;44,9
22410006720000;22;12;10;50,2
22410006721000;7;2;5;47,0
22410006722000;1;1;0;0,0
22410006723000;10;6;4;34,1
22410006724000;8;5;3;59,0
22410006726000;7;4;3;47,6
22410006738000;2;1;1;0,0
22410006739000;24;14;10;45,2
22410006740000;7;3;4;35,1
22410006741000;1;1;0;0,0
22410006743000;3;2;1;0,0
22410006744000;17;9;8;53,0
22410006745000;23;16;7;40,6
22410006746000;138;64;74;37,8
22410006747000;65;31;34;37,5
22410006748000;20;13;7;45,1
22410006749000;56;28;28;42,9
22410006750000;31;16;15;41,0
22410006754000;9;5;4;46,4
22410006758000;8;5;3;43,5
22410006764000;13;6;7;38,5
22410006765000;17;10;7;53,1
22410006766000;8;4;4;48,6
22410006767000;3;2;1;0,0
22410006786000;6;4;2;31,7
22410006787000;26;12;14;37,1
22410006794000;5;3;2;51,4
22410006795000;2;1;1;0,0
22410006796000;6;4;2;50,3
22410006797000;19;9;10;34,6
22410006798000;29;14;15;49,9
22410006799000;6;4;2;58,0
22410006800000;94;56;38;36,4
22410006801000;24;14;10;39,3
22410006802000;33;18;15;39,1
22410006803000;9;5;4;29,3
22410006804000;50;25;25;47,2
22410006805000;12;6;6;49,8
22410006806000;23;11;12;37,7
22410006807000;8;5;3;26,3
22410006820000;11;5;6;42,0
22410006821000;12;5;7;28,5
22410006824000;8;5;3;38,9
22410006826000;13;6;7;38,2
22410006827000;3;2;1;0,0
22410006828000;12;8;4;62,4
22410006829000;17;6;11;31,2
22410006830000;16;6;10;37,9
22410006831000;572;268;304;45,3
22410006832000;346;173;173;44,7
22410006833000;2;1;1;0,0
22410006844000;1;0;1;0,0
22410006897000;16;8;8;39,9
22410006898000;84;42;42;46,6
22410006899000;25;12;13;34,3
22410006961000;1;1;0;0,0
22410006962000;16;8;8;42,3
22410006963000;4;2;2;0,0
22410006965000;5;2;3;35,4
22410006966000;1;0;1;0,0
22410006977000;13;6;7;44,5
22410006978000;11;4;7;50,2
22410007004000;1;1;0;0,0
22410007016000;11;5;6;37,6
22410007024000;60;29;31;40,6
22410007025000;73;44;29;34,1
22410007026000;14;8;6;29,2
22410007027000;746;357;389;38,6
22410007028000;740;354;386;43,4
22410007029000;805;391;414;46,8
22410007030000;124;71;53;44,8
22410007032000;3;2;1;0,0
22410007036000;2;1;1;0,0
22410007051000;12;7;5;51,9
22410007052000;47;21;26;39,3
22410007053000;84;43;41;45,9
22410007054000;10;7;3;56,3
22410007058000;5;2;3;66,4
22410007059000;9;5;4;64,1
22410007060000;3;2;1;0,0
22410007074000;146;75;71;43,6
22410007075000;197;100;97;36,5
22410007076000;17;6;11;28,1
22410007080000;12;9;3;45,3
22410007081000;25;16;9;49,6
22410007082000;10;4;6;38,5
22410007083000;6;4;2;43,0
22410007090000;12;6;6;50,3
22410007091000;28;15;13;37,0
22410007092000;11;5;6;57,3
22420006571000;5;3;2;30,8
22420006575000;35;20;15;49,6
22420006576000;113;54;59;42,7
22420006577000;472;233;239;39,8
22420006578000;1137;589;548;38,8
22420006579000;2208;1079;1129;39,8
22420006580000;636;298;338;35,5
22420006581000;1179;599;580;32,1
22420006582000;85;45;40;40,9
22420006583000;54;28;26;41,1
22420006584000;28;12;16;41,0
22420006585000;45;27;18;32,4
22420006586000;68;36;32;41,0
22420006587000;668;334;334;45,9
22420006588000;550;272;278;43,7
22420006590000;14;8;6;50,7
22420006591000;173;93;80;36,6
22420006592000;608;271;337;46,2
22420006593000;1486;737;749;38,3
22420006594000;2515;1231;1284;37,3
22420006595000;2473;1234;1239;40,3
22420006596000;1621;829;792;38,4
22420006597000;315;146;169;45,5
22420006598000;1;1;0;0,0
22420006607000;11;6;5;36,0
22420006608000;6;3;3;44,5
22420006609000;16;8;8;48,4
22420006610000;74;39;35;38,5
22420006611000;67;32;35;50,2
22420006612000;7;4;3;38,6
22420006613000;2;1;1;0,0
22420006615000;1;0;1;0,0
22420006616000;24;12;12;43,2
22420006617000;112;54;58;43,2
22420006619000;1;0;1;0,0
22420006620000;1;0;1;0,0
22420006622000;3;2;1;0,0
22420006623000;2;2;0;0,0
22420006625000;65;33;32;31,9
22420006626000;7;3;4;31,6
22420006630000;14;6;8;26,1
22420006631000;745;384;361;40,8
22420006632000;364;189;175;39,3
22420006633000;35;18;17;27,9
22420006634000;122;63;59;36,2
22420006635000;367;194;173;35,3
22420006636000;8;5;3;32,1
22420006637000;12;8;4;33,7
22420006638000;100;46;54;34,0
22420006639000;1;1;0;0,0
22420006640000;192;98;94;36,1
22420006641000;1323;633;690;37,6
22420006642000;321;165;156;36,8
22420006643000;99;47;52;40,9
22420006644000;9;4;5;22,8
22420006654000;19;10;9;33,3
22420006672000;43;23;20;39,2
22420006673000;45;23;22;37,4
22420006674000;133;66;67;37,3
22420006675000;26;16;10;36,1
22420006678000;16;8;8;52,4
22420006679000;69;34;35;37,7
22420006680000;71;38;33;43,2
22420006681000;60;31;29;45,3
22420006682000;46;27;19;38,0
22420006683000;75;41;34;37,5
22420006685000;56;24;32;29,3
22420006686000;5;2;3;51,4
22420006687000;57;29;28;31,6
22420006693000;12;6;6;30,4
22420006694000;5;3;2;42,0
22420006695000;30;16;14;40,2
22420006697000;3;1;2;0,0
22420006717000;14;7;7;35,0
22420006718000;11;7;4;46,6
22420006721000;3;2;1;0,0
22420006725000;4;1;3;0,0
22420006726000;17;11;6;36,6
22420006727000;9;4;5;46,9
22420006728000;2;1;1;0,0
22420006737000;15;7;8;52,3
22420006738000;58;26;32;45,8
22420006739000;32;16;16;45,7
22420006741000;11;5;6;41,2
22420006742000;14;8;6;39,6
22420006746000;63;32;31;45,5
22420006747000;16;7;9;48,7
22420006748000;11;8;3;34,5
22420006749000;5;3;2;45,4
22420006750000;36;16;20;34,8
22420006753000;10;6;4;27,0
22420006754000;2;2;0;0,0
22420006758000;29;15;14;41,2
22420006761000;1;0;1;0,0
22420006763000;5;2;3;41,2
22420006764000;52;26;26;40,0
22420006765000;21;9;12;57,3
22420006766000;6;4;2;52,5
22420006767000;2;1;1;0,0
22420006786000;11;5;6;35,4
22420006794000;3;2;1;0,0
22420006795000;15;9;6;47,7
22420006796000;45;23;22;36,5
22420006797000;87;42;45;37,6
22420006798000;63;37;26;41,6
22420006799000;51;28;23;38,3
22420006800000;59;30;29;35,8
22420006801000;48;24;24;46,5
22420006802000;27;13;14;44,6
22420006804000;42;25;17;32,1
22420006805000;135;63;72;40,6
22420006806000;18;9;9;42,8
22420006807000;12;7;5;53,4
22420006819000;3;3;0;0,0
22420006820000;12;9;3;37,5
22420006821000;26;15;11;50,8
22420006822000;42;18;24;29,6
22420006823000;22;9;13;29,7
22420006824000;21;11;10;42,8
22420006825000;29;16;13;36,5
22420006826000;9;3;6;36,1
22420006828000;2;2;0;0,0
22420006829000;9;4;5;58,7
22420006830000;147;72;75;45,6
22420006831000;154;79;75;43,2
22420006832000;51;26;25;41,7
22420006833000;72;33;39;49,1
22420006896000;10;3;7;37,4
22420006897000;23;12;11;56,8
22420006898000;21;11;10;36,5
22420006961000;1;1;0;0,0
22420006962000;2;1;1;0,0
22420006963000;15;9;6;51,4
22420006967000;16;11;5;34,6
22420006968000;3;1;2;0,0
22420006977000;8;4;4;37,6
22420007016000;3;1;2;0,0
22420007017000;2;2;0;0,0
22420007024000;4;2;2;0,0
22420007027000;67;33;34;37,9
22420007028000;119;61;58;37,3
22420007029000;923;466;457;39,0
22420007030000;1752;866;886;39,3
22420007033000;7;4;3;41,9
22420007036000;3;2;1;0,0
22420007048000;5;3;2;37,6
22420007049000;6;3;3;56,7
22420007051000;269;137;132;38,9
22420007052000;154;72;82;49,5
22420007053000;15;6;9;44,9
22420007054000;1;0;1;0,0
22420007056000;13;8;5;61,8
22420007057000;14;7;7;68,6
22420007074000;36;20;16;43,6
22420007075000;22;16;6;44,5
22420007076000;2;1;1;0,0
22420007079000;12;5;7;43,4
22420007080000;14;7;7;47,7
22420007081000;168;88;80;34,5
22420007082000;55;29;26;22,5
22420007083000;29;12;17;36,7
22420007090000;38;20;18;30,6
22420007091000;47;25;22;42,6
22420007092000;32;15;17;38,3
22420007093000;2;1;1;0,0
22430006577000;175;84;91;36,0
22430006578000;191;99;92;47,8
22430006579000;479;240;239;40,9
22430006580000;692;329;363;38,0
22430006581000;437;210;227;40,2
22430006582000;110;57;53;34,8
22430006583000;284;138;146;35,9
22430006584000;153;85;68;40,7
22430006585000;95;50;45;48,1
22430006586000;198;101;97;42,4
22430006587000;2;1;1;0,0
22430006591000;12;6;6;50,4
22430006592000;5;4;1;26,2
22430006593000;1684;828;856;42,0
22430006594000;3645;1803;1842;42,0
22430006595000;2815;1386;1429;44,1
22430006596000;3;2;1;0,0
22430006609000;37;18;19;34,1
22430006610000;74;32;42;36,1
22430006611000;60;32;28;41,6
22430006612000;17;7;10;29,8
22430006616000;134;56;78;43,7
22430006617000;474;239;235;39,8
22430006618000;13;7;6;29,6
22430006620000;10;5;5;43,0
22430006623000;12;6;6;49,4
22430006628000;17;8;9;33,6
22430006629000;13;6;7;36,3
22430006630000;67;40;27;35,4
22430006631000;47;27;20;40,1
22430006632000;25;15;10;29,3
22430006633000;21;8;13;44,5
22430006634000;44;26;18;36,4
22430006635000;550;291;259;34,3
22430006636000;679;319;360;42,2
22430006637000;642;327;315;35,9
22430006638000;29;19;10;35,2
22430006639000;926;432;494;42,5
22430006640000;2751;1363;1388;37,6
22430006641000;1787;875;912;36,0
22430006642000;1866;899;967;38,9
22430006643000;404;216;188;38,8
22430006644000;18;11;7;44,1
22430006645000;6;4;2;36,2
22430006646000;2;2;0;0,0
22430006647000;1;0;1;0,0
22430006653000;34;18;16;36,5
22430006654000;28;14;14;38,9
22430006674000;16;6;10;54,7
22430006678000;3;2;1;0,0
22430006681000;48;23;25;35,3
22430006682000;88;45;43;41,5
22430006683000;145;62;83;36,1
22430006684000;95;47;48;41,7
22430006685000;657;325;332;37,6
22430006686000;607;310;297;39,5
22430006687000;572;287;285;38,2
22430006688000;235;118;117;36,9
22430006692000;31;13;18;49,3
22430006693000;20;9;11;46,6
22430006694000;1;0;1;0,0
22430006695000;1;0;1;0,0
22430006696000;7;4;3;57,1
22430006697000;16;7;9;55,1
22430006698000;59;37;22;40,7
22430006701000;1;1;0;0,0
22430006717000;16;9;7;32,2
22430006719000;5;3;2;57,6
22430006720000;46;28;18;45,1
22430006721000;21;11;10;40,8
22430006722000;4;2;2;0,0
22430006727000;25;14;11;50,0
22430006735000;2;1;1;0,0
22430006736000;3;3;0;0,0
22430006737000;13;6;7;47,8
22430006738000;1;0;1;0,0
22430006740000;26;15;11;42,4
22430006741000;11;5;6;51,6
22430006742000;15;9;6;45,7
22430006743000;31;16;15;38,7
22430006745000;6;3;3;31,0
22430006746000;10;4;6;31,6
22430006747000;23;10;13;38,7
22430006748000;4;2;2;0,0
22430006750000;2;1;1;0,0
22430006752000;14;8;6;38,1
22430006753000;41;17;24;39,8
22430006754000;3;1;2;0,0
22430006759000;24;16;8;32,5
22430006760000;28;13;15;34,8
22430006763000;9;5;4;52,7
22430006764000;8;7;1;32,5
22430006765000;12;7;5;40,4
22430006785000;7;5;2;39,9
22430006786000;25;15;10;42,6
22430006796000;30;16;14;42,4
22430006797000;379;183;196;43,2
22430006798000;348;191;157;39,2
22430006799000;43;23;20;39,6
22430006800000;29;20;9;41,6
22430006801000;7;4;3;64,1
22430006804000;2;1;1;0,0
22430006805000;20;9;11;49,4
22430006806000;18;8;10;42,6
22430006812000;1;1;0;0,0
22430006817000;7;4;3;36,3
22430006818000;2;1;1;0,0
22430006819000;21;10;11;49,1
22430006820000;86;46;40;38,7
22430006821000;51;28;23;42,4
22430006822000;43;20;23;34,9
22430006823000;227;114;113;42,7
22430006824000;6;4;2;47,3
22430006826000;7;4;3;51,4
22430006827000;37;21;16;37,6
22430006828000;15;7;8;49,3
22430006829000;32;18;14;40,3
22430006830000;37;19;18;37,3
22430006831000;8;3;5;49,4
22430006834000;2;1;1;0,0
22430006872000;1;1;0;0,0
22430006897000;18;9;9;48,3
22430006898000;4;2;2;0,0
22430006961000;10;4;6;31,5
22430006962000;8;5;3;30,4
22430006965000;1;1;0;0,0
22430006966000;24;13;11;52,1
22430006967000;31;15;16;36,2
22430006968000;26;14;12;42,2
22430006969000;22;10;12;49,3
22430006970000;13;8;5;55,7
22430006971000;4;2;2;0,0
22430006976000;1;1;0;0,0
22430007006000;12;7;5;37,1
22430007011000;3;2;1;0,0
22430007012000;1;0;1;0,0
22430007030000;9;5;4;38,8
22430007033000;8;5;3;30,6
22430007034000;6;3;3;29,5
22430007036000;10;6;4;52,6
22430007049000;16;8;8;39,4
22430007050000;15;6;9;49,7
22430007051000;78;41;37;37,0
22430007056000;2;1;1;0,0
22430007065000;41;22;19;47,0
22430007066000;19;9;10;47,7
22430007070000;3;2;1;0,0
22430007075000;42;24;18;45,5
22430007076000;5;2;3;73,4
22430007078000;11;4;7;49,0
22430007079000;5;3;2;18,0
22430007080000;64;28;36;39,5
22430007081000;188;85;103;49,1
22430007083000;4;2;2;0,0
22430007088000;3;3;0;0,0
22430007089000;5;3;2;46,4
22430007090000;57;30;27;41,0
22430007091000;125;60;65;45,0
22440006581000;242;126;116;40,1
22440006582000;85;34;51;39,2
22440006583000;43;22;21;44,3
22440006584000;43;19;24;40,9
22440006594000;30;17;13;46,9
22440006595000;67;30;37;48,6
22440006596000;143;77;66;46,1
22440006607000;2;1;1;0,0
22440006608000;5;3;2;40,2
22440006609000;33;17;16;34,2
22440006610000;35;22;13;45,9
22440006611000;9;5;4;28,0
22440006612000;2;1;1;0,0
22440006613000;2;1;1;0,0
22440006614000;19;10;9;45,6
22440006615000;63;30;33;38,6
22440006616000;51;28;23;36,1
22440006617000;106;63;43;34,0
22440006618000;73;42;31;33,4
22440006627000;7;4;3;57,9
22440006628000;20;10;10;51,8
22440006629000;78;46;32;33,5
22440006630000;51;23;28;35,0
22440006631000;15;8;7;45,0
22440006632000;23;11;12;45,4
22440006633000;725;374;351;34,6
22440006634000;67;36;31;44,1
22440006635000;728;361;367;35,2
22440006636000;1417;699;718;38,3
22440006637000;487;246;241;38,3
22440006638000;346;178;168;41,5
22440006639000;1401;672;729;35,3
22440006640000;1546;725;821;46,5
22440006641000;1636;812;824;47,5
22440006642000;1111;547;564;42,3
22440006643000;85;31;54;46,7
22440006644000;37;18;19;49,2
22440006647000;46;22;24;47,9
22440006648000;4;1;3;0,0
22440006650000;19;8;11;37,5
22440006651000;5;3;2;47,6
22440006652000;13;7;6;38,5
22440006653000;13;8;5;40,0
22440006654000;20;8;12;35,7
22440006656000;1;0;1;0,0
22440006658000;14;5;9;37,6
22440006660000;4;2;2;0,0
22440006679000;1;1;0;0,0
22440006683000;7;3;4;34,0
22440006684000;67;34;33;41,3
22440006685000;38;20;18;33,3
22440006686000;52;29;23;42,1
22440006687000;807;352;455;50,9
22440006688000;254;123;131;40,2
22440006689000;25;13;12;41,7
22440006698000;1;0;1;0,0
22440006700000;3;1;2;0,0
22440006701000;8;5;3;49,5
22440006702000;3;2;1;0,0
22440006703000;9;4;5;57,0
22440006704000;4;2;2;0,0
22440006710000;1;0;1;0,0
22440006717000;13;6;7;47,8
22440006718000;10;5;5;38,8
22440006720000;6;4;2;62,2
22440006721000;7;4;3;42,4
22440006722000;26;13;13;45,6
22440006723000;89;60;29;43,2
22440006724000;12;7;5;50,3
22440006725000;7;4;3;58,4
22440006728000;9;4;5;57,0
22440006729000;2;1;1;0,0
22440006731000;17;12;5;35,1
22440006732000;24;14;10;36,1
22440006733000;14;10;4;47,5
22440006734000;29;17;12;46,7
22440006735000;8;5;3;61,3
22440006736000;1;1;0;0,0
22440006739000;3;2;1;0,0
22440006740000;1;1;0;0,0
22440006741000;32;16;16;43,3
22440006742000;30;16;14;41,3
22440006743000;1;0;1;0,0
22440006744000;4;3;1;0,0
22440006745000;3;2;1;0,0
22440006746000;33;16;17;44,8
22440006747000;38;18;20;38,0
22440006748000;7;4;3;44,6
22440006753000;81;37;44;39,1
22440006754000;22;11;11;38,1
22440006759000;5;3;2;37,8
22440006760000;4;3;1;0,0
22440006762000;19;13;6;35,3
22440006763000;17;11;6;41,5
22440006764000;13;7;6;45,8
22440006785000;22;15;7;44,3
22440006786000;14;10;4;34,0
22440006795000;12;4;8;46,3
22440006796000;38;21;17;43,8
22440006797000;176;92;84;45,3
22440006798000;10;6;4;38,0
22440006805000;4;1;3;0,0
22440006806000;1;1;0;0,0
22440006814000;8;4;4;28,1
22440006815000;5;3;2;28,6
22440006816000;14;8;6;43,9
22440006818000;8;5;3;32,4
22440006819000;4;1;3;0,0
22440006820000;133;61;72;36,8
22440006821000;73;34;39;42,5
22440006822000;279;128;151;55,2
22440006823000;197;98;99;44,0
22440006824000;10;5;5;51,0
22440006825000;11;5;6;43,2
22440006826000;21;9;12;35,2
22440006827000;30;14;16;37,8
22440006828000;5;3;2;55,6
22440006829000;19;10;9;37,2
22440006871000;9;4;5;59,2
22440006897000;17;10;7;57,6
22440006898000;5;2;3;60,8
22440006962000;3;1;2;0,0
22440006963000;8;5;3;41,9
22440006966000;11;5;6;49,0
22440006967000;9;4;5;49,8
22440006968000;1;1;0;0,0
22440006969000;1;1;0;0,0
22440006971000;5;2;3;29,6
22440006972000;7;5;2;53,7
22440006973000;7;3;4;39,3
22440006976000;10;7;3;33,2
22440006977000;18;9;9;38,1
22440007005000;3;1;2;0,0
22440007006000;1;1;0;0,0
22440007007000;18;11;7;32,0
22440007008000;11;6;5;51,5
22440007009000;11;6;5;28,5
22440007010000;5;2;3;55,0
22440007011000;2;1;1;0,0
22440007012000;5;4;1;62,0
22440007034000;25;12;13;58,2
22440007036000;25;13;12;37,1
22440007045000;14;8;6;53,1
22440007063000;5;3;2;69,4
22440007064000;9;6;3;23,7
22440007065000;130;75;55;40,3
22440007066000;17;7;10;44,4
22440007067000;4;2;2;0,0
22440007068000;40;22;18;43,2
22440007070000;4;2;2;0,0
22440007071000;12;6;6;57,1
22440007072000;3;1;2;0,0
22440007075000;13;9;4;22,8
22440007076000;31;14;17;32,2
22440007078000;28;14;14;40,6
22440007079000;38;17;21;38,8
22440007080000;60;29;31;44,4
22440007081000;828;377;451;48,5
22440007082000;119;62;57;34,9
22440007083000;32;16;16;37,6
22440007087000;9;5;4;25,2
22440007088000;4;2;2;0,0
22440007090000;32;19;13;43,5
22440007091000;37;17;20;43,7
22450006590000;3;3;0;0,0
22450006608000;1;1;0;0,0
22450006609000;26;11;15;45,7
22450006610000;7;3;4;44,6
22450006611000;3;2;1;0,0
22450006612000;3;2;1;0,0
22450006614000;6;4;2;23,0
22450006615000;1;1;0;0,0
22450006616000;21;10;11;39,4
22450006617000;6;2;4;37,8
22450006618000;28;13;15;42,1
22450006619000;9;5;4;46,7
22450006626000;14;8;6;36,3
22450006627000;77;50;27;39,8
22450006628000;46;24;22;39,9
22450006629000;12;7;5;45,0
22450006630000;20;8;12;38,2
22450006631000;2;1;1;0,0
22450006632000;275;143;132;36,5
22450006633000;1795;912;883;35,5
22450006634000;197;101;96;37,1
22450006635000;372;190;182;34,6
22450006636000;442;214;228;31,2
22450006637000;75;39;36;37,0
22450006638000;524;253;271;31,9
22450006639000;1347;667;680;36,2
22450006640000;2070;1025;1045;38,6
22450006641000;2274;1107;1167;38,5
22450006642000;1834;920;914;36,7
22450006643000;1357;683;674;39,7
22450006644000;876;424;452;35,9
22450006645000;66;38;28;28,7
22450006646000;33;17;16;40,8
22450006647000;56;34;22;32,3
22450006648000;17;8;9;39,1
22450006650000;9;4;5;44,9
22450006651000;447;235;212;38,9
22450006652000;316;181;135;36,9
22450006653000;29;17;12;47,6
22450006670000;4;2;2;0,0
22450006674000;1;1;0;0,0
22450006686000;333;169;164;41,3
22450006687000;59;29;30;37,1
22450006692000;14;6;8;46,7
22450006693000;5;2;3;52,6
22450006694000;14;7;7;49,2
22450006695000;6;3;3;59,7
22450006696000;60;30;30;43,4
22450006697000;35;18;17;41,0
22450006704000;20;12;8;34,2
22450006705000;9;5;4;40,9
22450006706000;11;6;5;40,3
22450006707000;1;0;1;0,0
22450006711000;2;1;1;0,0
22450006715000;8;5;3;30,8
22450006716000;6;4;2;51,7
22450006717000;6;3;3;51,2
22450006718000;6;3;3;68,8
22450006719000;4;3;1;0,0
22450006725000;14;6;8;43,2
22450006726000;12;7;5;39,0
22450006727000;8;4;4;67,3
22450006728000;6;3;3;33,2
22450006729000;2;1;1;0,0
22450006730000;2;1;1;0,0
22450006731000;10;5;5;37,6
22450006732000;2;1;1;0,0
22450006738000;175;91;84;46,5
22450006739000;29;16;13;40,3
22450006740000;40;22;18;46,5
22450006741000;33;19;14;45,8
22450006742000;23;15;8;40,8
22450006743000;6;3;3;29,3
22450006746000;20;10;10;50,3
22450006747000;4;2;2;0,0
22450006752000;17;8;9;33,2
22450006753000;24;12;12;48,2
22450006759000;10;5;5;46,4
22450006760000;8;3;5;35,3
22450006761000;2;1;1;0,0
22450006784000;22;11;11;35,1
22450006785000;5;2;3;44,6
22450006786000;3;2;1;0,0
22450006793000;3;2;1;0,0
22450006794000;2;1;1;0,0
22450006795000;38;20;18;41,3
22450006796000;21;9;12;30,6
22450006797000;40;20;20;45,5
22450006798000;16;9;7;42,8
22450006799000;5;1;4;32,0
22450006803000;6;4;2;49,3
22450006804000;11;8;3;49,5
22450006805000;45;23;22;40,8
22450006806000;6;4;2;33,7
22450006813000;10;6;4;45,0
22450006814000;26;15;11;45,1
22450006815000;17;11;6;44,6
22450006816000;44;22;22;46,2
22450006817000;42;19;23;39,6
22450006818000;48;24;24;36,7
22450006819000;62;28;34;41,7
22450006820000;4;3;1;0,0
22450006821000;3;1;2;0,0
22450006822000;13;8;5;59,5
22450006823000;1;0;1;0,0
22450006824000;30;14;16;47,6
22450006826000;1;1;0;0,0
22450006897000;4;3;1;0,0
22450006959000;11;5;6;29,6
22450006962000;4;2;2;0,0
22450006963000;33;15;18;34,8
22450006964000;18;11;7;38,8
22450006967000;5;2;3;22,0
22450006968000;2;1;1;0,0
22450006972000;3;1;2;0,0
22450006973000;1;1;0;0,0
22450006975000;58;29;29;42,3
22450006976000;299;154;145;48,3
22450006977000;219;97;122;50,4
22450007009000;13;6;7;31,0
22450007010000;4;2;2;0,0
22450007023000;4;2;2;0,0
22450007034000;9;5;4;38,7
22450007035000;6;3;3;63,0
22450007036000;19;9;10;40,9
22450007045000;13;7;6;32,7
22450007046000;17;8;9;40,6
22450007047000;5;1;4;62,8
22450007048000;25;14;11;46,6
22450007066000;7;3;4;37,7
22450007067000;16;9;7;42,8
22450007068000;27;11;16;50,8
22450007069000;2;1;1;0,0
22450007070000;9;4;5;36,3
22450007071000;85;42;43;45,9
22450007072000;27;13;14;49,0
22450007076000;10;6;4;55,1
22450007077000;13;7;6;48,1
22450007078000;22;11;11;48,0
22450007079000;1;1;0;0,0
22450007080000;7;4;3;22,4
22450007081000;17;10;7;49,6
22450007082000;11;5;6;29,1
22450007083000;14;8;6;44,4
22450007084000;7;4;3;30,1
22450007089000;28;17;11;41,6
22450007090000;16;9;7;34,3
22450007091000;3;2;1;0,0
22460006607000;2;1;1;0,0
22460006609000;4;2;2;0,0
22460006610000;11;8;3;42,8
22460006618000;14;9;5;40,3
22460006619000;14;8;6;41,4
22460006620000;8;4;4;42,8
22460006626000;181;83;98;26,2
22460006627000;197;98;99;36,8
22460006628000;56;32;24;41,4
22460006629000;11;7;4;48,8
22460006633000;337;170;167;40,0
22460006634000;1543;762;781;38,6
22460006635000;955;477;478;41,6
22460006636000;1554;806;748;36,0
22460006637000;267;139;128;37,3
22460006638000;1510;761;749;36,8
22460006639000;876;414;462;39,6
22460006640000;367;177;190;42,3
22460006641000;516;249;267;45,8
22460006642000;1338;677;661;38,6
22460006643000;1508;745;763;36,5
22460006644000;935;488;447;37,0
22460006645000;647;307;340;41,2
22460006646000;773;396;377;40,5
22460006647000;228;114;114;40,9
22460006648000;35;20;15;37,2
22460006649000;1112;576;536;35,9
22460006650000;1030;516;514;40,3
22460006651000;512;270;242;38,6
22460006652000;1232;603;629;46,6
22460006653000;18;12;6;43,5
22460006655000;630;324;306;28,1
22460006656000;259;139;120;26,3
22460006657000;32;18;14;43,3
22460006658000;3;3;0;0,0
22460006659000;3;2;1;0,0
22460006664000;7;5;2;38,1
22460006685000;1;1;0;0,0
22460006686000;539;264;275;40,1
22460006687000;432;222;210;39,5
22460006689000;1;0;1;0,0
22460006690000;13;8;5;43,5
22460006691000;13;9;4;41,4
22460006692000;78;40;38;39,2
22460006693000;25;15;10;42,4
22460006694000;19;11;8;43,4
22460006695000;1;1;0;0,0
22460006696000;41;24;17;42,0
22460006697000;218;116;102;36,1
22460006698000;101;50;51;45,0
22460006707000;9;4;5;46,8
22460006708000;2;2;0;0,0
22460006709000;15;10;5;37,5
22460006712000;5;2;3;76,8
22460006713000;2;1;1;0,0
22460006714000;8;5;3;22,3
22460006715000;8;5;3;27,8
22460006718000;4;3;1;0,0
22460006728000;45;24;21;53,2
22460006729000;20;11;9;41,7
22460006730000;30;17;13;48,5
22460006731000;37;19;18;48,4
22460006732000;6;3;3;56,7
22460006733000;44;21;23;40,6
22460006734000;246;121;125;44,6
22460006735000;230;117;113;42,7
22460006736000;116;51;65;39,3
22460006737000;254;126;128;44,7
22460006738000;593;261;332;48,0
22460006739000;154;78;76;38,8
22460006740000;93;48;45;40,6
22460006741000;26;15;11;55,8
22460006746000;22;10;12;37,3
22460006752000;33;23;10;44,2
22460006754000;22;13;9;44,2
22460006759000;2;1;1;0,0
22460006760000;51;22;29;37,5
22460006761000;48;21;27;39,5
22460006762000;1;1;0;0,0
22460006763000;10;5;5;55,7
22460006784000;31;18;13;45,9
22460006785000;30;14;16;43,7
22460006792000;22;12;10;49,6
22460006793000;17;9;8;46,2
22460006794000;12;7;5;53,1
22460006795000;541;275;266;41,8
22460006796000;282;135;147;46,0
22460006797000;118;58;60;37,5
22460006798000;34;21;13;42,0
22460006799000;12;6;6;31,6
22460006802000;1;1;0;0,0
22460006803000;27;14;13;40,3
22460006804000;29;16;13;37,2
22460006805000;61;31;30;40,6
22460006806000;9;4;5;48,7
22460006807000;2;1;1;0,0
22460006809000;5;3;2;33,0
22460006810000;11;8;3;40,4
22460006811000;6;2;4;63,5
22460006812000;27;11;16;40,4
22460006813000;20;12;8;42,4
22460006815000;54;29;25;38,9
22460006816000;17;9;8;30,6
22460006817000;19;10;9;38,3
22460006818000;19;6;13;43,0
22460006824000;31;18;13;46,7
22460006898000;2;2;0;0,0
22460006899000;7;4;3;41,6
22460006900000;14;7;7;31,1
22460006959000;2;1;1;0,0
22460006961000;3;0;3;0,0
22460006962000;16;10;6;49,2
22460006963000;52;26;26;37,5
22460006964000;15;8;7;53,7
22460006972000;2;2;0;0,0
22460006973000;14;7;7;45,5
22460006974000;7;3;4;44,6
22460006975000;209;94;115;38,1
22460006976000;135;70;65;43,3
22460006977000;82;45;37;48,6
22460006978000;1;1;0;0,0
22460006979000;3;1;2;0,0
22460006980000;4;2;2;0,0
22460007006000;11;6;5;53,2
22460007007000;12;5;7;31,9
22460007008000;77;39;38;46,9
22460007009000;24;12;12;40,8
22460007010000;13;4;9;31,5
22460007011000;30;17;13;32,1
22460007024000;5;2;3;38,2
22460007032000;3;2;1;0,0
22460007035000;6;3;3;68,7
22460007036000;38;19;19;40,4
22460007044000;14;7;7;21,6
22460007045000;14;7;7;51,9
22460007046000;35;20;15;51,2
22460007047000;8;4;4;30,9
22460007058000;13;12;1;43,2
22460007059000;4;3;1;0,0
22460007061000;15;7;8;48,7
22460007067000;17;11;6;57,3
22460007068000;7;4;3;46,9
22460007071000;76;40;36;39,2
22460007072000;10;4;6;22,7
22460007077000;59;33;26;36,3
22460007078000;34;16;18;28,7
22460007080000;28;11;17;34,4
22460007081000;24;11;13;31,4
22460007082000;6;3;3;30,5
22460007089000;30;11;19;36,3
22460007090000;6;3;3;38,0
22460007093000;24;13;11;43,0
22460007094000;5;4;1;40,2
22460007095000;3;1;2;0,0
22470006607000;3;2;1;0,0
22470006608000;200;105;95;45,7
22470006621000;6;4;2;48,8
22470006622000;35;20;15;37,8
22470006623000;80;39;41;34,5
22470006624000;1254;626;628;41,9
22470006625000;299;134;165;47,4
22470006626000;628;327;301;37,5
22470006627000;787;402;385;36,0
22470006628000;133;74;59;33,6
22470006629000;213;108;105;38,2
22470006630000;7;3;4;22,1
22470006631000;50;25;25;46,8
22470006632000;801;405;396;37,3
22470006633000;342;173;169;40,1
22470006634000;182;87;95;43,7
22470006635000;850;416;434;46,1
22470006636000;136;68;68;35,6
22470006637000;264;148;116;42,5
22470006638000;104;53;51;50,5
22470006639000;2;1;1;0,0
22470006641000;29;15;14;33,9
22470006642000;145;72;73;38,3
22470006643000;275;127;148;40,1
22470006644000;1809;885;924;39,9
22470006645000;1157;580;577;39,5
22470006646000;2821;1389;1432;38,1
22470006647000;1203;612;591;35,0
22470006648000;1727;849;878;35,0
22470006649000;1520;785;735;34,8
22470006650000;539;260;279;37,3
22470006651000;3560;1721;1839;40,3
22470006652000;2413;1117;1296;42,9
22470006653000;50;27;23;44,8
22470006654000;676;348;328;36,9
22470006655000;1589;814;775;32,9
22470006656000;395;205;190;35,8
22470006657000;96;46;50;42,7
22470006658000;72;33;39;47,2
22470006686000;83;34;49;37,2
22470006687000;83;45;38;26,6
22470006688000;80;42;38;38,9
22470006689000;152;76;76;47,3
22470006690000;4;2;2;0,0
22470006691000;12;8;4;30,6
22470006692000;1;0;1;0,0
22470006693000;13;5;8;29,1
22470006694000;37;17;20;47,5
22470006695000;16;9;7;48,2
22470006696000;27;15;12;46,0
22470006697000;4;2;2;0,0
22470006698000;32;17;15;41,3
22470006699000;17;8;9;44,6
22470006700000;16;7;9;43,8
22470006701000;18;10;8;41,6
22470006702000;7;4;3;38,0
22470006703000;5;3;2;60,8
22470006717000;28;12;16;34,5
22470006718000;14;9;5;29,2
22470006729000;7;3;4;62,3
22470006730000;16;10;6;43,1
22470006731000;28;16;12;51,6
22470006732000;8;3;5;19,5
22470006734000;28;13;15;50,2
22470006735000;122;67;55;45,1
22470006736000;114;56;58;35,0
22470006737000;43;24;19;49,1
22470006738000;22;8;14;34,2
22470006739000;8;6;2;38,8
22470006740000;4;1;3;0,0
22470006741000;28;16;12;53,8
22470006742000;1;1;0;0,0
22470006746000;9;6;3;42,6
22470006747000;1;1;0;0,0
22470006752000;14;6;8;42,8
22470006759000;71;38;33;46,5
22470006760000;51;22;29;40,3
22470006761000;18;9;9;42,7
22470006764000;9;5;4;55,3
22470006783000;32;15;17;41,5
22470006784000;106;54;52;34,5
22470006788000;1;1;0;0,0
22470006789000;1;1;0;0,0
22470006790000;5;4;1;55,4
22470006791000;8;5;3;44,9
22470006792000;33;17;16;53,6
22470006793000;28;17;11;33,6
22470006794000;59;33;26;39,1
22470006795000;330;170;160;33,9
22470006796000;38;20;18;45,8
22470006797000;48;23;25;37,8
22470006798000;10;4;6;57,9
22470006802000;6;4;2;37,0
22470006803000;10;3;7;41,6
22470006804000;8;5;3;52,1
22470006805000;40;19;21;44,9
22470006806000;12;5;7;45,4
22470006807000;20;10;10;36,7
22470006808000;14;6;8;43,5
22470006809000;4;1;3;0,0
22470006811000;8;3;5;35,1
22470006814000;28;16;12;45,0
22470006815000;25;17;8;45,2
22470006816000;7;3;4;54,3
22470006817000;6;3;3;60,2
22470006824000;19;11;8;54,6
22470006862000;9;4;5;49,3
22470006869000;2;0;2;0,0
22470006899000;11;5;6;45,6
22470006900000;6;2;4;47,2
22470006901000;10;5;5;30,8
22470006959000;6;1;5;21,0
22470006963000;2;2;0;0,0
22470006973000;2;1;1;0,0
22470006974000;16;8;8;40,6
22470006975000;4;3;1;0,0
22470006976000;2;1;1;0,0
22470006979000;3;2;1;0,0
22470006980000;6;3;3;42,7
22470006981000;1;0;1;0,0
22470007005000;4;2;2;0,0
22470007006000;27;13;14;39,5
22470007007000;14;8;6;35,7
22470007008000;54;24;30;45,4
22470007009000;11;5;6;44,5
22470007010000;1;1;0;0,0
22470007011000;13;7;6;34,8
22470007021000;9;4;5;61,6
22470007022000;18;8;10;38,6
22470007023000;30;17;13;35,7
22470007024000;66;35;31;39,0
22470007030000;3;2;1;0,0
22470007033000;11;6;5;43,5
22470007037000;13;10;3;47,4
22470007044000;6;3;3;44,5
22470007054000;7;2;5;37,9
22470007055000;6;3;3;48,8
22470007056000;29;16;13;39,3
22470007057000;44;22;22;43,4
22470007058000;202;109;93;36,8
22470007059000;41;23;18;40,1
22470007061000;11;6;5;27,9
22470007068000;2;1;1;0,0
22470007072000;67;38;29;44,6
22470007077000;73;33;40;38,5
22470007078000;8;3;5;64,3
22470007080000;7;5;2;54,1
22470007081000;7;5;2;19,0
22470007089000;9;6;3;36,1
22470007090000;28;14;14;45,9
22470007091000;5;2;3;58,2
22470007092000;24;12;12;46,5
22470007093000;27;14;13;32,1
22470007094000;72;38;34;51,0
22470007095000;17;9;8;31,2
22480006608000;460;230;230;45,0
22480006609000;149;78;71;43,4
22480006622000;96;54;42;25,5
22480006623000;1235;626;609;37,1
22480006624000;366;175;191;47,7
22480006625000;14;8;6;48,5
22480006627000;74;37;37;55,8
22480006628000;36;15;21;46,9
22480006629000;45;20;25;39,0
22480006632000;12;7;5;43,0
22480006633000;72;34;38;41,9
22480006641000;105;53;52;37,5
22480006642000;123;65;58;45,9
22480006644000;1149;580;569;40,7
22480006645000;1637;807;830;39,6
22480006646000;2039;1027;1012;37,3
22480006647000;2204;1071;1133;39,1
22480006648000;1740;818;922;47,5
22480006649000;1514;716;798;38,4
22480006650000;1785;843;942;45,2
22480006651000;2618;1261;1357;39,9
22480006652000;508;274;234;41,9
22480006653000;2739;1326;1413;36,3
22480006654000;731;383;348;38,6
22480006655000;404;198;206;36,0
22480006656000;11;6;5;47,7
22480006661000;7;2;5;34,1
22480006673000;2;1;1;0,0
22480006686000;2;1;1;0,0
22480006688000;120;59;61;37,8
22480006689000;41;20;21;42,6
22480006691000;18;8;10;43,0
22480006692000;8;5;3;34,5
22480006693000;12;7;5;46,3
22480006694000;12;5;7;49,8
22480006695000;5;2;3;52,6
22480006696000;3;2;1;0,0
22480006697000;15;7;8;41,7
22480006698000;63;31;32;41,7
22480006699000;31;16;15;45,4
22480006700000;13;7;6;48,5
22480006701000;14;5;9;29,4
22480006702000;33;15;18;49,6
22480006703000;29;16;13;47,1
22480006704000;21;8;13;40,3
22480006705000;8;5;3;46,1
22480006714000;2;1;1;0,0
22480006715000;15;3;12;42,0
22480006716000;11;7;4;53,5
22480006717000;5;2;3;26,2
22480006731000;3;2;1;0,0
22480006735000;5;3;2;24,4
22480006736000;5;1;4;20,6
22480006739000;7;3;4;31,4
22480006749000;9;4;5;33,6
22480006758000;1;1;0;0,0
22480006759000;49;25;24;36,9
22480006760000;3;2;1;0,0
22480006763000;3;2;1;0,0
22480006764000;7;3;4;35,6
22480006780000;1;0;1;0,0
22480006782000;14;8;6;40,2
22480006783000;25;14;11;35,9
22480006784000;32;14;18;38,3
22480006788000;18;8;10;50,1
22480006789000;18;7;11;38,1
22480006790000;11;7;4;46,3
22480006791000;21;10;11;38,9
22480006792000;72;37;35;34,8
22480006793000;85;41;44;37,5
22480006794000;33;18;15;39,7
22480006795000;63;25;38;36,7
22480006796000;24;12;12;34,1
22480006797000;12;7;5;46,2
22480006802000;11;5;6;50,5
22480006803000;13;5;8;42,2
22480006804000;8;5;3;37,0
22480006805000;23;14;9;46,1
22480006806000;382;181;201;43,5
22480006807000;428;218;210;42,9
22480006808000;34;22;12;39,9
22480006809000;44;24;20;46,9
22480006810000;50;26;24;46,5
22480006811000;17;6;11;42,4
22480006812000;16;7;9;44,3
22480006813000;6;2;4;20,5
22480006815000;6;2;4;32,8
22480006816000;6;3;3;55,7
22480006823000;17;7;10;36,7
22480006824000;7;5;2;43,7
22480006834000;9;5;4;31,2
22480006859000;3;2;1;0,0
22480006860000;1;1;0;0,0
22480006861000;2;1;1;0,0
22480006867000;10;6;4;44,2
22480006868000;4;3;1;0,0
22480006900000;48;20;28;41,4
22480006901000;21;13;8;36,4
22480006973000;5;3;2;21,4
22480006975000;1;0;1;0,0
22480006980000;17;10;7;37,5
22480006981000;10;5;5;39,7
22480007004000;6;3;3;29,7
22480007005000;23;13;10;38,0
22480007007000;35;21;14;45,3
22480007008000;20;11;9;38,8
22480007011000;18;9;9;36,9
22480007012000;11;8;3;42,5
22480007021000;32;16;16;27,7
22480007022000;47;21;26;35,1
22480007023000;19;10;9;38,2
22480007024000;98;52;46;40,5
22480007025000;34;21;13;41,4
22480007031000;24;12;12;42,3
22480007032000;1;1;0;0,0
22480007033000;75;38;37;37,7
22480007034000;94;48;46;34,2
22480007041000;38;22;16;37,3
22480007042000;14;5;9;45,0
22480007043000;5;2;3;36,8
22480007051000;8;5;3;62,9
22480007052000;27;13;14;39,0
22480007053000;20;11;9;37,2
22480007054000;22;14;8;29,0
22480007055000;11;6;5;49,3
22480007056000;78;34;44;37,7
22480007057000;71;40;31;33,7
22480007058000;15;8;7;45,2
22480007059000;39;21;18;41,8
22480007060000;120;62;58;36,9
22480007061000;145;78;67;41,7
22480007062000;11;6;5;31,6
22480007072000;4;3;1;0,0
22480007073000;6;3;3;58,5
22480007078000;1;1;0;0,0
22480007089000;4;3;1;0,0
22480007090000;4;3;1;0,0
22480007091000;3;2;1;0,0
22480007092000;12;6;6;50,7
22480007093000;16;9;7;57,8
22480007094000;234;112;122;38,4
22490006595000;3;2;1;0,0
22490006608000;95;50;45;52,9
22490006609000;269;138;131;40,4
22490006610000;144;75;69;33,1
22490006611000;21;12;9;41,5
22490006612000;22;10;12;41,5
22490006623000;280;149;131;35,9
22490006624000;2;2;0;0,0
22490006643000;41;23;18;39,2
22490006644000;1013;487;526;37,9
22490006645000;1060;548;512;37,4
22490006646000;794;418;376;35,4
22490006647000;2101;962;1139;48,7
22490006648000;2260;1137;1123;37,5
22490006649000;2137;1064;1073;39,1
22490006650000;930;473;457;37,1
22490006652000;241;124;117;36,0
22490006653000;2830;1409;1421;35,2
22490006654000;961;477;484;36,3
22490006655000;35;19;16;31,8
22490006657000;3;1;2;0,0
22490006688000;50;28;22;40,8
22490006689000;159;74;85;41,7
22490006690000;49;23;26;48,4
22490006691000;3;2;1;0,0
22490006692000;28;15;13;43,8
22490006693000;10;6;4;51,1
22490006694000;6;2;4;30,3
22490006695000;1;0;1;0,0
22490006696000;11;7;4;29,9
22490006697000;4;2;2;0,0
22490006698000;44;26;18;44,4
22490006699000;48;27;21;34,9
22490006700000;23;15;8;37,6
22490006701000;11;7;4;40,0
22490006702000;29;14;15;36,0
22490006703000;139;72;67;35,8
22490006704000;37;21;16;42,1
22490006705000;18;8;10;39,3
22490006706000;2;1;1;0,0
22490006708000;14;6;8;34,6
22490006713000;11;5;6;43,7
22490006714000;65;30;35;43,4
22490006715000;15;8;7;48,4
22490006716000;4;2;2;0,0
22490006735000;6;3;3;30,5
22490006748000;11;7;4;31,4
22490006749000;23;12;11;40,6
22490006750000;10;5;5;45,6
22490006756000;2;2;0;0,0
22490006757000;12;6;6;29,3
22490006758000;180;76;104;53,0
22490006759000;26;11;15;40,4
22490006760000;9;7;2;53,9
22490006769000;13;7;6;25,6
22490006780000;19;13;6;28,8
22490006783000;1;1;0;0,0
22490006788000;31;14;17;38,5
22490006789000;14;9;5;51,5
22490006790000;73;38;35;42,8
22490006791000;6;2;4;29,2
22490006792000;75;36;39;38,6
22490006793000;47;24;23;45,7
22490006794000;39;22;17;39,3
22490006795000;2;1;1;0,0
22490006802000;6;1;5;26,0
22490006804000;5;3;2;53,0
22490006805000;53;27;26;40,8
22490006806000;66;36;30;50,9
22490006807000;39;20;19;36,6
22490006808000;39;21;18;43,4
22490006809000;8;4;4;50,6
22490006810000;11;6;5;46,6
22490006811000;16;9;7;37,8
22490006812000;20;14;6;41,7
22490006813000;6;4;2;42,2
22490006823000;17;10;7;37,6
22490006864000;2;1;1;0,0
22490006865000;1;0;1;0,0
22490006866000;29;15;14;38,2
22490006900000;2;1;1;0,0
22490006901000;12;8;4;44,3
22490006902000;13;8;5;29,8
22490006979000;7;5;2;37,7
22490006980000;13;5;8;36,5
22490006981000;4;2;2;0,0
22490006996000;1;1;0;0,0
22490007004000;2;1;1;0,0
22490007005000;7;4;3;32,6
22490007006000;7;3;4;20,7
22490007007000;6;4;2;29,2
22490007008000;3;2;1;0,0
22490007010000;7;3;4;32,7
22490007012000;14;7;7;30,8
22490007013000;12;7;5;40,5
22490007020000;3;2;1;0,0
22490007021000;6;2;4;40,7
22490007022000;25;17;8;34,2
22490007024000;33;19;14;45,5
22490007025000;32;18;14;42,3
22490007026000;4;3;1;0,0
22490007031000;2;2;0;0,0
22490007032000;13;7;6;46,1
22490007033000;228;115;113;35,6
22490007034000;40;19;21;37,6
22490007043000;14;8;6;40,8
22490007044000;13;8;5;45,0
22490007050000;3;1;2;0,0
22490007051000;96;54;42;30,3
22490007052000;24;16;8;48,0
22490007053000;19;7;12;38,7
22490007057000;22;13;9;32,0
22490007059000;50;27;23;31,9
22490007060000;395;165;230;57,0
22490007061000;318;166;152;37,6
22490007062000;30;14;16;36,3
22490007073000;3;2;1;0,0
22490007079000;1;0;1;0,0
22490007089000;1;0;1;0,0
22490007090000;11;6;5;42,0
22490007092000;6;3;3;46,8
22490007093000;30;11;19;32,2
22490007094000;21;13;8;62,9
22490007110000;1;0;1;0,0
22500006595000;9;3;6;33,2
22500006596000;224;100;124;36,5
22500006597000;28;14;14;47,0
22500006609000;108;56;52;48,7
22500006610000;682;343;339;41,0
22500006611000;427;211;216;40,0
22500006612000;95;51;44;40,7
22500006613000;36;18;18;41,5
22500006614000;3;2;1;0,0
22500006619000;1;0;1;0,0
22500006620000;4;2;2;0,0
22500006621000;11;5;6;40,4
22500006622000;42;23;19;44,7
22500006623000;7;4;3;29,6
22500006643000;45;21;24;39,5
22500006644000;167;77;90;33,1
22500006645000;444;232;212;35,8
22500006646000;1;0;1;0,0
22500006647000;237;118;119;36,1
22500006648000;1844;945;899;37,9
22500006649000;1550;757;793;40,2
22500006650000;243;119;124;34,6
22500006651000;8;5;3;38,1
22500006652000;32;17;15;39,0
22500006653000;6;3;3;28,7
22500006654000;1;1;0;0,0
22500006688000;50;30;20;36,1
22500006689000;97;52;45;42,5
22500006690000;50;23;27;42,3
22500006691000;15;10;5;53,3
22500006692000;114;58;56;35,4
22500006693000;107;54;53;39,1
22500006694000;33;16;17;50,2
22500006695000;11;3;8;35,1
22500006696000;23;15;8;36,2
22500006697000;2;2;0;0,0
22500006698000;21;10;11;30,7
22500006699000;60;30;30;37,7
22500006700000;10;5;5;42,3
22500006701000;23;13;10;46,9
22500006702000;31;11;20;45,9
22500006703000;137;71;66;40,5
22500006704000;62;32;30;45,4
22500006705000;54;30;24;43,3
22500006706000;19;9;10;44,5
22500006707000;10;6;4;46,5
22500006708000;97;51;46;35,9
22500006709000;18;11;7;40,8
22500006710000;39;17;22;57,5
22500006711000;7;3;4;64,9
22500006712000;33;18;15;31,8
22500006713000;24;12;12;57,2
22500006714000;13;6;7;54,5
22500006731000;6;3;3;63,2
22500006732000;3;2;1;0,0
22500006734000;4;2;2;0,0
22500006735000;6;4;2;51,3
22500006736000;12;7;5;38,5
22500006737000;9;4;5;45,1
22500006738000;3;1;2;0,0
22500006745000;5;2;3;43,0
22500006749000;2;2;0;0,0
22500006750000;37;21;16;37,8
22500006757000;135;68;67;39,5
22500006758000;61;35;26;39,3
22500006759000;13;8;5;54,0
22500006760000;9;6;3;41,4
22500006769000;26;13;13;43,3
22500006777000;11;4;7;40,6
22500006778000;15;7;8;49,2
22500006779000;51;25;26;29,0
22500006780000;5;3;2;22,4
22500006785000;3;1;2;0,0
22500006787000;40;21;19;32,0
22500006788000;156;83;73;41,8
22500006789000;22;11;11;40,5
22500006790000;24;15;9;42,3
22500006792000;9;4;5;43,8
22500006801000;17;11;6;34,0
22500006802000;2;1;1;0,0
22500006803000;17;12;5;54,5
22500006806000;4;2;2;0,0
22500006807000;17;6;11;52,4
22500006808000;9;6;3;55,6
22500006822000;4;3;1;0,0
22500006823000;35;18;17;39,7
22500006900000;1;1;0;0,0
22500006901000;6;3;3;51,2
22500006902000;9;4;5;41,6
22500006944000;1;1;0;0,0
22500006962000;6;3;3;42,2
22500006979000;22;13;9;33,8
22500006980000;3;2;1;0,0
22500006981000;19;10;9;44,2
22500007003000;6;3;3;34,3
22500007004000;4;3;1;0,0
22500007005000;15;5;10;31,6
22500007006000;28;18;10;36,9
22500007008000;4;3;1;0,0
22500007009000;2;1;1;0,0
22500007011000;3;3;0;0,0
22500007013000;3;1;2;0,0
22500007014000;17;10;7;37,8
22500007019000;17;9;8;35,4
22500007020000;66;39;27;36,2
22500007021000;23;12;11;32,0
22500007022000;33;17;16;36,9
22500007023000;29;13;16;30,6
22500007024000;2;1;1;0,0
22500007025000;15;9;6;41,3
22500007026000;9;4;5;48,9
22500007031000;20;11;9;28,8
22500007032000;29;16;13;34,9
22500007033000;35;18;17;38,1
22500007049000;22;12;10;40,2
22500007050000;28;12;16;36,5
22500007051000;51;24;27;38,5
22500007052000;255;122;133;32,2
22500007053000;37;21;16;38,1
22500007054000;1;1;0;0,0
22500007057000;7;5;2;27,1
22500007058000;39;19;20;34,2
22500007060000;148;69;79;44,2
22500007061000;258;124;134;37,7
22500007062000;17;7;10;52,1
22500007079000;20;9;11;41,9
22500007092000;34;16;18;41,7
22500007093000;5;4;1;31,6
22500007094000;4;2;2;0,0
22500007098000;1;1;0;0,0
22500007106000;4;2;2;0,0
22500007108000;2;1;1;0,0
22500007109000;10;5;5;72,8
22500007110000;9;5;4;38,4
22510006596000;689;358;331;38,2
22510006597000;2015;933;1082;45,5
22510006598000;297;131;166;54,0
22510006610000;2;0;2;0,0
22510006611000;183;106;77;40,7
22510006612000;7;5;2;31,7
22510006613000;5;3;2;43,0
22510006614000;11;5;6;48,4
22510006616000;1;1;0;0,0
22510006619000;28;13;15;47,4
22510006620000;34;17;17;46,5
22510006621000;43;22;21;42,7
22510006623000;1;1;0;0,0
22510006630000;7;4;3;40,7
22510006631000;2;1;1;0,0
22510006632000;15;8;7;51,3
22510006633000;2;1;1;0,0
22510006644000;2;1;1;0,0
22510006647000;551;252;299;44,7
22510006648000;2401;1215;1186;35,6
22510006649000;2744;1384;1360;36,3
22510006650000;2477;1216;1261;34,5
22510006651000;1517;724;793;41,8
22510006652000;27;14;13;41,7
22510006654000;3;2;1;0,0
22510006656000;3;1;2;0,0
22510006689000;80;42;38;33,4
22510006690000;62;28;34;47,2
22510006691000;18;9;9;38,3
22510006692000;45;22;23;42,9
22510006693000;36;19;17;46,4
22510006694000;24;15;9;35,9
22510006695000;3;2;1;0,0
22510006696000;19;10;9;43,9
22510006698000;24;14;10;31,1
22510006699000;41;21;20;34,5
22510006700000;51;25;26;38,1
22510006701000;40;20;20;47,0
22510006702000;43;25;18;40,0
22510006703000;29;14;15;55,6
22510006704000;47;25;22;51,1
22510006705000;58;28;30;36,8
22510006706000;138;74;64;38,1
22510006707000;90;43;47;47,3
22510006708000;84;42;42;41,3
22510006709000;12;6;6;42,7
22510006710000;10;5;5;34,2
22510006711000;87;53;34;42,3
22510006712000;13;6;7;38,3
22510006713000;51;24;27;46,8
22510006714000;20;12;8;45,9
22510006715000;16;8;8;52,2
22510006730000;9;6;3;69,1
22510006731000;3;1;2;0,0
22510006733000;4;2;2;0,0
22510006735000;20;11;9;43,2
22510006736000;17;8;9;44,8
22510006737000;26;15;11;35,2
22510006745000;2;1;1;0,0
22510006750000;30;14;16;46,7
22510006752000;3;3;0;0,0
22510006757000;15;8;7;41,8
22510006758000;22;12;10;41,5
22510006759000;34;14;20;44,9
22510006768000;13;5;8;40,8
22510006769000;3;2;1;0,0
22510006776000;1;1;0;0,0
22510006777000;14;7;7;42,4
22510006778000;47;26;21;36,9
22510006779000;10;6;4;53,6
22510006783000;12;8;4;39,7
22510006784000;4;2;2;0,0
22510006785000;18;9;9;40,1
22510006786000;21;12;9;40,2
22510006787000;223;121;102;32,4
22510006788000;309;154;155;37,7
22510006789000;49;26;23;46,1
22510006790000;40;22;18;49,2
22510006791000;6;4;2;64,8
22510006802000;30;18;12;44,0
22510006803000;39;21;18;42,1
22510006822000;23;11;12;39,2
22510006832000;1;0;1;0,0
22510006855000;2;2;0;0,0
22510006903000;9;5;4;32,9
22510006959000;9;4;5;30,0
22510006961000;3;2;1;0,0
22510006962000;5;2;3;47,2
22510006981000;16;6;10;33,3
22510006982000;16;10;6;42,4
22510006983000;2;1;1;0,0
22510006984000;1;0;1;0,0
22510007004000;27;14;13;38,9
22510007006000;6;3;3;30,2
22510007008000;7;5;2;24,6
22510007009000;5;2;3;31,8
22510007010000;2;1;1;0,0
22510007012000;10;7;3;53,5
22510007013000;4;2;2;0,0
22510007014000;7;2;5;29,0
22510007015000;8;6;2;45,4
22510007019000;3;2;1;0,0
22510007020000;6;3;3;33,3
22510007021000;20;10;10;50,2
22510007022000;125;65;60;40,0
22510007023000;109;58;51;46,9
22510007024000;83;42;41;33,6
22510007025000;11;7;4;27,4
22510007026000;291;160;131;37,7
22510007027000;47;18;29;39,0
22510007028000;6;4;2;25,3
22510007031000;416;223;193;27,7
22510007032000;18;9;9;44,1
22510007033000;66;36;30;36,0
22510007034000;5;2;3;30,2
22510007050000;68;32;36;35,7
22510007051000;60;32;28;44,3
22510007052000;86;42;44;27,0
22510007053000;42;23;19;38,6
22510007054000;2;1;1;0,0
22510007055000;2;2;0;0,0
22510007058000;23;12;11;37,2
22510007059000;13;6;7;48,8
22510007060000;4;2;2;0,0
22510007061000;68;34;34;38,8
22510007062000;38;21;17;36,4
22510007072000;3;2;1;0,0
22510007073000;7;5;2;44,4
22510007074000;16;7;9;47,5
22510007075000;6;3;3;33,3
22510007079000;27;16;11;41,6
22510007084000;6;2;4;18,2
22510007091000;2;1;1;0,0
22510007092000;46;26;20;41,6
22510007093000;2;1;1;0,0
22510007098000;11;6;5;46,3
22510007099000;3;1;2;0,0
22510007107000;1;0;1;0,0
22510007109000;12;7;5;46,2
22510007110000;2;1;1;0,0
22520006595000;1234;567;667;47,6
22520006596000;2714;1360;1354;38,0
22520006597000;1884;939;945;37,6
22520006598000;111;61;50;46,4
22520006599000;11;6;5;50,1
22520006600000;2;1;1;0,0
22520006601000;8;4;4;48,9
22520006611000;134;70;64;48,1
22520006612000;218;97;121;49,2
22520006613000;28;15;13;45,6
22520006614000;8;3;5;53,3
22520006615000;1;0;1;0,0
22520006616000;2;2;0;0,0
22520006618000;1;1;0;0,0
22520006619000;51;23;28;35,0
22520006620000;119;58;61;42,4
22520006621000;7;3;4;48,9
22520006622000;11;6;5;51,8
22520006625000;2;1;1;0,0
22520006626000;14;6;8;42,9
22520006627000;15;9;6;44,3
22520006628000;37;21;16;43,3
22520006629000;193;92;101;40,2
22520006630000;1101;555;546;36,4
22520006631000;225;113;112;38,3
22520006632000;125;63;62;39,1
22520006633000;69;41;28;48,6
22520006634000;99;49;50;43,0
22520006647000;1481;665;816;44,0
22520006648000;2362;1219;1143;37,4
22520006649000;2547;1277;1270;37,0
22520006650000;2261;1100;1161;39,8
22520006651000;1183;613;570;38,8
22520006652000;58;33;25;44,3
22520006653000;21;11;10;31,2
22520006661000;5;3;2;44,2
22520006687000;2;1;1;0,0
22520006689000;7;3;4;45,3
22520006690000;64;31;33;39,1
22520006691000;28;15;13;32,1
22520006692000;13;4;9;38,5
22520006693000;56;28;28;46,2
22520006694000;11;5;6;43,7
22520006695000;20;9;11;45,9
22520006696000;50;24;26;49,0
22520006697000;4;3;1;0,0
22520006698000;21;11;10;46,0
22520006699000;46;24;22;41,9
22520006700000;68;34;34;29,2
22520006701000;55;28;27;39,2
22520006702000;39;15;24;38,9
22520006703000;55;31;24;40,9
22520006704000;27;11;16;30,8
22520006705000;375;187;188;43,4
22520006706000;640;302;338;42,7
22520006707000;46;22;24;44,3
22520006708000;68;31;37;43,2
22520006709000;6;3;3;49,5
22520006710000;10;4;6;47,8
22520006711000;67;32;35;41,1
22520006712000;106;57;49;36,1
22520006713000;22;11;11;35,4
22520006723000;1;1;0;0,0
22520006730000;19;9;10;59,3
22520006733000;14;7;7;40,9
22520006736000;2;1;1;0,0
22520006745000;4;2;2;0,0
22520006749000;17;10;7;39,6
22520006750000;50;26;24;43,1
22520006751000;1;1;0;0,0
22520006752000;14;6;8;48,7
22520006756000;3;1;2;0,0
22520006757000;63;34;29;34,9
22520006759000;1;0;1;0,0
22520006760000;10;6;4;30,0
22520006768000;32;18;14;44,8
22520006776000;169;90;79;35,0
22520006777000;218;108;110;38,5
22520006778000;15;8;7;40,1
22520006779000;43;27;16;43,2
22520006780000;16;7;9;43,2
22520006781000;12;7;5;35,8
22520006782000;22;8;14;45,6
22520006783000;37;21;16;43,7
22520006784000;23;12;11;44,6
22520006785000;37;20;17;41,8
22520006786000;8;4;4;27,1
22520006787000;12;5;7;30,6
22520006788000;111;62;49;44,5
22520006789000;237;125;112;34,7
22520006790000;249;122;127;38,8
22520006791000;49;28;21;44,6
22520006792000;5;3;2;45,6
22520006793000;2;1;1;0,0
22520006800000;23;9;14;43,0
22520006801000;53;27;26;40,0
22520006802000;60;35;25;38,3
22520006803000;51;24;27;41,0
22520006822000;4;2;2;0,0
22520006823000;8;6;2;34,9
22520006902000;7;5;2;41,0
22520006903000;18;9;9;42,0
22520006984000;21;8;13;40,9
22520006985000;13;6;7;37,3
22520006986000;3;2;1;0,0
22520007004000;4;2;2;0,0
22520007005000;3;2;1;0,0
22520007009000;45;22;23;32,2
22520007010000;28;16;12;30,7
22520007013000;1;1;0;0,0
22520007014000;2;0;2;0,0
22520007015000;4;1;3;0,0
22520007022000;26;17;9;31,0
22520007023000;61;31;30;40,8
22520007024000;69;33;36;36,9
22520007025000;36;20;16;33,6
22520007026000;14;7;7;29,6
22520007027000;48;26;22;42,5
22520007028000;30;18;12;35,1
22520007029000;8;4;4;58,0
22520007030000;40;22;18;41,1
22520007031000;320;151;169;36,4
22520007032000;401;213;188;37,4
22520007033000;27;11;16;30,7
22520007050000;56;31;25;37,7
22520007051000;197;99;98;44,5
22520007052000;136;71;65;43,0
22520007053000;33;20;13;42,6
22520007054000;16;10;6;47,1
22520007055000;15;6;9;34,8
22520007056000;2;2;0;0,0
22520007058000;2;1;1;0,0
22520007059000;17;8;9;35,2
22520007060000;12;6;6;37,6
22520007061000;21;12;9;46,6
22520007062000;112;57;55;35,1
22520007063000;21;11;10;41,5
22520007074000;10;5;5;50,5
22520007079000;27;15;12;37,8
22520007080000;7;4;3;53,7
22520007082000;7;4;3;36,6
22520007083000;24;11;13;45,8
22520007098000;2;0;2;0,0
22520007099000;11;7;4;54,5
22520007107000;17;7;10;52,8
22520007109000;5;2;3;53,2
22520007110000;6;5;1;56,8
22530006584000;219;116;103;43,6
22530006585000;246;129;117;38,5
22530006586000;84;44;40;51,6
22530006588000;2;1;1;0,0
22530006589000;198;103;95;36,7
22530006590000;77;37;40;45,3
22530006591000;393;198;195;44,2
22530006592000;197;100;97;42,6
22530006593000;419;213;206;38,4
22530006594000;703;356;347;47,5
22530006595000;380;201;179;41,9
22530006596000;2816;1442;1374;46,2
22530006597000;831;415;416;42,8
22530006598000;55;27;28;36,3
22530006599000;15;9;6;43,7
22530006600000;33;18;15;48,5
22530006601000;53;25;28;43,0
22530006602000;5;4;1;68,4
22530006620000;9;4;5;56,2
22530006621000;580;262;318;48,3
22530006622000;1016;478;538;46,8
22530006623000;537;276;261;45,7
22530006624000;40;20;20;43,8
22530006625000;6;4;2;45,2
22530006626000;55;31;24;48,8
22530006627000;15;6;9;32,9
22530006628000;38;20;18;48,8
22530006629000;92;45;47;36,8
22530006630000;292;143;149;35,3
22530006631000;293;150;143;41,3
22530006632000;26;13;13;42,3
22530006634000;85;40;45;45,7
22530006635000;129;56;73;41,1
22530006636000;373;197;176;41,4
22530006637000;56;24;32;43,7
22530006639000;4;3;1;0,0
22530006645000;61;30;31;35,6
22530006646000;258;133;125;35,7
22530006647000;68;30;38;49,7
22530006648000;1566;773;793;37,1
22530006649000;1997;968;1029;40,4
22530006650000;2591;1226;1365;46,0
22530006651000;3137;1530;1607;37,4
22530006652000;2381;1171;1210;39,6
22530006653000;524;263;261;39,8
22530006654000;106;64;42;45,3
22530006655000;2;1;1;0,0
22530006661000;17;8;9;42,6
22530006662000;47;25;22;39,8
22530006690000;35;19;16;43,5
22530006691000;80;44;36;40,0
22530006692000;8;4;4;21,8
22530006693000;24;11;13;48,7
22530006694000;50;26;24;39,1
22530006695000;54;30;24;44,2
22530006696000;17;10;7;41,9
22530006697000;103;54;49;39,4
22530006698000;22;12;10;39,1
22530006699000;21;10;11;42,0
22530006700000;101;48;53;40,7
22530006701000;38;22;16;33,3
22530006702000;23;11;12;46,9
22530006703000;71;35;36;45,3
22530006704000;10;6;4;51,9
22530006705000;342;164;178;43,8
22530006706000;271;143;128;38,4
22530006707000;179;86;93;38,7
22530006708000;89;46;43;42,1
22530006709000;11;4;7;38,1
22530006710000;7;4;3;58,3
22530006711000;38;16;22;34,1
22530006712000;17;10;7;41,6
22530006713000;3;1;2;0,0
22530006714000;29;16;13;35,5
22530006715000;17;7;10;39,0
22530006729000;2;1;1;0,0
22530006730000;7;5;2;43,9
22530006731000;3;2;1;0,0
22530006749000;8;4;4;45,4
22530006750000;45;21;24;35,0
22530006751000;6;3;3;53,8
22530006752000;11;7;4;48,1
22530006755000;5;3;2;67,0
22530006757000;20;7;13;52,4
22530006758000;43;23;20;43,0
22530006759000;35;18;17;50,3
22530006760000;23;14;9;45,7
22530006768000;30;19;11;37,5
22530006771000;18;10;8;34,9
22530006774000;11;6;5;38,0
22530006775000;58;27;31;42,7
22530006776000;284;151;133;33,5
22530006777000;52;28;24;50,0
22530006778000;8;6;2;47,9
22530006779000;18;11;7;31,6
22530006780000;16;9;7;53,2
22530006781000;90;44;46;37,0
22530006782000;610;306;304;36,2
22530006783000;193;92;101;43,5
22530006784000;74;38;36;39,1
22530006785000;35;23;12;46,7
22530006786000;27;14;13;34,0
22530006787000;45;23;22;37,2
22530006788000;111;54;57;39,7
22530006789000;62;36;26;41,2
22530006790000;287;151;136;39,6
22530006791000;37;16;21;33,6
22530006792000;32;17;15;46,5
22530006793000;44;23;21;43,0
22530006794000;14;6;8;38,9
22530006799000;9;5;4;43,4
22530006800000;48;25;23;40,3
22530006801000;26;12;14;32,7
22530006802000;47;24;23;45,8
22530006803000;33;19;14;41,4
22530006804000;10;6;4;33,1
22530006866000;3;2;1;0,0
22530006867000;1;1;0;0,0
22530006903000;4;2;2;0,0
22530006904000;1;1;0;0,0
22530006905000;1;1;0;0,0
22530006955000;4;2;2;0,0
22530006956000;6;3;3;34,7
22530006984000;20;11;9;34,2
22530006985000;13;7;6;45,3
22530006986000;35;18;17;38,6
22530007005000;3;2;1;0,0
22530007009000;11;6;5;42,4
22530007010000;30;15;15;37,0
22530007011000;21;11;10;53,7
22530007012000;133;69;64;51,1
22530007013000;340;177;163;36,6
22530007014000;6;3;3;35,8
22530007020000;4;2;2;0,0
22530007023000;4;2;2;0,0
22530007026000;6;2;4;39,5
22530007027000;11;5;6;44,3
22530007028000;19;9;10;39,8
22530007029000;38;20;18;42,0
22530007030000;64;31;33;40,3
22530007031000;335;152;183;48,5
22530007032000;86;46;40;45,0
22530007036000;8;4;4;42,4
22530007037000;43;25;18;40,0
22530007038000;14;8;6;41,9
22530007039000;77;41;36;40,4
22530007040000;2;1;1;0,0
22530007049000;2;1;1;0,0
22530007050000;35;17;18;28,4
22530007051000;38;17;21;40,6
22530007052000;25;15;10;50,7
22530007053000;47;24;23;36,5
22530007054000;31;16;15;34,1
22530007055000;2;2;0;0,0
22530007057000;2;0;2;0,0
22530007058000;3;2;1;0,0
22530007059000;1;1;0;0,0
22530007061000;8;3;5;70,3
22530007062000;28;10;18;39,0
22530007063000;31;16;15;37,7
22530007064000;1;0;1;0,0
22530007074000;9;4;5;45,9
22530007082000;19;9;10;38,2
22530007084000;2;1;1;0,0
22530007096000;12;7;5;52,1
22530007097000;6;3;3;65,7
22530007101000;11;5;6;40,0
22530007108000;9;2;7;29,1
22530007109000;1;1;0;0,0
22530007112000;35;23;12;41,9
22530007113000;14;9;5;34,6
22540006582000;8;4;4;45,5
22540006583000;117;63;54;33,8
22540006584000;561;277;284;41,5
22540006585000;36;19;17;38,6
22540006586000;25;15;10;27,8
22540006587000;3;2;1;0,0
22540006588000;25;14;11;37,3
22540006589000;64;32;32;41,1
22540006590000;155;84;71;40,2
22540006591000;186;94;92;32,1
22540006592000;27;15;12;42,3
22540006593000;679;293;386;47,2
22540006594000;1618;811;807;40,9
22540006595000;3200;1542;1658;38,6
22540006596000;2482;1226;1256;45,3
22540006597000;616;302;314;43,7
22540006598000;149;74;75;37,0
22540006601000;14;8;6;48,9
22540006602000;7;3;4;38,7
22540006603000;9;6;3;39,0
22540006604000;1;1;0;0,0
22540006607000;4;3;1;0,0
22540006608000;8;2;6;45,3
22540006609000;4;2;2;0,0
22540006610000;7;4;3;57,9
22540006612000;1;0;1;0,0
22540006613000;48;21;27;42,8
22540006614000;99;49;50;43,8
22540006615000;7;5;2;32,0
22540006616000;4;1;3;0,0
22540006617000;4;2;2;0,0
22540006618000;5;2;3;63,2
22540006619000;142;66;76;40,6
22540006620000;1340;680;660;38,0
22540006621000;2611;1257;1354;38,6
22540006622000;1586;765;821;45,2
22540006623000;104;53;51;43,3
22540006624000;35;21;14;44,6
22540006625000;6;4;2;59,8
22540006626000;19;11;8;48,4
22540006627000;8;5;3;47,4
22540006628000;31;19;12;31,6
22540006629000;5;3;2;48,4
22540006630000;21;9;12;46,1
22540006631000;252;129;123;37,7
22540006632000;10;5;5;25,9
22540006633000;3;1;2;0,0
22540006635000;1;1;0;0,0
22540006636000;414;198;216;34,4
22540006637000;341;169;172;35,6
22540006638000;49;22;27;41,3
22540006639000;431;229;202;39,3
22540006645000;468;230;238;36,5
22540006646000;1501;756;745;37,7
22540006647000;1137;562;575;35,5
22540006648000;888;469;419;37,6
22540006649000;3284;1618;1666;41,4
22540006650000;2820;1379;1441;36,5
22540006651000;2971;1484;1487;37,0
22540006652000;3046;1470;1576;38,1
22540006653000;2815;1240;1575;45,5
22540006654000;879;419;460;53,4
22540006655000;7;4;3;39,4
22540006656000;6;2;4;34,2
22540006660000;6;3;3;35,7
22540006661000;87;41;46;38,8
22540006662000;24;12;12;53,9
22540006663000;8;3;5;31,5
22540006686000;6;3;3;43,2
22540006687000;13;8;5;36,5
22540006688000;6;3;3;39,7
22540006690000;14;4;10;36,6
22540006691000;185;90;95;38,6
22540006692000;36;19;17;33,5
22540006693000;28;13;15;34,4
22540006694000;50;27;23;37,3
22540006695000;86;48;38;37,9
22540006696000;18;7;11;42,8
22540006697000;47;25;22;33,4
22540006698000;10;5;5;54,8
22540006699000;58;29;29;38,5
22540006700000;221;97;124;41,0
22540006701000;45;20;25;41,4
22540006702000;22;10;12;37,2
22540006703000;94;51;43;44,3
22540006704000;344;173;171;36,2
22540006705000;519;246;273;36,8
22540006706000;33;15;18;55,2
22540006707000;4;2;2;0,0
22540006708000;37;17;20;39,2
22540006709000;3;1;2;0,0
22540006712000;1;1;0;0,0
22540006715000;5;1;4;42,0
22540006716000;45;23;22;33,6
22540006717000;3;2;1;0,0
22540006729000;59;30;29;37,2
22540006730000;66;45;21;31,7
22540006732000;17;9;8;46,2
22540006733000;12;6;6;35,4
22540006734000;18;10;8;45,3
22540006735000;30;16;14;30,2
22540006747000;1;1;0;0,0
22540006749000;11;5;6;27,1
22540006750000;22;12;10;36,7
22540006751000;2;1;1;0,0
22540006752000;5;4;1;49,0
22540006753000;1;1;0;0,0
22540006755000;6;3;3;22,2
22540006757000;8;3;5;41,5
22540006758000;20;13;7;45,9
22540006759000;22;13;9;36,6
22540006767000;5;4;1;27,0
22540006768000;60;32;28;32,8
22540006771000;59;28;31;39,9
22540006772000;65;37;28;40,8
22540006773000;38;22;16;34,8
22540006774000;1;1;0;0,0
22540006782000;382;193;189;38,8
22540006783000;316;161;155;37,4
22540006784000;327;156;171;39,7
22540006785000;837;392;445;41,6
22540006786000;664;296;368;49,4
22540006787000;89;47;42;44,5
22540006793000;30;16;14;44,2
22540006794000;33;21;12;50,0
22540006795000;20;9;11;34,7
22540006796000;14;10;4;37,2
22540006797000;27;14;13;35,4
22540006798000;128;67;61;32,4
22540006799000;35;16;19;30,7
22540006800000;141;68;73;41,1
22540006801000;239;111;128;44,0
22540006802000;75;35;40;39,8
22540006803000;24;13;11;42,9
22540006856000;2;1;1;0,0
22540006866000;1;0;1;0,0
22540006903000;4;3;1;0,0
22540006904000;10;4;6;45,9
22540006954000;13;6;7;45,2
22540006955000;2;1;1;0,0
22540006980000;4;2;2;0,0
22540006986000;2;1;1;0,0
22540006987000;34;13;21;34,3
22540007005000;4;1;3;0,0
22540007006000;8;3;5;67,4
22540007011000;3;1;2;0,0
22540007013000;15;9;6;27,1
22540007014000;103;54;49;41,8
22540007015000;35;18;17;43,9
22540007019000;9;4;5;38,8
22540007020000;34;16;18;30,1
22540007021000;4;3;1;0,0
22540007027000;44;23;21;31,8
22540007030000;35;17;18;44,7
22540007031000;6;3;3;33,0
22540007036000;71;39;32;38,0
22540007037000;17;11;6;47,4
22540007038000;19;10;9;51,2
22540007039000;16;7;9;37,0
22540007040000;23;15;8;35,3
22540007050000;19;10;9;31,7
22540007051000;14;7;7;36,1
22540007055000;7;3;4;40,3
22540007058000;5;2;3;19,6
22540007059000;6;3;3;50,0
22540007060000;2;2;0;0,0
22540007061000;21;14;7;51,3
22540007062000;25;13;12;33,6
22540007063000;9;5;4;38,7
22540007064000;19;12;7;53,3
22540007076000;2;1;1;0,0
22540007077000;3;2;1;0,0
22540007080000;1;1;0;0,0
22540007097000;4;3;1;0,0
22540007102000;10;4;6;33,0
22540007103000;16;9;7;52,1
22540007111000;10;7;3;51,6
22540007113000;6;3;3;48,3
22550006582000;5;3;2;60,0
22550006583000;225;116;109;37,7
22550006584000;147;73;74;39,4
22550006586000;24;12;12;29,6
22550006587000;9;4;5;37,6
22550006588000;28;16;12;49,6
22550006589000;8;2;6;50,5
22550006590000;119;58;61;37,8
22550006591000;418;208;210;34,6
22550006592000;131;65;66;37,1
22550006593000;1537;783;754;36,1
22550006594000;1991;964;1027;37,1
22550006595000;2129;1045;1084;42,3
22550006596000;1820;934;886;38,7
22550006597000;2060;1002;1058;40,6
22550006598000;1551;765;786;37,2
22550006599000;765;396;369;41,6
22550006600000;156;81;75;37,5
22550006601000;7;4;3;44,4
22550006602000;180;94;86;36,4
22550006603000;387;200;187;41,1
22550006604000;305;150;155;45,3
22550006605000;306;152;154;50,4
22550006606000;52;26;26;52,6
22550006607000;22;9;13;43,5
22550006608000;4;2;2;0,0
22550006609000;2;1;1;0,0
22550006610000;3;2;1;0,0
22550006612000;5;4;1;53,8
22550006613000;78;44;34;41,5
22550006614000;95;53;42;41,6
22550006615000;46;25;21;40,5
22550006616000;5;3;2;61,4
22550006617000;6;2;4;63,3
22550006618000;20;9;11;49,1
22550006619000;35;21;14;35,3
22550006620000;121;71;50;35,7
22550006621000;885;409;476;37,2
22550006622000;1651;804;847;36,2
22550006623000;1353;667;686;43,1
22550006624000;1237;608;629;39,7
22550006625000;18;14;4;40,6
22550006626000;51;23;28;44,8
22550006627000;25;16;9;40,9
22550006628000;2;1;1;0,0
22550006630000;15;8;7;39,1
22550006631000;52;28;24;43,0
22550006632000;3;2;1;0,0
22550006633000;5;3;2;34,8
22550006634000;7;3;4;39,7
22550006635000;33;19;14;47,7
22550006636000;74;40;34;41,8
22550006638000;2;2;0;0,0
22550006639000;436;206;230;35,2
22550006640000;1226;587;639;43,4
22550006641000;271;99;172;63,3
22550006645000;6;4;2;49,7
22550006646000;533;256;277;39,2
22550006647000;2022;1023;999;35,9
22550006648000;386;203;183;33,5
22550006649000;1796;917;879;35,7
22550006650000;2068;1027;1041;35,7
22550006651000;2644;1296;1348;36,9
22550006652000;2348;1168;1180;35,9
22550006653000;2505;1218;1287;38,9
22550006654000;536;265;271;39,0
22550006655000;254;132;122;40,8
22550006656000;13;7;6;47,3
22550006657000;32;15;17;34,1
22550006658000;17;11;6;49,9
22550006659000;6;3;3;37,3
22550006660000;26;16;10;39,3
22550006661000;40;29;11;53,2
22550006662000;26;13;13;51,8
22550006687000;7;4;3;52,3
22550006688000;6;3;3;50,2
22550006690000;21;15;6;35,7
22550006691000;167;74;93;54,5
22550006692000;249;130;119;42,2
22550006693000;324;144;180;41,5
22550006694000;160;81;79;35,0
22550006695000;63;31;32;34,7
22550006696000;24;14;10;50,7
22550006697000;42;23;19;38,9
22550006698000;54;26;28;40,4
22550006699000;277;133;144;46,7
22550006700000;129;59;70;46,7
22550006701000;16;9;7;52,5
22550006702000;87;41;46;41,7
22550006703000;735;357;378;38,4
22550006704000;338;166;172;42,3
22550006705000;262;133;129;38,1
22550006706000;97;47;50;49,9
22550006707000;23;13;10;33,7
22550006729000;15;9;6;30,7
22550006730000;85;48;37;40,4
22550006731000;30;19;11;39,4
22550006732000;36;18;18;38,1
22550006733000;50;21;29;48,3
22550006749000;3;2;1;0,0
22550006750000;44;22;22;38,6
22550006751000;6;2;4;65,0
22550006752000;18;10;8;38,2
22550006753000;12;5;7;36,6
22550006757000;11;6;5;40,6
22550006758000;118;56;62;38,6
22550006759000;31;17;14;33,7
22550006767000;15;7;8;46,3
22550006768000;27;13;14;40,8
22550006771000;127;67;60;38,3
22550006772000;90;64;26;39,6
22550006775000;9;5;4;49,3
22550006776000;41;23;18;32,4
22550006777000;7;3;4;38,6
22550006778000;34;16;18;43,6
22550006779000;31;14;17;36,4
22550006780000;37;16;21;29,0
22550006781000;37;22;15;48,7
22550006782000;427;219;208;40,2
22550006783000;1648;766;882;42,1
22550006784000;2420;1129;1291;44,7
22550006785000;2111;975;1136;46,2
22550006786000;1844;882;962;40,0
22550006787000;162;90;72;41,4
22550006788000;2;1;1;0,0
22550006794000;3;2;1;0,0
22550006795000;16;8;8;32,2
22550006796000;34;19;15;31,7
22550006797000;162;85;77;37,8
22550006798000;942;474;468;40,2
22550006799000;254;128;126;44,9
22550006800000;77;38;39;45,7
22550006801000;39;20;19;42,2
22550006802000;7;4;3;52,7
22550006856000;2;2;0;0,0
22550006857000;19;9;10;33,8
22550006866000;2;1;1;0,0
22550006905000;3;2;1;0,0
22550006952000;16;7;9;35,2
22550006954000;4;2;2;0,0
22550006971000;6;3;3;39,5
22550006975000;4;1;3;0,0
22550006977000;4;2;2;0,0
22550006979000;2;1;1;0,0
22550006980000;2;1;1;0,0
22550006981000;3;2;1;0,0
22550006987000;35;17;18;41,1
22550006988000;128;65;63;37,1
22550006989000;68;29;39;43,0
22550006990000;43;23;20;42,8
22550006991000;24;14;10;36,4
22550006997000;2;1;1;0,0
22550007010000;2;1;1;0,0
22550007011000;7;4;3;25,6
22550007012000;4;3;1;0,0
22550007015000;21;12;9;45,5
22550007016000;9;4;5;32,2
22550007017000;10;5;5;55,0
22550007018000;5;1;4;36,8
22550007019000;17;8;9;37,9
22550007020000;55;27;28;37,2
22550007021000;6;3;3;46,5
22550007030000;3;3;0;0,0
22550007034000;33;13;20;43,3
22550007035000;28;15;13;50,7
22550007036000;37;19;18;38,4
22550007037000;11;7;4;21,4
22550007038000;10;7;3;34,7
22550007039000;2;2;0;0,0
22550007040000;2;1;1;0,0
22550007041000;23;13;10;46,8
22550007050000;83;46;37;38,5
22550007051000;5;4;1;50,0
22550007053000;6;3;3;30,2
22550007056000;16;9;7;46,5
22550007057000;6;4;2;39,7
22550007058000;11;5;6;42,0
22550007059000;10;5;5;39,4
22550007060000;36;21;15;36,7
22550007061000;5;1;4;37,6
22550007062000;25;15;10;41,9
22550007063000;7;4;3;37,1
22550007064000;6;2;4;43,0
22550007065000;9;5;4;39,4
22550007074000;4;2;2;0,0
22550007075000;4;2;2;0,0
22550007078000;6;2;4;48,3
22550007084000;1;1;0;0,0
22550007097000;4;2;2;0,0
22550007098000;15;9;6;49,7
22550007103000;43;19;24;46,0
22550007104000;5;1;4;38,4
22550007105000;8;7;1;43,0
22550007106000;3;2;1;0,0
22550007110000;28;18;10;44,2
22550007111000;16;9;7;56,2
22560006574000;17;8;9;38,9
22560006575000;76;39;37;44,8
22560006576000;86;40;46;40,4
22560006577000;5;3;2;30,0
22560006578000;27;16;11;41,8
22560006583000;2;1;1;0,0
22560006584000;30;15;15;58,3
22560006585000;253;123;130;41,2
22560006586000;61;30;31;43,0
22560006587000;27;16;11;42,8
22560006588000;6;3;3;72,5
22560006589000;29;12;17;39,2
22560006590000;24;11;13;47,8
22560006591000;19;9;10;35,4
22560006592000;209;111;98;38,8
22560006593000;20;9;11;30,9
22560006594000;51;26;25;37,8
22560006595000;331;170;161;36,0
22560006596000;350;180;170;33,4
22560006597000;55;25;30;40,2
22560006598000;658;318;340;39,5
22560006599000;772;386;386;36,1
22560006600000;605;298;307;35,9
22560006601000;428;229;199;31,7
22560006602000;359;168;191;42,5
22560006603000;590;304;286;35,0
22560006604000;1322;651;671;34,1
22560006605000;651;317;334;39,4
22560006606000;1172;573;599;41,6
22560006607000;115;61;54;46,5
22560006608000;64;31;33;48,5
22560006609000;19;10;9;33,4
22560006610000;23;12;11;38,3
22560006611000;3;2;1;0,0
22560006612000;12;8;4;35,3
22560006613000;28;16;12;47,0
22560006614000;47;24;23;43,7
22560006615000;21;8;13;46,9
22560006616000;3;2;1;0,0
22560006617000;8;5;3;33,1
22560006618000;18;10;8;43,8
22560006619000;33;18;15;39,8
22560006620000;27;14;13;37,6
22560006621000;44;16;28;38,7
22560006622000;24;12;12;33,5
22560006623000;30;15;15;45,3
22560006624000;314;151;163;34,9
22560006626000;5;4;1;53,4
22560006627000;47;28;19;35,1
22560006628000;18;10;8;37,2
22560006629000;16;11;5;45,4
22560006630000;20;11;9;58,8
22560006631000;34;16;18;33,1
22560006632000;54;25;29;38,7
22560006633000;26;15;11;37,9
22560006634000;2;1;1;0,0
22560006635000;14;6;8;27,0
22560006636000;4;2;2;0,0
22560006637000;29;13;16;29,4
22560006638000;1;1;0;0,0
22560006639000;18;11;7;32,8
22560006640000;42;17;25;45,5
22560006641000;218;110;108;45,8
22560006642000;1185;589;596;40,1
22560006643000;712;347;365;41,0
22560006644000;274;140;134;42,1
22560006648000;33;15;18;35,2
22560006649000;857;429;428;46,7
22560006650000;4156;2041;2115;38,2
22560006651000;3163;1548;1615;43,8
22560006652000;4330;2120;2210;39,5
22560006653000;3652;1776;1876;39,1
22560006654000;3163;1540;1623;36,4
22560006655000;1629;765;864;43,0
22560006656000;472;217;255;46,3
22560006657000;18;12;6;50,6
22560006658000;125;56;69;37,9
22560006659000;21;8;13;38,5
22560006660000;18;8;10;38,0
22560006661000;128;61;67;33,4
22560006672000;2;1;1;0,0
22560006686000;10;5;5;55,1
22560006687000;7;2;5;39,6
22560006688000;3;2;1;0,0
22560006689000;1;0;1;0,0
22560006690000;12;6;6;59,2
22560006691000;8;6;2;49,6
22560006692000;96;43;53;41,3
22560006693000;162;78;84;48,7
22560006694000;108;54;54;40,4
22560006695000;28;14;14;46,4
22560006696000;17;7;10;56,6
22560006697000;58;31;27;38,5
22560006698000;130;70;60;40,3
22560006699000;436;176;260;52,7
22560006700000;529;250;279;44,5
22560006701000;42;21;21;41,6
22560006702000;288;148;140;42,0
22560006703000;262;134;128;37,4
22560006704000;143;72;71;37,6
22560006705000;109;56;53;39,9
22560006706000;105;56;49;41,3
22560006707000;47;27;20;42,6
22560006708000;11;6;5;41,8
22560006710000;7;4;3;60,0
22560006711000;3;2;1;0,0
22560006722000;3;2;1;0,0
22560006723000;1;0;1;0,0
22560006724000;1;1;0;0,0
22560006733000;11;6;5;43,6
22560006735000;9;4;5;21,9
22560006742000;1;0;1;0,0
22560006749000;28;15;13;35,0
22560006750000;54;26;28;45,1
22560006751000;15;8;7;41,7
22560006753000;26;15;11;34,1
22560006756000;2;1;1;0,0
22560006757000;17;9;8;49,2
22560006758000;20;10;10;39,0
22560006759000;3;1;2;0,0
22560006767000;40;20;20;34,8
22560006768000;6;3;3;49,8
22560006769000;2;1;1;0,0
22560006770000;56;31;25;35,0
22560006771000;28;15;13;45,4
22560006774000;15;6;9;35,4
22560006775000;49;29;20;48,6
22560006776000;72;35;37;40,8
22560006777000;17;9;8;43,5
22560006779000;11;4;7;48,2
22560006780000;306;153;153;30,9
22560006781000;521;260;261;36,9
22560006782000;2044;988;1056;41,2
22560006783000;1266;605;661;43,4
22560006784000;950;451;499;42,2
22560006785000;738;362;376;43,2
22560006786000;663;315;348;42,1
22560006787000;142;78;64;42,6
22560006788000;6;3;3;40,8
22560006794000;51;25;26;43,9
22560006795000;77;36;41;41,6
22560006796000;89;42;47;38,0
22560006797000;39;19;20;41,2
22560006798000;82;38;44;35,0
22560006799000;79;41;38;44,8
22560006800000;29;12;17;36,4
22560006857000;10;5;5;53,5
22560006865000;1;1;0;0,0
22560006905000;3;2;1;0,0
22560006949000;23;13;10;43,8
22560006950000;10;4;6;34,7
22560006951000;53;25;28;37,3
22560006952000;10;6;4;67,9
22560006982000;11;5;6;41,3
22560006985000;20;10;10;48,6
22560006986000;53;26;27;35,1
22560006987000;43;23;20;36,7
22560006988000;104;56;48;38,4
22560006989000;111;47;64;46,4
22560006990000;8;5;3;47,1
22560006991000;27;11;16;46,0
22560006992000;25;13;12;30,3
22560007006000;4;2;2;0,0
22560007012000;17;6;11;31,9
22560007013000;7;3;4;42,7
22560007017000;2;1;1;0,0
22560007021000;4;4;0;0,0
22560007028000;399;209;190;32,7
22560007029000;188;95;93;28,6
22560007030000;96;50;46;38,1
22560007034000;43;22;21;39,6
22560007035000;26;15;11;42,8
22560007036000;20;11;9;33,1
22560007037000;17;9;8;47,4
22560007038000;33;18;15;40,5
22560007040000;10;6;4;43,4
22560007041000;77;44;33;37,5
22560007042000;15;8;7;40,0
22560007050000;39;16;23;25,6
22560007051000;8;2;6;38,1
22560007053000;4;2;2;0,0
22560007054000;3;1;2;0,0
22560007055000;7;5;2;33,6
22560007056000;32;15;17;39,4
22560007057000;49;25;24;35,9
22560007058000;5;4;1;36,2
22560007060000;29;17;12;37,4
22560007062000;5;3;2;59,6
22560007063000;8;5;3;51,9
22560007065000;10;5;5;53,5
22560007075000;8;6;2;29,8
22560007076000;4;3;1;0,0
22560007078000;4;3;1;0,0
22560007079000;157;80;77;44,8
22560007081000;2;1;1;0,0
22560007083000;6;4;2;39,5
22560007084000;9;4;5;38,8
22560007098000;3;2;1;0,0
22560007099000;4;1;3;0,0
22560007105000;9;5;4;55,1
22560007107000;15;8;7;34,6
22560007108000;7;6;1;50,9
22560007111000;68;40;28;50,8
22560007113000;4;3;1;0,0
22560007114000;6;3;3;64,0
22570006573000;2;1;1;0,0
22570006574000;42;17;25;46,4
22570006575000;565;274;291;42,4
22570006576000;381;194;187;39,2
22570006577000;235;115;120;40,8
22570006578000;196;105;91;44,8
22570006579000;39;20;19;47,3
22570006580000;47;22;25;38,5
22570006582000;20;13;7;48,5
22570006586000;6;3;3;40,8
22570006587000;19;11;8;27,8
22570006588000;45;20;25;43,3
22570006589000;335;178;157;37,5
22570006590000;39;21;18;37,0
22570006591000;127;71;56;37,2
22570006592000;194;99;95;36,9
22570006593000;12;5;7;48,8
22570006597000;26;13;13;32,5
22570006602000;4;2;2;0,0
22570006603000;52;29;23;36,1
22570006604000;1;1;0;0,0
22570006605000;282;124;158;41,3
22570006606000;716;345;371;37,3
22570006607000;11;7;4;37,5
22570006608000;22;13;9;44,6
22570006609000;56;34;22;39,0
22570006610000;4;3;1;0,0
22570006611000;7;3;4;39,4
22570006612000;60;36;24;41,4
22570006613000;295;152;143;40,8
22570006614000;1694;840;854;33,0
22570006615000;28;17;11;39,8
22570006616000;12;6;6;39,3
22570006617000;9;5;4;59,8
22570006618000;17;10;7;35,4
22570006619000;15;9;6;40,0
22570006620000;45;23;22;42,0
22570006621000;14;7;7;41,6
22570006622000;49;28;21;37,9
22570006623000;18;10;8;32,5
22570006624000;69;40;29;36,4
22570006626000;3;2;1;0,0
22570006628000;23;12;11;34,3
22570006629000;20;12;8;37,0
22570006630000;2;1;1;0,0
22570006631000;7;4;3;60,0
22570006632000;32;17;15;46,8
22570006633000;20;8;12;45,9
22570006634000;59;30;29;42,2
22570006635000;19;10;9;36,3
22570006636000;4;2;2;0,0
22570006637000;141;67;74;39,8
22570006638000;17;8;9;37,1
22570006639000;42;21;21;38,4
22570006640000;172;84;88;45,6
22570006641000;139;75;64;34,9
22570006642000;1113;540;573;34,1
22570006643000;2514;1189;1325;38,1
22570006644000;613;294;319;40,2
22570006647000;12;6;6;62,3
22570006648000;23;14;9;27,6
22570006649000;13;8;5;37,9
22570006650000;3513;1722;1791;38,6
22570006651000;3517;1645;1872;42,8
22570006652000;2428;1197;1231;43,8
22570006653000;4464;2019;2445;38,2
22570006654000;3788;1819;1969;39,3
22570006655000;2162;1048;1114;41,6
22570006656000;1880;918;962;39,0
22570006657000;459;244;215;30,4
22570006660000;2;1;1;0,0
22570006662000;10;5;5;37,5
22570006686000;9;4;5;44,3
22570006687000;3;2;1;0,0
22570006688000;5;2;3;57,6
22570006689000;30;14;16;47,9
22570006690000;51;29;22;43,7
22570006691000;573;293;280;39,3
22570006692000;251;131;120;39,9
22570006693000;102;50;52;43,9
22570006694000;39;19;20;52,9
22570006695000;35;18;17;39,3
22570006696000;76;38;38;42,4
22570006697000;29;15;14;34,4
22570006698000;28;15;13;40,0
22570006699000;99;53;46;36,9
22570006700000;232;109;123;44,6
22570006701000;33;15;18;29,2
22570006702000;87;48;39;37,3
22570006703000;103;56;47;41,1
22570006704000;27;14;13;36,4
22570006705000;50;24;26;40,7
22570006706000;28;18;10;36,0
22570006707000;2;1;1;0,0
22570006708000;22;10;12;36,1
22570006722000;5;2;3;53,4
22570006723000;8;4;4;52,5
22570006724000;26;14;12;35,2
22570006725000;14;7;7;41,6
22570006730000;10;7;3;42,3
22570006731000;6;2;4;54,0
22570006733000;4;3;1;0,0
22570006734000;19;7;12;33,2
22570006735000;26;14;12;39,3
22570006736000;26;12;14;49,7
22570006743000;3;1;2;0,0
22570006744000;3;1;2;0,0
22570006745000;10;4;6;43,2
22570006748000;91;47;44;44,6
22570006749000;51;27;24;44,8
22570006750000;80;41;39;36,8
22570006751000;13;6;7;41,6
22570006757000;4;3;1;0,0
22570006758000;10;5;5;42,8
22570006759000;3;3;0;0,0
22570006764000;4;2;2;0,0
22570006767000;32;17;15;44,0
22570006768000;6;3;3;52,5
22570006769000;5;2;3;36,4
22570006770000;36;14;22;35,7
22570006772000;3;1;2;0,0
22570006773000;10;6;4;39,0
22570006774000;19;13;6;39,8
22570006775000;71;36;35;41,0
22570006776000;7;4;3;35,3
22570006777000;6;3;3;53,2
22570006780000;24;11;13;41,5
22570006781000;208;115;93;36,1
22570006782000;1096;538;558;37,9
22570006783000;46;22;24;42,5
22570006784000;28;14;14;41,3
22570006785000;17;8;9;42,5
22570006786000;120;60;60;35,0
22570006787000;52;26;26;44,7
22570006798000;8;5;3;54,9
22570006799000;12;6;6;38,7
22570006858000;4;3;1;0,0
22570006904000;7;2;5;46,0
22570006947000;12;6;6;29,6
22570006948000;7;2;5;27,7
22570006949000;10;7;3;42,2
22570006950000;2;1;1;0,0
22570006977000;1;1;0;0,0
22570006978000;4;2;2;0,0
22570006979000;7;4;3;36,9
22570006982000;4;1;3;0,0
22570006983000;7;4;3;36,6
22570006984000;4;2;2;0,0
22570006985000;15;8;7;33,3
22570006986000;20;11;9;36,1
22570006987000;96;55;41;41,1
22570006988000;25;16;9;38,7
22570006989000;17;10;7;44,4
22570006990000;34;16;18;27,0
22570006992000;1;1;0;0,0
22570007005000;9;4;5;41,4
22570007006000;45;23;22;37,5
22570007010000;6;3;3;52,3
22570007011000;21;9;12;42,5
22570007012000;6;4;2;39,7
22570007016000;12;7;5;33,2
22570007021000;26;13;13;35,8
22570007022000;57;28;29;42,6
22570007023000;3;2;1;0,0
22570007024000;21;9;12;28,3
22570007027000;111;57;54;33,9
22570007028000;373;194;179;29,9
22570007029000;544;286;258;32,3
22570007030000;12;5;7;47,8
22570007033000;35;23;12;40,1
22570007034000;69;34;35;32,7
22570007035000;35;18;17;38,3
22570007036000;34;17;17;33,5
22570007037000;7;4;3;33,0
22570007038000;8;3;5;39,4
22570007039000;8;4;4;48,4
22570007040000;35;15;20;42,1
22570007041000;332;171;161;34,5
22570007042000;20;10;10;42,1
22570007050000;2;1;1;0,0
22570007051000;19;11;8;37,9
22570007054000;3;2;1;0,0
22570007057000;7;2;5;39,0
22570007062000;8;3;5;20,8
22570007063000;1;0;1;0,0
22570007065000;6;4;2;37,7
22570007066000;29;12;17;43,0
22570007074000;5;0;5;24,6
22570007076000;3;2;1;0,0
22570007077000;13;7;6;41,8
22570007078000;14;6;8;45,9
22570007079000;68;32;36;41,8
22570007080000;40;19;21;54,3
22570007083000;28;11;17;50,3
22570007084000;6;2;4;62,5
22570007097000;6;2;4;63,2
22570007098000;8;5;3;35,3
22570007099000;7;4;3;61,9
22570007100000;3;2;1;0,0
22570007106000;8;4;4;45,4
22570007107000;11;5;6;60,7
22570007108000;2;1;1;0,0
22570007109000;1;1;0;0,0
22570007111000;28;13;15;52,0
22570007112000;8;5;3;47,8
22570007113000;7;3;4;68,9
22580006570000;1;1;0;0,0
22580006575000;33;16;17;34,8
22580006576000;79;42;37;37,2
22580006577000;289;145;144;39,5
22580006578000;54;27;27;43,2
22580006579000;233;118;115;40,6
22580006580000;1003;491;512;41,0
22580006581000;77;41;36;39,2
22580006583000;10;5;5;39,2
22580006585000;5;3;2;47,4
22580006586000;9;4;5;44,0
22580006587000;23;13;10;40,0
22580006588000;31;17;14;35,9
22580006589000;126;59;67;53,7
22580006590000;934;471;463;43,6
22580006591000;26;11;15;40,2
22580006592000;26;17;9;46,5
22580006594000;4;2;2;0,0
22580006597000;9;4;5;43,3
22580006598000;1;1;0;0,0
22580006599000;4;3;1;0,0
22580006604000;13;6;7;44,7
22580006605000;12;7;5;58,3
22580006606000;3;2;1;0,0
22580006607000;112;59;53;34,7
22580006608000;26;13;13;29,7
22580006609000;9;4;5;50,3
22580006610000;35;22;13;43,5
22580006611000;13;7;6;49,9
22580006612000;8;4;4;41,5
22580006613000;452;222;230;31,0
22580006614000;221;110;111;38,1
22580006615000;32;16;16;38,3
22580006616000;16;9;7;26,3
22580006617000;11;7;4;35,6
22580006618000;21;8;13;26,2
22580006619000;22;11;11;41,0
22580006620000;5;4;1;32,6
22580006621000;101;50;51;38,3
22580006622000;21;9;12;34,3
22580006623000;28;15;13;40,5
22580006624000;156;85;71;35,5
22580006625000;42;23;19;36,8
22580006626000;14;6;8;50,6
22580006628000;24;10;14;35,7
22580006629000;44;22;22;38,5
22580006630000;9;5;4;54,2
22580006631000;108;57;51;38,1
22580006632000;26;11;15;36,7
22580006633000;84;34;50;38,4
22580006634000;177;93;84;42,4
22580006635000;88;50;38;41,9
22580006636000;151;80;71;40,9
22580006637000;190;99;91;37,1
22580006638000;167;88;79;40,6
22580006639000;246;140;106;35,3
22580006640000;1223;575;648;35,8
22580006641000;1537;756;781;34,9
22580006642000;356;177;179;36,4
22580006643000;2;2;0;0,0
22580006647000;407;197;210;41,4
22580006648000;2391;1165;1226;41,1
22580006649000;53;31;22;46,1
22580006650000;2353;1173;1180;39,3
22580006651000;5377;2537;2840;40,2
22580006652000;2662;1267;1395;38,4
22580006653000;3045;1500;1545;34,7
22580006654000;2929;1434;1495;41,9
22580006655000;322;163;159;34,6
22580006656000;616;319;297;31,0
22580006657000;46;26;20;31,7
22580006659000;3;1;2;0,0
22580006661000;1;1;0;0,0
22580006662000;7;4;3;52,1
22580006667000;4;3;1;0,0
22580006674000;1;1;0;0,0
22580006686000;7;4;3;40,6
22580006687000;32;15;17;37,1
22580006688000;2;1;1;0,0
22580006689000;1;0;1;0,0
22580006690000;59;25;34;39,9
22580006691000;150;77;73;44,6
22580006692000;60;32;28;47,3
22580006693000;65;30;35;36,2
22580006694000;30;14;16;40,1
22580006695000;27;13;14;44,0
22580006696000;96;51;45;44,6
22580006697000;50;24;26;33,4
22580006698000;36;17;19;38,3
22580006699000;126;59;67;42,4
22580006700000;64;28;36;43,3
22580006701000;63;33;30;42,4
22580006722000;2;1;1;0,0
22580006724000;14;8;6;28,4
22580006725000;5;2;3;19,2
22580006727000;5;3;2;59,8
22580006728000;160;80;80;38,3
22580006729000;192;100;92;39,4
22580006733000;7;3;4;45,1
22580006735000;70;37;33;44,8
22580006736000;49;22;27;43,0
22580006737000;61;33;28;50,7
22580006738000;51;26;25;35,1
22580006739000;10;4;6;31,7
22580006740000;9;4;5;60,0
22580006741000;17;8;9;43,3
22580006742000;4;2;2;0,0
22580006743000;41;21;20;41,8
22580006744000;11;6;5;47,7
22580006745000;5;3;2;55,8
22580006746000;34;18;16;39,0
22580006747000;22;12;10;44,6
22580006748000;125;70;55;41,8
22580006749000;23;10;13;31,9
22580006750000;53;29;24;53,3
22580006751000;18;7;11;39,5
22580006753000;8;3;5;52,1
22580006757000;3;2;1;0,0
22580006758000;37;19;18;49,2
22580006759000;28;14;14;34,1
22580006764000;27;19;8;42,2
22580006765000;14;6;8;41,9
22580006766000;13;8;5;50,5
22580006767000;11;7;4;35,3
22580006768000;15;7;8;44,7
22580006769000;82;41;41;42,3
22580006772000;3;1;2;0,0
22580006773000;3;1;2;0,0
22580006774000;6;3;3;34,5
22580006775000;78;39;39;35,5
22580006776000;9;5;4;41,9
22580006778000;4;3;1;0,0
22580006779000;13;7;6;36,2
22580006780000;28;14;14;49,5
22580006781000;657;307;350;31,6
22580006782000;950;468;482;36,8
22580006783000;9;3;6;42,4
22580006786000;33;18;15;41,2
22580006787000;18;8;10;59,1
22580006795000;4;2;2;0,0
22580006800000;1;1;0;0,0
22580006858000;3;2;1;0,0
22580006904000;8;3;5;36,8
22580006905000;1;1;0;0,0
22580006946000;29;12;17;30,7
22580006947000;16;7;9;31,7
22580006972000;2;1;1;0,0
22580006975000;8;3;5;36,9
22580006976000;4;2;2;0,0
22580006977000;5;1;4;25,2
22580006978000;6;4;2;63,0
22580006979000;6;3;3;36,8
22580006980000;4;2;2;0,0
22580006981000;14;6;8;32,9
22580006982000;20;9;11;42,7
22580006983000;33;20;13;36,6
22580006984000;26;11;15;44,5
22580006985000;25;10;15;44,0
22580006986000;17;8;9;44,1
22580006987000;13;8;5;47,8
22580006990000;15;11;4;44,2
22580006991000;9;5;4;58,1
22580006992000;6;4;2;57,2
22580006993000;22;11;11;40,6
22580006994000;20;9;11;38,2
22580006995000;9;3;6;27,2
22580007005000;21;12;9;44,5
22580007006000;152;77;75;41,5
22580007007000;46;24;22;31,6
22580007008000;12;7;5;35,3
22580007022000;19;10;9;39,5
22580007023000;45;28;17;35,0
22580007024000;95;52;43;39,0
22580007025000;28;13;15;39,8
22580007026000;56;31;25;46,9
22580007027000;16;8;8;58,3
22580007028000;60;26;34;50,2
22580007029000;555;272;283;36,0
22580007033000;159;85;74;37,0
22580007034000;475;219;256;40,1
22580007035000;39;22;17;38,3
22580007036000;84;37;47;34,9
22580007037000;88;39;49;44,8
22580007038000;53;23;30;39,0
22580007039000;27;12;15;38,6
22580007040000;83;42;41;41,6
22580007041000;24;14;10;44,0
22580007042000;61;32;29;47,4
22580007043000;51;29;22;39,2
22580007051000;7;3;4;58,3
22580007052000;31;13;18;29,8
22580007053000;2;1;1;0,0
22580007057000;7;3;4;50,7
22580007060000;1;0;1;0,0
22580007063000;8;5;3;49,3
22580007065000;19;12;7;27,4
22580007066000;24;15;9;42,5
22580007067000;5;2;3;51,8
22580007077000;23;12;11;54,3
22580007078000;29;16;13;33,8
22580007080000;13;4;9;42,4
22580007081000;9;6;3;50,0
22580007084000;7;4;3;49,6
22580007085000;12;5;7;25,2
22580007098000;28;15;13;49,4
22580007100000;16;9;7;43,8
22580007102000;4;1;3;0,0
22580007103000;8;4;4;37,1
22580007105000;1;0;1;0,0
22580007107000;32;17;15;45,4
22580007108000;7;5;2;36,1
22580007109000;6;4;2;58,7
22580007110000;51;21;30;54,4
22580007111000;8;5;3;46,9
22580007112000;16;8;8;54,6
22580007113000;1;1;0;0,0
22580007115000;37;20;17;36,6
22580007126000;2;1;1;0,0
22590006571000;73;34;39;45,8
22590006572000;84;47;37;44,6
22590006575000;35;21;14;55,3
22590006576000;46;26;20;47,1
22590006577000;582;281;301;36,2
22590006578000;446;216;230;38,0
22590006579000;25;14;11;46,8
22590006580000;365;183;182;36,6
22590006581000;539;279;260;36,2
22590006582000;14;7;7;34,9
22590006583000;1;1;0;0,0
22590006585000;44;24;20;36,6
22590006586000;4;2;2;0,0
22590006587000;63;31;32;34,0
22590006588000;97;48;49;39,4
22590006589000;838;418;420;43,5
22590006590000;49;26;23;43,2
22590006591000;60;30;30;42,9
22590006592000;3;2;1;0,0
22590006593000;3;2;1;0,0
22590006598000;14;7;7;38,6
22590006599000;12;6;6;44,9
22590006600000;7;4;3;29,4
22590006603000;4;2;2;0,0
22590006604000;4;1;3;0,0
22590006605000;35;21;14;42,5
22590006606000;42;21;21;41,3
22590006607000;242;120;122;36,4
22590006608000;421;220;201;34,5
22590006609000;17;10;7;46,1
22590006610000;107;58;49;39,2
22590006611000;146;90;56;27,2
22590006612000;16;6;10;43,4
22590006613000;29;16;13;43,2
22590006614000;28;14;14;44,7
22590006615000;281;142;139;41,9
22590006616000;414;215;199;37,8
22590006617000;127;67;60;32,2
22590006618000;12;6;6;35,8
22590006619000;11;6;5;42,2
22590006620000;14;6;8;32,1
22590006621000;101;55;46;36,0
22590006622000;38;24;14;33,8
22590006623000;44;23;21;34,8
22590006624000;58;30;28;39,9
22590006625000;17;6;11;43,6
22590006627000;7;5;2;54,3
22590006628000;53;25;28;40,8
22590006629000;25;13;12;45,3
22590006630000;37;21;16;34,1
22590006631000;107;52;55;44,4
22590006632000;23;11;12;48,3
22590006633000;63;32;31;47,5
22590006634000;98;46;52;45,4
22590006635000;15;6;9;39,8
22590006636000;6;1;5;18,8
22590006637000;17;7;10;33,6
22590006648000;640;308;332;34,9
22590006649000;948;468;480;45,1
22590006650000;7320;3553;3767;41,0
22590006651000;1801;874;927;36,2
22590006652000;3583;1741;1842;37,6
22590006653000;3026;1449;1577;38,3
22590006654000;2582;1228;1354;37,5
22590006655000;307;158;149;38,2
22590006659000;2;0;2;0,0
22590006664000;2;2;0;0,0
22590006671000;1;1;0;0,0
22590006687000;869;437;432;35,3
22590006688000;462;224;238;36,9
22590006690000;26;14;12;45,0
22590006691000;60;30;30;41,6
22590006692000;26;15;11;37,0
22590006693000;57;32;25;44,5
22590006694000;77;39;38;36,4
22590006695000;67;32;35;44,5
22590006718000;3;3;0;0,0
22590006719000;8;5;3;31,4
22590006721000;12;5;7;43,0
22590006722000;24;14;10;44,6
22590006723000;5;2;3;41,2
22590006724000;12;5;7;33,6
22590006725000;14;5;9;32,8
22590006726000;4;2;2;0,0
22590006727000;3;2;1;0,0
22590006728000;125;59;66;40,9
22590006729000;277;134;143;47,8
22590006730000;35;16;19;41,1
22590006731000;7;6;1;40,3
22590006732000;67;34;33;41,8
22590006733000;22;13;9;40,0
22590006734000;2;2;0;0,0
22590006735000;54;27;27;42,0
22590006736000;12;9;3;49,2
22590006737000;72;37;35;41,3
22590006738000;136;72;64;37,6
22590006739000;414;211;203;42,4
22590006740000;97;49;48;35,6
22590006742000;14;9;5;40,2
22590006743000;53;25;28;43,8
22590006744000;39;21;18;45,5
22590006745000;12;6;6;58,2
22590006746000;9;5;4;35,2
22590006747000;7;3;4;60,3
22590006748000;328;159;169;35,3
22590006749000;207;101;106;37,7
22590006750000;53;23;30;44,5
22590006751000;28;19;9;35,1
22590006752000;4;1;3;0,0
22590006753000;20;11;9;24,8
22590006757000;3;1;2;0,0
22590006758000;55;26;29;46,5
22590006759000;12;5;7;43,0
22590006763000;33;18;15;40,5
22590006764000;16;7;9;38,8
22590006765000;20;11;9;33,9
22590006766000;61;31;30;40,3
22590006767000;42;18;24;43,1
22590006768000;2;1;1;0,0
22590006769000;50;27;23;41,9
22590006771000;2;1;1;0,0
22590006772000;61;34;27;35,9
22590006773000;7;5;2;61,7
22590006774000;347;171;176;37,2
22590006775000;74;41;33;39,7
22590006778000;6;2;4;51,5
22590006779000;5;3;2;40,2
22590006780000;21;13;8;41,3
22590006781000;65;32;33;36,6
22590006782000;49;28;21;34,7
22590006783000;2;0;2;0,0
22590006786000;19;9;10;48,9
22590006787000;7;4;3;40,7
22590006795000;1;1;0;0,0
22590006796000;4;3;1;0,0
22590006800000;3;2;1;0,0
22590006858000;1;1;0;0,0
22590006859000;2;1;1;0,0
22590006904000;2;1;1;0,0
22590006909000;7;4;3;35,4
22590006945000;47;22;25;56,0
22590006946000;10;6;4;54,2
22590006947000;3;2;1;0,0
22590006971000;2;1;1;0,0
22590006973000;5;3;2;28,4
22590006974000;3;2;1;0,0
22590006980000;4;3;1;0,0
22590006981000;19;10;9;50,9
22590006982000;4;3;1;0,0
22590006983000;4;2;2;0,0
22590006991000;7;5;2;17,1
22590006992000;19;9;10;35,4
22590006993000;33;22;11;33,9
22590006994000;4;3;1;0,0
22590006995000;8;3;5;47,4
22590006996000;14;10;4;44,6
22590006997000;22;7;15;36,6
22590007003000;25;16;9;41,2
22590007004000;68;35;33;38,8
22590007005000;85;42;43;36,8
22590007006000;442;220;222;32,9
22590007007000;159;81;78;38,1
22590007008000;59;27;32;33,6
22590007009000;66;33;33;40,8
22590007015000;1;1;0;0,0
22590007023000;105;62;43;33,5
22590007024000;28;15;13;44,6
22590007025000;5;2;3;29,6
22590007026000;21;10;11;32,0
22590007027000;40;20;20;44,5
22590007028000;91;45;46;37,8
22590007029000;351;185;166;40,6
22590007030000;187;93;94;36,6
22590007033000;35;21;14;40,5
22590007034000;46;23;23;34,5
22590007035000;38;18;20;45,3
22590007036000;8;3;5;27,6
22590007041000;2;1;1;0,0
22590007042000;193;98;95;35,1
22590007043000;24;14;10;50,3
22590007044000;8;6;2;26,3
22590007052000;1;0;1;0,0
22590007053000;2;1;1;0,0
22590007057000;2;1;1;0,0
22590007063000;3;2;1;0,0
22590007064000;2;1;1;0,0
22590007066000;18;6;12;36,6
22590007067000;25;11;14;31,4
22590007078000;77;37;40;42,3
22590007079000;1;1;0;0,0
22590007084000;21;12;9;33,5
22590007085000;2;1;1;0,0
22590007098000;8;6;2;48,4
22590007099000;1;0;1;0,0
22590007100000;7;3;4;60,0
22590007102000;4;2;2;0,0
22590007103000;19;11;8;43,2
22590007107000;1;0;1;0,0
22590007108000;4;3;1;0,0
22590007109000;47;27;20;42,3
22590007110000;50;26;24;43,6
22590007111000;6;2;4;64,0
22590007112000;2;1;1;0,0
22590007126000;1;1;0;0,0
22600006569000;65;37;28;40,2
22600006570000;142;73;69;46,2
22600006571000;25;13;12;45,3
22600006572000;53;30;23;43,7
22600006574000;9;6;3;25,1
22600006575000;23;10;13;34,9
22600006576000;13;8;5;58,8
22600006577000;38;15;23;38,9
22600006578000;12;4;8;45,4
22600006579000;21;13;8;46,3
22600006580000;25;15;10;51,4
22600006581000;21;11;10;41,8
22600006582000;49;21;28;46,5
22600006583000;10;4;6;54,5
22600006584000;3;2;1;0,0
22600006585000;20;9;11;55,9
22600006586000;37;21;16;38,5
22600006587000;32;15;17;35,1
22600006588000;161;77;84;41,5
22600006589000;124;59;65;47,6
22600006590000;16;11;5;44,1
22600006591000;14;6;8;46,6
22600006592000;3;2;1;0,0
22600006593000;2;1;1;0,0
22600006596000;27;17;10;40,2
22600006598000;3;2;1;0,0
22600006599000;212;104;108;37,5
22600006600000;25;11;14;41,2
22600006601000;13;7;6;28,1
22600006604000;10;6;4;45,7
22600006605000;10;4;6;55,7
22600006606000;13;7;6;37,2
22600006607000;35;21;14;41,3
22600006608000;26;14;12;37,8
22600006610000;31;15;16;45,4
22600006611000;1;1;0;0,0
22600006612000;12;6;6;43,6
22600006613000;22;15;7;32,8
22600006614000;1901;918;983;41,6
22600006615000;950;478;472;37,1
22600006616000;591;295;296;39,6
22600006617000;16;10;6;29,6
22600006618000;12;7;5;41,3
22600006619000;8;6;2;41,6
22600006620000;120;66;54;31,8
22600006621000;245;131;114;35,2
22600006622000;107;65;42;41,3
22600006623000;46;24;22;29,1
22600006624000;8;4;4;29,1
22600006625000;54;28;26;38,8
22600006626000;63;32;31;31,9
22600006627000;10;7;3;40,0
22600006628000;195;96;99;31,6
22600006629000;239;127;112;40,4
22600006630000;193;93;100;40,7
22600006631000;168;86;82;35,8
22600006632000;19;10;9;48,5
22600006633000;4;3;1;0,0
22600006634000;114;63;51;44,6
22600006635000;48;22;26;38,0
22600006636000;5;3;2;73,0
22600006637000;2;1;1;0,0
22600006648000;943;523;420;41,5
22600006649000;10896;5490;5406;38,2
22600006650000;13883;6707;7176;39,2
22600006651000;9484;4680;4804;39,5
22600006652000;2212;1039;1173;40,1
22600006653000;1405;687;718;38,8
22600006654000;1978;972;1006;39,3
22600006655000;75;39;36;39,2
22600006681000;12;5;7;50,9
22600006682000;76;39;37;41,4
22600006683000;31;15;16;45,1
22600006687000;30;11;19;46,1
22600006688000;190;91;99;37,2
22600006689000;54;29;25;38,5
22600006690000;35;16;19;36,3
22600006691000;87;43;44;40,4
22600006692000;80;34;46;34,9
22600006693000;87;46;41;34,4
22600006694000;65;28;37;42,4
22600006710000;5;4;1;40,0
22600006717000;11;4;7;41,0
22600006718000;11;7;4;50,6
22600006719000;26;11;15;44,7
22600006720000;33;18;15;36,7
22600006721000;40;16;24;40,5
22600006722000;21;8;13;45,6
22600006723000;18;8;10;51,2
22600006724000;12;5;7;34,3
22600006726000;10;6;4;44,3
22600006727000;13;7;6;34,4
22600006728000;7;4;3;34,1
22600006729000;8;5;3;24,6
22600006730000;2;1;1;0,0
22600006731000;13;7;6;39,7
22600006732000;16;10;6;32,9
22600006733000;6;3;3;53,3
22600006734000;174;84;90;42,6
22600006735000;468;244;224;40,3
22600006736000;69;35;34;45,1
22600006737000;40;17;23;37,9
22600006738000;411;198;213;36,2
22600006739000;1048;493;555;45,1
22600006740000;712;374;338;38,1
22600006741000;12;6;6;37,4
22600006742000;3;1;2;0,0
22600006743000;2;1;1;0,0
22600006744000;36;20;16;44,1
22600006745000;20;10;10;49,0
22600006747000;19;9;10;30,3
22600006748000;343;180;163;35,1
22600006749000;39;21;18;39,3
22600006750000;49;25;24;39,4
22600006751000;6;2;4;32,8
22600006752000;32;15;17;42,6
22600006753000;11;7;4;51,5
22600006758000;88;48;40;44,5
22600006759000;14;6;8;42,2
22600006763000;8;4;4;45,5
22600006764000;2;1;1;0,0
22600006765000;22;13;9;40,8
22600006766000;106;56;50;40,8
22600006767000;40;19;21;38,5
22600006768000;14;6;8;47,8
22600006769000;5;2;3;40,4
22600006771000;54;28;26;31,9
22600006772000;34;16;18;35,4
22600006773000;165;77;88;43,4
22600006774000;100;48;52;48,0
22600006775000;47;25;22;39,5
22600006776000;9;4;5;23,7
22600006778000;24;14;10;37,9
22600006779000;21;11;10;42,8
22600006780000;2;1;1;0,0
22600006781000;94;50;44;35,2
22600006782000;24;12;12;39,2
22600006786000;10;6;4;46,4
22600006905000;4;2;2;0,0
22600006909000;8;6;2;62,8
22600006910000;5;4;1;26,6
22600006935000;2;1;1;0,0
22600006942000;4;1;3;0,0
22600006943000;2;2;0;0,0
22600006944000;21;10;11;44,4
22600006945000;64;30;34;39,4
22600006946000;6;3;3;58,8
22600006972000;1;0;1;0,0
22600006980000;6;2;4;22,2
22600006981000;3;2;1;0,0
22600006988000;8;3;5;24,5
22600006989000;31;16;15;41,2
22600006990000;8;5;3;27,9
22600006992000;4;1;3;0,0
22600006993000;36;20;16;44,9
22600006997000;45;23;22;35,8
22600006998000;129;67;62;39,1
22600007002000;28;13;15;37,4
22600007003000;27;16;11;42,4
22600007004000;43;21;22;49,3
22600007005000;13;9;4;44,0
22600007006000;46;24;22;35,0
22600007007000;33;20;13;45,7
22600007008000;39;25;14;44,3
22600007009000;104;35;69;68,7
22600007010000;20;11;9;42,4
22600007016000;2;1;1;0,0
22600007019000;13;6;7;32,3
22600007020000;17;9;8;32,6
22600007021000;14;7;7;23,5
22600007022000;7;3;4;37,0
22600007023000;74;38;36;32,5
22600007024000;185;90;95;32,6
22600007025000;48;26;22;39,0
22600007026000;13;7;6;39,6
22600007027000;22;12;10;47,3
22600007028000;24;14;10;34,4
22600007029000;13;6;7;29,6
22600007030000;38;18;20;39,9
22600007031000;20;9;11;37,3
22600007033000;35;17;18;35,5
22600007042000;2;0;2;0,0
22600007043000;58;30;28;43,4
22600007044000;118;57;61;37,2
22600007056000;19;10;9;38,6
22600007058000;14;6;8;34,8
22600007059000;10;3;7;24,0
22600007066000;28;18;10;39,0
22600007067000;13;8;5;48,1
22600007068000;5;3;2;36,0
22600007078000;103;57;46;44,3
22600007079000;67;37;30;52,2
22600007084000;8;2;6;46,6
22600007085000;5;2;3;41,6
22600007099000;12;5;7;43,3
22600007100000;10;5;5;64,7
22600007101000;19;7;12;40,7
22600007103000;7;3;4;65,3
22600007104000;1;0;1;0,0
22600007109000;14;6;8;32,4
22600007112000;4;2;2;0,0
22600007128000;5;2;3;28,0
22610006567000;2;2;0;0,0
22610006568000;9;5;4;45,6
22610006569000;521;253;268;39,7
22610006570000;6;3;3;44,2
22610006571000;8;4;4;26,9
22610006572000;31;22;9;31,1
22610006573000;21;10;11;42,6
22610006574000;19;8;11;39,2
22610006575000;42;20;22;43,3
22610006576000;49;26;23;47,3
22610006577000;25;12;13;43,2
22610006578000;66;33;33;45,7
22610006579000;17;9;8;38,3
22610006580000;4;2;2;0,0
22610006582000;49;25;24;43,3
22610006583000;226;117;109;39,8
22610006584000;50;17;33;38,5
22610006585000;16;9;7;52,4
22610006586000;13;7;6;49,5
22610006587000;23;15;8;46,7
22610006588000;131;68;63;44,1
22610006590000;16;12;4;39,6
22610006591000;2;1;1;0,0
22610006592000;2;2;0;0,0
22610006595000;3;1;2;0,0
22610006596000;17;11;6;36,4
22610006597000;22;12;10;35,3
22610006598000;556;298;258;38,8
22610006599000;493;246;247;28,4
22610006600000;26;14;12;39,4
22610006601000;1;1;0;0,0
22610006602000;4;2;2;0,0
22610006604000;11;5;6;42,9
22610006605000;14;6;8;35,7
22610006606000;3;1;2;0,0
22610006607000;17;9;8;28,8
22610006608000;6;5;1;58,8
22610006609000;27;18;9;46,2
22610006610000;28;17;11;47,3
22610006611000;24;11;13;48,5
22610006612000;21;10;11;37,2
22610006613000;9;3;6;23,0
22610006614000;56;26;30;35,6
22610006615000;102;46;56;30,2
22610006616000;8;3;5;32,6
22610006617000;22;11;11;37,0
22610006618000;1;1;0;0,0
22610006619000;43;20;23;39,1
22610006620000;102;45;57;38,8
22610006621000;606;347;259;29,3
22610006622000;20;10;10;35,8
22610006623000;21;9;12;38,5
22610006624000;43;21;22;41,9
22610006625000;39;23;16;40,7
22610006626000;48;26;22;41,8
22610006627000;24;10;14;36,3
22610006628000;352;189;163;38,0
22610006629000;1587;798;789;36,4
22610006630000;364;185;179;30,0
22610006632000;11;7;4;36,5
22610006634000;77;33;44;39,0
22610006635000;31;12;19;40,6
22610006637000;7;3;4;39,6
22610006638000;11;6;5;41,9
22610006639000;8;5;3;41,5
22610006646000;1;0;1;0,0
22610006648000;48;26;22;45,0
22610006649000;1093;600;493;37,5
22610006650000;16413;8408;8005;34,8
22610006651000;13325;6378;6947;36,1
22610006652000;4122;2142;1980;34,1
22610006653000;2493;1222;1271;34,0
22610006654000;2203;1075;1128;35,8
22610006655000;1668;856;812;25,6
22610006660000;4;1;3;0,0
22610006681000;11;6;5;29,9
22610006682000;130;64;66;38,0
22610006685000;7;4;3;40,4
22610006686000;27;16;11;38,1
22610006690000;21;9;12;41,0
22610006691000;62;36;26;44,2
22610006692000;11;6;5;51,6
22610006715000;1;1;0;0,0
22610006716000;3;2;1;0,0
22610006717000;7;4;3;50,7
22610006718000;10;4;6;37,7
22610006719000;31;19;12;43,4
22610006720000;8;5;3;47,0
22610006721000;2;2;0;0,0
22610006722000;16;8;8;34,9
22610006723000;24;13;11;42,9
22610006724000;15;8;7;46,1
22610006725000;40;19;21;45,3
22610006726000;41;22;19;41,9
22610006727000;38;14;24;52,2
22610006730000;14;7;7;41,5
22610006731000;22;13;9;40,2
22610006732000;47;25;22;34,4
22610006734000;23;11;12;29,9
22610006735000;336;168;168;42,9
22610006736000;32;18;14;35,5
22610006737000;9;4;5;39,3
22610006738000;329;180;149;43,9
22610006739000;1445;689;756;41,7
22610006740000;1309;654;655;41,7
22610006741000;816;413;403;38,9
22610006742000;73;38;35;37,3
22610006743000;232;123;109;39,3
22610006744000;68;36;32;42,5
22610006745000;5;2;3;62,8
22610006746000;21;9;12;36,3
22610006747000;83;47;36;42,6
22610006748000;92;46;46;29,7
22610006749000;8;4;4;41,8
22610006750000;18;10;8;41,6
22610006752000;48;27;21;37,5
22610006753000;13;9;4;40,2
22610006758000;105;50;55;42,2
22610006759000;7;2;5;48,0
22610006762000;7;3;4;47,1
22610006763000;32;15;17;38,5
22610006764000;16;10;6;40,9
22610006765000;42;23;19;45,9
22610006766000;60;31;29;45,7
22610006767000;17;6;11;33,6
22610006768000;6;2;4;57,3
22610006770000;28;15;13;48,9
22610006772000;16;8;8;48,3
22610006773000;32;16;16;36,2
22610006774000;8;4;4;38,5
22610006775000;2;1;1;0,0
22610006776000;12;4;8;42,9
22610006778000;34;16;18;43,4
22610006779000;6;3;3;36,0
22610006780000;4;2;2;0,0
22610006781000;21;9;12;35,8
22610006782000;7;5;2;35,4
22610006858000;8;4;4;42,0
22610006939000;2;2;0;0,0
22610006940000;1;0;1;0,0
22610006942000;1;1;0;0,0
22610006943000;6;4;2;25,5
22610006944000;17;9;8;42,3
22610006945000;2;1;1;0,0
22610006985000;4;1;3;0,0
22610006987000;5;2;3;16,8
22610006989000;12;5;7;37,0
22610006990000;2;1;1;0,0
22610006991000;4;3;1;0,0
22610006992000;1;0;1;0,0
22610006996000;2;2;0;0,0
22610006997000;91;45;46;42,0
22610006998000;825;389;436;44,2
22610006999000;279;127;152;35,6
22610007000000;208;99;109;37,3
22610007001000;25;13;12;33,3
22610007002000;35;18;17;34,5
22610007008000;34;16;18;29,0
22610007009000;41;23;18;36,7
22610007010000;146;76;70;42,4
22610007011000;12;6;6;36,5
22610007012000;9;4;5;35,7
22610007016000;60;27;33;31,9
22610007017000;95;47;48;35,7
22610007018000;73;38;35;42,6
22610007019000;33;17;16;42,5
22610007020000;55;28;27;40,5
22610007021000;9;5;4;57,3
22610007022000;12;7;5;53,9
22610007023000;48;22;26;30,5
22610007024000;995;500;495;29,9
22610007025000;932;472;460;37,9
22610007026000;113;57;56;37,8
22610007027000;135;78;57;38,3
22610007028000;55;27;28;27,2
22610007029000;13;7;6;33,3
22610007030000;79;54;25;38,1
22610007031000;32;17;15;32,0
22610007032000;15;9;6;56,2
22610007033000;34;16;18;33,4
22610007044000;20;10;10;59,2
22610007054000;4;2;2;0,0
22610007055000;72;32;40;39,5
22610007056000;241;120;121;37,3
22610007059000;10;6;4;43,6
22610007060000;11;4;7;41,5
22610007066000;6;3;3;34,5
22610007067000;1;1;0;0,0
22610007068000;8;5;3;52,1
22610007079000;16;10;6;46,1
22610007084000;6;3;3;35,5
22610007085000;8;4;4;42,6
22610007097000;1;0;1;0,0
22610007098000;6;3;3;39,3
22610007100000;31;17;14;52,7
22610007102000;5;4;1;58,4
22610007104000;12;4;8;44,4
22620006556000;26;13;13;54,2
22620006557000;32;17;15;53,5
22620006558000;35;18;17;58,5
22620006559000;64;35;29;51,0
22620006560000;24;12;12;45,4
22620006566000;182;89;93;42,7
22620006567000;224;115;109;42,1
22620006568000;117;57;60;40,0
22620006569000;304;160;144;43,6
22620006570000;153;80;73;37,0
22620006571000;37;14;23;45,6
22620006572000;6;3;3;40,8
22620006573000;7;4;3;46,1
22620006574000;16;7;9;34,4
22620006575000;35;17;18;39,5
22620006576000;26;13;13;51,7
22620006577000;24;12;12;37,3
22620006579000;15;8;7;36,6
22620006580000;2;1;1;0,0
22620006581000;1;1;0;0,0
22620006582000;6;2;4;27,2
22620006583000;2;1;1;0,0
22620006584000;25;10;15;46,0
22620006586000;19;10;9;32,1
22620006587000;84;48;36;40,6
22620006588000;135;72;63;42,1
22620006593000;5;3;2;23,8
22620006594000;5;3;2;43,8
22620006595000;6;2;4;33,7
22620006598000;109;61;48;42,0
22620006599000;296;140;156;43,1
22620006600000;1;0;1;0,0
22620006602000;6;5;1;25,7
22620006603000;6;5;1;47,2
22620006604000;45;26;19;34,6
22620006606000;6;4;2;40,8
22620006608000;39;20;19;36,5
22620006609000;15;9;6;56,9
22620006611000;41;21;20;40,0
22620006612000;97;49;48;25,5
22620006613000;19;13;6;36,9
22620006614000;5;4;1;22,6
22620006615000;15;6;9;39,8
22620006616000;20;12;8;42,5
22620006617000;35;18;17;33,8
22620006618000;19;10;9;36,0
22620006619000;95;52;43;35,9
22620006620000;1120;552;568;39,5
22620006621000;1102;554;548;37,8
22620006622000;304;148;156;34,6
22620006623000;26;13;13;47,5
22620006624000;14;7;7;36,9
22620006625000;124;65;59;32,5
22620006626000;28;13;15;35,5
22620006627000;101;56;45;38,5
22620006628000;2;1;1;0,0
22620006629000;20;11;9;33,8
22620006630000;894;452;442;33,0
22620006631000;305;161;144;29,0
22620006632000;6;2;4;50,8
22620006634000;2;1;1;0,0
22620006635000;26;13;13;37,5
22620006636000;20;10;10;58,0
22620006638000;13;7;6;37,3
22620006639000;18;9;9;36,1
22620006640000;1;1;0;0,0
22620006643000;188;92;96;34,8
22620006644000;358;193;165;37,3
22620006645000;401;190;211;36,8
22620006647000;40;29;11;41,7
22620006648000;985;553;432;37,2
22620006649000;6015;3450;2565;31,8
22620006650000;15660;8107;7553;33,7
22620006651000;10771;5136;5635;35,8
22620006652000;4822;2272;2550;33,5
22620006653000;3571;1769;1802;37,7
22620006654000;3207;1619;1588;40,8
22620006655000;1424;695;729;38,8
22620006657000;1;0;1;0,0
22620006658000;4;2;2;0,0
22620006659000;2;1;1;0,0
22620006673000;1;1;0;0,0
22620006676000;11;8;3;50,3
22620006677000;15;9;6;39,7
22620006678000;15;9;6;52,3
22620006680000;230;110;120;45,8
22620006681000;616;311;305;41,5
22620006682000;454;244;210;42,8
22620006683000;647;301;346;30,8
22620006684000;14;7;7;48,0
22620006685000;37;18;19;49,2
22620006686000;30;17;13;35,0
22620006694000;4;3;1;0,0
22620006695000;2;1;1;0,0
22620006696000;2;1;1;0,0
22620006715000;4;1;3;0,0
22620006717000;6;3;3;42,8
22620006718000;22;13;9;55,6
22620006719000;5;3;2;29,0
22620006720000;10;7;3;35,0
22620006721000;5;4;1;54,8
22620006722000;4;1;3;0,0
22620006724000;9;7;2;33,1
22620006726000;14;7;7;49,6
22620006730000;17;11;6;37,4
22620006731000;62;38;24;45,8
22620006732000;36;21;15;44,1
22620006733000;21;12;9;44,8
22620006734000;12;5;7;27,8
22620006735000;89;45;44;39,6
22620006736000;87;45;42;46,3
22620006737000;63;33;30;40,5
22620006738000;55;25;30;40,2
22620006739000;258;124;134;44,6
22620006740000;10;5;5;51,7
22620006741000;70;38;32;40,8
22620006743000;11;5;6;40,5
22620006744000;9;7;2;28,4
22620006745000;155;81;74;35,8
22620006746000;1030;516;514;37,9
22620006747000;793;415;378;40,8
22620006748000;344;170;174;31,6
22620006749000;23;13;10;43,1
22620006752000;8;5;3;41,8
22620006753000;12;6;6;35,9
22620006755000;7;3;4;40,7
22620006756000;6;4;2;35,7
22620006757000;7;4;3;56,6
22620006758000;62;35;27;49,7
22620006759000;8;3;5;48,1
22620006760000;3;2;1;0,0
22620006761000;6;2;4;52,2
22620006762000;7;3;4;35,7
22620006763000;20;9;11;39,3
22620006764000;211;117;94;34,1
22620006765000;628;296;332;47,2
22620006766000;174;83;91;41,7
22620006767000;13;6;7;42,0
22620006769000;20;13;7;35,8
22620006770000;10;5;5;41,0
22620006771000;7;4;3;53,7
22620006773000;2;1;1;0,0
22620006778000;21;8;13;36,7
22620006779000;19;10;9;47,3
22620006780000;8;4;4;31,8
22620006781000;27;15;12;30,4
22620006782000;16;7;9;39,6
22620006783000;4;2;2;0,0
22620006858000;18;10;8;53,4
22620006859000;4;2;2;0,0
22620006903000;21;8;13;25,7
22620006904000;7;4;3;37,9
22620006906000;1;1;0;0,0
22620006926000;1;1;0;0,0
22620006930000;3;1;2;0,0
22620006931000;13;9;4;35,9
22620006932000;1;0;1;0,0
22620006933000;4;2;2;0,0
22620006935000;5;3;2;64,0
22620006936000;5;2;3;29,4
22620006937000;6;4;2;47,8
22620006938000;9;5;4;48,0
22620006984000;16;10;6;40,2
22620006985000;10;5;5;34,8
22620006986000;30;14;16;35,8
22620006987000;3;1;2;0,0
22620006988000;16;9;7;36,6
22620006997000;40;23;17;33,4
22620006998000;694;361;333;36,2
22620006999000;46;22;24;33,8
22620007001000;10;4;6;41,6
22620007009000;34;22;12;32,4
22620007010000;514;274;240;37,9
22620007011000;178;85;93;49,0
22620007012000;14;7;7;39,6
22620007013000;32;16;16;41,3
22620007014000;9;6;3;42,8
22620007016000;50;29;21;33,0
22620007017000;37;20;17;43,5
22620007018000;70;28;42;32,7
22620007019000;169;84;85;33,8
22620007020000;45;25;20;39,4
22620007021000;34;13;21;38,6
22620007022000;17;9;8;32,6
22620007023000;9;6;3;54,8
22620007024000;36;17;19;39,2
22620007025000;284;143;141;34,7
22620007026000;573;298;275;40,5
22620007027000;235;125;110;40,2
22620007028000;144;65;79;30,5
22620007029000;53;31;22;37,9
22620007030000;43;22;21;41,5
22620007032000;50;24;26;37,2
22620007033000;290;143;147;37,6
22620007034000;165;83;82;34,4
22620007044000;3;2;1;0,0
22620007055000;7;4;3;63,3
22620007056000;436;224;212;42,4
22620007060000;14;8;6;39,7
22620007061000;3;1;2;0,0
22620007068000;9;6;3;47,8
22620007078000;3;2;1;0,0
22620007097000;17;10;7;60,6
22620007098000;3;2;1;0,0
22620007100000;48;22;26;34,4
22620007102000;2;1;1;0,0
22620007103000;3;1;2;0,0
22620007112000;4;2;2;0,0
22620007113000;8;4;4;57,6
22620007119000;10;5;5;46,4
22620007120000;1;1;0;0,0
22630006556000;157;68;89;45,0
22630006557000;84;44;40;48,1
22630006558000;299;150;149;41,6
22630006559000;131;60;71;39,0
22630006560000;39;23;16;53,6
22630006566000;42;20;22;48,2
22630006567000;4;3;1;0,0
22630006568000;141;71;70;39,2
22630006569000;108;59;49;44,4
22630006570000;25;13;12;40,7
22630006571000;35;18;17;46,7
22630006572000;11;7;4;59,7
22630006573000;12;5;7;46,6
22630006574000;35;18;17;35,4
22630006575000;65;33;32;34,6
22630006576000;38;17;21;33,2
22630006577000;27;16;11;43,7
22630006578000;3;2;1;0,0
22630006579000;3;2;1;0,0
22630006582000;4;3;1;0,0
22630006583000;9;5;4;35,6
22630006584000;8;4;4;31,1
22630006585000;17;10;7;46,2
22630006586000;54;28;26;49,2
22630006587000;23;14;9;34,2
22630006588000;8;4;4;33,9
22630006594000;5;3;2;56,8
22630006595000;34;12;22;28,4
22630006596000;21;10;11;37,6
22630006597000;31;18;13;40,3
22630006598000;8;4;4;41,8
22630006599000;1;1;0;0,0
22630006602000;14;6;8;43,2
22630006603000;25;14;11;33,2
22630006604000;8;4;4;41,8
22630006605000;12;6;6;44,7
22630006607000;4;2;2;0,0
22630006608000;11;6;5;36,7
22630006609000;34;18;16;36,9
22630006610000;8;5;3;40,8
22630006611000;52;29;23;35,4
22630006612000;34;15;19;40,8
22630006613000;10;5;5;45,3
22630006615000;4;2;2;0,0
22630006616000;10;6;4;46,0
22630006617000;1;1;0;0,0
22630006618000;5;2;3;48,8
22630006619000;317;169;148;40,3
22630006620000;1523;747;776;35,3
22630006621000;1520;764;756;43,0
22630006622000;759;390;369;40,3
22630006623000;81;44;37;36,6
22630006624000;21;11;10;49,3
22630006625000;130;73;57;33,3
22630006626000;8;4;4;58,9
22630006627000;942;461;481;41,6
22630006628000;94;55;39;34,0
22630006631000;4;2;2;0,0
22630006632000;13;7;6;40,7
22630006633000;82;42;40;32,7
22630006634000;413;204;209;33,3
22630006636000;9;5;4;46,7
22630006637000;1789;874;915;40,0
22630006638000;1801;904;897;38,2
22630006639000;2487;1191;1296;34,2
22630006640000;2330;1126;1204;37,9
22630006641000;993;479;514;39,2
22630006642000;610;305;305;46,7
22630006643000;81;40;41;36,0
22630006644000;1091;550;541;39,2
22630006645000;1628;819;809;39,7
22630006646000;1633;816;817;38,1
22630006647000;1016;535;481;38,1
22630006648000;7215;3804;3411;31,9
22630006649000;19314;10415;8899;32,4
22630006650000;19424;10042;9382;33,6
22630006651000;14491;7352;7139;33,6
22630006652000;14876;7277;7599;35,4
22630006653000;3856;1903;1953;36,3
22630006654000;3367;1674;1693;36,5
22630006655000;990;500;490;36,5
22630006656000;8;5;3;45,3
22630006657000;6;4;2;28,5
22630006658000;25;13;12;34,4
22630006659000;14;5;9;37,3
22630006679000;4;3;1;0,0
22630006680000;30;16;14;36,7
22630006681000;31;13;18;51,6
22630006682000;32;16;16;43,7
22630006683000;125;67;58;35,2
22630006684000;7;5;2;37,1
22630006685000;5;4;1;29,2
22630006721000;3;1;2;0,0
22630006726000;35;17;18;40,1
22630006727000;3;1;2;0,0
22630006728000;8;5;3;42,0
22630006730000;5;3;2;67,6
22630006731000;48;28;20;45,0
22630006732000;206;108;98;37,2
22630006733000;443;205;238;46,0
22630006734000;28;14;14;28,1
22630006735000;22;11;11;45,4
22630006736000;24;14;10;56,0
22630006737000;20;9;11;38,4
22630006738000;10;5;5;34,5
22630006739000;16;8;8;44,6
22630006740000;24;11;13;43,5
22630006741000;16;10;6;47,4
22630006742000;8;4;4;43,8
22630006743000;10;5;5;25,6
22630006744000;286;141;145;31,4
22630006745000;49;27;22;35,2
22630006746000;501;259;242;35,9
22630006747000;401;200;201;34,5
22630006748000;668;331;337;43,9
22630006749000;219;110;109;42,5
22630006750000;3;2;1;0,0
22630006753000;46;21;25;32,6
22630006755000;41;23;18;40,0
22630006757000;19;11;8;35,4
22630006758000;17;8;9;41,4
22630006759000;20;12;8;39,7
22630006760000;37;20;17;44,8
22630006761000;29;16;13;49,0
22630006762000;25;12;13;35,7
22630006763000;10;6;4;30,5
22630006764000;233;118;115;43,3
22630006765000;229;110;119;51,8
22630006766000;3;2;1;0,0
22630006768000;6;4;2;37,8
22630006769000;35;24;11;30,1
22630006770000;16;9;7;30,3
22630006773000;6;2;4;47,3
22630006777000;22;11;11;29,7
22630006778000;66;30;36;40,8
22630006779000;10;4;6;44,7
22630006781000;5;1;4;44,2
22630006858000;5;2;3;60,0
22630006859000;5;3;2;57,6
22630006892000;1;1;0;0,0
22630006903000;2;1;1;0,0
22630006904000;1;0;1;0,0
22630006927000;2;0;2;0,0
22630006928000;10;4;6;21,3
22630006930000;2;1;1;0,0
22630006933000;4;3;1;0,0
22630006982000;10;7;3;19,4
22630006984000;5;3;2;31,0
22630006985000;4;3;1;0,0
22630006987000;19;13;6;36,8
22630006988000;9;4;5;42,3
22630006990000;9;5;4;29,3
22630006995000;1;1;0;0,0
22630006996000;24;11;13;36,6
22630006997000;88;49;39;36,1
22630006998000;1;0;1;0,0
22630007009000;3;3;0;0,0
22630007010000;67;37;30;47,7
22630007011000;249;127;122;35,8
22630007012000;71;41;30;38,7
22630007013000;9;4;5;51,7
22630007014000;14;9;5;42,4
22630007015000;61;30;31;40,1
22630007016000;165;90;75;37,2
22630007017000;16;10;6;42,3
22630007018000;27;12;15;40,4
22630007019000;83;48;35;43,2
22630007020000;361;186;175;37,6
22630007021000;13;8;5;27,2
22630007022000;12;5;7;39,3
22630007023000;133;70;63;39,7
22630007024000;124;58;66;40,3
22630007025000;156;71;85;45,3
22630007026000;827;345;482;55,2
22630007027000;322;163;159;39,3
22630007028000;37;20;17;41,0
22630007029000;23;15;8;35,3
22630007030000;13;10;3;40,5
22630007031000;13;7;6;31,7
22630007032000;58;32;26;34,7
22630007033000;80;43;37;42,1
22630007034000;21;11;10;43,7
22630007037000;5;2;3;44,6
22630007056000;85;39;46;40,1
22630007060000;2;1;1;0,0
22630007061000;13;9;4;53,0
22630007069000;21;10;11;44,9
22630007098000;8;3;5;45,1
22630007100000;4;2;2;0,0
22630007101000;191;95;96;37,2
22630007103000;10;3;7;51,4
22630007104000;8;4;4;50,9
22630007112000;2;2;0;0,0
22630007119000;12;7;5;49,3
22630007121000;5;2;3;29,8
22640006555000;3;1;2;0,0
22640006556000;56;29;27;36,9
22640006557000;49;21;28;34,4
22640006558000;20;10;10;46,3
22640006559000;52;31;21;40,9
22640006567000;24;14;10;32,8
22640006568000;501;249;252;37,9
22640006569000;1355;687;668;35,0
22640006570000;61;31;30;44,1
22640006571000;7;4;3;37,0
22640006574000;5;4;1;59,2
22640006575000;42;20;22;48,8
22640006576000;8;4;4;46,6
22640006577000;12;7;5;33,6
22640006578000;13;5;8;35,4
22640006579000;2;2;0;0,0
22640006581000;20;14;6;34,7
22640006582000;14;9;5;35,9
22640006583000;3;1;2;0,0
22640006584000;8;4;4;58,9
22640006585000;11;4;7;46,1
22640006586000;1124;558;566;44,5
22640006587000;33;20;13;26,9
22640006588000;5;3;2;38,0
22640006594000;8;6;2;50,0
22640006595000;10;6;4;58,5
22640006596000;23;14;9;50,0
22640006597000;6;6;0;46,0
22640006599000;27;16;11;39,1
22640006600000;30;16;14;45,8
22640006601000;7;4;3;35,1
22640006602000;112;63;49;35,9
22640006603000;22;11;11;44,5
22640006604000;35;20;15;25,0
22640006605000;56;27;29;36,8
22640006606000;12;6;6;49,2
22640006608000;21;12;9;40,6
22640006609000;24;13;11;49,8
22640006610000;18;10;8;47,9
22640006611000;8;3;5;53,3
22640006612000;21;12;9;39,3
22640006613000;27;13;14;46,7
22640006614000;7;4;3;52,6
22640006615000;23;12;11;40,0
22640006616000;14;7;7;38,6
22640006617000;9;4;5;43,8
22640006618000;69;30;39;38,8
22640006619000;352;174;178;35,6
22640006620000;152;80;72;34,1
22640006621000;827;408;419;39,9
22640006622000;262;129;133;37,0
22640006623000;74;32;42;35,2
22640006624000;8;4;4;37,4
22640006626000;939;481;458;32,0
22640006627000;2656;1312;1344;37,7
22640006628000;1550;759;791;37,2
22640006629000;2;1;1;0,0
22640006630000;12;7;5;32,8
22640006631000;59;28;31;36,1
22640006632000;1499;772;727;35,5
22640006633000;2337;1124;1213;40,9
22640006634000;1805;950;855;34,9
22640006635000;631;291;340;38,7
22640006636000;1254;619;635;40,4
22640006637000;2529;1212;1317;49,4
22640006638000;1674;835;839;37,2
22640006639000;1936;1042;894;39,9
22640006640000;5041;2454;2587;35,1
22640006641000;3051;1484;1567;38,4
22640006642000;2929;1416;1513;41,3
22640006643000;3174;1546;1628;41,4
22640006644000;4084;1857;2227;45,3
22640006645000;3797;1907;1890;39,0
22640006646000;1812;878;934;37,7
22640006647000;4510;2232;2278;36,6
22640006648000;9100;4654;4446;34,7
22640006649000;8110;4054;4056;35,5
22640006650000;7619;3753;3866;33,7
22640006651000;11186;6034;5152;33,6
22640006652000;5834;2864;2970;34,7
22640006653000;5345;2676;2669;37,2
22640006654000;3719;1891;1828;36,3
22640006655000;1470;750;720;39,0
22640006656000;4;1;3;0,0
22640006658000;2;2;0;0,0
22640006659000;16;7;9;44,6
22640006660000;79;40;39;38,8
22640006661000;36;19;17;36,8
22640006662000;6;4;2;39,3
22640006708000;3;1;2;0,0
22640006721000;1;1;0;0,0
22640006722000;11;6;5;34,7
22640006724000;3;2;1;0,0
22640006726000;5;4;1;33,2
22640006729000;16;7;9;34,4
22640006730000;51;23;28;41,5
22640006731000;8;3;5;30,8
22640006732000;8;5;3;56,3
22640006733000;202;94;108;44,6
22640006734000;45;22;23;40,9
22640006736000;41;22;19;33,3
22640006737000;30;15;15;49,1
22640006738000;24;14;10;52,3
22640006740000;27;13;14;49,7
22640006741000;35;23;12;35,4
22640006742000;38;22;16;42,8
22640006743000;10;5;5;38,8
22640006744000;830;393;437;34,6
22640006745000;1921;911;1010;41,6
22640006746000;600;301;299;40,7
22640006747000;637;296;341;36,4
22640006748000;1599;810;789;39,1
22640006749000;703;343;360;40,7
22640006750000;242;121;121;35,3
22640006751000;94;43;51;30,4
22640006752000;112;60;52;35,3
22640006753000;21;12;9;40,4
22640006754000;55;25;30;45,7
22640006755000;22;11;11;50,3
22640006757000;43;21;22;48,1
22640006758000;105;60;45;37,9
22640006759000;10;6;4;48,2
22640006760000;119;65;54;41,4
22640006761000;56;28;28;46,0
22640006762000;33;17;16;42,4
22640006763000;25;14;11;41,7
22640006767000;23;10;13;36,6
22640006768000;19;8;11;31,2
22640006769000;44;25;19;31,7
22640006770000;30;14;16;46,0
22640006772000;2;1;1;0,0
22640006774000;3;2;1;0,0
22640006775000;24;11;13;49,0
22640006776000;12;8;4;45,5
22640006778000;171;77;94;32,9
22640006779000;40;21;19;42,3
22640006781000;20;14;6;41,1
22640006785000;2;1;1;0,0
22640006789000;6;4;2;44,2
22640006790000;24;10;14;38,2
22640006791000;1;1;0;0,0
22640006858000;5;2;3;42,4
22640006903000;7;3;4;44,9
22640006925000;12;6;6;47,3
22640006926000;5;3;2;48,0
22640006927000;2;1;1;0,0
22640006930000;12;7;5;41,6
22640006944000;5;2;3;34,4
22640006978000;8;3;5;42,6
22640006979000;3;2;1;0,0
22640006980000;10;5;5;29,5
22640006982000;5;2;3;56,2
22640006983000;33;18;15;35,4
22640006984000;5;1;4;50,8
22640006985000;16;10;6;28,8
22640006986000;22;8;14;38,3
22640006987000;18;8;10;49,6
22640006989000;5;2;3;64,4
22640006995000;6;3;3;41,2
22640006996000;11;7;4;59,8
22640007008000;4;2;2;0,0
22640007009000;24;13;11;46,8
22640007010000;48;27;21;36,4
22640007012000;55;31;24;34,1
22640007013000;57;27;30;32,9
22640007014000;66;39;27;37,9
22640007015000;129;60;69;41,6
22640007016000;359;169;190;36,7
22640007017000;34;19;15;38,5
22640007018000;52;27;25;42,8
22640007019000;18;11;7;38,3
22640007024000;181;95;86;38,9
22640007025000;450;218;232;34,0
22640007026000;146;77;69;36,0
22640007027000;68;37;31;39,4
22640007028000;40;20;20;42,6
22640007029000;30;16;14;31,3
22640007030000;105;52;53;38,8
22640007031000;74;39;35;50,0
22640007032000;30;14;16;38,7
22640007033000;79;44;35;41,8
22640007034000;22;13;9;42,8
22640007038000;20;11;9;32,0
22640007039000;14;10;4;40,6
22640007042000;12;5;7;57,8
22640007043000;5;3;2;32,2
22640007044000;2;2;0;0,0
22640007056000;15;6;9;34,8
22640007063000;10;5;5;44,0
22640007066000;8;5;3;34,5
22640007067000;3;2;1;0,0
22640007069000;9;5;4;33,4
22640007070000;26;14;12;33,8
22640007074000;4;3;1;0,0
22640007078000;4;2;2;0,0
22640007080000;1;1;0;0,0
22640007081000;5;3;2;45,4
22640007097000;2;1;1;0,0
22640007101000;267;132;135;37,8
22640007104000;17;10;7;55,2
22640007119000;5;2;3;34,8
22640007120000;2;1;1;0,0
22640007121000;20;11;9;48,3
22640007122000;65;35;30;36,9
22650006555000;17;6;11;45,9
22650006556000;55;31;24;53,5
22650006557000;40;24;16;38,8
22650006558000;99;44;55;44,7
22650006559000;148;81;67;39,4
22650006560000;27;13;14;34,0
22650006567000;7;4;3;51,3
22650006568000;647;311;336;35,4
22650006569000;295;143;152;44,9
22650006570000;645;348;297;39,6
22650006571000;677;337;340;40,2
22650006572000;291;151;140;43,0
22650006573000;13;6;7;39,4
22650006574000;57;29;28;39,6
22650006575000;17;8;9;47,5
22650006576000;31;16;15;36,5
22650006577000;9;5;4;41,1
22650006578000;13;6;7;48,7
22650006579000;27;14;13;41,7
22650006580000;12;6;6;39,7
22650006581000;38;19;19;44,9
22650006582000;31;14;17;37,1
22650006583000;31;16;15;49,2
22650006584000;43;20;23;39,9
22650006585000;24;10;14;39,3
22650006586000;824;415;409;46,8
22650006587000;51;28;23;37,4
22650006588000;13;5;8;50,6
22650006596000;19;9;10;30,1
22650006597000;70;31;39;44,3
22650006599000;21;10;11;36,9
22650006600000;84;49;35;30,0
22650006601000;69;36;33;34,1
22650006602000;776;396;380;32,6
22650006604000;8;4;4;47,0
22650006605000;19;12;7;46,2
22650006607000;20;9;11;44,1
22650006608000;71;33;38;43,0
22650006609000;437;231;206;37,0
22650006610000;37;20;17;35,8
22650006611000;1;0;1;0,0
22650006612000;2;1;1;0,0
22650006613000;8;5;3;50,8
22650006614000;33;20;13;42,2
22650006615000;2;1;1;0,0
22650006616000;7;4;3;31,1
22650006617000;27;17;10;46,9
22650006618000;153;77;76;37,0
22650006619000;236;131;105;35,6
22650006620000;119;62;57;32,1
22650006621000;8;3;5;41,6
22650006622000;10;5;5;30,3
22650006623000;28;16;12;41,6
22650006624000;1;1;0;0,0
22650006625000;73;39;34;38,9
22650006626000;1361;665;696;38,2
22650006627000;2127;972;1155;43,8
22650006628000;954;480;474;38,3
22650006629000;29;17;12;42,3
22650006630000;571;280;291;36,3
22650006631000;2392;1217;1175;36,7
22650006632000;1308;668;640;37,2
22650006633000;1146;566;580;35,8
22650006634000;7;2;5;42,0
22650006635000;757;364;393;38,5
22650006636000;2048;1006;1042;37,4
22650006637000;2634;1266;1368;36,9
22650006638000;2227;1078;1149;41,8
22650006639000;1982;977;1005;37,6
22650006640000;1487;750;737;36,9
22650006641000;4040;2035;2005;35,7
22650006642000;3107;1565;1542;35,6
22650006643000;3830;1876;1954;37,3
22650006644000;5208;2441;2767;38,3
22650006645000;4149;1935;2214;37,9
22650006646000;4170;2075;2095;36,3
22650006647000;4529;2044;2485;41,5
22650006648000;5241;2624;2617;37,3
22650006649000;2954;1448;1506;35,4
22650006650000;888;411;477;35,4
22650006651000;4173;2124;2049;36,6
22650006652000;5174;2572;2602;35,7
22650006653000;3362;1681;1681;40,9
22650006654000;2524;1181;1343;42,4
22650006655000;813;406;407;37,4
22650006658000;17;8;9;35,3
22650006659000;7;7;0;33,1
22650006660000;11;6;5;47,8
22650006661000;20;10;10;34,1
22650006675000;1;1;0;0,0
22650006710000;7;3;4;48,9
22650006722000;20;9;11;53,5
22650006723000;27;13;14;49,3
22650006724000;39;21;18;36,9
22650006725000;52;23;29;42,1
22650006726000;23;13;10;47,5
22650006727000;13;7;6;49,9
22650006728000;2;1;1;0,0
22650006729000;21;12;9;40,7
22650006730000;46;21;25;53,2
22650006731000;49;25;24;40,2
22650006732000;8;4;4;44,1
22650006733000;18;9;9;40,9
22650006734000;42;21;21;42,0
22650006735000;3;2;1;0,0
22650006736000;35;20;15;40,8
22650006737000;37;19;18;44,5
22650006738000;13;7;6;40,9
22650006740000;24;11;13;45,5
22650006741000;26;15;11;56,1
22650006742000;16;9;7;29,9
22650006743000;39;22;17;47,9
22650006744000;1027;524;503;40,5
22650006745000;1381;684;697;41,8
22650006746000;1858;898;960;39,5
22650006747000;2251;1061;1190;49,2
22650006748000;1439;695;744;41,3
22650006749000;210;98;112;37,1
22650006750000;1;1;0;0,0
22650006753000;17;7;10;34,9
22650006754000;66;30;36;33,1
22650006755000;28;15;13;38,3
22650006756000;44;24;20;47,4
22650006757000;68;41;27;36,2
22650006758000;23;9;14;34,9
22650006761000;2;1;1;0,0
22650006765000;28;16;12;43,7
22650006766000;25;14;11;49,0
22650006767000;21;10;11;45,8
22650006768000;54;28;26;50,3
22650006769000;58;29;29;42,1
22650006770000;4;2;2;0,0
22650006774000;3;2;1;0,0
22650006775000;19;9;10;42,6
22650006777000;19;12;7;38,5
22650006778000;23;14;9;38,7
22650006779000;41;21;20;29,8
22650006780000;7;3;4;37,6
22650006781000;26;10;16;39,0
22650006784000;31;18;13;47,8
22650006785000;5;2;3;24,4
22650006849000;4;3;1;0,0
22650006858000;4;3;1;0,0
22650006893000;1;1;0;0,0
22650006902000;4;2;2;0,0
22650006926000;9;5;4;46,8
22650006983000;15;9;6;41,8
22650006986000;5;3;2;46,8
22650006995000;14;8;6;38,1
22650007010000;1;1;0;0,0
22650007013000;10;5;5;52,2
22650007014000;19;8;11;48,8
22650007015000;44;26;18;40,3
22650007016000;8;4;4;28,3
22650007017000;21;10;11;39,9
22650007025000;89;40;49;33,9
22650007026000;626;317;309;32,2
22650007027000;22;10;12;44,7
22650007028000;45;22;23;31,2
22650007029000;24;13;11;43,5
22650007030000;502;252;250;32,7
22650007031000;175;85;90;28,1
22650007032000;25;11;14;36,7
22650007033000;164;86;78;36,8
22650007035000;61;31;30;40,7
22650007036000;19;11;8;36,0
22650007037000;22;11;11;39,7
22650007038000;291;151;140;38,0
22650007039000;55;31;24;40,5
22650007041000;8;3;5;49,6
22650007044000;266;143;123;42,2
22650007056000;10;5;5;38,2
22650007065000;2;1;1;0,0
22650007066000;12;7;5;59,5
22650007067000;7;3;4;39,9
22650007070000;23;12;11;39,3
22650007071000;7;5;2;30,6
22650007078000;2;1;1;0,0
22650007081000;8;5;3;52,6
22650007082000;2;1;1;0,0
22650007086000;1;1;0;0,0
22650007087000;6;4;2;34,0
22650007096000;5;1;4;27,4
22650007097000;7;5;2;63,9
22650007098000;6;3;3;26,7
22650007099000;13;8;5;23,7
22650007100000;5;2;3;42,0
22650007101000;238;111;127;43,3
22650007102000;107;56;51;33,0
22650007103000;6;3;3;42,0
22650007104000;3;1;2;0,0
22650007105000;7;3;4;34,3
22650007121000;3;1;2;0,0
22650007122000;27;14;13;36,9
22650007123000;9;5;4;56,7
22650007124000;11;8;3;35,2
22660006553000;45;27;18;47,8
22660006554000;3;2;1;0,0
22660006555000;16;8;8;43,9
22660006556000;31;18;13;47,8
22660006557000;85;40;45;46,8
22660006558000;142;72;70;33,6
22660006559000;148;74;74;36,7
22660006560000;1;1;0;0,0
22660006562000;2;1;1;0,0
22660006564000;8;3;5;60,4
22660006565000;11;2;9;30,4
22660006567000;12;9;3;31,7
22660006568000;427;218;209;35,7
22660006569000;1216;597;619;42,4
22660006570000;587;293;294;39,4
22660006571000;1720;803;917;42,2
22660006572000;1781;836;945;44,6
22660006573000;193;89;104;43,8
22660006574000;193;100;93;36,6
22660006575000;41;24;17;32,0
22660006576000;98;47;51;40,9
22660006577000;57;31;26;47,9
22660006578000;41;19;22;31,2
22660006579000;41;19;22;42,6
22660006580000;27;13;14;46,0
22660006581000;15;8;7;43,5
22660006582000;2;1;1;0,0
22660006583000;27;13;14;30,3
22660006584000;6;4;2;48,0
22660006585000;37;18;19;43,7
22660006586000;140;75;65;46,9
22660006587000;7;3;4;53,1
22660006589000;5;2;3;40,4
22660006596000;2;1;1;0,0
22660006597000;1;1;0;0,0
22660006600000;19;10;9;37,6
22660006601000;160;73;87;50,2
22660006602000;130;70;60;40,6
22660006606000;1;1;0;0,0
22660006607000;2;1;1;0,0
22660006608000;46;22;24;42,3
22660006609000;6;5;1;31,0
22660006610000;48;29;19;42,6
22660006611000;22;12;10;49,3
22660006612000;5;2;3;66,2
22660006613000;8;5;3;29,3
22660006614000;2;1;1;0,0
22660006615000;5;2;3;28,4
22660006616000;13;9;4;32,4
22660006617000;18;9;9;32,4
22660006618000;61;36;25;39,2
22660006619000;2;1;1;0,0
22660006620000;22;14;8;32,2
22660006621000;14;8;6;33,5
22660006622000;8;5;3;25,9
22660006623000;7;4;3;39,7
22660006624000;16;5;11;39,3
22660006625000;399;193;206;37,5
22660006626000;1186;584;602;41,9
22660006627000;1568;750;818;44,1
22660006628000;281;137;144;40,2
22660006629000;38;17;21;42,2
22660006630000;1064;552;512;42,2
22660006631000;2402;1142;1260;40,6
22660006632000;1317;654;663;31,4
22660006636000;25;16;9;38,2
22660006638000;1894;976;918;33,8
22660006639000;4371;2208;2163;29,5
22660006640000;1367;674;693;31,3
22660006641000;3987;1989;1998;31,3
22660006642000;2729;1382;1347;36,1
22660006643000;4201;2023;2178;37,2
22660006644000;3355;1538;1817;40,8
22660006645000;1989;990;999;35,9
22660006646000;909;434;475;36,7
22660006647000;3515;1671;1844;38,6
22660006648000;2051;1033;1018;37,6
22660006649000;3910;1966;1944;37,8
22660006650000;675;352;323;35,7
22660006651000;4079;2078;2001;35,3
22660006652000;5362;2603;2759;38,2
22660006653000;3227;1564;1663;36,0
22660006655000;2;1;1;0,0
22660006656000;186;88;98;39,0
22660006659000;9;7;2;35,7
22660006660000;3;1;2;0,0
22660006661000;90;45;45;42,7
22660006662000;155;76;79;44,3
22660006663000;63;36;27;41,0
22660006672000;5;3;2;37,8
22660006673000;54;30;24;45,4
22660006674000;27;11;16;34,0
22660006709000;7;5;2;41,0
22660006723000;48;23;25;37,3
22660006724000;65;35;30;38,2
22660006725000;85;47;38;41,3
22660006726000;51;25;26;46,9
22660006727000;44;26;18;41,4
22660006728000;67;35;32;40,4
22660006729000;101;50;51;45,6
22660006730000;154;80;74;40,1
22660006731000;112;59;53;46,6
22660006732000;30;15;15;37,6
22660006734000;29;12;17;38,5
22660006735000;1;1;0;0,0
22660006736000;54;24;30;39,6
22660006737000;29;17;12;43,0
22660006738000;13;5;8;26,7
22660006739000;3;1;2;0,0
22660006740000;7;3;4;47,0
22660006741000;7;3;4;44,3
22660006742000;5;2;3;44,0
22660006743000;75;41;34;41,5
22660006744000;252;124;128;30,4
22660006745000;428;197;231;38,3
22660006746000;276;138;138;50,5
22660006750000;7;4;3;25,3
22660006751000;5;2;3;45,2
22660006754000;3;2;1;0,0
22660006755000;60;30;30;35,9
22660006756000;69;34;35;43,5
22660006757000;7;3;4;52,4
22660006761000;22;13;9;41,3
22660006762000;441;212;229;48,0
22660006763000;305;159;146;41,0
22660006764000;93;47;46;41,7
22660006765000;76;46;30;42,3
22660006766000;33;19;14;37,2
22660006767000;27;15;12;41,3
22660006768000;24;11;13;43,9
22660006769000;21;11;10;36,4
22660006770000;3;2;1;0,0
22660006774000;11;5;6;24,3
22660006775000;3;2;1;0,0
22660006777000;18;8;10;32,9
22660006778000;43;23;20;40,7
22660006783000;36;19;17;31,7
22660006784000;50;22;28;41,5
22660006838000;1;1;0;0,0
22660006847000;2;1;1;0,0
22660006893000;13;8;5;36,2
22660006902000;2;1;1;0,0
22660006916000;1;1;0;0,0
22660006983000;25;14;11;49,2
22660006995000;13;7;6;41,4
22660006996000;4;3;1;0,0
22660007014000;24;15;9;39,1
22660007015000;74;42;32;35,2
22660007016000;77;42;35;33,7
22660007017000;23;13;10;30,2
22660007026000;225;116;109;26,6
22660007027000;104;58;46;34,3
22660007028000;81;40;41;35,5
22660007029000;43;20;23;40,4
22660007030000;107;61;46;35,5
22660007031000;31;16;15;49,7
22660007032000;3275;1552;1723;37,3
22660007033000;2644;1353;1291;36,6
22660007034000;109;56;53;41,9
22660007035000;521;271;250;37,9
22660007036000;1746;889;857;34,0
22660007037000;1616;812;804;35,5
22660007038000;1381;701;680;34,8
22660007039000;894;475;419;34,4
22660007043000;5;2;3;21,0
22660007044000;246;132;114;38,7
22660007056000;10;7;3;32,1
22660007066000;6;2;4;32,7
22660007067000;3;2;1;0,0
22660007071000;27;16;11;41,0
22660007072000;7;3;4;55,0
22660007081000;3;2;1;0,0
22660007095000;2;1;1;0,0
22660007096000;1;1;0;0,0
22660007099000;2;1;1;0,0
22660007100000;9;4;5;52,0
22660007101000;286;154;132;45,8
22660007102000;128;51;77;52,2
22660007105000;36;18;18;38,4
22660007106000;14;10;4;43,4
22660007117000;13;10;3;43,5
22660007121000;6;3;3;28,7
22660007122000;16;11;5;39,5
22660007123000;19;10;9;45,2
22660007127000;6;2;4;40,8
22670006551000;102;54;48;47,6
22670006552000;16;10;6;57,2
22670006553000;70;36;34;35,0
22670006554000;121;67;54;30,1
22670006555000;498;244;254;40,6
22670006556000;17;8;9;40,1
22670006557000;55;31;24;53,7
22670006558000;62;32;30;44,5
22670006561000;2;1;1;0,0
22670006562000;81;42;39;48,9
22670006563000;232;113;119;39,7
22670006564000;122;69;53;31,8
22670006565000;226;113;113;31,6
22670006566000;459;247;212;33,9
22670006567000;467;238;229;34,2
22670006568000;382;175;207;45,0
22670006569000;1132;528;604;43,5
22670006570000;1132;578;554;40,6
22670006571000;2426;1216;1210;41,8
22670006572000;2562;1246;1316;39,8
22670006573000;1572;781;791;39,3
22670006574000;1352;675;677;32,3
22670006575000;574;290;284;34,1
22670006576000;14;9;5;50,6
22670006577000;8;4;4;34,4
22670006578000;5;2;3;41,2
22670006580000;7;3;4;43,9
22670006581000;20;9;11;34,2
22670006582000;38;18;20;39,6
22670006583000;31;17;14;37,2
22670006584000;9;3;6;41,6
22670006585000;100;54;46;41,0
22670006586000;1;1;0;0,0
22670006587000;9;6;3;34,1
22670006589000;5;2;3;33,4
22670006593000;1;0;1;0,0
22670006594000;1;1;0;0,0
22670006596000;6;3;3;34,3
22670006597000;6;4;2;31,7
22670006598000;7;2;5;38,0
22670006599000;6;3;3;27,0
22670006600000;15;7;8;36,8
22670006601000;26;15;11;41,5
22670006602000;3;2;1;0,0
22670006603000;43;20;23;44,9
22670006608000;12;5;7;41,0
22670006609000;7;3;4;45,3
22670006610000;25;14;11;42,8
22670006611000;18;8;10;32,1
22670006612000;13;7;6;43,0
22670006613000;11;4;7;26,6
22670006615000;18;7;11;53,8
22670006616000;17;10;7;31,1
22670006617000;12;8;4;25,3
22670006618000;3;1;2;0,0
22670006619000;24;15;9;43,2
22670006620000;28;14;14;26,8
22670006621000;43;22;21;34,9
22670006622000;88;50;38;35,0
22670006623000;104;48;56;36,0
22670006624000;39;19;20;47,1
22670006625000;26;11;15;39,1
22670006626000;29;19;10;40,9
22670006627000;526;272;254;35,0
22670006628000;110;53;57;67,1
22670006629000;27;15;12;38,3
22670006630000;19;9;10;44,5
22670006631000;676;344;332;35,4
22670006632000;1858;933;925;30,9
22670006634000;5;3;2;37,4
22670006638000;132;70;62;36,0
22670006639000;199;99;100;33,8
22670006640000;337;191;146;33,4
22670006641000;1074;561;513;36,5
22670006642000;490;263;227;36,8
22670006643000;537;272;265;36,6
22670006644000;2821;1345;1476;42,7
22670006645000;5995;2815;3180;37,9
22670006646000;4721;2299;2422;40,2
22670006647000;8440;3879;4561;38,4
22670006648000;3150;1569;1581;39,1
22670006649000;4227;1947;2280;44,1
22670006650000;405;258;147;37,6
22670006651000;702;352;350;36,5
22670006652000;5041;2451;2590;35,3
22670006653000;614;309;305;36,7
22670006663000;8;3;5;37,9
22670006667000;2;1;1;0,0
22670006672000;76;38;38;44,6
22670006673000;409;198;211;39,4
22670006674000;6;3;3;81,3
22670006721000;8;4;4;44,4
22670006722000;6;3;3;68,0
22670006723000;78;40;38;41,4
22670006724000;36;21;15;37,7
22670006725000;11;7;4;57,1
22670006726000;56;38;18;43,1
22670006727000;18;9;9;52,5
22670006728000;33;20;13;41,9
22670006729000;17;9;8;30,2
22670006730000;175;77;98;36,3
22670006731000;456;225;231;40,4
22670006732000;16;11;5;34,9
22670006733000;1;1;0;0,0
22670006734000;8;2;6;36,0
22670006735000;24;13;11;36,2
22670006736000;65;31;34;49,7
22670006737000;22;11;11;43,5
22670006738000;54;28;26;35,6
22670006739000;8;6;2;57,8
22670006740000;33;21;12;41,2
22670006741000;23;12;11;34,2
22670006742000;11;6;5;53,1
22670006743000;101;52;49;33,9
22670006744000;20;12;8;48,2
22670006749000;52;24;28;39,2
22670006750000;22;12;10;49,7
22670006751000;11;4;7;38,1
22670006752000;1;1;0;0,0
22670006759000;31;16;15;57,3
22670006760000;239;122;117;38,5
22670006761000;342;179;163;46,4
22670006762000;992;461;531;49,7
22670006763000;1037;519;518;42,9
22670006764000;194;93;101;34,1
22670006765000;47;23;24;32,7
22670006766000;6;4;2;39,8
22670006767000;4;1;3;0,0
22670006768000;1;1;0;0,0
22670006770000;34;13;21;38,3
22670006774000;20;11;9;39,2
22670006778000;1;0;1;0,0
22670006781000;42;21;21;44,5
22670006782000;95;43;52;40,2
22670006783000;16;7;9;54,9
22670006784000;1;0;1;0,0
22670006785000;1;0;1;0,0
22670006787000;11;6;5;41,8
22670006837000;1;0;1;0,0
22670006893000;14;8;6;39,8
22670006894000;20;12;8;28,0
22670006895000;47;25;22;43,8
22670006896000;26;14;12;41,8
22670006897000;3;1;2;0,0
22670006900000;4;1;3;0,0
22670006916000;8;5;3;40,5
22670006917000;1;0;1;0,0
22670006924000;1;0;1;0,0
22670006925000;1;0;1;0,0
22670006976000;1;0;1;0,0
22670006983000;13;6;7;35,7
22670006995000;6;3;3;42,7
22670006996000;9;5;4;39,1
22670007015000;9;6;3;38,7
22670007016000;39;23;16;37,1
22670007017000;97;50;47;34,0
22670007018000;6;3;3;47,7
22670007027000;31;19;12;39,2
22670007028000;58;37;21;33,2
22670007029000;74;37;37;31,4
22670007030000;66;40;26;35,8
22670007031000;114;66;48;35,1
22670007032000;1201;599;602;37,7
22670007033000;2557;1263;1294;39,7
22670007034000;3776;1779;1997;38,2
22670007035000;4440;2165;2275;37,5
22670007036000;1992;977;1015;35,4
22670007037000;2708;1366;1342;36,8
22670007038000;2850;1439;1411;35,9
22670007039000;1208;622;586;34,8
22670007040000;604;291;313;41,7
22670007041000;668;322;346;37,1
22670007042000;15;9;6;36,1
22670007043000;1;1;0;0,0
22670007044000;11;6;5;30,0
22670007056000;4;2;2;0,0
22670007067000;2;1;1;0,0
22670007072000;10;7;3;36,0
22670007073000;2;1;1;0,0
22670007095000;8;5;3;28,0
22670007096000;4;3;1;0,0
22670007101000;5;4;1;36,4
22670007103000;1;1;0;0,0
22670007105000;2;1;1;0,0
22670007106000;7;3;4;48,4
22670007117000;4;2;2;0,0
22670007120000;7;2;5;41,4
22670007121000;12;8;4;39,9
22670007122000;1;1;0;0,0
22670007123000;3;1;2;0,0
22670007124000;12;6;6;30,8
22670007125000;16;7;9;33,8
22670007126000;47;27;20;38,1
22670007127000;4;2;2;0,0
22680006551000;54;23;31;50,0
22680006552000;9;6;3;42,3
22680006553000;57;30;27;44,3
22680006555000;6;3;3;50,0
22680006556000;9;4;5;51,3
22680006561000;3;1;2;0,0
22680006562000;99;47;52;39,4
22680006563000;98;47;51;49,0
22680006564000;78;43;35;34,1
22680006565000;31;16;15;39,3
22680006566000;258;127;131;41,0
22680006567000;263;130;133;40,8
22680006568000;565;300;265;40,0
22680006569000;1348;632;716;41,8
22680006570000;3385;1661;1724;44,5
22680006571000;2958;1455;1503;41,0
22680006572000;1617;823;794;39,1
22680006573000;814;409;405;39,2
22680006574000;149;91;58;41,7
22680006575000;142;75;67;40,0
22680006576000;29;15;14;44,2
22680006578000;20;9;11;49,2
22680006579000;3;2;1;0,0
22680006581000;13;7;6;49,4
22680006582000;1;0;1;0,0
22680006583000;48;24;24;32,2
22680006584000;27;18;9;39,9
22680006585000;383;203;180;40,8
22680006586000;48;29;19;41,8
22680006587000;1;1;0;0,0
22680006588000;10;5;5;55,3
22680006595000;2;1;1;0,0
22680006596000;3;1;2;0,0
22680006598000;3;1;2;0,0
22680006599000;2;2;0;0,0
22680006600000;7;3;4;33,7
22680006601000;53;31;22;37,4
22680006604000;8;6;2;51,4
22680006605000;1;1;0;0,0
22680006612000;2;1;1;0,0
22680006613000;18;9;9;45,3
22680006614000;1;1;0;0,0
22680006615000;36;14;22;45,1
22680006616000;6;3;3;52,0
22680006617000;5;3;2;60,8
22680006618000;4;3;1;0,0
22680006619000;20;12;8;41,7
22680006620000;15;9;6;54,6
22680006621000;20;10;10;31,4
22680006622000;330;174;156;41,7
22680006623000;716;368;348;32,4
22680006624000;20;13;7;43,0
22680006625000;13;8;5;43,7
22680006626000;33;22;11;34,2
22680006627000;18;11;7;45,4
22680006628000;18;7;11;53,4
22680006629000;23;10;13;33,5
22680006630000;19;12;7;40,2
22680006631000;2;1;1;0,0
22680006632000;125;60;65;38,3
22680006634000;5;3;2;57,6
22680006635000;774;375;399;36,6
22680006636000;2;1;1;0,0
22680006637000;34;19;15;53,3
22680006638000;63;35;28;43,4
22680006639000;26;16;10;53,2
22680006640000;112;67;45;35,1
22680006644000;19;10;9;39,8
22680006645000;791;359;432;40,1
22680006646000;1542;737;805;41,9
22680006647000;1213;618;595;31,4
22680006648000;2281;1140;1141;35,3
22680006649000;5671;2779;2892;38,3
22680006650000;2056;1014;1042;36,8
22680006651000;9;7;2;41,6
22680006652000;4361;2166;2195;33,5
22680006653000;2826;1368;1458;37,7
22680006654000;13;8;5;35,7
22680006661000;1;0;1;0,0
22680006665000;3;1;2;0,0
22680006666000;1;1;0;0,0
22680006670000;80;35;45;38,3
22680006671000;352;174;178;35,8
22680006672000;44;20;24;32,5
22680006673000;24;12;12;40,8
22680006674000;2;2;0;0,0
22680006722000;1;1;0;0,0
22680006723000;7;3;4;35,7
22680006724000;15;7;8;52,0
22680006725000;29;15;14;45,8
22680006726000;55;28;27;47,9
22680006727000;94;37;57;62,7
22680006728000;63;31;32;39,6
22680006729000;33;19;14;40,8
22680006730000;36;21;15;40,1
22680006731000;22;11;11;48,2
22680006732000;13;5;8;62,1
22680006733000;78;41;37;35,8
22680006734000;9;4;5;35,1
22680006735000;37;24;13;39,9
22680006736000;21;12;9;46,7
22680006737000;10;6;4;41,4
22680006738000;6;3;3;65,0
22680006739000;2;1;1;0,0
22680006740000;39;20;19;43,6
22680006741000;285;141;144;43,3
22680006742000;224;116;108;36,0
22680006743000;2;1;1;0,0
22680006746000;7;4;3;47,3
22680006747000;17;7;10;47,1
22680006748000;11;4;7;50,4
22680006749000;17;10;7;44,6
22680006750000;35;19;16;39,8
22680006751000;28;17;11;40,7
22680006752000;3;2;1;0,0
22680006753000;15;6;9;35,3
22680006756000;5;3;2;50,8
22680006758000;35;17;18;48,8
22680006759000;143;74;69;35,0
22680006760000;68;32;36;48,1
22680006761000;17;10;7;39,4
22680006763000;639;312;327;39,0
22680006764000;25;11;14;45,7
22680006765000;33;22;11;40,7
22680006766000;6;4;2;62,7
22680006767000;3;2;1;0,0
22680006768000;2;1;1;0,0
22680006770000;11;5;6;33,4
22680006772000;8;3;5;42,9
22680006773000;7;4;3;40,3
22680006775000;26;12;14;40,3
22680006776000;20;12;8;39,1
22680006777000;9;4;5;47,0
22680006781000;150;78;72;39,9
22680006782000;134;66;68;34,3
22680006785000;7;3;4;33,7
22680006786000;3;2;1;0,0
22680006787000;36;19;17;41,5
22680006849000;3;1;2;0,0
22680006859000;8;2;6;41,8
22680006892000;2;1;1;0,0
22680006894000;25;11;14;45,3
22680006895000;95;50;45;41,4
22680006896000;89;52;37;39,7
22680006897000;6;5;1;20,5
22680006898000;23;10;13;40,5
22680006899000;5;3;2;61,4
22680006900000;22;10;12;41,3
22680006916000;18;11;7;45,5
22680006917000;2;1;1;0,0
22680006923000;2;1;1;0,0
22680006973000;9;6;3;28,7
22680006974000;1;1;0;0,0
22680006975000;11;6;5;48,5
22680006976000;18;10;8;41,0
22680006977000;14;5;9;33,6
22680006978000;19;10;9;43,0
22680006992000;3;2;1;0,0
22680006995000;18;9;9;50,1
22680006996000;18;10;8;51,2
22680007029000;18;7;11;54,4
22680007030000;31;16;15;47,3
22680007031000;247;129;118;34,9
22680007032000;1251;650;601;37,0
22680007033000;2323;1170;1153;37,6
22680007034000;869;423;446;37,3
22680007035000;1922;953;969;35,2
22680007036000;1289;651;638;35,9
22680007037000;2966;1464;1502;40,6
22680007038000;3111;1510;1601;38,1
22680007039000;3490;1698;1792;41,5
22680007040000;2532;1235;1297;37,9
22680007041000;3146;1617;1529;37,0
22680007042000;1059;526;533;43,3
22680007043000;2;1;1;0,0
22680007056000;2;1;1;0,0
22680007067000;8;5;3;44,0
22680007073000;33;18;15;41,9
22680007102000;1;1;0;0,0
22680007122000;1;1;0;0,0
22680007124000;42;22;20;49,9
22680007125000;91;41;50;58,2
22690006554000;2;1;1;0,0
22690006568000;576;272;304;36,8
22690006569000;1510;695;815;47,3
22690006570000;2040;966;1074;43,8
22690006571000;1365;673;692;45,4
22690006572000;1593;735;858;44,6
22690006573000;454;222;232;42,0
22690006574000;21;10;11;37,5
22690006576000;23;14;9;41,1
22690006578000;6;2;4;32,5
22690006580000;33;15;18;43,4
22690006581000;32;19;13;42,9
22690006582000;26;13;13;44,6
22690006583000;24;12;12;35,0
22690006584000;37;23;14;44,0
22690006585000;345;184;161;31,9
22690006586000;57;30;27;26,7
22690006587000;27;14;13;42,2
22690006588000;7;3;4;28,0
22690006595000;5;3;2;68,6
22690006596000;2;1;1;0,0
22690006600000;3;1;2;0,0
22690006601000;45;22;23;38,2
22690006602000;3;2;1;0,0
22690006608000;5;2;3;18,6
22690006609000;4;2;2;0,0
22690006611000;3;1;2;0,0
22690006612000;2;1;1;0,0
22690006613000;13;7;6;40,4
22690006614000;88;47;41;42,2
22690006615000;23;14;9;33,0
22690006616000;6;4;2;42,0
22690006617000;6;3;3;27,5
22690006618000;27;15;12;37,9
22690006619000;17;7;10;36,7
22690006620000;12;7;5;47,4
22690006621000;18;10;8;39,8
22690006622000;35;20;15;38,2
22690006623000;13;6;7;41,5
22690006624000;39;24;15;29,3
22690006625000;16;10;6;39,9
22690006626000;30;18;12;36,6
22690006627000;7;3;4;55,1
22690006628000;16;9;7;46,4
22690006629000;4;2;2;0,0
22690006630000;25;12;13;43,4
22690006631000;5;3;2;38,2
22690006632000;3;2;1;0,0
22690006634000;59;30;29;41,7
22690006635000;519;266;253;39,8
22690006636000;55;29;26;33,3
22690006637000;151;72;79;42,5
22690006638000;88;49;39;43,2
22690006639000;18;9;9;37,6
22690006640000;4;1;3;0,0
22690006644000;2;1;1;0,0
22690006649000;574;287;287;32,9
22690006650000;6745;3369;3376;36,8
22690006651000;1420;674;746;34,2
22690006652000;1388;624;764;38,8
22690006653000;5360;2556;2804;37,9
22690006654000;5835;2923;2912;37,8
22690006655000;589;300;289;41,6
22690006658000;3;1;2;0,0
22690006663000;37;21;16;31,6
22690006664000;1890;956;934;35,6
22690006665000;1549;798;751;38,3
22690006668000;43;27;16;38,2
22690006669000;16;8;8;30,4
22690006670000;697;323;374;41,2
22690006671000;745;367;378;41,4
22690006672000;314;153;161;32,4
22690006677000;2;1;1;0,0
22690006708000;9;5;4;25,2
22690006709000;2;1;1;0,0
22690006710000;2;1;1;0,0
22690006725000;12;8;4;34,7
22690006726000;25;13;12;44,1
22690006727000;59;29;30;36,5
22690006728000;60;33;27;45,1
22690006729000;48;26;22;39,7
22690006730000;24;12;12;45,0
22690006731000;33;22;11;42,3
22690006732000;31;15;16;50,4
22690006733000;171;95;76;42,2
22690006734000;36;18;18;33,6
22690006735000;60;28;32;48,0
22690006736000;160;87;73;41,5
22690006738000;33;17;16;43,2
22690006739000;11;5;6;39,7
22690006740000;51;25;26;42,4
22690006741000;125;61;64;34,4
22690006742000;12;8;4;40,5
22690006746000;9;3;6;49,0
22690006747000;61;28;33;41,0
22690006748000;26;13;13;43,9
22690006749000;23;15;8;43,3
22690006750000;4;3;1;0,0
22690006751000;26;15;11;36,1
22690006752000;10;4;6;29,6
22690006753000;5;3;2;23,6
22690006755000;8;6;2;13,4
22690006756000;17;10;7;46,4
22690006757000;39;15;24;38,2
22690006758000;5;1;4;58,2
22690006759000;37;18;19;45,5
22690006760000;67;31;36;43,3
22690006761000;18;12;6;39,6
22690006762000;8;4;4;40,0
22690006763000;11;5;6;46,7
22690006764000;71;34;37;40,0
22690006765000;83;44;39;38,9
22690006766000;34;18;16;42,0
22690006767000;18;10;8;38,6
22690006768000;20;12;8;31,9
22690006769000;6;3;3;35,8
22690006770000;9;4;5;38,4
22690006771000;1;1;0;0,0
22690006772000;9;4;5;48,0
22690006774000;6;2;4;32,0
22690006775000;38;15;23;48,2
22690006776000;8;4;4;46,4
22690006777000;4;3;1;0,0
22690006780000;2;1;1;0,0
22690006781000;15;6;9;40,9
22690006788000;3;2;1;0,0
22690006849000;2;1;1;0,0
22690006859000;3;1;2;0,0
22690006892000;1;0;1;0,0
22690006894000;16;9;7;63,5
22690006895000;20;12;8;41,9
22690006896000;142;68;74;35,5
22690006897000;40;18;22;36,2
22690006898000;6;1;5;22,0
22690006916000;2;2;0;0,0
22690006923000;5;2;3;33,2
22690006973000;2;1;1;0,0
22690006974000;2;1;1;0,0
22690006977000;6;3;3;45,7
22690006978000;6;3;3;45,2
22690006979000;8;4;4;56,8
22690006980000;12;6;6;47,3
22690006983000;23;12;11;40,3
22690006984000;7;5;2;33,1
22690006985000;5;1;4;32,4
22690006986000;2;2;0;0,0
22690006994000;31;18;13;54,4
22690006995000;30;15;15;50,1
22690006996000;1;1;0;0,0
22690007017000;14;7;7;36,4
22690007029000;10;6;4;54,7
22690007030000;1;0;1;0,0
22690007031000;4;2;2;0,0
22690007032000;775;394;381;30,5
22690007033000;2526;1260;1266;34,8
22690007034000;3307;1661;1646;38,6
22690007035000;1274;636;638;39,7
22690007036000;1958;1018;940;34,7
22690007037000;1025;547;478;35,9
22690007038000;2063;1054;1009;35,6
22690007039000;1286;702;584;35,5
22690007040000;1446;774;672;34,5
22690007041000;3617;1870;1747;40,7
22690007042000;153;83;70;33,6
22690007057000;12;4;8;39,6
22690007073000;6;3;3;29,3
22690007104000;31;15;16;28,9
22690007116000;1;1;0;0,0
22690007118000;10;4;6;53,5
22690007119000;1;1;0;0,0
22690007124000;2;0;2;0,0
22690007125000;4;1;3;0,0
22690007127000;2;1;1;0,0
22690007130000;1;1;0;0,0
22700006550000;12;8;4;66,9
22700006551000;16;9;7;44,3
22700006552000;16;8;8;39,6
22700006553000;11;7;4;67,3
22700006554000;2;1;1;0,0
22700006555000;16;10;6;32,7
22700006556000;1;0;1;0,0
22700006568000;169;87;82;38,9
22700006569000;77;44;33;37,6
22700006570000;1273;584;689;43,4
22700006571000;933;448;485;40,3
22700006572000;2012;1064;948;36,0
22700006573000;1837;876;961;39,1
22700006574000;106;56;50;41,7
22700006578000;8;5;3;24,9
22700006579000;27;15;12;34,8
22700006580000;171;86;85;33,1
22700006581000;58;26;32;38,3
22700006582000;67;35;32;41,6
22700006583000;24;14;10;45,0
22700006584000;57;33;24;42,2
22700006585000;3;2;1;0,0
22700006587000;6;3;3;44,5
22700006588000;24;13;11;41,6
22700006589000;12;7;5;37,7
22700006595000;4;4;0;0,0
22700006596000;13;6;7;38,7
22700006600000;44;22;22;32,1
22700006601000;3;3;0;0,0
22700006602000;4;2;2;0,0
22700006603000;2;1;1;0,0
22700006604000;8;5;3;62,3
22700006605000;6;2;4;39,0
22700006608000;6;3;3;53,8
22700006613000;13;8;5;43,8
22700006614000;25;13;12;42,0
22700006615000;39;20;19;47,5
22700006616000;1;1;0;0,0
22700006617000;9;4;5;50,0
22700006618000;10;6;4;42,4
22700006619000;14;9;5;34,6
22700006620000;9;4;5;55,4
22700006621000;25;12;13;40,1
22700006622000;28;18;10;37,8
22700006623000;2;1;1;0,0
22700006624000;16;9;7;44,1
22700006625000;15;6;9;38,8
22700006626000;19;10;9;41,8
22700006627000;16;7;9;34,6
22700006628000;24;14;10;33,3
22700006629000;9;7;2;45,9
22700006630000;14;8;6;35,4
22700006631000;114;59;55;34,5
22700006632000;112;56;56;37,8
22700006633000;165;99;66;37,4
22700006634000;181;92;89;37,0
22700006636000;3;2;1;0,0
22700006637000;32;19;13;34,7
22700006638000;85;47;38;43,1
22700006639000;8;5;3;48,9
22700006650000;1183;583;600;35,1
22700006651000;2494;1280;1214;38,1
22700006652000;4740;2375;2365;35,9
22700006653000;2575;1316;1259;34,8
22700006654000;5709;2870;2839;38,0
22700006655000;529;259;270;35,8
22700006659000;1;1;0;0,0
22700006660000;2;0;2;0,0
22700006661000;92;51;41;38,7
22700006662000;40;22;18;46,0
22700006663000;697;298;399;50,8
22700006664000;1259;643;616;38,7
22700006665000;394;189;205;38,3
22700006666000;19;11;8;37,1
22700006667000;97;42;55;37,2
22700006668000;1229;625;604;36,9
22700006669000;115;66;49;32,1
22700006670000;105;60;45;41,1
22700006671000;476;239;237;35,2
22700006708000;23;12;11;36,4
22700006728000;12;3;9;37,9
22700006729000;76;34;42;44,8
22700006730000;102;54;48;42,6
22700006731000;50;23;27;42,5
22700006732000;76;35;41;39,9
22700006733000;52;25;27;42,3
22700006734000;43;22;21;44,1
22700006735000;113;67;46;42,4
22700006736000;38;22;16;39,0
22700006737000;11;4;7;56,2
22700006738000;19;7;12;45,5
22700006739000;27;14;13;40,9
22700006740000;12;9;3;44,7
22700006741000;39;22;17;51,5
22700006745000;4;3;1;0,0
22700006746000;16;10;6;51,9
22700006747000;21;11;10;37,7
22700006748000;31;18;13;36,2
22700006750000;15;6;9;50,7
22700006751000;24;14;10;40,6
22700006752000;149;78;71;44,4
22700006753000;38;20;18;45,4
22700006754000;20;10;10;43,6
22700006755000;297;152;145;37,2
22700006756000;68;34;34;35,4
22700006757000;18;10;8;32,6
22700006758000;53;29;24;43,6
22700006759000;28;14;14;43,9
22700006760000;14;6;8;48,4
22700006761000;21;10;11;43,6
22700006763000;12;7;5;31,3
22700006764000;102;52;50;41,0
22700006765000;56;28;28;45,7
22700006766000;62;36;26;38,4
22700006767000;27;17;10;39,3
22700006768000;9;5;4;35,9
22700006769000;13;6;7;43,1
22700006770000;13;6;7;34,5
22700006771000;20;10;10;31,6
22700006772000;46;23;23;38,2
22700006773000;195;95;100;37,2
22700006774000;28;16;12;34,5
22700006775000;30;16;14;31,6
22700006776000;2;1;1;0,0
22700006780000;19;11;8;32,8
22700006791000;2;1;1;0,0
22700006798000;65;39;26;33,6
22700006858000;5;1;4;18,0
22700006892000;1;0;1;0,0
22700006893000;13;7;6;38,3
22700006894000;108;51;57;33,8
22700006895000;24;13;11;47,7
22700006896000;88;46;42;37,1
22700006897000;2;0;2;0,0
22700006904000;1;1;0;0,0
22700006916000;8;4;4;49,4
22700006974000;7;2;5;38,7
22700006978000;2;1;1;0,0
22700006979000;43;21;22;39,4
22700006980000;72;31;41;36,7
22700006981000;16;9;7;45,4
22700006982000;15;6;9;44,8
22700006983000;6;3;3;35,7
22700006984000;16;6;10;37,4
22700006985000;5;2;3;54,6
22700006986000;21;9;12;34,6
22700006987000;7;3;4;42,0
22700006988000;9;4;5;48,2
22700006990000;7;3;4;54,3
22700006992000;20;10;10;35,5
22700006993000;7;3;4;44,1
22700006994000;32;21;11;45,2
22700007019000;47;28;19;35,4
22700007020000;38;18;20;35,1
22700007021000;21;15;6;31,6
22700007022000;5;2;3;44,6
22700007023000;5;2;3;52,4
22700007024000;20;9;11;43,5
22700007025000;30;15;15;33,1
22700007026000;6;2;4;22,8
22700007027000;11;7;4;46,5
22700007028000;60;32;28;33,4
22700007029000;37;19;18;40,0
22700007031000;54;28;26;33,2
22700007032000;28;14;14;36,4
22700007033000;203;98;105;31,6
22700007034000;719;366;353;37,1
22700007035000;752;388;364;35,1
22700007036000;1102;570;532;39,5
22700007037000;1763;935;828;38,2
22700007038000;1529;766;763;39,0
22700007039000;2585;1360;1225;38,1
22700007040000;3184;1759;1425;33,9
22700007041000;3801;1974;1827;40,3
22700007042000;1427;830;597;34,1
22700007057000;11;5;6;57,8
22700007058000;15;3;12;41,8
22700007074000;10;7;3;41,0
22700007075000;20;9;11;36,3
22700007076000;6;3;3;33,8
22700007103000;19;10;9;41,7
22700007104000;6;3;3;51,3
22700007105000;11;6;5;61,2
22700007119000;5;2;3;59,8
22700007125000;2;1;1;0,0
22700007126000;2;2;0;0,0
22700007127000;2;2;0;0,0
22710006549000;17;6;11;49,1
22710006550000;38;23;15;43,9
22710006551000;6;4;2;48,2
22710006552000;26;12;14;39,3
22710006553000;17;10;7;40,9
22710006554000;16;8;8;33,6
22710006555000;10;5;5;50,7
22710006556000;6;3;3;71,8
22710006568000;37;21;16;43,9
22710006569000;80;45;35;40,2
22710006570000;1080;536;544;41,9
22710006571000;492;238;254;46,0
22710006572000;2354;1152;1202;39,5
22710006573000;303;167;136;39,9
22710006574000;1299;640;659;39,2
22710006575000;1120;500;620;46,4
22710006576000;582;289;293;40,9
22710006577000;2;1;1;0,0
22710006578000;3;2;1;0,0
22710006579000;90;45;45;40,4
22710006580000;19;11;8;31,4
22710006581000;18;8;10;51,2
22710006582000;109;61;48;38,0
22710006583000;76;38;38;40,4
22710006584000;31;14;17;46,0
22710006587000;3;2;1;0,0
22710006589000;4;3;1;0,0
22710006593000;5;3;2;50,6
22710006594000;5;2;3;41,4
22710006595000;8;5;3;41,4
22710006596000;3;2;1;0,0
22710006597000;15;9;6;39,5
22710006598000;12;6;6;41,0
22710006599000;13;6;7;43,5
22710006600000;4;2;2;0,0
22710006601000;2;1;1;0,0
22710006602000;2;1;1;0,0
22710006604000;4;2;2;0,0
22710006605000;1;1;0;0,0
22710006614000;2;1;1;0,0
22710006615000;26;13;13;41,6
22710006616000;115;68;47;35,9
22710006617000;30;17;13;36,2
22710006618000;17;10;7;42,9
22710006619000;17;9;8;46,2
22710006620000;379;191;188;31,5
22710006621000;157;82;75;37,2
22710006622000;7;4;3;38,7
22710006623000;20;11;9;31,0
22710006624000;6;5;1;23,7
22710006628000;9;4;5;31,3
22710006629000;59;30;29;39,9
22710006630000;51;26;25;44,7
22710006631000;19;11;8;43,4
22710006632000;82;45;37;39,2
22710006633000;103;50;53;35,7
22710006634000;92;53;39;36,3
22710006636000;14;11;3;48,8
22710006639000;2;1;1;0,0
22710006646000;6;2;4;32,0
22710006648000;15;7;8;38,5
22710006649000;2;1;1;0,0
22710006650000;955;482;473;32,9
22710006651000;3951;1997;1954;38,6
22710006652000;5630;2814;2816;35,3
22710006653000;2989;1524;1465;35,1
22710006654000;1573;798;775;40,4
22710006655000;1946;942;1004;36,2
22710006657000;1396;675;721;36,3
22710006658000;544;262;282;36,0
22710006659000;19;8;11;24,7
22710006660000;479;255;224;33,3
22710006661000;484;254;230;34,9
22710006662000;54;27;27;44,1
22710006663000;31;20;11;38,1
22710006664000;44;23;21;40,7
22710006665000;43;24;19;37,3
22710006666000;68;38;30;35,8
22710006667000;35;19;16;38,3
22710006668000;60;32;28;37,6
22710006669000;101;51;50;38,3
22710006670000;80;45;35;40,3
22710006671000;4;2;2;0,0
22710006707000;3;1;2;0,0
22710006708000;24;15;9;43,0
22710006709000;6;3;3;61,2
22710006728000;22;12;10;40,0
22710006729000;66;34;32;52,3
22710006730000;53;29;24;40,2
22710006731000;77;41;36;44,2
22710006732000;74;35;39;38,3
22710006733000;483;206;277;48,1
22710006734000;215;92;123;48,0
22710006735000;159;77;82;46,2
22710006736000;66;35;31;40,8
22710006737000;61;34;27;46,8
22710006738000;43;25;18;31,0
22710006739000;85;43;42;44,7
22710006740000;61;29;32;39,7
22710006741000;12;5;7;43,4
22710006744000;14;6;8;29,2
22710006745000;30;15;15;48,3
22710006746000;15;9;6;44,4
22710006747000;3;2;1;0,0
22710006748000;11;6;5;31,6
22710006749000;63;31;32;34,8
22710006750000;10;6;4;36,4
22710006751000;7;3;4;43,6
22710006752000;59;33;26;37,0
22710006753000;15;9;6;32,5
22710006755000;32;18;14;32,8
22710006756000;4;1;3;0,0
22710006757000;6;3;3;52,2
22710006758000;37;19;18;38,6
22710006761000;24;11;13;44,9
22710006762000;3;1;2;0,0
22710006764000;64;32;32;47,1
22710006765000;10;5;5;39,7
22710006766000;76;44;32;34,6
22710006767000;88;45;43;40,6
22710006768000;2;1;1;0,0
22710006770000;7;3;4;34,4
22710006771000;16;6;10;37,6
22710006772000;24;12;12;45,2
22710006773000;3;2;1;0,0
22710006775000;8;4;4;42,9
22710006780000;4;3;1;0,0
22710006858000;5;2;3;35,6
22710006891000;33;17;16;38,7
22710006892000;38;22;16;42,4
22710006893000;5;2;3;49,6
22710006894000;73;39;34;42,3
22710006895000;24;14;10;49,9
22710006896000;36;15;21;49,8
22710006897000;6;5;1;39,2
22710006898000;19;12;7;44,7
22710006900000;16;9;7;28,2
22710006901000;9;4;5;38,8
22710006902000;5;3;2;40,8
22710006904000;9;4;5;17,6
22710006905000;9;6;3;26,4
22710006906000;2;1;1;0,0
22710006915000;2;1;1;0,0
22710006916000;7;2;5;31,4
22710006923000;7;4;3;39,1
22710006977000;3;1;2;0,0
22710006978000;7;2;5;47,9
22710006980000;11;6;5;35,1
22710006985000;6;2;4;13,8
22710006987000;8;4;4;49,3
22710006988000;8;6;2;39,0
22710006989000;15;7;8;64,2
22710006990000;2;1;1;0,0
22710006992000;44;25;19;37,1
22710007019000;19;8;11;31,9
22710007021000;10;7;3;41,5
22710007022000;75;37;38;33,4
22710007023000;24;15;9;35,9
22710007024000;39;20;19;46,1
22710007025000;62;32;30;39,3
22710007026000;35;20;15;39,3
22710007027000;222;105;117;34,4
22710007028000;988;496;492;30,0
22710007029000;32;16;16;37,2
22710007030000;32;16;16;29,6
22710007031000;31;19;12;43,4
22710007032000;44;23;21;43,6
22710007033000;40;26;14;43,5
22710007034000;44;22;22;41,4
22710007035000;128;68;60;36,7
22710007036000;870;450;420;36,1
22710007037000;4163;2033;2130;38,0
22710007038000;3664;1764;1900;38,5
22710007039000;3445;1887;1558;31,4
22710007040000;3402;1712;1690;37,1
22710007041000;5553;2864;2689;35,7
22710007042000;5475;2895;2580;36,1
22710007043000;96;45;51;46,6
22710007057000;84;42;42;39,6
22710007058000;22;11;11;44,6
22710007074000;9;4;5;52,2
22710007075000;7;3;4;39,4
22710007076000;6;3;3;28,8
22710007102000;1;1;0;0,0
22710007105000;7;3;4;32,6
22710007131000;15;5;10;43,3
22710007132000;1;1;0;0,0
22720006549000;521;249;272;49,0
22720006550000;298;142;156;45,7
22720006551000;34;15;19;45,6
22720006552000;24;10;14;48,8
22720006553000;30;13;17;43,0
22720006554000;23;10;13;47,0
22720006555000;4;2;2;0,0
22720006556000;14;9;5;43,1
22720006564000;3;1;2;0,0
22720006565000;2;1;1;0,0
22720006566000;26;15;11;45,3
22720006567000;17;8;9;31,5
22720006568000;18;9;9;41,1
22720006569000;7;2;5;46,9
22720006570000;1364;664;700;38,3
22720006571000;700;364;336;35,0
22720006572000;1294;641;653;37,3
22720006573000;894;455;439;40,6
22720006574000;538;289;249;36,2
22720006575000;424;197;227;44,3
22720006576000;1181;574;607;36,7
22720006577000;124;67;57;42,2
22720006578000;48;24;24;42,4
22720006579000;201;109;92;39,2
22720006581000;70;35;35;40,9
22720006582000;23;10;13;30,9
22720006583000;15;5;10;40,7
22720006584000;6;4;2;39,2
22720006585000;7;5;2;15,0
22720006587000;19;9;10;31,6
22720006593000;11;6;5;32,0
22720006594000;1;1;0;0,0
22720006595000;30;15;15;34,7
22720006598000;2;1;1;0,0
22720006599000;2;1;1;0,0
22720006602000;5;2;3;28,6
22720006603000;3;2;1;0,0
22720006604000;1;0;1;0,0
22720006614000;3;1;2;0,0
22720006615000;13;4;9;42,2
22720006616000;12;5;7;45,2
22720006617000;32;14;18;49,2
22720006618000;25;15;10;46,4
22720006619000;3;1;2;0,0
22720006620000;15;8;7;29,5
22720006621000;9;4;5;33,6
22720006628000;1;1;0;0,0
22720006629000;45;20;25;38,9
22720006630000;2;1;1;0,0
22720006631000;5;2;3;56,4
22720006632000;26;12;14;38,6
22720006633000;49;22;27;38,7
22720006634000;22;12;10;48,3
22720006635000;50;25;25;41,1
22720006648000;1433;728;705;35,6
22720006649000;1867;985;882;38,1
22720006650000;1173;594;579;35,0
22720006651000;3677;1804;1873;36,1
22720006652000;3940;1965;1975;39,3
22720006653000;4419;2218;2201;36,5
22720006654000;8764;4445;4319;37,1
22720006655000;3622;1819;1803;39,2
22720006656000;562;307;255;36,1
22720006657000;500;247;253;42,6
22720006658000;2185;1097;1088;38,7
22720006659000;976;462;514;33,3
22720006660000;184;96;88;29,6
22720006661000;19;12;7;40,4
22720006662000;20;10;10;30,2
22720006663000;7;4;3;72,9
22720006665000;116;61;55;38,4
22720006666000;4;2;2;0,0
22720006707000;8;5;3;35,8
22720006708000;2;1;1;0,0
22720006727000;2;2;0;0,0
22720006728000;10;5;5;57,0
22720006729000;260;133;127;40,7
22720006730000;222;110;112;40,1
22720006731000;36;22;14;41,4
22720006732000;18;11;7;42,2
22720006733000;32;20;12;41,4
22720006734000;232;112;120;41,4
22720006735000;53;28;25;40,0
22720006736000;67;35;32;37,7
22720006737000;33;14;19;34,5
22720006738000;364;188;176;37,6
22720006739000;120;60;60;43,4
22720006740000;18;8;10;44,0
22720006741000;4;1;3;0,0
22720006744000;10;5;5;35,1
22720006745000;32;17;15;36,1
22720006746000;33;18;15;40,5
22720006747000;6;3;3;44,3
22720006748000;63;30;33;40,9
22720006749000;21;9;12;32,6
22720006751000;12;6;6;40,4
22720006752000;30;16;14;36,9
22720006753000;23;9;14;51,7
22720006754000;9;6;3;37,9
22720006755000;36;17;19;34,1
22720006756000;27;17;10;35,4
22720006757000;7;3;4;30,3
22720006758000;57;26;31;39,2
22720006759000;20;12;8;45,3
22720006760000;13;7;6;50,5
22720006761000;21;12;9;48,9
22720006763000;6;3;3;58,7
22720006764000;28;15;13;44,6
22720006765000;8;4;4;39,3
22720006766000;7;4;3;39,9
22720006767000;6;3;3;58,5
22720006768000;33;18;15;45,9
22720006769000;39;20;19;40,9
22720006770000;33;18;15;41,7
22720006771000;34;17;17;46,7
22720006773000;15;10;5;47,0
22720006774000;2;1;1;0,0
22720006776000;5;4;1;17,8
22720006779000;2;2;0;0,0
22720006856000;1;0;1;0,0
22720006890000;57;32;25;35,6
22720006892000;11;6;5;50,3
22720006893000;204;88;116;40,9
22720006894000;331;153;178;43,0
22720006895000;40;18;22;43,0
22720006896000;28;13;15;39,0
22720006897000;7;3;4;43,0
22720006898000;11;5;6;31,3
22720006899000;3;1;2;0,0
22720006900000;9;4;5;46,7
22720006901000;13;6;7;47,5
22720006902000;6;3;3;35,7
22720006903000;29;15;14;47,2
22720006904000;57;27;30;42,8
22720006906000;5;1;4;28,6
22720006915000;8;5;3;53,4
22720006916000;10;3;7;43,6
22720006922000;12;5;7;48,8
22720006923000;5;3;2;36,6
22720006973000;4;3;1;0,0
22720006974000;14;5;9;41,7
22720006975000;17;11;6;23,2
22720006976000;21;11;10;48,1
22720006977000;13;7;6;39,2
22720006989000;4;1;3;0,0
22720006990000;16;8;8;34,9
22720006992000;8;6;2;39,1
22720007021000;2;1;1;0,0
22720007022000;23;9;14;38,9
22720007024000;28;15;13;32,7
22720007025000;9;5;4;42,1
22720007026000;617;323;294;33,2
22720007027000;729;381;348;36,5
22720007028000;26;12;14;48,0
22720007029000;40;19;21;37,3
22720007030000;33;18;15;29,6
22720007031000;32;16;16;34,1
22720007032000;89;50;39;35,8
22720007033000;34;21;13;36,4
22720007034000;37;20;17;38,6
22720007035000;28;15;13;44,8
22720007036000;17;7;10;38,6
22720007037000;1008;482;526;38,2
22720007038000;2944;1430;1514;39,9
22720007039000;3574;1899;1675;37,2
22720007040000;2955;1424;1531;43,1
22720007041000;4266;2051;2215;38,9
22720007042000;4048;2085;1963;36,2
22720007043000;2275;1122;1153;39,4
22720007044000;529;259;270;37,6
22720007057000;2;1;1;0,0
22720007058000;28;17;11;35,1
22720007059000;12;5;7;46,5
22720007097000;3;2;1;0,0
22720007099000;1;0;1;0,0
22720007103000;2;1;1;0,0
22720007127000;17;8;9;53,5
22720007128000;29;14;15;51,6
22720007131000;1;0;1;0,0
22720007132000;1;1;0;0,0
22720007137000;4;3;1;0,0
22720007138000;13;10;3;61,2
22730006545000;4;2;2;0,0
22730006546000;20;10;10;51,0
22730006547000;4;2;2;0,0
22730006549000;16;9;7;54,0
22730006550000;27;13;14;56,7
22730006551000;7;3;4;67,0
22730006552000;6;2;4;27,8
22730006553000;16;9;7;35,4
22730006554000;24;12;12;46,6
22730006562000;7;3;4;35,4
22730006563000;29;17;12;33,7
22730006564000;12;6;6;37,5
22730006565000;118;62;56;40,5
22730006566000;41;15;26;37,3
22730006567000;246;114;132;45,9
22730006568000;206;112;94;41,7
22730006569000;7;3;4;63,6
22730006570000;3;0;3;0,0
22730006571000;16;8;8;35,1
22730006572000;160;78;82;34,1
22730006573000;783;400;383;35,0
22730006574000;658;317;341;35,1
22730006575000;219;106;113;36,4
22730006576000;756;387;369;36,6
22730006577000;709;361;348;39,1
22730006578000;91;44;47;43,2
22730006579000;14;8;6;62,4
22730006580000;12;5;7;36,3
22730006581000;70;44;26;41,1
22730006582000;24;12;12;43,0
22730006583000;243;120;123;36,9
22730006586000;8;3;5;34,8
22730006587000;13;7;6;24,7
22730006592000;2;1;1;0,0
22730006593000;115;65;50;42,7
22730006594000;251;121;130;38,9
22730006595000;50;18;32;35,1
22730006596000;4;2;2;0,0
22730006597000;6;3;3;44,0
22730006598000;43;23;20;41,3
22730006599000;13;7;6;32,8
22730006600000;7;2;5;38,4
22730006602000;8;2;6;31,3
22730006604000;1;1;0;0,0
22730006605000;8;5;3;41,3
22730006608000;2;1;1;0,0
22730006609000;8;5;3;24,1
22730006613000;2;1;1;0,0
22730006614000;2;2;0;0,0
22730006615000;23;12;11;33,9
22730006616000;18;9;9;44,2
22730006617000;24;13;11;44,0
22730006618000;44;22;22;39,5
22730006619000;20;11;9;35,7
22730006620000;14;6;8;44,1
22730006621000;13;8;5;40,5
22730006622000;14;9;5;44,1
22730006628000;7;3;4;30,1
22730006629000;5;3;2;39,0
22730006630000;4;2;2;0,0
22730006631000;16;11;5;46,4
22730006632000;6;3;3;27,8
22730006634000;143;79;64;42,7
22730006635000;1;1;0;0,0
22730006638000;1;0;1;0,0
22730006646000;10;6;4;39,7
22730006647000;20;9;11;38,1
22730006648000;1687;883;804;35,5
22730006649000;3322;1612;1710;40,2
22730006650000;2860;1401;1459;45,0
22730006651000;1610;870;740;36,1
22730006652000;2064;1096;968;37,2
22730006653000;1486;754;732;42,9
22730006654000;145;65;80;41,5
22730006655000;902;460;442;37,9
22730006656000;1325;676;649;36,8
22730006657000;196;104;92;37,0
22730006658000;621;311;310;37,0
22730006659000;544;285;259;34,6
22730006660000;28;15;13;38,3
22730006661000;7;3;4;38,3
22730006662000;3;2;1;0,0
22730006688000;2;1;1;0,0
22730006707000;14;7;7;47,5
22730006708000;26;18;8;34,7
22730006717000;1;1;0;0,0
22730006728000;17;7;10;33,9
22730006729000;55;29;26;43,9
22730006730000;82;43;39;39,8
22730006731000;14;7;7;32,9
22730006732000;33;14;19;41,7
22730006733000;26;13;13;43,7
22730006734000;179;87;92;42,8
22730006735000;23;13;10;37,6
22730006736000;51;26;25;44,9
22730006737000;246;125;121;36,7
22730006738000;390;173;217;46,0
22730006739000;8;5;3;30,6
22730006740000;5;2;3;42,6
22730006744000;24;13;11;47,9
22730006745000;38;19;19;34,9
22730006746000;56;29;27;37,3
22730006747000;81;32;49;41,9
22730006748000;156;70;86;44,4
22730006749000;71;38;33;36,7
22730006751000;3;1;2;0,0
22730006752000;36;18;18;45,0
22730006753000;20;12;8;58,6
22730006754000;41;22;19;40,2
22730006755000;27;16;11;36,8
22730006756000;16;13;3;42,9
22730006757000;32;14;18;39,8
22730006758000;72;38;34;42,7
22730006759000;9;6;3;28,8
22730006760000;68;33;35;44,8
22730006761000;14;7;7;42,3
22730006763000;8;5;3;54,8
22730006764000;10;5;5;33,1
22730006765000;6;3;3;40,2
22730006767000;6;3;3;27,2
22730006768000;2;2;0;0,0
22730006769000;9;7;2;34,6
22730006770000;33;18;15;39,7
22730006771000;5;3;2;44,6
22730006779000;10;5;5;35,0
22730006891000;6;3;3;47,8
22730006892000;71;34;37;40,2
22730006893000;21;11;10;44,3
22730006896000;4;1;3;0,0
22730006903000;14;8;6;53,8
22730006904000;14;8;6;47,3
22730006905000;9;5;4;34,8
22730006906000;15;6;9;48,3
22730006907000;17;10;7;38,6
22730006908000;8;3;5;48,4
22730006911000;18;11;7;41,2
22730006914000;14;7;7;36,9
22730006915000;11;6;5;43,3
22730006922000;9;5;4;20,4
22730006923000;2;1;1;0,0
22730006973000;27;14;13;49,6
22730006974000;8;3;5;44,5
22730006976000;2;1;1;0,0
22730006989000;2;2;0;0,0
22730006990000;5;3;2;43,8
22730006993000;6;4;2;37,0
22730006994000;3;1;2;0,0
22730006995000;4;2;2;0,0
22730007021000;32;18;14;29,5
22730007025000;52;29;23;41,4
22730007026000;659;318;341;39,3
22730007027000;1130;555;575;34,7
22730007028000;55;33;22;34,0
22730007029000;61;30;31;46,6
22730007030000;40;19;21;38,9
22730007031000;48;24;24;35,7
22730007032000;94;41;53;38,6
22730007033000;21;13;8;38,7
22730007037000;106;51;55;37,9
22730007038000;708;362;346;37,4
22730007039000;3346;1627;1719;40,9
22730007040000;774;387;387;38,0
22730007041000;2927;1434;1493;39,1
22730007042000;1177;567;610;40,5
22730007043000;1869;911;958;39,4
22730007044000;443;219;224;46,0
22730007059000;24;14;10;41,2
22730007076000;11;7;4;39,9
22730007097000;12;7;5;41,3
22730007103000;12;5;7;34,2
22730007124000;6;3;3;35,2
22730007132000;109;56;53;44,4
22730007133000;8;3;5;48,9
22730007138000;3;2;1;0,0
22740006547000;19;12;7;42,3
22740006548000;68;34;34;54,8
22740006549000;1;1;0;0,0
22740006552000;17;7;10;55,3
22740006553000;25;14;11;38,2
22740006554000;15;9;6;44,4
22740006555000;4;2;2;0,0
22740006562000;5;2;3;73,2
22740006563000;21;11;10;41,8
22740006564000;21;10;11;46,0
22740006565000;25;13;12;42,2
22740006566000;17;9;8;29,9
22740006567000;293;146;147;35,9
22740006568000;8;4;4;44,6
22740006569000;29;17;12;46,6
22740006570000;405;208;197;38,7
22740006571000;81;40;41;36,0
22740006572000;17;8;9;30,8
22740006573000;10;1;9;48,5
22740006574000;21;9;12;41,8
22740006575000;85;43;42;34,1
22740006576000;1646;833;813;36,7
22740006577000;1598;833;765;38,3
22740006578000;346;173;173;38,1
22740006579000;174;89;85;42,5
22740006580000;53;28;25;51,9
22740006582000;4;2;2;0,0
22740006583000;17;8;9;26,6
22740006585000;7;6;1;24,0
22740006587000;19;9;10;42,1
22740006592000;1;1;0;0,0
22740006593000;33;16;17;36,8
22740006594000;27;12;15;42,8
22740006596000;39;17;22;49,6
22740006597000;24;13;11;37,1
22740006598000;6;3;3;37,2
22740006600000;1;1;0;0,0
22740006601000;15;7;8;42,0
22740006602000;16;8;8;41,4
22740006603000;1;1;0;0,0
22740006604000;5;2;3;36,4
22740006605000;5;2;3;34,4
22740006606000;4;2;2;0,0
22740006607000;4;2;2;0,0
22740006608000;2;1;1;0,0
22740006613000;9;5;4;36,2
22740006614000;5;3;2;66,0
22740006615000;20;10;10;35,4
22740006616000;7;4;3;30,0
22740006617000;12;9;3;44,6
22740006618000;49;26;23;28,1
22740006619000;103;55;48;36,1
22740006620000;1286;641;645;37,3
22740006621000;63;30;33;38,0
22740006622000;12;7;5;30,5
22740006628000;25;12;13;37,7
22740006629000;79;45;34;38,6
22740006630000;40;22;18;32,4
22740006632000;82;50;32;33,1
22740006633000;19;11;8;35,6
22740006634000;13;5;8;49,6
22740006645000;1;1;0;0,0
22740006646000;34;17;17;38,8
22740006647000;25;12;13;43,5
22740006648000;3001;1473;1528;39,4
22740006649000;3267;1590;1677;39,5
22740006650000;1619;759;860;45,0
22740006651000;2816;1469;1347;37,1
22740006652000;143;76;67;33,0
22740006655000;124;71;53;36,3
22740006656000;23;15;8;40,0
22740006657000;24;12;12;32,4
22740006658000;20;13;7;39,9
22740006659000;73;32;41;42,8
22740006660000;2;2;0;0,0
22740006681000;9;5;4;50,4
22740006682000;9;6;3;38,7
22740006700000;5;3;2;57,4
22740006709000;1;1;0;0,0
22740006717000;4;1;3;0,0
22740006726000;10;4;6;37,8
22740006727000;51;31;20;41,8
22740006728000;61;28;33;38,9
22740006729000;56;30;26;47,7
22740006730000;2;2;0;0,0
22740006731000;7;6;1;60,0
22740006732000;32;16;16;39,5
22740006733000;42;21;21;40,7
22740006734000;127;65;62;43,5
22740006735000;33;19;14;40,9
22740006736000;58;29;29;40,6
22740006737000;378;192;186;41,3
22740006738000;249;108;141;50,4
22740006744000;5;4;1;31,6
22740006745000;97;53;44;39,6
22740006746000;19;11;8;33,5
22740006747000;75;38;37;43,9
22740006748000;18;12;6;46,3
22740006749000;7;4;3;39,3
22740006750000;7;4;3;28,7
22740006752000;2;1;1;0,0
22740006753000;26;15;11;42,7
22740006755000;22;11;11;44,1
22740006756000;33;16;17;31,2
22740006757000;97;49;48;41,5
22740006758000;85;47;38;37,2
22740006759000;18;8;10;35,5
22740006760000;17;13;4;37,0
22740006761000;18;11;7;52,6
22740006762000;21;10;11;41,5
22740006763000;6;3;3;46,0
22740006764000;7;5;2;37,9
22740006767000;14;7;7;32,7
22740006768000;10;5;5;41,1
22740006769000;2;1;1;0,0
22740006770000;16;8;8;36,6
22740006778000;8;5;3;47,9
22740006854000;2;1;1;0,0
22740006890000;13;7;6;37,5
22740006891000;39;21;18;47,0
22740006892000;7;3;4;44,9
22740006897000;1;1;0;0,0
22740006904000;6;3;3;35,8
22740006905000;14;6;8;40,4
22740006906000;60;30;30;32,3
22740006907000;3;2;1;0,0
22740006909000;3;1;2;0,0
22740006910000;73;33;40;36,2
22740006911000;98;55;43;39,2
22740006912000;19;10;9;44,9
22740006913000;15;7;8;44,0
22740006914000;2;1;1;0,0
22740006922000;9;4;5;55,2
22740006923000;11;6;5;40,8
22740006973000;9;6;3;37,6
22740006990000;16;9;7;50,8
22740006991000;3;3;0;0,0
22740006992000;11;7;4;59,9
22740007021000;14;7;7;53,4
22740007022000;151;85;66;34,4
22740007026000;141;78;63;52,7
22740007027000;37;20;17;37,1
22740007028000;27;16;11;43,9
22740007029000;15;8;7;27,1
22740007030000;73;30;43;37,0
22740007031000;15;7;8;36,2
22740007032000;332;143;189;29,0
22740007033000;52;24;28;35,0
22740007034000;20;9;11;38,7
22740007038000;371;202;169;34,1
22740007039000;1991;1002;989;36,3
22740007040000;2125;1054;1071;38,6
22740007041000;423;207;216;39,2
22740007042000;12;5;7;50,5
22740007043000;8;4;4;39,0
22740007059000;4;1;3;0,0
22740007060000;2;1;1;0,0
22740007077000;21;11;10;32,2
22740007095000;1;1;0;0,0
22740007096000;6;3;3;44,2
22740007097000;9;5;4;38,0
22740007098000;2;2;0;0,0
22740007102000;17;10;7;42,5
22740007103000;84;51;33;39,5
22740007107000;5;3;2;45,6
22740007124000;21;10;11;38,7
22740007125000;4;2;2;0,0
22740007127000;2;1;1;0,0
22740007133000;46;25;21;39,7
22740007134000;3;2;1;0,0
22750006549000;3;2;1;0,0
22750006550000;1;1;0;0,0
22750006553000;8;4;4;51,5
22750006554000;13;7;6;45,5
22750006555000;5;2;3;70,8
22750006564000;6;4;2;33,0
22750006565000;5;4;1;34,4
22750006566000;45;20;25;44,6
22750006567000;195;105;90;42,9
22750006568000;4;3;1;0,0
22750006569000;9;6;3;39,7
22750006570000;211;106;105;37,4
22750006571000;57;27;30;38,1
22750006572000;14;8;6;33,1
22750006573000;2;1;1;0,0
22750006574000;40;19;21;35,2
22750006575000;143;79;64;41,3
22750006576000;1284;670;614;36,5
22750006577000;1999;937;1062;43,2
22750006578000;1509;771;738;39,3
22750006579000;756;377;379;39,0
22750006580000;225;102;123;38,0
22750006583000;4;1;3;0,0
22750006584000;5;4;1;51,0
22750006586000;10;4;6;47,8
22750006587000;3;2;1;0,0
22750006593000;37;18;19;40,9
22750006594000;12;7;5;33,3
22750006595000;4;1;3;0,0
22750006597000;2;0;2;0,0
22750006604000;6;3;3;52,0
22750006607000;8;5;3;43,3
22750006608000;13;8;5;48,3
22750006609000;5;3;2;31,6
22750006610000;5;3;2;23,6
22750006611000;2;1;1;0,0
22750006612000;5;2;3;32,6
22750006613000;6;2;4;42,2
22750006615000;98;42;56;45,7
22750006616000;605;293;312;32,9
22750006617000;56;30;26;34,3
22750006618000;20;13;7;34,6
22750006619000;45;25;20;30,9
22750006620000;107;56;51;39,2
22750006621000;203;108;95;42,9
22750006622000;5;4;1;44,4
22750006627000;9;4;5;34,3
22750006628000;106;47;59;40,6
22750006629000;346;183;163;36,1
22750006630000;166;92;74;42,0
22750006631000;64;42;22;40,4
22750006633000;5;2;3;33,6
22750006635000;4;1;3;0,0
22750006644000;10;4;6;37,1
22750006645000;19;11;8;45,3
22750006646000;18;10;8;40,2
22750006647000;12;5;7;46,3
22750006648000;242;122;120;39,4
22750006649000;324;155;169;40,0
22750006650000;249;131;118;39,1
22750006651000;2405;1238;1167;37,5
22750006652000;1578;810;768;37,4
22750006653000;788;371;417;38,4
22750006654000;61;31;30;43,2
22750006655000;94;56;38;36,6
22750006656000;32;21;11;32,1
22750006657000;12;8;4;46,9
22750006658000;3;1;2;0,0
22750006659000;67;35;32;36,9
22750006660000;61;32;29;43,2
22750006680000;67;32;35;32,1
22750006681000;198;119;79;37,1
22750006682000;29;12;17;45,0
22750006699000;19;14;5;38,7
22750006700000;5;3;2;28,2
22750006705000;13;9;4;43,9
22750006706000;1;1;0;0,0
22750006726000;19;16;3;45,2
22750006727000;93;51;42;38,2
22750006728000;137;67;70;43,4
22750006729000;39;24;15;36,8
22750006730000;10;5;5;54,6
22750006731000;20;10;10;39,8
22750006732000;77;41;36;45,5
22750006733000;59;26;33;43,4
22750006734000;42;23;19;34,8
22750006735000;115;58;57;42,3
22750006736000;46;24;22;40,5
22750006737000;361;178;183;41,6
22750006744000;15;8;7;52,7
22750006745000;49;26;23;45,3
22750006746000;91;49;42;35,4
22750006747000;203;107;96;33,8
22750006748000;35;18;17;40,9
22750006749000;29;17;12;43,9
22750006750000;24;11;13;39,4
22750006751000;7;4;3;43,9
22750006753000;33;15;18;36,7
22750006754000;29;17;12;32,4
22750006755000;36;24;12;37,1
22750006756000;24;14;10;44,6
22750006757000;18;10;8;38,8
22750006758000;117;65;52;38,2
22750006759000;30;19;11;38,8
22750006760000;77;38;39;37,7
22750006761000;5;3;2;68,2
22750006762000;14;6;8;40,8
22750006763000;2;1;1;0,0
22750006767000;5;3;2;48,4
22750006770000;8;5;3;56,1
22750006771000;7;4;3;47,6
22750006777000;4;1;3;0,0
22750006778000;6;3;3;51,2
22750006852000;2;1;1;0,0
22750006853000;1;1;0;0,0
22750006888000;5;3;2;54,0
22750006889000;15;6;9;42,9
22750006890000;17;8;9;31,5
22750006896000;3;2;1;0,0
22750006907000;5;3;2;36,4
22750006908000;1;1;0;0,0
22750006909000;11;6;5;38,8
22750006910000;73;35;38;30,0
22750006911000;25;10;15;46,3
22750006921000;6;3;3;44,0
22750006922000;8;6;2;30,6
22750006923000;17;9;8;31,9
22750006989000;31;17;14;44,9
22750006990000;50;23;27;43,9
22750006991000;19;8;11;46,2
22750006992000;5;3;2;28,6
22750006993000;2;1;1;0,0
22750007022000;25;14;11;37,2
22750007023000;28;15;13;38,1
22750007029000;75;34;41;37,3
22750007030000;9;5;4;40,3
22750007031000;13;4;9;38,2
22750007032000;43;21;22;44,0
22750007033000;22;14;8;48,3
22750007034000;76;30;46;39,2
22750007035000;13;6;7;44,8
22750007036000;65;40;25;33,4
22750007037000;55;29;26;33,4
22750007038000;454;239;215;33,7
22750007039000;613;311;302;33,2
22750007040000;2890;1461;1429;37,1
22750007041000;2768;1373;1395;35,2
22750007042000;711;315;396;38,7
22750007077000;11;8;3;50,8
22750007078000;5;2;3;60,6
22750007095000;28;13;15;40,4
22750007096000;19;9;10;37,4
22750007097000;6;1;5;55,7
22750007102000;42;24;18;43,4
22750007103000;43;22;21;44,4
22750007108000;7;4;3;38,1
22750007124000;23;11;12;52,3
22750007127000;8;3;5;30,8
22750007133000;8;4;4;43,4
22750007134000;21;9;12;45,0
22750007135000;6;3;3;68,2
22760006549000;4;2;2;0,0
22760006551000;3;2;1;0,0
22760006564000;11;7;4;36,1
22760006565000;45;25;20;42,9
22760006566000;25;11;14;43,4
22760006567000;3;1;2;0,0
22760006568000;24;15;9;37,8
22760006569000;21;8;13;30,0
22760006570000;422;225;197;39,3
22760006571000;37;18;19;35,4
22760006572000;22;14;8;40,8
22760006573000;22;11;11;50,4
22760006574000;36;22;14;36,1
22760006575000;36;17;19;44,4
22760006576000;693;347;346;36,6
22760006577000;332;164;168;41,0
22760006578000;277;138;139;39,9
22760006579000;227;100;127;54,1
22760006580000;19;8;11;28,8
22760006584000;5;2;3;52,2
22760006585000;50;26;24;35,4
22760006586000;1;0;1;0,0
22760006592000;3;2;1;0,0
22760006593000;20;11;9;31,3
22760006594000;9;5;4;40,6
22760006595000;4;2;2;0,0
22760006597000;8;5;3;59,1
22760006600000;2;2;0;0,0
22760006601000;1;1;0;0,0
22760006603000;8;5;3;63,3
22760006609000;36;19;17;39,4
22760006610000;25;13;12;45,8
22760006611000;6;4;2;57,2
22760006613000;16;10;6;46,4
22760006614000;20;10;10;33,0
22760006615000;299;152;147;40,1
22760006616000;533;257;276;39,0
22760006618000;9;6;3;42,2
22760006619000;2;1;1;0,0
22760006620000;10;5;5;49,6
22760006621000;30;17;13;42,1
22760006622000;77;45;32;36,0
22760006623000;24;14;10;38,8
22760006624000;2;0;2;0,0
22760006627000;17;10;7;36,1
22760006628000;677;351;326;38,4
22760006629000;395;191;204;33,3
22760006630000;3;3;0;0,0
22760006648000;3;2;1;0,0
22760006649000;78;45;33;45,4
22760006650000;1146;560;586;34,7
22760006651000;2876;1448;1428;36,0
22760006652000;1823;912;911;40,3
22760006653000;2253;1133;1120;35,7
22760006654000;3297;1600;1697;36,2
22760006655000;827;409;418;35,7
22760006656000;14;7;7;36,3
22760006657000;39;23;16;47,8
22760006658000;43;22;21;38,5
22760006659000;114;63;51;36,6
22760006660000;23;13;10;37,6
22760006667000;143;68;75;31,8
22760006668000;3;1;2;0,0
22760006678000;1;1;0;0,0
22760006679000;87;48;39;37,2
22760006680000;38;18;20;37,9
22760006681000;26;12;14;43,8
22760006682000;84;43;41;38,2
22760006683000;2;1;1;0,0
22760006713000;5;2;3;29,8
22760006714000;1;0;1;0,0
22760006727000;42;23;19;44,5
22760006728000;179;91;88;37,1
22760006729000;33;18;15;45,3
22760006730000;9;4;5;47,4
22760006732000;66;35;31;46,6
22760006733000;134;67;67;38,5
22760006734000;46;26;20;41,6
22760006735000;146;73;73;39,8
22760006736000;72;37;35;41,7
22760006743000;6;3;3;56,0
22760006744000;17;8;9;27,8
22760006745000;80;44;36;35,3
22760006746000;24;12;12;41,5
22760006747000;27;12;15;36,6
22760006748000;20;9;11;44,7
22760006749000;64;34;30;44,3
22760006750000;53;34;19;40,6
22760006751000;12;5;7;45,8
22760006752000;11;8;3;28,5
22760006753000;4;2;2;0,0
22760006754000;39;22;17;33,4
22760006755000;21;13;8;38,9
22760006756000;23;10;13;39,9
22760006757000;19;11;8;36,6
22760006758000;162;83;79;34,6
22760006759000;65;28;37;32,3
22760006760000;26;16;10;38,4
22760006761000;76;37;39;42,3
22760006763000;38;15;23;38,6
22760006764000;7;3;4;31,1
22760006765000;12;6;6;27,3
22760006766000;17;7;10;33,2
22760006771000;18;9;9;46,3
22760006852000;5;2;3;40,8
22760006886000;2;2;0;0,0
22760006887000;17;8;9;33,7
22760006910000;8;3;5;49,0
22760006911000;24;11;13;38,3
22760006967000;1;1;0;0,0
22760006970000;4;2;2;0,0
22760006987000;7;5;2;30,7
22760006988000;6;3;3;45,8
22760006989000;18;7;11;40,5
22760006993000;2;1;1;0,0
22760006995000;1;1;0;0,0
22760007023000;27;16;11;44,6
22760007031000;8;5;3;37,0
22760007033000;2;1;1;0,0
22760007034000;17;7;10;52,6
22760007035000;39;19;20;34,6
22760007036000;2;1;1;0,0
22760007037000;141;77;64;42,7
22760007038000;76;38;38;37,5
22760007039000;784;398;386;31,0
22760007040000;1677;827;850;37,0
22760007041000;1635;860;775;36,5
22760007078000;6;4;2;60,3
22760007087000;2;1;1;0,0
22760007095000;4;3;1;0,0
22760007096000;19;11;8;29,4
22760007103000;78;40;38;34,6
22760007104000;3;1;2;0,0
22760007109000;4;1;3;0,0
22760007126000;6;4;2;66,7
22760007127000;28;13;15;46,6
22760007140000;3;2;1;0,0
22760007142000;2;1;1;0,0
22770006566000;4;2;2;0,0
22770006567000;51;28;23;37,7
22770006568000;26;16;10;46,5
22770006569000;55;28;27;47,6
22770006570000;53;28;25;34,0
22770006571000;15;10;5;42,5
22770006572000;10;6;4;53,2
22770006573000;24;14;10;33,7
22770006574000;370;189;181;39,9
22770006575000;350;183;167;37,2
22770006576000;871;454;417;37,1
22770006577000;2060;1016;1044;39,1
22770006578000;2404;1176;1228;37,6
22770006579000;1391;659;732;40,7
22770006580000;124;62;62;42,0
22770006582000;4;2;2;0,0
22770006583000;22;10;12;44,3
22770006584000;9;4;5;53,9
22770006586000;14;5;9;46,0
22770006587000;14;9;5;37,6
22770006588000;1;1;0;0,0
22770006592000;5;1;4;37,2
22770006593000;13;7;6;42,2
22770006594000;19;13;6;35,8
22770006595000;2;1;1;0,0
22770006597000;3;3;0;0,0
22770006602000;6;3;3;33,2
22770006603000;8;4;4;35,0
22770006608000;6;4;2;52,0
22770006609000;17;9;8;38,1
22770006610000;7;3;4;42,4
22770006611000;42;24;18;31,4
22770006612000;13;6;7;34,8
22770006613000;6;5;1;28,5
22770006614000;3;2;1;0,0
22770006615000;188;96;92;36,2
22770006616000;5;2;3;41,2
22770006617000;4;0;4;0,0
22770006618000;44;38;6;20,2
22770006619000;16;11;5;40,9
22770006621000;4;2;2;0,0
22770006622000;46;25;21;31,3
22770006623000;28;15;13;42,7
22770006624000;16;10;6;55,5
22770006625000;13;5;8;42,5
22770006626000;3;1;2;0,0
22770006627000;1009;498;511;40,7
22770006628000;530;280;250;41,0
22770006629000;10;4;6;36,4
22770006635000;5;2;3;49,8
22770006649000;6;3;3;61,7
22770006650000;1801;916;885;40,5
22770006651000;2893;1451;1442;37,4
22770006652000;4442;2145;2297;40,7
22770006653000;2716;1387;1329;37,1
22770006654000;1256;589;667;39,7
22770006655000;145;72;73;40,8
22770006656000;357;194;163;37,8
22770006657000;613;293;320;36,5
22770006658000;188;88;100;34,6
22770006659000;145;75;70;35,4
22770006665000;40;24;16;42,4
22770006666000;1123;580;543;37,8
22770006667000;897;462;435;33,1
22770006668000;192;98;94;32,8
22770006669000;25;13;12;32,4
22770006670000;20;9;11;31,6
22770006675000;35;19;16;41,9
22770006676000;118;64;54;33,0
22770006677000;413;216;197;34,8
22770006678000;186;100;86;38,3
22770006679000;78;45;33;39,1
22770006681000;5;4;1;40,2
22770006682000;6;4;2;29,7
22770006683000;11;6;5;56,3
22770006684000;18;9;9;49,2
22770006685000;12;8;4;46,0
22770006686000;27;15;12;43,5
22770006687000;66;29;37;34,9
22770006688000;9;5;4;40,4
22770006705000;22;11;11;46,7
22770006712000;9;3;6;25,6
22770006725000;3;2;1;0,0
22770006726000;18;12;6;30,6
22770006727000;40;23;17;47,4
22770006728000;41;20;21;44,1
22770006729000;121;60;61;43,9
22770006730000;394;188;206;45,2
22770006731000;336;152;184;47,5
22770006732000;255;128;127;42,8
22770006733000;41;22;19;37,5
22770006734000;17;10;7;30,9
22770006735000;10;4;6;45,7
22770006740000;2;1;1;0,0
22770006742000;5;3;2;32,2
22770006743000;36;16;20;43,8
22770006744000;14;7;7;46,1
22770006745000;33;21;12;29,4
22770006746000;34;19;15;39,5
22770006747000;1;1;0;0,0
22770006748000;38;18;20;41,6
22770006749000;60;31;29;48,2
22770006750000;52;29;23;43,4
22770006751000;14;5;9;30,9
22770006752000;3;2;1;0,0
22770006753000;8;2;6;36,6
22770006754000;9;6;3;61,3
22770006755000;58;25;33;37,9
22770006756000;54;28;26;39,1
22770006757000;122;69;53;39,5
22770006758000;18;9;9;44,7
22770006760000;103;54;49;44,8
22770006761000;91;48;43;30,1
22770006762000;40;23;17;46,5
22770006763000;24;11;13;31,3
22770006764000;12;6;6;42,2
22770006765000;4;4;0;0,0
22770006766000;19;11;8;34,2
22770006767000;22;13;9;37,5
22770006785000;1;1;0;0,0
22770006851000;1;0;1;0,0
22770006852000;4;2;2;0,0
22770006885000;6;2;4;46,2
22770006886000;1;1;0;0,0
22770006910000;2;0;2;0,0
22770006911000;28;13;15;40,6
22770006912000;32;16;16;46,6
22770006913000;6;3;3;34,8
22770006918000;7;4;3;45,7
22770006919000;2;1;1;0,0
22770006966000;1;0;1;0,0
22770006967000;3;2;1;0,0
22770006987000;31;14;17;33,2
22770006988000;4;2;2;0,0
22770007023000;1;1;0;0,0
22770007031000;9;4;5;48,0
22770007033000;8;8;0;42,0
22770007034000;21;10;11;26,5
22770007035000;10;7;3;25,8
22770007036000;34;15;19;42,3
22770007037000;42;27;15;40,7
22770007038000;138;64;74;28,7
22770007039000;1434;699;735;32,0
22770007040000;1193;602;591;36,0
22770007041000;611;300;311;34,7
22770007062000;2;1;1;0,0
22770007079000;14;6;8;35,6
22770007103000;23;13;10;50,5
22770007104000;8;5;3;50,0
22770007110000;14;7;7;32,9
22770007111000;1;1;0;0,0
22770007112000;5;2;3;35,8
22770007126000;30;14;16;38,2
22770007135000;4;4;0;0,0
22770007136000;2;1;1;0,0
22770007141000;1;1;0;0,0
22780006558000;1;1;0;0,0
22780006561000;2;1;1;0,0
22780006562000;21;10;11;56,2
22780006563000;51;29;22;39,2
22780006564000;13;8;5;36,2
22780006565000;9;6;3;39,0
22780006566000;6;4;2;41,5
22780006568000;2;1;1;0,0
22780006569000;24;11;13;43,1
22780006570000;15;7;8;45,8
22780006573000;6;3;3;70,0
22780006574000;61;34;27;38,1
22780006575000;245;118;127;34,2
22780006576000;4;2;2;0,0
22780006577000;1941;1001;940;44,4
22780006578000;3185;1484;1701;49,2
22780006579000;2553;1173;1380;41,2
22780006580000;1222;596;626;42,9
22780006582000;8;3;5;71,9
22780006583000;9;5;4;44,8
22780006584000;10;5;5;50,2
22780006587000;6;4;2;24,5
22780006588000;3;3;0;0,0
22780006589000;1;1;0;0,0
22780006590000;6;3;3;68,8
22780006594000;24;11;13;46,1
22780006595000;21;11;10;49,5
22780006600000;9;5;4;46,2
22780006601000;13;9;4;31,9
22780006602000;33;18;15;43,1
22780006603000;2;1;1;0,0
22780006607000;14;7;7;40,1
22780006608000;24;11;13;39,5
22780006609000;62;36;26;38,2
22780006610000;5;3;2;40,6
22780006611000;34;17;17;31,8
22780006612000;2;1;1;0,0
22780006613000;816;420;396;32,4
22780006614000;478;238;240;38,8
22780006615000;1034;488;546;44,4
22780006616000;7;5;2;19,3
22780006617000;4;3;1;0,0
22780006618000;4;2;2;0,0
22780006619000;17;10;7;47,1
22780006620000;10;6;4;36,6
22780006622000;22;10;12;52,0
22780006625000;3;2;1;0,0
22780006626000;48;27;21;30,4
22780006627000;499;237;262;32,7
22780006628000;297;142;155;30,0
22780006629000;21;12;9;34,5
22780006650000;3114;1543;1571;39,9
22780006651000;827;400;427;43,5
22780006652000;1801;892;909;38,1
22780006653000;2396;1182;1214;39,7
22780006654000;351;176;175;42,2
22780006655000;417;217;200;32,1
22780006656000;2031;1022;1009;32,9
22780006657000;1839;911;928;31,7
22780006658000;2134;1049;1085;43,5
22780006659000;1650;839;811;38,4
22780006660000;38;16;22;41,5
22780006661000;9;4;5;43,6
22780006663000;10;7;3;36,9
22780006665000;492;241;251;33,6
22780006666000;477;246;231;34,2
22780006667000;35;20;15;41,3
22780006668000;43;24;19;35,0
22780006669000;103;53;50;38,1
22780006670000;8;5;3;22,9
22780006671000;6;3;3;34,0
22780006672000;249;124;125;28,8
22780006673000;382;191;191;33,6
22780006674000;59;34;25;37,9
22780006675000;63;38;25;43,1
22780006676000;11;7;4;26,0
22780006677000;22;16;6;37,1
22780006678000;10;6;4;38,4
22780006679000;22;14;8;33,6
22780006680000;82;44;38;35,7
22780006681000;79;42;37;37,1
22780006682000;12;7;5;32,2
22780006683000;4;3;1;0,0
22780006684000;30;18;12;43,9
22780006685000;61;29;32;42,1
22780006686000;29;13;16;33,6
22780006687000;95;47;48;35,6
22780006688000;81;42;39;39,9
22780006698000;6;5;1;40,2
22780006704000;6;2;4;49,5
22780006705000;19;11;8;39,4
22780006707000;19;9;10;35,2
22780006712000;7;4;3;52,4
22780006713000;1;0;1;0,0
22780006715000;1;1;0;0,0
22780006728000;17;9;8;34,9
22780006729000;57;27;30;47,7
22780006730000;186;80;106;51,9
22780006731000;29;15;14;33,4
22780006732000;57;32;25;32,9
22780006733000;23;10;13;49,0
22780006734000;18;10;8;46,1
22780006740000;25;11;14;47,8
22780006741000;83;39;44;39,3
22780006743000;198;94;104;52,8
22780006744000;106;52;54;37,0
22780006745000;45;23;22;42,4
22780006746000;29;13;16;36,9
22780006747000;14;7;7;39,9
22780006748000;10;6;4;31,9
22780006749000;18;8;10;43,3
22780006750000;48;27;21;32,0
22780006751000;6;3;3;50,8
22780006754000;3;2;1;0,0
22780006756000;69;27;42;38,2
22780006757000;377;202;175;39,6
22780006758000;42;26;16;45,0
22780006759000;34;17;17;42,9
22780006760000;197;105;92;39,0
22780006761000;54;27;27;34,6
22780006762000;49;25;24;32,7
22780006763000;5;2;3;20,0
22780006765000;8;4;4;56,6
22780006884000;15;7;8;40,8
22780006885000;9;6;3;54,6
22780006906000;1;0;1;0,0
22780006909000;23;11;12;43,3
22780006910000;46;25;21;42,4
22780006911000;56;31;25;37,7
22780006912000;28;15;13;33,6
22780006913000;102;61;41;33,9
22780006914000;26;14;12;44,8
22780006915000;33;17;16;37,4
22780006916000;22;12;10;33,5
22780006917000;19;8;11;27,9
22780006983000;1;0;1;0,0
22780006986000;9;5;4;32,7
22780006987000;43;22;21;47,7
22780006988000;13;5;8;28,8
22780007030000;4;3;1;0,0
22780007031000;25;12;13;41,8
22780007036000;24;12;12;37,5
22780007037000;22;11;11;36,0
22780007038000;27;15;12;39,9
22780007039000;437;231;206;34,3
22780007040000;169;94;75;43,0
22780007041000;196;93;103;38,2
22780007062000;13;6;7;53,9
22780007063000;4;2;2;0,0
22780007070000;5;3;2;61,8
22780007103000;16;9;7;48,8
22780007104000;6;5;1;58,7
22780007111000;1;1;0;0,0
22780007123000;5;4;1;25,6
22780007124000;4;2;2;0,0
22780007125000;3;1;2;0,0
22780007135000;6;3;3;60,7
22780007137000;11;7;4;41,6
22790006562000;27;12;15;45,0
22790006563000;30;14;16;43,9
22790006564000;143;75;68;44,6
22790006565000;37;17;20;37,8
22790006566000;1;1;0;0,0
22790006567000;23;14;9;47,3
22790006568000;35;16;19;37,1
22790006569000;28;12;16;41,0
22790006571000;4;2;2;0,0
22790006572000;2;1;1;0,0
22790006573000;20;11;9;45,8
22790006574000;113;62;51;39,5
22790006575000;985;503;482;37,6
22790006576000;206;99;107;37,4
22790006577000;919;470;449;38,9
22790006578000;580;294;286;38,6
22790006579000;867;402;465;40,4
22790006580000;726;360;366;41,2
22790006581000;473;225;248;32,4
22790006582000;11;6;5;37,4
22790006583000;13;7;6;43,1
22790006584000;10;5;5;40,2
22790006585000;6;4;2;47,5
22790006589000;13;7;6;39,7
22790006590000;1;1;0;0,0
22790006592000;4;2;2;0,0
22790006593000;13;7;6;38,2
22790006594000;11;5;6;31,5
22790006595000;55;23;32;37,9
22790006598000;6;3;3;54,8
22790006599000;12;8;4;44,8
22790006600000;39;18;21;43,0
22790006601000;38;22;16;40,7
22790006602000;26;15;11;39,3
22790006603000;2;1;1;0,0
22790006604000;7;3;4;19,9
22790006606000;20;11;9;29,0
22790006607000;16;7;9;38,7
22790006608000;47;25;22;38,7
22790006609000;11;6;5;47,4
22790006610000;4;2;2;0,0
22790006611000;19;8;11;44,3
22790006612000;22;15;7;42,4
22790006613000;14;10;4;34,9
22790006614000;318;159;159;42,8
22790006615000;1279;605;674;43,3
22790006616000;19;9;10;36,9
22790006617000;18;7;11;45,8
22790006618000;13;7;6;48,8
22790006619000;6;4;2;35,8
22790006622000;21;11;10;49,2
22790006623000;2;1;1;0,0
22790006625000;9;4;5;48,6
22790006626000;29;13;16;40,8
22790006627000;124;60;64;38,7
22790006628000;15;8;7;41,0
22790006649000;110;58;52;37,0
22790006650000;941;453;488;37,4
22790006651000;1979;997;982;37,3
22790006652000;2060;1021;1039;42,8
22790006653000;4499;2238;2261;44,3
22790006654000;1131;577;554;43,7
22790006655000;751;375;376;33,2
22790006656000;1413;727;686;33,0
22790006657000;183;105;78;39,2
22790006658000;640;333;307;38,5
22790006659000;1888;943;945;39,2
22790006660000;553;274;279;33,1
22790006661000;53;31;22;37,4
22790006662000;14;9;5;42,4
22790006663000;52;26;26;36,8
22790006664000;50;27;23;36,2
22790006665000;841;393;448;47,5
22790006666000;400;218;182;44,5
22790006667000;88;47;41;38,1
22790006668000;52;27;25;39,1
22790006669000;59;29;30;30,9
22790006670000;87;42;45;39,6
22790006671000;37;20;17;43,2
22790006672000;254;130;124;33,8
22790006673000;210;98;112;34,4
22790006674000;21;9;12;40,3
22790006675000;75;48;27;36,3
22790006676000;11;5;6;44,2
22790006677000;34;17;17;41,8
22790006679000;62;36;26;37,8
22790006680000;21;12;9;51,4
22790006681000;41;21;20;46,5
22790006682000;707;321;386;47,4
22790006683000;897;458;439;33,1
22790006684000;100;58;42;38,3
22790006685000;192;97;95;36,2
22790006686000;101;56;45;37,1
22790006687000;71;35;36;40,8
22790006688000;12;10;2;38,8
22790006696000;56;24;32;41,2
22790006697000;92;50;42;44,2
22790006698000;84;44;40;35,8
22790006699000;24;14;10;39,8
22790006705000;4;2;2;0,0
22790006712000;11;5;6;32,7
22790006713000;17;11;6;30,9
22790006728000;3;1;2;0,0
22790006729000;115;60;55;40,7
22790006730000;163;84;79;44,1
22790006731000;22;10;12;40,0
22790006732000;15;10;5;46,9
22790006733000;8;4;4;44,8
22790006739000;42;19;23;39,7
22790006740000;16;8;8;53,7
22790006741000;51;23;28;46,2
22790006742000;64;35;29;62,4
22790006743000;39;16;23;38,6
22790006744000;114;62;52;35,9
22790006745000;31;13;18;46,2
22790006746000;7;6;1;44,9
22790006749000;9;5;4;43,7
22790006753000;6;4;2;39,5
22790006754000;16;10;6;40,9
22790006755000;169;74;95;43,9
22790006756000;598;263;335;45,9
22790006757000;1358;642;716;45,8
22790006758000;875;444;431;42,9
22790006759000;218;109;109;38,4
22790006760000;40;20;20;36,1
22790006761000;30;16;14;41,7
22790006762000;6;3;3;38,3
22790006766000;1;1;0;0,0
22790006837000;1;1;0;0,0
22790006850000;16;10;6;49,1
22790006851000;73;45;28;53,0
22790006884000;47;26;21;39,6
22790006910000;10;3;7;36,4
22790006911000;164;81;83;36,8
22790006912000;57;27;30;33,4
22790006913000;48;28;20;43,6
22790006914000;69;30;39;39,2
22790006915000;27;12;15;43,2
22790006916000;1;1;0;0,0
22790006984000;3;1;2;0,0
22790006985000;21;11;10;38,4
22790006986000;78;38;40;41,2
22790007031000;2;1;1;0,0
22790007036000;27;13;14;40,2
22790007037000;13;8;5;45,1
22790007038000;26;16;10;33,7
22790007040000;17;9;8;47,1
22790007041000;687;344;343;39,6
22790007042000;37;20;17;34,5
22790007069000;14;6;8;43,4
22790007080000;2;1;1;0,0
22790007104000;2;1;1;0,0
22790007123000;4;2;2;0,0
22790007136000;4;1;3;0,0
22790007137000;2;1;1;0,0
22800006562000;8;4;4;49,0
22800006563000;1;0;1;0,0
22800006564000;33;19;14;46,5
22800006565000;153;77;76;40,0
22800006566000;99;50;49;38,6
22800006567000;14;7;7;48,2
22800006568000;26;11;15;32,0
22800006569000;62;32;30;43,6
22800006570000;17;6;11;46,7
22800006571000;4;3;1;0,0
22800006572000;35;21;14;39,7
22800006573000;42;23;19;43,6
22800006574000;102;58;44;36,2
22800006575000;507;245;262;45,3
22800006576000;1678;857;821;36,6
22800006577000;317;161;156;40,0
22800006578000;1024;520;504;39,4
22800006579000;1110;559;551;40,0
22800006580000;124;59;65;39,5
22800006581000;10;5;5;50,2
22800006582000;19;11;8;51,5
22800006583000;22;14;8;32,9
22800006584000;39;22;17;34,3
22800006585000;27;14;13;50,4
22800006586000;3;1;2;0,0
22800006588000;9;6;3;22,2
22800006589000;7;4;3;47,9
22800006590000;13;7;6;31,5
22800006592000;5;3;2;19,8
22800006593000;2;1;1;0,0
22800006595000;5;3;2;70,4
22800006596000;14;9;5;47,1
22800006597000;2;2;0;0,0
22800006598000;9;6;3;44,0
22800006599000;7;4;3;37,7
22800006600000;14;9;5;35,8
22800006601000;5;1;4;35,0
22800006602000;3;2;1;0,0
22800006603000;40;17;23;34,2
22800006604000;25;12;13;40,4
22800006605000;17;9;8;33,3
22800006606000;23;12;11;48,7
22800006607000;20;11;9;29,4
22800006608000;2;1;1;0,0
22800006609000;4;2;2;0,0
22800006610000;24;12;12;39,3
22800006611000;237;123;114;34,0
22800006612000;312;176;136;35,5
22800006613000;55;31;24;38,3
22800006614000;32;15;17;34,7
22800006615000;19;10;9;38,6
22800006616000;17;10;7;30,2
22800006617000;17;9;8;28,6
22800006618000;24;12;12;34,4
22800006619000;43;25;18;41,7
22800006620000;31;14;17;32,2
22800006621000;9;6;3;33,7
22800006622000;19;8;11;34,5
22800006623000;6;3;3;21,8
22800006625000;35;22;13;32,5
22800006626000;34;15;19;41,9
22800006627000;30;17;13;51,9
22800006628000;6;3;3;42,5
22800006643000;68;39;29;32,7
22800006644000;29;12;17;35,6
22800006648000;132;70;62;36,2
22800006649000;498;249;249;43,3
22800006650000;2142;1079;1063;35,7
22800006651000;43;21;22;44,3
22800006652000;2090;1064;1026;36,7
22800006653000;2071;1011;1060;39,2
22800006654000;501;259;242;36,3
22800006655000;30;14;16;51,2
22800006656000;29;20;9;40,8
22800006657000;34;21;13;33,0
22800006658000;6;4;2;34,8
22800006659000;118;67;51;35,2
22800006660000;1331;668;663;33,8
22800006661000;398;197;201;27,0
22800006662000;55;31;24;40,2
22800006663000;102;50;52;38,5
22800006664000;3;2;1;0,0
22800006665000;9;5;4;42,6
22800006666000;45;25;20;44,5
22800006668000;21;12;9;46,3
22800006669000;108;60;48;36,9
22800006670000;83;44;39;45,3
22800006671000;5;4;1;21,4
22800006673000;514;257;257;37,9
22800006674000;100;50;50;38,5
22800006675000;24;14;10;45,0
22800006676000;14;9;5;34,4
22800006677000;48;24;24;31,4
22800006678000;8;7;1;47,5
22800006679000;16;12;4;45,1
22800006680000;52;27;25;34,5
22800006681000;15;9;6;37,8
22800006682000;439;230;209;41,0
22800006683000;569;284;285;38,0
22800006685000;271;138;133;33,0
22800006686000;806;375;431;39,7
22800006687000;692;366;326;36,9
22800006688000;14;9;5;34,6
22800006690000;3;2;1;0,0
22800006695000;72;38;34;44,0
22800006696000;83;39;44;45,0
22800006698000;10;6;4;28,1
22800006699000;4;1;3;0,0
22800006700000;13;7;6;54,5
22800006704000;10;5;5;28,1
22800006711000;57;31;26;45,3
22800006712000;83;47;36;41,6
22800006713000;2;1;1;0,0
22800006728000;32;15;17;34,4
22800006729000;150;80;70;36,8
22800006730000;96;47;49;42,0
22800006731000;19;9;10;38,5
22800006738000;13;5;8;36,7
22800006739000;33;17;16;38,6
22800006740000;23;13;10;32,5
22800006741000;44;22;22;48,6
22800006744000;6;4;2;47,5
22800006745000;17;8;9;34,6
22800006746000;2;1;1;0,0
22800006751000;7;4;3;20,6
22800006752000;5;2;3;49,4
22800006753000;26;15;11;47,5
22800006754000;294;148;146;39,3
22800006755000;1480;727;753;41,2
22800006756000;1029;477;552;49,2
22800006757000;833;380;453;46,2
22800006758000;1351;673;678;36,3
22800006759000;181;105;76;32,9
22800006760000;11;6;5;50,4
22800006761000;10;5;5;49,5
22800006762000;5;3;2;46,2
22800006767000;8;6;2;35,8
22800006835000;1;1;0;0,0
22800006849000;13;7;6;51,0
22800006850000;9;6;3;48,7
22800006851000;12;6;6;53,9
22800006883000;10;4;6;37,3
22800006884000;6;2;4;39,0
22800006893000;5;3;2;48,4
22800006894000;13;8;5;53,5
22800006895000;41;19;22;33,0
22800006896000;49;25;24;44,7
22800006897000;14;9;5;37,1
22800006898000;5;3;2;45,0
22800006904000;8;4;4;47,8
22800006910000;565;269;296;40,1
22800006911000;245;110;135;47,5
22800006912000;115;46;69;57,3
22800006913000;115;50;65;43,0
22800006914000;12;7;5;39,5
22800006918000;6;3;3;40,8
22800006984000;7;3;4;46,6
22800006985000;32;15;17;46,1
22800006986000;51;26;25;36,6
22800007035000;8;4;4;39,4
22800007037000;1;1;0;0,0
22800007038000;6;3;3;29,0
22800007040000;9;3;6;29,6
22800007041000;1791;904;887;36,7
22800007042000;606;312;294;35,8
22800007063000;9;5;4;60,8
22800007064000;15;8;7;24,4
22800007068000;8;4;4;34,8
22800007069000;13;7;6;47,6
22800007081000;13;8;5;41,3
22800007105000;21;10;11;41,9
22800007106000;7;5;2;41,6
22800007107000;2;1;1;0,0
22800007113000;8;4;4;57,6
22800007114000;6;3;3;17,0
22800007123000;16;7;9;39,3
22800007124000;3;2;1;0,0
22800007139000;33;15;18;47,9
22800007140000;168;85;83;44,8
22800007141000;45;24;21;45,3
22800007143000;7;3;4;58,1
22810006560000;2;1;1;0,0
22810006561000;2;1;1;0,0
22810006562000;5;4;1;66,0
22810006563000;14;8;6;41,6
22810006564000;2;1;1;0,0
22810006567000;162;85;77;40,9
22810006568000;190;97;93;39,7
22810006569000;35;20;15;37,5
22810006570000;39;18;21;35,6
22810006571000;13;6;7;44,5
22810006572000;3;1;2;0,0
22810006574000;530;262;268;42,9
22810006575000;1466;720;746;41,7
22810006576000;1400;684;716;39,1
22810006577000;8;5;3;41,5
22810006578000;16;7;9;47,3
22810006579000;105;53;52;38,6
22810006580000;201;106;95;41,3
22810006581000;488;237;251;41,6
22810006582000;37;18;19;36,1
22810006583000;31;15;16;34,9
22810006584000;31;17;14;32,4
22810006585000;11;7;4;50,9
22810006586000;35;18;17;33,8
22810006587000;5;3;2;56,0
22810006588000;232;116;116;33,7
22810006589000;7;4;3;37,3
22810006590000;4;3;1;0,0
22810006593000;12;6;6;32,2
22810006594000;7;3;4;25,4
22810006595000;24;14;10;41,4
22810006596000;13;8;5;39,1
22810006597000;59;32;27;41,0
22810006598000;13;6;7;33,0
22810006599000;24;15;9;40,9
22810006600000;26;16;10;32,3
22810006601000;7;4;3;29,9
22810006603000;14;6;8;32,1
22810006604000;40;20;20;33,5
22810006605000;13;9;4;37,5
22810006606000;54;30;24;39,9
22810006607000;4;3;1;0,0
22810006608000;9;5;4;60,6
22810006609000;13;7;6;44,1
22810006610000;44;22;22;37,2
22810006611000;243;135;108;34,9
22810006612000;447;233;214;34,7
22810006613000;353;175;178;35,4
22810006614000;4;2;2;0,0
22810006615000;22;10;12;26,1
22810006616000;15;6;9;28,5
22810006617000;27;16;11;40,9
22810006618000;3;2;1;0,0
22810006619000;20;12;8;41,4
22810006620000;3;1;2;0,0
22810006621000;5;3;2;55,2
22810006622000;2;1;1;0,0
22810006624000;2;1;1;0,0
22810006625000;10;5;5;45,0
22810006626000;25;15;10;39,6
22810006627000;32;16;16;48,3
22810006628000;7;3;4;52,7
22810006630000;4;3;1;0,0
22810006632000;25;13;12;44,3
22810006633000;2;1;1;0,0
22810006641000;130;73;57;42,2
22810006642000;615;316;299;36,1
22810006643000;312;158;154;35,4
22810006644000;69;37;32;40,3
22810006645000;43;29;14;38,2
22810006646000;577;286;291;32,9
22810006647000;1030;521;509;28,0
22810006648000;259;127;132;37,8
22810006649000;13;7;6;50,4
22810006655000;6;4;2;35,5
22810006657000;406;202;204;33,7
22810006658000;101;49;52;31,7
22810006659000;8;5;3;38,5
22810006660000;171;95;76;33,5
22810006661000;1071;543;528;29,4
22810006662000;4;1;3;0,0
22810006663000;21;11;10;50,1
22810006664000;8;4;4;37,8
22810006665000;12;7;5;30,0
22810006666000;94;57;37;43,2
22810006667000;56;34;22;32,2
22810006668000;18;8;10;48,4
22810006669000;45;21;24;41,0
22810006670000;7;3;4;40,4
22810006671000;20;11;9;41,4
22810006672000;107;62;45;38,5
22810006673000;28;16;12;41,2
22810006674000;21;13;8;33,7
22810006675000;6;3;3;20,3
22810006676000;12;7;5;33,0
22810006678000;39;19;20;40,8
22810006679000;40;22;18;42,7
22810006680000;7;5;2;30,0
22810006682000;2;1;1;0,0
22810006683000;18;9;9;30,3
22810006684000;4;2;2;0,0
22810006685000;39;21;18;36,4
22810006686000;519;245;274;36,0
22810006687000;740;373;367;35,8
22810006688000;3;1;2;0,0
22810006689000;6;3;3;29,8
22810006690000;16;10;6;33,2
22810006691000;11;5;6;36,0
22810006695000;1;1;0;0,0
22810006700000;19;11;8;55,5
22810006701000;25;12;13;44,9
22810006703000;49;25;24;33,1
22810006704000;123;69;54;45,0
22810006706000;2;0;2;0,0
22810006707000;38;20;18;50,5
22810006708000;14;7;7;42,6
22810006709000;13;7;6;41,1
22810006710000;63;30;33;38,1
22810006711000;70;35;35;42,6
22810006712000;42;23;19;53,3
22810006728000;10;6;4;32,5
22810006729000;217;107;110;34,4
22810006730000;68;35;33;44,9
22810006737000;1;1;0;0,0
22810006738000;13;7;6;33,1
22810006739000;10;7;3;42,7
22810006740000;6;3;3;32,5
22810006741000;20;11;9;30,6
22810006742000;12;5;7;32,2
22810006750000;66;31;35;35,5
22810006751000;44;20;24;47,0
22810006752000;54;30;24;35,4
22810006753000;45;24;21;33,5
22810006754000;186;91;95;35,3
22810006755000;332;152;180;42,0
22810006756000;50;36;14;36,1
22810006757000;153;84;69;36,2
22810006758000;363;185;178;37,5
22810006759000;134;65;69;39,0
22810006760000;39;24;15;28,8
22810006761000;9;6;3;45,9
22810006762000;33;16;17;35,6
22810006763000;29;15;14;35,4
22810006764000;49;27;22;33,3
22810006765000;16;9;7;52,4
22810006766000;17;8;9;27,5
22810006768000;2;1;1;0,0
22810006769000;5;4;1;46,6
22810006838000;6;2;4;26,8
22810006841000;10;7;3;62,3
22810006849000;4;2;2;0,0
22810006850000;2;1;1;0,0
22810006859000;2;1;1;0,0
22810006861000;2;1;1;0,0
22810006882000;5;3;2;19,0
22810006883000;5;0;5;26,6
22810006891000;4;2;2;0,0
22810006892000;22;11;11;33,1
22810006893000;69;34;35;41,1
22810006894000;26;12;14;51,5
22810006895000;36;19;17;41,0
22810006896000;31;17;14;42,3
22810006897000;5;1;4;56,0
22810006910000;263;137;126;32,7
22810006911000;816;386;430;41,9
22810006912000;318;156;162;43,5
22810006913000;64;30;34;39,4
22810006920000;3;2;1;0,0
22810006977000;1;1;0;0,0
22810006980000;13;6;7;43,7
22810006981000;19;10;9;44,6
22810006982000;29;14;15;36,4
22810006983000;11;5;6;48,4
22810006987000;3;2;1;0,0
22810006988000;13;8;5;34,1
22810007030000;4;2;2;0,0
22810007031000;2;2;0;0,0
22810007032000;4;2;2;0,0
22810007035000;11;6;5;48,6
22810007037000;13;6;7;38,8
22810007039000;38;21;17;38,8
22810007040000;20;10;10;35,7
22810007041000;1176;575;601;39,5
22810007042000;16;9;7;36,3
22810007056000;2;1;1;0,0
22810007057000;19;4;15;50,3
22810007066000;20;11;9;38,9
22810007067000;67;36;31;31,6
22810007068000;33;13;20;37,6
22810007069000;47;26;21;42,9
22810007070000;1;1;0;0,0
22810007081000;9;6;3;44,2
22810007082000;1;1;0;0,0
22810007097000;11;5;6;44,0
22810007098000;3;1;2;0,0
22810007106000;8;5;3;55,0
22810007107000;22;9;13;44,8
22810007115000;3;2;1;0,0
22810007122000;1;0;1;0,0
22810007138000;6;3;3;42,2
22810007139000;5;2;3;39,2
22810007140000;65;36;29;35,0
22810007141000;16;8;8;44,6
22810007142000;3;1;2;0,0
22810007143000;24;14;10;47,9
22810007144000;7;5;2;57,1
22820006556000;1;0;1;0,0
22820006559000;5;2;3;40,0
22820006561000;38;20;18;46,3
22820006562000;18;10;8;33,5
22820006563000;96;49;47;41,8
22820006564000;8;4;4;27,1
22820006565000;6;2;4;50,7
22820006566000;9;6;3;33,8
22820006567000;230;114;116;42,8
22820006568000;273;146;127;37,4
22820006569000;881;459;422;38,5
22820006570000;174;88;86;36,4
22820006571000;25;14;11;44,4
22820006572000;3;2;1;0,0
22820006573000;453;234;219;43,4
22820006574000;1174;582;592;39,2
22820006575000;1012;474;538;39,9
22820006576000;902;481;421;35,0
22820006577000;117;56;61;41,6
22820006578000;4;1;3;0,0
22820006583000;21;12;9;38,5
22820006584000;145;67;78;41,6
22820006585000;85;42;43;45,4
22820006586000;44;23;21;30,7
22820006587000;12;6;6;49,6
22820006588000;87;43;44;34,0
22820006589000;10;4;6;43,1
22820006591000;20;12;8;46,4
22820006592000;12;4;8;33,8
22820006593000;6;5;1;47,8
22820006594000;19;11;8;47,2
22820006595000;47;27;20;42,1
22820006596000;42;22;20;34,5
22820006597000;37;20;17;37,4
22820006598000;1047;497;550;39,3
22820006599000;542;271;271;40,5
22820006600000;17;9;8;37,0
22820006601000;39;22;17;33,9
22820006602000;14;7;7;51,8
22820006603000;40;17;23;33,5
22820006604000;23;12;11;27,4
22820006605000;57;29;28;37,7
22820006606000;1;1;0;0,0
22820006607000;26;12;14;42,7
22820006608000;49;28;21;35,0
22820006609000;17;11;6;52,1
22820006610000;541;275;266;37,9
22820006611000;1450;745;705;38,3
22820006612000;269;144;125;41,0
22820006613000;12;5;7;50,6
22820006614000;10;6;4;33,6
22820006615000;3;1;2;0,0
22820006617000;50;26;24;35,3
22820006618000;17;9;8;46,7
22820006619000;15;8;7;31,2
22820006620000;14;7;7;31,0
22820006621000;2;2;0;0,0
22820006625000;5;3;2;46,0
22820006626000;15;9;6;40,3
22820006627000;12;5;7;29,7
22820006628000;3;1;2;0,0
22820006630000;14;8;6;32,7
22820006631000;87;45;42;37,8
22820006632000;212;105;107;38,4
22820006633000;5;2;3;57,8
22820006639000;206;105;101;34,4
22820006640000;19;9;10;35,9
22820006641000;9;5;4;35,1
22820006644000;8;6;2;43,9
22820006645000;28;15;13;24,7
22820006646000;152;87;65;32,2
22820006647000;40;17;23;32,9
22820006651000;266;148;118;38,7
22820006652000;29;17;12;44,9
22820006653000;37;20;17;31,2
22820006654000;15;8;7;31,9
22820006655000;26;14;12;30,5
22820006656000;326;163;163;38,4
22820006657000;457;222;235;38,1
22820006658000;98;53;45;36,6
22820006659000;18;11;7;38,7
22820006660000;706;341;365;40,9
22820006661000;5;3;2;38,2
22820006662000;7;4;3;44,3
22820006665000;53;27;26;38,4
22820006666000;62;31;31;37,1
22820006667000;88;53;35;37,0
22820006668000;91;54;37;33,0
22820006669000;76;50;26;36,4
22820006670000;84;48;36;34,6
22820006671000;16;9;7;28,4
22820006672000;27;11;16;36,0
22820006675000;24;13;11;26,2
22820006676000;8;3;5;54,8
22820006677000;14;8;6;52,5
22820006679000;111;84;27;38,2
22820006680000;17;7;10;37,9
22820006681000;136;79;57;35,5
22820006682000;65;38;27;39,2
22820006683000;77;37;40;44,2
22820006685000;24;15;9;39,7
22820006686000;54;25;29;42,0
22820006687000;39;21;18;35,8
22820006688000;7;4;3;52,4
22820006689000;25;12;13;37,7
22820006693000;14;6;8;42,4
22820006694000;20;11;9;34,9
22820006697000;4;2;2;0,0
22820006699000;3;2;1;0,0
22820006701000;5;1;4;42,8
22820006702000;30;16;14;39,9
22820006703000;36;17;19;49,2
22820006704000;68;29;39;41,0
22820006705000;24;16;8;49,9
22820006706000;33;16;17;47,7
22820006707000;113;61;52;39,8
22820006708000;73;36;37;31,6
22820006709000;14;6;8;51,9
22820006710000;22;12;10;39,8
22820006711000;2;1;1;0,0
22820006728000;16;9;7;32,8
22820006729000;98;47;51;43,3
22820006730000;20;8;12;38,0
22820006738000;8;3;5;31,0
22820006739000;11;5;6;57,8
22820006740000;45;25;20;45,5
22820006741000;33;18;15;45,2
22820006749000;194;102;92;35,5
22820006750000;46;26;20;37,5
22820006751000;45;23;22;31,4
22820006752000;33;14;19;42,4
22820006753000;103;50;53;34,7
22820006754000;24;11;13;35,7
22820006755000;18;8;10;43,7
22820006756000;7;4;3;49,4
22820006757000;13;9;4;38,7
22820006758000;52;22;30;43,6
22820006759000;99;43;56;39,1
22820006760000;42;20;22;29,2
22820006761000;47;22;25;38,7
22820006762000;62;30;32;37,0
22820006763000;65;35;30;35,4
22820006764000;15;8;7;37,5
22820006766000;12;8;4;41,6
22820006767000;11;6;5;35,3
22820006837000;1;1;0;0,0
22820006838000;11;6;5;38,7
22820006839000;9;6;3;38,3
22820006840000;12;7;5;31,1
22820006842000;8;4;4;44,5
22820006843000;2;2;0;0,0
22820006844000;5;2;3;43,2
22820006847000;4;1;3;0,0
22820006862000;6;3;3;63,0
22820006881000;2;1;1;0,0
22820006889000;4;1;3;0,0
22820006890000;2;1;1;0,0
22820006891000;15;8;7;36,9
22820006892000;16;9;7;47,9
22820006893000;14;8;6;38,1
22820006911000;44;22;22;27,0
22820006912000;113;62;51;39,3
22820006913000;25;14;11;48,0
22820006914000;29;16;13;48,1
22820006938000;6;4;2;35,3
22820006984000;6;5;1;29,3
22820006987000;22;12;10;46,4
22820006988000;39;20;19;40,8
22820007023000;4;1;3;0,0
22820007024000;31;20;11;26,8
22820007030000;2;1;1;0,0
22820007031000;8;4;4;54,6
22820007036000;37;22;15;29,9
22820007037000;15;8;7;36,3
22820007038000;36;19;17;35,9
22820007039000;31;17;14;38,5
22820007040000;23;14;9;42,5
22820007041000;1912;970;942;37,5
22820007042000;130;72;58;42,1
22820007057000;19;10;9;43,1
22820007058000;8;5;3;39,0
22820007066000;14;7;7;25,1
22820007067000;328;167;161;41,8
22820007068000;87;45;42;44,0
22820007069000;147;72;75;39,2
22820007070000;8;4;4;56,4
22820007071000;5;3;2;53,6
22820007072000;24;15;9;40,0
22820007077000;2;1;1;0,0
22820007082000;8;7;1;61,5
22820007107000;5;3;2;32,6
22820007115000;12;9;3;37,3
22820007116000;22;10;12;39,3
22820007117000;7;2;5;41,9
22820007137000;29;13;16;44,3
22820007138000;19;11;8;51,4
22820007143000;2;2;0;0,0
22820007148000;41;18;23;38,9
22820007149000;20;9;11;49,1
22830006556000;73;34;39;52,0
22830006557000;17;6;11;50,1
22830006558000;11;5;6;30,5
22830006559000;2;1;1;0,0
22830006560000;4;2;2;0,0
22830006561000;15;8;7;48,9
22830006562000;3;2;1;0,0
22830006565000;18;9;9;45,2
22830006566000;8;4;4;53,9
22830006567000;53;34;19;32,6
22830006568000;93;45;48;39,8
22830006569000;153;67;86;33,7
22830006570000;4;3;1;0,0
22830006571000;4;3;1;0,0
22830006572000;22;11;11;43,5
22830006573000;169;94;75;44,4
22830006575000;7;4;3;32,0
22830006576000;323;166;157;32,6
22830006577000;154;75;79;31,3
22830006578000;31;17;14;37,4
22830006579000;15;9;6;37,0
22830006580000;31;14;17;35,6
22830006581000;2;1;1;0,0
22830006582000;10;4;6;43,3
22830006584000;14;6;8;43,9
22830006585000;57;32;25;33,9
22830006586000;4;2;2;0,0
22830006588000;2;1;1;0,0
22830006589000;39;19;20;37,6
22830006590000;26;14;12;36,8
22830006591000;4;2;2;0,0
22830006592000;15;7;8;39,0
22830006594000;33;15;18;41,2
22830006595000;41;22;19;36,0
22830006596000;32;16;16;30,4
22830006597000;68;35;33;34,8
22830006598000;106;46;60;55,4
22830006599000;54;28;26;38,9
22830006600000;10;5;5;32,3
22830006601000;13;5;8;30,2
22830006602000;26;13;13;37,4
22830006603000;13;6;7;44,5
22830006604000;32;15;17;35,3
22830006605000;49;28;21;36,4
22830006606000;27;10;17;23,0
22830006607000;93;47;46;36,8
22830006608000;20;13;7;45,8
22830006609000;76;37;39;43,2
22830006610000;1165;531;634;42,9
22830006611000;1699;777;922;48,1
22830006612000;449;230;219;40,8
22830006613000;23;11;12;32,9
22830006614000;18;7;11;35,3
22830006615000;46;21;25;32,2
22830006616000;63;34;29;30,6
22830006617000;41;20;21;38,5
22830006618000;15;9;6;39,5
22830006619000;18;6;12;30,6
22830006620000;33;21;12;42,0
22830006621000;1;1;0;0,0
22830006623000;4;1;3;0,0
22830006624000;6;2;4;36,7
22830006625000;7;4;3;32,7
22830006627000;3;3;0;0,0
22830006628000;16;7;9;47,6
22830006629000;37;14;23;37,3
22830006630000;119;62;57;38,1
22830006631000;280;128;152;48,3
22830006632000;23;11;12;37,1
22830006633000;13;6;7;44,8
22830006638000;802;377;425;32,0
22830006639000;1758;925;833;36,8
22830006640000;7;2;5;47,6
22830006647000;63;37;26;43,1
22830006648000;145;70;75;35,8
22830006649000;158;81;77;39,9
22830006650000;340;162;178;40,6
22830006651000;147;76;71;36,7
22830006652000;86;45;41;43,8
22830006653000;34;18;16;39,8
22830006655000;31;14;17;46,4
22830006656000;146;70;76;37,2
22830006657000;10;4;6;45,7
22830006658000;29;15;14;39,3
22830006659000;30;15;15;46,3
22830006660000;485;243;242;37,1
22830006661000;141;70;71;36,6
22830006662000;123;75;48;41,1
22830006663000;44;27;17;47,2
22830006664000;9;3;6;35,7
22830006665000;11;8;3;45,5
22830006666000;30;15;15;28,2
22830006667000;15;8;7;47,9
22830006668000;2;1;1;0,0
22830006671000;18;10;8;35,7
22830006672000;31;16;15;44,3
22830006673000;31;25;6;42,0
22830006674000;28;12;16;34,4
22830006675000;7;3;4;26,6
22830006676000;8;5;3;48,6
22830006677000;4;1;3;0,0
22830006678000;1;1;0;0,0
22830006682000;34;18;16;32,1
22830006683000;13;7;6;42,9
22830006684000;24;14;10;31,8
22830006685000;16;11;5;45,6
22830006686000;17;8;9;49,9
22830006687000;12;8;4;48,8
22830006688000;31;16;15;37,2
22830006689000;48;23;25;37,8
22830006690000;9;6;3;49,6
22830006698000;2;1;1;0,0
22830006699000;3;2;1;0,0
22830006700000;20;12;8;41,8
22830006701000;11;4;7;43,1
22830006702000;5;3;2;54,0
22830006703000;139;71;68;42,4
22830006704000;72;35;37;43,7
22830006705000;100;42;58;58,2
22830006706000;360;176;184;44,9
22830006707000;160;76;84;32,9
22830006708000;23;14;9;30,0
22830006709000;36;17;19;34,9
22830006710000;11;8;3;56,1
22830006712000;9;5;4;30,2
22830006713000;6;1;5;31,2
22830006728000;14;7;7;45,4
22830006729000;50;27;23;47,8
22830006746000;13;5;8;54,5
22830006747000;270;129;141;43,2
22830006748000;452;211;241;40,7
22830006749000;75;41;34;39,9
22830006750000;86;44;42;46,8
22830006751000;53;29;24;40,7
22830006752000;27;14;13;47,0
22830006753000;280;138;142;47,5
22830006754000;44;27;17;33,7
22830006755000;89;40;49;38,2
22830006756000;23;13;10;43,2
22830006757000;23;14;9;37,3
22830006758000;10;4;6;36,0
22830006759000;24;14;10;37,9
22830006760000;31;19;12;37,3
22830006761000;39;20;19;38,2
22830006762000;27;9;18;38,7
22830006763000;53;27;26;31,1
22830006764000;19;7;12;33,6
22830006765000;20;10;10;37,2
22830006766000;1;1;0;0,0
22830006837000;2;1;1;0,0
22830006838000;2;1;1;0,0
22830006843000;2;1;1;0,0
22830006862000;9;5;4;18,7
22830006863000;5;3;2;67,2
22830006880000;2;0;2;0,0
22830006889000;7;3;4;54,3
22830006890000;5;3;2;41,0
22830006912000;10;6;4;34,8
22830006913000;32;18;14;40,6
22830006914000;13;7;6;56,8
22830006987000;123;63;60;43,3
22830006988000;44;17;27;60,9
22830006989000;5;3;2;55,2
22830007023000;7;4;3;57,6
22830007024000;60;30;30;28,6
22830007025000;7;4;3;28,7
22830007034000;7;3;4;54,9
22830007036000;10;4;6;52,7
22830007037000;22;11;11;41,6
22830007039000;85;43;42;37,0
22830007040000;31;15;16;42,7
22830007041000;358;183;175;39,1
22830007042000;63;35;28;42,1
22830007053000;14;8;6;51,8
22830007054000;3;2;1;0,0
22830007057000;3;2;1;0,0
22830007058000;5;1;4;17,2
22830007067000;244;106;138;56,7
22830007068000;232;108;124;42,4
22830007069000;91;43;48;42,2
22830007070000;23;14;9;35,0
22830007071000;22;13;9;40,0
22830007072000;20;10;10;29,4
22830007077000;2;0;2;0,0
22830007082000;2;1;1;0,0
22830007117000;13;7;6;48,4
22830007118000;9;4;5;29,3
22830007119000;11;8;3;43,5
22830007136000;9;4;5;46,1
22830007137000;141;65;76;49,8
22830007138000;42;21;21;45,8
22830007139000;6;3;3;33,8
22830007142000;8;6;2;40,1
22830007149000;16;8;8;23,8
22840006556000;256;131;125;40,8
22840006557000;193;107;86;30,4
22840006558000;16;9;7;33,7
22840006560000;1;1;0;0,0
22840006561000;8;6;2;52,1
22840006562000;59;33;26;40,1
22840006563000;32;19;13;38,2
22840006564000;13;7;6;37,9
22840006565000;24;11;13;36,6
22840006566000;29;14;15;37,9
22840006567000;7;5;2;45,1
22840006568000;8;4;4;36,9
22840006569000;30;16;14;34,4
22840006570000;10;6;4;55,9
22840006571000;6;4;2;56,5
22840006572000;9;4;5;53,7
22840006573000;17;7;10;39,4
22840006574000;18;7;11;35,2
22840006575000;1;1;0;0,0
22840006577000;2;1;1;0,0
22840006578000;49;28;21;39,9
22840006579000;320;167;153;34,9
22840006580000;213;110;103;37,5
22840006581000;18;11;7;35,8
22840006582000;29;14;15;40,8
22840006583000;9;5;4;53,1
22840006584000;6;2;4;35,7
22840006585000;5;2;3;47,4
22840006586000;55;28;27;37,9
22840006587000;3;2;1;0,0
22840006588000;21;13;8;36,1
22840006589000;13;7;6;39,6
22840006590000;3;2;1;0,0
22840006591000;12;4;8;43,2
22840006592000;11;6;5;43,6
22840006593000;2;1;1;0,0
22840006595000;7;5;2;28,9
22840006596000;27;16;11;41,8
22840006597000;34;17;17;33,4
22840006598000;60;29;31;30,3
22840006599000;38;16;22;32,2
22840006600000;29;14;15;39,8
22840006601000;47;23;24;35,9
22840006602000;14;7;7;34,9
22840006603000;60;30;30;35,4
22840006604000;28;11;17;35,2
22840006605000;16;9;7;30,3
22840006606000;19;12;7;35,3
22840006607000;35;20;15;44,1
22840006608000;3;1;2;0,0
22840006609000;249;113;136;37,0
22840006610000;1530;754;776;37,7
22840006611000;2247;1103;1144;40,1
22840006612000;1893;953;940;39,8
22840006613000;240;130;110;40,0
22840006614000;26;14;12;27,9
22840006615000;6;3;3;60,2
22840006616000;4;3;1;0,0
22840006617000;8;4;4;56,0
22840006619000;4;2;2;0,0
22840006620000;33;18;15;32,2
22840006624000;21;12;9;35,9
22840006625000;10;7;3;31,8
22840006626000;4;1;3;0,0
22840006627000;14;7;7;47,4
22840006628000;82;43;39;39,0
22840006629000;11;8;3;39,1
22840006630000;85;43;42;38,0
22840006631000;204;100;104;38,3
22840006632000;23;12;11;37,3
22840006633000;6;4;2;20,7
22840006636000;9;6;3;33,2
22840006637000;15;8;7;44,4
22840006638000;727;373;354;33,4
22840006639000;249;129;120;37,5
22840006648000;294;146;148;37,8
22840006649000;1056;503;553;41,9
22840006650000;601;307;294;38,7
22840006651000;355;175;180;35,8
22840006653000;8;4;4;36,1
22840006655000;13;7;6;46,4
22840006656000;18;9;9;42,7
22840006658000;33;16;17;27,3
22840006659000;40;20;20;35,5
22840006660000;18;9;9;40,9
22840006661000;813;438;375;31,9
22840006662000;70;33;37;40,4
22840006663000;26;14;12;38,0
22840006664000;616;300;316;38,3
22840006665000;1449;732;717;33,8
22840006666000;1512;761;751;37,7
22840006667000;258;131;127;37,7
22840006668000;17;7;10;41,4
22840006669000;12;5;7;46,6
22840006670000;15;11;4;44,1
22840006671000;12;8;4;43,1
22840006672000;12;4;8;45,9
22840006673000;38;17;21;37,3
22840006674000;90;40;50;40,9
22840006675000;444;238;206;36,5
22840006676000;13;6;7;37,8
22840006685000;6;3;3;49,5
22840006686000;9;3;6;37,2
22840006687000;33;16;17;45,8
22840006688000;1;1;0;0,0
22840006695000;4;1;3;0,0
22840006702000;26;13;13;29,9
22840006703000;2;1;1;0,0
22840006704000;25;13;12;44,1
22840006705000;51;21;30;41,5
22840006706000;7;3;4;26,7
22840006710000;17;11;6;47,6
22840006716000;1;1;0;0,0
22840006728000;22;11;11;54,2
22840006729000;48;25;23;51,3
22840006746000;786;398;388;42,9
22840006747000;2775;1208;1567;46,8
22840006748000;1775;857;918;44,2
22840006749000;47;25;22;41,3
22840006750000;30;14;16;42,7
22840006751000;47;26;21;33,7
22840006752000;356;188;168;33,9
22840006753000;12;6;6;50,2
22840006754000;76;38;38;35,4
22840006755000;126;69;57;34,4
22840006756000;88;42;46;40,1
22840006757000;26;11;15;33,4
22840006758000;18;11;7;30,2
22840006759000;5;1;4;45,6
22840006760000;33;19;14;46,4
22840006761000;119;62;57;35,8
22840006762000;19;13;6;41,4
22840006763000;4;2;2;0,0
22840006863000;1;0;1;0,0
22840006865000;5;3;2;44,8
22840006866000;11;6;5;41,5
22840006867000;1;1;0;0,0
22840006868000;1;0;1;0,0
22840006875000;2;2;0;0,0
22840006880000;5;3;2;56,8
22840006911000;6;4;2;40,2
22840006913000;11;7;4;41,1
22840006914000;60;31;29;41,5
22840006915000;4;3;1;0,0
22840006916000;3;1;2;0,0
22840006917000;26;18;8;35,3
22840006927000;12;7;5;37,1
22840006928000;32;14;18;34,0
22840006987000;86;42;44;36,6
22840007026000;2;1;1;0,0
22840007036000;1;1;0;0,0
22840007038000;44;25;19;27,9
22840007039000;24;13;11;39,7
22840007040000;109;57;52;35,1
22840007041000;70;37;33;38,8
22840007053000;35;16;19;51,0
22840007054000;49;27;22;38,0
22840007067000;13;9;4;30,8
22840007068000;175;84;91;41,4
22840007069000;129;61;68;39,2
22840007070000;24;14;10;31,4
22840007071000;26;14;12;35,7
22840007072000;59;30;29;44,5
22840007073000;3;2;1;0,0
22840007078000;19;9;10;32,9
22840007079000;7;4;3;53,3
22840007121000;2;2;0;0,0
22840007136000;10;5;5;25,9
22840007137000;11;6;5;59,5
22840007149000;4;1;3;0,0
22850006556000;1;0;1;0,0
22850006557000;16;8;8;54,2
22850006558000;11;7;4;43,3
22850006559000;9;4;5;46,7
22850006560000;14;7;7;52,1
22850006561000;28;16;12;37,1
22850006562000;18;10;8;39,3
22850006563000;46;21;25;46,4
22850006564000;3;2;1;0,0
22850006566000;1;1;0;0,0
22850006567000;1;1;0;0,0
22850006568000;12;5;7;26,3
22850006569000;14;6;8;44,4
22850006570000;17;10;7;39,2
22850006571000;9;4;5;39,8
22850006572000;28;16;12;37,8
22850006573000;14;12;2;30,4
22850006574000;41;20;21;44,4
22850006576000;3;2;1;0,0
22850006578000;7;3;4;39,3
22850006579000;47;23;24;38,6
22850006580000;166;79;87;34,9
22850006581000;31;17;14;37,3
22850006582000;2;1;1;0,0
22850006583000;3;2;1;0,0
22850006586000;17;9;8;29,7
22850006587000;28;15;13;39,8
22850006588000;74;37;37;39,8
22850006591000;1;1;0;0,0
22850006592000;27;11;16;39,4
22850006593000;2;1;1;0,0
22850006594000;17;8;9;37,9
22850006595000;1;1;0;0,0
22850006597000;5;2;3;23,4
22850006598000;17;10;7;41,8
22850006599000;22;10;12;32,8
22850006600000;14;5;9;33,9
22850006601000;14;5;9;30,0
22850006602000;82;53;29;35,1
22850006603000;24;14;10;41,2
22850006604000;7;4;3;50,6
22850006605000;8;4;4;45,5
22850006606000;27;17;10;43,6
22850006607000;12;6;6;31,6
22850006608000;9;4;5;45,3
22850006609000;18;8;10;51,4
22850006610000;24;13;11;39,3
22850006611000;340;176;164;39,4
22850006612000;615;303;312;37,7
22850006613000;41;21;20;44,1
22850006614000;32;19;13;35,6
22850006615000;51;23;28;40,3
22850006616000;12;5;7;39,8
22850006617000;4;2;2;0,0
22850006618000;10;5;5;36,8
22850006619000;8;6;2;34,0
22850006620000;14;8;6;41,8
22850006623000;1;1;0;0,0
22850006624000;11;8;3;52,5
22850006625000;23;11;12;24,1
22850006626000;19;10;9;43,8
22850006627000;7;4;3;39,1
22850006628000;31;16;15;36,0
22850006629000;19;10;9;32,6
22850006630000;47;25;22;40,7
22850006631000;3;2;1;0,0
22850006632000;26;15;11;38,9
22850006633000;49;29;20;39,2
22850006634000;24;14;10;43,0
22850006635000;51;29;22;42,2
22850006636000;45;28;17;50,0
22850006637000;55;26;29;48,6
22850006638000;61;31;30;34,8
22850006646000;8;5;3;31,1
22850006647000;62;35;27;37,9
22850006648000;178;93;85;42,3
22850006649000;765;385;380;47,2
22850006650000;1061;540;521;37,9
22850006651000;761;393;368;31,5
22850006652000;14;7;7;44,8
22850006654000;3;2;1;0,0
22850006655000;13;8;5;44,3
22850006656000;2;1;1;0,0
22850006658000;1024;525;499;30,7
22850006659000;245;143;102;35,9
22850006660000;1;1;0;0,0
22850006661000;34;18;16;33,4
22850006662000;12;8;4;48,1
22850006663000;52;28;24;36,4
22850006664000;150;74;76;44,1
22850006665000;1770;847;923;37,2
22850006666000;1007;503;504;37,4
22850006667000;364;182;182;37,1
22850006668000;53;30;23;43,0
22850006669000;31;20;11;37,8
22850006670000;43;27;16;38,8
22850006671000;3;1;2;0,0
22850006672000;3;2;1;0,0
22850006674000;1096;570;526;33,2
22850006675000;638;334;304;33,1
22850006676000;14;11;3;35,3
22850006681000;4;2;2;0,0
22850006687000;5;3;2;52,0
22850006688000;14;6;8;28,3
22850006689000;6;4;2;30,5
22850006716000;1;1;0;0,0
22850006727000;5;1;4;19,4
22850006728000;56;28;28;42,6
22850006729000;2;1;1;0,0
22850006746000;2249;1087;1162;45,8
22850006747000;2188;1098;1090;38,6
22850006748000;1382;691;691;41,9
22850006749000;548;274;274;39,6
22850006750000;100;50;50;34,3
22850006751000;217;109;108;33,1
22850006752000;127;67;60;32,5
22850006753000;46;20;26;39,7
22850006754000;235;118;117;36,9
22850006755000;145;69;76;31,9
22850006756000;20;12;8;31,2
22850006757000;13;7;6;52,8
22850006758000;14;7;7;43,2
22850006760000;19;12;7;39,2
22850006761000;54;29;25;27,8
22850006762000;17;10;7;45,4
22850006763000;6;3;3;44,3
22850006840000;1;1;0;0,0
22850006877000;1;0;1;0,0
22850006915000;15;9;6;56,5
22850006916000;2;1;1;0,0
22850006917000;10;6;4;44,0
22850006918000;24;10;14;36,3
22850006925000;8;4;4;26,4
22850006926000;18;7;11;25,5
22850006927000;41;25;16;44,7
22850006928000;15;8;7;43,1
22850006977000;3;2;1;0,0
22850006986000;9;7;2;44,1
22850007038000;31;19;12;39,8
22850007039000;25;15;10;45,5
22850007040000;197;107;90;40,3
22850007041000;135;64;71;36,5
22850007053000;24;12;12;49,2
22850007054000;41;18;23;42,9
22850007055000;58;30;28;34,4
22850007056000;29;12;17;37,6
22850007057000;30;13;17;40,4
22850007068000;39;21;18;42,8
22850007069000;27;18;9;38,6
22850007070000;1;1;0;0,0
22850007071000;12;7;5;41,1
22850007072000;35;18;17;38,6
22850007136000;16;10;6;31,6
22850007153000;2;1;1;0,0
22860006556000;4;3;1;0,0
22860006557000;28;15;13;45,2
22860006558000;42;22;20;38,5
22860006560000;5;3;2;48,0
22860006561000;34;21;13;41,4
22860006562000;20;11;9;44,0
22860006563000;16;9;7;45,8
22860006564000;11;5;6;47,0
22860006565000;2;1;1;0,0
22860006569000;19;9;10;52,0
22860006570000;4;2;2;0,0
22860006571000;18;10;8;39,6
22860006574000;5;3;2;50,4
22860006575000;6;3;3;33,8
22860006576000;1;1;0;0,0
22860006578000;10;5;5;47,0
22860006580000;6;1;5;36,2
22860006581000;10;8;2;41,2
22860006582000;10;5;5;37,8
22860006585000;7;4;3;17,6
22860006586000;5;2;3;50,4
22860006587000;8;5;3;45,9
22860006588000;15;6;9;48,0
22860006589000;13;6;7;41,7
22860006590000;12;6;6;39,2
22860006591000;4;2;2;0,0
22860006592000;12;6;6;37,8
22860006593000;15;6;9;34,9
22860006594000;23;13;10;43,8
22860006595000;16;9;7;45,1
22860006597000;15;10;5;32,9
22860006598000;1;0;1;0,0
22860006599000;8;2;6;31,1
22860006600000;36;19;17;41,3
22860006601000;11;7;4;45,8
22860006602000;5;1;4;28,6
22860006603000;5;2;3;37,8
22860006604000;3;3;0;0,0
22860006605000;28;15;13;34,1
22860006606000;21;12;9;45,5
22860006607000;11;5;6;39,2
22860006608000;1;1;0;0,0
22860006609000;24;11;13;32,2
22860006610000;30;17;13;38,6
22860006611000;16;9;7;53,0
22860006612000;4;2;2;0,0
22860006613000;1;0;1;0,0
22860006614000;9;5;4;47,9
22860006615000;43;26;17;41,6
22860006616000;12;6;6;38,8
22860006617000;7;3;4;47,3
22860006618000;19;9;10;22,9
22860006619000;3;1;2;0,0
22860006620000;24;13;11;43,0
22860006621000;4;2;2;0,0
22860006622000;17;11;6;38,3
22860006623000;5;3;2;43,8
22860006624000;27;14;13;38,4
22860006625000;14;6;8;29,9
22860006626000;17;8;9;38,6
22860006627000;8;3;5;37,8
22860006628000;12;6;6;44,3
22860006629000;11;7;4;40,0
22860006630000;23;10;13;33,2
22860006632000;3;3;0;0,0
22860006633000;7;1;6;31,1
22860006634000;28;15;13;44,9
22860006635000;25;15;10;38,8
22860006636000;11;5;6;44,5
22860006637000;4;3;1;0,0
22860006644000;5;3;2;45,2
22860006645000;22;12;10;39,6
22860006646000;51;23;28;37,5
22860006647000;57;35;22;42,2
22860006648000;594;297;297;38,1
22860006649000;372;191;181;39,4
22860006650000;43;21;22;35,2
22860006651000;7;4;3;38,6
22860006652000;14;8;6;43,8
22860006653000;4;4;0;0,0
22860006658000;3;1;2;0,0
22860006659000;130;66;64;40,9
22860006660000;56;33;23;36,7
22860006661000;8;6;2;50,4
22860006662000;7;3;4;28,0
22860006663000;5;2;3;41,0
22860006664000;11;7;4;47,1
22860006665000;95;56;39;41,3
22860006666000;76;41;35;39,4
22860006667000;37;15;22;49,7
22860006668000;31;15;16;28,5
22860006669000;24;13;11;52,1
22860006671000;17;7;10;37,1
22860006672000;223;112;111;37,2
22860006673000;599;256;343;54,3
22860006674000;819;430;389;37,7
22860006678000;8;3;5;55,0
22860006679000;17;6;11;39,4
22860006680000;30;12;18;39,3
22860006681000;17;10;7;35,7
22860006682000;68;37;31;38,2
22860006683000;77;47;30;31,4
22860006689000;2;0;2;0,0
22860006690000;16;10;6;23,9
22860006691000;10;6;4;46,9
22860006712000;2;1;1;0,0
22860006715000;4;2;2;0,0
22860006727000;26;13;13;40,3
22860006728000;4;2;2;0,0
22860006740000;9;4;5;34,4
22860006741000;1;1;0;0,0
22860006742000;14;8;6;36,1
22860006743000;149;74;75;42,3
22860006744000;89;41;48;40,9
22860006745000;202;80;122;51,6
22860006746000;2485;1250;1235;43,8
22860006747000;2141;1023;1118;42,0
22860006748000;672;323;349;43,6
22860006749000;384;194;190;41,2
22860006750000;159;78;81;38,9
22860006751000;35;21;14;40,4
22860006752000;24;11;13;39,2
22860006753000;37;19;18;35,1
22860006754000;77;39;38;42,7
22860006755000;15;8;7;50,3
22860006756000;39;22;17;42,4
22860006762000;1;1;0;0,0
22860006821000;4;3;1;0,0
22860006883000;8;5;3;36,9
22860006909000;2;1;1;0,0
22860006917000;18;6;12;25,3
22860006918000;32;20;12;35,1
22860006919000;6;4;2;40,0
22860006925000;1;1;0;0,0
22860006926000;46;22;24;38,5
22860006927000;87;41;46;40,6
22860006928000;5;2;3;49,8
22860006987000;6;3;3;52,7
22860007039000;12;4;8;32,2
22860007040000;47;24;23;40,6
22860007041000;10;5;5;18,6
22860007054000;9;5;4;52,8
22860007055000;65;36;29;40,8
22860007056000;26;13;13;41,3
22860007057000;39;21;18;46,1
22860007058000;25;14;11;46,1
22860007069000;44;20;24;37,1
22860007070000;18;7;11;42,2
22860007077000;7;3;4;45,9
22860007099000;3;1;2;0,0
22860007134000;44;27;17;37,6
22860007135000;5;2;3;70,2
22860007136000;2;1;1;0,0
22870006557000;10;5;5;64,3
22870006558000;2;1;1;0,0
22870006559000;40;24;16;42,3
22870006560000;16;6;10;33,3
22870006561000;17;12;5;33,4
22870006562000;11;5;6;48,7
22870006563000;7;4;3;56,1
22870006564000;7;3;4;69,0
22870006565000;17;8;9;30,1
22870006569000;6;5;1;54,2
22870006570000;13;4;9;31,4
22870006575000;4;2;2;0,0
22870006576000;7;5;2;26,0
22870006577000;8;5;3;45,0
22870006578000;11;5;6;43,4
22870006582000;17;7;10;30,1
22870006583000;4;2;2;0,0
22870006584000;21;11;10;35,0
22870006588000;4;2;2;0,0
22870006589000;12;5;7;42,0
22870006592000;1;1;0;0,0
22870006593000;8;5;3;49,6
22870006594000;3;2;1;0,0
22870006595000;28;12;16;35,9
22870006596000;20;12;8;29,4
22870006597000;12;9;3;30,6
22870006598000;47;25;22;40,4
22870006599000;16;10;6;44,1
22870006600000;57;32;25;40,5
22870006601000;6;2;4;37,2
22870006602000;11;5;6;30,5
22870006603000;7;4;3;41,3
22870006604000;10;6;4;47,7
22870006605000;21;12;9;53,1
22870006606000;8;4;4;43,4
22870006607000;7;3;4;49,3
22870006608000;7;5;2;48,3
22870006609000;11;7;4;32,5
22870006610000;36;18;18;33,8
22870006611000;6;4;2;58,3
22870006613000;26;13;13;34,8
22870006614000;11;5;6;38,8
22870006615000;6;3;3;46,2
22870006616000;48;20;28;40,7
22870006617000;57;30;27;52,9
22870006618000;46;28;18;36,6
22870006619000;3;2;1;0,0
22870006620000;8;3;5;38,6
22870006621000;2;1;1;0,0
22870006626000;4;2;2;0,0
22870006630000;10;3;7;41,5
22870006631000;5;2;3;28,4
22870006642000;1;1;0;0,0
22870006643000;5;2;3;66,6
22870006644000;49;20;29;45,9
22870006645000;56;30;26;46,3
22870006646000;2;1;1;0,0
22870006648000;66;32;34;45,4
22870006649000;724;360;364;31,6
22870006650000;332;185;147;39,9
22870006651000;33;17;16;55,0
22870006652000;17;7;10;41,9
22870006653000;15;10;5;40,1
22870006655000;3;2;1;0,0
22870006658000;24;12;12;48,0
22870006659000;24;13;11;41,6
22870006660000;60;35;25;46,5
22870006661000;23;12;11;41,6
22870006662000;19;11;8;36,8
22870006663000;24;14;10;41,1
22870006664000;1;0;1;0,0
22870006665000;11;7;4;58,7
22870006666000;35;20;15;33,8
22870006667000;9;6;3;49,4
22870006668000;19;11;8;33,7
22870006669000;5;2;3;18,4
22870006672000;1377;694;683;36,6
22870006673000;2217;1091;1126;45,6
22870006674000;2158;1078;1080;37,4
22870006675000;391;193;198;39,2
22870006676000;226;118;108;36,8
22870006677000;11;9;2;39,7
22870006678000;62;37;25;43,4
22870006679000;14;10;4;33,7
22870006680000;26;16;10;43,5
22870006681000;38;18;20;40,5
22870006682000;113;59;54;37,3
22870006683000;742;378;364;30,8
22870006684000;80;41;39;39,6
22870006685000;1;1;0;0,0
22870006688000;659;335;324;30,3
22870006689000;1560;797;763;38,3
22870006690000;279;137;142;45,3
22870006691000;199;102;97;42,1
22870006692000;59;32;27;36,2
22870006702000;3;1;2;0,0
22870006711000;9;5;4;54,4
22870006712000;28;17;11;35,3
22870006713000;7;3;4;37,0
22870006726000;3;2;1;0,0
22870006734000;2;1;1;0,0
22870006736000;3;3;0;0,0
22870006737000;2;2;0;0,0
22870006739000;17;8;9;45,2
22870006740000;21;14;7;36,5
22870006741000;13;7;6;32,6
22870006742000;69;36;33;41,0
22870006743000;865;442;423;40,4
22870006744000;538;277;261;36,3
22870006745000;261;116;145;47,8
22870006746000;1751;842;909;42,3
22870006747000;631;314;317;41,6
22870006748000;991;498;493;38,0
22870006749000;163;80;83;38,4
22870006750000;72;38;34;43,2
22870006751000;15;9;6;31,2
22870006752000;14;9;5;39,1
22870006753000;24;15;9;44,0
22870006754000;37;16;21;43,0
22870006755000;40;19;21;44,1
22870006756000;13;8;5;46,2
22870006757000;6;2;4;39,8
22870006820000;2;1;1;0,0
22870006821000;9;4;5;76,1
22870006831000;21;11;10;43,4
22870006832000;23;12;11;50,7
22870006833000;2;1;1;0,0
22870006834000;40;25;15;38,8
22870006865000;1;0;1;0,0
22870006882000;2;0;2;0,0
22870006909000;1;0;1;0,0
22870006918000;67;35;32;37,3
22870006919000;24;12;12;35,5
22870006922000;2;1;1;0,0
22870006924000;4;3;1;0,0
22870006926000;32;14;18;31,9
22870006927000;48;24;24;40,4
22870006928000;33;18;15;40,9
22870006929000;3;1;2;0,0
22870006930000;2;1;1;0,0
22870006987000;5;4;1;69,8
22870006988000;2;1;1;0,0
22870007020000;9;6;3;48,2
22870007028000;7;4;3;35,9
22870007029000;4;1;3;0,0
22870007031000;2;1;1;0,0
22870007033000;1;1;0;0,0
22870007039000;147;85;62;30,1
22870007040000;672;351;321;34,7
22870007055000;12;6;6;42,9
22870007056000;83;41;42;44,4
22870007057000;54;27;27;41,5
22870007058000;140;72;68;33,3
22870007059000;74;38;36;45,2
22870007060000;5;3;2;71,0
22870007069000;8;3;5;39,4
22870007070000;32;16;16;35,9
22870007079000;5;3;2;51,8
22870007085000;7;3;4;46,4
22870007133000;23;14;9;46,5
22870007134000;21;11;10;38,3
22870007136000;6;4;2;24,8
22870007153000;4;2;2;0,0
22880006558000;455;248;207;38,7
22880006559000;237;127;110;39,2
22880006560000;1;1;0;0,0
22880006561000;11;6;5;26,0
22880006562000;14;9;5;46,1
22880006565000;9;4;5;43,2
22880006566000;5;3;2;46,6
22880006567000;4;1;3;0,0
22880006568000;7;6;1;21,3
22880006569000;27;15;12;36,8
22880006570000;7;4;3;34,9
22880006577000;11;5;6;54,5
22880006579000;3;1;2;0,0
22880006584000;13;8;5;41,9
22880006585000;8;5;3;53,5
22880006586000;19;10;9;42,7
22880006587000;19;9;10;25,1
22880006588000;3;2;1;0,0
22880006590000;7;5;2;25,9
22880006592000;1;1;0;0,0
22880006593000;11;5;6;43,3
22880006594000;17;9;8;22,5
22880006595000;19;10;9;40,3
22880006596000;7;4;3;34,7
22880006597000;8;3;5;43,4
22880006598000;29;15;14;39,6
22880006599000;29;16;13;35,2
22880006600000;29;15;14;43,4
22880006601000;18;11;7;36,3
22880006602000;26;15;11;41,3
22880006603000;37;19;18;42,5
22880006604000;10;5;5;35,9
22880006605000;9;5;4;50,0
22880006606000;21;12;9;40,9
22880006607000;21;10;11;51,2
22880006609000;24;17;7;30,3
22880006610000;217;109;108;39,0
22880006611000;127;68;59;39,5
22880006612000;32;16;16;37,2
22880006613000;4;2;2;0,0
22880006614000;5;4;1;46,2
22880006615000;3;2;1;0,0
22880006616000;4;2;2;0,0
22880006617000;11;5;6;47,5
22880006620000;2;1;1;0,0
22880006622000;4;1;3;0,0
22880006639000;24;15;9;37,3
22880006640000;40;18;22;47,7
22880006641000;39;15;24;51,0
22880006642000;53;27;26;36,8
22880006643000;124;72;52;37,7
22880006644000;155;85;70;40,9
22880006648000;3;2;1;0,0
22880006649000;66;35;31;43,0
22880006650000;101;57;44;37,0
22880006651000;54;29;25;42,1
22880006652000;19;10;9;41,9
22880006653000;169;90;79;36,6
22880006654000;9;5;4;51,9
22880006655000;3;1;2;0,0
22880006656000;8;5;3;40,0
22880006657000;11;4;7;32,3
22880006658000;30;16;14;49,5
22880006659000;44;22;22;44,3
22880006660000;44;23;21;32,4
22880006661000;12;7;5;36,0
22880006665000;9;5;4;46,4
22880006666000;14;8;6;50,7
22880006667000;27;13;14;42,0
22880006668000;12;7;5;39,2
22880006669000;12;4;8;46,8
22880006670000;3;2;1;0,0
22880006672000;1350;680;670;31,0
22880006673000;1251;604;647;37,9
22880006674000;760;364;396;36,1
22880006675000;2056;1002;1054;30,9
22880006678000;4;1;3;0,0
22880006679000;4;3;1;0,0
22880006681000;4;3;1;0,0
22880006683000;5;4;1;44,2
22880006684000;143;85;58;38,2
22880006685000;33;21;12;36,6
22880006686000;73;40;33;43,3
22880006687000;1293;650;643;33,6
22880006688000;1000;497;503;41,2
22880006689000;644;309;335;43,9
22880006690000;52;28;24;39,9
22880006691000;95;42;53;44,8
22880006692000;40;22;18;38,9
22880006693000;4;2;2;0,0
22880006695000;1;1;0;0,0
22880006697000;1;1;0;0,0
22880006710000;28;15;13;37,2
22880006711000;238;118;120;41,2
22880006712000;158;79;79;39,0
22880006713000;16;7;9;41,2
22880006723000;2;1;1;0,0
22880006733000;17;8;9;46,5
22880006734000;21;11;10;44,5
22880006735000;19;9;10;38,8
22880006736000;9;4;5;28,8
22880006737000;34;14;20;44,4
22880006738000;129;64;65;32,8
22880006739000;44;20;24;34,4
22880006740000;37;17;20;40,4
22880006741000;7;4;3;28,0
22880006742000;41;21;20;39,7
22880006743000;722;354;368;40,6
22880006744000;1438;656;782;43,8
22880006745000;465;220;245;44,3
22880006746000;83;41;42;37,5
22880006747000;78;40;38;37,9
22880006748000;48;25;23;41,4
22880006749000;48;29;19;32,5
22880006750000;44;24;20;35,0
22880006751000;6;3;3;46,7
22880006752000;33;20;13;40,3
22880006753000;11;6;5;45,3
22880006754000;50;23;27;36,7
22880006757000;4;2;2;0,0
22880006818000;6;3;3;24,3
22880006819000;5;3;2;58,8
22880006820000;16;8;8;49,8
22880006821000;21;16;5;42,5
22880006823000;1;0;1;0,0
22880006828000;4;3;1;0,0
22880006829000;8;4;4;58,0
22880006830000;46;24;22;48,4
22880006831000;44;27;17;52,1
22880006832000;63;33;30;49,6
22880006833000;6;6;0;40,3
22880006834000;2;1;1;0,0
22880006835000;9;3;6;34,2
22880006879000;2;1;1;0,0
22880006920000;16;9;7;38,4
22880006924000;15;8;7;35,4
22880006925000;8;3;5;31,6
22880006926000;2;1;1;0,0
22880006927000;4;1;3;0,0
22880006930000;8;5;3;40,1
22880006931000;8;3;5;35,5
22880006988000;7;4;3;32,7
22880007028000;1;1;0;0,0
22880007031000;14;6;8;44,4
22880007032000;6;4;2;34,8
22880007033000;21;12;9;59,4
22880007034000;34;20;14;38,3
22880007035000;16;8;8;49,2
22880007038000;7;4;3;39,0
22880007039000;724;364;360;30,2
22880007040000;466;239;227;28,5
22880007049000;1;1;0;0,0
22880007056000;28;15;13;48,4
22880007057000;54;23;31;42,1
22880007058000;335;142;193;45,8
22880007059000;39;21;18;48,5
22880007060000;28;9;19;40,0
22880007061000;9;4;5;34,3
22880007070000;3;2;1;0,0
22880007085000;11;4;7;34,1
22880007087000;2;1;1;0,0
22880007131000;19;11;8;42,3
22880007132000;24;16;8;32,1
22880007133000;2;1;1;0,0
22880007147000;3;2;1;0,0
22880007149000;2;1;1;0,0
22880007152000;7;3;4;27,3
22880007153000;20;11;9;50,8
22890006558000;44;22;22;35,7
22890006559000;60;29;31;35,1
22890006560000;12;7;5;43,2
22890006561000;6;3;3;56,7
22890006562000;6;3;3;31,3
22890006563000;19;7;12;40,5
22890006564000;5;3;2;62,6
22890006566000;15;9;6;27,1
22890006567000;33;17;16;41,5
22890006568000;11;5;6;33,5
22890006569000;6;2;4;40,2
22890006573000;7;4;3;33,3
22890006575000;8;4;4;56,9
22890006576000;4;3;1;0,0
22890006582000;7;2;5;48,6
22890006585000;4;3;1;0,0
22890006586000;16;9;7;37,3
22890006587000;8;4;4;46,0
22890006588000;20;13;7;41,7
22890006593000;13;6;7;32,7
22890006594000;18;12;6;40,1
22890006595000;21;11;10;29,6
22890006596000;15;5;10;34,4
22890006597000;12;7;5;46,9
22890006598000;24;12;12;35,1
22890006599000;8;5;3;47,6
22890006600000;7;3;4;48,7
22890006601000;19;11;8;37,2
22890006602000;18;9;9;65,8
22890006603000;9;5;4;32,1
22890006604000;26;13;13;30,8
22890006605000;16;10;6;47,4
22890006606000;18;13;5;33,7
22890006609000;12;4;8;32,5
22890006610000;161;77;84;40,6
22890006611000;304;157;147;39,1
22890006612000;30;18;12;34,7
22890006613000;16;8;8;35,1
22890006614000;5;3;2;38,0
22890006615000;2;1;1;0,0
22890006618000;18;10;8;27,8
22890006619000;1;1;0;0,0
22890006620000;6;2;4;56,0
22890006621000;14;8;6;26,9
22890006622000;18;6;12;37,9
22890006623000;23;16;7;39,2
22890006624000;17;10;7;39,2
22890006625000;15;7;8;38,4
22890006626000;7;3;4;34,6
22890006627000;5;3;2;22,2
22890006629000;5;3;2;24,4
22890006630000;9;3;6;39,6
22890006631000;11;7;4;34,6
22890006632000;12;9;3;40,4
22890006633000;14;8;6;44,6
22890006634000;19;10;9;44,3
22890006635000;10;7;3;39,8
22890006637000;2;1;1;0,0
22890006638000;16;10;6;31,7
22890006639000;17;9;8;38,7
22890006640000;59;37;22;43,2
22890006641000;121;66;55;41,0
22890006642000;17;10;7;46,3
22890006643000;241;122;119;34,7
22890006644000;316;159;157;30,1
22890006650000;7;3;4;48,0
22890006651000;15;8;7;49,7
22890006653000;22;9;13;44,4
22890006654000;90;44;46;40,9
22890006655000;785;387;398;34,3
22890006656000;186;89;97;30,4
22890006657000;13;6;7;51,3
22890006658000;11;3;8;31,1
22890006659000;641;334;307;38,1
22890006660000;112;57;55;37,4
22890006661000;21;15;6;31,0
22890006662000;11;6;5;38,8
22890006663000;12;5;7;41,1
22890006664000;6;4;2;67,7
22890006665000;27;18;9;43,6
22890006666000;14;7;7;40,6
22890006667000;116;69;47;39,3
22890006668000;810;409;401;34,0
22890006669000;26;14;12;53,3
22890006671000;38;20;18;39,0
22890006672000;1270;626;644;33,1
22890006673000;307;153;154;38,1
22890006674000;6;3;3;39,5
22890006675000;2;1;1;0,0
22890006676000;29;11;18;34,7
22890006677000;7;4;3;43,6
22890006678000;56;29;27;35,9
22890006683000;22;9;13;42,2
22890006684000;502;258;244;31,1
22890006685000;1029;546;483;33,0
22890006686000;717;365;352;32,1
22890006687000;1715;865;850;37,5
22890006688000;552;264;288;41,6
22890006689000;260;138;122;37,6
22890006690000;232;131;101;38,5
22890006691000;72;40;32;40,5
22890006692000;80;47;33;36,0
22890006693000;275;129;146;41,1
22890006694000;202;97;105;31,1
22890006695000;28;11;17;29,0
22890006696000;2;2;0;0,0
22890006697000;1;1;0;0,0
22890006701000;5;3;2;23,6
22890006702000;12;7;5;39,0
22890006703000;1;1;0;0,0
22890006709000;6;4;2;43,3
22890006710000;37;21;16;36,0
22890006711000;12;7;5;36,5
22890006712000;6;2;4;39,5
22890006713000;79;43;36;43,6
22890006714000;23;12;11;35,8
22890006718000;9;6;3;31,8
22890006719000;7;5;2;36,1
22890006722000;4;1;3;0,0
22890006729000;3;2;1;0,0
22890006731000;8;4;4;49,0
22890006732000;6;2;4;55,7
22890006733000;19;11;8;46,6
22890006734000;12;6;6;31,8
22890006735000;25;13;12;39,0
22890006736000;95;45;50;33,7
22890006737000;43;21;22;44,0
22890006738000;26;15;11;45,4
22890006739000;160;81;79;30,7
22890006740000;224;97;127;34,7
22890006741000;22;14;8;37,0
22890006742000;56;24;32;38,8
22890006743000;1589;796;793;38,3
22890006744000;298;150;148;44,2
22890006745000;23;9;14;40,0
22890006746000;823;396;427;39,2
22890006747000;1152;546;606;40,5
22890006748000;64;36;28;41,8
22890006749000;439;223;216;39,0
22890006750000;151;82;69;40,2
22890006751000;36;23;13;36,3
22890006752000;23;12;11;35,3
22890006753000;12;6;6;40,8
22890006754000;54;29;25;40,1
22890006755000;47;23;24;40,7
22890006756000;6;3;3;44,0
22890006816000;21;10;11;50,5
22890006818000;7;2;5;37,7
22890006823000;1;0;1;0,0
22890006824000;58;45;13;37,4
22890006825000;3;2;1;0,0
22890006826000;3;2;1;0,0
22890006827000;13;8;5;34,2
22890006828000;27;14;13;34,9
22890006829000;3;1;2;0,0
22890006830000;5;3;2;30,8
22890006831000;35;17;18;43,9
22890006832000;215;115;100;40,7
22890006833000;294;144;150;41,2
22890006834000;62;33;29;42,9
22890006835000;6;3;3;18,5
22890006876000;1;1;0;0,0
22890006917000;5;2;3;35,4
22890006922000;5;4;1;38,8
22890006923000;14;8;6;40,6
22890006924000;6;3;3;56,8
22890006926000;1;0;1;0,0
22890006927000;10;6;4;31,7
22890007028000;9;5;4;21,9
22890007030000;18;11;7;43,3
22890007032000;66;33;33;38,9
22890007033000;4;2;2;0,0
22890007034000;1;0;1;0,0
22890007035000;11;7;4;45,9
22890007036000;84;43;41;37,6
22890007037000;107;53;54;34,9
22890007038000;282;140;142;42,8
22890007039000;469;241;228;34,2
22890007040000;7;5;2;36,1
22890007047000;4;3;1;0,0
22890007048000;38;22;16;37,0
22890007049000;18;10;8;46,8
22890007050000;42;20;22;32,5
22890007051000;13;4;9;24,8
22890007055000;11;5;6;44,7
22890007056000;56;28;28;34,1
22890007057000;91;52;39;37,9
22890007058000;110;59;51;41,8
22890007059000;35;18;17;40,5
22890007060000;3;2;1;0,0
22890007061000;24;10;14;46,4
22890007062000;18;9;9;43,0
22890007070000;13;8;5;37,8
22890007071000;9;4;5;43,6
22890007072000;1;0;1;0,0
22890007080000;4;2;2;0,0
22890007086000;6;4;2;47,0
22890007130000;28;15;13;43,1
22890007131000;1;1;0;0,0
22890007147000;3;1;2;0,0
22890007148000;1;0;1;0,0
22900006559000;24;15;9;42,6
22900006560000;50;29;21;41,6
22900006561000;51;29;22;35,3
22900006562000;8;4;4;44,5
22900006563000;7;4;3;40,0
22900006564000;13;7;6;35,9
22900006565000;30;14;16;38,3
22900006566000;29;17;12;39,7
22900006567000;40;16;24;39,0
22900006568000;11;5;6;40,7
22900006569000;4;1;3;0,0
22900006570000;2;1;1;0,0
22900006572000;1;1;0;0,0
22900006575000;5;3;2;32,4
22900006581000;8;4;4;35,3
22900006584000;1;0;1;0,0
22900006585000;8;6;2;41,9
22900006586000;11;7;4;33,9
22900006587000;26;13;13;34,6
22900006588000;42;24;18;33,9
22900006589000;13;6;7;46,6
22900006590000;4;4;0;0,0
22900006592000;4;3;1;0,0
22900006593000;59;30;29;36,0
22900006594000;18;10;8;45,0
22900006595000;23;13;10;43,3
22900006596000;8;5;3;53,1
22900006597000;6;5;1;41,3
22900006598000;21;12;9;37,9
22900006599000;6;2;4;44,5
22900006600000;14;9;5;40,7
22900006601000;1;1;0;0,0
22900006602000;70;28;42;38,4
22900006603000;93;43;50;36,8
22900006604000;17;9;8;45,8
22900006605000;46;26;20;33,2
22900006606000;56;36;20;39,6
22900006607000;2;1;1;0,0
22900006608000;15;8;7;30,5
22900006609000;104;26;78;78,6
22900006610000;1;0;1;0,0
22900006611000;8;4;4;47,6
22900006612000;7;4;3;37,4
22900006613000;9;3;6;47,0
22900006614000;11;7;4;36,1
22900006615000;25;15;10;34,4
22900006616000;10;5;5;47,4
22900006617000;20;12;8;35,3
22900006618000;17;8;9;35,2
22900006619000;25;12;13;34,1
22900006620000;16;8;8;34,7
22900006621000;7;4;3;29,4
22900006622000;28;15;13;32,7
22900006623000;14;9;5;43,4
22900006624000;18;10;8;26,8
22900006625000;19;10;9;30,1
22900006626000;13;6;7;39,5
22900006627000;7;3;4;49,1
22900006628000;27;14;13;38,9
22900006629000;11;8;3;32,7
22900006630000;6;4;2;55,7
22900006631000;26;16;10;43,6
22900006632000;40;15;25;39,1
22900006633000;45;28;17;39,9
22900006634000;70;39;31;41,8
22900006635000;27;15;12;40,8
22900006637000;2;1;1;0,0
22900006638000;2;1;1;0,0
22900006639000;18;9;9;37,6
22900006640000;10;4;6;53,6
22900006641000;13;7;6;53,8
22900006642000;28;16;12;32,0
22900006643000;83;46;37;35,6
22900006644000;10;7;3;37,6
22900006653000;365;176;189;30,7
22900006654000;1383;658;725;37,7
22900006655000;1417;663;754;43,1
22900006656000;145;70;75;40,0
22900006657000;47;23;24;42,1
22900006658000;52;27;25;40,2
22900006659000;283;147;136;41,4
22900006660000;42;23;19;42,7
22900006661000;19;9;10;44,4
22900006663000;38;24;14;47,1
22900006666000;5;1;4;45,2
22900006667000;23;13;10;37,9
22900006668000;18;10;8;62,6
22900006669000;6;3;3;64,2
22900006670000;14;9;5;40,1
22900006671000;24;11;13;32,8
22900006672000;1194;597;597;30,3
22900006673000;389;199;190;35,5
22900006674000;4;2;2;0,0
22900006676000;37;20;17;40,4
22900006677000;85;47;38;43,6
22900006681000;6;3;3;26,7
22900006682000;2;1;1;0,0
22900006683000;21;11;10;43,8
22900006684000;583;287;296;30,2
22900006685000;753;382;371;35,7
22900006686000;107;59;48;36,9
22900006687000;49;24;25;35,8
22900006688000;12;5;7;57,9
22900006689000;41;22;19;45,2
22900006690000;59;28;31;36,9
22900006691000;28;18;10;42,9
22900006692000;38;18;20;46,3
22900006693000;482;238;244;41,0
22900006694000;328;163;165;33,3
22900006695000;49;21;28;38,5
22900006696000;24;12;12;36,1
22900006697000;21;10;11;42,6
22900006698000;40;21;19;44,9
22900006699000;17;8;9;42,2
22900006700000;274;130;144;39,4
22900006701000;98;50;48;42,9
22900006702000;84;47;37;41,2
22900006703000;39;20;19;47,6
22900006705000;1;1;0;0,0
22900006706000;23;11;12;41,4
22900006707000;19;10;9;48,9
22900006708000;31;17;14;38,0
22900006709000;8;7;1;35,0
22900006714000;30;15;15;53,6
22900006715000;23;12;11;53,5
22900006716000;11;5;6;40,7
22900006717000;39;17;22;48,4
22900006718000;15;7;8;30,8
22900006719000;38;19;19;46,3
22900006720000;4;2;2;0,0
22900006726000;1;1;0;0,0
22900006732000;2;0;2;0,0
22900006733000;20;12;8;38,2
22900006734000;16;6;10;34,9
22900006735000;59;33;26;40,2
22900006736000;31;17;14;39,3
22900006737000;16;8;8;45,8
22900006738000;15;7;8;44,9
22900006739000;8;5;3;32,9
22900006740000;9;4;5;31,8
22900006741000;69;41;28;39,6
22900006742000;298;158;140;35,4
22900006743000;179;88;91;33,0
22900006744000;100;55;45;37,3
22900006745000;589;308;281;36,4
22900006746000;314;168;146;42,5
22900006747000;236;122;114;36,8
22900006748000;266;125;141;48,1
22900006749000;191;96;95;41,8
22900006750000;51;25;26;43,5
22900006751000;8;4;4;46,4
22900006752000;31;15;16;45,4
22900006753000;25;13;12;43,7
22900006754000;7;1;6;45,0
22900006755000;61;34;27;36,7
22900006815000;9;5;4;67,2
22900006816000;39;20;19;31,6
22900006817000;1;0;1;0,0
22900006818000;1;1;0;0,0
22900006824000;11;6;5;42,1
22900006825000;8;4;4;26,3
22900006826000;6;3;3;60,2
22900006827000;1;1;0;0,0
22900006828000;2;2;0;0,0
22900006829000;10;5;5;21,5
22900006830000;21;10;11;42,6
22900006831000;11;6;5;29,7
22900006832000;388;181;207;44,2
22900006833000;228;104;124;55,2
22900006835000;7;4;3;29,6
22900006905000;2;1;1;0,0
22900006921000;5;2;3;35,4
22900006922000;9;5;4;41,8
22900006923000;11;4;7;48,5
22900006926000;15;6;9;41,1
22900006927000;7;6;1;36,3
22900006988000;20;11;9;39,3
22900006989000;7;4;3;36,4
22900007022000;3;1;2;0,0
22900007028000;12;7;5;46,7
22900007029000;78;40;38;41,6
22900007032000;2;1;1;0,0
22900007036000;7;4;3;31,3
22900007037000;569;291;278;39,4
22900007038000;761;374;387;43,6
22900007039000;317;156;161;35,7
22900007040000;17;7;10;57,9
22900007045000;9;5;4;57,9
22900007046000;56;31;25;39,7
22900007047000;62;30;32;38,1
22900007048000;53;26;27;31,3
22900007049000;43;22;21;35,3
22900007050000;52;22;30;39,7
22900007051000;22;11;11;41,2
22900007052000;17;11;6;44,8
22900007056000;6;3;3;25,3
22900007057000;118;55;63;31,5
22900007058000;34;17;17;34,6
22900007059000;6;3;3;65,3
22900007060000;4;3;1;0,0
22900007061000;16;6;10;48,6
22900007062000;28;18;10;27,5
22900007063000;2;1;1;0,0
22900007071000;12;5;7;49,9
22900007072000;4;2;2;0,0
22900007130000;15;9;6;65,7
22900007131000;7;4;3;50,4
22900007144000;1;0;1;0,0
22900007150000;3;2;1;0,0
22900007151000;5;2;3;30,6
22900007152000;1;1;0;0,0
22910006558000;128;68;60;46,4
22910006559000;384;191;193;40,3
22910006560000;1149;557;592;41,0
22910006561000;219;106;113;42,8
22910006562000;2;1;1;0,0
22910006563000;13;6;7;33,2
22910006564000;7;3;4;48,1
22910006565000;9;6;3;31,4
22910006566000;16;9;7;37,4
22910006567000;9;6;3;47,1
22910006568000;4;2;2;0,0
22910006570000;10;5;5;38,2
22910006571000;9;4;5;42,3
22910006572000;5;3;2;32,0
22910006573000;5;3;2;33,8
22910006574000;2;1;1;0,0
22910006575000;5;3;2;53,2
22910006576000;14;7;7;38,4
22910006583000;4;2;2;0,0
22910006584000;1;1;0;0,0
22910006585000;12;8;4;33,7
22910006587000;5;1;4;18,0
22910006589000;9;5;4;40,0
22910006590000;24;12;12;41,8
22910006591000;6;1;5;23,5
22910006592000;32;14;18;28,3
22910006593000;220;113;107;33,3
22910006594000;796;390;406;39,5
22910006595000;332;163;169;40,1
22910006596000;22;12;10;39,8
22910006597000;27;16;11;36,6
22910006598000;16;11;5;43,8
22910006599000;4;2;2;0,0
22910006600000;5;4;1;44,0
22910006601000;30;18;12;43,7
22910006602000;93;45;48;30,1
22910006603000;11;2;9;21,8
22910006604000;6;2;4;10,5
22910006605000;37;16;21;42,2
22910006606000;439;218;221;39,1
22910006607000;167;87;80;35,1
22910006608000;133;72;61;44,5
22910006609000;92;49;43;34,2
22910006611000;2;2;0;0,0
22910006612000;17;10;7;43,6
22910006613000;16;8;8;43,6
22910006614000;21;14;7;46,7
22910006615000;23;10;13;32,4
22910006616000;13;7;6;45,6
22910006617000;82;44;38;37,3
22910006618000;20;11;9;45,8
22910006619000;19;11;8;40,2
22910006620000;47;24;23;39,1
22910006621000;44;26;18;35,1
22910006622000;9;5;4;42,1
22910006623000;329;165;164;42,4
22910006624000;388;196;192;41,6
22910006625000;55;31;24;39,8
22910006626000;43;20;23;41,4
22910006627000;25;15;10;44,5
22910006628000;56;33;23;43,2
22910006629000;9;5;4;37,3
22910006630000;65;31;34;39,4
22910006631000;3;2;1;0,0
22910006632000;10;4;6;41,1
22910006633000;3;1;2;0,0
22910006636000;2;1;1;0,0
22910006637000;2;1;1;0,0
22910006642000;27;12;15;43,2
22910006643000;13;6;7;39,3
22910006654000;81;45;36;42,3
22910006655000;267;139;128;45,7
22910006656000;263;140;123;38,0
22910006657000;13;7;6;58,8
22910006658000;6;2;4;31,8
22910006659000;2;2;0;0,0
22910006660000;16;8;8;37,2
22910006661000;11;5;6;30,5
22910006663000;14;7;7;41,9
22910006664000;38;25;13;35,7
22910006666000;7;4;3;38,4
22910006667000;87;46;41;37,1
22910006668000;8;4;4;41,1
22910006669000;12;7;5;46,3
22910006670000;24;10;14;39,1
22910006671000;19;9;10;48,5
22910006672000;22;8;14;39,3
22910006673000;270;137;133;33,7
22910006674000;8;4;4;71,0
22910006677000;28;15;13;34,7
22910006678000;13;8;5;36,3
22910006682000;19;10;9;53,0
22910006684000;6;3;3;37,7
22910006685000;28;17;11;30,2
22910006686000;21;12;9;25,0
22910006687000;94;49;45;40,1
22910006688000;10;7;3;49,3
22910006689000;30;19;11;42,1
22910006690000;7;4;3;31,9
22910006691000;2;1;1;0,0
22910006692000;32;17;15;44,0
22910006693000;189;85;104;45,7
22910006694000;208;108;100;37,6
22910006695000;43;22;21;37,0
22910006696000;20;8;12;53,7
22910006697000;58;26;32;39,5
22910006698000;39;18;21;41,3
22910006699000;21;11;10;32,7
22910006700000;19;9;10;37,6
22910006701000;140;80;60;41,8
22910006717000;3;1;2;0,0
22910006718000;5;2;3;37,6
22910006719000;11;5;6;41,5
22910006725000;7;4;3;48,7
22910006727000;8;5;3;55,5
22910006728000;7;5;2;68,0
22910006729000;20;11;9;41,5
22910006730000;6;2;4;66,8
22910006731000;6;3;3;44,2
22910006733000;2;2;0;0,0
22910006734000;28;14;14;43,2
22910006735000;72;41;31;38,4
22910006736000;169;82;87;41,6
22910006737000;605;240;365;56,3
22910006738000;30;16;14;36,0
22910006739000;42;21;21;32,5
22910006740000;64;34;30;44,9
22910006741000;41;25;16;37,9
22910006742000;11;6;5;36,9
22910006743000;76;40;36;41,0
22910006744000;28;15;13;36,6
22910006745000;9;5;4;40,9
22910006746000;133;74;59;38,1
22910006747000;140;72;68;37,5
22910006748000;138;78;60;40,6
22910006749000;30;15;15;37,2
22910006750000;42;22;20;42,4
22910006751000;20;11;9;62,1
22910006752000;42;19;23;44,3
22910006753000;19;11;8;46,4
22910006754000;41;24;17;36,8
22910006755000;40;23;17;39,3
22910006814000;1;1;0;0,0
22910006815000;6;3;3;58,3
22910006816000;11;4;7;47,2
22910006828000;3;2;1;0,0
22910006832000;14;7;7;33,2
22910006873000;7;3;4;51,1
22910006900000;6;5;1;29,8
22910006901000;18;10;8;38,7
22910006902000;9;5;4;33,6
22910006923000;12;6;6;37,9
22910006924000;6;4;2;42,3
22910006926000;12;6;6;48,4
22910006927000;25;13;12;37,8
22910006988000;2;0;2;0,0
22910006989000;9;6;3;52,0
22910007029000;9;4;5;52,4
22910007030000;3;2;1;0,0
22910007038000;195;95;100;33,4
22910007039000;440;216;224;38,3
22910007040000;145;75;70;34,7
22910007045000;5;3;2;45,4
22910007046000;14;7;7;47,9
22910007047000;39;21;18;38,3
22910007048000;34;17;17;38,1
22910007049000;439;226;213;34,7
22910007050000;36;20;16;36,0
22910007051000;19;9;10;41,3
22910007052000;21;11;10;32,9
22910007057000;112;55;57;40,0
22910007058000;1;0;1;0,0
22910007059000;18;10;8;49,1
22910007060000;5;4;1;33,8
22910007061000;33;19;14;35,5
22910007062000;45;22;23;42,8
22910007063000;3;2;1;0,0
22910007071000;8;3;5;38,5
22910007072000;7;4;3;31,7
22910007081000;11;8;3;37,0
22910007086000;2;2;0;0,0
22910007102000;2;2;0;0,0
22920006557000;52;32;20;42,9
22920006558000;121;51;70;62,0
22920006559000;2036;985;1051;42,4
22920006560000;2494;1171;1323;44,3
22920006561000;686;336;350;39,2
22920006562000;854;431;423;29,5
22920006563000;28;17;11;50,5
22920006564000;20;9;11;40,3
22920006565000;20;8;12;35,6
22920006566000;7;4;3;32,3
22920006573000;8;3;5;47,8
22920006574000;6;3;3;31,8
22920006578000;3;2;1;0,0
22920006579000;1;1;0;0,0
22920006584000;5;3;2;43,2
22920006585000;23;10;13;28,6
22920006586000;9;4;5;27,4
22920006589000;1;1;0;0,0
22920006590000;22;10;12;30,7
22920006591000;136;66;70;42,1
22920006592000;390;190;200;43,2
22920006593000;1088;481;607;51,5
22920006594000;254;118;136;39,1
22920006595000;22;12;10;31,3
22920006596000;11;7;4;46,2
22920006597000;15;9;6;50,5
22920006598000;54;27;27;37,4
22920006599000;9;6;3;49,4
22920006600000;9;6;3;33,4
22920006601000;4;2;2;0,0
22920006602000;17;9;8;49,1
22920006603000;7;5;2;47,9
22920006604000;3;2;1;0,0
22920006605000;13;8;5;42,5
22920006606000;171;86;85;39,0
22920006607000;1649;782;867;44,3
22920006608000;1226;597;629;35,8
22920006609000;456;213;243;40,6
22920006610000;14;7;7;48,1
22920006611000;7;3;4;19,3
22920006612000;9;5;4;21,9
22920006613000;24;14;10;47,9
22920006614000;45;21;24;41,0
22920006615000;47;26;21;34,7
22920006616000;500;243;257;44,1
22920006617000;744;335;409;49,1
22920006618000;16;9;7;35,1
22920006619000;25;14;11;40,9
22920006620000;19;8;11;28,3
22920006621000;17;11;6;33,9
22920006622000;12;7;5;43,3
22920006623000;29;16;13;30,9
22920006624000;103;52;51;36,7
22920006625000;21;10;11;37,0
22920006630000;4;3;1;0,0
22920006642000;24;14;10;41,6
22920006643000;8;5;3;38,3
22920006649000;5;3;2;62,8
22920006654000;40;20;20;41,5
22920006655000;70;37;33;35,7
22920006656000;5;2;3;40,0
22920006658000;35;23;12;38,1
22920006659000;6;2;4;51,5
22920006661000;17;7;10;29,1
22920006662000;13;8;5;49,2
22920006664000;18;8;10;35,4
22920006665000;35;17;18;43,9
22920006666000;14;6;8;62,1
22920006667000;8;5;3;51,5
22920006668000;35;19;16;39,2
22920006669000;5;3;2;37,8
22920006670000;8;3;5;35,5
22920006671000;29;17;12;34,5
22920006672000;1;0;1;0,0
22920006673000;298;161;137;34,5
22920006674000;36;20;16;50,1
22920006675000;45;25;20;41,6
22920006676000;144;82;62;38,8
22920006677000;266;135;131;37,0
22920006678000;478;236;242;35,8
22920006679000;14;7;7;38,1
22920006680000;15;12;3;39,5
22920006681000;15;9;6;44,7
22920006682000;6;3;3;29,7
22920006686000;4;2;2;0,0
22920006687000;10;6;4;46,1
22920006688000;35;18;17;40,1
22920006689000;106;54;52;39,3
22920006690000;38;22;16;35,3
22920006691000;57;30;27;40,8
22920006692000;27;16;11;34,9
22920006693000;224;113;111;39,0
22920006694000;69;39;30;38,2
22920006695000;13;6;7;51,6
22920006696000;13;7;6;48,1
22920006697000;38;19;19;45,4
22920006698000;9;6;3;48,8
22920006699000;81;42;39;36,5
22920006700000;89;40;49;40,4
22920006701000;47;24;23;35,1
22920006702000;29;13;16;37,6
22920006724000;11;6;5;25,7
22920006725000;1;1;0;0,0
22920006726000;25;10;15;33,2
22920006727000;12;6;6;51,8
22920006728000;11;6;5;53,2
22920006729000;3;0;3;0,0
22920006730000;21;11;10;42,7
22920006731000;20;11;9;42,4
22920006732000;7;4;3;62,6
22920006733000;58;30;28;43,2
22920006734000;30;18;12;35,8
22920006735000;33;20;13;43,0
22920006736000;741;371;370;39,6
22920006737000;826;411;415;42,8
22920006738000;164;80;84;45,3
22920006739000;52;26;26;42,9
22920006740000;31;11;20;29,8
22920006741000;16;8;8;40,4
22920006742000;9;6;3;54,0
22920006743000;24;14;10;44,3
22920006744000;35;20;15;41,0
22920006745000;26;16;10;37,6
22920006746000;26;13;13;39,0
22920006747000;114;59;55;42,0
22920006748000;203;96;107;43,0
22920006749000;61;35;26;37,6
22920006750000;23;11;12;44,2
22920006751000;38;17;21;49,0
22920006752000;58;29;29;35,2
22920006753000;3;1;2;0,0
22920006754000;7;2;5;33,3
22920006755000;190;103;87;33,1
22920006814000;2;2;0;0,0
22920006815000;13;6;7;31,5
22920006831000;1;1;0;0,0
22920006832000;2;1;1;0,0
22920006870000;3;2;1;0,0
22920006871000;3;1;2;0,0
22920006872000;20;10;10;38,4
22920006873000;9;6;3;48,4
22920006899000;2;2;0;0,0
22920006900000;26;14;12;37,6
22920006901000;24;14;10;42,8
22920006902000;4;1;3;0,0
22920006924000;7;4;3;30,0
22920006925000;42;21;21;39,7
22920006926000;69;37;32;38,8
22920006927000;48;26;22;40,9
22920006928000;7;5;2;31,0
22920006989000;8;2;6;52,0
22920007007000;1;0;1;0,0
22920007008000;1;0;1;0,0
22920007029000;18;10;8;35,6
22920007040000;338;167;171;31,8
22920007044000;8;5;3;36,0
22920007045000;19;11;8;40,5
22920007046000;21;7;14;31,4
22920007047000;35;17;18;43,1
22920007048000;71;38;33;37,5
22920007049000;479;228;251;36,8
22920007051000;94;51;43;31,9
22920007052000;28;15;13;45,5
22920007057000;39;19;20;50,4
22920007058000;8;5;3;42,4
22920007059000;25;13;12;33,2
22920007060000;19;9;10;45,9
22920007061000;41;18;23;42,5
22920007062000;46;23;23;35,0
22920007081000;5;2;3;28,0
22930006553000;2;1;1;0,0
22930006554000;33;17;16;39,8
22930006555000;76;33;43;38,9
22930006556000;167;87;80;34,7
22930006557000;362;192;170;39,2
22930006558000;1391;691;700;41,8
22930006559000;2452;1193;1259;44,6
22930006560000;1962;982;980;38,6
22930006561000;1827;916;911;39,7
22930006562000;390;195;195;33,6
22930006564000;12;6;6;52,8
22930006565000;35;17;18;34,9
22930006566000;25;14;11;39,7
22930006571000;6;4;2;58,3
22930006573000;2;1;1;0,0
22930006581000;3;2;1;0,0
22930006582000;2;1;1;0,0
22930006583000;7;2;5;32,0
22930006584000;5;2;3;15,8
22930006585000;8;5;3;49,1
22930006586000;8;3;5;27,0
22930006588000;3;3;0;0,0
22930006589000;10;6;4;40,3
22930006590000;12;5;7;45,2
22930006591000;207;98;109;43,4
22930006592000;837;418;419;41,6
22930006593000;94;62;32;32,9
22930006594000;5;2;3;21,4
22930006595000;29;15;14;35,8
22930006596000;14;8;6;42,3
22930006597000;6;3;3;38,7
22930006598000;9;4;5;34,4
22930006599000;7;1;6;38,0
22930006600000;12;6;6;46,2
22930006601000;13;5;8;34,6
22930006602000;147;72;75;36,2
22930006603000;237;124;113;30,3
22930006604000;33;16;17;41,5
22930006605000;21;13;8;53,4
22930006606000;381;185;196;45,7
22930006607000;1238;588;650;43,2
22930006608000;227;108;119;42,3
22930006609000;216;114;102;36,0
22930006610000;19;14;5;38,4
22930006611000;12;9;3;46,4
22930006612000;5;1;4;30,4
22930006614000;17;8;9;41,9
22930006615000;2;1;1;0,0
22930006616000;173;81;92;35,4
22930006617000;553;286;267;38,0
22930006618000;7;5;2;39,4
22930006619000;22;13;9;32,1
22930006620000;7;4;3;54,0
22930006621000;22;11;11;27,2
22930006622000;1;1;0;0,0
22930006623000;8;4;4;42,1
22930006624000;18;10;8;45,7
22930006625000;28;14;14;36,9
22930006626000;17;7;10;42,1
22930006627000;4;2;2;0,0
22930006630000;4;2;2;0,0
22930006641000;9;5;4;46,0
22930006650000;2;1;1;0,0
22930006651000;9;5;4;57,8
22930006654000;10;6;4;29,4
22930006655000;49;21;28;43,3
22930006656000;100;54;46;38,8
22930006657000;225;111;114;44,2
22930006658000;50;28;22;37,5
22930006659000;33;18;15;42,6
22930006661000;1;1;0;0,0
22930006662000;29;12;17;36,3
22930006665000;2;1;1;0,0
22930006667000;37;22;15;39,6
22930006668000;2;1;1;0,0
22930006669000;26;11;15;38,2
22930006670000;2;1;1;0,0
22930006671000;75;47;28;30,3
22930006672000;19;10;9;46,9
22930006673000;16;7;9;38,8
22930006674000;21;15;6;33,3
22930006675000;17;11;6;33,6
22930006676000;13;7;6;39,2
22930006677000;53;26;27;32,0
22930006678000;220;119;101;36,1
22930006679000;40;23;17;41,6
22930006688000;19;12;7;36,0
22930006691000;53;30;23;38,1
22930006692000;246;132;114;35,1
22930006693000;503;232;271;47,8
22930006694000;667;283;384;50,9
22930006695000;95;47;48;37,4
22930006696000;7;3;4;29,4
22930006697000;4;2;2;0,0
22930006698000;17;9;8;45,9
22930006699000;12;7;5;49,7
22930006700000;12;7;5;41,4
22930006701000;41;23;18;35,2
22930006702000;337;164;173;40,4
22930006703000;26;15;11;34,5
22930006704000;47;21;26;37,7
22930006706000;21;11;10;47,5
22930006708000;4;1;3;0,0
22930006709000;24;13;11;40,5
22930006710000;24;12;12;50,2
22930006711000;1;0;1;0,0
22930006712000;4;2;2;0,0
22930006713000;7;4;3;39,6
22930006714000;13;8;5;34,8
22930006723000;4;1;3;0,0
22930006724000;2;1;1;0,0
22930006725000;2;1;1;0,0
22930006726000;24;11;13;44,6
22930006727000;49;27;22;44,4
22930006728000;46;17;29;31,2
22930006729000;10;7;3;46,9
22930006730000;16;8;8;49,6
22930006731000;12;8;4;29,1
22930006732000;18;11;7;38,2
22930006733000;8;5;3;23,1
22930006734000;70;39;31;37,4
22930006735000;25;11;14;36,1
22930006736000;300;159;141;35,7
22930006737000;102;49;53;39,6
22930006738000;33;15;18;42,5
22930006739000;9;5;4;33,0
22930006740000;19;8;11;44,1
22930006741000;19;7;12;29,0
22930006742000;50;25;25;39,1
22930006743000;10;3;7;40,3
22930006744000;100;58;42;29,0
22930006745000;25;12;13;34,0
22930006746000;23;15;8;38,2
22930006747000;23;10;13;43,5
22930006748000;64;27;37;37,8
22930006749000;41;22;19;39,5
22930006750000;30;14;16;33,1
22930006751000;350;180;170;39,9
22930006752000;208;102;106;33,0
22930006753000;5;3;2;19,2
22930006754000;10;4;6;49,3
22930006755000;29;13;16;45,6
22930006756000;65;43;22;36,1
22930006813000;4;2;2;0,0
22930006814000;7;4;3;62,9
22930006815000;2;1;1;0,0
22930006831000;4;2;2;0,0
22930006866000;5;4;1;50,6
22930006867000;67;33;34;47,6
22930006868000;122;59;63;51,2
22930006869000;19;13;6;47,2
22930006870000;5;3;2;68,0
22930006871000;8;4;4;43,3
22930006872000;41;22;19;44,1
22930006873000;9;5;4;44,4
22930006888000;1;1;0;0,0
22930006889000;4;2;2;0,0
22930006890000;1;0;1;0,0
22930006891000;17;11;6;40,8
22930006892000;34;14;20;46,7
22930006924000;8;4;4;31,5
22930006925000;116;58;58;47,5
22930006926000;359;185;174;41,0
22930006927000;25;11;14;38,6
22930006935000;6;3;3;23,8
22930006990000;2;1;1;0,0
22930007012000;1;1;0;0,0
22930007020000;6;4;2;37,7
22930007029000;9;5;4;34,6
22930007030000;46;26;20;39,3
22930007044000;2;1;1;0,0
22930007045000;53;33;20;39,8
22930007046000;50;29;21;30,4
22930007047000;31;12;19;39,0
22930007048000;58;28;30;39,8
22930007049000;118;60;58;34,2
22930007050000;77;37;40;40,4
22930007051000;72;38;34;35,3
22930007052000;17;10;7;55,6
22930007058000;26;11;15;35,8
22930007059000;24;13;11;45,5
22930007060000;13;8;5;33,8
22930007061000;1;0;1;0,0
22930007062000;68;36;32;36,7
22930007063000;18;8;10;46,3
22930007072000;2;2;0;0,0
22930007086000;6;5;1;34,5
22930007089000;6;2;4;65,8
22930007136000;3;1;2;0,0
22930007154000;1;1;0;0,0
22930007156000;41;22;19;55,7
22930007157000;3;1;2;0,0
22940006550000;3;2;1;0,0
22940006552000;22;9;13;39,1
22940006553000;162;83;79;36,6
22940006554000;20;11;9;38,4
22940006555000;19;7;12;50,5
22940006556000;14;7;7;44,8
22940006557000;353;172;181;42,3
22940006558000;422;213;209;37,9
22940006559000;211;109;102;44,4
22940006560000;1264;654;610;38,8
22940006561000;876;413;463;41,7
22940006562000;6;3;3;27,5
22940006563000;2;2;0;0,0
22940006566000;3;2;1;0,0
22940006573000;2;1;1;0,0
22940006577000;2;1;1;0,0
22940006579000;11;7;4;35,5
22940006580000;14;9;5;36,8
22940006581000;14;5;9;31,1
22940006582000;8;3;5;44,4
22940006583000;21;8;13;45,4
22940006584000;9;5;4;33,0
22940006585000;56;28;28;37,1
22940006586000;42;24;18;33,0
22940006587000;11;5;6;30,5
22940006588000;20;13;7;45,7
22940006589000;16;8;8;27,4
22940006590000;8;6;2;36,6
22940006591000;28;15;13;42,6
22940006592000;238;113;125;30,7
22940006593000;7;2;5;38,4
22940006594000;32;15;17;33,1
22940006595000;17;10;7;45,6
22940006596000;25;15;10;36,9
22940006597000;19;10;9;50,2
22940006598000;35;20;15;31,6
22940006599000;33;19;14;44,2
22940006600000;26;9;17;44,7
22940006601000;59;27;32;33,9
22940006602000;179;88;91;31,2
22940006603000;6;3;3;45,7
22940006604000;4;3;1;0,0
22940006605000;5;1;4;40,0
22940006606000;66;35;31;40,8
22940006607000;100;65;35;39,2
22940006608000;38;18;20;40,1
22940006609000;9;4;5;18,3
22940006610000;13;8;5;41,0
22940006611000;4;3;1;0,0
22940006613000;2;1;1;0,0
22940006614000;10;5;5;59,0
22940006616000;15;8;7;31,7
22940006617000;13;7;6;29,0
22940006618000;7;3;4;25,9
22940006619000;6;3;3;21,5
22940006620000;18;13;5;36,9
22940006621000;1;1;0;0,0
22940006625000;4;3;1;0,0
22940006627000;6;3;3;51,0
22940006632000;2;1;1;0,0
22940006641000;4;1;3;0,0
22940006651000;11;5;6;42,5
22940006652000;27;13;14;31,1
22940006653000;43;18;25;45,6
22940006654000;61;29;32;43,4
22940006655000;17;6;11;41,4
22940006656000;61;32;29;40,5
22940006657000;206;112;94;39,0
22940006658000;41;22;19;46,3
22940006659000;3;2;1;0,0
22940006660000;16;9;7;42,9
22940006661000;35;20;15;37,0
22940006662000;5;2;3;44,6
22940006664000;13;8;5;43,5
22940006665000;2;1;1;0,0
22940006668000;2;1;1;0,0
22940006669000;33;17;16;45,4
22940006670000;17;7;10;42,5
22940006671000;21;11;10;39,2
22940006672000;1;1;0;0,0
22940006673000;30;12;18;36,9
22940006675000;13;8;5;54,7
22940006676000;10;6;4;38,6
22940006677000;5;3;2;53,6
22940006678000;31;14;17;39,1
22940006679000;22;9;13;30,0
22940006685000;9;4;5;48,1
22940006687000;17;8;9;39,9
22940006688000;3;2;1;0,0
22940006689000;30;19;11;38,4
22940006690000;16;10;6;50,5
22940006691000;19;7;12;42,0
22940006692000;83;37;46;47,5
22940006693000;543;242;301;36,4
22940006694000;198;99;99;45,4
22940006695000;40;22;18;32,9
22940006696000;34;17;17;36,4
22940006697000;97;51;46;35,0
22940006698000;93;46;47;42,8
22940006699000;93;53;40;35,5
22940006700000;61;32;29;42,7
22940006701000;8;6;2;24,4
22940006702000;4;2;2;0,0
22940006703000;13;8;5;31,3
22940006704000;6;2;4;23,8
22940006705000;4;3;1;0,0
22940006706000;5;2;3;14,8
22940006709000;3;1;2;0,0
22940006713000;63;38;25;37,6
22940006714000;33;20;13;42,0
22940006717000;11;7;4;30,7
22940006718000;31;19;12;36,3
22940006719000;59;30;29;42,4
22940006720000;9;5;4;54,0
22940006722000;2;1;1;0,0
22940006723000;10;6;4;33,7
22940006724000;14;8;6;42,1
22940006725000;23;12;11;46,3
22940006726000;29;13;16;38,4
22940006727000;89;44;45;41,3
22940006728000;12;5;7;42,3
22940006729000;7;3;4;43,9
22940006730000;3;1;2;0,0
22940006731000;6;4;2;27,3
22940006733000;3;1;2;0,0
22940006734000;10;5;5;51,1
22940006735000;6;3;3;50,7
22940006736000;30;15;15;43,9
22940006737000;21;12;9;35,0
22940006738000;75;39;36;39,9
22940006739000;21;9;12;40,7
22940006740000;19;12;7;37,3
22940006741000;45;23;22;34,4
22940006742000;6;2;4;47,8
22940006743000;600;308;292;39,0
22940006744000;58;30;28;34,7
22940006745000;7;3;4;35,7
22940006746000;26;14;12;52,0
22940006747000;21;10;11;44,9
22940006748000;23;14;9;42,2
22940006749000;54;31;23;46,7
22940006750000;34;16;18;40,9
22940006751000;42;22;20;47,7
22940006752000;105;53;52;37,0
22940006753000;109;58;51;33,5
22940006754000;47;24;23;44,5
22940006755000;10;2;8;30,1
22940006756000;5;2;3;43,6
22940006757000;2;1;1;0,0
22940006811000;4;3;1;0,0
22940006812000;7;4;3;50,4
22940006813000;17;9;8;47,2
22940006814000;2;1;1;0,0
22940006864000;2;1;1;0,0
22940006865000;17;8;9;44,1
22940006866000;24;14;10;49,3
22940006867000;44;25;19;45,9
22940006868000;12;5;7;52,0
22940006869000;31;16;15;44,1
22940006870000;26;13;13;36,3
22940006884000;4;2;2;0,0
22940006926000;94;47;47;41,6
22940006927000;16;8;8;48,8
22940006936000;2;2;0;0,0
22940007016000;1;1;0;0,0
22940007020000;31;17;14;46,2
22940007029000;3;2;1;0,0
22940007038000;6;3;3;35,0
22940007040000;12;6;6;45,8
22940007041000;78;42;36;41,4
22940007045000;48;24;24;38,1
22940007046000;204;106;98;33,7
22940007047000;61;32;29;35,2
22940007048000;58;29;29;41,0
22940007049000;17;8;9;39,1
22940007050000;22;14;8;36,4
22940007051000;15;10;5;40,3
22940007052000;6;3;3;47,2
22940007055000;1;0;1;0,0
22940007056000;2;1;1;0,0
22940007058000;12;8;4;34,7
22940007059000;12;4;8;36,0
22940007060000;4;3;1;0,0
22940007061000;8;5;3;48,9
22940007062000;23;13;10;33,0
22940007063000;26;13;13;53,1
22940007072000;2;1;1;0,0
22940007089000;4;2;2;0,0
22940007104000;3;1;2;0,0
22940007155000;6;3;3;69,8
22940007156000;10;6;4;53,9
22950006546000;4;2;2;0,0
22950006547000;33;21;12;36,1
22950006548000;33;17;16;47,8
22950006549000;80;38;42;41,7
22950006550000;40;22;18;40,6
22950006551000;28;13;15;37,3
22950006552000;75;40;35;42,9
22950006553000;12;6;6;52,5
22950006554000;15;10;5;56,5
22950006555000;36;19;17;39,5
22950006556000;44;22;22;50,8
22950006557000;389;203;186;42,3
22950006558000;852;417;435;38,0
22950006559000;273;138;135;35,8
22950006560000;350;161;189;47,3
22950006561000;231;119;112;39,8
22950006562000;13;8;5;26,7
22950006563000;8;5;3;45,8
22950006566000;4;2;2;0,0
22950006567000;9;4;5;19,9
22950006576000;2;1;1;0,0
22950006577000;15;8;7;38,5
22950006578000;12;5;7;58,8
22950006579000;77;40;37;35,8
22950006580000;12;6;6;57,4
22950006581000;18;11;7;41,8
22950006582000;13;4;9;36,8
22950006583000;4;3;1;0,0
22950006584000;2;2;0;0,0
22950006585000;28;14;14;41,5
22950006586000;12;7;5;53,9
22950006587000;18;12;6;58,1
22950006588000;16;9;7;38,8
22950006590000;5;3;2;24,0
22950006591000;15;8;7;45,7
22950006592000;4;2;2;0,0
22950006593000;12;6;6;35,1
22950006594000;30;16;14;32,4
22950006595000;2;1;1;0,0
22950006598000;21;12;9;39,8
22950006599000;30;15;15;29,1
22950006600000;39;17;22;39,1
22950006601000;14;6;8;66,1
22950006602000;20;12;8;50,7
22950006603000;52;30;22;35,7
22950006604000;26;11;15;30,5
22950006605000;11;5;6;49,2
22950006606000;20;9;11;35,8
22950006607000;23;14;9;34,8
22950006608000;16;8;8;41,4
22950006609000;31;18;13;37,0
22950006610000;5;2;3;22,8
22950006611000;3;2;1;0,0
22950006612000;11;6;5;55,3
22950006613000;18;9;9;38,8
22950006614000;19;10;9;48,4
22950006615000;6;4;2;25,0
22950006616000;17;9;8;51,4
22950006617000;31;15;16;33,9
22950006618000;1;0;1;0,0
22950006619000;1;1;0;0,0
22950006620000;15;7;8;56,8
22950006621000;14;8;6;49,3
22950006629000;3;2;1;0,0
22950006630000;12;7;5;34,9
22950006631000;9;6;3;43,6
22950006635000;14;8;6;45,2
22950006636000;25;13;12;41,1
22950006637000;1;0;1;0,0
22950006639000;5;3;2;36,2
22950006640000;3;1;2;0,0
22950006648000;3;1;2;0,0
22950006649000;3;1;2;0,0
22950006650000;11;5;6;53,0
22950006651000;33;16;17;45,9
22950006652000;15;6;9;42,3
22950006653000;16;8;8;35,3
22950006654000;3;0;3;0,0
22950006655000;30;14;16;45,1
22950006656000;4;1;3;0,0
22950006657000;71;35;36;42,0
22950006658000;11;5;6;46,5
22950006659000;115;59;56;36,6
22950006660000;310;155;155;39,7
22950006661000;71;41;30;38,5
22950006662000;7;5;2;44,7
22950006663000;21;13;8;33,0
22950006664000;15;8;7;52,7
22950006665000;2;1;1;0,0
22950006669000;4;2;2;0,0
22950006670000;3;2;1;0,0
22950006671000;17;9;8;39,9
22950006672000;15;7;8;44,3
22950006673000;27;14;13;32,1
22950006674000;8;4;4;41,0
22950006675000;2;1;1;0,0
22950006676000;35;19;16;34,9
22950006677000;13;9;4;42,2
22950006679000;15;6;9;51,5
22950006681000;1;1;0;0,0
22950006682000;4;2;2;0,0
22950006683000;19;11;8;38,8
22950006684000;26;14;12;42,4
22950006685000;44;24;20;39,6
22950006686000;13;8;5;33,0
22950006687000;12;8;4;42,3
22950006688000;7;3;4;36,3
22950006690000;8;6;2;37,0
22950006691000;136;73;63;43,1
22950006692000;539;283;256;40,0
22950006693000;180;96;84;47,8
22950006694000;514;244;270;42,7
22950006695000;62;32;30;35,0
22950006696000;15;8;7;36,9
22950006697000;8;4;4;26,1
22950006701000;3;2;1;0,0
22950006705000;15;7;8;47,7
22950006708000;12;4;8;32,5
22950006709000;1;1;0;0,0
22950006712000;3;1;2;0,0
22950006718000;38;22;16;43,2
22950006719000;54;26;28;40,1
22950006720000;58;31;27;44,4
22950006721000;76;37;39;50,1
22950006722000;2;2;0;0,0
22950006724000;14;8;6;45,8
22950006725000;336;168;168;43,5
22950006726000;95;45;50;35,8
22950006727000;1;1;0;0,0
22950006736000;12;5;7;43,1
22950006737000;167;87;80;41,2
22950006738000;51;26;25;44,0
22950006739000;25;15;10;28,0
22950006740000;16;9;7;31,9
22950006741000;24;11;13;45,5
22950006742000;18;10;8;50,9
22950006743000;203;95;108;37,0
22950006744000;156;79;77;41,5
22950006745000;18;12;6;34,8
22950006746000;41;20;21;33,0
22950006747000;4;3;1;0,0
22950006748000;2;1;1;0,0
22950006749000;38;21;17;38,9
22950006750000;33;19;14;43,7
22950006751000;31;20;11;44,1
22950006752000;24;12;12;35,9
22950006753000;38;20;18;41,5
22950006754000;113;64;49;44,5
22950006755000;61;30;31;44,7
22950006756000;11;6;5;51,0
22950006757000;15;8;7;49,9
22950006810000;1;1;0;0,0
22950006811000;7;5;2;27,6
22950006857000;2;1;1;0,0
22950006858000;6;3;3;50,7
22950006859000;1;1;0;0,0
22950006860000;9;4;5;49,6
22950006861000;2;2;0;0,0
22950006862000;2;1;1;0,0
22950006864000;3;2;1;0,0
22950006866000;2;0;2;0,0
22950006867000;34;19;15;45,0
22950006875000;22;14;8;40,2
22950006876000;35;20;15;43,5
22950006877000;19;12;7;51,1
22950006881000;10;6;4;39,3
22950006882000;16;9;7;32,9
22950006883000;2;1;1;0,0
22950006884000;7;4;3;37,0
22950006926000;20;7;13;37,3
22950006937000;1;1;0;0,0
22950006938000;10;5;5;35,7
22950006987000;8;3;5;38,9
22950006989000;3;2;1;0,0
22950007013000;4;1;3;0,0
22950007014000;9;6;3;35,9
22950007015000;5;3;2;13,0
22950007016000;8;3;5;40,1
22950007019000;4;2;2;0,0
22950007020000;56;29;27;46,6
22950007038000;10;5;5;42,7
22950007039000;9;4;5;44,0
22950007040000;202;103;99;29,0
22950007041000;571;285;286;29,1
22950007044000;66;35;31;37,0
22950007045000;355;176;179;35,4
22950007046000;242;131;111;42,4
22950007047000;20;11;9;32,5
22950007048000;30;11;19;40,6
22950007052000;28;14;14;39,9
22950007055000;1;1;0;0,0
22950007056000;2;1;1;0,0
22950007057000;8;5;3;42,4
22950007059000;2;1;1;0,0
22950007060000;8;5;3;41,4
22950007062000;10;5;5;55,7
22950007063000;5;4;1;44,4
22950007064000;11;6;5;42,4
22950007088000;3;2;1;0,0
22950007090000;7;4;3;47,9
22950007106000;2;2;0;0,0
22950007153000;4;3;1;0,0
22950007154000;23;12;11;51,1
22950007155000;4;3;1;0,0
22960006546000;7;3;4;49,6
22960006547000;53;29;24;38,8
22960006548000;14;8;6;36,2
22960006550000;15;9;6;39,7
22960006551000;2;1;1;0,0
22960006552000;42;23;19;35,5
22960006553000;15;9;6;31,1
22960006554000;60;27;33;39,6
22960006555000;11;7;4;40,0
22960006556000;49;26;23;34,2
22960006557000;192;84;108;43,0
22960006558000;307;153;154;40,5
22960006559000;1511;764;747;38,5
22960006560000;912;477;435;41,8
22960006561000;69;33;36;34,7
22960006562000;100;46;54;30,5
22960006568000;21;8;13;35,8
22960006569000;4;2;2;0,0
22960006570000;3;2;1;0,0
22960006572000;4;1;3;0,0
22960006573000;3;2;1;0,0
22960006574000;1;1;0;0,0
22960006575000;5;4;1;25,2
22960006576000;10;5;5;42,8
22960006577000;14;8;6;44,9
22960006578000;9;4;5;59,6
22960006579000;11;5;6;43,6
22960006580000;5;1;4;37,2
22960006581000;18;6;12;40,1
22960006582000;62;32;30;36,8
22960006583000;11;4;7;51,8
22960006584000;86;45;41;33,7
22960006585000;246;114;132;47,7
22960006586000;37;20;17;32,9
22960006587000;12;6;6;39,8
22960006589000;6;4;2;40,2
22960006590000;15;7;8;45,6
22960006591000;35;20;15;49,1
22960006592000;26;11;15;30,1
22960006593000;13;5;8;35,2
22960006595000;7;2;5;26,9
22960006598000;8;4;4;44,1
22960006599000;25;14;11;36,4
22960006600000;25;14;11;35,6
22960006602000;32;23;9;53,9
22960006603000;75;38;37;40,3
22960006604000;7;3;4;34,6
22960006605000;26;18;8;35,4
22960006606000;20;10;10;44,5
22960006607000;47;20;27;39,3
22960006608000;24;13;11;42,3
22960006609000;16;9;7;39,8
22960006610000;12;10;2;40,8
22960006611000;37;18;19;31,2
22960006612000;3;1;2;0,0
22960006613000;11;5;6;43,6
22960006614000;15;8;7;39,9
22960006615000;3;1;2;0,0
22960006616000;1;1;0;0,0
22960006617000;8;2;6;33,5
22960006620000;26;16;10;47,8
22960006627000;4;3;1;0,0
22960006628000;5;3;2;53,4
22960006629000;18;10;8;41,3
22960006630000;1;1;0;0,0
22960006634000;4;2;2;0,0
22960006635000;45;18;27;43,3
22960006636000;35;25;10;28,7
22960006637000;9;3;6;33,9
22960006638000;21;10;11;31,8
22960006639000;6;4;2;21,2
22960006647000;7;3;4;29,6
22960006648000;8;4;4;33,3
22960006649000;16;7;9;40,1
22960006650000;12;5;7;38,2
22960006651000;42;22;20;40,4
22960006652000;5;3;2;27,4
22960006653000;102;53;49;39,2
22960006654000;432;226;206;34,5
22960006655000;6;2;4;39,5
22960006656000;4;3;1;0,0
22960006657000;17;11;6;55,9
22960006658000;4;2;2;0,0
22960006659000;2;1;1;0,0
22960006660000;408;209;199;40,7
22960006661000;7;2;5;35,1
22960006662000;13;5;8;36,8
22960006663000;28;15;13;55,4
22960006664000;16;9;7;54,5
22960006665000;5;2;3;45,8
22960006669000;42;23;19;28,5
22960006670000;1895;954;941;28,8
22960006671000;60;35;25;34,6
22960006672000;14;6;8;33,2
22960006673000;17;8;9;36,0
22960006674000;9;5;4;58,9
22960006676000;12;7;5;39,3
22960006677000;10;7;3;28,6
22960006679000;32;15;17;47,1
22960006680000;338;174;164;37,6
22960006681000;50;29;21;40,7
22960006682000;23;13;10;46,4
22960006683000;6;4;2;38,3
22960006685000;4;1;3;0,0
22960006687000;48;27;21;41,1
22960006688000;14;7;7;41,5
22960006689000;9;5;4;48,3
22960006691000;14;8;6;25,6
22960006692000;8;4;4;49,0
22960006693000;85;41;44;32,0
22960006694000;199;106;93;30,6
22960006700000;13;7;6;28,7
22960006701000;8;6;2;40,3
22960006708000;2;1;1;0,0
22960006720000;32;14;18;47,8
22960006721000;26;15;11;35,9
22960006722000;2;0;2;0,0
22960006723000;54;32;22;37,7
22960006724000;18;9;9;45,7
22960006725000;89;46;43;38,0
22960006726000;50;31;19;41,1
22960006727000;2;1;1;0,0
22960006736000;2;1;1;0,0
22960006737000;118;59;59;40,7
22960006738000;298;155;143;35,3
22960006739000;10;5;5;41,2
22960006740000;35;20;15;44,2
22960006741000;25;11;14;37,1
22960006742000;38;21;17;46,7
22960006743000;30;19;11;38,3
22960006744000;15;6;9;32,1
22960006745000;24;13;11;44,6
22960006746000;17;8;9;46,2
22960006747000;12;2;10;38,2
22960006748000;11;5;6;52,4
22960006749000;35;19;16;33,1
22960006750000;19;8;11;40,8
22960006751000;31;17;14;40,3
22960006752000;22;10;12;38,9
22960006753000;30;15;15;38,6
22960006754000;22;12;10;50,9
22960006755000;9;4;5;37,0
22960006809000;1;1;0;0,0
22960006843000;2;1;1;0,0
22960006854000;12;6;6;33,3
22960006855000;11;7;4;61,4
22960006856000;29;15;14;38,1
22960006857000;65;35;30;48,7
22960006858000;3;1;2;0,0
22960006859000;5;4;1;40,0
22960006876000;7;4;3;41,3
22960006877000;44;21;23;38,3
22960006878000;2;1;1;0,0
22960006926000;2;1;1;0,0
22960006927000;12;7;5;37,6
22960006938000;3;2;1;0,0
22960006939000;1;1;0;0,0
22960006942000;7;4;3;34,6
22960006943000;4;2;2;0,0
22960006987000;18;9;9;34,8
22960007004000;4;3;1;0,0
22960007012000;9;6;3;50,6
22960007013000;17;7;10;59,1
22960007014000;74;42;32;43,3
22960007015000;27;13;14;40,2
22960007016000;3;2;1;0,0
22960007019000;31;21;10;47,2
22960007020000;133;73;60;37,7
22960007036000;6;3;3;47,0
22960007037000;15;7;8;45,3
22960007038000;31;17;14;35,1
22960007039000;46;24;22;36,1
22960007040000;432;218;214;35,1
22960007041000;386;187;199;34,7
22960007043000;236;113;123;42,4
22960007044000;2087;999;1088;45,7
22960007045000;1168;584;584;38,3
22960007046000;69;34;35;43,4
22960007047000;26;14;12;42,2
22960007048000;4;1;3;0,0
22960007053000;2;1;1;0,0
22960007055000;2;1;1;0,0
22960007056000;21;11;10;30,8
22960007058000;6;3;3;62,7
22960007060000;11;4;7;48,0
22960007061000;3;3;0;0,0
22960007062000;1;0;1;0,0
22960007063000;5;2;3;23,2
22960007066000;1;1;0;0,0
22960007090000;14;6;8;42,7
22960007091000;2;1;1;0,0
22960007154000;69;34;35;36,1
22960007155000;61;35;26;43,0
22960007156000;10;7;3;29,3
22960007157000;6;3;3;59,2
22970006539000;2;2;0;0,0
22970006541000;3;1;2;0,0
22970006546000;8;4;4;44,9
22970006549000;7;3;4;37,6
22970006550000;3;2;1;0,0
22970006551000;1;0;1;0,0
22970006553000;46;25;21;35,3
22970006554000;59;31;28;38,5
22970006555000;3;2;1;0,0
22970006556000;12;7;5;28,9
22970006557000;3;2;1;0,0
22970006558000;96;55;41;38,3
22970006559000;85;46;39;47,4
22970006560000;24;13;11;56,8
22970006561000;43;23;20;43,3
22970006562000;19;8;11;44,2
22970006568000;4;3;1;0,0
22970006572000;6;3;3;30,8
22970006573000;3;1;2;0,0
22970006574000;13;7;6;44,8
22970006575000;8;4;4;34,9
22970006577000;2;2;0;0,0
22970006579000;10;7;3;50,3
22970006580000;15;8;7;39,6
22970006581000;12;9;3;38,0
22970006582000;4;3;1;0,0
22970006583000;15;10;5;56,3
22970006584000;13;6;7;34,7
22970006585000;10;5;5;54,1
22970006586000;6;2;4;31,8
22970006588000;2;1;1;0,0
22970006589000;11;5;6;46,5
22970006591000;31;13;18;33,4
22970006592000;9;3;6;27,3
22970006593000;8;5;3;27,6
22970006594000;1;1;0;0,0
22970006605000;10;5;5;32,6
22970006606000;36;23;13;35,7
22970006607000;56;27;29;40,6
22970006608000;3;1;2;0,0
22970006610000;16;8;8;31,4
22970006611000;6;2;4;33,8
22970006612000;17;9;8;39,7
22970006613000;110;59;51;35,9
22970006614000;109;54;55;40,3
22970006615000;25;16;9;36,9
22970006616000;11;6;5;32,1
22970006617000;11;6;5;44,4
22970006618000;21;10;11;28,2
22970006619000;12;7;5;47,8
22970006620000;2;1;1;0,0
22970006622000;9;6;3;27,2
22970006623000;29;16;13;41,9
22970006624000;27;16;11;39,6
22970006625000;29;15;14;50,8
22970006626000;21;11;10;48,2
22970006627000;34;18;16;34,8
22970006628000;4;2;2;0,0
22970006629000;10;7;3;39,4
22970006633000;3;2;1;0,0
22970006634000;7;4;3;34,3
22970006635000;230;111;119;41,8
22970006636000;12;7;5;30,1
22970006646000;2;1;1;0,0
22970006647000;32;24;8;41,2
22970006648000;23;11;12;31,5
22970006649000;52;30;22;41,1
22970006650000;21;14;7;32,7
22970006651000;50;23;27;45,7
22970006652000;62;26;36;35,8
22970006653000;71;36;35;40,5
22970006654000;240;115;125;33,0
22970006655000;66;37;29;36,7
22970006656000;50;18;32;58,1
22970006657000;40;21;19;41,9
22970006658000;1;1;0;0,0
22970006659000;110;58;52;31,9
22970006660000;1550;788;762;35,5
22970006661000;313;159;154;37,7
22970006662000;27;12;15;37,8
22970006663000;16;15;1;45,8
22970006664000;24;13;11;45,4
22970006665000;17;9;8;36,7
22970006666000;11;6;5;52,5
22970006667000;18;10;8;39,2
22970006668000;28;16;12;47,5
22970006669000;113;57;56;37,0
22970006670000;41;14;27;35,3
22970006671000;27;14;13;40,0
22970006672000;36;20;16;37,6
22970006673000;27;14;13;46,9
22970006674000;19;9;10;45,1
22970006676000;19;13;6;41,8
22970006677000;15;9;6;45,7
22970006678000;14;7;7;51,1
22970006679000;45;20;25;43,6
22970006680000;103;57;46;36,5
22970006681000;11;5;6;51,5
22970006682000;10;5;5;25,7
22970006683000;8;4;4;45,3
22970006684000;15;9;6;32,7
22970006685000;23;12;11;43,2
22970006686000;31;18;13;32,7
22970006687000;35;15;20;36,9
22970006688000;33;16;17;49,2
22970006689000;7;3;4;37,0
22970006693000;5;2;3;35,4
22970006694000;49;24;25;39,4
22970006695000;40;23;17;35,2
22970006696000;41;18;23;41,0
22970006697000;17;5;12;31,2
22970006710000;2;1;1;0,0
22970006711000;8;4;4;35,3
22970006712000;15;9;6;52,1
22970006713000;3;1;2;0,0
22970006723000;70;41;29;46,7
22970006726000;28;14;14;40,0
22970006727000;5;3;2;46,0
22970006728000;4;2;2;0,0
22970006729000;8;5;3;31,3
22970006730000;16;10;6;47,3
22970006731000;7;4;3;26,4
22970006732000;13;6;7;50,1
22970006733000;12;6;6;43,9
22970006734000;28;16;12;46,8
22970006735000;20;8;12;51,3
22970006736000;35;19;16;35,9
22970006737000;14;8;6;32,8
22970006738000;81;31;50;44,9
22970006739000;123;58;65;37,1
22970006740000;219;107;112;46,0
22970006741000;33;19;14;37,6
22970006742000;68;37;31;45,4
22970006743000;12;5;7;28,1
22970006744000;8;5;3;34,5
22970006745000;44;22;22;37,0
22970006746000;24;13;11;45,2
22970006747000;17;9;8;45,9
22970006748000;29;13;16;32,2
22970006749000;52;30;22;43,6
22970006750000;4;2;2;0,0
22970006753000;6;3;3;30,2
22970006754000;2;1;1;0,0
22970006808000;6;3;3;48,7
22970006810000;1;0;1;0,0
22970006830000;1;1;0;0,0
22970006831000;11;5;6;32,2
22970006840000;1;1;0;0,0
22970006841000;2;1;1;0,0
22970006842000;2;2;0;0,0
22970006843000;7;4;3;52,0
22970006844000;2;1;1;0,0
22970006852000;8;4;4;24,5
22970006853000;55;31;24;54,0
22970006854000;11;6;5;34,9
22970006855000;7;3;4;47,3
22970006856000;7;3;4;50,9
22970006857000;7;3;4;71,1
22970006926000;7;3;4;42,6
22970006927000;16;9;7;43,9
22970006938000;25;11;14;32,8
22970006939000;26;15;11;40,2
22970006941000;5;2;3;30,4
22970006942000;9;4;5;35,7
22970006987000;9;4;5;61,0
22970006996000;3;2;1;0,0
22970007013000;5;2;3;31,8
22970007014000;85;41;44;40,8
22970007015000;65;36;29;45,5
22970007016000;56;33;23;33,1
22970007017000;3;2;1;0,0
22970007020000;25;14;11;40,4
22970007021000;11;6;5;65,0
22970007036000;30;17;13;38,5
22970007037000;84;44;40;39,1
22970007038000;8;4;4;45,5
22970007039000;31;12;19;46,4
22970007040000;155;78;77;37,1
22970007041000;61;34;27;39,5
22970007042000;5;3;2;37,6
22970007043000;98;50;48;34,0
22970007044000;2340;1110;1230;46,4
22970007045000;1600;781;819;40,7
22970007046000;293;139;154;37,7
22970007047000;1;0;1;0,0
22970007054000;17;8;9;35,2
22970007055000;14;5;9;30,4
22970007056000;15;7;8;46,3
22970007057000;12;5;7;42,7
22970007058000;39;17;22;48,2
22970007059000;3;1;2;0,0
22970007060000;3;1;2;0,0
22970007061000;1;1;0;0,0
22970007062000;1;1;0;0,0
22970007091000;19;11;8;50,1
22970007154000;10;6;4;38,0
22970007155000;8;3;5;38,4
22970007156000;8;5;3;62,5
22970007157000;5;4;1;55,4
22970007159000;7;4;3;29,0
22980006533000;2;1;1;0,0
22980006535000;7;4;3;32,4
22980006536000;4;2;2;0,0
22980006537000;2;1;1;0,0
22980006541000;10;5;5;41,9
22980006542000;10;5;5;43,8
22980006544000;4;2;2;0,0
22980006545000;17;10;7;45,6
22980006546000;3;2;1;0,0
22980006547000;4;1;3;0,0
22980006550000;10;6;4;25,7
22980006551000;49;23;26;40,8
22980006552000;52;26;26;34,4
22980006558000;10;6;4;35,6
22980006559000;2;1;1;0,0
22980006562000;3;2;1;0,0
22980006563000;8;3;5;42,3
22980006569000;5;3;2;48,4
22980006570000;15;8;7;33,7
22980006571000;10;6;4;27,8
22980006573000;1;1;0;0,0
22980006574000;11;6;5;38,3
22980006575000;24;14;10;33,1
22980006576000;7;4;3;52,1
22980006577000;2;1;1;0,0
22980006578000;5;3;2;47,0
22980006579000;11;6;5;29,4
22980006580000;2;1;1;0,0
22980006581000;8;4;4;29,8
22980006583000;6;3;3;37,7
22980006585000;11;6;5;32,7
22980006586000;5;3;2;51,2
22980006587000;10;7;3;29,1
22980006588000;12;6;6;27,0
22980006589000;29;16;13;27,6
22980006590000;25;13;12;40,0
22980006591000;14;7;7;31,4
22980006592000;12;7;5;38,3
22980006593000;29;17;12;34,9
22980006594000;6;1;5;36,5
22980006604000;23;12;11;39,2
22980006605000;22;12;10;33,5
22980006606000;31;18;13;27,9
22980006607000;16;9;7;36,3
22980006608000;4;2;2;0,0
22980006611000;5;2;3;39,4
22980006612000;20;12;8;42,5
22980006613000;40;22;18;35,4
22980006614000;8;5;3;35,9
22980006616000;12;8;4;34,0
22980006617000;8;3;5;36,4
22980006618000;17;10;7;44,4
22980006621000;3;2;1;0,0
22980006622000;19;11;8;47,9
22980006623000;19;7;12;36,6
22980006624000;1;0;1;0,0
22980006625000;17;9;8;39,1
22980006626000;46;21;25;38,3
22980006627000;21;10;11;42,3
22980006629000;2;1;1;0,0
22980006630000;26;14;12;40,4
22980006631000;15;8;7;36,9
22980006632000;29;15;14;30,4
22980006633000;12;6;6;55,8
22980006634000;46;22;24;37,9
22980006635000;305;159;146;37,6
22980006636000;3;2;1;0,0
22980006637000;2;1;1;0,0
22980006647000;11;6;5;26,0
22980006648000;15;8;7;42,7
22980006649000;64;37;27;32,7
22980006650000;33;17;16;39,6
22980006651000;81;33;48;32,8
22980006652000;10;6;4;31,5
22980006654000;20;11;9;41,4
22980006655000;12;6;6;43,1
22980006656000;9;6;3;48,7
22980006657000;136;70;66;38,0
22980006658000;14;5;9;54,2
22980006659000;11;4;7;40,4
22980006661000;16;10;6;46,9
22980006662000;163;87;76;35,4
22980006663000;167;86;81;39,9
22980006664000;10;7;3;51,0
22980006665000;2;1;1;0,0
22980006666000;3;2;1;0,0
22980006668000;213;101;112;42,9
22980006669000;462;225;237;31,7
22980006670000;10;6;4;34,6
22980006671000;47;26;21;45,4
22980006672000;13;6;7;65,2
22980006673000;6;3;3;20,2
22980006674000;37;21;16;41,8
22980006675000;76;41;35;37,7
22980006676000;13;5;8;43,2
22980006677000;1;1;0;0,0
22980006678000;9;4;5;45,8
22980006679000;6;3;3;36,5
22980006680000;17;8;9;53,1
22980006681000;11;5;6;40,9
22980006682000;18;11;7;43,4
22980006683000;15;8;7;41,4
22980006684000;34;19;15;48,8
22980006693000;1;1;0;0,0
22980006694000;10;5;5;47,1
22980006696000;22;14;8;43,9
22980006697000;56;29;27;35,7
22980006698000;35;13;22;40,2
22980006711000;5;4;1;14,8
22980006712000;1;0;1;0,0
22980006723000;13;5;8;27,1
22980006724000;18;8;10;45,5
22980006725000;3;2;1;0,0
22980006726000;4;3;1;0,0
22980006727000;11;5;6;36,4
22980006728000;3;2;1;0,0
22980006729000;5;3;2;60,4
22980006730000;26;11;15;42,8
22980006731000;4;2;2;0,0
22980006733000;3;1;2;0,0
22980006734000;5;4;1;28,4
22980006735000;11;5;6;43,0
22980006736000;3;2;1;0,0
22980006737000;7;6;1;29,3
22980006738000;146;60;86;45,4
22980006739000;140;67;73;47,2
22980006740000;13;6;7;55,5
22980006741000;47;23;24;35,0
22980006742000;17;6;11;40,4
22980006743000;49;26;23;36,2
22980006744000;28;14;14;44,2
22980006745000;84;42;42;39,4
22980006746000;18;10;8;52,6
22980006747000;17;9;8;36,2
22980006748000;51;27;24;41,5
22980006749000;113;54;59;45,2
22980006750000;19;12;7;39,2
22980006751000;50;21;29;32,2
22980006752000;38;20;18;40,8
22980006753000;13;5;8;51,8
22980006754000;11;5;6;50,3
22980006779000;2;1;1;0,0
22980006806000;1;1;0;0,0
22980006807000;6;4;2;63,5
22980006808000;8;4;4;52,4
22980006844000;1;1;0;0,0
22980006845000;5;3;2;36,4
22980006846000;10;7;3;46,5
22980006847000;16;9;7;35,5
22980006848000;20;13;7;48,7
22980006849000;21;10;11;43,5
22980006850000;4;2;2;0,0
22980006851000;7;5;2;47,9
22980006852000;77;38;39;47,6
22980006853000;156;62;94;55,9
22980006854000;21;12;9;45,0
22980006855000;8;4;4;38,6
22980006938000;12;7;5;46,2
22980006939000;16;8;8;29,9
22980006941000;17;7;10;53,2
22980006942000;10;6;4;30,9
22980006986000;4;2;2;0,0
22980007007000;1;0;1;0,0
22980007014000;13;3;10;28,8
22980007015000;43;23;20;43,0
22980007016000;65;28;37;37,7
22980007021000;56;33;23;37,2
22980007035000;27;12;15;33,9
22980007036000;18;8;10;29,5
22980007037000;23;13;10;37,5
22980007038000;67;37;30;32,6
22980007039000;85;45;40;41,1
22980007040000;33;18;15;46,2
22980007041000;236;116;120;38,4
22980007042000;77;38;39;42,2
22980007043000;287;152;135;39,6
22980007044000;769;385;384;35,9
22980007045000;1532;772;760;36,6
22980007046000;409;217;192;34,9
22980007047000;57;24;33;38,9
22980007053000;3;2;1;0,0
22980007054000;4;2;2;0,0
22980007055000;4;3;1;0,0
22980007056000;12;6;6;39,6
22980007057000;21;12;9;38,4
22980007058000;17;10;7;49,1
22980007059000;14;7;7;36,5
22980007060000;17;11;6;37,8
22980007068000;6;4;2;36,7
22980007074000;1;1;0;0,0
22980007091000;6;2;4;55,3
22980007092000;14;8;6;40,6
22980007102000;4;2;2;0,0
22980007144000;17;10;7;61,2
22980007152000;5;2;3;50,6
22980007155000;4;2;2;0,0
22980007160000;12;5;7;25,8
22980007162000;1;0;1;0,0
22980007186000;1;0;1;0,0
22980007200000;5;2;3;21,8
22990006531000;1;1;0;0,0
22990006532000;4;2;2;0,0
22990006533000;7;4;3;44,1
22990006534000;16;9;7;36,2
22990006535000;41;15;26;43,0
22990006536000;19;11;8;28,8
22990006537000;32;15;17;43,2
22990006538000;9;4;5;37,0
22990006539000;14;6;8;44,9
22990006540000;13;8;5;36,5
22990006541000;7;4;3;53,7
22990006542000;10;5;5;40,3
22990006543000;20;7;13;36,5
22990006546000;13;6;7;32,6
22990006547000;26;14;12;46,9
22990006548000;4;2;2;0,0
22990006549000;4;2;2;0,0
22990006551000;10;4;6;49,2
22990006552000;4;1;3;0,0
22990006564000;2;1;1;0,0
22990006568000;5;3;2;38,2
22990006571000;15;10;5;42,5
22990006572000;6;3;3;51,7
22990006573000;1;1;0;0,0
22990006574000;1;1;0;0,0
22990006576000;8;6;2;24,0
22990006582000;9;4;5;49,6
22990006583000;22;13;9;24,4
22990006584000;18;10;8;33,6
22990006585000;16;10;6;52,2
22990006586000;16;9;7;38,4
22990006587000;63;36;27;41,5
22990006588000;37;25;12;26,8
22990006589000;16;10;6;34,3
22990006590000;5;4;1;33,2
22990006592000;5;2;3;20,4
22990006603000;8;5;3;32,9
22990006604000;11;7;4;26,0
22990006605000;46;22;24;33,0
22990006606000;39;20;19;34,2
22990006607000;55;31;24;44,1
22990006608000;21;13;8;39,9
22990006609000;3;3;0;0,0
22990006610000;5;2;3;69,6
22990006611000;5;2;3;23,8
22990006612000;13;7;6;37,3
22990006613000;14;7;7;38,4
22990006616000;31;15;16;43,7
22990006617000;12;5;7;52,0
22990006618000;9;6;3;35,8
22990006621000;1;1;0;0,0
22990006623000;9;5;4;21,1
22990006624000;9;5;4;31,1
22990006625000;46;24;22;37,5
22990006626000;21;11;10;49,8
22990006627000;14;7;7;42,4
22990006628000;29;14;15;47,0
22990006629000;24;9;15;34,4
22990006630000;11;6;5;37,5
22990006631000;12;6;6;20,8
22990006632000;12;6;6;29,1
22990006635000;36;21;15;36,6
22990006636000;3;2;1;0,0
22990006646000;12;7;5;51,7
22990006647000;19;9;10;46,6
22990006648000;8;4;4;56,1
22990006649000;14;7;7;41,1
22990006650000;43;24;19;38,0
22990006651000;12;6;6;41,3
22990006656000;5;1;4;33,2
22990006657000;32;18;14;50,8
22990006658000;50;31;19;44,4
22990006659000;35;16;19;32,7
22990006660000;21;12;9;49,5
22990006661000;22;10;12;34,8
22990006662000;28;14;14;35,6
22990006663000;367;188;179;38,4
22990006664000;57;29;28;35,6
22990006665000;10;4;6;39,8
22990006666000;7;5;2;34,7
22990006667000;25;13;12;40,7
22990006668000;89;50;39;43,1
22990006669000;18;7;11;36,5
22990006670000;17;10;7;32,6
22990006671000;6;3;3;35,8
22990006672000;55;29;26;38,9
22990006673000;24;9;15;29,3
22990006674000;42;22;20;37,9
22990006675000;9;3;6;44,6
22990006677000;3;2;1;0,0
22990006678000;3;1;2;0,0
22990006679000;9;5;4;45,2
22990006680000;141;73;68;37,1
22990006681000;208;107;101;33,5
22990006682000;96;44;52;41,3
22990006683000;37;19;18;45,6
22990006684000;4;1;3;0,0
22990006696000;49;24;25;47,8
22990006697000;22;12;10;49,1
22990006698000;27;15;12;43,0
22990006699000;6;5;1;43,0
22990006700000;8;3;5;41,4
22990006713000;4;3;1;0,0
22990006714000;1;0;1;0,0
22990006724000;12;6;6;54,6
22990006725000;7;4;3;67,3
22990006726000;20;11;9;57,9
22990006727000;11;5;6;53,9
22990006728000;17;8;9;41,1
22990006729000;10;5;5;50,7
22990006730000;14;6;8;38,9
22990006731000;15;7;8;40,6
22990006732000;18;9;9;36,2
22990006733000;6;3;3;50,8
22990006734000;48;25;23;36,9
22990006735000;51;27;24;37,6
22990006736000;13;9;4;40,2
22990006737000;39;21;18;48,3
22990006738000;18;6;12;37,8
22990006739000;5;3;2;66,0
22990006740000;19;8;11;51,4
22990006744000;213;110;103;36,3
22990006745000;180;84;96;42,2
22990006746000;45;18;27;41,4
22990006747000;27;18;9;40,5
22990006748000;101;47;54;39,9
22990006749000;517;253;264;42,9
22990006750000;28;17;11;41,2
22990006751000;21;11;10;42,0
22990006752000;56;23;33;32,8
22990006753000;44;25;19;41,5
22990006754000;45;23;22;43,1
22990006755000;14;9;5;49,9
22990006756000;12;5;7;37,5
22990006757000;2;1;1;0,0
22990006779000;9;6;3;37,4
22990006783000;11;7;4;47,1
22990006784000;5;1;4;39,0
22990006802000;6;4;2;59,5
22990006803000;11;5;6;44,9
22990006804000;4;3;1;0,0
22990006805000;10;4;6;46,7
22990006806000;11;5;6;56,2
22990006807000;1;0;1;0,0
22990006831000;3;2;1;0,0
22990006837000;1;0;1;0,0
22990006840000;4;2;2;0,0
22990006842000;4;3;1;0,0
22990006843000;10;4;6;49,8
22990006844000;18;8;10;52,2
22990006845000;72;33;39;39,3
22990006846000;48;22;26;53,9
22990006848000;6;2;4;38,0
22990006849000;36;18;18;42,3
22990006850000;26;14;12;46,9
22990006851000;16;6;10;43,6
22990006852000;20;10;10;41,9
22990006853000;13;7;6;47,8
22990006854000;12;4;8;41,9
22990006929000;4;2;2;0,0
22990006930000;2;1;1;0,0
22990006937000;9;5;4;38,4
22990006938000;25;12;13;43,0
22990006939000;108;53;55;41,9
22990006940000;55;31;24;41,5
22990006941000;29;14;15;41,1
22990006942000;2;1;1;0,0
22990006986000;10;5;5;45,5
22990007014000;10;5;5;48,1
22990007015000;3;2;1;0,0
22990007016000;4;2;2;0,0
22990007021000;19;12;7;50,4
22990007022000;42;18;24;30,9
22990007035000;13;8;5;26,0
22990007038000;1;1;0;0,0
22990007039000;10;6;4;38,4
22990007040000;68;40;28;30,9
22990007041000;90;49;41;33,4
22990007042000;268;132;136;36,0
22990007043000;130;73;57;39,1
22990007044000;103;47;56;34,7
22990007045000;612;317;295;32,0
22990007046000;31;19;12;45,6
22990007047000;24;12;12;35,6
22990007048000;1;1;0;0,0
22990007053000;20;15;5;40,7
22990007056000;16;8;8;34,2
22990007057000;17;9;8;37,9
22990007058000;24;12;12;40,2
22990007059000;53;28;25;45,3
22990007060000;14;9;5;33,1
22990007069000;4;2;2;0,0
22990007074000;7;4;3;39,0
22990007075000;1;1;0;0,0
22990007092000;19;9;10;57,3
22990007102000;18;9;9;36,4
22990007141000;3;1;2;0,0
22990007145000;2;1;1;0,0
22990007156000;4;2;2;0,0
22990007158000;7;4;3;41,0
22990007159000;1;1;0;0,0
22990007160000;4;3;1;0,0
22990007200000;6;2;4;46,3
23000006531000;2;1;1;0,0
23000006532000;3;1;2;0,0
23000006533000;2;1;1;0,0
23000006534000;4;3;1;0,0
23000006535000;13;7;6;29,8
23000006536000;1;1;0;0,0
23000006537000;3;2;1;0,0
23000006538000;1;0;1;0,0
23000006539000;13;5;8;32,5
23000006540000;12;6;6;41,7
23000006541000;6;3;3;43,8
23000006542000;6;4;2;47,3
23000006544000;38;21;17;41,9
23000006545000;14;7;7;37,4
23000006546000;8;5;3;46,3
23000006547000;39;22;17;31,3
23000006548000;1;1;0;0,0
23000006552000;5;2;3;26,2
23000006564000;5;3;2;55,2
23000006565000;16;8;8;42,1
23000006566000;10;7;3;40,8
23000006582000;14;8;6;39,9
23000006583000;3;2;1;0,0
23000006584000;17;8;9;30,9
23000006585000;23;10;13;40,3
23000006586000;11;5;6;48,9
23000006588000;22;9;13;34,0
23000006605000;27;15;12;48,2
23000006606000;40;20;20;41,4
23000006607000;16;9;7;31,9
23000006608000;9;5;4;62,7
23000006609000;13;6;7;41,4
23000006612000;3;1;2;0,0
23000006616000;13;5;8;31,5
23000006617000;2;1;1;0,0
23000006618000;5;3;2;22,0
23000006619000;5;2;3;36,6
23000006621000;6;3;3;48,2
23000006622000;34;17;17;51,4
23000006623000;7;3;4;40,6
23000006624000;67;31;36;42,4
23000006625000;506;236;270;43,2
23000006626000;12;8;4;39,9
23000006628000;34;19;15;38,7
23000006629000;68;34;34;48,5
23000006630000;34;16;18;35,3
23000006631000;6;3;3;47,5
23000006632000;23;15;8;40,1
23000006633000;4;1;3;0,0
23000006634000;206;112;94;44,3
23000006635000;43;26;17;41,2
23000006636000;12;7;5;44,0
23000006637000;5;4;1;54,4
23000006638000;2;1;1;0,0
23000006646000;2;1;1;0,0
23000006647000;35;18;17;39,4
23000006648000;286;142;144;39,3
23000006649000;163;85;78;33,3
23000006650000;72;41;31;41,4
23000006651000;26;12;14;44,7
23000006652000;10;5;5;37,0
23000006659000;40;21;19;30,3
23000006660000;6;3;3;43,8
23000006661000;5;4;1;32,0
23000006662000;26;12;14;48,7
23000006663000;93;49;44;35,6
23000006664000;19;12;7;43,3
23000006665000;18;8;10;44,7
23000006666000;132;71;61;40,6
23000006667000;15;5;10;30,7
23000006668000;26;12;14;26,3
23000006669000;17;10;7;51,6
23000006670000;17;10;7;45,7
23000006671000;22;10;12;37,5
23000006672000;21;14;7;39,3
23000006673000;130;59;71;46,2
23000006674000;36;19;17;50,1
23000006675000;3;1;2;0,0
23000006676000;8;4;4;51,6
23000006678000;19;9;10;37,2
23000006679000;32;18;14;41,0
23000006680000;201;97;104;37,7
23000006681000;202;95;107;42,3
23000006682000;149;79;70;43,4
23000006683000;37;18;19;46,6
23000006684000;6;3;3;31,3
23000006713000;5;3;2;59,8
23000006725000;7;2;5;46,9
23000006726000;13;6;7;34,2
23000006727000;2;2;0;0,0
23000006728000;21;11;10;38,5
23000006729000;33;18;15;37,2
23000006730000;57;27;30;40,2
23000006731000;72;42;30;43,7
23000006732000;145;77;68;41,1
23000006733000;415;195;220;43,4
23000006734000;18;6;12;31,3
23000006735000;61;28;33;40,7
23000006736000;81;46;35;44,1
23000006737000;40;19;21;40,5
23000006738000;4;2;2;0,0
23000006739000;20;9;11;46,4
23000006740000;40;21;19;35,4
23000006741000;8;4;4;50,0
23000006742000;22;8;14;37,8
23000006743000;30;15;15;40,0
23000006744000;265;132;133;35,5
23000006745000;134;73;61;36,5
23000006746000;32;14;18;38,5
23000006747000;132;60;72;38,3
23000006748000;173;79;94;49,0
23000006749000;35;21;14;42,3
23000006750000;35;21;14;40,9
23000006751000;40;24;16;45,1
23000006752000;21;11;10;38,8
23000006753000;40;19;21;36,8
23000006754000;21;11;10;35,2
23000006755000;60;30;30;45,9
23000006756000;6;3;3;54,8
23000006757000;7;6;1;36,6
23000006777000;1;1;0;0,0
23000006781000;27;17;10;45,9
23000006782000;27;11;16;40,7
23000006783000;18;12;6;48,9
23000006784000;21;9;12;42,2
23000006800000;2;1;1;0,0
23000006801000;12;6;6;49,7
23000006802000;2;2;0;0,0
23000006803000;2;0;2;0,0
23000006804000;15;4;11;56,5
23000006805000;1;0;1;0,0
23000006830000;2;1;1;0,0
23000006836000;3;2;1;0,0
23000006843000;4;2;2;0,0
23000006844000;17;7;10;33,5
23000006845000;8;4;4;48,4
23000006846000;13;9;4;52,2
23000006849000;13;8;5;53,5
23000006850000;21;10;11;46,3
23000006851000;10;5;5;61,3
23000006929000;1;1;0;0,0
23000006930000;10;5;5;35,9
23000006931000;2;2;0;0,0
23000006937000;26;10;16;39,1
23000006938000;42;25;17;41,0
23000006939000;54;26;28;42,2
23000006940000;9;6;3;55,7
23000006941000;1;1;0;0,0
23000006942000;1;1;0;0,0
23000006943000;1;0;1;0,0
23000006985000;25;14;11;51,0
23000007013000;1;0;1;0,0
23000007014000;40;24;16;40,4
23000007015000;36;15;21;60,4
23000007016000;547;254;293;46,6
23000007017000;213;111;102;44,8
23000007018000;6;3;3;50,7
23000007019000;35;19;16;43,2
23000007021000;2;1;1;0,0
23000007022000;53;29;24;38,4
23000007035000;121;62;59;30,9
23000007036000;7;4;3;32,6
23000007040000;42;18;24;36,5
23000007041000;65;36;29;36,2
23000007042000;41;25;16;35,0
23000007043000;10;4;6;34,9
23000007045000;28;12;16;32,1
23000007046000;3;2;1;0,0
23000007048000;22;12;10;28,6
23000007052000;13;7;6;38,5
23000007053000;8;5;3;51,6
23000007055000;5;4;1;40,4
23000007056000;2;1;1;0,0
23000007057000;9;4;5;44,9
23000007058000;154;81;73;35,6
23000007064000;9;4;5;33,4
23000007075000;5;3;2;46,4
23000007076000;5;2;3;64,2
23000007081000;21;11;10;22,1
23000007084000;13;8;5;43,1
23000007089000;6;3;3;36,8
23000007090000;2;1;1;0,0
23000007093000;17;10;7;39,5
23000007094000;12;5;7;46,8
23000007139000;12;7;5;42,6
23000007140000;2;1;1;0,0
23000007141000;17;9;8;48,9
23000007159000;2;1;1;0,0
23000007204000;23;12;11;37,9
23000007205000;10;7;3;22,3
23010006541000;5;1;4;66,8
23010006542000;5;3;2;55,2
23010006543000;49;30;19;38,1
23010006544000;43;20;23;45,7
23010006552000;1;1;0;0,0
23010006561000;5;3;2;34,6
23010006564000;4;3;1;0,0
23010006565000;12;6;6;43,5
23010006566000;9;6;3;45,8
23010006582000;5;3;2;27,8
23010006584000;10;4;6;29,4
23010006585000;11;6;5;48,6
23010006586000;1;1;0;0,0
23010006587000;6;3;3;60,2
23010006588000;61;34;27;35,3
23010006589000;13;6;7;31,8
23010006591000;5;3;2;52,2
23010006605000;27;12;15;37,4
23010006606000;25;12;13;41,1
23010006607000;10;6;4;38,2
23010006608000;8;3;5;37,5
23010006616000;23;13;10;35,2
23010006617000;2;0;2;0,0
23010006620000;23;12;11;34,9
23010006621000;11;6;5;50,2
23010006622000;6;5;1;36,7
23010006623000;7;4;3;36,7
23010006624000;3;2;1;0,0
23010006625000;138;72;66;45,4
23010006626000;23;11;12;47,8
23010006627000;12;5;7;47,7
23010006628000;31;17;14;42,0
23010006629000;29;19;10;37,6
23010006630000;48;23;25;29,0
23010006631000;123;71;52;41,8
23010006632000;21;10;11;39,7
23010006633000;254;111;143;45,1
23010006634000;167;82;85;45,1
23010006635000;7;4;3;28,7
23010006636000;29;15;14;48,5
23010006646000;8;4;4;33,0
23010006647000;190;93;97;38,7
23010006648000;1241;614;627;41,1
23010006649000;110;51;59;39,5
23010006650000;59;31;28;34,5
23010006651000;45;20;25;48,5
23010006652000;23;12;11;46,7
23010006663000;30;14;16;43,8
23010006664000;49;31;18;39,4
23010006665000;22;13;9;48,9
23010006666000;65;35;30;34,1
23010006667000;49;22;27;36,3
23010006669000;37;22;15;36,5
23010006670000;71;33;38;40,0
23010006671000;8;3;5;37,9
23010006672000;21;10;11;51,3
23010006673000;58;33;25;39,3
23010006674000;289;145;144;46,6
23010006675000;65;34;31;34,8
23010006676000;29;16;13;44,9
23010006677000;28;13;15;38,2
23010006678000;7;3;4;56,0
23010006679000;94;48;46;45,1
23010006680000;65;34;31;35,2
23010006681000;26;11;15;39,2
23010006682000;2;1;1;0,0
23010006712000;16;11;5;34,6
23010006714000;1;1;0;0,0
23010006727000;5;4;1;49,6
23010006728000;8;4;4;47,9
23010006729000;16;8;8;48,5
23010006730000;21;11;10;46,4
23010006731000;80;39;41;37,7
23010006732000;99;41;58;34,6
23010006733000;42;24;18;36,1
23010006734000;34;15;19;48,4
23010006735000;43;19;24;55,5
23010006736000;45;22;23;39,2
23010006737000;72;36;36;41,3
23010006738000;41;18;23;50,4
23010006739000;123;61;62;40,6
23010006740000;14;8;6;41,2
23010006742000;6;3;3;37,3
23010006743000;27;15;12;43,7
23010006744000;56;26;30;35,9
23010006745000;21;9;12;34,9
23010006746000;178;94;84;34,7
23010006747000;755;374;381;39,8
23010006748000;1000;468;532;48,1
23010006749000;542;267;275;39,1
23010006750000;21;12;9;47,9
23010006751000;34;18;16;35,8
23010006752000;32;18;14;40,1
23010006753000;54;31;23;44,2
23010006754000;71;37;34;30,9
23010006755000;9;7;2;41,6
23010006782000;22;12;10;48,5
23010006783000;33;16;17;40,5
23010006784000;17;12;5;39,8
23010006794000;18;11;7;43,6
23010006798000;13;9;4;33,5
23010006799000;18;11;7;45,2
23010006800000;7;2;5;42,6
23010006841000;7;3;4;37,3
23010006844000;15;9;6;31,7
23010006845000;4;2;2;0,0
23010006846000;15;9;6;51,3
23010006847000;1;1;0;0,0
23010006848000;1;1;0;0,0
23010006930000;2;1;1;0,0
23010006936000;22;8;14;36,0
23010006937000;28;17;11;46,4
23010006938000;29;13;16;38,3
23010006947000;1;1;0;0,0
23010006984000;13;7;6;46,5
23010006985000;10;4;6;54,2
23010007013000;36;21;15;45,6
23010007014000;19;13;6;51,5
23010007015000;45;25;20;43,3
23010007016000;60;27;33;52,0
23010007017000;132;67;65;44,1
23010007018000;34;17;17;44,9
23010007019000;2;0;2;0,0
23010007022000;38;20;18;37,5
23010007023000;21;12;9;45,4
23010007035000;10;5;5;43,6
23010007036000;22;12;10;38,0
23010007039000;10;4;6;26,1
23010007040000;34;16;18;38,4
23010007041000;41;19;22;37,2
23010007042000;38;19;19;42,3
23010007043000;21;9;12;42,7
23010007045000;2;1;1;0,0
23010007048000;11;6;5;45,2
23010007052000;17;12;5;33,4
23010007053000;33;17;16;49,5
23010007056000;13;8;5;31,4
23010007057000;35;17;18;37,1
23010007058000;36;17;19;35,0
23010007059000;12;7;5;41,3
23010007064000;5;2;3;63,8
23010007065000;3;2;1;0,0
23010007069000;4;2;2;0,0
23010007077000;6;4;2;30,7
23010007078000;9;5;4;53,3
23010007081000;4;3;1;0,0
23010007082000;19;9;10;43,5
23010007083000;8;5;3;41,9
23010007084000;7;4;3;48,4
23010007089000;6;4;2;65,7
23010007090000;18;11;7;33,1
23010007091000;1;1;0;0,0
23010007094000;16;8;8;37,9
23010007103000;1;1;0;0,0
23010007158000;14;6;8;33,2
23010007159000;14;5;9;44,5
23010007199000;3;2;1;0,0
23010007201000;2;2;0;0,0
23010007203000;20;10;10;41,7
23020006540000;1;1;0;0,0
23020006541000;2;1;1;0,0
23020006550000;1;0;1;0,0
23020006551000;3;2;1;0,0
23020006552000;1;1;0;0,0
23020006553000;8;3;5;34,9
23020006561000;13;8;5;41,9
23020006563000;12;6;6;27,8
23020006564000;10;4;6;49,2
23020006584000;9;4;5;40,3
23020006585000;9;9;0;37,2
23020006589000;1;1;0;0,0
23020006593000;3;2;1;0,0
23020006605000;26;12;14;53,9
23020006606000;68;35;33;41,8
23020006607000;54;28;26;36,7
23020006615000;11;7;4;36,7
23020006616000;5;3;2;69,6
23020006617000;13;7;6;30,2
23020006618000;9;4;5;37,2
23020006619000;21;13;8;52,5
23020006620000;39;21;18;34,3
23020006621000;4;2;2;0,0
23020006623000;3;1;2;0,0
23020006624000;5;3;2;29,6
23020006625000;31;19;12;35,5
23020006626000;20;11;9;36,3
23020006627000;9;6;3;37,2
23020006628000;16;9;7;39,1
23020006629000;19;8;11;36,7
23020006630000;33;17;16;45,7
23020006631000;33;14;19;32,9
23020006632000;17;8;9;37,5
23020006633000;365;191;174;41,9
23020006634000;133;63;70;45,8
23020006635000;173;93;80;38,6
23020006636000;345;177;168;37,9
23020006637000;19;13;6;33,1
23020006638000;18;10;8;35,9
23020006646000;15;6;9;43,0
23020006647000;50;23;27;44,0
23020006648000;906;452;454;36,1
23020006649000;128;70;58;36,3
23020006651000;26;12;14;32,5
23020006652000;5;3;2;23,4
23020006653000;10;6;4;34,0
23020006664000;3;1;2;0,0
23020006665000;85;43;42;43,8
23020006666000;32;18;14;42,7
23020006667000;26;14;12;34,9
23020006668000;37;22;15;38,5
23020006669000;3;3;0;0,0
23020006670000;97;54;43;45,9
23020006671000;29;12;17;39,8
23020006672000;6;3;3;22,8
23020006673000;5;3;2;34,8
23020006674000;118;56;62;37,6
23020006676000;33;13;20;39,8
23020006677000;30;16;14;36,7
23020006678000;1;1;0;0,0
23020006679000;3;1;2;0,0
23020006680000;38;21;17;35,9
23020006712000;2;1;1;0,0
23020006727000;3;2;1;0,0
23020006729000;25;14;11;50,4
23020006730000;81;44;37;44,7
23020006731000;80;39;41;45,1
23020006732000;25;15;10;51,3
23020006733000;16;8;8;37,8
23020006734000;6;5;1;52,5
23020006735000;70;38;32;43,6
23020006736000;32;17;15;37,3
23020006737000;15;9;6;37,2
23020006738000;54;28;26;44,4
23020006739000;136;68;68;37,6
23020006740000;8;5;3;43,5
23020006741000;8;6;2;32,8
23020006742000;12;7;5;44,1
23020006743000;6;4;2;51,3
23020006745000;27;14;13;48,1
23020006746000;36;17;19;47,4
23020006747000;12;8;4;42,4
23020006748000;39;19;20;42,7
23020006749000;128;65;63;35,4
23020006750000;32;19;13;37,9
23020006751000;70;42;28;39,3
23020006752000;31;15;16;38,8
23020006753000;150;69;81;39,8
23020006754000;58;30;28;35,9
23020006755000;42;20;22;43,5
23020006756000;28;16;12;45,1
23020006773000;2;1;1;0,0
23020006775000;19;10;9;40,3
23020006776000;70;43;27;43,0
23020006781000;22;10;12;30,2
23020006783000;70;36;34;38,4
23020006784000;102;55;47;40,3
23020006785000;19;8;11;24,6
23020006786000;1;1;0;0,0
23020006794000;2;1;1;0,0
23020006795000;5;2;3;59,8
23020006796000;30;18;12;45,2
23020006797000;4;3;1;0,0
23020006798000;2;1;1;0,0
23020006822000;7;3;4;33,3
23020006823000;2;1;1;0,0
23020006932000;4;3;1;0,0
23020006933000;6;3;3;48,0
23020006934000;25;12;13;41,4
23020006935000;23;13;10;38,6
23020006936000;27;15;12;48,3
23020006937000;13;6;7;40,2
23020006983000;1;1;0;0,0
23020006984000;25;16;9;38,4
23020007012000;7;3;4;36,6
23020007013000;20;12;8;44,3
23020007014000;80;43;37;40,4
23020007015000;6;3;3;22,8
23020007017000;2;1;1;0,0
23020007018000;33;15;18;43,8
23020007019000;15;8;7;50,3
23020007020000;2;1;1;0,0
23020007022000;26;14;12;42,2
23020007023000;96;44;52;33,0
23020007024000;26;17;9;48,1
23020007033000;18;9;9;35,2
23020007035000;15;7;8;32,8
23020007040000;30;16;14;37,4
23020007041000;12;7;5;40,9
23020007042000;16;7;9;41,6
23020007043000;31;15;16;45,4
23020007044000;14;6;8;44,2
23020007048000;5;2;3;28,8
23020007056000;2;1;1;0,0
23020007057000;28;15;13;55,5
23020007058000;24;17;7;39,7
23020007059000;43;21;22;28,0
23020007061000;9;4;5;34,4
23020007065000;7;4;3;33,1
23020007069000;10;6;4;45,4
23020007070000;12;3;9;35,7
23020007078000;10;3;7;53,9
23020007079000;10;6;4;49,6
23020007080000;11;5;6;41,3
23020007081000;46;22;24;39,7
23020007082000;89;44;45;38,6
23020007083000;33;20;13;32,9
23020007090000;10;6;4;48,5
23020007091000;5;3;2;59,0
23020007095000;1;1;0;0,0
23020007157000;2;2;0;0,0
23020007158000;21;13;8;47,0
23020007159000;123;62;61;43,3
23020007160000;3;2;1;0,0
23020007203000;13;4;9;30,2
23030006535000;1;1;0;0,0
23030006536000;2;1;1;0,0
23030006540000;14;9;5;24,7
23030006548000;1;1;0;0,0
23030006549000;4;2;2;0,0
23030006550000;4;3;1;0,0
23030006551000;4;2;2;0,0
23030006552000;13;7;6;38,8
23030006554000;6;3;3;42,8
23030006561000;4;2;2;0,0
23030006564000;4;2;2;0,0
23030006565000;12;8;4;36,6
23030006568000;1;1;0;0,0
23030006581000;4;2;2;0,0
23030006582000;19;11;8;47,7
23030006583000;6;1;5;34,7
23030006584000;3;2;1;0,0
23030006585000;6;4;2;32,8
23030006586000;9;4;5;31,1
23030006587000;1;1;0;0,0
23030006588000;6;3;3;38,3
23030006589000;11;5;6;32,9
23030006604000;7;3;4;21,7
23030006605000;6;3;3;57,8
23030006606000;55;33;22;45,4
23030006607000;3;1;2;0,0
23030006610000;2;1;1;0,0
23030006611000;4;3;1;0,0
23030006612000;7;4;3;26,1
23030006613000;10;5;5;35,6
23030006614000;22;8;14;37,7
23030006615000;29;17;12;50,2
23030006616000;38;15;23;40,7
23030006619000;4;2;2;0,0
23030006620000;2;1;1;0,0
23030006622000;2;1;1;0,0
23030006623000;6;4;2;48,0
23030006624000;10;4;6;39,7
23030006625000;42;21;21;41,4
23030006630000;14;8;6;37,7
23030006631000;21;10;11;47,1
23030006632000;68;32;36;47,6
23030006633000;9;7;2;25,4
23030006634000;5;2;3;30,6
23030006635000;4;1;3;0,0
23030006636000;121;69;52;36,2
23030006637000;30;12;18;37,6
23030006638000;23;12;11;55,2
23030006639000;27;15;12;38,9
23030006647000;59;31;28;34,2
23030006648000;263;124;139;39,0
23030006649000;10;3;7;31,6
23030006650000;5;4;1;46,0
23030006651000;15;8;7;51,5
23030006652000;2;0;2;0,0
23030006653000;9;5;4;40,9
23030006666000;848;437;411;37,6
23030006667000;150;77;73;35,6
23030006668000;40;20;20;39,3
23030006669000;358;168;190;45,0
23030006670000;753;326;427;55,2
23030006671000;12;3;9;41,9
23030006672000;5;1;4;59,4
23030006673000;1;1;0;0,0
23030006674000;14;8;6;40,1
23030006675000;9;5;4;54,8
23030006676000;19;10;9;37,5
23030006677000;40;23;17;47,1
23030006678000;36;21;15;41,9
23030006679000;16;8;8;33,3
23030006712000;2;1;1;0,0
23030006725000;1;1;0;0,0
23030006728000;10;5;5;40,4
23030006729000;24;15;9;43,8
23030006730000;4;2;2;0,0
23030006733000;5;2;3;46,4
23030006734000;4;2;2;0,0
23030006735000;26;12;14;45,2
23030006736000;9;5;4;41,0
23030006738000;26;12;14;27,8
23030006739000;48;23;25;41,1
23030006741000;10;3;7;50,1
23030006742000;2;1;1;0,0
23030006743000;4;2;2;0,0
23030006745000;27;11;16;34,0
23030006746000;52;27;25;40,3
23030006747000;38;18;20;50,4
23030006748000;69;39;30;44,9
23030006749000;54;28;26;41,0
23030006750000;36;19;17;41,4
23030006751000;12;5;7;41,5
23030006752000;10;6;4;57,5
23030006753000;69;40;29;43,6
23030006754000;91;44;47;46,5
23030006755000;18;10;8;39,3
23030006756000;26;13;13;34,1
23030006773000;5;2;3;53,6
23030006774000;10;6;4;34,8
23030006775000;13;8;5;42,3
23030006776000;13;6;7;50,3
23030006777000;13;9;4;44,2
23030006778000;8;4;4;38,3
23030006779000;6;3;3;64,5
23030006780000;5;5;0;49,8
23030006781000;57;31;26;30,0
23030006782000;641;306;335;33,1
23030006783000;82;42;40;36,9
23030006784000;118;67;51;39,6
23030006785000;56;33;23;35,7
23030006786000;10;3;7;27,8
23030006787000;4;1;3;0,0
23030006788000;2;2;0;0,0
23030006789000;1;1;0;0,0
23030006791000;3;2;1;0,0
23030006792000;9;5;4;49,4
23030006793000;25;12;13;41,2
23030006794000;35;20;15;42,8
23030006795000;24;12;12;46,0
23030006796000;5;2;3;57,4
23030006797000;6;2;4;41,3
23030006820000;1;1;0;0,0
23030006821000;3;2;1;0,0
23030006919000;7;4;3;67,6
23030006920000;52;26;26;39,0
23030006921000;6;3;3;48,5
23030006933000;1;0;1;0,0
23030006934000;11;5;6;59,0
23030006935000;43;25;18;37,2
23030006936000;26;11;15;38,5
23030006982000;4;3;1;0,0
23030006983000;44;22;22;40,7
23030007012000;12;7;5;35,2
23030007013000;11;7;4;29,5
23030007014000;69;32;37;38,0
23030007015000;10;6;4;34,1
23030007017000;5;2;3;73,8
23030007018000;89;50;39;39,6
23030007019000;30;17;13;37,0
23030007020000;32;13;19;44,8
23030007021000;27;12;15;35,6
23030007022000;22;10;12;47,3
23030007023000;59;36;23;38,6
23030007024000;5;3;2;59,6
23030007033000;22;13;9;42,6
23030007034000;41;21;20;33,3
23030007035000;65;36;29;38,1
23030007040000;3;2;1;0,0
23030007041000;34;20;14;40,1
23030007042000;37;21;16;39,8
23030007043000;64;32;32;33,3
23030007044000;27;14;13;51,3
23030007045000;25;10;15;42,0
23030007046000;5;3;2;40,0
23030007048000;24;8;16;39,6
23030007049000;11;5;6;21,0
23030007050000;20;8;12;31,1
23030007051000;5;3;2;29,6
23030007057000;2;1;1;0,0
23030007058000;38;13;25;36,2
23030007059000;167;83;84;32,4
23030007060000;3;2;1;0,0
23030007066000;7;5;2;35,1
23030007068000;14;6;8;17,3
23030007069000;7;5;2;38,3
23030007070000;25;13;12;40,8
23030007071000;20;10;10;32,9
23030007074000;3;1;2;0,0
23030007075000;19;10;9;38,8
23030007080000;1;0;1;0,0
23030007081000;13;7;6;52,2
23030007082000;155;68;87;48,5
23030007083000;52;28;24;40,8
23030007090000;7;4;3;50,7
23030007096000;1;0;1;0,0
23030007104000;2;1;1;0,0
23030007154000;13;7;6;47,4
23030007155000;11;6;5;48,5
23030007156000;2;1;1;0,0
23030007157000;11;4;7;37,6
23030007158000;101;51;50;40,2
23030007159000;156;77;79;40,0
23030007170000;5;2;3;60,0
23030007200000;15;9;6;46,7
23030007204000;8;5;3;59,3
23030007205000;5;2;3;31,8
23040006538000;3;2;1;0,0
23040006539000;10;5;5;50,8
23040006550000;10;4;6;31,6
23040006551000;5;2;3;44,2
23040006553000;3;2;1;0,0
23040006564000;2;0;2;0,0
23040006580000;3;2;1;0,0
23040006581000;12;8;4;38,3
23040006589000;3;2;1;0,0
23040006590000;6;2;4;39,7
23040006605000;2;2;0;0,0
23040006610000;3;2;1;0,0
23040006612000;4;2;2;0,0
23040006613000;11;7;4;49,2
23040006614000;8;5;3;57,8
23040006619000;5;3;2;41,2
23040006620000;6;1;5;28,3
23040006622000;21;11;10;38,2
23040006623000;4;2;2;0,0
23040006630000;4;2;2;0,0
23040006631000;39;21;18;30,6
23040006632000;26;14;12;42,7
23040006633000;4;2;2;0,0
23040006634000;18;11;7;57,8
23040006635000;16;9;7;40,7
23040006637000;43;21;22;41,9
23040006638000;10;4;6;53,2
23040006639000;20;8;12;37,8
23040006640000;9;5;4;50,1
23040006641000;17;8;9;47,4
23040006646000;7;5;2;38,9
23040006647000;60;30;30;35,7
23040006648000;60;31;29;37,4
23040006649000;7;5;2;38,6
23040006650000;18;8;10;45,7
23040006651000;14;7;7;46,4
23040006652000;34;17;17;41,9
23040006653000;21;11;10;56,6
23040006654000;3;2;1;0,0
23040006666000;160;76;84;40,2
23040006667000;75;32;43;44,3
23040006668000;127;60;67;39,2
23040006669000;976;459;517;45,5
23040006670000;437;215;222;44,3
23040006671000;854;397;457;41,1
23040006672000;40;23;17;31,9
23040006673000;17;9;8;27,9
23040006674000;7;3;4;48,6
23040006675000;80;46;34;42,8
23040006676000;10;6;4;39,6
23040006677000;10;4;6;30,8
23040006678000;35;16;19;49,7
23040006679000;64;32;32;42,2
23040006702000;6;2;4;24,5
23040006703000;20;10;10;45,0
23040006706000;3;2;1;0,0
23040006707000;10;3;7;34,0
23040006729000;2;1;1;0,0
23040006735000;2;1;1;0,0
23040006740000;1;1;0;0,0
23040006742000;2;1;1;0,0
23040006743000;1;0;1;0,0
23040006744000;11;3;8;22,6
23040006745000;14;6;8;42,6
23040006746000;17;9;8;49,8
23040006748000;13;8;5;49,6
23040006749000;22;10;12;43,7
23040006750000;17;10;7;43,5
23040006751000;2;1;1;0,0
23040006752000;7;3;4;36,3
23040006754000;3;1;2;0,0
23040006755000;8;5;3;37,8
23040006770000;4;1;3;0,0
23040006771000;3;2;1;0,0
23040006772000;10;7;3;28,2
23040006773000;7;4;3;30,4
23040006774000;18;8;10;37,4
23040006775000;36;20;16;39,4
23040006776000;54;26;28;40,8
23040006777000;53;29;24;39,5
23040006778000;22;12;10;43,3
23040006779000;6;4;2;35,7
23040006780000;20;12;8;50,6
23040006781000;54;25;29;35,3
23040006782000;376;187;189;50,8
23040006783000;660;334;326;42,9
23040006784000;306;171;135;41,4
23040006785000;22;12;10;43,1
23040006786000;37;17;20;42,2
23040006787000;16;7;9;38,9
23040006788000;1;1;0;0,0
23040006818000;1;1;0;0,0
23040006819000;17;9;8;57,0
23040006820000;3;1;2;0,0
23040006920000;5;1;4;44,4
23040006934000;53;28;25;38,5
23040006935000;65;33;32;44,8
23040006936000;24;13;11;50,7
23040006963000;2;2;0;0,0
23040006964000;3;1;2;0,0
23040006967000;5;3;2;52,4
23040006982000;9;7;2;35,0
23040006983000;54;25;29;47,9
23040007012000;68;31;37;42,9
23040007013000;27;17;10;31,2
23040007014000;70;34;36;45,3
23040007015000;14;8;6;36,0
23040007017000;2;1;1;0,0
23040007018000;38;16;22;39,8
23040007019000;226;125;101;39,7
23040007020000;65;31;34;36,7
23040007021000;8;5;3;43,9
23040007033000;37;25;12;30,8
23040007034000;56;29;27;38,8
23040007035000;23;9;14;37,7
23040007041000;10;6;4;44,0
23040007042000;58;33;25;28,9
23040007043000;45;21;24;39,1
23040007044000;41;22;19;33,3
23040007045000;10;5;5;32,8
23040007046000;68;42;26;35,6
23040007047000;47;26;21;38,2
23040007048000;19;9;10;38,1
23040007049000;62;30;32;34,3
23040007050000;17;9;8;38,7
23040007051000;20;10;10;44,4
23040007052000;1;0;1;0,0
23040007058000;13;6;7;48,9
23040007059000;398;193;205;43,1
23040007060000;17;8;9;35,8
23040007061000;10;5;5;40,1
23040007062000;29;16;13;41,2
23040007066000;2;1;1;0,0
23040007067000;9;5;4;34,8
23040007068000;34;16;18;36,2
23040007069000;183;95;88;40,3
23040007070000;109;56;53;35,9
23040007074000;10;5;5;35,7
23040007075000;15;7;8;37,1
23040007076000;12;6;6;49,4
23040007079000;2;1;1;0,0
23040007083000;35;19;16;45,4
23040007084000;4;2;2;0,0
23040007088000;2;1;1;0,0
23040007089000;31;18;13;56,1
23040007090000;20;7;13;35,3
23040007096000;1;1;0;0,0
23040007097000;16;7;9;47,2
23040007153000;1;1;0;0,0
23040007154000;7;4;3;27,1
23040007158000;18;11;7;62,6
23040007159000;43;24;19;39,7
23040007164000;1;1;0;0,0
23040007168000;4;2;2;0,0
23040007197000;1;1;0;0,0
23040007198000;10;7;3;28,0
23040007199000;3;1;2;0,0
23040007201000;4;3;1;0,0
23040007205000;2;1;1;0,0
23040007206000;12;6;6;39,7
23050006538000;11;7;4;48,6
23050006539000;4;2;2;0,0
23050006560000;7;3;4;28,3
23050006564000;13;7;6;54,0
23050006565000;9;6;3;42,6
23050006582000;3;1;2;0,0
23050006588000;2;1;1;0,0
23050006605000;4;3;1;0,0
23050006606000;5;3;2;37,2
23050006609000;10;8;2;30,4
23050006610000;23;12;11;56,7
23050006611000;4;2;2;0,0
23050006612000;11;6;5;49,6
23050006613000;12;6;6;53,1
23050006614000;2;1;1;0,0
23050006618000;4;3;1;0,0
23050006619000;4;2;2;0,0
23050006620000;48;21;27;45,9
23050006621000;7;5;2;48,9
23050006622000;6;2;4;38,8
23050006623000;40;17;23;42,8
23050006624000;3;2;1;0,0
23050006625000;1;1;0;0,0
23050006632000;20;12;8;31,5
23050006633000;11;7;4;52,6
23050006635000;15;9;6;45,9
23050006637000;1;1;0;0,0
23050006638000;50;25;25;42,7
23050006640000;59;29;30;42,6
23050006641000;50;29;21;45,9
23050006647000;58;38;20;41,1
23050006648000;16;9;7;40,4
23050006650000;28;10;18;30,8
23050006651000;3;2;1;0,0
23050006653000;8;5;3;47,8
23050006654000;20;11;9;34,1
23050006655000;9;5;4;47,0
23050006666000;8;5;3;57,3
23050006667000;15;7;8;37,9
23050006668000;218;112;106;35,0
23050006669000;228;115;113;42,3
23050006670000;27;13;14;40,2
23050006671000;109;56;53;43,7
23050006672000;33;15;18;34,7
23050006673000;35;18;17;34,8
23050006674000;19;12;7;38,3
23050006675000;29;14;15;40,1
23050006676000;18;11;7;38,3
23050006677000;6;4;2;38,3
23050006678000;30;14;16;31,5
23050006679000;12;8;4;42,0
23050006681000;16;9;7;52,9
23050006682000;22;15;7;36,3
23050006683000;10;3;7;55,3
23050006685000;4;3;1;0,0
23050006687000;7;3;4;29,9
23050006688000;22;11;11;42,5
23050006700000;13;6;7;32,2
23050006701000;2;2;0;0,0
23050006702000;28;13;15;44,8
23050006703000;9;4;5;47,6
23050006705000;37;18;19;49,3
23050006706000;79;41;38;45,6
23050006709000;2;1;1;0,0
23050006735000;4;1;3;0,0
23050006736000;4;2;2;0,0
23050006737000;1;1;0;0,0
23050006743000;3;1;2;0,0
23050006744000;3;2;1;0,0
23050006745000;43;26;17;42,7
23050006749000;1;1;0;0,0
23050006752000;5;3;2;55,8
23050006753000;3;1;2;0,0
23050006768000;6;4;2;29,5
23050006769000;28;16;12;42,7
23050006770000;9;4;5;45,2
23050006772000;2;1;1;0,0
23050006777000;15;9;6;32,1
23050006778000;13;6;7;34,8
23050006779000;4;3;1;0,0
23050006780000;7;4;3;38,1
23050006781000;18;10;8;32,4
23050006782000;41;18;23;46,2
23050006783000;96;48;48;39,5
23050006784000;52;37;15;25,5
23050006785000;8;4;4;55,4
23050006786000;14;6;8;42,9
23050006810000;3;0;3;0,0
23050006813000;1;0;1;0,0
23050006814000;1;1;0;0,0
23050006815000;1;1;0;0,0
23050006816000;12;7;5;46,0
23050006820000;2;1;1;0,0
23050006846000;1;0;1;0,0
23050006932000;9;5;4;61,4
23050006933000;1;0;1;0,0
23050006934000;312;159;153;40,6
23050006935000;205;91;114;48,7
23050006936000;12;6;6;49,9
23050006937000;12;9;3;43,6
23050006938000;1;1;0;0,0
23050006962000;1;1;0;0,0
23050006963000;5;2;3;46,6
23050006964000;6;3;3;55,8
23050006965000;24;11;13;43,4
23050006967000;5;4;1;39,6
23050006968000;22;13;9;53,8
23050006969000;11;6;5;43,4
23050006973000;3;2;1;0,0
23050006975000;4;2;2;0,0
23050006976000;14;10;4;43,0
23050006980000;7;3;4;47,0
23050006981000;10;4;6;36,8
23050006982000;132;65;67;42,8
23050006983000;31;12;19;46,6
23050007012000;66;31;35;39,2
23050007013000;51;27;24;48,3
23050007014000;59;36;23;41,7
23050007015000;12;8;4;47,6
23050007020000;19;10;9;42,0
23050007021000;34;18;16;39,4
23050007034000;15;7;8;27,1
23050007042000;336;174;162;35,3
23050007043000;36;19;17;44,6
23050007044000;15;8;7;35,5
23050007045000;2;1;1;0,0
23050007046000;17;10;7;44,5
23050007047000;24;11;13;40,9
23050007048000;40;15;25;37,1
23050007049000;47;21;26;31,3
23050007050000;8;4;4;37,5
23050007051000;6;3;3;35,8
23050007058000;7;3;4;44,6
23050007059000;35;17;18;35,3
23050007060000;20;12;8;34,7
23050007061000;36;18;18;45,6
23050007062000;38;22;16;31,7
23050007063000;18;9;9;48,1
23050007066000;48;25;23;38,9
23050007067000;22;12;10;42,1
23050007068000;55;28;27;37,1
23050007069000;6;4;2;33,3
23050007076000;30;13;17;41,5
23050007077000;57;25;32;50,0
23050007078000;35;20;15;39,4
23050007079000;6;4;2;46,0
23050007080000;7;3;4;43,6
23050007083000;6;3;3;70,5
23050007084000;10;5;5;47,8
23050007087000;1;1;0;0,0
23050007088000;18;7;11;43,3
23050007089000;19;13;6;45,1
23050007153000;2;1;1;0,0
23050007155000;1;0;1;0,0
23050007159000;5;2;3;52,2
23050007165000;7;2;5;25,4
23050007168000;4;1;3;0,0
23050007206000;26;14;12;35,7
23060006537000;2;1;1;0,0
23060006538000;4;2;2;0,0
23060006560000;1;1;0;0,0
23060006561000;5;3;2;23,4
23060006565000;2;1;1;0,0
23060006603000;3;1;2;0,0
23060006604000;3;1;2;0,0
23060006605000;41;22;19;44,8
23060006606000;11;7;4;44,0
23060006607000;4;1;3;0,0
23060006608000;17;9;8;33,9
23060006609000;1;1;0;0,0
23060006610000;11;5;6;42,0
23060006611000;11;4;7;36,1
23060006612000;34;16;18;33,1
23060006613000;21;10;11;50,4
23060006614000;4;2;2;0,0
23060006615000;3;1;2;0,0
23060006618000;26;13;13;45,1
23060006624000;21;13;8;45,0
23060006625000;5;3;2;62,4
23060006633000;23;12;11;47,0
23060006637000;18;12;6;47,0
23060006638000;15;7;8;41,4
23060006639000;8;6;2;31,1
23060006640000;3;3;0;0,0
23060006641000;45;23;22;44,8
23060006642000;74;39;35;38,4
23060006643000;383;191;192;35,9
23060006644000;70;37;33;29,0
23060006646000;9;5;4;55,2
23060006647000;79;36;43;41,0
23060006648000;131;65;66;36,4
23060006649000;12;6;6;40,3
23060006650000;12;5;7;50,6
23060006651000;13;7;6;37,4
23060006654000;2;1;1;0,0
23060006655000;5;3;2;59,6
23060006656000;6;4;2;27,5
23060006666000;2;2;0;0,0
23060006668000;25;15;10;34,6
23060006669000;6;4;2;63,2
23060006670000;32;19;13;36,0
23060006671000;37;16;21;31,6
23060006672000;11;5;6;38,7
23060006673000;9;6;3;57,0
23060006674000;19;12;7;46,6
23060006675000;46;29;17;37,5
23060006676000;502;252;250;36,3
23060006677000;14;5;9;40,6
23060006679000;1;1;0;0,0
23060006680000;41;21;20;51,3
23060006681000;103;51;52;43,7
23060006682000;44;21;23;34,7
23060006683000;14;8;6;49,1
23060006684000;14;8;6;45,6
23060006685000;66;34;32;38,3
23060006686000;22;13;9;39,5
23060006687000;15;7;8;52,7
23060006700000;13;7;6;48,8
23060006701000;44;20;24;42,7
23060006702000;86;44;42;38,2
23060006703000;1;1;0;0,0
23060006704000;12;5;7;34,3
23060006705000;51;20;31;42,9
23060006706000;38;19;19;42,3
23060006707000;3;2;1;0,0
23060006708000;8;5;3;56,1
23060006722000;1;1;0;0,0
23060006724000;2;1;1;0,0
23060006725000;1;1;0;0,0
23060006726000;3;1;2;0,0
23060006727000;6;4;2;37,0
23060006738000;6;2;4;33,8
23060006745000;14;7;7;43,8
23060006753000;8;3;5;49,3
23060006767000;7;5;2;33,4
23060006768000;6;3;3;29,2
23060006784000;3;2;1;0,0
23060006809000;7;2;5;47,9
23060006810000;4;1;3;0,0
23060006811000;2;1;1;0,0
23060006812000;2;1;1;0,0
23060006934000;23;11;12;51,5
23060006935000;81;41;40;38,2
23060006936000;8;4;4;55,6
23060006968000;2;1;1;0,0
23060006969000;19;11;8;46,9
23060006970000;11;3;8;38,6
23060006971000;9;4;5;70,6
23060006973000;6;2;4;37,3
23060006974000;32;19;13;38,5
23060006975000;9;6;3;48,4
23060006980000;8;3;5;63,0
23060006981000;13;9;4;43,3
23060006982000;28;15;13;49,7
23060006983000;10;5;5;38,0
23060007011000;4;2;2;0,0
23060007012000;35;19;16;40,2
23060007013000;45;17;28;36,2
23060007014000;1;0;1;0,0
23060007021000;16;7;9;34,1
23060007035000;14;8;6;35,1
23060007042000;77;29;48;55,5
23060007043000;233;118;115;40,4
23060007044000;271;139;132;30,9
23060007045000;50;23;27;42,4
23060007046000;82;45;37;34,4
23060007047000;41;21;20;41,8
23060007048000;40;20;20;42,7
23060007049000;21;10;11;44,4
23060007050000;2;1;1;0,0
23060007058000;11;6;5;50,7
23060007059000;24;12;12;29,1
23060007060000;27;14;13;28,4
23060007061000;14;5;9;31,0
23060007062000;7;3;4;45,6
23060007063000;10;5;5;47,4
23060007064000;10;6;4;39,0
23060007066000;16;9;7;46,5
23060007067000;15;10;5;29,7
23060007069000;17;10;7;41,3
23060007070000;15;9;6;43,0
23060007076000;28;17;11;31,0
23060007077000;20;9;11;53,1
23060007078000;25;12;13;50,4
23060007079000;29;14;15;37,9
23060007084000;13;7;6;44,7
23060007085000;3;1;2;0,0
23060007086000;2;1;1;0,0
23060007152000;4;3;1;0,0
23060007153000;15;8;7;45,4
23060007159000;2;1;1;0,0
23060007161000;6;4;2;33,2
23060007162000;2;1;1;0,0
23060007168000;2;1;1;0,0
23060007169000;25;13;12;51,1
23060007199000;1;0;1;0,0
23060007200000;6;3;3;52,0
23060007201000;1;1;0;0,0
23060007203000;3;2;1;0,0
23060007210000;1;0;1;0,0
23060007211000;5;4;1;47,2
23070006538000;32;18;14;44,9
23070006542000;7;3;4;34,4
23070006543000;3;2;1;0,0
23070006544000;3;2;1;0,0
23070006560000;2;1;1;0,0
23070006579000;4;2;2;0,0
23070006592000;1;1;0;0,0
23070006603000;5;3;2;44,0
23070006604000;14;7;7;41,8
23070006605000;27;11;16;36,4
23070006606000;18;12;6;33,1
23070006607000;22;12;10;37,0
23070006608000;4;2;2;0,0
23070006610000;6;3;3;47,2
23070006611000;3;1;2;0,0
23070006613000;9;5;4;32,3
23070006614000;1;1;0;0,0
23070006616000;2;1;1;0,0
23070006624000;6;3;3;57,3
23070006625000;1;1;0;0,0
23070006638000;38;18;20;42,8
23070006639000;36;19;17;41,0
23070006640000;12;7;5;32,7
23070006641000;14;7;7;40,4
23070006642000;393;188;205;40,2
23070006643000;1088;517;571;43,9
23070006644000;157;78;79;39,1
23070006645000;46;22;24;42,1
23070006647000;79;49;30;40,1
23070006648000;37;19;18;32,2
23070006649000;15;10;5;56,3
23070006656000;1;1;0;0,0
23070006668000;90;46;44;36,1
23070006669000;19;9;10;49,8
23070006670000;74;36;38;35,5
23070006671000;27;14;13;52,4
23070006672000;11;6;5;46,9
23070006673000;27;10;17;41,6
23070006674000;5;3;2;26,2
23070006675000;60;32;28;41,1
23070006676000;74;39;35;38,9
23070006677000;27;12;15;40,9
23070006678000;2;2;0;0,0
23070006679000;39;19;20;34,2
23070006680000;37;21;16;35,3
23070006682000;295;148;147;38,4
23070006683000;5;3;2;41,0
23070006684000;2;1;1;0,0
23070006686000;2;1;1;0,0
23070006700000;48;24;24;43,0
23070006701000;12;6;6;44,5
23070006702000;13;6;7;57,1
23070006703000;17;9;8;46,5
23070006704000;37;20;17;41,2
23070006705000;96;52;44;39,6
23070006706000;73;35;38;44,1
23070006707000;21;11;10;34,9
23070006725000;5;3;2;33,0
23070006726000;5;1;4;45,0
23070006739000;3;3;0;0,0
23070006742000;5;3;2;28,4
23070006744000;6;2;4;33,5
23070006745000;21;14;7;49,5
23070006754000;6;4;2;47,3
23070006766000;17;9;8;41,9
23070006767000;4;3;1;0,0
23070006784000;4;3;1;0,0
23070006785000;8;3;5;42,1
23070006805000;2;1;1;0,0
23070006934000;42;18;24;45,0
23070006935000;43;21;22;45,9
23070006936000;20;12;8;41,4
23070006937000;4;2;2;0,0
23070006939000;1;1;0;0,0
23070006973000;34;19;15;37,7
23070006974000;41;18;23;39,2
23070006975000;17;8;9;56,9
23070006976000;16;6;10;31,9
23070006983000;6;3;3;43,3
23070007011000;13;6;7;42,3
23070007012000;6;2;4;53,0
23070007013000;3;1;2;0,0
23070007016000;1;1;0;0,0
23070007035000;15;9;6;33,6
23070007042000;9;7;2;28,2
23070007043000;41;23;18;46,5
23070007044000;72;36;36;33,8
23070007045000;4;1;3;0,0
23070007046000;15;8;7;44,0
23070007047000;117;59;58;36,1
23070007048000;88;44;44;31,0
23070007049000;32;20;12;36,7
23070007052000;1;1;0;0,0
23070007057000;17;6;11;43,3
23070007059000;9;4;5;28,0
23070007060000;17;9;8;35,1
23070007061000;19;11;8;29,5
23070007063000;6;4;2;19,7
23070007064000;23;10;13;41,3
23070007065000;73;37;36;35,9
23070007066000;14;9;5;41,9
23070007067000;11;2;9;34,9
23070007068000;4;2;2;0,0
23070007069000;16;9;7;43,3
23070007077000;26;13;13;28,2
23070007078000;11;4;7;28,9
23070007079000;35;17;18;31,7
23070007080000;8;4;4;59,1
23070007085000;25;13;12;50,8
23070007086000;21;13;8;39,0
23070007087000;6;3;3;18,7
23070007088000;2;2;0;0,0
23070007089000;26;11;15;31,4
23070007090000;10;6;4;44,5
23070007108000;6;4;2;40,0
23070007151000;1;1;0;0,0
23070007159000;1;1;0;0,0
23070007161000;2;1;1;0,0
23070007162000;5;3;2;48,6
23070007167000;1;0;1;0,0
23070007205000;17;5;12;55,1
23070007211000;16;8;8;32,4
23070007212000;2;1;1;0,0
23080006537000;61;33;28;53,2
23080006538000;6;4;2;27,3
23080006539000;2;1;1;0,0
23080006540000;2;1;1;0,0
23080006541000;9;8;1;42,6
23080006560000;10;4;6;36,7
23080006561000;2;1;1;0,0
23080006562000;28;14;14;34,9
23080006563000;6;3;3;48,7
23080006564000;5;3;2;49,2
23080006565000;18;10;8;37,8
23080006571000;2;2;0;0,0
23080006572000;1;1;0;0,0
23080006573000;14;7;7;48,1
23080006574000;7;4;3;36,6
23080006575000;13;7;6;28,4
23080006576000;14;6;8;37,4
23080006578000;2;2;0;0,0
23080006586000;6;2;4;36,8
23080006587000;2;1;1;0,0
23080006588000;3;2;1;0,0
23080006602000;6;3;3;56,5
23080006603000;5;2;3;40,2
23080006604000;5;2;3;52,6
23080006606000;1;0;1;0,0
23080006608000;15;6;9;34,5
23080006609000;7;4;3;36,4
23080006610000;9;5;4;45,9
23080006611000;5;3;2;64,0
23080006612000;19;11;8;42,8
23080006613000;14;6;8;42,5
23080006615000;26;14;12;44,5
23080006616000;2;1;1;0,0
23080006626000;1;0;1;0,0
23080006639000;9;3;6;37,2
23080006642000;345;175;170;33,2
23080006643000;365;173;192;41,3
23080006646000;15;7;8;35,5
23080006647000;51;32;19;42,8
23080006648000;18;9;9;36,5
23080006649000;12;6;6;41,0
23080006650000;2;0;2;0,0
23080006660000;2;1;1;0,0
23080006668000;33;18;15;36,1
23080006669000;24;13;11;30,8
23080006670000;2;1;1;0,0
23080006673000;20;9;11;37,7
23080006674000;35;17;18;52,7
23080006675000;159;84;75;31,8
23080006676000;27;16;11;45,6
23080006677000;13;7;6;35,8
23080006679000;35;21;14;47,2
23080006680000;22;15;7;45,3
23080006682000;54;29;25;42,4
23080006683000;36;21;15;33,8
23080006684000;14;4;10;39,1
23080006698000;24;13;11;35,3
23080006699000;5;2;3;37,4
23080006700000;144;75;69;39,7
23080006701000;62;32;30;50,5
23080006702000;65;29;36;39,5
23080006703000;35;17;18;54,3
23080006704000;21;10;11;45,1
23080006705000;13;6;7;46,7
23080006717000;2;1;1;0,0
23080006737000;7;3;4;59,0
23080006738000;39;22;17;44,1
23080006739000;2;1;1;0,0
23080006742000;25;15;10;49,1
23080006743000;5;3;2;49,0
23080006744000;13;8;5;47,5
23080006754000;18;10;8;46,4
23080006765000;47;26;21;34,3
23080006766000;29;13;16;44,4
23080006767000;7;3;4;47,0
23080006785000;34;15;19;46,4
23080006804000;6;3;3;60,3
23080006934000;3;2;1;0,0
23080006936000;11;5;6;38,9
23080006937000;13;7;6;37,5
23080006940000;10;4;6;39,5
23080006941000;36;23;13;37,6
23080006942000;10;5;5;49,8
23080006973000;21;11;10;47,5
23080006974000;47;29;18;40,9
23080006975000;10;6;4;47,1
23080007011000;15;9;6;41,0
23080007012000;16;8;8;46,4
23080007016000;3;0;3;0,0
23080007023000;1;1;0;0,0
23080007035000;10;6;4;52,7
23080007042000;21;11;10;30,1
23080007043000;18;11;7;47,2
23080007044000;2;2;0;0,0
23080007046000;12;8;4;25,4
23080007047000;15;6;9;27,0
23080007048000;2;1;1;0,0
23080007049000;14;6;8;32,4
23080007059000;12;7;5;25,6
23080007061000;7;3;4;27,6
23080007062000;8;8;0;46,0
23080007064000;14;8;6;34,3
23080007065000;40;23;17;23,4
23080007066000;73;36;37;35,5
23080007067000;19;8;11;34,7
23080007068000;42;21;21;36,2
23080007069000;3;2;1;0,0
23080007070000;6;4;2;34,0
23080007078000;13;9;4;29,0
23080007080000;3;1;2;0,0
23080007084000;4;2;2;0,0
23080007085000;49;24;25;34,2
23080007086000;31;16;15;48,1
23080007089000;3;3;0;0,0
23080007090000;4;2;2;0,0
23080007100000;6;2;4;32,2
23080007167000;31;17;14;27,3
23080007168000;5;1;4;40,6
23080007200000;21;13;8;39,9
23080007201000;13;5;8;42,1
23080007203000;13;8;5;45,4
23080007204000;2;1;1;0,0
23080007205000;26;17;9;37,8
23080007207000;2;1;1;0,0
23080007208000;3;2;1;0,0
23090006540000;6;4;2;30,5
23090006541000;5;2;3;31,4
23090006542000;14;6;8;38,4
23090006543000;10;5;5;24,6
23090006544000;6;1;5;41,3
23090006561000;2;1;1;0,0
23090006562000;8;5;3;44,6
23090006563000;14;7;7;52,1
23090006564000;26;16;10;54,7
23090006565000;51;27;24;35,5
23090006566000;9;5;4;47,0
23090006570000;1;0;1;0,0
23090006572000;7;4;3;31,6
23090006574000;5;2;3;53,6
23090006575000;4;3;1;0,0
23090006577000;15;8;7;44,3
23090006578000;38;19;19;45,2
23090006579000;2;1;1;0,0
23090006583000;10;5;5;47,4
23090006584000;5;4;1;40,2
23090006586000;4;2;2;0,0
23090006587000;14;7;7;37,6
23090006589000;5;2;3;38,8
23090006590000;9;5;4;29,6
23090006591000;2;1;1;0,0
23090006592000;6;4;2;43,0
23090006593000;4;2;2;0,0
23090006595000;2;1;1;0,0
23090006596000;5;2;3;36,8
23090006597000;2;1;1;0,0
23090006599000;20;14;6;50,5
23090006600000;16;6;10;48,2
23090006601000;12;5;7;42,5
23090006603000;14;6;8;55,9
23090006604000;7;4;3;50,6
23090006605000;38;19;19;44,8
23090006606000;20;10;10;35,5
23090006607000;12;7;5;43,8
23090006610000;4;3;1;0,0
23090006611000;21;10;11;50,5
23090006612000;19;11;8;50,4
23090006613000;5;3;2;54,6
23090006614000;7;2;5;51,7
23090006615000;9;5;4;64,3
23090006624000;1;0;1;0,0
23090006625000;1;1;0;0,0
23090006642000;222;108;114;41,2
23090006643000;177;88;89;45,4
23090006644000;23;16;7;36,1
23090006645000;30;18;12;38,9
23090006646000;18;8;10;45,1
23090006647000;41;22;19;46,7
23090006648000;17;7;10;30,4
23090006650000;23;10;13;42,3
23090006651000;3;2;1;0,0
23090006667000;16;9;7;36,9
23090006674000;54;28;26;37,3
23090006675000;51;24;27;45,6
23090006676000;21;11;10;39,9
23090006677000;30;15;15;39,7
23090006678000;41;20;21;45,2
23090006679000;31;19;12;60,0
23090006680000;52;28;24;43,6
23090006681000;25;12;13;43,2
23090006682000;52;26;26;41,0
23090006683000;67;38;29;44,0
23090006684000;10;6;4;54,2
23090006696000;1;1;0;0,0
23090006697000;53;33;20;42,9
23090006698000;64;36;28;45,3
23090006699000;191;95;96;44,8
23090006700000;561;263;298;50,3
23090006701000;177;85;92;42,7
23090006738000;29;18;11;45,0
23090006739000;34;19;15;34,3
23090006740000;7;5;2;44,1
23090006742000;7;4;3;49,7
23090006744000;2;1;1;0,0
23090006754000;18;10;8;46,4
23090006761000;6;4;2;44,8
23090006762000;41;23;18;34,0
23090006764000;12;6;6;38,3
23090006765000;7;4;3;59,6
23090006766000;16;7;9;28,4
23090006785000;92;51;41;46,4
23090006796000;2;1;1;0,0
23090006801000;9;4;5;44,2
23090006802000;32;16;16;52,2
23090006803000;5;4;1;70,0
23090006805000;5;4;1;26,0
23090006932000;1;1;0;0,0
23090006937000;8;5;3;56,6
23090006940000;16;6;10;45,6
23090006941000;31;14;17;46,5
23090006942000;57;30;27;37,3
23090006973000;45;25;20;36,4
23090006974000;32;18;14;46,2
23090006985000;2;0;2;0,0
23090006986000;8;4;4;40,3
23090007011000;9;5;4;25,3
23090007015000;2;1;1;0,0
23090007035000;4;2;2;0,0
23090007041000;11;7;4;38,4
23090007042000;10;6;4;45,3
23090007043000;50;28;22;36,5
23090007044000;17;9;8;40,8
23090007049000;2;0;2;0,0
23090007053000;6;4;2;32,5
23090007060000;3;2;1;0,0
23090007062000;1;1;0;0,0
23090007064000;15;8;7;47,3
23090007065000;6;3;3;24,8
23090007066000;28;17;11;44,8
23090007067000;11;6;5;30,9
23090007068000;22;7;15;34,3
23090007069000;7;3;4;45,6
23090007070000;10;4;6;45,6
23090007079000;12;8;4;40,1
23090007080000;14;6;8;39,1
23090007084000;1;1;0;0,0
23090007085000;17;9;8;40,8
23090007086000;26;13;13;44,3
23090007088000;5;3;2;53,6
23090007089000;14;7;7;37,9
23090007090000;13;7;6;28,8
23090007091000;15;6;9;51,2
23090007100000;17;9;8;34,1
23090007101000;315;155;160;47,4
23090007102000;12;7;5;50,7
23090007105000;5;2;3;58,4
23090007108000;13;9;4;44,7
23090007128000;4;3;1;0,0
23090007167000;15;9;6;38,5
23090007204000;11;5;6;45,6
23090007205000;4;2;2;0,0
23090007207000;4;1;3;0,0
23090007208000;4;2;2;0,0
23100006562000;7;3;4;54,4
23100006564000;5;3;2;68,0
23100006565000;8;2;6;42,0
23100006566000;13;6;7;42,2
23100006567000;8;4;4;49,8
23100006568000;12;6;6;40,2
23100006570000;4;3;1;0,0
23100006571000;12;9;3;34,5
23100006572000;26;10;16;33,7
23100006573000;3;0;3;0,0
23100006574000;10;6;4;42,6
23100006575000;5;2;3;60,2
23100006576000;19;9;10;25,5
23100006577000;20;11;9;48,3
23100006578000;19;13;6;54,9
23100006579000;12;5;7;34,5
23100006581000;1;0;1;0,0
23100006587000;16;10;6;34,4
23100006588000;5;2;3;40,4
23100006589000;18;8;10;49,0
23100006590000;7;5;2;43,0
23100006591000;5;3;2;18,4
23100006592000;3;1;2;0,0
23100006593000;3;1;2;0,0
23100006594000;7;5;2;33,4
23100006595000;30;16;14;44,5
23100006596000;201;111;90;40,7
23100006597000;500;243;257;42,7
23100006598000;455;215;240;42,4
23100006599000;71;36;35;36,2
23100006600000;4;2;2;0,0
23100006601000;20;10;10;43,4
23100006602000;5;2;3;54,0
23100006603000;20;10;10;45,5
23100006604000;26;12;14;43,3
23100006605000;9;4;5;52,6
23100006606000;2;1;1;0,0
23100006607000;2;1;1;0,0
23100006624000;1;1;0;0,0
23100006625000;2;1;1;0,0
23100006626000;2;1;1;0,0
23100006627000;1;1;0;0,0
23100006646000;38;18;20;36,3
23100006648000;5;1;4;24,0
23100006649000;9;4;5;30,2
23100006650000;2;1;1;0,0
23100006651000;1;0;1;0,0
23100006664000;5;2;3;40,2
23100006666000;5;2;3;46,6
23100006667000;4;2;2;0,0
23100006668000;9;5;4;64,4
23100006675000;54;26;28;37,3
23100006676000;5;2;3;54,8
23100006678000;44;24;20;41,1
23100006679000;6;4;2;46,7
23100006680000;3;0;3;0,0
23100006681000;14;7;7;44,9
23100006682000;18;9;9;40,6
23100006683000;24;14;10;44,2
23100006684000;5;2;3;46,6
23100006697000;14;7;7;53,3
23100006698000;29;13;16;34,4
23100006699000;87;41;46;45,1
23100006700000;20;8;12;35,6
23100006701000;3;1;2;0,0
23100006702000;16;9;7;47,1
23100006705000;9;5;4;32,9
23100006743000;2;2;0;0,0
23100006754000;32;17;15;36,7
23100006755000;30;16;14;33,4
23100006756000;72;39;33;26,3
23100006757000;2;1;1;0,0
23100006758000;6;2;4;57,5
23100006759000;12;6;6;38,8
23100006760000;17;8;9;53,0
23100006761000;33;20;13;32,7
23100006762000;16;8;8;36,3
23100006763000;16;9;7;44,3
23100006764000;8;3;5;36,6
23100006765000;29;16;13;42,9
23100006785000;2;1;1;0,0
23100006786000;2;1;1;0,0
23100006787000;6;2;4;45,5
23100006792000;1;1;0;0,0
23100006794000;4;2;2;0,0
23100006795000;8;6;2;28,9
23100006796000;2;1;1;0,0
23100006800000;30;14;16;52,5
23100006801000;38;17;21;35,4
23100006802000;2;2;0;0,0
23100006939000;17;9;8;52,5
23100006940000;2;1;1;0,0
23100006942000;24;13;11;35,0
23100006944000;7;2;5;38,3
23100006945000;3;2;1;0,0
23100006973000;116;45;71;43,3
23100006974000;70;29;41;34,6
23100006985000;9;3;6;39,6
23100007040000;12;6;6;43,5
23100007041000;8;6;2;46,1
23100007042000;11;5;6;43,7
23100007043000;19;10;9;33,3
23100007060000;4;3;1;0,0
23100007061000;10;4;6;49,4
23100007062000;13;7;6;39,3
23100007063000;5;4;1;48,2
23100007064000;7;4;3;44,6
23100007065000;19;8;11;40,3
23100007066000;34;17;17;33,9
23100007067000;37;19;18;50,2
23100007068000;8;3;5;51,0
23100007069000;108;57;51;35,9
23100007070000;8;4;4;48,4
23100007080000;9;5;4;43,9
23100007085000;51;28;23;31,1
23100007086000;33;13;20;39,3
23100007087000;6;4;2;35,5
23100007088000;38;21;17;43,5
23100007091000;26;11;15;41,5
23100007101000;62;37;25;39,2
23100007105000;2;1;1;0,0
23100007107000;4;2;2;0,0
23100007108000;13;7;6;47,4
23100007130000;9;4;5;36,2
23100007166000;2;2;0;0,0
23100007199000;3;2;1;0,0
23100007204000;6;4;2;41,7
23100007209000;7;3;4;46,6
23110006564000;1;0;1;0,0
23110006565000;1;1;0;0,0
23110006566000;2;1;1;0,0
23110006567000;4;2;2;0,0
23110006568000;91;46;45;39,3
23110006569000;162;76;86;49,5
23110006570000;58;32;26;46,5
23110006571000;67;34;33;42,3
23110006572000;26;13;13;50,2
23110006573000;22;12;10;29,0
23110006575000;9;5;4;44,4
23110006576000;8;4;4;48,3
23110006577000;3;2;1;0,0
23110006580000;2;1;1;0,0
23110006581000;15;9;6;36,5
23110006583000;2;1;1;0,0
23110006585000;11;6;5;57,7
23110006586000;4;2;2;0,0
23110006587000;17;8;9;41,6
23110006588000;2;1;1;0,0
23110006589000;21;11;10;65,4
23110006591000;12;6;6;29,1
23110006592000;5;2;3;19,8
23110006593000;58;33;25;38,3
23110006594000;10;6;4;46,9
23110006595000;3;2;1;0,0
23110006596000;14;7;7;36,6
23110006597000;343;171;172;44,7
23110006598000;421;195;226;50,8
23110006599000;19;9;10;38,8
23110006600000;5;2;3;67,8
23110006601000;46;22;24;40,2
23110006602000;9;4;5;47,8
23110006603000;1;1;0;0,0
23110006604000;10;5;5;48,0
23110006605000;6;3;3;51,0
23110006626000;1;0;1;0,0
23110006627000;12;7;5;58,5
23110006628000;4;2;2;0,0
23110006630000;2;1;1;0,0
23110006631000;5;2;3;41,6
23110006664000;4;1;3;0,0
23110006665000;3;2;1;0,0
23110006666000;7;3;4;48,3
23110006669000;6;4;2;61,8
23110006675000;7;2;5;50,3
23110006676000;3;1;2;0,0
23110006678000;3;1;2;0,0
23110006679000;10;5;5;50,0
23110006680000;31;17;14;46,1
23110006681000;50;23;27;46,3
23110006682000;26;12;14;35,3
23110006683000;4;3;1;0,0
23110006684000;30;16;14;46,1
23110006694000;6;3;3;41,0
23110006695000;8;3;5;68,1
23110006696000;7;5;2;38,0
23110006697000;8;4;4;45,5
23110006698000;24;11;13;43,2
23110006699000;21;9;12;31,8
23110006700000;6;3;3;61,7
23110006703000;11;7;4;38,7
23110006704000;56;28;28;43,9
23110006705000;7;2;5;39,0
23110006741000;3;1;2;0,0
23110006742000;7;5;2;28,4
23110006752000;4;3;1;0,0
23110006753000;4;1;3;0,0
23110006754000;9;5;4;41,2
23110006755000;627;330;297;39,1
23110006756000;306;150;156;30,3
23110006757000;33;17;16;39,8
23110006758000;10;4;6;52,4
23110006759000;33;16;17;45,7
23110006760000;60;34;26;37,3
23110006761000;22;12;10;44,6
23110006762000;5;2;3;36,2
23110006764000;14;6;8;27,6
23110006765000;10;6;4;44,3
23110006767000;1;1;0;0,0
23110006786000;5;3;2;60,2
23110006787000;7;2;5;44,0
23110006788000;15;8;7;32,5
23110006789000;20;10;10;35,2
23110006790000;2;0;2;0,0
23110006791000;5;1;4;28,4
23110006794000;2;1;1;0,0
23110006795000;10;5;5;32,4
23110006800000;10;7;3;47,8
23110006801000;3;2;1;0,0
23110006939000;24;12;12;37,0
23110006940000;9;4;5;28,6
23110006943000;16;8;8;44,8
23110006944000;8;3;5;47,5
23110006945000;17;8;9;49,8
23110006946000;27;18;9;35,8
23110006972000;37;17;20;50,9
23110006973000;209;83;126;52,5
23110006984000;5;3;2;23,4
23110006985000;19;9;10;50,7
23110007003000;10;5;5;44,7
23110007039000;3;2;1;0,0
23110007040000;15;6;9;36,2
23110007043000;13;8;5;32,9
23110007044000;18;9;9;29,2
23110007060000;8;4;4;40,1
23110007061000;18;9;9;44,4
23110007062000;4;3;1;0,0
23110007063000;8;4;4;52,3
23110007064000;23;13;10;45,0
23110007065000;23;11;12;40,6
23110007066000;24;15;9;39,0
23110007067000;10;5;5;39,9
23110007068000;95;45;50;36,4
23110007069000;1167;569;598;41,0
23110007070000;440;217;223;38,6
23110007080000;22;12;10;42,7
23110007081000;5;3;2;42,8
23110007085000;12;4;8;16,0
23110007086000;17;10;7;35,1
23110007087000;126;61;65;40,4
23110007088000;27;15;12;34,6
23110007089000;4;3;1;0,0
23110007090000;3;3;0;0,0
23110007091000;9;6;3;36,4
23110007092000;7;3;4;35,7
23110007106000;5;4;1;21,4
23110007107000;1;1;0;0,0
23110007108000;14;8;6;33,8
23110007130000;6;4;2;50,8
23110007150000;1;1;0;0,0
23110007159000;4;2;2;0,0
23110007160000;1;0;1;0,0
23110007161000;5;3;2;41,2
23110007162000;8;4;4;43,3
23110007165000;2;1;1;0,0
23110007166000;1;1;0;0,0
23110007173000;14;6;8;23,9
23110007205000;2;2;0;0,0
23120006562000;3;2;1;0,0
23120006563000;10;6;4;56,1
23120006564000;4;2;2;0,0
23120006567000;1;0;1;0,0
23120006568000;25;14;11;50,9
23120006569000;104;53;51;38,2
23120006571000;12;4;8;42,8
23120006572000;8;4;4;70,4
23120006576000;1;0;1;0,0
23120006583000;9;4;5;46,7
23120006584000;12;3;9;19,8
23120006585000;4;2;2;0,0
23120006586000;10;7;3;46,4
23120006587000;15;9;6;27,1
23120006589000;40;23;17;38,5
23120006590000;3;1;2;0,0
23120006592000;11;5;6;38,8
23120006593000;8;5;3;30,6
23120006594000;22;13;9;42,6
23120006595000;27;15;12;43,9
23120006596000;12;8;4;40,8
23120006597000;7;4;3;31,9
23120006598000;17;8;9;28,2
23120006599000;20;11;9;43,8
23120006600000;19;8;11;30,9
23120006635000;8;4;4;56,5
23120006636000;2;1;1;0,0
23120006670000;4;2;2;0,0
23120006673000;14;7;7;51,3
23120006674000;31;16;15;46,5
23120006675000;9;3;6;46,3
23120006676000;26;14;12;41,4
23120006677000;7;5;2;26,6
23120006678000;13;8;5;45,5
23120006679000;28;13;15;44,9
23120006680000;3;1;2;0,0
23120006681000;77;38;39;36,5
23120006682000;23;10;13;38,8
23120006690000;5;2;3;40,2
23120006693000;22;13;9;27,3
23120006694000;29;16;13;47,1
23120006695000;33;17;16;39,7
23120006696000;11;6;5;61,5
23120006698000;38;22;16;37,1
23120006699000;13;9;4;39,2
23120006700000;4;2;2;0,0
23120006701000;24;11;13;56,6
23120006702000;25;10;15;52,3
23120006703000;40;23;17;38,0
23120006704000;28;12;16;50,5
23120006739000;1;1;0;0,0
23120006740000;9;4;5;53,8
23120006741000;5;3;2;61,6
23120006752000;53;31;22;40,0
23120006753000;158;88;70;33,9
23120006754000;694;312;382;39,8
23120006755000;366;185;181;36,3
23120006756000;4;2;2;0,0
23120006757000;313;156;157;44,5
23120006758000;72;33;39;35,9
23120006759000;36;19;17;50,8
23120006760000;4;2;2;0,0
23120006780000;8;6;2;48,8
23120006789000;2;1;1;0,0
23120006790000;3;1;2;0,0
23120006795000;1;0;1;0,0
23120006797000;2;2;0;0,0
23120006798000;6;4;2;15,5
23120006904000;9;6;3;48,3
23120006908000;6;3;3;53,5
23120006909000;7;5;2;67,4
23120006941000;22;13;9;44,5
23120006942000;38;18;20;31,6
23120006943000;18;10;8;50,7
23120006947000;26;13;13;34,1
23120006960000;3;2;1;0,0
23120006961000;2;1;1;0,0
23120006963000;4;2;2;0,0
23120006964000;3;1;2;0,0
23120006966000;3;2;1;0,0
23120006969000;3;1;2;0,0
23120006971000;18;10;8;39,1
23120006972000;130;69;61;39,6
23120006973000;159;76;83;44,7
23120006984000;2;1;1;0,0
23120007002000;3;1;2;0,0
23120007003000;6;4;2;64,8
23120007039000;6;3;3;48,5
23120007040000;18;7;11;35,1
23120007045000;39;19;20;32,7
23120007061000;13;9;4;36,2
23120007062000;4;1;3;0,0
23120007063000;1;1;0;0,0
23120007064000;44;20;24;35,5
23120007065000;17;9;8;49,3
23120007066000;22;11;11;45,2
23120007067000;29;14;15;39,8
23120007068000;110;44;66;35,7
23120007069000;96;46;50;36,0
23120007070000;130;57;73;43,1
23120007071000;21;10;11;34,8
23120007073000;5;2;3;24,8
23120007079000;4;2;2;0,0
23120007080000;19;9;10;43,6
23120007081000;10;4;6;42,9
23120007085000;5;2;3;14,4
23120007086000;25;12;13;39,7
23120007087000;87;45;42;38,8
23120007088000;19;10;9;46,7
23120007089000;19;11;8;42,4
23120007090000;32;16;16;47,1
23120007091000;37;21;16;32,9
23120007092000;36;19;17;41,2
23120007102000;3;2;1;0,0
23120007109000;24;12;12;36,5
23120007131000;2;1;1;0,0
23120007173000;17;8;9;50,8
23120007200000;2;1;1;0,0
23120007209000;8;6;2;27,4
23130006560000;36;20;16;38,5
23130006561000;8;5;3;48,8
23130006562000;3;2;1;0,0
23130006564000;5;3;2;33,8
23130006565000;14;7;7;39,2
23130006567000;14;4;10;40,5
23130006568000;1;1;0;0,0
23130006569000;11;6;5;34,8
23130006570000;16;7;9;38,1
23130006573000;5;1;4;23,2
23130006579000;3;1;2;0,0
23130006583000;12;7;5;37,3
23130006586000;2;1;1;0,0
23130006588000;9;5;4;45,0
23130006589000;10;7;3;39,1
23130006590000;17;10;7;42,7
23130006591000;4;2;2;0,0
23130006592000;9;5;4;46,7
23130006593000;12;8;4;29,9
23130006597000;2;1;1;0,0
23130006598000;1;1;0;0,0
23130006610000;2;1;1;0,0
23130006631000;6;2;4;41,7
23130006632000;2;1;1;0,0
23130006635000;2;1;1;0,0
23130006638000;1;0;1;0,0
23130006639000;12;5;7;52,8
23130006640000;21;12;9;46,0
23130006641000;4;3;1;0,0
23130006663000;6;1;5;44,8
23130006672000;3;1;2;0,0
23130006673000;12;5;7;28,0
23130006674000;15;9;6;32,3
23130006675000;3;2;1;0,0
23130006676000;39;21;18;50,9
23130006677000;27;17;10;41,7
23130006678000;161;84;77;39,4
23130006679000;113;51;62;37,9
23130006680000;47;22;25;43,3
23130006681000;192;87;105;36,8
23130006682000;30;16;14;41,0
23130006683000;43;22;21;33,6
23130006684000;2;1;1;0,0
23130006688000;6;3;3;57,2
23130006689000;13;8;5;47,8
23130006690000;47;24;23;36,6
23130006691000;26;13;13;41,5
23130006692000;13;8;5;45,8
23130006693000;16;9;7;44,3
23130006694000;5;1;4;22,6
23130006698000;4;3;1;0,0
23130006699000;14;8;6;47,0
23130006700000;5;2;3;49,8
23130006701000;2;1;1;0,0
23130006703000;8;5;3;39,4
23130006704000;39;18;21;46,9
23130006705000;39;22;17;42,0
23130006706000;33;20;13;43,5
23130006707000;8;4;4;25,0
23130006708000;6;3;3;57,2
23130006709000;29;15;14;51,8
23130006710000;21;9;12;42,9
23130006738000;3;1;2;0,0
23130006739000;20;9;11;37,3
23130006740000;18;9;9;27,3
23130006750000;6;2;4;55,0
23130006751000;308;148;160;31,3
23130006752000;1226;586;640;38,0
23130006753000;830;370;460;42,3
23130006754000;978;446;532;49,0
23130006755000;1356;635;721;46,8
23130006756000;990;484;506;40,6
23130006757000;1184;565;619;38,4
23130006758000;5;3;2;74,8
23130006759000;4;2;2;0,0
23130006778000;2;1;1;0,0
23130006902000;1;0;1;0,0
23130006909000;10;5;5;40,2
23130006910000;3;1;2;0,0
23130006928000;7;4;3;30,7
23130006929000;7;5;2;48,0
23130006931000;4;1;3;0,0
23130006941000;14;9;5;33,6
23130006942000;577;295;282;36,2
23130006943000;523;252;271;42,1
23130006944000;458;209;249;43,8
23130006945000;261;134;127;38,9
23130006947000;21;11;10;42,8
23130006949000;2;1;1;0,0
23130006958000;3;1;2;0,0
23130006964000;6;4;2;50,0
23130006965000;1;1;0;0,0
23130006966000;7;4;3;43,1
23130006967000;15;5;10;42,5
23130006968000;9;6;3;45,2
23130006969000;19;11;8;42,2
23130006970000;39;24;15;40,9
23130006971000;38;21;17;47,0
23130006972000;39;16;23;49,3
23130006973000;8;6;2;37,3
23130007002000;7;4;3;50,7
23130007003000;18;8;10;39,6
23130007037000;4;2;2;0,0
23130007038000;2;1;1;0,0
23130007039000;26;13;13;36,9
23130007040000;43;24;19;41,5
23130007045000;12;5;7;52,3
23130007059000;6;4;2;42,0
23130007062000;9;4;5;41,7
23130007063000;2;1;1;0,0
23130007064000;99;48;51;36,6
23130007065000;75;42;33;36,8
23130007066000;48;25;23;42,6
23130007067000;8;4;4;37,1
23130007068000;46;21;25;36,4
23130007069000;9;3;6;42,3
23130007070000;93;48;45;38,5
23130007071000;65;31;34;36,9
23130007072000;37;18;19;33,8
23130007073000;19;11;8;39,9
23130007074000;15;8;7;37,6
23130007075000;11;7;4;26,5
23130007080000;3;2;1;0,0
23130007081000;20;9;11;39,0
23130007086000;12;9;3;30,8
23130007087000;23;10;13;46,1
23130007088000;31;15;16;42,5
23130007090000;17;6;11;30,3
23130007091000;7;3;4;60,0
23130007092000;132;70;62;38,6
23130007093000;35;17;18;34,5
23130007102000;4;2;2;0,0
23130007103000;15;6;9;29,9
23130007109000;8;6;2;29,0
23130007110000;2;1;1;0,0
23130007117000;1;1;0;0,0
23130007159000;26;13;13;37,6
23130007173000;8;4;4;61,6
23130007202000;3;2;1;0,0
23130007208000;6;3;3;49,7
23140006560000;58;30;28;43,8
23140006561000;15;6;9;31,6
23140006570000;8;5;3;29,9
23140006572000;4;2;2;0,0
23140006573000;14;9;5;36,9
23140006582000;1;1;0;0,0
23140006583000;3;2;1;0,0
23140006586000;13;5;8;29,4
23140006587000;13;7;6;34,8
23140006588000;11;7;4;40,8
23140006589000;11;6;5;35,5
23140006590000;5;3;2;19,8
23140006592000;23;12;11;32,9
23140006593000;3;2;1;0,0
23140006594000;2;2;0;0,0
23140006632000;10;5;5;46,3
23140006633000;1;1;0;0,0
23140006635000;7;4;3;44,1
23140006638000;2;1;1;0,0
23140006639000;30;16;14;37,8
23140006641000;18;9;9;42,1
23140006653000;11;6;5;38,1
23140006671000;1;1;0;0,0
23140006672000;16;9;7;43,4
23140006673000;15;10;5;42,3
23140006674000;26;11;15;46,1
23140006675000;25;14;11;47,8
23140006676000;36;17;19;39,4
23140006677000;12;6;6;39,9
23140006678000;18;10;8;46,3
23140006679000;33;17;16;44,6
23140006680000;36;21;15;41,5
23140006681000;6;2;4;30,5
23140006682000;32;13;19;38,5
23140006683000;27;16;11;37,7
23140006685000;14;4;10;51,6
23140006686000;23;11;12;47,0
23140006687000;26;14;12;41,6
23140006688000;99;46;53;36,8
23140006689000;86;49;37;40,5
23140006690000;34;17;17;38,1
23140006691000;38;18;20;45,8
23140006692000;13;10;3;37,0
23140006693000;4;2;2;0,0
23140006694000;2;1;1;0,0
23140006701000;11;5;6;27,5
23140006703000;25;11;14;49,1
23140006704000;68;38;30;37,0
23140006705000;103;56;47;43,7
23140006706000;113;52;61;35,7
23140006707000;76;38;38;42,1
23140006708000;196;105;91;45,4
23140006709000;133;69;64;41,3
23140006710000;37;22;15;45,8
23140006711000;1;0;1;0,0
23140006738000;2;1;1;0,0
23140006747000;61;31;30;46,8
23140006748000;5;3;2;36,0
23140006749000;8;5;3;38,6
23140006750000;68;30;38;40,4
23140006751000;265;132;133;36,1
23140006752000;1667;785;882;37,3
23140006753000;883;434;449;42,2
23140006754000;586;284;302;50,4
23140006755000;639;319;320;38,8
23140006756000;758;352;406;36,1
23140006757000;3;1;2;0,0
23140006789000;10;4;6;32,6
23140006901000;4;3;1;0,0
23140006902000;11;7;4;35,9
23140006926000;3;2;1;0,0
23140006927000;25;13;12;41,0
23140006928000;24;13;11;37,3
23140006929000;11;4;7;42,6
23140006941000;17;8;9;41,3
23140006942000;268;123;145;43,0
23140006943000;1161;558;603;44,7
23140006944000;391;195;196;48,7
23140006948000;6;3;3;35,7
23140006949000;31;17;14;41,8
23140006950000;9;3;6;35,8
23140006956000;2;0;2;0,0
23140006965000;17;9;8;41,1
23140006966000;2;1;1;0,0
23140006967000;11;7;4;51,6
23140006968000;8;4;4;41,3
23140006969000;34;20;14;38,8
23140006970000;10;5;5;42,1
23140006971000;12;7;5;42,6
23140007003000;17;8;9;48,4
23140007033000;1;1;0;0,0
23140007034000;2;1;1;0,0
23140007036000;5;3;2;44,8
23140007039000;2;1;1;0,0
23140007040000;4;1;3;0,0
23140007042000;13;7;6;26,7
23140007045000;14;9;5;46,3
23140007057000;3;2;1;0,0
23140007058000;14;8;6;42,2
23140007060000;1;1;0;0,0
23140007061000;5;3;2;43,2
23140007062000;41;25;16;36,1
23140007064000;12;3;9;40,6
23140007065000;22;11;11;33,8
23140007066000;50;23;27;36,7
23140007067000;25;12;13;43,9
23140007068000;16;6;10;47,3
23140007069000;47;26;21;36,5
23140007070000;33;18;15;35,2
23140007071000;39;19;20;46,2
23140007072000;18;8;10;36,3
23140007073000;373;178;195;30,1
23140007074000;12;7;5;38,8
23140007075000;30;12;18;44,5
23140007080000;6;2;4;36,2
23140007087000;16;10;6;33,3
23140007088000;37;18;19;41,7
23140007090000;12;4;8;33,5
23140007092000;8;3;5;27,8
23140007093000;83;40;43;37,9
23140007094000;9;5;4;39,3
23140007095000;2;1;1;0,0
23140007103000;34;12;22;32,4
23140007104000;3;2;1;0,0
23140007107000;27;13;14;42,2
23140007108000;13;4;9;28,9
23140007109000;9;5;4;51,0
23140007110000;60;27;33;43,0
23140007130000;12;7;5;44,3
23140007151000;18;9;9;57,1
23140007152000;8;3;5;45,4
23140007157000;47;23;24;41,1
23140007158000;14;6;8;48,0
23140007173000;4;2;2;0,0
23140007199000;6;3;3;63,2
23140007200000;9;5;4;35,7
23140007202000;2;1;1;0,0
23140007205000;6;4;2;47,0
23140007206000;18;8;10;54,7
23140007208000;10;3;7;38,8
23140007209000;5;4;1;63,2
23150006559000;4;2;2;0,0
23150006560000;6;4;2;48,2
23150006571000;4;3;1;0,0
23150006572000;11;6;5;29,6
23150006573000;2;1;1;0,0
23150006585000;4;2;2;0,0
23150006589000;2;1;1;0,0
23150006591000;6;4;2;53,7
23150006598000;4;3;1;0,0
23150006633000;22;9;13;43,4
23150006634000;22;13;9;30,5
23150006635000;24;10;14;30,5
23150006636000;4;2;2;0,0
23150006637000;7;3;4;44,7
23150006638000;35;18;17;33,1
23150006639000;12;5;7;43,6
23150006648000;3;2;1;0,0
23150006656000;7;4;3;64,4
23150006657000;3;1;2;0,0
23150006662000;2;1;1;0,0
23150006672000;3;2;1;0,0
23150006676000;15;7;8;46,3
23150006677000;14;9;5;36,3
23150006678000;19;12;7;50,3
23150006679000;58;29;29;41,8
23150006680000;34;20;14;47,9
23150006681000;18;11;7;43,0
23150006682000;13;9;4;54,8
23150006683000;21;12;9;37,4
23150006684000;446;188;258;50,5
23150006685000;81;41;40;36,5
23150006686000;31;16;15;36,6
23150006687000;27;14;13;50,2
23150006688000;36;18;18;33,6
23150006689000;27;12;15;40,9
23150006690000;19;7;12;43,9
23150006691000;31;15;16;46,1
23150006692000;25;14;11;55,2
23150006693000;8;5;3;67,5
23150006694000;4;1;3;0,0
23150006698000;4;3;1;0,0
23150006700000;22;10;12;36,1
23150006701000;60;29;31;43,6
23150006702000;115;57;58;33,1
23150006703000;197;80;117;54,4
23150006704000;96;50;46;45,2
23150006705000;46;22;24;37,9
23150006706000;22;12;10;40,3
23150006707000;53;28;25;38,6
23150006708000;79;38;41;46,8
23150006709000;49;25;24;43,5
23150006710000;4;2;2;0,0
23150006745000;4;2;2;0,0
23150006746000;29;15;14;42,0
23150006747000;32;14;18;46,6
23150006748000;45;24;21;40,0
23150006749000;38;19;19;39,5
23150006750000;31;22;9;36,6
23150006751000;2;0;2;0,0
23150006755000;42;21;21;37,5
23150006756000;342;168;174;39,2
23150006757000;31;16;15;33,9
23150006758000;6;3;3;44,0
23150006761000;27;15;12;44,1
23150006762000;23;13;10;46,2
23150006763000;1;0;1;0,0
23150006781000;2;1;1;0,0
23150006789000;6;3;3;68,5
23150006902000;4;2;2;0,0
23150006926000;2;1;1;0,0
23150006928000;2;1;1;0,0
23150006940000;14;4;10;37,1
23150006941000;9;4;5;48,3
23150006942000;4;2;2;0,0
23150006943000;84;22;62;74,9
23150006944000;11;4;7;26,5
23150006946000;1;1;0;0,0
23150006949000;1;1;0;0,0
23150006950000;7;3;4;47,6
23150006954000;9;3;6;33,7
23150006955000;14;8;6;37,6
23150006969000;4;3;1;0,0
23150007001000;5;3;2;62,2
23150007002000;10;7;3;57,4
23150007003000;1;1;0;0,0
23150007042000;10;5;5;45,1
23150007044000;17;10;7;34,7
23150007045000;13;9;4;39,8
23150007059000;27;13;14;36,9
23150007060000;16;7;9;39,2
23150007061000;41;19;22;35,9
23150007062000;100;52;48;43,7
23150007070000;37;19;18;43,8
23150007071000;367;198;169;33,2
23150007072000;32;17;15;31,3
23150007073000;349;169;180;40,4
23150007074000;311;152;159;36,4
23150007075000;369;180;189;34,7
23150007087000;76;35;41;44,3
23150007088000;140;63;77;33,1
23150007089000;3;1;2;0,0
23150007090000;1;1;0;0,0
23150007091000;3;1;2;0,0
23150007093000;9;6;3;50,8
23150007094000;13;5;8;35,3
23150007095000;10;4;6;33,9
23150007096000;6;4;2;36,5
23150007104000;9;6;3;44,0
23150007105000;16;7;9;46,6
23150007106000;1;0;1;0,0
23150007107000;5;2;3;70,4
23150007108000;48;25;23;57,0
23150007109000;464;238;226;43,7
23150007110000;505;245;260;44,4
23150007111000;50;21;29;44,0
23150007112000;2;1;1;0,0
23150007113000;9;5;4;22,1
23150007118000;7;3;4;49,1
23150007123000;23;11;12;37,0
23150007124000;8;5;3;47,3
23150007125000;9;4;5;35,3
23150007126000;4;3;1;0,0
23150007127000;8;4;4;39,9
23150007128000;15;8;7;29,3
23150007130000;21;14;7;33,8
23150007131000;12;7;5;44,5
23150007132000;4;2;2;0,0
23150007133000;23;12;11;43,5
23150007134000;8;3;5;48,1
23150007152000;14;8;6;49,8
23150007157000;71;32;39;46,3
23150007158000;5;0;5;74,4
23150007171000;13;8;5;44,7
23150007172000;10;6;4;42,7
23150007197000;5;2;3;26,6
23150007198000;25;14;11;40,9
23150007199000;5;3;2;38,4
23150007200000;25;12;13;35,2
23150007201000;4;2;2;0,0
23150007202000;6;2;4;14,7
23150007203000;7;5;2;27,6
23150007205000;5;2;3;22,2
23150007207000;3;2;1;0,0
23150007210000;3;2;1;0,0
23150007211000;11;4;7;51,5
23160006573000;4;3;1;0,0
23160006576000;3;2;1;0,0
23160006633000;25;14;11;39,4
23160006634000;97;49;48;38,5
23160006635000;59;34;25;46,9
23160006636000;189;92;97;43,2
23160006637000;20;9;11;55,9
23160006638000;34;14;20;36,3
23160006639000;15;10;5;50,9
23160006654000;7;5;2;65,9
23160006662000;2;1;1;0,0
23160006672000;9;5;4;35,1
23160006677000;1;1;0;0,0
23160006679000;9;4;5;40,6
23160006680000;9;4;5;52,2
23160006681000;11;3;8;40,2
23160006682000;616;317;299;41,6
23160006683000;573;279;294;43,8
23160006684000;537;251;286;47,2
23160006685000;101;43;58;40,9
23160006686000;3;3;0;0,0
23160006688000;28;15;13;44,2
23160006689000;17;7;10;33,1
23160006690000;20;11;9;28,9
23160006697000;4;2;2;0,0
23160006698000;24;12;12;44,0
23160006699000;28;15;13;44,0
23160006700000;30;15;15;39,7
23160006701000;25;15;10;49,6
23160006702000;31;19;12;46,8
23160006703000;31;12;19;43,3
23160006704000;13;7;6;47,2
23160006705000;4;2;2;0,0
23160006746000;32;15;17;39,6
23160006747000;60;27;33;39,7
23160006748000;195;102;93;42,9
23160006749000;56;29;27;46,0
23160006750000;2;1;1;0,0
23160006755000;7;1;6;16,7
23160006756000;5;2;3;45,4
23160006757000;148;79;69;38,5
23160006758000;248;138;110;35,0
23160006759000;6;2;4;51,7
23160006760000;11;6;5;59,2
23160006761000;87;44;43;32,1
23160006762000;56;27;29;39,2
23160006763000;3;1;2;0,0
23160006764000;39;21;18;38,8
23160006776000;4;3;1;0,0
23160006777000;8;5;3;54,5
23160006780000;2;2;0;0,0
23160006781000;3;2;1;0,0
23160006901000;8;5;3;25,0
23160006902000;30;15;15;50,2
23160006905000;1;1;0;0,0
23160006918000;6;2;4;40,5
23160006939000;8;4;4;55,9
23160006940000;4;2;2;0,0
23160006941000;9;6;3;35,3
23160006945000;10;5;5;37,0
23160006949000;1;1;0;0,0
23160006950000;5;3;2;39,6
23160006952000;13;9;4;44,2
23160006953000;6;4;2;65,2
23160006954000;141;59;82;40,7
23160007002000;1;1;0;0,0
23160007015000;1;1;0;0,0
23160007033000;3;1;2;0,0
23160007041000;9;5;4;29,9
23160007042000;1;1;0;0,0
23160007045000;7;4;3;34,4
23160007046000;6;3;3;35,0
23160007059000;4;3;1;0,0
23160007060000;7;4;3;33,0
23160007061000;15;7;8;41,0
23160007062000;10;6;4;37,4
23160007068000;12;4;8;41,5
23160007069000;10;7;3;40,2
23160007070000;8;5;3;26,3
23160007071000;824;438;386;32,0
23160007072000;402;195;207;38,0
23160007073000;128;46;82;46,6
23160007074000;1523;746;777;41,7
23160007075000;731;345;386;41,7
23160007076000;27;12;15;42,6
23160007087000;55;30;25;45,2
23160007088000;194;103;91;35,0
23160007089000;62;30;32;37,2
23160007090000;16;7;9;39,8
23160007091000;21;11;10;35,1
23160007092000;10;4;6;26,6
23160007094000;27;14;13;41,6
23160007105000;13;5;8;37,5
23160007106000;8;5;3;54,0
23160007107000;8;4;4;42,9
23160007108000;35;19;16;36,2
23160007109000;32;16;16;32,2
23160007110000;35;18;17;38,3
23160007111000;158;78;80;41,8
23160007112000;142;71;71;44,0
23160007113000;20;12;8;49,9
23160007117000;6;4;2;55,0
23160007118000;20;10;10;36,8
23160007122000;39;21;18;42,9
23160007123000;68;32;36;43,0
23160007124000;9;5;4;41,0
23160007126000;82;42;40;42,4
23160007127000;220;93;127;53,4
23160007128000;35;18;17;42,6
23160007129000;50;26;24;33,4
23160007130000;15;8;7;46,7
23160007132000;13;8;5;36,1
23160007134000;2;1;1;0,0
23160007135000;24;14;10;47,4
23160007136000;6;3;3;58,5
23160007137000;3;2;1;0,0
23160007148000;14;8;6;28,6
23160007149000;8;5;3;51,8
23160007150000;27;14;13;53,4
23160007151000;1;0;1;0,0
23160007152000;3;1;2;0,0
23160007153000;3;2;1;0,0
23160007166000;12;7;5;42,8
23160007171000;2;1;1;0,0
23160007197000;9;5;4;29,2
23160007198000;12;8;4;36,6
23160007199000;16;9;7;39,1
23160007203000;1;1;0;0,0
23160007204000;6;4;2;74,5
23160007205000;4;2;2;0,0
23160007211000;2;1;1;0,0
23170006573000;6;2;4;47,7
23170006574000;2;1;1;0,0
23170006648000;1;1;0;0,0
23170006649000;5;3;2;59,4
23170006654000;14;7;7;54,7
23170006655000;2;1;1;0,0
23170006660000;7;4;3;26,4
23170006661000;8;4;4;15,4
23170006679000;2;1;1;0,0
23170006682000;28;16;12;40,6
23170006683000;74;41;33;45,4
23170006684000;117;56;61;41,1
23170006685000;18;5;13;50,4
23170006686000;27;9;18;32,3
23170006689000;4;3;1;0,0
23170006690000;17;8;9;43,7
23170006697000;27;14;13;55,4
23170006698000;147;85;62;39,5
23170006699000;37;19;18;44,0
23170006700000;10;5;5;49,9
23170006701000;14;8;6;35,6
23170006703000;2;1;1;0,0
23170006745000;2;2;0;0,0
23170006746000;11;6;5;38,5
23170006747000;217;108;109;42,5
23170006748000;116;63;53;39,9
23170006749000;25;12;13;37,2
23170006758000;91;50;41;33,5
23170006759000;57;28;29;39,2
23170006760000;44;17;27;41,2
23170006761000;3;2;1;0,0
23170006763000;11;6;5;45,5
23170006774000;1;1;0;0,0
23170006780000;1;1;0;0,0
23170006813000;1;1;0;0,0
23170006901000;3;1;2;0,0
23170006902000;9;5;4;70,3
23170006917000;2;1;1;0,0
23170006918000;15;9;6;38,7
23170006919000;1;1;0;0,0
23170006938000;11;3;8;40,6
23170006950000;5;3;2;41,4
23170006953000;16;9;7;46,4
23170006954000;87;44;43;44,4
23170007033000;2;1;1;0,0
23170007041000;15;8;7;43,6
23170007042000;8;5;3;49,0
23170007044000;4;2;2;0,0
23170007045000;5;2;3;33,2
23170007046000;2;1;1;0,0
23170007060000;11;6;5;28,9
23170007061000;23;9;14;24,8
23170007062000;2;1;1;0,0
23170007069000;7;4;3;40,1
23170007070000;24;12;12;40,8
23170007071000;125;56;69;38,4
23170007072000;113;55;58;40,3
23170007073000;1902;923;979;40,7
23170007074000;1013;470;543;50,3
23170007087000;231;111;120;50,9
23170007088000;370;163;207;37,6
23170007089000;41;20;21;44,8
23170007090000;32;17;15;30,3
23170007092000;47;21;26;43,9
23170007093000;33;18;15;47,2
23170007094000;19;10;9;37,7
23170007096000;7;3;4;40,3
23170007097000;14;6;8;31,1
23170007098000;1;0;1;0,0
23170007105000;1;0;1;0,0
23170007108000;3;2;1;0,0
23170007109000;15;6;9;43,1
23170007110000;2;1;1;0,0
23170007111000;12;7;5;44,1
23170007112000;29;14;15;35,6
23170007113000;14;7;7;30,8
23170007117000;21;11;10;33,6
23170007118000;10;7;3;30,1
23170007120000;3;1;2;0,0
23170007121000;14;7;7;39,7
23170007122000;40;24;16;35,5
23170007123000;20;12;8;40,8
23170007124000;20;11;9;49,7
23170007125000;4;2;2;0,0
23170007126000;52;29;23;42,9
23170007127000;38;19;19;45,0
23170007128000;1;1;0;0,0
23170007129000;25;17;8;28,5
23170007130000;2;1;1;0,0
23170007136000;110;56;54;37,5
23170007137000;8;6;2;43,0
23170007138000;7;4;3;33,0
23170007149000;2;1;1;0,0
23170007150000;3;2;1;0,0
23170007166000;23;15;8;29,9
23170007167000;10;5;5;45,1
23170007173000;18;8;10;34,7
23170007183000;50;20;30;36,9
23170007197000;5;1;4;58,8
23170007198000;1;0;1;0,0
23170007202000;5;3;2;18,2
23170007203000;8;5;3;34,3
23180006573000;5;3;2;57,8
23180006625000;5;3;2;27,6
23180006626000;20;11;9;42,8
23180006630000;2;1;1;0,0
23180006640000;2;2;0;0,0
23180006649000;7;3;4;34,7
23180006650000;6;2;4;39,7
23180006652000;2;1;1;0,0
23180006655000;2;1;1;0,0
23180006657000;2;1;1;0,0
23180006667000;5;3;2;56,2
23180006681000;6;3;3;52,0
23180006682000;85;43;42;45,2
23180006683000;17;9;8;57,0
23180006684000;10;4;6;53,2
23180006685000;32;19;13;40,3
23180006688000;2;0;2;0,0
23180006689000;4;3;1;0,0
23180006693000;14;7;7;33,1
23180006694000;33;19;14;54,4
23180006695000;11;6;5;32,0
23180006696000;5;2;3;55,4
23180006697000;15;8;7;45,9
23180006698000;30;15;15;52,6
23180006699000;5;3;2;28,8
23180006745000;23;12;11;44,1
23180006746000;55;30;25;39,4
23180006747000;21;12;9;34,7
23180006748000;53;23;30;34,1
23180006749000;56;31;25;42,5
23180006750000;6;2;4;31,7
23180006753000;1;0;1;0,0
23180006758000;53;29;24;40,5
23180006759000;29;15;14;43,6
23180006760000;32;20;12;40,8
23180006761000;49;25;24;43,9
23180006762000;3;1;2;0,0
23180006763000;13;6;7;52,6
23180006764000;31;18;13;42,3
23180006765000;7;5;2;40,1
23180006937000;2;2;0;0,0
23180006945000;4;2;2;0,0
23180006948000;2;1;1;0,0
23180006954000;13;5;8;55,5
23180006999000;12;6;6;38,3
23180007041000;44;22;22;37,4
23180007042000;15;9;6;39,7
23180007044000;7;4;3;27,0
23180007045000;25;15;10;37,6
23180007046000;58;30;28;34,0
23180007059000;12;5;7;46,0
23180007060000;7;4;3;47,4
23180007069000;9;4;5;37,3
23180007070000;20;9;11;31,2
23180007071000;21;13;8;43,0
23180007072000;88;44;44;47,9
23180007073000;940;459;481;36,9
23180007074000;547;264;283;35,7
23180007075000;1;1;0;0,0
23180007084000;3;1;2;0,0
23180007085000;11;5;6;42,1
23180007086000;51;25;26;32,4
23180007087000;224;110;114;45,6
23180007088000;356;160;196;51,8
23180007089000;98;48;50;48,5
23180007090000;28;14;14;34,0
23180007091000;10;7;3;46,7
23180007092000;7;4;3;43,3
23180007093000;24;12;12;35,1
23180007094000;13;6;7;34,4
23180007095000;16;10;6;40,0
23180007096000;6;4;2;23,2
23180007097000;25;13;12;31,4
23180007098000;53;28;25;35,4
23180007099000;8;4;4;38,9
23180007106000;13;8;5;64,5
23180007109000;2;1;1;0,0
23180007110000;6;4;2;35,8
23180007111000;4;2;2;0,0
23180007113000;14;8;6;39,7
23180007117000;9;7;2;46,2
23180007118000;16;8;8;39,4
23180007119000;4;3;1;0,0
23180007120000;20;9;11;30,8
23180007121000;20;11;9;22,8
23180007122000;11;5;6;27,9
23180007123000;9;4;5;61,0
23180007124000;27;15;12;50,8
23180007129000;13;7;6;42,3
23180007130000;12;6;6;49,7
23180007138000;7;3;4;48,1
23180007142000;5;3;2;16,4
23180007143000;15;7;8;19,1
23180007155000;2;1;1;0,0
23180007156000;2;1;1;0,0
23180007159000;14;6;8;61,2
23180007165000;2;0;2;0,0
23180007166000;2;1;1;0,0
23180007167000;2;2;0;0,0
23180007168000;2;1;1;0,0
23180007174000;15;9;6;36,6
23180007175000;4;1;3;0,0
23180007176000;1;0;1;0,0
23180007177000;12;7;5;29,3
23180007183000;59;29;30;39,6
23180007184000;17;10;7;36,2
23180007196000;16;6;10;44,6
23180007197000;20;9;11;43,6
23180007202000;2;1;1;0,0
23180007203000;2;1;1;0,0
23180007205000;29;18;11;38,1
23180007206000;5;1;4;16,6
23180007207000;2;1;1;0,0
23180007208000;7;5;2;61,9
23180007211000;1;1;0;0,0
23190006620000;3;1;2;0,0
23190006623000;6;5;1;23,7
23190006624000;66;37;29;43,0
23190006625000;20;12;8;39,7
23190006631000;3;2;1;0,0
23190006636000;5;2;3;36,4
23190006640000;2;1;1;0,0
23190006651000;3;1;2;0,0
23190006655000;5;1;4;30,8
23190006658000;1;0;1;0,0
23190006667000;21;12;9;49,0
23190006668000;9;4;5;31,8
23190006681000;25;17;8;45,1
23190006682000;21;9;12;44,3
23190006683000;9;6;3;41,9
23190006688000;21;9;12;41,3
23190006689000;3;2;1;0,0
23190006690000;5;4;1;37,0
23190006691000;17;9;8;49,4
23190006692000;44;25;19;43,6
23190006693000;11;7;4;44,4
23190006694000;13;8;5;46,8
23190006695000;19;11;8;58,5
23190006744000;21;11;10;40,9
23190006745000;8;3;5;51,4
23190006746000;27;16;11;40,3
23190006747000;5;4;1;39,4
23190006748000;26;14;12;42,5
23190006749000;54;24;30;48,4
23190006754000;3;2;1;0,0
23190006755000;17;11;6;42,2
23190006758000;29;12;17;36,3
23190006759000;66;35;31;40,8
23190006760000;66;34;32;39,3
23190006761000;75;41;34;37,4
23190006762000;3;2;1;0,0
23190006763000;63;32;31;40,6
23190006764000;8;2;6;37,0
23190006773000;5;3;2;21,0
23190006807000;2;2;0;0,0
23190006810000;3;2;1;0,0
23190006812000;3;2;1;0,0
23190006936000;8;4;4;51,5
23190006945000;2;1;1;0,0
23190006946000;2;1;1;0,0
23190006954000;1;0;1;0,0
23190006956000;5;2;3;53,2
23190006999000;15;8;7;40,4
23190007000000;5;4;1;36,2
23190007034000;1;0;1;0,0
23190007041000;8;5;3;44,8
23190007042000;18;10;8;44,2
23190007045000;34;20;14;36,3
23190007046000;1;1;0;0,0
23190007047000;10;6;4;29,7
23190007048000;8;5;3;39,6
23190007058000;1;1;0;0,0
23190007059000;4;1;3;0,0
23190007060000;2;2;0;0,0
23190007069000;11;5;6;40,8
23190007070000;24;14;10;32,3
23190007071000;16;10;6;42,9
23190007072000;36;20;16;40,9
23190007073000;59;32;27;30,6
23190007074000;97;53;44;37,9
23190007075000;29;16;13;38,6
23190007076000;15;9;6;51,3
23190007084000;21;10;11;43,8
23190007085000;13;4;9;39,3
23190007086000;24;17;7;47,3
23190007090000;7;4;3;46,6
23190007091000;25;12;13;46,1
23190007092000;13;6;7;26,2
23190007093000;22;9;13;32,0
23190007094000;13;5;8;37,9
23190007095000;23;14;9;39,8
23190007096000;28;13;15;42,3
23190007097000;109;53;56;34,3
23190007098000;224;111;113;36,8
23190007106000;14;7;7;41,9
23190007108000;3;1;2;0,0
23190007109000;7;4;3;35,4
23190007110000;19;11;8;36,7
23190007111000;4;2;2;0,0
23190007113000;17;11;6;33,2
23190007115000;20;6;14;31,4
23190007116000;6;2;4;33,7
23190007117000;38;21;17;51,2
23190007118000;19;11;8;47,8
23190007119000;11;5;6;50,1
23190007120000;10;5;5;54,7
23190007124000;4;3;1;0,0
23190007130000;12;6;6;41,0
23190007139000;6;3;3;31,0
23190007140000;5;4;1;64,0
23190007159000;23;11;12;35,8
23190007166000;17;10;7;37,8
23190007167000;3;1;2;0,0
23190007168000;21;11;10;49,6
23190007172000;5;2;3;41,0
23190007173000;5;3;2;63,2
23190007175000;14;6;8;56,3
23190007176000;12;8;4;22,3
23190007183000;2;1;1;0,0
23190007184000;2;1;1;0,0
23190007196000;19;12;7;34,2
23190007197000;10;7;3;33,0
23190007198000;15;5;10;25,7
23190007204000;10;7;3;40,4
23190007205000;16;8;8;49,4
23190007206000;1;1;0;0,0
23200006620000;3;2;1;0,0
23200006622000;1;1;0;0,0
23200006623000;11;6;5;48,5
23200006624000;21;12;9;51,4
23200006625000;21;10;11;39,8
23200006626000;33;13;20;33,6
23200006627000;163;74;89;46,3
23200006628000;9;3;6;52,7
23200006629000;3;2;1;0,0
23200006631000;1;1;0;0,0
23200006641000;9;5;4;35,9
23200006643000;1;1;0;0,0
23200006654000;12;6;6;51,5
23200006658000;2;1;1;0,0
23200006668000;10;6;4;57,4
23200006669000;22;8;14;42,4
23200006679000;4;1;3;0,0
23200006680000;15;8;7;42,1
23200006681000;31;16;15;48,4
23200006682000;33;19;14;33,6
23200006683000;14;5;9;55,3
23200006684000;19;12;7;43,5
23200006685000;20;8;12;44,2
23200006686000;16;8;8;33,1
23200006687000;10;5;5;47,0
23200006688000;6;3;3;28,0
23200006689000;28;16;12;48,6
23200006690000;27;15;12;37,8
23200006691000;7;4;3;54,9
23200006692000;2;1;1;0,0
23200006695000;3;2;1;0,0
23200006697000;1;1;0;0,0
23200006698000;4;3;1;0,0
23200006740000;22;9;13;33,5
23200006741000;12;6;6;32,2
23200006742000;13;5;8;32,9
23200006743000;45;25;20;39,9
23200006744000;14;9;5;48,6
23200006745000;113;55;58;35,2
23200006746000;53;29;24;40,0
23200006747000;8;5;3;37,0
23200006755000;10;4;6;41,8
23200006758000;5;3;2;42,4
23200006759000;18;11;7;27,4
23200006761000;4;2;2;0,0
23200006762000;36;17;19;43,8
23200006763000;7;5;2;31,3
23200006764000;19;8;11;38,8
23200006765000;27;12;15;45,4
23200006766000;11;7;4;44,3
23200006769000;4;1;3;0,0
23200006771000;1;0;1;0,0
23200006807000;1;1;0;0,0
23200006808000;8;3;5;35,0
23200006945000;8;3;5;33,3
23200006946000;21;11;10;49,7
23200006953000;9;5;4;63,4
23200006955000;1;1;0;0,0
23200006956000;4;1;3;0,0
23200006996000;4;2;2;0,0
23200006997000;39;20;19;34,2
23200007041000;22;10;12;33,5
23200007042000;11;4;7;46,4
23200007045000;8;5;3;42,4
23200007048000;4;3;1;0,0
23200007069000;5;3;2;20,6
23200007070000;27;14;13;44,2
23200007071000;47;24;23;31,0
23200007072000;47;26;21;30,3
23200007073000;28;16;12;27,0
23200007074000;16;10;6;37,1
23200007075000;73;37;36;43,1
23200007076000;29;13;16;29,7
23200007084000;11;7;4;42,8
23200007085000;10;6;4;39,0
23200007093000;8;6;2;49,8
23200007094000;18;9;9;35,5
23200007095000;15;9;6;44,2
23200007096000;63;34;29;37,3
23200007097000;228;111;117;38,9
23200007098000;16;7;9;45,8
23200007106000;95;51;44;36,6
23200007108000;5;2;3;19,0
23200007109000;19;10;9;50,4
23200007110000;20;11;9;43,4
23200007111000;20;12;8;29,2
23200007112000;7;3;4;50,0
23200007114000;10;4;6;31,2
23200007115000;44;22;22;37,2
23200007116000;40;22;18;43,0
23200007117000;7;4;3;26,3
23200007130000;6;3;3;40,7
23200007139000;3;2;1;0,0
23200007140000;16;9;7;56,8
23200007159000;19;9;10;59,8
23200007160000;10;3;7;53,1
23200007162000;11;4;7;54,7
23200007163000;35;17;18;36,0
23200007164000;1;1;0;0,0
23200007167000;11;7;4;55,9
23200007168000;8;4;4;55,6
23200007169000;8;6;2;29,6
23200007173000;20;12;8;40,1
23200007175000;3;2;1;0,0
23200007185000;14;8;6;47,4
23200007194000;1;1;0;0,0
23200007195000;13;6;7;50,4
23200007196000;14;5;9;27,6
23200007197000;190;83;107;32,6
23200007198000;435;223;212;30,5
23200007204000;8;2;6;36,4
23200007205000;2;1;1;0,0
23210006618000;2;1;1;0,0
23210006624000;1;0;1;0,0
23210006625000;2;1;1;0,0
23210006626000;17;10;7;37,2
23210006627000;97;55;42;40,0
23210006628000;81;44;37;52,7
23210006629000;26;12;14;47,4
23210006630000;21;14;7;46,6
23210006631000;5;3;2;46,4
23210006639000;6;3;3;58,5
23210006641000;2;1;1;0,0
23210006648000;2;1;1;0,0
23210006649000;4;3;1;0,0
23210006658000;2;1;1;0,0
23210006663000;8;6;2;42,8
23210006668000;1;1;0;0,0
23210006679000;12;7;5;51,4
23210006680000;35;16;19;38,1
23210006681000;21;9;12;49,8
23210006682000;21;11;10;46,5
23210006683000;24;14;10;40,9
23210006684000;12;5;7;30,4
23210006685000;4;4;0;0,0
23210006686000;185;90;95;36,3
23210006687000;38;18;20;47,0
23210006688000;32;14;18;45,5
23210006690000;4;1;3;0,0
23210006698000;2;1;1;0,0
23210006737000;9;6;3;34,7
23210006738000;3;2;1;0,0
23210006739000;2;1;1;0,0
23210006741000;1;0;1;0,0
23210006742000;4;3;1;0,0
23210006743000;9;5;4;31,7
23210006744000;3;2;1;0,0
23210006745000;90;41;49;39,7
23210006746000;55;28;27;38,2
23210006747000;49;26;23;46,9
23210006748000;60;29;31;35,8
23210006749000;16;9;7;40,9
23210006750000;3;2;1;0,0
23210006759000;37;21;16;36,4
23210006760000;7;3;4;49,1
23210006761000;11;5;6;45,6
23210006763000;9;6;3;22,3
23210006764000;2;1;1;0,0
23210006766000;27;13;14;38,3
23210006767000;36;20;16;34,7
23210006768000;21;10;11;45,7
23210006769000;7;3;4;23,6
23210006771000;5;2;3;62,8
23210006804000;1;1;0;0,0
23210006806000;2;1;1;0,0
23210006929000;1;1;0;0,0
23210006944000;4;2;2;0,0
23210006945000;6;4;2;65,8
23210006951000;1;0;1;0,0
23210006952000;9;5;4;36,0
23210006953000;6;3;3;32,0
23210006955000;10;4;6;38,9
23210006996000;44;16;28;47,8
23210006997000;18;7;11;41,8
23210007041000;31;16;15;41,8
23210007043000;10;7;3;38,3
23210007044000;3;2;1;0,0
23210007045000;6;3;3;25,7
23210007046000;2;0;2;0,0
23210007068000;12;7;5;44,0
23210007069000;3;1;2;0,0
23210007070000;12;6;6;46,9
23210007071000;50;25;25;41,6
23210007072000;52;28;24;30,7
23210007073000;11;4;7;35,4
23210007074000;168;93;75;41,2
23210007075000;29;17;12;46,9
23210007076000;6;3;3;42,8
23210007084000;38;18;20;42,5
23210007085000;8;5;3;37,1
23210007086000;1;0;1;0,0
23210007087000;24;12;12;39,7
23210007088000;12;6;6;37,5
23210007090000;12;6;6;53,7
23210007091000;9;5;4;46,2
23210007092000;17;6;11;37,2
23210007095000;3;3;0;0,0
23210007096000;37;19;18;42,1
23210007098000;25;13;12;50,6
23210007099000;31;14;17;37,8
23210007106000;31;17;14;36,3
23210007107000;17;8;9;34,8
23210007110000;14;10;4;26,6
23210007111000;16;6;10;25,3
23210007112000;7;3;4;33,9
23210007114000;23;11;12;31,4
23210007115000;3;1;2;0,0
23210007116000;32;17;15;33,9
23210007130000;12;8;4;28,8
23210007142000;8;5;3;61,0
23210007158000;2;2;0;0,0
23210007159000;43;22;21;54,5
23210007160000;18;10;8;58,9
23210007161000;15;8;7;26,8
23210007162000;47;24;23;38,2
23210007163000;7;4;3;29,4
23210007164000;21;11;10;41,1
23210007165000;2;1;1;0,0
23210007166000;10;5;5;44,3
23210007167000;13;8;5;39,5
23210007168000;16;9;7;27,6
23210007171000;2;1;1;0,0
23210007172000;15;7;8;39,9
23210007173000;8;5;3;60,5
23210007174000;36;17;19;29,2
23210007175000;86;36;50;51,6
23210007193000;2;1;1;0,0
23210007196000;11;8;3;38,8
23210007197000;159;83;76;37,6
23210007198000;1320;653;667;42,7
23210007199000;578;297;281;34,2
23210007200000;11;6;5;54,6
23210007201000;1;1;0;0,0
23210007204000;7;4;3;49,3
23210007205000;10;6;4;30,6
23210007206000;3;2;1;0,0
23220006616000;3;2;1;0,0
23220006617000;1;1;0;0,0
23220006624000;3;2;1;0,0
23220006643000;7;5;2;44,9
23220006644000;2;1;1;0,0
23220006667000;3;1;2;0,0
23220006668000;18;8;10;62,9
23220006677000;1;1;0;0,0
23220006678000;2;2;0;0,0
23220006679000;7;5;2;29,4
23220006680000;271;141;130;36,5
23220006681000;47;26;21;33,6
23220006682000;46;30;16;38,5
23220006683000;9;3;6;42,1
23220006685000;3;3;0;0,0
23220006686000;31;15;16;43,4
23220006687000;4;2;2;0,0
23220006688000;18;11;7;48,2
23220006689000;1;1;0;0,0
23220006734000;13;7;6;49,8
23220006735000;9;3;6;31,4
23220006736000;13;8;5;58,9
23220006737000;10;8;2;55,4
23220006738000;18;4;14;43,6
23220006739000;5;3;2;68,6
23220006740000;3;1;2;0,0
23220006744000;13;8;5;49,6
23220006745000;16;6;10;48,4
23220006746000;13;8;5;29,1
23220006747000;5;3;2;35,8
23220006748000;11;7;4;41,5
23220006749000;8;6;2;37,1
23220006750000;1;0;1;0,0
23220006758000;3;2;1;0,0
23220006759000;35;16;19;43,2
23220006760000;96;35;61;51,3
23220006761000;58;33;25;48,3
23220006762000;2;1;1;0,0
23220006763000;4;2;2;0,0
23220006764000;17;8;9;37,2
23220006767000;5;2;3;54,8
23220006768000;2;1;1;0,0
23220006770000;4;2;2;0,0
23220006772000;2;1;1;0,0
23220006773000;4;2;2;0,0
23220006774000;2;1;1;0,0
23220006794000;2;1;1;0,0
23220006805000;2;1;1;0,0
23220006806000;13;7;6;52,1
23220006915000;13;6;7;41,8
23220006917000;2;0;2;0,0
23220006935000;25;14;11;44,6
23220006941000;2;1;1;0,0
23220006945000;2;1;1;0,0
23220006946000;5;1;4;44,6
23220006951000;4;2;2;0,0
23220006952000;15;7;8;40,1
23220006953000;11;5;6;39,7
23220006954000;2;1;1;0,0
23220006955000;2;1;1;0,0
23220007041000;8;4;4;32,9
23220007045000;8;4;4;37,6
23220007046000;10;4;6;48,4
23220007047000;2;2;0;0,0
23220007068000;11;7;4;45,5
23220007071000;4;2;2;0,0
23220007072000;10;5;5;46,2
23220007073000;36;20;16;38,4
23220007074000;131;62;69;40,8
23220007075000;109;55;54;35,4
23220007076000;65;34;31;40,9
23220007077000;6;5;1;35,0
23220007084000;359;183;176;39,9
23220007085000;55;25;30;38,1
23220007086000;127;63;64;31,4
23220007087000;46;21;25;32,1
23220007088000;19;9;10;39,5
23220007089000;8;5;3;56,4
23220007090000;6;3;3;63,8
23220007092000;28;15;13;28,6
23220007093000;28;14;14;39,8
23220007094000;20;11;9;41,6
23220007095000;7;4;3;50,6
23220007096000;23;13;10;32,2
23220007097000;11;5;6;37,4
23220007098000;28;14;14;48,9
23220007099000;17;11;6;51,1
23220007105000;16;8;8;46,2
23220007106000;23;10;13;39,6
23220007110000;7;3;4;40,6
23220007111000;32;15;17;38,8
23220007112000;44;28;16;31,1
23220007114000;38;20;18;43,3
23220007120000;3;2;1;0,0
23220007142000;27;13;14;38,9
23220007143000;2;1;1;0,0
23220007157000;21;9;12;46,0
23220007158000;2;0;2;0,0
23220007159000;30;15;15;40,6
23220007160000;27;14;13;29,5
23220007161000;18;10;8;43,0
23220007162000;17;6;11;36,1
23220007166000;2;1;1;0,0
23220007171000;4;2;2;0,0
23220007172000;23;11;12;30,6
23220007173000;10;6;4;32,0
23220007175000;10;5;5;54,2
23220007178000;1;1;0;0,0
23220007185000;12;8;4;43,3
23220007186000;1;0;1;0,0
23220007193000;3;2;1;0,0
23220007194000;9;7;2;37,7
23220007196000;17;9;8;34,8
23220007197000;12;7;5;37,6
23220007198000;340;161;179;43,3
23220007199000;170;79;91;38,4
23220007200000;9;4;5;33,7
23220007201000;22;13;9;29,5
23220007202000;47;25;22;34,9
23220007203000;33;17;16;43,6
23220007204000;28;12;16;34,9
23230006616000;2;1;1;0,0
23230006617000;17;10;7;43,3
23230006622000;5;3;2;40,6
23230006668000;3;3;0;0,0
23230006676000;3;2;1;0,0
23230006677000;3;2;1;0,0
23230006678000;6;2;4;22,3
23230006680000;60;31;29;42,1
23230006681000;66;34;32;49,2
23230006682000;37;18;19;42,9
23230006683000;19;9;10;33,4
23230006684000;25;15;10;43,6
23230006685000;3;2;1;0,0
23230006730000;5;3;2;62,8
23230006731000;13;8;5;53,2
23230006732000;7;4;3;47,1
23230006733000;3;1;2;0,0
23230006734000;55;30;25;48,8
23230006735000;76;43;33;43,4
23230006736000;7;6;1;50,0
23230006737000;24;13;11;52,7
23230006738000;16;10;6;50,3
23230006739000;12;8;4;35,3
23230006754000;3;2;1;0,0
23230006755000;4;2;2;0,0
23230006758000;3;1;2;0,0
23230006760000;29;11;18;39,4
23230006764000;1;0;1;0,0
23230006765000;3;2;1;0,0
23230006766000;26;14;12;36,0
23230006768000;3;2;1;0,0
23230006769000;8;5;3;46,4
23230006770000;20;10;10;41,4
23230006771000;5;3;2;70,4
23230006772000;2;1;1;0,0
23230006794000;2;1;1;0,0
23230006795000;3;2;1;0,0
23230006805000;2;2;0;0,0
23230006815000;5;3;2;67,8
23230006816000;2;1;1;0,0
23230006817000;5;3;2;71,0
23230006822000;1;1;0;0,0
23230006894000;9;6;3;40,8
23230006896000;10;5;5;36,6
23230006935000;13;6;7;43,8
23230006946000;10;5;5;36,5
23230006947000;2;1;1;0,0
23230006951000;7;2;5;47,1
23230006953000;11;5;6;35,9
23230006954000;14;9;5;49,4
23230007042000;2;1;1;0,0
23230007045000;7;4;3;47,3
23230007070000;9;7;2;33,0
23230007071000;40;24;16;33,4
23230007072000;19;10;9;43,1
23230007073000;28;13;15;38,8
23230007074000;32;19;13;44,9
23230007075000;85;48;37;34,8
23230007076000;14;9;5;33,4
23230007081000;100;52;48;36,0
23230007082000;284;139;145;38,1
23230007083000;4;4;0;0,0
23230007084000;5;2;3;26,0
23230007085000;202;99;103;38,9
23230007086000;162;86;76;39,5
23230007087000;71;35;36;37,2
23230007088000;17;9;8;37,7
23230007089000;20;10;10;43,5
23230007090000;6;3;3;39,0
23230007092000;27;13;14;40,7
23230007093000;19;10;9;48,8
23230007094000;7;4;3;26,4
23230007095000;12;7;5;27,3
23230007096000;21;11;10;30,5
23230007097000;30;15;15;40,3
23230007098000;8;2;6;35,6
23230007099000;28;14;14;33,8
23230007104000;11;7;4;43,3
23230007105000;81;41;40;33,9
23230007106000;21;9;12;43,2
23230007111000;25;14;11;32,5
23230007112000;29;19;10;30,7
23230007113000;10;5;5;38,3
23230007114000;194;100;94;33,3
23230007115000;6;3;3;47,8
23230007128000;21;12;9;36,1
23230007129000;2;1;1;0,0
23230007156000;2;1;1;0,0
23230007160000;5;3;2;39,4
23230007161000;71;34;37;32,9
23230007162000;3;2;1;0,0
23230007169000;15;8;7;52,9
23230007170000;5;2;3;29,6
23230007173000;6;4;2;39,8
23230007177000;10;5;5;51,3
23230007178000;18;9;9;52,1
23230007185000;17;11;6;47,9
23230007186000;12;6;6;45,2
23230007189000;5;3;2;27,2
23230007190000;10;5;5;47,0
23230007191000;25;12;13;36,2
23230007192000;1;1;0;0,0
23230007194000;4;1;3;0,0
23230007195000;8;4;4;40,5
23230007196000;15;9;6;41,7
23230007197000;82;42;40;32,5
23230007198000;1;1;0;0,0
23230007199000;45;19;26;36,8
23230007200000;128;64;64;37,0
23230007201000;13;7;6;42,5
23230007202000;11;6;5;23,8
23240006643000;4;2;2;0,0
23240006644000;3;2;1;0,0
23240006645000;2;2;0;0,0
23240006646000;1;1;0;0,0
23240006676000;13;6;7;44,2
23240006677000;44;23;21;33,6
23240006678000;4;1;3;0,0
23240006680000;83;43;40;40,0
23240006681000;24;10;14;35,5
23240006682000;39;22;17;46,7
23240006683000;32;16;16;37,3
23240006685000;5;2;3;53,4
23240006686000;3;1;2;0,0
23240006728000;4;3;1;0,0
23240006729000;9;5;4;36,2
23240006730000;13;5;8;59,8
23240006731000;30;17;13;49,6
23240006732000;6;2;4;53,0
23240006733000;1;1;0;0,0
23240006734000;22;13;9;44,3
23240006735000;16;8;8;55,2
23240006736000;10;4;6;43,0
23240006737000;2;1;1;0,0
23240006738000;4;1;3;0,0
23240006755000;32;18;14;47,5
23240006757000;5;2;3;43,4
23240006758000;12;7;5;44,2
23240006760000;4;3;1;0,0
23240006761000;28;17;11;47,4
23240006762000;2;1;1;0,0
23240006764000;5;3;2;54,4
23240006765000;11;7;4;40,5
23240006766000;1;0;1;0,0
23240006768000;1;1;0;0,0
23240006769000;2;1;1;0,0
23240006770000;3;2;1;0,0
23240006795000;5;3;2;39,0
23240006800000;2;1;1;0,0
23240006801000;11;6;5;64,7
23240006802000;1;0;1;0,0
23240006803000;8;5;3;20,6
23240006814000;11;6;5;43,5
23240006893000;1;1;0;0,0
23240006916000;1;1;0;0,0
23240006933000;3;2;1;0,0
23240006934000;5;2;3;33,6
23240006944000;3;1;2;0,0
23240006947000;7;4;3;17,3
23240006949000;11;6;5;40,4
23240006950000;6;2;4;31,0
23240006954000;5;2;3;35,8
23240007068000;7;5;2;40,4
23240007069000;7;5;2;60,4
23240007070000;7;6;1;39,0
23240007071000;99;51;48;35,0
23240007072000;22;12;10;31,8
23240007074000;31;15;16;35,1
23240007075000;54;25;29;33,8
23240007081000;40;19;21;35,3
23240007082000;65;31;34;29,6
23240007083000;46;24;22;39,4
23240007085000;9;6;3;40,3
23240007088000;17;10;7;39,3
23240007089000;16;8;8;43,4
23240007090000;24;12;12;32,5
23240007091000;11;3;8;40,6
23240007092000;42;23;19;44,5
23240007093000;83;38;45;48,2
23240007094000;145;74;71;36,4
23240007095000;161;86;75;35,0
23240007096000;19;12;7;34,7
23240007097000;18;8;10;41,7
23240007098000;34;16;18;53,8
23240007099000;12;6;6;45,8
23240007104000;3;1;2;0,0
23240007106000;19;9;10;44,4
23240007111000;7;2;5;41,1
23240007112000;12;9;3;42,9
23240007113000;43;26;17;40,5
23240007114000;196;89;107;44,1
23240007115000;122;56;66;37,7
23240007142000;3;2;1;0,0
23240007143000;16;8;8;49,8
23240007146000;2;1;1;0,0
23240007155000;6;4;2;32,7
23240007156000;2;1;1;0,0
23240007170000;17;9;8;46,8
23240007171000;16;7;9;56,8
23240007172000;16;9;7;52,9
23240007173000;4;2;2;0,0
23240007177000;1;1;0;0,0
23240007178000;13;6;7;63,8
23240007186000;8;5;3;37,1
23240007190000;20;12;8;32,8
23240007193000;8;5;3;39,9
23240007195000;3;1;2;0,0
23240007196000;24;13;11;36,8
23240007197000;93;51;42;38,9
23240007198000;66;36;30;41,2
23240007199000;12;7;5;47,3
23240007200000;2;1;1;0,0
23240007202000;16;8;8;26,8
23240007203000;28;14;14;27,7
23240007204000;6;4;2;59,3
23250006661000;1;1;0;0,0
23250006675000;1;1;0;0,0
23250006676000;28;13;15;37,5
23250006677000;19;11;8;58,6
23250006678000;8;4;4;77,1
23250006679000;20;11;9;43,9
23250006680000;23;11;12;51,6
23250006681000;58;32;26;39,2
23250006682000;32;12;20;38,0
23250006683000;25;12;13;49,5
23250006684000;6;4;2;36,0
23250006685000;1;1;0;0,0
23250006726000;7;3;4;62,9
23250006727000;30;18;12;46,3
23250006728000;21;11;10;39,9
23250006729000;6;4;2;54,8
23250006730000;46;23;23;46,5
23250006731000;28;18;10;26,2
23250006732000;5;2;3;68,4
23250006733000;15;8;7;40,7
23250006734000;8;4;4;49,9
23250006735000;8;3;5;31,6
23250006736000;203;109;94;41,3
23250006737000;45;22;23;33,8
23250006754000;6;2;4;41,5
23250006755000;7;2;5;52,7
23250006757000;30;14;16;36,8
23250006758000;44;26;18;32,9
23250006759000;32;18;14;52,9
23250006760000;93;46;47;45,1
23250006761000;42;19;23;46,0
23250006763000;1;0;1;0,0
23250006764000;1;0;1;0,0
23250006766000;1;1;0;0,0
23250006767000;3;2;1;0,0
23250006768000;2;2;0;0,0
23250006794000;5;3;2;54,8
23250006795000;4;3;1;0,0
23250006798000;3;2;1;0,0
23250006799000;6;2;4;28,8
23250006800000;6;3;3;40,2
23250006801000;19;9;10;34,3
23250006813000;4;2;2;0,0
23250006888000;25;14;11;44,1
23250006889000;1;0;1;0,0
23250006914000;7;4;3;34,3
23250006933000;4;2;2;0,0
23250006947000;3;2;1;0,0
23250006954000;2;1;1;0,0
23250006955000;4;3;1;0,0
23250006996000;4;1;3;0,0
23250007042000;5;2;3;57,2
23250007067000;9;4;5;35,1
23250007069000;17;8;9;39,8
23250007070000;23;12;11;29,0
23250007072000;5;4;1;38,2
23250007073000;1;1;0;0,0
23250007074000;28;14;14;45,6
23250007075000;72;42;30;36,5
23250007076000;84;47;37;39,4
23250007077000;35;25;10;39,6
23250007078000;1012;519;493;39,0
23250007079000;389;181;208;35,5
23250007080000;178;88;90;43,0
23250007081000;77;38;39;28,7
23250007082000;186;96;90;38,6
23250007083000;12;7;5;32,3
23250007085000;8;4;4;34,9
23250007086000;4;3;1;0,0
23250007088000;14;6;8;47,1
23250007089000;15;8;7;46,0
23250007090000;27;11;16;34,7
23250007091000;68;33;35;32,2
23250007092000;258;126;132;39,4
23250007093000;277;121;156;40,9
23250007094000;90;47;43;40,5
23250007095000;154;75;79;40,4
23250007096000;28;14;14;36,4
23250007097000;14;7;7;53,8
23250007099000;28;14;14;47,4
23250007100000;24;14;10;50,2
23250007105000;22;12;10;34,0
23250007107000;2;1;1;0,0
23250007111000;12;5;7;37,9
23250007112000;17;10;7;26,6
23250007113000;13;9;4;41,6
23250007114000;33;15;18;32,3
23250007115000;30;13;17;29,0
23250007116000;27;13;14;32,3
23250007127000;8;5;3;28,5
23250007143000;1;1;0;0,0
23250007145000;16;8;8;54,4
23250007146000;111;55;56;36,7
23250007155000;2;1;1;0,0
23250007166000;3;2;1;0,0
23250007168000;2;1;1;0,0
23250007171000;4;2;2;0,0
23250007172000;11;5;6;35,5
23250007173000;22;11;11;49,5
23250007174000;14;7;7;44,4
23250007175000;5;3;2;48,2
23250007185000;5;3;2;37,8
23250007186000;2;1;1;0,0
23250007190000;2;1;1;0,0
23250007192000;4;2;2;0,0
23250007193000;72;39;33;30,2
23250007194000;11;7;4;32,8
23250007195000;5;2;3;68,2
23250007196000;6;4;2;48,0
23250007197000;6;3;3;80,2
23250007198000;7;3;4;41,6
23250007203000;11;5;6;42,9
23250007204000;83;44;39;35,8
23260006648000;12;7;5;50,8
23260006649000;5;4;1;43,2
23260006674000;3;2;1;0,0
23260006675000;33;19;14;49,3
23260006676000;128;66;62;36,8
23260006677000;26;12;14;39,7
23260006678000;14;9;5;53,3
23260006679000;26;14;12;42,3
23260006680000;16;8;8;36,3
23260006681000;3;2;1;0,0
23260006682000;15;10;5;51,0
23260006683000;23;13;10;37,0
23260006726000;28;15;13;40,8
23260006727000;49;27;22;48,7
23260006728000;21;10;11;44,5
23260006729000;87;41;46;51,5
23260006730000;185;93;92;40,2
23260006731000;45;20;25;54,4
23260006732000;24;12;12;36,8
23260006733000;11;6;5;36,9
23260006734000;1;1;0;0,0
23260006735000;54;24;30;41,0
23260006736000;122;65;57;47,3
23260006737000;83;40;43;53,2
23260006738000;21;11;10;46,2
23260006739000;10;5;5;53,5
23260006740000;1;0;1;0,0
23260006755000;5;2;3;30,2
23260006756000;6;3;3;41,8
23260006757000;14;8;6;46,8
23260006758000;6;4;2;34,2
23260006759000;22;13;9;46,0
23260006760000;68;34;34;43,8
23260006761000;28;12;16;45,8
23260006762000;15;7;8;52,1
23260006763000;2;0;2;0,0
23260006765000;3;2;1;0,0
23260006766000;55;30;25;49,3
23260006767000;50;23;27;47,3
23260006768000;22;11;11;41,7
23260006769000;16;7;9;39,2
23260006770000;9;6;3;49,8
23260006771000;6;1;5;35,8
23260006794000;4;2;2;0,0
23260006800000;105;54;51;50,5
23260006801000;20;10;10;54,5
23260006807000;3;2;1;0,0
23260006808000;2;1;1;0,0
23260006812000;7;3;4;41,6
23260006813000;9;5;4;58,2
23260006844000;2;1;1;0,0
23260006845000;8;6;2;42,0
23260006856000;5;1;4;48,6
23260006857000;17;9;8;48,5
23260006858000;3;0;3;0,0
23260006884000;1;1;0;0,0
23260006887000;6;4;2;62,5
23260006890000;1;1;0;0,0
23260006944000;13;6;7;41,3
23260006945000;2;1;1;0,0
23260006946000;4;2;2;0,0
23260006947000;8;4;4;41,1
23260006955000;1;1;0;0,0
23260006996000;38;22;16;43,7
23260007070000;18;10;8;34,4
23260007071000;25;15;10;34,3
23260007072000;24;11;13;35,6
23260007073000;20;10;10;36,8
23260007074000;24;10;14;41,3
23260007075000;219;115;104;37,3
23260007076000;1067;547;520;38,6
23260007077000;414;222;192;39,9
23260007078000;1602;725;877;48,3
23260007079000;1097;560;537;36,7
23260007080000;343;159;184;39,5
23260007081000;19;9;10;37,9
23260007082000;30;16;14;35,2
23260007083000;11;7;4;37,9
23260007086000;5;2;3;48,4
23260007087000;6;3;3;44,5
23260007089000;7;5;2;33,4
23260007090000;4;1;3;0,0
23260007091000;43;26;17;41,0
23260007092000;11;6;5;42,1
23260007093000;52;19;33;57,1
23260007094000;39;19;20;36,4
23260007095000;4;2;2;0,0
23260007096000;7;4;3;15,6
23260007097000;34;19;15;44,2
23260007098000;39;19;20;42,8
23260007099000;8;4;4;41,8
23260007100000;167;86;81;33,7
23260007101000;15;8;7;41,3
23260007103000;682;319;363;46,3
23260007104000;384;192;192;34,8
23260007105000;34;17;17;38,0
23260007106000;10;6;4;34,0
23260007107000;3;2;1;0,0
23260007111000;7;3;4;40,1
23260007112000;76;40;36;34,8
23260007113000;27;16;11;33,0
23260007114000;30;19;11;31,2
23260007115000;4;1;3;0,0
23260007116000;24;11;13;37,5
23260007142000;3;3;0;0,0
23260007143000;9;7;2;39,2
23260007144000;198;107;91;37,5
23260007145000;449;222;227;40,5
23260007146000;188;105;83;32,5
23260007150000;4;1;3;0,0
23260007156000;12;6;6;48,7
23260007164000;5;1;4;32,8
23260007167000;11;5;6;33,3
23260007168000;14;8;6;49,8
23260007170000;3;1;2;0,0
23260007171000;10;6;4;46,5
23260007185000;7;4;3;27,7
23260007191000;8;6;2;27,3
23260007192000;53;25;28;34,9
23260007193000;9;5;4;32,3
23260007194000;10;6;4;26,4
23260007195000;11;6;5;43,5
23260007196000;8;4;4;62,9
23260007197000;1;1;0;0,0
23260007198000;2;1;1;0,0
23260007200000;2;1;1;0,0
23260007201000;12;7;5;49,9
23260007205000;36;18;18;30,3
23270006641000;2;1;1;0,0
23270006643000;4;3;1;0,0
23270006647000;1;0;1;0,0
23270006648000;5;3;2;72,8
23270006655000;6;4;2;45,7
23270006673000;12;7;5;32,9
23270006674000;2;1;1;0,0
23270006675000;44;22;22;41,4
23270006676000;111;52;59;47,8
23270006677000;89;46;43;29,8
23270006678000;26;13;13;40,9
23270006679000;25;14;11;41,3
23270006680000;5;3;2;53,2
23270006682000;7;5;2;54,1
23270006683000;8;4;4;44,1
23270006694000;2;0;2;0,0
23270006716000;1;1;0;0,0
23270006725000;9;5;4;56,6
23270006726000;17;10;7;44,0
23270006727000;11;6;5;48,7
23270006728000;58;26;32;40,1
23270006729000;200;76;124;61,4
23270006730000;547;250;297;46,2
23270006731000;181;93;88;42,3
23270006733000;7;3;4;47,6
23270006734000;6;2;4;64,2
23270006735000;34;19;15;40,4
23270006736000;43;24;19;40,1
23270006737000;51;24;27;45,8
23270006738000;8;4;4;60,6
23270006755000;6;2;4;32,2
23270006756000;6;4;2;33,0
23270006757000;13;7;6;57,2
23270006759000;4;1;3;0,0
23270006760000;18;9;9;44,4
23270006761000;30;19;11;47,6
23270006762000;3;1;2;0,0
23270006763000;5;2;3;44,2
23270006767000;4;2;2;0,0
23270006768000;13;8;5;53,9
23270006769000;15;9;6;27,5
23270006770000;7;4;3;50,3
23270006793000;1;0;1;0,0
23270006794000;1;0;1;0,0
23270006800000;8;4;4;53,5
23270006801000;27;10;17;44,4
23270006805000;6;3;3;72,2
23270006806000;7;4;3;36,6
23270006807000;5;2;3;42,0
23270006811000;2;1;1;0,0
23270006844000;9;5;4;33,8
23270006845000;2;1;1;0,0
23270006857000;2;2;0;0,0
23270006859000;8;5;3;60,4
23270006860000;6;2;4;42,7
23270006884000;14;9;5;34,9
23270006892000;3;1;2;0,0
23270006932000;2;1;1;0,0
23270006944000;2;1;1;0,0
23270006945000;6;4;2;40,7
23270006946000;5;1;4;51,2
23270006951000;5;3;2;65,0
23270006995000;13;5;8;56,2
23270006996000;7;1;6;28,7
23270007069000;6;3;3;46,0
23270007070000;44;17;27;39,4
23270007071000;2;1;1;0,0
23270007072000;29;14;15;39,8
23270007074000;14;9;5;47,8
23270007075000;44;23;21;34,2
23270007076000;271;152;119;40,3
23270007077000;146;81;65;35,2
23270007078000;722;338;384;51,1
23270007079000;565;287;278;41,5
23270007080000;37;17;20;38,6
23270007081000;29;14;15;41,6
23270007082000;49;28;21;32,7
23270007083000;9;5;4;51,4
23270007093000;29;17;12;35,0
23270007094000;9;5;4;50,1
23270007097000;17;10;7;35,2
23270007098000;9;4;5;39,1
23270007099000;6;4;2;25,3
23270007100000;5;4;1;41,2
23270007101000;815;402;413;41,3
23270007103000;457;245;212;40,4
23270007104000;314;161;153;43,4
23270007105000;155;81;74;39,4
23270007108000;4;3;1;0,0
23270007110000;7;4;3;50,6
23270007111000;5;3;2;55,0
23270007112000;15;7;8;50,6
23270007113000;20;10;10;40,1
23270007114000;37;17;20;34,7
23270007116000;10;4;6;27,3
23270007142000;7;4;3;38,1
23270007143000;6;3;3;34,8
23270007146000;5;3;2;60,8
23270007149000;29;14;15;38,8
23270007150000;15;8;7;41,8
23270007156000;22;10;12;32,8
23270007168000;3;1;2;0,0
23270007169000;10;7;3;53,7
23270007187000;11;5;6;45,6
23270007188000;9;4;5;48,2
23270007191000;9;4;5;39,7
23270007192000;16;10;6;55,4
23270007194000;11;8;3;31,4
23270007195000;3;3;0;0,0
23270007196000;19;11;8;42,4
23270007197000;20;13;7;31,3
23270007198000;13;6;7;32,7
23270007201000;14;5;9;42,0
23270007202000;7;4;3;30,6
23270007205000;4;1;3;0,0
23280006643000;1;1;0;0,0
23280006652000;3;2;1;0,0
23280006675000;4;2;2;0,0
23280006676000;35;18;17;42,3
23280006677000;46;22;24;43,9
23280006678000;7;3;4;66,9
23280006680000;5;3;2;48,4
23280006681000;58;30;28;37,2
23280006682000;13;6;7;39,2
23280006694000;4;1;3;0,0
23280006697000;1;1;0;0,0
23280006714000;4;3;1;0,0
23280006715000;36;20;16;46,4
23280006716000;4;3;1;0,0
23280006722000;4;2;2;0,0
23280006723000;7;4;3;40,1
23280006724000;6;4;2;42,8
23280006725000;28;13;15;42,2
23280006726000;9;4;5;31,6
23280006727000;24;12;12;38,2
23280006728000;75;30;45;38,0
23280006733000;6;3;3;53,2
23280006734000;13;5;8;40,5
23280006735000;8;5;3;50,8
23280006736000;2;1;1;0,0
23280006737000;57;30;27;38,6
23280006738000;40;20;20;47,2
23280006739000;2;1;1;0,0
23280006756000;2;1;1;0,0
23280006760000;1;1;0;0,0
23280006761000;32;18;14;31,1
23280006762000;16;5;11;48,1
23280006763000;8;6;2;53,9
23280006768000;2;1;1;0,0
23280006791000;1;1;0;0,0
23280006793000;3;2;1;0,0
23280006794000;3;1;2;0,0
23280006799000;6;2;4;39,3
23280006800000;8;3;5;46,3
23280006802000;12;6;6;46,5
23280006803000;7;3;4;33,3
23280006804000;4;2;2;0,0
23280006805000;1;1;0;0,0
23280006844000;3;2;1;0,0
23280006850000;20;10;10;60,6
23280006860000;10;6;4;39,3
23280006882000;6;3;3;48,2
23280006892000;12;6;6;44,4
23280006912000;4;1;3;0,0
23280006913000;1;1;0;0,0
23280006940000;2;2;0;0,0
23280006941000;1;1;0;0,0
23280006945000;5;4;1;34,0
23280006946000;16;11;5;59,4
23280006950000;2;1;1;0,0
23280006954000;11;4;7;33,3
23280006994000;1;1;0;0,0
23280006995000;13;7;6;70,2
23280007068000;2;1;1;0,0
23280007069000;2;1;1;0,0
23280007070000;4;2;2;0,0
23280007071000;2;1;1;0,0
23280007072000;8;4;4;30,8
23280007074000;17;10;7;40,6
23280007075000;32;19;13;44,5
23280007076000;53;29;24;36,9
23280007077000;8;5;3;30,4
23280007078000;291;144;147;35,4
23280007079000;62;30;32;44,2
23280007080000;43;24;19;38,1
23280007081000;16;8;8;38,0
23280007082000;44;26;18;28,1
23280007091000;16;10;6;36,3
23280007092000;11;5;6;36,5
23280007093000;25;14;11;46,4
23280007094000;38;20;18;36,0
23280007095000;11;7;4;21,9
23280007096000;14;5;9;38,4
23280007097000;16;6;10;32,1
23280007098000;7;4;3;64,1
23280007099000;24;12;12;28,0
23280007100000;251;131;120;42,6
23280007101000;576;298;278;34,2
23280007102000;523;240;283;62,3
23280007103000;1571;721;850;50,9
23280007104000;1308;636;672;41,0
23280007105000;804;397;407;39,3
23280007106000;162;84;78;32,0
23280007107000;15;9;6;39,3
23280007108000;34;19;15;38,2
23280007109000;9;5;4;44,7
23280007110000;7;4;3;37,4
23280007112000;24;12;12;37,0
23280007113000;5;2;3;34,2
23280007114000;12;7;5;36,8
23280007116000;12;6;6;43,8
23280007117000;7;6;1;17,7
23280007146000;2;1;1;0,0
23280007147000;3;2;1;0,0
23280007149000;7;4;3;50,9
23280007154000;85;47;38;29,9
23280007155000;9;5;4;40,6
23280007157000;2;1;1;0,0
23280007163000;9;4;5;63,6
23280007186000;2;1;1;0,0
23280007188000;12;6;6;32,0
23280007191000;32;17;15;33,2
23280007192000;4;3;1;0,0
23280007193000;5;4;1;30,2
23280007194000;17;10;7;37,2
23280007195000;9;5;4;24,0
23280007196000;11;4;7;55,2
23290006649000;1;1;0;0,0
23290006650000;3;1;2;0,0
23290006651000;4;3;1;0,0
23290006652000;4;2;2;0,0
23290006677000;5;3;2;67,2
23290006678000;19;12;7;49,6
23290006679000;33;18;15;55,1
23290006680000;11;5;6;48,4
23290006681000;6;4;2;31,7
23290006693000;8;4;4;29,3
23290006694000;2;1;1;0,0
23290006714000;1;1;0;0,0
23290006715000;19;9;10;51,2
23290006716000;6;3;3;36,2
23290006717000;2;2;0;0,0
23290006718000;1;1;0;0,0
23290006721000;30;15;15;37,5
23290006722000;15;7;8;25,2
23290006723000;8;5;3;68,6
23290006725000;2;1;1;0,0
23290006726000;5;2;3;24,8
23290006728000;1;0;1;0,0
23290006731000;9;7;2;31,4
23290006732000;2;1;1;0,0
23290006733000;15;9;6;37,5
23290006734000;26;13;13;40,6
23290006735000;7;5;2;50,3
23290006736000;11;6;5;40,5
23290006737000;51;28;23;37,1
23290006738000;35;19;16;45,1
23290006739000;11;7;4;47,5
23290006760000;2;1;1;0,0
23290006761000;31;16;15;43,3
23290006762000;18;9;9;47,6
23290006769000;7;3;4;33,7
23290006791000;3;1;2;0,0
23290006792000;7;2;5;48,7
23290006793000;7;3;4;54,1
23290006797000;5;2;3;45,8
23290006798000;1;1;0;0,0
23290006799000;4;2;2;0,0
23290006841000;9;6;3;43,8
23290006842000;2;1;1;0,0
23290006843000;2;1;1;0,0
23290006850000;3;2;1;0,0
23290006865000;2;0;2;0,0
23290006866000;9;4;5;58,9
23290006909000;3;2;1;0,0
23290006912000;7;3;4;43,3
23290006940000;4;2;2;0,0
23290006945000;8;5;3;51,6
23290006952000;3;2;1;0,0
23290006954000;6;4;2;39,3
23290006994000;39;21;18;37,9
23290006995000;21;11;10;56,2
23290007070000;35;18;17;38,0
23290007071000;9;4;5;36,0
23290007075000;16;9;7;36,7
23290007076000;11;7;4;36,9
23290007077000;6;1;5;38,7
23290007078000;43;15;28;42,4
23290007079000;62;36;26;36,3
23290007080000;303;151;152;24,6
23290007081000;17;8;9;52,4
23290007082000;8;4;4;54,6
23290007089000;2;1;1;0,0
23290007090000;13;8;5;33,2
23290007091000;13;9;4;24,7
23290007092000;3;2;1;0,0
23290007093000;18;8;10;25,4
23290007094000;7;3;4;27,0
23290007095000;14;8;6;37,8
23290007097000;23;11;12;30,3
23290007098000;11;4;7;47,8
23290007100000;53;26;27;37,3
23290007101000;24;13;11;42,0
23290007102000;1016;488;528;47,9
23290007103000;1683;817;866;40,6
23290007104000;331;175;156;33,4
23290007105000;52;29;23;37,4
23290007108000;40;24;16;39,7
23290007109000;42;19;23;44,8
23290007110000;19;7;12;25,6
23290007113000;12;7;5;32,1
23290007117000;13;8;5;34,2
23290007154000;603;312;291;30,6
23290007155000;4;2;2;0,0
23290007156000;4;3;1;0,0
23290007157000;17;10;7;52,2
23290007158000;6;3;3;33,7
23290007162000;18;9;9;41,5
23290007168000;5;2;3;62,4
23290007169000;4;2;2;0,0
23290007170000;2;2;0;0,0
23290007178000;3;1;2;0,0
23290007179000;2;1;1;0,0
23290007180000;4;2;2;0,0
23290007187000;2;1;1;0,0
23290007188000;5;3;2;33,6
23290007189000;48;26;22;26,9
23290007190000;22;10;12;48,6
23290007191000;17;6;11;32,2
23290007193000;10;6;4;45,3
23290007194000;3;2;1;0,0
23290007195000;1;1;0;0,0
23290007196000;8;4;4;28,0
23290007198000;6;2;4;20,8
23290007203000;1;1;0;0,0
23300006646000;2;1;1;0,0
23300006647000;6;5;1;53,0
23300006650000;3;3;0;0,0
23300006651000;5;2;3;41,4
23300006652000;2;1;1;0,0
23300006653000;10;7;3;54,6
23300006675000;13;5;8;37,0
23300006677000;4;3;1;0,0
23300006679000;18;9;9;36,7
23300006680000;5;3;2;24,6
23300006681000;2;1;1;0,0
23300006693000;1;1;0;0,0
23300006694000;10;6;4;53,7
23300006713000;3;2;1;0,0
23300006714000;14;4;10;25,9
23300006715000;40;23;17;44,4
23300006716000;47;26;21;42,7
23300006717000;25;14;11;40,7
23300006718000;7;3;4;23,4
23300006719000;5;3;2;45,8
23300006720000;5;1;4;66,6
23300006721000;27;14;13;39,1
23300006722000;31;15;16;38,0
23300006724000;2;1;1;0,0
23300006731000;7;2;5;42,0
23300006732000;12;5;7;28,6
23300006733000;27;14;13;45,6
23300006734000;23;12;11;48,4
23300006735000;8;3;5;61,4
23300006736000;42;23;19;41,2
23300006737000;12;8;4;42,0
23300006738000;8;4;4;52,1
23300006739000;16;8;8;34,7
23300006759000;5;2;3;37,0
23300006760000;21;11;10;41,4
23300006761000;8;5;3;61,6
23300006762000;4;2;2;0,0
23300006769000;6;3;3;46,3
23300006770000;4;2;2;0,0
23300006790000;2;1;1;0,0
23300006791000;8;4;4;52,5
23300006800000;5;2;3;50,8
23300006841000;2;1;1;0,0
23300006859000;4;1;3;0,0
23300006860000;2;1;1;0,0
23300006908000;5;3;2;37,8
23300006909000;14;9;5;50,9
23300006910000;12;3;9;50,6
23300006911000;5;2;3;31,6
23300006912000;20;11;9;48,0
23300006913000;6;3;3;57,7
23300006944000;2;1;1;0,0
23300006945000;4;2;2;0,0
23300006952000;5;4;1;54,6
23300006954000;7;4;3;26,4
23300006955000;5;2;3;26,8
23300006994000;39;20;19;47,6
23300006995000;30;13;17;41,5
23300007039000;21;10;11;53,7
23300007040000;2;1;1;0,0
23300007075000;72;39;33;35,4
23300007076000;9;4;5;41,1
23300007077000;27;17;10;28,5
23300007078000;92;46;46;40,3
23300007079000;25;13;12;49,9
23300007080000;539;277;262;33,8
23300007081000;6;4;2;39,0
23300007082000;4;1;3;0,0
23300007090000;1;1;0;0,0
23300007091000;24;12;12;43,7
23300007092000;5;2;3;16,8
23300007093000;12;7;5;29,0
23300007094000;16;8;8;38,4
23300007095000;36;20;16;36,4
23300007096000;10;5;5;44,4
23300007098000;40;17;23;41,7
23300007099000;15;6;9;35,6
23300007101000;19;9;10;35,6
23300007102000;18;8;10;32,3
23300007103000;342;181;161;39,1
23300007104000;31;18;13;36,6
23300007105000;12;8;4;33,8
23300007109000;13;6;7;44,5
23300007110000;16;9;7;39,5
23300007111000;11;6;5;46,4
23300007113000;24;13;11;41,9
23300007117000;9;4;5;27,1
23300007118000;3;1;2;0,0
23300007146000;24;12;12;38,7
23300007147000;100;51;49;35,0
23300007148000;72;33;39;35,3
23300007149000;55;29;26;30,9
23300007150000;17;9;8;36,7
23300007152000;17;9;8;33,5
23300007153000;920;416;504;47,0
23300007154000;985;513;472;37,1
23300007155000;12;6;6;56,6
23300007156000;29;15;14;33,0
23300007157000;8;4;4;48,3
23300007158000;18;8;10;25,1
23300007159000;23;10;13;31,8
23300007162000;3;2;1;0,0
23300007178000;29;16;13;47,1
23300007179000;12;3;9;45,4
23300007180000;30;14;16;41,5
23300007190000;27;15;12;49,3
23300007191000;9;4;5;21,6
23300007192000;12;6;6;31,2
23300007196000;3;2;1;0,0
23300007197000;2;1;1;0,0
23300007198000;12;8;4;33,2
23300007199000;9;5;4;30,7
23300007200000;3;2;1;0,0
23310006644000;15;10;5;38,5
23310006645000;33;19;14;41,6
23310006646000;25;13;12;34,2
23310006647000;120;63;57;41,3
23310006648000;21;8;13;43,0
23310006649000;21;15;6;38,2
23310006650000;11;7;4;31,5
23310006651000;4;2;2;0,0
23310006653000;2;1;1;0,0
23310006672000;1;0;1;0,0
23310006675000;7;2;5;22,6
23310006676000;164;86;78;29,5
23310006677000;27;13;14;54,8
23310006678000;37;19;18;42,7
23310006679000;19;8;11;32,1
23310006693000;11;6;5;40,2
23310006694000;37;19;18;45,9
23310006695000;7;4;3;60,0
23310006696000;7;5;2;42,1
23310006697000;3;1;2;0,0
23310006705000;3;1;2;0,0
23310006709000;2;2;0;0,0
23310006710000;4;3;1;0,0
23310006711000;8;4;4;58,8
23310006712000;22;11;11;42,1
23310006713000;14;9;5;31,6
23310006714000;4;3;1;0,0
23310006715000;7;4;3;51,7
23310006716000;48;26;22;47,6
23310006717000;5;2;3;47,4
23310006719000;122;93;29;31,0
23310006720000;20;10;10;43,9
23310006721000;20;9;11;45,4
23310006722000;16;10;6;35,5
23310006723000;5;2;3;60,6
23310006724000;7;5;2;57,7
23310006725000;2;1;1;0,0
23310006727000;14;5;9;39,2
23310006730000;12;8;4;22,3
23310006731000;11;6;5;52,5
23310006732000;14;8;6;31,6
23310006733000;41;22;19;49,2
23310006734000;30;16;14;44,0
23310006735000;66;40;26;46,5
23310006736000;17;8;9;42,1
23310006759000;10;4;6;59,7
23310006760000;9;5;4;40,8
23310006767000;1;1;0;0,0
23310006772000;4;3;1;0,0
23310006786000;1;0;1;0,0
23310006787000;24;15;9;33,5
23310006788000;1;1;0;0,0
23310006794000;6;3;3;43,8
23310006795000;1;0;1;0,0
23310006800000;3;1;2;0,0
23310006802000;5;2;3;54,6
23310006840000;4;2;2;0,0
23310006868000;1;0;1;0,0
23310006905000;12;7;5;50,3
23310006908000;2;2;0;0,0
23310006909000;3;1;2;0,0
23310006910000;4;3;1;0,0
23310006911000;5;2;3;57,6
23310006993000;11;5;6;44,8
23310006994000;87;42;45;50,4
23310006995000;147;77;70;42,7
23310007039000;47;27;20;40,6
23310007074000;32;18;14;38,3
23310007075000;30;15;15;41,4
23310007076000;32;15;17;39,0
23310007077000;19;11;8;32,8
23310007078000;28;12;16;34,5
23310007079000;76;38;38;41,6
23310007080000;117;64;53;36,0
23310007082000;14;8;6;41,6
23310007083000;2;1;1;0,0
23310007090000;7;4;3;39,1
23310007091000;10;7;3;52,0
23310007092000;49;26;23;41,0
23310007093000;8;4;4;26,4
23310007094000;13;6;7;31,5
23310007095000;2;1;1;0,0
23310007097000;14;8;6;24,5
23310007098000;4;3;1;0,0
23310007102000;6;3;3;64,5
23310007103000;79;38;41;37,0
23310007104000;352;168;184;36,5
23310007105000;373;192;181;37,2
23310007106000;38;19;19;32,9
23310007112000;26;14;12;33,9
23310007113000;56;24;32;39,1
23310007114000;35;15;20;31,9
23310007118000;16;9;7;29,3
23310007144000;20;11;9;35,9
23310007145000;17;12;5;39,1
23310007147000;1;1;0;0,0
23310007148000;51;26;25;34,1
23310007149000;27;16;11;51,7
23310007150000;151;81;70;43,5
23310007151000;119;57;62;41,0
23310007153000;1060;478;582;48,3
23310007154000;854;404;450;39,1
23310007156000;15;9;6;47,1
23310007158000;47;22;25;24,5
23310007159000;36;22;14;35,8
23310007179000;3;1;2;0,0
23310007189000;2;0;2;0,0
23310007190000;1;0;1;0,0
23310007191000;35;16;19;42,4
23310007192000;25;11;14;46,7
23310007193000;5;1;4;29,8
23310007196000;8;5;3;25,9
23310007197000;3;3;0;0,0
23310007199000;2;1;1;0,0
23310007204000;6;4;2;20,2
23310007205000;12;8;4;44,8
23310007206000;4;1;3;0,0
23310007207000;8;5;3;43,8
23320006646000;5;2;3;40,0
23320006647000;35;19;16;43,9
23320006648000;57;23;34;43,5
23320006649000;11;3;8;35,4
23320006650000;14;7;7;37,4
23320006651000;2;1;1;0,0
23320006652000;8;4;4;44,1
23320006653000;3;1;2;0,0
23320006665000;3;2;1;0,0
23320006669000;2;1;1;0,0
23320006675000;514;247;267;37,4
23320006676000;649;293;356;39,1
23320006677000;888;439;449;44,2
23320006678000;893;427;466;41,3
23320006682000;5;3;2;58,8
23320006688000;4;3;1;0,0
23320006693000;45;23;22;42,2
23320006694000;37;21;16;43,9
23320006695000;6;4;2;46,5
23320006705000;4;2;2;0,0
23320006706000;13;6;7;55,9
23320006707000;6;3;3;43,7
23320006708000;10;4;6;60,0
23320006709000;50;26;24;38,3
23320006710000;10;5;5;47,5
23320006711000;12;4;8;37,8
23320006712000;1;1;0;0,0
23320006713000;1;0;1;0,0
23320006714000;1;1;0;0,0
23320006715000;1;1;0;0,0
23320006716000;5;2;3;62,0
23320006717000;4;2;2;0,0
23320006719000;7;5;2;22,6
23320006720000;26;14;12;42,1
23320006721000;6;3;3;44,8
23320006723000;8;3;5;40,3
23320006724000;19;7;12;43,6
23320006725000;11;6;5;59,5
23320006726000;1;1;0;0,0
23320006727000;4;3;1;0,0
23320006728000;1;1;0;0,0
23320006729000;13;8;5;44,1
23320006730000;8;4;4;42,4
23320006731000;18;12;6;51,4
23320006732000;22;13;9;37,0
23320006733000;23;13;10;30,5
23320006734000;50;24;26;44,6
23320006735000;11;8;3;45,6
23320006757000;4;2;2;0,0
23320006758000;5;4;1;30,0
23320006759000;12;5;7;26,8
23320006760000;4;2;2;0,0
23320006771000;4;2;2;0,0
23320006772000;6;4;2;39,5
23320006784000;5;2;3;41,8
23320006785000;2;2;0;0,0
23320006788000;17;10;7;43,4
23320006791000;4;1;3;0,0
23320006792000;7;4;3;66,0
23320006793000;3;1;2;0,0
23320006804000;6;3;3;53,5
23320006808000;3;1;2;0,0
23320006839000;1;0;1;0,0
23320006861000;1;1;0;0,0
23320006895000;6;3;3;39,7
23320006903000;2;1;1;0,0
23320006904000;2;1;1;0,0
23320006944000;2;1;1;0,0
23320006945000;12;8;4;56,0
23320006949000;1;1;0;0,0
23320006954000;1;0;1;0,0
23320006955000;2;1;1;0,0
23320006989000;19;10;9;44,9
23320006990000;10;4;6;41,2
23320006991000;1;0;1;0,0
23320006992000;7;3;4;34,6
23320006993000;42;19;23;36,2
23320006994000;68;35;33;51,1
23320006995000;19;11;8;30,7
23320007039000;19;10;9;60,2
23320007074000;51;25;26;31,1
23320007076000;36;20;16;48,7
23320007077000;96;43;53;38,1
23320007078000;20;9;11;38,2
23320007079000;45;23;22;38,2
23320007080000;5;3;2;36,8
23320007084000;30;17;13;41,6
23320007085000;2;1;1;0,0
23320007088000;12;7;5;31,3
23320007091000;2;1;1;0,0
23320007092000;26;16;10;46,8
23320007093000;14;7;7;42,1
23320007095000;31;16;15;34,4
23320007097000;31;15;16;32,2
23320007101000;16;8;8;38,3
23320007102000;5;2;3;63,8
23320007103000;13;7;6;37,5
23320007104000;14;8;6;32,1
23320007106000;23;14;9;47,1
23320007107000;1;1;0;0,0
23320007112000;5;1;4;41,8
23320007113000;49;22;27;39,7
23320007114000;12;7;5;26,8
23320007118000;8;4;4;28,9
23320007139000;8;4;4;46,9
23320007140000;34;19;15;38,7
23320007141000;47;26;21;36,8
23320007144000;6;2;4;22,5
23320007145000;7;3;4;34,4
23320007148000;15;6;9;42,1
23320007150000;315;160;155;34,8
23320007151000;242;123;119;37,4
23320007152000;18;10;8;39,7
23320007153000;633;293;340;41,9
23320007154000;1311;617;694;37,3
23320007155000;22;12;10;38,7
23320007158000;29;15;14;31,0
23320007159000;54;28;26;36,7
23320007160000;11;5;6;34,9
23320007161000;7;3;4;27,1
23320007191000;30;16;14;31,9
23320007192000;10;6;4;31,9
23320007205000;50;27;23;42,0
23320007207000;13;8;5;50,2
23330006645000;6;3;3;19,2
23330006646000;7;2;5;54,6
23330006647000;17;10;7;43,9
23330006648000;3;1;2;0,0
23330006649000;21;10;11;42,1
23330006652000;1;1;0;0,0
23330006662000;7;3;4;48,4
23330006663000;3;2;1;0,0
23330006669000;5;2;3;55,4
23330006674000;3;2;1;0,0
23330006675000;1109;532;577;41,7
23330006676000;1008;499;509;44,0
23330006677000;1527;710;817;48,2
23330006681000;5;4;1;63,2
23330006682000;14;8;6;34,9
23330006684000;6;4;2;57,7
23330006685000;3;1;2;0,0
23330006686000;14;7;7;55,4
23330006687000;7;2;5;39,6
23330006688000;25;13;12;47,2
23330006689000;4;2;2;0,0
23330006690000;15;10;5;42,5
23330006691000;8;4;4;43,9
23330006692000;25;14;11;34,1
23330006693000;56;26;30;38,1
23330006694000;27;15;12;38,6
23330006697000;2;1;1;0,0
23330006698000;6;4;2;48,3
23330006704000;2;0;2;0,0
23330006705000;22;12;10;49,3
23330006706000;30;15;15;46,0
23330006707000;8;4;4;59,4
23330006708000;12;5;7;38,4
23330006709000;6;3;3;64,5
23330006710000;22;12;10;31,1
23330006713000;26;14;12;47,6
23330006714000;19;9;10;49,1
23330006715000;8;3;5;26,8
23330006717000;30;14;16;43,5
23330006719000;4;3;1;0,0
23330006720000;33;14;19;38,2
23330006721000;21;11;10;58,8
23330006722000;11;5;6;45,8
23330006723000;6;4;2;42,0
23330006724000;13;6;7;38,9
23330006725000;5;4;1;56,4
23330006729000;13;7;6;50,7
23330006730000;15;6;9;37,8
23330006731000;5;3;2;40,8
23330006732000;30;18;12;51,0
23330006733000;19;8;11;40,1
23330006734000;2;1;1;0,0
23330006757000;4;2;2;0,0
23330006758000;3;2;1;0,0
23330006771000;2;1;1;0,0
23330006772000;2;1;1;0,0
23330006783000;1;1;0;0,0
23330006786000;1;1;0;0,0
23330006787000;5;3;2;61,0
23330006788000;14;11;3;34,5
23330006791000;2;2;0;0,0
23330006792000;3;2;1;0,0
23330006794000;2;1;1;0,0
23330006812000;3;1;2;0,0
23330006860000;3;2;1;0,0
23330006861000;4;2;2;0,0
23330006870000;4;2;2;0,0
23330006903000;9;5;4;43,1
23330006930000;17;8;9;41,0
23330006945000;9;6;3;47,0
23330006946000;4;2;2;0,0
23330006947000;3;2;1;0,0
23330006948000;1;1;0;0,0
23330006954000;30;9;21;37,2
23330006955000;11;5;6;37,6
23330006956000;15;6;9;51,9
23330006957000;3;1;2;0,0
23330007038000;5;2;3;62,0
23330007039000;40;21;19;41,4
23330007074000;246;136;110;39,0
23330007075000;34;17;17;38,0
23330007076000;12;7;5;45,3
23330007077000;34;19;15;30,9
23330007078000;28;14;14;53,6
23330007079000;22;11;11;58,4
23330007080000;6;3;3;30,2
23330007081000;2;1;1;0,0
23330007086000;10;4;6;38,5
23330007087000;2;2;0;0,0
23330007088000;2;1;1;0,0
23330007089000;14;9;5;32,6
23330007090000;13;9;4;31,8
23330007091000;19;10;9;34,5
23330007092000;32;21;11;39,8
23330007093000;9;6;3;43,6
23330007094000;14;8;6;33,6
23330007095000;23;11;12;45,7
23330007096000;48;22;26;31,4
23330007097000;33;19;14;38,8
23330007100000;14;6;8;37,5
23330007101000;12;6;6;42,3
23330007102000;8;5;3;24,9
23330007103000;5;4;1;44,2
23330007104000;6;2;4;39,2
23330007106000;23;13;10;37,3
23330007107000;12;7;5;66,2
23330007112000;14;10;4;41,8
23330007113000;35;18;17;29,3
23330007114000;24;19;5;39,0
23330007115000;10;6;4;40,9
23330007118000;6;4;2;57,3
23330007119000;2;1;1;0,0
23330007138000;29;13;16;36,9
23330007139000;49;24;25;33,3
23330007140000;23;13;10;36,0
23330007151000;96;49;47;45,3
23330007152000;251;135;116;40,7
23330007153000;102;50;52;36,8
23330007154000;1068;560;508;35,7
23330007155000;448;225;223;38,3
23330007159000;24;11;13;45,7
23330007160000;31;13;18;35,2
23330007162000;7;5;2;25,3
23330007163000;5;3;2;70,8
23330007191000;11;5;6;32,6
23330007192000;7;4;3;47,1
23330007193000;7;4;3;40,9
23330007195000;1;1;0;0,0
23330007196000;12;4;8;40,4
23330007204000;2;1;1;0,0
23330007205000;17;6;11;28,9
23330007206000;40;21;19;51,6
23340006645000;10;6;4;61,5
23340006650000;36;19;17;37,7
23340006652000;17;10;7;34,2
23340006653000;10;4;6;32,5
23340006658000;9;3;6;49,7
23340006662000;4;0;4;0,0
23340006664000;9;6;3;58,1
23340006666000;10;5;5;38,7
23340006668000;3;2;1;0,0
23340006669000;18;11;7;39,3
23340006670000;11;7;4;47,2
23340006671000;2;2;0;0,0
23340006672000;6;4;2;37,2
23340006673000;22;11;11;51,8
23340006674000;387;198;189;39,0
23340006675000;1116;527;589;45,6
23340006676000;702;337;365;42,1
23340006677000;697;332;365;41,3
23340006678000;60;30;30;38,7
23340006679000;13;6;7;43,8
23340006682000;14;7;7;51,9
23340006684000;5;3;2;53,8
23340006685000;18;12;6;31,6
23340006686000;43;24;19;42,2
23340006687000;10;5;5;54,3
23340006688000;24;10;14;45,5
23340006689000;28;10;18;44,0
23340006690000;44;24;20;39,1
23340006691000;38;19;19;40,0
23340006692000;16;10;6;48,9
23340006693000;25;12;13;44,6
23340006694000;10;4;6;55,9
23340006695000;12;7;5;33,4
23340006697000;1;1;0;0,0
23340006698000;30;15;15;46,4
23340006699000;12;9;3;35,5
23340006700000;11;6;5;25,5
23340006701000;13;8;5;57,4
23340006702000;8;3;5;54,0
23340006703000;9;4;5;36,7
23340006704000;1;1;0;0,0
23340006705000;2;1;1;0,0
23340006706000;5;2;3;58,2
23340006707000;9;2;7;63,6
23340006708000;14;7;7;52,4
23340006709000;40;21;19;46,5
23340006712000;4;2;2;0,0
23340006713000;25;16;9;51,0
23340006714000;46;21;25;48,6
23340006715000;26;15;11;42,1
23340006716000;38;17;21;43,6
23340006717000;81;40;41;43,1
23340006718000;21;11;10;43,8
23340006719000;33;13;20;44,4
23340006720000;45;24;21;35,0
23340006721000;80;43;37;42,8
23340006722000;46;23;23;49,0
23340006723000;36;19;17;47,4
23340006724000;5;3;2;26,6
23340006729000;9;5;4;36,1
23340006730000;22;14;8;44,0
23340006732000;32;16;16;56,9
23340006733000;3;1;2;0,0
23340006756000;6;5;1;15,3
23340006757000;3;3;0;0,0
23340006769000;4;1;3;0,0
23340006772000;8;3;5;56,5
23340006785000;3;1;2;0,0
23340006786000;3;2;1;0,0
23340006792000;7;4;3;32,0
23340006793000;2;1;1;0,0
23340006808000;8;4;4;42,1
23340006812000;5;2;3;25,4
23340006860000;5;2;3;54,8
23340006943000;3;1;2;0,0
23340006947000;11;6;5;46,4
23340006948000;1;0;1;0,0
23340006952000;7;3;4;39,7
23340006954000;14;8;6;41,6
23340006955000;12;7;5;42,8
23340007038000;59;29;30;41,6
23340007039000;27;16;11;44,0
23340007070000;5;2;3;37,6
23340007074000;27;10;17;38,9
23340007075000;5;3;2;56,2
23340007076000;17;10;7;40,2
23340007077000;16;10;6;34,6
23340007078000;27;16;11;48,0
23340007080000;22;13;9;34,6
23340007081000;42;20;22;42,9
23340007082000;20;11;9;35,2
23340007083000;11;5;6;32,7
23340007084000;11;7;4;42,5
23340007085000;14;8;6;52,8
23340007086000;20;10;10;25,9
23340007087000;13;8;5;35,6
23340007090000;1;1;0;0,0
23340007091000;7;4;3;41,6
23340007092000;5;3;2;64,2
23340007093000;20;11;9;38,5
23340007094000;14;8;6;35,1
23340007095000;13;8;5;40,8
23340007096000;61;30;31;33,9
23340007097000;15;7;8;44,9
23340007098000;6;2;4;45,8
23340007099000;24;10;14;33,3
23340007100000;2;2;0;0,0
23340007101000;15;11;4;43,9
23340007103000;6;3;3;24,3
23340007104000;4;2;2;0,0
23340007106000;13;5;8;41,9
23340007107000;12;8;4;42,9
23340007108000;10;5;5;28,6
23340007109000;11;5;6;33,2
23340007111000;12;7;5;25,8
23340007114000;23;11;12;32,0
23340007115000;33;22;11;35,8
23340007151000;18;9;9;41,8
23340007152000;151;76;75;36,0
23340007153000;69;37;32;38,5
23340007154000;101;55;46;34,0
23340007155000;159;77;82;34,0
23340007158000;25;15;10;31,1
23340007159000;29;17;12;34,4
23340007160000;39;21;18;37,1
23340007161000;6;4;2;52,5
23340007162000;17;8;9;37,5
23340007182000;2;1;1;0,0
23340007183000;15;8;7;51,4
23340007190000;2;1;1;0,0
23340007191000;11;5;6;41,3
23340007192000;16;6;10;53,2
23340007193000;18;9;9;52,6
23340007194000;1;1;0;0,0
23340007195000;14;8;6;37,6
23340007196000;21;12;9;40,1
23340007203000;5;2;3;42,0
23340007204000;2;1;1;0,0
23340007205000;21;8;13;36,3
23340007206000;4;2;2;0,0
23350006647000;5;1;4;30,6
23350006648000;2;2;0;0,0
23350006649000;17;6;11;43,2
23350006650000;34;16;18;42,0
23350006651000;37;18;19;45,6
23350006652000;47;25;22;46,6
23350006653000;8;4;4;47,6
23350006654000;21;15;6;51,2
23350006655000;16;8;8;42,1
23350006656000;7;2;5;55,6
23350006657000;18;9;9;42,4
23350006658000;4;2;2;0,0
23350006659000;2;1;1;0,0
23350006660000;2;1;1;0,0
23350006664000;2;0;2;0,0
23350006666000;1;0;1;0,0
23350006667000;6;3;3;32,8
23350006668000;15;6;9;43,2
23350006669000;10;4;6;45,4
23350006671000;12;7;5;37,4
23350006673000;307;148;159;38,6
23350006674000;1072;500;572;41,2
23350006675000;866;406;460;40,3
23350006676000;4;1;3;0,0
23350006677000;16;5;11;79,4
23350006678000;4;2;2;0,0
23350006679000;7;5;2;43,6
23350006680000;22;12;10;47,5
23350006681000;18;9;9;36,0
23350006682000;44;24;20;45,8
23350006683000;6;3;3;51,3
23350006684000;10;6;4;38,3
23350006685000;33;19;14;40,5
23350006686000;24;13;11;56,8
23350006687000;2;1;1;0,0
23350006689000;5;2;3;30,2
23350006690000;214;106;108;36,4
23350006691000;8;3;5;48,8
23350006692000;17;10;7;35,6
23350006693000;21;13;8;53,0
23350006694000;9;6;3;47,0
23350006695000;36;21;15;36,7
23350006696000;7;4;3;64,1
23350006697000;10;6;4;30,4
23350006698000;11;6;5;64,3
23350006699000;18;10;8;45,7
23350006700000;6;3;3;40,3
23350006701000;37;21;16;41,1
23350006702000;27;12;15;43,1
23350006703000;9;4;5;42,9
23350006704000;10;5;5;57,6
23350006705000;9;6;3;58,1
23350006706000;12;6;6;47,4
23350006707000;119;58;61;40,3
23350006708000;16;11;5;45,8
23350006709000;20;10;10;51,6
23350006710000;1;1;0;0,0
23350006712000;9;5;4;45,8
23350006713000;17;7;10;39,1
23350006714000;51;25;26;48,4
23350006715000;8;5;3;47,4
23350006716000;35;18;17;46,7
23350006717000;10;4;6;40,3
23350006718000;35;14;21;36,5
23350006719000;5;2;3;67,2
23350006720000;40;20;20;45,5
23350006721000;21;11;10;40,3
23350006722000;2;2;0;0,0
23350006723000;104;54;50;37,2
23350006724000;19;12;7;45,2
23350006730000;10;8;2;38,3
23350006732000;36;17;19;51,0
23350006753000;2;1;1;0,0
23350006756000;14;8;6;38,6
23350006773000;1;0;1;0,0
23350006780000;10;6;4;44,9
23350006781000;7;3;4;36,7
23350006782000;2;1;1;0,0
23350006783000;6;3;3;47,5
23350006784000;7;3;4;57,4
23350006785000;6;4;2;50,3
23350006790000;3;1;2;0,0
23350006791000;2;1;1;0,0
23350006792000;2;1;1;0,0
23350006808000;4;2;2;0,0
23350006809000;2;1;1;0,0
23350006812000;1;0;1;0,0
23350006814000;2;1;1;0,0
23350006944000;2;1;1;0,0
23350006948000;6;4;2;35,5
23350006953000;1;1;0;0,0
23350006986000;3;1;2;0,0
23350007031000;4;2;2;0,0
23350007032000;13;5;8;45,9
23350007033000;17;7;10;34,4
23350007034000;7;3;4;27,9
23350007035000;6;3;3;39,5
23350007037000;15;9;6;43,1
23350007038000;128;63;65;42,9
23350007039000;24;13;11;45,5
23350007072000;2;1;1;0,0
23350007074000;22;9;13;30,4
23350007076000;31;14;17;35,5
23350007077000;74;35;39;37,7
23350007078000;23;12;11;39,2
23350007079000;24;13;11;33,5
23350007080000;41;20;21;38,3
23350007081000;43;25;18;36,6
23350007082000;24;10;14;43,3
23350007083000;116;64;52;36,2
23350007084000;63;32;31;39,2
23350007085000;2;1;1;0,0
23350007095000;20;11;9;44,1
23350007096000;5;1;4;44,2
23350007098000;19;10;9;37,9
23350007099000;8;4;4;47,8
23350007101000;14;10;4;29,2
23350007102000;11;6;5;17,8
23350007103000;18;8;10;36,3
23350007104000;30;20;10;35,5
23350007106000;5;3;2;57,2
23350007107000;12;7;5;39,2
23350007109000;5;2;3;61,4
23350007110000;89;50;39;33,9
23350007111000;2;1;1;0,0
23350007115000;30;18;12;41,0
23350007119000;3;1;2;0,0
23350007153000;16;9;7;55,4
23350007154000;25;11;14;40,4
23350007157000;9;5;4;35,7
23350007161000;31;17;14;38,6
23350007162000;9;4;5;53,8
23350007185000;5;3;2;73,8
23350007191000;7;4;3;45,7
23350007192000;12;6;6;42,3
23350007193000;3;1;2;0,0
23350007195000;5;2;3;25,0
23350007196000;23;9;14;37,7
23350007197000;21;12;9;30,0
23350007200000;4;1;3;0,0
23350007202000;7;4;3;32,6
23350007203000;5;3;2;68,6
23350007204000;10;5;5;42,0
23360006646000;2;1;1;0,0
23360006647000;4;2;2;0,0
23360006648000;10;4;6;33,5
23360006649000;12;6;6;46,8
23360006650000;14;6;8;45,3
23360006651000;41;24;17;42,7
23360006652000;105;53;52;38,1
23360006653000;158;84;74;37,1
23360006654000;16;9;7;44,2
23360006655000;13;6;7;41,6
23360006656000;4;3;1;0,0
23360006664000;5;3;2;53,0
23360006666000;10;6;4;53,0
23360006667000;17;9;8;44,4
23360006668000;10;7;3;44,6
23360006669000;18;8;10;34,7
23360006670000;25;15;10;38,4
23360006671000;74;41;33;37,6
23360006672000;20;8;12;50,0
23360006675000;1;1;0;0,0
23360006676000;14;8;6;47,8
23360006677000;48;30;18;37,0
23360006678000;42;20;22;38,8
23360006679000;5;2;3;49,4
23360006681000;5;3;2;67,0
23360006682000;408;205;203;40,8
23360006683000;156;81;75;51,7
23360006684000;19;10;9;48,2
23360006685000;8;5;3;50,9
23360006686000;30;16;14;35,5
23360006688000;17;8;9;20,9
23360006690000;6;3;3;35,7
23360006692000;4;2;2;0,0
23360006693000;9;5;4;49,3
23360006694000;2;1;1;0,0
23360006696000;5;3;2;70,6
23360006697000;8;4;4;30,4
23360006698000;8;4;4;40,9
23360006699000;3;1;2;0,0
23360006700000;29;16;13;49,9
23360006701000;51;27;24;47,2
23360006702000;4;2;2;0,0
23360006703000;8;6;2;40,9
23360006704000;23;13;10;41,1
23360006705000;16;7;9;49,4
23360006706000;28;16;12;36,4
23360006707000;6;4;2;67,3
23360006708000;5;2;3;71,0
23360006709000;13;5;8;56,1
23360006713000;19;12;7;50,8
23360006714000;30;20;10;39,8
23360006715000;13;10;3;41,1
23360006716000;97;48;49;43,4
23360006717000;61;23;38;52,7
23360006718000;20;10;10;40,1
23360006720000;11;5;6;52,0
23360006721000;38;19;19;40,0
23360006722000;434;209;225;46,9
23360006723000;591;261;330;58,0
23360006724000;359;185;174;43,0
23360006725000;40;17;23;35,8
23360006728000;9;4;5;44,7
23360006729000;19;10;9;42,3
23360006731000;8;5;3;46,9
23360006732000;39;22;17;44,3
23360006733000;1;1;0;0,0
23360006753000;8;4;4;62,5
23360006755000;5;3;2;72,2
23360006756000;1;1;0;0,0
23360006775000;1;1;0;0,0
23360006778000;3;1;2;0,0
23360006779000;2;1;1;0,0
23360006780000;13;5;8;44,0
23360006781000;3;2;1;0,0
23360006782000;6;2;4;48,2
23360006783000;2;1;1;0,0
23360006804000;1;1;0;0,0
23360006806000;13;5;8;25,4
23360006807000;7;1;6;29,1
23360006808000;3;2;1;0,0
23360006811000;2;1;1;0,0
23360006812000;4;3;1;0,0
23360006819000;6;3;3;28,3
23360006820000;12;4;8;55,8
23360006821000;2;1;1;0,0
23360006870000;1;1;0;0,0
23360006942000;3;2;1;0,0
23360006943000;11;5;6;48,1
23360006944000;1;1;0;0,0
23360006951000;6;3;3;68,0
23360006953000;16;10;6;40,6
23360006958000;2;2;0;0,0
23360006980000;1;0;1;0,0
23360006984000;2;2;0;0,0
23360007032000;8;4;4;47,0
23360007033000;10;7;3;49,8
23360007034000;128;63;65;40,8
23360007035000;53;22;31;46,4
23360007036000;39;21;18;38,2
23360007037000;95;44;51;44,2
23360007038000;9;2;7;50,8
23360007072000;5;3;2;46,8
23360007073000;5;2;3;65,2
23360007074000;22;10;12;33,5
23360007075000;21;10;11;30,8
23360007076000;43;27;16;45,1
23360007077000;23;11;12;34,2
23360007078000;33;17;16;40,7
23360007079000;33;15;18;36,5
23360007080000;30;18;12;34,3
23360007081000;25;10;15;39,6
23360007082000;12;7;5;26,8
23360007083000;16;10;6;42,1
23360007084000;7;4;3;47,4
23360007095000;2;1;1;0,0
23360007097000;12;7;5;37,8
23360007098000;1;1;0;0,0
23360007099000;8;4;4;32,6
23360007100000;9;5;4;53,9
23360007101000;17;7;10;48,2
23360007103000;4;2;2;0,0
23360007104000;113;56;57;35,2
23360007105000;23;12;11;40,1
23360007106000;11;7;4;37,8
23360007107000;5;4;1;47,2
23360007108000;9;6;3;41,1
23360007110000;143;79;64;39,2
23360007111000;4;2;2;0,0
23360007112000;17;10;7;32,9
23360007115000;30;18;12;30,4
23360007116000;12;6;6;42,8
23360007119000;1;1;0;0,0
23360007153000;17;9;8;33,6
23360007154000;4;3;1;0,0
23360007157000;2;1;1;0,0
23360007162000;4;2;2;0,0
23360007184000;4;1;3;0,0
23360007192000;24;13;11;45,4
23360007193000;11;7;4;27,7
23360007196000;11;6;5;53,4
23360007197000;27;11;16;37,1
23360007202000;2;1;1;0,0
23360007203000;2;1;1;0,0
23360007204000;6;3;3;37,5
23370006643000;1;1;0;0,0
23370006645000;1;1;0;0,0
23370006646000;6;4;2;42,2
23370006647000;12;4;8;39,1
23370006648000;2;1;1;0,0
23370006652000;70;31;39;35,9
23370006653000;45;22;23;44,4
23370006654000;32;16;16;40,0
23370006655000;59;34;25;44,2
23370006656000;24;11;13;37,6
23370006657000;8;4;4;59,3
23370006658000;8;6;2;29,0
23370006659000;14;6;8;40,6
23370006661000;1;0;1;0,0
23370006663000;2;1;1;0,0
23370006664000;3;2;1;0,0
23370006665000;6;3;3;59,3
23370006669000;59;27;32;46,1
23370006670000;42;24;18;39,9
23370006671000;4;2;2;0,0
23370006672000;14;7;7;42,4
23370006673000;23;12;11;49,3
23370006674000;6;4;2;55,8
23370006675000;17;9;8;29,5
23370006676000;9;6;3;50,4
23370006678000;5;3;2;63,2
23370006680000;2;1;1;0,0
23370006682000;33;16;17;34,3
23370006683000;231;119;112;38,7
23370006684000;31;14;17;43,6
23370006685000;15;8;7;49,6
23370006686000;2;2;0;0,0
23370006688000;11;7;4;26,1
23370006689000;11;6;5;53,3
23370006690000;9;3;6;44,7
23370006693000;39;22;17;45,6
23370006694000;35;17;18;41,5
23370006695000;15;7;8;42,9
23370006696000;4;3;1;0,0
23370006697000;2;1;1;0,0
23370006698000;16;8;8;50,1
23370006699000;79;40;39;43,9
23370006700000;168;82;86;35,8
23370006701000;2;2;0;0,0
23370006702000;35;20;15;45,4
23370006703000;15;9;6;34,3
23370006704000;25;13;12;44,4
23370006705000;64;31;33;46,8
23370006706000;102;45;57;43,0
23370006707000;22;9;13;55,3
23370006708000;4;1;3;0,0
23370006709000;26;16;10;42,7
23370006710000;1;0;1;0,0
23370006711000;5;3;2;61,6
23370006712000;6;4;2;59,8
23370006714000;7;3;4;44,7
23370006716000;5;2;3;57,2
23370006717000;15;11;4;38,3
23370006718000;14;7;7;31,4
23370006719000;70;37;33;44,5
23370006721000;17;7;10;36,2
23370006722000;28;9;19;47,7
23370006723000;195;96;99;41,5
23370006724000;69;33;36;44,7
23370006725000;56;27;29;44,6
23370006726000;146;72;74;48,0
23370006727000;136;68;68;43,1
23370006728000;69;34;35;48,8
23370006729000;7;4;3;53,9
23370006730000;25;12;13;38,3
23370006731000;22;12;10;41,6
23370006733000;3;1;2;0,0
23370006745000;1;1;0;0,0
23370006753000;1;1;0;0,0
23370006755000;1;1;0;0,0
23370006756000;2;1;1;0,0
23370006758000;1;1;0;0,0
23370006776000;4;2;2;0,0
23370006778000;49;24;25;54,2
23370006779000;8;5;3;64,0
23370006780000;21;11;10;47,1
23370006781000;10;7;3;45,0
23370006788000;3;3;0;0,0
23370006804000;7;2;5;41,7
23370006805000;1;1;0;0,0
23370006806000;10;5;5;46,3
23370006807000;18;8;10;55,4
23370006808000;56;27;29;36,9
23370006811000;2;1;1;0,0
23370006812000;6;3;3;47,2
23370006813000;5;3;2;30,0
23370006819000;6;3;3;59,2
23370006820000;7;2;5;26,0
23370006833000;2;1;1;0,0
23370006854000;6;2;4;64,5
23370006855000;5;3;2;59,6
23370006856000;12;5;7;46,8
23370006857000;12;6;6;41,8
23370006858000;4;2;2;0,0
23370006869000;1;1;0;0,0
23370006903000;6;3;3;51,7
23370006926000;6;4;2;57,8
23370006941000;44;24;20;40,8
23370006942000;3;2;1;0,0
23370006945000;6;4;2;27,5
23370006948000;3;1;2;0,0
23370006950000;1;1;0;0,0
23370006951000;1;1;0;0,0
23370006953000;5;1;4;26,4
23370007034000;77;40;37;41,6
23370007035000;292;131;161;50,8
23370007036000;420;227;193;37,1
23370007037000;60;32;28;42,8
23370007038000;22;12;10;39,9
23370007073000;29;14;15;36,4
23370007074000;2;2;0;0,0
23370007075000;29;16;13;39,8
23370007076000;12;5;7;38,1
23370007077000;7;4;3;28,0
23370007083000;8;5;3;51,8
23370007084000;6;4;2;46,0
23370007097000;2;1;1;0,0
23370007100000;33;17;16;39,3
23370007102000;18;7;11;48,8
23370007103000;14;8;6;40,1
23370007104000;90;45;45;39,5
23370007105000;13;5;8;42,6
23370007107000;6;4;2;51,3
23370007108000;20;11;9;39,6
23370007109000;23;12;11;36,9
23370007110000;9;6;3;36,7
23370007111000;16;7;9;49,8
23370007112000;13;8;5;34,9
23370007113000;9;4;5;52,2
23370007115000;13;5;8;51,0
23370007116000;10;7;3;56,6
23370007117000;4;3;1;0,0
23370007119000;9;4;5;38,1
23370007156000;7;4;3;40,3
23370007165000;1;1;0;0,0
23370007166000;4;1;3;0,0
23370007186000;8;4;4;35,8
23370007193000;38;20;18;36,8
23370007196000;16;7;9;37,9
23370007197000;9;5;4;40,2
23370007198000;7;3;4;39,7
23370007200000;4;2;2;0,0
23370007204000;7;3;4;49,0
23370007218000;2;1;1;0,0
23370007219000;2;1;1;0,0
23370007221000;2;1;1;0,0
23380006643000;4;2;2;0,0
23380006650000;1;1;0;0,0
23380006651000;15;5;10;26,0
23380006652000;106;56;50;41,8
23380006653000;30;14;16;41,4
23380006654000;36;20;16;33,2
23380006655000;24;14;10;43,2
23380006656000;32;15;17;35,8
23380006657000;30;13;17;33,8
23380006658000;6;3;3;43,2
23380006662000;2;1;1;0,0
23380006663000;1;1;0;0,0
23380006667000;7;5;2;46,3
23380006668000;21;10;11;24,8
23380006669000;101;50;51;39,4
23380006670000;32;19;13;44,1
23380006674000;8;5;3;67,5
23380006675000;1;1;0;0,0
23380006676000;1;0;1;0,0
23380006678000;7;3;4;71,3
23380006679000;5;3;2;65,4
23380006680000;18;10;8;44,6
23380006681000;27;9;18;37,4
23380006682000;24;10;14;44,5
23380006683000;67;33;34;38,5
23380006684000;22;10;12;31,9
23380006685000;12;7;5;36,1
23380006686000;16;9;7;42,8
23380006687000;9;4;5;36,8
23380006688000;22;10;12;37,1
23380006689000;5;4;1;71,4
23380006690000;6;3;3;65,0
23380006691000;11;3;8;37,1
23380006692000;23;9;14;36,2
23380006693000;4;3;1;0,0
23380006698000;34;16;18;58,8
23380006699000;9;3;6;48,1
23380006700000;13;7;6;72,8
23380006702000;35;17;18;37,3
23380006703000;12;7;5;48,5
23380006704000;377;167;210;44,1
23380006705000;361;169;192;45,5
23380006706000;286;137;149;45,1
23380006707000;47;24;23;49,6
23380006710000;20;10;10;44,2
23380006711000;18;9;9;39,2
23380006712000;24;14;10;48,2
23380006713000;29;13;16;43,0
23380006714000;22;9;13;49,9
23380006715000;27;10;17;47,1
23380006716000;7;4;3;30,9
23380006717000;24;12;12;47,8
23380006718000;71;35;36;44,8
23380006719000;105;48;57;42,6
23380006720000;31;18;13;49,4
23380006721000;41;22;19;40,6
23380006722000;81;45;36;48,1
23380006723000;166;81;85;34,5
23380006724000;20;12;8;35,9
23380006725000;68;34;34;37,2
23380006726000;78;40;38;38,8
23380006727000;169;80;89;41,8
23380006728000;114;54;60;43,3
23380006729000;41;16;25;50,8
23380006730000;5;2;3;40,6
23380006748000;4;2;2;0,0
23380006774000;2;1;1;0,0
23380006794000;13;6;7;44,3
23380006807000;11;5;6;44,9
23380006808000;2;1;1;0,0
23380006811000;5;2;3;24,4
23380006851000;2;1;1;0,0
23380006852000;17;12;5;44,5
23380006869000;8;5;3;52,0
23380006924000;1;1;0;0,0
23380006941000;8;4;4;46,3
23380006945000;2;1;1;0,0
23380006949000;3;1;2;0,0
23380006950000;19;10;9;40,8
23380006953000;3;2;1;0,0
23380007034000;47;18;29;44,8
23380007035000;51;26;25;47,2
23380007036000;226;115;111;39,4
23380007037000;82;39;43;45,3
23380007072000;18;6;12;43,2
23380007073000;37;18;19;40,7
23380007074000;5;2;3;45,8
23380007075000;43;25;18;31,8
23380007076000;56;33;23;33,0
23380007077000;2;1;1;0,0
23380007082000;3;2;1;0,0
23380007083000;16;10;6;39,3
23380007084000;8;4;4;39,8
23380007100000;3;2;1;0,0
23380007103000;2;1;1;0,0
23380007105000;10;7;3;32,9
23380007107000;18;9;9;33,6
23380007108000;6;4;2;21,2
23380007109000;20;12;8;35,1
23380007110000;27;15;12;36,5
23380007111000;2;1;1;0,0
23380007112000;9;6;3;34,9
23380007113000;10;6;4;39,4
23380007114000;5;4;1;30,6
23380007115000;2;1;1;0,0
23380007116000;35;17;18;33,5
23380007155000;3;2;1;0,0
23380007166000;22;11;11;47,2
23380007167000;14;9;5;36,2
23380007186000;30;14;16;48,4
23380007193000;15;8;7;50,5
23380007196000;109;55;54;35,2
23380007197000;512;256;256;39,5
23380007198000;99;45;54;35,2
23380007200000;2;1;1;0,0
23380007202000;4;4;0;0,0
23380007203000;1;1;0;0,0
23380007217000;2;1;1;0,0
23380007218000;5;4;1;49,2
23380007219000;27;15;12;51,5
23380007221000;6;3;3;58,8
23380007222000;1;1;0;0,0
23390006649000;6;2;4;41,7
23390006650000;47;28;19;44,0
23390006651000;44;21;23;35,8
23390006652000;190;98;92;44,8
23390006653000;602;228;374;55,6
23390006654000;58;28;30;34,1
23390006655000;54;25;29;41,3
23390006656000;21;14;7;41,9
23390006657000;121;55;66;38,9
23390006658000;63;28;35;36,6
23390006659000;8;1;7;64,4
23390006660000;15;8;7;37,1
23390006661000;25;17;8;34,3
23390006662000;21;11;10;43,7
23390006663000;10;7;3;50,6
23390006664000;4;3;1;0,0
23390006665000;3;1;2;0,0
23390006666000;13;9;4;46,4
23390006667000;93;51;42;45,0
23390006668000;35;19;16;53,7
23390006669000;17;7;10;37,9
23390006674000;14;8;6;28,6
23390006675000;17;11;6;42,1
23390006676000;7;2;5;60,1
23390006677000;13;8;5;55,2
23390006678000;16;8;8;53,0
23390006679000;12;5;7;38,3
23390006680000;8;5;3;51,0
23390006681000;16;9;7;57,1
23390006682000;47;26;21;41,0
23390006683000;6;4;2;56,0
23390006685000;32;20;12;44,0
23390006686000;19;9;10;39,1
23390006687000;6;3;3;36,3
23390006689000;13;5;8;38,8
23390006690000;4;2;2;0,0
23390006698000;22;11;11;49,6
23390006699000;27;13;14;46,1
23390006700000;32;17;15;44,7
23390006701000;29;14;15;38,7
23390006702000;19;12;7;43,6
23390006703000;6;3;3;40,7
23390006704000;21;10;11;45,2
23390006705000;158;55;103;69,3
23390006706000;6;2;4;36,0
23390006707000;26;14;12;56,0
23390006708000;51;29;22;37,5
23390006709000;115;58;57;44,0
23390006710000;200;93;107;40,8
23390006711000;71;35;36;44,9
23390006712000;9;5;4;59,9
23390006713000;13;6;7;56,9
23390006714000;16;10;6;42,5
23390006715000;51;26;25;35,3
23390006716000;90;41;49;43,6
23390006717000;59;28;31;38,1
23390006718000;29;11;18;39,2
23390006719000;28;20;8;41,3
23390006720000;25;15;10;42,2
23390006722000;2;1;1;0,0
23390006723000;4;2;2;0,0
23390006724000;5;3;2;24,4
23390006725000;36;15;21;37,5
23390006726000;39;17;22;40,0
23390006727000;8;3;5;60,1
23390006728000;104;48;56;53,9
23390006729000;7;4;3;34,6
23390006748000;2;1;1;0,0
23390006751000;8;4;4;49,3
23390006752000;5;3;2;49,4
23390006793000;3;2;1;0,0
23390006794000;3;2;1;0,0
23390006795000;11;6;5;33,7
23390006802000;1;1;0;0,0
23390006803000;1;1;0;0,0
23390006807000;1;0;1;0,0
23390006809000;8;4;4;31,6
23390006847000;3;0;3;0,0
23390006849000;5;2;3;21,8
23390006850000;75;35;40;45,7
23390006851000;67;33;34;44,5
23390006854000;2;2;0;0,0
23390006855000;2;1;1;0,0
23390006859000;7;3;4;56,6
23390006860000;7;2;5;47,0
23390006868000;7;3;4;44,6
23390006874000;16;10;6;58,6
23390006875000;9;5;4;44,9
23390006949000;4;2;2;0,0
23390006950000;115;58;57;46,3
23390006951000;10;7;3;47,6
23390006952000;6;3;3;57,7
23390006953000;3;2;1;0,0
23390006982000;6;2;4;42,3
23390007019000;1;1;0;0,0
23390007020000;5;2;3;52,0
23390007021000;4;2;2;0,0
23390007032000;16;8;8;52,8
23390007033000;81;46;35;44,0
23390007034000;31;16;15;47,1
23390007037000;3;1;2;0,0
23390007038000;3;1;2;0,0
23390007070000;12;9;3;32,7
23390007071000;23;12;11;47,6
23390007072000;42;22;20;35,0
23390007074000;5;3;2;13,2
23390007075000;26;14;12;51,0
23390007076000;151;75;76;44,8
23390007077000;5;3;2;24,0
23390007103000;16;7;9;26,1
23390007104000;1;1;0;0,0
23390007105000;17;10;7;38,8
23390007108000;2;1;1;0,0
23390007109000;14;8;6;20,2
23390007110000;67;40;27;38,2
23390007111000;160;82;78;46,6
23390007113000;8;5;3;38,0
23390007116000;34;18;16;37,8
23390007117000;40;18;22;37,5
23390007118000;8;5;3;23,5
23390007119000;3;1;2;0,0
23390007120000;1;1;0;0,0
23390007152000;11;4;7;38,7
23390007154000;23;14;9;44,4
23390007155000;42;23;19;37,7
23390007156000;11;4;7;29,5
23390007166000;4;2;2;0,0
23390007184000;1;1;0;0,0
23390007186000;9;6;3;41,7
23390007191000;5;3;2;48,0
23390007192000;6;2;4;38,2
23390007193000;21;8;13;42,1
23390007196000;90;50;40;30,9
23390007197000;793;371;422;44,6
23390007198000;97;47;50;41,2
23390007203000;11;4;7;26,7
23390007204000;2;1;1;0,0
23390007218000;2;1;1;0,0
23390007221000;10;5;5;35,2
23390007222000;5;3;2;30,6
23390007223000;9;5;4;39,6
23400006647000;7;3;4;36,9
23400006648000;24;12;12;41,9
23400006649000;9;3;6;28,1
23400006650000;45;31;14;40,1
23400006651000;25;13;12;35,2
23400006652000;488;231;257;44,4
23400006653000;69;36;33;46,6
23400006654000;10;5;5;36,5
23400006655000;16;6;10;34,8
23400006656000;40;25;15;34,3
23400006657000;16;8;8;40,3
23400006658000;23;12;11;58,8
23400006659000;36;17;19;39,4
23400006660000;11;7;4;50,0
23400006661000;16;9;7;36,4
23400006663000;6;3;3;41,3
23400006664000;4;1;3;0,0
23400006665000;1;1;0;0,0
23400006666000;22;11;11;34,0
23400006667000;6;4;2;28,7
23400006679000;9;4;5;21,7
23400006681000;4;2;2;0,0
23400006682000;1;0;1;0,0
23400006683000;7;5;2;30,4
23400006684000;89;43;46;43,2
23400006685000;66;32;34;47,7
23400006686000;110;52;58;43,4
23400006687000;41;22;19;38,5
23400006699000;3;1;2;0,0
23400006701000;10;7;3;49,6
23400006702000;20;9;11;40,0
23400006703000;94;51;43;46,0
23400006704000;71;34;37;44,2
23400006705000;198;101;97;44,0
23400006706000;2;2;0;0,0
23400006708000;3;3;0;0,0
23400006709000;8;3;5;63,8
23400006710000;77;40;37;40,9
23400006711000;8;3;5;73,4
23400006712000;12;6;6;38,3
23400006713000;16;9;7;31,7
23400006714000;10;5;5;52,8
23400006715000;24;11;13;29,8
23400006716000;32;16;16;52,0
23400006717000;4;3;1;0,0
23400006719000;8;6;2;40,0
23400006720000;32;14;18;42,4
23400006721000;60;28;32;45,0
23400006725000;3;2;1;0,0
23400006726000;7;2;5;42,4
23400006727000;19;9;10;44,6
23400006728000;150;76;74;45,5
23400006729000;47;23;24;44,1
23400006746000;1;1;0;0,0
23400006748000;15;7;8;60,9
23400006750000;4;3;1;0,0
23400006751000;5;4;1;56,0
23400006792000;10;5;5;53,7
23400006793000;10;6;4;61,8
23400006794000;50;30;20;38,1
23400006809000;1;0;1;0,0
23400006819000;5;4;1;47,4
23400006843000;2;0;2;0,0
23400006844000;8;4;4;46,8
23400006845000;1;1;0;0,0
23400006847000;2;1;1;0,0
23400006848000;13;5;8;42,8
23400006849000;19;10;9;47,3
23400006851000;1;0;1;0,0
23400006854000;1;1;0;0,0
23400006874000;1;1;0;0,0
23400006875000;1;0;1;0,0
23400006895000;11;4;7;66,3
23400006896000;18;7;11;51,5
23400006912000;4;2;2;0,0
23400006949000;14;9;5;52,9
23400006950000;32;19;13;41,6
23400006951000;2;1;1;0,0
23400006952000;7;4;3;55,6
23400006955000;4;3;1;0,0
23400006977000;7;4;3;42,4
23400006981000;1;0;1;0,0
23400006982000;1;0;1;0,0
23400007022000;2;1;1;0,0
23400007030000;2;1;1;0,0
23400007032000;13;7;6;37,5
23400007033000;36;22;14;51,9
23400007034000;4;3;1;0,0
23400007070000;9;5;4;40,1
23400007071000;71;39;32;33,7
23400007072000;58;28;30;42,2
23400007074000;11;6;5;31,4
23400007075000;25;13;12;31,0
23400007076000;51;25;26;34,4
23400007077000;16;8;8;44,8
23400007079000;3;2;1;0,0
23400007081000;1;1;0;0,0
23400007101000;2;2;0;0,0
23400007102000;21;15;6;38,5
23400007106000;15;9;6;36,9
23400007108000;16;5;11;36,4
23400007109000;18;11;7;34,6
23400007110000;22;11;11;39,6
23400007111000;6;1;5;21,3
23400007112000;53;26;27;46,7
23400007113000;23;11;12;33,9
23400007114000;46;23;23;28,8
23400007116000;27;13;14;45,1
23400007120000;8;5;3;25,5
23400007152000;4;1;3;0,0
23400007153000;1;1;0;0,0
23400007155000;13;7;6;41,8
23400007165000;1;1;0;0,0
23400007166000;5;2;3;23,6
23400007187000;3;2;1;0,0
23400007192000;10;8;2;45,4
23400007196000;4;2;2;0,0
23400007197000;10;7;3;45,6
23400007199000;7;5;2;45,9
23400007205000;24;14;10;33,0
23400007210000;6;3;3;61,8
23400007211000;12;8;4;42,5
23400007217000;10;7;3;35,4
23400007218000;23;11;12;60,7
23400007219000;7;4;3;62,3
23400007223000;1;1;0;0,0
23410006643000;4;3;1;0,0
23410006645000;7;5;2;68,3
23410006646000;4;3;1;0,0
23410006647000;32;18;14;44,8
23410006648000;37;17;20;42,2
23410006649000;6;3;3;54,5
23410006650000;22;8;14;45,5
23410006651000;30;14;16;54,4
23410006652000;30;15;15;45,1
23410006653000;21;13;8;55,6
23410006660000;16;9;7;43,6
23410006661000;19;11;8;39,7
23410006662000;14;8;6;40,6
23410006663000;5;2;3;44,0
23410006664000;11;6;5;42,5
23410006665000;4;3;1;0,0
23410006666000;18;11;7;45,7
23410006668000;4;2;2;0,0
23410006673000;7;4;3;54,4
23410006676000;4;2;2;0,0
23410006680000;4;2;2;0,0
23410006683000;20;10;10;36,6
23410006684000;26;13;13;48,0
23410006685000;32;17;15;52,8
23410006686000;25;12;13;36,6
23410006702000;29;14;15;46,8
23410006703000;21;13;8;48,5
23410006704000;6;3;3;56,8
23410006709000;1;0;1;0,0
23410006710000;32;16;16;51,7
23410006711000;8;4;4;61,0
23410006712000;8;5;3;41,6
23410006714000;7;4;3;22,9
23410006716000;15;10;5;37,5
23410006721000;15;9;6;56,9
23410006725000;4;2;2;0,0
23410006726000;14;6;8;54,5
23410006727000;18;8;10;31,6
23410006728000;8;4;4;45,5
23410006729000;71;36;35;48,6
23410006730000;41;16;25;45,5
23410006731000;21;11;10;44,4
23410006732000;22;10;12;34,6
23410006745000;2;1;1;0,0
23410006772000;3;1;2;0,0
23410006779000;16;7;9;57,1
23410006791000;23;12;11;43,8
23410006793000;10;4;6;40,1
23410006794000;33;15;18;47,1
23410006810000;5;3;2;36,6
23410006812000;3;1;2;0,0
23410006813000;2;1;1;0,0
23410006815000;1;1;0;0,0
23410006817000;10;3;7;49,8
23410006840000;3;1;2;0,0
23410006841000;76;38;38;39,2
23410006842000;9;5;4;45,1
23410006860000;6;2;4;42,5
23410006874000;1;0;1;0,0
23410006896000;21;11;10;33,8
23410006977000;11;7;4;54,8
23410006978000;16;9;7;43,8
23410006979000;4;2;2;0,0
23410006980000;7;4;3;61,0
23410007022000;14;6;8;44,9
23410007023000;7;3;4;36,3
23410007024000;3;2;1;0,0
23410007025000;5;4;1;50,0
23410007033000;12;6;6;54,9
23410007034000;18;9;9;40,4
23410007070000;40;25;15;31,5
23410007071000;8;3;5;27,5
23410007072000;3;2;1;0,0
23410007074000;9;5;4;32,4
23410007075000;10;6;4;28,8
23410007076000;8;4;4;43,4
23410007102000;14;7;7;50,1
23410007103000;3;2;1;0,0
23410007106000;2;2;0;0,0
23410007107000;20;13;7;51,2
23410007108000;4;1;3;0,0
23410007109000;1;1;0;0,0
23410007110000;13;9;4;33,1
23410007111000;36;20;16;29,7
23410007112000;11;6;5;45,9
23410007113000;34;18;16;40,1
23410007114000;5;3;2;50,4
23410007115000;8;5;3;35,8
23410007116000;67;30;37;60,7
23410007117000;8;5;3;31,5
23410007146000;3;1;2;0,0
23410007152000;4;2;2;0,0
23410007153000;4;2;2;0,0
23410007154000;2;1;1;0,0
23410007155000;12;6;6;51,5
23410007156000;4;2;2;0,0
23410007167000;3;1;2;0,0
23410007196000;2;2;0;0,0
23410007197000;1;1;0;0,0
23410007198000;7;3;4;41,3
23410007199000;4;3;1;0,0
23410007204000;8;3;5;36,1
23410007205000;5;3;2;28,4
23410007219000;15;8;7;30,0
23410007224000;1;0;1;0,0
23420006646000;5;3;2;39,4
23420006647000;27;12;15;35,4
23420006648000;74;34;40;45,2
23420006649000;87;47;40;35,9
23420006650000;11;5;6;37,1
23420006651000;12;7;5;41,0
23420006652000;23;11;12;48,8
23420006653000;22;12;10;48,7
23420006654000;11;4;7;40,8
23420006662000;2;1;1;0,0
23420006663000;12;6;6;46,3
23420006664000;1;0;1;0,0
23420006670000;7;4;3;37,1
23420006671000;1;1;0;0,0
23420006675000;2;1;1;0,0
23420006683000;2;2;0;0,0
23420006685000;19;9;10;34,8
23420006686000;3;1;2;0,0
23420006710000;40;23;17;44,8
23420006721000;2;1;1;0,0
23420006726000;3;2;1;0,0
23420006727000;15;9;6;48,0
23420006728000;2;1;1;0,0
23420006730000;13;8;5;38,8
23420006777000;5;4;1;19,0
23420006778000;1;1;0;0,0
23420006779000;23;11;12;41,3
23420006780000;26;17;9;39,4
23420006781000;4;1;3;0,0
23420006782000;16;6;10;38,9
23420006783000;1;1;0;0,0
23420006809000;7;3;4;35,3
23420006811000;3;2;1;0,0
23420006812000;9;4;5;37,7
23420006814000;11;5;6;37,7
23420006815000;4;2;2;0,0
23420006817000;7;5;2;38,1
23420006832000;6;2;4;20,8
23420006834000;2;1;1;0,0
23420006835000;10;6;4;36,2
23420006836000;21;10;11;47,5
23420006837000;59;30;29;45,5
23420006838000;11;7;4;45,2
23420006839000;4;3;1;0,0
23420006859000;1;1;0;0,0
23420006860000;33;18;15;45,3
23420006861000;2;1;1;0,0
23420006866000;39;19;20;44,1
23420006911000;2;1;1;0,0
23420006977000;6;4;2;41,3
23420006978000;9;5;4;48,0
23420006979000;22;7;15;47,8
23420006980000;5;2;3;43,6
23420006981000;1;1;0;0,0
23420007022000;9;4;5;32,4
23420007023000;4;1;3;0,0
23420007024000;8;5;3;20,9
23420007032000;4;3;1;0,0
23420007033000;149;81;68;39,8
23420007070000;9;6;3;39,6
23420007074000;17;10;7;45,5
23420007075000;5;3;2;37,6
23420007076000;16;8;8;38,8
23420007077000;37;19;18;30,9
23420007078000;7;3;4;32,0
23420007079000;12;7;5;37,3
23420007103000;15;8;7;51,9
23420007107000;2;1;1;0,0
23420007110000;3;2;1;0,0
23420007111000;7;4;3;40,6
23420007112000;10;5;5;44,1
23420007113000;6;1;5;35,5
23420007114000;28;11;17;30,3
23420007117000;34;18;16;36,8
23420007118000;7;4;3;56,9
23420007121000;5;3;2;44,6
23420007152000;1;1;0;0,0
23420007154000;2;2;0;0,0
23420007167000;4;3;1;0,0
23420007197000;3;2;1;0,0
23420007199000;3;1;2;0,0
23420007201000;2;1;1;0,0
23420007202000;4;2;2;0,0
23420007205000;2;2;0;0,0
23420007207000;9;4;5;64,2
23420007208000;5;2;3;54,4
23420007212000;13;5;8;27,6
23420007213000;2;0;2;0,0
23420007217000;1;1;0;0,0
23420007218000;2;1;1;0,0
23430006646000;6;2;4;64,7
23430006647000;52;24;28;47,6
23430006648000;331;151;180;47,8
23430006649000;380;176;204;42,1
23430006650000;42;23;19;42,5
23430006651000;8;4;4;36,5
23430006653000;13;7;6;44,5
23430006654000;4;3;1;0,0
23430006655000;2;1;1;0,0
23430006664000;1;0;1;0,0
23430006669000;1;0;1;0,0
23430006672000;6;3;3;34,2
23430006686000;9;5;4;49,7
23430006729000;1;1;0;0,0
23430006730000;32;18;14;53,9
23430006776000;13;7;6;50,7
23430006777000;10;7;3;57,6
23430006778000;2;1;1;0,0
23430006780000;14;4;10;53,9
23430006781000;48;21;27;48,1
23430006782000;29;15;14;42,6
23430006793000;2;1;1;0,0
23430006809000;2;1;1;0,0
23430006810000;1;0;1;0,0
23430006811000;16;9;7;56,3
23430006812000;21;11;10;44,0
23430006814000;5;3;2;71,2
23430006815000;4;2;2;0,0
23430006830000;6;3;3;33,7
23430006834000;10;7;3;23,1
23430006859000;3;1;2;0,0
23430006860000;21;12;9;43,2
23430006861000;25;12;13;37,7
23430006863000;12;6;6;61,3
23430006864000;129;62;67;42,1
23430006865000;55;28;27;43,6
23430006866000;14;8;6;41,4
23430006978000;8;2;6;25,8
23430007034000;1;0;1;0,0
23430007049000;1;1;0;0,0
23430007077000;21;13;8;34,2
23430007078000;57;28;29;41,2
23430007079000;18;10;8;41,0
23430007113000;3;1;2;0,0
23430007114000;5;4;1;69,8
23430007115000;3;2;1;0,0
23430007117000;3;1;2;0,0
23430007118000;10;6;4;41,7
23430007119000;2;1;1;0,0
23430007120000;5;2;3;24,4
23430007121000;2;1;1;0,0
23430007151000;4;2;2;0,0
23430007152000;26;15;11;35,5
23430007153000;243;109;134;35,0
23430007154000;22;13;9;40,6
23430007166000;2;1;1;0,0
23430007191000;9;5;4;41,4
23430007197000;1;1;0;0,0
23430007212000;15;9;6;33,7
23430007218000;1;0;1;0,0
23430007219000;5;1;4;32,4
23430007220000;40;20;20;37,2
23430007221000;6;3;3;35,7
23430007224000;2;1;1;0,0
23440006646000;34;17;17;38,9
23440006647000;32;18;14;39,2
23440006648000;2;1;1;0,0
23440006649000;101;53;48;44,8
23440006650000;21;9;12;43,8
23440006651000;38;18;20;34,7
23440006652000;4;2;2;0,0
23440006653000;1;1;0;0,0
23440006654000;14;4;10;46,9
23440006655000;7;4;3;62,6
23440006666000;3;2;1;0,0
23440006669000;1;0;1;0,0
23440006673000;1;0;1;0,0
23440006688000;5;2;3;35,0
23440006729000;14;9;5;61,5
23440006730000;25;14;11;49,6
23440006776000;4;2;2;0,0
23440006780000;2;1;1;0,0
23440006781000;65;32;33;50,1
23440006782000;11;7;4;46,3
23440006811000;9;6;3;31,2
23440006812000;1;1;0;0,0
23440006813000;19;8;11;45,3
23440006824000;9;4;5;54,1
23440006825000;2;2;0;0,0
23440006826000;12;7;5;46,0
23440006827000;18;12;6;40,2
23440006829000;3;1;2;0,0
23440006864000;36;19;17;40,7
23440006865000;21;11;10;48,4
23440006866000;34;19;15;37,1
23440006902000;4;2;2;0,0
23440006948000;5;2;3;17,0
23440007021000;15;7;8;22,9
23440007022000;3;1;2;0,0
23440007023000;3;1;2;0,0
23440007034000;3;1;2;0,0
23440007069000;2;1;1;0,0
23440007078000;14;6;8;38,6
23440007079000;26;14;12;38,1
23440007100000;1;1;0;0,0
23440007101000;5;3;2;19,2
23440007103000;9;6;3;39,8
23440007104000;5;1;4;50,2
23440007110000;2;2;0;0,0
23440007113000;1;1;0;0,0
23440007115000;4;3;1;0,0
23440007119000;7;3;4;34,0
23440007150000;9;4;5;53,8
23440007151000;9;5;4;48,8
23440007152000;241;131;110;40,4
23440007153000;268;131;137;31,9
23440007199000;3;2;1;0,0
23440007201000;2;1;1;0,0
23440007202000;3;2;1;0,0
23440007203000;5;4;1;27,4
23440007207000;2;1;1;0,0
23440007210000;9;5;4;46,3
23440007212000;3;2;1;0,0
23440007219000;15;8;7;52,7
23440007221000;37;20;17;46,3
23440007222000;1;0;1;0,0
23440007223000;16;9;7;39,9
23440007224000;8;1;7;39,8
23450006647000;4;1;3;0,0
23450006648000;10;4;6;44,7
23450006649000;9;4;5;63,4
23450006650000;15;9;6;49,1
23450006651000;21;13;8;41,6
23450006652000;21;13;8;40,9
23450006653000;14;7;7;36,1
23450006654000;27;13;14;49,5
23450006655000;5;1;4;48,4
23450006662000;3;1;2;0,0
23450006666000;43;27;16;39,7
23450006667000;14;8;6;53,6
23450006668000;18;5;13;35,8
23450006669000;2;1;1;0,0
23450006672000;3;1;2;0,0
23450006687000;1;0;1;0,0
23450006688000;4;2;2;0,0
23450006689000;2;1;1;0,0
23450006699000;2;1;1;0,0
23450006700000;2;2;0;0,0
23450006702000;2;1;1;0,0
23450006711000;3;1;2;0,0
23450006718000;9;6;3;47,7
23450006729000;38;20;18;45,1
23450006779000;3;1;2;0,0
23450006781000;1;0;1;0,0
23450006782000;5;2;3;19,8
23450006811000;9;4;5;39,9
23450006812000;3;2;1;0,0
23450006813000;19;12;7;43,8
23450006823000;4;0;4;0,0
23450006824000;8;6;2;40,1
23450006864000;12;5;7;55,3
23450007078000;8;6;2;49,0
23450007079000;17;8;9;39,6
23450007080000;25;12;13;38,8
23450007099000;6;3;3;39,5
23450007100000;11;6;5;25,0
23450007101000;23;13;10;36,7
23450007102000;9;3;6;36,3
23450007103000;33;19;14;27,4
23450007104000;7;2;5;37,0
23450007113000;1;1;0;0,0
23450007119000;7;5;2;39,9
23450007120000;11;5;6;37,1
23450007121000;3;2;1;0,0
23450007149000;5;3;2;61,6
23450007150000;4;1;3;0,0
23450007151000;7;5;2;40,1
23450007152000;34;18;16;44,6
23450007153000;7;4;3;42,3
23450007166000;1;1;0;0,0
23450007191000;1;0;1;0,0
23450007203000;5;3;2;26,0
23450007204000;4;1;3;0,0
23450007207000;1;0;1;0,0
23450007208000;4;2;2;0,0
23450007210000;2;1;1;0,0
23450007211000;14;9;5;32,2
23450007212000;39;22;17;46,3
23450007213000;13;6;7;56,2
23450007221000;9;4;5;45,4
23450007222000;92;42;50;47,0
23450007223000;71;37;34;43,0
23450007224000;20;11;9;35,5
23460006647000;6;4;2;49,3
23460006649000;2;2;0;0,0
23460006651000;3;1;2;0,0
23460006652000;1;0;1;0,0
23460006653000;6;3;3;33,2
23460006662000;14;9;5;48,5
23460006668000;2;1;1;0,0
23460006669000;14;9;5;47,6
23460006670000;2;2;0;0,0
23460006671000;5;2;3;59,2
23460006672000;8;5;3;29,1
23460006679000;2;1;1;0,0
23460006680000;2;1;1;0,0
23460006681000;1;0;1;0,0
23460006686000;2;1;1;0,0
23460006687000;1;1;0;0,0
23460006698000;3;2;1;0,0
23460006699000;9;5;4;51,2
23460006700000;10;6;4;76,9
23460006729000;59;30;29;50,9
23460006782000;2;2;0;0,0
23460006784000;2;1;1;0,0
23460006785000;22;14;8;56,9
23460006786000;1;0;1;0,0
23460006812000;22;14;8;44,3
23460006815000;7;2;5;39,7
23460006820000;13;5;8;58,9
23460006821000;24;14;10;54,1
23460006863000;4;3;1;0,0
23460006882000;3;2;1;0,0
23460006887000;3;1;2;0,0
23460007051000;3;2;1;0,0
23460007079000;10;6;4;42,5
23460007080000;22;10;12;26,5
23460007082000;3;2;1;0,0
23460007098000;2;1;1;0,0
23460007099000;11;7;4;31,8
23460007100000;55;26;29;41,2
23460007101000;13;7;6;40,1
23460007102000;14;6;8;42,9
23460007116000;2;1;1;0,0
23460007120000;2;1;1;0,0
23460007149000;2;1;1;0,0
23460007150000;66;31;35;36,2
23460007151000;2;1;1;0,0
23460007152000;10;5;5;56,1
23460007153000;1;1;0;0,0
23460007154000;36;16;20;46,0
23460007155000;18;10;8;41,2
23460007156000;15;9;6;41,5
23460007157000;5;2;3;47,8
23460007166000;2;1;1;0,0
23460007204000;9;4;5;51,8
23460007210000;1;0;1;0,0
23460007212000;6;2;4;30,5
23460007222000;20;10;10;51,2
23460007223000;21;9;12;51,5
23470006655000;4;2;2;0,0
23470006658000;3;1;2;0,0
23470006661000;5;3;2;40,2
23470006669000;5;3;2;55,8
23470006670000;1;1;0;0,0
23470006687000;20;11;9;47,2
23470006691000;2;1;1;0,0
23470006692000;2;1;1;0,0
23470006714000;1;1;0;0,0
23470006717000;1;0;1;0,0
23470006727000;3;2;1;0,0
23470006728000;20;13;7;54,3
23470006729000;82;43;39;48,3
23470006731000;7;3;4;23,7
23470006784000;1;1;0;0,0
23470006785000;8;4;4;64,6
23470006796000;2;1;1;0,0
23470006809000;7;3;4;46,9
23470006811000;5;3;2;60,6
23470006812000;95;49;46;32,5
23470006813000;134;69;65;45,2
23470006814000;1;1;0;0,0
23470006815000;8;3;5;54,5
23470006816000;2;1;1;0,0
23470006818000;1;0;1;0,0
23470006819000;24;10;14;44,0
23470006820000;2;1;1;0,0
23470006886000;4;2;2;0,0
23470006887000;7;4;3;29,3
23470006948000;2;1;1;0,0
23470006949000;4;2;2;0,0
23470007079000;7;4;3;46,0
23470007080000;17;11;6;37,5
23470007081000;19;12;7;35,1
23470007082000;2;1;1;0,0
23470007098000;18;10;8;32,6
23470007099000;5;2;3;49,8
23470007100000;5;2;3;22,6
23470007101000;7;4;3;59,1
23470007102000;1;1;0;0,0
23470007120000;22;11;11;41,8
23470007121000;24;11;13;37,7
23470007122000;1;1;0;0,0
23470007146000;9;4;5;43,2
23470007149000;15;9;6;34,5
23470007150000;34;20;14;37,7
23470007152000;28;17;11;34,2
23470007153000;9;5;4;33,9
23470007154000;16;9;7;32,8
23470007155000;8;5;3;48,6
23470007190000;5;2;3;28,4
23470007206000;11;6;5;33,8
23470007207000;2;1;1;0,0
23470007210000;12;7;5;54,3
23470007211000;12;7;5;57,9
23470007213000;1;1;0;0,0
23470007216000;1;1;0;0,0
23470007222000;6;2;4;34,8
23470007223000;1;1;0;0,0
23480006658000;9;5;4;49,1
23480006659000;12;7;5;32,8
23480006661000;14;6;8;55,5
23480006667000;2;2;0;0,0
23480006669000;6;3;3;30,7
23480006670000;2;1;1;0,0
23480006672000;2;2;0;0,0
23480006673000;4;2;2;0,0
23480006677000;6;5;1;58,8
23480006685000;2;1;1;0,0
23480006687000;6;3;3;59,7
23480006688000;24;11;13;33,6
23480006689000;4;2;2;0,0
23480006699000;2;1;1;0,0
23480006702000;4;2;2;0,0
23480006704000;2;1;1;0,0
23480006717000;15;8;7;37,5
23480006718000;2;0;2;0,0
23480006726000;9;7;2;55,8
23480006727000;9;5;4;16,3
23480006728000;13;8;5;52,7
23480006729000;9;3;6;55,8
23480006752000;12;6;6;65,6
23480006803000;2;1;1;0,0
23480006809000;1;0;1;0,0
23480006810000;38;18;20;48,7
23480006811000;11;5;6;52,7
23480006812000;5;3;2;53,4
23480006813000;15;9;6;37,2
23480006814000;8;3;5;40,5
23480006886000;5;2;3;25,0
23480007050000;4;2;2;0,0
23480007051000;6;2;4;41,5
23480007079000;6;4;2;20,8
23480007080000;29;14;15;42,1
23480007081000;5;3;2;65,4
23480007082000;22;12;10;45,9
23480007097000;6;3;3;41,5
23480007098000;3;1;2;0,0
23480007101000;14;8;6;41,1
23480007115000;6;2;4;32,7
23480007120000;11;4;7;52,3
23480007121000;7;2;5;32,1
23480007150000;26;13;13;41,8
23480007151000;5;2;3;51,0
23480007152000;6;4;2;38,5
23480007153000;37;16;21;40,4
23480007154000;6;3;3;54,3
23480007155000;10;6;4;35,5
23480007156000;5;3;2;62,2
23480007202000;12;8;4;28,5
23480007206000;3;1;2;0,0
23480007207000;5;2;3;61,6
23480007208000;8;4;4;38,4
23480007214000;2;1;1;0,0
23490006653000;1;1;0;0,0
23490006654000;6;3;3;39,2
23490006655000;18;11;7;46,7
23490006657000;4;1;3;0,0
23490006661000;11;6;5;50,2
23490006662000;3;1;2;0,0
23490006663000;1;0;1;0,0
23490006664000;4;3;1;0,0
23490006666000;7;3;4;43,4
23490006670000;3;1;2;0,0
23490006671000;6;5;1;21,5
23490006674000;2;1;1;0,0
23490006676000;2;1;1;0,0
23490006678000;1;1;0;0,0
23490006687000;66;29;37;41,1
23490006689000;6;2;4;74,8
23490006690000;9;4;5;61,1
23490006695000;2;2;0;0,0
23490006702000;8;5;3;57,4
23490006703000;5;3;2;60,2
23490006712000;1;1;0;0,0
23490006718000;16;6;10;42,3
23490006719000;4;2;2;0,0
23490006722000;3;1;2;0,0
23490006725000;13;6;7;45,5
23490006726000;31;18;13;38,8
23490006727000;10;5;5;53,7
23490006752000;2;2;0;0,0
23490006753000;7;5;2;58,9
23490006786000;5;4;1;25,4
23490006787000;9;5;4;44,9
23490006791000;7;5;2;32,4
23490006792000;2;1;1;0,0
23490006805000;12;7;5;44,9
23490006807000;4;3;1;0,0
23490006809000;3;2;1;0,0
23490006810000;3;1;2;0,0
23490006863000;11;3;8;42,6
23490006886000;10;5;5;49,6
23490006949000;2;1;1;0,0
23490007030000;4;2;2;0,0
23490007065000;5;3;2;48,2
23490007079000;17;10;7;32,6
23490007080000;6;4;2;38,7
23490007081000;3;1;2;0,0
23490007082000;7;3;4;31,1
23490007097000;6;4;2;20,8
23490007098000;17;9;8;33,2
23490007115000;8;5;3;34,8
23490007116000;3;2;1;0,0
23490007121000;45;26;19;40,8
23490007122000;2;1;1;0,0
23490007150000;5;2;3;54,4
23490007151000;9;5;4;46,9
23490007153000;11;6;5;47,3
23490007154000;38;18;20;36,4
23490007155000;10;4;6;42,0
23490007189000;28;13;15;55,9
23490007190000;40;21;19;63,0
23490007202000;8;4;4;28,1
23490007208000;3;2;1;0,0
23490007212000;6;5;1;40,3
23490007213000;1;1;0;0,0
23490007220000;2;1;1;0,0
23500006653000;3;1;2;0,0
23500006654000;29;14;15;62,8
23500006663000;5;3;2;32,8
23500006664000;31;17;14;51,5
23500006665000;151;77;74;46,4
23500006666000;16;8;8;58,4
23500006667000;18;9;9;41,8
23500006668000;13;8;5;47,1
23500006670000;1;0;1;0,0
23500006671000;13;7;6;40,2
23500006675000;6;4;2;61,8
23500006676000;5;2;3;40,8
23500006687000;16;9;7;47,5
23500006689000;4;3;1;0,0
23500006690000;1;0;1;0,0
23500006691000;12;5;7;52,8
23500006692000;10;5;5;55,7
23500006693000;5;3;2;68,8
23500006719000;3;1;2;0,0
23500006722000;7;5;2;42,4
23500006723000;1;0;1;0,0
23500006724000;7;4;3;62,7
23500006725000;23;11;12;49,8
23500006726000;6;3;3;40,5
23500006729000;2;1;1;0,0
23500006752000;15;7;8;61,9
23500006753000;7;5;2;37,1
23500006774000;7;3;4;26,3
23500006790000;4;3;1;0,0
23500006791000;19;9;10;48,5
23500006797000;2;1;1;0,0
23500006863000;15;9;6;38,7
23500006864000;2;1;1;0,0
23500007029000;4;2;2;0,0
23500007079000;16;7;9;34,9
23500007080000;14;7;7;37,1
23500007116000;6;3;3;52,3
23500007120000;15;9;6;42,0
23500007121000;8;3;5;37,3
23500007149000;12;5;7;43,3
23500007150000;11;4;7;45,6
23500007151000;10;5;5;29,1
23500007152000;37;18;19;40,0
23500007153000;40;19;21;40,1
23500007154000;18;13;5;39,3
23500007155000;7;3;4;42,4
23500007156000;5;2;3;33,8
23500007189000;43;24;19;50,8
23500007190000;10;5;5;56,0
23500007202000;4;3;1;0,0
23500007208000;4;2;2;0,0
23500007209000;10;6;4;38,1
23500007210000;8;4;4;29,0
23500007214000;1;1;0;0,0
23500007221000;11;5;6;69,6
23510006650000;2;2;0;0,0
23510006651000;19;13;6;36,4
23510006652000;20;9;11;56,8
23510006653000;19;10;9;42,1
23510006661000;1;1;0;0,0
23510006662000;7;4;3;44,9
23510006663000;8;4;4;36,5
23510006664000;11;7;4;45,3
23510006665000;86;41;45;49,3
23510006666000;28;13;15;38,5
23510006667000;8;5;3;30,5
23510006668000;3;2;1;0,0
23510006669000;4;2;2;0,0
23510006670000;6;3;3;64,5
23510006671000;12;6;6;42,6
23510006672000;15;7;8;45,2
23510006673000;1;0;1;0,0
23510006674000;7;2;5;34,4
23510006675000;7;3;4;48,1
23510006687000;10;5;5;47,3
23510006700000;2;1;1;0,0
23510006701000;2;1;1;0,0
23510006712000;1;1;0;0,0
23510006721000;1;0;1;0,0
23510006722000;4;2;2;0,0
23510006723000;7;4;3;65,3
23510006724000;3;2;1;0,0
23510006725000;8;2;6;63,3
23510006726000;26;16;10;39,1
23510006729000;5;2;3;62,6
23510006774000;12;7;5;46,3
23510006790000;26;17;9;53,0
23510006791000;9;5;4;33,1
23510006796000;2;1;1;0,0
23510006797000;1;0;1;0,0
23510006798000;2;2;0;0,0
23510006799000;4;2;2;0,0
23510006802000;15;8;7;36,3
23510006803000;29;15;14;45,1
23510006804000;15;8;7;46,1
23510006805000;4;3;1;0,0
23510006806000;5;3;2;53,0
23510006823000;3;2;1;0,0
23510006863000;8;5;3;40,1
23510007026000;3;1;2;0,0
23510007027000;11;6;5;44,8
23510007029000;1;1;0;0,0
23510007062000;3;1;2;0,0
23510007063000;14;11;3;56,4
23510007080000;8;4;4;42,4
23510007081000;9;4;5;34,8
23510007117000;3;2;1;0,0
23510007120000;4;2;2;0,0
23510007121000;11;5;6;40,0
23510007122000;3;2;1;0,0
23510007149000;26;15;11;44,2
23510007150000;18;8;10;41,4
23510007151000;23;9;14;33,6
23510007152000;56;29;27;48,7
23510007153000;53;26;27;40,3
23510007154000;6;2;4;28,5
23510007155000;12;5;7;39,8
23510007156000;6;2;4;35,8
23510007189000;45;29;16;32,2
23510007190000;10;6;4;72,6
23510007191000;3;2;1;0,0
23510007203000;7;3;4;44,3
23510007214000;5;3;2;50,2
23510007215000;2;1;1;0,0
23510007216000;7;4;3;39,0
23510007221000;20;7;13;58,8
23510007222000;9;3;6;45,4
23520006652000;4;2;2;0,0
23520006653000;2;2;0;0,0
23520006654000;1;1;0;0,0
23520006657000;1;1;0;0,0
23520006658000;12;7;5;22,9
23520006659000;1;0;1;0,0
23520006660000;6;3;3;36,0
23520006661000;3;2;1;0,0
23520006662000;10;4;6;53,8
23520006663000;12;6;6;50,0
23520006665000;11;7;4;26,0
23520006667000;4;3;1;0,0
23520006670000;4;2;2;0,0
23520006672000;1;1;0;0,0
23520006686000;11;5;6;22,0
23520006687000;18;9;9;32,4
23520006688000;19;10;9;33,1
23520006689000;10;4;6;35,2
23520006693000;6;4;2;55,3
23520006694000;5;3;2;54,0
23520006705000;3;1;2;0,0
23520006707000;1;1;0;0,0
23520006719000;4;2;2;0,0
23520006723000;7;3;4;29,0
23520006725000;5;2;3;55,4
23520006726000;14;8;6;30,9
23520006727000;7;3;4;48,0
23520006729000;5;3;2;48,6
23520006733000;2;1;1;0,0
23520006749000;6;3;3;41,5
23520006753000;2;2;0;0,0
23520006774000;22;11;11;45,8
23520006791000;10;5;5;65,4
23520006792000;4;2;2;0,0
23520006799000;171;85;86;35,7
23520006800000;322;166;156;41,2
23520006801000;154;77;77;41,8
23520006802000;56;26;30;44,1
23520006803000;9;6;3;39,7
23520006804000;12;6;6;36,3
23520006805000;95;48;47;32,6
23520006806000;34;18;16;36,5
23520006819000;2;1;1;0,0
23520006820000;2;0;2;0,0
23520006822000;4;3;1;0,0
23520006823000;2;1;1;0,0
23520006885000;8;3;5;45,5
23520007026000;1;1;0;0,0
23520007062000;5;3;2;54,6
23520007063000;16;9;7;39,3
23520007064000;5;2;3;34,4
23520007081000;12;6;6;39,3
23520007082000;15;9;6;45,0
23520007122000;9;5;4;41,4
23520007151000;2;1;1;0,0
23520007152000;5;3;2;37,0
23520007153000;17;7;10;41,9
23520007154000;18;11;7;36,6
23520007155000;66;27;39;33,2
23520007156000;21;6;15;26,6
23520007157000;33;17;16;33,1
23520007183000;1;1;0;0,0
23520007190000;2;1;1;0,0
23520007191000;4;2;2;0,0
23520007203000;25;16;9;43,6
23520007204000;1;0;1;0,0
23520007215000;11;6;5;36,9
23520007217000;1;0;1;0,0
23520007222000;12;8;4;55,4
23520007223000;4;2;2;0,0
23520007224000;2;1;1;0,0
23530006653000;6;3;3;54,2
23530006654000;20;12;8;53,4
23530006655000;16;9;7;39,8
23530006656000;8;5;3;36,6
23530006658000;62;32;30;36,0
23530006659000;32;19;13;48,0
23530006660000;26;13;13;45,2
23530006661000;10;6;4;42,1
23530006676000;16;7;9;46,6
23530006682000;1;0;1;0,0
23530006694000;26;14;12;38,9
23530006695000;8;6;2;40,3
23530006707000;3;2;1;0,0
23530006719000;7;5;2;46,6
23530006726000;1;1;0;0,0
23530006731000;5;3;2;64,2
23530006733000;8;5;3;25,8
23530006735000;5;2;3;21,8
23530006736000;12;4;8;40,8
23530006737000;9;5;4;28,6
23530006749000;2;1;1;0,0
23530006792000;5;2;3;26,2
23530006799000;184;91;93;36,6
23530006800000;485;213;272;55,2
23530006801000;657;322;335;43,4
23530006802000;81;39;42;43,5
23530006817000;7;2;5;50,7
23530006818000;4;2;2;0,0
23530006820000;3;2;1;0,0
23530006822000;2;0;2;0,0
23530007081000;3;1;2;0,0
23530007082000;25;13;12;36,2
23530007083000;6;3;3;36,3
23530007118000;1;1;0;0,0
23530007122000;10;5;5;52,8
23530007150000;9;6;3;46,0
23530007154000;25;13;12;36,5
23530007155000;376;190;186;47,6
23530007156000;159;86;73;37,7
23530007157000;127;71;56;43,4
23530007158000;24;13;11;33,3
23530007203000;10;7;3;45,3
23530007204000;5;3;2;59,6
23530007216000;12;8;4;35,3
23530007217000;5;2;3;44,2
23530007225000;5;2;3;41,8
23530007287000;5;3;2;62,0
23540006657000;12;5;7;40,3
23540006658000;14;6;8;40,8
23540006659000;5;2;3;49,0
23540006667000;7;3;4;29,7
23540006693000;7;4;3;49,7
23540006694000;16;8;8;52,9
23540006695000;5;3;2;58,8
23540006697000;2;1;1;0,0
23540006698000;2;1;1;0,0
23540006718000;5;3;2;35,4
23540006719000;11;6;5;33,5
23540006720000;2;1;1;0,0
23540006724000;1;1;0;0,0
23540006731000;2;2;0;0,0
23540006732000;2;1;1;0,0
23540006733000;3;2;1;0,0
23540006734000;1;1;0;0,0
23540006797000;24;12;12;39,2
23540006798000;86;43;43;41,2
23540006799000;221;117;104;38,9
23540006800000;102;52;50;43,9
23540006801000;29;17;12;40,7
23540006802000;27;17;10;43,5
23540006803000;1;0;1;0,0
23540006805000;3;1;2;0,0
23540006817000;6;3;3;38,8
23540006824000;6;2;4;45,2
23540006826000;8;4;4;48,0
23540006885000;3;2;1;0,0
23540007062000;1;1;0;0,0
23540007082000;2;1;1;0,0
23540007119000;3;1;2;0,0
23540007154000;12;7;5;61,8
23540007155000;78;32;46;35,6
23540007156000;57;29;28;38,9
23540007157000;2;1;1;0,0
23540007158000;19;11;8;42,9
23540007159000;19;11;8;36,1
23540007204000;3;2;1;0,0
23540007205000;14;8;6;40,7
23540007225000;3;2;1;0,0
23540007280000;39;21;18;41,1
23540007289000;8;3;5;34,3
23550006660000;4;2;2;0,0
23550006665000;4;2;2;0,0
23550006666000;12;5;7;34,9
23550006667000;5;3;2;36,6
23550006674000;6;1;5;39,3
23550006692000;1;1;0;0,0
23550006693000;3;2;1;0,0
23550006705000;2;1;1;0,0
23550006706000;3;1;2;0,0
23550006707000;5;2;3;22,8
23550006708000;5;3;2;44,2
23550006718000;1;1;0;0,0
23550006723000;7;3;4;57,0
23550006728000;1;1;0;0,0
23550006731000;2;1;1;0,0
23550006732000;34;16;18;39,4
23550006794000;6;4;2;41,8
23550006795000;24;13;11;40,2
23550006796000;61;32;29;37,3
23550006797000;5;2;3;35,6
23550006805000;10;4;6;50,6
23550006806000;15;9;6;47,6
23550006807000;3;1;2;0,0
23550006808000;3;2;1;0,0
23550006818000;3;2;1;0,0
23550006819000;5;4;1;53,4
23550007123000;1;1;0;0,0
23550007154000;6;4;2;35,8
23550007156000;53;28;25;35,6
23550007157000;29;16;13;36,2
23550007158000;19;13;6;34,4
23550007159000;4;2;2;0,0
23550007206000;10;4;6;44,2
23550007219000;2;1;1;0,0
23550007279000;6;2;4;39,2
23550007280000;2;1;1;0,0
23550007287000;8;5;3;44,5
23550007288000;22;9;13;38,2
23550007289000;2;1;1;0,0
23550007290000;15;10;5;66,8
23560006662000;4;2;2;0,0
23560006666000;15;8;7;51,7
23560006667000;7;3;4;42,1
23560006668000;1;1;0;0,0
23560006674000;4;2;2;0,0
23560006678000;13;7;6;44,5
23560006699000;2;1;1;0,0
23560006700000;50;25;25;48,4
23560006701000;27;11;16;59,3
23560006705000;3;1;2;0,0
23560006710000;1;1;0;0,0
23560006731000;12;8;4;50,6
23560006732000;5;3;2;72,4
23560006733000;6;2;4;59,8
23560006734000;1;0;1;0,0
23560006794000;255;132;123;40,5
23560006795000;115;59;56;40,5
23560006806000;3;2;1;0,0
23560006807000;12;8;4;37,1
23560006818000;2;1;1;0,0
23560006819000;4;2;2;0,0
23560006895000;5;2;3;55,4
23560007123000;9;5;4;50,9
23560007124000;4;2;2;0,0
23560007151000;9;3;6;45,8
23560007152000;2;1;1;0,0
23560007153000;12;5;7;25,3
23560007154000;33;19;14;26,5
23560007156000;26;14;12;46,5
23560007157000;187;100;87;35,6
23560007158000;10;4;6;39,6
23560007205000;12;4;8;51,3
23560007206000;18;10;8;51,6
23560007219000;8;4;4;44,3
23560007220000;19;9;10;41,6
23560007223000;5;4;1;34,4
23560007280000;16;8;8;39,3
23560007288000;30;15;15;47,5
23560007289000;29;16;13;41,4
23560007290000;4;1;3;0,0
23570006657000;3;1;2;0,0
23570006667000;10;6;4;56,1
23570006668000;4;3;1;0,0
23570006676000;2;1;1;0,0
23570006682000;6;3;3;46,0
23570006698000;1;1;0;0,0
23570006699000;12;6;6;35,8
23570006700000;83;38;45;50,4
23570006701000;22;9;13;69,2
23570006730000;2;1;1;0,0
23570006732000;12;7;5;43,6
23570006735000;6;3;3;45,2
23570006737000;2;1;1;0,0
23570006791000;3;2;1;0,0
23570006792000;23;13;10;43,3
23570006793000;21;9;12;50,8
23570006794000;33;18;15;38,5
23570006795000;11;5;6;31,0
23570006814000;2;1;1;0,0
23570007080000;6;2;4;54,5
23570007097000;3;2;1;0,0
23570007101000;1;1;0;0,0
23570007124000;6;2;4;43,8
23570007150000;7;4;3;38,7
23570007151000;17;8;9;40,9
23570007152000;18;10;8;32,2
23570007153000;5;3;2;36,0
23570007154000;16;8;8;39,1
23570007155000;11;6;5;53,4
23570007156000;30;16;14;39,4
23570007157000;42;23;19;39,0
23570007158000;9;6;3;26,8
23570007159000;9;4;5;30,0
23570007205000;4;2;2;0,0
23570007219000;5;3;2;60,6
23570007220000;5;3;2;53,2
23570007221000;6;3;3;50,7
23570007223000;6;2;4;57,2
23570007280000;19;9;10;39,2
23570007281000;24;14;10;44,8
23570007284000;11;4;7;45,6
23570007285000;23;15;8;39,7
23570007286000;11;4;7;30,5
23580006663000;1;1;0;0,0
23580006666000;2;1;1;0,0
23580006667000;5;4;1;43,0
23580006670000;4;2;2;0,0
23580006671000;8;4;4;48,9
23580006676000;3;2;1;0,0
23580006681000;6;3;3;33,0
23580006682000;4;2;2;0,0
23580006689000;1;1;0;0,0
23580006695000;1;1;0;0,0
23580006696000;7;3;4;41,7
23580006697000;5;2;3;55,4
23580006698000;1;1;0;0,0
23580006700000;7;3;4;72,4
23580006701000;2;1;1;0,0
23580006728000;6;3;3;68,7
23580006730000;10;5;5;39,7
23580006731000;5;2;3;69,6
23580006732000;2;1;1;0,0
23580006790000;1;0;1;0,0
23580006791000;4;3;1;0,0
23580006792000;3;2;1;0,0
23580006794000;1;1;0;0,0
23580007079000;1;1;0;0,0
23580007095000;3;1;2;0,0
23580007097000;10;6;4;36,5
23580007098000;4;2;2;0,0
23580007119000;7;4;3;42,0
23580007146000;10;5;5;27,2
23580007151000;100;58;42;37,8
23580007152000;38;21;17;31,0
23580007158000;9;5;4;46,0
23580007206000;14;10;4;40,4
23580007220000;7;5;2;57,3
23580007221000;9;3;6;42,4
23580007223000;21;10;11;45,0
23580007224000;27;14;13;47,4
23580007235000;1;1;0;0,0
23580007284000;2;2;0;0,0
23580007285000;16;8;8;36,9
23580007286000;22;15;7;40,3
23580007288000;17;9;8;33,1
23580007289000;25;11;14;44,0
23580007290000;110;60;50;41,7
23580007291000;8;5;3;49,6
23590006665000;4;1;3;0,0
23590006679000;1;0;1;0,0
23590006681000;8;5;3;32,4
23590006682000;14;7;7;50,7
23590006683000;7;5;2;36,9
23590006697000;3;2;1;0,0
23590006700000;2;1;1;0,0
23590006701000;1;1;0;0,0
23590006702000;3;2;1;0,0
23590006721000;1;1;0;0,0
23590006723000;2;1;1;0,0
23590006724000;2;1;1;0,0
23590006725000;3;1;2;0,0
23590006726000;8;6;2;64,1
23590006727000;2;1;1;0,0
23590006728000;3;2;1;0,0
23590006729000;4;3;1;0,0
23590006783000;5;3;2;49,8
23590006789000;5;2;3;55,4
23590006790000;4;2;2;0,0
23590006795000;5;3;2;62,6
23590006813000;4;3;1;0,0
23590006824000;1;1;0;0,0
23590006826000;2;1;1;0,0
23590006830000;2;2;0;0,0
23590007078000;7;4;3;50,3
23590007079000;6;4;2;54,2
23590007119000;6;3;3;35,8
23590007124000;1;1;0;0,0
23590007151000;45;27;18;35,8
23590007152000;1;0;1;0,0
23590007158000;28;14;14;36,4
23590007159000;6;4;2;24,0
23590007207000;18;9;9;52,8
23590007221000;8;5;3;51,0
23590007222000;2;1;1;0,0
23590007223000;11;3;8;52,7
23590007224000;3;2;1;0,0
23590007225000;3;2;1;0,0
23590007226000;1;1;0;0,0
23590007238000;3;2;1;0,0
23590007282000;4;3;1;0,0
23590007283000;30;15;15;43,4
23590007284000;1;1;0;0,0
23590007285000;3;2;1;0,0
23590007287000;58;26;32;44,1
23590007288000;15;8;7;48,3
23590007289000;6;3;3;51,3
23590007290000;78;39;39;46,1
23600006663000;1;0;1;0,0
23600006664000;2;1;1;0,0
23600006681000;3;2;1;0,0
23600006687000;1;1;0;0,0
23600006688000;1;1;0;0,0
23600006692000;3;1;2;0,0
23600006700000;1;1;0;0,0
23600006701000;1;0;1;0,0
23600006723000;3;1;2;0,0
23600006724000;1;1;0;0,0
23600006725000;2;1;1;0,0
23600006728000;1;1;0;0,0
23600006730000;2;2;0;0,0
23600006782000;1;0;1;0,0
23600006784000;1;0;1;0,0
23600006788000;4;1;3;0,0
23600006789000;5;4;1;58,2
23600006795000;21;11;10;47,1
23600006812000;6;3;3;60,5
23600007078000;6;3;3;44,8
23600007119000;5;2;3;18,4
23600007150000;2;1;1;0,0
23600007151000;24;11;13;40,5
23600007152000;7;3;4;34,1
23600007157000;5;4;1;52,8
23600007158000;28;14;14;33,1
23600007208000;5;3;2;37,8
23600007221000;21;11;10;34,7
23600007226000;4;2;2;0,0
23600007227000;16;10;6;31,8
23600007228000;2;1;1;0,0
23600007229000;12;6;6;36,8
23600007236000;6;3;3;35,2
23600007237000;14;8;6;47,0
23600007238000;2;1;1;0,0
23600007281000;13;6;7;47,2
23600007284000;4;2;2;0,0
23600007286000;7;6;1;37,7
23600007287000;264;130;134;42,2
23600007288000;13;8;5;54,8
23610006680000;4;1;3;0,0
23610006687000;7;4;3;65,7
23610006721000;3;2;1;0,0
23610006730000;2;1;1;0,0
23610006787000;2;1;1;0,0
23610006788000;4;2;2;0,0
23610006794000;2;1;1;0,0
23610006795000;6;4;2;36,8
23610006817000;2;1;1;0,0
23610007119000;2;1;1;0,0
23610007120000;2;1;1;0,0
23610007126000;4;3;1;0,0
23610007151000;2;2;0;0,0
23610007152000;6;3;3;44,3
23610007157000;2;1;1;0,0
23610007161000;11;6;5;38,1
23610007207000;1;1;0;0,0
23610007208000;17;8;9;47,5
23610007235000;17;10;7;49,5
23610007236000;13;6;7;41,8
23610007282000;11;6;5;47,0
23610007284000;6;3;3;52,8
23610007285000;11;6;5;43,4
23610007286000;7;5;2;46,9
23610007287000;6;1;5;56,3
23610007289000;6;3;3;66,7
23620006670000;2;1;1;0,0
23620006678000;1;1;0;0,0
23620006680000;9;4;5;51,1
23620006683000;1;1;0;0,0
23620006699000;5;2;3;38,2
23620006703000;5;3;2;53,0
23620006773000;6;3;3;24,3
23620006774000;9;4;5;40,8
23620006775000;2;1;1;0,0
23620006783000;1;1;0;0,0
23620006784000;1;0;1;0,0
23620006786000;3;1;2;0,0
23620006793000;1;0;1;0,0
23620006795000;1;1;0;0,0
23620007061000;6;4;2;30,5
23620007122000;7;3;4;24,0
23620007126000;5;4;1;63,0
23620007152000;53;27;26;40,6
23620007153000;5;1;4;35,6
23620007159000;10;5;5;44,3
23620007160000;5;3;2;40,2
23620007162000;9;5;4;43,9
23620007207000;11;6;5;33,7
23620007208000;14;6;8;36,1
23620007220000;15;9;6;35,5
23620007223000;2;1;1;0,0
23620007235000;4;3;1;0,0
23620007236000;2;1;1;0,0
23620007284000;18;9;9;51,1
23620007287000;7;5;2;25,1
23620007288000;7;4;3;53,6
23620007289000;18;10;8;53,4
23620007290000;6;3;3;36,3
23620007301000;2;2;0;0,0
23620007310000;2;1;1;0,0
23620007311000;5;2;3;53,0
23630006698000;1;1;0;0,0
23630006704000;1;0;1;0,0
23630006712000;1;0;1;0,0
23630006722000;2;1;1;0,0
23630006772000;3;2;1;0,0
23630006781000;4;3;1;0,0
23630006788000;2;0;2;0,0
23630006797000;2;1;1;0,0
23630007061000;1;1;0;0,0
23630007121000;8;4;4;40,9
23630007122000;9;6;3;20,4
23630007127000;4;3;1;0,0
23630007151000;13;5;8;29,2
23630007152000;44;22;22;44,5
23630007153000;8;4;4;68,5
23630007162000;4;2;2;0,0
23630007215000;1;1;0;0,0
23630007216000;2;1;1;0,0
23630007218000;2;1;1;0,0
23630007223000;1;1;0;0,0
23630007224000;9;5;4;56,4
23630007237000;4;2;2;0,0
23630007286000;8;3;5;31,0
23630007288000;7;3;4;58,3
23630007289000;6;3;3;51,5
23630007290000;11;4;7;36,3
23630007310000;1;0;1;0,0
23630007311000;10;5;5;63,6
23640006697000;5;3;2;58,4
23640006705000;2;1;1;0,0
23640006711000;1;0;1;0,0
23640006712000;2;1;1;0,0
23640006780000;5;3;2;38,0
23640006781000;1;1;0;0,0
23640006786000;58;29;29;47,8
23640006787000;6;4;2;60,8
23640006793000;1;1;0;0,0
23640006794000;5;2;3;47,2
23640006795000;14;7;7;54,6
23640006797000;6;3;3;39,0
23640006798000;3;0;3;0,0
23640006799000;2;1;1;0,0
23640006801000;2;2;0;0,0
23640007122000;9;4;5;43,0
23640007128000;6;3;3;38,2
23640007150000;15;7;8;37,9
23640007151000;6;4;2;29,0
23640007152000;14;6;8;30,7
23640007153000;13;6;7;43,5
23640007161000;16;8;8;44,6
23640007162000;11;6;5;61,5
23640007226000;1;1;0;0,0
23640007231000;2;1;1;0,0
23640007232000;3;2;1;0,0
23640007237000;4;2;2;0,0
23640007238000;23;14;9;36,5
23640007239000;5;3;2;52,8
23640007257000;20;11;9;39,0
23640007258000;25;16;9;46,7
23640007259000;13;6;7;52,7
23640007286000;4;3;1;0,0
23650006697000;3;2;1;0,0
23650006705000;3;2;1;0,0
23650006779000;5;3;2;30,6
23650006780000;19;11;8;42,6
23650006786000;4;3;1;0,0
23650006791000;4;2;2;0,0
23650006793000;8;3;5;22,8
23650006794000;3;1;2;0,0
23650006795000;2;1;1;0,0
23650006796000;4;2;2;0,0
23650006801000;7;3;4;69,6
23650007122000;35;18;17;39,9
23650007123000;33;14;19;40,7
23650007150000;10;7;3;29,8
23650007151000;26;14;12;46,0
23650007152000;73;36;37;45,7
23650007153000;6;4;2;42,0
23650007161000;21;10;11;37,0
23650007162000;6;3;3;32,5
23650007164000;10;6;4;40,3
23650007216000;2;1;1;0,0
23650007217000;3;1;2;0,0
23650007225000;5;2;3;41,0
23650007227000;1;1;0;0,0
23650007229000;4;2;2;0,0
23650007231000;22;14;8;35,7
23650007232000;16;11;5;34,6
23650007237000;4;2;2;0,0
23650007238000;20;12;8;34,5
23650007239000;9;6;3;43,6
23650007241000;12;5;7;19,1
23650007243000;5;4;1;51,4
23650007245000;7;4;3;44,6
23650007255000;6;4;2;29,8
23650007256000;2;2;0;0,0
23650007257000;47;24;23;42,4
23650007258000;31;16;15;41,8
23650007259000;5;3;2;39,2
23650007265000;1;1;0;0,0
23660006696000;8;5;3;49,4
23660006704000;4;2;2;0,0
23660006708000;3;2;1;0,0
23660006716000;2;1;1;0,0
23660006779000;5;3;2;22,2
23660006783000;2;1;1;0,0
23660006784000;16;8;8;33,3
23660006785000;15;8;7;54,3
23660006787000;2;0;2;0,0
23660006791000;2;1;1;0,0
23660006792000;8;6;2;54,8
23660006793000;22;12;10;52,8
23660006794000;4;2;2;0,0
23660006821000;1;1;0;0,0
23660006827000;3;2;1;0,0
23660007121000;4;1;3;0,0
23660007122000;100;54;46;42,0
23660007123000;12;6;6;46,2
23660007124000;12;7;5;35,3
23660007128000;5;3;2;64,4
23660007150000;16;8;8;44,2
23660007151000;21;10;11;53,4
23660007152000;180;96;84;35,2
23660007164000;5;3;2;46,0
23660007165000;24;14;10;39,2
23660007166000;4;3;1;0,0
23660007205000;2;1;1;0,0
23660007206000;14;8;6;46,1
23660007207000;134;73;61;38,8
23660007216000;8;4;4;70,9
23660007225000;2;1;1;0,0
23660007232000;19;9;10;41,2
23660007233000;2;1;1;0,0
23660007240000;11;5;6;32,3
23660007241000;26;12;14;37,2
23660007242000;39;20;19;42,5
23660007243000;31;12;19;35,7
23660007244000;2;1;1;0,0
23660007245000;23;13;10;49,5
23660007246000;17;6;11;38,6
23660007247000;3;1;2;0,0
23660007248000;7;5;2;56,9
23660007257000;10;3;7;39,3
23660007258000;12;7;5;44,9
23660007259000;37;18;19;26,6
23660007260000;2;1;1;0,0
23660007266000;2;1;1;0,0
23660007286000;11;4;7;50,8
23660007331000;1;1;0;0,0
23660007480000;1;0;1;0,0
23670006776000;5;3;2;53,0
23670006777000;12;5;7;54,7
23670006781000;1;0;1;0,0
23670006782000;6;3;3;60,2
23670006783000;11;7;4;51,7
23670006786000;2;1;1;0,0
23670006793000;188;102;86;44,6
23670006794000;16;11;5;42,5
23670006821000;9;4;5;73,9
23670006822000;6;4;2;58,5
23670006823000;8;4;4;68,1
23670006824000;3;1;2;0,0
23670006825000;4;3;1;0,0
23670006826000;4;2;2;0,0
23670006827000;12;6;6;40,8
23670007078000;2;2;0;0,0
23670007119000;2;1;1;0,0
23670007121000;37;20;17;36,0
23670007122000;31;19;12;43,8
23670007124000;11;6;5;39,0
23670007129000;5;2;3;54,6
23670007150000;11;5;6;32,9
23670007151000;6;4;2;59,3
23670007152000;6;5;1;34,2
23670007166000;2;1;1;0,0
23670007167000;21;12;9;52,8
23670007203000;6;3;3;56,3
23670007206000;11;8;3;31,2
23670007207000;8;5;3;64,1
23670007209000;2;1;1;0,0
23670007211000;1;1;0;0,0
23670007213000;2;1;1;0,0
23670007225000;4;2;2;0,0
23670007226000;4;3;1;0,0
23670007231000;2;0;2;0,0
23670007232000;10;6;4;37,8
23670007237000;5;1;4;42,4
23670007238000;9;4;5;44,3
23670007239000;2;1;1;0,0
23670007241000;6;3;3;40,5
23670007242000;24;12;12;43,1
23670007243000;21;10;11;32,9
23670007244000;43;20;23;45,6
23670007245000;139;68;71;37,3
23670007246000;77;41;36;41,1
23670007258000;10;4;6;30,7
23670007261000;24;14;10;33,7
23670007262000;25;13;12;41,7
23670007263000;234;130;104;34,6
23670007286000;3;1;2;0,0
23670007287000;30;15;15;46,3
23670007288000;13;3;10;44,4
23680006710000;23;9;14;45,6
23680006773000;5;1;4;26,8
23680006775000;2;1;1;0,0
23680006776000;2;2;0;0,0
23680006781000;3;2;1;0,0
23680006782000;8;4;4;58,9
23680006783000;5;2;3;44,8
23680006785000;11;6;5;55,5
23680006793000;8;4;4;48,0
23680006794000;3;2;1;0,0
23680006802000;1;1;0;0,0
23680006803000;5;2;3;43,6
23680006818000;4;2;2;0,0
23680007119000;10;6;4;24,0
23680007121000;18;10;8;42,8
23680007122000;5;1;4;45,6
23680007123000;16;9;7;37,6
23680007124000;1;1;0;0,0
23680007125000;8;4;4;56,1
23680007129000;8;4;4;45,3
23680007130000;3;2;1;0,0
23680007150000;43;23;20;36,4
23680007151000;2;1;1;0,0
23680007152000;1;1;0;0,0
23680007163000;10;5;5;31,8
23680007167000;65;26;39;39,0
23680007168000;17;10;7;34,6
23680007205000;5;4;1;33,0
23680007206000;8;3;5;31,4
23680007218000;2;2;0;0,0
23680007224000;4;1;3;0,0
23680007225000;17;7;10;49,4
23680007244000;8;4;4;66,6
23680007245000;139;57;82;50,4
23680007246000;104;50;54;44,2
23680007247000;11;6;5;42,0
23680007248000;4;1;3;0,0
23680007250000;1;1;0;0,0
23680007251000;14;7;7;34,2
23680007252000;21;11;10;49,9
23680007253000;4;2;2;0,0
23680007254000;81;44;37;35,5
23680007262000;10;6;4;62,1
23680007263000;243;115;128;33,2
23680007264000;26;12;14;38,5
23680007278000;1;1;0;0,0
23680007287000;22;11;11;48,4
23680007304000;1;1;0;0,0
23680007312000;11;7;4;57,0
23680007313000;25;15;10;56,2
23680007485000;1;1;0;0,0
23690006772000;1;0;1;0,0
23690006773000;1;1;0;0,0
23690006774000;11;6;5;36,7
23690006783000;3;1;2;0,0
23690006795000;4;2;2;0,0
23690006801000;2;1;1;0,0
23690006816000;6;4;2;53,5
23690006817000;4;2;2;0,0
23690006818000;12;7;5;34,7
23690007120000;26;15;11;43,6
23690007121000;1;0;1;0,0
23690007123000;21;13;8;27,6
23690007124000;4;2;2;0,0
23690007125000;23;13;10;40,0
23690007129000;18;8;10;28,3
23690007130000;6;2;4;53,8
23690007149000;10;4;6;48,8
23690007150000;31;19;12;46,5
23690007151000;22;12;10;40,5
23690007167000;14;7;7;57,3
23690007168000;41;23;18;39,6
23690007169000;15;8;7;49,1
23690007204000;9;4;5;36,0
23690007205000;10;4;6;48,3
23690007206000;13;7;6;34,6
23690007217000;4;2;2;0,0
23690007225000;68;32;36;47,9
23690007226000;36;18;18;49,1
23690007234000;1;1;0;0,0
23690007245000;3;2;1;0,0
23690007246000;18;9;9;38,2
23690007248000;7;4;3;41,4
23690007249000;43;23;20;36,1
23690007250000;9;6;3;32,7
23690007251000;53;25;28;39,6
23690007252000;426;210;216;39,1
23690007253000;35;18;17;41,8
23690007254000;14;7;7;40,4
23690007261000;146;82;64;37,7
23690007262000;49;25;24;43,1
23690007263000;261;132;129;34,3
23690007264000;110;56;54;31,1
23690007281000;1;0;1;0,0
23690007282000;20;11;9;57,1
23690007312000;1;1;0;0,0
23690007313000;11;6;5;67,5
23700006770000;1;0;1;0,0
23700006771000;18;14;4;46,6
23700006772000;22;8;14;52,7
23700006792000;8;3;5;41,3
23700006799000;3;1;2;0,0
23700006801000;2;1;1;0,0
23700006815000;3;2;1;0,0
23700006816000;6;3;3;64,3
23700007075000;9;4;5;39,4
23700007120000;21;8;13;42,5
23700007121000;15;8;7;40,9
23700007122000;9;6;3;49,4
23700007125000;16;8;8;44,4
23700007126000;27;13;14;39,6
23700007151000;280;133;147;56,2
23700007152000;40;24;16;37,4
23700007167000;2;1;1;0,0
23700007168000;58;27;31;34,2
23700007169000;314;154;160;42,0
23700007170000;81;41;40;39,9
23700007171000;8;4;4;41,5
23700007205000;1;1;0;0,0
23700007217000;2;1;1;0,0
23700007223000;3;2;1;0,0
23700007224000;39;20;19;35,3
23700007225000;116;59;57;44,2
23700007226000;4;2;2;0,0
23700007229000;1;1;0;0,0
23700007233000;14;9;5;53,9
23700007244000;5;4;1;40,0
23700007245000;4;2;2;0,0
23700007247000;18;8;10;44,1
23700007248000;22;13;9;34,9
23700007249000;42;23;19;39,4
23700007250000;7;4;3;56,4
23700007251000;51;23;28;50,0
23700007252000;69;39;30;41,2
23700007253000;28;17;11;43,0
23700007256000;1;1;0;0,0
23700007257000;22;14;8;38,0
23700007262000;417;199;218;44,6
23700007263000;965;440;525;43,4
23700007264000;151;70;81;37,3
23700007282000;2;1;1;0,0
23700007312000;23;10;13;58,4
23700007313000;12;4;8;52,9
23700007378000;311;161;150;37,1
23700007379000;72;37;35;35,7
23710006773000;1;0;1;0,0
23710006791000;2;1;1;0,0
23710006798000;4;3;1;0,0
23710006799000;3;1;2;0,0
23710007077000;4;3;1;0,0
23710007120000;1;1;0;0,0
23710007122000;23;9;14;40,1
23710007124000;8;3;5;40,6
23710007125000;9;5;4;49,7
23710007126000;117;48;69;43,3
23710007127000;8;4;4;56,9
23710007129000;32;19;13;46,3
23710007136000;4;1;3;0,0
23710007144000;22;11;11;42,0
23710007146000;1;0;1;0,0
23710007147000;10;7;3;46,3
23710007148000;18;10;8;45,4
23710007149000;79;49;30;41,7
23710007150000;394;201;193;33,3
23710007151000;280;137;143;39,1
23710007152000;1;1;0;0,0
23710007153000;3;2;1;0,0
23710007154000;2;1;1;0,0
23710007169000;39;19;20;42,3
23710007170000;27;13;14;53,7
23710007171000;47;23;24;41,3
23710007172000;6;2;4;40,2
23710007181000;13;6;7;36,8
23710007203000;9;3;6;63,1
23710007205000;4;2;2;0,0
23710007225000;29;16;13;40,5
23710007226000;1;0;1;0,0
23710007231000;7;5;2;47,6
23710007232000;2;1;1;0,0
23710007233000;7;3;4;66,0
23710007241000;3;1;2;0,0
23710007242000;4;2;2;0,0
23710007244000;7;4;3;22,4
23710007245000;1;0;1;0,0
23710007247000;4;3;1;0,0
23710007248000;11;4;7;45,1
23710007249000;21;11;10;33,8
23710007250000;37;23;14;36,9
23710007251000;6;3;3;51,2
23710007252000;8;3;5;53,9
23710007254000;29;14;15;44,9
23710007258000;3;1;2;0,0
23710007263000;196;97;99;42,4
23710007264000;1001;469;532;42,4
23710007265000;614;289;325;40,2
23710007266000;3;1;2;0,0
23710007312000;5;2;3;55,4
23710007313000;15;9;6;45,9
23710007378000;29;18;11;36,7
23710007379000;9;5;4;54,7
23720006772000;1;1;0;0,0
23720006773000;4;2;2;0,0
23720006791000;19;11;8;56,1
23720006799000;3;2;1;0,0
23720006811000;4;1;3;0,0
23720006813000;2;0;2;0,0
23720006814000;2;1;1;0,0
23720007125000;3;2;1;0,0
23720007126000;138;64;74;53,6
23720007127000;287;140;147;45,7
23720007128000;13;6;7;46,5
23720007129000;21;11;10;54,2
23720007143000;1;1;0;0,0
23720007144000;15;7;8;32,8
23720007145000;4;3;1;0,0
23720007148000;2;1;1;0,0
23720007149000;124;64;60;42,3
23720007150000;29;13;16;37,1
23720007153000;9;5;4;32,9
23720007154000;6;3;3;53,7
23720007156000;1;1;0;0,0
23720007168000;2;1;1;0,0
23720007169000;16;7;9;36,1
23720007170000;18;10;8;51,3
23720007171000;4;2;2;0,0
23720007172000;3;2;1;0,0
23720007173000;2;1;1;0,0
23720007174000;18;8;10;37,4
23720007176000;11;6;5;31,5
23720007177000;5;3;2;21,8
23720007178000;5;4;1;30,4
23720007179000;4;2;2;0,0
23720007180000;3;2;1;0,0
23720007181000;3;1;2;0,0
23720007183000;8;5;3;48,1
23720007184000;7;2;5;39,0
23720007205000;5;4;1;33,8
23720007218000;3;2;1;0,0
23720007229000;12;6;6;32,0
23720007231000;12;9;3;42,9
23720007242000;20;9;11;44,3
23720007243000;2;0;2;0,0
23720007249000;5;3;2;45,6
23720007250000;25;12;13;42,4
23720007251000;7;2;5;28,4
23720007253000;10;7;3;41,5
23720007254000;6;4;2;29,8
23720007255000;2;1;1;0,0
23720007259000;9;4;5;37,2
23720007263000;4;2;2;0,0
23720007264000;5;1;4;26,4
23720007265000;648;314;334;31,2
23720007266000;608;297;311;34,7
23720007267000;31;16;15;35,8
23720007268000;2;1;1;0,0
23720007314000;4;1;3;0,0
23720007323000;2;1;1;0,0
23730006788000;11;6;5;33,9
23730006790000;1;1;0;0,0
23730006791000;17;7;10;66,2
23730006809000;1;1;0;0,0
23730006810000;1;1;0;0,0
23730007124000;11;6;5;36,8
23730007125000;5;3;2;59,8
23730007126000;80;41;39;45,4
23730007127000;114;63;51;36,4
23730007128000;10;8;2;27,4
23730007129000;17;7;10;43,4
23730007156000;2;0;2;0,0
23730007157000;1;1;0;0,0
23730007171000;10;6;4;51,3
23730007176000;23;13;10;45,0
23730007180000;1;0;1;0,0
23730007181000;2;0;2;0,0
23730007182000;17;8;9;28,3
23730007183000;3;1;2;0,0
23730007184000;9;3;6;29,1
23730007186000;1;1;0;0,0
23730007187000;7;3;4;37,0
23730007204000;9;5;4;57,2
23730007238000;3;2;1;0,0
23730007239000;6;3;3;52,2
23730007247000;8;4;4;40,3
23730007251000;12;6;6;47,5
23730007253000;9;5;4;26,8
23730007254000;29;16;13;35,2
23730007255000;24;16;8;36,1
23730007259000;5;2;3;59,4
23730007265000;21;14;7;55,8
23730007266000;109;54;55;38,4
23730007267000;25;12;13;28,8
23730007269000;18;12;6;42,3
23730007270000;9;3;6;42,8
23730007271000;28;16;12;41,4
23730007272000;7;3;4;54,1
23730007304000;10;5;5;67,9
23730007305000;14;8;6;42,5
23730007318000;4;2;2;0,0
23730007323000;10;5;5;40,2
23730007324000;8;4;4;51,9
23730007380000;5;3;2;26,2
23730007381000;1;0;1;0,0
23740006773000;2;1;1;0,0
23740006790000;3;2;1;0,0
23740006809000;12;9;3;45,7
23740007077000;5;3;2;45,2
23740007124000;39;22;17;33,0
23740007125000;5;3;2;29,8
23740007126000;54;25;29;34,8
23740007127000;12;7;5;34,6
23740007130000;3;3;0;0,0
23740007158000;26;13;13;36,3
23740007159000;19;9;10;47,4
23740007180000;16;9;7;37,4
23740007182000;8;5;3;49,9
23740007183000;2;1;1;0,0
23740007189000;9;5;4;41,1
23740007239000;4;3;1;0,0
23740007252000;1;1;0;0,0
23740007253000;9;5;4;42,6
23740007254000;11;6;5;57,5
23740007255000;22;14;8;32,9
23740007256000;5;2;3;28,4
23740007259000;7;4;3;34,1
23740007260000;24;12;12;40,7
23740007263000;2;1;1;0,0
23740007264000;3;2;1;0,0
23740007265000;3;3;0;0,0
23740007269000;15;9;6;56,9
23740007272000;7;5;2;50,4
23740007276000;3;1;2;0,0
23740007305000;20;8;12;39,2
23740007306000;12;6;6;51,5
23740007317000;17;9;8;43,5
23740007318000;8;4;4;63,1
23740007319000;19;12;7;33,8
23740007321000;37;17;20;37,6
23740007322000;54;30;24;36,6
23740007323000;24;14;10;42,2
23740007325000;93;49;44;44,8
23740007326000;5;2;3;40,0
23740007490000;10;4;6;36,0
23740007491000;17;11;6;57,3
23750006806000;4;3;1;0,0
23750006807000;1;1;0;0,0
23750006808000;56;27;29;49,8
23750006809000;7;4;3;37,0
23750007116000;1;1;0;0,0
23750007117000;3;2;1;0,0
23750007124000;8;5;3;28,3
23750007125000;9;5;4;25,3
23750007126000;10;4;6;49,9
23750007127000;19;9;10;42,8
23750007130000;7;3;4;50,3
23750007157000;6;4;2;68,8
23750007158000;46;22;24;39,2
23750007159000;8;4;4;50,0
23750007165000;5;1;4;44,4
23750007189000;2;1;1;0,0
23750007190000;7;3;4;32,9
23750007219000;12;6;6;41,2
23750007220000;193;95;98;41,4
23750007231000;1;1;0;0,0
23750007247000;1;0;1;0,0
23750007253000;4;2;2;0,0
23750007254000;12;7;5;33,3
23750007256000;3;2;1;0,0
23750007260000;7;4;3;42,3
23750007261000;5;1;4;39,6
23750007263000;8;5;3;49,5
23750007264000;26;14;12;42,7
23750007265000;35;23;12;26,5
23750007266000;23;6;17;35,3
23750007267000;5;3;2;57,0
23750007268000;7;4;3;24,3
23750007273000;12;7;5;41,9
23750007274000;22;11;11;33,3
23750007275000;16;9;7;52,5
23750007309000;4;2;2;0,0
23750007317000;25;11;14;60,8
23750007318000;37;20;17;41,8
23750007320000;4;3;1;0,0
23750007321000;60;30;30;44,4
23750007325000;38;18;20;52,1
23750007326000;9;5;4;30,0
23750007490000;24;15;9;44,3
23750007491000;43;25;18;44,5
23760006807000;75;29;46;49,2
23760006808000;18;10;8;58,7
23760007117000;11;7;4;51,6
23760007125000;8;4;4;31,1
23760007126000;13;6;7;38,5
23760007127000;48;24;24;35,7
23760007128000;14;9;5;43,9
23760007156000;11;6;5;42,9
23760007157000;8;4;4;43,3
23760007158000;4;3;1;0,0
23760007201000;3;2;1;0,0
23760007220000;258;125;133;51,8
23760007221000;10;4;6;59,7
23760007224000;7;4;3;41,9
23760007236000;7;4;3;41,4
23760007247000;2;2;0;0,0
23760007248000;4;3;1;0,0
23760007253000;4;2;2;0,0
23760007254000;7;3;4;24,7
23760007260000;12;7;5;44,2
23760007261000;14;9;5;32,1
23760007262000;4;2;2;0,0
23760007263000;24;15;9;28,2
23760007264000;74;42;32;38,0
23760007265000;28;18;10;34,6
23760007266000;25;11;14;39,5
23760007267000;21;12;9;28,5
23760007268000;9;5;4;42,0
23760007273000;5;3;2;56,4
23760007275000;6;3;3;35,2
23760007285000;4;3;1;0,0
23760007309000;14;9;5;47,6
23760007317000;10;5;5;36,0
23760007318000;33;13;20;45,1
23760007319000;156;86;70;35,2
23760007320000;328;168;160;40,5
23760007321000;148;79;69;37,9
23760007322000;10;6;4;49,8
23760007325000;2;1;1;0,0
23760007326000;4;1;3;0,0
23760007491000;178;86;92;43,2
23760007492000;51;22;29;32,8
23770006790000;1;1;0;0,0
23770006806000;9;6;3;37,1
23770006807000;17;8;9;47,4
23770007117000;6;4;2;31,5
23770007125000;15;8;7;33,5
23770007126000;20;8;12;29,9
23770007128000;13;7;6;30,8
23770007130000;6;4;2;42,7
23770007157000;7;5;2;42,4
23770007160000;1;1;0;0,0
23770007194000;13;7;6;50,1
23770007195000;20;9;11;40,8
23770007199000;1;0;1;0,0
23770007220000;13;7;6;60,3
23770007221000;45;21;24;43,5
23770007247000;9;5;4;48,6
23770007249000;2;1;1;0,0
23770007262000;26;15;11;44,8
23770007263000;65;35;30;33,4
23770007264000;8;5;3;47,8
23770007265000;57;24;33;34,3
23770007266000;35;15;20;36,1
23770007267000;2;1;1;0,0
23770007268000;2;1;1;0,0
23770007319000;6;3;3;26,5
23770007320000;113;49;64;42,9
23770007321000;114;59;55;40,5
23770007322000;58;34;24;47,5
23770007325000;3;2;1;0,0
23770007326000;7;4;3;56,9
23770007337000;3;3;0;0,0
23770007387000;38;19;19;55,0
23770007388000;19;12;7;55,3
23770007491000;50;26;24;53,2
23770007492000;150;76;74;40,4
23770007493000;17;11;6;49,4
23780006784000;9;6;3;71,4
23780006805000;10;4;6;48,3
23780006806000;14;8;6;46,3
23780007117000;5;1;4;27,8
23780007125000;7;4;3;49,9
23780007126000;25;12;13;53,1
23780007128000;5;3;2;48,2
23780007129000;10;6;4;59,9
23780007135000;1;1;0;0,0
23780007147000;2;1;1;0,0
23780007160000;14;10;4;38,5
23780007161000;26;14;12;33,3
23780007194000;9;2;7;35,8
23780007195000;13;7;6;23,8
23780007196000;37;20;17;46,5
23780007197000;14;9;5;49,8
23780007221000;15;5;10;43,3
23780007263000;5;4;1;27,6
23780007264000;11;6;5;46,0
23780007267000;1;1;0;0,0
23780007268000;2;1;1;0,0
23780007278000;5;3;2;61,4
23780007281000;7;5;2;36,9
23780007282000;5;3;2;58,4
23780007287000;7;6;1;45,3
23780007313000;14;9;5;44,9
23780007314000;7;3;4;69,9
23780007321000;7;4;3;47,6
23780007322000;71;38;33;41,0
23780007323000;17;11;6;42,6
23780007336000;2;1;1;0,0
23780007338000;11;6;5;42,8
23780007492000;1;1;0;0,0
23780007493000;2;2;0;0,0
23790006784000;5;2;3;40,0
23790006791000;4;2;2;0,0
23790007126000;12;6;6;44,2
23790007127000;2;1;1;0,0
23790007129000;41;25;16;40,7
23790007130000;9;5;4;39,9
23790007148000;4;2;2;0,0
23790007161000;42;22;20;47,3
23790007162000;85;41;44;47,0
23790007197000;6;2;4;49,2
23790007198000;4;2;2;0,0
23790007224000;4;2;2;0,0
23790007241000;6;4;2;54,7
23790007258000;2;1;1;0,0
23790007281000;2;1;1;0,0
23790007282000;14;10;4;42,2
23790007283000;8;6;2;55,6
23790007313000;2;1;1;0,0
23790007314000;21;12;9;54,0
23790007315000;26;14;12;49,2
23790007321000;2;1;1;0,0
23790007322000;6;4;2;36,7
23790007323000;7;2;5;45,0
23790007338000;2;1;1;0,0
23790007341000;5;2;3;52,8
23800006791000;2;1;1;0,0
23800006798000;1;1;0;0,0
23800007127000;6;2;4;45,0
23800007130000;55;30;25;41,6
23800007161000;2;2;0;0,0
23800007162000;48;23;25;50,6
23800007168000;8;7;1;41,5
23800007198000;2;1;1;0,0
23800007217000;1;0;1;0,0
23800007218000;6;2;4;22,8
23800007219000;4;2;2;0,0
23800007241000;7;4;3;39,0
23800007258000;2;1;1;0,0
23800007259000;23;12;11;53,0
23800007265000;6;3;3;38,8
23800007266000;1;0;1;0,0
23800007267000;1;0;1;0,0
23800007284000;6;2;4;30,2
23800007285000;10;5;5;27,4
23800007286000;6;3;3;25,8
23800007287000;7;3;4;59,7
23800007288000;2;1;1;0,0
23800007295000;2;1;1;0,0
23800007314000;7;3;4;46,0
23800007323000;22;15;7;49,9
23800007325000;8;6;2;34,9
23800007331000;21;10;11;44,2
23800007332000;12;5;7;40,3
23800007340000;4;2;2;0,0
23800007341000;8;4;4;70,5
23810006795000;6;4;2;40,5
23810007127000;2;1;1;0,0
23810007128000;23;12;11;47,2
23810007129000;9;4;5;48,1
23810007130000;3;2;1;0,0
23810007131000;8;5;3;41,5
23810007134000;1;1;0;0,0
23810007162000;5;3;2;29,8
23810007163000;11;3;8;43,5
23810007217000;8;4;4;63,8
23810007222000;3;2;1;0,0
23810007252000;2;1;1;0,0
23810007254000;4;3;1;0,0
23810007257000;2;1;1;0,0
23810007258000;11;6;5;52,5
23810007259000;14;7;7;63,6
23810007264000;6;5;1;55,2
23810007265000;10;5;5;40,7
23810007286000;12;6;6;56,9
23810007287000;57;31;26;34,1
23810007288000;34;16;18;34,7
23810007289000;6;4;2;54,3
23810007295000;1;1;0;0,0
23810007296000;7;4;3;48,7
23810007302000;9;5;4;67,7
23810007310000;6;2;4;35,2
23810007311000;12;6;6;46,7
23810007331000;5;2;3;28,0
23810007332000;5;2;3;34,4
23810007362000;40;21;19;27,0
23810007363000;302;161;141;31,0
23820006793000;19;11;8;48,7
23820006794000;2;1;1;0,0
23820007128000;19;7;12;49,9
23820007130000;9;6;3;50,0
23820007131000;3;1;2;0,0
23820007132000;7;2;5;36,9
23820007133000;1;1;0;0,0
23820007163000;31;16;15;36,8
23820007216000;6;3;3;34,7
23820007217000;4;2;2;0,0
23820007223000;53;27;26;35,1
23820007248000;2;1;1;0,0
23820007256000;4;2;2;0,0
23820007287000;11;5;6;36,2
23820007288000;101;44;57;50,9
23820007289000;33;16;17;38,0
23820007291000;9;6;3;32,6
23820007296000;12;7;5;40,8
23820007301000;6;1;5;32,3
23820007302000;197;106;91;47,1
23820007311000;3;2;1;0,0
23820007312000;4;3;1;0,0
23820007313000;20;12;8;39,1
23820007329000;3;2;1;0,0
23820007339000;1;1;0;0,0
23820007362000;4;3;1;0,0
23820007363000;116;65;51;36,6
23830006793000;4;2;2;0,0
23830007130000;11;6;5;34,5
23830007136000;6;2;4;37,5
23830007149000;8;4;4;45,3
23830007162000;5;3;2;19,2
23830007164000;25;14;11;38,8
23830007165000;3;1;2;0,0
23830007216000;8;5;3;53,5
23830007217000;5;3;2;46,8
23830007223000;7;3;4;56,1
23830007224000;15;8;7;39,3
23830007248000;19;10;9;20,9
23830007255000;1;1;0;0,0
23830007258000;3;2;1;0,0
23830007289000;16;7;9;43,6
23830007290000;27;13;14;47,3
23830007296000;6;4;2;42,8
23830007298000;6;3;3;47,2
23830007299000;7;4;3;36,7
23830007303000;7;4;3;47,1
23830007307000;6;3;3;61,5
23830007313000;195;97;98;37,6
23830007314000;1;1;0;0,0
23830007326000;1;1;0;0,0
23840007162000;1;1;0;0,0
23840007167000;7;3;4;57,7
23840007168000;16;9;7;45,7
23840007214000;22;10;12;40,1
23840007215000;17;8;9;51,4
23840007217000;15;9;6;30,1
23840007224000;3;2;1;0,0
23840007249000;2;1;1;0,0
23840007250000;8;4;4;45,5
23840007255000;2;2;0;0,0
23840007258000;3;1;2;0,0
23840007290000;12;7;5;46,2
23840007291000;9;6;3;37,7
23840007296000;2;1;1;0,0
23840007297000;18;11;7;35,2
23840007298000;15;5;10;43,7
23840007304000;2;1;1;0,0
23840007307000;27;12;15;48,4
23840007308000;8;4;4;45,0
23840007310000;2;1;1;0,0
23840007313000;2;1;1;0,0
23840007314000;32;19;13;52,1
23840007315000;29;15;14;48,0
23840007316000;48;25;23;46,4
23840007326000;12;8;4;53,2
23840007330000;2;1;1;0,0
23840007331000;13;9;4;33,2
23840007332000;19;10;9;39,2
23850007132000;5;3;2;34,2
23850007149000;1;0;1;0,0
23850007167000;3;2;1;0,0
23850007168000;4;1;3;0,0
23850007169000;1;1;0;0,0
23850007170000;2;1;1;0,0
23850007251000;4;3;1;0,0
23850007254000;1;0;1;0,0
23850007255000;7;3;4;36,0
23850007256000;46;18;28;35,0
23850007260000;2;1;1;0,0
23850007291000;4;3;1;0,0
23850007292000;12;5;7;32,6
23850007298000;3;2;1;0,0
23850007307000;8;6;2;44,3
23850007308000;9;5;4;45,7
23850007311000;7;5;2;53,6
23850007314000;32;16;16;34,5
23850007315000;7;3;4;36,9
23850007316000;4;2;2;0,0
23850007317000;8;4;4;39,4
23850007318000;11;4;7;36,2
23850007331000;2;2;0;0,0
23850007332000;4;1;3;0,0
23850007333000;16;7;9;36,0
23850007334000;22;12;10;46,2
23860007101000;2;1;1;0,0
23860007149000;1;1;0;0,0
23860007254000;6;3;3;53,0
23860007255000;140;62;78;45,8
23860007256000;135;67;68;37,3
23860007257000;6;2;4;35,3
23860007259000;3;2;1;0,0
23860007260000;2;1;1;0,0
23860007292000;2;1;1;0,0
23860007298000;2;1;1;0,0
23860007299000;5;2;3;53,4
23860007306000;2;2;0;0,0
23860007308000;3;2;1;0,0
23860007309000;2;1;1;0,0
23860007311000;3;1;2;0,0
23860007315000;2;1;1;0,0
23860007316000;23;10;13;33,7
23860007317000;13;6;7;34,5
23860007318000;3;1;2;0,0
23860007319000;3;2;1;0,0
23860007320000;6;4;2;49,5
23860007327000;13;7;6;33,2
23860007333000;21;12;9;47,5
23860007334000;210;104;106;35,9
23860007335000;7;3;4;34,3
23860007336000;1;0;1;0,0
23860007343000;1;1;0;0,0
23870007172000;2;1;1;0,0
23870007245000;1;1;0;0,0
23870007255000;2;1;1;0,0
23870007258000;3;2;1;0,0
23870007259000;25;15;10;41,0
23870007267000;1;1;0;0,0
23870007294000;1;1;0;0,0
23870007299000;11;4;7;48,2
23870007300000;4;2;2;0,0
23870007301000;1;0;1;0,0
23870007310000;5;3;2;47,4
23870007311000;10;7;3;39,4
23870007317000;7;4;3;60,3
23870007318000;25;14;11;42,6
23870007319000;36;18;18;40,3
23870007320000;8;4;4;47,4
23870007321000;3;2;1;0,0
23870007327000;2;1;1;0,0
23870007328000;6;4;2;65,7
23870007333000;17;8;9;46,5
23870007334000;35;17;18;33,5
23870007335000;5;3;2;37,4
23870007336000;1;0;1;0,0
23870007337000;22;12;10;42,9
23870007342000;11;7;4;36,9
23880007163000;2;1;1;0,0
23880007173000;7;3;4;31,0
23880007239000;2;2;0;0,0
23880007254000;26;15;11;38,4
23880007259000;28;13;15;50,5
23880007269000;1;1;0;0,0
23880007294000;5;3;2;33,2
23880007295000;16;7;9;53,9
23880007299000;1;1;0;0,0
23880007311000;12;8;4;33,1
23880007319000;4;2;2;0,0
23880007320000;19;11;8;35,5
23880007321000;210;102;108;31,9
23880007322000;191;98;93;35,4
23880007328000;1;0;1;0,0
23880007333000;8;4;4;33,4
23880007337000;10;5;5;53,0
23880007341000;9;6;3;34,4
23880007344000;1;1;0;0,0
23880007406000;1;1;0;0,0
23890007173000;2;1;1;0,0
23890007242000;2;1;1;0,0
23890007245000;4;2;2;0,0
23890007253000;1;1;0;0,0
23890007254000;5;2;3;47,0
23890007256000;3;2;1;0,0
23890007257000;7;4;3;45,7
23890007288000;6;3;3;63,7
23890007291000;29;15;14;46,0
23890007294000;2;1;1;0,0
23890007295000;1;0;1;0,0
23890007296000;2;1;1;0,0
23890007319000;18;10;8;51,8
23890007320000;13;6;7;59,1
23890007321000;47;26;21;31,7
23890007322000;752;380;372;38,1
23890007323000;17;6;11;42,4
23890007329000;6;2;4;62,0
23890007333000;2;1;1;0,0
23890007334000;2;2;0;0,0
23890007336000;17;9;8;40,9
23890007337000;28;16;12;52,0
23890007340000;33;11;22;50,0
23890007341000;57;29;28;46,8
23890007342000;4;2;2;0,0
23890007344000;3;2;1;0,0
23890007345000;1;1;0;0,0
23890007407000;9;5;4;62,8
23900007184000;6;3;3;39,7
23900007185000;3;2;1;0,0
23900007239000;2;1;1;0,0
23900007241000;2;1;1;0,0
23900007243000;10;4;6;45,1
23900007244000;2;1;1;0,0
23900007245000;21;9;12;26,0
23900007246000;25;14;11;42,8
23900007250000;2;1;1;0,0
23900007251000;2;1;1;0,0
23900007290000;2;1;1;0,0
23900007291000;5;1;4;41,4
23900007319000;3;1;2;0,0
23900007320000;17;10;7;38,9
23900007321000;40;15;25;34,6
23900007322000;267;125;142;43,3
23900007323000;868;429;439;43,7
23900007329000;2;1;1;0,0
23900007330000;7;3;4;35,3
23900007331000;101;57;44;38,8
23900007332000;6;3;3;47,0
23900007334000;1;1;0;0,0
23900007338000;9;5;4;55,0
23900007340000;12;5;7;54,4
23900007341000;83;43;40;37,7
23900007345000;29;18;11;45,4
23900007346000;1;1;0;0,0
23900007361000;2;0;2;0,0
23900007364000;1;1;0;0,0
23910007175000;6;3;3;60,5
23910007176000;4;3;1;0,0
23910007240000;6;3;3;54,3
23910007241000;4;2;2;0,0
23910007246000;22;9;13;28,0
23910007247000;7;3;4;24,9
23910007248000;4;3;1;0,0
23910007249000;1;1;0;0,0
23910007251000;9;5;4;41,3
23910007252000;1;1;0;0,0
23910007306000;5;3;2;71,8
23910007319000;5;1;4;20,4
23910007320000;2;1;1;0,0
23910007321000;12;6;6;47,5
23910007322000;147;74;73;39,2
23910007323000;1069;507;562;40,6
23910007324000;223;107;116;41,1
23910007331000;3;2;1;0,0
23910007332000;28;17;11;41,2
23910007334000;8;4;4;38,8
23910007336000;6;4;2;41,0
23910007338000;2;1;1;0,0
23910007343000;2;1;1;0,0
23910007344000;22;14;8;30,5
23910007345000;23;10;13;49,3
23910007346000;19;9;10;52,6
23910007361000;2;1;1;0,0
23910007362000;94;41;53;45,6
23920007237000;2;1;1;0,0
23920007238000;3;1;2;0,0
23920007243000;8;5;3;46,4
23920007246000;1;1;0;0,0
23920007248000;6;1;5;54,5
23920007249000;4;2;2;0,0
23920007252000;4;3;1;0,0
23920007320000;2;1;1;0,0
23920007321000;13;8;5;28,3
23920007322000;178;102;76;36,5
23920007323000;971;499;472;37,2
23920007324000;749;361;388;43,3
23920007332000;6;3;3;44,8
23920007335000;4;2;2;0,0
23920007336000;15;9;6;39,4
23920007337000;1;1;0;0,0
23920007339000;67;25;42;52,9
23920007340000;5;2;3;64,8
23920007341000;10;4;6;39,7
23920007342000;3;2;1;0,0
23920007343000;33;17;16;41,5
23920007344000;12;8;4;31,1
23920007345000;24;13;11;55,7
23920007346000;2;0;2;0,0
23920007362000;131;59;72;46,4
23920007363000;30;17;13;41,2
23930007176000;20;10;10;46,9
23930007239000;2;1;1;0,0
23930007248000;2;1;1;0,0
23930007302000;1;1;0;0,0
23930007303000;1;1;0;0,0
23930007323000;367;201;166;35,3
23930007324000;93;52;41;32,7
23930007342000;1;1;0;0,0
23930007343000;5;2;3;40,0
23930007362000;40;21;19;54,8
23930007363000;3;2;1;0,0
23940007178000;15;8;7;36,3
23940007179000;6;3;3;37,7
23940007239000;5;2;3;69,0
23940007304000;1;1;0;0,0
23940007305000;1;0;1;0,0
23940007324000;14;7;7;34,2
23940007325000;9;6;3;43,1
23940007326000;1;1;0;0,0
23940007328000;7;2;5;23,4
23940007360000;2;2;0;0,0
23940007362000;1;1;0;0,0
23940007363000;5;3;2;59,6
23940007385000;10;5;5;39,8
23940007386000;11;5;6;43,8
23950007175000;3;2;1;0,0
23950007176000;3;1;2;0,0
23950007179000;8;5;3;38,8
23950007180000;2;1;1;0,0
23950007314000;4;3;1;0,0
23950007326000;121;55;66;31,4
23950007327000;13;7;6;50,5
23950007328000;66;32;34;46,2
23950007329000;15;7;8;29,3
23950007383000;2;1;1;0,0
23950007385000;21;13;8;42,4
23950007387000;40;22;18;34,2
23950007388000;12;7;5;41,2
23960007174000;8;2;6;57,0
23960007180000;12;8;4;33,9
23960007238000;9;4;5;61,7
23960007239000;1;0;1;0,0
23960007280000;7;6;1;24,6
23960007282000;4;3;1;0,0
23960007314000;7;5;2;39,1
23960007326000;20;14;6;35,4
23960007327000;64;32;32;41,1
23960007328000;17;9;8;26,5
23960007329000;3;1;2;0,0
23960007330000;3;1;2;0,0
23960007331000;1;1;0;0,0
23960007337000;6;3;3;33,2
23960007338000;4;2;2;0,0
23960007339000;8;3;5;55,9
23960007341000;6;4;2;39,0
23960007385000;1;1;0;0,0
23960007387000;14;7;7;50,6
23960007388000;2;1;1;0,0
23970007176000;1;1;0;0,0
23970007181000;48;22;26;54,6
23970007182000;32;15;17;53,8
23970007310000;4;2;2;0,0
23970007311000;2;1;1;0,0
23970007312000;3;1;2;0,0
23970007327000;12;6;6;27,9
23970007328000;10;6;4;51,7
23970007329000;4;2;2;0,0
23970007330000;2;0;2;0,0
23970007331000;11;6;5;40,7
23970007337000;4;2;2;0,0
23970007338000;33;17;16;37,8
23970007340000;5;2;3;69,4
23970007341000;22;15;7;45,4
23970007342000;3;2;1;0,0
23970007349000;2;1;1;0,0
23970007350000;1;1;0;0,0
23970007351000;4;2;2;0,0
23970007385000;4;1;3;0,0
23970007386000;4;3;1;0,0
23980007182000;11;5;6;42,8
23980007184000;4;2;2;0,0
23980007318000;1;0;1;0,0
23980007327000;23;11;12;45,0
23980007328000;60;32;28;42,1
23980007338000;2;1;1;0,0
23990007185000;6;4;2;33,2
23990007195000;15;7;8;30,8
23990007310000;7;4;3;38,9
23990007319000;22;11;11;49,3
23990007327000;23;10;13;42,4
23990007328000;16;9;7;40,8
23990007329000;6;4;2;45,5
23990007333000;10;5;5;41,1
23990007339000;24;11;13;36,1
23990007346000;43;25;18;41,9
23990007348000;1;1;0;0,0
23990007349000;4;1;3;0,0
24000007310000;2;1;1;0,0
24000007317000;3;2;1;0,0
24000007319000;10;6;4;47,9
24000007327000;2;1;1;0,0
24000007328000;12;7;5;43,0
24000007329000;19;12;7;53,5
24000007338000;5;2;3;45,2
24000007339000;16;6;10;49,9
24000007346000;5;4;1;33,4
24000007347000;1;0;1;0,0
24000007508000;1;1;0;0,0
24010007184000;1;1;0;0,0
24010007187000;1;1;0;0,0
24010007327000;11;5;6;53,0
24010007328000;3;1;2;0,0
24010007329000;10;5;5;41,9
24010007334000;4;3;1;0,0
24010007345000;2;1;1;0,0
24010007346000;3;2;1;0,0
24010007354000;2;1;1;0,0
24010007506000;31;13;18;43,0
24010007507000;108;51;57;42,8
24010007508000;35;23;12;45,3
24010007510000;8;5;3;27,1
24020007172000;2;1;1;0,0
24020007173000;4;2;2;0,0
24020007245000;3;2;1;0,0
24020007317000;2;1;1;0,0
24020007318000;4;2;2;0,0
24020007320000;17;11;6;48,3
24020007327000;6;4;2;56,5
24020007329000;47;26;21;38,1
24020007335000;9;5;4;73,9
24020007346000;2;1;1;0,0
24020007347000;1;0;1;0,0
24020007354000;1;1;0;0,0
24020007365000;11;6;5;32,8
24020007505000;14;5;9;39,5
24020007506000;135;69;66;41,5
24020007507000;250;128;122;40,5
24020007510000;29;13;16;37,9
24030007246000;3;2;1;0,0
24030007328000;9;4;5;18,0
24030007329000;31;18;13;36,5
24030007340000;4;3;1;0,0
24030007348000;6;3;3;73,8
24030007365000;102;50;52;46,7
24030007367000;10;6;4;25,8
24030007368000;45;21;24;35,1
24030007370000;4;2;2;0,0
24030007371000;2;1;1;0,0
24030007379000;2;1;1;0,0
24030007380000;4;2;2;0,0
24030007382000;1;1;0;0,0
24030007383000;1;1;0;0,0
24030007506000;138;73;65;38,7
24030007510000;16;7;9;51,3
24040007246000;7;4;3;60,1
24040007311000;5;2;3;37,2
24040007319000;1;1;0;0,0
24040007321000;3;2;1;0,0
24040007323000;15;8;7;50,5
24040007327000;1;1;0;0,0
24040007328000;4;2;2;0,0
24040007329000;35;18;17;53,3
24040007330000;1;1;0;0,0
24040007341000;5;3;2;44,8
24040007348000;2;1;1;0,0
24040007349000;2;1;1;0,0
24040007350000;1;1;0;0,0
24040007351000;1;0;1;0,0
24040007365000;46;23;23;46,3
24040007366000;110;57;53;45,0
24040007367000;30;16;14;44,6
24040007368000;8;3;5;33,4
24040007379000;2;2;0;0,0
24040007382000;7;5;2;57,6
24040007383000;4;3;1;0,0
24040007384000;6;3;3;36,7
24050007192000;101;45;56;41,4
24050007200000;7;4;3;32,4
24050007246000;12;7;5;55,6
24050007311000;5;3;2;62,8
24050007312000;1;1;0;0,0
24050007322000;5;3;2;56,0
24050007323000;23;10;13;52,7
24050007327000;8;4;4;43,4
24050007328000;13;7;6;51,4
24050007329000;23;13;10;34,3
24050007330000;17;10;7;35,2
24050007365000;2;0;2;0,0
24050007366000;42;21;21;41,3
24050007382000;1;0;1;0,0
24050007383000;2;1;1;0,0
24060007110000;2;2;0;0,0
24060007192000;15;7;8;40,6
24060007193000;15;7;8;38,9
24060007313000;4;1;3;0,0
24060007317000;1;1;0;0,0
24060007322000;2;1;1;0,0
24060007323000;6;2;4;16,8
24060007324000;5;1;4;47,0
24060007328000;300;148;152;42,2
24060007329000;198;97;101;34,4
24060007330000;17;7;10;30,2
24060007340000;4;2;2;0,0
24060007346000;4;2;2;0,0
24060007347000;2;1;1;0,0
24070007192000;5;3;2;24,4
24070007313000;1;1;0;0,0
24070007322000;9;4;5;57,0
24070007323000;12;5;7;32,1
24070007324000;34;18;16;33,8
24070007325000;27;15;12;41,8
24070007328000;202;99;103;38,7
24070007329000;4;2;2;0,0
24070007341000;21;12;9;54,1
24070007342000;23;9;14;49,9
24070007343000;2;1;1;0,0
24070007346000;1;1;0;0,0
24070007347000;7;4;3;33,0
24080007190000;5;3;2;33,2
24080007191000;3;2;1;0,0
24080007192000;8;4;4;29,1
24080007193000;4;2;2;0,0
24080007195000;2;1;1;0,0
24080007196000;7;4;3;39,7
24080007199000;7;2;5;39,6
24080007200000;6;2;4;29,0
24080007323000;4;3;1;0,0
24080007324000;5;2;3;29,6
24080007325000;12;7;5;30,8
24080007326000;12;9;3;31,1
24080007328000;9;5;4;31,6
24080007329000;16;10;6;34,3
24080007342000;1;1;0;0,0
24080007343000;2;1;1;0,0
24080007344000;10;5;5;37,0
24080007349000;5;2;3;61,0
24080007366000;1;1;0;0,0
24080007372000;1;1;0;0,0
24080007386000;3;2;1;0,0
24090007169000;12;7;5;49,8
24090007170000;11;6;5;56,6
24090007199000;9;4;5;50,2
24090007200000;6;4;2;38,2
24090007326000;23;12;11;41,6
24090007327000;18;8;10;52,3
24090007329000;24;12;12;41,3
24090007338000;7;5;2;43,0
24090007347000;7;4;3;31,6
24090007375000;37;20;17;40,1
24090007376000;29;13;16;25,6
24100007169000;9;6;3;57,4
24100007170000;2;1;1;0,0
24100007194000;2;1;1;0,0
24100007195000;5;3;2;16,0
24100007327000;5;3;2;41,8
24100007329000;19;9;10;58,3
24100007330000;15;9;6;35,0
24100007342000;82;41;41;34,1
24100007343000;554;261;293;41,8
24100007347000;4;3;1;0,0
24100007351000;5;3;2;53,8
24100007358000;19;7;12;40,7
24100007385000;10;6;4;50,9
24110007195000;2;1;1;0,0
24110007196000;16;5;11;44,8
24110007315000;1;1;0;0,0
24110007328000;1;0;1;0,0
24110007329000;23;12;11;36,0
24110007330000;25;12;13;43,8
24110007331000;4;2;2;0,0
24110007341000;9;4;5;51,1
24110007342000;199;104;95;36,2
24110007343000;609;337;272;35,1
24110007348000;4;2;2;0,0
24110007358000;28;13;15;46,9
24110007359000;4;1;3;0,0
24110007378000;53;27;26;52,9
24110007379000;2;1;1;0,0
24110007380000;4;2;2;0,0
24110007384000;15;7;8;45,7
24110007385000;8;4;4;33,0
24110007388000;2;2;0;0,0
24110007389000;23;13;10;37,3
24110007390000;23;9;14;36,1
24120007171000;5;3;2;31,4
24120007172000;2;1;1;0,0
24120007197000;9;3;6;57,8
24120007198000;10;7;3;39,4
24120007200000;6;3;3;26,0
24120007201000;136;68;68;49,4
24120007202000;32;18;14;42,9
24120007313000;6;3;3;61,5
24120007329000;8;6;2;36,5
24120007330000;15;6;9;30,6
24120007332000;9;5;4;43,1
24120007333000;5;2;3;60,0
24120007338000;10;5;5;44,2
24120007341000;4;2;2;0,0
24120007343000;7;5;2;23,6
24120007344000;5;4;1;70,4
24120007345000;6;3;3;41,3
24120007348000;6;4;2;50,2
24120007362000;3;2;1;0,0
24120007368000;2;2;0;0,0
24120007369000;3;2;1;0,0
24120007377000;20;10;10;48,0
24120007378000;24;15;9;48,7
24120007388000;2;1;1;0,0
24120007389000;15;9;6;24,8
24120007390000;17;10;7;34,6
24120007391000;4;2;2;0,0
24130007171000;21;9;12;50,0
24130007172000;2;1;1;0,0
24130007197000;8;4;4;34,8
24130007198000;4;2;2;0,0
24130007199000;22;13;9;43,0
24130007200000;6;3;3;32,7
24130007201000;45;24;21;41,7
24130007202000;14;6;8;51,4
24130007203000;1;1;0;0,0
24130007308000;2;2;0;0,0
24130007313000;3;2;1;0,0
24130007314000;1;1;0;0,0
24130007330000;1;0;1;0,0
24130007332000;1;1;0;0,0
24130007333000;25;11;14;39,2
24130007338000;15;7;8;41,0
24130007341000;14;6;8;45,9
24130007345000;5;4;1;41,0
24130007349000;6;2;4;62,8
24130007362000;2;1;1;0,0
24130007369000;1;1;0;0,0
24130007376000;4;3;1;0,0
24130007392000;2;1;1;0,0
24140007200000;3;2;1;0,0
24140007201000;4;1;3;0,0
24140007202000;17;6;11;32,6
24140007203000;2;1;1;0,0
24140007204000;7;4;3;65,6
24140007279000;1;1;0;0,0
24140007314000;5;2;3;35,4
24140007315000;27;12;15;33,5
24140007331000;8;5;3;50,3
24140007333000;7;4;3;45,4
24140007338000;35;20;15;47,7
24140007339000;6;3;3;51,0
24140007342000;27;15;12;41,4
24140007345000;11;6;5;22,3
24140007346000;5;4;1;65,8
24140007347000;4;2;2;0,0
24140007349000;6;3;3;50,2
24140007350000;8;4;4;60,4
24140007356000;5;2;3;56,6
24140007363000;22;11;11;41,7
24140007376000;25;14;11;48,0
24140007377000;2;1;1;0,0
24140007381000;1;1;0;0,0
24140007394000;43;19;24;42,0
24140007395000;48;23;25;46,6
24140007530000;4;2;2;0,0
24140007531000;2;2;0;0,0
24150007206000;6;4;2;39,0
24150007279000;10;7;3;46,6
24150007284000;3;1;2;0,0
24150007286000;2;1;1;0,0
24150007311000;21;11;10;47,6
24150007312000;38;19;19;46,3
24150007313000;22;13;9;45,4
24150007314000;28;15;13;63,9
24150007315000;71;39;32;46,3
24150007316000;5;2;3;42,4
24150007339000;5;3;2;50,8
24150007347000;7;6;1;47,9
24150007348000;1;1;0;0,0
24150007349000;11;6;5;40,4
24150007351000;2;1;1;0,0
24150007357000;5;2;3;33,8
24150007363000;2;1;1;0,0
24150007364000;27;11;16;48,0
24150007365000;14;7;7;34,1
24150007366000;2;1;1;0,0
24150007371000;2;1;1;0,0
24150007374000;2;1;1;0,0
24150007375000;6;3;3;35,3
24150007376000;45;21;24;44,8
24150007377000;51;25;26;50,6
24150007378000;1;0;1;0,0
24150007394000;21;9;12;40,2
24150007395000;46;23;23;37,8
24150007530000;74;45;29;41,9
24150007531000;37;22;15;49,2
24150007540000;2;1;1;0,0
24160007179000;2;2;0;0,0
24160007297000;12;8;4;36,5
24160007298000;1;1;0;0,0
24160007306000;23;15;8;31,7
24160007307000;42;21;21;30,6
24160007310000;81;43;38;40,3
24160007311000;41;23;18;40,1
24160007315000;22;14;8;40,4
24160007316000;39;18;21;46,2
24160007317000;4;3;1;0,0
24160007348000;18;9;9;39,3
24160007358000;3;1;2;0,0
24160007359000;1;1;0;0,0
24160007364000;49;26;23;53,6
24160007365000;8;7;1;48,3
24160007376000;26;16;10;41,1
24160007531000;138;66;72;45,6
24160007532000;12;10;2;48,3
24160007539000;2;1;1;0,0
24160007542000;1;0;1;0,0
24160007543000;3;1;2;0,0
24170007209000;4;3;1;0,0
24170007210000;13;8;5;25,4
24170007211000;13;7;6;46,5
24170007298000;15;8;7;47,1
24170007299000;10;5;5;27,5
24170007300000;20;11;9;37,1
24170007301000;36;20;16;40,0
24170007302000;1073;509;564;49,3
24170007303000;1060;542;518;43,6
24170007304000;614;323;291;38,3
24170007305000;595;322;273;43,0
24170007306000;1462;755;707;36,7
24170007307000;276;139;137;29,5
24170007308000;33;16;17;40,0
24170007309000;2;1;1;0,0
24170007310000;33;22;11;37,4
24170007311000;3;1;2;0,0
24170007316000;35;16;19;41,4
24170007317000;23;12;11;52,3
24170007318000;5;3;2;34,6
24170007340000;10;5;5;39,9
24170007349000;15;7;8;41,3
24170007350000;6;3;3;42,8
24170007358000;15;10;5;28,3
24170007359000;1;1;0;0,0
24170007365000;32;18;14;48,0
24170007366000;17;10;7;56,1
24170007368000;9;5;4;31,7
24170007369000;5;3;2;30,6
24170007370000;4;1;3;0,0
24170007372000;1;1;0;0,0
24170007373000;5;3;2;69,2
24170007531000;52;27;25;45,3
24170007532000;202;104;98;46,4
24170007533000;26;13;13;57,5
24170007543000;1;1;0;0,0
24180007151000;5;2;3;48,6
24180007213000;21;10;11;33,1
24180007288000;2;1;1;0,0
24180007289000;2;2;0;0,0
24180007290000;16;8;8;43,7
24180007291000;22;13;9;34,2
24180007292000;48;22;26;38,9
24180007293000;2;1;1;0,0
24180007294000;3;1;2;0,0
24180007295000;24;10;14;53,4
24180007296000;28;16;12;48,6
24180007297000;12;7;5;50,8
24180007298000;10;6;4;45,0
24180007299000;17;8;9;35,8
24180007300000;228;129;99;38,8
24180007301000;1442;726;716;43,1
24180007302000;817;387;430;48,4
24180007303000;736;355;381;40,9
24180007304000;185;88;97;41,9
24180007305000;203;98;105;41,2
24180007306000;137;67;70;40,1
24180007307000;10;4;6;56,1
24180007315000;25;12;13;40,4
24180007316000;24;13;11;47,1
24180007317000;23;11;12;38,6
24180007318000;147;69;78;36,0
24180007349000;11;4;7;43,6
24180007350000;6;5;1;42,8
24180007351000;21;14;7;29,7
24180007364000;6;4;2;48,5
24180007366000;2;1;1;0,0
24180007372000;7;4;3;46,4
24180007373000;36;21;15;48,5
24180007532000;1;0;1;0,0
24180007533000;30;18;12;38,8
24180007539000;1;1;0;0,0
24180007540000;2;1;1;0,0
24190007151000;2;1;1;0,0
24190007213000;1;1;0;0,0
24190007214000;3;2;1;0,0
24190007285000;5;4;1;60,4
24190007286000;5;2;3;66,0
24190007288000;3;2;1;0,0
24190007293000;12;6;6;29,8
24190007294000;37;17;20;36,5
24190007295000;14;6;8;41,8
24190007296000;32;19;13;22,5
24190007298000;2;2;0;0,0
24190007299000;4;3;1;0,0
24190007301000;788;370;418;40,8
24190007302000;217;114;103;29,2
24190007305000;15;6;9;29,8
24190007306000;6;4;2;62,3
24190007307000;18;10;8;26,1
24190007308000;32;19;13;29,5
24190007315000;1;1;0;0,0
24190007317000;51;29;22;26,4
24190007318000;15;8;7;40,2
24190007319000;9;6;3;35,0
24190007320000;2;1;1;0,0
24190007351000;6;3;3;62,0
24190007384000;8;3;5;28,3
24190007535000;1;1;0;0,0
24190007536000;198;105;93;49,2
24190007537000;113;69;44;43,6
24190007548000;1;1;0;0,0
24200007154000;3;2;1;0,0
24200007215000;1;1;0;0,0
24200007216000;4;2;2;0,0
24200007217000;2;1;1;0,0
24200007218000;12;4;8;47,1
24200007279000;4;3;1;0,0
24200007280000;5;3;2;24,0
24200007282000;1;0;1;0,0
24200007284000;12;9;3;57,1
24200007285000;5;3;2;51,0
24200007287000;2;1;1;0,0
24200007288000;6;3;3;23,7
24200007293000;7;4;3;34,1
24200007296000;4;2;2;0,0
24200007297000;11;5;6;41,4
24200007298000;9;4;5;53,6
24200007299000;17;8;9;37,4
24200007300000;12;6;6;38,1
24200007301000;73;38;35;41,8
24200007302000;4;3;1;0,0
24200007303000;9;4;5;57,7
24200007304000;7;4;3;31,4
24200007305000;37;23;14;37,2
24200007308000;22;16;6;30,5
24200007309000;16;11;5;52,9
24200007311000;6;4;2;23,7
24200007312000;2;1;1;0,0
24200007318000;25;13;12;31,5
24200007319000;5;2;3;21,8
24200007320000;21;12;9;42,4
24200007341000;7;4;3;58,0
24200007351000;2;1;1;0,0
24200007371000;2;1;1;0,0
24200007372000;22;11;11;56,4
24200007375000;18;11;7;39,1
24200007376000;39;20;19;33,5
24200007377000;24;11;13;43,3
24200007378000;7;1;6;40,7
24200007393000;5;1;4;47,2
24200007536000;25;14;11;36,2
24200007537000;93;51;42;36,1
24210007153000;18;9;9;40,3
24210007178000;6;4;2;61,2
24210007181000;4;2;2;0,0
24210007218000;5;3;2;62,4
24210007219000;9;6;3;66,6
24210007221000;4;3;1;0,0
24210007278000;4;3;1;0,0
24210007279000;6;5;1;30,0
24210007288000;2;1;1;0,0
24210007289000;4;2;2;0,0
24210007290000;17;9;8;30,9
24210007293000;7;4;3;33,0
24210007294000;15;7;8;39,5
24210007296000;3;3;0;0,0
24210007300000;7;4;3;32,6
24210007301000;80;41;39;37,4
24210007302000;20;10;10;47,6
24210007303000;42;19;23;38,0
24210007304000;51;25;26;43,3
24210007305000;13;9;4;50,6
24210007309000;55;31;24;43,5
24210007311000;51;27;24;32,7
24210007312000;14;8;6;47,6
24210007319000;4;3;1;0,0
24210007321000;1;1;0;0,0
24210007322000;13;6;7;32,9
24210007372000;9;5;4;48,4
24210007375000;7;1;6;43,1
24210007387000;3;2;1;0,0
24210007389000;5;3;2;34,6
24210007392000;2;1;1;0,0
24210007396000;16;11;5;44,6
24210007410000;27;13;14;45,6
24210007537000;9;4;5;47,2
24210007538000;36;16;20;43,3
24210007549000;1;1;0;0,0
24220007153000;5;2;3;75,2
24220007224000;3;1;2;0,0
24220007225000;1;1;0;0,0
24220007248000;2;1;1;0,0
24220007276000;1;0;1;0,0
24220007277000;5;3;2;61,4
24220007278000;3;2;1;0,0
24220007300000;25;15;10;39,1
24220007301000;33;18;15;38,6
24220007302000;23;17;6;31,9
24220007303000;16;9;7;37,1
24220007304000;32;18;14;32,1
24220007309000;15;8;7;33,4
24220007310000;59;32;27;42,2
24220007311000;39;21;18;41,5
24220007312000;25;11;14;39,4
24220007319000;2;1;1;0,0
24220007320000;2;1;1;0,0
24220007322000;1;1;0;0,0
24220007323000;5;1;4;52,0
24220007387000;2;1;1;0,0
24220007390000;5;3;2;44,8
24220007395000;26;13;13;43,9
24220007410000;77;39;38;42,8
24220007549000;5;3;2;62,4
24220007550000;3;2;1;0,0
24220007551000;1;1;0;0,0
24220007552000;5;3;2;40,8
24220007553000;12;6;6;29,4
24220007554000;32;15;17;38,6
24220007555000;1;1;0;0,0
24230007151000;5;2;3;37,2
24230007152000;8;4;4;55,1
24230007153000;4;4;0;0,0
24230007186000;17;9;8;38,9
24230007226000;2;1;1;0,0
24230007227000;21;12;9;39,0
24230007228000;19;11;8;50,2
24230007229000;9;3;6;54,6
24230007234000;1;0;1;0,0
24230007275000;12;6;6;35,2
24230007276000;2;2;0;0,0
24230007297000;9;4;5;28,9
24230007298000;9;6;3;27,7
24230007299000;6;2;4;40,8
24230007300000;10;4;6;37,5
24230007309000;6;4;2;38,0
24230007310000;34;18;16;39,0
24230007312000;13;9;4;38,2
24230007319000;9;4;5;39,4
24230007320000;2;1;1;0,0
24230007321000;4;1;3;0,0
24230007322000;10;7;3;46,9
24230007323000;12;5;7;39,4
24230007324000;6;4;2;37,3
24230007325000;5;4;1;39,8
24230007341000;5;3;2;39,4
24230007373000;2;1;1;0,0
24230007374000;2;1;1;0,0
24230007375000;7;3;4;30,1
24230007389000;6;5;1;24,3
24230007390000;8;3;5;15,6
24230007391000;1;1;0;0,0
24230007392000;4;1;3;0,0
24230007399000;5;2;3;26,8
24230007400000;2;1;1;0,0
24230007401000;15;7;8;41,8
24230007402000;8;3;5;28,0
24230007404000;20;11;9;33,6
24230007405000;5;2;3;18,8
24230007543000;7;5;2;54,3
24230007544000;16;7;9;55,6
24230007545000;15;7;8;54,5
24230007546000;31;17;14;44,9
24230007548000;4;1;3;0,0
24230007550000;3;1;2;0,0
24230007552000;32;17;15;50,6
24230007553000;90;43;47;46,3
24230007554000;18;12;6;46,7
24240007152000;10;5;5;44,0
24240007183000;4;2;2;0,0
24240007193000;15;10;5;46,6
24240007224000;2;2;0;0,0
24240007252000;1;0;1;0,0
24240007255000;4;2;2;0,0
24240007273000;4;3;1;0,0
24240007299000;2;1;1;0,0
24240007300000;6;3;3;45,3
24240007301000;18;10;8;48,4
24240007310000;7;4;3;55,0
24240007312000;2;1;1;0,0
24240007319000;1;0;1;0,0
24240007324000;9;4;5;34,8
24240007325000;12;4;8;36,8
24240007342000;2;0;2;0,0
24240007375000;4;2;2;0,0
24240007376000;6;3;3;44,5
24240007377000;4;2;2;0,0
24240007389000;37;21;16;34,8
24240007390000;97;51;46;33,7
24240007392000;8;2;6;42,9
24240007398000;6;3;3;40,3
24240007399000;29;14;15;36,8
24240007400000;42;20;22;36,8
24240007401000;6;2;4;35,5
24240007404000;1;1;0;0,0
24240007544000;13;9;4;40,7
24240007545000;8;4;4;28,9
24240007546000;26;14;12;37,2
24240007553000;3;1;2;0,0
24240007555000;2;1;1;0,0
24250007146000;5;2;3;56,8
24250007149000;6;3;3;34,8
24250007152000;11;6;5;42,5
24250007183000;16;5;11;37,3
24250007193000;3;1;2;0,0
24250007229000;2;1;1;0,0
24250007255000;5;2;3;36,0
24250007256000;6;3;3;55,7
24250007257000;13;7;6;44,9
24250007258000;50;27;23;47,4
24250007259000;3;0;3;0,0
24250007260000;17;7;10;43,8
24250007261000;14;9;5;43,4
24250007265000;3;1;2;0,0
24250007266000;1;1;0;0,0
24250007267000;18;9;9;60,7
24250007268000;19;9;10;64,3
24250007269000;289;145;144;46,9
24250007270000;29;17;12;47,7
24250007271000;13;9;4;41,8
24250007274000;16;7;9;51,4
24250007275000;37;19;18;43,5
24250007276000;1;0;1;0,0
24250007300000;11;6;5;47,3
24250007301000;15;9;6;36,3
24250007302000;3;2;1;0,0
24250007303000;25;13;12;30,6
24250007309000;7;1;6;38,0
24250007310000;4;2;2;0,0
24250007311000;1;1;0;0,0
24250007312000;8;4;4;54,4
24250007319000;10;5;5;42,3
24250007325000;9;5;4;43,3
24250007326000;17;9;8;39,5
24250007343000;12;7;5;43,4
24250007390000;4;2;2;0,0
24250007391000;2;1;1;0,0
24250007398000;19;10;9;42,8
24250007399000;10;6;4;28,4
24250007402000;3;2;1;0,0
24250007404000;2;1;1;0,0
24250007405000;1;0;1;0,0
24250007544000;46;21;25;48,1
24250007545000;22;12;10;34,7
24260007148000;3;2;1;0,0
24260007149000;5;2;3;32,4
24260007152000;6;3;3;45,2
24260007229000;2;1;1;0,0
24260007236000;1;1;0;0,0
24260007237000;4;1;3;0,0
24260007258000;10;7;3;32,0
24260007260000;14;7;7;48,6
24260007268000;303;160;143;42,1
24260007269000;163;92;71;39,0
24260007270000;2;1;1;0,0
24260007271000;7;2;5;35,3
24260007272000;13;7;6;44,5
24260007273000;15;9;6;31,6
24260007274000;33;17;16;42,5
24260007275000;1;0;1;0,0
24260007276000;2;1;1;0,0
24260007303000;13;6;7;32,7
24260007308000;1;1;0;0,0
24260007309000;37;17;20;41,5
24260007312000;4;2;2;0,0
24260007320000;7;3;4;36,0
24260007327000;3;0;3;0,0
24260007328000;1;1;0;0,0
24260007343000;6;3;3;53,2
24260007344000;41;22;19;38,1
24260007345000;5;3;2;54,6
24260007357000;4;2;2;0,0
24260007358000;5;3;2;71,6
24260007391000;15;5;10;41,9
24260007398000;2;1;1;0,0
24260007399000;10;6;4;27,1
24260007404000;6;2;4;42,0
24260007549000;16;7;9;39,1
24260007550000;43;22;21;40,3
24260007551000;8;4;4;41,4
24260007553000;74;36;38;43,5
24260007554000;125;54;71;42,5
24260007555000;48;23;25;45,9
24270007147000;7;5;2;53,0
24270007152000;12;6;6;46,7
24270007172000;6;3;3;42,5
24270007179000;4;2;2;0,0
24270007239000;3;3;0;0,0
24270007268000;24;13;11;21,5
24270007277000;4;2;2;0,0
24270007278000;4;2;2;0,0
24270007303000;1;0;1;0,0
24270007309000;30;14;16;33,6
24270007311000;1;1;0;0,0
24270007312000;25;13;12;43,4
24270007313000;1;1;0;0,0
24270007314000;50;31;19;44,9
24270007315000;5;2;3;58,2
24270007320000;1;1;0;0,0
24270007328000;9;5;4;40,9
24270007343000;6;3;3;63,0
24270007344000;13;9;4;52,3
24270007345000;6;4;2;50,3
24270007358000;5;3;2;67,8
24270007391000;2;1;1;0,0
24270007392000;4;3;1;0,0
24270007399000;1;1;0;0,0
24270007404000;9;4;5;42,8
24270007408000;19;11;8;35,0
24270007412000;20;12;8;64,7
24270007548000;16;10;6;52,9
24270007549000;25;18;7;43,6
24270007554000;13;5;8;41,6
24270007555000;22;8;14;54,7
24280007147000;4;1;3;0,0
24280007150000;5;1;4;25,0
24280007158000;2;1;1;0,0
24280007170000;2;1;1;0,0
24280007171000;2;2;0;0,0
24280007172000;3;1;2;0,0
24280007258000;4;1;3;0,0
24280007259000;4;2;2;0,0
24280007260000;3;2;1;0,0
24280007268000;2;1;1;0,0
24280007279000;5;3;2;40,2
24280007307000;15;7;8;22,0
24280007308000;53;25;28;37,2
24280007309000;4;2;2;0,0
24280007310000;9;4;5;49,7
24280007311000;11;5;6;26,0
24280007314000;3;1;2;0,0
24280007315000;2;1;1;0,0
24280007316000;5;2;3;23,6
24280007317000;7;5;2;34,0
24280007321000;29;14;15;32,3
24280007328000;8;5;3;43,1
24280007344000;2;2;0;0,0
24280007345000;2;1;1;0,0
24280007358000;2;1;1;0,0
24280007391000;1;0;1;0,0
24280007397000;6;3;3;37,0
24280007398000;10;4;6;54,9
24280007401000;4;3;1;0,0
24280007402000;4;2;2;0,0
24280007407000;1;1;0;0,0
24280007408000;23;15;8;31,2
24280007413000;4;1;3;0,0
24290007150000;8;4;4;32,8
24290007156000;1;0;1;0,0
24290007196000;4;3;1;0,0
24290007268000;9;4;5;44,8
24290007306000;1;0;1;0,0
24290007307000;4;2;2;0,0
24290007308000;7;4;3;37,3
24290007309000;4;2;2;0,0
24290007318000;4;3;1;0,0
24290007319000;16;8;8;44,1
24290007320000;1;1;0;0,0
24290007321000;7;3;4;57,0
24290007322000;6;3;3;66,8
24290007323000;6;3;3;28,2
24290007327000;30;13;17;54,3
24290007328000;40;22;18;45,8
24290007354000;3;2;1;0,0
24290007357000;8;5;3;50,5
24290007359000;5;2;3;31,0
24290007393000;3;1;2;0,0
24290007397000;5;3;2;60,0
24290007398000;26;17;9;46,3
24290007399000;19;10;9;47,1
24290007402000;10;7;3;36,6
24290007412000;36;15;21;43,8
24290007413000;20;7;13;50,6
24290007553000;18;8;10;49,9
24290007555000;5;3;2;62,8
24290007558000;8;2;6;37,5
24290007559000;21;10;11;64,3
24300007150000;22;12;10;40,9
24300007156000;4;2;2;0,0
24300007169000;4;3;1;0,0
24300007304000;3;2;1;0,0
24300007305000;31;16;15;32,8
24300007307000;7;3;4;36,7
24300007322000;3;2;1;0,0
24300007323000;17;6;11;33,7
24300007324000;6;3;3;59,8
24300007328000;15;9;6;30,9
24300007329000;12;7;5;49,8
24300007330000;10;5;5;44,1
24300007341000;1;0;1;0,0
24300007342000;2;1;1;0,0
24300007354000;7;3;4;36,6
24300007357000;2;1;1;0,0
24300007359000;21;12;9;54,1
24300007397000;21;11;10;35,1
24300007398000;107;56;51;38,3
24300007399000;5;3;2;27,0
24300007401000;2;2;0;0,0
24300007407000;7;3;4;61,0
24300007408000;2;1;1;0,0
24300007409000;23;12;11;36,9
24300007411000;13;8;5;26,1
24300007412000;33;19;14;49,6
24300007413000;17;9;8;35,6
24300007414000;5;2;3;48,4
24300007547000;16;7;9;43,9
24300007552000;10;4;6;26,8
24300007553000;6;4;2;50,2
24300007555000;7;4;3;43,4
24300007557000;3;2;1;0,0
24300007559000;55;31;24;31,0
24310007121000;11;5;6;44,8
24310007134000;3;2;1;0,0
24310007149000;30;16;14;41,9
24310007194000;4;1;3;0,0
24310007196000;156;79;77;42,9
24310007197000;58;33;25;42,7
24310007205000;6;3;3;38,2
24310007245000;3;2;1;0,0
24310007267000;4;2;2;0,0
24310007303000;4;2;2;0,0
24310007305000;5;2;3;23,0
24310007323000;1;1;0;0,0
24310007324000;4;3;1;0,0
24310007330000;1;1;0;0,0
24310007331000;3;2;1;0,0
24310007341000;2;1;1;0,0
24310007354000;8;2;6;48,8
24310007356000;14;5;9;28,0
24310007359000;3;2;1;0,0
24310007390000;4;2;2;0,0
24310007396000;1;1;0;0,0
24310007397000;39;19;20;40,2
24310007401000;20;10;10;47,4
24310007402000;1;1;0;0,0
24310007407000;4;3;1;0,0
24310007408000;27;13;14;26,8
24310007409000;100;54;46;36,5
24310007412000;3;1;2;0,0
24310007423000;11;4;7;48,2
24310007424000;10;6;4;66,7
24310007547000;17;10;7;43,2
24310007552000;2;2;0;0,0
24310007556000;34;18;16;45,4
24310007557000;18;10;8;51,4
24310007562000;2;1;1;0,0
24320007121000;11;6;5;49,3
24320007134000;3;2;1;0,0
24320007148000;39;20;19;50,8
24320007149000;173;77;96;49,5
24320007155000;4;2;2;0,0
24320007176000;4;2;2;0,0
24320007196000;23;9;14;35,7
24320007199000;5;3;2;49,6
24320007243000;5;3;2;19,2
24320007246000;1;0;1;0,0
24320007267000;22;11;11;41,6
24320007303000;1;1;0;0,0
24320007323000;6;4;2;56,0
24320007324000;5;4;1;50,6
24320007325000;10;2;8;24,9
24320007332000;2;1;1;0,0
24320007354000;42;20;22;35,2
24320007356000;8;3;5;50,9
24320007396000;2;1;1;0,0
24320007397000;26;13;13;47,7
24320007399000;2;1;1;0,0
24320007400000;34;18;16;56,4
24320007401000;8;5;3;51,3
24320007405000;2;1;1;0,0
24320007407000;5;2;3;51,4
24320007413000;4;2;2;0,0
24320007422000;3;1;2;0,0
24320007423000;7;3;4;62,7
24320007424000;2;0;2;0,0
24320007557000;1;0;1;0,0
24320007558000;15;9;6;30,9
24320007561000;11;6;5;66,7
24330007120000;1;0;1;0,0
24330007139000;2;2;0;0,0
24330007146000;2;1;1;0,0
24330007147000;14;8;6;45,7
24330007155000;3;2;1;0,0
24330007169000;3;1;2;0,0
24330007192000;1;0;1;0,0
24330007197000;3;1;2;0,0
24330007202000;1;1;0;0,0
24330007207000;19;9;10;46,5
24330007243000;4;1;3;0,0
24330007266000;2;1;1;0,0
24330007267000;9;3;6;25,3
24330007325000;12;6;6;74,1
24330007347000;2;1;1;0,0
24330007349000;4;1;3;0,0
24330007353000;20;11;9;39,6
24330007354000;17;8;9;29,8
24330007356000;12;5;7;45,1
24330007400000;9;6;3;52,6
24330007403000;8;3;5;43,8
24330007408000;5;3;2;19,2
24330007409000;3;1;2;0,0
24330007412000;2;0;2;0,0
24330007413000;2;1;1;0,0
24330007558000;61;28;33;37,3
24340007120000;11;7;4;31,5
24340007129000;16;8;8;47,4
24340007130000;23;13;10;41,6
24340007146000;16;7;9;41,7
24340007147000;1;1;0;0,0
24340007155000;10;6;4;51,9
24340007170000;1;1;0;0,0
24340007186000;4;3;1;0,0
24340007189000;8;5;3;35,5
24340007190000;6;2;4;38,8
24340007250000;3;2;1;0,0
24340007266000;5;2;3;22,8
24340007267000;2;1;1;0,0
24340007299000;4;3;1;0,0
24340007326000;6;3;3;47,2
24340007327000;5;3;2;69,8
24340007328000;1;1;0;0,0
24340007329000;8;4;4;37,3
24340007330000;17;9;8;46,5
24340007331000;9;5;4;44,7
24340007332000;37;19;18;50,7
24340007350000;8;4;4;50,0
24340007353000;47;27;20;42,6
24340007354000;5;3;2;50,6
24340007355000;8;5;3;50,8
24340007402000;2;0;2;0,0
24340007403000;42;18;24;44,6
24340007407000;1;0;1;0,0
24340007408000;72;40;32;36,0
24340007409000;40;18;22;58,9
24340007410000;38;16;22;43,7
24340007412000;8;4;4;36,3
24340007413000;2;1;1;0,0
24340007558000;92;47;45;40,5
24340007560000;4;2;2;0,0
24340007561000;11;7;4;34,4
24350007128000;5;4;1;32,8
24350007129000;6;5;1;24,3
24350007141000;9;5;4;39,2
24350007143000;1;1;0;0,0
24350007147000;18;8;10;35,8
24350007173000;8;3;5;32,3
24350007174000;5;3;2;21,2
24350007185000;17;10;7;43,8
24350007186000;7;3;4;46,3
24350007248000;2;2;0;0,0
24350007251000;2;1;1;0,0
24350007260000;2;2;0;0,0
24350007266000;1;1;0;0,0
24350007324000;3;2;1;0,0
24350007326000;5;1;4;19,0
24350007327000;7;5;2;40,1
24350007334000;2;0;2;0,0
24350007344000;4;2;2;0,0
24350007351000;3;2;1;0,0
24350007352000;10;5;5;39,2
24350007353000;102;49;53;36,1
24350007354000;23;12;11;33,7
24350007355000;11;8;3;39,5
24350007379000;2;1;1;0,0
24350007395000;15;4;11;33,3
24350007403000;24;13;11;44,9
24350007406000;9;4;5;65,4
24350007407000;169;80;89;45,0
24350007408000;18;6;12;39,1
24350007409000;27;13;14;38,6
24350007410000;23;10;13;46,0
24350007425000;7;3;4;37,3
24350007558000;121;60;61;41,3
24350007559000;27;12;15;38,6
24360007127000;3;2;1;0,0
24360007147000;13;7;6;42,9
24360007154000;4;1;3;0,0
24360007155000;14;10;4;38,1
24360007169000;2;1;1;0,0
24360007170000;7;5;2;34,6
24360007172000;10;4;6;38,7
24360007260000;2;1;1;0,0
24360007261000;12;8;4;39,9
24360007266000;2;2;0;0,0
24360007322000;4;3;1;0,0
24360007324000;1;1;0;0,0
24360007326000;3;2;1;0,0
24360007334000;4;2;2;0,0
24360007335000;8;6;2;67,3
24360007349000;1;1;0;0,0
24360007350000;1;1;0;0,0
24360007352000;5;2;3;46,0
24360007353000;133;73;60;44,3
24360007354000;14;7;7;24,6
24360007392000;4;3;1;0,0
24360007393000;3;1;2;0,0
24360007401000;3;2;1;0,0
24360007402000;79;45;34;39,9
24360007403000;196;93;103;41,9
24360007404000;63;40;23;35,0
24360007406000;39;21;18;37,1
24360007407000;10;5;5;38,5
24360007410000;4;2;2;0,0
24360007413000;15;9;6;37,9
24360007424000;14;7;7;45,6
24360007553000;3;2;1;0,0
24360007554000;2;0;2;0,0
24360007555000;35;22;13;43,3
24360007556000;14;8;6;31,6
24360007557000;3;2;1;0,0
24370007117000;9;4;5;36,2
24370007124000;7;2;5;40,4
24370007126000;30;18;12;38,2
24370007147000;3;2;1;0,0
24370007154000;6;3;3;33,8
24370007155000;12;5;7;42,9
24370007156000;6;2;4;55,3
24370007167000;3;1;2;0,0
24370007168000;10;5;5;38,5
24370007169000;25;13;12;48,1
24370007184000;5;1;4;40,0
24370007196000;13;7;6;62,5
24370007197000;2;1;1;0,0
24370007254000;1;1;0;0,0
24370007255000;4;3;1;0,0
24370007256000;10;7;3;41,6
24370007257000;1;0;1;0,0
24370007261000;2;1;1;0,0
24370007262000;7;5;2;55,9
24370007274000;2;1;1;0,0
24370007322000;5;3;2;36,6
24370007325000;6;3;3;42,7
24370007345000;507;256;251;46,5
24370007353000;18;9;9;34,7
24370007393000;2;2;0;0,0
24370007401000;1;1;0;0,0
24370007402000;26;12;14;42,2
24370007403000;166;77;89;34,9
24370007404000;13;3;10;36,5
24370007406000;38;20;18;35,5
24370007410000;5;2;3;70,4
24370007421000;16;9;7;55,8
24370007424000;2;1;1;0,0
24370007425000;1;1;0;0,0
24370007555000;1;1;0;0,0
24370007556000;11;7;4;46,3
24370007557000;26;16;10;45,6
24370007558000;20;10;10;39,6
24370007563000;2;1;1;0,0
24380007117000;5;3;2;18,0
24380007125000;14;7;7;55,8
24380007126000;2;2;0;0,0
24380007147000;22;12;10;40,3
24380007155000;2;1;1;0,0
24380007169000;3;2;1;0,0
24380007196000;5;2;3;44,8
24380007255000;3;2;1;0,0
24380007257000;4;2;2;0,0
24380007258000;3;2;1;0,0
24380007260000;8;3;5;35,9
24380007261000;3;2;1;0,0
24380007269000;1;1;0;0,0
24380007343000;10;5;5;45,5
24380007345000;590;285;305;42,0
24380007346000;133;70;63;36,4
24380007352000;7;4;3;63,9
24380007353000;7;4;3;28,1
24380007400000;2;1;1;0,0
24380007403000;13;6;7;33,8
24380007404000;3;1;2;0,0
24380007406000;5;3;2;38,4
24380007410000;27;14;13;59,0
24380007421000;11;5;6;44,5
24380007422000;76;43;33;35,1
24380007550000;1;1;0;0,0
24380007551000;67;33;34;36,8
24380007552000;60;32;28;38,6
24380007553000;6;4;2;37,0
24380007556000;103;45;58;40,5
24380007557000;172;80;92;34,7
24380007558000;35;15;20;48,8
24380007559000;14;6;8;32,6
24380007560000;6;3;3;28,0
24380007562000;6;3;3;44,3
24380007566000;1;0;1;0,0
24380007567000;19;6;13;38,2
24390007117000;2;2;0;0,0
24390007124000;4;2;2;0,0
24390007125000;38;15;23;39,3
24390007154000;6;3;3;42,3
24390007174000;3;0;3;0,0
24390007176000;2;1;1;0,0
24390007181000;1;1;0;0,0
24390007195000;2;1;1;0,0
24390007261000;1;1;0;0,0
24390007266000;7;3;4;33,7
24390007267000;2;2;0;0,0
24390007268000;3;1;2;0,0
24390007343000;36;21;15;41,1
24390007344000;12;6;6;65,8
24390007345000;10;5;5;58,5
24390007346000;8;5;3;61,3
24390007353000;13;5;8;48,8
24390007403000;9;3;6;29,3
24390007404000;4;3;1;0,0
24390007406000;7;3;4;51,6
24390007410000;4;3;1;0,0
24390007419000;7;3;4;39,9
24390007421000;53;25;28;34,8
24390007422000;91;46;45;38,5
24390007423000;45;21;24;43,1
24390007424000;7;4;3;42,4
24390007551000;347;181;166;37,2
24390007552000;366;195;171;37,3
24390007553000;110;63;47;29,8
24390007554000;101;57;44;39,9
24390007555000;87;54;33;40,0
24390007556000;510;247;263;38,8
24390007557000;539;250;289;38,7
24390007558000;105;56;49;39,5
24390007559000;52;22;30;40,7
24390007560000;31;15;16;34,4
24390007561000;9;3;6;56,4
24390007563000;5;2;3;51,2
24390007565000;15;11;4;38,2
24400007124000;45;26;19;43,4
24400007154000;11;6;5;40,2
24400007176000;8;5;3;34,5
24400007195000;10;6;4;44,4
24400007264000;1;0;1;0,0
24400007267000;1;0;1;0,0
24400007269000;4;1;3;0,0
24400007340000;1;1;0;0,0
24400007341000;4;1;3;0,0
24400007345000;2;1;1;0,0
24400007346000;5;4;1;61,8
24400007347000;3;2;1;0,0
24400007353000;15;7;8;41,8
24400007378000;2;1;1;0,0
24400007400000;2;2;0;0,0
24400007404000;6;3;3;32,5
24400007405000;5;3;2;29,4
24400007406000;16;7;9;27,4
24400007416000;1;0;1;0,0
24400007419000;4;2;2;0,0
24400007420000;10;6;4;62,3
24400007421000;123;60;63;41,9
24400007422000;87;42;45;36,3
24400007423000;3;2;1;0,0
24400007552000;1;1;0;0,0
24400007553000;7;4;3;51,6
24400007554000;5;4;1;58,8
24400007555000;28;15;13;46,2
24400007556000;220;106;114;39,7
24400007558000;39;23;16;43,3
24400007559000;5;3;2;46,6
24400007562000;11;6;5;42,1
24400007563000;6;5;1;49,7
24410007123000;7;4;3;35,1
24410007195000;3;2;1;0,0
24410007340000;1;1;0;0,0
24410007347000;11;5;6;40,4
24410007353000;9;3;6;42,1
24410007378000;2;2;0;0,0
24410007404000;9;6;3;43,2
24410007405000;13;7;6;53,2
24410007406000;16;7;9;55,2
24410007414000;2;2;0;0,0
24410007415000;4;2;2;0,0
24410007418000;29;13;16;37,6
24410007419000;3;1;2;0,0
24410007421000;28;11;17;34,2
24410007422000;20;12;8;48,8
24410007558000;121;44;77;35,5
24410007559000;591;252;339;43,0
24410007560000;18;7;11;57,4
24410007561000;27;12;15;34,1
24410007563000;9;4;5;30,4
24410007564000;44;20;24;38,8
24410007565000;5;4;1;36,4
24410007570000;6;4;2;31,0
24410007573000;19;13;6;57,2
24420007122000;16;8;8;46,3
24420007123000;16;11;5;29,0
24420007145000;2;1;1;0,0
24420007146000;1;1;0;0,0
24420007154000;9;4;5;33,9
24420007272000;2;1;1;0,0
24420007306000;1;1;0;0,0
24420007340000;5;3;2;44,0
24420007341000;4;3;1;0,0
24420007349000;4;2;2;0,0
24420007351000;4;2;2;0,0
24420007353000;24;13;11;42,4
24420007399000;1;1;0;0,0
24420007401000;4;3;1;0,0
24420007404000;5;2;3;53,6
24420007410000;1;1;0;0,0
24420007415000;15;8;7;37,5
24420007416000;2;1;1;0,0
24420007417000;7;3;4;26,3
24420007418000;115;53;62;40,9
24420007421000;21;10;11;38,8
24420007422000;24;15;9;51,3
24420007425000;2;1;1;0,0
24420007426000;1;1;0;0,0
24420007558000;79;48;31;38,7
24420007559000;660;319;341;42,9
24420007560000;562;288;274;36,8
24420007561000;39;22;17;38,3
24420007562000;24;15;9;39,5
24420007563000;11;7;4;47,6
24420007564000;16;8;8;40,0
24420007565000;1;0;1;0,0
24420007571000;13;7;6;48,8
24430007116000;6;2;4;64,7
24430007117000;12;5;7;43,2
24430007118000;6;4;2;58,3
24430007120000;10;5;5;27,7
24430007121000;6;3;3;56,5
24430007122000;100;46;54;43,1
24430007128000;1;0;1;0,0
24430007147000;1;1;0;0,0
24430007148000;2;1;1;0,0
24430007154000;16;9;7;36,9
24430007196000;3;2;1;0,0
24430007308000;3;1;2;0,0
24430007309000;6;5;1;59,5
24430007339000;1;0;1;0,0
24430007341000;8;5;3;49,0
24430007347000;1;0;1;0,0
24430007349000;14;6;8;39,8
24430007351000;13;9;4;47,8
24430007352000;22;10;12;33,8
24430007353000;15;9;6;40,0
24430007399000;2;1;1;0,0
24430007404000;2;2;0;0,0
24430007410000;2;1;1;0,0
24430007414000;57;28;29;48,4
24430007415000;228;117;111;42,6
24430007416000;162;78;84;41,7
24430007417000;450;229;221;47,6
24430007418000;462;232;230;41,0
24430007421000;1;1;0;0,0
24430007422000;19;10;9;30,9
24430007425000;30;14;16;32,8
24430007426000;1;0;1;0,0
24430007552000;15;4;11;35,1
24430007553000;7;4;3;45,0
24430007554000;10;5;5;36,0
24430007555000;44;23;21;40,1
24430007556000;27;11;16;44,4
24430007557000;88;43;45;38,6
24430007558000;31;17;14;36,9
24430007559000;606;311;295;39,8
24430007560000;460;215;245;33,6
24430007561000;280;151;129;33,7
24430007562000;68;31;37;38,0
24430007563000;37;19;18;36,2
24430007564000;20;11;9;43,8
24430007566000;6;3;3;16,3
24430007570000;52;23;29;33,8
24430007571000;34;19;15;32,6
24440007116000;66;35;31;43,2
24440007195000;4;2;2;0,0
24440007283000;4;2;2;0,0
24440007306000;11;6;5;50,5
24440007316000;3;2;1;0,0
24440007317000;1;1;0;0,0
24440007339000;3;1;2;0,0
24440007341000;21;12;9;36,6
24440007349000;2;1;1;0,0
24440007351000;2;1;1;0,0
24440007353000;19;10;9;62,6
24440007404000;27;15;12;35,4
24440007414000;161;88;73;39,8
24440007415000;92;47;45;37,3
24440007416000;187;93;94;39,7
24440007417000;7;3;4;65,6
24440007418000;21;9;12;33,9
24440007421000;4;2;2;0,0
24440007422000;16;8;8;39,9
24440007425000;37;22;15;45,0
24440007426000;4;2;2;0,0
24440007428000;2;0;2;0,0
24440007554000;14;6;8;49,5
24440007555000;28;13;15;35,9
24440007556000;44;23;21;39,9
24440007558000;72;38;34;31,9
24440007559000;50;22;28;32,9
24440007560000;37;20;17;44,5
24440007561000;17;10;7;30,8
24440007564000;102;56;46;33,0
24440007565000;44;23;21;30,3
24440007566000;35;14;21;37,4
24440007567000;6;4;2;50,2
24440007570000;48;22;26;33,5
24440007571000;16;9;7;35,3
24450007111000;7;2;5;37,6
24450007112000;2;1;1;0,0
24450007115000;35;20;15;39,1
24450007116000;8;4;4;44,6
24450007195000;7;4;3;61,3
24450007274000;7;3;4;42,4
24450007283000;3;2;1;0,0
24450007284000;6;3;3;46,3
24450007307000;2;2;0;0,0
24450007308000;36;20;16;37,1
24450007309000;29;14;15;45,0
24450007310000;63;34;29;45,5
24450007311000;9;5;4;26,2
24450007312000;1;1;0;0,0
24450007313000;2;1;1;0,0
24450007314000;2;1;1;0,0
24450007325000;2;2;0;0,0
24450007326000;77;45;32;27,5
24450007327000;10;5;5;52,1
24450007328000;158;81;77;41,6
24450007329000;95;52;43;41,5
24450007330000;15;8;7;47,3
24450007331000;9;4;5;47,4
24450007332000;26;12;14;31,7
24450007333000;12;5;7;35,6
24450007334000;13;9;4;52,3
24450007335000;10;7;3;38,0
24450007336000;13;8;5;39,6
24450007337000;6;4;2;65,5
24450007338000;9;6;3;42,2
24450007340000;40;22;18;39,8
24450007341000;278;145;133;38,0
24450007342000;64;34;30;33,6
24450007344000;2;2;0;0,0
24450007350000;3;1;2;0,0
24450007352000;12;6;6;44,9
24450007353000;14;7;7;43,6
24450007402000;3;1;2;0,0
24450007404000;15;9;6;41,7
24450007405000;5;2;3;46,2
24450007408000;1;0;1;0,0
24450007413000;121;59;62;43,2
24450007414000;152;77;75;39,0
24450007415000;12;6;6;46,3
24450007416000;47;24;23;35,8
24450007417000;5;2;3;28,2
24450007422000;5;2;3;41,6
24450007425000;5;2;3;61,6
24450007426000;33;16;17;47,4
24450007465000;20;10;10;35,0
24450007555000;15;7;8;49,9
24450007556000;3;1;2;0,0
24450007560000;12;8;4;44,8
24450007561000;3;2;1;0,0
24450007564000;1;0;1;0,0
24450007565000;40;20;20;35,7
24450007566000;60;35;25;35,0
24450007567000;28;17;11;40,1
24450007568000;6;4;2;19,8
24450007570000;64;27;37;34,5
24450007571000;24;10;14;36,5
24450007577000;52;27;25;50,1
24460007111000;2;1;1;0,0
24460007150000;6;3;3;55,8
24460007273000;10;5;5;43,9
24460007309000;2;1;1;0,0
24460007310000;63;35;28;48,3
24460007311000;10;6;4;50,9
24460007324000;2;1;1;0,0
24460007325000;3;2;1;0,0
24460007326000;7;4;3;52,6
24460007327000;8;5;3;58,9
24460007328000;219;112;107;39,7
24460007329000;230;107;123;48,1
24460007330000;17;10;7;29,9
24460007331000;21;9;12;25,0
24460007333000;5;3;2;61,6
24460007334000;8;4;4;35,9
24460007335000;36;20;16;40,8
24460007336000;23;12;11;42,5
24460007340000;14;8;6;43,1
24460007341000;9;5;4;15,6
24460007343000;2;1;1;0,0
24460007344000;4;2;2;0,0
24460007346000;1;0;1;0,0
24460007351000;5;3;2;50,2
24460007352000;13;7;6;31,4
24460007353000;5;3;2;38,4
24460007401000;2;1;1;0,0
24460007402000;15;10;5;42,0
24460007404000;4;2;2;0,0
24460007412000;2;2;0;0,0
24460007413000;142;71;71;45,1
24460007414000;2;1;1;0,0
24460007417000;4;1;3;0,0
24460007449000;2;2;0;0,0
24460007450000;3;2;1;0,0
24460007553000;6;3;3;53,5
24460007554000;3;2;1;0,0
24460007555000;54;24;30;51,8
24460007556000;47;23;24;51,5
24460007566000;26;13;13;33,5
24460007567000;27;13;14;44,5
24460007569000;4;1;3;0,0
24460007570000;40;19;21;34,4
24460007571000;34;18;16;38,4
24460007577000;17;10;7;42,2
24470007109000;4;3;1;0,0
24470007152000;4;3;1;0,0
24470007196000;2;1;1;0,0
24470007273000;3;2;1;0,0
24470007274000;2;1;1;0,0
24470007285000;8;4;4;26,9
24470007308000;4;2;2;0,0
24470007309000;6;3;3;38,2
24470007311000;2;1;1;0,0
24470007316000;2;2;0;0,0
24470007320000;4;2;2;0,0
24470007321000;3;2;1;0,0
24470007322000;7;5;2;31,4
24470007323000;48;27;21;42,0
24470007324000;10;6;4;50,3
24470007325000;3;1;2;0,0
24470007327000;9;5;4;48,1
24470007328000;10;4;6;36,3
24470007329000;178;89;89;48,9
24470007330000;39;17;22;43,1
24470007331000;9;3;6;56,6
24470007333000;4;2;2;0,0
24470007335000;26;13;13;46,7
24470007336000;339;173;166;34,3
24470007337000;135;69;66;46,5
24470007338000;28;13;15;33,6
24470007344000;5;3;2;51,6
24470007351000;11;6;5;39,9
24470007353000;1;1;0;0,0
24470007401000;10;6;4;35,7
24470007402000;5;2;3;21,4
24470007404000;1;1;0;0,0
24470007411000;72;39;33;37,8
24470007417000;2;1;1;0,0
24470007427000;5;1;4;63,8
24470007428000;12;6;6;58,8
24470007450000;5;3;2;68,0
24470007451000;1;1;0;0,0
24470007554000;5;3;2;36,6
24470007555000;12;5;7;30,1
24470007556000;2;1;1;0,0
24470007558000;7;4;3;37,7
24470007559000;9;4;5;50,0
24470007560000;44;22;22;41,1
24470007566000;18;7;11;52,8
24470007567000;46;22;24;35,9
24470007568000;67;34;33;42,1
24470007569000;45;28;17;36,3
24470007573000;14;7;7;48,3
24470007574000;8;3;5;64,0
24470007575000;4;3;1;0,0
24480007108000;1;0;1;0,0
24480007152000;2;1;1;0,0
24480007283000;7;3;4;42,0
24480007286000;9;3;6;26,8
24480007302000;4;1;3;0,0
24480007306000;6;4;2;54,7
24480007307000;1;1;0;0,0
24480007308000;1;1;0;0,0
24480007311000;79;45;34;42,9
24480007312000;4;2;2;0,0
24480007322000;20;12;8;41,2
24480007323000;17;10;7;36,2
24480007329000;52;30;22;32,1
24480007330000;2;1;1;0,0
24480007336000;12;8;4;26,8
24480007337000;20;9;11;52,2
24480007338000;9;4;5;37,7
24480007344000;2;1;1;0,0
24480007345000;6;2;4;34,7
24480007401000;6;3;3;64,3
24480007427000;30;16;14;43,1
24480007558000;13;6;7;36,3
24480007559000;32;18;14;46,3
24480007560000;43;20;23;41,0
24480007561000;15;9;6;30,3
24480007569000;58;29;29;40,6
24480007570000;147;74;73;42,0
24480007571000;42;21;21;41,7
24490007107000;5;2;3;33,0
24490007110000;3;2;1;0,0
24490007113000;3;2;1;0,0
24490007275000;11;8;3;41,3
24490007276000;5;3;2;19,8
24490007277000;5;2;3;52,6
24490007278000;5;3;2;36,4
24490007301000;3;2;1;0,0
24490007313000;5;2;3;43,0
24490007321000;8;3;5;36,8
24490007329000;29;17;12;43,0
24490007337000;7;3;4;26,6
24490007346000;4;2;2;0,0
24490007368000;4;4;0;0,0
24490007371000;3;2;1;0,0
24490007372000;2;1;1;0,0
24490007402000;5;2;3;51,0
24490007417000;1;1;0;0,0
24490007556000;33;15;18;58,3
24490007557000;10;5;5;50,7
24490007558000;5;1;4;45,0
24490007559000;2;1;1;0,0
24490007560000;52;32;20;42,3
24490007561000;20;9;11;32,2
24490007569000;10;6;4;50,0
24490007570000;9;4;5;43,3
24490007571000;85;39;46;39,9
24490007572000;67;32;35;38,3
24490007574000;4;2;2;0,0
24490007575000;1;1;0;0,0
24500007109000;17;12;5;33,1
24500007277000;2;1;1;0,0
24500007278000;6;2;4;34,5
24500007287000;4;2;2;0,0
24500007294000;1;1;0;0,0
24500007306000;8;6;2;42,8
24500007307000;5;2;3;57,8
24500007321000;12;8;4;47,4
24500007328000;9;6;3;24,1
24500007329000;2;1;1;0,0
24500007337000;2;0;2;0,0
24500007346000;21;14;7;36,3
24500007350000;10;6;4;50,5
24500007367000;1;1;0;0,0
24500007370000;6;4;2;20,8
24500007402000;1;1;0;0,0
24500007560000;4;1;3;0,0
24500007561000;17;8;9;39,6
24500007569000;8;7;1;41,5
24500007572000;11;4;7;27,5
24500007573000;18;7;11;46,8
24500007575000;1;1;0;0,0
24510007108000;9;5;4;58,9
24510007196000;4;2;2;0,0
24510007255000;4;3;1;0,0
24510007275000;2;1;1;0,0
24510007276000;3;2;1;0,0
24510007278000;2;1;1;0,0
24510007288000;12;7;5;41,8
24510007289000;1;1;0;0,0
24510007305000;4;2;2;0,0
24510007321000;7;4;3;54,4
24510007328000;12;6;6;32,6
24510007337000;11;5;6;33,5
24510007346000;2;1;1;0,0
24510007353000;7;3;4;47,7
24510007369000;1;1;0;0,0
24510007401000;1;0;1;0,0
24510007402000;2;1;1;0,0
24510007556000;17;11;6;41,5
24510007557000;193;108;85;36,5
24510007558000;485;225;260;44,9
24510007559000;108;54;54;36,6
24510007560000;14;6;8;37,1
24510007562000;2;2;0;0,0
24510007564000;2;2;0;0,0
24510007565000;6;2;4;36,0
24510007570000;1;0;1;0,0
24510007571000;4;1;3;0,0
24510007572000;46;24;22;50,2
24510007573000;1;1;0;0,0
24520007104000;2;1;1;0,0
24520007108000;3;2;1;0,0
24520007114000;23;12;11;28,7
24520007253000;17;10;7;41,5
24520007254000;22;12;10;37,7
24520007255000;21;11;10;18,1
24520007256000;3;2;1;0,0
24520007275000;4;1;3;0,0
24520007297000;15;8;7;34,4
24520007306000;4;3;1;0,0
24520007327000;4;1;3;0,0
24520007328000;3;1;2;0,0
24520007337000;6;4;2;63,5
24520007338000;8;4;4;53,8
24520007346000;4;2;2;0,0
24520007347000;1;1;0;0,0
24520007354000;29;14;15;43,5
24520007402000;1;1;0;0,0
24520007432000;2;0;2;0,0
24520007476000;78;38;40;37,8
24520007478000;3;2;1;0,0
24520007556000;4;1;3;0,0
24520007557000;226;115;111;41,2
24520007558000;76;40;36;46,4
24520007559000;35;17;18;42,2
24520007560000;25;15;10;44,8
24520007563000;1;1;0;0,0
24520007564000;3;2;1;0,0
24520007569000;16;8;8;54,2
24520007570000;6;3;3;44,7
24520007571000;34;18;16;43,8
24520007572000;3;2;1;0,0
24520007574000;1;1;0;0,0
24520007577000;3;1;2;0,0
24530007108000;4;3;1;0,0
24530007114000;1;1;0;0,0
24530007115000;6;3;3;26,2
24530007151000;6;4;2;44,0
24530007251000;10;5;5;44,0
24530007252000;4;2;2;0,0
24530007253000;20;11;9;38,0
24530007254000;2;1;1;0,0
24530007256000;6;4;2;41,3
24530007257000;3;1;2;0,0
24530007267000;4;2;2;0,0
24530007273000;2;1;1;0,0
24530007274000;5;3;2;49,4
24530007275000;339;194;145;43,8
24530007276000;9;4;5;49,8
24530007306000;19;9;10;37,6
24530007327000;8;3;5;47,6
24530007328000;4;3;1;0,0
24530007338000;16;9;7;41,3
24530007347000;22;14;8;42,8
24530007348000;19;10;9;41,7
24530007349000;130;70;60;44,9
24530007350000;1;0;1;0,0
24530007354000;66;34;32;35,9
24530007356000;5;2;3;45,2
24530007357000;33;17;16;42,5
24530007367000;12;7;5;44,1
24530007410000;31;18;13;37,0
24530007411000;305;152;153;43,2
24530007476000;2;1;1;0,0
24530007477000;1;1;0;0,0
24530007564000;3;1;2;0,0
24530007565000;1;1;0;0,0
24530007566000;16;10;6;38,1
24530007569000;3;2;1;0,0
24530007575000;12;4;8;49,6
24530007576000;4;4;0;0,0
24530007577000;35;19;16;37,7
24530007578000;26;12;14;57,8
24530007579000;1;1;0;0,0
24530007580000;1;1;0;0,0
24540007114000;5;2;3;66,6
24540007251000;5;2;3;52,2
24540007252000;1;1;0;0,0
24540007259000;1;0;1;0,0
24540007260000;5;4;1;66,4
24540007261000;4;3;1;0,0
24540007263000;5;3;2;63,6
24540007264000;11;4;7;36,8
24540007265000;4;2;2;0,0
24540007266000;2;1;1;0,0
24540007268000;6;4;2;46,7
24540007272000;4;2;2;0,0
24540007273000;11;5;6;72,7
24540007274000;251;132;119;42,6
24540007275000;99;48;51;47,3
24540007276000;7;6;1;33,9
24540007277000;4;3;1;0,0
24540007298000;2;1;1;0,0
24540007306000;5;2;3;64,8
24540007307000;5;5;0;60,2
24540007327000;7;3;4;37,3
24540007347000;91;43;48;31,9
24540007348000;180;91;89;40,2
24540007349000;2;1;1;0,0
24540007350000;38;16;22;38,8
24540007354000;17;10;7;55,1
24540007355000;36;18;18;40,1
24540007357000;23;11;12;30,3
24540007363000;2;0;2;0,0
24540007410000;207;105;102;37,6
24540007411000;448;220;228;35,0
24540007427000;15;8;7;43,6
24540007432000;3;2;1;0,0
24540007446000;27;13;14;37,7
24540007447000;2;1;1;0,0
24540007479000;3;2;1;0,0
24540007565000;9;4;5;37,6
24540007566000;4;3;1;0,0
24540007570000;13;6;7;25,2
24540007574000;3;1;2;0,0
24540007575000;4;2;2;0,0
24540007577000;1;1;0;0,0
24540007578000;3;1;2;0,0
24540007580000;1;1;0;0,0
24550007112000;4;2;2;0,0
24550007249000;1;1;0;0,0
24550007250000;3;2;1;0,0
24550007251000;2;1;1;0,0
24550007258000;8;4;4;50,8
24550007262000;4;2;2;0,0
24550007263000;7;4;3;44,7
24550007267000;20;10;10;30,3
24550007274000;2;1;1;0,0
24550007275000;11;7;4;32,1
24550007276000;6;4;2;52,5
24550007277000;23;11;12;42,0
24550007278000;1;1;0;0,0
24550007279000;6;2;4;46,8
24550007306000;8;3;5;17,5
24550007326000;9;5;4;60,3
24550007337000;1;0;1;0,0
24550007347000;42;23;19;39,0
24550007348000;14;8;6;44,4
24550007350000;4;2;2;0,0
24550007354000;98;58;40;32,9
24550007355000;33;18;15;34,0
24550007359000;7;2;5;44,4
24550007363000;13;8;5;21,9
24550007365000;3;1;2;0,0
24550007410000;107;59;48;33,4
24550007411000;15;6;9;42,3
24550007427000;13;9;4;39,8
24550007428000;13;10;3;47,2
24550007429000;24;13;11;42,5
24550007432000;11;6;5;45,8
24550007446000;53;26;27;42,8
24550007447000;116;61;55;41,9
24550007448000;13;7;6;28,4
24550007449000;1;1;0;0,0
24550007564000;10;7;3;67,8
24550007565000;1;1;0;0,0
24550007569000;4;2;2;0,0
24550007571000;2;1;1;0,0
24550007572000;9;4;5;44,8
24550007573000;12;4;8;47,8
24550007574000;11;3;8;51,3
24550007576000;2;1;1;0,0
24550007578000;1;1;0;0,0
24550007579000;6;4;2;31,2
24550007581000;6;2;4;47,8
24560007114000;2;1;1;0,0
24560007249000;7;5;2;45,9
24560007259000;3;2;1;0,0
24560007267000;4;2;2;0,0
24560007274000;27;15;12;40,1
24560007275000;2;1;1;0,0
24560007277000;11;6;5;28,6
24560007280000;1;1;0;0,0
24560007325000;10;4;6;40,1
24560007326000;7;2;5;46,7
24560007338000;1;1;0;0,0
24560007346000;9;6;3;41,2
24560007347000;83;46;37;42,4
24560007350000;1;1;0;0,0
24560007351000;40;21;19;51,3
24560007354000;120;64;56;34,5
24560007355000;12;8;4;29,9
24560007362000;2;1;1;0,0
24560007363000;4;2;2;0,0
24560007428000;1;1;0;0,0
24560007429000;6;4;2;67,3
24560007448000;22;13;9;45,2
24560007449000;8;4;4;68,8
24560007462000;1;1;0;0,0
24560007478000;2;1;1;0,0
24560007480000;11;7;4;52,6
24560007564000;16;6;10;42,4
24560007565000;23;11;12;51,8
24560007572000;2;1;1;0,0
24560007573000;26;16;10;51,3
24570007249000;3;2;1;0,0
24570007267000;2;1;1;0,0
24570007274000;8;3;5;46,6
24570007276000;18;12;6;28,8
24570007277000;8;6;2;35,0
24570007279000;7;4;3;41,4
24570007280000;1;1;0;0,0
24570007281000;9;6;3;34,0
24570007291000;2;1;1;0,0
24570007292000;5;1;4;34,8
24570007307000;1;1;0;0,0
24570007325000;11;5;6;31,7
24570007335000;2;1;1;0,0
24570007346000;6;4;2;69,5
24570007347000;45;22;23;42,0
24570007351000;322;160;162;37,7
24570007352000;419;203;216;38,8
24570007355000;69;35;34;34,3
24570007359000;9;4;5;23,6
24570007368000;4;3;1;0,0
24570007434000;133;68;65;45,1
24570007435000;350;163;187;38,7
24570007436000;7;4;3;40,0
24570007442000;4;1;3;0,0
24570007443000;31;18;13;42,9
24570007449000;12;11;1;35,3
24570007564000;3;1;2;0,0
24570007565000;5;3;2;55,4
24570007573000;9;5;4;53,3
24570007574000;2;1;1;0,0
24570007581000;12;6;6;61,6
24580007249000;9;3;6;38,0
24580007258000;9;5;4;38,2
24580007276000;19;12;7;40,5
24580007279000;1;1;0;0,0
24580007281000;1;1;0;0,0
24580007307000;2;1;1;0,0
24580007308000;4;2;2;0,0
24580007325000;13;7;6;36,6
24580007339000;6;2;4;29,2
24580007347000;22;12;10;37,1
24580007351000;14;9;5;26,1
24580007352000;1015;522;493;37,2
24580007355000;2;1;1;0,0
24580007356000;68;33;35;37,1
24580007359000;4;1;3;0,0
24580007362000;4;2;2;0,0
24580007430000;1;0;1;0,0
24580007431000;1;1;0;0,0
24580007433000;13;7;6;34,1
24580007435000;101;50;51;42,3
24580007436000;112;58;54;40,3
24580007437000;1;1;0;0,0
24580007438000;7;3;4;33,1
24580007439000;25;8;17;48,8
24580007440000;21;10;11;40,8
24580007442000;13;6;7;57,2
24580007443000;10;4;6;23,9
24580007444000;22;8;14;45,0
24580007445000;3;2;1;0,0
24580007446000;3;2;1;0,0
24580007564000;1;1;0;0,0
24580007565000;8;5;3;57,4
24580007571000;3;1;2;0,0
24580007572000;4;2;2;0,0
24580007573000;1;1;0;0,0
24580007574000;13;5;8;51,5
24580007575000;8;3;5;54,3
24580007576000;5;2;3;41,0
24580007579000;5;2;3;67,0
24580007580000;5;4;1;50,6
24580007581000;1;1;0;0,0
24590007249000;11;6;5;42,2
24590007258000;1;1;0;0,0
24590007267000;1;1;0;0,0
24590007269000;3;2;1;0,0
24590007274000;2;1;1;0,0
24590007279000;2;2;0;0,0
24590007281000;6;4;2;40,5
24590007282000;4;2;2;0,0
24590007306000;1;1;0;0,0
24590007308000;3;2;1;0,0
24590007347000;1;1;0;0,0
24590007351000;4;2;2;0,0
24590007352000;342;178;164;37,7
24590007356000;71;35;36;39,8
24590007357000;1007;514;493;38,4
24590007358000;267;147;120;30,7
24590007363000;2;1;1;0,0
24590007430000;7;5;2;42,3
24590007431000;1;0;1;0,0
24590007439000;5;3;2;74,4
24590007440000;3;2;1;0,0
24590007445000;14;7;7;48,8
24590007446000;43;22;21;41,5
24590007571000;4;2;2;0,0
24590007572000;5;3;2;36,6
24590007574000;6;3;3;41,2
24590007577000;13;6;7;41,5
24590007578000;10;4;6;50,2
24600007249000;7;4;3;31,3
24600007268000;4;3;1;0,0
24600007271000;12;5;7;28,2
24600007282000;17;8;9;33,7
24600007283000;5;1;4;48,0
24600007301000;2;1;1;0,0
24600007303000;2;1;1;0,0
24600007306000;6;4;2;62,3
24600007308000;7;4;3;74,0
24600007353000;475;245;230;40,2
24600007354000;378;155;223;60,1
24600007355000;51;24;27;58,1
24600007357000;789;414;375;37,9
24600007358000;1131;601;530;35,4
24600007359000;110;52;58;33,9
24600007360000;11;7;4;31,5
24600007362000;2;1;1;0,0
24600007446000;17;10;7;49,4
24600007447000;40;18;22;47,2
24600007448000;21;6;15;52,3
24600007565000;3;0;3;0,0
24600007566000;13;8;5;52,1
24600007567000;5;3;2;58,2
24600007572000;9;3;6;74,2
24600007573000;9;6;3;50,4
24610007249000;2;1;1;0,0
24610007255000;6;3;3;34,8
24610007256000;2;1;1;0,0
24610007284000;2;1;1;0,0
24610007285000;11;5;6;29,4
24610007347000;1;1;0;0,0
24610007350000;2;1;1;0,0
24610007353000;211;115;96;51,0
24610007354000;1655;818;837;48,4
24610007355000;1480;734;746;43,0
24610007356000;5;4;1;28,2
24610007357000;294;156;138;36,0
24610007358000;1310;644;666;40,9
24610007359000;79;39;40;40,1
24610007365000;4;2;2;0,0
24610007434000;3;1;2;0,0
24610007435000;3;2;1;0,0
24610007436000;10;5;5;58,7
24610007447000;19;9;10;42,1
24610007448000;5;3;2;46,2
24610007567000;12;6;6;36,4
24610007568000;4;3;1;0,0
24610007573000;17;8;9;51,8
24610007574000;11;5;6;53,7
24620007249000;7;4;3;68,7
24620007255000;2;1;1;0,0
24620007263000;3;1;2;0,0
24620007272000;6;4;2;42,0
24620007300000;11;4;7;27,4
24620007305000;1;1;0;0,0
24620007350000;11;6;5;46,2
24620007354000;68;40;28;40,8
24620007355000;1709;825;884;40,9
24620007356000;497;245;252;44,2
24620007357000;504;246;258;37,7
24620007358000;218;116;102;36,3
24620007365000;2;1;1;0,0
24620007427000;1;1;0;0,0
24620007568000;3;2;1;0,0
24620007574000;3;2;1;0,0
24620007575000;1;1;0;0,0
24620007576000;6;5;1;17,5
24620007577000;5;3;2;42,4
24620007578000;1;0;1;0,0
24620007580000;3;2;1;0,0
24620007581000;5;2;3;41,8
24630007249000;4;2;2;0,0
24630007265000;5;3;2;37,6
24630007267000;2;2;0;0,0
24630007272000;7;4;3;48,6
24630007297000;4;2;2;0,0
24630007300000;15;7;8;42,5
24630007302000;7;3;4;31,6
24630007303000;7;3;4;65,3
24630007304000;1;1;0;0,0
24630007355000;1235;575;660;39,4
24630007356000;1616;776;840;43,5
24630007357000;98;51;47;41,7
24630007428000;12;7;5;61,3
24630007445000;17;8;9;49,1
24630007569000;15;8;7;48,6
24630007570000;1;0;1;0,0
24630007577000;6;3;3;57,0
24630007579000;3;2;1;0,0
24630007580000;4;2;2;0,0
24630007581000;1;1;0;0,0
24640007249000;7;2;5;43,4
24640007267000;5;3;2;75,8
24640007283000;3;2;1;0,0
24640007297000;6;4;2;35,2
24640007304000;2;1;1;0,0
24640007354000;376;196;180;36,8
24640007355000;913;454;459;40,0
24640007356000;95;52;43;35,3
24640007431000;6;4;2;57,3
24640007580000;4;3;1;0,0
24650007248000;1;1;0;0,0
24650007249000;10;6;4;24,3
24650007283000;7;4;3;27,6
24650007354000;304;154;150;37,8
24650007355000;1482;760;722;41,6
24650007356000;55;28;27;38,4
24650007363000;13;6;7;32,4
24650007366000;6;4;2;56,3
24650007367000;3;1;2;0,0
24650007368000;1;1;0;0,0
24650007373000;1;1;0;0,0
24650007435000;3;1;2;0,0
24650007436000;8;4;4;46,9
24650007439000;2;1;1;0,0
24650007440000;20;13;7;56,5
24650007441000;2;1;1;0,0
24650007442000;1;0;1;0,0
24650007447000;7;2;5;58,1
24650007572000;1;1;0;0,0
24650007573000;2;1;1;0,0
24650007580000;32;13;19;31,2
24660007310000;2;2;0;0,0
24660007353000;6;1;5;37,2
24660007354000;186;101;85;35,3
24660007355000;72;39;33;37,2
24660007356000;17;10;7;48,7
24660007361000;12;7;5;29,2
24660007363000;2;1;1;0,0
24660007364000;19;8;11;38,6
24660007365000;1;1;0;0,0
24660007367000;3;2;1;0,0
24660007368000;9;5;4;47,4
24660007370000;4;3;1;0,0
24660007371000;8;5;3;30,6
24660007431000;6;4;2;34,8
24660007432000;2;1;1;0,0
24660007437000;8;3;5;69,9
24660007444000;1;1;0;0,0
24660007559000;97;47;50;44,6
24660007560000;250;121;129;38,7
24660007575000;4;4;0;0,0
24660007578000;24;11;13;50,5
24660007579000;35;18;17;33,8
24670007262000;7;4;3;43,0
24670007354000;174;94;80;37,8
24670007356000;33;16;17;37,2
24670007357000;12;6;6;39,3
24670007360000;15;9;6;41,6
24670007361000;5;3;2;34,2
24670007363000;11;6;5;41,5
24670007366000;1;0;1;0,0
24670007369000;4;3;1;0,0
24670007434000;6;3;3;29,8
24670007435000;4;2;2;0,0
24670007438000;1;1;0;0,0
24670007439000;18;8;10;46,1
24670007445000;1;0;1;0,0
24670007446000;1;0;1;0,0
24670007452000;17;11;6;58,0
24670007474000;23;10;13;48,3
24670007559000;19;8;11;41,0
24670007560000;91;53;38;46,7
24670007568000;7;4;3;49,4
24670007574000;3;1;2;0,0
24670007578000;20;9;11;42,9
24670007579000;4;2;2;0,0
24680007262000;5;4;1;57,4
24680007272000;4;3;1;0,0
24680007354000;26;13;13;42,2
24680007355000;1;0;1;0,0
24680007356000;47;26;21;38,7
24680007357000;29;12;17;37,8
24680007360000;9;5;4;33,3
24680007369000;6;4;2;46,0
24680007370000;7;4;3;43,3
24680007371000;2;1;1;0,0
24680007435000;3;2;1;0,0
24680007443000;19;9;10;53,3
24680007473000;1;1;0;0,0
24680007474000;25;13;12;33,0
24680007565000;3;2;1;0,0
24680007566000;6;3;3;65,8
24680007569000;5;4;1;53,8
24680007578000;19;9;10;40,9
24690007272000;1;0;1;0,0
24690007354000;25;15;10;33,2
24690007355000;35;18;17;36,7
24690007356000;9;5;4;39,0
24690007357000;20;12;8;40,5
24690007358000;43;23;20;37,9
24690007359000;86;42;44;39,5
24690007360000;29;13;16;37,6
24690007361000;6;3;3;42,8
24690007362000;9;5;4;40,4
24690007371000;10;6;4;45,3
24690007439000;16;7;9;58,0
24690007441000;9;4;5;50,2
24690007442000;32;18;14;35,6
24690007443000;25;9;16;61,1
24690007444000;18;8;10;21,3
24690007452000;1;0;1;0,0
24690007569000;19;10;9;51,7
24690007571000;16;7;9;42,3
24690007573000;3;1;2;0,0
24690007574000;4;2;2;0,0
24700007243000;1;1;0;0,0
24700007309000;3;1;2;0,0
24700007353000;13;6;7;29,4
24700007354000;53;28;25;32,7
24700007355000;39;22;17;36,9
24700007356000;22;11;11;34,7
24700007357000;2;1;1;0,0
24700007358000;7;5;2;21,6
24700007359000;133;69;64;36,8
24700007360000;139;74;65;37,1
24700007361000;2;1;1;0,0
24700007438000;1;0;1;0,0
24700007439000;26;12;14;54,5
24700007441000;10;5;5;42,3
24700007442000;15;9;6;45,1
24700007443000;13;8;5;36,8
24700007444000;55;24;31;39,5
24700007445000;50;26;24;46,6
24700007569000;6;1;5;60,7
24700007570000;10;6;4;43,3
24700007571000;1;1;0;0,0
24710007260000;1;0;1;0,0
24710007299000;8;5;3;21,4
24710007354000;2;2;0;0,0
24710007355000;41;21;20;49,2
24710007356000;2;1;1;0,0
24710007357000;13;7;6;33,0
24710007358000;44;24;20;36,3
24710007359000;33;17;16;36,9
24710007360000;36;19;17;31,0
24710007361000;19;7;12;34,9
24710007439000;2;1;1;0,0
24710007445000;5;4;1;65,8
24710007451000;4;1;3;0,0
24710007461000;8;8;0;40,1
24710007569000;2;0;2;0,0
24710007570000;9;4;5;28,1
24710007571000;9;5;4;55,1
24710007573000;39;18;21;43,2
24710007574000;12;6;6;37,6
24710007575000;13;7;6;41,1
24710007576000;44;22;22;45,7
24710007577000;2;1;1;0,0
24720007310000;2;1;1;0,0
24720007354000;5;3;2;48,8
24720007356000;3;2;1;0,0
24720007359000;44;26;18;32,0
24720007361000;12;8;4;28,1
24720007362000;12;7;5;25,3
24720007452000;3;1;2;0,0
24720007454000;23;13;10;42,3
24720007455000;7;3;4;31,6
24720007461000;47;25;22;35,1
24720007462000;2272;1114;1158;42,6
24720007463000;23;10;13;53,7
24720007563000;1;0;1;0,0
24720007564000;22;13;9;45,7
24720007565000;2;1;1;0,0
24720007569000;1;1;0;0,0
24720007571000;4;2;2;0,0
24720007573000;7;4;3;67,3
24720007574000;11;7;4;26,5
24720007575000;81;44;37;36,5
24720007576000;5;4;1;36,8
24720007579000;25;13;12;44,9
24730007298000;6;4;2;37,2
24730007356000;10;5;5;56,3
24730007357000;3;2;1;0,0
24730007359000;33;18;15;39,5
24730007360000;3;2;1;0,0
24730007361000;11;5;6;42,4
24730007362000;18;10;8;37,9
24730007440000;10;6;4;40,9
24730007441000;3;2;1;0,0
24730007452000;4;2;2;0,0
24730007453000;11;7;4;43,4
24730007454000;3;2;1;0,0
24730007455000;18;8;10;38,9
24730007461000;17;10;7;42,8
24730007462000;3394;1617;1777;40,5
24730007463000;1789;963;826;43,4
24730007464000;88;44;44;42,4
24730007465000;71;34;37;32,8
24730007475000;6;4;2;60,8
24730007564000;1;0;1;0,0
24730007565000;104;50;54;31,7
24730007566000;5;2;3;43,8
24730007574000;1;1;0;0,0
24730007575000;10;5;5;38,3
24740007308000;1;1;0;0,0
24740007309000;1;0;1;0,0
24740007356000;3;1;2;0,0
24740007357000;1;1;0;0,0
24740007358000;8;5;3;51,0
24740007359000;21;12;9;34,5
24740007364000;4;1;3;0,0
24740007453000;4;3;1;0,0
24740007461000;5;3;2;47,0
24740007462000;3124;1517;1607;42,3
24740007463000;2686;1322;1364;39,8
24740007464000;2110;1018;1092;43,8
24740007465000;118;61;57;40,5
24740007564000;9;5;4;20,6
24740007565000;106;54;52;39,2
24740007566000;139;70;69;40,1
24750007258000;5;3;2;33,8
24750007358000;23;15;8;38,9
24750007365000;13;7;6;17,3
24750007452000;4;1;3;0,0
24750007453000;1;1;0;0,0
24750007454000;3;2;1;0,0
24750007461000;528;268;260;37,2
24750007462000;173;96;77;34,6
24750007463000;2139;1051;1088;37,4
24750007464000;2531;1225;1306;41,8
24750007465000;1142;578;564;35,7
24750007565000;45;19;26;31,7
24750007566000;84;42;42;35,6
24750007586000;22;15;7;47,1
24750007619000;5;2;3;57,2
24760007258000;1;0;1;0,0
24760007297000;3;2;1;0,0
24760007358000;5;4;1;48,4
24760007359000;11;5;6;31,9
24760007365000;42;22;20;42,8
24760007453000;7;2;5;61,6
24760007461000;897;448;449;35,3
24760007462000;2260;1159;1101;32,5
24760007463000;751;355;396;36,7
24760007464000;566;300;266;36,2
24760007465000;15;9;6;43,9
24760007466000;1090;540;550;34,7
24760007467000;66;42;24;36,3
24760007565000;4;2;2;0,0
24760007566000;214;106;108;32,9
24760007567000;24;11;13;32,1
24760007586000;206;103;103;42,1
24760007612000;2;1;1;0,0
24760007614000;11;5;6;46,9
24760007615000;1;0;1;0,0
24760007617000;24;14;10;48,3
24760007618000;6;3;3;61,7
24760007619000;1;1;0;0,0
24770007365000;9;4;5;44,6
24770007366000;7;3;4;29,1
24770007367000;9;5;4;46,3
24770007451000;3;1;2;0,0
24770007452000;17;11;6;35,8
24770007453000;27;15;12;43,2
24770007456000;3;1;2;0,0
24770007457000;3;1;2;0,0
24770007461000;52;30;22;32,5
24770007462000;2443;1250;1193;34,0
24770007467000;57;30;27;35,1
24770007565000;67;39;28;33,4
24770007566000;387;197;190;38,7
24770007567000;98;48;50;34,2
24770007582000;12;7;5;39,8
24770007586000;51;28;23;43,9
24770007610000;5;1;4;32,0
24770007611000;134;71;63;42,5
24770007612000;204;91;113;49,5
24770007613000;23;12;11;41,4
24770007614000;48;21;27;48,9
24770007615000;45;21;24;53,3
24770007616000;21;9;12;51,8
24770007618000;15;6;9;26,2
24770007619000;30;16;14;46,1
24780007356000;8;5;3;17,5
24780007358000;6;3;3;28,7
24780007364000;182;87;95;33,1
24780007365000;367;181;186;34,8
24780007366000;9;5;4;38,9
24780007451000;3;2;1;0,0
24780007456000;11;3;8;36,9
24780007457000;18;8;10;45,4
24780007462000;1768;885;883;37,8
24780007467000;9;5;4;53,4
24780007468000;12;7;5;53,5
24780007565000;24;12;12;49,6
24780007566000;1069;530;539;43,3
24780007567000;79;41;38;40,7
24780007586000;57;29;28;45,6
24780007587000;9;7;2;41,7
24780007610000;32;18;14;39,7
24780007611000;231;121;110;45,9
24780007612000;94;51;43;43,5
24780007614000;1;1;0;0,0
24780007616000;14;7;7;55,2
24780007617000;12;5;7;43,0
24780007618000;86;22;64;71,6
24780007619000;134;70;64;44,4
24780007620000;58;32;26;40,8
24780007629000;39;20;19;54,5
24790007357000;11;4;7;24,8
24790007358000;11;7;4;31,0
24790007364000;101;50;51;46,3
24790007366000;6;3;3;41,7
24790007432000;7;3;4;48,6
24790007451000;29;13;16;47,6
24790007462000;1737;863;874;33,6
24790007463000;391;210;181;41,5
24790007464000;2;1;1;0,0
24790007465000;8;5;3;40,0
24790007466000;8;7;1;22,0
24790007467000;2;1;1;0,0
24790007469000;28;13;15;34,9
24790007567000;38;23;15;42,8
24790007579000;7;5;2;50,6
24790007580000;29;18;11;44,2
24790007586000;5;2;3;32,4
24790007587000;16;9;7;36,5
24790007610000;42;19;23;43,5
24790007611000;59;26;33;42,9
24790007617000;17;10;7;44,5
24790007618000;6;3;3;40,0
24790007619000;182;84;98;39,6
24790007620000;23;12;11;37,1
24790007629000;27;16;11;48,6
24800007293000;2;0;2;0,0
24800007346000;8;4;4;36,6
24800007357000;1;1;0;0,0
24800007358000;4;2;2;0,0
24800007361000;2;0;2;0,0
24800007362000;29;17;12;33,4
24800007364000;27;11;16;28,1
24800007365000;19;10;9;38,3
24800007404000;3;2;1;0,0
24800007432000;14;9;5;37,4
24800007433000;37;19;18;50,5
24800007434000;4;1;3;0,0
24800007435000;9;5;4;51,3
24800007451000;2;1;1;0,0
24800007454000;26;14;12;48,4
24800007457000;41;20;21;47,0
24800007462000;827;421;406;29,8
24800007463000;1405;724;681;36,6
24800007464000;131;71;60;45,1
24800007466000;9;5;4;44,7
24800007469000;9;4;5;22,0
24800007470000;62;34;28;35,8
24800007567000;1;0;1;0,0
24800007568000;134;71;63;35,3
24800007569000;398;191;207;39,0
24800007570000;7;5;2;47,0
24800007578000;1;0;1;0,0
24800007579000;2;1;1;0,0
24800007587000;9;5;4;47,6
24800007610000;8;4;4;47,8
24800007611000;4;3;1;0,0
24800007618000;6;3;3;69,0
24800007619000;8;3;5;61,8
24800007620000;2;1;1;0,0
24800007621000;11;4;7;46,2
24800007626000;10;4;6;59,8
24810007338000;1;1;0;0,0
24810007357000;6;3;3;37,0
24810007362000;5;1;4;42,4
24810007404000;6;2;4;37,3
24810007405000;10;8;2;44,6
24810007406000;3;2;1;0,0
24810007431000;7;3;4;48,6
24810007432000;59;27;32;43,7
24810007433000;6;5;1;55,0
24810007434000;1;1;0;0,0
24810007435000;9;6;3;58,2
24810007436000;5;4;1;52,2
24810007439000;2;2;0;0,0
24810007455000;7;5;2;45,1
24810007457000;54;29;25;38,0
24810007462000;212;108;104;29,3
24810007463000;1473;721;752;38,4
24810007464000;980;514;466;35,5
24810007467000;7;5;2;57,9
24810007470000;14;7;7;34,3
24810007471000;29;11;18;40,3
24810007472000;55;30;25;33,2
24810007568000;586;251;335;47,4
24810007569000;1206;621;585;41,1
24810007570000;598;314;284;34,9
24810007588000;1;1;0;0,0
24810007589000;10;3;7;37,6
24810007611000;22;12;10;51,5
24810007612000;4;2;2;0,0
24810007618000;24;12;12;52,0
24810007622000;9;3;6;55,8
24810007623000;12;6;6;42,7
24810007632000;5;1;4;45,8
24810007633000;18;8;10;57,3
24820007355000;10;7;3;27,3
24820007357000;3;2;1;0,0
24820007361000;2;1;1;0,0
24820007362000;10;6;4;49,1
24820007364000;2;1;1;0,0
24820007365000;4;2;2;0,0
24820007407000;21;13;8;45,5
24820007431000;6;2;4;55,2
24820007432000;106;49;57;41,1
24820007452000;10;6;4;30,0
24820007453000;3;2;1;0,0
24820007454000;16;9;7;50,0
24820007457000;72;36;36;36,7
24820007462000;54;25;29;34,7
24820007463000;1235;666;569;34,0
24820007464000;1157;573;584;33,4
24820007467000;13;8;5;49,3
24820007472000;9;5;4;43,8
24820007473000;9;3;6;36,8
24820007568000;147;71;76;50,9
24820007569000;1042;534;508;38,8
24820007570000;476;237;239;42,2
24820007587000;1;1;0;0,0
24820007589000;3;2;1;0,0
24820007611000;3;2;1;0,0
24820007612000;30;17;13;41,1
24820007618000;22;12;10;39,0
24820007621000;1;0;1;0,0
24820007622000;4;3;1;0,0
24820007623000;13;7;6;51,6
24820007624000;5;3;2;37,4
24820007625000;7;3;4;59,3
24820007626000;4;2;2;0,0
24820007632000;2;1;1;0,0
24820007633000;3;2;1;0,0
24830007355000;6;2;4;53,8
24830007359000;12;6;6;35,3
24830007360000;1;1;0;0,0
24830007362000;24;14;10;22,1
24830007363000;3;2;1;0,0
24830007408000;5;1;4;35,6
24830007409000;14;7;7;28,0
24830007415000;2;1;1;0,0
24830007431000;15;8;7;47,7
24830007432000;2;0;2;0,0
24830007454000;10;3;7;44,4
24830007455000;87;43;44;31,9
24830007456000;91;46;45;42,4
24830007457000;176;91;85;41,5
24830007458000;60;29;31;31,5
24830007463000;535;291;244;29,4
24830007464000;9;3;6;32,0
24830007467000;19;8;11;40,8
24830007473000;144;81;63;39,2
24830007474000;7;3;4;28,1
24830007476000;10;5;5;22,0
24830007477000;15;8;7;37,7
24830007569000;18;9;9;40,4
24830007585000;2;1;1;0,0
24830007586000;1;0;1;0,0
24830007590000;1;1;0;0,0
24830007611000;1;1;0;0,0
24830007612000;36;20;16;61,8
24830007616000;21;10;11;48,9
24830007617000;9;5;4;48,2
24830007618000;11;7;4;54,9
24830007619000;6;4;2;46,2
24830007620000;16;7;9;50,2
24830007621000;19;13;6;31,6
24830007622000;1;0;1;0,0
24830007623000;72;36;36;40,0
24830007624000;57;29;28;43,4
24830007625000;92;51;41;41,4
24830007626000;5;2;3;51,6
24840007354000;1;1;0;0,0
24840007355000;4;1;3;0,0
24840007356000;8;2;6;23,4
24840007360000;14;6;8;36,6
24840007364000;2;1;1;0,0
24840007411000;2;1;1;0,0
24840007415000;2;1;1;0,0
24840007416000;1;1;0;0,0
24840007417000;7;3;4;42,0
24840007430000;13;7;6;43,5
24840007431000;14;7;7;43,1
24840007455000;17;8;9;40,1
24840007456000;14;9;5;36,8
24840007457000;19;10;9;43,9
24840007458000;12;9;3;37,7
24840007463000;92;44;48;33,2
24840007464000;84;43;41;43,0
24840007465000;10;3;7;45,8
24840007466000;24;11;13;34,7
24840007467000;8;3;5;51,4
24840007473000;7;4;3;36,3
24840007474000;175;93;82;33,0
24840007475000;46;26;20;40,9
24840007476000;53;27;26;40,2
24840007477000;1;1;0;0,0
24840007590000;1;0;1;0,0
24840007591000;20;12;8;44,1
24840007605000;2;1;1;0,0
24840007612000;37;19;18;47,5
24840007613000;25;11;14;48,2
24840007614000;8;7;1;51,1
24840007615000;2;1;1;0,0
24840007616000;11;4;7;47,0
24840007617000;4;2;2;0,0
24840007618000;1;0;1;0,0
24840007620000;4;2;2;0,0
24840007623000;12;7;5;44,3
24840007624000;18;8;10;48,2
24840007625000;14;9;5;61,4
24850007354000;4;1;3;0,0
24850007355000;3;2;1;0,0
24850007360000;6;5;1;41,0
24850007364000;12;7;5;47,0
24850007411000;2;2;0;0,0
24850007412000;9;5;4;55,8
24850007413000;3;2;1;0,0
24850007414000;4;2;2;0,0
24850007415000;4;2;2;0,0
24850007418000;2;2;0;0,0
24850007430000;12;6;6;47,3
24850007431000;26;14;12;48,0
24850007453000;11;4;7;22,0
24850007454000;19;6;13;46,7
24850007455000;4;2;2;0,0
24850007457000;1;1;0;0,0
24850007464000;49;26;23;35,7
24850007467000;7;3;4;48,4
24850007474000;5;3;2;45,4
24850007475000;22;11;11;36,0
24850007476000;10;5;5;40,6
24850007561000;136;68;68;44,3
24850007569000;2;0;2;0,0
24850007578000;3;2;1;0,0
24850007579000;4;4;0;0,0
24850007590000;7;4;3;27,1
24850007591000;10;6;4;50,4
24850007603000;10;6;4;52,9
24850007606000;4;2;2;0,0
24850007607000;9;4;5;44,8
24850007613000;2;0;2;0,0
24850007614000;4;3;1;0,0
24850007615000;25;16;9;44,2
24850007616000;17;8;9;48,1
24850007621000;1;0;1;0,0
24850007623000;11;6;5;53,5
24850007624000;20;10;10;41,0
24850007625000;48;27;21;43,4
24850007626000;16;7;9;50,1
24850007630000;2;1;1;0,0
24850007631000;1;1;0;0,0
24850007632000;1;0;1;0,0
24860007358000;18;10;8;28,6
24860007360000;9;6;3;28,9
24860007414000;2;1;1;0,0
24860007415000;2;1;1;0,0
24860007417000;8;4;4;48,5
24860007418000;4;3;1;0,0
24860007430000;4;2;2;0,0
24860007431000;28;11;17;41,1
24860007453000;4;2;2;0,0
24860007454000;11;6;5;47,3
24860007457000;16;7;9;41,7
24860007458000;6;3;3;44,8
24860007561000;62;33;29;45,8
24860007570000;15;8;7;32,3
24860007571000;10;4;6;48,1
24860007574000;5;3;2;45,2
24860007579000;3;1;2;0,0
24860007590000;10;6;4;37,9
24860007602000;15;9;6;40,4
24860007603000;2;1;1;0,0
24860007607000;14;6;8;64,3
24860007608000;1;0;1;0,0
24860007616000;9;4;5;45,7
24860007622000;8;3;5;35,4
24860007627000;3;1;2;0,0
24860007628000;2;2;0;0,0
24870007351000;3;2;1;0,0
24870007358000;6;2;4;18,2
24870007417000;5;2;3;71,0
24870007418000;15;7;8;45,7
24870007430000;12;7;5;44,9
24870007431000;11;4;7;48,8
24870007457000;45;23;22;36,7
24870007458000;5;2;3;64,4
24870007459000;23;9;14;34,8
24870007463000;16;9;7;36,2
24870007464000;27;15;12;35,8
24870007465000;22;22;0;34,1
24870007482000;5;2;3;29,4
24870007486000;7;3;4;43,1
24870007487000;7;4;3;42,4
24870007522000;2;1;1;0,0
24870007574000;6;4;2;41,0
24870007578000;5;3;2;64,8
24870007579000;35;18;17;54,7
24870007587000;2;1;1;0,0
24870007589000;5;2;3;60,2
24870007590000;3;2;1;0,0
24870007601000;6;5;1;61,2
24870007602000;7;4;3;54,7
24870007607000;4;3;1;0,0
24870007608000;13;9;4;61,5
24870007622000;7;3;4;66,9
24870007623000;3;1;2;0,0
24870007626000;10;4;6;69,0
24870007627000;14;7;7;59,0
24870007628000;7;5;2;57,4
24870007629000;1;0;1;0,0
24870007630000;1;0;1;0,0
24880007357000;20;13;7;29,0
24880007366000;5;2;3;30,4
24880007419000;1;1;0;0,0
24880007420000;2;1;1;0,0
24880007421000;4;1;3;0,0
24880007430000;18;9;9;48,3
24880007431000;22;12;10;51,1
24880007458000;10;4;6;46,7
24880007460000;33;17;16;39,8
24880007461000;66;32;34;41,8
24880007462000;65;40;25;40,8
24880007463000;913;469;444;33,7
24880007464000;1747;871;876;36,5
24880007465000;212;103;109;33,3
24880007466000;133;70;63;34,4
24880007486000;23;11;12;53,6
24880007487000;44;23;21;45,0
24880007488000;2;1;1;0,0
24880007578000;3;2;1;0,0
24880007580000;15;10;5;47,5
24880007582000;48;25;23;47,8
24880007586000;1;1;0;0,0
24880007590000;5;2;3;32,2
24880007591000;9;6;3;46,8
24880007599000;3;2;1;0,0
24880007600000;47;26;21;39,1
24880007606000;2;1;1;0,0
24880007607000;22;11;11;45,6
24880007617000;4;2;2;0,0
24880007618000;3;1;2;0,0
24880007619000;26;14;12;52,6
24880007620000;4;2;2;0,0
24880007621000;4;2;2;0,0
24880007626000;1;1;0;0,0
24880007627000;4;2;2;0,0
24890007356000;3;2;1;0,0
24890007419000;4;2;2;0,0
24890007420000;1;0;1;0,0
24890007421000;17;9;8;38,0
24890007422000;54;28;26;46,7
24890007429000;12;5;7;63,9
24890007430000;39;19;20;47,7
24890007431000;13;8;5;40,8
24890007452000;11;6;5;45,5
24890007460000;25;12;13;37,6
24890007461000;11;7;4;31,3
24890007464000;241;123;118;38,5
24890007465000;69;36;33;31,8
24890007467000;3;1;2;0,0
24890007469000;3;1;2;0,0
24890007479000;22;11;11;39,5
24890007480000;11;3;8;37,5
24890007486000;2;1;1;0,0
24890007487000;2;1;1;0,0
24890007488000;3;2;1;0,0
24890007489000;38;17;21;43,2
24890007580000;42;24;18;47,6
24890007581000;27;15;12;53,6
24890007582000;69;38;31;39,9
24890007583000;10;6;4;36,6
24890007591000;63;33;30;45,5
24890007598000;3;2;1;0,0
24890007599000;35;19;16;38,3
24890007600000;2;1;1;0,0
24890007605000;16;8;8;59,3
24890007606000;8;5;3;35,9
24890007607000;18;10;8;51,0
24890007617000;4;2;2;0,0
24890007618000;7;4;3;65,9
24890007619000;6;3;3;61,8
24890007628000;3;1;2;0,0
24900007355000;14;8;6;32,1
24900007367000;2;1;1;0,0
24900007419000;3;1;2;0,0
24900007421000;39;19;20;37,6
24900007422000;25;14;11;56,2
24900007423000;16;11;5;47,9
24900007424000;14;7;7;54,5
24900007426000;4;2;2;0,0
24900007428000;11;6;5;39,3
24900007429000;50;24;26;49,5
24900007430000;59;29;30;41,5
24900007457000;6;4;2;57,0
24900007470000;15;11;4;45,6
24900007479000;66;34;32;39,7
24900007480000;10;6;4;50,9
24900007489000;129;63;66;52,6
24900007505000;1;0;1;0,0
24900007512000;83;44;39;45,5
24900007513000;26;10;16;49,5
24900007524000;5;3;2;27,0
24900007579000;10;5;5;45,5
24900007580000;3;2;1;0,0
24900007583000;4;3;1;0,0
24900007591000;5;3;2;51,0
24900007598000;219;111;108;39,3
24900007599000;3;2;1;0,0
24900007607000;13;7;6;32,9
24900007611000;2;1;1;0,0
24900007616000;3;2;1;0,0
24900007617000;2;2;0;0,0
24900007636000;1;0;1;0,0
24910007354000;9;6;3;52,8
24910007355000;4;3;1;0,0
24910007425000;5;2;3;58,2
24910007426000;3;2;1;0,0
24910007428000;14;7;7;45,1
24910007429000;12;6;6;60,0
24910007463000;1;1;0;0,0
24910007464000;1;1;0;0,0
24910007480000;3;2;1;0,0
24910007489000;15;8;7;47,5
24910007490000;27;14;13;53,1
24910007512000;1;1;0;0,0
24910007513000;100;47;53;44,8
24910007521000;5;4;1;47,0
24910007523000;12;8;4;28,1
24910007524000;63;33;30;50,6
24910007569000;6;4;2;42,7
24910007585000;1;0;1;0,0
24910007591000;3;2;1;0,0
24910007598000;764;385;379;38,9
24910007599000;69;36;33;46,9
24910007607000;7;4;3;36,0
24910007613000;2;1;1;0,0
24920007353000;4;3;1;0,0
24920007354000;1;1;0;0,0
24920007355000;3;2;1;0,0
24920007368000;1;1;0;0,0
24920007369000;29;18;11;47,2
24920007370000;4;3;1;0,0
24920007419000;6;2;4;46,3
24920007420000;3;1;2;0,0
24920007426000;3;2;1;0,0
24920007427000;4;2;2;0,0
24920007428000;27;15;12;47,3
24920007454000;3;1;2;0,0
24920007457000;5;2;3;60,4
24920007461000;4;2;2;0,0
24920007462000;23;15;8;37,4
24920007463000;14;8;6;44,5
24920007464000;21;11;10;46,1
24920007490000;5;3;2;66,4
24920007511000;5;2;3;77,6
24920007513000;28;14;14;43,5
24920007518000;5;2;3;35,8
24920007520000;1;1;0;0,0
24920007521000;6;3;3;67,5
24920007524000;5;3;2;49,8
24920007585000;2;1;1;0,0
24920007586000;1;0;1;0,0
24920007590000;16;11;5;42,6
24920007591000;34;19;15;35,6
24920007598000;307;161;146;46,1
24920007599000;751;381;370;38,6
24920007606000;9;4;5;62,7
24920007607000;9;5;4;21,3
24920007611000;12;6;6;40,5
24920007612000;21;15;6;42,9
24920007613000;6;2;4;69,2
24920007614000;30;12;18;35,6
24920007633000;1;1;0;0,0
24930007355000;4;1;3;0,0
24930007371000;8;5;3;57,9
24930007372000;6;4;2;52,0
24930007419000;4;1;3;0,0
24930007425000;4;3;1;0,0
24930007461000;12;5;7;49,3
24930007462000;70;37;33;33,0
24930007463000;6;3;3;50,8
24930007464000;10;4;6;58,1
24930007470000;2;1;1;0,0
24930007471000;5;3;2;47,8
24930007491000;16;7;9;35,9
24930007511000;2;0;2;0,0
24930007513000;54;23;31;36,1
24930007518000;2;1;1;0,0
24930007521000;6;5;1;45,8
24930007527000;1;1;0;0,0
24930007568000;11;5;6;41,0
24930007569000;2;0;2;0,0
24930007598000;69;36;33;44,1
24930007599000;136;66;70;37,1
24930007605000;1;0;1;0,0
24930007606000;32;18;14;45,9
24930007608000;1;0;1;0,0
24930007611000;31;17;14;44,8
24930007614000;2;2;0;0,0
24930007632000;1;1;0;0,0
24940007418000;5;3;2;35,8
24940007462000;1;0;1;0,0
24940007463000;4;3;1;0,0
24940007486000;3;1;2;0,0
24940007491000;4;2;2;0,0
24940007492000;8;3;5;38,3
24940007513000;45;21;24;44,2
24940007527000;4;2;2;0,0
24940007568000;3;2;1;0,0
24940007575000;2;1;1;0,0
24940007598000;20;10;10;51,8
24940007599000;29;18;11;34,2
24940007605000;102;51;51;32,3
24940007606000;336;167;169;37,1
24940007608000;60;33;27;35,6
24940007609000;21;14;7;29,7
24940007611000;39;19;20;41,0
24940007612000;6;4;2;17,0
24940007615000;4;2;2;0,0
24950007376000;3;1;2;0,0
24950007448000;12;5;7;65,0
24950007451000;7;3;4;34,1
24950007456000;13;8;5;47,8
24950007464000;1;1;0;0,0
24950007486000;4;2;2;0,0
24950007511000;5;2;3;36,6
24950007512000;41;23;18;50,0
24950007513000;17;8;9;30,8
24950007519000;4;2;2;0,0
24950007529000;14;7;7;50,4
24950007533000;1;1;0;0,0
24950007576000;1;0;1;0,0
24950007593000;13;6;7;41,8
24950007598000;10;6;4;57,3
24950007599000;47;23;24;61,1
24950007605000;270;122;148;36,0
24950007606000;541;276;265;42,1
24950007608000;220;111;109;37,8
24950007610000;3;1;2;0,0
24950007615000;1;1;0;0,0
24950007640000;4;2;2;0,0
24960007376000;18;10;8;47,3
24960007437000;2;1;1;0,0
24960007447000;1;0;1;0,0
24960007448000;7;3;4;48,4
24960007452000;6;3;3;78,2
24960007453000;12;6;6;38,4
24960007456000;7;3;4;42,6
24960007457000;5;4;1;35,6
24960007463000;2;1;1;0,0
24960007464000;1;0;1;0,0
24960007486000;6;4;2;37,3
24960007527000;7;3;4;37,0
24960007529000;1;0;1;0,0
24960007577000;2;1;1;0,0
24960007599000;28;14;14;52,2
24960007604000;219;100;119;42,2
24960007605000;648;300;348;42,2
24960007606000;265;129;136;47,7
24960007607000;8;5;3;43,8
24960007608000;156;76;80;43,3
24960007615000;10;4;6;51,1
24960007616000;19;11;8;40,3
24960007633000;2;1;1;0,0
24960007640000;17;8;9;66,1
24970007375000;23;11;12;43,8
24970007376000;14;7;7;36,6
24970007418000;1;1;0;0,0
24970007445000;3;2;1;0,0
24970007446000;4;2;2;0,0
24970007447000;2;1;1;0,0
24970007453000;12;9;3;37,2
24970007454000;9;6;3;44,0
24970007457000;8;5;3;30,0
24970007458000;3;1;2;0,0
24970007463000;2;1;1;0,0
24970007464000;4;2;2;0,0
24970007486000;3;3;0;0,0
24970007505000;5;3;2;61,0
24970007506000;1;0;1;0,0
24970007527000;2;0;2;0,0
24970007533000;4;3;1;0,0
24970007534000;4;2;2;0,0
24970007535000;1;0;1;0,0
24970007574000;14;8;6;67,6
24970007576000;1;0;1;0,0
24970007599000;1;0;1;0,0
24970007600000;1;1;0;0,0
24970007601000;20;11;9;46,1
24970007604000;96;46;50;39,8
24970007605000;117;54;63;30,6
24970007606000;515;272;243;43,4
24970007608000;28;15;13;46,1
24970007616000;6;4;2;35,0
24970007617000;5;2;3;65,2
24970007630000;2;1;1;0,0
24970007631000;9;5;4;63,9
24970007632000;2;1;1;0,0
24970007640000;2;1;1;0,0
24980007375000;2;2;0;0,0
24980007439000;14;8;6;51,9
24980007441000;1;1;0;0,0
24980007442000;20;10;10;47,2
24980007447000;6;3;3;67,0
24980007453000;25;12;13;46,1
24980007458000;37;23;14;37,5
24980007459000;3;2;1;0,0
24980007506000;11;4;7;46,4
24980007515000;2;1;1;0,0
24980007519000;7;5;2;44,1
24980007534000;1;1;0;0,0
24980007535000;6;3;3;31,8
24980007536000;35;14;21;42,6
24980007601000;37;19;18;50,4
24980007602000;16;8;8;47,9
24980007603000;1;1;0;0,0
24980007604000;4;2;2;0,0
24980007605000;5;2;3;51,6
24980007606000;168;79;89;40,4
24980007608000;42;27;15;42,2
24980007616000;1;1;0;0,0
24980007617000;16;8;8;39,4
24980007629000;1;1;0;0,0
24980007630000;1;1;0;0,0
24990007374000;1;1;0;0,0
24990007435000;4;2;2;0,0
24990007436000;11;5;6;40,7
24990007437000;10;4;6;43,5
24990007439000;14;7;7;50,8
24990007440000;8;4;4;45,6
24990007441000;3;1;2;0,0
24990007444000;75;36;39;47,9
24990007445000;10;4;6;39,6
24990007446000;3;3;0;0,0
24990007453000;10;7;3;37,7
24990007454000;6;4;2;49,0
24990007457000;1;1;0;0,0
24990007464000;10;4;6;33,6
24990007465000;8;5;3;53,1
24990007486000;2;1;1;0,0
24990007495000;2;1;1;0,0
24990007507000;1;1;0;0,0
24990007514000;13;7;6;56,5
24990007519000;8;5;3;46,8
24990007520000;5;2;3;25,0
24990007527000;2;1;1;0,0
24990007528000;2;2;0;0,0
24990007534000;16;10;6;45,5
24990007535000;39;19;20;35,7
24990007577000;63;30;33;43,8
24990007578000;10;4;6;41,3
24990007602000;25;12;13;46,5
24990007603000;23;10;13;46,6
24990007604000;43;25;18;41,0
24990007608000;30;18;12;42,9
24990007617000;2;1;1;0,0
24990007628000;2;1;1;0,0
24990007629000;2;1;1;0,0
24990007638000;1;1;0;0,0
25000007429000;3;2;1;0,0
25000007435000;18;12;6;48,1
25000007436000;6;5;1;43,3
25000007439000;6;3;3;34,8
25000007440000;11;6;5;51,5
25000007443000;3;2;1;0,0
25000007444000;180;81;99;48,6
25000007445000;34;19;15;47,0
25000007455000;2;1;1;0,0
25000007456000;8;4;4;37,0
25000007457000;102;53;49;43,2
25000007464000;3;1;2;0,0
25000007487000;4;2;2;0,0
25000007507000;11;6;5;53,6
25000007514000;7;4;3;58,4
25000007517000;211;92;119;45,9
25000007518000;5;4;1;50,4
25000007519000;15;9;6;40,3
25000007528000;4;3;1;0,0
25000007534000;58;31;27;40,0
25000007537000;6;2;4;25,0
25000007538000;10;6;4;34,7
25000007539000;16;7;9;34,6
25000007572000;15;8;7;47,7
25000007576000;12;6;6;50,3
25000007608000;8;5;3;39,0
25000007609000;1;1;0;0,0
25000007628000;2;1;1;0,0
25000007631000;10;5;5;42,6
25000007632000;1;1;0;0,0
25000007633000;4;2;2;0,0
25000007634000;17;11;6;44,5
25000007635000;6;4;2;27,2
25000007653000;15;11;4;37,1
25000007654000;3;1;2;0,0
25010007373000;2;1;1;0,0
25010007435000;2;1;1;0,0
25010007438000;1;0;1;0,0
25010007444000;6;4;2;52,7
25010007456000;8;4;4;39,9
25010007457000;24;13;11;43,8
25010007467000;1;1;0;0,0
25010007486000;2;1;1;0,0
25010007507000;25;13;12;40,3
25010007513000;5;3;2;66,2
25010007514000;24;12;12;49,0
25010007516000;70;40;30;45,2
25010007517000;66;30;36;40,9
25010007519000;15;9;6;44,1
25010007528000;3;2;1;0,0
25010007530000;1;0;1;0,0
25010007533000;6;5;1;36,8
25010007534000;34;19;15;40,1
25010007538000;35;17;18;51,2
25010007539000;6;3;3;54,0
25010007576000;6;2;4;30,2
25010007592000;4;2;2;0,0
25010007593000;2;1;1;0,0
25010007594000;1;0;1;0,0
25010007607000;24;13;11;37,2
25010007609000;25;10;15;29,2
25010007617000;1;0;1;0,0
25010007618000;2;1;1;0,0
25010007628000;2;1;1;0,0
25010007630000;28;12;16;40,7
25010007631000;27;11;16;35,4
25010007643000;10;5;5;39,7
25010007646000;34;18;16;35,6
25010007653000;2;1;1;0,0
25020007508000;6;2;4;65,2
25020007509000;5;3;2;51,2
25020007514000;3;2;1;0,0
25020007519000;23;15;8;46,1
25020007520000;7;4;3;41,4
25020007529000;4;1;3;0,0
25020007531000;8;3;5;23,8
25020007533000;14;6;8;46,3
25020007534000;1;0;1;0,0
25020007538000;6;3;3;45,8
25020007575000;5;4;1;30,6
25020007576000;16;9;7;46,4
25020007577000;4;1;3;0,0
25020007581000;2;1;1;0,0
25020007582000;1;1;0;0,0
25020007593000;1;1;0;0,0
25020007608000;4;1;3;0,0
25020007609000;10;6;4;49,5
25020007618000;9;4;5;36,6
25020007619000;13;7;6;40,9
25020007627000;5;1;4;34,8
25020007628000;13;8;5;39,4
25020007629000;2;1;1;0,0
25020007642000;33;19;14;36,8
25020007643000;240;129;111;38,7
25020007644000;302;153;149;39,2
25020007645000;298;151;147;39,0
25020007646000;27;13;14;36,0
25030007467000;9;4;5;29,9
25030007509000;14;8;6;39,7
25030007516000;6;1;5;45,0
25030007520000;3;1;2;0,0
25030007528000;2;1;1;0,0
25030007529000;2;1;1;0,0
25030007530000;2;1;1;0,0
25030007531000;9;4;5;49,6
25030007532000;4;3;1;0,0
25030007533000;11;7;4;45,2
25030007534000;35;16;19;38,7
25030007575000;3;2;1;0,0
25030007576000;4;2;2;0,0
25030007594000;2;1;1;0,0
25030007609000;15;8;7;48,5
25030007610000;10;4;6;37,9
25030007620000;1;0;1;0,0
25030007627000;10;7;3;39,9
25030007640000;2;0;2;0,0
25030007641000;16;10;6;48,2
25030007642000;51;29;22;35,8
25030007643000;169;90;79;34,7
25030007644000;536;242;294;45,0
25030007645000;600;309;291;41,7
25040007369000;1;1;0;0,0
25040007371000;3;2;1;0,0
25040007442000;1;0;1;0,0
25040007462000;24;10;14;43,3
25040007467000;1;0;1;0,0
25040007494000;2;2;0;0,0
25040007509000;4;0;4;0,0
25040007510000;10;5;5;56,9
25040007515000;3;1;2;0,0
25040007516000;1;0;1;0,0
25040007527000;16;8;8;30,3
25040007530000;2;1;1;0,0
25040007531000;11;5;6;54,5
25040007534000;13;8;5;51,8
25040007539000;1;1;0;0,0
25040007540000;4;3;1;0,0
25040007542000;2;1;1;0,0
25040007572000;2;0;2;0,0
25040007586000;6;2;4;44,0
25040007610000;61;30;31;50,5
25040007611000;51;25;26;37,6
25040007621000;26;14;12;48,7
25040007622000;8;4;4;40,3
25040007627000;39;16;23;41,7
25040007638000;31;13;18;38,7
25040007639000;9;6;3;40,8
25040007641000;3;2;1;0,0
25040007642000;3;1;2;0,0
25040007643000;32;17;15;46,6
25040007644000;67;33;34;35,7
25040007645000;22;11;11;42,1
25040007646000;35;19;16;37,3
25040007647000;63;38;25;42,5
25040007656000;24;12;12;50,9
25050007369000;5;2;3;41,6
25050007454000;6;4;2;63,5
25050007455000;3;1;2;0,0
25050007461000;14;7;7;26,1
25050007462000;22;11;11;36,3
25050007463000;37;18;19;37,1
25050007494000;4;3;1;0,0
25050007510000;7;4;3;46,9
25050007515000;2;1;1;0,0
25050007516000;16;9;7;29,4
25050007522000;5;3;2;40,6
25050007528000;1;1;0;0,0
25050007531000;1;0;1;0,0
25050007533000;3;2;1;0,0
25050007534000;16;9;7;31,8
25050007538000;13;7;6;44,6
25050007542000;4;2;2;0,0
25050007587000;16;8;8;49,2
25050007591000;1;0;1;0,0
25050007596000;6;2;4;60,7
25050007610000;6;3;3;51,0
25050007611000;48;23;25;41,8
25050007620000;4;2;2;0,0
25050007621000;37;22;15;46,1
25050007622000;13;6;7;36,7
25050007623000;29;17;12;42,4
25050007624000;128;66;62;34,6
25050007625000;36;15;21;37,6
25050007626000;38;19;19;36,1
25050007627000;46;32;14;45,7
25050007628000;8;4;4;33,8
25050007637000;26;11;15;45,3
25050007642000;38;20;18;37,3
25050007643000;70;32;38;40,0
25050007644000;26;17;9;43,4
25050007647000;4;3;1;0,0
25050007648000;10;6;4;42,0
25050007655000;5;3;2;57,8
25050007656000;113;54;59;38,7
25060007369000;5;2;3;67,0
25060007454000;50;27;23;50,3
25060007460000;20;12;8;49,5
25060007461000;13;8;5;54,5
25060007462000;22;13;9;43,7
25060007463000;60;30;30;43,4
25060007464000;46;23;23;44,4
25060007511000;11;7;4;58,3
25060007512000;2;1;1;0,0
25060007516000;12;6;6;42,3
25060007517000;20;9;11;33,3
25060007518000;2;1;1;0,0
25060007524000;8;6;2;47,1
25060007525000;7;4;3;36,6
25060007530000;2;2;0;0,0
25060007531000;3;1;2;0,0
25060007533000;43;25;18;36,0
25060007534000;13;8;5;56,6
25060007537000;9;5;4;30,8
25060007589000;4;1;3;0,0
25060007590000;6;4;2;31,8
25060007591000;1;0;1;0,0
25060007596000;1;1;0;0,0
25060007611000;70;37;33;49,0
25060007618000;4;2;2;0,0
25060007620000;15;9;6;40,9
25060007621000;7;4;3;55,4
25060007622000;110;58;52;33,1
25060007623000;60;33;27;31,8
25060007624000;21;13;8;27,2
25060007626000;25;10;15;40,6
25060007627000;11;6;5;56,5
25060007633000;63;32;31;41,2
25060007634000;26;12;14;39,5
25060007637000;2;1;1;0,0
25060007643000;17;7;10;38,9
25060007644000;20;13;7;37,5
25060007649000;81;43;38;42,7
25060007651000;9;2;7;46,1
25060007652000;27;16;11;42,9
25060007654000;4;2;2;0,0
25060007655000;14;6;8;36,9
25060007656000;7;4;3;65,9
25070007435000;1;0;1;0,0
25070007453000;9;4;5;42,3
25070007454000;54;30;24;47,2
25070007459000;26;14;12;44,3
25070007460000;19;9;10;46,1
25070007463000;36;18;18;30,5
25070007464000;167;90;77;39,6
25070007465000;243;116;127;38,4
25070007467000;27;17;10;39,0
25070007468000;30;16;14;38,2
25070007511000;2;1;1;0,0
25070007512000;6;3;3;69,7
25070007513000;1;1;0;0,0
25070007514000;8;4;4;70,6
25070007515000;4;3;1;0,0
25070007517000;18;10;8;36,2
25070007525000;8;6;2;38,1
25070007526000;4;3;1;0,0
25070007528000;2;1;1;0,0
25070007531000;29;12;17;36,5
25070007533000;31;16;15;51,8
25070007534000;21;9;12;38,4
25070007537000;5;4;1;19,8
25070007579000;4;2;2;0,0
25070007595000;3;3;0;0,0
25070007602000;7;4;3;57,1
25070007603000;4;2;2;0,0
25070007611000;4;2;2;0,0
25070007612000;23;13;10;42,6
25070007619000;2;1;1;0,0
25070007620000;30;15;15;47,0
25070007621000;26;15;11;46,7
25070007622000;27;13;14;28,0
25070007623000;5;4;1;41,8
25070007627000;22;16;6;31,5
25070007633000;17;7;10;40,1
25070007642000;1;1;0;0,0
25070007644000;19;11;8;34,5
25070007645000;3;2;1;0,0
25070007649000;92;38;54;36,2
25070007650000;34;18;16;48,5
25070007651000;15;7;8;46,8
25070007652000;45;23;22;34,3
25070007653000;6;3;3;75,0
25070007655000;1;1;0;0,0
25080007434000;1;1;0;0,0
25080007460000;14;8;6;45,9
25080007464000;41;23;18;60,0
25080007465000;81;37;44;32,6
25080007467000;6;3;3;35,8
25080007468000;3;2;1;0,0
25080007513000;22;12;10;38,5
25080007515000;12;6;6;37,4
25080007526000;3;1;2;0,0
25080007527000;2;2;0;0,0
25080007529000;9;5;4;45,9
25080007530000;19;8;11;58,4
25080007531000;91;44;47;43,3
25080007535000;3;2;1;0,0
25080007537000;2;1;1;0,0
25080007590000;9;7;2;53,6
25080007591000;3;2;1;0,0
25080007602000;41;22;19;54,1
25080007603000;32;18;14;38,4
25080007604000;59;30;29;48,3
25080007605000;8;5;3;63,0
25080007606000;4;3;1;0,0
25080007612000;1;1;0;0,0
25080007613000;49;23;26;42,4
25080007621000;5;2;3;52,6
25080007622000;13;6;7;48,8
25080007626000;9;4;5;51,4
25080007627000;6;3;3;51,7
25080007633000;12;9;3;34,4
25080007643000;7;2;5;30,1
25080007644000;61;27;34;33,4
25080007645000;15;8;7;43,9
25090007460000;31;15;16;46,1
25090007461000;18;11;7;33,3
25090007465000;33;17;16;34,1
25090007469000;3;2;1;0,0
25090007470000;17;7;10;38,2
25090007484000;7;4;3;35,3
25090007497000;1;1;0;0,0
25090007516000;124;63;61;40,0
25090007526000;1;0;1;0,0
25090007535000;8;4;4;39,0
25090007536000;11;4;7;38,1
25090007537000;6;3;3;58,2
25090007584000;2;1;1;0,0
25090007598000;5;2;3;50,6
25090007599000;2;2;0;0,0
25090007602000;53;21;32;53,6
25090007605000;4;3;1;0,0
25090007606000;20;8;12;62,7
25090007607000;7;3;4;50,4
25090007613000;46;21;25;42,2
25090007614000;3;2;1;0,0
25090007618000;5;2;3;36,2
25090007621000;4;3;1;0,0
25090007622000;21;11;10;37,9
25090007626000;1;1;0;0,0
25090007627000;18;12;6;21,8
25090007634000;7;2;5;33,9
25090007643000;5;3;2;45,0
25090007644000;52;23;29;39,7
25090007645000;38;18;20;35,9
25100007457000;1;1;0;0,0
25100007461000;22;12;10;44,8
25100007465000;64;33;31;44,9
25100007467000;2;1;1;0,0
25100007469000;8;5;3;55,9
25100007470000;14;8;6;36,2
25100007471000;17;9;8;40,1
25100007472000;4;2;2;0,0
25100007507000;1;1;0;0,0
25100007516000;27;12;15;47,2
25100007517000;37;21;16;55,8
25100007528000;1;1;0;0,0
25100007529000;3;2;1;0,0
25100007530000;5;3;2;53,8
25100007534000;3;2;1;0,0
25100007535000;21;11;10;45,2
25100007584000;1;0;1;0,0
25100007600000;1;0;1;0,0
25100007601000;9;3;6;57,7
25100007602000;43;26;17;52,5
25100007607000;1;1;0;0,0
25100007613000;13;9;4;44,2
25100007614000;67;34;33;40,4
25100007621000;8;3;5;57,8
25100007622000;4;3;1;0,0
25100007626000;4;2;2;0,0
25100007627000;19;11;8;30,3
25100007634000;1;0;1;0,0
25100007638000;7;3;4;28,0
25100007642000;16;9;7;52,9
25100007643000;88;50;38;37,0
25100007644000;17;7;10;39,7
25100007645000;17;6;11;41,1
25100007646000;11;7;4;51,5
25100007647000;49;24;25;38,5
25110007438000;4;3;1;0,0
25110007440000;1;0;1;0,0
25110007457000;4;2;2;0,0
25110007461000;6;4;2;55,2
25110007466000;5;3;2;37,2
25110007467000;19;9;10;40,8
25110007468000;49;26;23;36,3
25110007469000;50;25;25;38,2
25110007470000;35;20;15;39,8
25110007472000;3;1;2;0,0
25110007473000;7;5;2;64,0
25110007517000;14;5;9;50,1
25110007529000;1;0;1;0,0
25110007530000;22;9;13;43,5
25110007531000;7;3;4;45,9
25110007534000;2;1;1;0,0
25110007535000;6;3;3;65,0
25110007600000;1;1;0;0,0
25110007601000;33;19;14;54,9
25110007602000;1;1;0;0,0
25110007606000;28;12;16;45,5
25110007607000;4;2;2;0,0
25110007614000;104;54;50;35,7
25110007615000;58;37;21;36,3
25110007621000;5;2;3;42,6
25110007622000;9;4;5;31,6
25110007626000;21;11;10;38,9
25110007627000;26;9;17;46,7
25110007628000;18;11;7;37,8
25110007629000;1;0;1;0,0
25110007638000;1;1;0;0,0
25110007639000;34;18;16;47,1
25110007640000;38;18;20;40,3
25110007641000;36;18;18;43,3
25110007642000;101;43;58;42,8
25110007643000;244;109;135;42,9
25110007644000;34;16;18;38,8
25110007645000;25;14;11;43,2
25110007646000;5;3;2;32,4
25110007647000;10;7;3;54,8
25110007648000;1;1;0;0,0
25120007415000;2;1;1;0,0
25120007417000;6;2;4;55,3
25120007418000;3;2;1;0,0
25120007419000;10;5;5;75,4
25120007425000;21;10;11;41,7
25120007453000;1;1;0;0,0
25120007460000;7;4;3;34,0
25120007461000;5;2;3;40,4
25120007469000;2;1;1;0,0
25120007470000;21;13;8;28,4
25120007471000;10;6;4;51,2
25120007472000;16;11;5;40,1
25120007473000;1;1;0;0,0
25120007508000;2;1;1;0,0
25120007512000;1;0;1;0,0
25120007519000;15;8;7;51,7
25120007520000;14;6;8;37,9
25120007606000;4;1;3;0,0
25120007615000;41;19;22;40,1
25120007616000;48;31;17;32,1
25120007626000;36;18;18;36,5
25120007628000;7;5;2;41,6
25120007629000;3;2;1;0,0
25120007631000;4;2;2;0,0
25120007632000;16;8;8;27,3
25120007642000;4;3;1;0,0
25120007643000;10;7;3;33,1
25130007414000;1;1;0;0,0
25130007415000;1;0;1;0,0
25130007417000;2;1;1;0,0
25130007419000;14;6;8;48,2
25130007420000;22;12;10;47,2
25130007421000;13;9;4;42,8
25130007422000;11;4;7;48,9
25130007423000;19;10;9;38,7
25130007424000;39;18;21;40,3
25130007425000;59;33;26;39,3
25130007426000;43;20;23;43,9
25130007427000;22;12;10;45,4
25130007428000;20;11;9;38,9
25130007429000;179;98;81;42,6
25130007430000;79;41;38;48,7
25130007431000;24;15;9;43,2
25130007443000;5;1;4;25,8
25130007457000;6;4;2;36,3
25130007458000;4;1;3;0,0
25130007461000;42;23;19;46,8
25130007472000;5;4;1;34,8
25130007473000;3;2;1;0,0
25130007474000;1;1;0;0,0
25130007477000;1;1;0;0,0
25130007519000;15;9;6;56,3
25130007531000;4;1;3;0,0
25130007533000;3;3;0;0,0
25130007544000;158;75;83;42,6
25130007545000;34;19;15;50,3
25130007615000;22;12;10;43,1
25130007616000;90;47;43;36,7
25130007625000;20;11;9;35,7
25130007626000;73;38;35;38,5
25130007631000;10;5;5;45,0
25130007639000;8;6;2;46,4
25140007414000;1;1;0;0,0
25140007421000;1;1;0;0,0
25140007422000;10;5;5;54,0
25140007423000;29;12;17;44,3
25140007424000;3;2;1;0,0
25140007428000;10;5;5;45,0
25140007429000;62;34;28;48,0
25140007430000;83;43;40;43,6
25140007431000;77;45;32;41,0
25140007432000;53;27;26;36,3
25140007433000;53;29;24;45,6
25140007458000;36;15;21;42,5
25140007459000;10;6;4;38,8
25140007460000;2;1;1;0,0
25140007461000;56;30;26;38,9
25140007473000;2;1;1;0,0
25140007474000;1;0;1;0,0
25140007475000;10;4;6;40,3
25140007520000;1;1;0;0,0
25140007533000;18;10;8;53,7
25140007544000;13;8;5;36,2
25140007546000;7;4;3;54,1
25140007582000;4;2;2;0,0
25140007587000;5;2;3;77,6
25140007588000;4;2;2;0,0
25140007606000;1;1;0;0,0
25140007609000;3;2;1;0,0
25140007616000;43;22;21;29,0
25140007617000;96;45;51;37,5
25140007618000;4;1;3;0,0
25140007625000;36;17;19;44,2
25140007632000;13;8;5;39,2
25150007413000;2;1;1;0,0
25150007423000;5;3;2;42,2
25150007428000;2;2;0;0,0
25150007429000;12;5;7;48,6
25150007432000;6;3;3;56,8
25150007433000;14;8;6;41,6
25150007434000;43;21;22;35,7
25150007435000;18;10;8;45,1
25150007438000;3;1;2;0,0
25150007439000;2;1;1;0,0
25150007440000;309;154;155;40,5
25150007441000;41;20;21;41,3
25150007443000;2;2;0;0,0
25150007444000;5;2;3;66,0
25150007456000;7;3;4;41,7
25150007459000;548;262;286;41,4
25150007460000;940;455;485;42,3
25150007461000;50;27;23;45,5
25150007462000;2;1;1;0,0
25150007474000;17;8;9;34,1
25150007475000;2;1;1;0,0
25150007520000;4;2;2;0,0
25150007545000;7;3;4;32,1
25150007581000;2;1;1;0,0
25150007582000;5;3;2;59,4
25150007585000;2;1;1;0,0
25150007609000;42;22;20;58,5
25150007610000;21;9;12;49,6
25150007617000;34;20;14;35,4
25150007618000;561;273;288;36,6
25150007619000;538;258;280;34,5
25150007620000;721;367;354;36,7
25150007621000;96;51;45;31,2
25150007622000;40;21;19;46,7
25150007623000;64;30;34;37,8
25150007625000;30;14;16;39,2
25150007635000;4;3;1;0,0
25150007636000;1;0;1;0,0
25160007412000;2;1;1;0,0
25160007426000;6;3;3;56,3
25160007427000;7;3;4;53,4
25160007428000;6;3;3;42,5
25160007434000;4;3;1;0,0
25160007435000;43;22;21;41,9
25160007436000;66;38;28;49,6
25160007437000;58;28;30;42,3
25160007438000;110;50;60;39,0
25160007439000;107;56;51;44,1
25160007440000;32;18;14;37,3
25160007441000;336;205;131;39,2
25160007442000;557;258;299;42,3
25160007444000;61;30;31;38,8
25160007445000;54;28;26;44,6
25160007451000;2;2;0;0,0
25160007455000;2;1;1;0,0
25160007456000;69;36;33;40,5
25160007457000;3;1;2;0,0
25160007459000;161;85;76;42,1
25160007460000;989;494;495;42,6
25160007461000;508;255;253;42,3
25160007462000;1;1;0;0,0
25160007463000;22;12;10;32,4
25160007464000;12;7;5;37,2
25160007487000;1;1;0;0,0
25160007491000;1;1;0;0,0
25160007523000;1;1;0;0,0
25160007533000;11;8;3;35,6
25160007543000;16;8;8;41,7
25160007546000;5;2;3;61,6
25160007547000;18;5;13;46,2
25160007548000;1;1;0;0,0
25160007550000;6;1;5;53,3
25160007551000;4;1;3;0,0
25160007582000;15;7;8;50,3
25160007610000;17;10;7;56,4
25160007618000;46;18;28;30,1
25160007619000;1070;518;552;42,1
25160007620000;1284;606;678;44,7
25160007621000;784;388;396;38,9
25160007622000;85;44;41;39,0
25160007623000;43;21;22;50,0
25160007624000;22;12;10;48,1
25170007411000;11;7;4;57,5
25170007424000;4;2;2;0,0
25170007425000;1;1;0;0,0
25170007436000;3;2;1;0,0
25170007437000;5;3;2;46,0
25170007440000;5;3;2;60,2
25170007441000;92;48;44;36,1
25170007442000;815;389;426;44,0
25170007444000;30;15;15;37,0
25170007447000;17;9;8;47,6
25170007449000;1;1;0;0,0
25170007455000;3;2;1;0,0
25170007456000;71;37;34;39,4
25170007457000;145;69;76;36,4
25170007458000;4;3;1;0,0
25170007460000;1021;473;548;48,5
25170007461000;342;159;183;45,4
25170007462000;2;1;1;0,0
25170007463000;19;11;8;33,3
25170007464000;37;19;18;41,4
25170007465000;28;14;14;45,9
25170007466000;2;1;1;0,0
25170007543000;14;5;9;48,0
25170007544000;5;3;2;43,0
25170007547000;9;5;4;41,6
25170007548000;27;12;15;41,0
25170007549000;11;6;5;37,5
25170007557000;3;2;1;0,0
25170007582000;20;10;10;51,6
25170007583000;2;1;1;0,0
25170007587000;2;1;1;0,0
25170007611000;11;5;6;57,3
25170007620000;26;14;12;69,0
25170007621000;13;5;8;53,6
25170007622000;23;11;12;43,5
25170007641000;1;0;1;0,0
25170007651000;8;3;5;61,0
25170007652000;7;3;4;41,4
25170007653000;2;1;1;0,0
25180007424000;6;3;3;25,3
25180007425000;5;3;2;26,4
25180007428000;8;3;5;50,0
25180007429000;1;1;0;0,0
25180007441000;5;2;3;26,6
25180007442000;457;231;226;37,6
25180007443000;6;4;2;70,3
25180007458000;35;19;16;46,8
25180007459000;266;136;130;42,4
25180007460000;529;271;258;39,4
25180007461000;683;354;329;39,5
25180007463000;12;8;4;41,3
25180007464000;55;26;29;42,4
25180007465000;7;3;4;53,4
25180007466000;22;12;10;38,3
25180007548000;2;1;1;0,0
25180007550000;6;5;1;41,0
25180007558000;13;7;6;54,7
25180007581000;4;2;2;0,0
25180007582000;4;2;2;0,0
25180007619000;87;45;42;31,9
25180007620000;558;284;274;34,5
25180007621000;45;25;20;37,8
25180007622000;1;0;1;0,0
25180007623000;31;17;14;37,9
25180007626000;7;5;2;26,0
25180007627000;33;18;15;32,7
25180007628000;1;0;1;0,0
25180007633000;6;5;1;31,8
25190007423000;13;4;9;30,8
25190007429000;16;9;7;54,3
25190007431000;3;2;1;0,0
25190007441000;2;1;1;0,0
25190007442000;2;1;1;0,0
25190007443000;6;3;3;49,8
25190007446000;29;16;13;49,4
25190007447000;18;9;9;39,8
25190007448000;5;3;2;57,4
25190007458000;18;10;8;40,3
25190007459000;65;38;27;37,0
25190007460000;62;32;30;27,5
25190007461000;12;7;5;27,5
25190007463000;9;4;5;51,4
25190007464000;8;5;3;40,6
25190007465000;18;8;10;40,2
25190007466000;3;2;1;0,0
25190007467000;12;7;5;36,8
25190007468000;13;7;6;21,5
25190007482000;4;3;1;0,0
25190007484000;89;51;38;46,5
25190007485000;51;22;29;40,4
25190007491000;1;0;1;0,0
25190007509000;1;1;0;0,0
25190007522000;1;1;0;0,0
25190007534000;2;1;1;0,0
25190007535000;7;4;3;74,1
25190007541000;2;1;1;0,0
25190007548000;1;1;0;0,0
25190007550000;18;7;11;42,6
25190007557000;1;1;0;0,0
25190007558000;3;2;1;0,0
25190007559000;5;3;2;60,8
25190007581000;4;2;2;0,0
25190007582000;1;1;0;0,0
25190007615000;9;5;4;42,3
25190007616000;102;44;58;36,8
25190007617000;50;24;26;31,3
25190007618000;22;14;8;41,8
25190007619000;6;5;1;33,0
25190007623000;6;3;3;61,3
25190007626000;118;68;50;39,8
25190007627000;2;1;1;0,0
25190007628000;1;1;0;0,0
25190007629000;29;15;14;31,5
25190007630000;19;9;10;28,0
25190007633000;2;1;1;0,0
25190007640000;7;3;4;77,3
25190007641000;3;2;1;0,0
25200007400000;13;6;7;41,0
25200007401000;2;2;0;0,0
25200007402000;3;2;1;0,0
25200007423000;2;1;1;0,0
25200007430000;6;2;4;31,7
25200007441000;6;2;4;71,3
25200007442000;12;5;7;43,1
25200007443000;27;15;12;43,9
25200007444000;4;3;1;0,0
25200007450000;3;1;2;0,0
25200007458000;6;4;2;66,7
25200007459000;38;19;19;38,0
25200007464000;11;4;7;45,5
25200007465000;6;3;3;52,0
25200007467000;7;5;2;35,4
25200007469000;22;12;10;41,2
25200007470000;14;5;9;34,2
25200007480000;16;9;7;39,9
25200007481000;32;19;13;47,8
25200007482000;13;9;4;54,5
25200007483000;3;2;1;0,0
25200007484000;61;24;37;41,5
25200007485000;1;0;1;0,0
25200007491000;2;1;1;0,0
25200007543000;5;3;2;20,8
25200007551000;22;12;10;27,9
25200007555000;16;10;6;36,8
25200007556000;2;2;0;0,0
25200007559000;1;1;0;0,0
25200007581000;47;23;24;44,0
25200007582000;11;6;5;60,5
25200007583000;10;4;6;47,0
25200007614000;169;91;78;35,8
25200007615000;364;184;180;37,7
25200007616000;67;33;34;36,4
25200007618000;2;1;1;0,0
25200007619000;3;1;2;0,0
25200007623000;9;4;5;30,0
25200007625000;72;31;41;38,7
25200007626000;44;24;20;43,4
25200007641000;16;7;9;59,5
25200007642000;2;1;1;0,0
25200007658000;22;13;9;44,0
25200007659000;35;16;19;42,1
25210007428000;4;3;1;0,0
25210007429000;4;2;2;0,0
25210007430000;8;4;4;53,3
25210007449000;56;29;27;40,4
25210007450000;22;15;7;42,9
25210007452000;1;1;0;0,0
25210007457000;42;19;23;39,9
25210007458000;46;20;26;36,4
25210007459000;20;11;9;45,2
25210007465000;23;11;12;29,6
25210007466000;15;8;7;32,3
25210007467000;9;5;4;33,2
25210007469000;24;14;10;27,0
25210007470000;38;20;18;45,6
25210007471000;1;1;0;0,0
25210007478000;6;3;3;34,3
25210007479000;45;23;22;38,5
25210007480000;10;4;6;32,2
25210007488000;6;4;2;38,7
25210007489000;19;11;8;43,5
25210007490000;4;1;3;0,0
25210007536000;5;2;3;70,2
25210007542000;11;4;7;35,5
25210007551000;11;6;5;32,6
25210007554000;9;5;4;50,7
25210007555000;6;4;2;37,2
25210007559000;2;1;1;0,0
25210007580000;1;0;1;0,0
25210007581000;5;2;3;67,0
25210007582000;5;2;3;17,8
25210007613000;2;1;1;0,0
25210007614000;126;60;66;40,5
25210007616000;18;11;7;22,2
25210007623000;34;14;20;39,3
25210007624000;85;48;37;36,9
25210007625000;40;24;16;32,5
25210007632000;2;1;1;0,0
25210007633000;6;3;3;24,7
25210007634000;5;3;2;28,4
25210007642000;5;3;2;62,0
25210007643000;3;2;1;0,0
25210007658000;1;1;0;0,0
25210007662000;1;1;0;0,0
25220007411000;9;5;4;44,8
25220007422000;1;1;0;0,0
25220007423000;7;3;4;39,3
25220007430000;4;1;3;0,0
25220007440000;2;1;1;0,0
25220007458000;24;12;12;46,1
25220007466000;10;7;3;44,1
25220007467000;33;18;15;32,7
25220007470000;15;6;9;35,4
25220007471000;6;4;2;21,8
25220007472000;15;7;8;46,3
25220007477000;5;2;3;55,8
25220007481000;1;1;0;0,0
25220007484000;5;2;3;40,2
25220007488000;13;5;8;48,2
25220007489000;24;12;12;65,7
25220007542000;9;7;2;32,0
25220007552000;1;0;1;0,0
25220007553000;5;3;2;21,0
25220007580000;12;6;6;55,7
25220007613000;15;6;9;63,9
25220007614000;41;21;20;43,3
25220007620000;3;1;2;0,0
25220007625000;40;23;17;39,6
25220007638000;21;11;10;45,3
25220007639000;18;10;8;53,4
25220007640000;3;2;1;0,0
25220007645000;10;5;5;57,6
25220007647000;2;1;1;0,0
25220007652000;1;1;0;0,0
25220007662000;6;4;2;63,3
25220007663000;26;14;12;49,5
25230007411000;4;2;2;0,0
25230007468000;13;7;6;41,7
25230007469000;4;3;1;0,0
25230007470000;14;8;6;46,2
25230007472000;5;3;2;59,0
25230007473000;26;15;11;47,9
25230007474000;7;4;3;50,0
25230007476000;2;1;1;0,0
25230007480000;6;2;4;33,7
25230007481000;26;15;11;38,2
25230007482000;12;9;3;37,3
25230007483000;10;6;4;51,3
25230007484000;9;3;6;54,4
25230007534000;5;2;3;54,2
25230007535000;1;0;1;0,0
25230007542000;7;3;4;50,6
25230007552000;5;3;2;48,4
25230007553000;8;4;4;35,4
25230007557000;2;0;2;0,0
25230007580000;4;2;2;0,0
25230007612000;1;0;1;0,0
25230007613000;9;4;5;51,6
25230007614000;5;3;2;22,2
25230007625000;84;46;38;29,3
25230007634000;9;4;5;38,8
25230007637000;16;9;7;39,9
25230007647000;1;1;0;0,0
25230007650000;2;1;1;0,0
25230007662000;1;0;1;0,0
25240007410000;4;3;1;0,0
25240007455000;3;1;2;0,0
25240007468000;17;9;8;40,5
25240007469000;14;8;6;37,4
25240007470000;5;3;2;53,6
25240007471000;4;2;2;0,0
25240007472000;10;7;3;45,9
25240007482000;1;1;0;0,0
25240007483000;40;19;21;47,4
25240007487000;1;1;0;0,0
25240007542000;3;2;1;0,0
25240007552000;24;10;14;51,1
25240007554000;2;0;2;0,0
25240007555000;8;5;3;48,3
25240007578000;7;6;1;22,4
25240007579000;6;4;2;64,2
25240007580000;5;3;2;78,4
25240007612000;12;6;6;27,1
25240007616000;2;1;1;0,0
25240007625000;19;12;7;43,4
25240007626000;20;9;11;38,8
25240007634000;8;3;5;43,9
25240007636000;11;6;5;53,5
25240007641000;5;3;2;36,0
25240007643000;5;2;3;39,0
25240007645000;5;2;3;43,4
25240007654000;5;3;2;51,8
25240007663000;1;0;1;0,0
25250007409000;19;8;11;48,1
25250007410000;11;7;4;60,1
25250007456000;17;8;9;36,8
25250007469000;314;160;154;38,3
25250007470000;496;245;251;39,8
25250007471000;6;3;3;26,7
25250007475000;14;6;8;47,7
25250007485000;1;1;0;0,0
25250007489000;2;0;2;0,0
25250007542000;5;1;4;76,4
25250007551000;35;20;15;23,4
25250007552000;221;119;102;43,3
25250007554000;1;0;1;0,0
25250007558000;9;4;5;39,7
25250007578000;13;8;5;44,5
25250007579000;21;10;11;47,1
25250007612000;18;9;9;37,7
25250007615000;3;2;1;0,0
25250007626000;20;10;10;45,6
25250007635000;2;1;1;0,0
25250007636000;11;6;5;48,2
25250007647000;2;1;1;0,0
25250007648000;9;6;3;65,2
25250007649000;17;8;9;44,6
25250007650000;6;3;3;33,2
25250007651000;173;85;88;41,6
25250007652000;28;15;13;40,4
25250007654000;34;14;20;40,3
25250007664000;2;1;1;0,0
25260007408000;2;1;1;0,0
25260007470000;17;9;8;35,9
25260007471000;19;8;11;47,8
25260007472000;4;2;2;0,0
25260007473000;6;3;3;42,5
25260007542000;1;1;0;0,0
25260007551000;25;16;9;27,2
25260007552000;223;114;109;42,1
25260007558000;5;2;3;66,4
25260007560000;4;2;2;0,0
25260007563000;1;0;1;0,0
25260007577000;18;7;11;49,0
25260007578000;9;5;4;57,6
25260007580000;1;1;0;0,0
25260007625000;16;11;5;34,1
25260007626000;4;2;2;0,0
25260007635000;18;11;7;45,8
25260007648000;7;3;4;39,0
25260007649000;41;19;22;40,5
25260007652000;1;1;0;0,0
25260007653000;1;1;0;0,0
25260007656000;2;1;1;0,0
25260007665000;7;5;2;45,1
25260007667000;3;3;0;0,0
25260007669000;72;40;32;44,2
25270007404000;1;1;0;0,0
25270007472000;3;2;1;0,0
25270007473000;19;11;8;39,3
25270007476000;5;3;2;28,0
25270007477000;11;6;5;60,3
25270007478000;1;0;1;0,0
25270007491000;1;0;1;0,0
25270007552000;26;12;14;43,2
25270007556000;6;3;3;50,7
25270007559000;8;4;4;32,5
25270007560000;29;15;14;39,0
25270007561000;4;2;2;0,0
25270007562000;7;4;3;54,1
25270007563000;40;24;16;49,7
25270007578000;2;2;0;0,0
25270007580000;16;10;6;65,8
25270007612000;3;2;1;0,0
25270007625000;11;6;5;32,2
25270007626000;7;3;4;31,6
25270007635000;3;2;1;0,0
25270007636000;12;7;5;48,9
25270007649000;4;3;1;0,0
25270007653000;7;4;3;37,1
25270007654000;3;2;1;0,0
25270007663000;1;0;1;0,0
25270007669000;33;17;16;38,8
25270007670000;4;2;2;0,0
25280007474000;6;2;4;58,7
25280007475000;4;2;2;0,0
25280007476000;40;19;21;45,1
25280007477000;9;5;4;64,8
25280007478000;2;1;1;0,0
25280007492000;2;1;1;0,0
25280007543000;9;2;7;35,0
25280007556000;4;3;1;0,0
25280007558000;1;0;1;0,0
25280007578000;6;2;4;23,8
25280007625000;4;2;2;0,0
25280007626000;1;0;1;0,0
25280007650000;6;3;3;55,2
25280007653000;2;1;1;0,0
25280007654000;4;2;2;0,0
25280007655000;7;4;3;35,1
25290007475000;18;9;9;51,4
25290007476000;23;13;10;53,0
25290007503000;2;2;0;0,0
25290007552000;2;1;1;0,0
25290007556000;3;2;1;0,0
25290007557000;5;3;2;72,6
25290007561000;13;7;6;51,5
25290007583000;8;4;4;64,5
25290007584000;2;1;1;0,0
25290007585000;9;5;4;59,2
25290007588000;1;1;0;0,0
25290007649000;1;1;0;0,0
25290007650000;9;3;6;80,6
25290007655000;2;1;1;0,0
25290007665000;10;5;5;45,5
25300007408000;17;7;10;44,5
25300007453000;2;1;1;0,0
25300007475000;12;6;6;42,1
25300007478000;1;1;0;0,0
25300007480000;8;4;4;53,9
25300007497000;6;1;5;40,5
25300007498000;4;2;2;0,0
25300007499000;2;1;1;0,0
25300007547000;2;1;1;0,0
25300007548000;1;1;0;0,0
25300007584000;7;3;4;35,9
25300007602000;8;6;2;35,4
25300007603000;5;4;1;14,8
25300007611000;15;8;7;56,1
25300007655000;59;32;27;48,3
25300007661000;1;1;0;0,0
25300007666000;2;2;0;0,0
25310007407000;2;1;1;0,0
25310007451000;2;2;0;0,0
25310007452000;1;0;1;0,0
25310007480000;12;5;7;54,3
25310007495000;6;4;2;49,0
25310007496000;5;2;3;68,6
25310007501000;2;0;2;0,0
25310007543000;3;2;1;0,0
25310007547000;1;0;1;0,0
25310007584000;4;1;3;0,0
25310007585000;8;5;3;67,5
25310007587000;6;1;5;26,7
25310007603000;4;2;2;0,0
25310007610000;11;4;7;41,0
25310007611000;1;1;0;0,0
25310007612000;3;1;2;0,0
25310007655000;19;10;9;51,8
25310007656000;86;39;47;36,0
25310007660000;2;1;1;0,0
25320007402000;5;2;3;50,0
25320007482000;2;1;1;0,0
25320007495000;1;1;0;0,0
25320007542000;1;1;0;0,0
25320007543000;7;4;3;67,3
25320007549000;1;1;0;0,0
25320007592000;2;1;1;0,0
25320007604000;2;1;1;0,0
25320007606000;8;4;4;66,0
25320007607000;14;7;7;39,1
25320007608000;4;2;2;0,0
25320007647000;1;1;0;0,0
25320007656000;133;65;68;48,1
25320007657000;16;9;7;34,5
25320007660000;3;2;1;0,0
25320007672000;2;1;1;0,0
25320007674000;2;1;1;0,0
25320007675000;2;1;1;0,0
25330007403000;2;1;1;0,0
25330007482000;1;0;1;0,0
25330007496000;2;1;1;0,0
25330007508000;3;0;3;0,0
25330007509000;3;2;1;0,0
25330007554000;2;1;1;0,0
25330007555000;1;1;0;0,0
25330007605000;3;1;2;0,0
25330007606000;13;9;4;50,7
25330007607000;4;1;3;0,0
25330007608000;7;4;3;37,6
25330007609000;8;3;5;73,6
25330007625000;2;1;1;0,0
25330007627000;3;1;2;0,0
25330007628000;7;5;2;64,3
25330007657000;3;2;1;0,0
25330007658000;3;2;1;0,0
25330007660000;2;1;1;0,0
25330007678000;19;7;12;53,4
25340007496000;7;3;4;60,3
25340007508000;18;8;10;54,0
25340007510000;3;2;1;0,0
25340007555000;2;1;1;0,0
25340007556000;2;1;1;0,0
25340007588000;1;1;0;0,0
25340007589000;5;2;3;73,4
25340007591000;5;0;5;33,8
25340007615000;7;3;4;57,6
25340007616000;3;2;1;0,0
25340007627000;5;3;2;46,0
25340007629000;6;4;2;61,2
25340007660000;11;7;4;45,1
25340007677000;4;3;1;0,0
25340007678000;11;5;6;41,4
25350007496000;16;6;10;58,9
25350007497000;8;3;5;30,5
25350007508000;36;21;15;51,5
25350007509000;9;6;3;25,2
25350007510000;16;6;10;59,5
25350007528000;2;2;0;0,0
25350007532000;4;2;2;0,0
25350007552000;3;1;2;0,0
25350007553000;6;4;2;34,2
25350007555000;52;25;27;42,5
25350007556000;19;13;6;35,5
25350007587000;4;3;1;0,0
25350007590000;1;1;0;0,0
25350007616000;16;10;6;40,6
25350007627000;5;3;2;75,2
25350007628000;9;6;3;44,3
25350007630000;1;0;1;0,0
25350007632000;9;5;4;35,9
25350007633000;8;3;5;20,4
25350007660000;21;10;11;35,5
25350007661000;2;1;1;0,0
25360007510000;19;12;7;43,7
25360007511000;1;0;1;0,0
25360007531000;3;2;1;0,0
25360007532000;5;4;1;66,0
25360007534000;4;1;3;0,0
25360007535000;2;1;1;0,0
25360007552000;5;3;2;49,4
25360007555000;20;11;9;48,2
25360007556000;133;54;79;39,1
25360007557000;2;1;1;0,0
25360007558000;10;5;5;65,0
25360007559000;1;1;0;0,0
25360007588000;3;2;1;0,0
25360007593000;7;4;3;47,6
25360007594000;4;2;2;0,0
25360007595000;3;1;2;0,0
25360007616000;4;2;2;0,0
25360007617000;44;23;21;38,8
25360007618000;10;4;6;30,2
25360007662000;5;3;2;45,6
25360007663000;27;11;16;46,0
25360007664000;13;6;7;43,5
25360007675000;3;2;1;0,0
25370007495000;22;11;11;42,5
25370007496000;4;2;2;0,0
25370007497000;24;13;11;53,4
25370007533000;1;0;1;0,0
25370007537000;27;15;12;36,4
25370007540000;3;2;1;0,0
25370007541000;12;6;6;58,6
25370007551000;1;1;0;0,0
25370007552000;12;6;6;47,7
25370007557000;10;7;3;40,5
25370007558000;12;6;6;71,3
25370007559000;5;3;2;43,4
25370007560000;3;2;1;0,0
25370007562000;3;2;1;0,0
25370007587000;4;3;1;0,0
25370007617000;13;8;5;62,7
25370007618000;10;6;4;62,5
25370007619000;6;2;4;38,3
25370007629000;13;5;8;51,9
25370007665000;5;2;3;29,4
25370007666000;32;18;14;53,7
25370007668000;2;1;1;0,0
25370007671000;2;1;1;0,0
25370007684000;217;113;104;43,1
25370007685000;133;64;69;45,3
25380007477000;2;1;1;0,0
25380007496000;14;7;7;37,5
25380007513000;2;1;1;0,0
25380007527000;1;0;1;0,0
25380007538000;28;16;12;48,9
25380007539000;48;26;22;39,8
25380007551000;1;1;0;0,0
25380007552000;2;1;1;0,0
25380007560000;3;1;2;0,0
25380007592000;4;3;1;0,0
25380007619000;11;7;4;49,5
25380007620000;20;12;8;44,4
25380007630000;16;10;6;47,6
25380007631000;1;0;1;0,0
25380007665000;2;1;1;0,0
25380007666000;141;60;81;56,2
25380007667000;32;19;13;38,5
25380007668000;23;15;8;37,3
25380007684000;42;21;21;44,0
25380007685000;81;39;42;37,5
25390007497000;4;2;2;0,0
25390007501000;7;5;2;46,4
25390007502000;5;2;3;43,0
25390007512000;1;0;1;0,0
25390007527000;3;2;1;0,0
25390007528000;1;0;1;0,0
25390007538000;11;7;4;46,7
25390007539000;79;36;43;45,3
25390007572000;1;0;1;0,0
25390007587000;204;111;93;44,6
25390007588000;142;62;80;45,6
25390007620000;3;2;1;0,0
25390007667000;7;3;4;41,4
25390007668000;14;7;7;47,4
25390007669000;6;4;2;40,8
25400007497000;10;6;4;53,1
25400007502000;2;1;1;0,0
25400007548000;18;10;8;26,1
25400007588000;646;318;328;46,7
25400007589000;667;344;323;40,9
25400007590000;13;5;8;49,8
25400007669000;14;8;6;49,8
25410007502000;2;2;0;0,0
25410007521000;2;1;1;0,0
25410007524000;1;1;0;0,0
25410007540000;3;2;1;0,0
25410007546000;14;5;9;29,4
25410007558000;1;0;1;0,0
25410007559000;2;2;0;0,0
25410007589000;75;39;36;36,6
25410007591000;1;1;0;0,0
25410007592000;5;3;2;45,4
25410007593000;2;1;1;0,0
25410007619000;13;9;4;30,8
25410007670000;45;21;24;44,6
25410007671000;15;9;6;40,3
25410007680000;4;2;2;0,0
25410007688000;179;98;81;38,8
25420007448000;6;4;2;46,3
25420007449000;179;89;90;39,7
25420007501000;2;1;1;0,0
25420007525000;1;1;0;0,0
25420007547000;22;11;11;56,5
25420007548000;1;0;1;0,0
25420007562000;1;1;0;0,0
25420007563000;10;7;3;43,3
25420007564000;39;20;19;55,4
25420007565000;17;10;7;36,0
25420007594000;27;16;11;49,0
25420007617000;2;1;1;0,0
25420007618000;13;6;7;43,1
25420007619000;13;8;5;34,1
25420007621000;2;1;1;0,0
25420007622000;6;3;3;44,2
25420007623000;10;5;5;45,5
25420007624000;8;5;3;55,5
25420007625000;9;8;1;44,7
25420007671000;8;4;4;58,8
25420007672000;20;9;11;48,6
25420007674000;4;2;2;0,0
25420007675000;4;2;2;0,0
25420007676000;4;2;2;0,0
25420007688000;419;214;205;40,3
25420007689000;344;182;162;35,3
25430007447000;39;22;17;46,1
25430007448000;42;23;19;53,7
25430007547000;25;14;11;41,5
25430007548000;25;13;12;44,6
25430007562000;13;6;7;51,4
25430007564000;5;1;4;75,4
25430007565000;11;6;5;49,3
25430007567000;4;3;1;0,0
25430007568000;10;3;7;66,2
25430007569000;7;2;5;48,6
25430007570000;2;1;1;0,0
25430007571000;51;28;23;48,4
25430007595000;9;4;5;44,3
25430007614000;2;1;1;0,0
25430007615000;1;0;1;0,0
25430007617000;24;11;13;39,3
25430007618000;37;20;17;44,7
25430007624000;9;6;3;47,4
25430007625000;16;9;7;36,4
25430007626000;13;7;6;34,7
25430007628000;1;0;1;0,0
25430007630000;2;1;1;0,0
25430007673000;7;4;3;47,4
25430007676000;5;2;3;41,2
25430007677000;10;3;7;48,8
25430007678000;16;8;8;57,9
25430007679000;6;4;2;47,3
25430007680000;7;3;4;57,9
25430007681000;12;6;6;40,5
25430007689000;365;182;183;44,1
25430007690000;156;71;85;35,9
25440007447000;131;73;58;43,5
25440007547000;36;17;19;42,0
25440007548000;63;37;26;38,7
25440007549000;10;5;5;59,7
25440007565000;33;18;15;31,9
25440007566000;4;3;1;0,0
25440007567000;6;3;3;49,5
25440007568000;5;3;2;58,4
25440007617000;1;0;1;0,0
25440007627000;20;11;9;41,3
25440007628000;7;4;3;72,0
25440007631000;3;1;2;0,0
25440007632000;9;4;5;40,8
25440007633000;54;28;26;39,7
25440007634000;161;82;79;41,4
25440007635000;18;10;8;56,1
25440007681000;18;9;9;56,8
25440007682000;34;20;14;58,7
25440007689000;403;210;193;42,0
25440007690000;851;423;428;41,8
25450007446000;38;18;20;54,4
25450007447000;56;25;31;39,3
25450007546000;1;0;1;0,0
25450007547000;142;74;68;36,2
25450007548000;175;95;80;40,2
25450007562000;1;0;1;0,0
25450007563000;8;3;5;48,5
25450007564000;1;0;1;0,0
25450007590000;10;5;5;61,5
25450007600000;3;1;2;0,0
25450007604000;1;0;1;0,0
25450007605000;1;1;0;0,0
25450007627000;31;19;12;33,2
25450007630000;73;37;36;41,2
25450007631000;30;18;12;45,8
25450007636000;2;1;1;0,0
25450007682000;3;2;1;0,0
25450007683000;12;7;5;51,8
25450007684000;6;3;3;51,2
25460007446000;110;56;54;41,1
25460007546000;115;63;52;33,8
25460007547000;26;15;11;41,8
25460007558000;3;2;1;0,0
25460007560000;2;1;1;0,0
25460007591000;6;2;4;20,2
25460007592000;3;1;2;0,0
25460007593000;17;8;9;40,9
25460007626000;1;1;0;0,0
25460007627000;30;18;12;31,8
25460007629000;29;16;13;47,6
25460007630000;255;151;104;36,6
25460007637000;17;9;8;38,3
25460007683000;3;2;1;0,0
25460007684000;10;5;5;58,5
25470007445000;22;12;10;64,4
25470007446000;27;13;14;58,7
25470007593000;10;5;5;75,2
25470007603000;2;1;1;0,0
25470007626000;16;9;7;59,6
25470007627000;14;7;7;36,9
25470007629000;1000;452;548;41,2
25470007630000;90;41;49;42,0
25470007637000;5;4;1;45,8
25470007638000;12;5;7;45,6
25470007639000;10;5;5;43,2
25480007544000;29;15;14;43,5
25480007545000;67;34;33;40,1
25480007546000;2;1;1;0,0
25480007601000;2;1;1;0,0
25480007625000;5;1;4;34,0
25480007628000;26;12;14;38,6
25480007629000;73;36;37;40,1
25480007639000;55;27;28;39,7
25490007625000;6;4;2;31,8
25490007628000;66;34;32;46,4
25500007530000;1;1;0;0,0
25500007531000;20;13;7;57,8
25500007532000;6;4;2;47,0
25500007533000;3;1;2;0,0
25500007605000;5;5;0;50,2
25500007606000;78;38;40;39,9
25500007625000;57;23;34;41,5
25500007626000;2;1;1;0,0
25500007627000;53;28;25;39,2
25500007628000;56;30;26;43,6
25500007645000;3;2;1;0,0
25500007650000;50;26;24;47,7
25500007651000;22;11;11;47,9
25510007530000;2;1;1;0,0
25510007531000;6;4;2;33,3
25510007567000;1;1;0;0,0
25510007589000;1;0;1;0,0
25510007605000;19;9;10;36,2
25510007606000;116;58;58;47,6
25510007624000;3;2;1;0,0
25510007625000;210;110;100;37,4
25510007626000;43;22;21;52,5
25510007637000;8;6;2;64,0
25510007638000;3;1;2;0,0
25510007649000;23;12;11;47,7
25510007650000;6;2;4;50,3
25520007559000;13;7;6;55,2
25520007582000;2;1;1;0,0
25520007583000;6;2;4;63,7
25520007584000;18;10;8;60,7
25520007590000;4;1;3;0,0
25520007606000;8;4;4;38,4
25520007622000;8;4;4;44,6
25520007623000;13;9;4;38,0
25520007624000;22;13;9;40,4
25520007625000;6;2;4;36,8
25520007626000;8;5;3;47,5
25520007636000;7;4;3;29,0
25520007642000;14;6;8;45,6
25530007567000;1;1;0;0,0
25530007590000;2;1;1;0,0
25530007604000;13;5;8;59,8
25530007605000;7;3;4;42,6
25530007606000;10;5;5;66,2
25530007619000;1;0;1;0,0
25530007620000;5;3;2;67,0
25530007635000;31;16;15;30,4
25530007636000;25;13;12;34,2
25530007637000;23;9;14;53,8
25530007641000;20;10;10;39,0
25530007642000;9;4;5;48,6
25540007557000;10;5;5;62,0
25540007568000;2;2;0;0,0
25540007590000;17;6;11;50,1
25540007591000;16;8;8;49,5
25540007605000;19;11;8;62,3
25540007606000;14;9;5;45,9
25540007618000;4;2;2;0,0
25540007619000;9;6;3;54,8
25540007630000;3;1;2;0,0
25540007635000;6;2;4;27,3
25540007636000;154;82;72;42,5
25540007637000;17;12;5;40,7
25540007641000;37;18;19;42,9
25540007648000;5;4;1;57,4
25550007545000;1;0;1;0,0
25550007554000;23;11;12;43,9
25550007559000;2;1;1;0,0
25550007570000;5;2;3;65,0
25550007573000;6;4;2;65,5
25550007579000;2;1;1;0,0
25550007580000;10;6;4;46,4
25550007590000;18;9;9;42,0
25550007602000;6;3;3;44,0
25550007605000;14;7;7;51,2
25550007606000;19;10;9;41,2
25550007618000;10;5;5;29,7
25550007629000;52;27;25;38,2
25550007630000;18;10;8;31,7
25550007631000;2;1;1;0,0
25550007635000;74;38;36;38,9
25550007636000;11;6;5;31,5
25560007539000;1;1;0;0,0
25560007553000;76;39;37;47,8
25560007554000;235;125;110;45,5
25560007570000;2;1;1;0,0
25560007579000;7;4;3;68,1
25560007580000;9;3;6;51,3
25560007586000;2;1;1;0,0
25560007604000;5;2;3;71,4
25560007605000;9;5;4;40,8
25560007606000;12;6;6;55,8
25560007625000;7;4;3;39,9
25560007628000;25;15;10;33,0
25560007631000;19;10;9;47,5
25560007632000;4;2;2;0,0
25560007634000;6;2;4;27,2
25560007635000;42;18;24;31,4
25560007636000;39;20;19;35,5
25570007539000;1;1;0;0,0
25570007540000;1;1;0;0,0
25570007548000;1;1;0;0,0
25570007550000;2;1;1;0,0
25570007551000;8;5;3;68,3
25570007553000;6;3;3;67,7
25570007554000;533;279;254;43,5
25570007555000;3;2;1;0,0
25570007560000;1;1;0;0,0
25570007579000;2;1;1;0,0
25570007586000;2;1;1;0,0
25570007603000;4;2;2;0,0
25570007604000;8;3;5;39,4
25570007606000;10;6;4;54,7
25570007615000;3;1;2;0,0
25570007616000;2;1;1;0,0
25570007625000;24;15;9;39,5
25570007626000;17;9;8;32,5
25570007631000;16;9;7;43,0
25570007635000;39;16;23;42,1
25570007636000;1;1;0;0,0
25570007642000;3;1;2;0,0
25580007566000;4;3;1;0,0
25580007568000;1;1;0;0,0
25580007578000;13;7;6;44,1
25580007591000;4;3;1;0,0
25580007606000;21;12;9;38,1
25580007615000;9;5;4;65,8
25580007616000;13;7;6;44,8
25580007632000;182;89;93;35,7
25580007634000;2;1;1;0,0
25580007635000;90;53;37;40,4
25580007642000;34;20;14;35,1
25580007653000;7;4;3;34,3
25580007655000;3;2;1;0,0
25580007656000;13;6;7;54,4
25590007554000;1;1;0;0,0
25590007578000;1;1;0;0,0
25590007593000;3;2;1;0,0
25590007601000;3;1;2;0,0
25590007602000;1;1;0;0,0
25590007603000;6;3;3;35,3
25590007632000;114;59;55;35,6
25590007633000;16;8;8;23,3
25590007634000;50;25;25;35,3
25590007635000;175;82;93;37,9
25590007636000;19;8;11;36,7
25590007638000;109;56;53;44,0
25590007641000;2;1;1;0,0
25590007642000;7;3;4;57,6
25590007653000;5;4;1;50,0
25590007655000;2;0;2;0,0
25590007656000;15;9;6;52,9
25590007659000;1;1;0;0,0
25590007663000;3;1;2;0,0
25600007564000;1;1;0;0,0
25600007576000;1;1;0;0,0
25600007599000;36;21;15;47,4
25600007603000;64;31;33;42,0
25600007604000;9;5;4;61,9
25600007606000;3;2;1;0,0
25600007610000;6;4;2;50,3
25600007611000;9;4;5;70,1
25600007617000;91;42;49;35,1
25600007618000;45;22;23;51,0
25600007632000;478;233;245;38,7
25600007633000;698;332;366;39,4
25600007634000;726;361;365;36,3
25600007635000;57;26;31;33,7
25600007636000;9;7;2;32,9
25600007637000;44;26;18;42,2
25600007638000;2;1;1;0,0
25600007641000;1;1;0;0,0
25600007642000;11;6;5;43,4
25600007653000;6;2;4;48,0
25600007654000;11;8;3;50,7
25600007656000;2;1;1;0,0
25600007657000;4;2;2;0,0
25600007661000;1;0;1;0,0
25610007527000;1;1;0;0,0
25610007598000;29;16;13;41,5
25610007599000;37;16;21;37,3
25610007604000;45;21;24;50,2
25610007605000;10;8;2;45,9
25610007606000;25;16;9;40,0
25610007607000;73;37;36;34,0
25610007608000;103;54;49;36,8
25610007609000;8;2;6;57,4
25610007610000;35;14;21;46,2
25610007611000;56;27;29;42,5
25610007612000;48;27;21;42,2
25610007617000;2;2;0;0,0
25610007618000;24;13;11;35,0
25610007619000;37;22;15;36,1
25610007620000;7;4;3;53,4
25610007622000;4;2;2;0,0
25610007623000;119;64;55;44,3
25610007630000;976;506;470;37,3
25610007631000;1574;775;799;38,7
25610007632000;1769;892;877;40,7
25610007633000;1303;681;622;38,5
25610007634000;375;191;184;35,5
25610007635000;44;15;29;87,3
25610007641000;16;9;7;46,2
25610007654000;148;70;78;46,7
25610007655000;7;5;2;61,4
25610007656000;1;1;0;0,0
25610007661000;1;1;0;0,0
25620007577000;3;1;2;0,0
25620007588000;1;0;1;0,0
25620007596000;1;1;0;0,0
25620007597000;35;16;19;47,1
25620007598000;207;105;102;42,0
25620007604000;8;5;3;64,4
25620007605000;250;124;126;47,2
25620007606000;3;2;1;0,0
25620007612000;17;10;7;56,4
25620007619000;115;59;56;43,7
25620007620000;128;59;69;47,7
25620007621000;25;12;13;30,7
25620007623000;195;101;94;43,7
25620007624000;265;135;130;37,8
25620007626000;721;372;349;35,8
25620007627000;312;163;149;31,9
25620007628000;875;429;446;35,5
25620007629000;1009;511;498;36,8
25620007630000;897;441;456;39,3
25620007631000;928;458;470;40,7
25620007632000;625;317;308;41,1
25620007633000;1445;708;737;45,3
25620007634000;889;433;456;39,0
25620007635000;70;38;32;34,0
25620007636000;27;13;14;33,6
25620007641000;40;19;21;55,2
25620007653000;12;6;6;51,3
25620007654000;40;19;21;44,5
25620007655000;6;3;3;59,0
25630007581000;2;1;1;0,0
25630007583000;2;1;1;0,0
25630007605000;18;10;8;43,4
25630007608000;28;15;13;47,1
25630007609000;39;19;20;40,9
25630007610000;42;21;21;37,9
25630007611000;8;5;3;68,1
25630007612000;2;1;1;0,0
25630007613000;1;0;1;0,0
25630007614000;5;3;2;55,8
25630007617000;8;5;3;75,1
25630007618000;49;28;21;41,7
25630007619000;45;23;22;42,5
25630007620000;5;3;2;54,6
25630007621000;76;39;37;45,5
25630007622000;1;0;1;0,0
25630007624000;28;15;13;39,5
25630007625000;157;82;75;39,0
25630007626000;738;365;373;34,3
25630007627000;724;349;375;39,4
25630007628000;306;155;151;37,6
25630007629000;48;31;17;45,4
25630007630000;882;397;485;48,8
25630007631000;792;394;398;45,0
25630007632000;110;54;56;40,7
25630007641000;31;16;15;46,5
25630007642000;23;14;9;33,7
25640007575000;2;0;2;0,0
25640007581000;3;1;2;0,0
25640007582000;3;2;1;0,0
25640007584000;6;3;3;66,3
25640007585000;1;1;0;0,0
25640007589000;10;4;6;41,4
25640007594000;6;4;2;40,2
25640007603000;11;3;8;64,6
25640007604000;4;2;2;0,0
25640007607000;4;3;1;0,0
25640007608000;321;162;159;38,5
25640007609000;348;153;195;40,8
25640007610000;48;22;26;37,5
25640007611000;3;2;1;0,0
25640007612000;55;26;29;43,3
25640007613000;14;9;5;37,6
25640007614000;4;3;1;0,0
25640007615000;24;14;10;61,0
25640007616000;44;23;21;43,7
25640007617000;86;42;44;43,1
25640007618000;86;44;42;43,4
25640007622000;6;4;2;44,2
25640007631000;710;345;365;43,1
25640007642000;54;30;24;51,1
25640007643000;44;21;23;44,0
25640007644000;5;2;3;58,4
25640007645000;11;6;5;43,2
25640007646000;5;3;2;49,0
25650007575000;1;1;0;0,0
25650007582000;13;6;7;40,5
25650007583000;5;3;2;65,2
25650007584000;22;11;11;44,4
25650007587000;4;2;2;0,0
25650007589000;4;3;1;0,0
25650007590000;4;2;2;0,0
25650007594000;25;9;16;45,4
25650007595000;7;5;2;53,1
25650007603000;4;2;2;0,0
25650007607000;84;37;47;36,5
25650007608000;4;3;1;0,0
25650007614000;3;2;1;0,0
25650007618000;10;4;6;44,7
25650007643000;11;5;6;24,2
25650007646000;5;3;2;63,4
25650007647000;34;17;17;35,1
25650007648000;2;1;1;0,0
25660007564000;2;2;0;0,0
25660007570000;1;1;0;0,0
25660007579000;14;8;6;54,9
25660007584000;2;1;1;0,0
25660007585000;2;0;2;0,0
25660007589000;1;0;1;0,0
25660007590000;22;10;12;34,3
25660007594000;34;16;18;32,7
25660007595000;27;13;14;43,4
25660007602000;2;1;1;0,0
25660007603000;153;76;77;40,2
25660007604000;32;17;15;46,4
25660007605000;39;16;23;44,1
25660007606000;16;9;7;51,4
25660007607000;40;22;18;41,7
25660007608000;7;2;5;74,0
25660007648000;7;3;4;24,6
25660007649000;26;11;15;64,4
25660007650000;16;6;10;46,8
25670007573000;5;3;2;63,4
25670007574000;1;1;0;0,0
25670007575000;1;1;0;0,0
25670007577000;2;1;1;0,0
25670007578000;5;3;2;66,0
25670007579000;1;0;1;0,0
25670007587000;6;3;3;66,0
25670007588000;49;23;26;50,8
25670007589000;33;16;17;43,6
25670007590000;22;11;11;45,5
25670007594000;6;3;3;31,2
25670007595000;39;17;22;44,3
25670007598000;1;0;1;0,0
25670007599000;4;2;2;0,0
25670007600000;3;1;2;0,0
25670007601000;4;2;2;0,0
25670007602000;1;0;1;0,0
25670007603000;8;4;4;28,5
25670007605000;4;2;2;0,0
25670007606000;39;21;18;39,4
25670007607000;25;14;11;42,1
25670007608000;7;5;2;38,1
25670007641000;2;1;1;0,0
25670007648000;19;11;8;64,7
25670007649000;8;3;5;46,3
25680007587000;2;1;1;0,0
25680007588000;60;34;26;46,9
25680007589000;24;10;14;61,5
25680007595000;5;1;4;17,0
25680007596000;4;1;3;0,0
25680007601000;3;2;1;0,0
25680007602000;6;3;3;47,2
25680007603000;11;7;4;38,7
25680007609000;41;24;17;48,9
25680007610000;15;8;7;31,6
25680007611000;23;9;14;49,5
25680007641000;9;6;3;53,8
25680007649000;5;2;3;72,0
25690007575000;2;1;1;0,0
25690007579000;19;10;9;33,8
25690007580000;2;2;0;0,0
25690007589000;11;5;6;59,6
25690007590000;6;3;3;48,5
25690007594000;5;5;0;49,2
25690007595000;24;14;10;39,9
25690007596000;5;2;3;55,0
25690007597000;2;0;2;0,0
25690007599000;1;0;1;0,0
25690007600000;2;1;1;0,0
25690007601000;12;5;7;63,2
25690007602000;44;24;20;51,3
25690007603000;68;34;34;36,7
25690007608000;8;5;3;51,0
25690007609000;13;9;4;32,5
25690007616000;18;11;7;47,7
25690007617000;12;5;7;52,8
25690007618000;1;0;1;0,0
25690007650000;17;8;9;44,2
25690007651000;1;0;1;0,0
25700007571000;7;2;5;44,6
25700007572000;1;1;0;0,0
25700007573000;3;2;1;0,0
25700007574000;2;1;1;0,0
25700007575000;1;0;1;0,0
25700007576000;5;2;3;29,4
25700007577000;17;11;6;45,4
25700007578000;13;6;7;28,6
25700007579000;8;7;1;62,3
25700007580000;16;10;6;42,3
25700007590000;6;4;2;37,5
25700007594000;8;5;3;46,4
25700007598000;21;12;9;40,3
25700007599000;8;3;5;44,3
25700007601000;16;8;8;53,5
25700007603000;18;12;6;50,1
25700007604000;5;1;4;30,6
25700007605000;26;14;12;44,3
25700007606000;5;4;1;48,2
25700007607000;18;12;6;51,3
25700007608000;5;2;3;42,0
25700007615000;1;1;0;0,0
25700007618000;9;6;3;65,1
25710007572000;1;1;0;0,0
25710007573000;1;1;0;0,0
25710007574000;2;1;1;0,0
25710007576000;3;0;3;0,0
25710007577000;3;1;2;0,0
25710007578000;4;2;2;0,0
25710007579000;23;12;11;36,4
25710007580000;11;5;6;43,8
25710007581000;21;12;9;36,0
25710007595000;6;3;3;58,0
25710007598000;8;4;4;55,4
25710007599000;58;28;30;42,7
25710007600000;23;9;14;37,1
25710007601000;17;8;9;48,5
25710007603000;25;13;12;50,0
25710007604000;11;6;5;47,9
25710007605000;27;13;14;39,2
25710007606000;47;26;21;44,5
25710007607000;14;6;8;35,6
25710007618000;3;1;2;0,0
25710007619000;16;8;8;41,4
25710007663000;1;1;0;0,0
25720007571000;3;1;2;0,0
25720007579000;5;4;1;32,8
25720007580000;38;21;17;49,0
25720007581000;21;11;10;57,5
25720007582000;9;5;4;22,8
25720007588000;10;5;5;45,6
25720007589000;8;5;3;34,6
25720007590000;6;3;3;42,0
25720007595000;11;5;6;42,1
25720007598000;3;2;1;0,0
25720007599000;2;0;2;0,0
25720007602000;17;10;7;48,8
25720007603000;28;13;15;41,6
25720007604000;11;4;7;28,6
25720007605000;5;2;3;18,0
25720007606000;5;3;2;65,0
25720007613000;1;1;0;0,0
25720007617000;3;2;1;0,0
25720007618000;1;1;0;0,0
25720007619000;143;67;76;40,1
25720007662000;85;43;42;42,6
25720007663000;19;8;11;42,1
25730007578000;2;1;1;0,0
25730007579000;2;1;1;0,0
25730007580000;157;79;78;36,4
25730007581000;10;6;4;51,6
25730007582000;7;4;3;48,3
25730007584000;4;1;3;0,0
25730007588000;2;1;1;0,0
25730007595000;1;1;0;0,0
25730007596000;5;2;3;48,8
25730007613000;1;1;0;0,0
25730007619000;33;16;17;50,9
25730007620000;53;23;30;48,4
25730007661000;6;4;2;61,0
25740007579000;5;2;3;35,6
25740007580000;246;124;122;34,2
25740007581000;179;81;98;42,2
25740007582000;58;29;29;39,6
25740007583000;12;4;8;35,2
25740007588000;18;9;9;47,4
25740007599000;2;1;1;0,0
25740007615000;1;1;0;0,0
25740007616000;8;4;4;25,8
25740007620000;19;12;7;56,9
25740007624000;4;2;2;0,0
25740007625000;48;21;27;52,4
25740007661000;8;6;2;43,6
25750007580000;30;13;17;32,7
25750007581000;166;81;85;43,7
25750007582000;319;152;167;42,3
25750007583000;9;6;3;39,4
25750007584000;1;1;0;0,0
25750007588000;14;9;5;56,9
25750007619000;48;22;26;44,4
25750007620000;19;10;9;56,1
25750007625000;2;1;1;0,0
25750007661000;3;1;2;0,0
25750007662000;1;1;0;0,0
25760007581000;34;16;18;44,0
25760007582000;24;11;13;47,3
25760007583000;99;55;44;42,2
25760007584000;7;3;4;69,0
25760007587000;71;42;29;46,6
25760007596000;14;8;6;58,3
25760007597000;6;3;3;31,3
25760007619000;21;12;9;52,0
25760007620000;2;1;1;0,0
25760007662000;6;4;2;77,7
25760007688000;8;4;4;61,4
25770007581000;3;1;2;0,0
25770007582000;11;6;5;41,4
25770007583000;9;6;3;49,6
25770007584000;29;13;16;53,6
25770007585000;22;13;9;38,0
25770007586000;43;21;22;39,4
25770007587000;29;14;15;48,6
25770007596000;1;1;0;0,0
25770007597000;185;93;92;38,3
25770007598000;141;61;80;52,3
25770007599000;6;3;3;63,0
25770007620000;43;22;21;42,1
25770007621000;9;7;2;34,0
25770007662000;3;2;1;0,0
25770007663000;5;3;2;81,0
25770007688000;5;3;2;55,8
25770007689000;48;23;25;53,4
25780007582000;20;11;9;51,9
25780007585000;1;1;0;0,0
25780007586000;13;7;6;31,9
25780007598000;17;8;9;46,8
25780007599000;21;8;13;47,5
25780007600000;32;15;17;50,3
25780007601000;11;6;5;33,2
25780007621000;19;9;10;47,8
25780007622000;23;9;14;43,9
25780007664000;4;2;2;0,0
25780007686000;4;2;2;0,0
25780007687000;1;0;1;0,0
25780007689000;6;5;1;44,5
25790007580000;1;0;1;0,0
25790007582000;80;39;41;38,9
25790007583000;16;10;6;55,5
25790007600000;2;1;1;0,0
25790007601000;4;3;1;0,0
25790007622000;17;8;9;49,1
25790007623000;10;6;4;41,5
25790007626000;1;0;1;0,0
25790007664000;22;10;12;60,1
25790007665000;1;1;0;0,0
25790007687000;2;1;1;0,0
25790007689000;17;12;5;35,2
25790007696000;1;1;0;0,0
25800007583000;55;26;29;47,5
25800007602000;5;3;2;60,4
25800007618000;1;1;0;0,0
25800007623000;4;2;2;0,0
25800007631000;1;0;1;0,0
25800007663000;8;4;4;35,5
25800007664000;7;3;4;49,4
25800007665000;15;8;7;48,3
25800007666000;7;2;5;50,7
25800007670000;57;25;32;44,8
25800007671000;2;1;1;0,0
25800007676000;1;1;0;0,0
25800007677000;24;13;11;49,5
25800007686000;2;0;2;0,0
25800007687000;18;10;8;52,5
25800007690000;2;1;1;0,0
25800007695000;13;6;7;34,6
25800007696000;278;143;135;47,1
25810007583000;4;2;2;0,0
25810007601000;109;53;56;41,0
25810007602000;145;76;69;42,9
25810007603000;40;23;17;43,2
25810007627000;3;3;0;0,0
25810007640000;12;7;5;69,8
25810007659000;1;0;1;0,0
25810007660000;14;4;10;33,2
25810007663000;4;3;1;0,0
25810007664000;32;18;14;51,0
25810007668000;5;2;3;77,8
25810007670000;4;2;2;0,0
25810007676000;2;1;1;0,0
25810007677000;7;3;4;30,6
25810007686000;4;2;2;0,0
25810007687000;77;37;40;45,0
25810007695000;28;15;13;32,2
25810007696000;50;25;25;43,8
25820007583000;8;4;4;50,0
25820007584000;1;1;0;0,0
25820007595000;2;1;1;0,0
25820007601000;65;33;32;44,8
25820007602000;30;18;12;46,5
25820007603000;5;2;3;52,4
25820007620000;1;0;1;0,0
25820007637000;25;12;13;52,1
25820007638000;22;13;9;59,6
25820007639000;10;5;5;57,0
25820007640000;9;5;4;58,8
25820007664000;1;1;0;0,0
25820007687000;17;9;8;36,9
25820007693000;78;42;36;39,7
25820007698000;1;0;1;0,0
25830007581000;3;2;1;0,0
25830007582000;2;1;1;0,0
25830007583000;2;1;1;0,0
25830007584000;14;8;6;56,6
25830007585000;2;1;1;0,0
25830007586000;3;1;2;0,0
25830007595000;6;2;4;53,0
25830007596000;8;5;3;61,8
25830007600000;2;1;1;0,0
25830007601000;15;8;7;55,3
25830007620000;12;7;5;30,6
25830007635000;11;3;8;52,3
25830007636000;27;13;14;44,4
25830007637000;40;21;19;51,4
25830007661000;2;1;1;0,0
25830007686000;6;4;2;52,0
25830007693000;93;44;49;41,3
25840007579000;2;1;1;0,0
25840007585000;4;4;0;0,0
25840007586000;8;5;3;66,1
25840007597000;5;2;3;55,2
25840007600000;33;17;16;28,1
25840007601000;16;10;6;56,0
25840007629000;1;0;1;0,0
25840007633000;6;4;2;40,8
25840007634000;26;12;14;48,4
25840007635000;8;5;3;50,4
25840007657000;6;4;2;45,7
25840007686000;2;1;1;0,0
25840007687000;83;43;40;50,8
25840007701000;2;1;1;0,0
25840007702000;7;4;3;37,4
25850007578000;1;1;0;0,0
25850007579000;1;1;0;0,0
25850007586000;5;3;2;66,0
25850007596000;1;1;0;0,0
25850007599000;2;2;0;0,0
25850007600000;13;8;5;55,5
25850007619000;36;21;15;39,8
25850007620000;106;84;22;39,2
25850007622000;1;0;1;0,0
25850007623000;2;1;1;0,0
25850007627000;21;9;12;56,3
25850007628000;3;1;2;0,0
25850007633000;29;14;15;38,9
25850007641000;2;0;2;0,0
25850007646000;13;6;7;23,7
25850007647000;57;32;25;48,4
25850007657000;15;6;9;49,2
25850007665000;34;20;14;43,2
25850007687000;4;2;2;0,0
25850007702000;11;6;5;41,7
25860007597000;1;1;0;0,0
25860007598000;3;2;1;0,0
25860007616000;19;10;9;64,2
25860007619000;221;97;124;48,3
25860007620000;53;28;25;44,4
25860007628000;58;30;28;46,0
25860007629000;10;4;6;39,2
25860007632000;37;19;18;32,5
25860007633000;8;4;4;43,0
25860007640000;3;2;1;0,0
25860007641000;15;10;5;52,9
25860007646000;28;11;17;43,3
25860007647000;3;2;1;0,0
25860007660000;11;6;5;41,7
25860007661000;11;7;4;51,2
25860007662000;1;0;1;0,0
25860007663000;1;1;0;0,0
25860007664000;39;17;22;45,1
25860007665000;127;54;73;38,0
25870007586000;4;2;2;0,0
25870007587000;22;13;9;40,5
25870007588000;2;1;1;0,0
25870007601000;2;1;1;0,0
25870007602000;3;1;2;0,0
25870007618000;4;1;3;0,0
25870007619000;17;9;8;52,2
25870007629000;18;9;9;58,2
25870007630000;33;16;17;52,8
25870007631000;396;202;194;42,9
25870007632000;32;19;13;39,7
25870007635000;8;4;4;55,1
25870007636000;43;23;20;42,9
25870007637000;19;9;10;40,3
25870007638000;1;1;0;0,0
25870007639000;2;1;1;0,0
25870007645000;7;3;4;45,7
25870007646000;17;8;9;64,9
25870007658000;7;3;4;38,6
25870007660000;4;2;2;0,0
25870007663000;2;1;1;0,0
25870007664000;11;3;8;49,7
25870007665000;37;20;17;47,9
25870007707000;6;4;2;51,0
25870007708000;1;0;1;0,0
25880007587000;12;6;6;36,5
25880007588000;4;2;2;0,0
25880007603000;4;2;2;0,0
25880007615000;3;2;1;0,0
25880007618000;12;4;8;38,0
25880007630000;6;3;3;30,2
25880007631000;12;7;5;21,0
25880007633000;9;5;4;60,0
25880007634000;39;21;18;45,4
25880007636000;20;9;11;48,9
25880007637000;33;17;16;47,6
25880007644000;2;1;1;0,0
25880007645000;6;4;2;57,2
25880007646000;41;21;20;49,8
25880007647000;2;0;2;0,0
25880007658000;11;5;6;60,3
25880007701000;7;3;4;49,1
25880007702000;1;0;1;0,0
25880007707000;1;1;0;0,0
25890007587000;9;7;2;37,8
25890007588000;12;6;6;33,7
25890007595000;1;0;1;0,0
25890007603000;7;4;3;55,7
25890007604000;1;1;0;0,0
25890007617000;12;8;4;62,7
25890007618000;3;2;1;0,0
25890007633000;20;12;8;47,7
25890007643000;2;1;1;0,0
25890007705000;77;34;43;37,2
25890007706000;44;20;24;42,2
25900007587000;2;1;1;0,0
25900007596000;1;0;1;0,0
25900007615000;6;4;2;69,3
25900007617000;12;7;5;73,8
25900007618000;1;1;0;0,0
25900007633000;3;2;1;0,0
25900007643000;4;4;0;0,0
25900007647000;6;3;3;72,3
25900007648000;5;3;2;64,6
25900007668000;2;2;0;0,0
25900007705000;51;21;30;51,0
25910007586000;2;1;1;0,0
25910007596000;1;1;0;0,0
25910007615000;2;2;0;0,0
25910007626000;13;5;8;43,8
25910007628000;7;4;3;69,7
25910007629000;21;9;12;48,1
25910007630000;34;16;18;49,0
25910007641000;8;3;5;34,3
25910007644000;2;1;1;0,0
25910007647000;4;3;1;0,0
25910007705000;26;13;13;40,4
25910007706000;2;1;1;0,0
25910007707000;1;0;1;0,0
25920007586000;5;3;2;52,8
25920007588000;17;8;9;42,1
25920007596000;1;1;0;0,0
25920007604000;5;4;1;28,0
25920007610000;2;1;1;0,0
25920007614000;12;6;6;47,4
25920007615000;6;4;2;63,2
25920007626000;5;2;3;61,4
25920007630000;5;4;1;46,6
25920007644000;6;4;2;31,2
25920007671000;5;2;3;71,4
25920007704000;4;2;2;0,0
25920007705000;14;10;4;63,4
25920007707000;22;10;12;68,6
25930007580000;2;1;1;0,0
25930007581000;7;4;3;22,0
25930007582000;3;2;1;0,0
25930007585000;3;3;0;0,0
25930007588000;7;3;4;47,4
25930007589000;73;32;41;37,5
25930007612000;1;1;0;0,0
25930007627000;6;3;3;41,0
25930007631000;4;2;2;0,0
25930007647000;2;0;2;0,0
25930007699000;6;4;2;64,8
25930007704000;3;2;1;0,0
25940007579000;8;5;3;61,8
25940007580000;6;3;3;45,5
25940007581000;17;10;7;20,0
25940007588000;17;10;7;24,4
25940007589000;165;92;73;35,0
25940007590000;76;33;43;34,1
25940007591000;179;90;89;36,4
25940007627000;2;1;1;0,0
25940007631000;1;1;0;0,0
25940007632000;28;13;15;41,4
25940007647000;9;4;5;38,7
25940007657000;7;4;3;50,7
25940007697000;5;3;2;41,0
25940007699000;9;4;5;52,4
25940007704000;3;2;1;0,0
25940007705000;2;1;1;0,0
25940007709000;3;1;2;0,0
25940007710000;37;18;19;43,5
25950007565000;5;4;1;26,2
25950007578000;3;1;2;0,0
25950007588000;2;2;0;0,0
25950007589000;403;204;199;32,4
25950007590000;180;89;91;36,0
25950007591000;559;288;271;38,2
25950007632000;5;2;3;76,0
25950007633000;19;10;9;50,9
25950007637000;9;8;1;46,6
25950007657000;2;1;1;0,0
25950007705000;6;4;2;47,3
25950007713000;103;57;46;39,9
25950007714000;75;39;36;44,5
25960007565000;4;4;0;0,0
25960007566000;4;2;2;0,0
25960007570000;3;2;1;0,0
25960007589000;11;3;8;42,2
25960007591000;540;251;289;43,8
25960007592000;74;36;38;40,5
25960007633000;16;8;8;56,0
25960007634000;13;9;4;45,6
25960007637000;2;1;1;0,0
25960007638000;18;10;8;69,2
25960007655000;4;3;1;0,0
25960007656000;1;1;0;0,0
25960007676000;7;5;2;44,1
25960007678000;2;1;1;0,0
25960007705000;33;15;18;50,5
25960007710000;10;6;4;44,7
25960007711000;28;15;13;44,3
25970007577000;6;4;2;42,8
25970007591000;776;382;394;38,6
25970007627000;3;2;1;0,0
25970007635000;13;6;7;57,0
25970007639000;2;1;1;0,0
25970007657000;18;7;11;50,2
25970007658000;7;4;3;64,7
25970007678000;7;3;4;69,6
25970007710000;44;25;19;45,7
25970007711000;164;86;78;36,8
25970007712000;87;49;38;39,6
25980007586000;12;8;4;43,2
25980007590000;520;264;256;33,3
25980007591000;377;193;184;38,9
25980007593000;1459;704;755;42,4
25980007594000;608;316;292;39,6
25980007621000;66;35;31;36,7
25980007622000;21;8;13;44,6
25980007623000;12;8;4;55,2
25980007624000;1;1;0;0,0
25980007625000;9;6;3;45,3
25980007627000;14;5;9;61,6
25980007659000;13;7;6;35,9
25980007660000;14;6;8;34,6
25980007681000;2;2;0;0,0
25990007571000;24;9;15;35,4
25990007572000;50;22;28;51,7
25990007573000;120;64;56;48,6
25990007574000;10;5;5;65,9
25990007575000;2;1;1;0,0
25990007586000;15;8;7;36,9
25990007590000;189;99;90;32,7
25990007591000;291;146;145;36,7
25990007592000;245;129;116;41,3
25990007593000;2833;1386;1447;46,5
25990007594000;2072;1067;1005;39,2
25990007603000;6;4;2;38,5
25990007620000;7;3;4;49,6
25990007626000;26;14;12;49,5
25990007627000;15;10;5;32,1
25990007637000;10;5;5;27,6
25990007641000;13;7;6;70,6
25990007654000;19;7;12;42,2
25990007655000;21;12;9;40,5
25990007660000;7;2;5;47,7
25990007665000;6;3;3;64,0
25990007676000;3;1;2;0,0
25990007679000;8;4;4;61,6
25990007680000;6;4;2;44,0
26000007572000;4;2;2;0,0
26000007585000;2;1;1;0,0
26000007590000;459;245;214;38,4
26000007592000;30;20;10;30,9
26000007593000;1784;928;856;39,5
26000007594000;1300;663;637;40,9
26000007603000;31;17;14;51,3
26000007604000;24;14;10;41,1
26000007620000;23;13;10;40,8
26000007622000;10;4;6;41,3
26000007623000;21;8;13;42,8
26000007624000;8;3;5;41,9
26000007625000;12;5;7;42,4
26000007626000;6;3;3;30,8
26000007637000;5;4;1;69,4
26000007654000;2;1;1;0,0
26000007661000;12;6;6;53,3
26000007662000;2;1;1;0,0
26000007665000;11;7;4;26,5
26000007679000;5;4;1;65,6
26010007570000;2;1;1;0,0
26010007585000;2;1;1;0,0
26010007589000;15;6;9;54,5
26010007590000;5;3;2;36,0
26010007593000;14;9;5;30,9
26010007594000;24;8;16;43,2
26010007597000;7;3;4;28,1
26010007603000;1;0;1;0,0
26010007604000;32;16;16;49,0
26010007619000;5;3;2;32,4
26010007620000;66;41;25;40,2
26010007622000;2;1;1;0,0
26010007627000;1;1;0;0,0
26010007636000;1;1;0;0,0
26010007654000;6;3;3;67,7
26010007658000;3;3;0;0,0
26010007659000;9;6;3;63,0
26010007662000;9;4;5;50,0
26010007663000;38;19;19;40,6
26010007664000;6;3;3;35,7
26010007665000;15;7;8;55,8
26010007666000;4;3;1;0,0
26010007679000;6;4;2;54,0
26010007684000;3;2;1;0,0
26020007583000;2;1;1;0,0
26020007584000;6;3;3;52,5
26020007589000;5;4;1;29,4
26020007597000;73;34;39;45,5
26020007598000;16;9;7;50,3
26020007599000;22;11;11;40,4
26020007605000;24;13;11;35,6
26020007606000;19;9;10;44,9
26020007619000;8;6;2;35,6
26020007621000;8;5;3;51,6
26020007622000;146;66;80;43,0
26020007651000;7;3;4;37,3
26020007654000;6;3;3;62,2
26020007660000;10;6;4;46,5
26020007674000;5;1;4;69,0
26020007679000;3;1;2;0,0
26020007682000;22;9;13;51,2
26020007685000;22;13;9;37,8
26020007712000;24;11;13;54,1
26020007713000;147;77;70;43,5
26030007568000;8;4;4;41,8
26030007569000;10;4;6;51,7
26030007583000;2;1;1;0,0
26030007597000;1;1;0;0,0
26030007598000;1;1;0;0,0
26030007599000;2;1;1;0,0
26030007600000;8;6;2;55,1
26030007601000;2;1;1;0,0
26030007605000;14;4;10;33,1
26030007606000;382;177;205;45,3
26030007607000;63;26;37;43,2
26030007620000;6;2;4;59,0
26030007621000;46;21;25;45,8
26030007622000;9;4;5;60,0
26030007633000;3;2;1;0,0
26030007661000;14;7;7;59,1
26030007674000;19;8;11;54,6
26030007679000;3;1;2;0,0
26030007680000;7;4;3;36,1
26030007681000;2;1;1;0,0
26030007682000;9;3;6;52,0
26030007683000;24;12;12;49,1
26030007685000;22;13;9;34,3
26030007686000;2;1;1;0,0
26030007716000;20;10;10;51,6
26030007717000;270;152;118;36,1
26040007567000;5;4;1;46,6
26040007568000;10;5;5;39,9
26040007588000;4;2;2;0,0
26040007598000;11;7;4;55,8
26040007602000;15;8;7;40,7
26040007603000;11;6;5;38,9
26040007605000;39;21;18;35,7
26040007606000;563;291;272;44,5
26040007607000;179;92;87;41,0
26040007608000;15;9;6;31,9
26040007621000;5;3;2;69,2
26040007632000;2;1;1;0,0
26040007633000;6;4;2;63,8
26040007642000;2;2;0;0,0
26040007661000;5;1;4;46,8
26040007662000;26;13;13;46,9
26040007667000;6;3;3;69,7
26040007679000;2;1;1;0,0
26040007682000;2;1;1;0,0
26040007686000;19;9;10;43,2
26040007716000;13;7;6;19,9
26050007565000;12;9;3;50,1
26050007566000;4;2;2;0,0
26050007567000;5;4;1;60,2
26050007587000;3;2;1;0,0
26050007598000;1;1;0;0,0
26050007602000;2;1;1;0,0
26050007604000;12;5;7;38,8
26050007605000;30;14;16;47,8
26050007606000;12;8;4;41,8
26050007607000;8;4;4;39,5
26050007608000;22;14;8;39,8
26050007621000;5;2;3;35,8
26050007632000;7;3;4;59,0
26050007663000;22;9;13;51,2
26050007664000;22;9;13;33,1
26050007667000;10;6;4;48,3
26050007678000;11;6;5;41,7
26050007679000;45;22;23;57,4
26050007686000;7;2;5;31,9
26050007709000;1;1;0;0,0
26060007562000;2;1;1;0,0
26060007564000;2;1;1;0,0
26060007565000;4;2;2;0,0
26060007585000;4;3;1;0,0
26060007586000;279;144;135;35,8
26060007587000;215;110;105;31,5
26060007606000;16;6;10;36,3
26060007607000;44;23;21;32,4
26060007609000;2;2;0;0,0
26060007615000;2;1;1;0,0
26060007620000;6;5;1;47,3
26060007632000;3;2;1;0,0
26060007648000;15;10;5;51,8
26060007664000;32;18;14;48,3
26060007665000;57;30;27;44,8
26060007666000;19;10;9;50,9
26060007667000;21;11;10;34,8
26060007678000;21;11;10;37,1
26060007679000;34;18;16;42,6
26060007682000;15;10;5;45,8
26060007684000;7;4;3;32,1
26060007687000;23;14;9;45,7
26060007714000;2;2;0;0,0
26070007585000;96;50;46;35,8
26070007586000;123;62;61;38,6
26070007587000;104;47;57;33,0
26070007594000;131;58;73;38,5
26070007598000;23;12;11;51,0
26070007607000;18;10;8;55,3
26070007614000;3;3;0;0,0
26070007616000;4;1;3;0,0
26070007619000;26;14;12;51,4
26070007620000;13;7;6;59,5
26070007632000;11;6;5;46,7
26070007643000;4;2;2;0,0
26070007644000;10;6;4;57,2
26070007654000;7;2;5;44,7
26070007665000;93;41;52;39,5
26070007666000;161;85;76;51,6
26070007667000;14;6;8;31,3
26070007669000;2;1;1;0,0
26070007675000;27;16;11;40,0
26070007682000;2;1;1;0,0
26070007684000;24;14;10;48,0
26070007685000;5;2;3;20,8
26070007686000;20;9;11;34,5
26070007687000;17;8;9;37,6
26070007688000;13;5;8;43,6
26070007689000;3;1;2;0,0
26080007593000;4;2;2;0,0
26080007594000;42;22;20;36,7
26080007597000;11;6;5;43,1
26080007598000;5;2;3;58,0
26080007607000;3;2;1;0,0
26080007619000;94;54;40;40,4
26080007632000;6;5;1;65,2
26080007643000;13;5;8;40,8
26080007646000;4;2;2;0,0
26080007647000;45;18;27;37,4
26080007649000;23;13;10;43,4
26080007658000;1;0;1;0,0
26080007661000;28;12;16;48,3
26080007662000;15;7;8;34,7
26080007663000;1;0;1;0,0
26080007668000;3;1;2;0,0
26080007669000;12;7;5;31,8
26080007675000;111;53;58;43,8
26080007676000;46;20;26;44,0
26080007677000;7;3;4;29,4
26080007682000;3;2;1;0,0
26080007683000;6;3;3;34,2
26080007684000;7;5;2;38,4
26080007686000;12;5;7;29,5
26080007688000;1;1;0;0,0
26080007689000;2;1;1;0,0
26080007690000;7;4;3;66,0
26090007593000;75;38;37;42,6
26090007594000;1;0;1;0,0
26090007596000;7;5;2;45,3
26090007597000;11;4;7;58,6
26090007607000;4;2;2;0,0
26090007618000;12;6;6;38,7
26090007619000;15;7;8;56,3
26090007620000;92;48;44;34,4
26090007631000;13;5;8;36,1
26090007632000;1;1;0;0,0
26090007633000;3;1;2;0,0
26090007646000;35;20;15;36,5
26090007647000;94;49;45;42,7
26090007648000;36;19;17;51,0
26090007649000;29;17;12;51,1
26090007650000;19;9;10;59,8
26090007653000;4;2;2;0,0
26090007660000;6;4;2;63,2
26090007661000;10;4;6;39,9
26090007662000;1;0;1;0,0
26090007663000;26;10;16;49,9
26090007664000;8;4;4;41,3
26090007665000;6;5;1;51,5
26090007667000;32;18;14;36,1
26090007668000;12;7;5;29,2
26090007669000;40;19;21;34,7
26090007675000;103;50;53;36,8
26090007678000;14;6;8;23,6
26090007682000;2;1;1;0,0
26090007683000;46;23;23;36,7
26090007686000;1;1;0;0,0
26090007687000;6;4;2;46,2
26090007689000;21;10;11;40,0
26090007692000;1;1;0;0,0
26090007717000;9;4;5;53,4
26100007593000;8;4;4;42,8
26100007596000;40;21;19;43,0
26100007597000;3;2;1;0,0
26100007606000;9;5;4;42,2
26100007607000;32;15;17;51,0
26100007616000;18;8;10;56,5
26100007617000;13;8;5;36,2
26100007618000;4;2;2;0,0
26100007619000;29;15;14;51,0
26100007631000;21;9;12;54,9
26100007633000;7;4;3;57,0
26100007642000;6;3;3;68,3
26100007646000;52;25;27;40,4
26100007647000;14;5;9;52,8
26100007652000;33;19;14;34,5
26100007653000;9;4;5;40,3
26100007663000;4;2;2;0,0
26100007666000;6;4;2;59,5
26100007669000;56;28;28;41,0
26100007675000;29;12;17;33,8
26100007678000;86;46;40;34,3
26100007679000;56;28;28;46,6
26100007683000;39;23;16;45,0
26100007687000;28;15;13;36,4
26100007689000;12;8;4;48,3
26100007708000;4;3;1;0,0
26110007593000;2;1;1;0,0
26110007594000;1;1;0;0,0
26110007595000;11;7;4;56,9
26110007607000;23;16;7;62,8
26110007616000;4;2;2;0,0
26110007617000;2;1;1;0,0
26110007619000;39;20;19;50,8
26110007629000;1;1;0;0,0
26110007630000;34;16;18;49,3
26110007631000;22;14;8;47,5
26110007633000;14;7;7;44,4
26110007641000;15;10;5;56,5
26110007642000;10;5;5;36,8
26110007645000;20;10;10;34,6
26110007646000;9;6;3;64,6
26110007654000;1;0;1;0,0
26110007662000;1;0;1;0,0
26110007663000;8;5;3;37,1
26110007669000;33;16;17;48,8
26110007670000;10;5;5;55,0
26110007675000;24;11;13;56,6
26110007678000;24;12;12;35,8
26110007679000;23;14;9;51,0
26110007681000;26;14;12;31,7
26110007682000;6;2;4;47,2
26110007683000;29;16;13;44,6
26110007689000;15;9;6;45,3
26110007697000;3;2;1;0,0
26110007698000;6;3;3;50,2
26110007699000;1;1;0;0,0
26110007708000;22;11;11;54,1
26110007709000;1;1;0;0,0
26110007710000;18;8;10;39,2
26110007711000;25;13;12;41,0
26110007712000;35;19;16;42,4
26120007607000;3;1;2;0,0
26120007619000;1;1;0;0,0
26120007628000;53;32;21;35,2
26120007629000;50;27;23;32,5
26120007631000;8;5;3;36,8
26120007632000;58;31;27;38,4
26120007633000;15;7;8;57,4
26120007640000;13;8;5;33,4
26120007641000;27;14;13;39,8
26120007642000;5;3;2;45,2
26120007644000;42;25;17;42,3
26120007645000;143;73;70;40,0
26120007670000;9;4;5;42,1
26120007671000;3;3;0;0,0
26120007681000;9;4;5;42,9
26120007682000;39;18;21;42,0
26120007683000;42;18;24;46,6
26120007689000;1;1;0;0,0
26120007690000;6;3;3;45,5
26120007703000;4;2;2;0,0
26120007712000;41;19;22;43,3
26120007713000;20;11;9;39,1
26130007599000;2;1;1;0,0
26130007627000;36;17;19;39,4
26130007628000;214;103;111;40,7
26130007629000;43;21;22;59,9
26130007630000;55;26;29;38,4
26130007631000;63;31;32;45,6
26130007632000;14;7;7;40,4
26130007640000;12;6;6;48,9
26130007641000;174;77;97;33,9
26130007643000;150;79;71;46,5
26130007661000;4;2;2;0,0
26130007670000;1;0;1;0,0
26130007671000;18;8;10;53,3
26130007675000;2;1;1;0,0
26130007681000;15;6;9;32,5
26130007682000;57;34;23;31,6
26130007683000;93;47;46;32,7
26130007684000;28;14;14;40,1
26130007686000;24;11;13;31,3
26130007687000;31;12;19;34,4
26130007691000;61;31;30;33,2
26130007692000;11;4;7;44,9
26130007696000;2;2;0;0,0
26130007707000;11;7;4;53,3
26130007708000;2;1;1;0,0
26130007713000;98;54;44;34,8
26130007714000;35;18;17;57,0
26130007715000;6;2;4;53,7
26130007716000;12;6;6;58,5
26130007717000;2;2;0;0,0
26130007718000;2;1;1;0,0
26130007719000;2;1;1;0,0
26140007626000;27;13;14;37,1
26140007627000;17;9;8;24,4
26140007641000;2;1;1;0,0
26140007642000;333;167;166;37,3
26140007643000;308;157;151;38,5
26140007646000;21;10;11;48,5
26140007671000;13;7;6;41,3
26140007675000;3;2;1;0,0
26140007680000;30;13;17;31,1
26140007681000;1;1;0;0,0
26140007683000;96;44;52;36,1
26140007686000;11;5;6;39,9
26140007687000;52;30;22;41,8
26140007688000;58;27;31;43,0
26140007689000;4;2;2;0,0
26140007690000;22;14;8;43,6
26140007692000;11;6;5;38,6
26140007693000;37;13;24;38,2
26140007694000;9;4;5;21,6
26150007625000;26;11;15;38,2
26150007626000;16;8;8;48,8
26150007637000;5;3;2;55,2
26150007639000;8;5;3;55,4
26150007641000;4;3;1;0,0
26150007642000;20;10;10;47,2
26150007643000;2;1;1;0,0
26150007645000;1;1;0;0,0
26150007646000;48;22;26;52,2
26150007672000;4;2;2;0,0
26150007676000;18;10;8;52,6
26150007677000;2;1;1;0,0
26150007679000;6;3;3;50,2
26150007680000;14;4;10;49,0
26150007683000;367;177;190;31,9
26150007686000;34;18;16;31,0
26150007687000;39;20;19;38,2
26150007688000;6;3;3;58,5
26150007689000;9;6;3;24,8
26150007694000;18;9;9;40,9
26150007695000;17;5;12;48,8
26150007703000;10;5;5;66,8
26150007704000;11;4;7;68,0
26150007705000;1;0;1;0,0
26150007727000;26;14;12;39,6
26150007728000;50;26;24;34,6
26160007625000;36;24;12;55,4
26160007643000;1;1;0;0,0
26160007646000;9;5;4;67,2
26160007647000;5;4;1;20,4
26160007659000;6;3;3;38,3
26160007660000;9;6;3;34,9
26160007661000;4;1;3;0,0
26160007673000;3;2;1;0,0
26160007676000;2;1;1;0,0
26160007678000;47;23;24;40,8
26160007679000;22;12;10;39,2
26160007683000;329;168;161;32,9
26160007684000;601;313;288;35,2
26160007685000;208;103;105;32,9
26160007686000;39;19;20;47,6
26160007687000;2;1;1;0,0
26160007695000;18;7;11;43,4
26160007705000;26;11;15;46,2
26160007706000;12;3;9;51,2
26160007727000;66;34;32;43,8
26160007728000;76;40;36;44,7
26170007642000;5;3;2;47,6
26170007643000;16;8;8;45,7
26170007646000;2;1;1;0,0
26170007662000;11;4;7;58,0
26170007673000;2;1;1;0,0
26170007682000;208;104;104;45,6
26170007683000;576;279;297;43,3
26170007684000;31;16;15;44,2
26170007685000;66;34;32;35,8
26170007687000;32;18;14;36,4
26170007688000;25;12;13;44,4
26170007695000;2;1;1;0,0
26170007696000;6;3;3;50,3
26170007702000;6;2;4;72,3
26170007703000;4;1;3;0,0
26170007704000;6;3;3;68,0
26170007705000;1;1;0;0,0
26170007706000;29;12;17;45,6
26170007707000;13;5;8;44,2
26170007708000;8;2;6;71,3
26170007709000;15;8;7;28,3
26170007710000;12;6;6;38,9
26170007723000;22;15;7;24,5
26170007724000;40;23;17;39,6
26170007727000;139;77;62;37,9
26170007728000;3;2;1;0,0
26180007621000;5;4;1;33,6
26180007641000;2;1;1;0,0
26180007646000;2;2;0;0,0
26180007662000;1;0;1;0,0
26180007674000;12;6;6;37,9
26180007682000;192;82;110;43,5
26180007683000;854;420;434;38,6
26180007684000;140;72;68;36,9
26180007685000;112;56;56;38,3
26180007686000;189;86;103;32,9
26180007687000;162;85;77;37,7
26180007688000;65;32;33;36,1
26180007689000;79;35;44;38,7
26180007690000;52;31;21;34,6
26180007691000;85;42;43;42,2
26180007696000;26;12;14;47,4
26180007710000;10;4;6;50,3
26180007723000;17;8;9;49,2
26180007724000;80;36;44;45,7
26180007725000;25;10;15;71,2
26190007640000;12;6;6;40,3
26190007667000;3;2;1;0,0
26190007668000;7;3;4;42,0
26190007669000;17;10;7;47,0
26190007670000;2;2;0;0,0
26190007673000;6;4;2;38,3
26190007683000;785;382;403;41,1
26190007691000;1;1;0;0,0
26190007692000;43;24;19;42,0
26190007696000;71;53;18;32,0
26190007698000;2;2;0;0,0
26190007700000;2;1;1;0,0
26190007702000;12;7;5;30,3
26190007706000;4;3;1;0,0
26190007724000;1;1;0;0,0
26190007725000;32;14;18;25,9
26200007622000;42;25;17;40,5
26200007623000;23;12;11;25,5
26200007641000;14;9;5;44,6
26200007642000;34;19;15;48,7
26200007647000;2;1;1;0,0
26200007648000;1;1;0;0,0
26200007661000;1;0;1;0,0
26200007667000;1;0;1;0,0
26200007668000;10;5;5;54,8
26200007669000;21;14;7;33,1
26200007670000;37;21;16;36,1
26200007671000;26;12;14;37,0
26200007673000;1;1;0;0,0
26200007674000;21;10;11;39,3
26200007683000;530;273;257;36,2
26200007692000;33;16;17;34,7
26200007693000;23;12;11;51,3
26200007694000;2;1;1;0,0
26200007696000;64;39;25;42,3
26200007697000;70;38;32;52,6
26200007699000;5;3;2;65,6
26200007729000;1;1;0;0,0
26210007622000;37;19;18;37,5
26210007623000;12;8;4;53,7
26210007640000;16;9;7;40,5
26210007641000;2;1;1;0,0
26210007642000;41;26;15;43,5
26210007643000;18;10;8;30,8
26210007646000;5;4;1;66,6
26210007647000;1;1;0;0,0
26210007648000;3;1;2;0,0
26210007650000;2;1;1;0,0
26210007671000;96;51;45;40,4
26210007672000;77;39;38;35,1
26210007673000;59;32;27;41,8
26210007674000;5;2;3;60,0
26210007677000;93;52;41;39,6
26210007678000;43;15;28;42,1
26210007679000;143;73;70;40,6
26210007680000;68;30;38;37,2
26210007681000;25;9;16;43,0
26210007683000;451;241;210;36,5
26210007694000;15;9;6;37,7
26210007695000;48;24;24;45,1
26210007696000;16;9;7;27,4
26210007697000;194;100;94;39,6
26210007699000;6;3;3;63,3
26210007718000;5;4;1;53,4
26210007719000;12;5;7;52,3
26210007729000;8;4;4;58,9
26210007742000;1;1;0;0,0
26220007641000;8;4;4;31,6
26220007642000;9;4;5;36,9
26220007643000;30;16;14;47,7
26220007648000;3;2;1;0,0
26220007649000;4;2;2;0,0
26220007650000;6;3;3;46,7
26220007671000;6;3;3;35,7
26220007672000;115;57;58;39,8
26220007675000;32;19;13;37,7
26220007676000;36;15;21;35,2
26220007677000;20;11;9;41,2
26220007679000;8;4;4;52,1
26220007681000;48;29;19;44,7
26220007682000;96;57;39;36,7
26220007683000;167;79;88;39,7
26220007684000;4;2;2;0,0
26220007695000;19;10;9;30,2
26220007696000;31;17;14;48,7
26220007697000;23;11;12;45,7
26220007698000;24;9;15;34,6
26220007716000;4;2;2;0,0
26220007718000;2;0;2;0,0
26220007727000;2;1;1;0,0
26230007640000;16;10;6;35,2
26230007641000;1;0;1;0,0
26230007643000;43;25;18;37,7
26230007645000;4;2;2;0,0
26230007672000;28;14;14;47,2
26230007673000;78;40;38;41,9
26230007675000;60;29;31;42,4
26230007676000;115;52;63;42,5
26230007677000;2;0;2;0,0
26230007684000;36;22;14;46,6
26230007685000;1;0;1;0,0
26230007694000;7;2;5;34,9
26230007700000;1;1;0;0,0
26230007701000;1;0;1;0,0
26230007702000;3;2;1;0,0
26230007706000;6;3;3;24,0
26230007707000;6;3;3;78,3
26230007716000;12;7;5;48,1
26230007727000;5;3;2;64,0
26240007640000;13;7;6;31,6
26240007641000;8;5;3;48,8
26240007642000;13;8;5;39,9
26240007643000;30;14;16;41,4
26240007644000;4;3;1;0,0
26240007672000;14;10;4;36,0
26240007673000;237;136;101;37,4
26240007674000;8;4;4;48,0
26240007675000;72;40;32;40,1
26240007677000;3;2;1;0,0
26240007685000;79;43;36;34,0
26240007693000;3;1;2;0,0
26240007700000;45;24;21;35,4
26240007701000;90;44;46;38,1
26240007702000;11;7;4;54,0
26240007705000;9;4;5;46,9
26240007715000;4;3;1;0,0
26240007726000;41;21;20;37,5
26240007727000;9;3;6;37,9
26250007623000;9;4;5;36,3
26250007624000;3;2;1;0,0
26250007625000;2;1;1;0,0
26250007626000;14;5;9;44,4
26250007627000;4;2;2;0,0
26250007628000;7;4;3;21,3
26250007641000;3;2;1;0,0
26250007671000;3;1;2;0,0
26250007672000;151;85;66;40,3
26250007673000;472;229;243;39,6
26250007674000;434;199;235;43,0
26250007675000;66;35;31;41,0
26250007683000;24;11;13;49,1
26250007684000;11;7;4;34,8
26250007685000;75;37;38;46,8
26250007686000;70;40;30;42,5
26250007687000;32;22;10;39,8
26250007693000;14;8;6;34,5
26250007701000;31;17;14;28,7
26250007709000;10;5;5;39,3
26250007715000;3;1;2;0,0
26250007726000;1;0;1;0,0
26250007727000;17;12;5;32,9
26250007730000;7;5;2;54,3
26260007623000;5;3;2;64,4
26260007624000;6;4;2;60,8
26260007639000;10;4;6;25,4
26260007666000;15;8;7;35,0
26260007668000;15;7;8;31,9
26260007670000;5;3;2;29,2
26260007671000;6;2;4;49,2
26260007672000;51;25;26;37,8
26260007673000;56;24;32;41,2
26260007674000;142;72;70;37,5
26260007682000;10;8;2;20,1
26260007683000;27;12;15;38,2
26260007686000;16;9;7;49,7
26260007687000;58;32;26;42,9
26260007688000;22;11;11;38,7
26260007689000;5;3;2;55,0
26260007690000;10;7;3;35,8
26260007692000;17;10;7;26,5
26260007701000;11;7;4;38,1
26260007709000;14;8;6;52,7
26260007716000;2;1;1;0,0
26260007727000;2;1;1;0,0
26270007621000;5;2;3;57,8
26270007630000;5;2;3;48,8
26270007631000;5;3;2;56,6
26270007632000;9;3;6;36,7
26270007633000;7;5;2;34,7
26270007636000;6;3;3;50,8
26270007638000;27;15;12;43,4
26270007639000;15;8;7;48,1
26270007664000;7;4;3;48,4
26270007666000;33;16;17;39,2
26270007668000;3;1;2;0,0
26270007669000;24;11;13;40,2
26270007670000;70;32;38;39,8
26270007671000;36;18;18;47,8
26270007672000;25;13;12;41,0
26270007674000;8;4;4;30,9
26270007680000;5;3;2;72,8
26270007682000;20;11;9;40,4
26270007684000;9;5;4;48,2
26270007688000;6;4;2;29,2
26270007689000;41;19;22;40,9
26270007690000;1;0;1;0,0
26270007691000;3;1;2;0,0
26270007692000;55;29;26;38,0
26270007693000;20;11;9;41,2
26270007694000;11;4;7;56,5
26270007695000;1;0;1;0,0
26270007696000;3;1;2;0,0
26270007716000;35;20;15;51,4
26270007722000;48;28;20;43,0
26270007723000;41;24;17;41,7
26270007724000;34;21;13;40,6
26270007725000;5;3;2;25,6
26270007727000;9;7;2;30,6
26280007620000;2;1;1;0,0
26280007631000;2;0;2;0,0
26280007632000;1;1;0;0,0
26280007633000;11;5;6;35,2
26280007636000;4;2;2;0,0
26280007637000;7;5;2;33,1
26280007638000;23;11;12;44,7
26280007666000;4;2;2;0,0
26280007667000;2;1;1;0,0
26280007670000;5;2;3;69,4
26280007671000;12;6;6;25,7
26280007680000;39;17;22;42,3
26280007681000;12;7;5;28,1
26280007682000;57;32;25;47,3
26280007684000;4;2;2;0,0
26280007690000;9;3;6;48,9
26280007691000;9;6;3;46,3
26280007695000;24;11;13;38,5
26280007696000;22;10;12;38,1
26280007697000;11;7;4;33,1
26280007710000;10;5;5;66,2
26280007711000;10;5;5;28,0
26280007716000;21;10;11;44,8
26280007717000;2;1;1;0,0
26280007723000;4;2;2;0,0
26280007724000;35;18;17;36,1
26280007726000;2;1;1;0,0
26280007727000;5;3;2;32,8
26280007739000;2;1;1;0,0
26290007619000;3;2;1;0,0
26290007666000;6;3;3;46,0
26290007667000;3;0;3;0,0
26290007680000;10;4;6;34,1
26290007681000;47;20;27;40,0
26290007682000;34;17;17;43,4
26290007683000;1;1;0;0,0
26290007691000;9;5;4;32,1
26290007692000;29;12;17;38,4
26290007693000;61;31;30;37,1
26290007694000;21;9;12;36,1
26290007695000;15;4;11;43,3
26290007696000;7;3;4;51,3
26290007697000;51;26;25;39,3
26290007698000;47;22;25;34,1
26290007701000;4;3;1;0,0
26290007702000;4;3;1;0,0
26290007710000;8;4;4;59,5
26290007711000;3;1;2;0,0
26290007716000;2;1;1;0,0
26290007717000;24;11;13;35,8
26290007725000;2;1;1;0,0
26290007726000;3;1;2;0,0
26290007727000;14;8;6;40,1
26300007619000;38;20;18;34,8
26300007639000;13;6;7;26,9
26300007640000;3;2;1;0,0
26300007681000;2;1;1;0,0
26300007682000;35;17;18;38,4
26300007683000;16;6;10;47,1
26300007697000;21;10;11;32,5
26300007698000;201;94;107;50,4
26300007699000;21;12;9;47,0
26300007700000;13;8;5;41,8
26300007701000;5;2;3;32,4
26300007709000;4;3;1;0,0
26300007710000;1;1;0;0,0
26300007717000;21;12;9;44,9
26300007727000;5;2;3;47,8
26300007728000;5;2;3;48,2
26300007743000;18;9;9;44,6
26300007744000;21;9;12;61,1
26300007745000;1;1;0;0,0
26310007617000;9;4;5;35,1
26310007618000;21;13;8;36,7
26310007640000;20;11;9;46,4
26310007667000;11;8;3;36,2
26310007668000;15;9;6;51,1
26310007682000;14;10;4;47,6
26310007683000;5;3;2;49,0
26310007684000;16;7;9;35,1
26310007698000;5;4;1;21,4
26310007699000;26;16;10;39,6
26310007700000;13;9;4;48,8
26310007701000;9;3;6;43,7
26310007702000;4;2;2;0,0
26310007703000;24;13;11;37,1
26310007704000;10;7;3;40,2
26310007705000;3;2;1;0,0
26310007708000;9;4;5;67,1
26310007709000;1;0;1;0,0
26310007717000;4;2;2;0,0
26310007727000;6;4;2;56,8
26310007729000;4;2;2;0,0
26310007744000;42;19;23;41,3
26310007745000;41;24;17;49,7
26320007640000;3;1;2;0,0
26320007641000;20;9;11;37,6
26320007642000;5;3;2;56,0
26320007668000;18;9;9;37,5
26320007682000;9;5;4;17,6
26320007683000;24;12;12;22,6
26320007684000;12;6;6;64,0
26320007685000;14;7;7;40,6
26320007700000;18;8;10;42,1
26320007701000;20;13;7;48,3
26320007717000;17;7;10;31,6
26320007729000;9;5;4;37,4
26320007744000;20;9;11;34,0
26330007642000;489;242;247;39,3
26330007645000;1;0;1;0,0
26330007667000;6;4;2;45,8
26330007668000;10;7;3;38,7
26330007677000;4;2;2;0,0
26330007683000;10;5;5;51,9
26330007685000;3;2;1;0,0
26330007701000;7;4;3;50,7
26330007702000;4;2;2;0,0
26330007717000;5;3;2;29,4
26330007718000;26;12;14;40,5
26340007642000;809;440;369;34,7
26340007643000;901;437;464;40,1
26340007644000;56;30;26;38,6
26340007645000;17;10;7;49,9
26340007666000;8;4;4;50,4
26340007667000;1;1;0;0,0
26340007713000;14;8;6;36,3
26340007714000;1;0;1;0,0
26340007718000;17;10;7;42,4
26340007744000;1;1;0;0,0
26340007750000;8;4;4;59,3
26350007641000;3;3;0;0,0
26350007642000;163;130;33;23,5
26350007643000;127;59;68;43,8
26350007644000;23;12;11;43,5
26350007645000;16;6;10;34,1
26350007646000;11;4;7;53,8
26350007666000;4;2;2;0,0
26350007677000;16;9;7;50,3
26350007686000;2;1;1;0,0
26350007700000;4;1;3;0,0
26350007707000;1;0;1;0,0
26350007710000;6;4;2;46,8
26350007713000;10;5;5;26,8
26350007718000;4;2;2;0,0
26350007719000;24;13;11;36,1
26350007742000;1;1;0;0,0
26350007750000;3;2;1;0,0
26350007773000;1;1;0;0,0
26360007639000;12;6;6;35,9
26360007640000;8;4;4;41,0
26360007641000;13;7;6;46,8
26360007642000;14;10;4;40,2
26360007646000;29;18;11;32,4
26360007647000;7;4;3;55,3
26360007677000;6;3;3;37,5
26360007678000;24;14;10;32,7
26360007681000;5;2;3;49,6
26360007682000;16;7;9;46,3
26360007683000;3;1;2;0,0
26360007684000;5;2;3;36,6
26360007700000;9;6;3;53,9
26360007707000;7;5;2;34,0
26360007708000;13;6;7;41,5
26360007711000;6;3;3;58,3
26360007719000;6;3;3;44,0
26360007744000;13;6;7;67,7
26360007745000;28;17;11;45,9
26360007750000;1;1;0;0,0
26360007774000;1;1;0;0,0
26370007638000;13;8;5;54,2
26370007639000;25;13;12;51,4
26370007640000;4;2;2;0,0
26370007645000;9;4;5;40,1
26370007646000;8;5;3;57,9
26370007647000;9;5;4;46,7
26370007648000;29;15;14;39,5
26370007649000;11;7;4;58,9
26370007658000;9;5;4;51,8
26370007665000;1;1;0;0,0
26370007677000;13;7;6;29,2
26370007678000;8;4;4;25,6
26370007679000;6;3;3;45,5
26370007680000;21;11;10;50,7
26370007681000;36;20;16;41,5
26370007682000;57;29;28;46,9
26370007683000;41;22;19;43,8
26370007684000;31;15;16;55,5
26370007685000;8;4;4;45,8
26370007686000;29;16;13;34,4
26370007687000;2;1;1;0,0
26370007693000;2;2;0;0,0
26370007694000;2;1;1;0,0
26370007695000;7;3;4;45,6
26370007697000;2;2;0;0,0
26370007698000;8;5;3;52,8
26370007699000;4;3;1;0,0
26370007707000;3;2;1;0,0
26370007716000;2;1;1;0,0
26370007719000;3;2;1;0,0
26370007751000;39;23;16;40,7
26370007752000;15;7;8;62,1
26370007757000;6;4;2;26,0
26380007637000;5;2;3;42,6
26380007638000;8;4;4;40,4
26380007639000;30;17;13;40,9
26380007649000;1;0;1;0,0
26380007650000;38;22;16;40,0
26380007651000;1;0;1;0,0
26380007652000;4;2;2;0,0
26380007658000;67;34;33;43,6
26380007659000;41;21;20;36,1
26380007664000;1;1;0;0,0
26380007679000;86;43;43;41,6
26380007680000;24;15;9;32,0
26380007681000;8;4;4;56,3
26380007682000;12;5;7;33,2
26380007683000;15;9;6;36,5
26380007684000;11;3;8;57,2
26380007685000;2;1;1;0,0
26380007687000;13;4;9;33,5
26380007688000;10;5;5;55,4
26380007706000;17;9;8;37,1
26380007707000;1;1;0;0,0
26380007716000;17;10;7;44,0
26380007719000;5;2;3;47,6
26380007751000;22;10;12;38,1
26390007637000;15;4;11;36,8
26390007638000;41;18;23;36,6
26390007639000;5;3;2;14,6
26390007653000;9;5;4;60,0
26390007654000;18;7;11;43,4
26390007655000;4;2;2;0,0
26390007659000;68;34;34;32,3
26390007660000;23;11;12;41,3
26390007661000;58;27;31;36,7
26390007662000;58;31;27;32,0
26390007663000;521;285;236;35,7
26390007664000;41;20;21;48,1
26390007665000;35;19;16;46,7
26390007676000;32;14;18;31,7
26390007677000;14;9;5;30,5
26390007678000;10;5;5;26,3
26390007679000;40;21;19;43,2
26390007680000;14;9;5;28,0
26390007685000;20;11;9;46,9
26390007686000;3;1;2;0,0
26390007687000;4;3;1;0,0
26390007688000;4;2;2;0,0
26390007689000;2;1;1;0,0
26390007691000;3;2;1;0,0
26390007692000;6;3;3;45,5
26390007693000;3;2;1;0,0
26390007694000;24;14;10;42,0
26390007695000;2;1;1;0,0
26390007697000;3;1;2;0,0
26390007705000;18;9;9;55,8
26390007706000;3;1;2;0,0
26390007719000;4;3;1;0,0
26390007720000;13;8;5;38,7
26390007735000;132;66;66;34,7
26390007736000;1;1;0;0,0
26390007773000;5;3;2;51,8
26400007637000;5;2;3;43,0
26400007638000;34;13;21;33,7
26400007639000;1;1;0;0,0
26400007654000;1;1;0;0,0
26400007655000;6;4;2;61,7
26400007656000;2;1;1;0,0
26400007658000;17;8;9;48,3
26400007659000;77;35;42;46,3
26400007662000;137;71;66;36,7
26400007663000;161;95;66;26,0
26400007665000;206;98;108;49,9
26400007666000;575;301;274;33,3
26400007667000;58;28;30;34,1
26400007675000;7;4;3;43,9
26400007676000;1;0;1;0,0
26400007678000;11;7;4;30,3
26400007679000;38;18;20;34,1
26400007686000;4;3;1;0,0
26400007693000;9;3;6;32,0
26400007694000;10;8;2;49,2
26400007695000;7;5;2;66,4
26400007704000;18;13;5;43,7
26400007717000;8;5;3;47,4
26400007721000;5;3;2;53,6
26400007722000;49;29;20;38,5
26400007734000;5;4;1;21,2
26400007735000;216;109;107;29,7
26400007736000;148;66;82;38,1
26400007739000;8;3;5;52,8
26400007740000;2;1;1;0,0
26400007741000;5;2;3;15,0
26400007752000;2;1;1;0,0
26400007769000;4;2;2;0,0
26400007773000;15;11;4;45,2
26410007635000;5;4;1;26,8
26410007636000;1;0;1;0,0
26410007637000;20;7;13;39,6
26410007639000;25;14;11;36,0
26410007655000;7;4;3;37,0
26410007656000;1;1;0;0,0
26410007657000;14;7;7;43,1
26410007658000;27;13;14;39,5
26410007659000;8;2;6;56,5
26410007661000;23;12;11;41,1
26410007665000;25;12;13;37,0
26410007666000;9;5;4;69,6
26410007667000;158;77;81;34,7
26410007674000;13;6;7;31,9
26410007675000;6;3;3;70,8
26410007676000;2;1;1;0,0
26410007677000;23;14;9;47,2
26410007678000;8;2;6;44,4
26410007679000;23;10;13;34,4
26410007695000;1;0;1;0,0
26410007701000;9;3;6;61,9
26410007702000;80;34;46;38,3
26410007703000;15;9;6;45,7
26410007718000;8;4;4;56,3
26410007722000;39;18;21;39,0
26410007723000;9;3;6;45,4
26410007734000;41;24;17;38,6
26410007735000;38;21;17;46,1
26410007736000;13;9;4;47,5
26410007737000;35;18;17;36,9
26410007769000;2;1;1;0,0
26420007630000;3;2;1;0,0
26420007632000;6;3;3;53,3
26420007633000;2;1;1;0,0
26420007636000;22;13;9;41,5
26420007637000;10;6;4;34,8
26420007638000;1;0;1;0,0
26420007661000;9;6;3;41,9
26420007665000;6;2;4;55,3
26420007667000;140;72;68;37,8
26420007668000;373;188;185;42,2
26420007671000;9;5;4;48,3
26420007673000;6;4;2;45,8
26420007674000;118;59;59;42,0
26420007675000;181;84;97;41,9
26420007676000;8;3;5;47,5
26420007677000;2;1;1;0,0
26420007678000;4;2;2;0,0
26420007679000;26;13;13;32,7
26420007680000;13;6;7;40,0
26420007681000;1;1;0;0,0
26420007700000;13;6;7;30,3
26420007702000;7;2;5;59,6
26420007718000;8;5;3;48,4
26420007721000;33;18;15;35,2
26420007722000;32;16;16;46,6
26420007734000;4;2;2;0,0
26420007735000;23;13;10;49,2
26420007736000;22;10;12;33,6
26420007737000;4;2;2;0,0
26420007770000;4;2;2;0,0
26420007771000;16;6;10;36,4
26430007621000;3;2;1;0,0
26430007623000;4;2;2;0,0
26430007625000;6;3;3;40,0
26430007626000;8;4;4;31,9
26430007627000;4;2;2;0,0
26430007628000;13;6;7;36,0
26430007629000;10;6;4;31,3
26430007630000;10;4;6;31,3
26430007633000;14;8;6;39,2
26430007634000;1;0;1;0,0
26430007635000;4;2;2;0,0
26430007637000;10;6;4;31,0
26430007661000;7;4;3;42,7
26430007662000;1;1;0;0,0
26430007663000;49;29;20;40,2
26430007668000;24;12;12;37,3
26430007669000;26;17;9;43,1
26430007670000;42;22;20;43,5
26430007671000;50;28;22;44,1
26430007672000;122;64;58;43,1
26430007673000;77;38;39;41,0
26430007674000;197;101;96;39,0
26430007675000;3;2;1;0,0
26430007676000;2;0;2;0,0
26430007681000;29;14;15;46,9
26430007692000;3;2;1;0,0
26430007693000;7;5;2;53,0
26430007699000;7;3;4;47,9
26430007702000;3;3;0;0,0
26430007704000;8;5;3;38,1
26430007718000;27;15;12;45,9
26430007721000;34;15;19;48,9
26430007734000;102;56;46;32,9
26430007735000;63;34;29;35,8
26430007765000;1;1;0;0,0
26430007772000;3;2;1;0,0
26440007620000;6;4;2;47,2
26440007621000;10;3;7;35,0
26440007623000;12;6;6;46,5
26440007624000;3;1;2;0,0
26440007625000;4;2;2;0,0
26440007630000;6;2;4;16,2
26440007631000;18;8;10;54,9
26440007660000;2;1;1;0,0
26440007663000;1;0;1;0,0
26440007665000;4;3;1;0,0
26440007669000;2;1;1;0,0
26440007670000;24;13;11;33,8
26440007671000;78;36;42;68,0
26440007672000;51;32;19;33,7
26440007674000;12;6;6;46,9
26440007675000;16;6;10;50,2
26440007681000;8;6;2;55,1
26440007682000;5;2;3;77,2
26440007692000;15;8;7;34,9
26440007698000;1;1;0;0,0
26440007702000;6;3;3;23,7
26440007703000;11;6;5;39,9
26440007704000;18;12;6;48,4
26440007718000;2;2;0;0,0
26440007719000;4;1;3;0,0
26440007721000;25;13;12;46,2
26440007728000;15;10;5;44,0
26440007729000;54;30;24;33,7
26440007730000;99;52;47;38,7
26440007731000;18;7;11;40,9
26440007734000;157;82;75;37,2
26440007735000;348;171;177;34,4
26440007745000;3;1;2;0,0
26440007746000;14;5;9;33,4
26440007748000;63;29;34;35,3
26440007755000;3;1;2;0,0
26450007660000;10;5;5;43,6
26450007662000;1;1;0;0,0
26450007663000;13;8;5;29,8
26450007664000;5;1;4;26,8
26450007666000;5;2;3;58,4
26450007667000;15;7;8;42,1
26450007674000;14;7;7;45,6
26450007681000;7;4;3;20,9
26450007682000;35;20;15;41,4
26450007683000;14;9;5;34,5
26450007684000;4;3;1;0,0
26450007685000;6;3;3;40,8
26450007686000;13;8;5;42,8
26450007687000;20;14;6;46,1
26450007688000;12;5;7;28,3
26450007689000;19;11;8;46,3
26450007690000;5;3;2;71,8
26450007698000;4;1;3;0,0
26450007701000;9;5;4;49,2
26450007702000;23;13;10;53,1
26450007703000;12;7;5;46,0
26450007704000;6;2;4;41,5
26450007719000;10;5;5;38,3
26450007721000;17;11;6;41,5
26450007729000;14;7;7;37,2
26450007731000;32;17;15;36,4
26450007732000;35;15;20;35,3
26450007733000;57;27;30;35,7
26450007734000;801;403;398;31,3
26450007735000;180;92;88;36,0
26450007745000;2;1;1;0,0
26450007746000;11;6;5;41,5
26450007748000;63;30;33;37,7
26450007752000;9;4;5;30,9
26450007753000;18;8;10;35,9
26450007759000;1;1;0;0,0
26450007775000;3;2;1;0,0
26460007630000;29;14;15;38,0
26460007664000;17;9;8;29,8
26460007665000;2;2;0;0,0
26460007666000;4;3;1;0,0
26460007667000;17;9;8;48,6
26460007673000;10;5;5;28,6
26460007674000;5;3;2;42,4
26460007686000;7;2;5;45,0
26460007688000;10;5;5;40,6
26460007689000;17;8;9;46,2
26460007697000;4;2;2;0,0
26460007699000;2;1;1;0,0
26460007700000;1;0;1;0,0
26460007701000;6;4;2;40,5
26460007719000;21;12;9;42,1
26460007721000;23;12;11;41,4
26460007722000;89;41;48;38,9
26460007728000;14;10;4;33,1
26460007729000;4;1;3;0,0
26460007731000;44;24;20;38,4
26460007732000;48;26;22;35,2
26460007734000;951;493;458;28,1
26460007735000;216;108;108;28,1
26460007752000;53;22;31;28,4
26460007753000;32;18;14;34,8
26460007754000;14;8;6;37,9
26460007756000;1;1;0;0,0
26460007775000;4;1;3;0,0
26460007791000;1;1;0;0,0
26470007629000;6;2;4;48,3
26470007659000;2;1;1;0,0
26470007661000;4;2;2;0,0
26470007662000;12;7;5;41,6
26470007664000;8;5;3;33,3
26470007665000;7;5;2;28,0
26470007694000;20;11;9;45,3
26470007695000;2;1;1;0,0
26470007697000;10;6;4;42,0
26470007699000;4;1;3;0,0
26470007700000;3;1;2;0,0
26470007701000;3;1;2;0,0
26470007719000;51;27;24;39,6
26470007722000;6;3;3;49,8
26470007723000;44;24;20;39,9
26470007724000;50;23;27;39,3
26470007725000;31;14;17;44,9
26470007726000;35;20;15;30,5
26470007727000;24;12;12;40,9
26470007728000;32;15;17;37,1
26470007729000;4;2;2;0,0
26470007731000;114;53;61;29,9
26470007735000;1034;532;502;28,6
26470007752000;4;3;1;0,0
26470007753000;35;22;13;39,9
26470007757000;7;3;4;43,0
26470007758000;2;1;1;0,0
26470007775000;2;1;1;0,0
26480007661000;3;2;1;0,0
26480007662000;9;4;5;39,4
26480007664000;1;1;0;0,0
26480007665000;5;3;2;37,6
26480007667000;5;2;3;34,0
26480007672000;6;4;2;36,7
26480007688000;3;2;1;0,0
26480007694000;5;2;3;58,6
26480007695000;10;4;6;38,2
26480007697000;1;1;0;0,0
26480007699000;8;6;2;37,3
26480007701000;11;6;5;44,0
26480007719000;14;8;6;21,3
26480007720000;16;8;8;32,8
26480007725000;11;6;5;35,5
26480007726000;32;14;18;30,8
26480007727000;8;4;4;59,0
26480007731000;26;11;15;21,9
26480007732000;28;15;13;29,8
26480007733000;9;4;5;36,9
26480007735000;1125;588;537;33,1
26480007752000;25;15;10;43,8
26480007775000;5;3;2;68,6
26490007660000;2;2;0;0,0
26490007662000;2;1;1;0,0
26490007663000;3;2;1;0,0
26490007664000;5;4;1;47,0
26490007671000;3;2;1;0,0
26490007672000;14;7;7;46,6
26490007688000;10;4;6;48,9
26490007694000;8;3;5;49,4
26490007695000;14;5;9;44,2
26490007696000;14;8;6;36,8
26490007697000;2;1;1;0,0
26490007699000;1;1;0;0,0
26490007720000;12;8;4;23,3
26490007725000;2;1;1;0,0
26490007726000;16;8;8;31,6
26490007735000;236;114;122;38,8
26490007736000;1131;556;575;37,8
26490007737000;110;57;53;35,3
26490007752000;25;15;10;31,2
26490007776000;10;7;3;61,3
26500007660000;13;7;6;49,7
26500007663000;15;7;8;46,3
26500007671000;3;2;1;0,0
26500007672000;2;1;1;0,0
26500007688000;8;5;3;32,6
26500007694000;14;11;3;30,5
26500007696000;56;26;30;45,4
26500007699000;3;1;2;0,0
26500007712000;2;1;1;0,0
26500007713000;4;2;2;0,0
26500007714000;3;2;1;0,0
26500007715000;1;1;0;0,0
26500007716000;17;7;10;45,6
26500007717000;19;9;10;40,5
26500007718000;2;1;1;0,0
26500007719000;20;11;9;49,1
26500007720000;11;5;6;40,7
26500007736000;144;78;66;38,4
26500007737000;1527;764;763;36,6
26500007738000;14;7;7;38,9
26500007751000;2;1;1;0,0
26500007755000;7;5;2;22,4
26500007756000;19;8;11;46,6
26500007777000;3;2;1;0,0
26500007778000;3;2;1;0,0
26510007661000;15;9;6;53,6
26510007662000;7;3;4;59,7
26510007663000;13;7;6;51,2
26510007688000;8;3;5;38,6
26510007693000;8;3;5;56,3
26510007694000;9;4;5;18,6
26510007696000;17;8;9;56,2
26510007697000;3;2;1;0,0
26510007699000;3;1;2;0,0
26510007713000;2;1;1;0,0
26510007729000;317;157;160;40,4
26510007730000;1426;664;762;40,9
26510007731000;1354;657;697;38,6
26510007732000;231;119;112;29,4
26510007733000;326;172;154;37,3
26510007734000;18;17;1;29,7
26510007735000;9;4;5;31,0
26510007736000;7;4;3;25,0
26510007737000;400;209;191;35,8
26510007738000;26;13;13;32,6
26510007751000;11;7;4;37,1
26510007754000;4;1;3;0,0
26510007779000;3;2;1;0,0
26520007623000;2;1;1;0,0
26520007660000;1;1;0;0,0
26520007661000;26;15;11;38,5
26520007662000;25;13;12;38,7
26520007671000;7;3;4;46,1
26520007688000;8;5;3;40,1
26520007694000;2;1;1;0,0
26520007696000;32;17;15;47,4
26520007697000;3;1;2;0,0
26520007699000;3;1;2;0,0
26520007709000;19;11;8;51,1
26520007710000;20;12;8;48,6
26520007711000;5;2;3;63,0
26520007712000;8;5;3;61,4
26520007726000;6;2;4;67,2
26520007727000;2;0;2;0,0
26520007729000;1230;634;596;35,7
26520007730000;3159;1621;1538;36,3
26520007731000;3011;1495;1516;36,8
26520007732000;2066;1038;1028;36,4
26520007733000;2097;1028;1069;37,0
26520007734000;1664;775;889;39,7
26520007735000;2026;967;1059;37,9
26520007736000;168;83;85;38,5
26520007737000;138;66;72;28,9
26520007738000;24;15;9;50,0
26520007739000;59;28;31;48,5
26520007740000;14;8;6;47,6
26520007753000;12;5;7;47,6
26530007659000;6;2;4;23,0
26530007660000;5;2;3;53,4
26530007661000;37;17;20;46,1
26530007662000;27;15;12;45,1
26530007671000;17;9;8;49,5
26530007672000;6;2;4;43,5
26530007694000;2;0;2;0,0
26530007695000;5;3;2;56,8
26530007696000;65;31;34;40,3
26530007708000;21;14;7;46,8
26530007709000;5;4;1;63,2
26530007721000;31;13;18;41,9
26530007722000;152;78;74;29,7
26530007723000;37;23;14;42,6
26530007724000;18;10;8;36,7
26530007725000;58;31;27;33,8
26530007726000;299;148;151;38,0
26530007727000;324;162;162;38,1
26530007728000;660;343;317;33,9
26530007729000;1380;662;718;39,7
26530007730000;247;111;136;36,7
26530007731000;1691;864;827;42,0
26530007732000;3992;2115;1877;37,3
26530007733000;2438;1257;1181;34,7
26530007734000;1505;799;706;34,7
26530007735000;661;332;329;38,0
26530007736000;753;384;369;29,9
26530007737000;1462;720;742;30,2
26530007738000;50;28;22;33,6
26530007740000;31;16;15;40,3
26530007750000;9;7;2;54,3
26530007753000;2;1;1;0,0
26530007776000;2;2;0;0,0
26530007777000;2;0;2;0,0
26530007778000;2;1;1;0,0
26540007621000;11;5;6;47,1
26540007661000;84;44;40;36,5
26540007662000;2;0;2;0,0
26540007671000;51;26;25;39,8
26540007672000;3;2;1;0,0
26540007692000;2;1;1;0,0
26540007695000;23;11;12;56,3
26540007696000;88;42;46;30,7
26540007700000;4;1;3;0,0
26540007706000;1;0;1;0,0
26540007707000;14;5;9;63,6
26540007708000;15;7;8;31,7
26540007719000;129;67;62;32,2
26540007720000;125;65;60;34,4
26540007721000;86;37;49;28,2
26540007730000;605;303;302;36,2
26540007731000;1630;836;794;37,2
26540007734000;106;49;57;36,7
26540007735000;767;416;351;38,0
26540007736000;2011;993;1018;38,7
26540007737000;1135;555;580;34,8
26540007738000;1072;538;534;35,5
26540007741000;14;8;6;53,7
26540007742000;16;9;7;34,7
26540007748000;57;30;27;37,5
26540007749000;13;5;8;40,8
26540007750000;14;7;7;32,6
26540007751000;4;1;3;0,0
26540007752000;14;9;5;37,5
26540007772000;4;3;1;0,0
26540007785000;2;1;1;0,0
26550007660000;14;10;4;40,4
26550007661000;113;54;59;42,4
26550007671000;15;8;7;29,5
26550007672000;3;2;1;0,0
26550007687000;5;3;2;49,4
26550007691000;8;4;4;71,0
26550007692000;15;10;5;46,1
26550007694000;29;15;14;46,3
26550007695000;12;5;7;50,6
26550007700000;1;1;0;0,0
26550007701000;9;5;4;30,9
26550007702000;16;8;8;37,9
26550007707000;12;4;8;29,8
26550007710000;15;9;6;41,1
26550007711000;10;4;6;49,1
26550007712000;5;3;2;34,8
26550007718000;1;1;0;0,0
26550007719000;70;38;32;38,9
26550007720000;3;1;2;0,0
26550007730000;118;62;56;33,1
26550007731000;2238;1102;1136;35,0
26550007732000;1065;517;548;41,4
26550007733000;1341;699;642;37,9
26550007735000;63;36;27;30,5
26550007736000;272;146;126;33,2
26550007737000;682;362;320;32,6
26550007738000;11;11;0;36,9
26550007742000;2;1;1;0,0
26550007743000;65;25;40;31,2
26550007744000;8;3;5;43,4
26550007746000;9;6;3;26,9
26550007747000;31;15;16;36,7
26550007748000;3;2;1;0,0
26550007749000;2;1;1;0,0
26550007750000;1;1;0;0,0
26550007773000;8;5;3;74,3
26550007774000;5;4;1;43,4
26550007775000;1;1;0;0,0
26560007653000;2;1;1;0,0
26560007655000;2;1;1;0,0
26560007656000;3;1;2;0,0
26560007659000;1;0;1;0,0
26560007660000;16;9;7;55,9
26560007661000;27;16;11;37,1
26560007671000;5;3;2;24,6
26560007690000;1;0;1;0,0
26560007691000;19;11;8;38,6
26560007692000;10;4;6;39,2
26560007693000;1;1;0;0,0
26560007694000;25;9;16;31,5
26560007702000;68;39;29;38,2
26560007703000;33;17;16;36,7
26560007704000;1;1;0;0,0
26560007705000;3;1;2;0,0
26560007706000;10;6;4;40,5
26560007708000;1;1;0;0,0
26560007709000;14;7;7;45,9
26560007710000;3;2;1;0,0
26560007713000;9;5;4;62,0
26560007715000;12;3;9;57,8
26560007716000;36;17;19;43,2
26560007717000;6;3;3;25,3
26560007718000;70;49;21;42,6
26560007720000;44;21;23;39,0
26560007732000;5;2;3;31,2
26560007733000;890;431;459;39,7
26560007734000;2031;956;1075;39,4
26560007735000;44;24;20;35,0
26560007744000;19;11;8;33,4
26560007745000;47;23;24;34,4
26560007746000;18;7;11;25,3
26560007748000;18;11;7;40,7
26560007749000;2;2;0;0,0
26560007769000;1;1;0;0,0
26570007653000;1;0;1;0,0
26570007654000;5;3;2;57,8
26570007655000;3;1;2;0,0
26570007657000;3;1;2;0,0
26570007658000;1;0;1;0,0
26570007660000;17;10;7;41,9
26570007687000;5;1;4;42,8
26570007691000;4;2;2;0,0
26570007693000;3;2;1;0,0
26570007694000;5;3;2;29,8
26570007701000;7;3;4;53,3
26570007702000;9;4;5;48,8
26570007708000;6;4;2;69,3
26570007717000;6;4;2;50,7
26570007718000;2;1;1;0,0
26570007720000;23;13;10;39,0
26570007734000;27;14;13;41,1
26570007735000;1671;807;864;40,5
26570007736000;1209;581;628;35,5
26570007737000;49;26;23;36,6
26570007747000;4;2;2;0,0
26570007768000;24;9;15;42,9
26580007652000;7;4;3;71,9
26580007655000;3;2;1;0,0
26580007658000;4;2;2;0,0
26580007659000;7;2;5;35,4
26580007660000;7;3;4;48,1
26580007661000;2;1;1;0,0
26580007672000;4;2;2;0,0
26580007673000;9;4;5;42,3
26580007687000;14;8;6;37,8
26580007690000;1;1;0;0,0
26580007691000;12;6;6;57,2
26580007708000;9;4;5;36,7
26580007713000;20;9;11;39,6
26580007718000;3;2;1;0,0
26580007719000;14;9;5;44,1
26580007720000;1;1;0;0,0
26580007721000;15;7;8;38,4
26580007735000;436;226;210;43,7
26580007736000;226;109;117;37,4
26580007737000;170;98;72;36,3
26580007738000;44;21;23;45,7
26580007739000;226;115;111;38,1
26580007740000;146;78;68;32,8
26580007741000;109;57;52;38,3
26580007747000;16;10;6;39,2
26580007767000;12;7;5;64,6
26590007651000;5;3;2;43,2
26590007660000;3;2;1;0,0
26590007673000;1;1;0;0,0
26590007679000;18;11;7;28,7
26590007687000;3;2;1;0,0
26590007703000;10;5;5;29,2
26590007704000;2;2;0;0,0
26590007705000;7;2;5;57,3
26590007706000;5;2;3;28,8
26590007707000;5;3;2;53,4
26590007713000;2;1;1;0,0
26590007720000;2;1;1;0,0
26590007721000;22;10;12;25,0
26590007722000;57;30;27;33,5
26590007741000;22;11;11;48,1
26590007742000;37;24;13;48,0
26590007747000;9;5;4;45,1
26590007766000;5;3;2;50,6
26590007767000;6;1;5;49,7
26600007649000;7;3;4;42,1
26600007650000;3;2;1;0,0
26600007660000;10;7;3;35,7
26600007678000;6;3;3;36,8
26600007679000;23;11;12;27,8
26600007680000;18;13;5;47,2
26600007690000;3;2;1;0,0
26600007698000;4;2;2;0,0
26600007702000;7;3;4;53,4
26600007703000;3;2;1;0,0
26600007721000;4;3;1;0,0
26600007722000;38;20;18;41,8
26600007742000;278;163;115;36,4
26600007766000;1;1;0;0,0
26600007767000;2;2;0;0,0
26610007648000;7;2;5;54,4
26610007659000;16;8;8;44,6
26610007674000;1;0;1;0,0
26610007678000;13;9;4;42,8
26610007679000;2;0;2;0,0
26610007680000;32;16;16;30,8
26610007681000;18;11;7;47,3
26610007682000;10;6;4;42,1
26610007688000;3;2;1;0,0
26610007690000;19;9;10;36,8
26610007698000;4;3;1;0,0
26610007701000;10;5;5;39,7
26610007702000;7;4;3;28,3
26610007721000;12;7;5;49,8
26610007722000;33;19;14;41,4
26610007723000;100;57;43;32,7
26610007742000;94;51;43;28,6
26610007743000;59;26;33;32,3
26610007744000;25;11;14;43,3
26610007748000;1;0;1;0,0
26610007766000;1;1;0;0,0
26620007646000;2;1;1;0,0
26620007647000;3;2;1;0,0
26620007648000;6;4;2;19,8
26620007673000;5;2;3;49,8
26620007679000;6;2;4;41,5
26620007680000;10;5;5;39,2
26620007681000;1;1;0;0,0
26620007683000;1;1;0;0,0
26620007688000;21;9;12;38,3
26620007689000;7;2;5;30,3
26620007690000;19;9;10;37,5
26620007698000;10;6;4;41,8
26620007701000;5;4;1;20,8
26620007720000;23;12;11;54,1
26620007721000;27;14;13;38,3
26620007722000;65;34;31;41,3
26620007723000;70;36;34;42,1
26620007741000;1;1;0;0,0
26620007744000;5;3;2;33,8
26620007745000;42;21;21;40,2
26620007748000;5;2;3;66,8
26620007775000;9;5;4;46,8
26620007776000;10;6;4;41,4
26630007645000;10;6;4;38,3
26630007646000;17;11;6;54,5
26630007647000;11;7;4;29,1
26630007659000;9;4;5;38,7
26630007660000;2;1;1;0,0
26630007673000;11;6;5;28,2
26630007679000;2;2;0;0,0
26630007680000;19;11;8;49,0
26630007681000;4;3;1;0,0
26630007682000;2;1;1;0,0
26630007683000;42;21;21;43,6
26630007684000;29;16;13;39,6
26630007688000;20;9;11;34,5
26630007689000;38;21;17;40,8
26630007690000;28;17;11;42,7
26630007698000;19;8;11;50,6
26630007701000;6;2;4;53,8
26630007719000;31;15;16;35,5
26630007720000;19;12;7;47,6
26630007721000;55;26;29;41,4
26630007722000;93;51;42;37,4
26630007723000;75;36;39;36,8
26630007741000;1;1;0;0,0
26630007746000;9;6;3;48,7
26630007748000;4;2;2;0,0
26630007773000;20;10;10;33,0
26640007644000;4;2;2;0,0
26640007659000;1;0;1;0,0
26640007660000;10;5;5;30,1
26640007673000;4;1;3;0,0
26640007684000;17;5;12;24,8
26640007688000;7;3;4;36,6
26640007690000;23;12;11;46,0
26640007698000;4;2;2;0,0
26640007701000;2;1;1;0,0
26640007702000;5;3;2;32,4
26640007719000;46;20;26;49,6
26640007720000;36;18;18;42,0
26640007723000;13;7;6;33,3
26640007724000;25;15;10;31,6
26640007746000;30;14;16;40,3
26640007772000;3;2;1;0,0
26650007659000;10;4;6;30,0
26650007670000;2;1;1;0,0
26650007672000;2;1;1;0,0
26650007677000;7;4;3;39,6
26650007678000;5;2;3;45,4
26650007679000;10;5;5;45,2
26650007681000;4;2;2;0,0
26650007684000;1;1;0;0,0
26650007685000;16;8;8;48,2
26650007688000;10;5;5;45,9
26650007690000;12;6;6;28,8
26650007691000;1;0;1;0,0
26650007698000;2;1;1;0,0
26650007702000;6;3;3;71,5
26650007715000;7;4;3;47,3
26650007716000;6;4;2;44,3
26650007717000;101;51;50;34,7
26650007718000;22;13;9;33,1
26650007719000;16;9;7;36,6
26650007724000;10;4;6;40,4
26650007725000;2;1;1;0,0
26650007746000;32;15;17;37,9
26650007750000;4;3;1;0,0
26660007658000;6;4;2;21,3
26660007659000;4;2;2;0,0
26660007670000;2;1;1;0,0
26660007678000;1;0;1;0,0
26660007686000;416;194;222;43,0
26660007687000;179;92;87;47,8
26660007688000;79;36;43;37,0
26660007690000;17;10;7;43,4
26660007691000;1;0;1;0,0
26660007702000;4;3;1;0,0
26660007714000;9;4;5;34,0
26660007717000;10;7;3;31,6
26660007725000;1;1;0;0,0
26660007726000;6;3;3;41,7
26660007746000;65;37;28;43,9
26660007747000;1;1;0;0,0
26660007770000;19;12;7;44,2
26670007658000;2;0;2;0,0
26670007659000;2;1;1;0,0
26670007668000;6;4;2;35,0
26670007680000;1;0;1;0,0
26670007681000;13;10;3;43,1
26670007682000;16;9;7;33,8
26670007684000;32;18;14;45,7
26670007685000;124;60;64;42,7
26670007686000;169;86;83;44,3
26670007687000;169;83;86;43,4
26670007688000;94;46;48;36,6
26670007689000;13;7;6;25,2
26670007698000;12;7;5;46,7
26670007702000;22;15;7;46,0
26670007703000;2;1;1;0,0
26670007704000;2;1;1;0,0
26670007726000;23;13;10;39,6
26670007746000;17;10;7;45,0
26670007755000;1;1;0;0,0
26670007770000;18;10;8;49,3
26670007771000;29;14;15;50,6
26670007772000;14;8;6;26,8
26680007659000;6;3;3;35,0
26680007670000;3;2;1;0,0
26680007681000;7;3;4;57,3
26680007683000;2;1;1;0,0
26680007684000;76;40;36;44,4
26680007685000;6;3;3;59,0
26680007689000;1;0;1;0,0
26680007690000;23;10;13;40,8
26680007691000;35;17;18;43,3
26680007698000;9;5;4;31,0
26680007702000;28;15;13;47,1
26680007703000;7;5;2;48,6
26680007727000;6;3;3;58,3
26680007746000;54;27;27;31,6
26680007747000;7;1;6;33,6
26680007756000;4;2;2;0,0
26680007769000;2;2;0;0,0
26680007770000;10;4;6;36,3
26680007771000;7;4;3;52,9
26690007669000;5;3;2;56,4
26690007670000;2;2;0;0,0
26690007681000;22;12;10;39,1
26690007682000;33;16;17;38,2
26690007683000;65;38;27;31,1
26690007684000;34;15;19;46,1
26690007691000;24;14;10;36,7
26690007692000;32;23;9;47,3
26690007696000;4;2;2;0,0
26690007697000;15;9;6;30,7
26690007698000;2;1;1;0,0
26690007702000;26;14;12;51,2
26690007728000;7;3;4;38,0
26690007747000;34;18;16;41,8
26690007758000;4;1;3;0,0
26690007759000;2;1;1;0,0
26690007799000;2;1;1;0,0
26700007659000;7;4;3;38,0
26700007661000;21;13;8;43,5
26700007662000;8;5;3;47,3
26700007663000;29;16;13;45,0
26700007667000;1;1;0;0,0
26700007669000;2;2;0;0,0
26700007670000;3;3;0;0,0
26700007681000;7;5;2;58,9
26700007684000;25;13;12;48,2
26700007685000;16;9;7;52,9
26700007686000;14;6;8;49,8
26700007692000;15;6;9;47,7
26700007693000;31;18;13;48,9
26700007694000;7;4;3;57,0
26700007695000;2;1;1;0,0
26700007701000;4;2;2;0,0
26700007702000;22;11;11;44,6
26700007729000;8;5;3;41,3
26700007747000;22;10;12;38,8
26700007748000;9;5;4;53,4
26700007753000;7;2;5;48,4
26700007754000;6;4;2;39,0
26700007758000;4;3;1;0,0
26700007760000;21;10;11;45,5
26700007765000;3;3;0;0,0
26700007766000;29;18;11;43,3
26700007796000;3;2;1;0,0
26700007797000;1;1;0;0,0
26700007798000;7;5;2;44,3
26700007799000;4;3;1;0,0
26710007661000;9;4;5;37,0
26710007662000;85;54;31;29,9
26710007663000;172;106;66;29,0
26710007664000;6;3;3;28,0
26710007665000;9;5;4;47,8
26710007667000;20;9;11;43,4
26710007668000;6;2;4;29,7
26710007669000;1;1;0;0,0
26710007684000;3;0;3;0,0
26710007686000;14;6;8;35,9
26710007693000;1;0;1;0,0
26710007694000;33;15;18;43,0
26710007699000;5;3;2;32,6
26710007700000;22;10;12;38,2
26710007701000;17;10;7;48,5
26710007702000;110;61;49;39,1
26710007731000;3;2;1;0,0
26710007747000;3;2;1;0,0
26710007754000;1;1;0;0,0
26710007758000;1;1;0;0,0
26710007760000;17;10;7;36,1
26710007761000;43;22;21;50,7
26710007762000;114;56;58;32,0
26710007763000;13;6;7;64,8
26710007764000;29;18;11;35,3
26710007765000;2;1;1;0,0
26710007766000;23;13;10;50,0
26720007661000;4;2;2;0,0
26720007662000;15;5;10;59,9
26720007663000;7;3;4;75,6
26720007686000;12;6;6;39,7
26720007698000;8;3;5;42,9
26720007699000;40;21;19;43,9
26720007748000;18;10;8;39,8
26720007761000;2;1;1;0,0
26720007762000;1;0;1;0,0
26720007766000;4;2;2;0,0
26720007795000;12;5;7;38,6
26730007662000;7;3;4;45,7
26730007686000;20;9;11;50,8
26730007692000;15;5;10;36,9
26730007693000;1;1;0;0,0
26730007695000;1;0;1;0,0
26730007696000;24;11;13;38,5
26730007697000;26;13;13;40,7
26730007698000;4;3;1;0,0
26730007703000;1;0;1;0,0
26730007704000;2;1;1;0,0
26730007749000;30;16;14;40,9
26730007754000;1;1;0;0,0
26730007755000;1;1;0;0,0
26730007762000;4;1;3;0,0
26730007763000;4;3;1;0,0
26730007767000;6;4;2;66,2
26730007770000;1;1;0;0,0
26730007771000;6;2;4;40,7
26730007772000;6;4;2;34,8
26730007773000;1;1;0;0,0
26730007794000;5;3;2;70,0
26730007795000;23;15;8;45,0
26740007686000;16;8;8;61,0
26740007688000;3;1;2;0,0
26740007689000;11;6;5;59,5
26740007690000;53;28;25;42,2
26740007691000;14;10;4;51,7
26740007692000;15;8;7;42,7
26740007693000;3;1;2;0,0
26740007694000;7;3;4;40,6
26740007695000;28;15;13;44,6
26740007696000;6;2;4;41,7
26740007704000;15;10;5;65,2
26740007732000;9;5;4;36,9
26740007749000;9;4;5;46,3
26740007750000;10;6;4;29,4
26740007755000;6;2;4;46,0
26740007767000;18;7;11;57,9
26740007771000;4;2;2;0,0
26740007773000;22;13;9;37,6
26740007774000;12;6;6;53,5
26740007793000;9;5;4;68,2
26740007794000;64;31;33;42,8
26750007661000;20;8;12;42,1
26750007662000;55;26;29;49,6
26750007685000;8;6;2;55,3
26750007686000;6;3;3;46,7
26750007687000;13;8;5;40,6
26750007688000;20;9;11;42,9
26750007690000;1;1;0;0,0
26750007704000;6;3;3;52,0
26750007732000;16;8;8;41,1
26750007733000;10;4;6;34,1
26750007749000;1;1;0;0,0
26750007765000;4;2;2;0,0
26750007767000;12;5;7;59,2
26750007768000;31;14;17;48,2
26750007792000;41;20;21;46,1
26750007793000;23;12;11;46,7
26760007661000;8;3;5;67,3
26760007662000;75;35;40;46,1
26760007685000;32;21;11;46,4
26760007687000;4;2;2;0,0
26760007704000;13;7;6;42,6
26760007733000;17;11;6;41,0
26760007734000;2;1;1;0,0
26760007746000;4;2;2;0,0
26760007765000;16;9;7;44,4
26760007768000;302;143;159;38,0
26760007769000;104;48;56;53,0
26760007774000;4;2;2;0,0
26760007788000;4;2;2;0,0
26760007789000;12;5;7;51,4
26760007790000;10;6;4;47,5
26760007791000;16;9;7;45,9
26760007792000;4;2;2;0,0
26770007658000;3;3;0;0,0
26770007659000;4;2;2;0,0
26770007662000;37;19;18;46,5
26770007663000;29;16;13;41,1
26770007664000;1;1;0;0,0
26770007666000;5;3;2;18,4
26770007667000;1;1;0;0,0
26770007684000;2;1;1;0,0
26770007685000;9;6;3;47,1
26770007686000;10;4;6;55,6
26770007694000;5;3;2;43,2
26770007704000;3;2;1;0,0
26770007705000;10;5;5;42,3
26770007723000;2;2;0;0,0
26770007732000;1;0;1;0,0
26770007733000;11;7;4;53,6
26770007734000;20;10;10;37,0
26770007746000;19;11;8;27,0
26770007756000;7;4;3;60,9
26770007765000;8;5;3;52,4
26770007766000;36;17;19;42,4
26770007767000;4;1;3;0,0
26770007769000;29;18;11;32,9
26770007787000;3;1;2;0,0
26770007788000;35;16;19;33,7
26770007789000;26;12;14;33,8
26780007658000;6;2;4;22,8
26780007662000;1;0;1;0,0
26780007663000;3;2;1;0,0
26780007667000;10;4;6;40,0
26780007683000;4;2;2;0,0
26780007684000;8;6;2;47,5
26780007685000;11;5;6;49,5
26780007695000;15;6;9;51,2
26780007696000;8;5;3;37,8
26780007706000;6;3;3;48,0
26780007707000;6;2;4;32,2
26780007709000;10;6;4;65,1
26780007710000;1;1;0;0,0
26780007722000;4;3;1;0,0
26780007732000;1;1;0;0,0
26780007734000;3;2;1;0,0
26780007756000;5;1;4;46,0
26780007767000;62;29;33;43,1
26780007768000;4;3;1;0,0
26780007770000;30;18;12;46,5
26780007771000;2;1;1;0,0
26780007781000;3;2;1;0,0
26780007782000;9;4;5;49,4
26780007783000;2;1;1;0,0
26780007784000;1;1;0;0,0
26780007786000;9;4;5;61,0
26780007787000;13;6;7;58,4
26780007797000;23;12;11;56,3
26780007798000;16;9;7;57,4
26790007654000;6;3;3;41,7
26790007655000;15;9;6;50,0
26790007656000;4;2;2;0,0
26790007657000;21;10;11;33,8
26790007658000;2;1;1;0,0
26790007663000;2;1;1;0,0
26790007667000;5;3;2;60,0
26790007668000;3;2;1;0,0
26790007684000;1;1;0;0,0
26790007685000;48;29;19;45,6
26790007696000;8;4;4;59,6
26790007697000;5;3;2;26,8
26790007710000;6;5;1;53,2
26790007721000;6;4;2;31,7
26790007722000;3;2;1;0,0
26790007734000;8;4;4;56,1
26790007735000;8;5;3;62,1
26790007745000;9;4;5;39,1
26790007767000;2;1;1;0,0
26790007768000;15;6;9;47,3
26790007784000;7;5;2;48,7
26800007653000;3;2;1;0,0
26800007654000;15;8;7;42,1
26800007655000;8;4;4;34,3
26800007664000;1;1;0;0,0
26800007667000;1;0;1;0,0
26800007669000;2;1;1;0,0
26800007684000;21;8;13;41,8
26800007685000;254;138;116;41,3
26800007709000;1;1;0;0,0
26800007717000;3;1;2;0,0
26800007718000;11;3;8;51,5
26800007719000;6;3;3;29,2
26800007720000;29;14;15;54,1
26800007721000;43;24;19;40,7
26800007722000;3;1;2;0,0
26800007744000;5;3;2;35,4
26800007745000;83;48;35;42,1
26800007746000;5;3;2;42,8
26800007769000;11;7;4;58,8
26800007771000;4;1;3;0,0
26810007649000;4;2;2;0,0
26810007652000;1;1;0;0,0
26810007653000;1;1;0;0,0
26810007663000;3;1;2;0,0
26810007664000;1;0;1;0,0
26810007669000;2;2;0;0,0
26810007670000;7;4;3;38,7
26810007684000;15;9;6;41,7
26810007685000;163;73;90;35,7
26810007699000;8;5;3;32,3
26810007701000;3;2;1;0,0
26810007702000;25;15;10;33,8
26810007703000;12;5;7;42,1
26810007704000;5;2;3;45,0
26810007705000;15;9;6;48,2
26810007706000;14;6;8;42,9
26810007707000;11;3;8;47,4
26810007708000;8;4;4;40,4
26810007709000;17;10;7;39,2
26810007710000;3;2;1;0,0
26810007712000;3;2;1;0,0
26810007715000;6;2;4;62,3
26810007716000;15;10;5;50,7
26810007722000;2;1;1;0,0
26810007723000;26;14;12;49,1
26810007747000;1;1;0;0,0
26810007772000;2;2;0;0,0
26820007646000;2;1;1;0,0
26820007661000;5;3;2;41,8
26820007663000;13;9;4;41,1
26820007670000;4;2;2;0,0
26820007671000;4;2;2;0,0
26820007684000;4;2;2;0,0
26820007685000;130;71;59;35,9
26820007700000;2;1;1;0,0
26820007705000;8;5;3;54,4
26820007706000;9;6;3;58,6
26820007707000;12;4;8;42,1
26820007708000;15;7;8;55,4
26820007709000;54;23;31;45,5
26820007710000;20;13;7;43,4
26820007711000;5;2;3;58,4
26820007712000;9;5;4;52,1
26820007713000;3;1;2;0,0
26820007715000;5;3;2;62,2
26820007723000;8;4;4;45,8
26820007724000;7;4;3;63,1
26820007725000;28;14;14;50,4
26820007726000;1;0;1;0,0
26820007727000;6;5;1;59,2
26820007728000;1;1;0;0,0
26820007762000;4;2;2;0,0
26820007764000;11;5;6;53,5
26820007779000;3;2;1;0,0
26830007645000;4;1;3;0,0
26830007660000;11;7;4;31,8
26830007663000;3;2;1;0,0
26830007670000;6;3;3;47,7
26830007671000;4;1;3;0,0
26830007683000;4;1;3;0,0
26830007684000;3;1;2;0,0
26830007685000;35;20;15;50,9
26830007713000;16;9;7;57,7
26830007717000;1;0;1;0,0
26830007718000;7;4;3;42,6
26830007722000;2;1;1;0,0
26830007723000;5;3;2;59,8
26830007728000;4;2;2;0,0
26830007729000;12;6;6;52,8
26830007764000;10;5;5;46,0
26830007765000;4;2;2;0,0
26840007671000;6;3;3;61,7
26840007683000;9;4;5;43,8
26840007684000;18;11;7;36,4
26840007713000;6;4;2;32,8
26840007717000;10;6;4;42,4
26840007718000;1;1;0;0,0
26840007719000;2;1;1;0,0
26840007722000;7;2;5;45,3
26840007723000;5;3;2;63,2
26840007724000;11;7;4;56,5
26840007725000;3;2;1;0,0
26840007728000;3;2;1;0,0
26840007737000;1;0;1;0,0
26840007773000;1;0;1;0,0
26840007779000;1;1;0;0,0
26850007671000;2;1;1;0,0
26850007672000;7;3;4;49,9
26850007682000;25;14;11;42,6
26850007683000;4;2;2;0,0
26850007726000;3;2;1;0,0
26850007727000;1;1;0;0,0
26850007729000;5;2;3;70,4
26850007736000;20;12;8;34,6
26850007738000;2;1;1;0,0
26850007739000;8;4;4;67,6
26850007741000;4;1;3;0,0
26850007768000;1;1;0;0,0
26850007771000;2;1;1;0,0
26850007778000;11;5;6;28,6
26850007779000;7;4;3;32,9
26850007793000;1;1;0;0,0
26860007657000;1;1;0;0,0
26860007658000;4;3;1;0,0
26860007660000;6;4;2;13,2
26860007672000;7;3;4;56,6
26860007682000;17;9;8;51,3
26860007683000;2;1;1;0,0
26860007729000;7;4;3;69,0
26860007733000;6;4;2;38,7
26860007734000;15;8;7;48,3
26860007735000;9;4;5;39,6
26860007736000;5;4;1;63,8
26860007742000;4;2;2;0,0
26860007745000;8;4;4;50,1
26860007746000;7;5;2;30,1
26860007771000;1;1;0;0,0
26860007773000;27;18;9;47,4
26860007774000;6;4;2;59,0
26860007778000;12;6;6;50,0
26860007779000;5;1;4;42,2
26870007657000;2;1;1;0,0
26870007658000;1;1;0;0,0
26870007672000;1;0;1;0,0
26870007674000;1;1;0;0,0
26870007682000;12;7;5;53,4
26870007683000;12;7;5;45,1
26870007729000;4;3;1;0,0
26870007731000;7;3;4;59,3
26870007732000;4;2;2;0,0
26870007733000;2;1;1;0,0
26870007743000;24;14;10;47,1
26870007744000;20;9;11;39,5
26870007745000;1;1;0;0,0
26870007773000;17;7;10;43,8
26870007779000;20;11;9;52,2
26880007657000;1;1;0;0,0
26880007683000;16;8;8;54,5
26880007728000;6;4;2;53,7
26880007730000;23;11;12;39,8
26880007731000;12;6;6;48,0
26880007743000;4;1;3;0,0
26880007748000;5;3;2;39,6
26880007779000;4;3;1;0,0
26880007787000;15;7;8;57,3
26880007788000;2;1;1;0,0
26890007675000;2;1;1;0,0
26890007684000;3;2;1;0,0
26890007685000;11;7;4;53,0
26890007728000;8;6;2;49,3
26890007730000;28;15;13;41,9
26890007749000;19;9;10;55,6
26890007781000;158;84;74;44,8
26890007782000;18;8;10;41,6
26890007783000;37;18;19;41,8
26890007784000;8;6;2;32,9
26890007786000;2;0;2;0,0
26890007787000;4;3;1;0,0
26890007788000;64;34;30;41,3
26900007636000;2;1;1;0,0
26900007637000;7;5;2;33,4
26900007686000;8;5;3;37,6
26900007687000;7;4;3;70,3
26900007688000;6;3;3;54,0
26900007728000;2;1;1;0,0
26900007729000;1;1;0;0,0
26900007730000;17;9;8;49,7
26900007742000;2;1;1;0,0
26900007749000;2;1;1;0,0
26900007750000;1;1;0;0,0
26900007754000;9;6;3;51,8
26900007781000;7;4;3;62,7
26900007783000;20;8;12;51,2
26900007786000;7;3;4;58,1
26900007787000;2;1;1;0,0
26900007790000;1;1;0;0,0
26910007688000;8;4;4;62,1
26910007689000;19;11;8;50,4
26910007690000;24;15;9;32,8
26910007750000;8;5;3;39,3
26910007751000;17;6;11;53,4
26910007752000;38;19;19;49,4
26910007753000;59;27;32;43,4
26910007754000;22;12;10;44,3
26910007755000;6;4;2;33,8
26910007783000;5;4;1;51,0
26910007786000;3;2;1;0,0
26920007690000;91;39;52;34,1
26920007691000;5;3;2;57,4
26920007747000;5;2;3;22,6
26920007783000;10;5;5;36,8
26930007690000;47;23;24;46,8
26930007691000;23;10;13;47,7
26930007692000;13;9;4;45,8
26930007693000;7;4;3;58,1
26930007694000;17;7;10;32,7
26930007752000;16;9;7;48,8
26930007753000;38;18;20;32,9
26930007754000;14;10;4;50,8
26930007755000;5;2;3;72,0
26930007756000;13;7;6;59,5
26930007784000;4;3;1;0,0
26940007691000;12;4;8;50,8
26940007696000;18;10;8;36,9
26940007697000;11;6;5;40,5
26940007756000;1;1;0;0,0
26940007757000;20;9;11;47,5
26940007758000;1;0;1;0,0
26940007759000;19;13;6;48,0
26940007760000;4;2;2;0,0
26940007785000;5;4;1;55,4
26950007691000;107;54;53;37,2
26950007692000;121;57;64;39,7
26950007693000;1;1;0;0,0
26950007694000;6;2;4;34,2
26950007697000;4;2;2;0,0
26950007698000;23;13;10;53,4
26950007699000;18;10;8;46,1
26950007700000;38;20;18;37,6
26950007701000;2;1;1;0,0
26950007727000;4;1;3;0,0
26950007728000;10;5;5;70,7
26950007760000;3;1;2;0,0
26950007761000;1;0;1;0,0
26950007762000;24;14;10;37,7
26960007683000;3;1;2;0,0
26960007684000;4;2;2;0,0
26960007686000;2;2;0;0,0
26960007687000;8;5;3;25,5
26960007690000;2;1;1;0,0
26960007691000;82;40;42;32,0
26960007692000;40;15;25;31,4
26960007695000;4;2;2;0,0
26960007702000;3;2;1;0,0
26960007727000;1;1;0;0,0
26960007762000;10;5;5;63,9
26960007763000;17;11;6;63,2
26970007682000;1;1;0;0,0
26970007683000;5;2;3;62,4
26970007684000;9;5;4;44,6
26970007685000;4;2;2;0,0
26970007686000;11;7;4;42,5
26970007687000;3;2;1;0,0
26970007690000;32;16;16;36,0
26970007691000;8;5;3;31,9
26970007697000;9;4;5;47,6
26970007698000;8;5;3;46,9
26970007699000;6;3;3;55,2
26970007702000;6;3;3;44,7
26970007703000;20;13;7;43,9
26970007704000;1;0;1;0,0
26970007728000;4;3;1;0,0
26970007761000;64;33;31;35,9
26970007763000;12;7;5;61,8
26970007764000;68;34;34;53,3
26970007765000;4;2;2;0,0
26970007766000;3;1;2;0,0
26980007682000;6;3;3;39,3
26980007689000;1;0;1;0,0
26980007690000;20;13;7;47,3
26980007699000;9;5;4;60,8
26980007700000;21;10;11;40,9
26980007704000;22;8;14;57,3
26980007761000;10;4;6;59,9
26980007762000;73;35;38;36,9
26980007763000;36;21;15;40,7
26980007764000;5;3;2;56,6
26980007765000;28;17;11;52,4
26980007766000;24;10;14;46,6
26980007767000;23;14;9;40,0
26990007680000;5;4;1;23,0
26990007681000;3;2;1;0,0
26990007682000;4;2;2;0,0
26990007689000;18;8;10;39,9
26990007690000;15;7;8;49,4
26990007704000;1;1;0;0,0
26990007705000;8;4;4;46,3
26990007728000;3;1;2;0,0
26990007767000;12;5;7;47,8
26990007768000;17;10;7;55,8
27000007679000;4;2;2;0,0
27000007681000;4;3;1;0,0
27000007688000;3;2;1;0,0
27000007689000;26;15;11;35,3
27000007702000;2;1;1;0,0
27000007703000;5;1;4;28,0
27000007705000;10;4;6;64,4
27000007706000;10;7;3;54,7
27000007727000;15;9;6;58,5
27010007677000;3;2;1;0,0
27010007679000;2;1;1;0,0
27010007688000;5;4;1;59,2
27010007689000;15;8;7;34,2
27010007706000;16;9;7;38,4
27010007707000;12;6;6;58,8
27010007710000;4;4;0;0,0
27010007711000;176;90;86;43,3
27010007712000;71;35;36;46,9
27010007719000;1;1;0;0,0
27010007727000;11;8;3;36,4
27020007676000;6;3;3;57,2
27020007716000;7;5;2;64,9
27020007717000;8;4;4;32,5
27020007718000;14;6;8;33,9
27020007719000;28;16;12;44,1
27020007721000;11;4;7;38,7
27020007726000;94;50;44;43,3
27020007727000;178;86;92;44,4
27030007706000;2;1;1;0,0
27030007714000;11;6;5;49,6
27030007715000;2;1;1;0,0
27030007716000;4;2;2;0,0
27030007717000;44;23;21;31,6
27030007718000;61;35;26;43,5
27030007719000;80;40;40;41,4
27030007720000;34;14;20;45,7
27030007721000;92;46;46;35,9
27030007722000;79;46;33;41,5
27030007723000;50;32;18;41,8
27030007724000;14;7;7;43,0
27030007725000;139;71;68;41,1
27030007726000;243;120;123;40,7
27030007727000;126;58;68;46,6
27030007738000;13;6;7;60,9
27030007739000;1;1;0;0,0
27040007718000;8;4;4;56,8
27040007721000;3;2;1;0,0
27040007723000;30;13;17;41,7
27040007724000;9;4;5;24,9
27040007727000;31;19;12;51,5
27040007728000;36;19;17;45,1
27040007735000;8;4;4;39,9
27040007736000;8;5;3;51,1
27040007737000;2;1;1;0,0
27050007724000;1;1;0;0,0
27050007728000;3;3;0;0,0
27050007729000;53;28;25;43,3
27050007730000;4;2;2;0,0
27050007733000;1;0;1;0,0
27050007734000;4;3;1;0,0
27050007735000;17;10;7;48,8
27060007704000;46;25;21;46,8
27060007705000;15;7;8;40,9
27060007706000;90;50;40;43,9
27060007707000;190;102;88;41,0
27060007728000;6;2;4;14,0
27060007729000;18;8;10;50,3
27060007730000;3;2;1;0,0
27060007732000;4;1;3;0,0
27060007734000;7;4;3;38,9
27060007735000;11;5;6;45,6
27070007703000;4;2;2;0,0
27070007704000;11;6;5;63,6
27070007705000;111;56;55;44,4
27070007706000;189;100;89;38,0
27070007707000;24;13;11;47,1
27070007731000;8;4;4;39,8
27070007732000;5;3;2;66,0
27070007733000;10;5;5;49,5
27080007703000;7;2;5;55,0
27080007704000;11;6;5;43,5
27080007705000;26;13;13;53,4
27080007706000;5;4;1;41,0
27080007781000;2;2;0;0,0
27080007782000;3;2;1;0,0
27080007783000;3;2;1;0,0
27080007796000;73;40;33;49,8
27080007797000;69;35;34;38,5
27090007722000;5;3;2;49,0
27090007723000;5;1;4;42,4
27090007780000;1;0;1;0,0
27100007728000;6;2;4;45,7
27100007729000;4;1;3;0,0
27100007748000;6;4;2;50,8
27110007747000;33;17;16;41,1
27110007748000;14;9;5;39,0
27110007749000;7;5;2;50,3
27110007758000;1;1;0;0,0
27110007779000;6;4;2;60,2
27110007781000;6;4;2;55,8
27110007782000;2;1;1;0,0
27120007732000;2;2;0;0,0
27120007733000;1;1;0;0,0
27120007734000;5;2;3;42,2
27120007738000;14;6;8;38,6
27120007739000;6;3;3;72,3
27120007746000;19;10;9;44,5
27120007747000;23;14;9;50,7
27120007754000;2;0;2;0,0
27120007755000;3;1;2;0,0
27120007756000;2;2;0;0,0
27120007757000;1;0;1;0,0
27120007779000;2;1;1;0,0
27130007732000;23;10;13;59,6
27130007739000;8;4;4;71,6
27130007740000;9;4;5;39,2
27130007741000;5;4;1;60,2
27130007742000;2;1;1;0,0
27130007743000;3;1;2;0,0
27130007744000;18;8;10;42,7
27130007745000;16;8;8;69,7
27130007746000;10;5;5;35,1
27130007748000;12;6;6;52,2
27130007780000;17;8;9;36,2
27140007719000;28;18;10;45,9
27140007720000;21;11;10;35,8
27140007721000;33;18;15;49,7
27140007731000;240;133;107;42,6
27140007732000;8;3;5;27,5
27140007750000;17;7;10;60,9
27140007752000;27;19;8;54,2
27140007780000;13;8;5;42,2
27140007781000;39;19;20;41,2
27140007782000;31;20;11;45,3
27150007717000;14;8;6;33,3
27150007718000;5;3;2;73,4
27150007719000;32;18;14;37,0
27150007720000;41;20;21;31,3
27150007721000;41;21;20;32,6
27150007722000;91;50;41;42,0
27150007723000;23;13;10;53,6
27150007724000;54;25;29;43,1
27150007725000;31;21;10;52,0
27150007726000;3;1;2;0,0
27150007730000;43;19;24;43,8
27150007731000;66;38;28;41,2
27150007750000;21;12;9;35,7
27150007751000;22;11;11;57,8
27150007752000;3;1;2;0,0
27150007773000;2;1;1;0,0
27150007774000;4;2;2;0,0
27150007781000;12;6;6;44,3
27160007715000;4;1;3;0,0
27160007716000;11;5;6;55,7
27160007720000;7;4;3;39,4
27160007721000;21;12;9;48,7
27160007722000;80;37;43;41,4
27160007723000;74;41;33;39,2
27160007724000;118;58;60;44,1
27160007729000;24;12;12;41,6
27160007730000;14;9;5;35,6
27160007751000;41;21;20;38,2
27160007752000;3;1;2;0,0
27160007773000;1;0;1;0,0
27170007712000;5;3;2;27,8
27170007713000;1;1;0;0,0
27170007714000;6;4;2;39,2
27170007726000;2;1;1;0,0
27170007727000;10;4;6;72,1
27170007728000;25;10;15;43,7
27170007729000;15;8;7;47,8
27170007752000;16;6;10;51,9
27170007787000;2;1;1;0,0
27170007788000;4;1;3;0,0
27170007789000;7;4;3;47,7
27180007711000;4;2;2;0,0
27180007726000;2;1;1;0,0
27180007752000;28;15;13;43,5
27180007760000;9;5;4;59,2
27180007761000;2;1;1;0,0
27180007762000;1;0;1;0,0
27180007786000;9;6;3;48,2
27180007787000;3;2;1;0,0
27180007788000;1;1;0;0,0
27180007789000;6;3;3;38,2
27180007790000;8;4;4;53,3
27180007791000;9;5;4;54,1
27180007792000;5;3;2;58,0
27190007722000;20;13;7;62,4
27190007724000;9;6;3;61,4
27190007725000;3;3;0;0,0
27190007751000;2;1;1;0,0
27190007752000;21;10;11;40,9
27190007765000;2;1;1;0,0
27200007723000;13;7;6;44,7
27200007724000;4;2;2;0,0
27200007750000;24;14;10;30,2
27200007751000;31;18;13;37,0
27200007752000;19;11;8;35,6
27200007753000;2;0;2;0,0
27200007754000;11;2;9;40,5
27200007782000;1;1;0;0,0
27200007784000;3;1;2;0,0
27200007785000;5;2;3;69,0
27210007723000;4;3;1;0,0
27210007749000;1;1;0;0,0
27210007754000;10;5;5;32,3
27210007755000;10;4;6;46,8
27210007756000;2;1;1;0,0
27210007760000;13;8;5;39,6
27210007783000;1;1;0;0,0
27210007784000;2;0;2;0,0
27220007723000;11;6;5;41,3
27220007756000;11;7;4;60,2
27220007757000;18;13;5;40,9
27220007758000;10;5;5;34,5
27220007759000;19;10;9;42,5
27230007723000;13;4;9;40,5
27230007760000;3;1;2;0,0
27230007767000;3;0;3;0,0
27230007768000;1;0;1;0,0
27240007723000;43;23;20;44,3
27240007759000;13;10;3;48,6
27240007760000;24;10;14;37,5
27240007768000;5;2;3;67,8
27250007687000;5;3;2;22,6
27250007722000;17;12;5;54,9
27250007723000;11;6;5;46,9
27250007759000;8;6;2;53,5
27250007761000;18;10;8;55,3
27250007769000;9;5;4;52,9
27260007720000;2;1;1;0,0
27260007721000;11;6;5;40,6
27260007760000;2;1;1;0,0
27260007761000;2;1;1;0,0
27260007762000;1;0;1;0,0
27260007768000;4;2;2;0,0
27260007769000;5;2;3;66,0
27260007774000;7;3;4;58,6
27260007780000;569;295;274;38,5
27270007719000;7;5;2;61,9
27270007720000;77;42;35;48,7
27270007721000;12;6;6;33,3
27270007754000;1;0;1;0,0
27270007755000;10;4;6;54,4
27270007768000;22;10;12;46,9
27270007774000;9;4;5;27,0
27270007775000;18;11;7;38,3
27270007778000;95;49;46;22,8
27270007779000;393;192;201;40,1
27270007780000;879;461;418;42,4
27270007781000;416;193;223;43,0
27280007718000;1;0;1;0,0
27280007719000;66;25;41;37,0
27280007720000;91;49;42;33,6
27280007752000;14;6;8;35,1
27280007753000;270;138;132;40,2
27280007767000;13;7;6;35,1
27280007768000;14;8;6;51,6
27280007770000;3;1;2;0,0
27280007775000;13;8;5;46,8
27280007781000;85;38;47;30,3
27290007677000;5;3;2;45,8
27290007718000;50;28;22;46,3
27290007719000;35;20;15;48,0
27290007752000;492;247;245;39,9
27290007753000;84;45;39;40,8
27290007768000;5;3;2;72,4
27290007775000;4;2;2;0,0
27290007777000;3;1;2;0,0
27300007718000;31;19;12;50,9
27300007751000;56;30;26;34,1
27300007752000;12;7;5;35,6
27310007716000;4;2;2;0,0
27310007717000;123;62;61;43,8
27310007718000;36;17;19;47,8
27310007750000;2;1;1;0,0
27310007751000;170;91;79;42,6
27310007752000;10;8;2;45,4
27310007755000;13;7;6;39,4
27310007758000;2;2;0;0,0
27320007716000;45;23;22;50,3
27320007717000;7;3;4;71,3
27320007748000;15;8;7;28,4
27320007749000;53;27;26;39,2
27320007750000;101;50;51;40,7
27320007751000;787;351;436;43,9
27320007752000;376;196;180;38,6
27320007753000;33;19;14;44,2
27320007754000;31;14;17;32,6
27320007755000;4;2;2;0,0
27320007758000;14;7;7;49,4
27320007759000;26;15;11;33,5
27320007760000;13;8;5;52,8
27320007761000;14;6;8;50,1
27320007762000;6;3;3;35,7
27320007763000;15;9;6;38,0
27330007745000;2;1;1;0,0
27330007746000;11;6;5;43,0
27330007747000;16;10;6;36,8
27330007748000;18;11;7;34,0
27330007749000;65;31;34;34,8
27330007751000;378;190;188;29,2
27330007752000;14;7;7;30,1
27330007753000;3;1;2;0,0
27330007754000;27;14;13;42,9
27330007763000;4;1;3;0,0
27340007745000;12;7;5;32,2
27340007746000;4;3;1;0,0
27340007749000;30;16;14;43,2
27340007754000;8;5;3;46,1
27340007755000;30;19;11;30,8
27340007763000;20;11;9;25,8
27340007764000;4;2;2;0,0
27340007801000;3;2;1;0,0
27340007803000;2;0;2;0,0
27350007742000;14;6;8;41,5
27350007749000;54;31;23;40,8
27350007754000;5;2;3;39,8
27350007755000;25;13;12;34,9
27350007758000;3;2;1;0,0
27350007759000;3;1;2;0,0
27350007760000;1;1;0;0,0
27350007764000;7;4;3;31,4
27350007803000;1;1;0;0,0
27360007748000;1;1;0;0,0
27360007749000;6;4;2;49,2
27360007759000;4;3;1;0,0
27360007760000;6;3;3;44,8
27370007748000;5;4;1;52,4
27370007749000;46;25;21;40,3
27370007757000;1;1;0;0,0
27370007761000;5;3;2;50,0
27370007762000;5;3;2;53,4
27370007763000;11;7;4;42,1
27370007764000;16;5;11;35,4
27370007765000;2;2;0;0,0
27370007766000;3;2;1;0,0
27370007767000;6;4;2;27,7
27370007769000;5;2;3;56,8
27370007770000;8;3;5;58,6
27380007747000;2;1;1;0,0
27380007748000;39;20;19;40,1
27380007749000;2;1;1;0,0
27380007759000;1;1;0;0,0
27380007760000;15;8;7;54,3
27380007761000;2;1;1;0,0
27380007762000;28;14;14;39,5
27380007763000;31;14;17;38,2
27380007769000;32;17;15;43,6
27390007747000;19;10;9;41,9
27390007748000;13;7;6;40,8
27390007762000;7;3;4;51,0
27390007769000;10;6;4;70,1
27400007742000;1;1;0;0,0
27400007744000;3;1;2;0,0
27400007746000;31;13;18;37,9
27400007747000;13;8;5;35,8
27400007767000;6;4;2;22,2
27400007769000;28;14;14;44,4
27410007742000;26;15;11;33,5
27410007743000;34;14;20;40,4
27410007744000;15;6;9;51,9
27410007745000;24;12;12;40,4
27410007746000;21;10;11;39,8
27410007766000;5;2;3;44,4
27410007768000;17;8;9;40,9
27410007769000;12;7;5;37,8
27410007804000;1;1;0;0,0
27410007815000;2;2;0;0,0
27410007816000;2;2;0;0,0
27410007817000;1;1;0;0,0
27410007818000;1;1;0;0,0
27420007731000;1;1;0;0,0
27420007734000;5;2;3;36,8
27420007742000;20;10;10;32,8
27420007766000;13;6;7;23,1
27420007768000;95;49;46;37,0
27430007731000;2;2;0;0,0
27430007734000;5;4;1;31,6
27430007737000;6;3;3;31,3
27430007740000;7;4;3;46,6
27430007741000;5;2;3;72,8
27430007766000;3;2;1;0,0
27430007767000;8;5;3;72,8
27430007768000;2;1;1;0,0
27440007729000;23;13;10;40,4
27440007730000;2;2;0;0,0
27440007734000;5;3;2;48,8
27440007736000;6;0;6;48,0
27440007737000;2;1;1;0,0
27440007738000;4;2;2;0,0
27440007739000;5;2;3;67,6
27440007740000;13;8;5;35,9
27440007741000;6;4;2;39,7
27440007767000;7;4;3;64,7
27440007806000;1;1;0;0,0
27450007728000;5;3;2;37,4
27450007729000;16;7;9;28,9
27450007736000;5;3;2;40,6
27450007763000;11;5;6;58,8
27450007764000;3;2;1;0,0
27450007802000;1;1;0;0,0
27460007727000;11;7;4;42,4
27460007763000;1;1;0;0,0
27460007764000;5;3;2;62,6
27460007765000;19;9;10;46,5
27460007766000;10;6;4;47,2
27460007810000;3;2;1;0,0
27460007811000;4;2;2;0,0
27460007813000;2;1;1;0,0
27470007759000;9;6;3;37,3
27470007764000;7;4;3;40,7
27470007765000;6;3;3;18,2
27470007809000;20;10;10;50,1
27470007810000;5;1;4;66,0
27480007776000;2;1;1;0,0
27480007808000;18;10;8;54,1
27480007809000;5;4;1;52,6
27490007725000;7;4;3;37,6
27490007775000;1;1;0;0,0
27500007724000;1;1;0;0,0
27500007725000;5;3;2;53,0
27500007790000;12;7;5;60,8
27520007721000;3;1;2;0,0
27520007723000;3;3;0;0,0
27520007804000;6;4;2;66,0
27530007803000;7;6;1;58,4
27530007804000;4;2;2;0,0
27540007768000;1;1;0;0,0
27540007779000;26;15;11;48,5
27550007718000;2;1;1;0,0
27550007779000;1;1;0;0,0
27550007807000;60;31;29;53,0
27550007808000;40;23;17;30,2
27550007809000;3;2;1;0,0
27570007850000;53;29;24;37,6
27570007851000;54;35;19;50,1
27580007766000;1;1;0;0,0
27580007785000;2;1;1;0,0
27580007850000;16;13;3;36,3
27580007851000;65;32;33;40,0
27590007766000;1;0;1;0,0
27590007785000;10;6;4;61,2
27590007796000;8;7;1;61,6
27590007851000;42;28;14;29,9
27600007764000;2;2;0;0,0
27600007787000;7;4;3;61,3
27600007849000;2;1;1;0,0
27610007763000;5;2;3;63,2
27610007764000;2;1;1;0,0
27610007787000;11;5;6;53,2
27620007763000;9;4;5;63,3
27620007848000;2;1;1;0,0
27630007761000;2;2;0;0,0
27630007762000;17;10;7;49,7
27630007763000;14;7;7;45,0
27630007774000;5;2;3;24,8
27630007787000;2;2;0;0,0
27630007847000;1;1;0;0,0
27630007848000;4;2;2;0,0
27640007762000;4;2;2;0,0
27640007763000;2;1;1;0,0
27640007766000;3;1;2;0,0
27640007767000;10;6;4;17,9
27640007768000;15;7;8;46,1
27640007774000;11;7;4;35,4
27640007775000;4;2;2;0,0
27640007788000;5;3;2;17,4
27650007755000;5;4;1;52,0
27650007761000;6;3;3;41,5
27650007762000;17;10;7;34,7
27650007766000;19;9;10;50,4
27650007788000;11;7;4;35,6
27650007789000;9;6;3;50,9
27650007790000;1;1;0;0,0
27650007835000;33;17;16;45,9
27650007836000;27;15;12;53,3
27650007837000;13;8;5;48,0
27650007838000;6;5;1;32,2
27660007754000;2;1;1;0,0
27660007756000;7;4;3;57,9
27660007760000;11;7;4;33,7
27660007762000;3;2;1;0,0
27660007763000;14;8;6;31,2
27660007766000;14;7;7;45,9
27660007774000;3;1;2;0,0
27660007775000;7;4;3;67,9
27660007783000;2;1;1;0,0
27660007788000;5;3;2;21,8
27660007789000;3;1;2;0,0
27660007807000;10;5;5;63,2
27660007808000;2;2;0;0,0
27660007834000;1;1;0;0,0
27660007835000;243;111;132;41,4
27660007836000;98;50;48;35,2
27670007752000;5;3;2;21,0
27670007761000;12;7;5;43,0
27670007762000;1;1;0;0,0
27670007763000;10;4;6;39,4
27670007766000;39;17;22;43,2
27670007774000;13;7;6;50,2
27670007775000;8;4;4;60,6
27670007776000;13;6;7;52,6
27670007777000;4;2;2;0,0
27670007778000;4;3;1;0,0
27670007779000;7;4;3;49,7
27670007781000;7;4;3;66,3
27670007782000;13;9;4;51,2
27670007808000;3;2;1;0,0
27670007809000;3;2;1;0,0
27670007810000;22;13;9;46,7
27670007811000;33;19;14;47,4
27670007835000;30;16;14;39,8
27670007836000;9;5;4;63,4
27680007752000;8;2;6;43,0
27680007763000;2;1;1;0,0
27680007765000;5;2;3;49,0
27680007766000;13;7;6;43,1
27680007773000;61;30;31;41,0
27680007774000;35;20;15;38,1
27680007775000;2;1;1;0,0
27680007776000;11;8;3;32,4
27680007777000;8;4;4;51,3
27680007778000;6;3;3;52,3
27680007779000;2;1;1;0,0
27680007780000;4;1;3;0,0
27680007781000;7;4;3;40,9
27680007782000;5;3;2;34,8
27680007811000;28;16;12;48,8
27680007812000;5;4;1;55,2
27680007813000;6;5;1;78,5
27680007842000;1;0;1;0,0
27680007845000;1;1;0;0,0
27690007763000;5;3;2;24,6
27690007764000;38;18;20;46,6
27690007765000;7;3;4;28,6
27690007773000;58;34;24;31,4
27690007774000;240;120;120;42,9
27690007775000;31;14;17;52,8
27690007784000;19;13;6;43,3
27690007785000;11;5;6;55,9
27690007839000;8;4;4;42,9
27690007847000;246;140;106;43,0
27700007751000;3;2;1;0,0
27700007752000;2;1;1;0,0
27700007758000;4;2;2;0,0
27700007764000;15;7;8;33,9
27700007772000;23;9;14;40,3
27700007784000;3;2;1;0,0
27700007785000;10;6;4;42,8
27700007847000;11;5;6;51,4
27700007848000;69;36;33;44,6
27700007849000;4;4;0;0,0
27710007752000;10;5;5;49,2
27710007758000;3;2;1;0,0
27710007771000;13;7;6;32,6
27710007772000;12;7;5;39,1
27710007785000;4;3;1;0,0
27720007751000;15;8;7;49,3
27720007752000;2;1;1;0,0
27720007755000;7;5;2;44,1
27720007756000;1;0;1;0,0
27720007757000;18;9;9;43,4
27720007786000;12;5;7;48,8
27720007806000;8;5;3;39,5
27720007807000;4;4;0;0,0
27730007751000;3;1;2;0,0
27730007756000;1;0;1;0,0
27730007757000;2;1;1;0,0
27730007808000;3;1;2;0,0
27740007752000;3;1;2;0,0
27740007754000;5;2;3;38,8
27740007786000;2;1;1;0,0
27750007750000;2;1;1;0,0
27750007752000;4;1;3;0,0
27750007753000;3;2;1;0,0
27750007786000;10;5;5;27,8
27750007800000;3;2;1;0,0
27760007785000;1;1;0;0,0
27760007786000;3;2;1;0,0
27760007787000;16;9;7;39,9
27760007801000;6;3;3;58,5
27760007802000;7;5;2;45,0
27760007803000;3;2;1;0,0
27760007804000;1;1;0;0,0
27760007805000;4;3;1;0,0
27760007808000;4;3;1;0,0
27760007809000;180;92;88;50,1
27760007810000;183;89;94;42,1
27760007811000;125;68;57;39,8
27770007784000;3;2;1;0,0
27770007785000;1;1;0;0,0
27770007787000;4;3;1;0,0
27770007808000;116;66;50;45,0
27780007783000;7;4;3;33,7
27780007784000;13;7;6;34,5
27780007785000;10;5;5;59,4
27780007786000;1;1;0;0,0
27780007788000;14;8;6;37,1
27790007782000;3;0;3;0,0
27790007783000;15;9;6;30,1
27790007789000;2;1;1;0,0
27810007791000;4;1;3;0,0
27810007799000;2;1;1;0,0
27830007789000;3;3;0;0,0
27830007792000;10;7;3;70,2
27840007792000;5;4;1;47,6
27840007795000;2;1;1;0,0
27840007796000;3;3;0;0,0
27840007797000;5;3;2;62,8
27840007798000;1;0;1;0,0
27850007796000;5;3;2;54,6
27860007792000;2;1;1;0,0
27870007792000;1;1;0;0,0
27890007794000;2;2;0;0,0
27910007792000;2;2;0;0,0
27930007822000;9;6;3;38,2
27940007794000;2;1;1;0,0
27940007820000;13;7;6;43,5
27940007822000;3;2;1;0,0
27940007860000;1;1;0;0,0
27940007861000;4;3;1;0,0
27940007862000;4;3;1;0,0
27950007795000;1;0;1;0,0
27950007819000;8;4;4;36,6
27950007820000;30;15;15;38,7
27960007795000;1;1;0;0,0
27960007862000;1;1;0;0,0
27970007870000;3;2;1;0,0
27980007796000;2;1;1;0,0
27980007797000;7;4;3;65,1
27980007798000;1;1;0;0,0
27990007797000;3;3;0;0,0
27990007798000;1;1;0;0,0
27990007868000;2;2;0;0,0
28000007863000;1;1;0;0,0
28010007788000;2;0;2;0,0
28010007789000;35;16;19;37,1
28010007790000;76;38;38;36,4
28010007822000;6;3;3;41,8
28010007823000;1;0;1;0,0
28010007846000;5;3;2;33,2
28010007862000;2;1;1;0,0
28020007789000;163;84;79;34,1
28020007790000;108;62;46;46,8
28020007794000;5;3;2;72,6
28020007795000;4;2;2;0,0
28020007797000;2;1;1;0,0
28020007798000;11;7;4;37,2
28020007799000;12;7;5;43,0
28020007800000;16;8;8;42,1
28020007820000;1;1;0;0,0
28020007846000;16;9;7;60,5
28020007847000;3;2;1;0,0
28030007788000;1;1;0;0,0
28030007789000;18;11;7;39,3
28030007792000;5;3;2;15,6
28030007793000;2;2;0;0,0
28030007818000;2;1;1;0,0
28030007864000;3;3;0;0,0
28040007770000;5;2;3;36,8
28040007817000;2;2;0;0,0
28040007866000;1;1;0;0,0
28040007878000;4;3;1;0,0
28050007770000;5;1;4;20,4
28050007771000;5;4;1;42,6
28050007772000;7;2;5;33,6
28050007787000;15;10;5;50,5
28050007817000;4;2;2;0,0
28050007865000;2;1;1;0,0
28060007773000;5;3;2;56,4
28060007774000;8;4;4;41,4
28060007775000;19;10;9;37,3
28060007776000;14;6;8;38,1
28060007777000;6;3;3;20,2
28060007778000;34;12;22;51,2
28060007779000;17;9;8;42,6
28060007789000;7;4;3;33,0
28070007776000;3;2;1;0,0
28070007779000;23;7;16;34,3
28070007780000;7;5;2;48,3
28070007868000;1;1;0;0,0
28070007875000;17;10;7;49,4
28070007876000;2;1;1;0,0
28080007781000;20;8;12;40,3
28080007782000;1;1;0;0,0
28080007783000;1;1;0;0,0
28080007785000;5;2;3;52,6
28080007786000;1;0;1;0,0
28080007810000;1;0;1;0,0
28080007875000;55;28;27;39,6
28090007778000;74;40;34;45,1
28090007779000;25;15;10;35,5
28090007780000;57;28;29;36,0
28090007782000;24;14;10;37,0
28090007783000;1;0;1;0,0
28090007802000;4;2;2;0,0
28090007809000;6;2;4;47,0
28090007810000;14;9;5;61,1
28090007811000;4;2;2;0,0
28090007875000;2;1;1;0,0
28100007778000;11;6;5;28,3
28100007802000;2;1;1;0,0
28100007811000;2;1;1;0,0
28100007848000;11;7;4;43,5
28110007781000;17;8;9;41,0
28110007802000;10;6;4;48,0
28110007846000;13;8;5;36,1
28110007847000;10;5;5;67,8
28120007682000;8;4;4;53,0
28120007780000;102;58;44;38,7
28120007781000;239;113;126;32,9
28120007803000;8;7;1;53,6
28120007806000;4;2;2;0,0
28120007846000;8;4;4;37,1
28120007847000;3;2;1;0,0
28130007682000;3;2;1;0,0
28130007772000;2;1;1;0,0
28130007773000;124;73;51;37,5
28130007774000;42;19;23;30,2
28130007775000;2;1;1;0,0
28130007780000;20;10;10;23,8
28130007781000;1777;852;925;34,7
28130007782000;888;449;439;42,2
28130007798000;2;1;1;0,0
28130007814000;4;3;1;0,0
28130007816000;7;5;2;46,7
28130007849000;8;6;2;46,0
28140007774000;33;17;16;44,7
28140007775000;39;20;19;48,4
28140007777000;22;14;8;32,5
28140007778000;80;43;37;33,7
28140007779000;55;29;26;29,5
28140007780000;26;13;13;42,2
28140007781000;683;357;326;31,1
28140007782000;885;432;453;39,3
28140007783000;1103;547;556;39,5
28140007784000;385;187;198;39,8
28140007803000;1;0;1;0,0
28140007812000;1;0;1;0,0
28140007814000;2;1;1;0,0
28140007815000;6;3;3;44,8
28140007817000;5;4;1;70,4
28140007851000;2;2;0;0,0
28140007852000;1;1;0;0,0
28150007774000;14;7;7;32,2
28150007775000;11;5;6;56,0
28150007776000;92;45;47;31,3
28150007777000;7;3;4;34,7
28150007778000;61;32;29;40,0
28150007779000;127;68;59;31,1
28150007780000;7;4;3;36,3
28150007781000;122;64;58;32,4
28150007782000;76;44;32;37,9
28150007783000;676;342;334;42,3
28150007784000;942;454;488;39,3
28150007785000;110;47;63;37,4
28150007786000;291;157;134;29,7
28150007798000;9;4;5;36,3
28150007802000;2;1;1;0,0
28150007812000;14;8;6;65,4
28150007814000;5;3;2;29,6
28150007815000;16;10;6;49,8
28150007816000;2;1;1;0,0
28150007817000;7;5;2;35,0
28150007847000;15;10;5;47,1
28160007667000;38;19;19;43,5
28160007679000;40;25;15;41,5
28160007680000;1;1;0;0,0
28160007772000;5;3;2;41,6
28160007774000;5;3;2;31,4
28160007775000;3;1;2;0,0
28160007776000;36;17;19;32,4
28160007778000;83;42;41;37,6
28160007779000;12;8;4;44,5
28160007780000;38;18;20;33,9
28160007781000;22;8;14;23,5
28160007782000;46;26;20;39,2
28160007783000;55;25;30;40,0
28160007784000;513;264;249;35,8
28160007785000;85;44;41;44,1
28160007786000;109;59;50;38,8
28160007798000;5;2;3;61,8
28160007801000;8;4;4;35,4
28160007807000;4;2;2;0,0
28160007812000;9;5;4;46,4
28160007813000;4;3;1;0,0
28160007815000;9;6;3;59,7
28160007816000;5;2;3;71,2
28160007817000;8;5;3;66,5
28160007847000;2;1;1;0,0
28160007849000;4;3;1;0,0
28160007850000;6;2;4;43,8
28160007851000;1;1;0;0,0
28170007668000;26;16;10;33,4
28170007771000;6;3;3;36,0
28170007772000;4;2;2;0,0
28170007773000;18;10;8;36,8
28170007779000;3;1;2;0,0
28170007780000;20;10;10;47,2
28170007781000;37;21;16;39,5
28170007782000;18;11;7;39,6
28170007783000;707;361;346;29,6
28170007784000;790;399;391;36,3
28170007790000;4;3;1;0,0
28170007800000;49;27;22;41,0
28170007801000;42;21;21;48,5
28170007845000;6;3;3;30,5
28170007850000;7;3;4;63,7
28170007852000;8;4;4;54,1
28180007772000;13;9;4;42,5
28180007779000;2;1;1;0,0
28180007781000;3;2;1;0,0
28180007782000;43;21;22;37,9
28180007783000;71;42;29;34,7
28180007784000;431;194;237;40,1
28180007785000;18;12;6;35,7
28180007790000;3;2;1;0,0
28180007800000;14;10;4;41,4
28180007801000;10;5;5;65,3
28180007822000;2;2;0;0,0
28180007823000;3;1;2;0,0
28180007824000;3;2;1;0,0
28180007855000;15;8;7;47,9
28180007856000;5;2;3;18,2
28180007863000;298;141;157;44,2
28180007864000;48;23;25;40,8
28190007675000;9;5;4;31,3
28190007676000;23;9;14;29,8
28190007677000;3;1;2;0,0
28190007782000;406;203;203;31,8
28190007783000;1790;893;897;34,3
28190007784000;522;270;252;36,9
28190007790000;10;6;4;46,4
28190007791000;34;16;18;38,1
28190007800000;10;5;5;26,4
28190007824000;10;5;5;50,9
28190007856000;73;36;37;30,5
28190007857000;24;11;13;43,5
28190007858000;24;15;9;34,8
28190007859000;92;52;40;42,5
28190007860000;654;350;304;39,9
28190007861000;41;18;23;33,0
28190007862000;697;371;326;45,7
28190007863000;933;478;455;38,9
28190007864000;942;469;473;34,9
28190007865000;586;289;297;34,7
28200007674000;104;60;44;41,3
28200007675000;162;87;75;44,2
28200007676000;262;131;131;36,5
28200007677000;380;177;203;35,3
28200007678000;80;45;35;39,2
28200007780000;14;9;5;43,1
28200007781000;41;24;17;44,3
28200007782000;70;33;37;33,7
28200007783000;811;403;408;31,0
28200007784000;44;26;18;30,8
28200007791000;4;2;2;0,0
28200007819000;4;2;2;0,0
28200007820000;1;0;1;0,0
28200007821000;1;1;0;0,0
28200007824000;3;2;1;0,0
28200007830000;2;1;1;0,0
28200007831000;10;3;7;64,5
28200007859000;786;411;375;34,4
28200007860000;315;159;156;37,5
28200007861000;330;166;164;33,0
28200007862000;1539;762;777;38,7
28200007863000;914;475;439;38,1
28200007864000;150;78;72;32,4
28200007865000;557;282;275;30,6
28200007866000;49;24;25;28,6
28210007673000;3;2;1;0,0
28210007674000;36;22;14;39,2
28210007675000;244;106;138;33,7
28210007676000;35;18;17;34,9
28210007677000;155;84;71;38,9
28210007678000;314;157;157;39,5
28210007679000;105;51;54;34,8
28210007772000;1;1;0;0,0
28210007780000;57;29;28;37,8
28210007781000;34;17;17;33,2
28210007782000;62;31;31;27,9
28210007783000;433;219;214;26,6
28210007784000;290;144;146;32,7
28210007785000;11;6;5;54,7
28210007791000;40;22;18;35,1
28210007832000;2;1;1;0,0
28210007833000;2;1;1;0,0
28210007862000;547;260;287;38,7
28210007863000;236;121;115;36,9
28220007671000;5;2;3;27,0
28220007672000;58;33;25;36,3
28220007673000;7;3;4;32,9
28220007679000;9;6;3;40,9
28220007680000;70;34;36;39,3
28220007681000;14;8;6;46,1
28220007770000;6;4;2;55,0
28220007780000;44;19;25;43,7
28220007785000;50;23;27;39,5
28220007786000;8;5;3;50,9
28220007791000;7;3;4;25,9
28220007821000;4;1;3;0,0
28220007833000;1;0;1;0,0
28220007834000;8;4;4;34,0
28220007852000;2;1;1;0,0
28220007901000;26;17;9;40,9
28230007670000;1;1;0;0,0
28230007671000;5;3;2;38,0
28230007778000;3;2;1;0,0
28230007779000;62;30;32;40,9
28230007780000;48;26;22;37,6
28230007781000;7;4;3;50,3
28230007785000;12;8;4;34,7
28230007786000;98;48;50;30,5
28230007787000;8;4;4;57,1
28230007788000;14;9;5;43,4
28230007789000;5;2;3;43,0
28230007791000;68;35;33;39,8
28230007835000;5;3;2;64,2
28230007836000;1;1;0;0,0
28230007849000;2;1;1;0,0
28230007850000;15;8;7;32,1
28230007869000;227;121;106;34,1
28230007870000;15;8;7;37,9
28230007901000;6;3;3;62,5
28240007769000;2;1;1;0,0
28240007770000;2;1;1;0,0
28240007779000;147;78;69;34,3
28240007780000;133;71;62;37,1
28240007781000;9;5;4;23,2
28240007790000;125;66;59;35,2
28240007791000;279;148;131;33,0
28240007792000;6;5;1;34,3
28240007869000;3;2;1;0,0
28250007767000;27;16;11;26,3
28250007768000;10;6;4;36,5
28250007779000;178;88;90;24,3
28250007780000;16;11;5;36,9
28250007790000;16;7;9;56,3
28250007792000;2;1;1;0,0
28250007901000;1;1;0;0,0
28260007661000;4;2;2;0,0
28260007662000;2;0;2;0,0
28260007684000;4;3;1;0,0
28260007751000;2;1;1;0,0
28260007766000;3;1;2;0,0
28260007767000;12;7;5;38,3
28260007840000;15;7;8;42,9
28260007841000;6;2;4;48,2
28260007900000;13;6;7;42,0
28260007908000;1;1;0;0,0
28260007909000;3;3;0;0,0
28260007910000;5;4;1;58,0
28260007911000;19;13;6;48,8
28270007673000;1;1;0;0,0
28270007678000;14;6;8;30,5
28270007679000;6;4;2;50,2
28270007687000;14;7;7;52,2
28270007688000;24;14;10;41,0
28270007689000;23;14;9;51,5
28270007838000;41;21;20;39,5
28270007839000;18;10;8;43,6
28270007840000;8;3;5;25,5
28270007841000;5;3;2;28,6
28270007842000;8;4;4;28,3
28270007846000;4;3;1;0,0
28270007910000;1;1;0;0,0
28280007677000;5;4;1;41,8
28280007678000;28;14;14;40,3
28280007679000;24;15;9;37,8
28280007690000;11;4;7;43,2
28280007846000;7;4;3;54,0
28280007898000;1;1;0;0,0
28280007901000;1;1;0;0,0
28280007907000;1;1;0;0,0
28290007691000;3;1;2;0,0
28290007747000;4;2;2;0,0
28290007901000;8;5;3;47,4
28290007902000;8;5;3;43,0
28300007902000;16;9;7;52,4
28310007743000;3;1;2;0,0
28320007693000;38;25;13;36,2
28320007737000;3;2;1;0,0
28320007845000;3;1;2;0,0
28320007848000;46;24;22;48,1
28320007902000;5;4;1;23,6
28330007694000;3;3;0;0,0
28330007695000;1;0;1;0,0
28330007845000;14;6;8;42,6
28330007846000;249;127;122;44,3
28330007847000;42;22;20;36,9
28330007848000;29;15;14;40,9
28330007849000;23;14;9;42,8
28330007850000;9;4;5;52,9
28330007851000;1;1;0;0,0
28340007649000;13;7;6;60,5
28340007696000;46;26;20;35,8
28340007847000;35;20;15;59,9
28350007697000;62;28;34;35,7
28350007847000;36;18;18;54,1
28360007697000;16;7;9;30,8
28360007770000;1;1;0;0,0
28360007846000;4;2;2;0,0
28360007847000;25;9;16;51,0
28370007725000;69;37;32;37,8
28370007726000;12;7;5;56,7
28370007846000;16;10;6;48,3
28370007850000;3;2;1;0,0
28370007851000;15;9;6;58,9
28380007698000;6;4;2;51,2
28380007727000;14;10;4;61,7
28380007728000;71;36;35;34,7
28380007846000;8;4;4;57,3
28380007850000;15;8;7;59,0
28380007851000;7;3;4;50,3
28380007854000;2;2;0;0,0
28380007855000;3;2;1;0,0
28390007728000;56;33;23;43,7
28390007729000;17;9;8;37,4
28390007730000;11;6;5;32,6
28390007846000;2;2;0;0,0
28400007735000;1;1;0;0,0
28400007850000;2;1;1;0,0
28410007845000;3;2;1;0,0
28420007845000;33;22;11;47,3
28420007868000;2;2;0;0,0
28430007702000;1;1;0;0,0
28430007848000;1;0;1;0,0
28430007868000;6;5;1;58,2
28440007650000;4;1;3;0,0
28440007844000;9;4;5;23,1
28440007845000;2;1;1;0,0
28450007702000;12;7;5;59,3
28450007846000;5;3;2;60,6
28460007702000;3;1;2;0,0
28460007703000;26;14;12;41,9
28460007842000;19;10;9;32,3
28460007843000;4;2;2;0,0
28460007844000;14;10;4;47,4
28460007868000;1;1;0;0,0
28470007713000;8;6;2;42,6
28470007714000;1;0;1;0,0
28470007842000;3;1;2;0,0
28470007843000;2;1;1;0,0
28480007876000;2;2;0;0,0
28480007904000;42;27;15;53,4
28490007830000;2;1;1;0,0
28490007876000;3;2;1;0,0
28490007877000;3;1;2;0,0
28490007882000;2;1;1;0,0
28490007904000;200;100;100;44,1
28490007905000;542;278;264;42,5
28500007831000;1;1;0;0,0
28500007881000;11;6;5;67,4
28500007882000;2;2;0;0,0
28500007904000;103;53;50;40,6
28500007905000;114;62;52;46,6
28510007653000;1;1;0;0,0
28510007880000;2;1;1;0,0
28510007881000;9;5;4;73,3
28510007883000;3;1;2;0,0
28510007905000;1;0;1;0,0
28520007717000;7;3;4;33,4
28520007718000;2;2;0;0,0
28520007842000;17;11;6;45,6
28520007882000;13;10;3;45,8
28530007718000;2;1;1;0,0
28530007841000;5;4;1;28,2
28530007842000;7;3;4;51,7
28530007863000;1;1;0;0,0
28530007871000;6;3;3;56,7
28540007760000;2;2;0;0,0
28540007841000;22;12;10;37,2
28540007842000;3;1;2;0,0
28540007862000;29;12;17;35,4
28540007871000;6;3;3;78,2
28550007723000;1;1;0;0,0
28550007861000;3;2;1;0,0
28550007862000;29;16;13;53,5
28560007862000;53;27;26;47,8
28570007863000;8;4;4;62,9
28570007864000;3;2;1;0,0
28570007865000;5;2;3;46,4
28580007734000;1;1;0;0,0
28580007863000;1;0;1;0,0
28600007722000;4;3;1;0,0
28600007723000;28;16;12;43,8
28600007753000;1;1;0;0,0
28610007908000;38;22;16;52,9
28620007908000;11;10;1;38,4
28650007741000;7;4;3;34,9
28680007823000;2;1;1;0,0
28690007723000;1;1;0;0,0
28690007724000;1;0;1;0,0
28720007815000;7;5;2;51,4
28720007851000;2;1;1;0,0
28720007852000;2;2;0;0,0
28720007853000;2;0;2;0,0
28730007815000;8;4;4;51,8
28730007816000;5;2;3;62,2
28730007817000;5;0;5;23,8
28730007818000;3;2;1;0,0
28730007819000;10;6;4;46,9
28730007820000;12;6;6;43,8
28730007821000;23;10;13;40,8
28730007822000;3;2;1;0,0
28730007849000;17;10;7;42,0
28730007850000;23;12;11;53,5
28730007851000;9;7;2;62,8
28730007852000;7;4;3;44,9
28730007853000;3;2;1;0,0
28730007854000;11;5;6;51,5
28730007855000;18;8;10;56,1
28730007856000;3;1;2;0,0
28730007920000;123;70;53;47,1
28740007849000;15;7;8;61,5
28740007850000;4;2;2;0,0
28740007855000;7;5;2;54,1
28740007856000;1;0;1;0,0
28740007920000;17;9;8;45,4
28750007804000;1;1;0;0,0
28750007807000;1;0;1;0,0
28750007824000;8;4;4;34,8
28750007831000;10;5;5;38,0
28750007832000;6;3;3;73,7
28750007835000;1;1;0;0,0
28750007836000;13;8;5;42,2
28750007837000;7;4;3;68,4
28750007849000;5;2;3;63,8
28760007799000;26;11;15;24,9
28760007800000;18;11;7;23,2
28760007801000;4;3;1;0,0
28760007802000;150;83;67;43,3
28760007803000;234;107;127;40,0
28760007804000;8;6;2;37,4
28760007825000;2;1;1;0,0
28760007826000;12;7;5;38,8
28760007827000;13;6;7;39,5
28760007828000;5;2;3;27,4
28760007831000;53;30;23;48,8
28760007832000;38;17;21;50,6
28760007833000;15;9;6;41,0
28760007835000;2;1;1;0,0
28760007838000;2;1;1;0,0
28760007839000;1;1;0;0,0
28760007850000;3;1;2;0,0
28770007728000;11;5;6;36,4
28770007729000;12;9;3;53,8
28770007795000;8;5;3;39,5
28770007797000;9;7;2;54,2
28770007798000;4;1;3;0,0
28770007799000;21;11;10;37,0
28770007800000;38;15;23;35,0
28770007801000;336;157;179;38,2
28770007802000;422;195;227;44,4
28770007803000;228;114;114;33,9
28770007827000;13;5;8;32,2
28770007828000;4;2;2;0,0
28770007829000;7;3;4;52,1
28770007830000;6;2;4;56,5
28770007831000;7;6;1;50,6
28770007832000;5;2;3;76,0
28770007860000;1;1;0;0,0
28780007793000;3;2;1;0,0
28780007794000;9;6;3;41,8
28780007795000;20;12;8;49,0
28780007797000;2;1;1;0,0
28780007798000;5;2;3;34,6
28780007799000;5;3;2;42,4
28780007800000;77;36;41;37,2
28780007801000;531;256;275;41,8
28780007802000;332;160;172;38,7
28780007803000;7;1;6;41,7
28780007804000;2;1;1;0,0
28780007827000;1;1;0;0,0
28780007829000;24;13;11;44,3
28780007830000;3;2;1;0,0
28780007832000;1;1;0;0,0
28780007862000;2;0;2;0,0
28790007793000;10;4;6;34,4
28790007794000;3;2;1;0,0
28790007800000;6;4;2;24,5
28790007802000;65;34;31;45,0
28790007803000;1;0;1;0,0
28790007807000;10;6;4;40,6
28790007829000;1;1;0;0,0
28790007830000;3;1;2;0,0
28790007833000;4;2;2;0,0
28790007842000;1;1;0;0,0
28790007843000;1;1;0;0,0
28790007845000;2;1;1;0,0
28790007846000;4;2;2;0,0
28790007847000;3;2;1;0,0
28790007848000;6;3;3;32,8
28790007851000;2;1;1;0,0
28800007802000;71;35;36;38,1
28800007803000;85;44;41;35,6
28800007804000;42;18;24;41,2
28800007805000;10;5;5;27,6
28800007806000;40;23;17;40,6
28800007807000;1;1;0;0,0
28800007831000;3;1;2;0,0
28800007847000;2;1;1;0,0
28800007848000;11;6;5;57,3
28800007849000;3;3;0;0,0
28810007786000;9;5;4;28,8
28810007801000;5;2;3;64,2
28810007802000;17;11;6;46,8
28810007803000;33;19;14;47,4
28810007806000;6;3;3;55,8
28810007807000;3;2;1;0,0
28820007802000;31;13;18;39,2
28820007803000;14;7;7;40,1
28830007801000;8;4;4;62,9
28830007802000;2;1;1;0,0
28830007803000;23;9;14;38,8
28830007804000;61;34;27;40,1
28830007805000;4;3;1;0,0
28840007804000;12;8;4;24,8
28850007778000;3;2;1;0,0
28850007779000;2;1;1;0,0
28850007805000;16;8;8;47,8
28860007772000;3;1;2;0,0
28860007779000;32;18;14;45,8
28860007780000;4;2;2;0,0
28860007807000;10;4;6;43,9
28860007808000;3;1;2;0,0
28860007907000;2;1;1;0,0
28870007779000;9;4;5;38,4
28880007777000;2;1;1;0,0
28880007779000;4;3;1;0,0
28880007883000;2;1;1;0,0
28880007884000;3;1;2;0,0
28880007924000;4;2;2;0,0
28890007835000;2;1;1;0,0
28890007909000;2;1;1;0,0
28890007924000;67;39;28;47,5
28890007925000;3;2;1;0,0
28900007779000;2;1;1;0,0
28900007839000;1;0;1;0,0
28900007882000;1;0;1;0,0
28900007883000;5;2;3;65,4
28900007909000;11;6;5;45,3
28910007772000;2;1;1;0,0
28910007834000;4;2;2;0,0
28910007841000;2;1;1;0,0
28910007842000;6;5;1;62,7
28910007843000;2;1;1;0,0
28910007883000;7;2;5;32,4
28910007884000;2;1;1;0,0
28910007897000;2;2;0;0,0
28910007900000;1;1;0;0,0
28920007900000;2;1;1;0,0
28930007830000;2;1;1;0,0
28930007835000;18;5;13;61,4
28930007836000;3;2;1;0,0
28930007844000;5;4;1;61,6
28930007845000;3;1;2;0,0
28930007914000;1;1;0;0,0
28930007917000;23;15;8;44,8
28930007918000;62;35;27;42,5
28940007831000;2;1;1;0,0
28940007832000;3;2;1;0,0
28940007833000;1;1;0;0,0
28940007834000;6;3;3;40,7
28940007835000;15;10;5;51,9
28940007836000;17;10;7;54,8
28950007834000;5;2;3;37,4
28950007835000;31;17;14;52,2
28950007836000;20;8;12;40,6
28950007837000;12;7;5;51,2
28960007730000;7;5;2;59,9
28960007731000;6;3;3;56,8
28960007732000;3;1;2;0,0
28960007835000;3;1;2;0,0
28960007836000;13;9;4;51,1
28960007837000;26;17;9;43,5
28960007910000;33;19;14;43,3
28960007911000;58;33;25;46,2
28960007912000;304;162;142;39,2
28960007913000;355;187;168;42,7
28960007914000;3;2;1;0,0
28970007731000;4;2;2;0,0
28970007838000;3;2;1;0,0
28970007857000;7;5;2;60,9
28970007910000;719;360;359;42,6
28970007911000;796;397;399;43,4
28970007912000;212;107;105;36,2
28980007857000;4;2;2;0,0
28980007858000;4;2;2;0,0
28980007859000;3;2;1;0,0
28980007910000;13;6;7;30,0
28990007737000;1;0;1;0,0
28990007911000;240;128;112;36,6
28990007912000;180;96;84;38,8
29000007862000;7;6;1;64,6
29010007736000;1;1;0;0,0
29010007737000;2;2;0;0,0
29010007753000;3;0;3;0,0
29010007787000;1;1;0;0,0
29020007737000;23;13;10;40,5
29030007737000;2;1;1;0,0
29030007738000;11;6;5;38,5
29030007867000;1;1;0;0,0
29040007737000;6;3;3;40,5
29040007738000;14;8;6;36,8
29040007869000;1;1;0;0,0
29050007738000;37;21;16;34,8
29050007739000;24;13;11;42,3
29050007870000;1;1;0;0,0
29060007738000;85;41;44;39,7
29060007739000;32;16;16;34,8
29060007740000;4;3;1;0,0
29060007741000;9;4;5;27,1
29070007739000;30;20;10;35,7
29070007740000;112;59;53;39,5
29080007739000;11;7;4;21,8
29080007740000;35;20;15;46,9
29080007741000;54;29;25;34,7
29080007742000;47;23;24;29,3
29080007749000;7;6;1;51,1
29090007740000;393;193;200;32,1
29090007741000;286;136;150;42,6
29090007742000;480;249;231;43,3
29090007743000;77;46;31;41,4
29090007843000;1;0;1;0,0
29100007740000;83;43;40;38,3
29100007741000;133;66;67;45,2
29100007742000;371;193;178;43,4
29100007743000;8;6;2;41,9
29110007741000;25;12;13;31,6
29110007742000;10;6;4;30,8
29120007740000;6;3;3;41,5
29120007741000;10;6;4;35,6
29130007740000;13;5;8;45,6
29130007741000;4;2;2;0,0
29140007740000;2;1;1;0,0
29170007739000;3;2;1;0,0
29170007740000;9;4;5;35,6
29180007739000;7;3;4;34,1
29180007740000;3;2;1;0,0
29190007739000;14;6;8;32,1
29190007740000;4;1;3;0,0
29200007719000;1;1;0;0,0
29200007739000;13;7;6;32,9
29200007740000;5;3;2;59,2
29200007753000;1;0;1;0,0
29200007769000;2;2;0;0,0
29210007713000;2;1;1;0,0
29210007714000;3;1;2;0,0
29210007718000;4;2;2;0,0
29210007724000;1;1;0;0,0
29210007737000;4;3;1;0,0
29210007738000;9;5;4;36,6
29210007739000;2;1;1;0,0
29210007741000;4;2;2;0,0
29210007747000;1;1;0;0,0
29210007768000;1;0;1;0,0
29210007769000;13;6;7;51,7
29220007736000;13;7;6;37,6
29220007737000;25;14;11;38,6
29220007746000;7;2;5;34,1
29220007750000;5;2;3;19,0
29220007751000;2;1;1;0,0
29230007736000;11;5;6;38,4
29230007756000;4;2;2;0,0
29230007764000;3;1;2;0,0
29240007773000;1;1;0;0,0
29240007880000;7;5;2;64,7
29250007880000;11;6;5;49,5
29260007878000;4;2;2;0,0
29260007879000;10;7;3;25,5
29260007880000;2;1;1;0,0
29260007881000;3;1;2;0,0
29270007879000;1;1;0;0,0
29280007776000;1;1;0;0,0
29280007777000;6;4;2;47,3
29290007778000;1;0;1;0,0
29290007844000;1;1;0;0,0
29290007845000;19;9;10;57,8
29290007846000;2;1;1;0,0
29290007859000;1;1;0;0,0
29300007844000;8;5;3;37,4
29300007845000;5;2;3;65,6
29340007854000;1;1;0;0,0
29350007795000;1;0;1;0,0
29350007796000;1;0;1;0,0
29350007854000;1;1;0;0,0
29360007798000;1;1;0;0,0
29360007799000;1;1;0;0,0
29420007860000;4;2;2;0,0
29420007861000;4;2;2;0,0
29420007873000;41;19;22;42,4
29420007874000;15;7;8;43,5
29430007860000;2;2;0;0,0
29430007867000;2;2;0;0,0
29430007871000;2;1;1;0,0
29430007872000;2;1;1;0,0
29430007873000;35;20;15;46,5
29430007874000;3;2;1;0,0
29430007910000;12;8;4;60,2
29430007911000;14;9;5;56,9
29440007860000;2;2;0;0,0
29440007868000;2;1;1;0,0
29440007871000;8;4;4;26,3
29440007911000;22;12;10;32,2
29440007916000;26;12;14;26,3
29450007866000;4;3;1;0,0
29450007910000;7;1;6;22,4
29450007916000;36;16;20;29,5
29460007864000;6;3;3;20,2
29460007911000;1;1;0;0,0
29460007916000;199;102;97;37,6
29460007917000;184;103;81;45,0
29470007865000;1;0;1;0,0
29470007916000;151;86;65;41,8
29470007917000;413;218;195;43,5
29480007864000;1;0;1;0,0
29490007861000;4;2;2;0,0
29490007862000;2;1;1;0,0
29490007913000;1;1;0;0,0
29490007914000;9;4;5;40,9
29500007862000;2;2;0;0,0
29500007910000;1;0;1;0,0
29510007876000;30;15;15;32,8
29510007877000;1;1;0;0,0
29520007877000;9;6;3;40,6
29590007801000;1;1;0;0,0
29610007804000;2;2;0;0,0
29620007882000;1;0;1;0,0
29620007929000;13;8;5;49,7
29620007930000;238;125;113;39,3
29620007931000;227;127;100;42,7
29630007882000;1;1;0;0,0
29630007930000;194;100;94;44,1
29630007931000;96;46;50;42,7
29640007883000;2;1;1;0,0
29650007806000;1;1;0;0,0
29650007807000;7;4;3;66,6
29650007884000;2;1;1;0,0
29670007808000;3;2;1;0,0
29670007812000;7;5;2;42,3
29680007812000;2;1;1;0,0
29680007905000;1;1;0;0,0
29690007813000;9;5;4;46,8
29690007814000;9;5;4;62,0
29690007815000;10;5;5;54,5
29690007816000;15;6;9;27,2
29690007905000;1;1;0;0,0
29690007933000;2;1;1;0,0
29700007815000;13;8;5;61,6
29700007816000;32;14;18;43,4
29710007890000;13;9;4;59,2
29720007890000;13;6;7;34,7
29720007906000;1;1;0;0,0
29720007907000;7;3;4;61,4
29730007907000;5;2;3;52,8
29740007818000;4;3;1;0,0
29740007819000;2;1;1;0,0
29740007821000;9;4;5;42,3
29740007822000;4;3;1;0,0
29750007865000;3;0;3;0,0
29750007937000;3;2;1;0,0
29760007906000;1;1;0;0,0
29760007907000;5;4;1;39,2
29760007936000;163;103;60;47,6
29760007937000;21;17;4;36,6
29770007824000;2;2;0;0,0
29770007864000;3;2;1;0,0
29770007865000;9;7;2;53,1
29770007866000;1;0;1;0,0
29770007867000;1;1;0;0,0
29770007906000;56;28;28;34,3
29770007907000;24;10;14;33,8
29780007863000;5;4;1;65,2
29780007864000;1;1;0;0,0
29780007897000;6;3;3;76,8
29780007898000;2;1;1;0,0
29780007906000;10;6;4;51,1
29790007870000;2;1;1;0,0
29800007870000;1;1;0;0,0
29800007871000;2;1;1;0,0
29810007824000;9;3;6;49,3
29810007870000;13;5;8;49,9
29810007871000;2;1;1;0,0
29820007824000;5;3;2;54,0
29820007871000;1;1;0;0,0
29840007826000;41;23;18;49,4
29840007865000;4;2;2;0,0
29840007866000;2;1;1;0,0
29840007867000;15;7;8;58,2
29840007869000;1;1;0;0,0
29850007826000;22;13;9;50,4
29850007866000;4;3;1;0,0
29860007827000;10;6;4;47,2
29860007865000;3;2;1;0,0
29870007827000;3;1;2;0,0
29870007828000;8;4;4;42,8
29880007828000;24;12;12;39,0
29880007849000;7;3;4;34,4
29880007850000;5;2;3;23,6
29880007864000;2;1;1;0,0
29890007827000;2;0;2;0,0
29890007828000;7;3;4;47,9
29890007850000;13;6;7;42,9
29890007851000;2;0;2;0,0
29890007863000;14;5;9;55,8
29890007864000;3;0;3;0,0
29900007827000;19;10;9;44,7
29900007850000;14;8;6;34,0
29900007851000;8;6;2;38,6
29900007858000;9;7;2;34,3
29900007859000;11;7;4;44,2
29900007860000;7;4;3;54,3
29900007861000;41;18;23;30,7
29900007862000;17;7;10;51,6
29900007863000;31;14;17;45,3
29900007864000;65;35;30;43,6
29900007865000;18;12;6;48,1
29900007866000;4;3;1;0,0
29910007826000;38;17;21;42,5
29910007827000;7;4;3;60,1
29910007845000;4;2;2;0,0
29910007848000;5;4;1;56,0
29910007849000;12;6;6;36,3
29910007850000;10;5;5;59,5
29910007851000;10;4;6;40,2
29910007852000;15;9;6;23,7
29910007854000;4;2;2;0,0
29910007855000;9;6;3;42,6
29910007856000;25;12;13;38,2
29910007857000;23;9;14;43,6
29910007858000;16;8;8;43,3
29910007859000;1;1;0;0,0
29910007863000;1;1;0;0,0
29910007866000;19;9;10;39,2
29910007867000;52;25;27;29,9
29910007868000;40;22;18;40,3
29910007869000;12;5;7;56,9
29920007821000;2;0;2;0,0
29920007825000;5;2;3;25,8
29920007826000;23;8;15;54,6
29920007827000;1;0;1;0,0
29920007845000;3;0;3;0,0
29920007846000;10;5;5;43,0
29920007847000;6;4;2;58,2
29920007851000;2;1;1;0,0
29920007852000;6;4;2;38,7
29920007853000;1;1;0;0,0
29920007854000;3;1;2;0,0
29920007855000;4;1;3;0,0
29920007858000;1;0;1;0,0
29920007859000;2;1;1;0,0
29920007860000;3;2;1;0,0
29920007861000;5;3;2;40,6
29920007863000;1;1;0;0,0
29920007864000;8;6;2;37,1
29920007865000;14;6;8;40,7
29920007870000;1;0;1;0,0
29920007871000;5;3;2;34,4
29920007872000;2;1;1;0,0
29930007826000;7;5;2;46,3
29930007827000;11;3;8;46,4
29930007828000;11;7;4;54,3
29930007843000;2;1;1;0,0
29930007844000;1;1;0;0,0
29930007845000;54;28;26;47,1
29930007848000;5;3;2;27,8
29930007855000;10;6;4;30,0
29930007856000;6;4;2;53,5
29930007857000;6;3;3;31,3
29930007859000;4;3;1;0,0
29940007826000;2;1;1;0,0
29940007827000;9;6;3;51,8
29940007828000;25;17;8;39,9
29940007829000;22;11;11;37,1
29940007830000;22;10;12;54,2
29940007831000;5;3;2;44,8
29940007841000;299;153;146;43,9
29940007842000;147;82;65;37,3
29940007843000;29;12;17;40,1
29940007844000;10;5;5;56,3
29940007845000;113;58;55;38,0
29940007846000;42;21;21;40,0
29940007847000;16;8;8;49,6
29940007871000;8;4;4;33,4
29940007872000;13;6;7;42,1
29950007829000;14;7;7;58,9
29950007831000;11;7;4;42,1
29950007832000;13;7;6;25,6
29950007833000;24;14;10;42,3
29950007834000;8;3;5;39,5
29950007835000;2;1;1;0,0
29950007838000;4;1;3;0,0
29950007839000;4;1;3;0,0
29950007840000;16;9;7;38,1
29950007841000;257;135;122;36,8
29950007842000;2;1;1;0,0
29950007843000;7;4;3;47,6
29950007845000;4;1;3;0,0
29950007846000;29;14;15;35,9
29950007847000;16;8;8;29,1
29950007872000;3;1;2;0,0
29950007873000;5;5;0;59,0
29960007830000;2;1;1;0,0
29960007832000;10;7;3;32,2
29960007833000;12;7;5;37,3
29960007836000;7;3;4;41,7
29960007837000;1;1;0;0,0
29960007838000;33;14;19;38,3
29960007839000;31;17;14;46,0
29960007840000;29;13;16;42,6
29960007846000;10;5;5;30,9
29960007849000;4;3;1;0,0
29960007874000;6;4;2;50,7
29960007875000;3;1;2;0,0
29970007835000;2;1;1;0,0
29970007836000;1;1;0;0,0
29970007837000;11;6;5;44,0
29970007838000;117;63;54;47,3
29970007839000;24;13;11;44,6
29970007849000;12;6;6;41,9
29970007878000;3;3;0;0,0
29980007849000;12;5;7;35,0
29980007872000;4;2;2;0,0
29980007874000;2;1;1;0,0
29990007871000;4;2;2;0,0
30000007869000;14;7;7;35,5
30000007870000;14;7;7;44,1
30000007871000;16;8;8;38,8
30000007872000;2;1;1;0,0
30000007873000;2;1;1;0,0
30010007869000;7;6;1;56,3
30010007870000;20;12;8;33,6
30010007871000;40;20;20;36,9
30010007872000;5;4;1;68,0
30020007869000;22;10;12;41,5
30030007869000;3;1;2;0,0
30030007870000;25;16;9;37,4
30040007870000;21;11;10;40,3
30050007871000;6;4;2;51,7
30070007841000;1;1;0;0,0
30080007827000;1;1;0;0,0
30080007837000;2;1;1;0,0
30080007841000;7;5;2;37,7
30090007837000;12;6;6;40,4
30090007838000;4;2;2;0,0
30090007839000;14;8;6;47,9
30090007841000;23;14;9;33,7
30090007842000;105;56;49;35,4
30090007843000;2;1;1;0,0
30100007836000;12;7;5;50,5
30100007840000;22;13;9;50,8
30100007841000;111;55;56;37,9
30100007842000;4;2;2;0,0
30100007843000;9;5;4;35,0
30110007835000;5;2;3;53,6
30110007836000;73;39;34;43,1
30110007837000;1;0;1;0,0
30110007843000;51;23;28;51,1
30110007920000;121;65;56;43,9
30110007921000;640;332;308;43,3
30110007922000;204;105;99;44,0
30120007835000;15;9;6;56,4
30120007837000;1;1;0;0,0
30120007843000;12;6;6;42,4
30120007921000;2;2;0;0,0
30130007843000;19;12;7;42,5
30140007834000;2;2;0;0,0
30140007843000;3;2;1;0,0
30150007834000;5;3;2;45,2
30150007843000;19;10;9;38,2
30150007844000;9;4;5;22,1
30160007843000;14;9;5;56,2
30160007844000;3;1;2;0,0
30170007834000;2;1;1;0,0
30170007843000;38;19;19;45,1
30170007844000;2;1;1;0,0
30180007834000;9;4;5;70,3
30180007843000;13;8;5;37,8
30190007833000;1;0;1;0,0
30190007842000;6;3;3;65,8
30190007843000;22;11;11;37,8
30200007833000;3;2;1;0,0
30200007842000;19;10;9;49,9
30200007843000;11;6;5;52,4
30210007833000;4;2;2;0,0
30210007841000;11;6;5;46,4
30210007842000;128;63;65;44,0
30220007833000;12;7;5;51,6
30220007842000;23;14;9;47,4
30220007843000;1;1;0;0,0
30230007833000;6;3;3;47,7
30230007842000;22;12;10;52,3
30230007843000;5;2;3;52,4
30230007908000;32;16;16;54,2
30240007841000;1;1;0;0,0
30240007842000;2;1;1;0,0
30240007909000;6;4;2;68,0
30250007833000;1;1;0;0,0
30260007841000;6;3;3;32,0
30270007841000;9;4;5;66,8
30300007833000;3;2;1;0,0
30300007842000;6;3;3;49,7
30360007842000;1;1;0;0,0
30380007842000;9;4;5;69,0
30380007901000;1;0;1;0,0
30390007841000;9;6;3;37,3
30390007842000;173;84;89;41,6
30390007843000;276;141;135;39,0
30390007844000;1;0;1;0,0
30390007900000;114;58;56;45,2
30390007901000;603;314;289;39,2
30390007902000;351;182;169;42,8
30390007903000;92;45;47;30,7
30400007841000;33;14;19;37,6
30400007842000;71;36;35;40,4
30400007900000;13;8;5;27,1
30400007901000;95;50;45;45,3
30400007902000;186;99;87;42,3
30400007903000;759;397;362;38,6
30410007841000;63;33;30;43,1
30410007842000;2;1;1;0,0
30420007841000;16;10;6;41,8
30420007842000;2;1;1;0,0
30430007842000;1;1;0;0,0
30440007841000;2;1;1;0,0
30440007842000;8;5;3;27,1
30450007842000;14;9;5;36,6
30460007796000;9;5;4;54,8
30460007815000;16;9;7;65,3
30460007816000;6;3;3;63,2
30460007842000;2;1;1;0,0
30470007796000;18;11;7;47,4
30470007797000;11;5;6;41,5
30470007814000;6;3;3;69,0
30470007815000;3;1;2;0,0
30470007817000;1;1;0;0,0
30470007842000;6;3;3;54,2
30480007813000;6;3;3;61,2
30480007815000;1;1;0;0,0
30480007818000;3;2;1;0,0
30480007830000;1;1;0;0,0
30480007842000;2;1;1;0,0
30490007797000;3;1;2;0,0
30490007798000;1;1;0;0,0
30490007815000;5;3;2;63,4
30490007842000;19;11;8;36,5
30500007797000;9;5;4;63,3
30500007842000;12;7;5;31,2
30510007797000;2;1;1;0,0
30510007842000;28;16;12;42,6
30520007796000;9;6;3;48,7
30520007797000;46;24;22;45,4
30520007798000;2;1;1;0,0
30520007842000;12;8;4;57,4
30520007843000;8;4;4;32,0
30530007796000;10;5;5;51,6
30530007797000;13;6;7;53,4
30530007798000;6;4;2;65,7
30530007829000;67;34;33;41,7
30530007842000;8;4;4;31,6
30540007798000;5;3;2;65,4
30540007829000;138;84;54;47,2
30540007830000;3;1;2;0,0
30540007842000;720;352;368;38,8
30540007843000;394;218;176;34,8
30550007798000;1;0;1;0,0
30550007799000;1;0;1;0,0
30550007829000;19;9;10;45,7
30550007841000;120;70;50;44,0
30550007842000;1408;693;715;41,3
30550007843000;240;109;131;36,5
30550007896000;1;1;0;0,0
30560007741000;1;1;0;0,0
30560007742000;14;8;6;56,5
30560007743000;1;1;0;0,0
30560007744000;3;2;1;0,0
30560007792000;3;2;1;0,0
30560007793000;3;1;2;0,0
30560007798000;5;3;2;63,2
30560007799000;7;5;2;47,7
30560007841000;301;177;124;36,8
30560007842000;895;477;418;35,7
30560007843000;2;1;1;0,0
30560007895000;1;0;1;0,0
30570007793000;2;1;1;0,0
30570007798000;1;1;0;0,0
30570007799000;1;1;0;0,0
30570007841000;2;1;1;0,0
30570007842000;973;472;501;38,7
30570007843000;11;6;5;35,3
30580007753000;3;2;1;0,0
30580007794000;2;1;1;0,0
30580007806000;1;1;0;0,0
30580007842000;125;70;55;36,5
30590007755000;1;1;0;0,0
30590007806000;1;1;0;0,0
30600007756000;3;2;1;0,0
30600007807000;1;1;0;0,0
30600007841000;38;20;18;47,2
30610007801000;8;5;3;57,1
30620007801000;1;1;0;0,0
30620007803000;3;2;1;0,0
30620007812000;1;1;0;0,0
30630007842000;3;1;2;0,0
30640007761000;1;1;0;0,0
30640007805000;1;0;1;0,0
30640007843000;12;7;5;48,2
30650007843000;8;6;2;22,4
30660007760000;9;5;4;40,0
30660007806000;7;4;3;40,3
30660007844000;71;38;33;39,4
30670007808000;1;1;0;0,0
30680007758000;2;2;0;0,0
30680007760000;2;0;2;0,0
30680007845000;9;6;3;60,8
30680007846000;7;6;1;38,4
30680007847000;4;3;1;0,0
30690007760000;2;1;1;0,0
30690007844000;7;5;2;64,7
30690007845000;19;7;12;51,6
30700007761000;9;6;3;46,4
30700007762000;5;3;2;49,0
30700007805000;5;3;2;37,6
30700007806000;2;1;1;0,0
30700007845000;1;1;0;0,0
30700007849000;5;2;3;71,2
30710007763000;1;1;0;0,0
30710007803000;2;1;1;0,0
30710007804000;30;21;9;23,7
30710007849000;48;30;18;45,0
30720007763000;4;1;3;0,0
30720007764000;8;4;4;33,8
30720007765000;17;8;9;42,6
30720007766000;7;4;3;54,3
30720007767000;25;12;13;34,4
30720007768000;1;1;0;0,0
30720007799000;2;1;1;0,0
30720007800000;3;2;1;0,0
30720007804000;40;30;10;21,2
30730007765000;5;2;3;27,8
30730007767000;3;2;1;0,0
30730007768000;21;14;7;50,1
30730007769000;5;3;2;56,8
30730007799000;4;2;2;0,0
30730007802000;1;1;0;0,0
30730007803000;1;1;0;0,0
30740007799000;373;189;184;42,5
30740007800000;420;215;205;35,3
30740007856000;1;1;0;0,0
30740007859000;13;5;8;59,5
30740007860000;4;1;3;0,0
30750007769000;11;7;4;28,7
30750007770000;6;2;4;29,7
30750007798000;22;12;10;40,5
30750007799000;393;195;198;45,4
30750007800000;503;249;254;39,9
30750007801000;84;41;43;43,1
30750007802000;939;456;483;35,8
30750007803000;274;135;139;32,9
30750007807000;1;1;0;0,0
30750007859000;1;1;0;0,0
30760007769000;2;1;1;0,0
30760007770000;6;2;4;52,8
30760007771000;16;9;7;27,7
30760007772000;14;8;6;64,1
30760007790000;7;4;3;44,4
30760007791000;14;6;8;37,4
30760007794000;2;1;1;0,0
30760007795000;4;2;2;0,0
30760007796000;2;1;1;0,0
30760007798000;8;4;4;23,6
30760007799000;620;297;323;37,7
30760007800000;249;119;130;36,8
30760007801000;179;92;87;33,6
30760007802000;34;16;18;40,6
30760007803000;266;127;139;37,3
30760007806000;1035;503;532;43,1
30760007807000;454;240;214;38,4
30770007772000;12;4;8;38,5
30770007773000;3;0;3;0,0
30770007774000;6;4;2;30,8
30770007790000;13;8;5;25,9
30770007791000;16;7;9;38,9
30770007804000;56;30;26;37,0
30770007805000;50;22;28;29,2
30770007806000;1368;686;682;38,1
30770007807000;249;136;113;37,2
30780007784000;1;0;1;0,0
30780007785000;3;1;2;0,0
30780007791000;5;1;4;27,8
30780007801000;7;3;4;32,7
30780007805000;10;4;6;44,9
30780007806000;133;60;73;41,2
30780007807000;351;168;183;39,7
30780007808000;13;9;4;43,0
30790007772000;3;1;2;0,0
30790007776000;1;1;0;0,0
30790007783000;13;7;6;51,0
30790007784000;8;4;4;58,5
30790007801000;9;4;5;54,4
30790007802000;46;22;24;34,7
30790007805000;1;1;0;0,0
30790007807000;68;35;33;39,1
30790007808000;155;83;72;33,9
30790007815000;2;1;1;0,0
30790007867000;2;2;0;0,0
30800007772000;1;1;0;0,0
30800007776000;4;1;3;0,0
30800007782000;9;5;4;29,6
30800007783000;18;10;8;28,8
30800007801000;3;0;3;0,0
30800007802000;97;47;50;42,2
30800007804000;4;2;2;0,0
30800007805000;2;1;1;0,0
30800007806000;14;7;7;47,9
30800007807000;3;2;1;0,0
30800007808000;13;9;4;44,5
30800007812000;6;3;3;48,2
30800007867000;1;1;0;0,0
30810007776000;3;2;1;0,0
30810007779000;4;2;2;0,0
30810007780000;2;1;1;0,0
30810007781000;2;1;1;0,0
30810007782000;4;1;3;0,0
30810007789000;3;1;2;0,0
30810007790000;1;1;0;0,0
30810007801000;1;1;0;0,0
30810007802000;26;13;13;39,0
30810007812000;5;2;3;64,0
30810007813000;2;1;1;0,0
30820007772000;1;0;1;0,0
30820007773000;20;10;10;49,2
30820007774000;4;2;2;0,0
30820007775000;6;3;3;38,8
30820007778000;9;4;5;27,3
30820007779000;10;4;6;35,6
30820007780000;4;2;2;0,0
30820007781000;6;2;4;16,0
30820007782000;6;4;2;44,2
30820007788000;6;4;2;49,2
30820007789000;9;5;4;47,7
30820007802000;27;11;16;39,1
30830007774000;1;0;1;0,0
30830007777000;41;20;21;39,0
30830007778000;36;19;17;54,3
30830007782000;2;2;0;0,0
30830007783000;11;6;5;45,1
30830007787000;16;9;7;38,6
30830007789000;3;1;2;0,0
30830007790000;5;3;2;41,8
30830007801000;1;0;1;0,0
30830007802000;4;2;2;0,0
30840007776000;15;8;7;37,1
30840007777000;58;22;36;29,9
30840007778000;12;9;3;33,3
30840007779000;4;3;1;0,0
30840007783000;24;13;11;39,6
30840007784000;14;8;6;23,4
30840007785000;1;0;1;0,0
30840007786000;11;5;6;37,5
30840007801000;8;3;5;43,0
30850007779000;13;5;8;43,4
30850007780000;4;2;2;0,0
30850007782000;2;1;1;0,0
30850007783000;7;4;3;45,7
30850007801000;3;2;1;0,0
30860007787000;5;3;2;41,6
30860007802000;6;4;2;22,3
30870007801000;6;3;3;22,5
30870007802000;16;6;10;23,8
30870007804000;5;2;3;45,4
30880007803000;22;10;12;52,5
30880007804000;3;2;1;0,0
30890007803000;21;16;5;43,0
30890007804000;13;6;7;39,6
30900007803000;23;10;13;51,1
30900007804000;1;1;0;0,0
30900007805000;4;1;3;0,0
30910007803000;21;11;10;39,4
30910007804000;5;3;2;47,6
30910007805000;2;1;1;0,0
30910007811000;3;2;1;0,0
30910007873000;1;0;1;0,0
30920007802000;10;6;4;34,4
30920007803000;3;1;2;0,0
30920007804000;12;5;7;53,5
30920007805000;2;1;1;0,0
30920007811000;5;3;2;23,4
30920007812000;9;6;3;60,9
30930007802000;5;2;3;47,8
30930007804000;10;6;4;50,3
30930007805000;16;7;9;41,4
30930007806000;29;16;13;45,1
30930007807000;1;0;1;0,0
30930007808000;4;2;2;0,0
30930007874000;2;1;1;0,0
30940007807000;7;3;4;38,7
30940007874000;7;2;5;57,9
30940007888000;3;2;1;0,0
30950007876000;25;14;11;47,8
30960007876000;185;103;82;46,9
30960007887000;394;200;194;42,3
30970007886000;316;156;160;43,9
30970007887000;868;469;399;44,9
30980007886000;187;105;82;43,4
30980007887000;135;67;68;41,4
